EndNode1[0]<--->Repeater1[0]
REAL
   0.398413 -0.00876312 -0.00271126    0.328608
-0.00876312    0.089026  0.00165886 -0.00556841
-0.00271126  0.00165886   0.0987219  0.00094343
   0.328608 -0.00556841  0.00094343    0.413839
IMAGINARY
           0   0.00876419  -0.00605368  -0.00294366
 -0.00876419            0   -0.0131124 -0.000480791
  0.00605368    0.0131124            0  -0.00673625
  0.00294366  0.000480791   0.00673625            0
EndNode2[0]<--->HoM1[0]
REAL
  0.405963  0.0148282  0.0143407   0.328412
 0.0148282  0.0862385 0.00217584 0.00565931
 0.0143407 0.00217584  0.0825688 0.00987769
  0.328412 0.00565931 0.00987769   0.425229
IMAGINARY
          0   -0.013068  0.00380294 -0.00439093
   0.013068           0   0.0087846  0.00845513
-0.00380294  -0.0087846           0 -0.00349115
 0.00439093 -0.00845513  0.00349115           0
Repeater1[0]<--->EndNode1[0]
REAL
   0.398413 -0.00271126 -0.00876312    0.328608
-0.00271126   0.0987219  0.00165886  0.00094343
-0.00876312  0.00165886    0.089026 -0.00556841
   0.328608  0.00094343 -0.00556841    0.413839
IMAGINARY
           0  -0.00605368   0.00876419  -0.00294366
  0.00605368            0    0.0131124  -0.00673625
 -0.00876419   -0.0131124            0 -0.000480791
  0.00294366   0.00673625  0.000480791            0
Repeater1[0]<--->HoM1[0]
REAL
  0.405963  0.0143407  0.0148282   0.328412
 0.0143407  0.0825688 0.00217584 0.00987769
 0.0148282 0.00217584  0.0862385 0.00565931
  0.328412 0.00987769 0.00565931   0.425229
IMAGINARY
          0  0.00380294   -0.013068 -0.00439093
-0.00380294           0  -0.0087846 -0.00349115
   0.013068   0.0087846           0  0.00845513
 0.00439093  0.00349115 -0.00845513           0
EndNode1[0]<--->Repeater1[0]
REAL
    0.406569  -0.00845855   -0.0105767     0.324556
 -0.00845855    0.0869951 -0.000181571   -0.0116661
  -0.0105767 -0.000181571    0.0892144  -0.00868696
    0.324556   -0.0116661  -0.00868696     0.417221
IMAGINARY
          0   0.0138923  0.00570536   0.0106655
 -0.0138923           0   0.0113552  -0.0127798
-0.00570536  -0.0113552           0  0.00504879
 -0.0106655   0.0127798 -0.00504879           0
EndNode2[0]<--->HoM1[0]
REAL
   0.417485 -0.00537875   0.0151664    0.317378
-0.00537875   0.0930341  0.00147841  -0.0044724
  0.0151664  0.00147841    0.083684  0.00865243
   0.317378  -0.0044724  0.00865243    0.405797
IMAGINARY
          0  0.00251031 -0.00832995  -0.0040224
-0.00251031           0 -0.00905964   0.0015889
 0.00832995  0.00905964           0 -0.00134806
  0.0040224  -0.0015889  0.00134806           0
Repeater1[0]<--->EndNode1[0]
REAL
    0.406569   -0.0105767  -0.00845855     0.324556
  -0.0105767    0.0892144 -0.000181571  -0.00868696
 -0.00845855 -0.000181571    0.0869951   -0.0116661
    0.324556  -0.00868696   -0.0116661     0.417221
IMAGINARY
          0  0.00570536   0.0138923   0.0106655
-0.00570536           0  -0.0113552  0.00504879
 -0.0138923   0.0113552           0  -0.0127798
 -0.0106655 -0.00504879   0.0127798           0
Repeater1[0]<--->HoM1[0]
REAL
   0.417485   0.0151664 -0.00537875    0.317378
  0.0151664    0.083684  0.00147841  0.00865243
-0.00537875  0.00147841   0.0930341  -0.0044724
   0.317378  0.00865243  -0.0044724    0.405797
IMAGINARY
          0 -0.00832995  0.00251031  -0.0040224
 0.00832995           0  0.00905964 -0.00134806
-0.00251031 -0.00905964           0   0.0015889
  0.0040224  0.00134806  -0.0015889           0
EndNode1[0]<--->Repeater1[0]
REAL
   0.423965   0.0138264   0.0131957    0.320697
  0.0138264   0.0897603 -0.00210477 -0.00191415
  0.0131957 -0.00210477   0.0814815 -0.00164225
   0.320697 -0.00191415 -0.00164225    0.404793
IMAGINARY
           0   0.00872282   -0.0104701  0.000799972
 -0.00872282            0  -0.00125576  -0.00124002
   0.0104701   0.00125576            0   0.00961567
-0.000799972   0.00124002  -0.00961567            0
EndNode2[0]<--->HoM1[0]
REAL
    0.408885   0.00558176   0.00670037     0.327766
  0.00558176    0.0906618   0.00762511 -0.000527526
  0.00670037   0.00762511    0.0883953   0.00242007
    0.327766 -0.000527526   0.00242007     0.412058
IMAGINARY
          0  0.00433423   0.0081774  0.00215748
-0.00433423           0   0.0041946  0.00677422
 -0.0081774  -0.0041946           0  0.00929813
-0.00215748 -0.00677422 -0.00929813           0
Repeater1[0]<--->EndNode1[0]
REAL
   0.423965   0.0131957   0.0138264    0.320697
  0.0131957   0.0814815 -0.00210477 -0.00164225
  0.0138264 -0.00210477   0.0897603 -0.00191415
   0.320697 -0.00164225 -0.00191415    0.404793
IMAGINARY
           0   -0.0104701   0.00872282  0.000799972
   0.0104701            0   0.00125576   0.00961567
 -0.00872282  -0.00125576            0  -0.00124002
-0.000799972  -0.00961567   0.00124002            0
Repeater1[0]<--->HoM1[0]
REAL
    0.408885   0.00670037   0.00558176     0.327766
  0.00670037    0.0883953   0.00762511   0.00242007
  0.00558176   0.00762511    0.0906618 -0.000527526
    0.327766   0.00242007 -0.000527526     0.412058
IMAGINARY
          0   0.0081774  0.00433423  0.00215748
 -0.0081774           0  -0.0041946  0.00929813
-0.00433423   0.0041946           0  0.00677422
-0.00215748 -0.00929813 -0.00677422           0
EndNode1[0]<--->Repeater1[0]
REAL
   0.411498   -0.010547 -0.00481018    0.316048
  -0.010547   0.0823902 -0.00234063     0.00941
-0.00481018 -0.00234063   0.0837483  0.00272732
   0.316048     0.00941  0.00272732    0.422363
IMAGINARY
          0  -0.0129446  0.00744142  0.00513037
  0.0129446           0  0.00625397 -0.00584834
-0.00744142 -0.00625397           0 -0.00366897
-0.00513037  0.00584834  0.00366897           0
EndNode2[0]<--->HoM1[0]
REAL
    0.42045 -0.00245237  0.00332848     0.31888
-0.00245237   0.0837373 -0.00948165  -0.0101357
 0.00332848 -0.00948165   0.0881446   0.0035503
    0.31888  -0.0101357   0.0035503    0.407669
IMAGINARY
           0   0.00608077 -0.000181429    -0.021818
 -0.00608077            0   -0.0028596   0.00729478
 0.000181429    0.0028596            0   0.00608077
    0.021818  -0.00729478  -0.00608077            0
Repeater1[0]<--->EndNode1[0]
REAL
   0.411498 -0.00481018   -0.010547    0.316048
-0.00481018   0.0837483 -0.00234063  0.00272732
  -0.010547 -0.00234063   0.0823902     0.00941
   0.316048  0.00272732     0.00941    0.422363
IMAGINARY
          0  0.00744142  -0.0129446  0.00513037
-0.00744142           0 -0.00625397 -0.00366897
  0.0129446  0.00625397           0 -0.00584834
-0.00513037  0.00366897  0.00584834           0
Repeater1[0]<--->HoM1[0]
REAL
    0.42045  0.00332848 -0.00245237     0.31888
 0.00332848   0.0881446 -0.00948165   0.0035503
-0.00245237 -0.00948165   0.0837373  -0.0101357
    0.31888   0.0035503  -0.0101357    0.407669
IMAGINARY
           0 -0.000181429   0.00608077    -0.021818
 0.000181429            0    0.0028596   0.00608077
 -0.00608077   -0.0028596            0   0.00729478
    0.021818  -0.00608077  -0.00729478            0
EndNode1[0]<--->Repeater1[0]
REAL
   0.431667 -0.00608077  0.00304506    0.330381
-0.00608077   0.0804954  0.00693291  -0.0109315
 0.00304506  0.00693291   0.0866873 -0.00946677
   0.330381  -0.0109315 -0.00946677     0.40115
IMAGINARY
           0    0.0014523  -0.00312269 -0.000545556
  -0.0014523            0  -0.00168659  -0.00400375
  0.00312269   0.00168659            0    0.0102718
 0.000545556   0.00400375   -0.0102718            0
EndNode2[0]<--->HoM1[0]
REAL
   0.408015 -0.00358555  0.00123031    0.332408
-0.00358555    0.103825  0.00144677  0.00256602
 0.00123031  0.00144677   0.0846995  0.00202235
   0.332408  0.00256602  0.00202235    0.403461
IMAGINARY
           0   -0.0143521  0.000140661 -0.000145961
   0.0143521            0   0.00673987  -0.00325454
-0.000140661  -0.00673987            0   0.00145179
 0.000145961   0.00325454  -0.00145179            0
Repeater1[0]<--->EndNode1[0]
REAL
   0.431667  0.00304506 -0.00608077    0.330381
 0.00304506   0.0866873  0.00693291 -0.00946677
-0.00608077  0.00693291   0.0804954  -0.0109315
   0.330381 -0.00946677  -0.0109315     0.40115
IMAGINARY
           0  -0.00312269    0.0014523 -0.000545556
  0.00312269            0   0.00168659    0.0102718
  -0.0014523  -0.00168659            0  -0.00400375
 0.000545556   -0.0102718   0.00400375            0
Repeater1[0]<--->HoM1[0]
REAL
   0.408015  0.00123031 -0.00358555    0.332408
 0.00123031   0.0846995  0.00144677  0.00202235
-0.00358555  0.00144677    0.103825  0.00256602
   0.332408  0.00202235  0.00256602    0.403461
IMAGINARY
           0  0.000140661   -0.0143521 -0.000145961
-0.000140661            0  -0.00673987   0.00145179
   0.0143521   0.00673987            0  -0.00325454
 0.000145961  -0.00145179   0.00325454            0
EndNode1[0]<--->Repeater1[0]
REAL
   0.420183  0.00724954 0.000718874    0.336429
 0.00724954   0.0821101  0.00369361    0.017459
0.000718874  0.00369361   0.0816514   0.0104903
   0.336429    0.017459   0.0104903    0.416055
IMAGINARY
          0  -0.0103564  0.00649744  -0.0108136
  0.0103564           0 -0.00500484  0.00471332
-0.00649744  0.00500484           0  0.00318151
  0.0108136 -0.00471332 -0.00318151           0
EndNode2[0]<--->HoM1[0]
REAL
   0.407202 -0.00228116 -0.00556486    0.319123
-0.00228116   0.0992613 -0.00379361  -0.0013827
-0.00556486 -0.00379361   0.0891043  0.00519465
   0.319123  -0.0013827  0.00519465    0.404432
IMAGINARY
          0 -0.00276155  -0.0093456  -0.0116867
 0.00276155           0  -0.0039383 -0.00844954
  0.0093456   0.0039383           0  0.00406364
  0.0116867  0.00844954 -0.00406364           0
Repeater1[0]<--->EndNode1[0]
REAL
   0.420183 0.000718874  0.00724954    0.336429
0.000718874   0.0816514  0.00369361   0.0104903
 0.00724954  0.00369361   0.0821101    0.017459
   0.336429   0.0104903    0.017459    0.416055
IMAGINARY
          0  0.00649744  -0.0103564  -0.0108136
-0.00649744           0  0.00500484  0.00318151
  0.0103564 -0.00500484           0  0.00471332
  0.0108136 -0.00318151 -0.00471332           0
Repeater1[0]<--->HoM1[0]
REAL
   0.407202 -0.00556486 -0.00228116    0.319123
-0.00556486   0.0891043 -0.00379361  0.00519465
-0.00228116 -0.00379361   0.0992613  -0.0013827
   0.319123  0.00519465  -0.0013827    0.404432
IMAGINARY
          0  -0.0093456 -0.00276155  -0.0116867
  0.0093456           0   0.0039383  0.00406364
 0.00276155  -0.0039383           0 -0.00844954
  0.0116867 -0.00406364  0.00844954           0
EndNode1[0]<--->Repeater1[0]
REAL
    0.41158  0.00578968  0.00344786    0.325315
 0.00578968   0.0888689 -0.00145666  0.00167795
 0.00344786 -0.00145666   0.0794434  0.00399596
   0.325315  0.00167795  0.00399596    0.420108
IMAGINARY
           0  0.000566372   0.00196052   -0.0103019
-0.000566372            0   0.00846194    0.0155373
 -0.00196052  -0.00846194            0   -0.0075655
   0.0103019   -0.0155373    0.0075655            0
EndNode2[0]<--->HoM1[0]
REAL
   0.408235 -0.00235722 5.10951e-05    0.321029
-0.00235722   0.0827858  0.00480577 -0.00873706
5.10951e-05  0.00480577   0.0928603 -0.00677418
   0.321029 -0.00873706 -0.00677418    0.416119
IMAGINARY
           0  -0.00650153 -0.000409726   0.00419152
  0.00650153            0    0.0104415   0.00774245
 0.000409726   -0.0104415            0   0.00329346
 -0.00419152  -0.00774245  -0.00329346            0
Repeater1[0]<--->EndNode1[0]
REAL
    0.41158  0.00344786  0.00578968    0.325315
 0.00344786   0.0794434 -0.00145666  0.00399596
 0.00578968 -0.00145666   0.0888689  0.00167795
   0.325315  0.00399596  0.00167795    0.420108
IMAGINARY
           0   0.00196052  0.000566372   -0.0103019
 -0.00196052            0  -0.00846194   -0.0075655
-0.000566372   0.00846194            0    0.0155373
   0.0103019    0.0075655   -0.0155373            0
Repeater1[0]<--->HoM1[0]
REAL
   0.408235 5.10951e-05 -0.00235722    0.321029
5.10951e-05   0.0928603  0.00480577 -0.00677418
-0.00235722  0.00480577   0.0827858 -0.00873706
   0.321029 -0.00677418 -0.00873706    0.416119
IMAGINARY
           0 -0.000409726  -0.00650153   0.00419152
 0.000409726            0   -0.0104415   0.00329346
  0.00650153    0.0104415            0   0.00774245
 -0.00419152  -0.00329346  -0.00774245            0
EndNode1[0]<--->Repeater1[0]
REAL
    0.40497  0.00261321 -0.00243437    0.316492
 0.00261321   0.0971008 -0.00379918 -0.00131178
-0.00243437 -0.00379918   0.0888173 -0.00415574
   0.316492 -0.00131178 -0.00415574    0.409112
IMAGINARY
          0  0.00874177 -0.00300727 -0.00671053
-0.00874177           0   -0.011775  -0.0110965
 0.00300727    0.011775           0  0.00399708
 0.00671053   0.0110965 -0.00399708           0
EndNode2[0]<--->HoM1[0]
REAL
  0.407658  0.0062679 -0.0162026   0.324255
 0.0062679  0.0851351 0.00652109 0.00762857
-0.0162026 0.00652109  0.0887387 -0.0116831
  0.324255 0.00762857 -0.0116831   0.418468
IMAGINARY
           0     0.012643   0.00969917   0.00939898
   -0.012643            0  -0.00478217   0.00172045
 -0.00969917   0.00478217            0  0.000567896
 -0.00939898  -0.00172045 -0.000567896            0
Repeater1[0]<--->EndNode1[0]
REAL
    0.40497 -0.00243437  0.00261321    0.316492
-0.00243437   0.0888173 -0.00379918 -0.00415574
 0.00261321 -0.00379918   0.0971008 -0.00131178
   0.316492 -0.00415574 -0.00131178    0.409112
IMAGINARY
          0 -0.00300727  0.00874177 -0.00671053
 0.00300727           0    0.011775  0.00399708
-0.00874177   -0.011775           0  -0.0110965
 0.00671053 -0.00399708   0.0110965           0
Repeater1[0]<--->HoM1[0]
REAL
  0.407658 -0.0162026  0.0062679   0.324255
-0.0162026  0.0887387 0.00652109 -0.0116831
 0.0062679 0.00652109  0.0851351 0.00762857
  0.324255 -0.0116831 0.00762857   0.418468
IMAGINARY
           0   0.00969917     0.012643   0.00939898
 -0.00969917            0   0.00478217  0.000567896
   -0.012643  -0.00478217            0   0.00172045
 -0.00939898 -0.000567896  -0.00172045            0
EndNode1[0]<--->Repeater1[0]
REAL
    0.42379    0.012403 -0.00366993    0.324795
   0.012403   0.0854817  0.00632641  0.00572943
-0.00366993  0.00632641    0.085934  0.00750544
   0.324795  0.00572943  0.00750544    0.404794
IMAGINARY
           0  -0.00805665   0.00154025  -0.00499031
  0.00805665            0   0.00453782   -0.0119006
 -0.00154025  -0.00453782            0 -5.14578e-05
  0.00499031    0.0119006  5.14578e-05            0
EndNode2[0]<--->HoM1[0]
REAL
   0.407084  0.00548649  0.00405597    0.321754
 0.00548649   0.0804547 -0.00231589 -0.00106196
 0.00405597 -0.00231589   0.0975077 -0.00986235
   0.321754 -0.00106196 -0.00986235    0.414954
IMAGINARY
          0  -0.0109054  0.00210352  -0.0127818
  0.0109054           0 -0.00242478  0.00777246
-0.00210352  0.00242478           0  0.00240752
  0.0127818 -0.00777246 -0.00240752           0
Repeater1[0]<--->EndNode1[0]
REAL
    0.42379 -0.00366993    0.012403    0.324795
-0.00366993    0.085934  0.00632641  0.00750544
   0.012403  0.00632641   0.0854817  0.00572943
   0.324795  0.00750544  0.00572943    0.404794
IMAGINARY
           0   0.00154025  -0.00805665  -0.00499031
 -0.00154025            0  -0.00453782 -5.14578e-05
  0.00805665   0.00453782            0   -0.0119006
  0.00499031  5.14578e-05    0.0119006            0
Repeater1[0]<--->HoM1[0]
REAL
   0.407084  0.00405597  0.00548649    0.321754
 0.00405597   0.0975077 -0.00231589 -0.00986235
 0.00548649 -0.00231589   0.0804547 -0.00106196
   0.321754 -0.00986235 -0.00106196    0.414954
IMAGINARY
          0  0.00210352  -0.0109054  -0.0127818
-0.00210352           0  0.00242478  0.00240752
  0.0109054 -0.00242478           0  0.00777246
  0.0127818 -0.00240752 -0.00777246           0
EndNode1[0]<--->Repeater1[0]
REAL
    0.40494  -0.0166098  -0.0064902    0.335019
 -0.0166098   0.0842523 -0.00875922 0.000743073
 -0.0064902 -0.00875922   0.0979268 -0.00195781
   0.335019 0.000743073 -0.00195781     0.41288
IMAGINARY
          0  -0.0143052 -0.00514534  0.00448665
  0.0143052           0  0.00285647  0.00605361
 0.00514534 -0.00285647           0 -0.00749319
-0.00448665 -0.00605361  0.00749319           0
EndNode2[0]<--->HoM1[0]
REAL
   0.413586  0.00346144  0.00601447    0.321763
 0.00346144    0.090573 0.000160729 -0.00265876
 0.00601447 0.000160729   0.0854898  0.00257883
   0.321763 -0.00265876  0.00257883    0.410351
IMAGINARY
          0  0.00920424  0.00409217  0.00579084
-0.00920424           0   0.0127446  0.00498264
-0.00409217  -0.0127446           0 -0.00809756
-0.00579084 -0.00498264  0.00809756           0
Repeater1[0]<--->EndNode1[0]
REAL
    0.40494  -0.0064902  -0.0166098    0.335019
 -0.0064902   0.0979268 -0.00875922 -0.00195781
 -0.0166098 -0.00875922   0.0842523 0.000743073
   0.335019 -0.00195781 0.000743073     0.41288
IMAGINARY
          0 -0.00514534  -0.0143052  0.00448665
 0.00514534           0 -0.00285647 -0.00749319
  0.0143052  0.00285647           0  0.00605361
-0.00448665  0.00749319 -0.00605361           0
Repeater1[0]<--->HoM1[0]
REAL
   0.413586  0.00601447  0.00346144    0.321763
 0.00601447   0.0854898 0.000160729  0.00257883
 0.00346144 0.000160729    0.090573 -0.00265876
   0.321763  0.00257883 -0.00265876    0.410351
IMAGINARY
          0  0.00409217  0.00920424  0.00579084
-0.00409217           0  -0.0127446 -0.00809756
-0.00920424   0.0127446           0  0.00498264
-0.00579084  0.00809756 -0.00498264           0
EndNode1[0]<--->Repeater1[0]
REAL
    0.405566   0.00137928  -0.00563814     0.316337
  0.00137928    0.0912409 -0.000987534   0.00496094
 -0.00563814 -0.000987534    0.0985401   0.00561846
    0.316337   0.00496094   0.00561846     0.404653
IMAGINARY
          0  0.00213922  0.00271955  0.00324048
-0.00213922           0 -0.00486763  0.00491061
-0.00271955  0.00486763           0  -0.0111159
-0.00324048 -0.00491061   0.0111159           0
EndNode2[0]<--->HoM1[0]
REAL
   0.408588 -0.00109725  0.00580077    0.326222
-0.00109725   0.0934042  0.00274401  0.00224521
 0.00580077  0.00274401    0.085436   0.0128214
   0.326222  0.00224521   0.0128214    0.412572
IMAGINARY
          0 -0.00378139  0.00569398  0.00450166
 0.00378139           0  0.00907623 -0.00437006
-0.00569398 -0.00907623           0  0.00245747
-0.00450166  0.00437006 -0.00245747           0
Repeater1[0]<--->EndNode1[0]
REAL
    0.405566  -0.00563814   0.00137928     0.316337
 -0.00563814    0.0985401 -0.000987534   0.00561846
  0.00137928 -0.000987534    0.0912409   0.00496094
    0.316337   0.00561846   0.00496094     0.404653
IMAGINARY
          0  0.00271955  0.00213922  0.00324048
-0.00271955           0  0.00486763  -0.0111159
-0.00213922 -0.00486763           0  0.00491061
-0.00324048   0.0111159 -0.00491061           0
Repeater1[0]<--->HoM1[0]
REAL
   0.408588  0.00580077 -0.00109725    0.326222
 0.00580077    0.085436  0.00274401   0.0128214
-0.00109725  0.00274401   0.0934042  0.00224521
   0.326222   0.0128214  0.00224521    0.412572
IMAGINARY
          0  0.00569398 -0.00378139  0.00450166
-0.00569398           0 -0.00907623  0.00245747
 0.00378139  0.00907623           0 -0.00437006
-0.00450166 -0.00245747  0.00437006           0
EndNode1[0]<--->Repeater1[0]
REAL
   0.416817  -0.0106162   0.0055625    0.327761
 -0.0106162   0.0921763 -0.00423172 -0.00893026
  0.0055625 -0.00423172   0.0827338  0.00230902
   0.327761 -0.00893026  0.00230902    0.408273
IMAGINARY
           0   0.00361959 -0.000206409   0.00716991
 -0.00361959            0 -0.000794687    -0.019454
 0.000206409  0.000794687            0    0.0133599
 -0.00716991     0.019454   -0.0133599            0
EndNode2[0]<--->HoM1[0]
REAL
   0.413418   0.0050327  0.00368662    0.323279
  0.0050327   0.0825023  0.00798962 -0.00304587
 0.00368662  0.00798962   0.0838622  0.00457857
   0.323279 -0.00304587  0.00457857    0.420218
IMAGINARY
          0  0.00995131 -0.00999792  0.00998348
-0.00995131           0 -0.00172823  -0.0070149
 0.00999792  0.00172823           0  0.00617772
-0.00998348   0.0070149 -0.00617772           0
Repeater1[0]<--->EndNode1[0]
REAL
   0.416817   0.0055625  -0.0106162    0.327761
  0.0055625   0.0827338 -0.00423172  0.00230902
 -0.0106162 -0.00423172   0.0921763 -0.00893026
   0.327761  0.00230902 -0.00893026    0.408273
IMAGINARY
           0 -0.000206409   0.00361959   0.00716991
 0.000206409            0  0.000794687    0.0133599
 -0.00361959 -0.000794687            0    -0.019454
 -0.00716991   -0.0133599     0.019454            0
Repeater1[0]<--->HoM1[0]
REAL
   0.413418  0.00368662   0.0050327    0.323279
 0.00368662   0.0838622  0.00798962  0.00457857
  0.0050327  0.00798962   0.0825023 -0.00304587
   0.323279  0.00457857 -0.00304587    0.420218
IMAGINARY
          0 -0.00999792  0.00995131  0.00998348
 0.00999792           0  0.00172823  0.00617772
-0.00995131 -0.00172823           0  -0.0070149
-0.00998348 -0.00617772   0.0070149           0
EndNode1[0]<--->Repeater1[0]
REAL
   0.399553  0.00381627  0.00846267     0.32288
 0.00381627   0.0814318 -0.00864687  0.00493844
 0.00846267 -0.00864687   0.0997763 -0.00889945
    0.32288  0.00493844 -0.00889945    0.419239
IMAGINARY
           0    0.0108058 -0.000251761   0.00593442
  -0.0108058            0   0.00708174  -0.00742665
 0.000251761  -0.00708174            0  -0.00719244
 -0.00593442   0.00742665   0.00719244            0
EndNode2[0]<--->HoM1[0]
REAL
   0.406869 -0.00396631 -0.00249787    0.316352
-0.00396631   0.0832232 0.000270475   0.0143712
-0.00249787 0.000270475   0.0797006  0.00572532
   0.316352   0.0143712  0.00572532    0.430207
IMAGINARY
           0  -0.00306055   0.00330229    0.0127376
  0.00306055            0  0.000951529   -0.0124094
 -0.00330229 -0.000951529            0    0.0166101
  -0.0127376    0.0124094   -0.0166101            0
Repeater1[0]<--->EndNode1[0]
REAL
   0.399553  0.00846267  0.00381627     0.32288
 0.00846267   0.0997763 -0.00864687 -0.00889945
 0.00381627 -0.00864687   0.0814318  0.00493844
    0.32288 -0.00889945  0.00493844    0.419239
IMAGINARY
           0 -0.000251761    0.0108058   0.00593442
 0.000251761            0  -0.00708174  -0.00719244
  -0.0108058   0.00708174            0  -0.00742665
 -0.00593442   0.00719244   0.00742665            0
Repeater1[0]<--->HoM1[0]
REAL
   0.406869 -0.00249787 -0.00396631    0.316352
-0.00249787   0.0797006 0.000270475  0.00572532
-0.00396631 0.000270475   0.0832232   0.0143712
   0.316352  0.00572532   0.0143712    0.430207
IMAGINARY
           0   0.00330229  -0.00306055    0.0127376
 -0.00330229            0 -0.000951529    0.0166101
  0.00306055  0.000951529            0   -0.0124094
  -0.0127376   -0.0166101    0.0124094            0
EndNode1[0]<--->Repeater1[0]
REAL
   0.410747 -0.00845855  0.00278337     0.32542
-0.00845855    0.082878 -0.00165461 -0.00567611
 0.00278337 -0.00165461   0.0796903   0.0020055
    0.32542 -0.00567611   0.0020055    0.426685
IMAGINARY
           0  -0.00385035    0.0117934  6.93967e-05
  0.00385035            0  -0.00349249  -0.00786322
  -0.0117934   0.00349249            0  -0.00269987
-6.93967e-05   0.00786322   0.00269987            0
EndNode2[0]<--->HoM1[0]
REAL
  0.405699  0.0149564 0.00536643   0.325207
 0.0149564  0.0940751 -0.0121771 -0.0033584
0.00536643 -0.0121771  0.0850294 -0.0178569
  0.325207 -0.0033584 -0.0178569   0.415197
IMAGINARY
           0    0.0077331    0.0160293  -0.00195587
  -0.0077331            0  -0.00726274  0.000541588
  -0.0160293   0.00726274            0  -0.00927972
  0.00195587 -0.000541588   0.00927972            0
Repeater1[0]<--->EndNode1[0]
REAL
   0.410747  0.00278337 -0.00845855     0.32542
 0.00278337   0.0796903 -0.00165461   0.0020055
-0.00845855 -0.00165461    0.082878 -0.00567611
    0.32542   0.0020055 -0.00567611    0.426685
IMAGINARY
           0    0.0117934  -0.00385035  6.93967e-05
  -0.0117934            0   0.00349249  -0.00269987
  0.00385035  -0.00349249            0  -0.00786322
-6.93967e-05   0.00269987   0.00786322            0
Repeater1[0]<--->HoM1[0]
REAL
  0.405699 0.00536643  0.0149564   0.325207
0.00536643  0.0850294 -0.0121771 -0.0178569
 0.0149564 -0.0121771  0.0940751 -0.0033584
  0.325207 -0.0178569 -0.0033584   0.415197
IMAGINARY
           0    0.0160293    0.0077331  -0.00195587
  -0.0160293            0   0.00726274  -0.00927972
  -0.0077331  -0.00726274            0  0.000541588
  0.00195587   0.00927972 -0.000541588            0
EndNode1[0]<--->Repeater1[0]
REAL
  0.410117 0.00737767 0.00429695   0.320928
0.00737767  0.0853659 -0.0102184 0.00298346
0.00429695 -0.0102184  0.0867209  -0.005264
  0.320928 0.00298346  -0.005264   0.417796
IMAGINARY
          0   0.0228564 -0.00383813    0.006086
 -0.0228564           0  -0.0140436 -0.00272355
 0.00383813   0.0140436           0 -0.00229643
  -0.006086  0.00272355  0.00229643           0
EndNode2[0]<--->HoM1[0]
REAL
   0.407092   0.0110686  0.00144903    0.328222
  0.0110686   0.0861759  0.00851267  -0.0107461
 0.00144903  0.00851267   0.0956014 -0.00766727
   0.328222  -0.0107461 -0.00766727    0.411131
IMAGINARY
          0 -0.00846629  0.00294063  0.00542137
 0.00846629           0  0.00432919  0.00069243
-0.00294063 -0.00432919           0 -0.00470356
-0.00542137 -0.00069243  0.00470356           0
Repeater1[0]<--->EndNode1[0]
REAL
  0.410117 0.00429695 0.00737767   0.320928
0.00429695  0.0867209 -0.0102184  -0.005264
0.00737767 -0.0102184  0.0853659 0.00298346
  0.320928  -0.005264 0.00298346   0.417796
IMAGINARY
          0 -0.00383813   0.0228564    0.006086
 0.00383813           0   0.0140436 -0.00229643
 -0.0228564  -0.0140436           0 -0.00272355
  -0.006086  0.00229643  0.00272355           0
Repeater1[0]<--->HoM1[0]
REAL
   0.407092  0.00144903   0.0110686    0.328222
 0.00144903   0.0956014  0.00851267 -0.00766727
  0.0110686  0.00851267   0.0861759  -0.0107461
   0.328222 -0.00766727  -0.0107461    0.411131
IMAGINARY
          0  0.00294063 -0.00846629  0.00542137
-0.00294063           0 -0.00432919 -0.00470356
 0.00846629  0.00432919           0  0.00069243
-0.00542137  0.00470356 -0.00069243           0
EndNode1[0]<--->Repeater1[0]
REAL
   0.396999 -0.00983561  0.00190232    0.326563
-0.00983561   0.0841291 -0.00342778  0.00278727
 0.00190232 -0.00342778    0.097317  0.00112636
   0.326563  0.00278727  0.00112636    0.421555
IMAGINARY
           0   0.00649764  0.000958377  -0.00745049
 -0.00649764            0  -0.00320753   0.00542266
-0.000958377   0.00320753            0  -0.00513027
  0.00745049  -0.00542266   0.00513027            0
EndNode2[0]<--->HoM1[0]
REAL
    0.392694 -0.000109562  -0.00817552     0.326492
-0.000109562    0.0872146   0.00736198   0.00482581
 -0.00817552   0.00736198    0.0894977  -0.00949294
    0.326492   0.00482581  -0.00949294     0.430594
IMAGINARY
          0  0.00351723  0.00419301   0.0103659
-0.00351723           0 -0.00246632 -0.00462779
-0.00419301  0.00246632           0 -0.00395201
 -0.0103659  0.00462779  0.00395201           0
Repeater1[0]<--->EndNode1[0]
REAL
   0.396999  0.00190232 -0.00983561    0.326563
 0.00190232    0.097317 -0.00342778  0.00112636
-0.00983561 -0.00342778   0.0841291  0.00278727
   0.326563  0.00112636  0.00278727    0.421555
IMAGINARY
           0  0.000958377   0.00649764  -0.00745049
-0.000958377            0   0.00320753  -0.00513027
 -0.00649764  -0.00320753            0   0.00542266
  0.00745049   0.00513027  -0.00542266            0
Repeater1[0]<--->HoM1[0]
REAL
    0.392694  -0.00817552 -0.000109562     0.326492
 -0.00817552    0.0894977   0.00736198  -0.00949294
-0.000109562   0.00736198    0.0872146   0.00482581
    0.326492  -0.00949294   0.00482581     0.430594
IMAGINARY
          0  0.00419301  0.00351723   0.0103659
-0.00419301           0  0.00246632 -0.00395201
-0.00351723 -0.00246632           0 -0.00462779
 -0.0103659  0.00395201  0.00462779           0
EndNode1[0]<--->Repeater1[0]
REAL
    0.401008   0.00750499   0.00939614     0.318844
  0.00750499    0.0861595   0.00682405 -0.000416729
  0.00939614   0.00682405    0.0852429   0.00497858
    0.318844 -0.000416729   0.00497858     0.427589
IMAGINARY
           0  -0.00820887   0.00159706  -0.00635494
  0.00820887            0  2.02919e-05   0.00540701
 -0.00159706 -2.02919e-05            0  -0.00150645
  0.00635494  -0.00540701   0.00150645            0
EndNode2[0]<--->HoM1[0]
REAL
   0.420053  0.00280675 -9.2296e-05     0.32829
 0.00280675   0.0940813 -0.00376077  -0.0107024
-9.2296e-05 -0.00376077   0.0812721  0.00660988
    0.32829  -0.0107024  0.00660988    0.404594
IMAGINARY
           0   0.00601208   0.00578264    -0.010416
 -0.00601208            0   0.00149967  -0.00691438
 -0.00578264  -0.00149967            0 -0.000806103
    0.010416   0.00691438  0.000806103            0
Repeater1[0]<--->EndNode1[0]
REAL
    0.401008   0.00939614   0.00750499     0.318844
  0.00939614    0.0852429   0.00682405   0.00497858
  0.00750499   0.00682405    0.0861595 -0.000416729
    0.318844   0.00497858 -0.000416729     0.427589
IMAGINARY
           0   0.00159706  -0.00820887  -0.00635494
 -0.00159706            0 -2.02919e-05  -0.00150645
  0.00820887  2.02919e-05            0   0.00540701
  0.00635494   0.00150645  -0.00540701            0
Repeater1[0]<--->HoM1[0]
REAL
   0.420053 -9.2296e-05  0.00280675     0.32829
-9.2296e-05   0.0812721 -0.00376077  0.00660988
 0.00280675 -0.00376077   0.0940813  -0.0107024
    0.32829  0.00660988  -0.0107024    0.404594
IMAGINARY
           0   0.00578264   0.00601208    -0.010416
 -0.00578264            0  -0.00149967 -0.000806103
 -0.00601208   0.00149967            0  -0.00691438
    0.010416  0.000806103   0.00691438            0
EndNode1[0]<--->Repeater1[0]
REAL
   0.419035   0.0100061  0.00934312    0.328518
  0.0100061    0.082544 0.000962937 -0.00301952
 0.00934312 0.000962937   0.0784844   -0.013713
   0.328518 -0.00301952   -0.013713    0.419937
IMAGINARY
           0   0.00234693  -0.00443755  -0.00158593
 -0.00234693            0   0.00586328 -0.000740294
  0.00443755  -0.00586328            0  -0.00122131
  0.00158593  0.000740294   0.00122131            0
EndNode2[0]<--->HoM1[0]
REAL
   0.412749   0.0120838  0.00113675    0.335821
  0.0120838   0.0813743 -0.00378055 -0.00410343
 0.00113675 -0.00378055   0.0818264 -0.00957349
   0.335821 -0.00410343 -0.00957349    0.424051
IMAGINARY
           0  0.000615566  -0.00389868   -0.0049971
-0.000615566            0  0.000671837   0.00775006
  0.00389868 -0.000671837            0    -0.013529
   0.0049971  -0.00775006     0.013529            0
Repeater1[0]<--->EndNode1[0]
REAL
   0.419035  0.00934312   0.0100061    0.328518
 0.00934312   0.0784844 0.000962937   -0.013713
  0.0100061 0.000962937    0.082544 -0.00301952
   0.328518   -0.013713 -0.00301952    0.419937
IMAGINARY
           0  -0.00443755   0.00234693  -0.00158593
  0.00443755            0  -0.00586328  -0.00122131
 -0.00234693   0.00586328            0 -0.000740294
  0.00158593   0.00122131  0.000740294            0
Repeater1[0]<--->HoM1[0]
REAL
   0.412749  0.00113675   0.0120838    0.335821
 0.00113675   0.0818264 -0.00378055 -0.00957349
  0.0120838 -0.00378055   0.0813743 -0.00410343
   0.335821 -0.00957349 -0.00410343    0.424051
IMAGINARY
           0  -0.00389868  0.000615566   -0.0049971
  0.00389868            0 -0.000671837    -0.013529
-0.000615566  0.000671837            0   0.00775006
   0.0049971     0.013529  -0.00775006            0
EndNode1[0]<--->Repeater1[0]
REAL
  0.417081 -0.0075479 0.00776989   0.324475
-0.0075479  0.0948938 0.00791978  0.0011503
0.00776989 0.00791978  0.0953457 0.00566997
  0.324475  0.0011503 0.00566997    0.39268
IMAGINARY
          0  0.00508654  -0.0147108  0.00148824
-0.00508654           0  -0.0158897  0.00106425
  0.0147108   0.0158897           0   0.0103497
-0.00148824 -0.00106425  -0.0103497           0
EndNode2[0]<--->HoM1[0]
REAL
   0.421378   -0.014311   -0.013173    0.317248
  -0.014311   0.0821555 0.000893448 -0.00616893
  -0.013173 0.000893448   0.0834806 -0.00547552
   0.317248 -0.00616893 -0.00547552    0.412986
IMAGINARY
           0    -0.018505    0.0102086  -0.00608781
    0.018505            0   0.00313729  -0.00084358
  -0.0102086  -0.00313729            0 -0.000910302
  0.00608781   0.00084358  0.000910302            0
Repeater1[0]<--->EndNode1[0]
REAL
  0.417081 0.00776989 -0.0075479   0.324475
0.00776989  0.0953457 0.00791978 0.00566997
-0.0075479 0.00791978  0.0948938  0.0011503
  0.324475 0.00566997  0.0011503    0.39268
IMAGINARY
          0  -0.0147108  0.00508654  0.00148824
  0.0147108           0   0.0158897   0.0103497
-0.00508654  -0.0158897           0  0.00106425
-0.00148824  -0.0103497 -0.00106425           0
Repeater1[0]<--->HoM1[0]
REAL
   0.421378   -0.013173   -0.014311    0.317248
  -0.013173   0.0834806 0.000893448 -0.00547552
  -0.014311 0.000893448   0.0821555 -0.00616893
   0.317248 -0.00547552 -0.00616893    0.412986
IMAGINARY
           0    0.0102086    -0.018505  -0.00608781
  -0.0102086            0  -0.00313729 -0.000910302
    0.018505   0.00313729            0  -0.00084358
  0.00608781  0.000910302   0.00084358            0
EndNode1[0]<--->Repeater1[0]
REAL
   0.426673 -0.00650302 -0.00273659    0.331776
-0.00650302   0.0834097  0.00621018  -0.0121376
-0.00273659  0.00621018   0.0824931  0.00352819
   0.331776  -0.0121376  0.00352819    0.407424
IMAGINARY
           0  -0.00929829  0.000583508   0.00456548
  0.00929829            0    0.0141283   0.00674006
-0.000583508   -0.0141283            0  -0.00201995
 -0.00456548  -0.00674006   0.00201995            0
EndNode2[0]<--->HoM1[0]
REAL
   0.406692 -0.00898831  0.00403748    0.330845
-0.00898831   0.0885957 0.000475373  0.00200221
 0.00403748 0.000475373   0.0852969  0.00510565
   0.330845  0.00200221  0.00510565    0.419416
IMAGINARY
          0 -0.00391971  0.00914398 -0.00241758
 0.00391971           0   0.0048288   -0.006636
-0.00914398  -0.0048288           0   0.0050597
 0.00241758    0.006636  -0.0050597           0
Repeater1[0]<--->EndNode1[0]
REAL
   0.426673 -0.00273659 -0.00650302    0.331776
-0.00273659   0.0824931  0.00621018  0.00352819
-0.00650302  0.00621018   0.0834097  -0.0121376
   0.331776  0.00352819  -0.0121376    0.407424
IMAGINARY
           0  0.000583508  -0.00929829   0.00456548
-0.000583508            0   -0.0141283  -0.00201995
  0.00929829    0.0141283            0   0.00674006
 -0.00456548   0.00201995  -0.00674006            0
Repeater1[0]<--->HoM1[0]
REAL
   0.406692  0.00403748 -0.00898831    0.330845
 0.00403748   0.0852969 0.000475373  0.00510565
-0.00898831 0.000475373   0.0885957  0.00200221
   0.330845  0.00510565  0.00200221    0.419416
IMAGINARY
          0  0.00914398 -0.00391971 -0.00241758
-0.00914398           0  -0.0048288   0.0050597
 0.00391971   0.0048288           0   -0.006636
 0.00241758  -0.0050597    0.006636           0
EndNode1[0]<--->Repeater1[0]
REAL
    0.40213 -0.00267186 0.000575944    0.331472
-0.00267186   0.0869951 -0.00783765  0.00255745
0.000575944 -0.00783765   0.0909898 0.000433726
   0.331472  0.00255745 0.000433726    0.419885
IMAGINARY
           0   0.00295207  -0.00207521  0.000642777
 -0.00295207            0  -0.00767183  -0.00859206
  0.00207521   0.00767183            0 -0.000455473
-0.000642777   0.00859206  0.000455473            0
EndNode2[0]<--->HoM1[0]
REAL
   0.402262  0.00503446  0.00145992    0.323151
 0.00503446   0.0972851  0.00749372  0.00167628
 0.00145992  0.00749372   0.0918552 -0.00369037
   0.323151  0.00167628 -0.00369037    0.408597
IMAGINARY
          0 -0.00298653 -0.00674335 -0.00546295
 0.00298653           0  0.00338058  -0.0112357
 0.00674335 -0.00338058           0 -0.00770988
 0.00546295   0.0112357  0.00770988           0
Repeater1[0]<--->EndNode1[0]
REAL
    0.40213 0.000575944 -0.00267186    0.331472
0.000575944   0.0909898 -0.00783765 0.000433726
-0.00267186 -0.00783765   0.0869951  0.00255745
   0.331472 0.000433726  0.00255745    0.419885
IMAGINARY
           0  -0.00207521   0.00295207  0.000642777
  0.00207521            0   0.00767183 -0.000455473
 -0.00295207  -0.00767183            0  -0.00859206
-0.000642777  0.000455473   0.00859206            0
Repeater1[0]<--->HoM1[0]
REAL
   0.402262  0.00145992  0.00503446    0.323151
 0.00145992   0.0918552  0.00749372 -0.00369037
 0.00503446  0.00749372   0.0972851  0.00167628
   0.323151 -0.00369037  0.00167628    0.408597
IMAGINARY
          0 -0.00674335 -0.00298653 -0.00546295
 0.00674335           0 -0.00338058 -0.00770988
 0.00298653  0.00338058           0  -0.0112357
 0.00546295  0.00770988   0.0112357           0
EndNode1[0]<--->Repeater1[0]
REAL
   0.399345  -0.0074332  -0.0014687     0.34285
 -0.0074332   0.0866105  0.00809853  0.00192037
 -0.0014687  0.00809853   0.0814607 -0.00385858
    0.34285  0.00192037 -0.00385858    0.432584
IMAGINARY
           0   -0.0116587    0.0120497   0.00626271
   0.0116587            0   0.00986632   0.00563948
  -0.0120497  -0.00986632            0  0.000686946
 -0.00626271  -0.00563948 -0.000686946            0
EndNode2[0]<--->HoM1[0]
REAL
   0.388864 0.000439585 -0.00264993    0.327655
0.000439585   0.0926503 -0.00126284  -0.0139621
-0.00264993 -0.00126284   0.0873051  -0.0147119
   0.327655  -0.0139621  -0.0147119     0.43118
IMAGINARY
          0  0.00905105 -0.00293738 -0.00620459
-0.00905105           0  0.00729677 -0.00986011
 0.00293738 -0.00729677           0 -0.00209101
 0.00620459  0.00986011  0.00209101           0
Repeater1[0]<--->EndNode1[0]
REAL
   0.399345  -0.0014687  -0.0074332     0.34285
 -0.0014687   0.0814607  0.00809853 -0.00385858
 -0.0074332  0.00809853   0.0866105  0.00192037
    0.34285 -0.00385858  0.00192037    0.432584
IMAGINARY
           0    0.0120497   -0.0116587   0.00626271
  -0.0120497            0  -0.00986632  0.000686946
   0.0116587   0.00986632            0   0.00563948
 -0.00626271 -0.000686946  -0.00563948            0
Repeater1[0]<--->HoM1[0]
REAL
   0.388864 -0.00264993 0.000439585    0.327655
-0.00264993   0.0873051 -0.00126284  -0.0147119
0.000439585 -0.00126284   0.0926503  -0.0139621
   0.327655  -0.0147119  -0.0139621     0.43118
IMAGINARY
          0 -0.00293738  0.00905105 -0.00620459
 0.00293738           0 -0.00729677 -0.00209101
-0.00905105  0.00729677           0 -0.00986011
 0.00620459  0.00209101  0.00986011           0
EndNode1[0]<--->Repeater1[0]
REAL
    0.418647  -0.00931152   0.00392534     0.331769
 -0.00931152    0.0840951 -0.000448925  -0.00593876
  0.00392534 -0.000448925    0.0850091   0.00327126
    0.331769  -0.00593876   0.00327126     0.412249
IMAGINARY
           0   -0.0111046   0.00187549   0.00977042
   0.0111046            0  0.000589943   0.00682598
 -0.00187549 -0.000589943            0 -0.000274262
 -0.00977042  -0.00682598  0.000274262            0
EndNode2[0]<--->HoM1[0]
REAL
     0.4081   0.0172201  0.00808304    0.332667
  0.0172201   0.0792167 -0.00208838 0.000640555
 0.00808304 -0.00208838   0.0796618 -0.00895561
   0.332667 0.000640555 -0.00895561    0.433022
IMAGINARY
          0  0.00855707   0.0112772  -0.0118667
-0.00855707           0 -0.00706739 -0.00566423
 -0.0112772  0.00706739           0  -0.0024951
  0.0118667  0.00566423   0.0024951           0
Repeater1[0]<--->EndNode1[0]
REAL
    0.418647   0.00392534  -0.00931152     0.331769
  0.00392534    0.0850091 -0.000448925   0.00327126
 -0.00931152 -0.000448925    0.0840951  -0.00593876
    0.331769   0.00327126  -0.00593876     0.412249
IMAGINARY
           0   0.00187549   -0.0111046   0.00977042
 -0.00187549            0 -0.000589943 -0.000274262
   0.0111046  0.000589943            0   0.00682598
 -0.00977042  0.000274262  -0.00682598            0
Repeater1[0]<--->HoM1[0]
REAL
     0.4081  0.00808304   0.0172201    0.332667
 0.00808304   0.0796618 -0.00208838 -0.00895561
  0.0172201 -0.00208838   0.0792167 0.000640555
   0.332667 -0.00895561 0.000640555    0.433022
IMAGINARY
          0   0.0112772  0.00855707  -0.0118667
 -0.0112772           0  0.00706739  -0.0024951
-0.00855707 -0.00706739           0 -0.00566423
  0.0118667   0.0024951  0.00566423           0
EndNode1[0]<--->Repeater1[0]
