EndNode1[0]<--->Repeater1[0]
REAL
   0.411355   0.0027564 -0.00185918    0.327456
  0.0027564   0.0840273 -0.00635798 -0.00277521
-0.00185918 -0.00635798   0.0866011  -0.0018001
   0.327456 -0.00277521  -0.0018001    0.418017
IMAGINARY
           0  0.000788204   0.00508115   0.00384968
-0.000788204            0   0.00260243   0.00136313
 -0.00508115  -0.00260243            0   -0.0032901
 -0.00384968  -0.00136313    0.0032901            0
EndNode2[0]<--->HoM1[0]
REAL
   0.405286  0.00252236  0.00442018    0.326741
 0.00252236   0.0852195 -0.00348983  0.00169042
 0.00442018 -0.00348983   0.0864348 7.46489e-05
   0.326741  0.00169042 7.46489e-05    0.423059
IMAGINARY
          0 -0.00262259 -0.00221423  0.00351864
 0.00262259           0  0.00624179  0.00117995
 0.00221423 -0.00624179           0 -0.00328758
-0.00351864 -0.00117995  0.00328758           0
Repeater1[0]<--->EndNode1[0]
REAL
   0.411355 -0.00185918   0.0027564    0.327456
-0.00185918   0.0866011 -0.00635798  -0.0018001
  0.0027564 -0.00635798   0.0840273 -0.00277521
   0.327456  -0.0018001 -0.00277521    0.418017
IMAGINARY
           0   0.00508115  0.000788204   0.00384968
 -0.00508115            0  -0.00260243   -0.0032901
-0.000788204   0.00260243            0   0.00136313
 -0.00384968    0.0032901  -0.00136313            0
Repeater1[0]<--->HoM1[0]
REAL
   0.405286  0.00442018  0.00252236    0.326741
 0.00442018   0.0864348 -0.00348983 7.46489e-05
 0.00252236 -0.00348983   0.0852195  0.00169042
   0.326741 7.46489e-05  0.00169042    0.423059
IMAGINARY
          0 -0.00221423 -0.00262259  0.00351864
 0.00221423           0 -0.00624179 -0.00328758
 0.00262259  0.00624179           0  0.00117995
-0.00351864  0.00328758 -0.00117995           0
EndNode1[0]<--->Repeater1[0]
REAL
   0.401105 -0.00286699  -0.0041274    0.324028
-0.00286699   0.0887362  0.00107809 -0.00707793
 -0.0041274  0.00107809   0.0893337 -0.00818692
   0.324028 -0.00707793 -0.00818692    0.420825
IMAGINARY
          0 -0.00027884  0.00219803  0.00338622
 0.00027884           0 -0.00195614  0.00257687
-0.00219803  0.00195614           0 -0.00146438
-0.00338622 -0.00257687  0.00146438           0
EndNode2[0]<--->HoM1[0]
REAL
    0.407385  -0.00767536   0.00386302     0.323909
 -0.00767536    0.0869169  -0.00331627 -0.000751904
  0.00386302  -0.00331627    0.0881325   0.00826795
    0.323909 -0.000751904   0.00826795     0.417566
IMAGINARY
           0  0.000329703  -0.00565011  -0.00427661
-0.000329703            0  -0.00590576   0.00033971
  0.00565011   0.00590576            0   0.00662617
  0.00427661  -0.00033971  -0.00662617            0
Repeater1[0]<--->EndNode1[0]
REAL
   0.401105  -0.0041274 -0.00286699    0.324028
 -0.0041274   0.0893337  0.00107809 -0.00818692
-0.00286699  0.00107809   0.0887362 -0.00707793
   0.324028 -0.00818692 -0.00707793    0.420825
IMAGINARY
          0  0.00219803 -0.00027884  0.00338622
-0.00219803           0  0.00195614 -0.00146438
 0.00027884 -0.00195614           0  0.00257687
-0.00338622  0.00146438 -0.00257687           0
Repeater1[0]<--->HoM1[0]
REAL
    0.407385   0.00386302  -0.00767536     0.323909
  0.00386302    0.0881325  -0.00331627   0.00826795
 -0.00767536  -0.00331627    0.0869169 -0.000751904
    0.323909   0.00826795 -0.000751904     0.417566
IMAGINARY
           0  -0.00565011  0.000329703  -0.00427661
  0.00565011            0   0.00590576   0.00662617
-0.000329703  -0.00590576            0   0.00033971
  0.00427661  -0.00662617  -0.00033971            0
EndNode1[0]<--->Repeater1[0]
REAL
    0.415481   0.00616175   0.00446534     0.322878
  0.00616175    0.0925288   0.00244641 -0.000687762
  0.00446534   0.00244641    0.0827968   0.00275333
    0.322878 -0.000687762   0.00275333     0.409193
IMAGINARY
           0  0.000351785  -0.00209207 -0.000118845
-0.000351785            0  0.000867348  -0.00570871
  0.00209207 -0.000867348            0   0.00939919
 0.000118845   0.00570871  -0.00939919            0
EndNode2[0]<--->HoM1[0]
REAL
   0.410969 -0.00219803 0.000345531    0.324994
-0.00219803   0.0865515  0.00576124 -0.00266608
0.000345531  0.00576124   0.0882044  0.00266214
   0.324994 -0.00266608  0.00266214    0.414275
IMAGINARY
          0  0.00429549  0.00429371 -0.00122817
-0.00429549           0 -0.00100331  0.00452241
-0.00429371  0.00100331           0 -0.00333239
 0.00122817 -0.00452241  0.00333239           0
Repeater1[0]<--->EndNode1[0]
REAL
    0.415481   0.00446534   0.00616175     0.322878
  0.00446534    0.0827968   0.00244641   0.00275333
  0.00616175   0.00244641    0.0925288 -0.000687762
    0.322878   0.00275333 -0.000687762     0.409193
IMAGINARY
           0  -0.00209207  0.000351785 -0.000118845
  0.00209207            0 -0.000867348   0.00939919
-0.000351785  0.000867348            0  -0.00570871
 0.000118845  -0.00939919   0.00570871            0
Repeater1[0]<--->HoM1[0]
REAL
   0.410969 0.000345531 -0.00219803    0.324994
0.000345531   0.0882044  0.00576124  0.00266214
-0.00219803  0.00576124   0.0865515 -0.00266608
   0.324994  0.00266214 -0.00266608    0.414275
IMAGINARY
          0  0.00429371  0.00429549 -0.00122817
-0.00429371           0  0.00100331 -0.00333239
-0.00429549 -0.00100331           0  0.00452241
 0.00122817  0.00333239 -0.00452241           0
EndNode1[0]<--->Repeater1[0]
REAL
   0.410891  0.00402782 -0.00199055    0.322121
 0.00402782   0.0850585 -0.00120515  0.00977681
-0.00199055 -0.00120515   0.0844584  0.00268973
   0.322121  0.00977681  0.00268973    0.419592
IMAGINARY
           0  -0.00232663   0.00561154  0.000209982
  0.00232663            0   0.00225823  -0.00531133
 -0.00561154  -0.00225823            0  -0.00232663
-0.000209982   0.00531133   0.00232663            0
EndNode2[0]<--->HoM1[0]
REAL
    0.416261   0.00391107   0.00128588     0.320251
  0.00391107    0.0830751 -0.000647016   -0.0101493
  0.00128588 -0.000647016    0.0873543  -0.00607105
    0.320251   -0.0101493  -0.00607105      0.41331
IMAGINARY
           0   0.00851695  -0.00411806  -0.00947115
 -0.00851695            0  0.000382924   0.00290484
  0.00411806 -0.000382924            0 -0.000479336
  0.00947115  -0.00290484  0.000479336            0
Repeater1[0]<--->EndNode1[0]
REAL
   0.410891 -0.00199055  0.00402782    0.322121
-0.00199055   0.0844584 -0.00120515  0.00268973
 0.00402782 -0.00120515   0.0850585  0.00977681
   0.322121  0.00268973  0.00977681    0.419592
IMAGINARY
           0   0.00561154  -0.00232663  0.000209982
 -0.00561154            0  -0.00225823  -0.00232663
  0.00232663   0.00225823            0  -0.00531133
-0.000209982   0.00232663   0.00531133            0
Repeater1[0]<--->HoM1[0]
REAL
    0.416261   0.00128588   0.00391107     0.320251
  0.00128588    0.0873543 -0.000647016  -0.00607105
  0.00391107 -0.000647016    0.0830751   -0.0101493
    0.320251  -0.00607105   -0.0101493      0.41331
IMAGINARY
           0  -0.00411806   0.00851695  -0.00947115
  0.00411806            0 -0.000382924 -0.000479336
 -0.00851695  0.000382924            0   0.00290484
  0.00947115  0.000479336  -0.00290484            0
EndNode1[0]<--->Repeater1[0]
REAL
    0.417563  -0.00435373 -0.000522362     0.328917
 -0.00435373    0.0890084   0.00253076  -0.00885822
-0.000522362   0.00253076    0.0864695  -0.00204889
    0.328917  -0.00885822  -0.00204889     0.406959
IMAGINARY
           0  -0.00247552  0.000933811   0.00853668
  0.00247552            0  -0.00266307  0.000933811
-0.000933811   0.00266307            0     0.002102
 -0.00853668 -0.000933811    -0.002102            0
EndNode2[0]<--->HoM1[0]
REAL
    0.416915  -0.00487927   0.00626238     0.327037
 -0.00487927    0.0890513   0.00399906 -0.000556141
  0.00626238   0.00399906    0.0798031   0.00139624
    0.327037 -0.000556141   0.00139624      0.41423
IMAGINARY
           0  -0.00648435   -0.0057628  0.000124855
  0.00648435            0   0.00429595 -0.000205572
   0.0057628  -0.00429595            0 -8.08544e-05
-0.000124855  0.000205572  8.08544e-05            0
Repeater1[0]<--->EndNode1[0]
REAL
    0.417563 -0.000522362  -0.00435373     0.328917
-0.000522362    0.0864695   0.00253076  -0.00204889
 -0.00435373   0.00253076    0.0890084  -0.00885822
    0.328917  -0.00204889  -0.00885822     0.406959
IMAGINARY
           0  0.000933811  -0.00247552   0.00853668
-0.000933811            0   0.00266307     0.002102
  0.00247552  -0.00266307            0  0.000933811
 -0.00853668    -0.002102 -0.000933811            0
Repeater1[0]<--->HoM1[0]
REAL
    0.416915   0.00626238  -0.00487927     0.327037
  0.00626238    0.0798031   0.00399906   0.00139624
 -0.00487927   0.00399906    0.0890513 -0.000556141
    0.327037   0.00139624 -0.000556141      0.41423
IMAGINARY
           0   -0.0057628  -0.00648435  0.000124855
   0.0057628            0  -0.00429595 -8.08544e-05
  0.00648435   0.00429595            0 -0.000205572
-0.000124855  8.08544e-05  0.000205572            0
EndNode1[0]<--->Repeater1[0]
REAL
    0.416163     0.006807   0.00115384     0.326092
    0.006807    0.0847432 -0.000166482   0.00590726
  0.00115384 -0.000166482    0.0859517   0.00872742
    0.326092   0.00590726   0.00872742     0.413142
IMAGINARY
           0  -0.00850935    0.0058657  -0.00592574
  0.00850935            0   0.00607544   0.00383715
  -0.0058657  -0.00607544            0 -0.000587075
  0.00592574  -0.00383715  0.000587075            0
EndNode2[0]<--->HoM1[0]
REAL
    0.409329   0.00126598  -0.00406112     0.321451
  0.00126598    0.0914935 -0.000546517   0.00156552
 -0.00406112 -0.000546517    0.0876065   0.00445921
    0.321451   0.00156552   0.00445921     0.411571
IMAGINARY
          0 -0.00112092  0.00271713 -0.00289377
 0.00112092           0 -0.00266865  -0.0035357
-0.00271713  0.00266865           0  0.00521379
 0.00289377   0.0035357 -0.00521379           0
Repeater1[0]<--->EndNode1[0]
REAL
    0.416163   0.00115384     0.006807     0.326092
  0.00115384    0.0859517 -0.000166482   0.00872742
    0.006807 -0.000166482    0.0847432   0.00590726
    0.326092   0.00872742   0.00590726     0.413142
IMAGINARY
           0    0.0058657  -0.00850935  -0.00592574
  -0.0058657            0  -0.00607544 -0.000587075
  0.00850935   0.00607544            0   0.00383715
  0.00592574  0.000587075  -0.00383715            0
Repeater1[0]<--->HoM1[0]
REAL
    0.409329  -0.00406112   0.00126598     0.321451
 -0.00406112    0.0876065 -0.000546517   0.00445921
  0.00126598 -0.000546517    0.0914935   0.00156552
    0.321451   0.00445921   0.00156552     0.411571
IMAGINARY
          0  0.00271713 -0.00112092 -0.00289377
-0.00271713           0  0.00266865  0.00521379
 0.00112092 -0.00266865           0  -0.0035357
 0.00289377 -0.00521379   0.0035357           0
EndNode1[0]<--->Repeater1[0]
REAL
   0.411887  0.00656935   -0.005378     0.32657
 0.00656935   0.0853568  0.00133652  0.00455279
  -0.005378  0.00133652   0.0902726 0.000257357
    0.32657  0.00455279 0.000257357    0.412483
IMAGINARY
          0 -0.00173518 -0.00202462  0.00214208
 0.00173518           0  0.00496191  0.00111909
 0.00202462 -0.00496191           0 -0.00158507
-0.00214208 -0.00111909  0.00158507           0
EndNode2[0]<--->HoM1[0]
REAL
    0.40726  0.00394796  0.00210112    0.323833
 0.00394796   0.0895062 0.000259279 -0.00491139
 0.00210112 0.000259279   0.0900941 -0.00523916
   0.323833 -0.00491139 -0.00523916    0.413139
IMAGINARY
          0 -0.00472248  0.00272189  0.00260269
 0.00472248           0  0.00411372  0.00663519
-0.00272189 -0.00411372           0 -0.00237079
-0.00260269 -0.00663519  0.00237079           0
Repeater1[0]<--->EndNode1[0]
REAL
   0.411887   -0.005378  0.00656935     0.32657
  -0.005378   0.0902726  0.00133652 0.000257357
 0.00656935  0.00133652   0.0853568  0.00455279
    0.32657 0.000257357  0.00455279    0.412483
IMAGINARY
          0 -0.00202462 -0.00173518  0.00214208
 0.00202462           0 -0.00496191 -0.00158507
 0.00173518  0.00496191           0  0.00111909
-0.00214208  0.00158507 -0.00111909           0
Repeater1[0]<--->HoM1[0]
REAL
    0.40726  0.00210112  0.00394796    0.323833
 0.00210112   0.0900941 0.000259279 -0.00523916
 0.00394796 0.000259279   0.0895062 -0.00491139
   0.323833 -0.00523916 -0.00491139    0.413139
IMAGINARY
          0  0.00272189 -0.00472248  0.00260269
-0.00272189           0 -0.00411372 -0.00237079
 0.00472248  0.00411372           0  0.00663519
-0.00260269  0.00237079 -0.00663519           0
EndNode1[0]<--->Repeater1[0]
REAL
    0.417712  -0.00353914  -0.00136669     0.322023
 -0.00353914    0.0911289 -0.000249927  0.000763557
 -0.00136669 -0.000249927    0.0775276 -0.000381246
    0.322023  0.000763557 -0.000381246     0.413632
IMAGINARY
          0  0.00191058   0.0016749 -0.00234151
-0.00191058           0 -0.00498857  0.00602914
 -0.0016749  0.00498857           0  0.00792924
 0.00234151 -0.00602914 -0.00792924           0
EndNode2[0]<--->HoM1[0]
REAL
    0.417254   0.00376499  -0.00676255     0.327199
  0.00376499    0.0844315   0.00751011   0.00758825
 -0.00676255   0.00751011    0.0865768 -8.68627e-05
    0.327199   0.00758825 -8.68627e-05     0.411738
IMAGINARY
           0   0.00723054 -0.000448363   0.00246851
 -0.00723054            0  -0.00509024  -0.00179245
 0.000448363   0.00509024            0   0.00203149
 -0.00246851   0.00179245  -0.00203149            0
Repeater1[0]<--->EndNode1[0]
REAL
    0.417712  -0.00136669  -0.00353914     0.322023
 -0.00136669    0.0775276 -0.000249927 -0.000381246
 -0.00353914 -0.000249927    0.0911289  0.000763557
    0.322023 -0.000381246  0.000763557     0.413632
IMAGINARY
          0   0.0016749  0.00191058 -0.00234151
 -0.0016749           0  0.00498857  0.00792924
-0.00191058 -0.00498857           0  0.00602914
 0.00234151 -0.00792924 -0.00602914           0
Repeater1[0]<--->HoM1[0]
REAL
    0.417254  -0.00676255   0.00376499     0.327199
 -0.00676255    0.0865768   0.00751011 -8.68627e-05
  0.00376499   0.00751011    0.0844315   0.00758825
    0.327199 -8.68627e-05   0.00758825     0.411738
IMAGINARY
           0 -0.000448363   0.00723054   0.00246851
 0.000448363            0   0.00509024   0.00203149
 -0.00723054  -0.00509024            0  -0.00179245
 -0.00246851  -0.00203149   0.00179245            0
EndNode1[0]<--->Repeater1[0]
REAL
   0.415424  0.00217614 0.000829991    0.324685
 0.00217614   0.0873626 -0.00276717 0.000148483
0.000829991 -0.00276717   0.0881157  0.00617852
   0.324685 0.000148483  0.00617852    0.409098
IMAGINARY
           0   0.00355072 -0.000422465  -0.00378222
 -0.00355072            0  -0.00870274  -0.00316605
 0.000422465   0.00870274            0   0.00542057
  0.00378222   0.00316605  -0.00542057            0
EndNode2[0]<--->HoM1[0]
REAL
   0.412159  0.00526548  0.00641234    0.327443
 0.00526548   0.0832961 0.000796223 -0.00111936
 0.00641234 0.000796223   0.0876173 0.000325689
   0.327443 -0.00111936 0.000325689    0.416927
IMAGINARY
           0  -0.00564617  -0.00180112  8.33385e-05
  0.00564617            0  -0.00433349   0.00344783
  0.00180112   0.00433349            0 -0.000192157
-8.33385e-05  -0.00344783  0.000192157            0
Repeater1[0]<--->EndNode1[0]
REAL
   0.415424 0.000829991  0.00217614    0.324685
0.000829991   0.0881157 -0.00276717  0.00617852
 0.00217614 -0.00276717   0.0873626 0.000148483
   0.324685  0.00617852 0.000148483    0.409098
IMAGINARY
           0 -0.000422465   0.00355072  -0.00378222
 0.000422465            0   0.00870274   0.00542057
 -0.00355072  -0.00870274            0  -0.00316605
  0.00378222  -0.00542057   0.00316605            0
Repeater1[0]<--->HoM1[0]
REAL
   0.412159  0.00641234  0.00526548    0.327443
 0.00641234   0.0876173 0.000796223 0.000325689
 0.00526548 0.000796223   0.0832961 -0.00111936
   0.327443 0.000325689 -0.00111936    0.416927
IMAGINARY
           0  -0.00180112  -0.00564617  8.33385e-05
  0.00180112            0   0.00433349 -0.000192157
  0.00564617  -0.00433349            0   0.00344783
-8.33385e-05  0.000192157  -0.00344783            0
EndNode1[0]<--->Repeater1[0]
REAL
   0.405676 -0.00629826 -0.00482247     0.32534
-0.00629826   0.0879761  0.00072807 -0.00112205
-0.00482247  0.00072807   0.0872293 -0.00448994
    0.32534 -0.00112205 -0.00448994    0.419119
IMAGINARY
           0   0.00188672  -0.00343953  -0.00258027
 -0.00188672            0   0.00418553  4.63757e-05
  0.00343953  -0.00418553            0   0.00105402
  0.00258027 -4.63757e-05  -0.00105402            0
EndNode2[0]<--->HoM1[0]
REAL
   0.407783 -0.00393797 0.000998195    0.322134
-0.00393797    0.087525  0.00357177 -0.00263267
0.000998195  0.00357177   0.0852177 -0.00141121
   0.322134 -0.00263267 -0.00141121    0.419474
IMAGINARY
          0 -0.00512352  0.00183783   0.0029846
 0.00512352           0  0.00366017  0.00630744
-0.00183783 -0.00366017           0 -0.00212502
 -0.0029846 -0.00630744  0.00212502           0
Repeater1[0]<--->EndNode1[0]
REAL
   0.405676 -0.00482247 -0.00629826     0.32534
-0.00482247   0.0872293  0.00072807 -0.00448994
-0.00629826  0.00072807   0.0879761 -0.00112205
    0.32534 -0.00448994 -0.00112205    0.419119
IMAGINARY
           0  -0.00343953   0.00188672  -0.00258027
  0.00343953            0  -0.00418553   0.00105402
 -0.00188672   0.00418553            0  4.63757e-05
  0.00258027  -0.00105402 -4.63757e-05            0
Repeater1[0]<--->HoM1[0]
REAL
   0.407783 0.000998195 -0.00393797    0.322134
0.000998195   0.0852177  0.00357177 -0.00141121
-0.00393797  0.00357177    0.087525 -0.00263267
   0.322134 -0.00141121 -0.00263267    0.419474
IMAGINARY
          0  0.00183783 -0.00512352   0.0029846
-0.00183783           0 -0.00366017 -0.00212502
 0.00512352  0.00366017           0  0.00630744
 -0.0029846  0.00212502 -0.00630744           0
EndNode1[0]<--->Repeater1[0]
REAL
    0.405683  3.17435e-05   0.00128516     0.325513
 3.17435e-05    0.0903869 -0.000219233  -0.00324476
  0.00128516 -0.000219233    0.0841898   0.00117417
    0.325513  -0.00324476   0.00117417      0.41974
IMAGINARY
          0  0.00628658 -0.00345603 -0.00137127
-0.00628658           0 -0.00159962 -0.00258444
 0.00345603  0.00159962           0 -0.00417241
 0.00137127  0.00258444  0.00417241           0
EndNode2[0]<--->HoM1[0]
REAL
   0.420166  0.00348357  0.00667504    0.328652
 0.00348357   0.0891484 0.000354503  0.00222928
 0.00667504 0.000354503   0.0857481  0.00526982
   0.328652  0.00222928  0.00526982    0.404938
IMAGINARY
           0 -0.000672151   0.00260124  -0.00188688
 0.000672151            0   0.00570368 -0.000208178
 -0.00260124  -0.00570368            0  -0.00142178
  0.00188688  0.000208178   0.00142178            0
Repeater1[0]<--->EndNode1[0]
REAL
    0.405683   0.00128516  3.17435e-05     0.325513
  0.00128516    0.0841898 -0.000219233   0.00117417
 3.17435e-05 -0.000219233    0.0903869  -0.00324476
    0.325513   0.00117417  -0.00324476      0.41974
IMAGINARY
          0 -0.00345603  0.00628658 -0.00137127
 0.00345603           0  0.00159962 -0.00417241
-0.00628658 -0.00159962           0 -0.00258444
 0.00137127  0.00417241  0.00258444           0
Repeater1[0]<--->HoM1[0]
REAL
   0.420166  0.00667504  0.00348357    0.328652
 0.00667504   0.0857481 0.000354503  0.00526982
 0.00348357 0.000354503   0.0891484  0.00222928
   0.328652  0.00526982  0.00222928    0.404938
IMAGINARY
           0   0.00260124 -0.000672151  -0.00188688
 -0.00260124            0  -0.00570368  -0.00142178
 0.000672151   0.00570368            0 -0.000208178
  0.00188688   0.00142178  0.000208178            0
EndNode1[0]<--->Repeater1[0]
REAL
      0.4092  -0.00948487 -0.000149647     0.329587
 -0.00948487    0.0897474  -0.00329019  -0.00392152
-0.000149647  -0.00329019    0.0793746  -0.00152237
    0.329587  -0.00392152  -0.00152237     0.421678
IMAGINARY
           0   -0.0032105  0.000526148   0.00108859
   0.0032105            0 -0.000939959  -0.00584853
-0.000526148  0.000939959            0   0.00442705
 -0.00108859   0.00584853  -0.00442705            0
EndNode2[0]<--->HoM1[0]
REAL
    0.40916  0.00200662  -0.0011053     0.32067
 0.00200662   0.0858356  0.00444842 0.000659928
 -0.0011053  0.00444842   0.0879588  0.00170478
    0.32067 0.000659928  0.00170478    0.417046
IMAGINARY
          0  0.00621969 -0.00930328  0.00272156
-0.00621969           0  0.00324859 -0.00645128
 0.00930328 -0.00324859           0  0.00576583
-0.00272156  0.00645128 -0.00576583           0
Repeater1[0]<--->EndNode1[0]
REAL
      0.4092 -0.000149647  -0.00948487     0.329587
-0.000149647    0.0793746  -0.00329019  -0.00152237
 -0.00948487  -0.00329019    0.0897474  -0.00392152
    0.329587  -0.00152237  -0.00392152     0.421678
IMAGINARY
           0  0.000526148   -0.0032105   0.00108859
-0.000526148            0  0.000939959   0.00442705
   0.0032105 -0.000939959            0  -0.00584853
 -0.00108859  -0.00442705   0.00584853            0
Repeater1[0]<--->HoM1[0]
REAL
    0.40916  -0.0011053  0.00200662     0.32067
 -0.0011053   0.0879588  0.00444842  0.00170478
 0.00200662  0.00444842   0.0858356 0.000659928
    0.32067  0.00170478 0.000659928    0.417046
IMAGINARY
          0 -0.00930328  0.00621969  0.00272156
 0.00930328           0 -0.00324859  0.00576583
-0.00621969  0.00324859           0 -0.00645128
-0.00272156 -0.00576583  0.00645128           0
EndNode1[0]<--->Repeater1[0]
REAL
   0.416168 -0.00491689 -0.00378882    0.323849
-0.00491689   0.0872833 -0.00423118 -0.00260504
-0.00378882 -0.00423118   0.0889707 -0.00674251
   0.323849 -0.00260504 -0.00674251    0.407578
IMAGINARY
           0  -0.00216885   0.00643331  -0.00161636
  0.00216885            0 -0.000644036  -0.00153209
 -0.00643331  0.000644036            0  -0.00695497
  0.00161636   0.00153209   0.00695497            0
EndNode2[0]<--->HoM1[0]
REAL
   0.410642 -0.00515102  0.00287812    0.320643
-0.00515102   0.0801908 -0.00142286   0.0105432
 0.00287812 -0.00142286   0.0880906  0.00596668
   0.320643   0.0105432  0.00596668    0.421076
IMAGINARY
           0  0.000611045  -0.00128764   0.00700413
-0.000611045            0   0.00425436  -0.00733176
  0.00128764  -0.00425436            0   0.00605962
 -0.00700413   0.00733176  -0.00605962            0
Repeater1[0]<--->EndNode1[0]
REAL
   0.416168 -0.00378882 -0.00491689    0.323849
-0.00378882   0.0889707 -0.00423118 -0.00674251
-0.00491689 -0.00423118   0.0872833 -0.00260504
   0.323849 -0.00674251 -0.00260504    0.407578
IMAGINARY
           0   0.00643331  -0.00216885  -0.00161636
 -0.00643331            0  0.000644036  -0.00695497
  0.00216885 -0.000644036            0  -0.00153209
  0.00161636   0.00695497   0.00153209            0
Repeater1[0]<--->HoM1[0]
REAL
   0.410642  0.00287812 -0.00515102    0.320643
 0.00287812   0.0880906 -0.00142286  0.00596668
-0.00515102 -0.00142286   0.0801908   0.0105432
   0.320643  0.00596668   0.0105432    0.421076
IMAGINARY
           0  -0.00128764  0.000611045   0.00700413
  0.00128764            0  -0.00425436   0.00605962
-0.000611045   0.00425436            0  -0.00733176
 -0.00700413  -0.00605962   0.00733176            0
EndNode1[0]<--->Repeater1[0]
REAL
   0.409485  0.00349794   0.0054533    0.328579
 0.00349794   0.0875055 -0.00136684  0.00162075
  0.0054533 -0.00136684   0.0845691  0.00387713
   0.328579  0.00162075  0.00387713    0.418441
IMAGINARY
          0  0.00087329  -0.0027325  -0.0085294
-0.00087329           0 -0.00289285 -0.00204933
  0.0027325  0.00289285           0   0.0083915
  0.0085294  0.00204933  -0.0083915           0
EndNode2[0]<--->HoM1[0]
REAL
     0.41611    0.0016471   0.00149729     0.323957
   0.0016471    0.0907877  -0.00158213  0.000973883
  0.00149729  -0.00158213    0.0873758 -0.000673608
    0.323957  0.000973883 -0.000673608     0.405726
IMAGINARY
          0   0.0075334  0.00301491  0.00281249
 -0.0075334           0 -0.00549265 -0.00256527
-0.00301491  0.00549265           0 -0.00108856
-0.00281249  0.00256527  0.00108856           0
Repeater1[0]<--->EndNode1[0]
REAL
   0.409485   0.0054533  0.00349794    0.328579
  0.0054533   0.0845691 -0.00136684  0.00387713
 0.00349794 -0.00136684   0.0875055  0.00162075
   0.328579  0.00387713  0.00162075    0.418441
IMAGINARY
          0  -0.0027325  0.00087329  -0.0085294
  0.0027325           0  0.00289285   0.0083915
-0.00087329 -0.00289285           0 -0.00204933
  0.0085294  -0.0083915  0.00204933           0
Repeater1[0]<--->HoM1[0]
REAL
     0.41611   0.00149729    0.0016471     0.323957
  0.00149729    0.0873758  -0.00158213 -0.000673608
   0.0016471  -0.00158213    0.0907877  0.000973883
    0.323957 -0.000673608  0.000973883     0.405726
IMAGINARY
          0  0.00301491   0.0075334  0.00281249
-0.00301491           0  0.00549265 -0.00108856
 -0.0075334 -0.00549265           0 -0.00256527
-0.00281249  0.00108856  0.00256527           0
EndNode1[0]<--->Repeater1[0]
REAL
   0.408046  0.00470559  0.00169617     0.32454
 0.00470559   0.0836358  0.00117147 -0.00169617
 0.00169617  0.00117147   0.0893829 -0.00303993
    0.32454 -0.00169617 -0.00303993    0.418935
IMAGINARY
           0     0.010854  -0.00486502    0.0074381
   -0.010854            0   0.00287744   0.00137488
  0.00486502  -0.00287744            0  0.000830393
  -0.0074381  -0.00137488 -0.000830393            0
EndNode2[0]<--->HoM1[0]
REAL
    0.411374   0.00476497 -0.000356752     0.328851
  0.00476497     0.083161   0.00146243  -0.00466047
-0.000356752   0.00146243    0.0855244 -0.000945885
    0.328851  -0.00466047 -0.000945885     0.419941
IMAGINARY
           0  -0.00546022  -0.00197269   0.00175906
  0.00546022            0   0.00741046   0.00454222
  0.00197269  -0.00741046            0 -0.000736876
 -0.00175906  -0.00454222  0.000736876            0
Repeater1[0]<--->EndNode1[0]
REAL
   0.408046  0.00169617  0.00470559     0.32454
 0.00169617   0.0893829  0.00117147 -0.00303993
 0.00470559  0.00117147   0.0836358 -0.00169617
    0.32454 -0.00303993 -0.00169617    0.418935
IMAGINARY
           0  -0.00486502     0.010854    0.0074381
  0.00486502            0  -0.00287744  0.000830393
   -0.010854   0.00287744            0   0.00137488
  -0.0074381 -0.000830393  -0.00137488            0
Repeater1[0]<--->HoM1[0]
REAL
    0.411374 -0.000356752   0.00476497     0.328851
-0.000356752    0.0855244   0.00146243 -0.000945885
  0.00476497   0.00146243     0.083161  -0.00466047
    0.328851 -0.000945885  -0.00466047     0.419941
IMAGINARY
           0  -0.00197269  -0.00546022   0.00175906
  0.00197269            0  -0.00741046 -0.000736876
  0.00546022   0.00741046            0   0.00454222
 -0.00175906  0.000736876  -0.00454222            0
EndNode1[0]<--->Repeater1[0]
REAL
   0.401798   0.0052049  0.00514323    0.320998
  0.0052049    0.087191  0.00329405 -0.00017035
 0.00514323  0.00329405   0.0880899   0.0012749
   0.320998 -0.00017035   0.0012749    0.422921
IMAGINARY
          0  0.00298985  0.00390722 -0.00703931
-0.00298985           0 -0.00112304  0.00375734
-0.00390722  0.00112304           0  -0.0102036
 0.00703931 -0.00375734   0.0102036           0
EndNode2[0]<--->HoM1[0]
REAL
    0.403585  0.000445572  -0.00595447     0.327364
 0.000445572    0.0836095 -0.000623014  -0.00422852
 -0.00595447 -0.000623014    0.0845134  -0.00620118
    0.327364  -0.00422852  -0.00620118     0.428292
IMAGINARY
          0 -0.00182777   0.0057531  0.00605648
 0.00182777           0  0.00151928 -0.00597688
 -0.0057531 -0.00151928           0 -0.00287161
-0.00605648  0.00597688  0.00287161           0
Repeater1[0]<--->EndNode1[0]
REAL
   0.401798  0.00514323   0.0052049    0.320998
 0.00514323   0.0880899  0.00329405   0.0012749
  0.0052049  0.00329405    0.087191 -0.00017035
   0.320998   0.0012749 -0.00017035    0.422921
IMAGINARY
          0  0.00390722  0.00298985 -0.00703931
-0.00390722           0  0.00112304  -0.0102036
-0.00298985 -0.00112304           0  0.00375734
 0.00703931   0.0102036 -0.00375734           0
Repeater1[0]<--->HoM1[0]
REAL
    0.403585  -0.00595447  0.000445572     0.327364
 -0.00595447    0.0845134 -0.000623014  -0.00620118
 0.000445572 -0.000623014    0.0836095  -0.00422852
    0.327364  -0.00620118  -0.00422852     0.428292
IMAGINARY
          0   0.0057531 -0.00182777  0.00605648
 -0.0057531           0 -0.00151928 -0.00287161
 0.00182777  0.00151928           0 -0.00597688
-0.00605648  0.00287161  0.00597688           0
EndNode1[0]<--->Repeater1[0]
REAL
    0.413007   0.00619309 -0.000734736     0.321025
  0.00619309    0.0896333   0.00170293   0.00709796
-0.000734736   0.00170293    0.0875207  -0.00222543
    0.321025   0.00709796  -0.00222543     0.409839
IMAGINARY
           0    0.0015933 -0.000374916  -0.00425141
  -0.0015933            0 -0.000382367  -0.00253684
 0.000374916  0.000382367            0  -0.00614757
  0.00425141   0.00253684   0.00614757            0
EndNode2[0]<--->HoM1[0]
REAL
   0.416144 -0.00390786    -0.01387    0.325184
-0.00390786   0.0923605  0.00021048 -0.00859432
   -0.01387  0.00021048   0.0843032 -0.00443173
   0.325184 -0.00859432 -0.00443173    0.407192
IMAGINARY
           0   0.00424393   0.00132542  -0.00475831
 -0.00424393            0  0.000645857  -0.00140119
 -0.00132542 -0.000645857            0   0.00234798
  0.00475831   0.00140119  -0.00234798            0
Repeater1[0]<--->EndNode1[0]
REAL
    0.413007 -0.000734736   0.00619309     0.321025
-0.000734736    0.0875207   0.00170293  -0.00222543
  0.00619309   0.00170293    0.0896333   0.00709796
    0.321025  -0.00222543   0.00709796     0.409839
IMAGINARY
           0 -0.000374916    0.0015933  -0.00425141
 0.000374916            0  0.000382367  -0.00614757
  -0.0015933 -0.000382367            0  -0.00253684
  0.00425141   0.00614757   0.00253684            0
Repeater1[0]<--->HoM1[0]
REAL
   0.416144    -0.01387 -0.00390786    0.325184
   -0.01387   0.0843032  0.00021048 -0.00443173
-0.00390786  0.00021048   0.0923605 -0.00859432
   0.325184 -0.00443173 -0.00859432    0.407192
IMAGINARY
           0   0.00132542   0.00424393  -0.00475831
 -0.00132542            0 -0.000645857   0.00234798
 -0.00424393  0.000645857            0  -0.00140119
  0.00475831  -0.00234798   0.00140119            0
EndNode1[0]<--->Repeater1[0]
REAL
   0.413255 -0.00426119  -0.0013571    0.328228
-0.00426119   0.0839706 0.000109946  -0.0113586
 -0.0013571 0.000109946   0.0896686 -0.00633524
   0.328228  -0.0113586 -0.00633524    0.413105
IMAGINARY
           0   0.00420658  -0.00287915 -0.000307836
 -0.00420658            0   0.00603274   0.00340318
  0.00287915  -0.00603274            0  0.000958866
 0.000307836  -0.00340318 -0.000958866            0
EndNode2[0]<--->HoM1[0]
REAL
     0.41172  0.000661883  -0.00683333     0.331248
 0.000661883     0.083931 -0.000692652 -0.000124921
 -0.00683333 -0.000692652    0.0863727  -0.00547913
    0.331248 -0.000124921  -0.00547913     0.417976
IMAGINARY
           0 -0.000472654   0.00325473   0.00106484
 0.000472654            0  0.000768277   0.00137982
 -0.00325473 -0.000768277            0  -0.00385799
 -0.00106484  -0.00137982   0.00385799            0
Repeater1[0]<--->EndNode1[0]
REAL
   0.413255  -0.0013571 -0.00426119    0.328228
 -0.0013571   0.0896686 0.000109946 -0.00633524
-0.00426119 0.000109946   0.0839706  -0.0113586
   0.328228 -0.00633524  -0.0113586    0.413105
IMAGINARY
           0  -0.00287915   0.00420658 -0.000307836
  0.00287915            0  -0.00603274  0.000958866
 -0.00420658   0.00603274            0   0.00340318
 0.000307836 -0.000958866  -0.00340318            0
Repeater1[0]<--->HoM1[0]
REAL
     0.41172  -0.00683333  0.000661883     0.331248
 -0.00683333    0.0863727 -0.000692652  -0.00547913
 0.000661883 -0.000692652     0.083931 -0.000124921
    0.331248  -0.00547913 -0.000124921     0.417976
IMAGINARY
           0   0.00325473 -0.000472654   0.00106484
 -0.00325473            0 -0.000768277  -0.00385799
 0.000472654  0.000768277            0   0.00137982
 -0.00106484   0.00385799  -0.00137982            0
EndNode1[0]<--->Repeater1[0]
REAL
  0.414365 -3.088e-05 0.00104785   0.328279
-3.088e-05  0.0940094 0.00755809 0.00232432
0.00104785 0.00755809  0.0890297 0.00324976
  0.328279 0.00232432 0.00324976   0.402595
IMAGINARY
          0  0.00730911  0.00315315 -0.00475948
-0.00730911           0  0.00310932 -0.00840841
-0.00315315 -0.00310932           0  0.00365185
 0.00475948  0.00840841 -0.00365185           0
EndNode2[0]<--->HoM1[0]
REAL
   0.414609 -0.00741112 -0.00414368    0.321326
-0.00741112   0.0883101 -0.00198024 -0.00391719
-0.00414368 -0.00198024   0.0851669 -0.00140311
   0.321326 -0.00391719 -0.00140311    0.411914
IMAGINARY
          0 -0.00490956  0.00391072 -0.00549887
 0.00490956           0  0.00108204 -0.00231957
-0.00391072 -0.00108204           0 -0.00274312
 0.00549887  0.00231957  0.00274312           0
Repeater1[0]<--->EndNode1[0]
REAL
  0.414365 0.00104785 -3.088e-05   0.328279
0.00104785  0.0890297 0.00755809 0.00324976
-3.088e-05 0.00755809  0.0940094 0.00232432
  0.328279 0.00324976 0.00232432   0.402595
IMAGINARY
          0  0.00315315  0.00730911 -0.00475948
-0.00315315           0 -0.00310932  0.00365185
-0.00730911  0.00310932           0 -0.00840841
 0.00475948 -0.00365185  0.00840841           0
Repeater1[0]<--->HoM1[0]
REAL
   0.414609 -0.00414368 -0.00741112    0.321326
-0.00414368   0.0851669 -0.00198024 -0.00140311
-0.00741112 -0.00198024   0.0883101 -0.00391719
   0.321326 -0.00140311 -0.00391719    0.411914
IMAGINARY
          0  0.00391072 -0.00490956 -0.00549887
-0.00391072           0 -0.00108204 -0.00274312
 0.00490956  0.00108204           0 -0.00231957
 0.00549887  0.00274312  0.00231957           0
EndNode1[0]<--->Repeater1[0]
REAL
   0.413224 -0.00244879 -0.00517293    0.326243
-0.00244879   0.0909366 0.000864895  -0.0042035
-0.00517293 0.000864895   0.0889696  0.00161025
   0.326243  -0.0042035  0.00161025    0.406869
IMAGINARY
           0  -0.00543596  -0.00149951  -0.00194213
  0.00543596            0    0.0110439  0.000461862
  0.00149951   -0.0110439            0   0.00143359
  0.00194213 -0.000461862  -0.00143359            0
EndNode2[0]<--->HoM1[0]
REAL
    0.415885  -0.00737361    0.0015572      0.32629
 -0.00737361     0.086233  -0.00151885 -0.000611191
   0.0015572  -0.00151885    0.0815431  0.000751577
     0.32629 -0.000611191  0.000751577     0.416339
IMAGINARY
           0   0.00123804  0.000767515  -0.00325012
 -0.00123804            0   0.00525042   -0.0027626
-0.000767515  -0.00525042            0   0.00413336
  0.00325012    0.0027626  -0.00413336            0
Repeater1[0]<--->EndNode1[0]
REAL
   0.413224 -0.00517293 -0.00244879    0.326243
-0.00517293   0.0889696 0.000864895  0.00161025
-0.00244879 0.000864895   0.0909366  -0.0042035
   0.326243  0.00161025  -0.0042035    0.406869
IMAGINARY
           0  -0.00149951  -0.00543596  -0.00194213
  0.00149951            0   -0.0110439   0.00143359
  0.00543596    0.0110439            0  0.000461862
  0.00194213  -0.00143359 -0.000461862            0
Repeater1[0]<--->HoM1[0]
REAL
    0.415885    0.0015572  -0.00737361      0.32629
   0.0015572    0.0815431  -0.00151885  0.000751577
 -0.00737361  -0.00151885     0.086233 -0.000611191
     0.32629  0.000751577 -0.000611191     0.416339
IMAGINARY
           0  0.000767515   0.00123804  -0.00325012
-0.000767515            0  -0.00525042   0.00413336
 -0.00123804   0.00525042            0   -0.0027626
  0.00325012  -0.00413336    0.0027626            0
EndNode1[0]<--->Repeater1[0]
REAL
    0.409063 -0.000967698   0.00377793     0.326375
-0.000967698    0.0886707  -0.00096644   0.00130083
  0.00377793  -0.00096644    0.0865559   0.00516319
    0.326375   0.00130083   0.00516319      0.41571
IMAGINARY
           0   0.00237174   -0.0026386  -0.00147648
 -0.00237174            0   0.00475943 -0.000835718
   0.0026386  -0.00475943            0  0.000649409
  0.00147648  0.000835718 -0.000649409            0
EndNode2[0]<--->HoM1[0]
REAL
   0.409888 0.000911701   0.0117494    0.323019
0.000911701   0.0856929  0.00212299 -0.00117452
  0.0117494  0.00212299   0.0862921  0.00787591
   0.323019 -0.00117452  0.00787591    0.418127
IMAGINARY
           0  -0.00569779  5.64405e-06   -0.0035869
  0.00569779            0    0.0057736   -0.0020952
-5.64405e-06   -0.0057736            0  -0.00683952
   0.0035869    0.0020952   0.00683952            0
Repeater1[0]<--->EndNode1[0]
REAL
    0.409063   0.00377793 -0.000967698     0.326375
  0.00377793    0.0865559  -0.00096644   0.00516319
-0.000967698  -0.00096644    0.0886707   0.00130083
    0.326375   0.00516319   0.00130083      0.41571
IMAGINARY
           0   -0.0026386   0.00237174  -0.00147648
   0.0026386            0  -0.00475943  0.000649409
 -0.00237174   0.00475943            0 -0.000835718
  0.00147648 -0.000649409  0.000835718            0
Repeater1[0]<--->HoM1[0]
REAL
   0.409888   0.0117494 0.000911701    0.323019
  0.0117494   0.0862921  0.00212299  0.00787591
0.000911701  0.00212299   0.0856929 -0.00117452
   0.323019  0.00787591 -0.00117452    0.418127
IMAGINARY
           0  5.64405e-06  -0.00569779   -0.0035869
-5.64405e-06            0   -0.0057736  -0.00683952
  0.00569779    0.0057736            0   -0.0020952
   0.0035869   0.00683952    0.0020952            0
EndNode1[0]<--->Repeater1[0]
REAL
     0.41849  -0.00214608 -0.000552335     0.326167
 -0.00214608    0.0854548   0.00219045  -0.00488328
-0.000552335   0.00219045    0.0808397   0.00206952
    0.326167  -0.00488328   0.00206952     0.415215
IMAGINARY
           0  -0.00487277   0.00579125  0.000330643
  0.00487277            0  -0.00160101 -0.000951336
 -0.00579125   0.00160101            0   0.00360694
-0.000330643  0.000951336  -0.00360694            0
EndNode2[0]<--->HoM1[0]
REAL
     0.40324 -0.000876536  -0.00164515     0.321397
-0.000876536    0.0909091  -0.00365132  -0.00848006
 -0.00164515  -0.00365132    0.0852085  -0.00414742
    0.321397  -0.00848006  -0.00414742     0.420642
IMAGINARY
           0   0.00123889  0.000631104  -0.00242511
 -0.00123889            0   0.00316607  -0.00130688
-0.000631104  -0.00316607            0   0.00078844
  0.00242511   0.00130688  -0.00078844            0
Repeater1[0]<--->EndNode1[0]
REAL
     0.41849 -0.000552335  -0.00214608     0.326167
-0.000552335    0.0808397   0.00219045   0.00206952
 -0.00214608   0.00219045    0.0854548  -0.00488328
    0.326167   0.00206952  -0.00488328     0.415215
IMAGINARY
           0   0.00579125  -0.00487277  0.000330643
 -0.00579125            0   0.00160101   0.00360694
  0.00487277  -0.00160101            0 -0.000951336
-0.000330643  -0.00360694  0.000951336            0
Repeater1[0]<--->HoM1[0]
REAL
     0.40324  -0.00164515 -0.000876536     0.321397
 -0.00164515    0.0852085  -0.00365132  -0.00414742
-0.000876536  -0.00365132    0.0909091  -0.00848006
    0.321397  -0.00414742  -0.00848006     0.420642
IMAGINARY
           0  0.000631104   0.00123889  -0.00242511
-0.000631104            0  -0.00316607   0.00078844
 -0.00123889   0.00316607            0  -0.00130688
  0.00242511  -0.00078844   0.00130688            0
EndNode1[0]<--->Repeater1[0]
REAL
   0.418059 -0.00246968 -0.00150629    0.325945
-0.00246968    0.089541 -0.00109923 -0.00217405
-0.00150629 -0.00109923   0.0884876 -0.00421501
   0.325945 -0.00217405 -0.00421501    0.403913
IMAGINARY
          0 -0.00974238  0.00130955  0.00346245
 0.00974238           0   0.0055008  0.00992228
-0.00130955  -0.0055008           0 -0.00677502
-0.00346245 -0.00992228  0.00677502           0
EndNode2[0]<--->HoM1[0]
REAL
   0.402654  0.00912146  0.00200055    0.328852
 0.00912146   0.0858091 -0.00109981  0.00222268
 0.00200055 -0.00109981   0.0864123 -0.00308828
   0.328852  0.00222268 -0.00308828    0.425124
IMAGINARY
          0  0.00304314  0.00529947  -0.0100959
-0.00304314           0    0.003115 -0.00321117
-0.00529947   -0.003115           0 -0.00513145
  0.0100959  0.00321117  0.00513145           0
Repeater1[0]<--->EndNode1[0]
REAL
   0.418059 -0.00150629 -0.00246968    0.325945
-0.00150629   0.0884876 -0.00109923 -0.00421501
-0.00246968 -0.00109923    0.089541 -0.00217405
