EndNode1[0]<--->Repeater1[0]
REAL
    0.421257 -0.000498144   0.00368756     0.323593
-0.000498144    0.0868786  0.000283836  -0.00102799
  0.00368756  0.000283836    0.0852366   0.00138467
    0.323593  -0.00102799   0.00138467     0.406628
IMAGINARY
          0  0.00117413 -0.00928424 -0.00339973
-0.00117413           0  0.00720286   0.0134734
 0.00928424 -0.00720286           0 -0.00252063
 0.00339973  -0.0134734  0.00252063           0
EndNode2[0]<--->HoM1[0]
REAL
       0.418  -0.00337688   0.00272955     0.321632
 -0.00337688     0.092839   0.00278881 -0.000102042
  0.00272955   0.00278881    0.0840185   0.00167672
    0.321632 -0.000102042   0.00167672     0.405143
IMAGINARY
           0  -0.00233381  -0.00772553  0.000964404
  0.00233381            0  0.000592767 -0.000302337
  0.00772553 -0.000592767            0 -0.000847043
-0.000964404  0.000302337  0.000847043            0
Repeater1[0]<--->EndNode1[0]
REAL
    0.421257   0.00368756 -0.000498144     0.323593
  0.00368756    0.0852366  0.000283836   0.00138467
-0.000498144  0.000283836    0.0868786  -0.00102799
    0.323593   0.00138467  -0.00102799     0.406628
IMAGINARY
          0 -0.00928424  0.00117413 -0.00339973
 0.00928424           0 -0.00720286 -0.00252063
-0.00117413  0.00720286           0   0.0134734
 0.00339973  0.00252063  -0.0134734           0
Repeater1[0]<--->HoM1[0]
REAL
       0.418   0.00272955  -0.00337688     0.321632
  0.00272955    0.0840185   0.00278881   0.00167672
 -0.00337688   0.00278881     0.092839 -0.000102042
    0.321632   0.00167672 -0.000102042     0.405143
IMAGINARY
           0  -0.00772553  -0.00233381  0.000964404
  0.00772553            0 -0.000592767 -0.000847043
  0.00233381  0.000592767            0 -0.000302337
-0.000964404  0.000847043  0.000302337            0
EndNode1[0]<--->Repeater1[0]
REAL
    0.42378  0.00475208  0.00416833    0.321673
 0.00475208   0.0846037 -0.00140017  0.00206497
 0.00416833 -0.00140017   0.0853659 -0.00311955
   0.321673  0.00206497 -0.00311955     0.40625
IMAGINARY
          0  0.00262034  0.00302124 -0.00708255
-0.00262034           0   0.0040948 -0.00507322
-0.00302124  -0.0040948           0  0.00247162
 0.00708255  0.00507322 -0.00247162           0
EndNode2[0]<--->HoM1[0]
REAL
    0.417364   0.00750944   0.00509481     0.325128
  0.00750944    0.0780036   0.00392456 -0.000813606
  0.00509481   0.00392456    0.0883144   0.00428266
    0.325128 -0.000813606   0.00428266     0.416318
IMAGINARY
           0  -0.00342001   0.00401806   0.00881162
  0.00342001            0   0.00283376  -0.00161205
 -0.00401806  -0.00283376            0 -0.000640143
 -0.00881162   0.00161205  0.000640143            0
Repeater1[0]<--->EndNode1[0]
REAL
    0.42378  0.00416833  0.00475208    0.321673
 0.00416833   0.0853659 -0.00140017 -0.00311955
 0.00475208 -0.00140017   0.0846037  0.00206497
   0.321673 -0.00311955  0.00206497     0.40625
IMAGINARY
          0  0.00302124  0.00262034 -0.00708255
-0.00302124           0  -0.0040948  0.00247162
-0.00262034   0.0040948           0 -0.00507322
 0.00708255 -0.00247162  0.00507322           0
Repeater1[0]<--->HoM1[0]
REAL
    0.417364   0.00509481   0.00750944     0.325128
  0.00509481    0.0883144   0.00392456   0.00428266
  0.00750944   0.00392456    0.0780036 -0.000813606
    0.325128   0.00428266 -0.000813606     0.416318
IMAGINARY
           0   0.00401806  -0.00342001   0.00881162
 -0.00401806            0  -0.00283376 -0.000640143
  0.00342001   0.00283376            0  -0.00161205
 -0.00881162  0.000640143   0.00161205            0
EndNode1[0]<--->Repeater1[0]
REAL
   0.406137   0.0115381 -0.00277533    0.325688
  0.0115381    0.090704 -0.00284939  -0.0017441
-0.00277533 -0.00284939   0.0890493 -0.00731993
   0.325688  -0.0017441 -0.00731993     0.41411
IMAGINARY
          0 -0.00449827  0.00277461  0.00356794
 0.00449827           0 -0.00236566   0.0040809
-0.00277461  0.00236566           0 -0.00567198
-0.00356794  -0.0040809  0.00567198           0
EndNode2[0]<--->HoM1[0]
REAL
   0.420802  0.00198519 -0.00407242    0.323377
 0.00198519   0.0867233 -0.00700239  0.00273751
-0.00407242 -0.00700239   0.0928327 -0.00243016
   0.323377  0.00273751 -0.00243016    0.399642
IMAGINARY
           0 -0.000148621 -0.000800134   0.00225429
 0.000148621            0  0.000543233   0.00623573
 0.000800134 -0.000543233            0  -0.00215964
 -0.00225429  -0.00623573   0.00215964            0
Repeater1[0]<--->EndNode1[0]
REAL
   0.406137 -0.00277533   0.0115381    0.325688
-0.00277533   0.0890493 -0.00284939 -0.00731993
  0.0115381 -0.00284939    0.090704  -0.0017441
   0.325688 -0.00731993  -0.0017441     0.41411
IMAGINARY
          0  0.00277461 -0.00449827  0.00356794
-0.00277461           0  0.00236566 -0.00567198
 0.00449827 -0.00236566           0   0.0040809
-0.00356794  0.00567198  -0.0040809           0
Repeater1[0]<--->HoM1[0]
REAL
   0.420802 -0.00407242  0.00198519    0.323377
-0.00407242   0.0928327 -0.00700239 -0.00243016
 0.00198519 -0.00700239   0.0867233  0.00273751
   0.323377 -0.00243016  0.00273751    0.399642
IMAGINARY
           0 -0.000800134 -0.000148621   0.00225429
 0.000800134            0 -0.000543233  -0.00215964
 0.000148621  0.000543233            0   0.00623573
 -0.00225429   0.00215964  -0.00623573            0
EndNode1[0]<--->Repeater1[0]
REAL
   0.410385  0.00519041  0.00548577    0.326564
 0.00519041   0.0846658 -0.00327125 0.000479041
 0.00548577 -0.00327125   0.0825339  0.00211648
   0.326564 0.000479041  0.00211648    0.422415
IMAGINARY
          0 -0.00197997 -0.00235863 -0.00728677
 0.00197997           0 -0.00236923 -0.00183927
 0.00235863  0.00236923           0 -0.00026891
 0.00728677  0.00183927  0.00026891           0
EndNode2[0]<--->HoM1[0]
REAL
    0.410362 -0.000885324    0.0019596     0.326111
-0.000885324    0.0919174   0.00343422  -0.00544445
   0.0019596   0.00343422      0.09055   0.00149138
    0.326111  -0.00544445   0.00149138     0.407171
IMAGINARY
          0 -0.00507136  0.00150327 -0.00944012
 0.00507136           0 -0.00314365 -0.00135388
-0.00150327  0.00314365           0  0.00268116
 0.00944012  0.00135388 -0.00268116           0
Repeater1[0]<--->EndNode1[0]
REAL
   0.410385  0.00548577  0.00519041    0.326564
 0.00548577   0.0825339 -0.00327125  0.00211648
 0.00519041 -0.00327125   0.0846658 0.000479041
   0.326564  0.00211648 0.000479041    0.422415
IMAGINARY
          0 -0.00235863 -0.00197997 -0.00728677
 0.00235863           0  0.00236923 -0.00026891
 0.00197997 -0.00236923           0 -0.00183927
 0.00728677  0.00026891  0.00183927           0
Repeater1[0]<--->HoM1[0]
REAL
    0.410362    0.0019596 -0.000885324     0.326111
   0.0019596      0.09055   0.00343422   0.00149138
-0.000885324   0.00343422    0.0919174  -0.00544445
    0.326111   0.00149138  -0.00544445     0.407171
IMAGINARY
          0  0.00150327 -0.00507136 -0.00944012
-0.00150327           0  0.00314365  0.00268116
 0.00507136 -0.00314365           0 -0.00135388
 0.00944012 -0.00268116  0.00135388           0
EndNode1[0]<--->Repeater1[0]
REAL
    0.418587  -0.00748997 -0.000769514     0.328291
 -0.00748997    0.0876983  -0.00226158  -0.00159945
-0.000769514  -0.00226158    0.0839569   0.00497294
    0.328291  -0.00159945   0.00497294     0.409758
IMAGINARY
           0  -0.00606216 -7.58495e-05  -0.00799944
  0.00606216            0  -0.00170636  -0.00402002
 7.58495e-05   0.00170636            0   0.00424177
  0.00799944   0.00402002  -0.00424177            0
EndNode2[0]<--->HoM1[0]
REAL
    0.410145 -0.000459854   0.00434746     0.331525
-0.000459854    0.0867874   0.00198253 -0.000252149
  0.00434746   0.00198253    0.0839443   0.00902277
    0.331525 -0.000252149   0.00902277     0.419123
IMAGINARY
          0   0.0034809 -0.00172033  0.00533947
 -0.0034809           0   0.0094341  0.00702819
 0.00172033  -0.0094341           0 -0.00150941
-0.00533947 -0.00702819  0.00150941           0
Repeater1[0]<--->EndNode1[0]
REAL
    0.418587 -0.000769514  -0.00748997     0.328291
-0.000769514    0.0839569  -0.00226158   0.00497294
 -0.00748997  -0.00226158    0.0876983  -0.00159945
    0.328291   0.00497294  -0.00159945     0.409758
IMAGINARY
           0 -7.58495e-05  -0.00606216  -0.00799944
 7.58495e-05            0   0.00170636   0.00424177
  0.00606216  -0.00170636            0  -0.00402002
  0.00799944  -0.00424177   0.00402002            0
Repeater1[0]<--->HoM1[0]
REAL
    0.410145   0.00434746 -0.000459854     0.331525
  0.00434746    0.0839443   0.00198253   0.00902277
-0.000459854   0.00198253    0.0867874 -0.000252149
    0.331525   0.00902277 -0.000252149     0.419123
IMAGINARY
          0 -0.00172033   0.0034809  0.00533947
 0.00172033           0  -0.0094341 -0.00150941
 -0.0034809   0.0094341           0  0.00702819
-0.00533947  0.00150941 -0.00702819           0
EndNode1[0]<--->Repeater1[0]
REAL
   0.415043 -0.00132926  0.00188791    0.324219
-0.00132926   0.0878034  0.00467108 -0.00979573
 0.00188791  0.00467108   0.0821097 -0.00356606
   0.324219 -0.00979573 -0.00356606    0.415043
IMAGINARY
          0  0.00375048  0.00273193 -0.00136281
-0.00375048           0  -0.0010626  0.00265584
-0.00273193   0.0010626           0 -0.00807587
 0.00136281 -0.00265584  0.00807587           0
EndNode2[0]<--->HoM1[0]
REAL
   0.405397 -0.00569983 0.000662535    0.323423
-0.00569983   0.0854279 -0.00285728 0.000289567
0.000662535 -0.00285728   0.0912876 -0.00286908
   0.323423 0.000289567 -0.00286908    0.417887
IMAGINARY
           0   0.00619466  -0.00263585   -0.0059704
 -0.00619466            0  0.000261768  -0.00698238
  0.00263585 -0.000261768            0   0.00460736
   0.0059704   0.00698238  -0.00460736            0
Repeater1[0]<--->EndNode1[0]
REAL
   0.415043  0.00188791 -0.00132926    0.324219
 0.00188791   0.0821097  0.00467108 -0.00356606
-0.00132926  0.00467108   0.0878034 -0.00979573
   0.324219 -0.00356606 -0.00979573    0.415043
IMAGINARY
          0  0.00273193  0.00375048 -0.00136281
-0.00273193           0   0.0010626 -0.00807587
-0.00375048  -0.0010626           0  0.00265584
 0.00136281  0.00807587 -0.00265584           0
Repeater1[0]<--->HoM1[0]
REAL
   0.405397 0.000662535 -0.00569983    0.323423
0.000662535   0.0912876 -0.00285728 -0.00286908
-0.00569983 -0.00285728   0.0854279 0.000289567
   0.323423 -0.00286908 0.000289567    0.417887
IMAGINARY
           0  -0.00263585   0.00619466   -0.0059704
  0.00263585            0 -0.000261768   0.00460736
 -0.00619466  0.000261768            0  -0.00698238
   0.0059704  -0.00460736   0.00698238            0
EndNode1[0]<--->Repeater1[0]
REAL
   0.405397 0.000188392  0.00775371    0.325172
0.000188392   0.0851802  -0.0050785 -0.00587656
 0.00775371  -0.0050785   0.0824665  0.00198911
   0.325172 -0.00587656  0.00198911    0.426956
IMAGINARY
           0   0.00642141  -0.00308608  -0.00275056
 -0.00642141            0  -0.00222082  0.000940161
  0.00308608   0.00222082            0  0.000608336
  0.00275056 -0.000940161 -0.000608336            0
EndNode2[0]<--->HoM1[0]
REAL
   0.409473 0.000837499  0.00720285    0.328812
0.000837499    0.091673  0.00226288 -0.00464338
 0.00720285  0.00226288   0.0880061  0.00292643
   0.328812 -0.00464338  0.00292643    0.410848
IMAGINARY
           0   0.00242608  -0.00681673   0.00543658
 -0.00242608            0   0.00394271 -1.80258e-05
  0.00681673  -0.00394271            0 -0.000147829
 -0.00543658  1.80258e-05  0.000147829            0
Repeater1[0]<--->EndNode1[0]
REAL
   0.405397  0.00775371 0.000188392    0.325172
 0.00775371   0.0824665  -0.0050785  0.00198911
0.000188392  -0.0050785   0.0851802 -0.00587656
   0.325172  0.00198911 -0.00587656    0.426956
IMAGINARY
           0  -0.00308608   0.00642141  -0.00275056
  0.00308608            0   0.00222082  0.000608336
 -0.00642141  -0.00222082            0  0.000940161
  0.00275056 -0.000608336 -0.000940161            0
Repeater1[0]<--->HoM1[0]
REAL
   0.409473  0.00720285 0.000837499    0.328812
 0.00720285   0.0880061  0.00226288  0.00292643
0.000837499  0.00226288    0.091673 -0.00464338
   0.328812  0.00292643 -0.00464338    0.410848
IMAGINARY
           0  -0.00681673   0.00242608   0.00543658
  0.00681673            0  -0.00394271 -0.000147829
 -0.00242608   0.00394271            0 -1.80258e-05
 -0.00543658  0.000147829  1.80258e-05            0
EndNode1[0]<--->Repeater1[0]
REAL
    0.406245   -0.0060074 -0.000326997      0.32519
  -0.0060074    0.0932267    0.0012662  -0.00540814
-0.000326997    0.0012662    0.0846281  -0.00196221
     0.32519  -0.00540814  -0.00196221       0.4159
IMAGINARY
           0   0.00350835 -0.000907684   0.00230794
 -0.00350835            0    0.0036303  -0.00303988
 0.000907684   -0.0036303            0  -0.00164629
 -0.00230794   0.00303988   0.00164629            0
EndNode2[0]<--->HoM1[0]
REAL
    0.411145  -0.00143641 -0.000466543     0.327405
 -0.00143641    0.0871756  -0.00109477  -0.00239647
-0.000466543  -0.00109477    0.0838168   0.00899771
    0.327405  -0.00239647   0.00899771     0.417863
IMAGINARY
           0   0.00374078 -0.000199058  -0.00489856
 -0.00374078            0   0.00189902  -0.00178828
 0.000199058  -0.00189902            0  -0.00366717
  0.00489856   0.00178828   0.00366717            0
Repeater1[0]<--->EndNode1[0]
REAL
    0.406245 -0.000326997   -0.0060074      0.32519
-0.000326997    0.0846281    0.0012662  -0.00196221
  -0.0060074    0.0012662    0.0932267  -0.00540814
     0.32519  -0.00196221  -0.00540814       0.4159
IMAGINARY
           0 -0.000907684   0.00350835   0.00230794
 0.000907684            0   -0.0036303  -0.00164629
 -0.00350835    0.0036303            0  -0.00303988
 -0.00230794   0.00164629   0.00303988            0
Repeater1[0]<--->HoM1[0]
REAL
    0.411145 -0.000466543  -0.00143641     0.327405
-0.000466543    0.0838168  -0.00109477   0.00899771
 -0.00143641  -0.00109477    0.0871756  -0.00239647
    0.327405   0.00899771  -0.00239647     0.417863
IMAGINARY
           0 -0.000199058   0.00374078  -0.00489856
 0.000199058            0  -0.00189902  -0.00366717
 -0.00374078   0.00189902            0  -0.00178828
  0.00489856   0.00366717   0.00178828            0
EndNode1[0]<--->Repeater1[0]
REAL
   0.405512 0.000694004 -0.00545019    0.325176
0.000694004   0.0934282  0.00107849  0.00574719
-0.00545019  0.00107849   0.0820715    0.006137
   0.325176  0.00574719    0.006137    0.418988
IMAGINARY
          0  0.00453451  0.00602376  0.00451835
-0.00453451           0  0.00466761 -0.00443838
-0.00602376 -0.00466761           0  0.00550626
-0.00451835  0.00443838 -0.00550626           0
EndNode2[0]<--->HoM1[0]
REAL
   0.417793 -0.00612363 -0.00100784    0.325952
-0.00612363   0.0849723  0.00182833 -0.00439717
-0.00100784  0.00182833    0.084665  0.00205136
   0.325952 -0.00439717  0.00205136    0.412569
IMAGINARY
          0  0.00485155  0.00200728  -0.0051417
-0.00485155           0  0.00251762 -0.00690925
-0.00200728 -0.00251762           0 -0.00292047
  0.0051417  0.00690925  0.00292047           0
Repeater1[0]<--->EndNode1[0]
REAL
   0.405512 -0.00545019 0.000694004    0.325176
-0.00545019   0.0820715  0.00107849    0.006137
0.000694004  0.00107849   0.0934282  0.00574719
   0.325176    0.006137  0.00574719    0.418988
IMAGINARY
          0  0.00602376  0.00453451  0.00451835
-0.00602376           0 -0.00466761  0.00550626
-0.00453451  0.00466761           0 -0.00443838
-0.00451835 -0.00550626  0.00443838           0
Repeater1[0]<--->HoM1[0]
REAL
   0.417793 -0.00100784 -0.00612363    0.325952
-0.00100784    0.084665  0.00182833  0.00205136
-0.00612363  0.00182833   0.0849723 -0.00439717
   0.325952  0.00205136 -0.00439717    0.412569
IMAGINARY
          0  0.00200728  0.00485155  -0.0051417
-0.00200728           0 -0.00251762 -0.00292047
-0.00485155  0.00251762           0 -0.00690925
  0.0051417  0.00292047  0.00690925           0
EndNode1[0]<--->Repeater1[0]
REAL
    0.408756   0.00684023   0.00862964     0.326549
  0.00684023    0.0902663 -0.000938912  -0.00176988
  0.00862964 -0.000938912    0.0859034   0.00123904
    0.326549  -0.00176988   0.00123904     0.415074
IMAGINARY
          0 -0.00530802  -0.0054887  0.00947601
 0.00530802           0 -0.00844992  0.00119847
  0.0054887  0.00844992           0  0.00387794
-0.00947601 -0.00119847 -0.00387794           0
EndNode2[0]<--->HoM1[0]
REAL
     0.41357 -7.97803e-05   0.00485089     0.321936
-7.97803e-05    0.0872375   0.00141593   0.00447803
  0.00485089   0.00141593     0.089881   0.00910777
    0.321936   0.00447803   0.00910777     0.409311
IMAGINARY
           0   -0.0105543  -0.00511213  -0.00101017
   0.0105543            0  0.000270527   0.00473602
  0.00511213 -0.000270527            0  -0.00125553
  0.00101017  -0.00473602   0.00125553            0
Repeater1[0]<--->EndNode1[0]
REAL
    0.408756   0.00862964   0.00684023     0.326549
  0.00862964    0.0859034 -0.000938912   0.00123904
  0.00684023 -0.000938912    0.0902663  -0.00176988
    0.326549   0.00123904  -0.00176988     0.415074
IMAGINARY
          0  -0.0054887 -0.00530802  0.00947601
  0.0054887           0  0.00844992  0.00387794
 0.00530802 -0.00844992           0  0.00119847
-0.00947601 -0.00387794 -0.00119847           0
Repeater1[0]<--->HoM1[0]
REAL
     0.41357   0.00485089 -7.97803e-05     0.321936
  0.00485089     0.089881   0.00141593   0.00910777
-7.97803e-05   0.00141593    0.0872375   0.00447803
    0.321936   0.00910777   0.00447803     0.409311
IMAGINARY
           0  -0.00511213   -0.0105543  -0.00101017
  0.00511213            0 -0.000270527  -0.00125553
   0.0105543  0.000270527            0   0.00473602
  0.00101017   0.00125553  -0.00473602            0
EndNode1[0]<--->Repeater1[0]
REAL
    0.418245 -0.000803318   0.00534033      0.33061
-0.000803318    0.0838593   0.00366694   0.00076995
  0.00534033   0.00366694     0.085813   0.00721166
     0.33061   0.00076995   0.00721166     0.412083
IMAGINARY
          0  0.00130738   0.0042491  0.00464303
-0.00130738           0  0.00412627  0.00259198
 -0.0042491 -0.00412627           0 -0.00709598
-0.00464303 -0.00259198  0.00709598           0
EndNode2[0]<--->HoM1[0]
REAL
   0.418084 0.000123553 -0.00553419    0.323992
0.000123553   0.0846016  0.00309163  0.00151634
-0.00553419  0.00309163   0.0916144 -0.00354617
   0.323992  0.00151634 -0.00354617      0.4057
IMAGINARY
          0 -0.00521345 -0.00879107 -0.00463473
 0.00521345           0  -0.0017116  0.00749435
 0.00879107   0.0017116           0 -0.00264315
 0.00463473 -0.00749435  0.00264315           0
Repeater1[0]<--->EndNode1[0]
REAL
    0.418245   0.00534033 -0.000803318      0.33061
  0.00534033     0.085813   0.00366694   0.00721166
-0.000803318   0.00366694    0.0838593   0.00076995
     0.33061   0.00721166   0.00076995     0.412083
IMAGINARY
          0   0.0042491  0.00130738  0.00464303
 -0.0042491           0 -0.00412627 -0.00709598
-0.00130738  0.00412627           0  0.00259198
-0.00464303  0.00709598 -0.00259198           0
Repeater1[0]<--->HoM1[0]
REAL
   0.418084 -0.00553419 0.000123553    0.323992
-0.00553419   0.0916144  0.00309163 -0.00354617
0.000123553  0.00309163   0.0846016  0.00151634
   0.323992 -0.00354617  0.00151634      0.4057
IMAGINARY
          0 -0.00879107 -0.00521345 -0.00463473
 0.00879107           0   0.0017116 -0.00264315
 0.00521345  -0.0017116           0  0.00749435
 0.00463473  0.00264315 -0.00749435           0
EndNode1[0]<--->Repeater1[0]
REAL
    0.409814   -0.0023251   -0.0014248     0.321853
  -0.0023251    0.0924794  0.000218835  -0.00683346
  -0.0014248  0.000218835    0.0825436 -0.000677902
    0.321853  -0.00683346 -0.000677902     0.415164
IMAGINARY
           0    0.0087611  -0.00168815 -0.000378962
  -0.0087611            0   0.00625954    -0.004149
  0.00168815  -0.00625954            0   0.00668148
 0.000378962     0.004149  -0.00668148            0
EndNode2[0]<--->HoM1[0]
REAL
    0.41688  0.00574832  0.00267677    0.323142
 0.00574832   0.0881601  0.00362936  0.00556866
 0.00267677  0.00362936   0.0853016 0.000417186
   0.323142  0.00556866 0.000417186    0.409658
IMAGINARY
           0 -0.000187883  0.000839961  -0.00480405
 0.000187883            0   -0.0030682  -0.00106408
-0.000839961    0.0030682            0  0.000411997
  0.00480405   0.00106408 -0.000411997            0
Repeater1[0]<--->EndNode1[0]
REAL
    0.409814   -0.0014248   -0.0023251     0.321853
  -0.0014248    0.0825436  0.000218835 -0.000677902
  -0.0023251  0.000218835    0.0924794  -0.00683346
    0.321853 -0.000677902  -0.00683346     0.415164
IMAGINARY
           0  -0.00168815    0.0087611 -0.000378962
  0.00168815            0  -0.00625954   0.00668148
  -0.0087611   0.00625954            0    -0.004149
 0.000378962  -0.00668148     0.004149            0
Repeater1[0]<--->HoM1[0]
REAL
    0.41688  0.00267677  0.00574832    0.323142
 0.00267677   0.0853016  0.00362936 0.000417186
 0.00574832  0.00362936   0.0881601  0.00556866
   0.323142 0.000417186  0.00556866    0.409658
IMAGINARY
           0  0.000839961 -0.000187883  -0.00480405
-0.000839961            0    0.0030682  0.000411997
 0.000187883   -0.0030682            0  -0.00106408
  0.00480405 -0.000411997   0.00106408            0
EndNode1[0]<--->Repeater1[0]
REAL
   0.412807  -0.0057101 -0.00179545    0.325901
 -0.0057101   0.0874962 -0.00230257  0.00135297
-0.00179545 -0.00230257   0.0885559  0.00231777
   0.325901  0.00135297  0.00231777    0.411141
IMAGINARY
           0  -0.00534414  -0.00352999  0.000693972
  0.00534414            0  -0.00120891    0.0117217
  0.00352999   0.00120891            0  -0.00652234
-0.000693972   -0.0117217   0.00652234            0
EndNode2[0]<--->HoM1[0]
REAL
    0.413574 -0.000415345  -0.00279185     0.322184
-0.000415345    0.0894573   0.00117675   0.00112972
 -0.00279185   0.00117675    0.0860565 -0.000189067
    0.322184   0.00112972 -0.000189067     0.410912
IMAGINARY
           0   -0.0066366  -0.00212232 -0.000248102
   0.0066366            0   0.00423486   0.00264526
  0.00212232  -0.00423486            0  -0.00225329
 0.000248102  -0.00264526   0.00225329            0
Repeater1[0]<--->EndNode1[0]
REAL
   0.412807 -0.00179545  -0.0057101    0.325901
-0.00179545   0.0885559 -0.00230257  0.00231777
 -0.0057101 -0.00230257   0.0874962  0.00135297
   0.325901  0.00231777  0.00135297    0.411141
IMAGINARY
           0  -0.00352999  -0.00534414  0.000693972
  0.00352999            0   0.00120891  -0.00652234
  0.00534414  -0.00120891            0    0.0117217
-0.000693972   0.00652234   -0.0117217            0
Repeater1[0]<--->HoM1[0]
REAL
    0.413574  -0.00279185 -0.000415345     0.322184
 -0.00279185    0.0860565   0.00117675 -0.000189067
-0.000415345   0.00117675    0.0894573   0.00112972
    0.322184 -0.000189067   0.00112972     0.410912
IMAGINARY
           0  -0.00212232   -0.0066366 -0.000248102
  0.00212232            0  -0.00423486  -0.00225329
   0.0066366   0.00423486            0   0.00264526
 0.000248102   0.00225329  -0.00264526            0
EndNode1[0]<--->Repeater1[0]
REAL
   0.417427 -0.00356832 0.000209014     0.32608
-0.00356832   0.0945864  0.00498436  0.00160587
0.000209014  0.00498436   0.0789234   0.0103741
    0.32608  0.00160587   0.0103741    0.409063
IMAGINARY
           0  0.000908532    0.0110524   0.00217901
-0.000908532            0   0.00542527  -0.00761786
  -0.0110524  -0.00542527            0 -0.000984856
 -0.00217901   0.00761786  0.000984856            0
EndNode2[0]<--->HoM1[0]
REAL
    0.413021   0.00716223   0.00466279     0.323885
  0.00716223    0.0842721 -0.000211154  -0.00205622
  0.00466279 -0.000211154    0.0883687   0.00617723
    0.323885  -0.00205622   0.00617723     0.414338
IMAGINARY
          0 -0.00192253  0.00585621  0.00305911
 0.00192253           0 -0.00217101  0.00021966
-0.00585621  0.00217101           0 -0.00222685
-0.00305911 -0.00021966  0.00222685           0
Repeater1[0]<--->EndNode1[0]
REAL
   0.417427 0.000209014 -0.00356832     0.32608
0.000209014   0.0789234  0.00498436   0.0103741
-0.00356832  0.00498436   0.0945864  0.00160587
    0.32608   0.0103741  0.00160587    0.409063
IMAGINARY
           0    0.0110524  0.000908532   0.00217901
  -0.0110524            0  -0.00542527 -0.000984856
-0.000908532   0.00542527            0  -0.00761786
 -0.00217901  0.000984856   0.00761786            0
Repeater1[0]<--->HoM1[0]
REAL
    0.413021   0.00466279   0.00716223     0.323885
  0.00466279    0.0883687 -0.000211154   0.00617723
  0.00716223 -0.000211154    0.0842721  -0.00205622
    0.323885   0.00617723  -0.00205622     0.414338
IMAGINARY
          0  0.00585621 -0.00192253  0.00305911
-0.00585621           0  0.00217101 -0.00222685
 0.00192253 -0.00217101           0  0.00021966
-0.00305911  0.00222685 -0.00021966           0
EndNode1[0]<--->Repeater1[0]
REAL
    0.401506   0.00632129    0.0044062     0.325018
  0.00632129    0.0902245  0.000573468   0.00180681
   0.0044062  0.000573468    0.0810691 -0.000552062
    0.325018   0.00180681 -0.000552062       0.4272
IMAGINARY
           0   -0.0048542   0.00463012   0.00218046
   0.0048542            0  -0.00195177  0.000582146
 -0.00463012   0.00195177            0   0.00326786
 -0.00218046 -0.000582146  -0.00326786            0
EndNode2[0]<--->HoM1[0]
REAL
   0.420338  0.00702267  0.00145845    0.328575
 0.00702267   0.0864461 -0.00438222   0.0112388
 0.00145845 -0.00438222   0.0812624  0.00597508
   0.328575   0.0112388  0.00597508    0.411953
IMAGINARY
           0  -0.00662119   0.00147081   0.00104562
  0.00662119            0  0.000439379   0.00176763
 -0.00147081 -0.000439379            0   0.00323212
 -0.00104562  -0.00176763  -0.00323212            0
Repeater1[0]<--->EndNode1[0]
REAL
    0.401506    0.0044062   0.00632129     0.325018
   0.0044062    0.0810691  0.000573468 -0.000552062
  0.00632129  0.000573468    0.0902245   0.00180681
    0.325018 -0.000552062   0.00180681       0.4272
IMAGINARY
           0   0.00463012   -0.0048542   0.00218046
 -0.00463012            0   0.00195177   0.00326786
   0.0048542  -0.00195177            0  0.000582146
 -0.00218046  -0.00326786 -0.000582146            0
Repeater1[0]<--->HoM1[0]
REAL
   0.420338  0.00145845  0.00702267    0.328575
 0.00145845   0.0812624 -0.00438222  0.00597508
 0.00702267 -0.00438222   0.0864461   0.0112388
   0.328575  0.00597508   0.0112388    0.411953
IMAGINARY
           0   0.00147081  -0.00662119   0.00104562
 -0.00147081            0 -0.000439379   0.00323212
  0.00662119  0.000439379            0   0.00176763
 -0.00104562  -0.00323212  -0.00176763            0
EndNode1[0]<--->Repeater1[0]
REAL
   0.413294 0.000173594  0.00332935    0.323096
0.000173594   0.0943988  0.00354401  0.00295948
 0.00332935  0.00354401    0.084242  0.00308448
   0.323096  0.00295948  0.00308448    0.408066
IMAGINARY
           0  0.000147529   -0.0023475  0.000491931
-0.000147529            0  -0.00488116  0.000482408
   0.0023475   0.00488116            0   0.00280553
-0.000491931 -0.000482408  -0.00280553            0
EndNode2[0]<--->HoM1[0]
REAL
    0.405349  -0.00388254  0.000804922     0.325356
 -0.00388254    0.0886418   0.00114538  -0.00148561
 0.000804922   0.00114538    0.0925481 -0.000882243
    0.325356  -0.00148561 -0.000882243     0.413462
IMAGINARY
          0  0.00746622 -0.00511346  0.00200441
-0.00746622           0 -0.00148069 -0.00420985
 0.00511346  0.00148069           0  0.00290972
-0.00200441  0.00420985 -0.00290972           0
Repeater1[0]<--->EndNode1[0]
REAL
   0.413294  0.00332935 0.000173594    0.323096
 0.00332935    0.084242  0.00354401  0.00308448
0.000173594  0.00354401   0.0943988  0.00295948
   0.323096  0.00308448  0.00295948    0.408066
IMAGINARY
           0   -0.0023475  0.000147529  0.000491931
   0.0023475            0   0.00488116   0.00280553
-0.000147529  -0.00488116            0  0.000482408
-0.000491931  -0.00280553 -0.000482408            0
Repeater1[0]<--->HoM1[0]
REAL
    0.405349  0.000804922  -0.00388254     0.325356
 0.000804922    0.0925481   0.00114538 -0.000882243
 -0.00388254   0.00114538    0.0886418  -0.00148561
    0.325356 -0.000882243  -0.00148561     0.413462
IMAGINARY
          0 -0.00511346  0.00746622  0.00200441
 0.00511346           0  0.00148069  0.00290972
-0.00746622 -0.00148069           0 -0.00420985
-0.00200441 -0.00290972  0.00420985           0
EndNode1[0]<--->Repeater1[0]
REAL
  0.423147 0.00902364 0.00678803   0.320773
0.00902364  0.0848714 0.00230919 0.00505113
0.00678803 0.00230919  0.0954614 0.00698529
  0.320773 0.00505113 0.00698529    0.39652
IMAGINARY
           0  0.000961681   0.00333542   0.00510879
-0.000961681            0  -0.00371517  -0.00917948
 -0.00333542   0.00371517            0  -0.00295902
 -0.00510879   0.00917948   0.00295902            0
EndNode2[0]<--->HoM1[0]
REAL
     0.40566 -8.01793e-05  0.000117153     0.325539
-8.01793e-05    0.0865794   0.00322005   0.00148869
 0.000117153   0.00322005    0.0905356  -0.00137967
    0.325539   0.00148869  -0.00137967     0.417225
IMAGINARY
          0 -0.00155912 -0.00198646 -0.00530147
 0.00155912           0  0.00195575 -0.00116764
 0.00198646 -0.00195575           0  0.00546419
 0.00530147  0.00116764 -0.00546419           0
Repeater1[0]<--->EndNode1[0]
REAL
  0.423147 0.00678803 0.00902364   0.320773
0.00678803  0.0954614 0.00230919 0.00698529
0.00902364 0.00230919  0.0848714 0.00505113
  0.320773 0.00698529 0.00505113    0.39652
IMAGINARY
           0   0.00333542  0.000961681   0.00510879
 -0.00333542            0   0.00371517  -0.00295902
-0.000961681  -0.00371517            0  -0.00917948
 -0.00510879   0.00295902   0.00917948            0
Repeater1[0]<--->HoM1[0]
REAL
     0.40566  0.000117153 -8.01793e-05     0.325539
 0.000117153    0.0905356   0.00322005  -0.00137967
-8.01793e-05   0.00322005    0.0865794   0.00148869
    0.325539  -0.00137967   0.00148869     0.417225
IMAGINARY
          0 -0.00198646 -0.00155912 -0.00530147
 0.00198646           0 -0.00195575  0.00546419
 0.00155912  0.00195575           0 -0.00116764
 0.00530147 -0.00546419  0.00116764           0
EndNode1[0]<--->Repeater1[0]
REAL
   0.417003  0.00138213 -0.00871983    0.323641
 0.00138213   0.0868071 -0.00360841  -0.0059183
-0.00871983 -0.00360841   0.0912894 -0.00695503
   0.323641  -0.0059183 -0.00695503    0.404901
IMAGINARY
          0 -0.00511762  0.00267843 -0.00432046
 0.00511762           0  -0.0018359  0.00896345
-0.00267843   0.0018359           0 -0.00171729
 0.00432046 -0.00896345  0.00171729           0
EndNode2[0]<--->HoM1[0]
REAL
    0.412314   0.00206077   0.00265318     0.329138
  0.00206077    0.0916754 -9.65283e-05  -0.00100647
  0.00265318 -9.65283e-05    0.0877616  0.000184739
    0.329138  -0.00100647  0.000184739     0.408249
IMAGINARY
           0  -0.00514104   0.00990818   0.00265211
  0.00514104            0   0.00507415  0.000110036
 -0.00990818  -0.00507415            0  -0.00229673
 -0.00265211 -0.000110036   0.00229673            0
Repeater1[0]<--->EndNode1[0]
REAL
   0.417003 -0.00871983  0.00138213    0.323641
-0.00871983   0.0912894 -0.00360841 -0.00695503
 0.00138213 -0.00360841   0.0868071  -0.0059183
   0.323641 -0.00695503  -0.0059183    0.404901
IMAGINARY
          0  0.00267843 -0.00511762 -0.00432046
-0.00267843           0   0.0018359 -0.00171729
 0.00511762  -0.0018359           0  0.00896345
 0.00432046  0.00171729 -0.00896345           0
Repeater1[0]<--->HoM1[0]
REAL
    0.412314   0.00265318   0.00206077     0.329138
  0.00265318    0.0877616 -9.65283e-05  0.000184739
  0.00206077 -9.65283e-05    0.0916754  -0.00100647
    0.329138  0.000184739  -0.00100647     0.408249
IMAGINARY
           0   0.00990818  -0.00514104   0.00265211
 -0.00990818            0  -0.00507415  -0.00229673
  0.00514104   0.00507415            0  0.000110036
 -0.00265211   0.00229673 -0.000110036            0
EndNode1[0]<--->Repeater1[0]
REAL
   0.417993 -0.00169021 -0.00377551     0.32517
-0.00169021   0.0866914  0.00240056 -0.00468131
-0.00377551  0.00240056   0.0872862 -0.00317433
    0.32517 -0.00468131 -0.00317433     0.40803
IMAGINARY
           0  0.000303054   0.00370889  -0.00468221
-0.000303054            0  -0.00281179  -0.00220694
 -0.00370889   0.00281179            0  -2.6632e-06
  0.00468221   0.00220694   2.6632e-06            0
EndNode2[0]<--->HoM1[0]
REAL
   0.418448 -0.00298669  0.00177129    0.327226
-0.00298669   0.0893119  0.00388937 0.000299105
 0.00177129  0.00388937   0.0894583 2.89884e-05
   0.327226 0.000299105 2.89884e-05    0.402782
IMAGINARY
           0   0.00415089  -0.00442644  -0.00323391
 -0.00415089            0   0.00323391  0.000994625
  0.00442644  -0.00323391            0   0.00107143
  0.00323391 -0.000994625  -0.00107143            0
Repeater1[0]<--->EndNode1[0]
REAL
   0.417993 -0.00377551 -0.00169021     0.32517
-0.00377551   0.0872862  0.00240056 -0.00317433
-0.00169021  0.00240056   0.0866914 -0.00468131
    0.32517 -0.00317433 -0.00468131     0.40803
IMAGINARY
           0   0.00370889  0.000303054  -0.00468221
 -0.00370889            0   0.00281179  -2.6632e-06
-0.000303054  -0.00281179            0  -0.00220694
  0.00468221   2.6632e-06   0.00220694            0
Repeater1[0]<--->HoM1[0]
REAL
   0.418448  0.00177129 -0.00298669    0.327226
 0.00177129   0.0894583  0.00388937 2.89884e-05
-0.00298669  0.00388937   0.0893119 0.000299105
   0.327226 2.89884e-05 0.000299105    0.402782
IMAGINARY
           0  -0.00442644   0.00415089  -0.00323391
  0.00442644            0  -0.00323391   0.00107143
 -0.00415089   0.00323391            0  0.000994625
  0.00323391  -0.00107143 -0.000994625            0
EndNode1[0]<--->Repeater1[0]
REAL
    0.408166 -0.000728391  -0.00401696     0.328044
-0.000728391    0.0843554  -0.00606262   -0.0022227
 -0.00401696  -0.00606262    0.0943763  -0.00701481
    0.328044   -0.0022227  -0.00701481     0.413102
IMAGINARY
           0  -0.00213939   0.00497278  -0.00302321
  0.00213939            0   0.00557193   0.00333685
 -0.00497278  -0.00557193            0 -0.000480764
  0.00302321  -0.00333685  0.000480764            0
EndNode2[0]<--->HoM1[0]
REAL
   0.409252  -0.0019283  0.00161867    0.322928
 -0.0019283    0.087802  0.00542093 0.000325109
 0.00161867  0.00542093    0.087802  0.00417112
   0.322928 0.000325109  0.00417112    0.415144
IMAGINARY
           0  9.04969e-05   0.00058916  -0.00124439
-9.04969e-05            0   0.00350889   0.00252657
 -0.00058916  -0.00350889            0   -0.0046899
  0.00124439  -0.00252657    0.0046899            0
Repeater1[0]<--->EndNode1[0]
REAL
    0.408166  -0.00401696 -0.000728391     0.328044
 -0.00401696    0.0943763  -0.00606262  -0.00701481
-0.000728391  -0.00606262    0.0843554   -0.0022227
    0.328044  -0.00701481   -0.0022227     0.413102
IMAGINARY
           0   0.00497278  -0.00213939  -0.00302321
 -0.00497278            0  -0.00557193 -0.000480764
  0.00213939   0.00557193            0   0.00333685
  0.00302321  0.000480764  -0.00333685            0
Repeater1[0]<--->HoM1[0]
REAL
   0.409252  0.00161867  -0.0019283    0.322928
 0.00161867    0.087802  0.00542093  0.00417112
 -0.0019283  0.00542093    0.087802 0.000325109
   0.322928  0.00417112 0.000325109    0.415144
IMAGINARY
           0   0.00058916  9.04969e-05  -0.00124439
 -0.00058916            0  -0.00350889   -0.0046899
-9.04969e-05   0.00350889            0   0.00252657
  0.00124439    0.0046899  -0.00252657            0
EndNode1[0]<--->Repeater1[0]
REAL
   0.415199 -0.00273014 -0.00575166    0.325946
-0.00273014   0.0881866  0.00305325  0.00177491
-0.00575166  0.00305325   0.0842739  0.00150652
   0.325946  0.00177491  0.00150652     0.41234
IMAGINARY
          0  0.00599964  0.00724544  0.00158173
-0.00599964           0  0.00127971 -0.00732055
-0.00724544 -0.00127971           0 -0.00607475
-0.00158173  0.00732055  0.00607475           0
EndNode2[0]<--->HoM1[0]
REAL
   0.409043 0.000602775  0.00741479    0.327654
0.000602775   0.0857573 -0.00218758  0.00409454
 0.00741479 -0.00218758   0.0878674  0.00129116
   0.327654  0.00409454  0.00129116    0.417332
IMAGINARY
           0  -0.00160948  -0.00670343  0.000768526
  0.00160948            0  -0.00586668  -0.00137798
  0.00670343   0.00586668            0   0.00565019
-0.000768526   0.00137798  -0.00565019            0
Repeater1[0]<--->EndNode1[0]
REAL
   0.415199 -0.00575166 -0.00273014    0.325946
-0.00575166   0.0842739  0.00305325  0.00150652
-0.00273014  0.00305325   0.0881866  0.00177491
   0.325946  0.00150652  0.00177491     0.41234
IMAGINARY
          0  0.00724544  0.00599964  0.00158173
-0.00724544           0 -0.00127971 -0.00607475
-0.00599964  0.00127971           0 -0.00732055
-0.00158173  0.00607475  0.00732055           0
Repeater1[0]<--->HoM1[0]
REAL
   0.409043  0.00741479 0.000602775    0.327654
 0.00741479   0.0878674 -0.00218758  0.00129116
0.000602775 -0.00218758   0.0857573  0.00409454
   0.327654  0.00129116  0.00409454    0.417332
IMAGINARY
           0  -0.00670343  -0.00160948  0.000768526
  0.00670343            0   0.00586668   0.00565019
  0.00160948  -0.00586668            0  -0.00137798
-0.000768526  -0.00565019   0.00137798            0
EndNode1[0]<--->Repeater1[0]
REAL
    0.414066 -0.000221128    0.0030164      0.31837
-0.000221128     0.095905  0.000780703   0.00742004
   0.0030164  0.000780703    0.0805298   0.00496496
     0.31837   0.00742004   0.00496496     0.409499
IMAGINARY
           0  -0.00165518  0.000841667  -0.00149538
  0.00165518            0   0.00157027   0.00636076
-0.000841667  -0.00157027            0  -0.00660865
  0.00149538  -0.00636076   0.00660865            0
EndNode2[0]<--->HoM1[0]
REAL
    0.406618   0.00543077 -0.000392166     0.324793
  0.00543077    0.0856754   0.00342966   0.00753715
-0.000392166   0.00342966    0.0903596    0.0014165
    0.324793   0.00753715    0.0014165     0.417347
IMAGINARY
           0  -0.00194223  0.000450297   0.00281968
  0.00194223            0   0.00326597   0.00335372
-0.000450297  -0.00326597            0    0.0118327
 -0.00281968  -0.00335372   -0.0118327            0
Repeater1[0]<--->EndNode1[0]
REAL
    0.414066    0.0030164 -0.000221128      0.31837
   0.0030164    0.0805298  0.000780703   0.00496496
-0.000221128  0.000780703     0.095905   0.00742004
     0.31837   0.00496496   0.00742004     0.409499
IMAGINARY
           0  0.000841667  -0.00165518  -0.00149538
-0.000841667            0  -0.00157027  -0.00660865
  0.00165518   0.00157027            0   0.00636076
  0.00149538   0.00660865  -0.00636076            0
Repeater1[0]<--->HoM1[0]
REAL
    0.406618 -0.000392166   0.00543077     0.324793
-0.000392166    0.0903596   0.00342966    0.0014165
  0.00543077   0.00342966    0.0856754   0.00753715
    0.324793    0.0014165   0.00753715     0.417347
IMAGINARY
           0  0.000450297  -0.00194223   0.00281968
-0.000450297            0  -0.00326597    0.0118327
  0.00194223   0.00326597            0   0.00335372
 -0.00281968   -0.0118327  -0.00335372            0
EndNode1[0]<--->Repeater1[0]
REAL
    0.423199 -0.000408876 -0.000380141     0.322309
-0.000408876    0.0865807 -0.000429562   0.00561897
-0.000380141 -0.000429562     0.088097   0.00718854
    0.322309   0.00561897   0.00718854     0.402123
IMAGINARY
           0   -0.0071586  0.000906315  -0.00307099
   0.0071586            0   0.00262681  -0.00339763
-0.000906315  -0.00262681            0  0.000892562
  0.00307099   0.00339763 -0.000892562            0
EndNode2[0]<--->HoM1[0]
REAL
     0.41934 -0.000244443  0.000512315     0.324327
-0.000244443    0.0814023  -0.00214864   0.00651292
 0.000512315  -0.00214864     0.083779   0.00953588
    0.324327   0.00651292   0.00953588     0.415478
IMAGINARY
           0  0.000146875  -0.00401718   0.00438866
-0.000146875            0  -0.00206586   0.00371903
  0.00401718   0.00206586            0   0.00760506
 -0.00438866  -0.00371903  -0.00760506            0
Repeater1[0]<--->EndNode1[0]
REAL
    0.423199 -0.000380141 -0.000408876     0.322309
