EndNode1[0]<--->Repeater1[0]
REAL
   0.437631 0.000955325  0.00623569    0.323556
0.000955325   0.0747831 2.62059e-05  0.00579282
 0.00623569 2.62059e-05   0.0909363  0.00929118
   0.323556  0.00579282  0.00929118     0.39665
IMAGINARY
           0  -0.00912069   0.00656442  -0.00697779
  0.00912069            0  0.000480356   0.00549441
 -0.00656442 -0.000480356            0 -0.000585196
  0.00697779  -0.00549441  0.000585196            0
EndNode2[0]<--->HoM1[0]
REAL
   0.416127  -0.0107759 -0.00412214    0.317363
 -0.0107759   0.0950559   -0.002401  0.00427481
-0.00412214   -0.002401     0.08505 -0.00128513
   0.317363  0.00427481 -0.00128513    0.403767
IMAGINARY
          0 -0.00185706 -0.00866375 -0.00260756
 0.00185706           0 -0.00231047  0.00524548
 0.00866375  0.00231047           0  0.00154631
 0.00260756 -0.00524548 -0.00154631           0
Repeater1[0]<--->EndNode1[0]
REAL
   0.437631  0.00623569 0.000955325    0.323556
 0.00623569   0.0909363 2.62059e-05  0.00929118
0.000955325 2.62059e-05   0.0747831  0.00579282
   0.323556  0.00929118  0.00579282     0.39665
IMAGINARY
           0   0.00656442  -0.00912069  -0.00697779
 -0.00656442            0 -0.000480356 -0.000585196
  0.00912069  0.000480356            0   0.00549441
  0.00697779  0.000585196  -0.00549441            0
Repeater1[0]<--->HoM1[0]
REAL
   0.416127 -0.00412214  -0.0107759    0.317363
-0.00412214     0.08505   -0.002401 -0.00128513
 -0.0107759   -0.002401   0.0950559  0.00427481
   0.317363 -0.00128513  0.00427481    0.403767
IMAGINARY
          0 -0.00866375 -0.00185706 -0.00260756
 0.00866375           0  0.00231047  0.00154631
 0.00185706 -0.00231047           0  0.00524548
 0.00260756 -0.00154631 -0.00524548           0
EndNode1[0]<--->Repeater1[0]
REAL
   0.425461  -0.0132982 0.000379304     0.32335
 -0.0132982   0.0873904  0.00524797 -0.00205972
0.000379304  0.00524797   0.0867856 -0.00274214
    0.32335 -0.00205972 -0.00274214    0.400363
IMAGINARY
           0   -0.0014675   0.00304952  -0.00676815
   0.0014675            0  8.93368e-05  -0.00349031
 -0.00304952 -8.93368e-05            0    0.0104302
  0.00676815   0.00349031   -0.0104302            0
EndNode2[0]<--->HoM1[0]
REAL
    0.412594    0.0118202   0.00919524     0.326781
   0.0118202    0.0821589 -0.000118613  -0.00573451
  0.00919524 -0.000118613    0.0881559   0.00548344
    0.326781  -0.00573451   0.00548344     0.417091
IMAGINARY
           0  -0.00527634  0.000806632    0.0165029
  0.00527634            0    0.0019825   0.00281219
-0.000806632   -0.0019825            0  -0.00558011
  -0.0165029  -0.00281219   0.00558011            0
Repeater1[0]<--->EndNode1[0]
REAL
   0.425461 0.000379304  -0.0132982     0.32335
0.000379304   0.0867856  0.00524797 -0.00274214
 -0.0132982  0.00524797   0.0873904 -0.00205972
    0.32335 -0.00274214 -0.00205972    0.400363
IMAGINARY
           0   0.00304952   -0.0014675  -0.00676815
 -0.00304952            0 -8.93368e-05    0.0104302
   0.0014675  8.93368e-05            0  -0.00349031
  0.00676815   -0.0104302   0.00349031            0
Repeater1[0]<--->HoM1[0]
REAL
    0.412594   0.00919524    0.0118202     0.326781
  0.00919524    0.0881559 -0.000118613   0.00548344
   0.0118202 -0.000118613    0.0821589  -0.00573451
    0.326781   0.00548344  -0.00573451     0.417091
IMAGINARY
           0  0.000806632  -0.00527634    0.0165029
-0.000806632            0   -0.0019825  -0.00558011
  0.00527634    0.0019825            0   0.00281219
  -0.0165029   0.00558011  -0.00281219            0
EndNode1[0]<--->Repeater1[0]
REAL
    0.396046 -0.000677241   -0.0026775     0.326097
-0.000677241    0.0907729  -0.00272382   0.00356507
  -0.0026775  -0.00272382    0.0964649    0.0030441
    0.326097   0.00356507    0.0030441     0.416717
IMAGINARY
          0 -0.00150077 -0.00632324  0.00790348
 0.00150077           0  -0.0089874   0.0024328
 0.00632324   0.0089874           0  0.00601368
-0.00790348  -0.0024328 -0.00601368           0
EndNode2[0]<--->HoM1[0]
REAL
    0.41446  0.00598447  0.00386895    0.321419
 0.00598447   0.0833085 -0.00847157  0.00627424
 0.00386895 -0.00847157   0.0937221 -0.00150953
   0.321419  0.00627424 -0.00150953    0.408509
IMAGINARY
          0  0.00320952 -0.00465816  0.00206744
-0.00320952           0 -0.00722512   0.0107335
 0.00465816  0.00722512           0 -0.00867732
-0.00206744  -0.0107335  0.00867732           0
Repeater1[0]<--->EndNode1[0]
REAL
    0.396046   -0.0026775 -0.000677241     0.326097
  -0.0026775    0.0964649  -0.00272382    0.0030441
-0.000677241  -0.00272382    0.0907729   0.00356507
    0.326097    0.0030441   0.00356507     0.416717
IMAGINARY
          0 -0.00632324 -0.00150077  0.00790348
 0.00632324           0   0.0089874  0.00601368
 0.00150077  -0.0089874           0   0.0024328
-0.00790348 -0.00601368  -0.0024328           0
Repeater1[0]<--->HoM1[0]
REAL
    0.41446  0.00386895  0.00598447    0.321419
 0.00386895   0.0937221 -0.00847157 -0.00150953
 0.00598447 -0.00847157   0.0833085  0.00627424
   0.321419 -0.00150953  0.00627424    0.408509
IMAGINARY
          0 -0.00465816  0.00320952  0.00206744
 0.00465816           0  0.00722512 -0.00867732
-0.00320952 -0.00722512           0   0.0107335
-0.00206744  0.00867732  -0.0107335           0
EndNode1[0]<--->Repeater1[0]
REAL
   0.396676 0.000302775  0.00287925    0.329058
0.000302775   0.0903104 -0.00188668 -0.00493325
 0.00287925 -0.00188668   0.0790216 -0.00323705
   0.329058 -0.00493325 -0.00323705    0.433992
IMAGINARY
           0   0.00121994   0.00301128 -7.25357e-05
 -0.00121994            0  -0.00322285  -0.00754477
 -0.00301128   0.00322285            0   0.00389851
 7.25357e-05   0.00754477  -0.00389851            0
EndNode2[0]<--->HoM1[0]
REAL
    0.408107   0.00114957 -0.000497692     0.326743
  0.00114957     0.100274   0.00669346  -0.00535206
-0.000497692   0.00669346    0.0886925   0.00377654
    0.326743  -0.00535206   0.00377654     0.402926
IMAGINARY
          0 -0.00555626    0.002153  -0.0181594
 0.00555626           0 -0.00890014   0.0024454
  -0.002153  0.00890014           0 -0.00364055
  0.0181594  -0.0024454  0.00364055           0
Repeater1[0]<--->EndNode1[0]
REAL
   0.396676  0.00287925 0.000302775    0.329058
 0.00287925   0.0790216 -0.00188668 -0.00323705
0.000302775 -0.00188668   0.0903104 -0.00493325
   0.329058 -0.00323705 -0.00493325    0.433992
IMAGINARY
           0   0.00301128   0.00121994 -7.25357e-05
 -0.00301128            0   0.00322285   0.00389851
 -0.00121994  -0.00322285            0  -0.00754477
 7.25357e-05  -0.00389851   0.00754477            0
Repeater1[0]<--->HoM1[0]
REAL
    0.408107 -0.000497692   0.00114957     0.326743
-0.000497692    0.0886925   0.00669346   0.00377654
  0.00114957   0.00669346     0.100274  -0.00535206
    0.326743   0.00377654  -0.00535206     0.402926
IMAGINARY
          0    0.002153 -0.00555626  -0.0181594
  -0.002153           0  0.00890014 -0.00364055
 0.00555626 -0.00890014           0   0.0024454
  0.0181594  0.00364055  -0.0024454           0
EndNode1[0]<--->Repeater1[0]
REAL
     0.41776 -0.000160174   0.00740201     0.330078
-0.000160174    0.0878853  -0.00189809  -0.00244285
  0.00740201  -0.00189809    0.0875801   0.00132704
    0.330078  -0.00244285   0.00132704     0.406774
IMAGINARY
          0 -0.00384819  0.00172398  -0.0116834
 0.00384819           0 -0.00108321  0.00295173
-0.00172398  0.00108321           0 -0.00474909
  0.0116834 -0.00295173  0.00474909           0
EndNode2[0]<--->HoM1[0]
REAL
   0.413076 -0.00175841  0.00356602    0.331434
-0.00175841   0.0814264 -0.00194928 -0.00563825
 0.00356602 -0.00194928   0.0846954  0.00975131
   0.331434 -0.00563825  0.00975131    0.420802
IMAGINARY
           0  0.000327786   0.00831106   0.00404849
-0.000327786            0    0.0132881   0.00266638
 -0.00831106   -0.0132881            0  -0.00529019
 -0.00404849  -0.00266638   0.00529019            0
Repeater1[0]<--->EndNode1[0]
REAL
     0.41776   0.00740201 -0.000160174     0.330078
  0.00740201    0.0875801  -0.00189809   0.00132704
-0.000160174  -0.00189809    0.0878853  -0.00244285
    0.330078   0.00132704  -0.00244285     0.406774
IMAGINARY
          0  0.00172398 -0.00384819  -0.0116834
-0.00172398           0  0.00108321 -0.00474909
 0.00384819 -0.00108321           0  0.00295173
  0.0116834  0.00474909 -0.00295173           0
Repeater1[0]<--->HoM1[0]
REAL
   0.413076  0.00356602 -0.00175841    0.331434
 0.00356602   0.0846954 -0.00194928  0.00975131
-0.00175841 -0.00194928   0.0814264 -0.00563825
   0.331434  0.00975131 -0.00563825    0.420802
IMAGINARY
           0   0.00831106  0.000327786   0.00404849
 -0.00831106            0   -0.0132881  -0.00529019
-0.000327786    0.0132881            0   0.00266638
 -0.00404849   0.00529019  -0.00266638            0
EndNode1[0]<--->Repeater1[0]
REAL
   0.409119  0.00366279 -0.00528392    0.325049
 0.00366279   0.0854103  0.00210441 -0.00498271
-0.00528392  0.00210441   0.0917933 -0.00841302
   0.325049 -0.00498271 -0.00841302    0.413678
IMAGINARY
           0  0.000488643   0.00121716   0.00924162
-0.000488643            0  -0.00432832  -0.00721657
 -0.00121716   0.00432832            0  -0.00707337
 -0.00924162   0.00721657   0.00707337            0
EndNode2[0]<--->HoM1[0]
REAL
   0.408775 -0.00601354  0.00479602    0.319881
-0.00601354   0.0880484 -0.00474962  -0.0090645
 0.00479602 -0.00474962   0.0874433 -0.00826376
   0.319881  -0.0090645 -0.00826376    0.415734
IMAGINARY
          0   0.0152546 -0.00285604  -0.0030377
 -0.0152546           0  0.00151051  -0.0157072
 0.00285604 -0.00151051           0  0.00240309
  0.0030377   0.0157072 -0.00240309           0
Repeater1[0]<--->EndNode1[0]
REAL
   0.409119 -0.00528392  0.00366279    0.325049
-0.00528392   0.0917933  0.00210441 -0.00841302
 0.00366279  0.00210441   0.0854103 -0.00498271
   0.325049 -0.00841302 -0.00498271    0.413678
IMAGINARY
           0   0.00121716  0.000488643   0.00924162
 -0.00121716            0   0.00432832  -0.00707337
-0.000488643  -0.00432832            0  -0.00721657
 -0.00924162   0.00707337   0.00721657            0
Repeater1[0]<--->HoM1[0]
REAL
   0.408775  0.00479602 -0.00601354    0.319881
 0.00479602   0.0874433 -0.00474962 -0.00826376
-0.00601354 -0.00474962   0.0880484  -0.0090645
   0.319881 -0.00826376  -0.0090645    0.415734
IMAGINARY
          0 -0.00285604   0.0152546  -0.0030377
 0.00285604           0 -0.00151051  0.00240309
 -0.0152546  0.00151051           0  -0.0157072
  0.0030377 -0.00240309   0.0157072           0
EndNode1[0]<--->Repeater1[0]
REAL
    0.421913    0.0092357   0.00348151     0.323911
   0.0092357    0.0774818  -0.00123054 -9.41755e-05
  0.00348151  -0.00123054    0.0832324   0.00180996
    0.323911 -9.41755e-05   0.00180996     0.417373
IMAGINARY
          0 -0.00668985 -0.00107203 -0.00761479
 0.00668985           0 -0.00776294  -0.0032473
 0.00107203  0.00776294           0  0.00356206
 0.00761479   0.0032473 -0.00356206           0
EndNode2[0]<--->HoM1[0]
REAL
    0.40115  0.00463583   0.0153659    0.327758
 0.00463583   0.0929458 -0.00186748 0.000928633
  0.0153659 -0.00186748   0.0862852  0.00773592
   0.327758 0.000928633  0.00773592    0.419619
IMAGINARY
           0   0.00270053 -0.000217821    0.0092361
 -0.00270053            0   0.00172408  0.000979784
 0.000217821  -0.00172408            0   -0.0031577
  -0.0092361 -0.000979784    0.0031577            0
Repeater1[0]<--->EndNode1[0]
REAL
    0.421913   0.00348151    0.0092357     0.323911
  0.00348151    0.0832324  -0.00123054   0.00180996
   0.0092357  -0.00123054    0.0774818 -9.41755e-05
    0.323911   0.00180996 -9.41755e-05     0.417373
IMAGINARY
          0 -0.00107203 -0.00668985 -0.00761479
 0.00107203           0  0.00776294  0.00356206
 0.00668985 -0.00776294           0  -0.0032473
 0.00761479 -0.00356206   0.0032473           0
Repeater1[0]<--->HoM1[0]
REAL
    0.40115   0.0153659  0.00463583    0.327758
  0.0153659   0.0862852 -0.00186748  0.00773592
 0.00463583 -0.00186748   0.0929458 0.000928633
   0.327758  0.00773592 0.000928633    0.419619
IMAGINARY
           0 -0.000217821   0.00270053    0.0092361
 0.000217821            0  -0.00172408   -0.0031577
 -0.00270053   0.00172408            0  0.000979784
  -0.0092361    0.0031577 -0.000979784            0
EndNode1[0]<--->Repeater1[0]
REAL
    0.40697  -0.0111254 -0.00557645    0.326816
 -0.0111254   0.0806061  0.00198325 -0.00299835
-0.00557645  0.00198325   0.0924242  0.00816861
   0.326816 -0.00299835  0.00816861        0.42
IMAGINARY
           0  -0.00354258 -1.03422e-05  -0.00745665
  0.00354258            0  0.000842102  -0.00848996
 1.03422e-05 -0.000842102            0   0.00202467
  0.00745665   0.00848996  -0.00202467            0
EndNode2[0]<--->HoM1[0]
REAL
    0.411387 -0.000724963  -0.00161359     0.331612
-0.000724963    0.0820324  -0.00413804  -0.00414712
 -0.00161359  -0.00413804    0.0899908   0.00619025
    0.331612  -0.00414712   0.00619025      0.41659
IMAGINARY
           0   0.00614858    0.0040947  0.000297844
 -0.00614858            0    0.0078736 -9.94317e-05
  -0.0040947   -0.0078736            0   -0.0098479
-0.000297844  9.94317e-05    0.0098479            0
Repeater1[0]<--->EndNode1[0]
REAL
    0.40697 -0.00557645  -0.0111254    0.326816
-0.00557645   0.0924242  0.00198325  0.00816861
 -0.0111254  0.00198325   0.0806061 -0.00299835
   0.326816  0.00816861 -0.00299835        0.42
IMAGINARY
           0 -1.03422e-05  -0.00354258  -0.00745665
 1.03422e-05            0 -0.000842102   0.00202467
  0.00354258  0.000842102            0  -0.00848996
  0.00745665  -0.00202467   0.00848996            0
Repeater1[0]<--->HoM1[0]
REAL
    0.411387  -0.00161359 -0.000724963     0.331612
 -0.00161359    0.0899908  -0.00413804   0.00619025
-0.000724963  -0.00413804    0.0820324  -0.00414712
    0.331612   0.00619025  -0.00414712      0.41659
IMAGINARY
           0    0.0040947   0.00614858  0.000297844
  -0.0040947            0   -0.0078736   -0.0098479
 -0.00614858    0.0078736            0 -9.94317e-05
-0.000297844    0.0098479  9.94317e-05            0
EndNode1[0]<--->Repeater1[0]
REAL
    0.411269   0.00712427   -0.0121622     0.326016
  0.00712427    0.0961371 -0.000533059    0.0151815
  -0.0121622 -0.000533059    0.0851002   0.00314143
    0.326016    0.0151815   0.00314143     0.407493
IMAGINARY
           0   0.00988399   0.00212094 -2.00861e-05
 -0.00988399            0   0.00268913  -0.00363977
 -0.00212094  -0.00268913            0   0.00226668
 2.00861e-05   0.00363977  -0.00226668            0
EndNode2[0]<--->HoM1[0]
REAL
   0.411313 -0.00534044  0.00122736    0.322689
-0.00534044   0.0830003 0.000647869 -0.00508722
 0.00122736 0.000647869   0.0885337  0.00652809
   0.322689 -0.00508722  0.00652809    0.417153
IMAGINARY
           0 -0.000745255   0.00114316  -0.00714756
 0.000745255            0  -0.00289741   0.00352411
 -0.00114316   0.00289741            0  -0.00301867
  0.00714756  -0.00352411   0.00301867            0
Repeater1[0]<--->EndNode1[0]
REAL
    0.411269   -0.0121622   0.00712427     0.326016
  -0.0121622    0.0851002 -0.000533059   0.00314143
  0.00712427 -0.000533059    0.0961371    0.0151815
    0.326016   0.00314143    0.0151815     0.407493
IMAGINARY
           0   0.00212094   0.00988399 -2.00861e-05
 -0.00212094            0  -0.00268913   0.00226668
 -0.00988399   0.00268913            0  -0.00363977
 2.00861e-05  -0.00226668   0.00363977            0
Repeater1[0]<--->HoM1[0]
REAL
   0.411313  0.00122736 -0.00534044    0.322689
 0.00122736   0.0885337 0.000647869  0.00652809
-0.00534044 0.000647869   0.0830003 -0.00508722
   0.322689  0.00652809 -0.00508722    0.417153
IMAGINARY
           0   0.00114316 -0.000745255  -0.00714756
 -0.00114316            0   0.00289741  -0.00301867
 0.000745255  -0.00289741            0   0.00352411
  0.00714756   0.00301867  -0.00352411            0
EndNode1[0]<--->Repeater1[0]
REAL
  0.407819 0.00105909 0.00847651   0.326141
0.00105909  0.0893198  0.0031347 0.00099148
0.00847651  0.0031347  0.0842339 0.00179634
  0.326141 0.00099148 0.00179634   0.418627
IMAGINARY
          0  0.00304762 -0.00893808   0.0102979
-0.00304762           0  0.00210122 -0.00188314
 0.00893808 -0.00210122           0 -0.00260291
 -0.0102979  0.00188314  0.00260291           0
EndNode2[0]<--->HoM1[0]
REAL
   0.413191 -0.00254707    0.008076    0.321563
-0.00254707   0.0866608 -0.00216132  0.00199111
   0.008076 -0.00216132   0.0878438   0.0101737
   0.321563  0.00199111   0.0101737    0.412304
IMAGINARY
           0   -0.0176811  -0.00311978  -0.00786246
   0.0176811            0  -0.00465244    0.0192683
  0.00311978   0.00465244            0 -0.000882107
  0.00786246   -0.0192683  0.000882107            0
Repeater1[0]<--->EndNode1[0]
REAL
  0.407819 0.00847651 0.00105909   0.326141
0.00847651  0.0842339  0.0031347 0.00179634
0.00105909  0.0031347  0.0893198 0.00099148
  0.326141 0.00179634 0.00099148   0.418627
IMAGINARY
          0 -0.00893808  0.00304762   0.0102979
 0.00893808           0 -0.00210122 -0.00260291
-0.00304762  0.00210122           0 -0.00188314
 -0.0102979  0.00260291  0.00188314           0
Repeater1[0]<--->HoM1[0]
REAL
   0.413191    0.008076 -0.00254707    0.321563
   0.008076   0.0878438 -0.00216132   0.0101737
-0.00254707 -0.00216132   0.0866608  0.00199111
   0.321563   0.0101737  0.00199111    0.412304
IMAGINARY
           0  -0.00311978   -0.0176811  -0.00786246
  0.00311978            0   0.00465244 -0.000882107
   0.0176811  -0.00465244            0    0.0192683
  0.00786246  0.000882107   -0.0192683            0
EndNode1[0]<--->Repeater1[0]
REAL
  0.407203 0.00390557 0.00133459   0.328818
0.00390557  0.0856811 0.00216358 0.00692119
0.00133459 0.00216358  0.0853906  0.0070521
  0.328818 0.00692119  0.0070521   0.421725
IMAGINARY
           0    0.0101943   0.00220566   0.00965768
  -0.0101943            0    0.0136506  -0.00220566
 -0.00220566   -0.0136506            0  0.000431033
 -0.00965768   0.00220566 -0.000431033            0
EndNode2[0]<--->HoM1[0]
REAL
     0.42132  -0.00264687  -0.00390182     0.320339
 -0.00264687    0.0856972 -0.000774454  -0.00877339
 -0.00390182 -0.000774454    0.0922663  -0.00555474
    0.320339  -0.00877339  -0.00555474     0.400717
IMAGINARY
           0  -0.00447616  -0.00530127  0.000233628
  0.00447616            0  -0.00342027  -0.00063119
  0.00530127   0.00342027            0  -0.00236899
-0.000233628   0.00063119   0.00236899            0
Repeater1[0]<--->EndNode1[0]
REAL
  0.407203 0.00133459 0.00390557   0.328818
0.00133459  0.0853906 0.00216358  0.0070521
0.00390557 0.00216358  0.0856811 0.00692119
  0.328818  0.0070521 0.00692119   0.421725
IMAGINARY
           0   0.00220566    0.0101943   0.00965768
 -0.00220566            0   -0.0136506  0.000431033
  -0.0101943    0.0136506            0  -0.00220566
 -0.00965768 -0.000431033   0.00220566            0
Repeater1[0]<--->HoM1[0]
REAL
     0.42132  -0.00390182  -0.00264687     0.320339
 -0.00390182    0.0922663 -0.000774454  -0.00555474
 -0.00264687 -0.000774454    0.0856972  -0.00877339
    0.320339  -0.00555474  -0.00877339     0.400717
IMAGINARY
           0  -0.00530127  -0.00447616  0.000233628
  0.00530127            0   0.00342027  -0.00236899
  0.00447616  -0.00342027            0  -0.00063119
-0.000233628   0.00236899   0.00063119            0
EndNode1[0]<--->Repeater1[0]
REAL
   0.408268 -0.00746245 -0.00427922    0.313425
-0.00746245   0.0866023  0.00707985 -0.00474062
-0.00427922  0.00707985   0.0971635 -0.00907393
   0.313425 -0.00474062 -0.00907393    0.407966
IMAGINARY
          0  0.00636946  0.00322628  0.00115003
-0.00636946           0 -0.00206634  -0.0114573
-0.00322628  0.00206634           0  0.00994302
-0.00115003   0.0114573 -0.00994302           0
EndNode2[0]<--->HoM1[0]
REAL
   0.408169  0.00382636 0.000541809    0.321004
 0.00382636   0.0895613 -0.00189058  0.00232222
0.000541809 -0.00189058   0.0895613   0.0026554
   0.321004  0.00232222   0.0026554    0.412708
IMAGINARY
           0   -0.0035818   0.00275356  -0.00242927
   0.0035818            0  -0.00518494 -0.000805706
 -0.00275356   0.00518494            0  -0.00226177
  0.00242927  0.000805706   0.00226177            0
Repeater1[0]<--->EndNode1[0]
REAL
   0.408268 -0.00427922 -0.00746245    0.313425
-0.00427922   0.0971635  0.00707985 -0.00907393
-0.00746245  0.00707985   0.0866023 -0.00474062
   0.313425 -0.00907393 -0.00474062    0.407966
IMAGINARY
          0  0.00322628  0.00636946  0.00115003
-0.00322628           0  0.00206634  0.00994302
-0.00636946 -0.00206634           0  -0.0114573
-0.00115003 -0.00994302   0.0114573           0
Repeater1[0]<--->HoM1[0]
REAL
   0.408169 0.000541809  0.00382636    0.321004
0.000541809   0.0895613 -0.00189058   0.0026554
 0.00382636 -0.00189058   0.0895613  0.00232222
   0.321004   0.0026554  0.00232222    0.412708
IMAGINARY
           0   0.00275356   -0.0035818  -0.00242927
 -0.00275356            0   0.00518494  -0.00226177
   0.0035818  -0.00518494            0 -0.000805706
  0.00242927   0.00226177  0.000805706            0
EndNode1[0]<--->Repeater1[0]
REAL
    0.42426 -0.00880165 -0.00207327    0.322158
-0.00880165   0.0816568 -0.00175104 -0.00102316
-0.00207327 -0.00175104   0.0931953  0.00305113
   0.322158 -0.00102316  0.00305113    0.400888
IMAGINARY
          0  0.00103646   0.0114038  0.00482203
-0.00103646           0 -0.00689672 -0.00372098
 -0.0114038  0.00689672           0 -0.00902662
-0.00482203  0.00372098  0.00902662           0
EndNode2[0]<--->HoM1[0]
REAL
   0.405071 -0.00417815 -0.00541964    0.319627
-0.00417815    0.089345  0.00352137   0.0088147
-0.00541964  0.00352137   0.0911561   0.0115856
   0.319627   0.0088147   0.0115856    0.414428
IMAGINARY
          0 -0.00323462   0.0012651  0.00400336
 0.00323462           0  0.00503368 -0.00111869
 -0.0012651 -0.00503368           0   0.0019169
-0.00400336  0.00111869  -0.0019169           0
Repeater1[0]<--->EndNode1[0]
REAL
    0.42426 -0.00207327 -0.00880165    0.322158
-0.00207327   0.0931953 -0.00175104  0.00305113
-0.00880165 -0.00175104   0.0816568 -0.00102316
   0.322158  0.00305113 -0.00102316    0.400888
IMAGINARY
          0   0.0114038  0.00103646  0.00482203
 -0.0114038           0  0.00689672 -0.00902662
-0.00103646 -0.00689672           0 -0.00372098
-0.00482203  0.00902662  0.00372098           0
Repeater1[0]<--->HoM1[0]
REAL
   0.405071 -0.00541964 -0.00417815    0.319627
-0.00541964   0.0911561  0.00352137   0.0115856
-0.00417815  0.00352137    0.089345   0.0088147
   0.319627   0.0115856   0.0088147    0.414428
IMAGINARY
          0   0.0012651 -0.00323462  0.00400336
 -0.0012651           0 -0.00503368   0.0019169
 0.00323462  0.00503368           0 -0.00111869
-0.00400336  -0.0019169  0.00111869           0
EndNode1[0]<--->Repeater1[0]
REAL
   0.416998 -0.00821906   0.0143771    0.328189
-0.00821906   0.0843779  0.00412031  0.00362113
  0.0143771  0.00412031   0.0859065   0.0165597
   0.328189  0.00362113   0.0165597    0.412718
IMAGINARY
          0  0.00638878  0.00652709  0.00381388
-0.00638878           0  0.00548206  -0.0114141
-0.00652709 -0.00548206           0  0.00521782
-0.00381388   0.0114141 -0.00521782           0
EndNode2[0]<--->HoM1[0]
REAL
     0.42142   0.00811426  -0.00554803     0.322093
  0.00811426     0.088766 -0.000829661  -0.00570005
 -0.00554803 -0.000829661    0.0846915   0.00282565
    0.322093  -0.00570005   0.00282565     0.405122
IMAGINARY
          0  0.00440855  0.00194426  0.00138406
-0.00440855           0 -0.00391006  0.00512704
-0.00194426  0.00391006           0 -0.00647101
-0.00138406 -0.00512704  0.00647101           0
Repeater1[0]<--->EndNode1[0]
REAL
   0.416998   0.0143771 -0.00821906    0.328189
  0.0143771   0.0859065  0.00412031   0.0165597
-0.00821906  0.00412031   0.0843779  0.00362113
   0.328189   0.0165597  0.00362113    0.412718
IMAGINARY
          0  0.00652709  0.00638878  0.00381388
-0.00652709           0 -0.00548206  0.00521782
-0.00638878  0.00548206           0  -0.0114141
-0.00381388 -0.00521782   0.0114141           0
Repeater1[0]<--->HoM1[0]
REAL
     0.42142  -0.00554803   0.00811426     0.322093
 -0.00554803    0.0846915 -0.000829661   0.00282565
  0.00811426 -0.000829661     0.088766  -0.00570005
    0.322093   0.00282565  -0.00570005     0.405122
IMAGINARY
          0  0.00194426  0.00440855  0.00138406
-0.00194426           0  0.00391006 -0.00647101
-0.00440855 -0.00391006           0  0.00512704
-0.00138406  0.00647101 -0.00512704           0
EndNode1[0]<--->Repeater1[0]
REAL
   0.406535  0.00219208  0.00208872    0.332478
 0.00219208   0.0918457 -0.00337488 -0.00267904
 0.00208872 -0.00337488   0.0747719 -0.00602915
   0.332478 -0.00267904 -0.00602915    0.426847
IMAGINARY
          0  -0.0122655  0.00425036  0.00185567
  0.0122655           0 -0.00124442 -0.00243657
-0.00425036  0.00124442           0   0.0034989
-0.00185567  0.00243657  -0.0034989           0
EndNode2[0]<--->HoM1[0]
REAL
   0.421672   0.0106358   0.0106861    0.329062
  0.0106358   0.0863266 -0.00432255   0.0147982
  0.0106861 -0.00432255   0.0848174    0.012464
   0.329062   0.0147982    0.012464    0.407184
IMAGINARY
          0  -0.0104475  0.00362869 -0.00303656
  0.0104475           0 -0.00212416  0.00141564
-0.00362869  0.00212416           0  0.00326314
 0.00303656 -0.00141564 -0.00326314           0
Repeater1[0]<--->EndNode1[0]
REAL
   0.406535  0.00208872  0.00219208    0.332478
 0.00208872   0.0747719 -0.00337488 -0.00602915
 0.00219208 -0.00337488   0.0918457 -0.00267904
   0.332478 -0.00602915 -0.00267904    0.426847
IMAGINARY
          0  0.00425036  -0.0122655  0.00185567
-0.00425036           0  0.00124442   0.0034989
  0.0122655 -0.00124442           0 -0.00243657
-0.00185567  -0.0034989  0.00243657           0
Repeater1[0]<--->HoM1[0]
REAL
   0.421672   0.0106861   0.0106358    0.329062
  0.0106861   0.0848174 -0.00432255    0.012464
  0.0106358 -0.00432255   0.0863266   0.0147982
   0.329062    0.012464   0.0147982    0.407184
IMAGINARY
          0  0.00362869  -0.0104475 -0.00303656
-0.00362869           0  0.00212416  0.00326314
  0.0104475 -0.00212416           0  0.00141564
 0.00303656 -0.00326314 -0.00141564           0
EndNode1[0]<--->Repeater1[0]
REAL
   0.414256 -0.00317861  0.00551332    0.328457
-0.00317861   0.0936475 -0.00467519 -0.00106956
 0.00551332 -0.00467519   0.0811214 -0.00800741
   0.328457 -0.00106956 -0.00800741    0.410975
IMAGINARY
           0  0.000596933  -0.00230984   0.00424784
-0.000596933            0  -0.00767148  -0.00764792
  0.00230984   0.00767148            0   0.00785207
 -0.00424784   0.00764792  -0.00785207            0
EndNode2[0]<--->HoM1[0]
REAL
   0.403382 -0.00448225  0.00203252    0.329618
-0.00448225   0.0875604 0.000834769 -0.00203252
 0.00203252 0.000834769   0.0929952  -0.0029671
   0.329618 -0.00203252  -0.0029671    0.416063
IMAGINARY
           0   0.00661699  -0.00433823   0.00384274
 -0.00661699            0  -0.00575845   0.00344803
  0.00433823   0.00575845            0 -0.000682276
 -0.00384274  -0.00344803  0.000682276            0
Repeater1[0]<--->EndNode1[0]
REAL
   0.414256  0.00551332 -0.00317861    0.328457
 0.00551332   0.0811214 -0.00467519 -0.00800741
-0.00317861 -0.00467519   0.0936475 -0.00106956
   0.328457 -0.00800741 -0.00106956    0.410975
IMAGINARY
           0  -0.00230984  0.000596933   0.00424784
  0.00230984            0   0.00767148   0.00785207
-0.000596933  -0.00767148            0  -0.00764792
 -0.00424784  -0.00785207   0.00764792            0
Repeater1[0]<--->HoM1[0]
REAL
   0.403382  0.00203252 -0.00448225    0.329618
 0.00203252   0.0929952 0.000834769  -0.0029671
-0.00448225 0.000834769   0.0875604 -0.00203252
   0.329618  -0.0029671 -0.00203252    0.416063
IMAGINARY
           0  -0.00433823   0.00661699   0.00384274
  0.00433823            0   0.00575845 -0.000682276
 -0.00661699  -0.00575845            0   0.00344803
 -0.00384274  0.000682276  -0.00344803            0
EndNode1[0]<--->Repeater1[0]
REAL
   0.426143 -0.00413582 -0.00290253    0.325936
-0.00413582   0.0882181  0.00739734  0.00798018
-0.00290253  0.00739734   0.0882181  0.00742136
   0.325936  0.00798018  0.00742136    0.397421
IMAGINARY
          0 -0.00476592  0.00754831   0.0016493
 0.00476592           0 -0.00449105  0.00754831
-0.00754831  0.00449105           0 -0.00278239
 -0.0016493 -0.00754831  0.00278239           0
EndNode2[0]<--->HoM1[0]
REAL
   0.404813  0.00105235  0.00116255    0.328115
 0.00105235   0.0900956 -0.00242408  0.00971341
 0.00116255 -0.00242408   0.0944153 -0.00457969
   0.328115  0.00971341 -0.00457969    0.410676
IMAGINARY
           0   0.00525589   -0.0102561  -0.00742721
 -0.00525589            0  -0.00237671  0.000375887
   0.0102561   0.00237671            0  0.000432736
  0.00742721 -0.000375887 -0.000432736            0
Repeater1[0]<--->EndNode1[0]
REAL
   0.426143 -0.00290253 -0.00413582    0.325936
-0.00290253   0.0882181  0.00739734  0.00742136
-0.00413582  0.00739734   0.0882181  0.00798018
   0.325936  0.00742136  0.00798018    0.397421
IMAGINARY
          0  0.00754831 -0.00476592   0.0016493
-0.00754831           0  0.00449105 -0.00278239
 0.00476592 -0.00449105           0  0.00754831
 -0.0016493  0.00278239 -0.00754831           0
Repeater1[0]<--->HoM1[0]
REAL
   0.404813  0.00116255  0.00105235    0.328115
 0.00116255   0.0944153 -0.00242408 -0.00457969
 0.00105235 -0.00242408   0.0900956  0.00971341
   0.328115 -0.00457969  0.00971341    0.410676
IMAGINARY
           0   -0.0102561   0.00525589  -0.00742721
   0.0102561            0   0.00237671  0.000432736
 -0.00525589  -0.00237671            0  0.000375887
  0.00742721 -0.000432736 -0.000375887            0
EndNode1[0]<--->Repeater1[0]
REAL
   0.415539 -0.00736697  -0.0101849    0.327101
-0.00736697   0.0832843  -0.0106532 -0.00292592
 -0.0101849  -0.0106532   0.0906416 -0.00216819
   0.327101 -0.00292592 -0.00216819    0.410536
IMAGINARY
          0  -0.0027005  0.00253936 -0.00772041
  0.0027005           0 -0.00130059  0.00208742
-0.00253936  0.00130059           0  0.00732727
 0.00772041 -0.00208742 -0.00732727           0
EndNode2[0]<--->HoM1[0]
REAL
   0.409091 0.000820869  0.00302621    0.327555
0.000820869   0.0921132 0.000234057 0.000359127
 0.00302621 0.000234057   0.0836845 -0.00361745
   0.327555 0.000359127 -0.00361745    0.415111
IMAGINARY
           0 -0.000147842    0.0139402  -0.00392392
 0.000147842            0   0.00495182  -0.00832218
  -0.0139402  -0.00495182            0 -0.000147842
  0.00392392   0.00832218  0.000147842            0
Repeater1[0]<--->EndNode1[0]
REAL
   0.415539  -0.0101849 -0.00736697    0.327101
 -0.0101849   0.0906416  -0.0106532 -0.00216819
-0.00736697  -0.0106532   0.0832843 -0.00292592
   0.327101 -0.00216819 -0.00292592    0.410536
IMAGINARY
          0  0.00253936  -0.0027005 -0.00772041
-0.00253936           0  0.00130059  0.00732727
  0.0027005 -0.00130059           0  0.00208742
 0.00772041 -0.00732727 -0.00208742           0
Repeater1[0]<--->HoM1[0]
REAL
   0.409091  0.00302621 0.000820869    0.327555
 0.00302621   0.0836845 0.000234057 -0.00361745
0.000820869 0.000234057   0.0921132 0.000359127
   0.327555 -0.00361745 0.000359127    0.415111
IMAGINARY
           0    0.0139402 -0.000147842  -0.00392392
  -0.0139402            0  -0.00495182 -0.000147842
 0.000147842   0.00495182            0  -0.00832218
  0.00392392  0.000147842   0.00832218            0
EndNode1[0]<--->Repeater1[0]
REAL
    0.40543  0.00114197 0.000471623    0.331174
 0.00114197   0.0933771  0.00261999  0.00982024
0.000471623  0.00261999   0.0889021 0.000240523
   0.331174  0.00982024 0.000240523    0.412291
IMAGINARY
           0   -0.0073468   0.00209812   0.00360906
   0.0073468            0  -0.00241858  0.000467527
 -0.00209812   0.00241858            0   0.00900693
 -0.00360906 -0.000467527  -0.00900693            0
EndNode2[0]<--->HoM1[0]
REAL
    0.410279  -0.00183496 -0.000933281     0.323689
 -0.00183496    0.0932056   0.00175061   0.00108222
-0.000933281   0.00175061    0.0897213   -0.0099315
    0.323689   0.00108222   -0.0099315     0.406794
IMAGINARY
           0 -0.000798265  -0.00332279  -0.00514114
 0.000798265            0   0.00680629   0.00629544
  0.00332279  -0.00680629            0  -0.00306618
  0.00514114  -0.00629544   0.00306618            0
Repeater1[0]<--->EndNode1[0]
REAL
    0.40543 0.000471623  0.00114197    0.331174
0.000471623   0.0889021  0.00261999 0.000240523
 0.00114197  0.00261999   0.0933771  0.00982024
   0.331174 0.000240523  0.00982024    0.412291
IMAGINARY
           0   0.00209812   -0.0073468   0.00360906
 -0.00209812            0   0.00241858   0.00900693
   0.0073468  -0.00241858            0  0.000467527
 -0.00360906  -0.00900693 -0.000467527            0
Repeater1[0]<--->HoM1[0]
REAL
    0.410279 -0.000933281  -0.00183496     0.323689
-0.000933281    0.0897213   0.00175061   -0.0099315
 -0.00183496   0.00175061    0.0932056   0.00108222
    0.323689   -0.0099315   0.00108222     0.406794
IMAGINARY
           0  -0.00332279 -0.000798265  -0.00514114
  0.00332279            0  -0.00680629  -0.00306618
 0.000798265   0.00680629            0   0.00629544
  0.00514114   0.00306618  -0.00629544            0
EndNode1[0]<--->Repeater1[0]
REAL
   0.409682 -0.00852147 -0.00623836    0.320316
-0.00852147   0.0822995 -0.00680797 -0.00638713
-0.00623836 -0.00680797   0.0913767 -0.00684208
   0.320316 -0.00638713 -0.00684208    0.416641
IMAGINARY
           0  -0.00565741  0.000825157    0.0110476
  0.00565741            0   0.00516866   0.00737156
-0.000825157  -0.00516866            0  -0.00134706
  -0.0110476  -0.00737156   0.00134706            0
EndNode2[0]<--->HoM1[0]
REAL
    0.418304  -0.00642347 -0.000220843     0.320763
 -0.00642347    0.0821355    0.0032976   0.00758926
-0.000220843    0.0032976    0.0862423   0.00386708
    0.320763   0.00758926   0.00386708     0.413318
IMAGINARY
          0 -0.00084607  0.00610327  0.00510268
 0.00084607           0   0.0060218  0.00236635
-0.00610327  -0.0060218           0 -0.00324271
-0.00510268 -0.00236635  0.00324271           0
Repeater1[0]<--->EndNode1[0]
REAL
   0.409682 -0.00623836 -0.00852147    0.320316
-0.00623836   0.0913767 -0.00680797 -0.00684208
-0.00852147 -0.00680797   0.0822995 -0.00638713
   0.320316 -0.00684208 -0.00638713    0.416641
IMAGINARY
           0  0.000825157  -0.00565741    0.0110476
-0.000825157            0  -0.00516866  -0.00134706
  0.00565741   0.00516866            0   0.00737156
  -0.0110476   0.00134706  -0.00737156            0
Repeater1[0]<--->HoM1[0]
REAL
    0.418304 -0.000220843  -0.00642347     0.320763
-0.000220843    0.0862423    0.0032976   0.00386708
 -0.00642347    0.0032976    0.0821355   0.00758926
    0.320763   0.00386708   0.00758926     0.413318
IMAGINARY
          0  0.00610327 -0.00084607  0.00510268
-0.00610327           0  -0.0060218 -0.00324271
 0.00084607   0.0060218           0  0.00236635
-0.00510268  0.00324271 -0.00236635           0
EndNode1[0]<--->Repeater1[0]
REAL
   0.420708 0.000821702  0.00191119    0.321619
0.000821702   0.0883666 -0.00529848  0.00236754
 0.00191119 -0.00529848   0.0847962 9.51687e-05
   0.321619  0.00236754 9.51687e-05    0.406129
IMAGINARY
          0  0.00633603 -0.00219685 -0.00577855
-0.00633603           0 -0.00429663  0.00295466
 0.00219685  0.00429663           0   0.0016967
 0.00577855 -0.00295466  -0.0016967           0
EndNode2[0]<--->HoM1[0]
REAL
   0.413783 -0.00303557  0.00169393    0.330512
-0.00303557   0.0854777 -0.00612462 0.000931505
 0.00169393 -0.00612462   0.0860692 -0.00425731
   0.330512 0.000931505 -0.00425731     0.41467
IMAGINARY
          0 -0.00220263  -0.0112322 -0.00110018
 0.00220263           0 -0.00931649 -0.00198106
  0.0112322  0.00931649           0   0.0154158
 0.00110018  0.00198106  -0.0154158           0
Repeater1[0]<--->EndNode1[0]
REAL
   0.420708  0.00191119 0.000821702    0.321619
 0.00191119   0.0847962 -0.00529848 9.51687e-05
0.000821702 -0.00529848   0.0883666  0.00236754
   0.321619 9.51687e-05  0.00236754    0.406129
IMAGINARY
          0 -0.00219685  0.00633603 -0.00577855
 0.00219685           0  0.00429663   0.0016967
-0.00633603 -0.00429663           0  0.00295466
 0.00577855  -0.0016967 -0.00295466           0
Repeater1[0]<--->HoM1[0]
REAL
   0.413783  0.00169393 -0.00303557    0.330512
 0.00169393   0.0860692 -0.00612462 -0.00425731
-0.00303557 -0.00612462   0.0854777 0.000931505
   0.330512 -0.00425731 0.000931505     0.41467
IMAGINARY
          0  -0.0112322 -0.00220263 -0.00110018
  0.0112322           0  0.00931649   0.0154158
 0.00220263 -0.00931649           0 -0.00198106
 0.00110018  -0.0154158  0.00198106           0
EndNode1[0]<--->Repeater1[0]
REAL
   0.412308 -0.00942669 -0.00878727    0.325608
-0.00942669       0.092 -0.00516162 -0.00207285
-0.00878727 -0.00516162   0.0778462   0.0014626
   0.325608 -0.00207285   0.0014626    0.417846
IMAGINARY
           0   0.00459578  0.000604183  -0.00383602
 -0.00459578            0  -0.00623698  -0.00226331
-0.000604183   0.00623698            0  -0.00323832
  0.00383602   0.00226331   0.00323832            0
EndNode2[0]<--->HoM1[0]
REAL
   0.407396  0.00162853  0.00733841    0.318813
 0.00162853   0.0845711 1.47789e-05  0.00420688
 0.00733841 1.47789e-05   0.0891179 0.000443699
   0.318813  0.00420688 0.000443699    0.418915
IMAGINARY
           0  -0.00389829   0.00326382 -0.000748577
  0.00389829            0   0.00391028   0.00705975
 -0.00326382  -0.00391028            0   0.00959937
 0.000748577  -0.00705975  -0.00959937            0
Repeater1[0]<--->EndNode1[0]
REAL
   0.412308 -0.00878727 -0.00942669    0.325608
-0.00878727   0.0778462 -0.00516162   0.0014626
-0.00942669 -0.00516162       0.092 -0.00207285
   0.325608   0.0014626 -0.00207285    0.417846
IMAGINARY
           0  0.000604183   0.00459578  -0.00383602
-0.000604183            0   0.00623698  -0.00323832
 -0.00459578  -0.00623698            0  -0.00226331
  0.00383602   0.00323832   0.00226331            0
Repeater1[0]<--->HoM1[0]
REAL
   0.407396  0.00733841  0.00162853    0.318813
 0.00733841   0.0891179 1.47789e-05 0.000443699
 0.00162853 1.47789e-05   0.0845711  0.00420688
   0.318813 0.000443699  0.00420688    0.418915
IMAGINARY
           0   0.00326382  -0.00389829 -0.000748577
 -0.00326382            0  -0.00391028   0.00959937
  0.00389829   0.00391028            0   0.00705975
 0.000748577  -0.00959937  -0.00705975            0
EndNode1[0]<--->Repeater1[0]
REAL
   0.417642 -0.00438069 0.000728999    0.328044
-0.00438069   0.0867087  0.00399552 -0.00678302
0.000728999  0.00399552   0.0876088  0.00174176
   0.328044 -0.00678302  0.00174176    0.408041
IMAGINARY
           0   0.00176246   0.00268598 -0.000895794
 -0.00176246            0  1.87237e-06  -0.00162053
 -0.00268598 -1.87237e-06            0   0.00326037
 0.000895794   0.00162053  -0.00326037            0
EndNode2[0]<--->HoM1[0]
REAL
    0.415546  -0.00516305  -0.00689401     0.321709
 -0.00516305    0.0852018  -0.00230557   0.00122237
 -0.00689401  -0.00230557    0.0863976 -0.000807103
    0.321709   0.00122237 -0.000807103     0.412855
IMAGINARY
          0  0.00976217  -0.0095674   0.0117846
-0.00976217           0 -0.00554793 -0.00455856
  0.0095674  0.00554793           0   0.0126039
 -0.0117846  0.00455856  -0.0126039           0
Repeater1[0]<--->EndNode1[0]
REAL
   0.417642 0.000728999 -0.00438069    0.328044
0.000728999   0.0876088  0.00399552  0.00174176
-0.00438069  0.00399552   0.0867087 -0.00678302
   0.328044  0.00174176 -0.00678302    0.408041
IMAGINARY
           0   0.00268598   0.00176246 -0.000895794
 -0.00268598            0 -1.87237e-06   0.00326037
 -0.00176246  1.87237e-06            0  -0.00162053
 0.000895794  -0.00326037   0.00162053            0
Repeater1[0]<--->HoM1[0]
REAL
    0.415546  -0.00689401  -0.00516305     0.321709
 -0.00689401    0.0863976  -0.00230557 -0.000807103
