EndNode1[0]<--->Repeater1[0]
REAL
   0.415457 -0.00104282 0.000730066    0.322111
-0.00104282   0.0886755 1.21127e-05 0.000275521
0.000730066 1.21127e-05   0.0942595 -0.00242087
   0.322111 0.000275521 -0.00242087    0.401608
IMAGINARY
          0  0.00669322 -0.00292294  0.00256088
-0.00669322           0  0.00102174  0.00512355
 0.00292294 -0.00102174           0    0.005468
-0.00256088 -0.00512355   -0.005468           0
EndNode2[0]<--->HoM1[0]
REAL
     0.40579 -4.59669e-05   0.00789012     0.329224
-4.59669e-05    0.0852482  0.000533642  0.000760402
  0.00789012  0.000533642    0.0868566   0.00362151
    0.329224  0.000760402   0.00362151     0.422105
IMAGINARY
           0 -3.23693e-05  -0.00454826   0.00325897
 3.23693e-05            0   0.00497013   0.00750944
  0.00454826  -0.00497013            0  -0.00709639
 -0.00325897  -0.00750944   0.00709639            0
Repeater1[0]<--->EndNode1[0]
REAL
   0.415457 0.000730066 -0.00104282    0.322111
0.000730066   0.0942595 1.21127e-05 -0.00242087
-0.00104282 1.21127e-05   0.0886755 0.000275521
   0.322111 -0.00242087 0.000275521    0.401608
IMAGINARY
          0 -0.00292294  0.00669322  0.00256088
 0.00292294           0 -0.00102174    0.005468
-0.00669322  0.00102174           0  0.00512355
-0.00256088   -0.005468 -0.00512355           0
Repeater1[0]<--->HoM1[0]
REAL
     0.40579   0.00789012 -4.59669e-05     0.329224
  0.00789012    0.0868566  0.000533642   0.00362151
-4.59669e-05  0.000533642    0.0852482  0.000760402
    0.329224   0.00362151  0.000760402     0.422105
IMAGINARY
           0  -0.00454826 -3.23693e-05   0.00325897
  0.00454826            0  -0.00497013  -0.00709639
 3.23693e-05   0.00497013            0   0.00750944
 -0.00325897   0.00709639  -0.00750944            0
EndNode1[0]<--->Repeater1[0]
REAL
   0.413723 -0.00301549  0.00178163    0.322875
-0.00301549    0.088189  0.00330894  -0.0109416
 0.00178163  0.00330894   0.0863892 -0.00391034
   0.322875  -0.0109416 -0.00391034    0.411699
IMAGINARY
           0   0.00380711   0.00136088  0.000412685
 -0.00380711            0  -0.00108054 -0.000207216
 -0.00136088   0.00108054            0   0.00380711
-0.000412685  0.000207216  -0.00380711            0
EndNode2[0]<--->HoM1[0]
REAL
   0.410115 -0.00960018   0.0096868    0.323518
-0.00960018   0.0891954 -0.00377289 -0.00153402
  0.0096868 -0.00377289   0.0889655    0.010382
   0.323518 -0.00153402    0.010382    0.411724
IMAGINARY
          0  0.00111451   -0.010081 -0.00443472
-0.00111451           0  -0.0102679  0.00321323
   0.010081   0.0102679           0  0.00237569
 0.00443472 -0.00321323 -0.00237569           0
Repeater1[0]<--->EndNode1[0]
REAL
   0.413723  0.00178163 -0.00301549    0.322875
 0.00178163   0.0863892  0.00330894 -0.00391034
-0.00301549  0.00330894    0.088189  -0.0109416
   0.322875 -0.00391034  -0.0109416    0.411699
IMAGINARY
           0   0.00136088   0.00380711  0.000412685
 -0.00136088            0   0.00108054   0.00380711
 -0.00380711  -0.00108054            0 -0.000207216
-0.000412685  -0.00380711  0.000207216            0
Repeater1[0]<--->HoM1[0]
REAL
   0.410115   0.0096868 -0.00960018    0.323518
  0.0096868   0.0889655 -0.00377289    0.010382
-0.00960018 -0.00377289   0.0891954 -0.00153402
   0.323518    0.010382 -0.00153402    0.411724
IMAGINARY
          0   -0.010081  0.00111451 -0.00443472
   0.010081           0   0.0102679  0.00237569
-0.00111451  -0.0102679           0  0.00321323
 0.00443472 -0.00237569 -0.00321323           0
EndNode1[0]<--->Repeater1[0]
REAL
   0.418807  0.00994243  0.00571344    0.315943
 0.00994243   0.0896822 -0.00131899 0.000100511
 0.00571344 -0.00131899   0.0870701  0.00459245
   0.315943 0.000100511  0.00459245    0.404441
IMAGINARY
           0   0.00681306   0.00485655  -0.00656226
 -0.00681306            0  3.95449e-05   -0.0051937
 -0.00485655 -3.95449e-05            0   0.00408827
  0.00656226    0.0051937  -0.00408827            0
EndNode2[0]<--->HoM1[0]
REAL
   0.408259 -0.00141926  0.00307202    0.324433
-0.00141926   0.0877232   0.0023388  0.00318088
 0.00307202   0.0023388   0.0868304  0.00396674
   0.324433  0.00318088  0.00396674    0.417187
IMAGINARY
           0   0.00328427    0.0054704    0.0011305
 -0.00328427            0  -0.00157953   0.00717379
  -0.0054704   0.00157953            0 -0.000844167
  -0.0011305  -0.00717379  0.000844167            0
Repeater1[0]<--->EndNode1[0]
REAL
   0.418807  0.00571344  0.00994243    0.315943
 0.00571344   0.0870701 -0.00131899  0.00459245
 0.00994243 -0.00131899   0.0896822 0.000100511
   0.315943  0.00459245 0.000100511    0.404441
IMAGINARY
           0   0.00485655   0.00681306  -0.00656226
 -0.00485655            0 -3.95449e-05   0.00408827
 -0.00681306  3.95449e-05            0   -0.0051937
  0.00656226  -0.00408827    0.0051937            0
Repeater1[0]<--->HoM1[0]
REAL
   0.408259  0.00307202 -0.00141926    0.324433
 0.00307202   0.0868304   0.0023388  0.00396674
-0.00141926   0.0023388   0.0877232  0.00318088
   0.324433  0.00396674  0.00318088    0.417187
IMAGINARY
           0    0.0054704   0.00328427    0.0011305
  -0.0054704            0   0.00157953 -0.000844167
 -0.00328427  -0.00157953            0   0.00717379
  -0.0011305  0.000844167  -0.00717379            0
EndNode1[0]<--->Repeater1[0]
REAL
    0.41844  0.00859734  0.00322822    0.314905
 0.00859734   0.0904255  0.00352408  0.00684649
 0.00322822  0.00352408   0.0813387 0.000118983
   0.314905  0.00684649 0.000118983    0.409796
IMAGINARY
           0  -0.00051565 -3.37375e-06  0.000911612
  0.00051565            0   0.00947017  -0.00124351
 3.37375e-06  -0.00947017            0   0.00493642
-0.000911612   0.00124351  -0.00493642            0
EndNode2[0]<--->HoM1[0]
REAL
   0.416704  0.00200359  0.00484837      0.3196
 0.00200359   0.0799734 -0.00332835 -0.00820108
 0.00484837 -0.00332835   0.0846256 8.02865e-06
     0.3196 -0.00820108 8.02865e-06    0.418697
IMAGINARY
          0   0.0116282  -0.0086612  -0.0110597
 -0.0116282           0  -0.0040174  0.00151023
  0.0086612   0.0040174           0  0.00369527
  0.0110597 -0.00151023 -0.00369527           0
Repeater1[0]<--->EndNode1[0]
REAL
    0.41844  0.00322822  0.00859734    0.314905
 0.00322822   0.0813387  0.00352408 0.000118983
 0.00859734  0.00352408   0.0904255  0.00684649
   0.314905 0.000118983  0.00684649    0.409796
IMAGINARY
           0 -3.37375e-06  -0.00051565  0.000911612
 3.37375e-06            0  -0.00947017   0.00493642
  0.00051565   0.00947017            0  -0.00124351
-0.000911612  -0.00493642   0.00124351            0
Repeater1[0]<--->HoM1[0]
REAL
   0.416704  0.00484837  0.00200359      0.3196
 0.00484837   0.0846256 -0.00332835 8.02865e-06
 0.00200359 -0.00332835   0.0799734 -0.00820108
     0.3196 8.02865e-06 -0.00820108    0.418697
IMAGINARY
          0  -0.0086612   0.0116282  -0.0110597
  0.0086612           0   0.0040174  0.00369527
 -0.0116282  -0.0040174           0  0.00151023
  0.0110597 -0.00369527 -0.00151023           0
EndNode1[0]<--->Repeater1[0]
REAL
   0.421936 -0.00267521  -0.0072745    0.335743
-0.00267521   0.0839512 0.000588254 -0.00704928
 -0.0072745 0.000588254   0.0909289  -0.0109824
   0.335743 -0.00704928  -0.0109824    0.403184
IMAGINARY
          0  -0.0047082  -0.0027355  0.00857924
  0.0047082           0  0.00593981  -0.0075104
  0.0027355 -0.00593981           0  0.00448051
-0.00857924   0.0075104 -0.00448051           0
EndNode2[0]<--->HoM1[0]
REAL
   0.417568 -0.00510632  0.00267174    0.325606
-0.00510632   0.0943694   0.0036138 0.000552628
 0.00267174   0.0036138   0.0756757  0.00165958
   0.325606 0.000552628  0.00165958    0.412387
IMAGINARY
           0  -0.00717074  -0.00485599  0.000731942
  0.00717074            0   0.00377866  0.000800114
  0.00485599  -0.00377866            0   0.00266421
-0.000731942 -0.000800114  -0.00266421            0
Repeater1[0]<--->EndNode1[0]
REAL
   0.421936  -0.0072745 -0.00267521    0.335743
 -0.0072745   0.0909289 0.000588254  -0.0109824
-0.00267521 0.000588254   0.0839512 -0.00704928
   0.335743  -0.0109824 -0.00704928    0.403184
IMAGINARY
          0  -0.0027355  -0.0047082  0.00857924
  0.0027355           0 -0.00593981  0.00448051
  0.0047082  0.00593981           0  -0.0075104
-0.00857924 -0.00448051   0.0075104           0
Repeater1[0]<--->HoM1[0]
REAL
   0.417568  0.00267174 -0.00510632    0.325606
 0.00267174   0.0756757   0.0036138  0.00165958
-0.00510632   0.0036138   0.0943694 0.000552628
   0.325606  0.00165958 0.000552628    0.412387
IMAGINARY
           0  -0.00485599  -0.00717074  0.000731942
  0.00485599            0  -0.00377866   0.00266421
  0.00717074   0.00377866            0  0.000800114
-0.000731942  -0.00266421 -0.000800114            0
EndNode1[0]<--->Repeater1[0]
REAL
     0.4144  0.00470518  0.00336687    0.326324
 0.00470518   0.0896121 -0.00145877  0.00135435
 0.00336687 -0.00145877   0.0780205 0.000690501
   0.326324  0.00135435 0.000690501    0.417967
IMAGINARY
          0  -0.0131401  0.00804803  0.00350485
  0.0131401           0  0.00730969  0.00926135
-0.00804803 -0.00730969           0 -0.00504572
-0.00350485 -0.00926135  0.00504572           0
EndNode2[0]<--->HoM1[0]
REAL
    0.402483 -3.12082e-06  -0.00762293     0.323473
-3.12082e-06    0.0984199  -0.00173522  0.000176834
 -0.00762293  -0.00173522    0.0896163   0.00233697
    0.323473  0.000176834   0.00233697     0.409481
IMAGINARY
           0  -0.00390498   0.00374349  -0.00624792
  0.00390498            0  -0.00210087 -0.000669271
 -0.00374349   0.00210087            0   0.00214829
  0.00624792  0.000669271  -0.00214829            0
Repeater1[0]<--->EndNode1[0]
REAL
     0.4144  0.00336687  0.00470518    0.326324
 0.00336687   0.0780205 -0.00145877 0.000690501
 0.00470518 -0.00145877   0.0896121  0.00135435
   0.326324 0.000690501  0.00135435    0.417967
IMAGINARY
          0  0.00804803  -0.0131401  0.00350485
-0.00804803           0 -0.00730969 -0.00504572
  0.0131401  0.00730969           0  0.00926135
-0.00350485  0.00504572 -0.00926135           0
Repeater1[0]<--->HoM1[0]
REAL
    0.402483  -0.00762293 -3.12082e-06     0.323473
 -0.00762293    0.0896163  -0.00173522   0.00233697
-3.12082e-06  -0.00173522    0.0984199  0.000176834
    0.323473   0.00233697  0.000176834     0.409481
IMAGINARY
           0   0.00374349  -0.00390498  -0.00624792
 -0.00374349            0   0.00210087   0.00214829
  0.00390498  -0.00210087            0 -0.000669271
  0.00624792  -0.00214829  0.000669271            0
EndNode1[0]<--->Repeater1[0]
REAL
    0.406418 -0.000848339   -0.0115934     0.321987
-0.000848339    0.0848294    0.0028502  0.000252777
  -0.0115934    0.0028502    0.0852783  -0.00510271
    0.321987  0.000252777  -0.00510271     0.423474
IMAGINARY
           0 -0.000172841   -0.0021773  -0.00466972
 0.000172841            0  0.000380783  -0.00318922
   0.0021773 -0.000380783            0 -0.000398066
  0.00466972   0.00318922  0.000398066            0
EndNode2[0]<--->HoM1[0]
REAL
   0.405925  0.00280074  0.00121812    0.326521
 0.00280074   0.0902056 -0.00203114 -0.00938138
 0.00121812 -0.00203114   0.0902056 -0.00733589
   0.326521 -0.00938138 -0.00733589    0.413663
IMAGINARY
           0  -0.00214859   -0.0043377   0.00383996
  0.00214859            0    0.0034999   0.00919426
   0.0043377   -0.0034999            0 -0.000674997
 -0.00383996  -0.00919426  0.000674997            0
Repeater1[0]<--->EndNode1[0]
REAL
    0.406418   -0.0115934 -0.000848339     0.321987
  -0.0115934    0.0852783    0.0028502  -0.00510271
-0.000848339    0.0028502    0.0848294  0.000252777
    0.321987  -0.00510271  0.000252777     0.423474
IMAGINARY
           0   -0.0021773 -0.000172841  -0.00466972
   0.0021773            0 -0.000380783 -0.000398066
 0.000172841  0.000380783            0  -0.00318922
  0.00466972  0.000398066   0.00318922            0
Repeater1[0]<--->HoM1[0]
REAL
   0.405925  0.00121812  0.00280074    0.326521
 0.00121812   0.0902056 -0.00203114 -0.00733589
 0.00280074 -0.00203114   0.0902056 -0.00938138
   0.326521 -0.00733589 -0.00938138    0.413663
IMAGINARY
           0   -0.0043377  -0.00214859   0.00383996
   0.0043377            0   -0.0034999 -0.000674997
  0.00214859    0.0034999            0   0.00919426
 -0.00383996  0.000674997  -0.00919426            0
EndNode1[0]<--->Repeater1[0]
REAL
    0.420713  -0.00177846  -0.00185121     0.319331
 -0.00177846     0.087687   0.00263825 -0.000376953
 -0.00185121   0.00263825    0.0842348  -0.00245505
    0.319331 -0.000376953  -0.00245505     0.407365
IMAGINARY
           0   0.00130516  0.000692341   0.00573788
 -0.00130516            0  -0.00473274   0.00146822
-0.000692341   0.00473274            0   0.00108284
 -0.00573788  -0.00146822  -0.00108284            0
EndNode2[0]<--->HoM1[0]
REAL
   0.416912  0.00296959 -0.00814311    0.325374
 0.00296959   0.0852363  0.00654169   0.0079193
-0.00814311  0.00654169   0.0843319  -0.0047601
   0.325374   0.0079193  -0.0047601     0.41352
IMAGINARY
          0   0.0119751 -0.00195133  0.00365492
 -0.0119751           0 -0.00876043 -0.00464675
 0.00195133  0.00876043           0  0.00178019
-0.00365492  0.00464675 -0.00178019           0
Repeater1[0]<--->EndNode1[0]
REAL
    0.420713  -0.00185121  -0.00177846     0.319331
 -0.00185121    0.0842348   0.00263825  -0.00245505
 -0.00177846   0.00263825     0.087687 -0.000376953
    0.319331  -0.00245505 -0.000376953     0.407365
IMAGINARY
           0  0.000692341   0.00130516   0.00573788
-0.000692341            0   0.00473274   0.00108284
 -0.00130516  -0.00473274            0   0.00146822
 -0.00573788  -0.00108284  -0.00146822            0
Repeater1[0]<--->HoM1[0]
REAL
   0.416912 -0.00814311  0.00296959    0.325374
-0.00814311   0.0843319  0.00654169  -0.0047601
 0.00296959  0.00654169   0.0852363   0.0079193
   0.325374  -0.0047601   0.0079193     0.41352
IMAGINARY
          0 -0.00195133   0.0119751  0.00365492
 0.00195133           0  0.00876043  0.00178019
 -0.0119751 -0.00876043           0 -0.00464675
-0.00365492 -0.00178019  0.00464675           0
EndNode1[0]<--->Repeater1[0]
REAL
   0.428989 -0.00794588 -0.00196109    0.328833
-0.00794588   0.0842697 0.000930856 -0.00874842
-0.00196109 0.000930856   0.0817978  0.00236802
   0.328833 -0.00874842  0.00236802    0.404944
IMAGINARY
           0    -0.003125  -0.00401746 -0.000668894
    0.003125            0  -0.00420528  -0.00379504
  0.00401746   0.00420528            0    -0.003125
 0.000668894   0.00379504     0.003125            0
EndNode2[0]<--->HoM1[0]
REAL
   0.412885  0.00901403  0.00804556    0.326817
 0.00901403   0.0779278 -0.00156787  0.00147394
 0.00804556 -0.00156787   0.0905468 -0.00108112
   0.326817  0.00147394 -0.00108112    0.418641
IMAGINARY
          0 -0.00461395 -0.00284929 -0.00193201
 0.00461395           0 -0.00226586  0.00554835
 0.00284929  0.00226586           0  0.00168997
 0.00193201 -0.00554835 -0.00168997           0
Repeater1[0]<--->EndNode1[0]
REAL
   0.428989 -0.00196109 -0.00794588    0.328833
-0.00196109   0.0817978 0.000930856  0.00236802
-0.00794588 0.000930856   0.0842697 -0.00874842
   0.328833  0.00236802 -0.00874842    0.404944
IMAGINARY
           0  -0.00401746    -0.003125 -0.000668894
  0.00401746            0   0.00420528    -0.003125
    0.003125  -0.00420528            0  -0.00379504
 0.000668894     0.003125   0.00379504            0
Repeater1[0]<--->HoM1[0]
REAL
   0.412885  0.00804556  0.00901403    0.326817
 0.00804556   0.0905468 -0.00156787 -0.00108112
 0.00901403 -0.00156787   0.0779278  0.00147394
   0.326817 -0.00108112  0.00147394    0.418641
IMAGINARY
          0 -0.00284929 -0.00461395 -0.00193201
 0.00284929           0  0.00226586  0.00168997
 0.00461395 -0.00226586           0  0.00554835
 0.00193201 -0.00168997 -0.00554835           0
EndNode1[0]<--->Repeater1[0]
REAL
   0.414917 -0.00828343 -0.00246208    0.327582
-0.00828343   0.0935686 -0.00838624 -0.00672026
-0.00246208 -0.00838624   0.0877624  0.00456677
   0.327582 -0.00672026  0.00456677    0.403752
IMAGINARY
           0   0.00115603   0.00590406  0.000219886
 -0.00115603            0   0.00357409   0.00864348
 -0.00590406  -0.00357409            0  -0.00653976
-0.000219886  -0.00864348   0.00653976            0
EndNode2[0]<--->HoM1[0]
REAL
   0.409384  -0.0037489  0.00380766    0.320475
 -0.0037489   0.0869365  0.00176692 -0.00537086
 0.00380766  0.00176692   0.0846366  0.00307895
   0.320475 -0.00537086  0.00307895    0.419043
IMAGINARY
          0  0.00402746 -0.00206248  0.00540475
-0.00402746           0  0.00518084   0.0049578
 0.00206248 -0.00518084           0 -0.00291387
-0.00540475  -0.0049578  0.00291387           0
Repeater1[0]<--->EndNode1[0]
REAL
   0.414917 -0.00246208 -0.00828343    0.327582
-0.00246208   0.0877624 -0.00838624  0.00456677
-0.00828343 -0.00838624   0.0935686 -0.00672026
   0.327582  0.00456677 -0.00672026    0.403752
IMAGINARY
           0   0.00590406   0.00115603  0.000219886
 -0.00590406            0  -0.00357409  -0.00653976
 -0.00115603   0.00357409            0   0.00864348
-0.000219886   0.00653976  -0.00864348            0
Repeater1[0]<--->HoM1[0]
REAL
   0.409384  0.00380766  -0.0037489    0.320475
 0.00380766   0.0846366  0.00176692  0.00307895
 -0.0037489  0.00176692   0.0869365 -0.00537086
   0.320475  0.00307895 -0.00537086    0.419043
IMAGINARY
          0 -0.00206248  0.00402746  0.00540475
 0.00206248           0 -0.00518084 -0.00291387
-0.00402746  0.00518084           0   0.0049578
-0.00540475  0.00291387  -0.0049578           0
EndNode1[0]<--->Repeater1[0]
REAL
     0.41055    0.0039773    0.0091236     0.321483
   0.0039773    0.0956229 -0.000491121   0.00299559
   0.0091236 -0.000491121      0.08844   0.00836426
    0.321483   0.00299559   0.00836426     0.405387
IMAGINARY
           0  0.000403219  0.000120225 -8.15015e-06
-0.000403219            0  -0.00716561   0.00706008
-0.000120225   0.00716561            0  -0.00462022
 8.15015e-06  -0.00706008   0.00462022            0
EndNode2[0]<--->HoM1[0]
REAL
   0.413251  0.00202396  0.00818177    0.327892
 0.00202396   0.0906271  0.00126081 0.000970769
 0.00818177  0.00126081   0.0848659  0.00532067
   0.327892 0.000970769  0.00532067    0.411256
IMAGINARY
           0  -0.00742371   0.00910596 -4.89678e-05
  0.00742371            0    0.0059861  -0.00396744
 -0.00910596   -0.0059861            0  -0.00128943
 4.89678e-05   0.00396744   0.00128943            0
Repeater1[0]<--->EndNode1[0]
REAL
     0.41055    0.0091236    0.0039773     0.321483
   0.0091236      0.08844 -0.000491121   0.00836426
   0.0039773 -0.000491121    0.0956229   0.00299559
    0.321483   0.00836426   0.00299559     0.405387
IMAGINARY
           0  0.000120225  0.000403219 -8.15015e-06
-0.000120225            0   0.00716561  -0.00462022
-0.000403219  -0.00716561            0   0.00706008
 8.15015e-06   0.00462022  -0.00706008            0
Repeater1[0]<--->HoM1[0]
REAL
   0.413251  0.00818177  0.00202396    0.327892
 0.00818177   0.0848659  0.00126081  0.00532067
 0.00202396  0.00126081   0.0906271 0.000970769
   0.327892  0.00532067 0.000970769    0.411256
IMAGINARY
           0   0.00910596  -0.00742371 -4.89678e-05
 -0.00910596            0   -0.0059861  -0.00128943
  0.00742371    0.0059861            0  -0.00396744
 4.89678e-05   0.00128943   0.00396744            0
EndNode1[0]<--->Repeater1[0]
REAL
   0.408648 -0.00254243 -0.00151418    0.324449
-0.00254243     0.08988 -0.00702223 -0.00106835
-0.00151418 -0.00702223   0.0901064 -0.00430688
   0.324449 -0.00106835 -0.00430688    0.411365
IMAGINARY
          0 -0.00114731 -0.00278862 -0.00280851
 0.00114731           0   0.0043987  -0.0112365
 0.00278862  -0.0043987           0  0.00627844
 0.00280851   0.0112365 -0.00627844           0
EndNode2[0]<--->HoM1[0]
REAL
   0.407222  0.00471383 0.000977727    0.321832
 0.00471383   0.0838065  0.00931745  0.00164351
0.000977727  0.00931745   0.0851692  0.00249456
   0.321832  0.00164351  0.00249456    0.423802
IMAGINARY
          0  0.00740775  -0.0044311  0.00236665
-0.00740775           0   0.0015739 -0.00648495
  0.0044311  -0.0015739           0 -0.00391911
-0.00236665  0.00648495  0.00391911           0
Repeater1[0]<--->EndNode1[0]
REAL
   0.408648 -0.00151418 -0.00254243    0.324449
-0.00151418   0.0901064 -0.00702223 -0.00430688
-0.00254243 -0.00702223     0.08988 -0.00106835
   0.324449 -0.00430688 -0.00106835    0.411365
IMAGINARY
          0 -0.00278862 -0.00114731 -0.00280851
 0.00278862           0  -0.0043987  0.00627844
 0.00114731   0.0043987           0  -0.0112365
 0.00280851 -0.00627844   0.0112365           0
Repeater1[0]<--->HoM1[0]
REAL
   0.407222 0.000977727  0.00471383    0.321832
0.000977727   0.0851692  0.00931745  0.00249456
 0.00471383  0.00931745   0.0838065  0.00164351
   0.321832  0.00249456  0.00164351    0.423802
IMAGINARY
          0  -0.0044311  0.00740775  0.00236665
  0.0044311           0  -0.0015739 -0.00391911
-0.00740775   0.0015739           0 -0.00648495
-0.00236665  0.00391911  0.00648495           0
EndNode1[0]<--->Repeater1[0]
REAL
    0.41127 0.000688211 0.000298933    0.324617
0.000688211   0.0872529 -0.00130459  0.00718782
0.000298933 -0.00130459   0.0922518 0.000578778
   0.324617  0.00718782 0.000578778    0.409225
IMAGINARY
           0  -0.00406446    0.0125535  0.000151653
  0.00406446            0   0.00489206  -0.00283285
  -0.0125535  -0.00489206            0  -0.00722046
-0.000151653   0.00283285   0.00722046            0
EndNode2[0]<--->HoM1[0]
REAL
   0.411699 -0.00520948  0.00530382    0.318859
-0.00520948   0.0810449 -0.00112301    0.011853
 0.00530382 -0.00112301   0.0872963   0.0081061
   0.318859    0.011853   0.0081061     0.41996
IMAGINARY
           0  -0.00253682 -0.000458474    0.0103485
  0.00253682            0   0.00150095   -0.0126701
 0.000458474  -0.00150095            0    0.0105475
  -0.0103485    0.0126701   -0.0105475            0
Repeater1[0]<--->EndNode1[0]
REAL
    0.41127 0.000298933 0.000688211    0.324617
0.000298933   0.0922518 -0.00130459 0.000578778
0.000688211 -0.00130459   0.0872529  0.00718782
   0.324617 0.000578778  0.00718782    0.409225
IMAGINARY
           0    0.0125535  -0.00406446  0.000151653
  -0.0125535            0  -0.00489206  -0.00722046
  0.00406446   0.00489206            0  -0.00283285
-0.000151653   0.00722046   0.00283285            0
Repeater1[0]<--->HoM1[0]
REAL
   0.411699  0.00530382 -0.00520948    0.318859
 0.00530382   0.0872963 -0.00112301   0.0081061
-0.00520948 -0.00112301   0.0810449    0.011853
   0.318859   0.0081061    0.011853     0.41996
IMAGINARY
           0 -0.000458474  -0.00253682    0.0103485
 0.000458474            0  -0.00150095    0.0105475
  0.00253682   0.00150095            0   -0.0126701
  -0.0103485   -0.0105475    0.0126701            0
EndNode1[0]<--->Repeater1[0]
REAL
   0.411738 -0.00517625  0.00450399    0.323783
-0.00517625   0.0891577  0.00170255  -0.0019376
 0.00450399  0.00170255   0.0831093  0.00194037
   0.323783  -0.0019376  0.00194037    0.415995
IMAGINARY
           0   -0.0109675  0.000231828 -0.000392414
   0.0109675            0   0.00151299   0.00159299
-0.000231828  -0.00151299            0    0.0077741
 0.000392414  -0.00159299   -0.0077741            0
EndNode2[0]<--->HoM1[0]
REAL
    0.414453   0.00614893   0.00477803     0.329545
  0.00614893    0.0950023 -0.000639269    0.0031013
  0.00477803 -0.000639269    0.0844214  -0.00232182
    0.329545    0.0031013  -0.00232182     0.406123
IMAGINARY
          0  0.00666827  0.00398893  0.00302565
-0.00666827           0 -0.00679171 -0.00218956
-0.00398893  0.00679171           0 -0.00509382
-0.00302565  0.00218956  0.00509382           0
Repeater1[0]<--->EndNode1[0]
REAL
   0.411738  0.00450399 -0.00517625    0.323783
 0.00450399   0.0831093  0.00170255  0.00194037
-0.00517625  0.00170255   0.0891577  -0.0019376
   0.323783  0.00194037  -0.0019376    0.415995
IMAGINARY
           0  0.000231828   -0.0109675 -0.000392414
-0.000231828            0  -0.00151299    0.0077741
   0.0109675   0.00151299            0   0.00159299
 0.000392414   -0.0077741  -0.00159299            0
Repeater1[0]<--->HoM1[0]
REAL
    0.414453   0.00477803   0.00614893     0.329545
  0.00477803    0.0844214 -0.000639269  -0.00232182
  0.00614893 -0.000639269    0.0950023    0.0031013
    0.329545  -0.00232182    0.0031013     0.406123
IMAGINARY
          0  0.00398893  0.00666827  0.00302565
-0.00398893           0  0.00679171 -0.00509382
-0.00666827 -0.00679171           0 -0.00218956
-0.00302565  0.00509382  0.00218956           0
EndNode1[0]<--->Repeater1[0]
REAL
   0.404552 0.000419921  0.00352947    0.321899
0.000419921   0.0894101  0.00359547 0.000219675
 0.00352947  0.00359547   0.0849977 -0.00303296
   0.321899 0.000219675 -0.00303296     0.42104
IMAGINARY
           0   0.00832363  -0.00372683   0.00175719
 -0.00832363            0 -0.000517609   0.00138882
  0.00372683  0.000517609            0   0.00158508
 -0.00175719  -0.00138882  -0.00158508            0
EndNode2[0]<--->HoM1[0]
REAL
   0.410995  0.00929769  0.00186251    0.331972
 0.00929769   0.0815784  0.00323252   -0.008149
 0.00186251  0.00323252   0.0880071 -0.00346024
   0.331972   -0.008149 -0.00346024    0.419419
IMAGINARY
           0  -0.00491779  0.000908638 -0.000211488
  0.00491779            0   0.00527563   0.00451387
-0.000908638  -0.00527563            0  -0.00276409
 0.000211488  -0.00451387   0.00276409            0
Repeater1[0]<--->EndNode1[0]
REAL
   0.404552  0.00352947 0.000419921    0.321899
 0.00352947   0.0849977  0.00359547 -0.00303296
0.000419921  0.00359547   0.0894101 0.000219675
   0.321899 -0.00303296 0.000219675     0.42104
IMAGINARY
           0  -0.00372683   0.00832363   0.00175719
  0.00372683            0  0.000517609   0.00158508
 -0.00832363 -0.000517609            0   0.00138882
 -0.00175719  -0.00158508  -0.00138882            0
Repeater1[0]<--->HoM1[0]
REAL
   0.410995  0.00186251  0.00929769    0.331972
 0.00186251   0.0880071  0.00323252 -0.00346024
 0.00929769  0.00323252   0.0815784   -0.008149
   0.331972 -0.00346024   -0.008149    0.419419
IMAGINARY
           0  0.000908638  -0.00491779 -0.000211488
-0.000908638            0  -0.00527563  -0.00276409
  0.00491779   0.00527563            0   0.00451387
 0.000211488   0.00276409  -0.00451387            0
EndNode1[0]<--->Repeater1[0]
REAL
   0.410613 -0.00513423 -0.00238397    0.322776
-0.00513423   0.0828968 0.000437898  0.00662504
-0.00238397 0.000437898   0.0890458 -0.00446399
   0.322776  0.00662504 -0.00446399    0.417445
IMAGINARY
           0   0.00282405 -0.000436825   -0.0035161
 -0.00282405            0   0.00599135  0.000891784
 0.000436825  -0.00599135            0    0.0010431
   0.0035161 -0.000891784   -0.0010431            0
EndNode2[0]<--->HoM1[0]
REAL
    0.400962  -0.00254476  -0.00906564     0.326245
 -0.00254476    0.0835814   -0.0029362 -0.000297655
 -0.00906564   -0.0029362    0.0840394  -0.00153102
    0.326245 -0.000297655  -0.00153102     0.431417
IMAGINARY
          0  0.00138312  0.00283487   0.0114746
-0.00138312           0  0.00151536 -0.00239003
-0.00283487 -0.00151536           0 -0.00761088
 -0.0114746  0.00239003  0.00761088           0
Repeater1[0]<--->EndNode1[0]
REAL
   0.410613 -0.00238397 -0.00513423    0.322776
-0.00238397   0.0890458 0.000437898 -0.00446399
-0.00513423 0.000437898   0.0828968  0.00662504
   0.322776 -0.00446399  0.00662504    0.417445
IMAGINARY
           0 -0.000436825   0.00282405   -0.0035161
 0.000436825            0  -0.00599135    0.0010431
 -0.00282405   0.00599135            0  0.000891784
   0.0035161   -0.0010431 -0.000891784            0
Repeater1[0]<--->HoM1[0]
REAL
    0.400962  -0.00906564  -0.00254476     0.326245
 -0.00906564    0.0840394   -0.0029362  -0.00153102
 -0.00254476   -0.0029362    0.0835814 -0.000297655
    0.326245  -0.00153102 -0.000297655     0.431417
IMAGINARY
          0  0.00283487  0.00138312   0.0114746
-0.00283487           0 -0.00151536 -0.00761088
-0.00138312  0.00151536           0 -0.00239003
 -0.0114746  0.00761088  0.00239003           0
EndNode1[0]<--->Repeater1[0]
REAL
   0.414373   0.0040178 3.87554e-05    0.317622
  0.0040178   0.0848306  0.00156898   0.0061807
3.87554e-05  0.00156898   0.0848306  0.00175741
   0.317622   0.0061807  0.00175741    0.415965
IMAGINARY
          0   0.0038719 -0.00562045 -0.00201192
 -0.0038719           0  0.00212411 -0.00853786
 0.00562045 -0.00212411           0  -0.0019767
 0.00201192  0.00853786   0.0019767           0
EndNode2[0]<--->HoM1[0]
REAL
   0.413135 0.000507903 -0.00998846    0.325231
0.000507903   0.0923009 -0.00131331 -0.00664024
-0.00998846 -0.00131331   0.0849789 -0.00415255
   0.325231 -0.00664024 -0.00415255    0.409585
IMAGINARY
          0  0.00326044  0.00190889 -0.00656438
-0.00326044           0 -0.00134032 -0.00557021
-0.00190889  0.00134032           0  0.00314688
 0.00656438  0.00557021 -0.00314688           0
Repeater1[0]<--->EndNode1[0]
REAL
   0.414373 3.87554e-05   0.0040178    0.317622
3.87554e-05   0.0848306  0.00156898  0.00175741
  0.0040178  0.00156898   0.0848306   0.0061807
   0.317622  0.00175741   0.0061807    0.415965
IMAGINARY
          0 -0.00562045   0.0038719 -0.00201192
 0.00562045           0 -0.00212411  -0.0019767
 -0.0038719  0.00212411           0 -0.00853786
 0.00201192   0.0019767  0.00853786           0
Repeater1[0]<--->HoM1[0]
REAL
   0.413135 -0.00998846 0.000507903    0.325231
-0.00998846   0.0849789 -0.00131331 -0.00415255
0.000507903 -0.00131331   0.0923009 -0.00664024
   0.325231 -0.00415255 -0.00664024    0.409585
IMAGINARY
          0  0.00190889  0.00326044 -0.00656438
-0.00190889           0  0.00134032  0.00314688
-0.00326044 -0.00134032           0 -0.00557021
 0.00656438 -0.00314688  0.00557021           0
EndNode1[0]<--->Repeater1[0]
REAL
    0.413378 -0.000599547   0.00210704     0.327952
-0.000599547    0.0860647    0.0076306   -0.0111039
  0.00210704    0.0076306     0.084058  -0.00952191
    0.327952   -0.0111039  -0.00952191     0.416499
IMAGINARY
          0  0.00324915 -0.00520662 -0.00346221
-0.00324915           0  0.00141861  0.00328311
 0.00520662 -0.00141861           0  0.00455805
 0.00346221 -0.00328311 -0.00455805           0
EndNode2[0]<--->HoM1[0]
REAL
    0.410694 -0.000960473  -0.00788426     0.337028
-0.000960473    0.0871445  -0.00423156  -0.00455241
 -0.00788426  -0.00423156    0.0853242  -0.00733064
    0.337028  -0.00455241  -0.00733064     0.416837
IMAGINARY
           0  0.000295845   0.00285113  -0.00160793
-0.000295845            0   0.00409549   0.00620684
 -0.00285113  -0.00409549            0  -0.00776867
  0.00160793  -0.00620684   0.00776867            0
Repeater1[0]<--->EndNode1[0]
REAL
    0.413378   0.00210704 -0.000599547     0.327952
  0.00210704     0.084058    0.0076306  -0.00952191
-0.000599547    0.0076306    0.0860647   -0.0111039
    0.327952  -0.00952191   -0.0111039     0.416499
IMAGINARY
          0 -0.00520662  0.00324915 -0.00346221
 0.00520662           0 -0.00141861  0.00455805
-0.00324915  0.00141861           0  0.00328311
 0.00346221 -0.00455805 -0.00328311           0
Repeater1[0]<--->HoM1[0]
REAL
    0.410694  -0.00788426 -0.000960473     0.337028
 -0.00788426    0.0853242  -0.00423156  -0.00733064
-0.000960473  -0.00423156    0.0871445  -0.00455241
    0.337028  -0.00733064  -0.00455241     0.416837
IMAGINARY
           0   0.00285113  0.000295845  -0.00160793
 -0.00285113            0  -0.00409549  -0.00776867
-0.000295845   0.00409549            0   0.00620684
  0.00160793   0.00776867  -0.00620684            0
EndNode1[0]<--->Repeater1[0]
REAL
   0.416494 -0.00313542 0.000410674    0.327242
-0.00313542   0.0974041 -0.00371229 0.000635595
0.000410674 -0.00371229   0.0859178   0.0123193
   0.327242 0.000635595   0.0123193    0.400184
IMAGINARY
           0   0.00503107  -0.00457098  -0.00336686
 -0.00503107            0   0.00800672 -0.000754191
  0.00457098  -0.00800672            0   0.00120052
  0.00336686  0.000754191  -0.00120052            0
EndNode2[0]<--->HoM1[0]
REAL
   0.417884  -0.0151695 -0.00965441    0.318447
 -0.0151695   0.0858234 0.000948363 -0.00435804
-0.00965441 0.000948363   0.0840261 -0.00151197
   0.318447 -0.00435804 -0.00151197    0.412267
IMAGINARY
          0 -0.00793765  0.00755811 -0.00435137
 0.00793765           0  0.00277834 -0.00129244
-0.00755811 -0.00277834           0 -0.00356839
 0.00435137  0.00129244  0.00356839           0
Repeater1[0]<--->EndNode1[0]
REAL
   0.416494 0.000410674 -0.00313542    0.327242
0.000410674   0.0859178 -0.00371229   0.0123193
-0.00313542 -0.00371229   0.0974041 0.000635595
   0.327242   0.0123193 0.000635595    0.400184
IMAGINARY
           0  -0.00457098   0.00503107  -0.00336686
  0.00457098            0  -0.00800672   0.00120052
 -0.00503107   0.00800672            0 -0.000754191
  0.00336686  -0.00120052  0.000754191            0
Repeater1[0]<--->HoM1[0]
REAL
   0.417884 -0.00965441  -0.0151695    0.318447
-0.00965441   0.0840261 0.000948363 -0.00151197
 -0.0151695 0.000948363   0.0858234 -0.00435804
   0.318447 -0.00151197 -0.00435804    0.412267
IMAGINARY
          0  0.00755811 -0.00793765 -0.00435137
-0.00755811           0 -0.00277834 -0.00356839
 0.00793765  0.00277834           0 -0.00129244
 0.00435137  0.00356839  0.00129244           0
EndNode1[0]<--->Repeater1[0]
REAL
  0.424415 0.00712023 0.00139197   0.325784
0.00712023  0.0816095 0.00653369 0.00503999
0.00139197 0.00653369  0.0870652 0.00450243
  0.325784 0.00503999 0.00450243   0.406911
IMAGINARY
           0  -0.00444346  6.48725e-05   0.00608828
  0.00444346            0    0.0177641  -0.00128466
-6.48725e-05   -0.0177641            0   -0.0012119
 -0.00608828   0.00128466    0.0012119            0
EndNode2[0]<--->HoM1[0]
REAL
   0.415142 -0.00346343  0.00630994    0.327735
-0.00346343    0.086688 -0.00237959  0.00339252
 0.00630994 -0.00237959   0.0802836 -0.00278927
   0.327735  0.00339252 -0.00278927    0.417887
IMAGINARY
          0  0.00317216  0.00315713 -0.00374933
-0.00317216           0  0.00752711 -0.00177782
-0.00315713 -0.00752711           0  0.00395428
 0.00374933  0.00177782 -0.00395428           0
Repeater1[0]<--->EndNode1[0]
REAL
  0.424415 0.00139197 0.00712023   0.325784
0.00139197  0.0870652 0.00653369 0.00450243
0.00712023 0.00653369  0.0816095 0.00503999
  0.325784 0.00450243 0.00503999   0.406911
IMAGINARY
           0  6.48725e-05  -0.00444346   0.00608828
-6.48725e-05            0   -0.0177641   -0.0012119
  0.00444346    0.0177641            0  -0.00128466
 -0.00608828    0.0012119   0.00128466            0
Repeater1[0]<--->HoM1[0]
REAL
   0.415142  0.00630994 -0.00346343    0.327735
 0.00630994   0.0802836 -0.00237959 -0.00278927
-0.00346343 -0.00237959    0.086688  0.00339252
   0.327735 -0.00278927  0.00339252    0.417887
IMAGINARY
          0  0.00315713  0.00317216 -0.00374933
-0.00315713           0 -0.00752711  0.00395428
-0.00317216  0.00752711           0 -0.00177782
 0.00374933 -0.00395428  0.00177782           0
EndNode1[0]<--->Repeater1[0]
REAL
   0.406613 -0.00442359  0.00307671    0.329518
-0.00442359   0.0916762 0.000856809 -0.00581613
 0.00307671 0.000856809   0.0889396 -0.00576707
   0.329518 -0.00581613 -0.00576707    0.412771
IMAGINARY
          0  0.00578012  -0.0106193   -0.010114
-0.00578012           0  0.00372718 -0.00250023
  0.0106193 -0.00372718           0  0.00330264
   0.010114  0.00250023 -0.00330264           0
EndNode2[0]<--->HoM1[0]
REAL
    0.407699 -0.000615933   0.00908394     0.321309
-0.000615933    0.0882485   0.00259774   0.00196334
  0.00908394   0.00259774    0.0868978   0.00525579
    0.321309   0.00196334   0.00525579     0.417154
IMAGINARY
           0  -0.00266966 -0.000777255  -0.00155827
  0.00266966            0   0.00371197   -0.0016847
 0.000777255  -0.00371197            0   -0.0136687
  0.00155827    0.0016847    0.0136687            0
Repeater1[0]<--->EndNode1[0]
REAL
   0.406613  0.00307671 -0.00442359    0.329518
 0.00307671   0.0889396 0.000856809 -0.00576707
-0.00442359 0.000856809   0.0916762 -0.00581613
   0.329518 -0.00576707 -0.00581613    0.412771
IMAGINARY
          0  -0.0106193  0.00578012   -0.010114
  0.0106193           0 -0.00372718  0.00330264
-0.00578012  0.00372718           0 -0.00250023
   0.010114 -0.00330264  0.00250023           0
Repeater1[0]<--->HoM1[0]
REAL
    0.407699   0.00908394 -0.000615933     0.321309
  0.00908394    0.0868978   0.00259774   0.00525579
-0.000615933   0.00259774    0.0882485   0.00196334
    0.321309   0.00525579   0.00196334     0.417154
IMAGINARY
           0 -0.000777255  -0.00266966  -0.00155827
 0.000777255            0  -0.00371197   -0.0136687
  0.00266966   0.00371197            0   -0.0016847
  0.00155827    0.0136687    0.0016847            0
EndNode1[0]<--->Repeater1[0]
REAL
   0.411725 -0.00608296 8.33113e-05    0.334381
-0.00608296   0.0898473  0.00490097   -0.010521
8.33113e-05  0.00490097   0.0851303  0.00462392
   0.334381   -0.010521  0.00462392    0.413297
IMAGINARY
          0 -0.00854469  0.00163884 -0.00205897
 0.00854469           0  0.00160852 -0.00030491
-0.00163884 -0.00160852           0  0.00254203
 0.00205897  0.00030491 -0.00254203           0
EndNode2[0]<--->HoM1[0]
REAL
   0.400813 -0.00578653 -0.00932619    0.322865
-0.00578653   0.0944419 -0.00468276   -0.011698
-0.00932619 -0.00468276   0.0865341 -0.00678101
   0.322865   -0.011698 -0.00678101    0.418211
IMAGINARY
          0  0.00502688 -0.00158164 -0.00588448
-0.00502688           0  0.00577442 -0.00292693
 0.00158164 -0.00577442           0 -0.00254717
 0.00588448  0.00292693  0.00254717           0
Repeater1[0]<--->EndNode1[0]
REAL
   0.411725 8.33113e-05 -0.00608296    0.334381
8.33113e-05   0.0851303  0.00490097  0.00462392
-0.00608296  0.00490097   0.0898473   -0.010521
   0.334381  0.00462392   -0.010521    0.413297
IMAGINARY
          0  0.00163884 -0.00854469 -0.00205897
-0.00163884           0 -0.00160852  0.00254203
 0.00854469  0.00160852           0 -0.00030491
 0.00205897 -0.00254203  0.00030491           0
Repeater1[0]<--->HoM1[0]
REAL
   0.400813 -0.00932619 -0.00578653    0.322865
-0.00932619   0.0865341 -0.00468276 -0.00678101
-0.00578653 -0.00468276   0.0944419   -0.011698
   0.322865 -0.00678101   -0.011698    0.418211
IMAGINARY
          0 -0.00158164  0.00502688 -0.00588448
 0.00158164           0 -0.00577442 -0.00254717
-0.00502688  0.00577442           0 -0.00292693
 0.00588448  0.00254717  0.00292693           0
EndNode1[0]<--->Repeater1[0]
REAL
   0.410343 -0.00462371  0.00619173    0.329244
-0.00462371   0.0833333 0.000609623 -0.00316143
 0.00619173 0.000609623   0.0858175  0.00181787
   0.329244 -0.00316143  0.00181787    0.420506
IMAGINARY
           0  -0.00818309   0.00622674  0.000832148
  0.00818309            0   0.00614769   0.00143142
 -0.00622674  -0.00614769            0  -0.00258273
-0.000832148  -0.00143142   0.00258273            0
EndNode2[0]<--->HoM1[0]
REAL
   0.403639  0.00660746  0.00269304    0.329668
 0.00660746   0.0842318 -0.00411255 0.000478689
 0.00269304 -0.00411255   0.0828841 -0.00570125
   0.329668 0.000478689 -0.00570125    0.429245
IMAGINARY
           0   0.00495723    0.0058428   -0.0119833
 -0.00495723            0  -0.00048522  -0.00182135
  -0.0058428   0.00048522            0 -0.000935786
   0.0119833   0.00182135  0.000935786            0
Repeater1[0]<--->EndNode1[0]
REAL
   0.410343  0.00619173 -0.00462371    0.329244
 0.00619173   0.0858175 0.000609623  0.00181787
-0.00462371 0.000609623   0.0833333 -0.00316143
   0.329244  0.00181787 -0.00316143    0.420506
IMAGINARY
           0   0.00622674  -0.00818309  0.000832148
 -0.00622674            0  -0.00614769  -0.00258273
  0.00818309   0.00614769            0   0.00143142
-0.000832148   0.00258273  -0.00143142            0
Repeater1[0]<--->HoM1[0]
REAL
   0.403639  0.00269304  0.00660746    0.329668
 0.00269304   0.0828841 -0.00411255 -0.00570125
