EndNode1[0]<--->Repeater1[0]
REAL
   0.414201  -0.0275272   0.0147759    0.344509
 -0.0275272     0.10355  0.00507278  -0.0161687
  0.0147759  0.00507278   0.0710059 -0.00172073
   0.344509  -0.0161687 -0.00172073    0.411243
IMAGINARY
          0 -0.00352113 -0.00791036   0.0250887
 0.00352113           0  -0.0446082  -0.0047657
 0.00791036   0.0446082           0 -0.00352113
 -0.0250887   0.0047657  0.00352113           0
EndNode2[0]<--->HoM1[0]
REAL
  0.429967 0.00995323  0.0139989   0.339438
0.00995323  0.0781759 -0.0227176   0.026194
 0.0139989 -0.0227176  0.0977199  0.0463169
  0.339438   0.026194  0.0463169   0.394137
IMAGINARY
          0  -0.0131579 -0.00403746  -0.0255992
  0.0131579           0 -0.00965719  0.00779686
 0.00403746  0.00965719           0  -0.0131579
  0.0255992 -0.00779686   0.0131579           0
Repeater1[0]<--->EndNode1[0]
REAL
   0.414201   0.0147759  -0.0275272    0.344509
  0.0147759   0.0710059  0.00507278 -0.00172073
 -0.0275272  0.00507278     0.10355  -0.0161687
   0.344509 -0.00172073  -0.0161687    0.411243
IMAGINARY
          0 -0.00791036 -0.00352113   0.0250887
 0.00791036           0   0.0446082 -0.00352113
 0.00352113  -0.0446082           0  -0.0047657
 -0.0250887  0.00352113   0.0047657           0
Repeater1[0]<--->HoM1[0]
REAL
  0.429967  0.0139989 0.00995323   0.339438
 0.0139989  0.0977199 -0.0227176  0.0463169
0.00995323 -0.0227176  0.0781759   0.026194
  0.339438  0.0463169   0.026194   0.394137
IMAGINARY
          0 -0.00403746  -0.0131579  -0.0255992
 0.00403746           0  0.00965719  -0.0131579
  0.0131579 -0.00965719           0  0.00779686
  0.0255992   0.0131579 -0.00779686           0
EndNode1[0]<--->Repeater1[0]
REAL
  0.391304 -0.0225431 -0.0424624   0.288992
-0.0225431    0.10628  0.0267972 -0.0167481
-0.0424624  0.0267972  0.0628019 -0.0366674
  0.288992 -0.0167481 -0.0366674   0.439614
IMAGINARY
         0 -0.0392837 -0.0369204  0.0441917
 0.0392837          0  0.0280627  0.0125302
 0.0369204 -0.0280627          0 -0.0277895
-0.0441917 -0.0125302  0.0277895          0
EndNode2[0]<--->HoM1[0]
REAL
   0.382166  -0.0132621   0.0122595    0.300147
 -0.0132621    0.105096 -0.00313188   -0.013752
  0.0122595 -0.00313188   0.0955414  0.00579945
   0.300147   -0.013752  0.00579945    0.417197
IMAGINARY
           0 -0.000431157   -0.0148643   -0.0320375
 0.000431157            0  0.000315443  -0.00316844
   0.0148643 -0.000315443            0   0.00534919
   0.0320375   0.00316844  -0.00534919            0
Repeater1[0]<--->EndNode1[0]
REAL
  0.391304 -0.0424624 -0.0225431   0.288992
-0.0424624  0.0628019  0.0267972 -0.0366674
-0.0225431  0.0267972    0.10628 -0.0167481
  0.288992 -0.0366674 -0.0167481   0.439614
IMAGINARY
         0 -0.0369204 -0.0392837  0.0441917
 0.0369204          0 -0.0280627 -0.0277895
 0.0392837  0.0280627          0  0.0125302
-0.0441917  0.0277895 -0.0125302          0
Repeater1[0]<--->HoM1[0]
REAL
   0.382166   0.0122595  -0.0132621    0.300147
  0.0122595   0.0955414 -0.00313188  0.00579945
 -0.0132621 -0.00313188    0.105096   -0.013752
   0.300147  0.00579945   -0.013752    0.417197
IMAGINARY
           0   -0.0148643 -0.000431157   -0.0320375
   0.0148643            0 -0.000315443   0.00534919
 0.000431157  0.000315443            0  -0.00316844
   0.0320375  -0.00534919   0.00316844            0
EndNode1[0]<--->Repeater1[0]
REAL
   0.485714   0.0395492  0.00880797    0.306063
  0.0395492   0.0952381  -0.0126501 -0.00281994
 0.00880797  -0.0126501   0.0793651    0.023325
   0.306063 -0.00281994    0.023325    0.339683
IMAGINARY
          0  0.00340861  0.00468416   0.0143098
-0.00340861           0  0.00996201   -0.022228
-0.00468416 -0.00996201           0   0.0199832
 -0.0143098    0.022228  -0.0199832           0
EndNode2[0]<--->HoM1[0]
REAL
   0.407407  0.00684392   0.0364495    0.326336
 0.00684392   0.0895062    0.011087 -0.00270715
  0.0364495    0.011087    0.095679 -0.00070895
   0.326336 -0.00270715 -0.00070895    0.407407
IMAGINARY
          0 -0.00763205    0.030208  -0.0116503
 0.00763205           0   0.0228324   -0.019944
  -0.030208  -0.0228324           0   0.0120309
  0.0116503    0.019944  -0.0120309           0
Repeater1[0]<--->EndNode1[0]
REAL
   0.485714  0.00880797   0.0395492    0.306063
 0.00880797   0.0793651  -0.0126501    0.023325
  0.0395492  -0.0126501   0.0952381 -0.00281994
   0.306063    0.023325 -0.00281994    0.339683
IMAGINARY
          0  0.00468416  0.00340861   0.0143098
-0.00468416           0 -0.00996201   0.0199832
-0.00340861  0.00996201           0   -0.022228
 -0.0143098  -0.0199832    0.022228           0
Repeater1[0]<--->HoM1[0]
REAL
   0.407407   0.0364495  0.00684392    0.326336
  0.0364495    0.095679    0.011087 -0.00070895
 0.00684392    0.011087   0.0895062 -0.00270715
   0.326336 -0.00070895 -0.00270715    0.407407
IMAGINARY
          0    0.030208 -0.00763205  -0.0116503
  -0.030208           0  -0.0228324   0.0120309
 0.00763205   0.0228324           0   -0.019944
  0.0116503  -0.0120309    0.019944           0
EndNode1[0]<--->Repeater1[0]
REAL
    0.421384 -0.000391614    0.0214137     0.296484
-0.000391614    0.0880503   -0.0017621  0.000580401
   0.0214137   -0.0017621     0.100629    0.0399811
    0.296484  0.000580401    0.0399811     0.389937
IMAGINARY
          0   0.0188291   -0.019321 -0.00828205
 -0.0188291           0  -0.0349278   0.0076251
   0.019321   0.0349278           0   0.0133346
 0.00828205  -0.0076251  -0.0133346           0
EndNode2[0]<--->HoM1[0]
REAL
   0.405882   0.0150832  0.00394851    0.309317
  0.0150832         0.1 -0.00114071   0.0023408
 0.00394851 -0.00114071    0.111765    0.019508
   0.309317   0.0023408    0.019508    0.382353
IMAGINARY
           0   0.00246925  0.000713012   -0.0558041
 -0.00246925            0   -0.0017875    0.0188948
-0.000713012    0.0017875            0    0.0040667
   0.0558041   -0.0188948   -0.0040667            0
Repeater1[0]<--->EndNode1[0]
REAL
    0.421384    0.0214137 -0.000391614     0.296484
   0.0214137     0.100629   -0.0017621    0.0399811
-0.000391614   -0.0017621    0.0880503  0.000580401
    0.296484    0.0399811  0.000580401     0.389937
IMAGINARY
          0   -0.019321   0.0188291 -0.00828205
   0.019321           0   0.0349278   0.0133346
 -0.0188291  -0.0349278           0   0.0076251
 0.00828205  -0.0133346  -0.0076251           0
Repeater1[0]<--->HoM1[0]
REAL
   0.405882  0.00394851   0.0150832    0.309317
 0.00394851    0.111765 -0.00114071    0.019508
  0.0150832 -0.00114071         0.1   0.0023408
   0.309317    0.019508   0.0023408    0.382353
IMAGINARY
           0  0.000713012   0.00246925   -0.0558041
-0.000713012            0    0.0017875    0.0040667
 -0.00246925   -0.0017875            0    0.0188948
   0.0558041   -0.0040667   -0.0188948            0
EndNode1[0]<--->Repeater1[0]
REAL
   0.437326  -0.0276047 -0.00546589    0.310517
 -0.0276047   0.0891365   0.0216974  -0.0146683
-0.00546589   0.0216974    0.086351  -0.0395094
   0.310517  -0.0146683  -0.0395094    0.387187
IMAGINARY
          0   0.0188679  0.00388601   0.0266309
 -0.0188679           0 -0.00811234 -0.00388601
-0.00388601  0.00811234           0  -0.0188679
 -0.0266309  0.00388601   0.0188679           0
EndNode2[0]<--->HoM1[0]
REAL
      0.375 -0.00831856 -0.00906338    0.327585
-0.00831856    0.121875  -0.0253564   0.0104561
-0.00906338  -0.0253564       0.075  -0.0265004
   0.327585   0.0104561  -0.0265004    0.428125
IMAGINARY
          0 -0.00609756 -0.00219043  -0.0287484
 0.00609756           0   0.0174944 -0.00369193
 0.00219043  -0.0174944           0  0.00609756
  0.0287484  0.00369193 -0.00609756           0
Repeater1[0]<--->EndNode1[0]
REAL
   0.437326 -0.00546589  -0.0276047    0.310517
-0.00546589    0.086351   0.0216974  -0.0395094
 -0.0276047   0.0216974   0.0891365  -0.0146683
   0.310517  -0.0395094  -0.0146683    0.387187
IMAGINARY
          0  0.00388601   0.0188679   0.0266309
-0.00388601           0  0.00811234  -0.0188679
 -0.0188679 -0.00811234           0 -0.00388601
 -0.0266309   0.0188679  0.00388601           0
Repeater1[0]<--->HoM1[0]
REAL
      0.375 -0.00906338 -0.00831856    0.327585
-0.00906338       0.075  -0.0253564  -0.0265004
-0.00831856  -0.0253564    0.121875   0.0104561
   0.327585  -0.0265004   0.0104561    0.428125
IMAGINARY
          0 -0.00219043 -0.00609756  -0.0287484
 0.00219043           0  -0.0174944  0.00609756
 0.00609756   0.0174944           0 -0.00369193
  0.0287484 -0.00609756  0.00369193           0
EndNode1[0]<--->Repeater1[0]
REAL
  0.432024 0.00949735  0.0438552   0.309729
0.00949735  0.0664653 0.00789996  0.0366919
 0.0438552 0.00789996  0.0574018  0.0406546
  0.309729  0.0366919  0.0406546   0.444109
IMAGINARY
         0 -0.0266247  0.0158697 -0.0383229
 0.0266247          0  0.0116771  0.0237644
-0.0158697 -0.0116771          0 -0.0282534
 0.0383229 -0.0237644  0.0282534          0
EndNode2[0]<--->HoM1[0]
REAL
   0.408805 -0.00243237  -0.0359429    0.327731
-0.00243237    0.103774  0.00251601  -0.0443041
 -0.0359429  0.00251601   0.0660377  -0.0315182
   0.327731  -0.0443041  -0.0315182    0.421384
IMAGINARY
          0  0.00238475  -0.0150632   0.0302596
-0.00238475           0   0.0018505  -0.0178881
  0.0150632  -0.0018505           0   0.0277012
 -0.0302596   0.0178881  -0.0277012           0
Repeater1[0]<--->EndNode1[0]
REAL
  0.432024  0.0438552 0.00949735   0.309729
 0.0438552  0.0574018 0.00789996  0.0406546
0.00949735 0.00789996  0.0664653  0.0366919
  0.309729  0.0406546  0.0366919   0.444109
IMAGINARY
         0  0.0158697 -0.0266247 -0.0383229
-0.0158697          0 -0.0116771 -0.0282534
 0.0266247  0.0116771          0  0.0237644
 0.0383229  0.0282534 -0.0237644          0
Repeater1[0]<--->HoM1[0]
REAL
   0.408805  -0.0359429 -0.00243237    0.327731
 -0.0359429   0.0660377  0.00251601  -0.0315182
-0.00243237  0.00251601    0.103774  -0.0443041
   0.327731  -0.0315182  -0.0443041    0.421384
IMAGINARY
          0  -0.0150632  0.00238475   0.0302596
  0.0150632           0  -0.0018505   0.0277012
-0.00238475   0.0018505           0  -0.0178881
 -0.0302596  -0.0277012   0.0178881           0
EndNode1[0]<--->Repeater1[0]
REAL
   0.411243 -0.00496324   0.0087418    0.303012
-0.00496324   0.0798817 0.000113225  -0.0306168
  0.0087418 0.000113225     0.10355  -0.0137868
   0.303012  -0.0306168  -0.0137868    0.405325
IMAGINARY
          0 -0.00188753   0.0129431  -0.0049764
 0.00188753           0  -0.0124839  -0.0201895
 -0.0129431   0.0124839           0  -0.0198516
  0.0049764   0.0201895   0.0198516           0
EndNode2[0]<--->HoM1[0]
REAL
   0.457944  -0.0212516   0.0104011    0.314075
 -0.0212516    0.105919    0.010998 -0.00311244
  0.0104011    0.010998   0.0654206   -0.018107
   0.314075 -0.00311244   -0.018107    0.370717
IMAGINARY
          0  0.00483337   0.0323077 -0.00206293
-0.00483337           0   0.0388727  -0.0215385
 -0.0323077  -0.0388727           0  -0.0156026
 0.00206293   0.0215385   0.0156026           0
Repeater1[0]<--->EndNode1[0]
REAL
   0.411243   0.0087418 -0.00496324    0.303012
  0.0087418     0.10355 0.000113225  -0.0137868
-0.00496324 0.000113225   0.0798817  -0.0306168
   0.303012  -0.0137868  -0.0306168    0.405325
IMAGINARY
          0   0.0129431 -0.00188753  -0.0049764
 -0.0129431           0   0.0124839  -0.0198516
 0.00188753  -0.0124839           0  -0.0201895
  0.0049764   0.0198516   0.0201895           0
Repeater1[0]<--->HoM1[0]
REAL
   0.457944   0.0104011  -0.0212516    0.314075
  0.0104011   0.0654206    0.010998   -0.018107
 -0.0212516    0.010998    0.105919 -0.00311244
   0.314075   -0.018107 -0.00311244    0.370717
IMAGINARY
          0   0.0323077  0.00483337 -0.00206293
 -0.0323077           0  -0.0388727  -0.0156026
-0.00483337   0.0388727           0  -0.0215385
 0.00206293   0.0156026   0.0215385           0
EndNode1[0]<--->Repeater1[0]
REAL
  0.448916  0.0118791 0.00432184   0.335706
 0.0118791  0.0743034 0.00405639  -0.026577
0.00432184 0.00405639  0.0928793  -0.040069
  0.335706  -0.026577  -0.040069   0.383901
IMAGINARY
           0  0.000470458  -0.00388153    0.0038475
-0.000470458            0   0.00225006  -0.00790298
  0.00388153  -0.00225006            0   0.00458005
  -0.0038475   0.00790298  -0.00458005            0
EndNode2[0]<--->HoM1[0]
REAL
     0.44373    0.0223253 -0.000866852     0.329862
   0.0223253    0.0900322   0.00508902    0.0348474
-0.000866852   0.00508902    0.0836013   -0.0239434
    0.329862    0.0348474   -0.0239434     0.382637
IMAGINARY
          0     0.02407  -0.0256119 -0.00465087
   -0.02407           0 -0.00923802   0.0361859
  0.0256119  0.00923802           0  0.00765207
 0.00465087  -0.0361859 -0.00765207           0
Repeater1[0]<--->EndNode1[0]
REAL
  0.448916 0.00432184  0.0118791   0.335706
0.00432184  0.0928793 0.00405639  -0.040069
 0.0118791 0.00405639  0.0743034  -0.026577
  0.335706  -0.040069  -0.026577   0.383901
IMAGINARY
           0  -0.00388153  0.000470458    0.0038475
  0.00388153            0  -0.00225006   0.00458005
-0.000470458   0.00225006            0  -0.00790298
  -0.0038475  -0.00458005   0.00790298            0
Repeater1[0]<--->HoM1[0]
REAL
     0.44373 -0.000866852    0.0223253     0.329862
-0.000866852    0.0836013   0.00508902   -0.0239434
   0.0223253   0.00508902    0.0900322    0.0348474
    0.329862   -0.0239434    0.0348474     0.382637
IMAGINARY
          0  -0.0256119     0.02407 -0.00465087
  0.0256119           0  0.00923802  0.00765207
   -0.02407 -0.00923802           0   0.0361859
 0.00465087 -0.00765207  -0.0361859           0
EndNode1[0]<--->Repeater1[0]
REAL
   0.498516   0.0137195   0.0493356    0.314521
  0.0137195   0.0919881 -0.00659377   0.0299327
  0.0493356 -0.00659377   0.0712166   0.0320122
   0.314521   0.0299327   0.0320122    0.338279
IMAGINARY
          0  0.00268047   0.0204124  -0.0212303
-0.00268047           0 -0.00441073  -0.0189462
 -0.0204124  0.00441073           0  -0.0188095
  0.0212303   0.0189462   0.0188095           0
EndNode2[0]<--->HoM1[0]
REAL
  0.432665  0.0149522  0.0059622   0.340461
 0.0149522  0.0659026 -0.0253926  0.0180104
 0.0059622 -0.0253926  0.0802292 -0.0115275
  0.340461  0.0180104 -0.0115275   0.421203
IMAGINARY
          0   0.0119553    0.002443  -0.0146709
 -0.0119553           0 -0.00343495   -0.002443
  -0.002443  0.00343495           0  0.00633735
  0.0146709    0.002443 -0.00633735           0
Repeater1[0]<--->EndNode1[0]
REAL
   0.498516   0.0493356   0.0137195    0.314521
  0.0493356   0.0712166 -0.00659377   0.0320122
  0.0137195 -0.00659377   0.0919881   0.0299327
   0.314521   0.0320122   0.0299327    0.338279
IMAGINARY
          0   0.0204124  0.00268047  -0.0212303
 -0.0204124           0  0.00441073  -0.0188095
-0.00268047 -0.00441073           0  -0.0189462
  0.0212303   0.0188095   0.0189462           0
Repeater1[0]<--->HoM1[0]
REAL
  0.432665  0.0059622  0.0149522   0.340461
 0.0059622  0.0802292 -0.0253926 -0.0115275
 0.0149522 -0.0253926  0.0659026  0.0180104
  0.340461 -0.0115275  0.0180104   0.421203
IMAGINARY
          0    0.002443   0.0119553  -0.0146709
  -0.002443           0  0.00343495  0.00633735
 -0.0119553 -0.00343495           0   -0.002443
  0.0146709 -0.00633735    0.002443           0
EndNode1[0]<--->Repeater1[0]
REAL
   0.415929  0.00846283  0.00652998    0.348612
 0.00846283   0.0884956  -0.0230302   0.0080049
 0.00652998  -0.0230302    0.079646 -0.00555586
   0.348612   0.0080049 -0.00555586    0.415929
IMAGINARY
         0 -0.0158611 -0.0240985 -0.0130187
 0.0158611          0 -0.0332499   0.025591
 0.0240985  0.0332499          0  0.0233238
 0.0130187  -0.025591 -0.0233238          0
EndNode2[0]<--->HoM1[0]
REAL
    0.435673   -0.0131182    0.0172965     0.335207
  -0.0131182    0.0701754   0.00752318 -0.000975975
   0.0172965   0.00752318    0.0906433    0.0264713
    0.335207 -0.000975975    0.0264713     0.403509
IMAGINARY
           0    0.0255102    0.0121941 -0.000725668
  -0.0255102            0  -0.00232311   0.00193018
  -0.0121941   0.00232311            0   -0.0255102
 0.000725668  -0.00193018    0.0255102            0
Repeater1[0]<--->EndNode1[0]
REAL
   0.415929  0.00652998  0.00846283    0.348612
 0.00652998    0.079646  -0.0230302 -0.00555586
 0.00846283  -0.0230302   0.0884956   0.0080049
   0.348612 -0.00555586   0.0080049    0.415929
IMAGINARY
         0 -0.0240985 -0.0158611 -0.0130187
 0.0240985          0  0.0332499  0.0233238
 0.0158611 -0.0332499          0   0.025591
 0.0130187 -0.0233238  -0.025591          0
Repeater1[0]<--->HoM1[0]
REAL
    0.435673    0.0172965   -0.0131182     0.335207
   0.0172965    0.0906433   0.00752318    0.0264713
  -0.0131182   0.00752318    0.0701754 -0.000975975
    0.335207    0.0264713 -0.000975975     0.403509
IMAGINARY
           0    0.0121941    0.0255102 -0.000725668
  -0.0121941            0   0.00232311   -0.0255102
  -0.0255102  -0.00232311            0   0.00193018
 0.000725668    0.0255102  -0.00193018            0
EndNode1[0]<--->Repeater1[0]
REAL
   0.373418   -0.025736   0.0151139    0.332722
  -0.025736   0.0791139   0.0275268  -0.0182195
  0.0151139   0.0275268   0.0917722 0.000891249
   0.332722  -0.0182195 0.000891249    0.455696
IMAGINARY
           0  -0.00906071  -0.00638877   -0.0258037
  0.00906071            0 -5.84058e-05    0.0258693
  0.00638877  5.84058e-05            0    0.0025672
   0.0258037   -0.0258693   -0.0025672            0
EndNode2[0]<--->HoM1[0]
REAL
  0.407407  0.0125851 -0.0193731   0.301237
 0.0125851  0.0895062 0.00291749  0.0208568
-0.0193731 0.00291749  0.0771605 0.00670274
  0.301237  0.0208568 0.00670274   0.425926
IMAGINARY
          0  -0.0414619  0.00938683  -0.0141021
  0.0414619           0   0.0156598   0.0172238
-0.00938683  -0.0156598           0    -0.01316
  0.0141021  -0.0172238     0.01316           0
Repeater1[0]<--->EndNode1[0]
REAL
   0.373418   0.0151139   -0.025736    0.332722
  0.0151139   0.0917722   0.0275268 0.000891249
  -0.025736   0.0275268   0.0791139  -0.0182195
   0.332722 0.000891249  -0.0182195    0.455696
IMAGINARY
           0  -0.00638877  -0.00906071   -0.0258037
  0.00638877            0  5.84058e-05    0.0025672
  0.00906071 -5.84058e-05            0    0.0258693
   0.0258037   -0.0025672   -0.0258693            0
Repeater1[0]<--->HoM1[0]
REAL
  0.407407 -0.0193731  0.0125851   0.301237
-0.0193731  0.0771605 0.00291749 0.00670274
 0.0125851 0.00291749  0.0895062  0.0208568
  0.301237 0.00670274  0.0208568   0.425926
IMAGINARY
          0  0.00938683  -0.0414619  -0.0141021
-0.00938683           0  -0.0156598    -0.01316
  0.0414619   0.0156598           0   0.0172238
  0.0141021     0.01316  -0.0172238           0
EndNode1[0]<--->Repeater1[0]
REAL
  0.382789 -0.0108863 -0.0317613    0.33963
-0.0108863  0.0771513 -0.0115602 -0.0120984
-0.0317613 -0.0115602   0.115727  -0.022447
   0.33963 -0.0120984  -0.022447   0.424332
IMAGINARY
           0  -0.00452899     0.022428 -0.000850645
  0.00452899            0    0.0321006   -0.0105233
   -0.022428   -0.0321006            0   -0.0014234
 0.000850645    0.0105233    0.0014234            0
EndNode2[0]<--->HoM1[0]
REAL
  0.394659 -0.0183429  0.0160237    0.34021
-0.0183429   0.109792 0.00785668 -0.0215486
 0.0160237 0.00785668  0.0712166  0.0155804
   0.34021 -0.0215486  0.0155804   0.424332
IMAGINARY
          0   0.0215134  0.00105489   0.0484827
 -0.0215134           0  -0.0134508  -0.0187019
-0.00105489   0.0134508           0  0.00495715
 -0.0484827   0.0187019 -0.00495715           0
Repeater1[0]<--->EndNode1[0]
REAL
  0.382789 -0.0317613 -0.0108863    0.33963
-0.0317613   0.115727 -0.0115602  -0.022447
-0.0108863 -0.0115602  0.0771513 -0.0120984
   0.33963  -0.022447 -0.0120984   0.424332
IMAGINARY
           0     0.022428  -0.00452899 -0.000850645
   -0.022428            0   -0.0321006   -0.0014234
  0.00452899    0.0321006            0   -0.0105233
 0.000850645    0.0014234    0.0105233            0
Repeater1[0]<--->HoM1[0]
REAL
  0.394659  0.0160237 -0.0183429    0.34021
 0.0160237  0.0712166 0.00785668  0.0155804
-0.0183429 0.00785668   0.109792 -0.0215486
   0.34021  0.0155804 -0.0215486   0.424332
IMAGINARY
          0  0.00105489   0.0215134   0.0484827
-0.00105489           0   0.0134508  0.00495715
 -0.0215134  -0.0134508           0  -0.0187019
 -0.0484827 -0.00495715   0.0187019           0
EndNode1[0]<--->Repeater1[0]
REAL
 0.405882 0.0114201  0.047584  0.326281
0.0114201 0.0764706 0.0244233 0.0214301
 0.047584 0.0244233 0.0911765 0.0209743
 0.326281 0.0214301 0.0209743  0.426471
IMAGINARY
           0   0.00439718 -0.000773994  -0.00905829
 -0.00439718            0   -0.0276829 -0.000773994
 0.000773994    0.0276829            0  -0.00284919
  0.00905829  0.000773994   0.00284919            0
EndNode2[0]<--->HoM1[0]
REAL
   0.432665 -0.00611327  0.00763588    0.294496
-0.00611327   0.0773639    0.012626  0.00274988
 0.00763588    0.012626   0.0773639  -0.0161419
   0.294496  0.00274988  -0.0161419    0.412607
IMAGINARY
          0   0.0137039  0.00753487   0.0616357
 -0.0137039           0  0.00411356   -0.014617
-0.00753487 -0.00411356           0   0.0245398
 -0.0616357    0.014617  -0.0245398           0
Repeater1[0]<--->EndNode1[0]
REAL
 0.405882  0.047584 0.0114201  0.326281
 0.047584 0.0911765 0.0244233 0.0209743
0.0114201 0.0244233 0.0764706 0.0214301
 0.326281 0.0209743 0.0214301  0.426471
IMAGINARY
           0 -0.000773994   0.00439718  -0.00905829
 0.000773994            0    0.0276829  -0.00284919
 -0.00439718   -0.0276829            0 -0.000773994
  0.00905829   0.00284919  0.000773994            0
Repeater1[0]<--->HoM1[0]
REAL
   0.432665  0.00763588 -0.00611327    0.294496
 0.00763588   0.0773639    0.012626  -0.0161419
-0.00611327    0.012626   0.0773639  0.00274988
   0.294496  -0.0161419  0.00274988    0.412607
IMAGINARY
          0  0.00753487   0.0137039   0.0616357
-0.00753487           0 -0.00411356   0.0245398
 -0.0137039  0.00411356           0   -0.014617
 -0.0616357  -0.0245398    0.014617           0
EndNode1[0]<--->Repeater1[0]
REAL
    0.416149   -0.0123094  -0.00141929     0.317385
  -0.0123094    0.0900621 -0.000524991  -0.00730164
 -0.00141929 -0.000524991    0.0745342   -0.0167604
    0.317385  -0.00730164   -0.0167604     0.419255
IMAGINARY
           0  6.88863e-05    0.0166674   -0.0012206
-6.88863e-05            0   0.00886586   0.00273555
  -0.0166674  -0.00886586            0   -0.0045465
   0.0012206  -0.00273555    0.0045465            0
EndNode2[0]<--->HoM1[0]
REAL
   0.406349    -0.01387   0.0326244    0.336306
   -0.01387    0.111111  -0.0225526 -0.00540377
  0.0326244  -0.0225526   0.0761905 -0.00761999
   0.336306 -0.00540377 -0.00761999    0.406349
IMAGINARY
          0  0.00222936    0.010983 -0.00549527
-0.00222936           0   0.0125375  -0.0154875
  -0.010983  -0.0125375           0  0.00527814
 0.00549527   0.0154875 -0.00527814           0
Repeater1[0]<--->EndNode1[0]
REAL
    0.416149  -0.00141929   -0.0123094     0.317385
 -0.00141929    0.0745342 -0.000524991   -0.0167604
  -0.0123094 -0.000524991    0.0900621  -0.00730164
    0.317385   -0.0167604  -0.00730164     0.419255
IMAGINARY
           0    0.0166674  6.88863e-05   -0.0012206
  -0.0166674            0  -0.00886586   -0.0045465
-6.88863e-05   0.00886586            0   0.00273555
   0.0012206    0.0045465  -0.00273555            0
Repeater1[0]<--->HoM1[0]
REAL
   0.406349   0.0326244    -0.01387    0.336306
  0.0326244   0.0761905  -0.0225526 -0.00761999
   -0.01387  -0.0225526    0.111111 -0.00540377
   0.336306 -0.00761999 -0.00540377    0.406349
IMAGINARY
          0    0.010983  0.00222936 -0.00549527
  -0.010983           0  -0.0125375  0.00527814
-0.00222936   0.0125375           0  -0.0154875
 0.00549527 -0.00527814   0.0154875           0
EndNode1[0]<--->Repeater1[0]
REAL
  0.415152  0.0258228  0.0347755   0.316103
 0.0258228        0.1  0.0061859 -0.0106791
 0.0347755  0.0061859  0.0818182 -0.0107626
  0.316103 -0.0106791 -0.0107626    0.40303
IMAGINARY
          0  -0.0100029   -0.010678   0.0196735
  0.0100029           0  -0.0365966  -0.0210025
   0.010678   0.0365966           0 -0.00514857
 -0.0196735   0.0210025  0.00514857           0
EndNode2[0]<--->HoM1[0]
REAL
   0.428571    0.030552   0.0160367    0.334739
   0.030552   0.0922619 -0.00465519  0.00485463
  0.0160367 -0.00465519   0.0803571  -0.0235882
   0.334739  0.00485463  -0.0235882     0.39881
IMAGINARY
          0  0.00705628   0.0112393 -0.00408173
-0.00705628           0  -0.0294549 -0.00517865
 -0.0112393   0.0294549           0  -0.0100866
 0.00408173  0.00517865   0.0100866           0
Repeater1[0]<--->EndNode1[0]
REAL
  0.415152  0.0347755  0.0258228   0.316103
 0.0347755  0.0818182  0.0061859 -0.0107626
 0.0258228  0.0061859        0.1 -0.0106791
  0.316103 -0.0107626 -0.0106791    0.40303
IMAGINARY
          0   -0.010678  -0.0100029   0.0196735
   0.010678           0   0.0365966 -0.00514857
  0.0100029  -0.0365966           0  -0.0210025
 -0.0196735  0.00514857   0.0210025           0
Repeater1[0]<--->HoM1[0]
REAL
   0.428571   0.0160367    0.030552    0.334739
  0.0160367   0.0803571 -0.00465519  -0.0235882
   0.030552 -0.00465519   0.0922619  0.00485463
   0.334739  -0.0235882  0.00485463     0.39881
IMAGINARY
          0   0.0112393  0.00705628 -0.00408173
 -0.0112393           0   0.0294549  -0.0100866
-0.00705628  -0.0294549           0 -0.00517865
 0.00408173   0.0100866  0.00517865           0
EndNode1[0]<--->Repeater1[0]
REAL
   0.372483  -0.0208731 -0.00298507    0.294645
 -0.0208731   0.0973154 -0.00360042  -0.0104478
-0.00298507 -0.00360042    0.104027  -0.0283806
   0.294645  -0.0104478  -0.0283806    0.426174
IMAGINARY
         0 -0.0146284    0.01055  0.0121385
 0.0146284          0  0.0216236  0.0420816
  -0.01055 -0.0216236          0 -0.0175354
-0.0121385 -0.0420816  0.0175354          0
EndNode2[0]<--->HoM1[0]
REAL
   0.380062 -0.00886093   -0.010836    0.336967
-0.00886093   0.0747664   0.0171996   0.0167883
  -0.010836   0.0171996   0.0903427 -0.00602002
   0.336967   0.0167883 -0.00602002    0.454829
IMAGINARY
           0  0.000741576  -0.00247844    0.0467775
-0.000741576            0   -0.0102695    0.0111994
  0.00247844    0.0102695            0  -0.00946251
  -0.0467775   -0.0111994   0.00946251            0
Repeater1[0]<--->EndNode1[0]
REAL
   0.372483 -0.00298507  -0.0208731    0.294645
-0.00298507    0.104027 -0.00360042  -0.0283806
 -0.0208731 -0.00360042   0.0973154  -0.0104478
   0.294645  -0.0283806  -0.0104478    0.426174
IMAGINARY
         0    0.01055 -0.0146284  0.0121385
  -0.01055          0 -0.0216236 -0.0175354
 0.0146284  0.0216236          0  0.0420816
-0.0121385  0.0175354 -0.0420816          0
Repeater1[0]<--->HoM1[0]
REAL
   0.380062   -0.010836 -0.00886093    0.336967
  -0.010836   0.0903427   0.0171996 -0.00602002
-0.00886093   0.0171996   0.0747664   0.0167883
   0.336967 -0.00602002   0.0167883    0.454829
IMAGINARY
           0  -0.00247844  0.000741576    0.0467775
  0.00247844            0    0.0102695  -0.00946251
-0.000741576   -0.0102695            0    0.0111994
  -0.0467775   0.00946251   -0.0111994            0
EndNode1[0]<--->Repeater1[0]
REAL
   0.421384   0.0301019   0.0127494    0.330985
  0.0301019   0.0849057 -3.9686e-05   0.0173366
  0.0127494 -3.9686e-05    0.113208  -0.0143426
   0.330985   0.0173366  -0.0143426    0.380503
IMAGINARY
           0   -0.0424323    0.0266069  -0.00910492
   0.0424323            0 -0.000572498    0.0190994
  -0.0266069  0.000572498            0    0.0105763
  0.00910492   -0.0190994   -0.0105763            0
EndNode2[0]<--->HoM1[0]
REAL
   0.430303 -0.00246032  -0.0319489    0.346825
-0.00246032    0.118182  -0.0134921  -0.0205203
 -0.0319489  -0.0134921   0.0787879  -0.0253175
   0.346825  -0.0205203  -0.0253175    0.372727
IMAGINARY
           0   -0.0200851   0.00909904  -0.00311328
   0.0200851            0 -0.000154697    0.0274089
 -0.00909904  0.000154697            0   -0.0291212
  0.00311328   -0.0274089    0.0291212            0
Repeater1[0]<--->EndNode1[0]
REAL
   0.421384   0.0127494   0.0301019    0.330985
  0.0127494    0.113208 -3.9686e-05  -0.0143426
  0.0301019 -3.9686e-05   0.0849057   0.0173366
   0.330985  -0.0143426   0.0173366    0.380503
IMAGINARY
           0    0.0266069   -0.0424323  -0.00910492
  -0.0266069            0  0.000572498    0.0105763
   0.0424323 -0.000572498            0    0.0190994
  0.00910492   -0.0105763   -0.0190994            0
Repeater1[0]<--->HoM1[0]
REAL
   0.430303  -0.0319489 -0.00246032    0.346825
 -0.0319489   0.0787879  -0.0134921  -0.0253175
-0.00246032  -0.0134921    0.118182  -0.0205203
   0.346825  -0.0253175  -0.0205203    0.372727
IMAGINARY
           0   0.00909904   -0.0200851  -0.00311328
 -0.00909904            0  0.000154697   -0.0291212
   0.0200851 -0.000154697            0    0.0274089
  0.00311328    0.0291212   -0.0274089            0
EndNode1[0]<--->Repeater1[0]
REAL
   0.401216   0.0272478   0.0120908    0.328039
  0.0272478   0.0851064 -0.00433087  0.00766603
  0.0120908 -0.00433087    0.103343  0.00466712
   0.328039  0.00766603  0.00466712    0.410334
IMAGINARY
           0  0.000741502    0.0015981   -0.0152285
-0.000741502            0   0.00931136    -0.016049
  -0.0015981  -0.00931136            0  -0.00363168
   0.0152285     0.016049   0.00363168            0
EndNode2[0]<--->HoM1[0]
REAL
  0.376543  0.0106182 -0.0122378   0.363654
 0.0106182  0.0679012 -0.0160929 -0.0304451
-0.0122378 -0.0160929   0.114198  -0.041106
  0.363654 -0.0304451  -0.041106   0.441358
IMAGINARY
          0 -0.00550938  0.00958785  -0.0115619
 0.00550938           0  0.00567951    0.012564
-0.00958785 -0.00567951           0  -0.0356299
  0.0115619   -0.012564   0.0356299           0
Repeater1[0]<--->EndNode1[0]
REAL
   0.401216   0.0120908   0.0272478    0.328039
  0.0120908    0.103343 -0.00433087  0.00466712
  0.0272478 -0.00433087   0.0851064  0.00766603
   0.328039  0.00466712  0.00766603    0.410334
IMAGINARY
           0    0.0015981  0.000741502   -0.0152285
  -0.0015981            0  -0.00931136  -0.00363168
-0.000741502   0.00931136            0    -0.016049
   0.0152285   0.00363168     0.016049            0
Repeater1[0]<--->HoM1[0]
REAL
  0.376543 -0.0122378  0.0106182   0.363654
-0.0122378   0.114198 -0.0160929  -0.041106
 0.0106182 -0.0160929  0.0679012 -0.0304451
  0.363654  -0.041106 -0.0304451   0.441358
IMAGINARY
          0  0.00958785 -0.00550938  -0.0115619
-0.00958785           0 -0.00567951  -0.0356299
 0.00550938  0.00567951           0    0.012564
  0.0115619   0.0356299   -0.012564           0
EndNode1[0]<--->Repeater1[0]
REAL
  0.451923 -0.0117501  0.0182537   0.318704
-0.0117501  0.0769231 -0.0073831  0.0226268
 0.0182537 -0.0073831  0.0833333   0.021184
  0.318704  0.0226268   0.021184   0.387821
IMAGINARY
          0   0.0188364 -0.00942029 -0.00173219
 -0.0188364           0  -0.0126356 -0.00942029
 0.00942029   0.0126356           0   0.0173955
 0.00173219  0.00942029  -0.0173955           0
EndNode2[0]<--->HoM1[0]
REAL
  0.438596 -0.0483315 -0.0285663   0.328432
-0.0483315  0.0643275 -0.0131828 -0.0344835
-0.0285663 -0.0131828  0.0935673 -0.0293811
  0.328432 -0.0344835 -0.0293811   0.403509
IMAGINARY
          0  -0.0500978    0.015822 -0.00755768
  0.0500978           0  0.00899861   0.0276563
  -0.015822 -0.00899861           0 -0.00269721
 0.00755768  -0.0276563  0.00269721           0
Repeater1[0]<--->EndNode1[0]
REAL
  0.451923  0.0182537 -0.0117501   0.318704
 0.0182537  0.0833333 -0.0073831   0.021184
-0.0117501 -0.0073831  0.0769231  0.0226268
  0.318704   0.021184  0.0226268   0.387821
IMAGINARY
          0 -0.00942029   0.0188364 -0.00173219
 0.00942029           0   0.0126356   0.0173955
 -0.0188364  -0.0126356           0 -0.00942029
 0.00173219  -0.0173955  0.00942029           0
Repeater1[0]<--->HoM1[0]
REAL
  0.438596 -0.0285663 -0.0483315   0.328432
-0.0285663  0.0935673 -0.0131828 -0.0293811
-0.0483315 -0.0131828  0.0643275 -0.0344835
  0.328432 -0.0293811 -0.0344835   0.403509
IMAGINARY
          0    0.015822  -0.0500978 -0.00755768
  -0.015822           0 -0.00899861 -0.00269721
  0.0500978  0.00899861           0   0.0276563
 0.00755768  0.00269721  -0.0276563           0
EndNode1[0]<--->Repeater1[0]
REAL
   0.420382 -0.00349498 -0.00603311    0.320558
-0.00349498   0.0828025  0.00513054  -0.0169027
-0.00603311  0.00513054    0.101911   0.0203145
   0.320558  -0.0169027   0.0203145    0.394904
IMAGINARY
          0  -0.0165786  -0.0164308   0.0184357
  0.0165786           0   0.0168584  0.00678897
  0.0164308  -0.0168584           0    0.017956
 -0.0184357 -0.00678897   -0.017956           0
EndNode2[0]<--->HoM1[0]
REAL
   0.402941 -0.00892282  0.00659722    0.323989
-0.00892282   0.0823529 -0.00836397   0.0121528
 0.00659722 -0.00836397   0.0647059   0.0182978
   0.323989   0.0121528   0.0182978        0.45
IMAGINARY
         0  0.0183672  0.0013226 -0.0068979
-0.0183672          0 -0.0120525 -0.0395579
-0.0013226  0.0120525          0  0.0286917
 0.0068979  0.0395579 -0.0286917          0
Repeater1[0]<--->EndNode1[0]
REAL
   0.420382 -0.00603311 -0.00349498    0.320558
-0.00603311    0.101911  0.00513054   0.0203145
-0.00349498  0.00513054   0.0828025  -0.0169027
   0.320558   0.0203145  -0.0169027    0.394904
IMAGINARY
          0  -0.0164308  -0.0165786   0.0184357
  0.0164308           0  -0.0168584    0.017956
  0.0165786   0.0168584           0  0.00678897
 -0.0184357   -0.017956 -0.00678897           0
Repeater1[0]<--->HoM1[0]
REAL
   0.402941  0.00659722 -0.00892282    0.323989
 0.00659722   0.0647059 -0.00836397   0.0182978
-0.00892282 -0.00836397   0.0823529   0.0121528
   0.323989   0.0182978   0.0121528        0.45
IMAGINARY
         0  0.0013226  0.0183672 -0.0068979
-0.0013226          0  0.0120525  0.0286917
-0.0183672 -0.0120525          0 -0.0395579
 0.0068979 -0.0286917  0.0395579          0
EndNode1[0]<--->Repeater1[0]
REAL
   0.429799 0.000673854 -0.00446213    0.333515
0.000673854   0.0687679   0.0128462 -0.00766725
-0.00446213   0.0128462   0.0802292 0.000673854
   0.333515 -0.00766725 0.000673854    0.421203
IMAGINARY
          0  0.00545618   0.0494979   0.0161334
-0.00545618           0  -0.0146584  -0.0327806
 -0.0494979   0.0146584           0   -0.019134
 -0.0161334   0.0327806    0.019134           0
EndNode2[0]<--->HoM1[0]
REAL
   0.412463   0.0225641 -0.00286111    0.330656
  0.0225641     0.11276  -0.0129922  -0.0071104
-0.00286111  -0.0129922    0.074184 -0.00974359
   0.330656  -0.0071104 -0.00974359    0.400593
IMAGINARY
           0   -0.0133223    0.0113638  -0.00577209
   0.0133223            0   0.00431436  3.68953e-05
  -0.0113638  -0.00431436            0   0.00192163
  0.00577209 -3.68953e-05  -0.00192163            0
Repeater1[0]<--->EndNode1[0]
REAL
   0.429799 -0.00446213 0.000673854    0.333515
-0.00446213   0.0802292   0.0128462 0.000673854
0.000673854   0.0128462   0.0687679 -0.00766725
   0.333515 0.000673854 -0.00766725    0.421203
IMAGINARY
          0   0.0494979  0.00545618   0.0161334
 -0.0494979           0   0.0146584   -0.019134
-0.00545618  -0.0146584           0  -0.0327806
 -0.0161334    0.019134   0.0327806           0
Repeater1[0]<--->HoM1[0]
REAL
   0.412463 -0.00286111   0.0225641    0.330656
-0.00286111    0.074184  -0.0129922 -0.00974359
  0.0225641  -0.0129922     0.11276  -0.0071104
   0.330656 -0.00974359  -0.0071104    0.400593
IMAGINARY
           0    0.0113638   -0.0133223  -0.00577209
  -0.0113638            0  -0.00431436   0.00192163
   0.0133223   0.00431436            0  3.68953e-05
  0.00577209  -0.00192163 -3.68953e-05            0
EndNode1[0]<--->Repeater1[0]
REAL
  0.398734 -0.0240912 -0.0240683   0.334018
-0.0240912  0.0791139 -0.0125895  0.0121636
-0.0240683 -0.0125895  0.0759494  0.0121864
  0.334018  0.0121636  0.0121864   0.446203
IMAGINARY
           0    0.0118359    -0.013413  0.000744431
  -0.0118359            0    0.0248238  -0.00871085
    0.013413   -0.0248238            0     0.010288
-0.000744431   0.00871085    -0.010288            0
EndNode2[0]<--->HoM1[0]
REAL
   0.39521  0.0123052  0.0180209   0.310666
 0.0123052  0.0898204  0.0100883   0.010281
 0.0180209  0.0100883  0.0688623 -0.0311731
  0.310666   0.010281 -0.0311731   0.446108
IMAGINARY
           0 -0.000208982  -0.00214867  -0.00948349
 0.000208982            0    0.0341212  -0.00652185
  0.00214867   -0.0341212            0   -0.0171321
  0.00948349   0.00652185    0.0171321            0
Repeater1[0]<--->EndNode1[0]
REAL
  0.398734 -0.0240683 -0.0240912   0.334018
-0.0240683  0.0759494 -0.0125895  0.0121864
-0.0240912 -0.0125895  0.0791139  0.0121636
  0.334018  0.0121864  0.0121636   0.446203
IMAGINARY
           0    -0.013413    0.0118359  0.000744431
    0.013413            0   -0.0248238     0.010288
  -0.0118359    0.0248238            0  -0.00871085
-0.000744431    -0.010288   0.00871085            0
Repeater1[0]<--->HoM1[0]
REAL
   0.39521  0.0180209  0.0123052   0.310666
 0.0180209  0.0688623  0.0100883 -0.0311731
 0.0123052  0.0100883  0.0898204   0.010281
  0.310666 -0.0311731   0.010281   0.446108
IMAGINARY
           0  -0.00214867 -0.000208982  -0.00948349
  0.00214867            0   -0.0341212   -0.0171321
 0.000208982    0.0341212            0  -0.00652185
  0.00948349    0.0171321   0.00652185            0
EndNode1[0]<--->Repeater1[0]
REAL
  0.429851 -0.0116669 -0.0115782   0.317521
-0.0116669  0.0626866   -0.01384 -0.0160292
-0.0115782   -0.01384  0.0925373 -0.0159404
  0.317521 -0.0160292 -0.0159404   0.414925
IMAGINARY
          0  -0.0288858  0.00837648   0.0248535
  0.0288858           0 -0.00621995   0.0271265
-0.00837648  0.00621995           0   0.0200101
 -0.0248535  -0.0271265  -0.0200101           0
EndNode2[0]<--->HoM1[0]
REAL
  0.403509  0.0155808 0.00812073   0.326783
 0.0155808  0.0789474  0.0100125 -0.0185065
0.00812073  0.0100125  0.0877193 -0.0467381
  0.326783 -0.0185065 -0.0467381   0.429825
IMAGINARY
           0  -0.00231267    0.0109282   0.00223881
  0.00231267            0   0.00223881    0.0014942
  -0.0109282  -0.00223881            0 -0.000792917
 -0.00223881   -0.0014942  0.000792917            0
Repeater1[0]<--->EndNode1[0]
REAL
  0.429851 -0.0115782 -0.0116669   0.317521
-0.0115782  0.0925373   -0.01384 -0.0159404
-0.0116669   -0.01384  0.0626866 -0.0160292
  0.317521 -0.0159404 -0.0160292   0.414925
IMAGINARY
          0  0.00837648  -0.0288858   0.0248535
-0.00837648           0  0.00621995   0.0200101
  0.0288858 -0.00621995           0   0.0271265
 -0.0248535  -0.0200101  -0.0271265           0
Repeater1[0]<--->HoM1[0]
REAL
  0.403509 0.00812073  0.0155808   0.326783
0.00812073  0.0877193  0.0100125 -0.0467381
 0.0155808  0.0100125  0.0789474 -0.0185065
  0.326783 -0.0467381 -0.0185065   0.429825
IMAGINARY
           0    0.0109282  -0.00231267   0.00223881
  -0.0109282            0  -0.00223881 -0.000792917
  0.00231267   0.00223881            0    0.0014942
 -0.00223881  0.000792917   -0.0014942            0
EndNode1[0]<--->Repeater1[0]
REAL
  0.399441  0.0369142  0.0151915   0.349428
 0.0369142  0.0726257 -0.0331018  0.0183362
 0.0151915 -0.0331018  0.0810056 -0.0179638
  0.349428  0.0183362 -0.0179638   0.446927
IMAGINARY
           0    0.0327427    -0.019443   -0.0131056
  -0.0327427            0  -0.00689441    0.0254671
    0.019443   0.00689441            0  0.000389794
   0.0131056   -0.0254671 -0.000389794            0
EndNode2[0]<--->HoM1[0]
REAL
   0.433962     0.02075  0.00620908    0.332776
    0.02075    0.113208  0.00106082 -0.00167736
 0.00620908  0.00106082    0.115903  -0.0252817
   0.332776 -0.00167736  -0.0252817    0.336927
IMAGINARY
          0  0.00669893  -0.0249421  -0.0223739
-0.00669893           0   0.0311975  -0.0219835
  0.0249421  -0.0311975           0   0.0402266
  0.0223739   0.0219835  -0.0402266           0
Repeater1[0]<--->EndNode1[0]
REAL
