EndNode1[0]<--->Repeater1[0]
REAL
    0.410747   -0.0206294  -0.00468038     0.333408
  -0.0206294    0.0837887 -7.50075e-05   -0.0184925
 -0.00468038 -7.50075e-05     0.103825   -0.0159125
    0.333408   -0.0184925   -0.0159125     0.401639
IMAGINARY
          0  0.00984088 -0.00644426  -0.0153964
-0.00984088           0   -0.001212  0.00419404
 0.00644426    0.001212           0 -0.00129002
  0.0153964 -0.00419404  0.00129002           0
EndNode2[0]<--->HoM1[0]
REAL
   0.408582  0.00957197  0.00956797    0.331729
 0.00957197   0.0876866 -0.00262125  0.00592499
 0.00956797 -0.00262125   0.0783582  0.00779892
   0.331729  0.00592499  0.00779892    0.425373
IMAGINARY
          0  -0.0151209 -0.00326522 -0.00811705
  0.0151209           0   -0.016284  0.00631666
 0.00326522    0.016284           0  0.00509474
 0.00811705 -0.00631666 -0.00509474           0
Repeater1[0]<--->EndNode1[0]
REAL
    0.410747  -0.00468038   -0.0206294     0.333408
 -0.00468038     0.103825 -7.50075e-05   -0.0159125
  -0.0206294 -7.50075e-05    0.0837887   -0.0184925
    0.333408   -0.0159125   -0.0184925     0.401639
IMAGINARY
          0 -0.00644426  0.00984088  -0.0153964
 0.00644426           0    0.001212 -0.00129002
-0.00984088   -0.001212           0  0.00419404
  0.0153964  0.00129002 -0.00419404           0
Repeater1[0]<--->HoM1[0]
REAL
   0.408582  0.00956797  0.00957197    0.331729
 0.00956797   0.0783582 -0.00262125  0.00779892
 0.00957197 -0.00262125   0.0876866  0.00592499
   0.331729  0.00779892  0.00592499    0.425373
IMAGINARY
          0 -0.00326522  -0.0151209 -0.00811705
 0.00326522           0    0.016284  0.00509474
  0.0151209   -0.016284           0  0.00631666
 0.00811705 -0.00509474 -0.00631666           0
EndNode1[0]<--->Repeater1[0]
REAL
  0.421596 0.00200141 0.00375214   0.324339
0.00200141   0.086385 0.00696342 -0.0192161
0.00375214 0.00696342  0.0732394 0.00877647
  0.324339 -0.0192161 0.00877647   0.418779
IMAGINARY
          0  0.00324737   -0.010685   0.0069311
-0.00324737           0  0.00467681   0.0133446
   0.010685 -0.00467681           0 -0.00590695
 -0.0069311  -0.0133446  0.00590695           0
EndNode2[0]<--->HoM1[0]
REAL
   0.415371 -0.00944481  0.00518731    0.312863
-0.00944481    0.103385 -0.00410536 -0.00474049
 0.00518731 -0.00410536   0.0823422  0.00631701
   0.312863 -0.00474049  0.00631701    0.398902
IMAGINARY
          0  0.00292649  -0.0164568  -0.0100773
-0.00292649           0  -0.0139869  0.00263411
  0.0164568   0.0139869           0 -0.00244985
  0.0100773 -0.00263411  0.00244985           0
Repeater1[0]<--->EndNode1[0]
REAL
  0.421596 0.00375214 0.00200141   0.324339
0.00375214  0.0732394 0.00696342 0.00877647
0.00200141 0.00696342   0.086385 -0.0192161
  0.324339 0.00877647 -0.0192161   0.418779
IMAGINARY
          0   -0.010685  0.00324737   0.0069311
   0.010685           0 -0.00467681 -0.00590695
-0.00324737  0.00467681           0   0.0133446
 -0.0069311  0.00590695  -0.0133446           0
Repeater1[0]<--->HoM1[0]
REAL
   0.415371  0.00518731 -0.00944481    0.312863
 0.00518731   0.0823422 -0.00410536  0.00631701
-0.00944481 -0.00410536    0.103385 -0.00474049
   0.312863  0.00631701 -0.00474049    0.398902
IMAGINARY
          0  -0.0164568  0.00292649  -0.0100773
  0.0164568           0   0.0139869 -0.00244985
-0.00292649  -0.0139869           0  0.00263411
  0.0100773  0.00244985 -0.00263411           0
EndNode1[0]<--->Repeater1[0]
REAL
  0.438903  0.0142185  0.0130668   0.319253
 0.0142185  0.0947631 -0.0154208  -0.011242
 0.0130668 -0.0154208  0.0756442 0.00494207
  0.319253  -0.011242 0.00494207    0.39069
IMAGINARY
          0  0.00363845   0.0139886 -0.00332275
-0.00363845           0  -0.0117183 -0.00192428
 -0.0139886   0.0117183           0  -0.0201711
 0.00332275  0.00192428   0.0201711           0
EndNode2[0]<--->HoM1[0]
REAL
   0.406417 -0.00844921   0.0140677    0.322862
-0.00844921   0.0918004  0.00277443 -0.00511388
  0.0140677  0.00277443   0.0926916   0.0126905
   0.322862 -0.00511388   0.0126905    0.409091
IMAGINARY
           0   0.00692972    0.0149891   -0.0018757
 -0.00692972            0   0.00872501 -0.000578643
  -0.0149891  -0.00872501            0    0.0188345
   0.0018757  0.000578643   -0.0188345            0
Repeater1[0]<--->EndNode1[0]
REAL
  0.438903  0.0130668  0.0142185   0.319253
 0.0130668  0.0756442 -0.0154208 0.00494207
 0.0142185 -0.0154208  0.0947631  -0.011242
  0.319253 0.00494207  -0.011242    0.39069
IMAGINARY
          0   0.0139886  0.00363845 -0.00332275
 -0.0139886           0   0.0117183  -0.0201711
-0.00363845  -0.0117183           0 -0.00192428
 0.00332275   0.0201711  0.00192428           0
Repeater1[0]<--->HoM1[0]
REAL
   0.406417   0.0140677 -0.00844921    0.322862
  0.0140677   0.0926916  0.00277443   0.0126905
-0.00844921  0.00277443   0.0918004 -0.00511388
   0.322862   0.0126905 -0.00511388    0.409091
IMAGINARY
           0    0.0149891   0.00692972   -0.0018757
  -0.0149891            0  -0.00872501    0.0188345
 -0.00692972   0.00872501            0 -0.000578643
   0.0018757   -0.0188345  0.000578643            0
EndNode1[0]<--->Repeater1[0]
REAL
   0.406279   0.0158545 -0.00447155    0.311115
  0.0158545   0.0840259 -0.00196862  0.00754982
-0.00447155 -0.00196862   0.0960295  0.00921146
   0.311115  0.00754982  0.00921146    0.413666
IMAGINARY
          0  0.00676587 -0.00500536 -0.00113481
-0.00676587           0  0.00831614  0.00126704
 0.00500536 -0.00831614           0  0.00631824
 0.00113481 -0.00126704 -0.00631824           0
EndNode2[0]<--->HoM1[0]
REAL
    0.422778    -0.011983   -0.0114644     0.316524
   -0.011983    0.0888697  -0.00771312   -0.0198132
  -0.0114644  -0.00771312    0.0905953 -0.000792321
    0.316524   -0.0198132 -0.000792321     0.397757
IMAGINARY
          0  0.00451507 -0.00644223  -0.0201333
-0.00451507           0  0.00202984   0.0115301
 0.00644223 -0.00202984           0   0.0144488
  0.0201333  -0.0115301  -0.0144488           0
Repeater1[0]<--->EndNode1[0]
REAL
   0.406279 -0.00447155   0.0158545    0.311115
-0.00447155   0.0960295 -0.00196862  0.00921146
  0.0158545 -0.00196862   0.0840259  0.00754982
   0.311115  0.00921146  0.00754982    0.413666
IMAGINARY
          0 -0.00500536  0.00676587 -0.00113481
 0.00500536           0 -0.00831614  0.00631824
-0.00676587  0.00831614           0  0.00126704
 0.00113481 -0.00631824 -0.00126704           0
Repeater1[0]<--->HoM1[0]
REAL
    0.422778   -0.0114644    -0.011983     0.316524
  -0.0114644    0.0905953  -0.00771312 -0.000792321
   -0.011983  -0.00771312    0.0888697   -0.0198132
    0.316524 -0.000792321   -0.0198132     0.397757
IMAGINARY
          0 -0.00644223  0.00451507  -0.0201333
 0.00644223           0 -0.00202984   0.0144488
-0.00451507  0.00202984           0   0.0115301
  0.0201333  -0.0144488  -0.0115301           0
EndNode1[0]<--->Repeater1[0]
REAL
   0.419841  0.00608831  -0.0168895    0.337598
 0.00608831   0.0841453 -0.00708909  -0.0085342
 -0.0168895 -0.00708909   0.0779451  -0.0386485
   0.337598  -0.0085342  -0.0386485    0.418069
IMAGINARY
           0  0.000966111   -0.0204722    0.0180793
-0.000966111            0   -0.0117041    0.0118437
   0.0204722    0.0117041            0   0.00857067
  -0.0180793   -0.0118437  -0.00857067            0
EndNode2[0]<--->HoM1[0]
REAL
   0.406858  0.00732265 -0.00460148    0.334993
 0.00732265   0.0973123 -0.00925526   0.0202404
-0.00460148 -0.00925526   0.0843373 -0.00866314
   0.334993   0.0202404 -0.00866314    0.411492
IMAGINARY
          0  -0.0154846  0.00315987 -0.00919888
  0.0154846           0    0.013316 -0.00227491
-0.00315987   -0.013316           0  0.00752005
 0.00919888  0.00227491 -0.00752005           0
Repeater1[0]<--->EndNode1[0]
REAL
   0.419841  -0.0168895  0.00608831    0.337598
 -0.0168895   0.0779451 -0.00708909  -0.0386485
 0.00608831 -0.00708909   0.0841453  -0.0085342
   0.337598  -0.0386485  -0.0085342    0.418069
IMAGINARY
           0   -0.0204722  0.000966111    0.0180793
   0.0204722            0    0.0117041   0.00857067
-0.000966111   -0.0117041            0    0.0118437
  -0.0180793  -0.00857067   -0.0118437            0
Repeater1[0]<--->HoM1[0]
REAL
   0.406858 -0.00460148  0.00732265    0.334993
-0.00460148   0.0843373 -0.00925526 -0.00866314
 0.00732265 -0.00925526   0.0973123   0.0202404
   0.334993 -0.00866314   0.0202404    0.411492
IMAGINARY
          0  0.00315987  -0.0154846 -0.00919888
-0.00315987           0   -0.013316  0.00752005
  0.0154846    0.013316           0 -0.00227491
 0.00919888 -0.00752005  0.00227491           0
EndNode1[0]<--->Repeater1[0]
REAL
  0.423775 0.00839065  0.0155627   0.326503
0.00839065  0.0780399  0.0168488  0.0199564
 0.0155627  0.0168488  0.0725953 0.00344905
  0.326503  0.0199564 0.00344905    0.42559
IMAGINARY
          0   -0.019543   0.0172952   0.0149618
   0.019543           0 -0.00195063   0.0164024
 -0.0172952  0.00195063           0   0.0013281
 -0.0149618  -0.0164024  -0.0013281           0
EndNode2[0]<--->HoM1[0]
REAL
   0.400545 -0.00503944 -0.00431652    0.314331
-0.00503944     0.10445 -0.00354455 -0.00573832
-0.00431652 -0.00354455   0.0908265  0.00503944
   0.314331 -0.00573832  0.00503944    0.404178
IMAGINARY
           0  -0.00914417  -0.00243965   -0.0239127
  0.00914417            0   0.00549908  -0.00599205
  0.00243965  -0.00549908            0  0.000712464
   0.0239127   0.00599205 -0.000712464            0
Repeater1[0]<--->EndNode1[0]
REAL
  0.423775  0.0155627 0.00839065   0.326503
 0.0155627  0.0725953  0.0168488 0.00344905
0.00839065  0.0168488  0.0780399  0.0199564
  0.326503 0.00344905  0.0199564    0.42559
IMAGINARY
          0   0.0172952   -0.019543   0.0149618
 -0.0172952           0  0.00195063   0.0013281
   0.019543 -0.00195063           0   0.0164024
 -0.0149618  -0.0013281  -0.0164024           0
Repeater1[0]<--->HoM1[0]
REAL
   0.400545 -0.00431652 -0.00503944    0.314331
-0.00431652   0.0908265 -0.00354455  0.00503944
-0.00503944 -0.00354455     0.10445 -0.00573832
   0.314331  0.00503944 -0.00573832    0.404178
IMAGINARY
           0  -0.00243965  -0.00914417   -0.0239127
  0.00243965            0  -0.00549908  0.000712464
  0.00914417   0.00549908            0  -0.00599205
   0.0239127 -0.000712464   0.00599205            0
EndNode1[0]<--->Repeater1[0]
REAL
     0.41086   0.00471655   0.00758902     0.316075
  0.00471655    0.0904977 -0.000956822  -0.00121379
  0.00758902 -0.000956822    0.0941176    -0.010181
    0.316075  -0.00121379    -0.010181     0.404525
IMAGINARY
           0   -0.0167757    0.0206814  -0.00070688
   0.0167757            0  -0.00070688 -0.000445336
  -0.0206814   0.00070688            0    0.0142462
  0.00070688  0.000445336   -0.0142462            0
EndNode2[0]<--->HoM1[0]
REAL
   0.433216 -0.00515556  0.00438139    0.321106
-0.00515556   0.0755712   0.0061195  -0.0131074
 0.00438139   0.0061195   0.0869947  -0.0105512
   0.321106  -0.0131074  -0.0105512    0.404218
IMAGINARY
          0  -0.0101072  0.00648092   0.0048188
  0.0101072           0   0.0112526  0.00693259
-0.00648092  -0.0112526           0  0.00224412
 -0.0048188 -0.00693259 -0.00224412           0
Repeater1[0]<--->EndNode1[0]
REAL
     0.41086   0.00758902   0.00471655     0.316075
  0.00758902    0.0941176 -0.000956822    -0.010181
  0.00471655 -0.000956822    0.0904977  -0.00121379
    0.316075    -0.010181  -0.00121379     0.404525
IMAGINARY
           0    0.0206814   -0.0167757  -0.00070688
  -0.0206814            0   0.00070688    0.0142462
   0.0167757  -0.00070688            0 -0.000445336
  0.00070688   -0.0142462  0.000445336            0
Repeater1[0]<--->HoM1[0]
REAL
   0.433216  0.00438139 -0.00515556    0.321106
 0.00438139   0.0869947   0.0061195  -0.0105512
-0.00515556   0.0061195   0.0755712  -0.0131074
   0.321106  -0.0105512  -0.0131074    0.404218
IMAGINARY
          0  0.00648092  -0.0101072   0.0048188
-0.00648092           0  -0.0112526  0.00224412
  0.0101072   0.0112526           0  0.00693259
 -0.0048188 -0.00224412 -0.00693259           0
EndNode1[0]<--->Repeater1[0]
REAL
   0.392956  0.00113327 -0.00505148     0.33407
 0.00113327    0.094532    0.011368   0.0125003
-0.00505148    0.011368   0.0778499 -0.00113327
    0.33407   0.0125003 -0.00113327    0.434662
IMAGINARY
          0  -0.0070844  0.00422139 -0.00596817
  0.0070844           0  0.00596817  0.00422139
-0.00422139 -0.00596817           0   0.0108367
 0.00596817 -0.00422139  -0.0108367           0
EndNode2[0]<--->HoM1[0]
REAL
  0.420657  0.0204889 -0.0234178   0.328877
 0.0204889   0.086385  0.0100429  0.0196934
-0.0234178  0.0100429  0.0873239 -0.0232822
  0.328877  0.0196934 -0.0232822   0.405634
IMAGINARY
          0    0.024155  0.00066231   0.0060813
  -0.024155           0  0.00331887 -0.00111074
-0.00066231 -0.00331887           0 -0.00397565
 -0.0060813  0.00111074  0.00397565           0
Repeater1[0]<--->EndNode1[0]
REAL
   0.392956 -0.00505148  0.00113327     0.33407
-0.00505148   0.0778499    0.011368 -0.00113327
 0.00113327    0.011368    0.094532   0.0125003
    0.33407 -0.00113327   0.0125003    0.434662
IMAGINARY
          0  0.00422139  -0.0070844 -0.00596817
-0.00422139           0 -0.00596817   0.0108367
  0.0070844  0.00596817           0  0.00422139
 0.00596817  -0.0108367 -0.00422139           0
Repeater1[0]<--->HoM1[0]
REAL
  0.420657 -0.0234178  0.0204889   0.328877
-0.0234178  0.0873239  0.0100429 -0.0232822
 0.0204889  0.0100429   0.086385  0.0196934
  0.328877 -0.0232822  0.0196934   0.405634
IMAGINARY
          0  0.00066231    0.024155   0.0060813
-0.00066231           0 -0.00331887 -0.00397565
  -0.024155  0.00331887           0 -0.00111074
 -0.0060813  0.00397565  0.00111074           0
EndNode1[0]<--->Repeater1[0]
REAL
    0.43231  0.00256865 -0.00153709    0.322634
 0.00256865   0.0803249  0.00614512   0.0224843
-0.00153709  0.00614512   0.0830325  0.00927106
   0.322634   0.0224843  0.00927106    0.404332
IMAGINARY
          0   0.0186433 -0.00245747 -0.00772562
 -0.0186433           0  0.00591074  -0.0205922
 0.00245747 -0.00591074           0 -0.00534542
 0.00772562   0.0205922  0.00534542           0
EndNode2[0]<--->HoM1[0]
REAL
   0.407792 -0.00955792   -0.010444    0.329379
-0.00955792   0.0857143 -0.00884284  -0.0122202
  -0.010444 -0.00884284   0.0865801  -0.0205068
   0.329379  -0.0122202  -0.0205068    0.419913
IMAGINARY
          0 -0.00877381   0.0092426   -0.010841
 0.00877381           0 -0.00774638   0.0125352
 -0.0092426  0.00774638           0  0.00299603
   0.010841  -0.0125352 -0.00299603           0
Repeater1[0]<--->EndNode1[0]
REAL
    0.43231 -0.00153709  0.00256865    0.322634
-0.00153709   0.0830325  0.00614512  0.00927106
 0.00256865  0.00614512   0.0803249   0.0224843
   0.322634  0.00927106   0.0224843    0.404332
IMAGINARY
          0 -0.00245747   0.0186433 -0.00772562
 0.00245747           0 -0.00591074 -0.00534542
 -0.0186433  0.00591074           0  -0.0205922
 0.00772562  0.00534542   0.0205922           0
Repeater1[0]<--->HoM1[0]
REAL
   0.407792   -0.010444 -0.00955792    0.329379
  -0.010444   0.0865801 -0.00884284  -0.0205068
-0.00955792 -0.00884284   0.0857143  -0.0122202
   0.329379  -0.0205068  -0.0122202    0.419913
IMAGINARY
          0   0.0092426 -0.00877381   -0.010841
 -0.0092426           0  0.00774638  0.00299603
 0.00877381 -0.00774638           0   0.0125352
   0.010841 -0.00299603  -0.0125352           0
EndNode1[0]<--->Repeater1[0]
REAL
   0.398577  0.00117816 -0.00223026    0.342334
 0.00117816   0.0925267 -0.00381958  0.00741161
-0.00223026 -0.00381958   0.0800712 -0.00204171
   0.342334  0.00741161 -0.00204171    0.428826
IMAGINARY
          0  -0.0136426 -0.00545846  0.00271508
  0.0136426           0  0.00501923   0.0105558
 0.00545846 -0.00501923           0 -0.00628327
-0.00271508  -0.0105558  0.00628327           0
EndNode2[0]<--->HoM1[0]
REAL
   0.411496  0.00800712   0.0159529    0.316359
 0.00800712   0.0784672 -0.00230252 -0.00794583
  0.0159529 -0.00230252   0.0793796  0.00088968
   0.316359 -0.00794583  0.00088968    0.430657
IMAGINARY
          0   0.0054543   0.0178461  0.00307315
 -0.0054543           0   0.0204406  0.00240038
 -0.0178461  -0.0204406           0  -0.0186585
-0.00307315 -0.00240038   0.0186585           0
Repeater1[0]<--->EndNode1[0]
REAL
   0.398577 -0.00223026  0.00117816    0.342334
-0.00223026   0.0800712 -0.00381958 -0.00204171
 0.00117816 -0.00381958   0.0925267  0.00741161
   0.342334 -0.00204171  0.00741161    0.428826
IMAGINARY
          0 -0.00545846  -0.0136426  0.00271508
 0.00545846           0 -0.00501923 -0.00628327
  0.0136426  0.00501923           0   0.0105558
-0.00271508  0.00628327  -0.0105558           0
Repeater1[0]<--->HoM1[0]
REAL
   0.411496   0.0159529  0.00800712    0.316359
  0.0159529   0.0793796 -0.00230252  0.00088968
 0.00800712 -0.00230252   0.0784672 -0.00794583
   0.316359  0.00088968 -0.00794583    0.430657
IMAGINARY
          0   0.0178461   0.0054543  0.00307315
 -0.0178461           0  -0.0204406  -0.0186585
 -0.0054543   0.0204406           0  0.00240038
-0.00307315   0.0186585 -0.00240038           0
EndNode1[0]<--->Repeater1[0]
REAL
    0.40018     -0.0315 -0.00776884    0.318106
    -0.0315   0.0890288 0.000575006 0.000442836
-0.00776884 0.000575006   0.0863309   -0.008793
   0.318106 0.000442836   -0.008793     0.42446
IMAGINARY
          0  -0.0015053 -0.00490992 -0.00684816
  0.0015053           0   0.0101161  0.00580437
 0.00490992  -0.0101161           0  -0.0137004
 0.00684816 -0.00580437   0.0137004           0
EndNode2[0]<--->HoM1[0]
REAL
     0.40754 -0.000185837  -0.00328973     0.324735
-0.000185837    0.0924596   -0.0068806    0.0136594
 -0.00328973   -0.0068806    0.0780969     0.012359
    0.324735    0.0136594     0.012359     0.421903
IMAGINARY
           0  -0.00561001  0.000907441   0.00104846
  0.00561001            0  -0.00966915 -0.000907441
-0.000907441   0.00966915            0  -0.00469927
 -0.00104846  0.000907441   0.00469927            0
Repeater1[0]<--->EndNode1[0]
REAL
    0.40018 -0.00776884     -0.0315    0.318106
-0.00776884   0.0863309 0.000575006   -0.008793
    -0.0315 0.000575006   0.0890288 0.000442836
   0.318106   -0.008793 0.000442836     0.42446
IMAGINARY
          0 -0.00490992  -0.0015053 -0.00684816
 0.00490992           0  -0.0101161  -0.0137004
  0.0015053   0.0101161           0  0.00580437
 0.00684816   0.0137004 -0.00580437           0
Repeater1[0]<--->HoM1[0]
REAL
     0.40754  -0.00328973 -0.000185837     0.324735
 -0.00328973    0.0780969   -0.0068806     0.012359
-0.000185837   -0.0068806    0.0924596    0.0136594
    0.324735     0.012359    0.0136594     0.421903
IMAGINARY
           0  0.000907441  -0.00561001   0.00104846
-0.000907441            0   0.00966915  -0.00469927
  0.00561001  -0.00966915            0 -0.000907441
 -0.00104846   0.00469927  0.000907441            0
EndNode1[0]<--->Repeater1[0]
REAL
   0.401978   -0.011115  0.00352455    0.323568
  -0.011115   0.0935252 -0.00961478  -0.0049199
 0.00352455 -0.00961478   0.0917266  0.00227782
   0.323568  -0.0049199  0.00227782     0.41277
IMAGINARY
          0  0.00949319  -0.0133268  0.00852204
-0.00949319           0 -0.00438981   -0.018684
  0.0133268  0.00438981           0   0.0125988
-0.00852204    0.018684  -0.0125988           0
EndNode2[0]<--->HoM1[0]
REAL
  0.411232  0.0156102  0.0175201   0.332123
 0.0156102  0.0833333 0.00962762 0.00099839
 0.0175201 0.00962762  0.0896739  0.0146928
  0.332123 0.00099839  0.0146928   0.415761
IMAGINARY
          0   0.0236683 -0.00829057   0.0148111
 -0.0236683           0 -0.00664413  -0.0119203
 0.00829057  0.00664413           0  -0.0104873
 -0.0148111   0.0119203   0.0104873           0
Repeater1[0]<--->EndNode1[0]
REAL
   0.401978  0.00352455   -0.011115    0.323568
 0.00352455   0.0917266 -0.00961478  0.00227782
  -0.011115 -0.00961478   0.0935252  -0.0049199
   0.323568  0.00227782  -0.0049199     0.41277
IMAGINARY
          0  -0.0133268  0.00949319  0.00852204
  0.0133268           0  0.00438981   0.0125988
-0.00949319 -0.00438981           0   -0.018684
-0.00852204  -0.0125988    0.018684           0
Repeater1[0]<--->HoM1[0]
REAL
  0.411232  0.0175201  0.0156102   0.332123
 0.0175201  0.0896739 0.00962762  0.0146928
 0.0156102 0.00962762  0.0833333 0.00099839
  0.332123  0.0146928 0.00099839   0.415761
IMAGINARY
          0 -0.00829057   0.0236683   0.0148111
 0.00829057           0  0.00664413  -0.0104873
 -0.0236683 -0.00664413           0  -0.0119203
 -0.0148111   0.0104873   0.0119203           0
EndNode1[0]<--->Repeater1[0]
REAL
    0.417778   -0.0148458    0.0132831     0.320157
  -0.0148458    0.0791111 -0.000725187  -0.00640868
   0.0132831 -0.000725187    0.0942222  -0.00302766
    0.320157  -0.00640868  -0.00302766     0.408889
IMAGINARY
           0   0.00616518   0.00252698   0.00369004
 -0.00616518            0  -0.00369004 -0.000276757
 -0.00252698   0.00369004            0  -0.00751531
 -0.00369004  0.000276757   0.00751531            0
EndNode2[0]<--->HoM1[0]
REAL
   0.408925   0.0110113  0.00938266    0.311588
  0.0110113   0.0874317 3.20814e-05   0.0161455
 0.00938266 3.20814e-05   0.0728597  0.00219294
   0.311588   0.0161455  0.00219294    0.430783
IMAGINARY
          0 -0.00706642   0.0143054   0.0195114
 0.00706642           0 -0.00338237   -0.021861
 -0.0143054  0.00338237           0   0.0270664
 -0.0195114    0.021861  -0.0270664           0
Repeater1[0]<--->EndNode1[0]
REAL
    0.417778    0.0132831   -0.0148458     0.320157
   0.0132831    0.0942222 -0.000725187  -0.00302766
  -0.0148458 -0.000725187    0.0791111  -0.00640868
    0.320157  -0.00302766  -0.00640868     0.408889
IMAGINARY
           0   0.00252698   0.00616518   0.00369004
 -0.00252698            0   0.00369004  -0.00751531
 -0.00616518  -0.00369004            0 -0.000276757
 -0.00369004   0.00751531  0.000276757            0
Repeater1[0]<--->HoM1[0]
REAL
   0.408925  0.00938266   0.0110113    0.311588
 0.00938266   0.0728597 3.20814e-05  0.00219294
  0.0110113 3.20814e-05   0.0874317   0.0161455
   0.311588  0.00219294   0.0161455    0.430783
IMAGINARY
          0   0.0143054 -0.00706642   0.0195114
 -0.0143054           0  0.00338237   0.0270664
 0.00706642 -0.00338237           0   -0.021861
 -0.0195114  -0.0270664    0.021861           0
EndNode1[0]<--->Repeater1[0]
REAL
   0.424755  -0.0161402 -0.00999602    0.325313
 -0.0161402   0.0854853  -0.0028658 0.000336411
-0.00999602  -0.0028658   0.0765806   0.0110804
   0.325313 0.000336411   0.0110804    0.413179
IMAGINARY
          0  -0.0156465 -0.00166791  -0.0110151
  0.0156465           0  -0.0105738  -0.0103596
 0.00166791   0.0105738           0   0.0139283
  0.0110151   0.0103596  -0.0139283           0
EndNode2[0]<--->HoM1[0]
REAL
  0.401996  0.0156827   0.004156   0.326866
 0.0156827   0.101633  -0.012953 0.00106139
  0.004156  -0.012953   0.084392 -0.0139436
  0.326866 0.00106139 -0.0139436   0.411978
IMAGINARY
          0  0.00617361  0.00440469  -0.0133298
-0.00617361           0  0.00618694 -0.00938207
-0.00440469 -0.00618694           0 -0.00753108
  0.0133298  0.00938207  0.00753108           0
Repeater1[0]<--->EndNode1[0]
REAL
   0.424755 -0.00999602  -0.0161402    0.325313
-0.00999602   0.0765806  -0.0028658   0.0110804
 -0.0161402  -0.0028658   0.0854853 0.000336411
   0.325313   0.0110804 0.000336411    0.413179
IMAGINARY
          0 -0.00166791  -0.0156465  -0.0110151
 0.00166791           0   0.0105738   0.0139283
  0.0156465  -0.0105738           0  -0.0103596
  0.0110151  -0.0139283   0.0103596           0
Repeater1[0]<--->HoM1[0]
REAL
  0.401996   0.004156  0.0156827   0.326866
  0.004156   0.084392  -0.012953 -0.0139436
 0.0156827  -0.012953   0.101633 0.00106139
  0.326866 -0.0139436 0.00106139   0.411978
IMAGINARY
          0  0.00440469  0.00617361  -0.0133298
-0.00440469           0 -0.00618694 -0.00753108
-0.00617361  0.00618694           0 -0.00938207
  0.0133298  0.00753108  0.00938207           0
EndNode1[0]<--->Repeater1[0]
REAL
   0.397623   0.0104528  0.00468522    0.314513
  0.0104528   0.0868373  0.00127642 -0.00287034
 0.00468522  0.00127642   0.0813528  -0.0258793
   0.314513 -0.00287034  -0.0258793    0.434186
IMAGINARY
           0   0.00689469  0.000676295   0.00436724
 -0.00689469            0   -0.0117337 -0.000222986
-0.000676295    0.0117337            0 -9.50555e-05
 -0.00436724  0.000222986  9.50555e-05            0
EndNode2[0]<--->HoM1[0]
REAL
   0.422837   0.0103878 -0.00037627    0.334711
  0.0103878   0.0785013   0.0149798  -0.0106759
-0.00037627   0.0149798   0.0981267  -0.0108299
   0.334711  -0.0106759  -0.0108299    0.400535
IMAGINARY
           0   -0.0121548  0.000293078  0.000618838
   0.0121548            0  -0.00377483  -0.00701954
-0.000293078   0.00377483            0   0.00363465
-0.000618838   0.00701954  -0.00363465            0
Repeater1[0]<--->EndNode1[0]
REAL
   0.397623  0.00468522   0.0104528    0.314513
 0.00468522   0.0813528  0.00127642  -0.0258793
  0.0104528  0.00127642   0.0868373 -0.00287034
   0.314513  -0.0258793 -0.00287034    0.434186
IMAGINARY
           0  0.000676295   0.00689469   0.00436724
-0.000676295            0    0.0117337 -9.50555e-05
 -0.00689469   -0.0117337            0 -0.000222986
 -0.00436724  9.50555e-05  0.000222986            0
Repeater1[0]<--->HoM1[0]
REAL
   0.422837 -0.00037627   0.0103878    0.334711
-0.00037627   0.0981267   0.0149798  -0.0108299
  0.0103878   0.0149798   0.0785013  -0.0106759
   0.334711  -0.0108299  -0.0106759    0.400535
IMAGINARY
           0  0.000293078   -0.0121548  0.000618838
-0.000293078            0   0.00377483   0.00363465
   0.0121548  -0.00377483            0  -0.00701954
-0.000618838  -0.00363465   0.00701954            0
EndNode1[0]<--->Repeater1[0]
REAL
   0.401487  -0.0216219  0.00218949    0.327719
 -0.0216219     0.08829  0.00135563 -0.00527319
 0.00218949  0.00135563   0.0892193  -0.0114178
   0.327719 -0.00527319  -0.0114178    0.421004
IMAGINARY
           0   -0.0100912    0.0133992  -0.00883721
   0.0100912            0 -0.000930233   0.00205537
  -0.0133992  0.000930233            0   0.00100024
  0.00883721  -0.00205537  -0.00100024            0
EndNode2[0]<--->HoM1[0]
REAL
   0.394291 -0.00331718  -0.0167454    0.319953
-0.00331718   0.0829616 -0.00209573   0.0104954
 -0.0167454 -0.00209573   0.0874219  -0.0172185
   0.319953   0.0104954  -0.0172185    0.435326
IMAGINARY
          0 -0.00604259    0.014399    0.013532
 0.00604259           0 -0.00283162 -0.00658645
  -0.014399  0.00283162           0 -0.00958241
  -0.013532  0.00658645  0.00958241           0
Repeater1[0]<--->EndNode1[0]
REAL
   0.401487  0.00218949  -0.0216219    0.327719
 0.00218949   0.0892193  0.00135563  -0.0114178
 -0.0216219  0.00135563     0.08829 -0.00527319
   0.327719  -0.0114178 -0.00527319    0.421004
IMAGINARY
           0    0.0133992   -0.0100912  -0.00883721
  -0.0133992            0  0.000930233   0.00100024
   0.0100912 -0.000930233            0   0.00205537
  0.00883721  -0.00100024  -0.00205537            0
Repeater1[0]<--->HoM1[0]
REAL
   0.394291  -0.0167454 -0.00331718    0.319953
 -0.0167454   0.0874219 -0.00209573  -0.0172185
-0.00331718 -0.00209573   0.0829616   0.0104954
   0.319953  -0.0172185   0.0104954    0.435326
IMAGINARY
          0    0.014399 -0.00604259    0.013532
  -0.014399           0  0.00283162 -0.00958241
 0.00604259 -0.00283162           0 -0.00658645
  -0.013532  0.00958241  0.00658645           0
EndNode1[0]<--->Repeater1[0]
REAL
   0.412758   0.0110813  0.00135155    0.324388
  0.0110813   0.0853659  -0.0022431 -0.00178747
 0.00135155  -0.0022431   0.0919325 -0.00802984
   0.324388 -0.00178747 -0.00802984    0.409944
IMAGINARY
          0 -0.00943498  0.00341645  0.00412303
 0.00943498           0  -0.0132805   0.0166908
-0.00341645   0.0132805           0  -0.0142469
-0.00412303  -0.0166908   0.0142469           0
EndNode2[0]<--->HoM1[0]
REAL
    0.416884   0.00262465  -0.00652552       0.3334
  0.00262465    0.0992167 -0.000829242   -0.0131451
 -0.00652552 -0.000829242    0.0844212  -0.00308211
      0.3334   -0.0131451  -0.00308211     0.399478
IMAGINARY
           0   0.00224014  0.000728047  -0.00910212
 -0.00224014            0   -0.0113936  -0.00968862
-0.000728047    0.0113936            0   0.00224014
  0.00910212   0.00968862  -0.00224014            0
Repeater1[0]<--->EndNode1[0]
REAL
   0.412758  0.00135155   0.0110813    0.324388
 0.00135155   0.0919325  -0.0022431 -0.00802984
  0.0110813  -0.0022431   0.0853659 -0.00178747
   0.324388 -0.00802984 -0.00178747    0.409944
IMAGINARY
          0  0.00341645 -0.00943498  0.00412303
-0.00341645           0   0.0132805  -0.0142469
 0.00943498  -0.0132805           0   0.0166908
-0.00412303   0.0142469  -0.0166908           0
Repeater1[0]<--->HoM1[0]
REAL
    0.416884  -0.00652552   0.00262465       0.3334
 -0.00652552    0.0844212 -0.000829242  -0.00308211
  0.00262465 -0.000829242    0.0992167   -0.0131451
      0.3334  -0.00308211   -0.0131451     0.399478
IMAGINARY
           0  0.000728047   0.00224014  -0.00910212
-0.000728047            0    0.0113936   0.00224014
 -0.00224014   -0.0113936            0  -0.00968862
  0.00910212  -0.00224014   0.00968862            0
EndNode1[0]<--->Repeater1[0]
REAL
   0.413297 -0.00715948   0.0155844    0.326761
-0.00715948   0.0871518  -0.0056517    -0.02274
  0.0155844  -0.0056517   0.0880503 3.84436e-06
   0.326761    -0.02274 3.84436e-06      0.4115
IMAGINARY
          0   0.0149541  0.00822885 -0.00892565
 -0.0149541           0  -0.0119455  -0.0183578
-0.00822885   0.0119455           0 -0.00482515
 0.00892565   0.0183578  0.00482515           0
EndNode2[0]<--->HoM1[0]
REAL
    0.395349    0.0172102  -0.00336484     0.331458
   0.0172102    0.0796064  -0.00560539 -0.000225825
 -0.00336484  -0.00560539    0.0876565   -0.0100289
    0.331458 -0.000225825   -0.0100289     0.437388
IMAGINARY
           0  -0.00917994   0.00516226  0.000451872
  0.00917994            0    0.0105808   0.00155215
 -0.00516226   -0.0105808            0    -0.010068
-0.000451872  -0.00155215     0.010068            0
Repeater1[0]<--->EndNode1[0]
REAL
   0.413297   0.0155844 -0.00715948    0.326761
  0.0155844   0.0880503  -0.0056517 3.84436e-06
-0.00715948  -0.0056517   0.0871518    -0.02274
   0.326761 3.84436e-06    -0.02274      0.4115
IMAGINARY
          0  0.00822885   0.0149541 -0.00892565
-0.00822885           0   0.0119455 -0.00482515
 -0.0149541  -0.0119455           0  -0.0183578
 0.00892565  0.00482515   0.0183578           0
Repeater1[0]<--->HoM1[0]
REAL
    0.395349  -0.00336484    0.0172102     0.331458
 -0.00336484    0.0876565  -0.00560539   -0.0100289
   0.0172102  -0.00560539    0.0796064 -0.000225825
    0.331458   -0.0100289 -0.000225825     0.437388
IMAGINARY
           0   0.00516226  -0.00917994  0.000451872
 -0.00516226            0   -0.0105808    -0.010068
  0.00917994    0.0105808            0   0.00155215
-0.000451872     0.010068  -0.00155215            0
EndNode1[0]<--->Repeater1[0]
REAL
    0.446828   -0.0161728 -0.000131308     0.311146
  -0.0161728     0.101679  -0.00219924  -0.00872237
-0.000131308  -0.00219924    0.0886194   0.00825112
    0.311146  -0.00872237   0.00825112     0.362873
IMAGINARY
          0   0.0114809 -0.00495942 -0.00652732
 -0.0114809           0  0.00475741 -0.00180343
 0.00495942 -0.00475741           0    0.023235
 0.00652732  0.00180343   -0.023235           0
EndNode2[0]<--->HoM1[0]
REAL
    0.418525   -0.0175481   -0.0112459     0.319951
  -0.0175481    0.0754717 -0.000706336  -0.00584046
  -0.0112459 -0.000706336     0.084048  -0.00403461
    0.319951  -0.00584046  -0.00403461     0.421955
IMAGINARY
          0  -0.0239087  0.00189723 -0.00582132
  0.0239087           0   0.0100074  0.00326709
-0.00189723  -0.0100074           0  -0.0066077
 0.00582132 -0.00326709   0.0066077           0
Repeater1[0]<--->EndNode1[0]
REAL
    0.446828 -0.000131308   -0.0161728     0.311146
-0.000131308    0.0886194  -0.00219924   0.00825112
  -0.0161728  -0.00219924     0.101679  -0.00872237
    0.311146   0.00825112  -0.00872237     0.362873
IMAGINARY
          0 -0.00495942   0.0114809 -0.00652732
 0.00495942           0 -0.00475741    0.023235
 -0.0114809  0.00475741           0 -0.00180343
 0.00652732   -0.023235  0.00180343           0
Repeater1[0]<--->HoM1[0]
REAL
    0.418525   -0.0112459   -0.0175481     0.319951
  -0.0112459     0.084048 -0.000706336  -0.00403461
  -0.0175481 -0.000706336    0.0754717  -0.00584046
    0.319951  -0.00403461  -0.00584046     0.421955
IMAGINARY
          0  0.00189723  -0.0239087 -0.00582132
-0.00189723           0  -0.0100074  -0.0066077
  0.0239087   0.0100074           0  0.00326709
 0.00582132   0.0066077 -0.00326709           0
EndNode1[0]<--->Repeater1[0]
REAL
   0.409807   0.0109849  0.00260072    0.331911
  0.0109849   0.0936953 0.000408945  0.00391535
 0.00260072 0.000408945   0.0875657   0.0155138
   0.331911  0.00391535   0.0155138    0.408932
IMAGINARY
          0  0.00503412  -0.0103127   0.0130716
-0.00503412           0   0.0192444  -0.0116653
  0.0103127  -0.0192444           0  0.00229189
 -0.0130716   0.0116653 -0.00229189           0
EndNode2[0]<--->HoM1[0]
REAL
    0.419416  -0.00999036  -0.00121737      0.33562
 -0.00999036    0.0951932  -0.00214356  -0.00436203
 -0.00121737  -0.00214356    0.0951932 -0.000739256
     0.33562  -0.00436203 -0.000739256     0.390198
IMAGINARY
           0  0.000732541   0.00399298   -0.0195362
-0.000732541            0   0.00187904  -0.00720105
 -0.00399298  -0.00187904            0   0.00339212
   0.0195362   0.00720105  -0.00339212            0
Repeater1[0]<--->EndNode1[0]
REAL
   0.409807  0.00260072   0.0109849    0.331911
 0.00260072   0.0875657 0.000408945   0.0155138
  0.0109849 0.000408945   0.0936953  0.00391535
   0.331911   0.0155138  0.00391535    0.408932
IMAGINARY
          0  -0.0103127  0.00503412   0.0130716
  0.0103127           0  -0.0192444  0.00229189
-0.00503412   0.0192444           0  -0.0116653
 -0.0130716 -0.00229189   0.0116653           0
Repeater1[0]<--->HoM1[0]
REAL
    0.419416  -0.00121737  -0.00999036      0.33562
 -0.00121737    0.0951932  -0.00214356 -0.000739256
 -0.00999036  -0.00214356    0.0951932  -0.00436203
     0.33562 -0.000739256  -0.00436203     0.390198
IMAGINARY
           0   0.00399298  0.000732541   -0.0195362
 -0.00399298            0  -0.00187904   0.00339212
-0.000732541   0.00187904            0  -0.00720105
   0.0195362  -0.00339212   0.00720105            0
EndNode1[0]<--->Repeater1[0]
REAL
   0.422727   0.0239202   0.0143731    0.329362
  0.0239202   0.0909091 -0.00120867   0.0130492
  0.0143731 -0.00120867   0.0918182   0.0199555
   0.329362   0.0130492   0.0199555    0.394545
IMAGINARY
          0    0.019273  -0.0102532  0.00542246
  -0.019273           0  -0.0258851  -0.0146086
  0.0102532   0.0258851           0  0.00190559
-0.00542246   0.0146086 -0.00190559           0
EndNode2[0]<--->HoM1[0]
REAL
  0.406903 0.00879663 0.00428576   0.319537
0.00879663  0.0999092 0.00795619 0.00874209
0.00428576 0.00795619  0.0844687   0.011419
  0.319537 0.00874209   0.011419   0.408719
IMAGINARY
          0  0.00101875  0.00761413 -0.00291607
-0.00101875           0  0.00246028  -0.0103715
-0.00761413 -0.00246028           0  -0.0138864
 0.00291607   0.0103715   0.0138864           0
Repeater1[0]<--->EndNode1[0]
REAL
   0.422727   0.0143731   0.0239202    0.329362
  0.0143731   0.0918182 -0.00120867   0.0199555
  0.0239202 -0.00120867   0.0909091   0.0130492
   0.329362   0.0199555   0.0130492    0.394545
IMAGINARY
          0  -0.0102532    0.019273  0.00542246
  0.0102532           0   0.0258851  0.00190559
  -0.019273  -0.0258851           0  -0.0146086
-0.00542246 -0.00190559   0.0146086           0
Repeater1[0]<--->HoM1[0]
REAL
  0.406903 0.00428576 0.00879663   0.319537
0.00428576  0.0844687 0.00795619   0.011419
0.00879663 0.00795619  0.0999092 0.00874209
  0.319537   0.011419 0.00874209   0.408719
IMAGINARY
          0  0.00761413  0.00101875 -0.00291607
-0.00761413           0 -0.00246028  -0.0138864
-0.00101875  0.00246028           0  -0.0103715
 0.00291607   0.0138864   0.0103715           0
EndNode1[0]<--->Repeater1[0]
REAL
     0.40884   0.00840409 -0.000230004      0.33426
  0.00840409    0.0893186  -0.00598694  -0.00736013
-0.000230004  -0.00598694    0.0828729  -0.00366026
     0.33426  -0.00736013  -0.00366026     0.418969
IMAGINARY
          0 -0.00794351   0.0104445  0.00921512
 0.00794351           0 -0.00367377   0.0147099
 -0.0104445  0.00367377           0 -0.00397176
-0.00921512  -0.0147099  0.00397176           0
EndNode2[0]<--->HoM1[0]
REAL
   0.394973  0.00623186 -0.00767062    0.320543
 0.00623186   0.0870736 -0.00152141  -0.0103349
-0.00767062 -0.00152141   0.0942549  -0.0223907
   0.320543  -0.0103349  -0.0223907    0.423698
IMAGINARY
          0   0.0141924  -0.0115212 -0.00888691
 -0.0141924           0   0.0152699   -0.024066
  0.0115212  -0.0152699           0  0.00893928
 0.00888691    0.024066 -0.00893928           0
Repeater1[0]<--->EndNode1[0]
REAL
     0.40884 -0.000230004   0.00840409      0.33426
-0.000230004    0.0828729  -0.00598694  -0.00366026
  0.00840409  -0.00598694    0.0893186  -0.00736013
     0.33426  -0.00366026  -0.00736013     0.418969
IMAGINARY
          0   0.0104445 -0.00794351  0.00921512
 -0.0104445           0  0.00367377 -0.00397176
 0.00794351 -0.00367377           0   0.0147099
-0.00921512  0.00397176  -0.0147099           0
Repeater1[0]<--->HoM1[0]
REAL
   0.394973 -0.00767062  0.00623186    0.320543
-0.00767062   0.0942549 -0.00152141  -0.0223907
 0.00623186 -0.00152141   0.0870736  -0.0103349
   0.320543  -0.0223907  -0.0103349    0.423698
IMAGINARY
          0  -0.0115212   0.0141924 -0.00888691
  0.0115212           0  -0.0152699  0.00893928
 -0.0141924   0.0152699           0   -0.024066
 0.00888691 -0.00893928    0.024066           0
EndNode1[0]<--->Repeater1[0]
REAL
   0.418582  -0.0203006  0.00435585    0.329281
 -0.0203006   0.0900383   0.0155303  -0.0103246
 0.00435585   0.0155303   0.0775862 -0.00127885
   0.329281  -0.0103246 -0.00127885    0.413793
IMAGINARY
          0 -0.00176131  0.00642375   0.0186144
 0.00176131           0  -0.0145421 -0.00511826
-0.00642375   0.0145421           0  0.00219647
 -0.0186144  0.00511826 -0.00219647           0
EndNode2[0]<--->HoM1[0]
REAL
   0.420775   0.0128101   0.0138899    0.335315
  0.0128101   0.0757042 0.000301345  -0.0125201
  0.0138899 0.000301345   0.0853873  -0.0169197
   0.335315  -0.0125201  -0.0169197    0.418134
IMAGINARY
           0  0.000374446    0.0199991   -0.0112193
-0.000374446            0    0.0130441  -0.00762517
  -0.0199991   -0.0130441            0  -0.00724887
   0.0112193   0.00762517   0.00724887            0
Repeater1[0]<--->EndNode1[0]
REAL
   0.418582  0.00435585  -0.0203006    0.329281
 0.00435585   0.0775862   0.0155303 -0.00127885
 -0.0203006   0.0155303   0.0900383  -0.0103246
   0.329281 -0.00127885  -0.0103246    0.413793
IMAGINARY
          0  0.00642375 -0.00176131   0.0186144
-0.00642375           0   0.0145421  0.00219647
 0.00176131  -0.0145421           0 -0.00511826
 -0.0186144 -0.00219647  0.00511826           0
Repeater1[0]<--->HoM1[0]
REAL
   0.420775   0.0138899   0.0128101    0.335315
  0.0138899   0.0853873 0.000301345  -0.0169197
  0.0128101 0.000301345   0.0757042  -0.0125201
   0.335315  -0.0169197  -0.0125201    0.418134
IMAGINARY
           0    0.0199991  0.000374446   -0.0112193
  -0.0199991            0   -0.0130441  -0.00724887
-0.000374446    0.0130441            0  -0.00762517
   0.0112193   0.00724887   0.00762517            0
EndNode1[0]<--->Repeater1[0]
REAL
   0.385586   0.0167762   0.0130478    0.322921
  0.0167762   0.0972973  0.00585858  -0.0039403
  0.0130478  0.00585858   0.0783784 -0.00949022
   0.322921  -0.0039403 -0.00949022    0.438739
IMAGINARY
          0  0.00902115 -0.00995439  -0.0184729
