EndNode1[0]<--->Repeater1[0]
REAL
   0.420536   0.0082344  0.00940988    0.339993
  0.0082344   0.0866071 -0.00949944  0.00807891
 0.00940988 -0.00949944   0.0892857    0.011945
   0.339993  0.00807891    0.011945    0.403571
IMAGINARY
          0   -0.022984 -0.00856316 -0.00732915
   0.022984           0   0.0125648   0.0228753
 0.00856316  -0.0125648           0 -0.00517846
 0.00732915  -0.0228753  0.00517846           0
EndNode2[0]<--->HoM1[0]
REAL
   0.403525  -0.0240882  -0.0252946    0.316552
 -0.0240882    0.093692 -0.00445279  0.00833768
 -0.0252946 -0.00445279   0.0927644  0.00438153
   0.316552  0.00833768  0.00438153    0.410019
IMAGINARY
           0   -0.0126093  -0.00685519    0.0140075
   0.0126093            0 -0.000779959   5.8742e-06
  0.00685519  0.000779959            0   0.00667322
  -0.0140075  -5.8742e-06  -0.00667322            0
Repeater1[0]<--->EndNode1[0]
REAL
   0.420536  0.00940988   0.0082344    0.339993
 0.00940988   0.0892857 -0.00949944    0.011945
  0.0082344 -0.00949944   0.0866071  0.00807891
   0.339993    0.011945  0.00807891    0.403571
IMAGINARY
          0 -0.00856316   -0.022984 -0.00732915
 0.00856316           0  -0.0125648 -0.00517846
   0.022984   0.0125648           0   0.0228753
 0.00732915  0.00517846  -0.0228753           0
Repeater1[0]<--->HoM1[0]
REAL
   0.403525  -0.0252946  -0.0240882    0.316552
 -0.0252946   0.0927644 -0.00445279  0.00438153
 -0.0240882 -0.00445279    0.093692  0.00833768
   0.316552  0.00438153  0.00833768    0.410019
IMAGINARY
           0  -0.00685519   -0.0126093    0.0140075
  0.00685519            0  0.000779959   0.00667322
   0.0126093 -0.000779959            0   5.8742e-06
  -0.0140075  -0.00667322  -5.8742e-06            0
EndNode1[0]<--->Repeater1[0]
REAL
   0.458258  -0.0189316  -0.0182548    0.332918
 -0.0189316   0.0780399  0.00928191 -0.00744401
 -0.0182548  0.00928191   0.0780399  -0.0184895
   0.332918 -0.00744401  -0.0184895    0.385662
IMAGINARY
          0  -0.0127098  0.00192286  0.00533797
  0.0127098           0  0.00579376 -0.00737741
-0.00192286 -0.00579376           0   0.0108916
-0.00533797  0.00737741  -0.0108916           0
EndNode2[0]<--->HoM1[0]
REAL
   0.430127  0.00533595 0.000706255    0.327751
 0.00533595    0.069873  0.00496619  0.00114217
0.000706255  0.00496619   0.0871143  0.00667884
   0.327751  0.00114217  0.00667884    0.412886
IMAGINARY
          0 -0.00702595 -0.00214375   0.0237946
 0.00702595           0 -0.00617938   0.0120895
 0.00214375  0.00617938           0 -0.00111148
 -0.0237946  -0.0120895  0.00111148           0
Repeater1[0]<--->EndNode1[0]
REAL
   0.458258  -0.0182548  -0.0189316    0.332918
 -0.0182548   0.0780399  0.00928191  -0.0184895
 -0.0189316  0.00928191   0.0780399 -0.00744401
   0.332918  -0.0184895 -0.00744401    0.385662
IMAGINARY
          0  0.00192286  -0.0127098  0.00533797
-0.00192286           0 -0.00579376   0.0108916
  0.0127098  0.00579376           0 -0.00737741
-0.00533797  -0.0108916  0.00737741           0
Repeater1[0]<--->HoM1[0]
REAL
   0.430127 0.000706255  0.00533595    0.327751
0.000706255   0.0871143  0.00496619  0.00667884
 0.00533595  0.00496619    0.069873  0.00114217
   0.327751  0.00667884  0.00114217    0.412886
IMAGINARY
          0 -0.00214375 -0.00702595   0.0237946
 0.00214375           0  0.00617938 -0.00111148
 0.00702595 -0.00617938           0   0.0120895
 -0.0237946  0.00111148  -0.0120895           0
EndNode1[0]<--->Repeater1[0]
REAL
   0.423729   0.0168148    0.019743    0.320693
  0.0168148    0.088314  0.00767785 -0.00398122
   0.019743  0.00767785   0.0927743  0.00244965
   0.320693 -0.00398122  0.00244965    0.395183
IMAGINARY
          0  0.00571615  0.00946209 -0.00468613
-0.00571615           0   0.0101013  0.00291188
-0.00946209  -0.0101013           0  -0.0162569
 0.00468613 -0.00291188   0.0162569           0
EndNode2[0]<--->HoM1[0]
REAL
    0.418955   0.00679802 -0.000509641     0.321975
  0.00679802    0.0752879   -0.0132314    0.0141708
-0.000509641   -0.0132314    0.0930027    0.0032202
    0.321975    0.0141708    0.0032202     0.412755
IMAGINARY
          0  0.00537716 -0.00492253  0.00894144
-0.00537716           0 -0.00454777  0.00960418
 0.00492253  0.00454777           0 -0.00631349
-0.00894144 -0.00960418  0.00631349           0
Repeater1[0]<--->EndNode1[0]
REAL
   0.423729    0.019743   0.0168148    0.320693
   0.019743   0.0927743  0.00767785  0.00244965
  0.0168148  0.00767785    0.088314 -0.00398122
   0.320693  0.00244965 -0.00398122    0.395183
IMAGINARY
          0  0.00946209  0.00571615 -0.00468613
-0.00946209           0  -0.0101013  -0.0162569
-0.00571615   0.0101013           0  0.00291188
 0.00468613   0.0162569 -0.00291188           0
Repeater1[0]<--->HoM1[0]
REAL
    0.418955 -0.000509641   0.00679802     0.321975
-0.000509641    0.0930027   -0.0132314    0.0032202
  0.00679802   -0.0132314    0.0752879    0.0141708
    0.321975    0.0032202    0.0141708     0.412755
IMAGINARY
          0 -0.00492253  0.00537716  0.00894144
 0.00492253           0  0.00454777 -0.00631349
-0.00537716 -0.00454777           0  0.00960418
-0.00894144  0.00631349 -0.00960418           0
EndNode1[0]<--->Repeater1[0]
REAL
    0.409307   -0.0191669 -0.000861669     0.324814
  -0.0191669    0.0807217   -0.0082245  -0.00973741
-0.000861669   -0.0082245    0.0816714    -0.010787
    0.324814  -0.00973741    -0.010787       0.4283
IMAGINARY
          0  -0.0106007   0.0183484  0.00904844
  0.0106007           0  0.00460795  -0.0112812
 -0.0183484 -0.00460795           0  0.00441696
-0.00904844   0.0112812 -0.00441696           0
EndNode2[0]<--->HoM1[0]
REAL
    0.410488 -0.000143029   -0.0148862     0.316104
-0.000143029     0.106691    0.0105744  -0.00144778
  -0.0148862    0.0105744     0.084991  -0.00802394
    0.316104  -0.00144778  -0.00802394      0.39783
IMAGINARY
          0  0.00966849  0.00308322  -0.0124349
-0.00966849           0  -0.0197342 -0.00723068
-0.00308322   0.0197342           0  -0.0101293
  0.0124349  0.00723068   0.0101293           0
Repeater1[0]<--->EndNode1[0]
REAL
    0.409307 -0.000861669   -0.0191669     0.324814
-0.000861669    0.0816714   -0.0082245    -0.010787
  -0.0191669   -0.0082245    0.0807217  -0.00973741
    0.324814    -0.010787  -0.00973741       0.4283
IMAGINARY
          0   0.0183484  -0.0106007  0.00904844
 -0.0183484           0 -0.00460795  0.00441696
  0.0106007  0.00460795           0  -0.0112812
-0.00904844 -0.00441696   0.0112812           0
Repeater1[0]<--->HoM1[0]
REAL
    0.410488   -0.0148862 -0.000143029     0.316104
  -0.0148862     0.084991    0.0105744  -0.00802394
-0.000143029    0.0105744     0.106691  -0.00144778
    0.316104  -0.00802394  -0.00144778      0.39783
IMAGINARY
          0  0.00308322  0.00966849  -0.0124349
-0.00308322           0   0.0197342  -0.0101293
-0.00966849  -0.0197342           0 -0.00723068
  0.0124349   0.0101293  0.00723068           0
EndNode1[0]<--->Repeater1[0]
REAL
   0.418969 -0.00681463  0.00286398     0.33133
-0.00681463   0.0902394  0.00823218 -0.00331977
 0.00286398  0.00823218   0.0810313 -0.00275692
    0.33133 -0.00331977 -0.00275692    0.409761
IMAGINARY
           0  0.000489988   0.00190353  -0.00183106
-0.000489988            0   -0.0135396   -0.0216102
 -0.00190353    0.0135396            0   0.00913421
  0.00183106    0.0216102  -0.00913421            0
EndNode2[0]<--->HoM1[0]
REAL
   0.392763  -0.0036047  0.00133571    0.344839
 -0.0036047   0.0882613 -0.00423387  -0.0062333
 0.00133571 -0.00423387   0.0873786   0.0156261
   0.344839  -0.0062333   0.0156261    0.431598
IMAGINARY
          0   0.0107525  0.00528511  0.00340594
 -0.0107525           0   0.0188989  -0.0048438
-0.00528511  -0.0188989           0  -0.0120765
-0.00340594   0.0048438   0.0120765           0
Repeater1[0]<--->EndNode1[0]
REAL
   0.418969  0.00286398 -0.00681463     0.33133
 0.00286398   0.0810313  0.00823218 -0.00275692
-0.00681463  0.00823218   0.0902394 -0.00331977
    0.33133 -0.00275692 -0.00331977    0.409761
IMAGINARY
           0   0.00190353  0.000489988  -0.00183106
 -0.00190353            0    0.0135396   0.00913421
-0.000489988   -0.0135396            0   -0.0216102
  0.00183106  -0.00913421    0.0216102            0
Repeater1[0]<--->HoM1[0]
REAL
   0.392763  0.00133571  -0.0036047    0.344839
 0.00133571   0.0873786 -0.00423387   0.0156261
 -0.0036047 -0.00423387   0.0882613  -0.0062333
   0.344839   0.0156261  -0.0062333    0.431598
IMAGINARY
          0  0.00528511   0.0107525  0.00340594
-0.00528511           0  -0.0188989  -0.0120765
 -0.0107525   0.0188989           0  -0.0048438
-0.00340594   0.0120765   0.0048438           0
EndNode1[0]<--->Repeater1[0]
REAL
   0.420732 -0.00864015 -0.00195304     0.32774
-0.00864015   0.0836237  -0.0028274  -0.0224372
-0.00195304  -0.0028274   0.0879791   -0.014879
    0.32774  -0.0224372   -0.014879    0.407666
IMAGINARY
           0 -0.000534322   0.00196367  -6.4478e-05
 0.000534322            0   0.00880574    0.0124468
 -0.00196367  -0.00880574            0   0.00184437
  6.4478e-05   -0.0124468  -0.00184437            0
EndNode2[0]<--->HoM1[0]
REAL
   0.416592  -0.0058952  0.00586482    0.335617
 -0.0058952   0.0874662  0.00630393 -0.00804822
 0.00586482  0.00630393   0.0865645  -0.0058952
   0.335617 -0.00804822  -0.0058952    0.409378
IMAGINARY
          0   0.0127378  0.00665754 -0.00113932
 -0.0127378           0 -0.00160793  -0.0168616
-0.00665754  0.00160793           0  0.00859799
 0.00113932   0.0168616 -0.00859799           0
Repeater1[0]<--->EndNode1[0]
REAL
   0.420732 -0.00195304 -0.00864015     0.32774
-0.00195304   0.0879791  -0.0028274   -0.014879
-0.00864015  -0.0028274   0.0836237  -0.0224372
    0.32774   -0.014879  -0.0224372    0.407666
IMAGINARY
           0   0.00196367 -0.000534322  -6.4478e-05
 -0.00196367            0  -0.00880574   0.00184437
 0.000534322   0.00880574            0    0.0124468
  6.4478e-05  -0.00184437   -0.0124468            0
Repeater1[0]<--->HoM1[0]
REAL
   0.416592  0.00586482  -0.0058952    0.335617
 0.00586482   0.0865645  0.00630393  -0.0058952
 -0.0058952  0.00630393   0.0874662 -0.00804822
   0.335617  -0.0058952 -0.00804822    0.409378
IMAGINARY
          0  0.00665754   0.0127378 -0.00113932
-0.00665754           0  0.00160793  0.00859799
 -0.0127378 -0.00160793           0  -0.0168616
 0.00113932 -0.00859799   0.0168616           0
EndNode1[0]<--->Repeater1[0]
REAL
   0.406563   0.0140611 -0.00397562    0.328663
  0.0140611   0.0783956  -0.0146468  -0.0117476
-0.00397562  -0.0146468   0.0957156  -0.0145103
   0.328663  -0.0117476  -0.0145103    0.419325
IMAGINARY
           0  -0.00158771  -0.00265271  -0.00604539
  0.00158771            0  0.000215792    0.0202583
  0.00265271 -0.000215792            0   -0.0124968
  0.00604539   -0.0202583    0.0124968            0
EndNode2[0]<--->HoM1[0]
REAL
   0.395437 0.000389536   0.0226954    0.319368
0.000389536   0.0912548 -0.00532973 -0.00309647
  0.0226954 -0.00532973   0.0826996  0.00827045
   0.319368 -0.00309647  0.00827045    0.430608
IMAGINARY
          0   0.0161024  -0.0102597    0.018995
 -0.0161024           0   0.0143994 -0.00355726
  0.0102597  -0.0143994           0 -0.00833039
  -0.018995  0.00355726  0.00833039           0
Repeater1[0]<--->EndNode1[0]
REAL
   0.406563 -0.00397562   0.0140611    0.328663
-0.00397562   0.0957156  -0.0146468  -0.0145103
  0.0140611  -0.0146468   0.0783956  -0.0117476
   0.328663  -0.0145103  -0.0117476    0.419325
IMAGINARY
           0  -0.00265271  -0.00158771  -0.00604539
  0.00265271            0 -0.000215792   -0.0124968
  0.00158771  0.000215792            0    0.0202583
  0.00604539    0.0124968   -0.0202583            0
Repeater1[0]<--->HoM1[0]
REAL
   0.395437   0.0226954 0.000389536    0.319368
  0.0226954   0.0826996 -0.00532973  0.00827045
0.000389536 -0.00532973   0.0912548 -0.00309647
   0.319368  0.00827045 -0.00309647    0.430608
IMAGINARY
          0  -0.0102597   0.0161024    0.018995
  0.0102597           0  -0.0143994 -0.00833039
 -0.0161024   0.0143994           0 -0.00355726
  -0.018995  0.00833039  0.00355726           0
EndNode1[0]<--->Repeater1[0]
REAL
   0.402005 -0.00515211 -0.00230415     0.32128
-0.00515211   0.0856882 -0.00301872   0.0036211
-0.00230415 -0.00301872   0.0938924   0.0108589
    0.32128   0.0036211   0.0108589    0.418414
IMAGINARY
          0 -0.00189489 -0.00327973  0.00221775
 0.00189489           0  0.00609372 -0.00793522
 0.00327973 -0.00609372           0    0.014979
-0.00221775  0.00793522   -0.014979           0
EndNode2[0]<--->HoM1[0]
REAL
    0.420518  0.000224187  -0.00798902      0.32413
 0.000224187    0.0822551  -0.00329998   0.00489987
 -0.00798902  -0.00329998     0.077634 -0.000665493
     0.32413   0.00489987 -0.000665493     0.419593
IMAGINARY
          0  0.00400799   0.0150688  0.00636058
-0.00400799           0  -0.0125334  0.00809201
 -0.0150688   0.0125334           0  -0.0253522
-0.00636058 -0.00809201   0.0253522           0
Repeater1[0]<--->EndNode1[0]
REAL
   0.402005 -0.00230415 -0.00515211     0.32128
-0.00230415   0.0938924 -0.00301872   0.0108589
-0.00515211 -0.00301872   0.0856882   0.0036211
    0.32128   0.0108589   0.0036211    0.418414
IMAGINARY
          0 -0.00327973 -0.00189489  0.00221775
 0.00327973           0 -0.00609372    0.014979
 0.00189489  0.00609372           0 -0.00793522
-0.00221775   -0.014979  0.00793522           0
Repeater1[0]<--->HoM1[0]
REAL
    0.420518  -0.00798902  0.000224187      0.32413
 -0.00798902     0.077634  -0.00329998 -0.000665493
 0.000224187  -0.00329998    0.0822551   0.00489987
     0.32413 -0.000665493   0.00489987     0.419593
IMAGINARY
          0   0.0150688  0.00400799  0.00636058
 -0.0150688           0   0.0125334  -0.0253522
-0.00400799  -0.0125334           0  0.00809201
-0.00636058   0.0253522 -0.00809201           0
EndNode1[0]<--->Repeater1[0]
REAL
   0.394689   0.0107813 -0.00423304     0.31472
  0.0107813   0.0934066  0.00290148 -0.00942335
-0.00423304  0.00290148   0.0934066  -0.0165082
    0.31472 -0.00942335  -0.0165082    0.418498
IMAGINARY
          0  -0.0165247  0.00613371   0.0135081
  0.0165247           0  0.00481647  0.00568447
-0.00613371 -0.00481647           0  0.00561557
 -0.0135081 -0.00568447 -0.00561557           0
EndNode2[0]<--->HoM1[0]
REAL
   0.417484 -0.00464477 -0.00617592     0.31661
-0.00464477   0.0847458 -0.00220545   0.0020208
-0.00617592 -0.00220545   0.0954505  0.00141301
    0.31661   0.0020208  0.00141301    0.402319
IMAGINARY
          0  0.00129774 -0.00157878 -0.00824113
-0.00129774           0  0.00388573  0.00244986
 0.00157878 -0.00388573           0 -0.00565314
 0.00824113 -0.00244986  0.00565314           0
Repeater1[0]<--->EndNode1[0]
REAL
   0.394689 -0.00423304   0.0107813     0.31472
-0.00423304   0.0934066  0.00290148  -0.0165082
  0.0107813  0.00290148   0.0934066 -0.00942335
    0.31472  -0.0165082 -0.00942335    0.418498
IMAGINARY
          0  0.00613371  -0.0165247   0.0135081
-0.00613371           0 -0.00481647  0.00561557
  0.0165247  0.00481647           0  0.00568447
 -0.0135081 -0.00561557 -0.00568447           0
Repeater1[0]<--->HoM1[0]
REAL
   0.417484 -0.00617592 -0.00464477     0.31661
-0.00617592   0.0954505 -0.00220545  0.00141301
-0.00464477 -0.00220545   0.0847458   0.0020208
    0.31661  0.00141301   0.0020208    0.402319
IMAGINARY
          0 -0.00157878  0.00129774 -0.00824113
 0.00157878           0 -0.00388573 -0.00565314
-0.00129774  0.00388573           0  0.00244986
 0.00824113  0.00565314 -0.00244986           0
EndNode1[0]<--->Repeater1[0]
REAL
   0.384829  0.00970281 -0.00510744    0.326251
 0.00970281   0.0999075   0.0021935   0.0144408
-0.00510744   0.0021935   0.0925069 -0.00836948
   0.326251   0.0144408 -0.00836948    0.422757
IMAGINARY
           0    0.0139259   -0.0136515  -0.00107615
  -0.0139259            0     0.021781   -0.0114832
   0.0136515    -0.021781            0  0.000436724
  0.00107615    0.0114832 -0.000436724            0
EndNode2[0]<--->HoM1[0]
REAL
   0.401625 -0.00183942   0.0041118    0.320774
-0.00183942   0.0812274 -0.00606557  0.00591685
  0.0041118 -0.00606557   0.0902527 0.000406758
   0.320774  0.00591685 0.000406758    0.426895
IMAGINARY
          0  -0.0141387 -0.00112752 -0.00354102
  0.0141387           0  -0.0243367  0.00502362
 0.00112752   0.0243367           0  0.00158458
 0.00354102 -0.00502362 -0.00158458           0
Repeater1[0]<--->EndNode1[0]
REAL
   0.384829 -0.00510744  0.00970281    0.326251
-0.00510744   0.0925069   0.0021935 -0.00836948
 0.00970281   0.0021935   0.0999075   0.0144408
   0.326251 -0.00836948   0.0144408    0.422757
IMAGINARY
           0   -0.0136515    0.0139259  -0.00107615
   0.0136515            0    -0.021781  0.000436724
  -0.0139259     0.021781            0   -0.0114832
  0.00107615 -0.000436724    0.0114832            0
Repeater1[0]<--->HoM1[0]
REAL
   0.401625   0.0041118 -0.00183942    0.320774
  0.0041118   0.0902527 -0.00606557 0.000406758
-0.00183942 -0.00606557   0.0812274  0.00591685
   0.320774 0.000406758  0.00591685    0.426895
IMAGINARY
          0 -0.00112752  -0.0141387 -0.00354102
 0.00112752           0   0.0243367  0.00158458
  0.0141387  -0.0243367           0  0.00502362
 0.00354102 -0.00158458 -0.00502362           0
EndNode1[0]<--->Repeater1[0]
REAL
   0.411006  0.00490945  -0.0166922    0.337577
 0.00490945   0.0825451 0.000142602 -0.00699202
 -0.0166922 0.000142602   0.0877042 -0.00315507
   0.337577 -0.00699202 -0.00315507    0.418745
IMAGINARY
          0 -0.00311005 -0.00273479 -0.00836434
 0.00311005           0 -0.00529686 -0.00517382
 0.00273479  0.00529686           0  0.00311005
 0.00836434  0.00517382 -0.00311005           0
EndNode2[0]<--->HoM1[0]
REAL
   0.422242 -0.00119914  0.00736399    0.343508
-0.00119914    0.074141 -0.00879703 -0.00598657
 0.00736399 -0.00879703   0.0904159  0.00624965
   0.343508 -0.00598657  0.00624965    0.413201
IMAGINARY
          0 -0.00975225 -0.00214824  0.00137179
 0.00975225           0 -0.00679674 -0.00961093
 0.00214824  0.00679674           0  0.00740041
-0.00137179  0.00961093 -0.00740041           0
Repeater1[0]<--->EndNode1[0]
REAL
   0.411006  -0.0166922  0.00490945    0.337577
 -0.0166922   0.0877042 0.000142602 -0.00315507
 0.00490945 0.000142602   0.0825451 -0.00699202
   0.337577 -0.00315507 -0.00699202    0.418745
IMAGINARY
          0 -0.00273479 -0.00311005 -0.00836434
 0.00273479           0  0.00529686  0.00311005
 0.00311005 -0.00529686           0 -0.00517382
 0.00836434 -0.00311005  0.00517382           0
Repeater1[0]<--->HoM1[0]
REAL
   0.422242  0.00736399 -0.00119914    0.343508
 0.00736399   0.0904159 -0.00879703  0.00624965
-0.00119914 -0.00879703    0.074141 -0.00598657
   0.343508  0.00624965 -0.00598657    0.413201
IMAGINARY
          0 -0.00214824 -0.00975225  0.00137179
 0.00214824           0  0.00679674  0.00740041
 0.00975225 -0.00679674           0 -0.00961093
-0.00137179 -0.00740041  0.00961093           0
EndNode1[0]<--->Repeater1[0]
REAL
  0.408759 0.00345607 -0.0128573   0.325889
0.00345607  0.0885036  0.0067212  0.0124236
-0.0128573  0.0067212  0.0894161 -0.0116954
  0.325889  0.0124236 -0.0116954   0.413321
IMAGINARY
          0 -0.00227803 -0.00209836  -0.0130811
 0.00227803           0  -0.0139583   0.0011942
 0.00209836   0.0139583           0 -0.00405108
  0.0130811  -0.0011942  0.00405108           0
EndNode2[0]<--->HoM1[0]
REAL
   0.421053   -0.004384 -0.00129055    0.329607
  -0.004384   0.0943739 -0.00432162 -0.00880602
-0.00129055 -0.00432162   0.0907441 -0.00659054
   0.329607 -0.00880602 -0.00659054    0.393829
IMAGINARY
          0   -0.014144  0.00125425  0.00145697
   0.014144           0   0.0121546 -0.00214711
-0.00125425  -0.0121546           0  0.00253689
-0.00145697  0.00214711 -0.00253689           0
Repeater1[0]<--->EndNode1[0]
REAL
  0.408759 -0.0128573 0.00345607   0.325889
-0.0128573  0.0894161  0.0067212 -0.0116954
0.00345607  0.0067212  0.0885036  0.0124236
  0.325889 -0.0116954  0.0124236   0.413321
IMAGINARY
          0 -0.00209836 -0.00227803  -0.0130811
 0.00209836           0   0.0139583 -0.00405108
 0.00227803  -0.0139583           0   0.0011942
  0.0130811  0.00405108  -0.0011942           0
Repeater1[0]<--->HoM1[0]
REAL
   0.421053 -0.00129055   -0.004384    0.329607
-0.00129055   0.0907441 -0.00432162 -0.00659054
  -0.004384 -0.00432162   0.0943739 -0.00880602
   0.329607 -0.00659054 -0.00880602    0.393829
IMAGINARY
          0  0.00125425   -0.014144  0.00145697
-0.00125425           0  -0.0121546  0.00253689
   0.014144   0.0121546           0 -0.00214711
-0.00145697 -0.00253689  0.00214711           0
EndNode1[0]<--->Repeater1[0]
REAL
   0.409532  -0.0142039  0.00419113    0.333734
 -0.0142039   0.0785525 -0.00276079  0.00819825
 0.00419113 -0.00276079   0.0917917    0.013319
   0.333734  0.00819825    0.013319    0.420124
IMAGINARY
          0 -0.00299311  0.00751979 -0.00612714
 0.00299311           0 -0.00387286 -0.00345475
-0.00751979  0.00387286           0  -0.0128154
 0.00612714  0.00345475   0.0128154           0
EndNode2[0]<--->HoM1[0]
REAL
  0.403509 -0.0186022 -0.0141131   0.320486
-0.0186022   0.076639 0.00759428 0.00121911
-0.0141131 0.00759428   0.100646 0.00761843
  0.320486 0.00121911 0.00761843   0.419206
IMAGINARY
           0   0.00494575   -0.0113403  -0.00937609
 -0.00494575            0  0.000205788  -0.00611715
   0.0113403 -0.000205788            0   0.00982596
  0.00937609   0.00611715  -0.00982596            0
Repeater1[0]<--->EndNode1[0]
REAL
   0.409532  0.00419113  -0.0142039    0.333734
 0.00419113   0.0917917 -0.00276079    0.013319
 -0.0142039 -0.00276079   0.0785525  0.00819825
   0.333734    0.013319  0.00819825    0.420124
IMAGINARY
          0  0.00751979 -0.00299311 -0.00612714
-0.00751979           0  0.00387286  -0.0128154
 0.00299311 -0.00387286           0 -0.00345475
 0.00612714   0.0128154  0.00345475           0
Repeater1[0]<--->HoM1[0]
REAL
  0.403509 -0.0141131 -0.0186022   0.320486
-0.0141131   0.100646 0.00759428 0.00761843
-0.0186022 0.00759428   0.076639 0.00121911
  0.320486 0.00761843 0.00121911   0.419206
IMAGINARY
           0   -0.0113403   0.00494575  -0.00937609
   0.0113403            0 -0.000205788   0.00982596
 -0.00494575  0.000205788            0  -0.00611715
  0.00937609  -0.00982596   0.00611715            0
EndNode1[0]<--->Repeater1[0]
REAL
  0.411607 0.00516774  0.0153779   0.339213
0.00516774  0.0821429 -0.0104833 0.00303831
 0.0153779 -0.0104833  0.0803571  0.0150901
  0.339213 0.00303831  0.0150901   0.425893
IMAGINARY
          0   0.0101526  0.00722643 -0.00672281
 -0.0101526           0   0.0185937  -0.0198242
-0.00722643  -0.0185937           0   0.0015763
 0.00672281   0.0198242  -0.0015763           0
EndNode2[0]<--->HoM1[0]
REAL
    0.432432   0.00339766    -0.015383     0.320947
  0.00339766    0.0828248  -0.00300961 -0.000312073
   -0.015383  -0.00300961     0.092415 -0.000258647
    0.320947 -0.000312073 -0.000258647     0.392328
IMAGINARY
          0  0.00912086  0.00625628  -0.0144247
-0.00912086           0  -0.0166588  -0.0044414
-0.00625628   0.0166588           0 -0.00367621
  0.0144247   0.0044414  0.00367621           0
Repeater1[0]<--->EndNode1[0]
REAL
  0.411607  0.0153779 0.00516774   0.339213
 0.0153779  0.0803571 -0.0104833  0.0150901
0.00516774 -0.0104833  0.0821429 0.00303831
  0.339213  0.0150901 0.00303831   0.425893
IMAGINARY
          0  0.00722643   0.0101526 -0.00672281
-0.00722643           0  -0.0185937   0.0015763
 -0.0101526   0.0185937           0  -0.0198242
 0.00672281  -0.0015763   0.0198242           0
Repeater1[0]<--->HoM1[0]
REAL
    0.432432    -0.015383   0.00339766     0.320947
   -0.015383     0.092415  -0.00300961 -0.000258647
  0.00339766  -0.00300961    0.0828248 -0.000312073
    0.320947 -0.000258647 -0.000312073     0.392328
IMAGINARY
          0  0.00625628  0.00912086  -0.0144247
-0.00625628           0   0.0166588 -0.00367621
-0.00912086  -0.0166588           0  -0.0044414
  0.0144247  0.00367621   0.0044414           0
EndNode1[0]<--->Repeater1[0]
REAL
     0.39646  0.000461898   0.00740241     0.334509
 0.000461898    0.0938053   0.00774454 -0.000360152
  0.00740241   0.00774454    0.0734513    0.0103362
    0.334509 -0.000360152    0.0103362     0.436283
IMAGINARY
           0   -0.0158698  -0.00361512   -0.0117231
   0.0158698            0    0.0216688 -0.000509533
  0.00361512   -0.0216688            0    0.0044124
   0.0117231  0.000509533   -0.0044124            0
EndNode2[0]<--->HoM1[0]
REAL
  0.421488  0.0265281 0.00965855   0.337545
 0.0265281  0.0734619 -0.0108547  0.0137383
0.00965855 -0.0108547  0.0964187 0.00900046
  0.337545  0.0137383 0.00900046   0.408632
IMAGINARY
          0  -0.0091684   0.0067789  0.00417694
  0.0091684           0  -0.0145396  0.00452054
 -0.0067789   0.0145396           0  0.00822678
-0.00417694 -0.00452054 -0.00822678           0
Repeater1[0]<--->EndNode1[0]
REAL
     0.39646   0.00740241  0.000461898     0.334509
  0.00740241    0.0734513   0.00774454    0.0103362
 0.000461898   0.00774454    0.0938053 -0.000360152
    0.334509    0.0103362 -0.000360152     0.436283
IMAGINARY
           0  -0.00361512   -0.0158698   -0.0117231
  0.00361512            0   -0.0216688    0.0044124
   0.0158698    0.0216688            0 -0.000509533
   0.0117231   -0.0044124  0.000509533            0
Repeater1[0]<--->HoM1[0]
REAL
  0.421488 0.00965855  0.0265281   0.337545
0.00965855  0.0964187 -0.0108547 0.00900046
 0.0265281 -0.0108547  0.0734619  0.0137383
  0.337545 0.00900046  0.0137383   0.408632
IMAGINARY
          0   0.0067789  -0.0091684  0.00417694
 -0.0067789           0   0.0145396  0.00822678
  0.0091684  -0.0145396           0  0.00452054
-0.00417694 -0.00822678 -0.00452054           0
EndNode1[0]<--->Repeater1[0]
REAL
    0.41921  -0.0018116   0.0145726    0.329376
 -0.0018116   0.0942549 -0.00132169  -0.0050703
  0.0145726 -0.00132169   0.0754039 -0.00135582
   0.329376  -0.0050703 -0.00135582    0.411131
IMAGINARY
          0  0.00867197 -0.00405514 -0.00410562
-0.00867197           0 -0.00680347   0.0166133
 0.00405514  0.00680347           0 -0.00448592
 0.00410562  -0.0166133  0.00448592           0
EndNode2[0]<--->HoM1[0]
REAL
   0.389908   0.0118106   0.0114452    0.336738
  0.0118106   0.0779817 0.000325977  0.00869799
  0.0114452 0.000325977   0.0917431 -0.00957247
   0.336738  0.00869799 -0.00957247    0.440367
IMAGINARY
          0   0.0182866 -0.00870665  0.00364435
 -0.0182866           0  -0.0216546  -0.0198773
 0.00870665   0.0216546           0  0.00502035
-0.00364435   0.0198773 -0.00502035           0
Repeater1[0]<--->EndNode1[0]
REAL
    0.41921   0.0145726  -0.0018116    0.329376
  0.0145726   0.0754039 -0.00132169 -0.00135582
 -0.0018116 -0.00132169   0.0942549  -0.0050703
   0.329376 -0.00135582  -0.0050703    0.411131
IMAGINARY
          0 -0.00405514  0.00867197 -0.00410562
 0.00405514           0  0.00680347 -0.00448592
-0.00867197 -0.00680347           0   0.0166133
 0.00410562  0.00448592  -0.0166133           0
Repeater1[0]<--->HoM1[0]
REAL
   0.389908   0.0114452   0.0118106    0.336738
  0.0114452   0.0917431 0.000325977 -0.00957247
  0.0118106 0.000325977   0.0779817  0.00869799
   0.336738 -0.00957247  0.00869799    0.440367
IMAGINARY
          0 -0.00870665   0.0182866  0.00364435
 0.00870665           0   0.0216546  0.00502035
 -0.0182866  -0.0216546           0  -0.0198773
-0.00364435 -0.00502035   0.0198773           0
EndNode1[0]<--->Repeater1[0]
REAL
    0.413793 -0.000761078   -0.0062384     0.320192
-0.000761078    0.0857648   0.00370222   0.00269857
  -0.0062384   0.00370222    0.0795756   0.00518586
    0.320192   0.00269857   0.00518586     0.420866
IMAGINARY
          0 -0.00826371 -0.00125531   0.0188791
 0.00826371           0 -0.00856518   0.0145532
 0.00125531  0.00856518           0 -0.00592069
 -0.0188791  -0.0145532  0.00592069           0
EndNode2[0]<--->HoM1[0]
REAL
   0.399074  -0.0104935  -0.0091938    0.340449
 -0.0104935   0.0907407  0.00321934   0.0139973
 -0.0091938  0.00321934    0.087037 -0.00129694
   0.340449   0.0139973 -0.00129694    0.423148
IMAGINARY
          0   0.0190015  -0.0236064 -0.00688936
 -0.0190015           0 -0.00552199 -0.00799534
  0.0236064  0.00552199           0  0.00567386
 0.00688936  0.00799534 -0.00567386           0
Repeater1[0]<--->EndNode1[0]
REAL
    0.413793   -0.0062384 -0.000761078     0.320192
  -0.0062384    0.0795756   0.00370222   0.00518586
-0.000761078   0.00370222    0.0857648   0.00269857
    0.320192   0.00518586   0.00269857     0.420866
IMAGINARY
          0 -0.00125531 -0.00826371   0.0188791
 0.00125531           0  0.00856518 -0.00592069
 0.00826371 -0.00856518           0   0.0145532
 -0.0188791  0.00592069  -0.0145532           0
Repeater1[0]<--->HoM1[0]
REAL
   0.399074  -0.0091938  -0.0104935    0.340449
 -0.0091938    0.087037  0.00321934 -0.00129694
 -0.0104935  0.00321934   0.0907407   0.0139973
   0.340449 -0.00129694   0.0139973    0.423148
IMAGINARY
          0  -0.0236064   0.0190015 -0.00688936
  0.0236064           0  0.00552199  0.00567386
 -0.0190015 -0.00552199           0 -0.00799534
 0.00688936 -0.00567386  0.00799534           0
EndNode1[0]<--->Repeater1[0]
REAL
   0.407713  0.00621377   -0.011773     0.33529
 0.00621377   0.0853994  -0.0137317  0.00452659
  -0.011773  -0.0137317   0.0881543 0.000126812
    0.33529  0.00452659 0.000126812    0.418733
IMAGINARY
          0   0.0068629  0.00671494  -0.0141104
 -0.0068629           0  0.00506886 -0.00345306
-0.00671494 -0.00506886           0 -0.00826084
  0.0141104  0.00345306  0.00826084           0
EndNode2[0]<--->HoM1[0]
REAL
    0.422857   0.00164752  -0.00493094     0.322465
  0.00164752    0.0961905  -0.00156941 -0.000775818
 -0.00493094  -0.00156941    0.0952381   -0.0091102
    0.322465 -0.000775818   -0.0091102     0.385714
IMAGINARY
           0  -0.00725167    0.0235409   0.00722332
  0.00725167            0    0.0116956   -0.0153864
  -0.0235409   -0.0116956            0 -4.44651e-05
 -0.00722332    0.0153864  4.44651e-05            0
Repeater1[0]<--->EndNode1[0]
REAL
   0.407713   -0.011773  0.00621377     0.33529
  -0.011773   0.0881543  -0.0137317 0.000126812
 0.00621377  -0.0137317   0.0853994  0.00452659
    0.33529 0.000126812  0.00452659    0.418733
IMAGINARY
          0  0.00671494   0.0068629  -0.0141104
-0.00671494           0 -0.00506886 -0.00826084
 -0.0068629  0.00506886           0 -0.00345306
  0.0141104  0.00826084  0.00345306           0
Repeater1[0]<--->HoM1[0]
REAL
    0.422857  -0.00493094   0.00164752     0.322465
 -0.00493094    0.0952381  -0.00156941   -0.0091102
  0.00164752  -0.00156941    0.0961905 -0.000775818
    0.322465   -0.0091102 -0.000775818     0.385714
IMAGINARY
           0    0.0235409  -0.00725167   0.00722332
  -0.0235409            0   -0.0116956 -4.44651e-05
  0.00725167    0.0116956            0   -0.0153864
 -0.00722332  4.44651e-05    0.0153864            0
EndNode1[0]<--->Repeater1[0]
REAL
    0.39317   0.0111244  0.00797242    0.322442
  0.0111244   0.0901926   0.0075944 -0.00977098
 0.00797242   0.0075944   0.0945709  -0.0156208
   0.322442 -0.00977098  -0.0156208    0.422067
IMAGINARY
          0  0.00171304  -0.0121874  0.00924315
-0.00171304           0  0.00431924 -0.00309647
  0.0121874 -0.00431924           0   0.0100774
-0.00924315  0.00309647  -0.0100774           0
EndNode2[0]<--->HoM1[0]
REAL
      0.4193     -0.01488  -0.00316938     0.334191
    -0.01488     0.087959   -0.0121726 -0.000500343
 -0.00316938   -0.0121726     0.087105   -0.0163127
    0.334191 -0.000500343   -0.0163127     0.405636
IMAGINARY
          0  -0.0077388 -0.00400082 -0.00350601
  0.0077388           0  0.00974487    0.015819
 0.00400082 -0.00974487           0  -0.0140794
 0.00350601   -0.015819   0.0140794           0
Repeater1[0]<--->EndNode1[0]
REAL
    0.39317  0.00797242   0.0111244    0.322442
 0.00797242   0.0945709   0.0075944  -0.0156208
  0.0111244   0.0075944   0.0901926 -0.00977098
   0.322442  -0.0156208 -0.00977098    0.422067
IMAGINARY
          0  -0.0121874  0.00171304  0.00924315
  0.0121874           0 -0.00431924   0.0100774
-0.00171304  0.00431924           0 -0.00309647
-0.00924315  -0.0100774  0.00309647           0
Repeater1[0]<--->HoM1[0]
REAL
      0.4193  -0.00316938     -0.01488     0.334191
 -0.00316938     0.087105   -0.0121726   -0.0163127
    -0.01488   -0.0121726     0.087959 -0.000500343
    0.334191   -0.0163127 -0.000500343     0.405636
IMAGINARY
          0 -0.00400082  -0.0077388 -0.00350601
 0.00400082           0 -0.00974487  -0.0140794
  0.0077388  0.00974487           0    0.015819
 0.00350601   0.0140794   -0.015819           0
EndNode1[0]<--->Repeater1[0]
REAL
    0.41569  -0.0133598  -0.0112502    0.337974
 -0.0133598   0.0793508 -0.00287703 -0.00903195
 -0.0112502 -0.00287703   0.0901713  0.00806878
   0.337974 -0.00903195  0.00806878    0.414788
IMAGINARY
          0  -0.0270146   0.0165583  0.00465854
  0.0270146           0  0.00419514  0.00599491
 -0.0165583 -0.00419514           0  0.00020606
-0.00465854 -0.00599491 -0.00020606           0
EndNode2[0]<--->HoM1[0]
REAL
  0.403587  0.0013369 -0.0211727    0.32757
 0.0013369  0.0923767  0.0158467 0.00693786
-0.0211727  0.0158467  0.0834081 -0.0013369
   0.32757 0.00693786 -0.0013369   0.420628
IMAGINARY
          0  0.00769338   0.0160285 -0.00749726
-0.00769338           0  0.00705673 -0.00803564
 -0.0160285 -0.00705673           0 -0.00858148
 0.00749726  0.00803564  0.00858148           0
Repeater1[0]<--->EndNode1[0]
REAL
    0.41569  -0.0112502  -0.0133598    0.337974
 -0.0112502   0.0901713 -0.00287703  0.00806878
 -0.0133598 -0.00287703   0.0793508 -0.00903195
   0.337974  0.00806878 -0.00903195    0.414788
IMAGINARY
          0   0.0165583  -0.0270146  0.00465854
 -0.0165583           0 -0.00419514  0.00020606
  0.0270146  0.00419514           0  0.00599491
-0.00465854 -0.00020606 -0.00599491           0
Repeater1[0]<--->HoM1[0]
REAL
  0.403587 -0.0211727  0.0013369    0.32757
-0.0211727  0.0834081  0.0158467 -0.0013369
 0.0013369  0.0158467  0.0923767 0.00693786
   0.32757 -0.0013369 0.00693786   0.420628
IMAGINARY
          0   0.0160285  0.00769338 -0.00749726
 -0.0160285           0 -0.00705673 -0.00858148
-0.00769338  0.00705673           0 -0.00803564
 0.00749726  0.00858148  0.00803564           0
EndNode1[0]<--->Repeater1[0]
REAL
   0.419841 -0.00947731  -0.0142904    0.334487
-0.00947731    0.088574 -0.00175964 -0.00207322
 -0.0142904 -0.00175964    0.088574 -0.00506814
   0.334487 -0.00207322 -0.00506814    0.403012
IMAGINARY
           0 -0.000485649   0.00626216  -0.00709577
 0.000485649            0   0.00218067  -0.00580218
 -0.00626216  -0.00218067            0  -0.00181426
  0.00709577   0.00580218   0.00181426            0
EndNode2[0]<--->HoM1[0]
REAL
   0.424912  0.00346012   0.0105422    0.341524
 0.00346012   0.0706714 -0.00878062  0.00361704
  0.0105422 -0.00878062   0.0971731 -0.00257516
   0.341524  0.00361704 -0.00257516    0.407244
IMAGINARY
          0 -0.00150928  -0.0112013 -0.00608356
 0.00150928           0  -0.0154169 -0.00228867
  0.0112013   0.0154169           0  0.00629605
 0.00608356  0.00228867 -0.00629605           0
Repeater1[0]<--->EndNode1[0]
REAL
   0.419841  -0.0142904 -0.00947731    0.334487
 -0.0142904    0.088574 -0.00175964 -0.00506814
-0.00947731 -0.00175964    0.088574 -0.00207322
   0.334487 -0.00506814 -0.00207322    0.403012
IMAGINARY
           0   0.00626216 -0.000485649  -0.00709577
 -0.00626216            0  -0.00218067  -0.00181426
 0.000485649   0.00218067            0  -0.00580218
  0.00709577   0.00181426   0.00580218            0
Repeater1[0]<--->HoM1[0]
REAL
   0.424912   0.0105422  0.00346012    0.341524
  0.0105422   0.0971731 -0.00878062 -0.00257516
 0.00346012 -0.00878062   0.0706714  0.00361704
   0.341524 -0.00257516  0.00361704    0.407244
IMAGINARY
          0  -0.0112013 -0.00150928 -0.00608356
  0.0112013           0   0.0154169  0.00629605
 0.00150928  -0.0154169           0 -0.00228867
 0.00608356 -0.00629605  0.00228867           0
EndNode1[0]<--->Repeater1[0]
REAL
   0.395889   0.0123224   0.0141187    0.332165
  0.0123224   0.0893655 -0.00904793   0.0217832
  0.0141187 -0.00904793   0.0813226   0.0235795
   0.332165   0.0217832   0.0235795    0.433423
IMAGINARY
          0 -0.00687984   0.0110749  -0.0013795
 0.00687984           0   0.0076295   0.0188092
 -0.0110749  -0.0076295           0  -0.0176518
  0.0013795  -0.0188092   0.0176518           0
EndNode2[0]<--->HoM1[0]
REAL
  0.435326 0.00621251 0.00733631   0.321051
0.00621251  0.0829616 0.00328517  0.0128008
0.00733631 0.00328517  0.0963426 0.00621251
  0.321051  0.0128008 0.00621251    0.38537
IMAGINARY
           0    -0.004547   0.00600627   -0.0216471
    0.004547            0 -0.000546147    0.0141402
 -0.00600627  0.000546147            0    0.0127888
   0.0216471   -0.0141402   -0.0127888            0
Repeater1[0]<--->EndNode1[0]
REAL
   0.395889   0.0141187   0.0123224    0.332165
  0.0141187   0.0813226 -0.00904793   0.0235795
  0.0123224 -0.00904793   0.0893655   0.0217832
   0.332165   0.0235795   0.0217832    0.433423
IMAGINARY
          0   0.0110749 -0.00687984  -0.0013795
 -0.0110749           0  -0.0076295  -0.0176518
 0.00687984   0.0076295           0   0.0188092
  0.0013795   0.0176518  -0.0188092           0
Repeater1[0]<--->HoM1[0]
REAL
  0.435326 0.00733631 0.00621251   0.321051
0.00733631  0.0963426 0.00328517 0.00621251
0.00621251 0.00328517  0.0829616  0.0128008
  0.321051 0.00621251  0.0128008    0.38537
IMAGINARY
           0   0.00600627    -0.004547   -0.0216471
 -0.00600627            0  0.000546147    0.0127888
    0.004547 -0.000546147            0    0.0141402
   0.0216471   -0.0127888   -0.0141402            0
EndNode1[0]<--->Repeater1[0]
REAL
   0.426041 -0.00890498 -0.00986131     0.32093
-0.00890498   0.0832595  0.00206239  -0.0138613
-0.00986131  0.00206239   0.0797166 -0.00934319
    0.32093  -0.0138613 -0.00934319    0.410983
IMAGINARY
           0   0.00077583 -0.000236518   0.00618615
 -0.00077583            0   0.00222837  0.000236518
 0.000236518  -0.00222837            0    0.0105449
 -0.00618615 -0.000236518   -0.0105449            0
EndNode2[0]<--->HoM1[0]
REAL
  0.411354 -0.0207825 -0.0216069   0.324086
-0.0207825  0.0873362 -0.0096891 0.00556182
-0.0216069 -0.0096891  0.0882096 0.00473737
  0.324086 0.00556182 0.00473737     0.4131
IMAGINARY
           0   0.00553076  0.000527729    0.0178122
 -0.00553076            0  -0.00921487   -0.0115799
-0.000527729   0.00921487            0    0.0090581
  -0.0178122    0.0115799   -0.0090581            0
Repeater1[0]<--->EndNode1[0]
REAL
   0.426041 -0.00986131 -0.00890498     0.32093
-0.00986131   0.0797166  0.00206239 -0.00934319
-0.00890498  0.00206239   0.0832595  -0.0138613
    0.32093 -0.00934319  -0.0138613    0.410983
IMAGINARY
           0 -0.000236518   0.00077583   0.00618615
 0.000236518            0  -0.00222837    0.0105449
 -0.00077583   0.00222837            0  0.000236518
 -0.00618615   -0.0105449 -0.000236518            0
Repeater1[0]<--->HoM1[0]
REAL
  0.411354 -0.0216069 -0.0207825   0.324086
-0.0216069  0.0882096 -0.0096891 0.00473737
-0.0207825 -0.0096891  0.0873362 0.00556182
  0.324086 0.00473737 0.00556182     0.4131
IMAGINARY
           0  0.000527729   0.00553076    0.0178122
-0.000527729            0   0.00921487    0.0090581
 -0.00553076  -0.00921487            0   -0.0115799
  -0.0178122   -0.0090581    0.0115799            0
EndNode1[0]<--->Repeater1[0]
REAL
   0.396435   0.0011699   -0.010989    0.335164
  0.0011699   0.0891341 0.000301897    0.010989
  -0.010989 0.000301897    0.089983  0.00431456
   0.335164    0.010989  0.00431456    0.424448
IMAGINARY
           0    0.0128288 -0.000664038    0.0141942
  -0.0128288            0  0.000305322   -0.0130974
