EndNode1[0]<--->Repeater1[0]
REAL
    0.427552 -0.000459317  0.000560417     0.323921
-0.000459317    0.0829247   -0.0102086   0.00101829
 0.000560417   -0.0102086    0.0864913  0.000684847
    0.323921   0.00101829  0.000684847     0.403032
IMAGINARY
          0 -0.00508727  0.00457683 -0.00606759
 0.00508727           0    0.011127   0.0169169
-0.00457683   -0.011127           0  -0.0198802
 0.00606759  -0.0169169   0.0198802           0
EndNode2[0]<--->HoM1[0]
REAL
    0.415161   -0.0133368   -0.0139407     0.321179
  -0.0133368    0.0943147  -0.00345436   0.00229156
  -0.0139407  -0.00345436    0.0850595 -0.000596513
    0.321179   0.00229156 -0.000596513     0.405465
IMAGINARY
          0  -0.0117976 -0.00970044  0.00526238
  0.0117976           0 -0.00235411  0.00878469
 0.00970044  0.00235411           0  0.00309794
-0.00526238 -0.00878469 -0.00309794           0
Repeater1[0]<--->EndNode1[0]
REAL
    0.427552  0.000560417 -0.000459317     0.323921
 0.000560417    0.0864913   -0.0102086  0.000684847
-0.000459317   -0.0102086    0.0829247   0.00101829
    0.323921  0.000684847   0.00101829     0.403032
IMAGINARY
          0  0.00457683 -0.00508727 -0.00606759
-0.00457683           0   -0.011127  -0.0198802
 0.00508727    0.011127           0   0.0169169
 0.00606759   0.0198802  -0.0169169           0
Repeater1[0]<--->HoM1[0]
REAL
    0.415161   -0.0139407   -0.0133368     0.321179
  -0.0139407    0.0850595  -0.00345436 -0.000596513
  -0.0133368  -0.00345436    0.0943147   0.00229156
    0.321179 -0.000596513   0.00229156     0.405465
IMAGINARY
          0 -0.00970044  -0.0117976  0.00526238
 0.00970044           0  0.00235411  0.00309794
  0.0117976 -0.00235411           0  0.00878469
-0.00526238 -0.00309794 -0.00878469           0
EndNode1[0]<--->Repeater1[0]
REAL
   0.445242   0.0129414   0.0127521    0.319213
  0.0129414   0.0767504  0.00188374 -0.00159972
  0.0127521  0.00188374   0.0843806 -0.00039489
   0.319213 -0.00159972 -0.00039489    0.393627
IMAGINARY
          0  0.00201499  0.00089985 -0.00563158
-0.00201499           0   -0.014971  -0.0064827
-0.00089985    0.014971           0  0.00490774
 0.00563158   0.0064827 -0.00490774           0
EndNode2[0]<--->HoM1[0]
REAL
    0.401004    0.0128397   0.00821284     0.327684
   0.0128397    0.0821168 -0.000795238  -0.00506535
  0.00821284 -0.000795238    0.0903285   0.00334739
    0.327684  -0.00506535   0.00334739     0.426551
IMAGINARY
           0   0.00158688  0.000234043    0.0188324
 -0.00158688            0  -0.00695432   0.00646961
-0.000234043   0.00695432            0  -0.00967749
  -0.0188324  -0.00646961   0.00967749            0
Repeater1[0]<--->EndNode1[0]
REAL
   0.445242   0.0127521   0.0129414    0.319213
  0.0127521   0.0843806  0.00188374 -0.00039489
  0.0129414  0.00188374   0.0767504 -0.00159972
   0.319213 -0.00039489 -0.00159972    0.393627
IMAGINARY
          0  0.00089985  0.00201499 -0.00563158
-0.00089985           0    0.014971  0.00490774
-0.00201499   -0.014971           0  -0.0064827
 0.00563158 -0.00490774   0.0064827           0
Repeater1[0]<--->HoM1[0]
REAL
    0.401004   0.00821284    0.0128397     0.327684
  0.00821284    0.0903285 -0.000795238   0.00334739
   0.0128397 -0.000795238    0.0821168  -0.00506535
    0.327684   0.00334739  -0.00506535     0.426551
IMAGINARY
           0  0.000234043   0.00158688    0.0188324
-0.000234043            0   0.00695432  -0.00967749
 -0.00158688  -0.00695432            0   0.00646961
  -0.0188324   0.00967749  -0.00646961            0
EndNode1[0]<--->Repeater1[0]
REAL
   0.403587   0.0151861  0.00263899     0.32812
  0.0151861   0.0932735 -0.00536831  0.00177018
 0.00263899 -0.00536831   0.0914798  0.00597796
    0.32812  0.00177018  0.00597796    0.411659
IMAGINARY
           0  0.000717468 -0.000210224   0.00697075
-0.000717468            0  0.000328517  -0.00535564
 0.000210224 -0.000328517            0   0.00160164
 -0.00697075   0.00535564  -0.00160164            0
EndNode2[0]<--->HoM1[0]
REAL
  0.399822  0.0037456 0.00410272   0.319627
 0.0037456  0.0821062  -0.010103 0.00700839
0.00410272  -0.010103  0.0892459 0.00736551
  0.319627 0.00700839 0.00736551   0.428826
IMAGINARY
           0    0.0041102  -0.00781869   0.00199341
  -0.0041102            0   -0.0004413   0.00871959
  0.00781869    0.0004413            0 -0.000506601
 -0.00199341  -0.00871959  0.000506601            0
Repeater1[0]<--->EndNode1[0]
REAL
   0.403587  0.00263899   0.0151861     0.32812
 0.00263899   0.0914798 -0.00536831  0.00597796
  0.0151861 -0.00536831   0.0932735  0.00177018
    0.32812  0.00597796  0.00177018    0.411659
IMAGINARY
           0 -0.000210224  0.000717468   0.00697075
 0.000210224            0 -0.000328517   0.00160164
-0.000717468  0.000328517            0  -0.00535564
 -0.00697075  -0.00160164   0.00535564            0
Repeater1[0]<--->HoM1[0]
REAL
  0.399822 0.00410272  0.0037456   0.319627
0.00410272  0.0892459  -0.010103 0.00736551
 0.0037456  -0.010103  0.0821062 0.00700839
  0.319627 0.00736551 0.00700839   0.428826
IMAGINARY
           0  -0.00781869    0.0041102   0.00199341
  0.00781869            0    0.0004413 -0.000506601
  -0.0041102   -0.0004413            0   0.00871959
 -0.00199341  0.000506601  -0.00871959            0
EndNode1[0]<--->Repeater1[0]
REAL
   0.408881 -0.00586378 -0.00527419     0.33009
-0.00586378   0.0753932  0.00256649   0.0023423
-0.00527419  0.00256649   0.0878816  0.00789355
    0.33009   0.0023423  0.00789355    0.427845
IMAGINARY
           0  -0.00228085  0.000683091   0.00328731
  0.00228085            0  -0.00168107  0.000901336
-0.000683091   0.00168107            0  -0.00337782
 -0.00328731 -0.000901336   0.00337782            0
EndNode2[0]<--->HoM1[0]
REAL
    0.412362   0.00151915  -0.00894033     0.325199
  0.00151915    0.0973247   0.00913373 -0.000519755
 -0.00894033   0.00913373    0.0853321   0.00240332
    0.325199 -0.000519755   0.00240332     0.404982
IMAGINARY
           0   0.00427178  0.000883418   -0.0241644
 -0.00427178            0   -0.0131828   -0.0075014
-0.000883418    0.0131828            0   0.00188979
   0.0241644    0.0075014  -0.00188979            0
Repeater1[0]<--->EndNode1[0]
REAL
   0.408881 -0.00527419 -0.00586378     0.33009
-0.00527419   0.0878816  0.00256649  0.00789355
-0.00586378  0.00256649   0.0753932   0.0023423
    0.33009  0.00789355   0.0023423    0.427845
IMAGINARY
           0  0.000683091  -0.00228085   0.00328731
-0.000683091            0   0.00168107  -0.00337782
  0.00228085  -0.00168107            0  0.000901336
 -0.00328731   0.00337782 -0.000901336            0
Repeater1[0]<--->HoM1[0]
REAL
    0.412362  -0.00894033   0.00151915     0.325199
 -0.00894033    0.0853321   0.00913373   0.00240332
  0.00151915   0.00913373    0.0973247 -0.000519755
    0.325199   0.00240332 -0.000519755     0.404982
IMAGINARY
           0  0.000883418   0.00427178   -0.0241644
-0.000883418            0    0.0131828   0.00188979
 -0.00427178   -0.0131828            0   -0.0075014
   0.0241644  -0.00188979    0.0075014            0
EndNode1[0]<--->Repeater1[0]
REAL
   0.409049  -0.0137553   0.0016405    0.336079
 -0.0137553    0.088181 -0.00633685  -0.0128361
  0.0016405 -0.00633685   0.0835642 -0.00377746
   0.336079  -0.0128361 -0.00377746    0.419206
IMAGINARY
           0 -0.000675707   0.00136426  -0.00245736
 0.000675707            0   0.00731173  -0.00272665
 -0.00136426  -0.00731173            0  -0.00114082
  0.00245736   0.00272665   0.00114082            0
EndNode2[0]<--->HoM1[0]
REAL
   0.405771 -0.00120015  0.00963036    0.335957
-0.00120015   0.0825068 -0.00523558 -0.00806296
 0.00963036 -0.00523558    0.084761  0.00814149
   0.335957 -0.00806296  0.00814149    0.426961
IMAGINARY
          0  0.00697171  0.00903337  0.00204087
-0.00697171           0  0.00989669 -0.00725401
-0.00903337 -0.00989669           0 -0.00563719
-0.00204087  0.00725401  0.00563719           0
Repeater1[0]<--->EndNode1[0]
REAL
   0.409049   0.0016405  -0.0137553    0.336079
  0.0016405   0.0835642 -0.00633685 -0.00377746
 -0.0137553 -0.00633685    0.088181  -0.0128361
   0.336079 -0.00377746  -0.0128361    0.419206
IMAGINARY
           0   0.00136426 -0.000675707  -0.00245736
 -0.00136426            0  -0.00731173  -0.00114082
 0.000675707   0.00731173            0  -0.00272665
  0.00245736   0.00114082   0.00272665            0
Repeater1[0]<--->HoM1[0]
REAL
   0.405771  0.00963036 -0.00120015    0.335957
 0.00963036    0.084761 -0.00523558  0.00814149
-0.00120015 -0.00523558   0.0825068 -0.00806296
   0.335957  0.00814149 -0.00806296    0.426961
IMAGINARY
          0  0.00903337  0.00697171  0.00204087
-0.00903337           0 -0.00989669 -0.00563719
-0.00697171  0.00989669           0 -0.00725401
-0.00204087  0.00563719  0.00725401           0
EndNode1[0]<--->Repeater1[0]
REAL
    0.41444  0.00115315 -0.00113073    0.322402
 0.00115315   0.0843882  0.00372531 -0.00530901
-0.00113073  0.00372531   0.0932958 -0.00667293
   0.322402 -0.00530901 -0.00667293    0.407876
IMAGINARY
           0  -0.00235526  0.000313692     0.011038
  0.00235526            0   -0.0139078    0.0200852
-0.000313692    0.0139078            0  -0.00807085
   -0.011038   -0.0200852   0.00807085            0
EndNode2[0]<--->HoM1[0]
REAL
   0.410611 -0.00692628 0.000815349    0.324484
-0.00692628    0.087383 -0.00539112 -0.00648231
0.000815349 -0.00539112   0.0905038  -0.0105105
   0.324484 -0.00648231  -0.0105105    0.411502
IMAGINARY
          0   0.0189247 -0.00164486 -0.00202761
 -0.0189247           0  0.00474746  -0.0151832
 0.00164486 -0.00474746           0  0.00666312
 0.00202761   0.0151832 -0.00666312           0
Repeater1[0]<--->EndNode1[0]
REAL
    0.41444 -0.00113073  0.00115315    0.322402
-0.00113073   0.0932958  0.00372531 -0.00667293
 0.00115315  0.00372531   0.0843882 -0.00530901
   0.322402 -0.00667293 -0.00530901    0.407876
IMAGINARY
           0  0.000313692  -0.00235526     0.011038
-0.000313692            0    0.0139078  -0.00807085
  0.00235526   -0.0139078            0    0.0200852
   -0.011038   0.00807085   -0.0200852            0
Repeater1[0]<--->HoM1[0]
REAL
   0.410611 0.000815349 -0.00692628    0.324484
0.000815349   0.0905038 -0.00539112  -0.0105105
-0.00692628 -0.00539112    0.087383 -0.00648231
   0.324484  -0.0105105 -0.00648231    0.411502
IMAGINARY
          0 -0.00164486   0.0189247 -0.00202761
 0.00164486           0 -0.00474746  0.00666312
 -0.0189247  0.00474746           0  -0.0151832
 0.00202761 -0.00666312   0.0151832           0
EndNode1[0]<--->Repeater1[0]
REAL
   0.405712  0.00215018  -0.0014916    0.324507
 0.00215018   0.0815956 -0.00852903  -0.0038944
 -0.0014916 -0.00852903   0.0797824 -0.00753617
   0.324507  -0.0038944 -0.00753617     0.43291
IMAGINARY
           0     -0.00684  -0.00154512 -0.000143004
     0.00684            0    0.0051294   0.00466177
  0.00154512   -0.0051294            0    0.0112924
 0.000143004  -0.00466177   -0.0112924            0
EndNode2[0]<--->HoM1[0]
REAL
   0.403661  0.00530087    0.021652    0.325381
 0.00530087   0.0988558 -0.00109937 -0.00864429
   0.021652 -0.00109937   0.0842105  0.00177353
   0.325381 -0.00864429  0.00177353    0.413272
IMAGINARY
          0  0.00283077 -0.00392932   0.0111565
-0.00283077           0  0.00683243  0.00596276
 0.00392932 -0.00683243           0 -0.00305671
 -0.0111565 -0.00596276  0.00305671           0
Repeater1[0]<--->EndNode1[0]
REAL
   0.405712  -0.0014916  0.00215018    0.324507
 -0.0014916   0.0797824 -0.00852903 -0.00753617
 0.00215018 -0.00852903   0.0815956  -0.0038944
   0.324507 -0.00753617  -0.0038944     0.43291
IMAGINARY
           0  -0.00154512     -0.00684 -0.000143004
  0.00154512            0   -0.0051294    0.0112924
     0.00684    0.0051294            0   0.00466177
 0.000143004   -0.0112924  -0.00466177            0
Repeater1[0]<--->HoM1[0]
REAL
   0.403661    0.021652  0.00530087    0.325381
   0.021652   0.0842105 -0.00109937  0.00177353
 0.00530087 -0.00109937   0.0988558 -0.00864429
   0.325381  0.00177353 -0.00864429    0.413272
IMAGINARY
          0 -0.00392932  0.00283077   0.0111565
 0.00392932           0 -0.00683243 -0.00305671
-0.00283077  0.00683243           0  0.00596276
 -0.0111565  0.00305671 -0.00596276           0
EndNode1[0]<--->Repeater1[0]
REAL
   0.420303  -0.0124782  0.00475039    0.328052
 -0.0124782   0.0845948 -0.00848252  -0.0119317
 0.00475039 -0.00848252   0.0850401 -0.00457749
   0.328052  -0.0119317 -0.00457749    0.410062
IMAGINARY
          0 -0.00533407  0.00242993  0.00334415
 0.00533407           0   0.0101098 -0.00265325
-0.00242993  -0.0101098           0  0.00287761
-0.00334415  0.00265325 -0.00287761           0
EndNode2[0]<--->HoM1[0]
REAL
    0.404432  -0.00166447  -0.00298157     0.332602
 -0.00166447    0.0803324  -0.00738052  -0.00631047
 -0.00298157  -0.00738052    0.0914127 -0.000105446
    0.332602  -0.00631047 -0.000105446     0.423823
IMAGINARY
           0    0.0012969   0.00891519   0.00367519
  -0.0012969            0  3.88284e-05   0.00127984
 -0.00891519 -3.88284e-05            0   -0.0119352
 -0.00367519  -0.00127984    0.0119352            0
Repeater1[0]<--->EndNode1[0]
REAL
   0.420303  0.00475039  -0.0124782    0.328052
 0.00475039   0.0850401 -0.00848252 -0.00457749
 -0.0124782 -0.00848252   0.0845948  -0.0119317
   0.328052 -0.00457749  -0.0119317    0.410062
IMAGINARY
          0  0.00242993 -0.00533407  0.00334415
-0.00242993           0  -0.0101098  0.00287761
 0.00533407   0.0101098           0 -0.00265325
-0.00334415 -0.00287761  0.00265325           0
Repeater1[0]<--->HoM1[0]
REAL
    0.404432  -0.00298157  -0.00166447     0.332602
 -0.00298157    0.0914127  -0.00738052 -0.000105446
 -0.00166447  -0.00738052    0.0803324  -0.00631047
    0.332602 -0.000105446  -0.00631047     0.423823
IMAGINARY
           0   0.00891519    0.0012969   0.00367519
 -0.00891519            0 -3.88284e-05   -0.0119352
  -0.0012969  3.88284e-05            0   0.00127984
 -0.00367519    0.0119352  -0.00127984            0
EndNode1[0]<--->Repeater1[0]
REAL
    0.397973   0.00173296 -0.000538226     0.328995
  0.00173296     0.108245   0.00190331   0.00562897
-0.000538226   0.00190331    0.0944265    0.0104406
    0.328995   0.00562897    0.0104406     0.399355
IMAGINARY
          0 -0.00374815  0.00521802  -0.0101953
 0.00374815           0  0.00606306 -0.00175062
-0.00521802 -0.00606306           0  0.00490395
  0.0101953  0.00175062 -0.00490395           0
EndNode2[0]<--->HoM1[0]
REAL
    0.410128   -0.0086066  -0.00498072     0.322745
  -0.0086066    0.0843978  -0.00157356  -0.00628054
 -0.00498072  -0.00157356    0.0857664 -0.000402408
    0.322745  -0.00628054 -0.000402408     0.419708
IMAGINARY
          0 -0.00159201 -0.00380896 -0.00921163
 0.00159201           0  0.00212571  0.00135031
 0.00380896 -0.00212571           0  0.00181553
 0.00921163 -0.00135031 -0.00181553           0
Repeater1[0]<--->EndNode1[0]
REAL
    0.397973 -0.000538226   0.00173296     0.328995
-0.000538226    0.0944265   0.00190331    0.0104406
  0.00173296   0.00190331     0.108245   0.00562897
    0.328995    0.0104406   0.00562897     0.399355
IMAGINARY
          0  0.00521802 -0.00374815  -0.0101953
-0.00521802           0 -0.00606306  0.00490395
 0.00374815  0.00606306           0 -0.00175062
  0.0101953 -0.00490395  0.00175062           0
Repeater1[0]<--->HoM1[0]
REAL
    0.410128  -0.00498072   -0.0086066     0.322745
 -0.00498072    0.0857664  -0.00157356 -0.000402408
  -0.0086066  -0.00157356    0.0843978  -0.00628054
    0.322745 -0.000402408  -0.00628054     0.419708
IMAGINARY
          0 -0.00380896 -0.00159201 -0.00921163
 0.00380896           0 -0.00212571  0.00181553
 0.00159201  0.00212571           0  0.00135031
 0.00921163 -0.00181553 -0.00135031           0
EndNode1[0]<--->Repeater1[0]
REAL
   0.402999   0.0137491  0.00347753    0.327355
  0.0137491   0.0995002  0.00235507   0.0110152
 0.00347753  0.00235507    0.083144 -0.00287957
   0.327355   0.0110152 -0.00287957    0.414357
IMAGINARY
           0   0.00591928   0.00141748    0.0228096
 -0.00591928            0 -2.14232e-05  -0.00856034
 -0.00141748  2.14232e-05            0  -0.00502643
  -0.0228096   0.00856034   0.00502643            0
EndNode2[0]<--->HoM1[0]
REAL
   0.406306  -0.0049885   0.0149652    0.326444
 -0.0049885   0.0901421 -0.00496654 -0.00280362
  0.0149652 -0.00496654    0.089254    0.011184
   0.326444 -0.00280362    0.011184    0.414298
IMAGINARY
          0  -0.0209023 -0.00293922  -0.0108678
  0.0209023           0 -0.00623389   0.0149179
 0.00293922  0.00623389           0 -0.00172418
  0.0108678  -0.0149179  0.00172418           0
Repeater1[0]<--->EndNode1[0]
REAL
   0.402999  0.00347753   0.0137491    0.327355
 0.00347753    0.083144  0.00235507 -0.00287957
  0.0137491  0.00235507   0.0995002   0.0110152
   0.327355 -0.00287957   0.0110152    0.414357
IMAGINARY
           0   0.00141748   0.00591928    0.0228096
 -0.00141748            0  2.14232e-05  -0.00502643
 -0.00591928 -2.14232e-05            0  -0.00856034
  -0.0228096   0.00502643   0.00856034            0
Repeater1[0]<--->HoM1[0]
REAL
   0.406306   0.0149652  -0.0049885    0.326444
  0.0149652    0.089254 -0.00496654    0.011184
 -0.0049885 -0.00496654   0.0901421 -0.00280362
   0.326444    0.011184 -0.00280362    0.414298
IMAGINARY
          0 -0.00293922  -0.0209023  -0.0108678
 0.00293922           0  0.00623389 -0.00172418
  0.0209023 -0.00623389           0   0.0149179
  0.0108678  0.00172418  -0.0149179           0
EndNode1[0]<--->Repeater1[0]
REAL
   0.410498  0.00169891  0.00431057    0.333403
 0.00169891   0.0861373  0.00603585 -0.00182301
 0.00431057  0.00603585   0.0897263   0.0111912
   0.333403 -0.00182301   0.0111912    0.413638
IMAGINARY
          0  0.00918505  0.00035078   0.0124091
-0.00918505           0   0.0106344 -0.00103044
-0.00035078  -0.0106344           0 -0.00261504
 -0.0124091  0.00103044  0.00261504           0
EndNode2[0]<--->HoM1[0]
REAL
   0.432384 -0.00508704  0.00346241    0.327381
-0.00508704   0.0791815 -0.00255064  -0.0149748
 0.00346241 -0.00255064   0.0956406  0.00802158
   0.327381  -0.0149748  0.00802158    0.392794
IMAGINARY
           0  -0.00998425  -0.00215636   0.00381359
  0.00998425            0   0.00135494 -0.000791484
  0.00215636  -0.00135494            0  -0.00112686
 -0.00381359  0.000791484   0.00112686            0
Repeater1[0]<--->EndNode1[0]
REAL
   0.410498  0.00431057  0.00169891    0.333403
 0.00431057   0.0897263  0.00603585   0.0111912
 0.00169891  0.00603585   0.0861373 -0.00182301
   0.333403   0.0111912 -0.00182301    0.413638
IMAGINARY
          0  0.00035078  0.00918505   0.0124091
-0.00035078           0  -0.0106344 -0.00261504
-0.00918505   0.0106344           0 -0.00103044
 -0.0124091  0.00261504  0.00103044           0
Repeater1[0]<--->HoM1[0]
REAL
   0.432384  0.00346241 -0.00508704    0.327381
 0.00346241   0.0956406 -0.00255064  0.00802158
-0.00508704 -0.00255064   0.0791815  -0.0149748
   0.327381  0.00802158  -0.0149748    0.392794
IMAGINARY
           0  -0.00215636  -0.00998425   0.00381359
  0.00215636            0  -0.00135494  -0.00112686
  0.00998425   0.00135494            0 -0.000791484
 -0.00381359   0.00112686  0.000791484            0
EndNode1[0]<--->Repeater1[0]
REAL
     0.39469   0.00494724 -0.000938203     0.321856
  0.00494724    0.0964602   0.00209675   0.00836729
-0.000938203   0.00209675    0.0982301  -0.00517236
    0.321856   0.00836729  -0.00517236     0.410619
IMAGINARY
           0   0.00144429  6.14576e-05  -0.00512788
 -0.00144429            0  -0.00821158  -0.00651451
-6.14576e-05   0.00821158            0    0.0107942
  0.00512788   0.00651451   -0.0107942            0
EndNode2[0]<--->HoM1[0]
REAL
    0.409009   0.00239547   0.00242351     0.324588
  0.00239547    0.0981982 -0.000737422  -0.00219593
  0.00242351 -0.000737422     0.081982  -0.00353338
    0.324588  -0.00219593  -0.00353338     0.410811
IMAGINARY
           0   -0.0131649   0.00973982  -0.00333458
   0.0131649            0   0.00177695  -0.00233075
 -0.00973982  -0.00177695            0  0.000816454
  0.00333458   0.00233075 -0.000816454            0
Repeater1[0]<--->EndNode1[0]
REAL
     0.39469 -0.000938203   0.00494724     0.321856
-0.000938203    0.0982301   0.00209675  -0.00517236
  0.00494724   0.00209675    0.0964602   0.00836729
    0.321856  -0.00517236   0.00836729     0.410619
IMAGINARY
           0  6.14576e-05   0.00144429  -0.00512788
-6.14576e-05            0   0.00821158    0.0107942
 -0.00144429  -0.00821158            0  -0.00651451
  0.00512788   -0.0107942   0.00651451            0
Repeater1[0]<--->HoM1[0]
REAL
    0.409009   0.00242351   0.00239547     0.324588
  0.00242351     0.081982 -0.000737422  -0.00353338
  0.00239547 -0.000737422    0.0981982  -0.00219593
    0.324588  -0.00353338  -0.00219593     0.410811
IMAGINARY
           0   0.00973982   -0.0131649  -0.00333458
 -0.00973982            0  -0.00177695  0.000816454
   0.0131649   0.00177695            0  -0.00233075
  0.00333458 -0.000816454   0.00233075            0
EndNode1[0]<--->Repeater1[0]
REAL
    0.42241 -0.00582495 -0.00115192    0.324861
-0.00582495   0.0849266  0.00412735  0.00181476
-0.00115192  0.00412735   0.0920409  0.00427833
   0.324861  0.00181476  0.00427833    0.400622
IMAGINARY
           0  -0.00123491   0.00114472  -0.00654849
  0.00123491            0   0.00177359  -0.00363453
 -0.00114472  -0.00177359            0  0.000103179
  0.00654849   0.00363453 -0.000103179            0
EndNode2[0]<--->HoM1[0]
REAL
   0.408965 -0.00217122 -0.00752092    0.323785
-0.00217122    0.090573  0.00259039  0.00704654
-0.00752092  0.00259039   0.0882625   0.0159283
   0.323785  0.00704654   0.0159283      0.4122
IMAGINARY
           0  -0.00260079 -0.000538776   0.00490391
  0.00260079            0   0.00101454 -0.000987609
 0.000538776  -0.00101454            0   0.00499939
 -0.00490391  0.000987609  -0.00499939            0
Repeater1[0]<--->EndNode1[0]
REAL
    0.42241 -0.00115192 -0.00582495    0.324861
-0.00115192   0.0920409  0.00412735  0.00427833
-0.00582495  0.00412735   0.0849266  0.00181476
   0.324861  0.00427833  0.00181476    0.400622
IMAGINARY
           0   0.00114472  -0.00123491  -0.00654849
 -0.00114472            0  -0.00177359  0.000103179
  0.00123491   0.00177359            0  -0.00363453
  0.00654849 -0.000103179   0.00363453            0
Repeater1[0]<--->HoM1[0]
REAL
   0.408965 -0.00752092 -0.00217122    0.323785
-0.00752092   0.0882625  0.00259039   0.0159283
-0.00217122  0.00259039    0.090573  0.00704654
   0.323785   0.0159283  0.00704654      0.4122
IMAGINARY
           0 -0.000538776  -0.00260079   0.00490391
 0.000538776            0  -0.00101454   0.00499939
  0.00260079   0.00101454            0 -0.000987609
 -0.00490391  -0.00499939  0.000987609            0
EndNode1[0]<--->Repeater1[0]
REAL
   0.421596  -0.0140848  0.00840709    0.328102
 -0.0140848   0.0802817 -0.00193902   -0.010163
 0.00840709 -0.00193902   0.0812207  0.00530517
   0.328102   -0.010163  0.00530517    0.416901
IMAGINARY
           0   0.00311829     0.010932   0.00555925
 -0.00311829            0     0.010994   0.00032197
   -0.010932    -0.010994            0 -0.000591879
 -0.00555925  -0.00032197  0.000591879            0
EndNode2[0]<--->HoM1[0]
REAL
   0.429319   0.0100935 -0.00464767     0.31904
  0.0100935   0.0920593 -0.00377343  -0.0084508
-0.00464767 -0.00377343   0.0859511  0.00164991
    0.31904  -0.0084508  0.00164991     0.39267
IMAGINARY
           0   0.00288472  0.000447766  -0.00306695
 -0.00288472            0  -0.00483373  0.000904804
-0.000447766   0.00483373            0  -0.00558986
  0.00306695 -0.000904804   0.00558986            0
Repeater1[0]<--->EndNode1[0]
REAL
   0.421596  0.00840709  -0.0140848    0.328102
 0.00840709   0.0812207 -0.00193902  0.00530517
 -0.0140848 -0.00193902   0.0802817   -0.010163
   0.328102  0.00530517   -0.010163    0.416901
IMAGINARY
           0     0.010932   0.00311829   0.00555925
   -0.010932            0    -0.010994 -0.000591879
 -0.00311829     0.010994            0   0.00032197
 -0.00555925  0.000591879  -0.00032197            0
Repeater1[0]<--->HoM1[0]
REAL
   0.429319 -0.00464767   0.0100935     0.31904
-0.00464767   0.0859511 -0.00377343  0.00164991
  0.0100935 -0.00377343   0.0920593  -0.0084508
    0.31904  0.00164991  -0.0084508     0.39267
IMAGINARY
           0  0.000447766   0.00288472  -0.00306695
-0.000447766            0   0.00483373  -0.00558986
 -0.00288472  -0.00483373            0  0.000904804
  0.00306695   0.00558986 -0.000904804            0
EndNode1[0]<--->Repeater1[0]
REAL
   0.408108  0.00279092 -0.00321774    0.328723
 0.00279092    0.090991  0.00028295  0.00187485
-0.00321774  0.00028295    0.086036 -0.00323855
   0.328723  0.00187485 -0.00323855    0.414865
IMAGINARY
           0  -0.00680554   0.00179073     0.014975
  0.00680554            0  -0.00711693   0.00967716
 -0.00179073   0.00711693            0 -7.51911e-05
   -0.014975  -0.00967716  7.51911e-05            0
EndNode2[0]<--->HoM1[0]
REAL
   0.428701   0.0182454   0.0100267    0.333328
  0.0182454   0.0887279 -0.00131044   0.0171663
  0.0100267 -0.00131044   0.0846537   0.0164038
   0.333328   0.0171663   0.0164038    0.397918
IMAGINARY
           0   -0.0108163   0.00240179  -0.00605414
   0.0108163            0  0.000135682  -0.00309272
 -0.00240179 -0.000135682            0   0.00644039
  0.00605414   0.00309272  -0.00644039            0
Repeater1[0]<--->EndNode1[0]
REAL
   0.408108 -0.00321774  0.00279092    0.328723
-0.00321774    0.086036  0.00028295 -0.00323855
 0.00279092  0.00028295    0.090991  0.00187485
   0.328723 -0.00323855  0.00187485    0.414865
IMAGINARY
           0   0.00179073  -0.00680554     0.014975
 -0.00179073            0   0.00711693 -7.51911e-05
  0.00680554  -0.00711693            0   0.00967716
   -0.014975  7.51911e-05  -0.00967716            0
Repeater1[0]<--->HoM1[0]
REAL
   0.428701   0.0100267   0.0182454    0.333328
  0.0100267   0.0846537 -0.00131044   0.0164038
  0.0182454 -0.00131044   0.0887279   0.0171663
   0.333328   0.0164038   0.0171663    0.397918
IMAGINARY
           0   0.00240179   -0.0108163  -0.00605414
 -0.00240179            0 -0.000135682   0.00644039
   0.0108163  0.000135682            0  -0.00309272
  0.00605414  -0.00644039   0.00309272            0
EndNode1[0]<--->Repeater1[0]
REAL
   0.418728  0.00468122   0.0139679    0.327129
 0.00468122   0.0896643  0.00628083   -0.014198
  0.0139679  0.00628083   0.0825972 -0.00767248
   0.327129   -0.014198 -0.00767248    0.409011
IMAGINARY
          0  0.00835136 -0.00374493   0.0101828
-0.00835136           0 -0.00904798 -0.00167024
 0.00374493  0.00904798           0 -0.00158241
 -0.0101828  0.00167024  0.00158241           0
EndNode2[0]<--->HoM1[0]
REAL
     0.40009  -0.00792481 -0.000647959     0.333401
 -0.00792481     0.090212  -0.00194035   -0.0103633
-0.000647959  -0.00194035    0.0920162   -0.0125246
    0.333401   -0.0103633   -0.0125246     0.417682
IMAGINARY
          0  0.00892711 -0.00823926  0.00200981
-0.00892711           0  -0.0106828  0.00400008
 0.00823926   0.0106828           0 -0.00870399
-0.00200981 -0.00400008  0.00870399           0
Repeater1[0]<--->EndNode1[0]
REAL
   0.418728   0.0139679  0.00468122    0.327129
  0.0139679   0.0825972  0.00628083 -0.00767248
 0.00468122  0.00628083   0.0896643   -0.014198
   0.327129 -0.00767248   -0.014198    0.409011
IMAGINARY
          0 -0.00374493  0.00835136   0.0101828
 0.00374493           0  0.00904798 -0.00158241
-0.00835136 -0.00904798           0 -0.00167024
 -0.0101828  0.00158241  0.00167024           0
Repeater1[0]<--->HoM1[0]
REAL
     0.40009 -0.000647959  -0.00792481     0.333401
-0.000647959    0.0920162  -0.00194035   -0.0125246
 -0.00792481  -0.00194035     0.090212   -0.0103633
    0.333401   -0.0125246   -0.0103633     0.417682
IMAGINARY
          0 -0.00823926  0.00892711  0.00200981
 0.00823926           0   0.0106828 -0.00870399
-0.00892711  -0.0106828           0  0.00400008
-0.00200981  0.00870399 -0.00400008           0
EndNode1[0]<--->Repeater1[0]
REAL
   0.429935  0.00289319   0.0127504    0.317069
 0.00289319   0.0911063 -0.00324657  0.00906381
  0.0127504 -0.00324657   0.0854664  0.00380228
   0.317069  0.00906381  0.00380228    0.393492
IMAGINARY
           0   0.00673835  0.000779265   0.00694907
 -0.00673835            0  -0.00718283   0.00305821
-0.000779265   0.00718283            0  -0.00154647
 -0.00694907  -0.00305821   0.00154647            0
EndNode2[0]<--->HoM1[0]
REAL
   0.409866 -0.00549208  0.00119726    0.331134
-0.00549208   0.0834486 -0.00353272  0.00729207
 0.00119726 -0.00353272    0.101429  -0.0043033
   0.331134  0.00729207  -0.0043033    0.405256
IMAGINARY
          0  0.00725888  -0.0149901  -0.0097928
-0.00725888           0 -0.00621818 -0.00234327
  0.0149901  0.00621818           0  0.00296334
  0.0097928  0.00234327 -0.00296334           0
Repeater1[0]<--->EndNode1[0]
REAL
   0.429935   0.0127504  0.00289319    0.317069
  0.0127504   0.0854664 -0.00324657  0.00380228
 0.00289319 -0.00324657   0.0911063  0.00906381
   0.317069  0.00380228  0.00906381    0.393492
IMAGINARY
           0  0.000779265   0.00673835   0.00694907
-0.000779265            0   0.00718283  -0.00154647
 -0.00673835  -0.00718283            0   0.00305821
 -0.00694907   0.00154647  -0.00305821            0
Repeater1[0]<--->HoM1[0]
REAL
   0.409866  0.00119726 -0.00549208    0.331134
 0.00119726    0.101429 -0.00353272  -0.0043033
-0.00549208 -0.00353272   0.0834486  0.00729207
   0.331134  -0.0043033  0.00729207    0.405256
IMAGINARY
          0  -0.0149901  0.00725888  -0.0097928
  0.0149901           0  0.00621818  0.00296334
-0.00725888 -0.00621818           0 -0.00234327
  0.0097928 -0.00296334  0.00234327           0
EndNode1[0]<--->Repeater1[0]
REAL
   0.403524  0.00348114 -0.00354601     0.33166
 0.00348114   0.0845815  -0.0105647  0.00287845
-0.00354601  -0.0105647    0.092511  0.00119176
    0.33166  0.00287845  0.00119176    0.419383
IMAGINARY
           0 -0.000788343  -0.00334526    0.0113969
 0.000788343            0   0.00428577   0.00967438
  0.00334526  -0.00428577            0  0.000336263
  -0.0113969  -0.00967438 -0.000336263            0
EndNode2[0]<--->HoM1[0]
REAL
    0.406108   0.00142988  -0.00245208     0.324398
  0.00142988    0.0934366 -0.000294826  -0.00574464
 -0.00245208 -0.000294826    0.0824977   -0.0100697
    0.324398  -0.00574464   -0.0100697     0.417958
IMAGINARY
           0  -0.00308234    0.0164975   0.00233685
  0.00308234            0 -0.000108684   -0.0077102
  -0.0164975  0.000108684            0  -0.00262944
 -0.00233685    0.0077102   0.00262944            0
Repeater1[0]<--->EndNode1[0]
REAL
   0.403524 -0.00354601  0.00348114     0.33166
-0.00354601    0.092511  -0.0105647  0.00119176
 0.00348114  -0.0105647   0.0845815  0.00287845
    0.33166  0.00119176  0.00287845    0.419383
IMAGINARY
           0  -0.00334526 -0.000788343    0.0113969
  0.00334526            0  -0.00428577  0.000336263
 0.000788343   0.00428577            0   0.00967438
  -0.0113969 -0.000336263  -0.00967438            0
Repeater1[0]<--->HoM1[0]
REAL
    0.406108  -0.00245208   0.00142988     0.324398
 -0.00245208    0.0824977 -0.000294826   -0.0100697
  0.00142988 -0.000294826    0.0934366  -0.00574464
    0.324398   -0.0100697  -0.00574464     0.417958
IMAGINARY
           0    0.0164975  -0.00308234   0.00233685
  -0.0164975            0  0.000108684  -0.00262944
  0.00308234 -0.000108684            0   -0.0077102
 -0.00233685   0.00262944    0.0077102            0
EndNode1[0]<--->Repeater1[0]
REAL
   0.398023 -0.00478575  0.00504803    0.325859
-0.00478575    0.097035 0.000461838 -0.00101938
 0.00504803 0.000461838   0.0880503 -0.00103341
   0.325859 -0.00101938 -0.00103341    0.416891
IMAGINARY
           0    0.0020283  0.000977911   0.00947523
  -0.0020283            0   0.00198544   0.00475401
-0.000977911  -0.00198544            0  -0.00423288
 -0.00947523  -0.00475401   0.00423288            0
EndNode2[0]<--->HoM1[0]
REAL
    0.41908 -0.00964922 -0.00237257    0.328972
-0.00964922   0.0983816 0.000207919 -0.00283812
-0.00237257 0.000207919   0.0864566 -0.00598286
   0.328972 -0.00283812 -0.00598286    0.396082
IMAGINARY
          0 -0.00505688 -0.00305125 -0.00415217
 0.00505688           0  0.00736024  0.00866923
 0.00305125 -0.00736024           0 -0.00550491
 0.00415217 -0.00866923  0.00550491           0
Repeater1[0]<--->EndNode1[0]
REAL
   0.398023  0.00504803 -0.00478575    0.325859
 0.00504803   0.0880503 0.000461838 -0.00103341
-0.00478575 0.000461838    0.097035 -0.00101938
   0.325859 -0.00103341 -0.00101938    0.416891
IMAGINARY
           0  0.000977911    0.0020283   0.00947523
-0.000977911            0  -0.00198544  -0.00423288
  -0.0020283   0.00198544            0   0.00475401
 -0.00947523   0.00423288  -0.00475401            0
Repeater1[0]<--->HoM1[0]
REAL
    0.41908 -0.00237257 -0.00964922    0.328972
-0.00237257   0.0864566 0.000207919 -0.00598286
-0.00964922 0.000207919   0.0983816 -0.00283812
   0.328972 -0.00598286 -0.00283812    0.396082
IMAGINARY
          0 -0.00305125 -0.00505688 -0.00415217
 0.00305125           0 -0.00736024 -0.00550491
 0.00505688  0.00736024           0  0.00866923
 0.00415217  0.00550491 -0.00866923           0
EndNode1[0]<--->Repeater1[0]
REAL
   0.401262 -0.00433236 -0.00280817     0.32693
-0.00433236   0.0901713 -0.00560339  -0.0114098
-0.00280817 -0.00560339    0.087917 -0.00088091
    0.32693  -0.0114098 -0.00088091    0.420649
IMAGINARY
           0  -0.00545893  0.000548933  0.000675633
  0.00545893            0   0.00402235   0.00403022
-0.000548933  -0.00402235            0   0.00262421
-0.000675633  -0.00403022  -0.00262421            0
EndNode2[0]<--->HoM1[0]
REAL
  0.419341 -0.0110446 -0.0102857   0.321677
-0.0110446   0.083956 0.00807243 0.00311727
-0.0102857 0.00807243  0.0892308 0.00208402
  0.321677 0.00311727 0.00208402   0.407473
IMAGINARY
           0  -0.00186163    0.0109222   0.00149309
  0.00186163            0 -0.000147795  0.000561869
  -0.0109222  0.000147795            0   -0.0105059
 -0.00149309 -0.000561869    0.0105059            0
Repeater1[0]<--->EndNode1[0]
REAL
   0.401262 -0.00280817 -0.00433236     0.32693
-0.00280817    0.087917 -0.00560339 -0.00088091
-0.00433236 -0.00560339   0.0901713  -0.0114098
    0.32693 -0.00088091  -0.0114098    0.420649
IMAGINARY
           0  0.000548933  -0.00545893  0.000675633
-0.000548933            0  -0.00402235   0.00262421
  0.00545893   0.00402235            0   0.00403022
-0.000675633  -0.00262421  -0.00403022            0
Repeater1[0]<--->HoM1[0]
REAL
  0.419341 -0.0102857 -0.0110446   0.321677
-0.0102857  0.0892308 0.00807243 0.00208402
-0.0110446 0.00807243   0.083956 0.00311727
  0.321677 0.00208402 0.00311727   0.407473
IMAGINARY
           0    0.0109222  -0.00186163   0.00149309
  -0.0109222            0  0.000147795   -0.0105059
  0.00186163 -0.000147795            0  0.000561869
 -0.00149309    0.0105059 -0.000561869            0
EndNode1[0]<--->Repeater1[0]
REAL
     0.41566    0.0042746 -0.000348259     0.324441
   0.0042746    0.0876957  -0.00473864   0.00685384
-0.000348259  -0.00473864    0.0926174  -0.00241586
    0.324441   0.00685384  -0.00241586     0.404027
IMAGINARY
          0  0.00363028  0.00430908 -0.00281255
-0.00363028           0 -0.00124516  0.00633885
-0.00430908  0.00124516           0 -0.00838787
 0.00281255 -0.00633885  0.00838787           0
EndNode2[0]<--->HoM1[0]
REAL
   0.420399  0.00118437  0.00446539    0.329468
 0.00118437   0.0793792 -0.00857254 0.000802388
 0.00446539 -0.00857254   0.0882483 -0.00294029
   0.329468 0.000802388 -0.00294029    0.411973
IMAGINARY
           0 -0.000825657   -0.0113306  -0.00203056
 0.000825657            0  -0.00724126  -0.00102596
   0.0113306   0.00724126            0    0.0145062
  0.00203056   0.00102596   -0.0145062            0
Repeater1[0]<--->EndNode1[0]
REAL
     0.41566 -0.000348259    0.0042746     0.324441
-0.000348259    0.0926174  -0.00473864  -0.00241586
   0.0042746  -0.00473864    0.0876957   0.00685384
    0.324441  -0.00241586   0.00685384     0.404027
IMAGINARY
          0  0.00430908  0.00363028 -0.00281255
-0.00430908           0  0.00124516 -0.00838787
-0.00363028 -0.00124516           0  0.00633885
 0.00281255  0.00838787 -0.00633885           0
Repeater1[0]<--->HoM1[0]
REAL
   0.420399  0.00446539  0.00118437    0.329468
 0.00446539   0.0882483 -0.00857254 -0.00294029
 0.00118437 -0.00857254   0.0793792 0.000802388
   0.329468 -0.00294029 0.000802388    0.411973
IMAGINARY
           0   -0.0113306 -0.000825657  -0.00203056
   0.0113306            0   0.00724126    0.0145062
 0.000825657  -0.00724126            0  -0.00102596
  0.00203056   -0.0145062   0.00102596            0
EndNode1[0]<--->Repeater1[0]
REAL
   0.405971 -0.00629253  -0.0100388    0.324084
-0.00629253    0.100267  0.00208025  0.00405211
 -0.0100388  0.00208025   0.0797683   0.0109488
   0.324084  0.00405211   0.0109488    0.413993
IMAGINARY
           0  0.000364974  -0.00821793  -0.00256161
-0.000364974            0   0.00165499   0.00106229
  0.00821793  -0.00165499            0  -0.00841506
  0.00256161  -0.00106229   0.00841506            0
EndNode2[0]<--->HoM1[0]
REAL
   0.413624  0.00166396  0.00343798    0.318386
 0.00166396   0.0788068   0.0012063  0.00587053
 0.00343798   0.0012063   0.0903829 0.000109093
   0.318386  0.00587053 0.000109093    0.417186
IMAGINARY
          0 -0.00332803  0.00585668 -0.00383035
 0.00332803           0  0.00405608  0.00585668
-0.00585668 -0.00405608           0   0.0136634
 0.00383035 -0.00585668  -0.0136634           0
Repeater1[0]<--->EndNode1[0]
REAL
   0.405971  -0.0100388 -0.00629253    0.324084
 -0.0100388   0.0797683  0.00208025   0.0109488
-0.00629253  0.00208025    0.100267  0.00405211
   0.324084   0.0109488  0.00405211    0.413993
IMAGINARY
           0  -0.00821793  0.000364974  -0.00256161
  0.00821793            0  -0.00165499  -0.00841506
-0.000364974   0.00165499            0   0.00106229
  0.00256161   0.00841506  -0.00106229            0
Repeater1[0]<--->HoM1[0]
REAL
   0.413624  0.00343798  0.00166396    0.318386
 0.00343798   0.0903829   0.0012063 0.000109093
 0.00166396   0.0012063   0.0788068  0.00587053
   0.318386 0.000109093  0.00587053    0.417186
IMAGINARY
          0  0.00585668 -0.00332803 -0.00383035
-0.00585668           0 -0.00405608   0.0136634
 0.00332803  0.00405608           0  0.00585668
 0.00383035  -0.0136634 -0.00585668           0
EndNode1[0]<--->Repeater1[0]
REAL
    0.410873   -0.0141528   -0.0164854     0.334472
  -0.0141528    0.0877897  -0.00206682  -0.00579872
  -0.0164854  -0.00206682    0.0855615 -0.000239003
    0.334472  -0.00579872 -0.000239003     0.415775
IMAGINARY
          0  -0.0073493  0.00968702    0.010355
  0.0073493           0 -0.00924434  0.00267562
-0.00968702  0.00924434           0 -0.00272396
  -0.010355 -0.00267562  0.00272396           0
EndNode2[0]<--->HoM1[0]
REAL
    0.41119 -0.00452134 -0.00263458    0.322187
-0.00452134   0.0857016 -0.00380278  0.00196524
-0.00263458 -0.00380278   0.0865897  0.00697561
   0.322187  0.00196524  0.00697561    0.416519
IMAGINARY
          0  0.00921574  -0.0100134   0.0176421
-0.00921574           0 -0.00775894 -0.00756564
  0.0100134  0.00775894           0   0.0185991
 -0.0176421  0.00756564  -0.0185991           0
Repeater1[0]<--->EndNode1[0]
REAL
    0.410873   -0.0164854   -0.0141528     0.334472
  -0.0164854    0.0855615  -0.00206682 -0.000239003
  -0.0141528  -0.00206682    0.0877897  -0.00579872
    0.334472 -0.000239003  -0.00579872     0.415775
IMAGINARY
          0  0.00968702  -0.0073493    0.010355
-0.00968702           0  0.00924434 -0.00272396
  0.0073493 -0.00924434           0  0.00267562
  -0.010355  0.00272396 -0.00267562           0
Repeater1[0]<--->HoM1[0]
REAL
