EndNode1[0]<--->Repeater1[0]
REAL
   0.416462 0.000391342 0.000122378    0.323997
0.000391342   0.0865492 -0.00439889  0.00157101
0.000122378 -0.00439889   0.0869953   0.0092045
   0.323997  0.00157101   0.0092045    0.409993
IMAGINARY
           0 -0.000329312   0.00729363  -0.00346339
 0.000329312            0   0.00480388   0.00751875
 -0.00729363  -0.00480388            0  -0.00526648
  0.00346339  -0.00751875   0.00526648            0
EndNode2[0]<--->HoM1[0]
REAL
    0.416889  -0.00761081  -0.00387959     0.316696
 -0.00761081    0.0931373  0.000966276 -0.000352853
 -0.00387959  0.000966276    0.0828877  -0.00279871
    0.316696 -0.000352853  -0.00279871     0.407086
IMAGINARY
           0 -0.000161883  -0.00692731  0.000206753
 0.000161883            0    0.0041314   0.00121172
  0.00692731   -0.0041314            0  -0.00326747
-0.000206753  -0.00121172   0.00326747            0
Repeater1[0]<--->EndNode1[0]
REAL
   0.416462 0.000122378 0.000391342    0.323997
0.000122378   0.0869953 -0.00439889   0.0092045
0.000391342 -0.00439889   0.0865492  0.00157101
   0.323997   0.0092045  0.00157101    0.409993
IMAGINARY
           0   0.00729363 -0.000329312  -0.00346339
 -0.00729363            0  -0.00480388  -0.00526648
 0.000329312   0.00480388            0   0.00751875
  0.00346339   0.00526648  -0.00751875            0
Repeater1[0]<--->HoM1[0]
REAL
    0.416889  -0.00387959  -0.00761081     0.316696
 -0.00387959    0.0828877  0.000966276  -0.00279871
 -0.00761081  0.000966276    0.0931373 -0.000352853
    0.316696  -0.00279871 -0.000352853     0.407086
IMAGINARY
           0  -0.00692731 -0.000161883  0.000206753
  0.00692731            0   -0.0041314  -0.00326747
 0.000161883    0.0041314            0   0.00121172
-0.000206753   0.00326747  -0.00121172            0
EndNode1[0]<--->Repeater1[0]
REAL
    0.426585   0.00164484   0.00554767     0.327571
  0.00164484    0.0784314  8.62124e-05 -0.000176239
  0.00554767  8.62124e-05    0.0866393  -0.00770198
    0.327571 -0.000176239  -0.00770198     0.408345
IMAGINARY
           0   -0.0030024   0.00325575  0.000160128
   0.0030024            0   -0.0018497   0.00047982
 -0.00325575    0.0018497            0  -0.00163876
-0.000160128  -0.00047982   0.00163876            0
EndNode2[0]<--->HoM1[0]
REAL
   0.413098  0.00952775   0.0100661    0.326036
 0.00952775   0.0790845 0.000439367 -0.00447577
  0.0100661 0.000439367   0.0881487  0.00634882
   0.326036 -0.00447577  0.00634882    0.419669
IMAGINARY
          0 -0.00483837  0.00460368   0.0121512
 0.00483837           0 -0.00193334  0.00170547
-0.00460368  0.00193334           0 -0.00597732
 -0.0121512 -0.00170547  0.00597732           0
Repeater1[0]<--->EndNode1[0]
REAL
    0.426585   0.00554767   0.00164484     0.327571
  0.00554767    0.0866393  8.62124e-05  -0.00770198
  0.00164484  8.62124e-05    0.0784314 -0.000176239
    0.327571  -0.00770198 -0.000176239     0.408345
IMAGINARY
           0   0.00325575   -0.0030024  0.000160128
 -0.00325575            0    0.0018497  -0.00163876
   0.0030024   -0.0018497            0   0.00047982
-0.000160128   0.00163876  -0.00047982            0
Repeater1[0]<--->HoM1[0]
REAL
   0.413098   0.0100661  0.00952775    0.326036
  0.0100661   0.0881487 0.000439367  0.00634882
 0.00952775 0.000439367   0.0790845 -0.00447577
   0.326036  0.00634882 -0.00447577    0.419669
IMAGINARY
          0  0.00460368 -0.00483837   0.0121512
-0.00460368           0  0.00193334 -0.00597732
 0.00483837 -0.00193334           0  0.00170547
 -0.0121512  0.00597732 -0.00170547           0
EndNode1[0]<--->Repeater1[0]
REAL
   0.398352 -0.00228834 -0.00811193     0.32678
-0.00228834   0.0895124  0.00149119  0.00754102
-0.00811193  0.00149119    0.093743 -0.00376327
    0.32678  0.00754102 -0.00376327    0.418392
IMAGINARY
          0 -0.00487197   -0.002559  0.00837134
 0.00487197           0  0.00169577  0.00607135
   0.002559 -0.00169577           0  0.00113302
-0.00837134 -0.00607135 -0.00113302           0
EndNode2[0]<--->HoM1[0]
REAL
   0.414087  0.00544164  0.00230699    0.322871
 0.00544164   0.0834455 -0.00596978  0.00585309
 0.00230699 -0.00596978   0.0939883 -0.00242353
   0.322871  0.00585309 -0.00242353    0.408479
IMAGINARY
          0  0.00587551 -0.00685574  0.00664864
-0.00587551           0 -0.00406959  0.00730498
 0.00685574  0.00406959           0 -0.00497703
-0.00664864 -0.00730498  0.00497703           0
Repeater1[0]<--->EndNode1[0]
REAL
   0.398352 -0.00811193 -0.00228834     0.32678
-0.00811193    0.093743  0.00149119 -0.00376327
-0.00228834  0.00149119   0.0895124  0.00754102
    0.32678 -0.00376327  0.00754102    0.418392
IMAGINARY
          0   -0.002559 -0.00487197  0.00837134
   0.002559           0 -0.00169577  0.00113302
 0.00487197  0.00169577           0  0.00607135
-0.00837134 -0.00113302 -0.00607135           0
Repeater1[0]<--->HoM1[0]
REAL
   0.414087  0.00230699  0.00544164    0.322871
 0.00230699   0.0939883 -0.00596978 -0.00242353
 0.00544164 -0.00596978   0.0834455  0.00585309
   0.322871 -0.00242353  0.00585309    0.408479
IMAGINARY
          0 -0.00685574  0.00587551  0.00664864
 0.00685574           0  0.00406959 -0.00497703
-0.00587551 -0.00406959           0  0.00730498
-0.00664864  0.00497703 -0.00730498           0
EndNode1[0]<--->Repeater1[0]
REAL
    0.402236   0.00275384 -0.000296455     0.321299
  0.00275384    0.0832763 -0.000717216  -0.00500709
-0.000296455 -0.000717216    0.0892083    0.0039038
    0.321299  -0.00500709    0.0039038     0.425279
IMAGINARY
           0  -0.00233437   0.00593637 -3.44154e-05
  0.00233437            0  -0.00207061   0.00184617
 -0.00593637   0.00207061            0   0.00289832
 3.44154e-05  -0.00184617  -0.00289832            0
EndNode2[0]<--->HoM1[0]
REAL
    0.413079   0.00105934 -0.000293539     0.324742
  0.00105934    0.0978586   0.00413636  -0.00439003
-0.000293539   0.00413636    0.0879576  -0.00094511
    0.324742  -0.00439003  -0.00094511     0.401105
IMAGINARY
          0 -0.00785669  0.00213501  -0.0154627
 0.00785669           0 -0.00737649  0.00147999
-0.00213501  0.00737649           0  0.00198231
  0.0154627 -0.00147999 -0.00198231           0
Repeater1[0]<--->EndNode1[0]
REAL
    0.402236 -0.000296455   0.00275384     0.321299
-0.000296455    0.0892083 -0.000717216    0.0039038
  0.00275384 -0.000717216    0.0832763  -0.00500709
    0.321299    0.0039038  -0.00500709     0.425279
IMAGINARY
           0   0.00593637  -0.00233437 -3.44154e-05
 -0.00593637            0   0.00207061   0.00289832
  0.00233437  -0.00207061            0   0.00184617
 3.44154e-05  -0.00289832  -0.00184617            0
Repeater1[0]<--->HoM1[0]
REAL
    0.413079 -0.000293539   0.00105934     0.324742
-0.000293539    0.0879576   0.00413636  -0.00094511
  0.00105934   0.00413636    0.0978586  -0.00439003
    0.324742  -0.00094511  -0.00439003     0.401105
IMAGINARY
          0  0.00213501 -0.00785669  -0.0154627
-0.00213501           0  0.00737649  0.00198231
 0.00785669 -0.00737649           0  0.00147999
  0.0154627 -0.00198231 -0.00147999           0
EndNode1[0]<--->Repeater1[0]
REAL
    0.411872  -0.00687348  -0.00104268     0.331543
 -0.00687348    0.0858447 -0.000832312   0.00666318
 -0.00104268 -0.000832312     0.090411   0.00777276
    0.331543   0.00666318   0.00777276     0.411872
IMAGINARY
           0  -0.00317343  -0.00680873  -0.00110083
  0.00317343            0    0.0050035  0.000837923
  0.00680873   -0.0050035            0   0.00427914
  0.00110083 -0.000837923  -0.00427914            0
EndNode2[0]<--->HoM1[0]
REAL
     0.40643  -0.00411148  -0.00100443     0.333035
 -0.00411148     0.086918   0.00155857 -0.000107171
 -0.00100443   0.00155857    0.0855876   0.00922487
    0.333035 -0.000107171   0.00922487     0.421064
IMAGINARY
           0   0.00260455  0.000983426   0.00630634
 -0.00260455            0    0.0108169   0.00367884
-0.000983426   -0.0108169            0  0.000693151
 -0.00630634  -0.00367884 -0.000693151            0
Repeater1[0]<--->EndNode1[0]
REAL
    0.411872  -0.00104268  -0.00687348     0.331543
 -0.00104268     0.090411 -0.000832312   0.00777276
 -0.00687348 -0.000832312    0.0858447   0.00666318
    0.331543   0.00777276   0.00666318     0.411872
IMAGINARY
           0  -0.00680873  -0.00317343  -0.00110083
  0.00680873            0   -0.0050035   0.00427914
  0.00317343    0.0050035            0  0.000837923
  0.00110083  -0.00427914 -0.000837923            0
Repeater1[0]<--->HoM1[0]
REAL
     0.40643  -0.00100443  -0.00411148     0.333035
 -0.00100443    0.0855876   0.00155857   0.00922487
 -0.00411148   0.00155857     0.086918 -0.000107171
    0.333035   0.00922487 -0.000107171     0.421064
IMAGINARY
           0  0.000983426   0.00260455   0.00630634
-0.000983426            0   -0.0108169  0.000693151
 -0.00260455    0.0108169            0   0.00367884
 -0.00630634 -0.000693151  -0.00367884            0
EndNode1[0]<--->Repeater1[0]
REAL
   0.414422 -0.00566739  -0.0037698    0.323514
-0.00566739   0.0832406  0.00450974 7.63549e-05
 -0.0037698  0.00450974   0.0963721 -0.00195034
   0.323514 7.63549e-05 -0.00195034    0.405965
IMAGINARY
          0 -0.00130562  0.00563723  0.00505278
 0.00130562           0 -0.00296257   0.0101999
-0.00563723  0.00296257           0  -0.0059342
-0.00505278  -0.0101999   0.0059342           0
EndNode2[0]<--->HoM1[0]
REAL
   0.406006  -0.0034054  0.00332859    0.320429
 -0.0034054   0.0873453 -0.00458789 5.34775e-05
 0.00332859 -0.00458789   0.0894085 -0.00194044
   0.320429 5.34775e-05 -0.00194044     0.41724
IMAGINARY
          0     0.01326 -0.00538013  -0.0075003
   -0.01326           0  0.00162337  -0.0116666
 0.00538013 -0.00162337           0  0.00446406
  0.0075003   0.0116666 -0.00446406           0
Repeater1[0]<--->EndNode1[0]
REAL
   0.414422  -0.0037698 -0.00566739    0.323514
 -0.0037698   0.0963721  0.00450974 -0.00195034
-0.00566739  0.00450974   0.0832406 7.63549e-05
   0.323514 -0.00195034 7.63549e-05    0.405965
IMAGINARY
          0  0.00563723 -0.00130562  0.00505278
-0.00563723           0  0.00296257  -0.0059342
 0.00130562 -0.00296257           0   0.0101999
-0.00505278   0.0059342  -0.0101999           0
Repeater1[0]<--->HoM1[0]
REAL
   0.406006  0.00332859  -0.0034054    0.320429
 0.00332859   0.0894085 -0.00458789 -0.00194044
 -0.0034054 -0.00458789   0.0873453 5.34775e-05
   0.320429 -0.00194044 5.34775e-05     0.41724
IMAGINARY
          0 -0.00538013     0.01326  -0.0075003
 0.00538013           0 -0.00162337  0.00446406
   -0.01326  0.00162337           0  -0.0116666
  0.0075003 -0.00446406   0.0116666           0
EndNode1[0]<--->Repeater1[0]
REAL
   0.397504  0.00981555  0.00176811    0.325491
 0.00981555   0.0790998 -0.00642192 -0.00110292
 0.00176811 -0.00642192   0.0880125  0.00504033
   0.325491 -0.00110292  0.00504033    0.435383
IMAGINARY
           0  -0.00059145   0.00507368 -0.000517518
  0.00059145            0  -0.00209197 -0.000811387
 -0.00507368   0.00209197            0    0.0052909
 0.000517518  0.000811387   -0.0052909            0
EndNode2[0]<--->HoM1[0]
REAL
    0.403338   0.00150454    0.0139592     0.330726
  0.00150454    0.0913306 -0.000109831  0.000986458
   0.0139592 -0.000109831    0.0887807   0.00574183
    0.330726  0.000986458   0.00574183     0.416551
IMAGINARY
           0   0.00152536  -0.00167929   0.00625251
 -0.00152536            0   0.00411432  0.000998089
  0.00167929  -0.00411432            0  -0.00334189
 -0.00625251 -0.000998089   0.00334189            0
Repeater1[0]<--->EndNode1[0]
REAL
   0.397504  0.00176811  0.00981555    0.325491
 0.00176811   0.0880125 -0.00642192  0.00504033
 0.00981555 -0.00642192   0.0790998 -0.00110292
   0.325491  0.00504033 -0.00110292    0.435383
IMAGINARY
           0   0.00507368  -0.00059145 -0.000517518
 -0.00507368            0   0.00209197    0.0052909
  0.00059145  -0.00209197            0 -0.000811387
 0.000517518   -0.0052909  0.000811387            0
Repeater1[0]<--->HoM1[0]
REAL
    0.403338    0.0139592   0.00150454     0.330726
   0.0139592    0.0887807 -0.000109831   0.00574183
  0.00150454 -0.000109831    0.0913306  0.000986458
    0.330726   0.00574183  0.000986458     0.416551
IMAGINARY
           0  -0.00167929   0.00152536   0.00625251
  0.00167929            0  -0.00411432  -0.00334189
 -0.00152536   0.00411432            0  0.000998089
 -0.00625251   0.00334189 -0.000998089            0
EndNode1[0]<--->Repeater1[0]
REAL
    0.411712   -0.0097066   -0.0116904     0.328684
  -0.0097066    0.0921171 -0.000467378   -0.0104315
  -0.0116904 -0.000467378    0.0849099  -0.00948076
    0.328684   -0.0104315  -0.00948076     0.411261
IMAGINARY
           0   0.00477232  -0.00371463 -0.000363658
 -0.00477232            0   0.00631738  -0.00244413
  0.00371463  -0.00631738            0  0.000245931
 0.000363658   0.00244413 -0.000245931            0
EndNode2[0]<--->HoM1[0]
REAL
   0.409112 -0.00419634 0.000575888    0.331463
-0.00419634   0.0865385 -0.00198034 -0.00684651
0.000575888 -0.00198034   0.0849359  0.00518644
   0.331463 -0.00684651  0.00518644    0.419414
IMAGINARY
           0   0.00482611  0.000544161  -0.00297671
 -0.00482611            0   0.00553248   0.00199279
-0.000544161  -0.00553248            0   -0.0115545
  0.00297671  -0.00199279    0.0115545            0
Repeater1[0]<--->EndNode1[0]
REAL
    0.411712   -0.0116904   -0.0097066     0.328684
  -0.0116904    0.0849099 -0.000467378  -0.00948076
  -0.0097066 -0.000467378    0.0921171   -0.0104315
    0.328684  -0.00948076   -0.0104315     0.411261
IMAGINARY
           0  -0.00371463   0.00477232 -0.000363658
  0.00371463            0  -0.00631738  0.000245931
 -0.00477232   0.00631738            0  -0.00244413
 0.000363658 -0.000245931   0.00244413            0
Repeater1[0]<--->HoM1[0]
REAL
   0.409112 0.000575888 -0.00419634    0.331463
0.000575888   0.0849359 -0.00198034  0.00518644
-0.00419634 -0.00198034   0.0865385 -0.00684651
   0.331463  0.00518644 -0.00684651    0.419414
IMAGINARY
           0  0.000544161   0.00482611  -0.00297671
-0.000544161            0  -0.00553248   -0.0115545
 -0.00482611   0.00553248            0   0.00199279
  0.00297671    0.0115545  -0.00199279            0
EndNode1[0]<--->Repeater1[0]
REAL
   0.406151   0.0035638 -0.00642681    0.322337
  0.0035638   0.0915875 -0.00480401   0.0103304
-0.00642681 -0.00480401   0.0872908  0.00390887
   0.322337   0.0103304  0.00390887    0.414971
IMAGINARY
          0   -0.002206    0.011027  0.00149798
   0.002206           0  0.00572584  0.00392539
  -0.011027 -0.00572584           0  0.00288565
-0.00149798 -0.00392539 -0.00288565           0
EndNode2[0]<--->HoM1[0]
REAL
   0.416283 -0.00457128  0.00166179    0.322797
-0.00457128   0.0809568  0.00176812 -0.00545136
 0.00166179  0.00176812   0.0857866  0.00590877
   0.322797 -0.00545136  0.00590877    0.416973
IMAGINARY
           0   0.00029288   0.00230484  -0.00927761
 -0.00029288            0   0.00156466  0.000156008
 -0.00230484  -0.00156466            0  -0.00185888
  0.00927761 -0.000156008   0.00185888            0
Repeater1[0]<--->EndNode1[0]
REAL
   0.406151 -0.00642681   0.0035638    0.322337
-0.00642681   0.0872908 -0.00480401  0.00390887
  0.0035638 -0.00480401   0.0915875   0.0103304
   0.322337  0.00390887   0.0103304    0.414971
IMAGINARY
          0    0.011027   -0.002206  0.00149798
  -0.011027           0 -0.00572584  0.00288565
   0.002206  0.00572584           0  0.00392539
-0.00149798 -0.00288565 -0.00392539           0
Repeater1[0]<--->HoM1[0]
REAL
   0.416283  0.00166179 -0.00457128    0.322797
 0.00166179   0.0857866  0.00176812  0.00590877
-0.00457128  0.00176812   0.0809568 -0.00545136
   0.322797  0.00590877 -0.00545136    0.416973
IMAGINARY
           0   0.00230484   0.00029288  -0.00927761
 -0.00230484            0  -0.00156466  -0.00185888
 -0.00029288   0.00156466            0  0.000156008
  0.00927761   0.00185888 -0.000156008            0
EndNode1[0]<--->Repeater1[0]
REAL
   0.413824 0.000185761 -0.00518065     0.33003
0.000185761   0.0914052  0.00017181  0.00861787
-0.00518065  0.00017181   0.0814006  0.00164742
    0.33003  0.00861787  0.00164742     0.41337
IMAGINARY
          0 -0.00333067 -0.00472601   0.0127628
 0.00333067           0 -0.00922141 -0.00392528
 0.00472601  0.00922141           0  0.00155605
 -0.0127628  0.00392528 -0.00155605           0
EndNode2[0]<--->HoM1[0]
REAL
   0.416354 -0.00110178  0.00550162    0.323241
-0.00110178   0.0848619 -0.00146357  0.00461431
 0.00550162 -0.00146357   0.0877348   0.0116724
   0.323241  0.00461431   0.0116724     0.41105
IMAGINARY
           0   -0.0175088  -0.00453081  -0.00515231
   0.0175088            0  -0.00446738     0.012024
  0.00453081   0.00446738            0 -0.000883586
  0.00515231    -0.012024  0.000883586            0
Repeater1[0]<--->EndNode1[0]
REAL
   0.413824 -0.00518065 0.000185761     0.33003
-0.00518065   0.0814006  0.00017181  0.00164742
0.000185761  0.00017181   0.0914052  0.00861787
    0.33003  0.00164742  0.00861787     0.41337
IMAGINARY
          0 -0.00472601 -0.00333067   0.0127628
 0.00472601           0  0.00922141  0.00155605
 0.00333067 -0.00922141           0 -0.00392528
 -0.0127628 -0.00155605  0.00392528           0
Repeater1[0]<--->HoM1[0]
REAL
   0.416354  0.00550162 -0.00110178    0.323241
 0.00550162   0.0877348 -0.00146357   0.0116724
-0.00110178 -0.00146357   0.0848619  0.00461431
   0.323241   0.0116724  0.00461431     0.41105
IMAGINARY
           0  -0.00453081   -0.0175088  -0.00515231
  0.00453081            0   0.00446738 -0.000883586
   0.0175088  -0.00446738            0     0.012024
  0.00515231  0.000883586    -0.012024            0
EndNode1[0]<--->Repeater1[0]
REAL
   0.406022 -0.00113624  0.00215285    0.333653
-0.00113624   0.0885544  0.00311796 -0.00148021
 0.00215285  0.00311796   0.0881116  0.00449947
   0.333653 -0.00148021  0.00449947    0.417312
IMAGINARY
           0    0.0078057  -0.00141884   0.00396981
  -0.0078057            0   0.00797872  0.000284541
  0.00141884  -0.00797872            0  -0.00190733
 -0.00396981 -0.000284541   0.00190733            0
EndNode2[0]<--->HoM1[0]
REAL
    0.413622 -0.000808102  -0.00835677     0.321847
-0.000808102    0.0872801   0.00252283  0.000434435
 -0.00835677   0.00252283    0.0913396  -0.00599841
    0.321847  0.000434435  -0.00599841     0.407758
IMAGINARY
          0 -0.00438942 -0.00767725 -0.00459818
 0.00438942           0 -0.00394201  0.00447944
 0.00767725  0.00394201           0 -0.00269144
 0.00459818 -0.00447944  0.00269144           0
Repeater1[0]<--->EndNode1[0]
REAL
   0.406022  0.00215285 -0.00113624    0.333653
 0.00215285   0.0881116  0.00311796  0.00449947
-0.00113624  0.00311796   0.0885544 -0.00148021
   0.333653  0.00449947 -0.00148021    0.417312
IMAGINARY
           0  -0.00141884    0.0078057   0.00396981
  0.00141884            0  -0.00797872  -0.00190733
  -0.0078057   0.00797872            0  0.000284541
 -0.00396981   0.00190733 -0.000284541            0
Repeater1[0]<--->HoM1[0]
REAL
    0.413622  -0.00835677 -0.000808102     0.321847
 -0.00835677    0.0913396   0.00252283  -0.00599841
-0.000808102   0.00252283    0.0872801  0.000434435
    0.321847  -0.00599841  0.000434435     0.407758
IMAGINARY
          0 -0.00767725 -0.00438942 -0.00459818
 0.00767725           0  0.00394201 -0.00269144
 0.00438942 -0.00394201           0  0.00447944
 0.00459818  0.00269144 -0.00447944           0
EndNode1[0]<--->Repeater1[0]
REAL
      0.401 -0.00394568 -0.00723898    0.319895
-0.00394568   0.0913844  0.00448987 -0.00528899
-0.00723898  0.00448987   0.0891112 -0.00746371
   0.319895 -0.00528899 -0.00746371    0.418504
IMAGINARY
           0    0.0061316 -0.000456526   0.00795444
  -0.0061316            0  -0.00150502   -0.0075116
 0.000456526   0.00150502            0   0.00759129
 -0.00795444    0.0075116  -0.00759129            0
EndNode2[0]<--->HoM1[0]
REAL
    0.411015     0.004812   0.00184918     0.321319
    0.004812    0.0851161 -7.72182e-05  8.39556e-05
  0.00184918 -7.72182e-05    0.0876195   -0.0015143
    0.321319  8.39556e-05   -0.0015143     0.416249
IMAGINARY
          0 -0.00389116  0.00124535 -0.00385296
 0.00389116           0 -0.00328671   0.0014745
-0.00124535  0.00328671           0 -0.00200186
 0.00385296  -0.0014745  0.00200186           0
Repeater1[0]<--->EndNode1[0]
REAL
      0.401 -0.00723898 -0.00394568    0.319895
-0.00723898   0.0891112  0.00448987 -0.00746371
-0.00394568  0.00448987   0.0913844 -0.00528899
   0.319895 -0.00746371 -0.00528899    0.418504
IMAGINARY
           0 -0.000456526    0.0061316   0.00795444
 0.000456526            0   0.00150502   0.00759129
  -0.0061316  -0.00150502            0   -0.0075116
 -0.00795444  -0.00759129    0.0075116            0
Repeater1[0]<--->HoM1[0]
REAL
    0.411015   0.00184918     0.004812     0.321319
  0.00184918    0.0876195 -7.72182e-05   -0.0015143
    0.004812 -7.72182e-05    0.0851161  8.39556e-05
    0.321319   -0.0015143  8.39556e-05     0.416249
IMAGINARY
          0  0.00124535 -0.00389116 -0.00385296
-0.00124535           0  0.00328671 -0.00200186
 0.00389116 -0.00328671           0   0.0014745
 0.00385296  0.00200186  -0.0014745           0
EndNode1[0]<--->Repeater1[0]
REAL
    0.425077   0.00049003   0.00140499     0.326674
  0.00049003    0.0850595  -0.00330317 -5.66725e-05
  0.00140499  -0.00330317    0.0885853   0.00445379
    0.326674 -5.66725e-05   0.00445379     0.401278
IMAGINARY
          0  0.00171864 -0.00608861 -0.00143906
-0.00171864           0 -0.00516788  0.00448678
 0.00608861  0.00516788           0 -0.00217631
 0.00143906 -0.00448678  0.00217631           0
EndNode2[0]<--->HoM1[0]
REAL
   0.404622 -0.00230876 -0.00316734     0.32282
-0.00230876   0.0908473  0.00320626   0.0060669
-0.00316734  0.00320626   0.0881287  0.00520832
    0.32282   0.0060669  0.00520832    0.416402
IMAGINARY
          0 -0.00843522  0.00127416  0.00406149
 0.00843522           0  0.00483531  0.00260868
-0.00127416 -0.00483531           0  0.00388674
-0.00406149 -0.00260868 -0.00388674           0
Repeater1[0]<--->EndNode1[0]
REAL
    0.425077   0.00140499   0.00049003     0.326674
  0.00140499    0.0885853  -0.00330317   0.00445379
  0.00049003  -0.00330317    0.0850595 -5.66725e-05
    0.326674   0.00445379 -5.66725e-05     0.401278
IMAGINARY
          0 -0.00608861  0.00171864 -0.00143906
 0.00608861           0  0.00516788 -0.00217631
-0.00171864 -0.00516788           0  0.00448678
 0.00143906  0.00217631 -0.00448678           0
Repeater1[0]<--->HoM1[0]
REAL
   0.404622 -0.00316734 -0.00230876     0.32282
-0.00316734   0.0881287  0.00320626  0.00520832
-0.00230876  0.00320626   0.0908473   0.0060669
    0.32282  0.00520832   0.0060669    0.416402
IMAGINARY
          0  0.00127416 -0.00843522  0.00406149
-0.00127416           0 -0.00483531  0.00388674
 0.00843522  0.00483531           0  0.00260868
-0.00406149 -0.00388674 -0.00260868           0
EndNode1[0]<--->Repeater1[0]
REAL
    0.417707   -0.0107286    0.0011908     0.325145
  -0.0107286    0.0892061  -0.00325557  0.000282122
   0.0011908  -0.00325557    0.0860839 -0.000488216
    0.325145  0.000282122 -0.000488216     0.407003
IMAGINARY
          0  0.00032811  0.00305855  0.00699634
-0.00032811           0  0.00710883 -0.00592618
-0.00305855 -0.00710883           0  0.00253952
-0.00699634  0.00592618 -0.00253952           0
EndNode2[0]<--->HoM1[0]
REAL
   0.416922   0.0113782 -0.00269286    0.322145
  0.0113782   0.0848273  0.00366304 -0.00200574
-0.00269286  0.00366304   0.0863577  0.00409282
   0.322145 -0.00200574  0.00409282    0.411893
IMAGINARY
          0  0.00262161  0.00451493  0.00295837
-0.00262161           0 -0.00318139  0.00131566
-0.00451493  0.00318139           0 -0.00427177
-0.00295837 -0.00131566  0.00427177           0
Repeater1[0]<--->EndNode1[0]
REAL
    0.417707    0.0011908   -0.0107286     0.325145
   0.0011908    0.0860839  -0.00325557 -0.000488216
  -0.0107286  -0.00325557    0.0892061  0.000282122
    0.325145 -0.000488216  0.000282122     0.407003
IMAGINARY
          0  0.00305855  0.00032811  0.00699634
-0.00305855           0 -0.00710883  0.00253952
-0.00032811  0.00710883           0 -0.00592618
-0.00699634 -0.00253952  0.00592618           0
Repeater1[0]<--->HoM1[0]
REAL
   0.416922 -0.00269286   0.0113782    0.322145
-0.00269286   0.0863577  0.00366304  0.00409282
  0.0113782  0.00366304   0.0848273 -0.00200574
   0.322145  0.00409282 -0.00200574    0.411893
IMAGINARY
          0  0.00451493  0.00262161  0.00295837
-0.00451493           0  0.00318139 -0.00427177
-0.00262161 -0.00318139           0  0.00131566
-0.00295837  0.00427177 -0.00131566           0
EndNode1[0]<--->Repeater1[0]
REAL
   0.409399   0.0050833 -0.00668175    0.330624
  0.0050833   0.0878897  0.00259595 -0.00135174
-0.00668175  0.00259595   0.0842747 -0.00610163
   0.330624 -0.00135174 -0.00610163    0.418437
IMAGINARY
           0   -0.0111931  0.000280175     0.003484
   0.0111931            0   0.00203278   0.00502487
-0.000280175  -0.00203278            0 -0.000301128
   -0.003484  -0.00502487  0.000301128            0
EndNode2[0]<--->HoM1[0]
REAL
   0.421341   0.0089941  0.00573778    0.328307
  0.0089941   0.0839033 -0.00597454   0.0134756
 0.00573778 -0.00597454   0.0825353  0.00479433
   0.328307   0.0134756  0.00479433    0.412221
IMAGINARY
           0  -0.00839984   0.00685341   0.00112159
  0.00839984            0  0.000549903    0.0016829
 -0.00685341 -0.000549903            0   0.00259515
 -0.00112159   -0.0016829  -0.00259515            0
Repeater1[0]<--->EndNode1[0]
REAL
   0.409399 -0.00668175   0.0050833    0.330624
-0.00668175   0.0842747  0.00259595 -0.00610163
  0.0050833  0.00259595   0.0878897 -0.00135174
   0.330624 -0.00610163 -0.00135174    0.418437
IMAGINARY
           0  0.000280175   -0.0111931     0.003484
-0.000280175            0  -0.00203278 -0.000301128
   0.0111931   0.00203278            0   0.00502487
   -0.003484  0.000301128  -0.00502487            0
Repeater1[0]<--->HoM1[0]
REAL
   0.421341  0.00573778   0.0089941    0.328307
 0.00573778   0.0825353 -0.00597454  0.00479433
  0.0089941 -0.00597454   0.0839033   0.0134756
   0.328307  0.00479433   0.0134756    0.412221
IMAGINARY
           0   0.00685341  -0.00839984   0.00112159
 -0.00685341            0 -0.000549903   0.00259515
  0.00839984  0.000549903            0    0.0016829
 -0.00112159  -0.00259515   -0.0016829            0
EndNode1[0]<--->Repeater1[0]
REAL
   0.415901  0.00283733 0.000632238    0.328137
 0.00283733   0.0819709 -0.00140867 -0.00224514
0.000632238 -0.00140867   0.0826428 -0.00260692
   0.328137 -0.00224514 -0.00260692    0.419485
IMAGINARY
          0 -0.00117942 -0.00442111  0.00467263
 0.00117942           0 -0.00211991  0.00146657
 0.00442111  0.00211991           0  0.00458851
-0.00467263 -0.00146657 -0.00458851           0
EndNode2[0]<--->HoM1[0]
REAL
   0.403552 -0.00434453  0.00377915    0.328386
-0.00434453   0.0879047  0.00122019 -0.00355554
 0.00377915  0.00122019   0.0917266 0.000990321
   0.328386 -0.00355554 0.000990321    0.416817
IMAGINARY
           0   0.00643766  -0.00328231   0.00577861
 -0.00643766            0  -0.00343747  0.000349099
  0.00328231   0.00343747            0   0.00191072
 -0.00577861 -0.000349099  -0.00191072            0
Repeater1[0]<--->EndNode1[0]
REAL
   0.415901 0.000632238  0.00283733    0.328137
0.000632238   0.0826428 -0.00140867 -0.00260692
 0.00283733 -0.00140867   0.0819709 -0.00224514
   0.328137 -0.00260692 -0.00224514    0.419485
IMAGINARY
          0 -0.00442111 -0.00117942  0.00467263
 0.00442111           0  0.00211991  0.00458851
 0.00117942 -0.00211991           0  0.00146657
-0.00467263 -0.00458851 -0.00146657           0
Repeater1[0]<--->HoM1[0]
REAL
   0.403552  0.00377915 -0.00434453    0.328386
 0.00377915   0.0917266  0.00122019 0.000990321
-0.00434453  0.00122019   0.0879047 -0.00355554
   0.328386 0.000990321 -0.00355554    0.416817
IMAGINARY
           0  -0.00328231   0.00643766   0.00577861
  0.00328231            0   0.00343747   0.00191072
 -0.00643766  -0.00343747            0  0.000349099
 -0.00577861  -0.00191072 -0.000349099            0
EndNode1[0]<--->Repeater1[0]
REAL
  0.426179 0.00819861  0.0126298   0.322471
0.00819861  0.0804319 0.00516981 0.00444778
 0.0126298 0.00516981  0.0921111 0.00978375
  0.322471 0.00444778 0.00978375   0.401278
IMAGINARY
           0  -0.00440364   0.00497917   0.00563095
  0.00440364            0  -0.00448783 -0.000586284
 -0.00497917   0.00448783            0     0.004291
 -0.00563095  0.000586284    -0.004291            0
EndNode2[0]<--->HoM1[0]
REAL
   0.405586  0.00216854  0.00424658    0.327367
 0.00216854   0.0886427 -0.00049077  0.00892588
 0.00424658 -0.00049077   0.0918744   -0.002722
   0.327367  0.00892588   -0.002722    0.413897
IMAGINARY
           0   0.00114414  -0.00585511  -0.00374606
 -0.00114414            0 -0.000521687 -0.000445524
  0.00585511  0.000521687            0   0.00268125
  0.00374606  0.000445524  -0.00268125            0
Repeater1[0]<--->EndNode1[0]
REAL
  0.426179  0.0126298 0.00819861   0.322471
 0.0126298  0.0921111 0.00516981 0.00978375
0.00819861 0.00516981  0.0804319 0.00444778
  0.322471 0.00978375 0.00444778   0.401278
IMAGINARY
           0   0.00497917  -0.00440364   0.00563095
 -0.00497917            0   0.00448783     0.004291
  0.00440364  -0.00448783            0 -0.000586284
 -0.00563095    -0.004291  0.000586284            0
Repeater1[0]<--->HoM1[0]
REAL
   0.405586  0.00424658  0.00216854    0.327367
 0.00424658   0.0918744 -0.00049077   -0.002722
 0.00216854 -0.00049077   0.0886427  0.00892588
   0.327367   -0.002722  0.00892588    0.413897
IMAGINARY
           0  -0.00585511   0.00114414  -0.00374606
  0.00585511            0  0.000521687   0.00268125
 -0.00114414 -0.000521687            0 -0.000445524
  0.00374606  -0.00268125  0.000445524            0
EndNode1[0]<--->Repeater1[0]
REAL
    0.408616   0.00194143  -0.00466872     0.330589
  0.00194143    0.0937772  -0.00596935 -0.000956689
 -0.00466872  -0.00596935    0.0855091    0.0045664
    0.330589 -0.000956689    0.0045664     0.412097
IMAGINARY
           0  -0.00597029   0.00594668  1.41016e-05
  0.00597029            0  -0.00369961  0.000996184
 -0.00594668   0.00369961            0   0.00312486
-1.41016e-05 -0.000996184  -0.00312486            0
EndNode2[0]<--->HoM1[0]
REAL
    0.413964  -0.00119219   0.00044264     0.326838
 -0.00119219    0.0903153 -0.000693524  -0.00244353
  0.00044264 -0.000693524    0.0833333  0.000525232
    0.326838  -0.00244353  0.000525232     0.412387
IMAGINARY
          0 -0.00230114   0.0110757  0.00187197
 0.00230114           0  0.00699447 -0.00400186
 -0.0110757 -0.00699447           0 -0.00028139
-0.00187197  0.00400186  0.00028139           0
Repeater1[0]<--->EndNode1[0]
REAL
    0.408616  -0.00466872   0.00194143     0.330589
 -0.00466872    0.0855091  -0.00596935    0.0045664
  0.00194143  -0.00596935    0.0937772 -0.000956689
    0.330589    0.0045664 -0.000956689     0.412097
IMAGINARY
           0   0.00594668  -0.00597029  1.41016e-05
 -0.00594668            0   0.00369961   0.00312486
  0.00597029  -0.00369961            0  0.000996184
-1.41016e-05  -0.00312486 -0.000996184            0
Repeater1[0]<--->HoM1[0]
REAL
    0.413964   0.00044264  -0.00119219     0.326838
  0.00044264    0.0833333 -0.000693524  0.000525232
 -0.00119219 -0.000693524    0.0903153  -0.00244353
    0.326838  0.000525232  -0.00244353     0.412387
IMAGINARY
          0   0.0110757 -0.00230114  0.00187197
 -0.0110757           0 -0.00699447 -0.00028139
 0.00230114  0.00699447           0 -0.00400186
-0.00187197  0.00028139  0.00400186           0
EndNode1[0]<--->Repeater1[0]
REAL
   0.396268 -0.00436314 0.000445214    0.329496
-0.00436314    0.086406  0.00162904  0.00123904
0.000445214  0.00162904   0.0950689 -0.00113877
   0.329496  0.00123904 -0.00113877    0.422257
IMAGINARY
          0  0.00197666  0.00515721  0.00749695
-0.00197666           0 -0.00212061 -0.00436553
-0.00515721  0.00212061           0  0.00243411
-0.00749695  0.00436553 -0.00243411           0
EndNode2[0]<--->HoM1[0]
REAL
    0.412986 -0.000680612   0.00149464     0.327119
-0.000680612     0.092042   0.00459928   0.00313091
  0.00149464   0.00459928    0.0887626  -0.00614758
    0.327119   0.00313091  -0.00614758     0.406209
IMAGINARY
          0  0.00397396 -0.00358438 -0.00457298
-0.00397396           0  0.00219903  0.00726331
 0.00358438 -0.00219903           0 -0.00453137
 0.00457298 -0.00726331  0.00453137           0
Repeater1[0]<--->EndNode1[0]
REAL
   0.396268 0.000445214 -0.00436314    0.329496
0.000445214   0.0950689  0.00162904 -0.00113877
-0.00436314  0.00162904    0.086406  0.00123904
   0.329496 -0.00113877  0.00123904    0.422257
IMAGINARY
          0  0.00515721  0.00197666  0.00749695
-0.00515721           0  0.00212061  0.00243411
-0.00197666 -0.00212061           0 -0.00436553
-0.00749695 -0.00243411  0.00436553           0
Repeater1[0]<--->HoM1[0]
REAL
    0.412986   0.00149464 -0.000680612     0.327119
  0.00149464    0.0887626   0.00459928  -0.00614758
-0.000680612   0.00459928     0.092042   0.00313091
    0.327119  -0.00614758   0.00313091     0.406209
IMAGINARY
          0 -0.00358438  0.00397396 -0.00457298
 0.00358438           0 -0.00219903 -0.00453137
-0.00397396  0.00219903           0  0.00726331
 0.00457298  0.00453137 -0.00726331           0
EndNode1[0]<--->Repeater1[0]
REAL
    0.407151  -0.00744923  -0.00498014     0.327244
 -0.00744923    0.0896089  0.000831232 -0.000964076
 -0.00498014  0.000831232    0.0936313   -0.0044392
    0.327244 -0.000964076   -0.0044392     0.409609
IMAGINARY
          0 -0.00573704  0.00226667  0.00520584
 0.00573704           0   -0.002636  0.00442723
-0.00226667    0.002636           0 -0.00345289
-0.00520584 -0.00442723  0.00345289           0
EndNode2[0]<--->HoM1[0]
REAL
    0.413048   -0.0090061 -0.000106419     0.323517
  -0.0090061     0.084391   0.00571824   0.00261097
-0.000106419   0.00571824    0.0875084   0.00194781
    0.323517   0.00261097   0.00194781     0.415052
IMAGINARY
          0  0.00106249  0.00432978  0.00372931
-0.00106249           0  0.00327476  0.00232801
-0.00432978 -0.00327476           0 -0.00394753
-0.00372931 -0.00232801  0.00394753           0
Repeater1[0]<--->EndNode1[0]
REAL
    0.407151  -0.00498014  -0.00744923     0.327244
 -0.00498014    0.0936313  0.000831232   -0.0044392
 -0.00744923  0.000831232    0.0896089 -0.000964076
    0.327244   -0.0044392 -0.000964076     0.409609
IMAGINARY
          0  0.00226667 -0.00573704  0.00520584
-0.00226667           0    0.002636 -0.00345289
 0.00573704   -0.002636           0  0.00442723
-0.00520584  0.00345289 -0.00442723           0
Repeater1[0]<--->HoM1[0]
REAL
    0.413048 -0.000106419   -0.0090061     0.323517
-0.000106419    0.0875084   0.00571824   0.00194781
  -0.0090061   0.00571824     0.084391   0.00261097
    0.323517   0.00194781   0.00261097     0.415052
IMAGINARY
          0  0.00432978  0.00106249  0.00372931
-0.00432978           0 -0.00327476 -0.00394753
-0.00106249  0.00327476           0  0.00232801
-0.00372931  0.00394753 -0.00232801           0
EndNode1[0]<--->Repeater1[0]
REAL
    0.408957  -0.00260424 -0.000961603     0.321825
 -0.00260424    0.0904773   0.00426199  5.58059e-05
-0.000961603   0.00426199    0.0864058   0.00215134
    0.321825  5.58059e-05   0.00215134      0.41416
IMAGINARY
           0   0.00496342  -0.00207606    0.0032203
 -0.00496342            0 -0.000144433 -7.96053e-05
  0.00207606  0.000144433            0 -8.48183e-05
  -0.0032203  7.96053e-05  8.48183e-05            0
EndNode2[0]<--->HoM1[0]
REAL
   0.407886 -0.00169731   0.0040549    0.329446
-0.00169731   0.0866563  -0.0034741  0.00462451
  0.0040549  -0.0034741   0.0882156 -0.00192826
   0.329446  0.00462451 -0.00192826    0.417242
IMAGINARY
           0  -0.00148997   -0.0126053  0.000263631
  0.00148997            0  -0.00698593  0.000783638
   0.0126053   0.00698593            0    0.0101592
-0.000263631 -0.000783638   -0.0101592            0
Repeater1[0]<--->EndNode1[0]
REAL
    0.408957 -0.000961603  -0.00260424     0.321825
-0.000961603    0.0864058   0.00426199   0.00215134
 -0.00260424   0.00426199    0.0904773  5.58059e-05
    0.321825   0.00215134  5.58059e-05      0.41416
IMAGINARY
           0  -0.00207606   0.00496342    0.0032203
  0.00207606            0  0.000144433 -8.48183e-05
 -0.00496342 -0.000144433            0 -7.96053e-05
  -0.0032203  8.48183e-05  7.96053e-05            0
Repeater1[0]<--->HoM1[0]
REAL
   0.407886   0.0040549 -0.00169731    0.329446
  0.0040549   0.0882156  -0.0034741 -0.00192826
-0.00169731  -0.0034741   0.0866563  0.00462451
   0.329446 -0.00192826  0.00462451    0.417242
IMAGINARY
           0   -0.0126053  -0.00148997  0.000263631
   0.0126053            0   0.00698593    0.0101592
  0.00148997  -0.00698593            0  0.000783638
-0.000263631   -0.0101592 -0.000783638            0
EndNode1[0]<--->Repeater1[0]
REAL
   0.415519 -0.00244608  0.00250162    0.317762
-0.00244608    0.100551 -0.00232941  0.00205698
 0.00250162 -0.00232941   0.0819559  0.00211252
   0.317762  0.00205698  0.00211252    0.401974
IMAGINARY
          0 -0.00440027  0.00238039 -0.00563089
 0.00440027           0    0.001331  0.00652372
-0.00238039   -0.001331           0 -0.00861343
 0.00563089 -0.00652372  0.00861343           0
EndNode2[0]<--->HoM1[0]
REAL
   0.404362  0.00439821    0.003442    0.319476
 0.00439821   0.0865516  0.00137919  0.00457939
   0.003442  0.00137919   0.0874602 5.81217e-05
   0.319476  0.00457939 5.81217e-05    0.421627
IMAGINARY
          0 -0.00478845  0.00437534 -0.00334303
 0.00478845           0  0.00188268  0.00551068
-0.00437534 -0.00188268           0   0.0111853
 0.00334303 -0.00551068  -0.0111853           0
Repeater1[0]<--->EndNode1[0]
REAL
   0.415519  0.00250162 -0.00244608    0.317762
 0.00250162   0.0819559 -0.00232941  0.00211252
-0.00244608 -0.00232941    0.100551  0.00205698
   0.317762  0.00211252  0.00205698    0.401974
IMAGINARY
          0  0.00238039 -0.00440027 -0.00563089
-0.00238039           0   -0.001331 -0.00861343
 0.00440027    0.001331           0  0.00652372
 0.00563089  0.00861343 -0.00652372           0
Repeater1[0]<--->HoM1[0]
REAL
   0.404362    0.003442  0.00439821    0.319476
   0.003442   0.0874602  0.00137919 5.81217e-05
 0.00439821  0.00137919   0.0865516  0.00457939
   0.319476 5.81217e-05  0.00457939    0.421627
IMAGINARY
          0  0.00437534 -0.00478845 -0.00334303
-0.00437534           0 -0.00188268   0.0111853
 0.00478845  0.00188268           0  0.00551068
 0.00334303  -0.0111853 -0.00551068           0
EndNode1[0]<--->Repeater1[0]
REAL
    0.411791   0.00165184  0.000783815     0.322256
  0.00165184    0.0869565 -0.000424554 -0.000332755
 0.000783815 -0.000424554    0.0915092   0.00872254
    0.322256 -0.000332755   0.00872254     0.409743
IMAGINARY
          0  0.00115314 -0.00168517   0.0125318
-0.00115314           0  0.00373286  0.00386158
 0.00168517 -0.00373286           0  0.00354331
 -0.0125318 -0.00386158 -0.00354331           0
EndNode2[0]<--->HoM1[0]
REAL
   0.420498 -0.00477997 -0.00183251    0.322212
-0.00477997   0.0832025 -0.00205846  0.00431783
-0.00183251 -0.00205846    0.083651  0.00771716
   0.322212  0.00431783  0.00771716    0.412649
IMAGINARY
           0    0.0064381  -0.00615435     0.014118
  -0.0064381            0 -0.000610652  -0.00312947
  0.00615435  0.000610652            0    0.0101401
   -0.014118   0.00312947   -0.0101401            0
Repeater1[0]<--->EndNode1[0]
REAL
    0.411791  0.000783815   0.00165184     0.322256
 0.000783815    0.0915092 -0.000424554   0.00872254
  0.00165184 -0.000424554    0.0869565 -0.000332755
    0.322256   0.00872254 -0.000332755     0.409743
IMAGINARY
          0 -0.00168517  0.00115314   0.0125318
 0.00168517           0 -0.00373286  0.00354331
-0.00115314  0.00373286           0  0.00386158
