EndNode1[0]<--->Repeater1[0]
REAL
  0.402062 0.00443989  -0.115218   0.299693
0.00443989  0.0927835 -0.0128074  0.0168574
 -0.115218 -0.0128074  0.0824742 -0.0372268
  0.299693  0.0168574 -0.0372268    0.42268
IMAGINARY
          0  0.00082672  -0.0125167   0.0209315
-0.00082672           0   0.0162586    0.048231
  0.0125167  -0.0162586           0  -0.0454696
 -0.0209315   -0.048231   0.0454696           0
EndNode2[0]<--->HoM1[0]
REAL
  0.415842  0.0441558 -0.0263596   0.336075
 0.0441558  0.0891089  0.0399583  0.0139629
-0.0263596  0.0399583  0.0693069  0.0012987
  0.336075  0.0139629  0.0012987   0.425743
IMAGINARY
          0   0.0185428  -0.0669631   0.0266564
 -0.0185428           0 -0.00970724  -0.0155612
  0.0669631  0.00970724           0 -0.00397971
 -0.0266564   0.0155612  0.00397971           0
Repeater1[0]<--->EndNode1[0]
REAL
  0.402062  -0.115218 0.00443989   0.299693
 -0.115218  0.0824742 -0.0128074 -0.0372268
0.00443989 -0.0128074  0.0927835  0.0168574
  0.299693 -0.0372268  0.0168574    0.42268
IMAGINARY
          0  -0.0125167  0.00082672   0.0209315
  0.0125167           0  -0.0162586  -0.0454696
-0.00082672   0.0162586           0    0.048231
 -0.0209315   0.0454696   -0.048231           0
Repeater1[0]<--->HoM1[0]
REAL
  0.415842 -0.0263596  0.0441558   0.336075
-0.0263596  0.0693069  0.0399583  0.0012987
 0.0441558  0.0399583  0.0891089  0.0139629
  0.336075  0.0012987  0.0139629   0.425743
IMAGINARY
          0  -0.0669631   0.0185428   0.0266564
  0.0669631           0  0.00970724 -0.00397971
 -0.0185428 -0.00970724           0  -0.0155612
 -0.0266564  0.00397971   0.0155612           0
EndNode1[0]<--->Repeater1[0]
REAL
   0.434783   0.0010088 -0.00510546    0.310345
  0.0010088    0.076087   0.0258621  -0.0293773
-0.00510546   0.0258621   0.0978261 -0.00962949
   0.310345  -0.0293773 -0.00962949    0.391304
IMAGINARY
          0  -0.0598659  -0.0556786  0.00189663
  0.0598659           0  -0.0244192  0.00395444
  0.0556786   0.0244192           0   0.0512452
-0.00189663 -0.00395444  -0.0512452           0
EndNode2[0]<--->HoM1[0]
REAL
  0.454545  0.0484064 0.00946528   0.366035
 0.0484064  0.0707071   0.039948  0.0631843
0.00946528   0.039948  0.0505051  0.0156961
  0.366035  0.0631843  0.0156961   0.424242
IMAGINARY
          0  -0.0464674   0.0223602   0.0713602
  0.0464674           0  0.00255285  0.00807453
 -0.0223602 -0.00255285           0   0.0160326
 -0.0713602 -0.00807453  -0.0160326           0
Repeater1[0]<--->EndNode1[0]
REAL
   0.434783 -0.00510546   0.0010088    0.310345
-0.00510546   0.0978261   0.0258621 -0.00962949
  0.0010088   0.0258621    0.076087  -0.0293773
   0.310345 -0.00962949  -0.0293773    0.391304
IMAGINARY
          0  -0.0556786  -0.0598659  0.00189663
  0.0556786           0   0.0244192   0.0512452
  0.0598659  -0.0244192           0  0.00395444
-0.00189663  -0.0512452 -0.00395444           0
Repeater1[0]<--->HoM1[0]
REAL
  0.454545 0.00946528  0.0484064   0.366035
0.00946528  0.0505051   0.039948  0.0156961
 0.0484064   0.039948  0.0707071  0.0631843
  0.366035  0.0156961  0.0631843   0.424242
IMAGINARY
          0   0.0223602  -0.0464674   0.0713602
 -0.0223602           0 -0.00255285   0.0160326
  0.0464674  0.00255285           0  0.00807453
 -0.0713602  -0.0160326 -0.00807453           0
EndNode1[0]<--->Repeater1[0]
REAL
   0.42623  0.0257117 -0.0325215   0.350105
 0.0257117  0.0491803  0.0387841   0.037572
-0.0325215  0.0387841  0.0737705  0.0298439
  0.350105   0.037572  0.0298439    0.45082
IMAGINARY
           0    0.0132543   -0.0242469 -0.000181422
  -0.0132543            0   -0.0190493   -0.0417908
   0.0242469    0.0190493            0    0.0339155
 0.000181422    0.0417908   -0.0339155            0
EndNode2[0]<--->HoM1[0]
REAL
   0.435897  -0.0553668 -0.00373641    0.333208
 -0.0553668   0.0683761  -0.0288606  -0.0506114
-0.00373641  -0.0288606   0.0769231   0.0227582
   0.333208  -0.0506114   0.0227582    0.418803
IMAGINARY
          0   0.0683552  -0.0153083 -0.00357143
 -0.0683552           0  -0.0464286   0.0210554
  0.0153083   0.0464286           0  -0.0511138
 0.00357143  -0.0210554   0.0511138           0
Repeater1[0]<--->EndNode1[0]
REAL
   0.42623 -0.0325215  0.0257117   0.350105
-0.0325215  0.0737705  0.0387841  0.0298439
 0.0257117  0.0387841  0.0491803   0.037572
  0.350105  0.0298439   0.037572    0.45082
IMAGINARY
           0   -0.0242469    0.0132543 -0.000181422
   0.0242469            0    0.0190493    0.0339155
  -0.0132543   -0.0190493            0   -0.0417908
 0.000181422   -0.0339155    0.0417908            0
Repeater1[0]<--->HoM1[0]
REAL
   0.435897 -0.00373641  -0.0553668    0.333208
-0.00373641   0.0769231  -0.0288606   0.0227582
 -0.0553668  -0.0288606   0.0683761  -0.0506114
   0.333208   0.0227582  -0.0506114    0.418803
IMAGINARY
          0  -0.0153083   0.0683552 -0.00357143
  0.0153083           0   0.0464286  -0.0511138
 -0.0683552  -0.0464286           0   0.0210554
 0.00357143   0.0511138  -0.0210554           0
EndNode1[0]<--->Repeater1[0]
REAL
  0.481132  0.0190498 -0.0483193   0.299513
 0.0190498  0.0660377  -0.030995  0.0483193
-0.0483193  -0.030995   0.103774  0.0272465
  0.299513  0.0483193  0.0272465   0.349057
IMAGINARY
         0 -0.0247175  0.0122322  0.0396825
 0.0247175          0   0.015873  0.0216661
-0.0122322  -0.015873          0  0.0586158
-0.0396825 -0.0216661 -0.0586158          0
EndNode2[0]<--->HoM1[0]
REAL
    0.41129  -0.0121185  -0.0185414    0.325401
 -0.0121185    0.112903 -0.00187166    0.022743
 -0.0185414 -0.00187166   0.0725806   0.0247236
   0.325401    0.022743   0.0247236    0.403226
IMAGINARY
           0  0.000924499   -0.0455654  -0.00668678
-0.000924499            0   -0.0109603  -0.00898004
   0.0455654    0.0109603            0    0.0263482
  0.00668678   0.00898004   -0.0263482            0
Repeater1[0]<--->EndNode1[0]
REAL
  0.481132 -0.0483193  0.0190498   0.299513
-0.0483193   0.103774  -0.030995  0.0272465
 0.0190498  -0.030995  0.0660377  0.0483193
  0.299513  0.0272465  0.0483193   0.349057
IMAGINARY
         0  0.0122322 -0.0247175  0.0396825
-0.0122322          0  -0.015873  0.0586158
 0.0247175   0.015873          0  0.0216661
-0.0396825 -0.0586158 -0.0216661          0
Repeater1[0]<--->HoM1[0]
REAL
    0.41129  -0.0185414  -0.0121185    0.325401
 -0.0185414   0.0725806 -0.00187166   0.0247236
 -0.0121185 -0.00187166    0.112903    0.022743
   0.325401   0.0247236    0.022743    0.403226
IMAGINARY
           0   -0.0455654  0.000924499  -0.00668678
   0.0455654            0    0.0109603    0.0263482
-0.000924499   -0.0109603            0  -0.00898004
  0.00668678   -0.0263482   0.00898004            0
EndNode1[0]<--->Repeater1[0]
REAL
  0.391304 0.00256389  0.0042752   0.328894
0.00256389   0.104348  0.0122274 -0.0276397
 0.0042752  0.0122274  0.0869565 -0.0726573
  0.328894 -0.0276397 -0.0726573   0.417391
IMAGINARY
          0   0.0211207   0.0214286   0.0207562
 -0.0211207           0  -0.0428801  0.00357143
 -0.0214286   0.0428801           0  0.00387931
 -0.0207562 -0.00357143 -0.00387931           0
EndNode2[0]<--->HoM1[0]
REAL
  0.407692 -0.0350877  0.0550285   0.288306
-0.0350877  0.0846154  0.0254194 -0.0256167
 0.0550285  0.0254194  0.0692308  0.0350877
  0.288306 -0.0256167  0.0350877   0.438462
IMAGINARY
         0 -0.0188513  0.0308882  0.0309184
 0.0188513          0  0.0609184  0.0155036
-0.0308882 -0.0609184          0  0.0240059
-0.0309184 -0.0155036 -0.0240059          0
Repeater1[0]<--->EndNode1[0]
REAL
  0.391304  0.0042752 0.00256389   0.328894
 0.0042752  0.0869565  0.0122274 -0.0726573
0.00256389  0.0122274   0.104348 -0.0276397
  0.328894 -0.0726573 -0.0276397   0.417391
IMAGINARY
          0   0.0214286   0.0211207   0.0207562
 -0.0214286           0   0.0428801  0.00387931
 -0.0211207  -0.0428801           0  0.00357143
 -0.0207562 -0.00387931 -0.00357143           0
Repeater1[0]<--->HoM1[0]
REAL
  0.407692  0.0550285 -0.0350877   0.288306
 0.0550285  0.0692308  0.0254194  0.0350877
-0.0350877  0.0254194  0.0846154 -0.0256167
  0.288306  0.0350877 -0.0256167   0.438462
IMAGINARY
         0  0.0308882 -0.0188513  0.0309184
-0.0308882          0 -0.0609184  0.0240059
 0.0188513  0.0609184          0  0.0155036
-0.0309184 -0.0240059 -0.0155036          0
EndNode1[0]<--->Repeater1[0]
REAL
   0.46281 -0.0201034 -0.0635836   0.390798
-0.0201034  0.0661157  0.0412407 -0.0189407
-0.0635836  0.0412407  0.0247934 -0.0527121
  0.390798 -0.0189407 -0.0527121   0.446281
IMAGINARY
          0  -0.0122225  -0.0195851  0.00615038
  0.0122225           0  -0.0253812  -0.0113884
  0.0195851   0.0253812           0   0.0697447
-0.00615038   0.0113884  -0.0697447           0
EndNode2[0]<--->HoM1[0]
REAL
    0.45283  -0.0438889 -0.00408497     0.30632
 -0.0438889   0.0943396  -0.0285423  -0.0236928
-0.00408497  -0.0285423   0.0754717   0.0161111
    0.30632  -0.0236928   0.0161111    0.377358
IMAGINARY
          0 -0.00956015  -0.0350653  -0.0361745
 0.00956015           0  -0.0485712 -0.00621912
  0.0350653   0.0485712           0   0.0324959
  0.0361745  0.00621912  -0.0324959           0
Repeater1[0]<--->EndNode1[0]
REAL
   0.46281 -0.0635836 -0.0201034   0.390798
-0.0635836  0.0247934  0.0412407 -0.0527121
-0.0201034  0.0412407  0.0661157 -0.0189407
  0.390798 -0.0527121 -0.0189407   0.446281
IMAGINARY
          0  -0.0195851  -0.0122225  0.00615038
  0.0195851           0   0.0253812   0.0697447
  0.0122225  -0.0253812           0  -0.0113884
-0.00615038  -0.0697447   0.0113884           0
Repeater1[0]<--->HoM1[0]
REAL
    0.45283 -0.00408497  -0.0438889     0.30632
-0.00408497   0.0754717  -0.0285423   0.0161111
 -0.0438889  -0.0285423   0.0943396  -0.0236928
    0.30632   0.0161111  -0.0236928    0.377358
IMAGINARY
          0  -0.0350653 -0.00956015  -0.0361745
  0.0350653           0   0.0485712   0.0324959
 0.00956015  -0.0485712           0 -0.00621912
  0.0361745  -0.0324959  0.00621912           0
EndNode1[0]<--->Repeater1[0]
REAL
  0.412281 0.00469388   -0.01324   0.359809
0.00469388  0.0614035 -0.0230741 -0.0173722
  -0.01324 -0.0230741   0.114035 -0.0353061
  0.359809 -0.0173722 -0.0353061   0.412281
IMAGINARY
          0   0.0317382   0.0195946  -0.0774845
 -0.0317382           0  -0.0296584  0.00292793
 -0.0195946   0.0296584           0  0.00880238
  0.0774845 -0.00292793 -0.00880238           0
EndNode2[0]<--->HoM1[0]
REAL
 0.349515 0.0426958 0.0346242  0.306316
0.0426958 0.0679612 0.0377208 0.0250088
0.0346242 0.0377208 0.0970874 0.0811574
 0.306316 0.0250088 0.0811574  0.485437
IMAGINARY
          0   0.0210222  -0.0336195 -0.00134526
 -0.0210222           0  -0.0177387   0.0294873
  0.0336195   0.0177387           0   0.0161679
 0.00134526  -0.0294873  -0.0161679           0
Repeater1[0]<--->EndNode1[0]
REAL
  0.412281   -0.01324 0.00469388   0.359809
  -0.01324   0.114035 -0.0230741 -0.0353061
0.00469388 -0.0230741  0.0614035 -0.0173722
  0.359809 -0.0353061 -0.0173722   0.412281
IMAGINARY
          0   0.0195946   0.0317382  -0.0774845
 -0.0195946           0   0.0296584  0.00880238
 -0.0317382  -0.0296584           0  0.00292793
  0.0774845 -0.00880238 -0.00292793           0
Repeater1[0]<--->HoM1[0]
REAL
 0.349515 0.0346242 0.0426958  0.306316
0.0346242 0.0970874 0.0377208 0.0811574
0.0426958 0.0377208 0.0679612 0.0250088
 0.306316 0.0811574 0.0250088  0.485437
IMAGINARY
          0  -0.0336195   0.0210222 -0.00134526
  0.0336195           0   0.0177387   0.0161679
 -0.0210222  -0.0177387           0   0.0294873
 0.00134526  -0.0161679  -0.0294873           0
EndNode1[0]<--->Repeater1[0]
REAL
   0.410526  0.00885668 0.000457666    0.335609
 0.00885668   0.0631579   0.0339562 -0.00480549
0.000457666   0.0339562   0.0947368  -0.0392915
   0.335609 -0.00480549  -0.0392915    0.431579
IMAGINARY
           0 -0.000538987    0.0356101  -0.00974263
 0.000538987            0   -0.0407161   -0.0232134
  -0.0356101    0.0407161            0    0.0212001
  0.00974263    0.0232134   -0.0212001            0
EndNode2[0]<--->HoM1[0]
REAL
  0.354331  0.0386967 -0.0207256   0.319886
 0.0386967  0.0866142 0.00738636  0.0389074
-0.0207256 0.00738636  0.0787402  0.0431215
  0.319886  0.0389074  0.0431215   0.480315
IMAGINARY
         0 -0.0431548  0.0354167  0.0269115
 0.0431548          0  -0.022638    0.06875
-0.0354167   0.022638          0 -0.0610119
-0.0269115   -0.06875  0.0610119          0
Repeater1[0]<--->EndNode1[0]
REAL
   0.410526 0.000457666  0.00885668    0.335609
0.000457666   0.0947368   0.0339562  -0.0392915
 0.00885668   0.0339562   0.0631579 -0.00480549
   0.335609  -0.0392915 -0.00480549    0.431579
IMAGINARY
           0    0.0356101 -0.000538987  -0.00974263
  -0.0356101            0    0.0407161    0.0212001
 0.000538987   -0.0407161            0   -0.0232134
  0.00974263   -0.0212001    0.0232134            0
Repeater1[0]<--->HoM1[0]
REAL
  0.354331 -0.0207256  0.0386967   0.319886
-0.0207256  0.0787402 0.00738636  0.0431215
 0.0386967 0.00738636  0.0866142  0.0389074
  0.319886  0.0431215  0.0389074   0.480315
IMAGINARY
         0  0.0354167 -0.0431548  0.0269115
-0.0354167          0   0.022638 -0.0610119
 0.0431548  -0.022638          0    0.06875
-0.0269115  0.0610119   -0.06875          0
EndNode1[0]<--->Repeater1[0]
REAL
  0.435644  0.0310133  0.0379215   0.332391
 0.0310133   0.039604 0.00831695 -0.0157976
 0.0379215 0.00831695  0.0990099  0.0265088
  0.332391 -0.0157976  0.0265088   0.425743
IMAGINARY
          0   0.0455026    0.030838   0.0470962
 -0.0455026           0  0.00245335 -0.00306026
  -0.030838 -0.00245335           0  -0.0640212
 -0.0470962  0.00306026   0.0640212           0
EndNode2[0]<--->HoM1[0]
REAL
  0.448598 0.00271792 -0.0102985   0.287931
0.00271792  0.0934579 0.00414771   0.015249
-0.0102985 0.00414771  0.0747664  0.0517375
  0.287931   0.015249  0.0517375   0.383178
IMAGINARY
          0 -0.00795183   0.0248567  -0.0425035
 0.00795183           0  -0.0376492  0.00667486
 -0.0248567   0.0376492           0   0.0124563
  0.0425035 -0.00667486  -0.0124563           0
Repeater1[0]<--->EndNode1[0]
REAL
  0.435644  0.0379215  0.0310133   0.332391
 0.0379215  0.0990099 0.00831695  0.0265088
 0.0310133 0.00831695   0.039604 -0.0157976
  0.332391  0.0265088 -0.0157976   0.425743
IMAGINARY
          0    0.030838   0.0455026   0.0470962
  -0.030838           0 -0.00245335  -0.0640212
 -0.0455026  0.00245335           0 -0.00306026
 -0.0470962   0.0640212  0.00306026           0
Repeater1[0]<--->HoM1[0]
REAL
  0.448598 -0.0102985 0.00271792   0.287931
-0.0102985  0.0747664 0.00414771  0.0517375
0.00271792 0.00414771  0.0934579   0.015249
  0.287931  0.0517375   0.015249   0.383178
IMAGINARY
          0   0.0248567 -0.00795183  -0.0425035
 -0.0248567           0   0.0376492   0.0124563
 0.00795183  -0.0376492           0  0.00667486
  0.0425035  -0.0124563 -0.00667486           0
EndNode1[0]<--->Repeater1[0]
REAL
  0.386139  0.0370037  0.0476868   0.277256
 0.0370037   0.118812  0.0272556 -0.0288898
 0.0476868  0.0272556  0.0693069 -0.0332443
  0.277256 -0.0288898 -0.0332443   0.425743
IMAGINARY
         0  0.0354775 -0.0107186 -0.0366554
-0.0354775          0 -0.0264514 -0.0151434
 0.0107186  0.0264514          0  0.0162467
 0.0366554  0.0151434 -0.0162467          0
EndNode2[0]<--->HoM1[0]
REAL
  0.336283 0.00210084 -0.0273306   0.377218
0.00210084   0.132743 -0.0116713  0.0147255
-0.0273306 -0.0116713   0.106195 0.00210084
  0.377218  0.0147255 0.00210084   0.424779
IMAGINARY
          0  -0.0176768  -0.0174183  -0.0353635
  0.0176768           0  -0.0493822  0.00226676
  0.0174183   0.0493822           0  -0.0176768
  0.0353635 -0.00226676   0.0176768           0
Repeater1[0]<--->EndNode1[0]
REAL
  0.386139  0.0476868  0.0370037   0.277256
 0.0476868  0.0693069  0.0272556 -0.0332443
 0.0370037  0.0272556   0.118812 -0.0288898
  0.277256 -0.0332443 -0.0288898   0.425743
IMAGINARY
         0 -0.0107186  0.0354775 -0.0366554
 0.0107186          0  0.0264514  0.0162467
-0.0354775 -0.0264514          0 -0.0151434
 0.0366554 -0.0162467  0.0151434          0
Repeater1[0]<--->HoM1[0]
REAL
  0.336283 -0.0273306 0.00210084   0.377218
-0.0273306   0.106195 -0.0116713 0.00210084
0.00210084 -0.0116713   0.132743  0.0147255
  0.377218 0.00210084  0.0147255   0.424779
IMAGINARY
          0  -0.0174183  -0.0176768  -0.0353635
  0.0174183           0   0.0493822  -0.0176768
  0.0176768  -0.0493822           0  0.00226676
  0.0353635   0.0176768 -0.00226676           0
EndNode1[0]<--->Repeater1[0]
REAL
  0.425743 -0.0161641  0.0568182    0.34145
-0.0161641   0.049505 -0.0156926 -0.0265152
 0.0568182 -0.0156926  0.0990099 0.00858836
   0.34145 -0.0265152 0.00858836   0.425743
IMAGINARY
         0 -0.0776291  0.0668067  0.0234114
 0.0776291          0 -0.0342809  0.0382353
-0.0668067  0.0342809          0  0.0146039
-0.0234114 -0.0382353 -0.0146039          0
EndNode2[0]<--->HoM1[0]
REAL
  0.481132  0.0192308 0.00427928   0.332407
 0.0192308  0.0188679  0.0175926 -0.0542793
0.00427928  0.0175926  0.0660377 -0.0192308
  0.332407 -0.0542793 -0.0192308   0.433962
IMAGINARY
         0  0.0128205 -0.0138889  0.0132668
-0.0128205          0 -0.0314486 -0.0138889
 0.0138889  0.0314486          0  0.0705128
-0.0132668  0.0138889 -0.0705128          0
Repeater1[0]<--->EndNode1[0]
REAL
  0.425743  0.0568182 -0.0161641    0.34145
 0.0568182  0.0990099 -0.0156926 0.00858836
-0.0161641 -0.0156926   0.049505 -0.0265152
   0.34145 0.00858836 -0.0265152   0.425743
IMAGINARY
         0  0.0668067 -0.0776291  0.0234114
-0.0668067          0  0.0342809  0.0146039
 0.0776291 -0.0342809          0  0.0382353
-0.0234114 -0.0146039 -0.0382353          0
Repeater1[0]<--->HoM1[0]
REAL
  0.481132 0.00427928  0.0192308   0.332407
0.00427928  0.0660377  0.0175926 -0.0192308
 0.0192308  0.0175926  0.0188679 -0.0542793
  0.332407 -0.0192308 -0.0542793   0.433962
IMAGINARY
         0 -0.0138889  0.0128205  0.0132668
 0.0138889          0  0.0314486  0.0705128
-0.0128205 -0.0314486          0 -0.0138889
-0.0132668 -0.0705128  0.0138889          0
EndNode1[0]<--->Repeater1[0]
REAL
  0.378788 -0.0195789 -0.0172932   0.328365
-0.0195789   0.151515 -0.0388915  0.0541353
-0.0172932 -0.0388915  0.0833333  0.0564211
  0.328365  0.0541353  0.0564211   0.386364
IMAGINARY
          0  -0.0199115   0.0413266  -0.0277594
  0.0199115           0   0.0598695  0.00734599
 -0.0413266  -0.0598695           0  -0.0199115
  0.0277594 -0.00734599   0.0199115           0
EndNode2[0]<--->HoM1[0]
REAL
   0.455446  -0.0165323  -0.0127815    0.312644
 -0.0165323   0.0891089   0.0180012 -0.00334753
 -0.0127815   0.0180012   0.0990099  0.00846774
   0.312644 -0.00334753  0.00846774    0.356436
IMAGINARY
          0  0.00229247 -0.00127551   0.0278125
-0.00229247           0   0.0121875   0.0191327
 0.00127551  -0.0121875           0   -0.011221
 -0.0278125  -0.0191327    0.011221           0
Repeater1[0]<--->EndNode1[0]
REAL
  0.378788 -0.0172932 -0.0195789   0.328365
-0.0172932  0.0833333 -0.0388915  0.0564211
-0.0195789 -0.0388915   0.151515  0.0541353
  0.328365  0.0564211  0.0541353   0.386364
IMAGINARY
          0   0.0413266  -0.0199115  -0.0277594
 -0.0413266           0  -0.0598695  -0.0199115
  0.0199115   0.0598695           0  0.00734599
  0.0277594   0.0199115 -0.00734599           0
Repeater1[0]<--->HoM1[0]
REAL
   0.455446  -0.0127815  -0.0165323    0.312644
 -0.0127815   0.0990099   0.0180012  0.00846774
 -0.0165323   0.0180012   0.0891089 -0.00334753
   0.312644  0.00846774 -0.00334753    0.356436
IMAGINARY
          0 -0.00127551  0.00229247   0.0278125
 0.00127551           0  -0.0121875   -0.011221
-0.00229247   0.0121875           0   0.0191327
 -0.0278125    0.011221  -0.0191327           0
EndNode1[0]<--->Repeater1[0]
REAL
  0.379845  0.0297863  0.0264894   0.312362
 0.0297863  0.0542636 -0.0254763  -0.010096
 0.0264894 -0.0254763   0.108527 0.00300059
  0.312362  -0.010096 0.00300059   0.457364
IMAGINARY
          0   -0.063593 -0.00200696       -0.02
   0.063593           0        0.03   0.0425475
 0.00200696       -0.03           0  0.00503445
       0.02  -0.0425475 -0.00503445           0
EndNode2[0]<--->HoM1[0]
REAL
   0.453782   0.0288234 -0.00257378    0.340528
  0.0288234   0.0588235   0.0424509  -0.0187028
-0.00257378   0.0424509     0.10084  -0.0181851
   0.340528  -0.0187028  -0.0181851    0.386555
IMAGINARY
          0   0.0339367   0.0316001   0.0552056
 -0.0339367           0  -0.0121021  -0.0412155
 -0.0316001   0.0121021           0  0.00452489
 -0.0552056   0.0412155 -0.00452489           0
Repeater1[0]<--->EndNode1[0]
REAL
  0.379845  0.0264894  0.0297863   0.312362
 0.0264894   0.108527 -0.0254763 0.00300059
 0.0297863 -0.0254763  0.0542636  -0.010096
  0.312362 0.00300059  -0.010096   0.457364
IMAGINARY
          0 -0.00200696   -0.063593       -0.02
 0.00200696           0       -0.03  0.00503445
   0.063593        0.03           0   0.0425475
       0.02 -0.00503445  -0.0425475           0
Repeater1[0]<--->HoM1[0]
REAL
   0.453782 -0.00257378   0.0288234    0.340528
-0.00257378     0.10084   0.0424509  -0.0181851
  0.0288234   0.0424509   0.0588235  -0.0187028
   0.340528  -0.0181851  -0.0187028    0.386555
IMAGINARY
          0   0.0316001   0.0339367   0.0552056
 -0.0316001           0   0.0121021  0.00452489
 -0.0339367  -0.0121021           0  -0.0412155
 -0.0552056 -0.00452489   0.0412155           0
EndNode1[0]<--->Repeater1[0]
REAL
   0.371134 -0.00118339    -0.01057    0.314619
-0.00118339   0.0515464  -0.0308354   0.0240835
   -0.01057  -0.0308354   0.0618557   0.0327149
   0.314619   0.0240835   0.0327149    0.515464
IMAGINARY
          0  -0.0218331   0.0363636   0.0347107
  0.0218331           0  -0.0471074           0
 -0.0363636   0.0471074           0 -0.00543964
 -0.0347107           0  0.00543964           0
EndNode2[0]<--->HoM1[0]
REAL
   0.513043   0.0117874  0.00220766    0.292216
  0.0117874   0.0869565 -0.00408035   0.0232161
 0.00220766 -0.00408035   0.0521739   0.0390601
   0.292216   0.0232161   0.0390601    0.347826
IMAGINARY
          0  0.00429894  -0.0143762   0.0248077
-0.00429894           0  -0.0151923  -0.0319201
  0.0143762   0.0151923           0  -0.0135582
 -0.0248077   0.0319201   0.0135582           0
Repeater1[0]<--->EndNode1[0]
REAL
   0.371134    -0.01057 -0.00118339    0.314619
   -0.01057   0.0618557  -0.0308354   0.0327149
-0.00118339  -0.0308354   0.0515464   0.0240835
   0.314619   0.0327149   0.0240835    0.515464
IMAGINARY
          0   0.0363636  -0.0218331   0.0347107
 -0.0363636           0   0.0471074 -0.00543964
  0.0218331  -0.0471074           0           0
 -0.0347107  0.00543964           0           0
Repeater1[0]<--->HoM1[0]
REAL
   0.513043  0.00220766   0.0117874    0.292216
 0.00220766   0.0521739 -0.00408035   0.0390601
  0.0117874 -0.00408035   0.0869565   0.0232161
   0.292216   0.0390601   0.0232161    0.347826
IMAGINARY
          0  -0.0143762  0.00429894   0.0248077
  0.0143762           0   0.0151923  -0.0135582
-0.00429894  -0.0151923           0  -0.0319201
 -0.0248077   0.0135582   0.0319201           0
EndNode1[0]<--->Repeater1[0]
REAL
   0.464912   0.0366249   0.0657404    0.279113
  0.0366249    0.122807 -0.00520034   0.0168683
  0.0657404 -0.00520034   0.0526316   0.0112012
   0.279113   0.0168683   0.0112012    0.359649
IMAGINARY
          0 -0.00059676  0.00529412  -0.0324536
 0.00059676           0 -0.00518084  -0.0347059
-0.00529412  0.00518084           0  -0.0484228
  0.0324536   0.0347059   0.0484228           0
EndNode2[0]<--->HoM1[0]
REAL
   0.429907   0.0237062  0.00946863    0.368344
  0.0237062    0.102804 -0.00768866  -0.0422555
 0.00946863 -0.00768866   0.0654206  -0.0155095
   0.368344  -0.0422555  -0.0155095    0.401869
IMAGINARY
          0  -0.0676264   -0.054444  -0.0238095
  0.0676264           0  0.00952381   0.0420473
   0.054444 -0.00952381           0   0.0882876
  0.0238095  -0.0420473  -0.0882876           0
Repeater1[0]<--->EndNode1[0]
REAL
   0.464912   0.0657404   0.0366249    0.279113
  0.0657404   0.0526316 -0.00520034   0.0112012
  0.0366249 -0.00520034    0.122807   0.0168683
   0.279113   0.0112012   0.0168683    0.359649
IMAGINARY
          0  0.00529412 -0.00059676  -0.0324536
-0.00529412           0  0.00518084  -0.0484228
 0.00059676 -0.00518084           0  -0.0347059
  0.0324536   0.0484228   0.0347059           0
Repeater1[0]<--->HoM1[0]
REAL
   0.429907  0.00946863   0.0237062    0.368344
 0.00946863   0.0654206 -0.00768866  -0.0155095
  0.0237062 -0.00768866    0.102804  -0.0422555
   0.368344  -0.0155095  -0.0422555    0.401869
IMAGINARY
          0   -0.054444  -0.0676264  -0.0238095
   0.054444           0 -0.00952381   0.0882876
  0.0676264  0.00952381           0   0.0420473
  0.0238095  -0.0882876  -0.0420473           0
EndNode1[0]<--->Repeater1[0]
REAL
   0.423423  -0.0277778   0.0413873    0.322134
 -0.0277778    0.153153 -0.00395257  -0.0161348
  0.0413873 -0.00395257   0.0810811  -0.0277778
   0.322134  -0.0161348  -0.0277778    0.342342
IMAGINARY
          0  0.00434783   0.0191304   0.0376157
-0.00434783           0   0.0271991  -0.0408696
 -0.0191304  -0.0271991           0  -0.0173913
 -0.0376157   0.0408696   0.0173913           0
EndNode2[0]<--->HoM1[0]
REAL
    0.396396     0.021188    0.0606443     0.330029
    0.021188    0.0720721   0.00190389  -0.00602241
   0.0606443   0.00190389    0.0720721 -0.000179559
    0.330029  -0.00602241 -0.000179559     0.459459
IMAGINARY
          0   0.0436001 -0.00566008  0.00909091
 -0.0436001           0  0.00909091   0.0759726
 0.00566008 -0.00909091           0  -0.0826626
-0.00909091  -0.0759726   0.0826626           0
Repeater1[0]<--->EndNode1[0]
REAL
   0.423423   0.0413873  -0.0277778    0.322134
  0.0413873   0.0810811 -0.00395257  -0.0277778
 -0.0277778 -0.00395257    0.153153  -0.0161348
   0.322134  -0.0277778  -0.0161348    0.342342
IMAGINARY
          0   0.0191304  0.00434783   0.0376157
 -0.0191304           0  -0.0271991  -0.0173913
-0.00434783   0.0271991           0  -0.0408696
 -0.0376157   0.0173913   0.0408696           0
Repeater1[0]<--->HoM1[0]
REAL
    0.396396    0.0606443     0.021188     0.330029
   0.0606443    0.0720721   0.00190389 -0.000179559
    0.021188   0.00190389    0.0720721  -0.00602241
    0.330029 -0.000179559  -0.00602241     0.459459
IMAGINARY
          0 -0.00566008   0.0436001  0.00909091
 0.00566008           0 -0.00909091  -0.0826626
 -0.0436001  0.00909091           0   0.0759726
-0.00909091   0.0826626  -0.0759726           0
EndNode1[0]<--->Repeater1[0]
REAL
  0.373913 -0.0085793  0.0285714   0.336403
-0.0085793  0.0695652 0.00169225 -0.0428571
 0.0285714 0.00169225  0.0782609 0.00381739
  0.336403 -0.0428571 0.00381739   0.478261
IMAGINARY
         0  0.0172603  0.0123229  0.0352064
-0.0172603          0 -0.0397936 -0.0412485
-0.0123229  0.0397936          0 -0.0048636
-0.0352064  0.0412485  0.0048636          0
EndNode2[0]<--->HoM1[0]
REAL
   0.352381  -0.0135365  -0.0350877    0.327124
 -0.0135365    0.104762 -0.00894188   0.0350877
 -0.0350877 -0.00894188   0.0761905   -0.041009
   0.327124   0.0350877   -0.041009    0.466667
IMAGINARY
         0  0.0158182 -0.0486759 -0.0169749
-0.0158182          0 -0.0114804 -0.0332913
 0.0486759  0.0114804          0  0.0333621
 0.0169749  0.0332913 -0.0333621          0
Repeater1[0]<--->EndNode1[0]
REAL
  0.373913  0.0285714 -0.0085793   0.336403
 0.0285714  0.0782609 0.00169225 0.00381739
-0.0085793 0.00169225  0.0695652 -0.0428571
  0.336403 0.00381739 -0.0428571   0.478261
IMAGINARY
         0  0.0123229  0.0172603  0.0352064
-0.0123229          0  0.0397936 -0.0048636
-0.0172603 -0.0397936          0 -0.0412485
-0.0352064  0.0048636  0.0412485          0
Repeater1[0]<--->HoM1[0]
REAL
   0.352381  -0.0350877  -0.0135365    0.327124
 -0.0350877   0.0761905 -0.00894188   -0.041009
 -0.0135365 -0.00894188    0.104762   0.0350877
   0.327124   -0.041009   0.0350877    0.466667
IMAGINARY
         0 -0.0486759  0.0158182 -0.0169749
 0.0486759          0  0.0114804  0.0333621
-0.0158182 -0.0114804          0 -0.0332913
 0.0169749 -0.0333621  0.0332913          0
EndNode1[0]<--->Repeater1[0]
REAL
 0.401961 0.0509109 0.0732382  0.383876
0.0509109 0.0686275 0.0108605 0.0478145
0.0732382 0.0108605 0.0490196 0.0701417
 0.383876 0.0478145 0.0701417  0.480392
IMAGINARY
          0 -0.00625763  -0.0302579 -0.00422213
 0.00625763           0   -0.014026   0.0143849
  0.0302579    0.014026           0  -0.0254884
 0.00422213  -0.0143849   0.0254884           0
EndNode2[0]<--->HoM1[0]
REAL
  0.357143  0.0182971 -0.0268115   0.296387
 0.0182971   0.102041  0.0443209  -0.021861
-0.0268115  0.0443209  0.0816327 -0.0492705
  0.296387  -0.021861 -0.0492705   0.459184
IMAGINARY
          0  0.00206612 -0.00822974   0.0233193
-0.00206612           0   0.0733193  -0.0124314
 0.00822974  -0.0733193           0  0.00206612
 -0.0233193   0.0124314 -0.00206612           0
Repeater1[0]<--->EndNode1[0]
REAL
 0.401961 0.0732382 0.0509109  0.383876
0.0732382 0.0490196 0.0108605 0.0701417
0.0509109 0.0108605 0.0686275 0.0478145
 0.383876 0.0701417 0.0478145  0.480392
IMAGINARY
          0  -0.0302579 -0.00625763 -0.00422213
  0.0302579           0    0.014026  -0.0254884
 0.00625763   -0.014026           0   0.0143849
 0.00422213   0.0254884  -0.0143849           0
Repeater1[0]<--->HoM1[0]
REAL
  0.357143 -0.0268115  0.0182971   0.296387
-0.0268115  0.0816327  0.0443209 -0.0492705
 0.0182971  0.0443209   0.102041  -0.021861
  0.296387 -0.0492705  -0.021861   0.459184
IMAGINARY
          0 -0.00822974  0.00206612   0.0233193
 0.00822974           0  -0.0733193  0.00206612
-0.00206612   0.0733193           0  -0.0124314
 -0.0233193 -0.00206612   0.0124314           0
EndNode1[0]<--->Repeater1[0]
REAL
   0.446429   0.0261905  0.00965251    0.343779
  0.0261905   0.0982143 -0.00568356    0.014157
 0.00965251 -0.00568356   0.0714286   0.0261905
   0.343779    0.014157   0.0261905    0.383929
IMAGINARY
          0   0.0178876  -0.0461281  -0.0101959
 -0.0178876           0   0.0019992  0.00849372
  0.0461281  -0.0019992           0   0.0412521
  0.0101959 -0.00849372  -0.0412521           0
EndNode2[0]<--->HoM1[0]
REAL
   0.45045 -0.0453384 0.00715755   0.329793
-0.0453384  0.0990991 -0.0022069 -0.0157782
0.00715755 -0.0022069   0.117117  0.0194764
  0.329793 -0.0157782  0.0194764   0.333333
IMAGINARY
          0  -0.0232593  -0.0362963   0.0592105
  0.0232593           0 -0.00921053   0.0562963
  0.0362963  0.00921053           0 -0.00474074
 -0.0592105  -0.0562963  0.00474074           0
Repeater1[0]<--->EndNode1[0]
REAL
   0.446429  0.00965251   0.0261905    0.343779
 0.00965251   0.0714286 -0.00568356   0.0261905
  0.0261905 -0.00568356   0.0982143    0.014157
   0.343779   0.0261905    0.014157    0.383929
IMAGINARY
          0  -0.0461281   0.0178876  -0.0101959
  0.0461281           0  -0.0019992   0.0412521
 -0.0178876   0.0019992           0  0.00849372
  0.0101959  -0.0412521 -0.00849372           0
Repeater1[0]<--->HoM1[0]
REAL
   0.45045 0.00715755 -0.0453384   0.329793
0.00715755   0.117117 -0.0022069  0.0194764
-0.0453384 -0.0022069  0.0990991 -0.0157782
  0.329793  0.0194764 -0.0157782   0.333333
IMAGINARY
          0  -0.0362963  -0.0232593   0.0592105
  0.0362963           0  0.00921053 -0.00474074
  0.0232593 -0.00921053           0   0.0562963
 -0.0592105  0.00474074  -0.0562963           0
EndNode1[0]<--->Repeater1[0]
REAL
  0.389381  -0.019127  0.0151167   0.346602
 -0.019127  0.0707965  0.0466019  -0.019971
 0.0151167  0.0466019  0.0707965 -0.0148535
  0.346602  -0.019971 -0.0148535   0.469027
IMAGINARY
          0   0.0195455   0.0142527 -0.00714286
 -0.0195455           0  0.00714286   0.0312018
 -0.0142527 -0.00714286           0  -0.0104545
 0.00714286  -0.0312018   0.0104545           0
EndNode2[0]<--->HoM1[0]
REAL
    0.40625  -0.0193316  -0.0650858    0.354072
 -0.0193316       0.125 -0.00451417  0.00756372
 -0.0650858 -0.00451417    0.078125  -0.0824384
   0.354072  0.00756372  -0.0824384    0.390625
IMAGINARY
          0   0.0488058 -0.00519481  -0.0356481
 -0.0488058           0   0.0106481 -0.00995671
 0.00519481  -0.0106481           0  0.00674974
  0.0356481  0.00995671 -0.00674974           0
Repeater1[0]<--->EndNode1[0]
REAL
  0.389381  0.0151167  -0.019127   0.346602
 0.0151167  0.0707965  0.0466019 -0.0148535
 -0.019127  0.0466019  0.0707965  -0.019971
  0.346602 -0.0148535  -0.019971   0.469027
IMAGINARY
          0   0.0142527   0.0195455 -0.00714286
 -0.0142527           0 -0.00714286  -0.0104545
 -0.0195455  0.00714286           0   0.0312018
 0.00714286   0.0104545  -0.0312018           0
Repeater1[0]<--->HoM1[0]
REAL
    0.40625  -0.0650858  -0.0193316    0.354072
 -0.0650858    0.078125 -0.00451417  -0.0824384
 -0.0193316 -0.00451417       0.125  0.00756372
   0.354072  -0.0824384  0.00756372    0.390625
IMAGINARY
          0 -0.00519481   0.0488058  -0.0356481
 0.00519481           0  -0.0106481  0.00674974
 -0.0488058   0.0106481           0 -0.00995671
  0.0356481 -0.00674974  0.00995671           0
EndNode1[0]<--->Repeater1[0]
REAL
    0.445455   -0.0567851 -0.000369959     0.309966
  -0.0567851    0.0909091    0.0429754   -0.0192379
-0.000369959    0.0429754     0.118182    0.0273733
    0.309966   -0.0192379    0.0273733     0.345455
IMAGINARY
          0   0.0266572  0.00197771  -0.0319406
 -0.0266572           0   0.0226813  -0.0165408
-0.00197771  -0.0226813           0   -0.050929
  0.0319406   0.0165408    0.050929           0
EndNode2[0]<--->HoM1[0]
REAL
   0.471698 -0.00839286   0.0191304    0.329414
-0.00839286   0.0471698 0.000585586   0.0408696
  0.0191304 0.000585586   0.0943396   0.0183929
   0.329414   0.0408696   0.0183929    0.386792
IMAGINARY
          0   0.0247568  -0.0214239    -0.01123
 -0.0247568           0  -0.0532861 -0.00109866
  0.0214239   0.0532861           0  -0.0112432
    0.01123  0.00109866   0.0112432           0
Repeater1[0]<--->EndNode1[0]
REAL
    0.445455 -0.000369959   -0.0567851     0.309966
-0.000369959     0.118182    0.0429754    0.0273733
  -0.0567851    0.0429754    0.0909091   -0.0192379
    0.309966    0.0273733   -0.0192379     0.345455
IMAGINARY
          0  0.00197771   0.0266572  -0.0319406
-0.00197771           0  -0.0226813   -0.050929
 -0.0266572   0.0226813           0  -0.0165408
  0.0319406    0.050929   0.0165408           0
Repeater1[0]<--->HoM1[0]
REAL
   0.471698   0.0191304 -0.00839286    0.329414
  0.0191304   0.0943396 0.000585586   0.0183929
-0.00839286 0.000585586   0.0471698   0.0408696
   0.329414   0.0183929   0.0408696    0.386792
IMAGINARY
          0  -0.0214239   0.0247568    -0.01123
  0.0214239           0   0.0532861  -0.0112432
 -0.0247568  -0.0532861           0 -0.00109866
    0.01123   0.0112432  0.00109866           0
EndNode1[0]<--->Repeater1[0]
REAL
  0.429752  0.0277009  0.0469697   0.323135
 0.0277009  0.0826446 0.00262238 -0.0166667
 0.0469697 0.00262238  0.0743802 -0.0201252
  0.323135 -0.0166667 -0.0201252   0.413223
IMAGINARY
          0  -0.0184919  -0.0177778 -0.00051036
  0.0184919           0   0.0252628  -0.0377778
  0.0177778  -0.0252628           0   0.0142184
 0.00051036   0.0377778  -0.0142184           0
EndNode2[0]<--->HoM1[0]
REAL
   0.382979   0.0374972   0.0184772    0.295923
  0.0374972   0.0744681   0.0171615 -0.00445854
  0.0184772   0.0171615   0.0851064  -0.0234785
   0.295923 -0.00445854  -0.0234785    0.457447
IMAGINARY
           0  -0.00450597    -0.016511   -0.0467993
  0.00450597            0    0.0144252    0.0297853
    0.016511   -0.0144252            0  8.11886e-05
   0.0467993   -0.0297853 -8.11886e-05            0
Repeater1[0]<--->EndNode1[0]
REAL
  0.429752  0.0469697  0.0277009   0.323135
 0.0469697  0.0743802 0.00262238 -0.0201252
 0.0277009 0.00262238  0.0826446 -0.0166667
  0.323135 -0.0201252 -0.0166667   0.413223
IMAGINARY
          0  -0.0177778  -0.0184919 -0.00051036
  0.0177778           0  -0.0252628   0.0142184
  0.0184919   0.0252628           0  -0.0377778
 0.00051036  -0.0142184   0.0377778           0
Repeater1[0]<--->HoM1[0]
REAL
   0.382979   0.0184772   0.0374972    0.295923
  0.0184772   0.0851064   0.0171615  -0.0234785
  0.0374972   0.0171615   0.0744681 -0.00445854
   0.295923  -0.0234785 -0.00445854    0.457447
IMAGINARY
           0    -0.016511  -0.00450597   -0.0467993
    0.016511            0   -0.0144252  8.11886e-05
  0.00450597    0.0144252            0    0.0297853
   0.0467993 -8.11886e-05   -0.0297853            0
EndNode1[0]<--->Repeater1[0]
REAL
   0.386364   -0.021714    -0.03502    0.322596
  -0.021714   0.0681818   0.0662932   0.0136525
   -0.03502   0.0662932   0.0681818 -0.00820051
   0.322596   0.0136525 -0.00820051    0.477273
IMAGINARY
           0    0.0252101   -0.0129397     0.034863
  -0.0252101            0    0.0215886  0.000334647
   0.0129397   -0.0215886            0  -0.00420168
   -0.034863 -0.000334647   0.00420168            0
EndNode2[0]<--->HoM1[0]
REAL
   0.416667   0.0145445  0.00205177    0.341356
  0.0145445   0.0916667 -0.00541835  -0.0333018
 0.00205177 -0.00541835   0.0833333 -0.00673205
   0.341356  -0.0333018 -0.00673205    0.408333
IMAGINARY
          0   0.0367712  -0.0126008  0.00403226
 -0.0367712           0 -0.00403226  -0.0438508
  0.0126008  0.00403226           0 -0.00451317
-0.00403226   0.0438508  0.00451317           0
Repeater1[0]<--->EndNode1[0]
REAL
   0.386364    -0.03502   -0.021714    0.322596
   -0.03502   0.0681818   0.0662932 -0.00820051
  -0.021714   0.0662932   0.0681818   0.0136525
   0.322596 -0.00820051   0.0136525    0.477273
IMAGINARY
           0   -0.0129397    0.0252101     0.034863
   0.0129397            0   -0.0215886  -0.00420168
  -0.0252101    0.0215886            0  0.000334647
   -0.034863   0.00420168 -0.000334647            0
Repeater1[0]<--->HoM1[0]
REAL
   0.416667  0.00205177   0.0145445    0.341356
 0.00205177   0.0833333 -0.00541835 -0.00673205
  0.0145445 -0.00541835   0.0916667  -0.0333018
   0.341356 -0.00673205  -0.0333018    0.408333
IMAGINARY
          0  -0.0126008   0.0367712  0.00403226
  0.0126008           0  0.00403226 -0.00451317
 -0.0367712 -0.00403226           0  -0.0438508
-0.00403226  0.00451317   0.0438508           0
EndNode1[0]<--->Repeater1[0]
REAL
  0.419048  0.0276636 -0.0150172   0.341597
 0.0276636  0.0952381 -0.0565507 -0.0363847
-0.0150172 -0.0565507   0.104762 -0.0323364
  0.341597 -0.0363847 -0.0323364   0.380952
IMAGINARY
          0   0.0577778  -0.0255267   0.0350467
 -0.0577778           0   0.0350467  -0.0392881
  0.0255267  -0.0350467           0 -0.00222222
 -0.0350467   0.0392881  0.00222222           0
EndNode2[0]<--->HoM1[0]
REAL
   0.45098 -0.0446429  0.0268589   0.316888
-0.0446429  0.0980392  0.0134692 -0.0715018
 0.0268589  0.0134692  0.0686275 -0.0267857
  0.316888 -0.0715018 -0.0267857   0.382353
IMAGINARY
          0  -0.0940171 -0.00158838   0.0464832
  0.0940171           0  -0.0131498    0.091332
 0.00158838   0.0131498           0  -0.0384615
 -0.0464832   -0.091332   0.0384615           0
Repeater1[0]<--->EndNode1[0]
REAL
  0.419048 -0.0150172  0.0276636   0.341597
-0.0150172   0.104762 -0.0565507 -0.0323364
 0.0276636 -0.0565507  0.0952381 -0.0363847
  0.341597 -0.0323364 -0.0363847   0.380952
IMAGINARY
          0  -0.0255267   0.0577778   0.0350467
  0.0255267           0  -0.0350467 -0.00222222
 -0.0577778   0.0350467           0  -0.0392881
 -0.0350467  0.00222222   0.0392881           0
Repeater1[0]<--->HoM1[0]
REAL
   0.45098  0.0268589 -0.0446429   0.316888
 0.0268589  0.0686275  0.0134692 -0.0267857
-0.0446429  0.0134692  0.0980392 -0.0715018
  0.316888 -0.0267857 -0.0715018   0.382353
IMAGINARY
          0 -0.00158838  -0.0940171   0.0464832
 0.00158838           0   0.0131498  -0.0384615
  0.0940171  -0.0131498           0    0.091332
 -0.0464832   0.0384615   -0.091332           0
EndNode1[0]<--->Repeater1[0]
REAL
       0.45 -0.00423472 -0.00812334    0.317529
