EndNode1[0]<--->Repeater1[0]
REAL
  0.451007 0.00641962 -0.0173906   0.334154
0.00641962  0.0912752 0.00579608  0.0149092
-0.0173906 0.00579608  0.0671141 -0.0175859
  0.334154  0.0149092 -0.0175859   0.390604
IMAGINARY
          0  -0.0219817  0.00757084  -0.0115654
  0.0219817           0  0.00971123   0.0148172
-0.00757084 -0.00971123           0 -0.00538146
  0.0115654  -0.0148172  0.00538146           0
EndNode2[0]<--->HoM1[0]
REAL
   0.409396  -0.0200208  -0.0377882    0.307342
 -0.0200208   0.0926174 0.000805614   0.0108499
 -0.0377882 0.000805614   0.0966443 0.000966889
   0.307342   0.0108499 0.000966889    0.401342
IMAGINARY
          0 -0.00704895  -0.0146221   0.0182963
 0.00704895           0 -0.00245341    0.010047
  0.0146221  0.00245341           0  0.00639535
 -0.0182963   -0.010047 -0.00639535           0
Repeater1[0]<--->EndNode1[0]
REAL
  0.451007 -0.0173906 0.00641962   0.334154
-0.0173906  0.0671141 0.00579608 -0.0175859
0.00641962 0.00579608  0.0912752  0.0149092
  0.334154 -0.0175859  0.0149092   0.390604
IMAGINARY
          0  0.00757084  -0.0219817  -0.0115654
-0.00757084           0 -0.00971123 -0.00538146
  0.0219817  0.00971123           0   0.0148172
  0.0115654  0.00538146  -0.0148172           0
Repeater1[0]<--->HoM1[0]
REAL
   0.409396  -0.0377882  -0.0200208    0.307342
 -0.0377882   0.0966443 0.000805614 0.000966889
 -0.0200208 0.000805614   0.0926174   0.0108499
   0.307342 0.000966889   0.0108499    0.401342
IMAGINARY
          0  -0.0146221 -0.00704895   0.0182963
  0.0146221           0  0.00245341  0.00639535
 0.00704895 -0.00245341           0    0.010047
 -0.0182963 -0.00639535   -0.010047           0
EndNode1[0]<--->Repeater1[0]
REAL
   0.416898 -0.00542653 -0.00447351    0.336984
-0.00542653   0.0720222   0.0109545   0.0147828
-0.00447351   0.0109545   0.0706371 -0.00230543
   0.336984   0.0147828 -0.00230543    0.440443
IMAGINARY
           0   0.00079781  5.03038e-06   0.00180046
 -0.00079781            0  -0.00933815   -0.0126212
-5.03038e-06   0.00933815            0   0.00517829
 -0.00180046    0.0126212  -0.00517829            0
EndNode2[0]<--->HoM1[0]
REAL
  0.416557  0.0108217 0.00458595   0.335786
 0.0108217  0.0696452 0.00521272 0.00395544
0.00458595 0.00521272  0.0854139 0.00954621
  0.335786 0.00395544 0.00954621   0.428384
IMAGINARY
          0 -0.00189817   -0.012193   0.0267859
 0.00189817           0 -0.00840824  0.00518665
   0.012193  0.00840824           0 -0.00256043
 -0.0267859 -0.00518665  0.00256043           0
Repeater1[0]<--->EndNode1[0]
REAL
   0.416898 -0.00447351 -0.00542653    0.336984
-0.00447351   0.0706371   0.0109545 -0.00230543
-0.00542653   0.0109545   0.0720222   0.0147828
   0.336984 -0.00230543   0.0147828    0.440443
IMAGINARY
           0  5.03038e-06   0.00079781   0.00180046
-5.03038e-06            0   0.00933815   0.00517829
 -0.00079781  -0.00933815            0   -0.0126212
 -0.00180046  -0.00517829    0.0126212            0
Repeater1[0]<--->HoM1[0]
REAL
  0.416557 0.00458595  0.0108217   0.335786
0.00458595  0.0854139 0.00521272 0.00954621
 0.0108217 0.00521272  0.0696452 0.00395544
  0.335786 0.00954621 0.00395544   0.428384
IMAGINARY
          0   -0.012193 -0.00189817   0.0267859
   0.012193           0  0.00840824 -0.00256043
 0.00189817 -0.00840824           0  0.00518665
 -0.0267859  0.00256043 -0.00518665           0
EndNode1[0]<--->Repeater1[0]
REAL
    0.41039 -0.00494591  0.00413183    0.327992
-0.00494591   0.0831169  0.00884333  -0.0183469
 0.00413183  0.00884333   0.0844156 -0.00432479
   0.327992  -0.0183469 -0.00432479    0.422078
IMAGINARY
           0   -0.0050811 -0.000906047   -0.0155896
   0.0050811            0  0.000283447   -0.0190408
 0.000906047 -0.000283447            0   0.00109174
   0.0155896    0.0190408  -0.00109174            0
EndNode2[0]<--->HoM1[0]
REAL
   0.423858 -0.00738044  0.00183656    0.329697
-0.00738044   0.0786802 -0.00918434    0.012266
 0.00183656 -0.00918434   0.0926396  0.00609838
   0.329697    0.012266  0.00609838    0.404822
IMAGINARY
          0  0.00550052  0.00283318 -0.00534912
-0.00550052           0  0.00218857   0.0191375
-0.00283318 -0.00218857           0  -0.0128241
 0.00534912  -0.0191375   0.0128241           0
Repeater1[0]<--->EndNode1[0]
REAL
    0.41039  0.00413183 -0.00494591    0.327992
 0.00413183   0.0844156  0.00884333 -0.00432479
-0.00494591  0.00884333   0.0831169  -0.0183469
   0.327992 -0.00432479  -0.0183469    0.422078
IMAGINARY
           0 -0.000906047   -0.0050811   -0.0155896
 0.000906047            0 -0.000283447   0.00109174
   0.0050811  0.000283447            0   -0.0190408
   0.0155896  -0.00109174    0.0190408            0
Repeater1[0]<--->HoM1[0]
REAL
   0.423858  0.00183656 -0.00738044    0.329697
 0.00183656   0.0926396 -0.00918434  0.00609838
-0.00738044 -0.00918434   0.0786802    0.012266
   0.329697  0.00609838    0.012266    0.404822
IMAGINARY
          0  0.00283318  0.00550052 -0.00534912
-0.00283318           0 -0.00218857  -0.0128241
-0.00550052  0.00218857           0   0.0191375
 0.00534912   0.0128241  -0.0191375           0
EndNode1[0]<--->Repeater1[0]
REAL
   0.422368    0.010259 -0.00331416     0.33032
   0.010259   0.0697368  0.00215443   0.0290874
-0.00331416  0.00215443   0.0868421 -0.00252702
    0.33032   0.0290874 -0.00252702    0.421053
IMAGINARY
          0   -0.021313  0.00299742  -0.0172502
   0.021313           0   0.0124655  -0.0236693
-0.00299742  -0.0124655           0    0.017437
  0.0172502   0.0236693   -0.017437           0
EndNode2[0]<--->HoM1[0]
REAL
   0.410923  0.00277435   -0.019204    0.312591
 0.00277435    0.106632   0.0177195  0.00236462
  -0.019204   0.0177195   0.0884265 -0.00277435
   0.312591  0.00236462 -0.00277435    0.394018
IMAGINARY
           0   0.00506275  -0.00884861   -0.0101311
 -0.00506275            0   -0.0187403  -0.00127285
  0.00884861    0.0187403            0 -0.000339407
   0.0101311   0.00127285  0.000339407            0
Repeater1[0]<--->EndNode1[0]
REAL
   0.422368 -0.00331416    0.010259     0.33032
-0.00331416   0.0868421  0.00215443 -0.00252702
   0.010259  0.00215443   0.0697368   0.0290874
    0.33032 -0.00252702   0.0290874    0.421053
IMAGINARY
          0  0.00299742   -0.021313  -0.0172502
-0.00299742           0  -0.0124655    0.017437
   0.021313   0.0124655           0  -0.0236693
  0.0172502   -0.017437   0.0236693           0
Repeater1[0]<--->HoM1[0]
REAL
   0.410923   -0.019204  0.00277435    0.312591
  -0.019204   0.0884265   0.0177195 -0.00277435
 0.00277435   0.0177195    0.106632  0.00236462
   0.312591 -0.00277435  0.00236462    0.394018
IMAGINARY
           0  -0.00884861   0.00506275   -0.0101311
  0.00884861            0    0.0187403 -0.000339407
 -0.00506275   -0.0187403            0  -0.00127285
   0.0101311  0.000339407   0.00127285            0
EndNode1[0]<--->Repeater1[0]
REAL
   0.397117 -0.00877193  -0.0097214    0.325752
-0.00877193   0.0760157 -0.00323015  -0.0129224
 -0.0097214 -0.00323015    0.095675  -0.0126479
   0.325752  -0.0129224  -0.0126479    0.431193
IMAGINARY
          0  -0.0123417 -0.00188775  -0.0129719
  0.0123417           0  -0.0206249  0.00710968
 0.00188775   0.0206249           0  -0.0046296
  0.0129719 -0.00710968   0.0046296           0
EndNode2[0]<--->HoM1[0]
REAL
    0.378788    -0.011011    0.0135792     0.341642
   -0.011011    0.0921717 -0.000789816   -0.0273637
   0.0135792 -0.000789816    0.0921717    0.0135173
    0.341642   -0.0273637    0.0135173     0.436869
IMAGINARY
         0  0.0131751  0.0124078  0.0121871
-0.0131751          0  0.0121871 -0.0148892
-0.0124078 -0.0121871          0 -0.0144158
-0.0121871  0.0148892  0.0144158          0
Repeater1[0]<--->EndNode1[0]
REAL
   0.397117  -0.0097214 -0.00877193    0.325752
 -0.0097214    0.095675 -0.00323015  -0.0126479
-0.00877193 -0.00323015   0.0760157  -0.0129224
   0.325752  -0.0126479  -0.0129224    0.431193
IMAGINARY
          0 -0.00188775  -0.0123417  -0.0129719
 0.00188775           0   0.0206249  -0.0046296
  0.0123417  -0.0206249           0  0.00710968
  0.0129719   0.0046296 -0.00710968           0
Repeater1[0]<--->HoM1[0]
REAL
    0.378788    0.0135792    -0.011011     0.341642
   0.0135792    0.0921717 -0.000789816    0.0135173
   -0.011011 -0.000789816    0.0921717   -0.0273637
    0.341642    0.0135173   -0.0273637     0.436869
IMAGINARY
         0  0.0124078  0.0131751  0.0121871
-0.0124078          0 -0.0121871 -0.0144158
-0.0131751  0.0121871          0 -0.0148892
-0.0121871  0.0144158  0.0148892          0
EndNode1[0]<--->Repeater1[0]
REAL
   0.407134   0.0217137 -0.00356063    0.314866
  0.0217137   0.0848708  0.00753788  -0.0141989
-0.00356063  0.00753788   0.0947109  -0.0121509
   0.314866  -0.0141989  -0.0121509    0.413284
IMAGINARY
           0  -0.00566521    0.0144416  0.000541021
  0.00566521            0   0.00570898    0.0162912
  -0.0144416  -0.00570898            0   -0.0286137
-0.000541021   -0.0162912    0.0286137            0
EndNode2[0]<--->HoM1[0]
REAL
   0.425756  -0.0109065   0.0106516    0.331024
 -0.0109065   0.0827858 -0.00339573  -0.0106516
  0.0106516 -0.00339573   0.0801577 -0.00254096
   0.331024  -0.0106516 -0.00254096    0.411301
IMAGINARY
          0   0.0147849 -0.00732995    0.010236
 -0.0147849           0   -0.016885  -0.0128787
 0.00732995    0.016885           0  0.00411992
  -0.010236   0.0128787 -0.00411992           0
Repeater1[0]<--->EndNode1[0]
REAL
   0.407134 -0.00356063   0.0217137    0.314866
-0.00356063   0.0947109  0.00753788  -0.0121509
  0.0217137  0.00753788   0.0848708  -0.0141989
   0.314866  -0.0121509  -0.0141989    0.413284
IMAGINARY
           0    0.0144416  -0.00566521  0.000541021
  -0.0144416            0  -0.00570898   -0.0286137
  0.00566521   0.00570898            0    0.0162912
-0.000541021    0.0286137   -0.0162912            0
Repeater1[0]<--->HoM1[0]
REAL
   0.425756   0.0106516  -0.0109065    0.331024
  0.0106516   0.0801577 -0.00339573 -0.00254096
 -0.0109065 -0.00339573   0.0827858  -0.0106516
   0.331024 -0.00254096  -0.0106516    0.411301
IMAGINARY
          0 -0.00732995   0.0147849    0.010236
 0.00732995           0    0.016885  0.00411992
 -0.0147849   -0.016885           0  -0.0128787
  -0.010236 -0.00411992   0.0128787           0
EndNode1[0]<--->Repeater1[0]
REAL
  0.420348   0.039895 0.00627006    0.33937
  0.039895  0.0896921 -0.0129029  0.0330558
0.00627006 -0.0129029  0.0883534  0.0256481
   0.33937  0.0330558  0.0256481   0.401606
IMAGINARY
          0  -0.0107323 -0.00441919 -0.00865708
  0.0107323           0 -0.00347574   0.0170455
 0.00441919  0.00347574           0 -0.00315657
 0.00865708  -0.0170455  0.00315657           0
EndNode2[0]<--->HoM1[0]
REAL
  0.400266  0.0252239  0.0356415   0.318081
 0.0252239  0.0917553 -0.0108829 0.00291895
 0.0356415 -0.0108829  0.0824468  0.0159072
  0.318081 0.00291895  0.0159072   0.425532
IMAGINARY
          0   0.0133251  -0.0196371   0.0226776
 -0.0133251           0   0.0193664  0.00902534
  0.0196371  -0.0193664           0  -0.0114525
 -0.0226776 -0.00902534   0.0114525           0
Repeater1[0]<--->EndNode1[0]
REAL
  0.420348 0.00627006   0.039895    0.33937
0.00627006  0.0883534 -0.0129029  0.0256481
  0.039895 -0.0129029  0.0896921  0.0330558
   0.33937  0.0256481  0.0330558   0.401606
IMAGINARY
          0 -0.00441919  -0.0107323 -0.00865708
 0.00441919           0  0.00347574 -0.00315657
  0.0107323 -0.00347574           0   0.0170455
 0.00865708  0.00315657  -0.0170455           0
Repeater1[0]<--->HoM1[0]
REAL
  0.400266  0.0356415  0.0252239   0.318081
 0.0356415  0.0824468 -0.0108829  0.0159072
 0.0252239 -0.0108829  0.0917553 0.00291895
  0.318081  0.0159072 0.00291895   0.425532
IMAGINARY
          0  -0.0196371   0.0133251   0.0226776
  0.0196371           0  -0.0193664  -0.0114525
 -0.0133251   0.0193664           0  0.00902534
 -0.0226776   0.0114525 -0.00902534           0
EndNode1[0]<--->Repeater1[0]
REAL
   0.421813  -0.0166518  -0.0206989    0.324129
 -0.0166518   0.0854139 -0.00854508 -8.0332e-05
 -0.0206989 -0.00854508   0.0919842  -0.0197118
   0.324129 -8.0332e-05  -0.0197118    0.400788
IMAGINARY
          0 -0.00425642  0.00410411  0.00686567
 0.00425642           0  0.00313433 -0.00739792
-0.00410411 -0.00313433           0 -0.00167244
-0.00686567  0.00739792  0.00167244           0
EndNode2[0]<--->HoM1[0]
REAL
    0.40227    0.011514  -0.0146779    0.317259
   0.011514   0.0794451 -0.00603434   0.0108514
 -0.0146779 -0.00603434   0.0781841  0.00251659
   0.317259   0.0108514  0.00251659    0.440101
IMAGINARY
          0 -0.00671201   0.0174092  0.00240525
 0.00671201           0  -0.0121836   0.0127112
 -0.0174092   0.0121836           0  -0.0314406
-0.00240525  -0.0127112   0.0314406           0
Repeater1[0]<--->EndNode1[0]
REAL
   0.421813  -0.0206989  -0.0166518    0.324129
 -0.0206989   0.0919842 -0.00854508  -0.0197118
 -0.0166518 -0.00854508   0.0854139 -8.0332e-05
   0.324129  -0.0197118 -8.0332e-05    0.400788
IMAGINARY
          0  0.00410411 -0.00425642  0.00686567
-0.00410411           0 -0.00313433 -0.00167244
 0.00425642  0.00313433           0 -0.00739792
-0.00686567  0.00167244  0.00739792           0
Repeater1[0]<--->HoM1[0]
REAL
    0.40227  -0.0146779    0.011514    0.317259
 -0.0146779   0.0781841 -0.00603434  0.00251659
   0.011514 -0.00603434   0.0794451   0.0108514
   0.317259  0.00251659   0.0108514    0.440101
IMAGINARY
          0   0.0174092 -0.00671201  0.00240525
 -0.0174092           0   0.0121836  -0.0314406
 0.00671201  -0.0121836           0   0.0127112
-0.00240525   0.0314406  -0.0127112           0
EndNode1[0]<--->Repeater1[0]
REAL
   0.407056  0.00829575  0.00258644     0.32166
 0.00829575    0.105834 -0.00383534 0.000690103
 0.00258644 -0.00383534    0.082768   0.0172613
    0.32166 0.000690103   0.0172613    0.404342
IMAGINARY
          0  0.00945243 -0.00291915  0.00721296
-0.00945243           0   0.0191028  0.00539439
 0.00291915  -0.0191028           0  0.00416143
-0.00721296 -0.00539439 -0.00416143           0
EndNode2[0]<--->HoM1[0]
REAL
   0.409207 0.000283605 -0.00774732    0.314389
0.000283605   0.0767263  0.00052476 -0.00223936
-0.00774732  0.00052476   0.0997442  -0.0036125
   0.314389 -0.00223936  -0.0036125    0.414322
IMAGINARY
          0  -0.0058152   0.0213354  -0.0239869
  0.0058152           0   0.0104734  -0.0027218
 -0.0213354  -0.0104734           0 -0.00381253
  0.0239869   0.0027218  0.00381253           0
Repeater1[0]<--->EndNode1[0]
REAL
   0.407056  0.00258644  0.00829575     0.32166
 0.00258644    0.082768 -0.00383534   0.0172613
 0.00829575 -0.00383534    0.105834 0.000690103
    0.32166   0.0172613 0.000690103    0.404342
IMAGINARY
          0 -0.00291915  0.00945243  0.00721296
 0.00291915           0  -0.0191028  0.00416143
-0.00945243   0.0191028           0  0.00539439
-0.00721296 -0.00416143 -0.00539439           0
Repeater1[0]<--->HoM1[0]
REAL
   0.409207 -0.00774732 0.000283605    0.314389
-0.00774732   0.0997442  0.00052476  -0.0036125
0.000283605  0.00052476   0.0767263 -0.00223936
   0.314389  -0.0036125 -0.00223936    0.414322
IMAGINARY
          0   0.0213354  -0.0058152  -0.0239869
 -0.0213354           0  -0.0104734 -0.00381253
  0.0058152   0.0104734           0  -0.0027218
  0.0239869  0.00381253   0.0027218           0
EndNode1[0]<--->Repeater1[0]
REAL
   0.422425   0.0152534 -0.00259319    0.325312
  0.0152534   0.0886571     0.01298  0.00194636
-0.00259319     0.01298   0.0756193  -0.0120193
   0.325312  0.00194636  -0.0120193    0.413299
IMAGINARY
          0  0.00468823  -0.0107041  0.00120871
-0.00468823           0     0.01263  0.00534214
  0.0107041    -0.01263           0  -0.0127311
-0.00120871 -0.00534214   0.0127311           0
EndNode2[0]<--->HoM1[0]
REAL
   0.402062  -0.0156837  0.00076084    0.325007
 -0.0156837   0.0863402 -0.00585763  0.00455831
 0.00076084 -0.00585763   0.0940722   0.0103646
   0.325007  0.00455831   0.0103646    0.417526
IMAGINARY
          0  -0.0183844   0.0123411 -0.00711048
  0.0183844           0  -0.0366804  0.00864654
 -0.0123411   0.0366804           0 -0.00136869
 0.00711048 -0.00864654  0.00136869           0
Repeater1[0]<--->EndNode1[0]
REAL
   0.422425 -0.00259319   0.0152534    0.325312
-0.00259319   0.0756193     0.01298  -0.0120193
  0.0152534     0.01298   0.0886571  0.00194636
   0.325312  -0.0120193  0.00194636    0.413299
IMAGINARY
          0  -0.0107041  0.00468823  0.00120871
  0.0107041           0    -0.01263  -0.0127311
-0.00468823     0.01263           0  0.00534214
-0.00120871   0.0127311 -0.00534214           0
Repeater1[0]<--->HoM1[0]
REAL
   0.402062  0.00076084  -0.0156837    0.325007
 0.00076084   0.0940722 -0.00585763   0.0103646
 -0.0156837 -0.00585763   0.0863402  0.00455831
   0.325007   0.0103646  0.00455831    0.417526
IMAGINARY
          0   0.0123411  -0.0183844 -0.00711048
 -0.0123411           0   0.0366804 -0.00136869
  0.0183844  -0.0366804           0  0.00864654
 0.00711048  0.00136869 -0.00864654           0
EndNode1[0]<--->Repeater1[0]
REAL
    0.42545  0.00240744   0.0107325    0.341646
 0.00240744   0.0758355  0.00516787 -0.00215408
  0.0107325  0.00516787   0.0745501  0.00494551
   0.341646 -0.00215408  0.00494551    0.424165
IMAGINARY
          0   0.0185198    0.014823 -0.00508598
 -0.0185198           0   0.0091291  -0.0016154
  -0.014823  -0.0091291           0  -0.0141173
 0.00508598   0.0016154   0.0141173           0
EndNode2[0]<--->HoM1[0]
REAL
   0.418848  0.00926601   0.0194163     0.33588
 0.00926601   0.0759162 -0.00188245  0.00116808
  0.0194163 -0.00188245   0.0837696   0.0206145
    0.33588  0.00116808   0.0206145    0.421466
IMAGINARY
          0  -0.0208299 -0.00422204  0.00567986
  0.0208299           0  0.00266417 -0.00486887
 0.00422204 -0.00266417           0   0.0159348
-0.00567986  0.00486887  -0.0159348           0
Repeater1[0]<--->EndNode1[0]
REAL
    0.42545   0.0107325  0.00240744    0.341646
  0.0107325   0.0745501  0.00516787  0.00494551
 0.00240744  0.00516787   0.0758355 -0.00215408
   0.341646  0.00494551 -0.00215408    0.424165
IMAGINARY
          0    0.014823   0.0185198 -0.00508598
  -0.014823           0  -0.0091291  -0.0141173
 -0.0185198   0.0091291           0  -0.0016154
 0.00508598   0.0141173   0.0016154           0
Repeater1[0]<--->HoM1[0]
REAL
   0.418848   0.0194163  0.00926601     0.33588
  0.0194163   0.0837696 -0.00188245   0.0206145
 0.00926601 -0.00188245   0.0759162  0.00116808
    0.33588   0.0206145  0.00116808    0.421466
IMAGINARY
          0 -0.00422204  -0.0208299  0.00567986
 0.00422204           0 -0.00266417   0.0159348
  0.0208299  0.00266417           0 -0.00486887
-0.00567986  -0.0159348  0.00486887           0
EndNode1[0]<--->Repeater1[0]
REAL
    0.412798   0.00172644   -0.0201288      0.32913
  0.00172644    0.0727729 -0.000909333    0.0170613
  -0.0201288 -0.000909333     0.100376  -0.00724792
     0.32913    0.0170613  -0.00724792     0.414053
IMAGINARY
           0  0.000465156  0.000331119   -0.0253969
-0.000465156            0   -0.0222835   -0.0023074
-0.000331119    0.0222835            0   0.00809874
   0.0253969    0.0023074  -0.00809874            0
EndNode2[0]<--->HoM1[0]
REAL
   0.427451 -0.00614576   0.0110415    0.335803
-0.00614576   0.0954248   -0.016572 -0.00206713
  0.0110415   -0.016572   0.0888889 -0.00154655
   0.335803 -0.00206713 -0.00154655    0.388235
IMAGINARY
           0    -0.020792   0.00322845  0.000328426
    0.020792            0 -0.000970275   0.00254818
 -0.00322845  0.000970275            0  0.000894721
-0.000328426  -0.00254818 -0.000894721            0
Repeater1[0]<--->EndNode1[0]
REAL
    0.412798   -0.0201288   0.00172644      0.32913
  -0.0201288     0.100376 -0.000909333  -0.00724792
  0.00172644 -0.000909333    0.0727729    0.0170613
     0.32913  -0.00724792    0.0170613     0.414053
IMAGINARY
           0  0.000331119  0.000465156   -0.0253969
-0.000331119            0    0.0222835   0.00809874
-0.000465156   -0.0222835            0   -0.0023074
   0.0253969  -0.00809874    0.0023074            0
Repeater1[0]<--->HoM1[0]
REAL
   0.427451   0.0110415 -0.00614576    0.335803
  0.0110415   0.0888889   -0.016572 -0.00154655
-0.00614576   -0.016572   0.0954248 -0.00206713
   0.335803 -0.00154655 -0.00206713    0.388235
IMAGINARY
           0   0.00322845    -0.020792  0.000328426
 -0.00322845            0  0.000970275  0.000894721
    0.020792 -0.000970275            0   0.00254818
-0.000328426 -0.000894721  -0.00254818            0
EndNode1[0]<--->Repeater1[0]
REAL
   0.398773   -0.010712  -0.0019186    0.344008
  -0.010712   0.0932515 -0.00685769   0.0248194
 -0.0019186 -0.00685769   0.0858896  0.00816744
   0.344008   0.0248194  0.00816744    0.422086
IMAGINARY
           0  -0.00335743    0.0119882   0.00510294
  0.00335743            0    0.0166362 -0.000669993
  -0.0119882   -0.0166362            0   -0.0319289
 -0.00510294  0.000669993    0.0319289            0
EndNode2[0]<--->HoM1[0]
REAL
    0.394095   -0.0232857    -0.025821     0.319938
  -0.0232857    0.0744544 -0.000243122   -0.0081596
   -0.025821 -0.000243122     0.107831  -0.00237313
    0.319938   -0.0081596  -0.00237313      0.42362
IMAGINARY
           0    0.0180549   -0.0144398  -0.00846105
  -0.0180549            0 -0.000159642  -0.00431831
   0.0144398  0.000159642            0   0.00717145
  0.00846105   0.00431831  -0.00717145            0
Repeater1[0]<--->EndNode1[0]
REAL
   0.398773  -0.0019186   -0.010712    0.344008
 -0.0019186   0.0858896 -0.00685769  0.00816744
  -0.010712 -0.00685769   0.0932515   0.0248194
   0.344008  0.00816744   0.0248194    0.422086
IMAGINARY
           0    0.0119882  -0.00335743   0.00510294
  -0.0119882            0   -0.0166362   -0.0319289
  0.00335743    0.0166362            0 -0.000669993
 -0.00510294    0.0319289  0.000669993            0
Repeater1[0]<--->HoM1[0]
REAL
    0.394095    -0.025821   -0.0232857     0.319938
   -0.025821     0.107831 -0.000243122  -0.00237313
  -0.0232857 -0.000243122    0.0744544   -0.0081596
    0.319938  -0.00237313   -0.0081596      0.42362
IMAGINARY
           0   -0.0144398    0.0180549  -0.00846105
   0.0144398            0  0.000159642   0.00717145
  -0.0180549 -0.000159642            0  -0.00431831
  0.00846105  -0.00717145   0.00431831            0
EndNode1[0]<--->Repeater1[0]
REAL
    0.397117   -0.0111955   0.00865717     0.317115
  -0.0111955      0.08519 -0.000625307  0.000651344
  0.00865717 -0.000625307    0.0773263    0.0151849
    0.317115  0.000651344    0.0151849     0.440367
IMAGINARY
          0   0.0174762  0.00838717 -0.00352113
 -0.0174762           0  0.00352113 -0.00291937
-0.00838717 -0.00352113           0 -0.00593311
 0.00352113  0.00291937  0.00593311           0
EndNode2[0]<--->HoM1[0]
REAL
   0.441542 0.000159685 -0.00898069    0.319861
0.000159685   0.0833333  0.00476626    0.001518
-0.00898069  0.00476626   0.0932836  0.00854678
   0.319861    0.001518  0.00854678    0.381841
IMAGINARY
          0  0.00630378   0.0200705  -0.0182021
-0.00630378           0  -0.0163248 -0.00560513
 -0.0200705   0.0163248           0  -0.0119642
  0.0182021  0.00560513   0.0119642           0
Repeater1[0]<--->EndNode1[0]
REAL
    0.397117   0.00865717   -0.0111955     0.317115
  0.00865717    0.0773263 -0.000625307    0.0151849
  -0.0111955 -0.000625307      0.08519  0.000651344
    0.317115    0.0151849  0.000651344     0.440367
IMAGINARY
          0  0.00838717   0.0174762 -0.00352113
-0.00838717           0 -0.00352113 -0.00593311
 -0.0174762  0.00352113           0 -0.00291937
 0.00352113  0.00593311  0.00291937           0
Repeater1[0]<--->HoM1[0]
REAL
   0.441542 -0.00898069 0.000159685    0.319861
-0.00898069   0.0932836  0.00476626  0.00854678
0.000159685  0.00476626   0.0833333    0.001518
   0.319861  0.00854678    0.001518    0.381841
IMAGINARY
          0   0.0200705  0.00630378  -0.0182021
 -0.0200705           0   0.0163248  -0.0119642
-0.00630378  -0.0163248           0 -0.00560513
  0.0182021   0.0119642  0.00560513           0
EndNode1[0]<--->Repeater1[0]
REAL
   0.403704   0.0224858   0.0190757    0.335698
  0.0224858    0.091358  0.00213949  0.00602085
  0.0190757  0.00213949   0.0691358 3.67715e-05
   0.335698  0.00602085 3.67715e-05    0.435802
IMAGINARY
          0  -0.0353189 -0.00336379 -0.00629142
  0.0353189           0 -0.00256934   0.0175722
 0.00336379  0.00256934           0 -0.00459993
 0.00629142  -0.0175722  0.00459993           0
EndNode2[0]<--->HoM1[0]
REAL
   0.433071   0.0245962   0.0118816    0.338267
  0.0245962   0.0695538 -0.00993553   0.0043249
  0.0118816 -0.00993553   0.0958005  0.00721652
   0.338267   0.0043249  0.00721652    0.401575
IMAGINARY
           0   -0.0061519  -0.00232757 -0.000924885
   0.0061519            0   -0.0118644   0.00166179
  0.00232757    0.0118644            0    0.0174701
 0.000924885  -0.00166179   -0.0174701            0
Repeater1[0]<--->EndNode1[0]
REAL
   0.403704   0.0190757   0.0224858    0.335698
  0.0190757   0.0691358  0.00213949 3.67715e-05
  0.0224858  0.00213949    0.091358  0.00602085
   0.335698 3.67715e-05  0.00602085    0.435802
IMAGINARY
          0 -0.00336379  -0.0353189 -0.00629142
 0.00336379           0  0.00256934 -0.00459993
  0.0353189 -0.00256934           0   0.0175722
 0.00629142  0.00459993  -0.0175722           0
Repeater1[0]<--->HoM1[0]
REAL
   0.433071   0.0118816   0.0245962    0.338267
  0.0118816   0.0958005 -0.00993553  0.00721652
  0.0245962 -0.00993553   0.0695538   0.0043249
   0.338267  0.00721652   0.0043249    0.401575
IMAGINARY
           0  -0.00232757   -0.0061519 -0.000924885
  0.00232757            0    0.0118644    0.0174701
   0.0061519   -0.0118644            0   0.00166179
 0.000924885   -0.0174701  -0.00166179            0
EndNode1[0]<--->Repeater1[0]
REAL
   0.426735  -0.0164793 -0.00442804    0.327096
 -0.0164793    0.122108 -0.00645079  -0.0271849
-0.00442804 -0.00645079   0.0835476  -0.0190046
   0.327096  -0.0271849  -0.0190046    0.367609
IMAGINARY
           0    0.0138784   0.00398225 -0.000998504
  -0.0138784            0    -0.029692   -0.0135853
 -0.00398225     0.029692            0   0.00340716
 0.000998504    0.0135853  -0.00340716            0
EndNode2[0]<--->HoM1[0]
REAL
    0.384309    0.0153002    0.0223054     0.329865
   0.0153002    0.0744681 -0.000159654   0.00906459
   0.0223054 -0.000159654    0.0890957  -0.00569715
    0.329865   0.00906459  -0.00569715     0.452128
IMAGINARY
         0   0.029388  -0.021529  0.0143629
 -0.029388          0 -0.0198307 -0.0181733
  0.021529  0.0198307          0  0.0090735
-0.0143629  0.0181733 -0.0090735          0
Repeater1[0]<--->EndNode1[0]
REAL
   0.426735 -0.00442804  -0.0164793    0.327096
-0.00442804   0.0835476 -0.00645079  -0.0190046
 -0.0164793 -0.00645079    0.122108  -0.0271849
   0.327096  -0.0190046  -0.0271849    0.367609
IMAGINARY
           0   0.00398225    0.0138784 -0.000998504
 -0.00398225            0     0.029692   0.00340716
  -0.0138784    -0.029692            0   -0.0135853
 0.000998504  -0.00340716    0.0135853            0
Repeater1[0]<--->HoM1[0]
REAL
    0.384309    0.0223054    0.0153002     0.329865
   0.0223054    0.0890957 -0.000159654  -0.00569715
   0.0153002 -0.000159654    0.0744681   0.00906459
    0.329865  -0.00569715   0.00906459     0.452128
IMAGINARY
         0  -0.021529   0.029388  0.0143629
  0.021529          0  0.0198307  0.0090735
 -0.029388 -0.0198307          0 -0.0181733
-0.0143629 -0.0090735  0.0181733          0
EndNode1[0]<--->Repeater1[0]
REAL
     0.3975   0.0146015 -0.00193679    0.322293
  0.0146015       0.075 -0.00713375   0.0125751
-0.00193679 -0.00713375     0.08125 2.61238e-05
   0.322293   0.0125751 2.61238e-05     0.44625
IMAGINARY
           0   0.00360003   0.00263764    0.0235749
 -0.00360003            0   -0.0223434   0.00777903
 -0.00263764    0.0223434            0  0.000306221
  -0.0235749  -0.00777903 -0.000306221            0
EndNode2[0]<--->HoM1[0]
REAL
   0.392583  -0.0158197   -0.016226    0.342023
 -0.0158197   0.0882353 -0.00111408   0.0048624
  -0.016226 -0.00111408   0.0869565 -0.00817019
   0.342023   0.0048624 -0.00817019    0.432225
IMAGINARY
          0   0.0201714  -0.0273002 -0.00249961
 -0.0201714           0 -0.00963321  -0.0119155
  0.0273002  0.00963321           0  0.00678939
 0.00249961   0.0119155 -0.00678939           0
Repeater1[0]<--->EndNode1[0]
REAL
     0.3975 -0.00193679   0.0146015    0.322293
-0.00193679     0.08125 -0.00713375 2.61238e-05
  0.0146015 -0.00713375       0.075   0.0125751
   0.322293 2.61238e-05   0.0125751     0.44625
IMAGINARY
           0   0.00263764   0.00360003    0.0235749
 -0.00263764            0    0.0223434  0.000306221
 -0.00360003   -0.0223434            0   0.00777903
  -0.0235749 -0.000306221  -0.00777903            0
Repeater1[0]<--->HoM1[0]
REAL
   0.392583   -0.016226  -0.0158197    0.342023
  -0.016226   0.0869565 -0.00111408 -0.00817019
 -0.0158197 -0.00111408   0.0882353   0.0048624
   0.342023 -0.00817019   0.0048624    0.432225
IMAGINARY
          0  -0.0273002   0.0201714 -0.00249961
  0.0273002           0  0.00963321  0.00678939
 -0.0201714 -0.00963321           0  -0.0119155
 0.00249961 -0.00678939   0.0119155           0
EndNode1[0]<--->Repeater1[0]
REAL
   0.418663  0.00690955 -0.00986714    0.333124
 0.00690955   0.0996217 -0.00020938   0.0199174
-0.00986714 -0.00020938   0.0706179  0.00690955
   0.333124   0.0199174  0.00690955    0.411097
IMAGINARY
          0  -0.0144108   0.0109868  -0.0242128
  0.0144108           0  0.00966254   0.0103466
 -0.0109868 -0.00966254           0  -0.0162558
  0.0242128  -0.0103466   0.0162558           0
EndNode2[0]<--->HoM1[0]
REAL
    0.415278   0.00360249  0.000975345     0.331466
  0.00360249     0.104167 -0.000677027  0.000296919
 0.000975345 -0.000677027     0.105556  -0.00105796
    0.331466  0.000296919  -0.00105796        0.375
IMAGINARY
          0  -0.0244114   0.0293712   0.0208753
  0.0244114           0    0.014465 -0.00437117
 -0.0293712   -0.014465           0 -0.00892193
 -0.0208753  0.00437117  0.00892193           0
Repeater1[0]<--->EndNode1[0]
REAL
   0.418663 -0.00986714  0.00690955    0.333124
-0.00986714   0.0706179 -0.00020938  0.00690955
 0.00690955 -0.00020938   0.0996217   0.0199174
   0.333124  0.00690955   0.0199174    0.411097
IMAGINARY
          0   0.0109868  -0.0144108  -0.0242128
 -0.0109868           0 -0.00966254  -0.0162558
  0.0144108  0.00966254           0   0.0103466
  0.0242128   0.0162558  -0.0103466           0
Repeater1[0]<--->HoM1[0]
REAL
    0.415278  0.000975345   0.00360249     0.331466
 0.000975345     0.105556 -0.000677027  -0.00105796
  0.00360249 -0.000677027     0.104167  0.000296919
    0.331466  -0.00105796  0.000296919        0.375
IMAGINARY
          0   0.0293712  -0.0244114   0.0208753
 -0.0293712           0   -0.014465 -0.00892193
  0.0244114    0.014465           0 -0.00437117
 -0.0208753  0.00892193  0.00437117           0
EndNode1[0]<--->Repeater1[0]
REAL
    0.414702   -0.0226866   -0.0191737     0.319827
  -0.0226866    0.0943135   0.00164492   -0.0091737
  -0.0191737   0.00164492    0.0970874 -0.000835708
    0.319827   -0.0091737 -0.000835708     0.393897
IMAGINARY
          0  -0.0188583  0.00762091    0.015526
  0.0188583           0   -0.015526 -0.00112741
-0.00762091    0.015526           0 -0.00841443
  -0.015526  0.00112741  0.00841443           0
EndNode2[0]<--->HoM1[0]
REAL
   0.435096  -0.0239368 -0.00582456    0.334955
 -0.0239368   0.0805288  -0.0185485 -0.00849836
-0.00582456  -0.0185485   0.0889423  -0.0177299
   0.334955 -0.00849836  -0.0177299    0.395433
IMAGINARY
          0  -0.0067037 -0.00497446  0.00376152
  0.0067037           0   0.0242584   0.0132547
 0.00497446  -0.0242584           0 -0.00539821
-0.00376152  -0.0132547  0.00539821           0
Repeater1[0]<--->EndNode1[0]
REAL
    0.414702   -0.0191737   -0.0226866     0.319827
  -0.0191737    0.0970874   0.00164492 -0.000835708
  -0.0226866   0.00164492    0.0943135   -0.0091737
    0.319827 -0.000835708   -0.0091737     0.393897
IMAGINARY
          0  0.00762091  -0.0188583    0.015526
-0.00762091           0    0.015526 -0.00841443
  0.0188583   -0.015526           0 -0.00112741
  -0.015526  0.00841443  0.00112741           0
Repeater1[0]<--->HoM1[0]
REAL
   0.435096 -0.00582456  -0.0239368    0.334955
-0.00582456   0.0889423  -0.0185485  -0.0177299
 -0.0239368  -0.0185485   0.0805288 -0.00849836
   0.334955  -0.0177299 -0.00849836    0.395433
IMAGINARY
          0 -0.00497446  -0.0067037  0.00376152
 0.00497446           0  -0.0242584 -0.00539821
  0.0067037   0.0242584           0   0.0132547
-0.00376152  0.00539821  -0.0132547           0
EndNode1[0]<--->Repeater1[0]
REAL
   0.418301   -0.011788  -0.0176589    0.324793
  -0.011788   0.0732026 -0.00789171  0.00549502
 -0.0176589 -0.00789171     0.10719   0.0111478
   0.324793  0.00549502   0.0111478    0.401307
IMAGINARY
           0   -0.0137523    0.0437636   -0.0137947
   0.0137523            0  -0.00035042 -0.000313535
  -0.0437636   0.00035042            0   -0.0206187
   0.0137947  0.000313535    0.0206187            0
EndNode2[0]<--->HoM1[0]
REAL
     0.40625   -0.0016154   -0.0242987      0.32626
  -0.0016154      0.08875    0.0161171   0.00362685
  -0.0242987    0.0161171      0.09125 -0.000968574
     0.32626   0.00362685 -0.000968574      0.41375
IMAGINARY
           0   0.00747302    0.0177748  -0.00521172
 -0.00747302            0   -0.0104888  -0.00542109
  -0.0177748    0.0104888            0  0.000979515
  0.00521172   0.00542109 -0.000979515            0
Repeater1[0]<--->EndNode1[0]
REAL
   0.418301  -0.0176589   -0.011788    0.324793
 -0.0176589     0.10719 -0.00789171   0.0111478
  -0.011788 -0.00789171   0.0732026  0.00549502
   0.324793   0.0111478  0.00549502    0.401307
IMAGINARY
           0    0.0437636   -0.0137523   -0.0137947
  -0.0437636            0   0.00035042   -0.0206187
   0.0137523  -0.00035042            0 -0.000313535
   0.0137947    0.0206187  0.000313535            0
Repeater1[0]<--->HoM1[0]
REAL
     0.40625   -0.0242987   -0.0016154      0.32626
  -0.0242987      0.09125    0.0161171 -0.000968574
  -0.0016154    0.0161171      0.08875   0.00362685
     0.32626 -0.000968574   0.00362685      0.41375
IMAGINARY
           0    0.0177748   0.00747302  -0.00521172
  -0.0177748            0    0.0104888  0.000979515
 -0.00747302   -0.0104888            0  -0.00542109
  0.00521172 -0.000979515   0.00542109            0
EndNode1[0]<--->Repeater1[0]
REAL
    0.43354  -0.0197939  0.00598404    0.340945
 -0.0197939   0.0795031  0.00828141 -0.00598404
 0.00598404  0.00828141   0.0857143  0.00819594
   0.340945 -0.00598404  0.00819594    0.401242
IMAGINARY
          0  -0.0155839  0.00515311  -0.0240281
  0.0155839           0   0.0124302  0.00890311
-0.00515311  -0.0124302           0  -0.0105206
  0.0240281 -0.00890311   0.0105206           0
EndNode2[0]<--->HoM1[0]
REAL
   0.435419 -0.00673163  0.00215692    0.345499
-0.00673163   0.0679095   0.0018295   0.0105657
 0.00215692   0.0018295     0.10253 -0.00344648
   0.345499   0.0105657 -0.00344648    0.394141
IMAGINARY
          0   0.0038743  -0.0108349 -0.00030322
 -0.0038743           0  -0.0212158 -0.00208495
  0.0108349   0.0212158           0  0.00258564
 0.00030322  0.00208495 -0.00258564           0
Repeater1[0]<--->EndNode1[0]
REAL
    0.43354  0.00598404  -0.0197939    0.340945
 0.00598404   0.0857143  0.00828141  0.00819594
 -0.0197939  0.00828141   0.0795031 -0.00598404
   0.340945  0.00819594 -0.00598404    0.401242
IMAGINARY
          0  0.00515311  -0.0155839  -0.0240281
-0.00515311           0  -0.0124302  -0.0105206
  0.0155839   0.0124302           0  0.00890311
  0.0240281   0.0105206 -0.00890311           0
Repeater1[0]<--->HoM1[0]
REAL
   0.435419  0.00215692 -0.00673163    0.345499
 0.00215692     0.10253   0.0018295 -0.00344648
-0.00673163   0.0018295   0.0679095   0.0105657
   0.345499 -0.00344648   0.0105657    0.394141
IMAGINARY
          0  -0.0108349   0.0038743 -0.00030322
  0.0108349           0   0.0212158  0.00258564
 -0.0038743  -0.0212158           0 -0.00208495
 0.00030322 -0.00258564  0.00208495           0
EndNode1[0]<--->Repeater1[0]
REAL
    0.44401   0.0228288  0.00232778    0.318384
  0.0228288   0.0677083 -0.00580545   0.0159112
 0.00232778 -0.00580545     0.09375  0.00421521
   0.318384   0.0159112  0.00421521    0.394531
IMAGINARY
          0   0.0107402   0.0101064  0.00660852
 -0.0107402           0  0.00265074  -0.0051189
 -0.0101064 -0.00265074           0  -0.0119871
-0.00660852   0.0051189   0.0119871           0
EndNode2[0]<--->HoM1[0]
REAL
   0.441176  0.00808983  0.00259001    0.320603
 0.00808983   0.0767263   0.0040888   0.0208668
 0.00259001   0.0040888   0.0971867 0.000552143
   0.320603   0.0208668 0.000552143     0.38491
IMAGINARY
          0  0.00500794 -0.00391498  -0.0231297
-0.00500794           0   0.0098447   0.0150552
 0.00391498  -0.0098447           0   0.0179278
  0.0231297  -0.0150552  -0.0179278           0
Repeater1[0]<--->EndNode1[0]
REAL
    0.44401  0.00232778   0.0228288    0.318384
 0.00232778     0.09375 -0.00580545  0.00421521
  0.0228288 -0.00580545   0.0677083   0.0159112
   0.318384  0.00421521   0.0159112    0.394531
IMAGINARY
          0   0.0101064   0.0107402  0.00660852
 -0.0101064           0 -0.00265074  -0.0119871
 -0.0107402  0.00265074           0  -0.0051189
-0.00660852   0.0119871   0.0051189           0
Repeater1[0]<--->HoM1[0]
REAL
   0.441176  0.00259001  0.00808983    0.320603
 0.00259001   0.0971867   0.0040888 0.000552143
 0.00808983   0.0040888   0.0767263   0.0208668
   0.320603 0.000552143   0.0208668     0.38491
IMAGINARY
          0 -0.00391498  0.00500794  -0.0231297
 0.00391498           0  -0.0098447   0.0179278
-0.00500794   0.0098447           0   0.0150552
  0.0231297  -0.0179278  -0.0150552           0
EndNode1[0]<--->Repeater1[0]
REAL
   0.416449  -0.0152029 -0.00329497    0.332766
 -0.0152029   0.0874674 0.000990322  -0.0132025
-0.00329497 0.000990322   0.0835509  -0.0101778
   0.332766  -0.0132025  -0.0101778    0.412533
IMAGINARY
           0   0.00848322  -0.00447246    0.0285983
 -0.00848322            0 -0.000890526     0.017156
  0.00447246  0.000890526            0   0.00286524
  -0.0285983    -0.017156  -0.00286524            0
EndNode2[0]<--->HoM1[0]
REAL
     0.405 -0.0217452 -0.0363995   0.326857
-0.0217452     0.0825 -0.0122232 0.00103365
-0.0363995 -0.0122232      0.095 0.00101346
  0.326857 0.00103365 0.00101346     0.4175
IMAGINARY
          0  0.00447738 -0.00682173  0.00983051
-0.00447738           0 -0.00850072  -0.0155282
 0.00682173  0.00850072           0  0.00254688
-0.00983051   0.0155282 -0.00254688           0
Repeater1[0]<--->EndNode1[0]
REAL
   0.416449 -0.00329497  -0.0152029    0.332766
-0.00329497   0.0835509 0.000990322  -0.0101778
 -0.0152029 0.000990322   0.0874674  -0.0132025
   0.332766  -0.0101778  -0.0132025    0.412533
IMAGINARY
           0  -0.00447246   0.00848322    0.0285983
  0.00447246            0  0.000890526   0.00286524
 -0.00848322 -0.000890526            0     0.017156
  -0.0285983  -0.00286524    -0.017156            0
Repeater1[0]<--->HoM1[0]
REAL
     0.405 -0.0363995 -0.0217452   0.326857
-0.0363995      0.095 -0.0122232 0.00101346
-0.0217452 -0.0122232     0.0825 0.00103365
  0.326857 0.00101346 0.00103365     0.4175
IMAGINARY
          0 -0.00682173  0.00447738  0.00983051
 0.00682173           0  0.00850072  0.00254688
-0.00447738 -0.00850072           0  -0.0155282
-0.00983051 -0.00254688   0.0155282           0
EndNode1[0]<--->Repeater1[0]
REAL
  0.416877 0.00754283 -0.0104074   0.337565
0.00754283  0.0881612 -0.0107638  0.0186249
-0.0104074 -0.0107638  0.0944584 0.00193884
  0.337565  0.0186249 0.00193884   0.400504
IMAGINARY
          0  0.00366281 -0.00607866   0.0027852
-0.00366281           0 -0.00605318 -0.00806016
