EndNode1[0]<--->Repeater1[0]
REAL
   0.422698  -0.0049115  -0.0100394    0.337029
 -0.0049115   0.0880139  0.00133679 -0.00387417
 -0.0100394  0.00133679   0.0839606  -0.0119624
   0.337029 -0.00387417  -0.0119624    0.405327
IMAGINARY
          0  0.00468219  -0.0172265 -0.00684772
-0.00468219           0   0.0108432    0.023688
  0.0172265  -0.0108432           0 -0.00929758
 0.00684772   -0.023688  0.00929758           0
EndNode2[0]<--->HoM1[0]
REAL
   0.408654  -0.0159997  -0.0173134    0.321256
 -0.0159997    0.094351 -0.00692729  0.00328358
 -0.0173134 -0.00692729   0.0847356  0.00495491
   0.321256  0.00328358  0.00495491     0.41226
IMAGINARY
           0   -0.0126773  -0.00869458   0.00465195
   0.0126773            0   0.00435165   0.00931262
  0.00869458  -0.00435165            0  0.000934361
 -0.00465195  -0.00931262 -0.000934361            0
Repeater1[0]<--->EndNode1[0]
REAL
   0.422698  -0.0100394  -0.0049115    0.337029
 -0.0100394   0.0839606  0.00133679  -0.0119624
 -0.0049115  0.00133679   0.0880139 -0.00387417
   0.337029  -0.0119624 -0.00387417    0.405327
IMAGINARY
          0  -0.0172265  0.00468219 -0.00684772
  0.0172265           0  -0.0108432 -0.00929758
-0.00468219   0.0108432           0    0.023688
 0.00684772  0.00929758   -0.023688           0
Repeater1[0]<--->HoM1[0]
REAL
   0.408654  -0.0173134  -0.0159997    0.321256
 -0.0173134   0.0847356 -0.00692729  0.00495491
 -0.0159997 -0.00692729    0.094351  0.00328358
   0.321256  0.00495491  0.00328358     0.41226
IMAGINARY
           0  -0.00869458   -0.0126773   0.00465195
  0.00869458            0  -0.00435165  0.000934361
   0.0126773   0.00435165            0   0.00931262
 -0.00465195 -0.000934361  -0.00931262            0
EndNode1[0]<--->Repeater1[0]
REAL
   0.427167  0.00715079    0.010406    0.321283
 0.00715079   0.0811309 0.000979919 -0.00425591
   0.010406 0.000979919   0.0817455  -0.0126858
   0.321283 -0.00425591  -0.0126858    0.409957
IMAGINARY
           0   0.00230851   0.00412879   -0.0054707
 -0.00230851            0 -0.000101148  -0.00354536
 -0.00412879  0.000101148            0   0.00410923
   0.0054707   0.00354536  -0.00410923            0
EndNode2[0]<--->HoM1[0]
REAL
   0.409035   0.0129839 -0.00130747    0.324628
  0.0129839   0.0793651  0.00366717 0.000702872
-0.00130747  0.00366717   0.0915751 -0.00270582
   0.324628 0.000702872 -0.00270582    0.420024
IMAGINARY
          0  0.00392349 -0.00446802   0.0170073
-0.00392349           0 -0.00196522  0.00852292
 0.00446802  0.00196522           0  -0.0061069
 -0.0170073 -0.00852292   0.0061069           0
Repeater1[0]<--->EndNode1[0]
REAL
   0.427167    0.010406  0.00715079    0.321283
   0.010406   0.0817455 0.000979919  -0.0126858
 0.00715079 0.000979919   0.0811309 -0.00425591
   0.321283  -0.0126858 -0.00425591    0.409957
IMAGINARY
           0   0.00412879   0.00230851   -0.0054707
 -0.00412879            0  0.000101148   0.00410923
 -0.00230851 -0.000101148            0  -0.00354536
   0.0054707  -0.00410923   0.00354536            0
Repeater1[0]<--->HoM1[0]
REAL
   0.409035 -0.00130747   0.0129839    0.324628
-0.00130747   0.0915751  0.00366717 -0.00270582
  0.0129839  0.00366717   0.0793651 0.000702872
   0.324628 -0.00270582 0.000702872    0.420024
IMAGINARY
          0 -0.00446802  0.00392349   0.0170073
 0.00446802           0  0.00196522  -0.0061069
-0.00392349 -0.00196522           0  0.00852292
 -0.0170073   0.0061069 -0.00852292           0
EndNode1[0]<--->Repeater1[0]
REAL
     0.40827 -0.000335839   0.00897846     0.325725
-0.000335839    0.0931858  -0.00135208   -0.0059916
  0.00897846  -0.00135208    0.0984275    0.0033227
    0.325725   -0.0059916    0.0033227     0.400116
IMAGINARY
           0  -0.00165027   -0.0166828     0.011493
  0.00165027            0  0.000433617  -0.00762486
   0.0166828 -0.000433617            0    0.0142657
   -0.011493   0.00762486   -0.0142657            0
EndNode2[0]<--->HoM1[0]
REAL
   0.402704  0.00688715 -0.00187009    0.317315
 0.00688715   0.0781893  -0.0151173  0.00492259
-0.00187009  -0.0151173   0.0899471  0.00959636
   0.317315  0.00492259  0.00959636    0.429159
IMAGINARY
           0  0.000464316 -0.000865995   0.00505086
-0.000464316            0  -0.00534724    0.0089741
 0.000865995   0.00534724            0  -0.00196582
 -0.00505086   -0.0089741   0.00196582            0
Repeater1[0]<--->EndNode1[0]
REAL
     0.40827   0.00897846 -0.000335839     0.325725
  0.00897846    0.0984275  -0.00135208    0.0033227
-0.000335839  -0.00135208    0.0931858   -0.0059916
    0.325725    0.0033227   -0.0059916     0.400116
IMAGINARY
           0   -0.0166828  -0.00165027     0.011493
   0.0166828            0 -0.000433617    0.0142657
  0.00165027  0.000433617            0  -0.00762486
   -0.011493   -0.0142657   0.00762486            0
Repeater1[0]<--->HoM1[0]
REAL
   0.402704 -0.00187009  0.00688715    0.317315
-0.00187009   0.0899471  -0.0151173  0.00959636
 0.00688715  -0.0151173   0.0781893  0.00492259
   0.317315  0.00959636  0.00492259    0.429159
IMAGINARY
           0 -0.000865995  0.000464316   0.00505086
 0.000865995            0   0.00534724  -0.00196582
-0.000464316  -0.00534724            0    0.0089741
 -0.00505086   0.00196582   -0.0089741            0
EndNode1[0]<--->Repeater1[0]
REAL
    0.380982  -0.00120103   0.00119547     0.335086
 -0.00120103    0.0969546  -0.00265667 -0.000894083
  0.00119547  -0.00265667    0.0932256  0.000296872
    0.335086 -0.000894083  0.000296872     0.428838
IMAGINARY
           0   -0.0070477   -0.0113574  -0.00355268
   0.0070477            0  3.15513e-05   0.00342091
   0.0113574 -3.15513e-05            0  -0.00853138
  0.00355268  -0.00342091   0.00853138            0
EndNode2[0]<--->HoM1[0]
REAL
    0.419198 -0.000228443    -0.012486     0.318358
-0.000228443     0.100851    0.0108812  -0.00399089
   -0.012486    0.0108812    0.0808019  -0.00606275
    0.318358  -0.00399089  -0.00606275     0.399149
IMAGINARY
          0  0.00668176  0.00445262  -0.0169881
-0.00668176           0  -0.0157789 -0.00974857
-0.00445262   0.0157789           0 -0.00200886
  0.0169881  0.00974857  0.00200886           0
Repeater1[0]<--->EndNode1[0]
REAL
    0.380982   0.00119547  -0.00120103     0.335086
  0.00119547    0.0932256  -0.00265667  0.000296872
 -0.00120103  -0.00265667    0.0969546 -0.000894083
    0.335086  0.000296872 -0.000894083     0.428838
IMAGINARY
           0   -0.0113574   -0.0070477  -0.00355268
   0.0113574            0 -3.15513e-05  -0.00853138
   0.0070477  3.15513e-05            0   0.00342091
  0.00355268   0.00853138  -0.00342091            0
Repeater1[0]<--->HoM1[0]
REAL
    0.419198    -0.012486 -0.000228443     0.318358
   -0.012486    0.0808019    0.0108812  -0.00606275
-0.000228443    0.0108812     0.100851  -0.00399089
    0.318358  -0.00606275  -0.00399089     0.399149
IMAGINARY
          0  0.00445262  0.00668176  -0.0169881
-0.00445262           0   0.0157789 -0.00200886
-0.00668176  -0.0157789           0 -0.00974857
  0.0169881  0.00200886  0.00974857           0
EndNode1[0]<--->Repeater1[0]
REAL
    0.408978  -0.00931578   -0.0122286     0.333885
 -0.00931578     0.090399 -0.000452434  -0.00710508
  -0.0122286 -0.000452434    0.0879052   -0.0171566
    0.333885  -0.00710508   -0.0171566     0.412718
IMAGINARY
           0   -0.0136785  -0.00370126  -0.00134087
   0.0136785            0  0.000736278   0.00550849
  0.00370126 -0.000736278            0  -0.00318898
  0.00134087  -0.00550849   0.00318898            0
EndNode2[0]<--->HoM1[0]
REAL
   0.401096 -0.00530535  0.00518673    0.334277
-0.00530535   0.0858186 -0.00441365 -0.00369952
 0.00518673 -0.00441365   0.0803408   0.0151209
   0.334277 -0.00369952   0.0151209    0.432745
IMAGINARY
          0  0.00197746  0.00637894 -0.00171232
-0.00197746           0   0.0188272 -0.00697418
-0.00637894  -0.0188272           0 -0.00912032
 0.00171232  0.00697418  0.00912032           0
Repeater1[0]<--->EndNode1[0]
REAL
    0.408978   -0.0122286  -0.00931578     0.333885
  -0.0122286    0.0879052 -0.000452434   -0.0171566
 -0.00931578 -0.000452434     0.090399  -0.00710508
    0.333885   -0.0171566  -0.00710508     0.412718
IMAGINARY
           0  -0.00370126   -0.0136785  -0.00134087
  0.00370126            0 -0.000736278  -0.00318898
   0.0136785  0.000736278            0   0.00550849
  0.00134087   0.00318898  -0.00550849            0
Repeater1[0]<--->HoM1[0]
REAL
   0.401096  0.00518673 -0.00530535    0.334277
 0.00518673   0.0803408 -0.00441365   0.0151209
-0.00530535 -0.00441365   0.0858186 -0.00369952
   0.334277   0.0151209 -0.00369952    0.432745
IMAGINARY
          0  0.00637894  0.00197746 -0.00171232
-0.00637894           0  -0.0188272 -0.00912032
-0.00197746   0.0188272           0 -0.00697418
 0.00171232  0.00912032  0.00697418           0
EndNode1[0]<--->Repeater1[0]
REAL
    0.411489   -0.0016738  -0.00497051     0.323464
  -0.0016738    0.0896835 -0.000803842  -0.00857628
 -0.00497051 -0.000803842    0.0896835  -0.00571537
    0.323464  -0.00857628  -0.00571537     0.409144
IMAGINARY
          0  0.00584261   0.0043154  0.00368552
-0.00584261           0  -0.0175009  0.00674258
 -0.0043154   0.0175009           0 -0.00853239
-0.00368552 -0.00674258  0.00853239           0
EndNode2[0]<--->HoM1[0]
REAL
   0.417516  -0.0103264  0.00376901    0.328993
 -0.0103264   0.0881824 -0.00393529  -0.0141616
 0.00376901 -0.00393529   0.0881824  -0.0133457
   0.328993  -0.0141616  -0.0133457    0.406119
IMAGINARY
           0    0.0150251  0.000847542 -0.000464427
  -0.0150251            0   0.00258435   -0.0166434
-0.000847542  -0.00258435            0   0.00259335
 0.000464427    0.0166434  -0.00259335            0
Repeater1[0]<--->EndNode1[0]
REAL
    0.411489  -0.00497051   -0.0016738     0.323464
 -0.00497051    0.0896835 -0.000803842  -0.00571537
  -0.0016738 -0.000803842    0.0896835  -0.00857628
    0.323464  -0.00571537  -0.00857628     0.409144
IMAGINARY
          0   0.0043154  0.00584261  0.00368552
 -0.0043154           0   0.0175009 -0.00853239
-0.00584261  -0.0175009           0  0.00674258
-0.00368552  0.00853239 -0.00674258           0
Repeater1[0]<--->HoM1[0]
REAL
   0.417516  0.00376901  -0.0103264    0.328993
 0.00376901   0.0881824 -0.00393529  -0.0133457
 -0.0103264 -0.00393529   0.0881824  -0.0141616
   0.328993  -0.0133457  -0.0141616    0.406119
IMAGINARY
           0  0.000847542    0.0150251 -0.000464427
-0.000847542            0  -0.00258435   0.00259335
  -0.0150251   0.00258435            0   -0.0166434
 0.000464427  -0.00259335    0.0166434            0
EndNode1[0]<--->Repeater1[0]
REAL
   0.410725   0.0135112  0.00132169    0.330484
  0.0135112   0.0761731 -0.00615215  0.00787712
 0.00132169 -0.00615215   0.0907983 -0.00431241
   0.330484  0.00787712 -0.00431241    0.422303
IMAGINARY
          0  -0.0067637   0.0123243  0.00286511
  0.0067637           0 -0.00732674  0.00899702
 -0.0123243  0.00732674           0   0.0082652
-0.00286511 -0.00899702  -0.0082652           0
EndNode2[0]<--->HoM1[0]
REAL
   0.395031  0.00399581   0.0239245    0.320291
 0.00399581   0.0975155 -0.00194396 -0.00569849
  0.0239245 -0.00194396   0.0875776  0.00633226
   0.320291 -0.00569849  0.00633226    0.419876
IMAGINARY
          0  0.00403825  -0.0077738    0.017432
-0.00403825           0   0.0077702  0.00301756
  0.0077738  -0.0077702           0 -0.00225466
  -0.017432 -0.00301756  0.00225466           0
Repeater1[0]<--->EndNode1[0]
REAL
   0.410725  0.00132169   0.0135112    0.330484
 0.00132169   0.0907983 -0.00615215 -0.00431241
  0.0135112 -0.00615215   0.0761731  0.00787712
   0.330484 -0.00431241  0.00787712    0.422303
IMAGINARY
          0   0.0123243  -0.0067637  0.00286511
 -0.0123243           0  0.00732674   0.0082652
  0.0067637 -0.00732674           0  0.00899702
-0.00286511  -0.0082652 -0.00899702           0
Repeater1[0]<--->HoM1[0]
REAL
   0.395031   0.0239245  0.00399581    0.320291
  0.0239245   0.0875776 -0.00194396  0.00633226
 0.00399581 -0.00194396   0.0975155 -0.00569849
   0.320291  0.00633226 -0.00569849    0.419876
IMAGINARY
          0  -0.0077738  0.00403825    0.017432
  0.0077738           0  -0.0077702 -0.00225466
-0.00403825   0.0077702           0  0.00301756
  -0.017432  0.00225466 -0.00301756           0
EndNode1[0]<--->Repeater1[0]
REAL
     0.3948  -0.0161335  -0.0172675    0.322153
 -0.0161335   0.0810157  0.00553753  -0.0105438
 -0.0172675  0.00553753   0.0931076 -0.00744568
   0.322153  -0.0105438 -0.00744568    0.431076
IMAGINARY
          0  0.00352843  0.00509687 -0.00466118
-0.00352843           0  0.00702246  -0.0177123
-0.00509687 -0.00702246           0  0.00785619
 0.00466118   0.0177123 -0.00785619           0
EndNode2[0]<--->HoM1[0]
REAL
    0.42063 -0.00045607 -0.00426539    0.330172
-0.00045607   0.0796788 -0.00882625 0.000785113
-0.00426539 -0.00882625   0.0877085  0.00161616
   0.330172 0.000785113  0.00161616    0.411983
IMAGINARY
           0  -0.00219667   0.00868244   0.00427204
  0.00219667            0  0.000600068   0.00652328
 -0.00868244 -0.000600068            0   -0.0130091
 -0.00427204  -0.00652328    0.0130091            0
Repeater1[0]<--->EndNode1[0]
REAL
     0.3948  -0.0172675  -0.0161335    0.322153
 -0.0172675   0.0931076  0.00553753 -0.00744568
 -0.0161335  0.00553753   0.0810157  -0.0105438
   0.322153 -0.00744568  -0.0105438    0.431076
IMAGINARY
          0  0.00509687  0.00352843 -0.00466118
-0.00509687           0 -0.00702246  0.00785619
-0.00352843  0.00702246           0  -0.0177123
 0.00466118 -0.00785619   0.0177123           0
Repeater1[0]<--->HoM1[0]
REAL
    0.42063 -0.00426539 -0.00045607    0.330172
-0.00426539   0.0877085 -0.00882625  0.00161616
-0.00045607 -0.00882625   0.0796788 0.000785113
   0.330172  0.00161616 0.000785113    0.411983
IMAGINARY
           0   0.00868244  -0.00219667   0.00427204
 -0.00868244            0 -0.000600068   -0.0130091
  0.00219667  0.000600068            0   0.00652328
 -0.00427204    0.0130091  -0.00652328            0
EndNode1[0]<--->Repeater1[0]
REAL
    0.402873   0.00405139 -0.000741059     0.320517
  0.00405139    0.0949407   0.00622208   0.00853482
-0.000741059   0.00622208    0.0793254   0.00314285
    0.320517   0.00853482   0.00314285     0.422861
IMAGINARY
           0   -0.0079118   0.00136886 -0.000553302
   0.0079118            0    0.0178785    0.0105432
 -0.00136886   -0.0178785            0   0.00821723
 0.000553302   -0.0105432  -0.00821723            0
EndNode2[0]<--->HoM1[0]
REAL
    0.412402  -0.00801765  -0.00556259     0.319411
 -0.00801765    0.0854907 -0.000780342  -0.00585011
 -0.00556259 -0.000780342    0.0915111  -0.00462886
    0.319411  -0.00585011  -0.00462886     0.410596
IMAGINARY
          0 -0.00463043 -0.00197751 -0.00393232
 0.00463043           0  0.00276682  0.00376962
 0.00197751 -0.00276682           0 -0.00373277
 0.00393232 -0.00376962  0.00373277           0
Repeater1[0]<--->EndNode1[0]
REAL
    0.402873 -0.000741059   0.00405139     0.320517
-0.000741059    0.0793254   0.00622208   0.00314285
  0.00405139   0.00622208    0.0949407   0.00853482
    0.320517   0.00314285   0.00853482     0.422861
IMAGINARY
           0   0.00136886   -0.0079118 -0.000553302
 -0.00136886            0   -0.0178785   0.00821723
   0.0079118    0.0178785            0    0.0105432
 0.000553302  -0.00821723   -0.0105432            0
Repeater1[0]<--->HoM1[0]
REAL
    0.412402  -0.00556259  -0.00801765     0.319411
 -0.00556259    0.0915111 -0.000780342  -0.00462886
 -0.00801765 -0.000780342    0.0854907  -0.00585011
    0.319411  -0.00462886  -0.00585011     0.410596
IMAGINARY
          0 -0.00197751 -0.00463043 -0.00393232
 0.00197751           0 -0.00276682 -0.00373277
 0.00463043  0.00276682           0  0.00376962
 0.00393232  0.00373277 -0.00376962           0
EndNode1[0]<--->Repeater1[0]
REAL
    0.408654    0.0112479 -8.89558e-05     0.334043
   0.0112479     0.100361  -0.00337439    0.0122263
-8.89558e-05  -0.00337439    0.0877404   0.00207359
    0.334043    0.0122263   0.00207359     0.403245
IMAGINARY
           0 -0.000576604  -0.00359219    0.0220787
 0.000576604            0   0.00514021  -0.00447715
  0.00359219  -0.00514021            0  -0.00211317
  -0.0220787   0.00447715   0.00211317            0
EndNode2[0]<--->HoM1[0]
REAL
   0.402381 -0.00146099   0.0137114    0.323978
-0.00146099   0.0928571 -0.00534752 -0.00291564
  0.0137114 -0.00534752   0.0904762  0.00732157
   0.323978 -0.00291564  0.00732157    0.414286
IMAGINARY
          0  -0.0272008  0.00413693 -0.00911224
  0.0272008           0  -0.0121835   0.0108191
-0.00413693   0.0121835           0  0.00110109
 0.00911224  -0.0108191 -0.00110109           0
Repeater1[0]<--->EndNode1[0]
REAL
    0.408654 -8.89558e-05    0.0112479     0.334043
-8.89558e-05    0.0877404  -0.00337439   0.00207359
   0.0112479  -0.00337439     0.100361    0.0122263
    0.334043   0.00207359    0.0122263     0.403245
IMAGINARY
           0  -0.00359219 -0.000576604    0.0220787
  0.00359219            0  -0.00514021  -0.00211317
 0.000576604   0.00514021            0  -0.00447715
  -0.0220787   0.00211317   0.00447715            0
Repeater1[0]<--->HoM1[0]
REAL
   0.402381   0.0137114 -0.00146099    0.323978
  0.0137114   0.0904762 -0.00534752  0.00732157
-0.00146099 -0.00534752   0.0928571 -0.00291564
   0.323978  0.00732157 -0.00291564    0.414286
IMAGINARY
          0  0.00413693  -0.0272008 -0.00911224
-0.00413693           0   0.0121835  0.00110109
  0.0272008  -0.0121835           0   0.0108191
 0.00911224 -0.00110109  -0.0108191           0
EndNode1[0]<--->Repeater1[0]
REAL
    0.415439  -0.00378882  -0.00262777     0.326801
 -0.00378882    0.0830878 -0.000449834  -0.00556895
 -0.00262777 -0.000449834     0.087802  -0.00319358
    0.326801  -0.00556895  -0.00319358     0.413671
IMAGINARY
           0    0.0101213  -0.00196148   0.00931812
  -0.0101213            0   0.00608473  -0.00533779
  0.00196148  -0.00608473            0  0.000827612
 -0.00931812   0.00533779 -0.000827612            0
EndNode2[0]<--->HoM1[0]
REAL
   0.428233 -0.00306199  0.00814812    0.330972
-0.00306199   0.0765125 -0.00287597 -0.00968848
 0.00814812 -0.00287597   0.0907473  0.00706692
   0.330972 -0.00968848  0.00706692    0.404508
IMAGINARY
          0  -0.0124414  0.00140665  0.00115664
  0.0124414           0 -0.00444808 -0.00356848
-0.00140665  0.00444808           0  0.00286763
-0.00115664  0.00356848 -0.00286763           0
Repeater1[0]<--->EndNode1[0]
REAL
    0.415439  -0.00262777  -0.00378882     0.326801
 -0.00262777     0.087802 -0.000449834  -0.00319358
 -0.00378882 -0.000449834    0.0830878  -0.00556895
    0.326801  -0.00319358  -0.00556895     0.413671
IMAGINARY
           0  -0.00196148    0.0101213   0.00931812
  0.00196148            0  -0.00608473  0.000827612
  -0.0101213   0.00608473            0  -0.00533779
 -0.00931812 -0.000827612   0.00533779            0
Repeater1[0]<--->HoM1[0]
REAL
   0.428233  0.00814812 -0.00306199    0.330972
 0.00814812   0.0907473 -0.00287597  0.00706692
-0.00306199 -0.00287597   0.0765125 -0.00968848
   0.330972  0.00706692 -0.00968848    0.404508
IMAGINARY
          0  0.00140665  -0.0124414  0.00115664
-0.00140665           0  0.00444808  0.00286763
  0.0124414 -0.00444808           0 -0.00356848
-0.00115664 -0.00286763  0.00356848           0
EndNode1[0]<--->Repeater1[0]
REAL
    0.405923 -0.000891011   -0.0109454     0.314606
-0.000891011     0.102787  -0.00280646  -0.00173901
  -0.0109454  -0.00280646    0.0900116   -0.0029438
    0.314606  -0.00173901   -0.0029438     0.401278
IMAGINARY
          0  0.00167585  -0.0112803   -0.017677
-0.00167585           0  -0.0067943 -0.00443915
  0.0112803   0.0067943           0   0.0104161
   0.017677  0.00443915  -0.0104161           0
EndNode2[0]<--->HoM1[0]
REAL
    0.419042  -0.00255992 -0.000917477     0.322228
 -0.00255992     0.102486  -0.00257592   -0.0071712
-0.000917477  -0.00257592    0.0861128  -0.00492959
    0.322228   -0.0071712  -0.00492959     0.392359
IMAGINARY
          0   -0.012731   0.0025495  0.00487655
   0.012731           0  0.00581229  0.00377199
 -0.0025495 -0.00581229           0 -0.00262122
-0.00487655 -0.00377199  0.00262122           0
Repeater1[0]<--->EndNode1[0]
REAL
    0.405923   -0.0109454 -0.000891011     0.314606
  -0.0109454    0.0900116  -0.00280646   -0.0029438
-0.000891011  -0.00280646     0.102787  -0.00173901
    0.314606   -0.0029438  -0.00173901     0.401278
IMAGINARY
          0  -0.0112803  0.00167585   -0.017677
  0.0112803           0   0.0067943   0.0104161
-0.00167585  -0.0067943           0 -0.00443915
   0.017677  -0.0104161  0.00443915           0
Repeater1[0]<--->HoM1[0]
REAL
    0.419042 -0.000917477  -0.00255992     0.322228
-0.000917477    0.0861128  -0.00257592  -0.00492959
 -0.00255992  -0.00257592     0.102486   -0.0071712
    0.322228  -0.00492959   -0.0071712     0.392359
IMAGINARY
          0   0.0025495   -0.012731  0.00487655
 -0.0025495           0 -0.00581229 -0.00262122
   0.012731  0.00581229           0  0.00377199
-0.00487655  0.00262122 -0.00377199           0
EndNode1[0]<--->Repeater1[0]
REAL
   0.413613 -0.00324341 -0.00333847    0.331279
-0.00324341   0.0756254 -0.00914672   0.0241959
-0.00333847 -0.00914672    0.098313   0.0107753
   0.331279   0.0241959   0.0107753    0.412449
IMAGINARY
           0   -0.0024167   0.00468369   0.00249797
   0.0024167            0  0.000485321    0.0103351
 -0.00468369 -0.000485321            0   -0.0144794
 -0.00249797   -0.0103351    0.0144794            0
EndNode2[0]<--->HoM1[0]
REAL
   0.403846 -0.00880144  -0.0173577    0.323552
-0.00880144   0.0856079  0.00193404  0.00762762
 -0.0173577  0.00193404   0.0899504   0.0103708
   0.323552  0.00762762   0.0103708    0.420596
IMAGINARY
          0  0.00853452 -0.00748885  -0.0018171
-0.00853452           0  0.00444714  -0.0105265
 0.00748885 -0.00444714           0   0.0106622
  0.0018171   0.0105265  -0.0106622           0
Repeater1[0]<--->EndNode1[0]
REAL
   0.413613 -0.00333847 -0.00324341    0.331279
-0.00333847    0.098313 -0.00914672   0.0107753
-0.00324341 -0.00914672   0.0756254   0.0241959
   0.331279   0.0107753   0.0241959    0.412449
IMAGINARY
           0   0.00468369   -0.0024167   0.00249797
 -0.00468369            0 -0.000485321   -0.0144794
   0.0024167  0.000485321            0    0.0103351
 -0.00249797    0.0144794   -0.0103351            0
Repeater1[0]<--->HoM1[0]
REAL
   0.403846  -0.0173577 -0.00880144    0.323552
 -0.0173577   0.0899504  0.00193404   0.0103708
-0.00880144  0.00193404   0.0856079  0.00762762
   0.323552   0.0103708  0.00762762    0.420596
IMAGINARY
          0 -0.00748885  0.00853452  -0.0018171
 0.00748885           0 -0.00444714   0.0106622
-0.00853452  0.00444714           0  -0.0105265
  0.0018171  -0.0106622   0.0105265           0
EndNode1[0]<--->Repeater1[0]
REAL
   0.421557  -0.0061485   0.0111719    0.334927
 -0.0061485   0.0922156   0.0027002 -0.00967401
  0.0111719   0.0027002   0.0808383   0.0130389
   0.334927 -0.00967401   0.0130389    0.405389
IMAGINARY
          0  0.00903623  0.00260427  0.00839276
-0.00903623           0  0.00567373 -0.00894102
-0.00260427 -0.00567373           0  0.00454252
-0.00839276  0.00894102 -0.00454252           0
EndNode2[0]<--->HoM1[0]
REAL
   0.437392   0.0114167 -0.00560914    0.325957
  0.0114167   0.0825159 -0.00278589 -0.00231769
-0.00560914 -0.00278589    0.084824  0.00382717
   0.325957 -0.00231769  0.00382717    0.395268
IMAGINARY
          0  0.00865165  -0.0024615  -0.0104169
-0.00865165           0  -0.0116031 -0.00771814
  0.0024615   0.0116031           0 -0.00206482
  0.0104169  0.00771814  0.00206482           0
Repeater1[0]<--->EndNode1[0]
REAL
   0.421557   0.0111719  -0.0061485    0.334927
  0.0111719   0.0808383   0.0027002   0.0130389
 -0.0061485   0.0027002   0.0922156 -0.00967401
   0.334927   0.0130389 -0.00967401    0.405389
IMAGINARY
          0  0.00260427  0.00903623  0.00839276
-0.00260427           0 -0.00567373  0.00454252
-0.00903623  0.00567373           0 -0.00894102
-0.00839276 -0.00454252  0.00894102           0
Repeater1[0]<--->HoM1[0]
REAL
   0.437392 -0.00560914   0.0114167    0.325957
-0.00560914    0.084824 -0.00278589  0.00382717
  0.0114167 -0.00278589   0.0825159 -0.00231769
   0.325957  0.00382717 -0.00231769    0.395268
IMAGINARY
          0  -0.0024615  0.00865165  -0.0104169
  0.0024615           0   0.0116031 -0.00206482
-0.00865165  -0.0116031           0 -0.00771814
  0.0104169  0.00206482  0.00771814           0
EndNode1[0]<--->Repeater1[0]
REAL
   0.411799 -0.00421743  0.00138144    0.330924
-0.00421743   0.0928738 -0.00574896   -0.018864
 0.00138144 -0.00574896   0.0735981 -0.00510658
   0.330924   -0.018864 -0.00510658    0.421729
IMAGINARY
           0   -0.0105416   0.00591985  -0.00531303
   0.0105416            0    0.0062161   0.00591985
 -0.00591985   -0.0062161            0 -0.000690899
  0.00531303  -0.00591985  0.000690899            0
EndNode2[0]<--->HoM1[0]
REAL
   0.430899   0.0196434   0.0069879    0.338354
  0.0196434    0.082076 -0.00423885   0.0193896
  0.0069879 -0.00423885    0.082076   0.0131819
   0.338354   0.0193896   0.0131819    0.404949
IMAGINARY
           0    -0.011387  0.000340978  -0.00701669
    0.011387            0  -0.00731917  -0.00466197
-0.000340978   0.00731917            0   0.00768331
  0.00701669   0.00466197  -0.00768331            0
Repeater1[0]<--->EndNode1[0]
REAL
   0.411799  0.00138144 -0.00421743    0.330924
 0.00138144   0.0735981 -0.00574896 -0.00510658
-0.00421743 -0.00574896   0.0928738   -0.018864
   0.330924 -0.00510658   -0.018864    0.421729
IMAGINARY
           0   0.00591985   -0.0105416  -0.00531303
 -0.00591985            0   -0.0062161 -0.000690899
   0.0105416    0.0062161            0   0.00591985
  0.00531303  0.000690899  -0.00591985            0
Repeater1[0]<--->HoM1[0]
REAL
   0.430899   0.0069879   0.0196434    0.338354
  0.0069879    0.082076 -0.00423885   0.0131819
  0.0196434 -0.00423885    0.082076   0.0193896
   0.338354   0.0131819   0.0193896    0.404949
IMAGINARY
           0  0.000340978    -0.011387  -0.00701669
-0.000340978            0   0.00731917   0.00768331
    0.011387  -0.00731917            0  -0.00466197
  0.00701669  -0.00768331   0.00466197            0
EndNode1[0]<--->Repeater1[0]
REAL
    0.432791  -0.00149979   0.00860703     0.321046
 -0.00149979    0.0880048   0.00202177  -0.00437998
  0.00860703   0.00202177    0.0813743 -0.000915673
    0.321046  -0.00437998 -0.000915673      0.39783
IMAGINARY
          0  0.00184334   0.0036645 -0.00850039
-0.00184334           0 -0.00422688 -0.00150267
 -0.0036645  0.00422688           0  0.00155382
 0.00850039  0.00150267 -0.00155382           0
EndNode2[0]<--->HoM1[0]
REAL
    0.405535   0.00120472   0.00281977     0.331014
  0.00120472    0.0842359 -0.000162387   0.00522073
  0.00281977 -0.000162387    0.0902527  -0.00626726
    0.331014   0.00522073  -0.00626726     0.419976
IMAGINARY
           0    0.0177698   -0.0169261 -8.14254e-05
  -0.0177698            0   -0.0110038  -0.00719157
   0.0169261    0.0110038            0  -0.00247564
 8.14254e-05   0.00719157   0.00247564            0
Repeater1[0]<--->EndNode1[0]
REAL
    0.432791   0.00860703  -0.00149979     0.321046
  0.00860703    0.0813743   0.00202177 -0.000915673
 -0.00149979   0.00202177    0.0880048  -0.00437998
    0.321046 -0.000915673  -0.00437998      0.39783
IMAGINARY
          0   0.0036645  0.00184334 -0.00850039
 -0.0036645           0  0.00422688  0.00155382
-0.00184334 -0.00422688           0 -0.00150267
 0.00850039 -0.00155382  0.00150267           0
Repeater1[0]<--->HoM1[0]
REAL
    0.405535   0.00281977   0.00120472     0.331014
  0.00281977    0.0902527 -0.000162387  -0.00626726
  0.00120472 -0.000162387    0.0842359   0.00522073
    0.331014  -0.00626726   0.00522073     0.419976
IMAGINARY
           0   -0.0169261    0.0177698 -8.14254e-05
   0.0169261            0    0.0110038  -0.00247564
  -0.0177698   -0.0110038            0  -0.00719157
 8.14254e-05   0.00247564   0.00719157            0
EndNode1[0]<--->Repeater1[0]
REAL
   0.408737  0.00420889 0.000385217    0.317945
 0.00420889   0.0783962 -0.00784923  0.00502344
0.000385217 -0.00784923   0.0807899  0.00600745
   0.317945  0.00502344  0.00600745    0.432077
IMAGINARY
          0  0.00954507   0.0129276  0.00739508
-0.00954507           0 -0.00708927  0.00235358
 -0.0129276  0.00708927           0  -0.0205475
-0.00739508 -0.00235358   0.0205475           0
EndNode2[0]<--->HoM1[0]
REAL
   0.411035 -0.00610024 -0.00307842    0.334181
-0.00610024   0.0886547 -0.00317886   0.0100714
-0.00307842 -0.00317886    0.099194  -0.0102168
   0.334181   0.0100714  -0.0102168    0.401116
IMAGINARY
           0    0.0149263   -0.0170492   -0.0120047
  -0.0149263            0  -0.00132859  -0.00445931
   0.0170492   0.00132859            0  0.000689445
   0.0120047   0.00445931 -0.000689445            0
Repeater1[0]<--->EndNode1[0]
REAL
   0.408737 0.000385217  0.00420889    0.317945
0.000385217   0.0807899 -0.00784923  0.00600745
 0.00420889 -0.00784923   0.0783962  0.00502344
   0.317945  0.00600745  0.00502344    0.432077
IMAGINARY
          0   0.0129276  0.00954507  0.00739508
 -0.0129276           0  0.00708927  -0.0205475
-0.00954507 -0.00708927           0  0.00235358
-0.00739508   0.0205475 -0.00235358           0
Repeater1[0]<--->HoM1[0]
REAL
   0.411035 -0.00307842 -0.00610024    0.334181
-0.00307842    0.099194 -0.00317886  -0.0102168
-0.00610024 -0.00317886   0.0886547   0.0100714
   0.334181  -0.0102168   0.0100714    0.401116
IMAGINARY
           0   -0.0170492    0.0149263   -0.0120047
   0.0170492            0   0.00132859  0.000689445
  -0.0149263  -0.00132859            0  -0.00445931
   0.0120047 -0.000689445   0.00445931            0
EndNode1[0]<--->Repeater1[0]
REAL
    0.406654   0.00208845  -0.00414059     0.332885
  0.00208845    0.0844116  -0.00723482  -0.00531568
 -0.00414059  -0.00723482    0.0936537 -0.000315398
    0.332885  -0.00531568 -0.000315398      0.41528
IMAGINARY
          0  0.00333696 -0.00554566 -0.00630585
-0.00333696           0  0.00092307  0.00195284
 0.00554566 -0.00092307           0 -0.00393576
 0.00630585 -0.00195284  0.00393576           0
EndNode2[0]<--->HoM1[0]
REAL
   0.405672  0.00577609 0.000596054    0.317496
 0.00577609   0.0961776 0.000578348 -0.00443539
0.000596054 0.000578348   0.0881628  -0.0107968
   0.317496 -0.00443539  -0.0107968    0.409988
IMAGINARY
          0 -0.00482623   0.0183803  0.00482358
 0.00482623           0  0.00860925  -0.0160628
 -0.0183803 -0.00860925           0  0.00250873
-0.00482358   0.0160628 -0.00250873           0
Repeater1[0]<--->EndNode1[0]
REAL
    0.406654  -0.00414059   0.00208845     0.332885
 -0.00414059    0.0936537  -0.00723482 -0.000315398
  0.00208845  -0.00723482    0.0844116  -0.00531568
    0.332885 -0.000315398  -0.00531568      0.41528
IMAGINARY
          0 -0.00554566  0.00333696 -0.00630585
 0.00554566           0 -0.00092307 -0.00393576
-0.00333696  0.00092307           0  0.00195284
 0.00630585  0.00393576 -0.00195284           0
Repeater1[0]<--->HoM1[0]
REAL
   0.405672 0.000596054  0.00577609    0.317496
0.000596054   0.0881628 0.000578348  -0.0107968
 0.00577609 0.000578348   0.0961776 -0.00443539
   0.317496  -0.0107968 -0.00443539    0.409988
IMAGINARY
          0   0.0183803 -0.00482623  0.00482358
 -0.0183803           0 -0.00860925  0.00250873
 0.00482623  0.00860925           0  -0.0160628
-0.00482358 -0.00250873   0.0160628           0
EndNode1[0]<--->Repeater1[0]
REAL
   0.393382  0.00217897 7.62997e-05      0.3338
 0.00217897   0.0919118  0.00771347   0.0144122
7.62997e-05  0.00771347   0.0814951  0.00639584
     0.3338   0.0144122  0.00639584    0.433211
IMAGINARY
           0  0.000619387   0.00282433    0.0207795
-0.000619387            0  -0.00325612  -0.00371772
 -0.00282433   0.00325612            0 -0.000917183
  -0.0207795   0.00371772  0.000917183            0
EndNode2[0]<--->HoM1[0]
REAL
   0.417843 -0.00673345 0.000921715    0.332492
-0.00673345   0.0909091 -0.00262684  0.00213826
0.000921715 -0.00262684   0.0920384 -0.00611845
   0.332492  0.00213826 -0.00611845    0.399209
IMAGINARY
          0 -0.00537318  0.00119862 -0.00809228
 0.00537318           0  0.00658717   0.0148728
-0.00119862 -0.00658717           0  -0.0148649
 0.00809228  -0.0148728   0.0148649           0
Repeater1[0]<--->EndNode1[0]
REAL
   0.393382 7.62997e-05  0.00217897      0.3338
7.62997e-05   0.0814951  0.00771347  0.00639584
 0.00217897  0.00771347   0.0919118   0.0144122
     0.3338  0.00639584   0.0144122    0.433211
IMAGINARY
           0   0.00282433  0.000619387    0.0207795
 -0.00282433            0   0.00325612 -0.000917183
-0.000619387  -0.00325612            0  -0.00371772
  -0.0207795  0.000917183   0.00371772            0
Repeater1[0]<--->HoM1[0]
REAL
   0.417843 0.000921715 -0.00673345    0.332492
0.000921715   0.0920384 -0.00262684 -0.00611845
-0.00673345 -0.00262684   0.0909091  0.00213826
   0.332492 -0.00611845  0.00213826    0.399209
IMAGINARY
          0  0.00119862 -0.00537318 -0.00809228
-0.00119862           0 -0.00658717  -0.0148649
 0.00537318  0.00658717           0   0.0148728
 0.00809228   0.0148649  -0.0148728           0
EndNode1[0]<--->Repeater1[0]
REAL
   0.410349  0.00056029 -0.00890964    0.335156
 0.00056029   0.0848375  -0.0026497   -0.004738
-0.00890964  -0.0026497   0.0830325 -0.00180098
   0.335156   -0.004738 -0.00180098    0.421781
IMAGINARY
           0  -0.00536141    0.0108068   0.00517733
  0.00536141            0  -0.00848063   0.00261005
  -0.0108068   0.00848063            0 -0.000899775
 -0.00517733  -0.00261005  0.000899775            0
EndNode2[0]<--->HoM1[0]
REAL
   0.414489  -0.0039976  -0.0139075    0.322932
 -0.0039976    0.084323  0.00922361  0.00389574
 -0.0139075  0.00922361   0.0825416 0.000464031
   0.322932  0.00389574 0.000464031    0.418646
IMAGINARY
          0  0.00291535   0.0190152 -0.00110815
-0.00291535           0  0.00200905 -0.00349089
 -0.0190152 -0.00200905           0  -0.0067232
 0.00110815  0.00349089   0.0067232           0
Repeater1[0]<--->EndNode1[0]
REAL
   0.410349 -0.00890964  0.00056029    0.335156
-0.00890964   0.0830325  -0.0026497 -0.00180098
 0.00056029  -0.0026497   0.0848375   -0.004738
   0.335156 -0.00180098   -0.004738    0.421781
IMAGINARY
           0    0.0108068  -0.00536141   0.00517733
  -0.0108068            0   0.00848063 -0.000899775
  0.00536141  -0.00848063            0   0.00261005
 -0.00517733  0.000899775  -0.00261005            0
Repeater1[0]<--->HoM1[0]
REAL
   0.414489  -0.0139075  -0.0039976    0.322932
 -0.0139075   0.0825416  0.00922361 0.000464031
 -0.0039976  0.00922361    0.084323  0.00389574
   0.322932 0.000464031  0.00389574    0.418646
IMAGINARY
          0   0.0190152  0.00291535 -0.00110815
 -0.0190152           0 -0.00200905  -0.0067232
-0.00291535  0.00200905           0 -0.00349089
 0.00110815   0.0067232  0.00349089           0
EndNode1[0]<--->Repeater1[0]
REAL
   0.414502 -0.00147293  0.00805704    0.327726
-0.00147293   0.0876133 -0.00367573  0.00713283
 0.00805704 -0.00367573   0.0906344  0.00653622
   0.327726  0.00713283  0.00653622    0.407251
IMAGINARY
           0  0.000332862  -0.00344673   -0.0179864
-0.000332862            0 -0.000442572   0.00112923
  0.00344673  0.000442572            0  -0.00207098
   0.0179864  -0.00112923   0.00207098            0
EndNode2[0]<--->HoM1[0]
REAL
   0.424731  0.00340537  0.00415741    0.330538
 0.00340537   0.0770609 -0.00676791  0.00169739
 0.00415741 -0.00676791   0.0955795 -0.00750373
   0.330538  0.00169739 -0.00750373    0.402628
IMAGINARY
           0 -0.000208313  -0.00849145  -0.00458019
 0.000208313            0   -0.0171852  -0.00581129
  0.00849145    0.0171852            0     0.015107
  0.00458019   0.00581129    -0.015107            0
Repeater1[0]<--->EndNode1[0]
REAL
   0.414502  0.00805704 -0.00147293    0.327726
 0.00805704   0.0906344 -0.00367573  0.00653622
-0.00147293 -0.00367573   0.0876133  0.00713283
   0.327726  0.00653622  0.00713283    0.407251
IMAGINARY
           0  -0.00344673  0.000332862   -0.0179864
  0.00344673            0  0.000442572  -0.00207098
-0.000332862 -0.000442572            0   0.00112923
   0.0179864   0.00207098  -0.00112923            0
Repeater1[0]<--->HoM1[0]
REAL
   0.424731  0.00415741  0.00340537    0.330538
 0.00415741   0.0955795 -0.00676791 -0.00750373
 0.00340537 -0.00676791   0.0770609  0.00169739
   0.330538 -0.00750373  0.00169739    0.402628
IMAGINARY
           0  -0.00849145 -0.000208313  -0.00458019
  0.00849145            0    0.0171852     0.015107
 0.000208313   -0.0171852            0  -0.00581129
  0.00458019    -0.015107   0.00581129            0
EndNode1[0]<--->Repeater1[0]
REAL
   0.415919 -0.00592735  0.00192978    0.323848
-0.00592735   0.0927588 -0.00848057  0.00839132
 0.00192978 -0.00848057   0.0819868   0.0219824
   0.323848  0.00839132   0.0219824    0.409336
IMAGINARY
           0   0.00294634 -0.000285489  -0.00144923
 -0.00294634            0  -0.00765271   0.00149176
 0.000285489   0.00765271            0   -0.0162153
  0.00144923  -0.00149176    0.0162153            0
EndNode2[0]<--->HoM1[0]
REAL
   0.419896  0.00219576  0.00674436    0.319297
 0.00219576     0.08155 0.000433339  0.00764202
 0.00674436 0.000433339    0.092539  0.00455703
   0.319297  0.00764202  0.00455703    0.406015
IMAGINARY
          0  0.00272554  0.00749337 -0.00716746
-0.00272554           0  0.00864763  0.00593574
-0.00749337 -0.00864763           0   0.0063313
 0.00716746 -0.00593574  -0.0063313           0
Repeater1[0]<--->EndNode1[0]
REAL
   0.415919  0.00192978 -0.00592735    0.323848
 0.00192978   0.0819868 -0.00848057   0.0219824
-0.00592735 -0.00848057   0.0927588  0.00839132
   0.323848   0.0219824  0.00839132    0.409336
IMAGINARY
           0 -0.000285489   0.00294634  -0.00144923
 0.000285489            0   0.00765271   -0.0162153
 -0.00294634  -0.00765271            0   0.00149176
  0.00144923    0.0162153  -0.00149176            0
Repeater1[0]<--->HoM1[0]
REAL
   0.419896  0.00674436  0.00219576    0.319297
 0.00674436    0.092539 0.000433339  0.00455703
 0.00219576 0.000433339     0.08155  0.00764202
   0.319297  0.00455703  0.00764202    0.406015
IMAGINARY
          0  0.00749337  0.00272554 -0.00716746
-0.00749337           0 -0.00864763   0.0063313
-0.00272554  0.00864763           0  0.00593574
 0.00716746  -0.0063313 -0.00593574           0
EndNode1[0]<--->Repeater1[0]
REAL
   0.403456  0.00721298 -0.00053866    0.327073
 0.00721298     0.09118  0.00766263  0.00955308
-0.00053866  0.00766263   0.0828367  0.00480625
   0.327073  0.00955308  0.00480625    0.422527
IMAGINARY
           0   0.00730869   -0.0083775  -0.00250726
 -0.00730869            0   0.00519383   0.00223499
   0.0083775  -0.00519383            0  6.23153e-05
  0.00250726  -0.00223499 -6.23153e-05            0
EndNode2[0]<--->HoM1[0]
REAL
   0.416569 -0.00927548 -0.00870494    0.324834
-0.00927548   0.0851939 -0.00254678  0.00606564
-0.00870494 -0.00254678   0.0904818  0.00956874
   0.324834  0.00606564  0.00956874    0.407756
IMAGINARY
          0  0.00181431 -0.00907852   0.0188465
-0.00181431           0 -0.00734533 -0.00937386
 0.00907852  0.00734533           0   0.0178285
 -0.0188465  0.00937386  -0.0178285           0
Repeater1[0]<--->EndNode1[0]
REAL
   0.403456 -0.00053866  0.00721298    0.327073
-0.00053866   0.0828367  0.00766263  0.00480625
 0.00721298  0.00766263     0.09118  0.00955308
   0.327073  0.00480625  0.00955308    0.422527
IMAGINARY
           0   -0.0083775   0.00730869  -0.00250726
   0.0083775            0  -0.00519383  6.23153e-05
 -0.00730869   0.00519383            0   0.00223499
  0.00250726 -6.23153e-05  -0.00223499            0
Repeater1[0]<--->HoM1[0]
REAL
   0.416569 -0.00870494 -0.00927548    0.324834
