EndNode1[0]<--->Repeater1[0]
REAL
  0.408907   -0.02961 -0.0369731   0.344703
  -0.02961  0.0674764  0.0103159 0.00289623
-0.0369731  0.0103159   0.097166 -0.0131409
  0.344703 0.00289623 -0.0131409   0.426451
IMAGINARY
          0    0.025967 -0.00689583 -0.00671383
  -0.025967           0 -0.00797327  -0.0114354
 0.00689583  0.00797327           0  -0.0139569
 0.00671383   0.0114354   0.0139569           0
EndNode2[0]<--->HoM1[0]
REAL
   0.413524   0.0178683  0.00827806    0.329522
  0.0178683   0.0845254 -0.00998375   0.0208943
 0.00827806 -0.00998375   0.0845254   0.0153746
   0.329522   0.0208943   0.0153746    0.417425
IMAGINARY
          0  -0.0173874  0.00432099  -0.0242611
  0.0173874           0  -0.0209586   0.0228395
-0.00432099   0.0209586           0 -0.00977314
  0.0242611  -0.0228395  0.00977314           0
Repeater1[0]<--->EndNode1[0]
REAL
  0.408907 -0.0369731   -0.02961   0.344703
-0.0369731   0.097166  0.0103159 -0.0131409
  -0.02961  0.0103159  0.0674764 0.00289623
  0.344703 -0.0131409 0.00289623   0.426451
IMAGINARY
          0 -0.00689583    0.025967 -0.00671383
 0.00689583           0  0.00797327  -0.0139569
  -0.025967 -0.00797327           0  -0.0114354
 0.00671383   0.0139569   0.0114354           0
Repeater1[0]<--->HoM1[0]
REAL
   0.413524  0.00827806   0.0178683    0.329522
 0.00827806   0.0845254 -0.00998375   0.0153746
  0.0178683 -0.00998375   0.0845254   0.0208943
   0.329522   0.0153746   0.0208943    0.417425
IMAGINARY
          0  0.00432099  -0.0173874  -0.0242611
-0.00432099           0   0.0209586 -0.00977314
  0.0173874  -0.0209586           0   0.0228395
  0.0242611  0.00977314  -0.0228395           0
EndNode1[0]<--->Repeater1[0]
REAL
   0.403965  -0.0128323 -0.00922262    0.317098
 -0.0128323   0.0731103   0.0193883  -0.0272639
-0.00922262   0.0193883    0.086741  -0.0168974
   0.317098  -0.0272639  -0.0168974    0.436183
IMAGINARY
          0  -0.0146215 -0.00566077  0.00798866
  0.0146215           0 -3.2727e-05   0.0196557
 0.00566077  3.2727e-05           0  -0.0133683
-0.00798866  -0.0196557   0.0133683           0
EndNode2[0]<--->HoM1[0]
REAL
  0.397059 -0.0137501 0.00781834   0.308043
-0.0137501   0.112299 -0.0110316 -0.0109317
0.00781834 -0.0110316  0.0895722 0.00690075
  0.308043 -0.0109317 0.00690075    0.40107
IMAGINARY
          0  0.00025359   -0.019848  -0.0153177
-0.00025359           0  -0.0146951  0.00371892
   0.019848   0.0146951           0 -0.00235738
  0.0153177 -0.00371892  0.00235738           0
Repeater1[0]<--->EndNode1[0]
REAL
   0.403965 -0.00922262  -0.0128323    0.317098
-0.00922262    0.086741   0.0193883  -0.0168974
 -0.0128323   0.0193883   0.0731103  -0.0272639
   0.317098  -0.0168974  -0.0272639    0.436183
IMAGINARY
          0 -0.00566077  -0.0146215  0.00798866
 0.00566077           0  3.2727e-05  -0.0133683
  0.0146215 -3.2727e-05           0   0.0196557
-0.00798866   0.0133683  -0.0196557           0
Repeater1[0]<--->HoM1[0]
REAL
  0.397059 0.00781834 -0.0137501   0.308043
0.00781834  0.0895722 -0.0110316 0.00690075
-0.0137501 -0.0110316   0.112299 -0.0109317
  0.308043 0.00690075 -0.0109317    0.40107
IMAGINARY
          0   -0.019848  0.00025359  -0.0153177
   0.019848           0   0.0146951 -0.00235738
-0.00025359  -0.0146951           0  0.00371892
  0.0153177  0.00235738 -0.00371892           0
EndNode1[0]<--->Repeater1[0]
REAL
   0.441916  0.00461396 -0.00470319    0.315207
 0.00461396   0.0922156 -0.00644164  -0.0185372
-0.00470319 -0.00644164   0.0730539 -0.00394994
   0.315207  -0.0185372 -0.00394994    0.392814
IMAGINARY
          0   0.0228312  0.00152935  -0.0120032
 -0.0228312           0   0.0174086  -0.0205945
-0.00152935  -0.0174086           0  -0.0172962
  0.0120032   0.0205945   0.0172962           0
EndNode2[0]<--->HoM1[0]
REAL
    0.413233  -0.00731183     0.025621     0.316497
 -0.00731183    0.0861423 -0.000496732  -0.00828771
    0.025621 -0.000496732    0.0998752    0.0139785
    0.316497  -0.00828771    0.0139785     0.400749
IMAGINARY
          0    0.013452  0.00757081 -0.00118998
  -0.013452           0   0.0171474 -0.00168845
-0.00757081  -0.0171474           0   0.0251101
 0.00118998  0.00168845  -0.0251101           0
Repeater1[0]<--->EndNode1[0]
REAL
   0.441916 -0.00470319  0.00461396    0.315207
-0.00470319   0.0730539 -0.00644164 -0.00394994
 0.00461396 -0.00644164   0.0922156  -0.0185372
   0.315207 -0.00394994  -0.0185372    0.392814
IMAGINARY
          0  0.00152935   0.0228312  -0.0120032
-0.00152935           0  -0.0174086  -0.0172962
 -0.0228312   0.0174086           0  -0.0205945
  0.0120032   0.0172962   0.0205945           0
Repeater1[0]<--->HoM1[0]
REAL
    0.413233     0.025621  -0.00731183     0.316497
    0.025621    0.0998752 -0.000496732    0.0139785
 -0.00731183 -0.000496732    0.0861423  -0.00828771
    0.316497    0.0139785  -0.00828771     0.400749
IMAGINARY
          0  0.00757081    0.013452 -0.00118998
-0.00757081           0  -0.0171474   0.0251101
  -0.013452   0.0171474           0 -0.00168845
 0.00118998  -0.0251101  0.00168845           0
EndNode1[0]<--->Repeater1[0]
REAL
   0.413889 -0.00265004 -0.00710223    0.309224
-0.00265004      0.0875  -0.0164645  0.00647801
-0.00710223  -0.0164645   0.0916667   0.0344852
   0.309224  0.00647801   0.0344852    0.406944
IMAGINARY
          0 -0.00117364 -0.00889358  0.00136082
 0.00117364           0   0.0111392   0.0108595
 0.00889358  -0.0111392           0   0.0162457
-0.00136082  -0.0108595  -0.0162457           0
EndNode2[0]<--->HoM1[0]
REAL
   0.424779 -0.00408989  -0.0167496    0.320434
-0.00408989   0.0935525  -0.0118156  -0.0181046
 -0.0167496  -0.0118156    0.101138 -0.00921809
   0.320434  -0.0181046 -0.00921809    0.380531
IMAGINARY
           0  0.000409317   -0.0202856   -0.0253829
-0.000409317            0  -0.00303301    0.0131334
   0.0202856   0.00303301            0    0.0158456
   0.0253829   -0.0131334   -0.0158456            0
Repeater1[0]<--->EndNode1[0]
REAL
   0.413889 -0.00710223 -0.00265004    0.309224
-0.00710223   0.0916667  -0.0164645   0.0344852
-0.00265004  -0.0164645      0.0875  0.00647801
   0.309224   0.0344852  0.00647801    0.406944
IMAGINARY
          0 -0.00889358 -0.00117364  0.00136082
 0.00889358           0  -0.0111392   0.0162457
 0.00117364   0.0111392           0   0.0108595
-0.00136082  -0.0162457  -0.0108595           0
Repeater1[0]<--->HoM1[0]
REAL
   0.424779  -0.0167496 -0.00408989    0.320434
 -0.0167496    0.101138  -0.0118156 -0.00921809
-0.00408989  -0.0118156   0.0935525  -0.0181046
   0.320434 -0.00921809  -0.0181046    0.380531
IMAGINARY
           0   -0.0202856  0.000409317   -0.0253829
   0.0202856            0   0.00303301    0.0158456
-0.000409317  -0.00303301            0    0.0131334
   0.0253829   -0.0158456   -0.0131334            0
EndNode1[0]<--->Repeater1[0]
REAL
   0.404848   0.0174376 -0.00866532    0.326439
  0.0174376    0.100606   0.0130351  -0.0137031
-0.00866532   0.0130351   0.0824242  -0.0134902
   0.326439  -0.0137031  -0.0134902    0.412121
IMAGINARY
          0   0.0150182  -0.0196238    0.015582
 -0.0150182           0  0.00174796  0.00714021
  0.0196238 -0.00174796           0  0.00534971
  -0.015582 -0.00714021 -0.00534971           0
EndNode2[0]<--->HoM1[0]
REAL
   0.411227 0.000535329 -0.00748203      0.3305
0.000535329   0.0953003  -0.0111455   0.0249014
-0.00748203  -0.0111455   0.0900783 -0.00892243
     0.3305   0.0249014 -0.00892243    0.403394
IMAGINARY
          0  -0.0251103  0.00689302  -0.0147923
  0.0251103           0  0.00304292  0.00432892
-0.00689302 -0.00304292           0   0.0151353
  0.0147923 -0.00432892  -0.0151353           0
Repeater1[0]<--->EndNode1[0]
REAL
   0.404848 -0.00866532   0.0174376    0.326439
-0.00866532   0.0824242   0.0130351  -0.0134902
  0.0174376   0.0130351    0.100606  -0.0137031
   0.326439  -0.0134902  -0.0137031    0.412121
IMAGINARY
          0  -0.0196238   0.0150182    0.015582
  0.0196238           0 -0.00174796  0.00534971
 -0.0150182  0.00174796           0  0.00714021
  -0.015582 -0.00534971 -0.00714021           0
Repeater1[0]<--->HoM1[0]
REAL
   0.411227 -0.00748203 0.000535329      0.3305
-0.00748203   0.0900783  -0.0111455 -0.00892243
0.000535329  -0.0111455   0.0953003   0.0249014
     0.3305 -0.00892243   0.0249014    0.403394
IMAGINARY
          0  0.00689302  -0.0251103  -0.0147923
-0.00689302           0 -0.00304292   0.0151353
  0.0251103  0.00304292           0  0.00432892
  0.0147923  -0.0151353 -0.00432892           0
EndNode1[0]<--->Repeater1[0]
REAL
 0.398363 0.0126138 0.0234526  0.315378
0.0126138 0.0845839 0.0127467 0.0273286
0.0234526 0.0127467 0.0723056 0.0329591
 0.315378 0.0273286 0.0329591  0.444748
IMAGINARY
          0  -0.0235319   0.0268431  -0.0209584
  0.0235319           0 -0.00371697   0.0192095
 -0.0268431  0.00371697           0   -0.014626
  0.0209584  -0.0192095    0.014626           0
EndNode2[0]<--->HoM1[0]
REAL
   0.397574 -0.00362913 -0.00732882    0.331351
-0.00362913    0.106469 -0.00159261  -0.0127784
-0.00732882 -0.00159261   0.0808625  -0.0017328
   0.331351  -0.0127784  -0.0017328    0.415094
IMAGINARY
           0   -0.0170195  -0.00257732  -0.00924819
   0.0170195            0 -0.000135188   0.00257732
  0.00257732  0.000135188            0    0.0135148
  0.00924819  -0.00257732   -0.0135148            0
Repeater1[0]<--->EndNode1[0]
REAL
 0.398363 0.0234526 0.0126138  0.315378
0.0234526 0.0723056 0.0127467 0.0329591
0.0126138 0.0127467 0.0845839 0.0273286
 0.315378 0.0329591 0.0273286  0.444748
IMAGINARY
          0   0.0268431  -0.0235319  -0.0209584
 -0.0268431           0  0.00371697   -0.014626
  0.0235319 -0.00371697           0   0.0192095
  0.0209584    0.014626  -0.0192095           0
Repeater1[0]<--->HoM1[0]
REAL
   0.397574 -0.00732882 -0.00362913    0.331351
-0.00732882   0.0808625 -0.00159261  -0.0017328
-0.00362913 -0.00159261    0.106469  -0.0127784
   0.331351  -0.0017328  -0.0127784    0.415094
IMAGINARY
           0  -0.00257732   -0.0170195  -0.00924819
  0.00257732            0  0.000135188    0.0135148
   0.0170195 -0.000135188            0   0.00257732
  0.00924819   -0.0135148  -0.00257732            0
EndNode1[0]<--->Repeater1[0]
REAL
   0.417513  -0.0144663  -0.0167811    0.326769
 -0.0144663   0.0812183 -0.00778127  -0.0173961
 -0.0167811 -0.00778127   0.0774112  -0.0209767
   0.326769  -0.0173961  -0.0209767    0.423858
IMAGINARY
           0 -4.16401e-05    0.0132136   0.00651981
 4.16401e-05            0  -0.00720568   -0.0278121
  -0.0132136   0.00720568            0   0.00734091
 -0.00651981    0.0278121  -0.00734091            0
EndNode2[0]<--->HoM1[0]
REAL
    0.44226 -0.00612145   0.0162045    0.313766
-0.00612145   0.0773956  0.00534218 -0.00919818
  0.0162045  0.00534218   0.0847666 0.000388966
   0.313766 -0.00919818 0.000388966    0.395577
IMAGINARY
          0 -0.00888642  0.00412588 -0.00330027
 0.00888642           0    0.015654  0.00674368
-0.00412588   -0.015654           0  0.00752772
 0.00330027 -0.00674368 -0.00752772           0
Repeater1[0]<--->EndNode1[0]
REAL
   0.417513  -0.0167811  -0.0144663    0.326769
 -0.0167811   0.0774112 -0.00778127  -0.0209767
 -0.0144663 -0.00778127   0.0812183  -0.0173961
   0.326769  -0.0209767  -0.0173961    0.423858
IMAGINARY
           0    0.0132136 -4.16401e-05   0.00651981
  -0.0132136            0   0.00720568   0.00734091
 4.16401e-05  -0.00720568            0   -0.0278121
 -0.00651981  -0.00734091    0.0278121            0
Repeater1[0]<--->HoM1[0]
REAL
    0.44226   0.0162045 -0.00612145    0.313766
  0.0162045   0.0847666  0.00534218 0.000388966
-0.00612145  0.00534218   0.0773956 -0.00919818
   0.313766 0.000388966 -0.00919818    0.395577
IMAGINARY
          0  0.00412588 -0.00888642 -0.00330027
-0.00412588           0   -0.015654  0.00752772
 0.00888642    0.015654           0  0.00674368
 0.00330027 -0.00752772 -0.00674368           0
EndNode1[0]<--->Repeater1[0]
REAL
   0.416559 -0.00742767  -0.0119664    0.331088
-0.00742767   0.0957309  0.00633137  -0.0131949
 -0.0119664  0.00633137   0.0646831  -0.0203143
   0.331088  -0.0131949  -0.0203143    0.423027
IMAGINARY
           0   0.00952684    0.0256619   0.00928544
 -0.00952684            0  -0.00800009  -0.00966745
  -0.0256619   0.00800009            0 -0.000486509
 -0.00928544   0.00966745  0.000486509            0
EndNode2[0]<--->HoM1[0]
REAL
  0.418394  0.0254623 -0.0297702   0.323355
 0.0254623  0.0893782  0.0119859  0.0250848
-0.0297702  0.0119859  0.0841969 -0.0207769
  0.323355  0.0250848 -0.0207769   0.408031
IMAGINARY
          0   0.0217269 -0.00189813  -0.0038404
 -0.0217269           0 -0.00052914    0.013526
 0.00189813  0.00052914           0 -0.00493107
  0.0038404   -0.013526  0.00493107           0
Repeater1[0]<--->EndNode1[0]
REAL
   0.416559  -0.0119664 -0.00742767    0.331088
 -0.0119664   0.0646831  0.00633137  -0.0203143
-0.00742767  0.00633137   0.0957309  -0.0131949
   0.331088  -0.0203143  -0.0131949    0.423027
IMAGINARY
           0    0.0256619   0.00952684   0.00928544
  -0.0256619            0   0.00800009 -0.000486509
 -0.00952684  -0.00800009            0  -0.00966745
 -0.00928544  0.000486509   0.00966745            0
Repeater1[0]<--->HoM1[0]
REAL
  0.418394 -0.0297702  0.0254623   0.323355
-0.0297702  0.0841969  0.0119859 -0.0207769
 0.0254623  0.0119859  0.0893782  0.0250848
  0.323355 -0.0207769  0.0250848   0.408031
IMAGINARY
          0 -0.00189813   0.0217269  -0.0038404
 0.00189813           0  0.00052914 -0.00493107
 -0.0217269 -0.00052914           0    0.013526
  0.0038404  0.00493107   -0.013526           0
EndNode1[0]<--->Repeater1[0]
REAL
  0.404255 0.00206843 0.00452491     0.3412
0.00206843  0.0837766  0.0176708  0.0304213
0.00452491  0.0176708  0.0731383  0.0234692
    0.3412  0.0304213  0.0234692    0.43883
IMAGINARY
          0   0.0103079  -0.0022332  0.00585938
 -0.0103079           0  0.00325521   -0.025927
  0.0022332 -0.00325521           0  0.00909135
-0.00585938    0.025927 -0.00909135           0
EndNode2[0]<--->HoM1[0]
REAL
    0.425971 -0.000859458   0.00315676     0.325995
-0.000859458    0.0813107   -0.0134952  -0.00723285
  0.00315676   -0.0134952    0.0764563    -0.019521
    0.325995  -0.00723285    -0.019521     0.416262
IMAGINARY
          0  -0.0109289   0.0172597  -0.0169649
  0.0109289           0 -0.00231526   0.0152244
 -0.0172597  0.00231526           0  0.00392256
  0.0169649  -0.0152244 -0.00392256           0
Repeater1[0]<--->EndNode1[0]
REAL
  0.404255 0.00452491 0.00206843     0.3412
0.00452491  0.0731383  0.0176708  0.0234692
0.00206843  0.0176708  0.0837766  0.0304213
    0.3412  0.0234692  0.0304213    0.43883
IMAGINARY
          0  -0.0022332   0.0103079  0.00585938
  0.0022332           0 -0.00325521  0.00909135
 -0.0103079  0.00325521           0   -0.025927
-0.00585938 -0.00909135    0.025927           0
Repeater1[0]<--->HoM1[0]
REAL
    0.425971   0.00315676 -0.000859458     0.325995
  0.00315676    0.0764563   -0.0134952    -0.019521
-0.000859458   -0.0134952    0.0813107  -0.00723285
    0.325995    -0.019521  -0.00723285     0.416262
IMAGINARY
          0   0.0172597  -0.0109289  -0.0169649
 -0.0172597           0  0.00231526  0.00392256
  0.0109289 -0.00231526           0   0.0152244
  0.0169649 -0.00392256  -0.0152244           0
EndNode1[0]<--->Repeater1[0]
REAL
    0.3947 -0.0132039 -0.0190097   0.340946
-0.0132039   0.104603 -0.0163842 0.00146585
-0.0190097 -0.0163842   0.083682 0.00317882
  0.340946 0.00146585 0.00317882   0.417015
IMAGINARY
           0   -0.0226238    0.0131292  0.000882911
   0.0226238            0   0.00901808    0.0143577
  -0.0131292  -0.00901808            0   0.00429923
-0.000882911   -0.0143577  -0.00429923            0
EndNode2[0]<--->HoM1[0]
REAL
     0.42987 -1.52987e-05    0.0163015     0.328864
-1.52987e-05    0.0792208   0.00250893   -0.0130335
   0.0163015   0.00250893    0.0753247  -0.00586705
    0.328864   -0.0130335  -0.00586705     0.415584
IMAGINARY
           0   0.00383886    0.0135197 -0.000985306
 -0.00383886            0   0.00991388   0.00618474
  -0.0135197  -0.00991388            0   -0.0198487
 0.000985306  -0.00618474    0.0198487            0
Repeater1[0]<--->EndNode1[0]
REAL
    0.3947 -0.0190097 -0.0132039   0.340946
-0.0190097   0.083682 -0.0163842 0.00317882
-0.0132039 -0.0163842   0.104603 0.00146585
  0.340946 0.00317882 0.00146585   0.417015
IMAGINARY
           0    0.0131292   -0.0226238  0.000882911
  -0.0131292            0  -0.00901808   0.00429923
   0.0226238   0.00901808            0    0.0143577
-0.000882911  -0.00429923   -0.0143577            0
Repeater1[0]<--->HoM1[0]
REAL
     0.42987    0.0163015 -1.52987e-05     0.328864
   0.0163015    0.0753247   0.00250893  -0.00586705
-1.52987e-05   0.00250893    0.0792208   -0.0130335
    0.328864  -0.00586705   -0.0130335     0.415584
IMAGINARY
           0    0.0135197   0.00383886 -0.000985306
  -0.0135197            0  -0.00991388   -0.0198487
 -0.00383886   0.00991388            0   0.00618474
 0.000985306    0.0198487  -0.00618474            0
EndNode1[0]<--->Repeater1[0]
REAL
   0.410853  -0.0324629 -0.00758776    0.318217
 -0.0324629   0.0736434  0.00758117 -0.00172075
-0.00758776  0.00758117    0.102067 -0.00743076
   0.318217 -0.00172075 -0.00743076    0.413437
IMAGINARY
          0   0.0126094 -0.00907912 -0.00429927
 -0.0126094           0 -0.00681184  -0.0110246
 0.00907912  0.00681184           0  0.00230633
 0.00429927   0.0110246 -0.00230633           0
EndNode2[0]<--->HoM1[0]
REAL
     0.40721   0.00096424  -0.00766481     0.325312
  0.00096424    0.0974633   -0.0062291    0.0107627
 -0.00766481   -0.0062291    0.0761015 -0.000344661
    0.325312    0.0107627 -0.000344661     0.419226
IMAGINARY
          0  -0.0190051  0.00289795   0.0120011
  0.0190051           0  0.00232364   0.0120363
-0.00289795 -0.00232364           0 -0.00907134
 -0.0120011  -0.0120363  0.00907134           0
Repeater1[0]<--->EndNode1[0]
REAL
   0.410853 -0.00758776  -0.0324629    0.318217
-0.00758776    0.102067  0.00758117 -0.00743076
 -0.0324629  0.00758117   0.0736434 -0.00172075
   0.318217 -0.00743076 -0.00172075    0.413437
IMAGINARY
          0 -0.00907912   0.0126094 -0.00429927
 0.00907912           0  0.00681184  0.00230633
 -0.0126094 -0.00681184           0  -0.0110246
 0.00429927 -0.00230633   0.0110246           0
Repeater1[0]<--->HoM1[0]
REAL
     0.40721  -0.00766481   0.00096424     0.325312
 -0.00766481    0.0761015   -0.0062291 -0.000344661
  0.00096424   -0.0062291    0.0974633    0.0107627
    0.325312 -0.000344661    0.0107627     0.419226
IMAGINARY
          0  0.00289795  -0.0190051   0.0120011
-0.00289795           0 -0.00232364 -0.00907134
  0.0190051  0.00232364           0   0.0120363
 -0.0120011  0.00907134  -0.0120363           0
EndNode1[0]<--->Repeater1[0]
REAL
  0.397668  0.0128027 -0.0053058   0.325608
 0.0128027  0.0893782 -0.0109935 -0.0156685
-0.0053058 -0.0109935  0.0880829  -0.018892
  0.325608 -0.0156685  -0.018892    0.42487
IMAGINARY
          0   0.0129603   0.0029182  0.00228783
 -0.0129603           0 -0.00789181 -0.00880055
 -0.0029182  0.00789181           0 -0.00838512
-0.00228783  0.00880055  0.00838512           0
EndNode2[0]<--->HoM1[0]
REAL
   0.405612  0.00760471   0.0174487    0.334982
 0.00760471   0.0982143   0.0221612 -0.00564744
  0.0174487   0.0221612   0.0905612   0.0178611
   0.334982 -0.00564744   0.0178611    0.405612
IMAGINARY
          0   0.0225837 -0.00864764   0.0114201
 -0.0225837           0  0.00143339  -0.0105831
 0.00864764 -0.00143339           0  -0.0136093
 -0.0114201   0.0105831   0.0136093           0
Repeater1[0]<--->EndNode1[0]
REAL
  0.397668 -0.0053058  0.0128027   0.325608
-0.0053058  0.0880829 -0.0109935  -0.018892
 0.0128027 -0.0109935  0.0893782 -0.0156685
  0.325608  -0.018892 -0.0156685    0.42487
IMAGINARY
          0   0.0029182   0.0129603  0.00228783
 -0.0029182           0  0.00789181 -0.00838512
 -0.0129603 -0.00789181           0 -0.00880055
-0.00228783  0.00838512  0.00880055           0
Repeater1[0]<--->HoM1[0]
REAL
   0.405612   0.0174487  0.00760471    0.334982
  0.0174487   0.0905612   0.0221612   0.0178611
 0.00760471   0.0221612   0.0982143 -0.00564744
   0.334982   0.0178611 -0.00564744    0.405612
IMAGINARY
          0 -0.00864764   0.0225837   0.0114201
 0.00864764           0 -0.00143339  -0.0136093
 -0.0225837  0.00143339           0  -0.0105831
 -0.0114201   0.0136093   0.0105831           0
EndNode1[0]<--->Repeater1[0]
REAL
   0.431646 -0.00222816   0.0196795    0.327598
-0.00222816   0.0962025  0.00528951 -0.00631056
  0.0196795  0.00528951    0.103797 -0.00980392
   0.327598 -0.00631056 -0.00980392    0.368354
IMAGINARY
          0 -0.00683467 -0.00741587 -0.00880477
 0.00683467           0  -0.0153152 -0.00360877
 0.00741587   0.0153152           0  0.00618616
 0.00880477  0.00360877 -0.00618616           0
EndNode2[0]<--->HoM1[0]
REAL
   0.410923  0.00964744   0.0174354    0.311722
 0.00964744    0.083225  0.00917388   0.0161467
  0.0174354  0.00917388   0.0676203 -0.00342853
   0.311722   0.0161467 -0.00342853    0.438231
IMAGINARY
          0  -0.0162594   0.0251309   0.0340168
  0.0162594           0 -0.00169745  -0.0193984
 -0.0251309  0.00169745           0   0.0219919
 -0.0340168   0.0193984  -0.0219919           0
Repeater1[0]<--->EndNode1[0]
REAL
   0.431646   0.0196795 -0.00222816    0.327598
  0.0196795    0.103797  0.00528951 -0.00980392
-0.00222816  0.00528951   0.0962025 -0.00631056
   0.327598 -0.00980392 -0.00631056    0.368354
IMAGINARY
          0 -0.00741587 -0.00683467 -0.00880477
 0.00741587           0   0.0153152  0.00618616
 0.00683467  -0.0153152           0 -0.00360877
 0.00880477 -0.00618616  0.00360877           0
Repeater1[0]<--->HoM1[0]
REAL
   0.410923   0.0174354  0.00964744    0.311722
  0.0174354   0.0676203  0.00917388 -0.00342853
 0.00964744  0.00917388    0.083225   0.0161467
   0.311722 -0.00342853   0.0161467    0.438231
IMAGINARY
          0   0.0251309  -0.0162594   0.0340168
 -0.0251309           0  0.00169745   0.0219919
  0.0162594 -0.00169745           0  -0.0193984
 -0.0340168  -0.0219919   0.0193984           0
EndNode1[0]<--->Repeater1[0]
REAL
  0.422535 0.00206178  0.0231692   0.327836
0.00206178  0.0947503 0.00329815  0.0177279
 0.0231692 0.00329815  0.0742638  0.0230042
  0.327836  0.0177279  0.0230042   0.408451
IMAGINARY
           0    0.0072423  -0.00729569  -0.00695555
  -0.0072423            0  -0.00630705  0.000699387
  0.00729569   0.00630705            0   0.00595031
  0.00695555 -0.000699387  -0.00595031            0
EndNode2[0]<--->HoM1[0]
REAL
   0.400821  0.00569074   0.0148872    0.332433
 0.00569074    0.101231  -0.0149149 0.000927847
  0.0148872  -0.0149149   0.0793434  -0.0142066
   0.332433 0.000927847  -0.0142066    0.418605
IMAGINARY
          0 -0.00590913   0.0139983 -0.00322693
 0.00590913           0   0.0137337 -0.00170851
 -0.0139983  -0.0137337           0  -0.0115553
 0.00322693  0.00170851   0.0115553           0
Repeater1[0]<--->EndNode1[0]
REAL
  0.422535  0.0231692 0.00206178   0.327836
 0.0231692  0.0742638 0.00329815  0.0230042
0.00206178 0.00329815  0.0947503  0.0177279
  0.327836  0.0230042  0.0177279   0.408451
IMAGINARY
           0  -0.00729569    0.0072423  -0.00695555
  0.00729569            0   0.00630705   0.00595031
  -0.0072423  -0.00630705            0  0.000699387
  0.00695555  -0.00595031 -0.000699387            0
Repeater1[0]<--->HoM1[0]
REAL
   0.400821   0.0148872  0.00569074    0.332433
  0.0148872   0.0793434  -0.0149149  -0.0142066
 0.00569074  -0.0149149    0.101231 0.000927847
   0.332433  -0.0142066 0.000927847    0.418605
IMAGINARY
          0   0.0139983 -0.00590913 -0.00322693
 -0.0139983           0  -0.0137337  -0.0115553
 0.00590913   0.0137337           0 -0.00170851
 0.00322693   0.0115553  0.00170851           0
EndNode1[0]<--->Repeater1[0]
REAL
   0.400527   0.0164604   0.0158467    0.323293
  0.0164604   0.0935441 -0.00370553 -0.00296007
  0.0158467 -0.00370553   0.0909091 -0.00872848
   0.323293 -0.00296007 -0.00872848     0.41502
IMAGINARY
           0 -0.000318194    0.0161994   0.00357814
 0.000318194            0   -0.0213898  -0.00112732
  -0.0161994    0.0213898            0   -0.0147539
 -0.00357814   0.00112732    0.0147539            0
EndNode2[0]<--->HoM1[0]
REAL
   0.429479  0.00336927  0.00706595    0.328108
 0.00336927   0.0813215   0.0176753 -0.00706595
 0.00706595   0.0176753   0.0952986 -0.00336927
   0.328108 -0.00706595 -0.00336927    0.393901
IMAGINARY
          0 -0.00765897  0.00684528  -0.0006118
 0.00765897           0  -0.0178093 -0.00557302
-0.00684528   0.0178093           0  -0.0101527
  0.0006118  0.00557302   0.0101527           0
Repeater1[0]<--->EndNode1[0]
REAL
   0.400527   0.0158467   0.0164604    0.323293
  0.0158467   0.0909091 -0.00370553 -0.00872848
  0.0164604 -0.00370553   0.0935441 -0.00296007
   0.323293 -0.00872848 -0.00296007     0.41502
IMAGINARY
           0    0.0161994 -0.000318194   0.00357814
  -0.0161994            0    0.0213898   -0.0147539
 0.000318194   -0.0213898            0  -0.00112732
 -0.00357814    0.0147539   0.00112732            0
Repeater1[0]<--->HoM1[0]
REAL
   0.429479  0.00706595  0.00336927    0.328108
 0.00706595   0.0952986   0.0176753 -0.00336927
 0.00336927   0.0176753   0.0813215 -0.00706595
   0.328108 -0.00336927 -0.00706595    0.393901
IMAGINARY
          0  0.00684528 -0.00765897  -0.0006118
-0.00684528           0   0.0178093  -0.0101527
 0.00765897  -0.0178093           0 -0.00557302
  0.0006118   0.0101527  0.00557302           0
EndNode1[0]<--->Repeater1[0]
REAL
    0.390181  -0.00708313  -0.00850948     0.326352
 -0.00708313     0.108527 -0.000265435  -0.00204953
 -0.00850948 -0.000265435     0.104651   -0.0109293
    0.326352  -0.00204953   -0.0109293     0.396641
IMAGINARY
          0   0.0212943  -0.0227535   0.0105108
 -0.0212943           0 -0.00296625  0.00749101
  0.0227535  0.00296625           0  0.00129426
 -0.0105108 -0.00749101 -0.00129426           0
EndNode2[0]<--->HoM1[0]
REAL
   0.409548  0.00255253 -0.00456905    0.325237
 0.00255253   0.0791457 7.96115e-05  0.00583487
-0.00456905 7.96115e-05   0.0829146  -0.0139449
   0.325237  0.00583487  -0.0139449    0.428392
IMAGINARY
           0   0.00191498    0.0100956    0.0112779
 -0.00191498            0 -1.02875e-05   -0.0119824
  -0.0100956  1.02875e-05            0  -0.00128605
  -0.0112779    0.0119824   0.00128605            0
Repeater1[0]<--->EndNode1[0]
REAL
    0.390181  -0.00850948  -0.00708313     0.326352
 -0.00850948     0.104651 -0.000265435   -0.0109293
 -0.00708313 -0.000265435     0.108527  -0.00204953
    0.326352   -0.0109293  -0.00204953     0.396641
IMAGINARY
          0  -0.0227535   0.0212943   0.0105108
  0.0227535           0  0.00296625  0.00129426
 -0.0212943 -0.00296625           0  0.00749101
 -0.0105108 -0.00129426 -0.00749101           0
Repeater1[0]<--->HoM1[0]
REAL
   0.409548 -0.00456905  0.00255253    0.325237
-0.00456905   0.0829146 7.96115e-05  -0.0139449
 0.00255253 7.96115e-05   0.0791457  0.00583487
   0.325237  -0.0139449  0.00583487    0.428392
IMAGINARY
           0    0.0100956   0.00191498    0.0112779
  -0.0100956            0  1.02875e-05  -0.00128605
 -0.00191498 -1.02875e-05            0   -0.0119824
  -0.0112779   0.00128605    0.0119824            0
EndNode1[0]<--->Repeater1[0]
REAL
   0.408022  0.00889089 -0.00132736    0.312638
 0.00889089   0.0788382 -0.00994228  0.00622932
-0.00132736 -0.00994228   0.0885201  -0.0076654
   0.312638  0.00622932  -0.0076654     0.42462
IMAGINARY
          0 -0.00652114  0.00143169   -0.012992
 0.00652114           0 -0.00171384  0.00725317
-0.00143169  0.00171384           0 -0.00588581
   0.012992 -0.00725317  0.00588581           0
EndNode2[0]<--->HoM1[0]
REAL
   0.430013   0.0158624 -0.00691004    0.334088
  0.0158624   0.0907945 0.000331736  -0.0146023
-0.00691004 0.000331736   0.0819672  -0.0126029
   0.334088  -0.0146023  -0.0126029    0.397226
IMAGINARY
          0 -0.00853452  0.00425791  0.00392535
 0.00853452           0 -0.00797941 -0.00425791
-0.00425791  0.00797941           0  0.00218934
-0.00392535  0.00425791 -0.00218934           0
Repeater1[0]<--->EndNode1[0]
REAL
   0.408022 -0.00132736  0.00889089    0.312638
-0.00132736   0.0885201 -0.00994228  -0.0076654
 0.00889089 -0.00994228   0.0788382  0.00622932
   0.312638  -0.0076654  0.00622932     0.42462
IMAGINARY
          0  0.00143169 -0.00652114   -0.012992
-0.00143169           0  0.00171384 -0.00588581
 0.00652114 -0.00171384           0  0.00725317
   0.012992  0.00588581 -0.00725317           0
Repeater1[0]<--->HoM1[0]
REAL
   0.430013 -0.00691004   0.0158624    0.334088
-0.00691004   0.0819672 0.000331736  -0.0126029
  0.0158624 0.000331736   0.0907945  -0.0146023
   0.334088  -0.0126029  -0.0146023    0.397226
IMAGINARY
          0  0.00425791 -0.00853452  0.00392535
-0.00425791           0  0.00797941  0.00218934
 0.00853452 -0.00797941           0 -0.00425791
-0.00392535 -0.00218934  0.00425791           0
EndNode1[0]<--->Repeater1[0]
REAL
   0.382051   0.0082178 -0.00457742    0.325816
  0.0082178   0.0871795  0.00599622 -0.00389715
-0.00457742  0.00599622   0.0833333 -0.00495835
   0.325816 -0.00389715 -0.00495835    0.447436
IMAGINARY
          0  0.00285466 -0.00168153  -0.0143059
-0.00285466           0 -0.00435563   -0.020841
 0.00168153  0.00435563           0  0.00164984
  0.0143059    0.020841 -0.00164984           0
EndNode2[0]<--->HoM1[0]
REAL
   0.394969    0.011866 -0.00675687    0.330116
   0.011866    0.072956 -0.00947043 -0.00292055
-0.00675687 -0.00947043    0.090566 -0.00993054
   0.330116 -0.00292055 -0.00993054    0.441509
IMAGINARY
          0  -0.0117383  0.00290822 -0.00314394
  0.0117383           0   0.0212463  0.00679423
-0.00290822  -0.0212463           0  -0.0160754
 0.00314394 -0.00679423   0.0160754           0
Repeater1[0]<--->EndNode1[0]
REAL
   0.382051 -0.00457742   0.0082178    0.325816
-0.00457742   0.0833333  0.00599622 -0.00495835
  0.0082178  0.00599622   0.0871795 -0.00389715
   0.325816 -0.00495835 -0.00389715    0.447436
IMAGINARY
          0 -0.00168153  0.00285466  -0.0143059
 0.00168153           0  0.00435563  0.00164984
-0.00285466 -0.00435563           0   -0.020841
  0.0143059 -0.00164984    0.020841           0
Repeater1[0]<--->HoM1[0]
REAL
   0.394969 -0.00675687    0.011866    0.330116
-0.00675687    0.090566 -0.00947043 -0.00993054
   0.011866 -0.00947043    0.072956 -0.00292055
   0.330116 -0.00993054 -0.00292055    0.441509
IMAGINARY
          0  0.00290822  -0.0117383 -0.00314394
-0.00290822           0  -0.0212463  -0.0160754
  0.0117383   0.0212463           0  0.00679423
 0.00314394   0.0160754 -0.00679423           0
EndNode1[0]<--->Repeater1[0]
REAL
   0.428202 -0.00165178   0.0159511    0.302294
-0.00165178   0.0983182 0.000372949 -0.00528443
  0.0159511 0.000372949   0.0827943 -0.00368155
   0.302294 -0.00528443 -0.00368155    0.390686
IMAGINARY
           0    0.0111607 -0.000530954   0.00832969
  -0.0111607            0   -0.0180573   -0.0120741
 0.000530954    0.0180573            0    0.0218525
 -0.00832969    0.0120741   -0.0218525            0
EndNode2[0]<--->HoM1[0]
REAL
  0.428571 -0.0286361 -0.0146978   0.325148
-0.0286361  0.0708181 0.00248162 0.00138977
-0.0146978 0.00248162  0.0793651 0.00265383
  0.325148 0.00138977 0.00265383   0.421245
IMAGINARY
          0  -0.0157742 -0.00700874 -0.00759531
  0.0157742           0   0.0042928   0.0123421
 0.00700874  -0.0042928           0 -0.00155913
 0.00759531  -0.0123421  0.00155913           0
Repeater1[0]<--->EndNode1[0]
REAL
   0.428202   0.0159511 -0.00165178    0.302294
  0.0159511   0.0827943 0.000372949 -0.00368155
-0.00165178 0.000372949   0.0983182 -0.00528443
   0.302294 -0.00368155 -0.00528443    0.390686
IMAGINARY
           0 -0.000530954    0.0111607   0.00832969
 0.000530954            0    0.0180573    0.0218525
  -0.0111607   -0.0180573            0   -0.0120741
 -0.00832969   -0.0218525    0.0120741            0
Repeater1[0]<--->HoM1[0]
REAL
  0.428571 -0.0146978 -0.0286361   0.325148
-0.0146978  0.0793651 0.00248162 0.00265383
-0.0286361 0.00248162  0.0708181 0.00138977
  0.325148 0.00265383 0.00138977   0.421245
IMAGINARY
          0 -0.00700874  -0.0157742 -0.00759531
 0.00700874           0  -0.0042928 -0.00155913
  0.0157742   0.0042928           0   0.0123421
 0.00759531  0.00155913  -0.0123421           0
EndNode1[0]<--->Repeater1[0]
REAL
  0.403487   0.012686  0.0164129   0.333522
  0.012686  0.0797011 0.00891775 0.00455276
 0.0164129 0.00891775  0.0871731  0.0159035
  0.333522 0.00455276  0.0159035   0.429639
IMAGINARY
          0   0.0113244  -0.0164867   0.0229419
 -0.0113244           0   0.0290478 -0.00239273
  0.0164867  -0.0290478           0  0.00999107
 -0.0229419  0.00239273 -0.00999107           0
EndNode2[0]<--->HoM1[0]
REAL
   0.419178  -0.0107329  0.00562015    0.332808
 -0.0107329   0.0958904 -0.00586076 -0.00994648
 0.00562015 -0.00586076   0.0890411  0.00146221
   0.332808 -0.00994648  0.00146221     0.39589
IMAGINARY
           0    0.0111379 -0.000893709   -0.0154557
  -0.0111379            0      0.01114   -0.0176722
 0.000893709     -0.01114            0 -0.000254461
   0.0154557    0.0176722  0.000254461            0
Repeater1[0]<--->EndNode1[0]
REAL
  0.403487  0.0164129   0.012686   0.333522
 0.0164129  0.0871731 0.00891775  0.0159035
  0.012686 0.00891775  0.0797011 0.00455276
  0.333522  0.0159035 0.00455276   0.429639
IMAGINARY
          0  -0.0164867   0.0113244   0.0229419
  0.0164867           0  -0.0290478  0.00999107
 -0.0113244   0.0290478           0 -0.00239273
 -0.0229419 -0.00999107  0.00239273           0
Repeater1[0]<--->HoM1[0]
REAL
   0.419178  0.00562015  -0.0107329    0.332808
 0.00562015   0.0890411 -0.00586076  0.00146221
 -0.0107329 -0.00586076   0.0958904 -0.00994648
   0.332808  0.00146221 -0.00994648     0.39589
IMAGINARY
           0 -0.000893709    0.0111379   -0.0154557
 0.000893709            0     -0.01114 -0.000254461
  -0.0111379      0.01114            0   -0.0176722
   0.0154557  0.000254461    0.0176722            0
EndNode1[0]<--->Repeater1[0]
REAL
   0.418275  0.00374029 -0.00637584    0.331213
 0.00374029   0.0759331 -0.00987266  0.00637584
-0.00637584 -0.00987266   0.0888031  0.00618527
   0.331213  0.00637584  0.00618527    0.416988
IMAGINARY
          0 -0.00165909   0.0024519  -0.0176514
 0.00165909           0  -0.0281501  -0.0244157
 -0.0024519   0.0281501           0    0.011995
  0.0176514   0.0244157   -0.011995           0
EndNode2[0]<--->HoM1[0]
REAL
   0.403162   0.0108678  0.00451336    0.317042
  0.0108678    0.088274 -0.00350424   0.0101737
 0.00451336 -0.00350424   0.0922266   0.0140364
   0.317042   0.0101737   0.0140364    0.416337
IMAGINARY
          0 -0.00973442  0.00684714 -0.00684832
 0.00973442           0  -0.0011304  -0.0126989
-0.00684714   0.0011304           0 -0.00261929
 0.00684832   0.0126989  0.00261929           0
Repeater1[0]<--->EndNode1[0]
REAL
   0.418275 -0.00637584  0.00374029    0.331213
-0.00637584   0.0888031 -0.00987266  0.00618527
 0.00374029 -0.00987266   0.0759331  0.00637584
   0.331213  0.00618527  0.00637584    0.416988
IMAGINARY
          0   0.0024519 -0.00165909  -0.0176514
 -0.0024519           0   0.0281501    0.011995
 0.00165909  -0.0281501           0  -0.0244157
  0.0176514   -0.011995   0.0244157           0
Repeater1[0]<--->HoM1[0]
REAL
   0.403162  0.00451336   0.0108678    0.317042
 0.00451336   0.0922266 -0.00350424   0.0140364
  0.0108678 -0.00350424    0.088274   0.0101737
   0.317042   0.0140364   0.0101737    0.416337
IMAGINARY
          0  0.00684714 -0.00973442 -0.00684832
-0.00684714           0   0.0011304 -0.00261929
 0.00973442  -0.0011304           0  -0.0126989
 0.00684832  0.00261929   0.0126989           0
EndNode1[0]<--->Repeater1[0]
REAL
   0.416452 -0.00338132 0.000995781     0.33216
-0.00338132   0.0951157   0.0038396  -0.0116624
0.000995781   0.0038396   0.0822622 -0.00595201
    0.33216  -0.0116624 -0.00595201     0.40617
IMAGINARY
          0  -0.0229784  0.00731448 -0.00177531
  0.0229784           0 -0.00370581 -0.00355508
-0.00731448  0.00370581           0  0.00292831
 0.00177531  0.00355508 -0.00292831           0
EndNode2[0]<--->HoM1[0]
REAL
  0.389105 -0.0016783 0.00379397   0.320567
-0.0016783  0.0946822 0.00180118 -0.0156361
0.00379397 0.00180118  0.0907912 -0.0246375
  0.320567 -0.0156361 -0.0246375   0.425422
IMAGINARY
          0   0.0190117 -0.00338857 -0.00169435
 -0.0190117           0   0.0202129  -0.0300305
 0.00338857  -0.0202129           0   0.0028392
 0.00169435   0.0300305  -0.0028392           0
Repeater1[0]<--->EndNode1[0]
REAL
   0.416452 0.000995781 -0.00338132     0.33216
0.000995781   0.0822622   0.0038396 -0.00595201
-0.00338132   0.0038396   0.0951157  -0.0116624
    0.33216 -0.00595201  -0.0116624     0.40617
IMAGINARY
          0  0.00731448  -0.0229784 -0.00177531
-0.00731448           0  0.00370581  0.00292831
  0.0229784 -0.00370581           0 -0.00355508
 0.00177531 -0.00292831  0.00355508           0
Repeater1[0]<--->HoM1[0]
REAL
  0.389105 0.00379397 -0.0016783   0.320567
0.00379397  0.0907912 0.00180118 -0.0246375
-0.0016783 0.00180118  0.0946822 -0.0156361
  0.320567 -0.0246375 -0.0156361   0.425422
IMAGINARY
          0 -0.00338857   0.0190117 -0.00169435
 0.00338857           0  -0.0202129   0.0028392
 -0.0190117   0.0202129           0  -0.0300305
 0.00169435  -0.0028392   0.0300305           0
EndNode1[0]<--->Repeater1[0]
REAL
    0.404916 -0.000656085    0.0159309     0.326936
-0.000656085    0.0776197    0.0100912   -0.0191904
   0.0159309    0.0100912    0.0853816  -0.00129959
    0.326936   -0.0191904  -0.00129959     0.432083
IMAGINARY
          0 -0.00833368  -0.0186687   0.0126482
 0.00833368           0 -0.00569499 -0.00673236
  0.0186687  0.00569499           0   0.0297241
 -0.0126482  0.00673236  -0.0297241           0
EndNode2[0]<--->HoM1[0]
REAL
   0.424779     0.01498   0.0119798    0.325971
    0.01498    0.068268 -0.00125443  -0.0151324
  0.0119798 -0.00125443   0.0834387  -0.0219157
   0.325971  -0.0151324  -0.0219157    0.423515
IMAGINARY
           0    0.0035668 -0.000147407   0.00762969
  -0.0035668            0     0.010743   -0.0103238
 0.000147407    -0.010743            0   -0.0035668
 -0.00762969    0.0103238    0.0035668            0
Repeater1[0]<--->EndNode1[0]
REAL
    0.404916    0.0159309 -0.000656085     0.326936
   0.0159309    0.0853816    0.0100912  -0.00129959
-0.000656085    0.0100912    0.0776197   -0.0191904
    0.326936  -0.00129959   -0.0191904     0.432083
IMAGINARY
          0  -0.0186687 -0.00833368   0.0126482
  0.0186687           0  0.00569499   0.0297241
 0.00833368 -0.00569499           0 -0.00673236
 -0.0126482  -0.0297241  0.00673236           0
Repeater1[0]<--->HoM1[0]
REAL
   0.424779   0.0119798     0.01498    0.325971
  0.0119798   0.0834387 -0.00125443  -0.0219157
    0.01498 -0.00125443    0.068268  -0.0151324
   0.325971  -0.0219157  -0.0151324    0.423515
IMAGINARY
           0 -0.000147407    0.0035668   0.00762969
 0.000147407            0    -0.010743   -0.0035668
  -0.0035668     0.010743            0   -0.0103238
 -0.00762969    0.0035668    0.0103238            0
EndNode1[0]<--->Repeater1[0]
REAL
  0.410579  0.0158143  0.0146066   0.338288
 0.0158143  0.0780856 -0.0240026  0.0139648
 0.0146066 -0.0240026  0.0881612 0.00886105
  0.338288  0.0139648 0.00886105   0.423174
IMAGINARY
          0 -0.00998923 -0.00445907  -0.0171975
 0.00998923           0  -0.0104407   0.0308426
 0.00445907   0.0104407           0 -0.00223729
  0.0171975  -0.0308426  0.00223729           0
EndNode2[0]<--->HoM1[0]
REAL
  0.427173 0.00646669 0.00127834   0.333319
0.00646669  0.0954712 0.00605889 0.00390301
0.00127834 0.00605889   0.101591   0.003896
  0.333319 0.00390301   0.003896   0.375765
IMAGINARY
