EndNode1[0]<--->Repeater1[0]
REAL
   0.481434   0.0194896    0.020945     0.40759
  0.0194896   0.0320102 -0.00834521 -0.00457222
   0.020945 -0.00834521   0.0358515 -0.00311679
    0.40759 -0.00457222 -0.00311679    0.450704
IMAGINARY
          0  -0.0175919 -0.00266078 -0.00274531
  0.0175919           0  -0.0033972  0.00830696
 0.00266078   0.0033972           0   0.0031628
 0.00274531 -0.00830696  -0.0031628           0
EndNode2[0]<--->HoM1[0]
REAL
  0.463918   0.017259 0.00617851   0.407186
  0.017259  0.0476804 -0.0022384 0.00944649
0.00617851 -0.0022384  0.0438144 0.00748061
  0.407186 0.00944649 0.00748061   0.444588
IMAGINARY
           0    0.0110776 -0.000159972    0.0129368
  -0.0110776            0  0.000467999    0.0105639
 0.000159972 -0.000467999            0   -0.0141376
  -0.0129368   -0.0105639    0.0141376            0
Repeater1[0]<--->EndNode1[0]
REAL
   0.481434    0.020945   0.0194896     0.40759
   0.020945   0.0358515 -0.00834521 -0.00311679
  0.0194896 -0.00834521   0.0320102 -0.00457222
    0.40759 -0.00311679 -0.00457222    0.450704
IMAGINARY
          0 -0.00266078  -0.0175919 -0.00274531
 0.00266078           0   0.0033972   0.0031628
  0.0175919  -0.0033972           0  0.00830696
 0.00274531  -0.0031628 -0.00830696           0
Repeater1[0]<--->HoM1[0]
REAL
  0.463918 0.00617851   0.017259   0.407186
0.00617851  0.0438144 -0.0022384 0.00748061
  0.017259 -0.0022384  0.0476804 0.00944649
  0.407186 0.00748061 0.00944649   0.444588
IMAGINARY
           0 -0.000159972    0.0110776    0.0129368
 0.000159972            0 -0.000467999   -0.0141376
  -0.0110776  0.000467999            0    0.0105639
  -0.0129368    0.0141376   -0.0105639            0
EndNode1[0]<--->Repeater1[0]
REAL
  0.460298 0.00436948  0.0219768   0.424541
0.00436948  0.0359801 0.00218852 0.00176815
 0.0219768 0.00218852   0.044665   0.013948
  0.424541 0.00176815   0.013948   0.459057
IMAGINARY
          0  0.00613024   0.0159717  0.00276404
-0.00613024           0  0.00722264  -0.0206775
 -0.0159717 -0.00722264           0 -0.00377729
-0.00276404   0.0206775  0.00377729           0
EndNode2[0]<--->HoM1[0]
REAL
   0.484211   0.0012852  0.00602998     0.42144
  0.0012852   0.0315789  0.00640771  0.00536242
 0.00602998  0.00640771   0.0486842 -0.00381684
    0.42144  0.00536242 -0.00381684    0.435526
IMAGINARY
           0    0.0174223  -0.00889457   0.00904598
  -0.0174223            0   0.00317896   -0.0152884
  0.00889457  -0.00317896            0  0.000224803
 -0.00904598    0.0152884 -0.000224803            0
Repeater1[0]<--->EndNode1[0]
REAL
  0.460298  0.0219768 0.00436948   0.424541
 0.0219768   0.044665 0.00218852   0.013948
0.00436948 0.00218852  0.0359801 0.00176815
  0.424541   0.013948 0.00176815   0.459057
IMAGINARY
          0   0.0159717  0.00613024  0.00276404
 -0.0159717           0 -0.00722264 -0.00377729
-0.00613024  0.00722264           0  -0.0206775
-0.00276404  0.00377729   0.0206775           0
Repeater1[0]<--->HoM1[0]
REAL
   0.484211  0.00602998   0.0012852     0.42144
 0.00602998   0.0486842  0.00640771 -0.00381684
  0.0012852  0.00640771   0.0315789  0.00536242
    0.42144 -0.00381684  0.00536242    0.435526
IMAGINARY
           0  -0.00889457    0.0174223   0.00904598
  0.00889457            0  -0.00317896  0.000224803
  -0.0174223   0.00317896            0   -0.0152884
 -0.00904598 -0.000224803    0.0152884            0
EndNode1[0]<--->Repeater1[0]
REAL
   0.461133  -0.0098041 -0.00626201    0.408336
 -0.0098041   0.0461133 -0.00109329   0.0107093
-0.00626201 -0.00109329   0.0461133   0.0129807
   0.408336   0.0107093   0.0129807     0.44664
IMAGINARY
           0  -0.00278163  0.000719603    0.0137042
  0.00278163            0    0.0124055    0.0116873
-0.000719603   -0.0124055            0  -0.00342184
  -0.0137042   -0.0116873   0.00342184            0
EndNode2[0]<--->HoM1[0]
REAL
  0.498705 -0.0166881 -0.0084796   0.416268
-0.0166881  0.0375648   0.010561 0.00912145
-0.0084796   0.010561  0.0375648  0.0134788
  0.416268 0.00912145  0.0134788   0.426166
IMAGINARY
          0  -0.0220074   0.0048131  0.00348851
  0.0220074           0    0.010237  0.00883455
 -0.0048131   -0.010237           0  0.00587842
-0.00348851 -0.00883455 -0.00587842           0
Repeater1[0]<--->EndNode1[0]
REAL
   0.461133 -0.00626201  -0.0098041    0.408336
-0.00626201   0.0461133 -0.00109329   0.0129807
 -0.0098041 -0.00109329   0.0461133   0.0107093
   0.408336   0.0129807   0.0107093     0.44664
IMAGINARY
           0  0.000719603  -0.00278163    0.0137042
-0.000719603            0   -0.0124055  -0.00342184
  0.00278163    0.0124055            0    0.0116873
  -0.0137042   0.00342184   -0.0116873            0
Repeater1[0]<--->HoM1[0]
REAL
  0.498705 -0.0084796 -0.0166881   0.416268
-0.0084796  0.0375648   0.010561  0.0134788
-0.0166881   0.010561  0.0375648 0.00912145
  0.416268  0.0134788 0.00912145   0.426166
IMAGINARY
          0   0.0048131  -0.0220074  0.00348851
 -0.0048131           0   -0.010237  0.00587842
  0.0220074    0.010237           0  0.00883455
-0.00348851 -0.00587842 -0.00883455           0
EndNode1[0]<--->Repeater1[0]
REAL
   0.453086   0.0120222  0.00541042    0.427811
  0.0120222   0.0419753  0.00104304 -0.00606918
 0.00541042  0.00104304    0.045679  -0.0100459
   0.427811 -0.00606918  -0.0100459    0.459259
IMAGINARY
          0   0.0198487 -0.00533274 -0.00202328
 -0.0198487           0   0.0101095 -0.00729352
 0.00533274  -0.0101095           0 -0.00217198
 0.00202328  0.00729352  0.00217198           0
EndNode2[0]<--->HoM1[0]
REAL
   0.451005  -0.0054244   0.0002116    0.424128
 -0.0054244   0.0351759 -0.00221386 -0.00650883
  0.0002116 -0.00221386   0.0351759  -0.0134673
   0.424128 -0.00650883  -0.0134673    0.478643
IMAGINARY
          0   0.0216428 -0.00996937  -0.0137927
 -0.0216428           0  0.00729915  -0.0106299
 0.00996937 -0.00729915           0   0.0101924
  0.0137927   0.0106299  -0.0101924           0
Repeater1[0]<--->EndNode1[0]
REAL
   0.453086  0.00541042   0.0120222    0.427811
 0.00541042    0.045679  0.00104304  -0.0100459
  0.0120222  0.00104304   0.0419753 -0.00606918
   0.427811  -0.0100459 -0.00606918    0.459259
IMAGINARY
          0 -0.00533274   0.0198487 -0.00202328
 0.00533274           0  -0.0101095 -0.00217198
 -0.0198487   0.0101095           0 -0.00729352
 0.00202328  0.00217198  0.00729352           0
Repeater1[0]<--->HoM1[0]
REAL
   0.451005   0.0002116  -0.0054244    0.424128
  0.0002116   0.0351759 -0.00221386  -0.0134673
 -0.0054244 -0.00221386   0.0351759 -0.00650883
   0.424128  -0.0134673 -0.00650883    0.478643
IMAGINARY
          0 -0.00996937   0.0216428  -0.0137927
 0.00996937           0 -0.00729915   0.0101924
 -0.0216428  0.00729915           0  -0.0106299
  0.0137927  -0.0101924   0.0106299           0
EndNode1[0]<--->Repeater1[0]
REAL
   0.471605  -0.0135308  0.00120203    0.397084
 -0.0135308   0.0382716 0.000573492  0.00434668
 0.00120203 0.000573492   0.0308642   0.0252447
   0.397084  0.00434668   0.0252447    0.459259
IMAGINARY
          0   0.0155777   0.0137658  0.00457875
 -0.0155777           0  0.00457875  -0.0107574
 -0.0137658 -0.00457875           0  -0.0282131
-0.00457875   0.0107574   0.0282131           0
EndNode2[0]<--->HoM1[0]
REAL
    0.461538 -0.000608404  -0.00641378     0.424915
-0.000608404    0.0428752    0.0108529   0.00515434
 -0.00641378    0.0108529    0.0416141  -0.00191049
    0.424915   0.00515434  -0.00191049     0.453972
IMAGINARY
         0 -0.0150047  0.0130895 -0.0145919
 0.0150047          0 -0.0015371  0.0168584
-0.0130895  0.0015371          0 -0.0071307
 0.0145919 -0.0168584  0.0071307          0
Repeater1[0]<--->EndNode1[0]
REAL
   0.471605  0.00120203  -0.0135308    0.397084
 0.00120203   0.0308642 0.000573492   0.0252447
 -0.0135308 0.000573492   0.0382716  0.00434668
   0.397084   0.0252447  0.00434668    0.459259
IMAGINARY
          0   0.0137658   0.0155777  0.00457875
 -0.0137658           0 -0.00457875  -0.0282131
 -0.0155777  0.00457875           0  -0.0107574
-0.00457875   0.0282131   0.0107574           0
Repeater1[0]<--->HoM1[0]
REAL
    0.461538  -0.00641378 -0.000608404     0.424915
 -0.00641378    0.0416141    0.0108529  -0.00191049
-0.000608404    0.0108529    0.0428752   0.00515434
    0.424915  -0.00191049   0.00515434     0.453972
IMAGINARY
         0  0.0130895 -0.0150047 -0.0145919
-0.0130895          0  0.0015371 -0.0071307
 0.0150047 -0.0015371          0  0.0168584
 0.0145919  0.0071307 -0.0168584          0
EndNode1[0]<--->Repeater1[0]
REAL
   0.468193    0.020051   0.0170743    0.414899
   0.020051   0.0419847 -0.00156578    0.020259
  0.0170743 -0.00156578   0.0483461  0.00794904
   0.414899    0.020259  0.00794904    0.441476
IMAGINARY
           0  -0.00716357  -0.00864362  2.19664e-05
  0.00716357            0  -0.00191352   0.00864362
  0.00864362   0.00191352            0   0.00353161
-2.19664e-05  -0.00864362  -0.00353161            0
EndNode2[0]<--->HoM1[0]
REAL
   0.471649  0.00159616   -0.016278    0.420457
 0.00159616   0.0463918  0.00251569 6.18265e-05
  -0.016278  0.00251569   0.0425258 -0.00565022
   0.420457 6.18265e-05 -0.00565022    0.439433
IMAGINARY
          0    -0.01086   0.0135528   0.0196037
    0.01086           0   0.0142845  0.00244166
 -0.0135528  -0.0142845           0  -0.0120885
 -0.0196037 -0.00244166   0.0120885           0
Repeater1[0]<--->EndNode1[0]
REAL
   0.468193   0.0170743    0.020051    0.414899
  0.0170743   0.0483461 -0.00156578  0.00794904
   0.020051 -0.00156578   0.0419847    0.020259
   0.414899  0.00794904    0.020259    0.441476
IMAGINARY
           0  -0.00864362  -0.00716357  2.19664e-05
  0.00864362            0   0.00191352   0.00353161
  0.00716357  -0.00191352            0   0.00864362
-2.19664e-05  -0.00353161  -0.00864362            0
Repeater1[0]<--->HoM1[0]
REAL
   0.471649   -0.016278  0.00159616    0.420457
  -0.016278   0.0425258  0.00251569 -0.00565022
 0.00159616  0.00251569   0.0463918 6.18265e-05
   0.420457 -0.00565022 6.18265e-05    0.439433
IMAGINARY
          0   0.0135528    -0.01086   0.0196037
 -0.0135528           0  -0.0142845  -0.0120885
    0.01086   0.0142845           0  0.00244166
 -0.0196037   0.0120885 -0.00244166           0
EndNode1[0]<--->Repeater1[0]
REAL
   0.470356   0.0170795   0.0179643    0.405459
  0.0170795   0.0368906 -0.00532623    0.005338
  0.0179643 -0.00532623   0.0474308  0.00222805
   0.405459    0.005338  0.00222805    0.445323
IMAGINARY
          0  0.00941786  -0.0136405 -0.00159641
-0.00941786           0  0.00800666 -0.00966174
  0.0136405 -0.00800666           0  0.00456349
 0.00159641  0.00966174 -0.00456349           0
EndNode2[0]<--->HoM1[0]
REAL
     0.44723 -0.000728765    0.0243864     0.416991
-0.000728765    0.0369393   0.00310906  -0.00628405
   0.0243864   0.00310906     0.030343    0.0188311
    0.416991  -0.00628405    0.0188311     0.485488
IMAGINARY
           0    0.0210731   -0.0301868    0.0189012
  -0.0210731            0   -0.0201512   0.00447986
   0.0301868    0.0201512            0  0.000777848
  -0.0189012  -0.00447986 -0.000777848            0
Repeater1[0]<--->EndNode1[0]
REAL
   0.470356   0.0179643   0.0170795    0.405459
  0.0179643   0.0474308 -0.00532623  0.00222805
  0.0170795 -0.00532623   0.0368906    0.005338
   0.405459  0.00222805    0.005338    0.445323
IMAGINARY
          0  -0.0136405  0.00941786 -0.00159641
  0.0136405           0 -0.00800666  0.00456349
-0.00941786  0.00800666           0 -0.00966174
 0.00159641 -0.00456349  0.00966174           0
Repeater1[0]<--->HoM1[0]
REAL
     0.44723    0.0243864 -0.000728765     0.416991
   0.0243864     0.030343   0.00310906    0.0188311
-0.000728765   0.00310906    0.0369393  -0.00628405
    0.416991    0.0188311  -0.00628405     0.485488
IMAGINARY
           0   -0.0301868    0.0210731    0.0189012
   0.0301868            0    0.0201512  0.000777848
  -0.0210731   -0.0201512            0   0.00447986
  -0.0189012 -0.000777848  -0.00447986            0
EndNode1[0]<--->Repeater1[0]
REAL
  0.447507 0.00511696  0.0206497   0.415722
0.00511696  0.0459318  0.0106667 0.00851692
 0.0206497  0.0106667  0.0433071  0.0143275
  0.415722 0.00851692  0.0143275   0.463255
IMAGINARY
          0 -0.00042658 -0.00027804  0.00255407
 0.00042658           0   0.0165847  0.00952588
 0.00027804  -0.0165847           0  -0.0100543
-0.00255407 -0.00952588   0.0100543           0
EndNode2[0]<--->HoM1[0]
REAL
   0.460131 -0.00961712  0.00982256    0.418505
-0.00961712   0.0470588  0.00418235  0.00982256
 0.00982256  0.00418235    0.054902   0.0153205
   0.418505  0.00982256   0.0153205    0.437908
IMAGINARY
           0   -0.0192933   0.00736716   -0.0154169
   0.0192933            0 -0.000144663    0.0118144
 -0.00736716  0.000144663            0  -0.00628215
   0.0154169   -0.0118144   0.00628215            0
Repeater1[0]<--->EndNode1[0]
REAL
  0.447507  0.0206497 0.00511696   0.415722
 0.0206497  0.0433071  0.0106667  0.0143275
0.00511696  0.0106667  0.0459318 0.00851692
  0.415722  0.0143275 0.00851692   0.463255
IMAGINARY
          0 -0.00027804 -0.00042658  0.00255407
 0.00027804           0  -0.0165847  -0.0100543
 0.00042658   0.0165847           0  0.00952588
-0.00255407   0.0100543 -0.00952588           0
Repeater1[0]<--->HoM1[0]
REAL
   0.460131  0.00982256 -0.00961712    0.418505
 0.00982256    0.054902  0.00418235   0.0153205
-0.00961712  0.00418235   0.0470588  0.00982256
   0.418505   0.0153205  0.00982256    0.437908
IMAGINARY
           0   0.00736716   -0.0192933   -0.0154169
 -0.00736716            0  0.000144663  -0.00628215
   0.0192933 -0.000144663            0    0.0118144
   0.0154169   0.00628215   -0.0118144            0
EndNode1[0]<--->Repeater1[0]
REAL
   0.436364 0.000683186 -0.00350207    0.413648
0.000683186   0.0415584 -0.00162808 0.000404178
-0.00350207 -0.00162808   0.0376623 -0.00502024
   0.413648 0.000404178 -0.00502024    0.484416
IMAGINARY
          0  -0.0110904  0.00785439  -0.0120794
  0.0110904           0 -0.00602292   0.0210288
-0.00785439  0.00602292           0  -0.0177928
  0.0120794  -0.0210288   0.0177928           0
EndNode2[0]<--->HoM1[0]
REAL
   0.459564  -0.0141502  0.00604924    0.412805
 -0.0141502    0.055199 -0.00876411   0.0103649
 0.00604924 -0.00876411   0.0282413   0.0154128
   0.412805   0.0103649   0.0154128    0.456996
IMAGINARY
          0 -0.00253426    0.016165  0.00473154
 0.00253426           0   0.0162997  0.00278923
  -0.016165  -0.0162997           0   0.0097238
-0.00473154 -0.00278923  -0.0097238           0
Repeater1[0]<--->EndNode1[0]
REAL
   0.436364 -0.00350207 0.000683186    0.413648
-0.00350207   0.0376623 -0.00162808 -0.00502024
0.000683186 -0.00162808   0.0415584 0.000404178
   0.413648 -0.00502024 0.000404178    0.484416
IMAGINARY
          0  0.00785439  -0.0110904  -0.0120794
-0.00785439           0  0.00602292  -0.0177928
  0.0110904 -0.00602292           0   0.0210288
  0.0120794   0.0177928  -0.0210288           0
Repeater1[0]<--->HoM1[0]
REAL
   0.459564  0.00604924  -0.0141502    0.412805
 0.00604924   0.0282413 -0.00876411   0.0154128
 -0.0141502 -0.00876411    0.055199   0.0103649
   0.412805   0.0154128   0.0103649    0.456996
IMAGINARY
          0    0.016165 -0.00253426  0.00473154
  -0.016165           0  -0.0162997   0.0097238
 0.00253426   0.0162997           0  0.00278923
-0.00473154  -0.0097238 -0.00278923           0
EndNode1[0]<--->Repeater1[0]
REAL
   0.449735   0.0223041   0.0176728       0.422
  0.0223041   0.0449735    0.003411 -0.00313425
  0.0176728    0.003411   0.0515873  0.00108398
      0.422 -0.00313425  0.00108398    0.453704
IMAGINARY
           0   0.00589024  0.000174259    0.0222365
 -0.00589024            0  5.65095e-05  -0.00356639
-0.000174259 -5.65095e-05            0  0.000215591
  -0.0222365   0.00356639 -0.000215591            0
EndNode2[0]<--->HoM1[0]
REAL
    0.511258   -0.0116399   -0.0032175     0.407854
  -0.0116399    0.0317881  -0.00437957    -0.002574
  -0.0032175  -0.00437957    0.0357616 -0.000586598
    0.407854    -0.002574 -0.000586598     0.421192
IMAGINARY
          0  -0.0110966   0.0154178   0.0145612
  0.0110966           0 -0.00855317  0.00186942
 -0.0154178  0.00855317           0  0.00710726
 -0.0145612 -0.00186942 -0.00710726           0
Repeater1[0]<--->EndNode1[0]
REAL
   0.449735   0.0176728   0.0223041       0.422
  0.0176728   0.0515873    0.003411  0.00108398
  0.0223041    0.003411   0.0449735 -0.00313425
      0.422  0.00108398 -0.00313425    0.453704
IMAGINARY
           0  0.000174259   0.00589024    0.0222365
-0.000174259            0 -5.65095e-05  0.000215591
 -0.00589024  5.65095e-05            0  -0.00356639
  -0.0222365 -0.000215591   0.00356639            0
Repeater1[0]<--->HoM1[0]
REAL
    0.511258   -0.0032175   -0.0116399     0.407854
  -0.0032175    0.0357616  -0.00437957 -0.000586598
  -0.0116399  -0.00437957    0.0317881    -0.002574
    0.407854 -0.000586598    -0.002574     0.421192
IMAGINARY
          0   0.0154178  -0.0110966   0.0145612
 -0.0154178           0  0.00855317  0.00710726
  0.0110966 -0.00855317           0  0.00186942
 -0.0145612 -0.00710726 -0.00186942           0
EndNode1[0]<--->Repeater1[0]
REAL
   0.442002   0.0244513 -0.00934369    0.418845
  0.0244513    0.043956  0.00708061   0.0225712
-0.00934369  0.00708061    0.046398  0.00464927
   0.418845   0.0225712  0.00464927    0.467643
IMAGINARY
          0  0.00228162 -0.00499884 -0.00539811
-0.00228162           0  -0.0182186   0.0103464
 0.00499884   0.0182186           0 -0.00228162
 0.00539811  -0.0103464  0.00228162           0
EndNode2[0]<--->HoM1[0]
REAL
   0.480818 -0.00584533  -0.0250246    0.425108
-0.00584533   0.0396419 0.000171906 -0.00299528
 -0.0250246 0.000171906   0.0294118  -0.0097213
   0.425108 -0.00299528  -0.0097213    0.450128
IMAGINARY
          0 -0.00222778  0.00243265  -0.0342685
 0.00222778           0   -0.016547  -0.0151553
-0.00243265    0.016547           0   0.0136782
  0.0342685   0.0151553  -0.0136782           0
Repeater1[0]<--->EndNode1[0]
REAL
   0.442002 -0.00934369   0.0244513    0.418845
-0.00934369    0.046398  0.00708061  0.00464927
  0.0244513  0.00708061    0.043956   0.0225712
   0.418845  0.00464927   0.0225712    0.467643
IMAGINARY
          0 -0.00499884  0.00228162 -0.00539811
 0.00499884           0   0.0182186 -0.00228162
-0.00228162  -0.0182186           0   0.0103464
 0.00539811  0.00228162  -0.0103464           0
Repeater1[0]<--->HoM1[0]
REAL
   0.480818  -0.0250246 -0.00584533    0.425108
 -0.0250246   0.0294118 0.000171906  -0.0097213
-0.00584533 0.000171906   0.0396419 -0.00299528
   0.425108  -0.0097213 -0.00299528    0.450128
IMAGINARY
          0  0.00243265 -0.00222778  -0.0342685
-0.00243265           0    0.016547   0.0136782
 0.00222778   -0.016547           0  -0.0151553
  0.0342685  -0.0136782   0.0151553           0
EndNode1[0]<--->Repeater1[0]
REAL
   0.454203 -0.00728274  -0.0105324    0.407162
-0.00728274   0.0464241  0.00716198   0.0098631
 -0.0105324  0.00716198   0.0401506  0.00125865
   0.407162   0.0098631  0.00125865    0.459222
IMAGINARY
          0  -0.0187974  0.00174942 -0.00874769
  0.0187974           0  0.00297106  0.00427467
-0.00174942 -0.00297106           0   0.0139781
 0.00874769 -0.00427467  -0.0139781           0
EndNode2[0]<--->HoM1[0]
REAL
  0.469677 -0.0197702  0.0151512    0.41921
-0.0197702  0.0490323 0.00105144 -0.0301839
 0.0151512 0.00105144  0.0412903  0.0112734
   0.41921 -0.0301839  0.0112734       0.44
IMAGINARY
          0  0.00314319  0.00796224  -0.0185306
-0.00314319           0 -0.00462333  0.00482548
-0.00796224  0.00462333           0  -0.0184885
  0.0185306 -0.00482548   0.0184885           0
Repeater1[0]<--->EndNode1[0]
REAL
   0.454203  -0.0105324 -0.00728274    0.407162
 -0.0105324   0.0401506  0.00716198  0.00125865
-0.00728274  0.00716198   0.0464241   0.0098631
   0.407162  0.00125865   0.0098631    0.459222
IMAGINARY
          0  0.00174942  -0.0187974 -0.00874769
-0.00174942           0 -0.00297106   0.0139781
  0.0187974  0.00297106           0  0.00427467
 0.00874769  -0.0139781 -0.00427467           0
Repeater1[0]<--->HoM1[0]
REAL
  0.469677  0.0151512 -0.0197702    0.41921
 0.0151512  0.0412903 0.00105144  0.0112734
-0.0197702 0.00105144  0.0490323 -0.0301839
   0.41921  0.0112734 -0.0301839       0.44
IMAGINARY
          0  0.00796224  0.00314319  -0.0185306
-0.00796224           0  0.00462333  -0.0184885
-0.00314319 -0.00462333           0  0.00482548
  0.0185306   0.0184885 -0.00482548           0
EndNode1[0]<--->Repeater1[0]
REAL
   0.449742 -0.00422446   0.0191604    0.404163
-0.00422446   0.0309278  0.00376499  0.00257875
  0.0191604  0.00376499   0.0463918   0.0285211
   0.404163  0.00257875   0.0285211    0.472938
IMAGINARY
           0   -0.0052813   0.00827839  -0.00635744
   0.0052813            0  0.000995505   -0.0169105
 -0.00827839 -0.000995505            0    0.0178975
  0.00635744    0.0169105   -0.0178975            0
EndNode2[0]<--->HoM1[0]
REAL
  0.470361  0.0105551 0.00364731   0.415934
 0.0105551  0.0386598    0.01111  0.0108181
0.00364731    0.01111  0.0335052  -0.011184
  0.415934  0.0108181  -0.011184   0.457474
IMAGINARY
          0   0.0245937 -0.00643618  0.00749801
 -0.0245937           0  0.00878667  -0.0242027
 0.00643618 -0.00878667           0 -0.00568891
-0.00749801   0.0242027  0.00568891           0
Repeater1[0]<--->EndNode1[0]
REAL
   0.449742   0.0191604 -0.00422446    0.404163
  0.0191604   0.0463918  0.00376499   0.0285211
-0.00422446  0.00376499   0.0309278  0.00257875
   0.404163   0.0285211  0.00257875    0.472938
IMAGINARY
           0   0.00827839   -0.0052813  -0.00635744
 -0.00827839            0 -0.000995505    0.0178975
   0.0052813  0.000995505            0   -0.0169105
  0.00635744   -0.0178975    0.0169105            0
Repeater1[0]<--->HoM1[0]
REAL
  0.470361 0.00364731  0.0105551   0.415934
0.00364731  0.0335052    0.01111  -0.011184
 0.0105551    0.01111  0.0386598  0.0108181
  0.415934  -0.011184  0.0108181   0.457474
IMAGINARY
          0 -0.00643618   0.0245937  0.00749801
 0.00643618           0 -0.00878667 -0.00568891
 -0.0245937  0.00878667           0  -0.0242027
-0.00749801  0.00568891   0.0242027           0
EndNode1[0]<--->Repeater1[0]
REAL
   0.459211 -0.00473174  0.00457417    0.425898
-0.00473174   0.0328947  0.00518161  0.00517876
 0.00457417  0.00518161   0.0315789   0.0183858
   0.425898  0.00517876   0.0183858    0.476316
IMAGINARY
           0  -0.00631202 -0.000382611   -0.0168688
  0.00631202            0   -0.0120144    0.0195642
 0.000382611    0.0120144            0    -0.010312
   0.0168688   -0.0195642     0.010312            0
EndNode2[0]<--->HoM1[0]
REAL
   0.462051  -0.0105785   -0.009256    0.423968
 -0.0105785   0.0372836 -0.00224063   0.0342223
  -0.009256 -0.00224063   0.0479361  0.00855418
   0.423968   0.0342223  0.00855418     0.45273
IMAGINARY
           0    0.0117309  -0.00354204   0.00975628
  -0.0117309            0    0.0103949  0.000997515
  0.00354204   -0.0103949            0  -0.00664182
 -0.00975628 -0.000997515   0.00664182            0
Repeater1[0]<--->EndNode1[0]
REAL
   0.459211  0.00457417 -0.00473174    0.425898
 0.00457417   0.0315789  0.00518161   0.0183858
-0.00473174  0.00518161   0.0328947  0.00517876
   0.425898   0.0183858  0.00517876    0.476316
IMAGINARY
           0 -0.000382611  -0.00631202   -0.0168688
 0.000382611            0    0.0120144    -0.010312
  0.00631202   -0.0120144            0    0.0195642
   0.0168688     0.010312   -0.0195642            0
Repeater1[0]<--->HoM1[0]
REAL
   0.462051   -0.009256  -0.0105785    0.423968
  -0.009256   0.0479361 -0.00224063  0.00855418
 -0.0105785 -0.00224063   0.0372836   0.0342223
   0.423968  0.00855418   0.0342223     0.45273
IMAGINARY
           0  -0.00354204    0.0117309   0.00975628
  0.00354204            0   -0.0103949  -0.00664182
  -0.0117309    0.0103949            0  0.000997515
 -0.00975628   0.00664182 -0.000997515            0
EndNode1[0]<--->Repeater1[0]
REAL
     0.48799    0.0138586    0.0101324     0.415886
   0.0138586    0.0417193  -0.00110531 -0.000145715
   0.0101324  -0.00110531    0.0278129   -0.0091981
    0.415886 -0.000145715   -0.0091981     0.442478
IMAGINARY
          0  -0.0277872   0.0026234   0.0230298
  0.0277872           0 -0.00222273   0.0252625
 -0.0026234  0.00222273           0   0.0024954
 -0.0230298  -0.0252625  -0.0024954           0
EndNode2[0]<--->HoM1[0]
REAL
    0.476131    0.0102793   -0.0168651       0.4082
   0.0102793    0.0326633   0.00935278   0.00755654
  -0.0168651   0.00935278    0.0364322 -0.000970745
      0.4082   0.00755654 -0.000970745     0.454774
IMAGINARY
          0  -0.0119097     0.01494    -0.01176
  0.0119097           0   0.0180414  0.00234554
   -0.01494  -0.0180414           0   0.0215128
    0.01176 -0.00234554  -0.0215128           0
Repeater1[0]<--->EndNode1[0]
REAL
     0.48799    0.0101324    0.0138586     0.415886
   0.0101324    0.0278129  -0.00110531   -0.0091981
   0.0138586  -0.00110531    0.0417193 -0.000145715
    0.415886   -0.0091981 -0.000145715     0.442478
IMAGINARY
          0   0.0026234  -0.0277872   0.0230298
 -0.0026234           0  0.00222273   0.0024954
  0.0277872 -0.00222273           0   0.0252625
 -0.0230298  -0.0024954  -0.0252625           0
Repeater1[0]<--->HoM1[0]
REAL
    0.476131   -0.0168651    0.0102793       0.4082
  -0.0168651    0.0364322   0.00935278 -0.000970745
   0.0102793   0.00935278    0.0326633   0.00755654
      0.4082 -0.000970745   0.00755654     0.454774
IMAGINARY
          0     0.01494  -0.0119097    -0.01176
   -0.01494           0  -0.0180414   0.0215128
  0.0119097   0.0180414           0  0.00234554
    0.01176  -0.0215128 -0.00234554           0
EndNode1[0]<--->Repeater1[0]
REAL
  0.460296 0.00507693 0.00192835   0.412089
0.00507693  0.0619112 0.00786016  0.0114134
0.00192835 0.00786016  0.0551817 0.00953553
  0.412089  0.0114134 0.00953553   0.422611
IMAGINARY
           0  0.000264518   0.00845574    0.0130828
-0.000264518            0   0.00514633   -0.0159184
 -0.00845574  -0.00514633            0    0.0109295
  -0.0130828    0.0159184   -0.0109295            0
EndNode2[0]<--->HoM1[0]
REAL
   0.454318    -0.01353  0.00192666    0.420229
   -0.01353   0.0337922  -0.0121206 -0.00868342
 0.00192666  -0.0121206   0.0500626 -0.00133487
   0.420229 -0.00868342 -0.00133487    0.461827
IMAGINARY
           0 -4.73082e-06   0.00137765   0.00150752
 4.73082e-06            0   0.00215102  -0.00568269
 -0.00137765  -0.00215102            0    0.0153799
 -0.00150752   0.00568269   -0.0153799            0
Repeater1[0]<--->EndNode1[0]
REAL
  0.460296 0.00192835 0.00507693   0.412089
0.00192835  0.0551817 0.00786016 0.00953553
0.00507693 0.00786016  0.0619112  0.0114134
  0.412089 0.00953553  0.0114134   0.422611
IMAGINARY
           0   0.00845574  0.000264518    0.0130828
 -0.00845574            0  -0.00514633    0.0109295
-0.000264518   0.00514633            0   -0.0159184
  -0.0130828   -0.0109295    0.0159184            0
Repeater1[0]<--->HoM1[0]
REAL
   0.454318  0.00192666    -0.01353    0.420229
 0.00192666   0.0500626  -0.0121206 -0.00133487
   -0.01353  -0.0121206   0.0337922 -0.00868342
   0.420229 -0.00133487 -0.00868342    0.461827
IMAGINARY
           0   0.00137765 -4.73082e-06   0.00150752
 -0.00137765            0  -0.00215102    0.0153799
 4.73082e-06   0.00215102            0  -0.00568269
 -0.00150752   -0.0153799   0.00568269            0
EndNode1[0]<--->Repeater1[0]
REAL
   0.477932 -0.00183312   0.0178407    0.417532
-0.00183312   0.0441362   0.0164057    0.015838
  0.0178407   0.0164057   0.0315259   0.0264445
   0.417532    0.015838   0.0264445    0.446406
IMAGINARY
           0  -0.00943239  7.38144e-05   0.00354435
  0.00943239            0  0.000301806  -0.00320273
-7.38144e-05 -0.000301806            0   0.00880661
 -0.00354435   0.00320273  -0.00880661            0
EndNode2[0]<--->HoM1[0]
REAL
   0.446701   0.0137411  0.00254453     0.42126
  0.0137411   0.0431472 -0.00522935   0.0101781
 0.00254453 -0.00522935   0.0558376  -0.0111966
    0.42126   0.0101781  -0.0111966    0.454315
IMAGINARY
          0   0.0148364  -0.0338605  0.00343146
 -0.0148364           0   0.0213343  -0.0111332
  0.0338605  -0.0213343           0   0.0200178
-0.00343146   0.0111332  -0.0200178           0
Repeater1[0]<--->EndNode1[0]
REAL
   0.477932   0.0178407 -0.00183312    0.417532
  0.0178407   0.0315259   0.0164057   0.0264445
-0.00183312   0.0164057   0.0441362    0.015838
   0.417532   0.0264445    0.015838    0.446406
IMAGINARY
           0  7.38144e-05  -0.00943239   0.00354435
-7.38144e-05            0 -0.000301806   0.00880661
  0.00943239  0.000301806            0  -0.00320273
 -0.00354435  -0.00880661   0.00320273            0
Repeater1[0]<--->HoM1[0]
REAL
   0.446701  0.00254453   0.0137411     0.42126
 0.00254453   0.0558376 -0.00522935  -0.0111966
  0.0137411 -0.00522935   0.0431472   0.0101781
    0.42126  -0.0111966   0.0101781    0.454315
IMAGINARY
          0  -0.0338605   0.0148364  0.00343146
  0.0338605           0  -0.0213343   0.0200178
 -0.0148364   0.0213343           0  -0.0111332
-0.00343146  -0.0200178   0.0111332           0
EndNode1[0]<--->Repeater1[0]
REAL
   0.462324 -0.00264827 -0.00429846    0.409099
-0.00264827   0.0472542 -0.00570511  -0.0335605
-0.00429846 -0.00570511   0.0332056   -0.016934
   0.409099  -0.0335605   -0.016934    0.457216
IMAGINARY
          0  -0.0177782  0.00653517  -0.0055561
  0.0177782           0   0.0206315  0.00324136
-0.00653517  -0.0206315           0  -0.0073615
  0.0055561 -0.00324136   0.0073615           0
EndNode2[0]<--->HoM1[0]
REAL
   0.481579 -0.00762069  0.00146371    0.406621
-0.00762069   0.0434211 -0.00347608  -0.0134134
 0.00146371 -0.00347608   0.0381579  0.00699176
   0.406621  -0.0134134  0.00699176    0.436842
IMAGINARY
          0 -0.00710937 -0.00168266  -0.0187821
 0.00710937           0  -0.0116113   0.0397186
 0.00168266   0.0116113           0   -0.012946
  0.0187821  -0.0397186    0.012946           0
Repeater1[0]<--->EndNode1[0]
REAL
   0.462324 -0.00429846 -0.00264827    0.409099
-0.00429846   0.0332056 -0.00570511   -0.016934
-0.00264827 -0.00570511   0.0472542  -0.0335605
   0.409099   -0.016934  -0.0335605    0.457216
IMAGINARY
          0  0.00653517  -0.0177782  -0.0055561
-0.00653517           0  -0.0206315  -0.0073615
  0.0177782   0.0206315           0  0.00324136
  0.0055561   0.0073615 -0.00324136           0
Repeater1[0]<--->HoM1[0]
REAL
   0.481579  0.00146371 -0.00762069    0.406621
 0.00146371   0.0381579 -0.00347608  0.00699176
-0.00762069 -0.00347608   0.0434211  -0.0134134
   0.406621  0.00699176  -0.0134134    0.436842
IMAGINARY
          0 -0.00168266 -0.00710937  -0.0187821
 0.00168266           0   0.0116113   -0.012946
 0.00710937  -0.0116113           0   0.0397186
  0.0187821    0.012946  -0.0397186           0
EndNode1[0]<--->Repeater1[0]
REAL
    0.468354   0.00404743 -0.000887668     0.422923
  0.00404743    0.0468354   0.00915228   -0.0186092
-0.000887668   0.00915228    0.0392405   -0.0285757
    0.422923   -0.0186092   -0.0285757      0.44557
IMAGINARY
           0   -0.0101048    0.0241723  0.000541157
   0.0101048            0    0.0132928   -0.0183808
  -0.0241723   -0.0132928            0    0.0133223
-0.000541157    0.0183808   -0.0133223            0
EndNode2[0]<--->HoM1[0]
REAL
   0.449809  0.00369141 -0.00772237    0.414442
 0.00369141   0.0457433  0.00823163  0.00575645
-0.00772237  0.00823163   0.0419314  -0.0174529
   0.414442  0.00575645  -0.0174529    0.462516
IMAGINARY
          0 -0.00709586  -0.0208909 -0.00288092
 0.00709586           0  0.00288092 -0.00382391
  0.0208909 -0.00288092           0   0.0216713
 0.00288092  0.00382391  -0.0216713           0
Repeater1[0]<--->EndNode1[0]
REAL
    0.468354 -0.000887668   0.00404743     0.422923
-0.000887668    0.0392405   0.00915228   -0.0285757
  0.00404743   0.00915228    0.0468354   -0.0186092
    0.422923   -0.0285757   -0.0186092      0.44557
IMAGINARY
           0    0.0241723   -0.0101048  0.000541157
  -0.0241723            0   -0.0132928    0.0133223
   0.0101048    0.0132928            0   -0.0183808
-0.000541157   -0.0133223    0.0183808            0
Repeater1[0]<--->HoM1[0]
REAL
   0.449809 -0.00772237  0.00369141    0.414442
-0.00772237   0.0419314  0.00823163  -0.0174529
 0.00369141  0.00823163   0.0457433  0.00575645
   0.414442  -0.0174529  0.00575645    0.462516
IMAGINARY
          0  -0.0208909 -0.00709586 -0.00288092
  0.0208909           0 -0.00288092   0.0216713
 0.00709586  0.00288092           0 -0.00382391
 0.00288092  -0.0216713  0.00382391           0
EndNode1[0]<--->Repeater1[0]
REAL
   0.461146  -0.0225341  -0.0237519    0.423839
 -0.0225341   0.0254777  0.00758264 -0.00742021
 -0.0237519  0.00758264   0.0394904  -0.0173661
   0.423839 -0.00742021  -0.0173661    0.473885
IMAGINARY
          0  -0.0161901   0.0132497   0.0118464
  0.0161901           0  0.00156359  0.00276017
 -0.0132497 -0.00156359           0 -0.00228281
 -0.0118464 -0.00276017  0.00228281           0
EndNode2[0]<--->HoM1[0]
REAL
     0.47541 -0.000232661  -0.00795201     0.417944
-0.000232661    0.0466583  -0.00591341    0.0176545
 -0.00795201  -0.00591341     0.035309    0.0125224
    0.417944    0.0176545    0.0125224     0.442623
IMAGINARY
           0 -0.000241273   0.00182093    0.0143027
 0.000241273            0  -0.00913477   0.00833135
 -0.00182093   0.00913477            0   -0.0175252
  -0.0143027  -0.00833135    0.0175252            0
Repeater1[0]<--->EndNode1[0]
REAL
   0.461146  -0.0237519  -0.0225341    0.423839
 -0.0237519   0.0394904  0.00758264  -0.0173661
 -0.0225341  0.00758264   0.0254777 -0.00742021
   0.423839  -0.0173661 -0.00742021    0.473885
IMAGINARY
          0   0.0132497  -0.0161901   0.0118464
 -0.0132497           0 -0.00156359 -0.00228281
  0.0161901  0.00156359           0  0.00276017
 -0.0118464  0.00228281 -0.00276017           0
Repeater1[0]<--->HoM1[0]
REAL
     0.47541  -0.00795201 -0.000232661     0.417944
 -0.00795201     0.035309  -0.00591341    0.0125224
-0.000232661  -0.00591341    0.0466583    0.0176545
    0.417944    0.0125224    0.0176545     0.442623
IMAGINARY
           0   0.00182093 -0.000241273    0.0143027
 -0.00182093            0   0.00913477   -0.0175252
 0.000241273  -0.00913477            0   0.00833135
  -0.0143027    0.0175252  -0.00833135            0
EndNode1[0]<--->Repeater1[0]
REAL
   0.463226 -0.00996319   -0.024297    0.408169
-0.00996319   0.0387097  0.00387441 -0.00073681
  -0.024297  0.00387441    0.043871  -0.0218365
   0.408169 -0.00073681  -0.0218365    0.454194
IMAGINARY
           0     0.017285  -0.00340832   -0.0141167
   -0.017285            0  -0.00957712   0.00770279
  0.00340832   0.00957712            0  0.000506444
   0.0141167  -0.00770279 -0.000506444            0
EndNode2[0]<--->HoM1[0]
REAL
    0.480379  -0.00410063   -0.0130939     0.428654
 -0.00410063    0.0433018   0.00509555 -0.000656095
  -0.0130939   0.00509555     0.052774  -0.00339937
    0.428654 -0.000656095  -0.00339937     0.423545
IMAGINARY
          0  0.00242368  -0.0107188 -0.00883626
-0.00242368           0   0.0127324  -0.0030657
  0.0107188  -0.0127324           0   0.0151202
 0.00883626   0.0030657  -0.0151202           0
Repeater1[0]<--->EndNode1[0]
REAL
   0.463226   -0.024297 -0.00996319    0.408169
  -0.024297    0.043871  0.00387441  -0.0218365
-0.00996319  0.00387441   0.0387097 -0.00073681
   0.408169  -0.0218365 -0.00073681    0.454194
IMAGINARY
           0  -0.00340832     0.017285   -0.0141167
  0.00340832            0   0.00957712  0.000506444
   -0.017285  -0.00957712            0   0.00770279
   0.0141167 -0.000506444  -0.00770279            0
Repeater1[0]<--->HoM1[0]
REAL
    0.480379   -0.0130939  -0.00410063     0.428654
  -0.0130939     0.052774   0.00509555  -0.00339937
 -0.00410063   0.00509555    0.0433018 -0.000656095
    0.428654  -0.00339937 -0.000656095     0.423545
IMAGINARY
          0  -0.0107188  0.00242368 -0.00883626
  0.0107188           0  -0.0127324   0.0151202
-0.00242368   0.0127324           0  -0.0030657
 0.00883626  -0.0151202   0.0030657           0
EndNode1[0]<--->Repeater1[0]
REAL
   0.445609 -0.00754978  -0.0194566     0.41429
-0.00754978   0.0393185  0.00940916   0.0200347
 -0.0194566  0.00940916   0.0314548  0.00350354
    0.41429   0.0200347  0.00350354    0.483617
IMAGINARY
           0   -0.0125327      0.01628   0.00264638
   0.0125327            0 -0.000664876    0.0156349
    -0.01628  0.000664876            0   0.00564911
 -0.00264638   -0.0156349  -0.00564911            0
EndNode2[0]<--->HoM1[0]
REAL
   0.444733 -0.00329476  -0.0150384      0.4174
-0.00329476   0.0286086  0.00875786   -0.006864
 -0.0150384  0.00875786   0.0247074  -0.0198592
     0.4174   -0.006864  -0.0198592    0.501951
IMAGINARY
           0    0.0129548  -0.00975591   0.00557442
  -0.0129548            0  0.000987262   -0.0186392
  0.00975591 -0.000987262            0    -0.006782
 -0.00557442    0.0186392     0.006782            0
Repeater1[0]<--->EndNode1[0]
REAL
   0.445609  -0.0194566 -0.00754978     0.41429
 -0.0194566   0.0314548  0.00940916  0.00350354
-0.00754978  0.00940916   0.0393185   0.0200347
    0.41429  0.00350354   0.0200347    0.483617
IMAGINARY
           0      0.01628   -0.0125327   0.00264638
    -0.01628            0  0.000664876   0.00564911
   0.0125327 -0.000664876            0    0.0156349
 -0.00264638  -0.00564911   -0.0156349            0
Repeater1[0]<--->HoM1[0]
REAL
   0.444733  -0.0150384 -0.00329476      0.4174
 -0.0150384   0.0247074  0.00875786  -0.0198592
-0.00329476  0.00875786   0.0286086   -0.006864
     0.4174  -0.0198592   -0.006864    0.501951
IMAGINARY
           0  -0.00975591    0.0129548   0.00557442
  0.00975591            0 -0.000987262    -0.006782
  -0.0129548  0.000987262            0   -0.0186392
 -0.00557442     0.006782    0.0186392            0
EndNode1[0]<--->Repeater1[0]
REAL
   0.440551  0.00131739  -0.0077764    0.428387
 0.00131739   0.0475594  0.00619278  0.00577373
 -0.0077764  0.00619278   0.0325407 0.000685279
   0.428387  0.00577373 0.000685279    0.479349
IMAGINARY
           0   -0.0025263   0.00449403   0.00864439
   0.0025263            0    0.0386444  0.000608015
 -0.00449403   -0.0386444            0  -0.00640227
 -0.00864439 -0.000608015   0.00640227            0
EndNode2[0]<--->HoM1[0]
REAL
   0.456098  0.00382472  -0.0017682    0.402413
 0.00382472        0.05 -0.00845359 -0.00561435
 -0.0017682 -0.00845359   0.0390244 -0.00986498
   0.402413 -0.00561435 -0.00986498    0.454878
IMAGINARY
          0  0.00908293   0.0108779  -0.0193348
-0.00908293           0 -0.00152658 -0.00782537
 -0.0108779  0.00152658           0 -0.00603042
  0.0193348  0.00782537  0.00603042           0
Repeater1[0]<--->EndNode1[0]
REAL
   0.440551  -0.0077764  0.00131739    0.428387
 -0.0077764   0.0325407  0.00619278 0.000685279
 0.00131739  0.00619278   0.0475594  0.00577373
   0.428387 0.000685279  0.00577373    0.479349
IMAGINARY
           0   0.00449403   -0.0025263   0.00864439
 -0.00449403            0   -0.0386444  -0.00640227
   0.0025263    0.0386444            0  0.000608015
 -0.00864439   0.00640227 -0.000608015            0
Repeater1[0]<--->HoM1[0]
REAL
   0.456098  -0.0017682  0.00382472    0.402413
 -0.0017682   0.0390244 -0.00845359 -0.00986498
 0.00382472 -0.00845359        0.05 -0.00561435
   0.402413 -0.00986498 -0.00561435    0.454878
IMAGINARY
          0   0.0108779  0.00908293  -0.0193348
 -0.0108779           0  0.00152658 -0.00603042
-0.00908293 -0.00152658           0 -0.00782537
  0.0193348  0.00603042  0.00782537           0
EndNode1[0]<--->Repeater1[0]
REAL
    0.44819  0.00794382   0.0130999      0.4179
 0.00794382   0.0349563  0.00199987 -0.00246164
  0.0130999  0.00199987   0.0337079  0.00269448
