EndNode1[0]<--->Repeater1[0]
REAL
   0.460358  0.00237059  -0.0124971    0.385762
 0.00237059   0.0421995   0.0214403 -0.00550849
 -0.0124971   0.0214403   0.0460358 0.000399496
   0.385762 -0.00550849 0.000399496    0.451407
IMAGINARY
           0    0.0175504  -0.00782627    0.0107985
  -0.0175504            0    0.0120773  0.000288584
  0.00782627   -0.0120773            0    0.0100878
  -0.0107985 -0.000288584   -0.0100878            0
EndNode2[0]<--->HoM1[0]
REAL
   0.463542  -0.0125866 -0.00627228    0.394091
 -0.0125866   0.0455729   0.0158304   0.0114942
-0.00627228   0.0158304   0.0403646   0.0112812
   0.394091   0.0114942   0.0112812    0.450521
IMAGINARY
          0   0.0280316 -0.00672075   0.0103186
 -0.0280316           0  -0.0167619  0.00361516
 0.00672075   0.0167619           0  -0.0100192
 -0.0103186 -0.00361516   0.0100192           0
Repeater1[0]<--->EndNode1[0]
REAL
   0.460358  -0.0124971  0.00237059    0.385762
 -0.0124971   0.0460358   0.0214403 0.000399496
 0.00237059   0.0214403   0.0421995 -0.00550849
   0.385762 0.000399496 -0.00550849    0.451407
IMAGINARY
           0  -0.00782627    0.0175504    0.0107985
  0.00782627            0   -0.0120773    0.0100878
  -0.0175504    0.0120773            0  0.000288584
  -0.0107985   -0.0100878 -0.000288584            0
Repeater1[0]<--->HoM1[0]
REAL
   0.463542 -0.00627228  -0.0125866    0.394091
-0.00627228   0.0403646   0.0158304   0.0112812
 -0.0125866   0.0158304   0.0455729   0.0114942
   0.394091   0.0112812   0.0114942    0.450521
IMAGINARY
          0 -0.00672075   0.0280316   0.0103186
 0.00672075           0   0.0167619  -0.0100192
 -0.0280316  -0.0167619           0  0.00361516
 -0.0103186   0.0100192 -0.00361516           0
EndNode1[0]<--->Repeater1[0]
REAL
  0.473132 -0.0119639 -0.0200794   0.392824
-0.0119639  0.0419397 0.00790288  0.0237114
-0.0200794 0.00790288  0.0498034 -0.0086172
  0.392824  0.0237114 -0.0086172   0.435125
IMAGINARY
           0   0.00986796  -0.00628473   -0.0199214
 -0.00986796            0 -0.000591462   -0.0188475
  0.00628473  0.000591462            0    0.0218781
   0.0199214    0.0188475   -0.0218781            0
EndNode2[0]<--->HoM1[0]
REAL
    0.473159  -0.00845259   -0.0173037     0.403341
 -0.00845259    0.0399501    0.0158251   0.00361399
  -0.0173037    0.0158251    0.0399501 -2.19833e-05
    0.403341   0.00361399 -2.19833e-05     0.446941
IMAGINARY
          0 -0.00767482   0.0166888   0.0206065
 0.00767482           0  -0.0128142   0.0160677
 -0.0166888   0.0128142           0  -0.0238456
 -0.0206065  -0.0160677   0.0238456           0
Repeater1[0]<--->EndNode1[0]
REAL
  0.473132 -0.0200794 -0.0119639   0.392824
-0.0200794  0.0498034 0.00790288 -0.0086172
-0.0119639 0.00790288  0.0419397  0.0237114
  0.392824 -0.0086172  0.0237114   0.435125
IMAGINARY
           0  -0.00628473   0.00986796   -0.0199214
  0.00628473            0  0.000591462    0.0218781
 -0.00986796 -0.000591462            0   -0.0188475
   0.0199214   -0.0218781    0.0188475            0
Repeater1[0]<--->HoM1[0]
REAL
    0.473159   -0.0173037  -0.00845259     0.403341
  -0.0173037    0.0399501    0.0158251 -2.19833e-05
 -0.00845259    0.0158251    0.0399501   0.00361399
    0.403341 -2.19833e-05   0.00361399     0.446941
IMAGINARY
          0   0.0166888 -0.00767482   0.0206065
 -0.0166888           0   0.0128142  -0.0238456
 0.00767482  -0.0128142           0   0.0160677
 -0.0206065   0.0238456  -0.0160677           0
EndNode1[0]<--->Repeater1[0]
REAL
  0.458056 -0.0150237 -0.0235861   0.387535
-0.0150237  0.0492676  0.0168127 -0.0130598
-0.0235861  0.0168127  0.0439414 -0.0228645
  0.387535 -0.0130598 -0.0228645   0.448735
IMAGINARY
          0 -0.00340931   0.0150456   0.0314622
 0.00340931           0 -0.00111922  0.00966924
 -0.0150456  0.00111922           0 -0.00863124
 -0.0314622 -0.00966924  0.00863124           0
EndNode2[0]<--->HoM1[0]
REAL
     0.4361   0.0097758 0.000380195    0.390054
  0.0097758   0.0355731   0.0171621  0.00348578
0.000380195   0.0171621   0.0540184  0.00439946
   0.390054  0.00348578  0.00439946    0.474308
IMAGINARY
          0  0.00193323   0.0230116   0.0115877
-0.00193323           0  -0.0198259  -0.0197691
 -0.0230116   0.0198259           0 -0.00517577
 -0.0115877   0.0197691  0.00517577           0
Repeater1[0]<--->EndNode1[0]
REAL
  0.458056 -0.0235861 -0.0150237   0.387535
-0.0235861  0.0439414  0.0168127 -0.0228645
-0.0150237  0.0168127  0.0492676 -0.0130598
  0.387535 -0.0228645 -0.0130598   0.448735
IMAGINARY
          0   0.0150456 -0.00340931   0.0314622
 -0.0150456           0  0.00111922 -0.00863124
 0.00340931 -0.00111922           0  0.00966924
 -0.0314622  0.00863124 -0.00966924           0
Repeater1[0]<--->HoM1[0]
REAL
     0.4361 0.000380195   0.0097758    0.390054
0.000380195   0.0540184   0.0171621  0.00439946
  0.0097758   0.0171621   0.0355731  0.00348578
   0.390054  0.00439946  0.00348578    0.474308
IMAGINARY
          0   0.0230116  0.00193323   0.0115877
 -0.0230116           0   0.0198259 -0.00517577
-0.00193323  -0.0198259           0  -0.0197691
 -0.0115877  0.00517577   0.0197691           0
EndNode1[0]<--->Repeater1[0]
REAL
   0.470511 -0.00427313 -0.00516561    0.385031
-0.00427313   0.0380079   0.0194188  -0.0118501
-0.00516561   0.0194188   0.0432503  -0.0140515
   0.385031  -0.0118501  -0.0140515    0.448231
IMAGINARY
          0   0.0191556  0.00116208 -0.00030012
 -0.0191556           0  0.00030012 -0.00445589
-0.00116208 -0.00030012           0 -0.00795664
 0.00030012  0.00445589  0.00795664           0
EndNode2[0]<--->HoM1[0]
REAL
   0.456821  -0.0363382  -0.0166697     0.39386
 -0.0363382   0.0425532  0.00249864 -0.00713983
 -0.0166697  0.00249864   0.0362954  0.00132417
    0.39386 -0.00713983  0.00132417     0.46433
IMAGINARY
           0    0.0133683  -0.00891884    0.0212068
  -0.0133683            0    -0.016244   -0.0133325
  0.00891884     0.016244            0 -0.000279319
  -0.0212068    0.0133325  0.000279319            0
Repeater1[0]<--->EndNode1[0]
REAL
   0.470511 -0.00516561 -0.00427313    0.385031
-0.00516561   0.0432503   0.0194188  -0.0140515
-0.00427313   0.0194188   0.0380079  -0.0118501
   0.385031  -0.0140515  -0.0118501    0.448231
IMAGINARY
          0  0.00116208   0.0191556 -0.00030012
-0.00116208           0 -0.00030012 -0.00795664
 -0.0191556  0.00030012           0 -0.00445589
 0.00030012  0.00795664  0.00445589           0
Repeater1[0]<--->HoM1[0]
REAL
   0.456821  -0.0166697  -0.0363382     0.39386
 -0.0166697   0.0362954  0.00249864  0.00132417
 -0.0363382  0.00249864   0.0425532 -0.00713983
    0.39386  0.00132417 -0.00713983     0.46433
IMAGINARY
           0  -0.00891884    0.0133683    0.0212068
  0.00891884            0     0.016244 -0.000279319
  -0.0133683    -0.016244            0   -0.0133325
  -0.0212068  0.000279319    0.0133325            0
EndNode1[0]<--->Repeater1[0]
REAL
   0.459318  0.00091328  0.00161799    0.394104
 0.00091328   0.0341207  -0.0018961 0.000979416
 0.00161799  -0.0018961   0.0577428  -0.0177964
   0.394104 0.000979416  -0.0177964    0.448819
IMAGINARY
           0  0.000487562    0.0189313    0.0162931
-0.000487562            0    0.0138117    -0.025598
  -0.0189313   -0.0138117            0  -0.00448756
  -0.0162931     0.025598   0.00448756            0
EndNode2[0]<--->HoM1[0]
REAL
    0.482933  -0.00973027   0.00948052     0.395388
 -0.00973027    0.0467762   0.00158219   -0.0112987
  0.00948052   0.00158219     0.034134 -0.000572761
    0.395388   -0.0112987 -0.000572761     0.436157
IMAGINARY
          0  -0.0161446   0.0156576   0.0178677
  0.0161446           0  -0.0138783 -0.00744019
 -0.0156576   0.0138783           0  -0.0148288
 -0.0178677  0.00744019   0.0148288           0
Repeater1[0]<--->EndNode1[0]
REAL
   0.459318  0.00161799  0.00091328    0.394104
 0.00161799   0.0577428  -0.0018961  -0.0177964
 0.00091328  -0.0018961   0.0341207 0.000979416
   0.394104  -0.0177964 0.000979416    0.448819
IMAGINARY
           0    0.0189313  0.000487562    0.0162931
  -0.0189313            0   -0.0138117  -0.00448756
-0.000487562    0.0138117            0    -0.025598
  -0.0162931   0.00448756     0.025598            0
Repeater1[0]<--->HoM1[0]
REAL
    0.482933   0.00948052  -0.00973027     0.395388
  0.00948052     0.034134   0.00158219 -0.000572761
 -0.00973027   0.00158219    0.0467762   -0.0112987
    0.395388 -0.000572761   -0.0112987     0.436157
IMAGINARY
          0   0.0156576  -0.0161446   0.0178677
 -0.0156576           0   0.0138783  -0.0148288
  0.0161446  -0.0138783           0 -0.00744019
 -0.0178677   0.0148288  0.00744019           0
EndNode1[0]<--->Repeater1[0]
REAL
  0.461333 0.00298013 -0.0132049   0.390925
0.00298013  0.0413333 0.00973707 0.00194662
-0.0132049 0.00973707      0.052 0.00298013
  0.390925 0.00194662 0.00298013   0.445333
IMAGINARY
          0  0.00807842  -0.0142044   0.0205873
-0.00807842           0 -0.00280078  -0.0031223
  0.0142044  0.00280078           0 -0.00560317
 -0.0205873   0.0031223  0.00560317           0
EndNode2[0]<--->HoM1[0]
REAL
   0.444586 -0.00218777 -0.00821191    0.383355
-0.00218777   0.0407643  0.00959236  0.00191468
-0.00821191  0.00959236    0.044586 -0.00285002
   0.383355  0.00191468 -0.00285002    0.470064
IMAGINARY
          0   0.0139533   0.0146785 -0.00329969
 -0.0139533           0  -0.0051091  -0.0122032
 -0.0146785   0.0051091           0 -0.00405228
 0.00329969   0.0122032  0.00405228           0
Repeater1[0]<--->EndNode1[0]
REAL
  0.461333 -0.0132049 0.00298013   0.390925
-0.0132049      0.052 0.00973707 0.00298013
0.00298013 0.00973707  0.0413333 0.00194662
  0.390925 0.00298013 0.00194662   0.445333
IMAGINARY
          0  -0.0142044  0.00807842   0.0205873
  0.0142044           0  0.00280078 -0.00560317
-0.00807842 -0.00280078           0  -0.0031223
 -0.0205873  0.00560317   0.0031223           0
Repeater1[0]<--->HoM1[0]
REAL
   0.444586 -0.00821191 -0.00218777    0.383355
-0.00821191    0.044586  0.00959236 -0.00285002
-0.00218777  0.00959236   0.0407643  0.00191468
   0.383355 -0.00285002  0.00191468    0.470064
IMAGINARY
          0   0.0146785   0.0139533 -0.00329969
 -0.0146785           0   0.0051091 -0.00405228
 -0.0139533  -0.0051091           0  -0.0122032
 0.00329969  0.00405228   0.0122032           0
EndNode1[0]<--->Repeater1[0]
REAL
    0.45925   0.0028891 -0.00349187    0.408883
  0.0028891   0.0401035 -0.00532962  -0.0028533
-0.00349187 -0.00532962   0.0491591 0.000918008
   0.408883  -0.0028533 0.000918008    0.451488
IMAGINARY
          0  -0.0232935   0.0239487   0.0107016
  0.0232935           0 -0.00409894  0.00998219
 -0.0239487  0.00409894           0 -0.00679608
 -0.0107016 -0.00998219  0.00679608           0
EndNode2[0]<--->HoM1[0]
REAL
    0.473342    0.0115727  -0.00448671     0.406888
   0.0115727    0.0416125   0.00626671    0.0204509
 -0.00448671   0.00626671    0.0351105 -0.000717048
    0.406888    0.0204509 -0.000717048     0.449935
IMAGINARY
          0  -0.0160556  0.00325925   -0.013166
  0.0160556           0  0.00993184   0.0371134
-0.00325925 -0.00993184           0  -0.0268015
   0.013166  -0.0371134   0.0268015           0
Repeater1[0]<--->EndNode1[0]
REAL
    0.45925 -0.00349187   0.0028891    0.408883
-0.00349187   0.0491591 -0.00532962 0.000918008
  0.0028891 -0.00532962   0.0401035  -0.0028533
   0.408883 0.000918008  -0.0028533    0.451488
IMAGINARY
          0   0.0239487  -0.0232935   0.0107016
 -0.0239487           0  0.00409894 -0.00679608
  0.0232935 -0.00409894           0  0.00998219
 -0.0107016  0.00679608 -0.00998219           0
Repeater1[0]<--->HoM1[0]
REAL
    0.473342  -0.00448671    0.0115727     0.406888
 -0.00448671    0.0351105   0.00626671 -0.000717048
   0.0115727   0.00626671    0.0416125    0.0204509
    0.406888 -0.000717048    0.0204509     0.449935
IMAGINARY
          0  0.00325925  -0.0160556   -0.013166
-0.00325925           0 -0.00993184  -0.0268015
  0.0160556  0.00993184           0   0.0371134
   0.013166   0.0268015  -0.0371134           0
EndNode1[0]<--->Repeater1[0]
REAL
    0.465686   0.00264367   0.00690293     0.389073
  0.00264367    0.0379902    0.0129888  -0.00432561
  0.00690293    0.0129888    0.0465686 -6.63538e-05
    0.389073  -0.00432561 -6.63538e-05     0.449755
IMAGINARY
          0   -0.012315   0.0157137  -0.0224394
   0.012315           0  0.00189148  -0.0101375
 -0.0157137 -0.00189148           0  0.00673883
  0.0224394   0.0101375 -0.00673883           0
EndNode2[0]<--->HoM1[0]
REAL
   0.443182 -0.00506548 0.000541396    0.409605
-0.00506548   0.0454545  0.00464627   0.0139514
0.000541396  0.00464627   0.0353535   0.0183505
   0.409605   0.0139514   0.0183505     0.47601
IMAGINARY
          0 -0.00628377  0.00905574   0.0105615
 0.00628377           0    0.019559  0.00196354
-0.00905574   -0.019559           0 -0.00886775
 -0.0105615 -0.00196354  0.00886775           0
Repeater1[0]<--->EndNode1[0]
REAL
    0.465686   0.00690293   0.00264367     0.389073
  0.00690293    0.0465686    0.0129888 -6.63538e-05
  0.00264367    0.0129888    0.0379902  -0.00432561
    0.389073 -6.63538e-05  -0.00432561     0.449755
IMAGINARY
          0   0.0157137   -0.012315  -0.0224394
 -0.0157137           0 -0.00189148  0.00673883
   0.012315  0.00189148           0  -0.0101375
  0.0224394 -0.00673883   0.0101375           0
Repeater1[0]<--->HoM1[0]
REAL
   0.443182 0.000541396 -0.00506548    0.409605
0.000541396   0.0353535  0.00464627   0.0183505
-0.00506548  0.00464627   0.0454545   0.0139514
   0.409605   0.0183505   0.0139514     0.47601
IMAGINARY
          0  0.00905574 -0.00628377   0.0105615
-0.00905574           0   -0.019559 -0.00886775
 0.00628377    0.019559           0  0.00196354
 -0.0105615  0.00886775 -0.00196354           0
EndNode1[0]<--->Repeater1[0]
REAL
   0.448276 -0.00344034  -0.0112897     0.38832
-0.00344034   0.0490716 -0.00360522  -0.0210937
 -0.0112897 -0.00360522   0.0464191  -0.0121037
    0.38832  -0.0210937  -0.0121037    0.456233
IMAGINARY
          0 -0.00414214  0.00940081  -0.0101573
 0.00414214           0   0.0101573  -0.0125064
-0.00940081  -0.0101573           0   0.0134589
  0.0101573   0.0125064  -0.0134589           0
EndNode2[0]<--->HoM1[0]
REAL
   0.457433  -0.0126601  0.00639326    0.400823
 -0.0126601    0.043202 -0.00108389  -0.0116016
 0.00639326 -0.00108389   0.0381194 -0.00947535
   0.400823  -0.0116016 -0.00947535    0.461245
IMAGINARY
          0   0.0179016   -0.016879 -0.00491625
 -0.0179016           0   0.0191281 -0.00764417
   0.016879  -0.0191281           0    0.014796
 0.00491625  0.00764417   -0.014796           0
Repeater1[0]<--->EndNode1[0]
REAL
   0.448276  -0.0112897 -0.00344034     0.38832
 -0.0112897   0.0464191 -0.00360522  -0.0121037
-0.00344034 -0.00360522   0.0490716  -0.0210937
    0.38832  -0.0121037  -0.0210937    0.456233
IMAGINARY
          0  0.00940081 -0.00414214  -0.0101573
-0.00940081           0  -0.0101573   0.0134589
 0.00414214   0.0101573           0  -0.0125064
  0.0101573  -0.0134589   0.0125064           0
Repeater1[0]<--->HoM1[0]
REAL
   0.457433  0.00639326  -0.0126601    0.400823
 0.00639326   0.0381194 -0.00108389 -0.00947535
 -0.0126601 -0.00108389    0.043202  -0.0116016
   0.400823 -0.00947535  -0.0116016    0.461245
IMAGINARY
          0   -0.016879   0.0179016 -0.00491625
   0.016879           0  -0.0191281    0.014796
 -0.0179016   0.0191281           0 -0.00764417
 0.00491625   -0.014796  0.00764417           0
EndNode1[0]<--->Repeater1[0]
REAL
   0.467337   0.0171547  0.00685315    0.398423
  0.0171547   0.0427136   0.0118797  -0.0110956
 0.00685315   0.0118797   0.0502513 0.000421078
   0.398423  -0.0110956 0.000421078    0.439698
IMAGINARY
           0   0.00698087   -0.0133185   0.00188243
 -0.00698087            0    0.0204501  0.000125845
   0.0133185   -0.0204501            0  -0.00961939
 -0.00188243 -0.000125845   0.00961939            0
EndNode2[0]<--->HoM1[0]
REAL
      0.4475    0.0269294 -0.000127358     0.411022
   0.0269294      0.04625  -0.00247771    0.0127627
-0.000127358  -0.00247771      0.03625    -0.014294
    0.411022    0.0127627    -0.014294         0.47
IMAGINARY
          0  0.00655308  -0.0109666   -0.016233
-0.00655308           0 -0.00732718  0.00769009
  0.0109666  0.00732718           0 -0.00327654
   0.016233 -0.00769009  0.00327654           0
Repeater1[0]<--->EndNode1[0]
REAL
   0.467337  0.00685315   0.0171547    0.398423
 0.00685315   0.0502513   0.0118797 0.000421078
  0.0171547   0.0118797   0.0427136  -0.0110956
   0.398423 0.000421078  -0.0110956    0.439698
IMAGINARY
           0   -0.0133185   0.00698087   0.00188243
   0.0133185            0   -0.0204501  -0.00961939
 -0.00698087    0.0204501            0  0.000125845
 -0.00188243   0.00961939 -0.000125845            0
Repeater1[0]<--->HoM1[0]
REAL
      0.4475 -0.000127358    0.0269294     0.411022
-0.000127358      0.03625  -0.00247771    -0.014294
   0.0269294  -0.00247771      0.04625    0.0127627
    0.411022    -0.014294    0.0127627         0.47
IMAGINARY
          0  -0.0109666  0.00655308   -0.016233
  0.0109666           0  0.00732718 -0.00327654
-0.00655308 -0.00732718           0  0.00769009
   0.016233  0.00327654 -0.00769009           0
EndNode1[0]<--->Repeater1[0]
REAL
  0.460256 -0.0144071 -0.0329386   0.398716
-0.0144071  0.0410256 0.00585901 -0.0121594
-0.0329386 0.00585901  0.0358974 -0.0215407
  0.398716 -0.0121594 -0.0215407   0.462821
IMAGINARY
          0  -0.0123532    0.025244  -0.0145854
  0.0123532           0  -0.0132627 -0.00228481
  -0.025244   0.0132627           0 -0.00550391
  0.0145854  0.00228481  0.00550391           0
EndNode2[0]<--->HoM1[0]
REAL
    0.44757   0.0095354  0.00808538    0.388869
  0.0095354   0.0511509 0.000434054 -0.00808538
 0.00808538 0.000434054   0.0460358  -0.0033165
   0.388869 -0.00808538  -0.0033165    0.455243
IMAGINARY
          0  0.00241642  0.00429571 -0.00662661
-0.00241642           0   0.0109744  -0.0158603
-0.00429571  -0.0109744           0  0.00642712
 0.00662661   0.0158603 -0.00642712           0
Repeater1[0]<--->EndNode1[0]
REAL
  0.460256 -0.0329386 -0.0144071   0.398716
-0.0329386  0.0358974 0.00585901 -0.0215407
-0.0144071 0.00585901  0.0410256 -0.0121594
  0.398716 -0.0215407 -0.0121594   0.462821
IMAGINARY
          0    0.025244  -0.0123532  -0.0145854
  -0.025244           0   0.0132627 -0.00550391
  0.0123532  -0.0132627           0 -0.00228481
  0.0145854  0.00550391  0.00228481           0
Repeater1[0]<--->HoM1[0]
REAL
    0.44757  0.00808538   0.0095354    0.388869
 0.00808538   0.0460358 0.000434054  -0.0033165
  0.0095354 0.000434054   0.0511509 -0.00808538
   0.388869  -0.0033165 -0.00808538    0.455243
IMAGINARY
          0  0.00429571  0.00241642 -0.00662661
-0.00429571           0  -0.0109744  0.00642712
-0.00241642   0.0109744           0  -0.0158603
 0.00662661 -0.00642712   0.0158603           0
EndNode1[0]<--->Repeater1[0]
REAL
 0.429698 0.0261312 0.0134725   0.39874
0.0261312 0.0551905 0.0114162 0.0177775
0.0134725 0.0114162 0.0525624 0.0116293
  0.39874 0.0177775 0.0116293  0.462549
IMAGINARY
           0  -0.00470096   -0.0134754  0.000618079
  0.00470096            0      0.01513     0.015396
   0.0134754     -0.01513            0   0.00278034
-0.000618079    -0.015396  -0.00278034            0
EndNode2[0]<--->HoM1[0]
REAL
   0.462647  0.00978018  0.00787591    0.382887
 0.00978018   0.0406291   0.0152023 -0.00723897
 0.00787591   0.0152023   0.0393185  -0.0218821
   0.382887 -0.00723897  -0.0218821    0.457405
IMAGINARY
         0   0.010811 -0.0215982  0.0140387
 -0.010811          0  -0.027946  0.0101478
 0.0215982   0.027946          0   0.013362
-0.0140387 -0.0101478  -0.013362          0
Repeater1[0]<--->EndNode1[0]
REAL
 0.429698 0.0134725 0.0261312   0.39874
0.0134725 0.0525624 0.0114162 0.0116293
0.0261312 0.0114162 0.0551905 0.0177775
  0.39874 0.0116293 0.0177775  0.462549
IMAGINARY
           0   -0.0134754  -0.00470096  0.000618079
   0.0134754            0     -0.01513   0.00278034
  0.00470096      0.01513            0     0.015396
-0.000618079  -0.00278034    -0.015396            0
Repeater1[0]<--->HoM1[0]
REAL
   0.462647  0.00787591  0.00978018    0.382887
 0.00787591   0.0393185   0.0152023  -0.0218821
 0.00978018   0.0152023   0.0406291 -0.00723897
   0.382887  -0.0218821 -0.00723897    0.457405
IMAGINARY
         0 -0.0215982   0.010811  0.0140387
 0.0215982          0   0.027946   0.013362
 -0.010811  -0.027946          0  0.0101478
-0.0140387  -0.013362 -0.0101478          0
EndNode1[0]<--->Repeater1[0]
REAL
   0.457106  -0.0114323  -0.0154532    0.386071
 -0.0114323   0.0537772   0.0165605 -0.00428366
 -0.0154532   0.0165605   0.0409731  0.00222178
   0.386071 -0.00428366  0.00222178    0.448143
IMAGINARY
          0 -0.00490313 -0.00944242 -0.00586947
 0.00490313           0 -0.00845345   0.0100698
 0.00944242  0.00845345           0  0.00678518
 0.00586947  -0.0100698 -0.00678518           0
EndNode2[0]<--->HoM1[0]
REAL
   0.438596   0.0155769 -0.00468701    0.396141
  0.0155769   0.0438596    0.017077  0.00401946
-0.00468701    0.017077   0.0300752  -0.0175796
   0.396141  0.00401946  -0.0175796    0.487469
IMAGINARY
           0 -4.59246e-05  -0.00370716    0.0124204
 4.59246e-05            0    0.0124204   0.00435736
  0.00370716   -0.0124204            0  -0.00190466
  -0.0124204  -0.00435736   0.00190466            0
Repeater1[0]<--->EndNode1[0]
REAL
   0.457106  -0.0154532  -0.0114323    0.386071
 -0.0154532   0.0409731   0.0165605  0.00222178
 -0.0114323   0.0165605   0.0537772 -0.00428366
   0.386071  0.00222178 -0.00428366    0.448143
IMAGINARY
          0 -0.00944242 -0.00490313 -0.00586947
 0.00944242           0  0.00845345  0.00678518
 0.00490313 -0.00845345           0   0.0100698
 0.00586947 -0.00678518  -0.0100698           0
Repeater1[0]<--->HoM1[0]
REAL
   0.438596 -0.00468701   0.0155769    0.396141
-0.00468701   0.0300752    0.017077  -0.0175796
  0.0155769    0.017077   0.0438596  0.00401946
   0.396141  -0.0175796  0.00401946    0.487469
IMAGINARY
           0  -0.00370716 -4.59246e-05    0.0124204
  0.00370716            0   -0.0124204  -0.00190466
 4.59246e-05    0.0124204            0   0.00435736
  -0.0124204   0.00190466  -0.00435736            0
EndNode1[0]<--->Repeater1[0]
REAL
   0.465409  0.00524492 -0.00381946    0.398791
 0.00524492   0.0465409  0.00873868  0.00976398
-0.00381946  0.00873868   0.0553459 -0.00986843
   0.398791  0.00976398 -0.00986843    0.432704
IMAGINARY
           0   0.00585342   0.00250174   -0.0121613
 -0.00585342            0  0.000659242  -0.00119284
 -0.00250174 -0.000659242            0   0.00330889
   0.0121613   0.00119284  -0.00330889            0
EndNode2[0]<--->HoM1[0]
REAL
     0.47601 -3.02923e-05   -0.0224417     0.392433
-3.02923e-05    0.0555556    0.0092491    0.0101519
  -0.0224417    0.0092491    0.0441919  -0.00967217
    0.392433    0.0101519  -0.00967217     0.424242
IMAGINARY
          0  -0.0207682  0.00265603   0.0207695
  0.0207682           0 -0.00886477  0.00697169
-0.00265603  0.00886477           0  0.00472199
 -0.0207695 -0.00697169 -0.00472199           0
Repeater1[0]<--->EndNode1[0]
REAL
   0.465409 -0.00381946  0.00524492    0.398791
-0.00381946   0.0553459  0.00873868 -0.00986843
 0.00524492  0.00873868   0.0465409  0.00976398
   0.398791 -0.00986843  0.00976398    0.432704
IMAGINARY
           0   0.00250174   0.00585342   -0.0121613
 -0.00250174            0 -0.000659242   0.00330889
 -0.00585342  0.000659242            0  -0.00119284
   0.0121613  -0.00330889   0.00119284            0
Repeater1[0]<--->HoM1[0]
REAL
     0.47601   -0.0224417 -3.02923e-05     0.392433
  -0.0224417    0.0441919    0.0092491  -0.00967217
-3.02923e-05    0.0092491    0.0555556    0.0101519
    0.392433  -0.00967217    0.0101519     0.424242
IMAGINARY
          0  0.00265603  -0.0207682   0.0207695
-0.00265603           0  0.00886477  0.00472199
  0.0207682 -0.00886477           0  0.00697169
 -0.0207695 -0.00472199 -0.00697169           0
EndNode1[0]<--->Repeater1[0]
REAL
  0.435233 -0.0131895   -0.01332   0.396724
-0.0131895  0.0466321  0.0167244  -0.013977
  -0.01332  0.0167244  0.0427461 -0.0207652
  0.396724  -0.013977 -0.0207652   0.475389
IMAGINARY
           0 -0.000683653    -0.024078   -0.0118955
 0.000683653            0   0.00246155    0.0014974
    0.024078  -0.00246155            0     0.014232
   0.0118955   -0.0014974    -0.014232            0
EndNode2[0]<--->HoM1[0]
REAL
   0.487374  0.00209878  0.00659771    0.399514
 0.00209878    0.040404  0.00304973    -0.01429
 0.00659771  0.00304973   0.0340909 -0.00979109
   0.399514    -0.01429 -0.00979109    0.438131
IMAGINARY
          0  -0.0167072  0.00358217 -0.00079665
  0.0167072           0   0.0173092    0.022933
-0.00358217  -0.0173092           0 -0.00475748
 0.00079665   -0.022933  0.00475748           0
Repeater1[0]<--->EndNode1[0]
REAL
  0.435233   -0.01332 -0.0131895   0.396724
  -0.01332  0.0427461  0.0167244 -0.0207652
-0.0131895  0.0167244  0.0466321  -0.013977
  0.396724 -0.0207652  -0.013977   0.475389
IMAGINARY
           0    -0.024078 -0.000683653   -0.0118955
    0.024078            0  -0.00246155     0.014232
 0.000683653   0.00246155            0    0.0014974
   0.0118955    -0.014232   -0.0014974            0
Repeater1[0]<--->HoM1[0]
REAL
   0.487374  0.00659771  0.00209878    0.399514
 0.00659771   0.0340909  0.00304973 -0.00979109
 0.00209878  0.00304973    0.040404    -0.01429
   0.399514 -0.00979109    -0.01429    0.438131
IMAGINARY
          0  0.00358217  -0.0167072 -0.00079665
-0.00358217           0  -0.0173092 -0.00475748
  0.0167072   0.0173092           0    0.022933
 0.00079665  0.00475748   -0.022933           0
EndNode1[0]<--->Repeater1[0]
REAL
   0.434728 -0.00865818  -0.0145038    0.406005
-0.00865818   0.0405577  0.00174935 -0.00287589
 -0.0145038  0.00174935   0.0481622 -0.00471081
   0.406005 -0.00287589 -0.00471081    0.476553
IMAGINARY
         0  0.0225677  0.0066879  0.0200747
-0.0225677          0   0.023853 -0.0066879
-0.0066879  -0.023853          0 -0.0199081
-0.0200747  0.0066879  0.0199081          0
EndNode2[0]<--->HoM1[0]
REAL
  0.456821 0.00738851 0.00276016     0.4013
0.00738851  0.0450563  0.0121371  0.0179117
0.00276016  0.0121371  0.0400501 0.00940735
    0.4013  0.0179117 0.00940735   0.458073
IMAGINARY
           0 -0.000528496  -0.00357001   -0.0124873
 0.000528496            0    0.0174378   0.00603306
  0.00357001   -0.0174378            0   -0.0117868
   0.0124873  -0.00603306    0.0117868            0
Repeater1[0]<--->EndNode1[0]
REAL
   0.434728  -0.0145038 -0.00865818    0.406005
 -0.0145038   0.0481622  0.00174935 -0.00471081
-0.00865818  0.00174935   0.0405577 -0.00287589
   0.406005 -0.00471081 -0.00287589    0.476553
IMAGINARY
         0  0.0066879  0.0225677  0.0200747
-0.0066879          0  -0.023853 -0.0199081
-0.0225677   0.023853          0 -0.0066879
-0.0200747  0.0199081  0.0066879          0
Repeater1[0]<--->HoM1[0]
REAL
  0.456821 0.00276016 0.00738851     0.4013
0.00276016  0.0400501  0.0121371 0.00940735
0.00738851  0.0121371  0.0450563  0.0179117
    0.4013 0.00940735  0.0179117   0.458073
IMAGINARY
           0  -0.00357001 -0.000528496   -0.0124873
  0.00357001            0   -0.0174378   -0.0117868
 0.000528496    0.0174378            0   0.00603306
   0.0124873    0.0117868  -0.00603306            0
EndNode1[0]<--->Repeater1[0]
REAL
  0.478912 0.00894805  0.0109771    0.39023
0.00894805  0.0326531 0.00740745  0.0244559
 0.0109771 0.00740745  0.0462585  0.0133617
   0.39023  0.0244559  0.0133617   0.442177
IMAGINARY
           0  -0.00293706    0.0120067   0.00657622
  0.00293706            0   0.00595511  0.000643082
  -0.0120067  -0.00595511            0    -0.015039
 -0.00657622 -0.000643082     0.015039            0
EndNode2[0]<--->HoM1[0]
REAL
   0.437326  -0.0233594 -0.00604237    0.404049
 -0.0233594   0.0306407  0.00480492   -0.031718
-0.00604237  0.00480492   0.0571031  -0.0196094
   0.404049   -0.031718  -0.0196094     0.47493
IMAGINARY
          0 -0.00265471   0.0206256   0.0148865
 0.00265471           0  -0.0130639  -0.0155878
 -0.0206256   0.0130639           0  -0.0124586
 -0.0148865   0.0155878   0.0124586           0
Repeater1[0]<--->EndNode1[0]
REAL
  0.478912  0.0109771 0.00894805    0.39023
 0.0109771  0.0462585 0.00740745  0.0133617
0.00894805 0.00740745  0.0326531  0.0244559
   0.39023  0.0133617  0.0244559   0.442177
IMAGINARY
           0    0.0120067  -0.00293706   0.00657622
  -0.0120067            0  -0.00595511    -0.015039
  0.00293706   0.00595511            0  0.000643082
 -0.00657622     0.015039 -0.000643082            0
Repeater1[0]<--->HoM1[0]
REAL
   0.437326 -0.00604237  -0.0233594    0.404049
-0.00604237   0.0571031  0.00480492  -0.0196094
 -0.0233594  0.00480492   0.0306407   -0.031718
   0.404049  -0.0196094   -0.031718     0.47493
IMAGINARY
          0   0.0206256 -0.00265471   0.0148865
 -0.0206256           0   0.0130639  -0.0124586
 0.00265471  -0.0130639           0  -0.0155878
 -0.0148865   0.0124586   0.0155878           0
EndNode1[0]<--->Repeater1[0]
REAL
   0.454887 -0.00238992  0.00463045    0.392497
-0.00238992   0.0438596  0.00250938 -0.00399024
 0.00463045  0.00250938   0.0463659  0.00303013
   0.392497 -0.00399024  0.00303013    0.454887
IMAGINARY
          0  0.00089106  0.00178787 -0.00448521
-0.00089106           0  -0.0186936  -0.0271278
-0.00178787   0.0186936           0   0.0157962
 0.00448521   0.0271278  -0.0157962           0
EndNode2[0]<--->HoM1[0]
REAL
    0.43734  0.00769938 -0.00546067    0.386607
 0.00769938   0.0473146   0.0200235  0.00613726
-0.00546067   0.0200235   0.0524297 -0.00566961
   0.386607  0.00613726 -0.00566961    0.462916
IMAGINARY
          0  -0.0133046  -0.0298324 -0.00508423
  0.0133046           0  -0.0148626  0.00738848
  0.0298324   0.0148626           0   0.0120577
 0.00508423 -0.00738848  -0.0120577           0
Repeater1[0]<--->EndNode1[0]
REAL
   0.454887  0.00463045 -0.00238992    0.392497
 0.00463045   0.0463659  0.00250938  0.00303013
-0.00238992  0.00250938   0.0438596 -0.00399024
   0.392497  0.00303013 -0.00399024    0.454887
IMAGINARY
          0  0.00178787  0.00089106 -0.00448521
-0.00178787           0   0.0186936   0.0157962
-0.00089106  -0.0186936           0  -0.0271278
 0.00448521  -0.0157962   0.0271278           0
Repeater1[0]<--->HoM1[0]
REAL
    0.43734 -0.00546067  0.00769938    0.386607
-0.00546067   0.0524297   0.0200235 -0.00566961
 0.00769938   0.0200235   0.0473146  0.00613726
   0.386607 -0.00566961  0.00613726    0.462916
IMAGINARY
          0  -0.0298324  -0.0133046 -0.00508423
  0.0298324           0   0.0148626   0.0120577
  0.0133046  -0.0148626           0  0.00738848
 0.00508423  -0.0120577 -0.00738848           0
EndNode1[0]<--->Repeater1[0]
REAL
  0.448492 -0.0142158 -0.0159435   0.398934
-0.0142158  0.0552764   0.023584  -0.003427
-0.0159435   0.023584  0.0452261 -0.0245251
  0.398934  -0.003427 -0.0245251   0.451005
IMAGINARY
          0 -0.00996678   0.0210959  0.00687035
 0.00996678           0 -0.00816233 -0.00709034
 -0.0210959  0.00816233           0  -0.0138427
-0.00687035  0.00709034   0.0138427           0
EndNode2[0]<--->HoM1[0]
REAL
   0.462264  0.00344332  0.00409836     0.38998
 0.00344332   0.0471698   0.0337704 -0.00409836
 0.00409836   0.0337704   0.0431267  0.00530668
    0.38998 -0.00409836  0.00530668    0.447439
IMAGINARY
          0  0.00613704   0.0144861    -0.00805
-0.00613704           0  0.00317195 -0.00598941
 -0.0144861 -0.00317195           0  -0.0120194
    0.00805  0.00598941   0.0120194           0
Repeater1[0]<--->EndNode1[0]
REAL
  0.448492 -0.0159435 -0.0142158   0.398934
-0.0159435  0.0452261   0.023584 -0.0245251
-0.0142158   0.023584  0.0552764  -0.003427
  0.398934 -0.0245251  -0.003427   0.451005
IMAGINARY
          0   0.0210959 -0.00996678  0.00687035
 -0.0210959           0  0.00816233  -0.0138427
 0.00996678 -0.00816233           0 -0.00709034
-0.00687035   0.0138427  0.00709034           0
Repeater1[0]<--->HoM1[0]
REAL
   0.462264  0.00409836  0.00344332     0.38998
 0.00409836   0.0431267   0.0337704  0.00530668
 0.00344332   0.0337704   0.0471698 -0.00409836
    0.38998  0.00530668 -0.00409836    0.447439
IMAGINARY
          0   0.0144861  0.00613704    -0.00805
 -0.0144861           0 -0.00317195  -0.0120194
-0.00613704  0.00317195           0 -0.00598941
    0.00805   0.0120194  0.00598941           0
EndNode1[0]<--->Repeater1[0]
REAL
   0.450593 -0.00243632 -0.00222363    0.402998
-0.00243632   0.0527009   0.0080565 -0.00222363
-0.00222363   0.0080565   0.0408432  0.00307164
   0.402998 -0.00222363  0.00307164    0.455863
IMAGINARY
          0  -0.0256946 -0.00590224   0.0072291
  0.0256946           0  0.00183826  0.00784776
 0.00590224 -0.00183826           0     0.01467
 -0.0072291 -0.00784776    -0.01467           0
EndNode2[0]<--->HoM1[0]
REAL
   0.466321   0.0178377  0.00465473    0.391311
  0.0178377   0.0453368  0.00718005  0.00837682
 0.00465473  0.00718005   0.0518135 0.000680828
   0.391311  0.00837682 0.000680828    0.436528
IMAGINARY
          0  0.00692695    0.012142  0.00838961
-0.00692695           0 -0.00194631 -0.00206641
  -0.012142  0.00194631           0  -0.0144836
-0.00838961  0.00206641   0.0144836           0
Repeater1[0]<--->EndNode1[0]
REAL
   0.450593 -0.00222363 -0.00243632    0.402998
-0.00222363   0.0408432   0.0080565  0.00307164
-0.00243632   0.0080565   0.0527009 -0.00222363
   0.402998  0.00307164 -0.00222363    0.455863
IMAGINARY
          0 -0.00590224  -0.0256946   0.0072291
 0.00590224           0 -0.00183826     0.01467
  0.0256946  0.00183826           0  0.00784776
 -0.0072291    -0.01467 -0.00784776           0
Repeater1[0]<--->HoM1[0]
REAL
   0.466321  0.00465473   0.0178377    0.391311
 0.00465473   0.0518135  0.00718005 0.000680828
  0.0178377  0.00718005   0.0453368  0.00837682
   0.391311 0.000680828  0.00837682    0.436528
IMAGINARY
          0    0.012142  0.00692695  0.00838961
  -0.012142           0  0.00194631  -0.0144836
-0.00692695 -0.00194631           0 -0.00206641
-0.00838961   0.0144836  0.00206641           0
EndNode1[0]<--->Repeater1[0]
REAL
   0.447891 -0.00204375    0.013548    0.375034
-0.00204375   0.0483871    0.013711  -0.0258378
   0.013548    0.013711    0.044665   -0.018008
   0.375034  -0.0258378   -0.018008    0.459057
IMAGINARY
          0 -0.00259775  0.00333145           0
 0.00259775           0  -0.0038961    0.013208
-0.00333145   0.0038961           0   -0.015214
          0   -0.013208    0.015214           0
EndNode2[0]<--->HoM1[0]
REAL
  0.463284  0.0125179 0.00351884   0.405986
 0.0125179  0.0413885 0.00524137  0.0212853
0.00351884 0.00524137  0.0453939 0.00445338
  0.405986  0.0212853 0.00445338   0.449933
IMAGINARY
          0  -0.0116377 -0.00469564 -0.00478094
  0.0116377           0 -0.00858805  0.00965842
 0.00469564  0.00858805           0 -0.00325062
 0.00478094 -0.00965842  0.00325062           0
Repeater1[0]<--->EndNode1[0]
REAL
   0.447891    0.013548 -0.00204375    0.375034
   0.013548    0.044665    0.013711   -0.018008
-0.00204375    0.013711   0.0483871  -0.0258378
   0.375034   -0.018008  -0.0258378    0.459057
IMAGINARY
          0  0.00333145 -0.00259775           0
-0.00333145           0   0.0038961   -0.015214
 0.00259775  -0.0038961           0    0.013208
          0    0.015214   -0.013208           0
Repeater1[0]<--->HoM1[0]
REAL
  0.463284 0.00351884  0.0125179   0.405986
0.00351884  0.0453939 0.00524137 0.00445338
 0.0125179 0.00524137  0.0413885  0.0212853
  0.405986 0.00445338  0.0212853   0.449933
IMAGINARY
          0 -0.00469564  -0.0116377 -0.00478094
 0.00469564           0  0.00858805 -0.00325062
  0.0116377 -0.00858805           0  0.00965842
 0.00478094  0.00325062 -0.00965842           0
EndNode1[0]<--->Repeater1[0]
REAL
   0.450269    -0.02863 -0.00251889    0.398108
   -0.02863   0.0416667   0.0149907 -0.00251889
-0.00251889   0.0149907   0.0483871    0.017295
   0.398108 -0.00251889    0.017295    0.459677
IMAGINARY
          0 -0.00489659   0.0116482  -0.0105641
 0.00489659           0  0.00386498  0.00393617
 -0.0116482 -0.00386498           0    -0.01848
  0.0105641 -0.00393617     0.01848           0
EndNode2[0]<--->HoM1[0]
REAL
     0.47348  -0.00506644 -0.000274552     0.394209
 -0.00506644    0.0362225 -0.000250513   0.00828935
-0.000274552 -0.000250513    0.0543338    0.0130812
    0.394209   0.00828935    0.0130812     0.435964
IMAGINARY
          0  0.00276547   0.0279663  -0.0301912
-0.00276547           0   0.0144282 -0.00553886
 -0.0279663  -0.0144282           0  -0.0251929
  0.0301912  0.00553886   0.0251929           0
Repeater1[0]<--->EndNode1[0]
REAL
   0.450269 -0.00251889    -0.02863    0.398108
-0.00251889   0.0483871   0.0149907    0.017295
   -0.02863   0.0149907   0.0416667 -0.00251889
   0.398108    0.017295 -0.00251889    0.459677
IMAGINARY
          0   0.0116482 -0.00489659  -0.0105641
 -0.0116482           0 -0.00386498    -0.01848
 0.00489659  0.00386498           0  0.00393617
  0.0105641     0.01848 -0.00393617           0
Repeater1[0]<--->HoM1[0]
REAL
     0.47348 -0.000274552  -0.00506644     0.394209
-0.000274552    0.0543338 -0.000250513    0.0130812
 -0.00506644 -0.000250513    0.0362225   0.00828935
    0.394209    0.0130812   0.00828935     0.435964
IMAGINARY
          0   0.0279663  0.00276547  -0.0301912
 -0.0279663           0  -0.0144282  -0.0251929
-0.00276547   0.0144282           0 -0.00553886
  0.0301912   0.0251929  0.00553886           0
EndNode1[0]<--->Repeater1[0]
REAL
    0.480744 -0.000356506    0.0102273     0.394631
-0.000356506    0.0398406   0.00340774   -0.0174169
   0.0102273   0.00340774    0.0332005  -0.00944742
    0.394631   -0.0174169  -0.00944742     0.446215
IMAGINARY
           0  -0.00112558   -0.0043556  0.000226423
  0.00112558            0   0.00165092    0.0272233
   0.0043556  -0.00165092            0  -0.00443684
-0.000226423   -0.0272233   0.00443684            0
EndNode2[0]<--->HoM1[0]
REAL
   0.456954 -0.00905556  -0.0157219    0.381646
-0.00905556   0.0384106    0.015526  -0.0279799
 -0.0157219    0.015526   0.0384106  -0.0140807
   0.381646  -0.0279799  -0.0140807    0.466225
IMAGINARY
          0 -0.00950643  0.00619929 -0.00044079
 0.00950643           0  0.00971149  0.00746191
-0.00619929 -0.00971149           0  0.00404195
 0.00044079 -0.00746191 -0.00404195           0
Repeater1[0]<--->EndNode1[0]
REAL
    0.480744    0.0102273 -0.000356506     0.394631
   0.0102273    0.0332005   0.00340774  -0.00944742
-0.000356506   0.00340774    0.0398406   -0.0174169
    0.394631  -0.00944742   -0.0174169     0.446215
IMAGINARY
           0   -0.0043556  -0.00112558  0.000226423
   0.0043556            0  -0.00165092  -0.00443684
  0.00112558   0.00165092            0    0.0272233
-0.000226423   0.00443684   -0.0272233            0
Repeater1[0]<--->HoM1[0]
REAL
   0.456954  -0.0157219 -0.00905556    0.381646
 -0.0157219   0.0384106    0.015526  -0.0140807
-0.00905556    0.015526   0.0384106  -0.0279799
   0.381646  -0.0140807  -0.0279799    0.466225
IMAGINARY
          0  0.00619929 -0.00950643 -0.00044079
-0.00619929           0 -0.00971149  0.00404195
 0.00950643  0.00971149           0  0.00746191
 0.00044079 -0.00404195 -0.00746191           0
EndNode1[0]<--->Repeater1[0]
REAL
   0.482984   -0.019719 -0.00223237    0.403457
  -0.019719    0.039267   0.0156407  -0.0136828
-0.00223237   0.0156407   0.0418848  -0.0134375
   0.403457  -0.0136828  -0.0134375    0.435864
IMAGINARY
           0   0.00357771   -0.0182419 -3.79942e-05
 -0.00357771            0   -0.0142867 -0.000455332
   0.0182419    0.0142867            0   0.00667561
 3.79942e-05  0.000455332  -0.00667561            0
EndNode2[0]<--->HoM1[0]
REAL
   0.493082 -0.00325862  0.00488916    0.401107
-0.00325862   0.0427673   0.0122179  -0.0171789
