EndNode1[0]<--->Repeater1[0]
REAL
   0.400253 0.000593166 -0.00909661    0.295628
0.000593166   0.0858586  -0.0101171  0.00909661
-0.00909661  -0.0101171   0.0896465   0.0036682
   0.295628  0.00909661   0.0036682    0.424242
IMAGINARY
           0   -0.0129307  -0.00347794  0.000172028
   0.0129307            0    0.0158378    0.0219458
  0.00347794   -0.0158378            0   0.00540673
-0.000172028   -0.0219458  -0.00540673            0
EndNode2[0]<--->HoM1[0]
REAL
    0.410689    0.0146429   -0.0216955     0.302369
   0.0146429     0.129395 -0.000623441    0.0117204
  -0.0216955 -0.000623441    0.0787623    0.0140354
    0.302369    0.0117204    0.0140354     0.381153
IMAGINARY
           0   -0.0119157   0.00422166   0.00613451
   0.0119157            0  0.000801177    0.0144816
 -0.00422166 -0.000801177            0  -0.00678752
 -0.00613451   -0.0144816   0.00678752            0
Repeater1[0]<--->EndNode1[0]
REAL
   0.400253 -0.00909661 0.000593166    0.295628
-0.00909661   0.0896465  -0.0101171   0.0036682
0.000593166  -0.0101171   0.0858586  0.00909661
   0.295628   0.0036682  0.00909661    0.424242
IMAGINARY
           0  -0.00347794   -0.0129307  0.000172028
  0.00347794            0   -0.0158378   0.00540673
   0.0129307    0.0158378            0    0.0219458
-0.000172028  -0.00540673   -0.0219458            0
Repeater1[0]<--->HoM1[0]
REAL
    0.410689   -0.0216955    0.0146429     0.302369
  -0.0216955    0.0787623 -0.000623441    0.0140354
   0.0146429 -0.000623441     0.129395    0.0117204
    0.302369    0.0140354    0.0117204     0.381153
IMAGINARY
           0   0.00422166   -0.0119157   0.00613451
 -0.00422166            0 -0.000801177  -0.00678752
   0.0119157  0.000801177            0    0.0144816
 -0.00613451   0.00678752   -0.0144816            0
EndNode1[0]<--->Repeater1[0]
REAL
     0.39467   0.00732344   -0.0142384     0.274843
  0.00732344     0.121827   -0.0180493    0.0142384
  -0.0142384   -0.0180493     0.100254 -0.000529962
    0.274843    0.0142384 -0.000529962     0.383249
IMAGINARY
          0 -0.00125293  0.00622136  0.00932623
 0.00125293           0   0.0112036  -0.0135743
-0.00622136  -0.0112036           0  0.00247842
-0.00932623   0.0135743 -0.00247842           0
EndNode2[0]<--->HoM1[0]
REAL
   0.382124  -0.0274808  0.00046503    0.290922
 -0.0274808   0.0880829 -0.00316121  -0.0173921
 0.00046503 -0.00316121    0.115285 -0.00116502
   0.290922  -0.0173921 -0.00116502    0.414508
IMAGINARY
           0   0.00337649  -0.00138401   0.00539814
 -0.00337649            0    0.0105661  -0.00985859
  0.00138401   -0.0105661            0  0.000765523
 -0.00539814   0.00985859 -0.000765523            0
Repeater1[0]<--->EndNode1[0]
REAL
     0.39467   -0.0142384   0.00732344     0.274843
  -0.0142384     0.100254   -0.0180493 -0.000529962
  0.00732344   -0.0180493     0.121827    0.0142384
    0.274843 -0.000529962    0.0142384     0.383249
IMAGINARY
          0  0.00622136 -0.00125293  0.00932623
-0.00622136           0  -0.0112036  0.00247842
 0.00125293   0.0112036           0  -0.0135743
-0.00932623 -0.00247842   0.0135743           0
Repeater1[0]<--->HoM1[0]
REAL
   0.382124  0.00046503  -0.0274808    0.290922
 0.00046503    0.115285 -0.00316121 -0.00116502
 -0.0274808 -0.00316121   0.0880829  -0.0173921
   0.290922 -0.00116502  -0.0173921    0.414508
IMAGINARY
           0  -0.00138401   0.00337649   0.00539814
  0.00138401            0   -0.0105661  0.000765523
 -0.00337649    0.0105661            0  -0.00985859
 -0.00539814 -0.000765523   0.00985859            0
EndNode1[0]<--->Repeater1[0]
REAL
   0.361619 -0.00131743   0.0196789    0.278946
-0.00131743    0.116188    -0.00401  0.00333902
  0.0196789    -0.00401    0.117493 -0.00635521
   0.278946  0.00333902 -0.00635521      0.4047
IMAGINARY
          0 -0.00708446  0.00552519 -0.00532932
 0.00708446           0 -0.00140262   0.0191086
-0.00552519  0.00140262           0  -0.0108916
 0.00532932  -0.0191086   0.0108916           0
EndNode2[0]<--->HoM1[0]
REAL
  0.391248  0.0046433 -0.0107924   0.276824
 0.0046433  0.0926641 0.00109824 0.00819497
-0.0107924 0.00109824   0.110682  -0.005942
  0.276824 0.00819497  -0.005942   0.405405
IMAGINARY
          0  -0.0130323  0.00465259  -0.0173149
  0.0130323           0 -0.00459229 -0.00201407
-0.00465259  0.00459229           0 -0.00543736
  0.0173149  0.00201407  0.00543736           0
Repeater1[0]<--->EndNode1[0]
REAL
   0.361619   0.0196789 -0.00131743    0.278946
  0.0196789    0.117493    -0.00401 -0.00635521
-0.00131743    -0.00401    0.116188  0.00333902
   0.278946 -0.00635521  0.00333902      0.4047
IMAGINARY
          0  0.00552519 -0.00708446 -0.00532932
-0.00552519           0  0.00140262  -0.0108916
 0.00708446 -0.00140262           0   0.0191086
 0.00532932   0.0108916  -0.0191086           0
Repeater1[0]<--->HoM1[0]
REAL
  0.391248 -0.0107924  0.0046433   0.276824
-0.0107924   0.110682 0.00109824  -0.005942
 0.0046433 0.00109824  0.0926641 0.00819497
  0.276824  -0.005942 0.00819497   0.405405
IMAGINARY
          0  0.00465259  -0.0130323  -0.0173149
-0.00465259           0  0.00459229 -0.00543736
  0.0130323 -0.00459229           0 -0.00201407
  0.0173149  0.00543736  0.00201407           0
EndNode1[0]<--->Repeater1[0]
REAL
   0.393377   0.0215549  -0.0116055    0.276551
  0.0215549    0.111258 -0.00830497  0.00968485
 -0.0116055 -0.00830497   0.0860927 0.000852268
   0.276551  0.00968485 0.000852268    0.409272
IMAGINARY
           0  -0.00170272     0.018825   -0.0204575
  0.00170272            0   -0.0300606 -0.000796132
   -0.018825    0.0300606            0    0.0113181
   0.0204575  0.000796132   -0.0113181            0
EndNode2[0]<--->HoM1[0]
REAL
   0.422194  -0.0156895  -0.0109472    0.307302
 -0.0156895   0.0943878 -0.00259335  -0.0167536
 -0.0109472 -0.00259335    0.104592  -0.0106262
   0.307302  -0.0167536  -0.0106262    0.378827
IMAGINARY
          0   0.0046813  0.00843454  -0.0159574
 -0.0046813           0   0.0159574 -0.00973662
-0.00843454  -0.0159574           0  -0.0111917
  0.0159574  0.00973662   0.0111917           0
Repeater1[0]<--->EndNode1[0]
REAL
   0.393377  -0.0116055   0.0215549    0.276551
 -0.0116055   0.0860927 -0.00830497 0.000852268
  0.0215549 -0.00830497    0.111258  0.00968485
   0.276551 0.000852268  0.00968485    0.409272
IMAGINARY
           0     0.018825  -0.00170272   -0.0204575
   -0.018825            0    0.0300606    0.0113181
  0.00170272   -0.0300606            0 -0.000796132
   0.0204575   -0.0113181  0.000796132            0
Repeater1[0]<--->HoM1[0]
REAL
   0.422194  -0.0109472  -0.0156895    0.307302
 -0.0109472    0.104592 -0.00259335  -0.0106262
 -0.0156895 -0.00259335   0.0943878  -0.0167536
   0.307302  -0.0106262  -0.0167536    0.378827
IMAGINARY
          0  0.00843454   0.0046813  -0.0159574
-0.00843454           0  -0.0159574  -0.0111917
 -0.0046813   0.0159574           0 -0.00973662
  0.0159574   0.0111917  0.00973662           0
EndNode1[0]<--->Repeater1[0]
REAL
  0.393524 -0.0227269  0.0130825   0.282049
-0.0227269   0.124533 0.00440929 0.00124041
 0.0130825 0.00440929  0.0971357 0.00840398
  0.282049 0.00124041 0.00840398   0.384807
IMAGINARY
           0  -0.00490615    -0.025403    0.0117619
  0.00490615            0   0.00662048  -0.00875851
    0.025403  -0.00662048            0  0.000558327
  -0.0117619   0.00875851 -0.000558327            0
EndNode2[0]<--->HoM1[0]
REAL
   0.384518   -0.006799  0.00526642    0.285273
  -0.006799    0.110406  -0.0115605 -0.00526642
 0.00526642  -0.0115605    0.123096    0.010864
   0.285273 -0.00526642    0.010864     0.38198
IMAGINARY
           0  -0.00950151   0.00631176  0.000666129
  0.00950151            0   -0.0138076    0.0161157
 -0.00631176    0.0138076            0    -0.018203
-0.000666129   -0.0161157     0.018203            0
Repeater1[0]<--->EndNode1[0]
REAL
  0.393524  0.0130825 -0.0227269   0.282049
 0.0130825  0.0971357 0.00440929 0.00840398
-0.0227269 0.00440929   0.124533 0.00124041
  0.282049 0.00840398 0.00124041   0.384807
IMAGINARY
           0    -0.025403  -0.00490615    0.0117619
    0.025403            0  -0.00662048  0.000558327
  0.00490615   0.00662048            0  -0.00875851
  -0.0117619 -0.000558327   0.00875851            0
Repeater1[0]<--->HoM1[0]
REAL
   0.384518  0.00526642   -0.006799    0.285273
 0.00526642    0.123096  -0.0115605    0.010864
  -0.006799  -0.0115605    0.110406 -0.00526642
   0.285273    0.010864 -0.00526642     0.38198
IMAGINARY
           0   0.00631176  -0.00950151  0.000666129
 -0.00631176            0    0.0138076    -0.018203
  0.00950151   -0.0138076            0    0.0161157
-0.000666129     0.018203   -0.0161157            0
EndNode1[0]<--->Repeater1[0]
REAL
  0.397163 -0.0237855 -0.0167045   0.279599
-0.0237855   0.116312 -0.0128058 0.00212906
-0.0167045 -0.0128058   0.104965 -0.0212082
  0.279599 0.00212906 -0.0212082    0.38156
IMAGINARY
          0   0.0151916  0.00679012   0.0140714
 -0.0151916           0  -0.0153404 -0.00679012
-0.00679012   0.0153404           0  -0.0126599
 -0.0140714  0.00679012   0.0126599           0
EndNode2[0]<--->HoM1[0]
REAL
   0.387376 -0.00177561  0.00172815    0.283969
-0.00177561    0.108911   0.0129466   0.0162667
 0.00172815   0.0129466    0.101485   0.0120584
   0.283969   0.0162667   0.0120584    0.402228
IMAGINARY
          0 -0.00695046  0.00841299   0.0301045
 0.00695046           0    0.024313  0.00517045
-0.00841299   -0.024313           0   0.0153593
 -0.0301045 -0.00517045  -0.0153593           0
Repeater1[0]<--->EndNode1[0]
REAL
  0.397163 -0.0167045 -0.0237855   0.279599
-0.0167045   0.104965 -0.0128058 -0.0212082
-0.0237855 -0.0128058   0.116312 0.00212906
  0.279599 -0.0212082 0.00212906    0.38156
IMAGINARY
          0  0.00679012   0.0151916   0.0140714
-0.00679012           0   0.0153404  -0.0126599
 -0.0151916  -0.0153404           0 -0.00679012
 -0.0140714   0.0126599  0.00679012           0
Repeater1[0]<--->HoM1[0]
REAL
   0.387376  0.00172815 -0.00177561    0.283969
 0.00172815    0.101485   0.0129466   0.0120584
-0.00177561   0.0129466    0.108911   0.0162667
   0.283969   0.0120584   0.0162667    0.402228
IMAGINARY
          0  0.00841299 -0.00695046   0.0301045
-0.00841299           0   -0.024313   0.0153593
 0.00695046    0.024313           0  0.00517045
 -0.0301045  -0.0153593 -0.00517045           0
EndNode1[0]<--->Repeater1[0]
REAL
   0.380228   0.0129439  -0.0273845    0.277968
  0.0129439    0.100127  -0.0270006 -0.00938967
 -0.0273845  -0.0270006   0.0925222  -0.0303632
   0.277968 -0.00938967  -0.0303632    0.427123
IMAGINARY
           0  -0.00414504   0.00664962   0.00644985
  0.00414504            0 -0.000520998   -0.0109974
 -0.00664962  0.000520998            0   0.00228169
 -0.00644985    0.0109974  -0.00228169            0
EndNode2[0]<--->HoM1[0]
REAL
   0.391645 -0.00170391  -0.0173868     0.29823
-0.00170391   0.0966057   -0.015443   0.0105562
 -0.0173868   -0.015443   0.0979112   0.0208296
    0.29823   0.0105562   0.0208296    0.413838
IMAGINARY
           0   0.00842537 -0.000373059  -0.00382278
 -0.00842537            0    0.0116968    0.0137779
 0.000373059   -0.0116968            0   -0.0151278
  0.00382278   -0.0137779    0.0151278            0
Repeater1[0]<--->EndNode1[0]
REAL
   0.380228  -0.0273845   0.0129439    0.277968
 -0.0273845   0.0925222  -0.0270006  -0.0303632
  0.0129439  -0.0270006    0.100127 -0.00938967
   0.277968  -0.0303632 -0.00938967    0.427123
IMAGINARY
           0   0.00664962  -0.00414504   0.00644985
 -0.00664962            0  0.000520998   0.00228169
  0.00414504 -0.000520998            0   -0.0109974
 -0.00644985  -0.00228169    0.0109974            0
Repeater1[0]<--->HoM1[0]
REAL
   0.391645  -0.0173868 -0.00170391     0.29823
 -0.0173868   0.0979112   -0.015443   0.0208296
-0.00170391   -0.015443   0.0966057   0.0105562
    0.29823   0.0208296   0.0105562    0.413838
IMAGINARY
           0 -0.000373059   0.00842537  -0.00382278
 0.000373059            0   -0.0116968   -0.0151278
 -0.00842537    0.0116968            0    0.0137779
  0.00382278    0.0151278   -0.0137779            0
EndNode1[0]<--->Repeater1[0]
REAL
    0.408322 -0.000239665  -0.00360525      0.29251
-0.000239665    0.0962289   0.00597877   -0.0127675
 -0.00360525   0.00597877    0.0871261   -0.0110953
     0.29251   -0.0127675   -0.0110953     0.408322
IMAGINARY
           0  -0.00382826   -0.0161529  -0.00632911
  0.00382826            0  -0.00253165   0.00535243
   0.0161529   0.00253165            0 -0.000619013
  0.00632911  -0.00535243  0.000619013            0
EndNode2[0]<--->HoM1[0]
REAL
  0.372063  0.0147674 -0.0170629   0.288989
 0.0147674   0.114883 0.00723775  0.0114025
-0.0170629 0.00723775   0.112272 -0.0103649
  0.288989  0.0114025 -0.0103649   0.400783
IMAGINARY
           0    0.0140492   -0.0206891   -0.0022603
  -0.0140492            0  0.000252265    0.0213056
   0.0206891 -0.000252265            0  -0.00110227
   0.0022603   -0.0213056   0.00110227            0
Repeater1[0]<--->EndNode1[0]
REAL
    0.408322  -0.00360525 -0.000239665      0.29251
 -0.00360525    0.0871261   0.00597877   -0.0110953
-0.000239665   0.00597877    0.0962289   -0.0127675
     0.29251   -0.0110953   -0.0127675     0.408322
IMAGINARY
           0   -0.0161529  -0.00382826  -0.00632911
   0.0161529            0   0.00253165 -0.000619013
  0.00382826  -0.00253165            0   0.00535243
  0.00632911  0.000619013  -0.00535243            0
Repeater1[0]<--->HoM1[0]
REAL
  0.372063 -0.0170629  0.0147674   0.288989
-0.0170629   0.112272 0.00723775 -0.0103649
 0.0147674 0.00723775   0.114883  0.0114025
  0.288989 -0.0103649  0.0114025   0.400783
IMAGINARY
           0   -0.0206891    0.0140492   -0.0022603
   0.0206891            0 -0.000252265  -0.00110227
  -0.0140492  0.000252265            0    0.0213056
   0.0022603   0.00110227   -0.0213056            0
EndNode1[0]<--->Repeater1[0]
REAL
   0.386565 -0.00882556 -0.00671565    0.289573
-0.00882556    0.105196 -0.00501502  -0.0250403
-0.00671565 -0.00501502    0.116603  -0.0042504
   0.289573  -0.0250403  -0.0042504    0.391635
IMAGINARY
           0   -0.0108278   0.00956667   -0.0121871
   0.0108278            0  -0.00198298  0.000888433
 -0.00956667   0.00198298            0  -0.00577733
   0.0121871 -0.000888433   0.00577733            0
EndNode2[0]<--->HoM1[0]
REAL
  0.386393 0.00898403  0.0227711   0.288174
0.00898403   0.114249 0.00590561  0.0151954
 0.0227711 0.00590561   0.111682  0.0186865
  0.288174  0.0151954  0.0186865   0.387677
IMAGINARY
          0  -0.0061476  0.00852854   0.0264471
  0.0061476           0  -0.0220223 -0.00526909
-0.00852854   0.0220223           0  0.00158436
 -0.0264471  0.00526909 -0.00158436           0
Repeater1[0]<--->EndNode1[0]
REAL
   0.386565 -0.00671565 -0.00882556    0.289573
-0.00671565    0.116603 -0.00501502  -0.0042504
-0.00882556 -0.00501502    0.105196  -0.0250403
   0.289573  -0.0042504  -0.0250403    0.391635
IMAGINARY
           0   0.00956667   -0.0108278   -0.0121871
 -0.00956667            0   0.00198298  -0.00577733
   0.0108278  -0.00198298            0  0.000888433
   0.0121871   0.00577733 -0.000888433            0
Repeater1[0]<--->HoM1[0]
REAL
  0.386393  0.0227711 0.00898403   0.288174
 0.0227711   0.111682 0.00590561  0.0186865
0.00898403 0.00590561   0.114249  0.0151954
  0.288174  0.0186865  0.0151954   0.387677
IMAGINARY
          0  0.00852854  -0.0061476   0.0264471
-0.00852854           0   0.0220223  0.00158436
  0.0061476  -0.0220223           0 -0.00526909
 -0.0264471 -0.00158436  0.00526909           0
EndNode1[0]<--->Repeater1[0]
REAL
    0.401731    0.0034996  -0.00043415     0.280181
   0.0034996    0.0939431 -0.000732678   0.00795295
 -0.00043415 -0.000732678     0.116193 -0.000993337
    0.280181   0.00795295 -0.000993337     0.388133
IMAGINARY
           0     0.032332   -0.0145863  -0.00748404
   -0.032332            0 -0.000990535   0.00652183
   0.0145863  0.000990535            0  -0.00141801
  0.00748404  -0.00652183   0.00141801            0
EndNode2[0]<--->HoM1[0]
REAL
   0.413838  -0.0189777  -0.0160142    0.290175
 -0.0189777    0.101828  0.00777894  0.00706276
 -0.0160142  0.00777894    0.108355 -0.00276146
   0.290175  0.00706276 -0.00276146    0.375979
IMAGINARY
          0  -0.0089343  0.00569755  0.00450896
  0.0089343           0  -0.0104067   0.0297548
-0.00569755   0.0104067           0  0.00771181
-0.00450896  -0.0297548 -0.00771181           0
Repeater1[0]<--->EndNode1[0]
REAL
    0.401731  -0.00043415    0.0034996     0.280181
 -0.00043415     0.116193 -0.000732678 -0.000993337
   0.0034996 -0.000732678    0.0939431   0.00795295
    0.280181 -0.000993337   0.00795295     0.388133
IMAGINARY
           0   -0.0145863     0.032332  -0.00748404
   0.0145863            0  0.000990535  -0.00141801
   -0.032332 -0.000990535            0   0.00652183
  0.00748404   0.00141801  -0.00652183            0
Repeater1[0]<--->HoM1[0]
REAL
   0.413838  -0.0160142  -0.0189777    0.290175
 -0.0160142    0.108355  0.00777894 -0.00276146
 -0.0189777  0.00777894    0.101828  0.00706276
   0.290175 -0.00276146  0.00706276    0.375979
IMAGINARY
          0  0.00569755  -0.0089343  0.00450896
-0.00569755           0   0.0104067  0.00771181
  0.0089343  -0.0104067           0   0.0297548
-0.00450896 -0.00771181  -0.0297548           0
EndNode1[0]<--->Repeater1[0]
REAL
    0.36541 -0.00566297   -0.018695    0.300402
-0.00566297    0.109233 -0.00189423  0.00376966
  -0.018695 -0.00189423    0.109233  0.00317541
   0.300402  0.00376966  0.00317541    0.416125
IMAGINARY
          0   -0.015408   0.0175362  0.00148594
   0.015408           0   0.0106434   0.0143515
 -0.0175362  -0.0106434           0  -0.0126532
-0.00148594  -0.0143515   0.0126532           0
EndNode2[0]<--->HoM1[0]
REAL
   0.388608  -0.0103493   0.0177706    0.273333
 -0.0103493    0.101266  0.00286342  0.00228114
  0.0177706  0.00286342   0.0962025 -0.00711514
   0.273333  0.00228114 -0.00711514    0.413924
IMAGINARY
           0  1.29898e-05   -0.0394907  -0.00628804
-1.29898e-05            0  -0.00690457   -0.0108449
   0.0394907   0.00690457            0  0.000658151
  0.00628804    0.0108449 -0.000658151            0
Repeater1[0]<--->EndNode1[0]
REAL
    0.36541   -0.018695 -0.00566297    0.300402
  -0.018695    0.109233 -0.00189423  0.00317541
-0.00566297 -0.00189423    0.109233  0.00376966
   0.300402  0.00317541  0.00376966    0.416125
IMAGINARY
          0   0.0175362   -0.015408  0.00148594
 -0.0175362           0  -0.0106434  -0.0126532
   0.015408   0.0106434           0   0.0143515
-0.00148594   0.0126532  -0.0143515           0
Repeater1[0]<--->HoM1[0]
REAL
   0.388608   0.0177706  -0.0103493    0.273333
  0.0177706   0.0962025  0.00286342 -0.00711514
 -0.0103493  0.00286342    0.101266  0.00228114
   0.273333 -0.00711514  0.00228114    0.413924
IMAGINARY
           0   -0.0394907  1.29898e-05  -0.00628804
   0.0394907            0   0.00690457  0.000658151
-1.29898e-05  -0.00690457            0   -0.0108449
  0.00628804 -0.000658151    0.0108449            0
EndNode1[0]<--->Repeater1[0]
REAL
   0.377922   0.0053998    -0.00222    0.283643
  0.0053998    0.103896   0.0129893 0.000924659
   -0.00222   0.0129893    0.120779   0.0179163
   0.283643 0.000924659   0.0179163    0.397403
IMAGINARY
          0   0.0147827  -0.0106595   0.0185484
 -0.0147827           0  0.00582577 -0.00598661
  0.0106595 -0.00582577           0     0.01666
 -0.0185484  0.00598661    -0.01666           0
EndNode2[0]<--->HoM1[0]
REAL
    0.381944 -5.26025e-05   -0.0155108     0.301769
-5.26025e-05     0.102778  -0.00513662  -0.00910057
  -0.0155108  -0.00513662    0.0944444  -0.00512874
    0.301769  -0.00910057  -0.00512874     0.420833
IMAGINARY
          0   -0.018056 -0.00128535  0.00997883
   0.018056           0  -0.0151468  0.00128535
 0.00128535   0.0151468           0  0.00910454
-0.00997883 -0.00128535 -0.00910454           0
Repeater1[0]<--->EndNode1[0]
REAL
   0.377922    -0.00222   0.0053998    0.283643
   -0.00222    0.120779   0.0129893   0.0179163
  0.0053998   0.0129893    0.103896 0.000924659
   0.283643   0.0179163 0.000924659    0.397403
IMAGINARY
          0  -0.0106595   0.0147827   0.0185484
  0.0106595           0 -0.00582577     0.01666
 -0.0147827  0.00582577           0 -0.00598661
 -0.0185484    -0.01666  0.00598661           0
Repeater1[0]<--->HoM1[0]
REAL
    0.381944   -0.0155108 -5.26025e-05     0.301769
  -0.0155108    0.0944444  -0.00513662  -0.00512874
-5.26025e-05  -0.00513662     0.102778  -0.00910057
    0.301769  -0.00512874  -0.00910057     0.420833
IMAGINARY
          0 -0.00128535   -0.018056  0.00997883
 0.00128535           0   0.0151468  0.00910454
   0.018056  -0.0151468           0  0.00128535
-0.00997883 -0.00910454 -0.00128535           0
EndNode1[0]<--->Repeater1[0]
REAL
   0.390588   0.0272231 -0.00487447    0.281523
  0.0272231   0.0929412  -0.0055737   0.0175327
-0.00487447  -0.0055737    0.108235   -0.020894
   0.281523   0.0175327   -0.020894    0.408235
IMAGINARY
          0  0.00763652   0.0226349 -0.00311505
-0.00763652           0 -0.00878971  -0.0194091
 -0.0226349  0.00878971           0   0.0239764
 0.00311505   0.0194091  -0.0239764           0
EndNode2[0]<--->HoM1[0]
REAL
   0.391358    0.011264 -0.00506849    0.276841
   0.011264    0.122222   0.0132504   0.0044166
-0.00506849   0.0132504     0.12963  0.00242566
   0.276841   0.0044166  0.00242566     0.35679
IMAGINARY
           0    0.0112491   -0.0190083   -0.0103885
  -0.0112491            0  -0.00540097 -0.000587198
   0.0190083   0.00540097            0   -0.0156739
   0.0103885  0.000587198    0.0156739            0
Repeater1[0]<--->EndNode1[0]
REAL
   0.390588 -0.00487447   0.0272231    0.281523
-0.00487447    0.108235  -0.0055737   -0.020894
  0.0272231  -0.0055737   0.0929412   0.0175327
   0.281523   -0.020894   0.0175327    0.408235
IMAGINARY
          0   0.0226349  0.00763652 -0.00311505
 -0.0226349           0  0.00878971   0.0239764
-0.00763652 -0.00878971           0  -0.0194091
 0.00311505  -0.0239764   0.0194091           0
Repeater1[0]<--->HoM1[0]
REAL
   0.391358 -0.00506849    0.011264    0.276841
-0.00506849     0.12963   0.0132504  0.00242566
   0.011264   0.0132504    0.122222   0.0044166
   0.276841  0.00242566   0.0044166     0.35679
IMAGINARY
           0   -0.0190083    0.0112491   -0.0103885
   0.0190083            0   0.00540097   -0.0156739
  -0.0112491  -0.00540097            0 -0.000587198
   0.0103885    0.0156739  0.000587198            0
EndNode1[0]<--->Repeater1[0]
REAL
  0.377807 -0.0177141 0.00165774   0.303637
-0.0177141  0.0977543 0.00518696 -0.0065597
0.00165774 0.00518696   0.124174 0.00791013
  0.303637 -0.0065597 0.00791013   0.400264
IMAGINARY
          0   0.0229907 -0.00139476  0.00476439
 -0.0229907           0  -0.0122069  -0.0102331
 0.00139476   0.0122069           0  0.00930907
-0.00476439   0.0102331 -0.00930907           0
EndNode2[0]<--->HoM1[0]
REAL
  0.424242  0.0167693  0.0032175     0.2646
 0.0167693  0.0935441  0.0127485  -0.014157
 0.0032175  0.0127485   0.102767 0.00189221
    0.2646  -0.014157 0.00189221   0.379447
IMAGINARY
           0   -0.0104244 -0.000408708   -0.0186907
   0.0104244            0    0.0142207   0.00164328
 0.000408708   -0.0142207            0   -0.0216744
   0.0186907  -0.00164328    0.0216744            0
Repeater1[0]<--->EndNode1[0]
REAL
  0.377807 0.00165774 -0.0177141   0.303637
0.00165774   0.124174 0.00518696 0.00791013
-0.0177141 0.00518696  0.0977543 -0.0065597
  0.303637 0.00791013 -0.0065597   0.400264
IMAGINARY
          0 -0.00139476   0.0229907  0.00476439
 0.00139476           0   0.0122069  0.00930907
 -0.0229907  -0.0122069           0  -0.0102331
-0.00476439 -0.00930907   0.0102331           0
Repeater1[0]<--->HoM1[0]
REAL
  0.424242  0.0032175  0.0167693     0.2646
 0.0032175   0.102767  0.0127485 0.00189221
 0.0167693  0.0127485  0.0935441  -0.014157
    0.2646 0.00189221  -0.014157   0.379447
IMAGINARY
           0 -0.000408708   -0.0104244   -0.0186907
 0.000408708            0   -0.0142207   -0.0216744
   0.0104244    0.0142207            0   0.00164328
   0.0186907    0.0216744  -0.00164328            0
EndNode1[0]<--->Repeater1[0]
REAL
   0.414508   0.0170829 -0.00905707    0.279995
  0.0170829    0.112694 -0.00967266  0.00583127
-0.00905707 -0.00967266     0.11658  -0.0125667
   0.279995  0.00583127  -0.0125667    0.356218
IMAGINARY
          0  0.00950222   0.0081155  0.00118347
-0.00950222           0   0.0163718  -0.0148806
 -0.0081155  -0.0163718           0  0.00341291
-0.00118347   0.0148806 -0.00341291           0
EndNode2[0]<--->HoM1[0]
REAL
    0.394771  -0.00604012 -0.000734698     0.273651
 -0.00604012    0.0954248  -0.00110173   -0.0116836
-0.000734698  -0.00110173     0.103268   -0.0194501
    0.273651   -0.0116836   -0.0194501     0.406536
IMAGINARY
           0   0.00968101 -0.000702129   0.00454375
 -0.00968101            0    0.0111401  -0.00919886
 0.000702129   -0.0111401            0   0.00764573
 -0.00454375   0.00919886  -0.00764573            0
Repeater1[0]<--->EndNode1[0]
REAL
   0.414508 -0.00905707   0.0170829    0.279995
-0.00905707     0.11658 -0.00967266  -0.0125667
  0.0170829 -0.00967266    0.112694  0.00583127
   0.279995  -0.0125667  0.00583127    0.356218
IMAGINARY
          0   0.0081155  0.00950222  0.00118347
 -0.0081155           0  -0.0163718  0.00341291
-0.00950222   0.0163718           0  -0.0148806
-0.00118347 -0.00341291   0.0148806           0
Repeater1[0]<--->HoM1[0]
REAL
    0.394771 -0.000734698  -0.00604012     0.273651
-0.000734698     0.103268  -0.00110173   -0.0194501
 -0.00604012  -0.00110173    0.0954248   -0.0116836
    0.273651   -0.0194501   -0.0116836     0.406536
IMAGINARY
           0 -0.000702129   0.00968101   0.00454375
 0.000702129            0   -0.0111401   0.00764573
 -0.00968101    0.0111401            0  -0.00919886
 -0.00454375  -0.00764573   0.00919886            0
EndNode1[0]<--->Repeater1[0]
REAL
   0.416427  -0.0142229 -0.00465129    0.290071
 -0.0142229    0.100865  0.00463069  0.00531354
-0.00465129  0.00463069    0.113833 0.000315637
   0.290071  0.00531354 0.000315637    0.368876
IMAGINARY
          0  -0.0224255  -0.0088925  -0.0187156
  0.0224255           0 -0.00705758  -0.0057946
  0.0088925  0.00705758           0   -0.013973
  0.0187156   0.0057946    0.013973           0
EndNode2[0]<--->HoM1[0]
REAL
   0.400261  -0.0274046 0.000762172    0.272315
 -0.0274046    0.126467   0.0149713   -0.030102
0.000762172   0.0149713   0.0964798  0.00295474
   0.272315   -0.030102  0.00295474    0.376793
IMAGINARY
           0  0.000679683  -0.00404485  -0.00691319
-0.000679683            0  -0.00873137  -0.00808797
  0.00404485   0.00873137            0   0.00889886
  0.00691319   0.00808797  -0.00889886            0
Repeater1[0]<--->EndNode1[0]
REAL
   0.416427 -0.00465129  -0.0142229    0.290071
-0.00465129    0.113833  0.00463069 0.000315637
 -0.0142229  0.00463069    0.100865  0.00531354
   0.290071 0.000315637  0.00531354    0.368876
IMAGINARY
          0  -0.0088925  -0.0224255  -0.0187156
  0.0088925           0  0.00705758   -0.013973
  0.0224255 -0.00705758           0  -0.0057946
  0.0187156    0.013973   0.0057946           0
Repeater1[0]<--->HoM1[0]
REAL
   0.400261 0.000762172  -0.0274046    0.272315
0.000762172   0.0964798   0.0149713  0.00295474
 -0.0274046   0.0149713    0.126467   -0.030102
   0.272315  0.00295474   -0.030102    0.376793
IMAGINARY
           0  -0.00404485  0.000679683  -0.00691319
  0.00404485            0   0.00873137   0.00889886
-0.000679683  -0.00873137            0  -0.00808797
  0.00691319  -0.00889886   0.00808797            0
EndNode1[0]<--->Repeater1[0]
REAL
  0.426316   0.016116  0.0113647   0.248235
  0.016116   0.127632  0.0024113 0.00930711
 0.0113647  0.0024113  0.0973684  0.0213517
  0.248235 0.00930711  0.0213517   0.348684
IMAGINARY
          0 -0.00343782  -0.0131025     0.03979
 0.00343782           0  -0.0189567 -0.00241065
  0.0131025   0.0189567           0   -0.010882
   -0.03979  0.00241065    0.010882           0
EndNode2[0]<--->HoM1[0]
REAL
   0.396442  -0.0101528  -0.0122827    0.295256
 -0.0101528    0.106734 -0.00369944  -0.0193795
 -0.0122827 -0.00369944    0.109276 -0.00831684
   0.295256  -0.0193795 -0.00831684    0.387548
IMAGINARY
          0  -0.0177887  0.00861931   0.0133929
  0.0177887           0  0.00829082 -0.00600835
-0.00861931 -0.00829082           0  0.00473385
 -0.0133929  0.00600835 -0.00473385           0
Repeater1[0]<--->EndNode1[0]
REAL
  0.426316  0.0113647   0.016116   0.248235
 0.0113647  0.0973684  0.0024113  0.0213517
  0.016116  0.0024113   0.127632 0.00930711
  0.248235  0.0213517 0.00930711   0.348684
IMAGINARY
          0  -0.0131025 -0.00343782     0.03979
  0.0131025           0   0.0189567   -0.010882
 0.00343782  -0.0189567           0 -0.00241065
   -0.03979    0.010882  0.00241065           0
Repeater1[0]<--->HoM1[0]
REAL
   0.396442  -0.0122827  -0.0101528    0.295256
 -0.0122827    0.109276 -0.00369944 -0.00831684
 -0.0101528 -0.00369944    0.106734  -0.0193795
   0.295256 -0.00831684  -0.0193795    0.387548
IMAGINARY
          0  0.00861931  -0.0177887   0.0133929
-0.00861931           0 -0.00829082  0.00473385
  0.0177887  0.00829082           0 -0.00600835
 -0.0133929 -0.00473385  0.00600835           0
EndNode1[0]<--->Repeater1[0]
REAL
    0.39196   -0.016089  0.00993076    0.279605
  -0.016089    0.101759  0.00212122  -0.0150069
 0.00993076  0.00212122    0.111809 -0.00421561
   0.279605  -0.0150069 -0.00421561    0.394472
IMAGINARY
          0   0.0166047 -0.00386694 -0.00864457
 -0.0166047           0 -0.00169135  0.00188019
 0.00386694  0.00169135           0  -0.0199159
 0.00864457 -0.00188019   0.0199159           0
EndNode2[0]<--->HoM1[0]
REAL
    0.412596   -0.0169281   -0.0112342     0.290451
  -0.0169281     0.107969    0.0061371   -0.0150125
  -0.0112342    0.0061371     0.100257 -0.000132251
    0.290451   -0.0150125 -0.000132251     0.379177
IMAGINARY
          0 -0.00551345   0.0137103   0.0192707
 0.00551345           0  0.00956195   0.0117798
 -0.0137103 -0.00956195           0   0.0257749
 -0.0192707  -0.0117798  -0.0257749           0
Repeater1[0]<--->EndNode1[0]
REAL
    0.39196  0.00993076   -0.016089    0.279605
 0.00993076    0.111809  0.00212122 -0.00421561
  -0.016089  0.00212122    0.101759  -0.0150069
   0.279605 -0.00421561  -0.0150069    0.394472
IMAGINARY
          0 -0.00386694   0.0166047 -0.00864457
 0.00386694           0  0.00169135  -0.0199159
 -0.0166047 -0.00169135           0  0.00188019
 0.00864457   0.0199159 -0.00188019           0
Repeater1[0]<--->HoM1[0]
REAL
    0.412596   -0.0112342   -0.0169281     0.290451
  -0.0112342     0.100257    0.0061371 -0.000132251
  -0.0169281    0.0061371     0.107969   -0.0150125
    0.290451 -0.000132251   -0.0150125     0.379177
IMAGINARY
          0   0.0137103 -0.00551345   0.0192707
 -0.0137103           0 -0.00956195   0.0257749
 0.00551345  0.00956195           0   0.0117798
 -0.0192707  -0.0257749  -0.0117798           0
EndNode1[0]<--->Repeater1[0]
REAL
   0.392132  0.00289244  0.00845517    0.279732
 0.00289244    0.109137  0.00304462 -0.00716983
 0.00845517  0.00304462   0.0913706  0.00224894
   0.279732 -0.00716983  0.00224894     0.40736
IMAGINARY
          0  -0.0130392  0.00517887  -0.0130041
  0.0130392           0 -0.00432584  0.00647757
-0.00517887  0.00432584           0  0.00629072
  0.0130041 -0.00647757 -0.00629072           0
EndNode2[0]<--->HoM1[0]
REAL
   0.343583  0.00488074  0.00217371    0.290905
 0.00488074    0.131016  0.00708726 0.000963055
 0.00217371  0.00708726    0.110963  -0.0205646
   0.290905 0.000963055  -0.0205646    0.414439
IMAGINARY
          0  0.00576982  -0.0130272   0.0171816
-0.00576982           0  0.00338396 -0.00783243
  0.0130272 -0.00338396           0   0.0239394
 -0.0171816  0.00783243  -0.0239394           0
Repeater1[0]<--->EndNode1[0]
REAL
   0.392132  0.00845517  0.00289244    0.279732
 0.00845517   0.0913706  0.00304462  0.00224894
 0.00289244  0.00304462    0.109137 -0.00716983
   0.279732  0.00224894 -0.00716983     0.40736
IMAGINARY
          0  0.00517887  -0.0130392  -0.0130041
-0.00517887           0  0.00432584  0.00629072
  0.0130392 -0.00432584           0  0.00647757
  0.0130041 -0.00629072 -0.00647757           0
Repeater1[0]<--->HoM1[0]
REAL
   0.343583  0.00217371  0.00488074    0.290905
 0.00217371    0.110963  0.00708726  -0.0205646
 0.00488074  0.00708726    0.131016 0.000963055
   0.290905  -0.0205646 0.000963055    0.414439
IMAGINARY
          0  -0.0130272  0.00576982   0.0171816
  0.0130272           0 -0.00338396   0.0239394
-0.00576982  0.00338396           0 -0.00783243
 -0.0171816  -0.0239394  0.00783243           0
EndNode1[0]<--->Repeater1[0]
REAL
   0.406524   0.0023304   -0.018707    0.281605
  0.0023304   0.0966123 0.000510671  0.00107474
  -0.018707 0.000510671    0.115433 -0.00107096
   0.281605  0.00107474 -0.00107096     0.38143
IMAGINARY
           0   -0.0265612  -0.00132218 -2.90686e-05
   0.0265612            0  -0.00190642    0.0274416
  0.00132218   0.00190642            0   0.00292939
 2.90686e-05   -0.0274416  -0.00292939            0
EndNode2[0]<--->HoM1[0]
REAL
   0.437817 -0.00830988   0.0082842    0.290031
-0.00830988     0.10533  -0.0150644  -0.0116131
  0.0082842  -0.0150644    0.109137  0.00897566
   0.290031  -0.0116131  0.00897566    0.347716
IMAGINARY
          0   -0.023229 -0.00506486   0.0126788
   0.023229           0   0.0126788  0.00697569
 0.00506486  -0.0126788           0  0.00730539
 -0.0126788 -0.00697569 -0.00730539           0
Repeater1[0]<--->EndNode1[0]
REAL
   0.406524   -0.018707   0.0023304    0.281605
  -0.018707    0.115433 0.000510671 -0.00107096
  0.0023304 0.000510671   0.0966123  0.00107474
   0.281605 -0.00107096  0.00107474     0.38143
IMAGINARY
           0  -0.00132218   -0.0265612 -2.90686e-05
  0.00132218            0   0.00190642   0.00292939
   0.0265612  -0.00190642            0    0.0274416
 2.90686e-05  -0.00292939   -0.0274416            0
Repeater1[0]<--->HoM1[0]
REAL
   0.437817   0.0082842 -0.00830988    0.290031
  0.0082842    0.109137  -0.0150644  0.00897566
-0.00830988  -0.0150644     0.10533  -0.0116131
   0.290031  0.00897566  -0.0116131    0.347716
IMAGINARY
          0 -0.00506486   -0.023229   0.0126788
 0.00506486           0  -0.0126788  0.00730539
   0.023229   0.0126788           0  0.00697569
 -0.0126788 -0.00730539 -0.00697569           0
EndNode1[0]<--->Repeater1[0]
REAL
   0.432606  0.00930496   0.0161212    0.302912
 0.00930496   0.0860077 -0.00157904   0.0118788
  0.0161212 -0.00157904    0.109114  -0.0119716
   0.302912   0.0118788  -0.0119716    0.372272
IMAGINARY
           0   -0.0101351   0.00349641    0.0233702
   0.0101351            0  -0.00551302    0.0222632
 -0.00349641   0.00551302            0  0.000227582
  -0.0233702   -0.0222632 -0.000227582            0
EndNode2[0]<--->HoM1[0]
REAL
  0.396936 0.00982934  0.0207736   0.260288
0.00982934  0.0933148 -0.0036005 0.00406716
 0.0207736 -0.0036005   0.116992 -0.0091924
  0.260288 0.00406716 -0.0091924   0.392758
IMAGINARY
          0  0.00253007    0.017404  -0.0035395
-0.00253007           0  0.00538907  -0.0199293
  -0.017404 -0.00538907           0  0.00125781
  0.0035395   0.0199293 -0.00125781           0
Repeater1[0]<--->EndNode1[0]
REAL
   0.432606   0.0161212  0.00930496    0.302912
  0.0161212    0.109114 -0.00157904  -0.0119716
 0.00930496 -0.00157904   0.0860077   0.0118788
   0.302912  -0.0119716   0.0118788    0.372272
IMAGINARY
           0   0.00349641   -0.0101351    0.0233702
 -0.00349641            0   0.00551302  0.000227582
   0.0101351  -0.00551302            0    0.0222632
  -0.0233702 -0.000227582   -0.0222632            0
Repeater1[0]<--->HoM1[0]
REAL
  0.396936  0.0207736 0.00982934   0.260288
 0.0207736   0.116992 -0.0036005 -0.0091924
0.00982934 -0.0036005  0.0933148 0.00406716
  0.260288 -0.0091924 0.00406716   0.392758
IMAGINARY
          0    0.017404  0.00253007  -0.0035395
  -0.017404           0 -0.00538907  0.00125781
-0.00253007  0.00538907           0  -0.0199293
  0.0035395 -0.00125781   0.0199293           0
EndNode1[0]<--->Repeater1[0]
REAL
   0.417303  -0.0054691 -0.00597611     0.28916
 -0.0054691    0.109415   -0.019723  0.00463563
-0.00597611   -0.019723    0.111959 -0.00927621
    0.28916  0.00463563 -0.00927621    0.361323
IMAGINARY
          0   0.0155799  0.00304186   0.0211503
 -0.0155799           0  -0.0031215  -0.0373622
-0.00304186   0.0031215           0   0.0187404
 -0.0211503   0.0373622  -0.0187404           0
EndNode2[0]<--->HoM1[0]
REAL
    0.435339  -0.00282635    0.0140507      0.27991
 -0.00282635    0.0947503 -0.000117122  -0.00239267
   0.0140507 -0.000117122    0.0934699   0.00930303
     0.27991  -0.00239267   0.00930303      0.37644
IMAGINARY
          0  -0.0225964   0.0292922 -0.00110184
  0.0225964           0   -0.033128   0.0145675
 -0.0292922    0.033128           0 -0.00911754
 0.00110184  -0.0145675  0.00911754           0
Repeater1[0]<--->EndNode1[0]
REAL
   0.417303 -0.00597611  -0.0054691     0.28916
-0.00597611    0.111959   -0.019723 -0.00927621
 -0.0054691   -0.019723    0.109415  0.00463563
    0.28916 -0.00927621  0.00463563    0.361323
IMAGINARY
          0  0.00304186   0.0155799   0.0211503
-0.00304186           0   0.0031215   0.0187404
 -0.0155799  -0.0031215           0  -0.0373622
 -0.0211503  -0.0187404   0.0373622           0
Repeater1[0]<--->HoM1[0]
REAL
    0.435339    0.0140507  -0.00282635      0.27991
   0.0140507    0.0934699 -0.000117122   0.00930303
 -0.00282635 -0.000117122    0.0947503  -0.00239267
     0.27991   0.00930303  -0.00239267      0.37644
IMAGINARY
          0   0.0292922  -0.0225964 -0.00110184
 -0.0292922           0    0.033128 -0.00911754
  0.0225964   -0.033128           0   0.0145675
 0.00110184  0.00911754  -0.0145675           0
EndNode1[0]<--->Repeater1[0]
REAL
  0.394866  0.0146101  0.0146017   0.255174
 0.0146101  0.0880196 -0.0318242  0.0234694
 0.0146017 -0.0318242   0.119804 0.00823254
  0.255174  0.0234694 0.00823254   0.397311
IMAGINARY
          0  0.00858749  0.00743957  -0.0176949
-0.00858749           0  0.00113862 -0.00398175
-0.00743957 -0.00113862           0  0.00731846
  0.0176949  0.00398175 -0.00731846           0
EndNode2[0]<--->HoM1[0]
REAL
   0.414667  0.00393792  0.00393093    0.274298
 0.00393792    0.106667 0.000997958   0.0124948
 0.00393093 0.000997958   0.0973333  0.00328941
   0.274298   0.0124948  0.00328941    0.381333
IMAGINARY
          0 -0.00890585   0.0201086 -0.00982048
 0.00890585           0 -0.00369303  0.00885863
 -0.0201086  0.00369303           0 -0.00242916
 0.00982048 -0.00885863  0.00242916           0
Repeater1[0]<--->EndNode1[0]
REAL
  0.394866  0.0146017  0.0146101   0.255174
 0.0146017   0.119804 -0.0318242 0.00823254
 0.0146101 -0.0318242  0.0880196  0.0234694
  0.255174 0.00823254  0.0234694   0.397311
IMAGINARY
          0  0.00743957  0.00858749  -0.0176949
-0.00743957           0 -0.00113862  0.00731846
-0.00858749  0.00113862           0 -0.00398175
  0.0176949 -0.00731846  0.00398175           0
Repeater1[0]<--->HoM1[0]
REAL
   0.414667  0.00393093  0.00393792    0.274298
 0.00393093   0.0973333 0.000997958  0.00328941
 0.00393792 0.000997958    0.106667   0.0124948
   0.274298  0.00328941   0.0124948    0.381333
IMAGINARY
          0   0.0201086 -0.00890585 -0.00982048
 -0.0201086           0  0.00369303 -0.00242916
 0.00890585 -0.00369303           0  0.00885863
 0.00982048  0.00242916 -0.00885863           0
EndNode1[0]<--->Repeater1[0]
REAL
   0.371648   -0.017208  -0.0255663    0.279815
  -0.017208    0.112388  0.00100699  -0.0136616
 -0.0255663  0.00100699    0.132822 -0.00209463
   0.279815  -0.0136616 -0.00209463    0.383142
IMAGINARY
