EndNode1[0]<--->Repeater1[0]
REAL
   0.467643  -0.0187132 -0.00290314    0.351147
 -0.0187132   0.0512821   0.0180242 -0.00875489
-0.00290314   0.0180242   0.0659341 -0.00460282
   0.351147 -0.00875489 -0.00460282     0.41514
IMAGINARY
          0  0.00094258  0.00839128    0.010778
-0.00094258           0  -0.0134807  -0.0166087
-0.00839128   0.0134807           0  -0.0078958
  -0.010778   0.0166087   0.0078958           0
EndNode2[0]<--->HoM1[0]
REAL
    0.457995  -0.00993099   0.00957989     0.325868
 -0.00993099    0.0691057    0.0337116   -0.0161416
  0.00957989    0.0337116    0.0650407 -0.000567696
    0.325868   -0.0161416 -0.000567696     0.407859
IMAGINARY
          0  0.00894623    0.022391   0.0146527
-0.00894623           0  0.00415403  -0.0138943
  -0.022391 -0.00415403           0 -0.00306388
 -0.0146527   0.0138943  0.00306388           0
Repeater1[0]<--->EndNode1[0]
REAL
   0.467643 -0.00290314  -0.0187132    0.351147
-0.00290314   0.0659341   0.0180242 -0.00460282
 -0.0187132   0.0180242   0.0512821 -0.00875489
   0.351147 -0.00460282 -0.00875489     0.41514
IMAGINARY
          0  0.00839128  0.00094258    0.010778
-0.00839128           0   0.0134807  -0.0078958
-0.00094258  -0.0134807           0  -0.0166087
  -0.010778   0.0078958   0.0166087           0
Repeater1[0]<--->HoM1[0]
REAL
    0.457995   0.00957989  -0.00993099     0.325868
  0.00957989    0.0650407    0.0337116 -0.000567696
 -0.00993099    0.0337116    0.0691057   -0.0161416
    0.325868 -0.000567696   -0.0161416     0.407859
IMAGINARY
          0    0.022391  0.00894623   0.0146527
  -0.022391           0 -0.00415403 -0.00306388
-0.00894623  0.00415403           0  -0.0138943
 -0.0146527  0.00306388   0.0138943           0
EndNode1[0]<--->Repeater1[0]
REAL
    0.417639   0.00375469    0.0124049     0.341077
  0.00375469    0.0687419   0.00998724 -0.000515017
   0.0124049   0.00998724    0.0674449  -0.00563204
    0.341077 -0.000515017  -0.00563204     0.446174
IMAGINARY
          0   0.0142371 -0.00125353   -0.010882
 -0.0142371           0  0.00601412  -0.0115984
 0.00125353 -0.00601412           0  0.00106274
   0.010882   0.0115984 -0.00106274           0
EndNode2[0]<--->HoM1[0]
REAL
    0.437272 -6.89353e-05  0.000589226     0.343753
-6.89353e-05    0.0645554   0.00686448   0.00311448
 0.000589226   0.00686448    0.0682095   0.00500721
    0.343753   0.00311448   0.00500721     0.429963
IMAGINARY
          0  0.00165869    0.021566 -0.00507439
-0.00165869           0 -0.00847575   -0.019684
  -0.021566  0.00847575           0   0.0190439
 0.00507439    0.019684  -0.0190439           0
Repeater1[0]<--->EndNode1[0]
REAL
    0.417639    0.0124049   0.00375469     0.341077
   0.0124049    0.0674449   0.00998724  -0.00563204
  0.00375469   0.00998724    0.0687419 -0.000515017
    0.341077  -0.00563204 -0.000515017     0.446174
IMAGINARY
          0 -0.00125353   0.0142371   -0.010882
 0.00125353           0 -0.00601412  0.00106274
 -0.0142371  0.00601412           0  -0.0115984
   0.010882 -0.00106274   0.0115984           0
Repeater1[0]<--->HoM1[0]
REAL
    0.437272  0.000589226 -6.89353e-05     0.343753
 0.000589226    0.0682095   0.00686448   0.00500721
-6.89353e-05   0.00686448    0.0645554   0.00311448
    0.343753   0.00500721   0.00311448     0.429963
IMAGINARY
          0    0.021566  0.00165869 -0.00507439
  -0.021566           0  0.00847575   0.0190439
-0.00165869 -0.00847575           0   -0.019684
 0.00507439  -0.0190439    0.019684           0
EndNode1[0]<--->Repeater1[0]
REAL
  0.411846 0.00799679 -0.0229324   0.349785
0.00799679  0.0564738  0.0304303  0.0195676
-0.0229324  0.0304303  0.0757576 -0.0100156
  0.349785  0.0195676 -0.0100156   0.455923
IMAGINARY
           0   -0.0222384     0.011943   -0.0293332
   0.0222384            0   -0.0228058  0.000315079
   -0.011943    0.0228058            0    0.0228836
   0.0293332 -0.000315079   -0.0228836            0
EndNode2[0]<--->HoM1[0]
REAL
    0.415118 -0.000913644  -0.00453522     0.349549
-0.000913644    0.0669145   0.00539319  -0.00124141
 -0.00453522   0.00539319    0.0817844   0.00155549
    0.349549  -0.00124141   0.00155549     0.436183
IMAGINARY
           0  -0.00913056  -0.00144545    0.0155138
  0.00913056            0  0.000698948    0.0183286
  0.00144545 -0.000698948            0   -0.0129474
  -0.0155138   -0.0183286    0.0129474            0
Repeater1[0]<--->EndNode1[0]
REAL
  0.411846 -0.0229324 0.00799679   0.349785
-0.0229324  0.0757576  0.0304303 -0.0100156
0.00799679  0.0304303  0.0564738  0.0195676
  0.349785 -0.0100156  0.0195676   0.455923
IMAGINARY
           0     0.011943   -0.0222384   -0.0293332
   -0.011943            0    0.0228058    0.0228836
   0.0222384   -0.0228058            0  0.000315079
   0.0293332   -0.0228836 -0.000315079            0
Repeater1[0]<--->HoM1[0]
REAL
    0.415118  -0.00453522 -0.000913644     0.349549
 -0.00453522    0.0817844   0.00539319   0.00155549
-0.000913644   0.00539319    0.0669145  -0.00124141
    0.349549   0.00155549  -0.00124141     0.436183
IMAGINARY
           0  -0.00144545  -0.00913056    0.0155138
  0.00144545            0 -0.000698948   -0.0129474
  0.00913056  0.000698948            0    0.0183286
  -0.0155138    0.0129474   -0.0183286            0
EndNode1[0]<--->Repeater1[0]
REAL
   0.439506 -0.00338724  -0.0190597    0.336777
-0.00338724   0.0666667   0.0183691 -0.00698856
 -0.0190597   0.0183691   0.0716049  0.00275192
   0.336777 -0.00698856  0.00275192    0.422222
IMAGINARY
          0  -0.0206242   0.0237836  -0.0238448
  0.0206242           0 -0.00541728  0.00233584
 -0.0237836  0.00541728           0   0.0168929
  0.0238448 -0.00233584  -0.0168929           0
EndNode2[0]<--->HoM1[0]
REAL
  0.440402  0.0209821 0.00933201   0.339109
 0.0209821  0.0501882  0.0087747   0.011832
0.00933201  0.0087747  0.0777917  0.0147321
  0.339109   0.011832  0.0147321   0.431619
IMAGINARY
          0   0.0224418 -0.00809272   0.0151316
 -0.0224418           0  0.00328947 -0.00990213
 0.00809272 -0.00328947           0   0.0238307
 -0.0151316  0.00990213  -0.0238307           0
Repeater1[0]<--->EndNode1[0]
REAL
   0.439506  -0.0190597 -0.00338724    0.336777
 -0.0190597   0.0716049   0.0183691  0.00275192
-0.00338724   0.0183691   0.0666667 -0.00698856
   0.336777  0.00275192 -0.00698856    0.422222
IMAGINARY
          0   0.0237836  -0.0206242  -0.0238448
 -0.0237836           0  0.00541728   0.0168929
  0.0206242 -0.00541728           0  0.00233584
  0.0238448  -0.0168929 -0.00233584           0
Repeater1[0]<--->HoM1[0]
REAL
  0.440402 0.00933201  0.0209821   0.339109
0.00933201  0.0777917  0.0087747  0.0147321
 0.0209821  0.0087747  0.0501882   0.011832
  0.339109  0.0147321   0.011832   0.431619
IMAGINARY
          0 -0.00809272   0.0224418   0.0151316
 0.00809272           0 -0.00328947   0.0238307
 -0.0224418  0.00328947           0 -0.00990213
 -0.0151316  -0.0238307  0.00990213           0
EndNode1[0]<--->Repeater1[0]
REAL
   0.434783 -0.00302434  -0.0131776    0.346986
-0.00302434   0.0818414   0.0140908  0.00128777
 -0.0131776   0.0140908   0.0767263  -0.0201296
   0.346986  0.00128777  -0.0201296     0.40665
IMAGINARY
          0  0.00315238  -0.0222749   0.0152951
-0.00315238           0  0.00155883  -0.0171988
  0.0222749 -0.00155883           0   0.0139529
 -0.0152951   0.0171988  -0.0139529           0
EndNode2[0]<--->HoM1[0]
REAL
   0.427083   0.0187531 -0.00174159    0.339764
  0.0187531   0.0651042   0.0232848   0.0120775
-0.00174159   0.0232848   0.0598958  0.00450275
   0.339764   0.0120775  0.00450275    0.447917
IMAGINARY
           0 -0.000168188   0.00162108   0.00918719
 0.000168188            0    0.0174886   -0.0122328
 -0.00162108   -0.0174886            0    0.0320034
 -0.00918719    0.0122328   -0.0320034            0
Repeater1[0]<--->EndNode1[0]
REAL
   0.434783  -0.0131776 -0.00302434    0.346986
 -0.0131776   0.0767263   0.0140908  -0.0201296
-0.00302434   0.0140908   0.0818414  0.00128777
   0.346986  -0.0201296  0.00128777     0.40665
IMAGINARY
          0  -0.0222749  0.00315238   0.0152951
  0.0222749           0 -0.00155883   0.0139529
-0.00315238  0.00155883           0  -0.0171988
 -0.0152951  -0.0139529   0.0171988           0
Repeater1[0]<--->HoM1[0]
REAL
   0.427083 -0.00174159   0.0187531    0.339764
-0.00174159   0.0598958   0.0232848  0.00450275
  0.0187531   0.0232848   0.0651042   0.0120775
   0.339764  0.00450275   0.0120775    0.447917
IMAGINARY
           0   0.00162108 -0.000168188   0.00918719
 -0.00162108            0   -0.0174886    0.0320034
 0.000168188    0.0174886            0   -0.0122328
 -0.00918719   -0.0320034    0.0122328            0
EndNode1[0]<--->Repeater1[0]
REAL
   0.42029 0.00520543  0.0222017   0.347972
0.00520543  0.0645586  0.0228719  0.0161615
 0.0222017  0.0228719  0.0803689  0.0216488
  0.347972  0.0161615  0.0216488   0.434783
IMAGINARY
          0  0.00659126  -0.0137726  -0.0193078
-0.00659126           0 -0.00825127  0.00642945
  0.0137726  0.00825127           0  -0.0166046
  0.0193078 -0.00642945   0.0166046           0
EndNode2[0]<--->HoM1[0]
REAL
   0.460836  0.00114736  -0.0124956      0.3455
 0.00114736   0.0744125   0.0123809   0.0099116
 -0.0124956   0.0123809   0.0665796 -0.00631532
     0.3455   0.0099116 -0.00631532    0.398172
IMAGINARY
           0  0.000507077   -0.0116686  6.71163e-06
-0.000507077            0  -0.00259069    0.0174453
   0.0116686   0.00259069            0   -0.0165533
-6.71163e-06   -0.0174453    0.0165533            0
Repeater1[0]<--->EndNode1[0]
REAL
   0.42029  0.0222017 0.00520543   0.347972
 0.0222017  0.0803689  0.0228719  0.0216488
0.00520543  0.0228719  0.0645586  0.0161615
  0.347972  0.0216488  0.0161615   0.434783
IMAGINARY
          0  -0.0137726  0.00659126  -0.0193078
  0.0137726           0  0.00825127  -0.0166046
-0.00659126 -0.00825127           0  0.00642945
  0.0193078   0.0166046 -0.00642945           0
Repeater1[0]<--->HoM1[0]
REAL
   0.460836  -0.0124956  0.00114736      0.3455
 -0.0124956   0.0665796   0.0123809 -0.00631532
 0.00114736   0.0123809   0.0744125   0.0099116
     0.3455 -0.00631532   0.0099116    0.398172
IMAGINARY
           0   -0.0116686  0.000507077  6.71163e-06
   0.0116686            0   0.00259069   -0.0165533
-0.000507077  -0.00259069            0    0.0174453
-6.71163e-06    0.0165533   -0.0174453            0
EndNode1[0]<--->Repeater1[0]
REAL
  0.423752 0.00955233  0.0231787   0.338848
0.00955233  0.0728745  0.0294388  0.0164632
 0.0231787  0.0294388  0.0674764 0.00579294
  0.338848  0.0164632 0.00579294   0.435897
IMAGINARY
          0   0.0103835  0.00537054  -0.0116027
 -0.0103835           0  0.00239219  -0.0192427
-0.00537054 -0.00239219           0   0.0155514
  0.0116027   0.0192427  -0.0155514           0
EndNode2[0]<--->HoM1[0]
REAL
   0.422485 -0.00891643  0.00962494    0.347803
-0.00891643   0.0674556   0.0154677 -0.00560349
 0.00962494   0.0154677   0.0721893   0.0129379
   0.347803 -0.00560349   0.0129379     0.43787
IMAGINARY
           0  -0.00669434   -0.0151877  -0.00241488
  0.00669434            0  0.000362897    0.0050081
   0.0151877 -0.000362897            0   0.00968836
  0.00241488   -0.0050081  -0.00968836            0
Repeater1[0]<--->EndNode1[0]
REAL
  0.423752  0.0231787 0.00955233   0.338848
 0.0231787  0.0674764  0.0294388 0.00579294
0.00955233  0.0294388  0.0728745  0.0164632
  0.338848 0.00579294  0.0164632   0.435897
IMAGINARY
          0  0.00537054   0.0103835  -0.0116027
-0.00537054           0 -0.00239219   0.0155514
 -0.0103835  0.00239219           0  -0.0192427
  0.0116027  -0.0155514   0.0192427           0
Repeater1[0]<--->HoM1[0]
REAL
   0.422485  0.00962494 -0.00891643    0.347803
 0.00962494   0.0721893   0.0154677   0.0129379
-0.00891643   0.0154677   0.0674556 -0.00560349
   0.347803   0.0129379 -0.00560349     0.43787
IMAGINARY
           0   -0.0151877  -0.00669434  -0.00241488
   0.0151877            0 -0.000362897   0.00968836
  0.00669434  0.000362897            0    0.0050081
  0.00241488  -0.00968836   -0.0050081            0
EndNode1[0]<--->Repeater1[0]
REAL
   0.452229   0.0141606 -0.00823094    0.335082
  0.0141606   0.0484076   0.0241678 -0.00115244
-0.00823094   0.0241678   0.0700637 -0.00879863
   0.335082 -0.00115244 -0.00879863    0.429299
IMAGINARY
          0   0.0177959   0.0125153 -0.00938379
 -0.0177959           0  -0.0075433  -0.0328198
 -0.0125153   0.0075433           0     0.01393
 0.00938379   0.0328198    -0.01393           0
EndNode2[0]<--->HoM1[0]
REAL
   0.419562    0.006189  0.00507202    0.348827
   0.006189   0.0656371   0.0234306 -0.00184622
 0.00507202   0.0234306   0.0643501  -0.0094148
   0.348827 -0.00184622  -0.0094148     0.45045
IMAGINARY
          0   0.0161627  -0.0168748   0.0111284
 -0.0161627           0  -0.0137124  -0.0175167
  0.0168748   0.0137124           0  0.00764685
 -0.0111284   0.0175167 -0.00764685           0
Repeater1[0]<--->EndNode1[0]
REAL
   0.452229 -0.00823094   0.0141606    0.335082
-0.00823094   0.0700637   0.0241678 -0.00879863
  0.0141606   0.0241678   0.0484076 -0.00115244
   0.335082 -0.00879863 -0.00115244    0.429299
IMAGINARY
          0   0.0125153   0.0177959 -0.00938379
 -0.0125153           0   0.0075433     0.01393
 -0.0177959  -0.0075433           0  -0.0328198
 0.00938379    -0.01393   0.0328198           0
Repeater1[0]<--->HoM1[0]
REAL
   0.419562  0.00507202    0.006189    0.348827
 0.00507202   0.0643501   0.0234306  -0.0094148
   0.006189   0.0234306   0.0656371 -0.00184622
   0.348827  -0.0094148 -0.00184622     0.45045
IMAGINARY
          0  -0.0168748   0.0161627   0.0111284
  0.0168748           0   0.0137124  0.00764685
 -0.0161627  -0.0137124           0  -0.0175167
 -0.0111284 -0.00764685   0.0175167           0
EndNode1[0]<--->Repeater1[0]
REAL
   0.441656 0.000818764  0.00538093    0.334721
0.000818764   0.0727729   0.0120994 -0.00393584
 0.00538093   0.0120994   0.0664994 -0.00226385
   0.334721 -0.00393584 -0.00226385    0.419072
IMAGINARY
          0 -0.00128535  0.00941478  0.00025449
 0.00128535           0   -0.012295  0.00343869
-0.00941478    0.012295           0 -0.00128535
-0.00025449 -0.00343869  0.00128535           0
EndNode2[0]<--->HoM1[0]
REAL
  0.471503 -0.0130521 -0.0137276   0.342219
-0.0130521  0.0712435   0.026814 -0.0236041
-0.0137276   0.026814  0.0738342 -0.0157117
  0.342219 -0.0236041 -0.0157117    0.38342
IMAGINARY
          0  0.00359807   0.0200882 -0.00178028
-0.00359807           0   0.0276315 -0.00481599
 -0.0200882  -0.0276315           0  0.00901813
 0.00178028  0.00481599 -0.00901813           0
Repeater1[0]<--->EndNode1[0]
REAL
   0.441656  0.00538093 0.000818764    0.334721
 0.00538093   0.0664994   0.0120994 -0.00226385
0.000818764   0.0120994   0.0727729 -0.00393584
   0.334721 -0.00226385 -0.00393584    0.419072
IMAGINARY
          0  0.00941478 -0.00128535  0.00025449
-0.00941478           0    0.012295 -0.00128535
 0.00128535   -0.012295           0  0.00343869
-0.00025449  0.00128535 -0.00343869           0
Repeater1[0]<--->HoM1[0]
REAL
  0.471503 -0.0137276 -0.0130521   0.342219
-0.0137276  0.0738342   0.026814 -0.0157117
-0.0130521   0.026814  0.0712435 -0.0236041
  0.342219 -0.0157117 -0.0236041    0.38342
IMAGINARY
          0   0.0200882  0.00359807 -0.00178028
 -0.0200882           0  -0.0276315  0.00901813
-0.00359807   0.0276315           0 -0.00481599
 0.00178028 -0.00901813  0.00481599           0
EndNode1[0]<--->Repeater1[0]
REAL
 0.451861 0.0172773 0.0100308   0.34117
0.0172773 0.0641849 0.0144867 0.0166272
0.0100308 0.0144867 0.0757381  0.010681
  0.34117 0.0166272  0.010681  0.408216
IMAGINARY
           0  -0.00785744  0.000913993    -0.026266
  0.00785744            0   -0.0163405   0.00157977
-0.000913993    0.0163405            0   -0.0033645
    0.026266  -0.00157977    0.0033645            0
EndNode2[0]<--->HoM1[0]
REAL
   0.449742  -0.0090682 -0.00531915    0.337909
 -0.0090682   0.0811856   0.0277825 -0.00531915
-0.00531915   0.0277825    0.068299  -0.0135382
   0.337909 -0.00531915  -0.0135382    0.400773
IMAGINARY
          0 -0.00410946  0.00714519  0.00568705
 0.00410946           0  -0.0204324  -0.0109427
-0.00714519   0.0204324           0  -0.0047513
-0.00568705   0.0109427   0.0047513           0
Repeater1[0]<--->EndNode1[0]
REAL
 0.451861 0.0100308 0.0172773   0.34117
0.0100308 0.0757381 0.0144867  0.010681
0.0172773 0.0144867 0.0641849 0.0166272
  0.34117  0.010681 0.0166272  0.408216
IMAGINARY
           0  0.000913993  -0.00785744    -0.026266
-0.000913993            0    0.0163405   -0.0033645
  0.00785744   -0.0163405            0   0.00157977
    0.026266    0.0033645  -0.00157977            0
Repeater1[0]<--->HoM1[0]
REAL
   0.449742 -0.00531915  -0.0090682    0.337909
-0.00531915    0.068299   0.0277825  -0.0135382
 -0.0090682   0.0277825   0.0811856 -0.00531915
   0.337909  -0.0135382 -0.00531915    0.400773
IMAGINARY
          0  0.00714519 -0.00410946  0.00568705
-0.00714519           0   0.0204324  -0.0047513
 0.00410946  -0.0204324           0  -0.0109427
-0.00568705   0.0047513   0.0109427           0
EndNode1[0]<--->Repeater1[0]
REAL
   0.436508 -0.00952408  -0.0164247    0.346705
-0.00952408   0.0767196  0.00932624  0.00280605
 -0.0164247  0.00932624   0.0727513  -0.0131737
   0.346705  0.00280605  -0.0131737    0.414021
IMAGINARY
          0  0.00711554  0.00570862  -0.0048736
-0.00711554           0  0.00958423  -0.0178445
-0.00570862 -0.00958423           0  -0.0168243
  0.0048736   0.0178445   0.0168243           0
EndNode2[0]<--->HoM1[0]
REAL
  0.433939  0.0178375 0.00537805   0.333028
 0.0178375  0.0690909  0.0215425  0.0167826
0.00537805  0.0215425  0.0678788 0.00570816
  0.333028  0.0167826 0.00570816   0.429091
IMAGINARY
           0  0.000522471   -0.0104287   -0.0109679
-0.000522471            0   0.00852892   0.00481075
   0.0104287  -0.00852892            0   0.00634395
   0.0109679  -0.00481075  -0.00634395            0
Repeater1[0]<--->EndNode1[0]
REAL
   0.436508  -0.0164247 -0.00952408    0.346705
 -0.0164247   0.0727513  0.00932624  -0.0131737
-0.00952408  0.00932624   0.0767196  0.00280605
   0.346705  -0.0131737  0.00280605    0.414021
IMAGINARY
          0  0.00570862  0.00711554  -0.0048736
-0.00570862           0 -0.00958423  -0.0168243
-0.00711554  0.00958423           0  -0.0178445
  0.0048736   0.0168243   0.0178445           0
Repeater1[0]<--->HoM1[0]
REAL
  0.433939 0.00537805  0.0178375   0.333028
0.00537805  0.0678788  0.0215425 0.00570816
 0.0178375  0.0215425  0.0690909  0.0167826
  0.333028 0.00570816  0.0167826   0.429091
IMAGINARY
           0   -0.0104287  0.000522471   -0.0109679
   0.0104287            0  -0.00852892   0.00634395
-0.000522471   0.00852892            0   0.00481075
   0.0109679  -0.00634395  -0.00481075            0
EndNode1[0]<--->Repeater1[0]
REAL
  0.440051  0.0102989  0.0142846   0.334597
 0.0102989   0.065051   0.031318 0.00576556
 0.0142846   0.031318  0.0688776  0.0160169
  0.334597 0.00576556  0.0160169    0.42602
IMAGINARY
          0  0.00264455 -0.00350253   0.0185869
-0.00264455           0   0.0224629  -0.0198266
 0.00350253  -0.0224629           0   0.0156404
 -0.0185869   0.0198266  -0.0156404           0
EndNode2[0]<--->HoM1[0]
REAL
  0.452685 -0.0223253 0.00378267    0.34609
-0.0223253  0.0741688 0.00948075 0.00378267
0.00378267 0.00948075  0.0754476  0.0230131
   0.34609 0.00378267  0.0230131   0.397698
IMAGINARY
          0  -0.0081474    0.002457   0.0205437
  0.0081474           0  -0.0217844    0.002457
  -0.002457   0.0217844           0  0.00200489
 -0.0205437   -0.002457 -0.00200489           0
Repeater1[0]<--->EndNode1[0]
REAL
  0.440051  0.0142846  0.0102989   0.334597
 0.0142846  0.0688776   0.031318  0.0160169
 0.0102989   0.031318   0.065051 0.00576556
  0.334597  0.0160169 0.00576556    0.42602
IMAGINARY
          0 -0.00350253  0.00264455   0.0185869
 0.00350253           0  -0.0224629   0.0156404
-0.00264455   0.0224629           0  -0.0198266
 -0.0185869  -0.0156404   0.0198266           0
Repeater1[0]<--->HoM1[0]
REAL
  0.452685 0.00378267 -0.0223253    0.34609
0.00378267  0.0754476 0.00948075  0.0230131
-0.0223253 0.00948075  0.0741688 0.00378267
   0.34609  0.0230131 0.00378267   0.397698
IMAGINARY
          0    0.002457  -0.0081474   0.0205437
  -0.002457           0   0.0217844  0.00200489
  0.0081474  -0.0217844           0    0.002457
 -0.0205437 -0.00200489   -0.002457           0
EndNode1[0]<--->Repeater1[0]
REAL
   0.391528  -0.0115978 -0.00586321    0.347047
 -0.0115978   0.0795892   0.0348713 -0.00213187
-0.00586321   0.0348713   0.0731707   0.0109828
   0.347047 -0.00213187   0.0109828    0.455712
IMAGINARY
           0   0.00837726   -0.0188987   -0.0102793
 -0.00837726            0   0.00308972 -0.000531352
   0.0188987  -0.00308972            0    0.0201202
   0.0102793  0.000531352   -0.0201202            0
EndNode2[0]<--->HoM1[0]
REAL
   0.412844 -0.00392076  0.00526614    0.340964
-0.00392076   0.0668414   0.0215699 -0.00930927
 0.00526614   0.0215699   0.0760157  -0.0243811
   0.340964 -0.00930927  -0.0243811    0.444299
IMAGINARY
          0 -0.00379935  0.00265734  -0.0113307
 0.00379935           0 -0.00877311  0.00522145
-0.00265734  0.00877311           0  -0.0077158
  0.0113307 -0.00522145   0.0077158           0
Repeater1[0]<--->EndNode1[0]
REAL
   0.391528 -0.00586321  -0.0115978    0.347047
-0.00586321   0.0731707   0.0348713   0.0109828
 -0.0115978   0.0348713   0.0795892 -0.00213187
   0.347047   0.0109828 -0.00213187    0.455712
IMAGINARY
           0   -0.0188987   0.00837726   -0.0102793
   0.0188987            0  -0.00308972    0.0201202
 -0.00837726   0.00308972            0 -0.000531352
   0.0102793   -0.0201202  0.000531352            0
Repeater1[0]<--->HoM1[0]
REAL
   0.412844  0.00526614 -0.00392076    0.340964
 0.00526614   0.0760157   0.0215699  -0.0243811
-0.00392076   0.0215699   0.0668414 -0.00930927
   0.340964  -0.0243811 -0.00930927    0.444299
IMAGINARY
          0  0.00265734 -0.00379935  -0.0113307
-0.00265734           0  0.00877311  -0.0077158
 0.00379935 -0.00877311           0  0.00522145
  0.0113307   0.0077158 -0.00522145           0
EndNode1[0]<--->Repeater1[0]
REAL
  0.427509  0.0209349  0.0255028   0.329794
 0.0209349  0.0755886  0.0202699 0.00816942
 0.0255028  0.0202699   0.063197  0.0330677
  0.329794 0.00816942  0.0330677   0.433705
IMAGINARY
           0    0.0168031   -0.0238475  0.000975119
  -0.0168031            0   0.00673696   -0.0137465
   0.0238475  -0.00673696            0   0.00575333
-0.000975119    0.0137465  -0.00575333            0
EndNode2[0]<--->HoM1[0]
REAL
    0.441953   0.00880251    0.0138635     0.349373
  0.00880251    0.0633245 -0.000316419   0.00311762
   0.0138635 -0.000316419    0.0751979   -0.0119472
    0.349373   0.00311762   -0.0119472     0.419525
IMAGINARY
          0  -0.0163647  0.00716063    0.025116
  0.0163647           0 -0.00215677  -0.0214463
-0.00716063  0.00215677           0   0.0318927
  -0.025116   0.0214463  -0.0318927           0
Repeater1[0]<--->EndNode1[0]
REAL
  0.427509  0.0255028  0.0209349   0.329794
 0.0255028   0.063197  0.0202699  0.0330677
 0.0209349  0.0202699  0.0755886 0.00816942
  0.329794  0.0330677 0.00816942   0.433705
IMAGINARY
           0   -0.0238475    0.0168031  0.000975119
   0.0238475            0  -0.00673696   0.00575333
  -0.0168031   0.00673696            0   -0.0137465
-0.000975119  -0.00575333    0.0137465            0
Repeater1[0]<--->HoM1[0]
REAL
    0.441953    0.0138635   0.00880251     0.349373
   0.0138635    0.0751979 -0.000316419   -0.0119472
  0.00880251 -0.000316419    0.0633245   0.00311762
    0.349373   -0.0119472   0.00311762     0.419525
IMAGINARY
          0  0.00716063  -0.0163647    0.025116
-0.00716063           0  0.00215677   0.0318927
  0.0163647 -0.00215677           0  -0.0214463
  -0.025116  -0.0318927   0.0214463           0
EndNode1[0]<--->Repeater1[0]
REAL
   0.425033  -0.0118874  -0.0299012    0.352362
 -0.0118874   0.0599739   0.0201381 -0.00134877
 -0.0299012   0.0201381   0.0808344  -0.0143626
   0.352362 -0.00134877  -0.0143626    0.434159
IMAGINARY
           0   0.00331529 -0.000675038    0.0113322
 -0.00331529            0  -0.00617754    0.0239773
 0.000675038   0.00617754            0   0.00267672
  -0.0113322   -0.0239773  -0.00267672            0
EndNode2[0]<--->HoM1[0]
REAL
   0.447903  0.00360158 -0.00906234    0.333133
 0.00360158   0.0703654   0.0273322  0.00518637
-0.00906234   0.0273322   0.0717185 -0.00489357
   0.333133  0.00518637 -0.00489357    0.410014
IMAGINARY
           0   0.00467767  -0.00767491 -0.000972766
 -0.00467767            0  0.000322571   0.00956647
  0.00767491 -0.000322571            0  -0.00404716
 0.000972766  -0.00956647   0.00404716            0
Repeater1[0]<--->EndNode1[0]
REAL
   0.425033  -0.0299012  -0.0118874    0.352362
 -0.0299012   0.0808344   0.0201381  -0.0143626
 -0.0118874   0.0201381   0.0599739 -0.00134877
   0.352362  -0.0143626 -0.00134877    0.434159
IMAGINARY
           0 -0.000675038   0.00331529    0.0113322
 0.000675038            0   0.00617754   0.00267672
 -0.00331529  -0.00617754            0    0.0239773
  -0.0113322  -0.00267672   -0.0239773            0
Repeater1[0]<--->HoM1[0]
REAL
   0.447903 -0.00906234  0.00360158    0.333133
-0.00906234   0.0717185   0.0273322 -0.00489357
 0.00360158   0.0273322   0.0703654  0.00518637
   0.333133 -0.00489357  0.00518637    0.410014
IMAGINARY
           0  -0.00767491   0.00467767 -0.000972766
  0.00767491            0 -0.000322571  -0.00404716
 -0.00467767  0.000322571            0   0.00956647
 0.000972766   0.00404716  -0.00956647            0
EndNode1[0]<--->Repeater1[0]
REAL
   0.439227  -0.0072775 -0.00156162    0.327517
 -0.0072775   0.0593923   0.0152666 -0.00488168
-0.00156162   0.0152666   0.0607735  -0.0120524
   0.327517 -0.00488168  -0.0120524    0.440608
IMAGINARY
          0   0.0155726 -0.00139522   0.0224887
 -0.0155726           0 -0.00382714    0.002061
 0.00139522  0.00382714           0   -0.020233
 -0.0224887   -0.002061    0.020233           0
EndNode2[0]<--->HoM1[0]
REAL
   0.460114    0.015892   0.0102859    0.332309
   0.015892   0.0626781   0.0224327  -0.0156881
  0.0102859   0.0224327   0.0612536 -0.00808885
   0.332309  -0.0156881 -0.00808885    0.415954
IMAGINARY
           0    0.0157123   0.00158025   -0.0038245
  -0.0157123            0   -0.0233776  -0.00775309
 -0.00158025    0.0233776            0  0.000337114
   0.0038245   0.00775309 -0.000337114            0
Repeater1[0]<--->EndNode1[0]
REAL
   0.439227 -0.00156162  -0.0072775    0.327517
-0.00156162   0.0607735   0.0152666  -0.0120524
 -0.0072775   0.0152666   0.0593923 -0.00488168
   0.327517  -0.0120524 -0.00488168    0.440608
IMAGINARY
          0 -0.00139522   0.0155726   0.0224887
 0.00139522           0  0.00382714   -0.020233
 -0.0155726 -0.00382714           0    0.002061
 -0.0224887    0.020233   -0.002061           0
Repeater1[0]<--->HoM1[0]
REAL
   0.460114   0.0102859    0.015892    0.332309
  0.0102859   0.0612536   0.0224327 -0.00808885
   0.015892   0.0224327   0.0626781  -0.0156881
   0.332309 -0.00808885  -0.0156881    0.415954
IMAGINARY
           0   0.00158025    0.0157123   -0.0038245
 -0.00158025            0    0.0233776  0.000337114
  -0.0157123   -0.0233776            0  -0.00775309
   0.0038245 -0.000337114   0.00775309            0
EndNode1[0]<--->Repeater1[0]
REAL
    0.439845   -0.0177091    0.0200507     0.323699
  -0.0177091    0.0659767    0.0234346 -0.000305506
   0.0200507    0.0234346    0.0815006   0.00688107
    0.323699 -0.000305506   0.00688107     0.412678
IMAGINARY
          0 -0.00938327   0.0335256 -0.00791903
 0.00938327           0  -0.0159536   0.0180617
 -0.0335256   0.0159536           0  -0.0250083
 0.00791903  -0.0180617   0.0250083           0
EndNode2[0]<--->HoM1[0]
REAL
 0.459288 0.0048451 0.0124064   0.35601
0.0048451 0.0547074 0.0118378 0.0162039
0.0124064 0.0118378 0.0610687 0.0142285
  0.35601 0.0162039 0.0142285  0.424936
IMAGINARY
          0   0.0285225  -0.0145824   0.0140029
 -0.0285225           0  0.00297824 -0.00689004
  0.0145824 -0.00297824           0  -0.0180931
 -0.0140029  0.00689004   0.0180931           0
Repeater1[0]<--->EndNode1[0]
REAL
    0.439845    0.0200507   -0.0177091     0.323699
   0.0200507    0.0815006    0.0234346   0.00688107
  -0.0177091    0.0234346    0.0659767 -0.000305506
    0.323699   0.00688107 -0.000305506     0.412678
IMAGINARY
          0   0.0335256 -0.00938327 -0.00791903
 -0.0335256           0   0.0159536  -0.0250083
 0.00938327  -0.0159536           0   0.0180617
 0.00791903   0.0250083  -0.0180617           0
Repeater1[0]<--->HoM1[0]
REAL
 0.459288 0.0124064 0.0048451   0.35601
0.0124064 0.0610687 0.0118378 0.0142285
0.0048451 0.0118378 0.0547074 0.0162039
  0.35601 0.0142285 0.0162039  0.424936
IMAGINARY
          0  -0.0145824   0.0285225   0.0140029
  0.0145824           0 -0.00297824  -0.0180931
 -0.0285225  0.00297824           0 -0.00689004
 -0.0140029   0.0180931  0.00689004           0
EndNode1[0]<--->Repeater1[0]
REAL
   0.404731 -0.00737108   0.0201158    0.324336
-0.00737108    0.064389   0.0305861  -0.0240018
  0.0201158   0.0305861   0.0735874   0.0164384
   0.324336  -0.0240018   0.0164384    0.457293
IMAGINARY
           0  -0.00757653  6.80052e-05   -0.0190311
  0.00757653            0   -0.0110736  -0.00381801
-6.80052e-05    0.0110736            0  7.65306e-05
   0.0190311   0.00381801 -7.65306e-05            0
EndNode2[0]<--->HoM1[0]
REAL
   0.434037 -0.00898291    0.016645    0.321142
-0.00898291   0.0620053   0.0180536  -0.0191575
   0.016645   0.0180536   0.0712401 -0.00106734
   0.321142  -0.0191575 -0.00106734    0.432718
IMAGINARY
          0   -0.010744  -0.0403272  0.00834969
   0.010744           0 -0.00897704  -0.0066484
  0.0403272  0.00897704           0   0.0306925
-0.00834969   0.0066484  -0.0306925           0
Repeater1[0]<--->EndNode1[0]
REAL
   0.404731   0.0201158 -0.00737108    0.324336
  0.0201158   0.0735874   0.0305861   0.0164384
-0.00737108   0.0305861    0.064389  -0.0240018
   0.324336   0.0164384  -0.0240018    0.457293
IMAGINARY
           0  6.80052e-05  -0.00757653   -0.0190311
-6.80052e-05            0    0.0110736  7.65306e-05
  0.00757653   -0.0110736            0  -0.00381801
   0.0190311 -7.65306e-05   0.00381801            0
Repeater1[0]<--->HoM1[0]
REAL
   0.434037    0.016645 -0.00898291    0.321142
   0.016645   0.0712401   0.0180536 -0.00106734
-0.00898291   0.0180536   0.0620053  -0.0191575
   0.321142 -0.00106734  -0.0191575    0.432718
IMAGINARY
          0  -0.0403272   -0.010744  0.00834969
  0.0403272           0  0.00897704   0.0306925
   0.010744 -0.00897704           0  -0.0066484
-0.00834969  -0.0306925   0.0066484           0
EndNode1[0]<--->Repeater1[0]
REAL
   0.425876   0.0102349  0.00384135    0.348687
  0.0102349   0.0606469   0.0155553   0.0319162
 0.00384135   0.0155553   0.0727763 -0.00114397
   0.348687   0.0319162 -0.00114397    0.440701
IMAGINARY
          0 -0.00205753   0.0133857  -0.0126431
 0.00205753           0   0.0165494  -0.0103627
 -0.0133857  -0.0165494           0  0.00387132
  0.0126431   0.0103627 -0.00387132           0
EndNode2[0]<--->HoM1[0]
REAL
   0.395755  -0.0104351  0.00688638    0.345916
 -0.0104351   0.0586767  0.00955256 0.000926118
 0.00688638  0.00955256   0.0724095  0.00913303
   0.345916 0.000926118  0.00913303    0.473159
IMAGINARY
          0  -0.0184825 -0.00574796  -0.0244186
  0.0184825           0 -0.00891473 -0.00204425
 0.00574796  0.00891473           0   0.0184825
  0.0244186  0.00204425  -0.0184825           0
Repeater1[0]<--->EndNode1[0]
REAL
   0.425876  0.00384135   0.0102349    0.348687
 0.00384135   0.0727763   0.0155553 -0.00114397
  0.0102349   0.0155553   0.0606469   0.0319162
   0.348687 -0.00114397   0.0319162    0.440701
IMAGINARY
          0   0.0133857 -0.00205753  -0.0126431
 -0.0133857           0  -0.0165494  0.00387132
 0.00205753   0.0165494           0  -0.0103627
  0.0126431 -0.00387132   0.0103627           0
Repeater1[0]<--->HoM1[0]
REAL
   0.395755  0.00688638  -0.0104351    0.345916
 0.00688638   0.0724095  0.00955256  0.00913303
 -0.0104351  0.00955256   0.0586767 0.000926118
   0.345916  0.00913303 0.000926118    0.473159
IMAGINARY
          0 -0.00574796  -0.0184825  -0.0244186
 0.00574796           0  0.00891473   0.0184825
  0.0184825 -0.00891473           0 -0.00204425
  0.0244186  -0.0184825  0.00204425           0
EndNode1[0]<--->Repeater1[0]
REAL
   0.453446 -0.00743144  -0.0046608      0.3253
-0.00743144   0.0846433   0.0205502 -0.00653815
 -0.0046608   0.0205502   0.0640871  0.00545516
     0.3253 -0.00653815  0.00545516    0.397823
IMAGINARY
           0   -0.0147185   0.00196861   0.00210494
   0.0147185            0   0.00587378  0.000669911
 -0.00196861  -0.00587378            0    0.0226341
 -0.00210494 -0.000669911   -0.0226341            0
EndNode2[0]<--->HoM1[0]
REAL
   0.447721  -0.0073695  0.00759739    0.337734
 -0.0073695   0.0656836   0.0251588  -0.0057106
 0.00759739   0.0251588   0.0643432 -0.00206446
   0.337734  -0.0057106 -0.00206446    0.422252
IMAGINARY
          0   0.0138786 -0.00290904 -0.00724954
 -0.0138786           0   0.0110184  0.00714121
 0.00290904  -0.0110184           0  0.00728226
 0.00724954 -0.00714121 -0.00728226           0
Repeater1[0]<--->EndNode1[0]
REAL
   0.453446  -0.0046608 -0.00743144      0.3253
 -0.0046608   0.0640871   0.0205502  0.00545516
-0.00743144   0.0205502   0.0846433 -0.00653815
     0.3253  0.00545516 -0.00653815    0.397823
IMAGINARY
           0   0.00196861   -0.0147185   0.00210494
 -0.00196861            0  -0.00587378    0.0226341
   0.0147185   0.00587378            0  0.000669911
 -0.00210494   -0.0226341 -0.000669911            0
Repeater1[0]<--->HoM1[0]
REAL
   0.447721  0.00759739  -0.0073695    0.337734
 0.00759739   0.0643432   0.0251588 -0.00206446
 -0.0073695   0.0251588   0.0656836  -0.0057106
   0.337734 -0.00206446  -0.0057106    0.422252
IMAGINARY
          0 -0.00290904   0.0138786 -0.00724954
 0.00290904           0  -0.0110184  0.00728226
 -0.0138786   0.0110184           0  0.00714121
 0.00724954 -0.00728226 -0.00714121           0
EndNode1[0]<--->Repeater1[0]
REAL
   0.434159 -0.00315084  -0.0066698    0.338242
-0.00315084   0.0808344   0.0167198 -0.00732511
 -0.0066698   0.0167198   0.0612777 -0.00575501
   0.338242 -0.00732511 -0.00575501    0.423729
IMAGINARY
          0  0.00486394   0.0144793  -0.0107756
-0.00486394           0   0.0284523  0.00783039
 -0.0144793  -0.0284523           0  -0.0192996
  0.0107756 -0.00783039   0.0192996           0
EndNode2[0]<--->HoM1[0]
REAL
   0.444744  -0.0123286 -0.00990935    0.338773
 -0.0123286   0.0619946  0.00870737 -0.00733203
-0.00990935  0.00870737   0.0566038  -0.0141966
   0.338773 -0.00733203  -0.0141966    0.436658
IMAGINARY
           0  0.000519905   0.00127978   -0.0108468
-0.000519905            0   0.00840782 -0.000626189
 -0.00127978  -0.00840782            0   -0.0168598
   0.0108468  0.000626189    0.0168598            0
Repeater1[0]<--->EndNode1[0]
REAL
   0.434159  -0.0066698 -0.00315084    0.338242
 -0.0066698   0.0612777   0.0167198 -0.00575501
-0.00315084   0.0167198   0.0808344 -0.00732511
   0.338242 -0.00575501 -0.00732511    0.423729
IMAGINARY
          0   0.0144793  0.00486394  -0.0107756
 -0.0144793           0  -0.0284523  -0.0192996
-0.00486394   0.0284523           0  0.00783039
  0.0107756   0.0192996 -0.00783039           0
Repeater1[0]<--->HoM1[0]
REAL
   0.444744 -0.00990935  -0.0123286    0.338773
-0.00990935   0.0566038  0.00870737  -0.0141966
 -0.0123286  0.00870737   0.0619946 -0.00733203
   0.338773  -0.0141966 -0.00733203    0.436658
IMAGINARY
           0   0.00127978  0.000519905   -0.0108468
 -0.00127978            0  -0.00840782   -0.0168598
-0.000519905   0.00840782            0 -0.000626189
   0.0108468    0.0168598  0.000626189            0
EndNode1[0]<--->Repeater1[0]
REAL
   0.422131    -0.01221   0.0115263    0.337226
   -0.01221   0.0806011   0.0101485 -0.00847375
  0.0115263   0.0101485   0.0587432   0.0115995
   0.337226 -0.00847375   0.0115995    0.438525
IMAGINARY
          0 -0.00265003  0.00129804  0.00577818
 0.00265003           0   0.0139749 -0.00397901
-0.00129804  -0.0139749           0   0.0281192
-0.00577818  0.00397901  -0.0281192           0
EndNode2[0]<--->HoM1[0]
REAL
   0.43643 0.00892929  0.0189914   0.349751
0.00892929  0.0550122  0.0172702  0.0209022
 0.0189914  0.0172702  0.0721271 0.00702815
  0.349751  0.0209022 0.00702815    0.43643
IMAGINARY
           0 -0.000251276   0.00813613    -0.021542
 0.000251276            0   0.00245802  -0.00685735
 -0.00813613  -0.00245802            0   -0.0099789
    0.021542   0.00685735    0.0099789            0
Repeater1[0]<--->EndNode1[0]
REAL
   0.422131   0.0115263    -0.01221    0.337226
  0.0115263   0.0587432   0.0101485   0.0115995
   -0.01221   0.0101485   0.0806011 -0.00847375
   0.337226   0.0115995 -0.00847375    0.438525
IMAGINARY
          0  0.00129804 -0.00265003  0.00577818
-0.00129804           0  -0.0139749   0.0281192
 0.00265003   0.0139749           0 -0.00397901
-0.00577818  -0.0281192  0.00397901           0
Repeater1[0]<--->HoM1[0]
REAL
   0.43643  0.0189914 0.00892929   0.349751
 0.0189914  0.0721271  0.0172702 0.00702815
0.00892929  0.0172702  0.0550122  0.0209022
  0.349751 0.00702815  0.0209022    0.43643
IMAGINARY
           0   0.00813613 -0.000251276    -0.021542
 -0.00813613            0  -0.00245802   -0.0099789
 0.000251276   0.00245802            0  -0.00685735
    0.021542    0.0099789   0.00685735            0
EndNode1[0]<--->Repeater1[0]
REAL
   0.440268 -0.00889328   0.0153194     0.34581
-0.00889328   0.0684564   0.0158503  -0.0133431
  0.0153194   0.0158503   0.0751678 -0.00889328
    0.34581  -0.0133431 -0.00889328    0.416107
IMAGINARY
           0  6.98333e-05  0.000257856    0.0083448
-6.98333e-05            0    0.0152284  -0.00093262
-0.000257856   -0.0152284            0   0.00330399
  -0.0083448   0.00093262  -0.00330399            0
EndNode2[0]<--->HoM1[0]
REAL
    0.453384 -0.000934797  -0.00445409     0.321686
-0.000934797    0.0625798    0.0129005   -0.0118366
 -0.00445409    0.0129005    0.0715198   -0.0103434
    0.321686   -0.0118366   -0.0103434     0.412516
IMAGINARY
          0  -0.0189219 -0.00158314 -0.00621686
  0.0189219           0 -0.00683797  0.00545911
 0.00158314  0.00683797           0  0.00470998
 0.00621686 -0.00545911 -0.00470998           0
Repeater1[0]<--->EndNode1[0]
REAL
   0.440268   0.0153194 -0.00889328     0.34581
  0.0153194   0.0751678   0.0158503 -0.00889328
-0.00889328   0.0158503   0.0684564  -0.0133431
    0.34581 -0.00889328  -0.0133431    0.416107
IMAGINARY
           0  0.000257856  6.98333e-05    0.0083448
-0.000257856            0   -0.0152284   0.00330399
-6.98333e-05    0.0152284            0  -0.00093262
  -0.0083448  -0.00330399   0.00093262            0
Repeater1[0]<--->HoM1[0]
REAL
    0.453384  -0.00445409 -0.000934797     0.321686
 -0.00445409    0.0715198    0.0129005   -0.0103434
-0.000934797    0.0129005    0.0625798   -0.0118366
    0.321686   -0.0103434   -0.0118366     0.412516
IMAGINARY
          0 -0.00158314  -0.0189219 -0.00621686
 0.00158314           0  0.00683797  0.00470998
  0.0189219 -0.00683797           0  0.00545911
 0.00621686 -0.00470998 -0.00545911           0
EndNode1[0]<--->Repeater1[0]
REAL
   0.45935  0.0127227 0.00258612   0.359543
 0.0127227  0.0853659 0.00629588  0.0141841
0.00258612 0.00629588  0.0569106  0.0139854
  0.359543  0.0141841  0.0139854   0.398374
IMAGINARY
          0 -0.00672629   0.0186033  0.00910307
 0.00672629           0 -0.00381206  0.00866948
 -0.0186033  0.00381206           0 -0.00106592
-0.00910307 -0.00866948  0.00106592           0
EndNode2[0]<--->HoM1[0]
REAL
   0.449482  0.00226756 -0.00225155    0.347294
