EndNode1[0]<--->Repeater1[0]
REAL
   0.440197  -0.0132885 -0.00417679    0.188262
 -0.0132885   0.0900123 -0.00384654   0.0093716
-0.00417679 -0.00384654   0.0505549   0.0223794
   0.188262   0.0093716   0.0223794    0.419236
IMAGINARY
           0   -0.0102406    0.0159626    0.0162744
   0.0102406            0  -0.00991313    0.0338434
  -0.0159626   0.00991313            0 -0.000755512
  -0.0162744   -0.0338434  0.000755512            0
EndNode2[0]<--->HoM1[0]
REAL
    0.39604  0.00754891    0.018998    0.200156
 0.00754891   0.0693069   0.0166583 -0.00319522
   0.018998   0.0166583   0.0618812   0.0133108
   0.200156 -0.00319522   0.0133108    0.472772
IMAGINARY
          0  -0.0141863  0.00878921  -0.0261302
  0.0141863           0 -0.00249833  0.00352606
-0.00878921  0.00249833           0  -0.0313802
  0.0261302 -0.00352606   0.0313802           0
Repeater1[0]<--->EndNode1[0]
REAL
   0.440197 -0.00417679  -0.0132885    0.188262
-0.00417679   0.0505549 -0.00384654   0.0223794
 -0.0132885 -0.00384654   0.0900123   0.0093716
   0.188262   0.0223794   0.0093716    0.419236
IMAGINARY
           0    0.0159626   -0.0102406    0.0162744
  -0.0159626            0   0.00991313 -0.000755512
   0.0102406  -0.00991313            0    0.0338434
  -0.0162744  0.000755512   -0.0338434            0
Repeater1[0]<--->HoM1[0]
REAL
    0.39604    0.018998  0.00754891    0.200156
   0.018998   0.0618812   0.0166583   0.0133108
 0.00754891   0.0166583   0.0693069 -0.00319522
   0.200156   0.0133108 -0.00319522    0.472772
IMAGINARY
          0  0.00878921  -0.0141863  -0.0261302
-0.00878921           0  0.00249833  -0.0313802
  0.0141863 -0.00249833           0  0.00352606
  0.0261302   0.0313802 -0.00352606           0
EndNode1[0]<--->Repeater1[0]
REAL
   0.431847   0.0184042 -0.00493724    0.192238
  0.0184042   0.0535032 -0.00442042  0.00874435
-0.00493724 -0.00442042   0.0611465   0.0209359
   0.192238  0.00874435   0.0209359    0.453503
IMAGINARY
          0  -0.0163557  -0.0179457  -0.0231899
  0.0163557           0  -0.0149516 -0.00519057
  0.0179457   0.0149516           0   0.0394919
  0.0231899  0.00519057  -0.0394919           0
EndNode2[0]<--->HoM1[0]
REAL
   0.420786  -0.0218415  0.00403688    0.191105
 -0.0218415   0.0570342 -0.00817859  0.00273818
 0.00403688 -0.00817859   0.0633714   0.0204865
   0.191105  0.00273818   0.0204865    0.458809
IMAGINARY
          0   0.0207568   0.0140519   0.0224404
 -0.0207568           0  0.00537335  0.00384784
 -0.0140519 -0.00537335           0  -0.0219501
 -0.0224404 -0.00384784   0.0219501           0
Repeater1[0]<--->EndNode1[0]
REAL
   0.431847 -0.00493724   0.0184042    0.192238
-0.00493724   0.0611465 -0.00442042   0.0209359
  0.0184042 -0.00442042   0.0535032  0.00874435
   0.192238   0.0209359  0.00874435    0.453503
IMAGINARY
          0  -0.0179457  -0.0163557  -0.0231899
  0.0179457           0   0.0149516   0.0394919
  0.0163557  -0.0149516           0 -0.00519057
  0.0231899  -0.0394919  0.00519057           0
Repeater1[0]<--->HoM1[0]
REAL
   0.420786  0.00403688  -0.0218415    0.191105
 0.00403688   0.0633714 -0.00817859   0.0204865
 -0.0218415 -0.00817859   0.0570342  0.00273818
   0.191105   0.0204865  0.00273818    0.458809
IMAGINARY
          0   0.0140519   0.0207568   0.0224404
 -0.0140519           0 -0.00537335  -0.0219501
 -0.0207568  0.00537335           0  0.00384784
 -0.0224404   0.0219501 -0.00384784           0
EndNode1[0]<--->Repeater1[0]
REAL
   0.410941 -0.00925926   -0.021164    0.163147
-0.00925926   0.0814249  0.00881047   -0.010582
  -0.021164  0.00881047   0.0636132 -0.00925926
   0.163147   -0.010582 -0.00925926     0.44402
IMAGINARY
          0  0.00473264   0.0149571 -0.00963478
-0.00473264           0  0.00588478  -0.0124061
 -0.0149571 -0.00588478           0  -0.0111102
 0.00963478   0.0124061   0.0111102           0
EndNode2[0]<--->HoM1[0]
REAL
    0.430279   0.00818282 -4.05011e-05     0.197301
  0.00818282     0.065073  -0.00529608     0.020355
-4.05011e-05  -0.00529608    0.0703851   0.00557865
    0.197301     0.020355   0.00557865     0.434263
IMAGINARY
           0   0.00816397 -0.000313335   0.00636362
 -0.00816397            0     0.012891   0.00550814
 0.000313335    -0.012891            0    0.0113166
 -0.00636362  -0.00550814   -0.0113166            0
Repeater1[0]<--->EndNode1[0]
REAL
   0.410941   -0.021164 -0.00925926    0.163147
  -0.021164   0.0636132  0.00881047 -0.00925926
-0.00925926  0.00881047   0.0814249   -0.010582
   0.163147 -0.00925926   -0.010582     0.44402
IMAGINARY
          0   0.0149571  0.00473264 -0.00963478
 -0.0149571           0 -0.00588478  -0.0111102
-0.00473264  0.00588478           0  -0.0124061
 0.00963478   0.0111102   0.0124061           0
Repeater1[0]<--->HoM1[0]
REAL
    0.430279 -4.05011e-05   0.00818282     0.197301
-4.05011e-05    0.0703851  -0.00529608   0.00557865
  0.00818282  -0.00529608     0.065073     0.020355
    0.197301   0.00557865     0.020355     0.434263
IMAGINARY
           0 -0.000313335   0.00816397   0.00636362
 0.000313335            0    -0.012891    0.0113166
 -0.00816397     0.012891            0   0.00550814
 -0.00636362   -0.0113166  -0.00550814            0
EndNode1[0]<--->Repeater1[0]
REAL
   0.434839   -0.013452 -0.00740314    0.191417
  -0.013452   0.0632258  0.00699596  -0.0283111
-0.00740314  0.00699596   0.0825806 -0.00109828
   0.191417  -0.0283111 -0.00109828    0.419355
IMAGINARY
          0 -0.00712561   0.0181348  -0.0043639
 0.00712561           0 -0.00877752  -0.0134744
 -0.0181348  0.00877752           0  0.00379672
  0.0043639   0.0134744 -0.00379672           0
EndNode2[0]<--->HoM1[0]
REAL
    0.432161    0.0113148    0.0108518     0.197691
   0.0113148    0.0615578   0.00119335    0.0157901
   0.0108518   0.00119335    0.0690955 -0.000781968
    0.197691    0.0157901 -0.000781968     0.437186
IMAGINARY
          0  -0.0042329 -0.00127549   -0.013321
  0.0042329           0   0.0145648 -0.00196705
 0.00127549  -0.0145648           0  -0.0132768
   0.013321  0.00196705   0.0132768           0
Repeater1[0]<--->EndNode1[0]
REAL
   0.434839 -0.00740314   -0.013452    0.191417
-0.00740314   0.0825806  0.00699596 -0.00109828
  -0.013452  0.00699596   0.0632258  -0.0283111
   0.191417 -0.00109828  -0.0283111    0.419355
IMAGINARY
          0   0.0181348 -0.00712561  -0.0043639
 -0.0181348           0  0.00877752  0.00379672
 0.00712561 -0.00877752           0  -0.0134744
  0.0043639 -0.00379672   0.0134744           0
Repeater1[0]<--->HoM1[0]
REAL
    0.432161    0.0108518    0.0113148     0.197691
   0.0108518    0.0690955   0.00119335 -0.000781968
   0.0113148   0.00119335    0.0615578    0.0157901
    0.197691 -0.000781968    0.0157901     0.437186
IMAGINARY
          0 -0.00127549  -0.0042329   -0.013321
 0.00127549           0  -0.0145648  -0.0132768
  0.0042329   0.0145648           0 -0.00196705
   0.013321   0.0132768  0.00196705           0
EndNode1[0]<--->Repeater1[0]
REAL
   0.456757   0.0127455 -0.00141986    0.211934
  0.0127455   0.0635135  0.00408198   0.0168976
-0.00141986  0.00408198   0.0824324   0.0336879
   0.211934   0.0168976   0.0336879    0.397297
IMAGINARY
          0   0.0135652 -0.00658286  0.00244124
 -0.0135652           0 -0.00696905   0.0123565
 0.00658286  0.00696905           0  0.00722002
-0.00244124  -0.0123565 -0.00722002           0
EndNode2[0]<--->HoM1[0]
REAL
    0.442971   -0.0108812    0.0137777     0.187249
  -0.0108812    0.0689655  -0.00898784 -0.000734198
   0.0137777  -0.00898784    0.0437666   0.00777556
    0.187249 -0.000734198   0.00777556     0.444297
IMAGINARY
           0   -0.0056666    0.0227151    0.0229759
   0.0056666            0  -0.00287535  0.000134409
  -0.0227151   0.00287535            0    0.0338924
  -0.0229759 -0.000134409   -0.0338924            0
Repeater1[0]<--->EndNode1[0]
REAL
   0.456757 -0.00141986   0.0127455    0.211934
-0.00141986   0.0824324  0.00408198   0.0336879
  0.0127455  0.00408198   0.0635135   0.0168976
   0.211934   0.0336879   0.0168976    0.397297
IMAGINARY
          0 -0.00658286   0.0135652  0.00244124
 0.00658286           0  0.00696905  0.00722002
 -0.0135652 -0.00696905           0   0.0123565
-0.00244124 -0.00722002  -0.0123565           0
Repeater1[0]<--->HoM1[0]
REAL
    0.442971    0.0137777   -0.0108812     0.187249
   0.0137777    0.0437666  -0.00898784   0.00777556
  -0.0108812  -0.00898784    0.0689655 -0.000734198
    0.187249   0.00777556 -0.000734198     0.444297
IMAGINARY
           0    0.0227151   -0.0056666    0.0229759
  -0.0227151            0   0.00287535    0.0338924
   0.0056666  -0.00287535            0  0.000134409
  -0.0229759   -0.0338924 -0.000134409            0
EndNode1[0]<--->Repeater1[0]
REAL
  0.440204 0.00947121 0.00991597   0.185821
0.00947121   0.043257 -0.0165293 -0.0112283
0.00991597 -0.0165293  0.0559796 0.00758915
  0.185821 -0.0112283 0.00758915    0.46056
IMAGINARY
          0 -0.00193124 -0.00827956 -0.00636284
 0.00193124           0 -0.00373817    0.012196
 0.00827956  0.00373817           0  0.00323672
 0.00636284   -0.012196 -0.00323672           0
EndNode2[0]<--->HoM1[0]
REAL
   0.416459  -0.0103161  -0.0118381    0.197439
 -0.0103161   0.0548628   0.0228674 0.000982415
 -0.0118381   0.0228674   0.0511222  0.00840043
   0.197439 0.000982415  0.00840043    0.477556
IMAGINARY
           0   -0.0157181    0.0354278  -0.00678918
   0.0157181            0   -0.0100067    0.0100267
  -0.0354278    0.0100067            0  0.000566583
  0.00678918   -0.0100267 -0.000566583            0
Repeater1[0]<--->EndNode1[0]
REAL
  0.440204 0.00991597 0.00947121   0.185821
0.00991597  0.0559796 -0.0165293 0.00758915
0.00947121 -0.0165293   0.043257 -0.0112283
  0.185821 0.00758915 -0.0112283    0.46056
IMAGINARY
          0 -0.00827956 -0.00193124 -0.00636284
 0.00827956           0  0.00373817  0.00323672
 0.00193124 -0.00373817           0    0.012196
 0.00636284 -0.00323672   -0.012196           0
Repeater1[0]<--->HoM1[0]
REAL
   0.416459  -0.0118381  -0.0103161    0.197439
 -0.0118381   0.0511222   0.0228674  0.00840043
 -0.0103161   0.0228674   0.0548628 0.000982415
   0.197439  0.00840043 0.000982415    0.477556
IMAGINARY
           0    0.0354278   -0.0157181  -0.00678918
  -0.0354278            0    0.0100067  0.000566583
   0.0157181   -0.0100067            0    0.0100267
  0.00678918 -0.000566583   -0.0100267            0
EndNode1[0]<--->Repeater1[0]
REAL
   0.440722  0.00361988 -0.00625431     0.19179
 0.00361988   0.0579897    0.013354 -0.00692009
-0.00625431    0.013354   0.0592784  -0.0155396
    0.19179 -0.00692009  -0.0155396     0.44201
IMAGINARY
          0   0.0167207  -0.0166197  0.00534299
 -0.0167207           0    0.010432 -0.00166525
  0.0166197   -0.010432           0   0.0103916
-0.00534299  0.00166525  -0.0103916           0
EndNode2[0]<--->HoM1[0]
REAL
   0.422311 -0.00272068 -0.00102433    0.186064
-0.00272068   0.0584329  -0.0172328 -0.00806658
-0.00102433  -0.0172328   0.0730412  0.00272068
   0.186064 -0.00806658  0.00272068    0.446215
IMAGINARY
          0 -0.00433209   0.0104294   0.0383026
 0.00433209           0  -0.0133346  0.00117013
 -0.0104294   0.0133346           0  -0.0133724
 -0.0383026 -0.00117013   0.0133724           0
Repeater1[0]<--->EndNode1[0]
REAL
   0.440722 -0.00625431  0.00361988     0.19179
-0.00625431   0.0592784    0.013354  -0.0155396
 0.00361988    0.013354   0.0579897 -0.00692009
    0.19179  -0.0155396 -0.00692009     0.44201
IMAGINARY
          0  -0.0166197   0.0167207  0.00534299
  0.0166197           0   -0.010432   0.0103916
 -0.0167207    0.010432           0 -0.00166525
-0.00534299  -0.0103916  0.00166525           0
Repeater1[0]<--->HoM1[0]
REAL
   0.422311 -0.00102433 -0.00272068    0.186064
-0.00102433   0.0730412  -0.0172328  0.00272068
-0.00272068  -0.0172328   0.0584329 -0.00806658
   0.186064  0.00272068 -0.00806658    0.446215
IMAGINARY
          0   0.0104294 -0.00433209   0.0383026
 -0.0104294           0   0.0133346  -0.0133724
 0.00433209  -0.0133346           0  0.00117013
 -0.0383026   0.0133724 -0.00117013           0
EndNode1[0]<--->Repeater1[0]
REAL
    0.472452   0.00402424  -0.00908438     0.192694
  0.00402424    0.0730028 -0.000190359   0.00336647
 -0.00908438 -0.000190359    0.0482094  -0.00211827
    0.192694   0.00336647  -0.00211827     0.406336
IMAGINARY
          0   -0.024682   0.0126938  0.00672998
   0.024682           0 -0.00801533  -0.0108211
 -0.0126938  0.00801533           0 -0.00215946
-0.00672998   0.0108211  0.00215946           0
EndNode2[0]<--->HoM1[0]
REAL
   0.455529 0.000414541   0.0061584    0.193633
0.000414541   0.0649038   0.0110301  0.00549963
  0.0061584   0.0110301      0.0625  0.00865282
   0.193633  0.00549963  0.00865282    0.417067
IMAGINARY
          0   0.0141269  -0.0242016 -0.00700347
 -0.0141269           0   0.0156356 -0.00966299
  0.0242016  -0.0156356           0  0.00512944
 0.00700347  0.00966299 -0.00512944           0
Repeater1[0]<--->EndNode1[0]
REAL
    0.472452  -0.00908438   0.00402424     0.192694
 -0.00908438    0.0482094 -0.000190359  -0.00211827
  0.00402424 -0.000190359    0.0730028   0.00336647
    0.192694  -0.00211827   0.00336647     0.406336
IMAGINARY
          0   0.0126938   -0.024682  0.00672998
 -0.0126938           0  0.00801533 -0.00215946
   0.024682 -0.00801533           0  -0.0108211
-0.00672998  0.00215946   0.0108211           0
Repeater1[0]<--->HoM1[0]
REAL
   0.455529   0.0061584 0.000414541    0.193633
  0.0061584      0.0625   0.0110301  0.00865282
0.000414541   0.0110301   0.0649038  0.00549963
   0.193633  0.00865282  0.00549963    0.417067
IMAGINARY
          0  -0.0242016   0.0141269 -0.00700347
  0.0242016           0  -0.0156356  0.00512944
 -0.0141269   0.0156356           0 -0.00966299
 0.00700347 -0.00512944  0.00966299           0
EndNode1[0]<--->Repeater1[0]
REAL
   0.435523 -0.00808104  -0.0121523    0.191447
-0.00808104   0.0656934 5.62697e-05 -0.00810916
 -0.0121523 5.62697e-05   0.0596107    0.011349
   0.191447 -0.00810916    0.011349    0.439173
IMAGINARY
           0    0.0111094  -0.00657291  -0.00222228
  -0.0111094            0  0.000240774   0.00591066
  0.00657291 -0.000240774            0  -0.00117562
  0.00222228  -0.00591066   0.00117562            0
EndNode2[0]<--->HoM1[0]
REAL
   0.440845 -0.00251236 0.000312557    0.210123
-0.00251236   0.0661972   -0.012738   0.0127634
0.000312557   -0.012738   0.0690141  0.00687102
   0.210123   0.0127634  0.00687102    0.423944
IMAGINARY
           0  -0.00427817 -0.000591959   0.00863735
  0.00427817            0    0.0242819   -0.0115409
 0.000591959   -0.0242819            0   -0.0257346
 -0.00863735    0.0115409    0.0257346            0
Repeater1[0]<--->EndNode1[0]
REAL
   0.435523  -0.0121523 -0.00808104    0.191447
 -0.0121523   0.0596107 5.62697e-05    0.011349
-0.00808104 5.62697e-05   0.0656934 -0.00810916
   0.191447    0.011349 -0.00810916    0.439173
IMAGINARY
           0  -0.00657291    0.0111094  -0.00222228
  0.00657291            0 -0.000240774  -0.00117562
  -0.0111094  0.000240774            0   0.00591066
  0.00222228   0.00117562  -0.00591066            0
Repeater1[0]<--->HoM1[0]
REAL
   0.440845 0.000312557 -0.00251236    0.210123
0.000312557   0.0690141   -0.012738  0.00687102
-0.00251236   -0.012738   0.0661972   0.0127634
   0.210123  0.00687102   0.0127634    0.423944
IMAGINARY
           0 -0.000591959  -0.00427817   0.00863735
 0.000591959            0   -0.0242819   -0.0257346
  0.00427817    0.0242819            0   -0.0115409
 -0.00863735    0.0257346    0.0115409            0
EndNode1[0]<--->Repeater1[0]
REAL
   0.453704  -0.0154644 -0.00404695    0.180879
 -0.0154644   0.0661376  -0.0184917  0.00982359
-0.00404695  -0.0184917   0.0582011 -0.00314917
   0.180879  0.00982359 -0.00314917    0.421958
IMAGINARY
          0  -0.0134708 -0.00795685 -0.00378437
  0.0134708           0  0.00306495  0.00229647
 0.00795685 -0.00306495           0  -0.0173468
 0.00378437 -0.00229647   0.0173468           0
EndNode2[0]<--->HoM1[0]
REAL
    0.408797   0.00228977   -0.0138255     0.191418
  0.00228977    0.0672704 -0.000420827   0.00895932
  -0.0138255 -0.000420827    0.0737387   -0.0168883
    0.191418   0.00895932   -0.0168883     0.450194
IMAGINARY
          0   -0.017888  0.00589721   0.0106615
   0.017888           0  -0.0012748  -0.0162504
-0.00589721   0.0012748           0   0.0343313
 -0.0106615   0.0162504  -0.0343313           0
Repeater1[0]<--->EndNode1[0]
REAL
   0.453704 -0.00404695  -0.0154644    0.180879
-0.00404695   0.0582011  -0.0184917 -0.00314917
 -0.0154644  -0.0184917   0.0661376  0.00982359
   0.180879 -0.00314917  0.00982359    0.421958
IMAGINARY
          0 -0.00795685  -0.0134708 -0.00378437
 0.00795685           0 -0.00306495  -0.0173468
  0.0134708  0.00306495           0  0.00229647
 0.00378437   0.0173468 -0.00229647           0
Repeater1[0]<--->HoM1[0]
REAL
    0.408797   -0.0138255   0.00228977     0.191418
  -0.0138255    0.0737387 -0.000420827   -0.0168883
  0.00228977 -0.000420827    0.0672704   0.00895932
    0.191418   -0.0168883   0.00895932     0.450194
IMAGINARY
          0  0.00589721   -0.017888   0.0106615
-0.00589721           0   0.0012748   0.0343313
   0.017888  -0.0012748           0  -0.0162504
 -0.0106615  -0.0343313   0.0162504           0
EndNode1[0]<--->Repeater1[0]
REAL
   0.423435 0.000871237   0.0272585    0.193823
0.000871237   0.0585885   0.0220088  0.00183482
  0.0272585   0.0220088    0.069241   0.0146903
   0.193823  0.00183482   0.0146903    0.448735
IMAGINARY
          0 -0.00228612  -0.0219891  -0.0131133
 0.00228612           0  0.00577836   0.0174846
  0.0219891 -0.00577836           0 -0.00479239
  0.0131133  -0.0174846  0.00479239           0
EndNode2[0]<--->HoM1[0]
REAL
        0.4 -0.00354401  0.00296826    0.181042
-0.00354401   0.0708861  -0.0071567   0.0155031
 0.00296826  -0.0071567   0.0759494   0.0092765
   0.181042   0.0155031   0.0092765    0.453165
IMAGINARY
           0    0.0117965    0.0158496  0.000543038
  -0.0117965            0  -0.00379401   0.00588949
  -0.0158496   0.00379401            0    0.0124271
-0.000543038  -0.00588949   -0.0124271            0
Repeater1[0]<--->EndNode1[0]
REAL
   0.423435   0.0272585 0.000871237    0.193823
  0.0272585    0.069241   0.0220088   0.0146903
0.000871237   0.0220088   0.0585885  0.00183482
   0.193823   0.0146903  0.00183482    0.448735
IMAGINARY
          0  -0.0219891 -0.00228612  -0.0131133
  0.0219891           0 -0.00577836 -0.00479239
 0.00228612  0.00577836           0   0.0174846
  0.0131133  0.00479239  -0.0174846           0
Repeater1[0]<--->HoM1[0]
REAL
        0.4  0.00296826 -0.00354401    0.181042
 0.00296826   0.0759494  -0.0071567   0.0092765
-0.00354401  -0.0071567   0.0708861   0.0155031
   0.181042   0.0092765   0.0155031    0.453165
IMAGINARY
           0    0.0158496    0.0117965  0.000543038
  -0.0158496            0   0.00379401    0.0124271
  -0.0117965  -0.00379401            0   0.00588949
-0.000543038   -0.0124271  -0.00588949            0
EndNode1[0]<--->Repeater1[0]
REAL
  0.428951 0.00612804 0.00394693   0.187189
0.00612804  0.0783533  0.0125537  0.0102283
0.00394693  0.0125537  0.0544489 0.00675856
  0.187189  0.0102283 0.00675856   0.438247
IMAGINARY
          0  -0.0258427  0.00657297   0.0279327
  0.0258427           0 -0.00773687   0.0259636
-0.00657297  0.00773687           0  0.00260232
 -0.0279327  -0.0259636 -0.00260232           0
EndNode2[0]<--->HoM1[0]
REAL
   0.409548   0.0135461  0.00556656    0.202188
  0.0135461   0.0678392 -0.00268679  -0.0155416
 0.00556656 -0.00268679   0.0628141  -0.0098055
   0.202188  -0.0155416  -0.0098055    0.459799
IMAGINARY
           0   -0.0231407 -0.000862093   0.00809559
   0.0231407            0  -0.00551827    0.0173311
 0.000862093   0.00551827            0  -0.00123348
 -0.00809559   -0.0173311   0.00123348            0
Repeater1[0]<--->EndNode1[0]
REAL
  0.428951 0.00394693 0.00612804   0.187189
0.00394693  0.0544489  0.0125537 0.00675856
0.00612804  0.0125537  0.0783533  0.0102283
  0.187189 0.00675856  0.0102283   0.438247
IMAGINARY
          0  0.00657297  -0.0258427   0.0279327
-0.00657297           0  0.00773687  0.00260232
  0.0258427 -0.00773687           0   0.0259636
 -0.0279327 -0.00260232  -0.0259636           0
Repeater1[0]<--->HoM1[0]
REAL
   0.409548  0.00556656   0.0135461    0.202188
 0.00556656   0.0628141 -0.00268679  -0.0098055
  0.0135461 -0.00268679   0.0678392  -0.0155416
   0.202188  -0.0098055  -0.0155416    0.459799
IMAGINARY
           0 -0.000862093   -0.0231407   0.00809559
 0.000862093            0   0.00551827  -0.00123348
   0.0231407  -0.00551827            0    0.0173311
 -0.00809559   0.00123348   -0.0173311            0
EndNode1[0]<--->Repeater1[0]
REAL
  0.396442 -0.0139774  -0.015554   0.211032
-0.0139774  0.0711563 -0.0114119  0.0047809
 -0.015554 -0.0114119  0.0736976  0.0222157
  0.211032  0.0047809  0.0222157   0.458704
IMAGINARY
          0  0.00537162  -0.0294001   0.0019712
-0.00537162           0   0.0148247   0.0114718
  0.0294001  -0.0148247           0   0.0271649
 -0.0019712  -0.0114718  -0.0271649           0
EndNode2[0]<--->HoM1[0]
REAL
   0.471867 -0.00662122   0.0292398    0.201717
-0.00662122    0.044757  0.00105426 -0.00531036
  0.0292398  0.00105426   0.0652174  0.00788067
   0.201717 -0.00531036  0.00788067    0.418159
IMAGINARY
           0  8.67958e-05   -0.0197079 -0.000313839
-8.67958e-05            0     0.033916   -0.0286365
   0.0197079    -0.033916            0    0.0164695
 0.000313839    0.0286365   -0.0164695            0
Repeater1[0]<--->EndNode1[0]
REAL
  0.396442  -0.015554 -0.0139774   0.211032
 -0.015554  0.0736976 -0.0114119  0.0222157
-0.0139774 -0.0114119  0.0711563  0.0047809
  0.211032  0.0222157  0.0047809   0.458704
IMAGINARY
          0  -0.0294001  0.00537162   0.0019712
  0.0294001           0  -0.0148247   0.0271649
-0.00537162   0.0148247           0   0.0114718
 -0.0019712  -0.0271649  -0.0114718           0
Repeater1[0]<--->HoM1[0]
REAL
   0.471867   0.0292398 -0.00662122    0.201717
  0.0292398   0.0652174  0.00105426  0.00788067
-0.00662122  0.00105426    0.044757 -0.00531036
   0.201717  0.00788067 -0.00531036    0.418159
IMAGINARY
           0   -0.0197079  8.67958e-05 -0.000313839
   0.0197079            0    -0.033916    0.0164695
-8.67958e-05     0.033916            0   -0.0286365
 0.000313839   -0.0164695    0.0286365            0
EndNode1[0]<--->Repeater1[0]
REAL
  0.436224 0.00327391 0.00452759   0.196634
0.00327391  0.0586735 -0.0026235 -0.0214547
0.00452759 -0.0026235  0.0637755 -0.0110864
  0.196634 -0.0214547 -0.0110864   0.441327
IMAGINARY
          0 -0.00193107   0.0143232 -0.00249811
 0.00193107           0  0.00317654  -0.0192737
 -0.0143232 -0.00317654           0  0.00811919
 0.00249811   0.0192737 -0.00811919           0
EndNode2[0]<--->HoM1[0]
REAL
   0.456258   0.0153555 -0.00265573    0.188262
  0.0153555   0.0578735   0.0185247  0.00969798
-0.00265573   0.0185247    0.064603  0.00064962
   0.188262  0.00969798  0.00064962    0.421265
IMAGINARY
          0   0.0155969  0.00433274   0.0205729
 -0.0155969           0 -0.00427561  0.00750936
-0.00433274  0.00427561           0   0.0107189
 -0.0205729 -0.00750936  -0.0107189           0
Repeater1[0]<--->EndNode1[0]
REAL
  0.436224 0.00452759 0.00327391   0.196634
0.00452759  0.0637755 -0.0026235 -0.0110864
0.00327391 -0.0026235  0.0586735 -0.0214547
  0.196634 -0.0110864 -0.0214547   0.441327
IMAGINARY
          0   0.0143232 -0.00193107 -0.00249811
 -0.0143232           0 -0.00317654  0.00811919
 0.00193107  0.00317654           0  -0.0192737
 0.00249811 -0.00811919   0.0192737           0
Repeater1[0]<--->HoM1[0]
REAL
   0.456258 -0.00265573   0.0153555    0.188262
-0.00265573    0.064603   0.0185247  0.00064962
  0.0153555   0.0185247   0.0578735  0.00969798
   0.188262  0.00064962  0.00969798    0.421265
IMAGINARY
          0  0.00433274   0.0155969   0.0205729
-0.00433274           0  0.00427561   0.0107189
 -0.0155969 -0.00427561           0  0.00750936
 -0.0205729  -0.0107189 -0.00750936           0
EndNode1[0]<--->Repeater1[0]
REAL
   0.42401  0.0166824 0.00344199   0.198897
 0.0166824  0.0689655 0.00188996  0.0136184
0.00344199 0.00188996  0.0587484 0.00037801
  0.198897  0.0136184 0.00037801   0.448276
IMAGINARY
          0 -0.00212383 -0.00312668  -0.0125512
 0.00212383           0 -0.00705667 -0.00186085
 0.00312668  0.00705667           0 -0.00411058
  0.0125512  0.00186085  0.00411058           0
EndNode2[0]<--->HoM1[0]
REAL
  0.429268  0.0118629 0.00912698   0.205967
 0.0118629  0.0707317 0.00583457 0.00515873
0.00912698 0.00583457  0.0536585 0.00987619
  0.205967 0.00515873 0.00987619   0.446341
IMAGINARY
          0 -0.00609369  -0.0173929  0.00751885
 0.00609369           0  0.00147858   0.0048434
  0.0173929 -0.00147858           0  -0.0117399
-0.00751885  -0.0048434   0.0117399           0
Repeater1[0]<--->EndNode1[0]
REAL
   0.42401 0.00344199  0.0166824   0.198897
0.00344199  0.0587484 0.00188996 0.00037801
 0.0166824 0.00188996  0.0689655  0.0136184
  0.198897 0.00037801  0.0136184   0.448276
IMAGINARY
          0 -0.00312668 -0.00212383  -0.0125512
 0.00312668           0  0.00705667 -0.00411058
 0.00212383 -0.00705667           0 -0.00186085
  0.0125512  0.00411058  0.00186085           0
Repeater1[0]<--->HoM1[0]
REAL
  0.429268 0.00912698  0.0118629   0.205967
0.00912698  0.0536585 0.00583457 0.00987619
 0.0118629 0.00583457  0.0707317 0.00515873
  0.205967 0.00987619 0.00515873   0.446341
IMAGINARY
          0  -0.0173929 -0.00609369  0.00751885
  0.0173929           0 -0.00147858  -0.0117399
 0.00609369  0.00147858           0   0.0048434
-0.00751885   0.0117399  -0.0048434           0
EndNode1[0]<--->Repeater1[0]
REAL
   0.409722  0.00847167   0.0158902    0.195604
 0.00847167   0.0569444 -0.00833539   0.0119219
  0.0158902 -0.00833539      0.0625 0.000799035
   0.195604   0.0119219 0.000799035    0.470833
IMAGINARY
          0 -0.00960489    0.013985  -0.0032781
 0.00960489           0  0.00517443   0.0146046
  -0.013985 -0.00517443           0  0.00515762
  0.0032781  -0.0146046 -0.00515762           0
EndNode2[0]<--->HoM1[0]
REAL
   0.435383 -0.00101325  0.00857014    0.204491
-0.00101325   0.0614806  -0.0067585  -0.0148674
 0.00857014  -0.0067585   0.0589711  -0.0103218
   0.204491  -0.0148674  -0.0103218    0.444166
IMAGINARY
          0  -0.0233358 -0.00923913   0.0104712
  0.0233358           0  -0.0104712   0.0342391
 0.00923913   0.0104712           0  -0.0029142
 -0.0104712  -0.0342391   0.0029142           0
Repeater1[0]<--->EndNode1[0]
REAL
   0.409722   0.0158902  0.00847167    0.195604
  0.0158902      0.0625 -0.00833539 0.000799035
 0.00847167 -0.00833539   0.0569444   0.0119219
   0.195604 0.000799035   0.0119219    0.470833
IMAGINARY
          0    0.013985 -0.00960489  -0.0032781
  -0.013985           0 -0.00517443  0.00515762
 0.00960489  0.00517443           0   0.0146046
  0.0032781 -0.00515762  -0.0146046           0
Repeater1[0]<--->HoM1[0]
REAL
   0.435383  0.00857014 -0.00101325    0.204491
 0.00857014   0.0589711  -0.0067585  -0.0103218
-0.00101325  -0.0067585   0.0614806  -0.0148674
   0.204491  -0.0103218  -0.0148674    0.444166
IMAGINARY
          0 -0.00923913  -0.0233358   0.0104712
 0.00923913           0   0.0104712  -0.0029142
  0.0233358  -0.0104712           0   0.0342391
 -0.0104712   0.0029142  -0.0342391           0
EndNode1[0]<--->Repeater1[0]
REAL
    0.445153   -0.0244847 -5.72533e-05     0.187526
  -0.0244847    0.0663265    0.0105632  -0.00567523
-5.72533e-05    0.0105632    0.0561224 -0.000356039
    0.187526  -0.00567523 -0.000356039     0.432398
IMAGINARY
           0  -0.00810946    0.0112217   -0.0159916
  0.00810946            0   -0.0235674  -0.00929116
  -0.0112217    0.0235674            0 -0.000256053
   0.0159916   0.00929116  0.000256053            0
EndNode2[0]<--->HoM1[0]
REAL
   0.450255  0.00889786 -0.00317026    0.191597
 0.00889786   0.0663265   0.0295088   0.0144768
-0.00317026   0.0295088    0.067602 -0.00764158
   0.191597   0.0144768 -0.00764158    0.415816
IMAGINARY
         0   0.019312 -0.0197476  -0.014052
 -0.019312          0  0.0316399  -0.014593
 0.0197476 -0.0316399          0 -0.0124439
  0.014052   0.014593  0.0124439          0
Repeater1[0]<--->EndNode1[0]
REAL
    0.445153 -5.72533e-05   -0.0244847     0.187526
-5.72533e-05    0.0561224    0.0105632 -0.000356039
  -0.0244847    0.0105632    0.0663265  -0.00567523
    0.187526 -0.000356039  -0.00567523     0.432398
IMAGINARY
           0    0.0112217  -0.00810946   -0.0159916
  -0.0112217            0    0.0235674 -0.000256053
  0.00810946   -0.0235674            0  -0.00929116
   0.0159916  0.000256053   0.00929116            0
Repeater1[0]<--->HoM1[0]
REAL
   0.450255 -0.00317026  0.00889786    0.191597
-0.00317026    0.067602   0.0295088 -0.00764158
 0.00889786   0.0295088   0.0663265   0.0144768
   0.191597 -0.00764158   0.0144768    0.415816
IMAGINARY
         0 -0.0197476   0.019312  -0.014052
 0.0197476          0 -0.0316399 -0.0124439
 -0.019312  0.0316399          0  -0.014593
  0.014052  0.0124439   0.014593          0
EndNode1[0]<--->Repeater1[0]
REAL
   0.444867 -0.00448962 -0.00753171    0.183743
-0.00448962   0.0506971   0.0139315   0.0114077
-0.00753171   0.0139315   0.0709759  0.00836559
   0.183743   0.0114077  0.00836559     0.43346
IMAGINARY
          0  -0.0103915 -0.00912946  0.00454299
  0.0103915           0  -0.0140247 -0.00973847
 0.00912946   0.0140247           0  -0.0179103
-0.00454299  0.00973847   0.0179103           0
EndNode2[0]<--->HoM1[0]
REAL
    0.43083  -0.0114167 -0.00566789    0.194687
 -0.0114167   0.0632411   0.0162506  -0.0203738
-0.00566789   0.0162506   0.0527009 -0.00420831
   0.194687  -0.0203738 -0.00420831    0.453228
IMAGINARY
           0 -3.12454e-05  -0.00250478   0.00421952
 3.12454e-05            0  -0.00357269  -0.00190884
  0.00250478   0.00357269            0   0.00822797
 -0.00421952   0.00190884  -0.00822797            0
Repeater1[0]<--->EndNode1[0]
REAL
   0.444867 -0.00753171 -0.00448962    0.183743
-0.00753171   0.0709759   0.0139315  0.00836559
-0.00448962   0.0139315   0.0506971   0.0114077
   0.183743  0.00836559   0.0114077     0.43346
IMAGINARY
          0 -0.00912946  -0.0103915  0.00454299
 0.00912946           0   0.0140247  -0.0179103
  0.0103915  -0.0140247           0 -0.00973847
-0.00454299   0.0179103  0.00973847           0
Repeater1[0]<--->HoM1[0]
REAL
    0.43083 -0.00566789  -0.0114167    0.194687
-0.00566789   0.0527009   0.0162506 -0.00420831
 -0.0114167   0.0162506   0.0632411  -0.0203738
   0.194687 -0.00420831  -0.0203738    0.453228
IMAGINARY
           0  -0.00250478 -3.12454e-05   0.00421952
  0.00250478            0   0.00357269   0.00822797
 3.12454e-05  -0.00357269            0  -0.00190884
 -0.00421952  -0.00822797   0.00190884            0
EndNode1[0]<--->Repeater1[0]
REAL
  0.424516  0.0173967 0.00391168   0.222294
 0.0173967  0.0541935  0.0207438  0.0264681
0.00391168  0.0207438  0.0580645 0.00412233
  0.222294  0.0264681 0.00412233   0.463226
IMAGINARY
          0  0.00617769  -0.0145236   -0.018599
-0.00617769           0   0.0199614  0.00289572
  0.0145236  -0.0199614           0   0.0119102
   0.018599 -0.00289572  -0.0119102           0
EndNode2[0]<--->HoM1[0]
REAL
   0.425303   0.0103685   0.0107839    0.183103
  0.0103685   0.0484522  0.00219491 -0.00896131
  0.0107839  0.00219491   0.0632571  0.00238974
   0.183103 -0.00896131  0.00238974    0.462988
IMAGINARY
          0   0.0160652 -0.00442678 -0.00731603
 -0.0160652           0   0.0110567   0.0157752
 0.00442678  -0.0110567           0  0.00596418
 0.00731603  -0.0157752 -0.00596418           0
Repeater1[0]<--->EndNode1[0]
REAL
  0.424516 0.00391168  0.0173967   0.222294
0.00391168  0.0580645  0.0207438 0.00412233
 0.0173967  0.0207438  0.0541935  0.0264681
  0.222294 0.00412233  0.0264681   0.463226
IMAGINARY
          0  -0.0145236  0.00617769   -0.018599
  0.0145236           0  -0.0199614   0.0119102
-0.00617769   0.0199614           0  0.00289572
   0.018599  -0.0119102 -0.00289572           0
Repeater1[0]<--->HoM1[0]
REAL
   0.425303   0.0107839   0.0103685    0.183103
  0.0107839   0.0632571  0.00219491  0.00238974
  0.0103685  0.00219491   0.0484522 -0.00896131
   0.183103  0.00238974 -0.00896131    0.462988
IMAGINARY
          0 -0.00442678   0.0160652 -0.00731603
 0.00442678           0  -0.0110567  0.00596418
 -0.0160652   0.0110567           0   0.0157752
 0.00731603 -0.00596418  -0.0157752           0
EndNode1[0]<--->Repeater1[0]
REAL
   0.454784  0.00116331  -0.0301494    0.180246
 0.00116331   0.0629096   0.0169549 -0.00547404
 -0.0301494   0.0169549   0.0524246  0.00392574
   0.180246 -0.00547404  0.00392574    0.429882
IMAGINARY
           0 -0.000642574    0.0264518   0.00561577
 0.000642574            0   0.00184692  -0.00619864
  -0.0264518  -0.00184692            0   0.00317422
 -0.00561577   0.00619864  -0.00317422            0
EndNode2[0]<--->HoM1[0]
REAL
   0.411239 -0.00855158 -0.00023453    0.207204
-0.00855158   0.0740741  0.00319249 -0.00471596
-0.00023453  0.00319249    0.063857  0.00112584
   0.207204 -0.00471596  0.00112584     0.45083
IMAGINARY
          0  -0.0312783 -0.00256978  0.00901491
  0.0312783           0 -0.00453348   0.0143263
 0.00256978  0.00453348           0  -0.0164396
-0.00901491  -0.0143263   0.0164396           0
Repeater1[0]<--->EndNode1[0]
REAL
   0.454784  -0.0301494  0.00116331    0.180246
 -0.0301494   0.0524246   0.0169549  0.00392574
 0.00116331   0.0169549   0.0629096 -0.00547404
   0.180246  0.00392574 -0.00547404    0.429882
IMAGINARY
           0    0.0264518 -0.000642574   0.00561577
  -0.0264518            0  -0.00184692   0.00317422
 0.000642574   0.00184692            0  -0.00619864
 -0.00561577  -0.00317422   0.00619864            0
Repeater1[0]<--->HoM1[0]
REAL
   0.411239 -0.00023453 -0.00855158    0.207204
-0.00023453    0.063857  0.00319249  0.00112584
-0.00855158  0.00319249   0.0740741 -0.00471596
   0.207204  0.00112584 -0.00471596     0.45083
IMAGINARY
          0 -0.00256978  -0.0312783  0.00901491
 0.00256978           0  0.00453348  -0.0164396
  0.0312783 -0.00453348           0   0.0143263
-0.00901491   0.0164396  -0.0143263           0
EndNode1[0]<--->Repeater1[0]
REAL
   0.433702  0.00409549 -0.00751559    0.184954
 0.00409549   0.0635359 -0.00190131  0.00686876
-0.00751559 -0.00190131   0.0538674  -0.0112106
   0.184954  0.00686876  -0.0112106    0.448895
IMAGINARY
          0  -0.0120852   0.0226263   0.0127458
  0.0120852           0   -0.026407  -0.0136056
 -0.0226263    0.026407           0 -0.00337872
 -0.0127458   0.0136056  0.00337872           0
EndNode2[0]<--->HoM1[0]
REAL
   0.430412  0.00487882 -0.00283301    0.193494
 0.00487882   0.0773196  0.00469222 -0.00882502
-0.00283301  0.00469222   0.0579897   0.0158466
   0.193494 -0.00882502   0.0158466    0.434278
IMAGINARY
           0   0.00720981   0.00162301  -0.00660658
 -0.00720981            0   -0.0102474  0.000981159
 -0.00162301    0.0102474            0   0.00190477
  0.00660658 -0.000981159  -0.00190477            0
Repeater1[0]<--->EndNode1[0]
REAL
   0.433702 -0.00751559  0.00409549    0.184954
-0.00751559   0.0538674 -0.00190131  -0.0112106
 0.00409549 -0.00190131   0.0635359  0.00686876
   0.184954  -0.0112106  0.00686876    0.448895
IMAGINARY
          0   0.0226263  -0.0120852   0.0127458
 -0.0226263           0    0.026407 -0.00337872
  0.0120852   -0.026407           0  -0.0136056
 -0.0127458  0.00337872   0.0136056           0
Repeater1[0]<--->HoM1[0]
REAL
   0.430412 -0.00283301  0.00487882    0.193494
-0.00283301   0.0579897  0.00469222   0.0158466
 0.00487882  0.00469222   0.0773196 -0.00882502
   0.193494   0.0158466 -0.00882502    0.434278
IMAGINARY
           0   0.00162301   0.00720981  -0.00660658
 -0.00162301            0    0.0102474   0.00190477
 -0.00720981   -0.0102474            0  0.000981159
  0.00660658  -0.00190477 -0.000981159            0
EndNode1[0]<--->Repeater1[0]
REAL
     0.42236   -0.0028747 -0.000413199     0.199967
  -0.0028747     0.068323    0.0233867   -0.0193473
-0.000413199    0.0233867    0.0658385   0.00826392
    0.199967   -0.0193473   0.00826392     0.443478
IMAGINARY
          0  -0.0139344  0.00259737 -0.00136958
  0.0139344           0    0.029922 -0.00197779
-0.00259737   -0.029922           0 -0.00279419
 0.00136958  0.00197779  0.00279419           0
EndNode2[0]<--->HoM1[0]
REAL
   0.452442  -0.0282554  -0.0111275    0.195871
 -0.0282554   0.0604113   0.0341985 -0.00775365
 -0.0111275   0.0341985   0.0604113  -0.0088075
   0.195871 -0.00775365  -0.0088075    0.426735
IMAGINARY
          0 -0.00865444   0.0141322   0.0139731
 0.00865444           0   0.0215108   0.0189515
 -0.0141322  -0.0215108           0   0.0167693
 -0.0139731  -0.0189515  -0.0167693           0
Repeater1[0]<--->EndNode1[0]
REAL
     0.42236 -0.000413199   -0.0028747     0.199967
-0.000413199    0.0658385    0.0233867   0.00826392
  -0.0028747    0.0233867     0.068323   -0.0193473
    0.199967   0.00826392   -0.0193473     0.443478
IMAGINARY
          0  0.00259737  -0.0139344 -0.00136958
-0.00259737           0   -0.029922 -0.00279419
  0.0139344    0.029922           0 -0.00197779
 0.00136958  0.00279419  0.00197779           0
Repeater1[0]<--->HoM1[0]
REAL
   0.452442  -0.0111275  -0.0282554    0.195871
 -0.0111275   0.0604113   0.0341985  -0.0088075
 -0.0282554   0.0341985   0.0604113 -0.00775365
   0.195871  -0.0088075 -0.00775365    0.426735
IMAGINARY
          0   0.0141322 -0.00865444   0.0139731
 -0.0141322           0  -0.0215108   0.0167693
 0.00865444   0.0215108           0   0.0189515
 -0.0139731  -0.0167693  -0.0189515           0
EndNode1[0]<--->Repeater1[0]
REAL
   0.452703  -0.0212531 -0.00647557    0.203057
 -0.0212531   0.0540541 0.000874459  -0.0205515
-0.00647557 0.000874459   0.0513514  0.00036855
   0.203057  -0.0205515  0.00036855    0.441892
IMAGINARY
          0   0.0177583  -0.0232687   0.0112167
 -0.0177583           0  0.00239716 -0.00176336
  0.0232687 -0.00239716           0  0.00984116
 -0.0112167  0.00176336 -0.00984116           0
EndNode2[0]<--->HoM1[0]
REAL
   0.412634 -0.00914325 -0.00239136    0.180242
-0.00914325   0.0604839  0.00157576 -0.00620815
-0.00239136  0.00157576   0.0685484  -0.0129698
   0.180242 -0.00620815  -0.0129698    0.458333
IMAGINARY
          0 -0.00271459  0.00871299  -0.0208238
 0.00271459           0 -0.00657348  0.00995368
-0.00871299  0.00657348           0   0.0120479
  0.0208238 -0.00995368  -0.0120479           0
Repeater1[0]<--->EndNode1[0]
REAL
   0.452703 -0.00647557  -0.0212531    0.203057
-0.00647557   0.0513514 0.000874459  0.00036855
 -0.0212531 0.000874459   0.0540541  -0.0205515
   0.203057  0.00036855  -0.0205515    0.441892
IMAGINARY
          0  -0.0232687   0.0177583   0.0112167
  0.0232687           0 -0.00239716  0.00984116
 -0.0177583  0.00239716           0 -0.00176336
 -0.0112167 -0.00984116  0.00176336           0
Repeater1[0]<--->HoM1[0]
REAL
   0.412634 -0.00239136 -0.00914325    0.180242
-0.00239136   0.0685484  0.00157576  -0.0129698
-0.00914325  0.00157576   0.0604839 -0.00620815
   0.180242  -0.0129698 -0.00620815    0.458333
IMAGINARY
          0  0.00871299 -0.00271459  -0.0208238
-0.00871299           0  0.00657348   0.0120479
 0.00271459 -0.00657348           0  0.00995368
  0.0208238  -0.0120479 -0.00995368           0
EndNode1[0]<--->Repeater1[0]
REAL
   0.433719  -0.0103052 -0.00276215    0.195066
 -0.0103052   0.0733591  0.00756579  -0.0103957
-0.00276215  0.00756579   0.0579151   0.0129368
   0.195066  -0.0103957   0.0129368    0.435006
IMAGINARY
          0  0.00562446 -0.00388907 -0.00323068
-0.00562446           0  -0.0185085 -0.00452439
 0.00388907   0.0185085           0 -0.00682639
 0.00323068  0.00452439  0.00682639           0
