EndNode1[0]<--->Repeater1[0]
REAL
    0.449275    0.0213882 -0.000641026     0.312271
   0.0213882    0.0368906  -0.00201465 -0.000641026
-0.000641026  -0.00201465    0.0289855   -0.0047215
    0.312271 -0.000641026   -0.0047215     0.484848
IMAGINARY
           0  0.000115955   -0.0103393   0.00102104
-0.000115955            0  -0.00402946   0.00904057
   0.0103393   0.00402946            0    0.0128711
 -0.00102104  -0.00904057   -0.0128711            0
EndNode2[0]<--->HoM1[0]
REAL
  0.453384 0.00714823  0.0138108   0.312391
0.00714823  0.0357599 -0.0118662 0.00587427
 0.0138108 -0.0118662  0.0306513  0.0204108
  0.312391 0.00587427  0.0204108   0.480204
IMAGINARY
          0  -0.0128121   0.0138436   0.0215016
  0.0128121           0   0.0106321 -0.00641785
 -0.0138436  -0.0106321           0  0.00291114
 -0.0215016  0.00641785 -0.00291114           0
Repeater1[0]<--->EndNode1[0]
REAL
    0.449275 -0.000641026    0.0213882     0.312271
-0.000641026    0.0289855  -0.00201465   -0.0047215
   0.0213882  -0.00201465    0.0368906 -0.000641026
    0.312271   -0.0047215 -0.000641026     0.484848
IMAGINARY
           0   -0.0103393  0.000115955   0.00102104
   0.0103393            0   0.00402946    0.0128711
-0.000115955  -0.00402946            0   0.00904057
 -0.00102104   -0.0128711  -0.00904057            0
Repeater1[0]<--->HoM1[0]
REAL
  0.453384  0.0138108 0.00714823   0.312391
 0.0138108  0.0306513 -0.0118662  0.0204108
0.00714823 -0.0118662  0.0357599 0.00587427
  0.312391  0.0204108 0.00587427   0.480204
IMAGINARY
          0   0.0138436  -0.0128121   0.0215016
 -0.0138436           0  -0.0106321  0.00291114
  0.0128121   0.0106321           0 -0.00641785
 -0.0215016 -0.00291114  0.00641785           0
EndNode1[0]<--->Repeater1[0]
REAL
    0.481481 -0.000836906  -0.00026236       0.3302
-0.000836906    0.0344828   -0.0130361    0.0114564
 -0.00026236   -0.0130361    0.0255428   0.00581203
      0.3302    0.0114564   0.00581203     0.458493
IMAGINARY
          0   0.0228819   -0.019839  0.00188367
 -0.0228819           0  0.00383425 -0.00607755
   0.019839 -0.00383425           0 -0.00202227
-0.00188367  0.00607755  0.00202227           0
EndNode2[0]<--->HoM1[0]
REAL
   0.468919   0.0237625   0.0181531    0.320778
  0.0237625    0.027027   0.0110807  0.00776348
  0.0181531   0.0110807    0.022973 -0.00163859
   0.320778  0.00776348 -0.00163859    0.481081
IMAGINARY
          0 -0.00142179  0.00564905   0.0196546
 0.00142179           0   0.0147163   0.0204116
-0.00564905  -0.0147163           0 -0.00403276
 -0.0196546  -0.0204116  0.00403276           0
Repeater1[0]<--->EndNode1[0]
REAL
    0.481481  -0.00026236 -0.000836906       0.3302
 -0.00026236    0.0255428   -0.0130361   0.00581203
-0.000836906   -0.0130361    0.0344828    0.0114564
      0.3302   0.00581203    0.0114564     0.458493
IMAGINARY
          0   -0.019839   0.0228819  0.00188367
   0.019839           0 -0.00383425 -0.00202227
 -0.0228819  0.00383425           0 -0.00607755
-0.00188367  0.00202227  0.00607755           0
Repeater1[0]<--->HoM1[0]
REAL
   0.468919   0.0181531   0.0237625    0.320778
  0.0181531    0.022973   0.0110807 -0.00163859
  0.0237625   0.0110807    0.027027  0.00776348
   0.320778 -0.00163859  0.00776348    0.481081
IMAGINARY
          0  0.00564905 -0.00142179   0.0196546
-0.00564905           0  -0.0147163 -0.00403276
 0.00142179   0.0147163           0   0.0204116
 -0.0196546  0.00403276  -0.0204116           0
EndNode1[0]<--->Repeater1[0]
REAL
   0.454662   0.0015291 -0.00446508    0.307966
  0.0015291   0.0408685  0.00370505  0.00579134
-0.00446508  0.00370505   0.0395913   -0.016118
   0.307966  0.00579134   -0.016118    0.464879
IMAGINARY
          0  0.00974717 -0.00387812   0.0169374
-0.00974717           0   0.0104941  -0.0114348
 0.00387812  -0.0104941           0  0.00157107
 -0.0169374   0.0114348 -0.00157107           0
EndNode2[0]<--->HoM1[0]
REAL
   0.483117  0.00926777 -0.00230811    0.333295
 0.00926777   0.0285714  0.00984267   0.0378473
-0.00230811  0.00984267   0.0298701   0.0066636
   0.333295   0.0378473   0.0066636    0.458442
IMAGINARY
         0  0.0261431   -0.02426  0.0293782
-0.0261431          0 -0.0205586  0.0209662
   0.02426  0.0205586          0 -0.0149441
-0.0293782 -0.0209662  0.0149441          0
Repeater1[0]<--->EndNode1[0]
REAL
   0.454662 -0.00446508   0.0015291    0.307966
-0.00446508   0.0395913  0.00370505   -0.016118
  0.0015291  0.00370505   0.0408685  0.00579134
   0.307966   -0.016118  0.00579134    0.464879
IMAGINARY
          0 -0.00387812  0.00974717   0.0169374
 0.00387812           0  -0.0104941  0.00157107
-0.00974717   0.0104941           0  -0.0114348
 -0.0169374 -0.00157107   0.0114348           0
Repeater1[0]<--->HoM1[0]
REAL
   0.483117 -0.00230811  0.00926777    0.333295
-0.00230811   0.0298701  0.00984267   0.0066636
 0.00926777  0.00984267   0.0285714   0.0378473
   0.333295   0.0066636   0.0378473    0.458442
IMAGINARY
         0   -0.02426  0.0261431  0.0293782
   0.02426          0  0.0205586 -0.0149441
-0.0261431 -0.0205586          0  0.0209662
-0.0293782  0.0149441 -0.0209662          0
EndNode1[0]<--->Repeater1[0]
REAL
   0.497442  0.00677163 -0.00755686    0.300266
 0.00677163   0.0204604 -0.00649122   -0.017735
-0.00755686 -0.00649122   0.0217391  -0.0126082
   0.300266   -0.017735  -0.0126082    0.460358
IMAGINARY
          0   0.0202051  0.00399602  -0.0135961
 -0.0202051           0  0.00190778  0.00951749
-0.00399602 -0.00190778           0 -0.00263754
  0.0135961 -0.00951749  0.00263754           0
EndNode2[0]<--->HoM1[0]
REAL
    0.460494  -0.00920806   -0.0228172     0.316147
 -0.00920806    0.0283951    0.0126709    0.0141966
  -0.0228172    0.0126709    0.0271605 -0.000644158
    0.316147    0.0141966 -0.000644158     0.483951
IMAGINARY
          0  0.00849739 -0.00432222    0.010853
-0.00849739           0   0.0128345  0.00699602
 0.00432222  -0.0128345           0   0.0142299
  -0.010853 -0.00699602  -0.0142299           0
Repeater1[0]<--->EndNode1[0]
REAL
   0.497442 -0.00755686  0.00677163    0.300266
-0.00755686   0.0217391 -0.00649122  -0.0126082
 0.00677163 -0.00649122   0.0204604   -0.017735
   0.300266  -0.0126082   -0.017735    0.460358
IMAGINARY
          0  0.00399602   0.0202051  -0.0135961
-0.00399602           0 -0.00190778 -0.00263754
 -0.0202051  0.00190778           0  0.00951749
  0.0135961  0.00263754 -0.00951749           0
Repeater1[0]<--->HoM1[0]
REAL
    0.460494   -0.0228172  -0.00920806     0.316147
  -0.0228172    0.0271605    0.0126709 -0.000644158
 -0.00920806    0.0126709    0.0283951    0.0141966
    0.316147 -0.000644158    0.0141966     0.483951
IMAGINARY
          0 -0.00432222  0.00849739    0.010853
 0.00432222           0  -0.0128345   0.0142299
-0.00849739   0.0128345           0  0.00699602
  -0.010853  -0.0142299 -0.00699602           0
EndNode1[0]<--->Repeater1[0]
REAL
   0.489474   0.0100285   0.0184063     0.31915
  0.0100285   0.0368421    0.006043  -0.0106942
  0.0184063    0.006043   0.0315789 -0.00488715
    0.31915  -0.0106942 -0.00488715    0.442105
IMAGINARY
          0 -0.00974842  -0.0130672  -0.0105869
 0.00974842           0      0.0169 -0.00149593
  0.0130672     -0.0169           0   0.0243115
  0.0105869  0.00149593  -0.0243115           0
EndNode2[0]<--->HoM1[0]
REAL
    0.46144  -0.0206602  -0.0175525    0.311454
 -0.0206602   0.0398458  0.00938439 -0.00595453
 -0.0175525  0.00938439   0.0269923 -0.00157619
   0.311454 -0.00595453 -0.00157619    0.471722
IMAGINARY
          0  0.00889985  0.00226391 -0.00519144
-0.00889985           0  0.00260077  0.00226391
-0.00226391 -0.00260077           0   -0.019896
 0.00519144 -0.00226391    0.019896           0
Repeater1[0]<--->EndNode1[0]
REAL
   0.489474   0.0184063   0.0100285     0.31915
  0.0184063   0.0315789    0.006043 -0.00488715
  0.0100285    0.006043   0.0368421  -0.0106942
    0.31915 -0.00488715  -0.0106942    0.442105
IMAGINARY
          0  -0.0130672 -0.00974842  -0.0105869
  0.0130672           0     -0.0169   0.0243115
 0.00974842      0.0169           0 -0.00149593
  0.0105869  -0.0243115  0.00149593           0
Repeater1[0]<--->HoM1[0]
REAL
    0.46144  -0.0175525  -0.0206602    0.311454
 -0.0175525   0.0269923  0.00938439 -0.00157619
 -0.0206602  0.00938439   0.0398458 -0.00595453
   0.311454 -0.00157619 -0.00595453    0.471722
IMAGINARY
          0  0.00226391  0.00889985 -0.00519144
-0.00226391           0 -0.00260077   -0.019896
-0.00889985  0.00260077           0  0.00226391
 0.00519144    0.019896 -0.00226391           0
EndNode1[0]<--->Repeater1[0]
REAL
    0.47733  -0.0304389  -0.0121918    0.300473
 -0.0304389   0.0314861  0.00620255 -0.00241183
 -0.0121918  0.00620255     0.02267  -0.0133719
   0.300473 -0.00241183  -0.0133719    0.468514
IMAGINARY
           0   0.00197594    0.0167655   0.00702217
 -0.00197594            0   0.00898295  -0.00634884
  -0.0167655  -0.00898295            0  0.000628229
 -0.00702217   0.00634884 -0.000628229            0
EndNode2[0]<--->HoM1[0]
REAL
   0.474708 -0.00712711  0.00134384    0.325768
-0.00712711   0.0259403   -0.009573  -0.0103413
 0.00134384   -0.009573   0.0259403  -0.0108678
   0.325768  -0.0103413  -0.0108678    0.473411
IMAGINARY
           0 -0.000326509    0.0106609    -0.009441
 0.000326509            0    0.0244786   0.00339535
  -0.0106609   -0.0244786            0  -0.00168152
    0.009441  -0.00339535   0.00168152            0
Repeater1[0]<--->EndNode1[0]
REAL
    0.47733  -0.0121918  -0.0304389    0.300473
 -0.0121918     0.02267  0.00620255  -0.0133719
 -0.0304389  0.00620255   0.0314861 -0.00241183
   0.300473  -0.0133719 -0.00241183    0.468514
IMAGINARY
           0    0.0167655   0.00197594   0.00702217
  -0.0167655            0  -0.00898295  0.000628229
 -0.00197594   0.00898295            0  -0.00634884
 -0.00702217 -0.000628229   0.00634884            0
Repeater1[0]<--->HoM1[0]
REAL
   0.474708  0.00134384 -0.00712711    0.325768
 0.00134384   0.0259403   -0.009573  -0.0108678
-0.00712711   -0.009573   0.0259403  -0.0103413
   0.325768  -0.0108678  -0.0103413    0.473411
IMAGINARY
           0    0.0106609 -0.000326509    -0.009441
  -0.0106609            0   -0.0244786  -0.00168152
 0.000326509    0.0244786            0   0.00339535
    0.009441   0.00168152  -0.00339535            0
EndNode1[0]<--->Repeater1[0]
REAL
   0.455381   0.0121175   0.0175634    0.316244
  0.0121175   0.0406824 -0.00728513  0.00681074
  0.0175634 -0.00728513   0.0367454  -0.0154113
   0.316244  0.00681074  -0.0154113    0.467192
IMAGINARY
          0  -0.0055181  0.00920516 -0.00358247
  0.0055181           0  0.00607004   -0.015599
-0.00920516 -0.00607004           0  -0.0085484
 0.00358247    0.015599   0.0085484           0
EndNode2[0]<--->HoM1[0]
REAL
   0.479381 -0.00697841 -0.00737915    0.315354
-0.00697841   0.0360825 -0.00086884 -0.00342136
-0.00737915 -0.00086884   0.0373711  -0.0063634
   0.315354 -0.00342136  -0.0063634    0.447165
IMAGINARY
          0  -0.0104441   0.0285962  -0.0109125
  0.0104441           0  -0.0143139 -0.00261397
 -0.0285962   0.0143139           0  -0.0142707
  0.0109125  0.00261397   0.0142707           0
Repeater1[0]<--->EndNode1[0]
REAL
   0.455381   0.0175634   0.0121175    0.316244
  0.0175634   0.0367454 -0.00728513  -0.0154113
  0.0121175 -0.00728513   0.0406824  0.00681074
   0.316244  -0.0154113  0.00681074    0.467192
IMAGINARY
          0  0.00920516  -0.0055181 -0.00358247
-0.00920516           0 -0.00607004  -0.0085484
  0.0055181  0.00607004           0   -0.015599
 0.00358247   0.0085484    0.015599           0
Repeater1[0]<--->HoM1[0]
REAL
   0.479381 -0.00737915 -0.00697841    0.315354
-0.00737915   0.0373711 -0.00086884  -0.0063634
-0.00697841 -0.00086884   0.0360825 -0.00342136
   0.315354  -0.0063634 -0.00342136    0.447165
IMAGINARY
          0   0.0285962  -0.0104441  -0.0109125
 -0.0285962           0   0.0143139  -0.0142707
  0.0104441  -0.0143139           0 -0.00261397
  0.0109125   0.0142707  0.00261397           0
EndNode1[0]<--->Repeater1[0]
REAL
    0.473485 -0.000362577  -0.00302209     0.315145
-0.000362577    0.0328283    0.0257347   -0.0131487
 -0.00302209    0.0257347    0.0328283   -0.0119272
    0.315145   -0.0131487   -0.0119272     0.460859
IMAGINARY
          0 -0.00255889   0.0162316   0.0261578
 0.00255889           0  -0.0121984  0.00723414
 -0.0162316   0.0121984           0  -0.0389574
 -0.0261578 -0.00723414   0.0389574           0
EndNode2[0]<--->HoM1[0]
REAL
    0.488342 -0.000301785    0.0121422     0.308666
-0.000301785    0.0284974  -0.00997349   0.00158324
   0.0121422  -0.00997349    0.0220207   -0.0147309
    0.308666   0.00158324   -0.0147309      0.46114
IMAGINARY
          0 -0.00892232 -0.00406288  -0.0193136
 0.00892232           0  -0.0101752 -0.00727213
 0.00406288   0.0101752           0   0.0101818
  0.0193136  0.00727213  -0.0101818           0
Repeater1[0]<--->EndNode1[0]
REAL
    0.473485  -0.00302209 -0.000362577     0.315145
 -0.00302209    0.0328283    0.0257347   -0.0119272
-0.000362577    0.0257347    0.0328283   -0.0131487
    0.315145   -0.0119272   -0.0131487     0.460859
IMAGINARY
          0   0.0162316 -0.00255889   0.0261578
 -0.0162316           0   0.0121984  -0.0389574
 0.00255889  -0.0121984           0  0.00723414
 -0.0261578   0.0389574 -0.00723414           0
Repeater1[0]<--->HoM1[0]
REAL
    0.488342    0.0121422 -0.000301785     0.308666
   0.0121422    0.0220207  -0.00997349   -0.0147309
-0.000301785  -0.00997349    0.0284974   0.00158324
    0.308666   -0.0147309   0.00158324      0.46114
IMAGINARY
          0 -0.00406288 -0.00892232  -0.0193136
 0.00406288           0   0.0101752   0.0101818
 0.00892232  -0.0101752           0 -0.00727213
  0.0193136  -0.0101818  0.00727213           0
EndNode1[0]<--->Repeater1[0]
REAL
   0.440111  -0.0084131  0.00470253     0.32158
 -0.0084131   0.0264624  0.00398606  -0.0120261
 0.00470253  0.00398606   0.0376045 -0.00290514
    0.32158  -0.0120261 -0.00290514    0.495822
IMAGINARY
          0  -0.0092851  0.00373927  -0.0125461
  0.0092851           0   0.0170275   0.0214871
-0.00373927  -0.0170275           0  0.00863827
  0.0125461  -0.0214871 -0.00863827           0
EndNode2[0]<--->HoM1[0]
REAL
   0.490323 -0.00424798  -0.0137104    0.297737
-0.00424798   0.0283871   -0.014682 -0.00105214
 -0.0137104   -0.014682   0.0258065 -0.00666344
   0.297737 -0.00105214 -0.00666344    0.455484
IMAGINARY
          0  -0.0154437   0.0019022   0.0198401
  0.0154437           0  -0.0118055  -0.0128983
 -0.0019022   0.0118055           0  0.00962224
 -0.0198401   0.0128983 -0.00962224           0
Repeater1[0]<--->EndNode1[0]
REAL
   0.440111  0.00470253  -0.0084131     0.32158
 0.00470253   0.0376045  0.00398606 -0.00290514
 -0.0084131  0.00398606   0.0264624  -0.0120261
    0.32158 -0.00290514  -0.0120261    0.495822
IMAGINARY
          0  0.00373927  -0.0092851  -0.0125461
-0.00373927           0  -0.0170275  0.00863827
  0.0092851   0.0170275           0   0.0214871
  0.0125461 -0.00863827  -0.0214871           0
Repeater1[0]<--->HoM1[0]
REAL
   0.490323  -0.0137104 -0.00424798    0.297737
 -0.0137104   0.0258065   -0.014682 -0.00666344
-0.00424798   -0.014682   0.0283871 -0.00105214
   0.297737 -0.00666344 -0.00105214    0.455484
IMAGINARY
          0   0.0019022  -0.0154437   0.0198401
 -0.0019022           0   0.0118055  0.00962224
  0.0154437  -0.0118055           0  -0.0128983
 -0.0198401 -0.00962224   0.0128983           0
EndNode1[0]<--->Repeater1[0]
REAL
   0.479195   -0.021251  -0.0321195    0.306351
  -0.021251   0.0295302   0.0169472   -0.013692
 -0.0321195   0.0169472   0.0308725 -0.00492697
   0.306351   -0.013692 -0.00492697    0.460403
IMAGINARY
           0  -0.00320075    0.0173896    0.0175425
  0.00320075            0    0.0274239    0.0084382
  -0.0173896   -0.0274239            0 -0.000110512
  -0.0175425   -0.0084382  0.000110512            0
EndNode2[0]<--->HoM1[0]
REAL
    0.453972    0.0145297     0.022589     0.328785
   0.0145297    0.0315259 -0.000775379   0.00812356
    0.022589 -0.000775379    0.0277427    0.0088118
    0.328785   0.00812356    0.0088118     0.486759
IMAGINARY
          0  -0.0206259 -0.00599201   0.0100247
  0.0206259           0 -0.00803263   0.0292943
 0.00599201  0.00803263           0  -0.0106657
 -0.0100247  -0.0292943   0.0106657           0
Repeater1[0]<--->EndNode1[0]
REAL
   0.479195  -0.0321195   -0.021251    0.306351
 -0.0321195   0.0308725   0.0169472 -0.00492697
  -0.021251   0.0169472   0.0295302   -0.013692
   0.306351 -0.00492697   -0.013692    0.460403
IMAGINARY
           0    0.0173896  -0.00320075    0.0175425
  -0.0173896            0   -0.0274239 -0.000110512
  0.00320075    0.0274239            0    0.0084382
  -0.0175425  0.000110512   -0.0084382            0
Repeater1[0]<--->HoM1[0]
REAL
    0.453972     0.022589    0.0145297     0.328785
    0.022589    0.0277427 -0.000775379    0.0088118
   0.0145297 -0.000775379    0.0315259   0.00812356
    0.328785    0.0088118   0.00812356     0.486759
IMAGINARY
          0 -0.00599201  -0.0206259   0.0100247
 0.00599201           0  0.00803263  -0.0106657
  0.0206259 -0.00803263           0   0.0292943
 -0.0100247   0.0106657  -0.0292943           0
EndNode1[0]<--->Repeater1[0]
REAL
   0.484962 -0.00333278  0.00398707    0.330363
-0.00333278   0.0338346  0.00690755  0.00126227
 0.00398707  0.00690755   0.0288221   0.0164561
   0.330363  0.00126227   0.0164561    0.452381
IMAGINARY
          0   0.0239265   -0.012459   0.0141201
 -0.0239265           0  -0.0210558  -0.0360908
   0.012459   0.0210558           0  0.00949085
 -0.0141201   0.0360908 -0.00949085           0
EndNode2[0]<--->HoM1[0]
REAL
    0.476553 -0.000659235   0.00350525     0.297869
-0.000659235    0.0291508    0.0200917   -0.0180684
  0.00350525    0.0200917    0.0392902    0.0055136
    0.297869   -0.0180684    0.0055136     0.455006
IMAGINARY
           0   0.00327226  -0.00394574   0.00810859
 -0.00327226            0    0.0195959   0.00067777
  0.00394574   -0.0195959            0 -4.28306e-06
 -0.00810859  -0.00067777  4.28306e-06            0
Repeater1[0]<--->EndNode1[0]
REAL
   0.484962  0.00398707 -0.00333278    0.330363
 0.00398707   0.0288221  0.00690755   0.0164561
-0.00333278  0.00690755   0.0338346  0.00126227
   0.330363   0.0164561  0.00126227    0.452381
IMAGINARY
          0   -0.012459   0.0239265   0.0141201
   0.012459           0   0.0210558  0.00949085
 -0.0239265  -0.0210558           0  -0.0360908
 -0.0141201 -0.00949085   0.0360908           0
Repeater1[0]<--->HoM1[0]
REAL
    0.476553   0.00350525 -0.000659235     0.297869
  0.00350525    0.0392902    0.0200917    0.0055136
-0.000659235    0.0200917    0.0291508   -0.0180684
    0.297869    0.0055136   -0.0180684     0.455006
IMAGINARY
           0  -0.00394574   0.00327226   0.00810859
  0.00394574            0   -0.0195959 -4.28306e-06
 -0.00327226    0.0195959            0   0.00067777
 -0.00810859  4.28306e-06  -0.00067777            0
EndNode1[0]<--->Repeater1[0]
REAL
   0.450462  -0.0178915 -0.00276562     0.30617
 -0.0178915   0.0383091 -0.00335345   0.0110883
-0.00276562 -0.00335345   0.0303831 -0.00451569
    0.30617   0.0110883 -0.00451569    0.480845
IMAGINARY
          0   0.0147636  -0.0170928  0.00619129
 -0.0147636           0   0.0014423  0.00386529
  0.0170928  -0.0014423           0  0.00110946
-0.00619129 -0.00386529 -0.00110946           0
EndNode2[0]<--->HoM1[0]
REAL
   0.473829  -0.0086257  -0.0143639    0.333778
 -0.0086257   0.0220386  -0.0104744 -0.00164124
 -0.0143639  -0.0104744   0.0289256  -0.0048186
   0.333778 -0.00164124  -0.0048186    0.475207
IMAGINARY
          0 -0.00607993  -0.0269967   0.0230826
 0.00607993           0 -0.00219485 -0.00081538
  0.0269967  0.00219485           0   0.0165867
 -0.0230826  0.00081538  -0.0165867           0
Repeater1[0]<--->EndNode1[0]
REAL
   0.450462 -0.00276562  -0.0178915     0.30617
-0.00276562   0.0303831 -0.00335345 -0.00451569
 -0.0178915 -0.00335345   0.0383091   0.0110883
    0.30617 -0.00451569   0.0110883    0.480845
IMAGINARY
          0  -0.0170928   0.0147636  0.00619129
  0.0170928           0  -0.0014423  0.00110946
 -0.0147636   0.0014423           0  0.00386529
-0.00619129 -0.00110946 -0.00386529           0
Repeater1[0]<--->HoM1[0]
REAL
   0.473829  -0.0143639  -0.0086257    0.333778
 -0.0143639   0.0289256  -0.0104744  -0.0048186
 -0.0086257  -0.0104744   0.0220386 -0.00164124
   0.333778  -0.0048186 -0.00164124    0.475207
IMAGINARY
          0  -0.0269967 -0.00607993   0.0230826
  0.0269967           0  0.00219485   0.0165867
 0.00607993 -0.00219485           0 -0.00081538
 -0.0230826  -0.0165867  0.00081538           0
EndNode1[0]<--->Repeater1[0]
REAL
   0.471279   0.0042885 -0.00385259    0.324918
  0.0042885   0.0365535  -0.0018218  0.00262409
-0.00385259  -0.0018218   0.0261097   -0.015345
   0.324918  0.00262409   -0.015345    0.466057
IMAGINARY
          0   0.0102982 -0.00906775   0.0065287
 -0.0102982           0  -0.0187238  0.00702136
 0.00906775   0.0187238           0  -0.0259872
 -0.0065287 -0.00702136   0.0259872           0
EndNode2[0]<--->HoM1[0]
REAL
    0.466498   0.00886173    0.0371425     0.323252
  0.00886173    0.0353982    0.0105079 -5.80527e-05
   0.0371425    0.0105079     0.034134      0.02055
    0.323252 -5.80527e-05      0.02055      0.46397
IMAGINARY
          0  -0.0126158 -0.00992101  -0.0256231
  0.0126158           0 -0.00691342   0.0209743
 0.00992101  0.00691342           0  0.00676404
  0.0256231  -0.0209743 -0.00676404           0
Repeater1[0]<--->EndNode1[0]
REAL
   0.471279 -0.00385259   0.0042885    0.324918
-0.00385259   0.0261097  -0.0018218   -0.015345
  0.0042885  -0.0018218   0.0365535  0.00262409
   0.324918   -0.015345  0.00262409    0.466057
IMAGINARY
          0 -0.00906775   0.0102982   0.0065287
 0.00906775           0   0.0187238  -0.0259872
 -0.0102982  -0.0187238           0  0.00702136
 -0.0065287   0.0259872 -0.00702136           0
Repeater1[0]<--->HoM1[0]
REAL
    0.466498    0.0371425   0.00886173     0.323252
   0.0371425     0.034134    0.0105079      0.02055
  0.00886173    0.0105079    0.0353982 -5.80527e-05
    0.323252      0.02055 -5.80527e-05      0.46397
IMAGINARY
          0 -0.00992101  -0.0126158  -0.0256231
 0.00992101           0  0.00691342  0.00676404
  0.0126158 -0.00691342           0   0.0209743
  0.0256231 -0.00676404  -0.0209743           0
EndNode1[0]<--->Repeater1[0]
REAL
   0.471649 0.000138479 -0.00824695    0.299406
0.000138479   0.0296392 -0.00397987  -0.0101774
-0.00824695 -0.00397987   0.0296392 -0.00712704
   0.299406  -0.0101774 -0.00712704    0.469072
IMAGINARY
          0  -0.0134358   0.0175979   0.0248327
  0.0134358           0 -0.00841855   0.0188605
 -0.0175979  0.00841855           0 -0.00869964
 -0.0248327  -0.0188605  0.00869964           0
EndNode2[0]<--->HoM1[0]
REAL
    0.46069   0.0117343   0.0118953    0.329271
  0.0117343   0.0386207 -0.00234823   0.0061335
  0.0118953 -0.00234823   0.0275862   0.0111022
   0.329271   0.0061335   0.0111022    0.473103
IMAGINARY
           0  -0.00566643   0.00354743 -0.000151423
  0.00566643            0   -0.0129719    0.0208742
 -0.00354743    0.0129719            0   -0.0251819
 0.000151423   -0.0208742    0.0251819            0
Repeater1[0]<--->EndNode1[0]
REAL
   0.471649 -0.00824695 0.000138479    0.299406
-0.00824695   0.0296392 -0.00397987 -0.00712704
0.000138479 -0.00397987   0.0296392  -0.0101774
   0.299406 -0.00712704  -0.0101774    0.469072
IMAGINARY
          0   0.0175979  -0.0134358   0.0248327
 -0.0175979           0  0.00841855 -0.00869964
  0.0134358 -0.00841855           0   0.0188605
 -0.0248327  0.00869964  -0.0188605           0
Repeater1[0]<--->HoM1[0]
REAL
    0.46069   0.0118953   0.0117343    0.329271
  0.0118953   0.0275862 -0.00234823   0.0111022
  0.0117343 -0.00234823   0.0386207   0.0061335
   0.329271   0.0111022   0.0061335    0.473103
IMAGINARY
           0   0.00354743  -0.00566643 -0.000151423
 -0.00354743            0    0.0129719   -0.0251819
  0.00566643   -0.0129719            0    0.0208742
 0.000151423    0.0251819   -0.0208742            0
EndNode1[0]<--->Repeater1[0]
REAL
   0.480964 -0.00874703  -0.0226044    0.317399
-0.00874703   0.0304569  0.00597782   0.0044226
 -0.0226044  0.00597782   0.0393401  -0.0120322
   0.317399   0.0044226  -0.0120322    0.449239
IMAGINARY
          0  0.00384253 -0.00953255 -0.00561475
-0.00384253           0 -0.00180765  0.00355645
 0.00953255  0.00180765           0   0.0154138
 0.00561475 -0.00355645  -0.0154138           0
EndNode2[0]<--->HoM1[0]
REAL
    0.491566   -0.0220781   -0.0116255     0.326162
  -0.0220781    0.0373494  -0.00454704  -0.00139533
  -0.0116255  -0.00454704    0.0313253 -5.73456e-05
    0.326162  -0.00139533 -5.73456e-05     0.439759
IMAGINARY
          0   3.481e-05   0.0130573  -0.0066703
 -3.481e-05           0  0.00295743  -0.0104326
 -0.0130573 -0.00295743           0 -0.00659649
  0.0066703   0.0104326  0.00659649           0
Repeater1[0]<--->EndNode1[0]
REAL
   0.480964  -0.0226044 -0.00874703    0.317399
 -0.0226044   0.0393401  0.00597782  -0.0120322
-0.00874703  0.00597782   0.0304569   0.0044226
   0.317399  -0.0120322   0.0044226    0.449239
IMAGINARY
          0 -0.00953255  0.00384253 -0.00561475
 0.00953255           0  0.00180765   0.0154138
-0.00384253 -0.00180765           0  0.00355645
 0.00561475  -0.0154138 -0.00355645           0
Repeater1[0]<--->HoM1[0]
REAL
    0.491566   -0.0116255   -0.0220781     0.326162
  -0.0116255    0.0313253  -0.00454704 -5.73456e-05
  -0.0220781  -0.00454704    0.0373494  -0.00139533
    0.326162 -5.73456e-05  -0.00139533     0.439759
IMAGINARY
          0   0.0130573   3.481e-05  -0.0066703
 -0.0130573           0 -0.00295743 -0.00659649
 -3.481e-05  0.00295743           0  -0.0104326
  0.0066703  0.00659649   0.0104326           0
EndNode1[0]<--->Repeater1[0]
REAL
    0.47004    -0.01532  -0.0250252     0.31243
   -0.01532   0.0292943  0.00564115 -0.00366837
 -0.0250252  0.00564115   0.0319574  0.00494146
    0.31243 -0.00366837  0.00494146    0.468708
IMAGINARY
          0 -0.00226826  -0.0215405  -0.0116623
 0.00226826           0 -0.00849374 -0.00456919
  0.0215405  0.00849374           0 -0.00034271
  0.0116623  0.00456919  0.00034271           0
EndNode2[0]<--->HoM1[0]
REAL
  0.428205   0.027733 0.00398053   0.308932
  0.027733  0.0282051  0.0126823  0.0207591
0.00398053  0.0126823  0.0294872 -0.0225247
  0.308932  0.0207591 -0.0225247   0.514103
IMAGINARY
           0    0.0170408   0.00512175  0.000906899
  -0.0170408            0    0.0266522  -0.00137175
 -0.00512175   -0.0266522            0  0.000459184
-0.000906899   0.00137175 -0.000459184            0
Repeater1[0]<--->EndNode1[0]
REAL
    0.47004  -0.0250252    -0.01532     0.31243
 -0.0250252   0.0319574  0.00564115  0.00494146
   -0.01532  0.00564115   0.0292943 -0.00366837
    0.31243  0.00494146 -0.00366837    0.468708
IMAGINARY
          0  -0.0215405 -0.00226826  -0.0116623
  0.0215405           0  0.00849374 -0.00034271
 0.00226826 -0.00849374           0 -0.00456919
  0.0116623  0.00034271  0.00456919           0
Repeater1[0]<--->HoM1[0]
REAL
  0.428205 0.00398053   0.027733   0.308932
0.00398053  0.0294872  0.0126823 -0.0225247
  0.027733  0.0126823  0.0282051  0.0207591
  0.308932 -0.0225247  0.0207591   0.514103
IMAGINARY
           0   0.00512175    0.0170408  0.000906899
 -0.00512175            0   -0.0266522  0.000459184
  -0.0170408    0.0266522            0  -0.00137175
-0.000906899 -0.000459184   0.00137175            0
EndNode1[0]<--->Repeater1[0]
REAL
    0.4775 0.00917608 0.00132186   0.312225
0.00917608      0.035  0.0106053 0.00521797
0.00132186  0.0106053     0.0325 0.00330906
  0.312225 0.00521797 0.00330906      0.455
IMAGINARY
          0  -0.0163081  0.00169235  0.00914925
  0.0163081           0  -0.0144826  0.00438052
-0.00169235   0.0144826           0  0.00348757
-0.00914925 -0.00438052 -0.00348757           0
EndNode2[0]<--->HoM1[0]
REAL
    0.472919  -0.00994007   0.00447701     0.299882
 -0.00994007    0.0290621  -0.00681941  -0.00208467
  0.00447701  -0.00681941    0.0250991 -0.000825483
    0.299882  -0.00208467 -0.000825483     0.472919
IMAGINARY
          0  -0.0204647  0.00675593   -0.018084
  0.0204647           0  0.00823179 -0.00804459
-0.00675593 -0.00823179           0  0.00886679
   0.018084  0.00804459 -0.00886679           0
Repeater1[0]<--->EndNode1[0]
REAL
    0.4775 0.00132186 0.00917608   0.312225
0.00132186     0.0325  0.0106053 0.00330906
0.00917608  0.0106053      0.035 0.00521797
  0.312225 0.00330906 0.00521797      0.455
IMAGINARY
          0  0.00169235  -0.0163081  0.00914925
-0.00169235           0   0.0144826  0.00348757
  0.0163081  -0.0144826           0  0.00438052
-0.00914925 -0.00348757 -0.00438052           0
Repeater1[0]<--->HoM1[0]
REAL
    0.472919   0.00447701  -0.00994007     0.299882
  0.00447701    0.0250991  -0.00681941 -0.000825483
 -0.00994007  -0.00681941    0.0290621  -0.00208467
    0.299882 -0.000825483  -0.00208467     0.472919
IMAGINARY
          0  0.00675593  -0.0204647   -0.018084
-0.00675593           0 -0.00823179  0.00886679
  0.0204647  0.00823179           0 -0.00804459
   0.018084 -0.00886679  0.00804459           0
EndNode1[0]<--->Repeater1[0]
REAL
  0.477115 0.00388491  0.0120359   0.322577
0.00388491  0.0346741 -0.0004995  0.0152369
 0.0120359 -0.0004995  0.0277393  0.0272839
  0.322577  0.0152369  0.0272839   0.460472
IMAGINARY
           0    0.0179589  0.000527998  3.11429e-05
  -0.0179589            0   -0.0100903   -0.0120665
-0.000527998    0.0100903            0   -0.0243691
-3.11429e-05    0.0120665    0.0243691            0
EndNode2[0]<--->HoM1[0]
REAL
   0.478261   0.0121433  0.00272515    0.313486
  0.0121433   0.0306905  -0.0132334   0.0168703
 0.00272515  -0.0132334   0.0319693 -0.00519005
   0.313486   0.0168703 -0.00519005    0.459079
IMAGINARY
           0  -0.00331039  -0.00997249  -0.00160389
  0.00331039            0   -0.0108144       0.0232
  0.00997249    0.0108144            0 -0.000657867
  0.00160389      -0.0232  0.000657867            0
Repeater1[0]<--->EndNode1[0]
REAL
  0.477115  0.0120359 0.00388491   0.322577
 0.0120359  0.0277393 -0.0004995  0.0272839
0.00388491 -0.0004995  0.0346741  0.0152369
  0.322577  0.0272839  0.0152369   0.460472
IMAGINARY
           0  0.000527998    0.0179589  3.11429e-05
-0.000527998            0    0.0100903   -0.0243691
  -0.0179589   -0.0100903            0   -0.0120665
-3.11429e-05    0.0243691    0.0120665            0
Repeater1[0]<--->HoM1[0]
REAL
   0.478261  0.00272515   0.0121433    0.313486
 0.00272515   0.0319693  -0.0132334 -0.00519005
  0.0121433  -0.0132334   0.0306905   0.0168703
   0.313486 -0.00519005   0.0168703    0.459079
IMAGINARY
           0  -0.00997249  -0.00331039  -0.00160389
  0.00997249            0    0.0108144 -0.000657867
  0.00331039   -0.0108144            0       0.0232
  0.00160389  0.000657867      -0.0232            0
EndNode1[0]<--->Repeater1[0]
REAL
  0.488981 -0.0110201 0.00709505    0.32448
-0.0110201   0.030303 0.00323042  0.0182062
0.00709505 0.00323042  0.0206612  0.0134298
   0.32448  0.0182062  0.0134298   0.460055
IMAGINARY
          0  0.00291722 -0.00200399  0.00170397
-0.00291722           0 -0.00507779 -0.00799601
 0.00200399  0.00507779           0   0.0108328
-0.00170397  0.00799601  -0.0108328           0
EndNode2[0]<--->HoM1[0]
REAL
   0.484768 -0.00175831 -0.00902123    0.324456
-0.00175831   0.0304636  0.00842445  -0.0222288
-0.00902123  0.00842445   0.0423841 -0.00911125
   0.324456  -0.0222288 -0.00911125    0.442384
IMAGINARY
           0    0.0115247   0.00441252    0.0160368
  -0.0115247            0  0.000652152   0.00807106
 -0.00441252 -0.000652152            0   -0.0240083
  -0.0160368  -0.00807106    0.0240083            0
Repeater1[0]<--->EndNode1[0]
REAL
  0.488981 0.00709505 -0.0110201    0.32448
0.00709505  0.0206612 0.00323042  0.0134298
-0.0110201 0.00323042   0.030303  0.0182062
   0.32448  0.0134298  0.0182062   0.460055
IMAGINARY
          0 -0.00200399  0.00291722  0.00170397
 0.00200399           0  0.00507779   0.0108328
-0.00291722 -0.00507779           0 -0.00799601
-0.00170397  -0.0108328  0.00799601           0
Repeater1[0]<--->HoM1[0]
REAL
   0.484768 -0.00902123 -0.00175831    0.324456
-0.00902123   0.0423841  0.00842445 -0.00911125
-0.00175831  0.00842445   0.0304636  -0.0222288
   0.324456 -0.00911125  -0.0222288    0.442384
IMAGINARY
           0   0.00441252    0.0115247    0.0160368
 -0.00441252            0 -0.000652152   -0.0240083
  -0.0115247  0.000652152            0   0.00807106
  -0.0160368    0.0240083  -0.00807106            0
EndNode1[0]<--->Repeater1[0]
REAL
   0.421376  0.00873262 -0.00913405    0.304733
 0.00873262   0.0405405  0.00686093  0.00792632
-0.00913405  0.00686093    0.029484  -0.0123558
   0.304733  0.00792632  -0.0123558      0.5086
IMAGINARY
          0 -0.00740741  0.00177247 -0.00197059
 0.00740741           0 -0.00068193   0.0115254
-0.00177247  0.00068193           0  0.00740741
 0.00197059  -0.0115254 -0.00740741           0
EndNode2[0]<--->HoM1[0]
REAL
    0.46988  -0.0109141   -0.012684    0.312731
 -0.0109141   0.0254351 -0.00269558  0.00611295
  -0.012684 -0.00269558   0.0294511 -0.00640964
   0.312731  0.00611295 -0.00640964    0.475234
IMAGINARY
          0 -0.00268956  0.00858299   0.0169935
 0.00268956           0  -0.0124183    0.014833
-0.00858299   0.0124183           0 -0.00144267
 -0.0169935   -0.014833  0.00144267           0
Repeater1[0]<--->EndNode1[0]
REAL
   0.421376 -0.00913405  0.00873262    0.304733
-0.00913405    0.029484  0.00686093  -0.0123558
 0.00873262  0.00686093   0.0405405  0.00792632
   0.304733  -0.0123558  0.00792632      0.5086
IMAGINARY
          0  0.00177247 -0.00740741 -0.00197059
-0.00177247           0  0.00068193  0.00740741
 0.00740741 -0.00068193           0   0.0115254
 0.00197059 -0.00740741  -0.0115254           0
Repeater1[0]<--->HoM1[0]
REAL
    0.46988   -0.012684  -0.0109141    0.312731
  -0.012684   0.0294511 -0.00269558 -0.00640964
 -0.0109141 -0.00269558   0.0254351  0.00611295
   0.312731 -0.00640964  0.00611295    0.475234
IMAGINARY
          0  0.00858299 -0.00268956   0.0169935
-0.00858299           0   0.0124183 -0.00144267
 0.00268956  -0.0124183           0    0.014833
 -0.0169935  0.00144267   -0.014833           0
EndNode1[0]<--->Repeater1[0]
REAL
    0.47673  -0.0258278  -0.0222681    0.322683
 -0.0258278   0.0289308   0.0216693  -0.0121671
 -0.0222681   0.0216693   0.0301887 -0.00998492
   0.322683  -0.0121671 -0.00998492    0.464151
IMAGINARY
          0  0.00766107  -0.0146111  -0.0116417
-0.00766107           0   0.0161003  0.00764023
  0.0146111  -0.0161003           0  -0.0146319
  0.0116417 -0.00764023   0.0146319           0
EndNode2[0]<--->HoM1[0]
REAL
     0.42328 -0.000781282   0.00903394     0.318073
-0.000781282     0.021164    0.0100927   0.00130198
  0.00903394    0.0100927     0.026455    0.0201611
    0.318073   0.00130198    0.0201611     0.529101
IMAGINARY
          0  -0.0308024   0.0222405 -0.00281192
  0.0308024           0 -0.00478301  0.00643776
 -0.0222405  0.00478301           0 -0.00535715
 0.00281192 -0.00643776  0.00535715           0
Repeater1[0]<--->EndNode1[0]
REAL
    0.47673  -0.0222681  -0.0258278    0.322683
 -0.0222681   0.0301887   0.0216693 -0.00998492
 -0.0258278   0.0216693   0.0289308  -0.0121671
   0.322683 -0.00998492  -0.0121671    0.464151
IMAGINARY
          0  -0.0146111  0.00766107  -0.0116417
  0.0146111           0  -0.0161003  -0.0146319
-0.00766107   0.0161003           0  0.00764023
  0.0116417   0.0146319 -0.00764023           0
Repeater1[0]<--->HoM1[0]
REAL
     0.42328   0.00903394 -0.000781282     0.318073
  0.00903394     0.026455    0.0100927    0.0201611
-0.000781282    0.0100927     0.021164   0.00130198
    0.318073    0.0201611   0.00130198     0.529101
IMAGINARY
          0   0.0222405  -0.0308024 -0.00281192
 -0.0222405           0  0.00478301 -0.00535715
  0.0308024 -0.00478301           0  0.00643776
 0.00281192  0.00535715 -0.00643776           0
EndNode1[0]<--->Repeater1[0]
REAL
  0.484772  0.0257385  0.0129203   0.322214
 0.0257385  0.0266497 0.00705436  0.0172466
 0.0129203 0.00705436  0.0215736   0.018549
  0.322214  0.0172466   0.018549   0.467005
IMAGINARY
          0   0.0104362   0.0144767 -0.00641404
 -0.0104362           0  -0.0013379  -0.0171362
 -0.0144767   0.0013379           0 -0.00644688
 0.00641404   0.0171362  0.00644688           0
EndNode2[0]<--->HoM1[0]
REAL
   0.474619  0.00311469   0.0164425    0.322198
 0.00311469   0.0304569 -0.00140945  -0.0361557
  0.0164425 -0.00140945   0.0241117  -0.0204385
   0.322198  -0.0361557  -0.0204385    0.470812
IMAGINARY
          0   0.0214658  -0.0110999 -0.00691471
 -0.0214658           0  -0.0147069  -0.0286879
  0.0110999   0.0147069           0   0.0169958
 0.00691471   0.0286879  -0.0169958           0
Repeater1[0]<--->EndNode1[0]
REAL
  0.484772  0.0129203  0.0257385   0.322214
 0.0129203  0.0215736 0.00705436   0.018549
 0.0257385 0.00705436  0.0266497  0.0172466
  0.322214   0.018549  0.0172466   0.467005
IMAGINARY
          0   0.0144767   0.0104362 -0.00641404
 -0.0144767           0   0.0013379 -0.00644688
 -0.0104362  -0.0013379           0  -0.0171362
 0.00641404  0.00644688   0.0171362           0
Repeater1[0]<--->HoM1[0]
REAL
   0.474619   0.0164425  0.00311469    0.322198
  0.0164425   0.0241117 -0.00140945  -0.0204385
 0.00311469 -0.00140945   0.0304569  -0.0361557
   0.322198  -0.0204385  -0.0361557    0.470812
IMAGINARY
          0  -0.0110999   0.0214658 -0.00691471
  0.0110999           0   0.0147069   0.0169958
 -0.0214658  -0.0147069           0  -0.0286879
 0.00691471  -0.0169958   0.0286879           0
EndNode1[0]<--->Repeater1[0]
REAL
    0.45977  0.00037569  0.00787213     0.29133
 0.00037569   0.0319285 -0.00552485  0.00416843
 0.00787213 -0.00552485   0.0293742 -0.00227683
    0.29133  0.00416843 -0.00227683    0.478927
IMAGINARY
           0 -0.000997874   0.00783402   0.00428629
 0.000997874            0    0.0062678   0.00330621
 -0.00783402   -0.0062678            0    -0.011453
 -0.00428629  -0.00330621     0.011453            0
EndNode2[0]<--->HoM1[0]
REAL
   0.460154  -0.0126269 -0.00260329    0.325236
 -0.0126269   0.0359897   0.0176406 0.000605953
-0.00260329   0.0176406   0.0308483  0.00264025
   0.325236 0.000605953  0.00264025    0.473008
IMAGINARY
          0  0.00183298  0.00222912 -0.00159213
-0.00183298           0 -0.00611995  0.00663164
-0.00222912  0.00611995           0  0.00702778
 0.00159213 -0.00663164 -0.00702778           0
Repeater1[0]<--->EndNode1[0]
REAL
    0.45977  0.00787213  0.00037569     0.29133
 0.00787213   0.0293742 -0.00552485 -0.00227683
 0.00037569 -0.00552485   0.0319285  0.00416843
    0.29133 -0.00227683  0.00416843    0.478927
IMAGINARY
           0   0.00783402 -0.000997874   0.00428629
 -0.00783402            0   -0.0062678    -0.011453
 0.000997874    0.0062678            0   0.00330621
 -0.00428629     0.011453  -0.00330621            0
Repeater1[0]<--->HoM1[0]
REAL
   0.460154 -0.00260329  -0.0126269    0.325236
-0.00260329   0.0308483   0.0176406  0.00264025
 -0.0126269   0.0176406   0.0359897 0.000605953
   0.325236  0.00264025 0.000605953    0.473008
IMAGINARY
          0  0.00222912  0.00183298 -0.00159213
-0.00222912           0  0.00611995  0.00702778
-0.00183298 -0.00611995           0  0.00663164
 0.00159213 -0.00702778 -0.00663164           0
EndNode1[0]<--->Repeater1[0]
REAL
   0.461055  0.00608516  -0.0290394    0.323615
 0.00608516   0.0201005   0.0034335  0.00108105
 -0.0290394   0.0034335    0.031407 -0.00673535
   0.323615  0.00108105 -0.00673535    0.487437
IMAGINARY
          0  -0.0102257  0.00325141  -0.0119053
  0.0102257           0 -0.00212533  0.00515738
