EndNode1[0]<--->Repeater1[0]
REAL
  0.401015 0.00325061  -0.013581   0.287832
0.00325061  0.0951777  0.0409967 -0.0179505
 -0.013581  0.0409967  0.0926396 -0.0257731
  0.287832 -0.0179505 -0.0257731   0.411168
IMAGINARY
         0 -0.0170702  0.0137144 -0.0173781
 0.0170702          0 -0.0116456 -0.0200435
-0.0137144  0.0116456          0  0.0132728
 0.0173781  0.0200435 -0.0132728          0
EndNode2[0]<--->HoM1[0]
REAL
    0.420915 -0.000210027   0.00375442     0.289055
-0.000210027     0.103268    0.0213535   0.00306094
  0.00375442    0.0213535    0.0954248   0.00826455
    0.289055   0.00306094   0.00826455     0.380392
IMAGINARY
          0   0.0158977  0.00417843  -0.0205568
 -0.0158977           0  0.00505294 -0.00231508
-0.00417843 -0.00505294           0 -0.00161201
  0.0205568  0.00231508  0.00161201           0
Repeater1[0]<--->EndNode1[0]
REAL
  0.401015  -0.013581 0.00325061   0.287832
 -0.013581  0.0926396  0.0409967 -0.0257731
0.00325061  0.0409967  0.0951777 -0.0179505
  0.287832 -0.0257731 -0.0179505   0.411168
IMAGINARY
         0  0.0137144 -0.0170702 -0.0173781
-0.0137144          0  0.0116456  0.0132728
 0.0170702 -0.0116456          0 -0.0200435
 0.0173781 -0.0132728  0.0200435          0
Repeater1[0]<--->HoM1[0]
REAL
    0.420915   0.00375442 -0.000210027     0.289055
  0.00375442    0.0954248    0.0213535   0.00826455
-0.000210027    0.0213535     0.103268   0.00306094
    0.289055   0.00826455   0.00306094     0.380392
IMAGINARY
          0  0.00417843   0.0158977  -0.0205568
-0.00417843           0 -0.00505294 -0.00161201
 -0.0158977  0.00505294           0 -0.00231508
  0.0205568  0.00161201  0.00231508           0
EndNode1[0]<--->Repeater1[0]
REAL
 0.412153 0.0182886 0.0173875  0.268202
0.0182886 0.0977543   0.02011  0.011184
0.0173875   0.02011 0.0937913  0.014179
 0.268202  0.011184  0.014179  0.396301
IMAGINARY
          0  0.00989003  -0.0150484  0.00312419
-0.00989003           0  -0.0111987 -0.00276335
  0.0150484   0.0111987           0  -0.0149791
-0.00312419  0.00276335   0.0149791           0
EndNode2[0]<--->HoM1[0]
REAL
    0.435065 -0.000113985    0.0139499     0.292041
-0.000113985    0.0909091    0.0417189  -0.00883486
   0.0139499    0.0417189     0.074026   0.00267153
    0.292041  -0.00883486   0.00267153          0.4
IMAGINARY
          0  0.00705008  -0.0105944  0.00955074
-0.00705008           0   0.0177682  -0.0157892
  0.0105944  -0.0177682           0   0.0322035
-0.00955074   0.0157892  -0.0322035           0
Repeater1[0]<--->EndNode1[0]
REAL
 0.412153 0.0173875 0.0182886  0.268202
0.0173875 0.0937913   0.02011  0.014179
0.0182886   0.02011 0.0977543  0.011184
 0.268202  0.014179  0.011184  0.396301
IMAGINARY
          0  -0.0150484  0.00989003  0.00312419
  0.0150484           0   0.0111987  -0.0149791
-0.00989003  -0.0111987           0 -0.00276335
-0.00312419   0.0149791  0.00276335           0
Repeater1[0]<--->HoM1[0]
REAL
    0.435065    0.0139499 -0.000113985     0.292041
   0.0139499     0.074026    0.0417189   0.00267153
-0.000113985    0.0417189    0.0909091  -0.00883486
    0.292041   0.00267153  -0.00883486          0.4
IMAGINARY
          0  -0.0105944  0.00705008  0.00955074
  0.0105944           0  -0.0177682   0.0322035
-0.00705008   0.0177682           0  -0.0157892
-0.00955074  -0.0322035   0.0157892           0
EndNode1[0]<--->Repeater1[0]
REAL
  0.420786 -0.0240915 -0.0121608   0.289138
-0.0240915  0.0887199  0.0317571 -0.0224389
-0.0121608  0.0317571   0.095057 -0.0132219
  0.289138 -0.0224389 -0.0132219   0.395437
IMAGINARY
          0  0.00449967  -0.0353087   0.0246103
-0.00449967           0 -0.00594882    -0.01283
  0.0353087  0.00594882           0  0.00384436
 -0.0246103     0.01283 -0.00384436           0
EndNode2[0]<--->HoM1[0]
REAL
   0.412304  -0.0163062 -0.00241462    0.277444
 -0.0163062    0.102094   0.0233862  0.00863869
-0.00241462   0.0233862   0.0798429 0.000400248
   0.277444  0.00863869 0.000400248    0.405759
IMAGINARY
          0  0.00358565   0.0197514  -0.0228635
-0.00358565           0  0.00739962   0.0170776
 -0.0197514 -0.00739962           0 -0.00920363
  0.0228635  -0.0170776  0.00920363           0
Repeater1[0]<--->EndNode1[0]
REAL
  0.420786 -0.0121608 -0.0240915   0.289138
-0.0121608   0.095057  0.0317571 -0.0132219
-0.0240915  0.0317571  0.0887199 -0.0224389
  0.289138 -0.0132219 -0.0224389   0.395437
IMAGINARY
          0  -0.0353087  0.00449967   0.0246103
  0.0353087           0  0.00594882  0.00384436
-0.00449967 -0.00594882           0    -0.01283
 -0.0246103 -0.00384436     0.01283           0
Repeater1[0]<--->HoM1[0]
REAL
   0.412304 -0.00241462  -0.0163062    0.277444
-0.00241462   0.0798429   0.0233862 0.000400248
 -0.0163062   0.0233862    0.102094  0.00863869
   0.277444 0.000400248  0.00863869    0.405759
IMAGINARY
          0   0.0197514  0.00358565  -0.0228635
 -0.0197514           0 -0.00739962 -0.00920363
-0.00358565  0.00739962           0   0.0170776
  0.0228635  0.00920363  -0.0170776           0
EndNode1[0]<--->Repeater1[0]
REAL
     0.395  0.0209653 0.00292588   0.290917
 0.0209653    0.10875  0.0478343 0.00292588
0.00292588  0.0478343    0.11125 -0.0047104
  0.290917 0.00292588 -0.0047104      0.385
IMAGINARY
          0 -0.00869422   0.0110044   0.0122402
 0.00869422           0  -0.0108961 -0.00375807
 -0.0110044   0.0108961           0  0.00276537
 -0.0122402  0.00375807 -0.00276537           0
EndNode2[0]<--->HoM1[0]
REAL
   0.386973  -0.0111817  0.00257732    0.277479
 -0.0111817   0.0945083   0.0389769 -0.00257732
 0.00257732   0.0389769   0.0906769  0.00738424
   0.277479 -0.00257732  0.00738424    0.427842
IMAGINARY
          0  0.00550761  -0.0173793  0.00945524
-0.00550761           0 -0.00363377  -0.0148152
  0.0173793  0.00363377           0  0.00171973
-0.00945524   0.0148152 -0.00171973           0
Repeater1[0]<--->EndNode1[0]
REAL
     0.395 0.00292588  0.0209653   0.290917
0.00292588    0.11125  0.0478343 -0.0047104
 0.0209653  0.0478343    0.10875 0.00292588
  0.290917 -0.0047104 0.00292588      0.385
IMAGINARY
          0   0.0110044 -0.00869422   0.0122402
 -0.0110044           0   0.0108961  0.00276537
 0.00869422  -0.0108961           0 -0.00375807
 -0.0122402 -0.00276537  0.00375807           0
Repeater1[0]<--->HoM1[0]
REAL
   0.386973  0.00257732  -0.0111817    0.277479
 0.00257732   0.0906769   0.0389769  0.00738424
 -0.0111817   0.0389769   0.0945083 -0.00257732
   0.277479  0.00738424 -0.00257732    0.427842
IMAGINARY
          0  -0.0173793  0.00550761  0.00945524
  0.0173793           0  0.00363377  0.00171973
-0.00550761 -0.00363377           0  -0.0148152
-0.00945524 -0.00171973   0.0148152           0
EndNode1[0]<--->Repeater1[0]
REAL
     0.42454 -0.000571445    0.0120104     0.272631
-0.000571445    0.0871166    0.0174762   -0.0133473
   0.0120104    0.0174762    0.0932515    0.0139404
    0.272631   -0.0133473    0.0139404     0.395092
IMAGINARY
          0   0.0126183   -0.010683   0.0110606
 -0.0126183           0  0.00856055  0.00681701
   0.010683 -0.00856055           0   0.0170208
 -0.0110606 -0.00681701  -0.0170208           0
EndNode2[0]<--->HoM1[0]
REAL
       0.4 0.00841283 0.00390528   0.314887
0.00841283  0.0963415  0.0247479 0.00456929
0.00390528  0.0247479   0.097561  0.0117958
  0.314887 0.00456929  0.0117958   0.406098
IMAGINARY
          0  0.00638441 -0.00962286 -0.00428162
-0.00638441           0  -0.0113239  0.00899075
 0.00962286   0.0113239           0  0.00183304
 0.00428162 -0.00899075 -0.00183304           0
Repeater1[0]<--->EndNode1[0]
REAL
     0.42454    0.0120104 -0.000571445     0.272631
   0.0120104    0.0932515    0.0174762    0.0139404
-0.000571445    0.0174762    0.0871166   -0.0133473
    0.272631    0.0139404   -0.0133473     0.395092
IMAGINARY
          0   -0.010683   0.0126183   0.0110606
   0.010683           0 -0.00856055   0.0170208
 -0.0126183  0.00856055           0  0.00681701
 -0.0110606  -0.0170208 -0.00681701           0
Repeater1[0]<--->HoM1[0]
REAL
       0.4 0.00390528 0.00841283   0.314887
0.00390528   0.097561  0.0247479  0.0117958
0.00841283  0.0247479  0.0963415 0.00456929
  0.314887  0.0117958 0.00456929   0.406098
IMAGINARY
          0 -0.00962286  0.00638441 -0.00428162
 0.00962286           0   0.0113239  0.00183304
-0.00638441  -0.0113239           0  0.00899075
 0.00428162 -0.00183304 -0.00899075           0
EndNode1[0]<--->Repeater1[0]
REAL
   0.398496 -0.00185176  0.00088804    0.273949
-0.00185176    0.102757   0.0239486  0.00495308
 0.00088804   0.0239486    0.085213 -0.00983048
   0.273949  0.00495308 -0.00983048    0.413534
IMAGINARY
          0  -0.0252669  0.00734031 -0.00371392
  0.0252669           0   0.0146534   0.0171442
-0.00734031  -0.0146534           0  -0.0146816
 0.00371392  -0.0171442   0.0146816           0
EndNode2[0]<--->HoM1[0]
REAL
   0.409574 -0.00551448 -0.00870157    0.281819
-0.00551448   0.0930851   0.0552461   0.0149205
-0.00870157   0.0552461   0.0957447  0.00302692
   0.281819   0.0149205  0.00302692    0.401596
IMAGINARY
          0   0.0183755   0.0128494  0.00108196
 -0.0183755           0  0.00832833  0.00961527
 -0.0128494 -0.00832833           0  -0.0138826
-0.00108196 -0.00961527   0.0138826           0
Repeater1[0]<--->EndNode1[0]
REAL
   0.398496  0.00088804 -0.00185176    0.273949
 0.00088804    0.085213   0.0239486 -0.00983048
-0.00185176   0.0239486    0.102757  0.00495308
   0.273949 -0.00983048  0.00495308    0.413534
IMAGINARY
          0  0.00734031  -0.0252669 -0.00371392
-0.00734031           0  -0.0146534  -0.0146816
  0.0252669   0.0146534           0   0.0171442
 0.00371392   0.0146816  -0.0171442           0
Repeater1[0]<--->HoM1[0]
REAL
   0.409574 -0.00870157 -0.00551448    0.281819
-0.00870157   0.0957447   0.0552461  0.00302692
-0.00551448   0.0552461   0.0930851   0.0149205
   0.281819  0.00302692   0.0149205    0.401596
IMAGINARY
          0   0.0128494   0.0183755  0.00108196
 -0.0128494           0 -0.00832833  -0.0138826
 -0.0183755  0.00832833           0  0.00961527
-0.00108196   0.0138826 -0.00961527           0
EndNode1[0]<--->Repeater1[0]
REAL
   0.388451  0.00233742 0.000750454    0.292919
 0.00233742    0.120735   0.0419559   0.0104781
0.000750454   0.0419559   0.0958005   0.0049281
   0.292919   0.0104781   0.0049281    0.395013
IMAGINARY
          0   0.0109914  -0.0121394  0.00566038
 -0.0109914           0  0.00125786 -0.00904155
  0.0121394 -0.00125786           0   -0.025754
-0.00566038  0.00904155    0.025754           0
EndNode2[0]<--->HoM1[0]
REAL
   0.386816   0.0211717 -0.00841685    0.287634
  0.0211717    0.104478   0.0166316 -0.00350285
-0.00841685   0.0166316   0.0845771  -0.0255632
   0.287634 -0.00350285  -0.0255632    0.424129
IMAGINARY
          0  -0.0135501  0.00806069  -0.0156253
  0.0135501           0   0.0044264  -0.0175458
-0.00806069  -0.0044264           0  -0.0135501
  0.0156253   0.0175458   0.0135501           0
Repeater1[0]<--->EndNode1[0]
REAL
   0.388451 0.000750454  0.00233742    0.292919
0.000750454   0.0958005   0.0419559   0.0049281
 0.00233742   0.0419559    0.120735   0.0104781
   0.292919   0.0049281   0.0104781    0.395013
IMAGINARY
          0  -0.0121394   0.0109914  0.00566038
  0.0121394           0 -0.00125786   -0.025754
 -0.0109914  0.00125786           0 -0.00904155
-0.00566038    0.025754  0.00904155           0
Repeater1[0]<--->HoM1[0]
REAL
   0.386816 -0.00841685   0.0211717    0.287634
-0.00841685   0.0845771   0.0166316  -0.0255632
  0.0211717   0.0166316    0.104478 -0.00350285
   0.287634  -0.0255632 -0.00350285    0.424129
IMAGINARY
          0  0.00806069  -0.0135501  -0.0156253
-0.00806069           0  -0.0044264  -0.0135501
  0.0135501   0.0044264           0  -0.0175458
  0.0156253   0.0135501   0.0175458           0
EndNode1[0]<--->Repeater1[0]
REAL
   0.423313   0.0128894 -0.00146406     0.27221
  0.0128894   0.0993865   0.0529555   0.0259674
-0.00146406   0.0529555   0.0920245   0.0116139
    0.27221   0.0259674   0.0116139    0.385276
IMAGINARY
          0 -0.00706332    -0.01283  0.00761439
 0.00706332           0  -0.0114804     0.01842
    0.01283   0.0114804           0  0.00147326
-0.00761439    -0.01842 -0.00147326           0
EndNode2[0]<--->HoM1[0]
REAL
    0.416332   -0.0110577  -0.00272651     0.280292
  -0.0110577    0.0963855    0.0365015   -0.0341692
 -0.00272651    0.0365015    0.0990629 -0.000392694
    0.280292   -0.0341692 -0.000392694      0.38822
IMAGINARY
          0   0.0152831  0.00522267 -0.00352096
 -0.0152831           0  -0.0384638  0.00588845
-0.00522267   0.0384638           0 -0.00809354
 0.00352096 -0.00588845  0.00809354           0
Repeater1[0]<--->EndNode1[0]
REAL
   0.423313 -0.00146406   0.0128894     0.27221
-0.00146406   0.0920245   0.0529555   0.0116139
  0.0128894   0.0529555   0.0993865   0.0259674
    0.27221   0.0116139   0.0259674    0.385276
IMAGINARY
          0    -0.01283 -0.00706332  0.00761439
    0.01283           0   0.0114804  0.00147326
 0.00706332  -0.0114804           0     0.01842
-0.00761439 -0.00147326    -0.01842           0
Repeater1[0]<--->HoM1[0]
REAL
    0.416332  -0.00272651   -0.0110577     0.280292
 -0.00272651    0.0990629    0.0365015 -0.000392694
  -0.0110577    0.0365015    0.0963855   -0.0341692
    0.280292 -0.000392694   -0.0341692      0.38822
IMAGINARY
          0  0.00522267   0.0152831 -0.00352096
-0.00522267           0   0.0384638 -0.00809354
 -0.0152831  -0.0384638           0  0.00588845
 0.00352096  0.00809354 -0.00588845           0
EndNode1[0]<--->Repeater1[0]
REAL
        0.4 0.000378764  0.00732484    0.290608
0.000378764   0.0928105   0.0246784  0.00732484
 0.00732484   0.0246784   0.0993464  0.00280595
   0.290608  0.00732484  0.00280595    0.407843
IMAGINARY
          0   0.0254871 -0.00720566   -0.011003
 -0.0254871           0  -0.0155075 -0.00514805
 0.00720566   0.0155075           0 -0.00793188
   0.011003  0.00514805  0.00793188           0
EndNode2[0]<--->HoM1[0]
REAL
   0.426528  0.00161275  -0.0172109    0.303329
 0.00161275   0.0975293   0.0434345 -0.00194369
 -0.0172109   0.0434345   0.0793238 -0.00227326
   0.303329 -0.00194369 -0.00227326    0.396619
IMAGINARY
           0   -0.0161157    0.0142712   0.00548483
   0.0161157            0   -0.0129848  0.000240631
  -0.0142712    0.0129848            0  -0.00631176
 -0.00548483 -0.000240631   0.00631176            0
Repeater1[0]<--->EndNode1[0]
REAL
        0.4  0.00732484 0.000378764    0.290608
 0.00732484   0.0993464   0.0246784  0.00280595
0.000378764   0.0246784   0.0928105  0.00732484
   0.290608  0.00280595  0.00732484    0.407843
IMAGINARY
          0 -0.00720566   0.0254871   -0.011003
 0.00720566           0   0.0155075 -0.00793188
 -0.0254871  -0.0155075           0 -0.00514805
   0.011003  0.00793188  0.00514805           0
Repeater1[0]<--->HoM1[0]
REAL
   0.426528  -0.0172109  0.00161275    0.303329
 -0.0172109   0.0793238   0.0434345 -0.00227326
 0.00161275   0.0434345   0.0975293 -0.00194369
   0.303329 -0.00227326 -0.00194369    0.396619
IMAGINARY
           0    0.0142712   -0.0161157   0.00548483
  -0.0142712            0    0.0129848  -0.00631176
   0.0161157   -0.0129848            0  0.000240631
 -0.00548483   0.00631176 -0.000240631            0
EndNode1[0]<--->Repeater1[0]
REAL
  0.430263 -0.0072095 -0.0133609   0.286864
-0.0072095  0.0960526  0.0359207 -0.0094239
-0.0133609  0.0359207   0.102632  -0.010512
  0.286864 -0.0094239  -0.010512   0.371053
IMAGINARY
           0  -0.00730143    0.0277182   0.00441479
  0.00730143            0  0.000172366  -0.00822131
  -0.0277182 -0.000172366            0   0.00793036
 -0.00441479   0.00822131  -0.00793036            0
EndNode2[0]<--->HoM1[0]
REAL
   0.419146 -0.00547566 0.000115264    0.293339
-0.00547566   0.0957309   0.0309503   0.0140966
0.000115264   0.0309503   0.0931436 -0.00615225
   0.293339   0.0140966 -0.00615225    0.391979
IMAGINARY
          0   0.0183892  -0.0261285  0.00165984
 -0.0183892           0 -0.00540049  0.00262151
  0.0261285  0.00540049           0    0.011471
-0.00165984 -0.00262151   -0.011471           0
Repeater1[0]<--->EndNode1[0]
REAL
  0.430263 -0.0133609 -0.0072095   0.286864
-0.0133609   0.102632  0.0359207  -0.010512
-0.0072095  0.0359207  0.0960526 -0.0094239
  0.286864  -0.010512 -0.0094239   0.371053
IMAGINARY
           0    0.0277182  -0.00730143   0.00441479
  -0.0277182            0 -0.000172366   0.00793036
  0.00730143  0.000172366            0  -0.00822131
 -0.00441479  -0.00793036   0.00822131            0
Repeater1[0]<--->HoM1[0]
REAL
   0.419146 0.000115264 -0.00547566    0.293339
0.000115264   0.0931436   0.0309503 -0.00615225
-0.00547566   0.0309503   0.0957309   0.0140966
   0.293339 -0.00615225   0.0140966    0.391979
IMAGINARY
          0  -0.0261285   0.0183892  0.00165984
  0.0261285           0  0.00540049    0.011471
 -0.0183892 -0.00540049           0  0.00262151
-0.00165984   -0.011471 -0.00262151           0
EndNode1[0]<--->Repeater1[0]
REAL
   0.419689  0.00379404   0.0135716    0.283667
 0.00379404   0.0971503   0.0371717 -0.00150046
  0.0135716   0.0371717   0.0841969  0.00446518
   0.283667 -0.00150046  0.00446518    0.398964
IMAGINARY
           0  -0.00893915   0.00244373  -0.00913314
  0.00893915            0   0.00203637 -0.000107286
 -0.00244373  -0.00203637            0   -0.0109207
  0.00913314  0.000107286    0.0109207            0
EndNode2[0]<--->HoM1[0]
REAL
   0.412615 -0.00828804  -0.0156741     0.29715
-0.00828804    0.086728   0.0452415 -0.00470635
 -0.0156741   0.0452415   0.0749014 -0.00394022
    0.29715 -0.00470635 -0.00394022    0.425756
IMAGINARY
          0 -0.00385105  0.00439698   0.0207352
 0.00385105           0 -0.00778187 -0.00439698
-0.00439698  0.00778187           0  0.00512331
 -0.0207352  0.00439698 -0.00512331           0
Repeater1[0]<--->EndNode1[0]
REAL
   0.419689   0.0135716  0.00379404    0.283667
  0.0135716   0.0841969   0.0371717  0.00446518
 0.00379404   0.0371717   0.0971503 -0.00150046
   0.283667  0.00446518 -0.00150046    0.398964
IMAGINARY
           0   0.00244373  -0.00893915  -0.00913314
 -0.00244373            0  -0.00203637   -0.0109207
  0.00893915   0.00203637            0 -0.000107286
  0.00913314    0.0109207  0.000107286            0
Repeater1[0]<--->HoM1[0]
REAL
   0.412615  -0.0156741 -0.00828804     0.29715
 -0.0156741   0.0749014   0.0452415 -0.00394022
-0.00828804   0.0452415    0.086728 -0.00470635
    0.29715 -0.00394022 -0.00470635    0.425756
IMAGINARY
          0  0.00439698 -0.00385105   0.0207352
-0.00439698           0  0.00778187  0.00512331
 0.00385105 -0.00778187           0 -0.00439698
 -0.0207352 -0.00512331  0.00439698           0
EndNode1[0]<--->Repeater1[0]
REAL
   0.419437 -0.00650755   0.0156282    0.295584
-0.00650755    0.101023   0.0254688  -0.0340492
  0.0156282   0.0254688   0.0959079  0.00124439
   0.295584  -0.0340492  0.00124439    0.383632
IMAGINARY
          0  -0.0177998 -0.00603512  0.00681945
  0.0177998           0  0.00876497 -0.00226628
 0.00603512 -0.00876497           0  0.00311272
-0.00681945  0.00226628 -0.00311272           0
EndNode2[0]<--->HoM1[0]
REAL
   0.440344   0.0105102 0.000463072    0.299633
  0.0105102   0.0885609   0.0324375  -0.0118267
0.000463072   0.0324375   0.0861009  -0.0130355
   0.299633  -0.0118267  -0.0130355    0.384994
IMAGINARY
           0   -0.0167672  -0.00964187    0.0149553
   0.0167672            0   0.00650117   0.00964187
  0.00964187  -0.00650117            0  0.000894186
  -0.0149553  -0.00964187 -0.000894186            0
Repeater1[0]<--->EndNode1[0]
REAL
   0.419437   0.0156282 -0.00650755    0.295584
  0.0156282   0.0959079   0.0254688  0.00124439
-0.00650755   0.0254688    0.101023  -0.0340492
   0.295584  0.00124439  -0.0340492    0.383632
IMAGINARY
          0 -0.00603512  -0.0177998  0.00681945
 0.00603512           0 -0.00876497  0.00311272
  0.0177998  0.00876497           0 -0.00226628
-0.00681945 -0.00311272  0.00226628           0
Repeater1[0]<--->HoM1[0]
REAL
   0.440344 0.000463072   0.0105102    0.299633
0.000463072   0.0861009   0.0324375  -0.0130355
  0.0105102   0.0324375   0.0885609  -0.0118267
   0.299633  -0.0130355  -0.0118267    0.384994
IMAGINARY
           0  -0.00964187   -0.0167672    0.0149553
  0.00964187            0  -0.00650117  0.000894186
   0.0167672   0.00650117            0   0.00964187
  -0.0149553 -0.000894186  -0.00964187            0
EndNode1[0]<--->Repeater1[0]
REAL
   0.402159  0.00862477   0.0150317    0.260754
 0.00862477   0.0917679     0.02697   0.0169376
  0.0150317     0.02697   0.0809717 -0.00223091
   0.260754   0.0169376 -0.00223091    0.425101
IMAGINARY
          0  0.00572635 -0.00835494 -0.00654294
-0.00572635           0  -0.0167731 -0.00650992
 0.00835494   0.0167731           0 -0.00302365
 0.00654294  0.00650992  0.00302365           0
EndNode2[0]<--->HoM1[0]
REAL
   0.386164   0.0213731 -0.00669922    0.278503
  0.0213731    0.090566   0.0423732  0.00798788
-0.00669922   0.0423732   0.0830189  -0.0213731
   0.278503  0.00798788  -0.0213731    0.440252
IMAGINARY
          0    0.027975  0.00880371  -0.0139931
  -0.027975           0  -0.0152752  0.00946422
-0.00880371   0.0152752           0 -0.00158799
  0.0139931 -0.00946422  0.00158799           0
Repeater1[0]<--->EndNode1[0]
REAL
   0.402159   0.0150317  0.00862477    0.260754
  0.0150317   0.0809717     0.02697 -0.00223091
 0.00862477     0.02697   0.0917679   0.0169376
   0.260754 -0.00223091   0.0169376    0.425101
IMAGINARY
          0 -0.00835494  0.00572635 -0.00654294
 0.00835494           0   0.0167731 -0.00302365
-0.00572635  -0.0167731           0 -0.00650992
 0.00654294  0.00302365  0.00650992           0
Repeater1[0]<--->HoM1[0]
REAL
   0.386164 -0.00669922   0.0213731    0.278503
-0.00669922   0.0830189   0.0423732  -0.0213731
  0.0213731   0.0423732    0.090566  0.00798788
   0.278503  -0.0213731  0.00798788    0.440252
IMAGINARY
          0  0.00880371    0.027975  -0.0139931
-0.00880371           0   0.0152752 -0.00158799
  -0.027975  -0.0152752           0  0.00946422
  0.0139931  0.00158799 -0.00946422           0
EndNode1[0]<--->Repeater1[0]
REAL
    0.40717  0.00165145  -0.0132815     0.28707
 0.00165145   0.0755442   0.0497717 -0.00382375
 -0.0132815   0.0497717    0.104994  -0.0187567
    0.28707 -0.00382375  -0.0187567    0.412292
IMAGINARY
          0 -0.00186661 -0.00357322  -0.0134385
 0.00186661           0 -0.00318204  0.00914943
 0.00357322  0.00318204           0 -0.00123128
  0.0134385 -0.00914943  0.00123128           0
EndNode2[0]<--->HoM1[0]
REAL
  0.426396 0.00132437 -0.0210456   0.281288
0.00132437  0.0875635  0.0228898  0.0158237
-0.0210456  0.0228898  0.0888325  0.0195634
  0.281288  0.0158237  0.0195634   0.397208
IMAGINARY
          0  0.00409764 -0.00727513   0.0168452
-0.00409764           0 -0.00240948  0.00727513
 0.00727513  0.00240948           0  -0.0183095
 -0.0168452 -0.00727513   0.0183095           0
Repeater1[0]<--->EndNode1[0]
REAL
    0.40717  -0.0132815  0.00165145     0.28707
 -0.0132815    0.104994   0.0497717  -0.0187567
 0.00165145   0.0497717   0.0755442 -0.00382375
    0.28707  -0.0187567 -0.00382375    0.412292
IMAGINARY
          0 -0.00357322 -0.00186661  -0.0134385
 0.00357322           0  0.00318204 -0.00123128
 0.00186661 -0.00318204           0  0.00914943
  0.0134385  0.00123128 -0.00914943           0
Repeater1[0]<--->HoM1[0]
REAL
  0.426396 -0.0210456 0.00132437   0.281288
-0.0210456  0.0888325  0.0228898  0.0195634
0.00132437  0.0228898  0.0875635  0.0158237
  0.281288  0.0195634  0.0158237   0.397208
IMAGINARY
          0 -0.00727513  0.00409764   0.0168452
 0.00727513           0  0.00240948  -0.0183095
-0.00409764 -0.00240948           0  0.00727513
 -0.0168452   0.0183095 -0.00727513           0
EndNode1[0]<--->Repeater1[0]
REAL
    0.42764  0.00597654 -0.00589005     0.28371
 0.00597654   0.0938722   0.0347112  0.00589005
-0.00589005   0.0347112   0.0860495  0.00718136
    0.28371  0.00589005  0.00718136    0.392438
IMAGINARY
           0   -0.0203445  0.000692248   -0.0167122
   0.0203445            0   -0.0272975   0.00531576
-0.000692248    0.0272975            0   -0.0123658
   0.0167122  -0.00531576    0.0123658            0
EndNode2[0]<--->HoM1[0]
REAL
  0.416021  0.0151831  0.0326227   0.295832
 0.0151831  0.0865633  0.0461464 -0.0103066
 0.0326227  0.0461464   0.109819  0.0131643
  0.295832 -0.0103066  0.0131643   0.387597
IMAGINARY
          0  -0.0168202  0.00341533  -0.0121144
  0.0168202           0  0.00338952   0.0173394
-0.00341533 -0.00338952           0  -0.0102239
  0.0121144  -0.0173394   0.0102239           0
Repeater1[0]<--->EndNode1[0]
REAL
    0.42764 -0.00589005  0.00597654     0.28371
-0.00589005   0.0860495   0.0347112  0.00718136
 0.00597654   0.0347112   0.0938722  0.00589005
    0.28371  0.00718136  0.00589005    0.392438
IMAGINARY
           0  0.000692248   -0.0203445   -0.0167122
-0.000692248            0    0.0272975   -0.0123658
   0.0203445   -0.0272975            0   0.00531576
   0.0167122    0.0123658  -0.00531576            0
Repeater1[0]<--->HoM1[0]
REAL
  0.416021  0.0326227  0.0151831   0.295832
 0.0326227   0.109819  0.0461464  0.0131643
 0.0151831  0.0461464  0.0865633 -0.0103066
  0.295832  0.0131643 -0.0103066   0.387597
IMAGINARY
          0  0.00341533  -0.0168202  -0.0121144
-0.00341533           0 -0.00338952  -0.0102239
  0.0168202  0.00338952           0   0.0173394
  0.0121144   0.0102239  -0.0173394           0
EndNode1[0]<--->Repeater1[0]
REAL
   0.411765  0.00102684  0.00649035    0.275812
 0.00102684    0.065508   0.0244611 -0.00854233
 0.00649035   0.0244611   0.0802139   0.0270169
   0.275812 -0.00854233   0.0270169    0.442513
IMAGINARY
           0  -0.00269183  -0.00631736   0.00138266
  0.00269183            0   -0.0106077   0.00902006
  0.00631736    0.0106077            0 -1.08688e-05
 -0.00138266  -0.00902006  1.08688e-05            0
EndNode2[0]<--->HoM1[0]
REAL
      0.4047  -0.00356995    -0.025861     0.286062
 -0.00356995    0.0979112    0.0377721 -4.57592e-05
   -0.025861    0.0377721    0.0835509  -0.00420207
    0.286062 -4.57592e-05  -0.00420207     0.413838
IMAGINARY
          0   0.0137153  -0.0292738  -0.0480318
 -0.0137153           0   0.0023558 -0.00971389
  0.0292738  -0.0023558           0 -0.00208744
  0.0480318  0.00971389  0.00208744           0
Repeater1[0]<--->EndNode1[0]
REAL
   0.411765  0.00649035  0.00102684    0.275812
 0.00649035   0.0802139   0.0244611   0.0270169
 0.00102684   0.0244611    0.065508 -0.00854233
   0.275812   0.0270169 -0.00854233    0.442513
IMAGINARY
           0  -0.00631736  -0.00269183   0.00138266
  0.00631736            0    0.0106077 -1.08688e-05
  0.00269183   -0.0106077            0   0.00902006
 -0.00138266  1.08688e-05  -0.00902006            0
Repeater1[0]<--->HoM1[0]
REAL
      0.4047    -0.025861  -0.00356995     0.286062
   -0.025861    0.0835509    0.0377721  -0.00420207
 -0.00356995    0.0377721    0.0979112 -4.57592e-05
    0.286062  -0.00420207 -4.57592e-05     0.413838
IMAGINARY
          0  -0.0292738   0.0137153  -0.0480318
  0.0292738           0  -0.0023558 -0.00208744
 -0.0137153   0.0023558           0 -0.00971389
  0.0480318  0.00208744  0.00971389           0
EndNode1[0]<--->Repeater1[0]
REAL
   0.441099  0.00374564 -0.00891409    0.287902
 0.00374564   0.0798429   0.0290558   0.0203542
-0.00891409   0.0290558   0.0929319  -0.0353742
   0.287902   0.0203542  -0.0353742    0.386126
IMAGINARY
           0    0.0130627   -0.0250208   0.00817257
  -0.0130627            0    0.0158846 -0.000536238
   0.0250208   -0.0158846            0   0.00200938
 -0.00817257  0.000536238  -0.00200938            0
EndNode2[0]<--->HoM1[0]
REAL
  0.409091 0.00120618 -0.0128519   0.294371
0.00120618  0.0883838  0.0420407  0.0036171
-0.0128519  0.0420407   0.102273 -0.0130795
  0.294371  0.0036171 -0.0130795   0.400253
IMAGINARY
          0   0.0204978   0.0104411  0.00391872
 -0.0204978           0   0.0218674  0.00354024
 -0.0104411  -0.0218674           0  0.00280447
-0.00391872 -0.00354024 -0.00280447           0
Repeater1[0]<--->EndNode1[0]
REAL
   0.441099 -0.00891409  0.00374564    0.287902
-0.00891409   0.0929319   0.0290558  -0.0353742
 0.00374564   0.0290558   0.0798429   0.0203542
   0.287902  -0.0353742   0.0203542    0.386126
IMAGINARY
           0   -0.0250208    0.0130627   0.00817257
   0.0250208            0   -0.0158846   0.00200938
  -0.0130627    0.0158846            0 -0.000536238
 -0.00817257  -0.00200938  0.000536238            0
Repeater1[0]<--->HoM1[0]
REAL
  0.409091 -0.0128519 0.00120618   0.294371
-0.0128519   0.102273  0.0420407 -0.0130795
0.00120618  0.0420407  0.0883838  0.0036171
  0.294371 -0.0130795  0.0036171   0.400253
IMAGINARY
          0   0.0104411   0.0204978  0.00391872
 -0.0104411           0  -0.0218674  0.00280447
 -0.0204978   0.0218674           0  0.00354024
-0.00391872 -0.00280447 -0.00354024           0
EndNode1[0]<--->Repeater1[0]
REAL
   0.415094  0.00320888 -0.00936811    0.280648
 0.00320888   0.0842767   0.0263694   0.0100429
-0.00936811   0.0263694   0.0930818  0.00691258
   0.280648   0.0100429  0.00691258    0.407547
IMAGINARY
          0 -0.00986186 -0.00122249  0.00222251
 0.00986186           0 -0.00755585 -0.00122249
 0.00122249  0.00755585           0   0.0013044
-0.00222251  0.00122249  -0.0013044           0
EndNode2[0]<--->HoM1[0]
REAL
  0.437741 0.00652592  0.0217059   0.272364
0.00652592   0.084724  0.0438318  0.0104277
 0.0217059  0.0438318  0.0821566 -0.0116673
  0.272364  0.0104277 -0.0116673   0.395379
IMAGINARY
           0  -0.00559084    0.0112508  -0.00231145
  0.00559084            0   -0.0035709 -0.000170494
  -0.0112508    0.0035709            0    0.0194413
  0.00231145  0.000170494   -0.0194413            0
Repeater1[0]<--->EndNode1[0]
REAL
   0.415094 -0.00936811  0.00320888    0.280648
-0.00936811   0.0930818   0.0263694  0.00691258
 0.00320888   0.0263694   0.0842767   0.0100429
   0.280648  0.00691258   0.0100429    0.407547
IMAGINARY
          0 -0.00122249 -0.00986186  0.00222251
 0.00122249           0  0.00755585   0.0013044
 0.00986186 -0.00755585           0 -0.00122249
-0.00222251  -0.0013044  0.00122249           0
Repeater1[0]<--->HoM1[0]
REAL
  0.437741  0.0217059 0.00652592   0.272364
 0.0217059  0.0821566  0.0438318 -0.0116673
0.00652592  0.0438318   0.084724  0.0104277
  0.272364 -0.0116673  0.0104277   0.395379
IMAGINARY
           0    0.0112508  -0.00559084  -0.00231145
  -0.0112508            0    0.0035709    0.0194413
  0.00559084   -0.0035709            0 -0.000170494
  0.00231145   -0.0194413  0.000170494            0
EndNode1[0]<--->Repeater1[0]
REAL
   0.438119 -0.00550648 -0.00291074    0.291089
-0.00550648    0.102723   0.0277982 -0.00291074
-0.00291074   0.0277982   0.0829208 -0.00290232
   0.291089 -0.00291074 -0.00290232    0.376238
IMAGINARY
          0   0.0150588 -0.00922447  -0.0208023
 -0.0150588           0 -0.00525828  -0.0198895
 0.00922447  0.00525828           0   0.0102577
  0.0208023   0.0198895  -0.0102577           0
EndNode2[0]<--->HoM1[0]
REAL
   0.404908   0.0039127    0.013269    0.295635
  0.0039127    0.105521   0.0319054 -0.00257383
   0.013269   0.0319054    0.104294  -0.0052496
   0.295635 -0.00257383  -0.0052496    0.385276
IMAGINARY
          0  0.00387568 -0.00419901  0.00374079
-0.00387568           0  0.00438929  0.00994613
 0.00419901 -0.00438929           0  -0.0134542
-0.00374079 -0.00994613   0.0134542           0
Repeater1[0]<--->EndNode1[0]
REAL
   0.438119 -0.00291074 -0.00550648    0.291089
-0.00291074   0.0829208   0.0277982 -0.00290232
-0.00550648   0.0277982    0.102723 -0.00291074
   0.291089 -0.00290232 -0.00291074    0.376238
IMAGINARY
          0 -0.00922447   0.0150588  -0.0208023
 0.00922447           0  0.00525828   0.0102577
 -0.0150588 -0.00525828           0  -0.0198895
  0.0208023  -0.0102577   0.0198895           0
Repeater1[0]<--->HoM1[0]
REAL
   0.404908    0.013269   0.0039127    0.295635
   0.013269    0.104294   0.0319054  -0.0052496
  0.0039127   0.0319054    0.105521 -0.00257383
   0.295635  -0.0052496 -0.00257383    0.385276
IMAGINARY
          0 -0.00419901  0.00387568  0.00374079
 0.00419901           0 -0.00438929  -0.0134542
-0.00387568  0.00438929           0  0.00994613
-0.00374079   0.0134542 -0.00994613           0
EndNode1[0]<--->Repeater1[0]
REAL
  0.435233  0.0117356 -0.0147704   0.265479
 0.0117356  0.0971503  0.0205294  0.0154563
-0.0147704  0.0205294  0.0906736  0.0136416
  0.265479  0.0154563  0.0136416   0.376943
IMAGINARY
          0 -0.00318381 -0.00252525  0.00575704
 0.00318381           0   0.0211812 -0.00252525
 0.00252525  -0.0211812           0   0.0208606
-0.00575704  0.00252525  -0.0208606           0
EndNode2[0]<--->HoM1[0]
REAL
   0.419737  -0.0258347   -0.013933    0.280565
 -0.0258347    0.107895   0.0396886 -0.00125691
  -0.013933   0.0396886    0.107895 -0.00707665
   0.280565 -0.00125691 -0.00707665    0.364474
IMAGINARY
          0 -0.00121655 -0.00566683  -0.0335745
 0.00121655           0  -0.0112973  -0.0101483
 0.00566683   0.0112973           0 -0.00121655
  0.0335745   0.0101483  0.00121655           0
Repeater1[0]<--->EndNode1[0]
REAL
  0.435233 -0.0147704  0.0117356   0.265479
-0.0147704  0.0906736  0.0205294  0.0136416
 0.0117356  0.0205294  0.0971503  0.0154563
  0.265479  0.0136416  0.0154563   0.376943
IMAGINARY
          0 -0.00252525 -0.00318381  0.00575704
 0.00252525           0  -0.0211812   0.0208606
 0.00318381   0.0211812           0 -0.00252525
-0.00575704  -0.0208606  0.00252525           0
Repeater1[0]<--->HoM1[0]
REAL
   0.419737   -0.013933  -0.0258347    0.280565
  -0.013933    0.107895   0.0396886 -0.00707665
 -0.0258347   0.0396886    0.107895 -0.00125691
   0.280565 -0.00707665 -0.00125691    0.364474
IMAGINARY
          0 -0.00566683 -0.00121655  -0.0335745
 0.00566683           0   0.0112973 -0.00121655
 0.00121655  -0.0112973           0  -0.0101483
  0.0335745  0.00121655   0.0101483           0
EndNode1[0]<--->Repeater1[0]
REAL
   0.408501 -0.00994404 -0.00295547    0.271528
-0.00994404    0.094451   0.0182296  0.00160776
-0.00295547   0.0182296   0.0979929 -0.00488075
   0.271528  0.00160776 -0.00488075    0.399055
IMAGINARY
          0   0.0266099 -0.00970702  0.00209623
 -0.0266099           0    0.025267   -0.020636
 0.00970702   -0.025267           0  0.00769094
-0.00209623    0.020636 -0.00769094           0
EndNode2[0]<--->HoM1[0]
REAL
   0.408383  -0.0021507 -0.00818224    0.283564
 -0.0021507    0.104192   0.0363115   -0.003619
-0.00818224   0.0363115    0.104192 -0.00343936
   0.283564   -0.003619 -0.00343936    0.383234
IMAGINARY
          0 -0.00215529    0.007447  0.00632657
 0.00215529           0   0.0123831 -0.00332613
  -0.007447  -0.0123831           0 -0.00471284
-0.00632657  0.00332613  0.00471284           0
Repeater1[0]<--->EndNode1[0]
REAL
   0.408501 -0.00295547 -0.00994404    0.271528
-0.00295547   0.0979929   0.0182296 -0.00488075
-0.00994404   0.0182296    0.094451  0.00160776
   0.271528 -0.00488075  0.00160776    0.399055
IMAGINARY
          0 -0.00970702   0.0266099  0.00209623
 0.00970702           0   -0.025267  0.00769094
 -0.0266099    0.025267           0   -0.020636
-0.00209623 -0.00769094    0.020636           0
Repeater1[0]<--->HoM1[0]
REAL
   0.408383 -0.00818224  -0.0021507    0.283564
-0.00818224    0.104192   0.0363115 -0.00343936
 -0.0021507   0.0363115    0.104192   -0.003619
   0.283564 -0.00343936   -0.003619    0.383234
IMAGINARY
          0    0.007447 -0.00215529  0.00632657
  -0.007447           0  -0.0123831 -0.00471284
 0.00215529   0.0123831           0 -0.00332613
-0.00632657  0.00471284  0.00332613           0
EndNode1[0]<--->Repeater1[0]
REAL
   0.394904   0.0278089  -0.0158189    0.278497
  0.0278089   0.0968153   0.0356395   0.0302169
 -0.0158189   0.0356395   0.0980892 -0.00293978
   0.278497   0.0302169 -0.00293978    0.410191
IMAGINARY
          0  -0.0127562  0.00678271  0.00761164
  0.0127562           0  0.00269764  -0.0223107
-0.00678271 -0.00269764           0    0.017104
-0.00761164   0.0223107   -0.017104           0
EndNode2[0]<--->HoM1[0]
REAL
    0.406685   0.00557012  -0.00320665     0.297464
  0.00557012    0.0891365    0.0387091 -6.98886e-05
 -0.00320665    0.0387091    0.0766017   0.00557012
    0.297464 -6.98886e-05   0.00557012     0.427577
IMAGINARY
          0 -0.00589885  -0.0080586  -0.0225728
 0.00589885           0  0.00386953   0.0164892
  0.0080586 -0.00386953           0  -0.0155019
  0.0225728  -0.0164892   0.0155019           0
Repeater1[0]<--->EndNode1[0]
REAL
   0.394904  -0.0158189   0.0278089    0.278497
 -0.0158189   0.0980892   0.0356395 -0.00293978
  0.0278089   0.0356395   0.0968153   0.0302169
   0.278497 -0.00293978   0.0302169    0.410191
IMAGINARY
          0  0.00678271  -0.0127562  0.00761164
-0.00678271           0 -0.00269764    0.017104
  0.0127562  0.00269764           0  -0.0223107
-0.00761164   -0.017104   0.0223107           0
Repeater1[0]<--->HoM1[0]
REAL
    0.406685  -0.00320665   0.00557012     0.297464
 -0.00320665    0.0766017    0.0387091   0.00557012
  0.00557012    0.0387091    0.0891365 -6.98886e-05
    0.297464   0.00557012 -6.98886e-05     0.427577
IMAGINARY
          0  -0.0080586 -0.00589885  -0.0225728
  0.0080586           0 -0.00386953  -0.0155019
 0.00589885  0.00386953           0   0.0164892
  0.0225728   0.0155019  -0.0164892           0
EndNode1[0]<--->Repeater1[0]
REAL
   0.411458 -0.00638551  0.00218905    0.283163
-0.00638551   0.0963542   0.0302218  -0.0118416
 0.00218905   0.0302218    0.110677   -0.004554
   0.283163  -0.0118416   -0.004554     0.38151
IMAGINARY
           0   -0.0179824    0.0176669  0.000898283
   0.0179824            0   -0.0208983   -0.0196277
  -0.0176669    0.0208983            0  -0.00489341
-0.000898283    0.0196277   0.00489341            0
EndNode2[0]<--->HoM1[0]
REAL
    0.426357   0.00608902 -0.000980392     0.280933
  0.00608902     0.100775    0.0569751 -0.000980392
-0.000980392    0.0569751    0.0852713   -0.0080498
    0.280933 -0.000980392   -0.0080498     0.387597
IMAGINARY
           0    0.0172056 -0.000743124   -0.0300597
  -0.0172056            0   0.00459381  -0.00446521
 0.000743124  -0.00459381            0  -0.00418477
   0.0300597   0.00446521   0.00418477            0
Repeater1[0]<--->EndNode1[0]
REAL
   0.411458  0.00218905 -0.00638551    0.283163
 0.00218905    0.110677   0.0302218   -0.004554
-0.00638551   0.0302218   0.0963542  -0.0118416
   0.283163   -0.004554  -0.0118416     0.38151
IMAGINARY
           0    0.0176669   -0.0179824  0.000898283
  -0.0176669            0    0.0208983  -0.00489341
   0.0179824   -0.0208983            0   -0.0196277
-0.000898283   0.00489341    0.0196277            0
Repeater1[0]<--->HoM1[0]
REAL
    0.426357 -0.000980392   0.00608902     0.280933
-0.000980392    0.0852713    0.0569751   -0.0080498
  0.00608902    0.0569751     0.100775 -0.000980392
    0.280933   -0.0080498 -0.000980392     0.387597
IMAGINARY
           0 -0.000743124    0.0172056   -0.0300597
 0.000743124            0  -0.00459381  -0.00418477
  -0.0172056   0.00459381            0  -0.00446521
   0.0300597   0.00418477   0.00446521            0
EndNode1[0]<--->Repeater1[0]
REAL
  0.393464 0.00128507  0.0100414   0.286845
0.00128507  0.0980392  0.0365315  0.0133352
 0.0100414  0.0365315   0.103268 0.00390974
  0.286845  0.0133352 0.00390974   0.405229
IMAGINARY
          0  0.00248324 -0.00171402 -0.00468906
-0.00248324           0  -0.0349336   0.0161431
 0.00171402   0.0349336           0  0.00943646
 0.00468906  -0.0161431 -0.00943646           0
EndNode2[0]<--->HoM1[0]
REAL
   0.435057  0.00193687  -0.0169568    0.299344
 0.00193687   0.0920555   0.0445226  -0.0047285
 -0.0169568   0.0445226   0.0933165 -0.00379561
   0.299344  -0.0047285 -0.00379561    0.379571
IMAGINARY
          0   0.0217119  0.00157274  -0.0128967
