EndNode1[0]<--->Repeater1[0]
REAL
  0.45933 0.0258497 0.0168026  0.405624
0.0258497 0.0358852 0.0189995 0.0120919
0.0168026 0.0189995  0.041866 0.0105825
 0.405624 0.0120919 0.0105825  0.462919
IMAGINARY
          0  -0.0221671  0.00898974  -0.0179067
  0.0221671           0   0.0132586   0.0171249
-0.00898974  -0.0132586           0  -0.0077692
  0.0179067  -0.0171249   0.0077692           0
EndNode2[0]<--->HoM1[0]
REAL
   0.44856 -0.0134711 0.00305027   0.413401
-0.0134711  0.0315501  0.0164935 -0.0176005
0.00305027  0.0164935  0.0617284  0.0108256
  0.413401 -0.0176005  0.0108256   0.458162
IMAGINARY
          0 -0.00678193   0.0194584  0.00480376
 0.00678193           0  0.00861087  -0.0078605
 -0.0194584 -0.00861087           0 -0.00481601
-0.00480376   0.0078605  0.00481601           0
Repeater1[0]<--->EndNode1[0]
REAL
  0.45933 0.0168026 0.0258497  0.405624
0.0168026  0.041866 0.0189995 0.0105825
0.0258497 0.0189995 0.0358852 0.0120919
 0.405624 0.0105825 0.0120919  0.462919
IMAGINARY
          0  0.00898974  -0.0221671  -0.0179067
-0.00898974           0  -0.0132586  -0.0077692
  0.0221671   0.0132586           0   0.0171249
  0.0179067   0.0077692  -0.0171249           0
Repeater1[0]<--->HoM1[0]
REAL
   0.44856 0.00305027 -0.0134711   0.413401
0.00305027  0.0617284  0.0164935  0.0108256
-0.0134711  0.0164935  0.0315501 -0.0176005
  0.413401  0.0108256 -0.0176005   0.458162
IMAGINARY
          0   0.0194584 -0.00678193  0.00480376
 -0.0194584           0 -0.00861087 -0.00481601
 0.00678193  0.00861087           0  -0.0078605
-0.00480376  0.00481601   0.0078605           0
EndNode1[0]<--->Repeater1[0]
REAL
   0.464865  0.00312606 -0.00852432    0.401986
 0.00312606   0.0486486   0.0130967 -0.00478367
-0.00852432   0.0130967   0.0324324  -0.0151666
   0.401986 -0.00478367  -0.0151666    0.454054
IMAGINARY
          0 -0.00648678   0.0123326   0.0209669
 0.00648678           0   0.0110331 -0.00439606
 -0.0123326  -0.0110331           0  0.00465528
 -0.0209669  0.00439606 -0.00465528           0
EndNode2[0]<--->HoM1[0]
REAL
   0.471338  -0.0065384   0.0177323    0.409059
 -0.0065384    0.033121   0.0112026 -0.00400682
  0.0177323   0.0112026   0.0394904  0.00849919
   0.409059 -0.00400682  0.00849919    0.456051
IMAGINARY
           0  1.82414e-05  -0.00981841  -0.00543175
-1.82414e-05            0  -0.00936876   0.00162169
  0.00981841   0.00936876            0    0.0144837
  0.00543175  -0.00162169   -0.0144837            0
Repeater1[0]<--->EndNode1[0]
REAL
   0.464865 -0.00852432  0.00312606    0.401986
-0.00852432   0.0324324   0.0130967  -0.0151666
 0.00312606   0.0130967   0.0486486 -0.00478367
   0.401986  -0.0151666 -0.00478367    0.454054
IMAGINARY
          0   0.0123326 -0.00648678   0.0209669
 -0.0123326           0  -0.0110331  0.00465528
 0.00648678   0.0110331           0 -0.00439606
 -0.0209669 -0.00465528  0.00439606           0
Repeater1[0]<--->HoM1[0]
REAL
   0.471338   0.0177323  -0.0065384    0.409059
  0.0177323   0.0394904   0.0112026  0.00849919
 -0.0065384   0.0112026    0.033121 -0.00400682
   0.409059  0.00849919 -0.00400682    0.456051
IMAGINARY
           0  -0.00981841  1.82414e-05  -0.00543175
  0.00981841            0   0.00936876    0.0144837
-1.82414e-05  -0.00936876            0   0.00162169
  0.00543175   -0.0144837  -0.00162169            0
EndNode1[0]<--->Repeater1[0]
REAL
   0.460256  -0.0146849 -0.00713371    0.406266
 -0.0146849        0.05    0.023995 -0.00967824
-0.00713371    0.023995   0.0320513 -0.00461775
   0.406266 -0.00967824 -0.00461775    0.457692
IMAGINARY
          0  0.00286624 -0.00373995   0.0213869
-0.00286624           0  0.00128313   0.0245156
 0.00373995 -0.00128313           0 -0.00286624
 -0.0213869  -0.0245156  0.00286624           0
EndNode2[0]<--->HoM1[0]
REAL
   0.477632 -0.00217467   0.0207577    0.409874
-0.00217467   0.0342105   0.0105365 -0.00471148
  0.0207577   0.0105365   0.0394737   0.0182209
   0.409874 -0.00471148   0.0182209    0.448684
IMAGINARY
          0  0.00429409  -0.0152228  -0.0109704
-0.00429409           0   0.0060199    0.007938
  0.0152228  -0.0060199           0  -0.0129034
  0.0109704   -0.007938   0.0129034           0
Repeater1[0]<--->EndNode1[0]
REAL
   0.460256 -0.00713371  -0.0146849    0.406266
-0.00713371   0.0320513    0.023995 -0.00461775
 -0.0146849    0.023995        0.05 -0.00967824
   0.406266 -0.00461775 -0.00967824    0.457692
IMAGINARY
          0 -0.00373995  0.00286624   0.0213869
 0.00373995           0 -0.00128313 -0.00286624
-0.00286624  0.00128313           0   0.0245156
 -0.0213869  0.00286624  -0.0245156           0
Repeater1[0]<--->HoM1[0]
REAL
   0.477632   0.0207577 -0.00217467    0.409874
  0.0207577   0.0394737   0.0105365   0.0182209
-0.00217467   0.0105365   0.0342105 -0.00471148
   0.409874   0.0182209 -0.00471148    0.448684
IMAGINARY
          0  -0.0152228  0.00429409  -0.0109704
  0.0152228           0  -0.0060199  -0.0129034
-0.00429409   0.0060199           0    0.007938
  0.0109704   0.0129034   -0.007938           0
EndNode1[0]<--->Repeater1[0]
REAL
   0.43634  0.0189652 0.00311147   0.394192
 0.0189652  0.0517241  0.0123737    0.01204
0.00311147  0.0123737  0.0517241  0.0138631
  0.394192    0.01204  0.0138631   0.460212
IMAGINARY
           0   0.00196449  -0.00932252   0.00386135
 -0.00196449            0   0.00634274  0.000231616
  0.00932252  -0.00634274            0   0.00323031
 -0.00386135 -0.000231616  -0.00323031            0
EndNode2[0]<--->HoM1[0]
REAL
    0.435407  -0.00573388    -0.020363     0.414339
 -0.00573388    0.0382775    0.0110342  -0.00338189
   -0.020363    0.0110342    0.0526316 -0.000371952
    0.414339  -0.00338189 -0.000371952     0.473684
IMAGINARY
          0 -0.00113084  0.00420978    0.016359
 0.00113084           0    0.011661  -0.0109417
-0.00420978   -0.011661           0 -0.00804908
  -0.016359   0.0109417  0.00804908           0
Repeater1[0]<--->EndNode1[0]
REAL
   0.43634 0.00311147  0.0189652   0.394192
0.00311147  0.0517241  0.0123737  0.0138631
 0.0189652  0.0123737  0.0517241    0.01204
  0.394192  0.0138631    0.01204   0.460212
IMAGINARY
           0  -0.00932252   0.00196449   0.00386135
  0.00932252            0  -0.00634274   0.00323031
 -0.00196449   0.00634274            0  0.000231616
 -0.00386135  -0.00323031 -0.000231616            0
Repeater1[0]<--->HoM1[0]
REAL
    0.435407    -0.020363  -0.00573388     0.414339
   -0.020363    0.0526316    0.0110342 -0.000371952
 -0.00573388    0.0110342    0.0382775  -0.00338189
    0.414339 -0.000371952  -0.00338189     0.473684
IMAGINARY
          0  0.00420978 -0.00113084    0.016359
-0.00420978           0   -0.011661 -0.00804908
 0.00113084    0.011661           0  -0.0109417
  -0.016359  0.00804908   0.0109417           0
EndNode1[0]<--->Repeater1[0]
REAL
   0.430079  0.00522884  -0.0139239    0.396517
 0.00522884   0.0514512   0.0313049  0.00473758
 -0.0139239   0.0313049   0.0408971 2.05052e-05
   0.396517  0.00473758 2.05052e-05    0.477573
IMAGINARY
          0  -0.0101471  0.00741028  -0.0148637
  0.0101471           0  -0.0174746 -0.00163365
-0.00741028   0.0174746           0   0.0107889
  0.0148637  0.00163365  -0.0107889           0
EndNode2[0]<--->HoM1[0]
REAL
   0.463415  -0.0133263 -0.00130723    0.409343
 -0.0133263   0.0385109   0.0152865 -0.00609519
-0.00130723   0.0152865   0.0449294   0.0113075
   0.409343 -0.00609519   0.0113075    0.453145
IMAGINARY
          0  -0.0110118   0.0196333   0.0131362
  0.0110118           0  0.00194219  -0.0183413
 -0.0196333 -0.00194219           0  0.00713586
 -0.0131362   0.0183413 -0.00713586           0
Repeater1[0]<--->EndNode1[0]
REAL
   0.430079  -0.0139239  0.00522884    0.396517
 -0.0139239   0.0408971   0.0313049 2.05052e-05
 0.00522884   0.0313049   0.0514512  0.00473758
   0.396517 2.05052e-05  0.00473758    0.477573
IMAGINARY
          0  0.00741028  -0.0101471  -0.0148637
-0.00741028           0   0.0174746   0.0107889
  0.0101471  -0.0174746           0 -0.00163365
  0.0148637  -0.0107889  0.00163365           0
Repeater1[0]<--->HoM1[0]
REAL
   0.463415 -0.00130723  -0.0133263    0.409343
-0.00130723   0.0449294   0.0152865   0.0113075
 -0.0133263   0.0152865   0.0385109 -0.00609519
   0.409343   0.0113075 -0.00609519    0.453145
IMAGINARY
          0   0.0196333  -0.0110118   0.0131362
 -0.0196333           0 -0.00194219  0.00713586
  0.0110118  0.00194219           0  -0.0183413
 -0.0131362 -0.00713586   0.0183413           0
EndNode1[0]<--->Repeater1[0]
REAL
    0.45298   0.0068208 -0.00105852    0.396083
  0.0068208   0.0450331   0.0196782   0.0105694
-0.00105852   0.0196782   0.0410596   0.0108422
   0.396083   0.0105694   0.0108422    0.460927
IMAGINARY
          0  0.00802199  0.00993755  0.00125869
-0.00802199           0  -0.0122881   0.0156555
-0.00993755   0.0122881           0   -0.022379
-0.00125869  -0.0156555    0.022379           0
EndNode2[0]<--->HoM1[0]
REAL
   0.477132  -0.0026367   0.0141117    0.407918
 -0.0026367   0.0370828   0.0161656 -0.00233163
  0.0141117   0.0161656   0.0457355    0.011799
   0.407918 -0.00233163    0.011799    0.440049
IMAGINARY
           0   0.00352491   0.00354091  -0.00399579
 -0.00352491            0   -0.0162574 -0.000963592
 -0.00354091    0.0162574            0   0.00678437
  0.00399579  0.000963592  -0.00678437            0
Repeater1[0]<--->EndNode1[0]
REAL
    0.45298 -0.00105852   0.0068208    0.396083
-0.00105852   0.0410596   0.0196782   0.0108422
  0.0068208   0.0196782   0.0450331   0.0105694
   0.396083   0.0108422   0.0105694    0.460927
IMAGINARY
          0  0.00993755  0.00802199  0.00125869
-0.00993755           0   0.0122881   -0.022379
-0.00802199  -0.0122881           0   0.0156555
-0.00125869    0.022379  -0.0156555           0
Repeater1[0]<--->HoM1[0]
REAL
   0.477132   0.0141117  -0.0026367    0.407918
  0.0141117   0.0457355   0.0161656    0.011799
 -0.0026367   0.0161656   0.0370828 -0.00233163
   0.407918    0.011799 -0.00233163    0.440049
IMAGINARY
           0   0.00354091   0.00352491  -0.00399579
 -0.00354091            0    0.0162574   0.00678437
 -0.00352491   -0.0162574            0 -0.000963592
  0.00399579  -0.00678437  0.000963592            0
EndNode1[0]<--->Repeater1[0]
REAL
   0.468165  0.00339774   -0.010549    0.401768
 0.00339774   0.0249688   0.0199495  0.00423591
  -0.010549   0.0199495   0.0324594 -0.00971087
   0.401768  0.00423591 -0.00971087    0.474407
IMAGINARY
           0  -0.00580585     0.005671 -0.000890115
  0.00580585            0   0.00609845    0.0280952
   -0.005671  -0.00609845            0   -0.0240643
 0.000890115   -0.0280952    0.0240643            0
EndNode2[0]<--->HoM1[0]
REAL
   0.445813  0.00351863 -0.00254065    0.408258
 0.00351863   0.0529557   0.0147218   0.0164295
-0.00254065   0.0147218   0.0394089  0.00153188
   0.408258   0.0164295  0.00153188    0.461823
IMAGINARY
           0   -0.0156746  0.000332819   -0.0121705
   0.0156746            0    0.0173925    0.0053706
-0.000332819   -0.0173925            0   0.00236663
   0.0121705   -0.0053706  -0.00236663            0
Repeater1[0]<--->EndNode1[0]
REAL
   0.468165   -0.010549  0.00339774    0.401768
  -0.010549   0.0324594   0.0199495 -0.00971087
 0.00339774   0.0199495   0.0249688  0.00423591
   0.401768 -0.00971087  0.00423591    0.474407
IMAGINARY
           0     0.005671  -0.00580585 -0.000890115
   -0.005671            0  -0.00609845   -0.0240643
  0.00580585   0.00609845            0    0.0280952
 0.000890115    0.0240643   -0.0280952            0
Repeater1[0]<--->HoM1[0]
REAL
   0.445813 -0.00254065  0.00351863    0.408258
-0.00254065   0.0394089   0.0147218  0.00153188
 0.00351863   0.0147218   0.0529557   0.0164295
   0.408258  0.00153188   0.0164295    0.461823
IMAGINARY
           0  0.000332819   -0.0156746   -0.0121705
-0.000332819            0   -0.0173925   0.00236663
   0.0156746    0.0173925            0    0.0053706
   0.0121705  -0.00236663   -0.0053706            0
EndNode1[0]<--->Repeater1[0]
REAL
    0.428389 -0.000928329   -0.0105706     0.405525
-0.000928329    0.0434783    0.0198482   -0.0118175
  -0.0105706    0.0198482    0.0421995   -0.0214597
    0.405525   -0.0118175   -0.0214597     0.485934
IMAGINARY
           0   0.00618095  -0.00123402  -0.00571134
 -0.00618095            0 -0.000529992  -0.00993549
  0.00123402  0.000529992            0    0.0246995
  0.00571134   0.00993549   -0.0246995            0
EndNode2[0]<--->HoM1[0]
REAL
   0.507653  -0.0104683 0.000558786    0.401599
 -0.0104683   0.0484694    0.015176  0.00789375
0.000558786    0.015176   0.0344388  0.00331616
   0.401599  0.00789375  0.00331616    0.409439
IMAGINARY
          0   0.0123511    0.019314 -0.00294893
 -0.0123511           0  0.00894094   0.0146286
  -0.019314 -0.00894094           0  -0.0267114
 0.00294893  -0.0146286   0.0267114           0
Repeater1[0]<--->EndNode1[0]
REAL
    0.428389   -0.0105706 -0.000928329     0.405525
  -0.0105706    0.0421995    0.0198482   -0.0214597
-0.000928329    0.0198482    0.0434783   -0.0118175
    0.405525   -0.0214597   -0.0118175     0.485934
IMAGINARY
           0  -0.00123402   0.00618095  -0.00571134
  0.00123402            0  0.000529992    0.0246995
 -0.00618095 -0.000529992            0  -0.00993549
  0.00571134   -0.0246995   0.00993549            0
Repeater1[0]<--->HoM1[0]
REAL
   0.507653 0.000558786  -0.0104683    0.401599
0.000558786   0.0344388    0.015176  0.00331616
 -0.0104683    0.015176   0.0484694  0.00789375
   0.401599  0.00331616  0.00789375    0.409439
IMAGINARY
          0    0.019314   0.0123511 -0.00294893
  -0.019314           0 -0.00894094  -0.0267114
 -0.0123511  0.00894094           0   0.0146286
 0.00294893   0.0267114  -0.0146286           0
EndNode1[0]<--->Repeater1[0]
REAL
   0.461133    0.016121  -0.0122687    0.407842
   0.016121   0.0342556   0.0176902  0.00827929
 -0.0122687   0.0176902   0.0368906 -0.00947204
   0.407842  0.00827929 -0.00947204    0.467721
IMAGINARY
          0  -0.0135648   0.0351641  -0.0148653
  0.0135648           0   0.0242992 -0.00233586
 -0.0351641  -0.0242992           0  -0.0154756
  0.0148653  0.00233586   0.0154756           0
EndNode2[0]<--->HoM1[0]
REAL
   0.490013   -0.012704 -0.00971902    0.397291
  -0.012704   0.0412783   0.0207628     0.01292
-0.00971902   0.0207628   0.0399467   0.0133442
   0.397291     0.01292   0.0133442    0.428762
IMAGINARY
          0  0.00264771  0.00226207 -0.00359601
-0.00264771           0  -0.0105792   0.0209653
-0.00226207   0.0105792           0  -0.0124277
 0.00359601  -0.0209653   0.0124277           0
Repeater1[0]<--->EndNode1[0]
REAL
   0.461133  -0.0122687    0.016121    0.407842
 -0.0122687   0.0368906   0.0176902 -0.00947204
   0.016121   0.0176902   0.0342556  0.00827929
   0.407842 -0.00947204  0.00827929    0.467721
IMAGINARY
          0   0.0351641  -0.0135648  -0.0148653
 -0.0351641           0  -0.0242992  -0.0154756
  0.0135648   0.0242992           0 -0.00233586
  0.0148653   0.0154756  0.00233586           0
Repeater1[0]<--->HoM1[0]
REAL
   0.490013 -0.00971902   -0.012704    0.397291
-0.00971902   0.0399467   0.0207628   0.0133442
  -0.012704   0.0207628   0.0412783     0.01292
   0.397291   0.0133442     0.01292    0.428762
IMAGINARY
          0  0.00226207  0.00264771 -0.00359601
-0.00226207           0   0.0105792  -0.0124277
-0.00264771  -0.0105792           0   0.0209653
 0.00359601   0.0124277  -0.0209653           0
EndNode1[0]<--->Repeater1[0]
REAL
    0.469231 -0.000718998   0.00986995     0.418332
-0.000718998    0.0487179    0.0219074   -0.0171741
  0.00986995    0.0219074    0.0423077  -0.00260106
    0.418332   -0.0171741  -0.00260106     0.439744
IMAGINARY
          0 -0.00154254 -0.00936155  -0.0209633
 0.00154254           0   0.0108962  0.00381285
 0.00936155  -0.0108962           0   0.0243539
  0.0209633 -0.00381285  -0.0243539           0
EndNode2[0]<--->HoM1[0]
REAL
   0.471053 -0.00830882  0.00947542    0.410491
-0.00830882   0.0407895  0.00584873  0.00686445
 0.00947542  0.00584873   0.0368421   0.0141912
   0.410491  0.00686445   0.0141912    0.451316
IMAGINARY
           0  -0.00625003  -0.00350463    0.0113128
  0.00625003            0 -0.000976931 -0.000886833
  0.00350463  0.000976931            0   0.00311327
  -0.0113128  0.000886833  -0.00311327            0
Repeater1[0]<--->EndNode1[0]
REAL
    0.469231   0.00986995 -0.000718998     0.418332
  0.00986995    0.0423077    0.0219074  -0.00260106
-0.000718998    0.0219074    0.0487179   -0.0171741
    0.418332  -0.00260106   -0.0171741     0.439744
IMAGINARY
          0 -0.00936155 -0.00154254  -0.0209633
 0.00936155           0  -0.0108962   0.0243539
 0.00154254   0.0108962           0  0.00381285
  0.0209633  -0.0243539 -0.00381285           0
Repeater1[0]<--->HoM1[0]
REAL
   0.471053  0.00947542 -0.00830882    0.410491
 0.00947542   0.0368421  0.00584873   0.0141912
-0.00830882  0.00584873   0.0407895  0.00686445
   0.410491   0.0141912  0.00686445    0.451316
IMAGINARY
           0  -0.00350463  -0.00625003    0.0113128
  0.00350463            0  0.000976931   0.00311327
  0.00625003 -0.000976931            0 -0.000886833
  -0.0113128  -0.00311327  0.000886833            0
EndNode1[0]<--->Repeater1[0]
REAL
   0.474531 -0.00366599 -0.00775673    0.425779
-0.00366599   0.0402145   0.0255323 -0.00909721
-0.00775673   0.0255323   0.0348525 -0.00944263
   0.425779 -0.00909721 -0.00944263    0.450402
IMAGINARY
           0  0.000131601 -9.44906e-05   0.00761664
-0.000131601            0  -0.00191322    0.0050206
 9.44906e-05   0.00191322            0  -0.00382618
 -0.00761664   -0.0050206   0.00382618            0
EndNode2[0]<--->HoM1[0]
REAL
   0.47868 -0.0013402 -0.0145077   0.405187
-0.0013402  0.0440165  0.0201866 0.00455747
-0.0145077  0.0201866  0.0385144 0.00382776
  0.405187 0.00455747 0.00382776    0.43879
IMAGINARY
          0 -0.00785517  -0.0243419 -0.00140735
 0.00785517           0   0.0192645  -0.0144081
  0.0243419  -0.0192645           0   0.0266052
 0.00140735   0.0144081  -0.0266052           0
Repeater1[0]<--->EndNode1[0]
REAL
   0.474531 -0.00775673 -0.00366599    0.425779
-0.00775673   0.0348525   0.0255323 -0.00944263
-0.00366599   0.0255323   0.0402145 -0.00909721
   0.425779 -0.00944263 -0.00909721    0.450402
IMAGINARY
           0 -9.44906e-05  0.000131601   0.00761664
 9.44906e-05            0   0.00191322  -0.00382618
-0.000131601  -0.00191322            0    0.0050206
 -0.00761664   0.00382618   -0.0050206            0
Repeater1[0]<--->HoM1[0]
REAL
   0.47868 -0.0145077 -0.0013402   0.405187
-0.0145077  0.0385144  0.0201866 0.00382776
-0.0013402  0.0201866  0.0440165 0.00455747
  0.405187 0.00382776 0.00455747    0.43879
IMAGINARY
          0  -0.0243419 -0.00785517 -0.00140735
  0.0243419           0  -0.0192645   0.0266052
 0.00785517   0.0192645           0  -0.0144081
 0.00140735  -0.0266052   0.0144081           0
EndNode1[0]<--->Repeater1[0]
REAL
   0.47375 -0.0143689 -0.0140562   0.403939
-0.0143689    0.03625  0.0242596 -0.0120535
-0.0140562  0.0242596    0.03125 -0.0130462
  0.403939 -0.0120535 -0.0130462    0.45875
IMAGINARY
           0   -0.0167496   0.00555834  -0.00545322
   0.0167496            0 -0.000587044    0.0104844
 -0.00555834  0.000587044            0  0.000706789
  0.00545322   -0.0104844 -0.000706789            0
EndNode2[0]<--->HoM1[0]
REAL
   0.438735 -0.00221242  0.00220837    0.409047
-0.00221242   0.0487484   0.0180891  -0.0135149
 0.00220837   0.0180891   0.0487484 0.000956143
   0.409047  -0.0135149 0.000956143    0.463768
IMAGINARY
          0   0.0214985  -0.0255936  0.00705521
 -0.0214985           0 -0.00705521  -0.0249383
  0.0255936  0.00705521           0   0.0104164
-0.00705521   0.0249383  -0.0104164           0
Repeater1[0]<--->EndNode1[0]
REAL
   0.47375 -0.0140562 -0.0143689   0.403939
-0.0140562    0.03125  0.0242596 -0.0130462
-0.0143689  0.0242596    0.03625 -0.0120535
  0.403939 -0.0130462 -0.0120535    0.45875
IMAGINARY
           0   0.00555834   -0.0167496  -0.00545322
 -0.00555834            0  0.000587044  0.000706789
   0.0167496 -0.000587044            0    0.0104844
  0.00545322 -0.000706789   -0.0104844            0
Repeater1[0]<--->HoM1[0]
REAL
   0.438735  0.00220837 -0.00221242    0.409047
 0.00220837   0.0487484   0.0180891 0.000956143
-0.00221242   0.0180891   0.0487484  -0.0135149
   0.409047 0.000956143  -0.0135149    0.463768
IMAGINARY
          0  -0.0255936   0.0214985  0.00705521
  0.0255936           0  0.00705521   0.0104164
 -0.0214985 -0.00705521           0  -0.0249383
-0.00705521  -0.0104164   0.0249383           0
EndNode1[0]<--->Repeater1[0]
REAL
  0.463384 -0.0114531 0.00483381   0.407605
-0.0114531  0.0467172  0.0199503 0.00098766
0.00483381  0.0199503  0.0340909  0.0095126
  0.407605 0.00098766  0.0095126   0.455808
IMAGINARY
          0 -0.00076796   0.0120389 -0.00296421
 0.00076796           0  0.00838426  0.00894871
 -0.0120389 -0.00838426           0   -0.016516
 0.00296421 -0.00894871    0.016516           0
EndNode2[0]<--->HoM1[0]
REAL
   0.466403 -0.00126904    0.018024    0.407709
-0.00126904   0.0408432   0.0160639     -0.0219
   0.018024   0.0160639   0.0461133  0.00126904
   0.407709     -0.0219  0.00126904     0.44664
IMAGINARY
          0 -0.00652229    0.016471 -0.00871804
 0.00652229           0  0.00807783  0.00963868
  -0.016471 -0.00807783           0   -0.010449
 0.00871804 -0.00963868    0.010449           0
Repeater1[0]<--->EndNode1[0]
REAL
  0.463384 0.00483381 -0.0114531   0.407605
0.00483381  0.0340909  0.0199503  0.0095126
-0.0114531  0.0199503  0.0467172 0.00098766
  0.407605  0.0095126 0.00098766   0.455808
IMAGINARY
          0   0.0120389 -0.00076796 -0.00296421
 -0.0120389           0 -0.00838426   -0.016516
 0.00076796  0.00838426           0  0.00894871
 0.00296421    0.016516 -0.00894871           0
Repeater1[0]<--->HoM1[0]
REAL
   0.466403    0.018024 -0.00126904    0.407709
   0.018024   0.0461133   0.0160639  0.00126904
-0.00126904   0.0160639   0.0408432     -0.0219
   0.407709  0.00126904     -0.0219     0.44664
IMAGINARY
          0    0.016471 -0.00652229 -0.00871804
  -0.016471           0 -0.00807783   -0.010449
 0.00652229  0.00807783           0  0.00963868
 0.00871804    0.010449 -0.00963868           0
EndNode1[0]<--->Repeater1[0]
REAL
  0.484043 -0.0143839 0.00630087   0.404844
-0.0143839  0.0385638 0.00246637  0.0106704
0.00630087 0.00246637  0.0425532  0.0274388
  0.404844  0.0106704  0.0274388    0.43484
IMAGINARY
           0   -0.0163861    0.0289604   -0.0142233
   0.0163861            0 -0.000890008   0.00670914
  -0.0289604  0.000890008            0  -0.00927097
   0.0142233  -0.00670914   0.00927097            0
EndNode2[0]<--->HoM1[0]
REAL
   0.455172 -0.00844219  -0.0120948    0.409266
-0.00844219   0.0482759   0.0270636   0.0127191
 -0.0120948   0.0270636   0.0482759  0.00781797
   0.409266   0.0127191  0.00781797    0.448276
IMAGINARY
           0  0.000409514    0.0146015 -3.67235e-05
-0.000409514            0     0.014212   -0.0293262
  -0.0146015    -0.014212            0    0.0143152
 3.67235e-05    0.0293262   -0.0143152            0
Repeater1[0]<--->EndNode1[0]
REAL
  0.484043 0.00630087 -0.0143839   0.404844
0.00630087  0.0425532 0.00246637  0.0274388
-0.0143839 0.00246637  0.0385638  0.0106704
  0.404844  0.0274388  0.0106704    0.43484
IMAGINARY
           0    0.0289604   -0.0163861   -0.0142233
  -0.0289604            0  0.000890008  -0.00927097
   0.0163861 -0.000890008            0   0.00670914
   0.0142233   0.00927097  -0.00670914            0
Repeater1[0]<--->HoM1[0]
REAL
   0.455172  -0.0120948 -0.00844219    0.409266
 -0.0120948   0.0482759   0.0270636  0.00781797
-0.00844219   0.0270636   0.0482759   0.0127191
   0.409266  0.00781797   0.0127191    0.448276
IMAGINARY
           0    0.0146015  0.000409514 -3.67235e-05
  -0.0146015            0    -0.014212    0.0143152
-0.000409514     0.014212            0   -0.0293262
 3.67235e-05   -0.0143152    0.0293262            0
EndNode1[0]<--->Repeater1[0]
REAL
   0.453545  -0.0166567  -0.0106724    0.408075
 -0.0166567   0.0476773   0.0316842 -0.00378539
 -0.0106724   0.0316842   0.0415648  0.00219891
   0.408075 -0.00378539  0.00219891    0.457213
IMAGINARY
          0 -0.00810975 -0.00156944   0.0170471
 0.00810975           0  -0.0196377  -0.0151178
 0.00156944   0.0196377           0   0.0173805
 -0.0170471   0.0151178  -0.0173805           0
EndNode2[0]<--->HoM1[0]
REAL
    0.484733 -0.000533763    0.0133486     0.403294
-0.000533763    0.0356234    0.0175794     0.026897
   0.0133486    0.0175794    0.0381679    0.0271368
    0.403294     0.026897    0.0271368     0.441476
IMAGINARY
          0  -0.0191269  0.00885099  0.00132039
  0.0191269           0    0.017244   0.0145256
-0.00885099   -0.017244           0 -0.00424976
-0.00132039  -0.0145256  0.00424976           0
Repeater1[0]<--->EndNode1[0]
REAL
   0.453545  -0.0106724  -0.0166567    0.408075
 -0.0106724   0.0415648   0.0316842  0.00219891
 -0.0166567   0.0316842   0.0476773 -0.00378539
   0.408075  0.00219891 -0.00378539    0.457213
IMAGINARY
          0 -0.00156944 -0.00810975   0.0170471
 0.00156944           0   0.0196377   0.0173805
 0.00810975  -0.0196377           0  -0.0151178
 -0.0170471  -0.0173805   0.0151178           0
Repeater1[0]<--->HoM1[0]
REAL
    0.484733    0.0133486 -0.000533763     0.403294
   0.0133486    0.0381679    0.0175794    0.0271368
-0.000533763    0.0175794    0.0356234     0.026897
    0.403294    0.0271368     0.026897     0.441476
IMAGINARY
          0  0.00885099  -0.0191269  0.00132039
-0.00885099           0   -0.017244 -0.00424976
  0.0191269    0.017244           0   0.0145256
-0.00132039  0.00424976  -0.0145256           0
EndNode1[0]<--->Repeater1[0]
REAL
   0.455335  0.00652363  0.00367961    0.410285
 0.00652363   0.0434243   0.0181985 -0.00183004
 0.00367961   0.0181985   0.0409429   0.0051903
   0.410285 -0.00183004   0.0051903    0.460298
IMAGINARY
          0    0.011667  -0.0204836   0.0261079
  -0.011667           0   -0.006778  0.00729416
  0.0204836    0.006778           0 -0.00806986
 -0.0261079 -0.00729416  0.00806986           0
EndNode2[0]<--->HoM1[0]
REAL
   0.464824 -0.00262251   -0.011495    0.409085
-0.00262251   0.0364322   0.0200592 -0.00722154
  -0.011495   0.0200592   0.0339196  -0.0227786
   0.409085 -0.00722154  -0.0227786    0.464824
IMAGINARY
           0 -0.000515326  -0.00253363  -0.00865666
 0.000515326            0   -0.0112406   -0.0165786
  0.00253363    0.0112406            0    0.0171614
  0.00865666    0.0165786   -0.0171614            0
Repeater1[0]<--->EndNode1[0]
REAL
   0.455335  0.00367961  0.00652363    0.410285
 0.00367961   0.0409429   0.0181985   0.0051903
 0.00652363   0.0181985   0.0434243 -0.00183004
   0.410285   0.0051903 -0.00183004    0.460298
IMAGINARY
          0  -0.0204836    0.011667   0.0261079
  0.0204836           0    0.006778 -0.00806986
  -0.011667   -0.006778           0  0.00729416
 -0.0261079  0.00806986 -0.00729416           0
Repeater1[0]<--->HoM1[0]
REAL
   0.464824   -0.011495 -0.00262251    0.409085
  -0.011495   0.0339196   0.0200592  -0.0227786
-0.00262251   0.0200592   0.0364322 -0.00722154
   0.409085  -0.0227786 -0.00722154    0.464824
IMAGINARY
           0  -0.00253363 -0.000515326  -0.00865666
  0.00253363            0    0.0112406    0.0171614
 0.000515326   -0.0112406            0   -0.0165786
  0.00865666   -0.0171614    0.0165786            0
EndNode1[0]<--->Repeater1[0]
REAL
  0.466755 -0.0152163 -0.0117799   0.417041
-0.0152163   0.043883  0.0219195 -0.0154928
-0.0117799  0.0219195  0.0385638 -0.0107577
  0.417041 -0.0154928 -0.0107577   0.450798
IMAGINARY
          0  -0.0145655   0.0223712  0.00644975
  0.0145655           0  0.00375433  0.00323855
 -0.0223712 -0.00375433           0 -0.00860523
-0.00644975 -0.00323855  0.00860523           0
EndNode2[0]<--->HoM1[0]
REAL
  0.463568 0.00845447 0.00117869   0.390053
0.00845447  0.0364322  0.0215985 -0.0120622
0.00117869  0.0215985   0.048995 -0.0129359
  0.390053 -0.0120622 -0.0129359   0.451005
IMAGINARY
          0  -0.0294874   0.0130338  -0.0151884
  0.0294874           0 -0.00644009   0.0335818
 -0.0130338  0.00644009           0  -0.0184053
  0.0151884  -0.0335818   0.0184053           0
Repeater1[0]<--->EndNode1[0]
REAL
  0.466755 -0.0117799 -0.0152163   0.417041
-0.0117799  0.0385638  0.0219195 -0.0107577
-0.0152163  0.0219195   0.043883 -0.0154928
  0.417041 -0.0107577 -0.0154928   0.450798
IMAGINARY
          0   0.0223712  -0.0145655  0.00644975
 -0.0223712           0 -0.00375433 -0.00860523
  0.0145655  0.00375433           0  0.00323855
-0.00644975  0.00860523 -0.00323855           0
Repeater1[0]<--->HoM1[0]
REAL
  0.463568 0.00117869 0.00845447   0.390053
0.00117869   0.048995  0.0215985 -0.0129359
0.00845447  0.0215985  0.0364322 -0.0120622
  0.390053 -0.0129359 -0.0120622   0.451005
IMAGINARY
          0   0.0130338  -0.0294874  -0.0151884
 -0.0130338           0  0.00644009  -0.0184053
  0.0294874 -0.00644009           0   0.0335818
  0.0151884   0.0184053  -0.0335818           0
EndNode1[0]<--->Repeater1[0]
REAL
 0.473881 0.0143547 0.0197533  0.415692
0.0143547 0.0597015 0.0069673 0.0216307
0.0197533 0.0069673 0.0435323 0.0175313
 0.415692 0.0216307 0.0175313  0.422886
IMAGINARY
          0  0.00541171 -0.00465798 -0.00784522
-0.00541171           0 -0.00593924  0.00130228
 0.00465798  0.00593924           0 -0.00474057
 0.00784522 -0.00130228  0.00474057           0
EndNode2[0]<--->HoM1[0]
REAL
   0.449275  -0.0185544 -0.00391371    0.410143
 -0.0185544   0.0487484   0.0208484  -0.0192983
-0.00391371   0.0208484   0.0487484 -0.00340291
   0.410143  -0.0192983 -0.00340291    0.453228
IMAGINARY
          0   0.0132749   0.0123778  -0.0278351
 -0.0132749           0  -0.0193605 -0.00507854
 -0.0123778   0.0193605           0  -0.0120584
  0.0278351  0.00507854   0.0120584           0
Repeater1[0]<--->EndNode1[0]
REAL
 0.473881 0.0197533 0.0143547  0.415692
0.0197533 0.0435323 0.0069673 0.0175313
0.0143547 0.0069673 0.0597015 0.0216307
 0.415692 0.0175313 0.0216307  0.422886
IMAGINARY
          0 -0.00465798  0.00541171 -0.00784522
 0.00465798           0  0.00593924 -0.00474057
-0.00541171 -0.00593924           0  0.00130228
 0.00784522  0.00474057 -0.00130228           0
Repeater1[0]<--->HoM1[0]
REAL
   0.449275 -0.00391371  -0.0185544    0.410143
-0.00391371   0.0487484   0.0208484 -0.00340291
 -0.0185544   0.0208484   0.0487484  -0.0192983
   0.410143 -0.00340291  -0.0192983    0.453228
IMAGINARY
          0   0.0123778   0.0132749  -0.0278351
 -0.0123778           0   0.0193605  -0.0120584
 -0.0132749  -0.0193605           0 -0.00507854
  0.0278351   0.0120584  0.00507854           0
EndNode1[0]<--->Repeater1[0]
REAL
   0.459786  0.00622273  0.00423567    0.405631
 0.00622273   0.0335121   0.0163025 -0.00485524
 0.00423567   0.0163025    0.038874  -0.0155164
   0.405631 -0.00485524  -0.0155164    0.467828
IMAGINARY
          0 -0.00649444 -0.00733042  -0.0153803
 0.00649444           0  0.00824674   0.0145768
 0.00733042 -0.00824674           0   0.0071532
  0.0153803  -0.0145768  -0.0071532           0
EndNode2[0]<--->HoM1[0]
REAL
   0.459494    0.019061  0.00416863    0.404763
   0.019061   0.0379747   0.0206867  0.00611415
 0.00416863   0.0206867   0.0265823 -0.00363682
   0.404763  0.00611415 -0.00363682    0.475949
IMAGINARY
          0 -0.00835056     0.01341  0.00188003
 0.00835056           0  -0.0112433 -3.4253e-05
   -0.01341   0.0112433           0 -0.00375135
-0.00188003  3.4253e-05  0.00375135           0
Repeater1[0]<--->EndNode1[0]
REAL
   0.459786  0.00423567  0.00622273    0.405631
 0.00423567    0.038874   0.0163025  -0.0155164
 0.00622273   0.0163025   0.0335121 -0.00485524
   0.405631  -0.0155164 -0.00485524    0.467828
IMAGINARY
          0 -0.00733042 -0.00649444  -0.0153803
 0.00733042           0 -0.00824674   0.0071532
 0.00649444  0.00824674           0   0.0145768
  0.0153803  -0.0071532  -0.0145768           0
Repeater1[0]<--->HoM1[0]
REAL
   0.459494  0.00416863    0.019061    0.404763
 0.00416863   0.0265823   0.0206867 -0.00363682
   0.019061   0.0206867   0.0379747  0.00611415
   0.404763 -0.00363682  0.00611415    0.475949
IMAGINARY
          0     0.01341 -0.00835056  0.00188003
   -0.01341           0   0.0112433 -0.00375135
 0.00835056  -0.0112433           0 -3.4253e-05
-0.00188003  0.00375135  3.4253e-05           0
EndNode1[0]<--->Repeater1[0]
REAL
    0.485084 -0.000681001 -0.000740504     0.416552
-0.000681001    0.0479896    0.0115523   0.00400848
-0.000740504    0.0115523    0.0259403  -0.00258697
    0.416552   0.00400848  -0.00258697     0.440986
IMAGINARY
           0   0.00532175  -0.00823718    0.0140083
 -0.00532175            0   -0.0216613  0.000737179
  0.00823718    0.0216613            0   0.00467825
  -0.0140083 -0.000737179  -0.00467825            0
EndNode2[0]<--->HoM1[0]
REAL
  0.476067  0.0191871  0.0398316   0.399252
 0.0191871  0.0491591  0.0419242 0.00736404
 0.0398316  0.0419242  0.0323415  0.0430564
  0.399252 0.00736404  0.0430564   0.442432
IMAGINARY
          0 -0.00071218  -0.0177253  0.00266291
 0.00071218           0 -0.00391604   0.0157798
  0.0177253  0.00391604           0 -0.00253036
-0.00266291  -0.0157798  0.00253036           0
Repeater1[0]<--->EndNode1[0]
REAL
    0.485084 -0.000740504 -0.000681001     0.416552
-0.000740504    0.0259403    0.0115523  -0.00258697
-0.000681001    0.0115523    0.0479896   0.00400848
    0.416552  -0.00258697   0.00400848     0.440986
IMAGINARY
           0  -0.00823718   0.00532175    0.0140083
  0.00823718            0    0.0216613   0.00467825
 -0.00532175   -0.0216613            0  0.000737179
  -0.0140083  -0.00467825 -0.000737179            0
Repeater1[0]<--->HoM1[0]
REAL
  0.476067  0.0398316  0.0191871   0.399252
 0.0398316  0.0323415  0.0419242  0.0430564
 0.0191871  0.0419242  0.0491591 0.00736404
  0.399252  0.0430564 0.00736404   0.442432
IMAGINARY
          0  -0.0177253 -0.00071218  0.00266291
  0.0177253           0  0.00391604 -0.00253036
 0.00071218 -0.00391604           0   0.0157798
-0.00266291  0.00253036  -0.0157798           0
EndNode1[0]<--->Repeater1[0]
REAL
   0.479452  -0.0132345  -0.0144689    0.411132
 -0.0132345   0.0398506   0.0212475 -0.00698757
 -0.0144689   0.0212475   0.0485679 -0.00822195
   0.411132 -0.00698757 -0.00822195     0.43213
IMAGINARY
          0 -0.00936765 -0.00556064 -0.00487454
 0.00936765           0 -0.00145457   0.0113225
 0.00556064  0.00145457           0 -0.00407665
 0.00487454  -0.0113225  0.00407665           0
EndNode2[0]<--->HoM1[0]
REAL
  0.473272   0.012595  0.0206025   0.407518
  0.012595  0.0469361  0.0190512 0.00810247
 0.0206025  0.0190512  0.0469361 0.00943441
  0.407518 0.00810247 0.00943441   0.432855
IMAGINARY
          0   0.0114142 -0.00526744  0.00946537
 -0.0114142           0  -0.0032619  -0.0321217
 0.00526744   0.0032619           0   0.0107657
-0.00946537   0.0321217  -0.0107657           0
Repeater1[0]<--->EndNode1[0]
REAL
   0.479452  -0.0144689  -0.0132345    0.411132
 -0.0144689   0.0485679   0.0212475 -0.00822195
 -0.0132345   0.0212475   0.0398506 -0.00698757
   0.411132 -0.00822195 -0.00698757     0.43213
IMAGINARY
          0 -0.00556064 -0.00936765 -0.00487454
 0.00556064           0  0.00145457 -0.00407665
 0.00936765 -0.00145457           0   0.0113225
 0.00487454  0.00407665  -0.0113225           0
Repeater1[0]<--->HoM1[0]
REAL
  0.473272  0.0206025   0.012595   0.407518
 0.0206025  0.0469361  0.0190512 0.00943441
  0.012595  0.0190512  0.0469361 0.00810247
  0.407518 0.00943441 0.00810247   0.432855
IMAGINARY
          0 -0.00526744   0.0114142  0.00946537
 0.00526744           0   0.0032619   0.0107657
 -0.0114142  -0.0032619           0  -0.0321217
-0.00946537  -0.0107657   0.0321217           0
EndNode1[0]<--->Repeater1[0]
REAL
    0.43462 0.000656359 0.000164755    0.412106
0.000656359   0.0423412   0.0238083 -0.00750788
0.000164755   0.0238083   0.0547945 1.11977e-05
   0.412106 -0.00750788 1.11977e-05    0.468244
IMAGINARY
          0  0.00485922  -0.0141975   0.0104227
-0.00485922           0   0.0304744   0.0141975
  0.0141975  -0.0304744           0  -0.0101784
 -0.0104227  -0.0141975   0.0101784           0
EndNode2[0]<--->HoM1[0]
REAL
 0.465847 0.0304373 0.0269739  0.402899
0.0304373 0.0519126 0.0329498 0.0176802
0.0269739 0.0329498 0.0368852 0.0154747
 0.402899 0.0176802 0.0154747  0.445355
IMAGINARY
          0  0.00683304 -0.00474871 -0.00365156
-0.00683304           0 -0.00690253 -0.00914018
 0.00474871  0.00690253           0   0.0108437
 0.00365156  0.00914018  -0.0108437           0
Repeater1[0]<--->EndNode1[0]
REAL
    0.43462 0.000164755 0.000656359    0.412106
0.000164755   0.0547945   0.0238083 1.11977e-05
0.000656359   0.0238083   0.0423412 -0.00750788
   0.412106 1.11977e-05 -0.00750788    0.468244
IMAGINARY
          0  -0.0141975  0.00485922   0.0104227
  0.0141975           0  -0.0304744  -0.0101784
-0.00485922   0.0304744           0   0.0141975
 -0.0104227   0.0101784  -0.0141975           0
Repeater1[0]<--->HoM1[0]
REAL
 0.465847 0.0269739 0.0304373  0.402899
0.0269739 0.0368852 0.0329498 0.0154747
0.0304373 0.0329498 0.0519126 0.0176802
 0.402899 0.0154747 0.0176802  0.445355
IMAGINARY
          0 -0.00474871  0.00683304 -0.00365156
 0.00474871           0  0.00690253   0.0108437
-0.00683304 -0.00690253           0 -0.00914018
 0.00365156  -0.0108437  0.00914018           0
EndNode1[0]<--->Repeater1[0]
REAL
  0.438551  0.0213343  0.0200158   0.407785
 0.0213343  0.0349288   0.016671 0.00111097
 0.0200158   0.016671  0.0426908 0.00107287
  0.407785 0.00111097 0.00107287   0.483829
IMAGINARY
          0 -0.00242946   0.0167326 -0.00742956
 0.00242946           0  -0.0144181   0.0114276
 -0.0167326   0.0144181           0 -0.00695727
 0.00742956  -0.0114276  0.00695727           0
EndNode2[0]<--->HoM1[0]
REAL
    0.488636   -0.0200753  -0.00300402      0.41451
  -0.0200753    0.0391414    0.0228228 -0.000995984
 -0.00300402    0.0228228    0.0353535   0.00940868
     0.41451 -0.000995984   0.00940868     0.436869
IMAGINARY
           0  -0.00156151  -0.00543023   0.00158831
  0.00156151            0   0.00158831 -0.000866998
  0.00543023  -0.00158831            0  -0.00221682
 -0.00158831  0.000866998   0.00221682            0
Repeater1[0]<--->EndNode1[0]
REAL
  0.438551  0.0200158  0.0213343   0.407785
 0.0200158  0.0426908   0.016671 0.00107287
 0.0213343   0.016671  0.0349288 0.00111097
  0.407785 0.00107287 0.00111097   0.483829
IMAGINARY
          0   0.0167326 -0.00242946 -0.00742956
 -0.0167326           0   0.0144181 -0.00695727
 0.00242946  -0.0144181           0   0.0114276
 0.00742956  0.00695727  -0.0114276           0
Repeater1[0]<--->HoM1[0]
REAL
    0.488636  -0.00300402   -0.0200753      0.41451
 -0.00300402    0.0353535    0.0228228   0.00940868
  -0.0200753    0.0228228    0.0391414 -0.000995984
     0.41451   0.00940868 -0.000995984     0.436869
IMAGINARY
           0  -0.00543023  -0.00156151   0.00158831
  0.00543023            0  -0.00158831  -0.00221682
  0.00156151   0.00158831            0 -0.000866998
 -0.00158831   0.00221682  0.000866998            0
EndNode1[0]<--->Repeater1[0]
REAL
  0.435247 0.00130145 -0.0124261   0.407798
0.00130145  0.0333778  0.0125103  0.0111408
-0.0124261  0.0125103  0.0574099 0.00255459
  0.407798  0.0111408 0.00255459   0.473965
IMAGINARY
          0  0.00118839   0.0173519   0.0117306
-0.00118839           0  0.00419294  0.00359047
 -0.0173519 -0.00419294           0 -0.00904179
 -0.0117306 -0.00359047  0.00904179           0
EndNode2[0]<--->HoM1[0]
REAL
  0.462025  0.0323644  0.0274769   0.410949
 0.0323644  0.0455696  0.0302276 -0.0105808
 0.0274769  0.0302276  0.0367089 -0.0192229
  0.410949 -0.0105808 -0.0192229   0.455696
IMAGINARY
           0  -0.00414334   0.00812539  -0.00357543
  0.00414334            0 -0.000522929   -0.0102058
