EndNode1[0]<--->Repeater1[0]
REAL
   0.399287   0.0100598 -0.00201483    0.285801
  0.0100598    0.112299   0.0149305   0.0120697
-0.00201483   0.0149305   0.0891266   0.0127921
   0.285801   0.0120697   0.0127921    0.399287
IMAGINARY
           0  0.000183745    0.0208906   -0.0213852
-0.000183745            0  -0.00576018   -0.0164501
  -0.0208906   0.00576018            0   -0.0170576
   0.0213852    0.0164501    0.0170576            0
EndNode2[0]<--->HoM6[0]
REAL
   0.440741  0.00359291 -0.00578887    0.389269
 0.00359291   0.0611111 -0.00290514  -0.0188323
-0.00578887 -0.00290514   0.0537037 -0.00927473
   0.389269  -0.0188323 -0.00927473    0.444444
IMAGINARY
          0   0.0210807   0.0139907   0.0150488
 -0.0210807           0  0.00624595   -0.025295
 -0.0139907 -0.00624595           0 -0.00281985
 -0.0150488    0.025295  0.00281985           0
Repeater1[0]<--->EndNode1[0]
REAL
   0.399287 -0.00201483   0.0100598    0.285801
-0.00201483   0.0891266   0.0149305   0.0127921
  0.0100598   0.0149305    0.112299   0.0120697
   0.285801   0.0127921   0.0120697    0.399287
IMAGINARY
           0    0.0208906  0.000183745   -0.0213852
  -0.0208906            0   0.00576018   -0.0170576
-0.000183745  -0.00576018            0   -0.0164501
   0.0213852    0.0170576    0.0164501            0
Repeater1[0]<--->HoM1[0]
REAL
   0.442882 -0.00466461   0.0166897    0.276247
-0.00466461    0.107206 -0.00563804   0.0281132
  0.0166897 -0.00563804   0.0913884   0.0207936
   0.276247   0.0281132   0.0207936    0.358524
IMAGINARY
           0    0.0128949   -0.0117512    0.0297206
  -0.0128949            0   0.00261775   -0.0058089
   0.0117512  -0.00261775            0  0.000968305
  -0.0297206    0.0058089 -0.000968305            0
Repeater2[0]<--->HoM1[0]
REAL
   0.442882   0.0166897 -0.00466461    0.276247
  0.0166897   0.0913884 -0.00563804   0.0207936
-0.00466461 -0.00563804    0.107206   0.0281132
   0.276247   0.0207936   0.0281132    0.358524
IMAGINARY
           0   -0.0117512    0.0128949    0.0297206
   0.0117512            0  -0.00261775  0.000968305
  -0.0128949   0.00261775            0   -0.0058089
  -0.0297206 -0.000968305    0.0058089            0
Repeater2[0]<--->Repeater3[0]
REAL
   0.330841 -0.00827313  -0.0333296    0.189409
-0.00827313    0.179439 -0.00711742  -0.0135454
 -0.0333296 -0.00711742    0.160748 -0.00214353
   0.189409  -0.0135454 -0.00214353    0.328972
IMAGINARY
          0   0.0193269   0.0058864 -0.00300976
 -0.0193269           0  -0.0369547   0.0023403
 -0.0058864   0.0369547           0  -0.0165847
 0.00300976  -0.0023403   0.0165847           0
Repeater3[0]<--->Repeater2[0]
REAL
   0.330841  -0.0333296 -0.00827313    0.189409
 -0.0333296    0.160748 -0.00711742 -0.00214353
-0.00827313 -0.00711742    0.179439  -0.0135454
   0.189409 -0.00214353  -0.0135454    0.328972
IMAGINARY
          0   0.0058864   0.0193269 -0.00300976
 -0.0058864           0   0.0369547  -0.0165847
 -0.0193269  -0.0369547           0   0.0023403
 0.00300976   0.0165847  -0.0023403           0
Repeater3[0]<--->HoM2[0]
REAL
    0.34876    -0.01256  -0.0320208    0.178504
   -0.01256    0.140496  0.00688958  -0.0222863
 -0.0320208  0.00688958    0.145455 -0.00803923
   0.178504  -0.0222863 -0.00803923    0.365289
IMAGINARY
          0  0.00194466   0.0536212  0.00419518
-0.00194466           0  -0.0185321  -0.0211536
 -0.0536212   0.0185321           0  -0.0028723
-0.00419518   0.0211536   0.0028723           0
Repeater4[0]<--->HoM2[0]
REAL
    0.34876  -0.0320208    -0.01256    0.178504
 -0.0320208    0.145455  0.00688958 -0.00803923
   -0.01256  0.00688958    0.140496  -0.0222863
   0.178504 -0.00803923  -0.0222863    0.365289
IMAGINARY
          0   0.0536212  0.00194466  0.00419518
 -0.0536212           0   0.0185321  -0.0028723
-0.00194466  -0.0185321           0  -0.0211536
-0.00419518   0.0028723   0.0211536           0
Repeater4[0]<--->Repeater5[0]
REAL
  0.321773  0.0134405  0.0236687  0.0846082
 0.0134405   0.188825 0.00537324 0.00879882
 0.0236687 0.00537324   0.196532 0.00232942
 0.0846082 0.00879882 0.00232942   0.292871
IMAGINARY
           0 -0.000211652    0.0128175   0.00854846
 0.000211652            0   0.00940025   -0.0173712
  -0.0128175  -0.00940025            0    0.0138729
 -0.00854846    0.0173712   -0.0138729            0
Repeater5[0]<--->Repeater4[0]
REAL
  0.321773  0.0236687  0.0134405  0.0846082
 0.0236687   0.196532 0.00537324 0.00232942
 0.0134405 0.00537324   0.188825 0.00879882
 0.0846082 0.00232942 0.00879882   0.292871
IMAGINARY
           0    0.0128175 -0.000211652   0.00854846
  -0.0128175            0  -0.00940025    0.0138729
 0.000211652   0.00940025            0   -0.0173712
 -0.00854846   -0.0138729    0.0173712            0
Repeater5[0]<--->HoM3[0]
REAL
   0.258755   0.0148747 -0.00574472   0.0898871
  0.0148747    0.196498  0.00504958  0.00122392
-0.00574472  0.00504958    0.223735 -0.00131233
  0.0898871  0.00122392 -0.00131233    0.321012
IMAGINARY
          0   0.0123101  -0.0152308 -0.00129093
 -0.0123101           0   0.0140244  0.00981561
  0.0152308  -0.0140244           0  -0.0177252
 0.00129093 -0.00981561   0.0177252           0
Repeater6[0]<--->HoM3[0]
REAL
   0.258755 -0.00574472   0.0148747   0.0898871
-0.00574472    0.223735  0.00504958 -0.00131233
  0.0148747  0.00504958    0.196498  0.00122392
  0.0898871 -0.00131233  0.00122392    0.321012
IMAGINARY
          0  -0.0152308   0.0123101 -0.00129093
  0.0152308           0  -0.0140244  -0.0177252
 -0.0123101   0.0140244           0  0.00981561
 0.00129093   0.0177252 -0.00981561           0
Repeater6[0]<--->Repeater7[0]
REAL
   0.274472   0.0254356 -0.00522543   0.0544915
  0.0254356    0.236084  -0.0114807  0.00880966
-0.00522543  -0.0114807    0.209213   0.0157831
  0.0544915  0.00880966   0.0157831     0.28023
IMAGINARY
           0    0.0109073 -0.000724179   -0.0120902
  -0.0109073            0   0.00610733   0.00940473
 0.000724179  -0.00610733            0   -0.0126434
   0.0120902  -0.00940473    0.0126434            0
Repeater7[0]<--->Repeater6[0]
REAL
   0.274472 -0.00522543   0.0254356   0.0544915
-0.00522543    0.209213  -0.0114807   0.0157831
  0.0254356  -0.0114807    0.236084  0.00880966
  0.0544915   0.0157831  0.00880966     0.28023
IMAGINARY
           0 -0.000724179    0.0109073   -0.0120902
 0.000724179            0  -0.00610733   -0.0126434
  -0.0109073   0.00610733            0   0.00940473
   0.0120902    0.0126434  -0.00940473            0
Repeater7[0]<--->HoM4[0]
REAL
  0.323268  0.0037839  0.0156743  0.0824603
 0.0037839   0.202487 0.00895759 0.00671374
 0.0156743 0.00895759   0.230906 0.00554446
 0.0824603 0.00671374 0.00554446   0.243339
IMAGINARY
          0  -0.0128112 -0.00678918  -0.0192664
  0.0128112           0 -0.00411489    0.016771
 0.00678918  0.00411489           0  -0.0352831
  0.0192664   -0.016771   0.0352831           0
Repeater8[0]<--->HoM4[0]
REAL
  0.323268  0.0156743  0.0037839  0.0824603
 0.0156743   0.230906 0.00895759 0.00554446
 0.0037839 0.00895759   0.202487 0.00671374
 0.0824603 0.00554446 0.00671374   0.243339
IMAGINARY
          0 -0.00678918  -0.0128112  -0.0192664
 0.00678918           0  0.00411489  -0.0352831
  0.0128112 -0.00411489           0    0.016771
  0.0192664   0.0352831   -0.016771           0
Repeater8[0]<--->Repeater9[0]
REAL
  0.257951  0.0222906 -0.0012464  0.0467114
 0.0222906    0.24735  0.0142205  0.0137912
-0.0012464  0.0142205   0.254417  0.0171359
 0.0467114  0.0137912  0.0171359   0.240283
IMAGINARY
          0   0.0275953 -0.00662772 -0.00776649
 -0.0275953           0   0.0130668  0.00482266
 0.00662772  -0.0130668           0  -0.0203751
 0.00776649 -0.00482266   0.0203751           0
Repeater9[0]<--->Repeater8[0]
REAL
  0.257951 -0.0012464  0.0222906  0.0467114
-0.0012464   0.254417  0.0142205  0.0171359
 0.0222906  0.0142205    0.24735  0.0137912
 0.0467114  0.0171359  0.0137912   0.240283
IMAGINARY
          0 -0.00662772   0.0275953 -0.00776649
 0.00662772           0  -0.0130668  -0.0203751
 -0.0275953   0.0130668           0  0.00482266
 0.00776649   0.0203751 -0.00482266           0
Repeater9[0]<--->HoM5[0]
REAL
    0.30212   0.0127558   0.0054218   0.0261215
  0.0127558     0.19788  -0.0243547   0.0157796
  0.0054218  -0.0243547    0.227915 -0.00922223
  0.0261215   0.0157796 -0.00922223    0.272085
IMAGINARY
          0   0.0020939  0.00929625   0.0193181
 -0.0020939           0   0.0219824  -0.0216772
-0.00929625  -0.0219824           0   0.0293347
 -0.0193181   0.0216772  -0.0293347           0
Repeater10[0]<--->HoM5[0]
REAL
    0.30212   0.0054218   0.0127558   0.0261215
  0.0054218    0.227915  -0.0243547 -0.00922223
  0.0127558  -0.0243547     0.19788   0.0157796
  0.0261215 -0.00922223   0.0157796    0.272085
IMAGINARY
          0  0.00929625   0.0020939   0.0193181
-0.00929625           0  -0.0219824   0.0293347
 -0.0020939   0.0219824           0  -0.0216772
 -0.0193181  -0.0293347   0.0216772           0
Repeater10[0]<--->Repeater11[0]
REAL
   0.434164 -0.00474221 -0.00232775    0.384621
-0.00474221   0.0569395 -0.00469233  0.00232775
-0.00232775 -0.00469233   0.0658363   0.0029501
   0.384621  0.00232775   0.0029501     0.44306
IMAGINARY
           0    0.0051312   0.00738745  6.87144e-05
  -0.0051312            0   -0.0135367    0.0250553
 -0.00738745    0.0135367            0  0.000593993
-6.87144e-05   -0.0250553 -0.000593993            0
Repeater11[0]<--->Repeater10[0]
REAL
   0.434164 -0.00232775 -0.00474221    0.384621
-0.00232775   0.0658363 -0.00469233   0.0029501
-0.00474221 -0.00469233   0.0569395  0.00232775
   0.384621   0.0029501  0.00232775     0.44306
IMAGINARY
           0   0.00738745    0.0051312  6.87144e-05
 -0.00738745            0    0.0135367  0.000593993
  -0.0051312   -0.0135367            0    0.0250553
-6.87144e-05 -0.000593993   -0.0250553            0
Repeater11[0]<--->HoM6[0]
REAL
   0.440741 -0.00578887  0.00359291    0.389269
-0.00578887   0.0537037 -0.00290514 -0.00927473
 0.00359291 -0.00290514   0.0611111  -0.0188323
   0.389269 -0.00927473  -0.0188323    0.444444
IMAGINARY
          0   0.0139907   0.0210807   0.0150488
 -0.0139907           0 -0.00624595 -0.00281985
 -0.0210807  0.00624595           0   -0.025295
 -0.0150488  0.00281985    0.025295           0
