EndNode1[0]<--->Repeater1[0]
REAL
    0.49531 -0.00745632  -0.0275484    0.477784
-0.00745632    0.011257 -0.00243186   0.0134639
 -0.0275484 -0.00243186  0.00938086  -0.0101493
   0.477784   0.0134639  -0.0101493    0.484053
IMAGINARY
           0    0.0031842    0.0102458  -0.00628819
  -0.0031842            0  -0.00543056  0.000545595
  -0.0102458   0.00543056            0  -0.00498277
  0.00628819 -0.000545595   0.00498277            0
EndNode2[0]<--->HoM6[0]
REAL
   0.506542   0.0156865   0.0196256    0.482622
  0.0156865  0.00560748  0.00156109 -0.00820205
  0.0196256  0.00156109  0.00560748  0.00100943
   0.482622 -0.00820205  0.00100943    0.482243
IMAGINARY
          0 -0.00971349   0.0110393  -0.0031977
 0.00971349           0  -0.0179291  -0.0129333
 -0.0110393   0.0179291           0   0.0191832
  0.0031977   0.0129333  -0.0191832           0
Repeater1[0]<--->EndNode1[0]
REAL
    0.49531  -0.0275484 -0.00745632    0.477784
 -0.0275484  0.00938086 -0.00243186  -0.0101493
-0.00745632 -0.00243186    0.011257   0.0134639
   0.477784  -0.0101493   0.0134639    0.484053
IMAGINARY
           0    0.0102458    0.0031842  -0.00628819
  -0.0102458            0   0.00543056  -0.00498277
  -0.0031842  -0.00543056            0  0.000545595
  0.00628819   0.00498277 -0.000545595            0
Repeater1[0]<--->HoM1[0]
REAL
    0.481013   -0.0102242   -0.0136015     0.479458
  -0.0102242    0.0126582   0.00275546 -0.000232504
  -0.0136015   0.00275546   0.00904159  -0.00558603
    0.479458 -0.000232504  -0.00558603     0.497288
IMAGINARY
           0  -0.00171843    0.0119062   -0.0189451
  0.00171843            0    0.0291492  -0.00115351
  -0.0119062   -0.0291492            0 -7.36889e-05
   0.0189451   0.00115351  7.36889e-05            0
Repeater2[0]<--->HoM1[0]
REAL
    0.481013   -0.0136015   -0.0102242     0.479458
  -0.0136015   0.00904159   0.00275546  -0.00558603
  -0.0102242   0.00275546    0.0126582 -0.000232504
    0.479458  -0.00558603 -0.000232504     0.497288
IMAGINARY
           0    0.0119062  -0.00171843   -0.0189451
  -0.0119062            0   -0.0291492 -7.36889e-05
  0.00171843    0.0291492            0  -0.00115351
   0.0189451  7.36889e-05   0.00115351            0
Repeater2[0]<--->Repeater3[0]
REAL
   0.486388   0.0159037 -0.00607173    0.457113
  0.0159037   0.0399274 -0.00406976    -0.01045
-0.00607173 -0.00406976   0.0199637  -0.0202515
   0.457113    -0.01045  -0.0202515    0.453721
IMAGINARY
          0  0.00267697 -0.00484807 -0.00226035
-0.00267697           0  0.00315481  0.00392386
 0.00484807 -0.00315481           0  -0.0109949
 0.00226035 -0.00392386   0.0109949           0
Repeater3[0]<--->Repeater2[0]
REAL
   0.486388 -0.00607173   0.0159037    0.457113
-0.00607173   0.0199637 -0.00406976  -0.0202515
  0.0159037 -0.00406976   0.0399274    -0.01045
   0.457113  -0.0202515    -0.01045    0.453721
IMAGINARY
          0 -0.00484807  0.00267697 -0.00226035
 0.00484807           0 -0.00315481  -0.0109949
-0.00267697  0.00315481           0  0.00392386
 0.00226035   0.0109949 -0.00392386           0
Repeater3[0]<--->HoM2[0]
REAL
   0.469501 -0.00910645 -0.00365759    0.441243
-0.00910645   0.0166359 -0.00427541  0.00450938
-0.00365759 -0.00427541   0.0147874  0.00825466
   0.441243  0.00450938  0.00825466    0.499076
IMAGINARY
           0  -0.00126001  -0.00264105   -0.0196841
  0.00126001            0  0.000783746    0.0175795
  0.00264105 -0.000783746            0   -0.0189509
   0.0196841   -0.0175795    0.0189509            0
Repeater4[0]<--->HoM2[0]
REAL
   0.469501 -0.00365759 -0.00910645    0.441243
-0.00365759   0.0147874 -0.00427541  0.00825466
-0.00910645 -0.00427541   0.0166359  0.00450938
   0.441243  0.00825466  0.00450938    0.499076
IMAGINARY
           0  -0.00264105  -0.00126001   -0.0196841
  0.00264105            0 -0.000783746   -0.0189509
  0.00126001  0.000783746            0    0.0175795
   0.0196841    0.0189509   -0.0175795            0
Repeater4[0]<--->Repeater5[0]
REAL
  0.471767 -0.0133423 0.00130435   0.433241
-0.0133423  0.0346084  0.0041502 0.00130435
0.00130435  0.0041502  0.0236794 0.00899447
  0.433241 0.00130435 0.00899447   0.469945
IMAGINARY
          0 -0.00172542  -0.0103896 -0.00800446
 0.00172542           0  0.00349996  -0.0132468
  0.0103896 -0.00349996           0   0.0344527
 0.00800446   0.0132468  -0.0344527           0
Repeater5[0]<--->Repeater4[0]
REAL
  0.471767 0.00130435 -0.0133423   0.433241
0.00130435  0.0236794  0.0041502 0.00899447
-0.0133423  0.0041502  0.0346084 0.00130435
  0.433241 0.00899447 0.00130435   0.469945
IMAGINARY
          0  -0.0103896 -0.00172542 -0.00800446
  0.0103896           0 -0.00349996   0.0344527
 0.00172542  0.00349996           0  -0.0132468
 0.00800446  -0.0344527   0.0132468           0
Repeater5[0]<--->HoM3[0]
REAL
   0.493333  0.00547464  0.00548232    0.426792
 0.00547464   0.0209524 -0.00283763   0.0097268
 0.00548232 -0.00283763   0.0438095    0.017339
   0.426792   0.0097268    0.017339    0.441905
IMAGINARY
           0    0.0208514   -0.0350926   -0.0289194
  -0.0208514            0   0.00725873 -9.25926e-05
   0.0350926  -0.00725873            0    0.0143337
   0.0289194  9.25926e-05   -0.0143337            0
Repeater6[0]<--->HoM3[0]
REAL
   0.493333  0.00548232  0.00547464    0.426792
 0.00548232   0.0438095 -0.00283763    0.017339
 0.00547464 -0.00283763   0.0209524   0.0097268
   0.426792    0.017339   0.0097268    0.441905
IMAGINARY
           0   -0.0350926    0.0208514   -0.0289194
   0.0350926            0  -0.00725873    0.0143337
  -0.0208514   0.00725873            0 -9.25926e-05
   0.0289194   -0.0143337  9.25926e-05            0
Repeater6[0]<--->Repeater7[0]
REAL
    0.467128   0.00828818 -0.000482572     0.416968
  0.00828818    0.0346021    0.0165987    0.0162168
-0.000482572    0.0165987    0.0380623   -0.0100364
    0.416968    0.0162168   -0.0100364     0.460208
IMAGINARY
          0 -0.00241563  -0.0175894  -0.0128617
 0.00241563           0  -0.0048688 -0.00086078
  0.0175894   0.0048688           0 -0.00865448
  0.0128617  0.00086078  0.00865448           0
Repeater7[0]<--->Repeater6[0]
REAL
    0.467128 -0.000482572   0.00828818     0.416968
-0.000482572    0.0380623    0.0165987   -0.0100364
  0.00828818    0.0165987    0.0346021    0.0162168
    0.416968   -0.0100364    0.0162168     0.460208
IMAGINARY
          0  -0.0175894 -0.00241563  -0.0128617
  0.0175894           0   0.0048688 -0.00865448
 0.00241563  -0.0048688           0 -0.00086078
  0.0128617  0.00865448  0.00086078           0
Repeater7[0]<--->HoM4[0]
REAL
   0.392857   0.0106516   0.0135367     0.40024
  0.0106516   0.0545113 -0.00228091   0.0153749
  0.0135367 -0.00228091    0.037594  0.00125313
    0.40024   0.0153749  0.00125313    0.515038
IMAGINARY
         0 -0.0185989 -0.0139902  0.0304442
 0.0185989          0  -0.021703  0.0400406
 0.0139902   0.021703          0 -0.0141742
-0.0304442 -0.0400406  0.0141742          0
Repeater8[0]<--->HoM4[0]
REAL
   0.392857   0.0135367   0.0106516     0.40024
  0.0135367    0.037594 -0.00228091  0.00125313
  0.0106516 -0.00228091   0.0545113   0.0153749
    0.40024  0.00125313   0.0153749    0.515038
IMAGINARY
         0 -0.0139902 -0.0185989  0.0304442
 0.0139902          0   0.021703 -0.0141742
 0.0185989  -0.021703          0  0.0400406
-0.0304442  0.0141742 -0.0400406          0
Repeater8[0]<--->Repeater9[0]
REAL
   0.437262   0.0165601 -0.00414061    0.390632
  0.0165601   0.0608365  0.00325313   0.0167305
-0.00414061  0.00325313   0.0798479 -0.00936584
   0.390632   0.0167305 -0.00936584    0.422053
IMAGINARY
          0   0.0188048  -0.0437058  0.00572397
 -0.0188048           0 -0.00826204 -0.00969223
  0.0437058  0.00826204           0   0.0268262
-0.00572397  0.00969223  -0.0268262           0
Repeater9[0]<--->Repeater8[0]
REAL
   0.437262 -0.00414061   0.0165601    0.390632
-0.00414061   0.0798479  0.00325313 -0.00936584
  0.0165601  0.00325313   0.0608365   0.0167305
   0.390632 -0.00936584   0.0167305    0.422053
IMAGINARY
          0  -0.0437058   0.0188048  0.00572397
  0.0437058           0  0.00826204   0.0268262
 -0.0188048 -0.00826204           0 -0.00969223
-0.00572397  -0.0268262  0.00969223           0
Repeater9[0]<--->HoM5[0]
REAL
   0.420394  -0.0186704 -0.00820321    0.397576
 -0.0186704   0.0608229  0.00683551  -0.0156938
-0.00820321  0.00683551   0.0429338   0.0205087
   0.397576  -0.0156938   0.0205087     0.47585
IMAGINARY
          0  0.00716175  -0.0121066  -0.0173657
-0.00716175           0 -0.00350245   0.0102548
  0.0121066  0.00350245           0   0.0224679
  0.0173657  -0.0102548  -0.0224679           0
Repeater10[0]<--->HoM5[0]
REAL
   0.420394 -0.00820321  -0.0186704    0.397576
-0.00820321   0.0429338  0.00683551   0.0205087
 -0.0186704  0.00683551   0.0608229  -0.0156938
   0.397576   0.0205087  -0.0156938     0.47585
IMAGINARY
          0  -0.0121066  0.00716175  -0.0173657
  0.0121066           0  0.00350245   0.0224679
-0.00716175 -0.00350245           0   0.0102548
  0.0173657  -0.0224679  -0.0102548           0
Repeater10[0]<--->Repeater11[0]
REAL
  0.512681  0.0194442  0.0136771   0.479883
 0.0194442 0.00543478 0.00190171 -0.0073019
 0.0136771 0.00190171 0.00543478  -0.013069
  0.479883 -0.0073019  -0.013069   0.476449
IMAGINARY
          0 -0.00537611  0.00272177  0.00542831
 0.00537611           0 -0.00813101  0.00370025
-0.00272177  0.00813101           0  0.00629355
-0.00542831 -0.00370025 -0.00629355           0
Repeater11[0]<--->Repeater10[0]
REAL
  0.512681  0.0136771  0.0194442   0.479883
 0.0136771 0.00543478 0.00190171  -0.013069
 0.0194442 0.00190171 0.00543478 -0.0073019
  0.479883  -0.013069 -0.0073019   0.476449
IMAGINARY
          0  0.00272177 -0.00537611  0.00542831
-0.00272177           0  0.00813101  0.00629355
 0.00537611 -0.00813101           0  0.00370025
-0.00542831 -0.00629355 -0.00370025           0
Repeater11[0]<--->HoM6[0]
REAL
   0.506542   0.0196256   0.0156865    0.482622
  0.0196256  0.00560748  0.00156109  0.00100943
  0.0156865  0.00156109  0.00560748 -0.00820205
   0.482622  0.00100943 -0.00820205    0.482243
IMAGINARY
          0   0.0110393 -0.00971349  -0.0031977
 -0.0110393           0   0.0179291   0.0191832
 0.00971349  -0.0179291           0  -0.0129333
  0.0031977  -0.0191832   0.0129333           0
