EndNode1[0]<--->Repeater1[0]
REAL
  0.447706  0.0116726 -0.0129531   0.459783
 0.0116726  0.0275229  0.0127126 0.00214759
-0.0129531  0.0127126  0.0238532 -0.0224781
  0.459783 0.00214759 -0.0224781   0.500917
IMAGINARY
          0  -0.0179549   0.0183594   0.0203685
  0.0179549           0  0.00957709  -0.0174143
 -0.0183594 -0.00957709           0   0.0207905
 -0.0203685   0.0174143  -0.0207905           0
EndNode2[0]<--->HoM6[0]
REAL
    0.504505  -0.00760326   -0.0152042     0.469354
 -0.00760326   0.00900901   -0.0104254 -0.000867256
  -0.0152042   -0.0104254    0.0126126  -0.00668245
    0.469354 -0.000867256  -0.00668245     0.473874
IMAGINARY
          0 -0.00567227  -0.0159018   0.0162705
 0.00567227           0  -0.0108748 -0.00431879
  0.0159018   0.0108748           0   0.0203782
 -0.0162705  0.00431879  -0.0203782           0
Repeater1[0]<--->EndNode1[0]
REAL
  0.447706 -0.0129531  0.0116726   0.459783
-0.0129531  0.0238532  0.0127126 -0.0224781
 0.0116726  0.0127126  0.0275229 0.00214759
  0.459783 -0.0224781 0.00214759   0.500917
IMAGINARY
          0   0.0183594  -0.0179549   0.0203685
 -0.0183594           0 -0.00957709   0.0207905
  0.0179549  0.00957709           0  -0.0174143
 -0.0203685  -0.0207905   0.0174143           0
Repeater1[0]<--->HoM1[0]
REAL
    0.470377   0.00893515   0.00482162     0.457237
  0.00893515    0.0233393 -0.000170609    0.0085952
  0.00482162 -0.000170609     0.021544   0.00805949
    0.457237    0.0085952   0.00805949      0.48474
IMAGINARY
          0   0.0117647  -0.0348765  -0.0158696
 -0.0117647           0  -0.0341304 -0.00401235
  0.0348765   0.0341304           0   0.0215686
  0.0158696  0.00401235  -0.0215686           0
Repeater2[0]<--->HoM1[0]
REAL
    0.470377   0.00482162   0.00893515     0.457237
  0.00482162     0.021544 -0.000170609   0.00805949
  0.00893515 -0.000170609    0.0233393    0.0085952
    0.457237   0.00805949    0.0085952      0.48474
IMAGINARY
          0  -0.0348765   0.0117647  -0.0158696
  0.0348765           0   0.0341304   0.0215686
 -0.0117647  -0.0341304           0 -0.00401235
  0.0158696  -0.0215686  0.00401235           0
Repeater2[0]<--->Repeater3[0]
REAL
   0.468519 -0.00964642  0.00648489    0.399511
-0.00964642   0.0351852  0.00326724   -0.008221
 0.00648489  0.00326724   0.0481481  0.00443809
   0.399511   -0.008221  0.00443809    0.448148
IMAGINARY
         0  0.0215069 -0.0184116 -0.0182942
-0.0215069          0  -0.027005   0.019306
 0.0184116   0.027005          0 -0.0259792
 0.0182942  -0.019306  0.0259792          0
Repeater3[0]<--->Repeater2[0]
REAL
   0.468519  0.00648489 -0.00964642    0.399511
 0.00648489   0.0481481  0.00326724  0.00443809
-0.00964642  0.00326724   0.0351852   -0.008221
   0.399511  0.00443809   -0.008221    0.448148
IMAGINARY
         0 -0.0184116  0.0215069 -0.0182942
 0.0184116          0   0.027005 -0.0259792
-0.0215069  -0.027005          0   0.019306
 0.0182942  0.0259792  -0.019306          0
Repeater3[0]<--->HoM2[0]
REAL
  0.436494 -0.0110048 -0.0190063   0.404495
-0.0110048  0.0429338 -0.0145697  0.0227377
-0.0190063 -0.0145697  0.0411449  0.0016764
  0.404495  0.0227377  0.0016764   0.479428
IMAGINARY
          0  -0.0102832 -0.00376971 -0.00285449
  0.0102832           0  -0.0107079 -0.00882022
 0.00376971   0.0107079           0   0.0138803
 0.00285449  0.00882022  -0.0138803           0
Repeater4[0]<--->HoM2[0]
REAL
  0.436494 -0.0190063 -0.0110048   0.404495
-0.0190063  0.0411449 -0.0145697  0.0016764
-0.0110048 -0.0145697  0.0429338  0.0227377
  0.404495  0.0016764  0.0227377   0.479428
IMAGINARY
          0 -0.00376971  -0.0102832 -0.00285449
 0.00376971           0   0.0107079   0.0138803
  0.0102832  -0.0107079           0 -0.00882022
 0.00285449  -0.0138803  0.00882022           0
Repeater4[0]<--->Repeater5[0]
REAL
   0.478599   0.0130712  0.00576593    0.360759
  0.0130712   0.0719844 -0.00954805  -0.0213369
 0.00576593 -0.00954805   0.0505837  -0.0113411
   0.360759  -0.0213369  -0.0113411    0.398833
IMAGINARY
          0   0.0428601  -0.0244137   0.0077788
 -0.0428601           0 -0.00685115  -0.0216614
  0.0244137  0.00685115           0 -0.00019794
 -0.0077788   0.0216614  0.00019794           0
Repeater5[0]<--->Repeater4[0]
REAL
   0.478599  0.00576593   0.0130712    0.360759
 0.00576593   0.0505837 -0.00954805  -0.0113411
  0.0130712 -0.00954805   0.0719844  -0.0213369
   0.360759  -0.0113411  -0.0213369    0.398833
IMAGINARY
          0  -0.0244137   0.0428601   0.0077788
  0.0244137           0  0.00685115 -0.00019794
 -0.0428601 -0.00685115           0  -0.0216614
 -0.0077788  0.00019794   0.0216614           0
Repeater5[0]<--->HoM3[0]
REAL
    0.470483     0.016831   -0.0188914     0.346902
    0.016831    0.0697674    -0.023708 -0.000120038
  -0.0188914    -0.023708    0.0733453    -0.003523
    0.346902 -0.000120038    -0.003523     0.386404
IMAGINARY
          0  0.00515818  -0.0101504  -0.0134652
-0.00515818           0 -0.00875706   0.0166199
  0.0101504  0.00875706           0 -0.00793082
  0.0134652  -0.0166199  0.00793082           0
Repeater6[0]<--->HoM3[0]
REAL
    0.470483   -0.0188914     0.016831     0.346902
  -0.0188914    0.0733453    -0.023708    -0.003523
    0.016831    -0.023708    0.0697674 -0.000120038
    0.346902    -0.003523 -0.000120038     0.386404
IMAGINARY
          0  -0.0101504  0.00515818  -0.0134652
  0.0101504           0  0.00875706 -0.00793082
-0.00515818 -0.00875706           0   0.0166199
  0.0134652  0.00793082  -0.0166199           0
Repeater6[0]<--->Repeater7[0]
REAL
   0.415652  -0.0157488 0.000390625    0.295871
 -0.0157488   0.0973913  0.00686364  -0.0121094
0.000390625  0.00686364   0.0834783   0.0177019
   0.295871  -0.0121094   0.0177019    0.403478
IMAGINARY
          0  0.00122867 -0.00643316  0.00982895
-0.00122867           0  0.00228178  0.00111401
 0.00643316 -0.00228178           0 -0.00477476
-0.00982895 -0.00111401  0.00477476           0
Repeater7[0]<--->Repeater6[0]
REAL
   0.415652 0.000390625  -0.0157488    0.295871
0.000390625   0.0834783  0.00686364   0.0177019
 -0.0157488  0.00686364   0.0973913  -0.0121094
   0.295871   0.0177019  -0.0121094    0.403478
IMAGINARY
          0 -0.00643316  0.00122867  0.00982895
 0.00643316           0 -0.00228178 -0.00477476
-0.00122867  0.00228178           0  0.00111401
-0.00982895  0.00477476 -0.00111401           0
Repeater7[0]<--->HoM4[0]
REAL
   0.426573    0.006603  0.00519219    0.353782
   0.006603   0.0699301  0.00336134   0.0209402
 0.00519219  0.00336134   0.0664336 -0.00486084
   0.353782   0.0209402 -0.00486084    0.437063
IMAGINARY
          0 -0.00252101  0.00167359  0.00503326
 0.00252101           0 -0.00218696  0.00588944
-0.00167359  0.00218696           0  0.00336134
-0.00503326 -0.00588944 -0.00336134           0
Repeater8[0]<--->HoM4[0]
REAL
   0.426573  0.00519219    0.006603    0.353782
 0.00519219   0.0664336  0.00336134 -0.00486084
   0.006603  0.00336134   0.0699301   0.0209402
   0.353782 -0.00486084   0.0209402    0.437063
IMAGINARY
          0  0.00167359 -0.00252101  0.00503326
-0.00167359           0  0.00218696  0.00336134
 0.00252101 -0.00218696           0  0.00588944
-0.00503326 -0.00336134 -0.00588944           0
Repeater8[0]<--->Repeater9[0]
REAL
    0.406957    0.0149955   8.5173e-05     0.310167
   0.0149955     0.109565  -0.00137153    0.0219034
  8.5173e-05  -0.00137153    0.0834783 -0.000655199
    0.310167    0.0219034 -0.000655199          0.4
IMAGINARY
          0   0.0149974 -0.00652788  0.00451822
 -0.0149974           0  0.00639088   0.0219125
 0.00652788 -0.00639088           0 -0.00345896
-0.00451822  -0.0219125  0.00345896           0
Repeater9[0]<--->Repeater8[0]
REAL
    0.406957   8.5173e-05    0.0149955     0.310167
  8.5173e-05    0.0834783  -0.00137153 -0.000655199
   0.0149955  -0.00137153     0.109565    0.0219034
    0.310167 -0.000655199    0.0219034          0.4
IMAGINARY
          0 -0.00652788   0.0149974  0.00451822
 0.00652788           0 -0.00639088 -0.00345896
 -0.0149974  0.00639088           0   0.0219125
-0.00451822  0.00345896  -0.0219125           0
Repeater9[0]<--->HoM5[0]
REAL
   0.402418  -0.0139225 -0.00712351    0.302944
 -0.0139225    0.115717  0.00691514 -0.00520043
-0.00712351  0.00691514    0.100173 -0.00192254
   0.302944 -0.00520043 -0.00192254    0.381693
IMAGINARY
           0   -0.0436233   0.00327363    0.0375046
   0.0436233            0   -0.0029913    0.0346325
 -0.00327363    0.0029913            0  0.000301967
  -0.0375046   -0.0346325 -0.000301967            0
Repeater10[0]<--->HoM5[0]
REAL
   0.402418 -0.00712351  -0.0139225    0.302944
-0.00712351    0.100173  0.00691514 -0.00192254
 -0.0139225  0.00691514    0.115717 -0.00520043
   0.302944 -0.00192254 -0.00520043    0.381693
IMAGINARY
           0   0.00327363   -0.0436233    0.0375046
 -0.00327363            0    0.0029913  0.000301967
   0.0436233   -0.0029913            0    0.0346325
  -0.0375046 -0.000301967   -0.0346325            0
Repeater10[0]<--->Repeater11[0]
REAL
    0.46824  0.00189688 -0.00795663     0.46798
 0.00189688  0.00725953 0.000303407   0.0266133
-0.00795663 0.000303407   0.0108893   0.0186255
    0.46798   0.0266133   0.0186255    0.513612
IMAGINARY
         0  -0.012495  0.0137472  -0.016323
  0.012495          0   0.016323  0.0155457
-0.0137472  -0.016323          0 -0.0167979
  0.016323 -0.0155457  0.0167979          0
Repeater11[0]<--->Repeater10[0]
REAL
    0.46824 -0.00795663  0.00189688     0.46798
-0.00795663   0.0108893 0.000303407   0.0186255
 0.00189688 0.000303407  0.00725953   0.0266133
    0.46798   0.0186255   0.0266133    0.513612
IMAGINARY
         0  0.0137472  -0.012495  -0.016323
-0.0137472          0  -0.016323 -0.0167979
  0.012495   0.016323          0  0.0155457
  0.016323  0.0167979 -0.0155457          0
Repeater11[0]<--->HoM6[0]
REAL
    0.504505   -0.0152042  -0.00760326     0.469354
  -0.0152042    0.0126126   -0.0104254  -0.00668245
 -0.00760326   -0.0104254   0.00900901 -0.000867256
    0.469354  -0.00668245 -0.000867256     0.473874
IMAGINARY
          0  -0.0159018 -0.00567227   0.0162705
  0.0159018           0   0.0108748   0.0203782
 0.00567227  -0.0108748           0 -0.00431879
 -0.0162705  -0.0203782  0.00431879           0
EndNode1[0]<--->Repeater1[0]
REAL
   0.488764  -0.0016063  0.00721426    0.452187
 -0.0016063   0.0262841 -0.00475329 -0.00461712
 0.00721426 -0.00475329   0.0228732 -0.00140638
   0.452187 -0.00461712 -0.00140638    0.462079
IMAGINARY
           0   0.00630362  -0.00808723   0.00945129
 -0.00630362            0  -0.00598388   0.00297516
  0.00808723   0.00598388            0 -0.000994925
 -0.00945129  -0.00297516  0.000994925            0
EndNode2[0]<--->HoM6[0]
REAL
   0.475998  -0.0086328  -0.0113051    0.474799
 -0.0086328   0.0141787 0.000560436 0.000561969
 -0.0113051 0.000560436   0.0141787 -0.00151898
   0.474799 0.000561969 -0.00151898    0.495645
IMAGINARY
          0 -0.00095721 -0.00918369  0.00690346
 0.00095721           0 -0.00092333 -0.00155011
 0.00918369  0.00092333           0    0.011691
-0.00690346  0.00155011   -0.011691           0
Repeater1[0]<--->EndNode1[0]
REAL
   0.488764  0.00721426  -0.0016063    0.452187
 0.00721426   0.0228732 -0.00475329 -0.00140638
 -0.0016063 -0.00475329   0.0262841 -0.00461712
   0.452187 -0.00140638 -0.00461712    0.462079
IMAGINARY
           0  -0.00808723   0.00630362   0.00945129
  0.00808723            0   0.00598388 -0.000994925
 -0.00630362  -0.00598388            0   0.00297516
 -0.00945129  0.000994925  -0.00297516            0
Repeater1[0]<--->HoM1[0]
REAL
   0.467946 -0.00736646 -0.00342264    0.452682
-0.00736646   0.0251286  0.00220495 -0.00271111
-0.00342264  0.00220495   0.0239414 0.000836982
   0.452682 -0.00271111 0.000836982    0.482984
IMAGINARY
          0 -0.00102423  0.00591764  -0.0014867
 0.00102423           0 -0.00390898  -0.0118842
-0.00591764  0.00390898           0  0.00838302
  0.0014867   0.0118842 -0.00838302           0
Repeater2[0]<--->HoM1[0]
REAL
   0.467946 -0.00342264 -0.00736646    0.452682
-0.00342264   0.0239414  0.00220495 0.000836982
-0.00736646  0.00220495   0.0251286 -0.00271111
   0.452682 0.000836982 -0.00271111    0.482984
IMAGINARY
          0  0.00591764 -0.00102423  -0.0014867
-0.00591764           0  0.00390898  0.00838302
 0.00102423 -0.00390898           0  -0.0118842
  0.0014867 -0.00838302   0.0118842           0
Repeater2[0]<--->Repeater3[0]
REAL
    0.44944 -0.00747884  -0.0103197    0.407245
-0.00747884   0.0507594 0.000830948 -0.00353871
 -0.0103197 0.000830948    0.048761 -0.00219214
   0.407245 -0.00353871 -0.00219214    0.451039
IMAGINARY
          0 -0.00150825 -0.00166719 -0.00182217
 0.00150825           0   0.0032205  0.00186888
 0.00166719  -0.0032205           0  0.00049978
 0.00182217 -0.00186888 -0.00049978           0
Repeater3[0]<--->Repeater2[0]
REAL
    0.44944  -0.0103197 -0.00747884    0.407245
 -0.0103197    0.048761 0.000830948 -0.00219214
-0.00747884 0.000830948   0.0507594 -0.00353871
   0.407245 -0.00219214 -0.00353871    0.451039
IMAGINARY
          0 -0.00166719 -0.00150825 -0.00182217
 0.00166719           0  -0.0032205  0.00049978
 0.00150825   0.0032205           0  0.00186888
 0.00182217 -0.00049978 -0.00186888           0
Repeater3[0]<--->HoM2[0]
REAL
   0.447473  0.00207885 -0.00568072    0.410573
 0.00207885   0.0487465 -0.00440326  0.00341382
-0.00568072 -0.00440326   0.0465579 -0.00079756
   0.410573  0.00341382 -0.00079756    0.457222
IMAGINARY
           0   0.00885457  -0.00691984  0.000958017
 -0.00885457            0  -0.00105893  -0.00731904
  0.00691984   0.00105893            0   0.00558919
-0.000958017   0.00731904  -0.00558919            0
Repeater4[0]<--->HoM2[0]
REAL
   0.447473 -0.00568072  0.00207885    0.410573
-0.00568072   0.0465579 -0.00440326 -0.00079756
 0.00207885 -0.00440326   0.0487465  0.00341382
   0.410573 -0.00079756  0.00341382    0.457222
IMAGINARY
           0  -0.00691984   0.00885457  0.000958017
  0.00691984            0   0.00105893   0.00558919
 -0.00885457  -0.00105893            0  -0.00731904
-0.000958017  -0.00558919   0.00731904            0
Repeater4[0]<--->Repeater5[0]
REAL
    0.421733  -0.00565814  -0.00682323     0.364585
 -0.00565814    0.0648354 -0.000279627  -0.00511469
 -0.00682323 -0.000279627    0.0654413  -0.00667771
    0.364585  -0.00511469  -0.00667771      0.44799
IMAGINARY
          0   -0.001937 -0.00440882  0.00380522
   0.001937           0 -0.00351185  0.00010452
 0.00440882  0.00351185           0   0.0040391
-0.00380522 -0.00010452  -0.0040391           0
Repeater5[0]<--->Repeater4[0]
REAL
    0.421733  -0.00682323  -0.00565814     0.364585
 -0.00682323    0.0654413 -0.000279627  -0.00667771
 -0.00565814 -0.000279627    0.0648354  -0.00511469
    0.364585  -0.00667771  -0.00511469      0.44799
IMAGINARY
          0 -0.00440882   -0.001937  0.00380522
 0.00440882           0  0.00351185   0.0040391
   0.001937 -0.00351185           0  0.00010452
-0.00380522  -0.0040391 -0.00010452           0
Repeater5[0]<--->HoM3[0]
REAL
  0.425094 0.00555997  0.0056267    0.36536
0.00555997  0.0643182 0.00695965 0.00410324
 0.0056267 0.00695965  0.0657035 0.00555997
   0.36536 0.00410324 0.00555997   0.444884
IMAGINARY
           0   0.00625101   -0.0052024   0.00485134
 -0.00625101            0 -0.000990721    0.0016024
   0.0052024  0.000990721            0  -0.00225101
 -0.00485134   -0.0016024   0.00225101            0
Repeater6[0]<--->HoM3[0]
REAL
  0.425094  0.0056267 0.00555997    0.36536
 0.0056267  0.0657035 0.00695965 0.00555997
0.00555997 0.00695965  0.0643182 0.00410324
   0.36536 0.00555997 0.00410324   0.444884
IMAGINARY
           0   -0.0052024   0.00625101   0.00485134
   0.0052024            0  0.000990721  -0.00225101
 -0.00625101 -0.000990721            0    0.0016024
 -0.00485134   0.00225101   -0.0016024            0
Repeater6[0]<--->Repeater7[0]
REAL
   0.419702 -0.00315018 -0.00204012    0.328489
-0.00315018    0.079906 -0.00817607 -0.00657367
-0.00204012 -0.00817607   0.0836271 -0.00526328
   0.328489 -0.00657367 -0.00526328    0.416765
IMAGINARY
          0  0.00242907 -0.00231877  0.00725752
-0.00242907           0  0.00301167 -0.00202203
 0.00231877 -0.00301167           0  0.00372881
-0.00725752  0.00202203 -0.00372881           0
Repeater7[0]<--->Repeater6[0]
REAL
   0.419702 -0.00204012 -0.00315018    0.328489
-0.00204012   0.0836271 -0.00817607 -0.00526328
-0.00315018 -0.00817607    0.079906 -0.00657367
   0.328489 -0.00526328 -0.00657367    0.416765
IMAGINARY
          0 -0.00231877  0.00242907  0.00725752
 0.00231877           0 -0.00301167  0.00372881
-0.00242907  0.00301167           0 -0.00202203
-0.00725752 -0.00372881  0.00202203           0
Repeater7[0]<--->HoM4[0]
REAL
    0.409216 -0.000852042  -0.00867227     0.338163
-0.000852042    0.0770588  -0.00343098   0.00287691
 -0.00867227  -0.00343098    0.0833333  -0.00474348
    0.338163   0.00287691  -0.00474348     0.430392
IMAGINARY
           0 -0.000757301    0.0024025  -0.00700129
 0.000757301            0 -0.000236466   0.00781397
  -0.0024025  0.000236466            0  0.000453842
  0.00700129  -0.00781397 -0.000453842            0
Repeater8[0]<--->HoM4[0]
REAL
    0.409216  -0.00867227 -0.000852042     0.338163
 -0.00867227    0.0833333  -0.00343098  -0.00474348
-0.000852042  -0.00343098    0.0770588   0.00287691
    0.338163  -0.00474348   0.00287691     0.430392
IMAGINARY
           0    0.0024025 -0.000757301  -0.00700129
  -0.0024025            0  0.000236466  0.000453842
 0.000757301 -0.000236466            0   0.00781397
  0.00700129 -0.000453842  -0.00781397            0
Repeater8[0]<--->Repeater9[0]
REAL
  0.396091 -0.0021618 0.00202064   0.301463
-0.0021618  0.0973275 0.00576838 -0.0062156
0.00202064 0.00576838  0.0999202 0.00495845
  0.301463 -0.0062156 0.00495845   0.406661
IMAGINARY
           0  -0.00280126   0.00642464  0.000338347
  0.00280126            0  -0.00777404 -0.000941297
 -0.00642464   0.00777404            0  0.000973479
-0.000338347  0.000941297 -0.000973479            0
Repeater9[0]<--->Repeater8[0]
REAL
  0.396091 0.00202064 -0.0021618   0.301463
0.00202064  0.0999202 0.00576838 0.00495845
-0.0021618 0.00576838  0.0973275 -0.0062156
  0.301463 0.00495845 -0.0062156   0.406661
IMAGINARY
           0   0.00642464  -0.00280126  0.000338347
 -0.00642464            0   0.00777404  0.000973479
  0.00280126  -0.00777404            0 -0.000941297
-0.000338347 -0.000973479  0.000941297            0
Repeater9[0]<--->HoM5[0]
REAL
   0.397761   0.0012693 -0.00577835    0.307746
  0.0012693    0.103738 -0.00348331  0.00167198
-0.00577835 -0.00348331   0.0957426   0.0112454
   0.307746  0.00167198   0.0112454    0.402758
IMAGINARY
          0  0.00403255 -0.00562689 -0.00299705
-0.00403255           0  0.00805156 -0.00279518
 0.00562689 -0.00805156           0 -0.00238685
 0.00299705  0.00279518  0.00238685           0
Repeater10[0]<--->HoM5[0]
REAL
   0.397761 -0.00577835   0.0012693    0.307746
-0.00577835   0.0957426 -0.00348331   0.0112454
  0.0012693 -0.00348331    0.103738  0.00167198
   0.307746   0.0112454  0.00167198    0.402758
IMAGINARY
          0 -0.00562689  0.00403255 -0.00299705
 0.00562689           0 -0.00805156 -0.00238685
-0.00403255  0.00805156           0 -0.00279518
 0.00299705  0.00238685  0.00279518           0
Repeater10[0]<--->Repeater11[0]
REAL
    0.488663 -5.56519e-05  -0.00805914     0.473802
-5.56519e-05    0.0125298 -0.000720367    0.0116751
 -0.00805914 -0.000720367    0.0113365   0.00407333
    0.473802    0.0116751   0.00407333      0.48747
IMAGINARY
          0 -0.00121027  -0.0101137  0.00025225
 0.00121027           0  0.00324985  0.00631259
  0.0101137 -0.00324985           0  0.00213487
-0.00025225 -0.00631259 -0.00213487           0
Repeater11[0]<--->Repeater10[0]
REAL
    0.488663  -0.00805914 -5.56519e-05     0.473802
 -0.00805914    0.0113365 -0.000720367   0.00407333
-5.56519e-05 -0.000720367    0.0125298    0.0116751
    0.473802   0.00407333    0.0116751      0.48747
IMAGINARY
          0  -0.0101137 -0.00121027  0.00025225
  0.0101137           0 -0.00324985  0.00213487
 0.00121027  0.00324985           0  0.00631259
-0.00025225 -0.00213487 -0.00631259           0
Repeater11[0]<--->HoM6[0]
REAL
   0.475998  -0.0113051  -0.0086328    0.474799
 -0.0113051   0.0141787 0.000560436 -0.00151898
 -0.0086328 0.000560436   0.0141787 0.000561969
   0.474799 -0.00151898 0.000561969    0.495645
IMAGINARY
          0 -0.00918369 -0.00095721  0.00690346
 0.00918369           0  0.00092333    0.011691
 0.00095721 -0.00092333           0 -0.00155011
-0.00690346   -0.011691  0.00155011           0
EndNode1[0]<--->Repeater1[0]
REAL
   0.479227 -0.00720781  0.00516222    0.449991
-0.00720781   0.0234471 0.000335344 -0.00189684
 0.00516222 0.000335344   0.0222131   0.0106711
   0.449991 -0.00189684   0.0106711    0.475113
IMAGINARY
           0 -0.000618172   0.00494034     -0.00226
 0.000618172            0   0.00770016   0.00223764
 -0.00494034  -0.00770016            0  -0.00734643
     0.00226  -0.00223764   0.00734643            0
EndNode2[0]<--->HoM6[0]
REAL
    0.483166 -0.000536745   0.00423994     0.474365
-0.000536745    0.0112224 -0.000985999   0.00516758
  0.00423994 -0.000985999    0.0124248    0.0101444
    0.474365   0.00516758    0.0101444     0.493186
IMAGINARY
           0  -0.00295908 -0.000596172  -0.00392698
  0.00295908            0  -0.00323129  -0.00561625
 0.000596172   0.00323129            0    0.0057647
  0.00392698   0.00561625   -0.0057647            0
Repeater1[0]<--->EndNode1[0]
REAL
   0.479227  0.00516222 -0.00720781    0.449991
 0.00516222   0.0222131 0.000335344   0.0106711
-0.00720781 0.000335344   0.0234471 -0.00189684
   0.449991   0.0106711 -0.00189684    0.475113
IMAGINARY
           0   0.00494034 -0.000618172     -0.00226
 -0.00494034            0  -0.00770016  -0.00734643
 0.000618172   0.00770016            0   0.00223764
     0.00226   0.00734643  -0.00223764            0
Repeater1[0]<--->HoM1[0]
REAL
   0.488902 -0.00472118  0.00461484    0.451734
-0.00472118   0.0221953  0.00274824 -0.00133518
 0.00461484  0.00274824   0.0240113   0.0046218
   0.451734 -0.00133518   0.0046218    0.464891
IMAGINARY
           0   -0.0101477    0.0036671   0.00358793
   0.0101477            0  0.000618805    0.0046679
  -0.0036671 -0.000618805            0   0.00261609
 -0.00358793   -0.0046679  -0.00261609            0
Repeater2[0]<--->HoM1[0]
REAL
   0.488902  0.00461484 -0.00472118    0.451734
 0.00461484   0.0240113  0.00274824   0.0046218
-0.00472118  0.00274824   0.0221953 -0.00133518
   0.451734   0.0046218 -0.00133518    0.464891
IMAGINARY
           0    0.0036671   -0.0101477   0.00358793
  -0.0036671            0 -0.000618805   0.00261609
   0.0101477  0.000618805            0    0.0046679
 -0.00358793  -0.00261609   -0.0046679            0
Repeater2[0]<--->Repeater3[0]
REAL
    0.456946  -0.00467283  -0.00321471     0.407327
 -0.00467283    0.0471162   0.00295245 -0.000647444
 -0.00321471   0.00295245    0.0511779  -0.00255632
    0.407327 -0.000647444  -0.00255632      0.44476
IMAGINARY
           0   0.00410208 -0.000943618   0.00510383
 -0.00410208            0  -0.00560134   0.00307993
 0.000943618   0.00560134            0  -0.00664531
 -0.00510383  -0.00307993   0.00664531            0
Repeater3[0]<--->Repeater2[0]
REAL
    0.456946  -0.00321471  -0.00467283     0.407327
 -0.00321471    0.0511779   0.00295245  -0.00255632
 -0.00467283   0.00295245    0.0471162 -0.000647444
    0.407327  -0.00255632 -0.000647444      0.44476
IMAGINARY
           0 -0.000943618   0.00410208   0.00510383
 0.000943618            0   0.00560134  -0.00664531
 -0.00410208  -0.00560134            0   0.00307993
 -0.00510383   0.00664531  -0.00307993            0
Repeater3[0]<--->HoM2[0]
REAL
     0.45595 -0.000150621   0.00170315     0.408595
-0.000150621    0.0437487  -0.00461245   0.00421168
  0.00170315  -0.00461245     0.042344   0.00310803
    0.408595   0.00421168   0.00310803     0.457957
IMAGINARY
           0 -0.000176755   0.00205996   0.00422945
 0.000176755            0   0.00212228  -0.00434398
 -0.00205996  -0.00212228            0  -0.00210726
 -0.00422945   0.00434398   0.00210726            0
Repeater4[0]<--->HoM2[0]
REAL
     0.45595   0.00170315 -0.000150621     0.408595
  0.00170315     0.042344  -0.00461245   0.00310803
-0.000150621  -0.00461245    0.0437487   0.00421168
    0.408595   0.00310803   0.00421168     0.457957
IMAGINARY
           0   0.00205996 -0.000176755   0.00422945
 -0.00205996            0  -0.00212228  -0.00210726
 0.000176755   0.00212228            0  -0.00434398
 -0.00422945   0.00210726   0.00434398            0
Repeater4[0]<--->Repeater5[0]
REAL
    0.43837 -0.00389238  0.00201754    0.364891
-0.00389238   0.0670194 -0.00213381 -0.00431157
 0.00201754 -0.00213381   0.0660396  0.00399212
   0.364891 -0.00431157  0.00399212    0.428571
IMAGINARY
           0  -0.00310333    0.0111074   0.00249794
  0.00310333            0    0.0013051  0.000520548
  -0.0111074   -0.0013051            0  -0.00713321
 -0.00249794 -0.000520548   0.00713321            0
Repeater5[0]<--->Repeater4[0]
REAL
    0.43837  0.00201754 -0.00389238    0.364891
 0.00201754   0.0660396 -0.00213381  0.00399212
-0.00389238 -0.00213381   0.0670194 -0.00431157
   0.364891  0.00399212 -0.00431157    0.428571
IMAGINARY
           0    0.0111074  -0.00310333   0.00249794
  -0.0111074            0   -0.0013051  -0.00713321
  0.00310333    0.0013051            0  0.000520548
 -0.00249794   0.00713321 -0.000520548            0
Repeater5[0]<--->HoM3[0]
REAL
   0.435174 -0.00211913  0.00378664    0.369764
-0.00211913   0.0618247 -0.00156085   0.0048816
 0.00378664 -0.00156085   0.0638255  0.00625625
   0.369764   0.0048816  0.00625625    0.439176
IMAGINARY
           0   0.00445285  -0.00201939 -0.000358371
 -0.00445285            0   0.00135638  0.000811177
  0.00201939  -0.00135638            0    0.0017896
 0.000358371 -0.000811177   -0.0017896            0
Repeater6[0]<--->HoM3[0]
REAL
   0.435174  0.00378664 -0.00211913    0.369764
 0.00378664   0.0638255 -0.00156085  0.00625625
-0.00211913 -0.00156085   0.0618247   0.0048816
   0.369764  0.00625625   0.0048816    0.439176
IMAGINARY
           0  -0.00201939   0.00445285 -0.000358371
  0.00201939            0  -0.00135638    0.0017896
 -0.00445285   0.00135638            0  0.000811177
 0.000358371   -0.0017896 -0.000811177            0
Repeater6[0]<--->Repeater7[0]
REAL
   0.425922 -0.00343582  0.00525813    0.332176
-0.00343582   0.0844588   0.0044864 -0.00239082
 0.00525813   0.0044864   0.0882887 -0.00912104
   0.332176 -0.00239082 -0.00912104     0.40133
IMAGINARY
          0 -0.00662428 -0.00661397  0.00433099
 0.00662428           0 -0.00402888  0.00402433
 0.00661397  0.00402888           0 -0.00174226
-0.00433099 -0.00402433  0.00174226           0
Repeater7[0]<--->Repeater6[0]
REAL
   0.425922  0.00525813 -0.00343582    0.332176
 0.00525813   0.0882887   0.0044864 -0.00912104
-0.00343582   0.0044864   0.0844588 -0.00239082
   0.332176 -0.00912104 -0.00239082     0.40133
IMAGINARY
          0 -0.00661397 -0.00662428  0.00433099
 0.00661397           0  0.00402888 -0.00174226
 0.00662428 -0.00402888           0  0.00402433
-0.00433099  0.00174226 -0.00402433           0
Repeater7[0]<--->HoM4[0]
REAL
    0.42257  0.00238568 -0.00253737    0.329869
 0.00238568    0.088492  0.00163675 -0.00035396
-0.00253737  0.00163675   0.0878831  0.00449369
   0.329869 -0.00035396  0.00449369    0.401055
IMAGINARY
           0 -0.000803767  -0.00197897   0.00117211
 0.000803767            0    0.0052795  -0.00667991
  0.00197897   -0.0052795            0   0.00885854
 -0.00117211   0.00667991  -0.00885854            0
Repeater8[0]<--->HoM4[0]
REAL
    0.42257 -0.00253737  0.00238568    0.329869
-0.00253737   0.0878831  0.00163675  0.00449369
 0.00238568  0.00163675    0.088492 -0.00035396
   0.329869  0.00449369 -0.00035396    0.401055
IMAGINARY
           0  -0.00197897 -0.000803767   0.00117211
  0.00197897            0   -0.0052795   0.00885854
 0.000803767    0.0052795            0  -0.00667991
 -0.00117211  -0.00885854   0.00667991            0
Repeater8[0]<--->Repeater9[0]
REAL
    0.402605  -0.00160142 -0.000610771     0.300919
 -0.00160142    0.0988751   0.00051169   0.00269783
-0.000610771   0.00051169     0.098283   -0.0056536
    0.300919   0.00269783   -0.0056536     0.400237
IMAGINARY
           0  -0.00265073  5.97432e-05  -0.00356696
  0.00265073            0  -0.00170458   0.00962425
-5.97432e-05   0.00170458            0  -0.00356741
  0.00356696  -0.00962425   0.00356741            0
Repeater9[0]<--->Repeater8[0]
REAL
    0.402605 -0.000610771  -0.00160142     0.300919
-0.000610771     0.098283   0.00051169   -0.0056536
 -0.00160142   0.00051169    0.0988751   0.00269783
    0.300919   -0.0056536   0.00269783     0.400237
IMAGINARY
           0  5.97432e-05  -0.00265073  -0.00356696
-5.97432e-05            0   0.00170458  -0.00356741
  0.00265073  -0.00170458            0   0.00962425
  0.00356696   0.00356741  -0.00962425            0
Repeater9[0]<--->HoM5[0]
REAL
  0.405191 0.00633169 0.00514825   0.308664
0.00633169    0.10323 0.00280977 0.00108321
0.00514825 0.00280977  0.0968892 0.00247147
  0.308664 0.00108321 0.00247147    0.39469
IMAGINARY
           0    0.0028993   0.00180026  -0.00154866
  -0.0028993            0 -0.000938903 -0.000605515
 -0.00180026  0.000938903            0  -0.00190368
  0.00154866  0.000605515   0.00190368            0
Repeater10[0]<--->HoM5[0]
REAL
  0.405191 0.00514825 0.00633169   0.308664
0.00514825  0.0968892 0.00280977 0.00247147
0.00633169 0.00280977    0.10323 0.00108321
  0.308664 0.00247147 0.00108321    0.39469
IMAGINARY
           0   0.00180026    0.0028993  -0.00154866
 -0.00180026            0  0.000938903  -0.00190368
  -0.0028993 -0.000938903            0 -0.000605515
  0.00154866   0.00190368  0.000605515            0
Repeater10[0]<--->Repeater11[0]
REAL
    0.489229  -0.00400435  -0.00295175     0.475517
 -0.00400435    0.0102678 -0.000742599  -0.00695816
 -0.00295175 -0.000742599    0.0142943  -0.00390356
    0.475517  -0.00695816  -0.00390356     0.486209
IMAGINARY
           0  -0.00771567   0.00181721  -0.00321667
  0.00771567            0    0.0107554   0.00333943
 -0.00181721   -0.0107554            0  0.000223945
  0.00321667  -0.00333943 -0.000223945            0
Repeater11[0]<--->Repeater10[0]
REAL
    0.489229  -0.00295175  -0.00400435     0.475517
 -0.00295175    0.0142943 -0.000742599  -0.00390356
 -0.00400435 -0.000742599    0.0102678  -0.00695816
    0.475517  -0.00390356  -0.00695816     0.486209
IMAGINARY
           0   0.00181721  -0.00771567  -0.00321667
 -0.00181721            0   -0.0107554  0.000223945
  0.00771567    0.0107554            0   0.00333943
  0.00321667 -0.000223945  -0.00333943            0
Repeater11[0]<--->HoM6[0]
REAL
    0.483166   0.00423994 -0.000536745     0.474365
  0.00423994    0.0124248 -0.000985999    0.0101444
-0.000536745 -0.000985999    0.0112224   0.00516758
    0.474365    0.0101444   0.00516758     0.493186
IMAGINARY
           0 -0.000596172  -0.00295908  -0.00392698
 0.000596172            0   0.00323129    0.0057647
  0.00295908  -0.00323129            0  -0.00561625
  0.00392698   -0.0057647   0.00561625            0
EndNode1[0]<--->Repeater1[0]
REAL
    0.47959 -0.00292774   -0.002458    0.452136
-0.00292774   0.0239292 -0.00078385 -0.00803857
  -0.002458 -0.00078385   0.0245325 -0.00696325
   0.452136 -0.00803857 -0.00696325    0.471949
IMAGINARY
           0   0.00435313   -0.0116255  0.000303308
 -0.00435313            0  -0.00804511 -0.000293472
   0.0116255   0.00804511            0   0.00975097
-0.000303308  0.000293472  -0.00975097            0
EndNode2[0]<--->HoM6[0]
REAL
      0.4878   0.00538083   0.00190045     0.474113
  0.00538083    0.0138861 -0.000128412   0.00180177
  0.00190045 -0.000128412    0.0113073  -0.00207885
    0.474113   0.00180177  -0.00207885     0.487007
IMAGINARY
           0  -0.00471565 -0.000811995   -0.0063541
  0.00471565            0    -0.002744   0.00700209
 0.000811995     0.002744            0 -7.66825e-05
   0.0063541  -0.00700209  7.66825e-05            0
Repeater1[0]<--->EndNode1[0]
REAL
    0.47959   -0.002458 -0.00292774    0.452136
  -0.002458   0.0245325 -0.00078385 -0.00696325
-0.00292774 -0.00078385   0.0239292 -0.00803857
   0.452136 -0.00696325 -0.00803857    0.471949
IMAGINARY
           0   -0.0116255   0.00435313  0.000303308
   0.0116255            0   0.00804511   0.00975097
 -0.00435313  -0.00804511            0 -0.000293472
-0.000303308  -0.00975097  0.000293472            0
Repeater1[0]<--->HoM1[0]
REAL
    0.465865  -0.00951316   -0.0038089     0.452528
 -0.00951316    0.0275117   0.00121459   -0.0068125
  -0.0038089   0.00121459    0.0218056 -0.000909715
    0.452528   -0.0068125 -0.000909715     0.484818
IMAGINARY
           0  0.000214975   0.00279401   0.00797627
-0.000214975            0   0.00401744  -0.00663239
 -0.00279401  -0.00401744            0   0.00342139
 -0.00797627   0.00663239  -0.00342139            0
Repeater2[0]<--->HoM1[0]
REAL
    0.465865   -0.0038089  -0.00951316     0.452528
  -0.0038089    0.0218056   0.00121459 -0.000909715
 -0.00951316   0.00121459    0.0275117   -0.0068125
    0.452528 -0.000909715   -0.0068125     0.484818
IMAGINARY
           0   0.00279401  0.000214975   0.00797627
 -0.00279401            0  -0.00401744   0.00342139
-0.000214975   0.00401744            0  -0.00663239
 -0.00797627  -0.00342139   0.00663239            0
Repeater2[0]<--->Repeater3[0]
REAL
   0.451016 -0.00246015 -0.00134058    0.401045
-0.00246015    0.048188 -0.00309806 -0.00308776
-0.00134058 -0.00309806   0.0471924 -0.00337721
   0.401045 -0.00308776 -0.00337721    0.453604
IMAGINARY
           0  -0.00501074  0.000147195  -0.00552029
  0.00501074            0   0.00105866   0.00533615
-0.000147195  -0.00105866            0   0.00683852
  0.00552029  -0.00533615  -0.00683852            0
Repeater3[0]<--->Repeater2[0]
REAL
   0.451016 -0.00134058 -0.00246015    0.401045
-0.00134058   0.0471924 -0.00309806 -0.00337721
-0.00246015 -0.00309806    0.048188 -0.00308776
   0.401045 -0.00337721 -0.00308776    0.453604
IMAGINARY
           0  0.000147195  -0.00501074  -0.00552029
-0.000147195            0  -0.00105866   0.00683852
  0.00501074   0.00105866            0   0.00533615
  0.00552029  -0.00683852  -0.00533615            0
Repeater3[0]<--->HoM2[0]
REAL
   0.463889 -0.00109221 -0.00294731    0.406065
-0.00109221   0.0474206 -0.00226176 -0.00244216
-0.00294731 -0.00226176   0.0396825 0.000380397
   0.406065 -0.00244216 0.000380397    0.449008
IMAGINARY
          0  0.00415769 -0.00903438 -0.00222541
-0.00415769           0 -0.00395481  0.00363006
 0.00903438  0.00395481           0  0.00124663
 0.00222541 -0.00363006 -0.00124663           0
Repeater4[0]<--->HoM2[0]
REAL
   0.463889 -0.00294731 -0.00109221    0.406065
-0.00294731   0.0396825 -0.00226176 0.000380397
-0.00109221 -0.00226176   0.0474206 -0.00244216
   0.406065 0.000380397 -0.00244216    0.449008
IMAGINARY
          0 -0.00903438  0.00415769 -0.00222541
 0.00903438           0  0.00395481  0.00124663
-0.00415769 -0.00395481           0  0.00363006
 0.00222541 -0.00124663 -0.00363006           0
Repeater4[0]<--->Repeater5[0]
REAL
   0.435429 -0.00382018    -0.00819    0.365599
-0.00382018   0.0610564  0.00378769 -0.00918602
   -0.00819  0.00378769   0.0592488 -0.00828447
   0.365599 -0.00918602 -0.00828447    0.444266
IMAGINARY
           0  -0.00243402   0.00210948   0.00277146
  0.00243402            0   0.00247295 -0.000596471
 -0.00210948  -0.00247295            0   0.00192969
 -0.00277146  0.000596471  -0.00192969            0
Repeater5[0]<--->Repeater4[0]
REAL
   0.435429    -0.00819 -0.00382018    0.365599
   -0.00819   0.0592488  0.00378769 -0.00828447
-0.00382018  0.00378769   0.0610564 -0.00918602
   0.365599 -0.00828447 -0.00918602    0.444266
IMAGINARY
           0   0.00210948  -0.00243402   0.00277146
 -0.00210948            0  -0.00247295   0.00192969
  0.00243402   0.00247295            0 -0.000596471
 -0.00277146  -0.00192969  0.000596471            0
Repeater5[0]<--->HoM3[0]
REAL
   0.422848  0.00210475   -0.010059    0.371677
 0.00210475   0.0686236 -0.00475888 0.000935595
  -0.010059 -0.00475888   0.0704086 -0.00745976
   0.371677 0.000935595 -0.00745976     0.43812
IMAGINARY
          0 -0.00659572 -0.00136357  0.00710442
 0.00659572           0  0.00492793  0.00156159
 0.00136357 -0.00492793           0  0.00402146
-0.00710442 -0.00156159 -0.00402146           0
Repeater6[0]<--->HoM3[0]
REAL
   0.422848   -0.010059  0.00210475    0.371677
  -0.010059   0.0704086 -0.00475888 -0.00745976
 0.00210475 -0.00475888   0.0686236 0.000935595
   0.371677 -0.00745976 0.000935595     0.43812
IMAGINARY
          0 -0.00136357 -0.00659572  0.00710442
 0.00136357           0 -0.00492793  0.00402146
 0.00659572  0.00492793           0  0.00156159
-0.00710442 -0.00402146 -0.00156159           0
Repeater6[0]<--->Repeater7[0]
REAL
   0.413855  0.00562026 0.000562585    0.335299
 0.00562026   0.0854462  0.00233217  0.00245917
0.000562585  0.00233217   0.0882412  0.00102761
   0.335299  0.00245917  0.00102761    0.412458
IMAGINARY
          0  0.00246312  0.00170052  0.00312711
-0.00246312           0 -0.00740231  0.00200022
-0.00170052  0.00740231           0  0.00123762
-0.00312711 -0.00200022 -0.00123762           0
Repeater7[0]<--->Repeater6[0]
REAL
   0.413855 0.000562585  0.00562026    0.335299
0.000562585   0.0882412  0.00233217  0.00102761
 0.00562026  0.00233217   0.0854462  0.00245917
   0.335299  0.00102761  0.00245917    0.412458
IMAGINARY
          0  0.00170052  0.00246312  0.00312711
-0.00170052           0  0.00740231  0.00123762
-0.00246312 -0.00740231           0  0.00200022
-0.00312711 -0.00123762 -0.00200022           0
Repeater7[0]<--->HoM4[0]
REAL
   0.423361  0.00197529  0.00657851    0.336983
 0.00197529   0.0795296 -0.00103322  -0.0033579
 0.00657851 -0.00103322   0.0811242  0.00466722
   0.336983  -0.0033579  0.00466722    0.415986
IMAGINARY
           0   0.00250005  -0.00639596   0.00098338
 -0.00250005            0   -0.0106215 -0.000215613
  0.00639596    0.0106215            0  -0.00539261
 -0.00098338  0.000215613   0.00539261            0
Repeater8[0]<--->HoM4[0]
REAL
   0.423361  0.00657851  0.00197529    0.336983
 0.00657851   0.0811242 -0.00103322  0.00466722
 0.00197529 -0.00103322   0.0795296  -0.0033579
   0.336983  0.00466722  -0.0033579    0.415986
IMAGINARY
           0  -0.00639596   0.00250005   0.00098338
  0.00639596            0    0.0106215  -0.00539261
 -0.00250005   -0.0106215            0 -0.000215613
 -0.00098338   0.00539261  0.000215613            0
Repeater8[0]<--->Repeater9[0]
REAL
   0.402198 -0.00198531 -0.00827724    0.303649
-0.00198531   0.0964787  0.00228045  -0.0163961
-0.00827724  0.00228045   0.0989212  -0.0123506
   0.303649  -0.0163961  -0.0123506    0.402402
IMAGINARY
          0  0.00980947 -0.00488179  0.00175657
-0.00980947           0  0.00646583  0.00337244
 0.00488179 -0.00646583           0  -0.0048789
-0.00175657 -0.00337244   0.0048789           0
Repeater9[0]<--->Repeater8[0]
REAL
   0.402198 -0.00827724 -0.00198531    0.303649
-0.00827724   0.0989212  0.00228045  -0.0123506
-0.00198531  0.00228045   0.0964787  -0.0163961
   0.303649  -0.0123506  -0.0163961    0.402402
IMAGINARY
          0 -0.00488179  0.00980947  0.00175657
 0.00488179           0 -0.00646583  -0.0048789
-0.00980947  0.00646583           0  0.00337244
-0.00175657   0.0048789 -0.00337244           0
Repeater9[0]<--->HoM5[0]
REAL
    0.398603   0.00260105   -0.0031716     0.296596
  0.00260105    0.0992016   -0.0041662  -0.00377425
  -0.0031716   -0.0041662     0.100998 -8.44443e-05
    0.296596  -0.00377425 -8.44443e-05     0.401198
IMAGINARY
