EndNode1[0]<--->Repeater1[0]
REAL
  0.447706  0.0116726 -0.0129531   0.459783
 0.0116726  0.0275229  0.0127126 0.00214759
-0.0129531  0.0127126  0.0238532 -0.0224781
  0.459783 0.00214759 -0.0224781   0.500917
IMAGINARY
          0  -0.0179549   0.0183594   0.0203685
  0.0179549           0  0.00957709  -0.0174143
 -0.0183594 -0.00957709           0   0.0207905
 -0.0203685   0.0174143  -0.0207905           0
EndNode2[0]<--->HoM6[0]
REAL
    0.504505  -0.00760326   -0.0152042     0.469354
 -0.00760326   0.00900901   -0.0104254 -0.000867256
  -0.0152042   -0.0104254    0.0126126  -0.00668245
    0.469354 -0.000867256  -0.00668245     0.473874
IMAGINARY
          0 -0.00567227  -0.0159018   0.0162705
 0.00567227           0  -0.0108748 -0.00431879
  0.0159018   0.0108748           0   0.0203782
 -0.0162705  0.00431879  -0.0203782           0
Repeater1[0]<--->EndNode1[0]
REAL
  0.447706 -0.0129531  0.0116726   0.459783
-0.0129531  0.0238532  0.0127126 -0.0224781
 0.0116726  0.0127126  0.0275229 0.00214759
  0.459783 -0.0224781 0.00214759   0.500917
IMAGINARY
          0   0.0183594  -0.0179549   0.0203685
 -0.0183594           0 -0.00957709   0.0207905
  0.0179549  0.00957709           0  -0.0174143
 -0.0203685  -0.0207905   0.0174143           0
Repeater1[0]<--->HoM1[0]
REAL
    0.470377   0.00893515   0.00482162     0.457237
  0.00893515    0.0233393 -0.000170609    0.0085952
  0.00482162 -0.000170609     0.021544   0.00805949
    0.457237    0.0085952   0.00805949      0.48474
IMAGINARY
          0   0.0117647  -0.0348765  -0.0158696
 -0.0117647           0  -0.0341304 -0.00401235
  0.0348765   0.0341304           0   0.0215686
  0.0158696  0.00401235  -0.0215686           0
Repeater2[0]<--->HoM1[0]
REAL
    0.470377   0.00482162   0.00893515     0.457237
  0.00482162     0.021544 -0.000170609   0.00805949
  0.00893515 -0.000170609    0.0233393    0.0085952
    0.457237   0.00805949    0.0085952      0.48474
IMAGINARY
          0  -0.0348765   0.0117647  -0.0158696
  0.0348765           0   0.0341304   0.0215686
 -0.0117647  -0.0341304           0 -0.00401235
  0.0158696  -0.0215686  0.00401235           0
Repeater2[0]<--->Repeater3[0]
REAL
   0.468519 -0.00964642  0.00648489    0.399511
-0.00964642   0.0351852  0.00326724   -0.008221
 0.00648489  0.00326724   0.0481481  0.00443809
   0.399511   -0.008221  0.00443809    0.448148
IMAGINARY
         0  0.0215069 -0.0184116 -0.0182942
-0.0215069          0  -0.027005   0.019306
 0.0184116   0.027005          0 -0.0259792
 0.0182942  -0.019306  0.0259792          0
Repeater3[0]<--->Repeater2[0]
REAL
   0.468519  0.00648489 -0.00964642    0.399511
 0.00648489   0.0481481  0.00326724  0.00443809
-0.00964642  0.00326724   0.0351852   -0.008221
   0.399511  0.00443809   -0.008221    0.448148
IMAGINARY
         0 -0.0184116  0.0215069 -0.0182942
 0.0184116          0   0.027005 -0.0259792
-0.0215069  -0.027005          0   0.019306
 0.0182942  0.0259792  -0.019306          0
Repeater3[0]<--->HoM2[0]
REAL
  0.436494 -0.0110048 -0.0190063   0.404495
-0.0110048  0.0429338 -0.0145697  0.0227377
-0.0190063 -0.0145697  0.0411449  0.0016764
  0.404495  0.0227377  0.0016764   0.479428
IMAGINARY
          0  -0.0102832 -0.00376971 -0.00285449
  0.0102832           0  -0.0107079 -0.00882022
 0.00376971   0.0107079           0   0.0138803
 0.00285449  0.00882022  -0.0138803           0
Repeater4[0]<--->HoM2[0]
REAL
  0.436494 -0.0190063 -0.0110048   0.404495
-0.0190063  0.0411449 -0.0145697  0.0016764
-0.0110048 -0.0145697  0.0429338  0.0227377
  0.404495  0.0016764  0.0227377   0.479428
IMAGINARY
          0 -0.00376971  -0.0102832 -0.00285449
 0.00376971           0   0.0107079   0.0138803
  0.0102832  -0.0107079           0 -0.00882022
 0.00285449  -0.0138803  0.00882022           0
Repeater4[0]<--->Repeater5[0]
REAL
   0.478599   0.0130712  0.00576593    0.360759
  0.0130712   0.0719844 -0.00954805  -0.0213369
 0.00576593 -0.00954805   0.0505837  -0.0113411
   0.360759  -0.0213369  -0.0113411    0.398833
IMAGINARY
          0   0.0428601  -0.0244137   0.0077788
 -0.0428601           0 -0.00685115  -0.0216614
  0.0244137  0.00685115           0 -0.00019794
 -0.0077788   0.0216614  0.00019794           0
Repeater5[0]<--->Repeater4[0]
REAL
   0.478599  0.00576593   0.0130712    0.360759
 0.00576593   0.0505837 -0.00954805  -0.0113411
  0.0130712 -0.00954805   0.0719844  -0.0213369
   0.360759  -0.0113411  -0.0213369    0.398833
IMAGINARY
          0  -0.0244137   0.0428601   0.0077788
  0.0244137           0  0.00685115 -0.00019794
 -0.0428601 -0.00685115           0  -0.0216614
 -0.0077788  0.00019794   0.0216614           0
Repeater5[0]<--->HoM3[0]
REAL
    0.470483     0.016831   -0.0188914     0.346902
    0.016831    0.0697674    -0.023708 -0.000120038
  -0.0188914    -0.023708    0.0733453    -0.003523
    0.346902 -0.000120038    -0.003523     0.386404
IMAGINARY
          0  0.00515818  -0.0101504  -0.0134652
-0.00515818           0 -0.00875706   0.0166199
  0.0101504  0.00875706           0 -0.00793082
  0.0134652  -0.0166199  0.00793082           0
Repeater6[0]<--->HoM3[0]
REAL
    0.470483   -0.0188914     0.016831     0.346902
  -0.0188914    0.0733453    -0.023708    -0.003523
    0.016831    -0.023708    0.0697674 -0.000120038
    0.346902    -0.003523 -0.000120038     0.386404
IMAGINARY
          0  -0.0101504  0.00515818  -0.0134652
  0.0101504           0  0.00875706 -0.00793082
-0.00515818 -0.00875706           0   0.0166199
  0.0134652  0.00793082  -0.0166199           0
Repeater6[0]<--->Repeater7[0]
REAL
   0.415652  -0.0157488 0.000390625    0.295871
 -0.0157488   0.0973913  0.00686364  -0.0121094
0.000390625  0.00686364   0.0834783   0.0177019
   0.295871  -0.0121094   0.0177019    0.403478
IMAGINARY
          0  0.00122867 -0.00643316  0.00982895
-0.00122867           0  0.00228178  0.00111401
 0.00643316 -0.00228178           0 -0.00477476
-0.00982895 -0.00111401  0.00477476           0
Repeater7[0]<--->Repeater6[0]
REAL
   0.415652 0.000390625  -0.0157488    0.295871
0.000390625   0.0834783  0.00686364   0.0177019
 -0.0157488  0.00686364   0.0973913  -0.0121094
   0.295871   0.0177019  -0.0121094    0.403478
IMAGINARY
          0 -0.00643316  0.00122867  0.00982895
 0.00643316           0 -0.00228178 -0.00477476
-0.00122867  0.00228178           0  0.00111401
-0.00982895  0.00477476 -0.00111401           0
Repeater7[0]<--->HoM4[0]
REAL
   0.426573    0.006603  0.00519219    0.353782
   0.006603   0.0699301  0.00336134   0.0209402
 0.00519219  0.00336134   0.0664336 -0.00486084
   0.353782   0.0209402 -0.00486084    0.437063
IMAGINARY
          0 -0.00252101  0.00167359  0.00503326
 0.00252101           0 -0.00218696  0.00588944
-0.00167359  0.00218696           0  0.00336134
-0.00503326 -0.00588944 -0.00336134           0
Repeater8[0]<--->HoM4[0]
REAL
   0.426573  0.00519219    0.006603    0.353782
 0.00519219   0.0664336  0.00336134 -0.00486084
   0.006603  0.00336134   0.0699301   0.0209402
   0.353782 -0.00486084   0.0209402    0.437063
IMAGINARY
          0  0.00167359 -0.00252101  0.00503326
-0.00167359           0  0.00218696  0.00336134
 0.00252101 -0.00218696           0  0.00588944
-0.00503326 -0.00336134 -0.00588944           0
Repeater8[0]<--->Repeater9[0]
REAL
    0.406957    0.0149955   8.5173e-05     0.310167
   0.0149955     0.109565  -0.00137153    0.0219034
  8.5173e-05  -0.00137153    0.0834783 -0.000655199
    0.310167    0.0219034 -0.000655199          0.4
IMAGINARY
          0   0.0149974 -0.00652788  0.00451822
 -0.0149974           0  0.00639088   0.0219125
 0.00652788 -0.00639088           0 -0.00345896
-0.00451822  -0.0219125  0.00345896           0
Repeater9[0]<--->Repeater8[0]
REAL
    0.406957   8.5173e-05    0.0149955     0.310167
  8.5173e-05    0.0834783  -0.00137153 -0.000655199
   0.0149955  -0.00137153     0.109565    0.0219034
    0.310167 -0.000655199    0.0219034          0.4
IMAGINARY
          0 -0.00652788   0.0149974  0.00451822
 0.00652788           0 -0.00639088 -0.00345896
 -0.0149974  0.00639088           0   0.0219125
-0.00451822  0.00345896  -0.0219125           0
Repeater9[0]<--->HoM5[0]
REAL
   0.402418  -0.0139225 -0.00712351    0.302944
 -0.0139225    0.115717  0.00691514 -0.00520043
-0.00712351  0.00691514    0.100173 -0.00192254
   0.302944 -0.00520043 -0.00192254    0.381693
IMAGINARY
           0   -0.0436233   0.00327363    0.0375046
   0.0436233            0   -0.0029913    0.0346325
 -0.00327363    0.0029913            0  0.000301967
  -0.0375046   -0.0346325 -0.000301967            0
Repeater10[0]<--->HoM5[0]
REAL
   0.402418 -0.00712351  -0.0139225    0.302944
-0.00712351    0.100173  0.00691514 -0.00192254
 -0.0139225  0.00691514    0.115717 -0.00520043
   0.302944 -0.00192254 -0.00520043    0.381693
IMAGINARY
           0   0.00327363   -0.0436233    0.0375046
 -0.00327363            0    0.0029913  0.000301967
   0.0436233   -0.0029913            0    0.0346325
  -0.0375046 -0.000301967   -0.0346325            0
Repeater10[0]<--->Repeater11[0]
REAL
    0.46824  0.00189688 -0.00795663     0.46798
 0.00189688  0.00725953 0.000303407   0.0266133
-0.00795663 0.000303407   0.0108893   0.0186255
    0.46798   0.0266133   0.0186255    0.513612
IMAGINARY
         0  -0.012495  0.0137472  -0.016323
  0.012495          0   0.016323  0.0155457
-0.0137472  -0.016323          0 -0.0167979
  0.016323 -0.0155457  0.0167979          0
Repeater11[0]<--->Repeater10[0]
REAL
    0.46824 -0.00795663  0.00189688     0.46798
-0.00795663   0.0108893 0.000303407   0.0186255
 0.00189688 0.000303407  0.00725953   0.0266133
    0.46798   0.0186255   0.0266133    0.513612
IMAGINARY
         0  0.0137472  -0.012495  -0.016323
-0.0137472          0  -0.016323 -0.0167979
  0.012495   0.016323          0  0.0155457
  0.016323  0.0167979 -0.0155457          0
Repeater11[0]<--->HoM6[0]
REAL
    0.504505   -0.0152042  -0.00760326     0.469354
  -0.0152042    0.0126126   -0.0104254  -0.00668245
 -0.00760326   -0.0104254   0.00900901 -0.000867256
    0.469354  -0.00668245 -0.000867256     0.473874
IMAGINARY
          0  -0.0159018 -0.00567227   0.0162705
  0.0159018           0   0.0108748   0.0203782
 0.00567227  -0.0108748           0 -0.00431879
 -0.0162705  -0.0203782  0.00431879           0
