EndNode1[0]<--->Repeater1[0]
REAL
    0.50255 -0.00983413 -0.00826739    0.447093
-0.00983413           0  0.00273798 -0.00333285
-0.00826739  0.00273798   0.0017654 -0.00315417
   0.447093 -0.00333285 -0.00315417    0.495685
IMAGINARY
          0  0.00258661  0.00603936 -0.00211611
-0.00258661           0 -0.00731403 -0.00123551
-0.00603936  0.00731403           0  -0.0113937
 0.00211611  0.00123551   0.0113937           0
EndNode2[0]<--->HoM6[0]
REAL
   0.486395 -0.00585781  0.00162093    0.473347
-0.00585781   0.0010004 -0.00099124  -0.0122379
 0.00162093 -0.00099124  0.00040016 -0.00636174
   0.473347  -0.0122379 -0.00636174    0.512205
IMAGINARY
           0 -0.000214707   0.00942955 -0.000262353
 0.000214707            0   0.00668909  -0.00569142
 -0.00942955  -0.00668909            0  -0.00170487
 0.000262353   0.00569142   0.00170487            0
Repeater1[0]<--->EndNode1[0]
REAL
    0.50255 -0.00826739 -0.00983413    0.447093
-0.00826739   0.0017654  0.00273798 -0.00315417
-0.00983413  0.00273798           0 -0.00333285
   0.447093 -0.00315417 -0.00333285    0.495685
IMAGINARY
          0  0.00603936  0.00258661 -0.00211611
-0.00603936           0  0.00731403  -0.0113937
-0.00258661 -0.00731403           0 -0.00123551
 0.00211611   0.0113937  0.00123551           0
Repeater1[0]<--->HoM1[0]
REAL
   0.494823 -0.00274964  0.00114347    0.448003
-0.00274964  0.00199124  0.00364549 -0.00483978
 0.00114347  0.00364549  0.00139387 -0.00134627
   0.448003 -0.00483978 -0.00134627    0.501792
IMAGINARY
          0  0.00231487 -0.00219095  0.00407933
-0.00231487           0 -0.00915032 -0.00564604
 0.00219095  0.00915032           0  0.00160363
-0.00407933  0.00564604 -0.00160363           0
Repeater2[0]<--->HoM1[0]
REAL
   0.494823  0.00114347 -0.00274964    0.448003
 0.00114347  0.00139387  0.00364549 -0.00134627
-0.00274964  0.00364549  0.00199124 -0.00483978
   0.448003 -0.00134627 -0.00483978    0.501792
IMAGINARY
          0 -0.00219095  0.00231487  0.00407933
 0.00219095           0  0.00915032  0.00160363
-0.00231487 -0.00915032           0 -0.00564604
-0.00407933 -0.00160363  0.00564604           0
Repeater2[0]<--->Repeater3[0]
REAL
    0.494841  -0.00404621  -0.00460569     0.402977
 -0.00404621   0.00615079    -0.000474 -0.000238879
 -0.00460569    -0.000474   0.00634921   0.00142207
    0.402977 -0.000238879   0.00142207     0.492659
IMAGINARY
           0  -0.00310968  -0.00294456  0.000743552
  0.00310968            0  -0.00194837   0.00444067
  0.00294456   0.00194837            0  -0.00117917
-0.000743552  -0.00444067   0.00117917            0
Repeater3[0]<--->Repeater2[0]
REAL
    0.494841  -0.00460569  -0.00404621     0.402977
 -0.00460569   0.00634921    -0.000474   0.00142207
 -0.00404621    -0.000474   0.00615079 -0.000238879
    0.402977   0.00142207 -0.000238879     0.492659
IMAGINARY
           0  -0.00294456  -0.00310968  0.000743552
  0.00294456            0   0.00194837  -0.00117917
  0.00310968  -0.00194837            0   0.00444067
-0.000743552   0.00117917  -0.00444067            0
Repeater3[0]<--->HoM2[0]
REAL
    0.496894 -0.000524749    0.0138039     0.403685
-0.000524749   0.00601082   0.00172835   0.00420776
   0.0138039   0.00172835   0.00420757     0.010084
    0.403685   0.00420776     0.010084     0.492887
IMAGINARY
           0   0.00795609  -0.00251931  7.35809e-05
 -0.00795609            0  -0.00167807 -0.000875254
  0.00251931   0.00167807            0  -0.00915417
-7.35809e-05  0.000875254   0.00915417            0
Repeater4[0]<--->HoM2[0]
REAL
    0.496894    0.0138039 -0.000524749     0.403685
   0.0138039   0.00420757   0.00172835     0.010084
-0.000524749   0.00172835   0.00601082   0.00420776
    0.403685     0.010084   0.00420776     0.492887
IMAGINARY
           0  -0.00251931   0.00795609  7.35809e-05
  0.00251931            0   0.00167807  -0.00915417
 -0.00795609  -0.00167807            0 -0.000875254
-7.35809e-05   0.00915417  0.000875254            0
Repeater4[0]<--->Repeater5[0]
REAL
    0.485494  -0.00188304 -7.74615e-05     0.354923
 -0.00188304   0.00986777  -0.00187477   0.00290346
-7.74615e-05  -0.00187477    0.0108545    0.0063239
    0.354923   0.00290346    0.0063239     0.493783
IMAGINARY
           0   0.00204501  -0.00161341  -0.00399687
 -0.00204501            0  -0.00576365  0.000505659
  0.00161341   0.00576365            0   0.00369517
  0.00399687 -0.000505659  -0.00369517            0
Repeater5[0]<--->Repeater4[0]
REAL
    0.485494 -7.74615e-05  -0.00188304     0.354923
-7.74615e-05    0.0108545  -0.00187477    0.0063239
 -0.00188304  -0.00187477   0.00986777   0.00290346
    0.354923    0.0063239   0.00290346     0.493783
IMAGINARY
           0  -0.00161341   0.00204501  -0.00399687
  0.00161341            0   0.00576365   0.00369517
 -0.00204501  -0.00576365            0  0.000505659
  0.00399687  -0.00369517 -0.000505659            0
Repeater5[0]<--->HoM3[0]
REAL
   0.487292  -0.0031375 -0.00118655    0.360835
 -0.0031375    0.011607  0.00340246  0.00178728
-0.00118655  0.00340246    0.011607  0.00574063
   0.360835  0.00178728  0.00574063    0.489494
IMAGINARY
          0  0.00191047 -0.00247711 -0.00602639
-0.00191047           0 -0.00308637  0.00146455
 0.00247711  0.00308637           0  0.00558244
 0.00602639 -0.00146455 -0.00558244           0
Repeater6[0]<--->HoM3[0]
REAL
   0.487292 -0.00118655  -0.0031375    0.360835
-0.00118655    0.011607  0.00340246  0.00574063
 -0.0031375  0.00340246    0.011607  0.00178728
   0.360835  0.00574063  0.00178728    0.489494
IMAGINARY
          0 -0.00247711  0.00191047 -0.00602639
 0.00247711           0  0.00308637  0.00558244
-0.00191047 -0.00308637           0  0.00146455
 0.00602639 -0.00558244 -0.00146455           0
Repeater6[0]<--->Repeater7[0]
REAL
    0.46341 -0.00128696 -0.00248084    0.313943
-0.00128696   0.0229192 -0.00471519 -0.00544293
-0.00248084 -0.00471519   0.0186972 -0.00804103
   0.313943 -0.00544293 -0.00804103    0.494974
IMAGINARY
           0  -0.00663646 -0.000395477  -0.00234456
  0.00663646            0  -0.00861732   0.00513052
 0.000395477   0.00861732            0    0.0023044
  0.00234456  -0.00513052   -0.0023044            0
Repeater7[0]<--->Repeater6[0]
REAL
    0.46341 -0.00248084 -0.00128696    0.313943
-0.00248084   0.0186972 -0.00471519 -0.00804103
-0.00128696 -0.00471519   0.0229192 -0.00544293
   0.313943 -0.00804103 -0.00544293    0.494974
IMAGINARY
           0 -0.000395477  -0.00663646  -0.00234456
 0.000395477            0   0.00861732    0.0023044
  0.00663646  -0.00861732            0   0.00513052
  0.00234456   -0.0023044  -0.00513052            0
Repeater7[0]<--->HoM4[0]
REAL
   0.476005  0.00265816  0.00505983      0.3034
 0.00265816   0.0175575 -0.00407173  0.00304614
 0.00505983 -0.00407173   0.0159969 0.000109736
     0.3034  0.00304614 0.000109736    0.490441
IMAGINARY
           0  0.000830214 -0.000436667   -0.0084811
-0.000830214            0  -0.00707886  -0.00223164
 0.000436667   0.00707886            0   0.00142759
   0.0084811   0.00223164  -0.00142759            0
Repeater8[0]<--->HoM4[0]
REAL
   0.476005  0.00505983  0.00265816      0.3034
 0.00505983   0.0159969 -0.00407173 0.000109736
 0.00265816 -0.00407173   0.0175575  0.00304614
     0.3034 0.000109736  0.00304614    0.490441
IMAGINARY
           0 -0.000436667  0.000830214   -0.0084811
 0.000436667            0   0.00707886   0.00142759
-0.000830214  -0.00707886            0  -0.00223164
   0.0084811  -0.00142759   0.00223164            0
Repeater8[0]<--->Repeater9[0]
REAL
  0.472393 0.00606532 0.00971214   0.271028
0.00606532  0.0281021 0.00385697 0.00240483
0.00971214 0.00385697  0.0249357 0.00204603
  0.271028 0.00240483 0.00204603    0.47457
IMAGINARY
           0   0.00647794  -0.00100806  -0.00139378
 -0.00647794            0  -0.00536835 -1.40205e-05
  0.00100806   0.00536835            0   0.00537816
  0.00139378  1.40205e-05  -0.00537816            0
Repeater9[0]<--->Repeater8[0]
REAL
  0.472393 0.00971214 0.00606532   0.271028
0.00971214  0.0249357 0.00385697 0.00204603
0.00606532 0.00385697  0.0281021 0.00240483
  0.271028 0.00204603 0.00240483    0.47457
IMAGINARY
           0  -0.00100806   0.00647794  -0.00139378
  0.00100806            0   0.00536835   0.00537816
 -0.00647794  -0.00536835            0 -1.40205e-05
  0.00139378  -0.00537816  1.40205e-05            0
Repeater9[0]<--->HoM5[0]
REAL
   0.470469 -0.00854432 -0.00418336    0.272973
-0.00854432   0.0294297  0.00141311 -0.00529201
-0.00418336  0.00141311    0.027806 -0.00192845
   0.272973 -0.00529201 -0.00192845    0.472296
IMAGINARY
           0   -0.0020857   0.00688253   0.00425499
   0.0020857            0 -0.000835845  -0.00146737
 -0.00688253  0.000835845            0    0.0073003
 -0.00425499   0.00146737   -0.0073003            0
Repeater10[0]<--->HoM5[0]
REAL
   0.470469 -0.00418336 -0.00854432    0.272973
-0.00418336    0.027806  0.00141311 -0.00192845
-0.00854432  0.00141311   0.0294297 -0.00529201
   0.272973 -0.00192845 -0.00529201    0.472296
IMAGINARY
           0   0.00688253   -0.0020857   0.00425499
 -0.00688253            0  0.000835845    0.0073003
   0.0020857 -0.000835845            0  -0.00146737
 -0.00425499   -0.0073003   0.00146737            0
Repeater10[0]<--->Repeater11[0]
REAL
    0.498573  -0.00101543 -0.000697158     0.473587
 -0.00101543   0.00101916 -0.000148705   0.00292749
-0.000697158 -0.000148705  0.000407664   0.00101543
    0.473587   0.00292749   0.00101543          0.5
IMAGINARY
           0   -0.0144672   0.00592542 -0.000466196
   0.0144672            0   0.00437092   0.00276336
 -0.00592542  -0.00437092            0   0.00518605
 0.000466196  -0.00276336  -0.00518605            0
Repeater11[0]<--->Repeater10[0]
REAL
    0.498573 -0.000697158  -0.00101543     0.473587
-0.000697158  0.000407664 -0.000148705   0.00101543
 -0.00101543 -0.000148705   0.00101916   0.00292749
    0.473587   0.00101543   0.00292749          0.5
IMAGINARY
           0   0.00592542   -0.0144672 -0.000466196
 -0.00592542            0  -0.00437092   0.00518605
   0.0144672   0.00437092            0   0.00276336
 0.000466196  -0.00518605  -0.00276336            0
Repeater11[0]<--->HoM6[0]
REAL
   0.486395  0.00162093 -0.00585781    0.473347
 0.00162093  0.00040016 -0.00099124 -0.00636174
-0.00585781 -0.00099124   0.0010004  -0.0122379
   0.473347 -0.00636174  -0.0122379    0.512205
IMAGINARY
           0   0.00942955 -0.000214707 -0.000262353
 -0.00942955            0  -0.00668909  -0.00170487
 0.000214707   0.00668909            0  -0.00569142
 0.000262353   0.00170487   0.00569142            0
EndNode1[0]<--->Repeater1[0]
REAL
    0.495075    0.0059329 -0.000679876     0.449941
   0.0059329   0.00140704 -0.000464204  0.000679876
-0.000679876 -0.000464204   0.00241206    -0.002511
    0.449941  0.000679876    -0.002511     0.501106
IMAGINARY
          0  0.00103807  0.00160017  0.00264007
-0.00103807           0 -0.00444151  0.00778533
-0.00160017  0.00444151           0  -0.0110163
-0.00264007 -0.00778533   0.0110163           0
EndNode2[0]<--->HoM6[0]
REAL
   0.507641  0.00525703 -3.1705e-05    0.475051
 0.00525703 0.000783699 -0.00126288  0.00456462
-3.1705e-05 -0.00126288 0.000195925 -0.00170953
   0.475051  0.00456462 -0.00170953    0.491379
IMAGINARY
           0  -0.00169188    0.0043136   0.00739674
  0.00169188            0  -0.00359674 -0.000730794
  -0.0043136   0.00359674            0  -0.00169188
 -0.00739674  0.000730794   0.00169188            0
Repeater1[0]<--->EndNode1[0]
REAL
    0.495075 -0.000679876    0.0059329     0.449941
-0.000679876   0.00241206 -0.000464204    -0.002511
   0.0059329 -0.000464204   0.00140704  0.000679876
    0.449941    -0.002511  0.000679876     0.501106
IMAGINARY
          0  0.00160017  0.00103807  0.00264007
-0.00160017           0  0.00444151  -0.0110163
-0.00103807 -0.00444151           0  0.00778533
-0.00264007   0.0110163 -0.00778533           0
Repeater1[0]<--->HoM1[0]
REAL
   0.496546  0.00823508 -0.00168364    0.450486
 0.00823508  0.00118413 0.000604102  0.00158175
-0.00168364 0.000604102 0.000789422 -0.00181568
   0.450486  0.00158175 -0.00181568     0.50148
IMAGINARY
          0  0.00459336 -0.00985825  0.00321644
-0.00459336           0 -0.00510699  0.00415857
 0.00985825  0.00510699           0 -0.00184178
-0.00321644 -0.00415857  0.00184178           0
Repeater2[0]<--->HoM1[0]
REAL
   0.496546 -0.00168364  0.00823508    0.450486
-0.00168364 0.000789422 0.000604102 -0.00181568
 0.00823508 0.000604102  0.00118413  0.00158175
   0.450486 -0.00181568  0.00158175     0.50148
IMAGINARY
          0 -0.00985825  0.00459336  0.00321644
 0.00985825           0  0.00510699 -0.00184178
-0.00459336 -0.00510699           0  0.00415857
-0.00321644  0.00184178 -0.00415857           0
Repeater2[0]<--->Repeater3[0]
REAL
   0.504831  0.00779652  0.00536612    0.393655
 0.00779652  0.00462963 -0.00505452  0.00263388
 0.00536612 -0.00505452  0.00483092  0.00200348
   0.393655  0.00263388  0.00200348    0.485709
IMAGINARY
           0  -0.00105636   0.00288789  -0.00469804
  0.00105636            0   0.00399762 -8.05228e-06
 -0.00288789  -0.00399762            0    0.0017515
  0.00469804  8.05228e-06   -0.0017515            0
Repeater3[0]<--->Repeater2[0]
REAL
   0.504831  0.00536612  0.00779652    0.393655
 0.00536612  0.00483092 -0.00505452  0.00200348
 0.00779652 -0.00505452  0.00462963  0.00263388
   0.393655  0.00200348  0.00263388    0.485709
IMAGINARY
           0   0.00288789  -0.00105636  -0.00469804
 -0.00288789            0  -0.00399762    0.0017515
  0.00105636   0.00399762            0 -8.05228e-06
  0.00469804   -0.0017515  8.05228e-06            0
Repeater3[0]<--->HoM2[0]
REAL
    0.488083  -0.00114748  6.23456e-05     0.399535
 -0.00114748   0.00700981  -0.00341275   0.00104274
 6.23456e-05  -0.00341275   0.00460645 -0.000359455
    0.399535   0.00104274 -0.000359455       0.5003
IMAGINARY
           0   -0.0097013   0.00229573  0.000326489
   0.0097013            0   -0.0109562   0.00462225
 -0.00229573    0.0109562            0   0.00438749
-0.000326489  -0.00462225  -0.00438749            0
Repeater4[0]<--->HoM2[0]
REAL
    0.488083  6.23456e-05  -0.00114748     0.399535
 6.23456e-05   0.00460645  -0.00341275 -0.000359455
 -0.00114748  -0.00341275   0.00700981   0.00104274
    0.399535 -0.000359455   0.00104274       0.5003
IMAGINARY
           0   0.00229573   -0.0097013  0.000326489
 -0.00229573            0    0.0109562   0.00438749
   0.0097013   -0.0109562            0   0.00462225
-0.000326489  -0.00438749  -0.00462225            0
Repeater4[0]<--->Repeater5[0]
REAL
    0.491738   -0.0015511  -0.00372836     0.347713
  -0.0015511    0.0123432  1.77505e-05 -0.000849664
 -0.00372836  1.77505e-05    0.0113478  -0.00322597
    0.347713 -0.000849664  -0.00322597     0.484571
IMAGINARY
          0  -0.0100154  0.00341291  0.00143432
  0.0100154           0   0.0067103  0.00239871
-0.00341291  -0.0067103           0  0.00460453
-0.00143432 -0.00239871 -0.00460453           0
Repeater5[0]<--->Repeater4[0]
REAL
    0.491738  -0.00372836   -0.0015511     0.347713
 -0.00372836    0.0113478  1.77505e-05  -0.00322597
  -0.0015511  1.77505e-05    0.0123432 -0.000849664
    0.347713  -0.00322597 -0.000849664     0.484571
IMAGINARY
          0  0.00341291  -0.0100154  0.00143432
-0.00341291           0  -0.0067103  0.00460453
  0.0100154   0.0067103           0  0.00239871
-0.00143432 -0.00460453 -0.00239871           0
Repeater5[0]<--->HoM3[0]
REAL
   0.500911 -0.00737623 -0.00286348     0.35348
-0.00737623   0.0103302 -0.00114735   0.0065146
-0.00286348 -0.00114735    0.011748  0.00575351
    0.35348   0.0065146  0.00575351     0.47701
IMAGINARY
           0   -0.0016152   -0.0035245 -0.000135444
   0.0016152            0  -0.00368442     0.004753
   0.0035245   0.00368442            0   -0.0114888
 0.000135444    -0.004753    0.0114888            0
Repeater6[0]<--->HoM3[0]
REAL
   0.500911 -0.00286348 -0.00737623     0.35348
-0.00286348    0.011748 -0.00114735  0.00575351
-0.00737623 -0.00114735   0.0103302   0.0065146
    0.35348  0.00575351   0.0065146     0.47701
IMAGINARY
           0   -0.0035245   -0.0016152 -0.000135444
   0.0035245            0   0.00368442   -0.0114888
   0.0016152  -0.00368442            0     0.004753
 0.000135444    0.0114888    -0.004753            0
Repeater6[0]<--->Repeater7[0]
REAL
    0.472205   -0.0013476  -0.00173617     0.311998
  -0.0013476    0.0216737   0.00592737   -0.0059344
 -0.00173617   0.00592737     0.020871 -0.000267259
    0.311998   -0.0059344 -0.000267259      0.48525
IMAGINARY
           0  -0.00206351   0.00220298  -0.00522573
  0.00206351            0  -0.00168394  -0.00594756
 -0.00220298   0.00168394            0 -0.000498568
  0.00522573   0.00594756  0.000498568            0
Repeater7[0]<--->Repeater6[0]
REAL
    0.472205  -0.00173617   -0.0013476     0.311998
 -0.00173617     0.020871   0.00592737 -0.000267259
  -0.0013476   0.00592737    0.0216737   -0.0059344
    0.311998 -0.000267259   -0.0059344      0.48525
IMAGINARY
           0   0.00220298  -0.00206351  -0.00522573
 -0.00220298            0   0.00168394 -0.000498568
  0.00206351  -0.00168394            0  -0.00594756
  0.00522573  0.000498568   0.00594756            0
Repeater7[0]<--->HoM4[0]
REAL
   0.478644 0.000694008  -0.0115507     0.30557
0.000694008   0.0178464 -0.00218383  0.00378181
 -0.0115507 -0.00218383    0.018448 -0.00109241
    0.30557  0.00378181 -0.00109241    0.485061
IMAGINARY
          0 -0.00116976  0.00469882  0.00660675
 0.00116976           0  0.00370152 -0.00751119
-0.00469882 -0.00370152           0  0.00579009
-0.00660675  0.00751119 -0.00579009           0
Repeater8[0]<--->HoM4[0]
REAL
   0.478644  -0.0115507 0.000694008     0.30557
 -0.0115507    0.018448 -0.00218383 -0.00109241
0.000694008 -0.00218383   0.0178464  0.00378181
    0.30557 -0.00109241  0.00378181    0.485061
IMAGINARY
          0  0.00469882 -0.00116976  0.00660675
-0.00469882           0 -0.00370152  0.00579009
 0.00116976  0.00370152           0 -0.00751119
-0.00660675 -0.00579009  0.00751119           0
Repeater8[0]<--->Repeater9[0]
REAL
   0.471117  0.00376279  0.00237658    0.265907
 0.00376279   0.0273525  0.00341421   0.0108943
 0.00237658  0.00341421   0.0277608 -0.00493375
   0.265907   0.0108943 -0.00493375     0.47377
IMAGINARY
           0  -0.00420645 -0.000930097  -4.9771e-05
  0.00420645            0 -0.000447543   0.00831428
 0.000930097  0.000447543            0   0.00208223
  4.9771e-05  -0.00831428  -0.00208223            0
Repeater9[0]<--->Repeater8[0]
REAL
   0.471117  0.00237658  0.00376279    0.265907
 0.00237658   0.0277608  0.00341421 -0.00493375
 0.00376279  0.00341421   0.0273525   0.0108943
   0.265907 -0.00493375   0.0108943     0.47377
IMAGINARY
           0 -0.000930097  -0.00420645  -4.9771e-05
 0.000930097            0  0.000447543   0.00208223
  0.00420645 -0.000447543            0   0.00831428
  4.9771e-05  -0.00208223  -0.00831428            0
Repeater9[0]<--->HoM5[0]
REAL
     0.47869   0.00306706 -0.000362765     0.274442
  0.00306706     0.031768   -0.0026068   0.00356789
-0.000362765   -0.0026068    0.0282163   0.00674865
    0.274442   0.00356789   0.00674865     0.461326
IMAGINARY
          0  0.00735032  0.00140102  0.00407047
-0.00735032           0  0.00133602  -0.0103509
-0.00140102 -0.00133602           0 -0.00217928
-0.00407047   0.0103509  0.00217928           0
Repeater10[0]<--->HoM5[0]
REAL
     0.47869 -0.000362765   0.00306706     0.274442
-0.000362765    0.0282163   -0.0026068   0.00674865
  0.00306706   -0.0026068     0.031768   0.00356789
    0.274442   0.00674865   0.00356789     0.461326
IMAGINARY
          0  0.00140102  0.00735032  0.00407047
-0.00140102           0 -0.00133602 -0.00217928
-0.00735032  0.00133602           0  -0.0103509
-0.00407047  0.00217928   0.0103509           0
Repeater10[0]<--->Repeater11[0]
REAL
     0.48845  0.000648818   0.00332247     0.473857
 0.000648818  0.000394867 -0.000104856  -0.00519734
  0.00332247 -0.000104856  0.000987167 -0.000352785
    0.473857  -0.00519734 -0.000352785     0.510168
IMAGINARY
           0  -0.00510893   0.00476738   0.00622687
  0.00510893            0 -0.000532569    0.0100408
 -0.00476738  0.000532569            0  -0.00791035
 -0.00622687   -0.0100408   0.00791035            0
Repeater11[0]<--->Repeater10[0]
REAL
     0.48845   0.00332247  0.000648818     0.473857
  0.00332247  0.000987167 -0.000104856 -0.000352785
 0.000648818 -0.000104856  0.000394867  -0.00519734
    0.473857 -0.000352785  -0.00519734     0.510168
IMAGINARY
           0   0.00476738  -0.00510893   0.00622687
 -0.00476738            0  0.000532569  -0.00791035
  0.00510893 -0.000532569            0    0.0100408
 -0.00622687   0.00791035   -0.0100408            0
Repeater11[0]<--->HoM6[0]
REAL
   0.507641 -3.1705e-05  0.00525703    0.475051
-3.1705e-05 0.000195925 -0.00126288 -0.00170953
 0.00525703 -0.00126288 0.000783699  0.00456462
   0.475051 -0.00170953  0.00456462    0.491379
IMAGINARY
           0    0.0043136  -0.00169188   0.00739674
  -0.0043136            0   0.00359674  -0.00169188
  0.00169188  -0.00359674            0 -0.000730794
 -0.00739674   0.00169188  0.000730794            0
EndNode1[0]<--->Repeater1[0]
REAL
      0.498 -0.00846004 -0.00144191    0.450402
-0.00846004      0.0004  0.00160633 -0.00688326
-0.00144191  0.00160633       0.002 -0.00241165
   0.450402 -0.00688326 -0.00241165      0.4996
IMAGINARY
          0  0.00270579 -0.00391858  -0.0118514
-0.00270579           0  0.00547186 -0.00270793
 0.00391858 -0.00547186           0  0.00773597
  0.0118514  0.00270793 -0.00773597           0
EndNode2[0]<--->HoM6[0]
REAL
     0.49892   0.00146654   -0.0004615     0.474738
  0.00146654  0.000392696 -0.000500442   0.00134646
  -0.0004615 -0.000500442   0.00098174  -0.00471138
    0.474738   0.00134646  -0.00471138     0.499705
IMAGINARY
          0 -0.00262079 -0.00794782  -0.0127118
 0.00262079           0 -0.00025416  0.00921512
 0.00794782  0.00025416           0  0.00388809
  0.0127118 -0.00921512 -0.00388809           0
Repeater1[0]<--->EndNode1[0]
REAL
      0.498 -0.00144191 -0.00846004    0.450402
-0.00144191       0.002  0.00160633 -0.00241165
-0.00846004  0.00160633      0.0004 -0.00688326
   0.450402 -0.00241165 -0.00688326      0.4996
IMAGINARY
          0 -0.00391858  0.00270579  -0.0118514
 0.00391858           0 -0.00547186  0.00773597
-0.00270579  0.00547186           0 -0.00270793
  0.0118514 -0.00773597  0.00270793           0
Repeater1[0]<--->HoM1[0]
REAL
   0.507732  0.00211866  0.00387559     0.44576
 0.00211866  0.00180759  0.00227351 -0.00160331
 0.00387559  0.00227351 0.000803374  0.00311746
    0.44576 -0.00160331  0.00311746    0.489657
IMAGINARY
          0  0.00137043  -0.0027724 -0.00320969
-0.00137043           0  0.00119031   0.0141952
  0.0027724 -0.00119031           0  -0.0135949
 0.00320969  -0.0141952   0.0135949           0
Repeater2[0]<--->HoM1[0]
REAL
   0.507732  0.00387559  0.00211866     0.44576
 0.00387559 0.000803374  0.00227351  0.00311746
 0.00211866  0.00227351  0.00180759 -0.00160331
    0.44576  0.00311746 -0.00160331    0.489657
IMAGINARY
          0  -0.0027724  0.00137043 -0.00320969
  0.0027724           0 -0.00119031  -0.0135949
-0.00137043  0.00119031           0   0.0141952
 0.00320969   0.0135949  -0.0141952           0
Repeater2[0]<--->Repeater3[0]
REAL
   0.497878 0.000218103 -0.00668159    0.400062
0.000218103   0.0046474 -0.00177735  0.00133345
-0.00668159 -0.00177735   0.0036371 -0.00314444
   0.400062  0.00133345 -0.00314444    0.493837
IMAGINARY
           0  -0.00934198  -0.00195899  -0.00473793
  0.00934198            0 -0.000723835   0.00455795
  0.00195899  0.000723835            0   0.00494374
  0.00473793  -0.00455795  -0.00494374            0
Repeater3[0]<--->Repeater2[0]
REAL
   0.497878 -0.00668159 0.000218103    0.400062
-0.00668159   0.0036371 -0.00177735 -0.00314444
0.000218103 -0.00177735   0.0046474  0.00133345
   0.400062 -0.00314444  0.00133345    0.493837
IMAGINARY
           0  -0.00195899  -0.00934198  -0.00473793
  0.00195899            0  0.000723835   0.00494374
  0.00934198 -0.000723835            0   0.00455795
  0.00473793  -0.00494374  -0.00455795            0
Repeater3[0]<--->HoM2[0]
REAL
    0.49929  0.00212276  0.00152827      0.4004
 0.00212276  0.00587878   0.0026145  0.00422342
 0.00152827   0.0026145  0.00648692 -0.00489943
     0.4004  0.00422342 -0.00489943    0.488344
IMAGINARY
           0   0.00324877   -0.0015222  -0.00574146
 -0.00324877            0 -0.000112391  0.000731375
   0.0015222  0.000112391            0  0.000507654
  0.00574146 -0.000731375 -0.000507654            0
Repeater4[0]<--->HoM2[0]
REAL
    0.49929  0.00152827  0.00212276      0.4004
 0.00152827  0.00648692   0.0026145 -0.00489943
 0.00212276   0.0026145  0.00587878  0.00422342
     0.4004 -0.00489943  0.00422342    0.488344
IMAGINARY
           0   -0.0015222   0.00324877  -0.00574146
   0.0015222            0  0.000112391  0.000507654
 -0.00324877 -0.000112391            0  0.000731375
  0.00574146 -0.000507654 -0.000731375            0
Repeater4[0]<--->Repeater5[0]
REAL
     0.48361 -0.000493497    0.0041829     0.355855
-0.000493497    0.0105221  0.000109193   0.00738418
   0.0041829  0.000109193    0.0105221    0.0116583
    0.355855   0.00738418    0.0116583     0.495346
IMAGINARY
          0 -0.00384392   0.0016528 -0.00779054
 0.00384392           0 -0.00116138 -0.00105424
 -0.0016528  0.00116138           0  0.00304584
 0.00779054  0.00105424 -0.00304584           0
Repeater5[0]<--->Repeater4[0]
REAL
     0.48361    0.0041829 -0.000493497     0.355855
   0.0041829    0.0105221  0.000109193    0.0116583
-0.000493497  0.000109193    0.0105221   0.00738418
    0.355855    0.0116583   0.00738418     0.495346
IMAGINARY
          0   0.0016528 -0.00384392 -0.00779054
 -0.0016528           0  0.00116138  0.00304584
 0.00384392 -0.00116138           0 -0.00105424
 0.00779054 -0.00304584  0.00105424           0
Repeater5[0]<--->HoM3[0]
REAL
    0.489383   -0.0102142  -0.00497729     0.346717
  -0.0102142    0.0138832 -0.000882307   0.00280596
 -0.00497729 -0.000882307    0.0138832   0.00468714
    0.346717   0.00280596   0.00468714      0.48285
IMAGINARY
           0   0.00145073   0.00476334   0.00203415
 -0.00145073            0  0.000447482  -0.00711267
 -0.00476334 -0.000447482            0  -0.00359578
 -0.00203415   0.00711267   0.00359578            0
Repeater6[0]<--->HoM3[0]
REAL
    0.489383  -0.00497729   -0.0102142     0.346717
 -0.00497729    0.0138832 -0.000882307   0.00468714
  -0.0102142 -0.000882307    0.0138832   0.00280596
    0.346717   0.00468714   0.00280596      0.48285
IMAGINARY
           0   0.00476334   0.00145073   0.00203415
 -0.00476334            0 -0.000447482  -0.00359578
 -0.00145073  0.000447482            0  -0.00711267
 -0.00203415   0.00359578   0.00711267            0
Repeater6[0]<--->Repeater7[0]
REAL
   0.484669 -0.00329695 -0.00339481    0.309001
-0.00329695   0.0205737 0.000847201  0.00319465
-0.00339481 0.000847201   0.0199802 -0.00410897
   0.309001  0.00319465 -0.00410897    0.474777
IMAGINARY
          0 -0.00133255  0.00949334 -0.00060048
 0.00133255           0  0.00060048  0.00109818
-0.00949334 -0.00060048           0  -0.0028641
 0.00060048 -0.00109818   0.0028641           0
Repeater7[0]<--->Repeater6[0]
REAL
   0.484669 -0.00339481 -0.00329695    0.309001
-0.00339481   0.0199802 0.000847201 -0.00410897
-0.00329695 0.000847201   0.0205737  0.00319465
   0.309001 -0.00410897  0.00319465    0.474777
IMAGINARY
          0  0.00949334 -0.00133255 -0.00060048
-0.00949334           0 -0.00060048  -0.0028641
 0.00133255  0.00060048           0  0.00109818
 0.00060048   0.0028641 -0.00109818           0
Repeater7[0]<--->HoM4[0]
REAL
    0.478322   0.00565813   0.00721386     0.307468
  0.00565813    0.0195604   0.00313366 -0.000761603
  0.00721386   0.00313366    0.0193587   0.00476474
    0.307468 -0.000761603   0.00476474     0.482759
IMAGINARY
           0  -0.00132949  0.000243892   0.00263166
  0.00132949            0  -0.00126394   0.00319432
-0.000243892   0.00126394            0  -0.00315061
 -0.00263166  -0.00319432   0.00315061            0
Repeater8[0]<--->HoM4[0]
REAL
    0.478322   0.00721386   0.00565813     0.307468
  0.00721386    0.0193587   0.00313366   0.00476474
  0.00565813   0.00313366    0.0195604 -0.000761603
    0.307468   0.00476474 -0.000761603     0.482759
IMAGINARY
           0  0.000243892  -0.00132949   0.00263166
-0.000243892            0   0.00126394  -0.00315061
  0.00132949  -0.00126394            0   0.00319432
 -0.00263166   0.00315061  -0.00319432            0
Repeater8[0]<--->Repeater9[0]
REAL
   0.47503 -0.0113965 0.00347518   0.265004
-0.0113965  0.0293999  0.0121301   0.001222
0.00347518  0.0121301  0.0302054 0.00869809
  0.265004   0.001222 0.00869809   0.465364
IMAGINARY
           0  -0.00145537   0.00817097   0.00555729
  0.00145537            0   0.00695785 -0.000243901
 -0.00817097  -0.00695785            0  0.000860842
 -0.00555729  0.000243901 -0.000860842            0
Repeater9[0]<--->Repeater8[0]
REAL
   0.47503 0.00347518 -0.0113965   0.265004
0.00347518  0.0302054  0.0121301 0.00869809
-0.0113965  0.0121301  0.0293999   0.001222
  0.265004 0.00869809   0.001222   0.465364
IMAGINARY
           0   0.00817097  -0.00145537   0.00555729
 -0.00817097            0  -0.00695785  0.000860842
  0.00145537   0.00695785            0 -0.000243901
 -0.00555729 -0.000860842  0.000243901            0
Repeater9[0]<--->HoM5[0]
REAL
   0.460059 -0.00758517 -0.00526816    0.271053
-0.00758517   0.0291378  0.00553672  0.00153456
-0.00526816  0.00553672   0.0315164  0.00728245
   0.271053  0.00153456  0.00728245    0.479286
IMAGINARY
          0  0.00671692 -0.00236301 -0.00519803
-0.00671692           0 -0.00065166  -0.0144999
 0.00236301  0.00065166           0 -0.00641758
 0.00519803   0.0144999  0.00641758           0
Repeater10[0]<--->HoM5[0]
REAL
   0.460059 -0.00526816 -0.00758517    0.271053
-0.00526816   0.0315164  0.00553672  0.00728245
-0.00758517  0.00553672   0.0291378  0.00153456
   0.271053  0.00728245  0.00153456    0.479286
IMAGINARY
          0 -0.00236301  0.00671692 -0.00519803
 0.00236301           0  0.00065166 -0.00641758
-0.00671692 -0.00065166           0  -0.0144999
 0.00519803  0.00641758   0.0144999           0
Repeater10[0]<--->Repeater11[0]
REAL
   0.491475 -0.00598638  0.00141167    0.477278
-0.00598638 0.000594766 0.000860409 -0.00502178
 0.00141167 0.000860409 0.000396511  0.00177458
   0.477278 -0.00502178  0.00177458    0.507534
IMAGINARY
           0   -0.0070212 -0.000409047   0.00170803
   0.0070212            0   0.00210723    0.0116918
 0.000409047  -0.00210723            0  -0.00263523
 -0.00170803   -0.0116918   0.00263523            0
Repeater11[0]<--->Repeater10[0]
REAL
   0.491475  0.00141167 -0.00598638    0.477278
 0.00141167 0.000396511 0.000860409  0.00177458
-0.00598638 0.000860409 0.000594766 -0.00502178
   0.477278  0.00177458 -0.00502178    0.507534
IMAGINARY
           0 -0.000409047   -0.0070212   0.00170803
 0.000409047            0  -0.00210723  -0.00263523
   0.0070212   0.00210723            0    0.0116918
 -0.00170803   0.00263523   -0.0116918            0
Repeater11[0]<--->HoM6[0]
REAL
     0.49892   -0.0004615   0.00146654     0.474738
  -0.0004615   0.00098174 -0.000500442  -0.00471138
  0.00146654 -0.000500442  0.000392696   0.00134646
    0.474738  -0.00471138   0.00134646     0.499705
IMAGINARY
          0 -0.00794782 -0.00262079  -0.0127118
 0.00794782           0  0.00025416  0.00388809
 0.00262079 -0.00025416           0  0.00921512
  0.0127118 -0.00388809 -0.00921512           0
EndNode1[0]<--->Repeater1[0]
REAL
    0.502731 -0.000415147 -0.000267734     0.447884
-0.000415147   0.00101153   0.00252708   -0.0110491
-0.000267734   0.00252708   0.00161845  -0.00658074
    0.447884   -0.0110491  -0.00658074     0.494639
IMAGINARY
          0  0.00588094 -0.00172807  -0.0025899
-0.00588094           0    0.002889 -0.00787399
 0.00172807   -0.002889           0 -0.00142637
  0.0025899  0.00787399  0.00142637           0
EndNode2[0]<--->HoM6[0]
REAL
     0.50363   -0.0059868  -0.00108513     0.472086
  -0.0059868   0.00100847 -0.000628656  -0.00504552
 -0.00108513 -0.000628656            0   0.00025816
    0.472086  -0.00504552   0.00025816     0.495361
IMAGINARY
          0 -0.00123644 -0.00119498  0.00318491
 0.00123644           0  0.00128301  0.00428202
 0.00119498 -0.00128301           0 -5.8122e-05
-0.00318491 -0.00428202  5.8122e-05           0
Repeater1[0]<--->EndNode1[0]
REAL
    0.502731 -0.000267734 -0.000415147     0.447884
-0.000267734   0.00161845   0.00252708  -0.00658074
-0.000415147   0.00252708   0.00101153   -0.0110491
    0.447884  -0.00658074   -0.0110491     0.494639
IMAGINARY
          0 -0.00172807  0.00588094  -0.0025899
 0.00172807           0   -0.002889 -0.00142637
-0.00588094    0.002889           0 -0.00787399
  0.0025899  0.00142637  0.00787399           0
Repeater1[0]<--->HoM1[0]
REAL
   0.498515 0.000696426    0.009098    0.449376
0.000696426  0.00158447 -0.00128938 -0.00692634
   0.009098 -0.00128938 0.000792236  0.00581857
   0.449376 -0.00692634  0.00581857    0.499109
IMAGINARY
          0 -0.00249133 -0.00643961   0.0055724
 0.00249133           0 -0.00677577  0.00761423
 0.00643961  0.00677577           0  0.00288287
 -0.0055724 -0.00761423 -0.00288287           0
Repeater2[0]<--->HoM1[0]
REAL
   0.498515    0.009098 0.000696426    0.449376
   0.009098 0.000792236 -0.00128938  0.00581857
0.000696426 -0.00128938  0.00158447 -0.00692634
   0.449376  0.00581857 -0.00692634    0.499109
IMAGINARY
          0 -0.00643961 -0.00249133   0.0055724
 0.00643961           0  0.00677577  0.00288287
 0.00249133 -0.00677577           0  0.00761423
 -0.0055724 -0.00288287 -0.00761423           0
Repeater2[0]<--->Repeater3[0]
REAL
   0.484873 -0.00210318  0.00161243    0.396721
-0.00210318  0.00517516  0.00278505  0.00322469
 0.00161243  0.00278505  0.00577229   0.0051634
   0.396721  0.00322469   0.0051634     0.50418
IMAGINARY
           0   0.00714589  -0.00517176  0.000708803
 -0.00714589            0   -0.0016989  -0.00506957
  0.00517176    0.0016989            0 -0.000352137
-0.000708803   0.00506957  0.000352137            0
Repeater3[0]<--->Repeater2[0]
REAL
   0.484873  0.00161243 -0.00210318    0.396721
 0.00161243  0.00577229  0.00278505   0.0051634
-0.00210318  0.00278505  0.00517516  0.00322469
   0.396721   0.0051634  0.00322469     0.50418
IMAGINARY
           0  -0.00517176   0.00714589  0.000708803
  0.00517176            0    0.0016989 -0.000352137
 -0.00714589   -0.0016989            0  -0.00506957
-0.000708803  0.000352137   0.00506957            0
Repeater3[0]<--->HoM2[0]
REAL
   0.498978 0.000452631 -0.00571618    0.396659
0.000452631  0.00490597  0.00284152  0.00241948
-0.00571618  0.00284152  0.00735895 -0.00235073
   0.396659  0.00241948 -0.00235073    0.488757
IMAGINARY
          0  0.00198172  0.00456193  0.00420103
-0.00198172           0 -0.00458863  0.00044298
-0.00456193  0.00458863           0 -0.00247239
-0.00420103 -0.00044298  0.00247239           0
Repeater4[0]<--->HoM2[0]
REAL
   0.498978 -0.00571618 0.000452631    0.396659
-0.00571618  0.00735895  0.00284152 -0.00235073
0.000452631  0.00284152  0.00490597  0.00241948
   0.396659 -0.00235073  0.00241948    0.488757
IMAGINARY
          0  0.00456193  0.00198172  0.00420103
-0.00456193           0  0.00458863 -0.00247239
-0.00198172 -0.00458863           0  0.00044298
-0.00420103  0.00247239 -0.00044298           0
Repeater4[0]<--->Repeater5[0]
REAL
   0.496224 -0.00723023  0.00720668    0.348714
-0.00723023   0.0105326 0.000434898 -0.00396256
 0.00720668 0.000434898   0.0151033 0.000336476
   0.348714 -0.00396256 0.000336476     0.47814
IMAGINARY
           0 -0.000190213   0.00532957   0.00732409
 0.000190213            0   0.00952762  7.47574e-05
 -0.00532957  -0.00952762            0  -0.00401315
 -0.00732409 -7.47574e-05   0.00401315            0
Repeater5[0]<--->Repeater4[0]
REAL
   0.496224  0.00720668 -0.00723023    0.348714
 0.00720668   0.0151033 0.000434898 0.000336476
-0.00723023 0.000434898   0.0105326 -0.00396256
   0.348714 0.000336476 -0.00396256     0.47814
IMAGINARY
           0   0.00532957 -0.000190213   0.00732409
 -0.00532957            0  -0.00952762  -0.00401315
 0.000190213   0.00952762            0  7.47574e-05
 -0.00732409   0.00401315 -7.47574e-05            0
Repeater5[0]<--->HoM3[0]
REAL
   0.491345  0.00261718 -0.00118779    0.351141
 0.00261718   0.0110709  0.00145949  0.00458779
-0.00118779  0.00145949    0.010467 -0.00381718
   0.351141  0.00458779 -0.00381718    0.487118
IMAGINARY
          0  0.00201768   0.0053974 -0.00365677
-0.00201768           0 -0.00169136 -0.00679293
 -0.0053974  0.00169136           0 -0.00660301
 0.00365677  0.00679293  0.00660301           0
Repeater6[0]<--->HoM3[0]
REAL
   0.491345 -0.00118779  0.00261718    0.351141
-0.00118779    0.010467  0.00145949 -0.00381718
 0.00261718  0.00145949   0.0110709  0.00458779
   0.351141 -0.00381718  0.00458779    0.487118
IMAGINARY
          0   0.0053974  0.00201768 -0.00365677
 -0.0053974           0  0.00169136 -0.00660301
-0.00201768 -0.00169136           0 -0.00679293
 0.00365677  0.00660301  0.00679293           0
Repeater6[0]<--->Repeater7[0]
REAL
   0.494193   0.0038711 -0.00525577    0.300674
  0.0038711   0.0184221  0.00328734  0.00780836
-0.00525577  0.00328734   0.0176211  0.00317403
   0.300674  0.00780836  0.00317403    0.469764
IMAGINARY
           0   0.00920418  -0.00636845     0.002789
 -0.00920418            0   0.00517279   0.00385589
  0.00636845  -0.00517279            0  0.000142557
   -0.002789  -0.00385589 -0.000142557            0
Repeater7[0]<--->Repeater6[0]
REAL
   0.494193 -0.00525577   0.0038711    0.300674
-0.00525577   0.0176211  0.00328734  0.00317403
  0.0038711  0.00328734   0.0184221  0.00780836
   0.300674  0.00317403  0.00780836    0.469764
IMAGINARY
           0  -0.00636845   0.00920418     0.002789
  0.00636845            0  -0.00517279  0.000142557
 -0.00920418   0.00517279            0   0.00385589
   -0.002789 -0.000142557  -0.00385589            0
Repeater7[0]<--->HoM4[0]
REAL
   0.484695  0.00145373  0.00542931    0.307658
 0.00145373   0.0222266 -0.00159101 -0.00327667
 0.00542931 -0.00159101   0.0169624  0.00246017
   0.307658 -0.00327667  0.00246017    0.476116
IMAGINARY
          0  0.00559743  0.00270523 -0.00186103
-0.00559743           0 -0.00426392   0.0069975
-0.00270523  0.00426392           0 -0.00621675
 0.00186103  -0.0069975  0.00621675           0
Repeater8[0]<--->HoM4[0]
REAL
   0.484695  0.00542931  0.00145373    0.307658
 0.00542931   0.0169624 -0.00159101  0.00246017
 0.00145373 -0.00159101   0.0222266 -0.00327667
   0.307658  0.00246017 -0.00327667    0.476116
IMAGINARY
          0  0.00270523  0.00559743 -0.00186103
-0.00270523           0  0.00426392 -0.00621675
-0.00559743 -0.00426392           0   0.0069975
 0.00186103  0.00621675  -0.0069975           0
Repeater8[0]<--->Repeater9[0]
REAL
   0.465349  0.00382719 -0.00167451    0.270837
 0.00382719   0.0260905 -0.00531597 0.000112621
-0.00167451 -0.00531597   0.0305748  -0.0044129
   0.270837 0.000112621  -0.0044129    0.477986
IMAGINARY
           0  -0.00629451   0.00370548 -0.000995611
  0.00629451            0   0.00299481   0.00597327
 -0.00370548  -0.00299481            0  -0.00688506
 0.000995611  -0.00597327   0.00688506            0
Repeater9[0]<--->Repeater8[0]
REAL
   0.465349 -0.00167451  0.00382719    0.270837
-0.00167451   0.0305748 -0.00531597  -0.0044129
 0.00382719 -0.00531597   0.0260905 0.000112621
   0.270837  -0.0044129 0.000112621    0.477986
IMAGINARY
           0   0.00370548  -0.00629451 -0.000995611
 -0.00370548            0  -0.00299481  -0.00688506
