EndNode1[0]<--->Repeater1[0]
REAL
    0.359239  -0.00065188   0.00260678     0.214904
 -0.00065188     0.150982   -0.0108364   0.00330386
  0.00260678   -0.0108364     0.143898 -0.000450104
    0.214904   0.00330386 -0.000450104     0.345881
IMAGINARY
           0  0.000267825  -0.00337151   0.00242275
-0.000267825            0  -0.00332437   0.00346953
  0.00337151   0.00332437            0  -0.00722724
 -0.00242275  -0.00346953   0.00722724            0
EndNode2[0]<--->HoM6[0]
REAL
    0.405894 -0.000714273  -0.00571756     0.326404
-0.000714273    0.0905697   0.00350857    0.0045999
 -0.00571756   0.00350857    0.0848723  -0.00101302
    0.326404    0.0045999  -0.00101302     0.418664
IMAGINARY
          0    0.001174   0.0101625  0.00682329
  -0.001174           0  0.00249472 -0.00243577
 -0.0101625 -0.00249472           0 -0.00259734
-0.00682329  0.00243577  0.00259734           0
Repeater1[0]<--->EndNode1[0]
REAL
    0.359239   0.00260678  -0.00065188     0.214904
  0.00260678     0.143898   -0.0108364 -0.000450104
 -0.00065188   -0.0108364     0.150982   0.00330386
    0.214904 -0.000450104   0.00330386     0.345881
IMAGINARY
           0  -0.00337151  0.000267825   0.00242275
  0.00337151            0   0.00332437  -0.00722724
-0.000267825  -0.00332437            0   0.00346953
 -0.00242275   0.00722724  -0.00346953            0
Repeater1[0]<--->HoM1[0]
REAL
   0.358445  0.00337722  0.00685352    0.215847
 0.00337722    0.144593 -0.00133116  0.00259561
 0.00685352 -0.00133116     0.14358 -0.00357827
   0.215847  0.00259561 -0.00357827    0.353382
IMAGINARY
          0  0.00663028 -0.00300119   0.0133633
-0.00663028           0  0.00652753  -0.0013083
 0.00300119 -0.00652753           0  0.00349199
 -0.0133633   0.0013083 -0.00349199           0
Repeater2[0]<--->HoM1[0]
REAL
   0.358445  0.00685352  0.00337722    0.215847
 0.00685352     0.14358 -0.00133116 -0.00357827
 0.00337722 -0.00133116    0.144593  0.00259561
   0.215847 -0.00357827  0.00259561    0.353382
IMAGINARY
          0 -0.00300119  0.00663028   0.0133633
 0.00300119           0 -0.00652753  0.00349199
-0.00663028  0.00652753           0  -0.0013083
 -0.0133633 -0.00349199   0.0013083           0
Repeater2[0]<--->Repeater3[0]
REAL
   0.299058 -0.00329326 -0.00698922   0.0825308
-0.00329326    0.189617   0.0061949  0.00639375
-0.00698922   0.0061949    0.205853 -0.00643282
  0.0825308  0.00639375 -0.00643282    0.305472
IMAGINARY
           0   0.00375289    0.0052885 -0.000497636
 -0.00375289            0 -9.01382e-05    0.0121884
  -0.0052885  9.01382e-05            0  -0.00415466
 0.000497636   -0.0121884   0.00415466            0
Repeater3[0]<--->Repeater2[0]
REAL
   0.299058 -0.00698922 -0.00329326   0.0825308
-0.00698922    0.205853   0.0061949 -0.00643282
-0.00329326   0.0061949    0.189617  0.00639375
  0.0825308 -0.00643282  0.00639375    0.305472
IMAGINARY
           0    0.0052885   0.00375289 -0.000497636
  -0.0052885            0  9.01382e-05  -0.00415466
 -0.00375289 -9.01382e-05            0    0.0121884
 0.000497636   0.00415466   -0.0121884            0
Repeater3[0]<--->HoM2[0]
REAL
   0.291749 -0.00204264  0.00281482   0.0845738
-0.00204264    0.198136 0.000640966 -0.00471292
 0.00281482 0.000640966    0.211027  -0.0110443
  0.0845738 -0.00471292  -0.0110443    0.299088
IMAGINARY
           0  -0.00766076   0.00329736   0.00199725
  0.00766076            0  0.000247643  -0.00069944
 -0.00329736 -0.000247643            0  -0.00333045
 -0.00199725   0.00069944   0.00333045            0
Repeater4[0]<--->HoM2[0]
REAL
   0.291749  0.00281482 -0.00204264   0.0845738
 0.00281482    0.211027 0.000640966  -0.0110443
-0.00204264 0.000640966    0.198136 -0.00471292
  0.0845738  -0.0110443 -0.00471292    0.299088
IMAGINARY
           0   0.00329736  -0.00766076   0.00199725
 -0.00329736            0 -0.000247643  -0.00333045
  0.00766076  0.000247643            0  -0.00069944
 -0.00199725   0.00333045   0.00069944            0
Repeater4[0]<--->Repeater5[0]
REAL
   0.272347 -0.00167254  0.00344366    0.039735
-0.00167254     0.22835  -0.0057564   -0.008386
 0.00344366  -0.0057564    0.229743  0.00311406
   0.039735   -0.008386  0.00311406     0.26956
IMAGINARY
          0   0.0031601 -0.00332418 -0.00472162
 -0.0031601           0 -0.00381013  -0.0024509
 0.00332418  0.00381013           0 -0.00569302
 0.00472162   0.0024509  0.00569302           0
Repeater5[0]<--->Repeater4[0]
REAL
   0.272347  0.00344366 -0.00167254    0.039735
 0.00344366    0.229743  -0.0057564  0.00311406
-0.00167254  -0.0057564     0.22835   -0.008386
   0.039735  0.00311406   -0.008386     0.26956
IMAGINARY
          0 -0.00332418   0.0031601 -0.00472162
 0.00332418           0  0.00381013 -0.00569302
 -0.0031601 -0.00381013           0  -0.0024509
 0.00472162  0.00569302   0.0024509           0
Repeater5[0]<--->HoM3[0]
REAL
    0.280261   0.00663375   0.00266106    0.0344375
  0.00663375     0.236375   -0.0101504   -0.0102323
  0.00266106   -0.0101504     0.231884 -0.000635717
   0.0344375   -0.0102323 -0.000635717      0.25148
IMAGINARY
           0  -0.00235375  0.000263454  -0.00745102
  0.00235375            0   0.00135955   0.00519831
-0.000263454  -0.00135955            0   0.00066557
  0.00745102  -0.00519831  -0.00066557            0
Repeater6[0]<--->HoM3[0]
REAL
    0.280261   0.00266106   0.00663375    0.0344375
  0.00266106     0.231884   -0.0101504 -0.000635717
  0.00663375   -0.0101504     0.236375   -0.0102323
   0.0344375 -0.000635717   -0.0102323      0.25148
IMAGINARY
           0  0.000263454  -0.00235375  -0.00745102
-0.000263454            0  -0.00135955   0.00066557
  0.00235375   0.00135955            0   0.00519831
  0.00745102  -0.00066557  -0.00519831            0
Repeater6[0]<--->Repeater7[0]
REAL
     0.2668 -0.00230477 -0.00187695   0.0225046
-0.00230477    0.238285  0.00242506  0.00449054
-0.00187695  0.00242506    0.244467 -0.00654123
  0.0225046  0.00449054 -0.00654123    0.250449
IMAGINARY
           0 -0.000902857  -0.00228759   0.00419554
 0.000902857            0  -0.00125972 -9.80977e-05
  0.00228759   0.00125972            0   0.00686707
 -0.00419554  9.80977e-05  -0.00686707            0
Repeater7[0]<--->Repeater6[0]
REAL
     0.2668 -0.00187695 -0.00230477   0.0225046
-0.00187695    0.244467  0.00242506 -0.00654123
-0.00230477  0.00242506    0.238285  0.00449054
  0.0225046 -0.00654123  0.00449054    0.250449
IMAGINARY
           0  -0.00228759 -0.000902857   0.00419554
  0.00228759            0   0.00125972   0.00686707
 0.000902857  -0.00125972            0 -9.80977e-05
 -0.00419554  -0.00686707  9.80977e-05            0
Repeater7[0]<--->HoM4[0]
REAL
    0.250808 -9.38743e-05   0.00335272   0.00646624
-9.38743e-05     0.248586  -0.00126624   0.00384728
  0.00335272  -0.00126624     0.245759   0.00209387
  0.00646624   0.00384728   0.00209387     0.254847
IMAGINARY
           0  -0.00324304   0.00750012   0.00124769
  0.00324304            0  0.000642854  -0.00800223
 -0.00750012 -0.000642854            0  0.000732495
 -0.00124769   0.00800223 -0.000732495            0
Repeater8[0]<--->HoM4[0]
REAL
    0.250808   0.00335272 -9.38743e-05   0.00646624
  0.00335272     0.245759  -0.00126624   0.00209387
-9.38743e-05  -0.00126624     0.248586   0.00384728
  0.00646624   0.00209387   0.00384728     0.254847
IMAGINARY
           0   0.00750012  -0.00324304   0.00124769
 -0.00750012            0 -0.000642854  0.000732495
  0.00324304  0.000642854            0  -0.00800223
 -0.00124769 -0.000732495   0.00800223            0
Repeater8[0]<--->Repeater9[0]
REAL
   0.253124  -0.0029226  0.00524006  0.00724921
 -0.0029226    0.239621  -0.0011431 0.000265443
 0.00524006  -0.0011431    0.250504   0.0030227
 0.00724921 0.000265443   0.0030227    0.256751
IMAGINARY
          0 -0.00325243  0.00156235  0.00226185
 0.00325243           0 -0.00427473 -0.00166346
-0.00156235  0.00427473           0  0.00315131
-0.00226185  0.00166346 -0.00315131           0
Repeater9[0]<--->Repeater8[0]
REAL
   0.253124  0.00524006  -0.0029226  0.00724921
 0.00524006    0.250504  -0.0011431   0.0030227
 -0.0029226  -0.0011431    0.239621 0.000265443
 0.00724921   0.0030227 0.000265443    0.256751
IMAGINARY
          0  0.00156235 -0.00325243  0.00226185
-0.00156235           0  0.00427473  0.00315131
 0.00325243 -0.00427473           0 -0.00166346
-0.00226185 -0.00315131  0.00166346           0
Repeater9[0]<--->HoM5[0]
REAL
      0.2587  -0.00290209    0.0104206    0.0104215
 -0.00290209     0.256085  -0.00142871    0.0031685
   0.0104206  -0.00142871     0.235767 -0.000894868
   0.0104215    0.0031685 -0.000894868     0.249447
IMAGINARY
           0   -0.0011768  -0.00529557   0.00180972
   0.0011768            0 -0.000283161   0.00260687
  0.00529557  0.000283161            0   0.00247136
 -0.00180972  -0.00260687  -0.00247136            0
Repeater10[0]<--->HoM5[0]
REAL
      0.2587    0.0104206  -0.00290209    0.0104215
   0.0104206     0.235767  -0.00142871 -0.000894868
 -0.00290209  -0.00142871     0.256085    0.0031685
   0.0104215 -0.000894868    0.0031685     0.249447
IMAGINARY
           0  -0.00529557   -0.0011768   0.00180972
  0.00529557            0  0.000283161   0.00247136
   0.0011768 -0.000283161            0   0.00260687
 -0.00180972  -0.00247136  -0.00260687            0
Repeater10[0]<--->Repeater11[0]
REAL
   0.413242  0.00761243  0.00307219    0.321879
 0.00761243   0.0876696 -0.00346365   0.0151456
 0.00307219 -0.00346365   0.0886819   0.0147638
   0.321879   0.0151456   0.0147638    0.410407
IMAGINARY
           0  -0.00687452    0.0041775   0.00369816
  0.00687452            0  -0.00248946   0.00427685
  -0.0041775   0.00248946            0 -0.000386276
 -0.00369816  -0.00427685  0.000386276            0
Repeater11[0]<--->Repeater10[0]
REAL
   0.413242  0.00307219  0.00761243    0.321879
 0.00307219   0.0886819 -0.00346365   0.0147638
 0.00761243 -0.00346365   0.0876696   0.0151456
   0.321879   0.0147638   0.0151456    0.410407
IMAGINARY
           0    0.0041775  -0.00687452   0.00369816
  -0.0041775            0   0.00248946 -0.000386276
  0.00687452  -0.00248946            0   0.00427685
 -0.00369816  0.000386276  -0.00427685            0
Repeater11[0]<--->HoM6[0]
REAL
    0.405894  -0.00571756 -0.000714273     0.326404
 -0.00571756    0.0848723   0.00350857  -0.00101302
-0.000714273   0.00350857    0.0905697    0.0045999
    0.326404  -0.00101302    0.0045999     0.418664
IMAGINARY
          0   0.0101625    0.001174  0.00682329
 -0.0101625           0 -0.00249472 -0.00259734
  -0.001174  0.00249472           0 -0.00243577
-0.00682329  0.00259734  0.00243577           0
EndNode1[0]<--->Repeater1[0]
REAL
   0.361207 -0.00473677 -0.00171692    0.210033
-0.00473677     0.13971  0.00306836 -0.00980754
-0.00171692  0.00306836    0.143586   -0.012651
   0.210033 -0.00980754   -0.012651    0.355497
IMAGINARY
           0 -4.55458e-05   0.00616636  -0.00538512
 4.55458e-05            0   0.00109285   0.00253962
 -0.00616636  -0.00109285            0  -0.00213095
  0.00538512  -0.00253962   0.00213095            0
EndNode2[0]<--->HoM6[0]
REAL
    0.406124  0.000765775   0.00126036     0.326582
 0.000765775    0.0898469   0.00138127  -0.00344811
  0.00126036   0.00138127    0.0924658 -0.000765775
    0.326582  -0.00344811 -0.000765775     0.411563
IMAGINARY
          0 -0.00347359 -0.00165826  0.00106628
 0.00347359           0 -0.00551792 -0.00510247
 0.00165826  0.00551792           0 -0.00387503
-0.00106628  0.00510247  0.00387503           0
Repeater1[0]<--->EndNode1[0]
REAL
   0.361207 -0.00171692 -0.00473677    0.210033
-0.00171692    0.143586  0.00306836   -0.012651
-0.00473677  0.00306836     0.13971 -0.00980754
   0.210033   -0.012651 -0.00980754    0.355497
IMAGINARY
           0   0.00616636 -4.55458e-05  -0.00538512
 -0.00616636            0  -0.00109285  -0.00213095
 4.55458e-05   0.00109285            0   0.00253962
  0.00538512   0.00213095  -0.00253962            0
Repeater1[0]<--->HoM1[0]
REAL
    0.355084 -0.000110748   0.00416415     0.208551
-0.000110748     0.140512    0.0099264  0.000197469
  0.00416415    0.0099264     0.148719   0.00407585
    0.208551  0.000197469   0.00407585     0.355685
IMAGINARY
           0  -0.00490761 -0.000512384   0.00278568
  0.00490761            0  -0.00137439  -0.00353292
 0.000512384   0.00137439            0   0.00693027
 -0.00278568   0.00353292  -0.00693027            0
Repeater2[0]<--->HoM1[0]
REAL
    0.355084   0.00416415 -0.000110748     0.208551
  0.00416415     0.148719    0.0099264   0.00407585
-0.000110748    0.0099264     0.140512  0.000197469
    0.208551   0.00407585  0.000197469     0.355685
IMAGINARY
           0 -0.000512384  -0.00490761   0.00278568
 0.000512384            0   0.00137439   0.00693027
  0.00490761  -0.00137439            0  -0.00353292
 -0.00278568  -0.00693027   0.00353292            0
Repeater2[0]<--->Repeater3[0]
REAL
    0.285196   0.00129128  -0.00876852    0.0932991
  0.00129128     0.211577   0.00392039 -0.000210051
 -0.00876852   0.00392039     0.206132   0.00633567
   0.0932991 -0.000210051   0.00633567     0.297096
IMAGINARY
          0 -0.00445614 -0.00085058 -0.00230981
 0.00445614           0  0.00230981 -0.00616345
 0.00085058 -0.00230981           0  -0.0055639
 0.00230981  0.00616345   0.0055639           0
Repeater3[0]<--->Repeater2[0]
REAL
    0.285196  -0.00876852   0.00129128    0.0932991
 -0.00876852     0.206132   0.00392039   0.00633567
  0.00129128   0.00392039     0.211577 -0.000210051
   0.0932991   0.00633567 -0.000210051     0.297096
IMAGINARY
          0 -0.00085058 -0.00445614 -0.00230981
 0.00085058           0 -0.00230981  -0.0055639
 0.00445614  0.00230981           0 -0.00616345
 0.00230981   0.0055639  0.00616345           0
Repeater3[0]<--->HoM2[0]
REAL
    0.298228   0.00140156  -0.00469218    0.0848564
  0.00140156     0.221146  0.000490141 -0.000654359
 -0.00469218  0.000490141     0.200124  -0.00833225
   0.0848564 -0.000654359  -0.00833225     0.280503
IMAGINARY
           0  0.000564783   0.00380341  -0.00495734
-0.000564783            0  -0.00212143  -0.00760189
 -0.00380341   0.00212143            0  -0.00216414
  0.00495734   0.00760189   0.00216414            0
Repeater4[0]<--->HoM2[0]
REAL
    0.298228  -0.00469218   0.00140156    0.0848564
 -0.00469218     0.200124  0.000490141  -0.00833225
  0.00140156  0.000490141     0.221146 -0.000654359
   0.0848564  -0.00833225 -0.000654359     0.280503
IMAGINARY
           0   0.00380341  0.000564783  -0.00495734
 -0.00380341            0   0.00212143  -0.00216414
-0.000564783  -0.00212143            0  -0.00760189
  0.00495734   0.00216414   0.00760189            0
Repeater4[0]<--->Repeater5[0]
REAL
   0.268669 -0.00291421 -0.00680594   0.0347885
-0.00291421    0.232833  0.00142904 -0.00460506
-0.00680594  0.00142904     0.23003 0.000433562
  0.0347885 -0.00460506 0.000433562    0.268468
IMAGINARY
           0   0.00391793  0.000118192   0.00164671
 -0.00391793            0    0.0036842  -0.00647703
-0.000118192   -0.0036842            0  -0.00479839
 -0.00164671   0.00647703   0.00479839            0
Repeater5[0]<--->Repeater4[0]
REAL
   0.268669 -0.00680594 -0.00291421   0.0347885
-0.00680594     0.23003  0.00142904 0.000433562
-0.00291421  0.00142904    0.232833 -0.00460506
  0.0347885 0.000433562 -0.00460506    0.268468
IMAGINARY
           0  0.000118192   0.00391793   0.00164671
-0.000118192            0   -0.0036842  -0.00479839
 -0.00391793    0.0036842            0  -0.00647703
 -0.00164671   0.00479839   0.00647703            0
Repeater5[0]<--->HoM3[0]
REAL
    0.262282   0.00471886  -0.00390189    0.0388749
  0.00471886     0.235485  -0.00186734 -7.74155e-05
 -0.00390189  -0.00186734      0.23447     0.001847
   0.0388749 -7.74155e-05     0.001847     0.267763
IMAGINARY
           0    0.0106648   0.00256003   0.00406352
  -0.0106648            0  0.000926502   0.00107046
 -0.00256003 -0.000926502            0   0.00486568
 -0.00406352  -0.00107046  -0.00486568            0
Repeater6[0]<--->HoM3[0]
REAL
    0.262282  -0.00390189   0.00471886    0.0388749
 -0.00390189      0.23447  -0.00186734     0.001847
  0.00471886  -0.00186734     0.235485 -7.74155e-05
   0.0388749     0.001847 -7.74155e-05     0.267763
IMAGINARY
           0   0.00256003    0.0106648   0.00406352
 -0.00256003            0 -0.000926502   0.00486568
  -0.0106648  0.000926502            0   0.00107046
 -0.00406352  -0.00486568  -0.00107046            0
Repeater6[0]<--->Repeater7[0]
REAL
   0.258027 -0.00060863  0.00122938   0.0173902
-0.00060863    0.253357  0.00292534  0.00804083
 0.00122938  0.00292534    0.229811 -0.00511129
  0.0173902  0.00804083 -0.00511129    0.258805
IMAGINARY
          0  0.00353127  0.00633886 -0.00207084
-0.00353127           0 -0.00367856 -0.00239388
-0.00633886  0.00367856           0 -0.00545318
 0.00207084  0.00239388  0.00545318           0
Repeater7[0]<--->Repeater6[0]
REAL
   0.258027  0.00122938 -0.00060863   0.0173902
 0.00122938    0.229811  0.00292534 -0.00511129
-0.00060863  0.00292534    0.253357  0.00804083
  0.0173902 -0.00511129  0.00804083    0.258805
IMAGINARY
          0  0.00633886  0.00353127 -0.00207084
-0.00633886           0  0.00367856 -0.00545318
-0.00353127 -0.00367856           0 -0.00239388
 0.00207084  0.00545318  0.00239388           0
Repeater7[0]<--->HoM4[0]
REAL
    0.248622  0.000894909  -0.00203832     0.014777
 0.000894909     0.241682  -0.00234903 -0.000646113
 -0.00203832  -0.00234903     0.241274  0.000795288
    0.014777 -0.000646113  0.000795288     0.268422
IMAGINARY
           0  -0.00764668 -0.000417657  -0.00534254
  0.00764668            0     0.003043   -0.0108028
 0.000417657    -0.003043            0   0.00804038
  0.00534254    0.0108028  -0.00804038            0
Repeater8[0]<--->HoM4[0]
REAL
    0.248622  -0.00203832  0.000894909     0.014777
 -0.00203832     0.241274  -0.00234903  0.000795288
 0.000894909  -0.00234903     0.241682 -0.000646113
    0.014777  0.000795288 -0.000646113     0.268422
IMAGINARY
           0 -0.000417657  -0.00764668  -0.00534254
 0.000417657            0    -0.003043   0.00804038
  0.00764668     0.003043            0   -0.0108028
  0.00534254  -0.00804038    0.0108028            0
Repeater8[0]<--->Repeater9[0]
REAL
   0.252278 0.000290809  0.00207629 -0.00688396
0.000290809    0.254302  -0.0013805 0.000678529
 0.00207629  -0.0013805    0.247419  0.00305433
-0.00688396 0.000678529  0.00305433    0.246001
IMAGINARY
           0 -0.000367083    0.0122185   0.00882454
 0.000367083            0   0.00577328  -0.00589966
  -0.0122185  -0.00577328            0  -0.00105974
 -0.00882454   0.00589966   0.00105974            0
Repeater9[0]<--->Repeater8[0]
REAL
   0.252278  0.00207629 0.000290809 -0.00688396
 0.00207629    0.247419  -0.0013805  0.00305433
0.000290809  -0.0013805    0.254302 0.000678529
-0.00688396  0.00305433 0.000678529    0.246001
IMAGINARY
           0    0.0122185 -0.000367083   0.00882454
  -0.0122185            0  -0.00577328  -0.00105974
 0.000367083   0.00577328            0  -0.00589966
 -0.00882454   0.00105974   0.00589966            0
Repeater9[0]<--->HoM5[0]
REAL
   0.259779   0.0032069 -0.00068211   0.0105286
  0.0032069    0.252357  -0.0039959 -0.00263447
-0.00068211  -0.0039959    0.243129  0.00211973
  0.0105286 -0.00263447  0.00211973    0.244734
IMAGINARY
           0 -0.000116123  -0.00278837  -0.00361052
 0.000116123            0   0.00714547   -0.0025837
  0.00278837  -0.00714547            0    0.0031006
  0.00361052    0.0025837   -0.0031006            0
Repeater10[0]<--->HoM5[0]
REAL
   0.259779 -0.00068211   0.0032069   0.0105286
-0.00068211    0.243129  -0.0039959  0.00211973
  0.0032069  -0.0039959    0.252357 -0.00263447
  0.0105286  0.00211973 -0.00263447    0.244734
IMAGINARY
           0  -0.00278837 -0.000116123  -0.00361052
  0.00278837            0  -0.00714547    0.0031006
 0.000116123   0.00714547            0   -0.0025837
  0.00361052   -0.0031006    0.0025837            0
Repeater10[0]<--->Repeater11[0]
REAL
   0.418889  0.00187185  0.00616611    0.324914
 0.00187185   0.0903725 -0.00279678  0.00150803
 0.00616611 -0.00279678   0.0820273  0.00147329
   0.324914  0.00150803  0.00147329    0.408712
IMAGINARY
           0  -0.00760117   0.00310838  4.07459e-05
  0.00760117            0  -0.00715925   0.00391974
 -0.00310838   0.00715925            0   0.00458912
-4.07459e-05  -0.00391974  -0.00458912            0
Repeater11[0]<--->Repeater10[0]
REAL
   0.418889  0.00616611  0.00187185    0.324914
 0.00616611   0.0820273 -0.00279678  0.00147329
 0.00187185 -0.00279678   0.0903725  0.00150803
   0.324914  0.00147329  0.00150803    0.408712
IMAGINARY
           0   0.00310838  -0.00760117  4.07459e-05
 -0.00310838            0   0.00715925   0.00458912
  0.00760117  -0.00715925            0   0.00391974
-4.07459e-05  -0.00458912  -0.00391974            0
Repeater11[0]<--->HoM6[0]
REAL
    0.406124   0.00126036  0.000765775     0.326582
  0.00126036    0.0924658   0.00138127 -0.000765775
 0.000765775   0.00138127    0.0898469  -0.00344811
    0.326582 -0.000765775  -0.00344811     0.411563
IMAGINARY
          0 -0.00165826 -0.00347359  0.00106628
 0.00165826           0  0.00551792 -0.00387503
 0.00347359 -0.00551792           0 -0.00510247
-0.00106628  0.00387503  0.00510247           0
EndNode1[0]<--->Repeater1[0]
REAL
   0.361634  0.00200645  0.00109705    0.212748
 0.00200645    0.143773 -0.00171179  0.00199615
 0.00109705 -0.00171179    0.142571 -0.00569833
   0.212748  0.00199615 -0.00569833    0.352022
IMAGINARY
          0  0.00141758  -0.0128326  0.00207785
-0.00141758           0  0.00187785  0.00756736
  0.0128326 -0.00187785           0  0.00141758
-0.00207785 -0.00756736 -0.00141758           0
EndNode2[0]<--->HoM6[0]
REAL
   0.411157 -0.00110131  -0.0076882    0.332089
-0.00110131   0.0889418 -0.00131077  0.00304924
 -0.0076882 -0.00131077   0.0893389 -0.00656307
   0.332089  0.00304924 -0.00656307    0.410562
IMAGINARY
           0  -0.00671343  0.000363961   0.00383851
  0.00671343            0   0.00563348   0.00624397
-0.000363961  -0.00563348            0   0.00170742
 -0.00383851  -0.00624397  -0.00170742            0
Repeater1[0]<--->EndNode1[0]
REAL
   0.361634  0.00109705  0.00200645    0.212748
 0.00109705    0.142571 -0.00171179 -0.00569833
 0.00200645 -0.00171179    0.143773  0.00199615
   0.212748 -0.00569833  0.00199615    0.352022
IMAGINARY
          0  -0.0128326  0.00141758  0.00207785
  0.0128326           0 -0.00187785  0.00141758
-0.00141758  0.00187785           0  0.00756736
-0.00207785 -0.00141758 -0.00756736           0
Repeater1[0]<--->HoM1[0]
REAL
   0.351759  0.00286105 -0.00410572    0.217574
 0.00286105    0.142513 -0.00812976  0.00520859
-0.00410572 -0.00812976    0.148141 -0.00436496
   0.217574  0.00520859 -0.00436496    0.357588
IMAGINARY
          0 -0.00818748 -0.00343421   0.0027917
 0.00818748           0  0.00248614  0.00660755
 0.00343421 -0.00248614           0  -0.0062909
 -0.0027917 -0.00660755   0.0062909           0
Repeater2[0]<--->HoM1[0]
REAL
   0.351759 -0.00410572  0.00286105    0.217574
-0.00410572    0.148141 -0.00812976 -0.00436496
 0.00286105 -0.00812976    0.142513  0.00520859
   0.217574 -0.00436496  0.00520859    0.357588
IMAGINARY
          0 -0.00343421 -0.00818748   0.0027917
 0.00343421           0 -0.00248614  -0.0062909
 0.00818748  0.00248614           0  0.00660755
 -0.0027917   0.0062909 -0.00660755           0
Repeater2[0]<--->Repeater3[0]
REAL
   0.297952  0.00332835 -0.00186754   0.0820568
 0.00332835    0.208744 -0.00456997  0.00235611
-0.00186754 -0.00456997    0.204214  0.00302303
  0.0820568  0.00235611  0.00302303     0.28909
IMAGINARY
          0  0.00559621  0.00827206  0.00159945
-0.00559621           0  0.00099019  -0.0118649
-0.00827206 -0.00099019           0 -0.00180379
-0.00159945   0.0118649  0.00180379           0
Repeater3[0]<--->Repeater2[0]
REAL
   0.297952 -0.00186754  0.00332835   0.0820568
-0.00186754    0.204214 -0.00456997  0.00302303
 0.00332835 -0.00456997    0.208744  0.00235611
  0.0820568  0.00302303  0.00235611     0.28909
IMAGINARY
          0  0.00827206  0.00559621  0.00159945
-0.00827206           0 -0.00099019 -0.00180379
-0.00559621  0.00099019           0  -0.0118649
-0.00159945  0.00180379   0.0118649           0
Repeater3[0]<--->HoM2[0]
REAL
    0.292784  -0.00452254  -0.00389128    0.0887935
 -0.00452254     0.201498  2.69161e-06 -0.000478999
 -0.00389128  2.69161e-06     0.211751  0.000152257
   0.0887935 -0.000478999  0.000152257     0.293967
IMAGINARY
           0   0.00505388   0.00499595   0.00335374
 -0.00505388            0 -0.000196676 -0.000992664
 -0.00499595  0.000196676            0  -0.00597772
 -0.00335374  0.000992664   0.00597772            0
Repeater4[0]<--->HoM2[0]
REAL
    0.292784  -0.00389128  -0.00452254    0.0887935
 -0.00389128     0.211751  2.69161e-06  0.000152257
 -0.00452254  2.69161e-06     0.201498 -0.000478999
   0.0887935  0.000152257 -0.000478999     0.293967
IMAGINARY
           0   0.00499595   0.00505388   0.00335374
 -0.00499595            0  0.000196676  -0.00597772
 -0.00505388 -0.000196676            0 -0.000992664
 -0.00335374   0.00597772  0.000992664            0
Repeater4[0]<--->Repeater5[0]
REAL
    0.252548  -0.00144723   0.00349541     0.037659
 -0.00144723     0.240726   0.00746294 -0.000649877
  0.00349541   0.00746294      0.23726   0.00185374
    0.037659 -0.000649877   0.00185374     0.269466
IMAGINARY
           0   0.00366708    0.0104696   -0.0017349
 -0.00366708            0  -0.00462277  0.000314739
  -0.0104696   0.00462277            0  5.84147e-05
   0.0017349 -0.000314739 -5.84147e-05            0
Repeater5[0]<--->Repeater4[0]
REAL
    0.252548   0.00349541  -0.00144723     0.037659
  0.00349541      0.23726   0.00746294   0.00185374
 -0.00144723   0.00746294     0.240726 -0.000649877
    0.037659   0.00185374 -0.000649877     0.269466
IMAGINARY
           0    0.0104696   0.00366708   -0.0017349
  -0.0104696            0   0.00462277  5.84147e-05
 -0.00366708  -0.00462277            0  0.000314739
   0.0017349 -5.84147e-05 -0.000314739            0
Repeater5[0]<--->HoM3[0]
REAL
   0.267637  0.00167576 0.000407072   0.0361482
 0.00167576    0.243922 -0.00373525   0.0149991
0.000407072 -0.00373525    0.226584  -0.0052772
  0.0361482   0.0149991  -0.0052772    0.261857
IMAGINARY
          0  0.00495851  -0.0032777  0.00226268
-0.00495851           0  0.00700389  0.00177077
  0.0032777 -0.00700389           0 -0.00345158
-0.00226268 -0.00177077  0.00345158           0
Repeater6[0]<--->HoM3[0]
REAL
   0.267637 0.000407072  0.00167576   0.0361482
0.000407072    0.226584 -0.00373525  -0.0052772
 0.00167576 -0.00373525    0.243922   0.0149991
  0.0361482  -0.0052772   0.0149991    0.261857
IMAGINARY
          0  -0.0032777  0.00495851  0.00226268
  0.0032777           0 -0.00700389 -0.00345158
-0.00495851  0.00700389           0  0.00177077
-0.00226268  0.00345158 -0.00177077           0
Repeater6[0]<--->Repeater7[0]
REAL
    0.255721   0.00215313  -0.00513909     0.012682
  0.00215313      0.24709   0.00802211 -0.000362015
 -0.00513909   0.00802211     0.237053  -0.00685407
    0.012682 -0.000362015  -0.00685407     0.260136
IMAGINARY
          0 -0.00424768 -0.00635105  0.00915383
 0.00424768           0  0.00183186   0.0116059
 0.00635105 -0.00183186           0  0.00335536
-0.00915383  -0.0116059 -0.00335536           0
Repeater7[0]<--->Repeater6[0]
REAL
    0.255721  -0.00513909   0.00215313     0.012682
 -0.00513909     0.237053   0.00802211  -0.00685407
  0.00215313   0.00802211      0.24709 -0.000362015
    0.012682  -0.00685407 -0.000362015     0.260136
IMAGINARY
          0 -0.00635105 -0.00424768  0.00915383
 0.00635105           0 -0.00183186  0.00335536
 0.00424768  0.00183186           0   0.0116059
-0.00915383 -0.00335536  -0.0116059           0
Repeater7[0]<--->HoM4[0]
REAL
    0.251197 -0.000415936  -0.00930067    0.0224979
-0.000415936     0.256385    0.0015861   0.00456621
 -0.00930067    0.0015861     0.237829    0.0047387
   0.0224979   0.00456621    0.0047387     0.254589
IMAGINARY
           0   0.00768003  0.000291909  -0.00565471
 -0.00768003            0  -0.00356515 -0.000391017
-0.000291909   0.00356515            0  -0.00460768
  0.00565471  0.000391017   0.00460768            0
Repeater8[0]<--->HoM4[0]
REAL
    0.251197  -0.00930067 -0.000415936    0.0224979
 -0.00930067     0.237829    0.0015861    0.0047387
-0.000415936    0.0015861     0.256385   0.00456621
   0.0224979    0.0047387   0.00456621     0.254589
IMAGINARY
           0  0.000291909   0.00768003  -0.00565471
-0.000291909            0   0.00356515  -0.00460768
 -0.00768003  -0.00356515            0 -0.000391017
  0.00565471   0.00460768  0.000391017            0
Repeater8[0]<--->Repeater9[0]
REAL
   0.257865 -0.00337354 -0.00430033  0.00593807
-0.00337354    0.241935  0.00514253  0.00361392
-0.00430033  0.00514253    0.245121 -0.00378473
 0.00593807  0.00361392 -0.00378473    0.255078
IMAGINARY
           0  -0.00258941  0.000387135  -0.00148033
  0.00258941            0  -0.00796865  -0.00496152
-0.000387135   0.00796865            0   0.00636825
  0.00148033   0.00496152  -0.00636825            0
Repeater9[0]<--->Repeater8[0]
REAL
   0.257865 -0.00430033 -0.00337354  0.00593807
-0.00430033    0.245121  0.00514253 -0.00378473
-0.00337354  0.00514253    0.241935  0.00361392
 0.00593807 -0.00378473  0.00361392    0.255078
IMAGINARY
           0  0.000387135  -0.00258941  -0.00148033
-0.000387135            0   0.00796865   0.00636825
  0.00258941  -0.00796865            0  -0.00496152
  0.00148033  -0.00636825   0.00496152            0
Repeater9[0]<--->HoM5[0]
REAL
   0.258777  0.00378191  0.00417787 0.000718643
 0.00378191    0.242012  -0.0019172  0.00880655
 0.00417787  -0.0019172    0.247535 -0.00617903
0.000718643  0.00880655 -0.00617903    0.251677
IMAGINARY
           0  -0.00324991   0.00681986 -0.000494071
  0.00324991            0  -0.00139497  -0.00844192
 -0.00681986   0.00139497            0   0.00548025
 0.000494071   0.00844192  -0.00548025            0
Repeater10[0]<--->HoM5[0]
REAL
   0.258777  0.00417787  0.00378191 0.000718643
 0.00417787    0.247535  -0.0019172 -0.00617903
 0.00378191  -0.0019172    0.242012  0.00880655
0.000718643 -0.00617903  0.00880655    0.251677
IMAGINARY
           0   0.00681986  -0.00324991 -0.000494071
 -0.00681986            0   0.00139497   0.00548025
  0.00324991  -0.00139497            0  -0.00844192
 0.000494071  -0.00548025   0.00844192            0
Repeater10[0]<--->Repeater11[0]
REAL
   0.414328 -0.00474753  -0.0117803     0.31976
-0.00474753   0.0889107 -0.00436643  0.00286069
 -0.0117803 -0.00436643   0.0863592 3.71631e-05
    0.31976  0.00286069 3.71631e-05    0.410402
IMAGINARY
           0   0.00541444  -0.00272792   -0.0144155
 -0.00541444            0   -0.0104705  -0.00559864
  0.00272792    0.0104705            0 -0.000743442
   0.0144155   0.00559864  0.000743442            0
Repeater11[0]<--->Repeater10[0]
REAL
   0.414328  -0.0117803 -0.00474753     0.31976
 -0.0117803   0.0863592 -0.00436643 3.71631e-05
-0.00474753 -0.00436643   0.0889107  0.00286069
    0.31976 3.71631e-05  0.00286069    0.410402
IMAGINARY
           0  -0.00272792   0.00541444   -0.0144155
  0.00272792            0    0.0104705 -0.000743442
 -0.00541444   -0.0104705            0  -0.00559864
   0.0144155  0.000743442   0.00559864            0
Repeater11[0]<--->HoM6[0]
REAL
   0.411157  -0.0076882 -0.00110131    0.332089
 -0.0076882   0.0893389 -0.00131077 -0.00656307
-0.00110131 -0.00131077   0.0889418  0.00304924
   0.332089 -0.00656307  0.00304924    0.410562
IMAGINARY
           0  0.000363961  -0.00671343   0.00383851
-0.000363961            0  -0.00563348   0.00170742
  0.00671343   0.00563348            0   0.00624397
 -0.00383851  -0.00170742  -0.00624397            0
EndNode1[0]<--->Repeater1[0]
REAL
   0.343986 -0.00834424 -0.00124219    0.214316
-0.00834424    0.149266 -0.00331465 -0.00936237
-0.00124219 -0.00331465    0.150854 -0.00265675
   0.214316 -0.00936237 -0.00265675    0.355895
IMAGINARY
           0  -0.00420292   0.00541329 -4.33589e-05
  0.00420292            0   0.00806475   -0.0005273
 -0.00541329  -0.00806475            0   0.00725667
 4.33589e-05    0.0005273  -0.00725667            0
EndNode2[0]<--->HoM6[0]
REAL
   0.401532  0.00432517  0.00982499     0.32399
 0.00432517   0.0869821 0.000804284  0.00655033
 0.00982499 0.000804284   0.0901237  0.00682613
    0.32399  0.00655033  0.00682613    0.421363
IMAGINARY
           0  -0.00477153  -0.00803009  -0.00750381
  0.00477153            0  -0.00171231   0.00843332
  0.00803009   0.00171231            0 -0.000268791
  0.00750381  -0.00843332  0.000268791            0
Repeater1[0]<--->EndNode1[0]
REAL
   0.343986 -0.00124219 -0.00834424    0.214316
-0.00124219    0.150854 -0.00331465 -0.00265675
-0.00834424 -0.00331465    0.149266 -0.00936237
   0.214316 -0.00265675 -0.00936237    0.355895
IMAGINARY
           0   0.00541329  -0.00420292 -4.33589e-05
 -0.00541329            0  -0.00806475   0.00725667
  0.00420292   0.00806475            0   -0.0005273
 4.33589e-05  -0.00725667    0.0005273            0
Repeater1[0]<--->HoM1[0]
REAL
   0.354542 -0.00312664  0.00475422    0.212217
-0.00312664    0.141857 -0.00137612 -0.00515278
 0.00475422 -0.00137612    0.147659  0.00173166
   0.212217 -0.00515278  0.00173166    0.355942
IMAGINARY
           0  -0.00318694  -0.00885306   -0.0121898
  0.00318694            0  0.000474868   0.00228873
  0.00885306 -0.000474868            0   0.00530772
   0.0121898  -0.00228873  -0.00530772            0
Repeater2[0]<--->HoM1[0]
REAL
   0.354542  0.00475422 -0.00312664    0.212217
 0.00475422    0.147659 -0.00137612  0.00173166
-0.00312664 -0.00137612    0.141857 -0.00515278
   0.212217  0.00173166 -0.00515278    0.355942
IMAGINARY
           0  -0.00885306  -0.00318694   -0.0121898
  0.00885306            0 -0.000474868   0.00530772
  0.00318694  0.000474868            0   0.00228873
   0.0121898  -0.00530772  -0.00228873            0
Repeater2[0]<--->Repeater3[0]
REAL
    0.296113   0.00268588  0.000635898    0.0947377
  0.00268588     0.202102   0.00379202   0.00191669
 0.000635898   0.00379202     0.199524 -0.000133294
   0.0947377   0.00191669 -0.000133294     0.302261
IMAGINARY
           0 -0.000350794   0.00126175 -0.000907712
 0.000350794            0   0.00808475  -0.00790159
 -0.00126175  -0.00808475            0 -0.000454035
 0.000907712   0.00790159  0.000454035            0
Repeater3[0]<--->Repeater2[0]
REAL
    0.296113  0.000635898   0.00268588    0.0947377
 0.000635898     0.199524   0.00379202 -0.000133294
  0.00268588   0.00379202     0.202102   0.00191669
   0.0947377 -0.000133294   0.00191669     0.302261
IMAGINARY
           0   0.00126175 -0.000350794 -0.000907712
 -0.00126175            0  -0.00808475 -0.000454035
 0.000350794   0.00808475            0  -0.00790159
 0.000907712  0.000454035   0.00790159            0
Repeater3[0]<--->HoM2[0]
REAL
    0.285236   0.00207259   0.00523659    0.0894344
  0.00207259     0.209252   0.00171679    0.0013181
  0.00523659   0.00171679     0.212992 -0.000433922
   0.0894344    0.0013181 -0.000433922      0.29252
IMAGINARY
           0   0.00688671 -0.000624573   0.00860314
 -0.00688671            0    0.0065002  -0.00651409
 0.000624573   -0.0065002            0  0.000643112
 -0.00860314   0.00651409 -0.000643112            0
Repeater4[0]<--->HoM2[0]
REAL
    0.285236   0.00523659   0.00207259    0.0894344
  0.00523659     0.212992   0.00171679 -0.000433922
  0.00207259   0.00171679     0.209252    0.0013181
   0.0894344 -0.000433922    0.0013181      0.29252
IMAGINARY
           0 -0.000624573   0.00688671   0.00860314
 0.000624573            0   -0.0065002  0.000643112
 -0.00688671    0.0065002            0  -0.00651409
 -0.00860314 -0.000643112   0.00651409            0
Repeater4[0]<--->Repeater5[0]
REAL
   0.263461 -0.00118467 -0.00372748   0.0431438
-0.00118467    0.228889 -0.00231078 -0.00382663
-0.00372748 -0.00231078    0.255116 -0.00208197
  0.0431438 -0.00382663 -0.00208197    0.252533
IMAGINARY
          0 -0.00336177 -0.00568395 -0.00611887
 0.00336177           0  0.00552292   0.0120054
 0.00568395 -0.00552292           0  -0.0031604
 0.00611887  -0.0120054   0.0031604           0
Repeater5[0]<--->Repeater4[0]
REAL
   0.263461 -0.00372748 -0.00118467   0.0431438
-0.00372748    0.255116 -0.00231078 -0.00208197
-0.00118467 -0.00231078    0.228889 -0.00382663
  0.0431438 -0.00208197 -0.00382663    0.252533
IMAGINARY
          0 -0.00568395 -0.00336177 -0.00611887
 0.00568395           0 -0.00552292  -0.0031604
 0.00336177  0.00552292           0   0.0120054
 0.00611887   0.0031604  -0.0120054           0
Repeater5[0]<--->HoM3[0]
REAL
   0.267153 -0.00632351  -0.0029146   0.0378426
-0.00632351    0.240931 -0.00219284 -0.00160438
 -0.0029146 -0.00219284    0.242114 -0.00542584
  0.0378426 -0.00160438 -0.00542584    0.249803
IMAGINARY
          0 -0.00314907  0.00172874  0.00725257
 0.00314907           0  0.00815528   0.0011239
-0.00172874 -0.00815528           0 -0.00796641
-0.00725257  -0.0011239  0.00796641           0
Repeater6[0]<--->HoM3[0]
REAL
   0.267153  -0.0029146 -0.00632351   0.0378426
 -0.0029146    0.242114 -0.00219284 -0.00542584
-0.00632351 -0.00219284    0.240931 -0.00160438
  0.0378426 -0.00542584 -0.00160438    0.249803
IMAGINARY
          0  0.00172874 -0.00314907  0.00725257
-0.00172874           0 -0.00815528 -0.00796641
 0.00314907  0.00815528           0   0.0011239
-0.00725257  0.00796641  -0.0011239           0
Repeater6[0]<--->Repeater7[0]
REAL
   0.268094  0.00180993  0.00302087   0.0180905
 0.00180993    0.229625  0.00423456 -0.00503214
 0.00302087  0.00423456    0.243308  0.00201147
  0.0180905 -0.00503214  0.00201147    0.258973
IMAGINARY
          0  0.00428608 -0.00284975 -0.00221546
-0.00428608           0 -0.00131348  0.00205798
 0.00284975  0.00131348           0 -0.00666137
 0.00221546 -0.00205798  0.00666137           0
Repeater7[0]<--->Repeater6[0]
REAL
   0.268094  0.00302087  0.00180993   0.0180905
 0.00302087    0.243308  0.00423456  0.00201147
 0.00180993  0.00423456    0.229625 -0.00503214
  0.0180905  0.00201147 -0.00503214    0.258973
IMAGINARY
          0 -0.00284975  0.00428608 -0.00221546
 0.00284975           0  0.00131348 -0.00666137
-0.00428608 -0.00131348           0  0.00205798
 0.00221546  0.00666137 -0.00205798           0
Repeater7[0]<--->HoM4[0]
REAL
   0.265465 0.000215442   -0.010722   0.0165868
0.000215442    0.244645  0.00179992 0.000441297
  -0.010722  0.00179992    0.231431 -0.00258792
  0.0165868 0.000441297 -0.00258792    0.258458
IMAGINARY
          0 -0.00462802  -0.0012972  0.00538527
 0.00462802           0  0.00587327  0.00751788
  0.0012972 -0.00587327           0     0.00473
-0.00538527 -0.00751788    -0.00473           0
Repeater8[0]<--->HoM4[0]
REAL
   0.265465   -0.010722 0.000215442   0.0165868
  -0.010722    0.231431  0.00179992 -0.00258792
0.000215442  0.00179992    0.244645 0.000441297
  0.0165868 -0.00258792 0.000441297    0.258458
IMAGINARY
          0  -0.0012972 -0.00462802  0.00538527
  0.0012972           0 -0.00587327     0.00473
 0.00462802  0.00587327           0  0.00751788
-0.00538527    -0.00473 -0.00751788           0
Repeater8[0]<--->Repeater9[0]
REAL
   0.255805  0.00374913  0.00300438  0.00747206
 0.00374913    0.253786 -0.00113292 0.000759484
 0.00300438 -0.00113292    0.237836   -0.007513
 0.00747206 0.000759484   -0.007513    0.252574
IMAGINARY
           0    0.0128056  -0.00518914   0.00604654
  -0.0128056            0   0.00219354  0.000431092
  0.00518914  -0.00219354            0   0.00389821
 -0.00604654 -0.000431092  -0.00389821            0
Repeater9[0]<--->Repeater8[0]
REAL
   0.255805  0.00300438  0.00374913  0.00747206
 0.00300438    0.237836 -0.00113292   -0.007513
