EndNode1[0]<--->Repeater1[0]
REAL
  0.417516 0.00440086 0.00992137   0.317918
0.00440086  0.0881661 0.00480574    0.00277
0.00992137 0.00480574  0.0818966  0.0018441
  0.317918    0.00277  0.0018441   0.412422
IMAGINARY
           0  -0.00224554    0.0114394   0.00164737
  0.00224554            0  -0.00484354  -0.00634243
  -0.0114394   0.00484354            0  0.000146802
 -0.00164737   0.00634243 -0.000146802            0
EndNode2[0]<--->HoM6[0]
REAL
    0.446105   0.00314788 -0.000996405     0.399469
  0.00314788     0.055788 -0.000651475   0.00169767
-0.000996405 -0.000651475    0.0488145   0.00216168
    0.399469   0.00169767   0.00216168     0.449293
IMAGINARY
           0   0.00367782  -0.00702078  -0.00893798
 -0.00367782            0  -0.00393798  0.000174219
  0.00702078   0.00393798            0   0.00397421
  0.00893798 -0.000174219  -0.00397421            0
Repeater1[0]<--->EndNode1[0]
REAL
  0.417516 0.00992137 0.00440086   0.317918
0.00992137  0.0818966 0.00480574  0.0018441
0.00440086 0.00480574  0.0881661    0.00277
  0.317918  0.0018441    0.00277   0.412422
IMAGINARY
           0    0.0114394  -0.00224554   0.00164737
  -0.0114394            0   0.00484354  0.000146802
  0.00224554  -0.00484354            0  -0.00634243
 -0.00164737 -0.000146802   0.00634243            0
Repeater1[0]<--->HoM1[0]
REAL
   0.419963  0.00272483  0.00312613    0.310888
 0.00272483   0.0910935  0.00409567  0.00382936
 0.00312613  0.00409567   0.0848042 5.73685e-05
   0.310888  0.00382936 5.73685e-05    0.404139
IMAGINARY
          0 -0.00318004  0.00847532   0.0021471
 0.00318004           0  -0.0131307 -0.00206897
-0.00847532   0.0131307           0 -0.00078579
 -0.0021471  0.00206897  0.00078579           0
Repeater2[0]<--->HoM1[0]
REAL
   0.419963  0.00312613  0.00272483    0.310888
 0.00312613   0.0848042  0.00409567 5.73685e-05
 0.00272483  0.00409567   0.0910935  0.00382936
   0.310888 5.73685e-05  0.00382936    0.404139
IMAGINARY
          0  0.00847532 -0.00318004   0.0021471
-0.00847532           0   0.0131307 -0.00078579
 0.00318004  -0.0131307           0 -0.00206897
 -0.0021471  0.00078579  0.00206897           0
Repeater2[0]<--->Repeater3[0]
REAL
   0.347046 -0.00054665  0.00685904    0.199363
-0.00054665    0.146602 3.97058e-05 0.000710684
 0.00685904 3.97058e-05    0.149224 0.000745853
   0.199363 0.000710684 0.000745853    0.357128
IMAGINARY
          0 -0.00458867 -0.00321577 -0.00109485
 0.00458867           0 -0.00611431  0.00301664
 0.00321577  0.00611431           0  0.00279656
 0.00109485 -0.00301664 -0.00279656           0
Repeater3[0]<--->Repeater2[0]
REAL
   0.347046  0.00685904 -0.00054665    0.199363
 0.00685904    0.149224 3.97058e-05 0.000745853
-0.00054665 3.97058e-05    0.146602 0.000710684
   0.199363 0.000745853 0.000710684    0.357128
IMAGINARY
          0 -0.00321577 -0.00458867 -0.00109485
 0.00321577           0  0.00611431  0.00279656
 0.00458867 -0.00611431           0  0.00301664
 0.00109485 -0.00279656 -0.00301664           0
Repeater3[0]<--->HoM2[0]
REAL
    0.349878   0.00042769   0.00376097      0.20856
  0.00042769     0.151742   0.00336543 -0.000874253
  0.00376097   0.00336543     0.146272    0.0110197
     0.20856 -0.000874253    0.0110197     0.352107
IMAGINARY
           0 -0.000617988   0.00460266  -0.00124985
 0.000617988            0 -0.000558832   -0.0061887
 -0.00460266  0.000558832            0  -0.00314886
  0.00124985    0.0061887   0.00314886            0
Repeater4[0]<--->HoM2[0]
REAL
    0.349878   0.00376097   0.00042769      0.20856
  0.00376097     0.146272   0.00336543    0.0110197
  0.00042769   0.00336543     0.151742 -0.000874253
     0.20856    0.0110197 -0.000874253     0.352107
IMAGINARY
           0   0.00460266 -0.000617988  -0.00124985
 -0.00460266            0  0.000558832  -0.00314886
 0.000617988 -0.000558832            0   -0.0061887
  0.00124985   0.00314886    0.0061887            0
Repeater4[0]<--->Repeater5[0]
REAL
    0.317715   0.00239202  -0.00135931     0.133853
  0.00239202     0.182285   0.00887806   0.00420412
 -0.00135931   0.00887806     0.195136 -0.000135788
    0.133853   0.00420412 -0.000135788     0.304864
IMAGINARY
           0   0.00458026   0.00622467  -0.00216482
 -0.00458026            0   0.00307336  -0.00672658
 -0.00622467  -0.00307336            0 -6.30929e-05
  0.00216482   0.00672658  6.30929e-05            0
Repeater5[0]<--->Repeater4[0]
REAL
    0.317715  -0.00135931   0.00239202     0.133853
 -0.00135931     0.195136   0.00887806 -0.000135788
  0.00239202   0.00887806     0.182285   0.00420412
    0.133853 -0.000135788   0.00420412     0.304864
IMAGINARY
           0   0.00622467   0.00458026  -0.00216482
 -0.00622467            0  -0.00307336 -6.30929e-05
 -0.00458026   0.00307336            0  -0.00672658
  0.00216482  6.30929e-05   0.00672658            0
Repeater5[0]<--->HoM3[0]
REAL
   0.324202  0.00388545  0.00345511    0.127179
 0.00388545    0.178167  0.00562713 -0.00669923
 0.00345511  0.00562713    0.179609 -0.00773784
   0.127179 -0.00669923 -0.00773784    0.318023
IMAGINARY
           0   0.00255036   -0.0098814   0.00347186
 -0.00255036            0   -0.0054985  0.000256475
   0.0098814    0.0054985            0  -0.00066507
 -0.00347186 -0.000256475   0.00066507            0
Repeater6[0]<--->HoM3[0]
REAL
   0.324202  0.00345511  0.00388545    0.127179
 0.00345511    0.179609  0.00562713 -0.00773784
 0.00388545  0.00562713    0.178167 -0.00669923
   0.127179 -0.00773784 -0.00669923    0.318023
IMAGINARY
           0   -0.0098814   0.00255036   0.00347186
   0.0098814            0    0.0054985  -0.00066507
 -0.00255036   -0.0054985            0  0.000256475
 -0.00347186   0.00066507 -0.000256475            0
Repeater6[0]<--->Repeater7[0]
REAL
   0.290061  0.00958134 -0.00423468   0.0799256
 0.00958134    0.212982  -0.0111363 -0.00323388
-0.00423468  -0.0111363    0.213387 -0.00722285
  0.0799256 -0.00323388 -0.00722285     0.28357
IMAGINARY
           0  0.000680959   0.00123425   0.00907319
-0.000680959            0 -0.000653632  0.000248838
 -0.00123425  0.000653632            0 -0.000977578
 -0.00907319 -0.000248838  0.000977578            0
Repeater7[0]<--->Repeater6[0]
REAL
   0.290061 -0.00423468  0.00958134   0.0799256
-0.00423468    0.213387  -0.0111363 -0.00722285
 0.00958134  -0.0111363    0.212982 -0.00323388
  0.0799256 -0.00722285 -0.00323388     0.28357
IMAGINARY
           0   0.00123425  0.000680959   0.00907319
 -0.00123425            0  0.000653632 -0.000977578
-0.000680959 -0.000653632            0  0.000248838
 -0.00907319  0.000977578 -0.000248838            0
Repeater7[0]<--->HoM4[0]
REAL
    0.294814   0.00620822 -7.52696e-05    0.0770875
  0.00620822     0.204693 -0.000377313  -0.00348345
-7.52696e-05 -0.000377313     0.201735   0.00150234
   0.0770875  -0.00348345   0.00150234     0.298758
IMAGINARY
           0  1.65983e-05  -0.00254623  -0.00676378
-1.65983e-05            0   0.00564793   0.00839824
  0.00254623  -0.00564793            0   0.00285982
  0.00676378  -0.00839824  -0.00285982            0
Repeater8[0]<--->HoM4[0]
REAL
    0.294814 -7.52696e-05   0.00620822    0.0770875
-7.52696e-05     0.201735 -0.000377313   0.00150234
  0.00620822 -0.000377313     0.204693  -0.00348345
   0.0770875   0.00150234  -0.00348345     0.298758
IMAGINARY
           0  -0.00254623  1.65983e-05  -0.00676378
  0.00254623            0  -0.00564793   0.00285982
-1.65983e-05   0.00564793            0   0.00839824
  0.00676378  -0.00285982  -0.00839824            0
Repeater8[0]<--->Repeater9[0]
REAL
   0.269276 -0.00512218 -0.00135981   0.0564301
-0.00512218    0.220548  0.00388357  0.00678804
-0.00135981  0.00388357    0.233268  0.00230754
  0.0564301  0.00678804  0.00230754    0.276908
IMAGINARY
          0  -0.0113547  0.00272351 -0.00444051
  0.0113547           0 -0.00279713 -0.00615924
-0.00272351  0.00279713           0 -0.00501555
 0.00444051  0.00615924  0.00501555           0
Repeater9[0]<--->Repeater8[0]
REAL
   0.269276 -0.00135981 -0.00512218   0.0564301
-0.00135981    0.233268  0.00388357  0.00230754
-0.00512218  0.00388357    0.220548  0.00678804
  0.0564301  0.00230754  0.00678804    0.276908
IMAGINARY
          0  0.00272351  -0.0113547 -0.00444051
-0.00272351           0  0.00279713 -0.00501555
  0.0113547 -0.00279713           0 -0.00615924
 0.00444051  0.00501555  0.00615924           0
Repeater9[0]<--->HoM5[0]
REAL
   0.272346  -0.0117758  0.00694521   0.0605416
 -0.0117758     0.21668   0.0064769 -0.00804061
 0.00694521   0.0064769    0.233041 -0.00206608
  0.0605416 -0.00804061 -0.00206608    0.277933
IMAGINARY
           0 -0.000313829   0.00050109  -0.00537497
 0.000313829            0   0.00155971  -0.00938033
 -0.00050109  -0.00155971            0  -0.00304055
  0.00537497   0.00938033   0.00304055            0
Repeater10[0]<--->HoM5[0]
REAL
   0.272346  0.00694521  -0.0117758   0.0605416
 0.00694521    0.233041   0.0064769 -0.00206608
 -0.0117758   0.0064769     0.21668 -0.00804061
  0.0605416 -0.00206608 -0.00804061    0.277933
IMAGINARY
           0   0.00050109 -0.000313829  -0.00537497
 -0.00050109            0  -0.00155971  -0.00304055
 0.000313829   0.00155971            0  -0.00938033
  0.00537497   0.00304055   0.00938033            0
Repeater10[0]<--->Repeater11[0]
REAL
    0.45241 -0.00533723  0.00210142    0.400604
-0.00533723   0.0516064  0.00365534 -0.00568422
 0.00210142  0.00365534   0.0487952  0.00513819
   0.400604 -0.00568422  0.00513819    0.447189
IMAGINARY
           0   0.00418868    0.0059456  -0.00522869
 -0.00418868            0   0.00839075 -0.000186861
  -0.0059456  -0.00839075            0   0.00015563
  0.00522869  0.000186861  -0.00015563            0
Repeater11[0]<--->Repeater10[0]
REAL
    0.45241  0.00210142 -0.00533723    0.400604
 0.00210142   0.0487952  0.00365534  0.00513819
-0.00533723  0.00365534   0.0516064 -0.00568422
   0.400604  0.00513819 -0.00568422    0.447189
IMAGINARY
           0    0.0059456   0.00418868  -0.00522869
  -0.0059456            0  -0.00839075   0.00015563
 -0.00418868   0.00839075            0 -0.000186861
  0.00522869  -0.00015563  0.000186861            0
Repeater11[0]<--->HoM6[0]
REAL
    0.446105 -0.000996405   0.00314788     0.399469
-0.000996405    0.0488145 -0.000651475   0.00216168
  0.00314788 -0.000651475     0.055788   0.00169767
    0.399469   0.00216168   0.00169767     0.449293
IMAGINARY
           0  -0.00702078   0.00367782  -0.00893798
  0.00702078            0   0.00393798   0.00397421
 -0.00367782  -0.00393798            0  0.000174219
  0.00893798  -0.00397421 -0.000174219            0
EndNode1[0]<--->Repeater1[0]
REAL
   0.401961   0.0055909  0.00841283    0.317059
  0.0055909   0.0908905  0.00404276 -0.00322885
 0.00841283  0.00404276    0.091299  0.00569189
   0.317059 -0.00322885  0.00569189     0.41585
IMAGINARY
          0  0.00337526 -0.00605194 -0.00275592
-0.00337526           0 -0.00483801   0.0013169
 0.00605194  0.00483801           0  0.00821047
 0.00275592  -0.0013169 -0.00821047           0
EndNode2[0]<--->HoM6[0]
REAL
  0.440554 0.00145744 0.00176514   0.399031
0.00145744  0.0484669 0.00222011 0.00136353
0.00176514 0.00222011  0.0522255 0.00186677
  0.399031 0.00136353 0.00186677   0.458754
IMAGINARY
           0  -0.00189494   0.00437945 -0.000472837
  0.00189494            0    0.0119489   -0.0015076
 -0.00437945   -0.0119489            0  -0.00434392
 0.000472837    0.0015076   0.00434392            0
Repeater1[0]<--->EndNode1[0]
REAL
   0.401961  0.00841283   0.0055909    0.317059
 0.00841283    0.091299  0.00404276  0.00569189
  0.0055909  0.00404276   0.0908905 -0.00322885
   0.317059  0.00569189 -0.00322885     0.41585
IMAGINARY
          0 -0.00605194  0.00337526 -0.00275592
 0.00605194           0  0.00483801  0.00821047
-0.00337526 -0.00483801           0   0.0013169
 0.00275592 -0.00821047  -0.0013169           0
Repeater1[0]<--->HoM1[0]
REAL
    0.41675  0.00332343 -3.5511e-05    0.318653
 0.00332343   0.0913645  -0.0064061  0.00508806
-3.5511e-05  -0.0064061    0.090563  0.00193122
   0.318653  0.00508806  0.00193122    0.401322
IMAGINARY
          0 -0.00109702  0.00128976 -0.00789803
 0.00109702           0  0.00137585  0.00208594
-0.00128976 -0.00137585           0 -0.00605152
 0.00789803 -0.00208594  0.00605152           0
Repeater2[0]<--->HoM1[0]
REAL
    0.41675 -3.5511e-05  0.00332343    0.318653
-3.5511e-05    0.090563  -0.0064061  0.00193122
 0.00332343  -0.0064061   0.0913645  0.00508806
   0.318653  0.00193122  0.00508806    0.401322
IMAGINARY
          0  0.00128976 -0.00109702 -0.00789803
-0.00128976           0 -0.00137585 -0.00605152
 0.00109702  0.00137585           0  0.00208594
 0.00789803  0.00605152 -0.00208594           0
Repeater2[0]<--->Repeater3[0]
REAL
    0.355983  -0.00218919 -0.000880425     0.197446
 -0.00218919     0.139065  -0.00147446   0.00296417
-0.000880425  -0.00147446     0.147979   0.00228842
    0.197446   0.00296417   0.00228842     0.356973
IMAGINARY
          0 -0.00298254 -0.00512178 -0.00227982
 0.00298254           0  0.00188189  0.00216802
 0.00512178 -0.00188189           0  0.00145473
 0.00227982 -0.00216802 -0.00145473           0
Repeater3[0]<--->Repeater2[0]
REAL
    0.355983 -0.000880425  -0.00218919     0.197446
-0.000880425     0.147979  -0.00147446   0.00228842
 -0.00218919  -0.00147446     0.139065   0.00296417
    0.197446   0.00228842   0.00296417     0.356973
IMAGINARY
          0 -0.00512178 -0.00298254 -0.00227982
 0.00512178           0 -0.00188189  0.00145473
 0.00298254  0.00188189           0  0.00216802
 0.00227982 -0.00145473 -0.00216802           0
Repeater3[0]<--->HoM2[0]
REAL
    0.354567   -0.0067964  -0.00556662     0.201091
  -0.0067964     0.150441   -0.0014298   -0.0102985
 -0.00556662   -0.0014298      0.14984 -0.000487571
    0.201091   -0.0102985 -0.000487571     0.345152
IMAGINARY
          0  0.00706233 -0.00231789  -0.0103145
-0.00706233           0  0.00548551  -0.0037349
 0.00231789 -0.00548551           0  0.00395176
  0.0103145   0.0037349 -0.00395176           0
Repeater4[0]<--->HoM2[0]
REAL
    0.354567  -0.00556662   -0.0067964     0.201091
 -0.00556662      0.14984   -0.0014298 -0.000487571
  -0.0067964   -0.0014298     0.150441   -0.0102985
    0.201091 -0.000487571   -0.0102985     0.345152
IMAGINARY
          0 -0.00231789  0.00706233  -0.0103145
 0.00231789           0 -0.00548551  0.00395176
-0.00706233  0.00548551           0  -0.0037349
  0.0103145 -0.00395176   0.0037349           0
Repeater4[0]<--->Repeater5[0]
REAL
    0.31882  0.00206397  -0.0062825    0.120359
 0.00206397    0.195827  0.00696978  0.00277619
 -0.0062825  0.00696978    0.188002 -0.00316595
   0.120359  0.00277619 -0.00316595    0.297352
IMAGINARY
           0   0.00532964 -0.000536026   0.00283067
 -0.00532964            0 -0.000506031   0.00777366
 0.000536026  0.000506031            0  -0.00392233
 -0.00283067  -0.00777366   0.00392233            0
Repeater5[0]<--->Repeater4[0]
REAL
    0.31882  -0.0062825  0.00206397    0.120359
 -0.0062825    0.188002  0.00696978 -0.00316595
 0.00206397  0.00696978    0.195827  0.00277619
   0.120359 -0.00316595  0.00277619    0.297352
IMAGINARY
           0 -0.000536026   0.00532964   0.00283067
 0.000536026            0  0.000506031  -0.00392233
 -0.00532964 -0.000506031            0   0.00777366
 -0.00283067   0.00392233  -0.00777366            0
Repeater5[0]<--->HoM3[0]
REAL
   0.319044  0.00640472 -0.00127636    0.129739
 0.00640472    0.187278 -0.00113256  0.00783275
-0.00127636 -0.00113256    0.178981  0.00761586
   0.129739  0.00783275  0.00761586    0.314698
IMAGINARY
           0   0.00301696  0.000250792  0.000931946
 -0.00301696            0  -0.00103269   0.00135499
-0.000250792   0.00103269            0   0.00481122
-0.000931946  -0.00135499  -0.00481122            0
Repeater6[0]<--->HoM3[0]
REAL
   0.319044 -0.00127636  0.00640472    0.129739
-0.00127636    0.178981 -0.00113256  0.00761586
 0.00640472 -0.00113256    0.187278  0.00783275
   0.129739  0.00761586  0.00783275    0.314698
IMAGINARY
           0  0.000250792   0.00301696  0.000931946
-0.000250792            0   0.00103269   0.00481122
 -0.00301696  -0.00103269            0   0.00135499
-0.000931946  -0.00481122  -0.00135499            0
Repeater6[0]<--->Repeater7[0]
REAL
   0.297411  0.00312476 -0.00844179   0.0839186
 0.00312476    0.208108  0.00473941  -0.0110766
-0.00844179  0.00473941    0.203893  0.00610034
  0.0839186  -0.0110766  0.00610034    0.290588
IMAGINARY
          0  0.00145918   0.0119489  0.00802412
-0.00145918           0 -0.00581706  -0.0054424
 -0.0119489  0.00581706           0 -0.00396168
-0.00802412   0.0054424  0.00396168           0
Repeater7[0]<--->Repeater6[0]
REAL
   0.297411 -0.00844179  0.00312476   0.0839186
-0.00844179    0.203893  0.00473941  0.00610034
 0.00312476  0.00473941    0.208108  -0.0110766
  0.0839186  0.00610034  -0.0110766    0.290588
IMAGINARY
          0   0.0119489  0.00145918  0.00802412
 -0.0119489           0  0.00581706 -0.00396168
-0.00145918 -0.00581706           0  -0.0054424
-0.00802412  0.00396168   0.0054424           0
Repeater7[0]<--->HoM4[0]
REAL
   0.289197  0.00507873  0.00797784   0.0927931
 0.00507873    0.200468 -0.00344252 -0.00555751
 0.00797784 -0.00344252    0.210218 -0.00225501
  0.0927931 -0.00555751 -0.00225501    0.300117
IMAGINARY
           0  -0.00083204  -0.00386986   0.00892671
  0.00083204            0    0.0026918 -0.000683876
  0.00386986   -0.0026918            0   0.00396906
 -0.00892671  0.000683876  -0.00396906            0
Repeater8[0]<--->HoM4[0]
REAL
   0.289197  0.00797784  0.00507873   0.0927931
 0.00797784    0.210218 -0.00344252 -0.00225501
 0.00507873 -0.00344252    0.200468 -0.00555751
  0.0927931 -0.00225501 -0.00555751    0.300117
IMAGINARY
           0  -0.00386986  -0.00083204   0.00892671
  0.00386986            0   -0.0026918   0.00396906
  0.00083204    0.0026918            0 -0.000683876
 -0.00892671  -0.00396906  0.000683876            0
Repeater8[0]<--->Repeater9[0]
REAL
   0.274089   0.0124012    0.003965   0.0438062
  0.0124012    0.220296 -0.00163037 0.000764998
   0.003965 -0.00163037    0.233103 -0.00274414
  0.0438062 0.000764998 -0.00274414    0.272512
IMAGINARY
           0  -0.00150713   -0.0114989 -0.000470791
  0.00150713            0  -0.00146364   0.00724232
   0.0114989   0.00146364            0  0.000616222
 0.000470791  -0.00724232 -0.000616222            0
Repeater9[0]<--->Repeater8[0]
REAL
   0.274089    0.003965   0.0124012   0.0438062
   0.003965    0.233103 -0.00163037 -0.00274414
  0.0124012 -0.00163037    0.220296 0.000764998
  0.0438062 -0.00274414 0.000764998    0.272512
IMAGINARY
           0   -0.0114989  -0.00150713 -0.000470791
   0.0114989            0   0.00146364  0.000616222
  0.00150713  -0.00146364            0   0.00724232
 0.000470791 -0.000616222  -0.00724232            0
Repeater9[0]<--->HoM5[0]
REAL
    0.274771   0.00253548  -0.00459318    0.0504808
  0.00253548     0.212893  0.000255658    0.0031611
 -0.00459318  0.000255658     0.233187 -0.000694235
   0.0504808    0.0031611 -0.000694235     0.279148
IMAGINARY
          0  0.00184989  0.00422185  0.00419194
-0.00184989           0 -0.00182974  -0.0011868
-0.00422185  0.00182974           0  0.00784269
-0.00419194   0.0011868 -0.00784269           0
Repeater10[0]<--->HoM5[0]
REAL
    0.274771  -0.00459318   0.00253548    0.0504808
 -0.00459318     0.233187  0.000255658 -0.000694235
  0.00253548  0.000255658     0.212893    0.0031611
   0.0504808 -0.000694235    0.0031611     0.279148
IMAGINARY
          0  0.00422185  0.00184989  0.00419194
-0.00422185           0  0.00182974  0.00784269
-0.00184989 -0.00182974           0  -0.0011868
-0.00419194 -0.00784269   0.0011868           0
Repeater10[0]<--->Repeater11[0]
REAL
    0.460784  -0.00476525  -0.00149486     0.394314
 -0.00476525    0.0479984   0.00162715 -0.000295824
 -0.00149486   0.00162715    0.0547386  -0.00120371
    0.394314 -0.000295824  -0.00120371     0.436479
IMAGINARY
           0   0.00108428   -0.0043217  0.000419157
 -0.00108428            0  -0.00689197   0.00213569
   0.0043217   0.00689197            0   0.00507629
-0.000419157  -0.00213569  -0.00507629            0
Repeater11[0]<--->Repeater10[0]
REAL
    0.460784  -0.00149486  -0.00476525     0.394314
 -0.00149486    0.0547386   0.00162715  -0.00120371
 -0.00476525   0.00162715    0.0479984 -0.000295824
    0.394314  -0.00120371 -0.000295824     0.436479
IMAGINARY
           0   -0.0043217   0.00108428  0.000419157
   0.0043217            0   0.00689197   0.00507629
 -0.00108428  -0.00689197            0   0.00213569
-0.000419157  -0.00507629  -0.00213569            0
Repeater11[0]<--->HoM6[0]
REAL
  0.440554 0.00176514 0.00145744   0.399031
0.00176514  0.0522255 0.00222011 0.00186677
0.00145744 0.00222011  0.0484669 0.00136353
  0.399031 0.00186677 0.00136353   0.458754
IMAGINARY
           0   0.00437945  -0.00189494 -0.000472837
 -0.00437945            0   -0.0119489  -0.00434392
  0.00189494    0.0119489            0   -0.0015076
 0.000472837   0.00434392    0.0015076            0
EndNode1[0]<--->Repeater1[0]
REAL
    0.426161  -0.00271685   0.00794996     0.316174
 -0.00271685     0.092497  0.000660911 -0.000145181
  0.00794996  0.000660911    0.0885272  -0.00271685
    0.316174 -0.000145181  -0.00271685     0.392815
IMAGINARY
          0  -0.0049652   0.0126065 -0.00279119
  0.0049652           0 -0.00543885  0.00554465
 -0.0126065  0.00543885           0 -0.00168031
 0.00279119 -0.00554465  0.00168031           0
EndNode2[0]<--->HoM6[0]
REAL
    0.433555  -0.00620506  -0.00242809     0.392882
 -0.00620506    0.0493924  -0.00152181 -0.000425683
 -0.00242809  -0.00152181    0.0552724  -0.00137219
    0.392882 -0.000425683  -0.00137219      0.46178
IMAGINARY
          0 -0.00163643  0.00174128  0.00696493
 0.00163643           0 -0.00555761  0.00234369
-0.00174128  0.00555761           0 -0.00183579
-0.00696493 -0.00234369  0.00183579           0
Repeater1[0]<--->EndNode1[0]
REAL
    0.426161   0.00794996  -0.00271685     0.316174
  0.00794996    0.0885272  0.000660911  -0.00271685
 -0.00271685  0.000660911     0.092497 -0.000145181
    0.316174  -0.00271685 -0.000145181     0.392815
IMAGINARY
          0   0.0126065  -0.0049652 -0.00279119
 -0.0126065           0  0.00543885 -0.00168031
  0.0049652 -0.00543885           0  0.00554465
 0.00279119  0.00168031 -0.00554465           0
Repeater1[0]<--->HoM1[0]
REAL
   0.405888  0.00877987 0.000923224    0.311039
 0.00877987   0.0883249  0.00382144  0.00734377
0.000923224  0.00382144   0.0938071  -0.0015335
   0.311039  0.00734377  -0.0015335     0.41198
IMAGINARY
          0  -0.0048203  0.00251345  0.00108704
  0.0048203           0  0.00249719  0.00231094
-0.00251345 -0.00249719           0  0.00211864
-0.00108704 -0.00231094 -0.00211864           0
Repeater2[0]<--->HoM1[0]
REAL
   0.405888 0.000923224  0.00877987    0.311039
0.000923224   0.0938071  0.00382144  -0.0015335
 0.00877987  0.00382144   0.0883249  0.00734377
   0.311039  -0.0015335  0.00734377     0.41198
IMAGINARY
          0  0.00251345  -0.0048203  0.00108704
-0.00251345           0 -0.00249719  0.00211864
  0.0048203  0.00249719           0  0.00231094
-0.00108704 -0.00211864 -0.00231094           0
Repeater2[0]<--->Repeater3[0]
REAL
    0.352558   0.00115813 -0.000394608     0.201907
  0.00115813     0.146948  -0.00505158   0.00397741
-0.000394608  -0.00505158     0.152479  -0.00175527
    0.201907   0.00397741  -0.00175527     0.348015
IMAGINARY
           0   0.00210279  0.000119495  -0.00379389
 -0.00210279            0   0.00111691     0.002465
-0.000119495  -0.00111691            0   -0.0050849
  0.00379389    -0.002465    0.0050849            0
Repeater3[0]<--->Repeater2[0]
REAL
    0.352558 -0.000394608   0.00115813     0.201907
-0.000394608     0.152479  -0.00505158  -0.00175527
  0.00115813  -0.00505158     0.146948   0.00397741
    0.201907  -0.00175527   0.00397741     0.348015
IMAGINARY
           0  0.000119495   0.00210279  -0.00379389
-0.000119495            0  -0.00111691   -0.0050849
 -0.00210279   0.00111691            0     0.002465
  0.00379389    0.0050849    -0.002465            0
Repeater3[0]<--->HoM2[0]
REAL
   0.357708 2.26426e-05 -0.00489836    0.205294
2.26426e-05    0.152964 -0.00570837 -0.00329836
-0.00489836 -0.00570837    0.137154 -0.00407163
   0.205294 -0.00329836 -0.00407163    0.352174
IMAGINARY
           0   0.00209556   0.00394973  0.000616883
 -0.00209556            0  -0.00538072  -0.00100277
 -0.00394973   0.00538072            0  -0.00484605
-0.000616883   0.00100277   0.00484605            0
Repeater4[0]<--->HoM2[0]
REAL
   0.357708 -0.00489836 2.26426e-05    0.205294
-0.00489836    0.137154 -0.00570837 -0.00407163
2.26426e-05 -0.00570837    0.152964 -0.00329836
   0.205294 -0.00407163 -0.00329836    0.352174
IMAGINARY
           0   0.00394973   0.00209556  0.000616883
 -0.00394973            0   0.00538072  -0.00484605
 -0.00209556  -0.00538072            0  -0.00100277
-0.000616883   0.00484605   0.00100277            0
Repeater4[0]<--->Repeater5[0]
REAL
   0.315896 0.000386681 -0.00301819    0.133199
0.000386681    0.181579 0.000161004 0.000991435
-0.00301819 0.000161004    0.185417   0.0046802
   0.133199 0.000991435   0.0046802    0.317108
IMAGINARY
           0  -0.00213879   -0.0103949   0.00529102
  0.00213879            0   -0.0090171  7.04344e-05
   0.0103949    0.0090171            0 -0.000516075
 -0.00529102 -7.04344e-05  0.000516075            0
Repeater5[0]<--->Repeater4[0]
REAL
   0.315896 -0.00301819 0.000386681    0.133199
-0.00301819    0.185417 0.000161004   0.0046802
0.000386681 0.000161004    0.181579 0.000991435
   0.133199   0.0046802 0.000991435    0.317108
IMAGINARY
           0   -0.0103949  -0.00213879   0.00529102
   0.0103949            0    0.0090171 -0.000516075
  0.00213879   -0.0090171            0  7.04344e-05
 -0.00529102  0.000516075 -7.04344e-05            0
Repeater5[0]<--->HoM3[0]
REAL
    0.326856 -4.25392e-05  -0.00112998     0.125626
-4.25392e-05     0.189856 -6.07823e-05  -0.00132823
 -0.00112998 -6.07823e-05     0.177808  -0.00752875
    0.125626  -0.00132823  -0.00752875      0.30548
IMAGINARY
           0    0.0024222   -0.0094266   0.00716774
  -0.0024222            0  0.000684596   0.00260796
   0.0094266 -0.000684596            0  -0.00191335
 -0.00716774  -0.00260796   0.00191335            0
Repeater6[0]<--->HoM3[0]
REAL
    0.326856  -0.00112998 -4.25392e-05     0.125626
 -0.00112998     0.177808 -6.07823e-05  -0.00752875
-4.25392e-05 -6.07823e-05     0.189856  -0.00132823
    0.125626  -0.00752875  -0.00132823      0.30548
IMAGINARY
           0   -0.0094266    0.0024222   0.00716774
   0.0094266            0 -0.000684596  -0.00191335
  -0.0024222  0.000684596            0   0.00260796
 -0.00716774   0.00191335  -0.00260796            0
Repeater6[0]<--->Repeater7[0]
REAL
   0.287794  -0.0111469 0.000418701   0.0864025
 -0.0111469    0.205824  0.00580169  0.00274711
0.000418701  0.00580169     0.21061 -0.00290135
  0.0864025  0.00274711 -0.00290135    0.295772
IMAGINARY
          0 -0.00903588 -0.00503038  -0.0011683
 0.00903588           0 -0.00632503  0.00709203
 0.00503038  0.00632503           0  0.00501075
  0.0011683 -0.00709203 -0.00501075           0
Repeater7[0]<--->Repeater6[0]
REAL
   0.287794 0.000418701  -0.0111469   0.0864025
0.000418701     0.21061  0.00580169 -0.00290135
 -0.0111469  0.00580169    0.205824  0.00274711
  0.0864025 -0.00290135  0.00274711    0.295772
IMAGINARY
          0 -0.00503038 -0.00903588  -0.0011683
 0.00503038           0  0.00632503  0.00501075
 0.00903588 -0.00632503           0  0.00709203
  0.0011683 -0.00501075 -0.00709203           0
Repeater7[0]<--->HoM4[0]
REAL
   0.292761 0.000976261  0.00868258   0.0813053
0.000976261     0.20008  0.00607524  0.00525054
 0.00868258  0.00607524    0.219372   0.0059903
  0.0813053  0.00525054   0.0059903    0.287788
IMAGINARY
          0  0.00506443  0.00466516 -0.00278511
-0.00506443           0 -0.00258284 -0.00166396
-0.00466516  0.00258284           0 -0.00146299
 0.00278511  0.00166396  0.00146299           0
Repeater8[0]<--->HoM4[0]
REAL
   0.292761  0.00868258 0.000976261   0.0813053
 0.00868258    0.219372  0.00607524   0.0059903
0.000976261  0.00607524     0.20008  0.00525054
  0.0813053   0.0059903  0.00525054    0.287788
IMAGINARY
          0  0.00466516  0.00506443 -0.00278511
-0.00466516           0  0.00258284 -0.00146299
-0.00506443 -0.00258284           0 -0.00166396
 0.00278511  0.00146299  0.00166396           0
Repeater8[0]<--->Repeater9[0]
REAL
    0.285059 -0.000602852   0.00400351    0.0495337
-0.000602852     0.221624 -0.000926789  -0.00129755
  0.00400351 -0.000926789     0.227209    0.0013044
   0.0495337  -0.00129755    0.0013044     0.266108
IMAGINARY
           0  -0.00385886  0.000821643   0.00506467
  0.00385886            0    0.0125213  -0.00366311
-0.000821643   -0.0125213            0   0.00944381
 -0.00506467   0.00366311  -0.00944381            0
Repeater9[0]<--->Repeater8[0]
REAL
    0.285059   0.00400351 -0.000602852    0.0495337
  0.00400351     0.227209 -0.000926789    0.0013044
-0.000602852 -0.000926789     0.221624  -0.00129755
   0.0495337    0.0013044  -0.00129755     0.266108
IMAGINARY
           0  0.000821643  -0.00385886   0.00506467
-0.000821643            0   -0.0125213   0.00944381
  0.00385886    0.0125213            0  -0.00366311
 -0.00506467  -0.00944381   0.00366311            0
Repeater9[0]<--->HoM5[0]
REAL
   0.274561 0.000530397  0.00198373    0.059301
0.000530397    0.229373   0.0014818  0.00977749
 0.00198373   0.0014818    0.225338  0.00213811
   0.059301  0.00977749  0.00213811    0.270728
IMAGINARY
           0   0.00472025  0.000789506  -0.00438182
 -0.00472025            0  0.000854302   0.00522524
-0.000789506 -0.000854302            0   0.00381681
  0.00438182  -0.00522524  -0.00381681            0
Repeater10[0]<--->HoM5[0]
REAL
   0.274561  0.00198373 0.000530397    0.059301
 0.00198373    0.225338   0.0014818  0.00213811
0.000530397   0.0014818    0.229373  0.00977749
   0.059301  0.00213811  0.00977749    0.270728
IMAGINARY
           0  0.000789506   0.00472025  -0.00438182
-0.000789506            0 -0.000854302   0.00381681
 -0.00472025  0.000854302            0   0.00522524
  0.00438182  -0.00381681  -0.00522524            0
Repeater10[0]<--->Repeater11[0]
REAL
   0.455906 -0.00723867  -0.0116993    0.395866
-0.00723867   0.0500798 -0.00295992  0.00191861
 -0.0116993 -0.00295992   0.0452913   -0.002542
   0.395866  0.00191861   -0.002542    0.448723
IMAGINARY
           0   0.00192687  -0.00126526 -0.000149263
 -0.00192687            0   0.00963069 -0.000960564
  0.00126526  -0.00963069            0   0.00515528
 0.000149263  0.000960564  -0.00515528            0
Repeater11[0]<--->Repeater10[0]
REAL
   0.455906  -0.0116993 -0.00723867    0.395866
 -0.0116993   0.0452913 -0.00295992   -0.002542
-0.00723867 -0.00295992   0.0500798  0.00191861
   0.395866   -0.002542  0.00191861    0.448723
IMAGINARY
           0  -0.00126526   0.00192687 -0.000149263
  0.00126526            0  -0.00963069   0.00515528
 -0.00192687   0.00963069            0 -0.000960564
 0.000149263  -0.00515528  0.000960564            0
Repeater11[0]<--->HoM6[0]
REAL
    0.433555  -0.00242809  -0.00620506     0.392882
 -0.00242809    0.0552724  -0.00152181  -0.00137219
 -0.00620506  -0.00152181    0.0493924 -0.000425683
    0.392882  -0.00137219 -0.000425683      0.46178
IMAGINARY
          0  0.00174128 -0.00163643  0.00696493
-0.00174128           0  0.00555761 -0.00183579
 0.00163643 -0.00555761           0  0.00234369
-0.00696493  0.00183579 -0.00234369           0
EndNode1[0]<--->Repeater1[0]
REAL
     0.41199  2.85035e-06 -0.000476227     0.324269
 2.85035e-06    0.0937437  -0.00525867   0.00344652
-0.000476227  -0.00525867    0.0838865  -0.00059691
    0.324269   0.00344652  -0.00059691      0.41038
IMAGINARY
           0  -0.00601992    0.0106161  -0.00569563
  0.00601992            0  0.000503937 -0.000800371
  -0.0106161 -0.000503937            0  0.000410947
  0.00569563  0.000800371 -0.000410947            0
EndNode2[0]<--->HoM6[0]
REAL
   0.448073   0.0117063  0.00924105    0.395285
  0.0117063   0.0517241  0.00360674 -0.00192012
 0.00924105  0.00360674   0.0561866 0.000956895
   0.395285 -0.00192012 0.000956895    0.444016
IMAGINARY
          0 -0.00996424   0.0040427 -0.00492964
 0.00996424           0  0.00177383  0.00253758
 -0.0040427 -0.00177383           0  0.00358643
 0.00492964 -0.00253758 -0.00358643           0
Repeater1[0]<--->EndNode1[0]
REAL
     0.41199 -0.000476227  2.85035e-06     0.324269
-0.000476227    0.0838865  -0.00525867  -0.00059691
 2.85035e-06  -0.00525867    0.0937437   0.00344652
    0.324269  -0.00059691   0.00344652      0.41038
IMAGINARY
           0    0.0106161  -0.00601992  -0.00569563
  -0.0106161            0 -0.000503937  0.000410947
  0.00601992  0.000503937            0 -0.000800371
  0.00569563 -0.000410947  0.000800371            0
Repeater1[0]<--->HoM1[0]
REAL
    0.40889 -0.00217986 -0.00415053    0.319545
-0.00217986   0.0935237 0.000491334 -0.00334797
-0.00415053 0.000491334   0.0959372 -0.00371896
   0.319545 -0.00334797 -0.00371896    0.401649
IMAGINARY
           0    0.0028225  -0.00341034  0.000446198
  -0.0028225            0 -0.000250042   0.00131328
  0.00341034  0.000250042            0    -0.010312
-0.000446198  -0.00131328     0.010312            0
Repeater2[0]<--->HoM1[0]
REAL
    0.40889 -0.00415053 -0.00217986    0.319545
-0.00415053   0.0959372 0.000491334 -0.00371896
-0.00217986 0.000491334   0.0935237 -0.00334797
   0.319545 -0.00371896 -0.00334797    0.401649
IMAGINARY
           0  -0.00341034    0.0028225  0.000446198
  0.00341034            0  0.000250042    -0.010312
  -0.0028225 -0.000250042            0   0.00131328
-0.000446198     0.010312  -0.00131328            0
Repeater2[0]<--->Repeater3[0]
REAL
    0.353939 -0.000692653  -0.00119784     0.211421
-0.000692653     0.154949     0.011099   0.00209229
 -0.00119784     0.011099      0.14404  -0.00238824
    0.211421   0.00209229  -0.00238824     0.347071
IMAGINARY
           0   0.00312234 -0.000437871     0.012211
 -0.00312234            0   0.00193435   0.00628229
 0.000437871  -0.00193435            0   0.00332667
   -0.012211  -0.00628229  -0.00332667            0
Repeater3[0]<--->Repeater2[0]
REAL
    0.353939  -0.00119784 -0.000692653     0.211421
 -0.00119784      0.14404     0.011099  -0.00238824
-0.000692653     0.011099     0.154949   0.00209229
    0.211421  -0.00238824   0.00209229     0.347071
IMAGINARY
           0 -0.000437871   0.00312234     0.012211
 0.000437871            0  -0.00193435   0.00332667
 -0.00312234   0.00193435            0   0.00628229
   -0.012211  -0.00332667  -0.00628229            0
Repeater3[0]<--->HoM2[0]
REAL
    0.35393 0.000865644 -0.00358924    0.198177
0.000865644     0.15154  0.00481228   0.0010322
-0.00358924  0.00481228    0.153566 -0.00420947
   0.198177   0.0010322 -0.00420947    0.340964
IMAGINARY
           0  4.22842e-05   0.00505244   0.00240722
-4.22842e-05            0  -0.00361204  -0.00435509
 -0.00505244   0.00361204            0   0.00264749
 -0.00240722   0.00435509  -0.00264749            0
Repeater4[0]<--->HoM2[0]
REAL
    0.35393 -0.00358924 0.000865644    0.198177
-0.00358924    0.153566  0.00481228 -0.00420947
0.000865644  0.00481228     0.15154   0.0010322
   0.198177 -0.00420947   0.0010322    0.340964
IMAGINARY
           0   0.00505244  4.22842e-05   0.00240722
 -0.00505244            0   0.00361204   0.00264749
-4.22842e-05  -0.00361204            0  -0.00435509
 -0.00240722  -0.00264749   0.00435509            0
Repeater4[0]<--->Repeater5[0]
REAL
  0.315241 0.00749271 0.00533933   0.126785
0.00749271    0.19469  0.0108315 0.00823991
0.00533933  0.0108315   0.186037 0.00689724
  0.126785 0.00823991 0.00689724   0.304031
IMAGINARY
          0 -0.00636258  0.00176089  0.00716018
 0.00636258           0 -0.00440226 -0.00376009
-0.00176089  0.00440226           0  0.00296394
-0.00716018  0.00376009 -0.00296394           0
Repeater5[0]<--->Repeater4[0]
REAL
  0.315241 0.00533933 0.00749271   0.126785
0.00533933   0.186037  0.0108315 0.00689724
0.00749271  0.0108315    0.19469 0.00823991
  0.126785 0.00689724 0.00823991   0.304031
IMAGINARY
          0  0.00176089 -0.00636258  0.00716018
-0.00176089           0  0.00440226  0.00296394
 0.00636258 -0.00440226           0 -0.00376009
-0.00716018 -0.00296394  0.00376009           0
Repeater5[0]<--->HoM3[0]
REAL
    0.310769 -0.000926408  -0.00392705     0.125552
-0.000926408     0.187897 -2.89828e-05  -0.00235411
 -0.00392705 -2.89828e-05        0.192  -0.00535475
    0.125552  -0.00235411  -0.00535475     0.309333
IMAGINARY
           0   0.00399183  -0.00125731   0.00286624
 -0.00399183            0   0.00626896  -0.00455665
  0.00125731  -0.00626896            0  0.000271739
 -0.00286624   0.00455665 -0.000271739            0
Repeater6[0]<--->HoM3[0]
REAL
    0.310769  -0.00392705 -0.000926408     0.125552
 -0.00392705        0.192 -2.89828e-05  -0.00535475
-0.000926408 -2.89828e-05     0.187897  -0.00235411
    0.125552  -0.00535475  -0.00235411     0.309333
IMAGINARY
           0  -0.00125731   0.00399183   0.00286624
  0.00125731            0  -0.00626896  0.000271739
 -0.00399183   0.00626896            0  -0.00455665
 -0.00286624 -0.000271739   0.00455665            0
Repeater6[0]<--->Repeater7[0]
REAL
   0.292102 -0.00436951 -0.00390551   0.0865594
-0.00436951    0.205239 -0.00368934 -0.00628597
-0.00390551 -0.00368934    0.213315  0.00488423
  0.0865594 -0.00628597  0.00488423    0.289344
IMAGINARY
           0  -0.00103878  -0.00527637   0.00138334
  0.00103878            0  0.000296169   0.00159477
  0.00527637 -0.000296169            0   0.00213331
 -0.00138334  -0.00159477  -0.00213331            0
Repeater7[0]<--->Repeater6[0]
REAL
   0.292102 -0.00390551 -0.00436951   0.0865594
-0.00390551    0.213315 -0.00368934  0.00488423
-0.00436951 -0.00368934    0.205239 -0.00628597
  0.0865594  0.00488423 -0.00628597    0.289344
IMAGINARY
           0  -0.00527637  -0.00103878   0.00138334
  0.00527637            0 -0.000296169   0.00213331
  0.00103878  0.000296169            0   0.00159477
 -0.00138334  -0.00213331  -0.00159477            0
Repeater7[0]<--->HoM4[0]
REAL
   0.296914 -0.00708436  0.00261636   0.0762534
-0.00708436    0.205967 -0.00224253 0.000697557
 0.00261636 -0.00224253    0.206584 -0.00225487
  0.0762534 0.000697557 -0.00225487    0.290535
IMAGINARY
          0  0.00492377 -0.00199315  0.00332649
-0.00492377           0  -0.0010461 -0.00129829
 0.00199315   0.0010461           0  -0.0094121
-0.00332649  0.00129829   0.0094121           0
Repeater8[0]<--->HoM4[0]
REAL
   0.296914  0.00261636 -0.00708436   0.0762534
 0.00261636    0.206584 -0.00224253 -0.00225487
-0.00708436 -0.00224253    0.205967 0.000697557
  0.0762534 -0.00225487 0.000697557    0.290535
IMAGINARY
          0 -0.00199315  0.00492377  0.00332649
 0.00199315           0   0.0010461  -0.0094121
-0.00492377  -0.0010461           0 -0.00129829
-0.00332649   0.0094121  0.00129829           0
Repeater8[0]<--->Repeater9[0]
REAL
   0.269667  0.00190979 -0.00314384   0.0470078
 0.00190979    0.228241 0.000447488 0.000491057
-0.00314384 0.000447488    0.225453 -0.00515208
  0.0470078 0.000491057 -0.00515208    0.276638
IMAGINARY
           0  -0.00714048    0.0028624  -0.00628363
  0.00714048            0  -0.00183559  -0.00116748
  -0.0028624   0.00183559            0 -0.000137682
  0.00628363   0.00116748  0.000137682            0
Repeater9[0]<--->Repeater8[0]
REAL
   0.269667 -0.00314384  0.00190979   0.0470078
-0.00314384    0.225453 0.000447488 -0.00515208
 0.00190979 0.000447488    0.228241 0.000491057
  0.0470078 -0.00515208 0.000491057    0.276638
IMAGINARY
