EndNode1[0]<--->Repeater1[0]
REAL
   0.387755   0.0107762  -0.0246888    0.322612
  0.0107762    0.126276   0.0543719 -0.00573452
 -0.0246888   0.0543719   0.0994898  -0.0187127
   0.322612 -0.00573452  -0.0187127     0.38648
IMAGINARY
           0  -0.00564206    0.0321292  0.000369526
  0.00564206            0   0.00595959   0.00435145
  -0.0321292  -0.00595959            0     -0.01081
-0.000369526  -0.00435145      0.01081            0
EndNode2[0]<--->HoM1[0]
REAL
   0.407779 -0.00553097 -0.00117241    0.313394
-0.00553097    0.107905   0.0546005 -0.00567691
-0.00117241   0.0546005    0.112923  0.00864429
   0.313394 -0.00567691  0.00864429    0.371393
IMAGINARY
          0  -0.0116467   0.0219253  0.00512534
  0.0116467           0  0.00577385 -0.00182475
 -0.0219253 -0.00577385           0   0.0191844
-0.00512534  0.00182475  -0.0191844           0
Repeater1[0]<--->EndNode1[0]
REAL
   0.387755  -0.0246888   0.0107762    0.322612
 -0.0246888   0.0994898   0.0543719  -0.0187127
  0.0107762   0.0543719    0.126276 -0.00573452
   0.322612  -0.0187127 -0.00573452     0.38648
IMAGINARY
           0    0.0321292  -0.00564206  0.000369526
  -0.0321292            0  -0.00595959     -0.01081
  0.00564206   0.00595959            0   0.00435145
-0.000369526      0.01081  -0.00435145            0
Repeater1[0]<--->HoM1[0]
REAL
   0.407779 -0.00117241 -0.00553097    0.313394
-0.00117241    0.112923   0.0546005  0.00864429
-0.00553097   0.0546005    0.107905 -0.00567691
   0.313394  0.00864429 -0.00567691    0.371393
IMAGINARY
          0   0.0219253  -0.0116467  0.00512534
 -0.0219253           0 -0.00577385   0.0191844
  0.0116467  0.00577385           0 -0.00182475
-0.00512534  -0.0191844  0.00182475           0
EndNode1[0]<--->Repeater1[0]
REAL
  0.400804  0.0134481  0.0249984   0.305427
 0.0134481   0.101877  0.0570735  0.0237516
 0.0249984  0.0570735  0.0911528 0.00780191
  0.305427  0.0237516 0.00780191   0.406166
IMAGINARY
          0  0.00754127  -0.0176281 -0.00349802
-0.00754127           0  0.00155249  0.00642914
  0.0176281 -0.00155249           0 -0.00292994
 0.00349802 -0.00642914  0.00292994           0
EndNode2[0]<--->HoM1[0]
REAL
   0.399235   0.0113907 0.000440891    0.317183
  0.0113907   0.0982143   0.0428171  -0.0266909
0.000440891   0.0428171    0.123724  -0.0226407
   0.317183  -0.0266909  -0.0226407    0.378827
IMAGINARY
          0  0.00209308   0.0135195  0.00331929
-0.00209308           0  -0.0262437  0.00183434
 -0.0135195   0.0262437           0 -0.00543086
-0.00331929 -0.00183434  0.00543086           0
Repeater1[0]<--->EndNode1[0]
REAL
  0.400804  0.0249984  0.0134481   0.305427
 0.0249984  0.0911528  0.0570735 0.00780191
 0.0134481  0.0570735   0.101877  0.0237516
  0.305427 0.00780191  0.0237516   0.406166
IMAGINARY
          0  -0.0176281  0.00754127 -0.00349802
  0.0176281           0 -0.00155249 -0.00292994
-0.00754127  0.00155249           0  0.00642914
 0.00349802  0.00292994 -0.00642914           0
Repeater1[0]<--->HoM1[0]
REAL
   0.399235 0.000440891   0.0113907    0.317183
0.000440891    0.123724   0.0428171  -0.0226407
  0.0113907   0.0428171   0.0982143  -0.0266909
   0.317183  -0.0226407  -0.0266909    0.378827
IMAGINARY
          0   0.0135195  0.00209308  0.00331929
 -0.0135195           0   0.0262437 -0.00543086
-0.00209308  -0.0262437           0  0.00183434
-0.00331929  0.00543086 -0.00183434           0
EndNode1[0]<--->Repeater1[0]
REAL
   0.370801  0.00621659 -0.00890852    0.307479
 0.00621659    0.112403   0.0405912   0.0107765
-0.00890852   0.0405912    0.105943 -0.00185794
   0.307479   0.0107765 -0.00185794    0.410853
IMAGINARY
          0   -0.016375 -0.00654044  0.00696065
   0.016375           0  -0.0175427 -0.00471784
 0.00654044   0.0175427           0   0.0064412
-0.00696065  0.00471784  -0.0064412           0
EndNode2[0]<--->HoM1[0]
REAL
  0.401596  0.0247053  0.0186351   0.320135
 0.0247053   0.109043  0.0380835 0.00332221
 0.0186351  0.0380835   0.117021  0.0135632
  0.320135 0.00332221  0.0135632    0.37234
IMAGINARY
           0  -0.00547896  -0.00274151  -0.00501438
  0.00547896            0 -0.000589603   0.00402356
  0.00274151  0.000589603            0  -0.00862361
  0.00501438  -0.00402356   0.00862361            0
Repeater1[0]<--->EndNode1[0]
REAL
   0.370801 -0.00890852  0.00621659    0.307479
-0.00890852    0.105943   0.0405912 -0.00185794
 0.00621659   0.0405912    0.112403   0.0107765
   0.307479 -0.00185794   0.0107765    0.410853
IMAGINARY
          0 -0.00654044   -0.016375  0.00696065
 0.00654044           0   0.0175427   0.0064412
   0.016375  -0.0175427           0 -0.00471784
-0.00696065  -0.0064412  0.00471784           0
Repeater1[0]<--->HoM1[0]
REAL
  0.401596  0.0186351  0.0247053   0.320135
 0.0186351   0.117021  0.0380835  0.0135632
 0.0247053  0.0380835   0.109043 0.00332221
  0.320135  0.0135632 0.00332221    0.37234
IMAGINARY
           0  -0.00274151  -0.00547896  -0.00501438
  0.00274151            0  0.000589603  -0.00862361
  0.00547896 -0.000589603            0   0.00402356
  0.00501438   0.00862361  -0.00402356            0
EndNode1[0]<--->Repeater1[0]
REAL
    0.387597   -0.0127595   -0.0200706       0.3121
  -0.0127595     0.125323    0.0392014 -0.000375526
  -0.0200706    0.0392014     0.120155   0.00470495
      0.3121 -0.000375526   0.00470495     0.366925
IMAGINARY
           0  0.000970081   0.00376671    0.0267443
-0.000970081            0  -0.00334531  -0.00313936
 -0.00376671   0.00334531            0   0.00969491
  -0.0267443   0.00313936  -0.00969491            0
EndNode2[0]<--->HoM1[0]
REAL
    0.41841  0.00500375   0.0137832    0.308177
 0.00500375   0.0948396   0.0338628 -0.00632054
  0.0137832   0.0338628    0.107392  -0.0012724
   0.308177 -0.00632054  -0.0012724    0.379358
IMAGINARY
           0 -0.000321499  -0.00561097 -5.54513e-05
 0.000321499            0    0.0157212    0.0143392
  0.00561097   -0.0157212            0   0.00281526
 5.54513e-05   -0.0143392  -0.00281526            0
Repeater1[0]<--->EndNode1[0]
REAL
    0.387597   -0.0200706   -0.0127595       0.3121
  -0.0200706     0.120155    0.0392014   0.00470495
  -0.0127595    0.0392014     0.125323 -0.000375526
      0.3121   0.00470495 -0.000375526     0.366925
IMAGINARY
           0   0.00376671  0.000970081    0.0267443
 -0.00376671            0   0.00334531   0.00969491
-0.000970081  -0.00334531            0  -0.00313936
  -0.0267443  -0.00969491   0.00313936            0
Repeater1[0]<--->HoM1[0]
REAL
    0.41841   0.0137832  0.00500375    0.308177
  0.0137832    0.107392   0.0338628  -0.0012724
 0.00500375   0.0338628   0.0948396 -0.00632054
   0.308177  -0.0012724 -0.00632054    0.379358
IMAGINARY
           0  -0.00561097 -0.000321499 -5.54513e-05
  0.00561097            0   -0.0157212   0.00281526
 0.000321499    0.0157212            0    0.0143392
 5.54513e-05  -0.00281526   -0.0143392            0
EndNode1[0]<--->Repeater1[0]
REAL
    0.36921 -0.00137948  0.00689997    0.318909
-0.00137948    0.108992   0.0378681  -0.0260816
 0.00689997   0.0378681   0.0953678  -0.0101295
   0.318909  -0.0260816  -0.0101295    0.426431
IMAGINARY
           0  -0.00463055   0.00389819   0.00692943
  0.00463055            0 -0.000130909 -0.000560408
 -0.00389819  0.000130909            0     -0.03075
 -0.00692943  0.000560408      0.03075            0
EndNode2[0]<--->HoM1[0]
REAL
  0.386684 0.00419322 -0.0153183   0.306653
0.00419322   0.110115  0.0371359 0.00240319
-0.0153183  0.0371359   0.111396 -0.0109583
  0.306653 0.00240319 -0.0109583   0.391805
IMAGINARY
         0 -0.0105189  0.0281374  0.0194485
 0.0105189          0  0.0118831   0.010896
-0.0281374 -0.0118831          0 -0.0161229
-0.0194485  -0.010896  0.0161229          0
Repeater1[0]<--->EndNode1[0]
REAL
    0.36921  0.00689997 -0.00137948    0.318909
 0.00689997   0.0953678   0.0378681  -0.0101295
-0.00137948   0.0378681    0.108992  -0.0260816
   0.318909  -0.0101295  -0.0260816    0.426431
IMAGINARY
           0   0.00389819  -0.00463055   0.00692943
 -0.00389819            0  0.000130909     -0.03075
  0.00463055 -0.000130909            0 -0.000560408
 -0.00692943      0.03075  0.000560408            0
Repeater1[0]<--->HoM1[0]
REAL
  0.386684 -0.0153183 0.00419322   0.306653
-0.0153183   0.111396  0.0371359 -0.0109583
0.00419322  0.0371359   0.110115 0.00240319
  0.306653 -0.0109583 0.00240319   0.391805
IMAGINARY
         0  0.0281374 -0.0105189  0.0194485
-0.0281374          0 -0.0118831 -0.0161229
 0.0105189  0.0118831          0   0.010896
-0.0194485  0.0161229  -0.010896          0
EndNode1[0]<--->Repeater1[0]
REAL
  0.394133 0.00353456 0.00851878   0.324466
0.00353456  0.0969388  0.0547373  0.0157652
0.00851878  0.0547373   0.105867  0.0170134
  0.324466  0.0157652  0.0170134   0.403061
IMAGINARY
          0   0.0123185  -0.0168327 -0.00752818
 -0.0123185           0  -0.0183977   -0.010981
  0.0168327   0.0183977           0   0.0154952
 0.00752818    0.010981  -0.0154952           0
EndNode2[0]<--->HoM1[0]
REAL
  0.386052 0.00147955 -0.0160813   0.317041
0.00147955   0.119552  0.0526364  0.0128555
-0.0160813  0.0526364   0.102117  0.0198108
  0.317041  0.0128555  0.0198108   0.392279
IMAGINARY
          0    0.020953   -0.026207 -0.00528463
  -0.020953           0   0.0158964   0.0127627
   0.026207  -0.0158964           0  0.00017377
 0.00528463  -0.0127627 -0.00017377           0
Repeater1[0]<--->EndNode1[0]
REAL
  0.394133 0.00851878 0.00353456   0.324466
0.00851878   0.105867  0.0547373  0.0170134
0.00353456  0.0547373  0.0969388  0.0157652
  0.324466  0.0170134  0.0157652   0.403061
IMAGINARY
          0  -0.0168327   0.0123185 -0.00752818
  0.0168327           0   0.0183977   0.0154952
 -0.0123185  -0.0183977           0   -0.010981
 0.00752818  -0.0154952    0.010981           0
Repeater1[0]<--->HoM1[0]
REAL
  0.386052 -0.0160813 0.00147955   0.317041
-0.0160813   0.102117  0.0526364  0.0198108
0.00147955  0.0526364   0.119552  0.0128555
  0.317041  0.0198108  0.0128555   0.392279
IMAGINARY
          0   -0.026207    0.020953 -0.00528463
   0.026207           0  -0.0158964  0.00017377
  -0.020953   0.0158964           0   0.0127627
 0.00528463 -0.00017377  -0.0127627           0
EndNode1[0]<--->Repeater1[0]
REAL
      0.4 0.0135687 0.0182932  0.305511
0.0135687   0.12625 0.0575545 0.0043199
0.0182932 0.0575545   0.09625 0.0103007
 0.305511 0.0043199 0.0103007    0.3775
IMAGINARY
           0  -0.00723145   0.00886117   -0.0104068
  0.00723145            0  0.000704327   0.00476281
 -0.00886117 -0.000704327            0  -0.00230534
   0.0104068  -0.00476281   0.00230534            0
EndNode2[0]<--->HoM1[0]
REAL
    0.383917  -0.00124819  -0.00674719     0.325243
 -0.00124819     0.110246    0.0334659   0.00979225
 -0.00674719    0.0334659    0.0894942 -0.000578848
    0.325243   0.00979225 -0.000578848     0.416342
IMAGINARY
          0  -0.0154316    0.016451  0.00822456
  0.0154316           0   0.0220785  -0.0177772
  -0.016451  -0.0220785           0  0.00482154
-0.00822456   0.0177772 -0.00482154           0
Repeater1[0]<--->EndNode1[0]
REAL
      0.4 0.0182932 0.0135687  0.305511
0.0182932   0.09625 0.0575545 0.0103007
0.0135687 0.0575545   0.12625 0.0043199
 0.305511 0.0103007 0.0043199    0.3775
IMAGINARY
           0   0.00886117  -0.00723145   -0.0104068
 -0.00886117            0 -0.000704327  -0.00230534
  0.00723145  0.000704327            0   0.00476281
   0.0104068   0.00230534  -0.00476281            0
Repeater1[0]<--->HoM1[0]
REAL
    0.383917  -0.00674719  -0.00124819     0.325243
 -0.00674719    0.0894942    0.0334659 -0.000578848
 -0.00124819    0.0334659     0.110246   0.00979225
    0.325243 -0.000578848   0.00979225     0.416342
IMAGINARY
          0    0.016451  -0.0154316  0.00822456
  -0.016451           0  -0.0220785  0.00482154
  0.0154316   0.0220785           0  -0.0177772
-0.00822456 -0.00482154   0.0177772           0
EndNode1[0]<--->Repeater1[0]
REAL
   0.392583 -0.00771621 -0.00602087    0.315862
-0.00771621     0.12532   0.0429025 -0.00343689
-0.00602087   0.0429025    0.103581 0.000780522
   0.315862 -0.00343689 0.000780522    0.378517
IMAGINARY
           0  -0.00415387   0.00573653  -0.00881615
  0.00415387            0 -0.000274758   0.00701858
 -0.00573653  0.000274758            0  -0.00605021
  0.00881615  -0.00701858   0.00605021            0
EndNode2[0]<--->HoM1[0]
REAL
  0.407947 0.00628977  0.0127626   0.326591
0.00628977  0.0874172  0.0549698 0.00406111
 0.0127626  0.0549698  0.0940397  0.0159175
  0.326591 0.00406111  0.0159175   0.410596
IMAGINARY
          0   0.0128697   0.0102817  0.00687438
 -0.0128697           0 -0.00214624  -0.0237952
 -0.0102817  0.00214624           0  -0.0088156
-0.00687438   0.0237952   0.0088156           0
Repeater1[0]<--->EndNode1[0]
REAL
   0.392583 -0.00602087 -0.00771621    0.315862
-0.00602087    0.103581   0.0429025 0.000780522
-0.00771621   0.0429025     0.12532 -0.00343689
   0.315862 0.000780522 -0.00343689    0.378517
IMAGINARY
           0   0.00573653  -0.00415387  -0.00881615
 -0.00573653            0  0.000274758  -0.00605021
  0.00415387 -0.000274758            0   0.00701858
  0.00881615   0.00605021  -0.00701858            0
Repeater1[0]<--->HoM1[0]
REAL
  0.407947  0.0127626 0.00628977   0.326591
 0.0127626  0.0940397  0.0549698  0.0159175
0.00628977  0.0549698  0.0874172 0.00406111
  0.326591  0.0159175 0.00406111   0.410596
IMAGINARY
          0   0.0102817   0.0128697  0.00687438
 -0.0102817           0  0.00214624  -0.0088156
 -0.0128697 -0.00214624           0  -0.0237952
-0.00687438   0.0088156   0.0237952           0
EndNode1[0]<--->Repeater1[0]
REAL
   0.376658 -0.00976394  0.00397367    0.304564
-0.00976394    0.115385   0.0396434 -0.00330789
 0.00397367   0.0396434     0.11008   0.0117613
   0.304564 -0.00330789   0.0117613    0.397878
IMAGINARY
          0   0.0373284  -0.0197962  -0.0079368
 -0.0373284           0   0.0060688 -0.00639138
  0.0197962  -0.0060688           0  -0.0221031
  0.0079368  0.00639138   0.0221031           0
EndNode2[0]<--->HoM1[0]
REAL
   0.346547  0.00311132  0.00121053    0.314666
 0.00311132    0.134271   0.0536269   0.0219602
 0.00121053   0.0536269    0.108696 0.000547217
   0.314666   0.0219602 0.000547217    0.410486
IMAGINARY
          0 -0.00320403  0.00650022   0.0105023
 0.00320403           0  0.00858168   0.0090842
-0.00650022 -0.00858168           0 -0.00978298
 -0.0105023  -0.0090842  0.00978298           0
Repeater1[0]<--->EndNode1[0]
REAL
   0.376658  0.00397367 -0.00976394    0.304564
 0.00397367     0.11008   0.0396434   0.0117613
-0.00976394   0.0396434    0.115385 -0.00330789
   0.304564   0.0117613 -0.00330789    0.397878
IMAGINARY
          0  -0.0197962   0.0373284  -0.0079368
  0.0197962           0  -0.0060688  -0.0221031
 -0.0373284   0.0060688           0 -0.00639138
  0.0079368   0.0221031  0.00639138           0
Repeater1[0]<--->HoM1[0]
REAL
   0.346547  0.00121053  0.00311132    0.314666
 0.00121053    0.108696   0.0536269 0.000547217
 0.00311132   0.0536269    0.134271   0.0219602
   0.314666 0.000547217   0.0219602    0.410486
IMAGINARY
          0  0.00650022 -0.00320403   0.0105023
-0.00650022           0 -0.00858168 -0.00978298
 0.00320403  0.00858168           0   0.0090842
 -0.0105023  0.00978298  -0.0090842           0
EndNode1[0]<--->Repeater1[0]
REAL
    0.417625  -0.00442315   0.00222468     0.312459
 -0.00442315     0.103448    0.0485163   -0.0144198
  0.00222468    0.0485163     0.114943 -0.000454897
    0.312459   -0.0144198 -0.000454897     0.363985
IMAGINARY
           0  6.85216e-05  -0.00796378   0.00272057
-6.85216e-05            0   -0.0156107  0.000830189
  0.00796378    0.0156107            0   0.00447104
 -0.00272057 -0.000830189  -0.00447104            0
EndNode2[0]<--->HoM1[0]
REAL
    0.36413  0.00134318 -0.00260078    0.304653
 0.00134318    0.116848    0.048403  -0.0110533
-0.00260078    0.048403       0.125   0.0123109
   0.304653  -0.0110533   0.0123109    0.394022
IMAGINARY
          0 -0.00192802 -0.00265931  -0.0062135
 0.00192802           0  0.00434551   0.0189093
 0.00265931 -0.00434551           0  0.00192802
  0.0062135  -0.0189093 -0.00192802           0
Repeater1[0]<--->EndNode1[0]
REAL
    0.417625   0.00222468  -0.00442315     0.312459
  0.00222468     0.114943    0.0485163 -0.000454897
 -0.00442315    0.0485163     0.103448   -0.0144198
    0.312459 -0.000454897   -0.0144198     0.363985
IMAGINARY
           0  -0.00796378  6.85216e-05   0.00272057
  0.00796378            0    0.0156107   0.00447104
-6.85216e-05   -0.0156107            0  0.000830189
 -0.00272057  -0.00447104 -0.000830189            0
Repeater1[0]<--->HoM1[0]
REAL
    0.36413 -0.00260078  0.00134318    0.304653
-0.00260078       0.125    0.048403   0.0123109
 0.00134318    0.048403    0.116848  -0.0110533
   0.304653   0.0123109  -0.0110533    0.394022
IMAGINARY
          0 -0.00265931 -0.00192802  -0.0062135
 0.00265931           0 -0.00434551  0.00192802
 0.00192802  0.00434551           0   0.0189093
  0.0062135 -0.00192802  -0.0189093           0
EndNode1[0]<--->Repeater1[0]
REAL
  0.36478 0.0148187 0.0146072  0.318075
0.0148187   0.12956 0.0528107   0.01957
0.0146072 0.0528107  0.103145 0.0244218
 0.318075   0.01957 0.0244218  0.402516
IMAGINARY
          0  -0.0133465  0.00546209  -0.0165525
  0.0133465           0 -0.00719421  0.00742801
-0.00546209  0.00719421           0 -0.00361415
  0.0165525 -0.00742801  0.00361415           0
EndNode2[0]<--->HoM1[0]
REAL
   0.391417 -0.00300486   0.0179375    0.307328
-0.00300486     0.10013   0.0576455 -0.00724233
  0.0179375   0.0576455    0.102731 -0.00367963
   0.307328 -0.00724233 -0.00367963    0.405722
IMAGINARY
          0  -0.0115457  0.00567893  0.00966495
  0.0115457           0  0.00966495  -0.0152088
-0.00567893 -0.00966495           0   0.0172636
-0.00966495   0.0152088  -0.0172636           0
Repeater1[0]<--->EndNode1[0]
REAL
  0.36478 0.0146072 0.0148187  0.318075
0.0146072  0.103145 0.0528107 0.0244218
0.0148187 0.0528107   0.12956   0.01957
 0.318075 0.0244218   0.01957  0.402516
IMAGINARY
          0  0.00546209  -0.0133465  -0.0165525
-0.00546209           0  0.00719421 -0.00361415
  0.0133465 -0.00719421           0  0.00742801
  0.0165525  0.00361415 -0.00742801           0
Repeater1[0]<--->HoM1[0]
REAL
   0.391417   0.0179375 -0.00300486    0.307328
  0.0179375    0.102731   0.0576455 -0.00367963
-0.00300486   0.0576455     0.10013 -0.00724233
   0.307328 -0.00367963 -0.00724233    0.405722
IMAGINARY
          0  0.00567893  -0.0115457  0.00966495
-0.00567893           0 -0.00966495   0.0172636
  0.0115457  0.00966495           0  -0.0152088
-0.00966495  -0.0172636   0.0152088           0
EndNode1[0]<--->Repeater1[0]
REAL
    0.376022   -0.0239655  -0.00921029     0.327072
  -0.0239655     0.117166    0.0410083 -0.000801491
 -0.00921029    0.0410083     0.104905  -0.00489195
    0.327072 -0.000801491  -0.00489195     0.401907
IMAGINARY
           0 -0.000210611  -0.00704881   0.00450983
 0.000210611            0    0.0126859  -0.00639862
  0.00704881   -0.0126859            0   -0.0144593
 -0.00450983   0.00639862    0.0144593            0
EndNode2[0]<--->HoM1[0]
REAL
   0.391421  -0.0116632  -0.0238525     0.31639
 -0.0116632    0.115282   0.0440747  0.00447264
 -0.0238525   0.0440747    0.131367 -0.00254865
    0.31639  0.00447264 -0.00254865     0.36193
IMAGINARY
          0 -0.00295729  0.00948175  0.00119569
 0.00295729           0  -0.0181342 -0.00495394
-0.00948175   0.0181342           0 -0.00674517
-0.00119569  0.00495394  0.00674517           0
Repeater1[0]<--->EndNode1[0]
REAL
    0.376022  -0.00921029   -0.0239655     0.327072
 -0.00921029     0.104905    0.0410083  -0.00489195
  -0.0239655    0.0410083     0.117166 -0.000801491
    0.327072  -0.00489195 -0.000801491     0.401907
IMAGINARY
           0  -0.00704881 -0.000210611   0.00450983
  0.00704881            0   -0.0126859   -0.0144593
 0.000210611    0.0126859            0  -0.00639862
 -0.00450983    0.0144593   0.00639862            0
Repeater1[0]<--->HoM1[0]
REAL
   0.391421  -0.0238525  -0.0116632     0.31639
 -0.0238525    0.131367   0.0440747 -0.00254865
 -0.0116632   0.0440747    0.115282  0.00447264
    0.31639 -0.00254865  0.00447264     0.36193
IMAGINARY
          0  0.00948175 -0.00295729  0.00119569
-0.00948175           0   0.0181342 -0.00674517
 0.00295729  -0.0181342           0 -0.00495394
-0.00119569  0.00674517  0.00495394           0
EndNode1[0]<--->Repeater1[0]
REAL
   0.400804  0.00414498 -0.00261902    0.306078
 0.00414498    0.107239   0.0560777  0.00637841
-0.00261902   0.0560777    0.112601  0.00963948
   0.306078  0.00637841  0.00963948    0.379357
IMAGINARY
           0  -0.00390176  0.000623441  -0.00026393
  0.00390176            0   -0.0184457 -0.000623441
-0.000623441    0.0184457            0    -0.014054
  0.00026393  0.000623441     0.014054            0
EndNode2[0]<--->HoM1[0]
REAL
  0.386768 -0.0248193 0.00732136     0.3067
-0.0248193   0.110687  0.0502569 -0.0144735
0.00732136  0.0502569   0.100509 0.00206245
    0.3067 -0.0144735 0.00206245   0.402036
IMAGINARY
           0   0.00262914  -0.00115297   -0.0207961
 -0.00262914            0   0.00586185   -0.0181769
  0.00115297  -0.00586185            0 -5.18228e-05
   0.0207961    0.0181769  5.18228e-05            0
Repeater1[0]<--->EndNode1[0]
REAL
   0.400804 -0.00261902  0.00414498    0.306078
-0.00261902    0.112601   0.0560777  0.00963948
 0.00414498   0.0560777    0.107239  0.00637841
   0.306078  0.00963948  0.00637841    0.379357
IMAGINARY
           0  0.000623441  -0.00390176  -0.00026393
-0.000623441            0    0.0184457    -0.014054
  0.00390176   -0.0184457            0 -0.000623441
  0.00026393     0.014054  0.000623441            0
Repeater1[0]<--->HoM1[0]
REAL
  0.386768 0.00732136 -0.0248193     0.3067
0.00732136   0.100509  0.0502569 0.00206245
-0.0248193  0.0502569   0.110687 -0.0144735
    0.3067 0.00206245 -0.0144735   0.402036
IMAGINARY
           0  -0.00115297   0.00262914   -0.0207961
  0.00115297            0  -0.00586185 -5.18228e-05
 -0.00262914   0.00586185            0   -0.0181769
   0.0207961  5.18228e-05    0.0181769            0
EndNode1[0]<--->Repeater1[0]
REAL
   0.401565   0.0210119 -0.00446976    0.326656
  0.0210119   0.0860495   0.0331079   0.0169206
-0.00446976   0.0331079    0.101695 -0.00462916
   0.326656   0.0169206 -0.00462916    0.410691
IMAGINARY
          0  -0.0115931  -0.0136828  0.00193908
  0.0115931           0   0.0193879  0.00916667
  0.0136828  -0.0193879           0  0.00578661
-0.00193908 -0.00916667 -0.00578661           0
EndNode2[0]<--->HoM1[0]
REAL
   0.395078  -0.0112311 -0.00333319    0.329515
 -0.0112311   0.0945596   0.0441552 -0.00464553
-0.00333319   0.0441552    0.101036  0.00724177
   0.329515 -0.00464553  0.00724177    0.409326
IMAGINARY
          0  -0.0174831   0.0116423 -0.00882724
  0.0174831           0  0.00945776   0.0144123
 -0.0116423 -0.00945776           0 -0.00733081
 0.00882724  -0.0144123  0.00733081           0
Repeater1[0]<--->EndNode1[0]
REAL
   0.401565 -0.00446976   0.0210119    0.326656
-0.00446976    0.101695   0.0331079 -0.00462916
  0.0210119   0.0331079   0.0860495   0.0169206
   0.326656 -0.00462916   0.0169206    0.410691
IMAGINARY
          0  -0.0136828  -0.0115931  0.00193908
  0.0136828           0  -0.0193879  0.00578661
  0.0115931   0.0193879           0  0.00916667
-0.00193908 -0.00578661 -0.00916667           0
Repeater1[0]<--->HoM1[0]
REAL
   0.395078 -0.00333319  -0.0112311    0.329515
-0.00333319    0.101036   0.0441552  0.00724177
 -0.0112311   0.0441552   0.0945596 -0.00464553
   0.329515  0.00724177 -0.00464553    0.409326
IMAGINARY
          0   0.0116423  -0.0174831 -0.00882724
 -0.0116423           0 -0.00945776 -0.00733081
  0.0174831  0.00945776           0   0.0144123
 0.00882724  0.00733081  -0.0144123           0
EndNode1[0]<--->Repeater1[0]
REAL
   0.390026   0.0148828  -0.0129901    0.323417
  0.0148828    0.112532   0.0373594 0.000272531
 -0.0129901   0.0373594   0.0984655 -0.00350393
   0.323417 0.000272531 -0.00350393    0.398977
IMAGINARY
           0   0.00770209  0.000140121   -0.0101918
 -0.00770209            0   0.00512852  -0.00374589
-0.000140121  -0.00512852            0    0.0103268
   0.0101918   0.00374589   -0.0103268            0
EndNode2[0]<--->HoM1[0]
REAL
   0.416459   0.0110492 0.000616406    0.316431
  0.0110492    0.112219   0.0337051    0.021182
0.000616406   0.0337051     0.09601 -0.00287483
   0.316431    0.021182 -0.00287483    0.375312
IMAGINARY
          0  0.00263192 -0.00247531  0.00701842
-0.00263192           0   0.0119689   0.0125968
 0.00247531  -0.0119689           0   0.0101886
-0.00701842  -0.0125968  -0.0101886           0
Repeater1[0]<--->EndNode1[0]
REAL
   0.390026  -0.0129901   0.0148828    0.323417
 -0.0129901   0.0984655   0.0373594 -0.00350393
  0.0148828   0.0373594    0.112532 0.000272531
   0.323417 -0.00350393 0.000272531    0.398977
IMAGINARY
           0  0.000140121   0.00770209   -0.0101918
-0.000140121            0  -0.00512852    0.0103268
 -0.00770209   0.00512852            0  -0.00374589
   0.0101918   -0.0103268   0.00374589            0
Repeater1[0]<--->HoM1[0]
REAL
   0.416459 0.000616406   0.0110492    0.316431
0.000616406     0.09601   0.0337051 -0.00287483
  0.0110492   0.0337051    0.112219    0.021182
   0.316431 -0.00287483    0.021182    0.375312
IMAGINARY
          0 -0.00247531  0.00263192  0.00701842
 0.00247531           0  -0.0119689   0.0101886
-0.00263192   0.0119689           0   0.0125968
-0.00701842  -0.0101886  -0.0125968           0
EndNode1[0]<--->Repeater1[0]
REAL
  0.401333  0.0113368  0.0197849   0.316806
 0.0113368      0.104  0.0489047 0.00824641
 0.0197849  0.0489047  0.0946667 0.00756799
  0.316806 0.00824641 0.00756799        0.4
IMAGINARY
           0  0.000691617     0.013102   -0.0146435
-0.000691617            0 -0.000961951    0.0103548
   -0.013102  0.000961951            0  -0.00192618
   0.0146435   -0.0103548   0.00192618            0
EndNode2[0]<--->HoM1[0]
REAL
  0.400759 -0.0132687 -0.0158044   0.307096
-0.0132687   0.101138  0.0462546 -0.0151691
-0.0158044  0.0462546   0.120101 -0.0177047
  0.307096 -0.0151691 -0.0177047   0.378003
IMAGINARY
          0  -0.0162919  0.00754291  0.00748837
  0.0162919           0 -0.00286486  -0.0121421
-0.00754291  0.00286486           0   0.0235192
-0.00748837   0.0121421  -0.0235192           0
Repeater1[0]<--->EndNode1[0]
REAL
  0.401333  0.0197849  0.0113368   0.316806
 0.0197849  0.0946667  0.0489047 0.00756799
 0.0113368  0.0489047      0.104 0.00824641
  0.316806 0.00756799 0.00824641        0.4
IMAGINARY
           0     0.013102  0.000691617   -0.0146435
   -0.013102            0  0.000961951  -0.00192618
-0.000691617 -0.000961951            0    0.0103548
   0.0146435   0.00192618   -0.0103548            0
Repeater1[0]<--->HoM1[0]
REAL
  0.400759 -0.0158044 -0.0132687   0.307096
-0.0158044   0.120101  0.0462546 -0.0177047
-0.0132687  0.0462546   0.101138 -0.0151691
  0.307096 -0.0177047 -0.0151691   0.378003
IMAGINARY
          0  0.00754291  -0.0162919  0.00748837
-0.00754291           0  0.00286486   0.0235192
  0.0162919 -0.00286486           0  -0.0121421
-0.00748837  -0.0235192   0.0121421           0
EndNode1[0]<--->Repeater1[0]
REAL
   0.400517  0.00377807 -0.00183153    0.329155
 0.00377807   0.0968992   0.0428649    0.006223
-0.00183153   0.0428649    0.107235  0.00563221
   0.329155    0.006223  0.00563221    0.395349
IMAGINARY
          0  0.00308722 -0.00810823   0.0078992
-0.00308722           0 -0.00852655  0.00273188
 0.00810823  0.00852655           0  0.00632138
 -0.0078992 -0.00273188 -0.00632138           0
EndNode2[0]<--->HoM1[0]
REAL
   0.394057 -0.00937754  -0.0337578    0.307697
-0.00937754    0.105943   0.0454324   0.0280107
 -0.0337578   0.0454324    0.114987  0.00746183
   0.307697   0.0280107  0.00746183    0.385013
IMAGINARY
          0 -0.00446225   0.0167392   0.0250585
 0.00446225           0     0.00654  0.00904693
 -0.0167392    -0.00654           0  -0.0200661
 -0.0250585 -0.00904693   0.0200661           0
Repeater1[0]<--->EndNode1[0]
REAL
   0.400517 -0.00183153  0.00377807    0.329155
-0.00183153    0.107235   0.0428649  0.00563221
 0.00377807   0.0428649   0.0968992    0.006223
   0.329155  0.00563221    0.006223    0.395349
IMAGINARY
          0 -0.00810823  0.00308722   0.0078992
 0.00810823           0  0.00852655  0.00632138
-0.00308722 -0.00852655           0  0.00273188
 -0.0078992 -0.00632138 -0.00273188           0
Repeater1[0]<--->HoM1[0]
REAL
   0.394057  -0.0337578 -0.00937754    0.307697
 -0.0337578    0.114987   0.0454324  0.00746183
-0.00937754   0.0454324    0.105943   0.0280107
   0.307697  0.00746183   0.0280107    0.385013
IMAGINARY
          0   0.0167392 -0.00446225   0.0250585
 -0.0167392           0    -0.00654  -0.0200661
 0.00446225     0.00654           0  0.00904693
 -0.0250585   0.0200661 -0.00904693           0
EndNode1[0]<--->Repeater1[0]
REAL
    0.385733    0.0106039    0.0109752     0.323419
   0.0106039     0.117569    0.0523498   -0.0115902
   0.0109752    0.0523498     0.100396 -0.000148792
    0.323419   -0.0115902 -0.000148792     0.396301
IMAGINARY
          0   0.0125722  -0.0237136  0.00320132
 -0.0125722           0   0.0199349 -0.00961969
  0.0237136  -0.0199349           0    0.013214
-0.00320132  0.00961969   -0.013214           0
EndNode2[0]<--->HoM1[0]
REAL
    0.411227   0.00763986 -0.000913806     0.314705
  0.00763986    0.0913838    0.0579487   0.00627574
-0.000913806    0.0579487     0.109661  -0.00361842
    0.314705   0.00627574  -0.00361842     0.387728
IMAGINARY
           0  -0.00926849     0.008157  0.000598309
  0.00926849            0  -0.00751655   0.00400516
   -0.008157   0.00751655            0   -0.0137045
-0.000598309  -0.00400516    0.0137045            0
Repeater1[0]<--->EndNode1[0]
REAL
    0.385733    0.0109752    0.0106039     0.323419
   0.0109752     0.100396    0.0523498 -0.000148792
   0.0106039    0.0523498     0.117569   -0.0115902
    0.323419 -0.000148792   -0.0115902     0.396301
IMAGINARY
          0  -0.0237136   0.0125722  0.00320132
  0.0237136           0  -0.0199349    0.013214
 -0.0125722   0.0199349           0 -0.00961969
-0.00320132   -0.013214  0.00961969           0
Repeater1[0]<--->HoM1[0]
REAL
    0.411227 -0.000913806   0.00763986     0.314705
-0.000913806     0.109661    0.0579487  -0.00361842
  0.00763986    0.0579487    0.0913838   0.00627574
    0.314705  -0.00361842   0.00627574     0.387728
IMAGINARY
           0     0.008157  -0.00926849  0.000598309
   -0.008157            0   0.00751655   -0.0137045
  0.00926849  -0.00751655            0   0.00400516
-0.000598309    0.0137045  -0.00400516            0
EndNode1[0]<--->Repeater1[0]
REAL
  0.391139  0.0213822  0.0175967   0.321368
 0.0213822   0.101266  0.0478529 -0.0182572
 0.0175967  0.0478529    0.13038 0.00569838
  0.321368 -0.0182572 0.00569838   0.377215
IMAGINARY
          0   0.0244166  -0.0226887 -0.00263158
 -0.0244166           0 -0.00263158  0.00288673
  0.0226887  0.00263158           0   0.0040487
 0.00263158 -0.00288673  -0.0040487           0
EndNode2[0]<--->HoM1[0]
REAL
  0.385214  0.0213488  0.0210243   0.312629
 0.0213488   0.108949  0.0445135 0.00278527
 0.0210243  0.0445135   0.110246 0.00374774
  0.312629 0.00278527 0.00374774    0.39559
IMAGINARY
           0 -0.000977713   0.00343392  -0.00655894
 0.000977713            0    0.0232256    -0.025173
 -0.00343392   -0.0232256            0   -0.0168088
  0.00655894     0.025173    0.0168088            0
Repeater1[0]<--->EndNode1[0]
REAL
  0.391139  0.0175967  0.0213822   0.321368
 0.0175967    0.13038  0.0478529 0.00569838
 0.0213822  0.0478529   0.101266 -0.0182572
  0.321368 0.00569838 -0.0182572   0.377215
IMAGINARY
          0  -0.0226887   0.0244166 -0.00263158
  0.0226887           0  0.00263158   0.0040487
 -0.0244166 -0.00263158           0  0.00288673
 0.00263158  -0.0040487 -0.00288673           0
Repeater1[0]<--->HoM1[0]
REAL
  0.385214  0.0210243  0.0213488   0.312629
 0.0210243   0.110246  0.0445135 0.00374774
 0.0213488  0.0445135   0.108949 0.00278527
  0.312629 0.00374774 0.00278527    0.39559
IMAGINARY
           0   0.00343392 -0.000977713  -0.00655894
 -0.00343392            0   -0.0232256   -0.0168088
 0.000977713    0.0232256            0    -0.025173
  0.00655894    0.0168088     0.025173            0
EndNode1[0]<--->Repeater1[0]
REAL
   0.388298 -0.00238758   0.0052024    0.311532
-0.00238758    0.101064   0.0419052 -0.00585091
  0.0052024   0.0419052    0.101064  0.00822416
   0.311532 -0.00585091  0.00822416    0.409574
IMAGINARY
          0   0.0243414   0.0128347  -0.0127361
 -0.0243414           0 -0.00768555  -0.0276352
 -0.0128347  0.00768555           0  -0.0082539
  0.0127361   0.0276352   0.0082539           0
EndNode2[0]<--->HoM1[0]
REAL
   0.403101  0.00164133   0.0106114    0.308256
 0.00164133    0.107235   0.0576136 -0.00729138
  0.0106114   0.0576136    0.104651  0.00566278
   0.308256 -0.00729138  0.00566278    0.385013
IMAGINARY
          0  -0.0117855   0.0173606  0.00851123
  0.0117855           0   0.0225061   0.0160585
 -0.0173606  -0.0225061           0 -0.00620933
-0.00851123  -0.0160585  0.00620933           0
Repeater1[0]<--->EndNode1[0]
REAL
   0.388298   0.0052024 -0.00238758    0.311532
  0.0052024    0.101064   0.0419052  0.00822416
-0.00238758   0.0419052    0.101064 -0.00585091
   0.311532  0.00822416 -0.00585091    0.409574
IMAGINARY
          0   0.0128347   0.0243414  -0.0127361
 -0.0128347           0  0.00768555  -0.0082539
 -0.0243414 -0.00768555           0  -0.0276352
  0.0127361   0.0082539   0.0276352           0
Repeater1[0]<--->HoM1[0]
REAL
   0.403101   0.0106114  0.00164133    0.308256
  0.0106114    0.104651   0.0576136  0.00566278
 0.00164133   0.0576136    0.107235 -0.00729138
   0.308256  0.00566278 -0.00729138    0.385013
IMAGINARY
          0   0.0173606  -0.0117855  0.00851123
 -0.0173606           0  -0.0225061 -0.00620933
  0.0117855   0.0225061           0   0.0160585
-0.00851123  0.00620933  -0.0160585           0
EndNode1[0]<--->Repeater1[0]
REAL
   0.388024   0.0184288  0.00391941    0.316768
  0.0184288     0.11497   0.0548628 -0.00199386
 0.00391941   0.0548628     0.11497  -0.0139358
   0.316768 -0.00199386  -0.0139358    0.382036
IMAGINARY
          0 -0.00196672   0.0155395 -0.00776702
 0.00196672           0   0.0224167 -0.00495744
 -0.0155395  -0.0224167           0  0.00461223
 0.00776702  0.00495744 -0.00461223           0
EndNode2[0]<--->HoM1[0]
REAL
  0.398252 0.00298866 -0.0132397   0.311237
0.00298866  0.0836454  0.0561869  0.0145023
-0.0132397  0.0561869   0.121099  0.0096376
  0.311237  0.0145023  0.0096376   0.397004
IMAGINARY
          0  0.00321283  0.00854209  -0.0245922
-0.00321283           0   0.0118062   0.0129226
-0.00854209  -0.0118062           0  -0.0171017
  0.0245922  -0.0129226   0.0171017           0
Repeater1[0]<--->EndNode1[0]
REAL
   0.388024  0.00391941   0.0184288    0.316768
 0.00391941     0.11497   0.0548628  -0.0139358
  0.0184288   0.0548628     0.11497 -0.00199386
   0.316768  -0.0139358 -0.00199386    0.382036
IMAGINARY
          0   0.0155395 -0.00196672 -0.00776702
 -0.0155395           0  -0.0224167  0.00461223
 0.00196672   0.0224167           0 -0.00495744
 0.00776702 -0.00461223  0.00495744           0
Repeater1[0]<--->HoM1[0]
REAL
  0.398252 -0.0132397 0.00298866   0.311237
-0.0132397   0.121099  0.0561869  0.0096376
0.00298866  0.0561869  0.0836454  0.0145023
  0.311237  0.0096376  0.0145023   0.397004
IMAGINARY
          0  0.00854209  0.00321283  -0.0245922
-0.00854209           0  -0.0118062  -0.0171017
-0.00321283   0.0118062           0   0.0129226
  0.0245922   0.0171017  -0.0129226           0
EndNode1[0]<--->Repeater1[0]
REAL
   0.37633  0.0123269  0.0183019   0.311376
 0.0123269   0.111702  0.0540326 0.00496855
 0.0183019  0.0540326   0.131649 0.00465425
  0.311376 0.00496855 0.00465425   0.380319
IMAGINARY
           0     0.020626  -0.00411358  0.000342827
   -0.020626            0   -0.0211762   -0.0105735
  0.00411358    0.0211762            0    0.0119411
-0.000342827    0.0105735   -0.0119411            0
EndNode2[0]<--->HoM1[0]
REAL
  0.400778 0.00482594 -0.0149245   0.302175
0.00482594   0.118029  0.0436847 0.00791814
-0.0149245  0.0436847   0.107652 0.00218043
  0.302175 0.00791814 0.00218043   0.373541
IMAGINARY
          0  0.00942609   0.0134842  0.00307955
-0.00942609           0   0.0107326 -0.00656594
 -0.0134842  -0.0107326           0  0.00629718
-0.00307955  0.00656594 -0.00629718           0
Repeater1[0]<--->EndNode1[0]
REAL
   0.37633  0.0183019  0.0123269   0.311376
 0.0183019   0.131649  0.0540326 0.00465425
 0.0123269  0.0540326   0.111702 0.00496855
  0.311376 0.00465425 0.00496855   0.380319
IMAGINARY
           0  -0.00411358     0.020626  0.000342827
  0.00411358            0    0.0211762    0.0119411
   -0.020626   -0.0211762            0   -0.0105735
-0.000342827   -0.0119411    0.0105735            0
Repeater1[0]<--->HoM1[0]
REAL
  0.400778 -0.0149245 0.00482594   0.302175
-0.0149245   0.107652  0.0436847 0.00218043
0.00482594  0.0436847   0.118029 0.00791814
  0.302175 0.00218043 0.00791814   0.373541
IMAGINARY
          0   0.0134842  0.00942609  0.00307955
 -0.0134842           0  -0.0107326  0.00629718
-0.00942609   0.0107326           0 -0.00656594
-0.00307955 -0.00629718  0.00656594           0
EndNode1[0]<--->Repeater1[0]
REAL
    0.398977 -0.000686992   -0.0043307     0.321383
-0.000686992     0.112532    0.0403329   0.00625131
  -0.0043307    0.0403329     0.112532  -0.00251403
    0.321383   0.00625131  -0.00251403     0.375959
IMAGINARY
          0  0.00721854   0.0178263  0.00552053
-0.00721854           0 -0.00872978  -0.0107841
 -0.0178263  0.00872978           0 -0.00529793
-0.00552053   0.0107841  0.00529793           0
EndNode2[0]<--->HoM1[0]
REAL
  0.387985 -0.0131969 -0.0125908   0.305615
-0.0131969   0.115144  0.0526426 0.00673907
-0.0125908  0.0526426   0.111389  0.0138471
  0.305615 0.00673907  0.0138471   0.385482
IMAGINARY
           0  0.000328508   -0.0106754   0.00360876
-0.000328508            0   0.00605974    0.0166199
   0.0106754  -0.00605974            0  -0.00231001
 -0.00360876   -0.0166199   0.00231001            0
Repeater1[0]<--->EndNode1[0]
REAL
    0.398977   -0.0043307 -0.000686992     0.321383
  -0.0043307     0.112532    0.0403329  -0.00251403
-0.000686992    0.0403329     0.112532   0.00625131
    0.321383  -0.00251403   0.00625131     0.375959
IMAGINARY
          0   0.0178263  0.00721854  0.00552053
 -0.0178263           0  0.00872978 -0.00529793
-0.00721854 -0.00872978           0  -0.0107841
-0.00552053  0.00529793   0.0107841           0
Repeater1[0]<--->HoM1[0]
REAL
  0.387985 -0.0125908 -0.0131969   0.305615
-0.0125908   0.111389  0.0526426  0.0138471
-0.0131969  0.0526426   0.115144 0.00673907
  0.305615  0.0138471 0.00673907   0.385482
IMAGINARY
           0   -0.0106754  0.000328508   0.00360876
   0.0106754            0  -0.00605974  -0.00231001
-0.000328508   0.00605974            0    0.0166199
 -0.00360876   0.00231001   -0.0166199            0
EndNode1[0]<--->Repeater1[0]
REAL
   0.382157  -0.0111188 -0.00812793    0.321011
 -0.0111188    0.109188   0.0353863  -0.0049269
-0.00812793   0.0353863   0.0945406  0.00589689
   0.321011  -0.0049269  0.00589689    0.414115
IMAGINARY
          0 -0.00462024 -0.00443809   0.0114797
 0.00462024           0   0.0196148  -0.0024976
 0.00443809  -0.0196148           0  0.00903386
 -0.0114797   0.0024976 -0.00903386           0
EndNode2[0]<--->HoM1[0]
REAL
   0.369919 -0.00530533  0.00555198     0.29856
-0.00530533    0.104336   0.0466015  -0.0191004
 0.00555198   0.0466015    0.128726 -0.00824305
    0.29856  -0.0191004 -0.00824305    0.397019
IMAGINARY
