EndNode1[0]<--->Repeater1[0]
REAL
   0.513822 -0.00487361  0.00244577         0.5
-0.00487361           0           0 -0.00229638
 0.00244577           0           0    0.005023
        0.5 -0.00229638    0.005023    0.486178
IMAGINARY
           0   0.00547182   0.00400751   0.00599342
 -0.00547182            0   0.00434326  -0.00870306
 -0.00400751  -0.00434326            0 -0.000776274
 -0.00599342   0.00870306  0.000776274            0
EndNode2[0]<--->HoM1[0]
REAL
    0.495044  -0.00871766 -0.000946828          0.5
 -0.00871766            0            0  -0.00124551
-0.000946828            0            0   0.00652532
         0.5  -0.00124551   0.00652532     0.504956
IMAGINARY
           0  -0.00520801   0.00215081   0.00330111
  0.00520801            0 -0.000614548   0.00408361
 -0.00215081  0.000614548            0  -0.00102641
 -0.00330111  -0.00408361   0.00102641            0
Repeater1[0]<--->EndNode1[0]
REAL
   0.513822  0.00244577 -0.00487361         0.5
 0.00244577           0           0    0.005023
-0.00487361           0           0 -0.00229638
        0.5    0.005023 -0.00229638    0.486178
IMAGINARY
           0   0.00400751   0.00547182   0.00599342
 -0.00400751            0  -0.00434326 -0.000776274
 -0.00547182   0.00434326            0  -0.00870306
 -0.00599342  0.000776274   0.00870306            0
Repeater1[0]<--->HoM1[0]
REAL
    0.495044 -0.000946828  -0.00871766          0.5
-0.000946828            0            0   0.00652532
 -0.00871766            0            0  -0.00124551
         0.5   0.00652532  -0.00124551     0.504956
IMAGINARY
           0   0.00215081  -0.00520801   0.00330111
 -0.00215081            0  0.000614548  -0.00102641
  0.00520801 -0.000614548            0   0.00408361
 -0.00330111   0.00102641  -0.00408361            0
EndNode1[0]<--->Repeater1[0]
REAL
  0.497364 0.00512181 0.00455401   0.481488
0.00512181  0.0105448 0.00193941  0.0068399
0.00455401 0.00193941 0.00937317 0.00449642
  0.481488  0.0068399 0.00449642   0.482718
IMAGINARY
          0 -0.00593157 -0.00259463  -0.0049942
 0.00593157           0   0.0068998 -0.00259463
 0.00259463  -0.0068998           0  0.00776307
  0.0049942  0.00259463 -0.00776307           0
EndNode2[0]<--->HoM1[0]
REAL
   0.464982  0.00192068   0.0020007    0.480847
 0.00192068  0.00883069 0.000302133 -0.00648903
  0.0020007 0.000302133   0.0091352 -0.00132224
   0.480847 -0.00648903 -0.00132224    0.517052
IMAGINARY
          0  0.00147808  0.00246811 -0.00147215
-0.00147808           0  -0.0047874  0.00516434
-0.00246811   0.0047874           0 -0.00881121
 0.00147215 -0.00516434  0.00881121           0
Repeater1[0]<--->EndNode1[0]
REAL
  0.497364 0.00455401 0.00512181   0.481488
0.00455401 0.00937317 0.00193941 0.00449642
0.00512181 0.00193941  0.0105448  0.0068399
  0.481488 0.00449642  0.0068399   0.482718
IMAGINARY
          0 -0.00259463 -0.00593157  -0.0049942
 0.00259463           0  -0.0068998  0.00776307
 0.00593157   0.0068998           0 -0.00259463
  0.0049942 -0.00776307  0.00259463           0
Repeater1[0]<--->HoM1[0]
REAL
   0.464982   0.0020007  0.00192068    0.480847
  0.0020007   0.0091352 0.000302133 -0.00132224
 0.00192068 0.000302133  0.00883069 -0.00648903
   0.480847 -0.00132224 -0.00648903    0.517052
IMAGINARY
          0  0.00246811  0.00147808 -0.00147215
-0.00246811           0   0.0047874 -0.00881121
-0.00147808  -0.0047874           0  0.00516434
 0.00147215  0.00881121 -0.00516434           0
EndNode1[0]<--->Repeater1[0]
REAL
    0.477378   0.00134462  -0.00369581     0.483924
  0.00134462   0.00861804 -0.000337438  0.000960245
 -0.00369581 -0.000337438   0.00584795  -0.00286438
    0.483924  0.000960245  -0.00286438     0.508156
IMAGINARY
           0  -0.00259262 -0.000528161   0.00273346
  0.00259262            0 -0.000630096    0.0129374
 0.000528161  0.000630096            0   -0.0104219
 -0.00273346   -0.0129374    0.0104219            0
EndNode2[0]<--->HoM1[0]
REAL
   0.491592 -0.00317377    0.004977    0.479937
-0.00317377  0.00840841  0.00089019  0.00251252
   0.004977  0.00089019  0.00960961  0.00706832
   0.479937  0.00251252  0.00706832     0.49039
IMAGINARY
           0   0.00483679   -0.0012364    -0.013276
 -0.00483679            0  -0.00331461  -0.00255954
   0.0012364   0.00331461            0 -0.000737181
    0.013276   0.00255954  0.000737181            0
Repeater1[0]<--->EndNode1[0]
REAL
    0.477378  -0.00369581   0.00134462     0.483924
 -0.00369581   0.00584795 -0.000337438  -0.00286438
  0.00134462 -0.000337438   0.00861804  0.000960245
    0.483924  -0.00286438  0.000960245     0.508156
IMAGINARY
           0 -0.000528161  -0.00259262   0.00273346
 0.000528161            0  0.000630096   -0.0104219
  0.00259262 -0.000630096            0    0.0129374
 -0.00273346    0.0104219   -0.0129374            0
Repeater1[0]<--->HoM1[0]
REAL
   0.491592    0.004977 -0.00317377    0.479937
   0.004977  0.00960961  0.00089019  0.00706832
-0.00317377  0.00089019  0.00840841  0.00251252
   0.479937  0.00706832  0.00251252     0.49039
IMAGINARY
           0   -0.0012364   0.00483679    -0.013276
   0.0012364            0   0.00331461 -0.000737181
 -0.00483679  -0.00331461            0  -0.00255954
    0.013276  0.000737181   0.00255954            0

EndNode1[0]<--->Repeater1[0]
REAL
    0.477378   0.00134462  -0.00369581     0.483924
  0.00134462   0.00861804 -0.000337438  0.000960245
 -0.00369581 -0.000337438   0.00584795  -0.00286438
    0.483924  0.000960245  -0.00286438     0.508156
IMAGINARY
           0  -0.00259262 -0.000528161   0.00273346
  0.00259262            0 -0.000630096    0.0129374
 0.000528161  0.000630096            0   -0.0104219
 -0.00273346   -0.0129374    0.0104219            0
EndNode2[0]<--->HoM1[0]
REAL
   0.491592 -0.00317377    0.004977    0.479937
-0.00317377  0.00840841  0.00089019  0.00251252
   0.004977  0.00089019  0.00960961  0.00706832
   0.479937  0.00251252  0.00706832     0.49039
IMAGINARY
           0   0.00483679   -0.0012364    -0.013276
 -0.00483679            0  -0.00331461  -0.00255954
   0.0012364   0.00331461            0 -0.000737181
    0.013276   0.00255954  0.000737181            0
Repeater1[0]<--->EndNode1[0]
REAL
    0.477378  -0.00369581   0.00134462     0.483924
 -0.00369581   0.00584795 -0.000337438  -0.00286438
  0.00134462 -0.000337438   0.00861804  0.000960245
    0.483924  -0.00286438  0.000960245     0.508156
IMAGINARY
           0 -0.000528161  -0.00259262   0.00273346
 0.000528161            0  0.000630096   -0.0104219
  0.00259262 -0.000630096            0    0.0129374
 -0.00273346    0.0104219   -0.0129374            0
Repeater1[0]<--->HoM1[0]
REAL
   0.491592    0.004977 -0.00317377    0.479937
   0.004977  0.00960961  0.00089019  0.00706832
-0.00317377  0.00089019  0.00840841  0.00251252
   0.479937  0.00706832  0.00251252     0.49039
IMAGINARY
           0   -0.0012364   0.00483679    -0.013276
   0.0012364            0   0.00331461 -0.000737181
 -0.00483679  -0.00331461            0  -0.00255954
    0.013276  0.000737181   0.00255954            0
