EndNode1[0]<--->Repeater1[0]
REAL
   0.474783 -0.00872066  -0.0154422    0.490809
-0.00872066   0.0278261 -0.00919118 -0.00110189
 -0.0154422 -0.00919118    0.013913  0.00320595
   0.490809 -0.00110189  0.00320595    0.483478
IMAGINARY
          0  0.00231538 -0.00522118   0.0117463
-0.00231538           0 -0.00357935   0.0324321
 0.00522118  0.00357935           0  -0.0295263
 -0.0117463  -0.0324321   0.0295263           0
EndNode2[0]<--->HoM1[0]
REAL
   0.488414 -0.00534916 0.000650249         0.5
-0.00534916           0           0 -0.00834256
0.000650249           0           0 -0.00234315
        0.5 -0.00834256 -0.00234315    0.511586
IMAGINARY
          0  -0.0279734  0.00699019  0.00793155
  0.0279734           0 -0.00190745   0.0551513
-0.00699019  0.00190745           0  -0.0341681
-0.00793155  -0.0551513   0.0341681           0
Repeater1[0]<--->EndNode1[0]
REAL
   0.474783  -0.0154422 -0.00872066    0.490809
 -0.0154422    0.013913 -0.00919118  0.00320595
-0.00872066 -0.00919118   0.0278261 -0.00110189
   0.490809  0.00320595 -0.00110189    0.483478
IMAGINARY
          0 -0.00522118  0.00231538   0.0117463
 0.00522118           0  0.00357935  -0.0295263
-0.00231538 -0.00357935           0   0.0324321
 -0.0117463   0.0295263  -0.0324321           0
Repeater1[0]<--->HoM1[0]
REAL
   0.488414 0.000650249 -0.00534916         0.5
0.000650249           0           0 -0.00234315
-0.00534916           0           0 -0.00834256
        0.5 -0.00234315 -0.00834256    0.511586
IMAGINARY
          0  0.00699019  -0.0279734  0.00793155
-0.00699019           0  0.00190745  -0.0341681
  0.0279734 -0.00190745           0   0.0551513
-0.00793155   0.0341681  -0.0551513           0
EndNode1[0]<--->Repeater1[0]
REAL
   0.495575     0.01204   0.0262516    0.421543
    0.01204   0.0371681 -0.00278112  0.00372907
  0.0262516 -0.00278112    0.040708   0.0218091
   0.421543  0.00372907   0.0218091    0.426549
IMAGINARY
           0  5.15247e-05   -0.0121622      0.00583
-5.15247e-05            0   -0.0179795   -0.0121622
   0.0121622    0.0179795            0   0.00265118
    -0.00583    0.0121622  -0.00265118            0
EndNode2[0]<--->HoM1[0]
REAL
   0.520154  0.00298124 0.000550267    0.433422
 0.00298124   0.0287908 -0.00085901   0.0119738
0.000550267 -0.00085901   0.0287908  -0.0077982
   0.433422   0.0119738  -0.0077982    0.422265
IMAGINARY
          0 -0.00132585   0.0016335   0.0141343
 0.00132585           0  0.00176678   0.0063594
 -0.0016335 -0.00176678           0  0.00576635
 -0.0141343  -0.0063594 -0.00576635           0
Repeater1[0]<--->EndNode1[0]
REAL
   0.495575   0.0262516     0.01204    0.421543
  0.0262516    0.040708 -0.00278112   0.0218091
    0.01204 -0.00278112   0.0371681  0.00372907
   0.421543   0.0218091  0.00372907    0.426549
IMAGINARY
           0   -0.0121622  5.15247e-05      0.00583
   0.0121622            0    0.0179795   0.00265118
-5.15247e-05   -0.0179795            0   -0.0121622
    -0.00583  -0.00265118    0.0121622            0
Repeater1[0]<--->HoM1[0]
REAL
   0.520154 0.000550267  0.00298124    0.433422
0.000550267   0.0287908 -0.00085901  -0.0077982
 0.00298124 -0.00085901   0.0287908   0.0119738
   0.433422  -0.0077982   0.0119738    0.422265
IMAGINARY
          0   0.0016335 -0.00132585   0.0141343
 -0.0016335           0 -0.00176678  0.00576635
 0.00132585  0.00176678           0   0.0063594
 -0.0141343 -0.00576635  -0.0063594           0
EndNode1[0]<--->Repeater1[0]
REAL
   0.435993 -0.00203918   0.0106459     0.43083
-0.00203918   0.0306122 -0.00523175 -0.00666003
  0.0106459 -0.00523175   0.0343228  0.00956796
    0.43083 -0.00666003  0.00956796    0.499072
IMAGINARY
           0  -0.00424687  0.000561885   -0.0154521
  0.00424687            0 -0.000826921   -0.0154809
-0.000561885  0.000826921            0   0.00978822
   0.0154521    0.0154809  -0.00978822            0
EndNode2[0]<--->HoM1[0]
REAL
   0.473731  0.00591395 -0.00180775    0.433153
 0.00591395    0.032057 -0.00230174   0.0177652
-0.00180775 -0.00230174   0.0258237  -0.0041409
   0.433153   0.0177652  -0.0041409    0.468388
IMAGINARY
           0   0.00267712   -0.0120856  -0.00277882
 -0.00267712            0    0.0144939   0.00663102
   0.0120856   -0.0144939            0  5.01512e-05
  0.00277882  -0.00663102 -5.01512e-05            0
Repeater1[0]<--->EndNode1[0]
REAL
   0.435993   0.0106459 -0.00203918     0.43083
  0.0106459   0.0343228 -0.00523175  0.00956796
-0.00203918 -0.00523175   0.0306122 -0.00666003
    0.43083  0.00956796 -0.00666003    0.499072
IMAGINARY
           0  0.000561885  -0.00424687   -0.0154521
-0.000561885            0  0.000826921   0.00978822
  0.00424687 -0.000826921            0   -0.0154809
   0.0154521  -0.00978822    0.0154809            0
Repeater1[0]<--->HoM1[0]
REAL
   0.473731 -0.00180775  0.00591395    0.433153
-0.00180775   0.0258237 -0.00230174  -0.0041409
 0.00591395 -0.00230174    0.032057   0.0177652
   0.433153  -0.0041409   0.0177652    0.468388
IMAGINARY
           0   -0.0120856   0.00267712  -0.00277882
   0.0120856            0   -0.0144939  5.01512e-05
 -0.00267712    0.0144939            0   0.00663102
  0.00277882 -5.01512e-05  -0.00663102            0
EndNode1[0]<--->Repeater1[0]
REAL
    0.541293  -0.00919053   -0.0131392          0.5
 -0.00919053            0            0 -0.000663154
  -0.0131392            0            0  -0.00461178
         0.5 -0.000663154  -0.00461178     0.458707
IMAGINARY
           0   0.00131889  -0.00376644   0.00842742
 -0.00131889            0 -0.000560284    0.0193105
  0.00376644  0.000560284            0   -0.0168629
 -0.00842742   -0.0193105    0.0168629            0
EndNode2[0]<--->HoM1[0]
REAL
    0.479015 -0.000435868   -0.0246302          0.5
-0.000435868            0            0    0.0214628
  -0.0246302            0            0  -0.00273155
         0.5    0.0214628  -0.00273155     0.520985
IMAGINARY
           0   -0.0115978  0.000843813   -0.0188689
   0.0115978            0   -0.0100037    0.0068346
-0.000843813    0.0100037            0   0.00391942
   0.0188689   -0.0068346  -0.00391942            0
Repeater1[0]<--->EndNode1[0]
REAL
    0.541293   -0.0131392  -0.00919053          0.5
  -0.0131392            0            0  -0.00461178
 -0.00919053            0            0 -0.000663154
         0.5  -0.00461178 -0.000663154     0.458707
IMAGINARY
           0  -0.00376644   0.00131889   0.00842742
  0.00376644            0  0.000560284   -0.0168629
 -0.00131889 -0.000560284            0    0.0193105
 -0.00842742    0.0168629   -0.0193105            0
Repeater1[0]<--->HoM1[0]
REAL
    0.479015   -0.0246302 -0.000435868          0.5
  -0.0246302            0            0  -0.00273155
-0.000435868            0            0    0.0214628
         0.5  -0.00273155    0.0214628     0.520985
IMAGINARY
           0  0.000843813   -0.0115978   -0.0188689
-0.000843813            0    0.0100037   0.00391942
   0.0115978   -0.0100037            0    0.0068346
   0.0188689  -0.00391942   -0.0068346            0
EndNode1[0]<--->Repeater1[0]
REAL
   0.497021 0.000606954  -0.0040292    0.498647
0.000606954 0.000851064 0.000435739   0.0177907
 -0.0040292 0.000435739  0.00170213   0.0140719
   0.498647   0.0177907   0.0140719    0.500426
IMAGINARY
          0  0.00401966  -0.0104904 -0.00616916
-0.00401966           0  -0.0124528   0.0149626
  0.0104904   0.0124528           0 -0.00849193
 0.00616916  -0.0149626  0.00849193           0
EndNode2[0]<--->HoM1[0]
REAL
   0.515284 -0.00406745   0.0106441    0.498662
-0.00406745           0  0.00133809  0.00591816
  0.0106441  0.00133809 0.000873362   0.0206297
   0.498662  0.00591816   0.0206297    0.483843
IMAGINARY
           0   0.00219189  -0.00716722   -0.0201645
 -0.00219189            0    0.0089913   0.00493707
  0.00716722   -0.0089913            0  0.000930324
   0.0201645  -0.00493707 -0.000930324            0
Repeater1[0]<--->EndNode1[0]
REAL
   0.497021  -0.0040292 0.000606954    0.498647
 -0.0040292  0.00170213 0.000435739   0.0140719
0.000606954 0.000435739 0.000851064   0.0177907
   0.498647   0.0140719   0.0177907    0.500426
IMAGINARY
          0  -0.0104904  0.00401966 -0.00616916
  0.0104904           0   0.0124528 -0.00849193
-0.00401966  -0.0124528           0   0.0149626
 0.00616916  0.00849193  -0.0149626           0
Repeater1[0]<--->HoM1[0]
REAL
   0.515284   0.0106441 -0.00406745    0.498662
  0.0106441 0.000873362  0.00133809   0.0206297
-0.00406745  0.00133809           0  0.00591816
   0.498662   0.0206297  0.00591816    0.483843
IMAGINARY
           0  -0.00716722   0.00219189   -0.0201645
  0.00716722            0   -0.0089913  0.000930324
 -0.00219189    0.0089913            0   0.00493707
   0.0201645 -0.000930324  -0.00493707            0
EndNode1[0]<--->Repeater1[0]
REAL
   0.488351   0.0111893 -0.00834308    0.494947
  0.0111893  0.00358423  0.00141027   0.0010571
-0.00834308  0.00141027  0.00537634  -0.0184753
   0.494947   0.0010571  -0.0184753    0.502688
IMAGINARY
          0  -0.0168841  0.00877234 -0.00286873
  0.0168841           0 -0.00599652   0.0230836
-0.00877234  0.00599652           0  -0.0140485
 0.00286873  -0.0230836   0.0140485           0
EndNode2[0]<--->HoM1[0]
REAL
    0.483304    0.0160223  0.000132364     0.496001
   0.0160223   0.00351494 -0.000375632    0.0204276
 0.000132364 -0.000375632   0.00615114   0.00191296
    0.496001    0.0204276   0.00191296      0.50703
IMAGINARY
          0    0.016413  -0.0226648  -0.0143194
  -0.016413           0  0.00585994  -0.0190018
  0.0226648 -0.00585994           0   0.0234421
  0.0143194   0.0190018  -0.0234421           0
Repeater1[0]<--->EndNode1[0]
REAL
   0.488351 -0.00834308   0.0111893    0.494947
-0.00834308  0.00537634  0.00141027  -0.0184753
  0.0111893  0.00141027  0.00358423   0.0010571
   0.494947  -0.0184753   0.0010571    0.502688
IMAGINARY
          0  0.00877234  -0.0168841 -0.00286873
-0.00877234           0  0.00599652  -0.0140485
  0.0168841 -0.00599652           0   0.0230836
 0.00286873   0.0140485  -0.0230836           0
Repeater1[0]<--->HoM1[0]
REAL
    0.483304  0.000132364    0.0160223     0.496001
 0.000132364   0.00615114 -0.000375632   0.00191296
   0.0160223 -0.000375632   0.00351494    0.0204276
    0.496001   0.00191296    0.0204276      0.50703
IMAGINARY
          0  -0.0226648    0.016413  -0.0143194
  0.0226648           0 -0.00585994   0.0234421
  -0.016413  0.00585994           0  -0.0190018
  0.0143194  -0.0234421   0.0190018           0
EndNode1[0]<--->Repeater1[0]
REAL
   0.466727 -0.00372751 -0.00129354    0.481424
-0.00372751   0.0044964 0.000394186  0.00674809
-0.00129354 0.000394186  0.00539568  0.00736388
   0.481424  0.00674809  0.00736388    0.523381
IMAGINARY
          0  0.00478429  -0.0153641 -0.00130875
-0.00478429           0  0.00962021  0.00678238
  0.0153641 -0.00962021           0  0.00108743
 0.00130875 -0.00678238 -0.00108743           0
EndNode2[0]<--->HoM1[0]
REAL
   0.470233 -0.00413779  0.00113943    0.479514
-0.00413779   0.0112166  0.00173611  0.00421771
 0.00113943  0.00173611  0.00949094  0.00145922
   0.479514  0.00421771  0.00145922     0.50906
IMAGINARY
          0 -0.00971928  0.00422222  0.00106093
 0.00971928           0   0.0145501  0.00422222
-0.00422222  -0.0145501           0  0.00216372
-0.00106093 -0.00422222 -0.00216372           0
Repeater1[0]<--->EndNode1[0]
REAL
   0.466727 -0.00129354 -0.00372751    0.481424
-0.00129354  0.00539568 0.000394186  0.00736388
-0.00372751 0.000394186   0.0044964  0.00674809
   0.481424  0.00736388  0.00674809    0.523381
IMAGINARY
          0  -0.0153641  0.00478429 -0.00130875
  0.0153641           0 -0.00962021  0.00108743
-0.00478429  0.00962021           0  0.00678238
 0.00130875 -0.00108743 -0.00678238           0
Repeater1[0]<--->HoM1[0]
REAL
   0.470233  0.00113943 -0.00413779    0.479514
 0.00113943  0.00949094  0.00173611  0.00145922
-0.00413779  0.00173611   0.0112166  0.00421771
   0.479514  0.00145922  0.00421771     0.50906
IMAGINARY
          0  0.00422222 -0.00971928  0.00106093
-0.00422222           0  -0.0145501  0.00216372
 0.00971928   0.0145501           0  0.00422222
-0.00106093 -0.00216372 -0.00422222           0
EndNode1[0]<--->Repeater1[0]
REAL
   0.486049 -0.00181824  0.00181694    0.459187
-0.00181824   0.0225023  0.00701722   0.0198468
 0.00181694  0.00701722   0.0225023   0.0122169
   0.459187   0.0198468   0.0122169    0.468947
IMAGINARY
          0  -0.0134133   0.0141467 -0.00381186
  0.0134133           0 -0.00286668  0.00578241
 -0.0141467  0.00286668           0  -0.0171447
 0.00381186 -0.00578241   0.0171447           0
EndNode2[0]<--->HoM1[0]
REAL
   0.474775 -0.00724568 -0.00763837    0.451891
-0.00724568   0.0216216 -0.00575134 -0.00672429
-0.00763837 -0.00575134   0.0225225 -0.00173098
   0.451891 -0.00672429 -0.00173098    0.481081
IMAGINARY
          0 -0.00489286    0.012652  0.00792274
 0.00489286           0 -0.00184635 -0.00712717
  -0.012652  0.00184635           0   0.0104177
-0.00792274  0.00712717  -0.0104177           0
Repeater1[0]<--->EndNode1[0]
REAL
   0.486049  0.00181694 -0.00181824    0.459187
 0.00181694   0.0225023  0.00701722   0.0122169
-0.00181824  0.00701722   0.0225023   0.0198468
   0.459187   0.0122169   0.0198468    0.468947
IMAGINARY
          0   0.0141467  -0.0134133 -0.00381186
 -0.0141467           0  0.00286668  -0.0171447
  0.0134133 -0.00286668           0  0.00578241
 0.00381186   0.0171447 -0.00578241           0
Repeater1[0]<--->HoM1[0]
REAL
   0.474775 -0.00763837 -0.00724568    0.451891
-0.00763837   0.0225225 -0.00575134 -0.00173098
-0.00724568 -0.00575134   0.0216216 -0.00672429
   0.451891 -0.00173098 -0.00672429    0.481081
IMAGINARY
          0    0.012652 -0.00489286  0.00792274
  -0.012652           0  0.00184635   0.0104177
 0.00489286 -0.00184635           0 -0.00712717
-0.00792274  -0.0104177  0.00712717           0
EndNode1[0]<--->Repeater1[0]
REAL
   0.276614  -0.0199262 -0.00226553    0.022703
 -0.0199262     0.22164  -0.0157585  0.00139747
-0.00226553  -0.0157585    0.244328  -0.0121919
   0.022703  0.00139747  -0.0121919    0.257417
IMAGINARY
           0     0.016325   -0.0236103   -0.0129001
   -0.016325            0   0.00638241  -0.00660945
   0.0236103  -0.00638241            0 -0.000757207
   0.0129001   0.00660945  0.000757207            0
EndNode2[0]<--->HoM1[0]
REAL
    0.2466 0.00651641  0.0112547   0.033096
0.00651641   0.234814 0.00116247 0.00565769
 0.0112547 0.00116247   0.244787  0.0129979
  0.033096 0.00565769  0.0129979   0.273799
IMAGINARY
          0  -0.0137625 -0.00324612 -0.00827544
  0.0137625           0  -0.0123478  -0.0120645
 0.00324612   0.0123478           0  0.00545106
 0.00827544   0.0120645 -0.00545106           0
Repeater1[0]<--->EndNode1[0]
REAL
   0.276614 -0.00226553  -0.0199262    0.022703
-0.00226553    0.244328  -0.0157585  -0.0121919
 -0.0199262  -0.0157585     0.22164  0.00139747
   0.022703  -0.0121919  0.00139747    0.257417
IMAGINARY
           0   -0.0236103     0.016325   -0.0129001
   0.0236103            0  -0.00638241 -0.000757207
   -0.016325   0.00638241            0  -0.00660945
   0.0129001  0.000757207   0.00660945            0
Repeater1[0]<--->HoM1[0]
REAL
    0.2466  0.0112547 0.00651641   0.033096
 0.0112547   0.244787 0.00116247  0.0129979
0.00651641 0.00116247   0.234814 0.00565769
  0.033096  0.0129979 0.00565769   0.273799
IMAGINARY
          0 -0.00324612  -0.0137625 -0.00827544
 0.00324612           0   0.0123478  0.00545106
  0.0137625  -0.0123478           0  -0.0120645
 0.00827544 -0.00545106   0.0120645           0
EndNode1[0]<--->Repeater1[0]
REAL
   0.363553  -0.0145026   0.0110613    0.224118
 -0.0145026    0.130952 -0.00536801  0.00503719
  0.0110613 -0.00536801      0.1337   0.0107148
   0.224118  0.00503719   0.0107148    0.371795
IMAGINARY
           0  -0.00982956  -0.00689172  -0.00417036
  0.00982956            0   0.00326621 -0.000772841
  0.00689172  -0.00326621            0   0.00667356
  0.00417036  0.000772841  -0.00667356            0
EndNode2[0]<--->HoM1[0]
REAL
  0.374886 -0.0107344 -0.0197398   0.225934
-0.0107344   0.125569  0.0198443 -0.0112171
-0.0197398  0.0198443   0.131938 -0.0230367
  0.225934 -0.0112171 -0.0230367   0.367607
IMAGINARY
          0  -0.0104279 -0.00587243 -0.00922113
  0.0104279           0 -0.00394872  0.00807896
 0.00587243  0.00394872           0  -0.0156092
 0.00922113 -0.00807896   0.0156092           0
Repeater1[0]<--->EndNode1[0]
REAL
   0.363553   0.0110613  -0.0145026    0.224118
  0.0110613      0.1337 -0.00536801   0.0107148
 -0.0145026 -0.00536801    0.130952  0.00503719
   0.224118   0.0107148  0.00503719    0.371795
IMAGINARY
           0  -0.00689172  -0.00982956  -0.00417036
  0.00689172            0  -0.00326621   0.00667356
  0.00982956   0.00326621            0 -0.000772841
  0.00417036  -0.00667356  0.000772841            0
Repeater1[0]<--->HoM1[0]
REAL
  0.374886 -0.0197398 -0.0107344   0.225934
-0.0197398   0.131938  0.0198443 -0.0230367
-0.0107344  0.0198443   0.125569 -0.0112171
  0.225934 -0.0230367 -0.0112171   0.367607
IMAGINARY
          0 -0.00587243  -0.0104279 -0.00922113
 0.00587243           0  0.00394872  -0.0156092
  0.0104279 -0.00394872           0  0.00807896
 0.00922113   0.0156092 -0.00807896           0
EndNode1[0]<--->Repeater1[0]
REAL
   0.364545  0.00871439   -0.012161    0.242895
 0.00871439    0.134545 -0.00139277  0.00589983
  -0.012161 -0.00139277    0.139091  0.00738578
   0.242895  0.00589983  0.00738578    0.361818
IMAGINARY
           0  0.000480459   0.00410458    0.0119759
-0.000480459            0    0.0124252   0.00995517
 -0.00410458   -0.0124252            0  -0.00311666
  -0.0119759  -0.00995517   0.00311666            0
EndNode2[0]<--->HoM1[0]
REAL
   0.351916  -0.0139125  -0.0159392    0.228044
 -0.0139125    0.135017  0.00492587  -0.0126712
 -0.0159392  0.00492587    0.155052 -0.00924829
   0.228044  -0.0126712 -0.00924829    0.358014
IMAGINARY
          0 -0.00984469  0.00671563  0.00659365
 0.00984469           0 -0.00794379  0.00403706
-0.00671563  0.00794379           0  -0.0071804
-0.00659365 -0.00403706   0.0071804           0
Repeater1[0]<--->EndNode1[0]
REAL
   0.364545   -0.012161  0.00871439    0.242895
  -0.012161    0.139091 -0.00139277  0.00738578
 0.00871439 -0.00139277    0.134545  0.00589983
   0.242895  0.00738578  0.00589983    0.361818
IMAGINARY
           0   0.00410458  0.000480459    0.0119759
 -0.00410458            0   -0.0124252  -0.00311666
-0.000480459    0.0124252            0   0.00995517
  -0.0119759   0.00311666  -0.00995517            0
Repeater1[0]<--->HoM1[0]
REAL
   0.351916  -0.0159392  -0.0139125    0.228044
 -0.0159392    0.155052  0.00492587 -0.00924829
 -0.0139125  0.00492587    0.135017  -0.0126712
   0.228044 -0.00924829  -0.0126712    0.358014
IMAGINARY
          0  0.00671563 -0.00984469  0.00659365
-0.00671563           0  0.00794379  -0.0071804
 0.00984469 -0.00794379           0  0.00403706
-0.00659365   0.0071804 -0.00403706           0
EndNode1[0]<--->Repeater1[0]
REAL
    0.392103   0.00125143   0.00465229      0.33695
  0.00125143    0.0752984    0.0068279 -0.000565099
  0.00465229    0.0068279    0.0991736   0.00646882
     0.33695 -0.000565099   0.00646882     0.433425
IMAGINARY
          0 -0.00505542   0.0199403 -0.00774583
 0.00505542           0  0.00589054 -0.00592984
 -0.0199403 -0.00589054           0 -0.00194983
 0.00774583  0.00592984  0.00194983           0
EndNode2[0]<--->HoM1[0]
REAL
    0.432554   0.00830037    0.0155387     0.319757
  0.00830037    0.0998201   -0.0154285   0.00384809
   0.0155387   -0.0154285    0.0791367 -0.000635804
    0.319757   0.00384809 -0.000635804     0.388489
IMAGINARY
          0   0.0105219  0.00601766  0.00506218
 -0.0105219           0 -0.00285954  0.00509345
-0.00601766  0.00285954           0  -0.0197811
-0.00506218 -0.00509345   0.0197811           0
Repeater1[0]<--->EndNode1[0]
REAL
    0.392103   0.00465229   0.00125143      0.33695
  0.00465229    0.0991736    0.0068279   0.00646882
  0.00125143    0.0068279    0.0752984 -0.000565099
     0.33695   0.00646882 -0.000565099     0.433425
IMAGINARY
          0   0.0199403 -0.00505542 -0.00774583
 -0.0199403           0 -0.00589054 -0.00194983
 0.00505542  0.00589054           0 -0.00592984
 0.00774583  0.00194983  0.00592984           0
Repeater1[0]<--->HoM1[0]
REAL
    0.432554    0.0155387   0.00830037     0.319757
   0.0155387    0.0791367   -0.0154285 -0.000635804
  0.00830037   -0.0154285    0.0998201   0.00384809
    0.319757 -0.000635804   0.00384809     0.388489
IMAGINARY
          0  0.00601766   0.0105219  0.00506218
-0.00601766           0  0.00285954  -0.0197811
 -0.0105219 -0.00285954           0  0.00509345
-0.00506218   0.0197811 -0.00509345           0
EndNode1[0]<--->Repeater1[0]
REAL
   0.314488  -0.0106152  -0.0125768    0.168358
 -0.0106152    0.177562  0.00766032 -0.00235533
 -0.0125768  0.00766032    0.179329  -0.0115568
   0.168358 -0.00235533  -0.0115568    0.328622
IMAGINARY
          0 -0.00557498 -0.00909308   0.0128003
 0.00557498           0   0.0047128   0.0133344
 0.00909308  -0.0047128           0 -0.00997639
 -0.0128003  -0.0133344  0.00997639           0
EndNode2[0]<--->HoM1[0]
REAL
   0.316025 -0.00753014   -0.014905    0.134417
-0.00753014    0.177261 -0.00161873 -0.00559406
  -0.014905 -0.00161873    0.178156  -0.0111864
   0.134417 -0.00559406  -0.0111864    0.328559
IMAGINARY
          0  -0.0219633  0.00986981   0.0150197
  0.0219633           0 -0.00196838  -0.0026626
-0.00986981  0.00196838           0 -0.00686557
 -0.0150197   0.0026626  0.00686557           0
Repeater1[0]<--->EndNode1[0]
REAL
   0.314488  -0.0125768  -0.0106152    0.168358
 -0.0125768    0.179329  0.00766032  -0.0115568
 -0.0106152  0.00766032    0.177562 -0.00235533
   0.168358  -0.0115568 -0.00235533    0.328622
IMAGINARY
          0 -0.00909308 -0.00557498   0.0128003
 0.00909308           0  -0.0047128 -0.00997639
 0.00557498   0.0047128           0   0.0133344
 -0.0128003  0.00997639  -0.0133344           0
Repeater1[0]<--->HoM1[0]
REAL
   0.316025   -0.014905 -0.00753014    0.134417
  -0.014905    0.178156 -0.00161873  -0.0111864
-0.00753014 -0.00161873    0.177261 -0.00559406
   0.134417  -0.0111864 -0.00559406    0.328559
IMAGINARY
          0  0.00986981  -0.0219633   0.0150197
-0.00986981           0  0.00196838 -0.00686557
  0.0219633 -0.00196838           0  -0.0026626
 -0.0150197  0.00686557   0.0026626           0
EndNode1[0]<--->Repeater1[0]
REAL
    0.244861  -0.00396676   -0.0025743   0.00446831
 -0.00396676     0.247542 -1.19794e-05   0.00168303
  -0.0025743 -1.19794e-05     0.287757   0.00307549
  0.00446831   0.00168303   0.00307549     0.219839
IMAGINARY
           0    0.0039823 -0.000691244   0.00467707
  -0.0039823            0   -0.0187042  0.000691244
 0.000691244    0.0187042            0  0.000497983
 -0.00467707 -0.000691244 -0.000497983            0
EndNode2[0]<--->HoM1[0]
REAL
   0.246018  0.00272827   0.0200136 -0.00179094
 0.00272827    0.238938  0.00134807   0.0132016
  0.0200136  0.00134807    0.254867  -0.0022854
-0.00179094   0.0132016  -0.0022854    0.260177
IMAGINARY
          0  0.00444259   0.0115496  0.00480089
-0.00444259           0 -0.00433749  -0.0128949
 -0.0115496  0.00433749           0  0.00676817
-0.00480089   0.0128949 -0.00676817           0
Repeater1[0]<--->EndNode1[0]
REAL
    0.244861   -0.0025743  -0.00396676   0.00446831
  -0.0025743     0.287757 -1.19794e-05   0.00307549
 -0.00396676 -1.19794e-05     0.247542   0.00168303
  0.00446831   0.00307549   0.00168303     0.219839
IMAGINARY
           0 -0.000691244    0.0039823   0.00467707
 0.000691244            0    0.0187042  0.000497983
  -0.0039823   -0.0187042            0  0.000691244
 -0.00467707 -0.000497983 -0.000691244            0
Repeater1[0]<--->HoM1[0]
REAL
   0.246018   0.0200136  0.00272827 -0.00179094
  0.0200136    0.254867  0.00134807  -0.0022854
 0.00272827  0.00134807    0.238938   0.0132016
-0.00179094  -0.0022854   0.0132016    0.260177
IMAGINARY
          0   0.0115496  0.00444259  0.00480089
 -0.0115496           0  0.00433749  0.00676817
-0.00444259 -0.00433749           0  -0.0128949
-0.00480089 -0.00676817   0.0128949           0
EndNode1[0]<--->Repeater1[0]
REAL
    0.541293  -0.00919053   -0.0131392          0.5
 -0.00919053            0            0 -0.000663154
  -0.0131392            0            0  -0.00461178
         0.5 -0.000663154  -0.00461178     0.458707
IMAGINARY
           0   0.00131889  -0.00376644   0.00842742
 -0.00131889            0 -0.000560284    0.0193105
  0.00376644  0.000560284            0   -0.0168629
 -0.00842742   -0.0193105    0.0168629            0
EndNode2[0]<--->HoM1[0]
REAL
    0.479015 -0.000435868   -0.0246302          0.5
-0.000435868            0            0    0.0214628
  -0.0246302            0            0  -0.00273155
         0.5    0.0214628  -0.00273155     0.520985
IMAGINARY
           0   -0.0115978  0.000843813   -0.0188689
   0.0115978            0   -0.0100037    0.0068346
-0.000843813    0.0100037            0   0.00391942
   0.0188689   -0.0068346  -0.00391942            0
Repeater1[0]<--->EndNode1[0]
REAL
    0.541293   -0.0131392  -0.00919053          0.5
  -0.0131392            0            0  -0.00461178
 -0.00919053            0            0 -0.000663154
         0.5  -0.00461178 -0.000663154     0.458707
IMAGINARY
           0  -0.00376644   0.00131889   0.00842742
  0.00376644            0  0.000560284   -0.0168629
 -0.00131889 -0.000560284            0    0.0193105
 -0.00842742    0.0168629   -0.0193105            0
Repeater1[0]<--->HoM1[0]
REAL
    0.479015   -0.0246302 -0.000435868          0.5
  -0.0246302            0            0  -0.00273155
-0.000435868            0            0    0.0214628
         0.5  -0.00273155    0.0214628     0.520985
IMAGINARY
           0  0.000843813   -0.0115978   -0.0188689
-0.000843813            0    0.0100037   0.00391942
   0.0115978   -0.0100037            0    0.0068346
   0.0188689  -0.00391942   -0.0068346            0
EndNode1[0]<--->Repeater1[0]
REAL
  0.281843  0.0109137  0.0142455  0.0787825
 0.0109137   0.194219 0.00761459 0.00137949
 0.0142455 0.00761459   0.203252  0.0194171
 0.0787825 0.00137949  0.0194171   0.320687
IMAGINARY
          0  -0.0117634     0.01538  -0.0018128
  0.0117634           0   0.0156504   0.0183791
   -0.01538  -0.0156504           0 -0.00192273
  0.0018128  -0.0183791  0.00192273           0
EndNode2[0]<--->HoM1[0]
REAL
    0.28712   0.0103208  0.00704121   0.0641203
  0.0103208    0.202147  0.00925855  -0.0104542
 0.00704121  0.00925855    0.203936 -0.00520133
  0.0641203  -0.0104542 -0.00520133    0.306798
IMAGINARY
          0   0.0109748  -0.0133707 -0.00599597
 -0.0109748           0  -0.0232044    0.017385
  0.0133707   0.0232044           0 -0.00696049
 0.00599597   -0.017385  0.00696049           0
Repeater1[0]<--->EndNode1[0]
REAL
  0.281843  0.0142455  0.0109137  0.0787825
 0.0142455   0.203252 0.00761459  0.0194171
 0.0109137 0.00761459   0.194219 0.00137949
 0.0787825  0.0194171 0.00137949   0.320687
IMAGINARY
          0     0.01538  -0.0117634  -0.0018128
   -0.01538           0  -0.0156504 -0.00192273
  0.0117634   0.0156504           0   0.0183791
  0.0018128  0.00192273  -0.0183791           0
Repeater1[0]<--->HoM1[0]
REAL
    0.28712  0.00704121   0.0103208   0.0641203
 0.00704121    0.203936  0.00925855 -0.00520133
  0.0103208  0.00925855    0.202147  -0.0104542
  0.0641203 -0.00520133  -0.0104542    0.306798
IMAGINARY
          0  -0.0133707   0.0109748 -0.00599597
  0.0133707           0   0.0232044 -0.00696049
 -0.0109748  -0.0232044           0    0.017385
 0.00599597  0.00696049   -0.017385           0
EndNode1[0]<--->Repeater1[0]
REAL
  0.281843  0.0109137  0.0142455  0.0787825
 0.0109137   0.194219 0.00761459 0.00137949
 0.0142455 0.00761459   0.203252  0.0194171
 0.0787825 0.00137949  0.0194171   0.320687
IMAGINARY
          0  -0.0117634     0.01538  -0.0018128
  0.0117634           0   0.0156504   0.0183791
   -0.01538  -0.0156504           0 -0.00192273
  0.0018128  -0.0183791  0.00192273           0
EndNode2[0]<--->HoM1[0]
REAL
    0.28712   0.0103208  0.00704121   0.0641203
  0.0103208    0.202147  0.00925855  -0.0104542
 0.00704121  0.00925855    0.203936 -0.00520133
  0.0641203  -0.0104542 -0.00520133    0.306798
IMAGINARY
          0   0.0109748  -0.0133707 -0.00599597
 -0.0109748           0  -0.0232044    0.017385
  0.0133707   0.0232044           0 -0.00696049
 0.00599597   -0.017385  0.00696049           0
Repeater1[0]<--->EndNode1[0]
REAL
  0.281843  0.0142455  0.0109137  0.0787825
 0.0142455   0.203252 0.00761459  0.0194171
 0.0109137 0.00761459   0.194219 0.00137949
 0.0787825  0.0194171 0.00137949   0.320687
IMAGINARY
          0     0.01538  -0.0117634  -0.0018128
   -0.01538           0  -0.0156504 -0.00192273
  0.0117634   0.0156504           0   0.0183791
  0.0018128  0.00192273  -0.0183791           0
Repeater1[0]<--->HoM1[0]
REAL
    0.28712  0.00704121   0.0103208   0.0641203
 0.00704121    0.203936  0.00925855 -0.00520133
  0.0103208  0.00925855    0.202147  -0.0104542
  0.0641203 -0.00520133  -0.0104542    0.306798
IMAGINARY
          0  -0.0133707   0.0109748 -0.00599597
  0.0133707           0   0.0232044 -0.00696049
 -0.0109748  -0.0232044           0    0.017385
 0.00599597  0.00696049   -0.017385           0
EndNode1[0]<--->Repeater1[0]
REAL
    0.285939  -0.00293661  -0.00269666    0.0713145
 -0.00293661       0.2061 -0.000722269   0.00213372
 -0.00269666 -0.000722269     0.215295  -0.00145429
   0.0713145   0.00213372  -0.00145429     0.292667
IMAGINARY
          0 -0.00283939   0.0104154 -0.00218235
 0.00283939           0 -0.00471342  0.00291647
 -0.0104154  0.00471342           0  0.00160703
 0.00218235 -0.00291647 -0.00160703           0
EndNode2[0]<--->HoM1[0]
REAL
    0.29003  0.00680348  0.00763897   0.0697471
 0.00680348    0.211901  0.00117249 -0.00107028
 0.00763897  0.00117249    0.210084   0.0053319
  0.0697471 -0.00107028   0.0053319    0.287985
IMAGINARY
           0  -0.00394009  -0.00572435  -0.00723064
  0.00394009            0  0.000156247    0.0114483
  0.00572435 -0.000156247            0  -0.00537529
  0.00723064   -0.0114483   0.00537529            0
Repeater1[0]<--->EndNode1[0]
REAL
    0.285939  -0.00269666  -0.00293661    0.0713145
 -0.00269666     0.215295 -0.000722269  -0.00145429
 -0.00293661 -0.000722269       0.2061   0.00213372
   0.0713145  -0.00145429   0.00213372     0.292667
IMAGINARY
          0   0.0104154 -0.00283939 -0.00218235
 -0.0104154           0  0.00471342  0.00160703
 0.00283939 -0.00471342           0  0.00291647
 0.00218235 -0.00160703 -0.00291647           0
Repeater1[0]<--->HoM1[0]
REAL
    0.29003  0.00763897  0.00680348   0.0697471
 0.00763897    0.210084  0.00117249   0.0053319
 0.00680348  0.00117249    0.211901 -0.00107028
  0.0697471   0.0053319 -0.00107028    0.287985
IMAGINARY
           0  -0.00572435  -0.00394009  -0.00723064
  0.00572435            0 -0.000156247  -0.00537529
  0.00394009  0.000156247            0    0.0114483
  0.00723064   0.00537529   -0.0114483            0
EndNode1[0]<--->Repeater1[0]
REAL
    0.275785 -0.000453782   -0.0157826    0.0478025
-0.000453782      0.22945  -0.00518758 -0.000727871
  -0.0157826  -0.00518758     0.223881  -0.00891703
   0.0478025 -0.000727871  -0.00891703     0.270884
IMAGINARY
           0  -0.00567512   0.00365641   0.00397814
  0.00567512            0 -0.000180102   0.00523299
 -0.00365641  0.000180102            0  -0.00690858
 -0.00397814  -0.00523299   0.00690858            0
EndNode2[0]<--->HoM1[0]
REAL
   0.272769  0.00449377    0.016005   0.0414994
 0.00449377    0.224027  0.00513159  -0.0104272
   0.016005  0.00513159     0.23913 -0.00293197
  0.0414994  -0.0104272 -0.00293197    0.264073
IMAGINARY
          0  0.00519383 -0.00221335 -0.00700683
-0.00519383           0  0.00552922   0.0102188
 0.00221335 -0.00552922           0  0.00441276
 0.00700683  -0.0102188 -0.00441276           0
Repeater1[0]<--->EndNode1[0]
REAL
    0.275785   -0.0157826 -0.000453782    0.0478025
  -0.0157826     0.223881  -0.00518758  -0.00891703
-0.000453782  -0.00518758      0.22945 -0.000727871
   0.0478025  -0.00891703 -0.000727871     0.270884
IMAGINARY
           0   0.00365641  -0.00567512   0.00397814
 -0.00365641            0  0.000180102  -0.00690858
  0.00567512 -0.000180102            0   0.00523299
 -0.00397814   0.00690858  -0.00523299            0
Repeater1[0]<--->HoM1[0]
REAL
   0.272769    0.016005  0.00449377   0.0414994
   0.016005     0.23913  0.00513159 -0.00293197
 0.00449377  0.00513159    0.224027  -0.0104272
  0.0414994 -0.00293197  -0.0104272    0.264073
IMAGINARY
          0 -0.00221335  0.00519383 -0.00700683
 0.00221335           0 -0.00552922  0.00441276
-0.00519383  0.00552922           0   0.0102188
 0.00700683 -0.00441276  -0.0102188           0
EndNode1[0]<--->Repeater1[0]
REAL
    0.275785 -0.000453782   -0.0157826    0.0478025
-0.000453782      0.22945  -0.00518758 -0.000727871
  -0.0157826  -0.00518758     0.223881  -0.00891703
   0.0478025 -0.000727871  -0.00891703     0.270884
IMAGINARY
           0  -0.00567512   0.00365641   0.00397814
  0.00567512            0 -0.000180102   0.00523299
 -0.00365641  0.000180102            0  -0.00690858
 -0.00397814  -0.00523299   0.00690858            0
EndNode2[0]<--->HoM1[0]
REAL
   0.272769  0.00449377    0.016005   0.0414994
 0.00449377    0.224027  0.00513159  -0.0104272
   0.016005  0.00513159     0.23913 -0.00293197
  0.0414994  -0.0104272 -0.00293197    0.264073
IMAGINARY
          0  0.00519383 -0.00221335 -0.00700683
-0.00519383           0  0.00552922   0.0102188
 0.00221335 -0.00552922           0  0.00441276
 0.00700683  -0.0102188 -0.00441276           0
Repeater1[0]<--->EndNode1[0]
REAL
    0.275785   -0.0157826 -0.000453782    0.0478025
  -0.0157826     0.223881  -0.00518758  -0.00891703
-0.000453782  -0.00518758      0.22945 -0.000727871
   0.0478025  -0.00891703 -0.000727871     0.270884
IMAGINARY
           0   0.00365641  -0.00567512   0.00397814
 -0.00365641            0  0.000180102  -0.00690858
  0.00567512 -0.000180102            0   0.00523299
 -0.00397814   0.00690858  -0.00523299            0
Repeater1[0]<--->HoM1[0]
REAL
   0.272769    0.016005  0.00449377   0.0414994
   0.016005     0.23913  0.00513159 -0.00293197
 0.00449377  0.00513159    0.224027  -0.0104272
  0.0414994 -0.00293197  -0.0104272    0.264073
IMAGINARY
          0 -0.00221335  0.00519383 -0.00700683
 0.00221335           0 -0.00552922  0.00441276
-0.00519383  0.00552922           0   0.0102188
 0.00700683 -0.00441276  -0.0102188           0
EndNode1[0]<--->Repeater1[0]
REAL
   0.504638   0.0235051  0.00702419         0.5
  0.0235051           0           0 -0.00123269
 0.00702419           0           0  -0.0177136
        0.5 -0.00123269  -0.0177136    0.495362
IMAGINARY
          0 -0.00554868  -0.0108638 -0.00976373
 0.00554868           0   -0.017509  -0.0160722
  0.0108638    0.017509           0   0.0324847
 0.00976373   0.0160722  -0.0324847           0
EndNode2[0]<--->HoM1[0]
REAL
  0.513417 0.00478132  0.0078094        0.5
0.00478132          0          0 -0.0133445
 0.0078094          0          0 -0.0103164
       0.5 -0.0133445 -0.0103164   0.486583
IMAGINARY
          0 -0.00631333  0.00892687  -0.0128779
 0.00631333           0   0.0102782 -0.00805427
-0.00892687  -0.0102782           0  0.00544073
  0.0128779  0.00805427 -0.00544073           0
Repeater1[0]<--->EndNode1[0]
REAL
   0.504638  0.00702419   0.0235051         0.5
 0.00702419           0           0  -0.0177136
  0.0235051           0           0 -0.00123269
        0.5  -0.0177136 -0.00123269    0.495362
IMAGINARY
          0  -0.0108638 -0.00554868 -0.00976373
  0.0108638           0    0.017509   0.0324847
 0.00554868   -0.017509           0  -0.0160722
 0.00976373  -0.0324847   0.0160722           0
Repeater1[0]<--->HoM1[0]
REAL
  0.513417  0.0078094 0.00478132        0.5
 0.0078094          0          0 -0.0103164
0.00478132          0          0 -0.0133445
       0.5 -0.0103164 -0.0133445   0.486583
IMAGINARY
          0  0.00892687 -0.00631333  -0.0128779
-0.00892687           0  -0.0102782  0.00544073
 0.00631333   0.0102782           0 -0.00805427
  0.0128779 -0.00544073  0.00805427           0
EndNode1[0]<--->Repeater1[0]
REAL
     0.49003    0.0171714 -0.000749359          0.5
   0.0171714            0            0  -0.00615152
-0.000749359            0            0   -0.0240723
         0.5  -0.00615152   -0.0240723      0.50997
IMAGINARY
          0   0.0020453 -0.00691791 -0.00904887
 -0.0020453           0 -0.00810488 -0.00127881
 0.00691791  0.00810488           0  0.00615142
 0.00904887  0.00127881 -0.00615142           0
EndNode2[0]<--->HoM1[0]
REAL
   0.510859  0.00297022 -0.00453936         0.5
 0.00297022           0           0  0.00169665
-0.00453936           0           0 -0.00581292
        0.5  0.00169665 -0.00581292    0.489141
IMAGINARY
          0  0.00552883 -0.00352127 -0.00418534
-0.00552883           0   0.0057172  0.00146105
 0.00352127  -0.0057172           0  -0.0034686
 0.00418534 -0.00146105   0.0034686           0
Repeater1[0]<--->EndNode1[0]
REAL
    0.489722 -0.000749359    0.0171714          0.5
-0.000749359            0            0   -0.0240723
   0.0171714            0            0  -0.00615152
         0.5   -0.0240723  -0.00615152     0.510278
IMAGINARY
          0 -0.00691791  0.00220442 -0.00904887
 0.00691791           0  0.00810488   0.0059923
-0.00220442 -0.00810488           0 -0.00127881
 0.00904887  -0.0059923  0.00127881           0
Repeater1[0]<--->HoM1[0]
REAL
   0.510859 -0.00453936  0.00297022         0.5
-0.00453936           0           0 -0.00581292
 0.00297022           0           0  0.00169665
        0.5 -0.00581292  0.00169665    0.489141
IMAGINARY
          0 -0.00352127  0.00552883 -0.00418534
 0.00352127           0  -0.0057172  -0.0034686
-0.00552883   0.0057172           0  0.00146105
 0.00418534   0.0034686 -0.00146105           0
EndNode1[0]<--->Repeater1[0]
REAL
   0.489665 -0.00325515  0.00289615         0.5
-0.00325515           0           0  -0.0109026
 0.00289615           0           0 -0.00475126
        0.5  -0.0109026 -0.00475126    0.510335
IMAGINARY
          0 -0.00110202   0.0145523  0.00555502
 0.00110202           0 -0.00256935  -0.0117635
 -0.0145523  0.00256935           0 -0.00168682
-0.00555502   0.0117635  0.00168682           0
EndNode2[0]<--->HoM1[0]
REAL
nan nan nan nan
nan nan nan nan
nan nan nan nan
nan nan nan nan
IMAGINARY
nan nan nan nan
nan nan nan nan
nan nan nan nan
nan nan nan nan
Repeater1[0]<--->EndNode1[0]
REAL
   0.489665  0.00289615 -0.00325515         0.5
 0.00289615           0           0 -0.00475126
-0.00325515           0           0  -0.0109026
        0.5 -0.00475126  -0.0109026    0.510335
IMAGINARY
          0   0.0145523 -0.00110202  0.00555502
 -0.0145523           0  0.00256935 -0.00168682
 0.00110202 -0.00256935           0  -0.0117635
-0.00555502  0.00168682   0.0117635           0
Repeater1[0]<--->HoM1[0]
REAL
nan nan nan nan
nan nan nan nan
nan nan nan nan
nan nan nan nan
IMAGINARY
nan nan nan nan
nan nan nan nan
nan nan nan nan
nan nan nan nan
EndNode1[0]<--->Repeater1[0]
REAL
   0.412967 -0.00665658 -0.00197512    0.322096
-0.00665658   0.0840864  -0.0014921  0.00345529
-0.00197512  -0.0014921   0.0833006  0.00438699
   0.322096  0.00345529  0.00438699    0.419646
IMAGINARY
          0 -0.00277029 -0.00163464 -0.00231805
 0.00277029           0  0.00191837 -0.00465153
 0.00163464 -0.00191837           0  0.00466611
 0.00231805  0.00465153 -0.00466611           0
EndNode2[0]<--->HoM1[0]
REAL
   0.414775 -0.00826338   -0.007182     0.32087
-0.00826338   0.0904194  0.00427472 -0.00544978
  -0.007182  0.00427472    0.088688 -0.00615875
