EndNode1[0]<--->Repeater1[0]
REAL
   0.370224  -0.0090246  0.00656447    0.056215
 -0.0090246    0.263505 -0.00525077  0.00720963
 0.00656447 -0.00525077    0.177866   -0.013014
   0.056215  0.00720963   -0.013014    0.188406
IMAGINARY
          0   0.0176332  -0.0199346  -0.0278732
 -0.0176332           0 -0.00816875   0.0199346
  0.0199346  0.00816875           0   0.0213739
  0.0278732  -0.0199346  -0.0213739           0
EndNode2[0]<--->HoM1[0]
REAL
    0.31203 0.000132396    0.003825   0.0420839
0.000132396    0.244361  0.00422486   0.0075844
   0.003825  0.00422486    0.276942 -0.00483038
  0.0420839   0.0075844 -0.00483038    0.166667
IMAGINARY
          0  0.00166393   0.0200638  0.00340783
-0.00166393           0  -0.0149168 -0.00178707
 -0.0200638   0.0149168           0  -0.0147188
-0.00340783  0.00178707   0.0147188           0
Repeater1[0]<--->EndNode1[0]
REAL
   0.370224  0.00656447  -0.0090246    0.056215
 0.00656447    0.177866 -0.00525077   -0.013014
 -0.0090246 -0.00525077    0.263505  0.00720963
   0.056215   -0.013014  0.00720963    0.188406
IMAGINARY
          0  -0.0199346   0.0176332  -0.0278732
  0.0199346           0  0.00816875   0.0213739
 -0.0176332 -0.00816875           0   0.0199346
  0.0278732  -0.0213739  -0.0199346           0
Repeater1[0]<--->HoM1[0]
REAL
    0.31203    0.003825 0.000132396   0.0420839
   0.003825    0.276942  0.00422486 -0.00483038
0.000132396  0.00422486    0.244361   0.0075844
  0.0420839 -0.00483038   0.0075844    0.166667
IMAGINARY
          0   0.0200638  0.00166393  0.00340783
 -0.0200638           0   0.0149168  -0.0147188
-0.00166393  -0.0149168           0 -0.00178707
-0.00340783   0.0147188  0.00178707           0
EndNode1[0]<--->Repeater1[0]
REAL
   0.384615   0.0302595 -0.00773354   0.0220279
  0.0302595    0.259305   0.0120776   -0.012215
-0.00773354   0.0120776    0.186104    0.024438
  0.0220279   -0.012215    0.024438    0.169975
IMAGINARY
          0   0.0183086  -0.0313816 -0.00844413
 -0.0183086           0  0.00106158  -0.0121508
  0.0313816 -0.00106158           0  -0.0145773
 0.00844413   0.0121508   0.0145773           0
EndNode2[0]<--->HoM1[0]
REAL
   0.363395  0.00597876  -0.0112677   0.0336145
 0.00597876    0.220159   0.0409576  0.00760022
 -0.0112677   0.0409576    0.220159 -0.00964624
  0.0336145  0.00760022 -0.00964624    0.196286
IMAGINARY
          0   0.0174033  0.00333362 -0.00251373
 -0.0174033           0 -0.00890759  -0.0160172
-0.00333362  0.00890759           0  0.00863139
 0.00251373   0.0160172 -0.00863139           0
Repeater1[0]<--->EndNode1[0]
REAL
   0.384615 -0.00773354   0.0302595   0.0220279
-0.00773354    0.186104   0.0120776    0.024438
  0.0302595   0.0120776    0.259305   -0.012215
  0.0220279    0.024438   -0.012215    0.169975
IMAGINARY
          0  -0.0313816   0.0183086 -0.00844413
  0.0313816           0 -0.00106158  -0.0145773
 -0.0183086  0.00106158           0  -0.0121508
 0.00844413   0.0145773   0.0121508           0
Repeater1[0]<--->HoM1[0]
REAL
   0.363395  -0.0112677  0.00597876   0.0336145
 -0.0112677    0.220159   0.0409576 -0.00964624
 0.00597876   0.0409576    0.220159  0.00760022
  0.0336145 -0.00964624  0.00760022    0.196286
IMAGINARY
          0  0.00333362   0.0174033 -0.00251373
-0.00333362           0  0.00890759  0.00863139
 -0.0174033 -0.00890759           0  -0.0160172
 0.00251373 -0.00863139   0.0160172           0
