EndNode1[0]<--->Repeater1[0]
REAL
     0.3309  0.00412862 -0.00242389    0.198567
 0.00412862     0.16545   0.0590474  -0.0204187
-0.00242389   0.0590474    0.172749 -0.00793572
   0.198567  -0.0204187 -0.00793572      0.3309
IMAGINARY
          0  0.00438523  -0.0177936  -0.0036595
-0.00438523           0  0.00429806 -0.00957619
  0.0177936 -0.00429806           0  -0.0063879
  0.0036595  0.00957619   0.0063879           0
EndNode2[0]<--->BSA[0]
REAL
   0.344916  0.00444319 -0.00352099    0.197917
 0.00444319    0.176319   0.0729167   0.0295627
-0.00352099   0.0729167    0.158301   -0.017464
   0.197917   0.0295627   -0.017464    0.320463
IMAGINARY
          0    0.016758  -0.0208726   0.0193555
  -0.016758           0    0.011091 -0.00486272
  0.0208726   -0.011091           0  -0.0106305
 -0.0193555  0.00486272   0.0106305           0
Repeater1[0]<--->EndNode1[0]
REAL
     0.3309 -0.00242389  0.00412862    0.198567
-0.00242389    0.172749   0.0590474 -0.00793572
 0.00412862   0.0590474     0.16545  -0.0204187
   0.198567 -0.00793572  -0.0204187      0.3309
IMAGINARY
          0  -0.0177936  0.00438523  -0.0036595
  0.0177936           0 -0.00429806  -0.0063879
-0.00438523  0.00429806           0 -0.00957619
  0.0036595   0.0063879  0.00957619           0
Repeater1[0]<--->BSA[0]
REAL
   0.344916 -0.00352099  0.00444319    0.197917
-0.00352099    0.158301   0.0729167   -0.017464
 0.00444319   0.0729167    0.176319   0.0295627
   0.197917   -0.017464   0.0295627    0.320463
IMAGINARY
          0  -0.0208726    0.016758   0.0193555
  0.0208726           0   -0.011091  -0.0106305
  -0.016758    0.011091           0 -0.00486272
 -0.0193555   0.0106305  0.00486272           0
EndNode1[0]<--->Repeater1[0]
REAL
  0.318584 0.00569235 0.00404424   0.189266
0.00569235    0.17067  0.0859281 -0.0143802
0.00404424  0.0859281   0.208597 -0.0289482
  0.189266 -0.0143802 -0.0289482   0.302149
IMAGINARY
           0  0.000125653  -0.00547721  -0.00923178
-0.000125653            0   -0.0130779  -0.00671791
  0.00547721    0.0130779            0    0.0133532
  0.00923178   0.00671791   -0.0133532            0
EndNode2[0]<--->BSA[0]
REAL
   0.378729  0.00625064  -0.0109566    0.210115
 0.00625064    0.150454    0.056552  0.00967451
 -0.0109566    0.056552    0.166018 -0.00240449
   0.210115  0.00967451 -0.00240449    0.304799
IMAGINARY
          0   0.0132935  -0.0198788 -0.00159448
 -0.0132935           0 -0.00878403 -0.00837675
  0.0198788  0.00878403           0   -0.014522
 0.00159448  0.00837675    0.014522           0
Repeater1[0]<--->EndNode1[0]
REAL
  0.318584 0.00404424 0.00569235   0.189266
0.00404424   0.208597  0.0859281 -0.0289482
0.00569235  0.0859281    0.17067 -0.0143802
  0.189266 -0.0289482 -0.0143802   0.302149
IMAGINARY
           0  -0.00547721  0.000125653  -0.00923178
  0.00547721            0    0.0130779    0.0133532
-0.000125653   -0.0130779            0  -0.00671791
  0.00923178   -0.0133532   0.00671791            0
Repeater1[0]<--->BSA[0]
REAL
   0.378729  -0.0109566  0.00625064    0.210115
 -0.0109566    0.166018    0.056552 -0.00240449
 0.00625064    0.056552    0.150454  0.00967451
   0.210115 -0.00240449  0.00967451    0.304799
IMAGINARY
          0  -0.0198788   0.0132935 -0.00159448
  0.0198788           0  0.00878403   -0.014522
 -0.0132935 -0.00878403           0 -0.00837675
 0.00159448    0.014522  0.00837675           0
EndNode1[0]<--->Repeater1[0]
REAL
   0.352357  0.00164606   0.0247925    0.205929
 0.00164606    0.186104   0.0302186 -0.00368432
  0.0247925   0.0302186    0.155087 0.000992464
   0.205929 -0.00368432 0.000992464    0.306452
IMAGINARY
           0 -0.000609176   -0.0142831    0.0177002
 0.000609176            0    0.0352555    0.0116991
   0.0142831   -0.0352555            0   -0.0291066
  -0.0177002   -0.0116991    0.0291066            0
EndNode2[0]<--->BSA[0]
REAL
   0.330623  0.00784937  0.00526219    0.221853
 0.00784937    0.158537   0.0493226   0.0168617
 0.00526219   0.0493226    0.172087 0.000368075
   0.221853   0.0168617 0.000368075    0.338753
IMAGINARY
          0  0.00528234  0.00620051   0.0147126
-0.00528234           0  -0.0250752  0.00936106
-0.00620051   0.0250752           0 -0.00731211
 -0.0147126 -0.00936106  0.00731211           0
Repeater1[0]<--->EndNode1[0]
REAL
   0.352357   0.0247925  0.00164606    0.205929
  0.0247925    0.155087   0.0302186 0.000992464
 0.00164606   0.0302186    0.186104 -0.00368432
   0.205929 0.000992464 -0.00368432    0.306452
IMAGINARY
           0   -0.0142831 -0.000609176    0.0177002
   0.0142831            0   -0.0352555   -0.0291066
 0.000609176    0.0352555            0    0.0116991
  -0.0177002    0.0291066   -0.0116991            0
Repeater1[0]<--->BSA[0]
REAL
   0.330623  0.00526219  0.00784937    0.221853
 0.00526219    0.172087   0.0493226 0.000368075
 0.00784937   0.0493226    0.158537   0.0168617
   0.221853 0.000368075   0.0168617    0.338753
IMAGINARY
          0  0.00620051  0.00528234   0.0147126
-0.00620051           0   0.0250752 -0.00731211
-0.00528234  -0.0250752           0  0.00936106
 -0.0147126  0.00731211 -0.00936106           0
EndNode1[0]<--->Repeater1[0]
REAL
   0.345269   -0.018177 -0.00420417    0.212563
  -0.018177    0.159847   0.0697057 -0.00687797
-0.00420417   0.0697057    0.161125 -0.00985431
   0.212563 -0.00687797 -0.00985431     0.33376
IMAGINARY
          0 -0.00370373  0.00352549  0.00410256
 0.00370373           0 -0.00923077  -0.0146092
-0.00352549  0.00923077           0   9.145e-06
-0.00410256   0.0146092  -9.145e-06           0
EndNode2[0]<--->BSA[0]
REAL
    0.358418   -0.0015749    0.0117719     0.199534
  -0.0015749     0.163265    0.0653872    -0.014817
   0.0117719    0.0653872     0.172194 -0.000252144
    0.199534    -0.014817 -0.000252144     0.306122
IMAGINARY
          0 -0.00573517   0.0336663   -0.024038
 0.00573517           0 -0.00485644   0.0259543
 -0.0336663  0.00485644           0  -0.0186551
   0.024038  -0.0259543   0.0186551           0
Repeater1[0]<--->EndNode1[0]
REAL
   0.345269 -0.00420417   -0.018177    0.212563
-0.00420417    0.161125   0.0697057 -0.00985431
  -0.018177   0.0697057    0.159847 -0.00687797
   0.212563 -0.00985431 -0.00687797     0.33376
IMAGINARY
          0  0.00352549 -0.00370373  0.00410256
-0.00352549           0  0.00923077   9.145e-06
 0.00370373 -0.00923077           0  -0.0146092
-0.00410256  -9.145e-06   0.0146092           0
Repeater1[0]<--->BSA[0]
REAL
    0.358418    0.0117719   -0.0015749     0.199534
   0.0117719     0.172194    0.0653872 -0.000252144
  -0.0015749    0.0653872     0.163265    -0.014817
    0.199534 -0.000252144    -0.014817     0.306122
IMAGINARY
          0   0.0336663 -0.00573517   -0.024038
 -0.0336663           0  0.00485644  -0.0186551
 0.00573517 -0.00485644           0   0.0259543
   0.024038   0.0186551  -0.0259543           0
EndNode1[0]<--->Repeater1[0]
REAL
   0.310894   0.0015774  0.00586075    0.207781
  0.0015774    0.186047   0.0722194 -0.00719408
 0.00586075   0.0722194    0.195838 -0.00424407
   0.207781 -0.00719408 -0.00424407    0.307222
IMAGINARY
           0   -0.0131778   -0.0125023 -0.000361958
   0.0131778            0    0.0197418   0.00682762
   0.0125023   -0.0197418            0    0.0175914
 0.000361958  -0.00682762   -0.0175914            0
EndNode2[0]<--->BSA[0]
REAL
    0.347656 -0.000414946    0.0185086      0.21073
-0.000414946     0.145833    0.0606641    -0.027066
   0.0185086    0.0606641     0.171875    0.0126399
     0.21073    -0.027066    0.0126399     0.334635
IMAGINARY
          0 -0.00208659   0.0173046   0.0128183
 0.00208659           0   0.0172431   0.0213586
 -0.0173046  -0.0172431           0   0.0145374
 -0.0128183  -0.0213586  -0.0145374           0
Repeater1[0]<--->EndNode1[0]
REAL
   0.310894  0.00586075   0.0015774    0.207781
 0.00586075    0.195838   0.0722194 -0.00424407
  0.0015774   0.0722194    0.186047 -0.00719408
   0.207781 -0.00424407 -0.00719408    0.307222
IMAGINARY
           0   -0.0125023   -0.0131778 -0.000361958
   0.0125023            0   -0.0197418    0.0175914
   0.0131778    0.0197418            0   0.00682762
 0.000361958   -0.0175914  -0.00682762            0
Repeater1[0]<--->BSA[0]
REAL
    0.347656    0.0185086 -0.000414946      0.21073
   0.0185086     0.171875    0.0606641    0.0126399
-0.000414946    0.0606641     0.145833    -0.027066
     0.21073    0.0126399    -0.027066     0.334635
IMAGINARY
          0   0.0173046 -0.00208659   0.0128183
 -0.0173046           0  -0.0172431   0.0145374
 0.00208659   0.0172431           0   0.0213586
 -0.0128183  -0.0145374  -0.0213586           0
EndNode1[0]<--->Repeater1[0]
REAL
  0.330827 -0.0201143 -0.0282868   0.201632
-0.0201143   0.177945  0.0607055 -0.0223626
-0.0282868  0.0607055   0.166667 -0.0214441
  0.201632 -0.0223626 -0.0214441   0.324561
IMAGINARY
          0   0.0143461 -0.00174114   -0.011944
 -0.0143461           0 -0.00308328  -0.0130594
 0.00174114  0.00308328           0 -0.00855463
   0.011944   0.0130594  0.00855463           0
EndNode2[0]<--->BSA[0]
REAL
  0.346012 0.00368139 -0.0123481    0.19979
0.00368139   0.154601   0.057907 0.00498527
-0.0123481   0.057907   0.165644 0.00368139
   0.19979 0.00498527 0.00368139   0.333742
IMAGINARY
          0  -0.0101209   0.0116587  -0.0051803
  0.0101209           0  0.00582215  -0.0110391
 -0.0116587 -0.00582215           0   0.0107405
  0.0051803   0.0110391  -0.0107405           0
Repeater1[0]<--->EndNode1[0]
REAL
  0.330827 -0.0282868 -0.0201143   0.201632
-0.0282868   0.166667  0.0607055 -0.0214441
-0.0201143  0.0607055   0.177945 -0.0223626
  0.201632 -0.0214441 -0.0223626   0.324561
IMAGINARY
          0 -0.00174114   0.0143461   -0.011944
 0.00174114           0  0.00308328 -0.00855463
 -0.0143461 -0.00308328           0  -0.0130594
   0.011944  0.00855463   0.0130594           0
Repeater1[0]<--->BSA[0]
REAL
  0.346012 -0.0123481 0.00368139    0.19979
-0.0123481   0.165644   0.057907 0.00368139
0.00368139   0.057907   0.154601 0.00498527
   0.19979 0.00368139 0.00498527   0.333742
IMAGINARY
          0   0.0116587  -0.0101209  -0.0051803
 -0.0116587           0 -0.00582215   0.0107405
  0.0101209  0.00582215           0  -0.0110391
  0.0051803  -0.0107405   0.0110391           0
EndNode1[0]<--->Repeater1[0]
REAL
   0.372185 -0.00164866   0.0122591     0.21109
-0.00164866    0.176159   0.0559623  0.00382845
  0.0122591   0.0559623    0.145695   0.0190232
    0.21109  0.00382845   0.0190232     0.30596
IMAGINARY
          0  0.00827978  -0.0135201  -0.0179594
-0.00827978           0 -0.00835636  -0.0249414
  0.0135201  0.00835636           0  0.00582278
  0.0179594   0.0249414 -0.00582278           0
EndNode2[0]<--->BSA[0]
REAL
   0.295425   0.0133752   0.0188469    0.201384
  0.0133752    0.162092   0.0738393 -0.00543699
  0.0188469   0.0738393    0.176471   0.0179147
   0.201384 -0.00543699   0.0179147    0.366013
IMAGINARY
          0   0.0242093 -0.00937716 -0.00409825
 -0.0242093           0  0.00930658  -0.0127785
 0.00937716 -0.00930658           0  0.00153924
 0.00409825   0.0127785 -0.00153924           0
Repeater1[0]<--->EndNode1[0]
REAL
   0.372185   0.0122591 -0.00164866     0.21109
  0.0122591    0.145695   0.0559623   0.0190232
-0.00164866   0.0559623    0.176159  0.00382845
    0.21109   0.0190232  0.00382845     0.30596
IMAGINARY
          0  -0.0135201  0.00827978  -0.0179594
  0.0135201           0  0.00835636  0.00582278
-0.00827978 -0.00835636           0  -0.0249414
  0.0179594 -0.00582278   0.0249414           0
Repeater1[0]<--->BSA[0]
REAL
   0.295425   0.0188469   0.0133752    0.201384
  0.0188469    0.176471   0.0738393   0.0179147
  0.0133752   0.0738393    0.162092 -0.00543699
   0.201384   0.0179147 -0.00543699    0.366013
IMAGINARY
          0 -0.00937716   0.0242093 -0.00409825
 0.00937716           0 -0.00930658  0.00153924
 -0.0242093  0.00930658           0  -0.0127785
 0.00409825 -0.00153924   0.0127785           0
EndNode1[0]<--->Repeater1[0]
REAL
   0.327411 -0.00513038  0.00127226    0.202153
-0.00513038     0.17132   0.0705742 -0.00127226
 0.00127226   0.0705742     0.17132  0.00765563
   0.202153 -0.00127226  0.00765563    0.329949
IMAGINARY
           0  -0.00690911  -0.00717474   -0.0274537
  0.00690911            0 -0.000871422    0.0039655
  0.00717474  0.000871422            0   -0.0142719
   0.0274537   -0.0039655    0.0142719            0
EndNode2[0]<--->BSA[0]
REAL
   0.329897   0.0161154 -0.00982619    0.204642
  0.0161154    0.173969   0.0512025  0.00203398
-0.00982619   0.0512025    0.171392 -0.00832318
   0.204642  0.00203398 -0.00832318    0.324742
IMAGINARY
           0   -0.0186814  -0.00186855  -0.00137889
   0.0186814            0   0.00266424   -0.0140045
  0.00186855  -0.00266424            0  0.000162851
  0.00137889    0.0140045 -0.000162851            0
Repeater1[0]<--->EndNode1[0]
REAL
   0.327411  0.00127226 -0.00513038    0.202153
 0.00127226     0.17132   0.0705742  0.00765563
-0.00513038   0.0705742     0.17132 -0.00127226
   0.202153  0.00765563 -0.00127226    0.329949
IMAGINARY
           0  -0.00717474  -0.00690911   -0.0274537
  0.00717474            0  0.000871422   -0.0142719
  0.00690911 -0.000871422            0    0.0039655
   0.0274537    0.0142719   -0.0039655            0
Repeater1[0]<--->BSA[0]
REAL
   0.329897 -0.00982619   0.0161154    0.204642
-0.00982619    0.171392   0.0512025 -0.00832318
  0.0161154   0.0512025    0.173969  0.00203398
   0.204642 -0.00832318  0.00203398    0.324742
IMAGINARY
           0  -0.00186855   -0.0186814  -0.00137889
  0.00186855            0  -0.00266424  0.000162851
   0.0186814   0.00266424            0   -0.0140045
  0.00137889 -0.000162851    0.0140045            0
EndNode1[0]<--->Repeater1[0]
REAL
   0.332474 -0.00482625  0.00360962    0.204701
-0.00482625    0.176546   0.0481078  0.00481735
 0.00360962   0.0481078    0.175258  0.00482625
   0.204701  0.00481735  0.00482625    0.315722
IMAGINARY
           0   0.00203334   0.00934137   -0.0115199
 -0.00203334            0    0.0191926  0.000274014
 -0.00934137   -0.0191926            0   0.00758204
   0.0115199 -0.000274014  -0.00758204            0
EndNode2[0]<--->BSA[0]
REAL
  0.349413  -0.017158 0.00796902    0.21732
 -0.017158    0.16558  0.0472302  -0.018551
0.00796902  0.0472302    0.16558 0.00393046
   0.21732  -0.018551 0.00393046   0.319426
IMAGINARY
          0   0.0251951  -0.0128297 -0.00851899
 -0.0251951           0 -0.00440618  -0.0122024
  0.0128297  0.00440618           0 -0.00144674
 0.00851899   0.0122024  0.00144674           0
Repeater1[0]<--->EndNode1[0]
REAL
   0.332474  0.00360962 -0.00482625    0.204701
 0.00360962    0.175258   0.0481078  0.00482625
-0.00482625   0.0481078    0.176546  0.00481735
   0.204701  0.00482625  0.00481735    0.315722
IMAGINARY
           0   0.00934137   0.00203334   -0.0115199
 -0.00934137            0   -0.0191926   0.00758204
 -0.00203334    0.0191926            0  0.000274014
   0.0115199  -0.00758204 -0.000274014            0
Repeater1[0]<--->BSA[0]
REAL
  0.349413 0.00796902  -0.017158    0.21732
0.00796902    0.16558  0.0472302 0.00393046
 -0.017158  0.0472302    0.16558  -0.018551
   0.21732 0.00393046  -0.018551   0.319426
IMAGINARY
          0  -0.0128297   0.0251951 -0.00851899
  0.0128297           0  0.00440618 -0.00144674
 -0.0251951 -0.00440618           0  -0.0122024
 0.00851899  0.00144674   0.0122024           0
EndNode1[0]<--->Repeater1[0]
REAL
   0.348777  -0.0130755  -0.0149776    0.204102
 -0.0130755    0.172458    0.055277 -0.00119315
 -0.0149776    0.055277    0.164736   0.0124287
   0.204102 -0.00119315   0.0124287    0.314028
IMAGINARY
           0   -0.0185794   0.00328437    0.0143551
   0.0185794            0    0.0242105 -0.000673409
 -0.00328437   -0.0242105            0   -0.0166686
  -0.0143551  0.000673409    0.0166686            0
EndNode2[0]<--->BSA[0]
REAL
  0.318954 -0.0154142 0.00347627   0.198359
-0.0154142   0.151634  0.0576767 0.00605359
0.00347627  0.0576767   0.181699  0.0173201
  0.198359 0.00605359  0.0173201   0.347712
IMAGINARY
           0   0.00192578   -0.0038942  -0.00835074
 -0.00192578            0  0.000350736   -0.0101131
   0.0038942 -0.000350736            0  -0.00131676
  0.00835074    0.0101131   0.00131676            0
Repeater1[0]<--->EndNode1[0]
REAL
   0.348777  -0.0149776  -0.0130755    0.204102
 -0.0149776    0.164736    0.055277   0.0124287
 -0.0130755    0.055277    0.172458 -0.00119315
   0.204102   0.0124287 -0.00119315    0.314028
IMAGINARY
           0   0.00328437   -0.0185794    0.0143551
 -0.00328437            0   -0.0242105   -0.0166686
   0.0185794    0.0242105            0 -0.000673409
  -0.0143551    0.0166686  0.000673409            0
Repeater1[0]<--->BSA[0]
REAL
  0.318954 0.00347627 -0.0154142   0.198359
0.00347627   0.181699  0.0576767  0.0173201
-0.0154142  0.0576767   0.151634 0.00605359
  0.198359  0.0173201 0.00605359   0.347712
IMAGINARY
           0   -0.0038942   0.00192578  -0.00835074
   0.0038942            0 -0.000350736  -0.00131676
 -0.00192578  0.000350736            0   -0.0101131
  0.00835074   0.00131676    0.0101131            0
EndNode1[0]<--->Repeater1[0]
REAL
    0.318667    0.0167813   -0.0221199     0.210591
   0.0167813     0.185333    0.0400484    0.0067746
  -0.0221199    0.0400484     0.174667 -0.000157239
    0.210591    0.0067746 -0.000157239     0.321333
IMAGINARY
          0  0.00450244  0.00931166  -0.0112655
-0.00450244           0  0.00544402  0.00360824
-0.00931166 -0.00544402           0  -0.0316342
  0.0112655 -0.00360824   0.0316342           0
EndNode2[0]<--->BSA[0]
REAL
  0.294919 -0.0164093 -0.0134316   0.210469
-0.0164093   0.187113  0.0741054  -0.007845
-0.0134316  0.0741054   0.158612  0.0164093
  0.210469  -0.007845  0.0164093   0.359356
IMAGINARY
          0    0.034766   0.0103471  -0.0108132
  -0.034766           0  -0.0278371 -0.00586564
 -0.0103471   0.0278371           0  0.00684727
  0.0108132  0.00586564 -0.00684727           0
Repeater1[0]<--->EndNode1[0]
REAL
    0.318667   -0.0221199    0.0167813     0.210591
  -0.0221199     0.174667    0.0400484 -0.000157239
   0.0167813    0.0400484     0.185333    0.0067746
    0.210591 -0.000157239    0.0067746     0.321333
IMAGINARY
          0  0.00931166  0.00450244  -0.0112655
-0.00931166           0 -0.00544402  -0.0316342
-0.00450244  0.00544402           0  0.00360824
  0.0112655   0.0316342 -0.00360824           0
Repeater1[0]<--->BSA[0]
REAL
  0.294919 -0.0134316 -0.0164093   0.210469
-0.0134316   0.158612  0.0741054  0.0164093
-0.0164093  0.0741054   0.187113  -0.007845
  0.210469  0.0164093  -0.007845   0.359356
IMAGINARY
          0   0.0103471    0.034766  -0.0108132
 -0.0103471           0   0.0278371  0.00684727
  -0.034766  -0.0278371           0 -0.00586564
  0.0108132 -0.00684727  0.00586564           0
EndNode1[0]<--->Repeater1[0]
REAL
   0.340849   0.0023974   0.0138762    0.202142
  0.0023974    0.169761   0.0528879 -0.00381707
  0.0138762   0.0528879    0.177719   0.0159458
   0.202142 -0.00381707   0.0159458    0.311671
IMAGINARY
          0  -0.0234351   0.0126193  0.00975445
  0.0234351           0  -0.0157147  -0.0113755
 -0.0126193   0.0157147           0  -0.0126346
-0.00975445   0.0113755   0.0126346           0
EndNode2[0]<--->BSA[0]
REAL
    0.338521    0.0080837   0.00916348     0.192045
   0.0080837     0.184176    0.0673833  -0.00851329
  0.00916348    0.0673833      0.16083 -0.000931555
    0.192045  -0.00851329 -0.000931555     0.316472
IMAGINARY
          0  -0.0125607  0.00441155  0.00260404
  0.0125607           0 -0.00504902 -0.00576657
-0.00441155  0.00504902           0 -0.00098944
-0.00260404  0.00576657  0.00098944           0
Repeater1[0]<--->EndNode1[0]
REAL
   0.340849   0.0138762   0.0023974    0.202142
  0.0138762    0.177719   0.0528879   0.0159458
  0.0023974   0.0528879    0.169761 -0.00381707
   0.202142   0.0159458 -0.00381707    0.311671
IMAGINARY
          0   0.0126193  -0.0234351  0.00975445
 -0.0126193           0   0.0157147  -0.0126346
  0.0234351  -0.0157147           0  -0.0113755
-0.00975445   0.0126346   0.0113755           0
Repeater1[0]<--->BSA[0]
REAL
    0.338521   0.00916348    0.0080837     0.192045
  0.00916348      0.16083    0.0673833 -0.000931555
   0.0080837    0.0673833     0.184176  -0.00851329
    0.192045 -0.000931555  -0.00851329     0.316472
IMAGINARY
          0  0.00441155  -0.0125607  0.00260404
-0.00441155           0  0.00504902 -0.00098944
  0.0125607 -0.00504902           0 -0.00576657
-0.00260404  0.00098944  0.00576657           0
