EndNode1[0]<--->Repeater1[0]
REAL
    0.36536  0.00555902   0.0123834    0.274758
 0.00555902    0.158028   0.0503075 -0.00193953
  0.0123834   0.0503075    0.118837  0.00227387
   0.274758 -0.00193953  0.00227387    0.357775
IMAGINARY
          0   0.0119082  0.00711433 -0.00795818
 -0.0119082           0 -0.00405193 -0.00905482
-0.00711433  0.00405193           0 -0.00608669
 0.00795818  0.00905482  0.00608669           0
EndNode2[0]<--->HoM1[0]
REAL
   0.392535 -0.00235849  -0.0106804    0.254931
-0.00235849    0.160875   0.0540436 -0.00470426
 -0.0106804   0.0540436     0.14157  -0.0143082
   0.254931 -0.00470426  -0.0143082    0.305019
IMAGINARY
          0 -0.00624356  0.00895741 -0.00628477
 0.00624356           0 -0.00765463 -0.00452141
-0.00895741  0.00765463           0   0.0144818
 0.00628477  0.00452141  -0.0144818           0
Repeater1[0]<--->EndNode1[0]
REAL
    0.36536   0.0123834  0.00555902    0.274758
  0.0123834    0.118837   0.0503075  0.00227387
 0.00555902   0.0503075    0.158028 -0.00193953
   0.274758  0.00227387 -0.00193953    0.357775
IMAGINARY
          0  0.00711433   0.0119082 -0.00795818
-0.00711433           0  0.00405193 -0.00608669
 -0.0119082 -0.00405193           0 -0.00905482
 0.00795818  0.00608669  0.00905482           0
Repeater1[0]<--->HoM1[0]
REAL
   0.392535  -0.0106804 -0.00235849    0.254931
 -0.0106804     0.14157   0.0540436  -0.0143082
-0.00235849   0.0540436    0.160875 -0.00470426
   0.254931  -0.0143082 -0.00470426    0.305019
IMAGINARY
          0  0.00895741 -0.00624356 -0.00628477
-0.00895741           0  0.00765463   0.0144818
 0.00624356 -0.00765463           0 -0.00452141
 0.00628477  -0.0144818  0.00452141           0
EndNode1[0]<--->Repeater1[0]
REAL
  0.368999 -0.0044252 -0.0113322   0.255819
-0.0044252    0.14952  0.0506746 -0.0016548
-0.0113322  0.0506746   0.135802 -0.0176527
  0.255819 -0.0016548 -0.0176527   0.345679
IMAGINARY
          0 -0.00508994   0.0132235  0.00825295
 0.00508994           0  0.00886196 -0.00632257
 -0.0132235 -0.00886196           0 -0.00306565
-0.00825295  0.00632257  0.00306565           0
EndNode2[0]<--->HoM1[0]
REAL
  0.339973 0.00598571   0.014239   0.271001
0.00598571   0.158035  0.0548209 0.00829449
  0.014239  0.0548209   0.146082  0.0177658
  0.271001 0.00829449  0.0177658    0.35591
IMAGINARY
          0  -0.0147452  0.00331648  0.00234099
  0.0147452           0  0.00358787 -0.00729526
-0.00331648 -0.00358787           0   0.0213765
-0.00234099  0.00729526  -0.0213765           0
Repeater1[0]<--->EndNode1[0]
REAL
  0.368999 -0.0113322 -0.0044252   0.255819
-0.0113322   0.135802  0.0506746 -0.0176527
-0.0044252  0.0506746    0.14952 -0.0016548
  0.255819 -0.0176527 -0.0016548   0.345679
IMAGINARY
          0   0.0132235 -0.00508994  0.00825295
 -0.0132235           0 -0.00886196 -0.00306565
 0.00508994  0.00886196           0 -0.00632257
-0.00825295  0.00306565  0.00632257           0
Repeater1[0]<--->HoM1[0]
REAL
  0.339973   0.014239 0.00598571   0.271001
  0.014239   0.146082  0.0548209  0.0177658
0.00598571  0.0548209   0.158035 0.00829449
  0.271001  0.0177658 0.00829449    0.35591
IMAGINARY
          0  0.00331648  -0.0147452  0.00234099
-0.00331648           0 -0.00358787   0.0213765
  0.0147452  0.00358787           0 -0.00729526
-0.00234099  -0.0213765  0.00729526           0
EndNode1[0]<--->Repeater1[0]
REAL
   0.356757   0.0172057 -0.00190369    0.273208
  0.0172057    0.164865   0.0594771   0.0142253
-0.00190369   0.0594771    0.136486  -0.0139631
   0.273208   0.0142253  -0.0139631    0.341892
IMAGINARY
          0 -0.00647668  0.00255675  0.00411914
 0.00647668           0  0.00411914    0.011692
-0.00255675 -0.00411914           0  0.00647668
-0.00411914   -0.011692 -0.00647668           0
EndNode2[0]<--->HoM1[0]
REAL
   0.377475   0.0212037  0.00753604    0.266483
  0.0212037    0.160891   0.0827965  0.00753604
 0.00753604   0.0827965    0.117574 -0.00744218
   0.266483  0.00753604 -0.00744218    0.344059
IMAGINARY
          0  0.00944686   0.0172011  0.00579037
-0.00944686           0  -0.0122337  0.00583748
 -0.0172011   0.0122337           0  -0.0250135
-0.00579037 -0.00583748   0.0250135           0
Repeater1[0]<--->EndNode1[0]
REAL
   0.356757 -0.00190369   0.0172057    0.273208
-0.00190369    0.136486   0.0594771  -0.0139631
  0.0172057   0.0594771    0.164865   0.0142253
   0.273208  -0.0139631   0.0142253    0.341892
IMAGINARY
          0  0.00255675 -0.00647668  0.00411914
-0.00255675           0 -0.00411914  0.00647668
 0.00647668  0.00411914           0    0.011692
-0.00411914 -0.00647668   -0.011692           0
Repeater1[0]<--->HoM1[0]
REAL
   0.377475  0.00753604   0.0212037    0.266483
 0.00753604    0.117574   0.0827965 -0.00744218
  0.0212037   0.0827965    0.160891  0.00753604
   0.266483 -0.00744218  0.00753604    0.344059
IMAGINARY
          0   0.0172011  0.00944686  0.00579037
 -0.0172011           0   0.0122337  -0.0250135
-0.00944686  -0.0122337           0  0.00583748
-0.00579037   0.0250135 -0.00583748           0
EndNode1[0]<--->Repeater1[0]
REAL
  0.360743  0.0158333  0.0170672   0.248817
 0.0158333   0.156499  0.0438165 0.00680729
 0.0170672  0.0438165   0.132626 0.00804114
  0.248817 0.00680729 0.00804114   0.350133
IMAGINARY
          0   0.0207115  0.00334805 -0.00253241
 -0.0207115           0  0.00130391   -0.017098
-0.00334805 -0.00130391           0  -0.0194615
 0.00253241    0.017098   0.0194615           0
EndNode2[0]<--->HoM1[0]
REAL
     0.3625 -0.00989045 1.51412e-05    0.257557
-0.00989045    0.138889   0.0529003  0.00194564
1.51412e-05   0.0529003    0.140278   0.0183872
   0.257557  0.00194564   0.0183872    0.358333
IMAGINARY
          0  -0.0164398 -0.00335705 -0.00841554
  0.0164398           0 -0.00530995   0.0205139
 0.00335705  0.00530995           0  0.00295943
 0.00841554  -0.0205139 -0.00295943           0
Repeater1[0]<--->EndNode1[0]
REAL
  0.360743  0.0170672  0.0158333   0.248817
 0.0170672   0.132626  0.0438165 0.00804114
 0.0158333  0.0438165   0.156499 0.00680729
  0.248817 0.00804114 0.00680729   0.350133
IMAGINARY
          0  0.00334805   0.0207115 -0.00253241
-0.00334805           0 -0.00130391  -0.0194615
 -0.0207115  0.00130391           0   -0.017098
 0.00253241   0.0194615    0.017098           0
Repeater1[0]<--->HoM1[0]
REAL
     0.3625 1.51412e-05 -0.00989045    0.257557
1.51412e-05    0.140278   0.0529003   0.0183872
-0.00989045   0.0529003    0.138889  0.00194564
   0.257557   0.0183872  0.00194564    0.358333
IMAGINARY
          0 -0.00335705  -0.0164398 -0.00841554
 0.00335705           0  0.00530995  0.00295943
  0.0164398 -0.00530995           0   0.0205139
 0.00841554 -0.00295943  -0.0205139           0
EndNode1[0]<--->Repeater1[0]
REAL
   0.359069 -0.00591753 -0.00185434    0.274223
-0.00591753    0.128676   0.0588858  0.00925677
-0.00185434   0.0588858    0.134804  0.00793637
   0.274223  0.00925677  0.00793637    0.377451
IMAGINARY
          0  0.00277631  0.00368791 -0.00801065
-0.00277631           0 -0.00536515  0.00306056
-0.00368791  0.00536515           0   0.0199231
 0.00801065 -0.00306056  -0.0199231           0
EndNode2[0]<--->HoM1[0]
REAL
  0.370323 0.00695831 0.00664249   0.246392
0.00695831   0.130323  0.0530934 -0.0040718
0.00664249  0.0530934   0.150968  0.0136072
  0.246392 -0.0040718  0.0136072   0.348387
IMAGINARY
          0   0.0144197  0.00881102  -0.0153593
 -0.0144197           0  0.00789656  0.00278692
-0.00881102 -0.00789656           0 -0.00282172
  0.0153593 -0.00278692  0.00282172           0
Repeater1[0]<--->EndNode1[0]
REAL
   0.359069 -0.00185434 -0.00591753    0.274223
-0.00185434    0.134804   0.0588858  0.00793637
-0.00591753   0.0588858    0.128676  0.00925677
   0.274223  0.00793637  0.00925677    0.377451
IMAGINARY
          0  0.00368791  0.00277631 -0.00801065
-0.00368791           0  0.00536515   0.0199231
-0.00277631 -0.00536515           0  0.00306056
 0.00801065  -0.0199231 -0.00306056           0
Repeater1[0]<--->HoM1[0]
REAL
  0.370323 0.00664249 0.00695831   0.246392
0.00664249   0.150968  0.0530934  0.0136072
0.00695831  0.0530934   0.130323 -0.0040718
  0.246392  0.0136072 -0.0040718   0.348387
IMAGINARY
          0  0.00881102   0.0144197  -0.0153593
-0.00881102           0 -0.00789656 -0.00282172
 -0.0144197  0.00789656           0  0.00278692
  0.0153593  0.00282172 -0.00278692           0
EndNode1[0]<--->Repeater1[0]
REAL
   0.372368   0.0190706 -0.00406932    0.256691
  0.0190706    0.140789   0.0416849 -0.00472635
-0.00406932   0.0416849    0.131579 -0.00215583
   0.256691 -0.00472635 -0.00215583    0.355263
IMAGINARY
          0   0.0145642  0.00819912  0.00286404
 -0.0145642           0  0.00352982   0.0075638
-0.00819912 -0.00352982           0  0.00750388
-0.00286404  -0.0075638 -0.00750388           0
EndNode2[0]<--->HoM1[0]
REAL
   0.341527 -0.00237223  0.00245306    0.276225
-0.00237223    0.146184   0.0464604 -0.00832007
 0.00245306   0.0464604    0.143596   0.0121506
   0.276225 -0.00832007   0.0121506    0.368693
IMAGINARY
          0   0.0134268  -0.0143603  -0.0081924
 -0.0134268           0  0.00130879  -0.0143603
  0.0143603 -0.00130879           0  0.00876638
  0.0081924   0.0143603 -0.00876638           0
Repeater1[0]<--->EndNode1[0]
REAL
   0.372368 -0.00406932   0.0190706    0.256691
-0.00406932    0.131579   0.0416849 -0.00215583
  0.0190706   0.0416849    0.140789 -0.00472635
   0.256691 -0.00215583 -0.00472635    0.355263
IMAGINARY
          0  0.00819912   0.0145642  0.00286404
-0.00819912           0 -0.00352982  0.00750388
 -0.0145642  0.00352982           0   0.0075638
-0.00286404 -0.00750388  -0.0075638           0
Repeater1[0]<--->HoM1[0]
REAL
   0.341527  0.00245306 -0.00237223    0.276225
 0.00245306    0.143596   0.0464604   0.0121506
-0.00237223   0.0464604    0.146184 -0.00832007
   0.276225   0.0121506 -0.00832007    0.368693
IMAGINARY
          0  -0.0143603   0.0134268  -0.0081924
  0.0143603           0 -0.00130879  0.00876638
 -0.0134268  0.00130879           0  -0.0143603
  0.0081924 -0.00876638   0.0143603           0
EndNode1[0]<--->Repeater1[0]
REAL
  0.367028  0.0125919 0.00163425   0.271143
 0.0125919   0.150421  0.0605154   0.008416
0.00163425  0.0605154   0.145608  0.0100212
  0.271143   0.008416  0.0100212   0.336943
IMAGINARY
          0  0.00403538  0.00223939 -0.00741618
-0.00403538           0  -0.0253922   0.0112049
-0.00223939   0.0253922           0  -0.0149189
 0.00741618  -0.0112049   0.0149189           0
EndNode2[0]<--->HoM1[0]
REAL
   0.394243 -0.00330802 -0.00703245    0.267724
-0.00330802    0.141427   0.0530928  -0.0173417
-0.00703245   0.0530928    0.135169   0.0131894
   0.267724  -0.0173417   0.0131894    0.329161
IMAGINARY
          0  0.00941598  0.00996794   0.0134402
-0.00941598           0   0.0140887  -0.0154093
-0.00996794  -0.0140887           0  0.00811728
 -0.0134402   0.0154093 -0.00811728           0
Repeater1[0]<--->EndNode1[0]
REAL
  0.367028 0.00163425  0.0125919   0.271143
0.00163425   0.145608  0.0605154  0.0100212
 0.0125919  0.0605154   0.150421   0.008416
  0.271143  0.0100212   0.008416   0.336943
IMAGINARY
          0  0.00223939  0.00403538 -0.00741618
-0.00223939           0   0.0253922  -0.0149189
-0.00403538  -0.0253922           0   0.0112049
 0.00741618   0.0149189  -0.0112049           0
Repeater1[0]<--->HoM1[0]
REAL
   0.394243 -0.00703245 -0.00330802    0.267724
-0.00703245    0.135169   0.0530928   0.0131894
-0.00330802   0.0530928    0.141427  -0.0173417
   0.267724   0.0131894  -0.0173417    0.329161
IMAGINARY
          0  0.00996794  0.00941598   0.0134402
-0.00996794           0  -0.0140887  0.00811728
-0.00941598   0.0140887           0  -0.0154093
 -0.0134402 -0.00811728   0.0154093           0
EndNode1[0]<--->Repeater1[0]
REAL
   0.370904  0.00101735  -0.0126931    0.272021
 0.00101735    0.141547   0.0411028  0.00199405
 -0.0126931   0.0411028    0.142857 -0.00743675
   0.272021  0.00199405 -0.00743675    0.344692
IMAGINARY
          0  0.00892758  0.00559988  -0.0068359
-0.00892758           0   0.0159489 -0.00365938
-0.00559988  -0.0159489           0  -0.0108681
  0.0068359  0.00365938   0.0108681           0
EndNode2[0]<--->HoM1[0]
REAL
  0.392996 0.00102771 0.00383239   0.270694
0.00102771   0.145266   0.064889   0.011505
0.00383239   0.064889    0.13489  0.0118557
  0.270694   0.011505  0.0118557   0.326848
IMAGINARY
          0   0.0119363 -0.00394047  -0.0247607
 -0.0119363           0  -0.0151329  0.00262121
 0.00394047   0.0151329           0   0.0144489
  0.0247607 -0.00262121  -0.0144489           0
Repeater1[0]<--->EndNode1[0]
REAL
   0.370904  -0.0126931  0.00101735    0.272021
 -0.0126931    0.142857   0.0411028 -0.00743675
 0.00101735   0.0411028    0.141547  0.00199405
   0.272021 -0.00743675  0.00199405    0.344692
IMAGINARY
          0  0.00559988  0.00892758  -0.0068359
-0.00559988           0  -0.0159489  -0.0108681
-0.00892758   0.0159489           0 -0.00365938
  0.0068359   0.0108681  0.00365938           0
Repeater1[0]<--->HoM1[0]
REAL
  0.392996 0.00383239 0.00102771   0.270694
0.00383239    0.13489   0.064889  0.0118557
0.00102771   0.064889   0.145266   0.011505
  0.270694  0.0118557   0.011505   0.326848
IMAGINARY
          0 -0.00394047   0.0119363  -0.0247607
 0.00394047           0   0.0151329   0.0144489
 -0.0119363  -0.0151329           0  0.00262121
  0.0247607  -0.0144489 -0.00262121           0
EndNode1[0]<--->Repeater1[0]
REAL
   0.356688  -0.0128711  -0.0306032    0.273477
 -0.0128711     0.17707   0.0469359   0.0150994
 -0.0306032   0.0469359    0.138854 -0.00909274
   0.273477   0.0150994 -0.00909274    0.327389
IMAGINARY
          0  0.00573401  -0.0029494  0.00757576
-0.00573401           0 -0.00757576 -0.00107205
  0.0029494  0.00757576           0 -0.00975546
-0.00757576  0.00107205  0.00975546           0
EndNode2[0]<--->HoM1[0]
REAL
   0.340452 -0.00439505 -0.00403554    0.267749
-0.00439505    0.159548   0.0435222  0.00862269
-0.00403554   0.0435222    0.134422   0.0273308
   0.267749  0.00862269   0.0273308    0.365578
IMAGINARY
          0  -0.0112737   0.0222498  0.00722281
  0.0112737           0  -0.0112016 -0.00936315
 -0.0222498   0.0112016           0  -0.0119222
-0.00722281  0.00936315   0.0119222           0
Repeater1[0]<--->EndNode1[0]
REAL
   0.356688  -0.0306032  -0.0128711    0.273477
 -0.0306032    0.138854   0.0469359 -0.00909274
 -0.0128711   0.0469359     0.17707   0.0150994
   0.273477 -0.00909274   0.0150994    0.327389
IMAGINARY
          0  -0.0029494  0.00573401  0.00757576
  0.0029494           0  0.00757576 -0.00975546
-0.00573401 -0.00757576           0 -0.00107205
-0.00757576  0.00975546  0.00107205           0
Repeater1[0]<--->HoM1[0]
REAL
   0.340452 -0.00403554 -0.00439505    0.267749
-0.00403554    0.134422   0.0435222   0.0273308
-0.00439505   0.0435222    0.159548  0.00862269
   0.267749   0.0273308  0.00862269    0.365578
IMAGINARY
          0   0.0222498  -0.0112737  0.00722281
 -0.0222498           0   0.0112016  -0.0119222
  0.0112737  -0.0112016           0 -0.00936315
-0.00722281   0.0119222  0.00936315           0
EndNode1[0]<--->Repeater1[0]
REAL
    0.367486    0.0119332 -0.000717226      0.27212
   0.0119332     0.127049    0.0612133     0.025265
-0.000717226    0.0612133     0.144809    0.0113227
     0.27212     0.025265    0.0113227     0.360656
IMAGINARY
          0  -0.0205071   0.0032468  -0.0029717
  0.0205071           0  0.00749951 -0.00258977
 -0.0032468 -0.00749951           0 -0.00643118
  0.0029717  0.00258977  0.00643118           0
EndNode2[0]<--->HoM1[0]
REAL
   0.350461   0.0058967  -0.0107823    0.289944
  0.0058967      0.1278   0.0454993 -0.00820501
 -0.0107823   0.0454993    0.142292  -0.0178517
   0.289944 -0.00820501  -0.0178517    0.379447
IMAGINARY
          0  0.00401883  0.00706019 -0.00797511
-0.00401883           0   0.0111843 -0.00335648
-0.00706019  -0.0111843           0 -0.00648797
 0.00797511  0.00335648  0.00648797           0
Repeater1[0]<--->EndNode1[0]
REAL
    0.367486 -0.000717226    0.0119332      0.27212
-0.000717226     0.144809    0.0612133    0.0113227
   0.0119332    0.0612133     0.127049     0.025265
     0.27212    0.0113227     0.025265     0.360656
IMAGINARY
          0   0.0032468  -0.0205071  -0.0029717
 -0.0032468           0 -0.00749951 -0.00643118
  0.0205071  0.00749951           0 -0.00258977
  0.0029717  0.00643118  0.00258977           0
Repeater1[0]<--->HoM1[0]
REAL
   0.350461  -0.0107823   0.0058967    0.289944
 -0.0107823    0.142292   0.0454993  -0.0178517
  0.0058967   0.0454993      0.1278 -0.00820501
   0.289944  -0.0178517 -0.00820501    0.379447
IMAGINARY
          0  0.00706019  0.00401883 -0.00797511
-0.00706019           0  -0.0111843 -0.00648797
-0.00401883   0.0111843           0 -0.00335648
 0.00797511  0.00648797  0.00335648           0
EndNode1[0]<--->Repeater1[0]
REAL
   0.393216 -0.00524212 -0.00710735    0.268525
-0.00524212     0.13191   0.0436509 -0.00973203
-0.00710735   0.0436509    0.133166 -0.00771125
   0.268525 -0.00973203 -0.00771125    0.341709
IMAGINARY
          0  -0.0042983   -0.004462  0.00361367
  0.0042983           0  0.00361367  -0.0093571
   0.004462 -0.00361367           0   0.0218862
-0.00361367   0.0093571  -0.0218862           0
EndNode2[0]<--->HoM1[0]
REAL
   0.370611  0.00674354  0.00352631    0.263505
 0.00674354    0.139142   0.0665349 -0.00286755
 0.00352631   0.0665349    0.162549  -0.0021322
   0.263505 -0.00286755  -0.0021322    0.327698
IMAGINARY
           0   -0.0166354     0.029237  0.000855165
   0.0166354            0   -0.0210572   0.00737912
   -0.029237    0.0210572            0   0.00527179
-0.000855165  -0.00737912  -0.00527179            0
Repeater1[0]<--->EndNode1[0]
REAL
   0.393216 -0.00710735 -0.00524212    0.268525
-0.00710735    0.133166   0.0436509 -0.00771125
-0.00524212   0.0436509     0.13191 -0.00973203
   0.268525 -0.00771125 -0.00973203    0.341709
IMAGINARY
          0   -0.004462  -0.0042983  0.00361367
   0.004462           0 -0.00361367   0.0218862
  0.0042983  0.00361367           0  -0.0093571
-0.00361367  -0.0218862   0.0093571           0
Repeater1[0]<--->HoM1[0]
REAL
   0.370611  0.00352631  0.00674354    0.263505
 0.00352631    0.162549   0.0665349  -0.0021322
 0.00674354   0.0665349    0.139142 -0.00286755
   0.263505  -0.0021322 -0.00286755    0.327698
IMAGINARY
           0     0.029237   -0.0166354  0.000855165
   -0.029237            0    0.0210572   0.00527179
   0.0166354   -0.0210572            0   0.00737912
-0.000855165  -0.00527179  -0.00737912            0
EndNode1[0]<--->Repeater1[0]
REAL
  0.351077  0.0387882  0.0150752   0.255042
 0.0387882   0.130545  0.0352811 -0.0244838
 0.0150752  0.0352811   0.134347 -0.0105624
  0.255042 -0.0244838 -0.0105624    0.38403
IMAGINARY
           0   0.00527193   0.00966411  -0.00629096
 -0.00527193            0    0.0294698   0.00650355
 -0.00966411   -0.0294698            0  0.000117291
  0.00629096  -0.00650355 -0.000117291            0
EndNode2[0]<--->HoM1[0]
REAL
   0.394402  -0.0166002  -0.0102189    0.284857
 -0.0166002    0.111959   0.0463768 -0.00615388
 -0.0102189   0.0463768    0.128499   0.0153408
   0.284857 -0.00615388   0.0153408     0.36514
IMAGINARY
         0 -0.0292889  0.0405972  0.0357769
 0.0292889          0  0.0167231  0.0272733
-0.0405972 -0.0167231          0 -0.0261283
-0.0357769 -0.0272733  0.0261283          0
Repeater1[0]<--->EndNode1[0]
REAL
  0.351077  0.0150752  0.0387882   0.255042
 0.0150752   0.134347  0.0352811 -0.0105624
 0.0387882  0.0352811   0.130545 -0.0244838
  0.255042 -0.0105624 -0.0244838    0.38403
IMAGINARY
           0   0.00966411   0.00527193  -0.00629096
 -0.00966411            0   -0.0294698  0.000117291
 -0.00527193    0.0294698            0   0.00650355
  0.00629096 -0.000117291  -0.00650355            0
Repeater1[0]<--->HoM1[0]
REAL
   0.394402  -0.0102189  -0.0166002    0.284857
 -0.0102189    0.128499   0.0463768   0.0153408
 -0.0166002   0.0463768    0.111959 -0.00615388
   0.284857   0.0153408 -0.00615388     0.36514
IMAGINARY
         0  0.0405972 -0.0292889  0.0357769
-0.0405972          0 -0.0167231 -0.0261283
 0.0292889  0.0167231          0  0.0272733
-0.0357769  0.0261283 -0.0272733          0
EndNode1[0]<--->Repeater1[0]
REAL
    0.42623 -0.00829575   0.0182263     0.27832
-0.00829575    0.114754   0.0417536  0.00319357
  0.0182263   0.0417536    0.117276   0.0138037
    0.27832  0.00319357   0.0138037     0.34174
IMAGINARY
           0 -0.000327654  -0.00335947    0.0064433
 0.000327654            0   -0.0064433   0.00532539
  0.00335947    0.0064433            0 -0.000327654
  -0.0064433  -0.00532539  0.000327654            0
EndNode2[0]<--->HoM1[0]
REAL
   0.386805   0.0145628 -0.00197502    0.281397
  0.0145628    0.116429    0.047631  0.00751008
-0.00197502    0.047631     0.14489  -0.0053377
   0.281397  0.00751008  -0.0053377    0.351876
IMAGINARY
          0  -0.0161934  0.00618868   0.0143344
  0.0161934           0   0.0095983 -0.00359127
-0.00618868  -0.0095983           0   0.0148947
 -0.0143344  0.00359127  -0.0148947           0
Repeater1[0]<--->EndNode1[0]
REAL
    0.42623   0.0182263 -0.00829575     0.27832
  0.0182263    0.117276   0.0417536   0.0138037
-0.00829575   0.0417536    0.114754  0.00319357
    0.27832   0.0138037  0.00319357     0.34174
IMAGINARY
           0  -0.00335947 -0.000327654    0.0064433
  0.00335947            0    0.0064433 -0.000327654
 0.000327654   -0.0064433            0   0.00532539
  -0.0064433  0.000327654  -0.00532539            0
Repeater1[0]<--->HoM1[0]
REAL
   0.386805 -0.00197502   0.0145628    0.281397
-0.00197502     0.14489    0.047631  -0.0053377
  0.0145628    0.047631    0.116429  0.00751008
   0.281397  -0.0053377  0.00751008    0.351876
IMAGINARY
          0  0.00618868  -0.0161934   0.0143344
-0.00618868           0  -0.0095983   0.0148947
  0.0161934   0.0095983           0 -0.00359127
 -0.0143344  -0.0148947  0.00359127           0
EndNode1[0]<--->Repeater1[0]
REAL
   0.385511   0.0242511  -0.0077454    0.277879
  0.0242511    0.135834   0.0503655   0.0115622
 -0.0077454   0.0503655     0.13066 -0.00643942
   0.277879   0.0115622 -0.00643942    0.347995
IMAGINARY
          0 -0.00102816  0.00822216   0.0106505
 0.00102816           0 -0.00809949   0.0036826
-0.00822216  0.00809949           0  -0.0267496
 -0.0106505  -0.0036826   0.0267496           0
EndNode2[0]<--->HoM1[0]
REAL
  0.360256 0.00814778  0.0130547   0.263629
0.00814778    0.14359  0.0707912  0.0136728
 0.0130547  0.0707912   0.139744 0.00945326
  0.263629  0.0136728 0.00945326    0.35641
IMAGINARY
          0  -0.0229557 -0.00634228  -0.0111964
  0.0229557           0  -0.0125551  -0.0239607
 0.00634228   0.0125551           0   0.0133138
  0.0111964   0.0239607  -0.0133138           0
Repeater1[0]<--->EndNode1[0]
REAL
   0.385511  -0.0077454   0.0242511    0.277879
 -0.0077454     0.13066   0.0503655 -0.00643942
  0.0242511   0.0503655    0.135834   0.0115622
   0.277879 -0.00643942   0.0115622    0.347995
IMAGINARY
          0  0.00822216 -0.00102816   0.0106505
-0.00822216           0  0.00809949  -0.0267496
 0.00102816 -0.00809949           0   0.0036826
 -0.0106505   0.0267496  -0.0036826           0
Repeater1[0]<--->HoM1[0]
REAL
  0.360256  0.0130547 0.00814778   0.263629
 0.0130547   0.139744  0.0707912 0.00945326
0.00814778  0.0707912    0.14359  0.0136728
  0.263629 0.00945326  0.0136728    0.35641
IMAGINARY
          0 -0.00634228  -0.0229557  -0.0111964
 0.00634228           0   0.0125551   0.0133138
  0.0229557  -0.0125551           0  -0.0239607
  0.0111964  -0.0133138   0.0239607           0
EndNode1[0]<--->Repeater1[0]
REAL
   0.368227   0.0165331   0.0239705    0.279843
  0.0165331    0.144089   0.0406026 -0.00234531
  0.0239705   0.0406026    0.118227  0.00378143
   0.279843 -0.00234531  0.00378143    0.369458
IMAGINARY
           0 -0.000168776   -0.0113008   0.00566222
 0.000168776            0    0.0155878   -0.0203447
   0.0113008   -0.0155878            0   0.00649789
 -0.00566222    0.0203447  -0.00649789            0
EndNode2[0]<--->HoM1[0]
REAL
  0.379896 -0.0226923 -0.0170735   0.275967
-0.0226923   0.142298  0.0731605  -0.020333
-0.0170735  0.0731605   0.125326 -0.0109735
  0.275967  -0.020333 -0.0109735    0.35248
IMAGINARY
          0  -0.0216756 -0.00618119  -0.0015785
  0.0216756           0  -0.0090598   0.0112832
 0.00618119   0.0090598           0  -0.0153142
  0.0015785  -0.0112832   0.0153142           0
Repeater1[0]<--->EndNode1[0]
REAL
   0.368227   0.0239705   0.0165331    0.279843
  0.0239705    0.118227   0.0406026  0.00378143
  0.0165331   0.0406026    0.144089 -0.00234531
   0.279843  0.00378143 -0.00234531    0.369458
IMAGINARY
           0   -0.0113008 -0.000168776   0.00566222
   0.0113008            0   -0.0155878   0.00649789
 0.000168776    0.0155878            0   -0.0203447
 -0.00566222  -0.00649789    0.0203447            0
Repeater1[0]<--->HoM1[0]
REAL
  0.379896 -0.0170735 -0.0226923   0.275967
-0.0170735   0.125326  0.0731605 -0.0109735
-0.0226923  0.0731605   0.142298  -0.020333
  0.275967 -0.0109735  -0.020333    0.35248
IMAGINARY
          0 -0.00618119  -0.0216756  -0.0015785
 0.00618119           0   0.0090598  -0.0153142
  0.0216756  -0.0090598           0   0.0112832
  0.0015785   0.0153142  -0.0112832           0
EndNode1[0]<--->Repeater1[0]
REAL
   0.398172 -0.00209593 -0.00335654    0.283035
-0.00209593    0.148825   0.0479512  0.00271633
-0.00335654   0.0479512    0.138381  0.00401654
   0.283035  0.00271633  0.00401654    0.314621
IMAGINARY
          0 -0.00845375  0.00734071 -0.00468727
 0.00845375           0 -0.00279572   0.0224922
-0.00734071  0.00279572           0  -0.0166059
 0.00468727  -0.0224922   0.0166059           0
EndNode2[0]<--->HoM1[0]
REAL
   0.352868 -0.00347331    0.006917    0.269201
-0.00347331    0.140898   0.0529335    0.006917
   0.006917   0.0529335    0.142145   0.0159898
   0.269201    0.006917   0.0159898     0.36409
IMAGINARY
           0    0.0076098    0.0229687   -0.0178946
  -0.0076098            0    0.0153501 -0.000900625
  -0.0229687   -0.0153501            0   0.00184796
   0.0178946  0.000900625  -0.00184796            0
Repeater1[0]<--->EndNode1[0]
REAL
   0.398172 -0.00335654 -0.00209593    0.283035
-0.00335654    0.138381   0.0479512  0.00401654
-0.00209593   0.0479512    0.148825  0.00271633
   0.283035  0.00401654  0.00271633    0.314621
IMAGINARY
          0  0.00734071 -0.00845375 -0.00468727
-0.00734071           0  0.00279572  -0.0166059
 0.00845375 -0.00279572           0   0.0224922
 0.00468727   0.0166059  -0.0224922           0
Repeater1[0]<--->HoM1[0]
REAL
   0.352868    0.006917 -0.00347331    0.269201
   0.006917    0.142145   0.0529335   0.0159898
-0.00347331   0.0529335    0.140898    0.006917
   0.269201   0.0159898    0.006917     0.36409
IMAGINARY
           0    0.0229687    0.0076098   -0.0178946
  -0.0229687            0   -0.0153501   0.00184796
  -0.0076098    0.0153501            0 -0.000900625
   0.0178946  -0.00184796  0.000900625            0
EndNode1[0]<--->Repeater1[0]
REAL
   0.360969 -0.00920479  0.00532581    0.262179
-0.00920479    0.133929   0.0522946  -0.0184837
 0.00532581   0.0522946     0.13648  0.00262584
   0.262179  -0.0184837  0.00262584    0.368622
IMAGINARY
           0   -0.0128669    0.0130779  -0.00482265
   0.0128669            0   -0.0205295  -0.00473384
  -0.0130779    0.0205295            0 -0.000611959
  0.00482265   0.00473384  0.000611959            0
EndNode2[0]<--->HoM1[0]
REAL
   0.382843  0.00468415 -0.00735399    0.277152
 0.00468415    0.140845   0.0563977  -0.0141025
-0.00735399   0.0563977    0.133163  -0.0157375
   0.277152  -0.0141025  -0.0157375     0.34315
IMAGINARY
           0  0.000899481   0.00432167  -0.00971763
-0.000899481            0    0.0178732   -0.0112399
 -0.00432167   -0.0178732            0  -0.00907558
  0.00971763    0.0112399   0.00907558            0
Repeater1[0]<--->EndNode1[0]
REAL
   0.360969  0.00532581 -0.00920479    0.262179
 0.00532581     0.13648   0.0522946  0.00262584
-0.00920479   0.0522946    0.133929  -0.0184837
   0.262179  0.00262584  -0.0184837    0.368622
IMAGINARY
           0    0.0130779   -0.0128669  -0.00482265
  -0.0130779            0    0.0205295 -0.000611959
   0.0128669   -0.0205295            0  -0.00473384
  0.00482265  0.000611959   0.00473384            0
Repeater1[0]<--->HoM1[0]
REAL
   0.382843 -0.00735399  0.00468415    0.277152
-0.00735399    0.133163   0.0563977  -0.0157375
 0.00468415   0.0563977    0.140845  -0.0141025
   0.277152  -0.0157375  -0.0141025     0.34315
IMAGINARY
           0   0.00432167  0.000899481  -0.00971763
 -0.00432167            0   -0.0178732  -0.00907558
-0.000899481    0.0178732            0   -0.0112399
  0.00971763   0.00907558    0.0112399            0
EndNode1[0]<--->Repeater1[0]
REAL
   0.373494 -0.00373509  -0.0062068     0.24323
-0.00373509     0.14324    0.052815   0.0117692
 -0.0062068    0.052815    0.141901   0.0179502
    0.24323   0.0117692   0.0179502    0.341365
IMAGINARY
          0  -0.0190124   0.0015477   -0.018303
  0.0190124           0   0.0132904    0.024359
 -0.0015477  -0.0132904           0  0.00994509
   0.018303   -0.024359 -0.00994509           0
EndNode2[0]<--->HoM1[0]
REAL
    0.362225 -2.00357e-05   -0.0125041     0.284325
-2.00357e-05     0.111255     0.064275   0.00487046
  -0.0125041     0.064275     0.153946    0.0012923
    0.284325   0.00487046    0.0012923     0.372574
IMAGINARY
          0   0.0227909   -0.012647   0.0133091
 -0.0227909           0  0.00310503 -0.00942114
   0.012647 -0.00310503           0  0.00432129
 -0.0133091  0.00942114 -0.00432129           0
Repeater1[0]<--->EndNode1[0]
REAL
   0.373494  -0.0062068 -0.00373509     0.24323
 -0.0062068    0.141901    0.052815   0.0179502
-0.00373509    0.052815     0.14324   0.0117692
    0.24323   0.0179502   0.0117692    0.341365
IMAGINARY
          0   0.0015477  -0.0190124   -0.018303
 -0.0015477           0  -0.0132904  0.00994509
  0.0190124   0.0132904           0    0.024359
   0.018303 -0.00994509   -0.024359           0
Repeater1[0]<--->HoM1[0]
REAL
    0.362225   -0.0125041 -2.00357e-05     0.284325
  -0.0125041     0.153946     0.064275    0.0012923
-2.00357e-05     0.064275     0.111255   0.00487046
    0.284325    0.0012923   0.00487046     0.372574
IMAGINARY
          0   -0.012647   0.0227909   0.0133091
   0.012647           0 -0.00310503  0.00432129
 -0.0227909  0.00310503           0 -0.00942114
 -0.0133091 -0.00432129  0.00942114           0
EndNode1[0]<--->Repeater1[0]
REAL
    0.348958  0.000975293  -0.00262416     0.259382
 0.000975293     0.144531     0.068967 -0.000626819
 -0.00262416     0.068967     0.148438  0.000975293
    0.259382 -0.000626819  0.000975293     0.358073
IMAGINARY
          0  0.00981002 -0.00970279  -0.0111369
-0.00981002           0  -0.0124423  0.00581678
 0.00970279   0.0124423           0  0.00314335
  0.0111369 -0.00581678 -0.00314335           0
EndNode2[0]<--->HoM1[0]
REAL
  0.379704 0.00787492 -0.0115192   0.257096
0.00787492   0.160775  0.0791984 -0.0265519
-0.0115192  0.0791984   0.118586 -0.0218343
  0.257096 -0.0265519 -0.0218343   0.340935
IMAGINARY
           0    0.0121294   -0.0207414    0.0132207
  -0.0121294            0  0.000469011    0.0059166
   0.0207414 -0.000469011            0    0.0121294
  -0.0132207   -0.0059166   -0.0121294            0
Repeater1[0]<--->EndNode1[0]
REAL
    0.348958  -0.00262416  0.000975293     0.259382
 -0.00262416     0.148438     0.068967  0.000975293
 0.000975293     0.068967     0.144531 -0.000626819
    0.259382  0.000975293 -0.000626819     0.358073
IMAGINARY
          0 -0.00970279  0.00981002  -0.0111369
 0.00970279           0   0.0124423  0.00314335
-0.00981002  -0.0124423           0  0.00581678
  0.0111369 -0.00314335 -0.00581678           0
Repeater1[0]<--->HoM1[0]
REAL
  0.379704 -0.0115192 0.00787492   0.257096
-0.0115192   0.118586  0.0791984 -0.0218343
0.00787492  0.0791984   0.160775 -0.0265519
  0.257096 -0.0218343 -0.0265519   0.340935
IMAGINARY
           0   -0.0207414    0.0121294    0.0132207
   0.0207414            0 -0.000469011    0.0121294
  -0.0121294  0.000469011            0    0.0059166
  -0.0132207   -0.0121294   -0.0059166            0
EndNode1[0]<--->Repeater1[0]
REAL
   0.357947 -0.00218468   0.0175675    0.265229
-0.00218468    0.157697   0.0594221 -0.00422574
  0.0175675   0.0594221    0.135169   0.0155265
   0.265229 -0.00422574   0.0155265    0.349186
IMAGINARY
           0 -9.51877e-05  -0.00345479 -0.000440896
 9.51877e-05            0    -0.010508    0.0195838
  0.00345479     0.010508            0  -0.00829191
 0.000440896   -0.0195838   0.00829191            0
EndNode2[0]<--->HoM1[0]
REAL
   0.360202    0.014232 0.000486277    0.273448
   0.014232    0.143577   0.0613458   0.0164098
0.000486277   0.0613458    0.124685  0.00767035
   0.273448   0.0164098  0.00767035    0.371537
IMAGINARY
          0  0.00416456  0.00862105  0.00130158
-0.00416456           0   0.0099567 -0.00798411
-0.00862105  -0.0099567           0  0.00284181
-0.00130158  0.00798411 -0.00284181           0
Repeater1[0]<--->EndNode1[0]
REAL
   0.357947   0.0175675 -0.00218468    0.265229
  0.0175675    0.135169   0.0594221   0.0155265
-0.00218468   0.0594221    0.157697 -0.00422574
   0.265229   0.0155265 -0.00422574    0.349186
IMAGINARY
           0  -0.00345479 -9.51877e-05 -0.000440896
  0.00345479            0     0.010508  -0.00829191
 9.51877e-05    -0.010508            0    0.0195838
 0.000440896   0.00829191   -0.0195838            0
Repeater1[0]<--->HoM1[0]
REAL
   0.360202 0.000486277    0.014232    0.273448
0.000486277    0.124685   0.0613458  0.00767035
   0.014232   0.0613458    0.143577   0.0164098
   0.273448  0.00767035   0.0164098    0.371537
IMAGINARY
          0  0.00862105  0.00416456  0.00130158
-0.00862105           0  -0.0099567  0.00284181
-0.00416456   0.0099567           0 -0.00798411
-0.00130158 -0.00284181  0.00798411           0
EndNode1[0]<--->Repeater1[0]
REAL
   0.362934 -0.00963257  -0.0181529    0.255757
-0.00963257     0.14157   0.0702735   0.0181529
 -0.0181529   0.0702735    0.166023 -0.00712001
   0.255757   0.0181529 -0.00712001    0.329472
IMAGINARY
          0 -0.00919543 -0.00612954  0.00803005
 0.00919543           0   0.0273103   0.0209145
 0.00612954  -0.0273103           0   -0.013654
-0.00803005  -0.0209145    0.013654           0
EndNode2[0]<--->HoM1[0]
REAL
   0.396203   0.0147832  -0.0090607    0.265531
  0.0147832    0.148101   0.0417462 -0.00306868
 -0.0090607   0.0417462    0.120253  -0.0147832
   0.265531 -0.00306868  -0.0147832    0.335443
IMAGINARY
           0   -0.0185504  0.000916535   0.00223703
   0.0185504            0  -0.00531964  -0.00858917
-0.000916535   0.00531964            0   -0.0121401
 -0.00223703   0.00858917    0.0121401            0
Repeater1[0]<--->EndNode1[0]
REAL
   0.362934  -0.0181529 -0.00963257    0.255757
 -0.0181529    0.166023   0.0702735 -0.00712001
-0.00963257   0.0702735     0.14157   0.0181529
   0.255757 -0.00712001   0.0181529    0.329472
IMAGINARY
          0 -0.00612954 -0.00919543  0.00803005
 0.00612954           0  -0.0273103   -0.013654
 0.00919543   0.0273103           0   0.0209145
-0.00803005    0.013654  -0.0209145           0
Repeater1[0]<--->HoM1[0]
REAL
   0.396203  -0.0090607   0.0147832    0.265531
 -0.0090607    0.120253   0.0417462  -0.0147832
  0.0147832   0.0417462    0.148101 -0.00306868
   0.265531  -0.0147832 -0.00306868    0.335443
IMAGINARY
           0  0.000916535   -0.0185504   0.00223703
-0.000916535            0   0.00531964   -0.0121401
   0.0185504  -0.00531964            0  -0.00858917
 -0.00223703    0.0121401   0.00858917            0
