EndNode1[0]<--->Repeater1[0]
REAL
   0.490196 -0.00150382 0.000309521    0.322305
-0.00150382   0.0470588   0.0174885 0.000982469
0.000309521   0.0174885   0.0287582  0.00537979
   0.322305 0.000982469  0.00537979    0.433987
IMAGINARY
          0  -0.0199009 -0.00736546  0.00130843
  0.0199009           0   0.0116115 -0.00340767
 0.00736546  -0.0116115           0  0.00532549
-0.00130843  0.00340767 -0.00532549           0
EndNode2[0]<--->HoM1[0]
REAL
   0.44389  0.0106328 0.00107685   0.315434
 0.0106328  0.0511222 0.00809498  0.0350194
0.00107685 0.00809498  0.0486284 0.00674683
  0.315434  0.0350194 0.00674683   0.456359
IMAGINARY
          0  0.00447275  -0.0102554  -0.0183881
-0.00447275           0    0.027294  0.00566821
  0.0102554   -0.027294           0 -0.00643867
  0.0183881 -0.00566821  0.00643867           0
Repeater1[0]<--->EndNode1[0]
REAL
   0.490196 0.000309521 -0.00150382    0.322305
0.000309521   0.0287582   0.0174885  0.00537979
-0.00150382   0.0174885   0.0470588 0.000982469
   0.322305  0.00537979 0.000982469    0.433987
IMAGINARY
          0 -0.00736546  -0.0199009  0.00130843
 0.00736546           0  -0.0116115  0.00532549
  0.0199009   0.0116115           0 -0.00340767
-0.00130843 -0.00532549  0.00340767           0
Repeater1[0]<--->HoM1[0]
REAL
   0.44389 0.00107685  0.0106328   0.315434
0.00107685  0.0486284 0.00809498 0.00674683
 0.0106328 0.00809498  0.0511222  0.0350194
  0.315434 0.00674683  0.0350194   0.456359
IMAGINARY
          0  -0.0102554  0.00447275  -0.0183881
  0.0102554           0   -0.027294 -0.00643867
-0.00447275    0.027294           0  0.00566821
  0.0183881  0.00643867 -0.00566821           0
EndNode1[0]<--->Repeater1[0]
REAL
  0.463731 0.00023985 0.00484115   0.319218
0.00023985  0.0440415 0.00415859  -0.010036
0.00484115 0.00415859  0.0556995 -0.0184217
  0.319218  -0.010036 -0.0184217   0.436528
IMAGINARY
          0  0.00698303  0.00619671 -0.00724127
-0.00698303           0  -0.0102789  -0.0028942
-0.00619671   0.0102789           0  0.00820852
 0.00724127   0.0028942 -0.00820852           0
EndNode2[0]<--->HoM1[0]
REAL
   0.474104  0.00312057  0.00304062    0.326644
 0.00312057   0.0451527 -0.00237124  -0.0251645
 0.00304062 -0.00237124   0.0464807  -0.0163949
   0.326644  -0.0251645  -0.0163949    0.434263
IMAGINARY
          0 -0.00739693   0.0154115  -0.0159287
 0.00739693           0  0.00625128 -0.00504883
 -0.0154115 -0.00625128           0 -0.00555644
  0.0159287  0.00504883  0.00555644           0
Repeater1[0]<--->EndNode1[0]
REAL
  0.463731 0.00484115 0.00023985   0.319218
0.00484115  0.0556995 0.00415859 -0.0184217
0.00023985 0.00415859  0.0440415  -0.010036
  0.319218 -0.0184217  -0.010036   0.436528
IMAGINARY
          0  0.00619671  0.00698303 -0.00724127
-0.00619671           0   0.0102789  0.00820852
-0.00698303  -0.0102789           0  -0.0028942
 0.00724127 -0.00820852   0.0028942           0
Repeater1[0]<--->HoM1[0]
REAL
   0.474104  0.00304062  0.00312057    0.326644
 0.00304062   0.0464807 -0.00237124  -0.0163949
 0.00312057 -0.00237124   0.0451527  -0.0251645
   0.326644  -0.0163949  -0.0251645    0.434263
IMAGINARY
          0   0.0154115 -0.00739693  -0.0159287
 -0.0154115           0 -0.00625128 -0.00555644
 0.00739693  0.00625128           0 -0.00504883
  0.0159287  0.00555644  0.00504883           0
EndNode1[0]<--->Repeater1[0]
REAL
    0.46684  -0.0110011 -0.00512929    0.324484
 -0.0110011   0.0442133  -0.0172247  0.00700663
-0.00512929  -0.0172247   0.0416125 -0.00964973
   0.324484  0.00700663 -0.00964973    0.447334
IMAGINARY
          0   0.0245513  0.00111587 -0.00689872
 -0.0245513           0  0.00889075  -0.0400606
-0.00111587 -0.00889075           0  -0.0182699
 0.00689872   0.0400606   0.0182699           0
EndNode2[0]<--->HoM1[0]
REAL
   0.437751 -0.00437448 -0.00642762    0.310119
-0.00437448   0.0441767  0.00782302    0.018301
-0.00642762  0.00782302   0.0401606   0.0109708
   0.310119    0.018301   0.0109708    0.477912
IMAGINARY
          0  -0.0057398   0.0149474  0.00533151
  0.0057398           0   0.0128503  -0.0123964
 -0.0149474  -0.0128503           0  -0.0057398
-0.00533151   0.0123964   0.0057398           0
Repeater1[0]<--->EndNode1[0]
REAL
    0.46684 -0.00512929  -0.0110011    0.324484
-0.00512929   0.0416125  -0.0172247 -0.00964973
 -0.0110011  -0.0172247   0.0442133  0.00700663
   0.324484 -0.00964973  0.00700663    0.447334
IMAGINARY
          0  0.00111587   0.0245513 -0.00689872
-0.00111587           0 -0.00889075  -0.0182699
 -0.0245513  0.00889075           0  -0.0400606
 0.00689872   0.0182699   0.0400606           0
Repeater1[0]<--->HoM1[0]
REAL
   0.437751 -0.00642762 -0.00437448    0.310119
-0.00642762   0.0401606  0.00782302   0.0109708
-0.00437448  0.00782302   0.0441767    0.018301
   0.310119   0.0109708    0.018301    0.477912
IMAGINARY
          0   0.0149474  -0.0057398  0.00533151
 -0.0149474           0  -0.0128503  -0.0057398
  0.0057398   0.0128503           0  -0.0123964
-0.00533151   0.0057398   0.0123964           0
EndNode1[0]<--->Repeater1[0]
REAL
  0.435967 -0.0189627 -0.0184687    0.30729
-0.0189627  0.0599455  0.0132873 -0.0160357
-0.0184687  0.0132873  0.0449591  0.0133166
   0.30729 -0.0160357  0.0133166   0.459128
IMAGINARY
           0  -0.00716567 -0.000625988  -0.00953142
  0.00716567            0   0.00762545  -0.00393725
 0.000625988  -0.00762545            0  -0.00913159
  0.00953142   0.00393725   0.00913159            0
EndNode2[0]<--->HoM1[0]
REAL
   0.434128   0.0128903 -0.00288749    0.325801
  0.0128903   0.0476788 6.35056e-05  0.00736892
-0.00288749 6.35056e-05   0.0451694  0.00439519
   0.325801  0.00736892  0.00439519    0.473024
IMAGINARY
          0  0.00928461 -0.00295478   0.0191035
-0.00928461           0  0.00232502 -0.00776908
 0.00295478 -0.00232502           0 -0.00124171
 -0.0191035  0.00776908  0.00124171           0
Repeater1[0]<--->EndNode1[0]
REAL
  0.435967 -0.0184687 -0.0189627    0.30729
-0.0184687  0.0449591  0.0132873  0.0133166
-0.0189627  0.0132873  0.0599455 -0.0160357
   0.30729  0.0133166 -0.0160357   0.459128
IMAGINARY
           0 -0.000625988  -0.00716567  -0.00953142
 0.000625988            0  -0.00762545  -0.00913159
  0.00716567   0.00762545            0  -0.00393725
  0.00953142   0.00913159   0.00393725            0
Repeater1[0]<--->HoM1[0]
REAL
   0.434128 -0.00288749   0.0128903    0.325801
-0.00288749   0.0451694 6.35056e-05  0.00439519
  0.0128903 6.35056e-05   0.0476788  0.00736892
   0.325801  0.00439519  0.00736892    0.473024
IMAGINARY
          0 -0.00295478  0.00928461   0.0191035
 0.00295478           0 -0.00232502 -0.00124171
-0.00928461  0.00232502           0 -0.00776908
 -0.0191035  0.00124171  0.00776908           0
EndNode1[0]<--->Repeater1[0]
REAL
   0.469281 -0.00214859  0.00342386    0.315403
-0.00214859   0.0379085 -0.00130841 -0.00160126
 0.00342386 -0.00130841   0.0431373   0.0100465
   0.315403 -0.00160126   0.0100465    0.449673
IMAGINARY
          0  -0.0109669 -0.00665119  -0.0254848
  0.0109669           0  -0.0100071  0.00260807
 0.00665119   0.0100071           0  -0.0065533
  0.0254848 -0.00260807   0.0065533           0
EndNode2[0]<--->HoM1[0]
REAL
   0.453804 -0.00595852   0.0187609    0.326418
-0.00595852      0.0625   0.0136837  0.00915785
  0.0187609   0.0136837   0.0353261   0.0135727
   0.326418  0.00915785   0.0135727     0.44837
IMAGINARY
          0 -0.00309469  -0.0240365  0.00658574
 0.00309469           0  -0.0163387  0.00843102
  0.0240365   0.0163387           0   0.0187002
-0.00658574 -0.00843102  -0.0187002           0
Repeater1[0]<--->EndNode1[0]
REAL
   0.469281  0.00342386 -0.00214859    0.315403
 0.00342386   0.0431373 -0.00130841   0.0100465
-0.00214859 -0.00130841   0.0379085 -0.00160126
   0.315403   0.0100465 -0.00160126    0.449673
IMAGINARY
          0 -0.00665119  -0.0109669  -0.0254848
 0.00665119           0   0.0100071  -0.0065533
  0.0109669  -0.0100071           0  0.00260807
  0.0254848   0.0065533 -0.00260807           0
Repeater1[0]<--->HoM1[0]
REAL
   0.453804   0.0187609 -0.00595852    0.326418
  0.0187609   0.0353261   0.0136837   0.0135727
-0.00595852   0.0136837      0.0625  0.00915785
   0.326418   0.0135727  0.00915785     0.44837
IMAGINARY
          0  -0.0240365 -0.00309469  0.00658574
  0.0240365           0   0.0163387   0.0187002
 0.00309469  -0.0163387           0  0.00843102
-0.00658574  -0.0187002 -0.00843102           0
EndNode1[0]<--->Repeater1[0]
REAL
  0.464075  0.0025461  0.0215599   0.330357
 0.0025461  0.0447585 0.00765306 -0.0062538
 0.0215599 0.00765306  0.0565371 0.00383145
  0.330357 -0.0062538 0.00383145   0.434629
IMAGINARY
          0  0.00327731 -0.00620324 -0.00808703
-0.00327731           0  0.00946824  0.00365222
 0.00620324 -0.00946824           0  -0.0198589
 0.00808703 -0.00365222   0.0198589           0
EndNode2[0]<--->HoM1[0]
REAL
  0.431298 -0.0186869  0.0117816   0.348154
-0.0186869  0.0559796 0.00489734 -0.0211216
 0.0117816 0.00489734  0.0559796  -0.013069
  0.348154 -0.0211216  -0.013069   0.456743
IMAGINARY
          0  -0.0342811   0.0268987 -0.00966628
  0.0342811           0 -0.00184267   0.0223115
 -0.0268987  0.00184267           0  -0.0185743
 0.00966628  -0.0223115   0.0185743           0
Repeater1[0]<--->EndNode1[0]
REAL
  0.464075  0.0215599  0.0025461   0.330357
 0.0215599  0.0565371 0.00765306 0.00383145
 0.0025461 0.00765306  0.0447585 -0.0062538
  0.330357 0.00383145 -0.0062538   0.434629
IMAGINARY
          0 -0.00620324  0.00327731 -0.00808703
 0.00620324           0 -0.00946824  -0.0198589
-0.00327731  0.00946824           0  0.00365222
 0.00808703   0.0198589 -0.00365222           0
Repeater1[0]<--->HoM1[0]
REAL
  0.431298  0.0117816 -0.0186869   0.348154
 0.0117816  0.0559796 0.00489734  -0.013069
-0.0186869 0.00489734  0.0559796 -0.0211216
  0.348154  -0.013069 -0.0211216   0.456743
IMAGINARY
          0   0.0268987  -0.0342811 -0.00966628
 -0.0268987           0  0.00184267  -0.0185743
  0.0342811 -0.00184267           0   0.0223115
 0.00966628   0.0185743  -0.0223115           0
EndNode1[0]<--->Repeater1[0]
REAL
   0.438619 -0.00996629 -0.00023009    0.339438
-0.00996629   0.0601023  0.00231705  -0.0104082
-0.00023009  0.00231705   0.0409207  -0.0126401
   0.339438  -0.0104082  -0.0126401    0.460358
IMAGINARY
          0   -0.019814  0.00348608    0.012245
   0.019814           0  -0.0313707  0.00787755
-0.00348608   0.0313707           0  0.00213723
  -0.012245 -0.00787755 -0.00213723           0
EndNode2[0]<--->HoM1[0]
REAL
   0.440506  0.00114788 -0.00376929    0.328735
 0.00114788    0.043038  -0.0232129 -0.00763527
-0.00376929  -0.0232129   0.0518987   0.0114572
   0.328735 -0.00763527   0.0114572    0.464557
IMAGINARY
          0    0.015551 -0.00209856 -0.00383071
  -0.015551           0  -0.0160557  -0.0199794
 0.00209856   0.0160557           0  0.00912429
 0.00383071   0.0199794 -0.00912429           0
Repeater1[0]<--->EndNode1[0]
REAL
   0.438619 -0.00023009 -0.00996629    0.339438
-0.00023009   0.0409207  0.00231705  -0.0126401
-0.00996629  0.00231705   0.0601023  -0.0104082
   0.339438  -0.0126401  -0.0104082    0.460358
IMAGINARY
          0  0.00348608   -0.019814    0.012245
-0.00348608           0   0.0313707  0.00213723
   0.019814  -0.0313707           0  0.00787755
  -0.012245 -0.00213723 -0.00787755           0
Repeater1[0]<--->HoM1[0]
REAL
   0.440506 -0.00376929  0.00114788    0.328735
-0.00376929   0.0518987  -0.0232129   0.0114572
 0.00114788  -0.0232129    0.043038 -0.00763527
   0.328735   0.0114572 -0.00763527    0.464557
IMAGINARY
          0 -0.00209856    0.015551 -0.00383071
 0.00209856           0   0.0160557  0.00912429
  -0.015551  -0.0160557           0  -0.0199794
 0.00383071 -0.00912429   0.0199794           0
EndNode1[0]<--->Repeater1[0]
REAL
     0.44183 -0.000335986   0.00413703     0.312034
-0.000335986     0.048366 -0.000385533  0.000200021
  0.00413703 -0.000385533    0.0444444  -0.00771854
    0.312034  0.000200021  -0.00771854     0.465359
IMAGINARY
           0 -0.000853689  -0.00116855    0.0143239
 0.000853689            0  -0.00414577   0.00957734
  0.00116855   0.00414577            0  -0.00884877
  -0.0143239  -0.00957734   0.00884877            0
EndNode2[0]<--->HoM1[0]
REAL
   0.466069   0.0225892 -0.00394414    0.330764
  0.0225892    0.049936   0.0242725   0.0223717
-0.00394414   0.0242725   0.0473752  0.00320934
   0.330764   0.0223717  0.00320934     0.43662
IMAGINARY
          0 -0.00063846 -0.00260562   0.0311215
 0.00063846           0   0.0116246 -0.00925456
 0.00260562  -0.0116246           0  0.00126268
 -0.0311215  0.00925456 -0.00126268           0
Repeater1[0]<--->EndNode1[0]
REAL
     0.44183   0.00413703 -0.000335986     0.312034
  0.00413703    0.0444444 -0.000385533  -0.00771854
-0.000335986 -0.000385533     0.048366  0.000200021
    0.312034  -0.00771854  0.000200021     0.465359
IMAGINARY
           0  -0.00116855 -0.000853689    0.0143239
  0.00116855            0   0.00414577  -0.00884877
 0.000853689  -0.00414577            0   0.00957734
  -0.0143239   0.00884877  -0.00957734            0
Repeater1[0]<--->HoM1[0]
REAL
   0.466069 -0.00394414   0.0225892    0.330764
-0.00394414   0.0473752   0.0242725  0.00320934
  0.0225892   0.0242725    0.049936   0.0223717
   0.330764  0.00320934   0.0223717     0.43662
IMAGINARY
          0 -0.00260562 -0.00063846   0.0311215
 0.00260562           0  -0.0116246  0.00126268
 0.00063846   0.0116246           0 -0.00925456
 -0.0311215 -0.00126268  0.00925456           0
EndNode1[0]<--->Repeater1[0]
REAL
   0.448529  0.00528758 -0.00453952    0.339736
 0.00528758    0.060049  0.00488553   0.0131717
-0.00453952  0.00488553   0.0404412  0.00467258
   0.339736   0.0131717  0.00467258     0.45098
IMAGINARY
         0  0.0176575  0.0015025  0.0166697
-0.0176575          0  0.0013159  0.0160528
-0.0015025 -0.0013159          0 -0.0313116
-0.0166697 -0.0160528  0.0313116          0
EndNode2[0]<--->HoM1[0]
REAL
   0.465538  0.00673916  0.00688313    0.312519
 0.00673916   0.0423216  -0.0225591  -0.0194327
 0.00688313  -0.0225591     0.04474 -0.00739966
   0.312519  -0.0194327 -0.00739966      0.4474
IMAGINARY
          0  0.00405825  -0.0065612  0.00711379
-0.00405825           0 -0.00840578 -0.00783671
  0.0065612  0.00840578           0   0.0103397
-0.00711379  0.00783671  -0.0103397           0
Repeater1[0]<--->EndNode1[0]
REAL
   0.448529 -0.00453952  0.00528758    0.339736
-0.00453952   0.0404412  0.00488553  0.00467258
 0.00528758  0.00488553    0.060049   0.0131717
   0.339736  0.00467258   0.0131717     0.45098
IMAGINARY
         0  0.0015025  0.0176575  0.0166697
-0.0015025          0 -0.0013159 -0.0313116
-0.0176575  0.0013159          0  0.0160528
-0.0166697  0.0313116 -0.0160528          0
Repeater1[0]<--->HoM1[0]
REAL
   0.465538  0.00688313  0.00673916    0.312519
 0.00688313     0.04474  -0.0225591 -0.00739966
 0.00673916  -0.0225591   0.0423216  -0.0194327
   0.312519 -0.00739966  -0.0194327      0.4474
IMAGINARY
          0  -0.0065612  0.00405825  0.00711379
  0.0065612           0  0.00840578   0.0103397
-0.00405825 -0.00840578           0 -0.00783671
-0.00711379  -0.0103397  0.00783671           0
EndNode1[0]<--->Repeater1[0]
REAL
  0.456094  0.0201622  0.0230567   0.343036
 0.0201622   0.051114 0.00990469  0.0223979
 0.0230567 0.00990469  0.0419397   0.003902
  0.343036  0.0223979   0.003902   0.450852
IMAGINARY
          0   0.0117221 -0.00855506    0.014598
 -0.0117221           0   0.0139561 -0.00414144
 0.00855506  -0.0139561           0 -0.00386234
  -0.014598  0.00414144  0.00386234           0
EndNode2[0]<--->HoM1[0]
REAL
    0.453297 -0.000499544    0.0069123     0.333229
-0.000499544    0.0370879 -0.000104559    0.0062621
   0.0069123 -0.000104559    0.0343407    0.0249663
    0.333229    0.0062621    0.0249663     0.475275
IMAGINARY
          0   0.0164168   0.0107249   0.0122289
 -0.0164168           0  0.00605608  -0.0222634
 -0.0107249 -0.00605608           0   0.0079422
 -0.0122289   0.0222634  -0.0079422           0
Repeater1[0]<--->EndNode1[0]
REAL
  0.456094  0.0230567  0.0201622   0.343036
 0.0230567  0.0419397 0.00990469   0.003902
 0.0201622 0.00990469   0.051114  0.0223979
  0.343036   0.003902  0.0223979   0.450852
IMAGINARY
          0 -0.00855506   0.0117221    0.014598
 0.00855506           0  -0.0139561 -0.00386234
 -0.0117221   0.0139561           0 -0.00414144
  -0.014598  0.00386234  0.00414144           0
Repeater1[0]<--->HoM1[0]
REAL
    0.453297    0.0069123 -0.000499544     0.333229
   0.0069123    0.0343407 -0.000104559    0.0249663
-0.000499544 -0.000104559    0.0370879    0.0062621
    0.333229    0.0249663    0.0062621     0.475275
IMAGINARY
          0   0.0107249   0.0164168   0.0122289
 -0.0107249           0 -0.00605608   0.0079422
 -0.0164168  0.00605608           0  -0.0222634
 -0.0122289  -0.0079422   0.0222634           0
EndNode1[0]<--->Repeater1[0]
REAL
   0.470667  -0.0151118  -0.0122395    0.336975
 -0.0151118   0.0506667 -0.00724569  0.00683408
 -0.0122395 -0.00724569        0.04 -0.00110445
   0.336975  0.00683408 -0.00110445    0.438667
IMAGINARY
          0   0.0222421  0.00236133  -0.0111513
 -0.0222421           0  -0.0136894  -0.0212056
-0.00236133   0.0136894           0  0.00413977
  0.0111513   0.0212056 -0.00413977           0
EndNode2[0]<--->HoM1[0]
REAL
   0.449184  0.00180427   0.0158095    0.340926
 0.00180427   0.0564617 -0.00225895  0.00152381
  0.0158095 -0.00225895   0.0451694  0.00619573
   0.340926  0.00152381  0.00619573    0.449184
IMAGINARY
           0   0.00331725    0.0021909   0.00688684
 -0.00331725            0  -0.00751106  0.000824781
  -0.0021909   0.00751106            0   0.00331725
 -0.00688684 -0.000824781  -0.00331725            0
Repeater1[0]<--->EndNode1[0]
REAL
   0.470667  -0.0122395  -0.0151118    0.336975
 -0.0122395        0.04 -0.00724569 -0.00110445
 -0.0151118 -0.00724569   0.0506667  0.00683408
   0.336975 -0.00110445  0.00683408    0.438667
IMAGINARY
          0  0.00236133   0.0222421  -0.0111513
-0.00236133           0   0.0136894  0.00413977
 -0.0222421  -0.0136894           0  -0.0212056
  0.0111513 -0.00413977   0.0212056           0
Repeater1[0]<--->HoM1[0]
REAL
   0.449184   0.0158095  0.00180427    0.340926
  0.0158095   0.0451694 -0.00225895  0.00619573
 0.00180427 -0.00225895   0.0564617  0.00152381
   0.340926  0.00619573  0.00152381    0.449184
IMAGINARY
           0    0.0021909   0.00331725   0.00688684
  -0.0021909            0   0.00751106   0.00331725
 -0.00331725  -0.00751106            0  0.000824781
 -0.00688684  -0.00331725 -0.000824781            0
EndNode1[0]<--->Repeater1[0]
REAL
  0.443022 0.00132062 0.00275482   0.332736
0.00132062   0.049936 0.00571553 -0.0154384
0.00275482 0.00571553  0.0396927 0.00068205
  0.332736 -0.0154384 0.00068205    0.46735
IMAGINARY
          0 -0.00791721  -0.0093701  -0.0116486
 0.00791721           0  0.00536715   0.0043196
  0.0093701 -0.00536715           0 -0.00597168
  0.0116486  -0.0043196  0.00597168           0
EndNode2[0]<--->HoM1[0]
REAL
   0.446475  0.00213428  -0.0244907    0.330129
 0.00213428   0.0613577   0.0213435 -0.00559897
 -0.0244907   0.0213435   0.0587467 -0.00661572
   0.330129 -0.00559897 -0.00661572     0.43342
IMAGINARY
          0  -0.0122585  0.00226807 -0.00298979
  0.0122585           0 -0.00787977   0.0132358
-0.00226807  0.00787977           0  -0.0135813
 0.00298979  -0.0132358   0.0135813           0
Repeater1[0]<--->EndNode1[0]
REAL
  0.443022 0.00275482 0.00132062   0.332736
0.00275482  0.0396927 0.00571553 0.00068205
0.00132062 0.00571553   0.049936 -0.0154384
  0.332736 0.00068205 -0.0154384    0.46735
IMAGINARY
          0  -0.0093701 -0.00791721  -0.0116486
  0.0093701           0 -0.00536715 -0.00597168
 0.00791721  0.00536715           0   0.0043196
  0.0116486  0.00597168  -0.0043196           0
Repeater1[0]<--->HoM1[0]
REAL
   0.446475  -0.0244907  0.00213428    0.330129
 -0.0244907   0.0587467   0.0213435 -0.00661572
 0.00213428   0.0213435   0.0613577 -0.00559897
   0.330129 -0.00661572 -0.00559897     0.43342
IMAGINARY
          0  0.00226807  -0.0122585 -0.00298979
-0.00226807           0  0.00787977  -0.0135813
  0.0122585 -0.00787977           0   0.0132358
 0.00298979   0.0135813  -0.0132358           0
EndNode1[0]<--->Repeater1[0]
REAL
    0.45079  -0.0246722   0.0124874    0.319259
 -0.0246722   0.0619684 -0.00188987  -0.0361145
  0.0124874 -0.00188987   0.0376671  -0.0155577
   0.319259  -0.0361145  -0.0155577    0.449575
IMAGINARY
          0 -0.00646638   0.0110494 -0.00917903
 0.00646638           0  -0.0127848 -0.00191103
 -0.0110494   0.0127848           0   0.0169102
 0.00917903  0.00191103  -0.0169102           0
EndNode2[0]<--->HoM1[0]
REAL
    0.47606 -0.00457369  0.00747224    0.327683
-0.00457369   0.0410397 -0.00690362  0.00681348
 0.00747224 -0.00690362   0.0547196  0.00846979
   0.327683  0.00681348  0.00846979    0.428181
IMAGINARY
           0   0.00948733    0.0234269   -0.0158857
 -0.00948733            0  0.000201851   -0.0121487
  -0.0234269 -0.000201851            0  -0.00823419
   0.0158857    0.0121487   0.00823419            0
Repeater1[0]<--->EndNode1[0]
REAL
    0.45079   0.0124874  -0.0246722    0.319259
  0.0124874   0.0376671 -0.00188987  -0.0155577
 -0.0246722 -0.00188987   0.0619684  -0.0361145
   0.319259  -0.0155577  -0.0361145    0.449575
IMAGINARY
          0   0.0110494 -0.00646638 -0.00917903
 -0.0110494           0   0.0127848   0.0169102
 0.00646638  -0.0127848           0 -0.00191103
 0.00917903  -0.0169102  0.00191103           0
Repeater1[0]<--->HoM1[0]
REAL
    0.47606  0.00747224 -0.00457369    0.327683
 0.00747224   0.0547196 -0.00690362  0.00846979
-0.00457369 -0.00690362   0.0410397  0.00681348
   0.327683  0.00846979  0.00681348    0.428181
IMAGINARY
           0    0.0234269   0.00948733   -0.0158857
  -0.0234269            0 -0.000201851  -0.00823419
 -0.00948733  0.000201851            0   -0.0121487
   0.0158857   0.00823419    0.0121487            0
EndNode1[0]<--->Repeater1[0]
REAL
   0.465847  0.00456818  0.00804825    0.338195
 0.00456818   0.0478142 -0.00943654   -0.010009
 0.00804825 -0.00943654   0.0423497  0.00523574
   0.338195   -0.010009  0.00523574    0.443989
IMAGINARY
          0  -0.0311245  -0.0133146  -0.0108202
  0.0311245           0  -0.0128069 -0.00909261
  0.0133146   0.0128069           0   0.0317647
  0.0108202  0.00909261  -0.0317647           0
EndNode2[0]<--->HoM1[0]
REAL
   0.433862    0.024011    0.017066    0.323072
   0.024011   0.0555556 5.04083e-06   0.0265237
   0.017066 5.04083e-06   0.0410053  0.00932237
   0.323072   0.0265237  0.00932237    0.469577
IMAGINARY
          0  0.00483431  0.00725846   0.0114283
-0.00483431           0   0.0202002  -0.0118456
-0.00725846  -0.0202002           0   0.0220333
 -0.0114283   0.0118456  -0.0220333           0
Repeater1[0]<--->EndNode1[0]
REAL
   0.465847  0.00804825  0.00456818    0.338195
 0.00804825   0.0423497 -0.00943654  0.00523574
 0.00456818 -0.00943654   0.0478142   -0.010009
   0.338195  0.00523574   -0.010009    0.443989
IMAGINARY
          0  -0.0133146  -0.0311245  -0.0108202
  0.0133146           0   0.0128069   0.0317647
  0.0311245  -0.0128069           0 -0.00909261
  0.0108202  -0.0317647  0.00909261           0
Repeater1[0]<--->HoM1[0]
REAL
   0.433862    0.017066    0.024011    0.323072
   0.017066   0.0410053 5.04083e-06  0.00932237
   0.024011 5.04083e-06   0.0555556   0.0265237
   0.323072  0.00932237   0.0265237    0.469577
IMAGINARY
          0  0.00725846  0.00483431   0.0114283
-0.00725846           0  -0.0202002   0.0220333
-0.00483431   0.0202002           0  -0.0118456
 -0.0114283  -0.0220333   0.0118456           0
EndNode1[0]<--->Repeater1[0]
REAL
  0.440534 -0.0101039 -0.0100716   0.313977
-0.0101039  0.0351942  -0.010868  0.0113669
-0.0100716  -0.010868  0.0412621  0.0088086
  0.313977  0.0113669  0.0088086    0.48301
IMAGINARY
          0   0.0110977    0.015248 -0.00755925
 -0.0110977           0 -0.00954601  0.00276442
  -0.015248  0.00954601           0  -0.0353214
 0.00755925 -0.00276442   0.0353214           0
EndNode2[0]<--->HoM1[0]
REAL
   0.467181  0.00152978 -0.00195822     0.31282
 0.00152978    0.046332 -0.00176596  0.00195822
-0.00195822 -0.00176596    0.048906   0.0254625
    0.31282  0.00195822   0.0254625     0.43758
IMAGINARY
          0 -0.00520728   0.0145714 -0.00163365
 0.00520728           0  -0.0121405 -0.00653678
 -0.0145714   0.0121405           0  -0.0201326
 0.00163365  0.00653678   0.0201326           0
Repeater1[0]<--->EndNode1[0]
REAL
  0.440534 -0.0100716 -0.0101039   0.313977
-0.0100716  0.0412621  -0.010868  0.0088086
-0.0101039  -0.010868  0.0351942  0.0113669
  0.313977  0.0088086  0.0113669    0.48301
IMAGINARY
          0    0.015248   0.0110977 -0.00755925
  -0.015248           0  0.00954601  -0.0353214
 -0.0110977 -0.00954601           0  0.00276442
 0.00755925   0.0353214 -0.00276442           0
Repeater1[0]<--->HoM1[0]
REAL
   0.467181 -0.00195822  0.00152978     0.31282
-0.00195822    0.048906 -0.00176596   0.0254625
 0.00152978 -0.00176596    0.046332  0.00195822
    0.31282   0.0254625  0.00195822     0.43758
IMAGINARY
          0   0.0145714 -0.00520728 -0.00163365
 -0.0145714           0   0.0121405  -0.0201326
 0.00520728  -0.0121405           0 -0.00653678
 0.00163365   0.0201326  0.00653678           0
EndNode1[0]<--->Repeater1[0]
REAL
   0.464879  0.00831228  0.00248756    0.327913
 0.00831228   0.0446999 -0.00542005 -0.00248756
 0.00248756 -0.00542005   0.0434227  -0.0177974
   0.327913 -0.00248756  -0.0177974    0.446999
IMAGINARY
          0 -0.00884249   0.0316486  0.00231471
 0.00884249           0 -0.00981812  0.00909217
 -0.0316486  0.00981812           0  -0.0158489
-0.00231471 -0.00909217   0.0158489           0
EndNode2[0]<--->HoM1[0]
REAL
   0.460948 -0.00817206 -0.00307818    0.322634
-0.00817206   0.0409731  0.00894537  -0.0140271
-0.00307818  0.00894537   0.0384123 -0.00103847
   0.322634  -0.0140271 -0.00103847    0.459667
IMAGINARY
           0    0.0022156    0.0289304    0.0126114
  -0.0022156            0   -0.0139775   0.00719127
  -0.0289304    0.0139775            0  0.000952971
  -0.0126114  -0.00719127 -0.000952971            0
Repeater1[0]<--->EndNode1[0]
REAL
   0.464879  0.00248756  0.00831228    0.327913
 0.00248756   0.0434227 -0.00542005  -0.0177974
 0.00831228 -0.00542005   0.0446999 -0.00248756
   0.327913  -0.0177974 -0.00248756    0.446999
IMAGINARY
          0   0.0316486 -0.00884249  0.00231471
 -0.0316486           0  0.00981812  -0.0158489
 0.00884249 -0.00981812           0  0.00909217
-0.00231471   0.0158489 -0.00909217           0
Repeater1[0]<--->HoM1[0]
REAL
   0.460948 -0.00307818 -0.00817206    0.322634
-0.00307818   0.0384123  0.00894537 -0.00103847
-0.00817206  0.00894537   0.0409731  -0.0140271
   0.322634 -0.00103847  -0.0140271    0.459667
IMAGINARY
           0    0.0289304    0.0022156    0.0126114
  -0.0289304            0    0.0139775  0.000952971
  -0.0022156   -0.0139775            0   0.00719127
  -0.0126114 -0.000952971  -0.00719127            0
EndNode1[0]<--->Repeater1[0]
REAL
   0.447439  0.00441456  -0.0124001    0.315173
 0.00441456   0.0431267 -0.00979505 -0.00232457
 -0.0124001 -0.00979505    0.041779  -0.0217001
   0.315173 -0.00232457  -0.0217001    0.467655
IMAGINARY
          0  -0.0176699 -0.00982909  0.00804453
  0.0176699           0   0.0138064  -0.0217024
 0.00982909  -0.0138064           0   0.0208874
-0.00804453   0.0217024  -0.0208874           0
EndNode2[0]<--->HoM1[0]
REAL
   0.474734    0.018239 -0.00279503    0.330308
   0.018239   0.0359043  -0.0104325   0.0257764
-0.00279503  -0.0104325   0.0345745   0.0208915
   0.330308   0.0257764   0.0208915    0.454787
IMAGINARY
          0 -0.00657376   0.0118412 -0.00685911
 0.00657376           0 -0.00115569  0.00297357
 -0.0118412  0.00115569           0   -0.016883
 0.00685911 -0.00297357    0.016883           0
Repeater1[0]<--->EndNode1[0]
REAL
   0.447439  -0.0124001  0.00441456    0.315173
 -0.0124001    0.041779 -0.00979505  -0.0217001
 0.00441456 -0.00979505   0.0431267 -0.00232457
   0.315173  -0.0217001 -0.00232457    0.467655
IMAGINARY
          0 -0.00982909  -0.0176699  0.00804453
 0.00982909           0  -0.0138064   0.0208874
  0.0176699   0.0138064           0  -0.0217024
-0.00804453  -0.0208874   0.0217024           0
Repeater1[0]<--->HoM1[0]
REAL
   0.474734 -0.00279503    0.018239    0.330308
-0.00279503   0.0345745  -0.0104325   0.0208915
   0.018239  -0.0104325   0.0359043   0.0257764
   0.330308   0.0208915   0.0257764    0.454787
IMAGINARY
          0   0.0118412 -0.00657376 -0.00685911
 -0.0118412           0  0.00115569   -0.016883
 0.00657376 -0.00115569           0  0.00297357
 0.00685911    0.016883 -0.00297357           0
EndNode1[0]<--->Repeater1[0]
REAL
   0.474138 -0.00852209 -0.00169039    0.328503
-0.00852209   0.0406404  -0.0204088  -0.0139754
-0.00169039  -0.0204088   0.0480296  -0.0110602
   0.328503  -0.0139754  -0.0110602    0.437192
IMAGINARY
          0 -0.00550002 -0.00241992  -0.0122265
 0.00550002           0    0.002574    0.012023
 0.00241992   -0.002574           0 -0.00154223
  0.0122265   -0.012023  0.00154223           0
EndNode2[0]<--->HoM1[0]
REAL
   0.451654  -0.0159183 -0.00419109    0.335345
 -0.0159183   0.0445293  -0.0102152  0.00160042
-0.00419109  -0.0102152   0.0407125  0.00166962
   0.335345  0.00160042  0.00166962    0.463104
IMAGINARY
           0   0.00130839    0.0137321   -0.0271475
 -0.00130839            0  0.000171386   -0.0040796
  -0.0137321 -0.000171386            0   -0.0083869
   0.0271475    0.0040796    0.0083869            0
Repeater1[0]<--->EndNode1[0]
REAL
   0.474138 -0.00169039 -0.00852209    0.328503
-0.00169039   0.0480296  -0.0204088  -0.0110602
-0.00852209  -0.0204088   0.0406404  -0.0139754
   0.328503  -0.0110602  -0.0139754    0.437192
IMAGINARY
          0 -0.00241992 -0.00550002  -0.0122265
 0.00241992           0   -0.002574 -0.00154223
 0.00550002    0.002574           0    0.012023
  0.0122265  0.00154223   -0.012023           0
Repeater1[0]<--->HoM1[0]
REAL
   0.451654 -0.00419109  -0.0159183    0.335345
-0.00419109   0.0407125  -0.0102152  0.00166962
 -0.0159183  -0.0102152   0.0445293  0.00160042
   0.335345  0.00166962  0.00160042    0.463104
IMAGINARY
           0    0.0137321   0.00130839   -0.0271475
  -0.0137321            0 -0.000171386   -0.0083869
 -0.00130839  0.000171386            0   -0.0040796
   0.0271475    0.0083869    0.0040796            0
EndNode1[0]<--->Repeater1[0]
REAL
  0.453283 0.00784964  0.0112708   0.315506
0.00784964   0.040404 0.00529629 -0.0012457
 0.0112708 0.00529629  0.0416667  0.0134536
  0.315506 -0.0012457  0.0134536   0.464646
IMAGINARY
          0 -0.00228929   0.0102498   0.0281831
 0.00228929           0  0.00250743   0.0146193
 -0.0102498 -0.00250743           0 -0.00294632
 -0.0281831  -0.0146193  0.00294632           0
EndNode2[0]<--->HoM1[0]
REAL
   0.479739  -0.0146039 -0.00663482    0.328264
 -0.0146039   0.0627451 -0.00357216  0.00416569
-0.00663482 -0.00357216   0.0444444   0.0170731
   0.328264  0.00416569   0.0170731    0.413072
IMAGINARY
          0  0.00767158 -0.00469797   0.0216349
-0.00767158           0 -0.00230496  0.00919091
 0.00469797  0.00230496           0  0.00965833
 -0.0216349 -0.00919091 -0.00965833           0
Repeater1[0]<--->EndNode1[0]
REAL
  0.453283  0.0112708 0.00784964   0.315506
 0.0112708  0.0416667 0.00529629  0.0134536
0.00784964 0.00529629   0.040404 -0.0012457
  0.315506  0.0134536 -0.0012457   0.464646
IMAGINARY
          0   0.0102498 -0.00228929   0.0281831
 -0.0102498           0 -0.00250743 -0.00294632
 0.00228929  0.00250743           0   0.0146193
 -0.0281831  0.00294632  -0.0146193           0
Repeater1[0]<--->HoM1[0]
REAL
   0.479739 -0.00663482  -0.0146039    0.328264
-0.00663482   0.0444444 -0.00357216   0.0170731
 -0.0146039 -0.00357216   0.0627451  0.00416569
   0.328264   0.0170731  0.00416569    0.413072
IMAGINARY
          0 -0.00469797  0.00767158   0.0216349
 0.00469797           0  0.00230496  0.00965833
-0.00767158 -0.00230496           0  0.00919091
 -0.0216349 -0.00965833 -0.00919091           0
EndNode1[0]<--->Repeater1[0]
REAL
   0.442543  -0.0210365 -0.00985703    0.328562
 -0.0210365   0.0476773  0.00651669  -0.0137032
-0.00985703  0.00651669   0.0293399  0.00271189
   0.328562  -0.0137032  0.00271189     0.48044
IMAGINARY
          0  0.00499407   0.0116005  0.00684752
-0.00499407           0 -0.00620731   0.0103118
 -0.0116005  0.00620731           0  -0.0109702
-0.00684752  -0.0103118   0.0109702           0
EndNode2[0]<--->HoM1[0]
REAL
   0.461039 -0.00879669 -0.00175471    0.306908
-0.00879669   0.0415584   0.0116016  0.00415856
-0.00175471   0.0116016   0.0597403 0.000383233
   0.306908  0.00415856 0.000383233    0.437662
IMAGINARY
          0   0.0239411  -0.0105561  -0.0120688
 -0.0239411           0   0.0153198 -0.00313365
  0.0105561  -0.0153198           0  -0.0011249
  0.0120688  0.00313365   0.0011249           0
Repeater1[0]<--->EndNode1[0]
REAL
   0.442543 -0.00985703  -0.0210365    0.328562
-0.00985703   0.0293399  0.00651669  0.00271189
 -0.0210365  0.00651669   0.0476773  -0.0137032
   0.328562  0.00271189  -0.0137032     0.48044
IMAGINARY
          0   0.0116005  0.00499407  0.00684752
 -0.0116005           0  0.00620731  -0.0109702
-0.00499407 -0.00620731           0   0.0103118
-0.00684752   0.0109702  -0.0103118           0
Repeater1[0]<--->HoM1[0]
REAL
   0.461039 -0.00175471 -0.00879669    0.306908
-0.00175471   0.0597403   0.0116016 0.000383233
-0.00879669   0.0116016   0.0415584  0.00415856
   0.306908 0.000383233  0.00415856    0.437662
IMAGINARY
          0  -0.0105561   0.0239411  -0.0120688
  0.0105561           0  -0.0153198  -0.0011249
 -0.0239411   0.0153198           0 -0.00313365
  0.0120688   0.0011249  0.00313365           0
EndNode1[0]<--->Repeater1[0]
REAL
   0.442384 -0.00575082   0.0142683    0.336779
-0.00575082   0.0450331   0.0156605 -0.00573171
  0.0142683   0.0156605   0.0463576  -0.0064443
   0.336779 -0.00573171  -0.0064443    0.466225
IMAGINARY
           0    0.0184592   0.00569815 -0.000642056
  -0.0184592            0  1.15389e-05  -0.00880374
 -0.00569815 -1.15389e-05            0  -0.00293121
 0.000642056   0.00880374   0.00293121            0
EndNode2[0]<--->HoM1[0]
REAL
   0.461837   0.0126782  -0.0106853    0.331283
  0.0126782   0.0465718  0.00335262   0.0171957
 -0.0106853  0.00335262   0.0426908 -0.00486568
   0.331283   0.0171957 -0.00486568      0.4489
IMAGINARY
           0    -0.019261   -0.0159466  -0.00930775
    0.019261            0    0.0140567 -0.000262831
   0.0159466   -0.0140567            0    0.0230017
  0.00930775  0.000262831   -0.0230017            0
Repeater1[0]<--->EndNode1[0]
REAL
   0.442384   0.0142683 -0.00575082    0.336779
  0.0142683   0.0463576   0.0156605  -0.0064443
-0.00575082   0.0156605   0.0450331 -0.00573171
   0.336779  -0.0064443 -0.00573171    0.466225
IMAGINARY
           0   0.00569815    0.0184592 -0.000642056
 -0.00569815            0 -1.15389e-05  -0.00293121
  -0.0184592  1.15389e-05            0  -0.00880374
 0.000642056   0.00293121   0.00880374            0
Repeater1[0]<--->HoM1[0]
REAL
   0.461837  -0.0106853   0.0126782    0.331283
 -0.0106853   0.0426908  0.00335262 -0.00486568
  0.0126782  0.00335262   0.0465718   0.0171957
   0.331283 -0.00486568   0.0171957      0.4489
IMAGINARY
           0   -0.0159466    -0.019261  -0.00930775
   0.0159466            0   -0.0140567    0.0230017
    0.019261    0.0140567            0 -0.000262831
  0.00930775   -0.0230017  0.000262831            0
EndNode1[0]<--->Repeater1[0]
REAL
  0.457064 0.00786711 -0.0143607   0.329567
0.00786711  0.0484765 0.00922374 0.00806351
-0.0143607 0.00922374   0.031856 0.00850568
  0.329567 0.00806351 0.00850568   0.462604
IMAGINARY
          0 -0.00112067   0.0285142   0.0378648
 0.00112067           0   0.0288442 -0.00143367
 -0.0285142  -0.0288442           0 -0.00746585
 -0.0378648  0.00143367  0.00746585           0
EndNode2[0]<--->HoM1[0]
REAL
   0.46466  0.0136682   0.014578    0.32239
 0.0136682  0.0484293 0.00491929 0.00349427
  0.014578 0.00491929  0.0471204  0.0110975
   0.32239 0.00349427  0.0110975   0.439791
IMAGINARY
           0    0.0078136  0.000609077   0.00582381
  -0.0078136            0    0.0136567   -0.0260328
-0.000609077   -0.0136567            0   0.00717988
 -0.00582381    0.0260328  -0.00717988            0
Repeater1[0]<--->EndNode1[0]
REAL
  0.457064 -0.0143607 0.00786711   0.329567
-0.0143607   0.031856 0.00922374 0.00850568
0.00786711 0.00922374  0.0484765 0.00806351
  0.329567 0.00850568 0.00806351   0.462604
IMAGINARY
          0   0.0285142 -0.00112067   0.0378648
 -0.0285142           0  -0.0288442 -0.00746585
 0.00112067   0.0288442           0 -0.00143367
 -0.0378648  0.00746585  0.00143367           0
Repeater1[0]<--->HoM1[0]
REAL
   0.46466   0.014578  0.0136682    0.32239
  0.014578  0.0471204 0.00491929  0.0110975
 0.0136682 0.00491929  0.0484293 0.00349427
   0.32239  0.0110975 0.00349427   0.439791
IMAGINARY
           0  0.000609077    0.0078136   0.00582381
-0.000609077            0   -0.0136567   0.00717988
  -0.0078136    0.0136567            0   -0.0260328
 -0.00582381  -0.00717988    0.0260328            0
EndNode1[0]<--->Repeater1[0]
REAL
   0.449931  -0.0199411  -0.0221438    0.336269
 -0.0199411    0.042524 -0.00828432  -0.0221438
 -0.0221438 -0.00828432    0.037037   -0.047453
   0.336269  -0.0221438   -0.047453    0.470508
IMAGINARY
           0   -0.0122225  -0.00793604  0.000894167
   0.0122225            0  -0.00631422      0.01222
  0.00793604   0.00631422            0   -0.0128693
-0.000894167     -0.01222    0.0128693            0
EndNode2[0]<--->HoM1[0]
REAL
       0.45  0.00495025  0.00128142    0.327467
 0.00495025   0.0434211 -0.00263024   0.0111369
 0.00128142 -0.00263024   0.0381579 -0.00560384
   0.327467   0.0111369 -0.00560384    0.468421
IMAGINARY
          0  0.00968102 -0.00198773  -0.0107311
-0.00968102           0  0.00168719   -0.013789
 0.00198773 -0.00168719           0   0.0109501
  0.0107311    0.013789  -0.0109501           0
Repeater1[0]<--->EndNode1[0]
REAL
   0.449931  -0.0221438  -0.0199411    0.336269
 -0.0221438    0.037037 -0.00828432   -0.047453
 -0.0199411 -0.00828432    0.042524  -0.0221438
   0.336269   -0.047453  -0.0221438    0.470508
IMAGINARY
           0  -0.00793604   -0.0122225  0.000894167
  0.00793604            0   0.00631422   -0.0128693
   0.0122225  -0.00631422            0      0.01222
-0.000894167    0.0128693     -0.01222            0
Repeater1[0]<--->HoM1[0]
REAL
       0.45  0.00128142  0.00495025    0.327467
 0.00128142   0.0381579 -0.00263024 -0.00560384
 0.00495025 -0.00263024   0.0434211   0.0111369
   0.327467 -0.00560384   0.0111369    0.468421
IMAGINARY
          0 -0.00198773  0.00968102  -0.0107311
 0.00198773           0 -0.00168719   0.0109501
-0.00968102  0.00168719           0   -0.013789
  0.0107311  -0.0109501    0.013789           0
EndNode1[0]<--->Repeater1[0]
REAL
   0.461039  -0.0208067  -0.0157556    0.339084
 -0.0208067   0.0532468  0.00879655 -0.00668827
 -0.0157556  0.00879655   0.0454545 -0.00911844
   0.339084 -0.00668827 -0.00911844     0.44026
IMAGINARY
          0 -0.00390781 -0.00426244 -0.00925401
 0.00390781           0 -0.00324599 -0.00487594
 0.00426244  0.00324599           0 -0.00523057
 0.00925401  0.00487594  0.00523057           0
EndNode2[0]<--->HoM1[0]
REAL
   0.467233  0.00575448   0.0198453    0.327349
 0.00575448   0.0364078 -0.00126247 -0.00577884
  0.0198453 -0.00126247   0.0521845  0.00575448
   0.327349 -0.00577884  0.00575448    0.444175
IMAGINARY
          0  -0.0125914  0.00337322  -0.0245638
  0.0125914           0  -0.0175035  0.00654179
-0.00337322   0.0175035           0  0.00975854
