EndNode1[0]<--->Repeater1[0]
REAL
      0.3498    0.0150958 -0.000527672    0.0353659
   0.0150958     0.277704    0.0145062   -0.0135388
-0.000527672    0.0145062     0.170895   -0.0214896
   0.0353659   -0.0135388   -0.0214896     0.201602
IMAGINARY
          0 -0.00691351   0.0194551  0.00124071
 0.00691351           0   0.0032871  -0.0175587
 -0.0194551  -0.0032871           0    0.026509
-0.00124071   0.0175587   -0.026509           0
EndNode2[0]<--->HoM1[0]
REAL
   0.340967    0.013829 -0.00464386   0.0323829
   0.013829    0.223919   0.0254577  0.00978525
-0.00464386   0.0254577    0.234097   0.0144486
  0.0323829  0.00978525   0.0144486    0.201018
IMAGINARY
           0  -0.00807294    0.0130701  -0.00335797
  0.00807294            0   0.00587686  0.000780318
  -0.0130701  -0.00587686            0   0.00530286
  0.00335797 -0.000780318  -0.00530286            0
Repeater1[0]<--->EndNode1[0]
REAL
      0.3498 -0.000527672    0.0150958    0.0353659
-0.000527672     0.170895    0.0145062   -0.0214896
   0.0150958    0.0145062     0.277704   -0.0135388
   0.0353659   -0.0214896   -0.0135388     0.201602
IMAGINARY
          0   0.0194551 -0.00691351  0.00124071
 -0.0194551           0  -0.0032871    0.026509
 0.00691351   0.0032871           0  -0.0175587
-0.00124071   -0.026509   0.0175587           0
Repeater1[0]<--->HoM1[0]
REAL
   0.340967 -0.00464386    0.013829   0.0323829
-0.00464386    0.234097   0.0254577   0.0144486
   0.013829   0.0254577    0.223919  0.00978525
  0.0323829   0.0144486  0.00978525    0.201018
IMAGINARY
           0    0.0130701  -0.00807294  -0.00335797
  -0.0130701            0  -0.00587686   0.00530286
  0.00807294   0.00587686            0  0.000780318
  0.00335797  -0.00530286 -0.000780318            0
EndNode1[0]<--->Repeater1[0]
REAL
   0.351421 -0.00707142  -0.0147987     0.05908
-0.00707142     0.27907   0.0366362  0.00341989
 -0.0147987   0.0366362    0.184755   0.0171116
    0.05908  0.00341989   0.0171116    0.184755
IMAGINARY
          0  0.00466302 -0.00713916  0.00474718
-0.00466302           0 -0.00602595   0.0233486
 0.00713916  0.00602595           0  -0.0171318
-0.00474718  -0.0233486   0.0171318           0
EndNode2[0]<--->HoM1[0]
REAL
     0.33377   0.00172097 -0.000941962    0.0357605
  0.00172097     0.240838    0.0244423    0.0294591
-0.000941962    0.0244423     0.239529   -0.0124941
   0.0357605    0.0294591   -0.0124941     0.185864
IMAGINARY
          0  -0.0144797  0.00498013 -0.00143226
  0.0144797           0  -0.0147402  0.00101188
-0.00498013   0.0147402           0   0.0151455
 0.00143226 -0.00101188  -0.0151455           0
Repeater1[0]<--->EndNode1[0]
REAL
   0.351421  -0.0147987 -0.00707142     0.05908
 -0.0147987    0.184755   0.0366362   0.0171116
-0.00707142   0.0366362     0.27907  0.00341989
    0.05908   0.0171116  0.00341989    0.184755
IMAGINARY
          0 -0.00713916  0.00466302  0.00474718
 0.00713916           0  0.00602595  -0.0171318
-0.00466302 -0.00602595           0   0.0233486
-0.00474718   0.0171318  -0.0233486           0
Repeater1[0]<--->HoM1[0]
REAL
     0.33377 -0.000941962   0.00172097    0.0357605
-0.000941962     0.239529    0.0244423   -0.0124941
  0.00172097    0.0244423     0.240838    0.0294591
   0.0357605   -0.0124941    0.0294591     0.185864
IMAGINARY
          0  0.00498013  -0.0144797 -0.00143226
-0.00498013           0   0.0147402   0.0151455
  0.0144797  -0.0147402           0  0.00101188
 0.00143226  -0.0151455 -0.00101188           0
