EndNode1[0]<--->Repeater1[0]
REAL
   0.330729  -0.0125491   -0.016202    0.199409
 -0.0125491    0.170573   0.0532362 -0.00363923
  -0.016202   0.0532362    0.166667  -0.0112604
   0.199409 -0.00363923  -0.0112604    0.332031
IMAGINARY
           0  7.67853e-05    0.0121863    0.0122256
-7.67853e-05            0    0.0175589   -0.0128137
  -0.0121863   -0.0175589            0    0.0130976
  -0.0122256    0.0128137   -0.0130976            0
EndNode2[0]<--->HoM1[0]
REAL
   0.335072  0.00361672   -0.010836    0.181481
 0.00361672    0.178618   0.0552179 0.000604092
  -0.010836   0.0552179    0.168188 -0.00429885
   0.181481 0.000604092 -0.00429885    0.318123
IMAGINARY
         0 -0.0145234  0.0224778  0.0114553
 0.0145234          0   0.015657  0.0015121
-0.0224778  -0.015657          0 -0.0170423
-0.0114553 -0.0015121  0.0170423          0
Repeater1[0]<--->EndNode1[0]
REAL
   0.330729   -0.016202  -0.0125491    0.199409
  -0.016202    0.166667   0.0532362  -0.0112604
 -0.0125491   0.0532362    0.170573 -0.00363923
   0.199409  -0.0112604 -0.00363923    0.332031
IMAGINARY
           0    0.0121863  7.67853e-05    0.0122256
  -0.0121863            0   -0.0175589    0.0130976
-7.67853e-05    0.0175589            0   -0.0128137
  -0.0122256   -0.0130976    0.0128137            0
Repeater1[0]<--->HoM1[0]
REAL
   0.335072   -0.010836  0.00361672    0.181481
  -0.010836    0.168188   0.0552179 -0.00429885
 0.00361672   0.0552179    0.178618 0.000604092
   0.181481 -0.00429885 0.000604092    0.318123
IMAGINARY
         0  0.0224778 -0.0145234  0.0114553
-0.0224778          0  -0.015657 -0.0170423
 0.0145234   0.015657          0  0.0015121
-0.0114553  0.0170423 -0.0015121          0
EndNode1[0]<--->Repeater1[0]
REAL
     0.3175  -0.0189929  -0.0195856     0.18116
 -0.0189929      0.1675   0.0473576 -0.00718895
 -0.0195856   0.0473576      0.1625  0.00965293
    0.18116 -0.00718895  0.00965293      0.3525
IMAGINARY
          0  -0.0166676  -0.0227445  0.00157403
  0.0166676           0  -0.0130536  0.00417857
  0.0227445   0.0130536           0  0.00194285
-0.00157403 -0.00417857 -0.00194285           0
EndNode2[0]<--->HoM1[0]
REAL
   0.326329  -0.0186017 -0.00657623    0.184447
 -0.0186017    0.201483   0.0556801  -0.0182645
-0.00657623   0.0556801    0.153276 -0.00623906
   0.184447  -0.0182645 -0.00623906    0.318912
IMAGINARY
           0   0.00316382  -0.00291566  0.000395169
 -0.00316382            0  -0.00871783    -0.020372
  0.00291566   0.00871783            0  -0.00590354
-0.000395169     0.020372   0.00590354            0
Repeater1[0]<--->EndNode1[0]
REAL
     0.3175  -0.0195856  -0.0189929     0.18116
 -0.0195856      0.1625   0.0473576  0.00965293
 -0.0189929   0.0473576      0.1675 -0.00718895
    0.18116  0.00965293 -0.00718895      0.3525
IMAGINARY
          0  -0.0227445  -0.0166676  0.00157403
  0.0227445           0   0.0130536  0.00194285
  0.0166676  -0.0130536           0  0.00417857
-0.00157403 -0.00194285 -0.00417857           0
Repeater1[0]<--->HoM1[0]
REAL
   0.326329 -0.00657623  -0.0186017    0.184447
-0.00657623    0.153276   0.0556801 -0.00623906
 -0.0186017   0.0556801    0.201483  -0.0182645
   0.184447 -0.00623906  -0.0182645    0.318912
IMAGINARY
           0  -0.00291566   0.00316382  0.000395169
  0.00291566            0   0.00871783  -0.00590354
 -0.00316382  -0.00871783            0    -0.020372
-0.000395169   0.00590354     0.020372            0
EndNode1[0]<--->Repeater1[0]
REAL
  0.299742 -0.0129666 -0.0251473   0.204233
-0.0129666    0.19509  0.0541653 0.00835145
-0.0251473  0.0541653   0.173127  0.0155505
  0.204233 0.00835145  0.0155505   0.332041
IMAGINARY
          0   0.0118347    0.011649  -0.0167356
 -0.0118347           0 -0.00229992 -0.00559243
  -0.011649  0.00229992           0  0.00095126
  0.0167356  0.00559243 -0.00095126           0
EndNode2[0]<--->HoM1[0]
REAL
 0.321608 0.0171591 0.0294781  0.193717
0.0171591  0.184673 0.0527251 0.0190342
0.0294781 0.0527251  0.172111 0.0158293
 0.193717 0.0190342 0.0158293  0.321608
IMAGINARY
          0   0.0189503   0.0191762 -0.00878377
 -0.0189503           0 -0.00107169  -0.0257037
 -0.0191762  0.00107169           0  0.00977035
 0.00878377   0.0257037 -0.00977035           0
Repeater1[0]<--->EndNode1[0]
REAL
  0.299742 -0.0251473 -0.0129666   0.204233
-0.0251473   0.173127  0.0541653  0.0155505
-0.0129666  0.0541653    0.19509 0.00835145
  0.204233  0.0155505 0.00835145   0.332041
IMAGINARY
          0    0.011649   0.0118347  -0.0167356
  -0.011649           0  0.00229992  0.00095126
 -0.0118347 -0.00229992           0 -0.00559243
  0.0167356 -0.00095126  0.00559243           0
Repeater1[0]<--->HoM1[0]
REAL
 0.321608 0.0294781 0.0171591  0.193717
0.0294781  0.172111 0.0527251 0.0158293
0.0171591 0.0527251  0.184673 0.0190342
 0.193717 0.0158293 0.0190342  0.321608
IMAGINARY
          0   0.0191762   0.0189503 -0.00878377
 -0.0191762           0  0.00107169  0.00977035
 -0.0189503 -0.00107169           0  -0.0257037
 0.00878377 -0.00977035   0.0257037           0
EndNode1[0]<--->Repeater1[0]
REAL
   0.353642  -0.0219176  -0.0135311    0.204733
 -0.0219176    0.164238   0.0498122 -0.00984556
 -0.0135311   0.0498122    0.178808  -0.0157447
   0.204733 -0.00984556  -0.0157447    0.303311
IMAGINARY
          0   0.0153879  0.00415096  -0.0157611
 -0.0153879           0  0.00811158  -0.0339201
-0.00415096 -0.00811158           0  0.00952093
  0.0157611   0.0339201 -0.00952093           0
EndNode2[0]<--->HoM1[0]
REAL
    0.31444 -0.00205691  0.00848049    0.170897
-0.00205691    0.165992   0.0452869 -0.00244184
 0.00848049   0.0452869    0.157895   0.0213806
   0.170897 -0.00244184   0.0213806    0.361673
IMAGINARY
          0 -0.00882706   0.0158963   0.0137639
 0.00882706           0  -0.0038037  0.00849391
 -0.0158963   0.0038037           0 -0.00946563
 -0.0137639 -0.00849391  0.00946563           0
Repeater1[0]<--->EndNode1[0]
REAL
   0.353642  -0.0135311  -0.0219176    0.204733
 -0.0135311    0.178808   0.0498122  -0.0157447
 -0.0219176   0.0498122    0.164238 -0.00984556
   0.204733  -0.0157447 -0.00984556    0.303311
IMAGINARY
          0  0.00415096   0.0153879  -0.0157611
-0.00415096           0 -0.00811158  0.00952093
 -0.0153879  0.00811158           0  -0.0339201
  0.0157611 -0.00952093   0.0339201           0
Repeater1[0]<--->HoM1[0]
REAL
    0.31444  0.00848049 -0.00205691    0.170897
 0.00848049    0.157895   0.0452869   0.0213806
-0.00205691   0.0452869    0.165992 -0.00244184
   0.170897   0.0213806 -0.00244184    0.361673
IMAGINARY
          0   0.0158963 -0.00882706   0.0137639
 -0.0158963           0   0.0038037 -0.00946563
 0.00882706  -0.0038037           0  0.00849391
 -0.0137639  0.00946563 -0.00849391           0
EndNode1[0]<--->Repeater1[0]
REAL
   0.326996   0.0235294 -0.00679484    0.192666
  0.0235294    0.200253   0.0485103   0.0139844
-0.00679484   0.0485103    0.174905  0.00457516
   0.192666   0.0139844  0.00457516    0.297845
IMAGINARY
          0  -0.0094297 -0.00142987  -0.0180698
  0.0094297           0   0.0186848   0.0235078
 0.00142987  -0.0186848           0  -0.0386222
  0.0180698  -0.0235078   0.0386222           0
EndNode2[0]<--->HoM1[0]
REAL
  0.333333  0.0123075  0.0170969   0.206106
 0.0123075   0.146154  0.0445677 -0.0130538
 0.0170969  0.0445677   0.188462  0.0065604
  0.206106 -0.0130538  0.0065604   0.332051
IMAGINARY
          0   0.0141026 -0.00445388   0.0118608
 -0.0141026           0 -0.00313265 -0.00964868
 0.00445388  0.00313265           0   0.0102564
 -0.0118608  0.00964868  -0.0102564           0
Repeater1[0]<--->EndNode1[0]
REAL
   0.326996 -0.00679484   0.0235294    0.192666
-0.00679484    0.174905   0.0485103  0.00457516
  0.0235294   0.0485103    0.200253   0.0139844
   0.192666  0.00457516   0.0139844    0.297845
IMAGINARY
          0 -0.00142987  -0.0094297  -0.0180698
 0.00142987           0  -0.0186848  -0.0386222
  0.0094297   0.0186848           0   0.0235078
  0.0180698   0.0386222  -0.0235078           0
Repeater1[0]<--->HoM1[0]
REAL
  0.333333  0.0170969  0.0123075   0.206106
 0.0170969   0.188462  0.0445677  0.0065604
 0.0123075  0.0445677   0.146154 -0.0130538
  0.206106  0.0065604 -0.0130538   0.332051
IMAGINARY
          0 -0.00445388   0.0141026   0.0118608
 0.00445388           0  0.00313265   0.0102564
 -0.0141026 -0.00313265           0 -0.00964868
 -0.0118608  -0.0102564  0.00964868           0
EndNode1[0]<--->Repeater1[0]
REAL
    0.367429 -0.000626839  -0.00347527     0.180623
-0.000626839      0.18035    0.0535042   0.00082977
 -0.00347527    0.0535042      0.15074   0.00459509
    0.180623   0.00082977   0.00459509      0.30148
IMAGINARY
          0  0.00493642   0.0267136  -0.0121622
-0.00493642           0   0.0121622 -0.00520125
 -0.0267136  -0.0121622           0 -0.00298075
  0.0121622  0.00520125  0.00298075           0
EndNode2[0]<--->HoM1[0]
REAL
   0.327785  -0.0133052  -0.0140628    0.178063
 -0.0133052    0.175416   0.0432083 -0.00671964
 -0.0140628   0.0432083     0.15621 -0.00992222
   0.178063 -0.00671964 -0.00992222    0.340589
IMAGINARY
           0  -0.00743387 -0.000720233  -0.00667691
  0.00743387            0   -0.0235006   0.00556117
 0.000720233    0.0235006            0    0.0136579
  0.00667691  -0.00556117   -0.0136579            0
Repeater1[0]<--->EndNode1[0]
REAL
    0.367429  -0.00347527 -0.000626839     0.180623
 -0.00347527      0.15074    0.0535042   0.00459509
-0.000626839    0.0535042      0.18035   0.00082977
    0.180623   0.00459509   0.00082977      0.30148
IMAGINARY
          0   0.0267136  0.00493642  -0.0121622
 -0.0267136           0  -0.0121622 -0.00298075
-0.00493642   0.0121622           0 -0.00520125
  0.0121622  0.00298075  0.00520125           0
Repeater1[0]<--->HoM1[0]
REAL
   0.327785  -0.0140628  -0.0133052    0.178063
 -0.0140628     0.15621   0.0432083 -0.00992222
 -0.0133052   0.0432083    0.175416 -0.00671964
   0.178063 -0.00992222 -0.00671964    0.340589
IMAGINARY
           0 -0.000720233  -0.00743387  -0.00667691
 0.000720233            0    0.0235006    0.0136579
  0.00743387   -0.0235006            0   0.00556117
  0.00667691   -0.0136579  -0.00556117            0
EndNode1[0]<--->Repeater1[0]
REAL
    0.32987 -0.00658812 -0.00687391    0.188502
-0.00658812     0.17013   0.0663362  0.00751908
-0.00687391   0.0663362    0.196104   0.0149752
   0.188502  0.00751908   0.0149752    0.303896
IMAGINARY
           0 -0.000733328  -0.00595463  0.000656433
 0.000733328            0     0.003825    0.0147708
  0.00595463    -0.003825            0   0.00954945
-0.000656433   -0.0147708  -0.00954945            0
EndNode2[0]<--->HoM1[0]
REAL
   0.322384  -0.0104021 -0.00615649    0.200694
 -0.0104021    0.186131   0.0595705 -0.00245278
-0.00615649   0.0595705    0.205596  -0.0313198
   0.200694 -0.00245278  -0.0313198    0.285888
IMAGINARY
           0    0.0193636  -0.00134897    0.0105822
  -0.0193636            0     0.013808   -0.0056753
  0.00134897    -0.013808            0 -0.000845043
  -0.0105822    0.0056753  0.000845043            0
Repeater1[0]<--->EndNode1[0]
REAL
    0.32987 -0.00687391 -0.00658812    0.188502
-0.00687391    0.196104   0.0663362   0.0149752
-0.00658812   0.0663362     0.17013  0.00751908
   0.188502   0.0149752  0.00751908    0.303896
IMAGINARY
           0  -0.00595463 -0.000733328  0.000656433
  0.00595463            0    -0.003825   0.00954945
 0.000733328     0.003825            0    0.0147708
-0.000656433  -0.00954945   -0.0147708            0
Repeater1[0]<--->HoM1[0]
REAL
   0.322384 -0.00615649  -0.0104021    0.200694
-0.00615649    0.205596   0.0595705  -0.0313198
 -0.0104021   0.0595705    0.186131 -0.00245278
   0.200694  -0.0313198 -0.00245278    0.285888
IMAGINARY
           0  -0.00134897    0.0193636    0.0105822
  0.00134897            0    -0.013808 -0.000845043
  -0.0193636     0.013808            0   -0.0056753
  -0.0105822  0.000845043    0.0056753            0
EndNode1[0]<--->Repeater1[0]
REAL
  0.310935 0.00837078 0.00365617   0.185158
0.00837078   0.189723  0.0717347 -0.0186938
0.00365617  0.0717347   0.187088 -0.0158896
  0.185158 -0.0186938 -0.0158896   0.312253
IMAGINARY
           0    0.0132758   0.00853434  -0.00423759
  -0.0132758            0 -3.59118e-05  -0.00920548
 -0.00853434  3.59118e-05            0  -0.00992009
  0.00423759   0.00920548   0.00992009            0
EndNode2[0]<--->HoM1[0]
REAL
  0.323604 0.00970267 -0.0180899   0.179074
0.00970267   0.187817  0.0683355  0.0284526
-0.0180899  0.0683355   0.172589 0.00195536
  0.179074  0.0284526 0.00195536    0.31599
IMAGINARY
           0 -0.000911447    0.0193929   0.00933333
 0.000911447            0  -0.00933333   -0.0133527
  -0.0193929   0.00933333            0   0.00292487
 -0.00933333    0.0133527  -0.00292487            0
Repeater1[0]<--->EndNode1[0]
REAL
  0.310935 0.00365617 0.00837078   0.185158
0.00365617   0.187088  0.0717347 -0.0158896
0.00837078  0.0717347   0.189723 -0.0186938
  0.185158 -0.0158896 -0.0186938   0.312253
IMAGINARY
           0   0.00853434    0.0132758  -0.00423759
 -0.00853434            0  3.59118e-05  -0.00992009
  -0.0132758 -3.59118e-05            0  -0.00920548
  0.00423759   0.00992009   0.00920548            0
Repeater1[0]<--->HoM1[0]
REAL
  0.323604 -0.0180899 0.00970267   0.179074
-0.0180899   0.172589  0.0683355 0.00195536
0.00970267  0.0683355   0.187817  0.0284526
  0.179074 0.00195536  0.0284526    0.31599
IMAGINARY
           0    0.0193929 -0.000911447   0.00933333
  -0.0193929            0   0.00933333   0.00292487
 0.000911447  -0.00933333            0   -0.0133527
 -0.00933333  -0.00292487    0.0133527            0
EndNode1[0]<--->Repeater1[0]
REAL
    0.335518   -0.0167638   0.00680109     0.197206
  -0.0167638     0.188729    0.0365605    0.0139781
  0.00680109    0.0365605     0.180865 -0.000119321
    0.197206    0.0139781 -0.000119321     0.294889
IMAGINARY
          0  0.00522856 -0.00426935  0.00362753
-0.00522856           0 -0.00748358  0.00878548
 0.00426935  0.00748358           0  -0.0136157
-0.00362753 -0.00878548   0.0136157           0
EndNode2[0]<--->HoM1[0]
REAL
  0.353014  -0.018759 -0.0100835   0.191259
 -0.018759   0.180812    0.05207 0.00690684
-0.0100835    0.05207   0.161132  0.0104998
  0.191259 0.00690684  0.0104998   0.305043
IMAGINARY
          0   0.0151642  -0.0116575   0.0109506
 -0.0151642           0  0.00266328  -0.0167208
  0.0116575 -0.00266328           0  0.00375476
 -0.0109506   0.0167208 -0.00375476           0
Repeater1[0]<--->EndNode1[0]
REAL
    0.335518   0.00680109   -0.0167638     0.197206
  0.00680109     0.180865    0.0365605 -0.000119321
  -0.0167638    0.0365605     0.188729    0.0139781
    0.197206 -0.000119321    0.0139781     0.294889
IMAGINARY
          0 -0.00426935  0.00522856  0.00362753
 0.00426935           0  0.00748358  -0.0136157
-0.00522856 -0.00748358           0  0.00878548
-0.00362753   0.0136157 -0.00878548           0
Repeater1[0]<--->HoM1[0]
REAL
  0.353014 -0.0100835  -0.018759   0.191259
-0.0100835   0.161132    0.05207  0.0104998
 -0.018759    0.05207   0.180812 0.00690684
  0.191259  0.0104998 0.00690684   0.305043
IMAGINARY
          0  -0.0116575   0.0151642   0.0109506
  0.0116575           0 -0.00266328  0.00375476
 -0.0151642  0.00266328           0  -0.0167208
 -0.0109506 -0.00375476   0.0167208           0
EndNode1[0]<--->Repeater1[0]
REAL
   0.310209   0.0118217   0.0181232    0.187989
  0.0118217    0.179319   0.0384505 -0.00110753
  0.0181232   0.0384505    0.189791  0.00388515
   0.187989 -0.00110753  0.00388515    0.320681
IMAGINARY
           0 -0.000998599    0.0139919  -0.00735549
 0.000998599            0   0.00933178  -0.00411047
  -0.0139919  -0.00933178            0   0.00429241
  0.00735549   0.00411047  -0.00429241            0
EndNode2[0]<--->HoM1[0]
REAL
    0.340561  -0.00795403   -0.0175516     0.206239
 -0.00795403     0.174745    0.0270945   0.00182829
  -0.0175516    0.0270945     0.163265 -0.000222071
    0.206239   0.00182829 -0.000222071     0.321429
IMAGINARY
          0  0.00172934 -0.00136349  0.00254563
-0.00172934           0   0.0144355 -0.00799479
 0.00136349  -0.0144355           0  0.00495515
-0.00254563  0.00799479 -0.00495515           0
Repeater1[0]<--->EndNode1[0]
REAL
   0.310209   0.0181232   0.0118217    0.187989
  0.0181232    0.189791   0.0384505  0.00388515
  0.0118217   0.0384505    0.179319 -0.00110753
   0.187989  0.00388515 -0.00110753    0.320681
IMAGINARY
           0    0.0139919 -0.000998599  -0.00735549
  -0.0139919            0  -0.00933178   0.00429241
 0.000998599   0.00933178            0  -0.00411047
  0.00735549  -0.00429241   0.00411047            0
Repeater1[0]<--->HoM1[0]
REAL
    0.340561   -0.0175516  -0.00795403     0.206239
  -0.0175516     0.163265    0.0270945 -0.000222071
 -0.00795403    0.0270945     0.174745   0.00182829
    0.206239 -0.000222071   0.00182829     0.321429
IMAGINARY
          0 -0.00136349  0.00172934  0.00254563
 0.00136349           0  -0.0144355  0.00495515
-0.00172934   0.0144355           0 -0.00799479
-0.00254563 -0.00495515  0.00799479           0
EndNode1[0]<--->Repeater1[0]
REAL
   0.325828  -0.0229086 -0.00122932    0.189028
 -0.0229086    0.184106   0.0731341  -0.0257977
-0.00122932   0.0731341    0.172185 -0.00682111
   0.189028  -0.0257977 -0.00682111    0.317881
IMAGINARY
          0 -0.00388455 -0.00998826 -0.00615006
 0.00388455           0  0.00553506   0.0305181
 0.00998826 -0.00553506           0  -0.0113472
 0.00615006  -0.0305181   0.0113472           0
EndNode2[0]<--->HoM1[0]
REAL
   0.355638 -0.00710677  -0.0130177    0.188731
-0.00710677    0.144981   0.0622413  -0.0252443
 -0.0130177   0.0622413    0.189591   0.0129434
   0.188731  -0.0252443   0.0129434    0.309789
IMAGINARY
          0   0.0183824   0.0138881   -0.014598
 -0.0183824           0   0.0139545  0.00664171
 -0.0138881  -0.0139545           0  0.00612087
   0.014598 -0.00664171 -0.00612087           0
Repeater1[0]<--->EndNode1[0]
REAL
   0.325828 -0.00122932  -0.0229086    0.189028
-0.00122932    0.172185   0.0731341 -0.00682111
 -0.0229086   0.0731341    0.184106  -0.0257977
   0.189028 -0.00682111  -0.0257977    0.317881
IMAGINARY
          0 -0.00998826 -0.00388455 -0.00615006
 0.00998826           0 -0.00553506  -0.0113472
 0.00388455  0.00553506           0   0.0305181
 0.00615006   0.0113472  -0.0305181           0
Repeater1[0]<--->HoM1[0]
REAL
   0.355638  -0.0130177 -0.00710677    0.188731
 -0.0130177    0.189591   0.0622413   0.0129434
-0.00710677   0.0622413    0.144981  -0.0252443
   0.188731   0.0129434  -0.0252443    0.309789
IMAGINARY
          0   0.0138881   0.0183824   -0.014598
 -0.0138881           0  -0.0139545  0.00612087
 -0.0183824   0.0139545           0  0.00664171
   0.014598 -0.00612087 -0.00664171           0
EndNode1[0]<--->Repeater1[0]
REAL
   0.362356  -0.0294064  -0.0170439    0.179632
 -0.0294064    0.175416   0.0572097  -0.0243095
 -0.0170439   0.0572097    0.180538 -0.00693447
   0.179632  -0.0243095 -0.00693447     0.28169
IMAGINARY
          0  0.00588873  0.00752307   0.0102981
-0.00588873           0 -0.00349956 -0.00494575
-0.00752307  0.00349956           0   0.0108639
 -0.0102981  0.00494575  -0.0108639           0
EndNode2[0]<--->HoM1[0]
REAL
   0.306098 -0.00185249  0.00251822    0.199045
-0.00185249    0.182927   0.0328201   0.0182072
 0.00251822   0.0328201    0.180488 0.000557151
   0.199045   0.0182072 0.000557151    0.330488
IMAGINARY
           0    0.0149138  -0.00751078  0.000706033
  -0.0149138            0    0.0217587   0.00817303
  0.00751078   -0.0217587            0  -0.00498006
-0.000706033  -0.00817303   0.00498006            0
Repeater1[0]<--->EndNode1[0]
REAL
   0.362356  -0.0170439  -0.0294064    0.179632
 -0.0170439    0.180538   0.0572097 -0.00693447
 -0.0294064   0.0572097    0.175416  -0.0243095
   0.179632 -0.00693447  -0.0243095     0.28169
IMAGINARY
          0  0.00752307  0.00588873   0.0102981
-0.00752307           0  0.00349956   0.0108639
-0.00588873 -0.00349956           0 -0.00494575
 -0.0102981  -0.0108639  0.00494575           0
Repeater1[0]<--->HoM1[0]
REAL
   0.306098  0.00251822 -0.00185249    0.199045
 0.00251822    0.180488   0.0328201 0.000557151
-0.00185249   0.0328201    0.182927   0.0182072
   0.199045 0.000557151   0.0182072    0.330488
IMAGINARY
           0  -0.00751078    0.0149138  0.000706033
  0.00751078            0   -0.0217587  -0.00498006
  -0.0149138    0.0217587            0   0.00817303
-0.000706033   0.00498006  -0.00817303            0
EndNode1[0]<--->Repeater1[0]
REAL
    0.328398  -0.00438418 -0.000380346     0.189179
 -0.00438418     0.193809    0.0695865   0.00809423
-0.000380346    0.0695865     0.156124  -0.00192718
    0.189179   0.00809423  -0.00192718     0.321669
IMAGINARY
          0  0.00316398   0.0186035 -0.00159857
-0.00316398           0   0.0119149 -0.00460857
 -0.0186035  -0.0119149           0   0.0121032
 0.00159857  0.00460857  -0.0121032           0
EndNode2[0]<--->HoM1[0]
REAL
   0.336801 -0.00500418   0.0180992    0.203158
-0.00500418     0.20026    0.058978 -0.00232245
  0.0180992    0.058978    0.156047  0.00621777
   0.203158 -0.00232245  0.00621777    0.306892
IMAGINARY
           0 -0.000995985   0.00858755 -0.000840039
 0.000995985            0   -0.0124679   0.00728547
 -0.00858755    0.0124679            0  -0.00297227
 0.000840039  -0.00728547   0.00297227            0
Repeater1[0]<--->EndNode1[0]
REAL
    0.328398 -0.000380346  -0.00438418     0.189179
-0.000380346     0.156124    0.0695865  -0.00192718
 -0.00438418    0.0695865     0.193809   0.00809423
    0.189179  -0.00192718   0.00809423     0.321669
IMAGINARY
          0   0.0186035  0.00316398 -0.00159857
 -0.0186035           0  -0.0119149   0.0121032
-0.00316398   0.0119149           0 -0.00460857
 0.00159857  -0.0121032  0.00460857           0
Repeater1[0]<--->HoM1[0]
REAL
   0.336801   0.0180992 -0.00500418    0.203158
  0.0180992    0.156047    0.058978  0.00621777
-0.00500418    0.058978     0.20026 -0.00232245
   0.203158  0.00621777 -0.00232245    0.306892
IMAGINARY
           0   0.00858755 -0.000995985 -0.000840039
 -0.00858755            0    0.0124679  -0.00297227
 0.000995985   -0.0124679            0   0.00728547
 0.000840039   0.00297227  -0.00728547            0
EndNode1[0]<--->Repeater1[0]
REAL
   0.316883  0.00317949 -0.00730864    0.197069
 0.00317949    0.187013   0.0322644  0.00997531
-0.00730864   0.0322644    0.180519 -0.00451282
   0.197069  0.00997531 -0.00451282    0.315584
IMAGINARY
          0  0.00150131  -0.0212867  -0.0233845
-0.00150131           0   0.0169578  0.00732024
  0.0212867  -0.0169578           0  0.00408529
  0.0233845 -0.00732024 -0.00408529           0
EndNode2[0]<--->HoM1[0]
REAL
   0.328084  -0.0181558  -0.0090791    0.178954
 -0.0181558    0.192913   0.0484374  -0.0243416
 -0.0090791   0.0484374    0.171916 -0.00477999
   0.178954  -0.0243416 -0.00477999    0.307087
IMAGINARY
           0  0.000515335   0.00283775   0.00692853
-0.000515335            0  -0.00818482    0.0141862
 -0.00283775   0.00818482            0   0.00389828
 -0.00692853   -0.0141862  -0.00389828            0
Repeater1[0]<--->EndNode1[0]
REAL
   0.316883 -0.00730864  0.00317949    0.197069
-0.00730864    0.180519   0.0322644 -0.00451282
 0.00317949   0.0322644    0.187013  0.00997531
   0.197069 -0.00451282  0.00997531    0.315584
IMAGINARY
          0  -0.0212867  0.00150131  -0.0233845
  0.0212867           0  -0.0169578  0.00408529
-0.00150131   0.0169578           0  0.00732024
  0.0233845 -0.00408529 -0.00732024           0
Repeater1[0]<--->HoM1[0]
REAL
   0.328084  -0.0090791  -0.0181558    0.178954
 -0.0090791    0.171916   0.0484374 -0.00477999
 -0.0181558   0.0484374    0.192913  -0.0243416
   0.178954 -0.00477999  -0.0243416    0.307087
IMAGINARY
           0   0.00283775  0.000515335   0.00692853
 -0.00283775            0   0.00818482   0.00389828
-0.000515335  -0.00818482            0    0.0141862
 -0.00692853  -0.00389828   -0.0141862            0
EndNode1[0]<--->Repeater1[0]
REAL
  0.342205  0.0047941  0.0185652   0.188067
 0.0047941   0.174905  0.0641566 0.00748307
 0.0185652  0.0641566   0.179975  -0.010512
  0.188067 0.00748307  -0.010512   0.302915
IMAGINARY
          0 -0.00801661  0.00991398   0.0156143
 0.00801661           0  -0.0208774 -0.00929132
-0.00991398   0.0208774           0  0.00490329
 -0.0156143  0.00929132 -0.00490329           0
EndNode2[0]<--->HoM1[0]
REAL
   0.323529  0.00529497  -0.0105871    0.166001
 0.00529497    0.194853   0.0769956  -0.0131644
 -0.0105871   0.0769956    0.169118 -0.00590398
   0.166001  -0.0131644 -0.00590398      0.3125
IMAGINARY
          0  0.00376474   0.0261431  -0.0256033
-0.00376474           0  -0.0120164  -0.0117451
 -0.0261431   0.0120164           0 -0.00507364
  0.0256033   0.0117451  0.00507364           0
Repeater1[0]<--->EndNode1[0]
REAL
  0.342205  0.0185652  0.0047941   0.188067
 0.0185652   0.179975  0.0641566  -0.010512
 0.0047941  0.0641566   0.174905 0.00748307
  0.188067  -0.010512 0.00748307   0.302915
IMAGINARY
          0  0.00991398 -0.00801661   0.0156143
-0.00991398           0   0.0208774  0.00490329
 0.00801661  -0.0208774           0 -0.00929132
 -0.0156143 -0.00490329  0.00929132           0
Repeater1[0]<--->HoM1[0]
REAL
   0.323529  -0.0105871  0.00529497    0.166001
 -0.0105871    0.169118   0.0769956 -0.00590398
 0.00529497   0.0769956    0.194853  -0.0131644
   0.166001 -0.00590398  -0.0131644      0.3125
IMAGINARY
          0   0.0261431  0.00376474  -0.0256033
 -0.0261431           0   0.0120164 -0.00507364
-0.00376474  -0.0120164           0  -0.0117451
  0.0256033  0.00507364   0.0117451           0
EndNode1[0]<--->Repeater1[0]
REAL
    0.29803  0.00529414  0.00810409    0.191046
 0.00529414    0.195813   0.0399711 -0.00231258
 0.00810409   0.0399711    0.176108  -0.0213817
   0.191046 -0.00231258  -0.0213817    0.330049
IMAGINARY
          0 -0.00506406   0.0124081 -0.00644663
 0.00506406           0  -0.0195356  -0.0269467
 -0.0124081   0.0195356           0  -0.0107387
 0.00644663   0.0269467   0.0107387           0
EndNode2[0]<--->HoM1[0]
REAL
   0.338046  0.00119868  -0.0300722    0.197428
 0.00119868    0.183805   0.0577999  0.00731694
 -0.0300722   0.0577999    0.161954 -0.00550373
   0.197428  0.00731694 -0.00550373    0.316195
IMAGINARY
           0  -0.00460982    0.0123072   -0.0116248
  0.00460982            0 -0.000728911   0.00896941
  -0.0123072  0.000728911            0  -0.00203912
   0.0116248  -0.00896941   0.00203912            0
Repeater1[0]<--->EndNode1[0]
REAL
    0.29803  0.00810409  0.00529414    0.191046
 0.00810409    0.176108   0.0399711  -0.0213817
 0.00529414   0.0399711    0.195813 -0.00231258
   0.191046  -0.0213817 -0.00231258    0.330049
IMAGINARY
          0   0.0124081 -0.00506406 -0.00644663
 -0.0124081           0   0.0195356  -0.0107387
 0.00506406  -0.0195356           0  -0.0269467
 0.00644663   0.0107387   0.0269467           0
Repeater1[0]<--->HoM1[0]
REAL
   0.338046  -0.0300722  0.00119868    0.197428
 -0.0300722    0.161954   0.0577999 -0.00550373
 0.00119868   0.0577999    0.183805  0.00731694
   0.197428 -0.00550373  0.00731694    0.316195
IMAGINARY
           0    0.0123072  -0.00460982   -0.0116248
  -0.0123072            0  0.000728911  -0.00203912
  0.00460982 -0.000728911            0   0.00896941
   0.0116248   0.00203912  -0.00896941            0
EndNode1[0]<--->Repeater1[0]
REAL
   0.34713 -0.0124881  0.0131054   0.193756
-0.0124881   0.170895  0.0476017 -0.0163064
 0.0131054  0.0476017   0.170895 -0.0111995
  0.193756 -0.0163064 -0.0111995   0.311081
IMAGINARY
          0  0.00997705   0.0111998  0.00340884
-0.00997705           0  -0.0148302  0.00931301
 -0.0111998   0.0148302           0  0.00284346
-0.00340884 -0.00931301 -0.00284346           0
EndNode2[0]<--->HoM1[0]
REAL
   0.332907   -0.010424  0.00731269    0.179757
  -0.010424    0.167734   0.0508655 -0.00286542
 0.00731269   0.0508655    0.166453   0.0224952
   0.179757 -0.00286542   0.0224952    0.332907
IMAGINARY
          0  -0.0225304  0.00378739  -0.0203578
  0.0225304           0  0.00148988  -0.0131274
-0.00378739 -0.00148988           0 -0.00798016
  0.0203578   0.0131274  0.00798016           0
Repeater1[0]<--->EndNode1[0]
REAL
   0.34713  0.0131054 -0.0124881   0.193756
 0.0131054   0.170895  0.0476017 -0.0111995
-0.0124881  0.0476017   0.170895 -0.0163064
  0.193756 -0.0111995 -0.0163064   0.311081
IMAGINARY
          0   0.0111998  0.00997705  0.00340884
 -0.0111998           0   0.0148302  0.00284346
-0.00997705  -0.0148302           0  0.00931301
-0.00340884 -0.00284346 -0.00931301           0
Repeater1[0]<--->HoM1[0]
REAL
   0.332907  0.00731269   -0.010424    0.179757
 0.00731269    0.166453   0.0508655   0.0224952
  -0.010424   0.0508655    0.167734 -0.00286542
   0.179757   0.0224952 -0.00286542    0.332907
IMAGINARY
          0  0.00378739  -0.0225304  -0.0203578
-0.00378739           0 -0.00148988 -0.00798016
  0.0225304  0.00148988           0  -0.0131274
  0.0203578  0.00798016   0.0131274           0
EndNode1[0]<--->Repeater1[0]
REAL
   0.355164  0.00268571  -0.0125519     0.19437
 0.00268571    0.156171   0.0723423   0.0118697
 -0.0125519   0.0723423    0.167506 0.000724928
    0.19437   0.0118697 0.000724928    0.321159
IMAGINARY
          0 -0.00143761   0.0113052   0.0195904
 0.00143761           0  0.00570147  0.00308777
 -0.0113052 -0.00570147           0   0.0120759
 -0.0195904 -0.00308777  -0.0120759           0
EndNode2[0]<--->HoM1[0]
REAL
  0.325175 -0.0159437 -0.0028902   0.195493
-0.0159437   0.164336  0.0398382 0.00476286
-0.0028902  0.0398382   0.189977 -0.0121462
  0.195493 0.00476286 -0.0121462   0.320513
IMAGINARY
          0  0.00697245 -0.00856481  0.00879249
-0.00697245           0    0.010723  -0.0022357
 0.00856481   -0.010723           0     0.00764
-0.00879249   0.0022357    -0.00764           0
Repeater1[0]<--->EndNode1[0]
REAL
   0.355164  -0.0125519  0.00268571     0.19437
 -0.0125519    0.167506   0.0723423 0.000724928
 0.00268571   0.0723423    0.156171   0.0118697
    0.19437 0.000724928   0.0118697    0.321159
IMAGINARY
          0   0.0113052 -0.00143761   0.0195904
 -0.0113052           0 -0.00570147   0.0120759
 0.00143761  0.00570147           0  0.00308777
 -0.0195904  -0.0120759 -0.00308777           0
Repeater1[0]<--->HoM1[0]
REAL
  0.325175 -0.0028902 -0.0159437   0.195493
-0.0028902   0.189977  0.0398382 -0.0121462
-0.0159437  0.0398382   0.164336 0.00476286
  0.195493 -0.0121462 0.00476286   0.320513
IMAGINARY
          0 -0.00856481  0.00697245  0.00879249
 0.00856481           0   -0.010723     0.00764
-0.00697245    0.010723           0  -0.0022357
-0.00879249    -0.00764   0.0022357           0
EndNode1[0]<--->Repeater1[0]
REAL
   0.325365   0.0100977    0.013835    0.179784
  0.0100977    0.193891    0.060674  -0.0201964
   0.013835    0.060674    0.176627 -0.00373633
   0.179784  -0.0201964 -0.00373633    0.304117
IMAGINARY
           0    0.0135175    0.0222099 -0.000741587
  -0.0135175            0    0.0110509   0.00135027
  -0.0222099   -0.0110509            0   -0.0174442
 0.000741587  -0.00135027    0.0174442            0
EndNode2[0]<--->HoM1[0]
REAL
  0.308861  0.0141073 -0.0232926   0.193584
 0.0141073   0.168354   0.077699 0.00868017
-0.0232926   0.077699   0.175949 -0.0160132
  0.193584 0.00868017 -0.0160132   0.346835
IMAGINARY
          0 -0.00996341  0.00091696 -0.00759395
 0.00996341           0 -0.00636544 -0.00612529
-0.00091696  0.00636544           0   0.0216822
 0.00759395  0.00612529  -0.0216822           0
Repeater1[0]<--->EndNode1[0]
REAL
   0.325365    0.013835   0.0100977    0.179784
   0.013835    0.176627    0.060674 -0.00373633
  0.0100977    0.060674    0.193891  -0.0201964
   0.179784 -0.00373633  -0.0201964    0.304117
IMAGINARY
           0    0.0222099    0.0135175 -0.000741587
  -0.0222099            0   -0.0110509   -0.0174442
  -0.0135175    0.0110509            0   0.00135027
 0.000741587    0.0174442  -0.00135027            0
Repeater1[0]<--->HoM1[0]
REAL
  0.308861 -0.0232926  0.0141073   0.193584
-0.0232926   0.175949   0.077699 -0.0160132
 0.0141073   0.077699   0.168354 0.00868017
  0.193584 -0.0160132 0.00868017   0.346835
IMAGINARY
          0  0.00091696 -0.00996341 -0.00759395
-0.00091696           0  0.00636544   0.0216822
 0.00996341 -0.00636544           0 -0.00612529
 0.00759395  -0.0216822  0.00612529           0
EndNode1[0]<--->Repeater1[0]
REAL
   0.302915 -0.00448349  -0.0179383    0.195247
-0.00448349    0.176172   0.0728512  -0.0108961
 -0.0179383   0.0728512    0.187579 -0.00839994
   0.195247  -0.0108961 -0.00839994    0.333333
IMAGINARY
           0   -0.0115254   -0.0206653  0.000779912
   0.0115254            0   0.00750034    0.0102487
   0.0206653  -0.00750034            0  -0.00409963
-0.000779912   -0.0102487   0.00409963            0
EndNode2[0]<--->HoM1[0]
REAL
    0.307487 -0.000131579   -0.0048046     0.162561
-0.000131579     0.188503     0.032611    0.0165287
  -0.0048046     0.032611     0.163102   -0.0198684
    0.162561    0.0165287   -0.0198684     0.340909
IMAGINARY
          0   0.0157544  0.00985362  -0.0135546
 -0.0157544           0  0.00717708   -0.028418
-0.00985362 -0.00717708           0   0.0188991
  0.0135546    0.028418  -0.0188991           0
Repeater1[0]<--->EndNode1[0]
REAL
   0.302915  -0.0179383 -0.00448349    0.195247
 -0.0179383    0.187579   0.0728512 -0.00839994
-0.00448349   0.0728512    0.176172  -0.0108961
   0.195247 -0.00839994  -0.0108961    0.333333
IMAGINARY
           0   -0.0206653   -0.0115254  0.000779912
   0.0206653            0  -0.00750034  -0.00409963
   0.0115254   0.00750034            0    0.0102487
-0.000779912   0.00409963   -0.0102487            0
Repeater1[0]<--->HoM1[0]
REAL
    0.307487   -0.0048046 -0.000131579     0.162561
  -0.0048046     0.163102     0.032611   -0.0198684
-0.000131579     0.032611     0.188503    0.0165287
    0.162561   -0.0198684    0.0165287     0.340909
IMAGINARY
          0  0.00985362   0.0157544  -0.0135546
-0.00985362           0 -0.00717708   0.0188991
 -0.0157544  0.00717708           0   -0.028418
  0.0135546  -0.0188991    0.028418           0
EndNode1[0]<--->Repeater1[0]
REAL
  0.357419 -0.0152151 0.00352241   0.184184
-0.0152151    0.15871  0.0587115  -0.019084
0.00352241  0.0587115   0.180645 -0.0111719
  0.184184  -0.019084 -0.0111719   0.303226
IMAGINARY
           0   0.00481778    0.0157629   -0.0152246
 -0.00481778            0    0.0158351    0.0037831
  -0.0157629   -0.0158351            0 -0.000404156
   0.0152246   -0.0037831  0.000404156            0
EndNode2[0]<--->HoM1[0]
REAL
  0.332151 -0.0197186 -0.0057669   0.199409
-0.0197186   0.183215  0.0559669  0.0151755
-0.0057669  0.0559669   0.177305  0.0049337
  0.199409  0.0151755  0.0049337   0.307329
IMAGINARY
          0   0.0126081 -0.00903186   0.0258173
 -0.0126081           0  -0.0112671 -0.00462934
 0.00903186   0.0112671           0  -0.0139742
 -0.0258173  0.00462934   0.0139742           0
Repeater1[0]<--->EndNode1[0]
REAL
  0.357419 0.00352241 -0.0152151   0.184184
0.00352241   0.180645  0.0587115 -0.0111719
-0.0152151  0.0587115    0.15871  -0.019084
  0.184184 -0.0111719  -0.019084   0.303226
IMAGINARY
           0    0.0157629   0.00481778   -0.0152246
  -0.0157629            0   -0.0158351 -0.000404156
 -0.00481778    0.0158351            0    0.0037831
   0.0152246  0.000404156   -0.0037831            0
Repeater1[0]<--->HoM1[0]
REAL
  0.332151 -0.0057669 -0.0197186   0.199409
-0.0057669   0.177305  0.0559669  0.0049337
-0.0197186  0.0559669   0.183215  0.0151755
  0.199409  0.0049337  0.0151755   0.307329
IMAGINARY
          0 -0.00903186   0.0126081   0.0258173
 0.00903186           0   0.0112671  -0.0139742
 -0.0126081  -0.0112671           0 -0.00462934
 -0.0258173   0.0139742  0.00462934           0
EndNode1[0]<--->Repeater1[0]
REAL
   0.34902 -0.0127059 -0.0110779   0.179392
-0.0127059   0.169935  0.0693059 -0.0188701
-0.0110779  0.0693059   0.173856 -0.0289608
  0.179392 -0.0188701 -0.0289608    0.30719
IMAGINARY
          0   0.0105044 -0.00386369   0.0193792
 -0.0105044           0  -0.0129854  0.00201867
 0.00386369   0.0129854           0  -0.0295696
 -0.0193792 -0.00201867   0.0295696           0
EndNode2[0]<--->HoM1[0]
REAL
   0.344956   0.0036416   0.0121405    0.176292
  0.0036416    0.171856   0.0332571 -0.00948799
  0.0121405   0.0332571     0.18929   0.0029897
   0.176292 -0.00948799   0.0029897    0.293898
IMAGINARY
           0   -0.0217293  0.000996345    0.0054959
   0.0217293            0    0.0151984    0.0089539
-0.000996345   -0.0151984            0   -0.0118528
  -0.0054959   -0.0089539    0.0118528            0
Repeater1[0]<--->EndNode1[0]
REAL
   0.34902 -0.0110779 -0.0127059   0.179392
-0.0110779   0.173856  0.0693059 -0.0289608
-0.0127059  0.0693059   0.169935 -0.0188701
  0.179392 -0.0289608 -0.0188701    0.30719
IMAGINARY
          0 -0.00386369   0.0105044   0.0193792
 0.00386369           0   0.0129854  -0.0295696
 -0.0105044  -0.0129854           0  0.00201867
 -0.0193792   0.0295696 -0.00201867           0
Repeater1[0]<--->HoM1[0]
REAL
   0.344956   0.0121405   0.0036416    0.176292
  0.0121405     0.18929   0.0332571   0.0029897
  0.0036416   0.0332571    0.171856 -0.00948799
   0.176292   0.0029897 -0.00948799    0.293898
IMAGINARY
           0  0.000996345   -0.0217293    0.0054959
-0.000996345            0   -0.0151984   -0.0118528
   0.0217293    0.0151984            0    0.0089539
  -0.0054959    0.0118528   -0.0089539            0
EndNode1[0]<--->Repeater1[0]
REAL
   0.333786  0.00804459  0.00299601    0.189186
 0.00804459    0.189959   0.0307093 -0.00299601
 0.00299601   0.0307093    0.154681  0.00242661
   0.189186 -0.00299601  0.00242661    0.321574
IMAGINARY
          0 -0.00152017  0.00995748  -0.0181335
 0.00152017           0  0.00901887 -0.00381497
-0.00995748 -0.00901887           0 -0.00216533
  0.0181335  0.00381497  0.00216533           0
EndNode2[0]<--->HoM1[0]
REAL
    0.35591  0.00903614   0.0113839    0.202909
 0.00903614    0.159363   0.0574541  0.00286485
  0.0113839   0.0574541    0.180611 -0.00903614
   0.202909  0.00286485 -0.00903614    0.304117
IMAGINARY
         0  0.0190593  -0.013943  0.0188363
-0.0190593          0   0.013898  0.0100469
  0.013943  -0.013898          0  0.0043173
-0.0188363 -0.0100469 -0.0043173          0
Repeater1[0]<--->EndNode1[0]
REAL
   0.333786  0.00299601  0.00804459    0.189186
 0.00299601    0.154681   0.0307093  0.00242661
 0.00804459   0.0307093    0.189959 -0.00299601
   0.189186  0.00242661 -0.00299601    0.321574
IMAGINARY
          0  0.00995748 -0.00152017  -0.0181335
-0.00995748           0 -0.00901887 -0.00216533
 0.00152017  0.00901887           0 -0.00381497
  0.0181335  0.00216533  0.00381497           0
Repeater1[0]<--->HoM1[0]
REAL
    0.35591   0.0113839  0.00903614    0.202909
  0.0113839    0.180611   0.0574541 -0.00903614
 0.00903614   0.0574541    0.159363  0.00286485
   0.202909 -0.00903614  0.00286485    0.304117
IMAGINARY
         0  -0.013943  0.0190593  0.0188363
  0.013943          0  -0.013898  0.0043173
-0.0190593   0.013898          0  0.0100469
-0.0188363 -0.0043173 -0.0100469          0
EndNode1[0]<--->Repeater1[0]
REAL
   0.345361  0.00994601   0.0126191     0.19626
 0.00994601    0.176546   0.0559196 0.000456901
  0.0126191   0.0559196    0.168814 -0.00807802
    0.19626 0.000456901 -0.00807802    0.309278
IMAGINARY
          0  0.00268772   0.0154171 -0.00337356
-0.00268772           0  0.00402887  -0.0148096
 -0.0154171 -0.00402887           0  -0.0275966
 0.00337356   0.0148096   0.0275966           0
EndNode2[0]<--->HoM1[0]
REAL
   0.287013  0.00272503 -0.00372127    0.181934
 0.00272503    0.206494   0.0579134 -0.00770005
-0.00372127   0.0579134    0.162338   0.0125034
   0.181934 -0.00770005   0.0125034    0.344156
IMAGINARY
