EndNode1[0]<--->Repeater1[0]
REAL
   0.411392  0.00757236  -0.0183631    0.338536
 0.00757236   0.0822785   0.0178467   0.0130439
 -0.0183631   0.0178467   0.0810127 -0.00491278
   0.338536   0.0130439 -0.00491278    0.425316
IMAGINARY
           0   -0.0193302 -0.000564013  0.000122581
   0.0193302            0  -0.00537192    0.0247019
 0.000564013   0.00537192            0   0.00622678
-0.000122581   -0.0247019  -0.00622678            0
EndNode2[0]<--->HoM1[0]
REAL
   0.378827 -0.00519599  -0.0280033    0.337518
-0.00519599   0.0994898   0.0338766 -0.00084283
 -0.0280033   0.0338766   0.0892857  -0.0320636
   0.337518 -0.00084283  -0.0320636    0.432398
IMAGINARY
          0  0.00749126  -0.0244307  0.00464859
-0.00749126           0  -0.0434034  0.00037348
  0.0244307   0.0434034           0 -0.00293989
-0.00464859 -0.00037348  0.00293989           0
Repeater1[0]<--->EndNode1[0]
REAL
   0.411392  -0.0183631  0.00757236    0.338536
 -0.0183631   0.0810127   0.0178467 -0.00491278
 0.00757236   0.0178467   0.0822785   0.0130439
   0.338536 -0.00491278   0.0130439    0.425316
IMAGINARY
           0 -0.000564013   -0.0193302  0.000122581
 0.000564013            0   0.00537192   0.00622678
   0.0193302  -0.00537192            0    0.0247019
-0.000122581  -0.00622678   -0.0247019            0
Repeater1[0]<--->HoM1[0]
REAL
   0.378827  -0.0280033 -0.00519599    0.337518
 -0.0280033   0.0892857   0.0338766  -0.0320636
-0.00519599   0.0338766   0.0994898 -0.00084283
   0.337518  -0.0320636 -0.00084283    0.432398
IMAGINARY
          0  -0.0244307  0.00749126  0.00464859
  0.0244307           0   0.0434034 -0.00293989
-0.00749126  -0.0434034           0  0.00037348
-0.00464859  0.00293989 -0.00037348           0
EndNode1[0]<--->Repeater1[0]
REAL
  0.428752   0.017832 0.00867577    0.31123
  0.017832  0.0895334  0.0338917 0.00595838
0.00867577  0.0338917   0.103405 -0.0117344
   0.31123 0.00595838 -0.0117344    0.37831
IMAGINARY
          0  0.00472424 -0.00232111  0.00798319
-0.00472424           0 -0.00736208 -0.00492527
 0.00232111  0.00736208           0  -0.0146057
-0.00798319  0.00492527   0.0146057           0
EndNode2[0]<--->HoM1[0]
REAL
   0.418206 -0.00423456   0.0065552    0.321838
-0.00423456   0.0725594   0.0394482  0.00920772
  0.0065552   0.0394482   0.0751979   0.0300858
   0.321838  0.00920772   0.0300858    0.434037
IMAGINARY
          0  0.00298826 -0.00436631    0.017978
-0.00298826           0  0.00924977   0.0100267
 0.00436631 -0.00924977           0 -0.00235933
  -0.017978  -0.0100267  0.00235933           0
Repeater1[0]<--->EndNode1[0]
REAL
  0.428752 0.00867577   0.017832    0.31123
0.00867577   0.103405  0.0338917 -0.0117344
  0.017832  0.0338917  0.0895334 0.00595838
   0.31123 -0.0117344 0.00595838    0.37831
IMAGINARY
          0 -0.00232111  0.00472424  0.00798319
 0.00232111           0  0.00736208  -0.0146057
-0.00472424 -0.00736208           0 -0.00492527
-0.00798319   0.0146057  0.00492527           0
Repeater1[0]<--->HoM1[0]
REAL
   0.418206   0.0065552 -0.00423456    0.321838
  0.0065552   0.0751979   0.0394482   0.0300858
-0.00423456   0.0394482   0.0725594  0.00920772
   0.321838   0.0300858  0.00920772    0.434037
IMAGINARY
          0 -0.00436631  0.00298826    0.017978
 0.00436631           0 -0.00924977 -0.00235933
-0.00298826  0.00924977           0   0.0100267
  -0.017978  0.00235933  -0.0100267           0
EndNode1[0]<--->Repeater1[0]
REAL
   0.439374  0.00292697  -0.0041764    0.321296
 0.00292697   0.0795306   0.0248581  -0.0035159
 -0.0041764   0.0248581   0.0704042 -0.00222767
   0.321296  -0.0035159 -0.00222767    0.410691
IMAGINARY
           0   -0.0191201  -0.00158437  -0.00643721
   0.0191201            0   -0.0204445 -0.000960155
  0.00158437    0.0204445            0    0.0038529
  0.00643721  0.000960155   -0.0038529            0
EndNode2[0]<--->HoM1[0]
REAL
   0.458543 -0.00761016 -0.00809636     0.31814
-0.00761016   0.0741206   0.0265802 -0.00370489
-0.00809636   0.0265802   0.0703518    0.011958
    0.31814 -0.00370489    0.011958    0.396985
IMAGINARY
          0  0.00591923  -0.0237564  0.00342669
-0.00591923           0  -0.0276614 -0.00437657
  0.0237564   0.0276614           0   0.0132624
-0.00342669  0.00437657  -0.0132624           0
Repeater1[0]<--->EndNode1[0]
REAL
   0.439374  -0.0041764  0.00292697    0.321296
 -0.0041764   0.0704042   0.0248581 -0.00222767
 0.00292697   0.0248581   0.0795306  -0.0035159
   0.321296 -0.00222767  -0.0035159    0.410691
IMAGINARY
           0  -0.00158437   -0.0191201  -0.00643721
  0.00158437            0    0.0204445    0.0038529
   0.0191201   -0.0204445            0 -0.000960155
  0.00643721   -0.0038529  0.000960155            0
Repeater1[0]<--->HoM1[0]
REAL
   0.458543 -0.00809636 -0.00761016     0.31814
-0.00809636   0.0703518   0.0265802    0.011958
-0.00761016   0.0265802   0.0741206 -0.00370489
    0.31814    0.011958 -0.00370489    0.396985
IMAGINARY
          0  -0.0237564  0.00591923  0.00342669
  0.0237564           0   0.0276614   0.0132624
-0.00591923  -0.0276614           0 -0.00437657
-0.00342669  -0.0132624  0.00437657           0
EndNode1[0]<--->Repeater1[0]
REAL
   0.456873 -0.00846903 -0.00741301    0.330873
-0.00846903   0.0687332   0.0193147  0.00554035
-0.00741301   0.0193147   0.0660377   0.0265714
   0.330873  0.00554035   0.0265714    0.408356
IMAGINARY
          0 -0.00408127   0.0154175 -0.00529542
 0.00408127           0    0.011946    0.013477
 -0.0154175   -0.011946           0  -0.0197881
 0.00529542   -0.013477   0.0197881           0
EndNode2[0]<--->HoM1[0]
REAL
  0.432535 -0.0183873 -0.0073624   0.328695
-0.0183873  0.0718789  0.0269051 -0.0162543
-0.0073624  0.0269051   0.074401 -0.0119771
  0.328695 -0.0162543 -0.0119771   0.421185
IMAGINARY
          0  0.00475359  -0.0114116  0.00302022
-0.00475359           0   0.0138759   0.0139691
  0.0114116  -0.0138759           0  0.00164027
-0.00302022  -0.0139691 -0.00164027           0
Repeater1[0]<--->EndNode1[0]
REAL
   0.456873 -0.00741301 -0.00846903    0.330873
-0.00741301   0.0660377   0.0193147   0.0265714
-0.00846903   0.0193147   0.0687332  0.00554035
   0.330873   0.0265714  0.00554035    0.408356
IMAGINARY
          0   0.0154175 -0.00408127 -0.00529542
 -0.0154175           0   -0.011946  -0.0197881
 0.00408127    0.011946           0    0.013477
 0.00529542   0.0197881   -0.013477           0
Repeater1[0]<--->HoM1[0]
REAL
  0.432535 -0.0073624 -0.0183873   0.328695
-0.0073624   0.074401  0.0269051 -0.0119771
-0.0183873  0.0269051  0.0718789 -0.0162543
  0.328695 -0.0119771 -0.0162543   0.421185
IMAGINARY
          0  -0.0114116  0.00475359  0.00302022
  0.0114116           0  -0.0138759  0.00164027
-0.00475359   0.0138759           0   0.0139691
-0.00302022 -0.00164027  -0.0139691           0
EndNode1[0]<--->Repeater1[0]
REAL
   0.390746 -0.00805735  0.00702933    0.329392
-0.00805735   0.0912596   0.0189085 -0.00824292
 0.00702933   0.0189085   0.0784062 -0.00407857
   0.329392 -0.00824292 -0.00407857    0.439589
IMAGINARY
          0    0.001997  0.00494795 -0.00671896
  -0.001997           0  0.00606876  -0.0103243
-0.00494795 -0.00606876           0 -0.00334108
 0.00671896   0.0103243  0.00334108           0
EndNode2[0]<--->HoM1[0]
REAL
  0.405405 -0.0131744 -0.0180288    0.32283
-0.0131744  0.0682111  0.0240959 0.00359969
-0.0180288  0.0240959  0.0810811 0.00627353
   0.32283 0.00359969 0.00627353   0.445302
IMAGINARY
         0  0.0260653  0.0151007  0.0107068
-0.0260653          0 -0.0211235 -0.0151007
-0.0151007  0.0211235          0 -0.0197362
-0.0107068  0.0151007  0.0197362          0
Repeater1[0]<--->EndNode1[0]
REAL
   0.390746  0.00702933 -0.00805735    0.329392
 0.00702933   0.0784062   0.0189085 -0.00407857
-0.00805735   0.0189085   0.0912596 -0.00824292
   0.329392 -0.00407857 -0.00824292    0.439589
IMAGINARY
          0  0.00494795    0.001997 -0.00671896
-0.00494795           0 -0.00606876 -0.00334108
  -0.001997  0.00606876           0  -0.0103243
 0.00671896  0.00334108   0.0103243           0
Repeater1[0]<--->HoM1[0]
REAL
  0.405405 -0.0180288 -0.0131744    0.32283
-0.0180288  0.0810811  0.0240959 0.00627353
-0.0131744  0.0240959  0.0682111 0.00359969
   0.32283 0.00627353 0.00359969   0.445302
IMAGINARY
         0  0.0151007  0.0260653  0.0107068
-0.0151007          0  0.0211235 -0.0197362
-0.0260653 -0.0211235          0 -0.0151007
-0.0107068  0.0197362  0.0151007          0
EndNode1[0]<--->Repeater1[0]
REAL
  0.426144 -0.0067619 0.00203173   0.309572
-0.0067619  0.0901961  0.0237617  0.0155121
0.00203173  0.0237617  0.0640523  0.0305714
  0.309572  0.0155121  0.0305714   0.419608
IMAGINARY
          0  0.00667881 -0.00373859  0.00572996
-0.00667881           0  0.00830065  -0.0330753
 0.00373859 -0.00830065           0    0.022103
-0.00572996   0.0330753   -0.022103           0
EndNode2[0]<--->HoM1[0]
REAL
  0.416883 -0.0201842 -0.0104884   0.322772
-0.0201842  0.0649351  0.0281837 0.00220812
-0.0104884  0.0281837   0.087013  0.0208211
  0.322772 0.00220812  0.0208211   0.431169
IMAGINARY
          0   0.0257133  -0.0166067 -0.00236044
 -0.0257133           0  -0.0161581  -0.0172187
  0.0166067   0.0161581           0 -0.00295805
 0.00236044   0.0172187  0.00295805           0
Repeater1[0]<--->EndNode1[0]
REAL
  0.426144 0.00203173 -0.0067619   0.309572
0.00203173  0.0640523  0.0237617  0.0305714
-0.0067619  0.0237617  0.0901961  0.0155121
  0.309572  0.0305714  0.0155121   0.419608
IMAGINARY
          0 -0.00373859  0.00667881  0.00572996
 0.00373859           0 -0.00830065    0.022103
-0.00667881  0.00830065           0  -0.0330753
-0.00572996   -0.022103   0.0330753           0
Repeater1[0]<--->HoM1[0]
REAL
  0.416883 -0.0104884 -0.0201842   0.322772
-0.0104884   0.087013  0.0281837  0.0208211
-0.0201842  0.0281837  0.0649351 0.00220812
  0.322772  0.0208211 0.00220812   0.431169
IMAGINARY
          0  -0.0166067   0.0257133 -0.00236044
  0.0166067           0   0.0161581 -0.00295805
 -0.0257133  -0.0161581           0  -0.0172187
 0.00236044  0.00295805   0.0172187           0
EndNode1[0]<--->Repeater1[0]
REAL
    0.423797  0.000188398 -0.000293555     0.313087
 0.000188398    0.0775401    0.0168366    0.0028511
-0.000293555    0.0168366    0.0802139    0.0138781
    0.313087    0.0028511    0.0138781     0.418449
IMAGINARY
          0  0.00242386  0.00661727 -0.00795218
-0.00242386           0  0.00732007  -0.0178673
-0.00661727 -0.00732007           0   0.0125761
 0.00795218   0.0178673  -0.0125761           0
EndNode2[0]<--->HoM1[0]
REAL
    0.41125  0.00170608 -0.00845916    0.330538
 0.00170608        0.08   0.0341526 0.000727196
-0.00845916   0.0341526        0.08 -0.00814938
   0.330538 0.000727196 -0.00814938     0.42875
IMAGINARY
           0  -0.00691366  -0.00967317    0.0048438
  0.00691366            0  0.000947701   0.00605871
  0.00967317 -0.000947701            0  -0.00754417
  -0.0048438  -0.00605871   0.00754417            0
Repeater1[0]<--->EndNode1[0]
REAL
    0.423797 -0.000293555  0.000188398     0.313087
-0.000293555    0.0802139    0.0168366    0.0138781
 0.000188398    0.0168366    0.0775401    0.0028511
    0.313087    0.0138781    0.0028511     0.418449
IMAGINARY
          0  0.00661727  0.00242386 -0.00795218
-0.00661727           0 -0.00732007   0.0125761
-0.00242386  0.00732007           0  -0.0178673
 0.00795218  -0.0125761   0.0178673           0
Repeater1[0]<--->HoM1[0]
REAL
    0.41125 -0.00845916  0.00170608    0.330538
-0.00845916        0.08   0.0341526 -0.00814938
 0.00170608   0.0341526        0.08 0.000727196
   0.330538 -0.00814938 0.000727196     0.42875
IMAGINARY
           0  -0.00967317  -0.00691366    0.0048438
  0.00967317            0 -0.000947701  -0.00754417
  0.00691366  0.000947701            0   0.00605871
  -0.0048438   0.00754417  -0.00605871            0
EndNode1[0]<--->Repeater1[0]
REAL
    0.440657    0.0188553 -0.000306259     0.322011
   0.0188553    0.0656566    0.0305534   0.00287036
-0.000306259    0.0305534    0.0833333   -0.0150092
    0.322011   0.00287036   -0.0150092     0.410354
IMAGINARY
          0  -0.0112843   0.0270231   0.0118165
  0.0112843           0   0.0138245  0.00438398
 -0.0270231  -0.0138245           0  -0.0201227
 -0.0118165 -0.00438398   0.0201227           0
EndNode2[0]<--->HoM1[0]
REAL
   0.430968   0.0128284  -0.0172856    0.335956
  0.0128284    0.083871   0.0199557 4.42654e-05
 -0.0172856   0.0199557   0.0903226  -0.0288383
   0.335956 4.42654e-05  -0.0288383    0.394839
IMAGINARY
          0   0.0220263   0.0016247 -0.00321194
 -0.0220263           0   0.0133883   0.0063753
 -0.0016247  -0.0133883           0   0.0259737
 0.00321194  -0.0063753  -0.0259737           0
Repeater1[0]<--->EndNode1[0]
REAL
    0.440657 -0.000306259    0.0188553     0.322011
-0.000306259    0.0833333    0.0305534   -0.0150092
   0.0188553    0.0305534    0.0656566   0.00287036
    0.322011   -0.0150092   0.00287036     0.410354
IMAGINARY
          0   0.0270231  -0.0112843   0.0118165
 -0.0270231           0  -0.0138245  -0.0201227
  0.0112843   0.0138245           0  0.00438398
 -0.0118165   0.0201227 -0.00438398           0
Repeater1[0]<--->HoM1[0]
REAL
   0.430968  -0.0172856   0.0128284    0.335956
 -0.0172856   0.0903226   0.0199557  -0.0288383
  0.0128284   0.0199557    0.083871 4.42654e-05
   0.335956  -0.0288383 4.42654e-05    0.394839
IMAGINARY
          0   0.0016247   0.0220263 -0.00321194
 -0.0016247           0  -0.0133883   0.0259737
 -0.0220263   0.0133883           0   0.0063753
 0.00321194  -0.0259737  -0.0063753           0
EndNode1[0]<--->Repeater1[0]
REAL
    0.40213  -0.0181729 -0.00676957    0.322781
 -0.0181729   0.0865513   0.0225162 -0.00808191
-0.00676957   0.0225162   0.0705726 -0.00286674
   0.322781 -0.00808191 -0.00286674    0.440746
IMAGINARY
          0  -0.0247966   0.0152494  0.00965362
  0.0247966           0   0.0332757  -0.0284769
 -0.0152494  -0.0332757           0   0.0128918
-0.00965362   0.0284769  -0.0128918           0
EndNode2[0]<--->HoM1[0]
REAL
   0.435644 -0.00976409 -0.00475299    0.318277
-0.00976409   0.0680693   0.0370689  0.00160833
-0.00475299   0.0370689   0.0792079 0.000330125
   0.318277  0.00160833 0.000330125    0.417079
IMAGINARY
          0   0.0190377  -0.0277728  -0.0159257
 -0.0190377           0 -0.00167537  0.00830969
  0.0277728  0.00167537           0 -0.00360141
  0.0159257 -0.00830969  0.00360141           0
Repeater1[0]<--->EndNode1[0]
REAL
    0.40213 -0.00676957  -0.0181729    0.322781
-0.00676957   0.0705726   0.0225162 -0.00286674
 -0.0181729   0.0225162   0.0865513 -0.00808191
   0.322781 -0.00286674 -0.00808191    0.440746
IMAGINARY
          0   0.0152494  -0.0247966  0.00965362
 -0.0152494           0  -0.0332757   0.0128918
  0.0247966   0.0332757           0  -0.0284769
-0.00965362  -0.0128918   0.0284769           0
Repeater1[0]<--->HoM1[0]
REAL
   0.435644 -0.00475299 -0.00976409    0.318277
-0.00475299   0.0792079   0.0370689 0.000330125
-0.00976409   0.0370689   0.0680693  0.00160833
   0.318277 0.000330125  0.00160833    0.417079
IMAGINARY
          0  -0.0277728   0.0190377  -0.0159257
  0.0277728           0  0.00167537 -0.00360141
 -0.0190377 -0.00167537           0  0.00830969
  0.0159257  0.00360141 -0.00830969           0
EndNode1[0]<--->Repeater1[0]
REAL
  0.415701 -0.0155168 -0.0191184   0.327902
-0.0155168  0.0759331  0.0252354 -0.0109217
-0.0191184  0.0252354  0.0849421 0.00416829
  0.327902 -0.0109217 0.00416829   0.423423
IMAGINARY
          0  -0.0258561  0.00530184  0.00819569
  0.0258561           0  0.00305431  0.00136483
-0.00530184 -0.00305431           0  0.00852272
-0.00819569 -0.00136483 -0.00852272           0
EndNode2[0]<--->HoM1[0]
REAL
   0.439894  0.00687041 -0.00592508    0.341814
 0.00687041   0.0594452   0.0339705  -0.0022305
-0.00592508   0.0339705   0.0713342 -0.00122424
   0.341814  -0.0022305 -0.00122424    0.429326
IMAGINARY
          0  0.00984028  0.00799228   0.0124162
-0.00984028           0 -0.00546297 -0.00341712
-0.00799228  0.00546297           0  -0.0131083
 -0.0124162  0.00341712   0.0131083           0
Repeater1[0]<--->EndNode1[0]
REAL
  0.415701 -0.0191184 -0.0155168   0.327902
-0.0191184  0.0849421  0.0252354 0.00416829
-0.0155168  0.0252354  0.0759331 -0.0109217
  0.327902 0.00416829 -0.0109217   0.423423
IMAGINARY
          0  0.00530184  -0.0258561  0.00819569
-0.00530184           0 -0.00305431  0.00852272
  0.0258561  0.00305431           0  0.00136483
-0.00819569 -0.00852272 -0.00136483           0
Repeater1[0]<--->HoM1[0]
REAL
   0.439894 -0.00592508  0.00687041    0.341814
-0.00592508   0.0713342   0.0339705 -0.00122424
 0.00687041   0.0339705   0.0594452  -0.0022305
   0.341814 -0.00122424  -0.0022305    0.429326
IMAGINARY
          0  0.00799228  0.00984028   0.0124162
-0.00799228           0  0.00546297  -0.0131083
-0.00984028 -0.00546297           0 -0.00341712
 -0.0124162   0.0131083  0.00341712           0
EndNode1[0]<--->Repeater1[0]
REAL
   0.409147  0.00635004 -0.00783039    0.319647
 0.00635004   0.0716934   0.0260981   0.0144793
-0.00783039   0.0260981   0.0877627   0.0109372
   0.319647   0.0144793   0.0109372    0.431397
IMAGINARY
          0 -0.00944121  -0.0111428 -0.00184273
 0.00944121           0 -0.00456753 -0.00627659
  0.0111428  0.00456753           0  0.00363476
 0.00184273  0.00627659 -0.00363476           0
EndNode2[0]<--->HoM1[0]
REAL
    0.437166   0.00704341 -0.000454279     0.325094
  0.00704341    0.0762032    0.0295207    0.0238424
-0.000454279    0.0295207    0.0748663 -9.01845e-05
    0.325094    0.0238424 -9.01845e-05     0.411765
IMAGINARY
           0   -0.0152017     0.017974   0.00662148
   0.0152017            0   0.00597298  -0.00365112
   -0.017974  -0.00597298            0 -0.000423337
 -0.00662148   0.00365112  0.000423337            0
Repeater1[0]<--->EndNode1[0]
REAL
   0.409147 -0.00783039  0.00635004    0.319647
-0.00783039   0.0877627   0.0260981   0.0109372
 0.00635004   0.0260981   0.0716934   0.0144793
   0.319647   0.0109372   0.0144793    0.431397
IMAGINARY
          0  -0.0111428 -0.00944121 -0.00184273
  0.0111428           0  0.00456753  0.00363476
 0.00944121 -0.00456753           0 -0.00627659
 0.00184273 -0.00363476  0.00627659           0
Repeater1[0]<--->HoM1[0]
REAL
    0.437166 -0.000454279   0.00704341     0.325094
-0.000454279    0.0748663    0.0295207 -9.01845e-05
  0.00704341    0.0295207    0.0762032    0.0238424
    0.325094 -9.01845e-05    0.0238424     0.411765
IMAGINARY
           0     0.017974   -0.0152017   0.00662148
   -0.017974            0  -0.00597298 -0.000423337
   0.0152017   0.00597298            0  -0.00365112
 -0.00662148  0.000423337   0.00365112            0
EndNode1[0]<--->Repeater1[0]
REAL
   0.408967   0.0100255 -0.00994537    0.317042
  0.0100255   0.0733696   0.0270297  0.00350207
-0.00994537   0.0270297   0.0652174  0.00543838
   0.317042  0.00350207  0.00543838    0.452446
IMAGINARY
         0  0.0143955  -0.018886  0.0149723
-0.0143955          0  0.0162777  -0.018886
  0.018886 -0.0162777          0  0.0156942
-0.0149723   0.018886 -0.0156942          0
EndNode2[0]<--->HoM1[0]
REAL
   0.429134   0.0174565 -0.00598356    0.327979
  0.0174565   0.0787402   0.0163482 -0.00720905
-0.00598356   0.0163482   0.0931759 -0.00690244
   0.327979 -0.00720905 -0.00690244     0.39895
IMAGINARY
          0 -0.00665871  -0.0237042   0.0123738
 0.00665871           0   0.0216576  -0.0237042
  0.0237042  -0.0216576           0   0.0224615
 -0.0123738   0.0237042  -0.0224615           0
Repeater1[0]<--->EndNode1[0]
REAL
   0.408967 -0.00994537   0.0100255    0.317042
-0.00994537   0.0652174   0.0270297  0.00543838
  0.0100255   0.0270297   0.0733696  0.00350207
   0.317042  0.00543838  0.00350207    0.452446
IMAGINARY
         0  -0.018886  0.0143955  0.0149723
  0.018886          0 -0.0162777  0.0156942
-0.0143955  0.0162777          0  -0.018886
-0.0149723 -0.0156942   0.018886          0
Repeater1[0]<--->HoM1[0]
REAL
   0.429134 -0.00598356   0.0174565    0.327979
-0.00598356   0.0931759   0.0163482 -0.00690244
  0.0174565   0.0163482   0.0787402 -0.00720905
   0.327979 -0.00690244 -0.00720905     0.39895
IMAGINARY
          0  -0.0237042 -0.00665871   0.0123738
  0.0237042           0  -0.0216576   0.0224615
 0.00665871   0.0216576           0  -0.0237042
 -0.0123738  -0.0224615   0.0237042           0
EndNode1[0]<--->Repeater1[0]
REAL
  0.435096 -0.0344633 0.00761947   0.334446
-0.0344633  0.0829327  0.0295343 0.00623443
0.00761947  0.0295343  0.0877404  0.0231283
  0.334446 0.00623443  0.0231283   0.394231
IMAGINARY
           0    0.0179781  -0.00726716  0.000250495
  -0.0179781            0   0.00596841  -0.00978605
  0.00726716  -0.00596841            0     0.014082
-0.000250495   0.00978605    -0.014082            0
EndNode2[0]<--->HoM1[0]
REAL
  0.439153 0.00225059 0.00413689   0.317793
0.00225059  0.0820106  0.0183142 0.00290536
0.00413689  0.0183142  0.0846561 -0.0028908
  0.317793 0.00290536 -0.0028908    0.39418
IMAGINARY
          0   0.0228759 -0.00387968  0.00426392
 -0.0228759           0  -0.0184027 -0.00132866
 0.00387968   0.0184027           0  0.00837405
-0.00426392  0.00132866 -0.00837405           0
Repeater1[0]<--->EndNode1[0]
REAL
  0.435096 0.00761947 -0.0344633   0.334446
0.00761947  0.0877404  0.0295343  0.0231283
-0.0344633  0.0295343  0.0829327 0.00623443
  0.334446  0.0231283 0.00623443   0.394231
IMAGINARY
           0  -0.00726716    0.0179781  0.000250495
  0.00726716            0  -0.00596841     0.014082
  -0.0179781   0.00596841            0  -0.00978605
-0.000250495    -0.014082   0.00978605            0
Repeater1[0]<--->HoM1[0]
REAL
  0.439153 0.00413689 0.00225059   0.317793
0.00413689  0.0846561  0.0183142 -0.0028908
0.00225059  0.0183142  0.0820106 0.00290536
  0.317793 -0.0028908 0.00290536    0.39418
IMAGINARY
          0 -0.00387968   0.0228759  0.00426392
 0.00387968           0   0.0184027  0.00837405
 -0.0228759  -0.0184027           0 -0.00132866
-0.00426392 -0.00837405  0.00132866           0
EndNode1[0]<--->Repeater1[0]
REAL
   0.411097   0.0199445 0.000811515    0.338677
  0.0199445   0.0819672   0.0265628  0.00926405
0.000811515   0.0265628   0.0907945 -0.00105284
   0.338677  0.00926405 -0.00105284    0.416141
IMAGINARY
           0    0.0059174  -0.00187103   0.00268975
  -0.0059174            0 -6.50745e-05   0.00496127
  0.00187103  6.50745e-05            0    0.0033533
 -0.00268975  -0.00496127   -0.0033533            0
EndNode2[0]<--->HoM1[0]
REAL
   0.420724  -0.0163269 -0.00649316    0.327676
 -0.0163269   0.0873908   0.0194916   0.0163746
-0.00649316   0.0194916   0.0811486   0.0235733
   0.327676   0.0163746   0.0235733    0.410737
IMAGINARY
           0    0.0126824    0.0154874   0.00225973
  -0.0126824            0 -0.000324248  -0.00781481
  -0.0154874  0.000324248            0   -0.0254702
 -0.00225973   0.00781481    0.0254702            0
Repeater1[0]<--->EndNode1[0]
REAL
   0.411097 0.000811515   0.0199445    0.338677
0.000811515   0.0907945   0.0265628 -0.00105284
  0.0199445   0.0265628   0.0819672  0.00926405
   0.338677 -0.00105284  0.00926405    0.416141
IMAGINARY
           0  -0.00187103    0.0059174   0.00268975
  0.00187103            0  6.50745e-05    0.0033533
  -0.0059174 -6.50745e-05            0   0.00496127
 -0.00268975   -0.0033533  -0.00496127            0
Repeater1[0]<--->HoM1[0]
REAL
   0.420724 -0.00649316  -0.0163269    0.327676
-0.00649316   0.0811486   0.0194916   0.0235733
 -0.0163269   0.0194916   0.0873908   0.0163746
   0.327676   0.0235733   0.0163746    0.410737
IMAGINARY
           0    0.0154874    0.0126824   0.00225973
  -0.0154874            0  0.000324248   -0.0254702
  -0.0126824 -0.000324248            0  -0.00781481
 -0.00225973    0.0254702   0.00781481            0
EndNode1[0]<--->Repeater1[0]
REAL
   0.446215  -0.0265308 -0.00636426    0.327804
 -0.0265308    0.065073   0.0112902 -0.00376685
-0.00636426   0.0112902    0.065073    0.012824
   0.327804 -0.00376685    0.012824    0.423639
IMAGINARY
           0    0.0061023   0.00527198    0.0203506
  -0.0061023            0 -0.000939673   0.00848949
 -0.00527198  0.000939673            0   -0.0120001
  -0.0203506  -0.00848949    0.0120001            0
EndNode2[0]<--->HoM1[0]
REAL
   0.445145 -0.00409398   0.0130973    0.332482
-0.00409398   0.0907945   0.0170971 -0.00166525
  0.0130973   0.0170971    0.075662   0.0119159
   0.332482 -0.00166525   0.0119159    0.388398
IMAGINARY
          0  0.00304973 -0.00929611    0.010469
-0.00304973           0  0.00629075 -0.00737056
 0.00929611 -0.00629075           0  -0.0171523
  -0.010469  0.00737056   0.0171523           0
Repeater1[0]<--->EndNode1[0]
REAL
   0.446215 -0.00636426  -0.0265308    0.327804
-0.00636426    0.065073   0.0112902    0.012824
 -0.0265308   0.0112902    0.065073 -0.00376685
   0.327804    0.012824 -0.00376685    0.423639
IMAGINARY
           0   0.00527198    0.0061023    0.0203506
 -0.00527198            0  0.000939673   -0.0120001
  -0.0061023 -0.000939673            0   0.00848949
  -0.0203506    0.0120001  -0.00848949            0
Repeater1[0]<--->HoM1[0]
REAL
   0.445145   0.0130973 -0.00409398    0.332482
  0.0130973    0.075662   0.0170971   0.0119159
-0.00409398   0.0170971   0.0907945 -0.00166525
   0.332482   0.0119159 -0.00166525    0.388398
IMAGINARY
          0 -0.00929611  0.00304973    0.010469
 0.00929611           0 -0.00629075  -0.0171523
-0.00304973  0.00629075           0 -0.00737056
  -0.010469   0.0171523  0.00737056           0
EndNode1[0]<--->Repeater1[0]
REAL
   0.430499  0.00666178   0.0124575    0.328855
 0.00666178   0.0782726  0.00427096   0.0205437
  0.0124575  0.00427096    0.074224 -0.00852977
   0.328855   0.0205437 -0.00852977    0.417004
IMAGINARY
          0  0.00190802  0.00756257   0.0014428
-0.00190802           0  -0.0211378 -0.00180073
-0.00756257   0.0211378           0  0.00129301
 -0.0014428  0.00180073 -0.00129301           0
EndNode2[0]<--->HoM1[0]
REAL
   0.395939   0.0116416 -0.00897398    0.316273
  0.0116416   0.0824873   0.0380476 -0.00830997
-0.00897398   0.0380476    0.069797   -0.019049
   0.316273 -0.00830997   -0.019049    0.451777
IMAGINARY
          0 -0.00238834  -0.0010626 -0.00392596
 0.00238834           0  -0.0153048   0.0198798
  0.0010626   0.0153048           0   -0.017773
 0.00392596  -0.0198798    0.017773           0
Repeater1[0]<--->EndNode1[0]
REAL
   0.430499   0.0124575  0.00666178    0.328855
  0.0124575    0.074224  0.00427096 -0.00852977
 0.00666178  0.00427096   0.0782726   0.0205437
   0.328855 -0.00852977   0.0205437    0.417004
IMAGINARY
          0  0.00756257  0.00190802   0.0014428
-0.00756257           0   0.0211378  0.00129301
-0.00190802  -0.0211378           0 -0.00180073
 -0.0014428 -0.00129301  0.00180073           0
Repeater1[0]<--->HoM1[0]
REAL
   0.395939 -0.00897398   0.0116416    0.316273
-0.00897398    0.069797   0.0380476   -0.019049
  0.0116416   0.0380476   0.0824873 -0.00830997
   0.316273   -0.019049 -0.00830997    0.451777
IMAGINARY
          0  -0.0010626 -0.00238834 -0.00392596
  0.0010626           0   0.0153048   -0.017773
 0.00238834  -0.0153048           0   0.0198798
 0.00392596    0.017773  -0.0198798           0
EndNode1[0]<--->Repeater1[0]
REAL
    0.44801 -0.00512476 -0.00439068    0.340175
-0.00512476   0.0706033   0.0192984  -0.0037649
-0.00439068   0.0192984   0.0885751   0.0120256
   0.340175  -0.0037649   0.0120256    0.392811
IMAGINARY
          0  0.00624723 -0.00254549  0.00289757
-0.00624723           0 -0.00165379   0.0141434
 0.00254549  0.00165379           0  -0.0217112
-0.00289757  -0.0141434   0.0217112           0
EndNode2[0]<--->HoM1[0]
REAL
   0.431849  0.00961538 -0.00446723    0.317379
 0.00961538   0.0782726   0.0150384   0.0291925
-0.00446723   0.0150384   0.0782726  0.00961538
   0.317379   0.0291925  0.00961538    0.411606
IMAGINARY
          0  0.00103647 -0.00494681  0.00478077
-0.00103647           0  0.00343668   0.0277036
 0.00494681 -0.00343668           0 -0.00818862
-0.00478077  -0.0277036  0.00818862           0
Repeater1[0]<--->EndNode1[0]
REAL
    0.44801 -0.00439068 -0.00512476    0.340175
-0.00439068   0.0885751   0.0192984   0.0120256
-0.00512476   0.0192984   0.0706033  -0.0037649
   0.340175   0.0120256  -0.0037649    0.392811
IMAGINARY
          0 -0.00254549  0.00624723  0.00289757
 0.00254549           0  0.00165379  -0.0217112
-0.00624723 -0.00165379           0   0.0141434
-0.00289757   0.0217112  -0.0141434           0
Repeater1[0]<--->HoM1[0]
REAL
   0.431849 -0.00446723  0.00961538    0.317379
-0.00446723   0.0782726   0.0150384  0.00961538
 0.00961538   0.0150384   0.0782726   0.0291925
   0.317379  0.00961538   0.0291925    0.411606
IMAGINARY
          0 -0.00494681  0.00103647  0.00478077
 0.00494681           0 -0.00343668 -0.00818862
-0.00103647  0.00343668           0   0.0277036
-0.00478077  0.00818862  -0.0277036           0
EndNode1[0]<--->Repeater1[0]
REAL
   0.406548   0.0125927  -0.0122075    0.325249
  0.0125927   0.0613915   0.0342237   0.0015425
 -0.0122075   0.0342237   0.0859482 -0.00318237
   0.325249   0.0015425 -0.00318237    0.446112
IMAGINARY
          0 -0.00516091 -0.00260847 -0.00190601
 0.00516091           0 -0.00498104 -0.00380179
 0.00260847  0.00498104           0   -0.017916
 0.00190601  0.00380179    0.017916           0
EndNode2[0]<--->HoM1[0]
REAL
   0.421918   0.0311595   0.0160831    0.321098
  0.0311595   0.0712329   0.0169479   0.0186212
  0.0160831   0.0169479   0.0808219 -0.00673786
   0.321098   0.0186212 -0.00673786    0.426027
IMAGINARY
          0   0.0133241 -0.00172774  0.00217862
 -0.0133241           0   0.0263332 -0.00670287
 0.00172774  -0.0263332           0  0.00677963
-0.00217862  0.00670287 -0.00677963           0
Repeater1[0]<--->EndNode1[0]
REAL
   0.406548  -0.0122075   0.0125927    0.325249
 -0.0122075   0.0859482   0.0342237 -0.00318237
  0.0125927   0.0342237   0.0613915   0.0015425
   0.325249 -0.00318237   0.0015425    0.446112
IMAGINARY
          0 -0.00260847 -0.00516091 -0.00190601
 0.00260847           0  0.00498104   -0.017916
 0.00516091 -0.00498104           0 -0.00380179
 0.00190601    0.017916  0.00380179           0
Repeater1[0]<--->HoM1[0]
REAL
   0.421918   0.0160831   0.0311595    0.321098
  0.0160831   0.0808219   0.0169479 -0.00673786
  0.0311595   0.0169479   0.0712329   0.0186212
   0.321098 -0.00673786   0.0186212    0.426027
IMAGINARY
          0 -0.00172774   0.0133241  0.00217862
 0.00172774           0  -0.0263332  0.00677963
 -0.0133241   0.0263332           0 -0.00670287
-0.00217862 -0.00677963  0.00670287           0
EndNode1[0]<--->Repeater1[0]
REAL
  0.420596 -0.0019572   0.009944    0.31301
-0.0019572  0.0880893  0.0161354 -0.0112003
  0.009944  0.0161354  0.0694789  0.0208014
   0.31301 -0.0112003  0.0208014   0.421836
IMAGINARY
           0    0.0069302   -0.0266469    0.0274878
  -0.0069302            0  0.000690429   -0.0241343
   0.0266469 -0.000690429            0    0.0230177
  -0.0274878    0.0241343   -0.0230177            0
EndNode2[0]<--->HoM1[0]
REAL
   0.436409  -0.0178486 -0.00534309    0.323906
 -0.0178486    0.074813   0.0234036 -0.00279207
-0.00534309   0.0234036   0.0773067 -0.00780846
   0.323906 -0.00279207 -0.00780846    0.411471
IMAGINARY
          0  0.00103852   0.0311944  0.00873389
-0.00103852           0 -0.00614321   0.0108382
 -0.0311944  0.00614321           0  -0.0192317
-0.00873389  -0.0108382   0.0192317           0
Repeater1[0]<--->EndNode1[0]
REAL
  0.420596   0.009944 -0.0019572    0.31301
  0.009944  0.0694789  0.0161354  0.0208014
-0.0019572  0.0161354  0.0880893 -0.0112003
   0.31301  0.0208014 -0.0112003   0.421836
IMAGINARY
           0   -0.0266469    0.0069302    0.0274878
   0.0266469            0 -0.000690429    0.0230177
  -0.0069302  0.000690429            0   -0.0241343
  -0.0274878   -0.0230177    0.0241343            0
Repeater1[0]<--->HoM1[0]
REAL
   0.436409 -0.00534309  -0.0178486    0.323906
-0.00534309   0.0773067   0.0234036 -0.00780846
 -0.0178486   0.0234036    0.074813 -0.00279207
   0.323906 -0.00780846 -0.00279207    0.411471
IMAGINARY
          0   0.0311944  0.00103852  0.00873389
 -0.0311944           0  0.00614321  -0.0192317
-0.00103852 -0.00614321           0   0.0108382
-0.00873389   0.0192317  -0.0108382           0
EndNode1[0]<--->Repeater1[0]
REAL
   0.432741  -0.0182042 -0.00275592    0.343245
 -0.0182042   0.0824873     0.02958 -0.00862293
-0.00275592     0.02958    0.072335  0.00548662
   0.343245 -0.00862293  0.00548662    0.412437
IMAGINARY
          0   0.0101783  -0.0106149  0.00968373
 -0.0101783           0  -0.0195134  -0.0173354
  0.0106149   0.0195134           0    0.012803
-0.00968373   0.0173354   -0.012803           0
EndNode2[0]<--->HoM1[0]
REAL
 0.449875 0.0428112 0.0218079  0.333632
0.0428112 0.0726817 0.0156832  0.021156
0.0218079 0.0156832 0.0764411 0.0113606
 0.333632  0.021156 0.0113606  0.401003
IMAGINARY
          0  0.00706574 -0.00769231  -0.0067801
-0.00706574           0  0.00943262 -0.00769231
 0.00769231 -0.00943262           0  0.00831887
  0.0067801  0.00769231 -0.00831887           0
Repeater1[0]<--->EndNode1[0]
REAL
   0.432741 -0.00275592  -0.0182042    0.343245
-0.00275592    0.072335     0.02958  0.00548662
 -0.0182042     0.02958   0.0824873 -0.00862293
   0.343245  0.00548662 -0.00862293    0.412437
IMAGINARY
          0  -0.0106149   0.0101783  0.00968373
  0.0106149           0   0.0195134    0.012803
 -0.0101783  -0.0195134           0  -0.0173354
-0.00968373   -0.012803   0.0173354           0
Repeater1[0]<--->HoM1[0]
REAL
 0.449875 0.0218079 0.0428112  0.333632
0.0218079 0.0764411 0.0156832 0.0113606
0.0428112 0.0156832 0.0726817  0.021156
 0.333632 0.0113606  0.021156  0.401003
IMAGINARY
          0 -0.00769231  0.00706574  -0.0067801
 0.00769231           0 -0.00943262  0.00831887
-0.00706574  0.00943262           0 -0.00769231
  0.0067801 -0.00831887  0.00769231           0
EndNode1[0]<--->Repeater1[0]
REAL
   0.412292  -0.0240345  -0.0195994    0.307497
 -0.0240345   0.0947503    0.015189 -0.00321673
 -0.0195994    0.015189   0.0729834   0.0194712
   0.307497 -0.00321673   0.0194712    0.419974
IMAGINARY
          0  0.00302916 -0.00317531  -0.0282593
-0.00302916           0 -0.00498882  -0.0109273
 0.00317531  0.00498882           0  -0.0120035
  0.0282593   0.0109273   0.0120035           0
EndNode2[0]<--->HoM1[0]
REAL
   0.449118 -0.00764421  -0.0161191    0.328868
-0.00764421   0.0773406    0.042618   0.0248205
 -0.0161191    0.042618    0.082768   0.0163457
   0.328868   0.0248205   0.0163457    0.390773
IMAGINARY
          0  -0.0156664   0.0224814 -0.00679245
  0.0156664           0   0.0024554   0.0175186
 -0.0224814  -0.0024554           0 -0.00308361
 0.00679245  -0.0175186  0.00308361           0
Repeater1[0]<--->EndNode1[0]
REAL
   0.412292  -0.0195994  -0.0240345    0.307497
 -0.0195994   0.0729834    0.015189   0.0194712
 -0.0240345    0.015189   0.0947503 -0.00321673
   0.307497   0.0194712 -0.00321673    0.419974
IMAGINARY
          0 -0.00317531  0.00302916  -0.0282593
 0.00317531           0  0.00498882  -0.0120035
-0.00302916 -0.00498882           0  -0.0109273
  0.0282593   0.0120035   0.0109273           0
Repeater1[0]<--->HoM1[0]
REAL
   0.449118  -0.0161191 -0.00764421    0.328868
 -0.0161191    0.082768    0.042618   0.0163457
-0.00764421    0.042618   0.0773406   0.0248205
   0.328868   0.0163457   0.0248205    0.390773
IMAGINARY
          0   0.0224814  -0.0156664 -0.00679245
 -0.0224814           0  -0.0024554 -0.00308361
  0.0156664   0.0024554           0   0.0175186
 0.00679245  0.00308361  -0.0175186           0
EndNode1[0]<--->Repeater1[0]
REAL
   0.463415 -0.00644879 -0.00975091    0.321851
-0.00644879   0.0629012   0.0330307  0.00579313
-0.00975091   0.0330307   0.0834403  -0.0159787
   0.321851  0.00579313  -0.0159787    0.390244
IMAGINARY
          0 -0.00508296  0.00561598  0.00553856
 0.00508296           0  -0.0134333  0.00494303
-0.00561598   0.0134333           0  0.00197737
-0.00553856 -0.00494303 -0.00197737           0
EndNode2[0]<--->HoM1[0]
REAL
   0.406417  -0.0107758 -0.00184995    0.326734
 -0.0107758   0.0735294   0.0230687  0.00250871
-0.00184995   0.0230687   0.0641711   -0.020186
   0.326734  0.00250871   -0.020186    0.455882
IMAGINARY
          0 -0.00702303   0.0157269  -0.0219156
 0.00702303           0   0.0107215  0.00652443
 -0.0157269  -0.0107215           0  -0.0204639
  0.0219156 -0.00652443   0.0204639           0
Repeater1[0]<--->EndNode1[0]
REAL
   0.463415 -0.00975091 -0.00644879    0.321851
-0.00975091   0.0834403   0.0330307  -0.0159787
-0.00644879   0.0330307   0.0629012  0.00579313
   0.321851  -0.0159787  0.00579313    0.390244
IMAGINARY
          0  0.00561598 -0.00508296  0.00553856
-0.00561598           0   0.0134333  0.00197737
 0.00508296  -0.0134333           0  0.00494303
-0.00553856 -0.00197737 -0.00494303           0
Repeater1[0]<--->HoM1[0]
REAL
   0.406417 -0.00184995  -0.0107758    0.326734
-0.00184995   0.0641711   0.0230687   -0.020186
 -0.0107758   0.0230687   0.0735294  0.00250871
   0.326734   -0.020186  0.00250871    0.455882
IMAGINARY
          0   0.0157269 -0.00702303  -0.0219156
 -0.0157269           0  -0.0107215  -0.0204639
 0.00702303   0.0107215           0  0.00652443
  0.0219156   0.0204639 -0.00652443           0
EndNode1[0]<--->Repeater1[0]
REAL
   0.422104 -0.00465175  -0.0176317    0.320113
-0.00465175   0.0838881   0.0246301  -0.0251556
 -0.0176317   0.0246301   0.0892144  -0.0149082
   0.320113  -0.0251556  -0.0149082    0.404794
IMAGINARY
           0   -0.0298552    0.0221048   0.00802517
   0.0298552            0  0.000192274  -0.00140218
  -0.0221048 -0.000192274            0   0.00287906
 -0.00802517   0.00140218  -0.00287906            0
EndNode2[0]<--->HoM1[0]
REAL
  0.446335 0.00713304 -0.0124511   0.331719
0.00713304  0.0837696  0.0170424  0.0183181
-0.0124511  0.0170424  0.0641361 0.00134154
  0.331719  0.0183181 0.00134154   0.405759
IMAGINARY
          0  -0.0106581   0.0204915 -0.00981429
  0.0106581           0   0.0196697    0.021797
 -0.0204915  -0.0196697           0  -0.0204364
 0.00981429   -0.021797   0.0204364           0
Repeater1[0]<--->EndNode1[0]
REAL
   0.422104  -0.0176317 -0.00465175    0.320113
 -0.0176317   0.0892144   0.0246301  -0.0149082
-0.00465175   0.0246301   0.0838881  -0.0251556
   0.320113  -0.0149082  -0.0251556    0.404794
IMAGINARY
           0    0.0221048   -0.0298552   0.00802517
  -0.0221048            0 -0.000192274   0.00287906
   0.0298552  0.000192274            0  -0.00140218
 -0.00802517  -0.00287906   0.00140218            0
Repeater1[0]<--->HoM1[0]
REAL
  0.446335 -0.0124511 0.00713304   0.331719
-0.0124511  0.0641361  0.0170424 0.00134154
0.00713304  0.0170424  0.0837696  0.0183181
  0.331719 0.00134154  0.0183181   0.405759
IMAGINARY
          0   0.0204915  -0.0106581 -0.00981429
 -0.0204915           0  -0.0196697  -0.0204364
  0.0106581   0.0196697           0    0.021797
 0.00981429   0.0204364   -0.021797           0
EndNode1[0]<--->Repeater1[0]
REAL
    0.42711 -0.00762283  0.00127463    0.311299
-0.00762283    0.084399   0.0218253 -0.00190199
 0.00127463   0.0218253   0.0716113  0.00825018
   0.311299 -0.00190199  0.00825018     0.41688
IMAGINARY
          0  0.00259949  -0.0140495 -0.00372885
-0.00259949           0   -0.015325   0.0044218
  0.0140495    0.015325           0 -0.00837612
 0.00372885  -0.0044218  0.00837612           0
EndNode2[0]<--->HoM1[0]
REAL
   0.437877  -0.0136016 0.000100698    0.341412
 -0.0136016   0.0747889   0.0182823   0.0113789
0.000100698   0.0182823   0.0759952  0.00977505
   0.341412   0.0113789  0.00977505    0.411339
IMAGINARY
          0  0.00761922  -0.0168585 -0.00720977
-0.00761922           0   0.0213798   -0.006951
  0.0168585  -0.0213798           0   0.0107481
 0.00720977    0.006951  -0.0107481           0
