EndNode1[0]<--->Repeater1[0]
REAL
   0.318408   0.0266549 -0.00694526   0.0795728
  0.0266549    0.243781  0.00150828 -0.00165425
-0.00694526  0.00150828     0.19403  -0.0192839
  0.0795728 -0.00165425  -0.0192839    0.243781
IMAGINARY
          0 -0.00424371 -0.00774359 -0.00857865
 0.00424371           0 -0.00162543 -0.00838544
 0.00774359  0.00162543           0 -0.00156274
 0.00857865  0.00838544  0.00156274           0
EndNode2[0]<--->HoM1[0]
REAL
  0.301442 -0.0156758 -0.0298303  0.0596279
-0.0156758   0.246396  0.0250282 -0.0151432
-0.0298303  0.0250282   0.225426  0.0103848
 0.0596279 -0.0151432  0.0103848   0.226737
IMAGINARY
           0  0.000940105  -0.00764779  -0.00101291
-0.000940105            0   -0.0193953  0.000185106
  0.00764779    0.0193953            0   -0.0328261
  0.00101291 -0.000185106    0.0328261            0
Repeater1[0]<--->EndNode1[0]
REAL
   0.318408 -0.00694526   0.0266549   0.0795728
-0.00694526     0.19403  0.00150828  -0.0192839
  0.0266549  0.00150828    0.243781 -0.00165425
  0.0795728  -0.0192839 -0.00165425    0.243781
IMAGINARY
          0 -0.00774359 -0.00424371 -0.00857865
 0.00774359           0  0.00162543 -0.00156274
 0.00424371 -0.00162543           0 -0.00838544
 0.00857865  0.00156274  0.00838544           0
Repeater1[0]<--->HoM1[0]
REAL
  0.301442 -0.0298303 -0.0156758  0.0596279
-0.0298303   0.225426  0.0250282  0.0103848
-0.0156758  0.0250282   0.246396 -0.0151432
 0.0596279  0.0103848 -0.0151432   0.226737
IMAGINARY
           0  -0.00764779  0.000940105  -0.00101291
  0.00764779            0    0.0193953   -0.0328261
-0.000940105   -0.0193953            0  0.000185106
  0.00101291    0.0328261 -0.000185106            0
EndNode1[0]<--->Repeater1[0]
REAL
   0.325729   0.0157065 -0.00804586   0.0782693
  0.0157065    0.271229   0.0318776   0.0073783
-0.00804586   0.0318776    0.196451  0.00498773
  0.0782693   0.0073783  0.00498773    0.206591
IMAGINARY
          0 -0.00180153 -0.00269876   0.0251923
 0.00180153           0  0.00672262    0.013008
 0.00269876 -0.00672262           0  0.00953349
 -0.0251923   -0.013008 -0.00953349           0
EndNode2[0]<--->HoM1[0]
REAL
      0.2875 -0.000484147    0.0196478    0.0630693
-0.000484147         0.24    0.0560984   0.00620345
   0.0196478    0.0560984      0.24375   0.00363673
   0.0630693   0.00620345   0.00363673      0.22875
IMAGINARY
           0   -0.0155364    0.0228515  -0.00634318
   0.0155364            0   0.00499183  -0.00700869
  -0.0228515  -0.00499183            0  0.000961025
  0.00634318   0.00700869 -0.000961025            0
Repeater1[0]<--->EndNode1[0]
REAL
   0.325729 -0.00804586   0.0157065   0.0782693
-0.00804586    0.196451   0.0318776  0.00498773
  0.0157065   0.0318776    0.271229   0.0073783
  0.0782693  0.00498773   0.0073783    0.206591
IMAGINARY
          0 -0.00269876 -0.00180153   0.0251923
 0.00269876           0 -0.00672262  0.00953349
 0.00180153  0.00672262           0    0.013008
 -0.0251923 -0.00953349   -0.013008           0
Repeater1[0]<--->HoM1[0]
REAL
      0.2875    0.0196478 -0.000484147    0.0630693
   0.0196478      0.24375    0.0560984   0.00363673
-0.000484147    0.0560984         0.24   0.00620345
   0.0630693   0.00363673   0.00620345      0.22875
IMAGINARY
           0    0.0228515   -0.0155364  -0.00634318
  -0.0228515            0  -0.00499183  0.000961025
   0.0155364   0.00499183            0  -0.00700869
  0.00634318 -0.000961025   0.00700869            0
EndNode1[0]<--->Repeater1[0]
REAL
      0.3125   -0.0288571  -0.00954804    0.0797843
  -0.0288571      0.24875    0.0387587 -0.000385736
 -0.00954804    0.0387587       0.1975  -0.00756676
   0.0797843 -0.000385736  -0.00756676      0.24125
IMAGINARY
          0  -0.0134665 -0.00159642 -0.00155318
  0.0134665           0  0.00989721  0.00159642
 0.00159642 -0.00989721           0 -0.00961044
 0.00155318 -0.00159642  0.00961044           0
EndNode2[0]<--->HoM1[0]
REAL
   0.31477 -0.0194528 -0.0112281  0.0795932
-0.0194528   0.223971  0.0387768  0.0170496
-0.0112281  0.0387768   0.248184 -0.0148293
 0.0795932  0.0170496 -0.0148293   0.213075
IMAGINARY
           0  -0.00209743  0.000588317    0.0102847
  0.00209743            0   -0.0158197   0.00834025
-0.000588317    0.0158197            0   0.00592396
  -0.0102847  -0.00834025  -0.00592396            0
Repeater1[0]<--->EndNode1[0]
REAL
      0.3125  -0.00954804   -0.0288571    0.0797843
 -0.00954804       0.1975    0.0387587  -0.00756676
  -0.0288571    0.0387587      0.24875 -0.000385736
   0.0797843  -0.00756676 -0.000385736      0.24125
IMAGINARY
          0 -0.00159642  -0.0134665 -0.00155318
 0.00159642           0 -0.00989721 -0.00961044
  0.0134665  0.00989721           0  0.00159642
 0.00155318  0.00961044 -0.00159642           0
Repeater1[0]<--->HoM1[0]
REAL
   0.31477 -0.0112281 -0.0194528  0.0795932
-0.0112281   0.248184  0.0387768 -0.0148293
-0.0194528  0.0387768   0.223971  0.0170496
 0.0795932 -0.0148293  0.0170496   0.213075
IMAGINARY
           0  0.000588317  -0.00209743    0.0102847
-0.000588317            0    0.0158197   0.00592396
  0.00209743   -0.0158197            0   0.00834025
  -0.0102847  -0.00592396  -0.00834025            0
