EndNode1[0]<--->Repeater1[0]
REAL
   0.363752  -0.0134842  -0.0252299   0.0777045
 -0.0134842    0.281369   0.0139185 -0.00225697
 -0.0252299   0.0139185    0.188847 -0.00614927
  0.0777045 -0.00225697 -0.00614927    0.166033
IMAGINARY
          0  -0.0292414   0.0159259  -0.0273509
  0.0292414           0  -0.0129218  0.00259259
 -0.0159259   0.0129218           0  0.00797942
  0.0273509 -0.00259259 -0.00797942           0
EndNode2[0]<--->HoM1[0]
REAL
   0.325828  -0.0130208  -0.0140665   0.0499775
 -0.0130208    0.251656 -0.00310247   0.0236819
 -0.0140665 -0.00310247    0.237086   0.0190304
  0.0499775   0.0236819   0.0190304     0.18543
IMAGINARY
           0 -0.000545396   -0.0272157   0.00385817
 0.000545396            0  -0.00250315  -0.00358382
   0.0272157   0.00250315            0   0.00644317
 -0.00385817   0.00358382  -0.00644317            0
Repeater1[0]<--->EndNode1[0]
REAL
   0.363752  -0.0252299  -0.0134842   0.0777045
 -0.0252299    0.188847   0.0139185 -0.00614927
 -0.0134842   0.0139185    0.281369 -0.00225697
  0.0777045 -0.00614927 -0.00225697    0.166033
IMAGINARY
          0   0.0159259  -0.0292414  -0.0273509
 -0.0159259           0   0.0129218  0.00797942
  0.0292414  -0.0129218           0  0.00259259
  0.0273509 -0.00797942 -0.00259259           0
Repeater1[0]<--->HoM1[0]
REAL
   0.325828  -0.0140665  -0.0130208   0.0499775
 -0.0140665    0.237086 -0.00310247   0.0190304
 -0.0130208 -0.00310247    0.251656   0.0236819
  0.0499775   0.0190304   0.0236819     0.18543
IMAGINARY
           0   -0.0272157 -0.000545396   0.00385817
   0.0272157            0   0.00250315   0.00644317
 0.000545396  -0.00250315            0  -0.00358382
 -0.00385817  -0.00644317   0.00358382            0
EndNode1[0]<--->Repeater1[0]
REAL
   0.312332  0.00210036 -0.00659417   0.0298694
 0.00210036    0.309651   0.0240779 -0.00787952
-0.00659417   0.0240779    0.210456 -0.00473194
  0.0298694 -0.00787952 -0.00473194     0.16756
IMAGINARY
          0 -0.00151412  0.00153195  0.00463424
 0.00151412           0  0.00205026 -0.00474946
-0.00153195 -0.00205026           0   0.0278976
-0.00463424  0.00474946  -0.0278976           0
EndNode2[0]<--->HoM1[0]
REAL
   0.303249  -0.0103754  -0.0041212   0.0341095
 -0.0103754     0.22503   0.0293084 -0.00589215
 -0.0041212   0.0293084    0.245487  0.00703758
  0.0341095 -0.00589215  0.00703758    0.226233
IMAGINARY
           0  0.000176212  -0.00346618    -0.020847
-0.000176212            0  -0.00526262  -0.00682189
  0.00346618   0.00526262            0   0.00874011
    0.020847   0.00682189  -0.00874011            0
Repeater1[0]<--->EndNode1[0]
REAL
   0.312332 -0.00659417  0.00210036   0.0298694
-0.00659417    0.210456   0.0240779 -0.00473194
 0.00210036   0.0240779    0.309651 -0.00787952
  0.0298694 -0.00473194 -0.00787952     0.16756
IMAGINARY
          0  0.00153195 -0.00151412  0.00463424
-0.00153195           0 -0.00205026   0.0278976
 0.00151412  0.00205026           0 -0.00474946
-0.00463424  -0.0278976  0.00474946           0
Repeater1[0]<--->HoM1[0]
REAL
   0.303249  -0.0041212  -0.0103754   0.0341095
 -0.0041212    0.245487   0.0293084  0.00703758
 -0.0103754   0.0293084     0.22503 -0.00589215
  0.0341095  0.00703758 -0.00589215    0.226233
IMAGINARY
           0  -0.00346618  0.000176212    -0.020847
  0.00346618            0   0.00526262   0.00874011
-0.000176212  -0.00526262            0  -0.00682189
    0.020847  -0.00874011   0.00682189            0
