EndNode1[0]<--->Repeater1[0]
REAL
   0.437984   -0.009791 -0.00990792    0.389604
  -0.009791   0.0801034   0.0241216  -0.0129679
-0.00990792   0.0241216   0.0839793  -0.0130848
   0.389604  -0.0129679  -0.0130848    0.397933
IMAGINARY
           0  -0.00810738  -0.00190195    0.0130133
  0.00810738            0 -0.000463776 -0.000636124
  0.00190195  0.000463776            0   0.00303124
  -0.0130133  0.000636124  -0.00303124            0
EndNode2[0]<--->HoM1[0]
REAL
   0.428394 -0.00153974  -0.0131288    0.391401
-0.00153974   0.0647572   0.0306418   0.0225374
 -0.0131288   0.0306418   0.0722291 -0.00786886
   0.391401   0.0225374 -0.00786886     0.43462
IMAGINARY
          0 -0.00189562   0.0112099  -0.0115596
 0.00189562           0 -0.00425548 -0.00361493
 -0.0112099  0.00425548           0  -0.0234208
  0.0115596  0.00361493   0.0234208           0
Repeater1[0]<--->EndNode1[0]
REAL
   0.437984 -0.00990792   -0.009791    0.389604
-0.00990792   0.0839793   0.0241216  -0.0130848
  -0.009791   0.0241216   0.0801034  -0.0129679
   0.389604  -0.0130848  -0.0129679    0.397933
IMAGINARY
           0  -0.00190195  -0.00810738    0.0130133
  0.00190195            0  0.000463776   0.00303124
  0.00810738 -0.000463776            0 -0.000636124
  -0.0130133  -0.00303124  0.000636124            0
Repeater1[0]<--->HoM1[0]
REAL
   0.428394  -0.0131288 -0.00153974    0.391401
 -0.0131288   0.0722291   0.0306418 -0.00786886
-0.00153974   0.0306418   0.0647572   0.0225374
   0.391401 -0.00786886   0.0225374     0.43462
IMAGINARY
          0   0.0112099 -0.00189562  -0.0115596
 -0.0112099           0  0.00425548  -0.0234208
 0.00189562 -0.00425548           0 -0.00361493
  0.0115596   0.0234208  0.00361493           0
EndNode1[0]<--->Repeater1[0]
REAL
   0.44557 -0.0185984  -0.012958    0.38815
-0.0185984  0.0582278  0.0386474 0.00446131
 -0.012958  0.0386474  0.0797468   0.025788
   0.38815 0.00446131   0.025788   0.416456
IMAGINARY
          0 -0.00931901 -0.00659723  0.00106409
 0.00931901           0  -0.0105939   0.0115724
 0.00659723   0.0105939           0  -0.0118253
-0.00106409  -0.0115724   0.0118253           0
EndNode2[0]<--->HoM1[0]
REAL
   0.394595   0.0124075  -0.0145273    0.382075
  0.0124075   0.0783784   0.0298023   0.0011173
 -0.0145273   0.0298023   0.0824324 -0.00155185
   0.382075   0.0011173 -0.00155185    0.444595
IMAGINARY
          0  -0.0304115   0.0132055  -0.0122917
  0.0304115           0   0.0215624   0.0183601
 -0.0132055  -0.0215624           0  0.00515897
  0.0122917  -0.0183601 -0.00515897           0
Repeater1[0]<--->EndNode1[0]
REAL
   0.44557  -0.012958 -0.0185984    0.38815
 -0.012958  0.0797468  0.0386474   0.025788
-0.0185984  0.0386474  0.0582278 0.00446131
   0.38815   0.025788 0.00446131   0.416456
IMAGINARY
          0 -0.00659723 -0.00931901  0.00106409
 0.00659723           0   0.0105939  -0.0118253
 0.00931901  -0.0105939           0   0.0115724
-0.00106409   0.0118253  -0.0115724           0
Repeater1[0]<--->HoM1[0]
REAL
   0.394595  -0.0145273   0.0124075    0.382075
 -0.0145273   0.0824324   0.0298023 -0.00155185
  0.0124075   0.0298023   0.0783784   0.0011173
   0.382075 -0.00155185   0.0011173    0.444595
IMAGINARY
          0   0.0132055  -0.0304115  -0.0122917
 -0.0132055           0  -0.0215624  0.00515897
  0.0304115   0.0215624           0   0.0183601
  0.0122917 -0.00515897  -0.0183601           0
EndNode1[0]<--->Repeater1[0]
REAL
   0.432364   0.0130732  -0.0025982    0.395319
  0.0130732   0.0695322   0.0208096 -0.00191793
 -0.0025982   0.0208096   0.0720607 -0.00339581
   0.395319 -0.00191793 -0.00339581    0.426043
IMAGINARY
          0      0.0121 -0.00266637  -0.0288077
    -0.0121           0 -0.00255766   -0.024131
 0.00266637  0.00255766           0   0.0146974
  0.0288077    0.024131  -0.0146974           0
EndNode2[0]<--->HoM1[0]
REAL
   0.443325  0.00312966  -0.0244629     0.38969
 0.00312966   0.0604534   0.0360957  0.00999746
 -0.0244629   0.0360957   0.0554156 -0.00879004
    0.38969  0.00999746 -0.00879004    0.440806
IMAGINARY
          0  0.00455563   -0.025794 -0.00239573
-0.00455563           0 -0.00500669  -0.0140753
   0.025794  0.00500669           0   0.0300849
 0.00239573   0.0140753  -0.0300849           0
Repeater1[0]<--->EndNode1[0]
REAL
   0.432364  -0.0025982   0.0130732    0.395319
 -0.0025982   0.0720607   0.0208096 -0.00339581
  0.0130732   0.0208096   0.0695322 -0.00191793
   0.395319 -0.00339581 -0.00191793    0.426043
IMAGINARY
          0 -0.00266637      0.0121  -0.0288077
 0.00266637           0  0.00255766   0.0146974
    -0.0121 -0.00255766           0   -0.024131
  0.0288077  -0.0146974    0.024131           0
Repeater1[0]<--->HoM1[0]
REAL
   0.443325  -0.0244629  0.00312966     0.38969
 -0.0244629   0.0554156   0.0360957 -0.00879004
 0.00312966   0.0360957   0.0604534  0.00999746
    0.38969 -0.00879004  0.00999746    0.440806
IMAGINARY
          0   -0.025794  0.00455563 -0.00239573
   0.025794           0  0.00500669   0.0300849
-0.00455563 -0.00500669           0  -0.0140753
 0.00239573  -0.0300849   0.0140753           0
EndNode1[0]<--->Repeater1[0]
REAL
   0.424204  0.00645827  0.00416851    0.391617
 0.00645827   0.0700637   0.0370467 0.000371045
 0.00416851   0.0370467   0.0675159  -0.0135919
   0.391617 0.000371045  -0.0135919    0.438217
IMAGINARY
          0   0.0143121  0.00408965  -0.0149543
 -0.0143121           0  -0.0155801    0.018071
-0.00408965   0.0155801           0  -0.0295476
  0.0149543   -0.018071   0.0295476           0
EndNode2[0]<--->HoM1[0]
REAL
  0.424802 0.00990972 -0.0145938   0.371046
0.00990972   0.060686  0.0390255  0.0157929
-0.0145938  0.0390255  0.0646438  -0.019502
  0.371046  0.0157929  -0.019502   0.449868
IMAGINARY
          0 -0.00473699  0.00158428   0.0153878
 0.00473699           0   -0.022313 -0.00158428
-0.00158428    0.022313           0  0.00211232
 -0.0153878  0.00158428 -0.00211232           0
Repeater1[0]<--->EndNode1[0]
REAL
   0.424204  0.00416851  0.00645827    0.391617
 0.00416851   0.0675159   0.0370467  -0.0135919
 0.00645827   0.0370467   0.0700637 0.000371045
   0.391617  -0.0135919 0.000371045    0.438217
IMAGINARY
          0  0.00408965   0.0143121  -0.0149543
-0.00408965           0   0.0155801  -0.0295476
 -0.0143121  -0.0155801           0    0.018071
  0.0149543   0.0295476   -0.018071           0
Repeater1[0]<--->HoM1[0]
REAL
  0.424802 -0.0145938 0.00990972   0.371046
-0.0145938  0.0646438  0.0390255  -0.019502
0.00990972  0.0390255   0.060686  0.0157929
  0.371046  -0.019502  0.0157929   0.449868
IMAGINARY
          0  0.00158428 -0.00473699   0.0153878
-0.00158428           0    0.022313  0.00211232
 0.00473699   -0.022313           0 -0.00158428
 -0.0153878 -0.00211232  0.00158428           0
EndNode1[0]<--->Repeater1[0]
REAL
    0.446753   0.00886904 -6.71645e-05     0.388454
  0.00886904    0.0675325    0.0362116    0.0225459
-6.71645e-05    0.0362116     0.061039    0.0160398
    0.388454    0.0225459    0.0160398     0.424675
IMAGINARY
          0   0.0138053  0.00663717  -0.0142307
 -0.0138053           0  -0.0108014 -0.00663717
-0.00663717   0.0108014           0 -0.00588974
  0.0142307  0.00663717  0.00588974           0
EndNode2[0]<--->HoM1[0]
REAL
    0.411311 -0.000989607    0.0130271     0.391379
-0.000989607    0.0681234    0.0302678  -0.00572294
   0.0130271    0.0302678    0.0719794    0.0202459
    0.391379  -0.00572294    0.0202459     0.448586
IMAGINARY
          0 -0.00415722   0.0123624  0.00171135
 0.00415722           0   0.0097976   0.0207064
 -0.0123624  -0.0097976           0  -0.0143613
-0.00171135  -0.0207064   0.0143613           0
Repeater1[0]<--->EndNode1[0]
REAL
    0.446753 -6.71645e-05   0.00886904     0.388454
-6.71645e-05     0.061039    0.0362116    0.0160398
  0.00886904    0.0362116    0.0675325    0.0225459
    0.388454    0.0160398    0.0225459     0.424675
IMAGINARY
          0  0.00663717   0.0138053  -0.0142307
-0.00663717           0   0.0108014 -0.00588974
 -0.0138053  -0.0108014           0 -0.00663717
  0.0142307  0.00588974  0.00663717           0
Repeater1[0]<--->HoM1[0]
REAL
    0.411311    0.0130271 -0.000989607     0.391379
   0.0130271    0.0719794    0.0302678    0.0202459
-0.000989607    0.0302678    0.0681234  -0.00572294
    0.391379    0.0202459  -0.00572294     0.448586
IMAGINARY
          0   0.0123624 -0.00415722  0.00171135
 -0.0123624           0  -0.0097976  -0.0143613
 0.00415722   0.0097976           0   0.0207064
-0.00171135   0.0143613  -0.0207064           0
EndNode1[0]<--->Repeater1[0]
REAL
    0.413978   0.00799957 -0.000287778     0.392048
  0.00799957    0.0685484    0.0208259   0.00353875
-0.000287778    0.0208259    0.0752688   -0.0138513
    0.392048   0.00353875   -0.0138513     0.442204
IMAGINARY
           0   0.00773268    -0.015448  -0.00511065
 -0.00773268            0 -0.000741109   -0.0114902
    0.015448  0.000741109            0    0.0113212
  0.00511065    0.0114902   -0.0113212            0
EndNode2[0]<--->HoM1[0]
REAL
   0.419571 -0.00656379  -0.0257932    0.397092
-0.00656379    0.080429   0.0197913  -0.0118691
 -0.0257932   0.0197913   0.0710456  -0.0207089
   0.397092  -0.0118691  -0.0207089    0.428954
IMAGINARY
           0  0.000830165    0.0048282   0.00295376
-0.000830165            0  -0.00169431 -0.000533726
  -0.0048282   0.00169431            0  -0.00757863
 -0.00295376  0.000533726   0.00757863            0
Repeater1[0]<--->EndNode1[0]
REAL
    0.413978 -0.000287778   0.00799957     0.392048
-0.000287778    0.0752688    0.0208259   -0.0138513
  0.00799957    0.0208259    0.0685484   0.00353875
    0.392048   -0.0138513   0.00353875     0.442204
IMAGINARY
           0    -0.015448   0.00773268  -0.00511065
    0.015448            0  0.000741109    0.0113212
 -0.00773268 -0.000741109            0   -0.0114902
  0.00511065   -0.0113212    0.0114902            0
Repeater1[0]<--->HoM1[0]
REAL
   0.419571  -0.0257932 -0.00656379    0.397092
 -0.0257932   0.0710456   0.0197913  -0.0207089
-0.00656379   0.0197913    0.080429  -0.0118691
   0.397092  -0.0207089  -0.0118691    0.428954
IMAGINARY
           0    0.0048282  0.000830165   0.00295376
  -0.0048282            0   0.00169431  -0.00757863
-0.000830165  -0.00169431            0 -0.000533726
 -0.00295376   0.00757863  0.000533726            0
EndNode1[0]<--->Repeater1[0]
REAL
    0.43073  0.00387969  -0.0110812    0.382352
 0.00387969   0.0768262   0.0250321    0.011707
 -0.0110812   0.0250321   0.0793451 -0.00325391
   0.382352    0.011707 -0.00325391    0.413098
IMAGINARY
           0  -0.00811128  1.17363e-05   -0.0179198
  0.00811128            0    0.0154135    0.0148766
-1.17363e-05   -0.0154135            0 -0.000573588
   0.0179198   -0.0148766  0.000573588            0
EndNode2[0]<--->HoM1[0]
REAL
   0.419897  -0.0176832  -0.0140729    0.376447
 -0.0176832   0.0775194   0.0217127  -0.0184424
 -0.0140729   0.0217127   0.0581395 -0.00624314
   0.376447  -0.0184424 -0.00624314    0.444444
IMAGINARY
          0 -0.00355674   0.0015921   0.0050269
 0.00355674           0  0.00701366 -0.00483464
 -0.0015921 -0.00701366           0  0.00161122
 -0.0050269  0.00483464 -0.00161122           0
Repeater1[0]<--->EndNode1[0]
REAL
    0.43073  -0.0110812  0.00387969    0.382352
 -0.0110812   0.0793451   0.0250321 -0.00325391
 0.00387969   0.0250321   0.0768262    0.011707
   0.382352 -0.00325391    0.011707    0.413098
IMAGINARY
           0  1.17363e-05  -0.00811128   -0.0179198
-1.17363e-05            0   -0.0154135 -0.000573588
  0.00811128    0.0154135            0    0.0148766
   0.0179198  0.000573588   -0.0148766            0
Repeater1[0]<--->HoM1[0]
REAL
   0.419897  -0.0140729  -0.0176832    0.376447
 -0.0140729   0.0581395   0.0217127 -0.00624314
 -0.0176832   0.0217127   0.0775194  -0.0184424
   0.376447 -0.00624314  -0.0184424    0.444444
IMAGINARY
          0   0.0015921 -0.00355674   0.0050269
 -0.0015921           0 -0.00701366  0.00161122
 0.00355674  0.00701366           0 -0.00483464
 -0.0050269 -0.00161122  0.00483464           0
EndNode1[0]<--->Repeater1[0]
REAL
   0.428752 0.000985962  -0.0219612    0.388519
0.000985962   0.0718789   0.0276264  0.00256196
 -0.0219612   0.0276264   0.0907945  -0.0141274
   0.388519  0.00256196  -0.0141274    0.408575
IMAGINARY
           0   0.00167292   -0.0120317 -0.000107933
 -0.00167292            0    0.0140673     0.021218
   0.0120317   -0.0140673            0   -0.0082346
 0.000107933    -0.021218    0.0082346            0
EndNode2[0]<--->HoM1[0]
REAL
   0.449804  -0.0111331 -0.00749781    0.391111
 -0.0111331   0.0521512   0.0314855 -0.00685924
-0.00749781   0.0314855    0.083442  -0.0157083
   0.391111 -0.00685924  -0.0157083    0.414602
IMAGINARY
          0   0.0203157 -0.00936252  -0.0211738
 -0.0203157           0   0.0122452  0.00267803
 0.00936252  -0.0122452           0 -0.00962056
  0.0211738 -0.00267803  0.00962056           0
Repeater1[0]<--->EndNode1[0]
REAL
   0.428752  -0.0219612 0.000985962    0.388519
 -0.0219612   0.0907945   0.0276264  -0.0141274
0.000985962   0.0276264   0.0718789  0.00256196
   0.388519  -0.0141274  0.00256196    0.408575
IMAGINARY
           0   -0.0120317   0.00167292 -0.000107933
   0.0120317            0   -0.0140673   -0.0082346
 -0.00167292    0.0140673            0     0.021218
 0.000107933    0.0082346    -0.021218            0
Repeater1[0]<--->HoM1[0]
REAL
   0.449804 -0.00749781  -0.0111331    0.391111
-0.00749781    0.083442   0.0314855  -0.0157083
 -0.0111331   0.0314855   0.0521512 -0.00685924
   0.391111  -0.0157083 -0.00685924    0.414602
IMAGINARY
          0 -0.00936252   0.0203157  -0.0211738
 0.00936252           0  -0.0122452 -0.00962056
 -0.0203157   0.0122452           0  0.00267803
  0.0211738  0.00962056 -0.00267803           0
EndNode1[0]<--->Repeater1[0]
REAL
   0.435443  -0.0144299 -0.00251434    0.374274
 -0.0144299   0.0607595   0.0398195   -0.018291
-0.00251434   0.0398195   0.0835443 -0.00637542
   0.374274   -0.018291 -0.00637542    0.420253
IMAGINARY
          0  0.00933418 -0.00252179  0.00190355
-0.00933418           0  0.00190355  -0.0143019
 0.00252179 -0.00190355           0  0.00345182
-0.00190355   0.0143019 -0.00345182           0
EndNode2[0]<--->HoM1[0]
REAL
   0.460576  -0.0195404  0.00833982    0.374733
 -0.0195404   0.0638298   0.0347325 -0.00216698
 0.00833982   0.0347325   0.0563204   0.0229697
   0.374733 -0.00216698   0.0229697    0.419274
IMAGINARY
          0  -0.0133946   0.0284111   0.0166126
  0.0133946           0 -0.00232684   0.0103389
 -0.0284111  0.00232684           0  -0.0153554
 -0.0166126  -0.0103389   0.0153554           0
Repeater1[0]<--->EndNode1[0]
REAL
   0.435443 -0.00251434  -0.0144299    0.374274
-0.00251434   0.0835443   0.0398195 -0.00637542
 -0.0144299   0.0398195   0.0607595   -0.018291
   0.374274 -0.00637542   -0.018291    0.420253
IMAGINARY
          0 -0.00252179  0.00933418  0.00190355
 0.00252179           0 -0.00190355  0.00345182
-0.00933418  0.00190355           0  -0.0143019
-0.00190355 -0.00345182   0.0143019           0
Repeater1[0]<--->HoM1[0]
REAL
   0.460576  0.00833982  -0.0195404    0.374733
 0.00833982   0.0563204   0.0347325   0.0229697
 -0.0195404   0.0347325   0.0638298 -0.00216698
   0.374733   0.0229697 -0.00216698    0.419274
IMAGINARY
          0   0.0284111  -0.0133946   0.0166126
 -0.0284111           0  0.00232684  -0.0153554
  0.0133946 -0.00232684           0   0.0103389
 -0.0166126   0.0153554  -0.0103389           0
EndNode1[0]<--->Repeater1[0]
REAL
   0.416216 -0.00705467  -0.0212461    0.379741
-0.00705467   0.0851351   0.0313701 -0.00961815
 -0.0212461   0.0313701   0.0662162  -0.0213404
   0.379741 -0.00961815  -0.0213404    0.432432
IMAGINARY
           0     0.021813  -0.00565327  0.000313604
   -0.021813            0   -0.0236159   0.00565327
  0.00565327    0.0236159            0   -0.0205599
-0.000313604  -0.00565327    0.0205599            0
EndNode2[0]<--->HoM1[0]
REAL
    0.39759 -0.00186785  0.00822359    0.384531
-0.00186785   0.0615797   0.0323457 -0.00318581
 0.00822359   0.0323457   0.0709505 -0.00316993
   0.384531 -0.00318581 -0.00316993     0.46988
IMAGINARY
           0     0.014818    0.0196495   -0.0177493
   -0.014818            0  -0.00587278   -0.0157935
  -0.0196495   0.00587278            0  0.000606139
   0.0177493    0.0157935 -0.000606139            0
Repeater1[0]<--->EndNode1[0]
REAL
   0.416216  -0.0212461 -0.00705467    0.379741
 -0.0212461   0.0662162   0.0313701  -0.0213404
-0.00705467   0.0313701   0.0851351 -0.00961815
   0.379741  -0.0213404 -0.00961815    0.432432
IMAGINARY
           0  -0.00565327     0.021813  0.000313604
  0.00565327            0    0.0236159   -0.0205599
   -0.021813   -0.0236159            0   0.00565327
-0.000313604    0.0205599  -0.00565327            0
Repeater1[0]<--->HoM1[0]
REAL
    0.39759  0.00822359 -0.00186785    0.384531
 0.00822359   0.0709505   0.0323457 -0.00316993
-0.00186785   0.0323457   0.0615797 -0.00318581
   0.384531 -0.00316993 -0.00318581     0.46988
IMAGINARY
           0    0.0196495     0.014818   -0.0177493
  -0.0196495            0   0.00587278  0.000606139
   -0.014818  -0.00587278            0   -0.0157935
   0.0177493 -0.000606139    0.0157935            0
EndNode1[0]<--->Repeater1[0]
REAL
   0.440433  -0.0169418  0.00429293    0.387625
 -0.0169418   0.0685921   0.0299512 -0.00126263
 0.00429293   0.0299512   0.0685921  0.00542663
   0.387625 -0.00126263  0.00542663    0.422383
IMAGINARY
          0   0.0102589  0.00251939 -0.00530385
 -0.0102589           0  0.00729061  -0.0173709
-0.00251939 -0.00729061           0 -0.00902129
 0.00530385   0.0173709  0.00902129           0
EndNode2[0]<--->HoM1[0]
REAL
  0.445893 -0.0255133 -0.0339139    0.36128
-0.0255133  0.0625815  0.0489442 -0.0234427
-0.0339139  0.0489442   0.071708 -0.0293496
   0.36128 -0.0234427 -0.0293496   0.419817
IMAGINARY
           0  -0.00786376   0.00728824   0.00243391
  0.00786376            0   0.00576281 -0.000726558
 -0.00728824  -0.00576281            0   -0.0052596
 -0.00243391  0.000726558    0.0052596            0
Repeater1[0]<--->EndNode1[0]
REAL
   0.440433  0.00429293  -0.0169418    0.387625
 0.00429293   0.0685921   0.0299512  0.00542663
 -0.0169418   0.0299512   0.0685921 -0.00126263
   0.387625  0.00542663 -0.00126263    0.422383
IMAGINARY
          0  0.00251939   0.0102589 -0.00530385
-0.00251939           0 -0.00729061 -0.00902129
 -0.0102589  0.00729061           0  -0.0173709
 0.00530385  0.00902129   0.0173709           0
Repeater1[0]<--->HoM1[0]
REAL
  0.445893 -0.0339139 -0.0255133    0.36128
-0.0339139   0.071708  0.0489442 -0.0293496
-0.0255133  0.0489442  0.0625815 -0.0234427
   0.36128 -0.0293496 -0.0234427   0.419817
IMAGINARY
           0   0.00728824  -0.00786376   0.00243391
 -0.00728824            0  -0.00576281   -0.0052596
  0.00786376   0.00576281            0 -0.000726558
 -0.00243391    0.0052596  0.000726558            0
EndNode1[0]<--->Repeater1[0]
REAL
    0.43599   -0.003757 -0.00462114    0.389238
  -0.003757   0.0652174   0.0337397   0.0258021
-0.00462114   0.0337397   0.0495169   0.0198032
   0.389238   0.0258021   0.0198032    0.449275
IMAGINARY
           0    0.0184472    0.0103571  0.000208464
  -0.0184472            0   0.00288943   -0.0231448
  -0.0103571  -0.00288943            0   0.00840703
-0.000208464    0.0231448  -0.00840703            0
EndNode2[0]<--->HoM1[0]
REAL
  0.420716  0.0062478  0.0239003   0.392544
 0.0062478  0.0805627  0.0129772 -0.0134708
 0.0239003  0.0129772  0.0690537 0.00050067
  0.392544 -0.0134708 0.00050067   0.429668
IMAGINARY
          0  -0.0151495   0.0305081   -0.012155
  0.0151495           0  -0.0115292  -0.0149465
 -0.0305081   0.0115292           0  0.00364748
   0.012155   0.0149465 -0.00364748           0
Repeater1[0]<--->EndNode1[0]
REAL
    0.43599 -0.00462114   -0.003757    0.389238
-0.00462114   0.0495169   0.0337397   0.0198032
  -0.003757   0.0337397   0.0652174   0.0258021
   0.389238   0.0198032   0.0258021    0.449275
IMAGINARY
           0    0.0103571    0.0184472  0.000208464
  -0.0103571            0  -0.00288943   0.00840703
  -0.0184472   0.00288943            0   -0.0231448
-0.000208464  -0.00840703    0.0231448            0
Repeater1[0]<--->HoM1[0]
REAL
  0.420716  0.0239003  0.0062478   0.392544
 0.0239003  0.0690537  0.0129772 0.00050067
 0.0062478  0.0129772  0.0805627 -0.0134708
  0.392544 0.00050067 -0.0134708   0.429668
IMAGINARY
          0   0.0305081  -0.0151495   -0.012155
 -0.0305081           0   0.0115292  0.00364748
  0.0151495  -0.0115292           0  -0.0149465
   0.012155 -0.00364748   0.0149465           0
EndNode1[0]<--->Repeater1[0]
REAL
    0.473008    0.0180031   0.00904426     0.385074
   0.0180031    0.0514139    0.0374899 -0.000366025
  0.00904426    0.0374899    0.0642674   0.00669653
    0.385074 -0.000366025   0.00669653     0.411311
IMAGINARY
          0  0.00149553   0.0136849   -0.012514
-0.00149553           0 -0.00534317   -0.010587
 -0.0136849  0.00534317           0  -0.0157458
   0.012514    0.010587   0.0157458           0
EndNode2[0]<--->HoM1[0]
REAL
   0.413655  0.00853985  0.00346379    0.386484
 0.00853985   0.0776439   0.0261626 -0.00541946
 0.00346379   0.0261626   0.0749665 -0.00397662
   0.386484 -0.00541946 -0.00397662    0.433735
IMAGINARY
          0  0.00850573 -0.00977645 -0.00426425
-0.00850573           0  -0.0111307  -0.0180357
 0.00977645   0.0111307           0   0.0254869
 0.00426425   0.0180357  -0.0254869           0
Repeater1[0]<--->EndNode1[0]
REAL
    0.473008   0.00904426    0.0180031     0.385074
  0.00904426    0.0642674    0.0374899   0.00669653
   0.0180031    0.0374899    0.0514139 -0.000366025
    0.385074   0.00669653 -0.000366025     0.411311
IMAGINARY
          0   0.0136849  0.00149553   -0.012514
 -0.0136849           0  0.00534317  -0.0157458
-0.00149553 -0.00534317           0   -0.010587
   0.012514   0.0157458    0.010587           0
Repeater1[0]<--->HoM1[0]
REAL
   0.413655  0.00346379  0.00853985    0.386484
 0.00346379   0.0749665   0.0261626 -0.00397662
 0.00853985   0.0261626   0.0776439 -0.00541946
   0.386484 -0.00397662 -0.00541946    0.433735
IMAGINARY
          0 -0.00977645  0.00850573 -0.00426425
 0.00977645           0   0.0111307   0.0254869
-0.00850573  -0.0111307           0  -0.0180357
 0.00426425  -0.0254869   0.0180357           0
EndNode1[0]<--->Repeater1[0]
REAL
   0.457908  -0.0077822 -0.00856383    0.370218
 -0.0077822   0.0510204   0.0353673 -0.00606383
-0.00856383   0.0353673    0.067602 -0.00285609
   0.370218 -0.00606383 -0.00285609    0.423469
IMAGINARY
           0   0.00150145 -0.000848728   0.00513546
 -0.00150145            0   0.00117767    0.0106017
 0.000848728  -0.00117767            0   -0.0125548
 -0.00513546   -0.0106017    0.0125548            0
EndNode2[0]<--->HoM1[0]
REAL
   0.441138    0.036809   0.0146388    0.399176
   0.036809   0.0556274   0.0279847   0.0248674
  0.0146388   0.0279847   0.0556274 -0.00841393
   0.399176   0.0248674 -0.00841393    0.447607
IMAGINARY
           0   0.00560925 -0.000876821   0.00394709
 -0.00560925            0   -0.0141252   -0.0129736
 0.000876821    0.0141252            0   0.00685613
 -0.00394709    0.0129736  -0.00685613            0
Repeater1[0]<--->EndNode1[0]
REAL
   0.457908 -0.00856383  -0.0077822    0.370218
-0.00856383    0.067602   0.0353673 -0.00285609
 -0.0077822   0.0353673   0.0510204 -0.00606383
   0.370218 -0.00285609 -0.00606383    0.423469
IMAGINARY
           0 -0.000848728   0.00150145   0.00513546
 0.000848728            0  -0.00117767   -0.0125548
 -0.00150145   0.00117767            0    0.0106017
 -0.00513546    0.0125548   -0.0106017            0
Repeater1[0]<--->HoM1[0]
REAL
   0.441138   0.0146388    0.036809    0.399176
  0.0146388   0.0556274   0.0279847 -0.00841393
   0.036809   0.0279847   0.0556274   0.0248674
   0.399176 -0.00841393   0.0248674    0.447607
IMAGINARY
           0 -0.000876821   0.00560925   0.00394709
 0.000876821            0    0.0141252   0.00685613
 -0.00560925   -0.0141252            0   -0.0129736
 -0.00394709  -0.00685613    0.0129736            0
EndNode1[0]<--->Repeater1[0]
REAL
 0.433962 0.0175654 0.0125049  0.383625
0.0175654 0.0704403 0.0370907 0.0207432
0.0125049 0.0370907 0.0754717 0.0182402
 0.383625 0.0207432 0.0182402  0.420126
IMAGINARY
          0 -0.00693086  -0.0137157  0.00703526
 0.00693086           0  0.00578526  -0.0097992
  0.0137157 -0.00578526           0  0.00321799
-0.00703526   0.0097992 -0.00321799           0
EndNode2[0]<--->HoM1[0]
REAL
   0.417676   0.0120944 -0.00419604    0.390056
  0.0120944    0.062954     0.04138  0.00872386
-0.00419604     0.04138   0.0690073 -0.00109825
   0.390056  0.00872386 -0.00109825    0.450363
IMAGINARY
          0   0.0210604  -0.0141627   0.0136168
 -0.0210604           0 -0.00238829  -0.0154716
  0.0141627  0.00238829           0   0.0262284
 -0.0136168   0.0154716  -0.0262284           0
Repeater1[0]<--->EndNode1[0]
REAL
 0.433962 0.0125049 0.0175654  0.383625
0.0125049 0.0754717 0.0370907 0.0182402
0.0175654 0.0370907 0.0704403 0.0207432
 0.383625 0.0182402 0.0207432  0.420126
IMAGINARY
          0  -0.0137157 -0.00693086  0.00703526
  0.0137157           0 -0.00578526  0.00321799
 0.00693086  0.00578526           0  -0.0097992
-0.00703526 -0.00321799   0.0097992           0
Repeater1[0]<--->HoM1[0]
REAL
   0.417676 -0.00419604   0.0120944    0.390056
-0.00419604   0.0690073     0.04138 -0.00109825
  0.0120944     0.04138    0.062954  0.00872386
   0.390056 -0.00109825  0.00872386    0.450363
IMAGINARY
          0  -0.0141627   0.0210604   0.0136168
  0.0141627           0  0.00238829   0.0262284
 -0.0210604 -0.00238829           0  -0.0154716
 -0.0136168  -0.0262284   0.0154716           0
EndNode1[0]<--->Repeater1[0]
REAL
  0.451108 0.00124856 -0.0180029   0.381351
0.00124856  0.0808344  0.0351074  0.0155091
-0.0180029  0.0351074  0.0730117 0.00997339
  0.381351  0.0155091 0.00997339   0.395046
IMAGINARY
           0    0.0120758   -0.0133824   -0.0132324
  -0.0120758            0 -0.000143395  0.000471553
   0.0133824  0.000143395            0    0.0020087
   0.0132324 -0.000471553   -0.0020087            0
EndNode2[0]<--->HoM1[0]
REAL
   0.415601  -0.0215826 -0.00113354    0.375124
 -0.0215826   0.0818414     0.02857   0.0182839
-0.00113354     0.02857   0.0588235   0.0163056
   0.375124   0.0182839   0.0163056    0.443734
IMAGINARY
          0   0.0155285  -0.0134264   0.0139846
 -0.0155285           0   0.0106908  0.00367347
  0.0134264  -0.0106908           0 -0.00317477
 -0.0139846 -0.00367347  0.00317477           0
Repeater1[0]<--->EndNode1[0]
REAL
  0.451108 -0.0180029 0.00124856   0.381351
-0.0180029  0.0730117  0.0351074 0.00997339
0.00124856  0.0351074  0.0808344  0.0155091
  0.381351 0.00997339  0.0155091   0.395046
IMAGINARY
           0   -0.0133824    0.0120758   -0.0132324
   0.0133824            0  0.000143395    0.0020087
  -0.0120758 -0.000143395            0  0.000471553
   0.0132324   -0.0020087 -0.000471553            0
Repeater1[0]<--->HoM1[0]
REAL
   0.415601 -0.00113354  -0.0215826    0.375124
-0.00113354   0.0588235     0.02857   0.0163056
 -0.0215826     0.02857   0.0818414   0.0182839
   0.375124   0.0163056   0.0182839    0.443734
IMAGINARY
          0  -0.0134264   0.0155285   0.0139846
  0.0134264           0  -0.0106908 -0.00317477
 -0.0155285   0.0106908           0  0.00367347
 -0.0139846  0.00317477 -0.00367347           0
EndNode1[0]<--->Repeater1[0]
REAL
  0.428571  0.0108605  0.0294627   0.405603
 0.0108605  0.0775862  0.0334514 -0.0145373
 0.0294627  0.0334514  0.0763547  0.0127713
  0.405603 -0.0145373  0.0127713   0.417488
IMAGINARY
           0   0.00658784  -0.00440481  -0.00926666
 -0.00658784            0  0.000965259    0.0157972
  0.00440481 -0.000965259            0   -0.0167144
  0.00926666   -0.0157972    0.0167144            0
EndNode2[0]<--->HoM1[0]
REAL
    0.451783   0.00477845    0.0190334     0.383234
  0.00477845    0.0634082     0.036012 -0.000863861
   0.0190334     0.036012    0.0713342    0.0241583
    0.383234 -0.000863861    0.0241583     0.413474
IMAGINARY
           0    -0.013272 -0.000567679   -0.0014927
    0.013272            0   -0.0231764   -0.0032202
 0.000567679    0.0231764            0  -0.00945524
   0.0014927    0.0032202   0.00945524            0
Repeater1[0]<--->EndNode1[0]
REAL
  0.428571  0.0294627  0.0108605   0.405603
 0.0294627  0.0763547  0.0334514  0.0127713
 0.0108605  0.0334514  0.0775862 -0.0145373
  0.405603  0.0127713 -0.0145373   0.417488
IMAGINARY
           0  -0.00440481   0.00658784  -0.00926666
  0.00440481            0 -0.000965259   -0.0167144
 -0.00658784  0.000965259            0    0.0157972
  0.00926666    0.0167144   -0.0157972            0
Repeater1[0]<--->HoM1[0]
REAL
    0.451783    0.0190334   0.00477845     0.383234
   0.0190334    0.0713342     0.036012    0.0241583
  0.00477845     0.036012    0.0634082 -0.000863861
    0.383234    0.0241583 -0.000863861     0.413474
IMAGINARY
           0 -0.000567679    -0.013272   -0.0014927
 0.000567679            0    0.0231764  -0.00945524
    0.013272   -0.0231764            0   -0.0032202
   0.0014927   0.00945524    0.0032202            0
EndNode1[0]<--->Repeater1[0]
REAL
 0.419231 0.0147825 0.0160825  0.386001
0.0147825 0.0884615 0.0303441 0.0167361
0.0160825 0.0303441 0.0666667  0.014175
 0.386001 0.0167361  0.014175  0.425641
IMAGINARY
          0   0.0206039 -0.00432579  -0.0260127
 -0.0206039           0    0.005047  -0.0145299
 0.00432579   -0.005047           0  0.00475373
  0.0260127   0.0145299 -0.00475373           0
EndNode2[0]<--->HoM1[0]
REAL
   0.413524  0.00917924  0.00243626    0.379666
 0.00917924   0.0780234   0.0316141 -0.00687225
 0.00243626   0.0316141   0.0663199  0.00412874
   0.379666 -0.00687225  0.00412874    0.442133
IMAGINARY
          0   0.0130301 -0.00533126 -0.00468053
 -0.0130301           0   0.0152134 -0.00895445
 0.00533126  -0.0152134           0 -0.00523786
 0.00468053  0.00895445  0.00523786           0
Repeater1[0]<--->EndNode1[0]
REAL
 0.419231 0.0160825 0.0147825  0.386001
0.0160825 0.0666667 0.0303441  0.014175
0.0147825 0.0303441 0.0884615 0.0167361
 0.386001  0.014175 0.0167361  0.425641
IMAGINARY
          0 -0.00432579   0.0206039  -0.0260127
 0.00432579           0   -0.005047  0.00475373
 -0.0206039    0.005047           0  -0.0145299
  0.0260127 -0.00475373   0.0145299           0
Repeater1[0]<--->HoM1[0]
REAL
   0.413524  0.00243626  0.00917924    0.379666
 0.00243626   0.0663199   0.0316141  0.00412874
 0.00917924   0.0316141   0.0780234 -0.00687225
   0.379666  0.00412874 -0.00687225    0.442133
IMAGINARY
          0 -0.00533126   0.0130301 -0.00468053
 0.00533126           0  -0.0152134 -0.00523786
 -0.0130301   0.0152134           0 -0.00895445
 0.00468053  0.00523786  0.00895445           0
EndNode1[0]<--->Repeater1[0]
REAL
    0.43593  0.00263541 0.000904951    0.390658
 0.00263541    0.089196   0.0351737   0.0233917
0.000904951   0.0351737   0.0628141   0.0114311
   0.390658   0.0233917   0.0114311     0.41206
IMAGINARY
           0  0.000711134   0.00248613  -0.00694444
-0.000711134            0   0.00694444   -0.0121636
 -0.00248613  -0.00694444            0  -0.00393694
  0.00694444    0.0121636   0.00393694            0
EndNode2[0]<--->HoM1[0]
REAL
    0.439946    -0.022748  -0.00540764     0.376642
   -0.022748    0.0647773    0.0313888   -0.0114317
 -0.00540764    0.0313888    0.0688259 -0.000568044
    0.376642   -0.0114317 -0.000568044     0.426451
IMAGINARY
           0   -0.0219716    0.0213438  2.61643e-05
   0.0219716            0   -0.0102302   0.00401385
  -0.0213438    0.0102302            0  0.000515168
-2.61643e-05  -0.00401385 -0.000515168            0
Repeater1[0]<--->EndNode1[0]
REAL
    0.43593 0.000904951  0.00263541    0.390658
0.000904951   0.0628141   0.0351737   0.0114311
 0.00263541   0.0351737    0.089196   0.0233917
   0.390658   0.0114311   0.0233917     0.41206
IMAGINARY
           0   0.00248613  0.000711134  -0.00694444
 -0.00248613            0  -0.00694444  -0.00393694
-0.000711134   0.00694444            0   -0.0121636
  0.00694444   0.00393694    0.0121636            0
Repeater1[0]<--->HoM1[0]
REAL
    0.439946  -0.00540764    -0.022748     0.376642
 -0.00540764    0.0688259    0.0313888 -0.000568044
   -0.022748    0.0313888    0.0647773   -0.0114317
    0.376642 -0.000568044   -0.0114317     0.426451
IMAGINARY
           0    0.0213438   -0.0219716  2.61643e-05
  -0.0213438            0    0.0102302  0.000515168
   0.0219716   -0.0102302            0   0.00401385
-2.61643e-05 -0.000515168  -0.00401385            0
EndNode1[0]<--->Repeater1[0]
REAL
    0.427711 -0.000990298  -0.00572984     0.377004
-0.000990298    0.0698795    0.0290359  -0.00702183
 -0.00572984    0.0290359    0.0686747  -0.00370769
    0.377004  -0.00702183  -0.00370769     0.433735
IMAGINARY
           0 -0.000325593  0.000940115  -0.00534882
 0.000325593            0   -0.0129824  -0.00290604
-0.000940115    0.0129824            0    0.0153977
  0.00534882   0.00290604   -0.0153977            0
EndNode2[0]<--->HoM1[0]
REAL
   0.436129  -0.0195996 -0.00893973    0.399726
 -0.0195996   0.0722581   0.0212584  -0.0156717
-0.00893973   0.0212584   0.0632258 -0.00371648
   0.399726  -0.0156717 -0.00371648    0.428387
IMAGINARY
          0  0.00327237 -0.00829698 -0.00371287
-0.00327237           0  0.00371287  0.00631547
 0.00829698 -0.00371287           0 -0.00129086
 0.00371287 -0.00631547  0.00129086           0
Repeater1[0]<--->EndNode1[0]
REAL
    0.427711  -0.00572984 -0.000990298     0.377004
 -0.00572984    0.0686747    0.0290359  -0.00370769
-0.000990298    0.0290359    0.0698795  -0.00702183
    0.377004  -0.00370769  -0.00702183     0.433735
IMAGINARY
           0  0.000940115 -0.000325593  -0.00534882
-0.000940115            0    0.0129824    0.0153977
 0.000325593   -0.0129824            0  -0.00290604
  0.00534882   -0.0153977   0.00290604            0
Repeater1[0]<--->HoM1[0]
REAL
   0.436129 -0.00893973  -0.0195996    0.399726
-0.00893973   0.0632258   0.0212584 -0.00371648
 -0.0195996   0.0212584   0.0722581  -0.0156717
   0.399726 -0.00371648  -0.0156717    0.428387
IMAGINARY
          0 -0.00829698  0.00327237 -0.00371287
 0.00829698           0 -0.00371287 -0.00129086
-0.00327237  0.00371287           0  0.00631547
 0.00371287  0.00129086 -0.00631547           0
EndNode1[0]<--->Repeater1[0]
REAL
   0.424802   0.0189683 -0.00633081    0.381056
  0.0189683   0.0633245   0.0375188   0.0139644
-0.00633081   0.0375188   0.0804749  -0.0113347
   0.381056   0.0139644  -0.0113347    0.431398
IMAGINARY
          0  -0.0169657   0.0134776  0.00677974
  0.0169657           0  -0.0118818  0.00625028
 -0.0134776   0.0118818           0  0.00948268
-0.00677974 -0.00625028 -0.00948268           0
EndNode2[0]<--->HoM1[0]
REAL
    0.438994  -0.00299533    0.0152523     0.371927
 -0.00299533    0.0654088    0.0429116 -0.000413543
   0.0152523    0.0429116    0.0666667   0.00751146
    0.371927 -0.000413543   0.00751146     0.428931
IMAGINARY
          0   0.0247178  -0.0117729   -0.011703
 -0.0247178           0 -0.00854242   0.0117729
  0.0117729  0.00854242           0  -0.0143551
   0.011703  -0.0117729   0.0143551           0
Repeater1[0]<--->EndNode1[0]
REAL
   0.424802 -0.00633081   0.0189683    0.381056
-0.00633081   0.0804749   0.0375188  -0.0113347
  0.0189683   0.0375188   0.0633245   0.0139644
   0.381056  -0.0113347   0.0139644    0.431398
IMAGINARY
          0   0.0134776  -0.0169657  0.00677974
 -0.0134776           0   0.0118818  0.00948268
  0.0169657  -0.0118818           0  0.00625028
-0.00677974 -0.00948268 -0.00625028           0
Repeater1[0]<--->HoM1[0]
REAL
    0.438994    0.0152523  -0.00299533     0.371927
   0.0152523    0.0666667    0.0429116   0.00751146
 -0.00299533    0.0429116    0.0654088 -0.000413543
    0.371927   0.00751146 -0.000413543     0.428931
IMAGINARY
          0  -0.0117729   0.0247178   -0.011703
  0.0117729           0  0.00854242  -0.0143551
 -0.0247178 -0.00854242           0   0.0117729
   0.011703   0.0143551  -0.0117729           0
EndNode1[0]<--->Repeater1[0]
REAL
  0.421958   0.018469 0.00782197   0.389388
  0.018469  0.0595238  0.0380727  0.0206754
0.00782197  0.0380727  0.0687831 0.00225634
  0.389388  0.0206754 0.00225634   0.449735
IMAGINARY
          0  -0.0211933    0.012103  0.00948293
  0.0211933           0   0.0202937  0.00237066
  -0.012103  -0.0202937           0  -0.0130172
-0.00948293 -0.00237066   0.0130172           0
EndNode2[0]<--->HoM1[0]
REAL
    0.44797  0.00392761   -0.014512    0.358641
 0.00392761   0.0482234   0.0508028   0.0177461
  -0.014512   0.0508028   0.0824873 -0.00328078
   0.358641   0.0177461 -0.00328078     0.42132
IMAGINARY
           0   -0.0130579   0.00225707 -0.000508164
   0.0130579            0    0.0273055 -0.000360734
 -0.00225707   -0.0273055            0    0.0339176
 0.000508164  0.000360734   -0.0339176            0
Repeater1[0]<--->EndNode1[0]
REAL
  0.421958 0.00782197   0.018469   0.389388
0.00782197  0.0687831  0.0380727 0.00225634
  0.018469  0.0380727  0.0595238  0.0206754
  0.389388 0.00225634  0.0206754   0.449735
IMAGINARY
          0    0.012103  -0.0211933  0.00948293
  -0.012103           0  -0.0202937  -0.0130172
  0.0211933   0.0202937           0  0.00237066
-0.00948293   0.0130172 -0.00237066           0
Repeater1[0]<--->HoM1[0]
REAL
    0.44797   -0.014512  0.00392761    0.358641
  -0.014512   0.0824873   0.0508028 -0.00328078
 0.00392761   0.0508028   0.0482234   0.0177461
   0.358641 -0.00328078   0.0177461     0.42132
IMAGINARY
           0   0.00225707   -0.0130579 -0.000508164
 -0.00225707            0   -0.0273055    0.0339176
   0.0130579    0.0273055            0 -0.000360734
 0.000508164   -0.0339176  0.000360734            0
EndNode1[0]<--->Repeater1[0]
REAL
  0.464752  0.0230708  0.0117657   0.378374
 0.0230708  0.0796345  0.0274503  0.0123978
 0.0117657  0.0274503  0.0548303 0.00109277
  0.378374  0.0123978 0.00109277   0.400783
IMAGINARY
          0 -0.00926543    0.023745  -0.0127226
 0.00926543           0  -0.0127226 -0.00131761
  -0.023745   0.0127226           0  -0.0118427
  0.0127226  0.00131761   0.0118427           0
EndNode2[0]<--->HoM1[0]
REAL
   0.444583 0.000747885  -0.0116619    0.379665
0.000747885   0.0660025   0.0173367   0.0018835
 -0.0116619   0.0173367   0.0647572  -0.0066149
   0.379665   0.0018835  -0.0066149    0.424658
IMAGINARY
          0  0.00317092  -0.0141589  0.00653971
-0.00317092           0  -0.0167161     0.01103
  0.0141589   0.0167161           0 -0.00504826
-0.00653971    -0.01103  0.00504826           0
Repeater1[0]<--->EndNode1[0]
REAL
  0.464752  0.0117657  0.0230708   0.378374
 0.0117657  0.0548303  0.0274503 0.00109277
 0.0230708  0.0274503  0.0796345  0.0123978
  0.378374 0.00109277  0.0123978   0.400783
IMAGINARY
          0    0.023745 -0.00926543  -0.0127226
  -0.023745           0   0.0127226  -0.0118427
 0.00926543  -0.0127226           0 -0.00131761
  0.0127226   0.0118427  0.00131761           0
Repeater1[0]<--->HoM1[0]
REAL
   0.444583  -0.0116619 0.000747885    0.379665
 -0.0116619   0.0647572   0.0173367  -0.0066149
0.000747885   0.0173367   0.0660025   0.0018835
   0.379665  -0.0066149   0.0018835    0.424658
IMAGINARY
          0  -0.0141589  0.00317092  0.00653971
  0.0141589           0   0.0167161 -0.00504826
-0.00317092  -0.0167161           0     0.01103
-0.00653971  0.00504826    -0.01103           0
EndNode1[0]<--->Repeater1[0]
REAL
    0.41012 -0.00333239  0.00529703    0.391031
-0.00333239   0.0679095   0.0201075   0.0103475
 0.00529703   0.0201075   0.0758988    0.010216
   0.391031   0.0103475    0.010216    0.446072
IMAGINARY
          0  0.00347073   0.0131102  0.00288503
-0.00347073           0  0.00352523 -0.00359932
 -0.0131102 -0.00352523           0 -0.00890551
