EndNode1[0]<--->Repeater1[0]
REAL
    0.37931   0.0213208  -0.0191089    0.328846
  0.0213208    0.104725   0.0358824   0.0146842
 -0.0191089   0.0358824    0.126437 -0.00678224
   0.328846   0.0146842 -0.00678224    0.389527
IMAGINARY
           0  0.000846596    0.0184441   0.00692784
-0.000846596            0  -0.00433044   0.00523655
  -0.0184441   0.00433044            0  -0.00422955
 -0.00692784  -0.00523655   0.00422955            0
EndNode2[0]<--->HoM1[0]
REAL
   0.376112  -0.0164123   0.0126951    0.305788
 -0.0164123    0.115629   0.0513545 -0.00548672
  0.0126951   0.0513545   0.0825921   0.0249313
   0.305788 -0.00548672   0.0249313    0.425667
IMAGINARY
          0   0.0104541   0.0201074   0.0278243
 -0.0104541           0  0.00680515  0.00240286
 -0.0201074 -0.00680515           0 -0.00295071
 -0.0278243 -0.00240286  0.00295071           0
Repeater1[0]<--->EndNode1[0]
REAL
    0.37931  -0.0191089   0.0213208    0.328846
 -0.0191089    0.126437   0.0358824 -0.00678224
  0.0213208   0.0358824    0.104725   0.0146842
   0.328846 -0.00678224   0.0146842    0.389527
IMAGINARY
           0    0.0184441  0.000846596   0.00692784
  -0.0184441            0   0.00433044  -0.00422955
-0.000846596  -0.00433044            0   0.00523655
 -0.00692784   0.00422955  -0.00523655            0
Repeater1[0]<--->HoM1[0]
REAL
   0.376112   0.0126951  -0.0164123    0.305788
  0.0126951   0.0825921   0.0513545   0.0249313
 -0.0164123   0.0513545    0.115629 -0.00548672
   0.305788   0.0249313 -0.00548672    0.425667
IMAGINARY
          0   0.0201074   0.0104541   0.0278243
 -0.0201074           0 -0.00680515 -0.00295071
 -0.0104541  0.00680515           0  0.00240286
 -0.0278243  0.00295071 -0.00240286           0
EndNode1[0]<--->Repeater1[0]
REAL
   0.384319 5.62274e-05   0.0300486    0.293071
5.62274e-05    0.116967   0.0483616 -0.00830944
  0.0300486   0.0483616    0.115681  0.00633763
   0.293071 -0.00830944  0.00633763    0.383033
IMAGINARY
          0  -0.0100636    0.011292  -0.0067239
  0.0100636           0   0.0181452   0.0125175
  -0.011292  -0.0181452           0  0.00344988
  0.0067239  -0.0125175 -0.00344988           0
EndNode2[0]<--->HoM1[0]
REAL
   0.376214 -0.00609924  -0.0168624    0.320763
-0.00609924   0.0995146   0.0365722  -0.0120744
 -0.0168624   0.0365722    0.120146  -0.0255293
   0.320763  -0.0120744  -0.0255293    0.404126
IMAGINARY
          0  -0.0135039  0.00381593   0.0103954
  0.0135039           0 -0.00351184 -0.00444328
-0.00381593  0.00351184           0 -0.00845342
 -0.0103954  0.00444328  0.00845342           0
Repeater1[0]<--->EndNode1[0]
REAL
   0.384319   0.0300486 5.62274e-05    0.293071
  0.0300486    0.115681   0.0483616  0.00633763
5.62274e-05   0.0483616    0.116967 -0.00830944
   0.293071  0.00633763 -0.00830944    0.383033
IMAGINARY
          0    0.011292  -0.0100636  -0.0067239
  -0.011292           0  -0.0181452  0.00344988
  0.0100636   0.0181452           0   0.0125175
  0.0067239 -0.00344988  -0.0125175           0
Repeater1[0]<--->HoM1[0]
REAL
   0.376214  -0.0168624 -0.00609924    0.320763
 -0.0168624    0.120146   0.0365722  -0.0255293
-0.00609924   0.0365722   0.0995146  -0.0120744
   0.320763  -0.0255293  -0.0120744    0.404126
IMAGINARY
          0  0.00381593  -0.0135039   0.0103954
-0.00381593           0  0.00351184 -0.00845342
  0.0135039 -0.00351184           0 -0.00444328
 -0.0103954  0.00845342  0.00444328           0
EndNode1[0]<--->Repeater1[0]
REAL
   0.395512   0.0144731 -0.00706158    0.289236
  0.0144731    0.103787   0.0530715  0.00962569
-0.00706158   0.0530715   0.0967742  0.00988591
   0.289236  0.00962569  0.00988591    0.403927
IMAGINARY
          0   0.0111066  0.00832054 -0.00880081
 -0.0111066           0   0.0142953  0.00133197
-0.00832054  -0.0142953           0  0.00111991
 0.00880081 -0.00133197 -0.00111991           0
EndNode2[0]<--->HoM1[0]
REAL
  0.379227  0.0101731 0.00872044   0.308204
 0.0101731  0.0929952  0.0397563 0.00549464
0.00872044  0.0397563   0.119565 0.00527803
  0.308204 0.00549464 0.00527803   0.408213
IMAGINARY
           0 -0.000642674    0.0452134    0.0114488
 0.000642674            0  -0.00811106  -0.00195641
  -0.0452134   0.00811106            0  0.000642674
  -0.0114488   0.00195641 -0.000642674            0
Repeater1[0]<--->EndNode1[0]
REAL
   0.395512 -0.00706158   0.0144731    0.289236
-0.00706158   0.0967742   0.0530715  0.00988591
  0.0144731   0.0530715    0.103787  0.00962569
   0.289236  0.00988591  0.00962569    0.403927
IMAGINARY
          0  0.00832054   0.0111066 -0.00880081
-0.00832054           0  -0.0142953  0.00111991
 -0.0111066   0.0142953           0  0.00133197
 0.00880081 -0.00111991 -0.00133197           0
Repeater1[0]<--->HoM1[0]
REAL
  0.379227 0.00872044  0.0101731   0.308204
0.00872044   0.119565  0.0397563 0.00527803
 0.0101731  0.0397563  0.0929952 0.00549464
  0.308204 0.00527803 0.00549464   0.408213
IMAGINARY
           0    0.0452134 -0.000642674    0.0114488
  -0.0452134            0   0.00811106  0.000642674
 0.000642674  -0.00811106            0  -0.00195641
  -0.0114488 -0.000642674   0.00195641            0
EndNode1[0]<--->Repeater1[0]
REAL
   0.396154 -0.00179195  0.00550425    0.299634
-0.00179195   0.0923077   0.0509563 -0.00222771
 0.00550425   0.0509563    0.126923  0.00768972
   0.299634 -0.00222771  0.00768972    0.384615
IMAGINARY
           0     0.017999   -0.0130801 -0.000868849
   -0.017999            0   0.00219864   -0.0173432
   0.0130801  -0.00219864            0  -0.00344873
 0.000868849    0.0173432   0.00344873            0
EndNode2[0]<--->HoM1[0]
REAL
   0.372859 -0.00455736 -0.00525807    0.325673
-0.00455736    0.125165   0.0365317 -0.00392828
-0.00525807   0.0365317    0.101449 -0.00331666
   0.325673 -0.00392828 -0.00331666    0.400527
IMAGINARY
          0   0.0153636  0.00123106   0.0074165
 -0.0153636           0 -0.00679538 -0.00501894
-0.00123106  0.00679538           0  0.00736364
 -0.0074165  0.00501894 -0.00736364           0
Repeater1[0]<--->EndNode1[0]
REAL
   0.396154  0.00550425 -0.00179195    0.299634
 0.00550425    0.126923   0.0509563  0.00768972
-0.00179195   0.0509563   0.0923077 -0.00222771
   0.299634  0.00768972 -0.00222771    0.384615
IMAGINARY
           0   -0.0130801     0.017999 -0.000868849
   0.0130801            0  -0.00219864  -0.00344873
   -0.017999   0.00219864            0   -0.0173432
 0.000868849   0.00344873    0.0173432            0
Repeater1[0]<--->HoM1[0]
REAL
   0.372859 -0.00525807 -0.00455736    0.325673
-0.00525807    0.101449   0.0365317 -0.00331666
-0.00455736   0.0365317    0.125165 -0.00392828
   0.325673 -0.00331666 -0.00392828    0.400527
IMAGINARY
          0  0.00123106   0.0153636   0.0074165
-0.00123106           0  0.00679538  0.00736364
 -0.0153636 -0.00679538           0 -0.00501894
 -0.0074165 -0.00736364  0.00501894           0
EndNode1[0]<--->Repeater1[0]
REAL
   0.380476  0.00285203  0.00292914    0.328865
 0.00285203    0.111389   0.0670215 -0.00935587
 0.00292914   0.0670215    0.121402  0.00486006
   0.328865 -0.00935587  0.00486006    0.386733
IMAGINARY
           0    0.0132461   -0.0179112  0.000330363
  -0.0132461            0  -0.00094841   -0.0185805
   0.0179112   0.00094841            0  -0.00492346
-0.000330363    0.0185805   0.00492346            0
EndNode2[0]<--->HoM1[0]
REAL
    0.373402   0.00068984 -0.000215107     0.308522
  0.00068984    0.0920716    0.0610996   0.00608212
-0.000215107    0.0610996     0.126598    0.0103923
    0.308522   0.00608212    0.0103923     0.407928
IMAGINARY
           0    0.0102821     -0.01311   0.00915498
  -0.0102821            0     0.014244  0.000223368
     0.01311    -0.014244            0    0.0129137
 -0.00915498 -0.000223368   -0.0129137            0
Repeater1[0]<--->EndNode1[0]
REAL
   0.380476  0.00292914  0.00285203    0.328865
 0.00292914    0.121402   0.0670215  0.00486006
 0.00285203   0.0670215    0.111389 -0.00935587
   0.328865  0.00486006 -0.00935587    0.386733
IMAGINARY
           0   -0.0179112    0.0132461  0.000330363
   0.0179112            0   0.00094841  -0.00492346
  -0.0132461  -0.00094841            0   -0.0185805
-0.000330363   0.00492346    0.0185805            0
Repeater1[0]<--->HoM1[0]
REAL
    0.373402 -0.000215107   0.00068984     0.308522
-0.000215107     0.126598    0.0610996    0.0103923
  0.00068984    0.0610996    0.0920716   0.00608212
    0.308522    0.0103923   0.00608212     0.407928
IMAGINARY
           0     -0.01311    0.0102821   0.00915498
     0.01311            0    -0.014244    0.0129137
  -0.0102821     0.014244            0  0.000223368
 -0.00915498   -0.0129137 -0.000223368            0
EndNode1[0]<--->Repeater1[0]
REAL
  0.380507  0.0108411  0.0357082   0.309177
 0.0108411    0.11215  0.0495867 0.00905848
 0.0357082  0.0495867   0.109479 0.00113868
  0.309177 0.00905848 0.00113868   0.397864
IMAGINARY
          0  -0.0148057  -0.0119146   0.0108956
  0.0148057           0  0.00123377   0.0310962
  0.0119146 -0.00123377           0  0.00329671
 -0.0108956  -0.0310962 -0.00329671           0
EndNode2[0]<--->HoM1[0]
REAL
   0.394839 -0.00137967    0.014998    0.322613
-0.00137967     0.12129   0.0341769 -0.00759056
   0.014998   0.0341769    0.116129 -0.00602774
   0.322613 -0.00759056 -0.00602774    0.367742
IMAGINARY
          0 -0.00203459  -0.0111981   0.0202757
 0.00203459           0 -0.00250916   0.0105411
  0.0111981  0.00250916           0  0.00400568
 -0.0202757  -0.0105411 -0.00400568           0
Repeater1[0]<--->EndNode1[0]
REAL
  0.380507  0.0357082  0.0108411   0.309177
 0.0357082   0.109479  0.0495867 0.00113868
 0.0108411  0.0495867    0.11215 0.00905848
  0.309177 0.00113868 0.00905848   0.397864
IMAGINARY
          0  -0.0119146  -0.0148057   0.0108956
  0.0119146           0 -0.00123377  0.00329671
  0.0148057  0.00123377           0   0.0310962
 -0.0108956 -0.00329671  -0.0310962           0
Repeater1[0]<--->HoM1[0]
REAL
   0.394839    0.014998 -0.00137967    0.322613
   0.014998    0.116129   0.0341769 -0.00602774
-0.00137967   0.0341769     0.12129 -0.00759056
   0.322613 -0.00602774 -0.00759056    0.367742
IMAGINARY
          0  -0.0111981 -0.00203459   0.0202757
  0.0111981           0  0.00250916  0.00400568
 0.00203459 -0.00250916           0   0.0105411
 -0.0202757 -0.00400568  -0.0105411           0
EndNode1[0]<--->Repeater1[0]
REAL
   0.376704  0.00762147 -0.00714908    0.308775
 0.00762147    0.115242   0.0327966  -0.0175657
-0.00714908   0.0327966    0.111524 -0.00572033
   0.308775  -0.0175657 -0.00572033     0.39653
IMAGINARY
          0     0.01826  0.00735603  -0.0254125
   -0.01826           0  0.00567562  0.00546448
-0.00735603 -0.00567562           0 -0.00408995
  0.0254125 -0.00546448  0.00408995           0
EndNode2[0]<--->HoM1[0]
REAL
   0.407362   -0.010014  -0.0211351    0.331022
  -0.010014    0.104294   0.0366058 -0.00442196
 -0.0211351   0.0366058    0.107975  0.00149497
   0.331022 -0.00442196  0.00149497    0.380368
IMAGINARY
           0    0.0187058   -0.0133964   0.00226775
  -0.0187058            0  0.000356922   -0.0246746
   0.0133964 -0.000356922            0 -0.000939311
 -0.00226775    0.0246746  0.000939311            0
Repeater1[0]<--->EndNode1[0]
REAL
   0.376704 -0.00714908  0.00762147    0.308775
-0.00714908    0.111524   0.0327966 -0.00572033
 0.00762147   0.0327966    0.115242  -0.0175657
   0.308775 -0.00572033  -0.0175657     0.39653
IMAGINARY
          0  0.00735603     0.01826  -0.0254125
-0.00735603           0 -0.00567562 -0.00408995
   -0.01826  0.00567562           0  0.00546448
  0.0254125  0.00408995 -0.00546448           0
Repeater1[0]<--->HoM1[0]
REAL
   0.407362  -0.0211351   -0.010014    0.331022
 -0.0211351    0.107975   0.0366058  0.00149497
  -0.010014   0.0366058    0.104294 -0.00442196
   0.331022  0.00149497 -0.00442196    0.380368
IMAGINARY
           0   -0.0133964    0.0187058   0.00226775
   0.0133964            0 -0.000356922 -0.000939311
  -0.0187058  0.000356922            0   -0.0246746
 -0.00226775  0.000939311    0.0246746            0
EndNode1[0]<--->Repeater1[0]
REAL
  0.416201 0.00923754  0.0163317   0.311878
0.00923754   0.113128  0.0488502 0.00813501
 0.0163317  0.0488502   0.103352  0.0164839
  0.311878 0.00813501  0.0164839   0.367318
IMAGINARY
          0  -0.0128781  0.00842089  0.00218085
  0.0128781           0    0.014343 -0.00221741
-0.00842089   -0.014343           0   0.0178409
-0.00218085  0.00221741  -0.0178409           0
EndNode2[0]<--->HoM1[0]
REAL
   0.362374   0.0218137 -0.00260339    0.311607
  0.0218137    0.109848   0.0548149  0.00627986
-0.00260339   0.0548149    0.132576  0.00514706
   0.311607  0.00627986  0.00514706    0.395202
IMAGINARY
           0   -0.0176255  0.000158095  -0.00162128
   0.0176255            0  0.000969392   -0.0202098
-0.000158095 -0.000969392            0  -0.00630724
  0.00162128    0.0202098   0.00630724            0
Repeater1[0]<--->EndNode1[0]
REAL
  0.416201  0.0163317 0.00923754   0.311878
 0.0163317   0.103352  0.0488502  0.0164839
0.00923754  0.0488502   0.113128 0.00813501
  0.311878  0.0164839 0.00813501   0.367318
IMAGINARY
          0  0.00842089  -0.0128781  0.00218085
-0.00842089           0   -0.014343   0.0178409
  0.0128781    0.014343           0 -0.00221741
-0.00218085  -0.0178409  0.00221741           0
Repeater1[0]<--->HoM1[0]
REAL
   0.362374 -0.00260339   0.0218137    0.311607
-0.00260339    0.132576   0.0548149  0.00514706
  0.0218137   0.0548149    0.109848  0.00627986
   0.311607  0.00514706  0.00627986    0.395202
IMAGINARY
           0  0.000158095   -0.0176255  -0.00162128
-0.000158095            0 -0.000969392  -0.00630724
   0.0176255  0.000969392            0   -0.0202098
  0.00162128   0.00630724    0.0202098            0
EndNode1[0]<--->Repeater1[0]
REAL
   0.399754  0.00246564 -0.00813233    0.300565
 0.00246564    0.102091   0.0560293  -0.0142748
-0.00813233   0.0560293    0.111931   -0.022312
   0.300565  -0.0142748   -0.022312    0.386224
IMAGINARY
          0  -0.0110028     0.01724 -0.00370179
  0.0110028           0   0.0180948   0.0114485
   -0.01724  -0.0180948           0  -0.0245163
 0.00370179  -0.0114485   0.0245163           0
EndNode2[0]<--->HoM1[0]
REAL
   0.424505 -0.00362664   0.0130746    0.303127
-0.00362664    0.102723   0.0534567  -0.0111189
  0.0130746   0.0534567   0.0977723    0.013405
   0.303127  -0.0111189    0.013405       0.375
IMAGINARY
          0  0.00241306  0.00521856  -0.0113155
-0.00241306           0  -0.0205994  -0.0045598
-0.00521856   0.0205994           0   0.0153735
  0.0113155   0.0045598  -0.0153735           0
Repeater1[0]<--->EndNode1[0]
REAL
   0.399754 -0.00813233  0.00246564    0.300565
-0.00813233    0.111931   0.0560293   -0.022312
 0.00246564   0.0560293    0.102091  -0.0142748
   0.300565   -0.022312  -0.0142748    0.386224
IMAGINARY
          0     0.01724  -0.0110028 -0.00370179
   -0.01724           0  -0.0180948  -0.0245163
  0.0110028   0.0180948           0   0.0114485
 0.00370179   0.0245163  -0.0114485           0
Repeater1[0]<--->HoM1[0]
REAL
   0.424505   0.0130746 -0.00362664    0.303127
  0.0130746   0.0977723   0.0534567    0.013405
-0.00362664   0.0534567    0.102723  -0.0111189
   0.303127    0.013405  -0.0111189       0.375
IMAGINARY
          0  0.00521856  0.00241306  -0.0113155
-0.00521856           0   0.0205994   0.0153735
-0.00241306  -0.0205994           0  -0.0045598
  0.0113155  -0.0153735   0.0045598           0
EndNode1[0]<--->Repeater1[0]
REAL
    0.37831 -0.00308249 0.000490068    0.324585
-0.00308249    0.102144   0.0591357 -0.00722201
0.000490068   0.0591357    0.114754 -0.00242546
   0.324585 -0.00722201 -0.00242546    0.404792
IMAGINARY
           0 -0.000408715   -0.0113843     0.013646
 0.000408715            0   -0.0172345    0.0127888
   0.0113843    0.0172345            0   -0.0136362
   -0.013646   -0.0127888    0.0136362            0
EndNode2[0]<--->HoM1[0]
REAL
   0.389976   0.0167469 0.000633949    0.294088
  0.0167469    0.100244   0.0622875  -0.0107011
0.000633949   0.0622875    0.132029  -0.0120489
   0.294088  -0.0107011  -0.0120489    0.377751
IMAGINARY
          0   0.0118111   0.0166575   0.0134085
 -0.0118111           0  0.00387869  0.00952388
 -0.0166575 -0.00387869           0   0.0105388
 -0.0134085 -0.00952388  -0.0105388           0
Repeater1[0]<--->EndNode1[0]
REAL
    0.37831 0.000490068 -0.00308249    0.324585
0.000490068    0.114754   0.0591357 -0.00242546
-0.00308249   0.0591357    0.102144 -0.00722201
   0.324585 -0.00242546 -0.00722201    0.404792
IMAGINARY
           0   -0.0113843 -0.000408715     0.013646
   0.0113843            0    0.0172345   -0.0136362
 0.000408715   -0.0172345            0    0.0127888
   -0.013646    0.0136362   -0.0127888            0
Repeater1[0]<--->HoM1[0]
REAL
   0.389976 0.000633949   0.0167469    0.294088
0.000633949    0.132029   0.0622875  -0.0120489
  0.0167469   0.0622875    0.100244  -0.0107011
   0.294088  -0.0120489  -0.0107011    0.377751
IMAGINARY
          0   0.0166575   0.0118111   0.0134085
 -0.0166575           0 -0.00387869   0.0105388
 -0.0118111  0.00387869           0  0.00952388
 -0.0134085  -0.0105388 -0.00952388           0
EndNode1[0]<--->Repeater1[0]
REAL
    0.41299    0.013779   0.0145398    0.322788
   0.013779     0.11152   0.0365084  0.00179189
  0.0145398   0.0365084    0.117647 -0.00749759
   0.322788  0.00179189 -0.00749759    0.357843
IMAGINARY
           0  -0.00956157  -0.00647881    0.0137812
  0.00956157            0   -0.0107287 -0.000117491
  0.00647881    0.0107287            0   -0.0102273
  -0.0137812  0.000117491    0.0102273            0
EndNode2[0]<--->HoM1[0]
REAL
   0.374843 -0.00943106 -0.00832839    0.300414
-0.00943106   0.0955975   0.0507314  -0.0107556
-0.00832839   0.0507314    0.100629  0.00179747
   0.300414  -0.0107556  0.00179747    0.428931
IMAGINARY
          0   0.0169757 -0.00787886  0.00144485
 -0.0169757           0   0.0376966  -0.0105455
 0.00787886  -0.0376966           0 -0.00744587
-0.00144485   0.0105455  0.00744587           0
Repeater1[0]<--->EndNode1[0]
REAL
    0.41299   0.0145398    0.013779    0.322788
  0.0145398    0.117647   0.0365084 -0.00749759
   0.013779   0.0365084     0.11152  0.00179189
   0.322788 -0.00749759  0.00179189    0.357843
IMAGINARY
           0  -0.00647881  -0.00956157    0.0137812
  0.00647881            0    0.0107287   -0.0102273
  0.00956157   -0.0107287            0 -0.000117491
  -0.0137812    0.0102273  0.000117491            0
Repeater1[0]<--->HoM1[0]
REAL
   0.374843 -0.00832839 -0.00943106    0.300414
-0.00832839    0.100629   0.0507314  0.00179747
-0.00943106   0.0507314   0.0955975  -0.0107556
   0.300414  0.00179747  -0.0107556    0.428931
IMAGINARY
          0 -0.00787886   0.0169757  0.00144485
 0.00787886           0  -0.0376966 -0.00744587
 -0.0169757   0.0376966           0  -0.0105455
-0.00144485  0.00744587   0.0105455           0
EndNode1[0]<--->Repeater1[0]
REAL
  0.367188  0.0052497 0.00614266   0.307169
 0.0052497   0.126302  0.0634191 0.00366127
0.00614266  0.0634191   0.101562 0.00324703
  0.307169 0.00366127 0.00324703   0.404948
IMAGINARY
          0  -0.0141708  0.00102525  0.00302754
  0.0141708           0   0.0082907 -0.00977525
-0.00102525  -0.0082907           0  0.00917076
-0.00302754  0.00977525 -0.00917076           0
EndNode2[0]<--->HoM1[0]
REAL
   0.385919 0.000342792  0.00870012    0.314845
0.000342792    0.132986   0.0383441  -0.0105052
 0.00870012   0.0383441   0.0977836 -0.00696132
   0.314845  -0.0105052 -0.00696132    0.383312
IMAGINARY
           0  -0.00423499   0.00430491  -0.00162778
  0.00423499            0   -0.0153435   -0.0215463
 -0.00430491    0.0153435            0 -0.000234994
  0.00162778    0.0215463  0.000234994            0
Repeater1[0]<--->EndNode1[0]
REAL
  0.367188 0.00614266  0.0052497   0.307169
0.00614266   0.101562  0.0634191 0.00324703
 0.0052497  0.0634191   0.126302 0.00366127
  0.307169 0.00324703 0.00366127   0.404948
IMAGINARY
          0  0.00102525  -0.0141708  0.00302754
-0.00102525           0  -0.0082907  0.00917076
  0.0141708   0.0082907           0 -0.00977525
-0.00302754 -0.00917076  0.00977525           0
Repeater1[0]<--->HoM1[0]
REAL
   0.385919  0.00870012 0.000342792    0.314845
 0.00870012   0.0977836   0.0383441 -0.00696132
0.000342792   0.0383441    0.132986  -0.0105052
   0.314845 -0.00696132  -0.0105052    0.383312
IMAGINARY
           0   0.00430491  -0.00423499  -0.00162778
 -0.00430491            0    0.0153435 -0.000234994
  0.00423499   -0.0153435            0   -0.0215463
  0.00162778  0.000234994    0.0215463            0
EndNode1[0]<--->Repeater1[0]
REAL
  0.365591 0.00019448  0.0248894   0.312262
0.00019448   0.116935  0.0628953 0.00222278
 0.0248894  0.0628953   0.129032  0.0130464
  0.312262 0.00222278  0.0130464   0.388441
IMAGINARY
          0  0.00981095   0.0232891 -0.00719029
-0.00981095           0  0.00342145 -0.00430175
 -0.0232891 -0.00342145           0  -0.0110768
 0.00719029  0.00430175   0.0110768           0
EndNode2[0]<--->HoM1[0]
REAL
   0.390419  -0.0125131  -0.0087106    0.326397
 -0.0125131    0.113772   0.0476681 -0.00999265
 -0.0087106   0.0476681    0.116168 -0.00743699
   0.326397 -0.00999265 -0.00743699    0.379641
IMAGINARY
           0   0.00982177  -0.00808983     0.015457
 -0.00982177            0  0.000672043    0.0105348
  0.00808983 -0.000672043            0  -0.00859928
   -0.015457   -0.0105348   0.00859928            0
Repeater1[0]<--->EndNode1[0]
REAL
  0.365591  0.0248894 0.00019448   0.312262
 0.0248894   0.129032  0.0628953  0.0130464
0.00019448  0.0628953   0.116935 0.00222278
  0.312262  0.0130464 0.00222278   0.388441
IMAGINARY
          0   0.0232891  0.00981095 -0.00719029
 -0.0232891           0 -0.00342145  -0.0110768
-0.00981095  0.00342145           0 -0.00430175
 0.00719029   0.0110768  0.00430175           0
Repeater1[0]<--->HoM1[0]
REAL
   0.390419  -0.0087106  -0.0125131    0.326397
 -0.0087106    0.116168   0.0476681 -0.00743699
 -0.0125131   0.0476681    0.113772 -0.00999265
   0.326397 -0.00743699 -0.00999265    0.379641
IMAGINARY
           0  -0.00808983   0.00982177     0.015457
  0.00808983            0 -0.000672043  -0.00859928
 -0.00982177  0.000672043            0    0.0105348
   -0.015457   0.00859928   -0.0105348            0
EndNode1[0]<--->Repeater1[0]
REAL
   0.373973   0.0063871 -0.00903777    0.320445
  0.0063871    0.121918   0.0408883   0.0303711
-0.00903777   0.0408883    0.112329   0.0096129
   0.320445   0.0303711   0.0096129    0.391781
IMAGINARY
           0  0.000578632   -0.0156118   -0.0129705
-0.000578632            0    0.0116818   0.00945416
   0.0156118   -0.0116818            0   0.00434748
   0.0129705  -0.00945416  -0.00434748            0
EndNode2[0]<--->HoM1[0]
REAL
    0.407595  -0.00239852    0.0124618     0.322035
 -0.00239852     0.117722    0.0541782 -0.000325901
   0.0124618    0.0541782     0.120253    0.0290975
    0.322035 -0.000325901    0.0290975      0.35443
IMAGINARY
          0   0.0056391   -0.011637  -0.0027558
 -0.0056391           0   0.0112748 -0.00111808
   0.011637  -0.0112748           0  -0.0056391
  0.0027558  0.00111808   0.0056391           0
Repeater1[0]<--->EndNode1[0]
REAL
   0.373973 -0.00903777   0.0063871    0.320445
-0.00903777    0.112329   0.0408883   0.0096129
  0.0063871   0.0408883    0.121918   0.0303711
   0.320445   0.0096129   0.0303711    0.391781
IMAGINARY
           0   -0.0156118  0.000578632   -0.0129705
   0.0156118            0   -0.0116818   0.00434748
-0.000578632    0.0116818            0   0.00945416
   0.0129705  -0.00434748  -0.00945416            0
Repeater1[0]<--->HoM1[0]
REAL
    0.407595    0.0124618  -0.00239852     0.322035
   0.0124618     0.120253    0.0541782    0.0290975
 -0.00239852    0.0541782     0.117722 -0.000325901
    0.322035    0.0290975 -0.000325901      0.35443
IMAGINARY
          0   -0.011637   0.0056391  -0.0027558
   0.011637           0  -0.0112748  -0.0056391
 -0.0056391   0.0112748           0 -0.00111808
  0.0027558   0.0056391  0.00111808           0
EndNode1[0]<--->Repeater1[0]
REAL
      0.376   0.0165159  -0.0223945    0.318021
  0.0165159    0.110667   0.0414115   0.0143797
 -0.0223945   0.0414115    0.117333 -0.00973412
   0.318021   0.0143797 -0.00973412       0.396
IMAGINARY
          0   0.0347922 -0.00689882   0.0236875
 -0.0347922           0  0.00236705 -0.00689882
 0.00689882 -0.00236705           0  0.00265852
 -0.0236875  0.00689882 -0.00265852           0
EndNode2[0]<--->HoM1[0]
REAL
   0.364796 -0.00112696  0.00920636    0.320281
-0.00112696    0.121173   0.0370556  0.00981538
 0.00920636   0.0370556   0.0956633 -0.00566652
   0.320281  0.00981538 -0.00566652    0.418367
IMAGINARY
          0   0.0187702 -0.00349393  0.00817036
 -0.0187702           0   0.0181454   -0.020377
 0.00349393  -0.0181454           0  0.00252016
-0.00817036    0.020377 -0.00252016           0
Repeater1[0]<--->EndNode1[0]
REAL
      0.376  -0.0223945   0.0165159    0.318021
 -0.0223945    0.117333   0.0414115 -0.00973412
  0.0165159   0.0414115    0.110667   0.0143797
   0.318021 -0.00973412   0.0143797       0.396
IMAGINARY
          0 -0.00689882   0.0347922   0.0236875
 0.00689882           0 -0.00236705  0.00265852
 -0.0347922  0.00236705           0 -0.00689882
 -0.0236875 -0.00265852  0.00689882           0
Repeater1[0]<--->HoM1[0]
REAL
   0.364796  0.00920636 -0.00112696    0.320281
 0.00920636   0.0956633   0.0370556 -0.00566652
-0.00112696   0.0370556    0.121173  0.00981538
   0.320281 -0.00566652  0.00981538    0.418367
IMAGINARY
          0 -0.00349393   0.0187702  0.00817036
 0.00349393           0  -0.0181454  0.00252016
 -0.0187702   0.0181454           0   -0.020377
-0.00817036 -0.00252016    0.020377           0
EndNode1[0]<--->Repeater1[0]
REAL
   0.394839   0.0112575  0.00765959    0.326444
  0.0112575   0.0851613   0.0332501   0.0025445
 0.00765959   0.0332501     0.12129 -0.00615545
   0.326444   0.0025445 -0.00615545     0.39871
IMAGINARY
          0   0.0160199  -0.0324163   0.0164751
 -0.0160199           0   0.0275862  0.00100271
  0.0324163  -0.0275862           0 -0.00554871
 -0.0164751 -0.00100271  0.00554871           0
EndNode2[0]<--->HoM1[0]
REAL
   0.432503 -0.00735718   0.0035854    0.300196
-0.00735718   0.0969856   0.0459583   0.0035854
  0.0035854   0.0459583     0.12844   0.0197431
   0.300196   0.0035854   0.0197431    0.342071
IMAGINARY
          0   0.0054599  0.00592837   -0.010292
 -0.0054599           0   -0.016752 -0.00713903
-0.00592837    0.016752           0  0.00422533
   0.010292  0.00713903 -0.00422533           0
Repeater1[0]<--->EndNode1[0]
REAL
   0.394839  0.00765959   0.0112575    0.326444
 0.00765959     0.12129   0.0332501 -0.00615545
  0.0112575   0.0332501   0.0851613   0.0025445
   0.326444 -0.00615545   0.0025445     0.39871
IMAGINARY
          0  -0.0324163   0.0160199   0.0164751
  0.0324163           0  -0.0275862 -0.00554871
 -0.0160199   0.0275862           0  0.00100271
 -0.0164751  0.00554871 -0.00100271           0
Repeater1[0]<--->HoM1[0]
REAL
   0.432503   0.0035854 -0.00735718    0.300196
  0.0035854     0.12844   0.0459583   0.0197431
-0.00735718   0.0459583   0.0969856   0.0035854
   0.300196   0.0197431   0.0035854    0.342071
IMAGINARY
          0  0.00592837   0.0054599   -0.010292
-0.00592837           0    0.016752  0.00422533
 -0.0054599   -0.016752           0 -0.00713903
   0.010292 -0.00422533  0.00713903           0
EndNode1[0]<--->Repeater1[0]
REAL
  0.377483 0.00276763 -0.0211016   0.307328
0.00276763   0.111258   0.041682 -0.0110766
-0.0211016   0.041682   0.112583 -0.0126686
  0.307328 -0.0110766 -0.0126686   0.398675
IMAGINARY
          0   0.0210006 -0.00528542  -0.0191653
 -0.0210006           0  0.00791529 -0.00336971
 0.00528542 -0.00791529           0 -0.00701928
  0.0191653  0.00336971  0.00701928           0
EndNode2[0]<--->HoM1[0]
REAL
   0.371108 -0.00863872  -0.0212717    0.318549
-0.00863872    0.105853   0.0538434 -0.00265468
 -0.0212717   0.0538434    0.117061  -0.0152877
   0.318549 -0.00265468  -0.0152877    0.405978
IMAGINARY
           0   -0.0145315 -0.000231965  -0.00866228
   0.0145315            0   -0.0142385    0.0216223
 0.000231965    0.0142385            0  -0.00685887
  0.00866228   -0.0216223   0.00685887            0
Repeater1[0]<--->EndNode1[0]
REAL
  0.377483 -0.0211016 0.00276763   0.307328
-0.0211016   0.112583   0.041682 -0.0126686
0.00276763   0.041682   0.111258 -0.0110766
  0.307328 -0.0126686 -0.0110766   0.398675
IMAGINARY
          0 -0.00528542   0.0210006  -0.0191653
 0.00528542           0 -0.00791529 -0.00701928
 -0.0210006  0.00791529           0 -0.00336971
  0.0191653  0.00701928  0.00336971           0
Repeater1[0]<--->HoM1[0]
REAL
   0.371108  -0.0212717 -0.00863872    0.318549
 -0.0212717    0.117061   0.0538434  -0.0152877
-0.00863872   0.0538434    0.105853 -0.00265468
   0.318549  -0.0152877 -0.00265468    0.405978
IMAGINARY
           0 -0.000231965   -0.0145315  -0.00866228
 0.000231965            0    0.0142385  -0.00685887
   0.0145315   -0.0142385            0    0.0216223
  0.00866228   0.00685887   -0.0216223            0
EndNode1[0]<--->Repeater1[0]
REAL
   0.426043  -0.0164985  0.00788333    0.320105
 -0.0164985    0.101138   0.0516569 -0.00270198
 0.00788333   0.0516569   0.0998736   0.0229752
   0.320105 -0.00270198   0.0229752    0.372946
IMAGINARY
           0   -0.0034959    0.0170895   -0.0128949
   0.0034959            0   -0.0175062   -0.0043669
  -0.0170895    0.0175062            0  0.000951369
   0.0128949    0.0043669 -0.000951369            0
EndNode2[0]<--->HoM1[0]
REAL
   0.403778 -0.00928296  -0.0152996    0.305974
-0.00928296    0.108619   0.0534859   0.0139483
 -0.0152996   0.0534859    0.109799  0.00522891
   0.305974   0.0139483  0.00522891    0.377804
IMAGINARY
           0    0.0147838  0.000553131   -0.0037909
  -0.0147838            0   -0.0106745   -0.0105034
-0.000553131    0.0106745            0    0.0113356
   0.0037909    0.0105034   -0.0113356            0
Repeater1[0]<--->EndNode1[0]
REAL
   0.426043  0.00788333  -0.0164985    0.320105
 0.00788333   0.0998736   0.0516569   0.0229752
 -0.0164985   0.0516569    0.101138 -0.00270198
   0.320105   0.0229752 -0.00270198    0.372946
IMAGINARY
           0    0.0170895   -0.0034959   -0.0128949
  -0.0170895            0    0.0175062  0.000951369
   0.0034959   -0.0175062            0   -0.0043669
   0.0128949 -0.000951369    0.0043669            0
Repeater1[0]<--->HoM1[0]
REAL
   0.403778  -0.0152996 -0.00928296    0.305974
 -0.0152996    0.109799   0.0534859  0.00522891
-0.00928296   0.0534859    0.108619   0.0139483
   0.305974  0.00522891   0.0139483    0.377804
IMAGINARY
           0  0.000553131    0.0147838   -0.0037909
-0.000553131            0    0.0106745    0.0113356
  -0.0147838   -0.0106745            0   -0.0105034
   0.0037909   -0.0113356    0.0105034            0
EndNode1[0]<--->Repeater1[0]
REAL
   0.400256   0.0162567  0.00220887    0.301047
  0.0162567    0.103581   0.0375776 -0.00749987
 0.00220887   0.0375776    0.109974   0.0022618
   0.301047 -0.00749987   0.0022618    0.386189
IMAGINARY
          0  0.00613881 -0.00747159   0.0193506
-0.00613881           0 -0.00925638  0.00418644
 0.00747159  0.00925638           0  -0.0081099
 -0.0193506 -0.00418644   0.0081099           0
EndNode2[0]<--->HoM1[0]
REAL
     0.4175   0.0133937  0.00901826    0.320811
  0.0133937      0.1025    0.037064   0.0121085
 0.00901826    0.037064     0.10875 -0.00635148
   0.320811   0.0121085 -0.00635148     0.37125
IMAGINARY
           0  -0.00608028   0.00473991    0.0205548
  0.00608028            0    0.0028333 -0.000607681
 -0.00473991   -0.0028333            0  -0.00218418
  -0.0205548  0.000607681   0.00218418            0
Repeater1[0]<--->EndNode1[0]
REAL
   0.400256  0.00220887   0.0162567    0.301047
 0.00220887    0.109974   0.0375776   0.0022618
  0.0162567   0.0375776    0.103581 -0.00749987
   0.301047   0.0022618 -0.00749987    0.386189
IMAGINARY
          0 -0.00747159  0.00613881   0.0193506
 0.00747159           0  0.00925638  -0.0081099
-0.00613881 -0.00925638           0  0.00418644
 -0.0193506   0.0081099 -0.00418644           0
Repeater1[0]<--->HoM1[0]
REAL
     0.4175  0.00901826   0.0133937    0.320811
 0.00901826     0.10875    0.037064 -0.00635148
  0.0133937    0.037064      0.1025   0.0121085
   0.320811 -0.00635148   0.0121085     0.37125
IMAGINARY
           0   0.00473991  -0.00608028    0.0205548
 -0.00473991            0   -0.0028333  -0.00218418
  0.00608028    0.0028333            0 -0.000607681
  -0.0205548   0.00218418  0.000607681            0
EndNode1[0]<--->Repeater1[0]
REAL
   0.383117 0.000595183  0.00344945    0.312841
0.000595183    0.103896   0.0663621   0.0108718
 0.00344945   0.0663621   0.0909091   0.0050088
   0.312841   0.0108718   0.0050088    0.422078
IMAGINARY
          0  -0.0160301  -0.0072608  -0.0514227
  0.0160301           0 -0.00271741  0.00277936
  0.0072608  0.00271741           0  -0.0127791
  0.0514227 -0.00277936   0.0127791           0
EndNode2[0]<--->HoM1[0]
REAL
  0.373057  0.0145959 0.00230481   0.318088
 0.0145959   0.124352  0.0464442 -0.0158516
0.00230481  0.0464442   0.108808 -0.0158274
  0.318088 -0.0158516 -0.0158274   0.393782
IMAGINARY
          0  0.00564617 -0.00099707  -0.0161197
-0.00564617           0    0.027808  -0.0109226
 0.00099707   -0.027808           0  -0.0263488
  0.0161197   0.0109226   0.0263488           0
Repeater1[0]<--->EndNode1[0]
REAL
   0.383117  0.00344945 0.000595183    0.312841
 0.00344945   0.0909091   0.0663621   0.0050088
0.000595183   0.0663621    0.103896   0.0108718
   0.312841   0.0050088   0.0108718    0.422078
IMAGINARY
          0  -0.0072608  -0.0160301  -0.0514227
  0.0072608           0  0.00271741  -0.0127791
  0.0160301 -0.00271741           0  0.00277936
  0.0514227   0.0127791 -0.00277936           0
Repeater1[0]<--->HoM1[0]
REAL
  0.373057 0.00230481  0.0145959   0.318088
0.00230481   0.108808  0.0464442 -0.0158274
 0.0145959  0.0464442   0.124352 -0.0158516
  0.318088 -0.0158274 -0.0158516   0.393782
IMAGINARY
          0 -0.00099707  0.00564617  -0.0161197
 0.00099707           0   -0.027808  -0.0263488
-0.00564617    0.027808           0  -0.0109226
  0.0161197   0.0263488   0.0109226           0
EndNode1[0]<--->Repeater1[0]
REAL
  0.425166 -0.0194424 0.00672823    0.31273
-0.0194424   0.112583  0.0363971 -0.0279252
0.00672823  0.0363971  0.0887417 -0.0279391
   0.31273 -0.0279252 -0.0279391    0.37351
IMAGINARY
           0 -0.000952374    0.0105541  -0.00748003
 0.000952374            0      0.02248  -0.00730308
  -0.0105541     -0.02248            0   -0.0127017
  0.00748003   0.00730308    0.0127017            0
EndNode2[0]<--->HoM1[0]
REAL
  0.400794  0.0318531 0.00506313   0.325208
 0.0318531   0.116402   0.046004 0.00756313
0.00506313   0.046004   0.111111 -0.0116511
  0.325208 0.00756313 -0.0116511   0.371693
IMAGINARY
           0    0.0168136   0.00957256   -0.0052576
  -0.0168136            0  -0.00951033   -0.0320373
 -0.00957256   0.00951033            0  0.000516324
   0.0052576    0.0320373 -0.000516324            0
Repeater1[0]<--->EndNode1[0]
REAL
  0.425166 0.00672823 -0.0194424    0.31273
0.00672823  0.0887417  0.0363971 -0.0279391
-0.0194424  0.0363971   0.112583 -0.0279252
   0.31273 -0.0279391 -0.0279252    0.37351
IMAGINARY
           0    0.0105541 -0.000952374  -0.00748003
  -0.0105541            0     -0.02248   -0.0127017
 0.000952374      0.02248            0  -0.00730308
  0.00748003    0.0127017   0.00730308            0
Repeater1[0]<--->HoM1[0]
REAL
  0.400794 0.00506313  0.0318531   0.325208
0.00506313   0.111111   0.046004 -0.0116511
 0.0318531   0.046004   0.116402 0.00756313
  0.325208 -0.0116511 0.00756313   0.371693
IMAGINARY
           0   0.00957256    0.0168136   -0.0052576
 -0.00957256            0   0.00951033  0.000516324
  -0.0168136  -0.00951033            0   -0.0320373
   0.0052576 -0.000516324    0.0320373            0
EndNode1[0]<--->Repeater1[0]
REAL
   0.384615  -0.0158711  -0.0209941    0.313674
 -0.0158711   0.0958386   0.0365801 0.000689552
 -0.0209941   0.0365801    0.134931  -0.0145858
   0.313674 0.000689552  -0.0145858    0.384615
IMAGINARY
          0  -0.0061593  -0.0158135  0.00320318
  0.0061593           0   0.0117222 -0.00635401
  0.0158135  -0.0117222           0  0.00739083
-0.00320318  0.00635401 -0.00739083           0
EndNode2[0]<--->HoM1[0]
REAL
  0.405149  0.0131891 -0.0065748   0.311858
 0.0131891  0.0948509  0.0433518 0.00183867
-0.0065748  0.0433518   0.115176 -0.0192784
  0.311858 0.00183867 -0.0192784   0.384824
IMAGINARY
           0  -0.00720238   0.00745121   0.00464088
  0.00720238            0  -0.00214088 -4.87887e-05
 -0.00745121   0.00214088            0   0.00518354
 -0.00464088  4.87887e-05  -0.00518354            0
Repeater1[0]<--->EndNode1[0]
REAL
   0.384615  -0.0209941  -0.0158711    0.313674
 -0.0209941    0.134931   0.0365801  -0.0145858
 -0.0158711   0.0365801   0.0958386 0.000689552
   0.313674  -0.0145858 0.000689552    0.384615
IMAGINARY
          0  -0.0158135  -0.0061593  0.00320318
  0.0158135           0  -0.0117222  0.00739083
  0.0061593   0.0117222           0 -0.00635401
-0.00320318 -0.00739083  0.00635401           0
Repeater1[0]<--->HoM1[0]
REAL
  0.405149 -0.0065748  0.0131891   0.311858
-0.0065748   0.115176  0.0433518 -0.0192784
 0.0131891  0.0433518  0.0948509 0.00183867
  0.311858 -0.0192784 0.00183867   0.384824
IMAGINARY
           0   0.00745121  -0.00720238   0.00464088
 -0.00745121            0   0.00214088   0.00518354
  0.00720238  -0.00214088            0 -4.87887e-05
 -0.00464088  -0.00518354  4.87887e-05            0
EndNode1[0]<--->Repeater1[0]
REAL
   0.417526    0.019034 -0.00504671    0.308972
   0.019034   0.0940722   0.0267144    0.012107
-0.00504671   0.0267144    0.112113  -0.0119737
   0.308972    0.012107  -0.0119737    0.376289
IMAGINARY
          0  0.00753417 -0.00835821  -0.0206212
-0.00753417           0 -0.00879056  -0.0212117
 0.00835821  0.00879056           0  0.00321851
  0.0206212   0.0212117 -0.00321851           0
EndNode2[0]<--->HoM1[0]
REAL
    0.417989   -0.0163449   0.00726494     0.312254
  -0.0163449     0.112434    0.0477708   -0.0305941
  0.00726494    0.0477708     0.103175 -0.000679082
    0.312254   -0.0305941 -0.000679082     0.366402
IMAGINARY
           0   -0.0157181    0.0180968    0.0164595
   0.0157181            0  0.000250018   -0.0294318
  -0.0180968 -0.000250018            0    0.0358692
  -0.0164595    0.0294318   -0.0358692            0
Repeater1[0]<--->EndNode1[0]
REAL
   0.417526 -0.00504671    0.019034    0.308972
-0.00504671    0.112113   0.0267144  -0.0119737
   0.019034   0.0267144   0.0940722    0.012107
   0.308972  -0.0119737    0.012107    0.376289
IMAGINARY
          0 -0.00835821  0.00753417  -0.0206212
 0.00835821           0  0.00879056  0.00321851
-0.00753417 -0.00879056           0  -0.0212117
  0.0206212 -0.00321851   0.0212117           0
Repeater1[0]<--->HoM1[0]
REAL
    0.417989   0.00726494   -0.0163449     0.312254
  0.00726494     0.103175    0.0477708 -0.000679082
  -0.0163449    0.0477708     0.112434   -0.0305941
    0.312254 -0.000679082   -0.0305941     0.366402
IMAGINARY
           0    0.0180968   -0.0157181    0.0164595
  -0.0180968            0 -0.000250018    0.0358692
   0.0157181  0.000250018            0   -0.0294318
  -0.0164595   -0.0358692    0.0294318            0
EndNode1[0]<--->Repeater1[0]
REAL
  0.388664  0.0229472 0.00429002   0.296516
 0.0229472   0.117409  0.0376422   0.015512
0.00429002  0.0376422   0.107962 0.00428053
  0.296516   0.015512 0.00428053   0.385965
IMAGINARY
          0    0.015531  -0.0153295   0.0298447
  -0.015531           0  0.00644565  -0.0146583
  0.0153295 -0.00644565           0   0.0328166
 -0.0298447   0.0146583  -0.0328166           0
