EndNode1[0]<--->Repeater1[0]
REAL
    0.327957   -0.0117142   -0.0105783    0.0192987
  -0.0117142      0.19086 -0.000454433    0.0256536
  -0.0105783 -0.000454433     0.176075  -0.00461744
   0.0192987    0.0256536  -0.00461744     0.305108
IMAGINARY
          0   0.0130711  -0.0395062  -0.0076364
 -0.0130711           0  -0.0152313  0.00740741
  0.0395062   0.0152313           0  0.00791651
  0.0076364 -0.00740741 -0.00791651           0
EndNode2[0]<--->HoM1[0]
REAL
   0.322075 -0.00545355  -0.0124237    0.027808
-0.00545355    0.189385  0.00744005  0.00981269
 -0.0124237  0.00744005    0.180941   0.0106755
   0.027808  0.00981269   0.0106755      0.3076
IMAGINARY
          0 -0.00574094  0.00335145  -0.0172105
 0.00574094           0  -0.0249425   0.0117602
-0.00335145   0.0249425           0  0.00245579
  0.0172105  -0.0117602 -0.00245579           0
Repeater1[0]<--->EndNode1[0]
REAL
    0.327957   -0.0105783   -0.0117142    0.0192987
  -0.0105783     0.176075 -0.000454433  -0.00461744
  -0.0117142 -0.000454433      0.19086    0.0256536
   0.0192987  -0.00461744    0.0256536     0.305108
IMAGINARY
          0  -0.0395062   0.0130711  -0.0076364
  0.0395062           0   0.0152313  0.00791651
 -0.0130711  -0.0152313           0  0.00740741
  0.0076364 -0.00791651 -0.00740741           0
Repeater1[0]<--->HoM1[0]
REAL
   0.322075  -0.0124237 -0.00545355    0.027808
 -0.0124237    0.180941  0.00744005   0.0106755
-0.00545355  0.00744005    0.189385  0.00981269
   0.027808   0.0106755  0.00981269      0.3076
IMAGINARY
          0  0.00335145 -0.00574094  -0.0172105
-0.00335145           0   0.0249425  0.00245579
 0.00574094  -0.0249425           0   0.0117602
  0.0172105 -0.00245579  -0.0117602           0
EndNode1[0]<--->Repeater1[0]
REAL
   0.338101  0.00599029 -0.00632123   0.0199979
 0.00599029    0.208062  0.00333123 -0.00313652
-0.00632123  0.00333123    0.163849 -0.00788184
  0.0199979 -0.00313652 -0.00788184    0.289987
IMAGINARY
           0  0.000886832  -0.00816672   0.00472552
-0.000886832            0  -0.00330909    0.0171411
  0.00816672   0.00330909            0    0.0221901
 -0.00472552   -0.0171411   -0.0221901            0
EndNode2[0]<--->HoM1[0]
REAL
  0.380704 -0.0202291 0.00926824  0.0366878
-0.0202291   0.169492  0.0398888  0.0286983
0.00926824  0.0398888   0.152542 -0.0074414
 0.0366878  0.0286983 -0.0074414   0.297262
IMAGINARY
          0 -0.00642603   0.0207626 -0.00878133
 0.00642603           0  -0.0243851 -0.00219662
 -0.0207626   0.0243851           0 -0.00829869
 0.00878133  0.00219662  0.00829869           0
Repeater1[0]<--->EndNode1[0]
REAL
   0.338101 -0.00632123  0.00599029   0.0199979
-0.00632123    0.163849  0.00333123 -0.00788184
 0.00599029  0.00333123    0.208062 -0.00313652
  0.0199979 -0.00788184 -0.00313652    0.289987
IMAGINARY
           0  -0.00816672  0.000886832   0.00472552
  0.00816672            0   0.00330909    0.0221901
-0.000886832  -0.00330909            0    0.0171411
 -0.00472552   -0.0221901   -0.0171411            0
Repeater1[0]<--->HoM1[0]
REAL
  0.380704 0.00926824 -0.0202291  0.0366878
0.00926824   0.152542  0.0398888 -0.0074414
-0.0202291  0.0398888   0.169492  0.0286983
 0.0366878 -0.0074414  0.0286983   0.297262
IMAGINARY
          0   0.0207626 -0.00642603 -0.00878133
 -0.0207626           0   0.0243851 -0.00829869
 0.00642603  -0.0243851           0 -0.00219662
 0.00878133  0.00829869  0.00219662           0
EndNode1[0]<--->Repeater1[0]
REAL
   0.367197  0.00608173  -0.0144887   0.0306035
 0.00608173    0.173807  0.00736308 -0.00932078
 -0.0144887  0.00736308    0.176255 -0.00801223
  0.0306035 -0.00932078 -0.00801223    0.282742
IMAGINARY
          0 -0.00270866 -0.00924527    0.013947
 0.00270866           0  0.00640927  0.00990928
 0.00924527 -0.00640927           0 -0.00459545
  -0.013947 -0.00990928  0.00459545           0
EndNode2[0]<--->HoM1[0]
REAL
   0.333739   0.0230649  0.00944571   0.0538448
  0.0230649    0.175396 -0.00550039 -0.00878346
 0.00944571 -0.00550039    0.165652    0.029253
  0.0538448 -0.00878346    0.029253    0.325213
IMAGINARY
          0 -0.00359555 -0.00233574 -0.00505749
 0.00359555           0   0.0257601  0.00165362
 0.00233574  -0.0257601           0  -0.0107291
 0.00505749 -0.00165362   0.0107291           0
Repeater1[0]<--->EndNode1[0]
REAL
   0.367197  -0.0144887  0.00608173   0.0306035
 -0.0144887    0.176255  0.00736308 -0.00801223
 0.00608173  0.00736308    0.173807 -0.00932078
  0.0306035 -0.00801223 -0.00932078    0.282742
IMAGINARY
          0 -0.00924527 -0.00270866    0.013947
 0.00924527           0 -0.00640927 -0.00459545
 0.00270866  0.00640927           0  0.00990928
  -0.013947  0.00459545 -0.00990928           0
Repeater1[0]<--->HoM1[0]
REAL
   0.333739  0.00944571   0.0230649   0.0538448
 0.00944571    0.165652 -0.00550039    0.029253
  0.0230649 -0.00550039    0.175396 -0.00878346
  0.0538448    0.029253 -0.00878346    0.325213
IMAGINARY
          0 -0.00233574 -0.00359555 -0.00505749
 0.00233574           0  -0.0257601  -0.0107291
 0.00359555   0.0257601           0  0.00165362
 0.00505749   0.0107291 -0.00165362           0
EndNode1[0]<--->Repeater1[0]
REAL
   0.366871  0.00298266   -0.005895   0.0486336
 0.00298266     0.15092 -0.00876434 -0.00783049
  -0.005895 -0.00876434     0.16319     0.01205
  0.0486336 -0.00783049     0.01205    0.319018
IMAGINARY
           0    0.0164822  -0.00586869   0.00969804
  -0.0164822            0   0.00349457   0.00331767
  0.00586869  -0.00349457            0  9.94664e-05
 -0.00969804  -0.00331767 -9.94664e-05            0
EndNode2[0]<--->HoM1[0]
REAL
   0.330739  0.00262467   0.0104084  0.00266335
 0.00262467    0.184176 -0.00645123  0.00853102
  0.0104084 -0.00645123    0.185473 -0.00262467
 0.00266335  0.00853102 -0.00262467    0.299611
IMAGINARY
           0   0.00389775   -0.0477211  0.000665565
 -0.00389775            0   -0.0245334    0.0190753
   0.0477211    0.0245334            0    0.0104252
-0.000665565   -0.0190753   -0.0104252            0
Repeater1[0]<--->EndNode1[0]
REAL
   0.366871   -0.005895  0.00298266   0.0486336
  -0.005895     0.16319 -0.00876434     0.01205
 0.00298266 -0.00876434     0.15092 -0.00783049
  0.0486336     0.01205 -0.00783049    0.319018
IMAGINARY
           0  -0.00586869    0.0164822   0.00969804
  0.00586869            0  -0.00349457  9.94664e-05
  -0.0164822   0.00349457            0   0.00331767
 -0.00969804 -9.94664e-05  -0.00331767            0
Repeater1[0]<--->HoM1[0]
REAL
   0.330739   0.0104084  0.00262467  0.00266335
  0.0104084    0.185473 -0.00645123 -0.00262467
 0.00262467 -0.00645123    0.184176  0.00853102
 0.00266335 -0.00262467  0.00853102    0.299611
IMAGINARY
           0   -0.0477211   0.00389775  0.000665565
   0.0477211            0    0.0245334    0.0104252
 -0.00389775   -0.0245334            0    0.0190753
-0.000665565   -0.0104252   -0.0190753            0
EndNode1[0]<--->Repeater1[0]
REAL
   0.346056  0.00329601  -0.0264131   0.0514916
 0.00329601    0.183206  -0.0111787 -0.00908633
 -0.0264131  -0.0111787    0.184478   -0.014728
  0.0514916 -0.00908633   -0.014728     0.28626
IMAGINARY
           0  0.000598362  -0.00998911  -0.00254776
-0.000598362            0    0.0051053   -0.0186212
  0.00998911   -0.0051053            0    0.0103008
  0.00254776    0.0186212   -0.0103008            0
EndNode2[0]<--->HoM1[0]
REAL
   0.356336  0.00103273 -0.00639958   0.0418533
 0.00103273    0.154329  -0.0028008 -0.00832513
-0.00639958  -0.0028008    0.180678   0.0124116
  0.0418533 -0.00832513   0.0124116    0.308657
IMAGINARY
          0 -0.00692822   0.0164607 -0.00208901
 0.00692822           0  -0.0166276   -0.013316
 -0.0164607   0.0166276           0  0.00629929
 0.00208901    0.013316 -0.00629929           0
Repeater1[0]<--->EndNode1[0]
REAL
   0.346056  -0.0264131  0.00329601   0.0514916
 -0.0264131    0.184478  -0.0111787   -0.014728
 0.00329601  -0.0111787    0.183206 -0.00908633
  0.0514916   -0.014728 -0.00908633     0.28626
IMAGINARY
           0  -0.00998911  0.000598362  -0.00254776
  0.00998911            0   -0.0051053    0.0103008
-0.000598362    0.0051053            0   -0.0186212
  0.00254776   -0.0103008    0.0186212            0
Repeater1[0]<--->HoM1[0]
REAL
   0.356336 -0.00639958  0.00103273   0.0418533
-0.00639958    0.180678  -0.0028008   0.0124116
 0.00103273  -0.0028008    0.154329 -0.00832513
  0.0418533   0.0124116 -0.00832513    0.308657
IMAGINARY
          0   0.0164607 -0.00692822 -0.00208901
 -0.0164607           0   0.0166276  0.00629929
 0.00692822  -0.0166276           0   -0.013316
 0.00208901 -0.00629929    0.013316           0
EndNode1[0]<--->Repeater1[0]
REAL
   0.348387 -0.00696941   0.0295272   0.0528625
-0.00696941    0.188387   0.0104668   0.0157081
  0.0295272   0.0104668     0.16129 -0.00328391
  0.0528625   0.0157081 -0.00328391    0.301935
IMAGINARY
          0  0.00467356   0.0153959  0.00255944
-0.00467356           0  0.00125736   0.0121949
 -0.0153959 -0.00125736           0  -0.0080383
-0.00255944  -0.0121949   0.0080383           0
EndNode2[0]<--->HoM1[0]
REAL
   0.336066  0.00869698   0.0278903   0.0426035
 0.00869698    0.193989 0.000103482  -0.0114645
  0.0278903 0.000103482     0.18306   0.0234975
  0.0426035  -0.0114645   0.0234975    0.286885
IMAGINARY
           0  0.000652916  0.000307642  -0.00154334
-0.000652916            0  -0.00601333    0.0184424
-0.000307642   0.00601333            0   0.00809708
  0.00154334   -0.0184424  -0.00809708            0
Repeater1[0]<--->EndNode1[0]
REAL
   0.348387   0.0295272 -0.00696941   0.0528625
  0.0295272     0.16129   0.0104668 -0.00328391
-0.00696941   0.0104668    0.188387   0.0157081
  0.0528625 -0.00328391   0.0157081    0.301935
IMAGINARY
          0   0.0153959  0.00467356  0.00255944
 -0.0153959           0 -0.00125736  -0.0080383
-0.00467356  0.00125736           0   0.0121949
-0.00255944   0.0080383  -0.0121949           0
Repeater1[0]<--->HoM1[0]
REAL
   0.336066   0.0278903  0.00869698   0.0426035
  0.0278903     0.18306 0.000103482   0.0234975
 0.00869698 0.000103482    0.193989  -0.0114645
  0.0426035   0.0234975  -0.0114645    0.286885
IMAGINARY
           0  0.000307642  0.000652916  -0.00154334
-0.000307642            0   0.00601333   0.00809708
-0.000652916  -0.00601333            0    0.0184424
  0.00154334  -0.00809708   -0.0184424            0
EndNode1[0]<--->Repeater1[0]
REAL
   0.339572  -0.0121346  0.00185386   0.0357549
 -0.0121346    0.188503 -0.00450487 0.000646135
 0.00185386 -0.00450487    0.176471   0.0233846
  0.0357549 0.000646135   0.0233846    0.295455
IMAGINARY
          0  -0.0030701   0.0117565   0.0107655
  0.0030701           0 -0.00882998 -0.00136687
 -0.0117565  0.00882998           0  0.00826491
 -0.0107655  0.00136687 -0.00826491           0
EndNode2[0]<--->HoM1[0]
REAL
   0.330346  0.00904685  -0.0045385   0.0377438
 0.00904685    0.185659  0.00357361    0.018311
 -0.0045385  0.00357361    0.166453 -0.00126242
  0.0377438    0.018311 -0.00126242    0.317542
IMAGINARY
           0   -0.0256741 -0.000607198   -0.0113679
   0.0256741            0   0.00894662   -0.0265895
 0.000607198  -0.00894662            0  -0.00291726
   0.0113679    0.0265895   0.00291726            0
Repeater1[0]<--->EndNode1[0]
REAL
   0.339572  0.00185386  -0.0121346   0.0357549
 0.00185386    0.176471 -0.00450487   0.0233846
 -0.0121346 -0.00450487    0.188503 0.000646135
  0.0357549   0.0233846 0.000646135    0.295455
IMAGINARY
          0   0.0117565  -0.0030701   0.0107655
 -0.0117565           0  0.00882998  0.00826491
  0.0030701 -0.00882998           0 -0.00136687
 -0.0107655 -0.00826491  0.00136687           0
Repeater1[0]<--->HoM1[0]
REAL
   0.330346  -0.0045385  0.00904685   0.0377438
 -0.0045385    0.166453  0.00357361 -0.00126242
 0.00904685  0.00357361    0.185659    0.018311
  0.0377438 -0.00126242    0.018311    0.317542
IMAGINARY
           0 -0.000607198   -0.0256741   -0.0113679
 0.000607198            0  -0.00894662  -0.00291726
   0.0256741   0.00894662            0   -0.0265895
   0.0113679   0.00291726    0.0265895            0
EndNode1[0]<--->Repeater1[0]
REAL
    0.363178 -0.000213402   0.00112756    0.0432336
-0.000213402     0.200504   0.00734255    0.0148776
  0.00112756   0.00734255     0.155107    0.0149381
   0.0432336    0.0148776    0.0149381     0.281211
IMAGINARY
          0  -0.0150844  0.00710138 -0.00937528
  0.0150844           0   0.0127131  -0.0145271
-0.00710138  -0.0127131           0  0.00642101
 0.00937528   0.0145271 -0.00642101           0
EndNode2[0]<--->HoM1[0]
REAL
   0.328553  0.00727188  -0.0244201   0.0335993
 0.00727188    0.169492 -0.00694127   -0.036048
 -0.0244201 -0.00694127     0.16558   0.0206865
  0.0335993   -0.036048   0.0206865    0.336375
IMAGINARY
          0   -0.035966 -0.00259566  0.00239823
   0.035966           0   -0.018201 -0.00956651
 0.00259566    0.018201           0 -0.00592592
-0.00239823  0.00956651  0.00592592           0
Repeater1[0]<--->EndNode1[0]
REAL
    0.363178   0.00112756 -0.000213402    0.0432336
  0.00112756     0.155107   0.00734255    0.0149381
-0.000213402   0.00734255     0.200504    0.0148776
   0.0432336    0.0149381    0.0148776     0.281211
IMAGINARY
          0  0.00710138  -0.0150844 -0.00937528
-0.00710138           0  -0.0127131  0.00642101
  0.0150844   0.0127131           0  -0.0145271
 0.00937528 -0.00642101   0.0145271           0
Repeater1[0]<--->HoM1[0]
REAL
   0.328553  -0.0244201  0.00727188   0.0335993
 -0.0244201     0.16558 -0.00694127   0.0206865
 0.00727188 -0.00694127    0.169492   -0.036048
  0.0335993   0.0206865   -0.036048    0.336375
IMAGINARY
          0 -0.00259566   -0.035966  0.00239823
 0.00259566           0    0.018201 -0.00592592
   0.035966   -0.018201           0 -0.00956651
-0.00239823  0.00592592  0.00956651           0
EndNode1[0]<--->Repeater1[0]
REAL
   0.367374   0.0199688  -0.0220493   0.0288764
  0.0199688     0.17374 -0.00488157   0.0278859
 -0.0220493 -0.00488157    0.180371   0.0105111
  0.0288764   0.0278859   0.0105111    0.278515
IMAGINARY
           0  -0.00465641    -0.020332 -0.000520049
  0.00465641            0  -0.00440606    0.0196951
    0.020332   0.00440606            0   -0.0201844
 0.000520049   -0.0196951    0.0201844            0
EndNode2[0]<--->HoM1[0]
REAL
    0.350254  -0.00638662   -0.0015366    0.0528727
 -0.00638662     0.151015   0.00765996 -0.000884709
  -0.0015366   0.00765996     0.175127  -0.00450927
   0.0528727 -0.000884709  -0.00450927     0.323604
IMAGINARY
          0 -0.00693709   0.0134637  -0.0141149
 0.00693709           0  0.00294543   0.0184512
 -0.0134637 -0.00294543           0  -0.0143395
  0.0141149  -0.0184512   0.0143395           0
Repeater1[0]<--->EndNode1[0]
REAL
   0.367374  -0.0220493   0.0199688   0.0288764
 -0.0220493    0.180371 -0.00488157   0.0105111
  0.0199688 -0.00488157     0.17374   0.0278859
  0.0288764   0.0105111   0.0278859    0.278515
IMAGINARY
           0    -0.020332  -0.00465641 -0.000520049
    0.020332            0   0.00440606   -0.0201844
  0.00465641  -0.00440606            0    0.0196951
 0.000520049    0.0201844   -0.0196951            0
Repeater1[0]<--->HoM1[0]
REAL
    0.350254   -0.0015366  -0.00638662    0.0528727
  -0.0015366     0.175127   0.00765996  -0.00450927
 -0.00638662   0.00765996     0.151015 -0.000884709
   0.0528727  -0.00450927 -0.000884709     0.323604
IMAGINARY
          0   0.0134637 -0.00693709  -0.0141149
 -0.0134637           0 -0.00294543  -0.0143395
 0.00693709  0.00294543           0   0.0184512
  0.0141149   0.0143395  -0.0184512           0
EndNode1[0]<--->Repeater1[0]
REAL
     0.33121    0.0304363 -0.000642309     0.049241
   0.0304363     0.174522  0.000697329   0.00125883
-0.000642309  0.000697329     0.189809   -0.0285867
    0.049241   0.00125883   -0.0285867     0.304459
IMAGINARY
          0  -0.0131339 -0.00412068  0.00212485
  0.0131339           0   0.0120504 -0.00680165
 0.00412068  -0.0120504           0   0.0240562
-0.00212485  0.00680165  -0.0240562           0
EndNode2[0]<--->HoM1[0]
REAL
   0.349869   0.0120496   0.0113302   0.0505326
  0.0120496    0.195822  -0.0103482   0.0196316
  0.0113302  -0.0103482    0.164491 -0.00875578
  0.0505326   0.0196316 -0.00875578    0.289817
IMAGINARY
          0 -0.00181639  -0.0288709  0.00701279
 0.00181639           0  -0.0115057 -0.00739852
  0.0288709   0.0115057           0   0.0057024
-0.00701279  0.00739852  -0.0057024           0
Repeater1[0]<--->EndNode1[0]
REAL
     0.33121 -0.000642309    0.0304363     0.049241
-0.000642309     0.189809  0.000697329   -0.0285867
   0.0304363  0.000697329     0.174522   0.00125883
    0.049241   -0.0285867   0.00125883     0.304459
IMAGINARY
          0 -0.00412068  -0.0131339  0.00212485
 0.00412068           0  -0.0120504   0.0240562
  0.0131339   0.0120504           0 -0.00680165
-0.00212485  -0.0240562  0.00680165           0
Repeater1[0]<--->HoM1[0]
REAL
   0.349869   0.0113302   0.0120496   0.0505326
  0.0113302    0.164491  -0.0103482 -0.00875578
  0.0120496  -0.0103482    0.195822   0.0196316
  0.0505326 -0.00875578   0.0196316    0.289817
IMAGINARY
          0  -0.0288709 -0.00181639  0.00701279
  0.0288709           0   0.0115057   0.0057024
 0.00181639  -0.0115057           0 -0.00739852
-0.00701279  -0.0057024  0.00739852           0
EndNode1[0]<--->Repeater1[0]
REAL
   0.334158   0.0216645   0.0287844      0.0375
  0.0216645    0.167079 -0.00583769   -0.016911
  0.0287844 -0.00583769    0.193069  0.00208223
     0.0375   -0.016911  0.00208223    0.305693
IMAGINARY
          0  0.00459611 -0.00380884  0.00654017
-0.00459611           0 -0.00462934  0.00316201
 0.00380884  0.00462934           0  -0.0233542
-0.00654017 -0.00316201   0.0233542           0
EndNode2[0]<--->HoM1[0]
REAL
    0.346806   -0.0121211   -0.0127547    0.0118816
  -0.0121211      0.17601 -0.000313499   0.00761327
  -0.0127547 -0.000313499     0.183833   0.00183831
   0.0118816   0.00761327   0.00183831     0.293351
IMAGINARY
          0  -0.0238906  -0.0104654  -0.0197357
  0.0238906           0  0.00183291  0.00725614
  0.0104654 -0.00183291           0  0.00142588
  0.0197357 -0.00725614 -0.00142588           0
Repeater1[0]<--->EndNode1[0]
REAL
   0.334158   0.0287844   0.0216645      0.0375
  0.0287844    0.193069 -0.00583769  0.00208223
  0.0216645 -0.00583769    0.167079   -0.016911
     0.0375  0.00208223   -0.016911    0.305693
IMAGINARY
          0 -0.00380884  0.00459611  0.00654017
 0.00380884           0  0.00462934  -0.0233542
-0.00459611 -0.00462934           0  0.00316201
-0.00654017   0.0233542 -0.00316201           0
Repeater1[0]<--->HoM1[0]
REAL
    0.346806   -0.0127547   -0.0121211    0.0118816
  -0.0127547     0.183833 -0.000313499   0.00183831
  -0.0121211 -0.000313499      0.17601   0.00761327
   0.0118816   0.00183831   0.00761327     0.293351
IMAGINARY
          0  -0.0104654  -0.0238906  -0.0197357
  0.0104654           0 -0.00183291  0.00142588
  0.0238906  0.00183291           0  0.00725614
  0.0197357 -0.00142588 -0.00725614           0
EndNode1[0]<--->Repeater1[0]
REAL
    0.343788   0.00614013   -0.0127804    0.0364287
  0.00614013     0.166466 -0.000805316   0.00133002
  -0.0127804 -0.000805316     0.207479  -0.00868466
   0.0364287   0.00133002  -0.00868466     0.282268
IMAGINARY
          0  -0.0242042   0.0113784   0.0140225
  0.0242042           0 -0.00357859  -0.0113784
 -0.0113784  0.00357859           0  0.00292759
 -0.0140225   0.0113784 -0.00292759           0
EndNode2[0]<--->HoM1[0]
REAL
  0.346008 0.00203345 0.00068687  0.0672655
0.00203345   0.181242 0.00149284  0.0013158
0.00068687 0.00149284   0.183777 0.00664478
 0.0672655  0.0013158 0.00664478   0.288973
IMAGINARY
           0  -0.00763613   0.00257426   0.00360336
  0.00763613            0    0.0118208  0.000618588
 -0.00257426   -0.0118208            0 -0.000665278
 -0.00360336 -0.000618588  0.000665278            0
Repeater1[0]<--->EndNode1[0]
REAL
    0.343788   -0.0127804   0.00614013    0.0364287
  -0.0127804     0.207479 -0.000805316  -0.00868466
  0.00614013 -0.000805316     0.166466   0.00133002
   0.0364287  -0.00868466   0.00133002     0.282268
IMAGINARY
          0   0.0113784  -0.0242042   0.0140225
 -0.0113784           0  0.00357859  0.00292759
  0.0242042 -0.00357859           0  -0.0113784
 -0.0140225 -0.00292759   0.0113784           0
Repeater1[0]<--->HoM1[0]
REAL
  0.346008 0.00068687 0.00203345  0.0672655
0.00068687   0.183777 0.00149284 0.00664478
0.00203345 0.00149284   0.181242  0.0013158
 0.0672655 0.00664478  0.0013158   0.288973
IMAGINARY
           0   0.00257426  -0.00763613   0.00360336
 -0.00257426            0   -0.0118208 -0.000665278
  0.00763613    0.0118208            0  0.000618588
 -0.00360336  0.000665278 -0.000618588            0
EndNode1[0]<--->Repeater1[0]
REAL
   0.335467 -0.00858927  -0.0167083   0.0342743
-0.00858927    0.163892    0.038285  0.00219648
 -0.0167083    0.038285    0.197183  -0.0059226
  0.0342743  0.00219648  -0.0059226    0.303457
IMAGINARY
          0   0.0135772 -0.00777692  0.00934998
 -0.0135772           0   0.0155844  0.00376622
 0.00777692  -0.0155844           0    0.010487
-0.00934998 -0.00376622   -0.010487           0
EndNode2[0]<--->HoM1[0]
REAL
   0.337838 5.95039e-05  -0.0168687   0.0403416
5.95039e-05     0.17199 -0.00511293 -0.00599909
 -0.0168687 -0.00511293    0.201474 -0.00314974
  0.0403416 -0.00599909 -0.00314974    0.288698
IMAGINARY
          0  0.00677287  0.00714163  0.00847733
-0.00677287           0   0.0110349 -0.00522101
-0.00714163  -0.0110349           0  -0.0125347
-0.00847733  0.00522101   0.0125347           0
Repeater1[0]<--->EndNode1[0]
REAL
   0.335467  -0.0167083 -0.00858927   0.0342743
 -0.0167083    0.197183    0.038285  -0.0059226
-0.00858927    0.038285    0.163892  0.00219648
  0.0342743  -0.0059226  0.00219648    0.303457
IMAGINARY
          0 -0.00777692   0.0135772  0.00934998
 0.00777692           0  -0.0155844    0.010487
 -0.0135772   0.0155844           0  0.00376622
-0.00934998   -0.010487 -0.00376622           0
Repeater1[0]<--->HoM1[0]
REAL
   0.337838  -0.0168687 5.95039e-05   0.0403416
 -0.0168687    0.201474 -0.00511293 -0.00314974
5.95039e-05 -0.00511293     0.17199 -0.00599909
  0.0403416 -0.00314974 -0.00599909    0.288698
IMAGINARY
          0  0.00714163  0.00677287  0.00847733
-0.00714163           0  -0.0110349  -0.0125347
-0.00677287   0.0110349           0 -0.00522101
-0.00847733   0.0125347  0.00522101           0
EndNode1[0]<--->Repeater1[0]
REAL
   0.332916 -0.00593058  0.00791846   0.0216848
-0.00593058    0.188986  -0.0328837  0.00855057
 0.00791846  -0.0328837    0.181477 -0.00658589
  0.0216848  0.00855057 -0.00658589    0.296621
IMAGINARY
          0 -0.00120379  -0.0127561  0.00832867
 0.00120379           0  -0.0320754 -0.00627942
  0.0127561   0.0320754           0  -0.0114866
-0.00832867  0.00627942   0.0114866           0
EndNode2[0]<--->HoM1[0]
REAL
   0.328042 -0.00412659  0.00248191   0.0314446
-0.00412659    0.170635  -0.0120336 -0.00181257
 0.00248191  -0.0120336    0.179894  -0.0206391
  0.0314446 -0.00181257  -0.0206391    0.321429
IMAGINARY
          0 -0.00415423  -0.0162155  -0.0325365
 0.00415423           0   0.0132802 -0.00552365
  0.0162155  -0.0132802           0 -0.00792307
  0.0325365  0.00552365  0.00792307           0
Repeater1[0]<--->EndNode1[0]
REAL
   0.332916  0.00791846 -0.00593058   0.0216848
 0.00791846    0.181477  -0.0328837 -0.00658589
-0.00593058  -0.0328837    0.188986  0.00855057
  0.0216848 -0.00658589  0.00855057    0.296621
IMAGINARY
          0  -0.0127561 -0.00120379  0.00832867
  0.0127561           0   0.0320754  -0.0114866
 0.00120379  -0.0320754           0 -0.00627942
-0.00832867   0.0114866  0.00627942           0
Repeater1[0]<--->HoM1[0]
REAL
   0.328042  0.00248191 -0.00412659   0.0314446
 0.00248191    0.179894  -0.0120336  -0.0206391
-0.00412659  -0.0120336    0.170635 -0.00181257
  0.0314446  -0.0206391 -0.00181257    0.321429
IMAGINARY
          0  -0.0162155 -0.00415423  -0.0325365
  0.0162155           0  -0.0132802 -0.00792307
 0.00415423   0.0132802           0 -0.00552365
  0.0325365  0.00792307  0.00552365           0
EndNode1[0]<--->Repeater1[0]
REAL
   0.343869  -0.0252217  0.00192792   0.0376017
 -0.0252217     0.17067 -0.00493838  -0.0107219
 0.00192792 -0.00493838    0.199747 -0.00869787
  0.0376017  -0.0107219 -0.00869787    0.285714
IMAGINARY
           0   -0.0143079   -0.0203507   0.00679388
   0.0143079            0   -0.0205553    0.0135689
   0.0203507    0.0205553            0  0.000127835
 -0.00679388   -0.0135689 -0.000127835            0
EndNode2[0]<--->HoM1[0]
REAL
   0.338854 -0.00411543 -0.00702504    0.019813
-0.00411543    0.194904  0.00716318  -0.0174417
-0.00702504  0.00716318    0.175796  -0.0241154
   0.019813  -0.0174417  -0.0241154    0.290446
IMAGINARY
          0  0.00317022  -0.0280134  -0.0032878
-0.00317022           0 -0.00196154  -0.0232515
  0.0280134  0.00196154           0 -0.00250444
  0.0032878   0.0232515  0.00250444           0
Repeater1[0]<--->EndNode1[0]
REAL
   0.343869  0.00192792  -0.0252217   0.0376017
 0.00192792    0.199747 -0.00493838 -0.00869787
 -0.0252217 -0.00493838     0.17067  -0.0107219
  0.0376017 -0.00869787  -0.0107219    0.285714
IMAGINARY
           0   -0.0203507   -0.0143079   0.00679388
   0.0203507            0    0.0205553  0.000127835
   0.0143079   -0.0205553            0    0.0135689
 -0.00679388 -0.000127835   -0.0135689            0
Repeater1[0]<--->HoM1[0]
REAL
   0.338854 -0.00702504 -0.00411543    0.019813
-0.00702504    0.175796  0.00716318  -0.0241154
-0.00411543  0.00716318    0.194904  -0.0174417
   0.019813  -0.0241154  -0.0174417    0.290446
IMAGINARY
          0  -0.0280134  0.00317022  -0.0032878
  0.0280134           0  0.00196154 -0.00250444
-0.00317022 -0.00196154           0  -0.0232515
  0.0032878  0.00250444   0.0232515           0
EndNode1[0]<--->Repeater1[0]
REAL
   0.347772 -0.00498129  0.00517263    0.046166
-0.00498129    0.181931  -0.0144199   0.0265734
 0.00517263  -0.0144199    0.173267  0.00233579
   0.046166   0.0265734  0.00233579     0.29703
IMAGINARY
          0  -0.0139796  -0.0117501   0.0133109
  0.0139796           0  0.00744385  0.00176341
  0.0117501 -0.00744385           0  -0.0133173
 -0.0133109 -0.00176341   0.0133173           0
EndNode2[0]<--->HoM1[0]
REAL
  0.335979  0.0150296  0.0148981  0.0424808
 0.0150296   0.183862  0.0022663 0.00131463
 0.0148981  0.0022663   0.181217 0.00248009
 0.0424808 0.00131463 0.00248009   0.298942
IMAGINARY
          0 -0.00630326  -0.0154871  0.00609259
 0.00630326           0  0.00672792  0.00878472
  0.0154871 -0.00672792           0   0.0036223
-0.00609259 -0.00878472  -0.0036223           0
Repeater1[0]<--->EndNode1[0]
REAL
   0.347772  0.00517263 -0.00498129    0.046166
 0.00517263    0.173267  -0.0144199  0.00233579
-0.00498129  -0.0144199    0.181931   0.0265734
   0.046166  0.00233579   0.0265734     0.29703
IMAGINARY
          0  -0.0117501  -0.0139796   0.0133109
  0.0117501           0 -0.00744385  -0.0133173
  0.0139796  0.00744385           0  0.00176341
 -0.0133109   0.0133173 -0.00176341           0
Repeater1[0]<--->HoM1[0]
REAL
  0.335979  0.0148981  0.0150296  0.0424808
 0.0148981   0.181217  0.0022663 0.00248009
 0.0150296  0.0022663   0.183862 0.00131463
 0.0424808 0.00248009 0.00131463   0.298942
IMAGINARY
          0  -0.0154871 -0.00630326  0.00609259
  0.0154871           0 -0.00672792   0.0036223
 0.00630326  0.00672792           0  0.00878472
-0.00609259  -0.0036223 -0.00878472           0
EndNode1[0]<--->Repeater1[0]
REAL
   0.339818   0.0165187 -0.00818379    0.030823
  0.0165187    0.201038 -0.00875487   0.0201636
-0.00818379 -0.00875487    0.177691 -0.00832202
   0.030823   0.0201636 -0.00832202    0.281453
IMAGINARY
          0 -0.00661948 -0.00623741 -0.00580883
 0.00661948           0 -0.00181947  0.00887594
 0.00623741  0.00181947           0  0.00530022
 0.00580883 -0.00887594 -0.00530022           0
EndNode2[0]<--->HoM1[0]
REAL
   0.356183 -0.00296121   0.0263057     0.02186
-0.00296121    0.151882  0.00709751  -0.0102182
  0.0263057  0.00709751    0.178763  0.00875272
    0.02186  -0.0102182  0.00875272    0.313172
IMAGINARY
          0  -0.0132581  -0.0123685   -0.010355
  0.0132581           0 -0.00670537 -0.00111027
  0.0123685  0.00670537           0   0.0370065
   0.010355  0.00111027  -0.0370065           0
Repeater1[0]<--->EndNode1[0]
REAL
   0.339818 -0.00818379   0.0165187    0.030823
-0.00818379    0.177691 -0.00875487 -0.00832202
  0.0165187 -0.00875487    0.201038   0.0201636
   0.030823 -0.00832202   0.0201636    0.281453
IMAGINARY
          0 -0.00623741 -0.00661948 -0.00580883
 0.00623741           0  0.00181947  0.00530022
 0.00661948 -0.00181947           0  0.00887594
 0.00580883 -0.00530022 -0.00887594           0
Repeater1[0]<--->HoM1[0]
REAL
   0.356183   0.0263057 -0.00296121     0.02186
  0.0263057    0.178763  0.00709751  0.00875272
-0.00296121  0.00709751    0.151882  -0.0102182
    0.02186  0.00875272  -0.0102182    0.313172
IMAGINARY
          0  -0.0123685  -0.0132581   -0.010355
  0.0123685           0  0.00670537   0.0370065
  0.0132581 -0.00670537           0 -0.00111027
   0.010355  -0.0370065  0.00111027           0
EndNode1[0]<--->Repeater1[0]
REAL
   0.362155   0.0097842  0.00250779   0.0532859
  0.0097842    0.186717  -0.0165771 -0.00377361
 0.00250779  -0.0165771    0.166667   0.0117348
  0.0532859 -0.00377361   0.0117348    0.284461
IMAGINARY
           0     0.019975   0.00263689 -0.000618013
   -0.019975            0   -0.0108221  -0.00674648
 -0.00263689    0.0108221            0  -0.00490651
 0.000618013   0.00674648   0.00490651            0
EndNode2[0]<--->HoM1[0]
REAL
   0.341495 -0.00900922  0.00237644   0.0315694
-0.00900922     0.17268   0.0193444   0.0237332
 0.00237644   0.0193444    0.171392   0.0142312
  0.0315694   0.0237332   0.0142312    0.314433
IMAGINARY
          0  0.00304081   0.0171511  0.00958329
-0.00304081           0   0.0153158  0.00974373
 -0.0171511  -0.0153158           0 -0.00426331
-0.00958329 -0.00974373  0.00426331           0
Repeater1[0]<--->EndNode1[0]
REAL
   0.362155  0.00250779   0.0097842   0.0532859
 0.00250779    0.166667  -0.0165771   0.0117348
  0.0097842  -0.0165771    0.186717 -0.00377361
  0.0532859   0.0117348 -0.00377361    0.284461
IMAGINARY
           0   0.00263689     0.019975 -0.000618013
 -0.00263689            0    0.0108221  -0.00490651
   -0.019975   -0.0108221            0  -0.00674648
 0.000618013   0.00490651   0.00674648            0
Repeater1[0]<--->HoM1[0]
REAL
   0.341495  0.00237644 -0.00900922   0.0315694
 0.00237644    0.171392   0.0193444   0.0142312
-0.00900922   0.0193444     0.17268   0.0237332
  0.0315694   0.0142312   0.0237332    0.314433
IMAGINARY
          0   0.0171511  0.00304081  0.00958329
 -0.0171511           0  -0.0153158 -0.00426331
-0.00304081   0.0153158           0  0.00974373
-0.00958329  0.00426331 -0.00974373           0
EndNode1[0]<--->Repeater1[0]
REAL
   0.356868 -0.00544055 -0.00928558   0.0436303
-0.00544055    0.182285   0.0148803   0.0079558
-0.00928558   0.0148803    0.154044 -0.00120839
  0.0436303   0.0079558 -0.00120839    0.306804
IMAGINARY
          0  0.00660074  0.00989224  0.00244893
-0.00660074           0  -0.0102009   0.0188578
-0.00989224   0.0102009           0   0.0133993
-0.00244893  -0.0188578  -0.0133993           0
EndNode2[0]<--->HoM1[0]
REAL
    0.34128  -0.0102493   0.0125689    0.017142
 -0.0102493    0.198243  0.00641817 -0.00209773
  0.0125689  0.00641817     0.18946   0.0076315
   0.017142 -0.00209773   0.0076315    0.271016
IMAGINARY
         0 -0.0130767 -0.0100536 -0.0112762
 0.0130767          0  0.0137576 -0.0100536
 0.0100536 -0.0137576          0  0.0157577
 0.0112762  0.0100536 -0.0157577          0
Repeater1[0]<--->EndNode1[0]
REAL
   0.356868 -0.00928558 -0.00544055   0.0436303
-0.00928558    0.154044   0.0148803 -0.00120839
-0.00544055   0.0148803    0.182285   0.0079558
  0.0436303 -0.00120839   0.0079558    0.306804
IMAGINARY
          0  0.00989224  0.00660074  0.00244893
-0.00989224           0   0.0102009   0.0133993
-0.00660074  -0.0102009           0   0.0188578
-0.00244893  -0.0133993  -0.0188578           0
Repeater1[0]<--->HoM1[0]
REAL
    0.34128   0.0125689  -0.0102493    0.017142
  0.0125689     0.18946  0.00641817   0.0076315
 -0.0102493  0.00641817    0.198243 -0.00209773
   0.017142   0.0076315 -0.00209773    0.271016
IMAGINARY
         0 -0.0100536 -0.0130767 -0.0112762
 0.0100536          0 -0.0137576  0.0157577
 0.0130767  0.0137576          0 -0.0100536
 0.0112762 -0.0157577  0.0100536          0
EndNode1[0]<--->Repeater1[0]
REAL
   0.34543 0.00750278 -0.0281261  0.0435208
0.00750278   0.174731 -0.0205479 -0.0137658
-0.0281261 -0.0205479   0.165323 0.00871343
 0.0435208 -0.0137658 0.00871343   0.314516
IMAGINARY
          0  0.00163902  0.00286865  0.00946318
-0.00163902           0  0.00622064  -0.0167392
-0.00286865 -0.00622064           0   0.0201575
-0.00946318   0.0167392  -0.0201575           0
EndNode2[0]<--->HoM1[0]
REAL
   0.323963  0.00192539   0.0244323   0.0291106
 0.00192539      0.1834 -0.00759824  0.00359898
  0.0244323 -0.00759824    0.196787 -0.00388106
  0.0291106  0.00359898 -0.00388106     0.29585
IMAGINARY
          0  0.00668297  0.00779991  0.00421756
-0.00668297           0  0.00171129  -0.0014708
-0.00779991 -0.00171129           0  -0.0130121
-0.00421756   0.0014708   0.0130121           0
Repeater1[0]<--->EndNode1[0]
REAL
   0.34543 -0.0281261 0.00750278  0.0435208
-0.0281261   0.165323 -0.0205479 0.00871343
0.00750278 -0.0205479   0.174731 -0.0137658
 0.0435208 0.00871343 -0.0137658   0.314516
IMAGINARY
          0  0.00286865  0.00163902  0.00946318
-0.00286865           0 -0.00622064   0.0201575
-0.00163902  0.00622064           0  -0.0167392
-0.00946318  -0.0201575   0.0167392           0
Repeater1[0]<--->HoM1[0]
REAL
   0.323963   0.0244323  0.00192539   0.0291106
  0.0244323    0.196787 -0.00759824 -0.00388106
 0.00192539 -0.00759824      0.1834  0.00359898
  0.0291106 -0.00388106  0.00359898     0.29585
IMAGINARY
          0  0.00779991  0.00668297  0.00421756
-0.00779991           0 -0.00171129  -0.0130121
-0.00668297  0.00171129           0  -0.0014708
-0.00421756   0.0130121   0.0014708           0
