EndNode1[0]<--->Repeater1[0]
REAL
    0.376866   -0.0121431  -0.00582217  -0.00288832
  -0.0121431     0.182836   0.00288832   0.00830973
 -0.00582217   0.00288832     0.197761 -0.000294735
 -0.00288832   0.00830973 -0.000294735     0.242537
IMAGINARY
           0    0.0160445  0.000263646    0.0126888
  -0.0160445            0    0.0133459   0.00551299
-0.000263646   -0.0133459            0  -0.00384939
  -0.0126888  -0.00551299   0.00384939            0
EndNode2[0]<--->HoM1[0]
REAL
   0.323219 -0.00691393 0.000461752   0.0127609
-0.00691393    0.192612   0.0140364  -0.0128801
0.000461752   0.0140364    0.204485 -0.00811875
  0.0127609  -0.0128801 -0.00811875    0.279683
IMAGINARY
          0  -0.0044512 -0.00856988 -0.00366268
  0.0044512           0 -0.00167065  -0.0016342
 0.00856988  0.00167065           0 -0.00957941
 0.00366268   0.0016342  0.00957941           0
Repeater1[0]<--->EndNode1[0]
REAL
    0.376866  -0.00582217   -0.0121431  -0.00288832
 -0.00582217     0.197761   0.00288832 -0.000294735
  -0.0121431   0.00288832     0.182836   0.00830973
 -0.00288832 -0.000294735   0.00830973     0.242537
IMAGINARY
           0  0.000263646    0.0160445    0.0126888
-0.000263646            0   -0.0133459  -0.00384939
  -0.0160445    0.0133459            0   0.00551299
  -0.0126888   0.00384939  -0.00551299            0
Repeater1[0]<--->HoM1[0]
REAL
   0.323219 0.000461752 -0.00691393   0.0127609
0.000461752    0.204485   0.0140364 -0.00811875
-0.00691393   0.0140364    0.192612  -0.0128801
  0.0127609 -0.00811875  -0.0128801    0.279683
IMAGINARY
          0 -0.00856988  -0.0044512 -0.00366268
 0.00856988           0  0.00167065 -0.00957941
  0.0044512 -0.00167065           0  -0.0016342
 0.00366268  0.00957941   0.0016342           0
EndNode1[0]<--->Repeater1[0]
REAL
   0.360969  0.00896425 -0.00945538   0.0183093
 0.00896425    0.192602  0.00656636  -0.0253705
-0.00945538  0.00656636    0.206633 -0.00398912
  0.0183093  -0.0253705 -0.00398912    0.239796
IMAGINARY
          0  0.00779158  0.00582969  0.00863689
-0.00779158           0  0.00119273 -0.00768383
-0.00582969 -0.00119273           0  0.00518741
-0.00863689  0.00768383 -0.00518741           0
EndNode2[0]<--->HoM1[0]
REAL
   0.382199 -0.00147268  -0.0284139  0.00905107
-0.00147268    0.172775  0.00264081  0.00571786
 -0.0284139  0.00264081    0.183246 -0.00884369
 0.00905107  0.00571786 -0.00884369     0.26178
IMAGINARY
          0  0.00630316 -0.00965497  0.00588774
-0.00630316           0 -0.00784852   0.0199114
 0.00965497  0.00784852           0   0.0026712
-0.00588774  -0.0199114  -0.0026712           0
Repeater1[0]<--->EndNode1[0]
REAL
   0.360969 -0.00945538  0.00896425   0.0183093
-0.00945538    0.206633  0.00656636 -0.00398912
 0.00896425  0.00656636    0.192602  -0.0253705
  0.0183093 -0.00398912  -0.0253705    0.239796
IMAGINARY
          0  0.00582969  0.00779158  0.00863689
-0.00582969           0 -0.00119273  0.00518741
-0.00779158  0.00119273           0 -0.00768383
-0.00863689 -0.00518741  0.00768383           0
Repeater1[0]<--->HoM1[0]
REAL
   0.382199  -0.0284139 -0.00147268  0.00905107
 -0.0284139    0.183246  0.00264081 -0.00884369
-0.00147268  0.00264081    0.172775  0.00571786
 0.00905107 -0.00884369  0.00571786     0.26178
IMAGINARY
          0 -0.00965497  0.00630316  0.00588774
 0.00965497           0  0.00784852   0.0026712
-0.00630316 -0.00784852           0   0.0199114
-0.00588774  -0.0026712  -0.0199114           0
EndNode1[0]<--->Repeater1[0]
REAL
   0.376687 -0.00968523 -0.00601369   0.0299711
-0.00968523    0.197546  -0.0168821  -0.0123109
-0.00601369  -0.0168821    0.186503  0.00968523
  0.0299711  -0.0123109  0.00968523    0.239264
IMAGINARY
          0  -0.0174322  -0.0119784 -0.00191472
  0.0174322           0  -0.0185608  0.00848193
  0.0119784   0.0185608           0  -0.0378126
 0.00191472 -0.00848193   0.0378126           0
EndNode2[0]<--->HoM1[0]
REAL
   0.313842 -0.00579405  -0.0138049   0.0100628
-0.00579405    0.212411 -0.00576833   0.0303693
 -0.0138049 -0.00576833    0.221957 -0.00708939
  0.0100628   0.0303693 -0.00708939     0.25179
IMAGINARY
          0  -0.0116808   -0.012726  0.00426638
  0.0116808           0 -0.00491997  0.00612968
   0.012726  0.00491997           0   -0.027897
-0.00426638 -0.00612968    0.027897           0
Repeater1[0]<--->EndNode1[0]
REAL
   0.376687 -0.00601369 -0.00968523   0.0299711
-0.00601369    0.186503  -0.0168821  0.00968523
-0.00968523  -0.0168821    0.197546  -0.0123109
  0.0299711  0.00968523  -0.0123109    0.239264
IMAGINARY
          0  -0.0119784  -0.0174322 -0.00191472
  0.0119784           0   0.0185608  -0.0378126
  0.0174322  -0.0185608           0  0.00848193
 0.00191472   0.0378126 -0.00848193           0
Repeater1[0]<--->HoM1[0]
REAL
   0.313842  -0.0138049 -0.00579405   0.0100628
 -0.0138049    0.221957 -0.00576833 -0.00708939
-0.00579405 -0.00576833    0.212411   0.0303693
  0.0100628 -0.00708939   0.0303693     0.25179
IMAGINARY
          0   -0.012726  -0.0116808  0.00426638
   0.012726           0  0.00491997   -0.027897
  0.0116808 -0.00491997           0  0.00612968
-0.00426638    0.027897 -0.00612968           0
EndNode1[0]<--->Repeater1[0]
REAL
   0.358871  -0.0103403   0.0130645   0.0246514
 -0.0103403    0.224462 -0.00104029   0.0161022
  0.0130645 -0.00104029    0.185484  0.00756252
  0.0246514   0.0161022  0.00756252    0.231183
IMAGINARY
          0 -0.00435569  -0.0243814   0.0185462
 0.00435569           0  -0.0191422   0.0144999
  0.0243814   0.0191422           0 -0.00684325
 -0.0185462  -0.0144999  0.00684325           0
EndNode2[0]<--->HoM1[0]
REAL
   0.321429  -0.0139989  -0.0257183   0.0305214
 -0.0139989    0.234694 -0.00155411  0.00430777
 -0.0257183 -0.00155411     0.19898    0.022815
  0.0305214  0.00430777    0.022815    0.244898
IMAGINARY
          0  -9.306e-05  -0.0143162   0.0113086
  9.306e-05           0   -0.013322 -0.00895425
  0.0143162    0.013322           0  -0.0093409
 -0.0113086  0.00895425   0.0093409           0
Repeater1[0]<--->EndNode1[0]
REAL
   0.358871   0.0130645  -0.0103403   0.0246514
  0.0130645    0.185484 -0.00104029  0.00756252
 -0.0103403 -0.00104029    0.224462   0.0161022
  0.0246514  0.00756252   0.0161022    0.231183
IMAGINARY
          0  -0.0243814 -0.00435569   0.0185462
  0.0243814           0   0.0191422 -0.00684325
 0.00435569  -0.0191422           0   0.0144999
 -0.0185462  0.00684325  -0.0144999           0
Repeater1[0]<--->HoM1[0]
REAL
   0.321429  -0.0257183  -0.0139989   0.0305214
 -0.0257183     0.19898 -0.00155411    0.022815
 -0.0139989 -0.00155411    0.234694  0.00430777
  0.0305214    0.022815  0.00430777    0.244898
IMAGINARY
          0  -0.0143162  -9.306e-05   0.0113086
  0.0143162           0    0.013322  -0.0093409
  9.306e-05   -0.013322           0 -0.00895425
 -0.0113086   0.0093409  0.00895425           0
EndNode1[0]<--->Repeater1[0]
REAL
  0.352941 0.00712672 -0.0169919      0.011
0.00712672   0.218301 0.00910371 0.00596727
-0.0169919 0.00910371   0.188235 0.00778897
     0.011 0.00596727 0.00778897   0.240523
IMAGINARY
          0 -0.00705333  -0.0167509   0.0139545
 0.00705333           0   0.0114482  -0.0167509
  0.0167509  -0.0114482           0   0.0127423
 -0.0139545   0.0167509  -0.0127423           0
EndNode2[0]<--->HoM1[0]
REAL
   0.334586 -0.00367272  -0.0190261   0.0150978
-0.00367272    0.189223 -0.00346987  -0.0158576
 -0.0190261 -0.00346987    0.226817 -0.00305922
  0.0150978  -0.0158576 -0.00305922    0.249373
IMAGINARY
           0  -0.00229885  0.000822281    0.0143898
  0.00229885            0   -0.0150219    0.0097878
-0.000822281    0.0150219            0   -0.0202476
  -0.0143898   -0.0097878    0.0202476            0
Repeater1[0]<--->EndNode1[0]
REAL
  0.352941 -0.0169919 0.00712672      0.011
-0.0169919   0.188235 0.00910371 0.00778897
0.00712672 0.00910371   0.218301 0.00596727
     0.011 0.00778897 0.00596727   0.240523
IMAGINARY
          0  -0.0167509 -0.00705333   0.0139545
  0.0167509           0  -0.0114482   0.0127423
 0.00705333   0.0114482           0  -0.0167509
 -0.0139545  -0.0127423   0.0167509           0
Repeater1[0]<--->HoM1[0]
REAL
   0.334586  -0.0190261 -0.00367272   0.0150978
 -0.0190261    0.226817 -0.00346987 -0.00305922
-0.00367272 -0.00346987    0.189223  -0.0158576
  0.0150978 -0.00305922  -0.0158576    0.249373
IMAGINARY
           0  0.000822281  -0.00229885    0.0143898
-0.000822281            0    0.0150219   -0.0202476
  0.00229885   -0.0150219            0    0.0097878
  -0.0143898    0.0202476   -0.0097878            0
EndNode1[0]<--->Repeater1[0]
REAL
   0.342535   0.0297322   0.0134207    0.018877
  0.0297322    0.225847 -0.00291956  0.00386655
  0.0134207 -0.00291956    0.214555  0.00617202
   0.018877  0.00386655  0.00617202    0.217064
IMAGINARY
          0  -0.0134553   0.0185027  0.00593802
  0.0134553           0  0.00266148  -0.0257682
 -0.0185027 -0.00266148           0   0.0127947
-0.00593802   0.0257682  -0.0127947           0
EndNode2[0]<--->HoM1[0]
REAL
   0.342556  -0.0221732   0.0268941 0.000917993
 -0.0221732    0.185771 0.000917993  0.00064569
  0.0268941 0.000917993    0.197628   0.0117693
0.000917993  0.00064569   0.0117693    0.274045
IMAGINARY
          0  0.00377111  0.00555475  0.00700146
-0.00377111           0   0.0114714   0.0267903
-0.00555475  -0.0114714           0  0.00835827
-0.00700146  -0.0267903 -0.00835827           0
Repeater1[0]<--->EndNode1[0]
REAL
   0.342535   0.0134207   0.0297322    0.018877
  0.0134207    0.214555 -0.00291956  0.00617202
  0.0297322 -0.00291956    0.225847  0.00386655
   0.018877  0.00617202  0.00386655    0.217064
IMAGINARY
          0   0.0185027  -0.0134553  0.00593802
 -0.0185027           0 -0.00266148   0.0127947
  0.0134553  0.00266148           0  -0.0257682
-0.00593802  -0.0127947   0.0257682           0
Repeater1[0]<--->HoM1[0]
REAL
   0.342556   0.0268941  -0.0221732 0.000917993
  0.0268941    0.197628 0.000917993   0.0117693
 -0.0221732 0.000917993    0.185771  0.00064569
0.000917993   0.0117693  0.00064569    0.274045
IMAGINARY
          0  0.00555475  0.00377111  0.00700146
-0.00555475           0  -0.0114714  0.00835827
-0.00377111   0.0114714           0   0.0267903
-0.00700146 -0.00835827  -0.0267903           0
EndNode1[0]<--->Repeater1[0]
REAL
    0.348052 -0.000344766   -0.0270258    0.0183555
-0.000344766     0.225974   -0.0287182   -0.0118343
  -0.0270258   -0.0287182     0.176623  -0.00224591
   0.0183555   -0.0118343  -0.00224591     0.249351
IMAGINARY
          0  -0.0146766   0.0244225  0.00302128
  0.0146766           0  -0.0106773  -0.0180612
 -0.0244225   0.0106773           0  0.00322622
-0.00302128   0.0180612 -0.00322622           0
EndNode2[0]<--->HoM1[0]
REAL
  0.322293 0.00766107 -0.0108641  0.0325564
0.00766107   0.191083 -0.0190776  0.0115059
-0.0108641 -0.0190776   0.220382  0.0122362
 0.0325564  0.0115059  0.0122362   0.266242
IMAGINARY
           0   0.00949539    0.0195099  -0.00854797
 -0.00949539            0  0.000590411   -0.0123203
  -0.0195099 -0.000590411            0  -0.00230585
  0.00854797    0.0123203   0.00230585            0
Repeater1[0]<--->EndNode1[0]
REAL
    0.348052   -0.0270258 -0.000344766    0.0183555
  -0.0270258     0.176623   -0.0287182  -0.00224591
-0.000344766   -0.0287182     0.225974   -0.0118343
   0.0183555  -0.00224591   -0.0118343     0.249351
IMAGINARY
          0   0.0244225  -0.0146766  0.00302128
 -0.0244225           0   0.0106773  0.00322622
  0.0146766  -0.0106773           0  -0.0180612
-0.00302128 -0.00322622   0.0180612           0
Repeater1[0]<--->HoM1[0]
REAL
  0.322293 -0.0108641 0.00766107  0.0325564
-0.0108641   0.220382 -0.0190776  0.0122362
0.00766107 -0.0190776   0.191083  0.0115059
 0.0325564  0.0122362  0.0115059   0.266242
IMAGINARY
           0    0.0195099   0.00949539  -0.00854797
  -0.0195099            0 -0.000590411  -0.00230585
 -0.00949539  0.000590411            0   -0.0123203
  0.00854797   0.00230585    0.0123203            0
EndNode1[0]<--->Repeater1[0]
REAL
   0.359684  -0.0132696  0.00363448   0.0295709
 -0.0132696     0.15415  0.00116935 -0.00928065
 0.00363448  0.00116935    0.213439 -0.00743303
  0.0295709 -0.00928065 -0.00743303    0.272727
IMAGINARY
          0  -0.0024715   0.0177623  -0.0208521
  0.0024715           0   0.0054009   0.0357383
 -0.0177623  -0.0054009           0 -0.00743603
  0.0208521  -0.0357383  0.00743603           0
EndNode2[0]<--->HoM1[0]
REAL
     0.31406   0.00419108   0.00817147 -0.000493081
  0.00419108     0.186597   0.00658239   -0.0102012
  0.00817147   0.00658239     0.211564     0.030315
-0.000493081   -0.0102012     0.030315     0.287779
IMAGINARY
          0 -0.00232276  -0.0215565  0.00587467
 0.00232276           0   0.0150131  -0.0114623
  0.0215565  -0.0150131           0  -0.0212621
-0.00587467   0.0114623   0.0212621           0
Repeater1[0]<--->EndNode1[0]
REAL
   0.359684  0.00363448  -0.0132696   0.0295709
 0.00363448    0.213439  0.00116935 -0.00743303
 -0.0132696  0.00116935     0.15415 -0.00928065
  0.0295709 -0.00743303 -0.00928065    0.272727
IMAGINARY
          0   0.0177623  -0.0024715  -0.0208521
 -0.0177623           0  -0.0054009 -0.00743603
  0.0024715   0.0054009           0   0.0357383
  0.0208521  0.00743603  -0.0357383           0
Repeater1[0]<--->HoM1[0]
REAL
     0.31406   0.00817147   0.00419108 -0.000493081
  0.00817147     0.211564   0.00658239     0.030315
  0.00419108   0.00658239     0.186597   -0.0102012
-0.000493081     0.030315   -0.0102012     0.287779
IMAGINARY
          0  -0.0215565 -0.00232276  0.00587467
  0.0215565           0  -0.0150131  -0.0212621
 0.00232276   0.0150131           0  -0.0114623
-0.00587467   0.0212621   0.0114623           0
EndNode1[0]<--->Repeater1[0]
REAL
   0.358612  -0.0149067 -0.00542579   0.0282506
 -0.0149067    0.214653  -0.0223988  0.00867677
-0.00542579  -0.0223988    0.212082  -0.0026486
  0.0282506  0.00867677  -0.0026486    0.214653
IMAGINARY
          0  -0.0235048 -0.00686206  -0.0107343
  0.0235048           0  -0.0113896  0.00296595
 0.00686206   0.0113896           0 -0.00376794
  0.0107343 -0.00296595  0.00376794           0
EndNode2[0]<--->HoM1[0]
REAL
    0.331967    0.0118518   -0.0131712    0.0187339
   0.0118518     0.209016   -0.0098731 -0.000752875
  -0.0131712   -0.0098731     0.195355   -0.0055227
   0.0187339 -0.000752875   -0.0055227     0.263661
IMAGINARY
          0 -0.00715831  0.00353263  0.00520767
 0.00715831           0  0.00331134 -0.00228885
-0.00353263 -0.00331134           0  -0.0177173
-0.00520767  0.00228885   0.0177173           0
Repeater1[0]<--->EndNode1[0]
REAL
   0.358612 -0.00542579  -0.0149067   0.0282506
-0.00542579    0.212082  -0.0223988  -0.0026486
 -0.0149067  -0.0223988    0.214653  0.00867677
  0.0282506  -0.0026486  0.00867677    0.214653
IMAGINARY
          0 -0.00686206  -0.0235048  -0.0107343
 0.00686206           0   0.0113896 -0.00376794
  0.0235048  -0.0113896           0  0.00296595
  0.0107343  0.00376794 -0.00296595           0
Repeater1[0]<--->HoM1[0]
REAL
    0.331967   -0.0131712    0.0118518    0.0187339
  -0.0131712     0.195355   -0.0098731   -0.0055227
   0.0118518   -0.0098731     0.209016 -0.000752875
   0.0187339   -0.0055227 -0.000752875     0.263661
IMAGINARY
          0  0.00353263 -0.00715831  0.00520767
-0.00353263           0 -0.00331134  -0.0177173
 0.00715831  0.00331134           0 -0.00228885
-0.00520767   0.0177173  0.00228885           0
EndNode1[0]<--->Repeater1[0]
REAL
   0.346341  0.00979908 -0.00924803   0.0387466
 0.00979908    0.195122  0.00911232  -0.0197192
-0.00924803  0.00911232    0.214634  0.00783316
  0.0387466  -0.0197192  0.00783316    0.243902
IMAGINARY
          0   0.0111537   0.0343249   0.0229157
 -0.0111537           0  -0.0293424  0.00161459
 -0.0343249   0.0293424           0  0.00460921
 -0.0229157 -0.00161459 -0.00460921           0
EndNode2[0]<--->HoM1[0]
REAL
    0.31738 -0.00805273  0.00490259   0.0308337
-0.00805273    0.193955  -0.0130939  -0.0239565
 0.00490259  -0.0130939    0.221662 -0.00180273
  0.0308337  -0.0239565 -0.00180273    0.267003
IMAGINARY
          0 -0.00033557  -0.0261936  -0.0199489
 0.00033557           0  -0.0127967  0.00681375
  0.0261936   0.0127967           0  0.00033557
  0.0199489 -0.00681375 -0.00033557           0
Repeater1[0]<--->EndNode1[0]
REAL
   0.346341 -0.00924803  0.00979908   0.0387466
-0.00924803    0.214634  0.00911232  0.00783316
 0.00979908  0.00911232    0.195122  -0.0197192
  0.0387466  0.00783316  -0.0197192    0.243902
IMAGINARY
          0   0.0343249   0.0111537   0.0229157
 -0.0343249           0   0.0293424  0.00460921
 -0.0111537  -0.0293424           0  0.00161459
 -0.0229157 -0.00460921 -0.00161459           0
Repeater1[0]<--->HoM1[0]
REAL
    0.31738  0.00490259 -0.00805273   0.0308337
 0.00490259    0.221662  -0.0130939 -0.00180273
-0.00805273  -0.0130939    0.193955  -0.0239565
  0.0308337 -0.00180273  -0.0239565    0.267003
IMAGINARY
          0  -0.0261936 -0.00033557  -0.0199489
  0.0261936           0   0.0127967  0.00033557
 0.00033557  -0.0127967           0  0.00681375
  0.0199489 -0.00033557 -0.00681375           0
EndNode1[0]<--->Repeater1[0]
REAL
   0.342273   0.0036132 0.000980657  0.00621487
  0.0036132    0.215837  0.00810642 -0.00160332
0.000980657  0.00810642    0.190294  -0.0141985
 0.00621487 -0.00160332  -0.0141985    0.251596
IMAGINARY
           0 -0.000945776  -0.00380757  -0.00277097
 0.000945776            0  -0.00405963  -0.00186708
  0.00380757   0.00405963            0 -0.000945776
  0.00277097   0.00186708  0.000945776            0
EndNode2[0]<--->HoM1[0]
REAL
   0.334554  0.00337282  0.00341615  0.00792219
 0.00337282    0.200244   0.0238458 -0.00341615
 0.00341615   0.0238458    0.203907  -0.0130413
 0.00792219 -0.00341615  -0.0130413    0.261294
IMAGINARY
          0  -0.0288337  0.00650858 -0.00291687
  0.0288337           0  0.00225109 -0.00714552
-0.00650858 -0.00225109           0   0.0383878
 0.00291687  0.00714552  -0.0383878           0
Repeater1[0]<--->EndNode1[0]
REAL
   0.342273 0.000980657   0.0036132  0.00621487
0.000980657    0.190294  0.00810642  -0.0141985
  0.0036132  0.00810642    0.215837 -0.00160332
 0.00621487  -0.0141985 -0.00160332    0.251596
IMAGINARY
           0  -0.00380757 -0.000945776  -0.00277097
  0.00380757            0   0.00405963 -0.000945776
 0.000945776  -0.00405963            0  -0.00186708
  0.00277097  0.000945776   0.00186708            0
Repeater1[0]<--->HoM1[0]
REAL
   0.334554  0.00341615  0.00337282  0.00792219
 0.00341615    0.203907   0.0238458  -0.0130413
 0.00337282   0.0238458    0.200244 -0.00341615
 0.00792219  -0.0130413 -0.00341615    0.261294
IMAGINARY
          0  0.00650858  -0.0288337 -0.00291687
-0.00650858           0 -0.00225109   0.0383878
  0.0288337  0.00225109           0 -0.00714552
 0.00291687  -0.0383878  0.00714552           0
EndNode1[0]<--->Repeater1[0]
REAL
   0.327632  -0.0167579 0.000403382     0.02422
 -0.0167579    0.196053  0.00202675  -0.0200884
0.000403382  0.00202675    0.209211   0.0167579
    0.02422  -0.0200884   0.0167579    0.267105
IMAGINARY
          0 -0.00242423  0.00374695 -0.00627364
 0.00242423           0 -0.00316032   0.0106134
-0.00374695  0.00316032           0 -0.00932511
 0.00627364  -0.0106134  0.00932511           0
EndNode2[0]<--->HoM1[0]
REAL
   0.317897  -0.0108185  -0.0206088 -0.00073419
 -0.0108185    0.211514 -0.00575932  -0.0118588
 -0.0206088 -0.00575932    0.206508   0.0121172
-0.00073419  -0.0118588   0.0121172     0.26408
IMAGINARY
           0   0.00124555   0.00103463 -9.96302e-05
 -0.00124555            0   -0.0190045   -0.0123412
 -0.00103463    0.0190045            0   -0.0125521
 9.96302e-05    0.0123412    0.0125521            0
Repeater1[0]<--->EndNode1[0]
REAL
   0.327632 0.000403382  -0.0167579     0.02422
0.000403382    0.209211  0.00202675   0.0167579
 -0.0167579  0.00202675    0.196053  -0.0200884
    0.02422   0.0167579  -0.0200884    0.267105
IMAGINARY
          0  0.00374695 -0.00242423 -0.00627364
-0.00374695           0  0.00316032 -0.00932511
 0.00242423 -0.00316032           0   0.0106134
 0.00627364  0.00932511  -0.0106134           0
Repeater1[0]<--->HoM1[0]
REAL
   0.317897  -0.0206088  -0.0108185 -0.00073419
 -0.0206088    0.206508 -0.00575932   0.0121172
 -0.0108185 -0.00575932    0.211514  -0.0118588
-0.00073419   0.0121172  -0.0118588     0.26408
IMAGINARY
           0   0.00103463   0.00124555 -9.96302e-05
 -0.00103463            0    0.0190045   -0.0125521
 -0.00124555   -0.0190045            0   -0.0123412
 9.96302e-05    0.0125521    0.0123412            0
