EndNode1[0]<--->Repeater1[0]
REAL
     0.424 -0.0100113  0.0089085   0.331504
-0.0100113   0.121333  0.0515809 -0.0113961
 0.0089085  0.0515809  0.0946667  0.0124989
  0.331504 -0.0113961  0.0124989       0.36
IMAGINARY
           0   -0.0028635   -0.0051905    0.0182637
   0.0028635            0  0.000675727     0.010982
   0.0051905 -0.000675727            0  -0.00164101
  -0.0182637    -0.010982   0.00164101            0
EndNode2[0]<--->HoM1[0]
REAL
   0.400754 -0.00829369 -0.00741938    0.327363
-0.00829369   0.0866834   0.0577225 -0.00358306
-0.00741938   0.0577225   0.0954774  0.00462621
   0.327363 -0.00358306  0.00462621    0.417085
IMAGINARY
          0  -0.0307246   0.0441256  0.00225197
  0.0307246           0  0.00291598  -0.0221549
 -0.0441256 -0.00291598           0  0.00475925
-0.00225197   0.0221549 -0.00475925           0
Repeater1[0]<--->EndNode1[0]
REAL
     0.424  0.0089085 -0.0100113   0.331504
 0.0089085  0.0946667  0.0515809  0.0124989
-0.0100113  0.0515809   0.121333 -0.0113961
  0.331504  0.0124989 -0.0113961       0.36
IMAGINARY
           0   -0.0051905   -0.0028635    0.0182637
   0.0051905            0 -0.000675727  -0.00164101
   0.0028635  0.000675727            0     0.010982
  -0.0182637   0.00164101    -0.010982            0
Repeater1[0]<--->HoM1[0]
REAL
   0.400754 -0.00741938 -0.00829369    0.327363
-0.00741938   0.0954774   0.0577225  0.00462621
-0.00829369   0.0577225   0.0866834 -0.00358306
   0.327363  0.00462621 -0.00358306    0.417085
IMAGINARY
          0   0.0441256  -0.0307246  0.00225197
 -0.0441256           0 -0.00291598  0.00475925
  0.0307246  0.00291598           0  -0.0221549
-0.00225197 -0.00475925   0.0221549           0
EndNode1[0]<--->Repeater1[0]
REAL
      0.42  0.0191316 0.00630893   0.319847
 0.0191316    0.10125  0.0570007  0.0109324
0.00630893  0.0570007    0.10125 0.00796204
  0.319847  0.0109324 0.00796204     0.3775
IMAGINARY
          0  -0.0216969  0.00147885 -0.00727151
  0.0216969           0  -0.0252955 -0.00872523
-0.00147885   0.0252955           0  0.00786288
 0.00727151  0.00872523 -0.00786288           0
EndNode2[0]<--->HoM1[0]
REAL
    0.377309   0.00905119 -0.000860758     0.329328
  0.00905119     0.100264    0.0433309   0.00398186
-0.000860758    0.0433309     0.104222   0.00905119
    0.329328   0.00398186   0.00905119     0.418206
IMAGINARY
           0  0.000700427  -0.00904185     0.019953
-0.000700427            0    0.0225571   -0.0127547
  0.00904185   -0.0225571            0    0.0158121
   -0.019953    0.0127547   -0.0158121            0
Repeater1[0]<--->EndNode1[0]
REAL
      0.42 0.00630893  0.0191316   0.319847
0.00630893    0.10125  0.0570007 0.00796204
 0.0191316  0.0570007    0.10125  0.0109324
  0.319847 0.00796204  0.0109324     0.3775
IMAGINARY
          0  0.00147885  -0.0216969 -0.00727151
-0.00147885           0   0.0252955  0.00786288
  0.0216969  -0.0252955           0 -0.00872523
 0.00727151 -0.00786288  0.00872523           0
Repeater1[0]<--->HoM1[0]
REAL
    0.377309 -0.000860758   0.00905119     0.329328
-0.000860758     0.104222    0.0433309   0.00905119
  0.00905119    0.0433309     0.100264   0.00398186
    0.329328   0.00905119   0.00398186     0.418206
IMAGINARY
           0  -0.00904185  0.000700427     0.019953
  0.00904185            0   -0.0225571    0.0158121
-0.000700427    0.0225571            0   -0.0127547
   -0.019953   -0.0158121    0.0127547            0
EndNode1[0]<--->Repeater1[0]
REAL
   0.411609   0.0144103    0.013438    0.337125
  0.0144103   0.0949868   0.0363774   0.0191851
   0.013438   0.0363774   0.0923483 -0.00176048
   0.337125   0.0191851 -0.00176048    0.401055
IMAGINARY
         0 -0.0112367  0.0014166 -0.0110373
 0.0112367          0 -0.0156125   0.010414
-0.0014166  0.0156125          0  0.0118594
 0.0110373  -0.010414 -0.0118594          0
EndNode2[0]<--->HoM1[0]
REAL
    0.392279 -0.000292662   0.00427325     0.339104
-0.000292662     0.104608     0.043708    0.0113518
  0.00427325     0.043708     0.100872   -0.0023115
    0.339104    0.0113518   -0.0023115     0.402242
IMAGINARY
          0  0.00479903    0.010626  0.00998999
-0.00479903           0  -0.0106286  -0.0131835
  -0.010626   0.0106286           0  0.00543115
-0.00998999   0.0131835 -0.00543115           0
Repeater1[0]<--->EndNode1[0]
REAL
   0.411609    0.013438   0.0144103    0.337125
   0.013438   0.0923483   0.0363774 -0.00176048
  0.0144103   0.0363774   0.0949868   0.0191851
   0.337125 -0.00176048   0.0191851    0.401055
IMAGINARY
         0  0.0014166 -0.0112367 -0.0110373
-0.0014166          0  0.0156125  0.0118594
 0.0112367 -0.0156125          0   0.010414
 0.0110373 -0.0118594  -0.010414          0
Repeater1[0]<--->HoM1[0]
REAL
    0.392279   0.00427325 -0.000292662     0.339104
  0.00427325     0.100872     0.043708   -0.0023115
-0.000292662     0.043708     0.104608    0.0113518
    0.339104   -0.0023115    0.0113518     0.402242
IMAGINARY
          0    0.010626  0.00479903  0.00998999
  -0.010626           0   0.0106286  0.00543115
-0.00479903  -0.0106286           0  -0.0131835
-0.00998999 -0.00543115   0.0131835           0
EndNode1[0]<--->Repeater1[0]
REAL
   0.422879  -0.0127543 -0.00197373    0.320925
 -0.0127543    0.092545   0.0385483   0.0126387
-0.00197373   0.0385483   0.0989717   0.0309475
   0.320925   0.0126387   0.0309475    0.385604
IMAGINARY
          0   0.0117823  0.00987249   0.0283393
 -0.0117823           0  0.00122706 -0.00519959
-0.00987249 -0.00122706           0  -0.0071094
 -0.0283393  0.00519959   0.0071094           0
EndNode2[0]<--->HoM1[0]
REAL
   0.389447  -0.0164831 -0.00479078     0.33097
 -0.0164831     0.10804   0.0333513  -0.0153097
-0.00479078   0.0333513   0.0879397 -0.00612992
    0.33097  -0.0153097 -0.00612992    0.414573
IMAGINARY
          0   0.0167282 -0.00755243  -0.0180262
 -0.0167282           0  0.00488481 -0.00567508
 0.00755243 -0.00488481           0  -0.0154055
  0.0180262  0.00567508   0.0154055           0
Repeater1[0]<--->EndNode1[0]
REAL
   0.422879 -0.00197373  -0.0127543    0.320925
-0.00197373   0.0989717   0.0385483   0.0309475
 -0.0127543   0.0385483    0.092545   0.0126387
   0.320925   0.0309475   0.0126387    0.385604
IMAGINARY
          0  0.00987249   0.0117823   0.0283393
-0.00987249           0 -0.00122706  -0.0071094
 -0.0117823  0.00122706           0 -0.00519959
 -0.0283393   0.0071094  0.00519959           0
Repeater1[0]<--->HoM1[0]
REAL
   0.389447 -0.00479078  -0.0164831     0.33097
-0.00479078   0.0879397   0.0333513 -0.00612992
 -0.0164831   0.0333513     0.10804  -0.0153097
    0.33097 -0.00612992  -0.0153097    0.414573
IMAGINARY
          0 -0.00755243   0.0167282  -0.0180262
 0.00755243           0 -0.00488481  -0.0154055
 -0.0167282  0.00488481           0 -0.00567508
  0.0180262   0.0154055  0.00567508           0
EndNode1[0]<--->Repeater1[0]
REAL
   0.395062   -0.014808 -0.00483031     0.34062
  -0.014808    0.100137   0.0552667 -0.00802316
-0.00483031   0.0552667    0.102881  0.00581056
    0.34062 -0.00802316  0.00581056     0.40192
IMAGINARY
          0  0.00505368 -0.00501021   0.0051168
-0.00505368           0  -0.0264961 -0.00382818
 0.00501021   0.0264961           0  0.00630996
 -0.0051168  0.00382818 -0.00630996           0
EndNode2[0]<--->HoM1[0]
REAL
   0.414392    -0.01444 -0.00546412    0.328621
   -0.01444    0.100496    0.039007  -0.0122292
-0.00546412    0.039007   0.0868486  0.00329979
   0.328621  -0.0122292  0.00329979    0.398263
IMAGINARY
           0       0.0251  -0.00835667    0.0124775
     -0.0251            0  -0.00848817   -0.0255981
  0.00835667   0.00848817            0  0.000865343
  -0.0124775    0.0255981 -0.000865343            0
Repeater1[0]<--->EndNode1[0]
REAL
   0.395062 -0.00483031   -0.014808     0.34062
-0.00483031    0.102881   0.0552667  0.00581056
  -0.014808   0.0552667    0.100137 -0.00802316
    0.34062  0.00581056 -0.00802316     0.40192
IMAGINARY
          0 -0.00501021  0.00505368   0.0051168
 0.00501021           0   0.0264961  0.00630996
-0.00505368  -0.0264961           0 -0.00382818
 -0.0051168 -0.00630996  0.00382818           0
Repeater1[0]<--->HoM1[0]
REAL
   0.414392 -0.00546412    -0.01444    0.328621
-0.00546412   0.0868486    0.039007  0.00329979
   -0.01444    0.039007    0.100496  -0.0122292
   0.328621  0.00329979  -0.0122292    0.398263
IMAGINARY
           0  -0.00835667       0.0251    0.0124775
  0.00835667            0   0.00848817  0.000865343
     -0.0251  -0.00848817            0   -0.0255981
  -0.0124775 -0.000865343    0.0255981            0
EndNode1[0]<--->Repeater1[0]
REAL
    0.403394   0.00132009 -0.000775845     0.338599
  0.00132009     0.118799    0.0308589   0.00816501
-0.000775845    0.0308589    0.0913838   0.00606907
    0.338599   0.00816501   0.00606907     0.386423
IMAGINARY
           0    0.0193008   -0.0176507    0.0128904
  -0.0193008            0   -0.0122709 -0.000451677
   0.0176507    0.0122709            0  -0.00369528
  -0.0128904  0.000451677   0.00369528            0
EndNode2[0]<--->HoM1[0]
REAL
   0.402314   0.0106239  -0.0138353    0.337065
  0.0106239    0.100257   0.0368089  -0.0138353
 -0.0138353   0.0368089    0.105398 -0.00998045
   0.337065  -0.0138353 -0.00998045    0.392031
IMAGINARY
          0  -0.0258216  0.00582865 -0.00765964
  0.0258216           0  0.00637098   0.0101765
-0.00582865 -0.00637098           0  -0.0106701
 0.00765964  -0.0101765   0.0106701           0
Repeater1[0]<--->EndNode1[0]
REAL
    0.403394 -0.000775845   0.00132009     0.338599
-0.000775845    0.0913838    0.0308589   0.00606907
  0.00132009    0.0308589     0.118799   0.00816501
    0.338599   0.00606907   0.00816501     0.386423
IMAGINARY
           0   -0.0176507    0.0193008    0.0128904
   0.0176507            0    0.0122709  -0.00369528
  -0.0193008   -0.0122709            0 -0.000451677
  -0.0128904   0.00369528  0.000451677            0
Repeater1[0]<--->HoM1[0]
REAL
   0.402314  -0.0138353   0.0106239    0.337065
 -0.0138353    0.105398   0.0368089 -0.00998045
  0.0106239   0.0368089    0.100257  -0.0138353
   0.337065 -0.00998045  -0.0138353    0.392031
IMAGINARY
          0  0.00582865  -0.0258216 -0.00765964
-0.00582865           0 -0.00637098  -0.0106701
  0.0258216  0.00637098           0   0.0101765
 0.00765964   0.0106701  -0.0101765           0
EndNode1[0]<--->Repeater1[0]
REAL
  0.420455 -0.0196029 -0.0147355     0.3489
-0.0196029  0.0972222  0.0338317 0.00700359
-0.0147355  0.0338317   0.114899 0.00542763
    0.3489 0.00700359 0.00542763   0.367424
IMAGINARY
          0  0.00284283  0.00567346  0.00481578
-0.00284283           0 -0.00350688  -0.0152625
-0.00567346  0.00350688           0   0.0135955
-0.00481578   0.0152625  -0.0135955           0
EndNode2[0]<--->HoM1[0]
REAL
   0.381137 -0.00369296  0.00361806    0.330877
-0.00369296   0.0943152   0.0441225 -0.00111806
 0.00361806   0.0441225    0.118863  0.00869296
   0.330877 -0.00111806  0.00869296    0.405685
IMAGINARY
          0 -0.00277665   0.0227501   0.0220288
 0.00277665           0   0.0155014   0.0149982
 -0.0227501  -0.0155014           0 -0.00715713
 -0.0220288  -0.0149982  0.00715713           0
Repeater1[0]<--->EndNode1[0]
REAL
  0.420455 -0.0147355 -0.0196029     0.3489
-0.0147355   0.114899  0.0338317 0.00542763
-0.0196029  0.0338317  0.0972222 0.00700359
    0.3489 0.00542763 0.00700359   0.367424
IMAGINARY
          0  0.00567346  0.00284283  0.00481578
-0.00567346           0  0.00350688   0.0135955
-0.00284283 -0.00350688           0  -0.0152625
-0.00481578  -0.0135955   0.0152625           0
Repeater1[0]<--->HoM1[0]
REAL
   0.381137  0.00361806 -0.00369296    0.330877
 0.00361806    0.118863   0.0441225  0.00869296
-0.00369296   0.0441225   0.0943152 -0.00111806
   0.330877  0.00869296 -0.00111806    0.405685
IMAGINARY
          0   0.0227501 -0.00277665   0.0220288
 -0.0227501           0  -0.0155014 -0.00715713
 0.00277665   0.0155014           0   0.0149982
 -0.0220288  0.00715713  -0.0149982           0
EndNode1[0]<--->Repeater1[0]
REAL
   0.436061   0.0126644  0.00130975    0.333358
  0.0126644   0.0818414   0.0427824 -0.00326542
 0.00130975   0.0427824   0.0997442   0.0101518
   0.333358 -0.00326542   0.0101518    0.382353
IMAGINARY
          0  -0.0193729 -0.00317666  0.00322965
  0.0193729           0  -0.0189926 -0.00598565
 0.00317666   0.0189926           0 -0.00026065
-0.00322965  0.00598565  0.00026065           0
EndNode2[0]<--->HoM1[0]
REAL
 0.427329 0.0153807 0.0136382  0.330515
0.0153807 0.0919255 0.0552342 0.0232168
0.0136382 0.0552342 0.0906832 0.0104179
 0.330515 0.0232168 0.0104179  0.390062
IMAGINARY
          0   0.0065207 -0.00431537    0.013056
 -0.0065207           0  0.00413972  0.00119427
 0.00431537 -0.00413972           0   0.0090848
  -0.013056 -0.00119427  -0.0090848           0
Repeater1[0]<--->EndNode1[0]
REAL
   0.436061  0.00130975   0.0126644    0.333358
 0.00130975   0.0997442   0.0427824   0.0101518
  0.0126644   0.0427824   0.0818414 -0.00326542
   0.333358   0.0101518 -0.00326542    0.382353
IMAGINARY
          0 -0.00317666  -0.0193729  0.00322965
 0.00317666           0   0.0189926 -0.00026065
  0.0193729  -0.0189926           0 -0.00598565
-0.00322965  0.00026065  0.00598565           0
Repeater1[0]<--->HoM1[0]
REAL
 0.427329 0.0136382 0.0153807  0.330515
0.0136382 0.0906832 0.0552342 0.0104179
0.0153807 0.0552342 0.0919255 0.0232168
 0.330515 0.0104179 0.0232168  0.390062
IMAGINARY
          0 -0.00431537   0.0065207    0.013056
 0.00431537           0 -0.00413972   0.0090848
 -0.0065207  0.00413972           0  0.00119427
  -0.013056  -0.0090848 -0.00119427           0
EndNode1[0]<--->Repeater1[0]
REAL
     0.40547    0.0110157 -9.35254e-05     0.320495
   0.0110157     0.098692     0.042299   0.00936423
-9.35254e-05     0.042299    0.0808561  -0.00545331
    0.320495   0.00936423  -0.00545331     0.414982
IMAGINARY
          0  -0.0128359  0.00676757 -0.00766081
  0.0128359           0  0.00421254  -0.0167926
-0.00676757 -0.00421254           0  0.00907648
 0.00766081   0.0167926 -0.00907648           0
EndNode2[0]<--->HoM1[0]
REAL
  0.398936 0.00502893 -0.0081906   0.337136
0.00502893   0.101064  0.0436855 -0.0205765
-0.0081906  0.0436855   0.102394  0.0086697
  0.337136 -0.0205765  0.0086697   0.397606
IMAGINARY
          0  0.00622829   0.0140354  0.00875426
-0.00622829           0   0.0240541 -0.00521927
 -0.0140354  -0.0240541           0 -0.00244995
-0.00875426  0.00521927  0.00244995           0
Repeater1[0]<--->EndNode1[0]
REAL
     0.40547 -9.35254e-05    0.0110157     0.320495
-9.35254e-05    0.0808561     0.042299  -0.00545331
   0.0110157     0.042299     0.098692   0.00936423
    0.320495  -0.00545331   0.00936423     0.414982
IMAGINARY
          0  0.00676757  -0.0128359 -0.00766081
-0.00676757           0 -0.00421254  0.00907648
  0.0128359  0.00421254           0  -0.0167926
 0.00766081 -0.00907648   0.0167926           0
Repeater1[0]<--->HoM1[0]
REAL
  0.398936 -0.0081906 0.00502893   0.337136
-0.0081906   0.102394  0.0436855  0.0086697
0.00502893  0.0436855   0.101064 -0.0205765
  0.337136  0.0086697 -0.0205765   0.397606
IMAGINARY
          0   0.0140354  0.00622829  0.00875426
 -0.0140354           0  -0.0240541 -0.00244995
-0.00622829   0.0240541           0 -0.00521927
-0.00875426  0.00244995  0.00521927           0
EndNode1[0]<--->Repeater1[0]
REAL
   0.378653  -0.0140004   0.0127652    0.332098
 -0.0140004    0.108005   0.0461157 -0.00532268
  0.0127652   0.0461157    0.111817   0.0268556
   0.332098 -0.00532268   0.0268556    0.401525
IMAGINARY
          0 -0.00593798   0.0266429  -0.0154057
 0.00593798           0  0.00423943   0.0240455
 -0.0266429 -0.00423943           0  -0.0209707
  0.0154057  -0.0240455   0.0209707           0
EndNode2[0]<--->HoM1[0]
REAL
  0.396349 -0.0107441  0.0229483   0.327118
-0.0107441   0.112125  0.0282122 -0.0166031
 0.0229483  0.0282122  0.0964798  0.0018609
  0.327118 -0.0166031  0.0018609   0.395046
IMAGINARY
          0  0.00640786   0.0132695   -0.020422
-0.00640786           0   0.0108679 -0.00437756
 -0.0132695  -0.0108679           0    0.016164
   0.020422  0.00437756   -0.016164           0
Repeater1[0]<--->EndNode1[0]
REAL
   0.378653   0.0127652  -0.0140004    0.332098
  0.0127652    0.111817   0.0461157   0.0268556
 -0.0140004   0.0461157    0.108005 -0.00532268
   0.332098   0.0268556 -0.00532268    0.401525
IMAGINARY
          0   0.0266429 -0.00593798  -0.0154057
 -0.0266429           0 -0.00423943  -0.0209707
 0.00593798  0.00423943           0   0.0240455
  0.0154057   0.0209707  -0.0240455           0
Repeater1[0]<--->HoM1[0]
REAL
  0.396349  0.0229483 -0.0107441   0.327118
 0.0229483  0.0964798  0.0282122  0.0018609
-0.0107441  0.0282122   0.112125 -0.0166031
  0.327118  0.0018609 -0.0166031   0.395046
IMAGINARY
          0   0.0132695  0.00640786   -0.020422
 -0.0132695           0  -0.0108679    0.016164
-0.00640786   0.0108679           0 -0.00437756
   0.020422   -0.016164  0.00437756           0
EndNode1[0]<--->Repeater1[0]
REAL
    0.405848    0.0200836   0.00886694     0.309814
   0.0200836     0.107602    0.0498137    0.0165989
  0.00886694    0.0498137     0.102924 -0.000828945
    0.309814    0.0165989 -0.000828945     0.383626
IMAGINARY
          0  0.00539929  -0.0083838 -0.00861688
-0.00539929           0  -0.0218297 -0.00774523
  0.0083838   0.0218297           0  -0.0176574
 0.00861688  0.00774523   0.0176574           0
EndNode2[0]<--->HoM1[0]
REAL
    0.35302 -0.00892278   0.0009574    0.305504
-0.00892278    0.112752   0.0455603   0.0109325
  0.0009574   0.0455603   0.0899329  0.00954856
   0.305504   0.0109325  0.00954856    0.444295
IMAGINARY
          0  -0.0129868   0.0107025  -0.0090118
  0.0129868           0  -0.0133381 -0.00502073
 -0.0107025   0.0133381           0  -0.0168428
  0.0090118  0.00502073   0.0168428           0
Repeater1[0]<--->EndNode1[0]
REAL
    0.405848   0.00886694    0.0200836     0.309814
  0.00886694     0.102924    0.0498137 -0.000828945
   0.0200836    0.0498137     0.107602    0.0165989
    0.309814 -0.000828945    0.0165989     0.383626
IMAGINARY
          0  -0.0083838  0.00539929 -0.00861688
  0.0083838           0   0.0218297  -0.0176574
-0.00539929  -0.0218297           0 -0.00774523
 0.00861688   0.0176574  0.00774523           0
Repeater1[0]<--->HoM1[0]
REAL
    0.35302   0.0009574 -0.00892278    0.305504
  0.0009574   0.0899329   0.0455603  0.00954856
-0.00892278   0.0455603    0.112752   0.0109325
   0.305504  0.00954856   0.0109325    0.444295
IMAGINARY
          0   0.0107025  -0.0129868  -0.0090118
 -0.0107025           0   0.0133381  -0.0168428
  0.0129868  -0.0133381           0 -0.00502073
  0.0090118   0.0168428  0.00502073           0
EndNode1[0]<--->Repeater1[0]
REAL
   0.390819 -0.00721967   0.0143229    0.328527
-0.00721967    0.104218   0.0496453  -0.0143229
  0.0143229   0.0496453   0.0930521   0.0122958
   0.328527  -0.0143229   0.0122958    0.411911
IMAGINARY
          0   0.0022983  -0.0100256   0.0173589
 -0.0022983           0  0.00470915  0.00940447
  0.0100256 -0.00470915           0 -0.00416165
 -0.0173589 -0.00940447  0.00416165           0
EndNode2[0]<--->HoM1[0]
REAL
   0.445255 0.000558313  -0.0104087    0.340285
0.000558313   0.0997567   0.0392023  0.00656256
 -0.0104087   0.0392023   0.0912409 -0.00440447
   0.340285  0.00656256 -0.00440447    0.363747
IMAGINARY
          0 -0.00114815  -0.0135475   0.0141196
 0.00114815           0  -0.0147518  -0.0141927
  0.0135475   0.0147518           0   0.0140034
 -0.0141196   0.0141927  -0.0140034           0
Repeater1[0]<--->EndNode1[0]
REAL
   0.390819   0.0143229 -0.00721967    0.328527
  0.0143229   0.0930521   0.0496453   0.0122958
-0.00721967   0.0496453    0.104218  -0.0143229
   0.328527   0.0122958  -0.0143229    0.411911
IMAGINARY
          0  -0.0100256   0.0022983   0.0173589
  0.0100256           0 -0.00470915 -0.00416165
 -0.0022983  0.00470915           0  0.00940447
 -0.0173589  0.00416165 -0.00940447           0
Repeater1[0]<--->HoM1[0]
REAL
   0.445255  -0.0104087 0.000558313    0.340285
 -0.0104087   0.0912409   0.0392023 -0.00440447
0.000558313   0.0392023   0.0997567  0.00656256
   0.340285 -0.00440447  0.00656256    0.363747
IMAGINARY
          0  -0.0135475 -0.00114815   0.0141196
  0.0135475           0   0.0147518   0.0140034
 0.00114815  -0.0147518           0  -0.0141927
 -0.0141196  -0.0140034   0.0141927           0
EndNode1[0]<--->Repeater1[0]
REAL
   0.410191  0.00601367 -0.00435043    0.342709
 0.00601367   0.0878981   0.0431975  0.00636385
-0.00435043   0.0431975    0.109554  0.00271116
   0.342709  0.00636385  0.00271116    0.392357
IMAGINARY
          0 -0.00555418   0.0137866  0.00131398
 0.00555418           0 -0.00794528   0.0131082
 -0.0137866  0.00794528           0  0.00310919
-0.00131398  -0.0131082 -0.00310919           0
EndNode2[0]<--->HoM1[0]
REAL
   0.418023 6.17019e-05    0.017567    0.311303
6.17019e-05   0.0963705   0.0543682 -0.00264162
   0.017567   0.0543682    0.110138 -0.00254926
   0.311303 -0.00264162 -0.00254926    0.375469
IMAGINARY
           0   0.00554173    0.0028562    0.0093151
 -0.00554173            0   -0.0262112  -0.00747972
  -0.0028562    0.0262112            0 -0.000918217
  -0.0093151   0.00747972  0.000918217            0
Repeater1[0]<--->EndNode1[0]
REAL
   0.410191 -0.00435043  0.00601367    0.342709
-0.00435043    0.109554   0.0431975  0.00271116
 0.00601367   0.0431975   0.0878981  0.00636385
   0.342709  0.00271116  0.00636385    0.392357
IMAGINARY
          0   0.0137866 -0.00555418  0.00131398
 -0.0137866           0  0.00794528  0.00310919
 0.00555418 -0.00794528           0   0.0131082
-0.00131398 -0.00310919  -0.0131082           0
Repeater1[0]<--->HoM1[0]
REAL
   0.418023    0.017567 6.17019e-05    0.311303
   0.017567    0.110138   0.0543682 -0.00254926
6.17019e-05   0.0543682   0.0963705 -0.00264162
   0.311303 -0.00254926 -0.00264162    0.375469
IMAGINARY
           0    0.0028562   0.00554173    0.0093151
  -0.0028562            0    0.0262112 -0.000918217
 -0.00554173   -0.0262112            0  -0.00747972
  -0.0093151  0.000918217   0.00747972            0
EndNode1[0]<--->Repeater1[0]
REAL
   0.402726   0.0312556 -0.00117676    0.335817
  0.0312556    0.109046   0.0500102   0.0208618
-0.00117676   0.0500102    0.106568   0.0159885
   0.335817   0.0208618   0.0159885     0.38166
IMAGINARY
          0  -0.0201354   0.0156829  -0.0165923
  0.0201354           0 -0.00673684  0.00560738
 -0.0156829  0.00673684           0 -0.00631626
  0.0165923 -0.00560738  0.00631626           0
EndNode2[0]<--->HoM1[0]
REAL
  0.391304  0.0182181 0.00429407    0.34864
 0.0182181   0.105402  0.0504991 0.00493102
0.00429407  0.0504991   0.100132 -0.0163731
   0.34864 0.00493102 -0.0163731   0.403162
IMAGINARY
          0 -0.00333997 -0.00632435  -0.0134432
 0.00333997           0 -0.00492417   -0.018244
 0.00632435  0.00492417           0  0.00666003
  0.0134432    0.018244 -0.00666003           0
Repeater1[0]<--->EndNode1[0]
REAL
   0.402726 -0.00117676   0.0312556    0.335817
-0.00117676    0.106568   0.0500102   0.0159885
  0.0312556   0.0500102    0.109046   0.0208618
   0.335817   0.0159885   0.0208618     0.38166
IMAGINARY
          0   0.0156829  -0.0201354  -0.0165923
 -0.0156829           0  0.00673684 -0.00631626
  0.0201354 -0.00673684           0  0.00560738
  0.0165923  0.00631626 -0.00560738           0
Repeater1[0]<--->HoM1[0]
REAL
  0.391304 0.00429407  0.0182181    0.34864
0.00429407   0.100132  0.0504991 -0.0163731
 0.0182181  0.0504991   0.105402 0.00493102
   0.34864 -0.0163731 0.00493102   0.403162
IMAGINARY
          0 -0.00632435 -0.00333997  -0.0134432
 0.00632435           0  0.00492417  0.00666003
 0.00333997 -0.00492417           0   -0.018244
  0.0134432 -0.00666003    0.018244           0
EndNode1[0]<--->Repeater1[0]
REAL
  0.402375 -0.0207995 0.00450507   0.334774
-0.0207995   0.130607  0.0246007 0.00851576
0.00450507  0.0246007   0.102902 0.00517451
  0.334774 0.00851576 0.00517451   0.364116
IMAGINARY
          0  -0.0167494  0.00917686 -0.00761076
  0.0167494           0  -0.0101108   0.0131556
-0.00917686   0.0101108           0 -0.00682382
 0.00761076  -0.0131556  0.00682382           0
EndNode2[0]<--->HoM1[0]
REAL
   0.406888  -0.0262777  -0.0201993    0.333716
 -0.0262777   0.0994898   0.0521815 -0.00928788
 -0.0201993   0.0521815   0.0829082  -0.0121838
   0.333716 -0.00928788  -0.0121838    0.410714
IMAGINARY
           0   0.00816187   -0.0246847  0.000294325
 -0.00816187            0  -0.00293983  -0.00847524
   0.0246847   0.00293983            0    0.0093934
-0.000294325   0.00847524   -0.0093934            0
Repeater1[0]<--->EndNode1[0]
REAL
  0.402375 0.00450507 -0.0207995   0.334774
0.00450507   0.102902  0.0246007 0.00517451
-0.0207995  0.0246007   0.130607 0.00851576
  0.334774 0.00517451 0.00851576   0.364116
IMAGINARY
          0  0.00917686  -0.0167494 -0.00761076
-0.00917686           0   0.0101108 -0.00682382
  0.0167494  -0.0101108           0   0.0131556
 0.00761076  0.00682382  -0.0131556           0
Repeater1[0]<--->HoM1[0]
REAL
   0.406888  -0.0201993  -0.0262777    0.333716
 -0.0201993   0.0829082   0.0521815  -0.0121838
 -0.0262777   0.0521815   0.0994898 -0.00928788
   0.333716  -0.0121838 -0.00928788    0.410714
IMAGINARY
           0   -0.0246847   0.00816187  0.000294325
   0.0246847            0   0.00293983    0.0093934
 -0.00816187  -0.00293983            0  -0.00847524
-0.000294325   -0.0093934   0.00847524            0
EndNode1[0]<--->Repeater1[0]
REAL
   0.397933   0.0216524  0.00953036     0.31419
  0.0216524    0.111111   0.0489126   0.0250198
 0.00953036   0.0489126    0.105943 -0.00144376
    0.31419   0.0250198 -0.00144376    0.385013
IMAGINARY
          0  -0.0026966  0.00890252  0.00377839
  0.0026966           0  0.00127212  0.00359748
-0.00890252 -0.00127212           0 -0.00841451
-0.00377839 -0.00359748  0.00841451           0
EndNode2[0]<--->HoM1[0]
REAL
   0.386805  -0.0181572 -0.00829423    0.321072
 -0.0181572   0.0970246   0.0353576  0.00767001
-0.00829423   0.0353576    0.108668  0.00380014
   0.321072  0.00767001  0.00380014    0.407503
IMAGINARY
          0  0.00820437 -0.00040866 -0.00907682
-0.00820437           0  0.00580028 -0.00363447
 0.00040866 -0.00580028           0   0.0214452
 0.00907682  0.00363447  -0.0214452           0
Repeater1[0]<--->EndNode1[0]
REAL
   0.397933  0.00953036   0.0216524     0.31419
 0.00953036    0.105943   0.0489126 -0.00144376
  0.0216524   0.0489126    0.111111   0.0250198
    0.31419 -0.00144376   0.0250198    0.385013
IMAGINARY
          0  0.00890252  -0.0026966  0.00377839
-0.00890252           0 -0.00127212 -0.00841451
  0.0026966  0.00127212           0  0.00359748
-0.00377839  0.00841451 -0.00359748           0
Repeater1[0]<--->HoM1[0]
REAL
   0.386805 -0.00829423  -0.0181572    0.321072
-0.00829423    0.108668   0.0353576  0.00380014
 -0.0181572   0.0353576   0.0970246  0.00767001
   0.321072  0.00380014  0.00767001    0.407503
IMAGINARY
          0 -0.00040866  0.00820437 -0.00907682
 0.00040866           0 -0.00580028   0.0214452
-0.00820437  0.00580028           0 -0.00363447
 0.00907682  -0.0214452  0.00363447           0
EndNode1[0]<--->Repeater1[0]
REAL
   0.394913 -0.00976951  -0.0128058    0.322746
-0.00976951   0.0923695    0.045804 -0.00193622
 -0.0128058    0.045804     0.10174     0.00117
   0.322746 -0.00193622     0.00117    0.410977
IMAGINARY
          0   0.0108926 -0.00215817    0.011799
 -0.0108926           0   -0.019571  0.00842384
 0.00215817    0.019571           0  0.00539811
  -0.011799 -0.00842384 -0.00539811           0
EndNode2[0]<--->HoM1[0]
REAL
   0.390402  0.00293516  0.00618031    0.333122
 0.00293516    0.101167   0.0336294 -0.00871838
 0.00618031   0.0336294   0.0972763 -0.00674226
   0.333122 -0.00871838 -0.00674226    0.411154
IMAGINARY
           0    0.0171986     0.018205  0.000305112
  -0.0171986            0    0.0121785  0.000830508
   -0.018205   -0.0121785            0   -0.0184676
-0.000305112 -0.000830508    0.0184676            0
Repeater1[0]<--->EndNode1[0]
REAL
   0.394913  -0.0128058 -0.00976951    0.322746
 -0.0128058     0.10174    0.045804     0.00117
-0.00976951    0.045804   0.0923695 -0.00193622
   0.322746     0.00117 -0.00193622    0.410977
IMAGINARY
          0 -0.00215817   0.0108926    0.011799
 0.00215817           0    0.019571  0.00539811
 -0.0108926   -0.019571           0  0.00842384
  -0.011799 -0.00539811 -0.00842384           0
Repeater1[0]<--->HoM1[0]
REAL
   0.390402  0.00618031  0.00293516    0.333122
 0.00618031   0.0972763   0.0336294 -0.00674226
 0.00293516   0.0336294    0.101167 -0.00871838
   0.333122 -0.00674226 -0.00871838    0.411154
IMAGINARY
           0     0.018205    0.0171986  0.000305112
   -0.018205            0   -0.0121785   -0.0184676
  -0.0171986    0.0121785            0  0.000830508
-0.000305112    0.0184676 -0.000830508            0
EndNode1[0]<--->Repeater1[0]
REAL
  0.403141  0.0128564 0.00154987   0.321869
 0.0128564    0.10733   0.045984  0.0244984
0.00154987   0.045984  0.0994764 0.00302674
  0.321869  0.0244984 0.00302674   0.390052
IMAGINARY
           0  -0.00456179   0.00924649     0.030995
  0.00456179            0     0.012245  0.000583127
 -0.00924649    -0.012245            0  -0.00133598
   -0.030995 -0.000583127   0.00133598            0
EndNode2[0]<--->HoM1[0]
REAL
   0.425166   0.0089339  0.00932435    0.334205
  0.0089339    0.116556   0.0411011  0.00534557
 0.00932435   0.0411011   0.0874172 -0.00159894
   0.334205  0.00534557 -0.00159894    0.370861
IMAGINARY
           0   0.00963032   0.00323396  -0.00155737
 -0.00963032            0  0.000343774    0.0114531
 -0.00323396 -0.000343774            0  -0.00388319
  0.00155737   -0.0114531   0.00388319            0
Repeater1[0]<--->EndNode1[0]
REAL
  0.403141 0.00154987  0.0128564   0.321869
0.00154987  0.0994764   0.045984 0.00302674
 0.0128564   0.045984    0.10733  0.0244984
  0.321869 0.00302674  0.0244984   0.390052
IMAGINARY
           0   0.00924649  -0.00456179     0.030995
 -0.00924649            0    -0.012245  -0.00133598
  0.00456179     0.012245            0  0.000583127
   -0.030995   0.00133598 -0.000583127            0
Repeater1[0]<--->HoM1[0]
REAL
   0.425166  0.00932435   0.0089339    0.334205
 0.00932435   0.0874172   0.0411011 -0.00159894
  0.0089339   0.0411011    0.116556  0.00534557
   0.334205 -0.00159894  0.00534557    0.370861
IMAGINARY
           0   0.00323396   0.00963032  -0.00155737
 -0.00323396            0 -0.000343774  -0.00388319
 -0.00963032  0.000343774            0    0.0114531
  0.00155737   0.00388319   -0.0114531            0
EndNode1[0]<--->Repeater1[0]
REAL
   0.371324  -0.0067683 -0.00153722    0.332905
 -0.0067683    0.117647   0.0318228   0.0148116
-0.00153722   0.0318228   0.0968137 -0.00144915
   0.332905   0.0148116 -0.00144915    0.414216
IMAGINARY
          0 -0.00234517   -0.014929 -0.00185248
 0.00234517           0   0.0152624   0.0169588
   0.014929  -0.0152624           0  0.00978766
 0.00185248  -0.0169588 -0.00978766           0
EndNode2[0]<--->HoM1[0]
REAL
   0.419571    0.016662   0.0130567    0.327307
   0.016662    0.105898   0.0454889 -0.00172166
  0.0130567   0.0454889   0.0911528  0.00852687
   0.327307 -0.00172166  0.00852687    0.383378
IMAGINARY
          0  0.00765104  0.00745876   0.0261659
-0.00765104           0 -0.00280138  0.00552826
-0.00745876  0.00280138           0  -0.0180407
 -0.0261659 -0.00552826   0.0180407           0
Repeater1[0]<--->EndNode1[0]
REAL
   0.371324 -0.00153722  -0.0067683    0.332905
-0.00153722   0.0968137   0.0318228 -0.00144915
 -0.0067683   0.0318228    0.117647   0.0148116
   0.332905 -0.00144915   0.0148116    0.414216
IMAGINARY
          0   -0.014929 -0.00234517 -0.00185248
   0.014929           0  -0.0152624  0.00978766
 0.00234517   0.0152624           0   0.0169588
 0.00185248 -0.00978766  -0.0169588           0
Repeater1[0]<--->HoM1[0]
REAL
   0.419571   0.0130567    0.016662    0.327307
  0.0130567   0.0911528   0.0454889  0.00852687
   0.016662   0.0454889    0.105898 -0.00172166
   0.327307  0.00852687 -0.00172166    0.383378
IMAGINARY
          0  0.00745876  0.00765104   0.0261659
-0.00745876           0  0.00280138  -0.0180407
-0.00765104 -0.00280138           0  0.00552826
 -0.0261659   0.0180407 -0.00552826           0
EndNode1[0]<--->Repeater1[0]
REAL
    0.408861 -0.000633729    0.0119616     0.333845
-0.000633729     0.103797    0.0434632   -0.0159194
   0.0119616    0.0434632    0.0822785   0.00591077
    0.333845   -0.0159194   0.00591077     0.405063
IMAGINARY
          0    0.010667  -0.0130157  -0.0188024
  -0.010667           0   0.0137646  -0.0171939
  0.0130157  -0.0137646           0  0.00227994
  0.0188024   0.0171939 -0.00227994           0
EndNode2[0]<--->HoM1[0]
REAL
    0.39823  -0.0064571   0.0154727    0.333881
 -0.0064571   0.0897598   0.0395366 -0.00408033
  0.0154727   0.0395366    0.111252  0.00772292
   0.333881 -0.00408033  0.00772292    0.400759
IMAGINARY
           0  -0.00264267    0.0190663   -0.0047033
  0.00264267            0 -0.000491506   0.00792603
  -0.0190663  0.000491506            0   0.00135733
   0.0047033  -0.00792603  -0.00135733            0
Repeater1[0]<--->EndNode1[0]
REAL
    0.408861    0.0119616 -0.000633729     0.333845
   0.0119616    0.0822785    0.0434632   0.00591077
-0.000633729    0.0434632     0.103797   -0.0159194
    0.333845   0.00591077   -0.0159194     0.405063
IMAGINARY
          0  -0.0130157    0.010667  -0.0188024
  0.0130157           0  -0.0137646  0.00227994
  -0.010667   0.0137646           0  -0.0171939
  0.0188024 -0.00227994   0.0171939           0
Repeater1[0]<--->HoM1[0]
REAL
    0.39823   0.0154727  -0.0064571    0.333881
  0.0154727    0.111252   0.0395366  0.00772292
 -0.0064571   0.0395366   0.0897598 -0.00408033
   0.333881  0.00772292 -0.00408033    0.400759
IMAGINARY
           0    0.0190663  -0.00264267   -0.0047033
  -0.0190663            0  0.000491506   0.00135733
  0.00264267 -0.000491506            0   0.00792603
   0.0047033  -0.00135733  -0.00792603            0
EndNode1[0]<--->Repeater1[0]
REAL
   0.362944 -0.00405419  -0.0242778    0.325951
-0.00405419    0.101523   0.0693371  -0.0189159
 -0.0242778   0.0693371    0.115482  -0.0365217
   0.325951  -0.0189159  -0.0365217    0.420051
IMAGINARY
           0    0.0152468   0.00429676   0.00891331
  -0.0152468            0   -0.0021978  0.000994248
 -0.00429676    0.0021978            0   -0.0126013
 -0.00891331 -0.000994248    0.0126013            0
EndNode2[0]<--->HoM1[0]
REAL
   0.427807    0.018579 -0.00472186    0.337596
   0.018579   0.0935829   0.0387932 0.000555189
-0.00472186   0.0387932    0.112299  -0.0241346
   0.337596 0.000555189  -0.0241346     0.36631
IMAGINARY
          0  0.00412188  0.00986176 -0.00243106
-0.00412188           0   0.0158457   0.0110963
-0.00986176  -0.0158457           0 -0.00591828
 0.00243106  -0.0110963  0.00591828           0
Repeater1[0]<--->EndNode1[0]
REAL
   0.362944  -0.0242778 -0.00405419    0.325951
 -0.0242778    0.115482   0.0693371  -0.0365217
-0.00405419   0.0693371    0.101523  -0.0189159
   0.325951  -0.0365217  -0.0189159    0.420051
IMAGINARY
           0   0.00429676    0.0152468   0.00891331
 -0.00429676            0    0.0021978   -0.0126013
  -0.0152468   -0.0021978            0  0.000994248
 -0.00891331    0.0126013 -0.000994248            0
Repeater1[0]<--->HoM1[0]
REAL
   0.427807 -0.00472186    0.018579    0.337596
-0.00472186    0.112299   0.0387932  -0.0241346
   0.018579   0.0387932   0.0935829 0.000555189
   0.337596  -0.0241346 0.000555189     0.36631
IMAGINARY
          0  0.00986176  0.00412188 -0.00243106
-0.00986176           0  -0.0158457 -0.00591828
-0.00412188   0.0158457           0   0.0110963
 0.00243106  0.00591828  -0.0110963           0
EndNode1[0]<--->Repeater1[0]
REAL
   0.39897 -0.0106034 0.00341789   0.320251
-0.0106034   0.110682  0.0401266 0.00727393
0.00341789  0.0401266  0.0952381  0.0225531
  0.320251 0.00727393  0.0225531   0.395109
IMAGINARY
          0 -0.00244483 -0.00968023   -0.010494
 0.00244483           0  -0.0148636  0.00657464
 0.00968023   0.0148636           0  -0.0130831
   0.010494 -0.00657464   0.0130831           0
EndNode2[0]<--->HoM1[0]
REAL
  0.378653 -0.0285948 -0.0149082   0.348941
-0.0285948   0.105464  0.0356248 -0.0129777
-0.0149082  0.0356248   0.104193 -0.0239344
  0.348941 -0.0129777 -0.0239344    0.41169
IMAGINARY
           0   -0.0130654   0.00395252 -0.000564059
   0.0130654            0   0.00916357    -0.005258
 -0.00395252  -0.00916357            0  1.05674e-05
 0.000564059     0.005258 -1.05674e-05            0
Repeater1[0]<--->EndNode1[0]
REAL
   0.39897 0.00341789 -0.0106034   0.320251
0.00341789  0.0952381  0.0401266  0.0225531
-0.0106034  0.0401266   0.110682 0.00727393
  0.320251  0.0225531 0.00727393   0.395109
IMAGINARY
          0 -0.00968023 -0.00244483   -0.010494
 0.00968023           0   0.0148636  -0.0130831
 0.00244483  -0.0148636           0  0.00657464
   0.010494   0.0130831 -0.00657464           0
Repeater1[0]<--->HoM1[0]
REAL
  0.378653 -0.0149082 -0.0285948   0.348941
-0.0149082   0.104193  0.0356248 -0.0239344
-0.0285948  0.0356248   0.105464 -0.0129777
  0.348941 -0.0239344 -0.0129777    0.41169
IMAGINARY
           0   0.00395252   -0.0130654 -0.000564059
 -0.00395252            0  -0.00916357  1.05674e-05
   0.0130654   0.00916357            0    -0.005258
 0.000564059 -1.05674e-05     0.005258            0
EndNode1[0]<--->Repeater1[0]
REAL
   0.393421  -0.0153063 -0.00299356    0.327266
 -0.0153063    0.113158   0.0373174 0.000389392
-0.00299356   0.0373174    0.105263  0.00488959
   0.327266 0.000389392  0.00488959    0.388158
IMAGINARY
          0 -0.00941861  0.00741352 -0.00966753
 0.00941861           0 -0.00775182  0.00933906
-0.00741352  0.00775182           0  -0.0137773
 0.00966753 -0.00933906   0.0137773           0
EndNode2[0]<--->HoM1[0]
REAL
   0.403465    0.013856 0.000160745    0.321534
   0.013856    0.102723   0.0452177 -0.00650592
0.000160745   0.0452177     0.10396  0.00137243
   0.321534 -0.00650592  0.00137243    0.389851
IMAGINARY
          0  -0.0221249 -0.00694079  0.00416718
  0.0221249           0  0.00222669  0.00430921
 0.00694079 -0.00222669           0 -0.00155933
-0.00416718 -0.00430921  0.00155933           0
Repeater1[0]<--->EndNode1[0]
REAL
   0.393421 -0.00299356  -0.0153063    0.327266
-0.00299356    0.105263   0.0373174  0.00488959
 -0.0153063   0.0373174    0.113158 0.000389392
   0.327266  0.00488959 0.000389392    0.388158
IMAGINARY
          0  0.00741352 -0.00941861 -0.00966753
-0.00741352           0  0.00775182  -0.0137773
 0.00941861 -0.00775182           0  0.00933906
 0.00966753   0.0137773 -0.00933906           0
Repeater1[0]<--->HoM1[0]
REAL
   0.403465 0.000160745    0.013856    0.321534
0.000160745     0.10396   0.0452177  0.00137243
   0.013856   0.0452177    0.102723 -0.00650592
   0.321534  0.00137243 -0.00650592    0.389851
IMAGINARY
          0 -0.00694079  -0.0221249  0.00416718
 0.00694079           0 -0.00222669 -0.00155933
  0.0221249  0.00222669           0  0.00430921
-0.00416718  0.00155933 -0.00430921           0
EndNode1[0]<--->Repeater1[0]
REAL
   0.395319   0.0100042 -0.00484103    0.324213
  0.0100042    0.115735   0.0387828   0.0157245
-0.00484103   0.0387828    0.113134 -0.00808362
   0.324213   0.0157245 -0.00808362    0.375813
IMAGINARY
          0  -0.0229322  -0.0173761 -0.00279428
  0.0229322           0   0.0021685   0.0233364
  0.0173761  -0.0021685           0    0.019621
 0.00279428  -0.0233364   -0.019621           0
EndNode2[0]<--->HoM1[0]
REAL
    0.411692   -0.0206182   -0.0171951     0.340417
  -0.0206182     0.090796     0.043737 -0.000780945
  -0.0171951     0.043737     0.133085  -0.00667877
    0.340417 -0.000780945  -0.00667877     0.364428
