EndNode1[0]<--->Repeater1[0]
REAL
   0.289053  0.00337308  0.00901835   0.0197548
 0.00337308    0.263223 -0.00911655 0.000290166
 0.00901835 -0.00911655    0.214022  0.00859501
  0.0197548 0.000290166  0.00859501    0.233702
IMAGINARY
          0  0.00808905  -0.0141783  0.00404069
-0.00808905           0 -0.00752744   0.0076166
  0.0141783  0.00752744           0   0.0129083
-0.00404069  -0.0076166  -0.0129083           0
EndNode2[0]<--->HoM1[0]
REAL
   0.293827 -0.00389692   0.0189589   0.0362496
-0.00389692    0.235802  0.00979454  -0.0105283
  0.0189589  0.00979454    0.240741 -0.00842474
  0.0362496  -0.0105283 -0.00842474     0.22963
IMAGINARY
          0 -0.00757198 -0.00862795  -0.0275529
 0.00757198           0   0.0222479   0.0178872
 0.00862795  -0.0222479           0   0.0115402
  0.0275529  -0.0178872  -0.0115402           0
Repeater1[0]<--->EndNode1[0]
REAL
   0.289053  0.00901835  0.00337308   0.0197548
 0.00901835    0.214022 -0.00911655  0.00859501
 0.00337308 -0.00911655    0.263223 0.000290166
  0.0197548  0.00859501 0.000290166    0.233702
IMAGINARY
          0  -0.0141783  0.00808905  0.00404069
  0.0141783           0  0.00752744   0.0129083
-0.00808905 -0.00752744           0   0.0076166
-0.00404069  -0.0129083  -0.0076166           0
Repeater1[0]<--->HoM1[0]
REAL
   0.293827   0.0189589 -0.00389692   0.0362496
  0.0189589    0.240741  0.00979454 -0.00842474
-0.00389692  0.00979454    0.235802  -0.0105283
  0.0362496 -0.00842474  -0.0105283     0.22963
IMAGINARY
          0 -0.00862795 -0.00757198  -0.0275529
 0.00862795           0  -0.0222479   0.0115402
 0.00757198   0.0222479           0   0.0178872
  0.0275529  -0.0115402  -0.0178872           0
EndNode1[0]<--->Repeater1[0]
REAL
   0.258974 -0.00188918  -0.0111261   0.0224058
-0.00188918    0.283333  0.00800786  -0.0229371
 -0.0111261  0.00800786    0.228205  -0.0102763
  0.0224058  -0.0229371  -0.0102763    0.229487
IMAGINARY
           0   0.00424492   -0.0218544 -0.000882971
 -0.00424492            0    0.0176355    -0.012177
   0.0218544   -0.0176355            0    0.0180064
 0.000882971     0.012177   -0.0180064            0
EndNode2[0]<--->HoM1[0]
REAL
  0.262274 0.00256818  0.0391112  0.0260451
0.00256818   0.262274 0.00797284  -0.023065
 0.0391112 0.00797284   0.226098 -0.0109122
 0.0260451  -0.023065 -0.0109122   0.249354
IMAGINARY
           0  0.000562857   0.00904079   -0.0295871
-0.000562857            0   -0.0185981    -0.001678
 -0.00904079    0.0185981            0   0.00813862
   0.0295871     0.001678  -0.00813862            0
Repeater1[0]<--->EndNode1[0]
REAL
   0.258974  -0.0111261 -0.00188918   0.0224058
 -0.0111261    0.228205  0.00800786  -0.0102763
-0.00188918  0.00800786    0.283333  -0.0229371
  0.0224058  -0.0102763  -0.0229371    0.229487
IMAGINARY
           0   -0.0218544   0.00424492 -0.000882971
   0.0218544            0   -0.0176355    0.0180064
 -0.00424492    0.0176355            0    -0.012177
 0.000882971   -0.0180064     0.012177            0
Repeater1[0]<--->HoM1[0]
REAL
  0.262274  0.0391112 0.00256818  0.0260451
 0.0391112   0.226098 0.00797284 -0.0109122
0.00256818 0.00797284   0.262274  -0.023065
 0.0260451 -0.0109122  -0.023065   0.249354
IMAGINARY
           0   0.00904079  0.000562857   -0.0295871
 -0.00904079            0    0.0185981   0.00813862
-0.000562857   -0.0185981            0    -0.001678
   0.0295871  -0.00813862     0.001678            0
EndNode1[0]<--->Repeater1[0]
REAL
   0.281211  -0.0170555   0.0207988     0.01692
 -0.0170555    0.245902   0.0354844 -0.00538573
  0.0207988   0.0354844    0.235813  0.00410852
    0.01692 -0.00538573  0.00410852    0.237074
IMAGINARY
          0  0.00280942  0.00288124  0.00278849
-0.00280942           0   0.0365816    0.009495
-0.00288124  -0.0365816           0  0.00090345
-0.00278849   -0.009495 -0.00090345           0
EndNode2[0]<--->HoM1[0]
REAL
   0.279793 -0.00661787  -0.0111339   0.0362369
-0.00661787    0.242228   0.0121925  0.00458938
 -0.0111339   0.0121925    0.243523   0.0118535
  0.0362369  0.00458938   0.0118535    0.234456
IMAGINARY
          0 -0.00395718 -0.00550016   0.0103238
 0.00395718           0 -0.00705585  -0.0173112
 0.00550016  0.00705585           0  -0.0102228
 -0.0103238   0.0173112   0.0102228           0
Repeater1[0]<--->EndNode1[0]
REAL
   0.281211   0.0207988  -0.0170555     0.01692
  0.0207988    0.235813   0.0354844  0.00410852
 -0.0170555   0.0354844    0.245902 -0.00538573
    0.01692  0.00410852 -0.00538573    0.237074
IMAGINARY
          0  0.00288124  0.00280942  0.00278849
-0.00288124           0  -0.0365816  0.00090345
-0.00280942   0.0365816           0    0.009495
-0.00278849 -0.00090345   -0.009495           0
Repeater1[0]<--->HoM1[0]
REAL
   0.279793  -0.0111339 -0.00661787   0.0362369
 -0.0111339    0.243523   0.0121925   0.0118535
-0.00661787   0.0121925    0.242228  0.00458938
  0.0362369   0.0118535  0.00458938    0.234456
IMAGINARY
          0 -0.00550016 -0.00395718   0.0103238
 0.00550016           0  0.00705585  -0.0102228
 0.00395718 -0.00705585           0  -0.0173112
 -0.0103238   0.0102228   0.0173112           0
EndNode1[0]<--->Repeater1[0]
REAL
    0.303112   0.00646665   -0.0156468    0.0362994
  0.00646665     0.266576    0.0312361 -0.000940898
  -0.0156468    0.0312361     0.217862    0.0160452
   0.0362994 -0.000940898    0.0160452     0.212449
IMAGINARY
          0  -0.0123352  0.00697166  -0.0119281
  0.0123352           0  -0.0264299 -0.00064255
-0.00697166   0.0264299           0   0.0148669
  0.0119281  0.00064255  -0.0148669           0
EndNode2[0]<--->HoM1[0]
REAL
  0.309042 -0.0107379 0.00690671  0.0347828
-0.0107379   0.230769 0.00984846 -0.0153155
0.00690671 0.00984846   0.241565 -0.0131949
 0.0347828 -0.0153155 -0.0131949   0.218623
IMAGINARY
          0   0.0246659   0.0126919  0.00531442
 -0.0246659           0  0.00795992 -0.00481786
 -0.0126919 -0.00795992           0  0.00420552
-0.00531442  0.00481786 -0.00420552           0
Repeater1[0]<--->EndNode1[0]
REAL
    0.303112   -0.0156468   0.00646665    0.0362994
  -0.0156468     0.217862    0.0312361    0.0160452
  0.00646665    0.0312361     0.266576 -0.000940898
   0.0362994    0.0160452 -0.000940898     0.212449
IMAGINARY
          0  0.00697166  -0.0123352  -0.0119281
-0.00697166           0   0.0264299   0.0148669
  0.0123352  -0.0264299           0 -0.00064255
  0.0119281  -0.0148669  0.00064255           0
Repeater1[0]<--->HoM1[0]
REAL
  0.309042 0.00690671 -0.0107379  0.0347828
0.00690671   0.241565 0.00984846 -0.0131949
-0.0107379 0.00984846   0.230769 -0.0153155
 0.0347828 -0.0131949 -0.0153155   0.218623
IMAGINARY
          0   0.0126919   0.0246659  0.00531442
 -0.0126919           0 -0.00795992  0.00420552
 -0.0246659  0.00795992           0 -0.00481786
-0.00531442 -0.00420552  0.00481786           0
EndNode1[0]<--->Repeater1[0]
REAL
   0.306343  0.00481386 -0.00482381     0.04008
 0.00481386    0.276653   0.0447529 -0.00417362
-0.00482381   0.0447529    0.197031 -0.00481386
    0.04008 -0.00417362 -0.00481386    0.219973
IMAGINARY
           0  -0.00599452   -0.0124692   0.00300785
  0.00599452            0  -0.00432711 -0.000214338
   0.0124692   0.00432711            0     0.029359
 -0.00300785  0.000214338    -0.029359            0
EndNode2[0]<--->HoM1[0]
REAL
  0.290365 -0.0154923  0.0136419  0.0420765
-0.0154923   0.214844  0.0427336 0.00281384
 0.0136419  0.0427336    0.24349 0.00663157
 0.0420765 0.00281384 0.00663157   0.251302
IMAGINARY
           0  -0.00475402   0.00550395   -0.0133595
  0.00475402            0   -0.0091273  -0.00747504
 -0.00550395    0.0091273            0  0.000154812
   0.0133595   0.00747504 -0.000154812            0
Repeater1[0]<--->EndNode1[0]
REAL
   0.306343 -0.00482381  0.00481386     0.04008
-0.00482381    0.197031   0.0447529 -0.00481386
 0.00481386   0.0447529    0.276653 -0.00417362
    0.04008 -0.00481386 -0.00417362    0.219973
IMAGINARY
           0   -0.0124692  -0.00599452   0.00300785
   0.0124692            0   0.00432711     0.029359
  0.00599452  -0.00432711            0 -0.000214338
 -0.00300785    -0.029359  0.000214338            0
Repeater1[0]<--->HoM1[0]
REAL
  0.290365  0.0136419 -0.0154923  0.0420765
 0.0136419    0.24349  0.0427336 0.00663157
-0.0154923  0.0427336   0.214844 0.00281384
 0.0420765 0.00663157 0.00281384   0.251302
IMAGINARY
           0   0.00550395  -0.00475402   -0.0133595
 -0.00550395            0    0.0091273  0.000154812
  0.00475402   -0.0091273            0  -0.00747504
   0.0133595 -0.000154812   0.00747504            0
EndNode1[0]<--->Repeater1[0]
REAL
    0.27551   0.0032494 -0.00125313   0.0139682
  0.0032494    0.258929   0.0261321  -0.0112782
-0.00125313   0.0261321    0.252551 -0.00450254
  0.0139682  -0.0112782 -0.00450254     0.21301
IMAGINARY
           0    0.0120726  -0.00595534 -0.000952896
  -0.0120726            0    0.0191006   0.00915636
  0.00595534   -0.0191006            0    0.0180171
 0.000952896  -0.00915636   -0.0180171            0
EndNode2[0]<--->HoM1[0]
REAL
   0.294643  0.00592477 -0.00587467   0.0583257
 0.00592477    0.221939  0.00319262  0.00587467
-0.00587467  0.00319262    0.253827 0.000619731
  0.0583257  0.00587467 0.000619731    0.229592
IMAGINARY
          0 -0.00760456   0.0398863   -0.014498
 0.00760456           0 -0.00943472   0.0101771
 -0.0398863  0.00943472           0  0.00443599
   0.014498  -0.0101771 -0.00443599           0
Repeater1[0]<--->EndNode1[0]
REAL
    0.27551 -0.00125313   0.0032494   0.0139682
-0.00125313    0.252551   0.0261321 -0.00450254
  0.0032494   0.0261321    0.258929  -0.0112782
  0.0139682 -0.00450254  -0.0112782     0.21301
IMAGINARY
           0  -0.00595534    0.0120726 -0.000952896
  0.00595534            0   -0.0191006    0.0180171
  -0.0120726    0.0191006            0   0.00915636
 0.000952896   -0.0180171  -0.00915636            0
Repeater1[0]<--->HoM1[0]
REAL
   0.294643 -0.00587467  0.00592477   0.0583257
-0.00587467    0.253827  0.00319262 0.000619731
 0.00592477  0.00319262    0.221939  0.00587467
  0.0583257 0.000619731  0.00587467    0.229592
IMAGINARY
          0   0.0398863 -0.00760456   -0.014498
 -0.0398863           0  0.00943472  0.00443599
 0.00760456 -0.00943472           0   0.0101771
   0.014498 -0.00443599  -0.0101771           0
EndNode1[0]<--->Repeater1[0]
REAL
   0.305063  0.00786264   0.0050819   0.0170255
 0.00786264    0.251899    0.023764 -0.00639769
  0.0050819    0.023764    0.221519   0.0237163
  0.0170255 -0.00639769   0.0237163    0.221519
IMAGINARY
           0  -0.00858547  -0.00751974  -0.00902723
  0.00858547            0   -0.0102804 -0.000566515
  0.00751974    0.0102804            0   0.00319463
  0.00902723  0.000566515  -0.00319463            0
EndNode2[0]<--->HoM1[0]
REAL
   0.307222   0.0312918   0.0084019   0.0271476
  0.0312918    0.231334 -0.00806365 -0.00458511
  0.0084019 -0.00806365    0.235006  -0.0147523
  0.0271476 -0.00458511  -0.0147523    0.226438
IMAGINARY
          0   0.0057643   0.0032112   -0.024708
 -0.0057643           0  0.00898473  -0.0358616
 -0.0032112 -0.00898473           0  0.00768001
   0.024708   0.0358616 -0.00768001           0
Repeater1[0]<--->EndNode1[0]
REAL
   0.305063   0.0050819  0.00786264   0.0170255
  0.0050819    0.221519    0.023764   0.0237163
 0.00786264    0.023764    0.251899 -0.00639769
  0.0170255   0.0237163 -0.00639769    0.221519
IMAGINARY
           0  -0.00751974  -0.00858547  -0.00902723
  0.00751974            0    0.0102804   0.00319463
  0.00858547   -0.0102804            0 -0.000566515
  0.00902723  -0.00319463  0.000566515            0
Repeater1[0]<--->HoM1[0]
REAL
   0.307222   0.0084019   0.0312918   0.0271476
  0.0084019    0.235006 -0.00806365  -0.0147523
  0.0312918 -0.00806365    0.231334 -0.00458511
  0.0271476  -0.0147523 -0.00458511    0.226438
IMAGINARY
          0   0.0032112   0.0057643   -0.024708
 -0.0032112           0 -0.00898473  0.00768001
 -0.0057643  0.00898473           0  -0.0358616
   0.024708 -0.00768001   0.0358616           0
EndNode1[0]<--->Repeater1[0]
REAL
   0.278954  -0.0137101 -0.00598172   0.0170221
 -0.0137101    0.246575   0.0279444 -0.00408539
-0.00598172   0.0279444    0.230386   0.0130389
  0.0170221 -0.00408539   0.0130389    0.244085
IMAGINARY
          0   -0.028418  -0.0109336  -0.0191434
   0.028418           0  0.00901681 -0.00362949
  0.0109336 -0.00901681           0  -0.0140577
  0.0191434  0.00362949   0.0140577           0
EndNode2[0]<--->HoM1[0]
REAL
   0.324818   0.0187911 -0.00379179   0.0316012
  0.0187911    0.220195    0.018975   0.0210773
-0.00379179    0.018975    0.243309 -0.00534681
  0.0316012   0.0210773 -0.00534681    0.211679
IMAGINARY
          0   0.0139583 -0.00144334   0.0047538
 -0.0139583           0 -0.00410696    0.012807
 0.00144334  0.00410696           0  -0.0101704
 -0.0047538   -0.012807   0.0101704           0
Repeater1[0]<--->EndNode1[0]
REAL
   0.278954 -0.00598172  -0.0137101   0.0170221
-0.00598172    0.230386   0.0279444   0.0130389
 -0.0137101   0.0279444    0.246575 -0.00408539
  0.0170221   0.0130389 -0.00408539    0.244085
IMAGINARY
          0  -0.0109336   -0.028418  -0.0191434
  0.0109336           0 -0.00901681  -0.0140577
   0.028418  0.00901681           0 -0.00362949
  0.0191434   0.0140577  0.00362949           0
Repeater1[0]<--->HoM1[0]
REAL
   0.324818 -0.00379179   0.0187911   0.0316012
-0.00379179    0.243309    0.018975 -0.00534681
  0.0187911    0.018975    0.220195   0.0210773
  0.0316012 -0.00534681   0.0210773    0.211679
IMAGINARY
          0 -0.00144334   0.0139583   0.0047538
 0.00144334           0  0.00410696  -0.0101704
 -0.0139583 -0.00410696           0    0.012807
 -0.0047538   0.0101704   -0.012807           0
EndNode1[0]<--->Repeater1[0]
REAL
  0.282723 -0.0154373 0.00592824  0.0170533
-0.0154373    0.27356  0.0282818 -0.0105275
0.00592824  0.0282818   0.235602 0.00558183
 0.0170533 -0.0105275 0.00558183   0.208115
IMAGINARY
          0   0.0116506   0.0257489  0.00569676
 -0.0116506           0   0.0099495  0.00265273
 -0.0257489  -0.0099495           0  -0.0202371
-0.00569676 -0.00265273   0.0202371           0
EndNode2[0]<--->HoM1[0]
REAL
   0.306864  0.00219573 -0.00537634    0.024235
 0.00219573    0.254374   0.0402812 -0.00537634
-0.00537634   0.0402812    0.235532 -0.00219573
   0.024235 -0.00537634 -0.00219573     0.20323
IMAGINARY
          0  -0.0118619 -0.00711499  0.00322093
  0.0118619           0  0.00757958   0.0141753
 0.00711499 -0.00757958           0 -0.00803539
-0.00322093  -0.0141753  0.00803539           0
Repeater1[0]<--->EndNode1[0]
REAL
  0.282723 0.00592824 -0.0154373  0.0170533
0.00592824   0.235602  0.0282818 0.00558183
-0.0154373  0.0282818    0.27356 -0.0105275
 0.0170533 0.00558183 -0.0105275   0.208115
IMAGINARY
          0   0.0257489   0.0116506  0.00569676
 -0.0257489           0  -0.0099495  -0.0202371
 -0.0116506   0.0099495           0  0.00265273
-0.00569676   0.0202371 -0.00265273           0
Repeater1[0]<--->HoM1[0]
REAL
   0.306864 -0.00537634  0.00219573    0.024235
-0.00537634    0.235532   0.0402812 -0.00219573
 0.00219573   0.0402812    0.254374 -0.00537634
   0.024235 -0.00219573 -0.00537634     0.20323
IMAGINARY
          0 -0.00711499  -0.0118619  0.00322093
 0.00711499           0 -0.00757958 -0.00803539
  0.0118619  0.00757958           0   0.0141753
-0.00322093  0.00803539  -0.0141753           0
EndNode1[0]<--->Repeater1[0]
REAL
    0.309769    0.0185294 -4.08335e-05    0.0196445
   0.0185294     0.268638    0.0183914   -0.0213976
-4.08335e-05    0.0183914     0.228792   0.00705842
   0.0196445   -0.0213976   0.00705842     0.192802
IMAGINARY
          0  -0.0343389  -0.0109897  -0.0107198
  0.0343389           0  0.00226724  0.00221781
  0.0109897 -0.00226724           0  0.00301054
  0.0107198 -0.00221781 -0.00301054           0
EndNode2[0]<--->HoM1[0]
REAL
   0.278894 -0.00505597  -0.0144012   0.0430144
-0.00505597    0.252513   0.0163725  -0.0168887
 -0.0144012   0.0163725     0.23995 -0.00963113
  0.0430144  -0.0168887 -0.00963113    0.228643
IMAGINARY
          0 -0.00632469   0.0143342  0.00505333
 0.00632469           0   0.0110342  0.00487276
 -0.0143342  -0.0110342           0 -0.00296899
-0.00505333 -0.00487276  0.00296899           0
Repeater1[0]<--->EndNode1[0]
REAL
    0.309769 -4.08335e-05    0.0185294    0.0196445
-4.08335e-05     0.228792    0.0183914   0.00705842
   0.0185294    0.0183914     0.268638   -0.0213976
   0.0196445   0.00705842   -0.0213976     0.192802
IMAGINARY
          0  -0.0109897  -0.0343389  -0.0107198
  0.0109897           0 -0.00226724  0.00301054
  0.0343389  0.00226724           0  0.00221781
  0.0107198 -0.00301054 -0.00221781           0
Repeater1[0]<--->HoM1[0]
REAL
   0.278894  -0.0144012 -0.00505597   0.0430144
 -0.0144012     0.23995   0.0163725 -0.00963113
-0.00505597   0.0163725    0.252513  -0.0168887
  0.0430144 -0.00963113  -0.0168887    0.228643
IMAGINARY
          0   0.0143342 -0.00632469  0.00505333
 -0.0143342           0  -0.0110342 -0.00296899
 0.00632469   0.0110342           0  0.00487276
-0.00505333  0.00296899 -0.00487276           0
EndNode1[0]<--->Repeater1[0]
REAL
  0.310078  0.0230125 -0.0198173  0.0184003
 0.0230125    0.28553  0.0445817 0.00567847
-0.0198173  0.0445817   0.197674  0.0142625
 0.0184003 0.00567847  0.0142625   0.206718
IMAGINARY
          0  -0.0189588 -0.00864486   0.0298645
  0.0189588           0   0.0226355  0.00928343
 0.00864486  -0.0226355           0  0.00810309
 -0.0298645 -0.00928343 -0.00810309           0
EndNode2[0]<--->HoM1[0]
REAL
   0.287532  0.00253646   0.0028493   0.0066682
 0.00253646    0.227735   0.0339409 -0.00665641
  0.0028493   0.0339409    0.256997  0.00380872
  0.0066682 -0.00665641  0.00380872    0.227735
IMAGINARY
           0   0.00161212  -0.00324675   0.00220963
 -0.00161212            0  -0.00475416  -0.00324675
  0.00324675   0.00475416            0 -0.000313422
 -0.00220963   0.00324675  0.000313422            0
Repeater1[0]<--->EndNode1[0]
REAL
  0.310078 -0.0198173  0.0230125  0.0184003
-0.0198173   0.197674  0.0445817  0.0142625
 0.0230125  0.0445817    0.28553 0.00567847
 0.0184003  0.0142625 0.00567847   0.206718
IMAGINARY
          0 -0.00864486  -0.0189588   0.0298645
 0.00864486           0  -0.0226355  0.00810309
  0.0189588   0.0226355           0  0.00928343
 -0.0298645 -0.00810309 -0.00928343           0
Repeater1[0]<--->HoM1[0]
REAL
   0.287532   0.0028493  0.00253646   0.0066682
  0.0028493    0.256997   0.0339409  0.00380872
 0.00253646   0.0339409    0.227735 -0.00665641
  0.0066682  0.00380872 -0.00665641    0.227735
IMAGINARY
           0  -0.00324675   0.00161212   0.00220963
  0.00324675            0   0.00475416 -0.000313422
 -0.00161212  -0.00475416            0  -0.00324675
 -0.00220963  0.000313422   0.00324675            0
EndNode1[0]<--->Repeater1[0]
REAL
   0.270235  0.00210055 -0.00640922    0.038352
 0.00210055    0.266319    0.034352  0.00768473
-0.00640922    0.034352    0.232376   0.0208586
   0.038352  0.00768473   0.0208586     0.23107
IMAGINARY
          0  -0.0230688  0.00313283   0.0168109
  0.0230688           0  0.00476271 -0.00313283
-0.00313283 -0.00476271           0  0.00173542
 -0.0168109  0.00313283 -0.00173542           0
EndNode2[0]<--->HoM1[0]
REAL
   0.305774 -0.00884851   0.0207185   0.0244732
-0.00884851    0.229659   0.0257719   0.0148207
  0.0207185   0.0257719    0.265092  -0.0107593
  0.0244732   0.0148207  -0.0107593    0.199475
IMAGINARY
          0   0.0115298  -0.0147147  -0.0141145
 -0.0115298           0  0.00353252  0.00951994
  0.0147147 -0.00353252           0  -0.0141272
  0.0141145 -0.00951994   0.0141272           0
Repeater1[0]<--->EndNode1[0]
REAL
   0.270235 -0.00640922  0.00210055    0.038352
-0.00640922    0.232376    0.034352   0.0208586
 0.00210055    0.034352    0.266319  0.00768473
   0.038352   0.0208586  0.00768473     0.23107
IMAGINARY
          0  0.00313283  -0.0230688   0.0168109
-0.00313283           0 -0.00476271  0.00173542
  0.0230688  0.00476271           0 -0.00313283
 -0.0168109 -0.00173542  0.00313283           0
Repeater1[0]<--->HoM1[0]
REAL
   0.305774   0.0207185 -0.00884851   0.0244732
  0.0207185    0.265092   0.0257719  -0.0107593
-0.00884851   0.0257719    0.229659   0.0148207
  0.0244732  -0.0107593   0.0148207    0.199475
IMAGINARY
          0  -0.0147147   0.0115298  -0.0141145
  0.0147147           0 -0.00353252  -0.0141272
 -0.0115298  0.00353252           0  0.00951994
  0.0141145   0.0141272 -0.00951994           0
EndNode1[0]<--->Repeater1[0]
REAL
    0.27381  -0.0195298 -0.00164368   0.0261503
 -0.0195298    0.304233   0.0046379 -0.00697701
-0.00164368   0.0046379    0.205026 -0.00510072
  0.0261503 -0.00697701 -0.00510072    0.216931
IMAGINARY
           0   -0.0219426  -0.00989583 -0.000769713
   0.0219426            0    0.0116811    0.0053326
  0.00989583   -0.0116811            0   -0.0295568
 0.000769713   -0.0053326    0.0295568            0
EndNode2[0]<--->HoM1[0]
REAL
  0.291444 0.00293991 -0.0134633  0.0395563
0.00293991   0.208556  0.0121678 0.00683195
-0.0134633  0.0121678       0.25 0.00899643
 0.0395563 0.00683195 0.00899643       0.25
IMAGINARY
           0  0.000457906   -0.0248607    0.0117135
-0.000457906            0    0.0117135   0.00638933
   0.0248607   -0.0117135            0   -0.0163815
  -0.0117135  -0.00638933    0.0163815            0
Repeater1[0]<--->EndNode1[0]
REAL
    0.27381 -0.00164368  -0.0195298   0.0261503
-0.00164368    0.205026   0.0046379 -0.00510072
 -0.0195298   0.0046379    0.304233 -0.00697701
  0.0261503 -0.00510072 -0.00697701    0.216931
IMAGINARY
           0  -0.00989583   -0.0219426 -0.000769713
  0.00989583            0   -0.0116811   -0.0295568
   0.0219426    0.0116811            0    0.0053326
 0.000769713    0.0295568   -0.0053326            0
Repeater1[0]<--->HoM1[0]
REAL
  0.291444 -0.0134633 0.00293991  0.0395563
-0.0134633       0.25  0.0121678 0.00899643
0.00293991  0.0121678   0.208556 0.00683195
 0.0395563 0.00899643 0.00683195       0.25
IMAGINARY
           0   -0.0248607  0.000457906    0.0117135
   0.0248607            0   -0.0117135   -0.0163815
-0.000457906    0.0117135            0   0.00638933
  -0.0117135    0.0163815  -0.00638933            0
EndNode1[0]<--->Repeater1[0]
REAL
   0.305374 -0.00549889  0.00957417    0.022781
-0.00549889    0.256881 0.000200361 -0.00522634
 0.00957417 0.000200361    0.224115   0.0148157
   0.022781 -0.00522634   0.0148157     0.21363
IMAGINARY
          0  -0.0242063 -0.00206207  -0.0136583
  0.0242063           0   -0.016152   0.0181911
 0.00206207    0.016152           0   0.0158192
  0.0136583  -0.0181911  -0.0158192           0
EndNode2[0]<--->HoM1[0]
REAL
   0.273183 -0.00397201 -0.00923567   0.0135116
-0.00397201    0.250627   0.0102351  0.00923567
-0.00923567   0.0102351     0.25188  -0.0026243
  0.0135116  0.00923567  -0.0026243    0.224311
IMAGINARY
          0  -0.0137747  0.00956454   0.0108376
  0.0137747           0 -0.00320396 -0.00104554
-0.00956454  0.00320396           0  -0.0144036
 -0.0108376  0.00104554   0.0144036           0
Repeater1[0]<--->EndNode1[0]
REAL
   0.305374  0.00957417 -0.00549889    0.022781
 0.00957417    0.224115 0.000200361   0.0148157
-0.00549889 0.000200361    0.256881 -0.00522634
   0.022781   0.0148157 -0.00522634     0.21363
IMAGINARY
          0 -0.00206207  -0.0242063  -0.0136583
 0.00206207           0    0.016152   0.0158192
  0.0242063   -0.016152           0   0.0181911
  0.0136583  -0.0158192  -0.0181911           0
Repeater1[0]<--->HoM1[0]
REAL
   0.273183 -0.00923567 -0.00397201   0.0135116
-0.00923567     0.25188   0.0102351  -0.0026243
-0.00397201   0.0102351    0.250627  0.00923567
  0.0135116  -0.0026243  0.00923567    0.224311
IMAGINARY
          0  0.00956454  -0.0137747   0.0108376
-0.00956454           0  0.00320396  -0.0144036
  0.0137747 -0.00320396           0 -0.00104554
 -0.0108376   0.0144036  0.00104554           0
EndNode1[0]<--->Repeater1[0]
REAL
  0.277108 0.00164541  0.0111628  0.0431913
0.00164541   0.302544 0.00798006 -0.0179446
 0.0111628 0.00798006   0.215529 -0.0232237
 0.0431913 -0.0179446 -0.0232237   0.204819
IMAGINARY
          0  -0.0265511   0.0240428   -0.015135
  0.0265511           0  -0.0145092 -0.00643713
 -0.0240428   0.0145092           0  0.00659806
   0.015135  0.00643713 -0.00659806           0
EndNode2[0]<--->HoM1[0]
REAL
    0.267532   0.00233174  -0.00643176    0.0351814
  0.00233174     0.263636    0.0256029    0.0240788
 -0.00643176    0.0256029     0.235065 -0.000370959
   0.0351814    0.0240788 -0.000370959     0.233766
IMAGINARY
          0 -0.00344151   0.0100237   0.0185246
 0.00344151           0  0.00943374   0.0212663
 -0.0100237 -0.00943374           0   0.0104658
 -0.0185246  -0.0212663  -0.0104658           0
Repeater1[0]<--->EndNode1[0]
REAL
  0.277108  0.0111628 0.00164541  0.0431913
 0.0111628   0.215529 0.00798006 -0.0232237
0.00164541 0.00798006   0.302544 -0.0179446
 0.0431913 -0.0232237 -0.0179446   0.204819
IMAGINARY
          0   0.0240428  -0.0265511   -0.015135
 -0.0240428           0   0.0145092  0.00659806
  0.0265511  -0.0145092           0 -0.00643713
   0.015135 -0.00659806  0.00643713           0
Repeater1[0]<--->HoM1[0]
REAL
    0.267532  -0.00643176   0.00233174    0.0351814
 -0.00643176     0.235065    0.0256029 -0.000370959
  0.00233174    0.0256029     0.263636    0.0240788
   0.0351814 -0.000370959    0.0240788     0.233766
IMAGINARY
          0   0.0100237 -0.00344151   0.0185246
 -0.0100237           0 -0.00943374   0.0104658
 0.00344151  0.00943374           0   0.0212663
 -0.0185246  -0.0104658  -0.0212663           0
EndNode1[0]<--->Repeater1[0]
REAL
   0.302326   0.0062903   0.0259204   0.0338237
  0.0062903    0.239018   0.0091089 -0.00544488
  0.0259204   0.0091089    0.224806 -0.00959281
  0.0338237 -0.00544488 -0.00959281     0.23385
IMAGINARY
          0  0.00961505   0.0014693  0.00495809
-0.00961505           0  0.00932763  0.00550155
 -0.0014693 -0.00932763           0  0.00242551
-0.00495809 -0.00550155 -0.00242551           0
EndNode2[0]<--->HoM1[0]
REAL
  0.267905  0.0122879 -0.0205725  0.0249911
 0.0122879   0.254642  0.0134704   0.018681
-0.0205725  0.0134704   0.237401  0.0236516
 0.0249911   0.018681  0.0236516   0.240053
IMAGINARY
           0  -0.00510074  0.000535384   0.00801664
  0.00510074            0   -0.0107414    0.0225061
-0.000535384    0.0107414            0     -0.00642
 -0.00801664   -0.0225061      0.00642            0
Repeater1[0]<--->EndNode1[0]
REAL
   0.302326   0.0259204   0.0062903   0.0338237
  0.0259204    0.224806   0.0091089 -0.00959281
  0.0062903   0.0091089    0.239018 -0.00544488
  0.0338237 -0.00959281 -0.00544488     0.23385
IMAGINARY
          0   0.0014693  0.00961505  0.00495809
 -0.0014693           0 -0.00932763  0.00242551
-0.00961505  0.00932763           0  0.00550155
-0.00495809 -0.00242551 -0.00550155           0
Repeater1[0]<--->HoM1[0]
REAL
  0.267905 -0.0205725  0.0122879  0.0249911
-0.0205725   0.237401  0.0134704  0.0236516
 0.0122879  0.0134704   0.254642   0.018681
 0.0249911  0.0236516   0.018681   0.240053
IMAGINARY
           0  0.000535384  -0.00510074   0.00801664
-0.000535384            0    0.0107414     -0.00642
  0.00510074   -0.0107414            0    0.0225061
 -0.00801664      0.00642   -0.0225061            0
EndNode1[0]<--->Repeater1[0]
REAL
   0.298527  0.00409293 -0.00507782    0.014763
 0.00409293    0.232932   0.0359985    0.010154
-0.00507782   0.0359985    0.226238  0.00859743
   0.014763    0.010154  0.00859743    0.242303
IMAGINARY
          0  0.00483448  0.00902977  0.00421724
-0.00483448           0  -0.0302655 -0.00709927
-0.00902977   0.0302655           0  0.00739203
-0.00421724  0.00709927 -0.00739203           0
EndNode2[0]<--->HoM1[0]
REAL
   0.289125 -0.00430193  0.00189133   0.0290614
-0.00430193    0.217507   0.0162737  -0.0209452
 0.00189133   0.0162737    0.258621  -0.0121238
  0.0290614  -0.0209452  -0.0121238    0.234748
IMAGINARY
          0   0.0150631  -0.0149771  -0.0038117
 -0.0150631           0  0.00627475  -0.0182709
  0.0149771 -0.00627475           0  0.00667602
  0.0038117   0.0182709 -0.00667602           0
Repeater1[0]<--->EndNode1[0]
REAL
   0.298527 -0.00507782  0.00409293    0.014763
-0.00507782    0.226238   0.0359985  0.00859743
 0.00409293   0.0359985    0.232932    0.010154
   0.014763  0.00859743    0.010154    0.242303
IMAGINARY
          0  0.00902977  0.00483448  0.00421724
-0.00902977           0   0.0302655  0.00739203
-0.00483448  -0.0302655           0 -0.00709927
-0.00421724 -0.00739203  0.00709927           0
Repeater1[0]<--->HoM1[0]
REAL
   0.289125  0.00189133 -0.00430193   0.0290614
 0.00189133    0.258621   0.0162737  -0.0121238
-0.00430193   0.0162737    0.217507  -0.0209452
  0.0290614  -0.0121238  -0.0209452    0.234748
IMAGINARY
          0  -0.0149771   0.0150631  -0.0038117
  0.0149771           0 -0.00627475  0.00667602
 -0.0150631  0.00627475           0  -0.0182709
  0.0038117 -0.00667602   0.0182709           0
EndNode1[0]<--->Repeater1[0]
REAL
   0.294723 -0.00484769  0.00923334   0.0272595
-0.00484769    0.250965  0.00310489  0.00358717
 0.00923334  0.00310489    0.213642  0.00417293
  0.0272595  0.00358717  0.00417293    0.240669
IMAGINARY
          0 -0.00584489 -0.00121948   0.0166807
 0.00584489           0 -0.00460958 -0.00965009
 0.00121948  0.00460958           0 -0.00985559
 -0.0166807  0.00965009  0.00985559           0
EndNode2[0]<--->HoM1[0]
REAL
   0.279129   0.0126201  -0.0248458   0.0328571
  0.0126201    0.253521     0.01045 -0.00796264
 -0.0248458     0.01045    0.235595 -0.00868313
  0.0328571 -0.00796264 -0.00868313    0.231754
IMAGINARY
           0  0.000937559   0.00257629    0.0137723
-0.000937559            0    0.0112598   0.00190515
 -0.00257629   -0.0112598            0  -0.00413858
  -0.0137723  -0.00190515   0.00413858            0
Repeater1[0]<--->EndNode1[0]
REAL
   0.294723  0.00923334 -0.00484769   0.0272595
 0.00923334    0.213642  0.00310489  0.00417293
-0.00484769  0.00310489    0.250965  0.00358717
  0.0272595  0.00417293  0.00358717    0.240669
IMAGINARY
          0 -0.00121948 -0.00584489   0.0166807
 0.00121948           0  0.00460958 -0.00985559
 0.00584489 -0.00460958           0 -0.00965009
 -0.0166807  0.00985559  0.00965009           0
Repeater1[0]<--->HoM1[0]
REAL
   0.279129  -0.0248458   0.0126201   0.0328571
 -0.0248458    0.235595     0.01045 -0.00868313
  0.0126201     0.01045    0.253521 -0.00796264
  0.0328571 -0.00868313 -0.00796264    0.231754
IMAGINARY
           0   0.00257629  0.000937559    0.0137723
 -0.00257629            0   -0.0112598  -0.00413858
-0.000937559    0.0112598            0   0.00190515
  -0.0137723   0.00413858  -0.00190515            0
EndNode1[0]<--->Repeater1[0]
REAL
    0.297189 -0.000591398    0.0180388    0.0402604
-0.000591398      0.26506   0.00812671  -0.00190974
   0.0180388   0.00812671     0.226238   -0.0128495
   0.0402604  -0.00190974   -0.0128495     0.211513
IMAGINARY
           0    0.0141029  -0.00841516  -0.00600959
  -0.0141029            0  -0.00289626 -0.000582266
  0.00841516   0.00289626            0    0.0128893
  0.00600959  0.000582266   -0.0128893            0
EndNode2[0]<--->HoM1[0]
REAL
   0.280313  0.00418526  0.00956758   0.0476628
 0.00418526    0.230769   0.0219413   0.0102281
 0.00956758   0.0219413    0.247718 -0.00354669
  0.0476628   0.0102281 -0.00354669    0.241199
IMAGINARY
          0  0.00629775 -0.00607247 -0.00793658
-0.00629775           0 -0.00363154 -0.00208311
 0.00607247  0.00363154           0  0.00436725
 0.00793658  0.00208311 -0.00436725           0
Repeater1[0]<--->EndNode1[0]
REAL
    0.297189    0.0180388 -0.000591398    0.0402604
   0.0180388     0.226238   0.00812671   -0.0128495
-0.000591398   0.00812671      0.26506  -0.00190974
   0.0402604   -0.0128495  -0.00190974     0.211513
IMAGINARY
           0  -0.00841516    0.0141029  -0.00600959
  0.00841516            0   0.00289626    0.0128893
  -0.0141029  -0.00289626            0 -0.000582266
  0.00600959   -0.0128893  0.000582266            0
Repeater1[0]<--->HoM1[0]
REAL
   0.280313  0.00956758  0.00418526   0.0476628
 0.00956758    0.247718   0.0219413 -0.00354669
 0.00418526   0.0219413    0.230769   0.0102281
  0.0476628 -0.00354669   0.0102281    0.241199
IMAGINARY
          0 -0.00607247  0.00629775 -0.00793658
 0.00607247           0  0.00363154  0.00436725
-0.00629775 -0.00363154           0 -0.00208311
 0.00793658 -0.00436725  0.00208311           0
EndNode1[0]<--->Repeater1[0]
REAL
   0.296855  0.00158314 -0.00394968   0.0533462
 0.00158314    0.261635   0.0202774  0.00971152
-0.00394968   0.0202774    0.198742  0.00545911
  0.0533462  0.00971152  0.00545911    0.242767
IMAGINARY
          0 -0.00174722   0.0145129 -0.00100581
 0.00174722           0 -0.00679731  -0.0118674
 -0.0145129  0.00679731           0  0.00571547
 0.00100581   0.0118674 -0.00571547           0
EndNode2[0]<--->HoM1[0]
REAL
   0.285369 -0.00913411  -0.0013796   0.0337815
-0.00913411    0.221282   0.0256054   0.0147896
 -0.0013796   0.0256054     0.23821   0.0212669
  0.0337815   0.0147896   0.0212669    0.255139
IMAGINARY
           0 -0.000505376  -0.00540731    0.0195348
 0.000505376            0   -0.0084851  -0.00276879
  0.00540731    0.0084851            0    0.0124551
  -0.0195348   0.00276879   -0.0124551            0
Repeater1[0]<--->EndNode1[0]
REAL
   0.296855 -0.00394968  0.00158314   0.0533462
-0.00394968    0.198742   0.0202774  0.00545911
 0.00158314   0.0202774    0.261635  0.00971152
  0.0533462  0.00545911  0.00971152    0.242767
IMAGINARY
          0   0.0145129 -0.00174722 -0.00100581
 -0.0145129           0  0.00679731  0.00571547
 0.00174722 -0.00679731           0  -0.0118674
 0.00100581 -0.00571547   0.0118674           0
Repeater1[0]<--->HoM1[0]
REAL
   0.285369  -0.0013796 -0.00913411   0.0337815
 -0.0013796     0.23821   0.0256054   0.0212669
-0.00913411   0.0256054    0.221282   0.0147896
  0.0337815   0.0212669   0.0147896    0.255139
IMAGINARY
           0  -0.00540731 -0.000505376    0.0195348
  0.00540731            0    0.0084851    0.0124551
 0.000505376   -0.0084851            0  -0.00276879
  -0.0195348   -0.0124551   0.00276879            0
EndNode1[0]<--->Repeater1[0]
REAL
   0.291508  -0.0154078   0.0156064    0.029809
 -0.0154078    0.275032   0.0265915  0.00150385
  0.0156064   0.0265915      0.2218 -0.00296994
   0.029809  0.00150385 -0.00296994     0.21166
IMAGINARY
           0  -0.00844121  -0.00801042  6.46531e-05
  0.00844121            0   0.00197063   -0.0183731
  0.00801042  -0.00197063            0   0.00136271
-6.46531e-05    0.0183731  -0.00136271            0
EndNode2[0]<--->HoM1[0]
REAL
   0.286414 -0.00647528 -0.00519533   0.0343333
-0.00647528    0.253366   0.0111213  -0.0165438
-0.00519533   0.0111213    0.247246   0.0124041
  0.0343333  -0.0165438   0.0124041    0.212974
IMAGINARY
          0  0.00938839   -0.017855  0.00495411
-0.00938839           0   0.0121063   0.0109542
   0.017855  -0.0121063           0   0.0100595
-0.00495411  -0.0109542  -0.0100595           0
Repeater1[0]<--->EndNode1[0]
REAL
   0.291508   0.0156064  -0.0154078    0.029809
  0.0156064      0.2218   0.0265915 -0.00296994
 -0.0154078   0.0265915    0.275032  0.00150385
   0.029809 -0.00296994  0.00150385     0.21166
IMAGINARY
           0  -0.00801042  -0.00844121  6.46531e-05
  0.00801042            0  -0.00197063   0.00136271
  0.00844121   0.00197063            0   -0.0183731
-6.46531e-05  -0.00136271    0.0183731            0
Repeater1[0]<--->HoM1[0]
REAL
   0.286414 -0.00519533 -0.00647528   0.0343333
-0.00519533    0.247246   0.0111213   0.0124041
-0.00647528   0.0111213    0.253366  -0.0165438
  0.0343333   0.0124041  -0.0165438    0.212974
IMAGINARY
          0   -0.017855  0.00938839  0.00495411
   0.017855           0  -0.0121063   0.0100595
-0.00938839   0.0121063           0   0.0109542
-0.00495411  -0.0100595  -0.0109542           0
EndNode1[0]<--->Repeater1[0]
REAL
  0.269091  0.0201218 0.00536073  0.0420104
 0.0201218   0.292121  0.0113146  0.0203607
0.00536073  0.0113146   0.191515 -0.0169851
 0.0420104  0.0203607 -0.0169851   0.247273
IMAGINARY
          0 -0.00341424 -0.00732611   0.0126865
 0.00341424           0  -0.0220448   0.0189223
 0.00732611   0.0220448           0   0.0163747
 -0.0126865  -0.0189223  -0.0163747           0
EndNode2[0]<--->HoM1[0]
REAL
   0.277778  -0.0089658  -0.0048758   0.0308112
 -0.0089658    0.247475   0.0287422     0.01232
 -0.0048758   0.0287422    0.223485 -0.00468184
  0.0308112     0.01232 -0.00468184    0.251263
IMAGINARY
          0  -0.0229617 -0.00272747 -0.00870237
  0.0229617           0 -0.00803123 -0.00210012
 0.00272747  0.00803123           0  0.00709964
 0.00870237  0.00210012 -0.00709964           0
Repeater1[0]<--->EndNode1[0]
REAL
  0.269091 0.00536073  0.0201218  0.0420104
0.00536073   0.191515  0.0113146 -0.0169851
 0.0201218  0.0113146   0.292121  0.0203607
 0.0420104 -0.0169851  0.0203607   0.247273
IMAGINARY
          0 -0.00732611 -0.00341424   0.0126865
 0.00732611           0   0.0220448   0.0163747
 0.00341424  -0.0220448           0   0.0189223
 -0.0126865  -0.0163747  -0.0189223           0
Repeater1[0]<--->HoM1[0]
REAL
   0.277778  -0.0048758  -0.0089658   0.0308112
 -0.0048758    0.223485   0.0287422 -0.00468184
 -0.0089658   0.0287422    0.247475     0.01232
  0.0308112 -0.00468184     0.01232    0.251263
IMAGINARY
          0 -0.00272747  -0.0229617 -0.00870237
 0.00272747           0  0.00803123  0.00709964
  0.0229617 -0.00803123           0 -0.00210012
 0.00870237 -0.00709964  0.00210012           0
EndNode1[0]<--->Repeater1[0]
REAL
     0.30402   -0.0158901 -0.000355547    0.0538242
  -0.0158901     0.253769    0.0234009   0.00297335
-0.000355547    0.0234009     0.234925   0.00410995
   0.0538242   0.00297335   0.00410995     0.207286
IMAGINARY
          0  0.00290806   0.0104985  -0.0200836
-0.00290806           0  -0.0103512  -0.0210805
 -0.0104985   0.0103512           0  -0.0121673
  0.0200836   0.0210805   0.0121673           0
EndNode2[0]<--->HoM1[0]
REAL
   0.284404 0.000436252  -0.0132435    0.046948
0.000436252     0.23329   0.0514875  0.00476892
 -0.0132435   0.0514875    0.249017   0.0093421
   0.046948  0.00476892   0.0093421     0.23329
IMAGINARY
          0  0.00322413   0.0110815  -0.0018028
-0.00322413           0   0.0195426   0.0142104
 -0.0110815  -0.0195426           0 -0.00387264
  0.0018028  -0.0142104  0.00387264           0
Repeater1[0]<--->EndNode1[0]
REAL
     0.30402 -0.000355547   -0.0158901    0.0538242
-0.000355547     0.234925    0.0234009   0.00410995
  -0.0158901    0.0234009     0.253769   0.00297335
   0.0538242   0.00410995   0.00297335     0.207286
IMAGINARY
          0   0.0104985  0.00290806  -0.0200836
 -0.0104985           0   0.0103512  -0.0121673
-0.00290806  -0.0103512           0  -0.0210805
  0.0200836   0.0121673   0.0210805           0
Repeater1[0]<--->HoM1[0]
REAL
   0.284404  -0.0132435 0.000436252    0.046948
 -0.0132435    0.249017   0.0514875   0.0093421
0.000436252   0.0514875     0.23329  0.00476892
   0.046948   0.0093421  0.00476892     0.23329
IMAGINARY
          0   0.0110815  0.00322413  -0.0018028
 -0.0110815           0  -0.0195426 -0.00387264
-0.00322413   0.0195426           0   0.0142104
  0.0018028  0.00387264  -0.0142104           0
EndNode1[0]<--->Repeater1[0]
REAL
    0.280156 -0.000801217   -0.0111815     0.040391
-0.000801217     0.297017    0.0151646 -0.000951322
  -0.0111815    0.0151646      0.20882   -0.0189944
    0.040391 -0.000951322   -0.0189944     0.214008
IMAGINARY
          0   0.0210386 -0.00322668 -0.00915907
 -0.0210386           0   0.0148916 -0.00130113
 0.00322668  -0.0148916           0  -0.0100425
 0.00915907  0.00130113   0.0100425           0
EndNode2[0]<--->HoM1[0]
REAL
