EndNode1[0]<--->Repeater1[0]
REAL
       0.45   0.0216445   0.0194752    0.286478
  0.0216445   0.0526316  -0.0101118 -0.00232141
  0.0194752  -0.0101118   0.0421053 0.000591854
   0.286478 -0.00232141 0.000591854    0.455263
IMAGINARY
          0  -0.0213219 -0.00295871 -0.00778694
  0.0213219           0   0.0174395  -0.0171387
 0.00295871  -0.0174395           0  0.00122449
 0.00778694   0.0171387 -0.00122449           0
EndNode2[0]<--->HoM1[0]
REAL
   0.394937 -0.00623067  0.00134147     0.28033
-0.00623067   0.0417722   0.0160619  -0.0232487
 0.00134147   0.0160619   0.0632911  0.00751933
    0.28033  -0.0232487  0.00751933         0.5
IMAGINARY
           0   0.00937965    0.0128238  1.75439e-05
 -0.00937965            0  -0.00264912  0.000823821
  -0.0128238   0.00264912            0   -0.0106203
-1.75439e-05 -0.000823821    0.0106203            0
Repeater1[0]<--->EndNode1[0]
REAL
       0.45   0.0194752   0.0216445    0.286478
  0.0194752   0.0421053  -0.0101118 0.000591854
  0.0216445  -0.0101118   0.0526316 -0.00232141
   0.286478 0.000591854 -0.00232141    0.455263
IMAGINARY
          0 -0.00295871  -0.0213219 -0.00778694
 0.00295871           0  -0.0174395  0.00122449
  0.0213219   0.0174395           0  -0.0171387
 0.00778694 -0.00122449   0.0171387           0
Repeater1[0]<--->HoM1[0]
REAL
   0.394937  0.00134147 -0.00623067     0.28033
 0.00134147   0.0632911   0.0160619  0.00751933
-0.00623067   0.0160619   0.0417722  -0.0232487
    0.28033  0.00751933  -0.0232487         0.5
IMAGINARY
           0    0.0128238   0.00937965  1.75439e-05
  -0.0128238            0   0.00264912   -0.0106203
 -0.00937965  -0.00264912            0  0.000823821
-1.75439e-05    0.0106203 -0.000823821            0
EndNode1[0]<--->Repeater1[0]
REAL
   0.423177  -0.0116154     -0.0254    0.289765
 -0.0116154   0.0585938  -0.0174491 -0.00758833
    -0.0254  -0.0174491   0.0455729  0.00967492
   0.289765 -0.00758833  0.00967492    0.472656
IMAGINARY
          0  -0.0157043  0.00978745  -0.0140665
  0.0157043           0  -0.0140665    0.016332
-0.00978745   0.0140665           0 -0.00668372
  0.0140665   -0.016332  0.00668372           0
EndNode2[0]<--->HoM1[0]
REAL
   0.494975    0.018851 0.000766166    0.262831
   0.018851   0.0565327 -0.00187485  -0.0120543
0.000766166 -0.00187485   0.0427136 -0.00889089
   0.262831  -0.0120543 -0.00889089    0.405779
IMAGINARY
          0    0.014927  -0.0224445   0.0124601
  -0.014927           0  0.00532648  0.00651308
  0.0224445 -0.00532648           0   0.0181612
 -0.0124601 -0.00651308  -0.0181612           0
Repeater1[0]<--->EndNode1[0]
REAL
   0.423177     -0.0254  -0.0116154    0.289765
    -0.0254   0.0455729  -0.0174491  0.00967492
 -0.0116154  -0.0174491   0.0585938 -0.00758833
   0.289765  0.00967492 -0.00758833    0.472656
IMAGINARY
          0  0.00978745  -0.0157043  -0.0140665
-0.00978745           0   0.0140665 -0.00668372
  0.0157043  -0.0140665           0    0.016332
  0.0140665  0.00668372   -0.016332           0
Repeater1[0]<--->HoM1[0]
REAL
   0.494975 0.000766166    0.018851    0.262831
0.000766166   0.0427136 -0.00187485 -0.00889089
   0.018851 -0.00187485   0.0565327  -0.0120543
   0.262831 -0.00889089  -0.0120543    0.405779
IMAGINARY
          0  -0.0224445    0.014927   0.0124601
  0.0224445           0 -0.00532648   0.0181612
  -0.014927  0.00532648           0  0.00651308
 -0.0124601  -0.0181612 -0.00651308           0
EndNode1[0]<--->Repeater1[0]
REAL
   0.424161 -0.00701901  0.00927791    0.305339
-0.00701901   0.0456376   -0.015313   0.0209058
 0.00927791   -0.015313    0.052349    0.003082
   0.305339   0.0209058    0.003082    0.477852
IMAGINARY
          0  0.00394457  -0.0189247   0.0128702
-0.00394457           0  0.00432881 -0.00960792
  0.0189247 -0.00432881           0 -0.00530327
 -0.0128702  0.00960792  0.00530327           0
EndNode2[0]<--->HoM1[0]
REAL
   0.448492 -0.00453938 -0.00748771    0.283398
-0.00453938   0.0427136  -0.0187702   0.0167962
-0.00748771  -0.0187702   0.0540201  0.00985853
   0.283398   0.0167962  0.00985853    0.454774
IMAGINARY
          0  0.00718573  -0.0101447  -0.0312971
-0.00718573           0  0.00437401 -0.00882546
  0.0101447 -0.00437401           0 -0.00176568
  0.0312971  0.00882546  0.00176568           0
Repeater1[0]<--->EndNode1[0]
REAL
   0.424161  0.00927791 -0.00701901    0.305339
 0.00927791    0.052349   -0.015313    0.003082
-0.00701901   -0.015313   0.0456376   0.0209058
   0.305339    0.003082   0.0209058    0.477852
IMAGINARY
          0  -0.0189247  0.00394457   0.0128702
  0.0189247           0 -0.00432881 -0.00530327
-0.00394457  0.00432881           0 -0.00960792
 -0.0128702  0.00530327  0.00960792           0
Repeater1[0]<--->HoM1[0]
REAL
   0.448492 -0.00748771 -0.00453938    0.283398
-0.00748771   0.0540201  -0.0187702  0.00985853
-0.00453938  -0.0187702   0.0427136   0.0167962
   0.283398  0.00985853   0.0167962    0.454774
IMAGINARY
          0  -0.0101447  0.00718573  -0.0312971
  0.0101447           0 -0.00437401 -0.00176568
-0.00718573  0.00437401           0 -0.00882546
  0.0312971  0.00176568  0.00882546           0
EndNode1[0]<--->Repeater1[0]
REAL
   0.469677 -0.00263244   0.0154125    0.276438
-0.00263244    0.043871   0.0099946    0.013482
  0.0154125   0.0099946   0.0593548   0.0164515
   0.276438    0.013482   0.0164515    0.427097
IMAGINARY
          0   0.0117094 -0.00761064 -0.00986842
 -0.0117094           0  0.00986842  0.00828178
 0.00761064 -0.00986842           0  -0.0150651
 0.00986842 -0.00828178   0.0150651           0
EndNode2[0]<--->HoM1[0]
REAL
    0.45974 -0.00010347  0.00992745    0.290268
-0.00010347   0.0545455    0.018003  0.00260388
 0.00992745    0.018003    0.061039   0.0189005
   0.290268  0.00260388   0.0189005    0.424675
IMAGINARY
           0   0.00322011   0.00291515  0.000925456
 -0.00322011            0    0.0125534   0.00726297
 -0.00291515   -0.0125534            0  -0.00194785
-0.000925456  -0.00726297   0.00194785            0
Repeater1[0]<--->EndNode1[0]
REAL
   0.469677   0.0154125 -0.00263244    0.276438
  0.0154125   0.0593548   0.0099946   0.0164515
-0.00263244   0.0099946    0.043871    0.013482
   0.276438   0.0164515    0.013482    0.427097
IMAGINARY
          0 -0.00761064   0.0117094 -0.00986842
 0.00761064           0 -0.00986842  -0.0150651
 -0.0117094  0.00986842           0  0.00828178
 0.00986842   0.0150651 -0.00828178           0
Repeater1[0]<--->HoM1[0]
REAL
    0.45974  0.00992745 -0.00010347    0.290268
 0.00992745    0.061039    0.018003   0.0189005
-0.00010347    0.018003   0.0545455  0.00260388
   0.290268   0.0189005  0.00260388    0.424675
IMAGINARY
           0   0.00291515   0.00322011  0.000925456
 -0.00291515            0   -0.0125534  -0.00194785
 -0.00322011    0.0125534            0   0.00726297
-0.000925456   0.00194785  -0.00726297            0
EndNode1[0]<--->Repeater1[0]
REAL
   0.458913   0.0178995   0.0177245    0.286966
  0.0178995   0.0467762   0.0106992 -0.00799691
  0.0177245   0.0106992   0.0467762   0.0125804
   0.286966 -0.00799691   0.0125804    0.447535
IMAGINARY
          0 -0.00943985   0.0132895  -0.0362486
 0.00943985           0 -0.00873183   0.0108143
 -0.0132895  0.00873183           0  0.00634962
  0.0362486  -0.0108143 -0.00634962           0
EndNode2[0]<--->HoM1[0]
REAL
     0.43875 -0.000964049   0.00667682     0.284028
-0.000964049       0.0375   0.00240383    0.0184488
  0.00667682   0.00240383      0.04875   0.00598917
    0.284028    0.0184488   0.00598917        0.475
IMAGINARY
          0 -0.00819077   0.0234507 -0.00756002
 0.00819077           0   0.0127014 -0.00148002
 -0.0234507  -0.0127014           0 -0.00312748
 0.00756002  0.00148002  0.00312748           0
Repeater1[0]<--->EndNode1[0]
REAL
   0.458913   0.0177245   0.0178995    0.286966
  0.0177245   0.0467762   0.0106992   0.0125804
  0.0178995   0.0106992   0.0467762 -0.00799691
   0.286966   0.0125804 -0.00799691    0.447535
IMAGINARY
          0   0.0132895 -0.00943985  -0.0362486
 -0.0132895           0  0.00873183  0.00634962
 0.00943985 -0.00873183           0   0.0108143
  0.0362486 -0.00634962  -0.0108143           0
Repeater1[0]<--->HoM1[0]
REAL
     0.43875   0.00667682 -0.000964049     0.284028
  0.00667682      0.04875   0.00240383   0.00598917
-0.000964049   0.00240383       0.0375    0.0184488
    0.284028   0.00598917    0.0184488        0.475
IMAGINARY
          0   0.0234507 -0.00819077 -0.00756002
 -0.0234507           0  -0.0127014 -0.00312748
 0.00819077   0.0127014           0 -0.00148002
 0.00756002  0.00312748  0.00148002           0
EndNode1[0]<--->Repeater1[0]
REAL
   0.435995 -0.00243595  -0.0208728    0.280889
-0.00243595   0.0532319   0.0116579 -0.00583524
 -0.0208728   0.0116579   0.0646388  -0.0180609
   0.280889 -0.00583524  -0.0180609    0.446134
IMAGINARY
          0  -0.0175873  -0.0305881  -0.0112174
  0.0175873           0  -0.0132042  0.00448919
  0.0305881   0.0132042           0   0.0217081
  0.0112174 -0.00448919  -0.0217081           0
EndNode2[0]<--->HoM1[0]
REAL
   0.436486  -0.0108157 -0.00613692    0.294758
 -0.0108157   0.0486486   0.0152301 -0.00421631
-0.00613692   0.0152301        0.05 0.000462484
   0.294758 -0.00421631 0.000462484    0.464865
IMAGINARY
          0  -0.0163958   0.0087153 -0.00134658
  0.0163958           0    0.012756   0.0175314
 -0.0087153   -0.012756           0   0.0137711
 0.00134658  -0.0175314  -0.0137711           0
Repeater1[0]<--->EndNode1[0]
REAL
   0.435995  -0.0208728 -0.00243595    0.280889
 -0.0208728   0.0646388   0.0116579  -0.0180609
-0.00243595   0.0116579   0.0532319 -0.00583524
   0.280889  -0.0180609 -0.00583524    0.446134
IMAGINARY
          0  -0.0305881  -0.0175873  -0.0112174
  0.0305881           0   0.0132042   0.0217081
  0.0175873  -0.0132042           0  0.00448919
  0.0112174  -0.0217081 -0.00448919           0
Repeater1[0]<--->HoM1[0]
REAL
   0.436486 -0.00613692  -0.0108157    0.294758
-0.00613692        0.05   0.0152301 0.000462484
 -0.0108157   0.0152301   0.0486486 -0.00421631
   0.294758 0.000462484 -0.00421631    0.464865
IMAGINARY
          0   0.0087153  -0.0163958 -0.00134658
 -0.0087153           0   -0.012756   0.0137711
  0.0163958    0.012756           0   0.0175314
 0.00134658  -0.0137711  -0.0175314           0
EndNode1[0]<--->Repeater1[0]
REAL
   0.444994 0.000706575  -0.0163498    0.297779
0.000706575   0.0494438  -0.0047213  -0.0136902
 -0.0163498  -0.0047213   0.0469716  -0.0240711
   0.297779  -0.0136902  -0.0240711    0.458591
IMAGINARY
          0 -0.00505052   0.0136465   0.0137126
 0.00505052           0  -0.0164227  -0.0086465
 -0.0136465   0.0164227           0   0.0125505
 -0.0137126   0.0086465  -0.0125505           0
EndNode2[0]<--->HoM1[0]
REAL
    0.437028   0.00159157   0.00963109     0.296838
  0.00159157    0.0554156  -0.00290658   -0.0229054
  0.00963109  -0.00290658    0.0528967 -0.000959455
    0.296838   -0.0229054 -0.000959455      0.45466
IMAGINARY
          0  0.00140838  0.00484677  0.00780961
-0.00140838           0  0.00373352 -0.00102024
-0.00484677 -0.00373352           0  -0.0116125
-0.00780961  0.00102024   0.0116125           0
Repeater1[0]<--->EndNode1[0]
REAL
   0.444994  -0.0163498 0.000706575    0.297779
 -0.0163498   0.0469716  -0.0047213  -0.0240711
0.000706575  -0.0047213   0.0494438  -0.0136902
   0.297779  -0.0240711  -0.0136902    0.458591
IMAGINARY
          0   0.0136465 -0.00505052   0.0137126
 -0.0136465           0   0.0164227   0.0125505
 0.00505052  -0.0164227           0  -0.0086465
 -0.0137126  -0.0125505   0.0086465           0
Repeater1[0]<--->HoM1[0]
REAL
    0.437028   0.00963109   0.00159157     0.296838
  0.00963109    0.0528967  -0.00290658 -0.000959455
  0.00159157  -0.00290658    0.0554156   -0.0229054
    0.296838 -0.000959455   -0.0229054      0.45466
IMAGINARY
          0  0.00484677  0.00140838  0.00780961
-0.00484677           0 -0.00373352  -0.0116125
-0.00140838  0.00373352           0 -0.00102024
-0.00780961   0.0116125  0.00102024           0
EndNode1[0]<--->Repeater1[0]
REAL
  0.441799  0.0112073  0.0224536   0.292285
 0.0112073  0.0555556 -0.0103121  0.0244404
 0.0224536 -0.0103121  0.0410053  0.0125442
  0.292285  0.0244404  0.0125442    0.46164
IMAGINARY
          0 -0.00162887  -0.0092955  -0.0069327
 0.00162887           0 -0.00501699 -0.00369151
  0.0092955  0.00501699           0  0.00682367
  0.0069327  0.00369151 -0.00682367           0
EndNode2[0]<--->HoM1[0]
REAL
   0.435931  -0.0126944 -0.00894034     0.28122
 -0.0126944   0.0501982  -0.0265727  -0.0102666
-0.00894034  -0.0265727   0.0462351  -0.0139475
    0.28122  -0.0102666  -0.0139475    0.467635
IMAGINARY
          0  -0.0257141   0.0171554 -0.00751608
  0.0257141           0  -0.0248033  0.00102639
 -0.0171554   0.0248033           0   0.0075323
 0.00751608 -0.00102639  -0.0075323           0
Repeater1[0]<--->EndNode1[0]
REAL
  0.441799  0.0224536  0.0112073   0.292285
 0.0224536  0.0410053 -0.0103121  0.0125442
 0.0112073 -0.0103121  0.0555556  0.0244404
  0.292285  0.0125442  0.0244404    0.46164
IMAGINARY
          0  -0.0092955 -0.00162887  -0.0069327
  0.0092955           0  0.00501699  0.00682367
 0.00162887 -0.00501699           0 -0.00369151
  0.0069327 -0.00682367  0.00369151           0
Repeater1[0]<--->HoM1[0]
REAL
   0.435931 -0.00894034  -0.0126944     0.28122
-0.00894034   0.0462351  -0.0265727  -0.0139475
 -0.0126944  -0.0265727   0.0501982  -0.0102666
    0.28122  -0.0139475  -0.0102666    0.467635
IMAGINARY
          0   0.0171554  -0.0257141 -0.00751608
 -0.0171554           0   0.0248033   0.0075323
  0.0257141  -0.0248033           0  0.00102639
 0.00751608  -0.0075323 -0.00102639           0
EndNode1[0]<--->Repeater1[0]
REAL
    0.443742 -0.000419474    0.0107965      0.29134
-0.000419474    0.0505689   -0.0094519  -0.00696998
   0.0107965   -0.0094519      0.05689  -0.00468257
     0.29134  -0.00696998  -0.00468257     0.448799
IMAGINARY
           0    0.0105532    -0.024344    0.0077957
  -0.0105532            0    0.0110215 -0.000721958
    0.024344   -0.0110215            0   -0.0158303
  -0.0077957  0.000721958    0.0158303            0
EndNode2[0]<--->HoM1[0]
REAL
   0.410853  0.00678391   0.0177495    0.291161
 0.00678391   0.0452196 -0.00212028   0.0110176
  0.0177495 -0.00212028   0.0478036  0.00280513
   0.291161   0.0110176  0.00280513    0.496124
IMAGINARY
           0 -0.000166249  -0.00461776  -0.00426968
 0.000166249            0   -0.0130637    0.0188296
  0.00461776    0.0130637            0   -0.0062937
  0.00426968   -0.0188296    0.0062937            0
Repeater1[0]<--->EndNode1[0]
REAL
    0.443742    0.0107965 -0.000419474      0.29134
   0.0107965      0.05689   -0.0094519  -0.00468257
-0.000419474   -0.0094519    0.0505689  -0.00696998
     0.29134  -0.00468257  -0.00696998     0.448799
IMAGINARY
           0    -0.024344    0.0105532    0.0077957
    0.024344            0   -0.0110215   -0.0158303
  -0.0105532    0.0110215            0 -0.000721958
  -0.0077957    0.0158303  0.000721958            0
Repeater1[0]<--->HoM1[0]
REAL
   0.410853   0.0177495  0.00678391    0.291161
  0.0177495   0.0478036 -0.00212028  0.00280513
 0.00678391 -0.00212028   0.0452196   0.0110176
   0.291161  0.00280513   0.0110176    0.496124
IMAGINARY
           0  -0.00461776 -0.000166249  -0.00426968
  0.00461776            0    0.0130637   -0.0062937
 0.000166249   -0.0130637            0    0.0188296
  0.00426968    0.0062937   -0.0188296            0
EndNode1[0]<--->Repeater1[0]
REAL
   0.438936  -0.0050735 -0.00597981    0.290066
 -0.0050735   0.0665054 0.000171925 -0.00325502
-0.00597981 0.000171925   0.0568319  -0.0133962
   0.290066 -0.00325502  -0.0133962    0.437727
IMAGINARY
           0   0.00789255   0.00627493  0.000317501
 -0.00789255            0   0.00227317   -0.0288813
 -0.00627493  -0.00227317            0    0.0120543
-0.000317501    0.0288813   -0.0120543            0
EndNode2[0]<--->HoM1[0]
REAL
    0.447704    0.0203737  -0.00204835     0.306791
   0.0203737    0.0369898    0.0103837    0.0103586
 -0.00204835    0.0103837     0.067602 -0.000983101
    0.306791    0.0103586 -0.000983101     0.447704
IMAGINARY
          0  0.00254297  0.00618943 -0.00283313
-0.00254297           0 -0.00755648 -0.00798583
-0.00618943  0.00755648           0  0.00643907
 0.00283313  0.00798583 -0.00643907           0
Repeater1[0]<--->EndNode1[0]
REAL
   0.438936 -0.00597981  -0.0050735    0.290066
-0.00597981   0.0568319 0.000171925  -0.0133962
 -0.0050735 0.000171925   0.0665054 -0.00325502
   0.290066  -0.0133962 -0.00325502    0.437727
IMAGINARY
           0   0.00627493   0.00789255  0.000317501
 -0.00627493            0  -0.00227317    0.0120543
 -0.00789255   0.00227317            0   -0.0288813
-0.000317501   -0.0120543    0.0288813            0
Repeater1[0]<--->HoM1[0]
REAL
    0.447704  -0.00204835    0.0203737     0.306791
 -0.00204835     0.067602    0.0103837 -0.000983101
   0.0203737    0.0103837    0.0369898    0.0103586
    0.306791 -0.000983101    0.0103586     0.447704
IMAGINARY
          0  0.00618943  0.00254297 -0.00283313
-0.00618943           0  0.00755648  0.00643907
-0.00254297 -0.00755648           0 -0.00798583
 0.00283313 -0.00643907  0.00798583           0
EndNode1[0]<--->Repeater1[0]
REAL
   0.45936  0.0129941 0.00160946   0.292951
 0.0129941  0.0603448  0.0155875 0.00291836
0.00160946  0.0155875  0.0480296   0.001883
  0.292951 0.00291836   0.001883   0.432266
IMAGINARY
           0  -0.00793574   -0.0156875   0.00142299
  0.00793574            0   0.00714091   0.00200586
   0.0156875  -0.00714091            0  0.000473055
 -0.00142299  -0.00200586 -0.000473055            0
EndNode2[0]<--->HoM1[0]
REAL
   0.451823  0.00969191  0.00066313    0.277934
 0.00969191   0.0481771  0.00255355 -0.00066313
 0.00066313  0.00255355   0.0598958 6.41849e-05
   0.277934 -0.00066313 6.41849e-05    0.440104
IMAGINARY
           0   0.00416356   -0.0324039   -0.0108276
 -0.00416356            0  -0.00164124   0.00321612
   0.0324039   0.00164124            0  0.000912583
   0.0108276  -0.00321612 -0.000912583            0
Repeater1[0]<--->EndNode1[0]
REAL
   0.45936 0.00160946  0.0129941   0.292951
0.00160946  0.0480296  0.0155875   0.001883
 0.0129941  0.0155875  0.0603448 0.00291836
  0.292951   0.001883 0.00291836   0.432266
IMAGINARY
           0   -0.0156875  -0.00793574   0.00142299
   0.0156875            0  -0.00714091  0.000473055
  0.00793574   0.00714091            0   0.00200586
 -0.00142299 -0.000473055  -0.00200586            0
Repeater1[0]<--->HoM1[0]
REAL
   0.451823  0.00066313  0.00969191    0.277934
 0.00066313   0.0598958  0.00255355 6.41849e-05
 0.00969191  0.00255355   0.0481771 -0.00066313
   0.277934 6.41849e-05 -0.00066313    0.440104
IMAGINARY
           0   -0.0324039   0.00416356   -0.0108276
   0.0324039            0   0.00164124  0.000912583
 -0.00416356  -0.00164124            0   0.00321612
   0.0108276 -0.000912583  -0.00321612            0
EndNode1[0]<--->Repeater1[0]
REAL
   0.443038 -0.00829575   0.0265039    0.295064
-0.00829575   0.0594937   0.0131198  -0.0188312
  0.0265039   0.0131198   0.0582278 -0.00193443
   0.295064  -0.0188312 -0.00193443    0.439241
IMAGINARY
          0  -0.0123611 -0.00376267   0.0450675
  0.0123611           0  0.00769634  -0.0170707
 0.00376267 -0.00769634           0   0.0151389
 -0.0450675   0.0170707  -0.0151389           0
EndNode2[0]<--->HoM1[0]
REAL
   0.446565 -0.00548628 0.000315987    0.290962
-0.00548628   0.0712468   0.0074975 -0.00737632
0.000315987   0.0074975   0.0407125 -0.00799254
   0.290962 -0.00737632 -0.00799254    0.441476
IMAGINARY
           0  8.43999e-05  -0.00327752   0.00231175
-8.43999e-05            0   0.00694751   -0.0203445
  0.00327752  -0.00694751            0   -0.0118954
 -0.00231175    0.0203445    0.0118954            0
Repeater1[0]<--->EndNode1[0]
REAL
   0.443038   0.0265039 -0.00829575    0.295064
  0.0265039   0.0582278   0.0131198 -0.00193443
-0.00829575   0.0131198   0.0594937  -0.0188312
   0.295064 -0.00193443  -0.0188312    0.439241
IMAGINARY
          0 -0.00376267  -0.0123611   0.0450675
 0.00376267           0 -0.00769634   0.0151389
  0.0123611  0.00769634           0  -0.0170707
 -0.0450675  -0.0151389   0.0170707           0
Repeater1[0]<--->HoM1[0]
REAL
   0.446565 0.000315987 -0.00548628    0.290962
0.000315987   0.0407125   0.0074975 -0.00799254
-0.00548628   0.0074975   0.0712468 -0.00737632
   0.290962 -0.00799254 -0.00737632    0.441476
IMAGINARY
           0  -0.00327752  8.43999e-05   0.00231175
  0.00327752            0  -0.00694751   -0.0118954
-8.43999e-05   0.00694751            0   -0.0203445
 -0.00231175    0.0118954    0.0203445            0
EndNode1[0]<--->Repeater1[0]
REAL
   0.446034   0.0110897   0.0170138    0.296611
  0.0110897   0.0429129  -0.0153215 5.31763e-05
  0.0170138  -0.0153215   0.0715215   0.0173553
   0.296611 5.31763e-05   0.0173553    0.439532
IMAGINARY
           0   -0.0173394  0.000556714   0.00591595
   0.0173394            0    0.0122773      0.01825
-0.000556714   -0.0122773            0   -0.0312988
 -0.00591595     -0.01825    0.0312988            0
EndNode2[0]<--->HoM1[0]
REAL
  0.442838 -0.0114802  0.0118329   0.264713
-0.0114802  0.0446781 0.00105315 0.00168061
 0.0118329 0.00105315  0.0591327 0.00182774
  0.264713 0.00168061 0.00182774   0.453351
IMAGINARY
          0 -0.00963315 -0.00349428  0.00442177
 0.00963315           0 -0.00442177 -0.00349428
 0.00349428  0.00442177           0  0.00391524
-0.00442177  0.00349428 -0.00391524           0
Repeater1[0]<--->EndNode1[0]
REAL
   0.446034   0.0170138   0.0110897    0.296611
  0.0170138   0.0715215  -0.0153215   0.0173553
  0.0110897  -0.0153215   0.0429129 5.31763e-05
   0.296611   0.0173553 5.31763e-05    0.439532
IMAGINARY
           0  0.000556714   -0.0173394   0.00591595
-0.000556714            0   -0.0122773   -0.0312988
   0.0173394    0.0122773            0      0.01825
 -0.00591595    0.0312988     -0.01825            0
Repeater1[0]<--->HoM1[0]
REAL
  0.442838  0.0118329 -0.0114802   0.264713
 0.0118329  0.0591327 0.00105315 0.00182774
-0.0114802 0.00105315  0.0446781 0.00168061
  0.264713 0.00182774 0.00168061   0.453351
IMAGINARY
          0 -0.00349428 -0.00963315  0.00442177
 0.00349428           0  0.00442177  0.00391524
 0.00963315 -0.00442177           0 -0.00349428
-0.00442177 -0.00391524  0.00349428           0
EndNode1[0]<--->Repeater1[0]
REAL
   0.417834   0.0119291  0.00102316    0.299016
  0.0119291   0.0547771 -0.00960983  0.00543678
 0.00102316 -0.00960983   0.0509554   0.0139106
   0.299016  0.00543678   0.0139106    0.476433
IMAGINARY
           0   0.00579752   -0.0190724  0.000210438
 -0.00579752            0  -0.00904882   0.00829076
   0.0190724   0.00904882            0   0.00767957
-0.000210438  -0.00829076  -0.00767957            0
EndNode2[0]<--->HoM1[0]
REAL
  0.449541  0.0108577 -0.0263488   0.294713
 0.0108577  0.0602883 0.00424907 -0.0119132
-0.0263488 0.00424907  0.0471822 -0.0400405
  0.294713 -0.0119132 -0.0400405   0.442988
IMAGINARY
         0  0.0311508  -0.019378  0.0018304
-0.0311508          0 -0.0108278  -0.003834
  0.019378  0.0108278          0  0.0133912
-0.0018304   0.003834 -0.0133912          0
Repeater1[0]<--->EndNode1[0]
REAL
   0.417834  0.00102316   0.0119291    0.299016
 0.00102316   0.0509554 -0.00960983   0.0139106
  0.0119291 -0.00960983   0.0547771  0.00543678
   0.299016   0.0139106  0.00543678    0.476433
IMAGINARY
           0   -0.0190724   0.00579752  0.000210438
   0.0190724            0   0.00904882   0.00767957
 -0.00579752  -0.00904882            0   0.00829076
-0.000210438  -0.00767957  -0.00829076            0
Repeater1[0]<--->HoM1[0]
REAL
  0.449541 -0.0263488  0.0108577   0.294713
-0.0263488  0.0471822 0.00424907 -0.0400405
 0.0108577 0.00424907  0.0602883 -0.0119132
  0.294713 -0.0400405 -0.0119132   0.442988
IMAGINARY
         0  -0.019378  0.0311508  0.0018304
  0.019378          0  0.0108278  0.0133912
-0.0311508 -0.0108278          0  -0.003834
-0.0018304 -0.0133912   0.003834          0
EndNode1[0]<--->Repeater1[0]
REAL
  0.447263 0.00279244  0.0368714   0.305564
0.00279244  0.0360481 0.00408416 0.00941287
 0.0368714 0.00408416  0.0493992   0.012201
  0.305564 0.00941287   0.012201    0.46729
IMAGINARY
          0  0.00311225  -0.0222605 -0.00334865
-0.00311225           0   -0.010557  0.00438136
  0.0222605    0.010557           0   0.0184661
 0.00334865 -0.00438136  -0.0184661           0
EndNode2[0]<--->HoM1[0]
REAL
   0.443433 -0.00208734 -0.00391034    0.289653
-0.00208734   0.0481144  0.00983632  -0.0107768
-0.00391034  0.00983632    0.046814  0.00911161
   0.289653  -0.0107768  0.00911161    0.461638
IMAGINARY
          0 -0.00229358 -0.00619556  -0.0190731
 0.00229358           0 -0.00759354  0.00816149
 0.00619556  0.00759354           0 -0.00229358
  0.0190731 -0.00816149  0.00229358           0
Repeater1[0]<--->EndNode1[0]
REAL
  0.447263  0.0368714 0.00279244   0.305564
 0.0368714  0.0493992 0.00408416   0.012201
0.00279244 0.00408416  0.0360481 0.00941287
  0.305564   0.012201 0.00941287    0.46729
IMAGINARY
          0  -0.0222605  0.00311225 -0.00334865
  0.0222605           0    0.010557   0.0184661
-0.00311225   -0.010557           0  0.00438136
 0.00334865  -0.0184661 -0.00438136           0
Repeater1[0]<--->HoM1[0]
REAL
   0.443433 -0.00391034 -0.00208734    0.289653
-0.00391034    0.046814  0.00983632  0.00911161
-0.00208734  0.00983632   0.0481144  -0.0107768
   0.289653  0.00911161  -0.0107768    0.461638
IMAGINARY
          0 -0.00619556 -0.00229358  -0.0190731
 0.00619556           0  0.00759354 -0.00229358
 0.00229358 -0.00759354           0  0.00816149
  0.0190731  0.00229358 -0.00816149           0
EndNode1[0]<--->Repeater1[0]
REAL
   0.455484   0.0147528 -0.00240385    0.293612
  0.0147528   0.0477419   0.0116765 -0.00240385
-0.00240385   0.0116765   0.0387097 -0.00513744
   0.293612 -0.00240385 -0.00513744    0.458065
IMAGINARY
          0   0.0100533 -0.00552374   0.0036013
 -0.0100533           0 -0.00167575   0.0113302
 0.00552374  0.00167575           0  -0.0223113
 -0.0036013  -0.0113302   0.0223113           0
EndNode2[0]<--->HoM1[0]
REAL
    0.439898   0.00903751   0.00172979      0.29602
  0.00903751    0.0511509    -0.015745   0.00888194
  0.00172979    -0.015745     0.056266 -0.000922651
     0.29602   0.00888194 -0.000922651     0.452685
IMAGINARY
          0  0.00234838 -0.00751634 -0.00245208
-0.00234838           0  -0.0051046 -0.00751634
 0.00751634   0.0051046           0   0.0126843
 0.00245208  0.00751634  -0.0126843           0
Repeater1[0]<--->EndNode1[0]
REAL
   0.455484 -0.00240385   0.0147528    0.293612
-0.00240385   0.0387097   0.0116765 -0.00513744
  0.0147528   0.0116765   0.0477419 -0.00240385
   0.293612 -0.00513744 -0.00240385    0.458065
IMAGINARY
          0 -0.00552374   0.0100533   0.0036013
 0.00552374           0  0.00167575  -0.0223113
 -0.0100533 -0.00167575           0   0.0113302
 -0.0036013   0.0223113  -0.0113302           0
Repeater1[0]<--->HoM1[0]
REAL
    0.439898   0.00172979   0.00903751      0.29602
  0.00172979     0.056266    -0.015745 -0.000922651
  0.00903751    -0.015745    0.0511509   0.00888194
     0.29602 -0.000922651   0.00888194     0.452685
IMAGINARY
          0 -0.00751634  0.00234838 -0.00245208
 0.00751634           0   0.0051046   0.0126843
-0.00234838  -0.0051046           0 -0.00751634
 0.00245208  -0.0126843  0.00751634           0
EndNode1[0]<--->Repeater1[0]
REAL
  0.432225 0.00560462 0.00592634   0.296111
0.00560462  0.0575448   0.013664 0.00133918
0.00592634   0.013664  0.0396419 -0.0115491
  0.296111 0.00133918 -0.0115491   0.470588
IMAGINARY
           0  0.000326062   -0.0014335    0.0148934
-0.000326062            0    0.0263437  -0.00412892
   0.0014335   -0.0263437            0   -0.0021802
  -0.0148934   0.00412892    0.0021802            0
EndNode2[0]<--->HoM1[0]
REAL
  0.458228  0.0187335 -0.0128841   0.281033
 0.0187335  0.0556962  0.0253366  0.0173426
-0.0128841  0.0253366  0.0443038 0.00610725
  0.281033  0.0173426 0.00610725   0.441772
IMAGINARY
          0  -0.0065639   0.0061471 -0.00112514
  0.0065639           0  0.00581055 -0.00234963
 -0.0061471 -0.00581055           0  0.00150061
 0.00112514  0.00234963 -0.00150061           0
Repeater1[0]<--->EndNode1[0]
REAL
  0.432225 0.00592634 0.00560462   0.296111
0.00592634  0.0396419   0.013664 -0.0115491
0.00560462   0.013664  0.0575448 0.00133918
  0.296111 -0.0115491 0.00133918   0.470588
IMAGINARY
           0   -0.0014335  0.000326062    0.0148934
   0.0014335            0   -0.0263437   -0.0021802
-0.000326062    0.0263437            0  -0.00412892
  -0.0148934    0.0021802   0.00412892            0
Repeater1[0]<--->HoM1[0]
REAL
  0.458228 -0.0128841  0.0187335   0.281033
-0.0128841  0.0443038  0.0253366 0.00610725
 0.0187335  0.0253366  0.0556962  0.0173426
  0.281033 0.00610725  0.0173426   0.441772
IMAGINARY
          0   0.0061471  -0.0065639 -0.00112514
 -0.0061471           0 -0.00581055  0.00150061
  0.0065639  0.00581055           0 -0.00234963
 0.00112514 -0.00150061  0.00234963           0
EndNode1[0]<--->Repeater1[0]
REAL
  0.418953  0.0285629 -0.0358432    0.28613
 0.0285629  0.0511222 0.00706032  0.0137751
-0.0358432 0.00706032  0.0361596 -0.0228883
   0.28613  0.0137751 -0.0228883   0.493766
IMAGINARY
          0 -0.00364037 -0.00384027  0.00178602
 0.00364037           0  0.00700795 -0.00778764
 0.00384027 -0.00700795           0   0.0113923
-0.00178602  0.00778764  -0.0113923           0
EndNode2[0]<--->HoM1[0]
REAL
   0.485237   0.0179062 -0.00260362    0.290742
  0.0179062   0.0462131  0.00645157  0.00770566
-0.00260362  0.00645157   0.0359435 -0.00132457
   0.290742  0.00770566 -0.00132457    0.432606
IMAGINARY
          0 -0.00599872   0.0052059 -0.00753261
 0.00599872           0   0.0357635  -0.0198601
 -0.0052059  -0.0357635           0   0.0276869
 0.00753261   0.0198601  -0.0276869           0
Repeater1[0]<--->EndNode1[0]
REAL
  0.418953 -0.0358432  0.0285629    0.28613
-0.0358432  0.0361596 0.00706032 -0.0228883
 0.0285629 0.00706032  0.0511222  0.0137751
   0.28613 -0.0228883  0.0137751   0.493766
IMAGINARY
          0 -0.00384027 -0.00364037  0.00178602
 0.00384027           0 -0.00700795   0.0113923
 0.00364037  0.00700795           0 -0.00778764
-0.00178602  -0.0113923  0.00778764           0
Repeater1[0]<--->HoM1[0]
REAL
   0.485237 -0.00260362   0.0179062    0.290742
-0.00260362   0.0359435  0.00645157 -0.00132457
  0.0179062  0.00645157   0.0462131  0.00770566
   0.290742 -0.00132457  0.00770566    0.432606
IMAGINARY
          0   0.0052059 -0.00599872 -0.00753261
 -0.0052059           0  -0.0357635   0.0276869
 0.00599872   0.0357635           0  -0.0198601
 0.00753261  -0.0276869   0.0198601           0
EndNode1[0]<--->Repeater1[0]
REAL
   0.428931  -0.0259667 -0.00839384    0.288217
 -0.0259667   0.0528302   0.0190877  -0.0142762
-0.00839384   0.0190877   0.0566038 -0.00803838
   0.288217  -0.0142762 -0.00803838    0.461635
IMAGINARY
           0 -0.000761373    0.0136657  -0.00919214
 0.000761373            0   0.00287901 -0.000473103
  -0.0136657  -0.00287901            0  -0.00847346
  0.00919214  0.000473103   0.00847346            0
EndNode2[0]<--->HoM1[0]
REAL
   0.46066 0.00860236 0.00696405   0.281044
0.00860236  0.0507614  0.0214405 0.00235272
0.00696405  0.0214405  0.0571066   0.014379
  0.281044 0.00235272   0.014379   0.431472
IMAGINARY
          0  -0.0078357  -0.0211785 -0.00567594
  0.0078357           0  -0.0102392  -0.0128983
  0.0211785   0.0102392           0   0.0146511
 0.00567594   0.0128983  -0.0146511           0
Repeater1[0]<--->EndNode1[0]
REAL
   0.428931 -0.00839384  -0.0259667    0.288217
-0.00839384   0.0566038   0.0190877 -0.00803838
 -0.0259667   0.0190877   0.0528302  -0.0142762
   0.288217 -0.00803838  -0.0142762    0.461635
IMAGINARY
           0    0.0136657 -0.000761373  -0.00919214
  -0.0136657            0  -0.00287901  -0.00847346
 0.000761373   0.00287901            0 -0.000473103
  0.00919214   0.00847346  0.000473103            0
Repeater1[0]<--->HoM1[0]
REAL
   0.46066 0.00696405 0.00860236   0.281044
0.00696405  0.0571066  0.0214405   0.014379
0.00860236  0.0214405  0.0507614 0.00235272
  0.281044   0.014379 0.00235272   0.431472
IMAGINARY
          0  -0.0211785  -0.0078357 -0.00567594
  0.0211785           0   0.0102392   0.0146511
  0.0078357  -0.0102392           0  -0.0128983
 0.00567594  -0.0146511   0.0128983           0
EndNode1[0]<--->Repeater1[0]
REAL
   0.470303   0.0061718  -0.0029625    0.295825
  0.0061718   0.0533333  0.00521559 -0.00158887
 -0.0029625  0.00521559   0.0533333  0.00358113
   0.295825 -0.00158887  0.00358113     0.42303
IMAGINARY
           0     0.015128   0.00510359  0.000948316
   -0.015128            0 -0.000277175   -0.0165249
 -0.00510359  0.000277175            0  -0.00497574
-0.000948316    0.0165249   0.00497574            0
EndNode2[0]<--->HoM1[0]
REAL
   0.456683   0.0144332 -0.00800241     0.28898
  0.0144332   0.0470297 -0.00589178  -0.0373407
-0.00800241 -0.00589178   0.0482673  -0.0242371
    0.28898  -0.0373407  -0.0242371     0.44802
IMAGINARY
         0  -0.011973  0.0143647  0.0121267
  0.011973          0 -0.0335652  0.0045608
-0.0143647  0.0335652          0 -0.0191625
-0.0121267 -0.0045608  0.0191625          0
Repeater1[0]<--->EndNode1[0]
REAL
   0.470303  -0.0029625   0.0061718    0.295825
 -0.0029625   0.0533333  0.00521559  0.00358113
  0.0061718  0.00521559   0.0533333 -0.00158887
   0.295825  0.00358113 -0.00158887     0.42303
IMAGINARY
           0   0.00510359     0.015128  0.000948316
 -0.00510359            0  0.000277175  -0.00497574
   -0.015128 -0.000277175            0   -0.0165249
-0.000948316   0.00497574    0.0165249            0
Repeater1[0]<--->HoM1[0]
REAL
   0.456683 -0.00800241   0.0144332     0.28898
-0.00800241   0.0482673 -0.00589178  -0.0242371
  0.0144332 -0.00589178   0.0470297  -0.0373407
    0.28898  -0.0242371  -0.0373407     0.44802
IMAGINARY
         0  0.0143647  -0.011973  0.0121267
-0.0143647          0  0.0335652 -0.0191625
  0.011973 -0.0335652          0  0.0045608
-0.0121267  0.0191625 -0.0045608          0
EndNode1[0]<--->Repeater1[0]
REAL
   0.450249 -0.00364241   0.0204413    0.270795
-0.00364241    0.039801   -0.023976  0.00373176
  0.0204413   -0.023976   0.0621891   0.0214541
   0.270795  0.00373176   0.0214541    0.447761
IMAGINARY
           0   0.00810508  -0.00507018  -0.00624027
 -0.00810508            0      0.02362    0.0122597
  0.00507018     -0.02362            0 -0.000915538
  0.00624027   -0.0122597  0.000915538            0
EndNode2[0]<--->HoM1[0]
REAL
   0.467784 -0.00325474   0.0176916    0.277132
-0.00325474   0.0502577   0.0160137  0.00862422
  0.0176916   0.0160137   0.0360825   0.0112107
   0.277132  0.00862422   0.0112107    0.445876
IMAGINARY
          0  -0.0150057    0.014549   0.0202803
  0.0150057           0 -0.00725947 -0.00501915
  -0.014549  0.00725947           0 -0.00468934
 -0.0202803  0.00501915  0.00468934           0
Repeater1[0]<--->EndNode1[0]
REAL
   0.450249   0.0204413 -0.00364241    0.270795
  0.0204413   0.0621891   -0.023976   0.0214541
-0.00364241   -0.023976    0.039801  0.00373176
   0.270795   0.0214541  0.00373176    0.447761
IMAGINARY
           0  -0.00507018   0.00810508  -0.00624027
  0.00507018            0     -0.02362 -0.000915538
 -0.00810508      0.02362            0    0.0122597
  0.00624027  0.000915538   -0.0122597            0
Repeater1[0]<--->HoM1[0]
REAL
   0.467784   0.0176916 -0.00325474    0.277132
  0.0176916   0.0360825   0.0160137   0.0112107
-0.00325474   0.0160137   0.0502577  0.00862422
   0.277132   0.0112107  0.00862422    0.445876
IMAGINARY
          0    0.014549  -0.0150057   0.0202803
  -0.014549           0  0.00725947 -0.00468934
  0.0150057 -0.00725947           0 -0.00501915
 -0.0202803  0.00468934  0.00501915           0
EndNode1[0]<--->Repeater1[0]
REAL
  0.437179  0.0248053 -0.0104114   0.276481
 0.0248053  0.0615385   0.012083  0.0237093
-0.0104114   0.012083  0.0538462  0.0164182
  0.276481  0.0237093  0.0164182   0.447436
IMAGINARY
           0  -0.00893439   0.00456048    0.0041339
  0.00893439            0   -0.0113423    0.0124552
 -0.00456048    0.0113423            0 -0.000227918
  -0.0041339   -0.0124552  0.000227918            0
EndNode2[0]<--->HoM1[0]
REAL
   0.418936 -0.00953807  -0.0107543    0.294052
-0.00953807   0.0389105  0.00338377   0.0171645
 -0.0107543  0.00338377   0.0389105 -0.00200039
   0.294052   0.0171645 -0.00200039    0.503243
IMAGINARY
          0   0.0182231  0.00806115   0.0120886
 -0.0182231           0  -0.0198808  -0.0326513
-0.00806115   0.0198808           0   0.0114112
 -0.0120886   0.0326513  -0.0114112           0
Repeater1[0]<--->EndNode1[0]
REAL
  0.437179 -0.0104114  0.0248053   0.276481
-0.0104114  0.0538462   0.012083  0.0164182
 0.0248053   0.012083  0.0615385  0.0237093
  0.276481  0.0164182  0.0237093   0.447436
IMAGINARY
           0   0.00456048  -0.00893439    0.0041339
 -0.00456048            0    0.0113423 -0.000227918
  0.00893439   -0.0113423            0    0.0124552
  -0.0041339  0.000227918   -0.0124552            0
Repeater1[0]<--->HoM1[0]
REAL
   0.418936  -0.0107543 -0.00953807    0.294052
 -0.0107543   0.0389105  0.00338377 -0.00200039
-0.00953807  0.00338377   0.0389105   0.0171645
   0.294052 -0.00200039   0.0171645    0.503243
IMAGINARY
          0  0.00806115   0.0182231   0.0120886
-0.00806115           0   0.0198808   0.0114112
 -0.0182231  -0.0198808           0  -0.0326513
 -0.0120886  -0.0114112   0.0326513           0
EndNode1[0]<--->Repeater1[0]
REAL
  0.443137 -0.0161982  0.0143318   0.284042
-0.0161982  0.0522876 0.00352264 -0.0104458
 0.0143318 0.00352264   0.054902 0.00713089
  0.284042 -0.0104458 0.00713089   0.449673
IMAGINARY
           0    0.0168219     0.026275     0.029438
  -0.0168219            0   0.00892518 -0.000300997
   -0.026275  -0.00892518            0   -0.0155232
   -0.029438  0.000300997    0.0155232            0
EndNode2[0]<--->HoM1[0]
REAL
   0.439954 -0.00265042    0.023037    0.283031
-0.00265042   0.0496536  -0.0148554  0.00645541
   0.023037  -0.0148554   0.0623557   0.0143102
   0.283031  0.00645541   0.0143102    0.448037
IMAGINARY
           0   0.00138241    0.0134511  0.000915819
 -0.00138241            0    0.0293109   0.00306147
  -0.0134511   -0.0293109            0    -0.021858
-0.000915819  -0.00306147     0.021858            0
Repeater1[0]<--->EndNode1[0]
REAL
  0.443137  0.0143318 -0.0161982   0.284042
 0.0143318   0.054902 0.00352264 0.00713089
-0.0161982 0.00352264  0.0522876 -0.0104458
  0.284042 0.00713089 -0.0104458   0.449673
IMAGINARY
           0     0.026275    0.0168219     0.029438
   -0.026275            0  -0.00892518   -0.0155232
  -0.0168219   0.00892518            0 -0.000300997
   -0.029438    0.0155232  0.000300997            0
Repeater1[0]<--->HoM1[0]
REAL
   0.439954    0.023037 -0.00265042    0.283031
   0.023037   0.0623557  -0.0148554   0.0143102
-0.00265042  -0.0148554   0.0496536  0.00645541
   0.283031   0.0143102  0.00645541    0.448037
IMAGINARY
           0    0.0134511   0.00138241  0.000915819
  -0.0134511            0   -0.0293109    -0.021858
 -0.00138241    0.0293109            0   0.00306147
-0.000915819     0.021858  -0.00306147            0
EndNode1[0]<--->Repeater1[0]
REAL
   0.452806  -0.0108074 -0.00341319    0.280482
 -0.0108074   0.0522959   0.0132518  -0.0148636
-0.00341319   0.0132518   0.0522959  0.00819648
   0.280482  -0.0148636  0.00819648    0.442602
IMAGINARY
          0  0.00749164 -0.00567295   0.0065445
-0.00749164           0   0.0065445    0.019327
 0.00567295  -0.0065445           0  -0.0146438
 -0.0065445   -0.019327   0.0146438           0
EndNode2[0]<--->HoM1[0]
REAL
   0.476071 -0.00239582 -0.00999182    0.290459
