EndNode1[0]<--->Repeater1[0]
REAL
  0.451362  0.0102622 0.00175637   0.350245
 0.0102622  0.0687419  0.0295021 -0.0131488
0.00175637  0.0295021  0.0700389 -0.0254521
  0.350245 -0.0131488 -0.0254521   0.409857
IMAGINARY
          0 -0.00610663  -0.0069126   0.0171252
 0.00610663           0  -0.0116706  0.00755281
  0.0069126   0.0116706           0 -0.00477685
 -0.0171252 -0.00755281  0.00477685           0
EndNode2[0]<--->HoM1[0]
REAL
   0.445187  -0.0149724 -0.00667476    0.358286
 -0.0149724   0.0695187   0.0189289  0.00667476
-0.00667476   0.0189289   0.0641711   0.0187699
   0.358286  0.00667476   0.0187699    0.421123
IMAGINARY
          0 -0.00682549   -0.011971 -0.00579074
 0.00682549           0   0.0100521   0.0126404
   0.011971  -0.0100521           0 -0.00990811
 0.00579074  -0.0126404  0.00990811           0
Repeater1[0]<--->EndNode1[0]
REAL
  0.451362 0.00175637  0.0102622   0.350245
0.00175637  0.0700389  0.0295021 -0.0254521
 0.0102622  0.0295021  0.0687419 -0.0131488
  0.350245 -0.0254521 -0.0131488   0.409857
IMAGINARY
          0  -0.0069126 -0.00610663   0.0171252
  0.0069126           0   0.0116706 -0.00477685
 0.00610663  -0.0116706           0  0.00755281
 -0.0171252  0.00477685 -0.00755281           0
Repeater1[0]<--->HoM1[0]
REAL
   0.445187 -0.00667476  -0.0149724    0.358286
-0.00667476   0.0641711   0.0189289   0.0187699
 -0.0149724   0.0189289   0.0695187  0.00667476
   0.358286   0.0187699  0.00667476    0.421123
IMAGINARY
          0   -0.011971 -0.00682549 -0.00579074
   0.011971           0  -0.0100521 -0.00990811
 0.00682549   0.0100521           0   0.0126404
 0.00579074  0.00990811  -0.0126404           0
EndNode1[0]<--->Repeater1[0]
REAL
  0.425584 0.00897701 -0.0106621   0.319073
0.00897701  0.0627306  0.0347064 0.00508591
-0.0106621  0.0347064  0.0738007  0.0052733
  0.319073 0.00508591  0.0052733   0.437884
IMAGINARY
           0   0.00103539  0.000443166   0.00533561
 -0.00103539            0  -0.00407299   0.00494767
-0.000443166   0.00407299            0   0.00435544
 -0.00533561  -0.00494767  -0.00435544            0
EndNode2[0]<--->HoM1[0]
REAL
   0.407407 -0.00213828   0.0194252    0.339834
-0.00213828   0.0817369   0.0325067 -0.00127748
  0.0194252   0.0325067   0.0791826    0.020286
   0.339834 -0.00127748    0.020286    0.431673
IMAGINARY
           0    0.0198038       0.0134  0.000473252
  -0.0198038            0   -0.0266477   -0.0317175
     -0.0134    0.0266477            0  -0.00691373
-0.000473252    0.0317175   0.00691373            0
Repeater1[0]<--->EndNode1[0]
REAL
  0.425584 -0.0106621 0.00897701   0.319073
-0.0106621  0.0738007  0.0347064  0.0052733
0.00897701  0.0347064  0.0627306 0.00508591
  0.319073  0.0052733 0.00508591   0.437884
IMAGINARY
           0  0.000443166   0.00103539   0.00533561
-0.000443166            0   0.00407299   0.00435544
 -0.00103539  -0.00407299            0   0.00494767
 -0.00533561  -0.00435544  -0.00494767            0
Repeater1[0]<--->HoM1[0]
REAL
   0.407407   0.0194252 -0.00213828    0.339834
  0.0194252   0.0791826   0.0325067    0.020286
-0.00213828   0.0325067   0.0817369 -0.00127748
   0.339834    0.020286 -0.00127748    0.431673
IMAGINARY
           0       0.0134    0.0198038  0.000473252
     -0.0134            0    0.0266477  -0.00691373
  -0.0198038   -0.0266477            0   -0.0317175
-0.000473252   0.00691373    0.0317175            0
EndNode1[0]<--->Repeater1[0]
REAL
   0.463384   0.0139346   0.0178177    0.358821
  0.0139346   0.0631313   0.0403932 -0.00472871
  0.0178177   0.0403932   0.0593434  -0.0021545
   0.358821 -0.00472871  -0.0021545    0.414141
IMAGINARY
           0   -0.0197139   0.00871188  -0.00162211
   0.0197139            0   -0.0035727 -0.000581799
 -0.00871188    0.0035727            0  -0.00467632
  0.00162211  0.000581799   0.00467632            0
EndNode2[0]<--->HoM1[0]
REAL
   0.439276 0.000630372   0.0178808    0.357953
0.000630372   0.0671835   0.0219955  -0.0134108
  0.0178808   0.0219955   0.0788114  0.00383961
   0.357953  -0.0134108  0.00383961    0.414729
IMAGINARY
          0  0.00640139  0.00662663   0.0104924
-0.00640139           0  0.00357413   0.0104337
-0.00662663 -0.00357413           0 -0.00377672
 -0.0104924  -0.0104337  0.00377672           0
Repeater1[0]<--->EndNode1[0]
REAL
   0.463384   0.0178177   0.0139346    0.358821
  0.0178177   0.0593434   0.0403932  -0.0021545
  0.0139346   0.0403932   0.0631313 -0.00472871
   0.358821  -0.0021545 -0.00472871    0.414141
IMAGINARY
           0   0.00871188   -0.0197139  -0.00162211
 -0.00871188            0    0.0035727  -0.00467632
   0.0197139   -0.0035727            0 -0.000581799
  0.00162211   0.00467632  0.000581799            0
Repeater1[0]<--->HoM1[0]
REAL
   0.439276   0.0178808 0.000630372    0.357953
  0.0178808   0.0788114   0.0219955  0.00383961
0.000630372   0.0219955   0.0671835  -0.0134108
   0.357953  0.00383961  -0.0134108    0.414729
IMAGINARY
          0  0.00662663  0.00640139   0.0104924
-0.00662663           0 -0.00357413 -0.00377672
-0.00640139  0.00357413           0   0.0104337
 -0.0104924  0.00377672  -0.0104337           0
EndNode1[0]<--->Repeater1[0]
REAL
    0.42839  -0.0250223 -0.00415391    0.358644
 -0.0250223   0.0722433   0.0231853 -0.00283465
-0.00415391   0.0231853   0.0709759   0.0091392
   0.358644 -0.00283465   0.0091392     0.42839
IMAGINARY
          0   0.0105127  0.00484014   0.0231748
 -0.0105127           0  -0.0150802  -0.0124932
-0.00484014   0.0150802           0    0.013722
 -0.0231748   0.0124932   -0.013722           0
EndNode2[0]<--->HoM1[0]
REAL
  0.441379   0.006644 0.00384184   0.372972
  0.006644  0.0731034  0.0172887 -0.0155017
0.00384184  0.0172887  0.0634483 -0.0237908
  0.372972 -0.0155017 -0.0237908   0.422069
IMAGINARY
          0 -0.00892315 -0.00404885 -0.00897202
 0.00892315           0 -0.00760962    0.018736
 0.00404885  0.00760962           0 -0.00704109
 0.00897202   -0.018736  0.00704109           0
Repeater1[0]<--->EndNode1[0]
REAL
    0.42839 -0.00415391  -0.0250223    0.358644
-0.00415391   0.0709759   0.0231853   0.0091392
 -0.0250223   0.0231853   0.0722433 -0.00283465
   0.358644   0.0091392 -0.00283465     0.42839
IMAGINARY
          0  0.00484014   0.0105127   0.0231748
-0.00484014           0   0.0150802    0.013722
 -0.0105127  -0.0150802           0  -0.0124932
 -0.0231748   -0.013722   0.0124932           0
Repeater1[0]<--->HoM1[0]
REAL
  0.441379 0.00384184   0.006644   0.372972
0.00384184  0.0634483  0.0172887 -0.0237908
  0.006644  0.0172887  0.0731034 -0.0155017
  0.372972 -0.0237908 -0.0155017   0.422069
IMAGINARY
          0 -0.00404885 -0.00892315 -0.00897202
 0.00404885           0  0.00760962 -0.00704109
 0.00892315 -0.00760962           0    0.018736
 0.00897202  0.00704109   -0.018736           0
EndNode1[0]<--->Repeater1[0]
REAL
   0.414013  0.00655217 0.000970217    0.340685
 0.00655217   0.0713376   0.0201393  0.00289576
0.000970217   0.0201393   0.0547771 -0.00784083
   0.340685  0.00289576 -0.00784083    0.459873
IMAGINARY
          0  0.00566347 -0.00162549   0.0021316
-0.00566347           0  -0.0246541 -0.00162549
 0.00162549   0.0246541           0  -0.0180172
 -0.0021316  0.00162549   0.0180172           0
EndNode2[0]<--->HoM1[0]
REAL
    0.421265   0.00789184  -0.00648275     0.348633
  0.00789184    0.0699865    0.0121724 -0.000232753
 -0.00648275    0.0121724    0.0713324  -0.00972334
    0.348633 -0.000232753  -0.00972334     0.437416
IMAGINARY
          0  -0.0179911 -0.00325269   0.0113931
  0.0179911           0  -0.0034952  0.00593366
 0.00325269   0.0034952           0   0.0206721
 -0.0113931 -0.00593366  -0.0206721           0
Repeater1[0]<--->EndNode1[0]
REAL
   0.414013 0.000970217  0.00655217    0.340685
0.000970217   0.0547771   0.0201393 -0.00784083
 0.00655217   0.0201393   0.0713376  0.00289576
   0.340685 -0.00784083  0.00289576    0.459873
IMAGINARY
          0 -0.00162549  0.00566347   0.0021316
 0.00162549           0   0.0246541  -0.0180172
-0.00566347  -0.0246541           0 -0.00162549
 -0.0021316   0.0180172  0.00162549           0
Repeater1[0]<--->HoM1[0]
REAL
    0.421265  -0.00648275   0.00789184     0.348633
 -0.00648275    0.0713324    0.0121724  -0.00972334
  0.00789184    0.0121724    0.0699865 -0.000232753
    0.348633  -0.00972334 -0.000232753     0.437416
IMAGINARY
          0 -0.00325269  -0.0179911   0.0113931
 0.00325269           0   0.0034952   0.0206721
  0.0179911  -0.0034952           0  0.00593366
 -0.0113931  -0.0206721 -0.00593366           0
EndNode1[0]<--->Repeater1[0]
REAL
  0.446475 0.00429778 -0.0102848   0.347888
0.00429778  0.0678851  0.0278882  0.0096637
-0.0102848  0.0278882  0.0822454 -0.0148568
  0.347888  0.0096637 -0.0148568   0.403394
IMAGINARY
          0  -0.0156587 -0.00733417  -0.0139049
  0.0156587           0 -0.00124664  -0.0179992
 0.00733417  0.00124664           0  0.00499207
  0.0139049   0.0179992 -0.00499207           0
EndNode2[0]<--->HoM1[0]
REAL
  0.434896  0.0124377 0.00568239   0.357871
 0.0124377  0.0690104  0.0389839 0.00500944
0.00568239  0.0389839  0.0729167 -0.0118087
  0.357871 0.00500944 -0.0118087   0.423177
IMAGINARY
          0  0.00107692   0.0102593  -0.0132528
-0.00107692           0  -0.0113173  0.00591147
 -0.0102593   0.0113173           0  -0.0172477
  0.0132528 -0.00591147   0.0172477           0
Repeater1[0]<--->EndNode1[0]
REAL
  0.446475 -0.0102848 0.00429778   0.347888
-0.0102848  0.0822454  0.0278882 -0.0148568
0.00429778  0.0278882  0.0678851  0.0096637
  0.347888 -0.0148568  0.0096637   0.403394
IMAGINARY
          0 -0.00733417  -0.0156587  -0.0139049
 0.00733417           0  0.00124664  0.00499207
  0.0156587 -0.00124664           0  -0.0179992
  0.0139049 -0.00499207   0.0179992           0
Repeater1[0]<--->HoM1[0]
REAL
  0.434896 0.00568239  0.0124377   0.357871
0.00568239  0.0729167  0.0389839 -0.0118087
 0.0124377  0.0389839  0.0690104 0.00500944
  0.357871 -0.0118087 0.00500944   0.423177
IMAGINARY
          0   0.0102593  0.00107692  -0.0132528
 -0.0102593           0   0.0113173  -0.0172477
-0.00107692  -0.0113173           0  0.00591147
  0.0132528   0.0172477 -0.00591147           0
EndNode1[0]<--->Repeater1[0]
REAL
   0.424802 -0.00332936  -0.0114582    0.342619
-0.00332936   0.0593668   0.0301994  -0.0172201
 -0.0114582   0.0301994   0.0804749 -0.00789259
   0.342619  -0.0172201 -0.00789259    0.435356
IMAGINARY
          0  -0.0102744  0.00453109 -0.00567156
  0.0102744           0  -0.0141241  -0.0245828
-0.00453109   0.0141241           0   0.0186832
 0.00567156   0.0245828  -0.0186832           0
EndNode2[0]<--->HoM1[0]
REAL
   0.429313   0.0181277 6.71231e-05    0.368177
  0.0181277   0.0635538   0.0100954  0.00647738
6.71231e-05   0.0100954   0.0635538  0.00281475
   0.368177  0.00647738  0.00281475     0.44358
IMAGINARY
          0 -0.00028606  0.00460717  0.00528067
 0.00028606           0 -0.00649132  0.00393422
-0.00460717  0.00649132           0   0.0153978
-0.00528067 -0.00393422  -0.0153978           0
Repeater1[0]<--->EndNode1[0]
REAL
   0.424802  -0.0114582 -0.00332936    0.342619
 -0.0114582   0.0804749   0.0301994 -0.00789259
-0.00332936   0.0301994   0.0593668  -0.0172201
   0.342619 -0.00789259  -0.0172201    0.435356
IMAGINARY
          0  0.00453109  -0.0102744 -0.00567156
-0.00453109           0   0.0141241   0.0186832
  0.0102744  -0.0141241           0  -0.0245828
 0.00567156  -0.0186832   0.0245828           0
Repeater1[0]<--->HoM1[0]
REAL
   0.429313 6.71231e-05   0.0181277    0.368177
6.71231e-05   0.0635538   0.0100954  0.00281475
  0.0181277   0.0100954   0.0635538  0.00647738
   0.368177  0.00281475  0.00647738     0.44358
IMAGINARY
          0  0.00460717 -0.00028606  0.00528067
-0.00460717           0  0.00649132   0.0153978
 0.00028606 -0.00649132           0  0.00393422
-0.00528067  -0.0153978 -0.00393422           0
EndNode1[0]<--->Repeater1[0]
REAL
  0.441257  0.0119769 0.00322825   0.356795
 0.0119769  0.0819672  0.0354129 -0.0110205
0.00322825  0.0354129  0.0751366 -0.0132756
  0.356795 -0.0110205 -0.0132756   0.401639
IMAGINARY
           0 -7.59565e-05   0.00521598    0.0168399
 7.59565e-05            0    0.0150478   0.00456238
 -0.00521598   -0.0150478            0  -0.00839862
  -0.0168399  -0.00456238   0.00839862            0
EndNode2[0]<--->HoM1[0]
REAL
   0.442144  0.00582728   0.0232584    0.346991
 0.00582728   0.0535932     0.03695 -0.00773887
  0.0232584     0.03695   0.0596833  0.00159512
   0.346991 -0.00773887  0.00159512     0.44458
IMAGINARY
          0  -0.0172477  0.00962571   0.0164679
  0.0172477           0   0.0139554  0.00326439
-0.00962571  -0.0139554           0  0.00164394
 -0.0164679 -0.00326439 -0.00164394           0
Repeater1[0]<--->EndNode1[0]
REAL
  0.441257 0.00322825  0.0119769   0.356795
0.00322825  0.0751366  0.0354129 -0.0132756
 0.0119769  0.0354129  0.0819672 -0.0110205
  0.356795 -0.0132756 -0.0110205   0.401639
IMAGINARY
           0   0.00521598 -7.59565e-05    0.0168399
 -0.00521598            0   -0.0150478  -0.00839862
 7.59565e-05    0.0150478            0   0.00456238
  -0.0168399   0.00839862  -0.00456238            0
Repeater1[0]<--->HoM1[0]
REAL
   0.442144   0.0232584  0.00582728    0.346991
  0.0232584   0.0596833     0.03695  0.00159512
 0.00582728     0.03695   0.0535932 -0.00773887
   0.346991  0.00159512 -0.00773887     0.44458
IMAGINARY
          0  0.00962571  -0.0172477   0.0164679
-0.00962571           0  -0.0139554  0.00164394
  0.0172477   0.0139554           0  0.00326439
 -0.0164679 -0.00164394 -0.00326439           0
EndNode1[0]<--->Repeater1[0]
REAL
   0.443599 -0.00178721  -0.0153508    0.354481
-0.00178721   0.0608365   0.0133714 0.000738328
 -0.0153508   0.0133714   0.0659062  -0.0102839
   0.354481 0.000738328  -0.0102839    0.429658
IMAGINARY
           0  -0.00675088  0.000749736    0.0234755
  0.00675088            0 -0.000869093    0.0200573
-0.000749736  0.000869093            0  -0.00144584
  -0.0234755   -0.0200573   0.00144584            0
EndNode2[0]<--->HoM1[0]
REAL
   0.429471   0.0105832  0.00722259    0.360591
  0.0105832   0.0692695   0.0297831  0.00347259
 0.00722259   0.0297831   0.0617128 0.000111991
   0.360591  0.00347259 0.000111991    0.439547
IMAGINARY
          0   0.0104107  -0.0228175  -0.0165703
 -0.0104107           0  -0.0178426 -0.00496032
  0.0228175   0.0178426           0   0.0198923
  0.0165703  0.00496032  -0.0198923           0
Repeater1[0]<--->EndNode1[0]
REAL
   0.443599  -0.0153508 -0.00178721    0.354481
 -0.0153508   0.0659062   0.0133714  -0.0102839
-0.00178721   0.0133714   0.0608365 0.000738328
   0.354481  -0.0102839 0.000738328    0.429658
IMAGINARY
           0  0.000749736  -0.00675088    0.0234755
-0.000749736            0  0.000869093  -0.00144584
  0.00675088 -0.000869093            0    0.0200573
  -0.0234755   0.00144584   -0.0200573            0
Repeater1[0]<--->HoM1[0]
REAL
   0.429471  0.00722259   0.0105832    0.360591
 0.00722259   0.0617128   0.0297831 0.000111991
  0.0105832   0.0297831   0.0692695  0.00347259
   0.360591 0.000111991  0.00347259    0.439547
IMAGINARY
          0  -0.0228175   0.0104107  -0.0165703
  0.0228175           0   0.0178426   0.0198923
 -0.0104107  -0.0178426           0 -0.00496032
  0.0165703  -0.0198923  0.00496032           0
EndNode1[0]<--->Repeater1[0]
REAL
  0.437262 -0.0108979 -0.0174325   0.346015
-0.0108979  0.0798479  0.0137489 -0.0199201
-0.0174325  0.0137489  0.0532319 -0.0277653
  0.346015 -0.0199201 -0.0277653   0.429658
IMAGINARY
           0 -0.000997917   -0.0152015   0.00706071
 0.000997917            0   0.00506867    0.0120005
   0.0152015  -0.00506867            0   0.00291853
 -0.00706071   -0.0120005  -0.00291853            0
EndNode2[0]<--->HoM1[0]
REAL
  0.453761 0.00553584  0.0253235   0.356651
0.00553584  0.0739827  0.0252485  0.0099782
 0.0253235  0.0252485  0.0616523  0.0323332
  0.356651  0.0099782  0.0323332   0.410604
IMAGINARY
         0 -0.0137406 -0.0179991 -0.0179946
 0.0137406          0 -0.0137001  0.0225036
 0.0179991  0.0137001          0  0.0156711
 0.0179946 -0.0225036 -0.0156711          0
Repeater1[0]<--->EndNode1[0]
REAL
  0.437262 -0.0174325 -0.0108979   0.346015
-0.0174325  0.0532319  0.0137489 -0.0277653
-0.0108979  0.0137489  0.0798479 -0.0199201
  0.346015 -0.0277653 -0.0199201   0.429658
IMAGINARY
           0   -0.0152015 -0.000997917   0.00706071
   0.0152015            0  -0.00506867   0.00291853
 0.000997917   0.00506867            0    0.0120005
 -0.00706071  -0.00291853   -0.0120005            0
Repeater1[0]<--->HoM1[0]
REAL
  0.453761  0.0253235 0.00553584   0.356651
 0.0253235  0.0616523  0.0252485  0.0323332
0.00553584  0.0252485  0.0739827  0.0099782
  0.356651  0.0323332  0.0099782   0.410604
IMAGINARY
         0 -0.0179991 -0.0137406 -0.0179946
 0.0179991          0  0.0137001  0.0156711
 0.0137406 -0.0137001          0  0.0225036
 0.0179946 -0.0156711 -0.0225036          0
EndNode1[0]<--->Repeater1[0]
REAL
  0.430189 -0.0112005 -0.0152837    0.35681
-0.0112005  0.0628931  0.0187029 0.00365574
-0.0152837  0.0187029  0.0704403 0.00367658
   0.35681 0.00365574 0.00367658   0.436478
IMAGINARY
           0  -0.00217778 -0.000404384   0.00162044
  0.00217778            0    0.0114004   -0.0101809
 0.000404384   -0.0114004            0  0.000309784
 -0.00162044    0.0101809 -0.000309784            0
EndNode2[0]<--->HoM1[0]
REAL
   0.398742  -0.0117993 -0.00783026    0.358003
 -0.0117993   0.0742138   0.0373308 0.000894572
-0.00783026   0.0373308   0.0779874  0.00864676
   0.358003 0.000894572  0.00864676    0.449057
IMAGINARY
          0  -0.0293683  0.00506508  -0.0101643
  0.0293683           0  -0.0039745   0.0254455
-0.00506508   0.0039745           0 -0.00363298
  0.0101643  -0.0254455  0.00363298           0
Repeater1[0]<--->EndNode1[0]
REAL
  0.430189 -0.0152837 -0.0112005    0.35681
-0.0152837  0.0704403  0.0187029 0.00367658
-0.0112005  0.0187029  0.0628931 0.00365574
   0.35681 0.00367658 0.00365574   0.436478
IMAGINARY
           0 -0.000404384  -0.00217778   0.00162044
 0.000404384            0   -0.0114004  0.000309784
  0.00217778    0.0114004            0   -0.0101809
 -0.00162044 -0.000309784    0.0101809            0
Repeater1[0]<--->HoM1[0]
REAL
   0.398742 -0.00783026  -0.0117993    0.358003
-0.00783026   0.0779874   0.0373308  0.00864676
 -0.0117993   0.0373308   0.0742138 0.000894572
   0.358003  0.00864676 0.000894572    0.449057
IMAGINARY
          0  0.00506508  -0.0293683  -0.0101643
-0.00506508           0   0.0039745 -0.00363298
  0.0293683  -0.0039745           0   0.0254455
  0.0101643  0.00363298  -0.0254455           0
EndNode1[0]<--->Repeater1[0]
REAL
   0.453083   0.0131114 -0.00312243    0.356788
  0.0131114   0.0509383   0.0318223   0.0150123
-0.00312243   0.0318223   0.0817694 -0.00247306
   0.356788   0.0150123 -0.00247306    0.414209
IMAGINARY
          0  -0.0113977   0.0124078 -0.00254808
  0.0113977           0  0.00129808 -0.00630192
 -0.0124078 -0.00129808           0   0.0147899
 0.00254808  0.00630192  -0.0147899           0
EndNode2[0]<--->HoM1[0]
REAL
    0.395806   -0.0140489  -0.00585905     0.352627
  -0.0140489    0.0812582    0.0254214   0.00179401
 -0.00585905    0.0254214    0.0576671 -0.000856268
    0.352627   0.00179401 -0.000856268     0.465269
IMAGINARY
           0   -0.0109665   0.00727124  -0.00219119
   0.0109665            0  0.000386133   -0.0195261
 -0.00727124 -0.000386133            0  -0.00251393
  0.00219119    0.0195261   0.00251393            0
Repeater1[0]<--->EndNode1[0]
REAL
   0.453083 -0.00312243   0.0131114    0.356788
-0.00312243   0.0817694   0.0318223 -0.00247306
  0.0131114   0.0318223   0.0509383   0.0150123
   0.356788 -0.00247306   0.0150123    0.414209
IMAGINARY
          0   0.0124078  -0.0113977 -0.00254808
 -0.0124078           0 -0.00129808   0.0147899
  0.0113977  0.00129808           0 -0.00630192
 0.00254808  -0.0147899  0.00630192           0
Repeater1[0]<--->HoM1[0]
REAL
    0.395806  -0.00585905   -0.0140489     0.352627
 -0.00585905    0.0576671    0.0254214 -0.000856268
  -0.0140489    0.0254214    0.0812582   0.00179401
    0.352627 -0.000856268   0.00179401     0.465269
IMAGINARY
           0   0.00727124   -0.0109665  -0.00219119
 -0.00727124            0 -0.000386133  -0.00251393
   0.0109665  0.000386133            0   -0.0195261
  0.00219119   0.00251393    0.0195261            0
EndNode1[0]<--->Repeater1[0]
REAL
   0.441734 -0.00220992 -0.00255355    0.358637
-0.00220992   0.0650407   0.0181463  0.00190505
-0.00255355   0.0181463   0.0555556  0.00804649
   0.358637  0.00190505  0.00804649    0.437669
IMAGINARY
          0  0.00512061  0.00520643 -0.00706809
-0.00512061           0  -0.0157746   0.0187199
-0.00520643   0.0157746           0 -0.00450712
 0.00706809  -0.0187199  0.00450712           0
EndNode2[0]<--->HoM1[0]
REAL
   0.456683   -0.014188 -0.00476039    0.362069
  -0.014188   0.0532178   0.0154108   -0.021494
-0.00476039   0.0154108   0.0532178 -0.00623207
   0.362069   -0.021494 -0.00623207    0.436881
IMAGINARY
          0   0.0160923  -0.0011092  0.00403908
 -0.0160923           0   0.0220803  -0.0152735
  0.0011092  -0.0220803           0   0.0147072
-0.00403908   0.0152735  -0.0147072           0
Repeater1[0]<--->EndNode1[0]
REAL
   0.441734 -0.00255355 -0.00220992    0.358637
-0.00255355   0.0555556   0.0181463  0.00804649
-0.00220992   0.0181463   0.0650407  0.00190505
   0.358637  0.00804649  0.00190505    0.437669
IMAGINARY
          0  0.00520643  0.00512061 -0.00706809
-0.00520643           0   0.0157746 -0.00450712
-0.00512061  -0.0157746           0   0.0187199
 0.00706809  0.00450712  -0.0187199           0
Repeater1[0]<--->HoM1[0]
REAL
   0.456683 -0.00476039   -0.014188    0.362069
-0.00476039   0.0532178   0.0154108 -0.00623207
  -0.014188   0.0154108   0.0532178   -0.021494
   0.362069 -0.00623207   -0.021494    0.436881
IMAGINARY
          0  -0.0011092   0.0160923  0.00403908
  0.0011092           0  -0.0220803   0.0147072
 -0.0160923   0.0220803           0  -0.0152735
-0.00403908  -0.0147072   0.0152735           0
EndNode1[0]<--->Repeater1[0]
REAL
   0.429919  0.00569693 -0.00648186    0.361506
 0.00569693   0.0768194   0.0115708  -0.0024925
-0.00648186   0.0115708   0.0754717 -0.00056873
   0.361506  -0.0024925 -0.00056873     0.41779
IMAGINARY
          0   0.0102356 -0.00443829   0.0318601
 -0.0102356           0  0.00114115  -0.0169071
 0.00443829 -0.00114115           0  -0.0044141
 -0.0318601   0.0169071   0.0044141           0
EndNode2[0]<--->HoM1[0]
REAL
  0.424566 -0.0045966 0.00195822   0.348065
-0.0045966  0.0654206  0.0109433 0.00195822
0.00195822  0.0109433  0.0761015 0.00590209
  0.348065 0.00195822 0.00590209   0.433912
IMAGINARY
           0    0.0202883  0.000829928   -0.0129168
  -0.0202883            0    0.0141637   -0.0197693
-0.000829928   -0.0141637            0  -0.00766202
   0.0129168    0.0197693   0.00766202            0
Repeater1[0]<--->EndNode1[0]
REAL
   0.429919 -0.00648186  0.00569693    0.361506
-0.00648186   0.0754717   0.0115708 -0.00056873
 0.00569693   0.0115708   0.0768194  -0.0024925
   0.361506 -0.00056873  -0.0024925     0.41779
IMAGINARY
          0 -0.00443829   0.0102356   0.0318601
 0.00443829           0 -0.00114115  -0.0044141
 -0.0102356  0.00114115           0  -0.0169071
 -0.0318601   0.0044141   0.0169071           0
Repeater1[0]<--->HoM1[0]
REAL
  0.424566 0.00195822 -0.0045966   0.348065
0.00195822  0.0761015  0.0109433 0.00590209
-0.0045966  0.0109433  0.0654206 0.00195822
  0.348065 0.00590209 0.00195822   0.433912
IMAGINARY
           0  0.000829928    0.0202883   -0.0129168
-0.000829928            0   -0.0141637  -0.00766202
  -0.0202883    0.0141637            0   -0.0197693
   0.0129168   0.00766202    0.0197693            0
EndNode1[0]<--->Repeater1[0]
REAL
  0.456189 0.00320342 -0.0203425   0.347503
0.00320342  0.0653686  0.0229632  0.0229332
-0.0203425  0.0229632  0.0709318 0.00197793
  0.347503  0.0229332 0.00197793    0.40751
IMAGINARY
          0  -0.0219751   0.0279991  0.00959549
  0.0219751           0   0.0044804  0.00819717
 -0.0279991  -0.0044804           0 -0.00808623
-0.00959549 -0.00819717  0.00808623           0
EndNode2[0]<--->HoM1[0]
REAL
  0.412483  0.0157372  0.0159468   0.356198
 0.0157372  0.0569878  0.0215525 0.00483564
 0.0159468  0.0215525  0.0691995 -0.0194046
  0.356198 0.00483564 -0.0194046    0.46133
IMAGINARY
           0  0.000288176 -0.000702977   0.00470285
-0.000288176            0    0.0114679   -0.0255437
 0.000702977   -0.0114679            0  -0.00291285
 -0.00470285    0.0255437   0.00291285            0
Repeater1[0]<--->EndNode1[0]
REAL
  0.456189 -0.0203425 0.00320342   0.347503
-0.0203425  0.0709318  0.0229632 0.00197793
0.00320342  0.0229632  0.0653686  0.0229332
  0.347503 0.00197793  0.0229332    0.40751
IMAGINARY
          0   0.0279991  -0.0219751  0.00959549
 -0.0279991           0  -0.0044804 -0.00808623
  0.0219751   0.0044804           0  0.00819717
-0.00959549  0.00808623 -0.00819717           0
Repeater1[0]<--->HoM1[0]
REAL
  0.412483  0.0159468  0.0157372   0.356198
 0.0159468  0.0691995  0.0215525 -0.0194046
 0.0157372  0.0215525  0.0569878 0.00483564
  0.356198 -0.0194046 0.00483564    0.46133
IMAGINARY
           0 -0.000702977  0.000288176   0.00470285
 0.000702977            0   -0.0114679  -0.00291285
-0.000288176    0.0114679            0   -0.0255437
 -0.00470285   0.00291285    0.0255437            0
EndNode1[0]<--->Repeater1[0]
REAL
   0.444444 -0.00968551  0.00418937    0.355266
-0.00968551   0.0614379    0.036626   0.0144721
 0.00418937    0.036626   0.0588235    0.012903
   0.355266   0.0144721    0.012903    0.435294
IMAGINARY
          0  -0.0136326 -0.00191481  -0.0111863
  0.0136326           0  -0.0311379  0.00317425
 0.00191481   0.0311379           0    0.017411
  0.0111863 -0.00317425   -0.017411           0
EndNode2[0]<--->HoM1[0]
REAL
   0.446154 7.03306e-05   -0.010877     0.35129
7.03306e-05   0.0692308   0.0146102  0.00640698
  -0.010877   0.0146102   0.0653846  0.00695394
    0.35129  0.00640698  0.00695394    0.419231
IMAGINARY
          0  -0.0214426   0.0364449  -0.0212287
  0.0214426           0 -0.00289127  0.00840114
 -0.0364449  0.00289127           0  -0.0234034
  0.0212287 -0.00840114   0.0234034           0
Repeater1[0]<--->EndNode1[0]
REAL
   0.444444  0.00418937 -0.00968551    0.355266
 0.00418937   0.0588235    0.036626    0.012903
-0.00968551    0.036626   0.0614379   0.0144721
   0.355266    0.012903   0.0144721    0.435294
IMAGINARY
          0 -0.00191481  -0.0136326  -0.0111863
 0.00191481           0   0.0311379    0.017411
  0.0136326  -0.0311379           0  0.00317425
  0.0111863   -0.017411 -0.00317425           0
Repeater1[0]<--->HoM1[0]
REAL
   0.446154   -0.010877 7.03306e-05     0.35129
  -0.010877   0.0653846   0.0146102  0.00695394
7.03306e-05   0.0146102   0.0692308  0.00640698
    0.35129  0.00695394  0.00640698    0.419231
IMAGINARY
          0   0.0364449  -0.0214426  -0.0212287
 -0.0364449           0  0.00289127  -0.0234034
  0.0214426 -0.00289127           0  0.00840114
  0.0212287   0.0234034 -0.00840114           0
EndNode1[0]<--->Repeater1[0]
REAL
  0.422785 -0.0111343 -0.0148386    0.35273
-0.0111343   0.064557  0.0309614  0.0179991
-0.0148386  0.0309614  0.0911392  0.0117664
   0.35273  0.0179991  0.0117664   0.421519
IMAGINARY
          0 -0.00123106   0.0232465 -0.00193393
 0.00123106           0  0.00130022  0.00600516
 -0.0232465 -0.00130022           0  -0.0293812
 0.00193393 -0.00600516   0.0293812           0
EndNode2[0]<--->HoM1[0]
REAL
      0.435   0.0163685  -0.0113114    0.349613
  0.0163685     0.06375   0.0334361  0.00539812
 -0.0113114   0.0334361     0.07375 -0.00257088
   0.349613  0.00539812 -0.00257088      0.4275
IMAGINARY
           0   0.00220333   -0.0077682    0.0109917
 -0.00220333            0  0.000296497  -0.00203572
   0.0077682 -0.000296497            0  0.000247654
  -0.0109917   0.00203572 -0.000247654            0
Repeater1[0]<--->EndNode1[0]
REAL
  0.422785 -0.0148386 -0.0111343    0.35273
-0.0148386  0.0911392  0.0309614  0.0117664
-0.0111343  0.0309614   0.064557  0.0179991
   0.35273  0.0117664  0.0179991   0.421519
IMAGINARY
          0   0.0232465 -0.00123106 -0.00193393
 -0.0232465           0 -0.00130022  -0.0293812
 0.00123106  0.00130022           0  0.00600516
 0.00193393   0.0293812 -0.00600516           0
Repeater1[0]<--->HoM1[0]
REAL
      0.435  -0.0113114   0.0163685    0.349613
 -0.0113114     0.07375   0.0334361 -0.00257088
  0.0163685   0.0334361     0.06375  0.00539812
   0.349613 -0.00257088  0.00539812      0.4275
IMAGINARY
           0   -0.0077682   0.00220333    0.0109917
   0.0077682            0 -0.000296497  0.000247654
 -0.00220333  0.000296497            0  -0.00203572
  -0.0109917 -0.000247654   0.00203572            0
EndNode1[0]<--->Repeater1[0]
REAL
   0.430968  -0.0175904 -0.00619255    0.348667
 -0.0175904   0.0567742   0.0196513   0.0146671
-0.00619255   0.0196513   0.0696774  -0.0169598
   0.348667   0.0146671  -0.0169598    0.442581
IMAGINARY
           0   -0.0205846   0.00291325  -0.00305195
   0.0205846            0   0.00694805  0.000972759
 -0.00291325  -0.00694805            0   0.00115454
  0.00305195 -0.000972759  -0.00115454            0
EndNode2[0]<--->HoM1[0]
REAL
   0.429104 0.000648824  -0.0235557    0.350084
0.000648824   0.0758706    0.027154   0.0261132
 -0.0235557    0.027154   0.0609453    0.017254
   0.350084   0.0261132    0.017254     0.43408
IMAGINARY
          0 -0.00319038 -0.00766156   0.0153412
 0.00319038           0  0.00828086   0.0121202
 0.00766156 -0.00828086           0 -0.00763765
 -0.0153412  -0.0121202  0.00763765           0
Repeater1[0]<--->EndNode1[0]
REAL
   0.430968 -0.00619255  -0.0175904    0.348667
-0.00619255   0.0696774   0.0196513  -0.0169598
 -0.0175904   0.0196513   0.0567742   0.0146671
   0.348667  -0.0169598   0.0146671    0.442581
IMAGINARY
           0   0.00291325   -0.0205846  -0.00305195
 -0.00291325            0  -0.00694805   0.00115454
   0.0205846   0.00694805            0  0.000972759
  0.00305195  -0.00115454 -0.000972759            0
Repeater1[0]<--->HoM1[0]
REAL
   0.429104  -0.0235557 0.000648824    0.350084
 -0.0235557   0.0609453    0.027154    0.017254
0.000648824    0.027154   0.0758706   0.0261132
   0.350084    0.017254   0.0261132     0.43408
IMAGINARY
          0 -0.00766156 -0.00319038   0.0153412
 0.00766156           0 -0.00828086 -0.00763765
 0.00319038  0.00828086           0   0.0121202
 -0.0153412  0.00763765  -0.0121202           0
EndNode1[0]<--->Repeater1[0]
REAL
   0.417817 -0.00126377 -0.00952649    0.354553
-0.00126377   0.0564617   0.0337514   0.0154398
-0.00952649   0.0337514   0.0664994 -0.00990574
   0.354553   0.0154398 -0.00990574    0.459222
IMAGINARY
          0  0.00808439  -0.0115355  0.00163856
-0.00808439           0   0.0157411   0.0178012
  0.0115355  -0.0157411           0  -0.0156032
-0.00163856  -0.0178012   0.0156032           0
EndNode2[0]<--->HoM1[0]
REAL
   0.432326  0.00678049 -0.00345751    0.355749
 0.00678049   0.0630749   0.0300731  -0.0147357
-0.00345751   0.0300731   0.0565046  0.00137509
   0.355749  -0.0147357  0.00137509    0.448095
IMAGINARY
          0  -0.0101518   0.0148102  -0.0273082
  0.0101518           0 -0.00273984 -0.00670214
 -0.0148102  0.00273984           0  0.00339502
  0.0273082  0.00670214 -0.00339502           0
Repeater1[0]<--->EndNode1[0]
REAL
   0.417817 -0.00952649 -0.00126377    0.354553
-0.00952649   0.0664994   0.0337514 -0.00990574
-0.00126377   0.0337514   0.0564617   0.0154398
   0.354553 -0.00990574   0.0154398    0.459222
IMAGINARY
          0  -0.0115355  0.00808439  0.00163856
  0.0115355           0  -0.0157411  -0.0156032
-0.00808439   0.0157411           0   0.0178012
-0.00163856   0.0156032  -0.0178012           0
Repeater1[0]<--->HoM1[0]
REAL
   0.432326 -0.00345751  0.00678049    0.355749
-0.00345751   0.0565046   0.0300731  0.00137509
 0.00678049   0.0300731   0.0630749  -0.0147357
   0.355749  0.00137509  -0.0147357    0.448095
IMAGINARY
          0   0.0148102  -0.0101518  -0.0273082
 -0.0148102           0  0.00273984  0.00339502
  0.0101518 -0.00273984           0 -0.00670214
  0.0273082 -0.00339502  0.00670214           0
EndNode1[0]<--->Repeater1[0]
REAL
  0.477124 -0.0100782 0.00382958   0.348161
-0.0100782   0.069281  0.0200951  0.0168731
0.00382958  0.0200951  0.0797386  0.0144696
  0.348161  0.0168731  0.0144696   0.373856
IMAGINARY
           0  0.000117417     0.017504   -0.0138418
-0.000117417            0  -0.00668963  -0.00170126
   -0.017504   0.00668963            0   0.00430736
   0.0138418   0.00170126  -0.00430736            0
EndNode2[0]<--->HoM1[0]
REAL
    0.441176   0.00148283 -0.000124323     0.348581
  0.00148283    0.0895722    0.0130198   0.00351645
-0.000124323    0.0130198     0.065508   -0.0170866
    0.348581   0.00351645   -0.0170866     0.403743
IMAGINARY
          0 -0.00219327   0.0164723  -0.0322631
 0.00219327           0  0.00771225 -0.00444023
 -0.0164723 -0.00771225           0  0.00486707
  0.0322631  0.00444023 -0.00486707           0
Repeater1[0]<--->EndNode1[0]
REAL
  0.477124 0.00382958 -0.0100782   0.348161
0.00382958  0.0797386  0.0200951  0.0144696
-0.0100782  0.0200951   0.069281  0.0168731
  0.348161  0.0144696  0.0168731   0.373856
IMAGINARY
           0     0.017504  0.000117417   -0.0138418
   -0.017504            0   0.00668963   0.00430736
-0.000117417  -0.00668963            0  -0.00170126
   0.0138418  -0.00430736   0.00170126            0
Repeater1[0]<--->HoM1[0]
REAL
    0.441176 -0.000124323   0.00148283     0.348581
-0.000124323     0.065508    0.0130198   -0.0170866
  0.00148283    0.0130198    0.0895722   0.00351645
    0.348581   -0.0170866   0.00351645     0.403743
IMAGINARY
          0   0.0164723 -0.00219327  -0.0322631
 -0.0164723           0 -0.00771225  0.00486707
 0.00219327  0.00771225           0 -0.00444023
  0.0322631 -0.00486707  0.00444023           0
EndNode1[0]<--->Repeater1[0]
REAL
   0.419048  0.00285891  -0.0153018    0.361445
 0.00285891   0.0585034   0.0330204   0.0146583
 -0.0153018   0.0330204   0.0761905 -0.00350241
   0.361445   0.0146583 -0.00350241    0.446259
IMAGINARY
          0  -0.0249401   0.0133794  0.00216126
  0.0249401           0 -0.00539541  0.00774736
 -0.0133794  0.00539541           0 -0.00130828
-0.00216126 -0.00774736  0.00130828           0
EndNode2[0]<--->HoM1[0]
REAL
   0.431347  -0.0161279 -0.00142073    0.344817
 -0.0161279   0.0686528   0.0142436  -0.0260961
-0.00142073   0.0142436   0.0686528 -0.00467749
   0.344817  -0.0260961 -0.00467749    0.431347
IMAGINARY
          0  -0.0247762   0.0151367 -0.00269821
  0.0247762           0   0.0109157  0.00206074
 -0.0151367  -0.0109157           0  0.00630487
 0.00269821 -0.00206074 -0.00630487           0
Repeater1[0]<--->EndNode1[0]
REAL
   0.419048  -0.0153018  0.00285891    0.361445
 -0.0153018   0.0761905   0.0330204 -0.00350241
 0.00285891   0.0330204   0.0585034   0.0146583
   0.361445 -0.00350241   0.0146583    0.446259
IMAGINARY
          0   0.0133794  -0.0249401  0.00216126
 -0.0133794           0  0.00539541 -0.00130828
  0.0249401 -0.00539541           0  0.00774736
-0.00216126  0.00130828 -0.00774736           0
Repeater1[0]<--->HoM1[0]
REAL
   0.431347 -0.00142073  -0.0161279    0.344817
-0.00142073   0.0686528   0.0142436 -0.00467749
 -0.0161279   0.0142436   0.0686528  -0.0260961
   0.344817 -0.00467749  -0.0260961    0.431347
IMAGINARY
          0   0.0151367  -0.0247762 -0.00269821
 -0.0151367           0  -0.0109157  0.00630487
  0.0247762   0.0109157           0  0.00206074
 0.00269821 -0.00630487 -0.00206074           0
EndNode1[0]<--->Repeater1[0]
REAL
   0.427867  0.00940446 -0.00236542    0.344658
 0.00940446   0.0690506   0.0146578   0.0258128
-0.00236542   0.0146578   0.0739827   0.0203801
   0.344658   0.0258128   0.0203801      0.4291
IMAGINARY
          0 -0.00316524  -0.0109565   0.0081228
 0.00316524           0  0.00473067   0.0234565
  0.0109565 -0.00473067           0  -0.0143348
 -0.0081228  -0.0234565   0.0143348           0
EndNode2[0]<--->HoM1[0]
REAL
    0.430499  -0.00350225   -0.0265377     0.344877
 -0.00350225    0.0796221    0.0251235 -0.000962276
  -0.0265377    0.0251235    0.0769231   0.00100225
    0.344877 -0.000962276   0.00100225     0.412955
IMAGINARY
           0    0.0315252   -0.0218364 -0.000164219
  -0.0315252            0    0.0102652   0.00455247
   0.0218364   -0.0102652            0  -0.00189554
 0.000164219  -0.00455247   0.00189554            0
Repeater1[0]<--->EndNode1[0]
REAL
   0.427867 -0.00236542  0.00940446    0.344658
-0.00236542   0.0739827   0.0146578   0.0203801
 0.00940446   0.0146578   0.0690506   0.0258128
   0.344658   0.0203801   0.0258128      0.4291
IMAGINARY
          0  -0.0109565 -0.00316524   0.0081228
  0.0109565           0 -0.00473067  -0.0143348
 0.00316524  0.00473067           0   0.0234565
 -0.0081228   0.0143348  -0.0234565           0
Repeater1[0]<--->HoM1[0]
REAL
    0.430499   -0.0265377  -0.00350225     0.344877
  -0.0265377    0.0769231    0.0251235   0.00100225
 -0.00350225    0.0251235    0.0796221 -0.000962276
    0.344877   0.00100225 -0.000962276     0.412955
IMAGINARY
           0   -0.0218364    0.0315252 -0.000164219
   0.0218364            0   -0.0102652  -0.00189554
  -0.0315252    0.0102652            0   0.00455247
 0.000164219   0.00189554  -0.00455247            0
EndNode1[0]<--->Repeater1[0]
REAL
  0.408922 -0.0155458  0.0163779   0.347894
-0.0155458  0.0557621  0.0274449 0.00801237
 0.0163779  0.0274449  0.0780669   0.034516
  0.347894 0.00801237   0.034516   0.457249
IMAGINARY
          0  -0.0107627  0.00952452   0.0123621
  0.0107627           0  0.00312732  0.00419119
-0.00952452 -0.00312732           0   0.0145033
 -0.0123621 -0.00419119  -0.0145033           0
EndNode2[0]<--->HoM1[0]
REAL
  0.442513 -0.0105549 0.00520876   0.350161
-0.0105549  0.0668449  0.0254862 0.00256326
0.00520876  0.0254862  0.0641711  0.0235083
  0.350161 0.00256326  0.0235083   0.426471
IMAGINARY
          0  0.00488942 -0.00983396  -0.0159136
-0.00488942           0  0.00444262  0.00334045
 0.00983396 -0.00444262           0 -0.00748682
  0.0159136 -0.00334045  0.00748682           0
Repeater1[0]<--->EndNode1[0]
REAL
  0.408922  0.0163779 -0.0155458   0.347894
 0.0163779  0.0780669  0.0274449   0.034516
-0.0155458  0.0274449  0.0557621 0.00801237
  0.347894   0.034516 0.00801237   0.457249
IMAGINARY
          0  0.00952452  -0.0107627   0.0123621
-0.00952452           0 -0.00312732   0.0145033
  0.0107627  0.00312732           0  0.00419119
 -0.0123621  -0.0145033 -0.00419119           0
Repeater1[0]<--->HoM1[0]
REAL
  0.442513 0.00520876 -0.0105549   0.350161
0.00520876  0.0641711  0.0254862  0.0235083
-0.0105549  0.0254862  0.0668449 0.00256326
  0.350161  0.0235083 0.00256326   0.426471
IMAGINARY
          0 -0.00983396  0.00488942  -0.0159136
 0.00983396           0 -0.00444262 -0.00748682
-0.00488942  0.00444262           0  0.00334045
  0.0159136  0.00748682 -0.00334045           0
EndNode1[0]<--->Repeater1[0]
REAL
   0.430628  -0.0146849  0.00400081     0.35151
 -0.0146849   0.0628272   0.0198645 -0.00463133
 0.00400081   0.0198645   0.0732984  0.00144409
    0.35151 -0.00463133  0.00144409    0.433246
IMAGINARY
           0   0.00989027 -0.000371901  -0.00191325
 -0.00989027            0  -0.00656133  -0.00215974
 0.000371901   0.00656133            0   -0.0162194
  0.00191325   0.00215974    0.0162194            0
EndNode2[0]<--->HoM1[0]
REAL
   0.425333   0.0184565 0.000336822    0.342793
  0.0184565   0.0706667   0.0267155 -0.00679677
0.000336822   0.0267155   0.0746667  -0.0262085
   0.342793 -0.00679677  -0.0262085    0.429333
IMAGINARY
           0   -0.0192308   0.00703667  -0.00507353
   0.0192308            0    0.0125735    0.0130608
