EndNode1[0]<--->Repeater1[0]
REAL
    0.41335 -0.00458768  -0.0212999    0.340926
-0.00458768   0.0924262   0.0450635  -0.0130407
 -0.0212999   0.0450635   0.0860077  -0.0366211
   0.340926  -0.0130407  -0.0366211    0.408216
IMAGINARY
          0  -0.0147393   -0.003033 -0.00661432
  0.0147393           0  0.00725782  0.00234334
   0.003033 -0.00725782           0   0.0181876
 0.00661432 -0.00234334  -0.0181876           0
EndNode2[0]<--->HoM1[0]
REAL
   0.420984    0.012537  0.00765836    0.340918
   0.012537    0.102332   0.0339236 -0.00196936
 0.00765836   0.0339236    0.102332 -0.00558379
   0.340918 -0.00196936 -0.00558379    0.374352
IMAGINARY
          0 -0.00543113 -0.00202482  0.00499211
 0.00543113           0  0.00692759   0.0085015
 0.00202482 -0.00692759           0 -0.00234089
-0.00499211  -0.0085015  0.00234089           0
Repeater1[0]<--->EndNode1[0]
REAL
    0.41335  -0.0212999 -0.00458768    0.340926
 -0.0212999   0.0860077   0.0450635  -0.0366211
-0.00458768   0.0450635   0.0924262  -0.0130407
   0.340926  -0.0366211  -0.0130407    0.408216
IMAGINARY
          0   -0.003033  -0.0147393 -0.00661432
   0.003033           0 -0.00725782   0.0181876
  0.0147393  0.00725782           0  0.00234334
 0.00661432  -0.0181876 -0.00234334           0
Repeater1[0]<--->HoM1[0]
REAL
   0.420984  0.00765836    0.012537    0.340918
 0.00765836    0.102332   0.0339236 -0.00558379
   0.012537   0.0339236    0.102332 -0.00196936
   0.340918 -0.00558379 -0.00196936    0.374352
IMAGINARY
          0 -0.00202482 -0.00543113  0.00499211
 0.00202482           0 -0.00692759 -0.00234089
 0.00543113  0.00692759           0   0.0085015
-0.00499211  0.00234089  -0.0085015           0
EndNode1[0]<--->Repeater1[0]
REAL
    0.375162 -0.000730813   0.00616241     0.334393
-0.000730813    0.0931436     0.042301   -0.0278426
  0.00616241     0.042301    0.0853816   -0.0223044
    0.334393   -0.0278426   -0.0223044     0.446313
IMAGINARY
          0  -0.0240644   -0.018255 -0.00851582
  0.0240644           0 -0.00851582  0.00294885
   0.018255  0.00851582           0   0.0125848
 0.00851582 -0.00294885  -0.0125848           0
EndNode2[0]<--->HoM1[0]
REAL
   0.419817 -0.00905907 -0.00741607    0.347039
-0.00905907   0.0925684   0.0379606  0.00366607
-0.00741607   0.0379606   0.0756193 -0.00219093
   0.347039  0.00366607 -0.00219093    0.411995
IMAGINARY
          0    0.010761  -0.0153682    0.027436
  -0.010761           0  0.00381398 -0.00399095
  0.0153682 -0.00381398           0   0.0019226
  -0.027436  0.00399095  -0.0019226           0
Repeater1[0]<--->EndNode1[0]
REAL
    0.375162   0.00616241 -0.000730813     0.334393
  0.00616241    0.0853816     0.042301   -0.0223044
-0.000730813     0.042301    0.0931436   -0.0278426
    0.334393   -0.0223044   -0.0278426     0.446313
IMAGINARY
          0   -0.018255  -0.0240644 -0.00851582
   0.018255           0  0.00851582   0.0125848
  0.0240644 -0.00851582           0  0.00294885
 0.00851582  -0.0125848 -0.00294885           0
Repeater1[0]<--->HoM1[0]
REAL
   0.419817 -0.00741607 -0.00905907    0.347039
-0.00741607   0.0756193   0.0379606 -0.00219093
-0.00905907   0.0379606   0.0925684  0.00366607
   0.347039 -0.00219093  0.00366607    0.411995
IMAGINARY
          0  -0.0153682    0.010761    0.027436
  0.0153682           0 -0.00381398   0.0019226
  -0.010761  0.00381398           0 -0.00399095
  -0.027436  -0.0019226  0.00399095           0
EndNode1[0]<--->Repeater1[0]
REAL
    0.412451   0.00191088   0.00418891     0.334461
  0.00191088    0.0998703     0.036261  -0.00228777
  0.00418891     0.036261     0.080415 -9.73696e-06
    0.334461  -0.00228777 -9.73696e-06     0.407263
IMAGINARY
          0  0.00447155  0.00871303   0.0248117
-0.00447155           0  -0.0195898   0.0105672
-0.00871303   0.0195898           0   -0.017325
 -0.0248117  -0.0105672    0.017325           0
EndNode2[0]<--->HoM1[0]
REAL
   0.448799 -0.00245917   0.0018641    0.355198
-0.00245917   0.0771176   0.0476513 -0.00575011
  0.0018641   0.0476513   0.0758534   0.0102312
   0.355198 -0.00575011   0.0102312     0.39823
IMAGINARY
          0   0.0126413  -0.0305481  0.00802075
 -0.0126413           0 -0.00990754   0.0123091
  0.0305481  0.00990754           0  0.00433986
-0.00802075  -0.0123091 -0.00433986           0
Repeater1[0]<--->EndNode1[0]
REAL
    0.412451   0.00418891   0.00191088     0.334461
  0.00418891     0.080415     0.036261 -9.73696e-06
  0.00191088     0.036261    0.0998703  -0.00228777
    0.334461 -9.73696e-06  -0.00228777     0.407263
IMAGINARY
          0  0.00871303  0.00447155   0.0248117
-0.00871303           0   0.0195898   -0.017325
-0.00447155  -0.0195898           0   0.0105672
 -0.0248117    0.017325  -0.0105672           0
Repeater1[0]<--->HoM1[0]
REAL
   0.448799   0.0018641 -0.00245917    0.355198
  0.0018641   0.0758534   0.0476513   0.0102312
-0.00245917   0.0476513   0.0771176 -0.00575011
   0.355198   0.0102312 -0.00575011     0.39823
IMAGINARY
          0  -0.0305481   0.0126413  0.00802075
  0.0305481           0  0.00990754  0.00433986
 -0.0126413 -0.00990754           0   0.0123091
-0.00802075 -0.00433986  -0.0123091           0
EndNode1[0]<--->Repeater1[0]
REAL
  0.421466 -0.0115465  0.0128845   0.342278
-0.0115465   0.100785   0.042031 -0.0182036
 0.0128845   0.042031  0.0850785 0.00223798
  0.342278 -0.0182036 0.00223798    0.39267
IMAGINARY
           0   0.00840226   0.00935736    -0.012575
 -0.00840226            0  -0.00073294   -0.0235374
 -0.00935736   0.00073294            0  0.000845584
    0.012575    0.0235374 -0.000845584            0
EndNode2[0]<--->HoM1[0]
REAL
  0.419226  0.0152874   0.023227   0.352101
 0.0152874  0.0894526  0.0325627 0.00148785
  0.023227  0.0325627  0.0947931  0.0132297
  0.352101 0.00148785  0.0132297   0.396529
IMAGINARY
          0  -0.0108968  0.00327963   0.0031941
  0.0108968           0  -0.0130221   0.0258927
-0.00327963   0.0130221           0  -0.0114913
 -0.0031941  -0.0258927   0.0114913           0
Repeater1[0]<--->EndNode1[0]
REAL
  0.421466  0.0128845 -0.0115465   0.342278
 0.0128845  0.0850785   0.042031 0.00223798
-0.0115465   0.042031   0.100785 -0.0182036
  0.342278 0.00223798 -0.0182036    0.39267
IMAGINARY
           0   0.00935736   0.00840226    -0.012575
 -0.00935736            0   0.00073294  0.000845584
 -0.00840226  -0.00073294            0   -0.0235374
    0.012575 -0.000845584    0.0235374            0
Repeater1[0]<--->HoM1[0]
REAL
  0.419226   0.023227  0.0152874   0.352101
  0.023227  0.0947931  0.0325627  0.0132297
 0.0152874  0.0325627  0.0894526 0.00148785
  0.352101  0.0132297 0.00148785   0.396529
IMAGINARY
          0  0.00327963  -0.0108968   0.0031941
-0.00327963           0   0.0130221  -0.0114913
  0.0108968  -0.0130221           0   0.0258927
 -0.0031941   0.0114913  -0.0258927           0
EndNode1[0]<--->Repeater1[0]
REAL
    0.43038  -0.0112572  -0.0189089    0.352639
 -0.0112572   0.0898734   0.0420239  0.00345949
 -0.0189089   0.0420239   0.0898734 -0.00559678
   0.352639  0.00345949 -0.00559678    0.389873
IMAGINARY
          0  0.00874661 -0.00218186   0.0225314
-0.00874661           0   0.0201042 -0.00565891
 0.00218186  -0.0201042           0  -0.0069372
 -0.0225314  0.00565891   0.0069372           0
EndNode2[0]<--->HoM1[0]
REAL
   0.450723 -0.00684085 -0.00589438    0.339376
-0.00684085   0.0854139   0.0547414 -0.00129517
-0.00589438   0.0547414    0.086728  -0.0304141
   0.339376 -0.00129517  -0.0304141    0.377135
IMAGINARY
          0    0.023966  0.00430724  0.00676966
  -0.023966           0  0.00359304  -0.0219395
-0.00430724 -0.00359304           0 -0.00507436
-0.00676966   0.0219395  0.00507436           0
Repeater1[0]<--->EndNode1[0]
REAL
    0.43038  -0.0189089  -0.0112572    0.352639
 -0.0189089   0.0898734   0.0420239 -0.00559678
 -0.0112572   0.0420239   0.0898734  0.00345949
   0.352639 -0.00559678  0.00345949    0.389873
IMAGINARY
          0 -0.00218186  0.00874661   0.0225314
 0.00218186           0  -0.0201042  -0.0069372
-0.00874661   0.0201042           0 -0.00565891
 -0.0225314   0.0069372  0.00565891           0
Repeater1[0]<--->HoM1[0]
REAL
   0.450723 -0.00589438 -0.00684085    0.339376
-0.00589438    0.086728   0.0547414  -0.0304141
-0.00684085   0.0547414   0.0854139 -0.00129517
   0.339376  -0.0304141 -0.00129517    0.377135
IMAGINARY
          0  0.00430724    0.023966  0.00676966
-0.00430724           0 -0.00359304 -0.00507436
  -0.023966  0.00359304           0  -0.0219395
-0.00676966  0.00507436   0.0219395           0
EndNode1[0]<--->Repeater1[0]
REAL
   0.413486  -0.0182424 -0.00092962    0.332247
 -0.0182424   0.0890585   0.0422869  0.00900415
-0.00092962   0.0422869   0.0966921   0.0275591
   0.332247  0.00900415   0.0275591    0.400763
IMAGINARY
         0  0.0128653 -0.0257974  0.0102378
-0.0128653          0 -0.0102378 -0.0105302
 0.0257974  0.0102378          0  0.0115733
-0.0102378  0.0105302 -0.0115733          0
EndNode2[0]<--->HoM1[0]
REAL
    0.4083   0.018141  0.0175664   0.340072
  0.018141  0.0910308   0.044344 0.00451155
 0.0175664   0.044344  0.0950469  0.0104304
  0.340072 0.00451155  0.0104304   0.405622
IMAGINARY
           0    0.0084891   -0.0218403 -0.000721501
  -0.0084891            0  -0.00721501   0.00648647
   0.0218403   0.00721501            0      0.01087
 0.000721501  -0.00648647     -0.01087            0
Repeater1[0]<--->EndNode1[0]
REAL
   0.413486 -0.00092962  -0.0182424    0.332247
-0.00092962   0.0966921   0.0422869   0.0275591
 -0.0182424   0.0422869   0.0890585  0.00900415
   0.332247   0.0275591  0.00900415    0.400763
IMAGINARY
         0 -0.0257974  0.0128653  0.0102378
 0.0257974          0  0.0102378  0.0115733
-0.0128653 -0.0102378          0 -0.0105302
-0.0102378 -0.0115733  0.0105302          0
Repeater1[0]<--->HoM1[0]
REAL
    0.4083  0.0175664   0.018141   0.340072
 0.0175664  0.0950469   0.044344  0.0104304
  0.018141   0.044344  0.0910308 0.00451155
  0.340072  0.0104304 0.00451155   0.405622
IMAGINARY
           0   -0.0218403    0.0084891 -0.000721501
   0.0218403            0   0.00721501      0.01087
  -0.0084891  -0.00721501            0   0.00648647
 0.000721501     -0.01087  -0.00648647            0
EndNode1[0]<--->Repeater1[0]
REAL
   0.401077  0.00597508   0.0130875     0.34113
 0.00597508    0.106326   0.0517275   0.0060452
  0.0130875   0.0517275   0.0915209 -0.00980161
    0.34113   0.0060452 -0.00980161    0.401077
IMAGINARY
          0  -0.0173008 -0.00334232 -0.00466676
  0.0173008           0  0.00589225   0.0250815
 0.00334232 -0.00589225           0   0.0159421
 0.00466676  -0.0250815  -0.0159421           0
EndNode2[0]<--->HoM1[0]
REAL
   0.429792 -0.00185684  -0.0205995    0.352556
-0.00185684   0.0854701   0.0229358 -0.00757871
 -0.0205995   0.0229358   0.0842491  -0.0250108
   0.352556 -0.00757871  -0.0250108    0.400488
IMAGINARY
          0 -0.00518005   0.0123315  0.00745094
 0.00518005           0 -0.00546419  0.00405122
 -0.0123315  0.00546419           0 -0.00858141
-0.00745094 -0.00405122  0.00858141           0
Repeater1[0]<--->EndNode1[0]
REAL
   0.401077   0.0130875  0.00597508     0.34113
  0.0130875   0.0915209   0.0517275 -0.00980161
 0.00597508   0.0517275    0.106326   0.0060452
    0.34113 -0.00980161   0.0060452    0.401077
IMAGINARY
          0 -0.00334232  -0.0173008 -0.00466676
 0.00334232           0 -0.00589225   0.0159421
  0.0173008  0.00589225           0   0.0250815
 0.00466676  -0.0159421  -0.0250815           0
Repeater1[0]<--->HoM1[0]
REAL
   0.429792  -0.0205995 -0.00185684    0.352556
 -0.0205995   0.0842491   0.0229358  -0.0250108
-0.00185684   0.0229358   0.0854701 -0.00757871
   0.352556  -0.0250108 -0.00757871    0.400488
IMAGINARY
          0   0.0123315 -0.00518005  0.00745094
 -0.0123315           0  0.00546419 -0.00858141
 0.00518005 -0.00546419           0  0.00405122
-0.00745094  0.00858141 -0.00405122           0
EndNode1[0]<--->Repeater1[0]
REAL
    0.376607   0.00220313 -0.000527402     0.342425
  0.00220313     0.096401    0.0403682    0.0229713
-0.000527402    0.0403682    0.0784062    0.0227345
    0.342425    0.0229713    0.0227345     0.448586
IMAGINARY
          0   -0.014089  0.00287767 -0.00803449
   0.014089           0  0.00540982 -0.00159232
-0.00287767 -0.00540982           0   -0.015474
 0.00803449  0.00159232    0.015474           0
EndNode2[0]<--->HoM1[0]
REAL
   0.409091   0.0038762 -0.00804167    0.351017
  0.0038762   0.0700246   0.0445654   0.0113884
-0.00804167   0.0445654   0.0823096 -0.00856161
   0.351017   0.0113884 -0.00856161    0.438575
IMAGINARY
          0  0.00304444  0.00303064   0.0100277
-0.00304444           0   0.0100277 -0.00482276
-0.00303064  -0.0100277           0   0.0130846
 -0.0100277  0.00482276  -0.0130846           0
Repeater1[0]<--->EndNode1[0]
REAL
    0.376607 -0.000527402   0.00220313     0.342425
-0.000527402    0.0784062    0.0403682    0.0227345
  0.00220313    0.0403682     0.096401    0.0229713
    0.342425    0.0227345    0.0229713     0.448586
IMAGINARY
          0  0.00287767   -0.014089 -0.00803449
-0.00287767           0 -0.00540982   -0.015474
   0.014089  0.00540982           0 -0.00159232
 0.00803449    0.015474  0.00159232           0
Repeater1[0]<--->HoM1[0]
REAL
   0.409091 -0.00804167   0.0038762    0.351017
-0.00804167   0.0823096   0.0445654 -0.00856161
  0.0038762   0.0445654   0.0700246   0.0113884
   0.351017 -0.00856161   0.0113884    0.438575
IMAGINARY
          0  0.00303064  0.00304444   0.0100277
-0.00303064           0  -0.0100277   0.0130846
-0.00304444   0.0100277           0 -0.00482276
 -0.0100277  -0.0130846  0.00482276           0
EndNode1[0]<--->Repeater1[0]
REAL
   0.41375 -0.0158398  0.0175656   0.348451
-0.0158398      0.085  0.0489519 -0.0097734
 0.0175656  0.0489519       0.11  0.0197359
  0.348451 -0.0097734  0.0197359    0.39125
IMAGINARY
          0  0.00108332 -0.00492958 -0.00513671
-0.00108332           0  -0.0152437  0.00492958
 0.00492958   0.0152437           0 -0.00358958
 0.00513671 -0.00492958  0.00358958           0
EndNode2[0]<--->HoM1[0]
REAL
   0.430147  0.00898588  0.00646581     0.34931
 0.00898588   0.0772059   0.0402917 -0.00582397
 0.00646581   0.0402917   0.0968137 -0.00320924
    0.34931 -0.00582397 -0.00320924    0.395833
IMAGINARY
           0    0.0120111 -0.000297388   -0.0141285
  -0.0120111            0    0.0025604  -0.00766017
 0.000297388   -0.0025604            0   0.00655655
   0.0141285   0.00766017  -0.00655655            0
Repeater1[0]<--->EndNode1[0]
REAL
   0.41375  0.0175656 -0.0158398   0.348451
 0.0175656       0.11  0.0489519  0.0197359
-0.0158398  0.0489519      0.085 -0.0097734
  0.348451  0.0197359 -0.0097734    0.39125
IMAGINARY
          0 -0.00492958  0.00108332 -0.00513671
 0.00492958           0   0.0152437 -0.00358958
-0.00108332  -0.0152437           0  0.00492958
 0.00513671  0.00358958 -0.00492958           0
Repeater1[0]<--->HoM1[0]
REAL
   0.430147  0.00646581  0.00898588     0.34931
 0.00646581   0.0968137   0.0402917 -0.00320924
 0.00898588   0.0402917   0.0772059 -0.00582397
    0.34931 -0.00320924 -0.00582397    0.395833
IMAGINARY
           0 -0.000297388    0.0120111   -0.0141285
 0.000297388            0   -0.0025604   0.00655655
  -0.0120111    0.0025604            0  -0.00766017
   0.0141285  -0.00655655   0.00766017            0
EndNode1[0]<--->Repeater1[0]
REAL
  0.404393 -0.0185349 -0.0181938    0.34381
-0.0185349  0.0981912  0.0350597 -0.0242019
-0.0181938  0.0350597  0.0956072 -0.0130936
   0.34381 -0.0242019 -0.0130936   0.401809
IMAGINARY
          0 -0.00560616  0.00240196  0.00703502
 0.00560616           0  -0.0151872 -0.00740196
-0.00240196   0.0151872           0  -0.0131438
-0.00703502  0.00740196   0.0131438           0
EndNode2[0]<--->HoM1[0]
REAL
   0.410475  -0.0174042  0.00571049    0.360333
 -0.0174042   0.0986602   0.0453774  -0.0276228
 0.00571049   0.0453774    0.091352 -0.00583612
   0.360333  -0.0276228 -0.00583612    0.399513
IMAGINARY
          0  -0.0139365  -0.0234657 -0.00671306
  0.0139365           0 -0.00982638 -0.00631888
  0.0234657  0.00982638           0  0.00316337
 0.00671306  0.00631888 -0.00316337           0
Repeater1[0]<--->EndNode1[0]
REAL
  0.404393 -0.0181938 -0.0185349    0.34381
-0.0181938  0.0956072  0.0350597 -0.0130936
-0.0185349  0.0350597  0.0981912 -0.0242019
   0.34381 -0.0130936 -0.0242019   0.401809
IMAGINARY
          0  0.00240196 -0.00560616  0.00703502
-0.00240196           0   0.0151872  -0.0131438
 0.00560616  -0.0151872           0 -0.00740196
-0.00703502   0.0131438  0.00740196           0
Repeater1[0]<--->HoM1[0]
REAL
   0.410475  0.00571049  -0.0174042    0.360333
 0.00571049    0.091352   0.0453774 -0.00583612
 -0.0174042   0.0453774   0.0986602  -0.0276228
   0.360333 -0.00583612  -0.0276228    0.399513
IMAGINARY
          0  -0.0234657  -0.0139365 -0.00671306
  0.0234657           0  0.00982638  0.00316337
  0.0139365 -0.00982638           0 -0.00631888
 0.00671306 -0.00316337  0.00631888           0
EndNode1[0]<--->Repeater1[0]
REAL
   0.408917  0.00448834  -0.0105633    0.342621
 0.00448834    0.109554   0.0261288   0.0268133
 -0.0105633   0.0261288   0.0802548 -0.00198834
   0.342621   0.0268133 -0.00198834    0.401274
IMAGINARY
           0   -0.0158627    0.0160678  0.000671141
   0.0158627            0   0.00536913    0.0135489
  -0.0160678  -0.00536913            0   -0.0253684
-0.000671141   -0.0135489    0.0253684            0
EndNode2[0]<--->HoM1[0]
REAL
   0.429495  0.00102843  0.00689981    0.351379
 0.00102843   0.0866753   0.0321912 0.000215322
 0.00689981   0.0321912   0.0815006 -0.00426258
   0.351379 0.000215322 -0.00426258    0.402329
IMAGINARY
          0  -0.0105991  -0.0175746   0.0111857
  0.0105991           0  0.00737862 -0.00395062
  0.0175746 -0.00737862           0   0.0284343
 -0.0111857  0.00395062  -0.0284343           0
Repeater1[0]<--->EndNode1[0]
REAL
   0.408917  -0.0105633  0.00448834    0.342621
 -0.0105633   0.0802548   0.0261288 -0.00198834
 0.00448834   0.0261288    0.109554   0.0268133
   0.342621 -0.00198834   0.0268133    0.401274
IMAGINARY
           0    0.0160678   -0.0158627  0.000671141
  -0.0160678            0  -0.00536913   -0.0253684
   0.0158627   0.00536913            0    0.0135489
-0.000671141    0.0253684   -0.0135489            0
Repeater1[0]<--->HoM1[0]
REAL
   0.429495  0.00689981  0.00102843    0.351379
 0.00689981   0.0815006   0.0321912 -0.00426258
 0.00102843   0.0321912   0.0866753 0.000215322
   0.351379 -0.00426258 0.000215322    0.402329
IMAGINARY
          0  -0.0175746  -0.0105991   0.0111857
  0.0175746           0 -0.00737862   0.0284343
  0.0105991  0.00737862           0 -0.00395062
 -0.0111857  -0.0284343  0.00395062           0
EndNode1[0]<--->Repeater1[0]
REAL
   0.420854  0.00262811  0.00946215    0.326454
 0.00262811    0.100503   0.0269491  0.00624465
 0.00946215   0.0269491   0.0942211 -0.00524591
   0.326454  0.00624465 -0.00524591    0.384422
IMAGINARY
          0   0.0144423  -0.0047799   0.0283354
 -0.0144423           0  -0.0290012 -0.00883396
  0.0047799   0.0290012           0    0.023924
 -0.0283354  0.00883396   -0.023924           0
EndNode2[0]<--->HoM1[0]
REAL
   0.402423   0.0292822  0.00679012    0.321862
  0.0292822   0.0955585   0.0499325   0.0265432
 0.00679012   0.0499325   0.0820996 -0.00107711
   0.321862   0.0265432 -0.00107711    0.419919
IMAGINARY
          0   0.0131605  -0.0121457  0.00165631
 -0.0131605           0  0.00295502 -0.00337382
  0.0121457 -0.00295502           0   -0.025981
-0.00165631  0.00337382    0.025981           0
Repeater1[0]<--->EndNode1[0]
REAL
   0.420854  0.00946215  0.00262811    0.326454
 0.00946215   0.0942211   0.0269491 -0.00524591
 0.00262811   0.0269491    0.100503  0.00624465
   0.326454 -0.00524591  0.00624465    0.384422
IMAGINARY
          0  -0.0047799   0.0144423   0.0283354
  0.0047799           0   0.0290012    0.023924
 -0.0144423  -0.0290012           0 -0.00883396
 -0.0283354   -0.023924  0.00883396           0
Repeater1[0]<--->HoM1[0]
REAL
   0.402423  0.00679012   0.0292822    0.321862
 0.00679012   0.0820996   0.0499325 -0.00107711
  0.0292822   0.0499325   0.0955585   0.0265432
   0.321862 -0.00107711   0.0265432    0.419919
IMAGINARY
          0  -0.0121457   0.0131605  0.00165631
  0.0121457           0 -0.00295502   -0.025981
 -0.0131605  0.00295502           0 -0.00337382
-0.00165631    0.025981  0.00337382           0
EndNode1[0]<--->Repeater1[0]
REAL
   0.442786 -0.00751289  -0.0097728    0.323848
-0.00751289   0.0858209   0.0396107  -0.0116836
 -0.0097728   0.0396107    0.114428   0.0107639
   0.323848  -0.0116836   0.0107639    0.356965
IMAGINARY
          0  -0.0159013  0.00959447  -0.0138112
  0.0159013           0 -0.00442781   0.0188293
-0.00959447  0.00442781           0   0.0146093
  0.0138112  -0.0188293  -0.0146093           0
EndNode2[0]<--->HoM1[0]
REAL
  0.395437 0.00756699 0.00865097   0.334377
0.00756699   0.101394  0.0333694 0.00416954
0.00865097  0.0333694   0.107731 0.00255446
  0.334377 0.00416954 0.00255446   0.395437
IMAGINARY
          0   0.0129851 -0.00186999  -0.0015834
 -0.0129851           0   0.0110429 -0.00694613
 0.00186999  -0.0110429           0  0.00590659
  0.0015834  0.00694613 -0.00590659           0
Repeater1[0]<--->EndNode1[0]
REAL
   0.442786  -0.0097728 -0.00751289    0.323848
 -0.0097728    0.114428   0.0396107   0.0107639
-0.00751289   0.0396107   0.0858209  -0.0116836
   0.323848   0.0107639  -0.0116836    0.356965
IMAGINARY
          0  0.00959447  -0.0159013  -0.0138112
-0.00959447           0  0.00442781   0.0146093
  0.0159013 -0.00442781           0   0.0188293
  0.0138112  -0.0146093  -0.0188293           0
Repeater1[0]<--->HoM1[0]
REAL
  0.395437 0.00865097 0.00756699   0.334377
0.00865097   0.107731  0.0333694 0.00255446
0.00756699  0.0333694   0.101394 0.00416954
  0.334377 0.00255446 0.00416954   0.395437
IMAGINARY
          0 -0.00186999   0.0129851  -0.0015834
 0.00186999           0  -0.0110429  0.00590659
 -0.0129851   0.0110429           0 -0.00694613
  0.0015834 -0.00590659  0.00694613           0
EndNode1[0]<--->Repeater1[0]
REAL
  0.410319 0.00299572  0.0211361   0.335845
0.00299572  0.0933661  0.0228072 0.00858653
 0.0211361  0.0228072  0.0847666  0.0148378
  0.335845 0.00858653  0.0148378   0.411548
IMAGINARY
          0   0.0101605  0.00105626   0.0190348
 -0.0101605           0  0.00471189  -0.0127414
-0.00105626 -0.00471189           0  -0.0107755
 -0.0190348   0.0127414   0.0107755           0
EndNode2[0]<--->HoM1[0]
REAL
   0.425157   0.0150165   0.0135499    0.361363
  0.0150165   0.0842767   0.0416912 -0.00624577
  0.0135499   0.0416912   0.0830189 -0.00638432
   0.361363 -0.00624577 -0.00638432    0.407547
IMAGINARY
           0   -0.0310483    0.0167087   0.00845259
   0.0310483            0  2.19833e-05    0.0167087
  -0.0167087 -2.19833e-05            0   -0.0137184
 -0.00845259   -0.0167087    0.0137184            0
Repeater1[0]<--->EndNode1[0]
REAL
  0.410319  0.0211361 0.00299572   0.335845
 0.0211361  0.0847666  0.0228072  0.0148378
0.00299572  0.0228072  0.0933661 0.00858653
  0.335845  0.0148378 0.00858653   0.411548
IMAGINARY
          0  0.00105626   0.0101605   0.0190348
-0.00105626           0 -0.00471189  -0.0107755
 -0.0101605  0.00471189           0  -0.0127414
 -0.0190348   0.0107755   0.0127414           0
Repeater1[0]<--->HoM1[0]
REAL
   0.425157   0.0135499   0.0150165    0.361363
  0.0135499   0.0830189   0.0416912 -0.00638432
  0.0150165   0.0416912   0.0842767 -0.00624577
   0.361363 -0.00638432 -0.00624577    0.407547
IMAGINARY
           0    0.0167087   -0.0310483   0.00845259
  -0.0167087            0 -2.19833e-05   -0.0137184
   0.0310483  2.19833e-05            0    0.0167087
 -0.00845259    0.0137184   -0.0167087            0
EndNode1[0]<--->Repeater1[0]
REAL
   0.429293  0.00458829 -0.00621362     0.32121
 0.00458829   0.0782828   0.0491608  0.00753638
-0.00621362   0.0491608     0.10101 -0.00062004
    0.32121  0.00753638 -0.00062004    0.391414
IMAGINARY
           0 -0.000621816    0.0216794   -0.0144767
 0.000621816            0    0.0205299    0.0210614
  -0.0216794   -0.0205299            0   0.00401395
   0.0144767   -0.0210614  -0.00401395            0
EndNode2[0]<--->HoM1[0]
REAL
   0.387597 -0.00683267  -0.0316236    0.336714
-0.00683267   0.0826873   0.0395748 0.000695778
 -0.0316236   0.0395748   0.0994832  -0.0137859
   0.336714 0.000695778  -0.0137859    0.430233
IMAGINARY
           0   0.00130209    0.0160316   0.00297415
 -0.00130209            0   0.00554485   0.00282405
  -0.0160316  -0.00554485            0  0.000648495
 -0.00297415  -0.00282405 -0.000648495            0
Repeater1[0]<--->EndNode1[0]
REAL
   0.429293 -0.00621362  0.00458829     0.32121
-0.00621362     0.10101   0.0491608 -0.00062004
 0.00458829   0.0491608   0.0782828  0.00753638
    0.32121 -0.00062004  0.00753638    0.391414
IMAGINARY
           0    0.0216794 -0.000621816   -0.0144767
  -0.0216794            0   -0.0205299   0.00401395
 0.000621816    0.0205299            0    0.0210614
   0.0144767  -0.00401395   -0.0210614            0
Repeater1[0]<--->HoM1[0]
REAL
   0.387597  -0.0316236 -0.00683267    0.336714
 -0.0316236   0.0994832   0.0395748  -0.0137859
-0.00683267   0.0395748   0.0826873 0.000695778
   0.336714  -0.0137859 0.000695778    0.430233
IMAGINARY
           0    0.0160316   0.00130209   0.00297415
  -0.0160316            0  -0.00554485  0.000648495
 -0.00130209   0.00554485            0   0.00282405
 -0.00297415 -0.000648495  -0.00282405            0
EndNode1[0]<--->Repeater1[0]
REAL
   0.421333   0.0126459   0.0147928    0.335353
  0.0126459       0.104   0.0375391 0.000122884
  0.0147928   0.0375391   0.0946667   0.0126459
   0.335353 0.000122884   0.0126459        0.38
IMAGINARY
          0   0.0162321   -0.011838  -0.0277555
 -0.0162321           0  -0.0228774  -0.0264134
   0.011838   0.0228774           0  0.00835807
  0.0277555   0.0264134 -0.00835807           0
EndNode2[0]<--->HoM1[0]
REAL
   0.417219  -0.0010825 -0.00367274     0.33762
 -0.0010825   0.0993377   0.0402517 -0.00055942
-0.00367274   0.0402517   0.0887417  0.00289628
    0.33762 -0.00055942  0.00289628    0.394702
IMAGINARY
          0  -0.0312343   0.0108764   0.0140041
  0.0312343           0  0.00532583   0.0404394
 -0.0108764 -0.00532583           0  -0.0174499
 -0.0140041  -0.0404394   0.0174499           0
Repeater1[0]<--->EndNode1[0]
REAL
   0.421333   0.0147928   0.0126459    0.335353
  0.0147928   0.0946667   0.0375391   0.0126459
  0.0126459   0.0375391       0.104 0.000122884
   0.335353   0.0126459 0.000122884        0.38
IMAGINARY
          0   -0.011838   0.0162321  -0.0277555
   0.011838           0   0.0228774  0.00835807
 -0.0162321  -0.0228774           0  -0.0264134
  0.0277555 -0.00835807   0.0264134           0
Repeater1[0]<--->HoM1[0]
REAL
   0.417219 -0.00367274  -0.0010825     0.33762
-0.00367274   0.0887417   0.0402517  0.00289628
 -0.0010825   0.0402517   0.0993377 -0.00055942
    0.33762  0.00289628 -0.00055942    0.394702
IMAGINARY
          0   0.0108764  -0.0312343   0.0140041
 -0.0108764           0 -0.00532583  -0.0174499
  0.0312343  0.00532583           0   0.0404394
 -0.0140041   0.0174499  -0.0404394           0
EndNode1[0]<--->Repeater1[0]
REAL
    0.410354  -0.00672043   -0.0143194     0.337214
 -0.00672043    0.0909091    0.0592916 -0.000465521
  -0.0143194    0.0592916    0.0732323  -0.00672043
    0.337214 -0.000465521  -0.00672043     0.425505
IMAGINARY
          0  0.00916561  0.00446076  0.00124633
-0.00916561           0  -0.0109488  -0.0135517
-0.00446076   0.0109488           0 -0.00916561
-0.00124633   0.0135517  0.00916561           0
EndNode2[0]<--->HoM1[0]
REAL
   0.407713   0.0218874   0.0288108     0.36296
  0.0218874   0.0826446   0.0351535 -0.00554035
  0.0288108   0.0351535   0.0798898  0.00767233
    0.36296 -0.00554035  0.00767233    0.429752
IMAGINARY
           0    0.0251763   -0.0259486  -0.00955957
  -0.0251763            0   -0.0032939  0.000438403
   0.0259486    0.0032939            0   0.00160942
  0.00955957 -0.000438403  -0.00160942            0
Repeater1[0]<--->EndNode1[0]
REAL
    0.410354   -0.0143194  -0.00672043     0.337214
  -0.0143194    0.0732323    0.0592916  -0.00672043
 -0.00672043    0.0592916    0.0909091 -0.000465521
    0.337214  -0.00672043 -0.000465521     0.425505
IMAGINARY
          0  0.00446076  0.00916561  0.00124633
-0.00446076           0   0.0109488 -0.00916561
-0.00916561  -0.0109488           0  -0.0135517
-0.00124633  0.00916561   0.0135517           0
Repeater1[0]<--->HoM1[0]
REAL
   0.407713   0.0288108   0.0218874     0.36296
  0.0288108   0.0798898   0.0351535  0.00767233
  0.0218874   0.0351535   0.0826446 -0.00554035
    0.36296  0.00767233 -0.00554035    0.429752
IMAGINARY
           0   -0.0259486    0.0251763  -0.00955957
   0.0259486            0    0.0032939   0.00160942
  -0.0251763   -0.0032939            0  0.000438403
  0.00955957  -0.00160942 -0.000438403            0
EndNode1[0]<--->Repeater1[0]
REAL
   0.408685 -0.00461405   0.0235756    0.333918
-0.00461405   0.0753512   0.0359903  -0.0163483
  0.0235756   0.0359903    0.103448  -0.0052414
   0.333918  -0.0163483  -0.0052414    0.412516
IMAGINARY
           0   0.00745029 -0.000455767    0.0156116
 -0.00745029            0  -0.00862306   -0.0189743
 0.000455767   0.00862306            0   0.00420774
  -0.0156116    0.0189743  -0.00420774            0
EndNode2[0]<--->HoM1[0]
REAL
   0.395574  -0.0149783 -0.00062324    0.342927
 -0.0149783   0.0940526   0.0585881 -0.00190201
-0.00062324   0.0585881   0.0982019   0.0124531
   0.342927 -0.00190201   0.0124531    0.412172
IMAGINARY
          0 -0.00908592   0.0145203 -0.00432997
 0.00908592           0 -0.00236918   0.0117955
 -0.0145203  0.00236918           0  0.00587668
 0.00432997  -0.0117955 -0.00587668           0
Repeater1[0]<--->EndNode1[0]
REAL
   0.408685   0.0235756 -0.00461405    0.333918
  0.0235756    0.103448   0.0359903  -0.0052414
-0.00461405   0.0359903   0.0753512  -0.0163483
   0.333918  -0.0052414  -0.0163483    0.412516
IMAGINARY
           0 -0.000455767   0.00745029    0.0156116
 0.000455767            0   0.00862306   0.00420774
 -0.00745029  -0.00862306            0   -0.0189743
  -0.0156116  -0.00420774    0.0189743            0
Repeater1[0]<--->HoM1[0]
REAL
   0.395574 -0.00062324  -0.0149783    0.342927
-0.00062324   0.0982019   0.0585881   0.0124531
 -0.0149783   0.0585881   0.0940526 -0.00190201
   0.342927   0.0124531 -0.00190201    0.412172
IMAGINARY
          0   0.0145203 -0.00908592 -0.00432997
 -0.0145203           0  0.00236918  0.00587668
 0.00908592 -0.00236918           0   0.0117955
 0.00432997 -0.00587668  -0.0117955           0
EndNode1[0]<--->Repeater1[0]
REAL
   0.416667  -0.0021589  -0.0126461    0.328569
 -0.0021589   0.0872396   0.0556551 -0.00262106
 -0.0126461   0.0556551   0.0846354  0.00343116
   0.328569 -0.00262106  0.00343116    0.411458
IMAGINARY
          0  -0.0280353 -0.00128602  0.00584676
  0.0280353           0   0.0190876  0.00470599
 0.00128602  -0.0190876           0  0.00546347
-0.00584676 -0.00470599 -0.00546347           0
EndNode2[0]<--->HoM1[0]
REAL
   0.406675   0.0108256  -0.0135897    0.339283
  0.0108256   0.0716934   0.0292426  -0.0109787
 -0.0135897   0.0292426   0.0964153 -0.00750559
   0.339283  -0.0109787 -0.00750559    0.425216
IMAGINARY
          0    0.026885  0.00282004  -0.0108944
  -0.026885           0  -0.0070084  0.00464264
-0.00282004   0.0070084           0    0.014499
  0.0108944 -0.00464264   -0.014499           0
Repeater1[0]<--->EndNode1[0]
REAL
   0.416667  -0.0126461  -0.0021589    0.328569
 -0.0126461   0.0846354   0.0556551  0.00343116
 -0.0021589   0.0556551   0.0872396 -0.00262106
   0.328569  0.00343116 -0.00262106    0.411458
IMAGINARY
          0 -0.00128602  -0.0280353  0.00584676
 0.00128602           0  -0.0190876  0.00546347
  0.0280353   0.0190876           0  0.00470599
-0.00584676 -0.00546347 -0.00470599           0
Repeater1[0]<--->HoM1[0]
REAL
   0.406675  -0.0135897   0.0108256    0.339283
 -0.0135897   0.0964153   0.0292426 -0.00750559
  0.0108256   0.0292426   0.0716934  -0.0109787
   0.339283 -0.00750559  -0.0109787    0.425216
IMAGINARY
          0  0.00282004    0.026885  -0.0108944
-0.00282004           0   0.0070084    0.014499
  -0.026885  -0.0070084           0  0.00464264
  0.0108944   -0.014499 -0.00464264           0
EndNode1[0]<--->Repeater1[0]
REAL
  0.405298  0.0172742  0.0116512   0.365599
 0.0172742  0.0953642  0.0359969 0.00696581
 0.0116512  0.0359969  0.0953642 0.00134282
  0.365599 0.00696581 0.00134282   0.403974
IMAGINARY
          0  0.00450691   0.0152937  0.00138599
-0.00450691           0  0.00839236  0.00211927
 -0.0152937 -0.00839236           0  -0.0231636
-0.00138599 -0.00211927   0.0231636           0
EndNode2[0]<--->HoM1[0]
REAL
   0.424403 -0.00349011 -0.00310321    0.340841
-0.00349011   0.0888594   0.0377119  -0.0175686
-0.00310321   0.0377119    0.106101 -0.00684581
   0.340841  -0.0175686 -0.00684581    0.380637
IMAGINARY
           0  0.000971831   -0.0080699  -0.00508232
-0.000971831            0    0.0162209    0.0113294
   0.0080699   -0.0162209            0   0.00228762
  0.00508232   -0.0113294  -0.00228762            0
Repeater1[0]<--->EndNode1[0]
REAL
  0.405298  0.0116512  0.0172742   0.365599
 0.0116512  0.0953642  0.0359969 0.00134282
 0.0172742  0.0359969  0.0953642 0.00696581
  0.365599 0.00134282 0.00696581   0.403974
IMAGINARY
          0   0.0152937  0.00450691  0.00138599
 -0.0152937           0 -0.00839236  -0.0231636
-0.00450691  0.00839236           0  0.00211927
-0.00138599   0.0231636 -0.00211927           0
Repeater1[0]<--->HoM1[0]
REAL
   0.424403 -0.00310321 -0.00349011    0.340841
-0.00310321    0.106101   0.0377119 -0.00684581
-0.00349011   0.0377119   0.0888594  -0.0175686
   0.340841 -0.00684581  -0.0175686    0.380637
IMAGINARY
           0   -0.0080699  0.000971831  -0.00508232
   0.0080699            0   -0.0162209   0.00228762
-0.000971831    0.0162209            0    0.0113294
  0.00508232  -0.00228762   -0.0113294            0
EndNode1[0]<--->Repeater1[0]
REAL
   0.388614  -0.0050788 5.07308e-06    0.329857
 -0.0050788   0.0792079   0.0319426   0.0019506
5.07308e-06   0.0319426    0.110149  0.00442691
   0.329857   0.0019506  0.00442691     0.42203
IMAGINARY
          0 -0.00683549  0.00585678 -0.00934414
 0.00683549           0  0.00669864 -0.00259733
-0.00585678 -0.00669864           0  -0.0211958
 0.00934414  0.00259733   0.0211958           0
EndNode2[0]<--->HoM1[0]
REAL
  0.400799  0.0114887    0.01955   0.332377
 0.0114887  0.0892144   0.032377  0.0132369
   0.01955   0.032377  0.0772304 -0.0019259
  0.332377  0.0132369 -0.0019259   0.432756
IMAGINARY
           0   -0.0109245  0.000179449   0.00964408
   0.0109245            0   -0.0120951    0.0137278
-0.000179449    0.0120951            0   -0.0149033
 -0.00964408   -0.0137278    0.0149033            0
Repeater1[0]<--->EndNode1[0]
REAL
   0.388614 5.07308e-06  -0.0050788    0.329857
5.07308e-06    0.110149   0.0319426  0.00442691
 -0.0050788   0.0319426   0.0792079   0.0019506
   0.329857  0.00442691   0.0019506     0.42203
IMAGINARY
          0  0.00585678 -0.00683549 -0.00934414
-0.00585678           0 -0.00669864  -0.0211958
 0.00683549  0.00669864           0 -0.00259733
 0.00934414   0.0211958  0.00259733           0
Repeater1[0]<--->HoM1[0]
REAL
  0.400799    0.01955  0.0114887   0.332377
   0.01955  0.0772304   0.032377 -0.0019259
 0.0114887   0.032377  0.0892144  0.0132369
  0.332377 -0.0019259  0.0132369   0.432756
IMAGINARY
           0  0.000179449   -0.0109245   0.00964408
-0.000179449            0    0.0120951   -0.0149033
   0.0109245   -0.0120951            0    0.0137278
 -0.00964408    0.0149033   -0.0137278            0
EndNode1[0]<--->Repeater1[0]
REAL
   0.434278 -0.00833296  -0.0079175    0.330232
-0.00833296   0.0863402   0.0296897  0.00856601
 -0.0079175   0.0296897   0.0850515   0.0167636
   0.330232  0.00856601   0.0167636     0.39433
IMAGINARY
          0   0.0113319 -0.00894112  0.00420232
 -0.0113319           0   0.0134129  -0.0107332
 0.00894112  -0.0134129           0   0.0259816
-0.00420232   0.0107332  -0.0259816           0
EndNode2[0]<--->HoM1[0]
REAL
  0.389873 -0.0150442 -0.0221782   0.331594
-0.0150442   0.105063  0.0430859 -0.0123486
-0.0221782  0.0430859  0.0974684   -0.01181
  0.331594 -0.0123486   -0.01181   0.407595
IMAGINARY
          0   0.0091687 -0.00870712   0.0172486
 -0.0091687           0 -0.00107605   0.0209321
 0.00870712  0.00107605           0   0.0091687
 -0.0172486  -0.0209321  -0.0091687           0
Repeater1[0]<--->EndNode1[0]
REAL
   0.434278  -0.0079175 -0.00833296    0.330232
 -0.0079175   0.0850515   0.0296897   0.0167636
-0.00833296   0.0296897   0.0863402  0.00856601
   0.330232   0.0167636  0.00856601     0.39433
IMAGINARY
          0 -0.00894112   0.0113319  0.00420232
 0.00894112           0  -0.0134129   0.0259816
 -0.0113319   0.0134129           0  -0.0107332
-0.00420232  -0.0259816   0.0107332           0
Repeater1[0]<--->HoM1[0]
REAL
  0.389873 -0.0221782 -0.0150442   0.331594
-0.0221782  0.0974684  0.0430859   -0.01181
-0.0150442  0.0430859   0.105063 -0.0123486
  0.331594   -0.01181 -0.0123486   0.407595
IMAGINARY
          0 -0.00870712   0.0091687   0.0172486
 0.00870712           0  0.00107605   0.0091687
 -0.0091687 -0.00107605           0   0.0209321
 -0.0172486  -0.0091687  -0.0209321           0
EndNode1[0]<--->Repeater1[0]
REAL
   0.388889 -0.00707181   0.0026791      0.3362
-0.00707181   0.0968992   0.0487311  -0.0191175
  0.0026791   0.0487311    0.100775  -0.0038871
     0.3362  -0.0191175  -0.0038871    0.413437
IMAGINARY
           0 -0.000840635    0.0179766   -0.0128669
 0.000840635            0   -0.0232028   0.00167938
  -0.0179766    0.0232028            0  -0.00775887
   0.0128669  -0.00167938   0.00775887            0
EndNode2[0]<--->HoM1[0]
REAL
   0.430712 -0.00506407  0.00127809    0.347025
-0.00506407   0.0898876   0.0294229  -0.0289486
 0.00127809   0.0294229   0.0699126  -0.0123104
   0.347025  -0.0289486  -0.0123104    0.409488
IMAGINARY
          0 -0.00282757  0.00677942    0.023568
 0.00282757           0 -0.00837463   0.0136287
-0.00677942  0.00837463           0   0.0066541
  -0.023568  -0.0136287  -0.0066541           0
Repeater1[0]<--->EndNode1[0]
REAL
   0.388889   0.0026791 -0.00707181      0.3362
  0.0026791    0.100775   0.0487311  -0.0038871
-0.00707181   0.0487311   0.0968992  -0.0191175
     0.3362  -0.0038871  -0.0191175    0.413437
IMAGINARY
           0    0.0179766 -0.000840635   -0.0128669
  -0.0179766            0    0.0232028  -0.00775887
 0.000840635   -0.0232028            0   0.00167938
   0.0128669   0.00775887  -0.00167938            0
Repeater1[0]<--->HoM1[0]
REAL
   0.430712  0.00127809 -0.00506407    0.347025
 0.00127809   0.0699126   0.0294229  -0.0123104
-0.00506407   0.0294229   0.0898876  -0.0289486
   0.347025  -0.0123104  -0.0289486    0.409488
IMAGINARY
          0  0.00677942 -0.00282757    0.023568
-0.00677942           0  0.00837463   0.0066541
 0.00282757 -0.00837463           0   0.0136287
  -0.023568  -0.0066541  -0.0136287           0
EndNode1[0]<--->Repeater1[0]
REAL
   0.428387  -0.0150113 -0.00895329    0.333094
 -0.0150113   0.0941935   0.0240488 -0.00507732
-0.00895329   0.0240488   0.0851613  -0.0143254
   0.333094 -0.00507732  -0.0143254    0.392258
IMAGINARY
          0   0.0146509   -0.014464  0.00786164
 -0.0146509           0 -0.00786164  0.00692634
   0.014464  0.00786164           0    0.002937
-0.00786164 -0.00692634   -0.002937           0
EndNode2[0]<--->HoM1[0]
REAL
   0.415365 -0.00882878  0.00555902    0.349909
-0.00882878   0.0846354   0.0231277  0.00491219
 0.00555902   0.0231277   0.0950521 -0.00818693
   0.349909  0.00491219 -0.00818693    0.404948
IMAGINARY
