EndNode1[0]<--->Repeater1[0]
REAL
   0.359413  0.00246359 -0.00515732   0.0486066
 0.00246359    0.282396   0.0293503  -0.0176921
-0.00515732   0.0293503    0.194377  -0.0145604
  0.0486066  -0.0176921  -0.0145604    0.163814
IMAGINARY
          0   -0.010703 -0.00174959 -0.00809135
   0.010703           0  0.00193371  -0.0161787
 0.00174959 -0.00193371           0  -0.0191775
 0.00809135   0.0161787   0.0191775           0
EndNode2[0]<--->HoM1[0]
REAL
  0.324607 0.00447848 0.00224832  0.0534113
0.00447848   0.246073   0.027363 0.00642992
0.00224832   0.027363   0.222513  0.0122104
 0.0534113 0.00642992  0.0122104   0.206806
IMAGINARY
          0 -0.00902285    0.026977  -0.0144858
 0.00902285           0   0.0264538 -0.00601133
  -0.026977  -0.0264538           0  -0.0157548
  0.0144858  0.00601133   0.0157548           0
Repeater1[0]<--->EndNode1[0]
REAL
   0.359413 -0.00515732  0.00246359   0.0486066
-0.00515732    0.194377   0.0293503  -0.0145604
 0.00246359   0.0293503    0.282396  -0.0176921
  0.0486066  -0.0145604  -0.0176921    0.163814
IMAGINARY
          0 -0.00174959   -0.010703 -0.00809135
 0.00174959           0 -0.00193371  -0.0191775
   0.010703  0.00193371           0  -0.0161787
 0.00809135   0.0191775   0.0161787           0
Repeater1[0]<--->HoM1[0]
REAL
  0.324607 0.00224832 0.00447848  0.0534113
0.00224832   0.222513   0.027363  0.0122104
0.00447848   0.027363   0.246073 0.00642992
 0.0534113  0.0122104 0.00642992   0.206806
IMAGINARY
          0    0.026977 -0.00902285  -0.0144858
  -0.026977           0  -0.0264538  -0.0157548
 0.00902285   0.0264538           0 -0.00601133
  0.0144858   0.0157548  0.00601133           0
