EndNode1[0]<--->Repeater1[0]
REAL
   0.425033  -0.0161849  -0.0330402    0.314406
 -0.0161849   0.0560626   0.0125926   0.0153469
 -0.0330402   0.0125926   0.0378096 -0.00675091
   0.314406   0.0153469 -0.00675091    0.481095
IMAGINARY
          0  -0.0215066 -0.00889585 -0.00278045
  0.0215066           0 -0.00643008  0.00500984
 0.00889585  0.00643008           0   0.0111439
 0.00278045 -0.00500984  -0.0111439           0
EndNode2[0]<--->HoM1[0]
REAL
   0.487549 2.42192e-05   -0.017062    0.329681
2.42192e-05   0.0380079   0.0194242  0.00043798
  -0.017062   0.0194242   0.0471822   0.0038121
   0.329681  0.00043798   0.0038121    0.427261
IMAGINARY
           0     0.022562   0.00893314    0.0135298
   -0.022562            0    0.0193816  4.12151e-05
 -0.00893314   -0.0193816            0 -0.000767129
  -0.0135298 -4.12151e-05  0.000767129            0
Repeater1[0]<--->EndNode1[0]
REAL
   0.425033  -0.0330402  -0.0161849    0.314406
 -0.0330402   0.0378096   0.0125926 -0.00675091
 -0.0161849   0.0125926   0.0560626   0.0153469
   0.314406 -0.00675091   0.0153469    0.481095
IMAGINARY
          0 -0.00889585  -0.0215066 -0.00278045
 0.00889585           0  0.00643008   0.0111439
  0.0215066 -0.00643008           0  0.00500984
 0.00278045  -0.0111439 -0.00500984           0
Repeater1[0]<--->HoM1[0]
REAL
   0.487549   -0.017062 2.42192e-05    0.329681
  -0.017062   0.0471822   0.0194242   0.0038121
2.42192e-05   0.0194242   0.0380079  0.00043798
   0.329681   0.0038121  0.00043798    0.427261
IMAGINARY
           0   0.00893314     0.022562    0.0135298
 -0.00893314            0   -0.0193816 -0.000767129
   -0.022562    0.0193816            0  4.12151e-05
  -0.0135298  0.000767129 -4.12151e-05            0
EndNode1[0]<--->Repeater1[0]
REAL
  0.438144 0.00653147 -0.0101806   0.341341
0.00653147  0.0489691 0.00521247 0.00692965
-0.0101806 0.00521247  0.0425258 0.00842302
  0.341341 0.00692965 0.00842302   0.470361
IMAGINARY
          0  -0.0175794  -0.0152492  -0.0164337
  0.0175794           0 -0.00704696   0.0107331
  0.0152492  0.00704696           0  0.00532135
  0.0164337  -0.0107331 -0.00532135           0
EndNode2[0]<--->HoM1[0]
REAL
    0.467225   -0.0119258   0.00677548     0.333437
  -0.0119258    0.0390516  -0.00327205   -0.0162812
  0.00677548  -0.00327205    0.0334728 -0.000114767
    0.333437   -0.0162812 -0.000114767     0.460251
IMAGINARY
           0   -0.0126028    0.0126328  0.000568433
   0.0126028            0    0.0136016   0.00762032
  -0.0126328   -0.0136016            0  -0.00385285
-0.000568433  -0.00762032   0.00385285            0
Repeater1[0]<--->EndNode1[0]
REAL
  0.438144 -0.0101806 0.00653147   0.341341
-0.0101806  0.0425258 0.00521247 0.00842302
0.00653147 0.00521247  0.0489691 0.00692965
  0.341341 0.00842302 0.00692965   0.470361
IMAGINARY
          0  -0.0152492  -0.0175794  -0.0164337
  0.0152492           0  0.00704696  0.00532135
  0.0175794 -0.00704696           0   0.0107331
  0.0164337 -0.00532135  -0.0107331           0
Repeater1[0]<--->HoM1[0]
REAL
    0.467225   0.00677548   -0.0119258     0.333437
  0.00677548    0.0334728  -0.00327205 -0.000114767
  -0.0119258  -0.00327205    0.0390516   -0.0162812
    0.333437 -0.000114767   -0.0162812     0.460251
IMAGINARY
           0    0.0126328   -0.0126028  0.000568433
  -0.0126328            0   -0.0136016  -0.00385285
   0.0126028    0.0136016            0   0.00762032
-0.000568433   0.00385285  -0.00762032            0
EndNode1[0]<--->Repeater1[0]
REAL
   0.503365 -0.00287257 -0.00605247     0.33183
-0.00287257    0.039031  0.00627714   0.0129018
-0.00605247  0.00627714   0.0363392  0.00972189
    0.33183   0.0129018  0.00972189    0.421265
IMAGINARY
           0  0.000417227    0.0010016   0.00193953
-0.000417227            0  -0.00260003   0.00759791
  -0.0010016   0.00260003            0  -0.00901674
 -0.00193953  -0.00759791   0.00901674            0
EndNode2[0]<--->HoM1[0]
REAL
   0.467568 -0.00302791   0.0115103    0.327662
-0.00302791   0.0459459  0.00860306  0.00946395
  0.0115103  0.00860306   0.0459459   0.0118236
   0.327662  0.00946395   0.0118236    0.440541
IMAGINARY
          0  0.00811812 -0.00831912 -0.00881726
-0.00811812           0   0.0156326  0.00892226
 0.00831912  -0.0156326           0 -0.00872126
 0.00881726 -0.00892226  0.00872126           0
Repeater1[0]<--->EndNode1[0]
REAL
   0.503365 -0.00605247 -0.00287257     0.33183
-0.00605247   0.0363392  0.00627714  0.00972189
-0.00287257  0.00627714    0.039031   0.0129018
    0.33183  0.00972189   0.0129018    0.421265
IMAGINARY
           0    0.0010016  0.000417227   0.00193953
  -0.0010016            0   0.00260003  -0.00901674
-0.000417227  -0.00260003            0   0.00759791
 -0.00193953   0.00901674  -0.00759791            0
Repeater1[0]<--->HoM1[0]
REAL
   0.467568   0.0115103 -0.00302791    0.327662
  0.0115103   0.0459459  0.00860306   0.0118236
-0.00302791  0.00860306   0.0459459  0.00946395
   0.327662   0.0118236  0.00946395    0.440541
IMAGINARY
          0 -0.00831912  0.00811812 -0.00881726
 0.00831912           0  -0.0156326 -0.00872126
-0.00811812   0.0156326           0  0.00892226
 0.00881726  0.00872126 -0.00892226           0
EndNode1[0]<--->Repeater1[0]
REAL
    0.491391    0.0120545   0.00508564     0.323978
   0.0120545    0.0344371  -0.00834965 -0.000812134
  0.00508564  -0.00834965    0.0370861    -0.004118
    0.323978 -0.000812134    -0.004118     0.437086
IMAGINARY
          0 -0.00416141  0.00195282 -0.00999687
 0.00416141           0   0.0120157 -0.00134969
-0.00195282  -0.0120157           0 -0.00729818
 0.00999687  0.00134969  0.00729818           0
EndNode2[0]<--->HoM1[0]
REAL
    0.438867 -0.000261182  -0.00352544     0.332699
-0.000261182     0.047619    0.0136516   -0.0176013
 -0.00352544    0.0136516     0.045045   -0.0208656
    0.332699   -0.0176013   -0.0208656     0.468468
IMAGINARY
          0  -0.0166023  -0.0143184 -0.00367998
  0.0166023           0   0.0135614   0.0245225
  0.0143184  -0.0135614           0 -0.00856773
 0.00367998  -0.0245225  0.00856773           0
Repeater1[0]<--->EndNode1[0]
REAL
    0.491391   0.00508564    0.0120545     0.323978
  0.00508564    0.0370861  -0.00834965    -0.004118
   0.0120545  -0.00834965    0.0344371 -0.000812134
    0.323978    -0.004118 -0.000812134     0.437086
IMAGINARY
          0  0.00195282 -0.00416141 -0.00999687
-0.00195282           0  -0.0120157 -0.00729818
 0.00416141   0.0120157           0 -0.00134969
 0.00999687  0.00729818  0.00134969           0
Repeater1[0]<--->HoM1[0]
REAL
    0.438867  -0.00352544 -0.000261182     0.332699
 -0.00352544     0.045045    0.0136516   -0.0208656
-0.000261182    0.0136516     0.047619   -0.0176013
    0.332699   -0.0208656   -0.0176013     0.468468
IMAGINARY
          0  -0.0143184  -0.0166023 -0.00367998
  0.0143184           0  -0.0135614 -0.00856773
  0.0166023   0.0135614           0   0.0245225
 0.00367998  0.00856773  -0.0245225           0
EndNode1[0]<--->Repeater1[0]
REAL
   0.47588 -0.0228757 -0.0133851   0.334013
-0.0228757  0.0352021 0.00891844  -0.011484
-0.0133851 0.00891844  0.0456323 0.00585996
  0.334013  -0.011484 0.00585996   0.443286
IMAGINARY
           0 -0.000304763   0.00447357    0.0113812
 0.000304763            0    0.0082523   0.00249728
 -0.00447357   -0.0082523            0  -0.00666609
  -0.0113812  -0.00249728   0.00666609            0
EndNode2[0]<--->HoM1[0]
REAL
    0.465087 -0.000456401   0.00410419     0.325098
-0.000456401    0.0361596   0.00142019  -0.00596293
  0.00410419   0.00142019    0.0511222   0.00355429
    0.325098  -0.00596293   0.00355429     0.447631
IMAGINARY
          0   0.0031194  0.00389051  -0.0210824
 -0.0031194           0 -0.00103064  0.00996339
-0.00389051  0.00103064           0  0.00569672
  0.0210824 -0.00996339 -0.00569672           0
Repeater1[0]<--->EndNode1[0]
REAL
   0.47588 -0.0133851 -0.0228757   0.334013
-0.0133851  0.0456323 0.00891844 0.00585996
-0.0228757 0.00891844  0.0352021  -0.011484
  0.334013 0.00585996  -0.011484   0.443286
IMAGINARY
           0   0.00447357 -0.000304763    0.0113812
 -0.00447357            0   -0.0082523  -0.00666609
 0.000304763    0.0082523            0   0.00249728
  -0.0113812   0.00666609  -0.00249728            0
Repeater1[0]<--->HoM1[0]
REAL
    0.465087   0.00410419 -0.000456401     0.325098
  0.00410419    0.0511222   0.00142019   0.00355429
-0.000456401   0.00142019    0.0361596  -0.00596293
    0.325098   0.00355429  -0.00596293     0.447631
IMAGINARY
          0  0.00389051   0.0031194  -0.0210824
-0.00389051           0  0.00103064  0.00569672
 -0.0031194 -0.00103064           0  0.00996339
  0.0210824 -0.00569672 -0.00996339           0
EndNode1[0]<--->Repeater1[0]
REAL
   0.433962  0.00982256 -0.00835396    0.337478
 0.00982256   0.0465409 -0.00333795    0.004722
-0.00835396 -0.00333795   0.0389937 -0.00982256
   0.337478    0.004722 -0.00982256    0.480503
IMAGINARY
          0  -0.0329356   0.0457851 -0.00833183
  0.0329356           0  0.00643069  0.00659588
 -0.0457851 -0.00643069           0   -0.023527
 0.00833183 -0.00659588    0.023527           0
EndNode2[0]<--->HoM1[0]
REAL
   0.470665   0.0131498  0.00374141    0.349723
  0.0131498   0.0404172 -0.00741999 -0.00687032
 0.00374141 -0.00741999   0.0391134   0.0137588
   0.349723 -0.00687032   0.0137588    0.449804
IMAGINARY
           0    0.0115041  -0.00264126  -0.00956227
  -0.0115041            0  -0.00566616 -0.000159865
  0.00264126   0.00566616            0   -0.0171063
  0.00956227  0.000159865    0.0171063            0
Repeater1[0]<--->EndNode1[0]
REAL
   0.433962 -0.00835396  0.00982256    0.337478
-0.00835396   0.0389937 -0.00333795 -0.00982256
 0.00982256 -0.00333795   0.0465409    0.004722
   0.337478 -0.00982256    0.004722    0.480503
IMAGINARY
          0   0.0457851  -0.0329356 -0.00833183
 -0.0457851           0 -0.00643069   -0.023527
  0.0329356  0.00643069           0  0.00659588
 0.00833183    0.023527 -0.00659588           0
Repeater1[0]<--->HoM1[0]
REAL
   0.470665  0.00374141   0.0131498    0.349723
 0.00374141   0.0391134 -0.00741999   0.0137588
  0.0131498 -0.00741999   0.0404172 -0.00687032
   0.349723   0.0137588 -0.00687032    0.449804
IMAGINARY
           0  -0.00264126    0.0115041  -0.00956227
  0.00264126            0   0.00566616   -0.0171063
  -0.0115041  -0.00566616            0 -0.000159865
  0.00956227    0.0171063  0.000159865            0
EndNode1[0]<--->Repeater1[0]
REAL
   0.465699 0.000388443  0.00192555     0.31579
0.000388443   0.0395778   0.0160454  -0.0192555
 0.00192555   0.0160454   0.0408971  -0.0112999
    0.31579  -0.0192555  -0.0112999    0.453826
IMAGINARY
           0    0.0223657  0.000686939  -0.00806589
  -0.0223657            0   0.00475463   -0.0121665
-0.000686939  -0.00475463            0    0.0107976
  0.00806589    0.0121665   -0.0107976            0
EndNode2[0]<--->HoM1[0]
REAL
   0.441718 -0.00345888  -0.0142794    0.341191
-0.00345888   0.0404908  -0.0166965   0.0243804
 -0.0142794  -0.0166965   0.0404908  -0.0053795
   0.341191   0.0243804  -0.0053795    0.477301
IMAGINARY
          0  -0.0150362  0.00173202 -0.00471932
  0.0150362           0   0.0198708  -0.0154217
-0.00173202  -0.0198708           0   0.0013465
 0.00471932   0.0154217  -0.0013465           0
Repeater1[0]<--->EndNode1[0]
REAL
   0.465699  0.00192555 0.000388443     0.31579
 0.00192555   0.0408971   0.0160454  -0.0112999
0.000388443   0.0160454   0.0395778  -0.0192555
    0.31579  -0.0112999  -0.0192555    0.453826
IMAGINARY
           0  0.000686939    0.0223657  -0.00806589
-0.000686939            0  -0.00475463    0.0107976
  -0.0223657   0.00475463            0   -0.0121665
  0.00806589   -0.0107976    0.0121665            0
Repeater1[0]<--->HoM1[0]
REAL
   0.441718  -0.0142794 -0.00345888    0.341191
 -0.0142794   0.0404908  -0.0166965  -0.0053795
-0.00345888  -0.0166965   0.0404908   0.0243804
   0.341191  -0.0053795   0.0243804    0.477301
IMAGINARY
          0  0.00173202  -0.0150362 -0.00471932
-0.00173202           0  -0.0198708   0.0013465
  0.0150362   0.0198708           0  -0.0154217
 0.00471932  -0.0013465   0.0154217           0
EndNode1[0]<--->Repeater1[0]
REAL
   0.458333  -0.0410761  0.00438197    0.347892
 -0.0410761   0.0391414  0.00164198  -0.0117055
 0.00438197  0.00164198    0.040404 -0.00486264
   0.347892  -0.0117055 -0.00486264    0.462121
IMAGINARY
           0  0.000996271  -0.00766645  -0.00356506
-0.000996271            0 -0.000271255    0.0326665
  0.00766645  0.000271255            0  -0.00224627
  0.00356506   -0.0326665   0.00224627            0
EndNode2[0]<--->HoM1[0]
REAL
   0.444304 -0.00327642  0.00234829    0.339681
-0.00327642   0.0405063 -0.00851197   -0.029621
 0.00234829 -0.00851197    0.056962 -0.00581449
   0.339681   -0.029621 -0.00581449    0.458228
IMAGINARY
           0   0.00621065  0.000321285   0.00499629
 -0.00621065            0   0.00177878  -0.00634538
-0.000321285  -0.00177878            0   -0.0266926
 -0.00499629   0.00634538    0.0266926            0
Repeater1[0]<--->EndNode1[0]
REAL
   0.458333  0.00438197  -0.0410761    0.347892
 0.00438197    0.040404  0.00164198 -0.00486264
 -0.0410761  0.00164198   0.0391414  -0.0117055
   0.347892 -0.00486264  -0.0117055    0.462121
IMAGINARY
           0  -0.00766645  0.000996271  -0.00356506
  0.00766645            0  0.000271255  -0.00224627
-0.000996271 -0.000271255            0    0.0326665
  0.00356506   0.00224627   -0.0326665            0
Repeater1[0]<--->HoM1[0]
REAL
   0.444304  0.00234829 -0.00327642    0.339681
 0.00234829    0.056962 -0.00851197 -0.00581449
-0.00327642 -0.00851197   0.0405063   -0.029621
   0.339681 -0.00581449   -0.029621    0.458228
IMAGINARY
           0  0.000321285   0.00621065   0.00499629
-0.000321285            0  -0.00177878   -0.0266926
 -0.00621065   0.00177878            0  -0.00634538
 -0.00499629    0.0266926   0.00634538            0
EndNode1[0]<--->Repeater1[0]
REAL
   0.445312  0.00152168 -0.00265957    0.330722
 0.00152168   0.0507812  0.00704419  -0.0106383
-0.00265957  0.00704419   0.0403646  0.00911662
   0.330722  -0.0106383  0.00911662    0.463542
IMAGINARY
           0   0.00923438     0.015921   -0.0087765
 -0.00923438            0    0.0140397 -0.000807637
   -0.015921   -0.0140397            0   -0.0117533
   0.0087765  0.000807637    0.0117533            0
EndNode2[0]<--->HoM1[0]
REAL
    0.471939  -0.00469539 -0.000982065     0.335261
 -0.00469539    0.0471939   0.00848917   -0.0094346
-0.000982065   0.00848917    0.0497449   -0.0135338
    0.335261   -0.0094346   -0.0135338     0.431122
IMAGINARY
          0   0.0277161  -0.0015517  -0.0146727
 -0.0277161           0  0.00370498  -0.0181333
  0.0015517 -0.00370498           0   0.0103416
  0.0146727   0.0181333  -0.0103416           0
Repeater1[0]<--->EndNode1[0]
REAL
   0.445312 -0.00265957  0.00152168    0.330722
-0.00265957   0.0403646  0.00704419  0.00911662
 0.00152168  0.00704419   0.0507812  -0.0106383
   0.330722  0.00911662  -0.0106383    0.463542
IMAGINARY
           0     0.015921   0.00923438   -0.0087765
   -0.015921            0   -0.0140397   -0.0117533
 -0.00923438    0.0140397            0 -0.000807637
   0.0087765    0.0117533  0.000807637            0
Repeater1[0]<--->HoM1[0]
REAL
    0.471939 -0.000982065  -0.00469539     0.335261
-0.000982065    0.0497449   0.00848917   -0.0135338
 -0.00469539   0.00848917    0.0471939   -0.0094346
    0.335261   -0.0135338   -0.0094346     0.431122
IMAGINARY
          0  -0.0015517   0.0277161  -0.0146727
  0.0015517           0 -0.00370498   0.0103416
 -0.0277161  0.00370498           0  -0.0181333
  0.0146727  -0.0103416   0.0181333           0
EndNode1[0]<--->Repeater1[0]
REAL
   0.466019   0.0141584  -0.0173911    0.339875
  0.0141584   0.0346741 -0.00145301   0.0148466
 -0.0173911 -0.00145301   0.0443828 -0.00525256
   0.339875   0.0148466 -0.00525256    0.454924
IMAGINARY
          0  -0.0103377  -0.0106645  -0.0228322
  0.0103377           0  0.00103562  0.00635946
  0.0106645 -0.00103562           0   0.0109527
  0.0228322 -0.00635946  -0.0109527           0
EndNode2[0]<--->HoM1[0]
REAL
   0.445078 -0.00305634  -0.0155873    0.340463
-0.00305634   0.0527817 -0.00104669  0.00950454
 -0.0155873 -0.00104669   0.0513552 -0.00059329
   0.340463  0.00950454 -0.00059329    0.450785
IMAGINARY
           0   -0.0223509   0.00483172 -0.000879241
   0.0223509            0     0.018075    0.0196966
 -0.00483172    -0.018075            0   -0.0097246
 0.000879241   -0.0196966    0.0097246            0
Repeater1[0]<--->EndNode1[0]
REAL
   0.466019  -0.0173911   0.0141584    0.339875
 -0.0173911   0.0443828 -0.00145301 -0.00525256
  0.0141584 -0.00145301   0.0346741   0.0148466
   0.339875 -0.00525256   0.0148466    0.454924
IMAGINARY
          0  -0.0106645  -0.0103377  -0.0228322
  0.0106645           0 -0.00103562   0.0109527
  0.0103377  0.00103562           0  0.00635946
  0.0228322  -0.0109527 -0.00635946           0
Repeater1[0]<--->HoM1[0]
REAL
   0.445078  -0.0155873 -0.00305634    0.340463
 -0.0155873   0.0513552 -0.00104669 -0.00059329
-0.00305634 -0.00104669   0.0527817  0.00950454
   0.340463 -0.00059329  0.00950454    0.450785
IMAGINARY
           0   0.00483172   -0.0223509 -0.000879241
 -0.00483172            0    -0.018075   -0.0097246
   0.0223509     0.018075            0    0.0196966
 0.000879241    0.0097246   -0.0196966            0
EndNode1[0]<--->Repeater1[0]
REAL
   0.490956  -0.0182549  0.00857886    0.314772
 -0.0182549   0.0374677   0.0252279 -0.00793369
 0.00857886   0.0252279   0.0245478 -0.00690641
   0.314772 -0.00793369 -0.00690641    0.447028
IMAGINARY
          0  0.00284642   0.0195015 -0.00277459
-0.00284642           0  -0.0164562  0.00194623
 -0.0195015   0.0164562           0  -0.0336775
 0.00277459 -0.00194623   0.0336775           0
EndNode2[0]<--->HoM1[0]
REAL
   0.452412   0.0102568  -0.0147933    0.329134
  0.0102568   0.0443286 -0.00172986   -0.012216
 -0.0147933 -0.00172986   0.0508475 -0.00169289
   0.329134   -0.012216 -0.00169289    0.452412
IMAGINARY
          0  -0.0089494 -0.00264835  0.00419816
  0.0089494           0   0.0243054   -0.013401
 0.00264835  -0.0243054           0   0.0114185
-0.00419816    0.013401  -0.0114185           0
Repeater1[0]<--->EndNode1[0]
REAL
   0.490956  0.00857886  -0.0182549    0.314772
 0.00857886   0.0245478   0.0252279 -0.00690641
 -0.0182549   0.0252279   0.0374677 -0.00793369
   0.314772 -0.00690641 -0.00793369    0.447028
IMAGINARY
          0   0.0195015  0.00284642 -0.00277459
 -0.0195015           0   0.0164562  -0.0336775
-0.00284642  -0.0164562           0  0.00194623
 0.00277459   0.0336775 -0.00194623           0
Repeater1[0]<--->HoM1[0]
REAL
   0.452412  -0.0147933   0.0102568    0.329134
 -0.0147933   0.0508475 -0.00172986 -0.00169289
  0.0102568 -0.00172986   0.0443286   -0.012216
   0.329134 -0.00169289   -0.012216    0.452412
IMAGINARY
          0 -0.00264835  -0.0089494  0.00419816
 0.00264835           0  -0.0243054   0.0114185
  0.0089494   0.0243054           0   -0.013401
-0.00419816  -0.0114185    0.013401           0
EndNode1[0]<--->Repeater1[0]
REAL
     0.48589 -0.000318892  -0.00184131     0.347281
-0.000318892    0.0269939  0.000456109   0.00801415
 -0.00184131  0.000456109    0.0441718  -0.00585395
    0.347281   0.00801415  -0.00585395     0.442945
IMAGINARY
           0   0.00132075  -0.00874381  -0.00594946
 -0.00132075            0   0.00963496   0.00189449
  0.00874381  -0.00963496            0 -0.000698089
  0.00594946  -0.00189449  0.000698089            0
EndNode2[0]<--->HoM1[0]
REAL
      0.468   0.0203629   0.0110999    0.341241
  0.0203629   0.0546667 -0.00979486 -0.00543953
  0.0110999 -0.00979486   0.0413333 -0.00212389
   0.341241 -0.00543953 -0.00212389       0.436
IMAGINARY
          0  -0.0100443   0.0157804 -0.00950344
  0.0100443           0  -0.0122357 -0.00282704
 -0.0157804   0.0122357           0 -0.00161371
 0.00950344  0.00282704  0.00161371           0
Repeater1[0]<--->EndNode1[0]
REAL
     0.48589  -0.00184131 -0.000318892     0.347281
 -0.00184131    0.0441718  0.000456109  -0.00585395
-0.000318892  0.000456109    0.0269939   0.00801415
    0.347281  -0.00585395   0.00801415     0.442945
IMAGINARY
           0  -0.00874381   0.00132075  -0.00594946
  0.00874381            0  -0.00963496 -0.000698089
 -0.00132075   0.00963496            0   0.00189449
  0.00594946  0.000698089  -0.00189449            0
Repeater1[0]<--->HoM1[0]
REAL
      0.468   0.0110999   0.0203629    0.341241
  0.0110999   0.0413333 -0.00979486 -0.00212389
  0.0203629 -0.00979486   0.0546667 -0.00543953
   0.341241 -0.00212389 -0.00543953       0.436
IMAGINARY
          0   0.0157804  -0.0100443 -0.00950344
 -0.0157804           0   0.0122357 -0.00161371
  0.0100443  -0.0122357           0 -0.00282704
 0.00950344  0.00161371  0.00282704           0
EndNode1[0]<--->Repeater1[0]
REAL
    0.470738 -0.000909659   -0.0115588     0.346542
-0.000909659    0.0407125  -0.00506238   -0.0115588
  -0.0115588  -0.00506238    0.0343511   -0.0169239
    0.346542   -0.0115588   -0.0169239     0.454198
IMAGINARY
           0  -0.00686456  0.000510632    0.0217595
  0.00686456            0     0.012451   0.00483696
-0.000510632    -0.012451            0    0.0108753
  -0.0217595  -0.00483696   -0.0108753            0
EndNode2[0]<--->HoM1[0]
REAL
   0.467089  0.00874562  0.00130833    0.340899
 0.00874562   0.0367089  0.00735032 0.000637192
 0.00130833  0.00735032    0.043038 -0.00550308
   0.340899 0.000637192 -0.00550308    0.453165
IMAGINARY
          0  0.00988627 -0.00650771  -0.0144236
-0.00988627           0    0.015786   0.0239271
 0.00650771   -0.015786           0   -0.020854
  0.0144236  -0.0239271    0.020854           0
Repeater1[0]<--->EndNode1[0]
REAL
    0.470738   -0.0115588 -0.000909659     0.346542
  -0.0115588    0.0343511  -0.00506238   -0.0169239
-0.000909659  -0.00506238    0.0407125   -0.0115588
    0.346542   -0.0169239   -0.0115588     0.454198
IMAGINARY
           0  0.000510632  -0.00686456    0.0217595
-0.000510632            0    -0.012451    0.0108753
  0.00686456     0.012451            0   0.00483696
  -0.0217595   -0.0108753  -0.00483696            0
Repeater1[0]<--->HoM1[0]
REAL
   0.467089  0.00130833  0.00874562    0.340899
 0.00130833    0.043038  0.00735032 -0.00550308
 0.00874562  0.00735032   0.0367089 0.000637192
   0.340899 -0.00550308 0.000637192    0.453165
IMAGINARY
          0 -0.00650771  0.00988627  -0.0144236
 0.00650771           0   -0.015786   -0.020854
-0.00988627    0.015786           0   0.0239271
  0.0144236    0.020854  -0.0239271           0
EndNode1[0]<--->Repeater1[0]
REAL
   0.490099  -0.0106022 -0.00647744    0.338675
 -0.0106022   0.0507426 -0.00302388  -0.0118538
-0.00647744 -0.00302388   0.0383663  0.00238478
   0.338675  -0.0118538  0.00238478    0.420792
IMAGINARY
          0  -0.0178989  0.00640143   0.0175214
  0.0178989           0  -0.0221206  0.00453808
-0.00640143   0.0221206           0  0.00309843
 -0.0175214 -0.00453808 -0.00309843           0
EndNode2[0]<--->HoM1[0]
REAL
   0.457317 -0.00335041 -0.00746495     0.33689
-0.00335041        0.05  0.00246202 -0.00934701
-0.00746495  0.00246202    0.045122   0.0101997
    0.33689 -0.00934701   0.0101997    0.447561
IMAGINARY
           0  -0.00608561    0.0131193 -0.000804809
  0.00608561            0   -0.0253732   0.00987676
  -0.0131193    0.0253732            0   -0.0142823
 0.000804809  -0.00987676    0.0142823            0
Repeater1[0]<--->EndNode1[0]
REAL
   0.490099 -0.00647744  -0.0106022    0.338675
-0.00647744   0.0383663 -0.00302388  0.00238478
 -0.0106022 -0.00302388   0.0507426  -0.0118538
   0.338675  0.00238478  -0.0118538    0.420792
IMAGINARY
          0  0.00640143  -0.0178989   0.0175214
-0.00640143           0   0.0221206  0.00309843
  0.0178989  -0.0221206           0  0.00453808
 -0.0175214 -0.00309843 -0.00453808           0
Repeater1[0]<--->HoM1[0]
REAL
   0.457317 -0.00746495 -0.00335041     0.33689
-0.00746495    0.045122  0.00246202   0.0101997
-0.00335041  0.00246202        0.05 -0.00934701
    0.33689   0.0101997 -0.00934701    0.447561
IMAGINARY
           0    0.0131193  -0.00608561 -0.000804809
  -0.0131193            0    0.0253732   -0.0142823
  0.00608561   -0.0253732            0   0.00987676
 0.000804809    0.0142823  -0.00987676            0
EndNode1[0]<--->Repeater1[0]
REAL
   0.486523  0.00525677  -0.0060986    0.306116
 0.00525677   0.0336927  0.00638441 -0.00301598
 -0.0060986  0.00638441   0.0579515  -0.0117672
   0.306116 -0.00301598  -0.0117672    0.421833
IMAGINARY
          0   0.0126091 -0.00398221 -0.00913432
 -0.0126091           0   0.0155943   0.0053263
 0.00398221  -0.0155943           0 -0.00454462
 0.00913432  -0.0053263  0.00454462           0
EndNode2[0]<--->HoM1[0]
REAL
  0.464384 0.00923607   0.011123    0.32281
0.00923607  0.0342466  0.0126494 0.00800966
  0.011123  0.0126494   0.030137 0.00862107
   0.32281 0.00800966 0.00862107   0.471233
IMAGINARY
          0  -0.0168084   0.0192397  -0.0030815
  0.0168084           0  0.00555064   0.0128458
 -0.0192397 -0.00555064           0 -0.00458193
  0.0030815  -0.0128458  0.00458193           0
Repeater1[0]<--->EndNode1[0]
REAL
   0.486523  -0.0060986  0.00525677    0.306116
 -0.0060986   0.0579515  0.00638441  -0.0117672
 0.00525677  0.00638441   0.0336927 -0.00301598
   0.306116  -0.0117672 -0.00301598    0.421833
IMAGINARY
          0 -0.00398221   0.0126091 -0.00913432
 0.00398221           0  -0.0155943 -0.00454462
 -0.0126091   0.0155943           0   0.0053263
 0.00913432  0.00454462  -0.0053263           0
Repeater1[0]<--->HoM1[0]
REAL
  0.464384   0.011123 0.00923607    0.32281
  0.011123   0.030137  0.0126494 0.00862107
0.00923607  0.0126494  0.0342466 0.00800966
   0.32281 0.00862107 0.00800966   0.471233
IMAGINARY
          0   0.0192397  -0.0168084  -0.0030815
 -0.0192397           0 -0.00555064 -0.00458193
  0.0168084  0.00555064           0   0.0128458
  0.0030815  0.00458193  -0.0128458           0
EndNode1[0]<--->Repeater1[0]
REAL
   0.462916 -0.00629874   0.0169757    0.326801
-0.00629874   0.0396419 -0.00980794   0.0163576
  0.0169757 -0.00980794   0.0511509   0.0239458
   0.326801   0.0163576   0.0239458    0.446292
IMAGINARY
          0  0.00970255 -0.00882766  -0.0140574
-0.00970255           0 -0.00620402  -0.0231134
 0.00882766  0.00620402           0 -0.00356005
  0.0140574   0.0231134  0.00356005           0
EndNode2[0]<--->HoM1[0]
REAL
   0.464187   0.0160807 -0.00511257     0.33291
  0.0160807   0.0440771   0.0111151  0.00951509
-0.00511257   0.0111151   0.0399449  0.00593186
    0.33291  0.00951509  0.00593186    0.451791
IMAGINARY
          0  0.00216346  -0.0100342  0.00486799
-0.00216346           0   0.0210387  -0.0130427
  0.0100342  -0.0210387           0    0.009375
-0.00486799   0.0130427   -0.009375           0
Repeater1[0]<--->EndNode1[0]
REAL
   0.462916   0.0169757 -0.00629874    0.326801
  0.0169757   0.0511509 -0.00980794   0.0239458
-0.00629874 -0.00980794   0.0396419   0.0163576
   0.326801   0.0239458   0.0163576    0.446292
IMAGINARY
          0 -0.00882766  0.00970255  -0.0140574
 0.00882766           0  0.00620402 -0.00356005
-0.00970255 -0.00620402           0  -0.0231134
  0.0140574  0.00356005   0.0231134           0
Repeater1[0]<--->HoM1[0]
REAL
   0.464187 -0.00511257   0.0160807     0.33291
-0.00511257   0.0399449   0.0111151  0.00593186
  0.0160807   0.0111151   0.0440771  0.00951509
    0.33291  0.00593186  0.00951509    0.451791
IMAGINARY
          0  -0.0100342  0.00216346  0.00486799
  0.0100342           0  -0.0210387    0.009375
-0.00216346   0.0210387           0  -0.0130427
-0.00486799   -0.009375   0.0130427           0
EndNode1[0]<--->Repeater1[0]
REAL
   0.453621 0.000295198  0.00515921     0.32973
0.000295198   0.0584498  0.00173034  -0.0182678
 0.00515921  0.00173034   0.0419314 -0.00216786
    0.32973  -0.0182678 -0.00216786    0.445997
IMAGINARY
          0   0.0153536  0.00795922   0.0205113
 -0.0153536           0   0.0096556  -0.0226259
-0.00795922  -0.0096556           0  0.00331305
 -0.0205113   0.0226259 -0.00331305           0
EndNode2[0]<--->HoM1[0]
REAL
   0.451737 -0.00684325 -0.00537339    0.351109
-0.00684325    0.042471 -0.00533827  0.00288583
-0.00537339 -0.00533827    0.042471  0.00435569
   0.351109  0.00288583  0.00435569     0.46332
IMAGINARY
          0 -0.00920219   0.0115644  0.00101557
 0.00920219           0  -0.0101539  -0.0103479
 -0.0115644   0.0101539           0  0.00311947
-0.00101557   0.0103479 -0.00311947           0
Repeater1[0]<--->EndNode1[0]
REAL
   0.453621  0.00515921 0.000295198     0.32973
 0.00515921   0.0419314  0.00173034 -0.00216786
0.000295198  0.00173034   0.0584498  -0.0182678
    0.32973 -0.00216786  -0.0182678    0.445997
IMAGINARY
          0  0.00795922   0.0153536   0.0205113
-0.00795922           0  -0.0096556  0.00331305
 -0.0153536   0.0096556           0  -0.0226259
 -0.0205113 -0.00331305   0.0226259           0
Repeater1[0]<--->HoM1[0]
REAL
   0.451737 -0.00537339 -0.00684325    0.351109
-0.00537339    0.042471 -0.00533827  0.00435569
-0.00684325 -0.00533827    0.042471  0.00288583
   0.351109  0.00435569  0.00288583     0.46332
IMAGINARY
          0   0.0115644 -0.00920219  0.00101557
 -0.0115644           0   0.0101539  0.00311947
 0.00920219  -0.0101539           0  -0.0103479
-0.00101557 -0.00311947   0.0103479           0
EndNode1[0]<--->Repeater1[0]
REAL
   0.479644 -0.00370798 -0.00496757    0.337447
-0.00370798    0.024173  0.00518034  -0.0117611
-0.00496757  0.00518034    0.043257 -0.00434655
   0.337447  -0.0117611 -0.00434655    0.452926
IMAGINARY
           0   0.00888721   -0.0177579 -0.000282801
 -0.00888721            0  -0.00163781  -0.00464928
   0.0177579   0.00163781            0   -0.0108078
 0.000282801   0.00464928    0.0108078            0
EndNode2[0]<--->HoM1[0]
REAL
    0.477477   -0.0112507  -0.00202168     0.331056
  -0.0112507     0.047619 -0.000965103  -0.00511191
 -0.00202168 -0.000965103      0.03861  -0.00755608
    0.331056  -0.00511191  -0.00755608     0.436293
IMAGINARY
           0    0.0236013   -0.0129719    0.0221985
  -0.0236013            0  -0.00810454 -0.000151423
   0.0129719   0.00810454            0   0.00527008
  -0.0221985  0.000151423  -0.00527008            0
Repeater1[0]<--->EndNode1[0]
REAL
   0.479644 -0.00496757 -0.00370798    0.337447
-0.00496757    0.043257  0.00518034 -0.00434655
-0.00370798  0.00518034    0.024173  -0.0117611
   0.337447 -0.00434655  -0.0117611    0.452926
IMAGINARY
           0   -0.0177579   0.00888721 -0.000282801
   0.0177579            0   0.00163781   -0.0108078
 -0.00888721  -0.00163781            0  -0.00464928
 0.000282801    0.0108078   0.00464928            0
Repeater1[0]<--->HoM1[0]
REAL
    0.477477  -0.00202168   -0.0112507     0.331056
 -0.00202168      0.03861 -0.000965103  -0.00755608
  -0.0112507 -0.000965103     0.047619  -0.00511191
    0.331056  -0.00755608  -0.00511191     0.436293
IMAGINARY
           0   -0.0129719    0.0236013    0.0221985
   0.0129719            0   0.00810454   0.00527008
  -0.0236013  -0.00810454            0 -0.000151423
  -0.0221985  -0.00527008  0.000151423            0
EndNode1[0]<--->Repeater1[0]
REAL
   0.446097  -0.0171236 -0.00967061    0.350178
 -0.0171236   0.0495663  0.00550531 -0.00246222
-0.00967061  0.00550531   0.0346964  -0.0039492
   0.350178 -0.00246222  -0.0039492    0.469641
IMAGINARY
           0   0.00815975   -0.0176421  -0.00886563
 -0.00815975            0  -0.00534945    0.0285535
   0.0176421   0.00534945            0  0.000184285
  0.00886563   -0.0285535 -0.000184285            0
EndNode2[0]<--->HoM1[0]
REAL
   0.458591 -0.00719698  0.00206627    0.331779
-0.00719698   0.0321384   0.0102562  0.00395782
 0.00206627   0.0102562   0.0482077  0.00518894
   0.331779  0.00395782  0.00518894    0.461063
IMAGINARY
          0   0.0172711  0.00524934  0.00342906
 -0.0172711           0 -0.00595432    0.011811
-0.00524934  0.00595432           0  -0.0107094
-0.00342906   -0.011811   0.0107094           0
Repeater1[0]<--->EndNode1[0]
REAL
   0.446097 -0.00967061  -0.0171236    0.350178
-0.00967061   0.0346964  0.00550531  -0.0039492
 -0.0171236  0.00550531   0.0495663 -0.00246222
   0.350178  -0.0039492 -0.00246222    0.469641
IMAGINARY
           0   -0.0176421   0.00815975  -0.00886563
   0.0176421            0   0.00534945  0.000184285
 -0.00815975  -0.00534945            0    0.0285535
  0.00886563 -0.000184285   -0.0285535            0
Repeater1[0]<--->HoM1[0]
REAL
   0.458591  0.00206627 -0.00719698    0.331779
 0.00206627   0.0482077   0.0102562  0.00518894
-0.00719698   0.0102562   0.0321384  0.00395782
   0.331779  0.00518894  0.00395782    0.461063
IMAGINARY
          0  0.00524934   0.0172711  0.00342906
-0.00524934           0  0.00595432  -0.0107094
 -0.0172711 -0.00595432           0    0.011811
-0.00342906   0.0107094   -0.011811           0
EndNode1[0]<--->Repeater1[0]
REAL
   0.452412   0.0078595  0.00220696    0.335176
  0.0078595   0.0456323  0.00140957  0.00876864
 0.00220696  0.00140957   0.0352021 -0.00907902
   0.335176  0.00876864 -0.00907902    0.466754
IMAGINARY
          0 -0.00430141   0.0286946   0.0107624
 0.00430141           0  0.00607698  -0.0144089
 -0.0286946 -0.00607698           0  0.00300271
 -0.0107624   0.0144089 -0.00300271           0
EndNode2[0]<--->HoM1[0]
REAL
  0.435279  0.0195585  0.0019413   0.331412
 0.0195585  0.0393401 0.00817373  0.0219914
 0.0019413 0.00817373  0.0406091  0.0121361
  0.331412  0.0219914  0.0121361   0.484772
IMAGINARY
          0  -0.0108355 -0.00734321  0.00417961
  0.0108355           0 -0.00782039  0.00425297
 0.00734321  0.00782039           0 -0.00956002
-0.00417961 -0.00425297  0.00956002           0
Repeater1[0]<--->EndNode1[0]
REAL
   0.452412  0.00220696   0.0078595    0.335176
 0.00220696   0.0352021  0.00140957 -0.00907902
  0.0078595  0.00140957   0.0456323  0.00876864
   0.335176 -0.00907902  0.00876864    0.466754
IMAGINARY
          0   0.0286946 -0.00430141   0.0107624
 -0.0286946           0 -0.00607698  0.00300271
 0.00430141  0.00607698           0  -0.0144089
 -0.0107624 -0.00300271   0.0144089           0
Repeater1[0]<--->HoM1[0]
REAL
  0.435279  0.0019413  0.0195585   0.331412
 0.0019413  0.0406091 0.00817373  0.0121361
 0.0195585 0.00817373  0.0393401  0.0219914
  0.331412  0.0121361  0.0219914   0.484772
IMAGINARY
          0 -0.00734321  -0.0108355  0.00417961
 0.00734321           0  0.00782039 -0.00956002
  0.0108355 -0.00782039           0  0.00425297
-0.00417961  0.00956002 -0.00425297           0
EndNode1[0]<--->Repeater1[0]
REAL
  0.460317  0.0151085 0.00578843   0.339799
 0.0151085  0.0410053 0.00605554  0.0162323
0.00578843 0.00605554  0.0357143 0.00820759
  0.339799  0.0162323 0.00820759   0.462963
IMAGINARY
          0  -0.0141104 -0.00607843 -0.00290906
  0.0141104           0 -0.00613487   0.0134676
 0.00607843  0.00613487           0  -0.0068256
 0.00290906  -0.0134676   0.0068256           0
EndNode2[0]<--->HoM1[0]
REAL
   0.440636   0.0101684  -0.0105336    0.316119
  0.0101684   0.0440636 -0.00194832 -0.00417228
 -0.0105336 -0.00194832   0.0416157 -0.00749462
   0.316119 -0.00417228 -0.00749462    0.473684
IMAGINARY
          0  0.00600623  -0.0319433  -0.0192623
-0.00600623           0 -0.00823768   -0.011344
  0.0319433  0.00823768           0   0.0234793
  0.0192623    0.011344  -0.0234793           0
Repeater1[0]<--->EndNode1[0]
REAL
  0.460317 0.00578843  0.0151085   0.339799
0.00578843  0.0357143 0.00605554 0.00820759
 0.0151085 0.00605554  0.0410053  0.0162323
  0.339799 0.00820759  0.0162323   0.462963
IMAGINARY
          0 -0.00607843  -0.0141104 -0.00290906
 0.00607843           0  0.00613487  -0.0068256
  0.0141104 -0.00613487           0   0.0134676
 0.00290906   0.0068256  -0.0134676           0
Repeater1[0]<--->HoM1[0]
REAL
   0.440636  -0.0105336   0.0101684    0.316119
 -0.0105336   0.0416157 -0.00194832 -0.00749462
  0.0101684 -0.00194832   0.0440636 -0.00417228
   0.316119 -0.00749462 -0.00417228    0.473684
IMAGINARY
          0  -0.0319433  0.00600623  -0.0192623
  0.0319433           0  0.00823768   0.0234793
-0.00600623 -0.00823768           0   -0.011344
  0.0192623  -0.0234793    0.011344           0
EndNode1[0]<--->Repeater1[0]
REAL
   0.480649 -0.00180701  -0.0015764    0.325302
-0.00180701   0.0399501 -0.00405829  -0.0204443
 -0.0015764 -0.00405829   0.0411985  -0.0228044
   0.325302  -0.0204443  -0.0228044    0.438202
IMAGINARY
           0  0.000938659   0.00523887   0.00520198
-0.000938659            0   0.00202536    0.0167185
 -0.00523887  -0.00202536            0    0.0021981
 -0.00520198   -0.0167185   -0.0021981            0
EndNode2[0]<--->HoM1[0]
REAL
   0.443005    0.012181   0.0104817    0.332805
   0.012181   0.0518135 0.000304509   0.0117255
  0.0104817 0.000304509   0.0401554  0.00195086
   0.332805   0.0117255  0.00195086    0.465026
IMAGINARY
          0  -0.0316695   0.0130358  0.00932629
  0.0316695           0    0.031636  0.00071417
 -0.0130358   -0.031636           0   0.0254195
-0.00932629 -0.00071417  -0.0254195           0
Repeater1[0]<--->EndNode1[0]
REAL
   0.480649  -0.0015764 -0.00180701    0.325302
 -0.0015764   0.0411985 -0.00405829  -0.0228044
-0.00180701 -0.00405829   0.0399501  -0.0204443
   0.325302  -0.0228044  -0.0204443    0.438202
IMAGINARY
           0   0.00523887  0.000938659   0.00520198
 -0.00523887            0  -0.00202536    0.0021981
-0.000938659   0.00202536            0    0.0167185
 -0.00520198   -0.0021981   -0.0167185            0
Repeater1[0]<--->HoM1[0]
REAL
   0.443005   0.0104817    0.012181    0.332805
  0.0104817   0.0401554 0.000304509  0.00195086
   0.012181 0.000304509   0.0518135   0.0117255
   0.332805  0.00195086   0.0117255    0.465026
IMAGINARY
          0   0.0130358  -0.0316695  0.00932629
 -0.0130358           0   -0.031636   0.0254195
  0.0316695    0.031636           0  0.00071417
-0.00932629  -0.0254195 -0.00071417           0
EndNode1[0]<--->Repeater1[0]
REAL
   0.448231   0.0066133  -0.0167022    0.346921
  0.0066133   0.0406291  0.00860621 -0.00591085
 -0.0167022  0.00860621   0.0589777 -0.00284446
   0.346921 -0.00591085 -0.00284446    0.452163
IMAGINARY
           0   0.00647206   0.00041996   -0.0216817
 -0.00647206            0  0.000113122    0.0186018
 -0.00041996 -0.000113122            0   -0.0295699
   0.0216817   -0.0186018    0.0295699            0
EndNode2[0]<--->HoM1[0]
REAL
  0.484768 0.00630364 0.00233048   0.323996
0.00630364  0.0344371  0.0022008 -0.0111466
0.00233048  0.0022008  0.0476821 0.00503137
  0.323996 -0.0111466 0.00503137   0.433113
IMAGINARY
          0 -0.00684663   0.0173474  0.00375103
 0.00684663           0  -0.0146734  0.00701153
 -0.0173474   0.0146734           0  -0.0213585
-0.00375103 -0.00701153   0.0213585           0
Repeater1[0]<--->EndNode1[0]
REAL
   0.448231  -0.0167022   0.0066133    0.346921
 -0.0167022   0.0589777  0.00860621 -0.00284446
  0.0066133  0.00860621   0.0406291 -0.00591085
   0.346921 -0.00284446 -0.00591085    0.452163
IMAGINARY
           0   0.00041996   0.00647206   -0.0216817
 -0.00041996            0 -0.000113122   -0.0295699
 -0.00647206  0.000113122            0    0.0186018
   0.0216817    0.0295699   -0.0186018            0
Repeater1[0]<--->HoM1[0]
REAL
  0.484768 0.00233048 0.00630364   0.323996
0.00233048  0.0476821  0.0022008 0.00503137
0.00630364  0.0022008  0.0344371 -0.0111466
  0.323996 0.00503137 -0.0111466   0.433113
IMAGINARY
          0   0.0173474 -0.00684663  0.00375103
 -0.0173474           0   0.0146734  -0.0213585
 0.00684663  -0.0146734           0  0.00701153
-0.00375103   0.0213585 -0.00701153           0
EndNode1[0]<--->Repeater1[0]
REAL
   0.462745  -0.0132289 -0.00366541    0.326586
 -0.0132289   0.0366013  -0.0195682 -0.00761278
-0.00366541  -0.0195682   0.0470588 -0.00807431
