EndNode1[0]<--->Repeater1[0]
REAL
   0.377849 -0.00131155  0.00227204    0.266009
-0.00131155    0.111923 -0.00260362   0.0115117
 0.00227204 -0.00260362    0.118352   0.0020689
   0.266009   0.0115117   0.0020689    0.391876
IMAGINARY
           0 -0.000851233   0.00163894  -0.00164482
 0.000851233            0  -0.00343587   0.00342359
 -0.00163894   0.00343587            0  -0.00629588
  0.00164482  -0.00342359   0.00629588            0
EndNode2[0]<--->HoM1[0]
REAL
   0.388379  0.00744411  0.00441408    0.253477
 0.00744411    0.121407 0.000281447 0.000697163
 0.00441408 0.000281447    0.110092  0.00578499
   0.253477 0.000697163  0.00578499    0.380122
IMAGINARY
           0  -0.00873819 -5.05993e-05 -0.000496598
  0.00873819            0    0.0141303   0.00948456
 5.05993e-05   -0.0141303            0  -0.00100009
 0.000496598  -0.00948456   0.00100009            0
Repeater1[0]<--->EndNode1[0]
REAL
   0.377849  0.00227204 -0.00131155    0.266009
 0.00227204    0.118352 -0.00260362   0.0020689
-0.00131155 -0.00260362    0.111923   0.0115117
   0.266009   0.0020689   0.0115117    0.391876
IMAGINARY
           0   0.00163894 -0.000851233  -0.00164482
 -0.00163894            0   0.00343587  -0.00629588
 0.000851233  -0.00343587            0   0.00342359
  0.00164482   0.00629588  -0.00342359            0
Repeater1[0]<--->HoM1[0]
REAL
   0.388379  0.00441408  0.00744411    0.253477
 0.00441408    0.110092 0.000281447  0.00578499
 0.00744411 0.000281447    0.121407 0.000697163
   0.253477  0.00578499 0.000697163    0.380122
IMAGINARY
           0 -5.05993e-05  -0.00873819 -0.000496598
 5.05993e-05            0   -0.0141303  -0.00100009
  0.00873819    0.0141303            0   0.00948456
 0.000496598   0.00100009  -0.00948456            0
EndNode1[0]<--->Repeater1[0]
REAL
   0.381704  0.00193957 -0.00215293    0.266627
 0.00193957    0.123063 -0.00418755  0.00184953
-0.00215293 -0.00418755    0.130513  0.00776917
   0.266627  0.00184953  0.00776917     0.36472
IMAGINARY
          0  0.00104501 -0.00700333  0.00562088
-0.00104501           0  0.00956709  0.00321889
 0.00700333 -0.00956709           0 -0.00240741
-0.00562088 -0.00321889  0.00240741           0
EndNode2[0]<--->HoM1[0]
REAL
    0.37485 -0.00896809  -0.0111309    0.261648
-0.00896809    0.120359 -0.00393084 -0.00197337
 -0.0111309 -0.00393084    0.117665 -0.00821304
   0.261648 -0.00197337 -0.00821304    0.387126
IMAGINARY
           0  -0.00697329 -0.000220852  -0.00361871
  0.00697329            0  -0.00331931   0.00882619
 0.000220852   0.00331931            0   0.00489614
  0.00361871  -0.00882619  -0.00489614            0
Repeater1[0]<--->EndNode1[0]
REAL
   0.381704 -0.00215293  0.00193957    0.266627
-0.00215293    0.130513 -0.00418755  0.00776917
 0.00193957 -0.00418755    0.123063  0.00184953
   0.266627  0.00776917  0.00184953     0.36472
IMAGINARY
          0 -0.00700333  0.00104501  0.00562088
 0.00700333           0 -0.00956709 -0.00240741
-0.00104501  0.00956709           0  0.00321889
-0.00562088  0.00240741 -0.00321889           0
Repeater1[0]<--->HoM1[0]
REAL
    0.37485  -0.0111309 -0.00896809    0.261648
 -0.0111309    0.117665 -0.00393084 -0.00821304
-0.00896809 -0.00393084    0.120359 -0.00197337
   0.261648 -0.00821304 -0.00197337    0.387126
IMAGINARY
           0 -0.000220852  -0.00697329  -0.00361871
 0.000220852            0   0.00331931   0.00489614
  0.00697329  -0.00331931            0   0.00882619
  0.00361871  -0.00489614  -0.00882619            0
EndNode1[0]<--->Repeater1[0]
REAL
    0.383795   0.00200798   -0.0042829     0.269399
  0.00200798     0.120621 -0.000509963   0.00443105
  -0.0042829 -0.000509963     0.108133   -0.0119339
    0.269399   0.00443105   -0.0119339     0.387451
IMAGINARY
           0  -0.00174264   0.00913189    0.0047621
  0.00174264            0     0.003874   0.00181036
 -0.00913189    -0.003874            0  0.000830782
  -0.0047621  -0.00181036 -0.000830782            0
EndNode2[0]<--->HoM1[0]
REAL
    0.37832   0.0096277  0.00646165    0.263483
  0.0096277    0.117974 -0.00034843 -0.00541091
 0.00646165 -0.00034843    0.126004  -0.0118793
   0.263483 -0.00541091  -0.0118793    0.377702
IMAGINARY
           0  -0.00312067  -0.00177934    0.0119335
  0.00312067            0  0.000887001    0.0157591
  0.00177934 -0.000887001            0   0.00103857
  -0.0119335   -0.0157591  -0.00103857            0
Repeater1[0]<--->EndNode1[0]
REAL
    0.383795   -0.0042829   0.00200798     0.269399
  -0.0042829     0.108133 -0.000509963   -0.0119339
  0.00200798 -0.000509963     0.120621   0.00443105
    0.269399   -0.0119339   0.00443105     0.387451
IMAGINARY
           0   0.00913189  -0.00174264    0.0047621
 -0.00913189            0    -0.003874  0.000830782
  0.00174264     0.003874            0   0.00181036
  -0.0047621 -0.000830782  -0.00181036            0
Repeater1[0]<--->HoM1[0]
REAL
    0.37832  0.00646165   0.0096277    0.263483
 0.00646165    0.126004 -0.00034843  -0.0118793
  0.0096277 -0.00034843    0.117974 -0.00541091
   0.263483  -0.0118793 -0.00541091    0.377702
IMAGINARY
           0  -0.00177934  -0.00312067    0.0119335
  0.00177934            0 -0.000887001   0.00103857
  0.00312067  0.000887001            0    0.0157591
  -0.0119335  -0.00103857   -0.0157591            0
EndNode1[0]<--->Repeater1[0]
REAL
   0.383899  0.00462606  0.00397535     0.27282
 0.00462606    0.124662 -0.00127889   0.0163523
 0.00397535 -0.00127889    0.112346  0.00629627
    0.27282   0.0163523  0.00629627    0.379093
IMAGINARY
           0  -0.00422637  -0.00438359  0.000371012
  0.00422637            0   0.00157801    0.0042371
  0.00438359  -0.00157801            0   0.00349388
-0.000371012   -0.0042371  -0.00349388            0
EndNode2[0]<--->HoM1[0]
REAL
  0.381917 0.00184173 0.00839385   0.261134
0.00184173   0.109162 0.00573574 0.00854794
0.00839385 0.00573574   0.105836 0.00496394
  0.261134 0.00854794 0.00496394   0.403084
IMAGINARY
           0  -0.00196799  0.000462859  -0.00452288
  0.00196799            0    0.0124594  -0.00293047
-0.000462859   -0.0124594            0   0.00597786
  0.00452288   0.00293047  -0.00597786            0
Repeater1[0]<--->EndNode1[0]
REAL
   0.383899  0.00397535  0.00462606     0.27282
 0.00397535    0.112346 -0.00127889  0.00629627
 0.00462606 -0.00127889    0.124662   0.0163523
    0.27282  0.00629627   0.0163523    0.379093
IMAGINARY
           0  -0.00438359  -0.00422637  0.000371012
  0.00438359            0  -0.00157801   0.00349388
  0.00422637   0.00157801            0    0.0042371
-0.000371012  -0.00349388   -0.0042371            0
Repeater1[0]<--->HoM1[0]
REAL
  0.381917 0.00839385 0.00184173   0.261134
0.00839385   0.105836 0.00573574 0.00496394
0.00184173 0.00573574   0.109162 0.00854794
  0.261134 0.00496394 0.00854794   0.403084
IMAGINARY
           0  0.000462859  -0.00196799  -0.00452288
-0.000462859            0   -0.0124594   0.00597786
  0.00196799    0.0124594            0  -0.00293047
  0.00452288  -0.00597786   0.00293047            0
EndNode1[0]<--->Repeater1[0]
REAL
     0.39012  -0.00265549   0.00127946     0.265782
 -0.00265549     0.110479 -0.000115495  -0.00707097
  0.00127946 -0.000115495     0.111976  -0.00402702
    0.265782  -0.00707097  -0.00402702     0.387425
IMAGINARY
          0  0.00581045 -0.00751512  0.00955671
-0.00581045           0   0.0107586 -0.00869436
 0.00751512  -0.0107586           0  0.00447633
-0.00955671  0.00869436 -0.00447633           0
EndNode2[0]<--->HoM1[0]
REAL
   0.390818 0.000125645  0.00343768    0.261448
0.000125645    0.116245  -0.0041126  0.00359166
 0.00343768  -0.0041126    0.112125   0.0056812
   0.261448  0.00359166   0.0056812    0.380812
IMAGINARY
          0 -0.00140244  -0.0011752 -0.00575472
 0.00140244           0  0.00621135 -0.00504886
  0.0011752 -0.00621135           0 -0.00274693
 0.00575472  0.00504886  0.00274693           0
Repeater1[0]<--->EndNode1[0]
REAL
     0.39012   0.00127946  -0.00265549     0.265782
  0.00127946     0.111976 -0.000115495  -0.00402702
 -0.00265549 -0.000115495     0.110479  -0.00707097
    0.265782  -0.00402702  -0.00707097     0.387425
IMAGINARY
          0 -0.00751512  0.00581045  0.00955671
 0.00751512           0  -0.0107586  0.00447633
-0.00581045   0.0107586           0 -0.00869436
-0.00955671 -0.00447633  0.00869436           0
Repeater1[0]<--->HoM1[0]
REAL
   0.390818  0.00343768 0.000125645    0.261448
 0.00343768    0.112125  -0.0041126   0.0056812
0.000125645  -0.0041126    0.116245  0.00359166
   0.261448   0.0056812  0.00359166    0.380812
IMAGINARY
          0  -0.0011752 -0.00140244 -0.00575472
  0.0011752           0 -0.00621135 -0.00274693
 0.00140244  0.00621135           0 -0.00504886
 0.00575472  0.00274693  0.00504886           0
EndNode1[0]<--->Repeater1[0]
REAL
   0.377079 -0.00581954 -0.00447246    0.261747
-0.00581954    0.128774 -0.00793313 -0.00614674
-0.00447246 -0.00793313    0.111214   -0.003304
   0.261747 -0.00614674   -0.003304    0.382933
IMAGINARY
          0  0.00983364  -0.0138039 -0.00560483
-0.00983364           0   0.0167966 -0.00618377
  0.0138039  -0.0167966           0  0.00677152
 0.00560483  0.00618377 -0.00677152           0
EndNode2[0]<--->HoM1[0]
REAL
   0.374211  -0.0020593  0.00372348    0.262649
 -0.0020593    0.116321 -0.00609011 -0.00311335
 0.00372348 -0.00609011    0.118726  -0.0022116
   0.262649 -0.00311335  -0.0022116    0.390742
IMAGINARY
           0 -0.000236227   0.00296114  -0.00075579
 0.000236227            0 -0.000301932    0.0141801
 -0.00296114  0.000301932            0  -0.00528382
  0.00075579   -0.0141801   0.00528382            0
Repeater1[0]<--->EndNode1[0]
REAL
   0.377079 -0.00447246 -0.00581954    0.261747
-0.00447246    0.111214 -0.00793313   -0.003304
-0.00581954 -0.00793313    0.128774 -0.00614674
   0.261747   -0.003304 -0.00614674    0.382933
IMAGINARY
          0  -0.0138039  0.00983364 -0.00560483
  0.0138039           0  -0.0167966  0.00677152
-0.00983364   0.0167966           0 -0.00618377
 0.00560483 -0.00677152  0.00618377           0
Repeater1[0]<--->HoM1[0]
REAL
   0.374211  0.00372348  -0.0020593    0.262649
 0.00372348    0.118726 -0.00609011  -0.0022116
 -0.0020593 -0.00609011    0.116321 -0.00311335
   0.262649  -0.0022116 -0.00311335    0.390742
IMAGINARY
           0   0.00296114 -0.000236227  -0.00075579
 -0.00296114            0  0.000301932  -0.00528382
 0.000236227 -0.000301932            0    0.0141801
  0.00075579   0.00528382   -0.0141801            0
EndNode1[0]<--->Repeater1[0]
REAL
   0.393041 0.000679072  0.00615237    0.280571
0.000679072    0.119516 -0.00152616   0.0126108
 0.00615237 -0.00152616    0.110741  0.00547524
   0.280571   0.0126108  0.00547524    0.376702
IMAGINARY
           0  -0.00626373      0.01299  -0.00317185
  0.00626373            0  -0.00166491    0.0069015
    -0.01299   0.00166491            0 -6.53834e-05
  0.00317185   -0.0069015  6.53834e-05            0
EndNode2[0]<--->HoM1[0]
REAL
   0.398973 -0.00695786  0.00429759    0.267692
-0.00695786    0.118695 -0.00476113 -0.00398971
 0.00429759 -0.00476113    0.115071  0.00911303
   0.267692 -0.00398971  0.00911303    0.367261
IMAGINARY
          0   0.0061103 -0.00541602  0.00320106
 -0.0061103           0 -0.00763396 -0.00272141
 0.00541602  0.00763396           0  0.00473961
-0.00320106  0.00272141 -0.00473961           0
Repeater1[0]<--->EndNode1[0]
REAL
   0.393041  0.00615237 0.000679072    0.280571
 0.00615237    0.110741 -0.00152616  0.00547524
0.000679072 -0.00152616    0.119516   0.0126108
   0.280571  0.00547524   0.0126108    0.376702
IMAGINARY
           0      0.01299  -0.00626373  -0.00317185
    -0.01299            0   0.00166491 -6.53834e-05
  0.00626373  -0.00166491            0    0.0069015
  0.00317185  6.53834e-05   -0.0069015            0
Repeater1[0]<--->HoM1[0]
REAL
   0.398973  0.00429759 -0.00695786    0.267692
 0.00429759    0.115071 -0.00476113  0.00911303
-0.00695786 -0.00476113    0.118695 -0.00398971
   0.267692  0.00911303 -0.00398971    0.367261
IMAGINARY
          0 -0.00541602   0.0061103  0.00320106
 0.00541602           0  0.00763396  0.00473961
 -0.0061103 -0.00763396           0 -0.00272141
-0.00320106 -0.00473961  0.00272141           0
EndNode1[0]<--->Repeater1[0]
REAL
   0.382487    -0.01149 -0.00298733    0.260069
   -0.01149      0.1128  0.00193677 0.000251771
-0.00298733  0.00193677    0.120097  0.00845048
   0.260069 0.000251771  0.00845048    0.384615
IMAGINARY
           0  -0.00692989     0.004675   0.00448313
  0.00692989            0    -0.014339    0.0076744
   -0.004675     0.014339            0  0.000303384
 -0.00448313   -0.0076744 -0.000303384            0
EndNode2[0]<--->HoM1[0]
REAL
   0.388228 -0.00385227 -0.00665178    0.268896
-0.00385227     0.11415 -0.00275033 -0.00263751
-0.00665178 -0.00275033    0.120095  -0.0092707
   0.268896 -0.00263751  -0.0092707    0.377527
IMAGINARY
           0    0.0031263  0.000827468   0.00642366
  -0.0031263            0  0.000577507  8.71661e-05
-0.000827468 -0.000577507            0   0.00297126
 -0.00642366 -8.71661e-05  -0.00297126            0
Repeater1[0]<--->EndNode1[0]
REAL
   0.382487 -0.00298733    -0.01149    0.260069
-0.00298733    0.120097  0.00193677  0.00845048
   -0.01149  0.00193677      0.1128 0.000251771
   0.260069  0.00845048 0.000251771    0.384615
IMAGINARY
           0     0.004675  -0.00692989   0.00448313
   -0.004675            0     0.014339  0.000303384
  0.00692989    -0.014339            0    0.0076744
 -0.00448313 -0.000303384   -0.0076744            0
Repeater1[0]<--->HoM1[0]
REAL
   0.388228 -0.00665178 -0.00385227    0.268896
-0.00665178    0.120095 -0.00275033  -0.0092707
-0.00385227 -0.00275033     0.11415 -0.00263751
   0.268896  -0.0092707 -0.00263751    0.377527
IMAGINARY
           0  0.000827468    0.0031263   0.00642366
-0.000827468            0 -0.000577507   0.00297126
  -0.0031263  0.000577507            0  8.71661e-05
 -0.00642366  -0.00297126 -8.71661e-05            0
EndNode1[0]<--->Repeater1[0]
REAL
    0.39589   0.0159902 -0.00427242    0.265496
  0.0159902    0.107283  0.00536203  0.00308052
-0.00427242  0.00536203    0.118163 0.000398336
   0.265496  0.00308052 0.000398336    0.378664
IMAGINARY
          0 -0.00142809  -0.0144088   0.0130711
 0.00142809           0 -0.00209841   0.0011507
  0.0144088  0.00209841           0   0.0034092
 -0.0130711  -0.0011507  -0.0034092           0
EndNode2[0]<--->HoM1[0]
REAL
    0.39413 -0.00647876    0.002036    0.273921
-0.00647876    0.118598 -0.00686035 -0.00370418
   0.002036 -0.00686035    0.108715 -0.00307538
   0.273921 -0.00370418 -0.00307538    0.378556
IMAGINARY
          0  0.00170695   0.0014865  -0.0131275
-0.00170695           0  0.00653117  0.00865161
 -0.0014865 -0.00653117           0 -0.00185388
  0.0131275 -0.00865161  0.00185388           0
Repeater1[0]<--->EndNode1[0]
REAL
    0.39589 -0.00427242   0.0159902    0.265496
-0.00427242    0.118163  0.00536203 0.000398336
  0.0159902  0.00536203    0.107283  0.00308052
   0.265496 0.000398336  0.00308052    0.378664
IMAGINARY
          0  -0.0144088 -0.00142809   0.0130711
  0.0144088           0  0.00209841   0.0034092
 0.00142809 -0.00209841           0   0.0011507
 -0.0130711  -0.0034092  -0.0011507           0
Repeater1[0]<--->HoM1[0]
REAL
    0.39413    0.002036 -0.00647876    0.273921
   0.002036    0.108715 -0.00686035 -0.00307538
-0.00647876 -0.00686035    0.118598 -0.00370418
   0.273921 -0.00307538 -0.00370418    0.378556
IMAGINARY
          0   0.0014865  0.00170695  -0.0131275
 -0.0014865           0 -0.00653117 -0.00185388
-0.00170695  0.00653117           0  0.00865161
  0.0131275  0.00185388 -0.00865161           0
EndNode1[0]<--->Repeater1[0]
REAL
   0.373198 -0.00090697 -0.00180458    0.266692
-0.00090697    0.107636   0.0048739 -0.00195256
-0.00180458   0.0048739    0.119902 -0.00285017
   0.266692 -0.00195256 -0.00285017    0.399264
IMAGINARY
           0    0.0070584  -0.00440467    0.0116315
  -0.0070584            0    0.0140096   0.00591982
  0.00440467   -0.0140096            0 -8.87072e-05
  -0.0116315  -0.00591982  8.87072e-05            0
EndNode2[0]<--->HoM1[0]
REAL
   0.378875  0.00722182   0.0169469    0.266211
 0.00722182    0.117681 -0.00629543 -0.00286878
  0.0169469 -0.00629543    0.120551 -0.00192361
   0.266211 -0.00286878 -0.00192361    0.382893
IMAGINARY
          0 -0.00277321  0.00716401  0.00691532
 0.00277321           0 -0.00198259 -0.00047301
-0.00716401  0.00198259           0  0.00824767
-0.00691532  0.00047301 -0.00824767           0
Repeater1[0]<--->EndNode1[0]
REAL
   0.373198 -0.00180458 -0.00090697    0.266692
-0.00180458    0.119902   0.0048739 -0.00285017
-0.00090697   0.0048739    0.107636 -0.00195256
   0.266692 -0.00285017 -0.00195256    0.399264
IMAGINARY
           0  -0.00440467    0.0070584    0.0116315
  0.00440467            0   -0.0140096 -8.87072e-05
  -0.0070584    0.0140096            0   0.00591982
  -0.0116315  8.87072e-05  -0.00591982            0
Repeater1[0]<--->HoM1[0]
REAL
   0.378875   0.0169469  0.00722182    0.266211
  0.0169469    0.120551 -0.00629543 -0.00192361
 0.00722182 -0.00629543    0.117681 -0.00286878
   0.266211 -0.00192361 -0.00286878    0.382893
IMAGINARY
          0  0.00716401 -0.00277321  0.00691532
-0.00716401           0  0.00198259  0.00824767
 0.00277321 -0.00198259           0 -0.00047301
-0.00691532 -0.00824767  0.00047301           0
EndNode1[0]<--->Repeater1[0]
REAL
   0.381579  0.00105934  0.00881075    0.265079
 0.00105934    0.124235 -0.00101357 -0.00548347
 0.00881075 -0.00101357    0.114137 -0.00317671
   0.265079 -0.00548347 -0.00317671    0.380049
IMAGINARY
           0   0.00686218  -0.00473284  -0.00112764
 -0.00686218            0   0.00914427   0.00186188
  0.00473284  -0.00914427            0  0.000239663
  0.00112764  -0.00186188 -0.000239663            0
EndNode2[0]<--->HoM1[0]
REAL
   0.373812 -0.00520977 -0.00516115    0.261308
-0.00520977    0.117874  0.00606296 -0.00784772
-0.00516115  0.00606296     0.10867 -0.00596256
   0.261308 -0.00784772 -0.00596256    0.399644
IMAGINARY
           0 -0.000812907  -0.00176448   0.00330283
 0.000812907            0  0.000331946    0.0019165
  0.00176448 -0.000331946            0    0.0021811
 -0.00330283   -0.0019165   -0.0021811            0
Repeater1[0]<--->EndNode1[0]
REAL
   0.381579  0.00881075  0.00105934    0.265079
 0.00881075    0.114137 -0.00101357 -0.00317671
 0.00105934 -0.00101357    0.124235 -0.00548347
   0.265079 -0.00317671 -0.00548347    0.380049
IMAGINARY
           0  -0.00473284   0.00686218  -0.00112764
  0.00473284            0  -0.00914427  0.000239663
 -0.00686218   0.00914427            0   0.00186188
  0.00112764 -0.000239663  -0.00186188            0
Repeater1[0]<--->HoM1[0]
REAL
   0.373812 -0.00516115 -0.00520977    0.261308
-0.00516115     0.10867  0.00606296 -0.00596256
-0.00520977  0.00606296    0.117874 -0.00784772
   0.261308 -0.00596256 -0.00784772    0.399644
IMAGINARY
           0  -0.00176448 -0.000812907   0.00330283
  0.00176448            0 -0.000331946    0.0021811
 0.000812907  0.000331946            0    0.0019165
 -0.00330283   -0.0021811   -0.0019165            0
EndNode1[0]<--->Repeater1[0]
REAL
   0.383261 -0.00279403   0.0100662    0.258781
-0.00279403    0.116121 -0.00245351 -0.00800613
  0.0100662 -0.00245351    0.105003  -0.0057404
   0.258781 -0.00800613  -0.0057404    0.395615
IMAGINARY
           0  -0.00195493  -0.00358222   0.00426386
  0.00195493            0   -0.0068404  0.000286831
  0.00358222    0.0068404            0   0.00315325
 -0.00426386 -0.000286831  -0.00315325            0
EndNode2[0]<--->HoM1[0]
REAL
    0.37163 0.000973296 -0.00148902    0.272645
0.000973296    0.129596  0.00665553 -0.00550807
-0.00148902  0.00665553    0.117341 -0.00126484
   0.272645 -0.00550807 -0.00126484    0.381434
IMAGINARY
          0  0.00597055 -0.00865462  -0.0028843
-0.00597055           0   0.0066437 -0.00509314
 0.00865462  -0.0066437           0 -0.00148759
  0.0028843  0.00509314  0.00148759           0
Repeater1[0]<--->EndNode1[0]
REAL
   0.383261   0.0100662 -0.00279403    0.258781
  0.0100662    0.105003 -0.00245351  -0.0057404
-0.00279403 -0.00245351    0.116121 -0.00800613
   0.258781  -0.0057404 -0.00800613    0.395615
IMAGINARY
           0  -0.00358222  -0.00195493   0.00426386
  0.00358222            0    0.0068404   0.00315325
  0.00195493   -0.0068404            0  0.000286831
 -0.00426386  -0.00315325 -0.000286831            0
Repeater1[0]<--->HoM1[0]
REAL
    0.37163 -0.00148902 0.000973296    0.272645
-0.00148902    0.117341  0.00665553 -0.00126484
0.000973296  0.00665553    0.129596 -0.00550807
   0.272645 -0.00126484 -0.00550807    0.381434
IMAGINARY
          0 -0.00865462  0.00597055  -0.0028843
 0.00865462           0  -0.0066437 -0.00148759
-0.00597055   0.0066437           0 -0.00509314
  0.0028843  0.00148759  0.00509314           0
EndNode1[0]<--->Repeater1[0]
REAL
   0.384592  0.00370728    0.005701    0.270605
 0.00370728     0.11479 -0.00171098 -0.00176169
   0.005701 -0.00171098     0.12005 -0.00560398
   0.270605 -0.00176169 -0.00560398    0.380569
IMAGINARY
          0  -0.0164035  0.00491259  -0.0020326
  0.0164035           0 -0.00952725  0.00142034
-0.00491259  0.00952725           0  0.00253139
  0.0020326 -0.00142034 -0.00253139           0
EndNode2[0]<--->HoM1[0]
REAL
   0.386573   0.0105953 -0.00952115    0.270041
  0.0105953    0.119559  0.00549426  0.00726143
-0.00952115  0.00549426    0.113121  -0.0119511
   0.270041  0.00726143  -0.0119511    0.380748
IMAGINARY
          0 -0.00541154 -0.00234521 -0.00805793
 0.00541154           0  0.00835733 -0.00383508
 0.00234521 -0.00835733           0  0.00706966
 0.00805793  0.00383508 -0.00706966           0
Repeater1[0]<--->EndNode1[0]
REAL
   0.384592    0.005701  0.00370728    0.270605
   0.005701     0.12005 -0.00171098 -0.00560398
 0.00370728 -0.00171098     0.11479 -0.00176169
   0.270605 -0.00560398 -0.00176169    0.380569
IMAGINARY
          0  0.00491259  -0.0164035  -0.0020326
-0.00491259           0  0.00952725  0.00253139
  0.0164035 -0.00952725           0  0.00142034
  0.0020326 -0.00253139 -0.00142034           0
Repeater1[0]<--->HoM1[0]
REAL
   0.386573 -0.00952115   0.0105953    0.270041
-0.00952115    0.113121  0.00549426  -0.0119511
  0.0105953  0.00549426    0.119559  0.00726143
   0.270041  -0.0119511  0.00726143    0.380748
IMAGINARY
          0 -0.00234521 -0.00541154 -0.00805793
 0.00234521           0 -0.00835733  0.00706966
 0.00541154  0.00835733           0 -0.00383508
 0.00805793 -0.00706966  0.00383508           0
EndNode1[0]<--->Repeater1[0]
REAL
   0.377342 0.000205766 0.000301428    0.264439
0.000205766    0.121618 -0.00505164  0.00375384
0.000301428 -0.00505164    0.114184 -0.00185791
   0.264439  0.00375384 -0.00185791    0.386857
IMAGINARY
           0  -0.00672368  0.000758803  -0.00864366
  0.00672368            0   0.00467783     0.005073
-0.000758803  -0.00467783            0   -0.0030983
  0.00864366    -0.005073    0.0030983            0
EndNode2[0]<--->HoM1[0]
REAL
   0.373646   0.0020538  0.00461805    0.262405
  0.0020538    0.123345 0.000729495  -0.0029669
 0.00461805 0.000729495    0.120638  0.00650219
   0.262405  -0.0029669  0.00650219    0.382371
IMAGINARY
           0    0.0089179   0.00166247 -0.000894721
  -0.0089179            0   0.00014912   0.00270631
 -0.00166247  -0.00014912            0 -0.000933569
 0.000894721  -0.00270631  0.000933569            0
Repeater1[0]<--->EndNode1[0]
REAL
   0.377342 0.000301428 0.000205766    0.264439
0.000301428    0.114184 -0.00505164 -0.00185791
0.000205766 -0.00505164    0.121618  0.00375384
   0.264439 -0.00185791  0.00375384    0.386857
IMAGINARY
           0  0.000758803  -0.00672368  -0.00864366
-0.000758803            0  -0.00467783   -0.0030983
  0.00672368   0.00467783            0     0.005073
  0.00864366    0.0030983    -0.005073            0
Repeater1[0]<--->HoM1[0]
REAL
   0.373646  0.00461805   0.0020538    0.262405
 0.00461805    0.120638 0.000729495  0.00650219
  0.0020538 0.000729495    0.123345  -0.0029669
   0.262405  0.00650219  -0.0029669    0.382371
IMAGINARY
           0   0.00166247    0.0089179 -0.000894721
 -0.00166247            0  -0.00014912 -0.000933569
  -0.0089179   0.00014912            0   0.00270631
 0.000894721  0.000933569  -0.00270631            0
EndNode1[0]<--->Repeater1[0]
REAL
    0.393438 -0.000375036   0.00381601     0.260809
-0.000375036     0.112884  -0.00198182   0.00366454
  0.00381601  -0.00198182     0.120409   0.00187115
    0.260809   0.00366454   0.00187115     0.373269
IMAGINARY
          0   0.0052788  0.00109321 -0.00556304
 -0.0052788           0 -0.00480798 -0.00900019
-0.00109321  0.00480798           0  0.00293825
 0.00556304  0.00900019 -0.00293825           0
EndNode2[0]<--->HoM1[0]
REAL
    0.380232 -0.000126793  -0.00130939     0.262806
-0.000126793      0.12615   0.00114151  -0.00438947
 -0.00130939   0.00114151     0.116355  -0.00467225
    0.262806  -0.00438947  -0.00467225     0.377263
IMAGINARY
          0 -0.00124918  0.00769794  0.00515475
 0.00124918           0 -0.00317606  0.00938973
-0.00769794  0.00317606           0  0.00318083
-0.00515475 -0.00938973 -0.00318083           0
Repeater1[0]<--->EndNode1[0]
REAL
    0.393438   0.00381601 -0.000375036     0.260809
  0.00381601     0.120409  -0.00198182   0.00187115
-0.000375036  -0.00198182     0.112884   0.00366454
    0.260809   0.00187115   0.00366454     0.373269
IMAGINARY
          0  0.00109321   0.0052788 -0.00556304
-0.00109321           0  0.00480798  0.00293825
 -0.0052788 -0.00480798           0 -0.00900019
 0.00556304 -0.00293825  0.00900019           0
Repeater1[0]<--->HoM1[0]
REAL
    0.380232  -0.00130939 -0.000126793     0.262806
 -0.00130939     0.116355   0.00114151  -0.00467225
-0.000126793   0.00114151      0.12615  -0.00438947
    0.262806  -0.00467225  -0.00438947     0.377263
IMAGINARY
          0  0.00769794 -0.00124918  0.00515475
-0.00769794           0  0.00317606  0.00318083
 0.00124918 -0.00317606           0  0.00938973
-0.00515475 -0.00318083 -0.00938973           0
EndNode1[0]<--->Repeater1[0]
REAL
   0.373597  -0.0102442  0.00189271     0.25942
 -0.0102442    0.117543 -0.00152191 -0.00371531
 0.00189271 -0.00152191    0.120201  0.00386512
    0.25942 -0.00371531  0.00386512    0.388659
IMAGINARY
          0  0.00129515  0.00372747 -0.00193069
-0.00129515           0 -0.00561474  0.00668605
-0.00372747  0.00561474           0  0.00277971
 0.00193069 -0.00668605 -0.00277971           0
EndNode2[0]<--->HoM1[0]
REAL
   0.390267 -0.00426569 -0.00393726    0.262822
-0.00426569    0.111283  0.00268029   0.0105598
-0.00393726  0.00268029    0.113453  0.00577081
   0.262822   0.0105598  0.00577081    0.384997
IMAGINARY
           0  -0.00606938   0.00488293   -0.0138909
  0.00606938            0 -6.04841e-05 -0.000293055
 -0.00488293  6.04841e-05            0  -0.00681188
   0.0138909  0.000293055   0.00681188            0
Repeater1[0]<--->EndNode1[0]
REAL
   0.373597  0.00189271  -0.0102442     0.25942
 0.00189271    0.120201 -0.00152191  0.00386512
 -0.0102442 -0.00152191    0.117543 -0.00371531
    0.25942  0.00386512 -0.00371531    0.388659
IMAGINARY
          0  0.00372747  0.00129515 -0.00193069
-0.00372747           0  0.00561474  0.00277971
-0.00129515 -0.00561474           0  0.00668605
 0.00193069 -0.00277971 -0.00668605           0
Repeater1[0]<--->HoM1[0]
REAL
   0.390267 -0.00393726 -0.00426569    0.262822
-0.00393726    0.113453  0.00268029  0.00577081
-0.00426569  0.00268029    0.111283   0.0105598
   0.262822  0.00577081   0.0105598    0.384997
IMAGINARY
           0   0.00488293  -0.00606938   -0.0138909
 -0.00488293            0  6.04841e-05  -0.00681188
  0.00606938 -6.04841e-05            0 -0.000293055
   0.0138909   0.00681188  0.000293055            0
EndNode1[0]<--->Repeater1[0]
REAL
   0.383851 -0.00239579  0.00359912    0.257795
-0.00239579    0.112082 -0.00141979  0.00375161
 0.00359912 -0.00141979    0.111178 -0.00165461
   0.257795  0.00375161 -0.00165461    0.392889
IMAGINARY
           0   0.00934768   0.00356131  0.000593035
 -0.00934768            0  -0.00600169   0.00535664
 -0.00356131   0.00600169            0   -0.0141039
-0.000593035  -0.00535664    0.0141039            0
EndNode2[0]<--->HoM1[0]
REAL
    0.379577   0.00435026 -0.000238795     0.254908
  0.00435026     0.117595 -0.000547934   0.00186457
-0.000238795 -0.000547934     0.127121    0.0052566
    0.254908   0.00186457    0.0052566     0.375707
IMAGINARY
          0  0.00123168  0.00629355 -0.00950147
-0.00123168           0 -0.00847538 -0.00554616
-0.00629355  0.00847538           0  0.00579373
 0.00950147  0.00554616 -0.00579373           0
Repeater1[0]<--->EndNode1[0]
REAL
   0.383851  0.00359912 -0.00239579    0.257795
 0.00359912    0.111178 -0.00141979 -0.00165461
-0.00239579 -0.00141979    0.112082  0.00375161
   0.257795 -0.00165461  0.00375161    0.392889
IMAGINARY
           0   0.00356131   0.00934768  0.000593035
 -0.00356131            0   0.00600169   -0.0141039
 -0.00934768  -0.00600169            0   0.00535664
-0.000593035    0.0141039  -0.00535664            0
Repeater1[0]<--->HoM1[0]
REAL
    0.379577 -0.000238795   0.00435026     0.254908
-0.000238795     0.127121 -0.000547934    0.0052566
  0.00435026 -0.000547934     0.117595   0.00186457
    0.254908    0.0052566   0.00186457     0.375707
IMAGINARY
          0  0.00629355  0.00123168 -0.00950147
-0.00629355           0  0.00847538  0.00579373
-0.00123168 -0.00847538           0 -0.00554616
 0.00950147 -0.00579373  0.00554616           0
EndNode1[0]<--->Repeater1[0]
REAL
   0.381256  0.00557122  0.00370182    0.269978
 0.00557122     0.11731 -0.00359548 -0.00237946
 0.00370182 -0.00359548    0.122091 -0.00571815
   0.269978 -0.00237946 -0.00571815    0.379343
IMAGINARY
          0 -0.00965011  0.00594668   0.0017845
 0.00965011           0 -0.00684402 -0.00924998
-0.00594668  0.00684402           0   0.0069474
 -0.0017845  0.00924998  -0.0069474           0
EndNode2[0]<--->HoM1[0]
REAL
    0.36319  -0.0117913 -0.00274094    0.267424
 -0.0117913    0.121166  0.00112877  0.00395748
-0.00274094  0.00112877    0.122086  0.00053826
   0.267424  0.00395748  0.00053826    0.393558
IMAGINARY
           0 -0.000352636  -0.00110994   0.00409622
 0.000352636            0   0.00771722 -0.000358059
  0.00110994  -0.00771722            0   0.00593103
 -0.00409622  0.000358059  -0.00593103            0
Repeater1[0]<--->EndNode1[0]
REAL
   0.381256  0.00370182  0.00557122    0.269978
 0.00370182    0.122091 -0.00359548 -0.00571815
 0.00557122 -0.00359548     0.11731 -0.00237946
   0.269978 -0.00571815 -0.00237946    0.379343
IMAGINARY
          0  0.00594668 -0.00965011   0.0017845
-0.00594668           0  0.00684402   0.0069474
 0.00965011 -0.00684402           0 -0.00924998
 -0.0017845  -0.0069474  0.00924998           0
Repeater1[0]<--->HoM1[0]
REAL
    0.36319 -0.00274094  -0.0117913    0.267424
-0.00274094    0.122086  0.00112877  0.00053826
 -0.0117913  0.00112877    0.121166  0.00395748
   0.267424  0.00053826  0.00395748    0.393558
IMAGINARY
           0  -0.00110994 -0.000352636   0.00409622
  0.00110994            0  -0.00771722   0.00593103
 0.000352636   0.00771722            0 -0.000358059
 -0.00409622  -0.00593103  0.000358059            0
EndNode1[0]<--->Repeater1[0]
REAL
   0.381913 -0.00575801 -0.00425677    0.268502
-0.00575801    0.117324  0.00961301  -0.0028666
-0.00425677  0.00961301    0.117018 -0.00560907
   0.268502  -0.0028666 -0.00560907    0.383746
IMAGINARY
          0  0.00643646   0.0049043   0.0019842
-0.00643646           0  -0.0120732  0.00868997
 -0.0049043   0.0120732           0  -0.0071834
 -0.0019842 -0.00868997   0.0071834           0
EndNode2[0]<--->HoM1[0]
REAL
   0.390644  -0.0057191 0.000778286    0.260699
 -0.0057191    0.120679 -0.00205789   0.0031635
0.000778286 -0.00205789     0.11025 -0.00125482
   0.260699   0.0031635 -0.00125482    0.378427
IMAGINARY
          0  0.00236591 -0.00642065 -0.00690728
-0.00236591           0 -0.00311366 -0.00864948
 0.00642065  0.00311366           0 -0.00251512
 0.00690728  0.00864948  0.00251512           0
Repeater1[0]<--->EndNode1[0]
REAL
   0.381913 -0.00425677 -0.00575801    0.268502
-0.00425677    0.117018  0.00961301 -0.00560907
-0.00575801  0.00961301    0.117324  -0.0028666
   0.268502 -0.00560907  -0.0028666    0.383746
IMAGINARY
          0   0.0049043  0.00643646   0.0019842
 -0.0049043           0   0.0120732  -0.0071834
-0.00643646  -0.0120732           0  0.00868997
 -0.0019842   0.0071834 -0.00868997           0
Repeater1[0]<--->HoM1[0]
REAL
   0.390644 0.000778286  -0.0057191    0.260699
0.000778286     0.11025 -0.00205789 -0.00125482
 -0.0057191 -0.00205789    0.120679   0.0031635
   0.260699 -0.00125482   0.0031635    0.378427
IMAGINARY
          0 -0.00642065  0.00236591 -0.00690728
 0.00642065           0  0.00311366 -0.00251512
-0.00236591 -0.00311366           0 -0.00864948
 0.00690728  0.00251512  0.00864948           0
EndNode1[0]<--->Repeater1[0]
REAL
     0.39188 -0.000268649   0.00599106     0.260075
-0.000268649     0.116391   0.00164623    0.0011306
  0.00599106   0.00164623     0.116992  -0.00477586
    0.260075    0.0011306  -0.00477586     0.374737
IMAGINARY
           0   0.00446326  -0.00891057  -0.00857831
 -0.00446326            0   0.00464606   0.00876398
  0.00891057  -0.00464606            0  0.000960368
  0.00857831  -0.00876398 -0.000960368            0
EndNode2[0]<--->HoM1[0]
REAL
   0.382946 0.000694889  0.00074165    0.259275
0.000694889    0.117209  0.00295691  0.00671658
 0.00074165  0.00295691    0.129302 -0.00845145
   0.259275  0.00671658 -0.00845145    0.370543
IMAGINARY
          0  0.00530555 -0.00669272 -0.00518475
-0.00530555           0   0.0041526 -0.00744687
 0.00669272  -0.0041526           0   0.0124442
 0.00518475  0.00744687  -0.0124442           0
Repeater1[0]<--->EndNode1[0]
REAL
     0.39188   0.00599106 -0.000268649     0.260075
  0.00599106     0.116992   0.00164623  -0.00477586
-0.000268649   0.00164623     0.116391    0.0011306
    0.260075  -0.00477586    0.0011306     0.374737
IMAGINARY
           0  -0.00891057   0.00446326  -0.00857831
  0.00891057            0  -0.00464606  0.000960368
 -0.00446326   0.00464606            0   0.00876398
  0.00857831 -0.000960368  -0.00876398            0
Repeater1[0]<--->HoM1[0]
REAL
   0.382946  0.00074165 0.000694889    0.259275
 0.00074165    0.129302  0.00295691 -0.00845145
0.000694889  0.00295691    0.117209  0.00671658
   0.259275 -0.00845145  0.00671658    0.370543
IMAGINARY
          0 -0.00669272  0.00530555 -0.00518475
 0.00669272           0  -0.0041526   0.0124442
-0.00530555   0.0041526           0 -0.00744687
 0.00518475  -0.0124442  0.00744687           0
EndNode1[0]<--->Repeater1[0]
REAL
    0.40012 -0.00491488 -0.00112843    0.262258
-0.00491488    0.120096 -0.00831109  -0.0103401
-0.00112843 -0.00831109    0.106918 -0.00417061
   0.262258  -0.0103401 -0.00417061    0.372866
IMAGINARY
           0    0.0139436  -0.00413095  4.42045e-05
  -0.0139436            0   0.00339582  -0.00397875
  0.00413095  -0.00339582            0   0.00419263
-4.42045e-05   0.00397875  -0.00419263            0
EndNode2[0]<--->HoM1[0]
REAL
   0.377724 -0.00245137  -0.0031479    0.265804
-0.00245137    0.110775  0.00863956 -0.00582488
 -0.0031479  0.00863956    0.134383 -0.00497437
   0.265804 -0.00582488 -0.00497437    0.377119
IMAGINARY
           0  -0.00149985   0.00751817  0.000743131
  0.00149985            0 -1.74413e-05  -0.00146204
 -0.00751817  1.74413e-05            0   0.00135214
-0.000743131   0.00146204  -0.00135214            0
Repeater1[0]<--->EndNode1[0]
REAL
    0.40012 -0.00112843 -0.00491488    0.262258
-0.00112843    0.106918 -0.00831109 -0.00417061
-0.00491488 -0.00831109    0.120096  -0.0103401
   0.262258 -0.00417061  -0.0103401    0.372866
IMAGINARY
           0  -0.00413095    0.0139436  4.42045e-05
  0.00413095            0  -0.00339582   0.00419263
  -0.0139436   0.00339582            0  -0.00397875
-4.42045e-05  -0.00419263   0.00397875            0
Repeater1[0]<--->HoM1[0]
REAL
   0.377724  -0.0031479 -0.00245137    0.265804
 -0.0031479    0.134383  0.00863956 -0.00497437
-0.00245137  0.00863956    0.110775 -0.00582488
   0.265804 -0.00497437 -0.00582488    0.377119
IMAGINARY
           0   0.00751817  -0.00149985  0.000743131
 -0.00751817            0  1.74413e-05   0.00135214
  0.00149985 -1.74413e-05            0  -0.00146204
-0.000743131  -0.00135214   0.00146204            0
EndNode1[0]<--->Repeater1[0]
REAL
      0.375 -0.00343469 -0.00975423    0.260026
-0.00343469    0.113935  0.00703778  0.00321923
-0.00975423  0.00703778    0.117225 0.000965915
   0.260026  0.00321923 0.000965915     0.39384
IMAGINARY
          0  0.00772319  0.00396093 -0.00747606
-0.00772319           0   -0.008219 -0.00932409
-0.00396093    0.008219           0   0.0019305
 0.00747606  0.00932409  -0.0019305           0
EndNode2[0]<--->HoM1[0]
REAL
   0.371703  0.00818646 -0.00536992    0.264673
 0.00818646    0.122302  0.00213172 -0.00612772
-0.00536992  0.00213172    0.114209  -0.0193893
   0.264673 -0.00612772  -0.0193893    0.391787
IMAGINARY
           0   0.00178692  -0.00273146   0.00533023
 -0.00178692            0   -0.0043974  0.000802107
  0.00273146    0.0043974            0 -0.000451215
 -0.00533023 -0.000802107  0.000451215            0
Repeater1[0]<--->EndNode1[0]
REAL
      0.375 -0.00975423 -0.00343469    0.260026
-0.00975423    0.117225  0.00703778 0.000965915
-0.00343469  0.00703778    0.113935  0.00321923
   0.260026 0.000965915  0.00321923     0.39384
IMAGINARY
          0  0.00396093  0.00772319 -0.00747606
-0.00396093           0    0.008219   0.0019305
-0.00772319   -0.008219           0 -0.00932409
 0.00747606  -0.0019305  0.00932409           0
Repeater1[0]<--->HoM1[0]
REAL
   0.371703 -0.00536992  0.00818646    0.264673
-0.00536992    0.114209  0.00213172  -0.0193893
 0.00818646  0.00213172    0.122302 -0.00612772
   0.264673  -0.0193893 -0.00612772    0.391787
IMAGINARY
           0  -0.00273146   0.00178692   0.00533023
  0.00273146            0    0.0043974 -0.000451215
 -0.00178692   -0.0043974            0  0.000802107
 -0.00533023  0.000451215 -0.000802107            0
EndNode1[0]<--->Repeater1[0]
REAL
  0.378331 0.00206293 0.00517396   0.268575
0.00206293   0.109517 0.00480228  0.0100136
0.00517396 0.00480228   0.122694  0.0104445
  0.268575  0.0100136  0.0104445   0.389458
IMAGINARY
          0  0.00426546 -0.00891051 -0.00151549
-0.00426546           0 -0.00863455  0.00471889
 0.00891051  0.00863455           0  0.00561478
 0.00151549 -0.00471889 -0.00561478           0
EndNode2[0]<--->HoM1[0]
REAL
   0.382812 -0.00463426 -0.00294565     0.26428
-0.00463426      0.1253 -0.00141878 -0.00633898
-0.00294565 -0.00141878     0.11869  0.00235115
    0.26428 -0.00633898  0.00235115    0.373197
IMAGINARY
          0  0.00222894  0.00348681  0.00554941
-0.00222894           0  0.00600272  -0.0064489
-0.00348681 -0.00600272           0  0.00162177
-0.00554941   0.0064489 -0.00162177           0
Repeater1[0]<--->EndNode1[0]
REAL
  0.378331 0.00517396 0.00206293   0.268575
0.00517396   0.122694 0.00480228  0.0104445
0.00206293 0.00480228   0.109517  0.0100136
  0.268575  0.0104445  0.0100136   0.389458
IMAGINARY
          0 -0.00891051  0.00426546 -0.00151549
 0.00891051           0  0.00863455  0.00561478
-0.00426546 -0.00863455           0  0.00471889
 0.00151549 -0.00561478 -0.00471889           0
Repeater1[0]<--->HoM1[0]
REAL
   0.382812 -0.00294565 -0.00463426     0.26428
-0.00294565     0.11869 -0.00141878  0.00235115
-0.00463426 -0.00141878      0.1253 -0.00633898
    0.26428  0.00235115 -0.00633898    0.373197
IMAGINARY
          0  0.00348681  0.00222894  0.00554941
-0.00348681           0 -0.00600272  0.00162177
