EndNode1[0]<--->Repeater1[0]
REAL
   0.408127   0.0282382 -0.00742465    0.342718
  0.0282382   0.0706714  0.00330235  0.00915476
-0.00742465  0.00330235    0.100707  -0.0143974
   0.342718  0.00915476  -0.0143974    0.420495
IMAGINARY
          0  0.00642873     0.01771 -0.00239227
-0.00642873           0   0.0040534  -0.0122356
   -0.01771  -0.0040534           0   0.0245932
 0.00239227   0.0122356  -0.0245932           0
EndNode2[0]<--->HoM1[0]
REAL
   0.447788   0.0016916 -0.00861646     0.33471
  0.0016916   0.0743363 -0.00914917  0.00429867
-0.00861646 -0.00914917   0.0814159  0.00262618
    0.33471  0.00429867  0.00262618     0.39646
IMAGINARY
          0 -0.00261011  0.00263969   0.0152154
 0.00261011           0  -0.0179983  -0.0149204
-0.00263969   0.0179983           0  0.00962765
 -0.0152154   0.0149204 -0.00962765           0
Repeater1[0]<--->EndNode1[0]
REAL
   0.408127 -0.00742465   0.0282382    0.342718
-0.00742465    0.100707  0.00330235  -0.0143974
  0.0282382  0.00330235   0.0706714  0.00915476
   0.342718  -0.0143974  0.00915476    0.420495
IMAGINARY
          0     0.01771  0.00642873 -0.00239227
   -0.01771           0  -0.0040534   0.0245932
-0.00642873   0.0040534           0  -0.0122356
 0.00239227  -0.0245932   0.0122356           0
Repeater1[0]<--->HoM1[0]
REAL
   0.447788 -0.00861646   0.0016916     0.33471
-0.00861646   0.0814159 -0.00914917  0.00262618
  0.0016916 -0.00914917   0.0743363  0.00429867
    0.33471  0.00262618  0.00429867     0.39646
IMAGINARY
          0  0.00263969 -0.00261011   0.0152154
-0.00263969           0   0.0179983  0.00962765
 0.00261011  -0.0179983           0  -0.0149204
 -0.0152154 -0.00962765   0.0149204           0
EndNode1[0]<--->Repeater1[0]
REAL
   0.423143  -0.0207399  -0.0176038    0.326674
 -0.0207399   0.0984456  0.00366524 -0.00135829
 -0.0176038  0.00366524   0.0794473  -0.0161862
   0.326674 -0.00135829  -0.0161862    0.398964
IMAGINARY
          0    0.014369  0.00148558  0.00672989
  -0.014369           0  -0.0119202  -0.0147599
-0.00148558   0.0119202           0   -0.015254
-0.00672989   0.0147599    0.015254           0
EndNode2[0]<--->HoM1[0]
REAL
   0.444444   0.0152764   0.0015827    0.333349
  0.0152764   0.0793651  -0.0214307 -0.00996259
  0.0015827  -0.0214307   0.0617284  -0.0217941
   0.333349 -0.00996259  -0.0217941    0.414462
IMAGINARY
          0 -0.00598696 -0.00934244  0.00867934
 0.00598696           0  -0.0131357   0.0130189
 0.00934244   0.0131357           0  0.00782519
-0.00867934  -0.0130189 -0.00782519           0
Repeater1[0]<--->EndNode1[0]
REAL
   0.423143  -0.0176038  -0.0207399    0.326674
 -0.0176038   0.0794473  0.00366524  -0.0161862
 -0.0207399  0.00366524   0.0984456 -0.00135829
   0.326674  -0.0161862 -0.00135829    0.398964
IMAGINARY
          0  0.00148558    0.014369  0.00672989
-0.00148558           0   0.0119202   -0.015254
  -0.014369  -0.0119202           0  -0.0147599
-0.00672989    0.015254   0.0147599           0
Repeater1[0]<--->HoM1[0]
REAL
   0.444444   0.0015827   0.0152764    0.333349
  0.0015827   0.0617284  -0.0214307  -0.0217941
  0.0152764  -0.0214307   0.0793651 -0.00996259
   0.333349  -0.0217941 -0.00996259    0.414462
IMAGINARY
          0 -0.00934244 -0.00598696  0.00867934
 0.00934244           0   0.0131357  0.00782519
 0.00598696  -0.0131357           0   0.0130189
-0.00867934 -0.00782519  -0.0130189           0
EndNode1[0]<--->Repeater1[0]
REAL
  0.411168 -0.0217547 0.00367736   0.348186
-0.0217547  0.0947547   0.014853 0.00101307
0.00367736   0.014853  0.0795262 0.00205486
  0.348186 0.00101307 0.00205486   0.414552
IMAGINARY
          0   0.0163096  -0.0068306  -0.0143876
 -0.0163096           0  0.00789407   0.0068306
  0.0068306 -0.00789407           0 -0.00589291
  0.0143876  -0.0068306  0.00589291           0
EndNode2[0]<--->HoM1[0]
REAL
   0.452865  -0.0072559  -0.0198506    0.353795
 -0.0072559   0.0628466 -0.00284198 -0.00354627
 -0.0198506 -0.00284198   0.0887246  0.00119004
   0.353795 -0.00354627  0.00119004    0.395564
IMAGINARY
          0  -0.0182298  0.00440854  0.00556958
  0.0182298           0   0.0103315  0.00532597
-0.00440854  -0.0103315           0  0.00318551
-0.00556958 -0.00532597 -0.00318551           0
Repeater1[0]<--->EndNode1[0]
REAL
  0.411168 0.00367736 -0.0217547   0.348186
0.00367736  0.0795262   0.014853 0.00205486
-0.0217547   0.014853  0.0947547 0.00101307
  0.348186 0.00205486 0.00101307   0.414552
IMAGINARY
          0  -0.0068306   0.0163096  -0.0143876
  0.0068306           0 -0.00789407 -0.00589291
 -0.0163096  0.00789407           0   0.0068306
  0.0143876  0.00589291  -0.0068306           0
Repeater1[0]<--->HoM1[0]
REAL
   0.452865  -0.0198506  -0.0072559    0.353795
 -0.0198506   0.0887246 -0.00284198  0.00119004
 -0.0072559 -0.00284198   0.0628466 -0.00354627
   0.353795  0.00119004 -0.00354627    0.395564
IMAGINARY
          0  0.00440854  -0.0182298  0.00556958
-0.00440854           0  -0.0103315  0.00318551
  0.0182298   0.0103315           0  0.00532597
-0.00556958 -0.00318551 -0.00532597           0
EndNode1[0]<--->Repeater1[0]
REAL
   0.403986 -0.00384066 0.000592903    0.347441
-0.00384066   0.0851449 -0.00341981  -0.0257229
0.000592903 -0.00341981   0.0923913  -0.0143569
   0.347441  -0.0257229  -0.0143569    0.418478
IMAGINARY
          0 -0.00571021   0.0080443  -0.0127344
 0.00571021           0  0.00485351  0.00629605
 -0.0080443 -0.00485351           0 -0.00480605
  0.0127344 -0.00629605  0.00480605           0
EndNode2[0]<--->HoM1[0]
REAL
    0.362345   -0.0208303  -0.00651866     0.341333
  -0.0208303    0.0692718   0.00709891   -0.0230981
 -0.00651866   0.00709891    0.0923623 -7.56032e-05
    0.341333   -0.0230981 -7.56032e-05     0.476021
IMAGINARY
          0 -0.00445302   0.0143851 -0.00989819
 0.00445302           0  -0.0188588  -0.0224932
 -0.0143851   0.0188588           0   0.0269755
 0.00989819   0.0224932  -0.0269755           0
Repeater1[0]<--->EndNode1[0]
REAL
   0.403986 0.000592903 -0.00384066    0.347441
0.000592903   0.0923913 -0.00341981  -0.0143569
-0.00384066 -0.00341981   0.0851449  -0.0257229
   0.347441  -0.0143569  -0.0257229    0.418478
IMAGINARY
          0   0.0080443 -0.00571021  -0.0127344
 -0.0080443           0 -0.00485351 -0.00480605
 0.00571021  0.00485351           0  0.00629605
  0.0127344  0.00480605 -0.00629605           0
Repeater1[0]<--->HoM1[0]
REAL
    0.362345  -0.00651866   -0.0208303     0.341333
 -0.00651866    0.0923623   0.00709891 -7.56032e-05
  -0.0208303   0.00709891    0.0692718   -0.0230981
    0.341333 -7.56032e-05   -0.0230981     0.476021
IMAGINARY
          0   0.0143851 -0.00445302 -0.00989819
 -0.0143851           0   0.0188588   0.0269755
 0.00445302  -0.0188588           0  -0.0224932
 0.00989819  -0.0269755   0.0224932           0
EndNode1[0]<--->Repeater1[0]
REAL
   0.408859   -0.004893  0.00279409    0.332233
  -0.004893   0.0749574 -0.00464661  0.00718776
 0.00279409 -0.00464661   0.0749574   0.0166897
   0.332233  0.00718776   0.0166897    0.441227
IMAGINARY
           0  0.000919979   0.00887013    0.0268521
-0.000919979            0   -0.0229761   -0.0177354
 -0.00887013    0.0229761            0    0.0292219
  -0.0268521    0.0177354   -0.0292219            0
EndNode2[0]<--->HoM1[0]
REAL
    0.416357   0.00781888   0.00324797     0.339708
  0.00781888    0.0743494 -0.000291971  0.000401668
  0.00324797 -0.000291971    0.0817844    0.0213782
    0.339708  0.000401668    0.0213782     0.427509
IMAGINARY
           0   0.00064261    0.0214836  0.000938935
 -0.00064261            0   0.00439914   -0.0110074
  -0.0214836  -0.00439914            0   -0.0149283
-0.000938935    0.0110074    0.0149283            0
Repeater1[0]<--->EndNode1[0]
REAL
   0.408859  0.00279409   -0.004893    0.332233
 0.00279409   0.0749574 -0.00464661   0.0166897
  -0.004893 -0.00464661   0.0749574  0.00718776
   0.332233   0.0166897  0.00718776    0.441227
IMAGINARY
           0   0.00887013  0.000919979    0.0268521
 -0.00887013            0    0.0229761    0.0292219
-0.000919979   -0.0229761            0   -0.0177354
  -0.0268521   -0.0292219    0.0177354            0
Repeater1[0]<--->HoM1[0]
REAL
    0.416357   0.00324797   0.00781888     0.339708
  0.00324797    0.0817844 -0.000291971    0.0213782
  0.00781888 -0.000291971    0.0743494  0.000401668
    0.339708    0.0213782  0.000401668     0.427509
IMAGINARY
           0    0.0214836   0.00064261  0.000938935
  -0.0214836            0  -0.00439914   -0.0149283
 -0.00064261   0.00439914            0   -0.0110074
-0.000938935    0.0149283    0.0110074            0
EndNode1[0]<--->Repeater1[0]
REAL
    0.386492    0.0118292 -0.000801403     0.327548
   0.0118292    0.0844278    0.0228038  -0.00976198
-0.000801403    0.0228038    0.0863039   -0.0100686
    0.327548  -0.00976198   -0.0100686     0.442777
IMAGINARY
          0  0.00848227   0.0127643   0.0186877
-0.00848227           0 -0.00898755 -0.00181543
 -0.0127643  0.00898755           0  -0.0322049
 -0.0186877  0.00181543   0.0322049           0
EndNode2[0]<--->HoM1[0]
REAL
   0.458491  0.00379614  0.00394143    0.336299
 0.00379614   0.0735849  0.00913856 -0.00673473
 0.00394143  0.00913856   0.0792453  -0.0233492
   0.336299 -0.00673473  -0.0233492    0.388679
IMAGINARY
         0  0.0123457 -0.0254409    -0.0108
-0.0123457          0  0.0160817  -0.012478
 0.0254409 -0.0160817          0 -0.0026455
    0.0108   0.012478  0.0026455          0
Repeater1[0]<--->EndNode1[0]
REAL
    0.386492 -0.000801403    0.0118292     0.327548
-0.000801403    0.0863039    0.0228038   -0.0100686
   0.0118292    0.0228038    0.0844278  -0.00976198
    0.327548   -0.0100686  -0.00976198     0.442777
IMAGINARY
          0   0.0127643  0.00848227   0.0186877
 -0.0127643           0  0.00898755  -0.0322049
-0.00848227 -0.00898755           0 -0.00181543
 -0.0186877   0.0322049  0.00181543           0
Repeater1[0]<--->HoM1[0]
REAL
   0.458491  0.00394143  0.00379614    0.336299
 0.00394143   0.0792453  0.00913856  -0.0233492
 0.00379614  0.00913856   0.0735849 -0.00673473
   0.336299  -0.0233492 -0.00673473    0.388679
IMAGINARY
         0 -0.0254409  0.0123457    -0.0108
 0.0254409          0 -0.0160817 -0.0026455
-0.0123457  0.0160817          0  -0.012478
    0.0108  0.0026455   0.012478          0
EndNode1[0]<--->Repeater1[0]
REAL
   0.394545  -0.0154774  -0.0125771    0.347361
 -0.0154774   0.0927273   0.0243858   -0.007869
 -0.0125771   0.0243858   0.0781818 -0.00310993
   0.347361   -0.007869 -0.00310993    0.434545
IMAGINARY
          0  0.00571967  0.00235405  -0.0186702
-0.00571967           0 -0.00448585  0.00235405
-0.00235405  0.00448585           0 -0.00666129
  0.0186702 -0.00235405  0.00666129           0
EndNode2[0]<--->HoM1[0]
REAL
   0.392606 -0.00163237   0.0179892    0.351125
-0.00163237   0.0704225  0.00676034  -0.0136564
  0.0179892  0.00676034   0.0827465   0.0128975
   0.351125  -0.0136564   0.0128975    0.454225
IMAGINARY
          0  -0.0131154   0.0089364 -0.00938116
  0.0131154           0  5.2802e-05  0.00984714
 -0.0089364 -5.2802e-05           0   0.0283211
 0.00938116 -0.00984714  -0.0283211           0
Repeater1[0]<--->EndNode1[0]
REAL
   0.394545  -0.0125771  -0.0154774    0.347361
 -0.0125771   0.0781818   0.0243858 -0.00310993
 -0.0154774   0.0243858   0.0927273   -0.007869
   0.347361 -0.00310993   -0.007869    0.434545
IMAGINARY
          0  0.00235405  0.00571967  -0.0186702
-0.00235405           0  0.00448585 -0.00666129
-0.00571967 -0.00448585           0  0.00235405
  0.0186702  0.00666129 -0.00235405           0
Repeater1[0]<--->HoM1[0]
REAL
   0.392606   0.0179892 -0.00163237    0.351125
  0.0179892   0.0827465  0.00676034   0.0128975
-0.00163237  0.00676034   0.0704225  -0.0136564
   0.351125   0.0128975  -0.0136564    0.454225
IMAGINARY
          0   0.0089364  -0.0131154 -0.00938116
 -0.0089364           0 -5.2802e-05   0.0283211
  0.0131154  5.2802e-05           0  0.00984714
 0.00938116  -0.0283211 -0.00984714           0
EndNode1[0]<--->Repeater1[0]
REAL
   0.435678  -0.0195583  -0.0277911    0.330905
 -0.0195583   0.0977702 0.000816487   0.0171528
 -0.0277911 0.000816487    0.077187 -0.00848816
   0.330905   0.0171528 -0.00848816    0.389365
IMAGINARY
          0  0.00729179 -0.00244095   0.0028463
-0.00729179           0  -0.0322581 -0.00906347
 0.00244095   0.0322581           0 -0.00640684
 -0.0028463  0.00906347  0.00640684           0
EndNode2[0]<--->HoM1[0]
REAL
   0.413357  0.00646857  -0.0139189    0.350513
 0.00646857   0.0685921   0.0151582   0.0288443
 -0.0139189   0.0151582   0.0902527 0.000994117
   0.350513   0.0288443 0.000994117    0.427798
IMAGINARY
          0  0.00163613 -0.00668143   0.0112724
-0.00163613           0  -0.0221815  0.00408178
 0.00668143   0.0221815           0  0.00962903
 -0.0112724 -0.00408178 -0.00962903           0
Repeater1[0]<--->EndNode1[0]
REAL
   0.435678  -0.0277911  -0.0195583    0.330905
 -0.0277911    0.077187 0.000816487 -0.00848816
 -0.0195583 0.000816487   0.0977702   0.0171528
   0.330905 -0.00848816   0.0171528    0.389365
IMAGINARY
          0 -0.00244095  0.00729179   0.0028463
 0.00244095           0   0.0322581 -0.00640684
-0.00729179  -0.0322581           0 -0.00906347
 -0.0028463  0.00640684  0.00906347           0
Repeater1[0]<--->HoM1[0]
REAL
   0.413357  -0.0139189  0.00646857    0.350513
 -0.0139189   0.0902527   0.0151582 0.000994117
 0.00646857   0.0151582   0.0685921   0.0288443
   0.350513 0.000994117   0.0288443    0.427798
IMAGINARY
          0 -0.00668143  0.00163613   0.0112724
 0.00668143           0   0.0221815  0.00962903
-0.00163613  -0.0221815           0  0.00408178
 -0.0112724 -0.00962903 -0.00408178           0
EndNode1[0]<--->Repeater1[0]
REAL
   0.466912 0.000173568   0.0106678    0.328578
0.000173568   0.0863971   0.0146651  -0.0025597
  0.0106678   0.0146651   0.0643382  -0.0190925
   0.328578  -0.0025597  -0.0190925    0.382353
IMAGINARY
          0 -0.00208477  -0.0143096   0.0296152
 0.00208477           0   0.0169798   0.0186574
  0.0143096  -0.0169798           0 -0.00748045
 -0.0296152  -0.0186574  0.00748045           0
EndNode2[0]<--->HoM1[0]
REAL
   0.416667 -0.00346989 -0.00195277    0.346229
-0.00346989   0.0852273   0.0164831   0.0138172
-0.00195277   0.0164831   0.0549242   0.0170292
   0.346229   0.0138172   0.0170292    0.443182
IMAGINARY
          0  -0.0227143   0.0271561  0.00214431
  0.0227143           0 -0.00126866   0.0149183
 -0.0271561  0.00126866           0  -0.0134892
-0.00214431  -0.0149183   0.0134892           0
Repeater1[0]<--->EndNode1[0]
REAL
   0.466912   0.0106678 0.000173568    0.328578
  0.0106678   0.0643382   0.0146651  -0.0190925
0.000173568   0.0146651   0.0863971  -0.0025597
   0.328578  -0.0190925  -0.0025597    0.382353
IMAGINARY
          0  -0.0143096 -0.00208477   0.0296152
  0.0143096           0  -0.0169798 -0.00748045
 0.00208477   0.0169798           0   0.0186574
 -0.0296152  0.00748045  -0.0186574           0
Repeater1[0]<--->HoM1[0]
REAL
   0.416667 -0.00195277 -0.00346989    0.346229
-0.00195277   0.0549242   0.0164831   0.0170292
-0.00346989   0.0164831   0.0852273   0.0138172
   0.346229   0.0170292   0.0138172    0.443182
IMAGINARY
          0   0.0271561  -0.0227143  0.00214431
 -0.0271561           0  0.00126866  -0.0134892
  0.0227143 -0.00126866           0   0.0149183
-0.00214431   0.0134892  -0.0149183           0
EndNode1[0]<--->Repeater1[0]
REAL
   0.457391  0.00747664  0.00520076    0.336108
 0.00747664   0.0765217 -0.00807035   0.0181637
 0.00520076 -0.00807035   0.0817391   0.0121495
   0.336108   0.0181637   0.0121495    0.384348
IMAGINARY
           0   -0.0176926 -0.000490927  -0.00418012
   0.0176926            0  -0.00236194    0.0141896
 0.000490927   0.00236194            0  -0.00799238
  0.00418012   -0.0141896   0.00799238            0
EndNode2[0]<--->HoM1[0]
REAL
    0.42984  -0.0106374   0.0129917    0.345415
 -0.0106374   0.0746004  -0.0203692   -0.021279
  0.0129917  -0.0203692   0.0728242 -0.00317473
   0.345415   -0.021279 -0.00317473    0.422735
IMAGINARY
         0 -0.0237227  0.0136645   -0.01181
 0.0237227          0 -0.0137632  0.0364301
-0.0136645  0.0137632          0   -0.01692
   0.01181 -0.0364301    0.01692          0
Repeater1[0]<--->EndNode1[0]
REAL
   0.457391  0.00520076  0.00747664    0.336108
 0.00520076   0.0817391 -0.00807035   0.0121495
 0.00747664 -0.00807035   0.0765217   0.0181637
   0.336108   0.0121495   0.0181637    0.384348
IMAGINARY
           0 -0.000490927   -0.0176926  -0.00418012
 0.000490927            0   0.00236194  -0.00799238
   0.0176926  -0.00236194            0    0.0141896
  0.00418012   0.00799238   -0.0141896            0
Repeater1[0]<--->HoM1[0]
REAL
    0.42984   0.0129917  -0.0106374    0.345415
  0.0129917   0.0728242  -0.0203692 -0.00317473
 -0.0106374  -0.0203692   0.0746004   -0.021279
   0.345415 -0.00317473   -0.021279    0.422735
IMAGINARY
         0  0.0136645 -0.0237227   -0.01181
-0.0136645          0  0.0137632   -0.01692
 0.0237227 -0.0137632          0  0.0364301
   0.01181    0.01692 -0.0364301          0
EndNode1[0]<--->Repeater1[0]
REAL
   0.418738  0.00817556   0.0106838    0.351089
 0.00817556   0.0745698  -0.0032628  -0.0106838
  0.0106838  -0.0032628   0.0726577 -0.00817556
   0.351089  -0.0106838 -0.00817556    0.434034
IMAGINARY
           0    0.0110364    0.0072312  -0.00845457
  -0.0110364            0     0.019018  0.000761697
  -0.0072312    -0.019018            0   -0.0083721
  0.00845457 -0.000761697    0.0083721            0
EndNode2[0]<--->HoM1[0]
REAL
   0.445848  0.00929194 -0.00440534    0.328381
 0.00929194   0.0740072   0.0146225   0.0180572
-0.00440534   0.0146225   0.0703971   0.0111859
   0.328381   0.0180572   0.0111859    0.409747
IMAGINARY
          0  -0.0104567   0.0244093 -0.00243365
  0.0104567           0 -0.00335786  0.00411414
 -0.0244093  0.00335786           0 -0.00296609
 0.00243365 -0.00411414  0.00296609           0
Repeater1[0]<--->EndNode1[0]
REAL
   0.418738   0.0106838  0.00817556    0.351089
  0.0106838   0.0726577  -0.0032628 -0.00817556
 0.00817556  -0.0032628   0.0745698  -0.0106838
   0.351089 -0.00817556  -0.0106838    0.434034
IMAGINARY
           0    0.0072312    0.0110364  -0.00845457
  -0.0072312            0    -0.019018   -0.0083721
  -0.0110364     0.019018            0  0.000761697
  0.00845457    0.0083721 -0.000761697            0
Repeater1[0]<--->HoM1[0]
REAL
   0.445848 -0.00440534  0.00929194    0.328381
-0.00440534   0.0703971   0.0146225   0.0111859
 0.00929194   0.0146225   0.0740072   0.0180572
   0.328381   0.0111859   0.0180572    0.409747
IMAGINARY
          0   0.0244093  -0.0104567 -0.00243365
 -0.0244093           0  0.00335786 -0.00296609
  0.0104567 -0.00335786           0  0.00411414
 0.00243365  0.00296609 -0.00411414           0
EndNode1[0]<--->Repeater1[0]
REAL
    0.404719  -0.00483638 -0.000435669     0.344033
 -0.00483638    0.0852995  -0.00944669    0.0117139
-0.000435669  -0.00944669     0.076225    0.0236334
    0.344033    0.0117139    0.0236334     0.433757
IMAGINARY
           0   -0.0197063  -0.00681585  -0.00469433
   0.0197063            0   -0.0064549   -0.0206567
  0.00681585    0.0064549            0 -0.000440233
  0.00469433    0.0206567  0.000440233            0
EndNode2[0]<--->HoM1[0]
REAL
   0.441128  0.00769309 -0.00661727     0.34755
 0.00769309   0.0912106  0.00211227   0.0015497
-0.00661727  0.00211227   0.0845771  0.00582043
    0.34755   0.0015497  0.00582043    0.383085
IMAGINARY
           0 -0.000255301  -0.00886101   0.00761871
 0.000255301            0   0.00949841   -0.0255896
  0.00886101  -0.00949841            0    0.0104974
 -0.00761871    0.0255896   -0.0104974            0
Repeater1[0]<--->EndNode1[0]
REAL
    0.404719 -0.000435669  -0.00483638     0.344033
-0.000435669     0.076225  -0.00944669    0.0236334
 -0.00483638  -0.00944669    0.0852995    0.0117139
    0.344033    0.0236334    0.0117139     0.433757
IMAGINARY
           0  -0.00681585   -0.0197063  -0.00469433
  0.00681585            0    0.0064549 -0.000440233
   0.0197063   -0.0064549            0   -0.0206567
  0.00469433  0.000440233    0.0206567            0
Repeater1[0]<--->HoM1[0]
REAL
   0.441128 -0.00661727  0.00769309     0.34755
-0.00661727   0.0845771  0.00211227  0.00582043
 0.00769309  0.00211227   0.0912106   0.0015497
    0.34755  0.00582043   0.0015497    0.383085
IMAGINARY
           0  -0.00886101 -0.000255301   0.00761871
  0.00886101            0  -0.00949841    0.0104974
 0.000255301   0.00949841            0   -0.0255896
 -0.00761871   -0.0104974    0.0255896            0
EndNode1[0]<--->Repeater1[0]
REAL
    0.419014 -0.000458716   0.00571568     0.355583
-0.000458716     0.100352    0.0141417    0.0172201
  0.00571568    0.0141417     0.056338 -0.000458716
    0.355583    0.0172201 -0.000458716     0.424296
IMAGINARY
          0   0.0117343  -0.0102378  0.00245504
 -0.0117343           0  -0.0289633  0.00212969
  0.0102378   0.0289633           0   0.0179955
-0.00245504 -0.00212969  -0.0179955           0
EndNode2[0]<--->HoM1[0]
REAL
  0.456562 0.00369416 0.00935345   0.332307
0.00369416  0.0887246  0.0158408 -0.0223164
0.00935345  0.0158408  0.0757856 -0.0203608
  0.332307 -0.0223164 -0.0203608   0.378928
IMAGINARY
           0 -0.000721583   0.00489817   -0.0321251
 0.000721583            0   0.00200461  -0.00918634
 -0.00489817  -0.00200461            0   0.00329448
   0.0321251   0.00918634  -0.00329448            0
Repeater1[0]<--->EndNode1[0]
REAL
    0.419014   0.00571568 -0.000458716     0.355583
  0.00571568     0.056338    0.0141417 -0.000458716
-0.000458716    0.0141417     0.100352    0.0172201
    0.355583 -0.000458716    0.0172201     0.424296
IMAGINARY
          0  -0.0102378   0.0117343  0.00245504
  0.0102378           0   0.0289633   0.0179955
 -0.0117343  -0.0289633           0  0.00212969
-0.00245504  -0.0179955 -0.00212969           0
Repeater1[0]<--->HoM1[0]
REAL
  0.456562 0.00935345 0.00369416   0.332307
0.00935345  0.0757856  0.0158408 -0.0203608
0.00369416  0.0158408  0.0887246 -0.0223164
  0.332307 -0.0203608 -0.0223164   0.378928
IMAGINARY
           0   0.00489817 -0.000721583   -0.0321251
 -0.00489817            0  -0.00200461   0.00329448
 0.000721583   0.00200461            0  -0.00918634
   0.0321251  -0.00329448   0.00918634            0
EndNode1[0]<--->Repeater1[0]
REAL
   0.394118  -0.0226713  0.00635016    0.320221
 -0.0226713   0.0745098 -0.00500392  -0.0262777
 0.00635016 -0.00500392   0.0862745 -0.00812582
   0.320221  -0.0262777 -0.00812582    0.445098
IMAGINARY
          0  -0.0391892  0.00943422 -0.00275257
  0.0391892           0   0.0308227   0.0527279
-0.00943422  -0.0308227           0  -0.0391892
 0.00275257  -0.0527279   0.0391892           0
EndNode2[0]<--->HoM1[0]
REAL
    0.37766 -0.00203129 -0.00889331    0.328914
-0.00203129   0.0921986  0.00755168   0.0164121
-0.00889331  0.00755168   0.0833333  0.00391099
   0.328914   0.0164121  0.00391099    0.446809
IMAGINARY
           0   -0.0236286    0.0152277    0.0199681
   0.0236286            0    0.0119468    0.0170007
  -0.0152277   -0.0119468            0  0.000608363
  -0.0199681   -0.0170007 -0.000608363            0
Repeater1[0]<--->EndNode1[0]
REAL
   0.394118  0.00635016  -0.0226713    0.320221
 0.00635016   0.0862745 -0.00500392 -0.00812582
 -0.0226713 -0.00500392   0.0745098  -0.0262777
   0.320221 -0.00812582  -0.0262777    0.445098
IMAGINARY
          0  0.00943422  -0.0391892 -0.00275257
-0.00943422           0  -0.0308227  -0.0391892
  0.0391892   0.0308227           0   0.0527279
 0.00275257   0.0391892  -0.0527279           0
Repeater1[0]<--->HoM1[0]
REAL
    0.37766 -0.00889331 -0.00203129    0.328914
-0.00889331   0.0833333  0.00755168  0.00391099
-0.00203129  0.00755168   0.0921986   0.0164121
   0.328914  0.00391099   0.0164121    0.446809
IMAGINARY
           0    0.0152277   -0.0236286    0.0199681
  -0.0152277            0   -0.0119468  0.000608363
   0.0236286    0.0119468            0    0.0170007
  -0.0199681 -0.000608363   -0.0170007            0
EndNode1[0]<--->Repeater1[0]
REAL
   0.424399  -0.0205121 -0.00537564    0.328559
 -0.0205121   0.0859107 -0.00191693   0.0126749
-0.00537564 -0.00191693   0.0687285 -0.00686019
   0.328559   0.0126749 -0.00686019    0.420962
IMAGINARY
          0 -0.00106694   0.0035826   0.0108617
 0.00106694           0   0.0232292   0.0126079
 -0.0035826  -0.0232292           0  -0.0360759
 -0.0108617  -0.0126079   0.0360759           0
EndNode2[0]<--->HoM1[0]
REAL
   0.412389 -0.00586576   -0.012871    0.325084
-0.00586576   0.0867257   0.0194761   0.0137345
  -0.012871   0.0194761    0.102655   0.0136378
   0.325084   0.0137345   0.0136378     0.39823
IMAGINARY
          0   0.0068849  -0.0363688  -0.0343516
 -0.0068849           0  0.00355452   -0.015033
  0.0363688 -0.00355452           0   0.0183487
  0.0343516    0.015033  -0.0183487           0
Repeater1[0]<--->EndNode1[0]
REAL
   0.424399 -0.00537564  -0.0205121    0.328559
-0.00537564   0.0687285 -0.00191693 -0.00686019
 -0.0205121 -0.00191693   0.0859107   0.0126749
   0.328559 -0.00686019   0.0126749    0.420962
IMAGINARY
          0   0.0035826 -0.00106694   0.0108617
 -0.0035826           0  -0.0232292  -0.0360759
 0.00106694   0.0232292           0   0.0126079
 -0.0108617   0.0360759  -0.0126079           0
Repeater1[0]<--->HoM1[0]
REAL
   0.412389   -0.012871 -0.00586576    0.325084
  -0.012871    0.102655   0.0194761   0.0136378
-0.00586576   0.0194761   0.0867257   0.0137345
   0.325084   0.0136378   0.0137345     0.39823
IMAGINARY
          0  -0.0363688   0.0068849  -0.0343516
  0.0363688           0 -0.00355452   0.0183487
 -0.0068849  0.00355452           0   -0.015033
  0.0343516  -0.0183487    0.015033           0
EndNode1[0]<--->Repeater1[0]
REAL
   0.383065 -0.00253257 -0.00399164    0.336255
-0.00253257   0.0766129  0.00963522 -0.00114534
-0.00399164  0.00963522   0.0866935 -0.00602907
   0.336255 -0.00114534 -0.00602907    0.453629
IMAGINARY
           0   -0.0291854  0.000627336   -0.0126798
   0.0291854            0   -0.0164111    0.0230154
-0.000627336    0.0164111            0   0.00379139
   0.0126798   -0.0230154  -0.00379139            0
EndNode2[0]<--->HoM1[0]
REAL
   0.40458  0.0342537  0.0181039   0.355273
 0.0342537  0.0839695 -0.0169073 0.00765096
 0.0181039 -0.0169073  0.0667939  0.0110394
  0.355273 0.00765096  0.0110394   0.444656
IMAGINARY
           0    0.0291971 -0.000575384    0.0141179
  -0.0291971            0  -0.00401685  -0.00506371
 0.000575384   0.00401685            0  -0.00852045
  -0.0141179   0.00506371   0.00852045            0
Repeater1[0]<--->EndNode1[0]
REAL
   0.383065 -0.00399164 -0.00253257    0.336255
-0.00399164   0.0866935  0.00963522 -0.00602907
-0.00253257  0.00963522   0.0766129 -0.00114534
   0.336255 -0.00602907 -0.00114534    0.453629
IMAGINARY
           0  0.000627336   -0.0291854   -0.0126798
-0.000627336            0    0.0164111   0.00379139
   0.0291854   -0.0164111            0    0.0230154
   0.0126798  -0.00379139   -0.0230154            0
Repeater1[0]<--->HoM1[0]
REAL
   0.40458  0.0181039  0.0342537   0.355273
 0.0181039  0.0667939 -0.0169073  0.0110394
 0.0342537 -0.0169073  0.0839695 0.00765096
  0.355273  0.0110394 0.00765096   0.444656
IMAGINARY
           0 -0.000575384    0.0291971    0.0141179
 0.000575384            0   0.00401685  -0.00852045
  -0.0291971  -0.00401685            0  -0.00506371
  -0.0141179   0.00852045   0.00506371            0
EndNode1[0]<--->Repeater1[0]
REAL
   0.431655  -0.0116683 -0.00709789    0.332878
 -0.0116683   0.0485612 -0.00400121  -0.0116187
-0.00709789 -0.00400121   0.0971223  -0.0355688
   0.332878  -0.0116187  -0.0355688    0.422662
IMAGINARY
          0   0.0299272  -0.0171154  -0.0041879
 -0.0299272           0  0.00877506   0.0117962
  0.0171154 -0.00877506           0  -0.0104237
  0.0041879  -0.0117962   0.0104237           0
EndNode2[0]<--->HoM1[0]
REAL
   0.432759 -0.00310168    0.015293    0.343712
-0.00310168   0.0827586  -0.0109721 -0.00105812
   0.015293  -0.0109721   0.0965517 -0.00401576
   0.343712 -0.00105812 -0.00401576    0.387931
IMAGINARY
          0  0.00474187  -0.0200747  -0.0145396
-0.00474187           0   0.0119755  0.00382233
  0.0200747  -0.0119755           0  -0.0152581
  0.0145396 -0.00382233   0.0152581           0
Repeater1[0]<--->EndNode1[0]
REAL
   0.431655 -0.00709789  -0.0116683    0.332878
-0.00709789   0.0971223 -0.00400121  -0.0355688
 -0.0116683 -0.00400121   0.0485612  -0.0116187
   0.332878  -0.0355688  -0.0116187    0.422662
IMAGINARY
          0  -0.0171154   0.0299272  -0.0041879
  0.0171154           0 -0.00877506  -0.0104237
 -0.0299272  0.00877506           0   0.0117962
  0.0041879   0.0104237  -0.0117962           0
Repeater1[0]<--->HoM1[0]
REAL
   0.432759    0.015293 -0.00310168    0.343712
   0.015293   0.0965517  -0.0109721 -0.00401576
-0.00310168  -0.0109721   0.0827586 -0.00105812
   0.343712 -0.00401576 -0.00105812    0.387931
IMAGINARY
          0  -0.0200747  0.00474187  -0.0145396
  0.0200747           0  -0.0119755  -0.0152581
-0.00474187   0.0119755           0  0.00382233
  0.0145396   0.0152581 -0.00382233           0
EndNode1[0]<--->Repeater1[0]
REAL
   0.415468 -0.00321454   0.0105428    0.327546
-0.00321454   0.0863309 -0.00137797  -0.0245615
  0.0105428 -0.00137797   0.0611511  0.00227996
   0.327546  -0.0245615  0.00227996     0.43705
IMAGINARY
           0    0.0237756   -0.0248515  0.000369046
  -0.0237756            0   -0.0314035   -0.0165947
   0.0248515    0.0314035            0   0.00179759
-0.000369046    0.0165947  -0.00179759            0
EndNode2[0]<--->HoM1[0]
REAL
   0.428571 -0.00167586  -0.0171694     0.33466
-0.00167586   0.0907563  0.00864966  -0.0127602
 -0.0171694  0.00864966   0.0823529  0.00519699
    0.33466  -0.0127602  0.00519699    0.398319
IMAGINARY
          0  0.00935804  0.00689065 -0.00769477
-0.00935804           0   -0.021829  0.00277543
-0.00689065    0.021829           0  0.00382298
 0.00769477 -0.00277543 -0.00382298           0
Repeater1[0]<--->EndNode1[0]
REAL
   0.415468   0.0105428 -0.00321454    0.327546
  0.0105428   0.0611511 -0.00137797  0.00227996
-0.00321454 -0.00137797   0.0863309  -0.0245615
   0.327546  0.00227996  -0.0245615     0.43705
IMAGINARY
           0   -0.0248515    0.0237756  0.000369046
   0.0248515            0    0.0314035   0.00179759
  -0.0237756   -0.0314035            0   -0.0165947
-0.000369046  -0.00179759    0.0165947            0
Repeater1[0]<--->HoM1[0]
REAL
   0.428571  -0.0171694 -0.00167586     0.33466
 -0.0171694   0.0823529  0.00864966  0.00519699
-0.00167586  0.00864966   0.0907563  -0.0127602
    0.33466  0.00519699  -0.0127602    0.398319
IMAGINARY
          0  0.00689065  0.00935804 -0.00769477
-0.00689065           0    0.021829  0.00382298
-0.00935804   -0.021829           0  0.00277543
 0.00769477 -0.00382298 -0.00277543           0
EndNode1[0]<--->Repeater1[0]
REAL
   0.440741 0.000424334  0.00435956    0.320878
0.000424334   0.0518519   0.0187768   0.0163301
 0.00435956   0.0187768   0.0944444  0.00819636
   0.320878   0.0163301  0.00819636    0.412963
IMAGINARY
          0  0.00893852   0.0138787  -0.0215733
-0.00893852           0  0.00223625  -0.0270135
 -0.0138787 -0.00223625           0  0.00244502
  0.0215733   0.0270135 -0.00244502           0
EndNode2[0]<--->HoM1[0]
REAL
   0.385609   0.0125047   0.0105881    0.326821
  0.0125047   0.0793358  0.00558165  -0.0208302
  0.0105881  0.00558165   0.0756458 -0.00784924
   0.326821  -0.0208302 -0.00784924     0.45941
IMAGINARY
          0   -0.019461  -0.0123802  0.00666708
   0.019461           0   0.0172237  -0.0115136
  0.0123802  -0.0172237           0   0.0132663
-0.00666708   0.0115136  -0.0132663           0
Repeater1[0]<--->EndNode1[0]
REAL
   0.440741  0.00435956 0.000424334    0.320878
 0.00435956   0.0944444   0.0187768  0.00819636
0.000424334   0.0187768   0.0518519   0.0163301
   0.320878  0.00819636   0.0163301    0.412963
IMAGINARY
          0   0.0138787  0.00893852  -0.0215733
 -0.0138787           0 -0.00223625  0.00244502
-0.00893852  0.00223625           0  -0.0270135
  0.0215733 -0.00244502   0.0270135           0
Repeater1[0]<--->HoM1[0]
REAL
   0.385609   0.0105881   0.0125047    0.326821
  0.0105881   0.0756458  0.00558165 -0.00784924
  0.0125047  0.00558165   0.0793358  -0.0208302
   0.326821 -0.00784924  -0.0208302     0.45941
IMAGINARY
          0  -0.0123802   -0.019461  0.00666708
  0.0123802           0  -0.0172237   0.0132663
   0.019461   0.0172237           0  -0.0115136
-0.00666708  -0.0132663   0.0115136           0
EndNode1[0]<--->Repeater1[0]
REAL
   0.434701  -0.0153821  -0.0210459    0.327362
 -0.0153821   0.0970149 -0.00394214  0.00803476
 -0.0210459 -0.00394214   0.0671642  -0.0180751
   0.327362  0.00803476  -0.0180751    0.401119
IMAGINARY
           0  -0.00175288 -0.000831889    0.0148111
  0.00175288            0   -0.0167051    0.0208319
 0.000831889    0.0167051            0  0.000883319
  -0.0148111   -0.0208319 -0.000883319            0
EndNode2[0]<--->HoM1[0]
REAL
   0.40747 0.00814173 0.00402019    0.34678
0.00814173  0.0797963 0.00088992  0.0174852
0.00402019 0.00088992  0.0831919  0.0151558
   0.34678  0.0174852  0.0151558   0.429542
IMAGINARY
          0   0.0259857   0.0182179 -0.00364815
 -0.0259857           0  -0.0107403  0.00233005
 -0.0182179   0.0107403           0  -0.0259857
 0.00364815 -0.00233005   0.0259857           0
Repeater1[0]<--->EndNode1[0]
REAL
   0.434701  -0.0210459  -0.0153821    0.327362
 -0.0210459   0.0671642 -0.00394214  -0.0180751
 -0.0153821 -0.00394214   0.0970149  0.00803476
   0.327362  -0.0180751  0.00803476    0.401119
IMAGINARY
           0 -0.000831889  -0.00175288    0.0148111
 0.000831889            0    0.0167051  0.000883319
  0.00175288   -0.0167051            0    0.0208319
  -0.0148111 -0.000883319   -0.0208319            0
Repeater1[0]<--->HoM1[0]
REAL
   0.40747 0.00402019 0.00814173    0.34678
0.00402019  0.0831919 0.00088992  0.0151558
0.00814173 0.00088992  0.0797963  0.0174852
   0.34678  0.0151558  0.0174852   0.429542
IMAGINARY
          0   0.0182179   0.0259857 -0.00364815
 -0.0182179           0   0.0107403  -0.0259857
 -0.0259857  -0.0107403           0  0.00233005
 0.00364815   0.0259857 -0.00233005           0
EndNode1[0]<--->Repeater1[0]
REAL
  0.404762  0.0293589 0.00665953   0.335099
 0.0293589  0.0897436 -0.0174192 -0.0038971
0.00665953 -0.0174192  0.0769231 0.00471105
  0.335099 -0.0038971 0.00471105   0.428571
IMAGINARY
          0  -0.0110842  0.00572665  0.00251487
  0.0110842           0   0.0129678  -0.0147195
-0.00572665  -0.0129678           0   0.0128828
-0.00251487   0.0147195  -0.0128828           0
EndNode2[0]<--->HoM1[0]
REAL
   0.445596  -0.0104603 -0.00921841    0.330938
 -0.0104603   0.0811744 -0.00149449  0.00113941
-0.00921841 -0.00149449   0.0518135   0.0113579
   0.330938  0.00113941   0.0113579    0.421416
IMAGINARY
          0  -0.0257758    0.016016  -0.0173577
  0.0257758           0  0.00839716  -0.0025025
  -0.016016 -0.00839716           0  -0.0183684
  0.0173577   0.0025025   0.0183684           0
Repeater1[0]<--->EndNode1[0]
REAL
  0.404762 0.00665953  0.0293589   0.335099
0.00665953  0.0769231 -0.0174192 0.00471105
 0.0293589 -0.0174192  0.0897436 -0.0038971
  0.335099 0.00471105 -0.0038971   0.428571
IMAGINARY
          0  0.00572665  -0.0110842  0.00251487
-0.00572665           0  -0.0129678   0.0128828
  0.0110842   0.0129678           0  -0.0147195
-0.00251487  -0.0128828   0.0147195           0
Repeater1[0]<--->HoM1[0]
REAL
   0.445596 -0.00921841  -0.0104603    0.330938
-0.00921841   0.0518135 -0.00149449   0.0113579
 -0.0104603 -0.00149449   0.0811744  0.00113941
   0.330938   0.0113579  0.00113941    0.421416
IMAGINARY
          0    0.016016  -0.0257758  -0.0173577
  -0.016016           0 -0.00839716  -0.0183684
  0.0257758  0.00839716           0  -0.0025025
  0.0173577   0.0183684   0.0025025           0
EndNode1[0]<--->Repeater1[0]
REAL
   0.421986 -0.00498729 -0.00878748    0.340734
-0.00498729   0.0762411  0.00802035 -0.00366803
-0.00878748  0.00802035    0.070922 -0.00213015
   0.340734 -0.00366803 -0.00213015    0.430851
IMAGINARY
          0   -0.025076  0.00329503   0.0163525
   0.025076           0   -0.001414   0.0487496
-0.00329503    0.001414           0  -0.0232512
 -0.0163525  -0.0487496   0.0232512           0
EndNode2[0]<--->HoM1[0]
REAL
  0.417699 0.00905836 0.00510054   0.344966
0.00905836  0.0849558  0.0151379 0.00785283
0.00510054  0.0151379  0.0938053  0.0125306
  0.344966 0.00785283  0.0125306    0.40354
IMAGINARY
          0  0.00812986  0.00376036  -0.0116268
-0.00812986           0 -0.00110048   -0.029573
-0.00376036  0.00110048           0  0.00429844
  0.0116268    0.029573 -0.00429844           0
Repeater1[0]<--->EndNode1[0]
REAL
   0.421986 -0.00878748 -0.00498729    0.340734
-0.00878748    0.070922  0.00802035 -0.00213015
-0.00498729  0.00802035   0.0762411 -0.00366803
   0.340734 -0.00213015 -0.00366803    0.430851
IMAGINARY
          0  0.00329503   -0.025076   0.0163525
-0.00329503           0    0.001414  -0.0232512
   0.025076   -0.001414           0   0.0487496
 -0.0163525   0.0232512  -0.0487496           0
Repeater1[0]<--->HoM1[0]
REAL
  0.417699 0.00510054 0.00905836   0.344966
0.00510054  0.0938053  0.0151379  0.0125306
0.00905836  0.0151379  0.0849558 0.00785283
  0.344966  0.0125306 0.00785283    0.40354
IMAGINARY
          0  0.00376036  0.00812986  -0.0116268
-0.00376036           0  0.00110048  0.00429844
-0.00812986 -0.00110048           0   -0.029573
  0.0116268 -0.00429844    0.029573           0
EndNode1[0]<--->Repeater1[0]
REAL
  0.405263  -0.003615  0.0129567   0.330094
 -0.003615  0.0789474 0.00475163 -0.0102344
 0.0129567 0.00475163  0.0754386 0.00452244
  0.330094 -0.0102344 0.00452244   0.440351
IMAGINARY
          0  -0.0117272   0.0129148 -0.00313916
  0.0117272           0  0.00120866  0.00763313
 -0.0129148 -0.00120866           0  0.00487793
 0.00313916 -0.00763313 -0.00487793           0
EndNode2[0]<--->HoM1[0]
REAL
   0.377358  0.00669871  0.00337491    0.335034
 0.00669871    0.077187   0.0124834 -0.00869406
 0.00337491   0.0124834   0.0874786  -0.0120179
   0.335034 -0.00869406  -0.0120179    0.457976
IMAGINARY
           0   -0.0116303 -0.000946505  -0.00589807
   0.0116303            0   -0.0211038    0.0111129
 0.000946505    0.0211038            0   0.00516077
  0.00589807   -0.0111129  -0.00516077            0
Repeater1[0]<--->EndNode1[0]
REAL
  0.405263  0.0129567  -0.003615   0.330094
 0.0129567  0.0754386 0.00475163 0.00452244
 -0.003615 0.00475163  0.0789474 -0.0102344
  0.330094 0.00452244 -0.0102344   0.440351
IMAGINARY
          0   0.0129148  -0.0117272 -0.00313916
 -0.0129148           0 -0.00120866  0.00487793
  0.0117272  0.00120866           0  0.00763313
 0.00313916 -0.00487793 -0.00763313           0
Repeater1[0]<--->HoM1[0]
REAL
   0.377358  0.00337491  0.00669871    0.335034
 0.00337491   0.0874786   0.0124834  -0.0120179
 0.00669871   0.0124834    0.077187 -0.00869406
   0.335034  -0.0120179 -0.00869406    0.457976
IMAGINARY
           0 -0.000946505   -0.0116303  -0.00589807
 0.000946505            0    0.0211038   0.00516077
   0.0116303   -0.0211038            0    0.0111129
  0.00589807  -0.00516077   -0.0111129            0
EndNode1[0]<--->Repeater1[0]
REAL
   0.436036 6.93889e-18  0.00504398    0.347354
6.93889e-18   0.0792793  -0.0100601  0.00866717
 0.00504398  -0.0100601   0.0720721 -0.00639854
   0.347354  0.00866717 -0.00639854    0.412613
IMAGINARY
           0   0.00169778 -0.000113926  -0.00670345
 -0.00169778            0    0.0149603   -0.0150952
 0.000113926   -0.0149603            0    0.0268193
  0.00670345    0.0150952   -0.0268193            0
EndNode2[0]<--->HoM1[0]
REAL
   0.396154 -0.00387899   0.0154705      0.3406
