EndNode1[0]<--->Repeater1[0]
REAL
   0.343164 -0.00901383   0.0116669   0.0524162
-0.00901383    0.148943   0.0032728  0.00109201
  0.0116669   0.0032728    0.158177  0.00195889
  0.0524162  0.00109201  0.00195889    0.349717
IMAGINARY
          0 -0.00201912  0.00386512 -0.00690717
 0.00201912           0  -0.0036873 -0.00702111
-0.00386512   0.0036873           0  0.00517512
 0.00690717  0.00702111 -0.00517512           0
EndNode2[0]<--->HoM1[0]
REAL
    0.345889   -0.0154956  -0.00771138    0.0592644
  -0.0154956     0.144993   0.00683629 -0.000172181
 -0.00771138   0.00683629      0.15994   0.00670243
   0.0592644 -0.000172181   0.00670243     0.349178
IMAGINARY
           0  -0.00654923   0.00310744 -0.000739947
  0.00654923            0  -0.00971661   0.00756377
 -0.00310744   0.00971661            0   -0.0019568
 0.000739947  -0.00756377    0.0019568            0
Repeater1[0]<--->EndNode1[0]
REAL
   0.343164   0.0116669 -0.00901383   0.0524162
  0.0116669    0.158177   0.0032728  0.00195889
-0.00901383   0.0032728    0.148943  0.00109201
  0.0524162  0.00195889  0.00109201    0.349717
IMAGINARY
          0  0.00386512 -0.00201912 -0.00690717
-0.00386512           0   0.0036873  0.00517512
 0.00201912  -0.0036873           0 -0.00702111
 0.00690717 -0.00517512  0.00702111           0
Repeater1[0]<--->HoM1[0]
REAL
    0.345889  -0.00771138   -0.0154956    0.0592644
 -0.00771138      0.15994   0.00683629   0.00670243
  -0.0154956   0.00683629     0.144993 -0.000172181
   0.0592644   0.00670243 -0.000172181     0.349178
IMAGINARY
           0   0.00310744  -0.00654923 -0.000739947
 -0.00310744            0   0.00971661   -0.0019568
  0.00654923  -0.00971661            0   0.00756377
 0.000739947    0.0019568  -0.00756377            0
EndNode1[0]<--->Repeater1[0]
REAL
    0.358485 -0.000373198   0.00407124     0.070693
-0.000373198     0.147387   0.00204769  -0.00421939
  0.00407124   0.00204769     0.150323   -0.0151824
    0.070693  -0.00421939   -0.0151824     0.343805
IMAGINARY
          0 -0.00211321 -0.00184619  0.00345733
 0.00211321           0  -0.0027041  0.00443371
 0.00184619   0.0027041           0 -0.00808466
-0.00345733 -0.00443371  0.00808466           0
EndNode2[0]<--->HoM1[0]
REAL
   0.342272 -0.00489327  -0.0020225   0.0638968
-0.00489327    0.149744     0.00252 -0.00532382
 -0.0020225     0.00252    0.152757  0.00234454
  0.0638968 -0.00532382  0.00234454    0.355227
IMAGINARY
          0  -0.0142459  0.00312029  0.00256714
  0.0142459           0  -0.0081344    0.015308
-0.00312029   0.0081344           0  0.00130043
-0.00256714   -0.015308 -0.00130043           0
Repeater1[0]<--->EndNode1[0]
REAL
    0.358485   0.00407124 -0.000373198     0.070693
  0.00407124     0.150323   0.00204769   -0.0151824
-0.000373198   0.00204769     0.147387  -0.00421939
    0.070693   -0.0151824  -0.00421939     0.343805
IMAGINARY
          0 -0.00184619 -0.00211321  0.00345733
 0.00184619           0   0.0027041 -0.00808466
 0.00211321  -0.0027041           0  0.00443371
-0.00345733  0.00808466 -0.00443371           0
Repeater1[0]<--->HoM1[0]
REAL
   0.342272  -0.0020225 -0.00489327   0.0638968
 -0.0020225    0.152757     0.00252  0.00234454
-0.00489327     0.00252    0.149744 -0.00532382
  0.0638968  0.00234454 -0.00532382    0.355227
IMAGINARY
          0  0.00312029  -0.0142459  0.00256714
-0.00312029           0   0.0081344  0.00130043
  0.0142459  -0.0081344           0    0.015308
-0.00256714 -0.00130043   -0.015308           0
EndNode1[0]<--->Repeater1[0]
REAL
    0.35236  -0.0135446  0.00826243   0.0626713
 -0.0135446    0.156742  0.00162996  0.00738678
 0.00826243  0.00162996     0.15489 -0.00985179
  0.0626713  0.00738678 -0.00985179    0.336007
IMAGINARY
          0  0.00400489 -0.00824653   0.0055632
-0.00400489           0 -0.00631328 -0.00491924
 0.00824653  0.00631328           0 -0.00370567
 -0.0055632  0.00491924  0.00370567           0
EndNode2[0]<--->HoM1[0]
REAL
   0.361145 -0.00245824 -0.00816578    0.065486
-0.00245824    0.134896 -0.00235319   0.0066768
-0.00816578 -0.00235319     0.14799  -0.0023065
   0.065486   0.0066768  -0.0023065    0.355968
IMAGINARY
          0 -0.00172973  0.00514464 -0.00013934
 0.00172973           0 -0.00774901  -0.0011541
-0.00514464  0.00774901           0  0.00897182
 0.00013934   0.0011541 -0.00897182           0
Repeater1[0]<--->EndNode1[0]
REAL
    0.35236  0.00826243  -0.0135446   0.0626713
 0.00826243     0.15489  0.00162996 -0.00985179
 -0.0135446  0.00162996    0.156742  0.00738678
  0.0626713 -0.00985179  0.00738678    0.336007
IMAGINARY
          0 -0.00824653  0.00400489   0.0055632
 0.00824653           0  0.00631328 -0.00370567
-0.00400489 -0.00631328           0 -0.00491924
 -0.0055632  0.00370567  0.00491924           0
Repeater1[0]<--->HoM1[0]
REAL
   0.361145 -0.00816578 -0.00245824    0.065486
-0.00816578     0.14799 -0.00235319  -0.0023065
-0.00245824 -0.00235319    0.134896   0.0066768
   0.065486  -0.0023065   0.0066768    0.355968
IMAGINARY
          0  0.00514464 -0.00172973 -0.00013934
-0.00514464           0  0.00774901  0.00897182
 0.00172973 -0.00774901           0  -0.0011541
 0.00013934 -0.00897182   0.0011541           0
EndNode1[0]<--->Repeater1[0]
REAL
    0.342409 -3.11277e-05   -0.0104775    0.0732316
-3.11277e-05     0.143238  -0.00680434  -0.00298746
  -0.0104775  -0.00680434       0.1533  -0.00535487
   0.0732316  -0.00298746  -0.00535487     0.361054
IMAGINARY
           0  -0.00443979   0.00172166 -0.000884062
  0.00443979            0    0.0161353    0.0060721
 -0.00172166   -0.0161353            0    0.0101352
 0.000884062   -0.0060721   -0.0101352            0
EndNode2[0]<--->HoM1[0]
REAL
    0.342503    0.0098902    0.0031375    0.0721278
   0.0098902     0.155079 -4.66869e-05  -0.00213835
   0.0031375 -4.66869e-05     0.153265   -0.0074637
   0.0721278  -0.00213835   -0.0074637     0.349154
IMAGINARY
           0 -1.85799e-05 -0.000216392    0.0099963
 1.85799e-05            0   -0.0139002  -0.00623324
 0.000216392    0.0139002            0  -0.00243842
  -0.0099963   0.00623324   0.00243842            0
Repeater1[0]<--->EndNode1[0]
REAL
    0.342409   -0.0104775 -3.11277e-05    0.0732316
  -0.0104775       0.1533  -0.00680434  -0.00535487
-3.11277e-05  -0.00680434     0.143238  -0.00298746
   0.0732316  -0.00535487  -0.00298746     0.361054
IMAGINARY
           0   0.00172166  -0.00443979 -0.000884062
 -0.00172166            0   -0.0161353    0.0101352
  0.00443979    0.0161353            0    0.0060721
 0.000884062   -0.0101352   -0.0060721            0
Repeater1[0]<--->HoM1[0]
REAL
    0.342503    0.0031375    0.0098902    0.0721278
   0.0031375     0.153265 -4.66869e-05   -0.0074637
   0.0098902 -4.66869e-05     0.155079  -0.00213835
   0.0721278   -0.0074637  -0.00213835     0.349154
IMAGINARY
           0 -0.000216392 -1.85799e-05    0.0099963
 0.000216392            0    0.0139002  -0.00243842
 1.85799e-05   -0.0139002            0  -0.00623324
  -0.0099963   0.00243842   0.00623324            0
EndNode1[0]<--->Repeater1[0]
REAL
    0.341339   0.00780411    0.0054047    0.0637034
  0.00780411     0.156409   0.00494172 -0.000608533
   0.0054047   0.00494172     0.153708  -0.00270818
   0.0637034 -0.000608533  -0.00270818     0.348544
IMAGINARY
          0 -0.00182398 -0.00173365 -0.00952929
 0.00182398           0  -0.0136339 -0.00683263
 0.00173365   0.0136339           0  0.00197426
 0.00952929  0.00683263 -0.00197426           0
EndNode2[0]<--->HoM1[0]
REAL
    0.344764 -2.58573e-06  -0.00525432    0.0642223
-2.58573e-06     0.160135  -0.00507283   0.00210967
 -0.00525432  -0.00507283     0.149418  0.000451822
   0.0642223   0.00210967  0.000451822     0.345683
IMAGINARY
           0  -0.00374158  0.000297086   -0.0092658
  0.00374158            0     0.004437 -0.000595771
-0.000297086    -0.004437            0  -0.00910191
   0.0092658  0.000595771   0.00910191            0
Repeater1[0]<--->EndNode1[0]
REAL
    0.341339    0.0054047   0.00780411    0.0637034
   0.0054047     0.153708   0.00494172  -0.00270818
  0.00780411   0.00494172     0.156409 -0.000608533
   0.0637034  -0.00270818 -0.000608533     0.348544
IMAGINARY
          0 -0.00173365 -0.00182398 -0.00952929
 0.00173365           0   0.0136339  0.00197426
 0.00182398  -0.0136339           0 -0.00683263
 0.00952929 -0.00197426  0.00683263           0
Repeater1[0]<--->HoM1[0]
REAL
    0.344764  -0.00525432 -2.58573e-06    0.0642223
 -0.00525432     0.149418  -0.00507283  0.000451822
-2.58573e-06  -0.00507283     0.160135   0.00210967
   0.0642223  0.000451822   0.00210967     0.345683
IMAGINARY
           0  0.000297086  -0.00374158   -0.0092658
-0.000297086            0    -0.004437  -0.00910191
  0.00374158     0.004437            0 -0.000595771
   0.0092658   0.00910191  0.000595771            0
EndNode1[0]<--->Repeater1[0]
REAL
    0.352777  -0.00725634   0.00680833    0.0638798
 -0.00725634     0.158548   0.00918782 -0.000769681
  0.00680833   0.00918782     0.153273   0.00725634
   0.0638798 -0.000769681   0.00725634     0.335402
IMAGINARY
           0  5.65715e-05  -0.00409979  -0.00341735
-5.65715e-05            0  -0.00191314  -0.00424794
  0.00409979   0.00191314            0   0.00109484
  0.00341735   0.00424794  -0.00109484            0
EndNode2[0]<--->HoM1[0]
REAL
   0.349615  0.00664505 -0.00490552   0.0617192
 0.00664505     0.15749  0.00259243 -0.00445439
-0.00490552  0.00259243    0.151273   0.0078477
  0.0617192 -0.00445439   0.0078477    0.341622
IMAGINARY
          0 -0.00738988   0.0157534  -0.0020763
 0.00738988           0  0.00326395 -0.00696024
 -0.0157534 -0.00326395           0 -0.00382904
  0.0020763  0.00696024  0.00382904           0
Repeater1[0]<--->EndNode1[0]
REAL
    0.352777   0.00680833  -0.00725634    0.0638798
  0.00680833     0.153273   0.00918782   0.00725634
 -0.00725634   0.00918782     0.158548 -0.000769681
   0.0638798   0.00725634 -0.000769681     0.335402
IMAGINARY
           0  -0.00409979  5.65715e-05  -0.00341735
  0.00409979            0   0.00191314   0.00109484
-5.65715e-05  -0.00191314            0  -0.00424794
  0.00341735  -0.00109484   0.00424794            0
Repeater1[0]<--->HoM1[0]
REAL
   0.349615 -0.00490552  0.00664505   0.0617192
-0.00490552    0.151273  0.00259243   0.0078477
 0.00664505  0.00259243     0.15749 -0.00445439
  0.0617192   0.0078477 -0.00445439    0.341622
IMAGINARY
          0   0.0157534 -0.00738988  -0.0020763
 -0.0157534           0 -0.00326395 -0.00382904
 0.00738988  0.00326395           0 -0.00696024
  0.0020763  0.00382904  0.00696024           0
EndNode1[0]<--->Repeater1[0]
REAL
    0.340194   0.00438942 -0.000945107    0.0624951
  0.00438942     0.150424    0.0120504  -0.00299429
-0.000945107    0.0120504     0.158293    0.0037924
   0.0624951  -0.00299429    0.0037924      0.35109
IMAGINARY
           0 -0.000988008  -0.00834175  -0.00502872
 0.000988008            0   0.00289847   0.00818843
  0.00834175  -0.00289847            0   0.00788773
  0.00502872  -0.00818843  -0.00788773            0
EndNode2[0]<--->HoM1[0]
REAL
   0.344606  0.00108692 -0.00402672   0.0682337
 0.00108692     0.14519 -0.00793521 -0.00612253
-0.00402672 -0.00793521    0.147522 -0.00198245
  0.0682337 -0.00612253 -0.00198245    0.362682
IMAGINARY
           0   0.00173727   0.00440955  0.000835584
 -0.00173727            0  -0.00999749   0.00750598
 -0.00440955   0.00999749            0   -0.0018881
-0.000835584  -0.00750598    0.0018881            0
Repeater1[0]<--->EndNode1[0]
REAL
    0.340194 -0.000945107   0.00438942    0.0624951
-0.000945107     0.158293    0.0120504    0.0037924
  0.00438942    0.0120504     0.150424  -0.00299429
   0.0624951    0.0037924  -0.00299429      0.35109
IMAGINARY
           0  -0.00834175 -0.000988008  -0.00502872
  0.00834175            0  -0.00289847   0.00788773
 0.000988008   0.00289847            0   0.00818843
  0.00502872  -0.00788773  -0.00818843            0
Repeater1[0]<--->HoM1[0]
REAL
   0.344606 -0.00402672  0.00108692   0.0682337
-0.00402672    0.147522 -0.00793521 -0.00198245
 0.00108692 -0.00793521     0.14519 -0.00612253
  0.0682337 -0.00198245 -0.00612253    0.362682
IMAGINARY
           0   0.00440955   0.00173727  0.000835584
 -0.00440955            0   0.00999749   -0.0018881
 -0.00173727  -0.00999749            0   0.00750598
-0.000835584    0.0018881  -0.00750598            0
EndNode1[0]<--->Repeater1[0]
REAL
    0.359126   0.00802227  -0.00244224    0.0784199
  0.00802227     0.156822   0.00391413 -0.000336347
 -0.00244224   0.00391413      0.14619  -0.00495119
   0.0784199 -0.000336347  -0.00495119     0.337862
IMAGINARY
           0  -0.00724043 -0.000683127   0.00877526
  0.00724043            0  -0.00605787  0.000240518
 0.000683127   0.00605787            0  -0.00589029
 -0.00877526 -0.000240518   0.00589029            0
EndNode2[0]<--->HoM1[0]
REAL
    0.34588  0.00562055  0.00814598   0.0700709
 0.00562055    0.153527 -0.00113653  0.00509906
 0.00814598 -0.00113653    0.149378  0.00943063
  0.0700709  0.00509906  0.00943063    0.351215
IMAGINARY
          0 -0.00315599  0.00342792  0.00263657
 0.00315599           0  0.00489221 -0.00187993
-0.00342792 -0.00489221           0   0.0118247
-0.00263657  0.00187993  -0.0118247           0
Repeater1[0]<--->EndNode1[0]
REAL
    0.359126  -0.00244224   0.00802227    0.0784199
 -0.00244224      0.14619   0.00391413  -0.00495119
  0.00802227   0.00391413     0.156822 -0.000336347
   0.0784199  -0.00495119 -0.000336347     0.337862
IMAGINARY
           0 -0.000683127  -0.00724043   0.00877526
 0.000683127            0   0.00605787  -0.00589029
  0.00724043  -0.00605787            0  0.000240518
 -0.00877526   0.00589029 -0.000240518            0
Repeater1[0]<--->HoM1[0]
REAL
    0.34588  0.00814598  0.00562055   0.0700709
 0.00814598    0.149378 -0.00113653  0.00943063
 0.00562055 -0.00113653    0.153527  0.00509906
  0.0700709  0.00943063  0.00509906    0.351215
IMAGINARY
          0  0.00342792 -0.00315599  0.00263657
-0.00342792           0 -0.00489221   0.0118247
 0.00315599  0.00489221           0 -0.00187993
-0.00263657  -0.0118247  0.00187993           0
EndNode1[0]<--->Repeater1[0]
REAL
  0.348262 0.00780818 0.00607728  0.0629016
0.00780818   0.148792  0.0057027  0.0102992
0.00607728  0.0057027    0.14673 0.00384718
 0.0629016  0.0102992 0.00384718   0.356217
IMAGINARY
          0 -0.00346914 -0.00636594  0.00757935
 0.00346914           0  0.00509179  0.00470581
 0.00636594 -0.00509179           0  0.00784584
-0.00757935 -0.00470581 -0.00784584           0
EndNode2[0]<--->HoM1[0]
REAL
    0.353939 -0.000522004  -0.00352788    0.0570697
-0.000522004      0.15303  -0.00745592   0.00412206
 -0.00352788  -0.00745592     0.152727   0.00230454
   0.0570697   0.00412206   0.00230454     0.340303
IMAGINARY
          0  0.00642809 -0.00608447 -0.00453309
-0.00642809           0   0.0106361  -0.0110045
 0.00608447  -0.0106361           0  0.00123249
 0.00453309   0.0110045 -0.00123249           0
Repeater1[0]<--->EndNode1[0]
REAL
  0.348262 0.00607728 0.00780818  0.0629016
0.00607728    0.14673  0.0057027 0.00384718
0.00780818  0.0057027   0.148792  0.0102992
 0.0629016 0.00384718  0.0102992   0.356217
IMAGINARY
          0 -0.00636594 -0.00346914  0.00757935
 0.00636594           0 -0.00509179  0.00784584
 0.00346914  0.00509179           0  0.00470581
-0.00757935 -0.00784584 -0.00470581           0
Repeater1[0]<--->HoM1[0]
REAL
    0.353939  -0.00352788 -0.000522004    0.0570697
 -0.00352788     0.152727  -0.00745592   0.00230454
-0.000522004  -0.00745592      0.15303   0.00412206
   0.0570697   0.00230454   0.00412206     0.340303
IMAGINARY
          0 -0.00608447  0.00642809 -0.00453309
 0.00608447           0  -0.0106361  0.00123249
-0.00642809   0.0106361           0  -0.0110045
 0.00453309 -0.00123249   0.0110045           0
EndNode1[0]<--->Repeater1[0]
REAL
    0.36331 -0.00664947  0.00749455   0.0641301
-0.00664947    0.139229  0.00905186 -0.00764797
 0.00749455  0.00905186    0.148192 -0.00117502
  0.0641301 -0.00764797 -0.00117502    0.349268
IMAGINARY
           0  -0.00662439    0.0120921  -0.00332458
  0.00662439            0 -4.68669e-05   0.00954031
  -0.0120921  4.68669e-05            0   0.00831202
  0.00332458  -0.00954031  -0.00831202            0
EndNode2[0]<--->HoM1[0]
REAL
   0.339578 -0.00262894  0.00824641   0.0706245
-0.00262894     0.14637  0.00606448 -0.00520319
 0.00824641  0.00606448    0.149883  0.00232462
  0.0706245 -0.00520319  0.00232462    0.364169
IMAGINARY
           0  -0.00407301  -0.00360762  -0.00259304
  0.00407301            0   -0.0102581   0.00799226
  0.00360762    0.0102581            0  0.000293147
  0.00259304  -0.00799226 -0.000293147            0
Repeater1[0]<--->EndNode1[0]
REAL
    0.36331  0.00749455 -0.00664947   0.0641301
 0.00749455    0.148192  0.00905186 -0.00117502
-0.00664947  0.00905186    0.139229 -0.00764797
  0.0641301 -0.00117502 -0.00764797    0.349268
IMAGINARY
           0    0.0120921  -0.00662439  -0.00332458
  -0.0120921            0  4.68669e-05   0.00831202
  0.00662439 -4.68669e-05            0   0.00954031
  0.00332458  -0.00831202  -0.00954031            0
Repeater1[0]<--->HoM1[0]
REAL
   0.339578  0.00824641 -0.00262894   0.0706245
 0.00824641    0.149883  0.00606448  0.00232462
-0.00262894  0.00606448     0.14637 -0.00520319
  0.0706245  0.00232462 -0.00520319    0.364169
IMAGINARY
           0  -0.00360762  -0.00407301  -0.00259304
  0.00360762            0    0.0102581  0.000293147
  0.00407301   -0.0102581            0   0.00799226
  0.00259304 -0.000293147  -0.00799226            0
EndNode1[0]<--->Repeater1[0]
REAL
    0.35583  0.00426769  0.00432355   0.0807659
 0.00426769    0.141609  0.00126062 -0.00402198
 0.00432355  0.00126062    0.150045  0.00689033
  0.0807659 -0.00402198  0.00689033    0.352516
IMAGINARY
          0 -0.00384079  0.00153211  0.00633399
 0.00384079           0   0.0100866  0.00317931
-0.00153211  -0.0100866           0 -0.00263742
-0.00633399 -0.00317931  0.00263742           0
EndNode2[0]<--->HoM1[0]
REAL
   0.350856   0.0115988 -0.00860178   0.0794022
  0.0115988    0.151589 -0.00433713  0.00151471
-0.00860178 -0.00433713    0.146394 -0.00161906
  0.0794022  0.00151471 -0.00161906    0.351161
IMAGINARY
           0  0.000561321    0.0138893   0.00186155
-0.000561321            0   0.00601832 -0.000186543
  -0.0138893  -0.00601832            0  -0.00482441
 -0.00186155  0.000186543   0.00482441            0
Repeater1[0]<--->EndNode1[0]
REAL
    0.35583  0.00432355  0.00426769   0.0807659
 0.00432355    0.150045  0.00126062  0.00689033
 0.00426769  0.00126062    0.141609 -0.00402198
  0.0807659  0.00689033 -0.00402198    0.352516
IMAGINARY
          0  0.00153211 -0.00384079  0.00633399
-0.00153211           0  -0.0100866 -0.00263742
 0.00384079   0.0100866           0  0.00317931
-0.00633399  0.00263742 -0.00317931           0
Repeater1[0]<--->HoM1[0]
REAL
   0.350856 -0.00860178   0.0115988   0.0794022
-0.00860178    0.146394 -0.00433713 -0.00161906
  0.0115988 -0.00433713    0.151589  0.00151471
  0.0794022 -0.00161906  0.00151471    0.351161
IMAGINARY
           0    0.0138893  0.000561321   0.00186155
  -0.0138893            0  -0.00601832  -0.00482441
-0.000561321   0.00601832            0 -0.000186543
 -0.00186155   0.00482441  0.000186543            0
EndNode1[0]<--->Repeater1[0]
REAL
  0.347722  0.0027867 0.00445898  0.0638634
 0.0027867   0.145683  0.0105459 0.00919551
0.00445898  0.0105459   0.147182  0.0044241
 0.0638634 0.00919551  0.0044241   0.359412
IMAGINARY
          0  0.00897397 -0.00673716  -0.0122031
-0.00897397           0  0.00664108   0.0126613
 0.00673716 -0.00664108           0 -0.00127254
  0.0122031  -0.0126613  0.00127254           0
EndNode2[0]<--->HoM1[0]
REAL
    0.34893   0.0062727 -0.00814515   0.0643102
  0.0062727    0.155046  0.00998579 -0.00563556
-0.00814515  0.00998579    0.150765  0.00241514
  0.0643102 -0.00563556  0.00241514     0.34526
IMAGINARY
           0  -0.00428747 -0.000612075  -0.00200317
  0.00428747            0   0.00126287 -0.000157392
 0.000612075  -0.00126287            0   0.00259464
  0.00200317  0.000157392  -0.00259464            0
Repeater1[0]<--->EndNode1[0]
REAL
  0.347722 0.00445898  0.0027867  0.0638634
0.00445898   0.147182  0.0105459  0.0044241
 0.0027867  0.0105459   0.145683 0.00919551
 0.0638634  0.0044241 0.00919551   0.359412
IMAGINARY
          0 -0.00673716  0.00897397  -0.0122031
 0.00673716           0 -0.00664108 -0.00127254
-0.00897397  0.00664108           0   0.0126613
  0.0122031  0.00127254  -0.0126613           0
Repeater1[0]<--->HoM1[0]
REAL
    0.34893 -0.00814515   0.0062727   0.0643102
-0.00814515    0.150765  0.00998579  0.00241514
  0.0062727  0.00998579    0.155046 -0.00563556
  0.0643102  0.00241514 -0.00563556     0.34526
IMAGINARY
           0 -0.000612075  -0.00428747  -0.00200317
 0.000612075            0  -0.00126287   0.00259464
  0.00428747   0.00126287            0 -0.000157392
  0.00200317  -0.00259464  0.000157392            0
EndNode1[0]<--->Repeater1[0]
REAL
    0.36178 0.000986134  0.00229093   0.0701899
0.000986134    0.141725 -0.00426571  -0.0137298
 0.00229093 -0.00426571    0.150564  0.00142205
  0.0701899  -0.0137298  0.00142205    0.345931
IMAGINARY
          0  0.00597183   0.0107193 -0.00944828
-0.00597183           0  0.00356947 -0.00395062
 -0.0107193 -0.00356947           0   0.0108027
 0.00944828  0.00395062  -0.0108027           0
EndNode2[0]<--->HoM1[0]
REAL
     0.35076 -0.000914277   0.00297342    0.0726596
-0.000914277     0.157143  -0.00363709  -0.00733432
  0.00297342  -0.00363709     0.148328   0.00707969
   0.0726596  -0.00733432   0.00707969     0.343769
IMAGINARY
           0   0.00342059  0.000900806   0.00386039
 -0.00342059            0   0.00281842  0.000607034
-0.000900806  -0.00281842            0  -0.00583314
 -0.00386039 -0.000607034   0.00583314            0
Repeater1[0]<--->EndNode1[0]
REAL
    0.36178  0.00229093 0.000986134   0.0701899
 0.00229093    0.150564 -0.00426571  0.00142205
0.000986134 -0.00426571    0.141725  -0.0137298
  0.0701899  0.00142205  -0.0137298    0.345931
IMAGINARY
          0   0.0107193  0.00597183 -0.00944828
 -0.0107193           0 -0.00356947   0.0108027
-0.00597183  0.00356947           0 -0.00395062
 0.00944828  -0.0108027  0.00395062           0
Repeater1[0]<--->HoM1[0]
REAL
     0.35076   0.00297342 -0.000914277    0.0726596
  0.00297342     0.148328  -0.00363709   0.00707969
-0.000914277  -0.00363709     0.157143  -0.00733432
   0.0726596   0.00707969  -0.00733432     0.343769
IMAGINARY
           0  0.000900806   0.00342059   0.00386039
-0.000900806            0  -0.00281842  -0.00583314
 -0.00342059   0.00281842            0  0.000607034
 -0.00386039   0.00583314 -0.000607034            0
EndNode1[0]<--->Repeater1[0]
REAL
    0.350255   0.00568191  -0.00182603    0.0648414
  0.00568191       0.1535   0.00174306 -0.000948323
 -0.00182603   0.00174306     0.148093   0.00325767
   0.0648414 -0.000948323   0.00325767     0.348153
IMAGINARY
          0 -0.00677998 -0.00948608  0.00383561
 0.00677998           0  0.00516501 -0.00110284
 0.00948608 -0.00516501           0 -0.00874076
-0.00383561  0.00110284  0.00874076           0
EndNode2[0]<--->HoM1[0]
REAL
  0.344238 0.00944872 0.00803659  0.0693055
0.00944872   0.154562 -0.0065232  0.0035563
0.00803659 -0.0065232   0.153661 0.00395086
 0.0693055  0.0035563 0.00395086   0.347539
IMAGINARY
          0 -0.00675582  0.00931609 -0.00143091
 0.00675582           0  0.00217919 -0.00447596
-0.00931609 -0.00217919           0  0.00308905
 0.00143091  0.00447596 -0.00308905           0
Repeater1[0]<--->EndNode1[0]
REAL
    0.350255  -0.00182603   0.00568191    0.0648414
 -0.00182603     0.148093   0.00174306   0.00325767
  0.00568191   0.00174306       0.1535 -0.000948323
   0.0648414   0.00325767 -0.000948323     0.348153
IMAGINARY
          0 -0.00948608 -0.00677998  0.00383561
 0.00948608           0 -0.00516501 -0.00874076
 0.00677998  0.00516501           0 -0.00110284
-0.00383561  0.00874076  0.00110284           0
Repeater1[0]<--->HoM1[0]
REAL
  0.344238 0.00803659 0.00944872  0.0693055
0.00803659   0.153661 -0.0065232 0.00395086
0.00944872 -0.0065232   0.154562  0.0035563
 0.0693055 0.00395086  0.0035563   0.347539
IMAGINARY
          0  0.00931609 -0.00675582 -0.00143091
-0.00931609           0 -0.00217919  0.00308905
 0.00675582  0.00217919           0 -0.00447596
 0.00143091 -0.00308905  0.00447596           0
EndNode1[0]<--->Repeater1[0]
REAL
   0.343293   0.0069345 -0.00255463   0.0648224
  0.0069345     0.14879 0.000982934 -0.00435643
-0.00255463 0.000982934    0.155662 -0.00813642
  0.0648224 -0.00435643 -0.00813642    0.352256
IMAGINARY
          0 -0.00654187  0.00557374  0.00937319
 0.00654187           0 -0.00739088  -0.0060265
-0.00557374  0.00739088           0  -0.0156435
-0.00937319   0.0060265   0.0156435           0
EndNode2[0]<--->HoM1[0]
REAL
   0.338568  0.00438447 -0.00510226   0.0559437
 0.00438447     0.14353 -0.00184833 -0.00406645
-0.00510226 -0.00184833    0.159548  0.00142238
  0.0559437 -0.00406645  0.00142238    0.358354
IMAGINARY
           0   0.00268555  -0.00102536  -0.00195155
 -0.00268555            0   0.00225257  0.000262932
  0.00102536  -0.00225257            0 -0.000703237
  0.00195155 -0.000262932  0.000703237            0
Repeater1[0]<--->EndNode1[0]
REAL
   0.343293 -0.00255463   0.0069345   0.0648224
-0.00255463    0.155662 0.000982934 -0.00813642
  0.0069345 0.000982934     0.14879 -0.00435643
  0.0648224 -0.00813642 -0.00435643    0.352256
IMAGINARY
          0  0.00557374 -0.00654187  0.00937319
-0.00557374           0  0.00739088  -0.0156435
 0.00654187 -0.00739088           0  -0.0060265
-0.00937319   0.0156435   0.0060265           0
Repeater1[0]<--->HoM1[0]
REAL
   0.338568 -0.00510226  0.00438447   0.0559437
-0.00510226    0.159548 -0.00184833  0.00142238
 0.00438447 -0.00184833     0.14353 -0.00406645
  0.0559437  0.00142238 -0.00406645    0.358354
IMAGINARY
           0  -0.00102536   0.00268555  -0.00195155
  0.00102536            0  -0.00225257 -0.000703237
 -0.00268555   0.00225257            0  0.000262932
  0.00195155  0.000703237 -0.000262932            0
EndNode1[0]<--->Repeater1[0]
REAL
   0.342113 -0.00296972 -0.00868249   0.0689229
-0.00296972    0.157155 0.000995535   -0.010194
-0.00868249 0.000995535    0.149839 -0.00986628
  0.0689229   -0.010194 -0.00986628    0.350893
IMAGINARY
          0  0.00224849 -0.00554746  -0.0066167
-0.00224849           0   0.0100097  0.00569874
 0.00554746  -0.0100097           0 -0.00179463
  0.0066167 -0.00569874  0.00179463           0
EndNode2[0]<--->HoM1[0]
REAL
   0.337987 -0.00251003  0.00172841   0.0663027
-0.00251003    0.148051  0.00970719  -0.0120584
 0.00172841  0.00970719    0.153287 -0.00751155
  0.0663027  -0.0120584 -0.00751155    0.360675
IMAGINARY
          0  0.00382008  0.00126495 -0.00438436
-0.00382008           0   0.0107397 -0.00433602
-0.00126495  -0.0107397           0  0.00217583
 0.00438436  0.00433602 -0.00217583           0
Repeater1[0]<--->EndNode1[0]
REAL
   0.342113 -0.00868249 -0.00296972   0.0689229
-0.00868249    0.149839 0.000995535 -0.00986628
-0.00296972 0.000995535    0.157155   -0.010194
  0.0689229 -0.00986628   -0.010194    0.350893
IMAGINARY
          0 -0.00554746  0.00224849  -0.0066167
 0.00554746           0  -0.0100097 -0.00179463
-0.00224849   0.0100097           0  0.00569874
  0.0066167  0.00179463 -0.00569874           0
Repeater1[0]<--->HoM1[0]
REAL
   0.337987  0.00172841 -0.00251003   0.0663027
 0.00172841    0.153287  0.00970719 -0.00751155
-0.00251003  0.00970719    0.148051  -0.0120584
  0.0663027 -0.00751155  -0.0120584    0.360675
IMAGINARY
          0  0.00126495  0.00382008 -0.00438436
-0.00126495           0  -0.0107397  0.00217583
-0.00382008   0.0107397           0 -0.00433602
 0.00438436 -0.00217583  0.00433602           0
EndNode1[0]<--->Repeater1[0]
REAL
    0.33693  0.00954193 -0.00480736    0.069431
 0.00954193    0.163669 -0.00760556 -0.00706436
-0.00480736 -0.00760556    0.157074  -0.0019872
   0.069431 -0.00706436  -0.0019872    0.342326
IMAGINARY
          0 -0.00202014 -0.00582829   0.0114967
 0.00202014           0  -0.0079295 -0.00332165
 0.00582829   0.0079295           0   0.0138265
 -0.0114967  0.00332165  -0.0138265           0
EndNode2[0]<--->HoM1[0]
REAL
    0.343338    0.0103725   0.00393108    0.0548185
   0.0103725     0.144564  -0.00174255 -1.06984e-05
  0.00393108  -0.00174255     0.140888    0.0056106
   0.0548185 -1.06984e-05    0.0056106      0.37121
IMAGINARY
           0   -0.0033182 -8.61883e-05 -0.000412614
   0.0033182            0   -0.0115237  -0.00428787
 8.61883e-05    0.0115237            0  -0.00316747
 0.000412614   0.00428787   0.00316747            0
Repeater1[0]<--->EndNode1[0]
REAL
    0.33693 -0.00480736  0.00954193    0.069431
-0.00480736    0.157074 -0.00760556  -0.0019872
 0.00954193 -0.00760556    0.163669 -0.00706436
   0.069431  -0.0019872 -0.00706436    0.342326
IMAGINARY
          0 -0.00582829 -0.00202014   0.0114967
 0.00582829           0   0.0079295   0.0138265
 0.00202014  -0.0079295           0 -0.00332165
 -0.0114967  -0.0138265  0.00332165           0
Repeater1[0]<--->HoM1[0]
REAL
    0.343338   0.00393108    0.0103725    0.0548185
  0.00393108     0.140888  -0.00174255    0.0056106
   0.0103725  -0.00174255     0.144564 -1.06984e-05
   0.0548185    0.0056106 -1.06984e-05      0.37121
IMAGINARY
           0 -8.61883e-05   -0.0033182 -0.000412614
 8.61883e-05            0    0.0115237  -0.00316747
   0.0033182   -0.0115237            0  -0.00428787
 0.000412614   0.00316747   0.00428787            0
EndNode1[0]<--->Repeater1[0]
REAL
    0.35183 -0.00452233 -0.00567825   0.0693563
-0.00452233    0.146426 -0.00332431   0.0038355
-0.00567825 -0.00332431    0.149041  -0.0031558
  0.0693563   0.0038355  -0.0031558    0.352702
IMAGINARY
           0   0.00347741  -0.00301046   0.00254545
 -0.00347741            0 -0.000909037   0.00829907
  0.00301046  0.000909037            0   0.00392664
 -0.00254545  -0.00829907  -0.00392664            0
EndNode2[0]<--->HoM1[0]
REAL
    0.349059   0.00256244   0.00479451    0.0601999
  0.00256244     0.154673  -0.00407285  -0.00706379
  0.00479451  -0.00407285     0.147805 -0.000898292
   0.0601999  -0.00706379 -0.000898292     0.348462
IMAGINARY
           0   0.00151323   0.00354409    0.0055469
 -0.00151323            0   0.00065511   0.00158567
 -0.00354409  -0.00065511            0 -0.000607981
  -0.0055469  -0.00158567  0.000607981            0
Repeater1[0]<--->EndNode1[0]
REAL
    0.35183 -0.00567825 -0.00452233   0.0693563
-0.00567825    0.149041 -0.00332431  -0.0031558
-0.00452233 -0.00332431    0.146426   0.0038355
  0.0693563  -0.0031558   0.0038355    0.352702
IMAGINARY
           0  -0.00301046   0.00347741   0.00254545
  0.00301046            0  0.000909037   0.00392664
 -0.00347741 -0.000909037            0   0.00829907
 -0.00254545  -0.00392664  -0.00829907            0
Repeater1[0]<--->HoM1[0]
REAL
    0.349059   0.00479451   0.00256244    0.0601999
  0.00479451     0.147805  -0.00407285 -0.000898292
  0.00256244  -0.00407285     0.154673  -0.00706379
   0.0601999 -0.000898292  -0.00706379     0.348462
IMAGINARY
           0   0.00354409   0.00151323    0.0055469
 -0.00354409            0  -0.00065511 -0.000607981
 -0.00151323   0.00065511            0   0.00158567
  -0.0055469  0.000607981  -0.00158567            0
EndNode1[0]<--->Repeater1[0]
REAL
   0.348795 0.000840965  0.00346662   0.0725882
0.000840965    0.150137  0.00623533  -0.0125843
 0.00346662  0.00623533    0.157766  -0.0111351
  0.0725882  -0.0125843  -0.0111351    0.343302
IMAGINARY
           0    0.0110811   0.00650935  -0.00795413
  -0.0110811            0   0.00395413  0.000626998
 -0.00650935  -0.00395413            0   0.00607653
  0.00795413 -0.000626998  -0.00607653            0
EndNode2[0]<--->HoM1[0]
REAL
   0.343496  -0.0068366  0.00584897   0.0698875
 -0.0068366     0.14489  0.00529714  0.00995606
 0.00584897  0.00529714    0.154472 -0.00099206
  0.0698875  0.00995606 -0.00099206    0.357143
IMAGINARY
          0 -0.00203229 -0.00489637  0.00481439
 0.00203229           0 -0.00275435  0.00934559
 0.00489637  0.00275435           0 -0.00763326
-0.00481439 -0.00934559  0.00763326           0
Repeater1[0]<--->EndNode1[0]
REAL
   0.348795  0.00346662 0.000840965   0.0725882
 0.00346662    0.157766  0.00623533  -0.0111351
0.000840965  0.00623533    0.150137  -0.0125843
  0.0725882  -0.0111351  -0.0125843    0.343302
IMAGINARY
           0   0.00650935    0.0110811  -0.00795413
 -0.00650935            0  -0.00395413   0.00607653
  -0.0110811   0.00395413            0  0.000626998
  0.00795413  -0.00607653 -0.000626998            0
Repeater1[0]<--->HoM1[0]
REAL
   0.343496  0.00584897  -0.0068366   0.0698875
 0.00584897    0.154472  0.00529714 -0.00099206
 -0.0068366  0.00529714     0.14489  0.00995606
  0.0698875 -0.00099206  0.00995606    0.357143
IMAGINARY
          0 -0.00489637 -0.00203229  0.00481439
 0.00489637           0  0.00275435 -0.00763326
 0.00203229 -0.00275435           0  0.00934559
-0.00481439  0.00763326 -0.00934559           0
EndNode1[0]<--->Repeater1[0]
REAL
   0.355812  0.00941387  0.00124466   0.0734173
 0.00941387    0.140491 -0.00485547  0.00285993
 0.00124466 -0.00485547    0.154984 -0.00318097
  0.0734173  0.00285993 -0.00318097    0.348713
IMAGINARY
           0   -0.0116196   0.00912048   0.00983601
   0.0116196            0    0.0104363  0.000491965
 -0.00912048   -0.0104363            0   0.00200719
 -0.00983601 -0.000491965  -0.00200719            0
EndNode2[0]<--->HoM1[0]
REAL
   0.347139  -0.0112301 -0.00230396   0.0708612
 -0.0112301    0.152265  0.00303116  0.00126322
-0.00230396  0.00303116    0.149583  -0.0127068
  0.0708612  0.00126322  -0.0127068    0.351013
IMAGINARY
           0  -0.00379986   0.00454864    0.0100877
  0.00379986            0 -0.000996786   0.00319036
 -0.00454864  0.000996786            0  0.000309726
  -0.0100877  -0.00319036 -0.000309726            0
Repeater1[0]<--->EndNode1[0]
REAL
   0.355812  0.00124466  0.00941387   0.0734173
 0.00124466    0.154984 -0.00485547 -0.00318097
 0.00941387 -0.00485547    0.140491  0.00285993
  0.0734173 -0.00318097  0.00285993    0.348713
IMAGINARY
           0   0.00912048   -0.0116196   0.00983601
 -0.00912048            0   -0.0104363   0.00200719
   0.0116196    0.0104363            0  0.000491965
 -0.00983601  -0.00200719 -0.000491965            0
Repeater1[0]<--->HoM1[0]
REAL
   0.347139 -0.00230396  -0.0112301   0.0708612
-0.00230396    0.149583  0.00303116  -0.0127068
 -0.0112301  0.00303116    0.152265  0.00126322
  0.0708612  -0.0127068  0.00126322    0.351013
IMAGINARY
           0   0.00454864  -0.00379986    0.0100877
 -0.00454864            0  0.000996786  0.000309726
  0.00379986 -0.000996786            0   0.00319036
  -0.0100877 -0.000309726  -0.00319036            0
EndNode1[0]<--->Repeater1[0]
REAL
   0.351852 -0.00123289 -0.00603015   0.0704046
-0.00123289    0.150031 -0.00212391  0.00269585
-0.00603015 -0.00212391    0.142812  -0.0110895
  0.0704046  0.00269585  -0.0110895    0.355304
IMAGINARY
          0 -0.00597255  -0.0101785 -0.00549022
 0.00597255           0 -0.00217896 -0.00167862
  0.0101785  0.00217896           0  0.00243082
 0.00549022  0.00167862 -0.00243082           0
EndNode2[0]<--->HoM1[0]
REAL
   0.349281  3.8052e-06 -0.00344985   0.0790971
 3.8052e-06    0.160845 -0.00216252  0.00748332
-0.00344985 -0.00216252    0.152627 -0.00254339
  0.0790971  0.00748332 -0.00254339    0.337247
IMAGINARY
           0   0.00713473    0.0051985  -0.00277669
 -0.00713473            0  -0.00381189 -0.000436593
  -0.0051985   0.00381189            0  -0.00728834
  0.00277669  0.000436593   0.00728834            0
Repeater1[0]<--->EndNode1[0]
REAL
   0.351852 -0.00603015 -0.00123289   0.0704046
-0.00603015    0.142812 -0.00212391  -0.0110895
-0.00123289 -0.00212391    0.150031  0.00269585
  0.0704046  -0.0110895  0.00269585    0.355304
IMAGINARY
          0  -0.0101785 -0.00597255 -0.00549022
  0.0101785           0  0.00217896  0.00243082
 0.00597255 -0.00217896           0 -0.00167862
 0.00549022 -0.00243082  0.00167862           0
Repeater1[0]<--->HoM1[0]
REAL
   0.349281 -0.00344985  3.8052e-06   0.0790971
-0.00344985    0.152627 -0.00216252 -0.00254339
 3.8052e-06 -0.00216252    0.160845  0.00748332
  0.0790971 -0.00254339  0.00748332    0.337247
IMAGINARY
           0    0.0051985   0.00713473  -0.00277669
  -0.0051985            0   0.00381189  -0.00728834
 -0.00713473  -0.00381189            0 -0.000436593
  0.00277669   0.00728834  0.000436593            0
EndNode1[0]<--->Repeater1[0]
REAL
   0.362079 0.000702689   0.0109876   0.0628868
0.000702689    0.142428  0.00387876 -0.00327242
  0.0109876  0.00387876    0.148438   0.0111667
  0.0628868 -0.00327242   0.0111667    0.347055
IMAGINARY
           0  -0.00867936   0.00147994    -0.004208
  0.00867936            0 -0.000573834  -0.00162933
 -0.00147994  0.000573834            0    0.0046459
    0.004208   0.00162933   -0.0046459            0
EndNode2[0]<--->HoM1[0]
REAL
   0.344134 -0.00033637 -0.00950071   0.0755528
-0.00033637    0.159916  0.00330023 -0.00394015
-0.00950071  0.00330023    0.150915 -0.00832552
  0.0755528 -0.00394015 -0.00832552    0.345035
IMAGINARY
           0    0.0109167   -0.0105376  -0.00754408
  -0.0109167            0  0.000976917   -0.0031236
   0.0105376 -0.000976917            0  -0.00909518
  0.00754408    0.0031236   0.00909518            0
Repeater1[0]<--->EndNode1[0]
REAL
   0.362079   0.0109876 0.000702689   0.0628868
  0.0109876    0.148438  0.00387876   0.0111667
0.000702689  0.00387876    0.142428 -0.00327242
  0.0628868   0.0111667 -0.00327242    0.347055
IMAGINARY
           0   0.00147994  -0.00867936    -0.004208
 -0.00147994            0  0.000573834    0.0046459
  0.00867936 -0.000573834            0  -0.00162933
    0.004208   -0.0046459   0.00162933            0
Repeater1[0]<--->HoM1[0]
REAL
   0.344134 -0.00950071 -0.00033637   0.0755528
-0.00950071    0.150915  0.00330023 -0.00832552
-0.00033637  0.00330023    0.159916 -0.00394015
  0.0755528 -0.00832552 -0.00394015    0.345035
IMAGINARY
           0   -0.0105376    0.0109167  -0.00754408
   0.0105376            0 -0.000976917  -0.00909518
  -0.0109167  0.000976917            0   -0.0031236
  0.00754408   0.00909518    0.0031236            0
EndNode1[0]<--->Repeater1[0]
REAL
   0.348858 -0.00521496  0.00784506   0.0615408
-0.00521496    0.156333  0.00658421 -0.00222006
 0.00784506  0.00658421    0.146544 -0.00666004
  0.0615408 -0.00222006 -0.00666004    0.348265
IMAGINARY
           0  0.000512268  0.000529237   0.00106133
-0.000512268            0   0.00855983  -0.00936422
-0.000529237  -0.00855983            0   -0.0126416
 -0.00106133   0.00936422    0.0126416            0
EndNode2[0]<--->HoM1[0]
REAL
     0.35381   -0.0106977   -0.0102849    0.0672375
  -0.0106977     0.147372  -0.00423481 -0.000587917
  -0.0102849  -0.00423481     0.147962   0.00131432
   0.0672375 -0.000587917   0.00131432     0.350856
IMAGINARY
           0    0.0106871  -0.00214913    0.0119936
  -0.0106871            0  -0.00218971  0.000465629
  0.00214913   0.00218971            0  -0.00226955
  -0.0119936 -0.000465629   0.00226955            0
Repeater1[0]<--->EndNode1[0]
REAL
   0.348858  0.00784506 -0.00521496   0.0615408
 0.00784506    0.146544  0.00658421 -0.00666004
-0.00521496  0.00658421    0.156333 -0.00222006
  0.0615408 -0.00666004 -0.00222006    0.348265
IMAGINARY
           0  0.000529237  0.000512268   0.00106133
-0.000529237            0  -0.00855983   -0.0126416
-0.000512268   0.00855983            0  -0.00936422
 -0.00106133    0.0126416   0.00936422            0
Repeater1[0]<--->HoM1[0]
REAL
     0.35381   -0.0102849   -0.0106977    0.0672375
