EndNode[0]<--->HoM[0]
REAL
   0.435378 0.000462177 0.000680786    0.356188
0.000462177   0.0681954  0.00415039 -0.00340146
0.000680786  0.00415039   0.0687909  0.00407229
   0.356188 -0.00340146  0.00407229    0.427635
IMAGINARY
           0  -0.00161938    0.0068238   0.00326326
  0.00161938            0  -0.00218468 -0.000621791
  -0.0068238   0.00218468            0  -0.00192463
 -0.00326326  0.000621791   0.00192463            0
EndNode[1]<--->HoM[1]
REAL
     0.43249  0.000456488  -0.00444321     0.348959
 0.000456488    0.0752819   0.00280473 -0.000338619
 -0.00444321   0.00280473    0.0633953  -0.00165195
    0.348959 -0.000338619  -0.00165195     0.428833
IMAGINARY
           0   -0.0107962   0.00120164  0.000917779
   0.0107962            0   0.00179961  -0.00135014
 -0.00120164  -0.00179961            0   0.00262866
-0.000917779   0.00135014  -0.00262866            0
repeater[0]<--->HoM[0]
REAL
   0.435378 0.000680786 0.000462177    0.356188
0.000680786   0.0687909  0.00415039  0.00407229
0.000462177  0.00415039   0.0681954 -0.00340146
   0.356188  0.00407229 -0.00340146    0.427635
IMAGINARY
           0    0.0068238  -0.00161938   0.00326326
  -0.0068238            0   0.00218468  -0.00192463
  0.00161938  -0.00218468            0 -0.000621791
 -0.00326326   0.00192463  0.000621791            0
repeater[0]<--->HoM[1]
REAL
     0.43249  -0.00444321  0.000456488     0.348959
 -0.00444321    0.0633953   0.00280473  -0.00165195
 0.000456488   0.00280473    0.0752819 -0.000338619
    0.348959  -0.00165195 -0.000338619     0.428833
IMAGINARY
           0   0.00120164   -0.0107962  0.000917779
 -0.00120164            0  -0.00179961   0.00262866
   0.0107962   0.00179961            0  -0.00135014
-0.000917779  -0.00262866   0.00135014            0
EndNode[0]<--->HoM[0]
REAL
   0.416692 -0.00708465 -0.00326492    0.415144
-0.00708465   0.0816388    0.084856 -0.00649262
-0.00326492    0.084856   0.0843703 -0.00267289
   0.415144 -0.00649262 -0.00267289    0.417299
IMAGINARY
           0  -0.00668251  0.000951871  -0.00358277
  0.00668251            0  -0.00553531  -0.00234549
-0.000951871   0.00553531            0  0.000643493
  0.00358277   0.00234549 -0.000643493            0
EndNode[1]<--->HoM[1]
REAL
  0.412387 0.00470817 0.00879373   0.422011
0.00470817  0.0758308  0.0779886 0.00230405
0.00879373  0.0779886  0.0767372 0.00638961
  0.422011 0.00230405 0.00638961   0.435045
IMAGINARY
          0  -0.0073773  0.00136354 -0.00357169
  0.0073773           0  0.00327354  0.00450819
-0.00136354 -0.00327354           0  0.00150557
 0.00357169 -0.00450819 -0.00150557           0
repeater[0]<--->HoM[0]
REAL
   0.416692 -0.00326492 -0.00708465    0.415144
-0.00326492   0.0843703    0.084856 -0.00267289
-0.00708465    0.084856   0.0816388 -0.00649262
   0.415144 -0.00267289 -0.00649262    0.417299
IMAGINARY
           0  0.000951871  -0.00668251  -0.00358277
-0.000951871            0   0.00553531  0.000643493
  0.00668251  -0.00553531            0  -0.00234549
  0.00358277 -0.000643493   0.00234549            0
repeater[0]<--->HoM[1]
REAL
  0.412387 0.00879373 0.00470817   0.422011
0.00879373  0.0767372  0.0779886 0.00638961
0.00470817  0.0779886  0.0758308 0.00230405
  0.422011 0.00638961 0.00230405   0.435045
IMAGINARY
          0  0.00136354  -0.0073773 -0.00357169
-0.00136354           0 -0.00327354  0.00150557
  0.0073773  0.00327354           0  0.00450819
 0.00357169 -0.00150557 -0.00450819           0
EndNode[0]<--->HoM[0]
REAL
   0.416692 -0.00708465 -0.00326492    0.415144
-0.00708465   0.0816388    0.084856 -0.00649262
-0.00326492    0.084856   0.0843703 -0.00267289
   0.415144 -0.00649262 -0.00267289    0.417299
IMAGINARY
           0  -0.00668251  0.000951871  -0.00358277
  0.00668251            0  -0.00553531  -0.00234549
-0.000951871   0.00553531            0  0.000643493
  0.00358277   0.00234549 -0.000643493            0
EndNode[1]<--->HoM[1]
REAL
  0.412387 0.00470817 0.00879373   0.422011
0.00470817  0.0758308  0.0779886 0.00230405
0.00879373  0.0779886  0.0767372 0.00638961
  0.422011 0.00230405 0.00638961   0.435045
IMAGINARY
          0  -0.0073773  0.00136354 -0.00357169
  0.0073773           0  0.00327354  0.00450819
-0.00136354 -0.00327354           0  0.00150557
 0.00357169 -0.00450819 -0.00150557           0
repeater[0]<--->HoM[0]
REAL
   0.416692 -0.00326492 -0.00708465    0.415144
-0.00326492   0.0843703    0.084856 -0.00267289
-0.00708465    0.084856   0.0816388 -0.00649262
   0.415144 -0.00267289 -0.00649262    0.417299
IMAGINARY
           0  0.000951871  -0.00668251  -0.00358277
-0.000951871            0   0.00553531  0.000643493
  0.00668251  -0.00553531            0  -0.00234549
  0.00358277 -0.000643493   0.00234549            0
repeater[0]<--->HoM[1]
REAL
  0.412387 0.00879373 0.00470817   0.422011
0.00879373  0.0767372  0.0779886 0.00638961
0.00470817  0.0779886  0.0758308 0.00230405
  0.422011 0.00638961 0.00230405   0.435045
IMAGINARY
          0  0.00136354  -0.0073773 -0.00357169
-0.00136354           0 -0.00327354  0.00150557
  0.0073773  0.00327354           0  0.00450819
 0.00357169 -0.00150557 -0.00450819           0
EndNode[0]<--->HoM[0]
REAL
  0.465278 -0.0252743 -0.0218613   0.395131
-0.0252743  0.0590278   0.104869  0.0139749
-0.0218613   0.104869  0.0763889  0.0173878
  0.395131  0.0139749  0.0173878   0.399306
IMAGINARY
          0  0.00942855   0.0136814  -0.0387675
-0.00942855           0   0.0105283  -0.0118088
 -0.0136814  -0.0105283           0   0.0111707
  0.0387675   0.0118088  -0.0111707           0
EndNode[1]<--->HoM[1]
REAL
   0.428571  -0.0163346 -0.00599315    0.406032
 -0.0163346   0.0749415   0.0939675  -0.0356735
-0.00599315   0.0939675   0.0608899   -0.025332
   0.406032  -0.0356735   -0.025332    0.435597
IMAGINARY
          0  0.00152614  -0.0135016  -0.0196192
-0.00152614           0  0.00163359 -0.00622001
  0.0135016 -0.00163359           0   0.0112349
  0.0196192  0.00622001  -0.0112349           0
repeater[0]<--->HoM[0]
REAL
  0.445652 -0.0240864 -0.0210438   0.417323
-0.0240864  0.0833333  0.0826772  0.0210438
-0.0210438  0.0826772  0.0688406  0.0240864
  0.417323  0.0210438  0.0240864   0.402174
IMAGINARY
          0   0.0144788  0.00587882  -0.0394473
 -0.0144788           0  -0.0168667   0.0177432
-0.00587882   0.0168667           0  -0.0144788
  0.0394473  -0.0177432   0.0144788           0
repeater[0]<--->HoM[1]
REAL
   0.429234 -0.00278096  -0.0131224    0.407925
-0.00278096   0.0603248   0.0920746  -0.0221199
 -0.0131224   0.0920746   0.0742459  -0.0324613
   0.407925  -0.0221199  -0.0324613    0.436195
IMAGINARY
           0    -0.014713  0.000390386   -0.0196192
    0.014713            0  -0.00163359    0.0100991
-0.000390386   0.00163359            0  -0.00743148
   0.0196192   -0.0100991   0.00743148            0
EndNode[0]<--->HoM[0]
REAL
    0.42996  -0.0084582 -0.00484667    0.418727
 -0.0084582   0.0820419   0.0812726 -0.00327119
-0.00484667   0.0812726   0.0805226 0.000340342
   0.418727 -0.00327119 0.000340342    0.407475
IMAGINARY
          0 -0.00405999  0.00399534 -0.00484887
 0.00405999           0  0.00623562    0.004147
-0.00399534 -0.00623562           0 -0.00317764
 0.00484887   -0.004147  0.00317764           0
EndNode[1]<--->HoM[1]
REAL
   0.429124  0.00667414 -0.00332371    0.413004
 0.00667414   0.0753425   0.0869955  0.00521931
-0.00332371   0.0869955    0.083383 -0.00477854
   0.413004  0.00521931 -0.00477854     0.41215
IMAGINARY
           0  0.000672646  0.000431495    0.0035635
-0.000672646            0 -0.000527676   0.00300647
-0.000431495  0.000527676            0  0.000672646
  -0.0035635  -0.00300647 -0.000672646            0
repeater[0]<--->HoM[0]
REAL
    0.42996 -0.00484667  -0.0084582    0.418727
-0.00484667   0.0805226   0.0812726 0.000340342
 -0.0084582   0.0812726   0.0820419 -0.00327119
   0.418727 0.000340342 -0.00327119    0.407475
IMAGINARY
          0  0.00399534 -0.00405999 -0.00484887
-0.00399534           0 -0.00623562 -0.00317764
 0.00405999  0.00623562           0    0.004147
 0.00484887  0.00317764   -0.004147           0
repeater[0]<--->HoM[1]
REAL
   0.429124 -0.00332371  0.00667414    0.413004
-0.00332371    0.083383   0.0869955 -0.00477854
 0.00667414   0.0869955   0.0753425  0.00521931
   0.413004 -0.00477854  0.00521931     0.41215
IMAGINARY
           0  0.000431495  0.000672646    0.0035635
-0.000431495            0  0.000527676  0.000672646
-0.000672646 -0.000527676            0   0.00300647
  -0.0035635 -0.000672646  -0.00300647            0
EndNode[0]<--->HoM[0]
REAL
    0.42996  -0.0084582 -0.00484667    0.418727
 -0.0084582   0.0820419   0.0812726 -0.00327119
-0.00484667   0.0812726   0.0805226 0.000340342
   0.418727 -0.00327119 0.000340342    0.407475
IMAGINARY
          0 -0.00405999  0.00399534 -0.00484887
 0.00405999           0  0.00623562    0.004147
-0.00399534 -0.00623562           0 -0.00317764
 0.00484887   -0.004147  0.00317764           0
EndNode[1]<--->HoM[1]
REAL
   0.429124  0.00667414 -0.00332371    0.413004
 0.00667414   0.0753425   0.0869955  0.00521931
-0.00332371   0.0869955    0.083383 -0.00477854
   0.413004  0.00521931 -0.00477854     0.41215
IMAGINARY
           0  0.000672646  0.000431495    0.0035635
-0.000672646            0 -0.000527676   0.00300647
-0.000431495  0.000527676            0  0.000672646
  -0.0035635  -0.00300647 -0.000672646            0
repeater[0]<--->HoM[0]
REAL
    0.42996 -0.00484667  -0.0084582    0.418727
-0.00484667   0.0805226   0.0812726 0.000340342
 -0.0084582   0.0812726   0.0820419 -0.00327119
   0.418727 0.000340342 -0.00327119    0.407475
IMAGINARY
          0  0.00399534 -0.00405999 -0.00484887
-0.00399534           0 -0.00623562 -0.00317764
 0.00405999  0.00623562           0    0.004147
 0.00484887  0.00317764   -0.004147           0
repeater[0]<--->HoM[1]
REAL
   0.429124 -0.00332371  0.00667414    0.413004
-0.00332371    0.083383   0.0869955 -0.00477854
 0.00667414   0.0869955   0.0753425  0.00521931
   0.413004 -0.00477854  0.00521931     0.41215
IMAGINARY
           0  0.000431495  0.000672646    0.0035635
-0.000431495            0  0.000527676  0.000672646
-0.000672646 -0.000527676            0   0.00300647
  -0.0035635 -0.000672646  -0.00300647            0
EndNode[0]<--->HoM[0]
REAL
    0.435123  -0.00616911 -1.22097e-06     0.403376
 -0.00616911    0.0805369     0.096624 -0.000552489
-1.22097e-06     0.096624    0.0782998    0.0056154
    0.403376 -0.000552489    0.0056154      0.40604
IMAGINARY
          0  -0.0260351 -0.00631422  -0.0107357
  0.0260351           0   0.0112982    0.037164
 0.00631422  -0.0112982           0  -0.0024864
  0.0107357   -0.037164   0.0024864           0
EndNode[1]<--->HoM[1]
REAL
  0.441088 0.00342745 -0.0152232   0.412887
0.00342745  0.0679758   0.087113 0.00621094
-0.0152232   0.087113  0.0800604 -0.0124397
  0.412887 0.00621094 -0.0124397   0.410876
IMAGINARY
           0   0.00526611 -0.000479872   0.00790591
 -0.00526611            0  -0.00231307    0.0152387
 0.000479872   0.00231307            0   0.00157335
 -0.00790591   -0.0152387  -0.00157335            0
repeater[0]<--->HoM[0]
REAL
    0.436182 -0.000560486  -0.00672838     0.403846
-0.000560486    0.0776915    0.0961538   0.00505614
 -0.00672838    0.0961538    0.0799112  -0.00111175
    0.403846   0.00505614  -0.00111175     0.406215
IMAGINARY
          0 -0.00658762  -0.0263431  -0.0107357
 0.00658762           0  -0.0112982 -0.00279439
  0.0263431   0.0112982           0   0.0368906
  0.0107357  0.00279439  -0.0368906           0
repeater[0]<--->HoM[1]
REAL
  0.439245 -0.0150523 0.00359832   0.412293
-0.0150523       0.08  0.0877067 -0.0122688
0.00359832  0.0877067  0.0679245 0.00638181
  0.412293 -0.0122688 0.00638181    0.41283
IMAGINARY
           0  -0.00120939   0.00454228   0.00790591
  0.00120939            0   0.00231307  0.000849521
 -0.00454228  -0.00231307            0    0.0145092
 -0.00790591 -0.000849521   -0.0145092            0
EndNode[0]<--->HoM[0]
REAL
   0.432749  -0.0149242  -0.0021052    0.407332
 -0.0149242   0.0779727    0.092668  -0.0189369
 -0.0021052    0.092668   0.0896686 -0.00611791
   0.407332  -0.0189369 -0.00611791     0.39961
IMAGINARY
           0   -0.0359701 -0.000737485  -0.00386271
   0.0359701            0  -0.00694279    0.0445257
 0.000737485   0.00694279            0  -0.00578142
  0.00386271   -0.0445257   0.00578142            0
EndNode[1]<--->HoM[1]
REAL
   0.462687  -0.0011272 -0.00999053    0.417328
 -0.0011272   0.0678426    0.082672 -0.00581225
-0.00999053    0.082672   0.0773406  -0.0146756
   0.417328 -0.00581225  -0.0146756     0.39213
IMAGINARY
          0 -0.00335639   0.0175278   0.0209269
 0.00335639           0 -0.00275731    0.015541
 -0.0175278  0.00275731           0   0.0060019
 -0.0209269   -0.015541  -0.0060019           0
repeater[0]<--->HoM[0]
REAL
   0.438356 -0.00368093  -0.0164999    0.403226
-0.00368093   0.0900196   0.0967742 -0.00769364
 -0.0164999   0.0967742   0.0782779  -0.0205126
   0.403226 -0.00769364  -0.0205126    0.393346
IMAGINARY
           0  0.000553905   -0.0342476  -0.00386271
-0.000553905            0   0.00694279  -0.00405889
   0.0342476  -0.00694279            0    0.0458171
  0.00386271   0.00405889   -0.0458171            0
repeater[0]<--->HoM[1]
REAL
   0.463514   -0.011535 -0.00267165    0.420667
  -0.011535    0.077027   0.0793333    -0.01622
-0.00267165   0.0793333   0.0675676 -0.00735671
   0.420667    -0.01622 -0.00735671    0.391892
IMAGINARY
          0   0.0169934 -0.00401248   0.0209269
 -0.0169934           0  0.00275731  0.00534581
 0.00401248 -0.00275731           0   0.0150066
 -0.0209269 -0.00534581  -0.0150066           0
EndNode[0]<--->HoM[0]
REAL
   0.430808  -0.0149305 -0.00521509    0.416197
 -0.0149305   0.0787879   0.0838032 -0.00747526
-0.00521509   0.0838032   0.0853535  0.00224016
   0.416197 -0.00747526  0.00224016    0.405051
IMAGINARY
           0    -0.013572 -0.000916072  -0.00472109
    0.013572            0     0.015539    0.0139863
 0.000916072    -0.015539            0   -0.0030861
  0.00472109   -0.0139863    0.0030861            0
EndNode[1]<--->HoM[1]
REAL
   0.426033  0.00332828 -0.00740041     0.41314
 0.00332828   0.0751623   0.0868601   0.0037264
-0.00740041   0.0868601   0.0819952  -0.0070023
    0.41314   0.0037264  -0.0070023    0.416809
IMAGINARY
           0   0.00267867 -0.000900481   0.00805581
 -0.00267867            0    0.0021695   0.00601993
 0.000900481   -0.0021695            0  5.17026e-05
 -0.00805581  -0.00601993 -5.17026e-05            0
repeater[0]<--->HoM[0]
REAL
    0.42908 -0.00524096  -0.0149564    0.418557
-0.00524096   0.0859176   0.0814433  0.00221429
 -0.0149564   0.0814433   0.0793086 -0.00750114
   0.418557  0.00221429 -0.00750114    0.405694
IMAGINARY
          0 -0.00126561  -0.0140059 -0.00472109
 0.00126561           0   -0.015539 -0.00351992
  0.0140059    0.015539           0   0.0136367
 0.00472109  0.00351992  -0.0136367           0
repeater[0]<--->HoM[1]
REAL
    0.42535 -0.00706541  0.00366329    0.413422
-0.00706541   0.0819952   0.0865779 -0.00666729
 0.00366329   0.0865779   0.0751623   0.0040614
   0.413422 -0.00666729   0.0040614    0.417492
IMAGINARY
           0  -0.00124026   0.00233808   0.00805581
  0.00124026            0   -0.0021695 -0.000288895
 -0.00233808    0.0021695            0   0.00568015
 -0.00805581  0.000288895  -0.00568015            0
