EndNode[0]<--->repeater[0]
REAL
   0.208861 -0.00589267  -0.0179641    0.131718
-0.00589267    0.151899    0.134749  -0.0389222
 -0.0179641    0.134749     0.28481 -0.00907739
   0.131718  -0.0389222 -0.00907739     0.35443
IMAGINARY
          0  -0.0391943 -0.00402711  -0.0469705
  0.0391943           0   0.0375365   -0.017185
 0.00402711  -0.0375365           0 -0.00626021
  0.0469705    0.017185  0.00626021           0
EndNode[1]<--->repeater[1]
REAL
  0.459686  0.0205051 0.00663618   0.422269
 0.0205051  0.0303665 0.00163376  0.0358028
0.00663618 0.00163376  0.0209424  0.0160803
  0.422269  0.0358028  0.0160803   0.489005
IMAGINARY
           0   -0.0103521   0.00976994  -0.00780924
   0.0103521            0 -0.000195028  -0.00183343
 -0.00976994  0.000195028            0   0.00770659
  0.00780924   0.00183343  -0.00770659            0
EndNode[2]<--->repeater[0]
REAL
    0.484875   0.00486294  -0.00745543      0.44977
  0.00486294    0.0231317   0.00469587   0.00482846
 -0.00745543   0.00469587     0.022242 -0.000484655
     0.44977   0.00482846 -0.000484655     0.469751
IMAGINARY
           0   -0.0088748   0.00600088 -0.000385493
   0.0088748            0    0.0132295  -0.00556496
 -0.00600088   -0.0132295            0  -0.00289504
 0.000385493   0.00556496   0.00289504            0
EndNode[3]<--->repeater[0]
REAL
    0.434615    0.0238501   -0.0276184     0.209099
   0.0238501    0.0923077     0.019583  -0.00338934
  -0.0276184     0.019583    0.0961538 -0.000594315
    0.209099  -0.00338934 -0.000594315     0.376923
IMAGINARY
          0  0.00991935  -0.0416886 -0.00893133
-0.00991935           0   0.0325534   0.0174951
  0.0416886  -0.0325534           0  -0.0300806
 0.00893133  -0.0174951   0.0300806           0
EndNode[4]<--->HoM[2]
REAL
  0.388889 -0.0117391 -0.0416667  0.0844203
-0.0117391   0.222222  0.0677536  0.0416667
-0.0416667  0.0677536   0.111111 -0.0317391
 0.0844203  0.0416667 -0.0317391   0.277778
IMAGINARY
          0  0.00576923   -0.051626  -0.0250447
-0.00576923           0   0.0134168  -0.0150407
   0.051626  -0.0134168           0   0.0442308
  0.0250447   0.0150407  -0.0442308           0
EndNode[5]<--->HoM[3]
REAL
  0.327273  0.0155008 -0.0183824  0.0748663
 0.0155008        0.2 -0.0160428   0.106618
-0.0183824 -0.0160428        0.2  -0.133148
 0.0748663   0.106618  -0.133148   0.272727
IMAGINARY
         0 -0.0217391  0.0227273  0.0967579
 0.0217391          0 -0.0222898 -0.0227273
-0.0227273  0.0222898          0  0.0217391
-0.0967579  0.0227273 -0.0217391          0
repeater[0]<--->HoM[0]
REAL
  0.394737   0.143057 -0.0319149 -0.0578457
  0.143057  0.0263158 0.00465426  0.0425532
-0.0319149 0.00465426   0.131579   0.037794
-0.0578457  0.0425532   0.037794   0.447368
IMAGINARY
         0 -0.0270833  -0.064951 -0.0411225
 0.0270833          0  -0.032648  0.0232843
  0.064951   0.032648          0    0.00625
 0.0411225 -0.0232843   -0.00625          0
repeater[1]<--->HoM[0]
REAL
  0.394737 -0.0319149   0.143057 -0.0578457
-0.0319149   0.131579 0.00465426   0.037794
  0.143057 0.00465426  0.0263158  0.0425532
-0.0578457   0.037794  0.0425532   0.447368
IMAGINARY
         0  -0.064951 -0.0270833 -0.0411225
  0.064951          0   0.032648    0.00625
 0.0270833  -0.032648          0  0.0232843
 0.0411225   -0.00625 -0.0232843          0
repeater[1]<--->HoM[1]
REAL
   0.386364   0.0102041  -0.0880102 -0.00213574
  0.0102041    0.113636    0.032748   0.0369898
 -0.0880102    0.032748    0.227273 1.38778e-17
-0.00213574   0.0369898 1.38778e-17    0.272727
IMAGINARY
          0   0.0166835   0.0290698   0.0607692
 -0.0166835           0  -0.0992308   0.0290698
 -0.0290698   0.0992308           0 -0.00505561
 -0.0607692  -0.0290698  0.00505561           0
repeater[2]<--->HoM[1]
REAL
   0.386364  -0.0880102   0.0102041 -0.00213574
 -0.0880102    0.227273    0.032748 1.38778e-17
  0.0102041    0.032748    0.113636   0.0369898
-0.00213574 1.38778e-17   0.0369898    0.272727
IMAGINARY
          0   0.0290698   0.0166835   0.0607692
 -0.0290698           0   0.0992308 -0.00505561
 -0.0166835  -0.0992308           0   0.0290698
 -0.0607692  0.00505561  -0.0290698           0
repeater[3]<--->HoM[2]
REAL
  0.388889 -0.0416667 -0.0117391  0.0844203
-0.0416667   0.111111  0.0677536 -0.0317391
-0.0117391  0.0677536   0.222222  0.0416667
 0.0844203 -0.0317391  0.0416667   0.277778
IMAGINARY
          0   -0.051626  0.00576923  -0.0250447
   0.051626           0  -0.0134168   0.0442308
-0.00576923   0.0134168           0  -0.0150407
  0.0250447  -0.0442308   0.0150407           0
repeater[3]<--->HoM[3]
REAL
  0.327273 -0.0183824  0.0155008  0.0748663
-0.0183824        0.2 -0.0160428  -0.133148
 0.0155008 -0.0160428        0.2   0.106618
 0.0748663  -0.133148   0.106618   0.272727
IMAGINARY
         0  0.0227273 -0.0217391  0.0967579
-0.0227273          0  0.0222898  0.0217391
 0.0217391 -0.0222898          0 -0.0227273
-0.0967579 -0.0217391  0.0227273          0
EndNode[0]<--->repeater[0]
REAL
   0.238659  -0.0108564 0.000271055    0.139621
 -0.0108564     0.21499    0.144611 -0.00856981
0.000271055    0.144611    0.236686  -0.0223386
   0.139621 -0.00856981  -0.0223386    0.309665
IMAGINARY
          0  0.00555913 -0.00457587 -0.00373376
-0.00555913           0   0.0201748  0.00756988
 0.00457587  -0.0201748           0   0.0014269
 0.00373376 -0.00756988  -0.0014269           0
EndNode[1]<--->repeater[1]
REAL
   0.456889   0.0128738 -6.5296e-05    0.421707
  0.0128738   0.0293333 -0.00144076   0.0291351
-6.5296e-05 -0.00144076       0.024   0.0128738
   0.421707   0.0291351   0.0128738    0.489778
IMAGINARY
           0  0.000338631   0.00855105 -0.000743683
-0.000338631            0  -0.00889819  -0.00626377
 -0.00855105   0.00889819            0   0.00652322
 0.000743683   0.00626377  -0.00652322            0
EndNode[2]<--->repeater[0]
REAL
    0.484875   0.00486294  -0.00745543      0.44977
  0.00486294    0.0231317   0.00469587   0.00482846
 -0.00745543   0.00469587     0.022242 -0.000484655
     0.44977   0.00482846 -0.000484655     0.469751
IMAGINARY
           0   -0.0088748   0.00600088 -0.000385493
   0.0088748            0    0.0132295  -0.00556496
 -0.00600088   -0.0132295            0  -0.00289504
 0.000385493   0.00556496   0.00289504            0
EndNode[3]<--->repeater[0]
REAL
   0.436387  0.00962071  0.00313563    0.235602
 0.00962071   0.0750636   0.0127763 -0.00767518
 0.00313563   0.0127763   0.0852417  -0.0011901
   0.235602 -0.00767518  -0.0011901    0.403308
IMAGINARY
          0   0.0227283  -0.0091809  -0.0124178
 -0.0227283           0   0.0276093  0.00510481
  0.0091809  -0.0276093           0  -0.0159348
  0.0124178 -0.00510481   0.0159348           0
EndNode[4]<--->HoM[2]
REAL
  0.411765  0.0239379 -0.0174603  0.0918519
 0.0239379   0.198529  0.0451852 0.00634921
-0.0174603  0.0451852   0.102941 -0.0128268
 0.0918519 0.00634921 -0.0128268   0.286765
IMAGINARY
          0  0.00666667  -0.0103306  -0.0124718
-0.00666667           0  0.00865498   0.0103306
  0.0103306 -0.00865498           0  0.00666667
  0.0124718  -0.0103306 -0.00666667           0
EndNode[5]<--->HoM[3]
REAL
  0.367742 0.00339147 -0.0232558   0.117751
0.00339147   0.154839   0.010156  0.0348837
-0.0232558   0.010156   0.187097 -0.0382752
  0.117751  0.0348837 -0.0382752   0.290323
IMAGINARY
         0 -0.0245758  0.0624108 -0.0466551
 0.0245758          0 -0.0305261  0.0135386
-0.0624108  0.0305261          0  0.0498923
 0.0466551 -0.0135386 -0.0498923          0
repeater[0]<--->HoM[0]
REAL
  0.465116  0.0343551 -0.0112903 -0.0247376
 0.0343551  0.0775194 -0.0477261  0.0112903
-0.0112903 -0.0477261   0.108527  0.0163695
-0.0247376  0.0112903  0.0163695   0.348837
IMAGINARY
          0   0.0270115 -0.00229885  0.00454545
 -0.0270115           0 -0.00454545   0.0310345
 0.00229885  0.00454545           0 -0.00402299
-0.00454545  -0.0310345  0.00402299           0
repeater[1]<--->HoM[0]
REAL
  0.465116 -0.0112903  0.0343551 -0.0247376
-0.0112903   0.108527 -0.0477261  0.0163695
 0.0343551 -0.0477261  0.0775194  0.0112903
-0.0247376  0.0163695  0.0112903   0.348837
IMAGINARY
          0 -0.00229885   0.0270115  0.00454545
 0.00229885           0  0.00454545 -0.00402299
 -0.0270115 -0.00454545           0   0.0310345
-0.00454545  0.00402299  -0.0310345           0
repeater[1]<--->HoM[1]
REAL
   0.349315 -0.00657334   0.0128383   0.0276974
-0.00657334    0.130137  -0.0309232    0.016194
  0.0128383  -0.0309232    0.191781  -0.0160073
  0.0276974    0.016194  -0.0160073    0.328767
IMAGINARY
          0 -0.00367155  -0.0225958   0.0143445
 0.00367155           0  -0.0175704  0.00535447
  0.0225958   0.0175704           0  0.00711982
 -0.0143445 -0.00535447 -0.00711982           0
repeater[2]<--->HoM[1]
REAL
   0.342466    0.016296 -0.00345295   0.0206082
   0.016296    0.191781  -0.0304122  -0.0128869
-0.00345295  -0.0304122    0.130137   0.0196517
  0.0206082  -0.0128869   0.0196517    0.335616
IMAGINARY
          0  -0.0156758  0.00310772   0.0143445
  0.0156758           0   0.0175704   0.0138991
-0.00310772  -0.0175704           0   0.0122745
 -0.0143445  -0.0138991  -0.0122745           0
repeater[3]<--->HoM[2]
REAL
  0.411765 -0.0174603  0.0239379  0.0918519
-0.0174603   0.102941  0.0451852 -0.0128268
 0.0239379  0.0451852   0.198529 0.00634921
 0.0918519 -0.0128268 0.00634921   0.286765
IMAGINARY
          0  -0.0103306  0.00666667  -0.0124718
  0.0103306           0 -0.00865498  0.00666667
-0.00666667  0.00865498           0   0.0103306
  0.0124718 -0.00666667  -0.0103306           0
repeater[3]<--->HoM[3]
REAL
  0.367742 -0.0232558 0.00339147   0.117751
-0.0232558   0.187097   0.010156 -0.0382752
0.00339147   0.010156   0.154839  0.0348837
  0.117751 -0.0382752  0.0348837   0.290323
IMAGINARY
         0  0.0624108 -0.0245758 -0.0466551
-0.0624108          0  0.0305261  0.0498923
 0.0245758 -0.0305261          0  0.0135386
 0.0466551 -0.0498923 -0.0135386          0
