EndNode1[0]<--->Repeater1[0]
REAL
   0.454189  -0.0125922  -0.0121351    0.350378
 -0.0125922   0.0518385  0.00238063 -0.00542172
 -0.0121351  0.00238063   0.0548523  0.00123194
   0.350378 -0.00542172  0.00123194     0.43912
IMAGINARY
          0 -0.00352424  0.00194677  0.00571641
 0.00352424           0  -0.0043507 -0.00706224
-0.00194677   0.0043507           0  0.00279345
-0.00571641  0.00706224 -0.00279345           0
EndNode2[0]<--->HoM1[0]
REAL
   0.442953  0.00412433  0.00630979    0.347134
 0.00412433   0.0539963  0.00789586 -0.00275949
 0.00630979  0.00789586   0.0500305 0.000609395
   0.347134 -0.00275949 0.000609395     0.45302
IMAGINARY
          0  0.00141409 -0.00640509  0.00605584
-0.00141409           0  0.00393205 -0.00535436
 0.00640509 -0.00393205           0  0.00736829
-0.00605584  0.00535436 -0.00736829           0
Repeater1[0]<--->EndNode1[0]
REAL
   0.454189  -0.0121351  -0.0125922    0.350378
 -0.0121351   0.0548523  0.00238063  0.00123194
 -0.0125922  0.00238063   0.0518385 -0.00542172
   0.350378  0.00123194 -0.00542172     0.43912
IMAGINARY
          0  0.00194677 -0.00352424  0.00571641
-0.00194677           0   0.0043507  0.00279345
 0.00352424  -0.0043507           0 -0.00706224
-0.00571641 -0.00279345  0.00706224           0
Repeater1[0]<--->HoM1[0]
REAL
   0.442953  0.00630979  0.00412433    0.347134
 0.00630979   0.0500305  0.00789586 0.000609395
 0.00412433  0.00789586   0.0539963 -0.00275949
   0.347134 0.000609395 -0.00275949     0.45302
IMAGINARY
          0 -0.00640509  0.00141409  0.00605584
 0.00640509           0 -0.00393205  0.00736829
-0.00141409  0.00393205           0 -0.00535436
-0.00605584 -0.00736829  0.00535436           0
EndNode1[0]<--->Repeater1[0]
REAL
    0.43915  0.00107206  -0.0116767    0.349386
 0.00107206   0.0506829   0.0094554 -0.00295748
 -0.0116767   0.0094554   0.0579666 -0.00442571
   0.349386 -0.00295748 -0.00442571      0.4522
IMAGINARY
           0    0.0111656  -0.00459154   0.00209118
  -0.0111656            0   0.00360085  -0.00855495
  0.00459154  -0.00360085            0  0.000247275
 -0.00209118   0.00855495 -0.000247275            0
EndNode2[0]<--->HoM1[0]
REAL
   0.442093  0.00162754 -0.00315466    0.352919
 0.00162754   0.0517085  0.00833237   0.0033029
-0.00315466  0.00833237   0.0538252 0.000892467
   0.352919   0.0033029 0.000892467    0.452374
IMAGINARY
           0   0.00380281  -0.00097589    -0.014242
 -0.00380281            0   0.00194449   0.00462553
  0.00097589  -0.00194449            0  0.000150957
    0.014242  -0.00462553 -0.000150957            0
Repeater1[0]<--->EndNode1[0]
REAL
    0.43915  -0.0116767  0.00107206    0.349386
 -0.0116767   0.0579666   0.0094554 -0.00442571
 0.00107206   0.0094554   0.0506829 -0.00295748
   0.349386 -0.00442571 -0.00295748      0.4522
IMAGINARY
           0  -0.00459154    0.0111656   0.00209118
  0.00459154            0  -0.00360085  0.000247275
  -0.0111656   0.00360085            0  -0.00855495
 -0.00209118 -0.000247275   0.00855495            0
Repeater1[0]<--->HoM1[0]
REAL
   0.442093 -0.00315466  0.00162754    0.352919
-0.00315466   0.0538252  0.00833237 0.000892467
 0.00162754  0.00833237   0.0517085   0.0033029
   0.352919 0.000892467   0.0033029    0.452374
IMAGINARY
           0  -0.00097589   0.00380281    -0.014242
  0.00097589            0  -0.00194449  0.000150957
 -0.00380281   0.00194449            0   0.00462553
    0.014242 -0.000150957  -0.00462553            0
EndNode1[0]<--->Repeater1[0]
REAL
    0.450869   -0.0033145  -0.00150877     0.350389
  -0.0033145     0.052127   0.00554572  -0.00136045
 -0.00150877   0.00554572    0.0599161 -0.000460792
    0.350389  -0.00136045 -0.000460792     0.437088
IMAGINARY
           0   0.00171176  -0.00258525  -0.00106762
 -0.00171176            0   0.00853923 -0.000304923
  0.00258525  -0.00853923            0  -0.00247234
  0.00106762  0.000304923   0.00247234            0
EndNode2[0]<--->HoM1[0]
REAL
    0.46009 -0.00854353 0.000256132    0.353293
-0.00854353   0.0472347  0.00732541 -0.00310984
0.000256132  0.00732541   0.0499253  -0.0123336
   0.353293 -0.00310984  -0.0123336     0.44275
IMAGINARY
          0  0.00507876 -0.00779638  0.00269919
-0.00507876           0  0.00656824 -0.00171736
 0.00779638 -0.00656824           0  0.00201879
-0.00269919  0.00171736 -0.00201879           0
Repeater1[0]<--->EndNode1[0]
REAL
    0.450869  -0.00150877   -0.0033145     0.350389
 -0.00150877    0.0599161   0.00554572 -0.000460792
  -0.0033145   0.00554572     0.052127  -0.00136045
    0.350389 -0.000460792  -0.00136045     0.437088
IMAGINARY
           0  -0.00258525   0.00171176  -0.00106762
  0.00258525            0  -0.00853923  -0.00247234
 -0.00171176   0.00853923            0 -0.000304923
  0.00106762   0.00247234  0.000304923            0
Repeater1[0]<--->HoM1[0]
REAL
    0.46009 0.000256132 -0.00854353    0.353293
0.000256132   0.0499253  0.00732541  -0.0123336
-0.00854353  0.00732541   0.0472347 -0.00310984
   0.353293  -0.0123336 -0.00310984     0.44275
IMAGINARY
          0 -0.00779638  0.00507876  0.00269919
 0.00779638           0 -0.00656824  0.00201879
-0.00507876  0.00656824           0 -0.00171736
-0.00269919 -0.00201879  0.00171736           0
EndNode1[0]<--->Repeater1[0]
REAL
   0.443531  -0.0118497 -0.00742754    0.355415
 -0.0118497   0.0468798 -0.00223707  0.00220521
-0.00742754 -0.00223707   0.0508371  0.00483685
   0.355415  0.00220521  0.00483685    0.458752
IMAGINARY
           0    0.0134051   0.00339305 -0.000527688
  -0.0134051            0 -0.000378657   0.00596802
 -0.00339305  0.000378657            0  -0.00820447
 0.000527688  -0.00596802   0.00820447            0
EndNode2[0]<--->HoM1[0]
REAL
   0.429788 -0.00507629 -0.00369446    0.355831
-0.00507629   0.0458284  0.00449135 -0.00523672
-0.00369446  0.00449135   0.0534665 -0.00121946
   0.355831 -0.00523672 -0.00121946    0.470917
IMAGINARY
          0  0.00291047  0.00713574 -0.00127412
-0.00291047           0 -0.00669581 -0.00698855
-0.00713574  0.00669581           0 -0.00452955
 0.00127412  0.00698855  0.00452955           0
Repeater1[0]<--->EndNode1[0]
REAL
   0.443531 -0.00742754  -0.0118497    0.355415
-0.00742754   0.0508371 -0.00223707  0.00483685
 -0.0118497 -0.00223707   0.0468798  0.00220521
   0.355415  0.00483685  0.00220521    0.458752
IMAGINARY
           0   0.00339305    0.0134051 -0.000527688
 -0.00339305            0  0.000378657  -0.00820447
  -0.0134051 -0.000378657            0   0.00596802
 0.000527688   0.00820447  -0.00596802            0
Repeater1[0]<--->HoM1[0]
REAL
   0.429788 -0.00369446 -0.00507629    0.355831
-0.00369446   0.0534665  0.00449135 -0.00121946
-0.00507629  0.00449135   0.0458284 -0.00523672
   0.355831 -0.00121946 -0.00523672    0.470917
IMAGINARY
          0  0.00713574  0.00291047 -0.00127412
-0.00713574           0  0.00669581 -0.00452955
-0.00291047 -0.00669581           0 -0.00698855
 0.00127412  0.00452955  0.00698855           0
EndNode1[0]<--->Repeater1[0]
REAL
    0.451415   0.00261294 -0.000736143     0.354477
  0.00261294    0.0556581  -0.00084758   -0.0121613
-0.000736143  -0.00084758    0.0430504   -0.0119111
    0.354477   -0.0121613   -0.0119111     0.449877
IMAGINARY
          0  0.00209933 -0.00286113 -0.00180302
-0.00209933           0 -0.00603775 -0.00598706
 0.00286113  0.00603775           0  0.00488607
 0.00180302  0.00598706 -0.00488607           0
EndNode2[0]<--->HoM1[0]
REAL
    0.449104 -0.000670334   -0.0103307     0.351403
-0.000670334    0.0504406  -0.00299165  -0.00162091
  -0.0103307  -0.00299165    0.0458827   -0.0043221
    0.351403  -0.00162091   -0.0043221     0.454573
IMAGINARY
          0  0.00474993  0.00634082   0.0180152
-0.00474993           0  0.00037847 -0.00234556
-0.00634082 -0.00037847           0 -0.00992897
 -0.0180152  0.00234556  0.00992897           0
Repeater1[0]<--->EndNode1[0]
REAL
    0.451415 -0.000736143   0.00261294     0.354477
-0.000736143    0.0430504  -0.00084758   -0.0119111
  0.00261294  -0.00084758    0.0556581   -0.0121613
    0.354477   -0.0119111   -0.0121613     0.449877
IMAGINARY
          0 -0.00286113  0.00209933 -0.00180302
 0.00286113           0  0.00603775  0.00488607
-0.00209933 -0.00603775           0 -0.00598706
 0.00180302 -0.00488607  0.00598706           0
Repeater1[0]<--->HoM1[0]
REAL
    0.449104   -0.0103307 -0.000670334     0.351403
  -0.0103307    0.0458827  -0.00299165   -0.0043221
-0.000670334  -0.00299165    0.0504406  -0.00162091
    0.351403   -0.0043221  -0.00162091     0.454573
IMAGINARY
          0  0.00634082  0.00474993   0.0180152
-0.00634082           0 -0.00037847 -0.00992897
-0.00474993  0.00037847           0 -0.00234556
 -0.0180152  0.00992897  0.00234556           0
EndNode1[0]<--->Repeater1[0]
REAL
   0.451632  0.00772346 -0.00200713    0.354892
 0.00772346   0.0530099 7.69256e-05 -0.00291677
-0.00200713 7.69256e-05   0.0503145 -0.00369481
   0.354892 -0.00291677 -0.00369481    0.445043
IMAGINARY
          0  0.00570265 -0.00542734  0.00122418
-0.00570265           0 -0.00373823  0.00824216
 0.00542734  0.00373823           0 -0.00199895
-0.00122418 -0.00824216  0.00199895           0
EndNode2[0]<--->HoM1[0]
REAL
    0.449168   0.00399487    0.0033651      0.34782
  0.00399487    0.0496433   0.00557384 -0.000499343
   0.0033651   0.00557384    0.0472652   0.00369743
     0.34782 -0.000499343   0.00369743     0.453924
IMAGINARY
           0   0.00205366  -0.00858809  -0.00206721
 -0.00205366            0  0.000145835   0.00858809
  0.00858809 -0.000145835            0    0.0041852
  0.00206721  -0.00858809   -0.0041852            0
Repeater1[0]<--->EndNode1[0]
REAL
   0.451632 -0.00200713  0.00772346    0.354892
-0.00200713   0.0503145 7.69256e-05 -0.00369481
 0.00772346 7.69256e-05   0.0530099 -0.00291677
   0.354892 -0.00369481 -0.00291677    0.445043
IMAGINARY
          0 -0.00542734  0.00570265  0.00122418
 0.00542734           0  0.00373823 -0.00199895
-0.00570265 -0.00373823           0  0.00824216
-0.00122418  0.00199895 -0.00824216           0
Repeater1[0]<--->HoM1[0]
REAL
    0.449168    0.0033651   0.00399487      0.34782
   0.0033651    0.0472652   0.00557384   0.00369743
  0.00399487   0.00557384    0.0496433 -0.000499343
     0.34782   0.00369743 -0.000499343     0.453924
IMAGINARY
           0  -0.00858809   0.00205366  -0.00206721
  0.00858809            0 -0.000145835    0.0041852
 -0.00205366  0.000145835            0   0.00858809
  0.00206721   -0.0041852  -0.00858809            0
EndNode1[0]<--->Repeater1[0]
REAL
    0.444712  7.57261e-05  -0.00552176     0.359046
 7.57261e-05    0.0522837   0.00457647   -0.0020879
 -0.00552176   0.00457647    0.0498798 -0.000224935
    0.359046   -0.0020879 -0.000224935     0.453125
IMAGINARY
          0 -0.00634394  0.00168197 -0.00840438
 0.00634394           0 -0.00522929  0.00321854
-0.00168197  0.00522929           0  0.00322544
 0.00840438 -0.00321854 -0.00322544           0
EndNode2[0]<--->HoM1[0]
REAL
    0.448812  0.000826711 -0.000280421     0.357297
 0.000826711    0.0496648  -0.00173432  -0.00211192
-0.000280421  -0.00173432    0.0508836   0.00306085
    0.357297  -0.00211192   0.00306085      0.45064
IMAGINARY
          0   0.0039523  0.00484437  0.00511367
 -0.0039523           0  -0.0126574 -0.00293541
-0.00484437   0.0126574           0 -0.00527389
-0.00511367  0.00293541  0.00527389           0
Repeater1[0]<--->EndNode1[0]
REAL
    0.444712  -0.00552176  7.57261e-05     0.359046
 -0.00552176    0.0498798   0.00457647 -0.000224935
 7.57261e-05   0.00457647    0.0522837   -0.0020879
    0.359046 -0.000224935   -0.0020879     0.453125
IMAGINARY
          0  0.00168197 -0.00634394 -0.00840438
-0.00168197           0  0.00522929  0.00322544
 0.00634394 -0.00522929           0  0.00321854
 0.00840438 -0.00322544 -0.00321854           0
Repeater1[0]<--->HoM1[0]
REAL
    0.448812 -0.000280421  0.000826711     0.357297
-0.000280421    0.0508836  -0.00173432   0.00306085
 0.000826711  -0.00173432    0.0496648  -0.00211192
    0.357297   0.00306085  -0.00211192      0.45064
IMAGINARY
          0  0.00484437   0.0039523  0.00511367
-0.00484437           0   0.0126574 -0.00527389
 -0.0039523  -0.0126574           0 -0.00293541
-0.00511367  0.00527389  0.00293541           0
EndNode1[0]<--->Repeater1[0]
REAL
   0.450902  0.00186551  0.00660536    0.353596
 0.00186551   0.0428266 -0.00114634 -0.00421587
 0.00660536 -0.00114634   0.0529214  0.00470557
   0.353596 -0.00421587  0.00470557     0.45335
IMAGINARY
          0  0.00439584 -0.00976535 -0.00210986
-0.00439584           0  0.00485879 -0.00704138
 0.00976535 -0.00485879           0   0.0142116
 0.00210986  0.00704138  -0.0142116           0
EndNode2[0]<--->HoM1[0]
REAL
  0.438528 -0.0143108 -0.0162633   0.344503
-0.0143108  0.0472629 0.00750147 0.00800856
-0.0162633 0.00750147  0.0532456 0.00074946
  0.344503 0.00800856 0.00074946   0.460963
IMAGINARY
           0   0.00935105   -0.0144675    0.0179082
 -0.00935105            0 -0.000824639   0.00138009
   0.0144675  0.000824639            0   0.00433128
  -0.0179082  -0.00138009  -0.00433128            0
Repeater1[0]<--->EndNode1[0]
REAL
   0.450902  0.00660536  0.00186551    0.353596
 0.00660536   0.0529214 -0.00114634  0.00470557
 0.00186551 -0.00114634   0.0428266 -0.00421587
   0.353596  0.00470557 -0.00421587     0.45335
IMAGINARY
          0 -0.00976535  0.00439584 -0.00210986
 0.00976535           0 -0.00485879   0.0142116
-0.00439584  0.00485879           0 -0.00704138
 0.00210986  -0.0142116  0.00704138           0
Repeater1[0]<--->HoM1[0]
REAL
  0.438528 -0.0162633 -0.0143108   0.344503
-0.0162633  0.0532456 0.00750147 0.00074946
-0.0143108 0.00750147  0.0472629 0.00800856
  0.344503 0.00074946 0.00800856   0.460963
IMAGINARY
           0   -0.0144675   0.00935105    0.0179082
   0.0144675            0  0.000824639   0.00433128
 -0.00935105 -0.000824639            0   0.00138009
  -0.0179082  -0.00433128  -0.00138009            0
EndNode1[0]<--->Repeater1[0]
REAL
   0.448645 0.000153953  -0.0081936    0.352407
0.000153953   0.0565645 1.76394e-05 -0.00266626
 -0.0081936 1.76394e-05   0.0452516 -0.00565827
   0.352407 -0.00266626 -0.00565827    0.449539
IMAGINARY
           0 -0.000100647   0.00829694   0.00429555
 0.000100647            0    0.0011789   0.00259235
 -0.00829694   -0.0011789            0   -0.0101837
 -0.00429555  -0.00259235    0.0101837            0
EndNode2[0]<--->HoM1[0]
REAL
   0.445344   0.0035092 -0.00252214    0.356975
  0.0035092   0.0532099  0.00273221  0.00207344
-0.00252214  0.00273221    0.048583  0.00172561
   0.356975  0.00207344  0.00172561    0.452863
IMAGINARY
          0  0.00629414 -0.00966853  0.00455491
-0.00629414           0  -0.0181654 -0.00184663
 0.00966853   0.0181654           0  0.00794828
-0.00455491  0.00184663 -0.00794828           0
Repeater1[0]<--->EndNode1[0]
REAL
   0.448645  -0.0081936 0.000153953    0.352407
 -0.0081936   0.0452516 1.76394e-05 -0.00565827
0.000153953 1.76394e-05   0.0565645 -0.00266626
   0.352407 -0.00565827 -0.00266626    0.449539
IMAGINARY
           0   0.00829694 -0.000100647   0.00429555
 -0.00829694            0   -0.0011789   -0.0101837
 0.000100647    0.0011789            0   0.00259235
 -0.00429555    0.0101837  -0.00259235            0
Repeater1[0]<--->HoM1[0]
REAL
   0.445344 -0.00252214   0.0035092    0.356975
-0.00252214    0.048583  0.00273221  0.00172561
  0.0035092  0.00273221   0.0532099  0.00207344
   0.356975  0.00172561  0.00207344    0.452863
IMAGINARY
          0 -0.00966853  0.00629414  0.00455491
 0.00966853           0   0.0181654  0.00794828
-0.00629414  -0.0181654           0 -0.00184663
-0.00455491 -0.00794828  0.00184663           0
EndNode1[0]<--->Repeater1[0]
REAL
  0.449061   0.011115 -0.0010168   0.346186
  0.011115  0.0504771 0.00857933 0.00782467
-0.0010168 0.00857933  0.0523238 0.00113917
  0.346186 0.00782467 0.00113917   0.448138
IMAGINARY
          0  0.00519931  0.00155913   0.0011432
-0.00519931           0  0.00671178  0.00332487
-0.00155913 -0.00671178           0 -0.00519931
 -0.0011432 -0.00332487  0.00519931           0
EndNode2[0]<--->HoM1[0]
REAL
   0.444575  -0.0057584 -0.00765641    0.357309
 -0.0057584   0.0510264  0.00697689  0.00408498
-0.00765641  0.00697689   0.0519062  0.00278221
   0.357309  0.00408498  0.00278221    0.452493
IMAGINARY
           0   -0.0018407   0.00615126 -0.000531275
   0.0018407            0    0.0108083   -0.0118845
 -0.00615126   -0.0108083            0     0.011195
 0.000531275    0.0118845    -0.011195            0
Repeater1[0]<--->EndNode1[0]
REAL
  0.449061 -0.0010168   0.011115   0.346186
-0.0010168  0.0523238 0.00857933 0.00113917
  0.011115 0.00857933  0.0504771 0.00782467
  0.346186 0.00113917 0.00782467   0.448138
IMAGINARY
          0  0.00155913  0.00519931   0.0011432
-0.00155913           0 -0.00671178 -0.00519931
-0.00519931  0.00671178           0  0.00332487
 -0.0011432  0.00519931 -0.00332487           0
Repeater1[0]<--->HoM1[0]
REAL
   0.444575 -0.00765641  -0.0057584    0.357309
-0.00765641   0.0519062  0.00697689  0.00278221
 -0.0057584  0.00697689   0.0510264  0.00408498
   0.357309  0.00278221  0.00408498    0.452493
IMAGINARY
           0   0.00615126   -0.0018407 -0.000531275
 -0.00615126            0   -0.0108083     0.011195
   0.0018407    0.0108083            0   -0.0118845
 0.000531275    -0.011195    0.0118845            0
EndNode1[0]<--->Repeater1[0]
REAL
    0.464907   0.00110301 -0.000399109     0.350935
  0.00110301    0.0470906    0.0107637  -0.00803389
-0.000399109    0.0107637    0.0434913    -0.010456
    0.350935  -0.00803389    -0.010456     0.444511
IMAGINARY
          0  0.00760293  0.00914325  0.00366229
-0.00760293           0  0.00411125  -0.0115927
-0.00914325 -0.00411125           0 -0.00392871
-0.00366229   0.0115927  0.00392871           0
EndNode2[0]<--->HoM1[0]
REAL
   0.455275  0.00411968 0.000966163    0.354157
 0.00411968   0.0570635  0.00081599  0.00141621
0.000966163  0.00081599    0.053979  0.00153845
   0.354157  0.00141621  0.00153845    0.433683
IMAGINARY
          0   0.0105257 -0.00289734 -0.00134873
 -0.0105257           0   0.0150719  0.00674122
 0.00289734  -0.0150719           0 -0.00549904
 0.00134873 -0.00674122  0.00549904           0
Repeater1[0]<--->EndNode1[0]
REAL
    0.464907 -0.000399109   0.00110301     0.350935
-0.000399109    0.0434913    0.0107637    -0.010456
  0.00110301    0.0107637    0.0470906  -0.00803389
    0.350935    -0.010456  -0.00803389     0.444511
IMAGINARY
          0  0.00914325  0.00760293  0.00366229
-0.00914325           0 -0.00411125 -0.00392871
-0.00760293  0.00411125           0  -0.0115927
-0.00366229  0.00392871   0.0115927           0
Repeater1[0]<--->HoM1[0]
REAL
   0.455275 0.000966163  0.00411968    0.354157
0.000966163    0.053979  0.00081599  0.00153845
 0.00411968  0.00081599   0.0570635  0.00141621
   0.354157  0.00153845  0.00141621    0.433683
IMAGINARY
          0 -0.00289734   0.0105257 -0.00134873
 0.00289734           0  -0.0150719 -0.00549904
 -0.0105257   0.0150719           0  0.00674122
 0.00134873  0.00549904 -0.00674122           0
EndNode1[0]<--->Repeater1[0]
REAL
    0.444245 -9.29125e-05   0.00663341     0.347147
-9.29125e-05     0.051259 -0.000969867   0.00341157
  0.00663341 -0.000969867    0.0461631  -0.00395506
    0.347147   0.00341157  -0.00395506     0.458333
IMAGINARY
          0 -0.00600858  0.00604358  0.00490821
 0.00600858           0  0.00956706   -0.013334
-0.00604358 -0.00956706           0  0.00722365
-0.00490821    0.013334 -0.00722365           0
EndNode2[0]<--->HoM1[0]
REAL
    0.457134  -0.00543316  -0.00255745     0.355481
 -0.00543316    0.0557839 -0.000167227   -0.0053318
 -0.00255745 -0.000167227    0.0428655  -0.00543316
    0.355481   -0.0053318  -0.00543316     0.444216
IMAGINARY
           0   0.00483545  -0.00402046  -0.00180811
 -0.00483545            0  -0.00105938  0.000732955
  0.00402046   0.00105938            0   0.00771685
  0.00180811 -0.000732955  -0.00771685            0
Repeater1[0]<--->EndNode1[0]
REAL
    0.444245   0.00663341 -9.29125e-05     0.347147
  0.00663341    0.0461631 -0.000969867  -0.00395506
-9.29125e-05 -0.000969867     0.051259   0.00341157
    0.347147  -0.00395506   0.00341157     0.458333
IMAGINARY
          0  0.00604358 -0.00600858  0.00490821
-0.00604358           0 -0.00956706  0.00722365
 0.00600858  0.00956706           0   -0.013334
-0.00490821 -0.00722365    0.013334           0
Repeater1[0]<--->HoM1[0]
REAL
    0.457134  -0.00255745  -0.00543316     0.355481
 -0.00255745    0.0428655 -0.000167227  -0.00543316
 -0.00543316 -0.000167227    0.0557839   -0.0053318
    0.355481  -0.00543316   -0.0053318     0.444216
IMAGINARY
           0  -0.00402046   0.00483545  -0.00180811
  0.00402046            0   0.00105938   0.00771685
 -0.00483545  -0.00105938            0  0.000732955
  0.00180811  -0.00771685 -0.000732955            0
EndNode1[0]<--->Repeater1[0]
REAL
    0.455117 -0.000619814  -0.00104992     0.356032
-0.000619814     0.045781   0.00128526  -0.00276921
 -0.00104992   0.00128526     0.051167   -0.0010606
    0.356032  -0.00276921   -0.0010606     0.447935
IMAGINARY
           0   0.00651102  4.90092e-07   0.00175368
 -0.00651102            0  -0.00557946  0.000149255
-4.90092e-07   0.00557946            0   0.00262346
 -0.00175368 -0.000149255  -0.00262346            0
EndNode2[0]<--->HoM1[0]
REAL
     0.44486    0.0098553   0.00761393     0.348319
   0.0098553    0.0545171   0.00192003 -0.000752358
  0.00761393   0.00192003    0.0479751  -0.00180041
    0.348319 -0.000752358  -0.00180041     0.452648
IMAGINARY
          0   -0.011453   0.0038328  0.00484736
   0.011453           0  0.00650949   0.0038328
 -0.0038328 -0.00650949           0  -0.0011302
-0.00484736  -0.0038328   0.0011302           0
Repeater1[0]<--->EndNode1[0]
REAL
    0.455117  -0.00104992 -0.000619814     0.356032
 -0.00104992     0.051167   0.00128526   -0.0010606
-0.000619814   0.00128526     0.045781  -0.00276921
    0.356032   -0.0010606  -0.00276921     0.447935
IMAGINARY
           0  4.90092e-07   0.00651102   0.00175368
-4.90092e-07            0   0.00557946   0.00262346
 -0.00651102  -0.00557946            0  0.000149255
 -0.00175368  -0.00262346 -0.000149255            0
Repeater1[0]<--->HoM1[0]
REAL
     0.44486   0.00761393    0.0098553     0.348319
  0.00761393    0.0479751   0.00192003  -0.00180041
   0.0098553   0.00192003    0.0545171 -0.000752358
    0.348319  -0.00180041 -0.000752358     0.452648
IMAGINARY
          0   0.0038328   -0.011453  0.00484736
 -0.0038328           0 -0.00650949  -0.0011302
   0.011453  0.00650949           0   0.0038328
-0.00484736   0.0011302  -0.0038328           0
EndNode1[0]<--->Repeater1[0]
REAL
   0.44608 0.00316428   0.018615   0.347839
0.00316428  0.0474617 0.00425686 0.00174429
  0.018615 0.00425686  0.0486633 0.00941057
  0.347839 0.00174429 0.00941057   0.457795
IMAGINARY
           0  -0.00457113    0.0069109  -0.00502854
  0.00457113            0  -0.00758647  0.000850294
  -0.0069109   0.00758647            0  -0.00975722
  0.00502854 -0.000850294   0.00975722            0
EndNode2[0]<--->HoM1[0]
REAL
   0.459215  0.00159563  0.00134087    0.347995
 0.00159563   0.0456193  0.00847412 -0.00738273
 0.00134087  0.00847412   0.0531722 -0.00557441
   0.347995 -0.00738273 -0.00557441    0.441994
IMAGINARY
          0 -0.00397478 -0.00241098  0.00424808
 0.00397478           0  0.00107107    0.006902
 0.00241098 -0.00107107           0 -0.00231265
-0.00424808   -0.006902  0.00231265           0
Repeater1[0]<--->EndNode1[0]
REAL
   0.44608   0.018615 0.00316428   0.347839
  0.018615  0.0486633 0.00425686 0.00941057
0.00316428 0.00425686  0.0474617 0.00174429
  0.347839 0.00941057 0.00174429   0.457795
IMAGINARY
           0    0.0069109  -0.00457113  -0.00502854
  -0.0069109            0   0.00758647  -0.00975722
  0.00457113  -0.00758647            0  0.000850294
  0.00502854   0.00975722 -0.000850294            0
Repeater1[0]<--->HoM1[0]
REAL
   0.459215  0.00134087  0.00159563    0.347995
 0.00134087   0.0531722  0.00847412 -0.00557441
 0.00159563  0.00847412   0.0456193 -0.00738273
   0.347995 -0.00557441 -0.00738273    0.441994
IMAGINARY
          0 -0.00241098 -0.00397478  0.00424808
 0.00241098           0 -0.00107107 -0.00231265
 0.00397478  0.00107107           0    0.006902
-0.00424808  0.00231265   -0.006902           0
EndNode1[0]<--->Repeater1[0]
REAL
   0.427345 -0.00320631 0.000449631    0.354835
-0.00320631   0.0452797  0.00895251 -0.00452695
0.000449631  0.00895251   0.0523824   0.0018472
   0.354835 -0.00452695   0.0018472    0.474993
IMAGINARY
          0   0.0108591 -0.00277997  0.00256347
 -0.0108591           0  0.00272195  -0.0033965
 0.00277997 -0.00272195           0   0.0029644
-0.00256347   0.0033965  -0.0029644           0
EndNode2[0]<--->HoM1[0]
REAL
   0.448714 0.000943634  0.00521228    0.356258
0.000943634   0.0487733   0.0038773 -0.00490421
 0.00521228   0.0038773   0.0576411 -0.00186785
   0.356258 -0.00490421 -0.00186785    0.444871
IMAGINARY
           0   0.00320115    0.0062873  -0.00388778
 -0.00320115            0 -0.000943139  -0.00688254
  -0.0062873  0.000943139            0   -0.0085583
  0.00388778   0.00688254    0.0085583            0
Repeater1[0]<--->EndNode1[0]
REAL
   0.427345 0.000449631 -0.00320631    0.354835
0.000449631   0.0523824  0.00895251   0.0018472
-0.00320631  0.00895251   0.0452797 -0.00452695
   0.354835   0.0018472 -0.00452695    0.474993
IMAGINARY
          0 -0.00277997   0.0108591  0.00256347
 0.00277997           0 -0.00272195   0.0029644
 -0.0108591  0.00272195           0  -0.0033965
-0.00256347  -0.0029644   0.0033965           0
Repeater1[0]<--->HoM1[0]
REAL
   0.448714  0.00521228 0.000943634    0.356258
 0.00521228   0.0576411   0.0038773 -0.00186785
0.000943634   0.0038773   0.0487733 -0.00490421
   0.356258 -0.00186785 -0.00490421    0.444871
IMAGINARY
           0    0.0062873   0.00320115  -0.00388778
  -0.0062873            0  0.000943139   -0.0085583
 -0.00320115 -0.000943139            0  -0.00688254
  0.00388778    0.0085583   0.00688254            0
EndNode1[0]<--->Repeater1[0]
REAL
     0.44673  -0.00829008  -0.00613505      0.34812
 -0.00829008    0.0426773  -0.00666038  -0.00478329
 -0.00613505  -0.00666038    0.0478968 -0.000235192
     0.34812  -0.00478329 -0.000235192     0.462696
IMAGINARY
          0  -0.0109302  0.00218254 -0.00024148
  0.0109302           0  0.00259858  0.00262804
-0.00218254 -0.00259858           0 -0.00560619
 0.00024148 -0.00262804  0.00560619           0
EndNode2[0]<--->HoM1[0]
REAL
   0.450498 -0.00151716  0.00292114    0.350266
-0.00151716   0.0492091 -0.00386332  -0.0027743
 0.00292114 -0.00386332   0.0433509   0.0125304
   0.350266  -0.0027743   0.0125304    0.456942
IMAGINARY
           0 -0.000595303   0.00374873  -0.00585126
 0.000595303            0   -0.0141487   0.00137484
 -0.00374873    0.0141487            0  -0.00693936
  0.00585126  -0.00137484   0.00693936            0
Repeater1[0]<--->EndNode1[0]
REAL
     0.44673  -0.00613505  -0.00829008      0.34812
 -0.00613505    0.0478968  -0.00666038 -0.000235192
 -0.00829008  -0.00666038    0.0426773  -0.00478329
     0.34812 -0.000235192  -0.00478329     0.462696
IMAGINARY
          0  0.00218254  -0.0109302 -0.00024148
-0.00218254           0 -0.00259858 -0.00560619
  0.0109302  0.00259858           0  0.00262804
 0.00024148  0.00560619 -0.00262804           0
Repeater1[0]<--->HoM1[0]
REAL
   0.450498  0.00292114 -0.00151716    0.350266
 0.00292114   0.0433509 -0.00386332   0.0125304
-0.00151716 -0.00386332   0.0492091  -0.0027743
   0.350266   0.0125304  -0.0027743    0.456942
IMAGINARY
           0   0.00374873 -0.000595303  -0.00585126
 -0.00374873            0    0.0141487  -0.00693936
 0.000595303   -0.0141487            0   0.00137484
  0.00585126   0.00693936  -0.00137484            0
EndNode1[0]<--->Repeater1[0]
REAL
   0.454493 -0.00836686  -0.0155741    0.361788
-0.00836686   0.0536893  0.00647749 -0.00189181
 -0.0155741  0.00647749   0.0450761  -0.0028824
   0.361788 -0.00189181  -0.0028824    0.446741
IMAGINARY
          0  0.00174086  0.00300706  0.00748173
-0.00174086           0 -0.00474284   -0.010167
-0.00300706  0.00474284           0  0.00631403
-0.00748173    0.010167 -0.00631403           0
EndNode2[0]<--->HoM1[0]
REAL
   0.459951 -0.00650575  0.00556153    0.350837
-0.00650575   0.0518811  0.00389491 -0.00224628
 0.00556153  0.00389491   0.0494539  0.00077941
   0.350837 -0.00224628  0.00077941    0.438714
IMAGINARY
          0 -0.00248103 -0.00155172     0.01065
 0.00248103           0  0.00375451  0.00356973
 0.00155172 -0.00375451           0 -0.00729854
   -0.01065 -0.00356973  0.00729854           0
Repeater1[0]<--->EndNode1[0]
REAL
   0.454493  -0.0155741 -0.00836686    0.361788
 -0.0155741   0.0450761  0.00647749  -0.0028824
-0.00836686  0.00647749   0.0536893 -0.00189181
   0.361788  -0.0028824 -0.00189181    0.446741
IMAGINARY
          0  0.00300706  0.00174086  0.00748173
-0.00300706           0  0.00474284  0.00631403
-0.00174086 -0.00474284           0   -0.010167
-0.00748173 -0.00631403    0.010167           0
Repeater1[0]<--->HoM1[0]
REAL
   0.459951  0.00556153 -0.00650575    0.350837
 0.00556153   0.0494539  0.00389491  0.00077941
-0.00650575  0.00389491   0.0518811 -0.00224628
   0.350837  0.00077941 -0.00224628    0.438714
IMAGINARY
          0 -0.00155172 -0.00248103     0.01065
 0.00155172           0 -0.00375451 -0.00729854
 0.00248103  0.00375451           0  0.00356973
   -0.01065  0.00729854 -0.00356973           0
EndNode1[0]<--->Repeater1[0]
REAL
  0.442166 -0.0049781 -0.0021967   0.354215
-0.0049781  0.0624235 0.00390969 -0.0136336
-0.0021967 0.00390969  0.0507956 -0.0111509
  0.354215 -0.0136336 -0.0111509   0.444614
IMAGINARY
           0  0.000519395  -0.00410626  -0.00296299
-0.000519395            0   0.00799258  -0.00168642
  0.00410626  -0.00799258            0   0.00801719
  0.00296299   0.00168642  -0.00801719            0
EndNode2[0]<--->HoM1[0]
REAL
      0.4474  0.000924347 -0.000579263     0.353695
 0.000924347     0.052899   0.00505887  -0.00505872
-0.000579263   0.00505887    0.0433353   0.00412016
    0.353695  -0.00505872   0.00412016     0.456366
IMAGINARY
           0   0.00264382   0.00259142 -0.000397566
 -0.00264382            0   0.00143954   -0.0118317
 -0.00259142  -0.00143954            0   0.00248965
 0.000397566    0.0118317  -0.00248965            0
Repeater1[0]<--->EndNode1[0]
REAL
  0.442166 -0.0021967 -0.0049781   0.354215
-0.0021967  0.0507956 0.00390969 -0.0111509
-0.0049781 0.00390969  0.0624235 -0.0136336
  0.354215 -0.0111509 -0.0136336   0.444614
IMAGINARY
           0  -0.00410626  0.000519395  -0.00296299
  0.00410626            0  -0.00799258   0.00801719
-0.000519395   0.00799258            0  -0.00168642
  0.00296299  -0.00801719   0.00168642            0
Repeater1[0]<--->HoM1[0]
REAL
      0.4474 -0.000579263  0.000924347     0.353695
-0.000579263    0.0433353   0.00505887   0.00412016
 0.000924347   0.00505887     0.052899  -0.00505872
    0.353695   0.00412016  -0.00505872     0.456366
IMAGINARY
           0   0.00259142   0.00264382 -0.000397566
 -0.00259142            0  -0.00143954   0.00248965
 -0.00264382   0.00143954            0   -0.0118317
 0.000397566  -0.00248965    0.0118317            0
EndNode1[0]<--->Repeater1[0]
REAL
   0.431355 -0.00900157  0.00250931    0.361506
-0.00900157   0.0498967   0.0088363   0.0013404
 0.00250931   0.0088363   0.0481252  0.00145614
   0.361506   0.0013404  0.00145614    0.470623
IMAGINARY
           0 -0.000719673  -0.00156019  -0.00545056
 0.000719673            0  -0.00874792  0.000218111
  0.00156019   0.00874792            0  -0.00449953
  0.00545056 -0.000218111   0.00449953            0
EndNode2[0]<--->HoM1[0]
REAL
   0.447888 0.000223796 -0.00231029    0.344731
0.000223796   0.0467943  0.00451849  0.00321119
-0.00231029  0.00451849    0.049529 0.000677105
   0.344731  0.00321119 0.000677105    0.455789
IMAGINARY
           0   -0.0047195   0.00160392  -0.00519003
   0.0047195            0 -0.000326809   0.00281825
 -0.00160392  0.000326809            0   0.00383507
  0.00519003  -0.00281825  -0.00383507            0
Repeater1[0]<--->EndNode1[0]
REAL
   0.431355  0.00250931 -0.00900157    0.361506
 0.00250931   0.0481252   0.0088363  0.00145614
-0.00900157   0.0088363   0.0498967   0.0013404
   0.361506  0.00145614   0.0013404    0.470623
IMAGINARY
           0  -0.00156019 -0.000719673  -0.00545056
  0.00156019            0   0.00874792  -0.00449953
 0.000719673  -0.00874792            0  0.000218111
  0.00545056   0.00449953 -0.000218111            0
Repeater1[0]<--->HoM1[0]
REAL
   0.447888 -0.00231029 0.000223796    0.344731
-0.00231029    0.049529  0.00451849 0.000677105
0.000223796  0.00451849   0.0467943  0.00321119
   0.344731 0.000677105  0.00321119    0.455789
IMAGINARY
           0   0.00160392   -0.0047195  -0.00519003
 -0.00160392            0  0.000326809   0.00383507
   0.0047195 -0.000326809            0   0.00281825
  0.00519003  -0.00383507  -0.00281825            0
EndNode1[0]<--->Repeater1[0]
REAL
   0.458593 -0.00548437  0.00504366    0.352582
-0.00548437   0.0448204  0.00310668 -0.00504366
 0.00504366  0.00310668    0.048976  0.00249035
   0.352582 -0.00504366  0.00249035    0.447611
IMAGINARY
           0   0.00328298  -0.00367062  -0.00288192
 -0.00328298            0   0.00377265    0.0041204
  0.00367062  -0.00377265            0 -0.000134554
  0.00288192   -0.0041204  0.000134554            0
EndNode2[0]<--->HoM1[0]
REAL
   0.453969  -0.0142593 -0.00396751    0.358517
 -0.0142593   0.0479928  0.00301205 -0.00503751
-0.00396751  0.00301205   0.0540296 -0.00212686
   0.358517 -0.00503751 -0.00212686    0.444008
IMAGINARY
           0  0.000151786  -0.00082298   0.00563953
-0.000151786            0   -0.0044296   -0.0116959
  0.00082298    0.0044296            0  -0.00301755
 -0.00563953    0.0116959   0.00301755            0
Repeater1[0]<--->EndNode1[0]
REAL
   0.458593  0.00504366 -0.00548437    0.352582
 0.00504366    0.048976  0.00310668  0.00249035
-0.00548437  0.00310668   0.0448204 -0.00504366
   0.352582  0.00249035 -0.00504366    0.447611
IMAGINARY
           0  -0.00367062   0.00328298  -0.00288192
  0.00367062            0  -0.00377265 -0.000134554
 -0.00328298   0.00377265            0    0.0041204
  0.00288192  0.000134554   -0.0041204            0
Repeater1[0]<--->HoM1[0]
REAL
   0.453969 -0.00396751  -0.0142593    0.358517
-0.00396751   0.0540296  0.00301205 -0.00212686
 -0.0142593  0.00301205   0.0479928 -0.00503751
   0.358517 -0.00212686 -0.00503751    0.444008
IMAGINARY
           0  -0.00082298  0.000151786   0.00563953
  0.00082298            0    0.0044296  -0.00301755
-0.000151786   -0.0044296            0   -0.0116959
 -0.00563953   0.00301755    0.0116959            0
EndNode1[0]<--->Repeater1[0]
REAL
   0.440735  0.00273559  -0.0098436    0.355985
 0.00273559   0.0493109  0.00293966  0.00137909
 -0.0098436  0.00293966   0.0493109 -0.00139909
   0.355985  0.00137909 -0.00139909    0.460643
IMAGINARY
          0 -0.00591357  0.00559739   0.0103295
 0.00591357           0 -0.00468412 -0.00145783
-0.00559739  0.00468412           0 -0.00620943
 -0.0103295  0.00145783  0.00620943           0
EndNode2[0]<--->HoM1[0]
REAL
   0.452647 -0.00891797 -0.00317092    0.364649
-0.00891797   0.0508824 -0.00213829  0.00123236
-0.00317092 -0.00213829   0.0511765  0.00429524
   0.364649  0.00123236  0.00429524    0.445294
IMAGINARY
          0 -0.00468295   0.0059373  -0.0128404
 0.00468295           0   0.0017709   0.0117739
 -0.0059373  -0.0017709           0 -0.00334006
  0.0128404  -0.0117739  0.00334006           0
Repeater1[0]<--->EndNode1[0]
REAL
   0.440735  -0.0098436  0.00273559    0.355985
 -0.0098436   0.0493109  0.00293966 -0.00139909
 0.00273559  0.00293966   0.0493109  0.00137909
   0.355985 -0.00139909  0.00137909    0.460643
IMAGINARY
          0  0.00559739 -0.00591357   0.0103295
-0.00559739           0  0.00468412 -0.00620943
 0.00591357 -0.00468412           0 -0.00145783
 -0.0103295  0.00620943  0.00145783           0
Repeater1[0]<--->HoM1[0]
REAL
   0.452647 -0.00317092 -0.00891797    0.364649
-0.00317092   0.0511765 -0.00213829  0.00429524
-0.00891797 -0.00213829   0.0508824  0.00123236
   0.364649  0.00429524  0.00123236    0.445294
IMAGINARY
          0   0.0059373 -0.00468295  -0.0128404
 -0.0059373           0  -0.0017709 -0.00334006
 0.00468295   0.0017709           0   0.0117739
  0.0128404  0.00334006  -0.0117739           0
EndNode1[0]<--->Repeater1[0]
REAL
   0.438817  0.00771163  0.00292268    0.348698
 0.00771163   0.0483021 0.000948706 -0.00262787
 0.00292268 0.000948706   0.0494731 -0.00859606
   0.348698 -0.00262787 -0.00859606    0.463407
IMAGINARY
          0  -0.0057095  0.00254203 -0.00510988
  0.0057095           0 -0.00541163 -0.00135719
-0.00254203  0.00541163           0  0.00215499
 0.00510988  0.00135719 -0.00215499           0
EndNode2[0]<--->HoM1[0]
REAL
   0.448576 -0.00072867  0.00288383    0.351743
-0.00072867   0.0491754  0.00462696  0.00613059
 0.00288383  0.00462696   0.0536732  0.00253155
   0.351743  0.00613059  0.00253155    0.448576
IMAGINARY
          0 -0.00207719 -0.00671071 -0.00408104
 0.00207719           0  0.00108882  0.00228593
 0.00671071 -0.00108882           0 -0.00967136
 0.00408104 -0.00228593  0.00967136           0
Repeater1[0]<--->EndNode1[0]
REAL
   0.438817  0.00292268  0.00771163    0.348698
 0.00292268   0.0494731 0.000948706 -0.00859606
 0.00771163 0.000948706   0.0483021 -0.00262787
   0.348698 -0.00859606 -0.00262787    0.463407
IMAGINARY
          0  0.00254203  -0.0057095 -0.00510988
-0.00254203           0  0.00541163  0.00215499
  0.0057095 -0.00541163           0 -0.00135719
 0.00510988 -0.00215499  0.00135719           0
Repeater1[0]<--->HoM1[0]
REAL
   0.448576  0.00288383 -0.00072867    0.351743
 0.00288383   0.0536732  0.00462696  0.00253155
-0.00072867  0.00462696   0.0491754  0.00613059
   0.351743  0.00253155  0.00613059    0.448576
IMAGINARY
          0 -0.00671071 -0.00207719 -0.00408104
 0.00671071           0 -0.00108882 -0.00967136
 0.00207719  0.00108882           0  0.00228593
 0.00408104  0.00967136 -0.00228593           0
EndNode1[0]<--->Repeater1[0]
REAL
   0.440012  0.00322118  0.00518516    0.355977
 0.00322118   0.0479309  0.00395729  -0.0068383
 0.00518516  0.00395729   0.0488241 -0.00307089
   0.355977  -0.0068383 -0.00307089    0.463233
IMAGINARY
           0   0.00528975  -0.00605592  -0.00396853
 -0.00528975            0   0.00258435  0.000329583
  0.00605592  -0.00258435            0   0.00314907
  0.00396853 -0.000329583  -0.00314907            0
EndNode2[0]<--->HoM1[0]
REAL
   0.444647 -0.00319139 -0.00221202    0.352133
-0.00319139   0.0433728  0.00593322 -0.00640867
-0.00221202  0.00593322   0.0524719 -0.00820023
   0.352133 -0.00640867 -0.00820023    0.459509
IMAGINARY
           0   0.00151358  -0.00471133  -0.00478731
 -0.00151358            0 -0.000236335   0.00215801
  0.00471133  0.000236335            0   -0.0007626
  0.00478731  -0.00215801    0.0007626            0
Repeater1[0]<--->EndNode1[0]
REAL
   0.440012  0.00518516  0.00322118    0.355977
 0.00518516   0.0488241  0.00395729 -0.00307089
 0.00322118  0.00395729   0.0479309  -0.0068383
   0.355977 -0.00307089  -0.0068383    0.463233
IMAGINARY
           0  -0.00605592   0.00528975  -0.00396853
  0.00605592            0  -0.00258435   0.00314907
 -0.00528975   0.00258435            0  0.000329583
  0.00396853  -0.00314907 -0.000329583            0
Repeater1[0]<--->HoM1[0]
REAL
   0.444647 -0.00221202 -0.00319139    0.352133
-0.00221202   0.0524719  0.00593322 -0.00820023
-0.00319139  0.00593322   0.0433728 -0.00640867
   0.352133 -0.00820023 -0.00640867    0.459509
IMAGINARY
           0  -0.00471133   0.00151358  -0.00478731
