EndNode[0]<--->repeater[0]
REAL
   0.247431  0.00708781 -0.00216021 -9.9506e-05
 0.00708781    0.251758  0.00289987  0.00324422
-0.00216021  0.00289987    0.251037 -0.00239043
-9.9506e-05  0.00324422 -0.00239043    0.249775
IMAGINARY
          0 -0.00448634 -0.00887811 -0.00369931
 0.00448634           0  0.00217136 -0.00217928
 0.00887811 -0.00217136           0 -0.00164671
 0.00369931  0.00217928  0.00164671           0
repeater[0]<--->HoM[0]
REAL
   0.497788 -0.00324675  0.00223135         0.5
-0.00324675           0           0 -0.00223135
 0.00223135           0           0  0.00324675
        0.5 -0.00223135  0.00324675    0.502212
IMAGINARY
          0 -0.00260311 -0.00153032  0.00277925
 0.00260311           0 -0.00115704 -0.00207008
 0.00153032  0.00115704           0  0.00620351
-0.00277925  0.00207008 -0.00620351           0
repeater[1]<--->HoM[0]
REAL
   0.497788  0.00223135 -0.00324675         0.5
 0.00223135           0           0  0.00324675
-0.00324675           0           0 -0.00223135
        0.5  0.00324675 -0.00223135    0.502212
IMAGINARY
          0 -0.00153032 -0.00260311  0.00277925
 0.00153032           0  0.00115704  0.00620351
 0.00260311 -0.00115704           0 -0.00207008
-0.00277925 -0.00620351  0.00207008           0
