


[Config Layer2_Simple_MIM_MM]
network = Layer2_Simple_MIM_MM
seed-set = 4
#**.tomography_output_filename = "Layer2_Simple_MIM_MM"
**.tomography_output_filename = "Layer2_Simple_MIM_MM_1000000"
**.buffers = uniform(50, 50)
**.num_measure = 100000 #max measurement for tomography accumulation

**.emission_error_rate = 0 # per shot.
**.emission_Z_error_ratio = 0 #ratio. Not the error rate!! By default the ratio is 1:1:1
**.emission_X_error_ratio = 0 #ratio. Not the error rate!!
**.emission_Y_error_ratio = 0 #ratio. Not the error rate!!

**.channel_error_rate = 0.005 #per km. Max = 1 = 100%
**.photon_loss_ratio = 0 # per km. 1% = 0.01
**.Z_error_ratio = 1 #ratio. Not the error rate!! By default the ratio is 1:1:1
**.X_error_ratio = 1 #ratio. Not the error rate!!
**.Y_error_ratio = 1 #ratio. Not the error rate!!

**.memory_error_rate = 0.001 #per μs
**.memory_X_error_ratio = 1 #ratio. Not the error rate!!
**.memory_Y_error_ratio = 1 #ratio. Not the error rate!!
**.memory_Z_error_ratio = 1 #ratio. Not the error rate!! By default the ratio is 1:1:1
**.memory_energy_excitation_ratio = 1
**.memory_energy_relaxation_ratio = 1
**.memory_complitely_mixed_ratio = 1

#Error on Target, Error on Controlled
**.CNOTgate_error_rate = 0.02
**.CNOTgate_IZ_error_ratio = 1 #checked
**.CNOTgate_ZI_error_ratio = 1 #checked
**.CNOTgate_ZZ_error_ratio = 1 #checked
**.CNOTgate_IX_error_ratio = 1 #checked
**.CNOTgate_XI_error_ratio = 1 #checked
**.CNOTgate_XX_error_ratio = 1 #checked
**.CNOTgate_IY_error_ratio = 1 #checked
**.CNOTgate_YI_error_ratio = 1 #checked
**.CNOTgate_YY_error_ratio = 1 #checked

**.Measurement_error_rate = 0.01
**.Measurement_X_error_ratio = 1
**.Measurement_Y_error_ratio = 1
**.Measurement_Z_error_ratio = 1

**.hom_photon_detection_per_sec = 1000000000
**.hom_darkcount_probability = 0.0 #1%

**.link_tomography = true
**.initial_purification = 0
**.X_purification = false



EndNode1[0]<--->Repeater1[0]
REAL
   0.423669 0.000169284 0.000620052    0.333056
0.000169284   0.0761956 -0.00042825 -0.00176583
0.000620052 -0.00042825   0.0817797   0.0012409
   0.333056 -0.00176583   0.0012409    0.418355
IMAGINARY
           0   0.00167993  -0.00204921  0.000424095
 -0.00167993            0   0.00289379  -0.00349221
  0.00204921  -0.00289379            0 -0.000771498
-0.000424095   0.00349221  0.000771498            0
EndNode2[0]<--->HoM1[0]
REAL
   0.426231   0.0029467  -0.0032797    0.336527
  0.0029467   0.0782453  0.00454348 -0.00172345
 -0.0032797  0.00454348   0.0762757  0.00151557
   0.336527 -0.00172345  0.00151557    0.419248
IMAGINARY
           0  -0.00358331   0.00663864  -0.00179048
  0.00358331            0   0.00333201 -0.000498371
 -0.00663864  -0.00333201            0 -0.000646653
  0.00179048  0.000498371  0.000646653            0
Repeater1[0]<--->EndNode1[0]
REAL
   0.423669 0.000620052 0.000169284    0.333056
0.000620052   0.0817797 -0.00042825   0.0012409
0.000169284 -0.00042825   0.0761956 -0.00176583
   0.333056   0.0012409 -0.00176583    0.418355
IMAGINARY
           0  -0.00204921   0.00167993  0.000424095
  0.00204921            0  -0.00289379 -0.000771498
 -0.00167993   0.00289379            0  -0.00349221
-0.000424095  0.000771498   0.00349221            0
Repeater1[0]<--->HoM1[0]
REAL
   0.426231  -0.0032797   0.0029467    0.336527
 -0.0032797   0.0762757  0.00454348  0.00151557
  0.0029467  0.00454348   0.0782453 -0.00172345
   0.336527  0.00151557 -0.00172345    0.419248
IMAGINARY
           0   0.00663864  -0.00358331  -0.00179048
 -0.00663864            0  -0.00333201 -0.000646653
  0.00358331   0.00333201            0 -0.000498371
  0.00179048  0.000646653  0.000498371            0
EndNode1[0]<--->Repeater1[0]
REAL
    0.429602 -9.66482e-05   0.00732529     0.340805
-9.66482e-05    0.0745017    0.0031115  -0.00691882
  0.00732529    0.0031115    0.0783801  -0.00130341
    0.340805  -0.00691882  -0.00130341     0.417516
IMAGINARY
           0   0.00248332   0.00542926  0.000639465
 -0.00248332            0  -0.00356449  -0.00391653
 -0.00542926   0.00356449            0  -0.00506385
-0.000639465   0.00391653   0.00506385            0
EndNode2[0]<--->HoM1[0]
REAL
    0.427968   0.00478574 -0.000779434     0.339529
  0.00478574    0.0801579  0.000421004   0.00127011
-0.000779434  0.000421004    0.0754752 -0.000726498
    0.339529   0.00127011 -0.000726498     0.416399
IMAGINARY
           0    0.0033058 -0.000285061   0.00185774
  -0.0033058            0  -0.00325804  -0.00371281
 0.000285061   0.00325804            0   0.00184701
 -0.00185774   0.00371281  -0.00184701            0
Repeater1[0]<--->EndNode1[0]
REAL
    0.429602   0.00732529 -9.66482e-05     0.340805
  0.00732529    0.0783801    0.0031115  -0.00130341
-9.66482e-05    0.0031115    0.0745017  -0.00691882
    0.340805  -0.00130341  -0.00691882     0.417516
IMAGINARY
           0   0.00542926   0.00248332  0.000639465
 -0.00542926            0   0.00356449  -0.00506385
 -0.00248332  -0.00356449            0  -0.00391653
-0.000639465   0.00506385   0.00391653            0
Repeater1[0]<--->HoM1[0]
REAL
    0.427968 -0.000779434   0.00478574     0.339529
-0.000779434    0.0754752  0.000421004 -0.000726498
  0.00478574  0.000421004    0.0801579   0.00127011
    0.339529 -0.000726498   0.00127011     0.416399
IMAGINARY
           0 -0.000285061    0.0033058   0.00185774
 0.000285061            0   0.00325804   0.00184701
  -0.0033058  -0.00325804            0  -0.00371281
 -0.00185774  -0.00184701   0.00371281            0
EndNode1[0]<--->Repeater1[0]
REAL
     0.40882  -0.00199808  -0.00425071     0.337407
 -0.00199808    0.0849567   0.00408832 -0.000376838
 -0.00425071   0.00408832    0.0806277  -0.00280918
    0.337407 -0.000376838  -0.00280918     0.425595
IMAGINARY
          0  0.00087694 -0.00384131  0.00114147
-0.00087694           0   0.0016438 -0.00054738
 0.00384131  -0.0016438           0 -0.00127591
-0.00114147  0.00054738  0.00127591           0
EndNode2[0]<--->HoM1[0]
REAL
   0.417837  0.00492091  0.00975178     0.33791
 0.00492091   0.0793737   0.0016169 -0.00446944
 0.00975178   0.0016169   0.0807235  0.00364011
    0.33791 -0.00446944  0.00364011    0.422066
IMAGINARY
           0 -0.000786961  -0.00890097  -0.00273604
 0.000786961            0  -0.00326862   0.00570495
  0.00890097   0.00326862            0   0.00451565
  0.00273604  -0.00570495  -0.00451565            0
Repeater1[0]<--->EndNode1[0]
REAL
     0.40882  -0.00425071  -0.00199808     0.337407
 -0.00425071    0.0806277   0.00408832  -0.00280918
 -0.00199808   0.00408832    0.0849567 -0.000376838
    0.337407  -0.00280918 -0.000376838     0.425595
IMAGINARY
          0 -0.00384131  0.00087694  0.00114147
 0.00384131           0  -0.0016438 -0.00127591
-0.00087694   0.0016438           0 -0.00054738
-0.00114147  0.00127591  0.00054738           0
Repeater1[0]<--->HoM1[0]
REAL
   0.417837  0.00975178  0.00492091     0.33791
 0.00975178   0.0807235   0.0016169  0.00364011
 0.00492091   0.0016169   0.0793737 -0.00446944
    0.33791  0.00364011 -0.00446944    0.422066
IMAGINARY
           0  -0.00890097 -0.000786961  -0.00273604
  0.00890097            0   0.00326862   0.00451565
 0.000786961  -0.00326862            0   0.00570495
  0.00273604  -0.00451565  -0.00570495            0
EndNode1[0]<--->Repeater1[0]
REAL
   0.423629  0.00220662 -0.00701943    0.339289
 0.00220662   0.0785507  -0.0011147  0.00214842
-0.00701943  -0.0011147   0.0790047 -0.00527355
   0.339289  0.00214842 -0.00527355    0.418816
IMAGINARY
           0  0.000444531   0.00306675   0.00226131
-0.000444531            0   0.00121918  -0.00320072
 -0.00306675  -0.00121918            0  -0.00129297
 -0.00226131   0.00320072   0.00129297            0
EndNode2[0]<--->HoM1[0]
REAL
  0.412591 0.00374081 -0.0048001   0.343697
0.00374081  0.0798007 0.00151159  0.0052096
-0.0048001 0.00151159  0.0809783 -0.0017843
  0.343697  0.0052096 -0.0017843    0.42663
IMAGINARY
           0  -0.00279003  -3.8226e-05   0.00553944
  0.00279003            0   0.00293058   0.00295905
  3.8226e-05  -0.00293058            0 -0.000310539
 -0.00553944  -0.00295905  0.000310539            0
Repeater1[0]<--->EndNode1[0]
REAL
   0.423629 -0.00701943  0.00220662    0.339289
-0.00701943   0.0790047  -0.0011147 -0.00527355
 0.00220662  -0.0011147   0.0785507  0.00214842
   0.339289 -0.00527355  0.00214842    0.418816
IMAGINARY
           0   0.00306675  0.000444531   0.00226131
 -0.00306675            0  -0.00121918  -0.00129297
-0.000444531   0.00121918            0  -0.00320072
 -0.00226131   0.00129297   0.00320072            0
Repeater1[0]<--->HoM1[0]
REAL
  0.412591 -0.0048001 0.00374081   0.343697
-0.0048001  0.0809783 0.00151159 -0.0017843
0.00374081 0.00151159  0.0798007  0.0052096
  0.343697 -0.0017843  0.0052096    0.42663
IMAGINARY
           0  -3.8226e-05  -0.00279003   0.00553944
  3.8226e-05            0  -0.00293058 -0.000310539
  0.00279003   0.00293058            0   0.00295905
 -0.00553944  0.000310539  -0.00295905            0
EndNode1[0]<--->Repeater1[0]
REAL
   0.424732  0.00224457  0.00504536    0.342436
 0.00224457   0.0786507 0.000920521  0.00234606
 0.00504536 0.000920521   0.0809958  0.00184138
   0.342436  0.00234606  0.00184138    0.415622
IMAGINARY
           0  -0.00136637  5.98888e-05  -0.00123394
  0.00136637            0   0.00282743   0.00549467
-5.98888e-05  -0.00282743            0  -0.00176927
  0.00123394  -0.00549467   0.00176927            0
EndNode2[0]<--->HoM1[0]
REAL
   0.429821  0.00482234 -0.00296513    0.339455
 0.00482234    0.078297  -0.0044856  0.00264984
-0.00296513  -0.0044856   0.0788382 -0.00369631
   0.339455  0.00264984 -0.00369631    0.413043
IMAGINARY
          0  0.00458069 -0.00323489 -0.00210309
-0.00458069           0  0.00183321 -0.00197906
 0.00323489 -0.00183321           0  0.00530783
 0.00210309  0.00197906 -0.00530783           0
Repeater1[0]<--->EndNode1[0]
REAL
   0.424732  0.00504536  0.00224457    0.342436
 0.00504536   0.0809958 0.000920521  0.00184138
 0.00224457 0.000920521   0.0786507  0.00234606
   0.342436  0.00184138  0.00234606    0.415622
IMAGINARY
           0  5.98888e-05  -0.00136637  -0.00123394
-5.98888e-05            0  -0.00282743  -0.00176927
  0.00136637   0.00282743            0   0.00549467
  0.00123394   0.00176927  -0.00549467            0
Repeater1[0]<--->HoM1[0]
REAL
   0.429821 -0.00296513  0.00482234    0.339455
-0.00296513   0.0788382  -0.0044856 -0.00369631
 0.00482234  -0.0044856    0.078297  0.00264984
   0.339455 -0.00369631  0.00264984    0.413043
IMAGINARY
          0 -0.00323489  0.00458069 -0.00210309
 0.00323489           0 -0.00183321  0.00530783
-0.00458069  0.00183321           0 -0.00197906
 0.00210309 -0.00530783  0.00197906           0





