EndNode1[0]<--->Repeater1[0]
REAL
   0.415011  0.00939604  0.00405164    0.340326
 0.00939604   0.0761589 -0.00424251 -0.00276818
 0.00405164 -0.00424251   0.0890361 -0.00554565
   0.340326 -0.00276818 -0.00554565    0.419794
IMAGINARY
          0 -0.00260152   0.0110401  0.00640838
 0.00260152           0  0.00205424  0.00590013
 -0.0110401 -0.00205424           0 -0.00351095
-0.00640838 -0.00590013  0.00351095           0
EndNode2[0]<--->HoM1[0]
REAL
   0.431514 -0.00102685 -0.00977421    0.336755
-0.00102685   0.0798699 -0.00222792  0.00153639
-0.00977421 -0.00222792   0.0780629 -0.00577831
   0.336755  0.00153639 -0.00577831    0.410553
IMAGINARY
           0  -0.00413859   0.00633421  2.80594e-05
  0.00413859            0  -0.00454232  -0.00986528
 -0.00633421   0.00454232            0   0.00766966
-2.80594e-05   0.00986528  -0.00766966            0
Repeater1[0]<--->EndNode1[0]
REAL
   0.415011  0.00405164  0.00939604    0.340326
 0.00405164   0.0890361 -0.00424251 -0.00554565
 0.00939604 -0.00424251   0.0761589 -0.00276818
   0.340326 -0.00554565 -0.00276818    0.419794
IMAGINARY
          0   0.0110401 -0.00260152  0.00640838
 -0.0110401           0 -0.00205424 -0.00351095
 0.00260152  0.00205424           0  0.00590013
-0.00640838  0.00351095 -0.00590013           0
Repeater1[0]<--->HoM1[0]
REAL
   0.431514 -0.00977421 -0.00102685    0.336755
-0.00977421   0.0780629 -0.00222792 -0.00577831
-0.00102685 -0.00222792   0.0798699  0.00153639
   0.336755 -0.00577831  0.00153639    0.410553
IMAGINARY
           0   0.00633421  -0.00413859  2.80594e-05
 -0.00633421            0   0.00454232   0.00766966
  0.00413859  -0.00454232            0  -0.00986528
-2.80594e-05  -0.00766966   0.00986528            0
EndNode1[0]<--->Repeater1[0]
REAL
   0.452045 -0.00973288   0.0032889    0.339064
-0.00973288   0.0856841 -0.00633797 -0.00802651
  0.0032889 -0.00633797   0.0796897  0.00244425
   0.339064 -0.00802651  0.00244425    0.382581
IMAGINARY
          0  0.00463035 -0.00257076   0.0127708
-0.00463035           0 -0.00502859  0.00329487
 0.00257076  0.00502859           0 -0.00137184
 -0.0127708 -0.00329487  0.00137184           0
EndNode2[0]<--->HoM1[0]
REAL
   0.423397  0.00666669 -0.00100597    0.334666
 0.00666669   0.0804057  -0.0113474  0.00637078
-0.00100597  -0.0113474   0.0699022  -0.0027325
   0.334666  0.00637078  -0.0027325    0.426295
IMAGINARY
          0  0.00462444 -0.00929526   0.0047619
-0.00462444           0 -0.00952381 -0.00144373
 0.00929526  0.00952381           0    0.010847
 -0.0047619  0.00144373   -0.010847           0
Repeater1[0]<--->EndNode1[0]
REAL
   0.452045   0.0032889 -0.00973288    0.339064
  0.0032889   0.0796897 -0.00633797  0.00244425
-0.00973288 -0.00633797   0.0856841 -0.00802651
   0.339064  0.00244425 -0.00802651    0.382581
IMAGINARY
          0 -0.00257076  0.00463035   0.0127708
 0.00257076           0  0.00502859 -0.00137184
-0.00463035 -0.00502859           0  0.00329487
 -0.0127708  0.00137184 -0.00329487           0
Repeater1[0]<--->HoM1[0]
REAL
   0.423397 -0.00100597  0.00666669    0.334666
-0.00100597   0.0699022  -0.0113474  -0.0027325
 0.00666669  -0.0113474   0.0804057  0.00637078
   0.334666  -0.0027325  0.00637078    0.426295
IMAGINARY
          0 -0.00929526  0.00462444   0.0047619
 0.00929526           0  0.00952381    0.010847
-0.00462444 -0.00952381           0 -0.00144373
 -0.0047619   -0.010847  0.00144373           0
EndNode1[0]<--->Repeater1[0]
REAL
    0.402844  -0.00234376 -0.000875964     0.340357
 -0.00234376    0.0754648  -0.00455158  0.000875964
-0.000875964  -0.00455158    0.0758294  -0.00365906
    0.340357  0.000875964  -0.00365906     0.445862
IMAGINARY
          0  0.00180557 -0.00824718 -0.00189349
-0.00180557           0  0.00774248  0.00338932
 0.00824718 -0.00774248           0  0.00341214
 0.00189349 -0.00338932 -0.00341214           0
EndNode2[0]<--->HoM1[0]
REAL
   0.438169    0.010078  0.00277252    0.343056
   0.010078   0.0682909 -0.00629232  0.00679772
 0.00277252 -0.00629232   0.0860096  0.00815962
   0.343056  0.00679772  0.00815962     0.40753
IMAGINARY
           0  -0.00510103    0.0111954    0.0128326
  0.00510103            0 -0.000700205   0.00552402
  -0.0111954  0.000700205            0  -0.00176275
  -0.0128326  -0.00552402   0.00176275            0
Repeater1[0]<--->EndNode1[0]
REAL
    0.402844 -0.000875964  -0.00234376     0.340357
-0.000875964    0.0758294  -0.00455158  -0.00365906
 -0.00234376  -0.00455158    0.0754648  0.000875964
    0.340357  -0.00365906  0.000875964     0.445862
IMAGINARY
          0 -0.00824718  0.00180557 -0.00189349
 0.00824718           0 -0.00774248  0.00341214
-0.00180557  0.00774248           0  0.00338932
 0.00189349 -0.00341214 -0.00338932           0
Repeater1[0]<--->HoM1[0]
REAL
   0.438169  0.00277252    0.010078    0.343056
 0.00277252   0.0860096 -0.00629232  0.00815962
   0.010078 -0.00629232   0.0682909  0.00679772
   0.343056  0.00815962  0.00679772     0.40753
IMAGINARY
           0    0.0111954  -0.00510103    0.0128326
  -0.0111954            0  0.000700205  -0.00176275
  0.00510103 -0.000700205            0   0.00552402
  -0.0128326   0.00176275  -0.00552402            0
EndNode1[0]<--->Repeater1[0]
REAL
   0.414281   0.0101822   0.0145594    0.340432
  0.0101822   0.0786517 0.000734175  0.00310905
  0.0145594 0.000734175   0.0753896  0.00602908
   0.340432  0.00310905  0.00602908    0.431678
IMAGINARY
           0  -0.00479104  -0.00111305  -0.00216976
  0.00479104            0  0.000714159     0.019845
  0.00111305 -0.000714159            0  -0.00637611
  0.00216976    -0.019845   0.00637611            0
EndNode2[0]<--->HoM1[0]
REAL
   0.418757   -0.010856 -0.00737468    0.338227
  -0.010856   0.0745184  0.00465547  -0.0144271
-0.00737468  0.00465547   0.0817884 -0.00301787
   0.338227  -0.0144271 -0.00301787    0.424936
IMAGINARY
           0    0.0015964  -0.00515884  -0.00892469
  -0.0015964            0 -0.000331211   -0.0224002
  0.00515884  0.000331211            0    0.0170149
  0.00892469    0.0224002   -0.0170149            0
Repeater1[0]<--->EndNode1[0]
REAL
   0.414281   0.0145594   0.0101822    0.340432
  0.0145594   0.0753896 0.000734175  0.00602908
  0.0101822 0.000734175   0.0786517  0.00310905
   0.340432  0.00602908  0.00310905    0.431678
IMAGINARY
           0  -0.00111305  -0.00479104  -0.00216976
  0.00111305            0 -0.000714159  -0.00637611
  0.00479104  0.000714159            0     0.019845
  0.00216976   0.00637611    -0.019845            0
Repeater1[0]<--->HoM1[0]
REAL
   0.418757 -0.00737468   -0.010856    0.338227
-0.00737468   0.0817884  0.00465547 -0.00301787
  -0.010856  0.00465547   0.0745184  -0.0144271
   0.338227 -0.00301787  -0.0144271    0.424936
IMAGINARY
           0  -0.00515884    0.0015964  -0.00892469
  0.00515884            0  0.000331211    0.0170149
  -0.0015964 -0.000331211            0   -0.0224002
  0.00892469   -0.0170149    0.0224002            0
EndNode1[0]<--->Repeater1[0]
REAL
   0.411473 -0.00554814   0.0166314    0.334799
-0.00554814   0.0747167 0.000318756  -0.0087799
  0.0166314 0.000318756   0.0849858  0.00483437
   0.334799  -0.0087799  0.00483437    0.428824
IMAGINARY
           0   -0.0150375    0.0182605   0.00602122
   0.0150375            0 -0.000522818    0.0123444
  -0.0182605  0.000522818            0  -0.00651266
 -0.00602122   -0.0123444   0.00651266            0
EndNode2[0]<--->HoM1[0]
REAL
   0.425304  0.00268127 -0.00783223    0.338925
 0.00268127   0.0764832  0.00410029 -0.00269221
-0.00783223  0.00410029    0.078985  0.00463232
   0.338925 -0.00269221  0.00463232    0.419228
IMAGINARY
          0 -0.00779723  0.00520436  -0.0118929
 0.00779723           0  0.00725005  0.00299848
-0.00520436 -0.00725005           0 -0.00152417
  0.0118929 -0.00299848  0.00152417           0
Repeater1[0]<--->EndNode1[0]
REAL
   0.411473   0.0166314 -0.00554814    0.334799
  0.0166314   0.0849858 0.000318756  0.00483437
-0.00554814 0.000318756   0.0747167  -0.0087799
   0.334799  0.00483437  -0.0087799    0.428824
IMAGINARY
           0    0.0182605   -0.0150375   0.00602122
  -0.0182605            0  0.000522818  -0.00651266
   0.0150375 -0.000522818            0    0.0123444
 -0.00602122   0.00651266   -0.0123444            0
Repeater1[0]<--->HoM1[0]
REAL
   0.425304 -0.00783223  0.00268127    0.338925
-0.00783223    0.078985  0.00410029  0.00463232
 0.00268127  0.00410029   0.0764832 -0.00269221
   0.338925  0.00463232 -0.00269221    0.419228
IMAGINARY
          0  0.00520436 -0.00779723  -0.0118929
-0.00520436           0 -0.00725005 -0.00152417
 0.00779723  0.00725005           0  0.00299848
  0.0118929  0.00152417 -0.00299848           0
EndNode1[0]<--->Repeater1[0]
REAL
    0.43553  0.00822958  0.00850125    0.341373
 0.00822958   0.0762894  -0.0020931 -0.00443908
 0.00850125  -0.0020931   0.0730659  0.00183753
   0.341373 -0.00443908  0.00183753    0.415115
IMAGINARY
           0 -0.000946801   0.00300595 -0.000782745
 0.000946801            0   -0.0039274   0.00336463
 -0.00300595    0.0039274            0  -0.00687992
 0.000782745  -0.00336463   0.00687992            0
EndNode2[0]<--->HoM1[0]
REAL
    0.442726   0.00280775    0.0103653     0.340027
  0.00280775    0.0747698    0.0100656  -0.00428799
   0.0103653    0.0100656    0.0836096 -4.53181e-05
    0.340027  -0.00428799 -4.53181e-05     0.398895
IMAGINARY
           0   0.00346315 -0.000713795  -0.00312609
 -0.00346315            0  -0.00885327   -0.0172131
 0.000713795   0.00885327            0  -0.00719052
  0.00312609    0.0172131   0.00719052            0
Repeater1[0]<--->EndNode1[0]
REAL
    0.43553  0.00850125  0.00822958    0.341373
 0.00850125   0.0730659  -0.0020931  0.00183753
 0.00822958  -0.0020931   0.0762894 -0.00443908
   0.341373  0.00183753 -0.00443908    0.415115
IMAGINARY
           0   0.00300595 -0.000946801 -0.000782745
 -0.00300595            0    0.0039274  -0.00687992
 0.000946801   -0.0039274            0   0.00336463
 0.000782745   0.00687992  -0.00336463            0
Repeater1[0]<--->HoM1[0]
REAL
    0.442726    0.0103653   0.00280775     0.340027
   0.0103653    0.0836096    0.0100656 -4.53181e-05
  0.00280775    0.0100656    0.0747698  -0.00428799
    0.340027 -4.53181e-05  -0.00428799     0.398895
IMAGINARY
           0 -0.000713795   0.00346315  -0.00312609
 0.000713795            0   0.00885327  -0.00719052
 -0.00346315  -0.00885327            0   -0.0172131
  0.00312609   0.00719052    0.0172131            0
EndNode1[0]<--->Repeater1[0]
REAL
   0.414317  -0.0125498 -0.00487154    0.344513
 -0.0125498   0.0784526  0.00415913  -0.0102249
-0.00487154  0.00415913   0.0845987   0.0047288
   0.344513  -0.0102249   0.0047288    0.422632
IMAGINARY
          0   0.0144665 -0.00976375 -0.00319494
 -0.0144665           0  0.00137544 -0.00563448
 0.00976375 -0.00137544           0 -0.00367005
 0.00319494  0.00563448  0.00367005           0
EndNode2[0]<--->HoM1[0]
REAL
   0.418816   0.0165678   0.0192593    0.339971
  0.0165678   0.0737377  0.00489307 -0.00563247
  0.0192593  0.00489307   0.0777334  0.00614362
   0.339971 -0.00563247  0.00614362    0.429713
IMAGINARY
           0  -0.00236197 -0.000998462   -0.0040695
  0.00236197            0  -0.00175716  0.000457142
 0.000998462   0.00175716            0   0.00326417
   0.0040695 -0.000457142  -0.00326417            0
Repeater1[0]<--->EndNode1[0]
REAL
   0.414317 -0.00487154  -0.0125498    0.344513
-0.00487154   0.0845987  0.00415913   0.0047288
 -0.0125498  0.00415913   0.0784526  -0.0102249
   0.344513   0.0047288  -0.0102249    0.422632
IMAGINARY
          0 -0.00976375   0.0144665 -0.00319494
 0.00976375           0 -0.00137544 -0.00367005
 -0.0144665  0.00137544           0 -0.00563448
 0.00319494  0.00367005  0.00563448           0
Repeater1[0]<--->HoM1[0]
REAL
   0.418816   0.0192593   0.0165678    0.339971
  0.0192593   0.0777334  0.00489307  0.00614362
  0.0165678  0.00489307   0.0737377 -0.00563247
   0.339971  0.00614362 -0.00563247    0.429713
IMAGINARY
           0 -0.000998462  -0.00236197   -0.0040695
 0.000998462            0   0.00175716   0.00326417
  0.00236197  -0.00175716            0  0.000457142
   0.0040695  -0.00326417 -0.000457142            0
EndNode1[0]<--->Repeater1[0]
REAL
    0.425846   -0.0032128  -0.00429921     0.337988
  -0.0032128    0.0709143  -0.00554959   0.00340412
 -0.00429921  -0.00554959    0.0781138 -0.000546603
    0.337988   0.00340412 -0.000546603     0.425126
IMAGINARY
           0 -0.000157677  -0.00143354    0.0173544
 0.000157677            0   -0.0109135  -0.00160978
  0.00143354    0.0109135            0  -0.00145349
  -0.0173544   0.00160978   0.00145349            0
EndNode2[0]<--->HoM1[0]
REAL
   0.405916   0.0104958 -0.00798818    0.345994
  0.0104958     0.08268  0.00490585   0.0125787
-0.00798818  0.00490585   0.0844619 -0.00223282
   0.345994   0.0125787 -0.00223282    0.426942
IMAGINARY
          0 -0.00448748 -0.00152783  0.00704009
 0.00448748           0 -0.00465477  0.00832812
 0.00152783  0.00465477           0  0.00269793
-0.00704009 -0.00832812 -0.00269793           0
Repeater1[0]<--->EndNode1[0]
REAL
    0.425846  -0.00429921   -0.0032128     0.337988
 -0.00429921    0.0781138  -0.00554959 -0.000546603
  -0.0032128  -0.00554959    0.0709143   0.00340412
    0.337988 -0.000546603   0.00340412     0.425126
IMAGINARY
           0  -0.00143354 -0.000157677    0.0173544
  0.00143354            0    0.0109135  -0.00145349
 0.000157677   -0.0109135            0  -0.00160978
  -0.0173544   0.00145349   0.00160978            0
Repeater1[0]<--->HoM1[0]
REAL
   0.405916 -0.00798818   0.0104958    0.345994
-0.00798818   0.0844619  0.00490585 -0.00223282
  0.0104958  0.00490585     0.08268   0.0125787
   0.345994 -0.00223282   0.0125787    0.426942
IMAGINARY
          0 -0.00152783 -0.00448748  0.00704009
 0.00152783           0  0.00465477  0.00269793
 0.00448748 -0.00465477           0  0.00832812
-0.00704009 -0.00269793 -0.00832812           0
EndNode1[0]<--->Repeater1[0]
REAL
    0.422379 -0.000240712  -0.00886554     0.337667
-0.000240712    0.0889218  0.000960513   0.00320654
 -0.00886554  0.000960513    0.0789181  -0.00687867
    0.337667   0.00320654  -0.00687867     0.409781
IMAGINARY
           0  -0.00745571    0.0126312    -0.017033
  0.00745571            0  0.000121221 -7.00958e-05
  -0.0126312 -0.000121221            0   -0.0239469
    0.017033  7.00958e-05    0.0239469            0
EndNode2[0]<--->HoM1[0]
REAL
   0.411722  0.00452516  0.00143635    0.341349
 0.00452516   0.0832127  0.00483195 0.000162231
 0.00143635  0.00483195   0.0727207  0.00240202
   0.341349 0.000162231  0.00240202    0.432344
IMAGINARY
          0  -0.0181722   0.0168766 -0.00384844
  0.0181722           0  0.00115156   0.0103093
 -0.0168766 -0.00115156           0 -0.00644202
 0.00384844  -0.0103093  0.00644202           0
Repeater1[0]<--->EndNode1[0]
REAL
    0.422379  -0.00886554 -0.000240712     0.337667
 -0.00886554    0.0789181  0.000960513  -0.00687867
-0.000240712  0.000960513    0.0889218   0.00320654
    0.337667  -0.00687867   0.00320654     0.409781
IMAGINARY
           0    0.0126312  -0.00745571    -0.017033
  -0.0126312            0 -0.000121221   -0.0239469
  0.00745571  0.000121221            0 -7.00958e-05
    0.017033    0.0239469  7.00958e-05            0
Repeater1[0]<--->HoM1[0]
REAL
   0.411722  0.00143635  0.00452516    0.341349
 0.00143635   0.0727207  0.00483195  0.00240202
 0.00452516  0.00483195   0.0832127 0.000162231
   0.341349  0.00240202 0.000162231    0.432344
IMAGINARY
          0   0.0168766  -0.0181722 -0.00384844
 -0.0168766           0 -0.00115156 -0.00644202
  0.0181722  0.00115156           0   0.0103093
 0.00384844  0.00644202  -0.0103093           0
EndNode1[0]<--->Repeater1[0]
REAL
   0.428571 -0.00529496  0.00237223    0.330293
-0.00529496   0.0843672  0.00206814  0.00928958
 0.00237223  0.00206814   0.0801134  0.00893927
   0.330293  0.00928958  0.00893927    0.406948
IMAGINARY
           0  -0.00394655 -0.000796239   0.00287991
  0.00394655            0   0.00629104   0.00970572
 0.000796239  -0.00629104            0  -0.00781396
 -0.00287991  -0.00970572   0.00781396            0
EndNode2[0]<--->HoM1[0]
REAL
   0.416609  0.00626899   0.0059256    0.338912
 0.00626899    0.083045 -0.00133563  0.00214181
  0.0059256 -0.00133563   0.0823529  0.00143987
   0.338912  0.00214181  0.00143987    0.417993
IMAGINARY
          0 -0.00362894  0.00657582  0.00320759
 0.00362894           0 -0.00158946  0.00870802
-0.00657582  0.00158946           0  -0.0120188
-0.00320759 -0.00870802   0.0120188           0
Repeater1[0]<--->EndNode1[0]
REAL
   0.428571  0.00237223 -0.00529496    0.330293
 0.00237223   0.0801134  0.00206814  0.00893927
-0.00529496  0.00206814   0.0843672  0.00928958
   0.330293  0.00893927  0.00928958    0.406948
IMAGINARY
           0 -0.000796239  -0.00394655   0.00287991
 0.000796239            0  -0.00629104  -0.00781396
  0.00394655   0.00629104            0   0.00970572
 -0.00287991   0.00781396  -0.00970572            0
Repeater1[0]<--->HoM1[0]
REAL
   0.416609   0.0059256  0.00626899    0.338912
  0.0059256   0.0823529 -0.00133563  0.00143987
 0.00626899 -0.00133563    0.083045  0.00214181
   0.338912  0.00143987  0.00214181    0.417993
IMAGINARY
          0  0.00657582 -0.00362894  0.00320759
-0.00657582           0  0.00158946  -0.0120188
 0.00362894 -0.00158946           0  0.00870802
-0.00320759   0.0120188 -0.00870802           0
EndNode1[0]<--->Repeater1[0]
REAL
  0.430237 0.00234006 0.00254231   0.333733
0.00234006  0.0783242 0.00379385 0.00860075
0.00254231 0.00379385  0.0721311 0.00736519
  0.333733 0.00860075 0.00736519   0.419308
IMAGINARY
          0 -0.00111243 -0.00482142 -0.00942204
 0.00111243           0  0.00574016 -0.00536079
 0.00482142 -0.00574016           0  0.00343468
 0.00942204  0.00536079 -0.00343468           0
EndNode2[0]<--->HoM1[0]
REAL
  0.425279 0.00169938 0.00196237   0.343841
0.00169938   0.078502 0.00239511 0.00214037
0.00196237 0.00239511  0.0885848 0.00133308
  0.343841 0.00214037 0.00133308   0.407634
IMAGINARY
          0 -0.00163684 -0.00170208 -0.00968974
 0.00163684           0 -0.00449074 -0.00330865
 0.00170208  0.00449074           0   0.0105846
 0.00968974  0.00330865  -0.0105846           0
Repeater1[0]<--->EndNode1[0]
REAL
  0.430237 0.00254231 0.00234006   0.333733
0.00254231  0.0721311 0.00379385 0.00736519
0.00234006 0.00379385  0.0783242 0.00860075
  0.333733 0.00736519 0.00860075   0.419308
IMAGINARY
          0 -0.00482142 -0.00111243 -0.00942204
 0.00482142           0 -0.00574016  0.00343468
 0.00111243  0.00574016           0 -0.00536079
 0.00942204 -0.00343468  0.00536079           0
Repeater1[0]<--->HoM1[0]
REAL
  0.425279 0.00196237 0.00169938   0.343841
0.00196237  0.0885848 0.00239511 0.00133308
0.00169938 0.00239511   0.078502 0.00214037
  0.343841 0.00133308 0.00214037   0.407634
IMAGINARY
          0 -0.00170208 -0.00163684 -0.00968974
 0.00170208           0  0.00449074   0.0105846
 0.00163684 -0.00449074           0 -0.00330865
 0.00968974  -0.0105846  0.00330865           0
EndNode1[0]<--->Repeater1[0]
REAL
   0.413818 0.000657299  0.00639669    0.337988
0.000657299   0.0823227  0.00187044  0.00859449
 0.00639669  0.00187044    0.076075  0.00869014
   0.337988  0.00859449  0.00869014    0.427784
IMAGINARY
          0  0.00013516 -0.00465474 -0.00648113
-0.00013516           0 -0.00510467  -0.0132976
 0.00465474  0.00510467           0  0.00253103
 0.00648113   0.0132976 -0.00253103           0
EndNode2[0]<--->HoM1[0]
REAL
  0.425054 0.00600027 0.00283211   0.344854
0.00600027  0.0824411 0.00124513 0.00248704
0.00283211 0.00124513  0.0792291 0.00144654
  0.344854 0.00248704 0.00144654   0.413276
IMAGINARY
           0    -0.011322   0.00159353  0.000694656
    0.011322            0   0.00407424   0.00141399
 -0.00159353  -0.00407424            0   0.00229947
-0.000694656  -0.00141399  -0.00229947            0
Repeater1[0]<--->EndNode1[0]
REAL
   0.413818  0.00639669 0.000657299    0.337988
 0.00639669    0.076075  0.00187044  0.00869014
0.000657299  0.00187044   0.0823227  0.00859449
   0.337988  0.00869014  0.00859449    0.427784
IMAGINARY
          0 -0.00465474  0.00013516 -0.00648113
 0.00465474           0  0.00510467  0.00253103
-0.00013516 -0.00510467           0  -0.0132976
 0.00648113 -0.00253103   0.0132976           0
Repeater1[0]<--->HoM1[0]
REAL
  0.425054 0.00283211 0.00600027   0.344854
0.00283211  0.0792291 0.00124513 0.00144654
0.00600027 0.00124513  0.0824411 0.00248704
  0.344854 0.00144654 0.00248704   0.413276
IMAGINARY
           0   0.00159353    -0.011322  0.000694656
 -0.00159353            0  -0.00407424   0.00229947
    0.011322   0.00407424            0   0.00141399
-0.000694656  -0.00229947  -0.00141399            0
EndNode1[0]<--->Repeater1[0]
REAL
    0.405975  -0.00346602  -0.00564606     0.341958
 -0.00346602    0.0896309 -0.000410018   0.00473332
 -0.00564606 -0.000410018    0.0745167  -0.00328827
    0.341958   0.00473332  -0.00328827     0.429877
IMAGINARY
           0   0.00781306   -0.0113304  -0.00670451
 -0.00781306            0  4.26469e-05    0.0106172
   0.0113304 -4.26469e-05            0  -0.00495999
  0.00670451   -0.0106172   0.00495999            0
EndNode2[0]<--->HoM1[0]
REAL
   0.407662  0.00898803  0.00339961    0.335762
 0.00898803   0.0852909 -0.00134862  0.00847944
 0.00339961 -0.00134862   0.0827611 -0.00142864
   0.335762  0.00847944 -0.00142864    0.424286
IMAGINARY
          0  -0.0022367   0.0091412 -0.00860827
  0.0022367           0   0.0167339  0.00396078
 -0.0091412  -0.0167339           0 -0.00590777
 0.00860827 -0.00396078  0.00590777           0
Repeater1[0]<--->EndNode1[0]
REAL
    0.405975  -0.00564606  -0.00346602     0.341958
 -0.00564606    0.0745167 -0.000410018  -0.00328827
 -0.00346602 -0.000410018    0.0896309   0.00473332
    0.341958  -0.00328827   0.00473332     0.429877
IMAGINARY
           0   -0.0113304   0.00781306  -0.00670451
   0.0113304            0 -4.26469e-05  -0.00495999
 -0.00781306  4.26469e-05            0    0.0106172
  0.00670451   0.00495999   -0.0106172            0
Repeater1[0]<--->HoM1[0]
REAL
   0.407662  0.00339961  0.00898803    0.335762
 0.00339961   0.0827611 -0.00134862 -0.00142864
 0.00898803 -0.00134862   0.0852909  0.00847944
   0.335762 -0.00142864  0.00847944    0.424286
IMAGINARY
          0   0.0091412  -0.0022367 -0.00860827
 -0.0091412           0  -0.0167339 -0.00590777
  0.0022367   0.0167339           0  0.00396078
 0.00860827  0.00590777 -0.00396078           0
EndNode1[0]<--->Repeater1[0]
REAL
   0.425933 -0.00714383  0.00963149    0.339504
-0.00714383   0.0731437  -0.0135105 -0.00945248
 0.00963149  -0.0135105   0.0834873  0.00231032
   0.339504 -0.00945248  0.00231032    0.417436
IMAGINARY
          0  -0.0131168  0.00977412  0.00239837
  0.0131168           0  0.00167531  0.00324765
-0.00977412 -0.00167531           0 -0.00846726
-0.00239837 -0.00324765  0.00846726           0
EndNode2[0]<--->HoM1[0]
REAL
   0.419252  -0.0076972  -0.0057732    0.338078
 -0.0076972   0.0835684  0.00887951  0.00667345
 -0.0057732  0.00887951   0.0828632 -0.00112527
   0.338078  0.00667345 -0.00112527    0.414316
IMAGINARY
          0  -0.0117682  0.00727076   0.0102491
  0.0117682           0  0.00371316  0.00909026
-0.00727076 -0.00371316           0  8.1787e-05
 -0.0102491 -0.00909026 -8.1787e-05           0
Repeater1[0]<--->EndNode1[0]
REAL
   0.425933  0.00963149 -0.00714383    0.339504
 0.00963149   0.0834873  -0.0135105  0.00231032
-0.00714383  -0.0135105   0.0731437 -0.00945248
   0.339504  0.00231032 -0.00945248    0.417436
IMAGINARY
          0  0.00977412  -0.0131168  0.00239837
-0.00977412           0 -0.00167531 -0.00846726
  0.0131168  0.00167531           0  0.00324765
-0.00239837  0.00846726 -0.00324765           0
Repeater1[0]<--->HoM1[0]
REAL
   0.419252  -0.0057732  -0.0076972    0.338078
 -0.0057732   0.0828632  0.00887951 -0.00112527
 -0.0076972  0.00887951   0.0835684  0.00667345
   0.338078 -0.00112527  0.00667345    0.414316
IMAGINARY
          0  0.00727076  -0.0117682   0.0102491
-0.00727076           0 -0.00371316  8.1787e-05
  0.0117682  0.00371316           0  0.00909026
 -0.0102491 -8.1787e-05 -0.00909026           0
EndNode1[0]<--->Repeater1[0]
REAL
    0.430741 -0.000973538  -0.00288377     0.341644
-0.000973538    0.0734177   0.00152792   0.00537311
 -0.00288377   0.00152792    0.0748644  -0.00116017
    0.341644   0.00537311  -0.00116017     0.420976
IMAGINARY
          0 -0.00131977  0.00174556   0.0134355
 0.00131977           0    0.002613  0.00770211
-0.00174556   -0.002613           0  -0.0103081
 -0.0134355 -0.00770211   0.0103081           0
EndNode2[0]<--->HoM1[0]
REAL
   0.420996 -0.00448966 -0.00855023    0.331264
-0.00448966   0.0840548  0.00183746  0.00715941
-0.00855023  0.00183746   0.0829726     0.01353
   0.331264  0.00715941     0.01353    0.411977
IMAGINARY
           0  -0.00123982  -0.00753407  0.000334331
  0.00123982            0  -0.00371873    0.0044688
  0.00753407   0.00371873            0  -0.00687414
-0.000334331   -0.0044688   0.00687414            0
Repeater1[0]<--->EndNode1[0]
REAL
    0.430741  -0.00288377 -0.000973538     0.341644
 -0.00288377    0.0748644   0.00152792  -0.00116017
-0.000973538   0.00152792    0.0734177   0.00537311
    0.341644  -0.00116017   0.00537311     0.420976
IMAGINARY
          0  0.00174556 -0.00131977   0.0134355
-0.00174556           0   -0.002613  -0.0103081
 0.00131977    0.002613           0  0.00770211
 -0.0134355   0.0103081 -0.00770211           0
Repeater1[0]<--->HoM1[0]
REAL
   0.420996 -0.00855023 -0.00448966    0.331264
-0.00855023   0.0829726  0.00183746     0.01353
-0.00448966  0.00183746   0.0840548  0.00715941
   0.331264     0.01353  0.00715941    0.411977
IMAGINARY
           0  -0.00753407  -0.00123982  0.000334331
  0.00753407            0   0.00371873  -0.00687414
  0.00123982  -0.00371873            0    0.0044688
-0.000334331   0.00687414   -0.0044688            0
EndNode1[0]<--->Repeater1[0]
REAL
  0.413184 0.00199242 0.00057079   0.330458
0.00199242  0.0698847 0.00384471 0.00378967
0.00057079 0.00384471  0.0914986  0.0016413
  0.330458 0.00378967  0.0016413   0.425432
IMAGINARY
           0   0.00449387   0.00216375   0.00135828
 -0.00449387            0   -0.0168793 -0.000697477
 -0.00216375    0.0168793            0   -0.0151244
 -0.00135828  0.000697477    0.0151244            0
EndNode2[0]<--->HoM1[0]
REAL
  0.404953 0.00720464  0.0170895   0.341468
0.00720464  0.0782957 -0.0109907 0.00350838
 0.0170895 -0.0109907  0.0841224 0.00865391
  0.341468 0.00350838 0.00865391   0.432629
IMAGINARY
           0    0.0147309   0.00623359  -0.00823037
  -0.0147309            0  0.000345062   0.00196313
 -0.00623359 -0.000345062            0  -0.00653414
  0.00823037  -0.00196313   0.00653414            0
Repeater1[0]<--->EndNode1[0]
REAL
  0.413184 0.00057079 0.00199242   0.330458
0.00057079  0.0914986 0.00384471  0.0016413
0.00199242 0.00384471  0.0698847 0.00378967
  0.330458  0.0016413 0.00378967   0.425432
IMAGINARY
           0   0.00216375   0.00449387   0.00135828
 -0.00216375            0    0.0168793   -0.0151244
 -0.00449387   -0.0168793            0 -0.000697477
 -0.00135828    0.0151244  0.000697477            0
Repeater1[0]<--->HoM1[0]
REAL
  0.404953  0.0170895 0.00720464   0.341468
 0.0170895  0.0841224 -0.0109907 0.00865391
0.00720464 -0.0109907  0.0782957 0.00350838
  0.341468 0.00865391 0.00350838   0.432629
IMAGINARY
           0   0.00623359    0.0147309  -0.00823037
 -0.00623359            0 -0.000345062  -0.00653414
  -0.0147309  0.000345062            0   0.00196313
  0.00823037   0.00653414  -0.00196313            0
EndNode1[0]<--->Repeater1[0]
REAL
   0.425116   0.0136681 0.000215185    0.328783
  0.0136681   0.0729278  0.00187392  0.00379941
0.000215185  0.00187392   0.0789755 -0.00819366
   0.328783  0.00379941 -0.00819366    0.422981
IMAGINARY
           0   0.00385697  0.000271043  9.04159e-05
 -0.00385697            0 -9.04159e-05   -0.0028165
-0.000271043  9.04159e-05            0  -0.00349333
-9.04159e-05    0.0028165   0.00349333            0
EndNode2[0]<--->HoM1[0]
REAL
    0.416636   0.00273378   0.00701385     0.338548
  0.00273378    0.0799128  -0.00269949    0.0031076
  0.00701385  -0.00269949    0.0737377 -0.000709493
    0.338548    0.0031076 -0.000709493     0.429713
IMAGINARY
           0  0.000310841   -0.0023159  0.000118755
-0.000310841            0   0.00420401   0.00550513
   0.0023159  -0.00420401            0  -0.00846109
-0.000118755  -0.00550513   0.00846109            0
Repeater1[0]<--->EndNode1[0]
REAL
   0.425116 0.000215185   0.0136681    0.328783
0.000215185   0.0789755  0.00187392 -0.00819366
  0.0136681  0.00187392   0.0729278  0.00379941
   0.328783 -0.00819366  0.00379941    0.422981
IMAGINARY
           0  0.000271043   0.00385697  9.04159e-05
-0.000271043            0  9.04159e-05  -0.00349333
 -0.00385697 -9.04159e-05            0   -0.0028165
-9.04159e-05   0.00349333    0.0028165            0
Repeater1[0]<--->HoM1[0]
REAL
    0.416636   0.00701385   0.00273378     0.338548
  0.00701385    0.0737377  -0.00269949 -0.000709493
  0.00273378  -0.00269949    0.0799128    0.0031076
    0.338548 -0.000709493    0.0031076     0.429713
IMAGINARY
           0   -0.0023159  0.000310841  0.000118755
   0.0023159            0  -0.00420401  -0.00846109
-0.000310841   0.00420401            0   0.00550513
-0.000118755   0.00846109  -0.00550513            0
EndNode1[0]<--->Repeater1[0]
REAL
   0.429869 -0.00052136  -0.0089811    0.337523
-0.00052136   0.0748547 0.000158491  -0.0102218
 -0.0089811 0.000158491   0.0835756   -0.015783
   0.337523  -0.0102218   -0.015783    0.411701
IMAGINARY
           0 -7.94032e-05  -0.00106668   0.00544664
 7.94032e-05            0   0.00107983   -0.0127784
  0.00106668  -0.00107983            0    0.0062133
 -0.00544664    0.0127784   -0.0062133            0
EndNode2[0]<--->HoM1[0]
REAL
    0.396323  -0.00479808  -0.00743222     0.336373
 -0.00479808    0.0854614    0.0074211 -0.000770351
 -0.00743222    0.0074211     0.092271   0.00444144
    0.336373 -0.000770351   0.00444144     0.425945
IMAGINARY
          0  0.00237873 -0.00388158  0.00392286
-0.00237873           0  0.00519512 -0.00278509
 0.00388158 -0.00519512           0  0.00847841
-0.00392286  0.00278509 -0.00847841           0
Repeater1[0]<--->EndNode1[0]
REAL
   0.429869  -0.0089811 -0.00052136    0.337523
 -0.0089811   0.0835756 0.000158491   -0.015783
-0.00052136 0.000158491   0.0748547  -0.0102218
   0.337523   -0.015783  -0.0102218    0.411701
IMAGINARY
           0  -0.00106668 -7.94032e-05   0.00544664
  0.00106668            0  -0.00107983    0.0062133
 7.94032e-05   0.00107983            0   -0.0127784
 -0.00544664   -0.0062133    0.0127784            0
Repeater1[0]<--->HoM1[0]
REAL
    0.396323  -0.00743222  -0.00479808     0.336373
 -0.00743222     0.092271    0.0074211   0.00444144
 -0.00479808    0.0074211    0.0854614 -0.000770351
    0.336373   0.00444144 -0.000770351     0.425945
IMAGINARY
          0 -0.00388158  0.00237873  0.00392286
 0.00388158           0 -0.00519512  0.00847841
-0.00237873  0.00519512           0 -0.00278509
-0.00392286 -0.00847841  0.00278509           0
EndNode1[0]<--->Repeater1[0]
REAL
   0.426943 -0.00182693  0.00818287     0.33126
-0.00182693   0.0766839 -0.00654842  0.00391241
 0.00818287 -0.00654842   0.0787565   0.0001522
    0.33126  0.00391241   0.0001522    0.417617
IMAGINARY
          0 -0.00461287 -0.00599736  -0.0129979
 0.00461287           0  0.00939562  0.00926296
 0.00599736 -0.00939562           0   0.0133211
  0.0129979 -0.00926296  -0.0133211           0
EndNode2[0]<--->HoM1[0]
REAL
   0.410367  0.00474694  0.00168102     0.33178
 0.00474694   0.0813535  0.00297366 -0.00705338
 0.00168102  0.00297366   0.0820734 -0.00196813
    0.33178 -0.00705338 -0.00196813    0.426206
IMAGINARY
           0  -0.00379804  -0.00429082  0.000885222
  0.00379804            0   0.00143207   -0.0100051
  0.00429082  -0.00143207            0   0.00915901
-0.000885222    0.0100051  -0.00915901            0
Repeater1[0]<--->EndNode1[0]
REAL
   0.426943  0.00818287 -0.00182693     0.33126
 0.00818287   0.0787565 -0.00654842   0.0001522
-0.00182693 -0.00654842   0.0766839  0.00391241
    0.33126   0.0001522  0.00391241    0.417617
IMAGINARY
          0 -0.00599736 -0.00461287  -0.0129979
 0.00599736           0 -0.00939562   0.0133211
 0.00461287  0.00939562           0  0.00926296
  0.0129979  -0.0133211 -0.00926296           0
Repeater1[0]<--->HoM1[0]
REAL
   0.410367  0.00168102  0.00474694     0.33178
 0.00168102   0.0820734  0.00297366 -0.00196813
 0.00474694  0.00297366   0.0813535 -0.00705338
    0.33178 -0.00196813 -0.00705338    0.426206
IMAGINARY
           0  -0.00429082  -0.00379804  0.000885222
  0.00429082            0  -0.00143207   0.00915901
  0.00379804   0.00143207            0   -0.0100051
-0.000885222  -0.00915901    0.0100051            0
EndNode1[0]<--->Repeater1[0]
REAL
   0.413706  0.00839407 -0.00849477    0.338673
 0.00839407   0.0812183  -0.0021244   0.0115891
-0.00849477  -0.0021244   0.0772299 -0.00711995
   0.338673   0.0115891 -0.00711995    0.427846
IMAGINARY
           0    -0.001044  -0.00210976   0.00291119
    0.001044            0  -0.00846476  1.03856e-05
  0.00210976   0.00846476            0   0.00209369
 -0.00291119 -1.03856e-05  -0.00209369            0
EndNode2[0]<--->HoM1[0]
REAL
    0.420668  0.000751315   0.00228736      0.34148
 0.000751315    0.0803758  0.000125558   0.00282212
  0.00228736  0.000125558    0.0775922 -0.000751315
     0.34148   0.00282212 -0.000751315     0.421364
IMAGINARY
          0  0.00213321  0.00742338    0.012634
-0.00213321           0  0.00699221 -0.00225404
-0.00742338 -0.00699221           0 -0.00195495
  -0.012634  0.00225404  0.00195495           0
Repeater1[0]<--->EndNode1[0]
REAL
   0.413706 -0.00849477  0.00839407    0.338673
-0.00849477   0.0772299  -0.0021244 -0.00711995
 0.00839407  -0.0021244   0.0812183   0.0115891
   0.338673 -0.00711995   0.0115891    0.427846
IMAGINARY
           0  -0.00210976    -0.001044   0.00291119
  0.00210976            0   0.00846476   0.00209369
    0.001044  -0.00846476            0  1.03856e-05
 -0.00291119  -0.00209369 -1.03856e-05            0
Repeater1[0]<--->HoM1[0]
REAL
    0.420668   0.00228736  0.000751315      0.34148
  0.00228736    0.0775922  0.000125558 -0.000751315
 0.000751315  0.000125558    0.0803758   0.00282212
     0.34148 -0.000751315   0.00282212     0.421364
IMAGINARY
          0  0.00742338  0.00213321    0.012634
-0.00742338           0 -0.00699221 -0.00195495
-0.00213321  0.00699221           0 -0.00225404
  -0.012634  0.00195495  0.00225404           0
EndNode1[0]<--->Repeater1[0]
REAL
    0.423542    0.0111024 -0.000983268     0.336456
   0.0111024    0.0835704  -0.00312235  0.000627902
-0.000983268  -0.00312235    0.0796586   -0.0103916
    0.336456  0.000627902   -0.0103916     0.413229
IMAGINARY
           0   -0.0171054   0.00220524  -0.00797563
   0.0171054            0   0.00528263   0.00998101
 -0.00220524  -0.00528263            0  0.000917668
  0.00797563  -0.00998101 -0.000917668            0
EndNode2[0]<--->HoM1[0]
REAL
   0.412117 -0.00190704  0.00376324    0.342911
-0.00190704   0.0845368 -0.00143018   0.0052231
 0.00376324 -0.00143018    0.072913  0.00693939
   0.342911   0.0052231  0.00693939    0.430433
IMAGINARY
          0 -0.00132892  0.00190263  -0.0101339
 0.00132892           0   0.0060987  -0.0102925
-0.00190263  -0.0060987           0 -0.00170571
  0.0101339   0.0102925  0.00170571           0
Repeater1[0]<--->EndNode1[0]
REAL
    0.423542 -0.000983268    0.0111024     0.336456
-0.000983268    0.0796586  -0.00312235   -0.0103916
   0.0111024  -0.00312235    0.0835704  0.000627902
    0.336456   -0.0103916  0.000627902     0.413229
IMAGINARY
           0   0.00220524   -0.0171054  -0.00797563
 -0.00220524            0  -0.00528263  0.000917668
   0.0171054   0.00528263            0   0.00998101
  0.00797563 -0.000917668  -0.00998101            0
Repeater1[0]<--->HoM1[0]
REAL
   0.412117  0.00376324 -0.00190704    0.342911
 0.00376324    0.072913 -0.00143018  0.00693939
-0.00190704 -0.00143018   0.0845368   0.0052231
   0.342911  0.00693939   0.0052231    0.430433
IMAGINARY
          0  0.00190263 -0.00132892  -0.0101339
-0.00190263           0  -0.0060987 -0.00170571
 0.00132892   0.0060987           0  -0.0102925
  0.0101339  0.00170571   0.0102925           0
EndNode1[0]<--->Repeater1[0]
REAL
   0.423442  0.00529437  0.00360161    0.341615
 0.00529437   0.0813094 -0.00785142   0.0120637
 0.00360161 -0.00785142   0.0770855 -0.00474147
   0.341615   0.0120637 -0.00474147    0.418163
IMAGINARY
           0  0.000151017 -0.000840739  -0.00836287
-0.000151017            0  0.000171984    0.0026201
 0.000840739 -0.000171984            0  -0.00726845
  0.00836287   -0.0026201   0.00726845            0
EndNode2[0]<--->HoM1[0]
REAL
   0.420732 -0.00187969  0.00518053    0.346633
-0.00187969   0.0857245 -0.00245859 -0.00267875
 0.00518053 -0.00245859   0.0738881 -0.00562567
   0.346633 -0.00267875 -0.00562567    0.419656
IMAGINARY
           0  -0.00119843  -0.00589649  -0.00735332
  0.00119843            0  -0.00169961   0.00126171
  0.00589649   0.00169961            0 -0.000470094
  0.00735332  -0.00126171  0.000470094            0
Repeater1[0]<--->EndNode1[0]
REAL
   0.423442  0.00360161  0.00529437    0.341615
 0.00360161   0.0770855 -0.00785142 -0.00474147
 0.00529437 -0.00785142   0.0813094   0.0120637
   0.341615 -0.00474147   0.0120637    0.418163
IMAGINARY
           0 -0.000840739  0.000151017  -0.00836287
 0.000840739            0 -0.000171984  -0.00726845
-0.000151017  0.000171984            0    0.0026201
  0.00836287   0.00726845   -0.0026201            0
Repeater1[0]<--->HoM1[0]
REAL
   0.420732  0.00518053 -0.00187969    0.346633
 0.00518053   0.0738881 -0.00245859 -0.00562567
-0.00187969 -0.00245859   0.0857245 -0.00267875
   0.346633 -0.00562567 -0.00267875    0.419656
IMAGINARY
           0  -0.00589649  -0.00119843  -0.00735332
  0.00589649            0   0.00169961 -0.000470094
  0.00119843  -0.00169961            0   0.00126171
  0.00735332  0.000470094  -0.00126171            0
EndNode1[0]<--->Repeater1[0]
REAL
   0.411348 -0.00153189  -0.0097718    0.344701
-0.00153189   0.0758865 -0.00145328  0.00210251
 -0.0097718 -0.00145328   0.0801418 0.000222498
   0.344701  0.00210251 0.000222498    0.432624
IMAGINARY
          0 -0.00101832    -0.01352  -0.0010177
 0.00101832           0  -0.0116086    0.003818
    0.01352   0.0116086           0   0.0100273
  0.0010177   -0.003818  -0.0100273           0
EndNode2[0]<--->HoM1[0]
REAL
   0.420615  0.00597937  0.00228753    0.342343
 0.00597937   0.0810127  0.00883457  -0.0033582
 0.00228753  0.00883457   0.0799277 -0.00241049
   0.342343  -0.0033582 -0.00241049    0.418445
IMAGINARY
           0   0.00336006  -0.00534719   0.00850517
 -0.00336006            0 -0.000847346  -0.00253925
  0.00534719  0.000847346            0  -0.00143227
 -0.00850517   0.00253925   0.00143227            0
Repeater1[0]<--->EndNode1[0]
REAL
   0.411348  -0.0097718 -0.00153189    0.344701
 -0.0097718   0.0801418 -0.00145328 0.000222498
-0.00153189 -0.00145328   0.0758865  0.00210251
   0.344701 0.000222498  0.00210251    0.432624
IMAGINARY
          0    -0.01352 -0.00101832  -0.0010177
    0.01352           0   0.0116086   0.0100273
 0.00101832  -0.0116086           0    0.003818
  0.0010177  -0.0100273   -0.003818           0
Repeater1[0]<--->HoM1[0]
REAL
   0.420615  0.00228753  0.00597937    0.342343
 0.00228753   0.0799277  0.00883457 -0.00241049
 0.00597937  0.00883457   0.0810127  -0.0033582
   0.342343 -0.00241049  -0.0033582    0.418445
IMAGINARY
           0  -0.00534719   0.00336006   0.00850517
