EndNode[0]<--->HoM[0]
REAL
   0.491651 0.000661492 0.000302577         0.5
0.000661492           0           0  -0.0159136
0.000302577           0           0  -0.0162726
        0.5  -0.0159136  -0.0162726    0.508349
IMAGINARY
          0 -0.00286028  0.00759472  0.00936169
 0.00286028           0  0.00708275 -0.00850546
-0.00759472 -0.00708275           0  0.00377102
-0.00936169  0.00850546 -0.00377102           0
EndNode[1]<--->HoM[1]
REAL
    0.522085  0.000689686  -0.00581593          0.5
 0.000689686            0            0 -0.000400767
 -0.00581593            0            0  -0.00690638
         0.5 -0.000400767  -0.00690638     0.477915
IMAGINARY
          0  -0.0251699   0.0111235   0.0119715
  0.0251699           0  0.00920396   0.0116038
 -0.0111235 -0.00920396           0  0.00244265
 -0.0119715  -0.0116038 -0.00244265           0
repeater[0]<--->HoM[0]
REAL
   0.491651 0.000302577 0.000661492         0.5
0.000302577           0           0  -0.0162726
0.000661492           0           0  -0.0159136
        0.5  -0.0162726  -0.0159136    0.508349
IMAGINARY
          0  0.00759472 -0.00286028  0.00936169
-0.00759472           0 -0.00708275  0.00377102
 0.00286028  0.00708275           0 -0.00850546
-0.00936169 -0.00377102  0.00850546           0
repeater[0]<--->HoM[1]
REAL
    0.522085  -0.00581593  0.000689686          0.5
 -0.00581593            0            0  -0.00690638
 0.000689686            0            0 -0.000400767
         0.5  -0.00690638 -0.000400767     0.477915
IMAGINARY
          0   0.0111235  -0.0251699   0.0119715
 -0.0111235           0 -0.00920396  0.00244265
  0.0251699  0.00920396           0   0.0116038
 -0.0119715 -0.00244265  -0.0116038           0
