EndNode1[0]<--->Repeater1[0]
REAL
   0.435037 -0.00176433 -0.00288521    0.351358
-0.00176433   0.0725399 -0.00374515  0.00857724
-0.00288521 -0.00374515   0.0709234  0.00166447
   0.351358  0.00857724  0.00166447    0.421499
IMAGINARY
           0   0.00229962   0.00127734   0.00566295
 -0.00229962            0   0.00576447  0.000873622
 -0.00127734  -0.00576447            0    0.0020023
 -0.00566295 -0.000873622   -0.0020023            0
EndNode2[0]<--->HoM1[0]
REAL
   0.425818  0.00614644 -0.00323332    0.352364
 0.00614644   0.0750853  0.00321414  0.00502615
-0.00323332  0.00321414   0.0788998 -0.00295919
   0.352364  0.00502615 -0.00295919    0.420197
IMAGINARY
           0  -0.00325703  2.62094e-05  -0.00400561
  0.00325703            0   0.00143136  0.000896111
-2.62094e-05  -0.00143136            0  -0.00176449
  0.00400561 -0.000896111   0.00176449            0
Repeater1[0]<--->EndNode1[0]
REAL
   0.435037 -0.00288521 -0.00176433    0.351358
-0.00288521   0.0709234 -0.00374515  0.00166447
-0.00176433 -0.00374515   0.0725399  0.00857724
   0.351358  0.00166447  0.00857724    0.421499
IMAGINARY
           0   0.00127734   0.00229962   0.00566295
 -0.00127734            0  -0.00576447    0.0020023
 -0.00229962   0.00576447            0  0.000873622
 -0.00566295   -0.0020023 -0.000873622            0
Repeater1[0]<--->HoM1[0]
REAL
   0.425818 -0.00323332  0.00614644    0.352364
-0.00323332   0.0788998  0.00321414 -0.00295919
 0.00614644  0.00321414   0.0750853  0.00502615
   0.352364 -0.00295919  0.00502615    0.420197
IMAGINARY
           0  2.62094e-05  -0.00325703  -0.00400561
-2.62094e-05            0  -0.00143136  -0.00176449
  0.00325703   0.00143136            0  0.000896111
  0.00400561   0.00176449 -0.000896111            0
EndNode1[0]<--->Repeater1[0]
REAL
   0.415312  0.00793389 -6.5759e-05    0.352395
 0.00793389   0.0742951  0.00362595 -0.00295478
-6.5759e-05  0.00362595   0.0814983 -0.00632294
   0.352395 -0.00295478 -0.00632294    0.428895
IMAGINARY
           0  -0.00649699  0.000118566  -0.00585396
  0.00649699            0  -0.00156682   0.00886932
-0.000118566   0.00156682            0    -0.007571
  0.00585396  -0.00886932     0.007571            0
EndNode2[0]<--->HoM1[0]
REAL
    0.431133  0.000982832   -0.0022868      0.35669
 0.000982832    0.0717241  -0.00470931 -0.000689998
  -0.0022868  -0.00470931    0.0744828   0.00774228
     0.35669 -0.000689998   0.00774228      0.42266
IMAGINARY
           0  -0.00708629  -0.00240879   0.00223594
  0.00708629            0  -0.00304862     0.013289
  0.00240879   0.00304862            0 -0.000853331
 -0.00223594    -0.013289  0.000853331            0
Repeater1[0]<--->EndNode1[0]
REAL
   0.415312 -6.5759e-05  0.00793389    0.352395
-6.5759e-05   0.0814983  0.00362595 -0.00632294
 0.00793389  0.00362595   0.0742951 -0.00295478
   0.352395 -0.00632294 -0.00295478    0.428895
IMAGINARY
           0  0.000118566  -0.00649699  -0.00585396
-0.000118566            0   0.00156682    -0.007571
  0.00649699  -0.00156682            0   0.00886932
  0.00585396     0.007571  -0.00886932            0
Repeater1[0]<--->HoM1[0]
REAL
    0.431133   -0.0022868  0.000982832      0.35669
  -0.0022868    0.0744828  -0.00470931   0.00774228
 0.000982832  -0.00470931    0.0717241 -0.000689998
     0.35669   0.00774228 -0.000689998      0.42266
IMAGINARY
           0  -0.00240879  -0.00708629   0.00223594
  0.00240879            0   0.00304862 -0.000853331
  0.00708629  -0.00304862            0     0.013289
 -0.00223594  0.000853331    -0.013289            0
EndNode1[0]<--->Repeater1[0]
REAL
   0.432099  0.00105301 0.000426065    0.353174
 0.00105301   0.0783242 0.000625153  0.00443408
0.000426065 0.000625153   0.0704311  0.00717949
   0.353174  0.00443408  0.00717949    0.419146
IMAGINARY
           0   -0.0038393  -0.00470473  0.000187038
   0.0038393            0   -0.0026152  -0.00540853
  0.00470473    0.0026152            0   0.00525516
-0.000187038   0.00540853  -0.00525516            0
EndNode2[0]<--->HoM1[0]
REAL
   0.424431 -0.00224832  0.00368334    0.349191
-0.00224832   0.0784866  0.00223776  -0.0025996
 0.00368334  0.00223776   0.0760716 -0.00454971
   0.349191  -0.0025996 -0.00454971     0.42101
IMAGINARY
           0   0.00767493  -0.00795174   0.00280465
 -0.00767493            0  0.000498654  -0.00453577
  0.00795174 -0.000498654            0   0.00960779
 -0.00280465   0.00453577  -0.00960779            0
Repeater1[0]<--->EndNode1[0]
REAL
   0.432099 0.000426065  0.00105301    0.353174
0.000426065   0.0704311 0.000625153  0.00717949
 0.00105301 0.000625153   0.0783242  0.00443408
   0.353174  0.00717949  0.00443408    0.419146
IMAGINARY
           0  -0.00470473   -0.0038393  0.000187038
  0.00470473            0    0.0026152   0.00525516
   0.0038393   -0.0026152            0  -0.00540853
-0.000187038  -0.00525516   0.00540853            0
Repeater1[0]<--->HoM1[0]
REAL
   0.424431  0.00368334 -0.00224832    0.349191
 0.00368334   0.0760716  0.00223776 -0.00454971
-0.00224832  0.00223776   0.0784866  -0.0025996
   0.349191 -0.00454971  -0.0025996     0.42101
IMAGINARY
           0  -0.00795174   0.00767493   0.00280465
  0.00795174            0 -0.000498654   0.00960779
 -0.00767493  0.000498654            0  -0.00453577
 -0.00280465  -0.00960779   0.00453577            0
EndNode1[0]<--->Repeater1[0]
REAL
  0.417169 0.00956121 0.00314714   0.352381
0.00956121  0.0727784 0.00306544  0.0066173
0.00314714 0.00306544  0.0782067 0.00906171
  0.352381  0.0066173 0.00906171   0.431846
IMAGINARY
           0  -0.00572941   0.00451431 -0.000461881
  0.00572941            0  -0.00144613  -0.00334014
 -0.00451431   0.00144613            0   0.00455524
 0.000461881   0.00334014  -0.00455524            0
EndNode2[0]<--->HoM1[0]
REAL
    0.417499   0.00410986  -0.00459193     0.348044
  0.00410986     0.075668 -5.99411e-05  -0.00185969
 -0.00459193 -5.99411e-05     0.075668  -0.00410986
    0.348044  -0.00185969  -0.00410986     0.431165
IMAGINARY
           0   0.00407755  -0.00325088  0.000776491
 -0.00407755            0  -0.00269918   0.00374213
  0.00325088   0.00269918            0   0.00938286
-0.000776491  -0.00374213  -0.00938286            0
Repeater1[0]<--->EndNode1[0]
REAL
  0.417169 0.00314714 0.00956121   0.352381
0.00314714  0.0782067 0.00306544 0.00906171
0.00956121 0.00306544  0.0727784  0.0066173
  0.352381 0.00906171  0.0066173   0.431846
IMAGINARY
           0   0.00451431  -0.00572941 -0.000461881
 -0.00451431            0   0.00144613   0.00455524
  0.00572941  -0.00144613            0  -0.00334014
 0.000461881  -0.00455524   0.00334014            0
Repeater1[0]<--->HoM1[0]
REAL
    0.417499  -0.00459193   0.00410986     0.348044
 -0.00459193     0.075668 -5.99411e-05  -0.00410986
  0.00410986 -5.99411e-05     0.075668  -0.00185969
    0.348044  -0.00410986  -0.00185969     0.431165
IMAGINARY
           0  -0.00325088   0.00407755  0.000776491
  0.00325088            0   0.00269918   0.00938286
 -0.00407755  -0.00269918            0   0.00374213
-0.000776491  -0.00938286  -0.00374213            0
EndNode1[0]<--->Repeater1[0]
REAL
    0.426993   0.00281885 -0.000161735     0.349627
  0.00281885    0.0712313  -0.00502109  -0.00104599
-0.000161735  -0.00502109    0.0830702   0.00241465
    0.349627  -0.00104599   0.00241465     0.418706
IMAGINARY
          0  0.00385895  0.00527468  0.00830956
-0.00385895           0 -0.00189044  -0.0117995
-0.00527468  0.00189044           0    0.005075
-0.00830956   0.0117995   -0.005075           0
EndNode2[0]<--->HoM1[0]
REAL
   0.437451  0.00323092 0.000991472    0.347801
 0.00323092   0.0731707 -0.00647806  0.00594197
0.000991472 -0.00647806   0.0723839  0.00191964
   0.347801  0.00594197  0.00191964    0.416994
IMAGINARY
          0  0.00364919 -0.00959371 -0.00945628
-0.00364919           0  0.00231198 -0.00313429
 0.00959371 -0.00231198           0   0.0116845
 0.00945628  0.00313429  -0.0116845           0
Repeater1[0]<--->EndNode1[0]
REAL
    0.426993 -0.000161735   0.00281885     0.349627
-0.000161735    0.0830702  -0.00502109   0.00241465
  0.00281885  -0.00502109    0.0712313  -0.00104599
    0.349627   0.00241465  -0.00104599     0.418706
IMAGINARY
          0  0.00527468  0.00385895  0.00830956
-0.00527468           0  0.00189044    0.005075
-0.00385895 -0.00189044           0  -0.0117995
-0.00830956   -0.005075   0.0117995           0
Repeater1[0]<--->HoM1[0]
REAL
   0.437451 0.000991472  0.00323092    0.347801
0.000991472   0.0723839 -0.00647806  0.00191964
 0.00323092 -0.00647806   0.0731707  0.00594197
   0.347801  0.00191964  0.00594197    0.416994
IMAGINARY
          0 -0.00959371  0.00364919 -0.00945628
 0.00959371           0 -0.00231198   0.0116845
-0.00364919  0.00231198           0 -0.00313429
 0.00945628  -0.0116845  0.00313429           0
EndNode1[0]<--->Repeater1[0]
REAL
   0.411527 -0.00905072 -0.00611881    0.354651
-0.00905072   0.0734075 -0.00189197 -0.00513842
-0.00611881 -0.00189197   0.0758342 -0.00160877
   0.354651 -0.00513842 -0.00160877    0.439232
IMAGINARY
           0   0.00483679  -0.00239381  0.000988184
 -0.00483679            0  -0.00220572   0.00708912
  0.00239381   0.00220572            0   -0.0063353
-0.000988184  -0.00708912    0.0063353            0
EndNode2[0]<--->HoM1[0]
REAL
   0.426695 -0.00747142  0.00668701    0.349781
-0.00747142   0.0770286  -0.0049194  0.00250931
 0.00668701  -0.0049194   0.0756566   0.0062719
   0.349781  0.00250931   0.0062719    0.420619
IMAGINARY
          0 -0.00262515    0.008456   0.0111739
 0.00262515           0  -0.0100876   -0.001944
  -0.008456   0.0100876           0 -0.00103785
 -0.0111739    0.001944  0.00103785           0
Repeater1[0]<--->EndNode1[0]
REAL
   0.411527 -0.00611881 -0.00905072    0.354651
-0.00611881   0.0758342 -0.00189197 -0.00160877
-0.00905072 -0.00189197   0.0734075 -0.00513842
   0.354651 -0.00160877 -0.00513842    0.439232
IMAGINARY
           0  -0.00239381   0.00483679  0.000988184
  0.00239381            0   0.00220572   -0.0063353
 -0.00483679  -0.00220572            0   0.00708912
-0.000988184    0.0063353  -0.00708912            0
Repeater1[0]<--->HoM1[0]
REAL
   0.426695  0.00668701 -0.00747142    0.349781
 0.00668701   0.0756566  -0.0049194   0.0062719
-0.00747142  -0.0049194   0.0770286  0.00250931
   0.349781   0.0062719  0.00250931    0.420619
IMAGINARY
          0    0.008456 -0.00262515   0.0111739
  -0.008456           0   0.0100876 -0.00103785
 0.00262515  -0.0100876           0   -0.001944
 -0.0111739  0.00103785    0.001944           0
EndNode1[0]<--->Repeater1[0]
REAL
   0.428888  0.00425108  0.00369526    0.355937
 0.00425108   0.0815009 0.000219306 -0.00308575
 0.00369526 0.000219306   0.0766593 -0.00160988
   0.355937 -0.00308575 -0.00160988    0.412951
IMAGINARY
           0  -0.00657498 -0.000514614   0.00217284
  0.00657498            0   0.00325658   0.00440605
 0.000514614  -0.00325658            0 -0.000708999
 -0.00217284  -0.00440605  0.000708999            0
EndNode2[0]<--->HoM1[0]
REAL
    0.428429   0.00128794    0.0104557     0.354515
  0.00128794    0.0687873 -0.000526365 -0.000807783
   0.0104557 -0.000526365    0.0743539   0.00279004
    0.354515 -0.000807783   0.00279004     0.428429
IMAGINARY
           0 -0.000308757   0.00146936 -0.000378167
 0.000308757            0  -0.00117753   0.00166912
 -0.00146936   0.00117753            0  0.000504913
 0.000378167  -0.00166912 -0.000504913            0
Repeater1[0]<--->EndNode1[0]
REAL
   0.428888  0.00369526  0.00425108    0.355937
 0.00369526   0.0766593 0.000219306 -0.00160988
 0.00425108 0.000219306   0.0815009 -0.00308575
   0.355937 -0.00160988 -0.00308575    0.412951
IMAGINARY
           0 -0.000514614  -0.00657498   0.00217284
 0.000514614            0  -0.00325658 -0.000708999
  0.00657498   0.00325658            0   0.00440605
 -0.00217284  0.000708999  -0.00440605            0
Repeater1[0]<--->HoM1[0]
REAL
    0.428429    0.0104557   0.00128794     0.354515
   0.0104557    0.0743539 -0.000526365   0.00279004
  0.00128794 -0.000526365    0.0687873 -0.000807783
    0.354515   0.00279004 -0.000807783     0.428429
IMAGINARY
           0   0.00146936 -0.000308757 -0.000378167
 -0.00146936            0   0.00117753  0.000504913
 0.000308757  -0.00117753            0   0.00166912
 0.000378167 -0.000504913  -0.00166912            0
EndNode1[0]<--->Repeater1[0]
REAL
     0.42239   0.00275175   0.00794197     0.347172
  0.00275175    0.0756252 -0.000601685  -0.00192512
  0.00794197 -0.000601685    0.0726479   0.00507015
    0.347172  -0.00192512   0.00507015     0.429337
IMAGINARY
          0 -0.00397324  0.00226994 -0.00273088
 0.00397324           0  0.00323808 -0.00487724
-0.00226994 -0.00323808           0  0.00637998
 0.00273088  0.00487724 -0.00637998           0
EndNode2[0]<--->HoM1[0]
REAL
   0.426142  0.00194248 0.000991479    0.344857
 0.00194248   0.0804825  0.00249112  0.00765292
0.000991479  0.00249112   0.0789005  0.00650545
   0.344857  0.00765292  0.00650545    0.414475
IMAGINARY
          0  0.00476542 -0.00496672 -0.00127488
-0.00476542           0  0.00388393 -0.00136239
 0.00496672 -0.00388393           0  -0.0037765
 0.00127488  0.00136239   0.0037765           0
Repeater1[0]<--->EndNode1[0]
REAL
     0.42239   0.00794197   0.00275175     0.347172
  0.00794197    0.0726479 -0.000601685   0.00507015
  0.00275175 -0.000601685    0.0756252  -0.00192512
    0.347172   0.00507015  -0.00192512     0.429337
IMAGINARY
          0  0.00226994 -0.00397324 -0.00273088
-0.00226994           0 -0.00323808  0.00637998
 0.00397324  0.00323808           0 -0.00487724
 0.00273088 -0.00637998  0.00487724           0
Repeater1[0]<--->HoM1[0]
REAL
   0.426142 0.000991479  0.00194248    0.344857
0.000991479   0.0789005  0.00249112  0.00650545
 0.00194248  0.00249112   0.0804825  0.00765292
   0.344857  0.00650545  0.00765292    0.414475
IMAGINARY
          0 -0.00496672  0.00476542 -0.00127488
 0.00496672           0 -0.00388393  -0.0037765
-0.00476542  0.00388393           0 -0.00136239
 0.00127488   0.0037765  0.00136239           0
EndNode1[0]<--->Repeater1[0]
REAL
   0.425553  -0.0105403 -0.00367075    0.350779
 -0.0105403   0.0803712  0.00366367 -0.00919616
-0.00367075  0.00366367   0.0750395 -0.00554329
   0.350779 -0.00919616 -0.00554329    0.419036
IMAGINARY
          0 -0.00477318   -0.006849 -0.00577765
 0.00477318           0 -0.00313645   0.0034202
   0.006849  0.00313645           0  0.00779859
 0.00577765  -0.0034202 -0.00779859           0
EndNode2[0]<--->HoM1[0]
REAL
   0.420839 -0.00619465  0.00702197    0.360793
-0.00619465   0.0717185  0.00314595 -0.00188187
 0.00702197  0.00314595   0.0790644   0.0087143
   0.360793 -0.00188187   0.0087143    0.428378
IMAGINARY
          0  0.00784072 -0.00111831  0.00159473
-0.00784072           0  0.00627135  -0.0101911
 0.00111831 -0.00627135           0  0.00263864
-0.00159473   0.0101911 -0.00263864           0
Repeater1[0]<--->EndNode1[0]
REAL
   0.425553 -0.00367075  -0.0105403    0.350779
-0.00367075   0.0750395  0.00366367 -0.00554329
 -0.0105403  0.00366367   0.0803712 -0.00919616
   0.350779 -0.00554329 -0.00919616    0.419036
IMAGINARY
          0   -0.006849 -0.00477318 -0.00577765
   0.006849           0  0.00313645  0.00779859
 0.00477318 -0.00313645           0   0.0034202
 0.00577765 -0.00779859  -0.0034202           0
Repeater1[0]<--->HoM1[0]
REAL
   0.420839  0.00702197 -0.00619465    0.360793
 0.00702197   0.0790644  0.00314595   0.0087143
-0.00619465  0.00314595   0.0717185 -0.00188187
   0.360793   0.0087143 -0.00188187    0.428378
IMAGINARY
          0 -0.00111831  0.00784072  0.00159473
 0.00111831           0 -0.00627135  0.00263864
-0.00784072  0.00627135           0  -0.0101911
-0.00159473 -0.00263864   0.0101911           0
EndNode1[0]<--->Repeater1[0]
REAL
   0.421847 -0.00318642 -0.00294352    0.346364
-0.00318642   0.0766634 -0.00163753  0.00294352
-0.00294352 -0.00163753   0.0810328 -0.00794639
   0.346364  0.00294352 -0.00794639    0.420457
IMAGINARY
           0  -0.00205288 -0.000904614 -0.000970273
  0.00205288            0    0.0136006   0.00373061
 0.000904614   -0.0136006            0   0.00346588
 0.000970273  -0.00373061  -0.00346588            0
EndNode2[0]<--->HoM1[0]
REAL
   0.427158 -0.00415714 -0.00268259    0.353421
-0.00415714   0.0783848 -0.00294052  0.00408372
-0.00268259 -0.00294052   0.0722486  0.00375682
   0.353421  0.00408372  0.00375682    0.422209
IMAGINARY
          0 -0.00203266   0.0130834 -0.00398589
 0.00203266           0 -0.00388583 -0.00133299
 -0.0130834  0.00388583           0 -0.00424773
 0.00398589  0.00133299  0.00424773           0
Repeater1[0]<--->EndNode1[0]
REAL
   0.421847 -0.00294352 -0.00318642    0.346364
-0.00294352   0.0810328 -0.00163753 -0.00794639
-0.00318642 -0.00163753   0.0766634  0.00294352
   0.346364 -0.00794639  0.00294352    0.420457
IMAGINARY
           0 -0.000904614  -0.00205288 -0.000970273
 0.000904614            0   -0.0136006   0.00346588
  0.00205288    0.0136006            0   0.00373061
 0.000970273  -0.00346588  -0.00373061            0
Repeater1[0]<--->HoM1[0]
REAL
   0.427158 -0.00268259 -0.00415714    0.353421
-0.00268259   0.0722486 -0.00294052  0.00375682
-0.00415714 -0.00294052   0.0783848  0.00408372
   0.353421  0.00375682  0.00408372    0.422209
IMAGINARY
          0   0.0130834 -0.00203266 -0.00398589
 -0.0130834           0  0.00388583 -0.00424773
 0.00203266 -0.00388583           0 -0.00133299
 0.00398589  0.00424773  0.00133299           0
EndNode1[0]<--->Repeater1[0]
REAL
    0.428233   -0.0134953  0.000704018     0.350634
  -0.0134953    0.0757216  1.96068e-05   0.00080352
 0.000704018  1.96068e-05    0.0765125 -0.000474508
    0.350634   0.00080352 -0.000474508     0.419533
IMAGINARY
          0  0.00461542  0.00421203  0.00633115
-0.00461542           0  0.00451223 -0.00229941
-0.00421203 -0.00451223           0 -0.00290413
-0.00633115  0.00229941  0.00290413           0
EndNode2[0]<--->HoM1[0]
REAL
    0.42328  0.00971369 0.000518434    0.346402
 0.00971369   0.0679691  0.00267749  0.00342654
0.000518434  0.00267749   0.0655271 -0.00415027
   0.346402  0.00342654 -0.00415027    0.443223
IMAGINARY
          0  -0.0142691 -0.00321325 -0.00554938
  0.0142691           0 -0.00495272  0.00484324
 0.00321325  0.00495272           0  0.00469294
 0.00554938 -0.00484324 -0.00469294           0
Repeater1[0]<--->EndNode1[0]
REAL
    0.428233  0.000704018   -0.0134953     0.350634
 0.000704018    0.0765125  1.96068e-05 -0.000474508
  -0.0134953  1.96068e-05    0.0757216   0.00080352
    0.350634 -0.000474508   0.00080352     0.419533
IMAGINARY
          0  0.00421203  0.00461542  0.00633115
-0.00421203           0 -0.00451223 -0.00290413
-0.00461542  0.00451223           0 -0.00229941
-0.00633115  0.00290413  0.00229941           0
Repeater1[0]<--->HoM1[0]
REAL
    0.42328 0.000518434  0.00971369    0.346402
0.000518434   0.0655271  0.00267749 -0.00415027
 0.00971369  0.00267749   0.0679691  0.00342654
   0.346402 -0.00415027  0.00342654    0.443223
IMAGINARY
          0 -0.00321325  -0.0142691 -0.00554938
 0.00321325           0  0.00495272  0.00469294
  0.0142691 -0.00495272           0  0.00484324
 0.00554938 -0.00469294 -0.00484324           0
EndNode1[0]<--->Repeater1[0]
REAL
    0.420307   0.00583711   0.00339138     0.352059
  0.00583711    0.0749705 -0.000841911   0.00558349
  0.00339138 -0.000841911    0.0745769   0.00553105
    0.352059   0.00558349   0.00553105     0.430146
IMAGINARY
           0   0.00215678   0.00281985  -0.00692464
 -0.00215678            0  -0.00692464  0.000842788
 -0.00281985   0.00692464            0  -0.00562144
  0.00692464 -0.000842788   0.00562144            0
EndNode2[0]<--->HoM1[0]
REAL
   0.423964 -0.00174622  0.00226888    0.348685
-0.00174622   0.0752541 -0.00262571 -0.00319007
 0.00226888 -0.00262571   0.0736904  -0.0024503
   0.348685 -0.00319007  -0.0024503    0.427091
IMAGINARY
           0   -0.0118936   0.00290778  -0.00391707
   0.0118936            0    -0.000623   0.00679804
 -0.00290778     0.000623            0  0.000786894
  0.00391707  -0.00679804 -0.000786894            0
Repeater1[0]<--->EndNode1[0]
REAL
    0.420307   0.00339138   0.00583711     0.352059
  0.00339138    0.0745769 -0.000841911   0.00553105
  0.00583711 -0.000841911    0.0749705   0.00558349
    0.352059   0.00553105   0.00558349     0.430146
IMAGINARY
           0   0.00281985   0.00215678  -0.00692464
 -0.00281985            0   0.00692464  -0.00562144
 -0.00215678  -0.00692464            0  0.000842788
  0.00692464   0.00562144 -0.000842788            0
Repeater1[0]<--->HoM1[0]
REAL
   0.423964  0.00226888 -0.00174622    0.348685
 0.00226888   0.0736904 -0.00262571  -0.0024503
-0.00174622 -0.00262571   0.0752541 -0.00319007
   0.348685  -0.0024503 -0.00319007    0.427091
IMAGINARY
           0   0.00290778   -0.0118936  -0.00391707
 -0.00290778            0     0.000623  0.000786894
   0.0118936    -0.000623            0   0.00679804
  0.00391707 -0.000786894  -0.00679804            0
EndNode1[0]<--->Repeater1[0]
REAL
    0.431288 -0.000719761 -0.000610923     0.356245
-0.000719761    0.0746912   0.00500504  -0.00507884
-0.000610923   0.00500504    0.0729269  -0.00397179
    0.356245  -0.00507884  -0.00397179     0.421094
IMAGINARY
          0  0.00472478 -0.00186265 -0.00542769
-0.00472478           0 -0.00715218 -0.00166486
 0.00186265  0.00715218           0 -0.00764757
 0.00542769  0.00166486  0.00764757           0
EndNode2[0]<--->HoM1[0]
REAL
    0.403446  -0.00102982 -0.000342451     0.350722
 -0.00102982    0.0817308   0.00364888  -0.00515865
-0.000342451   0.00364888    0.0751202   0.00313024
    0.350722  -0.00515865   0.00313024     0.439704
IMAGINARY
           0  -0.00592311  -0.00369086  0.000202593
  0.00592311            0  0.000202593   0.00277938
  0.00369086 -0.000202593            0    0.0033912
-0.000202593  -0.00277938   -0.0033912            0
Repeater1[0]<--->EndNode1[0]
REAL
    0.431288 -0.000610923 -0.000719761     0.356245
-0.000610923    0.0729269   0.00500504  -0.00397179
-0.000719761   0.00500504    0.0746912  -0.00507884
    0.356245  -0.00397179  -0.00507884     0.421094
IMAGINARY
          0 -0.00186265  0.00472478 -0.00542769
 0.00186265           0  0.00715218 -0.00764757
-0.00472478 -0.00715218           0 -0.00166486
 0.00542769  0.00764757  0.00166486           0
Repeater1[0]<--->HoM1[0]
REAL
    0.403446 -0.000342451  -0.00102982     0.350722
-0.000342451    0.0751202   0.00364888   0.00313024
 -0.00102982   0.00364888    0.0817308  -0.00515865
    0.350722   0.00313024  -0.00515865     0.439704
IMAGINARY
           0  -0.00369086  -0.00592311  0.000202593
  0.00369086            0 -0.000202593    0.0033912
  0.00592311  0.000202593            0   0.00277938
-0.000202593   -0.0033912  -0.00277938            0
EndNode1[0]<--->Repeater1[0]
REAL
   0.422186  0.00115916 -0.00599871    0.348132
 0.00115916   0.0740209 -0.00412995  -0.0024554
-0.00599871 -0.00412995    0.074636  -0.0162558
   0.348132  -0.0024554  -0.0162558    0.429157
IMAGINARY
           0   0.00162538  -0.00601385   0.00140521
 -0.00162538            0   0.00672971 -0.000997801
  0.00601385  -0.00672971            0   0.00380619
 -0.00140521  0.000997801  -0.00380619            0
EndNode2[0]<--->HoM1[0]
REAL
    0.44345 -0.00642277  0.00258579    0.351808
-0.00642277   0.0732303 -0.00158919  0.00595613
 0.00258579 -0.00158919   0.0777055  0.00622412
   0.351808  0.00595613  0.00622412    0.405614
IMAGINARY
           0  0.000465385  0.000806617   0.00320875
-0.000465385            0   0.00399061   0.00296772
-0.000806617  -0.00399061            0  -0.00265053
 -0.00320875  -0.00296772   0.00265053            0
Repeater1[0]<--->EndNode1[0]
REAL
   0.422186 -0.00599871  0.00115916    0.348132
-0.00599871    0.074636 -0.00412995  -0.0162558
 0.00115916 -0.00412995   0.0740209  -0.0024554
   0.348132  -0.0162558  -0.0024554    0.429157
IMAGINARY
           0  -0.00601385   0.00162538   0.00140521
  0.00601385            0  -0.00672971   0.00380619
 -0.00162538   0.00672971            0 -0.000997801
 -0.00140521  -0.00380619  0.000997801            0
Repeater1[0]<--->HoM1[0]
REAL
    0.44345  0.00258579 -0.00642277    0.351808
 0.00258579   0.0777055 -0.00158919  0.00622412
-0.00642277 -0.00158919   0.0732303  0.00595613
   0.351808  0.00622412  0.00595613    0.405614
IMAGINARY
           0  0.000806617  0.000465385   0.00320875
-0.000806617            0  -0.00399061  -0.00265053
-0.000465385   0.00399061            0   0.00296772
 -0.00320875   0.00265053  -0.00296772            0
EndNode1[0]<--->Repeater1[0]
REAL
    0.43861 -0.00444912 -0.00464333     0.35032
-0.00444912   0.0738255  0.00814227 0.000613447
-0.00464333  0.00814227   0.0688906 -0.00587131
    0.35032 0.000613447 -0.00587131    0.418674
IMAGINARY
           0  -0.00358167   0.00642214 -3.10467e-05
  0.00358167            0  -0.00299689   0.00130063
 -0.00642214   0.00299689            0  -0.00196289
 3.10467e-05  -0.00130063   0.00196289            0
EndNode2[0]<--->HoM1[0]
REAL
   0.428513  0.00531139 -0.00123312    0.348572
 0.00531139   0.0761576  0.00173952  0.00434745
-0.00123312  0.00173952   0.0769699 -0.00400538
   0.348572  0.00434745 -0.00400538    0.418359
IMAGINARY
          0   0.0124015 -0.00181311 -0.00748312
 -0.0124015           0 -0.00381176  0.00542177
 0.00181311  0.00381176           0 -0.00037261
 0.00748312 -0.00542177  0.00037261           0
Repeater1[0]<--->EndNode1[0]
REAL
    0.43861 -0.00464333 -0.00444912     0.35032
-0.00464333   0.0688906  0.00814227 -0.00587131
-0.00444912  0.00814227   0.0738255 0.000613447
    0.35032 -0.00587131 0.000613447    0.418674
IMAGINARY
           0   0.00642214  -0.00358167 -3.10467e-05
 -0.00642214            0   0.00299689  -0.00196289
  0.00358167  -0.00299689            0   0.00130063
 3.10467e-05   0.00196289  -0.00130063            0
Repeater1[0]<--->HoM1[0]
REAL
   0.428513 -0.00123312  0.00531139    0.348572
-0.00123312   0.0769699  0.00173952 -0.00400538
 0.00531139  0.00173952   0.0761576  0.00434745
   0.348572 -0.00400538  0.00434745    0.418359
IMAGINARY
          0 -0.00181311   0.0124015 -0.00748312
 0.00181311           0  0.00381176 -0.00037261
 -0.0124015 -0.00381176           0  0.00542177
 0.00748312  0.00037261 -0.00542177           0
EndNode1[0]<--->Repeater1[0]
REAL
   0.422771  0.00481653 -0.00116427    0.353862
 0.00481653   0.0808121 -0.00379196  0.00567419
-0.00116427 -0.00379196   0.0780255   0.0061075
   0.353862  0.00567419   0.0061075    0.418392
IMAGINARY
          0 -0.00277198 -0.00229545  0.00638853
 0.00277198           0 -0.00391866   0.0036871
 0.00229545  0.00391866           0  0.00138033
-0.00638853  -0.0036871 -0.00138033           0
EndNode2[0]<--->HoM1[0]
REAL
    0.430082 -0.000979964 -0.000394642      0.35194
-0.000979964    0.0697219  -0.00528836   0.00312578
-0.000394642  -0.00528836    0.0748139  -0.00478577
     0.35194   0.00312578  -0.00478577     0.425382
IMAGINARY
          0  0.00191285 -0.00828996  0.00628197
-0.00191285           0  0.00440264  0.00838994
 0.00828996 -0.00440264           0 -0.00281267
-0.00628197 -0.00838994  0.00281267           0
Repeater1[0]<--->EndNode1[0]
REAL
   0.422771 -0.00116427  0.00481653    0.353862
-0.00116427   0.0780255 -0.00379196   0.0061075
 0.00481653 -0.00379196   0.0808121  0.00567419
   0.353862   0.0061075  0.00567419    0.418392
IMAGINARY
          0 -0.00229545 -0.00277198  0.00638853
 0.00229545           0  0.00391866  0.00138033
 0.00277198 -0.00391866           0   0.0036871
-0.00638853 -0.00138033  -0.0036871           0
Repeater1[0]<--->HoM1[0]
REAL
    0.430082 -0.000394642 -0.000979964      0.35194
-0.000394642    0.0748139  -0.00528836  -0.00478577
-0.000979964  -0.00528836    0.0697219   0.00312578
     0.35194  -0.00478577   0.00312578     0.425382
IMAGINARY
          0 -0.00828996  0.00191285  0.00628197
 0.00828996           0 -0.00440264 -0.00281267
-0.00191285  0.00440264           0  0.00838994
-0.00628197  0.00281267 -0.00838994           0
EndNode1[0]<--->Repeater1[0]
REAL
    0.425418   0.00871045 -0.000589204     0.347405
  0.00871045    0.0785601   -0.0072116   0.00260696
-0.000589204   -0.0072116      0.08035  -0.00185007
    0.347405   0.00260696  -0.00185007     0.415672
IMAGINARY
          0 -0.00316863  0.00585954 -0.00772692
 0.00316863           0 -0.00674383  0.00101669
-0.00585954  0.00674383           0 -0.00174296
 0.00772692 -0.00101669  0.00174296           0
EndNode2[0]<--->HoM1[0]
REAL
   0.418965  0.00299565 -0.00195845    0.351122
 0.00299565   0.0779142 -0.00570545  0.00305691
-0.00195845 -0.00570545   0.0742903   0.0028961
   0.351122  0.00305691   0.0028961     0.42883
IMAGINARY
           0   -0.0011829  -0.00787642  0.000201675
   0.0011829            0   0.00699896    0.0104869
  0.00787642  -0.00699896            0   -0.0048412
-0.000201675   -0.0104869    0.0048412            0
Repeater1[0]<--->EndNode1[0]
REAL
    0.425418 -0.000589204   0.00871045     0.347405
-0.000589204      0.08035   -0.0072116  -0.00185007
  0.00871045   -0.0072116    0.0785601   0.00260696
    0.347405  -0.00185007   0.00260696     0.415672
IMAGINARY
          0  0.00585954 -0.00316863 -0.00772692
-0.00585954           0  0.00674383 -0.00174296
 0.00316863 -0.00674383           0  0.00101669
 0.00772692  0.00174296 -0.00101669           0
Repeater1[0]<--->HoM1[0]
REAL
   0.418965 -0.00195845  0.00299565    0.351122
-0.00195845   0.0742903 -0.00570545   0.0028961
 0.00299565 -0.00570545   0.0779142  0.00305691
   0.351122   0.0028961  0.00305691     0.42883
IMAGINARY
           0  -0.00787642   -0.0011829  0.000201675
  0.00787642            0  -0.00699896   -0.0048412
   0.0011829   0.00699896            0    0.0104869
-0.000201675    0.0048412   -0.0104869            0
EndNode1[0]<--->Repeater1[0]
REAL
   0.421534 -0.00463803  0.00189536    0.355578
-0.00463803   0.0717124  0.00231312 0.000221146
 0.00189536  0.00231312   0.0836313 -0.00231621
   0.355578 0.000221146 -0.00231621    0.423123
IMAGINARY
          0 -0.00421176   0.0123517  0.00530291
 0.00421176           0  0.00470315 -0.00561703
 -0.0123517 -0.00470315           0 -0.00680865
-0.00530291  0.00561703  0.00680865           0
EndNode2[0]<--->HoM1[0]
REAL
    0.418567 -0.000326323  0.000428699     0.348154
-0.000326323    0.0726539   0.00309822    0.0113093
 0.000428699   0.00309822    0.0772957   0.00220046
    0.348154    0.0113093   0.00220046     0.431483
IMAGINARY
           0  -0.00705246    0.0101184  0.000256129
  0.00705246            0  -0.00556356  -0.00147694
  -0.0101184   0.00556356            0   0.00142545
-0.000256129   0.00147694  -0.00142545            0
Repeater1[0]<--->EndNode1[0]
REAL
   0.421534  0.00189536 -0.00463803    0.355578
 0.00189536   0.0836313  0.00231312 -0.00231621
-0.00463803  0.00231312   0.0717124 0.000221146
   0.355578 -0.00231621 0.000221146    0.423123
IMAGINARY
          0   0.0123517 -0.00421176  0.00530291
 -0.0123517           0 -0.00470315 -0.00680865
 0.00421176  0.00470315           0 -0.00561703
-0.00530291  0.00680865  0.00561703           0
Repeater1[0]<--->HoM1[0]
REAL
    0.418567  0.000428699 -0.000326323     0.348154
 0.000428699    0.0772957   0.00309822   0.00220046
-0.000326323   0.00309822    0.0726539    0.0113093
    0.348154   0.00220046    0.0113093     0.431483
IMAGINARY
           0    0.0101184  -0.00705246  0.000256129
  -0.0101184            0   0.00556356   0.00142545
  0.00705246  -0.00556356            0  -0.00147694
-0.000256129  -0.00142545   0.00147694            0
EndNode1[0]<--->Repeater1[0]
REAL
    0.414125   -0.0036224  -0.00121858     0.346513
  -0.0036224    0.0740369 -0.000144902  -0.00433918
 -0.00121858 -0.000144902    0.0756421  -0.00352329
    0.346513  -0.00433918  -0.00352329     0.436196
IMAGINARY
           0  0.000232484    0.0038763   0.00200913
-0.000232484            0   -0.0116827   0.00118222
  -0.0038763    0.0116827            0  -0.00350564
 -0.00200913  -0.00118222   0.00350564            0
EndNode2[0]<--->HoM1[0]
REAL
    0.420307  -0.00313848   0.00477109     0.346534
 -0.00313848    0.0776699   0.00465242 -8.32786e-05
  0.00477109   0.00465242    0.0756472 -0.000551928
    0.346534 -8.32786e-05 -0.000551928     0.426375
IMAGINARY
          0 -0.00524024  0.00210047  0.00908149
 0.00524024           0 -0.00143253  0.00638095
-0.00210047  0.00143253           0 -0.00344312
-0.00908149 -0.00638095  0.00344312           0
Repeater1[0]<--->EndNode1[0]
REAL
    0.414125  -0.00121858   -0.0036224     0.346513
 -0.00121858    0.0756421 -0.000144902  -0.00352329
  -0.0036224 -0.000144902    0.0740369  -0.00433918
    0.346513  -0.00352329  -0.00433918     0.436196
IMAGINARY
           0    0.0038763  0.000232484   0.00200913
  -0.0038763            0    0.0116827  -0.00350564
-0.000232484   -0.0116827            0   0.00118222
 -0.00200913   0.00350564  -0.00118222            0
Repeater1[0]<--->HoM1[0]
REAL
    0.420307   0.00477109  -0.00313848     0.346534
  0.00477109    0.0756472   0.00465242 -0.000551928
 -0.00313848   0.00465242    0.0776699 -8.32786e-05
    0.346534 -0.000551928 -8.32786e-05     0.426375
IMAGINARY
          0  0.00210047 -0.00524024  0.00908149
-0.00210047           0  0.00143253 -0.00344312
 0.00524024 -0.00143253           0  0.00638095
-0.00908149  0.00344312 -0.00638095           0
EndNode1[0]<--->Repeater1[0]
REAL
    0.415206  -0.00676652  -0.00207545     0.350507
 -0.00676652    0.0707297 -0.000857914  -0.00299475
 -0.00207545 -0.000857914    0.0799022  0.000331267
    0.350507  -0.00299475  0.000331267     0.434162
IMAGINARY
          0  0.00372138 -0.00534093 -0.00165368
-0.00372138           0  0.00723743 -0.00731099
 0.00534093 -0.00723743           0  0.00693811
 0.00165368  0.00731099 -0.00693811           0
EndNode2[0]<--->HoM1[0]
REAL
   0.444087 -0.00184832 -0.00327597    0.348001
-0.00184832   0.0742156 -0.00274852  0.00268002
-0.00327597 -0.00274852   0.0730088  0.00343751
   0.348001  0.00268002  0.00343751    0.408689
IMAGINARY
           0  0.000455628   -0.0108643   0.00946276
-0.000455628            0  -0.00946276    0.0101458
   0.0108643   0.00946276            0   0.00580592
 -0.00946276   -0.0101458  -0.00580592            0
Repeater1[0]<--->EndNode1[0]
REAL
    0.415206  -0.00207545  -0.00676652     0.350507
 -0.00207545    0.0799022 -0.000857914  0.000331267
 -0.00676652 -0.000857914    0.0707297  -0.00299475
    0.350507  0.000331267  -0.00299475     0.434162
IMAGINARY
          0 -0.00534093  0.00372138 -0.00165368
 0.00534093           0 -0.00723743  0.00693811
-0.00372138  0.00723743           0 -0.00731099
 0.00165368 -0.00693811  0.00731099           0
Repeater1[0]<--->HoM1[0]
REAL
   0.444087 -0.00327597 -0.00184832    0.348001
-0.00327597   0.0730088 -0.00274852  0.00343751
-0.00184832 -0.00274852   0.0742156  0.00268002
   0.348001  0.00343751  0.00268002    0.408689
IMAGINARY
           0   -0.0108643  0.000455628   0.00946276
   0.0108643            0   0.00946276   0.00580592
-0.000455628  -0.00946276            0    0.0101458
 -0.00946276  -0.00580592   -0.0101458            0
EndNode1[0]<--->Repeater1[0]
REAL
   0.422445 -0.00440696 -0.00493054    0.350848
-0.00440696   0.0675351  0.00254415  0.00682034
-0.00493054  0.00254415   0.0825651  -0.0010635
   0.350848  0.00682034  -0.0010635    0.427455
IMAGINARY
           0   0.00400029  -0.00175315   0.00754652
 -0.00400029            0   0.00174419 -0.000841663
  0.00175315  -0.00174419            0 -0.000607079
 -0.00754652  0.000841663  0.000607079            0
EndNode2[0]<--->HoM1[0]
REAL
   0.431577   0.0085864 0.000434216    0.349939
  0.0085864   0.0739284  0.00544896   0.0103412
0.000434216  0.00544896   0.0711758  0.00380031
   0.349939   0.0103412  0.00380031    0.423319
IMAGINARY
          0  0.00512972 -0.00673061  0.00193633
-0.00512972           0  0.00254485  0.00366939
 0.00673061 -0.00254485           0 -0.00410931
-0.00193633 -0.00366939  0.00410931           0
Repeater1[0]<--->EndNode1[0]
REAL
   0.422445 -0.00493054 -0.00440696    0.350848
-0.00493054   0.0825651  0.00254415  -0.0010635
-0.00440696  0.00254415   0.0675351  0.00682034
   0.350848  -0.0010635  0.00682034    0.427455
IMAGINARY
           0  -0.00175315   0.00400029   0.00754652
  0.00175315            0  -0.00174419 -0.000607079
 -0.00400029   0.00174419            0 -0.000841663
 -0.00754652  0.000607079  0.000841663            0
Repeater1[0]<--->HoM1[0]
REAL
   0.431577 0.000434216   0.0085864    0.349939
0.000434216   0.0711758  0.00544896  0.00380031
  0.0085864  0.00544896   0.0739284   0.0103412
   0.349939  0.00380031   0.0103412    0.423319
IMAGINARY
          0 -0.00673061  0.00512972  0.00193633
 0.00673061           0 -0.00254485 -0.00410931
-0.00512972  0.00254485           0  0.00366939
-0.00193633  0.00410931 -0.00366939           0
EndNode1[0]<--->Repeater1[0]
REAL
   0.422312 -0.00386748  0.00178143    0.357926
-0.00386748   0.0775879 -0.00196969 -0.00117365
 0.00178143 -0.00196969   0.0749749 0.000625986
   0.357926 -0.00117365 0.000625986    0.425126
IMAGINARY
           0  0.000704128  -0.00480553   0.00699982
-0.000704128            0   0.00311923  -0.00302265
  0.00480553  -0.00311923            0   0.00110238
 -0.00699982   0.00302265  -0.00110238            0
EndNode2[0]<--->HoM1[0]
REAL
   0.431227 -0.00521572 -0.00751114    0.349113
-0.00521572     0.07848  0.00178677 -0.00230072
-0.00751114  0.00178677   0.0718711  0.00531687
   0.349113 -0.00230072  0.00531687    0.418422
IMAGINARY
           0 -0.000986366   0.00659357 -9.02349e-05
 0.000986366            0  -0.00288242  -0.00698961
 -0.00659357   0.00288242            0  -0.00475621
 9.02349e-05   0.00698961   0.00475621            0
Repeater1[0]<--->EndNode1[0]
REAL
   0.422312  0.00178143 -0.00386748    0.357926
 0.00178143   0.0749749 -0.00196969 0.000625986
-0.00386748 -0.00196969   0.0775879 -0.00117365
   0.357926 0.000625986 -0.00117365    0.425126
IMAGINARY
           0  -0.00480553  0.000704128   0.00699982
  0.00480553            0  -0.00311923   0.00110238
-0.000704128   0.00311923            0  -0.00302265
 -0.00699982  -0.00110238   0.00302265            0
Repeater1[0]<--->HoM1[0]
REAL
   0.431227 -0.00751114 -0.00521572    0.349113
-0.00751114   0.0718711  0.00178677  0.00531687
-0.00521572  0.00178677     0.07848 -0.00230072
   0.349113  0.00531687 -0.00230072    0.418422
IMAGINARY
           0   0.00659357 -0.000986366 -9.02349e-05
 -0.00659357            0   0.00288242  -0.00475621
 0.000986366  -0.00288242            0  -0.00698961
 9.02349e-05   0.00475621   0.00698961            0
EndNode1[0]<--->Repeater1[0]
REAL
   0.426476 4.24862e-05 -0.00456224    0.351828
4.24862e-05   0.0707111 -0.00222756  0.00656224
-0.00456224 -0.00222756   0.0745279 -0.00844249
   0.351828  0.00656224 -0.00844249    0.428284
IMAGINARY
          0  0.00654966  0.00629898  0.00318777
-0.00654966           0  0.00104269 -0.00957084
-0.00629898 -0.00104269           0  0.00227445
-0.00318777  0.00957084 -0.00227445           0
EndNode2[0]<--->HoM1[0]
REAL
    0.42765  0.00356832 -0.00314322    0.353457
 0.00356832   0.0741103  0.00093285 -0.00102841
-0.00314322  0.00093285   0.0782167   -0.011117
   0.353457 -0.00102841   -0.011117    0.420023
IMAGINARY
          0  0.00309424 -0.00249282   0.0030242
-0.00309424           0 -0.00028308 -0.00419248
 0.00249282  0.00028308           0 -0.00618744
 -0.0030242  0.00419248  0.00618744           0
Repeater1[0]<--->EndNode1[0]
REAL
   0.426476 -0.00456224 4.24862e-05    0.351828
-0.00456224   0.0745279 -0.00222756 -0.00844249
4.24862e-05 -0.00222756   0.0707111  0.00656224
   0.351828 -0.00844249  0.00656224    0.428284
IMAGINARY
          0  0.00629898  0.00654966  0.00318777
-0.00629898           0 -0.00104269  0.00227445
-0.00654966  0.00104269           0 -0.00957084
-0.00318777 -0.00227445  0.00957084           0
