Router1[0]<--->Router2[0]
REAL
  0.424138 0.00116693 -0.0120087   0.336149
0.00116693   0.087069 0.00402563 -0.0120087
-0.0120087 0.00402563  0.0887931  -0.012084
  0.336149 -0.0120087  -0.012084        0.4
IMAGINARY
           0   -0.0104373    0.0156147 -0.000664539
   0.0104373            0  -0.00113402   0.00344157
  -0.0156147   0.00113402            0   0.00317775
 0.000664539  -0.00344157  -0.00317775            0
Router1[0]<--->Router3[0]
REAL
    0.42959 -0.00333739 0.000526924    0.340985
-0.00333739   0.0641711   0.0026007   0.0108966
0.000526924   0.0026007   0.0828877   0.0059736
   0.340985   0.0108966   0.0059736    0.423351
IMAGINARY
          0   -0.010939  -0.0190744 -0.00845565
   0.010939           0  0.00618499   0.0213701
  0.0190744 -0.00618499           0 -0.00421253
 0.00845565  -0.0213701  0.00421253           0
Router1[0]<--->Router4[0]
REAL
    0.431444  -0.00434995   0.00896612     0.333102
 -0.00434995    0.0859232   -0.0100175  2.15786e-05
  0.00896612   -0.0100175    0.0840951 -0.000853451
    0.333102  2.15786e-05 -0.000853451     0.398537
IMAGINARY
           0 -0.000313985  -0.00223396   -0.0147348
 0.000313985            0     -0.01031   0.00498626
  0.00223396      0.01031            0   -0.0235392
   0.0147348  -0.00498626    0.0235392            0
Router1[0]<--->Router5[0]
REAL
    0.38009   0.0231395  0.00625318      0.3083
  0.0231395   0.0968326   -0.019555   0.0158247
 0.00625318   -0.019555    0.101357 -0.00279317
     0.3083   0.0158247 -0.00279317    0.421719
IMAGINARY
           0   -0.0175026    0.0131816   -0.0087882
   0.0175026            0   -0.0140818  0.000659235
  -0.0131816    0.0140818            0  -0.00585383
   0.0087882 -0.000659235   0.00585383            0
Router2[0]<--->HoM1[0]
REAL
   0.341651  0.00298452   0.0263152    0.145066
 0.00298452    0.165067  0.00422732   0.0107873
  0.0263152  0.00422732    0.173704 -0.00916826
   0.145066   0.0107873 -0.00916826    0.319578
IMAGINARY
          0  0.00250321   0.0119387 -0.00690557
-0.00250321           0   0.0101195 -0.00419031
 -0.0119387  -0.0101195           0  -0.0138979
 0.00690557  0.00419031   0.0138979           0
Router2[0]<--->Router5[0]
REAL
   0.422343 0.000222146 -0.00789474    0.356771
0.000222146   0.0853769   0.0121283 -0.00789474
-0.00789474   0.0121283    0.075386 -0.00165755
   0.356771 -0.00789474 -0.00165755    0.416894
IMAGINARY
           0  0.000656603   0.00150715   0.00822432
-0.000656603            0   0.00778992    0.0127786
 -0.00150715  -0.00778992            0   -0.0113709
 -0.00822432   -0.0127786    0.0113709            0
Router2[0]<--->Router1[0]
REAL
  0.424138 -0.0120087 0.00116693   0.336149
-0.0120087  0.0887931 0.00402563  -0.012084
0.00116693 0.00402563   0.087069 -0.0120087
  0.336149  -0.012084 -0.0120087        0.4
IMAGINARY
           0    0.0156147   -0.0104373 -0.000664539
  -0.0156147            0   0.00113402   0.00317775
   0.0104373  -0.00113402            0   0.00344157
 0.000664539  -0.00317775  -0.00344157            0
Router3[0]<--->Router1[0]
REAL
    0.42959 0.000526924 -0.00333739    0.340985
0.000526924   0.0828877   0.0026007   0.0059736
-0.00333739   0.0026007   0.0641711   0.0108966
   0.340985   0.0059736   0.0108966    0.423351
IMAGINARY
          0  -0.0190744   -0.010939 -0.00845565
  0.0190744           0 -0.00618499 -0.00421253
   0.010939  0.00618499           0   0.0213701
 0.00845565  0.00421253  -0.0213701           0
Router3[0]<--->HoM1[0]
REAL
   0.341651   0.0263152  0.00298452    0.145066
  0.0263152    0.173704  0.00422732 -0.00916826
 0.00298452  0.00422732    0.165067   0.0107873
   0.145066 -0.00916826   0.0107873    0.319578
IMAGINARY
          0   0.0119387  0.00250321 -0.00690557
 -0.0119387           0  -0.0101195  -0.0138979
-0.00250321   0.0101195           0 -0.00419031
 0.00690557   0.0138979  0.00419031           0
Router3[0]<--->Router4[0]
REAL
   0.368375  -0.0151484 -0.00386557    0.241265
 -0.0151484    0.143993   0.0217308 -0.00979082
-0.00386557   0.0217308    0.136926 0.000610934
   0.241265 -0.00979082 0.000610934    0.350707
IMAGINARY
          0  0.00930374  0.00924034  -0.0065949
-0.00930374           0 -0.00568581 -0.00207188
-0.00924034  0.00568581           0  -0.0101998
  0.0065949  0.00207188   0.0101998           0
Router5[0]<--->Router1[0]
REAL
    0.38009  0.00625318   0.0231395      0.3083
 0.00625318    0.101357   -0.019555 -0.00279317
  0.0231395   -0.019555   0.0968326   0.0158247
     0.3083 -0.00279317   0.0158247    0.421719
IMAGINARY
           0    0.0131816   -0.0175026   -0.0087882
  -0.0131816            0    0.0140818  -0.00585383
   0.0175026   -0.0140818            0  0.000659235
   0.0087882   0.00585383 -0.000659235            0
Router5[0]<--->Router2[0]
REAL
   0.422343 -0.00789474 0.000222146    0.356771
-0.00789474    0.075386   0.0121283 -0.00165755
0.000222146   0.0121283   0.0853769 -0.00789474
   0.356771 -0.00165755 -0.00789474    0.416894
IMAGINARY
           0   0.00150715  0.000656603   0.00822432
 -0.00150715            0  -0.00778992   -0.0113709
-0.000656603   0.00778992            0    0.0127786
 -0.00822432    0.0113709   -0.0127786            0
Router5[0]<--->Router4[0]
REAL
  0.426201 0.00830313  0.0181143   0.340389
0.00830313  0.0829694 0.00884771 -0.0190685
 0.0181143 0.00884771  0.0751092 0.00410145
  0.340389 -0.0190685 0.00410145   0.415721
IMAGINARY
          0 -0.00178009  0.00374583  -0.0128114
 0.00178009           0 -0.00567531 -0.00105766
-0.00374583  0.00567531           0   0.0116367
  0.0128114  0.00105766  -0.0116367           0
Router4[0]<--->Router5[0]
REAL
  0.426201  0.0181143 0.00830313   0.340389
 0.0181143  0.0751092 0.00884771 0.00410145
0.00830313 0.00884771  0.0829694 -0.0190685
  0.340389 0.00410145 -0.0190685   0.415721
IMAGINARY
          0  0.00374583 -0.00178009  -0.0128114
-0.00374583           0  0.00567531   0.0116367
 0.00178009 -0.00567531           0 -0.00105766
  0.0128114  -0.0116367  0.00105766           0
Router4[0]<--->Router1[0]
REAL
    0.431444   0.00896612  -0.00434995     0.333102
  0.00896612    0.0840951   -0.0100175 -0.000853451
 -0.00434995   -0.0100175    0.0859232  2.15786e-05
    0.333102 -0.000853451  2.15786e-05     0.398537
IMAGINARY
           0  -0.00223396 -0.000313985   -0.0147348
  0.00223396            0      0.01031   -0.0235392
 0.000313985     -0.01031            0   0.00498626
   0.0147348    0.0235392  -0.00498626            0
Router4[0]<--->Router3[0]
REAL
   0.368375 -0.00386557  -0.0151484    0.241265
-0.00386557    0.136926   0.0217308 0.000610934
 -0.0151484   0.0217308    0.143993 -0.00979082
   0.241265 0.000610934 -0.00979082    0.350707
IMAGINARY
          0  0.00924034  0.00930374  -0.0065949
-0.00924034           0  0.00568581  -0.0101998
-0.00930374 -0.00568581           0 -0.00207188
  0.0065949   0.0101998  0.00207188           0
Router1[0]<--->Router2[0]
REAL
  0.424138 0.00116693 -0.0120087   0.336149
0.00116693   0.087069 0.00402563 -0.0120087
-0.0120087 0.00402563  0.0887931  -0.012084
  0.336149 -0.0120087  -0.012084        0.4
IMAGINARY
           0   -0.0104373    0.0156147 -0.000664539
   0.0104373            0  -0.00113402   0.00344157
  -0.0156147   0.00113402            0   0.00317775
 0.000664539  -0.00344157  -0.00317775            0
Router1[0]<--->Router3[0]
REAL
    0.42959 -0.00333739 0.000526924    0.340985
-0.00333739   0.0641711   0.0026007   0.0108966
0.000526924   0.0026007   0.0828877   0.0059736
   0.340985   0.0108966   0.0059736    0.423351
IMAGINARY
          0   -0.010939  -0.0190744 -0.00845565
   0.010939           0  0.00618499   0.0213701
  0.0190744 -0.00618499           0 -0.00421253
 0.00845565  -0.0213701  0.00421253           0
Router1[0]<--->Router4[0]
REAL
    0.431444  -0.00434995   0.00896612     0.333102
 -0.00434995    0.0859232   -0.0100175  2.15786e-05
  0.00896612   -0.0100175    0.0840951 -0.000853451
    0.333102  2.15786e-05 -0.000853451     0.398537
IMAGINARY
           0 -0.000313985  -0.00223396   -0.0147348
 0.000313985            0     -0.01031   0.00498626
  0.00223396      0.01031            0   -0.0235392
   0.0147348  -0.00498626    0.0235392            0
Router1[0]<--->Router5[0]
REAL
    0.38009   0.0231395  0.00625318      0.3083
  0.0231395   0.0968326   -0.019555   0.0158247
 0.00625318   -0.019555    0.101357 -0.00279317
     0.3083   0.0158247 -0.00279317    0.421719
IMAGINARY
           0   -0.0175026    0.0131816   -0.0087882
   0.0175026            0   -0.0140818  0.000659235
  -0.0131816    0.0140818            0  -0.00585383
   0.0087882 -0.000659235   0.00585383            0
Router2[0]<--->HoM1[0]
REAL
   0.341651  0.00298452   0.0263152    0.145066
 0.00298452    0.165067  0.00422732   0.0107873
  0.0263152  0.00422732    0.173704 -0.00916826
   0.145066   0.0107873 -0.00916826    0.319578
IMAGINARY
          0  0.00250321   0.0119387 -0.00690557
-0.00250321           0   0.0101195 -0.00419031
 -0.0119387  -0.0101195           0  -0.0138979
 0.00690557  0.00419031   0.0138979           0
Router2[0]<--->Router5[0]
REAL
   0.422343 0.000222146 -0.00789474    0.356771
0.000222146   0.0853769   0.0121283 -0.00789474
-0.00789474   0.0121283    0.075386 -0.00165755
   0.356771 -0.00789474 -0.00165755    0.416894
IMAGINARY
           0  0.000656603   0.00150715   0.00822432
-0.000656603            0   0.00778992    0.0127786
 -0.00150715  -0.00778992            0   -0.0113709
 -0.00822432   -0.0127786    0.0113709            0
Router2[0]<--->Router1[0]
REAL
  0.424138 -0.0120087 0.00116693   0.336149
-0.0120087  0.0887931 0.00402563  -0.012084
0.00116693 0.00402563   0.087069 -0.0120087
  0.336149  -0.012084 -0.0120087        0.4
IMAGINARY
           0    0.0156147   -0.0104373 -0.000664539
  -0.0156147            0   0.00113402   0.00317775
   0.0104373  -0.00113402            0   0.00344157
 0.000664539  -0.00317775  -0.00344157            0
Router3[0]<--->Router1[0]
REAL
    0.42959 0.000526924 -0.00333739    0.340985
0.000526924   0.0828877   0.0026007   0.0059736
-0.00333739   0.0026007   0.0641711   0.0108966
   0.340985   0.0059736   0.0108966    0.423351
IMAGINARY
          0  -0.0190744   -0.010939 -0.00845565
  0.0190744           0 -0.00618499 -0.00421253
   0.010939  0.00618499           0   0.0213701
 0.00845565  0.00421253  -0.0213701           0
Router3[0]<--->HoM1[0]
REAL
   0.341651   0.0263152  0.00298452    0.145066
  0.0263152    0.173704  0.00422732 -0.00916826
 0.00298452  0.00422732    0.165067   0.0107873
   0.145066 -0.00916826   0.0107873    0.319578
IMAGINARY
          0   0.0119387  0.00250321 -0.00690557
 -0.0119387           0  -0.0101195  -0.0138979
-0.00250321   0.0101195           0 -0.00419031
 0.00690557   0.0138979  0.00419031           0
Router3[0]<--->Router4[0]
REAL
   0.368375  -0.0151484 -0.00386557    0.241265
 -0.0151484    0.143993   0.0217308 -0.00979082
-0.00386557   0.0217308    0.136926 0.000610934
   0.241265 -0.00979082 0.000610934    0.350707
IMAGINARY
          0  0.00930374  0.00924034  -0.0065949
-0.00930374           0 -0.00568581 -0.00207188
-0.00924034  0.00568581           0  -0.0101998
  0.0065949  0.00207188   0.0101998           0
Router5[0]<--->Router1[0]
REAL
    0.38009  0.00625318   0.0231395      0.3083
 0.00625318    0.101357   -0.019555 -0.00279317
  0.0231395   -0.019555   0.0968326   0.0158247
     0.3083 -0.00279317   0.0158247    0.421719
IMAGINARY
           0    0.0131816   -0.0175026   -0.0087882
  -0.0131816            0    0.0140818  -0.00585383
   0.0175026   -0.0140818            0  0.000659235
   0.0087882   0.00585383 -0.000659235            0
Router5[0]<--->Router2[0]
REAL
   0.422343 -0.00789474 0.000222146    0.356771
-0.00789474    0.075386   0.0121283 -0.00165755
0.000222146   0.0121283   0.0853769 -0.00789474
   0.356771 -0.00165755 -0.00789474    0.416894
IMAGINARY
           0   0.00150715  0.000656603   0.00822432
 -0.00150715            0  -0.00778992   -0.0113709
-0.000656603   0.00778992            0    0.0127786
 -0.00822432    0.0113709   -0.0127786            0
Router5[0]<--->Router4[0]
REAL
  0.426201 0.00830313  0.0181143   0.340389
0.00830313  0.0829694 0.00884771 -0.0190685
 0.0181143 0.00884771  0.0751092 0.00410145
  0.340389 -0.0190685 0.00410145   0.415721
IMAGINARY
          0 -0.00178009  0.00374583  -0.0128114
 0.00178009           0 -0.00567531 -0.00105766
-0.00374583  0.00567531           0   0.0116367
  0.0128114  0.00105766  -0.0116367           0
Router4[0]<--->Router5[0]
REAL
  0.426201  0.0181143 0.00830313   0.340389
 0.0181143  0.0751092 0.00884771 0.00410145
0.00830313 0.00884771  0.0829694 -0.0190685
  0.340389 0.00410145 -0.0190685   0.415721
IMAGINARY
          0  0.00374583 -0.00178009  -0.0128114
-0.00374583           0  0.00567531   0.0116367
 0.00178009 -0.00567531           0 -0.00105766
  0.0128114  -0.0116367  0.00105766           0
Router4[0]<--->Router1[0]
REAL
    0.431444   0.00896612  -0.00434995     0.333102
  0.00896612    0.0840951   -0.0100175 -0.000853451
 -0.00434995   -0.0100175    0.0859232  2.15786e-05
    0.333102 -0.000853451  2.15786e-05     0.398537
IMAGINARY
           0  -0.00223396 -0.000313985   -0.0147348
  0.00223396            0      0.01031   -0.0235392
 0.000313985     -0.01031            0   0.00498626
   0.0147348    0.0235392  -0.00498626            0
Router4[0]<--->Router3[0]
REAL
   0.368375 -0.00386557  -0.0151484    0.241265
-0.00386557    0.136926   0.0217308 0.000610934
 -0.0151484   0.0217308    0.143993 -0.00979082
   0.241265 0.000610934 -0.00979082    0.350707
IMAGINARY
          0  0.00924034  0.00930374  -0.0065949
-0.00924034           0  0.00568581  -0.0101998
-0.00930374 -0.00568581           0 -0.00207188
  0.0065949   0.0101998  0.00207188           0
