source<--->HoM
REAL
    0.450597 -0.000478818  -0.00102858     0.454615
-0.000478818    0.0462944    0.0453848   0.00033234
 -0.00102858    0.0453848    0.0464878 -0.000217425
    0.454615   0.00033234 -0.000217425     0.456621
IMAGINARY
           0  -0.00250541   0.00064086  0.000792358
  0.00250541            0  0.000551322   0.00239582
 -0.00064086 -0.000551322            0 -0.000170478
-0.000792358  -0.00239582  0.000170478            0
target<--->HoM
REAL
    0.450597  -0.00102858 -0.000478818     0.454615
 -0.00102858    0.0464878    0.0453848 -0.000217425
-0.000478818    0.0453848    0.0462944   0.00033234
    0.454615 -0.000217425   0.00033234     0.456621
IMAGINARY
           0   0.00064086  -0.00250541  0.000792358
 -0.00064086            0 -0.000551322 -0.000170478
  0.00250541  0.000551322            0   0.00239582
-0.000792358  0.000170478  -0.00239582            0
source<--->HoM
REAL
   0.468755  0.00791066 -0.00163129    0.444609
 0.00791066   0.0286723 0.000590139   0.0050274
-0.00163129 0.000590139   0.0282311 -0.00466891
   0.444609   0.0050274 -0.00466891    0.474342
IMAGINARY
           0 -0.000903523   0.00315629  -0.00302163
 0.000903523            0    0.0120936   0.00391501
 -0.00315629   -0.0120936            0  -0.00646242
  0.00302163  -0.00391501   0.00646242            0
target<--->HoM
REAL
   0.468755 -0.00163129  0.00791066    0.444609
-0.00163129   0.0282311 0.000590139 -0.00466891
 0.00791066 0.000590139   0.0286723   0.0050274
   0.444609 -0.00466891   0.0050274    0.474342
IMAGINARY
           0   0.00315629 -0.000903523  -0.00302163
 -0.00315629            0   -0.0120936  -0.00646242
 0.000903523    0.0120936            0   0.00391501
  0.00302163   0.00646242  -0.00391501            0
