EndNode[0]<--->HoM[0]
REAL
  0.258503 0.00222931 0.00856351   0.265123
0.00222931   0.240166   0.234877  0.0026638
0.00856351   0.234877    0.24194   0.008998
  0.265123  0.0026638   0.008998   0.259391
IMAGINARY
           0  -0.00672516   0.00753649   0.00373938
  0.00672516            0   0.00543221  -0.00599328
 -0.00753649  -0.00543221            0 -0.000373607
 -0.00373938   0.00599328  0.000373607            0
EndNode[1]<--->HoM[1]
REAL
   0.273879 -0.00346926   0.0076858    0.262043
-0.00346926    0.234621    0.237957 -0.00650794
  0.0076858    0.237957    0.232148  0.00464712
   0.262043 -0.00650794  0.00464712    0.259351
IMAGINARY
          0 -0.00466022 -0.00498911 -0.00642164
 0.00466022           0  0.00459682  -0.0108645
 0.00498911 -0.00459682           0  0.00740412
 0.00642164   0.0108645 -0.00740412           0
repeater[0]<--->HoM[0]
REAL
  0.258503 0.00856351 0.00222931   0.265123
0.00856351    0.24194   0.234877   0.008998
0.00222931   0.234877   0.240166  0.0026638
  0.265123   0.008998  0.0026638   0.259391
IMAGINARY
           0   0.00753649  -0.00672516   0.00373938
 -0.00753649            0  -0.00543221 -0.000373607
  0.00672516   0.00543221            0  -0.00599328
 -0.00373938  0.000373607   0.00599328            0
repeater[0]<--->HoM[1]
REAL
   0.273879   0.0076858 -0.00346926    0.262043
  0.0076858    0.232148    0.237957  0.00464712
-0.00346926    0.237957    0.234621 -0.00650794
   0.262043  0.00464712 -0.00650794    0.259351
IMAGINARY
          0 -0.00498911 -0.00466022 -0.00642164
 0.00498911           0 -0.00459682  0.00740412
 0.00466022  0.00459682           0  -0.0108645
 0.00642164 -0.00740412   0.0108645           0
