
[Config Layer2_Simple_MIM_MM]
network = Layer2_Simple_MIM_MM
**.tomography_output_filename = "Layer2_Simple_MIM_MM"
**.buffers = uniform(50, 50)
**.num_measure = 5000 #max measurement for tomography accumulation

**.emission_error_rate = 0 # per shot.
**.emission_Z_error_ratio = 0 #ratio. Not the error rate!! By default the ratio is 1:1:1
**.emission_X_error_ratio = 0 #ratio. Not the error rate!!
**.emission_Y_error_ratio = 0 #ratio. Not the error rate!!

**.channel_error_rate = 0.005 #per km. Max = 1 = 100%
**.photon_loss_ratio = 0 # per km. 1% = 0.01
**.Z_error_ratio = 1 #ratio. Not the error rate!! By default the ratio is 1:1:1
**.X_error_ratio = 1 #ratio. Not the error rate!!
**.Y_error_ratio = 1 #ratio. Not the error rate!!

**.memory_error_rate = 0.001 #per μs
**.memory_X_error_ratio = 1 #ratio. Not the error rate!!
**.memory_Y_error_ratio = 1 #ratio. Not the error rate!!
**.memory_Z_error_ratio = 1 #ratio. Not the error rate!! By default the ratio is 1:1:1
**.memory_energy_excitation_ratio = 1
**.memory_energy_relaxation_ratio = 1
**.memory_complitely_mixed_ratio = 1

#Error on Target, Error on Controlled
**.CNOTgate_error_rate = 0.02
**.CNOTgate_IZ_error_ratio = 1 #checked
**.CNOTgate_ZI_error_ratio = 1 #checked
**.CNOTgate_ZZ_error_ratio = 1 #checked
**.CNOTgate_IX_error_ratio = 1 #checked
**.CNOTgate_XI_error_ratio = 1 #checked
**.CNOTgate_XX_error_ratio = 1 #checked
**.CNOTgate_IY_error_ratio = 1 #checked
**.CNOTgate_YI_error_ratio = 1 #checked
**.CNOTgate_YY_error_ratio = 1 #checked

**.Measurement_error_rate = 0.01
**.Measurement_X_error_ratio = 1
**.Measurement_Y_error_ratio = 1
**.Measurement_Z_error_ratio = 1

**.hom_photon_detection_per_sec = 1000000000
**.hom_darkcount_probability = 0.0 #1%

**.link_tomography = true
**.initial_purification = 0
**.X_purification = false

EndNode1[0]<--->Repeater1[0]
REAL
   0.408127   0.0282382 -0.00742465    0.342718
  0.0282382   0.0706714  0.00330235  0.00915476
-0.00742465  0.00330235    0.100707  -0.0143974
   0.342718  0.00915476  -0.0143974    0.420495
IMAGINARY
          0  0.00642873     0.01771 -0.00239227
-0.00642873           0   0.0040534  -0.0122356
   -0.01771  -0.0040534           0   0.0245932
 0.00239227   0.0122356  -0.0245932           0
EndNode2[0]<--->HoM1[0]
REAL
   0.447788   0.0016916 -0.00861646     0.33471
  0.0016916   0.0743363 -0.00914917  0.00429867
-0.00861646 -0.00914917   0.0814159  0.00262618
    0.33471  0.00429867  0.00262618     0.39646
IMAGINARY
          0 -0.00261011  0.00263969   0.0152154
 0.00261011           0  -0.0179983  -0.0149204
-0.00263969   0.0179983           0  0.00962765
 -0.0152154   0.0149204 -0.00962765           0
Repeater1[0]<--->EndNode1[0]
REAL
   0.408127 -0.00742465   0.0282382    0.342718
-0.00742465    0.100707  0.00330235  -0.0143974
  0.0282382  0.00330235   0.0706714  0.00915476
   0.342718  -0.0143974  0.00915476    0.420495
IMAGINARY
          0     0.01771  0.00642873 -0.00239227
   -0.01771           0  -0.0040534   0.0245932
-0.00642873   0.0040534           0  -0.0122356
 0.00239227  -0.0245932   0.0122356           0
Repeater1[0]<--->HoM1[0]
REAL
   0.447788 -0.00861646   0.0016916     0.33471
-0.00861646   0.0814159 -0.00914917  0.00262618
  0.0016916 -0.00914917   0.0743363  0.00429867
    0.33471  0.00262618  0.00429867     0.39646
IMAGINARY
          0  0.00263969 -0.00261011   0.0152154
-0.00263969           0   0.0179983  0.00962765
 0.00261011  -0.0179983           0  -0.0149204
 -0.0152154 -0.00962765   0.0149204           0
 
 
 
 
[Config Layer2_Simple_MIM_MM]
network = Layer2_Simple_MIM_MM
**.tomography_output_filename = "Layer2_Simple_MIM_MM"
**.buffers = uniform(50, 50)
**.num_measure = 10000 #max measurement for tomography accumulation

**.emission_error_rate = 0 # per shot.
**.emission_Z_error_ratio = 0 #ratio. Not the error rate!! By default the ratio is 1:1:1
**.emission_X_error_ratio = 0 #ratio. Not the error rate!!
**.emission_Y_error_ratio = 0 #ratio. Not the error rate!!

**.channel_error_rate = 0.005 #per km. Max = 1 = 100%
**.photon_loss_ratio = 0 # per km. 1% = 0.01
**.Z_error_ratio = 1 #ratio. Not the error rate!! By default the ratio is 1:1:1
**.X_error_ratio = 1 #ratio. Not the error rate!!
**.Y_error_ratio = 1 #ratio. Not the error rate!!

**.memory_error_rate = 0.001 #per μs
**.memory_X_error_ratio = 1 #ratio. Not the error rate!!
**.memory_Y_error_ratio = 1 #ratio. Not the error rate!!
**.memory_Z_error_ratio = 1 #ratio. Not the error rate!! By default the ratio is 1:1:1
**.memory_energy_excitation_ratio = 1
**.memory_energy_relaxation_ratio = 1
**.memory_complitely_mixed_ratio = 1

#Error on Target, Error on Controlled
**.CNOTgate_error_rate = 0.02
**.CNOTgate_IZ_error_ratio = 1 #checked
**.CNOTgate_ZI_error_ratio = 1 #checked
**.CNOTgate_ZZ_error_ratio = 1 #checked
**.CNOTgate_IX_error_ratio = 1 #checked
**.CNOTgate_XI_error_ratio = 1 #checked
**.CNOTgate_XX_error_ratio = 1 #checked
**.CNOTgate_IY_error_ratio = 1 #checked
**.CNOTgate_YI_error_ratio = 1 #checked
**.CNOTgate_YY_error_ratio = 1 #checked

**.Measurement_error_rate = 0.01
**.Measurement_X_error_ratio = 1
**.Measurement_Y_error_ratio = 1
**.Measurement_Z_error_ratio = 1

**.hom_photon_detection_per_sec = 1000000000
**.hom_darkcount_probability = 0.0 #1%

**.link_tomography = true
**.initial_purification = 0
**.X_purification = false
EndNode1[0]<--->Repeater1[0]
REAL
    0.425255     0.010177    0.0100486     0.336467
    0.010177     0.086351  0.000700859 -0.000314091
   0.0100486  0.000700859    0.0872795   -0.0039823
    0.336467 -0.000314091   -0.0039823     0.401114
IMAGINARY
           0  -0.00412571   -0.0202861  -0.00365519
  0.00412571            0   -0.0125587  0.000213058
   0.0202861    0.0125587            0    0.0278483
  0.00365519 -0.000213058   -0.0278483            0
EndNode2[0]<--->HoM1[0]
REAL
   0.428189   0.0160393 -0.00646983    0.333823
  0.0160393   0.0785013  -0.0116398  0.00558954
-0.00646983  -0.0116398   0.0847458  -0.0010745
   0.333823  0.00558954  -0.0010745    0.408564
IMAGINARY
           0   -0.0102147  0.000562273  -0.00087491
   0.0102147            0  -0.00948778  -0.00730082
-0.000562273   0.00948778            0   0.00617153
  0.00087491   0.00730082  -0.00617153            0
Repeater1[0]<--->EndNode1[0]
REAL
    0.425255    0.0100486     0.010177     0.336467
   0.0100486    0.0872795  0.000700859   -0.0039823
    0.010177  0.000700859     0.086351 -0.000314091
    0.336467   -0.0039823 -0.000314091     0.401114
IMAGINARY
           0   -0.0202861  -0.00412571  -0.00365519
   0.0202861            0    0.0125587    0.0278483
  0.00412571   -0.0125587            0  0.000213058
  0.00365519   -0.0278483 -0.000213058            0
Repeater1[0]<--->HoM1[0]
REAL
   0.428189 -0.00646983   0.0160393    0.333823
-0.00646983   0.0847458  -0.0116398  -0.0010745
  0.0160393  -0.0116398   0.0785013  0.00558954
   0.333823  -0.0010745  0.00558954    0.408564
IMAGINARY
           0  0.000562273   -0.0102147  -0.00087491
-0.000562273            0   0.00948778   0.00617153
   0.0102147  -0.00948778            0  -0.00730082
  0.00087491  -0.00617153   0.00730082            0
  
  
  
  
[Config Layer2_Simple_MIM_MM]
network = Layer2_Simple_MIM_MM
**.tomography_output_filename = "Layer2_Simple_MIM_MM"
**.buffers = uniform(50, 50)
**.num_measure = 15000 #max measurement for tomography accumulation

**.emission_error_rate = 0 # per shot.
**.emission_Z_error_ratio = 0 #ratio. Not the error rate!! By default the ratio is 1:1:1
**.emission_X_error_ratio = 0 #ratio. Not the error rate!!
**.emission_Y_error_ratio = 0 #ratio. Not the error rate!!

**.channel_error_rate = 0.005 #per km. Max = 1 = 100%
**.photon_loss_ratio = 0 # per km. 1% = 0.01
**.Z_error_ratio = 1 #ratio. Not the error rate!! By default the ratio is 1:1:1
**.X_error_ratio = 1 #ratio. Not the error rate!!
**.Y_error_ratio = 1 #ratio. Not the error rate!!

**.memory_error_rate = 0.001 #per μs
**.memory_X_error_ratio = 1 #ratio. Not the error rate!!
**.memory_Y_error_ratio = 1 #ratio. Not the error rate!!
**.memory_Z_error_ratio = 1 #ratio. Not the error rate!! By default the ratio is 1:1:1
**.memory_energy_excitation_ratio = 1
**.memory_energy_relaxation_ratio = 1
**.memory_complitely_mixed_ratio = 1

#Error on Target, Error on Controlled
**.CNOTgate_error_rate = 0.02
**.CNOTgate_IZ_error_ratio = 1 #checked
**.CNOTgate_ZI_error_ratio = 1 #checked
**.CNOTgate_ZZ_error_ratio = 1 #checked
**.CNOTgate_IX_error_ratio = 1 #checked
**.CNOTgate_XI_error_ratio = 1 #checked
**.CNOTgate_XX_error_ratio = 1 #checked
**.CNOTgate_IY_error_ratio = 1 #checked
**.CNOTgate_YI_error_ratio = 1 #checked
**.CNOTgate_YY_error_ratio = 1 #checked

**.Measurement_error_rate = 0.01
**.Measurement_X_error_ratio = 1
**.Measurement_Y_error_ratio = 1
**.Measurement_Z_error_ratio = 1

**.hom_photon_detection_per_sec = 1000000000
**.hom_darkcount_probability = 0.0 #1%



EndNode1[0]<--->Repeater1[0]
REAL
   0.426269   0.0251571   0.0229591    0.333778
  0.0251571   0.0728358  0.00210666 -0.00121999
  0.0229591  0.00210666   0.0877612  0.00270569
   0.333778 -0.00121999  0.00270569    0.413134
IMAGINARY
           0   0.00677111  -0.00292228    0.0182249
 -0.00677111            0  0.000983501     0.001456
  0.00292228 -0.000983501            0   0.00583886
  -0.0182249    -0.001456  -0.00583886            0
EndNode2[0]<--->HoM1[0]
REAL
   0.429669  0.00635382 -0.00182429    0.334185
 0.00635382   0.0833333 -0.00754161 -0.00486565
-0.00182429 -0.00754161   0.0839243 -0.00722642
   0.334185 -0.00486565 -0.00722642    0.403073
IMAGINARY
          0  -0.0108767  0.00368845 -0.00692068
  0.0108767           0  -0.0102805 -0.00908413
-0.00368845   0.0102805           0   0.0114762
 0.00692068  0.00908413  -0.0114762           0
Repeater1[0]<--->EndNode1[0]
REAL
   0.426269   0.0229591   0.0251571    0.333778
  0.0229591   0.0877612  0.00210666  0.00270569
  0.0251571  0.00210666   0.0728358 -0.00121999
   0.333778  0.00270569 -0.00121999    0.413134
IMAGINARY
           0  -0.00292228   0.00677111    0.0182249
  0.00292228            0 -0.000983501   0.00583886
 -0.00677111  0.000983501            0     0.001456
  -0.0182249  -0.00583886    -0.001456            0
Repeater1[0]<--->HoM1[0]
REAL
   0.429669 -0.00182429  0.00635382    0.334185
-0.00182429   0.0839243 -0.00754161 -0.00722642
 0.00635382 -0.00754161   0.0833333 -0.00486565
   0.334185 -0.00722642 -0.00486565    0.403073
IMAGINARY
          0  0.00368845  -0.0108767 -0.00692068
-0.00368845           0   0.0102805   0.0114762
  0.0108767  -0.0102805           0 -0.00908413
 0.00692068  -0.0114762  0.00908413           0
 
 
 
[Config Layer2_Simple_MIM_MM]
network = Layer2_Simple_MIM_MM
**.tomography_output_filename = "Layer2_Simple_MIM_MM"
**.buffers = uniform(50, 50)
**.num_measure = 20000 #max measurement for tomography accumulation

**.emission_error_rate = 0 # per shot.
**.emission_Z_error_ratio = 0 #ratio. Not the error rate!! By default the ratio is 1:1:1
**.emission_X_error_ratio = 0 #ratio. Not the error rate!!
**.emission_Y_error_ratio = 0 #ratio. Not the error rate!!

**.channel_error_rate = 0.005 #per km. Max = 1 = 100%
**.photon_loss_ratio = 0 # per km. 1% = 0.01
**.Z_error_ratio = 1 #ratio. Not the error rate!! By default the ratio is 1:1:1
**.X_error_ratio = 1 #ratio. Not the error rate!!
**.Y_error_ratio = 1 #ratio. Not the error rate!!

**.memory_error_rate = 0.001 #per μs
**.memory_X_error_ratio = 1 #ratio. Not the error rate!!
**.memory_Y_error_ratio = 1 #ratio. Not the error rate!!
**.memory_Z_error_ratio = 1 #ratio. Not the error rate!! By default the ratio is 1:1:1
**.memory_energy_excitation_ratio = 1
**.memory_energy_relaxation_ratio = 1
**.memory_complitely_mixed_ratio = 1

#Error on Target, Error on Controlled
**.CNOTgate_error_rate = 0.02
**.CNOTgate_IZ_error_ratio = 1 #checked
**.CNOTgate_ZI_error_ratio = 1 #checked
**.CNOTgate_ZZ_error_ratio = 1 #checked
**.CNOTgate_IX_error_ratio = 1 #checked
**.CNOTgate_XI_error_ratio = 1 #checked
**.CNOTgate_XX_error_ratio = 1 #checked
**.CNOTgate_IY_error_ratio = 1 #checked
**.CNOTgate_YI_error_ratio = 1 #checked
**.CNOTgate_YY_error_ratio = 1 #checked

**.Measurement_error_rate = 0.01
**.Measurement_X_error_ratio = 1
**.Measurement_Y_error_ratio = 1
**.Measurement_Z_error_ratio = 1

**.hom_photon_detection_per_sec = 1000000000
**.hom_darkcount_probability = 0.0 #1%

**.link_tomography = true
**.initial_purification = 0
**.X_purification = false
 
 
EndNode1[0]<--->Repeater1[0]
REAL
  0.413182 0.00838236  0.0142616    0.34801
0.00838236  0.0804545 0.00433032 0.00323049
 0.0142616 0.00433032  0.0718182 0.00502064
   0.34801 0.00323049 0.00502064   0.434545
IMAGINARY
          0 -0.00950074  0.00586798  0.00110021
 0.00950074           0   0.0096975   0.0156545
-0.00586798  -0.0096975           0  0.00111832
-0.00110021  -0.0156545 -0.00111832           0
EndNode2[0]<--->HoM1[0]
REAL
   0.426808  0.00318573 -0.00651827    0.336976
 0.00318573   0.0793651 -0.00423729  0.00384209
-0.00651827 -0.00423729   0.0806878 -0.00630794
   0.336976  0.00384209 -0.00630794    0.413139
IMAGINARY
           0   -0.0067839   0.00426455  0.000240888
   0.0067839            0  -0.00869996   -0.0127391
 -0.00426455   0.00869996            0    0.0125823
-0.000240888    0.0127391   -0.0125823            0
Repeater1[0]<--->EndNode1[0]
REAL
  0.413182  0.0142616 0.00838236    0.34801
 0.0142616  0.0718182 0.00433032 0.00502064
0.00838236 0.00433032  0.0804545 0.00323049
   0.34801 0.00502064 0.00323049   0.434545
IMAGINARY
          0  0.00586798 -0.00950074  0.00110021
-0.00586798           0  -0.0096975  0.00111832
 0.00950074   0.0096975           0   0.0156545
-0.00110021 -0.00111832  -0.0156545           0
Repeater1[0]<--->HoM1[0]
REAL
   0.426808 -0.00651827  0.00318573    0.336976
-0.00651827   0.0806878 -0.00423729 -0.00630794
 0.00318573 -0.00423729   0.0793651  0.00384209
   0.336976 -0.00630794  0.00384209    0.413139
IMAGINARY
           0   0.00426455   -0.0067839  0.000240888
 -0.00426455            0   0.00869996    0.0125823
   0.0067839  -0.00869996            0   -0.0127391
-0.000240888   -0.0125823    0.0127391            0




[Config Layer2_Simple_MIM_MM]
network = Layer2_Simple_MIM_MM
**.tomography_output_filename = "Layer2_Simple_MIM_MM"
**.buffers = uniform(50, 50)
**.num_measure = 25000 #max measurement for tomography accumulation

**.emission_error_rate = 0 # per shot.
**.emission_Z_error_ratio = 0 #ratio. Not the error rate!! By default the ratio is 1:1:1
**.emission_X_error_ratio = 0 #ratio. Not the error rate!!
**.emission_Y_error_ratio = 0 #ratio. Not the error rate!!

**.channel_error_rate = 0.005 #per km. Max = 1 = 100%
**.photon_loss_ratio = 0 # per km. 1% = 0.01
**.Z_error_ratio = 1 #ratio. Not the error rate!! By default the ratio is 1:1:1
**.X_error_ratio = 1 #ratio. Not the error rate!!
**.Y_error_ratio = 1 #ratio. Not the error rate!!

**.memory_error_rate = 0.001 #per μs
**.memory_X_error_ratio = 1 #ratio. Not the error rate!!
**.memory_Y_error_ratio = 1 #ratio. Not the error rate!!
**.memory_Z_error_ratio = 1 #ratio. Not the error rate!! By default the ratio is 1:1:1
**.memory_energy_excitation_ratio = 1
**.memory_energy_relaxation_ratio = 1
**.memory_complitely_mixed_ratio = 1

#Error on Target, Error on Controlled
**.CNOTgate_error_rate = 0.02
**.CNOTgate_IZ_error_ratio = 1 #checked
**.CNOTgate_ZI_error_ratio = 1 #checked
**.CNOTgate_ZZ_error_ratio = 1 #checked
**.CNOTgate_IX_error_ratio = 1 #checked
**.CNOTgate_XI_error_ratio = 1 #checked
**.CNOTgate_XX_error_ratio = 1 #checked
**.CNOTgate_IY_error_ratio = 1 #checked
**.CNOTgate_YI_error_ratio = 1 #checked
**.CNOTgate_YY_error_ratio = 1 #checked

**.Measurement_error_rate = 0.01
**.Measurement_X_error_ratio = 1
**.Measurement_Y_error_ratio = 1
**.Measurement_Z_error_ratio = 1

**.hom_photon_detection_per_sec = 1000000000
**.hom_darkcount_probability = 0.0 #1%

**.link_tomography = true
**.initial_purification = 0
**.X_purification = false


EndNode1[0]<--->Repeater1[0]
REAL
   0.415011  0.00939604  0.00405164    0.340326
 0.00939604   0.0761589 -0.00424251 -0.00276818
 0.00405164 -0.00424251   0.0890361 -0.00554565
   0.340326 -0.00276818 -0.00554565    0.419794
IMAGINARY
          0 -0.00260152   0.0110401  0.00640838
 0.00260152           0  0.00205424  0.00590013
 -0.0110401 -0.00205424           0 -0.00351095
-0.00640838 -0.00590013  0.00351095           0
EndNode2[0]<--->HoM1[0]
REAL
   0.431514 -0.00102685 -0.00977421    0.336755
-0.00102685   0.0798699 -0.00222792  0.00153639
-0.00977421 -0.00222792   0.0780629 -0.00577831
   0.336755  0.00153639 -0.00577831    0.410553
IMAGINARY
           0  -0.00413859   0.00633421  2.80594e-05
  0.00413859            0  -0.00454232  -0.00986528
 -0.00633421   0.00454232            0   0.00766966
-2.80594e-05   0.00986528  -0.00766966            0
Repeater1[0]<--->EndNode1[0]
REAL
   0.415011  0.00405164  0.00939604    0.340326
 0.00405164   0.0890361 -0.00424251 -0.00554565
 0.00939604 -0.00424251   0.0761589 -0.00276818
   0.340326 -0.00554565 -0.00276818    0.419794
IMAGINARY
          0   0.0110401 -0.00260152  0.00640838
 -0.0110401           0 -0.00205424 -0.00351095
 0.00260152  0.00205424           0  0.00590013
-0.00640838  0.00351095 -0.00590013           0
Repeater1[0]<--->HoM1[0]
REAL
   0.431514 -0.00977421 -0.00102685    0.336755
-0.00977421   0.0780629 -0.00222792 -0.00577831
-0.00102685 -0.00222792   0.0798699  0.00153639
   0.336755 -0.00577831  0.00153639    0.410553
IMAGINARY
           0   0.00633421  -0.00413859  2.80594e-05
 -0.00633421            0   0.00454232   0.00766966
  0.00413859  -0.00454232            0  -0.00986528
-2.80594e-05  -0.00766966   0.00986528            0




[Config Layer2_Simple_MIM_MM]
network = Layer2_Simple_MIM_MM
**.tomography_output_filename = "Layer2_Simple_MIM_MM"
**.buffers = uniform(50, 50)
**.num_measure = 30000 #max measurement for tomography accumulation

**.emission_error_rate = 0 # per shot.
**.emission_Z_error_ratio = 0 #ratio. Not the error rate!! By default the ratio is 1:1:1
**.emission_X_error_ratio = 0 #ratio. Not the error rate!!
**.emission_Y_error_ratio = 0 #ratio. Not the error rate!!

**.channel_error_rate = 0.005 #per km. Max = 1 = 100%
**.photon_loss_ratio = 0 # per km. 1% = 0.01
**.Z_error_ratio = 1 #ratio. Not the error rate!! By default the ratio is 1:1:1
**.X_error_ratio = 1 #ratio. Not the error rate!!
**.Y_error_ratio = 1 #ratio. Not the error rate!!

**.memory_error_rate = 0.001 #per μs
**.memory_X_error_ratio = 1 #ratio. Not the error rate!!
**.memory_Y_error_ratio = 1 #ratio. Not the error rate!!
**.memory_Z_error_ratio = 1 #ratio. Not the error rate!! By default the ratio is 1:1:1
**.memory_energy_excitation_ratio = 1
**.memory_energy_relaxation_ratio = 1
**.memory_complitely_mixed_ratio = 1

#Error on Target, Error on Controlled
**.CNOTgate_error_rate = 0.02
**.CNOTgate_IZ_error_ratio = 1 #checked
**.CNOTgate_ZI_error_ratio = 1 #checked
**.CNOTgate_ZZ_error_ratio = 1 #checked
**.CNOTgate_IX_error_ratio = 1 #checked
**.CNOTgate_XI_error_ratio = 1 #checked
**.CNOTgate_XX_error_ratio = 1 #checked
**.CNOTgate_IY_error_ratio = 1 #checked
**.CNOTgate_YI_error_ratio = 1 #checked
**.CNOTgate_YY_error_ratio = 1 #checked

**.Measurement_error_rate = 0.01
**.Measurement_X_error_ratio = 1
**.Measurement_Y_error_ratio = 1
**.Measurement_Z_error_ratio = 1

**.hom_photon_detection_per_sec = 1000000000
**.hom_darkcount_probability = 0.0 #1%

**.link_tomography = true
**.initial_purification = 0
**.X_purification = false
EndNode1[0]<--->Repeater1[0]
REAL
   0.421618  0.00370371    0.013251    0.344182
 0.00370371   0.0853986  0.00309994  0.00263175
   0.013251  0.00309994   0.0812183 -0.00064934
   0.344182  0.00263175 -0.00064934    0.411765
IMAGINARY
           0  0.000227987  0.000861258   0.00496152
-0.000227987            0 -0.000884638    0.0020254
-0.000861258  0.000884638            0   0.00083552
 -0.00496152   -0.0020254  -0.00083552            0
EndNode2[0]<--->HoM1[0]
REAL
   0.436228  0.00450153 -0.00444844    0.335357
 0.00450153   0.0778443 1.79774e-05 -0.00048135
-0.00444844 1.79774e-05   0.0769461 -0.00494969
   0.335357 -0.00048135 -0.00494969    0.408982
IMAGINARY
          0  -0.0039982  0.00673322  0.00266817
  0.0039982           0 -0.00297379 -0.00893457
-0.00673322  0.00297379           0  0.00708009
-0.00266817  0.00893457 -0.00708009           0
Repeater1[0]<--->EndNode1[0]
REAL
   0.421618    0.013251  0.00370371    0.344182
   0.013251   0.0812183  0.00309994 -0.00064934
 0.00370371  0.00309994   0.0853986  0.00263175
   0.344182 -0.00064934  0.00263175    0.411765
IMAGINARY
           0  0.000861258  0.000227987   0.00496152
-0.000861258            0  0.000884638   0.00083552
-0.000227987 -0.000884638            0    0.0020254
 -0.00496152  -0.00083552   -0.0020254            0
Repeater1[0]<--->HoM1[0]
REAL
   0.436228 -0.00444844  0.00450153    0.335357
-0.00444844   0.0769461 1.79774e-05 -0.00494969
 0.00450153 1.79774e-05   0.0778443 -0.00048135
   0.335357 -0.00494969 -0.00048135    0.408982
IMAGINARY
          0  0.00673322  -0.0039982  0.00266817
-0.00673322           0  0.00297379  0.00708009
  0.0039982 -0.00297379           0 -0.00893457
-0.00266817 -0.00708009  0.00893457           0



[Config Layer2_Simple_MIM_MM]
network = Layer2_Simple_MIM_MM
**.tomography_output_filename = "Layer2_Simple_MIM_MM"
**.buffers = uniform(50, 50)
**.num_measure = 35000 #max measurement for tomography accumulation

**.emission_error_rate = 0 # per shot.
**.emission_Z_error_ratio = 0 #ratio. Not the error rate!! By default the ratio is 1:1:1
**.emission_X_error_ratio = 0 #ratio. Not the error rate!!
**.emission_Y_error_ratio = 0 #ratio. Not the error rate!!

**.channel_error_rate = 0.005 #per km. Max = 1 = 100%
**.photon_loss_ratio = 0 # per km. 1% = 0.01
**.Z_error_ratio = 1 #ratio. Not the error rate!! By default the ratio is 1:1:1
**.X_error_ratio = 1 #ratio. Not the error rate!!
**.Y_error_ratio = 1 #ratio. Not the error rate!!

**.memory_error_rate = 0.001 #per μs
**.memory_X_error_ratio = 1 #ratio. Not the error rate!!
**.memory_Y_error_ratio = 1 #ratio. Not the error rate!!
**.memory_Z_error_ratio = 1 #ratio. Not the error rate!! By default the ratio is 1:1:1
**.memory_energy_excitation_ratio = 1
**.memory_energy_relaxation_ratio = 1
**.memory_complitely_mixed_ratio = 1

#Error on Target, Error on Controlled
**.CNOTgate_error_rate = 0.02
**.CNOTgate_IZ_error_ratio = 1 #checked
**.CNOTgate_ZI_error_ratio = 1 #checked
**.CNOTgate_ZZ_error_ratio = 1 #checked
**.CNOTgate_IX_error_ratio = 1 #checked
**.CNOTgate_XI_error_ratio = 1 #checked
**.CNOTgate_XX_error_ratio = 1 #checked
**.CNOTgate_IY_error_ratio = 1 #checked
**.CNOTgate_YI_error_ratio = 1 #checked
**.CNOTgate_YY_error_ratio = 1 #checked

**.Measurement_error_rate = 0.01
**.Measurement_X_error_ratio = 1
**.Measurement_Y_error_ratio = 1
**.Measurement_Z_error_ratio = 1

**.hom_photon_detection_per_sec = 1000000000
**.hom_darkcount_probability = 0.0 #1%

**.link_tomography = true
**.initial_purification = 0
**.X_purification = false


EndNode1[0]<--->Repeater1[0]
REAL
    0.416624   0.00245958   0.00786107      0.33672
  0.00245958    0.0797735   0.00441566 -0.000570203
  0.00786107   0.00441566    0.0802882 -2.92883e-05
     0.33672 -0.000570203 -2.92883e-05     0.423314
IMAGINARY
          0  0.00289687 -0.00224829  0.00365588
-0.00289687           0 -0.00277626 -0.00109533
 0.00224829  0.00277626           0  0.00661959
-0.00365588  0.00109533 -0.00661959           0
EndNode2[0]<--->HoM1[0]
REAL
   0.432411  0.00147857 -0.00429956    0.337476
 0.00147857    0.077281 0.000389243  -0.0046794
-0.00429956 0.000389243   0.0796071 -0.00583978
   0.337476  -0.0046794 -0.00583978      0.4107
IMAGINARY
          0  -0.0023716   0.0026565   0.0041111
  0.0023716           0 -0.00306343  -0.0124163
 -0.0026565  0.00306343           0   0.0113806
 -0.0041111   0.0124163  -0.0113806           0
Repeater1[0]<--->EndNode1[0]
REAL
    0.416624   0.00786107   0.00245958      0.33672
  0.00786107    0.0802882   0.00441566 -2.92883e-05
  0.00245958   0.00441566    0.0797735 -0.000570203
     0.33672 -2.92883e-05 -0.000570203     0.423314
IMAGINARY
          0 -0.00224829  0.00289687  0.00365588
 0.00224829           0  0.00277626  0.00661959
-0.00289687 -0.00277626           0 -0.00109533
-0.00365588 -0.00661959  0.00109533           0
Repeater1[0]<--->HoM1[0]
REAL
   0.432411 -0.00429956  0.00147857    0.337476
-0.00429956   0.0796071 0.000389243 -0.00583978
 0.00147857 0.000389243    0.077281  -0.0046794
   0.337476 -0.00583978  -0.0046794      0.4107
IMAGINARY
          0   0.0026565  -0.0023716   0.0041111
 -0.0026565           0  0.00306343   0.0113806
  0.0023716 -0.00306343           0  -0.0124163
 -0.0041111  -0.0113806   0.0124163           0

 
 
 
[Config Layer2_Simple_MIM_MM]
network = Layer2_Simple_MIM_MM
**.tomography_output_filename = "Layer2_Simple_MIM_MM"
**.buffers = uniform(50, 50)
**.num_measure = 40000 #max measurement for tomography accumulation

**.emission_error_rate = 0 # per shot.
**.emission_Z_error_ratio = 0 #ratio. Not the error rate!! By default the ratio is 1:1:1
**.emission_X_error_ratio = 0 #ratio. Not the error rate!!
**.emission_Y_error_ratio = 0 #ratio. Not the error rate!!

**.channel_error_rate = 0.005 #per km. Max = 1 = 100%
**.photon_loss_ratio = 0 # per km. 1% = 0.01
**.Z_error_ratio = 1 #ratio. Not the error rate!! By default the ratio is 1:1:1
**.X_error_ratio = 1 #ratio. Not the error rate!!
**.Y_error_ratio = 1 #ratio. Not the error rate!!

**.memory_error_rate = 0.001 #per μs
**.memory_X_error_ratio = 1 #ratio. Not the error rate!!
**.memory_Y_error_ratio = 1 #ratio. Not the error rate!!
**.memory_Z_error_ratio = 1 #ratio. Not the error rate!! By default the ratio is 1:1:1
**.memory_energy_excitation_ratio = 1
**.memory_energy_relaxation_ratio = 1
**.memory_complitely_mixed_ratio = 1

#Error on Target, Error on Controlled
**.CNOTgate_error_rate = 0.02
**.CNOTgate_IZ_error_ratio = 1 #checked
**.CNOTgate_ZI_error_ratio = 1 #checked
**.CNOTgate_ZZ_error_ratio = 1 #checked
**.CNOTgate_IX_error_ratio = 1 #checked
**.CNOTgate_XI_error_ratio = 1 #checked
**.CNOTgate_XX_error_ratio = 1 #checked
**.CNOTgate_IY_error_ratio = 1 #checked
**.CNOTgate_YI_error_ratio = 1 #checked
**.CNOTgate_YY_error_ratio = 1 #checked

**.Measurement_error_rate = 0.01
**.Measurement_X_error_ratio = 1
**.Measurement_Y_error_ratio = 1
**.Measurement_Z_error_ratio = 1

**.hom_photon_detection_per_sec = 1000000000
**.hom_darkcount_probability = 0.0 #1%

**.link_tomography = true
**.initial_purification = 0
**.X_purification = false
 
 
 EndNode1[0]<--->Repeater1[0]
REAL
   0.412165  0.00529904   0.0109125    0.338115
 0.00529904   0.0730822 -0.00242267  0.00412513
  0.0109125 -0.00242267   0.0785293  0.00907514
   0.338115  0.00412513  0.00907514    0.436223
IMAGINARY
          0  0.00750377 -0.00662665  0.00322856
-0.00750377           0 -0.00608821 -0.00378768
 0.00662665  0.00608821           0  0.00738985
-0.00322856  0.00378768 -0.00738985           0
EndNode2[0]<--->HoM1[0]
REAL
    0.434872   0.00143666  -0.00491538      0.33915
  0.00143666     0.075699 -0.000761449  -0.00436484
 -0.00491538 -0.000761449    0.0779723  -0.00483186
     0.33915  -0.00436484  -0.00483186     0.411457
IMAGINARY
          0 -0.00370679  0.00185306  0.00148502
 0.00370679           0  0.00046945  -0.0100571
-0.00185306 -0.00046945           0  0.00925002
-0.00148502   0.0100571 -0.00925002           0
Repeater1[0]<--->EndNode1[0]
REAL
   0.412165   0.0109125  0.00529904    0.338115
  0.0109125   0.0785293 -0.00242267  0.00907514
 0.00529904 -0.00242267   0.0730822  0.00412513
   0.338115  0.00907514  0.00412513    0.436223
IMAGINARY
          0 -0.00662665  0.00750377  0.00322856
 0.00662665           0  0.00608821  0.00738985
-0.00750377 -0.00608821           0 -0.00378768
-0.00322856 -0.00738985  0.00378768           0
Repeater1[0]<--->HoM1[0]
REAL
    0.434872  -0.00491538   0.00143666      0.33915
 -0.00491538    0.0779723 -0.000761449  -0.00483186
  0.00143666 -0.000761449     0.075699  -0.00436484
     0.33915  -0.00483186  -0.00436484     0.411457
IMAGINARY
          0  0.00185306 -0.00370679  0.00148502
-0.00185306           0 -0.00046945  0.00925002
 0.00370679  0.00046945           0  -0.0100571
-0.00148502 -0.00925002   0.0100571           0


[Config Layer2_Simple_MIM_MM]
network = Layer2_Simple_MIM_MM
**.tomography_output_filename = "Layer2_Simple_MIM_MM"
**.buffers = uniform(50, 50)
**.num_measure = 45000 #max measurement for tomography accumulation

**.emission_error_rate = 0 # per shot.
**.emission_Z_error_ratio = 0 #ratio. Not the error rate!! By default the ratio is 1:1:1
**.emission_X_error_ratio = 0 #ratio. Not the error rate!!
**.emission_Y_error_ratio = 0 #ratio. Not the error rate!!

**.channel_error_rate = 0.005 #per km. Max = 1 = 100%
**.photon_loss_ratio = 0 # per km. 1% = 0.01
**.Z_error_ratio = 1 #ratio. Not the error rate!! By default the ratio is 1:1:1
**.X_error_ratio = 1 #ratio. Not the error rate!!
**.Y_error_ratio = 1 #ratio. Not the error rate!!

**.memory_error_rate = 0.001 #per μs
**.memory_X_error_ratio = 1 #ratio. Not the error rate!!
**.memory_Y_error_ratio = 1 #ratio. Not the error rate!!
**.memory_Z_error_ratio = 1 #ratio. Not the error rate!! By default the ratio is 1:1:1
**.memory_energy_excitation_ratio = 1
**.memory_energy_relaxation_ratio = 1
**.memory_complitely_mixed_ratio = 1

#Error on Target, Error on Controlled
**.CNOTgate_error_rate = 0.02
**.CNOTgate_IZ_error_ratio = 1 #checked
**.CNOTgate_ZI_error_ratio = 1 #checked
**.CNOTgate_ZZ_error_ratio = 1 #checked
**.CNOTgate_IX_error_ratio = 1 #checked
**.CNOTgate_XI_error_ratio = 1 #checked
**.CNOTgate_XX_error_ratio = 1 #checked
**.CNOTgate_IY_error_ratio = 1 #checked
**.CNOTgate_YI_error_ratio = 1 #checked
**.CNOTgate_YY_error_ratio = 1 #checked

**.Measurement_error_rate = 0.01
**.Measurement_X_error_ratio = 1
**.Measurement_Y_error_ratio = 1
**.Measurement_Z_error_ratio = 1

**.hom_photon_detection_per_sec = 1000000000
**.hom_darkcount_probability = 0.0 #1%

**.link_tomography = true
**.initial_purification = 0
**.X_purification = false


EndNode1[0]<--->Repeater1[0]
REAL
   0.423574 0.000359947  0.00647731    0.340931
0.000359947   0.0789108   0.0010594 -0.00160169
 0.00647731   0.0010594    0.081296 -0.00225049
   0.340931 -0.00160169 -0.00225049    0.416219
IMAGINARY
           0  -0.00102169 -0.000231711    0.0061296
  0.00102169            0  0.000445474    0.0045568
 0.000231711 -0.000445474            0   0.00554795
  -0.0061296   -0.0045568  -0.00554795            0
EndNode2[0]<--->HoM1[0]
REAL
    0.433616  -0.00167134  -0.00863191     0.339693
 -0.00167134    0.0768765 -0.000918333  -0.00567683
 -0.00863191 -0.000918333    0.0774818  -0.00578533
    0.339693  -0.00567683  -0.00578533     0.412026
IMAGINARY
           0   -0.0020176   0.00179787  0.000508165
   0.0020176            0  0.000608587  -0.00973753
 -0.00179787 -0.000608587            0   0.00936178
-0.000508165   0.00973753  -0.00936178            0
Repeater1[0]<--->EndNode1[0]
REAL
   0.423574  0.00647731 0.000359947    0.340931
 0.00647731    0.081296   0.0010594 -0.00225049
0.000359947   0.0010594   0.0789108 -0.00160169
   0.340931 -0.00225049 -0.00160169    0.416219
IMAGINARY
           0 -0.000231711  -0.00102169    0.0061296
 0.000231711            0 -0.000445474   0.00554795
  0.00102169  0.000445474            0    0.0045568
  -0.0061296  -0.00554795   -0.0045568            0
Repeater1[0]<--->HoM1[0]
REAL
    0.433616  -0.00863191  -0.00167134     0.339693
 -0.00863191    0.0774818 -0.000918333  -0.00578533
 -0.00167134 -0.000918333    0.0768765  -0.00567683
    0.339693  -0.00578533  -0.00567683     0.412026
IMAGINARY
           0   0.00179787   -0.0020176  0.000508165
 -0.00179787            0 -0.000608587   0.00936178
   0.0020176  0.000608587            0  -0.00973753
-0.000508165  -0.00936178   0.00973753            0



[Config Layer2_Simple_MIM_MM]
network = Layer2_Simple_MIM_MM
**.tomography_output_filename = "Layer2_Simple_MIM_MM"
**.buffers = uniform(50, 50)
**.num_measure = 50000 #max measurement for tomography accumulation

**.emission_error_rate = 0 # per shot.
**.emission_Z_error_ratio = 0 #ratio. Not the error rate!! By default the ratio is 1:1:1
**.emission_X_error_ratio = 0 #ratio. Not the error rate!!
**.emission_Y_error_ratio = 0 #ratio. Not the error rate!!

**.channel_error_rate = 0.005 #per km. Max = 1 = 100%
**.photon_loss_ratio = 0 # per km. 1% = 0.01
**.Z_error_ratio = 1 #ratio. Not the error rate!! By default the ratio is 1:1:1
**.X_error_ratio = 1 #ratio. Not the error rate!!
**.Y_error_ratio = 1 #ratio. Not the error rate!!

**.memory_error_rate = 0.001 #per μs
**.memory_X_error_ratio = 1 #ratio. Not the error rate!!
**.memory_Y_error_ratio = 1 #ratio. Not the error rate!!
**.memory_Z_error_ratio = 1 #ratio. Not the error rate!! By default the ratio is 1:1:1
**.memory_energy_excitation_ratio = 1
**.memory_energy_relaxation_ratio = 1
**.memory_complitely_mixed_ratio = 1

#Error on Target, Error on Controlled
**.CNOTgate_error_rate = 0.02
**.CNOTgate_IZ_error_ratio = 1 #checked
**.CNOTgate_ZI_error_ratio = 1 #checked
**.CNOTgate_ZZ_error_ratio = 1 #checked
**.CNOTgate_IX_error_ratio = 1 #checked
**.CNOTgate_XI_error_ratio = 1 #checked
**.CNOTgate_XX_error_ratio = 1 #checked
**.CNOTgate_IY_error_ratio = 1 #checked
**.CNOTgate_YI_error_ratio = 1 #checked
**.CNOTgate_YY_error_ratio = 1 #checked

**.Measurement_error_rate = 0.01
**.Measurement_X_error_ratio = 1
**.Measurement_Y_error_ratio = 1
**.Measurement_Z_error_ratio = 1

**.hom_photon_detection_per_sec = 1000000000
**.hom_darkcount_probability = 0.0 #1%

**.link_tomography = true
**.initial_purification = 0
**.X_purification = false



EndNode1[0]<--->Repeater1[0]
REAL
   0.421495  0.00370516   0.0100339    0.340533
 0.00370516   0.0761803 -0.00199068 0.000593042
  0.0100339 -0.00199068   0.0810086  0.00263526
   0.340533 0.000593042  0.00263526    0.421316
IMAGINARY
          0 -0.00294595  0.00171908  0.00523646
 0.00294595           0 -0.00162539   0.0028913
-0.00171908  0.00162539           0  0.00755633
-0.00523646  -0.0028913 -0.00755633           0
EndNode2[0]<--->HoM1[0]
REAL
   0.429638 -0.00204299 -0.00783282    0.338975
-0.00204299   0.0780994  -0.0010684 -0.00552458
-0.00783282  -0.0010684   0.0784635 -0.00553824
   0.338975 -0.00552458 -0.00553824    0.413799
IMAGINARY
           0  -0.00107192   0.00236129 -0.000680589
  0.00107192            0  0.000589828  -0.00996551
 -0.00236129 -0.000589828            0   0.00796045
 0.000680589   0.00996551  -0.00796045            0
Repeater1[0]<--->EndNode1[0]
REAL
   0.421495   0.0100339  0.00370516    0.340533
  0.0100339   0.0810086 -0.00199068  0.00263526
 0.00370516 -0.00199068   0.0761803 0.000593042
   0.340533  0.00263526 0.000593042    0.421316
IMAGINARY
          0  0.00171908 -0.00294595  0.00523646
-0.00171908           0  0.00162539  0.00755633
 0.00294595 -0.00162539           0   0.0028913
-0.00523646 -0.00755633  -0.0028913           0
Repeater1[0]<--->HoM1[0]
REAL
   0.429638 -0.00783282 -0.00204299    0.338975
-0.00783282   0.0784635  -0.0010684 -0.00553824
-0.00204299  -0.0010684   0.0780994 -0.00552458
   0.338975 -0.00553824 -0.00552458    0.413799
IMAGINARY
           0   0.00236129  -0.00107192 -0.000680589
 -0.00236129            0 -0.000589828   0.00796045
  0.00107192  0.000589828            0  -0.00996551
 0.000680589  -0.00796045   0.00996551            0
 
 
 
[Config Layer2_Simple_MIM_MM]
network = Layer2_Simple_MIM_MM
**.tomography_output_filename = "Layer2_Simple_MIM_MM"
**.buffers = uniform(50, 50)
**.num_measure = 55000 #max measurement for tomography accumulation

**.emission_error_rate = 0 # per shot.
**.emission_Z_error_ratio = 0 #ratio. Not the error rate!! By default the ratio is 1:1:1
**.emission_X_error_ratio = 0 #ratio. Not the error rate!!
**.emission_Y_error_ratio = 0 #ratio. Not the error rate!!

**.channel_error_rate = 0.005 #per km. Max = 1 = 100%
**.photon_loss_ratio = 0 # per km. 1% = 0.01
**.Z_error_ratio = 1 #ratio. Not the error rate!! By default the ratio is 1:1:1
**.X_error_ratio = 1 #ratio. Not the error rate!!
**.Y_error_ratio = 1 #ratio. Not the error rate!!

**.memory_error_rate = 0.001 #per μs
**.memory_X_error_ratio = 1 #ratio. Not the error rate!!
**.memory_Y_error_ratio = 1 #ratio. Not the error rate!!
**.memory_Z_error_ratio = 1 #ratio. Not the error rate!! By default the ratio is 1:1:1
**.memory_energy_excitation_ratio = 1
**.memory_energy_relaxation_ratio = 1
**.memory_complitely_mixed_ratio = 1

#Error on Target, Error on Controlled
**.CNOTgate_error_rate = 0.02
**.CNOTgate_IZ_error_ratio = 1 #checked
**.CNOTgate_ZI_error_ratio = 1 #checked
**.CNOTgate_ZZ_error_ratio = 1 #checked
**.CNOTgate_IX_error_ratio = 1 #checked
**.CNOTgate_XI_error_ratio = 1 #checked
**.CNOTgate_XX_error_ratio = 1 #checked
**.CNOTgate_IY_error_ratio = 1 #checked
**.CNOTgate_YI_error_ratio = 1 #checked
**.CNOTgate_YY_error_ratio = 1 #checked

**.Measurement_error_rate = 0.01
**.Measurement_X_error_ratio = 1
**.Measurement_Y_error_ratio = 1
**.Measurement_Z_error_ratio = 1

**.hom_photon_detection_per_sec = 1000000000
**.hom_darkcount_probability = 0.0 #1%

**.link_tomography = true
**.initial_purification = 0
**.X_purification = false
EndNode1[0]<--->Repeater1[0]
REAL
   0.421916  0.00481533  0.00880356    0.337134
 0.00481533   0.0704576 -0.00442179 -0.00223848
 0.00880356 -0.00442179   0.0822281  0.00596438
   0.337134 -0.00223848  0.00596438    0.425398
IMAGINARY
          0 -0.00231439  0.00443093  0.00104638
 0.00231439           0 -0.00104638  0.00304136
-0.00443093  0.00104638           0   0.0031982
-0.00104638 -0.00304136  -0.0031982           0
EndNode2[0]<--->HoM1[0]
REAL
   0.427059 -0.00190019 -0.00471866    0.338965
-0.00190019   0.0788951 -0.00108711  -0.0043155
-0.00471866 -0.00108711   0.0800529  -0.0043416
   0.338965  -0.0043155  -0.0043416    0.413993
IMAGINARY
          0  0.00028099   0.0010056 -0.00074454
-0.00028099           0  0.00074454 -0.00880794
 -0.0010056 -0.00074454           0  0.00882174
 0.00074454  0.00880794 -0.00882174           0
Repeater1[0]<--->EndNode1[0]
REAL
   0.421916  0.00880356  0.00481533    0.337134
 0.00880356   0.0822281 -0.00442179  0.00596438
 0.00481533 -0.00442179   0.0704576 -0.00223848
   0.337134  0.00596438 -0.00223848    0.425398
IMAGINARY
          0  0.00443093 -0.00231439  0.00104638
-0.00443093           0  0.00104638   0.0031982
 0.00231439 -0.00104638           0  0.00304136
-0.00104638  -0.0031982 -0.00304136           0
Repeater1[0]<--->HoM1[0]
REAL
   0.427059 -0.00471866 -0.00190019    0.338965
-0.00471866   0.0800529 -0.00108711  -0.0043416
-0.00190019 -0.00108711   0.0788951  -0.0043155
   0.338965  -0.0043416  -0.0043155    0.413993
IMAGINARY
          0   0.0010056  0.00028099 -0.00074454
 -0.0010056           0 -0.00074454  0.00882174
-0.00028099  0.00074454           0 -0.00880794
 0.00074454 -0.00882174  0.00880794           0
 
 
 
[Config Layer2_Simple_MIM_MM]
network = Layer2_Simple_MIM_MM
**.tomography_output_filename = "Layer2_Simple_MIM_MM"
**.buffers = uniform(50, 50)
**.num_measure = 60000 #max measurement for tomography accumulation

**.emission_error_rate = 0 # per shot.
**.emission_Z_error_ratio = 0 #ratio. Not the error rate!! By default the ratio is 1:1:1
**.emission_X_error_ratio = 0 #ratio. Not the error rate!!
**.emission_Y_error_ratio = 0 #ratio. Not the error rate!!

**.channel_error_rate = 0.005 #per km. Max = 1 = 100%
**.photon_loss_ratio = 0 # per km. 1% = 0.01
**.Z_error_ratio = 1 #ratio. Not the error rate!! By default the ratio is 1:1:1
**.X_error_ratio = 1 #ratio. Not the error rate!!
**.Y_error_ratio = 1 #ratio. Not the error rate!!

**.memory_error_rate = 0.001 #per μs
**.memory_X_error_ratio = 1 #ratio. Not the error rate!!
