EndNode[0]<--->repeater[0]
REAL
  0.424242 0.00063065   0.013952   0.307708
0.00063065  0.0606061  0.0131875 -0.0512654
  0.013952  0.0131875   0.151515  0.0217574
  0.307708 -0.0512654  0.0217574   0.363636
IMAGINARY
          0  -0.0350369  -0.0511831 -0.00551221
  0.0350369           0   0.0168758   0.0306351
  0.0511831  -0.0168758           0   0.0418862
 0.00551221  -0.0306351  -0.0418862           0
repeater[0]<--->HoM[0]
REAL
  0.382979  0.0243728 -0.0111111   0.264035
 0.0243728   0.148936  0.0359649  0.0444444
-0.0111111  0.0359649  0.0744681 -0.0132616
  0.264035  0.0444444 -0.0132616   0.393617
IMAGINARY
          0  -0.0455948  -0.0272904  -0.0188447
  0.0455948           0  0.00842803  0.00974659
  0.0272904 -0.00842803           0   0.0368228
  0.0188447 -0.00974659  -0.0368228           0
repeater[0]<--->EndNode[0]
REAL
nan nan nan nan
nan nan nan nan
nan nan nan nan
nan nan nan nan
IMAGINARY
nan nan nan nan
nan nan nan nan
nan nan nan nan
nan nan nan nan
repeater[1]<--->HoM[0]
REAL
  0.323232 -0.0859887  0.0318166   0.288444
-0.0859887   0.111111 0.00465983 -0.0145752
 0.0318166 0.00465983   0.121212  0.0342645
  0.288444 -0.0145752  0.0342645   0.444444
IMAGINARY
          0  -0.0132432  -0.0536318  -0.0267388
  0.0132432           0  0.00537129   0.0401182
  0.0536318 -0.00537129           0   0.0267568
  0.0267388  -0.0401182  -0.0267568           0
EndNode[0]<--->repeater[0]
REAL
         1 -0.0833333       -0.2   0.166667
-0.0833333          0          0       -0.3
      -0.2          0          0 -0.0833333
  0.166667       -0.3 -0.0833333          0
IMAGINARY
         0   0.285714  -0.133333  0.0833333
 -0.285714          0  0.0833333 -0.0333333
  0.133333 -0.0833333          0   0.214286
-0.0833333  0.0333333  -0.214286          0
repeater[0]<--->HoM[0]
REAL
  0.142857  0.0833333 -0.0833333  -0.208333
 0.0833333   0.285714  0.0416667  0.0833333
-0.0833333  0.0416667   0.142857 -0.0833333
 -0.208333  0.0833333 -0.0833333   0.428571
IMAGINARY
           0 -1.38778e-17     0.145833   -0.0681818
 1.38778e-17            0    0.0681818    -0.229167
   -0.145833   -0.0681818            0    -0.166667
   0.0681818     0.229167     0.166667            0
repeater[0]<--->EndNode[0]
REAL
nan nan nan nan
nan nan nan nan
nan nan nan nan
nan nan nan nan
IMAGINARY
nan nan nan nan
nan nan nan nan
nan nan nan nan
nan nan nan nan
repeater[1]<--->HoM[0]
REAL
  0.454545 -0.0777778  0.0555556   0.366667
-0.0777778  0.0909091   0.133333  -0.111111
 0.0555556   0.133333   0.272727  0.0222222
  0.366667  -0.111111  0.0222222   0.181818
IMAGINARY
         0 -0.0833333 -0.0791667  0.0584416
 0.0833333          0  -0.012987  0.0458333
 0.0791667   0.012987          0   0.116667
-0.0584416 -0.0458333  -0.116667          0
EndNode[0]<--->repeater[0]
REAL
         1 -0.0833333       -0.2   0.166667
-0.0833333          0          0       -0.3
      -0.2          0          0 -0.0833333
  0.166667       -0.3 -0.0833333          0
IMAGINARY
         0   0.285714  -0.133333  0.0833333
 -0.285714          0  0.0833333 -0.0333333
  0.133333 -0.0833333          0   0.214286
-0.0833333  0.0333333  -0.214286          0
repeater[0]<--->HoM[0]
REAL
    0.444444    0.0416667    0.0833333    -0.144444
   0.0416667     0.222222    0.0888889    0.0833333
   0.0833333    0.0888889 -2.77556e-17    -0.208333
   -0.144444    0.0833333    -0.208333     0.333333
IMAGINARY
         0   0.133333   0.366667     -0.375
 -0.133333          0     -0.125  -0.133333
 -0.366667      0.125          0 -0.0333333
     0.375   0.133333  0.0333333          0
repeater[0]<--->EndNode[0]
REAL
nan nan nan nan
nan nan nan nan
nan nan nan nan
nan nan nan nan
IMAGINARY
nan nan nan nan
nan nan nan nan
nan nan nan nan
nan nan nan nan
repeater[1]<--->HoM[0]
REAL
nan nan nan nan
nan nan nan nan
nan nan nan nan
nan nan nan nan
IMAGINARY
nan nan nan nan
nan nan nan nan
nan nan nan nan
nan nan nan nan
EndNode[0]<--->repeater[0]
REAL
    0.401493  -0.00421513     0.001578     0.312658
 -0.00421513    0.0832836    0.0022675 -0.000383969
    0.001578    0.0022675     0.102388   0.00899125
    0.312658 -0.000383969   0.00899125     0.412836
IMAGINARY
           0   0.00297874  -0.00226447   0.00170284
 -0.00297874            0 -0.000217397   0.00358528
  0.00226447  0.000217397            0    0.0115502
 -0.00170284  -0.00358528   -0.0115502            0
repeater[0]<--->HoM[0]
REAL
    0.401015   0.00210379  -0.00435898     0.312218
  0.00210379     0.103016   0.00259661   0.00913795
 -0.00435898   0.00259661    0.0833085 -0.000311672
    0.312218   0.00913795 -0.000311672      0.41266
IMAGINARY
           0  -0.00203146   0.00260585   0.00155255
  0.00203146            0  0.000808724    0.0110345
 -0.00260585 -0.000808724            0    0.0033515
 -0.00155255   -0.0110345   -0.0033515            0
repeater[0]<--->EndNode[0]
REAL
nan nan nan nan
nan nan nan nan
nan nan nan nan
nan nan nan nan
IMAGINARY
nan nan nan nan
nan nan nan nan
nan nan nan nan
nan nan nan nan
repeater[1]<--->HoM[0]
REAL
   0.386542 -0.00177009 -0.00153701    0.300629
-0.00177009    0.115872  0.00655623  0.00183641
-0.00153701  0.00655623   0.0983705 -0.00451734
   0.300629  0.00183641 -0.00451734    0.399215
IMAGINARY
          0  -0.0104948  0.00578573  -0.0075095
  0.0104948           0  0.00810156   0.0100897
-0.00578573 -0.00810156           0  0.00399346
  0.0075095  -0.0100897 -0.00399346           0
EndNode[0]<--->repeater[0]
REAL
    0.401493  -0.00421513     0.001578     0.312658
 -0.00421513    0.0832836    0.0022675 -0.000383969
    0.001578    0.0022675     0.102388   0.00899125
    0.312658 -0.000383969   0.00899125     0.412836
IMAGINARY
           0   0.00297874  -0.00226447   0.00170284
 -0.00297874            0 -0.000217397   0.00358528
  0.00226447  0.000217397            0    0.0115502
 -0.00170284  -0.00358528   -0.0115502            0
repeater[0]<--->HoM[0]
REAL
    0.401015   0.00210379  -0.00435898     0.312218
  0.00210379     0.103016   0.00259661   0.00913795
 -0.00435898   0.00259661    0.0833085 -0.000311672
    0.312218   0.00913795 -0.000311672      0.41266
IMAGINARY
           0  -0.00203146   0.00260585   0.00155255
  0.00203146            0  0.000808724    0.0110345
 -0.00260585 -0.000808724            0    0.0033515
 -0.00155255   -0.0110345   -0.0033515            0
repeater[0]<--->EndNode[0]
REAL
nan nan nan nan
nan nan nan nan
nan nan nan nan
nan nan nan nan
IMAGINARY
nan nan nan nan
nan nan nan nan
nan nan nan nan
nan nan nan nan
repeater[1]<--->HoM[0]
REAL
   0.386542 -0.00177009 -0.00153701    0.300629
-0.00177009    0.115872  0.00655623  0.00183641
-0.00153701  0.00655623   0.0983705 -0.00451734
   0.300629  0.00183641 -0.00451734    0.399215
IMAGINARY
          0  -0.0104948  0.00578573  -0.0075095
  0.0104948           0  0.00810156   0.0100897
-0.00578573 -0.00810156           0  0.00399346
  0.0075095  -0.0100897 -0.00399346           0
EndNode[0]<--->repeater[0]
REAL
    0.401493  -0.00421513     0.001578     0.312658
 -0.00421513    0.0832836    0.0022675 -0.000383969
    0.001578    0.0022675     0.102388   0.00899125
    0.312658 -0.000383969   0.00899125     0.412836
IMAGINARY
           0   0.00297874  -0.00226447   0.00170284
 -0.00297874            0 -0.000217397   0.00358528
  0.00226447  0.000217397            0    0.0115502
 -0.00170284  -0.00358528   -0.0115502            0
repeater[0]<--->HoM[0]
REAL
    0.401015   0.00210379  -0.00435898     0.312218
  0.00210379     0.103016   0.00259661   0.00913795
 -0.00435898   0.00259661    0.0833085 -0.000311672
    0.312218   0.00913795 -0.000311672      0.41266
IMAGINARY
           0  -0.00203146   0.00260585   0.00155255
  0.00203146            0  0.000808724    0.0110345
 -0.00260585 -0.000808724            0    0.0033515
 -0.00155255   -0.0110345   -0.0033515            0
repeater[0]<--->EndNode[0]
REAL
nan nan nan nan
nan nan nan nan
nan nan nan nan
nan nan nan nan
IMAGINARY
nan nan nan nan
nan nan nan nan
nan nan nan nan
nan nan nan nan
repeater[1]<--->HoM[0]
REAL
   0.386542 -0.00177009 -0.00153701    0.300629
-0.00177009    0.115872  0.00655623  0.00183641
-0.00153701  0.00655623   0.0983705 -0.00451734
   0.300629  0.00183641 -0.00451734    0.399215
IMAGINARY
          0  -0.0104948  0.00578573  -0.0075095
  0.0104948           0  0.00810156   0.0100897
-0.00578573 -0.00810156           0  0.00399346
  0.0075095  -0.0100897 -0.00399346           0
EndNode[0]<--->repeater[0]
REAL
     0.39168  -0.00274003 -0.000642825     0.313324
 -0.00274003     0.101079   0.00571222  -0.00344932
-0.000642825   0.00571222    0.0912173  -0.00711145
    0.313324  -0.00344932  -0.00711145     0.416025
IMAGINARY
          0 -0.00268755  0.00389453  0.00300754
 0.00268755           0  -0.0002126  0.00404674
-0.00389453   0.0002126           0 -0.00585306
-0.00300754 -0.00404674  0.00585306           0
repeater[0]<--->HoM[0]
REAL
   0.407816 -0.00898686 -0.00706701    0.305667
-0.00898686   0.0948687 0.000293968 -0.00661912
-0.00706701 0.000293968    0.106205 0.000775186
   0.305667 -0.00661912 0.000775186     0.39111
IMAGINARY
           0   0.00148416   -0.0014494  -0.00632725
 -0.00148416            0  0.000441436    0.0154793
   0.0014494 -0.000441436            0  -0.00476774
  0.00632725   -0.0154793   0.00476774            0
repeater[0]<--->EndNode[0]
REAL
nan nan nan nan
nan nan nan nan
nan nan nan nan
nan nan nan nan
IMAGINARY
nan nan nan nan
nan nan nan nan
nan nan nan nan
nan nan nan nan
repeater[1]<--->HoM[0]
REAL
   0.407816 -0.00706701 -0.00898686    0.305667
-0.00706701    0.106205 0.000293968 0.000775186
-0.00898686 0.000293968   0.0948687 -0.00661912
   0.305667 0.000775186 -0.00661912     0.39111
IMAGINARY
           0   -0.0014494   0.00148416  -0.00632725
   0.0014494            0 -0.000441436  -0.00476774
 -0.00148416  0.000441436            0    0.0154793
  0.00632725   0.00476774   -0.0154793            0
EndNode[0]<--->repeater[0]
REAL
    0.401493  -0.00421513     0.001578     0.312658
 -0.00421513    0.0832836    0.0022675 -0.000383969
    0.001578    0.0022675     0.102388   0.00899125
    0.312658 -0.000383969   0.00899125     0.412836
IMAGINARY
           0   0.00297874  -0.00226447   0.00170284
 -0.00297874            0 -0.000217397   0.00358528
  0.00226447  0.000217397            0    0.0115502
 -0.00170284  -0.00358528   -0.0115502            0
repeater[0]<--->HoM[0]
REAL
   0.386542 -0.00153701 -0.00177009    0.300629
-0.00153701   0.0983705  0.00655623 -0.00451734
-0.00177009  0.00655623    0.115872  0.00183641
   0.300629 -0.00451734  0.00183641    0.399215
IMAGINARY
          0  0.00578573  -0.0104948  -0.0075095
-0.00578573           0 -0.00810156  0.00399346
  0.0104948  0.00810156           0   0.0100897
  0.0075095 -0.00399346  -0.0100897           0
repeater[0]<--->EndNode[0]
REAL
    0.401493     0.001578  -0.00421513     0.312658
    0.001578     0.102388    0.0022675   0.00899125
 -0.00421513    0.0022675    0.0832836 -0.000383969
    0.312658   0.00899125 -0.000383969     0.412836
IMAGINARY
           0  -0.00226447   0.00297874   0.00170284
  0.00226447            0  0.000217397    0.0115502
 -0.00297874 -0.000217397            0   0.00358528
 -0.00170284   -0.0115502  -0.00358528            0
repeater[1]<--->HoM[0]
REAL
   0.386542 -0.00177009 -0.00153701    0.300629
-0.00177009    0.115872  0.00655623  0.00183641
-0.00153701  0.00655623   0.0983705 -0.00451734
   0.300629  0.00183641 -0.00451734    0.399215
IMAGINARY
          0  -0.0104948  0.00578573  -0.0075095
  0.0104948           0  0.00810156   0.0100897
-0.00578573 -0.00810156           0  0.00399346
  0.0075095  -0.0100897 -0.00399346           0
