EndNode1[0]<--->Repeater1[0]
REAL
    0.43865 -0.00466775   0.0038319    0.379868
-0.00466775   0.0641104  -0.0034804 -0.00818234
  0.0038319  -0.0034804   0.0610429 -0.00688341
   0.379868 -0.00818234 -0.00688341    0.436196
IMAGINARY
           0  -0.00051036  -0.00401375 -0.000239942
  0.00051036            0  -0.00620297  -0.00490133
  0.00401375   0.00620297            0   0.00942544
 0.000239942   0.00490133  -0.00942544            0
EndNode2[0]<--->HoM1[0]
REAL
   0.440813 -0.00964932  -0.0052623    0.376931
-0.00964932    0.048881  0.00421496 0.000284925
 -0.0052623  0.00421496   0.0638987  0.00286199
   0.376931 0.000284925  0.00286199    0.446408
IMAGINARY
          0   0.0016472  0.00523898  0.00740148
 -0.0016472           0 -0.00924537 -0.00179484
-0.00523898  0.00924537           0 -0.00539084
-0.00740148  0.00179484  0.00539084           0
Repeater1[0]<--->EndNode1[0]
REAL
    0.43865   0.0038319 -0.00466775    0.379868
  0.0038319   0.0610429  -0.0034804 -0.00688341
-0.00466775  -0.0034804   0.0641104 -0.00818234
   0.379868 -0.00688341 -0.00818234    0.436196
IMAGINARY
           0  -0.00401375  -0.00051036 -0.000239942
  0.00401375            0   0.00620297   0.00942544
  0.00051036  -0.00620297            0  -0.00490133
 0.000239942  -0.00942544   0.00490133            0
Repeater1[0]<--->HoM1[0]
REAL
   0.440813  -0.0052623 -0.00964932    0.376931
 -0.0052623   0.0638987  0.00421496  0.00286199
-0.00964932  0.00421496    0.048881 0.000284925
   0.376931  0.00286199 0.000284925    0.446408
IMAGINARY
          0  0.00523898   0.0016472  0.00740148
-0.00523898           0  0.00924537 -0.00539084
 -0.0016472 -0.00924537           0 -0.00179484
-0.00740148  0.00539084  0.00179484           0
EndNode1[0]<--->Repeater1[0]
REAL
    0.42944 0.000297012 -0.00949767    0.382994
0.000297012   0.0626521  0.00923449   0.0137478
-0.00949767  0.00923449   0.0650852  0.00607822
   0.382994   0.0137478  0.00607822    0.442822
IMAGINARY
          0  -0.0106277 -0.00330093  0.00413431
  0.0106277           0  0.00605115  0.00454163
 0.00330093 -0.00605115           0  0.00783612
-0.00413431 -0.00454163 -0.00783612           0
EndNode2[0]<--->HoM1[0]
REAL
    0.416592 -2.37395e-05 -0.000772438     0.381944
-2.37395e-05    0.0663098   0.00108286   0.00544534
-0.000772438   0.00108286     0.068094   0.00771141
    0.381944   0.00544534   0.00771141     0.449004
IMAGINARY
          0 -0.00382803  0.00305196 -0.00125945
 0.00382803           0 -0.00533923 -0.00378921
-0.00305196  0.00533923           0  0.00574487
 0.00125945  0.00378921 -0.00574487           0
Repeater1[0]<--->EndNode1[0]
REAL
    0.42944 -0.00949767 0.000297012    0.382994
-0.00949767   0.0650852  0.00923449  0.00607822
0.000297012  0.00923449   0.0626521   0.0137478
   0.382994  0.00607822   0.0137478    0.442822
IMAGINARY
          0 -0.00330093  -0.0106277  0.00413431
 0.00330093           0 -0.00605115  0.00783612
  0.0106277  0.00605115           0  0.00454163
-0.00413431 -0.00783612 -0.00454163           0
Repeater1[0]<--->HoM1[0]
REAL
    0.416592 -0.000772438 -2.37395e-05     0.381944
-0.000772438     0.068094   0.00108286   0.00771141
-2.37395e-05   0.00108286    0.0663098   0.00544534
    0.381944   0.00771141   0.00544534     0.449004
IMAGINARY
          0  0.00305196 -0.00382803 -0.00125945
-0.00305196           0  0.00533923  0.00574487
 0.00382803 -0.00533923           0 -0.00378921
 0.00125945 -0.00574487  0.00378921           0
EndNode1[0]<--->Repeater1[0]
REAL
   0.441009  0.00134919 -0.00163126    0.381756
 0.00134919   0.0579406 -0.00486046  0.00118523
-0.00163126 -0.00486046   0.0564395 -0.00655288
   0.381756  0.00118523 -0.00655288    0.444611
IMAGINARY
           0  -0.00397703  -0.00362897   0.00611806
  0.00397703            0   0.00126369 -0.000130428
  0.00362897  -0.00126369            0  0.000819134
 -0.00611806  0.000130428 -0.000819134            0
EndNode2[0]<--->HoM1[0]
REAL
    0.456731    0.0021421  -0.00877095     0.381297
   0.0021421    0.0643029 -0.000769891   0.00745324
 -0.00877095 -0.000769891    0.0510817  -0.00170287
    0.381297   0.00745324  -0.00170287     0.427885
IMAGINARY
          0 -0.00236669   0.0105377 -0.00387967
 0.00236669           0  0.00206917  0.00769936
 -0.0105377 -0.00206917           0 -0.00796766
 0.00387967 -0.00769936  0.00796766           0
Repeater1[0]<--->EndNode1[0]
REAL
   0.441009 -0.00163126  0.00134919    0.381756
-0.00163126   0.0564395 -0.00486046 -0.00655288
 0.00134919 -0.00486046   0.0579406  0.00118523
   0.381756 -0.00655288  0.00118523    0.444611
IMAGINARY
           0  -0.00362897  -0.00397703   0.00611806
  0.00362897            0  -0.00126369  0.000819134
  0.00397703   0.00126369            0 -0.000130428
 -0.00611806 -0.000819134  0.000130428            0
Repeater1[0]<--->HoM1[0]
REAL
    0.456731  -0.00877095    0.0021421     0.381297
 -0.00877095    0.0510817 -0.000769891  -0.00170287
   0.0021421 -0.000769891    0.0643029   0.00745324
    0.381297  -0.00170287   0.00745324     0.427885
IMAGINARY
          0   0.0105377 -0.00236669 -0.00387967
 -0.0105377           0 -0.00206917 -0.00796766
 0.00236669  0.00206917           0  0.00769936
 0.00387967  0.00796766 -0.00769936           0
EndNode1[0]<--->Repeater1[0]
REAL
    0.450213  -0.00169022   0.00170617     0.384678
 -0.00169022    0.0485732 -0.000881007   0.00125066
  0.00170617 -0.000881007    0.0631451  0.000803175
    0.384678   0.00125066  0.000803175     0.438069
IMAGINARY
          0 -0.00184926  0.00310682 -0.00840654
 0.00184926           0  0.00316545 -0.00477197
-0.00310682 -0.00316545           0 -0.00617375
 0.00840654  0.00477197  0.00617375           0
EndNode2[0]<--->HoM1[0]
REAL
   0.439278  -0.0042458 -0.00440252    0.382707
 -0.0042458   0.0596513 -0.00131588  0.00351073
-0.00440252 -0.00131588   0.0624044  0.00305674
   0.382707  0.00351073  0.00305674    0.438666
IMAGINARY
          0 -0.00442353 -0.00872894 -0.00371059
 0.00442353           0 -0.00187348 -0.00380504
 0.00872894  0.00187348           0    0.010313
 0.00371059  0.00380504   -0.010313           0
Repeater1[0]<--->EndNode1[0]
REAL
    0.450213   0.00170617  -0.00169022     0.384678
  0.00170617    0.0631451 -0.000881007  0.000803175
 -0.00169022 -0.000881007    0.0485732   0.00125066
    0.384678  0.000803175   0.00125066     0.438069
IMAGINARY
          0  0.00310682 -0.00184926 -0.00840654
-0.00310682           0 -0.00316545 -0.00617375
 0.00184926  0.00316545           0 -0.00477197
 0.00840654  0.00617375  0.00477197           0
Repeater1[0]<--->HoM1[0]
REAL
   0.439278 -0.00440252  -0.0042458    0.382707
-0.00440252   0.0624044 -0.00131588  0.00305674
 -0.0042458 -0.00131588   0.0596513  0.00351073
   0.382707  0.00305674  0.00351073    0.438666
IMAGINARY
          0 -0.00872894 -0.00442353 -0.00371059
 0.00872894           0  0.00187348    0.010313
 0.00442353 -0.00187348           0 -0.00380504
 0.00371059   -0.010313  0.00380504           0
EndNode1[0]<--->Repeater1[0]
REAL
   0.430689 -0.00762923 -0.00844579    0.380351
-0.00762923    0.065388  0.00269156  0.00183124
-0.00844579  0.00269156   0.0601569   0.0055246
   0.380351  0.00183124   0.0055246    0.443766
IMAGINARY
           0  -0.00163913   0.00387972   0.00197597
  0.00163913            0     0.011393   0.00232596
 -0.00387972    -0.011393            0  0.000161589
 -0.00197597  -0.00232596 -0.000161589            0
EndNode2[0]<--->HoM1[0]
REAL
    0.454277 -0.000946602    0.0104278     0.382261
-0.000946602    0.0646018   0.00207898  -0.00983005
   0.0104278   0.00207898    0.0566372  -0.00293863
    0.382261  -0.00983005  -0.00293863     0.424484
IMAGINARY
           0  -0.00660309   0.00143088   0.00177019
  0.00660309            0    0.0117911   0.00023327
 -0.00143088   -0.0117911            0 -0.000507345
 -0.00177019  -0.00023327  0.000507345            0
Repeater1[0]<--->EndNode1[0]
REAL
   0.430689 -0.00844579 -0.00762923    0.380351
-0.00844579   0.0601569  0.00269156   0.0055246
-0.00762923  0.00269156    0.065388  0.00183124
   0.380351   0.0055246  0.00183124    0.443766
IMAGINARY
           0   0.00387972  -0.00163913   0.00197597
 -0.00387972            0    -0.011393  0.000161589
  0.00163913     0.011393            0   0.00232596
 -0.00197597 -0.000161589  -0.00232596            0
Repeater1[0]<--->HoM1[0]
REAL
    0.454277    0.0104278 -0.000946602     0.382261
   0.0104278    0.0566372   0.00207898  -0.00293863
-0.000946602   0.00207898    0.0646018  -0.00983005
    0.382261  -0.00293863  -0.00983005     0.424484
IMAGINARY
           0   0.00143088  -0.00660309   0.00177019
 -0.00143088            0   -0.0117911 -0.000507345
  0.00660309    0.0117911            0   0.00023327
 -0.00177019  0.000507345  -0.00023327            0
EndNode1[0]<--->Repeater1[0]
REAL
    0.444579   0.00414632   0.00272993     0.383799
  0.00414632    0.0580018  -0.00288857   0.00613532
  0.00272993  -0.00288857     0.064379 -0.000304716
    0.383799   0.00613532 -0.000304716      0.43304
IMAGINARY
          0 -0.00918932  0.00319571  -0.0133907
 0.00918932           0 -0.00398494  0.00454423
-0.00319571  0.00398494           0 -0.00226578
  0.0133907 -0.00454423  0.00226578           0
EndNode2[0]<--->HoM1[0]
REAL
   0.445007  -0.0100503 -0.00681122    0.381969
 -0.0100503   0.0551416 -0.00285114  0.00303365
-0.00681122 -0.00285114   0.0640835  0.00264622
   0.381969  0.00303365  0.00264622    0.435768
IMAGINARY
          0 -0.00627063 -0.00129925  0.00115319
 0.00627063           0   0.0115762   0.0086826
 0.00129925  -0.0115762           0  0.00479396
-0.00115319  -0.0086826 -0.00479396           0
Repeater1[0]<--->EndNode1[0]
REAL
    0.444579   0.00272993   0.00414632     0.383799
  0.00272993     0.064379  -0.00288857 -0.000304716
  0.00414632  -0.00288857    0.0580018   0.00613532
    0.383799 -0.000304716   0.00613532      0.43304
IMAGINARY
          0  0.00319571 -0.00918932  -0.0133907
-0.00319571           0  0.00398494 -0.00226578
 0.00918932 -0.00398494           0  0.00454423
  0.0133907  0.00226578 -0.00454423           0
Repeater1[0]<--->HoM1[0]
REAL
   0.445007 -0.00681122  -0.0100503    0.381969
-0.00681122   0.0640835 -0.00285114  0.00264622
 -0.0100503 -0.00285114   0.0551416  0.00303365
   0.381969  0.00264622  0.00303365    0.435768
IMAGINARY
          0 -0.00129925 -0.00627063  0.00115319
 0.00129925           0  -0.0115762  0.00479396
 0.00627063   0.0115762           0   0.0086826
-0.00115319 -0.00479396  -0.0086826           0
EndNode1[0]<--->Repeater1[0]
REAL
   0.451034  0.00774645 -0.00125994    0.386179
 0.00774645   0.0617397  -0.0012016  0.00232215
-0.00125994  -0.0012016   0.0629562 -0.00273887
   0.386179  0.00232215 -0.00273887     0.42427
IMAGINARY
          0  -0.0124977   0.0131382   0.0159083
  0.0124977           0  0.00872147 -0.00156769
 -0.0131382 -0.00872147           0 -0.00493518
 -0.0159083  0.00156769  0.00493518           0
EndNode2[0]<--->HoM1[0]
REAL
   0.432938   0.0052382  0.00615414    0.381542
  0.0052382   0.0626113 0.000335888  0.00909705
 0.00615414 0.000335888   0.0540059  0.00373309
   0.381542  0.00909705  0.00373309    0.450445
IMAGINARY
           0    0.0109969 -6.38377e-05   0.00207008
  -0.0109969            0  -0.00144075   -0.0162322
 6.38377e-05   0.00144075            0   0.00469002
 -0.00207008    0.0162322  -0.00469002            0
Repeater1[0]<--->EndNode1[0]
REAL
   0.451034 -0.00125994  0.00774645    0.386179
-0.00125994   0.0629562  -0.0012016 -0.00273887
 0.00774645  -0.0012016   0.0617397  0.00232215
   0.386179 -0.00273887  0.00232215     0.42427
IMAGINARY
          0   0.0131382  -0.0124977   0.0159083
 -0.0131382           0 -0.00872147 -0.00493518
  0.0124977  0.00872147           0 -0.00156769
 -0.0159083  0.00493518  0.00156769           0
Repeater1[0]<--->HoM1[0]
REAL
   0.432938  0.00615414   0.0052382    0.381542
 0.00615414   0.0540059 0.000335888  0.00373309
  0.0052382 0.000335888   0.0626113  0.00909705
   0.381542  0.00373309  0.00909705    0.450445
IMAGINARY
           0 -6.38377e-05    0.0109969   0.00207008
 6.38377e-05            0   0.00144075   0.00469002
  -0.0109969  -0.00144075            0   -0.0162322
 -0.00207008  -0.00469002    0.0162322            0
EndNode1[0]<--->Repeater1[0]
REAL
    0.440012  -0.00102071   0.00201683     0.378345
 -0.00102071    0.0646721  -0.00170446 -0.000121231
  0.00201683  -0.00170446    0.0592324   0.00262467
    0.378345 -0.000121231   0.00262467     0.436083
IMAGINARY
           0  -0.00462175  -0.00113914  -0.00121241
  0.00462175            0  0.000615747  5.98966e-05
  0.00113914 -0.000615747            0  0.000458941
  0.00121241 -5.98966e-05 -0.000458941            0
EndNode2[0]<--->HoM1[0]
REAL
  0.443491 -0.0049801 0.00335301   0.382073
-0.0049801  0.0606509 0.00823658 -0.0161354
0.00335301 0.00823658  0.0568047 -0.0110722
  0.382073 -0.0161354 -0.0110722   0.439053
IMAGINARY
           0   0.00375716  -0.00924136    -0.020852
 -0.00375716            0 -8.80872e-05   0.00728882
  0.00924136  8.80872e-05            0   0.00420319
    0.020852  -0.00728882  -0.00420319            0
Repeater1[0]<--->EndNode1[0]
REAL
    0.440012   0.00201683  -0.00102071     0.378345
  0.00201683    0.0592324  -0.00170446   0.00262467
 -0.00102071  -0.00170446    0.0646721 -0.000121231
    0.378345   0.00262467 -0.000121231     0.436083
IMAGINARY
           0  -0.00113914  -0.00462175  -0.00121241
  0.00113914            0 -0.000615747  0.000458941
  0.00462175  0.000615747            0  5.98966e-05
  0.00121241 -0.000458941 -5.98966e-05            0
Repeater1[0]<--->HoM1[0]
REAL
  0.443491 0.00335301 -0.0049801   0.382073
0.00335301  0.0568047 0.00823658 -0.0110722
-0.0049801 0.00823658  0.0606509 -0.0161354
  0.382073 -0.0110722 -0.0161354   0.439053
IMAGINARY
           0  -0.00924136   0.00375716    -0.020852
  0.00924136            0  8.80872e-05   0.00420319
 -0.00375716 -8.80872e-05            0   0.00728882
    0.020852  -0.00420319  -0.00728882            0
EndNode1[0]<--->Repeater1[0]
REAL
    0.434123   0.00463118  -0.00436768     0.381395
  0.00463118    0.0567699  0.000940116  -0.00581779
 -0.00436768  0.000940116    0.0625379 -0.000526588
    0.381395  -0.00581779 -0.000526588      0.44657
IMAGINARY
           0  -0.00352362   0.00243333  -0.00810961
  0.00352362            0  -0.00308894  0.000332493
 -0.00243333   0.00308894            0  0.000450477
  0.00810961 -0.000332493 -0.000450477            0
EndNode2[0]<--->HoM1[0]
REAL
   0.442925 -0.00262578 -0.00331952    0.377091
-0.00262578   0.0549941  0.00584003 -0.00487232
-0.00331952  0.00584003   0.0532105 -0.00526817
   0.377091 -0.00487232 -0.00526817     0.44887
IMAGINARY
           0   0.00516069  -0.00750015   0.00329753
 -0.00516069            0  0.000615771  -0.00325417
  0.00750015 -0.000615771            0   0.00347306
 -0.00329753   0.00325417  -0.00347306            0
Repeater1[0]<--->EndNode1[0]
REAL
    0.434123  -0.00436768   0.00463118     0.381395
 -0.00436768    0.0625379  0.000940116 -0.000526588
  0.00463118  0.000940116    0.0567699  -0.00581779
    0.381395 -0.000526588  -0.00581779      0.44657
IMAGINARY
           0   0.00243333  -0.00352362  -0.00810961
 -0.00243333            0   0.00308894  0.000450477
  0.00352362  -0.00308894            0  0.000332493
  0.00810961 -0.000450477 -0.000332493            0
Repeater1[0]<--->HoM1[0]
REAL
   0.442925 -0.00331952 -0.00262578    0.377091
-0.00331952   0.0532105  0.00584003 -0.00526817
-0.00262578  0.00584003   0.0549941 -0.00487232
   0.377091 -0.00526817 -0.00487232     0.44887
IMAGINARY
           0  -0.00750015   0.00516069   0.00329753
  0.00750015            0 -0.000615771   0.00347306
 -0.00516069  0.000615771            0  -0.00325417
 -0.00329753  -0.00347306   0.00325417            0
EndNode1[0]<--->Repeater1[0]
REAL
   0.439306  0.00463454   0.0016009    0.374977
 0.00463454    0.065105 -0.00391204 -0.00414962
  0.0016009 -0.00391204   0.0590204  0.00301164
   0.374977 -0.00414962  0.00301164    0.436568
IMAGINARY
           0   0.00221053   0.00495272   0.00540982
 -0.00221053            0   -0.0104326  -0.00812397
 -0.00495272    0.0104326            0  0.000658696
 -0.00540982   0.00812397 -0.000658696            0
EndNode2[0]<--->HoM1[0]
REAL
    0.432579  -0.00297749   0.00265003     0.377825
 -0.00297749    0.0573152   0.00182149  -0.00691572
  0.00265003   0.00182149    0.0618401 -0.000374123
    0.377825  -0.00691572 -0.000374123     0.448265
IMAGINARY
           0 -0.000566406   0.00385175  -0.00910122
 0.000566406            0   0.00925016  -0.00518984
 -0.00385175  -0.00925016            0  -0.00731346
  0.00910122   0.00518984   0.00731346            0
Repeater1[0]<--->EndNode1[0]
REAL
   0.439306   0.0016009  0.00463454    0.374977
  0.0016009   0.0590204 -0.00391204  0.00301164
 0.00463454 -0.00391204    0.065105 -0.00414962
   0.374977  0.00301164 -0.00414962    0.436568
IMAGINARY
           0   0.00495272   0.00221053   0.00540982
 -0.00495272            0    0.0104326  0.000658696
 -0.00221053   -0.0104326            0  -0.00812397
 -0.00540982 -0.000658696   0.00812397            0
Repeater1[0]<--->HoM1[0]
REAL
    0.432579   0.00265003  -0.00297749     0.377825
  0.00265003    0.0618401   0.00182149 -0.000374123
 -0.00297749   0.00182149    0.0573152  -0.00691572
    0.377825 -0.000374123  -0.00691572     0.448265
IMAGINARY
           0   0.00385175 -0.000566406  -0.00910122
 -0.00385175            0  -0.00925016  -0.00731346
 0.000566406   0.00925016            0  -0.00518984
  0.00910122   0.00731346   0.00518984            0
EndNode1[0]<--->Repeater1[0]
REAL
   0.431088  0.00800175  0.00393571    0.381631
 0.00800175   0.0633498 -0.00339926  0.00658744
 0.00393571 -0.00339926   0.0574784  0.00101809
   0.381631  0.00658744  0.00101809    0.448084
IMAGINARY
           0  -0.00357147     0.007542   0.00906083
  0.00357147            0  -0.00512143 -0.000684691
   -0.007542   0.00512143            0  -0.00386944
 -0.00906083  0.000684691   0.00386944            0
EndNode2[0]<--->HoM1[0]
REAL
   0.442524   -0.007797  -0.0109689    0.382867
  -0.007797   0.0630877  0.00915475 -0.00342826
 -0.0109689  0.00915475   0.0527753 -0.00540036
   0.382867 -0.00342826 -0.00540036    0.441614
IMAGINARY
           0   0.00309224 -0.000430836  -0.00484343
 -0.00309224            0   0.00289557  -0.00884205
 0.000430836  -0.00289557            0    0.0123626
  0.00484343   0.00884205   -0.0123626            0
Repeater1[0]<--->EndNode1[0]
REAL
   0.431088  0.00393571  0.00800175    0.381631
 0.00393571   0.0574784 -0.00339926  0.00101809
 0.00800175 -0.00339926   0.0633498  0.00658744
   0.381631  0.00101809  0.00658744    0.448084
IMAGINARY
           0     0.007542  -0.00357147   0.00906083
   -0.007542            0   0.00512143  -0.00386944
  0.00357147  -0.00512143            0 -0.000684691
 -0.00906083   0.00386944  0.000684691            0
Repeater1[0]<--->HoM1[0]
REAL
   0.442524  -0.0109689   -0.007797    0.382867
 -0.0109689   0.0527753  0.00915475 -0.00540036
  -0.007797  0.00915475   0.0630877 -0.00342826
   0.382867 -0.00540036 -0.00342826    0.441614
IMAGINARY
           0 -0.000430836   0.00309224  -0.00484343
 0.000430836            0  -0.00289557    0.0123626
 -0.00309224   0.00289557            0  -0.00884205
  0.00484343   -0.0123626   0.00884205            0
EndNode1[0]<--->Repeater1[0]
REAL
   0.447281 -0.00384015 -0.00413559    0.384197
-0.00384015   0.0582758 -0.00705634 -0.00262319
-0.00413559 -0.00705634   0.0681886 -0.00321903
   0.384197 -0.00262319 -0.00321903    0.426254
IMAGINARY
           0  -0.00377094   0.00478929    0.0125839
  0.00377094            0   -0.0056142 -0.000947687
 -0.00478929    0.0056142            0   0.00347543
  -0.0125839  0.000947687  -0.00347543            0
EndNode2[0]<--->HoM1[0]
REAL
   0.443112 0.000519435 -0.00347797    0.378772
0.000519435   0.0615006  -0.0013003  0.00647378
-0.00347797  -0.0013003   0.0615006  0.00697008
   0.378772  0.00647378  0.00697008    0.433887
IMAGINARY
          0  -0.0133044   0.0157019 -0.00648928
  0.0133044           0   0.0031119   0.0118003
 -0.0157019  -0.0031119           0  -0.0114928
 0.00648928  -0.0118003   0.0114928           0
Repeater1[0]<--->EndNode1[0]
REAL
   0.447281 -0.00413559 -0.00384015    0.384197
-0.00413559   0.0681886 -0.00705634 -0.00321903
-0.00384015 -0.00705634   0.0582758 -0.00262319
   0.384197 -0.00321903 -0.00262319    0.426254
IMAGINARY
           0   0.00478929  -0.00377094    0.0125839
 -0.00478929            0    0.0056142   0.00347543
  0.00377094   -0.0056142            0 -0.000947687
  -0.0125839  -0.00347543  0.000947687            0
Repeater1[0]<--->HoM1[0]
REAL
   0.443112 -0.00347797 0.000519435    0.378772
-0.00347797   0.0615006  -0.0013003  0.00697008
0.000519435  -0.0013003   0.0615006  0.00647378
   0.378772  0.00697008  0.00647378    0.433887
IMAGINARY
          0   0.0157019  -0.0133044 -0.00648928
 -0.0157019           0  -0.0031119  -0.0114928
  0.0133044   0.0031119           0   0.0118003
 0.00648928   0.0114928  -0.0118003           0
EndNode1[0]<--->Repeater1[0]
REAL
   0.452813  -0.0025007 -0.00531139    0.378087
 -0.0025007   0.0565645 -0.00290238 -0.00516368
-0.00531139 -0.00290238   0.0553736 -0.00354829
   0.378087 -0.00516368 -0.00354829    0.435249
IMAGINARY
          0 -0.00101534  -0.0026276 -0.00138252
 0.00101534           0 -0.00591335  0.00556423
  0.0026276  0.00591335           0 -0.00223041
 0.00138252 -0.00556423  0.00223041           0
EndNode2[0]<--->HoM1[0]
REAL
   0.440848 -0.00294646 -0.00806682    0.381102
-0.00294646   0.0573867 -0.00219644   0.0064304
-0.00806682 -0.00219644   0.0550324 0.000417453
   0.381102   0.0064304 0.000417453    0.446733
IMAGINARY
           0     0.004974   0.00672347  0.000294724
   -0.004974            0 -0.000442087  -0.00717815
 -0.00672347  0.000442087            0   0.00245249
-0.000294724   0.00717815  -0.00245249            0
Repeater1[0]<--->EndNode1[0]
REAL
   0.452813 -0.00531139  -0.0025007    0.378087
-0.00531139   0.0553736 -0.00290238 -0.00354829
 -0.0025007 -0.00290238   0.0565645 -0.00516368
   0.378087 -0.00354829 -0.00516368    0.435249
IMAGINARY
          0  -0.0026276 -0.00101534 -0.00138252
  0.0026276           0  0.00591335 -0.00223041
 0.00101534 -0.00591335           0  0.00556423
 0.00138252  0.00223041 -0.00556423           0
Repeater1[0]<--->HoM1[0]
REAL
   0.440848 -0.00806682 -0.00294646    0.381102
-0.00806682   0.0550324 -0.00219644 0.000417453
-0.00294646 -0.00219644   0.0573867   0.0064304
   0.381102 0.000417453   0.0064304    0.446733
IMAGINARY
           0   0.00672347     0.004974  0.000294724
 -0.00672347            0  0.000442087   0.00245249
   -0.004974 -0.000442087            0  -0.00717815
-0.000294724  -0.00245249   0.00717815            0
EndNode1[0]<--->Repeater1[0]
REAL
    0.426691   0.00102586 -7.38552e-05     0.372744
  0.00102586    0.0575451  -0.00716035 -7.38552e-05
-7.38552e-05  -0.00716035    0.0618304   0.00621195
    0.372744 -7.38552e-05   0.00621195     0.453933
IMAGINARY
          0  -0.0108618  0.00285102  -0.0047641
  0.0108618           0 -0.00583608   0.0146692
-0.00285102  0.00583608           0 -0.00156705
  0.0047641  -0.0146692  0.00156705           0
EndNode2[0]<--->HoM1[0]
REAL
    0.44222 -0.00750605  0.00305311    0.383493
-0.00750605   0.0576281  0.00444622  0.00320643
 0.00305311  0.00444622   0.0679406  0.00796406
   0.383493  0.00320643  0.00796406    0.432211
IMAGINARY
           0  -0.00513098   0.00734015   0.00533538
  0.00513098            0 -0.000567804    0.0114945
 -0.00734015  0.000567804            0  -0.00693494
 -0.00533538   -0.0114945   0.00693494            0
Repeater1[0]<--->EndNode1[0]
REAL
    0.426691 -7.38552e-05   0.00102586     0.372744
-7.38552e-05    0.0618304  -0.00716035   0.00621195
  0.00102586  -0.00716035    0.0575451 -7.38552e-05
    0.372744   0.00621195 -7.38552e-05     0.453933
IMAGINARY
          0  0.00285102  -0.0108618  -0.0047641
-0.00285102           0  0.00583608 -0.00156705
  0.0108618 -0.00583608           0   0.0146692
  0.0047641  0.00156705  -0.0146692           0
Repeater1[0]<--->HoM1[0]
REAL
    0.44222  0.00305311 -0.00750605    0.383493
 0.00305311   0.0679406  0.00444622  0.00796406
-0.00750605  0.00444622   0.0576281  0.00320643
   0.383493  0.00796406  0.00320643    0.432211
IMAGINARY
           0   0.00734015  -0.00513098   0.00533538
 -0.00734015            0  0.000567804  -0.00693494
  0.00513098 -0.000567804            0    0.0114945
 -0.00533538   0.00693494   -0.0114945            0
EndNode1[0]<--->Repeater1[0]
REAL
   0.450211  0.00407363 -0.00362365    0.381928
 0.00407363   0.0621605 -0.00172318  0.00664115
-0.00362365 -0.00172318   0.0597465 -0.00256488
   0.381928  0.00664115 -0.00256488    0.427882
IMAGINARY
           0 -0.000668907   0.00234249    0.0175969
 0.000668907            0   0.00239117  -0.00801074
 -0.00234249  -0.00239117            0   0.00454719
  -0.0175969   0.00801074  -0.00454719            0
EndNode2[0]<--->HoM1[0]
REAL
    0.442169   0.00466667   0.00394693     0.378466
  0.00466667    0.0590361 -0.000539882  -0.00172471
  0.00394693 -0.000539882    0.0650602   0.00466667
    0.378466  -0.00172471   0.00466667     0.433735
IMAGINARY
          0 -0.00508401  0.00917203 -0.00825983
 0.00508401           0 -0.00688242  0.00415531
-0.00917203  0.00688242           0 -0.00345148
 0.00825983 -0.00415531  0.00345148           0
Repeater1[0]<--->EndNode1[0]
REAL
   0.450211 -0.00362365  0.00407363    0.381928
-0.00362365   0.0597465 -0.00172318 -0.00256488
 0.00407363 -0.00172318   0.0621605  0.00664115
   0.381928 -0.00256488  0.00664115    0.427882
IMAGINARY
           0   0.00234249 -0.000668907    0.0175969
 -0.00234249            0  -0.00239117   0.00454719
 0.000668907   0.00239117            0  -0.00801074
  -0.0175969  -0.00454719   0.00801074            0
Repeater1[0]<--->HoM1[0]
REAL
    0.442169   0.00394693   0.00466667     0.378466
  0.00394693    0.0650602 -0.000539882   0.00466667
  0.00466667 -0.000539882    0.0590361  -0.00172471
    0.378466   0.00466667  -0.00172471     0.433735
IMAGINARY
          0  0.00917203 -0.00508401 -0.00825983
-0.00917203           0  0.00688242 -0.00345148
 0.00508401 -0.00688242           0  0.00415531
 0.00825983  0.00345148 -0.00415531           0
EndNode1[0]<--->Repeater1[0]
REAL
    0.43477 0.000452312 -0.00411976    0.382685
0.000452312   0.0534918 0.000872421  0.00289726
-0.00411976 0.000872421   0.0630015 -0.00136918
   0.382685  0.00289726 -0.00136918    0.448737
IMAGINARY
          0 -0.00268124  0.00154729  0.00455235
 0.00268124           0 -0.00440287   0.0067197
-0.00154729  0.00440287           0 -0.00374864
-0.00455235  -0.0067197  0.00374864           0
EndNode2[0]<--->HoM1[0]
REAL
   0.435758 -0.00545739 -0.00153444    0.378593
-0.00545739   0.0581818  0.00169703  0.00969647
-0.00153444  0.00169703   0.0560606   0.0051551
   0.378593  0.00969647   0.0051551        0.45
IMAGINARY
          0  0.00844187 -0.00949778 -0.00447796
-0.00844187           0  0.00582085  0.00103804
 0.00949778 -0.00582085           0 -0.00231585
 0.00447796 -0.00103804  0.00231585           0
Repeater1[0]<--->EndNode1[0]
REAL
    0.43477 -0.00411976 0.000452312    0.382685
-0.00411976   0.0630015 0.000872421 -0.00136918
0.000452312 0.000872421   0.0534918  0.00289726
   0.382685 -0.00136918  0.00289726    0.448737
IMAGINARY
          0  0.00154729 -0.00268124  0.00455235
-0.00154729           0  0.00440287 -0.00374864
 0.00268124 -0.00440287           0   0.0067197
-0.00455235  0.00374864  -0.0067197           0
Repeater1[0]<--->HoM1[0]
REAL
   0.435758 -0.00153444 -0.00545739    0.378593
-0.00153444   0.0560606  0.00169703   0.0051551
-0.00545739  0.00169703   0.0581818  0.00969647
   0.378593   0.0051551  0.00969647        0.45
IMAGINARY
          0 -0.00949778  0.00844187 -0.00447796
 0.00949778           0 -0.00582085 -0.00231585
-0.00844187  0.00582085           0  0.00103804
 0.00447796  0.00231585 -0.00103804           0
EndNode1[0]<--->Repeater1[0]
REAL
   0.443237  -0.0020891   0.0127688    0.379938
 -0.0020891   0.0600845 -0.00865381 -0.00652624
  0.0127688 -0.00865381   0.0603865  0.00149457
   0.379938 -0.00652624  0.00149457    0.436292
IMAGINARY
          0  0.00489467 -0.00515841  -0.0107768
-0.00489467           0 -0.00122079 -0.00167462
 0.00515841  0.00122079           0  0.00401799
  0.0107768  0.00167462 -0.00401799           0
EndNode2[0]<--->HoM1[0]
REAL
  0.444579 0.00593513 0.00659398   0.376559
0.00593513  0.0567871 0.00291239  0.0136946
0.00659398 0.00291239  0.0598239 0.00203001
  0.376559  0.0136946 0.00203001    0.43881
IMAGINARY
          0  0.00242423 -0.00650806  0.00142468
-0.00242423           0  0.00837333 -0.00341974
 0.00650806 -0.00837333           0   0.0063002
-0.00142468  0.00341974  -0.0063002           0
Repeater1[0]<--->EndNode1[0]
REAL
   0.443237   0.0127688  -0.0020891    0.379938
  0.0127688   0.0603865 -0.00865381  0.00149457
 -0.0020891 -0.00865381   0.0600845 -0.00652624
   0.379938  0.00149457 -0.00652624    0.436292
IMAGINARY
          0 -0.00515841  0.00489467  -0.0107768
 0.00515841           0  0.00122079  0.00401799
-0.00489467 -0.00122079           0 -0.00167462
  0.0107768 -0.00401799  0.00167462           0
Repeater1[0]<--->HoM1[0]
REAL
  0.444579 0.00659398 0.00593513   0.376559
0.00659398  0.0598239 0.00291239 0.00203001
0.00593513 0.00291239  0.0567871  0.0136946
  0.376559 0.00203001  0.0136946    0.43881
IMAGINARY
          0 -0.00650806  0.00242423  0.00142468
 0.00650806           0 -0.00837333   0.0063002
-0.00242423  0.00837333           0 -0.00341974
-0.00142468  -0.0063002  0.00341974           0
EndNode1[0]<--->Repeater1[0]
REAL
   0.444176  -0.0118437 -0.00212338     0.38098
 -0.0118437   0.0660833  0.00319856  -0.0121623
-0.00212338  0.00319856    0.054315   0.0015518
    0.38098  -0.0121623   0.0015518    0.435425
IMAGINARY
          0  0.00478212 -0.00706577  0.00293887
-0.00478212           0  0.00204866  -0.0088049
 0.00706577 -0.00204866           0   0.0116818
-0.00293887   0.0088049  -0.0116818           0
EndNode2[0]<--->HoM1[0]
REAL
   0.433069  0.00588422 -0.00159858    0.382693
 0.00588422   0.0588408  0.00938541   0.0139407
-0.00159858  0.00938541   0.0629597  0.00129144
   0.382693   0.0139407  0.00129144    0.445131
IMAGINARY
          0  0.00546438 -0.00312706  0.00255098
-0.00546438           0 -0.00539955 -0.00785699
 0.00312706  0.00539955           0   0.0076262
-0.00255098  0.00785699  -0.0076262           0
Repeater1[0]<--->EndNode1[0]
REAL
   0.444176 -0.00212338  -0.0118437     0.38098
-0.00212338    0.054315  0.00319856   0.0015518
 -0.0118437  0.00319856   0.0660833  -0.0121623
    0.38098   0.0015518  -0.0121623    0.435425
IMAGINARY
          0 -0.00706577  0.00478212  0.00293887
 0.00706577           0 -0.00204866   0.0116818
-0.00478212  0.00204866           0  -0.0088049
-0.00293887  -0.0116818   0.0088049           0
Repeater1[0]<--->HoM1[0]
REAL
   0.433069 -0.00159858  0.00588422    0.382693
-0.00159858   0.0629597  0.00938541  0.00129144
 0.00588422  0.00938541   0.0588408   0.0139407
   0.382693  0.00129144   0.0139407    0.445131
IMAGINARY
          0 -0.00312706  0.00546438  0.00255098
 0.00312706           0  0.00539955   0.0076262
-0.00546438 -0.00539955           0 -0.00785699
-0.00255098  -0.0076262  0.00785699           0
EndNode1[0]<--->Repeater1[0]
REAL
   0.436142  -0.0109746  0.00135202     0.38617
 -0.0109746   0.0601369  0.00278513 -0.00936865
 0.00135202  0.00278513   0.0613278 0.000582627
    0.38617 -0.00936865 0.000582627    0.442394
IMAGINARY
          0 -0.00267422   0.0116415  0.00406543
 0.00267422           0  0.00758332  -0.0033338
 -0.0116415 -0.00758332           0 -0.00101809
-0.00406543   0.0033338  0.00101809           0
EndNode2[0]<--->HoM1[0]
REAL
  0.432237  0.0155803 0.00756685   0.385788
 0.0155803   0.058859 0.00665726 0.00454388
0.00756685 0.00665726  0.0612738 -0.0043346
  0.385788 0.00454388 -0.0043346   0.447631
IMAGINARY
           0 -0.000974598  -0.00520988  0.000399345
 0.000974598            0   0.00644164  -0.00357249
  0.00520988  -0.00644164            0   0.00916156
-0.000399345   0.00357249  -0.00916156            0
Repeater1[0]<--->EndNode1[0]
REAL
   0.436142  0.00135202  -0.0109746     0.38617
 0.00135202   0.0613278  0.00278513 0.000582627
 -0.0109746  0.00278513   0.0601369 -0.00936865
    0.38617 0.000582627 -0.00936865    0.442394
IMAGINARY
          0   0.0116415 -0.00267422  0.00406543
 -0.0116415           0 -0.00758332 -0.00101809
 0.00267422  0.00758332           0  -0.0033338
-0.00406543  0.00101809   0.0033338           0
Repeater1[0]<--->HoM1[0]
REAL
  0.432237 0.00756685  0.0155803   0.385788
0.00756685  0.0612738 0.00665726 -0.0043346
 0.0155803 0.00665726   0.058859 0.00454388
  0.385788 -0.0043346 0.00454388   0.447631
IMAGINARY
           0  -0.00520988 -0.000974598  0.000399345
  0.00520988            0  -0.00644164   0.00916156
 0.000974598   0.00644164            0  -0.00357249
-0.000399345  -0.00916156   0.00357249            0
EndNode1[0]<--->Repeater1[0]
REAL
   0.452381  0.00546503  0.00546256    0.375711
 0.00546503   0.0561661  0.00434988 -0.00244142
 0.00546256  0.00434988   0.0628816 -0.00214176
   0.375711 -0.00244142 -0.00214176    0.428571
IMAGINARY
          0  -0.0127071   0.0129011  -0.0107004
  0.0127071           0  -0.0119296  0.00343878
 -0.0129011   0.0119296           0  -0.0039299
  0.0107004 -0.00343878   0.0039299           0
EndNode2[0]<--->HoM1[0]
REAL
    0.440774  -0.00844211  -0.00465127     0.380544
 -0.00844211    0.0613095 -0.000266523  -0.00258637
 -0.00465127 -0.000266523      0.05625  -0.00814414
    0.380544  -0.00258637  -0.00814414     0.441667
IMAGINARY
          0 -0.00524964  0.00177989  0.00691954
 0.00524964           0  0.00494685  0.00209377
-0.00177989 -0.00494685           0  0.00316382
-0.00691954 -0.00209377 -0.00316382           0
Repeater1[0]<--->EndNode1[0]
REAL
   0.452381  0.00546256  0.00546503    0.375711
 0.00546256   0.0628816  0.00434988 -0.00214176
 0.00546503  0.00434988   0.0561661 -0.00244142
   0.375711 -0.00214176 -0.00244142    0.428571
IMAGINARY
          0   0.0129011  -0.0127071  -0.0107004
 -0.0129011           0   0.0119296  -0.0039299
  0.0127071  -0.0119296           0  0.00343878
  0.0107004   0.0039299 -0.00343878           0
Repeater1[0]<--->HoM1[0]
REAL
    0.440774  -0.00465127  -0.00844211     0.380544
 -0.00465127      0.05625 -0.000266523  -0.00814414
 -0.00844211 -0.000266523    0.0613095  -0.00258637
    0.380544  -0.00814414  -0.00258637     0.441667
IMAGINARY
          0  0.00177989 -0.00524964  0.00691954
-0.00177989           0 -0.00494685  0.00316382
 0.00524964  0.00494685           0  0.00209377
-0.00691954 -0.00316382 -0.00209377           0
EndNode1[0]<--->Repeater1[0]
REAL
   0.433283  0.00207485   0.0117401    0.380582
 0.00207485   0.0611694 -0.00159751   0.0112823
  0.0117401 -0.00159751   0.0638681   0.0144541
   0.380582   0.0112823   0.0144541    0.441679
IMAGINARY
           0 -0.000977961  -0.00280364    0.0057865
 0.000977961            0  -0.00487019  -0.00647471
  0.00280364   0.00487019            0    0.0114345
  -0.0057865   0.00647471   -0.0114345            0
EndNode2[0]<--->HoM1[0]
REAL
    0.437954 -0.000377424  -0.00350793     0.373354
-0.000377424     0.059322  -0.00274436   -0.0119529
 -0.00350793  -0.00274436    0.0653753  -0.00517646
    0.373354   -0.0119529  -0.00517646     0.437349
IMAGINARY
           0  -0.00896934    0.0127135  -0.00352345
  0.00896934            0 -0.000588638   0.00803783
  -0.0127135  0.000588638            0  -0.00360261
  0.00352345  -0.00803783   0.00360261            0
Repeater1[0]<--->EndNode1[0]
REAL
   0.433283   0.0117401  0.00207485    0.380582
  0.0117401   0.0638681 -0.00159751   0.0144541
 0.00207485 -0.00159751   0.0611694   0.0112823
   0.380582   0.0144541   0.0112823    0.441679
IMAGINARY
           0  -0.00280364 -0.000977961    0.0057865
  0.00280364            0   0.00487019    0.0114345
 0.000977961  -0.00487019            0  -0.00647471
  -0.0057865   -0.0114345   0.00647471            0
Repeater1[0]<--->HoM1[0]
REAL
    0.437954  -0.00350793 -0.000377424     0.373354
 -0.00350793    0.0653753  -0.00274436  -0.00517646
-0.000377424  -0.00274436     0.059322   -0.0119529
    0.373354  -0.00517646   -0.0119529     0.437349
IMAGINARY
           0    0.0127135  -0.00896934  -0.00352345
  -0.0127135            0  0.000588638  -0.00360261
  0.00896934 -0.000588638            0   0.00803783
  0.00352345   0.00360261  -0.00803783            0
EndNode1[0]<--->Repeater1[0]
REAL
    0.429487  -0.00575662   0.00384675     0.381065
 -0.00575662    0.0585664   0.00155415  7.60064e-05
  0.00384675   0.00155415    0.0658508 -0.000278384
    0.381065  7.60064e-05 -0.000278384     0.446096
IMAGINARY
          0    0.002782  0.00556063 -0.00508116
  -0.002782           0  -0.0102358  0.00234274
-0.00556063   0.0102358           0 -0.00889593
 0.00508116 -0.00234274  0.00889593           0
EndNode2[0]<--->HoM1[0]
REAL
   0.437763 -0.00266809 -0.00347594    0.375523
-0.00266809   0.0541191  0.00396301 0.000784556
-0.00347594  0.00396301   0.0616356 0.000873827
   0.375523 0.000784556 0.000873827    0.446482
IMAGINARY
           0   0.00497654   0.00210063   0.00297935
 -0.00497654            0    0.0053717 -0.000571579
 -0.00210063   -0.0053717            0   -0.0126218
 -0.00297935  0.000571579    0.0126218            0
Repeater1[0]<--->EndNode1[0]
REAL
    0.429487   0.00384675  -0.00575662     0.381065
  0.00384675    0.0658508   0.00155415 -0.000278384
 -0.00575662   0.00155415    0.0585664  7.60064e-05
    0.381065 -0.000278384  7.60064e-05     0.446096
IMAGINARY
          0  0.00556063    0.002782 -0.00508116
-0.00556063           0   0.0102358 -0.00889593
  -0.002782  -0.0102358           0  0.00234274
 0.00508116  0.00889593 -0.00234274           0
Repeater1[0]<--->HoM1[0]
REAL
   0.437763 -0.00347594 -0.00266809    0.375523
-0.00347594   0.0616356  0.00396301 0.000873827
-0.00266809  0.00396301   0.0541191 0.000784556
   0.375523 0.000873827 0.000784556    0.446482
IMAGINARY
           0   0.00210063   0.00497654   0.00297935
 -0.00210063            0   -0.0053717   -0.0126218
 -0.00497654    0.0053717            0 -0.000571579
 -0.00297935    0.0126218  0.000571579            0
EndNode1[0]<--->Repeater1[0]
REAL
    0.439632 -0.000760061   0.00101567     0.381797
-0.000760061    0.0622961   0.00349928   0.00508561
  0.00101567   0.00349928    0.0679324   0.00137019
    0.381797   0.00508561   0.00137019     0.430139
IMAGINARY
          0 -0.00317733  0.00258789  0.00571641
 0.00317733           0 -0.00138418 -0.00408669
-0.00258789  0.00138418           0  0.00587517
-0.00571641  0.00408669 -0.00587517           0
EndNode2[0]<--->HoM1[0]
REAL
   0.455505  0.00800443  0.00825173    0.382448
 0.00800443   0.0512821 -0.00352706 0.000103586
 0.00825173 -0.00352706   0.0515837   0.0059211
   0.382448 0.000103586   0.0059211    0.441629
IMAGINARY
          0  0.00692855  0.00161167  0.00111075
-0.00692855           0  -0.0031163 -0.00838833
-0.00161167   0.0031163           0  0.00662478
-0.00111075  0.00838833 -0.00662478           0
Repeater1[0]<--->EndNode1[0]
REAL
    0.439632   0.00101567 -0.000760061     0.381797
  0.00101567    0.0679324   0.00349928   0.00137019
-0.000760061   0.00349928    0.0622961   0.00508561
    0.381797   0.00137019   0.00508561     0.430139
IMAGINARY
          0  0.00258789 -0.00317733  0.00571641
-0.00258789           0  0.00138418  0.00587517
 0.00317733 -0.00138418           0 -0.00408669
-0.00571641 -0.00587517  0.00408669           0
Repeater1[0]<--->HoM1[0]
REAL
   0.455505  0.00825173  0.00800443    0.382448
 0.00825173   0.0515837 -0.00352706   0.0059211
 0.00800443 -0.00352706   0.0512821 0.000103586
   0.382448   0.0059211 0.000103586    0.441629
