EndNode1[0]<--->Repeater1[0]
REAL
    0.42431 -0.00631807  0.00283658    0.348888
-0.00631807    0.076004 -0.00110294   -0.006925
 0.00283658 -0.00110294   0.0759141  0.00528473
   0.348888   -0.006925  0.00528473    0.423771
IMAGINARY
           0   0.00285964   0.00166849   0.00549141
 -0.00285964            0  0.000579284  -0.00112531
 -0.00166849 -0.000579284            0 -0.000234254
 -0.00549141   0.00112531  0.000234254            0
EndNode2[0]<--->HoM1[0]
REAL
    0.428858  -0.00123865   0.00250958     0.353146
 -0.00123865     0.074877  -0.00128737   -0.0018811
  0.00250958  -0.00128737    0.0716888 -0.000287653
    0.353146   -0.0018811 -0.000287653     0.424576
IMAGINARY
           0 -0.000513257  0.000811191   0.00211507
 0.000513257            0   0.00854228  0.000323213
-0.000811191  -0.00854228            0   0.00446098
 -0.00211507 -0.000323213  -0.00446098            0
Repeater1[0]<--->EndNode1[0]
REAL
    0.42431  0.00283658 -0.00631807    0.348888
 0.00283658   0.0759141 -0.00110294  0.00528473
-0.00631807 -0.00110294    0.076004   -0.006925
   0.348888  0.00528473   -0.006925    0.423771
IMAGINARY
           0   0.00166849   0.00285964   0.00549141
 -0.00166849            0 -0.000579284 -0.000234254
 -0.00285964  0.000579284            0  -0.00112531
 -0.00549141  0.000234254   0.00112531            0
Repeater1[0]<--->HoM1[0]
REAL
    0.428858   0.00250958  -0.00123865     0.353146
  0.00250958    0.0716888  -0.00128737 -0.000287653
 -0.00123865  -0.00128737     0.074877   -0.0018811
    0.353146 -0.000287653   -0.0018811     0.424576
IMAGINARY
           0  0.000811191 -0.000513257   0.00211507
-0.000811191            0  -0.00854228   0.00446098
 0.000513257   0.00854228            0  0.000323213
 -0.00211507  -0.00446098 -0.000323213            0
EndNode1[0]<--->Repeater1[0]
REAL
   0.428084  -0.0039751 0.000906614    0.352754
 -0.0039751   0.0776621 -0.00196048 -0.00394516
0.000906614 -0.00196048    0.072724 -0.00622898
   0.352754 -0.00394516 -0.00622898     0.42153
IMAGINARY
           0  -0.00302277  -0.00589631 -0.000582017
  0.00302277            0   0.00414218   0.00115485
  0.00589631  -0.00414218            0   0.00203869
 0.000582017  -0.00115485  -0.00203869            0
EndNode2[0]<--->HoM1[0]
REAL
    0.414667  -0.00173458  0.000962524     0.349395
 -0.00173458     0.075492 -0.000883442  -0.00167541
 0.000962524 -0.000883442    0.0745035  0.000130585
    0.349395  -0.00167541  0.000130585     0.435337
IMAGINARY
           0   0.00074621 -0.000527682  0.000821154
 -0.00074621            0  -0.00227941  -0.00075539
 0.000527682   0.00227941            0  -0.00105592
-0.000821154   0.00075539   0.00105592            0
Repeater1[0]<--->EndNode1[0]
REAL
   0.428084 0.000906614  -0.0039751    0.352754
0.000906614    0.072724 -0.00196048 -0.00622898
 -0.0039751 -0.00196048   0.0776621 -0.00394516
   0.352754 -0.00622898 -0.00394516     0.42153
IMAGINARY
           0  -0.00589631  -0.00302277 -0.000582017
  0.00589631            0  -0.00414218   0.00203869
  0.00302277   0.00414218            0   0.00115485
 0.000582017  -0.00203869  -0.00115485            0
Repeater1[0]<--->HoM1[0]
REAL
    0.414667  0.000962524  -0.00173458     0.349395
 0.000962524    0.0745035 -0.000883442  0.000130585
 -0.00173458 -0.000883442     0.075492  -0.00167541
    0.349395  0.000130585  -0.00167541     0.435337
IMAGINARY
           0 -0.000527682   0.00074621  0.000821154
 0.000527682            0   0.00227941  -0.00105592
 -0.00074621  -0.00227941            0  -0.00075539
-0.000821154   0.00105592   0.00075539            0
EndNode1[0]<--->Repeater1[0]
REAL
    0.42088 -0.00477034 -0.00185845    0.350157
-0.00477034   0.0779374  0.00166144  0.00279687
-0.00185845  0.00166144   0.0702073  0.00481503
   0.350157  0.00279687  0.00481503    0.430975
IMAGINARY
           0  -0.00137402 -0.000735085   0.00232585
  0.00137402            0  -0.00142947   0.00523386
 0.000735085   0.00142947            0  -0.00448802
 -0.00232585  -0.00523386   0.00448802            0
EndNode2[0]<--->HoM1[0]
REAL
    0.422316   0.00153445   -0.0061472     0.347929
  0.00153445    0.0766049 -8.00272e-05   0.00356988
  -0.0061472 -8.00272e-05    0.0812803 -0.000201349
    0.347929   0.00356988 -0.000201349     0.419799
IMAGINARY
           0  -0.00289689 -0.000257085  0.000365144
  0.00289689            0   0.00260408  -0.00297104
 0.000257085  -0.00260408            0   0.00244854
-0.000365144   0.00297104  -0.00244854            0
Repeater1[0]<--->EndNode1[0]
REAL
    0.42088 -0.00185845 -0.00477034    0.350157
-0.00185845   0.0702073  0.00166144  0.00481503
-0.00477034  0.00166144   0.0779374  0.00279687
   0.350157  0.00481503  0.00279687    0.430975
IMAGINARY
           0 -0.000735085  -0.00137402   0.00232585
 0.000735085            0   0.00142947  -0.00448802
  0.00137402  -0.00142947            0   0.00523386
 -0.00232585   0.00448802  -0.00523386            0
Repeater1[0]<--->HoM1[0]
REAL
    0.422316   -0.0061472   0.00153445     0.347929
  -0.0061472    0.0812803 -8.00272e-05 -0.000201349
  0.00153445 -8.00272e-05    0.0766049   0.00356988
    0.347929 -0.000201349   0.00356988     0.419799
IMAGINARY
           0 -0.000257085  -0.00289689  0.000365144
 0.000257085            0  -0.00260408   0.00244854
  0.00289689   0.00260408            0  -0.00297104
-0.000365144  -0.00244854   0.00297104            0
EndNode1[0]<--->Repeater1[0]
REAL
      0.3  0.114706 0.0605263     0.375
 0.114706         0     0.125  0.139474
0.0605263     0.125       0.1 0.0852941
    0.375  0.139474 0.0852941       0.6
IMAGINARY
         0  0.0326087          0    0.03125
-0.0326087          0    0.03125          0
         0   -0.03125          0 -0.0326087
  -0.03125          0  0.0326087          0
EndNode2[0]<--->HoM1[0]
REAL
  0.441176  0.0568182 -0.0265152   0.203688
 0.0568182  0.0294118   0.250858   0.140152
-0.0265152   0.250858          0  0.0568182
  0.203688   0.140152  0.0568182   0.529412
IMAGINARY
         0  -0.110305  0.0225741 -0.0807407
  0.110305          0  0.0992593 -0.0131402
-0.0225741 -0.0992593          0  0.0820029
 0.0807407  0.0131402 -0.0820029          0
Repeater1[0]<--->EndNode1[0]
REAL
      0.3 0.0605263  0.114706     0.375
0.0605263       0.1     0.125 0.0852941
 0.114706     0.125         0  0.139474
    0.375 0.0852941  0.139474       0.6
IMAGINARY
         0          0  0.0326087    0.03125
         0          0   -0.03125 -0.0326087
-0.0326087    0.03125          0          0
  -0.03125  0.0326087          0          0
Repeater1[0]<--->HoM1[0]
REAL
   0.472222  -0.0886525 -0.00531915    0.228723
 -0.0886525           0    0.228723 -0.00531915
-0.00531915    0.228723   0.0277778   0.0780142
   0.228723 -0.00531915   0.0780142         0.5
IMAGINARY
          0   0.0386905  -0.0961538  -0.0807407
 -0.0386905           0  -0.0992593   0.0961538
  0.0961538   0.0992593           0  0.00297619
  0.0807407  -0.0961538 -0.00297619           0
