EndNode[0]<--->HoM[0]
REAL
   0.443643 -0.00352231  0.00300779    0.456316
-0.00352231   0.0435828   0.0436836 -0.00134264
 0.00300779   0.0436836   0.0417794  0.00518746
   0.456316 -0.00134264  0.00518746    0.470995
IMAGINARY
          0 -0.00202152 -0.00317093  0.00149685
 0.00202152           0  -0.0110106 -0.00332258
 0.00317093   0.0110106           0  0.00556343
-0.00149685  0.00332258 -0.00556343           0
EndNode[1]<--->HoM[1]
REAL
  0.463111 -0.0020263 0.00579233    0.45098
-0.0020263  0.0482274  0.0490196 0.00307985
0.00579233  0.0490196  0.0418397  0.0108985
   0.45098 0.00307985  0.0108985   0.446822
IMAGINARY
           0   0.00853682 -0.000153996      0.00444
 -0.00853682            0   -0.0025603  -0.00816448
 0.000153996    0.0025603            0   0.00810014
    -0.00444   0.00816448  -0.00810014            0
repeater[0]<--->HoM[0]
REAL
   0.443643  0.00300779 -0.00352231    0.456316
 0.00300779   0.0417794   0.0436836  0.00518746
-0.00352231   0.0436836   0.0435828 -0.00134264
   0.456316  0.00518746 -0.00134264    0.470995
IMAGINARY
          0 -0.00317093 -0.00202152  0.00149685
 0.00317093           0   0.0110106  0.00556343
 0.00202152  -0.0110106           0 -0.00332258
-0.00149685 -0.00556343  0.00332258           0
repeater[0]<--->HoM[1]
REAL
  0.463111 0.00579233 -0.0020263    0.45098
0.00579233  0.0418397  0.0490196  0.0108985
-0.0020263  0.0490196  0.0482274 0.00307985
   0.45098  0.0108985 0.00307985   0.446822
IMAGINARY
           0 -0.000153996   0.00853682      0.00444
 0.000153996            0    0.0025603   0.00810014
 -0.00853682   -0.0025603            0  -0.00816448
    -0.00444  -0.00810014   0.00816448            0
EndNode[0]<--->HoM[0]
REAL
     0.46267   0.00125308  -0.00994299     0.456227
  0.00125308    0.0473798     0.043773 -0.000764514
 -0.00994299     0.043773    0.0418162   -0.0119606
    0.456227 -0.000764514   -0.0119606     0.448134
IMAGINARY
           0  -0.00327372   0.00309085  -0.00260561
  0.00327372            0 -0.000202624   0.00431689
 -0.00309085  0.000202624            0   -0.0053013
  0.00260561  -0.00431689    0.0053013            0
EndNode[1]<--->HoM[1]
REAL
   0.456601 0.000597836  0.00156261    0.456087
0.000597836   0.0467373   0.0439125  0.00142814
 0.00156261   0.0439125   0.0446007  0.00239292
   0.456087  0.00142814  0.00239292    0.452061
IMAGINARY
           0  -0.00569478   0.00262397  -0.00583783
  0.00569478            0 -0.000274857   -0.0018591
 -0.00262397  0.000274857            0   0.00618969
  0.00583783    0.0018591  -0.00618969            0
repeater[0]<--->HoM[0]
REAL
     0.46267  -0.00994299   0.00125308     0.456227
 -0.00994299    0.0418162     0.043773   -0.0119606
  0.00125308     0.043773    0.0473798 -0.000764514
    0.456227   -0.0119606 -0.000764514     0.448134
IMAGINARY
           0   0.00309085  -0.00327372  -0.00260561
 -0.00309085            0  0.000202624   -0.0053013
  0.00327372 -0.000202624            0   0.00431689
  0.00260561    0.0053013  -0.00431689            0
repeater[0]<--->HoM[1]
REAL
   0.456601  0.00156261 0.000597836    0.456087
 0.00156261   0.0446007   0.0439125  0.00239292
0.000597836   0.0439125   0.0467373  0.00142814
   0.456087  0.00239292  0.00142814    0.452061
IMAGINARY
           0   0.00262397  -0.00569478  -0.00583783
 -0.00262397            0  0.000274857   0.00618969
  0.00569478 -0.000274857            0   -0.0018591
  0.00583783  -0.00618969    0.0018591            0
