EndNode1[0]<--->Repeater1[0]
REAL
   0.415278 -0.00167488  0.00618855    0.328735
-0.00167488   0.0843672 -0.00889345  -0.0073299
 0.00618855 -0.00889345   0.0872031 -0.00122239
   0.328735  -0.0073299 -0.00122239    0.413151
IMAGINARY
           0    0.0063131  -0.00223255   0.00234579
  -0.0063131            0  0.000831986  -0.00384256
  0.00223255 -0.000831986            0   0.00160295
 -0.00234579   0.00384256  -0.00160295            0
EndNode2[0]<--->HoM1[0]
REAL
    0.403538   0.00282756   0.00700544     0.329558
  0.00282756     0.083103 -0.000169125  0.000974743
  0.00700544 -0.000169125    0.0871568   0.00185048
    0.329558  0.000974743   0.00185048     0.426202
IMAGINARY
           0  -0.00346002 -0.000935219   0.00563456
  0.00346002            0   0.00608836   0.00401349
 0.000935219  -0.00608836            0  -0.00700612
 -0.00563456  -0.00401349   0.00700612            0
Repeater1[0]<--->EndNode1[0]
REAL
   0.415278  0.00618855 -0.00167488    0.328735
 0.00618855   0.0872031 -0.00889345 -0.00122239
-0.00167488 -0.00889345   0.0843672  -0.0073299
   0.328735 -0.00122239  -0.0073299    0.413151
IMAGINARY
           0  -0.00223255    0.0063131   0.00234579
  0.00223255            0 -0.000831986   0.00160295
  -0.0063131  0.000831986            0  -0.00384256
 -0.00234579  -0.00160295   0.00384256            0
Repeater1[0]<--->HoM1[0]
REAL
    0.403538   0.00700544   0.00282756     0.329558
  0.00700544    0.0871568 -0.000169125   0.00185048
  0.00282756 -0.000169125     0.083103  0.000974743
    0.329558   0.00185048  0.000974743     0.426202
IMAGINARY
           0 -0.000935219  -0.00346002   0.00563456
 0.000935219            0  -0.00608836  -0.00700612
  0.00346002   0.00608836            0   0.00401349
 -0.00563456   0.00700612  -0.00401349            0
EndNode1[0]<--->Repeater1[0]
REAL
    0.410151  -0.00513833 -0.000571591     0.326073
 -0.00513833    0.0894907   0.00452007  -0.00943556
-0.000571591   0.00452007    0.0898494  -0.00522622
    0.326073  -0.00943556  -0.00522622     0.410509
IMAGINARY
           0 -1.83393e-05  -0.00307141  -0.00175274
 1.83393e-05            0  -0.00202832   0.00536626
  0.00307141   0.00202832            0   -0.0081513
  0.00175274  -0.00536626    0.0081513            0
EndNode2[0]<--->HoM1[0]
REAL
   0.409242   -0.011248   0.0041123    0.323359
  -0.011248   0.0876289 -0.00327662  -0.0038443
  0.0041123 -0.00327662   0.0881811  0.00776404
   0.323359  -0.0038443  0.00776404    0.414948
IMAGINARY
          0 -0.00160398 -0.00594702 -0.00457051
 0.00160398           0 -0.00606778   0.0027933
 0.00594702  0.00606778           0  0.00367643
 0.00457051  -0.0027933 -0.00367643           0
Repeater1[0]<--->EndNode1[0]
REAL
    0.410151 -0.000571591  -0.00513833     0.326073
-0.000571591    0.0898494   0.00452007  -0.00522622
 -0.00513833   0.00452007    0.0894907  -0.00943556
    0.326073  -0.00522622  -0.00943556     0.410509
IMAGINARY
           0  -0.00307141 -1.83393e-05  -0.00175274
  0.00307141            0   0.00202832   -0.0081513
 1.83393e-05  -0.00202832            0   0.00536626
  0.00175274    0.0081513  -0.00536626            0
Repeater1[0]<--->HoM1[0]
REAL
   0.409242   0.0041123   -0.011248    0.323359
  0.0041123   0.0881811 -0.00327662  0.00776404
  -0.011248 -0.00327662   0.0876289  -0.0038443
   0.323359  0.00776404  -0.0038443    0.414948
IMAGINARY
          0 -0.00594702 -0.00160398 -0.00457051
 0.00594702           0  0.00606778  0.00367643
 0.00160398 -0.00606778           0   0.0027933
 0.00457051 -0.00367643  -0.0027933           0
EndNode1[0]<--->Repeater1[0]
REAL
    0.418559   0.00613995   0.00444544     0.321637
  0.00613995    0.0904897 -0.000111907   0.00281913
  0.00444544 -0.000111907    0.0839248    0.0038152
    0.321637   0.00281913    0.0038152     0.407026
IMAGINARY
          0   0.0052084  0.00198503 -0.00305139
 -0.0052084           0 -0.00150566 -0.00950922
-0.00198503  0.00150566           0  0.00249494
 0.00305139  0.00950922 -0.00249494           0
EndNode2[0]<--->HoM1[0]
REAL
   0.410058 -0.00402001 0.000813118    0.324182
-0.00402001   0.0854362  0.00443142 -0.00312665
0.000813118  0.00443142   0.0877794  0.00281698
   0.324182 -0.00312665  0.00281698    0.416727
IMAGINARY
           0   0.00163144   0.00410285 -0.000305747
 -0.00163144            0    -0.002019   0.00675125
 -0.00410285     0.002019            0  -0.00305493
 0.000305747  -0.00675125   0.00305493            0
Repeater1[0]<--->EndNode1[0]
REAL
    0.418559   0.00444544   0.00613995     0.321637
  0.00444544    0.0839248 -0.000111907    0.0038152
  0.00613995 -0.000111907    0.0904897   0.00281913
    0.321637    0.0038152   0.00281913     0.407026
IMAGINARY
          0  0.00198503   0.0052084 -0.00305139
-0.00198503           0  0.00150566  0.00249494
 -0.0052084 -0.00150566           0 -0.00950922
 0.00305139 -0.00249494  0.00950922           0
Repeater1[0]<--->HoM1[0]
REAL
   0.410058 0.000813118 -0.00402001    0.324182
0.000813118   0.0877794  0.00443142  0.00281698
-0.00402001  0.00443142   0.0854362 -0.00312665
   0.324182  0.00281698 -0.00312665    0.416727
IMAGINARY
           0   0.00410285   0.00163144 -0.000305747
 -0.00410285            0     0.002019  -0.00305493
 -0.00163144    -0.002019            0   0.00675125
 0.000305747   0.00305493  -0.00675125            0
EndNode1[0]<--->Repeater1[0]
REAL
   0.413484 0.000211988 -0.00168876    0.324083
0.000211988   0.0883647  0.00108893  0.00308515
-0.00168876  0.00108893    0.083436  0.00956273
   0.324083  0.00308515  0.00956273    0.414716
IMAGINARY
          0 -0.00765525  0.00364556 -0.00308608
 0.00765525           0  0.00487627 -0.00118968
-0.00364556 -0.00487627           0  0.00101527
 0.00308608  0.00118968 -0.00101527           0
EndNode2[0]<--->HoM1[0]
REAL
    0.417376   0.00116022   0.00113086     0.319644
  0.00116022    0.0801418 -0.000990746  -0.00818821
  0.00113086 -0.000990746     0.087766  -0.00196422
    0.319644  -0.00818821  -0.00196422     0.414716
IMAGINARY
           0    0.0103247  -0.00634713    -0.012024
  -0.0103247            0   -0.0016148   0.00106095
  0.00634713    0.0016148            0  0.000429918
    0.012024  -0.00106095 -0.000429918            0
Repeater1[0]<--->EndNode1[0]
REAL
   0.413484 -0.00168876 0.000211988    0.324083
-0.00168876    0.083436  0.00108893  0.00956273
0.000211988  0.00108893   0.0883647  0.00308515
   0.324083  0.00956273  0.00308515    0.414716
IMAGINARY
          0  0.00364556 -0.00765525 -0.00308608
-0.00364556           0 -0.00487627  0.00101527
 0.00765525  0.00487627           0 -0.00118968
 0.00308608 -0.00101527  0.00118968           0
Repeater1[0]<--->HoM1[0]
REAL
    0.417376   0.00113086   0.00116022     0.319644
  0.00113086     0.087766 -0.000990746  -0.00196422
  0.00116022 -0.000990746    0.0801418  -0.00818821
    0.319644  -0.00196422  -0.00818821     0.414716
IMAGINARY
           0  -0.00634713    0.0103247    -0.012024
  0.00634713            0    0.0016148  0.000429918
  -0.0103247   -0.0016148            0   0.00106095
    0.012024 -0.000429918  -0.00106095            0
EndNode1[0]<--->Repeater1[0]
REAL
   0.416502  0.00093937  -0.0088535    0.329105
 0.00093937   0.0843049  0.00748823 -0.00519344
 -0.0088535  0.00748823   0.0882511 -0.00413994
   0.329105 -0.00519344 -0.00413994    0.410942
IMAGINARY
           0 -0.000227083   0.00152073   0.00607219
 0.000227083            0   0.00908479  -0.00306478
 -0.00152073  -0.00908479            0 -4.53968e-05
 -0.00607219   0.00306478  4.53968e-05            0
EndNode2[0]<--->HoM1[0]
REAL
   0.418005 -0.00467766  0.00727032    0.329567
-0.00467766   0.0896626  0.00332284  0.00063236
 0.00727032  0.00332284   0.0784774  0.00139228
   0.329567  0.00063236  0.00139228    0.413855
IMAGINARY
           0   -0.0104335  -0.00340787   0.00154015
   0.0104335            0   0.00425066 -0.000197029
  0.00340787  -0.00425066            0  -0.00110214
 -0.00154015  0.000197029   0.00110214            0
Repeater1[0]<--->EndNode1[0]
REAL
   0.416502  -0.0088535  0.00093937    0.329105
 -0.0088535   0.0882511  0.00748823 -0.00413994
 0.00093937  0.00748823   0.0843049 -0.00519344
   0.329105 -0.00413994 -0.00519344    0.410942
IMAGINARY
           0   0.00152073 -0.000227083   0.00607219
 -0.00152073            0  -0.00908479 -4.53968e-05
 0.000227083   0.00908479            0  -0.00306478
 -0.00607219  4.53968e-05   0.00306478            0
Repeater1[0]<--->HoM1[0]
REAL
   0.418005  0.00727032 -0.00467766    0.329567
 0.00727032   0.0784774  0.00332284  0.00139228
-0.00467766  0.00332284   0.0896626  0.00063236
   0.329567  0.00139228  0.00063236    0.413855
IMAGINARY
           0  -0.00340787   -0.0104335   0.00154015
  0.00340787            0  -0.00425066  -0.00110214
   0.0104335   0.00425066            0 -0.000197029
 -0.00154015   0.00110214  0.000197029            0
EndNode1[0]<--->Repeater1[0]
REAL
    0.41136  0.00703056  0.00423327    0.329829
 0.00703056   0.0888205 -0.00406617   0.0104935
 0.00423327 -0.00406617   0.0870116   0.0094705
   0.329829   0.0104935   0.0094705    0.412808
IMAGINARY
          0  -0.0118736  0.00893585  0.00112845
  0.0118736           0  0.00947225  0.00126823
-0.00893585 -0.00947225           0 -0.00471911
-0.00112845 -0.00126823  0.00471911           0
EndNode2[0]<--->HoM1[0]
REAL
    0.405844 -0.000845736  -0.00542228     0.321686
-0.000845736    0.0928932  -0.00165431    0.0017946
 -0.00542228  -0.00165431    0.0887446   0.00447341
    0.321686    0.0017946   0.00447341     0.412518
IMAGINARY
          0  -0.0011665   0.0016293 -0.00554137
  0.0011665           0 -0.00338388 -0.00180775
 -0.0016293  0.00338388           0  0.00384316
 0.00554137  0.00180775 -0.00384316           0
Repeater1[0]<--->EndNode1[0]
REAL
    0.41136  0.00423327  0.00703056    0.329829
 0.00423327   0.0870116 -0.00406617   0.0094705
 0.00703056 -0.00406617   0.0888205   0.0104935
   0.329829   0.0094705   0.0104935    0.412808
IMAGINARY
          0  0.00893585  -0.0118736  0.00112845
-0.00893585           0 -0.00947225 -0.00471911
  0.0118736  0.00947225           0  0.00126823
-0.00112845  0.00471911 -0.00126823           0
Repeater1[0]<--->HoM1[0]
REAL
    0.405844  -0.00542228 -0.000845736     0.321686
 -0.00542228    0.0887446  -0.00165431   0.00447341
-0.000845736  -0.00165431    0.0928932    0.0017946
    0.321686   0.00447341    0.0017946     0.412518
IMAGINARY
          0   0.0016293  -0.0011665 -0.00554137
 -0.0016293           0  0.00338388  0.00384316
  0.0011665 -0.00338388           0 -0.00180775
 0.00554137 -0.00384316  0.00180775           0
EndNode1[0]<--->Repeater1[0]
REAL
    0.408985   0.00392698 -0.000333845     0.323904
  0.00392698    0.0853549   0.00132877    0.0098049
-0.000333845   0.00132877    0.0930818 -0.000174302
    0.323904    0.0098049 -0.000174302     0.412579
IMAGINARY
           0   0.00439013 -0.000976104   0.00294378
 -0.00439013            0  -0.00732334  -0.00358261
 0.000976104   0.00732334            0  0.000715634
 -0.00294378   0.00358261 -0.000715634            0
EndNode2[0]<--->HoM1[0]
REAL
   0.408329  0.00413361  0.00225111    0.323017
 0.00413361   0.0898182 -0.00125627 -0.00762745
 0.00225111 -0.00125627    0.090877 -0.00550047
   0.323017 -0.00762745 -0.00550047    0.410976
IMAGINARY
           0  -0.00330807   -0.0011518   0.00612717
  0.00330807            0   0.00413153    0.0109947
   0.0011518  -0.00413153            0  0.000508722
 -0.00612717   -0.0109947 -0.000508722            0
Repeater1[0]<--->EndNode1[0]
REAL
    0.408985 -0.000333845   0.00392698     0.323904
-0.000333845    0.0930818   0.00132877 -0.000174302
  0.00392698   0.00132877    0.0853549    0.0098049
    0.323904 -0.000174302    0.0098049     0.412579
IMAGINARY
           0 -0.000976104   0.00439013   0.00294378
 0.000976104            0   0.00732334  0.000715634
 -0.00439013  -0.00732334            0  -0.00358261
 -0.00294378 -0.000715634   0.00358261            0
Repeater1[0]<--->HoM1[0]
REAL
   0.408329  0.00225111  0.00413361    0.323017
 0.00225111    0.090877 -0.00125627 -0.00550047
 0.00413361 -0.00125627   0.0898182 -0.00762745
   0.323017 -0.00550047 -0.00762745    0.410976
IMAGINARY
           0   -0.0011518  -0.00330807   0.00612717
   0.0011518            0  -0.00413153  0.000508722
  0.00330807   0.00413153            0    0.0109947
 -0.00612717 -0.000508722   -0.0109947            0
EndNode1[0]<--->Repeater1[0]
REAL
    0.420777   0.00390687   0.00476895     0.328237
  0.00390687    0.0852755 -0.000427585    0.0063982
  0.00476895 -0.000427585    0.0811201   0.00149659
    0.328237    0.0063982   0.00149659     0.412827
IMAGINARY
          0  0.00518555 -0.00288784 -0.00542154
-0.00518555           0 -0.00903035    0.001069
 0.00288784  0.00903035           0  0.00645505
 0.00542154   -0.001069 -0.00645505           0
EndNode2[0]<--->HoM1[0]
REAL
    0.417992   0.00513218  -0.00454478     0.327055
  0.00513218    0.0824648   0.00615906   0.00939218
 -0.00454478   0.00615906    0.0850247 -0.000823379
    0.327055   0.00939218 -0.000823379     0.414518
IMAGINARY
           0   0.00883127  -0.00161523   0.00389405
 -0.00883127            0  -0.00579726 -0.000632564
  0.00161523   0.00579726            0   0.00168842
 -0.00389405  0.000632564  -0.00168842            0
Repeater1[0]<--->EndNode1[0]
REAL
    0.420777   0.00476895   0.00390687     0.328237
  0.00476895    0.0811201 -0.000427585   0.00149659
  0.00390687 -0.000427585    0.0852755    0.0063982
    0.328237   0.00149659    0.0063982     0.412827
IMAGINARY
          0 -0.00288784  0.00518555 -0.00542154
 0.00288784           0  0.00903035  0.00645505
-0.00518555 -0.00903035           0    0.001069
 0.00542154 -0.00645505   -0.001069           0
Repeater1[0]<--->HoM1[0]
REAL
    0.417992  -0.00454478   0.00513218     0.327055
 -0.00454478    0.0850247   0.00615906 -0.000823379
  0.00513218   0.00615906    0.0824648   0.00939218
    0.327055 -0.000823379   0.00939218     0.414518
IMAGINARY
           0  -0.00161523   0.00883127   0.00389405
  0.00161523            0   0.00579726   0.00168842
 -0.00883127  -0.00579726            0 -0.000632564
 -0.00389405  -0.00168842  0.000632564            0
EndNode1[0]<--->Repeater1[0]
REAL
    0.415868   0.00472467   0.00299789     0.325408
  0.00472467    0.0882144  -0.00313318 -1.47062e-05
  0.00299789  -0.00313318    0.0885694    0.0100105
    0.325408 -1.47062e-05    0.0100105     0.407348
IMAGINARY
           0   0.00143938 -0.000292152  -0.00696011
 -0.00143938            0   -0.0162915   -0.0078343
 0.000292152    0.0162915            0   0.00454383
  0.00696011    0.0078343  -0.00454383            0
EndNode2[0]<--->HoM1[0]
REAL
   0.410634  0.00680803  0.00946056     0.32783
 0.00680803    0.081552 -0.00230448 -0.00147277
 0.00946056 -0.00230448   0.0901742 -0.00241026
    0.32783 -0.00147277 -0.00241026     0.41764
IMAGINARY
          0 -0.00377095 -0.00105642 -0.00116279
 0.00377095           0 -0.00481763  0.00322955
 0.00105642  0.00481763           0  0.00159782
 0.00116279 -0.00322955 -0.00159782           0
Repeater1[0]<--->EndNode1[0]
REAL
    0.415868   0.00299789   0.00472467     0.325408
  0.00299789    0.0885694  -0.00313318    0.0100105
  0.00472467  -0.00313318    0.0882144 -1.47062e-05
    0.325408    0.0100105 -1.47062e-05     0.407348
IMAGINARY
           0 -0.000292152   0.00143938  -0.00696011
 0.000292152            0    0.0162915   0.00454383
 -0.00143938   -0.0162915            0   -0.0078343
  0.00696011  -0.00454383    0.0078343            0
Repeater1[0]<--->HoM1[0]
REAL
   0.410634  0.00946056  0.00680803     0.32783
 0.00946056   0.0901742 -0.00230448 -0.00241026
 0.00680803 -0.00230448    0.081552 -0.00147277
    0.32783 -0.00241026 -0.00147277     0.41764
IMAGINARY
          0 -0.00105642 -0.00377095 -0.00116279
 0.00105642           0  0.00481763  0.00159782
 0.00377095 -0.00481763           0  0.00322955
 0.00116279 -0.00159782 -0.00322955           0
EndNode1[0]<--->Repeater1[0]
REAL
   0.410818 -0.00972574 -0.00261317    0.329822
-0.00972574   0.0833936  -0.0024089  0.00243376
-0.00261317  -0.0024089   0.0882779  0.00201135
   0.329822  0.00243376  0.00201135    0.417511
IMAGINARY
           0  -0.00254671   0.00422208   0.00170757
  0.00254671            0  0.000555697    0.0106622
 -0.00422208 -0.000555697            0  -0.00553855
 -0.00170757   -0.0106622   0.00553855            0
EndNode2[0]<--->HoM1[0]
REAL
   0.412201 -0.00178667  0.00140942    0.321213
-0.00178667   0.0864083  0.00400886  -0.0038961
 0.00140942  0.00400886   0.0845541  0.00214191
   0.321213  -0.0038961  0.00214191    0.416837
IMAGINARY
          0 -0.00273102  0.00107745  0.00429821
 0.00273102           0  0.00564981  0.00411968
-0.00107745 -0.00564981           0 -0.00210769
-0.00429821 -0.00411968  0.00210769           0
Repeater1[0]<--->EndNode1[0]
REAL
   0.410818 -0.00261317 -0.00972574    0.329822
-0.00261317   0.0882779  -0.0024089  0.00201135
-0.00972574  -0.0024089   0.0833936  0.00243376
   0.329822  0.00201135  0.00243376    0.417511
IMAGINARY
           0   0.00422208  -0.00254671   0.00170757
 -0.00422208            0 -0.000555697  -0.00553855
  0.00254671  0.000555697            0    0.0106622
 -0.00170757   0.00553855   -0.0106622            0
Repeater1[0]<--->HoM1[0]
REAL
   0.412201  0.00140942 -0.00178667    0.321213
 0.00140942   0.0845541  0.00400886  0.00214191
-0.00178667  0.00400886   0.0864083  -0.0038961
   0.321213  0.00214191  -0.0038961    0.416837
IMAGINARY
          0  0.00107745 -0.00273102  0.00429821
-0.00107745           0 -0.00564981 -0.00210769
 0.00273102  0.00564981           0  0.00411968
-0.00429821  0.00210769 -0.00411968           0
