EndNode1[0]<--->Repeater1[0]
REAL
   0.414201  -0.0275272   0.0147759    0.344509
 -0.0275272     0.10355  0.00507278  -0.0161687
  0.0147759  0.00507278   0.0710059 -0.00172073
   0.344509  -0.0161687 -0.00172073    0.411243
IMAGINARY
          0 -0.00352113 -0.00791036   0.0250887
 0.00352113           0  -0.0446082  -0.0047657
 0.00791036   0.0446082           0 -0.00352113
 -0.0250887   0.0047657  0.00352113           0
EndNode2[0]<--->HoM1[0]
REAL
  0.429967 0.00995323  0.0139989   0.339438
0.00995323  0.0781759 -0.0227176   0.026194
 0.0139989 -0.0227176  0.0977199  0.0463169
  0.339438   0.026194  0.0463169   0.394137
IMAGINARY
          0  -0.0131579 -0.00403746  -0.0255992
  0.0131579           0 -0.00965719  0.00779686
 0.00403746  0.00965719           0  -0.0131579
  0.0255992 -0.00779686   0.0131579           0
Repeater1[0]<--->EndNode1[0]
REAL
   0.414201   0.0147759  -0.0275272    0.344509
  0.0147759   0.0710059  0.00507278 -0.00172073
 -0.0275272  0.00507278     0.10355  -0.0161687
   0.344509 -0.00172073  -0.0161687    0.411243
IMAGINARY
          0 -0.00791036 -0.00352113   0.0250887
 0.00791036           0   0.0446082 -0.00352113
 0.00352113  -0.0446082           0  -0.0047657
 -0.0250887  0.00352113   0.0047657           0
Repeater1[0]<--->HoM1[0]
REAL
  0.429967  0.0139989 0.00995323   0.339438
 0.0139989  0.0977199 -0.0227176  0.0463169
0.00995323 -0.0227176  0.0781759   0.026194
  0.339438  0.0463169   0.026194   0.394137
IMAGINARY
          0 -0.00403746  -0.0131579  -0.0255992
 0.00403746           0  0.00965719  -0.0131579
  0.0131579 -0.00965719           0  0.00779686
  0.0255992   0.0131579 -0.00779686           0
EndNode1[0]<--->Repeater1[0]
REAL
  0.391304 -0.0225431 -0.0424624   0.288992
-0.0225431    0.10628  0.0267972 -0.0167481
-0.0424624  0.0267972  0.0628019 -0.0366674
  0.288992 -0.0167481 -0.0366674   0.439614
IMAGINARY
         0 -0.0392837 -0.0369204  0.0441917
 0.0392837          0  0.0280627  0.0125302
 0.0369204 -0.0280627          0 -0.0277895
-0.0441917 -0.0125302  0.0277895          0
EndNode2[0]<--->HoM1[0]
REAL
   0.382166  -0.0132621   0.0122595    0.300147
 -0.0132621    0.105096 -0.00313188   -0.013752
  0.0122595 -0.00313188   0.0955414  0.00579945
   0.300147   -0.013752  0.00579945    0.417197
IMAGINARY
           0 -0.000431157   -0.0148643   -0.0320375
 0.000431157            0  0.000315443  -0.00316844
   0.0148643 -0.000315443            0   0.00534919
   0.0320375   0.00316844  -0.00534919            0
Repeater1[0]<--->EndNode1[0]
REAL
  0.391304 -0.0424624 -0.0225431   0.288992
-0.0424624  0.0628019  0.0267972 -0.0366674
-0.0225431  0.0267972    0.10628 -0.0167481
  0.288992 -0.0366674 -0.0167481   0.439614
IMAGINARY
         0 -0.0369204 -0.0392837  0.0441917
 0.0369204          0 -0.0280627 -0.0277895
 0.0392837  0.0280627          0  0.0125302
-0.0441917  0.0277895 -0.0125302          0
Repeater1[0]<--->HoM1[0]
REAL
   0.382166   0.0122595  -0.0132621    0.300147
  0.0122595   0.0955414 -0.00313188  0.00579945
 -0.0132621 -0.00313188    0.105096   -0.013752
   0.300147  0.00579945   -0.013752    0.417197
IMAGINARY
           0   -0.0148643 -0.000431157   -0.0320375
   0.0148643            0 -0.000315443   0.00534919
 0.000431157  0.000315443            0  -0.00316844
   0.0320375  -0.00534919   0.00316844            0
EndNode1[0]<--->Repeater1[0]
REAL
   0.485714   0.0395492  0.00880797    0.306063
  0.0395492   0.0952381  -0.0126501 -0.00281994
 0.00880797  -0.0126501   0.0793651    0.023325
   0.306063 -0.00281994    0.023325    0.339683
IMAGINARY
          0  0.00340861  0.00468416   0.0143098
-0.00340861           0  0.00996201   -0.022228
-0.00468416 -0.00996201           0   0.0199832
 -0.0143098    0.022228  -0.0199832           0
EndNode2[0]<--->HoM1[0]
REAL
   0.407407  0.00684392   0.0364495    0.326336
 0.00684392   0.0895062    0.011087 -0.00270715
  0.0364495    0.011087    0.095679 -0.00070895
   0.326336 -0.00270715 -0.00070895    0.407407
IMAGINARY
          0 -0.00763205    0.030208  -0.0116503
 0.00763205           0   0.0228324   -0.019944
  -0.030208  -0.0228324           0   0.0120309
  0.0116503    0.019944  -0.0120309           0
Repeater1[0]<--->EndNode1[0]
REAL
   0.485714  0.00880797   0.0395492    0.306063
 0.00880797   0.0793651  -0.0126501    0.023325
  0.0395492  -0.0126501   0.0952381 -0.00281994
   0.306063    0.023325 -0.00281994    0.339683
IMAGINARY
          0  0.00468416  0.00340861   0.0143098
-0.00468416           0 -0.00996201   0.0199832
-0.00340861  0.00996201           0   -0.022228
 -0.0143098  -0.0199832    0.022228           0
Repeater1[0]<--->HoM1[0]
REAL
   0.407407   0.0364495  0.00684392    0.326336
  0.0364495    0.095679    0.011087 -0.00070895
 0.00684392    0.011087   0.0895062 -0.00270715
   0.326336 -0.00070895 -0.00270715    0.407407
IMAGINARY
          0    0.030208 -0.00763205  -0.0116503
  -0.030208           0  -0.0228324   0.0120309
 0.00763205   0.0228324           0   -0.019944
  0.0116503  -0.0120309    0.019944           0
EndNode1[0]<--->Repeater1[0]
REAL
    0.421384 -0.000391614    0.0214137     0.296484
-0.000391614    0.0880503   -0.0017621  0.000580401
   0.0214137   -0.0017621     0.100629    0.0399811
    0.296484  0.000580401    0.0399811     0.389937
IMAGINARY
          0   0.0188291   -0.019321 -0.00828205
 -0.0188291           0  -0.0349278   0.0076251
   0.019321   0.0349278           0   0.0133346
 0.00828205  -0.0076251  -0.0133346           0
EndNode2[0]<--->HoM1[0]
REAL
   0.405882   0.0150832  0.00394851    0.309317
  0.0150832         0.1 -0.00114071   0.0023408
 0.00394851 -0.00114071    0.111765    0.019508
   0.309317   0.0023408    0.019508    0.382353
IMAGINARY
           0   0.00246925  0.000713012   -0.0558041
 -0.00246925            0   -0.0017875    0.0188948
-0.000713012    0.0017875            0    0.0040667
   0.0558041   -0.0188948   -0.0040667            0
Repeater1[0]<--->EndNode1[0]
REAL
    0.421384    0.0214137 -0.000391614     0.296484
   0.0214137     0.100629   -0.0017621    0.0399811
-0.000391614   -0.0017621    0.0880503  0.000580401
    0.296484    0.0399811  0.000580401     0.389937
IMAGINARY
          0   -0.019321   0.0188291 -0.00828205
   0.019321           0   0.0349278   0.0133346
 -0.0188291  -0.0349278           0   0.0076251
 0.00828205  -0.0133346  -0.0076251           0
Repeater1[0]<--->HoM1[0]
REAL
   0.405882  0.00394851   0.0150832    0.309317
 0.00394851    0.111765 -0.00114071    0.019508
  0.0150832 -0.00114071         0.1   0.0023408
   0.309317    0.019508   0.0023408    0.382353
IMAGINARY
           0  0.000713012   0.00246925   -0.0558041
-0.000713012            0    0.0017875    0.0040667
 -0.00246925   -0.0017875            0    0.0188948
   0.0558041   -0.0040667   -0.0188948            0
