EndNode1[0]<--->Repeater1[0]
REAL
   0.413333  -0.0388324  -0.0305556    0.347735
 -0.0388324   0.0952381  0.00525679 -0.00277778
 -0.0305556  0.00525679   0.0933333   -0.011595
   0.347735 -0.00277778   -0.011595    0.398095
IMAGINARY
          0   0.0154566  -0.0058225  0.00942946
 -0.0154566           0  0.00480839  0.00139772
  0.0058225 -0.00480839           0 -0.00572206
-0.00942946 -0.00139772  0.00572206           0
EndNode2[0]<--->HoM1[0]
REAL
  0.411992  0.0083541 0.00889507    0.33339
 0.0083541  0.0754352 -0.0143605  0.0116273
0.00889507 -0.0143605  0.0928433   0.025228
   0.33339  0.0116273   0.025228   0.419729
IMAGINARY
          0  -0.0156316 -0.00282789  -0.0157233
  0.0156316           0  -0.0166242   0.0149386
 0.00282789   0.0166242           0 -0.00685971
  0.0157233  -0.0149386  0.00685971           0
Repeater1[0]<--->EndNode1[0]
REAL
   0.413333  -0.0305556  -0.0388324    0.347735
 -0.0305556   0.0933333  0.00525679   -0.011595
 -0.0388324  0.00525679   0.0952381 -0.00277778
   0.347735   -0.011595 -0.00277778    0.398095
IMAGINARY
          0  -0.0058225   0.0154566  0.00942946
  0.0058225           0 -0.00480839 -0.00572206
 -0.0154566  0.00480839           0  0.00139772
-0.00942946  0.00572206 -0.00139772           0
Repeater1[0]<--->HoM1[0]
REAL
  0.411992 0.00889507  0.0083541    0.33339
0.00889507  0.0928433 -0.0143605   0.025228
 0.0083541 -0.0143605  0.0754352  0.0116273
   0.33339   0.025228  0.0116273   0.419729
IMAGINARY
          0 -0.00282789  -0.0156316  -0.0157233
 0.00282789           0   0.0166242 -0.00685971
  0.0156316  -0.0166242           0   0.0149386
  0.0157233  0.00685971  -0.0149386           0
