EndNode1[0]<--->Repeater1[0]
REAL
  0.453757  0.0162227 -0.0147475   0.326715
 0.0162227  0.0606936 0.00935015 -0.0207716
-0.0147475 0.00935015  0.0722543 -0.0462773
  0.326715 -0.0207716 -0.0462773   0.413295
IMAGINARY
          0 -0.00373279    0.020388   0.0184573
 0.00373279           0   -0.021602   0.0095521
  -0.020388    0.021602           0  -0.0232133
 -0.0184573  -0.0095521   0.0232133           0
EndNode2[0]<--->HoM1[0]
REAL
   0.436709  -0.0120497    -0.04002    0.315812
 -0.0120497    0.085443   0.0071697  0.00275289
   -0.04002   0.0071697    0.085443 -0.00347826
   0.315812  0.00275289 -0.00347826    0.392405
IMAGINARY
          0  -0.0135031  -0.0166519  -0.0181644
  0.0135031           0 -0.00405782   0.0043062
  0.0166519  0.00405782           0  0.00733025
  0.0181644  -0.0043062 -0.00733025           0
Repeater1[0]<--->EndNode1[0]
REAL
  0.453757 -0.0147475  0.0162227   0.326715
-0.0147475  0.0722543 0.00935015 -0.0462773
 0.0162227 0.00935015  0.0606936 -0.0207716
  0.326715 -0.0462773 -0.0207716   0.413295
IMAGINARY
          0    0.020388 -0.00373279   0.0184573
  -0.020388           0    0.021602  -0.0232133
 0.00373279   -0.021602           0   0.0095521
 -0.0184573   0.0232133  -0.0095521           0
Repeater1[0]<--->HoM1[0]
REAL
   0.436709    -0.04002  -0.0120497    0.315812
   -0.04002    0.085443   0.0071697 -0.00347826
 -0.0120497   0.0071697    0.085443  0.00275289
   0.315812 -0.00347826  0.00275289    0.392405
IMAGINARY
          0  -0.0166519  -0.0135031  -0.0181644
  0.0166519           0  0.00405782  0.00733025
  0.0135031 -0.00405782           0   0.0043062
  0.0181644 -0.00733025  -0.0043062           0
EndNode1[0]<--->Repeater1[0]
REAL
  0.414716 -0.0099862  0.0105027   0.334322
-0.0099862    0.09699   0.009609  -0.016283
 0.0105027   0.009609  0.0668896  0.0273272
  0.334322  -0.016283  0.0273272   0.421405
IMAGINARY
          0  -0.0252082 -0.00568966  -0.0361395
  0.0252082           0 -0.00479619   0.0143103
 0.00568966  0.00479619           0    0.013714
  0.0361395  -0.0143103   -0.013714           0
EndNode2[0]<--->HoM1[0]
REAL
   0.414013   0.0257147 -0.00222045    0.344431
  0.0257147   0.0700637  0.00572161   0.0282143
-0.00222045  0.00572161    0.089172   0.0155697
   0.344431   0.0282143   0.0155697    0.426752
IMAGINARY
           0   -0.0168279   0.00418666    0.0333468
   0.0168279            0  0.000395521   0.00900982
 -0.00418666 -0.000395521            0   0.00656394
  -0.0333468  -0.00900982  -0.00656394            0
Repeater1[0]<--->EndNode1[0]
REAL
  0.414716  0.0105027 -0.0099862   0.334322
 0.0105027  0.0668896   0.009609  0.0273272
-0.0099862   0.009609    0.09699  -0.016283
  0.334322  0.0273272  -0.016283   0.421405
IMAGINARY
          0 -0.00568966  -0.0252082  -0.0361395
 0.00568966           0  0.00479619    0.013714
  0.0252082 -0.00479619           0   0.0143103
  0.0361395   -0.013714  -0.0143103           0
Repeater1[0]<--->HoM1[0]
REAL
   0.414013 -0.00222045   0.0257147    0.344431
-0.00222045    0.089172  0.00572161   0.0155697
  0.0257147  0.00572161   0.0700637   0.0282143
   0.344431   0.0155697   0.0282143    0.426752
IMAGINARY
           0   0.00418666   -0.0168279    0.0333468
 -0.00418666            0 -0.000395521   0.00656394
   0.0168279  0.000395521            0   0.00900982
  -0.0333468  -0.00656394  -0.00900982            0
EndNode1[0]<--->Repeater1[0]
REAL
   0.404692  0.00776477 -0.00189378    0.342596
 0.00776477   0.0938416 -0.00663431  -0.0249201
-0.00189378 -0.00663431   0.0821114  -0.0156512
   0.342596  -0.0249201  -0.0156512    0.419355
IMAGINARY
          0  -0.0146265  0.00624329  -0.0300504
  0.0146265           0   0.0330266  -0.0170125
-0.00624329  -0.0330266           0   0.0100111
  0.0300504   0.0170125  -0.0100111           0
EndNode2[0]<--->HoM1[0]
REAL
   0.428571  -0.0231823   0.0212664    0.319744
 -0.0231823   0.0787172  -0.0185395 -0.00620614
  0.0212664  -0.0185395   0.0816327   0.0201703
   0.319744 -0.00620614   0.0201703    0.411079
IMAGINARY
          0   0.0124409  0.00702456  -0.0143599
 -0.0124409           0 -0.00647345   0.0177279
-0.00702456  0.00647345           0  -0.0206917
  0.0143599  -0.0177279   0.0206917           0
Repeater1[0]<--->EndNode1[0]
REAL
   0.404692 -0.00189378  0.00776477    0.342596
-0.00189378   0.0821114 -0.00663431  -0.0156512
 0.00776477 -0.00663431   0.0938416  -0.0249201
   0.342596  -0.0156512  -0.0249201    0.419355
IMAGINARY
          0  0.00624329  -0.0146265  -0.0300504
-0.00624329           0  -0.0330266   0.0100111
  0.0146265   0.0330266           0  -0.0170125
  0.0300504  -0.0100111   0.0170125           0
Repeater1[0]<--->HoM1[0]
REAL
   0.428571   0.0212664  -0.0231823    0.319744
  0.0212664   0.0816327  -0.0185395   0.0201703
 -0.0231823  -0.0185395   0.0787172 -0.00620614
   0.319744   0.0201703 -0.00620614    0.411079
IMAGINARY
          0  0.00702456   0.0124409  -0.0143599
-0.00702456           0  0.00647345  -0.0206917
 -0.0124409 -0.00647345           0   0.0177279
  0.0143599   0.0206917  -0.0177279           0
EndNode1[0]<--->Repeater1[0]
REAL
   0.411215   0.0169475 -0.00529877    0.306629
  0.0169475   0.0529595 -0.00549242    0.062117
-0.00529877 -0.00549242    0.109034   0.0341889
   0.306629    0.062117   0.0341889    0.426791
IMAGINARY
          0  0.00381306 -0.00221597 -0.00727341
-0.00381306           0 -0.00124932 -0.00384464
 0.00221597  0.00124932           0   0.0204294
 0.00727341  0.00384464  -0.0204294           0
EndNode2[0]<--->HoM1[0]
REAL
    0.382609   0.00700051   -0.0206359     0.302224
  0.00700051     0.107246    0.0192049    0.0108956
  -0.0206359    0.0192049    0.0666667 -0.000507001
    0.302224    0.0108956 -0.000507001     0.443478
IMAGINARY
         0  0.0112125 -0.0207492   -0.01313
-0.0112125          0 -0.0219019 -0.0075527
 0.0207492  0.0219019          0  0.0139447
   0.01313  0.0075527 -0.0139447          0
Repeater1[0]<--->EndNode1[0]
REAL
   0.411215 -0.00529877   0.0169475    0.306629
-0.00529877    0.109034 -0.00549242   0.0341889
  0.0169475 -0.00549242   0.0529595    0.062117
   0.306629   0.0341889    0.062117    0.426791
IMAGINARY
          0 -0.00221597  0.00381306 -0.00727341
 0.00221597           0  0.00124932   0.0204294
-0.00381306 -0.00124932           0 -0.00384464
 0.00727341  -0.0204294  0.00384464           0
Repeater1[0]<--->HoM1[0]
REAL
    0.382609   -0.0206359   0.00700051     0.302224
  -0.0206359    0.0666667    0.0192049 -0.000507001
  0.00700051    0.0192049     0.107246    0.0108956
    0.302224 -0.000507001    0.0108956     0.443478
IMAGINARY
         0 -0.0207492  0.0112125   -0.01313
 0.0207492          0  0.0219019  0.0139447
-0.0112125 -0.0219019          0 -0.0075527
   0.01313 -0.0139447  0.0075527          0
EndNode1[0]<--->Repeater1[0]
REAL
   0.428144    0.030828 -0.00953159     0.34745
   0.030828   0.0838323 -0.00485755 0.000272331
-0.00953159 -0.00485755   0.0928144 3.62043e-05
    0.34745 0.000272331 3.62043e-05     0.39521
IMAGINARY
          0  -0.0347773 -0.00773518  -0.0266058
  0.0347773           0  -0.0353777  0.00619671
 0.00773518   0.0353777           0   0.0178543
  0.0266058 -0.00619671  -0.0178543           0
EndNode2[0]<--->HoM1[0]
REAL
   0.373913 -0.00923077   0.0345776    0.319355
-0.00923077   0.0927536  -0.0101245  -0.0391929
  0.0345776  -0.0101245   0.0753623   0.0169231
   0.319355  -0.0391929   0.0169231    0.457971
IMAGINARY
          0  -0.0141564   0.0152994   0.0230057
  0.0141564           0   0.0246134   0.0107122
 -0.0152994  -0.0246134           0 -0.00318463
 -0.0230057  -0.0107122  0.00318463           0
Repeater1[0]<--->EndNode1[0]
REAL
   0.428144 -0.00953159    0.030828     0.34745
-0.00953159   0.0928144 -0.00485755 3.62043e-05
   0.030828 -0.00485755   0.0838323 0.000272331
    0.34745 3.62043e-05 0.000272331     0.39521
IMAGINARY
          0 -0.00773518  -0.0347773  -0.0266058
 0.00773518           0   0.0353777   0.0178543
  0.0347773  -0.0353777           0  0.00619671
  0.0266058  -0.0178543 -0.00619671           0
Repeater1[0]<--->HoM1[0]
REAL
   0.373913   0.0345776 -0.00923077    0.319355
  0.0345776   0.0753623  -0.0101245   0.0169231
-0.00923077  -0.0101245   0.0927536  -0.0391929
   0.319355   0.0169231  -0.0391929    0.457971
IMAGINARY
          0   0.0152994  -0.0141564   0.0230057
 -0.0152994           0  -0.0246134 -0.00318463
  0.0141564   0.0246134           0   0.0107122
 -0.0230057  0.00318463  -0.0107122           0
EndNode1[0]<--->Repeater1[0]
REAL
  0.448276  0.0191606 0.00419458   0.312327
 0.0191606  0.0977011 0.00506437  0.0117474
0.00419458 0.00506437  0.0775862  0.0112742
  0.312327  0.0117474  0.0112742   0.376437
IMAGINARY
          0    0.029688  -0.0152305   0.0216372
  -0.029688           0   0.0232346  0.00405732
  0.0152305  -0.0232346           0   -0.010135
 -0.0216372 -0.00405732    0.010135           0
EndNode2[0]<--->HoM1[0]
REAL
  0.373802  -0.027451 0.00817501    0.32129
 -0.027451  0.0830671 -0.0095255 -0.0228809
0.00817501 -0.0095255  0.0543131 -0.0107843
   0.32129 -0.0228809 -0.0107843   0.488818
IMAGINARY
           0    -0.008997  -0.00831731 -0.000737974
    0.008997            0    -0.043012  -0.00225671
  0.00831731     0.043012            0  -0.00459817
 0.000737974   0.00225671   0.00459817            0
Repeater1[0]<--->EndNode1[0]
REAL
  0.448276 0.00419458  0.0191606   0.312327
0.00419458  0.0775862 0.00506437  0.0112742
 0.0191606 0.00506437  0.0977011  0.0117474
  0.312327  0.0112742  0.0117474   0.376437
IMAGINARY
          0  -0.0152305    0.029688   0.0216372
  0.0152305           0  -0.0232346   -0.010135
  -0.029688   0.0232346           0  0.00405732
 -0.0216372    0.010135 -0.00405732           0
Repeater1[0]<--->HoM1[0]
REAL
  0.373802 0.00817501  -0.027451    0.32129
0.00817501  0.0543131 -0.0095255 -0.0107843
 -0.027451 -0.0095255  0.0830671 -0.0228809
   0.32129 -0.0107843 -0.0228809   0.488818
IMAGINARY
           0  -0.00831731    -0.008997 -0.000737974
  0.00831731            0     0.043012  -0.00459817
    0.008997    -0.043012            0  -0.00225671
 0.000737974   0.00459817   0.00225671            0
EndNode1[0]<--->Repeater1[0]
REAL
   0.389408   0.0416158 -0.00486871    0.330257
  0.0416158   0.0872274  -0.0168016  -0.0119509
-0.00486871  -0.0168016   0.0809969  -0.0125638
   0.330257  -0.0119509  -0.0125638    0.442368
IMAGINARY
          0   0.0191176 -0.00550768  -0.0205372
 -0.0191176           0  0.00158673   0.0231547
 0.00550768 -0.00158673           0      -0.025
  0.0205372  -0.0231547       0.025           0
EndNode2[0]<--->HoM1[0]
REAL
   0.377358   0.0284721   0.0602009    0.324174
  0.0284721   0.0849057   0.0102207 -0.00287604
  0.0602009   0.0102207   0.0754717   0.0415916
   0.324174 -0.00287604   0.0415916    0.462264
IMAGINARY
          0   0.0322394  -0.0367886   0.0203796
 -0.0322394           0   0.0100551 -0.00972305
  0.0367886  -0.0100551           0  0.00264435
 -0.0203796  0.00972305 -0.00264435           0
Repeater1[0]<--->EndNode1[0]
REAL
   0.389408 -0.00486871   0.0416158    0.330257
-0.00486871   0.0809969  -0.0168016  -0.0125638
  0.0416158  -0.0168016   0.0872274  -0.0119509
   0.330257  -0.0125638  -0.0119509    0.442368
IMAGINARY
          0 -0.00550768   0.0191176  -0.0205372
 0.00550768           0 -0.00158673      -0.025
 -0.0191176  0.00158673           0   0.0231547
  0.0205372       0.025  -0.0231547           0
Repeater1[0]<--->HoM1[0]
REAL
   0.377358   0.0602009   0.0284721    0.324174
  0.0602009   0.0754717   0.0102207   0.0415916
  0.0284721   0.0102207   0.0849057 -0.00287604
   0.324174   0.0415916 -0.00287604    0.462264
IMAGINARY
          0  -0.0367886   0.0322394   0.0203796
  0.0367886           0  -0.0100551  0.00264435
 -0.0322394   0.0100551           0 -0.00972305
 -0.0203796 -0.00264435  0.00972305           0
EndNode1[0]<--->Repeater1[0]
REAL
   0.392857   0.0124162  -0.0234597      0.3386
  0.0124162   0.0892857  0.00685426 -0.00684336
 -0.0234597  0.00685426   0.0952381  -0.0215071
     0.3386 -0.00684336  -0.0215071    0.422619
IMAGINARY
          0  0.00327573  0.00582721 -0.00575993
-0.00327573           0  0.00128232 -0.00423991
-0.00582721 -0.00128232           0  0.00466077
 0.00575993  0.00423991 -0.00466077           0
EndNode2[0]<--->HoM1[0]
REAL
   0.361765   0.0153149  -0.0176204    0.320521
  0.0153149   0.0911765 -0.00205955   0.0376204
 -0.0176204 -0.00205955   0.0823529  0.00776203
   0.320521   0.0376204  0.00776203    0.464706
IMAGINARY
         0  -0.022267  0.0354839  0.0202599
  0.022267          0 -0.0367434  0.0419355
-0.0354839  0.0367434          0 -0.0583781
-0.0202599 -0.0419355  0.0583781          0
Repeater1[0]<--->EndNode1[0]
REAL
   0.392857  -0.0234597   0.0124162      0.3386
 -0.0234597   0.0952381  0.00685426  -0.0215071
  0.0124162  0.00685426   0.0892857 -0.00684336
     0.3386  -0.0215071 -0.00684336    0.422619
IMAGINARY
          0  0.00582721  0.00327573 -0.00575993
-0.00582721           0 -0.00128232  0.00466077
-0.00327573  0.00128232           0 -0.00423991
 0.00575993 -0.00466077  0.00423991           0
Repeater1[0]<--->HoM1[0]
REAL
   0.361765  -0.0176204   0.0153149    0.320521
 -0.0176204   0.0823529 -0.00205955  0.00776203
  0.0153149 -0.00205955   0.0911765   0.0376204
   0.320521  0.00776203   0.0376204    0.464706
IMAGINARY
         0  0.0354839  -0.022267  0.0202599
-0.0354839          0  0.0367434 -0.0583781
  0.022267 -0.0367434          0  0.0419355
-0.0202599  0.0583781 -0.0419355          0
EndNode1[0]<--->Repeater1[0]
REAL
    0.440397   0.00602241    0.0036465     0.327703
  0.00602241    0.0927152 -0.000322263     0.020163
   0.0036465 -0.000322263    0.0960265    0.0177871
    0.327703     0.020163    0.0177871     0.370861
IMAGINARY
          0   0.0300458  -0.0375259 -0.00925231
 -0.0300458           0   0.0270605  -0.0134295
  0.0375259  -0.0270605           0  0.00817078
 0.00925231   0.0134295 -0.00817078           0
EndNode2[0]<--->HoM1[0]
REAL
  0.402439 0.00156214 -0.0268693   0.311663
0.00156214   0.097561 0.00315209 0.00526437
-0.0268693 0.00315209  0.0945122 0.00769711
  0.311663 0.00526437 0.00769711   0.405488
IMAGINARY
          0  -0.0340078   0.0311138 -0.00174404
  0.0340078           0  -0.0169879   0.0220777
 -0.0311138   0.0169879           0  -0.0222232
 0.00174404  -0.0220777   0.0222232           0
Repeater1[0]<--->EndNode1[0]
REAL
    0.440397    0.0036465   0.00602241     0.327703
   0.0036465    0.0960265 -0.000322263    0.0177871
  0.00602241 -0.000322263    0.0927152     0.020163
    0.327703    0.0177871     0.020163     0.370861
IMAGINARY
          0  -0.0375259   0.0300458 -0.00925231
  0.0375259           0  -0.0270605  0.00817078
 -0.0300458   0.0270605           0  -0.0134295
 0.00925231 -0.00817078   0.0134295           0
Repeater1[0]<--->HoM1[0]
REAL
  0.402439 -0.0268693 0.00156214   0.311663
-0.0268693  0.0945122 0.00315209 0.00769711
0.00156214 0.00315209   0.097561 0.00526437
  0.311663 0.00769711 0.00526437   0.405488
IMAGINARY
          0   0.0311138  -0.0340078 -0.00174404
 -0.0311138           0   0.0169879  -0.0222232
  0.0340078  -0.0169879           0   0.0220777
 0.00174404   0.0222232  -0.0220777           0
EndNode1[0]<--->Repeater1[0]
REAL
   0.437318  0.00693814  0.00739037    0.297912
 0.00693814   0.0699708 -0.00772153  -0.0114776
 0.00739037 -0.00772153   0.0816327  -0.0300989
   0.297912  -0.0114776  -0.0300989    0.411079
IMAGINARY
          0   0.0175475   0.0410268  0.00265184
 -0.0175475           0  -0.0116339  -0.0396184
 -0.0410268   0.0116339           0  -0.0105053
-0.00265184   0.0396184   0.0105053           0
EndNode2[0]<--->HoM1[0]
REAL
  0.390093 -0.0113797 -0.0076464   0.334109
-0.0113797   0.108359 0.00274853 9.3534e-05
-0.0076464 0.00274853  0.0928793  0.0219537
  0.334109 9.3534e-05  0.0219537   0.408669
IMAGINARY
          0 -0.00949211   0.0123969 -0.00352726
 0.00949211           0  -0.0226355  0.00535461
 -0.0123969   0.0226355           0  0.00653353
 0.00352726 -0.00535461 -0.00653353           0
Repeater1[0]<--->EndNode1[0]
REAL
   0.437318  0.00739037  0.00693814    0.297912
 0.00739037   0.0816327 -0.00772153  -0.0300989
 0.00693814 -0.00772153   0.0699708  -0.0114776
   0.297912  -0.0300989  -0.0114776    0.411079
IMAGINARY
          0   0.0410268   0.0175475  0.00265184
 -0.0410268           0   0.0116339  -0.0105053
 -0.0175475  -0.0116339           0  -0.0396184
-0.00265184   0.0105053   0.0396184           0
Repeater1[0]<--->HoM1[0]
REAL
  0.390093 -0.0076464 -0.0113797   0.334109
-0.0076464  0.0928793 0.00274853  0.0219537
-0.0113797 0.00274853   0.108359 9.3534e-05
  0.334109  0.0219537 9.3534e-05   0.408669
IMAGINARY
          0   0.0123969 -0.00949211 -0.00352726
 -0.0123969           0   0.0226355  0.00653353
 0.00949211  -0.0226355           0  0.00535461
 0.00352726 -0.00653353 -0.00535461           0
EndNode1[0]<--->Repeater1[0]
REAL
   0.420886   0.0134403   0.0219554     0.33626
  0.0134403   0.0601266 -0.00339053  -0.0122061
  0.0219554 -0.00339053    0.085443   0.0353062
    0.33626  -0.0122061   0.0353062    0.433544
IMAGINARY
          0  -0.0118177   0.0272397   0.0129649
  0.0118177           0 -0.00655463   0.0441889
 -0.0272397  0.00655463           0  -0.0275409
 -0.0129649  -0.0441889   0.0275409           0
EndNode2[0]<--->HoM1[0]
REAL
  0.462006  0.0149207  0.0213995   0.337684
 0.0149207  0.0699088  0.0173453 -0.0125238
 0.0213995  0.0173453  0.0699088  0.0087479
  0.337684 -0.0125238  0.0087479   0.398176
IMAGINARY
          0  -0.0292335 -0.00845953   0.0124408
  0.0292335           0  -0.0197721  0.00337479
 0.00845953   0.0197721           0   0.0105895
 -0.0124408 -0.00337479  -0.0105895           0
Repeater1[0]<--->EndNode1[0]
REAL
   0.420886   0.0219554   0.0134403     0.33626
  0.0219554    0.085443 -0.00339053   0.0353062
  0.0134403 -0.00339053   0.0601266  -0.0122061
    0.33626   0.0353062  -0.0122061    0.433544
IMAGINARY
          0   0.0272397  -0.0118177   0.0129649
 -0.0272397           0  0.00655463  -0.0275409
  0.0118177 -0.00655463           0   0.0441889
 -0.0129649   0.0275409  -0.0441889           0
Repeater1[0]<--->HoM1[0]
REAL
  0.462006  0.0213995  0.0149207   0.337684
 0.0213995  0.0699088  0.0173453  0.0087479
 0.0149207  0.0173453  0.0699088 -0.0125238
  0.337684  0.0087479 -0.0125238   0.398176
IMAGINARY
          0 -0.00845953  -0.0292335   0.0124408
 0.00845953           0   0.0197721   0.0105895
  0.0292335  -0.0197721           0  0.00337479
 -0.0124408  -0.0105895 -0.00337479           0
EndNode1[0]<--->Repeater1[0]
REAL
   0.423077  0.00578035  -0.0284691    0.319922
 0.00578035    0.101648  -0.0129046  0.00507726
 -0.0284691  -0.0129046   0.0769231 -0.00578035
   0.319922  0.00507726 -0.00578035    0.398352
IMAGINARY
          0  -0.0150424   0.0126529  -0.0296818
  0.0150424           0 -0.00384592  0.00102495
 -0.0126529  0.00384592           0   0.0104831
  0.0296818 -0.00102495  -0.0104831           0
EndNode2[0]<--->HoM1[0]
REAL
   0.472561 -0.00219067  0.00718373     0.32611
-0.00219067   0.0884146  -0.0145154  -0.0144301
 0.00718373  -0.0145154   0.0762195  -0.0137514
    0.32611  -0.0144301  -0.0137514    0.362805
IMAGINARY
           0   -0.0044616   -0.0194649  -0.00887698
   0.0044616            0  0.000105053    0.0132149
   0.0194649 -0.000105053            0    0.0075866
  0.00887698   -0.0132149   -0.0075866            0
Repeater1[0]<--->EndNode1[0]
REAL
   0.423077  -0.0284691  0.00578035    0.319922
 -0.0284691   0.0769231  -0.0129046 -0.00578035
 0.00578035  -0.0129046    0.101648  0.00507726
   0.319922 -0.00578035  0.00507726    0.398352
IMAGINARY
          0   0.0126529  -0.0150424  -0.0296818
 -0.0126529           0  0.00384592   0.0104831
  0.0150424 -0.00384592           0  0.00102495
  0.0296818  -0.0104831 -0.00102495           0
Repeater1[0]<--->HoM1[0]
REAL
   0.472561  0.00718373 -0.00219067     0.32611
 0.00718373   0.0762195  -0.0145154  -0.0137514
-0.00219067  -0.0145154   0.0884146  -0.0144301
    0.32611  -0.0137514  -0.0144301    0.362805
IMAGINARY
           0   -0.0194649   -0.0044616  -0.00887698
   0.0194649            0 -0.000105053    0.0075866
   0.0044616  0.000105053            0    0.0132149
  0.00887698   -0.0075866   -0.0132149            0
EndNode1[0]<--->Repeater1[0]
REAL
   0.428977  0.00242424  -0.0221348    0.335371
 0.00242424   0.0710227  -0.0141588 -0.00816827
 -0.0221348  -0.0141588   0.0852273  -0.0175758
   0.335371 -0.00816827  -0.0175758    0.414773
IMAGINARY
         0 -0.0165985   0.039185  0.0153299
 0.0165985          0 -0.0137221          0
 -0.039185  0.0137221          0 -0.0225865
-0.0153299          0  0.0225865          0
EndNode2[0]<--->HoM1[0]
REAL
   0.400576   -0.029538  -0.0364209    0.321048
  -0.029538   0.0720461   0.0198611  -0.0187739
 -0.0364209   0.0198611   0.0893372 -0.00942305
   0.321048  -0.0187739 -0.00942305     0.43804
IMAGINARY
           0    0.0203301 -0.000347444 -0.000156642
  -0.0203301            0   -0.0177005   -0.0130057
 0.000347444    0.0177005            0   0.00192514
 0.000156642    0.0130057  -0.00192514            0
Repeater1[0]<--->EndNode1[0]
REAL
   0.428977  -0.0221348  0.00242424    0.335371
 -0.0221348   0.0852273  -0.0141588  -0.0175758
 0.00242424  -0.0141588   0.0710227 -0.00816827
   0.335371  -0.0175758 -0.00816827    0.414773
IMAGINARY
         0   0.039185 -0.0165985  0.0153299
 -0.039185          0  0.0137221 -0.0225865
 0.0165985 -0.0137221          0          0
-0.0153299  0.0225865          0          0
Repeater1[0]<--->HoM1[0]
REAL
   0.400576  -0.0364209   -0.029538    0.321048
 -0.0364209   0.0893372   0.0198611 -0.00942305
  -0.029538   0.0198611   0.0720461  -0.0187739
   0.321048 -0.00942305  -0.0187739     0.43804
IMAGINARY
           0 -0.000347444    0.0203301 -0.000156642
 0.000347444            0    0.0177005   0.00192514
  -0.0203301   -0.0177005            0   -0.0130057
 0.000156642  -0.00192514    0.0130057            0
EndNode1[0]<--->Repeater1[0]
REAL
  0.420765   0.015021  0.0230153   0.313422
  0.015021  0.0846995 -0.0111935  0.0480153
 0.0230153 -0.0111935  0.0710383   0.036511
  0.313422  0.0480153   0.036511   0.423497
IMAGINARY
          0    0.010083   0.0176039  0.00742424
  -0.010083           0   0.0225758  -0.0283731
 -0.0176039  -0.0225758           0  -0.0146984
-0.00742424   0.0283731   0.0146984           0
EndNode2[0]<--->HoM1[0]
REAL
    0.450658    0.0160385   0.00512034     0.317779
   0.0160385       0.0625 -0.000918209   0.00360059
  0.00512034 -0.000918209    0.0986842    0.0246592
    0.317779   0.00360059    0.0246592     0.388158
IMAGINARY
          0   0.0219135   0.0203094  0.00281802
 -0.0219135           0    0.008436  -0.0132272
 -0.0203094   -0.008436           0  -0.0346614
-0.00281802   0.0132272   0.0346614           0
Repeater1[0]<--->EndNode1[0]
REAL
  0.420765  0.0230153   0.015021   0.313422
 0.0230153  0.0710383 -0.0111935   0.036511
  0.015021 -0.0111935  0.0846995  0.0480153
  0.313422   0.036511  0.0480153   0.423497
IMAGINARY
          0   0.0176039    0.010083  0.00742424
 -0.0176039           0  -0.0225758  -0.0146984
  -0.010083   0.0225758           0  -0.0283731
-0.00742424   0.0146984   0.0283731           0
Repeater1[0]<--->HoM1[0]
REAL
    0.450658   0.00512034    0.0160385     0.317779
  0.00512034    0.0986842 -0.000918209    0.0246592
   0.0160385 -0.000918209       0.0625   0.00360059
    0.317779    0.0246592   0.00360059     0.388158
IMAGINARY
          0   0.0203094   0.0219135  0.00281802
 -0.0203094           0   -0.008436  -0.0346614
 -0.0219135    0.008436           0  -0.0132272
-0.00281802   0.0346614   0.0132272           0
EndNode1[0]<--->Repeater1[0]
REAL
   0.407767  -0.0138921   0.0039039    0.308453
 -0.0138921   0.0938511 -0.00364855  -0.0204204
  0.0039039 -0.00364855   0.0873786  -0.0296514
   0.308453  -0.0204204  -0.0296514    0.411003
IMAGINARY
          0  -0.0173832  -0.0114163  -0.0231551
  0.0173832           0  0.00693089   0.0400787
  0.0114163 -0.00693089           0  -0.0590499
  0.0231551  -0.0400787   0.0590499           0
EndNode2[0]<--->HoM1[0]
REAL
   0.428986 -0.00494208   0.0205207    0.348322
-0.00494208   0.0811594  -0.0154457  -0.0164111
  0.0205207  -0.0154457    0.115942  0.00631194
   0.348322  -0.0164111  0.00631194    0.373913
IMAGINARY
          0 -0.00938578  -0.0410173  0.00364431
 0.00938578           0  0.00364431  0.00768398
  0.0410173 -0.00364431           0   0.0398206
-0.00364431 -0.00768398  -0.0398206           0
Repeater1[0]<--->EndNode1[0]
REAL
   0.407767   0.0039039  -0.0138921    0.308453
  0.0039039   0.0873786 -0.00364855  -0.0296514
 -0.0138921 -0.00364855   0.0938511  -0.0204204
   0.308453  -0.0296514  -0.0204204    0.411003
IMAGINARY
          0  -0.0114163  -0.0173832  -0.0231551
  0.0114163           0 -0.00693089  -0.0590499
  0.0173832  0.00693089           0   0.0400787
  0.0231551   0.0590499  -0.0400787           0
Repeater1[0]<--->HoM1[0]
REAL
   0.428986   0.0205207 -0.00494208    0.348322
  0.0205207    0.115942  -0.0154457  0.00631194
-0.00494208  -0.0154457   0.0811594  -0.0164111
   0.348322  0.00631194  -0.0164111    0.373913
IMAGINARY
          0  -0.0410173 -0.00938578  0.00364431
  0.0410173           0 -0.00364431   0.0398206
 0.00938578  0.00364431           0  0.00768398
-0.00364431  -0.0398206 -0.00768398           0
EndNode1[0]<--->Repeater1[0]
REAL
    0.39823  0.00232712   0.0162909    0.308164
 0.00232712    0.123894  -0.0280432 -0.00725478
  0.0162909  -0.0280432   0.0825959  0.00369698
   0.308164 -0.00725478  0.00369698     0.39528
IMAGINARY
          0   0.0186782   0.0116467 -0.00935317
 -0.0186782           0  -0.0265945  -0.0317617
 -0.0116467   0.0265945           0   -0.012931
 0.00935317   0.0317617    0.012931           0
EndNode2[0]<--->HoM1[0]
REAL
  0.388715   0.041212  0.0594347   0.316998
  0.041212  0.0877743 -0.0131392  0.0450669
 0.0594347 -0.0131392  0.0783699  0.0150581
  0.316998  0.0450669  0.0150581   0.445141
IMAGINARY
         0  0.0192474 -0.0226314  0.0435811
-0.0192474          0 -0.0225727  0.0103027
 0.0226314  0.0225727          0 -0.0123981
-0.0435811 -0.0103027  0.0123981          0
Repeater1[0]<--->EndNode1[0]
REAL
    0.39823   0.0162909  0.00232712    0.308164
  0.0162909   0.0825959  -0.0280432  0.00369698
 0.00232712  -0.0280432    0.123894 -0.00725478
   0.308164  0.00369698 -0.00725478     0.39528
IMAGINARY
          0   0.0116467   0.0186782 -0.00935317
 -0.0116467           0   0.0265945   -0.012931
 -0.0186782  -0.0265945           0  -0.0317617
 0.00935317    0.012931   0.0317617           0
Repeater1[0]<--->HoM1[0]
REAL
  0.388715  0.0594347   0.041212   0.316998
 0.0594347  0.0783699 -0.0131392  0.0150581
  0.041212 -0.0131392  0.0877743  0.0450669
  0.316998  0.0150581  0.0450669   0.445141
IMAGINARY
         0 -0.0226314  0.0192474  0.0435811
 0.0226314          0  0.0225727 -0.0123981
-0.0192474 -0.0225727          0  0.0103027
-0.0435811  0.0123981 -0.0103027          0
EndNode1[0]<--->Repeater1[0]
REAL
   0.381657  -0.0354526 -0.00912683     0.30371
 -0.0354526   0.0798817 2.86681e-05  -0.0266987
-0.00912683 2.86681e-05   0.0887574  -0.0284103
    0.30371  -0.0266987  -0.0284103    0.449704
IMAGINARY
          0     0.05566  -0.0147019   0.0283366
   -0.05566           0  -0.0298029  0.00243201
  0.0147019   0.0298029           0  -0.0249852
 -0.0283366 -0.00243201   0.0249852           0
EndNode2[0]<--->HoM1[0]
REAL
    0.38253 -0.00950065  -0.0224602    0.329651
-0.00950065   0.0933735   0.0181753   0.0131435
 -0.0224602   0.0181753   0.0843373 -0.00292171
   0.329651   0.0131435 -0.00292171    0.439759
IMAGINARY
          0   0.0143043  -0.0246285 -0.00183134
 -0.0143043           0  -0.0297002  -0.0218195
  0.0246285   0.0297002           0   0.0184826
 0.00183134   0.0218195  -0.0184826           0
Repeater1[0]<--->EndNode1[0]
REAL
   0.381657 -0.00912683  -0.0354526     0.30371
-0.00912683   0.0887574 2.86681e-05  -0.0284103
 -0.0354526 2.86681e-05   0.0798817  -0.0266987
    0.30371  -0.0284103  -0.0266987    0.449704
IMAGINARY
          0  -0.0147019     0.05566   0.0283366
  0.0147019           0   0.0298029  -0.0249852
   -0.05566  -0.0298029           0  0.00243201
 -0.0283366   0.0249852 -0.00243201           0
Repeater1[0]<--->HoM1[0]
REAL
    0.38253  -0.0224602 -0.00950065    0.329651
 -0.0224602   0.0843373   0.0181753 -0.00292171
-0.00950065   0.0181753   0.0933735   0.0131435
   0.329651 -0.00292171   0.0131435    0.439759
IMAGINARY
          0  -0.0246285   0.0143043 -0.00183134
  0.0246285           0   0.0297002   0.0184826
 -0.0143043  -0.0297002           0  -0.0218195
 0.00183134  -0.0184826   0.0218195           0
EndNode1[0]<--->Repeater1[0]
REAL
  0.385542 -0.0269526 -0.0192167   0.347687
-0.0269526  0.0933735 -0.0153701  0.0161679
-0.0192167 -0.0153701  0.0843373 0.00865993
  0.347687  0.0161679 0.00865993   0.436747
IMAGINARY
         0   -0.00548 -0.0164877  0.0149309
   0.00548          0  0.0257668  0.0292266
 0.0164877 -0.0257668          0 -0.0550296
-0.0149309 -0.0292266  0.0550296          0
EndNode2[0]<--->HoM1[0]
REAL
   0.406832 -0.00730664  -0.0257792    0.326377
-0.00730664   0.0745342  0.00505146   0.0229221
 -0.0257792  0.00505146    0.114907 -0.00412193
   0.326377   0.0229221 -0.00412193    0.403727
IMAGINARY
           0   -0.0108111    0.0273775  0.000893437
   0.0108111            0    0.0224984  -0.00864553
  -0.0273775   -0.0224984            0  -0.00792091
-0.000893437   0.00864553   0.00792091            0
Repeater1[0]<--->EndNode1[0]
REAL
  0.385542 -0.0192167 -0.0269526   0.347687
-0.0192167  0.0843373 -0.0153701 0.00865993
-0.0269526 -0.0153701  0.0933735  0.0161679
  0.347687 0.00865993  0.0161679   0.436747
IMAGINARY
         0 -0.0164877   -0.00548  0.0149309
 0.0164877          0 -0.0257668 -0.0550296
   0.00548  0.0257668          0  0.0292266
-0.0149309  0.0550296 -0.0292266          0
Repeater1[0]<--->HoM1[0]
REAL
   0.406832  -0.0257792 -0.00730664    0.326377
 -0.0257792    0.114907  0.00505146 -0.00412193
-0.00730664  0.00505146   0.0745342   0.0229221
   0.326377 -0.00412193   0.0229221    0.403727
IMAGINARY
           0    0.0273775   -0.0108111  0.000893437
  -0.0273775            0   -0.0224984  -0.00792091
   0.0108111    0.0224984            0  -0.00864553
-0.000893437   0.00792091   0.00864553            0
EndNode1[0]<--->Repeater1[0]
REAL
        0.4 -0.00935765  -0.0108729    0.347394
-0.00935765   0.0898551   0.0294832  0.00636844
 -0.0108729   0.0294832   0.0811594   0.0138622
   0.347394  0.00636844   0.0138622    0.428986
IMAGINARY
           0 -0.000108155    0.0288863    0.0112068
 0.000108155            0    0.0215313  -0.00649828
  -0.0288863   -0.0215313            0  -0.00735453
  -0.0112068   0.00649828   0.00735453            0
EndNode2[0]<--->HoM1[0]
REAL
   0.461538  -0.0425962  -0.0200965    0.319119
 -0.0425962    0.111111 -0.00846766   0.0200965
 -0.0200965 -0.00846766   0.0883191  0.00709324
   0.319119   0.0200965  0.00709324    0.339031
IMAGINARY
           0 -0.000773994   -0.0206827    0.0231592
 0.000773994            0    0.0186275    0.0264298
   0.0206827   -0.0186275            0  0.000773994
  -0.0231592   -0.0264298 -0.000773994            0
Repeater1[0]<--->EndNode1[0]
REAL
        0.4  -0.0108729 -0.00935765    0.347394
 -0.0108729   0.0811594   0.0294832   0.0138622
-0.00935765   0.0294832   0.0898551  0.00636844
   0.347394   0.0138622  0.00636844    0.428986
IMAGINARY
           0    0.0288863 -0.000108155    0.0112068
  -0.0288863            0   -0.0215313  -0.00735453
 0.000108155    0.0215313            0  -0.00649828
  -0.0112068   0.00735453   0.00649828            0
Repeater1[0]<--->HoM1[0]
REAL
   0.461538  -0.0200965  -0.0425962    0.319119
 -0.0200965   0.0883191 -0.00846766  0.00709324
 -0.0425962 -0.00846766    0.111111   0.0200965
   0.319119  0.00709324   0.0200965    0.339031
IMAGINARY
           0   -0.0206827 -0.000773994    0.0231592
   0.0206827            0   -0.0186275  0.000773994
 0.000773994    0.0186275            0    0.0264298
  -0.0231592 -0.000773994   -0.0264298            0
EndNode1[0]<--->Repeater1[0]
REAL
   0.43787 -0.0281939 -0.0335574   0.323049
-0.0281939  0.0621302 -0.0140938 -0.0246516
-0.0335574 -0.0140938  0.0976331 -0.0419554
  0.323049 -0.0246516 -0.0419554   0.402367
IMAGINARY
          0  -0.0177577    0.017604  -0.0221934
  0.0177577           0  -0.0153441  0.00811031
  -0.017604   0.0153441           0 -0.00509946
  0.0221934 -0.00811031  0.00509946           0
EndNode2[0]<--->HoM1[0]
REAL
    0.41573 0.000856714  -0.0250821    0.328104
0.000856714    0.106742   0.0445671 -0.00597381
 -0.0250821   0.0445671   0.0814607  -0.0163847
   0.328104 -0.00597381  -0.0163847    0.396067
IMAGINARY
           0    0.0283208  0.000658573   -0.0275099
  -0.0283208            0  -0.00840166       -0.022
-0.000658573   0.00840166            0   0.00216698
   0.0275099        0.022  -0.00216698            0
Repeater1[0]<--->EndNode1[0]
REAL
   0.43787 -0.0335574 -0.0281939   0.323049
-0.0335574  0.0976331 -0.0140938 -0.0419554
-0.0281939 -0.0140938  0.0621302 -0.0246516
  0.323049 -0.0419554 -0.0246516   0.402367
IMAGINARY
          0    0.017604  -0.0177577  -0.0221934
  -0.017604           0   0.0153441 -0.00509946
  0.0177577  -0.0153441           0  0.00811031
  0.0221934  0.00509946 -0.00811031           0
Repeater1[0]<--->HoM1[0]
REAL
    0.41573  -0.0250821 0.000856714    0.328104
 -0.0250821   0.0814607   0.0445671  -0.0163847
0.000856714   0.0445671    0.106742 -0.00597381
   0.328104  -0.0163847 -0.00597381    0.396067
IMAGINARY
           0  0.000658573    0.0283208   -0.0275099
-0.000658573            0   0.00840166   0.00216698
  -0.0283208  -0.00840166            0       -0.022
   0.0275099  -0.00216698        0.022            0
EndNode1[0]<--->Repeater1[0]
REAL
    0.42735  -0.0109811  0.00442906     0.33474
 -0.0109811   0.0769231 -0.00929646  0.00740526
 0.00442906 -0.00929646   0.0740741   0.0376083
    0.33474  0.00740526   0.0376083    0.421652
IMAGINARY
          0   0.0261225 -0.00789571  -0.0102586
 -0.0261225           0   0.0286635  -0.0395049
 0.00789571  -0.0286635           0   0.0121038
  0.0102586   0.0395049  -0.0121038           0
EndNode2[0]<--->HoM1[0]
REAL
  0.460366  -0.027733 0.00515273   0.349412
 -0.027733  0.0731707 0.00119774    0.01314
0.00515273 0.00119774   0.097561 0.00639158
  0.349412    0.01314 0.00639158   0.368902
IMAGINARY
           0  0.000823202   -0.0194121    0.0169617
-0.000823202            0   -0.0169617    0.0283407
   0.0194121    0.0169617            0  -0.00677558
  -0.0169617   -0.0283407   0.00677558            0
Repeater1[0]<--->EndNode1[0]
REAL
    0.42735  0.00442906  -0.0109811     0.33474
 0.00442906   0.0740741 -0.00929646   0.0376083
 -0.0109811 -0.00929646   0.0769231  0.00740526
    0.33474   0.0376083  0.00740526    0.421652
IMAGINARY
          0 -0.00789571   0.0261225  -0.0102586
 0.00789571           0  -0.0286635   0.0121038
 -0.0261225   0.0286635           0  -0.0395049
  0.0102586  -0.0121038   0.0395049           0
Repeater1[0]<--->HoM1[0]
REAL
  0.460366 0.00515273  -0.027733   0.349412
0.00515273   0.097561 0.00119774 0.00639158
 -0.027733 0.00119774  0.0731707    0.01314
  0.349412 0.00639158    0.01314   0.368902
IMAGINARY
           0   -0.0194121  0.000823202    0.0169617
   0.0194121            0    0.0169617  -0.00677558
-0.000823202   -0.0169617            0    0.0283407
  -0.0169617   0.00677558   -0.0283407            0
EndNode1[0]<--->Repeater1[0]
REAL
   0.433544 -0.00839282   0.0148906    0.315159
-0.00839282   0.0696203 -0.00146014  0.00839708
  0.0148906 -0.00146014   0.0791139  0.00428323
   0.315159  0.00839708  0.00428323    0.417722
IMAGINARY
          0 -0.00615825   0.0265796  -0.0174654
 0.00615825           0   0.0329933 -0.00795495
 -0.0265796  -0.0329933           0   -0.035389
  0.0174654  0.00795495    0.035389           0
EndNode2[0]<--->HoM1[0]
REAL
   0.454006   0.0336062   0.0175433    0.300408
  0.0336062   0.0830861   0.0188693   0.0246254
  0.0175433   0.0188693   0.0801187 -0.00348575
   0.300408   0.0246254 -0.00348575    0.382789
IMAGINARY
          0   0.0226311  -0.0271811 -0.00195455
 -0.0226311           0  0.00747941   0.0287195
  0.0271811 -0.00747941           0  0.00352278
 0.00195455  -0.0287195 -0.00352278           0
Repeater1[0]<--->EndNode1[0]
REAL
   0.433544   0.0148906 -0.00839282    0.315159
  0.0148906   0.0791139 -0.00146014  0.00428323
-0.00839282 -0.00146014   0.0696203  0.00839708
   0.315159  0.00428323  0.00839708    0.417722
IMAGINARY
          0   0.0265796 -0.00615825  -0.0174654
 -0.0265796           0  -0.0329933   -0.035389
 0.00615825   0.0329933           0 -0.00795495
  0.0174654    0.035389  0.00795495           0
Repeater1[0]<--->HoM1[0]
REAL
   0.454006   0.0175433   0.0336062    0.300408
  0.0175433   0.0801187   0.0188693 -0.00348575
  0.0336062   0.0188693   0.0830861   0.0246254
   0.300408 -0.00348575   0.0246254    0.382789
IMAGINARY
          0  -0.0271811   0.0226311 -0.00195455
  0.0271811           0 -0.00747941  0.00352278
 -0.0226311  0.00747941           0   0.0287195
 0.00195455 -0.00352278  -0.0287195           0
EndNode1[0]<--->Repeater1[0]
REAL
   0.485714 -0.00928367  -0.0123359     0.31667
-0.00928367   0.0793651  0.00355498   -0.021372
 -0.0123359  0.00355498   0.0698413 -0.00195229
    0.31667   -0.021372 -0.00195229    0.365079
IMAGINARY
          0  -0.0508402 -0.00380138   0.0197358
  0.0508402           0  0.00278668   0.0382276
 0.00380138 -0.00278668           0   0.0196927
 -0.0197358  -0.0382276  -0.0196927           0
EndNode2[0]<--->HoM1[0]
REAL
   0.420588  -0.0128197  -0.0414407    0.327841
 -0.0128197   0.0764706 -0.00549188 -0.00870259
 -0.0414407 -0.00549188   0.0882353  0.00852173
   0.327841 -0.00870259  0.00852173    0.414706
IMAGINARY
         0  0.0178397 -0.0085379  0.0159468
-0.0178397          0 -0.0112739 -0.0278257
 0.0085379  0.0112739          0   -0.02087
-0.0159468  0.0278257    0.02087          0
Repeater1[0]<--->EndNode1[0]
REAL
   0.485714  -0.0123359 -0.00928367     0.31667
 -0.0123359   0.0698413  0.00355498 -0.00195229
-0.00928367  0.00355498   0.0793651   -0.021372
    0.31667 -0.00195229   -0.021372    0.365079
IMAGINARY
          0 -0.00380138  -0.0508402   0.0197358
 0.00380138           0 -0.00278668   0.0196927
  0.0508402  0.00278668           0   0.0382276
 -0.0197358  -0.0196927  -0.0382276           0
Repeater1[0]<--->HoM1[0]
REAL
   0.420588  -0.0414407  -0.0128197    0.327841
 -0.0414407   0.0882353 -0.00549188  0.00852173
 -0.0128197 -0.00549188   0.0764706 -0.00870259
   0.327841  0.00852173 -0.00870259    0.414706
IMAGINARY
         0 -0.0085379  0.0178397  0.0159468
 0.0085379          0  0.0112739   -0.02087
-0.0178397 -0.0112739          0 -0.0278257
-0.0159468    0.02087  0.0278257          0
EndNode1[0]<--->Repeater1[0]
REAL
   0.386905  0.00979234   0.0281101    0.332244
 0.00979234   0.0803571 -0.00907332   -0.015915
  0.0281101 -0.00907332    0.127976  0.00850035
   0.332244   -0.015915  0.00850035    0.404762
IMAGINARY
          0   0.0452187  -0.0184423  0.00376579
 -0.0452187           0 -0.00813897  -0.0114978
  0.0184423  0.00813897           0  -0.0062965
-0.00376579   0.0114978   0.0062965           0
EndNode2[0]<--->HoM1[0]
REAL
    0.39823  -0.0174194   0.0172461    0.345505
 -0.0174194    0.115044   0.0112197 -0.00555022
  0.0172461   0.0112197    0.100295   0.0144955
   0.345505 -0.00555022   0.0144955    0.386431
IMAGINARY
          0  -0.0401003   0.0178641   0.0124081
  0.0401003           0 -0.00946691   0.0421359
 -0.0178641  0.00946691           0  -0.0313283
 -0.0124081  -0.0421359   0.0313283           0
Repeater1[0]<--->EndNode1[0]
REAL
   0.386905   0.0281101  0.00979234    0.332244
  0.0281101    0.127976 -0.00907332  0.00850035
