EndNode1[0]<--->Repeater1[0]
REAL
   0.415457 -0.00104282 0.000730066    0.322111
-0.00104282   0.0886755 1.21127e-05 0.000275521
0.000730066 1.21127e-05   0.0942595 -0.00242087
   0.322111 0.000275521 -0.00242087    0.401608
IMAGINARY
          0  0.00669322 -0.00292294  0.00256088
-0.00669322           0  0.00102174  0.00512355
 0.00292294 -0.00102174           0    0.005468
-0.00256088 -0.00512355   -0.005468           0
EndNode2[0]<--->HoM1[0]
REAL
     0.40579 -4.59669e-05   0.00789012     0.329224
-4.59669e-05    0.0852482  0.000533642  0.000760402
  0.00789012  0.000533642    0.0868566   0.00362151
    0.329224  0.000760402   0.00362151     0.422105
IMAGINARY
           0 -3.23693e-05  -0.00454826   0.00325897
 3.23693e-05            0   0.00497013   0.00750944
  0.00454826  -0.00497013            0  -0.00709639
 -0.00325897  -0.00750944   0.00709639            0
Repeater1[0]<--->EndNode1[0]
REAL
   0.415457 0.000730066 -0.00104282    0.322111
0.000730066   0.0942595 1.21127e-05 -0.00242087
-0.00104282 1.21127e-05   0.0886755 0.000275521
   0.322111 -0.00242087 0.000275521    0.401608
IMAGINARY
          0 -0.00292294  0.00669322  0.00256088
 0.00292294           0 -0.00102174    0.005468
-0.00669322  0.00102174           0  0.00512355
-0.00256088   -0.005468 -0.00512355           0
Repeater1[0]<--->HoM1[0]
REAL
     0.40579   0.00789012 -4.59669e-05     0.329224
  0.00789012    0.0868566  0.000533642   0.00362151
-4.59669e-05  0.000533642    0.0852482  0.000760402
    0.329224   0.00362151  0.000760402     0.422105
IMAGINARY
           0  -0.00454826 -3.23693e-05   0.00325897
  0.00454826            0  -0.00497013  -0.00709639
 3.23693e-05   0.00497013            0   0.00750944
 -0.00325897   0.00709639  -0.00750944            0
EndNode1[0]<--->Repeater1[0]
REAL
   0.413723 -0.00301549  0.00178163    0.322875
-0.00301549    0.088189  0.00330894  -0.0109416
 0.00178163  0.00330894   0.0863892 -0.00391034
   0.322875  -0.0109416 -0.00391034    0.411699
IMAGINARY
           0   0.00380711   0.00136088  0.000412685
 -0.00380711            0  -0.00108054 -0.000207216
 -0.00136088   0.00108054            0   0.00380711
-0.000412685  0.000207216  -0.00380711            0
EndNode2[0]<--->HoM1[0]
REAL
   0.410115 -0.00960018   0.0096868    0.323518
-0.00960018   0.0891954 -0.00377289 -0.00153402
  0.0096868 -0.00377289   0.0889655    0.010382
   0.323518 -0.00153402    0.010382    0.411724
IMAGINARY
          0  0.00111451   -0.010081 -0.00443472
-0.00111451           0  -0.0102679  0.00321323
   0.010081   0.0102679           0  0.00237569
 0.00443472 -0.00321323 -0.00237569           0
Repeater1[0]<--->EndNode1[0]
REAL
   0.413723  0.00178163 -0.00301549    0.322875
 0.00178163   0.0863892  0.00330894 -0.00391034
-0.00301549  0.00330894    0.088189  -0.0109416
   0.322875 -0.00391034  -0.0109416    0.411699
IMAGINARY
           0   0.00136088   0.00380711  0.000412685
 -0.00136088            0   0.00108054   0.00380711
 -0.00380711  -0.00108054            0 -0.000207216
-0.000412685  -0.00380711  0.000207216            0
Repeater1[0]<--->HoM1[0]
REAL
   0.410115   0.0096868 -0.00960018    0.323518
  0.0096868   0.0889655 -0.00377289    0.010382
-0.00960018 -0.00377289   0.0891954 -0.00153402
   0.323518    0.010382 -0.00153402    0.411724
IMAGINARY
          0   -0.010081  0.00111451 -0.00443472
   0.010081           0   0.0102679  0.00237569
-0.00111451  -0.0102679           0  0.00321323
 0.00443472 -0.00237569 -0.00321323           0
EndNode1[0]<--->Repeater1[0]
REAL
   0.418807  0.00994243  0.00571344    0.315943
 0.00994243   0.0896822 -0.00131899 0.000100511
 0.00571344 -0.00131899   0.0870701  0.00459245
   0.315943 0.000100511  0.00459245    0.404441
IMAGINARY
           0   0.00681306   0.00485655  -0.00656226
 -0.00681306            0  3.95449e-05   -0.0051937
 -0.00485655 -3.95449e-05            0   0.00408827
  0.00656226    0.0051937  -0.00408827            0
EndNode2[0]<--->HoM1[0]
REAL
   0.408259 -0.00141926  0.00307202    0.324433
-0.00141926   0.0877232   0.0023388  0.00318088
 0.00307202   0.0023388   0.0868304  0.00396674
   0.324433  0.00318088  0.00396674    0.417187
IMAGINARY
           0   0.00328427    0.0054704    0.0011305
 -0.00328427            0  -0.00157953   0.00717379
  -0.0054704   0.00157953            0 -0.000844167
  -0.0011305  -0.00717379  0.000844167            0
Repeater1[0]<--->EndNode1[0]
REAL
   0.418807  0.00571344  0.00994243    0.315943
 0.00571344   0.0870701 -0.00131899  0.00459245
 0.00994243 -0.00131899   0.0896822 0.000100511
   0.315943  0.00459245 0.000100511    0.404441
IMAGINARY
           0   0.00485655   0.00681306  -0.00656226
 -0.00485655            0 -3.95449e-05   0.00408827
 -0.00681306  3.95449e-05            0   -0.0051937
  0.00656226  -0.00408827    0.0051937            0
Repeater1[0]<--->HoM1[0]
REAL
   0.408259  0.00307202 -0.00141926    0.324433
 0.00307202   0.0868304   0.0023388  0.00396674
-0.00141926   0.0023388   0.0877232  0.00318088
   0.324433  0.00396674  0.00318088    0.417187
IMAGINARY
           0    0.0054704   0.00328427    0.0011305
  -0.0054704            0   0.00157953 -0.000844167
 -0.00328427  -0.00157953            0   0.00717379
  -0.0011305  0.000844167  -0.00717379            0
EndNode1[0]<--->Repeater1[0]
REAL
    0.41844  0.00859734  0.00322822    0.314905
 0.00859734   0.0904255  0.00352408  0.00684649
 0.00322822  0.00352408   0.0813387 0.000118983
   0.314905  0.00684649 0.000118983    0.409796
IMAGINARY
           0  -0.00051565 -3.37375e-06  0.000911612
  0.00051565            0   0.00947017  -0.00124351
 3.37375e-06  -0.00947017            0   0.00493642
-0.000911612   0.00124351  -0.00493642            0
EndNode2[0]<--->HoM1[0]
REAL
   0.416704  0.00200359  0.00484837      0.3196
 0.00200359   0.0799734 -0.00332835 -0.00820108
 0.00484837 -0.00332835   0.0846256 8.02865e-06
     0.3196 -0.00820108 8.02865e-06    0.418697
IMAGINARY
          0   0.0116282  -0.0086612  -0.0110597
 -0.0116282           0  -0.0040174  0.00151023
  0.0086612   0.0040174           0  0.00369527
  0.0110597 -0.00151023 -0.00369527           0
Repeater1[0]<--->EndNode1[0]
REAL
    0.41844  0.00322822  0.00859734    0.314905
 0.00322822   0.0813387  0.00352408 0.000118983
 0.00859734  0.00352408   0.0904255  0.00684649
   0.314905 0.000118983  0.00684649    0.409796
IMAGINARY
           0 -3.37375e-06  -0.00051565  0.000911612
 3.37375e-06            0  -0.00947017   0.00493642
  0.00051565   0.00947017            0  -0.00124351
-0.000911612  -0.00493642   0.00124351            0
Repeater1[0]<--->HoM1[0]
REAL
   0.416704  0.00484837  0.00200359      0.3196
 0.00484837   0.0846256 -0.00332835 8.02865e-06
 0.00200359 -0.00332835   0.0799734 -0.00820108
     0.3196 8.02865e-06 -0.00820108    0.418697
IMAGINARY
          0  -0.0086612   0.0116282  -0.0110597
  0.0086612           0   0.0040174  0.00369527
 -0.0116282  -0.0040174           0  0.00151023
  0.0110597 -0.00369527 -0.00151023           0
EndNode1[0]<--->Repeater1[0]
REAL
   0.421936 -0.00267521  -0.0072745    0.335743
-0.00267521   0.0839512 0.000588254 -0.00704928
 -0.0072745 0.000588254   0.0909289  -0.0109824
   0.335743 -0.00704928  -0.0109824    0.403184
IMAGINARY
          0  -0.0047082  -0.0027355  0.00857924
  0.0047082           0  0.00593981  -0.0075104
  0.0027355 -0.00593981           0  0.00448051
-0.00857924   0.0075104 -0.00448051           0
EndNode2[0]<--->HoM1[0]
REAL
   0.417568 -0.00510632  0.00267174    0.325606
-0.00510632   0.0943694   0.0036138 0.000552628
 0.00267174   0.0036138   0.0756757  0.00165958
   0.325606 0.000552628  0.00165958    0.412387
IMAGINARY
           0  -0.00717074  -0.00485599  0.000731942
  0.00717074            0   0.00377866  0.000800114
  0.00485599  -0.00377866            0   0.00266421
-0.000731942 -0.000800114  -0.00266421            0
Repeater1[0]<--->EndNode1[0]
REAL
   0.421936  -0.0072745 -0.00267521    0.335743
 -0.0072745   0.0909289 0.000588254  -0.0109824
-0.00267521 0.000588254   0.0839512 -0.00704928
   0.335743  -0.0109824 -0.00704928    0.403184
IMAGINARY
          0  -0.0027355  -0.0047082  0.00857924
  0.0027355           0 -0.00593981  0.00448051
  0.0047082  0.00593981           0  -0.0075104
-0.00857924 -0.00448051   0.0075104           0
Repeater1[0]<--->HoM1[0]
REAL
   0.417568  0.00267174 -0.00510632    0.325606
 0.00267174   0.0756757   0.0036138  0.00165958
-0.00510632   0.0036138   0.0943694 0.000552628
   0.325606  0.00165958 0.000552628    0.412387
IMAGINARY
           0  -0.00485599  -0.00717074  0.000731942
  0.00485599            0  -0.00377866   0.00266421
  0.00717074   0.00377866            0  0.000800114
-0.000731942  -0.00266421 -0.000800114            0
EndNode1[0]<--->Repeater1[0]
REAL
     0.4144  0.00470518  0.00336687    0.326324
 0.00470518   0.0896121 -0.00145877  0.00135435
 0.00336687 -0.00145877   0.0780205 0.000690501
   0.326324  0.00135435 0.000690501    0.417967
IMAGINARY
          0  -0.0131401  0.00804803  0.00350485
  0.0131401           0  0.00730969  0.00926135
-0.00804803 -0.00730969           0 -0.00504572
-0.00350485 -0.00926135  0.00504572           0
EndNode2[0]<--->HoM1[0]
REAL
    0.402483 -3.12082e-06  -0.00762293     0.323473
-3.12082e-06    0.0984199  -0.00173522  0.000176834
 -0.00762293  -0.00173522    0.0896163   0.00233697
    0.323473  0.000176834   0.00233697     0.409481
IMAGINARY
           0  -0.00390498   0.00374349  -0.00624792
  0.00390498            0  -0.00210087 -0.000669271
 -0.00374349   0.00210087            0   0.00214829
  0.00624792  0.000669271  -0.00214829            0
Repeater1[0]<--->EndNode1[0]
REAL
     0.4144  0.00336687  0.00470518    0.326324
 0.00336687   0.0780205 -0.00145877 0.000690501
 0.00470518 -0.00145877   0.0896121  0.00135435
   0.326324 0.000690501  0.00135435    0.417967
IMAGINARY
          0  0.00804803  -0.0131401  0.00350485
-0.00804803           0 -0.00730969 -0.00504572
  0.0131401  0.00730969           0  0.00926135
-0.00350485  0.00504572 -0.00926135           0
Repeater1[0]<--->HoM1[0]
REAL
    0.402483  -0.00762293 -3.12082e-06     0.323473
 -0.00762293    0.0896163  -0.00173522   0.00233697
-3.12082e-06  -0.00173522    0.0984199  0.000176834
    0.323473   0.00233697  0.000176834     0.409481
IMAGINARY
           0   0.00374349  -0.00390498  -0.00624792
 -0.00374349            0   0.00210087   0.00214829
  0.00390498  -0.00210087            0 -0.000669271
  0.00624792  -0.00214829  0.000669271            0
