EndNode1[0]<--->Repeater1[0]
REAL
   0.411355   0.0027564 -0.00185918    0.327456
  0.0027564   0.0840273 -0.00635798 -0.00277521
-0.00185918 -0.00635798   0.0866011  -0.0018001
   0.327456 -0.00277521  -0.0018001    0.418017
IMAGINARY
           0  0.000788204   0.00508115   0.00384968
-0.000788204            0   0.00260243   0.00136313
 -0.00508115  -0.00260243            0   -0.0032901
 -0.00384968  -0.00136313    0.0032901            0
EndNode2[0]<--->HoM1[0]
REAL
   0.405286  0.00252236  0.00442018    0.326741
 0.00252236   0.0852195 -0.00348983  0.00169042
 0.00442018 -0.00348983   0.0864348 7.46489e-05
   0.326741  0.00169042 7.46489e-05    0.423059
IMAGINARY
          0 -0.00262259 -0.00221423  0.00351864
 0.00262259           0  0.00624179  0.00117995
 0.00221423 -0.00624179           0 -0.00328758
-0.00351864 -0.00117995  0.00328758           0
Repeater1[0]<--->EndNode1[0]
REAL
   0.411355 -0.00185918   0.0027564    0.327456
-0.00185918   0.0866011 -0.00635798  -0.0018001
  0.0027564 -0.00635798   0.0840273 -0.00277521
   0.327456  -0.0018001 -0.00277521    0.418017
IMAGINARY
           0   0.00508115  0.000788204   0.00384968
 -0.00508115            0  -0.00260243   -0.0032901
-0.000788204   0.00260243            0   0.00136313
 -0.00384968    0.0032901  -0.00136313            0
Repeater1[0]<--->HoM1[0]
REAL
   0.405286  0.00442018  0.00252236    0.326741
 0.00442018   0.0864348 -0.00348983 7.46489e-05
 0.00252236 -0.00348983   0.0852195  0.00169042
   0.326741 7.46489e-05  0.00169042    0.423059
IMAGINARY
          0 -0.00221423 -0.00262259  0.00351864
 0.00221423           0 -0.00624179 -0.00328758
 0.00262259  0.00624179           0  0.00117995
-0.00351864  0.00328758 -0.00117995           0
EndNode1[0]<--->Repeater1[0]
REAL
   0.401105 -0.00286699  -0.0041274    0.324028
-0.00286699   0.0887362  0.00107809 -0.00707793
 -0.0041274  0.00107809   0.0893337 -0.00818692
   0.324028 -0.00707793 -0.00818692    0.420825
IMAGINARY
          0 -0.00027884  0.00219803  0.00338622
 0.00027884           0 -0.00195614  0.00257687
-0.00219803  0.00195614           0 -0.00146438
-0.00338622 -0.00257687  0.00146438           0
EndNode2[0]<--->HoM1[0]
REAL
    0.407385  -0.00767536   0.00386302     0.323909
 -0.00767536    0.0869169  -0.00331627 -0.000751904
  0.00386302  -0.00331627    0.0881325   0.00826795
    0.323909 -0.000751904   0.00826795     0.417566
IMAGINARY
           0  0.000329703  -0.00565011  -0.00427661
-0.000329703            0  -0.00590576   0.00033971
  0.00565011   0.00590576            0   0.00662617
  0.00427661  -0.00033971  -0.00662617            0
Repeater1[0]<--->EndNode1[0]
REAL
   0.401105  -0.0041274 -0.00286699    0.324028
 -0.0041274   0.0893337  0.00107809 -0.00818692
-0.00286699  0.00107809   0.0887362 -0.00707793
   0.324028 -0.00818692 -0.00707793    0.420825
IMAGINARY
          0  0.00219803 -0.00027884  0.00338622
-0.00219803           0  0.00195614 -0.00146438
 0.00027884 -0.00195614           0  0.00257687
-0.00338622  0.00146438 -0.00257687           0
Repeater1[0]<--->HoM1[0]
REAL
    0.407385   0.00386302  -0.00767536     0.323909
  0.00386302    0.0881325  -0.00331627   0.00826795
 -0.00767536  -0.00331627    0.0869169 -0.000751904
    0.323909   0.00826795 -0.000751904     0.417566
IMAGINARY
           0  -0.00565011  0.000329703  -0.00427661
  0.00565011            0   0.00590576   0.00662617
-0.000329703  -0.00590576            0   0.00033971
  0.00427661  -0.00662617  -0.00033971            0
EndNode1[0]<--->Repeater1[0]
REAL
    0.415481   0.00616175   0.00446534     0.322878
  0.00616175    0.0925288   0.00244641 -0.000687762
  0.00446534   0.00244641    0.0827968   0.00275333
    0.322878 -0.000687762   0.00275333     0.409193
IMAGINARY
           0  0.000351785  -0.00209207 -0.000118845
-0.000351785            0  0.000867348  -0.00570871
  0.00209207 -0.000867348            0   0.00939919
 0.000118845   0.00570871  -0.00939919            0
EndNode2[0]<--->HoM1[0]
REAL
   0.410969 -0.00219803 0.000345531    0.324994
-0.00219803   0.0865515  0.00576124 -0.00266608
0.000345531  0.00576124   0.0882044  0.00266214
   0.324994 -0.00266608  0.00266214    0.414275
IMAGINARY
          0  0.00429549  0.00429371 -0.00122817
-0.00429549           0 -0.00100331  0.00452241
-0.00429371  0.00100331           0 -0.00333239
 0.00122817 -0.00452241  0.00333239           0
Repeater1[0]<--->EndNode1[0]
REAL
    0.415481   0.00446534   0.00616175     0.322878
  0.00446534    0.0827968   0.00244641   0.00275333
  0.00616175   0.00244641    0.0925288 -0.000687762
    0.322878   0.00275333 -0.000687762     0.409193
IMAGINARY
           0  -0.00209207  0.000351785 -0.000118845
  0.00209207            0 -0.000867348   0.00939919
-0.000351785  0.000867348            0  -0.00570871
 0.000118845  -0.00939919   0.00570871            0
Repeater1[0]<--->HoM1[0]
REAL
   0.410969 0.000345531 -0.00219803    0.324994
0.000345531   0.0882044  0.00576124  0.00266214
-0.00219803  0.00576124   0.0865515 -0.00266608
   0.324994  0.00266214 -0.00266608    0.414275
IMAGINARY
          0  0.00429371  0.00429549 -0.00122817
-0.00429371           0  0.00100331 -0.00333239
-0.00429549 -0.00100331           0  0.00452241
 0.00122817  0.00333239 -0.00452241           0
EndNode1[0]<--->Repeater1[0]
REAL
   0.410891  0.00402782 -0.00199055    0.322121
 0.00402782   0.0850585 -0.00120515  0.00977681
-0.00199055 -0.00120515   0.0844584  0.00268973
   0.322121  0.00977681  0.00268973    0.419592
IMAGINARY
           0  -0.00232663   0.00561154  0.000209982
  0.00232663            0   0.00225823  -0.00531133
 -0.00561154  -0.00225823            0  -0.00232663
-0.000209982   0.00531133   0.00232663            0
EndNode2[0]<--->HoM1[0]
REAL
    0.416261   0.00391107   0.00128588     0.320251
  0.00391107    0.0830751 -0.000647016   -0.0101493
  0.00128588 -0.000647016    0.0873543  -0.00607105
    0.320251   -0.0101493  -0.00607105      0.41331
IMAGINARY
           0   0.00851695  -0.00411806  -0.00947115
 -0.00851695            0  0.000382924   0.00290484
  0.00411806 -0.000382924            0 -0.000479336
  0.00947115  -0.00290484  0.000479336            0
Repeater1[0]<--->EndNode1[0]
REAL
   0.410891 -0.00199055  0.00402782    0.322121
-0.00199055   0.0844584 -0.00120515  0.00268973
 0.00402782 -0.00120515   0.0850585  0.00977681
   0.322121  0.00268973  0.00977681    0.419592
IMAGINARY
           0   0.00561154  -0.00232663  0.000209982
 -0.00561154            0  -0.00225823  -0.00232663
  0.00232663   0.00225823            0  -0.00531133
-0.000209982   0.00232663   0.00531133            0
Repeater1[0]<--->HoM1[0]
REAL
    0.416261   0.00128588   0.00391107     0.320251
  0.00128588    0.0873543 -0.000647016  -0.00607105
  0.00391107 -0.000647016    0.0830751   -0.0101493
    0.320251  -0.00607105   -0.0101493      0.41331
IMAGINARY
           0  -0.00411806   0.00851695  -0.00947115
  0.00411806            0 -0.000382924 -0.000479336
 -0.00851695  0.000382924            0   0.00290484
  0.00947115  0.000479336  -0.00290484            0
EndNode1[0]<--->Repeater1[0]
REAL
    0.417563  -0.00435373 -0.000522362     0.328917
 -0.00435373    0.0890084   0.00253076  -0.00885822
-0.000522362   0.00253076    0.0864695  -0.00204889
    0.328917  -0.00885822  -0.00204889     0.406959
IMAGINARY
           0  -0.00247552  0.000933811   0.00853668
  0.00247552            0  -0.00266307  0.000933811
-0.000933811   0.00266307            0     0.002102
 -0.00853668 -0.000933811    -0.002102            0
EndNode2[0]<--->HoM1[0]
REAL
    0.416915  -0.00487927   0.00626238     0.327037
 -0.00487927    0.0890513   0.00399906 -0.000556141
  0.00626238   0.00399906    0.0798031   0.00139624
    0.327037 -0.000556141   0.00139624      0.41423
IMAGINARY
           0  -0.00648435   -0.0057628  0.000124855
  0.00648435            0   0.00429595 -0.000205572
   0.0057628  -0.00429595            0 -8.08544e-05
-0.000124855  0.000205572  8.08544e-05            0
Repeater1[0]<--->EndNode1[0]
REAL
    0.417563 -0.000522362  -0.00435373     0.328917
-0.000522362    0.0864695   0.00253076  -0.00204889
 -0.00435373   0.00253076    0.0890084  -0.00885822
    0.328917  -0.00204889  -0.00885822     0.406959
IMAGINARY
           0  0.000933811  -0.00247552   0.00853668
-0.000933811            0   0.00266307     0.002102
  0.00247552  -0.00266307            0  0.000933811
 -0.00853668    -0.002102 -0.000933811            0
Repeater1[0]<--->HoM1[0]
REAL
    0.416915   0.00626238  -0.00487927     0.327037
  0.00626238    0.0798031   0.00399906   0.00139624
 -0.00487927   0.00399906    0.0890513 -0.000556141
    0.327037   0.00139624 -0.000556141      0.41423
IMAGINARY
           0   -0.0057628  -0.00648435  0.000124855
   0.0057628            0  -0.00429595 -8.08544e-05
  0.00648435   0.00429595            0 -0.000205572
-0.000124855  8.08544e-05  0.000205572            0
EndNode1[0]<--->Repeater1[0]
REAL
    0.416163     0.006807   0.00115384     0.326092
    0.006807    0.0847432 -0.000166482   0.00590726
  0.00115384 -0.000166482    0.0859517   0.00872742
    0.326092   0.00590726   0.00872742     0.413142
IMAGINARY
           0  -0.00850935    0.0058657  -0.00592574
  0.00850935            0   0.00607544   0.00383715
  -0.0058657  -0.00607544            0 -0.000587075
  0.00592574  -0.00383715  0.000587075            0
EndNode2[0]<--->HoM1[0]
REAL
    0.409329   0.00126598  -0.00406112     0.321451
  0.00126598    0.0914935 -0.000546517   0.00156552
 -0.00406112 -0.000546517    0.0876065   0.00445921
    0.321451   0.00156552   0.00445921     0.411571
IMAGINARY
          0 -0.00112092  0.00271713 -0.00289377
 0.00112092           0 -0.00266865  -0.0035357
-0.00271713  0.00266865           0  0.00521379
 0.00289377   0.0035357 -0.00521379           0
Repeater1[0]<--->EndNode1[0]
REAL
    0.416163   0.00115384     0.006807     0.326092
  0.00115384    0.0859517 -0.000166482   0.00872742
    0.006807 -0.000166482    0.0847432   0.00590726
    0.326092   0.00872742   0.00590726     0.413142
IMAGINARY
           0    0.0058657  -0.00850935  -0.00592574
  -0.0058657            0  -0.00607544 -0.000587075
  0.00850935   0.00607544            0   0.00383715
  0.00592574  0.000587075  -0.00383715            0
Repeater1[0]<--->HoM1[0]
REAL
    0.409329  -0.00406112   0.00126598     0.321451
 -0.00406112    0.0876065 -0.000546517   0.00445921
  0.00126598 -0.000546517    0.0914935   0.00156552
    0.321451   0.00445921   0.00156552     0.411571
IMAGINARY
          0  0.00271713 -0.00112092 -0.00289377
-0.00271713           0  0.00266865  0.00521379
 0.00112092 -0.00266865           0  -0.0035357
 0.00289377 -0.00521379   0.0035357           0
EndNode1[0]<--->Repeater1[0]
REAL
   0.411887  0.00656935   -0.005378     0.32657
 0.00656935   0.0853568  0.00133652  0.00455279
  -0.005378  0.00133652   0.0902726 0.000257357
    0.32657  0.00455279 0.000257357    0.412483
IMAGINARY
          0 -0.00173518 -0.00202462  0.00214208
 0.00173518           0  0.00496191  0.00111909
 0.00202462 -0.00496191           0 -0.00158507
-0.00214208 -0.00111909  0.00158507           0
EndNode2[0]<--->HoM1[0]
REAL
    0.40726  0.00394796  0.00210112    0.323833
 0.00394796   0.0895062 0.000259279 -0.00491139
 0.00210112 0.000259279   0.0900941 -0.00523916
   0.323833 -0.00491139 -0.00523916    0.413139
IMAGINARY
          0 -0.00472248  0.00272189  0.00260269
 0.00472248           0  0.00411372  0.00663519
-0.00272189 -0.00411372           0 -0.00237079
-0.00260269 -0.00663519  0.00237079           0
Repeater1[0]<--->EndNode1[0]
REAL
   0.411887   -0.005378  0.00656935     0.32657
  -0.005378   0.0902726  0.00133652 0.000257357
 0.00656935  0.00133652   0.0853568  0.00455279
    0.32657 0.000257357  0.00455279    0.412483
IMAGINARY
          0 -0.00202462 -0.00173518  0.00214208
 0.00202462           0 -0.00496191 -0.00158507
 0.00173518  0.00496191           0  0.00111909
-0.00214208  0.00158507 -0.00111909           0
Repeater1[0]<--->HoM1[0]
REAL
    0.40726  0.00210112  0.00394796    0.323833
 0.00210112   0.0900941 0.000259279 -0.00523916
 0.00394796 0.000259279   0.0895062 -0.00491139
   0.323833 -0.00523916 -0.00491139    0.413139
IMAGINARY
          0  0.00272189 -0.00472248  0.00260269
-0.00272189           0 -0.00411372 -0.00237079
 0.00472248  0.00411372           0  0.00663519
-0.00260269  0.00237079 -0.00663519           0
EndNode1[0]<--->Repeater1[0]
REAL
    0.417712  -0.00353914  -0.00136669     0.322023
 -0.00353914    0.0911289 -0.000249927  0.000763557
 -0.00136669 -0.000249927    0.0775276 -0.000381246
    0.322023  0.000763557 -0.000381246     0.413632
IMAGINARY
          0  0.00191058   0.0016749 -0.00234151
-0.00191058           0 -0.00498857  0.00602914
 -0.0016749  0.00498857           0  0.00792924
 0.00234151 -0.00602914 -0.00792924           0
EndNode2[0]<--->HoM1[0]
REAL
    0.417254   0.00376499  -0.00676255     0.327199
  0.00376499    0.0844315   0.00751011   0.00758825
 -0.00676255   0.00751011    0.0865768 -8.68627e-05
    0.327199   0.00758825 -8.68627e-05     0.411738
IMAGINARY
           0   0.00723054 -0.000448363   0.00246851
 -0.00723054            0  -0.00509024  -0.00179245
 0.000448363   0.00509024            0   0.00203149
 -0.00246851   0.00179245  -0.00203149            0
Repeater1[0]<--->EndNode1[0]
REAL
    0.417712  -0.00136669  -0.00353914     0.322023
 -0.00136669    0.0775276 -0.000249927 -0.000381246
 -0.00353914 -0.000249927    0.0911289  0.000763557
    0.322023 -0.000381246  0.000763557     0.413632
IMAGINARY
          0   0.0016749  0.00191058 -0.00234151
 -0.0016749           0  0.00498857  0.00792924
-0.00191058 -0.00498857           0  0.00602914
 0.00234151 -0.00792924 -0.00602914           0
Repeater1[0]<--->HoM1[0]
REAL
    0.417254  -0.00676255   0.00376499     0.327199
 -0.00676255    0.0865768   0.00751011 -8.68627e-05
  0.00376499   0.00751011    0.0844315   0.00758825
    0.327199 -8.68627e-05   0.00758825     0.411738
IMAGINARY
           0 -0.000448363   0.00723054   0.00246851
 0.000448363            0   0.00509024   0.00203149
 -0.00723054  -0.00509024            0  -0.00179245
 -0.00246851  -0.00203149   0.00179245            0
