EndNode1[0]<--->Repeater1[0]
REAL
   0.413523  -0.0043627  0.00090269    0.322715
 -0.0043627   0.0820285 -0.00126744 0.000451345
 0.00090269 -0.00126744   0.0841637  0.00373082
   0.322715 0.000451345  0.00373082    0.420285
IMAGINARY
          0  0.00401917 -0.00894726  -0.0074604
-0.00401917           0  0.00353059   0.0029426
 0.00894726 -0.00353059           0  0.00915523
  0.0074604  -0.0029426 -0.00915523           0
EndNode2[0]<--->HoM1[0]
REAL
    0.418584  -0.00557772   0.00105662     0.318847
 -0.00557772    0.0913012  0.000797542  0.000608193
  0.00105662  0.000797542    0.0833932 -0.000341633
    0.318847  0.000608193 -0.000341633     0.406722
IMAGINARY
           0  0.000194082  -0.00634387  -0.00036169
-0.000194082            0   0.00205118 -0.000465645
  0.00634387  -0.00205118            0  -0.00427979
  0.00036169  0.000465645   0.00427979            0
Repeater1[0]<--->EndNode1[0]
REAL
   0.413523  0.00090269  -0.0043627    0.322715
 0.00090269   0.0841637 -0.00126744  0.00373082
 -0.0043627 -0.00126744   0.0820285 0.000451345
   0.322715  0.00373082 0.000451345    0.420285
IMAGINARY
          0 -0.00894726  0.00401917  -0.0074604
 0.00894726           0 -0.00353059  0.00915523
-0.00401917  0.00353059           0   0.0029426
  0.0074604 -0.00915523  -0.0029426           0
Repeater1[0]<--->HoM1[0]
REAL
    0.418584   0.00105662  -0.00557772     0.318847
  0.00105662    0.0833932  0.000797542 -0.000341633
 -0.00557772  0.000797542    0.0913012  0.000608193
    0.318847 -0.000341633  0.000608193     0.406722
IMAGINARY
           0  -0.00634387  0.000194082  -0.00036169
  0.00634387            0  -0.00205118  -0.00427979
-0.000194082   0.00205118            0 -0.000465645
  0.00036169   0.00427979  0.000465645            0
EndNode1[0]<--->Repeater1[0]
REAL
   0.425633  0.00355363  0.00845439    0.325481
 0.00355363   0.0817404 -0.00442633 -0.00138109
 0.00845439 -0.00442633   0.0893865 0.000580121
   0.325481 -0.00138109 0.000580121     0.40324
IMAGINARY
           0   0.00201653 -0.000289808   0.00361172
 -0.00201653            0   0.00182791  -0.00489484
 0.000289808  -0.00182791            0   0.00444154
 -0.00361172   0.00489484  -0.00444154            0
EndNode2[0]<--->HoM1[0]
REAL
    0.416517   0.00969182   0.00792043     0.325442
  0.00969182    0.0789946   0.00227464 -0.000802034
  0.00792043   0.00227464    0.0872531   0.00787891
    0.325442 -0.000802034   0.00787891     0.417235
IMAGINARY
           0  -0.00502792    0.0048241   0.00836957
  0.00502792            0 -0.000287674   0.00142024
  -0.0048241  0.000287674            0  -0.00248339
 -0.00836957  -0.00142024   0.00248339            0
Repeater1[0]<--->EndNode1[0]
REAL
   0.425633  0.00845439  0.00355363    0.325481
 0.00845439   0.0893865 -0.00442633 0.000580121
 0.00355363 -0.00442633   0.0817404 -0.00138109
   0.325481 0.000580121 -0.00138109     0.40324
IMAGINARY
           0 -0.000289808   0.00201653   0.00361172
 0.000289808            0  -0.00182791   0.00444154
 -0.00201653   0.00182791            0  -0.00489484
 -0.00361172  -0.00444154   0.00489484            0
Repeater1[0]<--->HoM1[0]
REAL
    0.416517   0.00792043   0.00969182     0.325442
  0.00792043    0.0872531   0.00227464   0.00787891
  0.00969182   0.00227464    0.0789946 -0.000802034
    0.325442   0.00787891 -0.000802034     0.417235
IMAGINARY
           0    0.0048241  -0.00502792   0.00836957
  -0.0048241            0  0.000287674  -0.00248339
  0.00502792 -0.000287674            0   0.00142024
 -0.00836957   0.00248339  -0.00142024            0
EndNode1[0]<--->Repeater1[0]
REAL
    0.408149 -4.64903e-05   -0.0101323     0.322793
-4.64903e-05    0.0850018   0.00280358   0.00184907
  -0.0101323   0.00280358    0.0900948   -0.0111496
    0.322793   0.00184907   -0.0111496     0.416754
IMAGINARY
          0  -0.0018491  0.00277947  0.00287789
  0.0018491           0   0.0043298  0.00333033
-0.00277947  -0.0043298           0 -0.00736119
-0.00287789 -0.00333033  0.00736119           0
EndNode2[0]<--->HoM1[0]
REAL
   0.414936 0.000234853 -0.00165685    0.323336
0.000234853    0.088288 -0.00717829  0.00165685
-0.00165685 -0.00717829   0.0938395 -0.00167112
   0.323336  0.00165685 -0.00167112    0.402937
IMAGINARY
           0   0.00209424  -0.00129577  0.000636602
 -0.00209424            0   0.00125291   0.00543395
  0.00129577  -0.00125291            0  -0.00191432
-0.000636602  -0.00543395   0.00191432            0
Repeater1[0]<--->EndNode1[0]
REAL
    0.408149   -0.0101323 -4.64903e-05     0.322793
  -0.0101323    0.0900948   0.00280358   -0.0111496
-4.64903e-05   0.00280358    0.0850018   0.00184907
    0.322793   -0.0111496   0.00184907     0.416754
IMAGINARY
          0  0.00277947  -0.0018491  0.00287789
-0.00277947           0  -0.0043298 -0.00736119
  0.0018491   0.0043298           0  0.00333033
-0.00287789  0.00736119 -0.00333033           0
Repeater1[0]<--->HoM1[0]
REAL
   0.414936 -0.00165685 0.000234853    0.323336
-0.00165685   0.0938395 -0.00717829 -0.00167112
0.000234853 -0.00717829    0.088288  0.00165685
   0.323336 -0.00167112  0.00165685    0.402937
IMAGINARY
           0  -0.00129577   0.00209424  0.000636602
  0.00129577            0  -0.00125291  -0.00191432
 -0.00209424   0.00125291            0   0.00543395
-0.000636602   0.00191432  -0.00543395            0
EndNode1[0]<--->Repeater1[0]
REAL
   0.413894 0.000181872  0.00463307    0.328356
0.000181872   0.0819013 0.000250852 -0.00247944
 0.00463307 0.000250852   0.0857404  0.00107441
   0.328356 -0.00247944  0.00107441    0.418464
IMAGINARY
           0  -0.00109437   0.00457815 -0.000543778
  0.00109437            0   0.00126062   0.00171283
 -0.00457815  -0.00126062            0  -0.00413334
 0.000543778  -0.00171283   0.00413334            0
EndNode2[0]<--->HoM1[0]
REAL
   0.412367 -0.00069534  2.7873e-05    0.325255
-0.00069534   0.0954995  0.00328026  -0.0084098
 2.7873e-05  0.00328026   0.0907428 -0.00167347
   0.325255  -0.0084098 -0.00167347     0.40139
IMAGINARY
           0  -0.00533694  0.000705283   -0.0108625
  0.00533694            0  -0.00559549 -0.000615372
-0.000705283   0.00559549            0   0.00416808
   0.0108625  0.000615372  -0.00416808            0
Repeater1[0]<--->EndNode1[0]
REAL
   0.413894  0.00463307 0.000181872    0.328356
 0.00463307   0.0857404 0.000250852  0.00107441
0.000181872 0.000250852   0.0819013 -0.00247944
   0.328356  0.00107441 -0.00247944    0.418464
IMAGINARY
           0   0.00457815  -0.00109437 -0.000543778
 -0.00457815            0  -0.00126062  -0.00413334
  0.00109437   0.00126062            0   0.00171283
 0.000543778   0.00413334  -0.00171283            0
Repeater1[0]<--->HoM1[0]
REAL
   0.412367  2.7873e-05 -0.00069534    0.325255
 2.7873e-05   0.0907428  0.00328026 -0.00167347
-0.00069534  0.00328026   0.0954995  -0.0084098
   0.325255 -0.00167347  -0.0084098     0.40139
IMAGINARY
           0  0.000705283  -0.00533694   -0.0108625
-0.000705283            0   0.00559549   0.00416808
  0.00533694  -0.00559549            0 -0.000615372
   0.0108625  -0.00416808  0.000615372            0
EndNode1[0]<--->Repeater1[0]
REAL
    0.40447  -0.0107101 -0.00452364    0.326523
 -0.0107101   0.0870123  -0.0015366 -0.00470145
-0.00452364  -0.0015366   0.0890273  0.00148501
   0.326523 -0.00470145  0.00148501    0.419491
IMAGINARY
          0  -0.0052031 -0.00357764 -0.00736273
  0.0052031           0  0.00600723  0.00186005
 0.00357764 -0.00600723           0  0.00131592
 0.00736273 -0.00186005 -0.00131592           0
EndNode2[0]<--->HoM1[0]
REAL
   0.409801 0.000548465 0.000982934    0.330996
0.000548465    0.087358  0.00320237  0.00304571
0.000982934  0.00320237   0.0848722  0.00885171
   0.330996  0.00304571  0.00885171    0.417969
IMAGINARY
           0 -5.70651e-05   0.00227881   0.00847006
 5.70651e-05            0   0.00910701   0.00593887
 -0.00227881  -0.00910701            0  -0.00176909
 -0.00847006  -0.00593887   0.00176909            0
Repeater1[0]<--->EndNode1[0]
REAL
    0.40447 -0.00452364  -0.0107101    0.326523
-0.00452364   0.0890273  -0.0015366  0.00148501
 -0.0107101  -0.0015366   0.0870123 -0.00470145
   0.326523  0.00148501 -0.00470145    0.419491
IMAGINARY
          0 -0.00357764  -0.0052031 -0.00736273
 0.00357764           0 -0.00600723  0.00131592
  0.0052031  0.00600723           0  0.00186005
 0.00736273 -0.00131592 -0.00186005           0
Repeater1[0]<--->HoM1[0]
REAL
   0.409801 0.000982934 0.000548465    0.330996
0.000982934   0.0848722  0.00320237  0.00885171
0.000548465  0.00320237    0.087358  0.00304571
   0.330996  0.00885171  0.00304571    0.417969
IMAGINARY
           0   0.00227881 -5.70651e-05   0.00847006
 -0.00227881            0  -0.00910701  -0.00176909
 5.70651e-05   0.00910701            0   0.00593887
 -0.00847006   0.00176909  -0.00593887            0
EndNode1[0]<--->Repeater1[0]
REAL
   0.421567  0.00199443 -0.00132958     0.32468
 0.00199443   0.0890176  0.00124467 -0.00507156
-0.00132958  0.00124467   0.0848562 -0.00359472
    0.32468 -0.00507156 -0.00359472    0.404559
IMAGINARY
           0 -3.56141e-05   0.00217638 -0.000566345
 3.56141e-05            0   0.00311961   0.00298009
 -0.00217638  -0.00311961            0  -0.00352057
 0.000566345  -0.00298009   0.00352057            0
EndNode2[0]<--->HoM1[0]
REAL
   0.404052 -0.00626807 0.000750018     0.31971
-0.00626807   0.0867403 -0.00469895 -0.00127856
0.000750018 -0.00469895   0.0915285 -0.00483129
    0.31971 -0.00127856 -0.00483129     0.41768
IMAGINARY
           0   0.00972015 -0.000904565  -0.00464846
 -0.00972015            0   0.00140832  -0.00825751
 0.000904565  -0.00140832            0   0.00139887
  0.00464846   0.00825751  -0.00139887            0
Repeater1[0]<--->EndNode1[0]
REAL
   0.421567 -0.00132958  0.00199443     0.32468
-0.00132958   0.0848562  0.00124467 -0.00359472
 0.00199443  0.00124467   0.0890176 -0.00507156
    0.32468 -0.00359472 -0.00507156    0.404559
IMAGINARY
           0   0.00217638 -3.56141e-05 -0.000566345
 -0.00217638            0  -0.00311961  -0.00352057
 3.56141e-05   0.00311961            0   0.00298009
 0.000566345   0.00352057  -0.00298009            0
Repeater1[0]<--->HoM1[0]
REAL
   0.404052 0.000750018 -0.00626807     0.31971
0.000750018   0.0915285 -0.00469895 -0.00483129
-0.00626807 -0.00469895   0.0867403 -0.00127856
    0.31971 -0.00483129 -0.00127856     0.41768
IMAGINARY
           0 -0.000904565   0.00972015  -0.00464846
 0.000904565            0  -0.00140832   0.00139887
 -0.00972015   0.00140832            0  -0.00825751
  0.00464846  -0.00139887   0.00825751            0
EndNode1[0]<--->Repeater1[0]
REAL
   0.413402  0.00406018  0.00937871    0.326014
 0.00406018   0.0803735   0.0041947 -0.00232639
 0.00937871   0.0041947   0.0882461  0.00816977
   0.326014 -0.00232639  0.00816977    0.417979
IMAGINARY
          0  0.00164094  0.00305613  -0.0039173
-0.00164094           0 -0.00373898  0.00187838
-0.00305613  0.00373898           0 -0.00173066
  0.0039173 -0.00187838  0.00173066           0
EndNode2[0]<--->HoM1[0]
REAL
    0.404345   0.00384125      0.01151     0.328324
  0.00384125    0.0929847 -0.000819458  -0.00181622
     0.01151 -0.000819458    0.0898545   0.00295346
    0.328324  -0.00181622   0.00295346     0.412815
IMAGINARY
          0  0.00123201 -0.00493809  0.00588872
-0.00123201           0  0.00184559   0.0020237
 0.00493809 -0.00184559           0 -0.00196061
-0.00588872  -0.0020237  0.00196061           0
Repeater1[0]<--->EndNode1[0]
REAL
   0.413402  0.00937871  0.00406018    0.326014
 0.00937871   0.0882461   0.0041947  0.00816977
 0.00406018   0.0041947   0.0803735 -0.00232639
   0.326014  0.00816977 -0.00232639    0.417979
IMAGINARY
          0  0.00305613  0.00164094  -0.0039173
-0.00305613           0  0.00373898 -0.00173066
-0.00164094 -0.00373898           0  0.00187838
  0.0039173  0.00173066 -0.00187838           0
Repeater1[0]<--->HoM1[0]
REAL
    0.404345      0.01151   0.00384125     0.328324
     0.01151    0.0898545 -0.000819458   0.00295346
  0.00384125 -0.000819458    0.0929847  -0.00181622
    0.328324   0.00295346  -0.00181622     0.412815
IMAGINARY
          0 -0.00493809  0.00123201  0.00588872
 0.00493809           0 -0.00184559 -0.00196061
-0.00123201  0.00184559           0   0.0020237
-0.00588872  0.00196061  -0.0020237           0
EndNode1[0]<--->Repeater1[0]
REAL
   0.421554 -0.00935898 -0.00484407    0.330813
-0.00935898     0.08761  0.00240205 -0.00385004
-0.00484407  0.00240205   0.0848607 -0.00217402
   0.330813 -0.00385004 -0.00217402    0.405975
IMAGINARY
           0    0.0043575 -0.000877473  -0.00126611
  -0.0043575            0   0.00769698  -0.00519247
 0.000877473  -0.00769698            0  -0.00245498
  0.00126611   0.00519247   0.00245498            0
EndNode2[0]<--->HoM1[0]
REAL
    0.41053 -0.00250084  0.00051846    0.327568
-0.00250084   0.0848675 -0.00278417 -0.00518971
 0.00051846 -0.00278417   0.0865243  0.00664327
   0.327568 -0.00518971  0.00664327    0.418078
IMAGINARY
           0   0.00724805  0.000679611  -0.00612487
 -0.00724805            0   0.00417138  -0.00360152
-0.000679611  -0.00417138            0  -0.00680534
  0.00612487   0.00360152   0.00680534            0
Repeater1[0]<--->EndNode1[0]
REAL
   0.421554 -0.00484407 -0.00935898    0.330813
-0.00484407   0.0848607  0.00240205 -0.00217402
-0.00935898  0.00240205     0.08761 -0.00385004
   0.330813 -0.00217402 -0.00385004    0.405975
IMAGINARY
           0 -0.000877473    0.0043575  -0.00126611
 0.000877473            0  -0.00769698  -0.00245498
  -0.0043575   0.00769698            0  -0.00519247
  0.00126611   0.00245498   0.00519247            0
Repeater1[0]<--->HoM1[0]
REAL
    0.41053  0.00051846 -0.00250084    0.327568
 0.00051846   0.0865243 -0.00278417  0.00664327
-0.00250084 -0.00278417   0.0848675 -0.00518971
   0.327568  0.00664327 -0.00518971    0.418078
IMAGINARY
           0  0.000679611   0.00724805  -0.00612487
-0.000679611            0  -0.00417138  -0.00680534
 -0.00724805   0.00417138            0  -0.00360152
  0.00612487   0.00680534   0.00360152            0
EndNode1[0]<--->Repeater1[0]
REAL
    0.41155  0.00307208 -0.00535361    0.326219
 0.00307208   0.0960102 -0.00242648  0.00392249
-0.00535361 -0.00242648      0.0818 0.000326843
   0.326219  0.00392249 0.000326843    0.410639
IMAGINARY
           0   0.00668189  2.87692e-05   0.00405176
 -0.00668189            0  -0.00170942 -0.000768962
-2.87692e-05   0.00170942            0   0.00331071
 -0.00405176  0.000768962  -0.00331071            0
EndNode2[0]<--->HoM1[0]
REAL
   0.414921 -0.00503723  0.00294622    0.324591
-0.00503723   0.0821389  0.00228488   -0.005588
 0.00294622  0.00228488   0.0841602  0.00433275
   0.324591   -0.005588  0.00433275     0.41878
IMAGINARY
           0   0.00299249    -0.001015  -0.00646455
 -0.00299249            0   0.00259973  -0.00517112
    0.001015  -0.00259973            0 -0.000213222
  0.00646455   0.00517112  0.000213222            0
Repeater1[0]<--->EndNode1[0]
REAL
    0.41155 -0.00535361  0.00307208    0.326219
-0.00535361      0.0818 -0.00242648 0.000326843
 0.00307208 -0.00242648   0.0960102  0.00392249
   0.326219 0.000326843  0.00392249    0.410639
IMAGINARY
           0  2.87692e-05   0.00668189   0.00405176
-2.87692e-05            0   0.00170942   0.00331071
 -0.00668189  -0.00170942            0 -0.000768962
 -0.00405176  -0.00331071  0.000768962            0
Repeater1[0]<--->HoM1[0]
REAL
   0.414921  0.00294622 -0.00503723    0.324591
 0.00294622   0.0841602  0.00228488  0.00433275
-0.00503723  0.00228488   0.0821389   -0.005588
   0.324591  0.00433275   -0.005588     0.41878
IMAGINARY
           0    -0.001015   0.00299249  -0.00646455
    0.001015            0  -0.00259973 -0.000213222
 -0.00299249   0.00259973            0  -0.00517112
  0.00646455  0.000213222   0.00517112            0
EndNode1[0]<--->Repeater1[0]
REAL
    0.401387 -0.000959572   0.00567127     0.326063
-0.000959572    0.0908593  -0.00340552   0.00219843
  0.00567127  -0.00340552    0.0877577 -0.000870589
    0.326063   0.00219843 -0.000870589     0.419996
IMAGINARY
           0  -0.00645344  -0.00566183  0.000410074
  0.00645344            0  -0.00435697 -0.000759865
  0.00566183   0.00435697            0   0.00466963
-0.000410074  0.000759865  -0.00466963            0
EndNode2[0]<--->HoM1[0]
REAL
   0.415054  0.00160712  0.00595869    0.322759
 0.00160712   0.0852121 0.000685681  0.00452706
 0.00595869 0.000685681   0.0887626   0.0115673
   0.322759  0.00452706   0.0115673    0.410971
IMAGINARY
           0   -0.0128013  -0.00551566  0.000540958
   0.0128013            0 -0.000273816   0.00605757
  0.00551566  0.000273816            0 -0.000927004
-0.000540958  -0.00605757  0.000927004            0
Repeater1[0]<--->EndNode1[0]
REAL
    0.401387   0.00567127 -0.000959572     0.326063
  0.00567127    0.0877577  -0.00340552 -0.000870589
-0.000959572  -0.00340552    0.0908593   0.00219843
    0.326063 -0.000870589   0.00219843     0.419996
IMAGINARY
           0  -0.00566183  -0.00645344  0.000410074
  0.00566183            0   0.00435697   0.00466963
  0.00645344  -0.00435697            0 -0.000759865
-0.000410074  -0.00466963  0.000759865            0
Repeater1[0]<--->HoM1[0]
REAL
   0.415054  0.00595869  0.00160712    0.322759
 0.00595869   0.0887626 0.000685681   0.0115673
 0.00160712 0.000685681   0.0852121  0.00452706
   0.322759   0.0115673  0.00452706    0.410971
IMAGINARY
           0  -0.00551566   -0.0128013  0.000540958
  0.00551566            0  0.000273816 -0.000927004
   0.0128013 -0.000273816            0   0.00605757
-0.000540958  0.000927004  -0.00605757            0
EndNode1[0]<--->Repeater1[0]
REAL
    0.408116   0.00261593 -0.000473657     0.329742
  0.00261593    0.0873649   0.00356134  -0.00618328
-0.000473657   0.00356134    0.0877193   -0.0089081
    0.329742  -0.00618328   -0.0089081       0.4168
IMAGINARY
           0   0.00641539   0.00130333   0.00700061
 -0.00641539            0   0.00468249  0.000127285
 -0.00130333  -0.00468249            0  -0.00033528
 -0.00700061 -0.000127285   0.00033528            0
EndNode2[0]<--->HoM1[0]
REAL
   0.415584 -0.00139021 -0.00616245    0.323975
-0.00139021   0.0853175  0.00165584 -0.00183612
-0.00616245  0.00165584   0.0891053 -0.00607513
   0.323975 -0.00183612 -0.00607513    0.409993
IMAGINARY
          0 -0.00477891  -0.0104408 -0.00437372
 0.00477891           0 -0.00255553  0.00798313
  0.0104408  0.00255553           0 -0.00441461
 0.00437372 -0.00798313  0.00441461           0
Repeater1[0]<--->EndNode1[0]
REAL
    0.408116 -0.000473657   0.00261593     0.329742
-0.000473657    0.0877193   0.00356134   -0.0089081
  0.00261593   0.00356134    0.0873649  -0.00618328
    0.329742   -0.0089081  -0.00618328       0.4168
IMAGINARY
           0   0.00130333   0.00641539   0.00700061
 -0.00130333            0  -0.00468249  -0.00033528
 -0.00641539   0.00468249            0  0.000127285
 -0.00700061   0.00033528 -0.000127285            0
Repeater1[0]<--->HoM1[0]
REAL
   0.415584 -0.00616245 -0.00139021    0.323975
-0.00616245   0.0891053  0.00165584 -0.00607513
-0.00139021  0.00165584   0.0853175 -0.00183612
   0.323975 -0.00607513 -0.00183612    0.409993
IMAGINARY
          0  -0.0104408 -0.00477891 -0.00437372
  0.0104408           0  0.00255553 -0.00441461
 0.00477891 -0.00255553           0  0.00798313
 0.00437372  0.00441461 -0.00798313           0
EndNode1[0]<--->Repeater1[0]
REAL
    0.410233   0.00242708 -0.000285825     0.319796
  0.00242708    0.0913036   0.00657762  -0.00172883
-0.000285825   0.00657762    0.0880492  -0.00151133
    0.319796  -0.00172883  -0.00151133     0.410414
IMAGINARY
           0   0.00350178   0.00737549  -0.00126475
 -0.00350178            0  0.000820468  -0.00611831
 -0.00737549 -0.000820468            0 -0.000807811
  0.00126475   0.00611831  0.000807811            0
EndNode2[0]<--->HoM1[0]
REAL
    0.414998   0.00295965   0.00104564     0.322747
  0.00295965    0.0851838   0.00222544    0.0018414
  0.00104564   0.00222544     0.086822 -0.000794369
    0.322747    0.0018414 -0.000794369     0.412996
IMAGINARY
           0  -0.00327448   0.00181993  -0.00463415
  0.00327448            0   -0.0027426 -0.000289776
 -0.00181993    0.0027426            0 -0.000595908
  0.00463415  0.000289776  0.000595908            0
Repeater1[0]<--->EndNode1[0]
REAL
    0.410233 -0.000285825   0.00242708     0.319796
-0.000285825    0.0880492   0.00657762  -0.00151133
  0.00242708   0.00657762    0.0913036  -0.00172883
    0.319796  -0.00151133  -0.00172883     0.410414
IMAGINARY
           0   0.00737549   0.00350178  -0.00126475
 -0.00737549            0 -0.000820468 -0.000807811
 -0.00350178  0.000820468            0  -0.00611831
  0.00126475  0.000807811   0.00611831            0
Repeater1[0]<--->HoM1[0]
REAL
    0.414998   0.00104564   0.00295965     0.322747
  0.00104564     0.086822   0.00222544 -0.000794369
  0.00295965   0.00222544    0.0851838    0.0018414
    0.322747 -0.000794369    0.0018414     0.412996
IMAGINARY
           0   0.00181993  -0.00327448  -0.00463415
 -0.00181993            0    0.0027426 -0.000595908
  0.00327448   -0.0027426            0 -0.000289776
  0.00463415  0.000595908  0.000289776            0
EndNode1[0]<--->Repeater1[0]
REAL
    0.418633   0.00555767   0.00469121     0.326252
  0.00555767     0.084889 -0.000886096   0.00651006
  0.00469121 -0.000886096    0.0817189   0.00211564
    0.326252   0.00651006   0.00211564     0.414759
IMAGINARY
           0   0.00348685   -0.0068075 -0.000320083
 -0.00348685            0  -0.00842023   0.00265737
   0.0068075   0.00842023            0  -0.00114113
 0.000320083  -0.00265737   0.00114113            0
EndNode2[0]<--->HoM1[0]
REAL
    0.409653 -0.000130521  -0.00220704     0.322416
-0.000130521    0.0907001   0.00234476   0.00422761
 -0.00220704   0.00234476    0.0862801   0.00141634
    0.322416   0.00422761   0.00141634     0.413366
IMAGINARY
           0  -0.00672131  -0.00230484   0.00120196
  0.00672131            0   0.00469721   0.00284248
  0.00230484  -0.00469721            0 -0.000267938
 -0.00120196  -0.00284248  0.000267938            0
Repeater1[0]<--->EndNode1[0]
REAL
    0.418633   0.00469121   0.00555767     0.326252
  0.00469121    0.0817189 -0.000886096   0.00211564
  0.00555767 -0.000886096     0.084889   0.00651006
    0.326252   0.00211564   0.00651006     0.414759
IMAGINARY
           0   -0.0068075   0.00348685 -0.000320083
   0.0068075            0   0.00842023  -0.00114113
 -0.00348685  -0.00842023            0   0.00265737
 0.000320083   0.00114113  -0.00265737            0
Repeater1[0]<--->HoM1[0]
REAL
    0.409653  -0.00220704 -0.000130521     0.322416
 -0.00220704    0.0862801   0.00234476   0.00141634
-0.000130521   0.00234476    0.0907001   0.00422761
    0.322416   0.00141634   0.00422761     0.413366
IMAGINARY
           0  -0.00230484  -0.00672131   0.00120196
  0.00230484            0  -0.00469721 -0.000267938
  0.00672131   0.00469721            0   0.00284248
 -0.00120196  0.000267938  -0.00284248            0
EndNode1[0]<--->Repeater1[0]
REAL
   0.421526  -0.0068414 -7.9526e-05    0.328075
 -0.0068414   0.0889129  0.00174685 -0.00397234
-7.9526e-05  0.00174685   0.0854932  0.00657128
   0.328075 -0.00397234  0.00657128    0.404068
IMAGINARY
           0   0.00939009   0.00277788  0.000973591
 -0.00939009            0   0.00412845  -0.00537134
 -0.00277788  -0.00412845            0 -0.000178859
-0.000973591   0.00537134  0.000178859            0
EndNode2[0]<--->HoM1[0]
REAL
   0.414211  0.00788339  0.00186456    0.322186
 0.00788339   0.0847368 0.000471858 -0.00241361
 0.00186456 0.000471858   0.0873684  0.00419567
   0.322186 -0.00241361  0.00419567    0.413684
IMAGINARY
          0 -0.00262113   0.0052045  0.00197536
 0.00262113           0 -0.00188669  0.00375417
 -0.0052045  0.00188669           0 -0.00474094
-0.00197536 -0.00375417  0.00474094           0
Repeater1[0]<--->EndNode1[0]
REAL
   0.421526 -7.9526e-05  -0.0068414    0.328075
-7.9526e-05   0.0854932  0.00174685  0.00657128
 -0.0068414  0.00174685   0.0889129 -0.00397234
   0.328075  0.00657128 -0.00397234    0.404068
IMAGINARY
           0   0.00277788   0.00939009  0.000973591
 -0.00277788            0  -0.00412845 -0.000178859
 -0.00939009   0.00412845            0  -0.00537134
-0.000973591  0.000178859   0.00537134            0
Repeater1[0]<--->HoM1[0]
REAL
   0.414211  0.00186456  0.00788339    0.322186
 0.00186456   0.0873684 0.000471858  0.00419567
 0.00788339 0.000471858   0.0847368 -0.00241361
   0.322186  0.00419567 -0.00241361    0.413684
IMAGINARY
          0   0.0052045 -0.00262113  0.00197536
 -0.0052045           0  0.00188669 -0.00474094
 0.00262113 -0.00188669           0  0.00375417
-0.00197536  0.00474094 -0.00375417           0
EndNode1[0]<--->Repeater1[0]
REAL
   0.407717  0.00685503 -0.00131274    0.328368
 0.00685503   0.0892603 -0.00222694  0.00166937
-0.00131274 -0.00222694   0.0846373 -0.00738998
   0.328368  0.00166937 -0.00738998    0.418385
IMAGINARY
           0  -0.00307018   0.00405941  -0.00152444
  0.00307018            0  -0.00116277 -4.33414e-05
 -0.00405941   0.00116277            0 -0.000580785
  0.00152444  4.33414e-05  0.000580785            0
EndNode2[0]<--->HoM1[0]
REAL
   0.419343  0.00820354  0.00336562    0.327829
 0.00820354   0.0840138 -0.00463022   0.0116099
 0.00336562 -0.00463022   0.0818363  0.00568283
   0.327829   0.0116099  0.00568283    0.414807
IMAGINARY
           0  -0.00738937    0.0071727   0.00242961
  0.00738937            0  0.000491264   0.00160241
  -0.0071727 -0.000491264            0   0.00259473
 -0.00242961  -0.00160241  -0.00259473            0
Repeater1[0]<--->EndNode1[0]
REAL
   0.407717 -0.00131274  0.00685503    0.328368
-0.00131274   0.0846373 -0.00222694 -0.00738998
 0.00685503 -0.00222694   0.0892603  0.00166937
   0.328368 -0.00738998  0.00166937    0.418385
IMAGINARY
           0   0.00405941  -0.00307018  -0.00152444
 -0.00405941            0   0.00116277 -0.000580785
  0.00307018  -0.00116277            0 -4.33414e-05
  0.00152444  0.000580785  4.33414e-05            0
Repeater1[0]<--->HoM1[0]
REAL
   0.419343  0.00336562  0.00820354    0.327829
 0.00336562   0.0818363 -0.00463022  0.00568283
 0.00820354 -0.00463022   0.0840138   0.0116099
   0.327829  0.00568283   0.0116099    0.414807
IMAGINARY
           0    0.0071727  -0.00738937   0.00242961
  -0.0071727            0 -0.000491264   0.00259473
  0.00738937  0.000491264            0   0.00160241
 -0.00242961  -0.00259473  -0.00160241            0
EndNode1[0]<--->Repeater1[0]
REAL
   0.419268  0.00666891  0.00683513    0.329296
 0.00666891   0.0873173 -0.00174154  0.00426375
 0.00683513 -0.00174154   0.0900235  0.00442997
   0.329296  0.00426375  0.00442997    0.403392
IMAGINARY
           0 -0.000911537 -0.000799214   0.00507421
 0.000911537            0 -0.000982559   0.00493145
 0.000799214  0.000982559            0 -0.000649528
 -0.00507421  -0.00493145  0.000649528            0
EndNode2[0]<--->HoM1[0]
REAL
   0.406081 -0.00288802  0.00321923    0.325948
-0.00288802   0.0878014 -0.00103805 -0.00339973
 0.00321923 -0.00103805   0.0921195 -0.00270765
   0.325948 -0.00339973 -0.00270765    0.413998
IMAGINARY
           0   0.00625103  -0.00281936   0.00345431
 -0.00625103            0  -0.00300701  0.000461722
  0.00281936   0.00300701            0   0.00227273
 -0.00345431 -0.000461722  -0.00227273            0
Repeater1[0]<--->EndNode1[0]
REAL
   0.419268  0.00683513  0.00666891    0.329296
 0.00683513   0.0900235 -0.00174154  0.00442997
 0.00666891 -0.00174154   0.0873173  0.00426375
   0.329296  0.00442997  0.00426375    0.403392
IMAGINARY
           0 -0.000799214 -0.000911537   0.00507421
 0.000799214            0  0.000982559 -0.000649528
 0.000911537 -0.000982559            0   0.00493145
 -0.00507421  0.000649528  -0.00493145            0
Repeater1[0]<--->HoM1[0]
REAL
   0.406081  0.00321923 -0.00288802    0.325948
 0.00321923   0.0921195 -0.00103805 -0.00270765
-0.00288802 -0.00103805   0.0878014 -0.00339973
   0.325948 -0.00270765 -0.00339973    0.413998
IMAGINARY
           0  -0.00281936   0.00625103   0.00345431
  0.00281936            0   0.00300701   0.00227273
 -0.00625103  -0.00300701            0  0.000461722
 -0.00345431  -0.00227273 -0.000461722            0
EndNode1[0]<--->Repeater1[0]
REAL
   0.422662  0.00756564  0.00124507    0.322627
 0.00756564   0.0834706 -0.00487492  0.00548465
 0.00124507 -0.00487492   0.0895113  0.00534815
   0.322627  0.00548465  0.00534815    0.404357
IMAGINARY
           0  0.000767433   0.00259332  4.48109e-05
-0.000767433            0 -4.48109e-05  -0.00854154
 -0.00259332  4.48109e-05            0  -0.00111733
-4.48109e-05   0.00854154   0.00111733            0
EndNode2[0]<--->HoM1[0]
REAL
   0.406761  0.00160475   0.0013321    0.326641
 0.00160475   0.0891053  0.00457819  0.00465804
  0.0013321  0.00457819   0.0903913 -0.00125239
   0.326641  0.00465804 -0.00125239    0.413742
IMAGINARY
          0 -0.00215362 -0.00230028 -0.00556346
 0.00215362           0  0.00243007   0.0022106
 0.00230028 -0.00243007           0  0.00331954
 0.00556346  -0.0022106 -0.00331954           0
Repeater1[0]<--->EndNode1[0]
REAL
   0.422662  0.00124507  0.00756564    0.322627
 0.00124507   0.0895113 -0.00487492  0.00534815
 0.00756564 -0.00487492   0.0834706  0.00548465
   0.322627  0.00534815  0.00548465    0.404357
IMAGINARY
           0   0.00259332  0.000767433  4.48109e-05
 -0.00259332            0  4.48109e-05  -0.00111733
-0.000767433 -4.48109e-05            0  -0.00854154
-4.48109e-05   0.00111733   0.00854154            0
Repeater1[0]<--->HoM1[0]
REAL
   0.406761   0.0013321  0.00160475    0.326641
  0.0013321   0.0903913  0.00457819 -0.00125239
 0.00160475  0.00457819   0.0891053  0.00465804
   0.326641 -0.00125239  0.00465804    0.413742
IMAGINARY
          0 -0.00230028 -0.00215362 -0.00556346
 0.00230028           0 -0.00243007  0.00331954
 0.00215362  0.00243007           0   0.0022106
 0.00556346 -0.00331954  -0.0022106           0
EndNode1[0]<--->Repeater1[0]
REAL
    0.415452 -0.000374285   -0.0126032     0.328254
-0.000374285    0.0904302 -0.000883675  8.08452e-05
  -0.0126032 -0.000883675    0.0888499  -0.00517133
    0.328254  8.08452e-05  -0.00517133     0.405268
IMAGINARY
           0 -0.000401714   0.00764799 -0.000324099
 0.000401714            0  -0.00710652  -0.00380939
 -0.00764799   0.00710652            0 -0.000401714
 0.000324099   0.00380939  0.000401714            0
EndNode2[0]<--->HoM1[0]
REAL
    0.415652   0.00251653   0.00467844     0.329283
  0.00251653    0.0916905  0.000966842 -0.000277507
  0.00467844  0.000966842     0.086139   0.00206404
    0.329283 -0.000277507   0.00206404     0.406519
IMAGINARY
          0 -0.00326491   0.0104703  0.00557354
 0.00326491           0  0.00367584  -0.0021689
 -0.0104703 -0.00367584           0 -0.00120508
-0.00557354   0.0021689  0.00120508           0
Repeater1[0]<--->EndNode1[0]
REAL
    0.415452   -0.0126032 -0.000374285     0.328254
  -0.0126032    0.0888499 -0.000883675  -0.00517133
-0.000374285 -0.000883675    0.0904302  8.08452e-05
    0.328254  -0.00517133  8.08452e-05     0.405268
IMAGINARY
           0   0.00764799 -0.000401714 -0.000324099
 -0.00764799            0   0.00710652 -0.000401714
 0.000401714  -0.00710652            0  -0.00380939
 0.000324099  0.000401714   0.00380939            0
Repeater1[0]<--->HoM1[0]
REAL
    0.415652   0.00467844   0.00251653     0.329283
  0.00467844     0.086139  0.000966842   0.00206404
  0.00251653  0.000966842    0.0916905 -0.000277507
    0.329283   0.00206404 -0.000277507     0.406519
IMAGINARY
          0   0.0104703 -0.00326491  0.00557354
 -0.0104703           0 -0.00367584 -0.00120508
 0.00326491  0.00367584           0  -0.0021689
-0.00557354  0.00120508   0.0021689           0
EndNode1[0]<--->Repeater1[0]
REAL
      0.397 -0.00356918  -0.0027847    0.330863
-0.00356918   0.0914348  0.00366922  0.00296456
 -0.0027847  0.00366922   0.0885435 -0.00524377
   0.330863  0.00296456 -0.00524377    0.423021
IMAGINARY
          0 -0.00117975  0.00771619  0.00427548
 0.00117975           0 -0.00240081 -0.00861904
-0.00771619  0.00240081           0  0.00551345
-0.00427548  0.00861904 -0.00551345           0
EndNode2[0]<--->HoM1[0]
REAL
    0.414991  -0.00353242  0.000608766     0.328376
 -0.00353242    0.0883598   0.00489856    0.0011668
 0.000608766   0.00489856     0.089418 -0.000551389
    0.328376    0.0011668 -0.000551389     0.407231
IMAGINARY
          0   0.0034289 -0.00364294 -0.00223447
 -0.0034289           0  0.00413149  0.00328669
 0.00364294 -0.00413149           0 -0.00146951
 0.00223447 -0.00328669  0.00146951           0
Repeater1[0]<--->EndNode1[0]
REAL
      0.397  -0.0027847 -0.00356918    0.330863
 -0.0027847   0.0885435  0.00366922 -0.00524377
-0.00356918  0.00366922   0.0914348  0.00296456
   0.330863 -0.00524377  0.00296456    0.423021
IMAGINARY
          0  0.00771619 -0.00117975  0.00427548
-0.00771619           0  0.00240081  0.00551345
 0.00117975 -0.00240081           0 -0.00861904
-0.00427548 -0.00551345  0.00861904           0
Repeater1[0]<--->HoM1[0]
REAL
    0.414991  0.000608766  -0.00353242     0.328376
 0.000608766     0.089418   0.00489856 -0.000551389
 -0.00353242   0.00489856    0.0883598    0.0011668
    0.328376 -0.000551389    0.0011668     0.407231
IMAGINARY
          0 -0.00364294   0.0034289 -0.00223447
 0.00364294           0 -0.00413149 -0.00146951
 -0.0034289  0.00413149           0  0.00328669
 0.00223447  0.00146951 -0.00328669           0
EndNode1[0]<--->Repeater1[0]
REAL
    0.423753   -0.0028224  -0.00828761     0.330577
  -0.0028224    0.0839612  -0.00367872 -0.000503398
 -0.00828761  -0.00367872    0.0911374  -0.00578736
    0.330577 -0.000503398  -0.00578736     0.401148
IMAGINARY
          0 -0.00446564  0.00640139  0.00673517
 0.00446564           0 -0.00449383 -0.00434745
-0.00640139  0.00449383           0  0.00598377
-0.00673517  0.00434745 -0.00598377           0
EndNode2[0]<--->HoM1[0]
REAL
     0.40868  -0.00460905 -4.14421e-06     0.323907
 -0.00460905    0.0878654   0.00544966   0.00126951
-4.14421e-06   0.00544966    0.0875111   0.00406675
    0.323907   0.00126951   0.00406675     0.415943
IMAGINARY
           0 -0.000303366 -8.58313e-05 -0.000630249
 0.000303366            0   0.00208321   0.00355991
 8.58313e-05  -0.00208321            0  -0.00334887
 0.000630249  -0.00355991   0.00334887            0
Repeater1[0]<--->EndNode1[0]
REAL
    0.423753  -0.00828761   -0.0028224     0.330577
 -0.00828761    0.0911374  -0.00367872  -0.00578736
  -0.0028224  -0.00367872    0.0839612 -0.000503398
    0.330577  -0.00578736 -0.000503398     0.401148
IMAGINARY
          0  0.00640139 -0.00446564  0.00673517
-0.00640139           0  0.00449383  0.00598377
 0.00446564 -0.00449383           0 -0.00434745
-0.00673517 -0.00598377  0.00434745           0
Repeater1[0]<--->HoM1[0]
REAL
     0.40868 -4.14421e-06  -0.00460905     0.323907
-4.14421e-06    0.0875111   0.00544966   0.00406675
 -0.00460905   0.00544966    0.0878654   0.00126951
    0.323907   0.00406675   0.00126951     0.415943
IMAGINARY
           0 -8.58313e-05 -0.000303366 -0.000630249
 8.58313e-05            0  -0.00208321  -0.00334887
 0.000303366   0.00208321            0   0.00355991
 0.000630249   0.00334887  -0.00355991            0
EndNode1[0]<--->Repeater1[0]
REAL
  0.418919 0.00306914 0.00013365   0.324411
0.00306914  0.0855263 0.00346376 0.00182434
0.00013365 0.00346376  0.0816145 0.00227084
  0.324411 0.00182434 0.00227084    0.41394
IMAGINARY
           0  0.000542501 -0.000423785 -5.05291e-05
-0.000542501            0  -0.00471672   -0.0028549
 0.000423785   0.00471672            0 -0.000360352
 5.05291e-05    0.0028549  0.000360352            0
EndNode2[0]<--->HoM1[0]
REAL
   0.412887 -0.00180403  0.00508082    0.326578
-0.00180403   0.0858531 -0.00250923   0.0017129
 0.00508082 -0.00250923   0.0849532 0.000304123
   0.326578   0.0017129 0.000304123    0.416307
IMAGINARY
           0  -0.00265881   -0.0075273  0.000933031
  0.00265881            0  -0.00884326 -0.000151112
   0.0075273   0.00884326            0   0.00636251
-0.000933031  0.000151112  -0.00636251            0
Repeater1[0]<--->EndNode1[0]
REAL
  0.418919 0.00013365 0.00306914   0.324411
0.00013365  0.0816145 0.00346376 0.00227084
0.00306914 0.00346376  0.0855263 0.00182434
  0.324411 0.00227084 0.00182434    0.41394
IMAGINARY
           0 -0.000423785  0.000542501 -5.05291e-05
 0.000423785            0   0.00471672 -0.000360352
-0.000542501  -0.00471672            0   -0.0028549
 5.05291e-05  0.000360352    0.0028549            0
Repeater1[0]<--->HoM1[0]
REAL
   0.412887  0.00508082 -0.00180403    0.326578
 0.00508082   0.0849532 -0.00250923 0.000304123
-0.00180403 -0.00250923   0.0858531   0.0017129
   0.326578 0.000304123   0.0017129    0.416307
IMAGINARY
           0   -0.0075273  -0.00265881  0.000933031
   0.0075273            0   0.00884326   0.00636251
  0.00265881  -0.00884326            0 -0.000151112
-0.000933031  -0.00636251  0.000151112            0
EndNode1[0]<--->Repeater1[0]
REAL
  0.403775 0.00484073 0.00901078   0.317951
0.00484073  0.0977054 0.00130508 0.00606593
0.00901078 0.00130508  0.0801258 0.00547491
  0.317951 0.00606593 0.00547491   0.418394
IMAGINARY
           0  -0.00342779  -0.00474599  0.000800234
  0.00342779            0   0.00621668   0.00573467
  0.00474599  -0.00621668            0 -0.000437033
-0.000800234  -0.00573467  0.000437033            0
EndNode2[0]<--->HoM1[0]
REAL
    0.406456   0.00558889   0.00208662     0.320925
  0.00558889    0.0856566   0.00310954   0.00649707
  0.00208662   0.00310954    0.0911592 -0.000581739
    0.320925   0.00649707 -0.000581739     0.416728
IMAGINARY
           0  -0.00505223   0.00384756  0.000273112
  0.00505223            0   0.00143031   0.00641637
 -0.00384756  -0.00143031            0    0.0101842
-0.000273112  -0.00641637   -0.0101842            0
Repeater1[0]<--->EndNode1[0]
REAL
  0.403775 0.00901078 0.00484073   0.317951
0.00901078  0.0801258 0.00130508 0.00547491
0.00484073 0.00130508  0.0977054 0.00606593
  0.317951 0.00547491 0.00606593   0.418394
IMAGINARY
           0  -0.00474599  -0.00342779  0.000800234
  0.00474599            0  -0.00621668 -0.000437033
  0.00342779   0.00621668            0   0.00573467
-0.000800234  0.000437033  -0.00573467            0
Repeater1[0]<--->HoM1[0]
REAL
    0.406456   0.00208662   0.00558889     0.320925
  0.00208662    0.0911592   0.00310954 -0.000581739
  0.00558889   0.00310954    0.0856566   0.00649707
    0.320925 -0.000581739   0.00649707     0.416728
IMAGINARY
           0   0.00384756  -0.00505223  0.000273112
 -0.00384756            0  -0.00143031    0.0101842
  0.00505223   0.00143031            0   0.00641637
-0.000273112   -0.0101842  -0.00641637            0
EndNode1[0]<--->Repeater1[0]
REAL
    0.413016  -0.00534096 -0.000210131     0.321794
 -0.00534096    0.0889093   0.00787091   0.00226774
-0.000210131   0.00787091    0.0885426    0.0052515
    0.321794   0.00226774    0.0052515     0.409533
IMAGINARY
          0 -0.00542821  0.00347353 -0.00599602
 0.00542821           0  0.00455924  -0.0038409
-0.00347353 -0.00455924           0  0.00304026
 0.00599602   0.0038409 -0.00304026           0
EndNode2[0]<--->HoM1[0]
REAL
    0.418406  -0.00292323 -0.000402655     0.324134
 -0.00292323    0.0815053  -0.00197613   0.00591503
-0.000402655  -0.00197613    0.0841805   0.00952001
    0.324134   0.00591503   0.00952001     0.415909
IMAGINARY
           0 -0.000241297  -0.00322685   0.00665596
 0.000241297            0   -0.0023207  0.000997492
  0.00322685    0.0023207            0    0.0101396
 -0.00665596 -0.000997492   -0.0101396            0
Repeater1[0]<--->EndNode1[0]
REAL
    0.413016 -0.000210131  -0.00534096     0.321794
-0.000210131    0.0885426   0.00787091    0.0052515
