EndNode1[0]<--->Repeater1[0]
REAL
   0.398413 -0.00876312 -0.00271126    0.328608
-0.00876312    0.089026  0.00165886 -0.00556841
-0.00271126  0.00165886   0.0987219  0.00094343
   0.328608 -0.00556841  0.00094343    0.413839
IMAGINARY
           0   0.00876419  -0.00605368  -0.00294366
 -0.00876419            0   -0.0131124 -0.000480791
  0.00605368    0.0131124            0  -0.00673625
  0.00294366  0.000480791   0.00673625            0
EndNode2[0]<--->HoM1[0]
REAL
  0.405963  0.0148282  0.0143407   0.328412
 0.0148282  0.0862385 0.00217584 0.00565931
 0.0143407 0.00217584  0.0825688 0.00987769
  0.328412 0.00565931 0.00987769   0.425229
IMAGINARY
          0   -0.013068  0.00380294 -0.00439093
   0.013068           0   0.0087846  0.00845513
-0.00380294  -0.0087846           0 -0.00349115
 0.00439093 -0.00845513  0.00349115           0
Repeater1[0]<--->EndNode1[0]
REAL
   0.398413 -0.00271126 -0.00876312    0.328608
-0.00271126   0.0987219  0.00165886  0.00094343
-0.00876312  0.00165886    0.089026 -0.00556841
   0.328608  0.00094343 -0.00556841    0.413839
IMAGINARY
           0  -0.00605368   0.00876419  -0.00294366
  0.00605368            0    0.0131124  -0.00673625
 -0.00876419   -0.0131124            0 -0.000480791
  0.00294366   0.00673625  0.000480791            0
Repeater1[0]<--->HoM1[0]
REAL
  0.405963  0.0143407  0.0148282   0.328412
 0.0143407  0.0825688 0.00217584 0.00987769
 0.0148282 0.00217584  0.0862385 0.00565931
  0.328412 0.00987769 0.00565931   0.425229
IMAGINARY
          0  0.00380294   -0.013068 -0.00439093
-0.00380294           0  -0.0087846 -0.00349115
   0.013068   0.0087846           0  0.00845513
 0.00439093  0.00349115 -0.00845513           0
EndNode1[0]<--->Repeater1[0]
REAL
    0.406569  -0.00845855   -0.0105767     0.324556
 -0.00845855    0.0869951 -0.000181571   -0.0116661
  -0.0105767 -0.000181571    0.0892144  -0.00868696
    0.324556   -0.0116661  -0.00868696     0.417221
IMAGINARY
          0   0.0138923  0.00570536   0.0106655
 -0.0138923           0   0.0113552  -0.0127798
-0.00570536  -0.0113552           0  0.00504879
 -0.0106655   0.0127798 -0.00504879           0
EndNode2[0]<--->HoM1[0]
REAL
   0.417485 -0.00537875   0.0151664    0.317378
-0.00537875   0.0930341  0.00147841  -0.0044724
  0.0151664  0.00147841    0.083684  0.00865243
   0.317378  -0.0044724  0.00865243    0.405797
IMAGINARY
          0  0.00251031 -0.00832995  -0.0040224
-0.00251031           0 -0.00905964   0.0015889
 0.00832995  0.00905964           0 -0.00134806
  0.0040224  -0.0015889  0.00134806           0
Repeater1[0]<--->EndNode1[0]
REAL
    0.406569   -0.0105767  -0.00845855     0.324556
  -0.0105767    0.0892144 -0.000181571  -0.00868696
 -0.00845855 -0.000181571    0.0869951   -0.0116661
    0.324556  -0.00868696   -0.0116661     0.417221
IMAGINARY
          0  0.00570536   0.0138923   0.0106655
-0.00570536           0  -0.0113552  0.00504879
 -0.0138923   0.0113552           0  -0.0127798
 -0.0106655 -0.00504879   0.0127798           0
Repeater1[0]<--->HoM1[0]
REAL
   0.417485   0.0151664 -0.00537875    0.317378
  0.0151664    0.083684  0.00147841  0.00865243
-0.00537875  0.00147841   0.0930341  -0.0044724
   0.317378  0.00865243  -0.0044724    0.405797
IMAGINARY
          0 -0.00832995  0.00251031  -0.0040224
 0.00832995           0  0.00905964 -0.00134806
-0.00251031 -0.00905964           0   0.0015889
  0.0040224  0.00134806  -0.0015889           0
EndNode1[0]<--->Repeater1[0]
REAL
   0.423965   0.0138264   0.0131957    0.320697
  0.0138264   0.0897603 -0.00210477 -0.00191415
  0.0131957 -0.00210477   0.0814815 -0.00164225
   0.320697 -0.00191415 -0.00164225    0.404793
IMAGINARY
           0   0.00872282   -0.0104701  0.000799972
 -0.00872282            0  -0.00125576  -0.00124002
   0.0104701   0.00125576            0   0.00961567
-0.000799972   0.00124002  -0.00961567            0
EndNode2[0]<--->HoM1[0]
REAL
    0.408885   0.00558176   0.00670037     0.327766
  0.00558176    0.0906618   0.00762511 -0.000527526
  0.00670037   0.00762511    0.0883953   0.00242007
    0.327766 -0.000527526   0.00242007     0.412058
IMAGINARY
          0  0.00433423   0.0081774  0.00215748
-0.00433423           0   0.0041946  0.00677422
 -0.0081774  -0.0041946           0  0.00929813
-0.00215748 -0.00677422 -0.00929813           0
Repeater1[0]<--->EndNode1[0]
REAL
   0.423965   0.0131957   0.0138264    0.320697
  0.0131957   0.0814815 -0.00210477 -0.00164225
  0.0138264 -0.00210477   0.0897603 -0.00191415
   0.320697 -0.00164225 -0.00191415    0.404793
IMAGINARY
           0   -0.0104701   0.00872282  0.000799972
   0.0104701            0   0.00125576   0.00961567
 -0.00872282  -0.00125576            0  -0.00124002
-0.000799972  -0.00961567   0.00124002            0
Repeater1[0]<--->HoM1[0]
REAL
    0.408885   0.00670037   0.00558176     0.327766
  0.00670037    0.0883953   0.00762511   0.00242007
  0.00558176   0.00762511    0.0906618 -0.000527526
    0.327766   0.00242007 -0.000527526     0.412058
IMAGINARY
          0   0.0081774  0.00433423  0.00215748
 -0.0081774           0  -0.0041946  0.00929813
-0.00433423   0.0041946           0  0.00677422
-0.00215748 -0.00929813 -0.00677422           0
EndNode1[0]<--->Repeater1[0]
REAL
   0.411498   -0.010547 -0.00481018    0.316048
  -0.010547   0.0823902 -0.00234063     0.00941
-0.00481018 -0.00234063   0.0837483  0.00272732
   0.316048     0.00941  0.00272732    0.422363
IMAGINARY
          0  -0.0129446  0.00744142  0.00513037
  0.0129446           0  0.00625397 -0.00584834
-0.00744142 -0.00625397           0 -0.00366897
-0.00513037  0.00584834  0.00366897           0
EndNode2[0]<--->HoM1[0]
REAL
    0.42045 -0.00245237  0.00332848     0.31888
-0.00245237   0.0837373 -0.00948165  -0.0101357
 0.00332848 -0.00948165   0.0881446   0.0035503
    0.31888  -0.0101357   0.0035503    0.407669
IMAGINARY
           0   0.00608077 -0.000181429    -0.021818
 -0.00608077            0   -0.0028596   0.00729478
 0.000181429    0.0028596            0   0.00608077
    0.021818  -0.00729478  -0.00608077            0
Repeater1[0]<--->EndNode1[0]
REAL
   0.411498 -0.00481018   -0.010547    0.316048
-0.00481018   0.0837483 -0.00234063  0.00272732
  -0.010547 -0.00234063   0.0823902     0.00941
   0.316048  0.00272732     0.00941    0.422363
IMAGINARY
          0  0.00744142  -0.0129446  0.00513037
-0.00744142           0 -0.00625397 -0.00366897
  0.0129446  0.00625397           0 -0.00584834
-0.00513037  0.00366897  0.00584834           0
Repeater1[0]<--->HoM1[0]
REAL
    0.42045  0.00332848 -0.00245237     0.31888
 0.00332848   0.0881446 -0.00948165   0.0035503
-0.00245237 -0.00948165   0.0837373  -0.0101357
    0.31888   0.0035503  -0.0101357    0.407669
IMAGINARY
           0 -0.000181429   0.00608077    -0.021818
 0.000181429            0    0.0028596   0.00608077
 -0.00608077   -0.0028596            0   0.00729478
    0.021818  -0.00608077  -0.00729478            0
EndNode1[0]<--->Repeater1[0]
REAL
   0.431667 -0.00608077  0.00304506    0.330381
-0.00608077   0.0804954  0.00693291  -0.0109315
 0.00304506  0.00693291   0.0866873 -0.00946677
   0.330381  -0.0109315 -0.00946677     0.40115
IMAGINARY
           0    0.0014523  -0.00312269 -0.000545556
  -0.0014523            0  -0.00168659  -0.00400375
  0.00312269   0.00168659            0    0.0102718
 0.000545556   0.00400375   -0.0102718            0
EndNode2[0]<--->HoM1[0]
REAL
   0.408015 -0.00358555  0.00123031    0.332408
-0.00358555    0.103825  0.00144677  0.00256602
 0.00123031  0.00144677   0.0846995  0.00202235
   0.332408  0.00256602  0.00202235    0.403461
IMAGINARY
           0   -0.0143521  0.000140661 -0.000145961
   0.0143521            0   0.00673987  -0.00325454
-0.000140661  -0.00673987            0   0.00145179
 0.000145961   0.00325454  -0.00145179            0
Repeater1[0]<--->EndNode1[0]
REAL
   0.431667  0.00304506 -0.00608077    0.330381
 0.00304506   0.0866873  0.00693291 -0.00946677
-0.00608077  0.00693291   0.0804954  -0.0109315
   0.330381 -0.00946677  -0.0109315     0.40115
IMAGINARY
           0  -0.00312269    0.0014523 -0.000545556
  0.00312269            0   0.00168659    0.0102718
  -0.0014523  -0.00168659            0  -0.00400375
 0.000545556   -0.0102718   0.00400375            0
Repeater1[0]<--->HoM1[0]
REAL
   0.408015  0.00123031 -0.00358555    0.332408
 0.00123031   0.0846995  0.00144677  0.00202235
-0.00358555  0.00144677    0.103825  0.00256602
   0.332408  0.00202235  0.00256602    0.403461
IMAGINARY
           0  0.000140661   -0.0143521 -0.000145961
-0.000140661            0  -0.00673987   0.00145179
   0.0143521   0.00673987            0  -0.00325454
 0.000145961  -0.00145179   0.00325454            0
EndNode1[0]<--->Repeater1[0]
REAL
   0.420183  0.00724954 0.000718874    0.336429
 0.00724954   0.0821101  0.00369361    0.017459
0.000718874  0.00369361   0.0816514   0.0104903
   0.336429    0.017459   0.0104903    0.416055
IMAGINARY
          0  -0.0103564  0.00649744  -0.0108136
  0.0103564           0 -0.00500484  0.00471332
-0.00649744  0.00500484           0  0.00318151
  0.0108136 -0.00471332 -0.00318151           0
EndNode2[0]<--->HoM1[0]
REAL
   0.407202 -0.00228116 -0.00556486    0.319123
-0.00228116   0.0992613 -0.00379361  -0.0013827
-0.00556486 -0.00379361   0.0891043  0.00519465
   0.319123  -0.0013827  0.00519465    0.404432
IMAGINARY
          0 -0.00276155  -0.0093456  -0.0116867
 0.00276155           0  -0.0039383 -0.00844954
  0.0093456   0.0039383           0  0.00406364
  0.0116867  0.00844954 -0.00406364           0
Repeater1[0]<--->EndNode1[0]
REAL
   0.420183 0.000718874  0.00724954    0.336429
0.000718874   0.0816514  0.00369361   0.0104903
 0.00724954  0.00369361   0.0821101    0.017459
   0.336429   0.0104903    0.017459    0.416055
IMAGINARY
          0  0.00649744  -0.0103564  -0.0108136
-0.00649744           0  0.00500484  0.00318151
  0.0103564 -0.00500484           0  0.00471332
  0.0108136 -0.00318151 -0.00471332           0
Repeater1[0]<--->HoM1[0]
REAL
   0.407202 -0.00556486 -0.00228116    0.319123
-0.00556486   0.0891043 -0.00379361  0.00519465
-0.00228116 -0.00379361   0.0992613  -0.0013827
   0.319123  0.00519465  -0.0013827    0.404432
IMAGINARY
          0  -0.0093456 -0.00276155  -0.0116867
  0.0093456           0   0.0039383  0.00406364
 0.00276155  -0.0039383           0 -0.00844954
  0.0116867 -0.00406364  0.00844954           0
EndNode1[0]<--->Repeater1[0]
REAL
    0.41158  0.00578968  0.00344786    0.325315
 0.00578968   0.0888689 -0.00145666  0.00167795
 0.00344786 -0.00145666   0.0794434  0.00399596
   0.325315  0.00167795  0.00399596    0.420108
IMAGINARY
           0  0.000566372   0.00196052   -0.0103019
-0.000566372            0   0.00846194    0.0155373
 -0.00196052  -0.00846194            0   -0.0075655
   0.0103019   -0.0155373    0.0075655            0
EndNode2[0]<--->HoM1[0]
REAL
   0.408235 -0.00235722 5.10951e-05    0.321029
-0.00235722   0.0827858  0.00480577 -0.00873706
5.10951e-05  0.00480577   0.0928603 -0.00677418
   0.321029 -0.00873706 -0.00677418    0.416119
IMAGINARY
           0  -0.00650153 -0.000409726   0.00419152
  0.00650153            0    0.0104415   0.00774245
 0.000409726   -0.0104415            0   0.00329346
 -0.00419152  -0.00774245  -0.00329346            0
Repeater1[0]<--->EndNode1[0]
REAL
    0.41158  0.00344786  0.00578968    0.325315
 0.00344786   0.0794434 -0.00145666  0.00399596
 0.00578968 -0.00145666   0.0888689  0.00167795
   0.325315  0.00399596  0.00167795    0.420108
IMAGINARY
           0   0.00196052  0.000566372   -0.0103019
 -0.00196052            0  -0.00846194   -0.0075655
-0.000566372   0.00846194            0    0.0155373
   0.0103019    0.0075655   -0.0155373            0
Repeater1[0]<--->HoM1[0]
REAL
   0.408235 5.10951e-05 -0.00235722    0.321029
5.10951e-05   0.0928603  0.00480577 -0.00677418
-0.00235722  0.00480577   0.0827858 -0.00873706
   0.321029 -0.00677418 -0.00873706    0.416119
IMAGINARY
           0 -0.000409726  -0.00650153   0.00419152
 0.000409726            0   -0.0104415   0.00329346
  0.00650153    0.0104415            0   0.00774245
 -0.00419152  -0.00329346  -0.00774245            0
EndNode1[0]<--->Repeater1[0]
REAL
    0.40497  0.00261321 -0.00243437    0.316492
 0.00261321   0.0971008 -0.00379918 -0.00131178
-0.00243437 -0.00379918   0.0888173 -0.00415574
   0.316492 -0.00131178 -0.00415574    0.409112
IMAGINARY
          0  0.00874177 -0.00300727 -0.00671053
-0.00874177           0   -0.011775  -0.0110965
 0.00300727    0.011775           0  0.00399708
 0.00671053   0.0110965 -0.00399708           0
EndNode2[0]<--->HoM1[0]
REAL
  0.407658  0.0062679 -0.0162026   0.324255
 0.0062679  0.0851351 0.00652109 0.00762857
-0.0162026 0.00652109  0.0887387 -0.0116831
  0.324255 0.00762857 -0.0116831   0.418468
IMAGINARY
           0     0.012643   0.00969917   0.00939898
   -0.012643            0  -0.00478217   0.00172045
 -0.00969917   0.00478217            0  0.000567896
 -0.00939898  -0.00172045 -0.000567896            0
Repeater1[0]<--->EndNode1[0]
REAL
    0.40497 -0.00243437  0.00261321    0.316492
-0.00243437   0.0888173 -0.00379918 -0.00415574
 0.00261321 -0.00379918   0.0971008 -0.00131178
   0.316492 -0.00415574 -0.00131178    0.409112
IMAGINARY
          0 -0.00300727  0.00874177 -0.00671053
 0.00300727           0    0.011775  0.00399708
-0.00874177   -0.011775           0  -0.0110965
 0.00671053 -0.00399708   0.0110965           0
Repeater1[0]<--->HoM1[0]
REAL
  0.407658 -0.0162026  0.0062679   0.324255
-0.0162026  0.0887387 0.00652109 -0.0116831
 0.0062679 0.00652109  0.0851351 0.00762857
  0.324255 -0.0116831 0.00762857   0.418468
IMAGINARY
           0   0.00969917     0.012643   0.00939898
 -0.00969917            0   0.00478217  0.000567896
   -0.012643  -0.00478217            0   0.00172045
 -0.00939898 -0.000567896  -0.00172045            0
EndNode1[0]<--->Repeater1[0]
REAL
    0.42379    0.012403 -0.00366993    0.324795
   0.012403   0.0854817  0.00632641  0.00572943
-0.00366993  0.00632641    0.085934  0.00750544
   0.324795  0.00572943  0.00750544    0.404794
IMAGINARY
           0  -0.00805665   0.00154025  -0.00499031
  0.00805665            0   0.00453782   -0.0119006
 -0.00154025  -0.00453782            0 -5.14578e-05
  0.00499031    0.0119006  5.14578e-05            0
EndNode2[0]<--->HoM1[0]
REAL
   0.407084  0.00548649  0.00405597    0.321754
 0.00548649   0.0804547 -0.00231589 -0.00106196
 0.00405597 -0.00231589   0.0975077 -0.00986235
   0.321754 -0.00106196 -0.00986235    0.414954
IMAGINARY
          0  -0.0109054  0.00210352  -0.0127818
  0.0109054           0 -0.00242478  0.00777246
-0.00210352  0.00242478           0  0.00240752
  0.0127818 -0.00777246 -0.00240752           0
Repeater1[0]<--->EndNode1[0]
REAL
    0.42379 -0.00366993    0.012403    0.324795
-0.00366993    0.085934  0.00632641  0.00750544
   0.012403  0.00632641   0.0854817  0.00572943
   0.324795  0.00750544  0.00572943    0.404794
IMAGINARY
           0   0.00154025  -0.00805665  -0.00499031
 -0.00154025            0  -0.00453782 -5.14578e-05
  0.00805665   0.00453782            0   -0.0119006
  0.00499031  5.14578e-05    0.0119006            0
Repeater1[0]<--->HoM1[0]
REAL
   0.407084  0.00405597  0.00548649    0.321754
 0.00405597   0.0975077 -0.00231589 -0.00986235
 0.00548649 -0.00231589   0.0804547 -0.00106196
   0.321754 -0.00986235 -0.00106196    0.414954
IMAGINARY
          0  0.00210352  -0.0109054  -0.0127818
-0.00210352           0  0.00242478  0.00240752
  0.0109054 -0.00242478           0  0.00777246
  0.0127818 -0.00240752 -0.00777246           0
