EndNode1[0]<--->Repeater1[0]
REAL
   0.415278 -0.00167488  0.00618855    0.328735
-0.00167488   0.0843672 -0.00889345  -0.0073299
 0.00618855 -0.00889345   0.0872031 -0.00122239
   0.328735  -0.0073299 -0.00122239    0.413151
IMAGINARY
           0    0.0063131  -0.00223255   0.00234579
  -0.0063131            0  0.000831986  -0.00384256
  0.00223255 -0.000831986            0   0.00160295
 -0.00234579   0.00384256  -0.00160295            0
EndNode2[0]<--->HoM1[0]
REAL
    0.403538   0.00282756   0.00700544     0.329558
  0.00282756     0.083103 -0.000169125  0.000974743
  0.00700544 -0.000169125    0.0871568   0.00185048
    0.329558  0.000974743   0.00185048     0.426202
IMAGINARY
           0  -0.00346002 -0.000935219   0.00563456
  0.00346002            0   0.00608836   0.00401349
 0.000935219  -0.00608836            0  -0.00700612
 -0.00563456  -0.00401349   0.00700612            0
Repeater1[0]<--->EndNode1[0]
REAL
   0.415278  0.00618855 -0.00167488    0.328735
 0.00618855   0.0872031 -0.00889345 -0.00122239
-0.00167488 -0.00889345   0.0843672  -0.0073299
   0.328735 -0.00122239  -0.0073299    0.413151
IMAGINARY
           0  -0.00223255    0.0063131   0.00234579
  0.00223255            0 -0.000831986   0.00160295
  -0.0063131  0.000831986            0  -0.00384256
 -0.00234579  -0.00160295   0.00384256            0
Repeater1[0]<--->HoM1[0]
REAL
    0.403538   0.00700544   0.00282756     0.329558
  0.00700544    0.0871568 -0.000169125   0.00185048
  0.00282756 -0.000169125     0.083103  0.000974743
    0.329558   0.00185048  0.000974743     0.426202
IMAGINARY
           0 -0.000935219  -0.00346002   0.00563456
 0.000935219            0  -0.00608836  -0.00700612
  0.00346002   0.00608836            0   0.00401349
 -0.00563456   0.00700612  -0.00401349            0
EndNode1[0]<--->Repeater1[0]
REAL
    0.410151  -0.00513833 -0.000571591     0.326073
 -0.00513833    0.0894907   0.00452007  -0.00943556
-0.000571591   0.00452007    0.0898494  -0.00522622
    0.326073  -0.00943556  -0.00522622     0.410509
IMAGINARY
           0 -1.83393e-05  -0.00307141  -0.00175274
 1.83393e-05            0  -0.00202832   0.00536626
  0.00307141   0.00202832            0   -0.0081513
  0.00175274  -0.00536626    0.0081513            0
EndNode2[0]<--->HoM1[0]
REAL
   0.409242   -0.011248   0.0041123    0.323359
  -0.011248   0.0876289 -0.00327662  -0.0038443
  0.0041123 -0.00327662   0.0881811  0.00776404
   0.323359  -0.0038443  0.00776404    0.414948
IMAGINARY
          0 -0.00160398 -0.00594702 -0.00457051
 0.00160398           0 -0.00606778   0.0027933
 0.00594702  0.00606778           0  0.00367643
 0.00457051  -0.0027933 -0.00367643           0
Repeater1[0]<--->EndNode1[0]
REAL
    0.410151 -0.000571591  -0.00513833     0.326073
-0.000571591    0.0898494   0.00452007  -0.00522622
 -0.00513833   0.00452007    0.0894907  -0.00943556
    0.326073  -0.00522622  -0.00943556     0.410509
IMAGINARY
           0  -0.00307141 -1.83393e-05  -0.00175274
  0.00307141            0   0.00202832   -0.0081513
 1.83393e-05  -0.00202832            0   0.00536626
  0.00175274    0.0081513  -0.00536626            0
Repeater1[0]<--->HoM1[0]
REAL
   0.409242   0.0041123   -0.011248    0.323359
  0.0041123   0.0881811 -0.00327662  0.00776404
  -0.011248 -0.00327662   0.0876289  -0.0038443
   0.323359  0.00776404  -0.0038443    0.414948
IMAGINARY
          0 -0.00594702 -0.00160398 -0.00457051
 0.00594702           0  0.00606778  0.00367643
 0.00160398 -0.00606778           0   0.0027933
 0.00457051 -0.00367643  -0.0027933           0
EndNode1[0]<--->Repeater1[0]
REAL
    0.418559   0.00613995   0.00444544     0.321637
  0.00613995    0.0904897 -0.000111907   0.00281913
  0.00444544 -0.000111907    0.0839248    0.0038152
    0.321637   0.00281913    0.0038152     0.407026
IMAGINARY
          0   0.0052084  0.00198503 -0.00305139
 -0.0052084           0 -0.00150566 -0.00950922
-0.00198503  0.00150566           0  0.00249494
 0.00305139  0.00950922 -0.00249494           0
EndNode2[0]<--->HoM1[0]
REAL
   0.410058 -0.00402001 0.000813118    0.324182
-0.00402001   0.0854362  0.00443142 -0.00312665
0.000813118  0.00443142   0.0877794  0.00281698
   0.324182 -0.00312665  0.00281698    0.416727
IMAGINARY
           0   0.00163144   0.00410285 -0.000305747
 -0.00163144            0    -0.002019   0.00675125
 -0.00410285     0.002019            0  -0.00305493
 0.000305747  -0.00675125   0.00305493            0
Repeater1[0]<--->EndNode1[0]
REAL
    0.418559   0.00444544   0.00613995     0.321637
  0.00444544    0.0839248 -0.000111907    0.0038152
  0.00613995 -0.000111907    0.0904897   0.00281913
    0.321637    0.0038152   0.00281913     0.407026
IMAGINARY
          0  0.00198503   0.0052084 -0.00305139
-0.00198503           0  0.00150566  0.00249494
 -0.0052084 -0.00150566           0 -0.00950922
 0.00305139 -0.00249494  0.00950922           0
Repeater1[0]<--->HoM1[0]
REAL
   0.410058 0.000813118 -0.00402001    0.324182
0.000813118   0.0877794  0.00443142  0.00281698
-0.00402001  0.00443142   0.0854362 -0.00312665
   0.324182  0.00281698 -0.00312665    0.416727
IMAGINARY
           0   0.00410285   0.00163144 -0.000305747
 -0.00410285            0     0.002019  -0.00305493
 -0.00163144    -0.002019            0   0.00675125
 0.000305747   0.00305493  -0.00675125            0
EndNode1[0]<--->Repeater1[0]
REAL
   0.413484 0.000211988 -0.00168876    0.324083
0.000211988   0.0883647  0.00108893  0.00308515
-0.00168876  0.00108893    0.083436  0.00956273
   0.324083  0.00308515  0.00956273    0.414716
IMAGINARY
          0 -0.00765525  0.00364556 -0.00308608
 0.00765525           0  0.00487627 -0.00118968
-0.00364556 -0.00487627           0  0.00101527
 0.00308608  0.00118968 -0.00101527           0
EndNode2[0]<--->HoM1[0]
REAL
    0.417376   0.00116022   0.00113086     0.319644
  0.00116022    0.0801418 -0.000990746  -0.00818821
  0.00113086 -0.000990746     0.087766  -0.00196422
    0.319644  -0.00818821  -0.00196422     0.414716
IMAGINARY
           0    0.0103247  -0.00634713    -0.012024
  -0.0103247            0   -0.0016148   0.00106095
  0.00634713    0.0016148            0  0.000429918
    0.012024  -0.00106095 -0.000429918            0
Repeater1[0]<--->EndNode1[0]
REAL
   0.413484 -0.00168876 0.000211988    0.324083
-0.00168876    0.083436  0.00108893  0.00956273
0.000211988  0.00108893   0.0883647  0.00308515
   0.324083  0.00956273  0.00308515    0.414716
IMAGINARY
          0  0.00364556 -0.00765525 -0.00308608
-0.00364556           0 -0.00487627  0.00101527
 0.00765525  0.00487627           0 -0.00118968
 0.00308608 -0.00101527  0.00118968           0
Repeater1[0]<--->HoM1[0]
REAL
    0.417376   0.00113086   0.00116022     0.319644
  0.00113086     0.087766 -0.000990746  -0.00196422
  0.00116022 -0.000990746    0.0801418  -0.00818821
    0.319644  -0.00196422  -0.00818821     0.414716
IMAGINARY
           0  -0.00634713    0.0103247    -0.012024
  0.00634713            0    0.0016148  0.000429918
  -0.0103247   -0.0016148            0   0.00106095
    0.012024 -0.000429918  -0.00106095            0
EndNode1[0]<--->Repeater1[0]
REAL
   0.416502  0.00093937  -0.0088535    0.329105
 0.00093937   0.0843049  0.00748823 -0.00519344
 -0.0088535  0.00748823   0.0882511 -0.00413994
   0.329105 -0.00519344 -0.00413994    0.410942
IMAGINARY
           0 -0.000227083   0.00152073   0.00607219
 0.000227083            0   0.00908479  -0.00306478
 -0.00152073  -0.00908479            0 -4.53968e-05
 -0.00607219   0.00306478  4.53968e-05            0
EndNode2[0]<--->HoM1[0]
REAL
   0.418005 -0.00467766  0.00727032    0.329567
-0.00467766   0.0896626  0.00332284  0.00063236
 0.00727032  0.00332284   0.0784774  0.00139228
   0.329567  0.00063236  0.00139228    0.413855
IMAGINARY
           0   -0.0104335  -0.00340787   0.00154015
   0.0104335            0   0.00425066 -0.000197029
  0.00340787  -0.00425066            0  -0.00110214
 -0.00154015  0.000197029   0.00110214            0
Repeater1[0]<--->EndNode1[0]
REAL
   0.416502  -0.0088535  0.00093937    0.329105
 -0.0088535   0.0882511  0.00748823 -0.00413994
 0.00093937  0.00748823   0.0843049 -0.00519344
   0.329105 -0.00413994 -0.00519344    0.410942
IMAGINARY
           0   0.00152073 -0.000227083   0.00607219
 -0.00152073            0  -0.00908479 -4.53968e-05
 0.000227083   0.00908479            0  -0.00306478
 -0.00607219  4.53968e-05   0.00306478            0
Repeater1[0]<--->HoM1[0]
REAL
   0.418005  0.00727032 -0.00467766    0.329567
 0.00727032   0.0784774  0.00332284  0.00139228
-0.00467766  0.00332284   0.0896626  0.00063236
   0.329567  0.00139228  0.00063236    0.413855
IMAGINARY
           0  -0.00340787   -0.0104335   0.00154015
  0.00340787            0  -0.00425066  -0.00110214
   0.0104335   0.00425066            0 -0.000197029
 -0.00154015   0.00110214  0.000197029            0
EndNode1[0]<--->Repeater1[0]
REAL
    0.41136  0.00703056  0.00423327    0.329829
 0.00703056   0.0888205 -0.00406617   0.0104935
 0.00423327 -0.00406617   0.0870116   0.0094705
   0.329829   0.0104935   0.0094705    0.412808
IMAGINARY
          0  -0.0118736  0.00893585  0.00112845
  0.0118736           0  0.00947225  0.00126823
-0.00893585 -0.00947225           0 -0.00471911
-0.00112845 -0.00126823  0.00471911           0
EndNode2[0]<--->HoM1[0]
REAL
    0.405844 -0.000845736  -0.00542228     0.321686
-0.000845736    0.0928932  -0.00165431    0.0017946
 -0.00542228  -0.00165431    0.0887446   0.00447341
    0.321686    0.0017946   0.00447341     0.412518
IMAGINARY
          0  -0.0011665   0.0016293 -0.00554137
  0.0011665           0 -0.00338388 -0.00180775
 -0.0016293  0.00338388           0  0.00384316
 0.00554137  0.00180775 -0.00384316           0
Repeater1[0]<--->EndNode1[0]
REAL
    0.41136  0.00423327  0.00703056    0.329829
 0.00423327   0.0870116 -0.00406617   0.0094705
 0.00703056 -0.00406617   0.0888205   0.0104935
   0.329829   0.0094705   0.0104935    0.412808
IMAGINARY
          0  0.00893585  -0.0118736  0.00112845
-0.00893585           0 -0.00947225 -0.00471911
  0.0118736  0.00947225           0  0.00126823
-0.00112845  0.00471911 -0.00126823           0
Repeater1[0]<--->HoM1[0]
REAL
    0.405844  -0.00542228 -0.000845736     0.321686
 -0.00542228    0.0887446  -0.00165431   0.00447341
-0.000845736  -0.00165431    0.0928932    0.0017946
    0.321686   0.00447341    0.0017946     0.412518
IMAGINARY
          0   0.0016293  -0.0011665 -0.00554137
 -0.0016293           0  0.00338388  0.00384316
  0.0011665 -0.00338388           0 -0.00180775
 0.00554137 -0.00384316  0.00180775           0
EndNode1[0]<--->Repeater1[0]
REAL
    0.408985   0.00392698 -0.000333845     0.323904
  0.00392698    0.0853549   0.00132877    0.0098049
-0.000333845   0.00132877    0.0930818 -0.000174302
    0.323904    0.0098049 -0.000174302     0.412579
IMAGINARY
           0   0.00439013 -0.000976104   0.00294378
 -0.00439013            0  -0.00732334  -0.00358261
 0.000976104   0.00732334            0  0.000715634
 -0.00294378   0.00358261 -0.000715634            0
EndNode2[0]<--->HoM1[0]
REAL
   0.408329  0.00413361  0.00225111    0.323017
 0.00413361   0.0898182 -0.00125627 -0.00762745
 0.00225111 -0.00125627    0.090877 -0.00550047
   0.323017 -0.00762745 -0.00550047    0.410976
IMAGINARY
           0  -0.00330807   -0.0011518   0.00612717
  0.00330807            0   0.00413153    0.0109947
   0.0011518  -0.00413153            0  0.000508722
 -0.00612717   -0.0109947 -0.000508722            0
Repeater1[0]<--->EndNode1[0]
REAL
    0.408985 -0.000333845   0.00392698     0.323904
-0.000333845    0.0930818   0.00132877 -0.000174302
  0.00392698   0.00132877    0.0853549    0.0098049
    0.323904 -0.000174302    0.0098049     0.412579
IMAGINARY
           0 -0.000976104   0.00439013   0.00294378
 0.000976104            0   0.00732334  0.000715634
 -0.00439013  -0.00732334            0  -0.00358261
 -0.00294378 -0.000715634   0.00358261            0
Repeater1[0]<--->HoM1[0]
REAL
   0.408329  0.00225111  0.00413361    0.323017
 0.00225111    0.090877 -0.00125627 -0.00550047
 0.00413361 -0.00125627   0.0898182 -0.00762745
   0.323017 -0.00550047 -0.00762745    0.410976
IMAGINARY
           0   -0.0011518  -0.00330807   0.00612717
   0.0011518            0  -0.00413153  0.000508722
  0.00330807   0.00413153            0    0.0109947
 -0.00612717 -0.000508722   -0.0109947            0
EndNode1[0]<--->Repeater1[0]
REAL
    0.420777   0.00390687   0.00476895     0.328237
  0.00390687    0.0852755 -0.000427585    0.0063982
  0.00476895 -0.000427585    0.0811201   0.00149659
    0.328237    0.0063982   0.00149659     0.412827
IMAGINARY
          0  0.00518555 -0.00288784 -0.00542154
-0.00518555           0 -0.00903035    0.001069
 0.00288784  0.00903035           0  0.00645505
 0.00542154   -0.001069 -0.00645505           0
EndNode2[0]<--->HoM1[0]
REAL
    0.417992   0.00513218  -0.00454478     0.327055
  0.00513218    0.0824648   0.00615906   0.00939218
 -0.00454478   0.00615906    0.0850247 -0.000823379
    0.327055   0.00939218 -0.000823379     0.414518
IMAGINARY
           0   0.00883127  -0.00161523   0.00389405
 -0.00883127            0  -0.00579726 -0.000632564
  0.00161523   0.00579726            0   0.00168842
 -0.00389405  0.000632564  -0.00168842            0
Repeater1[0]<--->EndNode1[0]
REAL
    0.420777   0.00476895   0.00390687     0.328237
  0.00476895    0.0811201 -0.000427585   0.00149659
  0.00390687 -0.000427585    0.0852755    0.0063982
    0.328237   0.00149659    0.0063982     0.412827
IMAGINARY
          0 -0.00288784  0.00518555 -0.00542154
 0.00288784           0  0.00903035  0.00645505
-0.00518555 -0.00903035           0    0.001069
 0.00542154 -0.00645505   -0.001069           0
Repeater1[0]<--->HoM1[0]
REAL
    0.417992  -0.00454478   0.00513218     0.327055
 -0.00454478    0.0850247   0.00615906 -0.000823379
  0.00513218   0.00615906    0.0824648   0.00939218
    0.327055 -0.000823379   0.00939218     0.414518
IMAGINARY
           0  -0.00161523   0.00883127   0.00389405
  0.00161523            0   0.00579726   0.00168842
 -0.00883127  -0.00579726            0 -0.000632564
 -0.00389405  -0.00168842  0.000632564            0
EndNode1[0]<--->Repeater1[0]
REAL
    0.415868   0.00472467   0.00299789     0.325408
  0.00472467    0.0882144  -0.00313318 -1.47062e-05
  0.00299789  -0.00313318    0.0885694    0.0100105
    0.325408 -1.47062e-05    0.0100105     0.407348
IMAGINARY
           0   0.00143938 -0.000292152  -0.00696011
 -0.00143938            0   -0.0162915   -0.0078343
 0.000292152    0.0162915            0   0.00454383
  0.00696011    0.0078343  -0.00454383            0
EndNode2[0]<--->HoM1[0]
REAL
   0.410634  0.00680803  0.00946056     0.32783
 0.00680803    0.081552 -0.00230448 -0.00147277
 0.00946056 -0.00230448   0.0901742 -0.00241026
    0.32783 -0.00147277 -0.00241026     0.41764
IMAGINARY
          0 -0.00377095 -0.00105642 -0.00116279
 0.00377095           0 -0.00481763  0.00322955
 0.00105642  0.00481763           0  0.00159782
 0.00116279 -0.00322955 -0.00159782           0
Repeater1[0]<--->EndNode1[0]
REAL
    0.415868   0.00299789   0.00472467     0.325408
  0.00299789    0.0885694  -0.00313318    0.0100105
  0.00472467  -0.00313318    0.0882144 -1.47062e-05
    0.325408    0.0100105 -1.47062e-05     0.407348
IMAGINARY
           0 -0.000292152   0.00143938  -0.00696011
 0.000292152            0    0.0162915   0.00454383
 -0.00143938   -0.0162915            0   -0.0078343
  0.00696011  -0.00454383    0.0078343            0
Repeater1[0]<--->HoM1[0]
REAL
   0.410634  0.00946056  0.00680803     0.32783
 0.00946056   0.0901742 -0.00230448 -0.00241026
 0.00680803 -0.00230448    0.081552 -0.00147277
    0.32783 -0.00241026 -0.00147277     0.41764
IMAGINARY
          0 -0.00105642 -0.00377095 -0.00116279
 0.00105642           0  0.00481763  0.00159782
 0.00377095 -0.00481763           0  0.00322955
 0.00116279 -0.00159782 -0.00322955           0
EndNode1[0]<--->Repeater1[0]
REAL
   0.410818 -0.00972574 -0.00261317    0.329822
-0.00972574   0.0833936  -0.0024089  0.00243376
-0.00261317  -0.0024089   0.0882779  0.00201135
   0.329822  0.00243376  0.00201135    0.417511
IMAGINARY
           0  -0.00254671   0.00422208   0.00170757
  0.00254671            0  0.000555697    0.0106622
 -0.00422208 -0.000555697            0  -0.00553855
 -0.00170757   -0.0106622   0.00553855            0
EndNode2[0]<--->HoM1[0]
REAL
   0.412201 -0.00178667  0.00140942    0.321213
-0.00178667   0.0864083  0.00400886  -0.0038961
 0.00140942  0.00400886   0.0845541  0.00214191
   0.321213  -0.0038961  0.00214191    0.416837
IMAGINARY
          0 -0.00273102  0.00107745  0.00429821
 0.00273102           0  0.00564981  0.00411968
-0.00107745 -0.00564981           0 -0.00210769
-0.00429821 -0.00411968  0.00210769           0
Repeater1[0]<--->EndNode1[0]
REAL
   0.410818 -0.00261317 -0.00972574    0.329822
-0.00261317   0.0882779  -0.0024089  0.00201135
-0.00972574  -0.0024089   0.0833936  0.00243376
   0.329822  0.00201135  0.00243376    0.417511
IMAGINARY
           0   0.00422208  -0.00254671   0.00170757
 -0.00422208            0 -0.000555697  -0.00553855
  0.00254671  0.000555697            0    0.0106622
 -0.00170757   0.00553855   -0.0106622            0
Repeater1[0]<--->HoM1[0]
REAL
   0.412201  0.00140942 -0.00178667    0.321213
 0.00140942   0.0845541  0.00400886  0.00214191
-0.00178667  0.00400886   0.0864083  -0.0038961
   0.321213  0.00214191  -0.0038961    0.416837
IMAGINARY
          0  0.00107745 -0.00273102  0.00429821
-0.00107745           0 -0.00564981 -0.00210769
 0.00273102  0.00564981           0  0.00411968
-0.00429821  0.00210769 -0.00411968           0
EndNode1[0]<--->Repeater1[0]
REAL
   0.412482  0.00360468 0.000436709    0.321058
 0.00360468   0.0849709  0.00334102 -0.00355336
0.000436709  0.00334102   0.0929767 -0.00173469
   0.321058 -0.00355336 -0.00173469    0.409571
IMAGINARY
           0  8.60871e-05  -0.00204174   0.00385917
-8.60871e-05            0    0.0065944   0.00213307
  0.00204174   -0.0065944            0  -0.00309979
 -0.00385917  -0.00213307   0.00309979            0
EndNode2[0]<--->HoM1[0]
REAL
   0.419246 0.000810745  0.00498986    0.330422
0.000810745   0.0882248  0.00203469 0.000903155
 0.00498986  0.00203469   0.0844895  0.00399433
   0.330422 0.000903155  0.00399433     0.40804
IMAGINARY
           0  -0.00245782   0.00496698  -0.00067654
  0.00245782            0   0.00623004 -0.000855434
 -0.00496698  -0.00623004            0   -0.0027263
  0.00067654  0.000855434    0.0027263            0
Repeater1[0]<--->EndNode1[0]
REAL
   0.412482 0.000436709  0.00360468    0.321058
0.000436709   0.0929767  0.00334102 -0.00173469
 0.00360468  0.00334102   0.0849709 -0.00355336
   0.321058 -0.00173469 -0.00355336    0.409571
IMAGINARY
           0  -0.00204174  8.60871e-05   0.00385917
  0.00204174            0   -0.0065944  -0.00309979
-8.60871e-05    0.0065944            0   0.00213307
 -0.00385917   0.00309979  -0.00213307            0
Repeater1[0]<--->HoM1[0]
REAL
   0.419246  0.00498986 0.000810745    0.330422
 0.00498986   0.0844895  0.00203469  0.00399433
0.000810745  0.00203469   0.0882248 0.000903155
   0.330422  0.00399433 0.000903155     0.40804
IMAGINARY
           0   0.00496698  -0.00245782  -0.00067654
 -0.00496698            0  -0.00623004   -0.0027263
  0.00245782   0.00623004            0 -0.000855434
  0.00067654    0.0027263  0.000855434            0
EndNode1[0]<--->Repeater1[0]
REAL
   0.416338 -0.00261921 0.000638736    0.329107
-0.00261921   0.0915619 -0.00542691 -0.00146095
0.000638736 -0.00542691   0.0850987 0.000883417
   0.329107 -0.00146095 0.000883417    0.407002
IMAGINARY
           0  -0.00201358  -0.00565612  -0.00384255
  0.00201358            0  0.000848542  -0.00200778
  0.00565612 -0.000848542            0   0.00229058
  0.00384255   0.00200778  -0.00229058            0
EndNode2[0]<--->HoM1[0]
REAL
   0.405933  0.00145358  0.00132696    0.320029
 0.00145358   0.0852026  0.00534217 -0.00132696
 0.00132696  0.00534217   0.0859262  0.00226192
   0.320029 -0.00132696  0.00226192    0.422938
IMAGINARY
           0   0.00720676  -0.00892023   0.00335311
 -0.00720676            0   0.00262583  -0.00313779
  0.00892023  -0.00262583            0 -0.000225798
 -0.00335311   0.00313779  0.000225798            0
Repeater1[0]<--->EndNode1[0]
REAL
   0.416338 0.000638736 -0.00261921    0.329107
0.000638736   0.0850987 -0.00542691 0.000883417
-0.00261921 -0.00542691   0.0915619 -0.00146095
   0.329107 0.000883417 -0.00146095    0.407002
IMAGINARY
           0  -0.00565612  -0.00201358  -0.00384255
  0.00565612            0 -0.000848542   0.00229058
  0.00201358  0.000848542            0  -0.00200778
  0.00384255  -0.00229058   0.00200778            0
Repeater1[0]<--->HoM1[0]
REAL
   0.405933  0.00132696  0.00145358    0.320029
 0.00132696   0.0859262  0.00534217  0.00226192
 0.00145358  0.00534217   0.0852026 -0.00132696
   0.320029  0.00226192 -0.00132696    0.422938
IMAGINARY
           0  -0.00892023   0.00720676   0.00335311
  0.00892023            0  -0.00262583 -0.000225798
 -0.00720676   0.00262583            0  -0.00313779
 -0.00335311  0.000225798   0.00313779            0
EndNode1[0]<--->Repeater1[0]
REAL
   0.410097 -0.00412309 -0.00436912    0.327255
-0.00412309   0.0927382 -0.00097348 -0.00244335
-0.00436912 -0.00097348   0.0861533  -0.0125496
   0.327255 -0.00244335  -0.0125496    0.411012
IMAGINARY
          0 -0.00550019  0.00352367  0.00617997
 0.00550019           0  0.00259831 -0.00352367
-0.00352367 -0.00259831           0 -0.00649243
-0.00617997  0.00352367  0.00649243           0
EndNode2[0]<--->HoM1[0]
REAL
   0.412327 -0.00551183  0.00359886    0.321466
-0.00551183   0.0798342 0.000811378   0.0111517
 0.00359886 0.000811378   0.0883042  0.00774676
   0.321466   0.0111517  0.00774676    0.419535
IMAGINARY
           0 -0.000342471  -0.00076046   0.00901831
 0.000342471            0   0.00438952   -0.0104262
  0.00076046  -0.00438952            0   0.00687549
 -0.00901831    0.0104262  -0.00687549            0
Repeater1[0]<--->EndNode1[0]
REAL
   0.410097 -0.00436912 -0.00412309    0.327255
-0.00436912   0.0861533 -0.00097348  -0.0125496
-0.00412309 -0.00097348   0.0927382 -0.00244335
   0.327255  -0.0125496 -0.00244335    0.411012
IMAGINARY
          0  0.00352367 -0.00550019  0.00617997
-0.00352367           0 -0.00259831 -0.00649243
 0.00550019  0.00259831           0 -0.00352367
-0.00617997  0.00649243  0.00352367           0
Repeater1[0]<--->HoM1[0]
REAL
   0.412327  0.00359886 -0.00551183    0.321466
 0.00359886   0.0883042 0.000811378  0.00774676
-0.00551183 0.000811378   0.0798342   0.0111517
   0.321466  0.00774676   0.0111517    0.419535
IMAGINARY
           0  -0.00076046 -0.000342471   0.00901831
  0.00076046            0  -0.00438952   0.00687549
 0.000342471   0.00438952            0   -0.0104262
 -0.00901831  -0.00687549    0.0104262            0
EndNode1[0]<--->Repeater1[0]
REAL
   0.41814 0.00691423 0.00759145   0.326579
0.00691423  0.0865917  0.0019924 0.00394701
0.00759145  0.0019924  0.0851634 0.00352533
  0.326579 0.00394701 0.00352533   0.410105
IMAGINARY
           0  -0.00546952    -0.001436  4.31044e-06
  0.00546952            0  0.000973815  -0.00647198
    0.001436 -0.000973815            0   0.00511006
-4.31044e-06   0.00647198  -0.00511006            0
EndNode2[0]<--->HoM1[0]
REAL
   0.417749  0.00263774  0.00331769    0.324997
 0.00263774   0.0907287  0.00121416 0.000526403
 0.00331769  0.00121416   0.0853175 -0.00308472
   0.324997 0.000526403 -0.00308472    0.406205
IMAGINARY
           0   0.00621346   0.00145776   0.00423747
 -0.00621346            0  -0.00645575 -0.000290168
 -0.00145776   0.00645575            0  -0.00289031
 -0.00423747  0.000290168   0.00289031            0
Repeater1[0]<--->EndNode1[0]
REAL
   0.41814 0.00759145 0.00691423   0.326579
0.00759145  0.0851634  0.0019924 0.00352533
0.00691423  0.0019924  0.0865917 0.00394701
  0.326579 0.00352533 0.00394701   0.410105
IMAGINARY
           0    -0.001436  -0.00546952  4.31044e-06
    0.001436            0 -0.000973815   0.00511006
  0.00546952  0.000973815            0  -0.00647198
-4.31044e-06  -0.00511006   0.00647198            0
Repeater1[0]<--->HoM1[0]
REAL
   0.417749  0.00331769  0.00263774    0.324997
 0.00331769   0.0853175  0.00121416 -0.00308472
 0.00263774  0.00121416   0.0907287 0.000526403
   0.324997 -0.00308472 0.000526403    0.406205
IMAGINARY
           0   0.00145776   0.00621346   0.00423747
 -0.00145776            0   0.00645575  -0.00289031
 -0.00621346  -0.00645575            0 -0.000290168
 -0.00423747   0.00289031  0.000290168            0
EndNode1[0]<--->Repeater1[0]
REAL
    0.411722   0.00712927   0.00309211     0.323726
  0.00712927    0.0855644  -0.00259531 -1.12804e-05
  0.00309211  -0.00259531    0.0855644  -0.00894152
    0.323726 -1.12804e-05  -0.00894152     0.417149
IMAGINARY
           0    0.0051506  9.06064e-05    0.0116519
  -0.0051506            0  -0.00598669   0.00206689
-9.06064e-05   0.00598669            0   0.00168147
  -0.0116519  -0.00206689  -0.00168147            0
EndNode2[0]<--->HoM1[0]
REAL
   0.411775  0.00879501  0.00145283    0.329053
 0.00879501   0.0829208  0.00272233 -0.00612573
 0.00145283  0.00272233   0.0878713 -0.00196539
   0.329053 -0.00612573 -0.00196539    0.417433
IMAGINARY
           0  -0.00294146 -0.000161052  -0.00243134
  0.00294146            0   0.00773996   0.00486949
 0.000161052  -0.00773996            0  -0.00231026
  0.00243134  -0.00486949   0.00231026            0
Repeater1[0]<--->EndNode1[0]
REAL
    0.411722   0.00309211   0.00712927     0.323726
  0.00309211    0.0855644  -0.00259531  -0.00894152
  0.00712927  -0.00259531    0.0855644 -1.12804e-05
    0.323726  -0.00894152 -1.12804e-05     0.417149
IMAGINARY
           0  9.06064e-05    0.0051506    0.0116519
-9.06064e-05            0   0.00598669   0.00168147
  -0.0051506  -0.00598669            0   0.00206689
  -0.0116519  -0.00168147  -0.00206689            0
Repeater1[0]<--->HoM1[0]
REAL
   0.411775  0.00145283  0.00879501    0.329053
 0.00145283   0.0878713  0.00272233 -0.00196539
 0.00879501  0.00272233   0.0829208 -0.00612573
   0.329053 -0.00196539 -0.00612573    0.417433
IMAGINARY
           0 -0.000161052  -0.00294146  -0.00243134
 0.000161052            0  -0.00773996  -0.00231026
  0.00294146   0.00773996            0   0.00486949
  0.00243134   0.00231026  -0.00486949            0
EndNode1[0]<--->Repeater1[0]
REAL
    0.408296    0.0025791 -0.000223765     0.322958
   0.0025791    0.0881876 -0.000847069   0.00549256
-0.000223765 -0.000847069    0.0878269  -0.00338281
    0.322958   0.00549256  -0.00338281      0.41569
IMAGINARY
           0   0.00232275   0.00207968   0.00203923
 -0.00232275            0  0.000487849    0.0073883
 -0.00207968 -0.000487849            0  -0.00728218
 -0.00203923   -0.0073883   0.00728218            0
EndNode2[0]<--->HoM1[0]
REAL
   0.405781 -0.00187158 -0.00674823    0.326323
-0.00187158   0.0847055 -0.00220193 -0.00216931
-0.00674823 -0.00220193   0.0839737 -0.00492694
   0.326323 -0.00216931 -0.00492694     0.42554
IMAGINARY
          0 -0.00117987  0.00449299  0.00827273
 0.00117987           0       0.003 -0.00583684
-0.00449299      -0.003           0 -0.00410592
-0.00827273  0.00583684  0.00410592           0
Repeater1[0]<--->EndNode1[0]
REAL
    0.408296 -0.000223765    0.0025791     0.322958
-0.000223765    0.0878269 -0.000847069  -0.00338281
   0.0025791 -0.000847069    0.0881876   0.00549256
    0.322958  -0.00338281   0.00549256      0.41569
IMAGINARY
           0   0.00207968   0.00232275   0.00203923
 -0.00207968            0 -0.000487849  -0.00728218
 -0.00232275  0.000487849            0    0.0073883
 -0.00203923   0.00728218   -0.0073883            0
Repeater1[0]<--->HoM1[0]
REAL
   0.405781 -0.00674823 -0.00187158    0.326323
-0.00674823   0.0839737 -0.00220193 -0.00492694
-0.00187158 -0.00220193   0.0847055 -0.00216931
   0.326323 -0.00492694 -0.00216931     0.42554
IMAGINARY
          0  0.00449299 -0.00117987  0.00827273
-0.00449299           0      -0.003 -0.00410592
 0.00117987       0.003           0 -0.00583684
-0.00827273  0.00410592  0.00583684           0
EndNode1[0]<--->Repeater1[0]
REAL
  0.409848  0.0107212 0.00488305   0.322371
 0.0107212  0.0880469 0.00294587 0.00596686
0.00488305 0.00294587  0.0913418 0.00374532
  0.322371 0.00596686 0.00374532   0.410763
IMAGINARY
           0  -0.00310106   0.00240593  -0.00364297
  0.00310106            0  -0.00273322  0.000612533
 -0.00240593   0.00273322            0  -0.00542166
  0.00364297 -0.000612533   0.00542166            0
EndNode2[0]<--->HoM1[0]
REAL
    0.418471  -0.00322141   -0.0148241     0.323551
 -0.00322141    0.0909254 -0.000235182  -0.00796505
  -0.0148241 -0.000235182    0.0851978  -0.00304335
    0.323551  -0.00796505  -0.00304335     0.405405
IMAGINARY
           0   0.00449547  0.000846345  -0.00416532
 -0.00449547            0  -0.00112047 -0.000391717
-0.000846345   0.00112047            0    0.0021421
  0.00416532  0.000391717   -0.0021421            0
Repeater1[0]<--->EndNode1[0]
REAL
  0.409848 0.00488305  0.0107212   0.322371
0.00488305  0.0913418 0.00294587 0.00374532
 0.0107212 0.00294587  0.0880469 0.00596686
  0.322371 0.00374532 0.00596686   0.410763
IMAGINARY
           0   0.00240593  -0.00310106  -0.00364297
 -0.00240593            0   0.00273322  -0.00542166
  0.00310106  -0.00273322            0  0.000612533
  0.00364297   0.00542166 -0.000612533            0
Repeater1[0]<--->HoM1[0]
REAL
    0.418471   -0.0148241  -0.00322141     0.323551
  -0.0148241    0.0851978 -0.000235182  -0.00304335
 -0.00322141 -0.000235182    0.0909254  -0.00796505
    0.323551  -0.00304335  -0.00796505     0.405405
IMAGINARY
           0  0.000846345   0.00449547  -0.00416532
-0.000846345            0   0.00112047    0.0021421
 -0.00449547  -0.00112047            0 -0.000391717
  0.00416532   -0.0021421  0.000391717            0
EndNode1[0]<--->Repeater1[0]
REAL
   0.405261 -0.00262562  0.00549521    0.330036
-0.00262562   0.0883399  0.00347733 -0.00423803
 0.00549521  0.00347733   0.0894063 -0.00383989
   0.330036 -0.00423803 -0.00383989    0.416993
IMAGINARY
          0    0.007165 -0.00651205  0.00281716
  -0.007165           0 -0.00281716 -0.00116636
 0.00651205  0.00281716           0  0.00593347
-0.00281716  0.00116636 -0.00593347           0
EndNode2[0]<--->HoM1[0]
REAL
   0.412196 0.000384894 -0.00758194    0.333449
0.000384894   0.0845999   -0.001098 -0.00107686
-0.00758194   -0.001098   0.0856986 -0.00830678
   0.333449 -0.00107686 -0.00830678    0.417506
IMAGINARY
           0  0.000688264   0.00299504  -0.00206176
-0.000688264            0   0.00293467    0.0017374
 -0.00299504  -0.00293467            0  -0.00560272
  0.00206176   -0.0017374   0.00560272            0
Repeater1[0]<--->EndNode1[0]
REAL
   0.405261  0.00549521 -0.00262562    0.330036
 0.00549521   0.0894063  0.00347733 -0.00383989
-0.00262562  0.00347733   0.0883399 -0.00423803
   0.330036 -0.00383989 -0.00423803    0.416993
IMAGINARY
          0 -0.00651205    0.007165  0.00281716
 0.00651205           0  0.00281716  0.00593347
  -0.007165 -0.00281716           0 -0.00116636
-0.00281716 -0.00593347  0.00116636           0
Repeater1[0]<--->HoM1[0]
REAL
   0.412196 -0.00758194 0.000384894    0.333449
-0.00758194   0.0856986   -0.001098 -0.00830678
0.000384894   -0.001098   0.0845999 -0.00107686
   0.333449 -0.00830678 -0.00107686    0.417506
IMAGINARY
           0   0.00299504  0.000688264  -0.00206176
 -0.00299504            0  -0.00293467  -0.00560272
-0.000688264   0.00293467            0    0.0017374
  0.00206176   0.00560272   -0.0017374            0
EndNode1[0]<--->Repeater1[0]
REAL
     0.4185 0.000534569 0.000545443    0.325822
0.000534569   0.0905157  0.00177016  0.00617771
0.000545443  0.00177016   0.0874504  0.00766215
   0.325822  0.00617771  0.00766215    0.403534
IMAGINARY
          0  -0.0028986 -0.00589701 -0.00172386
  0.0028986           0 -0.00217133 -0.00616539
 0.00589701  0.00217133           0  0.00625431
 0.00172386  0.00616539 -0.00625431           0
EndNode2[0]<--->HoM1[0]
REAL
    0.416487   -0.0107494  -0.00774923     0.320977
  -0.0107494    0.0883621  6.80029e-05  -0.00316702
 -0.00774923  6.80029e-05    0.0844109 -0.000882701
    0.320977  -0.00316702 -0.000882701      0.41074
IMAGINARY
           0    -0.007216     0.004979  -0.00366668
    0.007216            0  0.000708096 -0.000797178
   -0.004979 -0.000708096            0    -0.004784
  0.00366668  0.000797178     0.004784            0
Repeater1[0]<--->EndNode1[0]
REAL
     0.4185 0.000545443 0.000534569    0.325822
0.000545443   0.0874504  0.00177016  0.00766215
0.000534569  0.00177016   0.0905157  0.00617771
   0.325822  0.00766215  0.00617771    0.403534
IMAGINARY
          0 -0.00589701  -0.0028986 -0.00172386
 0.00589701           0  0.00217133  0.00625431
  0.0028986 -0.00217133           0 -0.00616539
 0.00172386 -0.00625431  0.00616539           0
Repeater1[0]<--->HoM1[0]
REAL
    0.416487  -0.00774923   -0.0107494     0.320977
 -0.00774923    0.0844109  6.80029e-05 -0.000882701
  -0.0107494  6.80029e-05    0.0883621  -0.00316702
    0.320977 -0.000882701  -0.00316702      0.41074
IMAGINARY
           0     0.004979    -0.007216  -0.00366668
   -0.004979            0 -0.000708096    -0.004784
    0.007216  0.000708096            0 -0.000797178
  0.00366668     0.004784  0.000797178            0
EndNode1[0]<--->Repeater1[0]
REAL
   0.407544  0.00289256  0.00123854    0.332453
 0.00289256   0.0879485  0.00117963 -0.00842503
 0.00123854  0.00117963   0.0908924 -0.00145526
   0.332453 -0.00842503 -0.00145526    0.413615
IMAGINARY
          0 -0.00446804 -0.00082933 -0.00387279
 0.00446804           0  0.00550619  0.00288915
 0.00082933 -0.00550619           0 -0.00332347
 0.00387279 -0.00288915  0.00332347           0
EndNode2[0]<--->HoM1[0]
REAL
   0.414416 -0.00665288 0.000673946     0.32755
-0.00665288   0.0859489 -0.00199715  0.00174652
0.000673946 -0.00199715    0.079562 -0.00216455
    0.32755  0.00174652 -0.00216455    0.420073
IMAGINARY
           0  0.000895705  0.000823904   -0.0047642
-0.000895705            0   0.00870968  0.000191793
-0.000823904  -0.00870968            0   0.00492147
   0.0047642 -0.000191793  -0.00492147            0
Repeater1[0]<--->EndNode1[0]
REAL
   0.407544  0.00123854  0.00289256    0.332453
 0.00123854   0.0908924  0.00117963 -0.00145526
 0.00289256  0.00117963   0.0879485 -0.00842503
   0.332453 -0.00145526 -0.00842503    0.413615
IMAGINARY
          0 -0.00082933 -0.00446804 -0.00387279
 0.00082933           0 -0.00550619 -0.00332347
 0.00446804  0.00550619           0  0.00288915
 0.00387279  0.00332347 -0.00288915           0
Repeater1[0]<--->HoM1[0]
REAL
   0.414416 0.000673946 -0.00665288     0.32755
0.000673946    0.079562 -0.00199715 -0.00216455
-0.00665288 -0.00199715   0.0859489  0.00174652
    0.32755 -0.00216455  0.00174652    0.420073
IMAGINARY
           0  0.000823904  0.000895705   -0.0047642
-0.000823904            0  -0.00870968   0.00492147
-0.000895705   0.00870968            0  0.000191793
   0.0047642  -0.00492147 -0.000191793            0
EndNode1[0]<--->Repeater1[0]
REAL
    0.405941  -0.00703766  -0.00164565     0.327008
 -0.00703766    0.0859919  -0.00234206  -0.00538176
 -0.00164565  -0.00234206    0.0889256 -0.000692485
    0.327008  -0.00538176 -0.000692485     0.419142
IMAGINARY
           0  -0.00108409  -0.00389208  -0.00692146
  0.00108409            0 -0.000411513  -0.00469351
  0.00389208  0.000411513            0   0.00542115
  0.00692146   0.00469351  -0.00542115            0
EndNode2[0]<--->HoM1[0]
REAL
    0.413024  -0.00111955    0.0119644      0.32382
 -0.00111955    0.0863465    0.0036555 -9.99682e-05
   0.0119644    0.0036555     0.085447   0.00673953
     0.32382 -9.99682e-05   0.00673953     0.415183
IMAGINARY
          0 -0.00698116 -0.00108893 -0.00176222
 0.00698116           0  0.00553377  0.00108893
 0.00108893 -0.00553377           0  -0.0105376
 0.00176222 -0.00108893   0.0105376           0
Repeater1[0]<--->EndNode1[0]
REAL
    0.405941  -0.00164565  -0.00703766     0.327008
 -0.00164565    0.0889256  -0.00234206 -0.000692485
 -0.00703766  -0.00234206    0.0859919  -0.00538176
    0.327008 -0.000692485  -0.00538176     0.419142
IMAGINARY
           0  -0.00389208  -0.00108409  -0.00692146
  0.00389208            0  0.000411513   0.00542115
  0.00108409 -0.000411513            0  -0.00469351
  0.00692146  -0.00542115   0.00469351            0
Repeater1[0]<--->HoM1[0]
REAL
    0.413024    0.0119644  -0.00111955      0.32382
   0.0119644     0.085447    0.0036555   0.00673953
 -0.00111955    0.0036555    0.0863465 -9.99682e-05
     0.32382   0.00673953 -9.99682e-05     0.415183
IMAGINARY
          0 -0.00108893 -0.00698116 -0.00176222
 0.00108893           0 -0.00553377  -0.0105376
 0.00698116  0.00553377           0  0.00108893
 0.00176222   0.0105376 -0.00108893           0
EndNode1[0]<--->Repeater1[0]
REAL
   0.410034 -0.00117026 -0.00478507    0.321174
-0.00117026   0.0848222  0.00352097  0.00178453
-0.00478507  0.00352097   0.0900559  0.00471636
   0.321174  0.00178453  0.00471636    0.415088
IMAGINARY
           0  -0.00493258   0.00365916   9.4574e-05
  0.00493258            0  -0.00352542  -0.00111648
 -0.00365916   0.00352542            0 -0.000879259
 -9.4574e-05   0.00111648  0.000879259            0
EndNode2[0]<--->HoM1[0]
REAL
    0.39982  -0.0051186 -0.00508404    0.321608
 -0.0051186   0.0924324 -0.00437762  -0.0122024
-0.00508404 -0.00437762   0.0859459 -0.00431889
   0.321608  -0.0122024 -0.00431889    0.421802
IMAGINARY
           0    0.0054596  -0.00223995  -0.00373687
  -0.0054596            0   0.00161072   -0.0017027
  0.00223995  -0.00161072            0 -0.000262469
  0.00373687    0.0017027  0.000262469            0
Repeater1[0]<--->EndNode1[0]
REAL
   0.410034 -0.00478507 -0.00117026    0.321174
-0.00478507   0.0900559  0.00352097  0.00471636
-0.00117026  0.00352097   0.0848222  0.00178453
   0.321174  0.00471636  0.00178453    0.415088
IMAGINARY
           0   0.00365916  -0.00493258   9.4574e-05
 -0.00365916            0   0.00352542 -0.000879259
  0.00493258  -0.00352542            0  -0.00111648
 -9.4574e-05  0.000879259   0.00111648            0
Repeater1[0]<--->HoM1[0]
REAL
    0.39982 -0.00508404  -0.0051186    0.321608
-0.00508404   0.0859459 -0.00437762 -0.00431889
 -0.0051186 -0.00437762   0.0924324  -0.0122024
   0.321608 -0.00431889  -0.0122024    0.421802
IMAGINARY
           0  -0.00223995    0.0054596  -0.00373687
  0.00223995            0  -0.00161072 -0.000262469
  -0.0054596   0.00161072            0   -0.0017027
  0.00373687  0.000262469    0.0017027            0
EndNode1[0]<--->Repeater1[0]
REAL
   0.414704 -0.00749893   0.0010134    0.326348
-0.00749893   0.0891605   0.0030164 -0.00593731
  0.0010134   0.0030164   0.0866439 -0.00190125
   0.326348 -0.00593731 -0.00190125    0.409491
IMAGINARY
          0  -0.0038934  0.00782464  0.00080026
  0.0038934           0  0.00143628  0.00288522
-0.00782464 -0.00143628           0 -0.00327601
-0.00080026 -0.00288522  0.00327601           0
EndNode2[0]<--->HoM1[0]
REAL
   0.402926  0.00924911  0.00268086    0.328252
 0.00924911   0.0863283 -0.00409408  0.00347633
 0.00268086 -0.00409408   0.0854253  -0.0036352
   0.328252  0.00347633  -0.0036352    0.425321
IMAGINARY
          0  0.00383147   0.0024776 -0.00886145
-0.00383147           0  0.00204699 -0.00256735
 -0.0024776 -0.00204699           0 -0.00230571
 0.00886145  0.00256735  0.00230571           0
Repeater1[0]<--->EndNode1[0]
REAL
   0.414704   0.0010134 -0.00749893    0.326348
  0.0010134   0.0866439   0.0030164 -0.00190125
-0.00749893   0.0030164   0.0891605 -0.00593731
   0.326348 -0.00190125 -0.00593731    0.409491
IMAGINARY
          0  0.00782464  -0.0038934  0.00080026
