EndNode1[0]<--->Repeater1[0]
REAL
   0.353801   0.0179953  -0.0103735    0.181705
  0.0179953    0.137427  -0.0343066   0.0219342
 -0.0103735  -0.0343066    0.157895 -0.00643464
   0.181705   0.0219342 -0.00643464    0.350877
IMAGINARY
          0  0.00174155 -0.00295802  0.00984566
-0.00174155           0   0.0155275  0.00748974
 0.00295802  -0.0155275           0  -0.0364848
-0.00984566 -0.00748974   0.0364848           0
EndNode2[0]<--->HoM1[0]
REAL
   0.357143  -0.0309212 -0.00423729    0.199291
 -0.0309212    0.174286  0.00953225  0.00423729
-0.00423729  0.00953225    0.165714   0.0103329
   0.199291  0.00423729   0.0103329    0.302857
IMAGINARY
          0  -0.0224926  -0.0263468 -0.00227939
  0.0224926           0   0.0157929  0.00526243
  0.0263468  -0.0157929           0   0.0164685
 0.00227939 -0.00526243  -0.0164685           0
Repeater1[0]<--->EndNode1[0]
REAL
   0.353801  -0.0103735   0.0179953    0.181705
 -0.0103735    0.157895  -0.0343066 -0.00643464
  0.0179953  -0.0343066    0.137427   0.0219342
   0.181705 -0.00643464   0.0219342    0.350877
IMAGINARY
          0 -0.00295802  0.00174155  0.00984566
 0.00295802           0  -0.0155275  -0.0364848
-0.00174155   0.0155275           0  0.00748974
-0.00984566   0.0364848 -0.00748974           0
Repeater1[0]<--->HoM1[0]
REAL
   0.357143 -0.00423729  -0.0309212    0.199291
-0.00423729    0.165714  0.00953225   0.0103329
 -0.0309212  0.00953225    0.174286  0.00423729
   0.199291   0.0103329  0.00423729    0.302857
IMAGINARY
          0  -0.0263468  -0.0224926 -0.00227939
  0.0263468           0  -0.0157929   0.0164685
  0.0224926   0.0157929           0  0.00526243
 0.00227939  -0.0164685 -0.00526243           0
EndNode1[0]<--->Repeater1[0]
REAL
  0.348442 -0.0112371  0.0146713   0.218297
-0.0112371   0.167139 0.00996377 0.00978526
 0.0146713 0.00996377   0.124646 0.00851972
  0.218297 0.00978526 0.00851972   0.359773
IMAGINARY
          0  -0.0331033  -0.0261072   -0.002849
  0.0331033           0  -0.0156695   0.0132867
  0.0261072   0.0156695           0 -0.00856339
   0.002849  -0.0132867  0.00856339           0
EndNode2[0]<--->HoM1[0]
REAL
   0.335347   0.0251088 -0.00546136     0.16873
  0.0251088    0.145015 -0.00626972  0.00703864
-0.00546136 -0.00626972    0.141994  0.00485962
    0.16873  0.00703864  0.00485962    0.377644
IMAGINARY
          0  -0.0133082   0.0344368   0.0193052
  0.0133082           0   0.0347114  0.00618821
 -0.0344368  -0.0347114           0  0.00393319
 -0.0193052 -0.00618821 -0.00393319           0
Repeater1[0]<--->EndNode1[0]
REAL
  0.348442  0.0146713 -0.0112371   0.218297
 0.0146713   0.124646 0.00996377 0.00851972
-0.0112371 0.00996377   0.167139 0.00978526
  0.218297 0.00851972 0.00978526   0.359773
IMAGINARY
          0  -0.0261072  -0.0331033   -0.002849
  0.0261072           0   0.0156695 -0.00856339
  0.0331033  -0.0156695           0   0.0132867
   0.002849  0.00856339  -0.0132867           0
Repeater1[0]<--->HoM1[0]
REAL
   0.335347 -0.00546136   0.0251088     0.16873
-0.00546136    0.141994 -0.00626972  0.00485962
  0.0251088 -0.00626972    0.145015  0.00703864
    0.16873  0.00485962  0.00703864    0.377644
IMAGINARY
          0   0.0344368  -0.0133082   0.0193052
 -0.0344368           0  -0.0347114  0.00393319
  0.0133082   0.0347114           0  0.00618821
 -0.0193052 -0.00393319 -0.00618821           0
EndNode1[0]<--->Repeater1[0]
REAL
  0.348624  0.0056803  0.0247628    0.17621
 0.0056803   0.155963 -0.0250475 0.00679869
 0.0247628 -0.0250475    0.16208 -0.0173082
   0.17621 0.00679869 -0.0173082   0.333333
IMAGINARY
           0   -0.0282201   -0.0218759 -0.000276176
   0.0282201            0   -0.0183485 -0.000136724
   0.0218759    0.0183485            0   0.00935216
 0.000276176  0.000136724  -0.00935216            0
EndNode2[0]<--->HoM1[0]
REAL
   0.380531 -0.00630458   0.0246537    0.169866
-0.00630458    0.132743  -0.0204753  -0.0185562
  0.0246537  -0.0204753     0.20059    0.027646
   0.169866  -0.0185562    0.027646    0.286136
IMAGINARY
          0 -0.00556888   0.0162473   0.0181587
 0.00556888           0  0.00953805  -0.0361337
 -0.0162473 -0.00953805           0   0.0112507
 -0.0181587   0.0361337  -0.0112507           0
Repeater1[0]<--->EndNode1[0]
REAL
  0.348624  0.0247628  0.0056803    0.17621
 0.0247628    0.16208 -0.0250475 -0.0173082
 0.0056803 -0.0250475   0.155963 0.00679869
   0.17621 -0.0173082 0.00679869   0.333333
IMAGINARY
           0   -0.0218759   -0.0282201 -0.000276176
   0.0218759            0    0.0183485   0.00935216
   0.0282201   -0.0183485            0 -0.000136724
 0.000276176  -0.00935216  0.000136724            0
Repeater1[0]<--->HoM1[0]
REAL
   0.380531   0.0246537 -0.00630458    0.169866
  0.0246537     0.20059  -0.0204753    0.027646
-0.00630458  -0.0204753    0.132743  -0.0185562
   0.169866    0.027646  -0.0185562    0.286136
IMAGINARY
          0   0.0162473 -0.00556888   0.0181587
 -0.0162473           0 -0.00953805   0.0112507
 0.00556888  0.00953805           0  -0.0361337
 -0.0181587  -0.0112507   0.0361337           0
EndNode1[0]<--->Repeater1[0]
REAL
   0.360215 -0.00705617  -0.0140358    0.180765
-0.00705617    0.174731   0.0140987   0.0276309
 -0.0140358   0.0140987    0.145161   0.0115879
   0.180765   0.0276309   0.0115879    0.319892
IMAGINARY
          0  -0.0172206  -0.0193809   0.0100558
  0.0172206           0  -0.0159381 -0.00740483
  0.0193809   0.0159381           0  -0.0214699
 -0.0100558  0.00740483   0.0214699           0
EndNode2[0]<--->HoM1[0]
REAL
  0.320113 -0.0104969 0.00354122   0.173376
-0.0104969   0.167139  0.0204349 -0.0377432
0.00354122  0.0204349   0.169972  0.0218975
  0.173376 -0.0377432  0.0218975   0.342776
IMAGINARY
          0 -0.00270282   0.0102941   0.0687624
 0.00270282           0  -0.0293685  -0.0308824
 -0.0102941   0.0293685           0   0.0232911
 -0.0687624   0.0308824  -0.0232911           0
Repeater1[0]<--->EndNode1[0]
REAL
   0.360215  -0.0140358 -0.00705617    0.180765
 -0.0140358    0.145161   0.0140987   0.0115879
-0.00705617   0.0140987    0.174731   0.0276309
   0.180765   0.0115879   0.0276309    0.319892
IMAGINARY
          0  -0.0193809  -0.0172206   0.0100558
  0.0193809           0   0.0159381  -0.0214699
  0.0172206  -0.0159381           0 -0.00740483
 -0.0100558   0.0214699  0.00740483           0
Repeater1[0]<--->HoM1[0]
REAL
  0.320113 0.00354122 -0.0104969   0.173376
0.00354122   0.169972  0.0204349  0.0218975
-0.0104969  0.0204349   0.167139 -0.0377432
  0.173376  0.0218975 -0.0377432   0.342776
IMAGINARY
          0   0.0102941 -0.00270282   0.0687624
 -0.0102941           0   0.0293685   0.0232911
 0.00270282  -0.0293685           0  -0.0308824
 -0.0687624  -0.0232911   0.0308824           0
EndNode1[0]<--->Repeater1[0]
REAL
  0.305322 0.00907544 -0.0403795   0.209182
0.00907544   0.159664  0.0164281  0.0495259
-0.0403795  0.0164281   0.170868 0.00616846
  0.209182  0.0495259 0.00616846   0.364146
IMAGINARY
          0  -0.0323184   0.0079507  0.00616438
  0.0323184           0 -0.00616438  -0.0122985
 -0.0079507  0.00616438           0  0.00188359
-0.00616438   0.0122985 -0.00188359           0
EndNode2[0]<--->HoM1[0]
REAL
  0.322884  0.0317187  0.0515195   0.174383
 0.0317187   0.125392 0.00771605  0.0102089
 0.0515195 0.00771605   0.175549  0.0330961
  0.174383  0.0102089  0.0330961   0.376176
IMAGINARY
          0  -0.0177469   0.0442269  -0.0184473
  0.0177469           0 -0.00442856   0.0141064
 -0.0442269  0.00442856           0   0.0316358
  0.0184473  -0.0141064  -0.0316358           0
Repeater1[0]<--->EndNode1[0]
REAL
  0.305322 -0.0403795 0.00907544   0.209182
-0.0403795   0.170868  0.0164281 0.00616846
0.00907544  0.0164281   0.159664  0.0495259
  0.209182 0.00616846  0.0495259   0.364146
IMAGINARY
          0   0.0079507  -0.0323184  0.00616438
 -0.0079507           0  0.00616438  0.00188359
  0.0323184 -0.00616438           0  -0.0122985
-0.00616438 -0.00188359   0.0122985           0
Repeater1[0]<--->HoM1[0]
REAL
  0.322884  0.0515195  0.0317187   0.174383
 0.0515195   0.175549 0.00771605  0.0330961
 0.0317187 0.00771605   0.125392  0.0102089
  0.174383  0.0330961  0.0102089   0.376176
IMAGINARY
          0   0.0442269  -0.0177469  -0.0184473
 -0.0442269           0  0.00442856   0.0316358
  0.0177469 -0.00442856           0   0.0141064
  0.0184473  -0.0316358  -0.0141064           0
