EndNode1[0]<--->Repeater1[0]
REAL
   0.336283  -0.0263158 -0.00795554    0.335143
 -0.0263158   0.0884956  -0.0206266  -0.0484961
-0.00795554  -0.0206266   0.0707965   0.0263158
   0.335143  -0.0484961   0.0263158    0.504425
IMAGINARY
          0   0.0705614 -0.00961538   -0.023195
 -0.0705614           0  0.00565115  -0.0480769
 0.00961538 -0.00565115           0   0.0352078
   0.023195   0.0480769  -0.0352078           0
EndNode2[0]<--->HoM1[0]
REAL
    0.42735  0.00843076   0.0329293    0.302499
 0.00843076   0.0854701 -0.00451887   0.0529293
  0.0329293 -0.00451887   0.0940171 -0.00338026
   0.302499   0.0529293 -0.00338026    0.393162
IMAGINARY
          0 -0.00749859   0.0131579  -0.0415385
 0.00749859           0  -0.0184615  -0.0131579
 -0.0131579   0.0184615           0   -0.045133
  0.0415385   0.0131579    0.045133           0
Repeater1[0]<--->EndNode1[0]
REAL
   0.336283 -0.00795554  -0.0263158    0.335143
-0.00795554   0.0707965  -0.0206266   0.0263158
 -0.0263158  -0.0206266   0.0884956  -0.0484961
   0.335143   0.0263158  -0.0484961    0.504425
IMAGINARY
          0 -0.00961538   0.0705614   -0.023195
 0.00961538           0 -0.00565115   0.0352078
 -0.0705614  0.00565115           0  -0.0480769
   0.023195  -0.0352078   0.0480769           0
Repeater1[0]<--->HoM1[0]
REAL
    0.42735   0.0329293  0.00843076    0.302499
  0.0329293   0.0940171 -0.00451887 -0.00338026
 0.00843076 -0.00451887   0.0854701   0.0529293
   0.302499 -0.00338026   0.0529293    0.393162
IMAGINARY
          0   0.0131579 -0.00749859  -0.0415385
 -0.0131579           0   0.0184615   -0.045133
 0.00749859  -0.0184615           0  -0.0131579
  0.0415385    0.045133   0.0131579           0
EndNode1[0]<--->Repeater1[0]
REAL
  0.46087 0.0271485 0.0830222   0.31068
0.0271485 0.0782609 0.0436893 0.0189196
0.0830222 0.0436893 0.0608696  0.045667
  0.31068 0.0189196  0.045667       0.4
IMAGINARY
          0  -0.0587292   0.0742866  -0.0386364
  0.0587292           0  -0.0113636 -0.00147102
 -0.0742866   0.0113636           0  -0.0140863
  0.0386364  0.00147102   0.0140863           0
EndNode2[0]<--->HoM1[0]
REAL
  0.377193  0.0028753 -0.0267377   0.363132
 0.0028753   0.122807 -0.0149172 -0.0536194
-0.0267377 -0.0149172   0.114035 -0.0564467
  0.363132 -0.0536194 -0.0564467   0.385965
IMAGINARY
          0 -0.00514352   0.0088816   0.0652454
 0.00514352           0   0.0165728  -0.0373369
 -0.0088816  -0.0165728           0   0.0254687
 -0.0652454   0.0373369  -0.0254687           0
Repeater1[0]<--->EndNode1[0]
REAL
  0.46087 0.0830222 0.0271485   0.31068
0.0830222 0.0608696 0.0436893  0.045667
0.0271485 0.0436893 0.0782609 0.0189196
  0.31068  0.045667 0.0189196       0.4
IMAGINARY
          0   0.0742866  -0.0587292  -0.0386364
 -0.0742866           0   0.0113636  -0.0140863
  0.0587292  -0.0113636           0 -0.00147102
  0.0386364   0.0140863  0.00147102           0
Repeater1[0]<--->HoM1[0]
REAL
  0.377193 -0.0267377  0.0028753   0.363132
-0.0267377   0.114035 -0.0149172 -0.0564467
 0.0028753 -0.0149172   0.122807 -0.0536194
  0.363132 -0.0564467 -0.0536194   0.385965
IMAGINARY
          0   0.0088816 -0.00514352   0.0652454
 -0.0088816           0  -0.0165728   0.0254687
 0.00514352   0.0165728           0  -0.0373369
 -0.0652454  -0.0254687   0.0373369           0
