EndNode1[0]<--->Repeater1[0]
REAL
   0.353801   0.0179953  -0.0103735    0.181705
  0.0179953    0.137427  -0.0343066   0.0219342
 -0.0103735  -0.0343066    0.157895 -0.00643464
   0.181705   0.0219342 -0.00643464    0.350877
IMAGINARY
          0  0.00174155 -0.00295802  0.00984566
-0.00174155           0   0.0155275  0.00748974
 0.00295802  -0.0155275           0  -0.0364848
-0.00984566 -0.00748974   0.0364848           0
EndNode2[0]<--->HoM1[0]
REAL
   0.357143  -0.0309212 -0.00423729    0.199291
 -0.0309212    0.174286  0.00953225  0.00423729
-0.00423729  0.00953225    0.165714   0.0103329
   0.199291  0.00423729   0.0103329    0.302857
IMAGINARY
          0  -0.0224926  -0.0263468 -0.00227939
  0.0224926           0   0.0157929  0.00526243
  0.0263468  -0.0157929           0   0.0164685
 0.00227939 -0.00526243  -0.0164685           0
Repeater1[0]<--->EndNode1[0]
REAL
   0.353801  -0.0103735   0.0179953    0.181705
 -0.0103735    0.157895  -0.0343066 -0.00643464
  0.0179953  -0.0343066    0.137427   0.0219342
   0.181705 -0.00643464   0.0219342    0.350877
IMAGINARY
          0 -0.00295802  0.00174155  0.00984566
 0.00295802           0  -0.0155275  -0.0364848
-0.00174155   0.0155275           0  0.00748974
-0.00984566   0.0364848 -0.00748974           0
Repeater1[0]<--->HoM1[0]
REAL
   0.357143 -0.00423729  -0.0309212    0.199291
-0.00423729    0.165714  0.00953225   0.0103329
 -0.0309212  0.00953225    0.174286  0.00423729
   0.199291   0.0103329  0.00423729    0.302857
IMAGINARY
          0  -0.0263468  -0.0224926 -0.00227939
  0.0263468           0  -0.0157929   0.0164685
  0.0224926   0.0157929           0  0.00526243
 0.00227939  -0.0164685 -0.00526243           0
EndNode1[0]<--->Repeater1[0]
REAL
  0.348442 -0.0112371  0.0146713   0.218297
-0.0112371   0.167139 0.00996377 0.00978526
 0.0146713 0.00996377   0.124646 0.00851972
  0.218297 0.00978526 0.00851972   0.359773
IMAGINARY
          0  -0.0331033  -0.0261072   -0.002849
  0.0331033           0  -0.0156695   0.0132867
  0.0261072   0.0156695           0 -0.00856339
   0.002849  -0.0132867  0.00856339           0
EndNode2[0]<--->HoM1[0]
REAL
   0.335347   0.0251088 -0.00546136     0.16873
  0.0251088    0.145015 -0.00626972  0.00703864
-0.00546136 -0.00626972    0.141994  0.00485962
    0.16873  0.00703864  0.00485962    0.377644
IMAGINARY
          0  -0.0133082   0.0344368   0.0193052
  0.0133082           0   0.0347114  0.00618821
 -0.0344368  -0.0347114           0  0.00393319
 -0.0193052 -0.00618821 -0.00393319           0
Repeater1[0]<--->EndNode1[0]
REAL
  0.348442  0.0146713 -0.0112371   0.218297
 0.0146713   0.124646 0.00996377 0.00851972
-0.0112371 0.00996377   0.167139 0.00978526
  0.218297 0.00851972 0.00978526   0.359773
IMAGINARY
          0  -0.0261072  -0.0331033   -0.002849
  0.0261072           0   0.0156695 -0.00856339
  0.0331033  -0.0156695           0   0.0132867
   0.002849  0.00856339  -0.0132867           0
Repeater1[0]<--->HoM1[0]
REAL
   0.335347 -0.00546136   0.0251088     0.16873
-0.00546136    0.141994 -0.00626972  0.00485962
  0.0251088 -0.00626972    0.145015  0.00703864
    0.16873  0.00485962  0.00703864    0.377644
IMAGINARY
          0   0.0344368  -0.0133082   0.0193052
 -0.0344368           0  -0.0347114  0.00393319
  0.0133082   0.0347114           0  0.00618821
 -0.0193052 -0.00393319 -0.00618821           0
EndNode1[0]<--->Repeater1[0]
REAL
  0.348624  0.0056803  0.0247628    0.17621
 0.0056803   0.155963 -0.0250475 0.00679869
 0.0247628 -0.0250475    0.16208 -0.0173082
   0.17621 0.00679869 -0.0173082   0.333333
IMAGINARY
           0   -0.0282201   -0.0218759 -0.000276176
   0.0282201            0   -0.0183485 -0.000136724
   0.0218759    0.0183485            0   0.00935216
 0.000276176  0.000136724  -0.00935216            0
EndNode2[0]<--->HoM1[0]
REAL
   0.380531 -0.00630458   0.0246537    0.169866
-0.00630458    0.132743  -0.0204753  -0.0185562
  0.0246537  -0.0204753     0.20059    0.027646
   0.169866  -0.0185562    0.027646    0.286136
IMAGINARY
          0 -0.00556888   0.0162473   0.0181587
 0.00556888           0  0.00953805  -0.0361337
 -0.0162473 -0.00953805           0   0.0112507
 -0.0181587   0.0361337  -0.0112507           0
Repeater1[0]<--->EndNode1[0]
REAL
  0.348624  0.0247628  0.0056803    0.17621
 0.0247628    0.16208 -0.0250475 -0.0173082
 0.0056803 -0.0250475   0.155963 0.00679869
   0.17621 -0.0173082 0.00679869   0.333333
IMAGINARY
           0   -0.0218759   -0.0282201 -0.000276176
   0.0218759            0    0.0183485   0.00935216
   0.0282201   -0.0183485            0 -0.000136724
 0.000276176  -0.00935216  0.000136724            0
Repeater1[0]<--->HoM1[0]
REAL
   0.380531   0.0246537 -0.00630458    0.169866
  0.0246537     0.20059  -0.0204753    0.027646
-0.00630458  -0.0204753    0.132743  -0.0185562
   0.169866    0.027646  -0.0185562    0.286136
IMAGINARY
          0   0.0162473 -0.00556888   0.0181587
 -0.0162473           0 -0.00953805   0.0112507
 0.00556888  0.00953805           0  -0.0361337
 -0.0181587  -0.0112507   0.0361337           0
EndNode1[0]<--->Repeater1[0]
REAL
   0.360215 -0.00705617  -0.0140358    0.180765
-0.00705617    0.174731   0.0140987   0.0276309
 -0.0140358   0.0140987    0.145161   0.0115879
   0.180765   0.0276309   0.0115879    0.319892
IMAGINARY
          0  -0.0172206  -0.0193809   0.0100558
  0.0172206           0  -0.0159381 -0.00740483
  0.0193809   0.0159381           0  -0.0214699
 -0.0100558  0.00740483   0.0214699           0
EndNode2[0]<--->HoM1[0]
REAL
  0.320113 -0.0104969 0.00354122   0.173376
-0.0104969   0.167139  0.0204349 -0.0377432
0.00354122  0.0204349   0.169972  0.0218975
  0.173376 -0.0377432  0.0218975   0.342776
IMAGINARY
          0 -0.00270282   0.0102941   0.0687624
 0.00270282           0  -0.0293685  -0.0308824
 -0.0102941   0.0293685           0   0.0232911
 -0.0687624   0.0308824  -0.0232911           0
Repeater1[0]<--->EndNode1[0]
REAL
   0.360215  -0.0140358 -0.00705617    0.180765
 -0.0140358    0.145161   0.0140987   0.0115879
-0.00705617   0.0140987    0.174731   0.0276309
   0.180765   0.0115879   0.0276309    0.319892
IMAGINARY
          0  -0.0193809  -0.0172206   0.0100558
  0.0193809           0   0.0159381  -0.0214699
  0.0172206  -0.0159381           0 -0.00740483
 -0.0100558   0.0214699  0.00740483           0
Repeater1[0]<--->HoM1[0]
REAL
  0.320113 0.00354122 -0.0104969   0.173376
0.00354122   0.169972  0.0204349  0.0218975
-0.0104969  0.0204349   0.167139 -0.0377432
  0.173376  0.0218975 -0.0377432   0.342776
IMAGINARY
          0   0.0102941 -0.00270282   0.0687624
 -0.0102941           0   0.0293685   0.0232911
 0.00270282  -0.0293685           0  -0.0308824
 -0.0687624  -0.0232911   0.0308824           0
EndNode1[0]<--->Repeater1[0]
REAL
  0.305322 0.00907544 -0.0403795   0.209182
0.00907544   0.159664  0.0164281  0.0495259
-0.0403795  0.0164281   0.170868 0.00616846
  0.209182  0.0495259 0.00616846   0.364146
IMAGINARY
          0  -0.0323184   0.0079507  0.00616438
  0.0323184           0 -0.00616438  -0.0122985
 -0.0079507  0.00616438           0  0.00188359
-0.00616438   0.0122985 -0.00188359           0
EndNode2[0]<--->HoM1[0]
REAL
  0.322884  0.0317187  0.0515195   0.174383
 0.0317187   0.125392 0.00771605  0.0102089
 0.0515195 0.00771605   0.175549  0.0330961
  0.174383  0.0102089  0.0330961   0.376176
IMAGINARY
          0  -0.0177469   0.0442269  -0.0184473
  0.0177469           0 -0.00442856   0.0141064
 -0.0442269  0.00442856           0   0.0316358
  0.0184473  -0.0141064  -0.0316358           0
Repeater1[0]<--->EndNode1[0]
REAL
  0.305322 -0.0403795 0.00907544   0.209182
-0.0403795   0.170868  0.0164281 0.00616846
0.00907544  0.0164281   0.159664  0.0495259
  0.209182 0.00616846  0.0495259   0.364146
IMAGINARY
          0   0.0079507  -0.0323184  0.00616438
 -0.0079507           0  0.00616438  0.00188359
  0.0323184 -0.00616438           0  -0.0122985
-0.00616438 -0.00188359   0.0122985           0
Repeater1[0]<--->HoM1[0]
REAL
  0.322884  0.0515195  0.0317187   0.174383
 0.0515195   0.175549 0.00771605  0.0330961
 0.0317187 0.00771605   0.125392  0.0102089
  0.174383  0.0330961  0.0102089   0.376176
IMAGINARY
          0   0.0442269  -0.0177469  -0.0184473
 -0.0442269           0  0.00442856   0.0316358
  0.0177469 -0.00442856           0   0.0141064
  0.0184473  -0.0316358  -0.0141064           0
EndNode1[0]<--->Repeater1[0]
REAL
   0.38206  0.0259006  0.0189501   0.180455
 0.0259006   0.119601 0.00343597 0.00688576
 0.0189501 0.00343597   0.142857 0.00601426
  0.180455 0.00688576 0.00601426   0.355482
IMAGINARY
          0   0.0109731  -0.0128855  0.00790127
 -0.0109731           0  -0.0126035   0.0222022
  0.0128855   0.0126035           0 -0.00786749
-0.00790127  -0.0222022  0.00786749           0
EndNode2[0]<--->HoM1[0]
REAL
   0.293413   0.0083996 -0.00459924    0.183855
  0.0083996    0.176647  0.00177391   0.0315453
-0.00459924  0.00177391    0.188623  0.00357645
   0.183855   0.0315453  0.00357645    0.341317
IMAGINARY
          0  0.00498731  -0.0123148   0.0407389
-0.00498731           0 -0.00649235 -0.00502621
  0.0123148  0.00649235           0   0.0354751
 -0.0407389  0.00502621  -0.0354751           0
Repeater1[0]<--->EndNode1[0]
REAL
   0.38206  0.0189501  0.0259006   0.180455
 0.0189501   0.142857 0.00343597 0.00601426
 0.0259006 0.00343597   0.119601 0.00688576
  0.180455 0.00601426 0.00688576   0.355482
IMAGINARY
          0  -0.0128855   0.0109731  0.00790127
  0.0128855           0   0.0126035 -0.00786749
 -0.0109731  -0.0126035           0   0.0222022
-0.00790127  0.00786749  -0.0222022           0
Repeater1[0]<--->HoM1[0]
REAL
   0.293413 -0.00459924   0.0083996    0.183855
-0.00459924    0.188623  0.00177391  0.00357645
  0.0083996  0.00177391    0.176647   0.0315453
   0.183855  0.00357645   0.0315453    0.341317
IMAGINARY
          0  -0.0123148  0.00498731   0.0407389
  0.0123148           0  0.00649235   0.0354751
-0.00498731 -0.00649235           0 -0.00502621
 -0.0407389  -0.0354751  0.00502621           0
EndNode1[0]<--->Repeater1[0]
REAL
   0.371336 -0.00568446 -0.00700317    0.174054
-0.00568446    0.162866   0.0012709  -0.0157241
-0.00700317   0.0012709     0.14658  -0.0040558
   0.174054  -0.0157241  -0.0040558    0.319218
IMAGINARY
          0  -0.0199978  -0.0273101  -0.0268693
  0.0199978           0  0.00666728  -0.0017419
  0.0273101 -0.00666728           0  -0.0396352
  0.0268693   0.0017419   0.0396352           0
EndNode2[0]<--->HoM1[0]
REAL
  0.329231 0.00594034 0.00223416   0.162896
0.00594034   0.150769 -0.0142471  0.0142824
0.00223416 -0.0142471       0.16 0.00156716
  0.162896  0.0142824 0.00156716       0.36
IMAGINARY
         0  0.0161555 -0.0232404 -0.0154326
-0.0161555          0 -0.0186584 -0.0110453
 0.0232404  0.0186584          0 -0.0190127
 0.0154326  0.0110453  0.0190127          0
Repeater1[0]<--->EndNode1[0]
REAL
   0.371336 -0.00700317 -0.00568446    0.174054
-0.00700317     0.14658   0.0012709  -0.0040558
-0.00568446   0.0012709    0.162866  -0.0157241
   0.174054  -0.0040558  -0.0157241    0.319218
IMAGINARY
          0  -0.0273101  -0.0199978  -0.0268693
  0.0273101           0 -0.00666728  -0.0396352
  0.0199978  0.00666728           0  -0.0017419
  0.0268693   0.0396352   0.0017419           0
Repeater1[0]<--->HoM1[0]
REAL
  0.329231 0.00223416 0.00594034   0.162896
0.00223416       0.16 -0.0142471 0.00156716
0.00594034 -0.0142471   0.150769  0.0142824
  0.162896 0.00156716  0.0142824       0.36
IMAGINARY
         0 -0.0232404  0.0161555 -0.0154326
 0.0232404          0  0.0186584 -0.0190127
-0.0161555 -0.0186584          0 -0.0110453
 0.0154326  0.0190127  0.0110453          0
EndNode1[0]<--->Repeater1[0]
REAL
  0.352542  0.0124679  0.0204191    0.18996
 0.0124679   0.108475 -0.0268026  0.0111598
 0.0204191 -0.0268026   0.152542 0.00332157
   0.18996  0.0111598 0.00332157   0.386441
IMAGINARY
          0  -0.0126193   0.0124772 -0.00869162
  0.0126193           0  0.00446627 -0.00669685
 -0.0124772 -0.00446627           0  0.00105856
 0.00869162  0.00669685 -0.00105856           0
EndNode2[0]<--->HoM1[0]
REAL
  0.300595  0.0263842  0.0101658   0.226679
 0.0263842   0.142857  0.0128422 -0.0221419
 0.0101658  0.0128422     0.1875   0.012538
  0.226679 -0.0221419   0.012538   0.369048
IMAGINARY
          0   0.0087827   -0.026279 -0.00972948
 -0.0087827           0   0.0226235   0.0199897
   0.026279  -0.0226235           0  -0.0119274
 0.00972948  -0.0199897   0.0119274           0
Repeater1[0]<--->EndNode1[0]
REAL
  0.352542  0.0204191  0.0124679    0.18996
 0.0204191   0.152542 -0.0268026 0.00332157
 0.0124679 -0.0268026   0.108475  0.0111598
   0.18996 0.00332157  0.0111598   0.386441
IMAGINARY
          0   0.0124772  -0.0126193 -0.00869162
 -0.0124772           0 -0.00446627  0.00105856
  0.0126193  0.00446627           0 -0.00669685
 0.00869162 -0.00105856  0.00669685           0
Repeater1[0]<--->HoM1[0]
REAL
  0.300595  0.0101658  0.0263842   0.226679
 0.0101658     0.1875  0.0128422   0.012538
 0.0263842  0.0128422   0.142857 -0.0221419
  0.226679   0.012538 -0.0221419   0.369048
IMAGINARY
          0   -0.026279   0.0087827 -0.00972948
   0.026279           0  -0.0226235  -0.0119274
 -0.0087827   0.0226235           0   0.0199897
 0.00972948   0.0119274  -0.0199897           0
EndNode1[0]<--->Repeater1[0]
REAL
   0.340836 -0.00278756   0.0321568    0.167235
-0.00278756    0.186495  -0.0163473  -0.0173639
  0.0321568  -0.0163473    0.131833   0.0116633
   0.167235  -0.0173639   0.0116633    0.340836
IMAGINARY
          0 -0.00570072   0.0404554  -0.0334247
 0.00570072           0    0.012298  -0.0359778
 -0.0404554   -0.012298           0  0.00719326
  0.0334247   0.0359778 -0.00719326           0
EndNode2[0]<--->HoM1[0]
REAL
   0.336283 -0.00174804  0.00991265    0.176622
-0.00174804    0.168142  0.00315295   0.0041323
 0.00991265  0.00315295    0.115044   0.0270289
   0.176622   0.0041323   0.0270289    0.380531
IMAGINARY
          0 -0.00269579  0.00498056 -0.00387906
 0.00269579           0   0.0290363   0.0168853
-0.00498056  -0.0290363           0  0.00415352
 0.00387906  -0.0168853 -0.00415352           0
Repeater1[0]<--->EndNode1[0]
REAL
   0.340836   0.0321568 -0.00278756    0.167235
  0.0321568    0.131833  -0.0163473   0.0116633
-0.00278756  -0.0163473    0.186495  -0.0173639
   0.167235   0.0116633  -0.0173639    0.340836
IMAGINARY
          0   0.0404554 -0.00570072  -0.0334247
 -0.0404554           0   -0.012298  0.00719326
 0.00570072    0.012298           0  -0.0359778
  0.0334247 -0.00719326   0.0359778           0
Repeater1[0]<--->HoM1[0]
REAL
   0.336283  0.00991265 -0.00174804    0.176622
 0.00991265    0.115044  0.00315295   0.0270289
-0.00174804  0.00315295    0.168142   0.0041323
   0.176622   0.0270289   0.0041323    0.380531
IMAGINARY
          0  0.00498056 -0.00269579 -0.00387906
-0.00498056           0  -0.0290363  0.00415352
 0.00269579   0.0290363           0   0.0168853
 0.00387906 -0.00415352  -0.0168853           0
EndNode1[0]<--->Repeater1[0]
REAL
  0.321101 -0.0208333  0.0151042   0.179727
-0.0208333   0.152905 0.00479634 0.00572917
 0.0151042 0.00479634   0.192661  0.0238095
  0.179727 0.00572917  0.0238095   0.333333
IMAGINARY
          0   0.0452491   0.0269661 -0.00316578
 -0.0452491           0   0.0135515  -0.0310984
 -0.0269661  -0.0135515           0  -0.0190783
 0.00316578   0.0310984   0.0190783           0
EndNode2[0]<--->HoM1[0]
REAL
   0.367781 -0.00910268   -0.018078    0.177673
-0.00910268    0.151976  -0.0361635 -0.00483301
  -0.018078  -0.0361635    0.142857   0.0104504
   0.177673 -0.00483301   0.0104504    0.337386
IMAGINARY
          0  -0.0171777  -0.0328431  -0.0236907
  0.0171777           0  0.00391668 -0.00489277
  0.0328431 -0.00391668           0   0.0203223
  0.0236907  0.00489277  -0.0203223           0
Repeater1[0]<--->EndNode1[0]
REAL
  0.321101  0.0151042 -0.0208333   0.179727
 0.0151042   0.192661 0.00479634  0.0238095
-0.0208333 0.00479634   0.152905 0.00572917
  0.179727  0.0238095 0.00572917   0.333333
IMAGINARY
          0   0.0269661   0.0452491 -0.00316578
 -0.0269661           0  -0.0135515  -0.0190783
 -0.0452491   0.0135515           0  -0.0310984
 0.00316578   0.0190783   0.0310984           0
Repeater1[0]<--->HoM1[0]
REAL
   0.367781   -0.018078 -0.00910268    0.177673
  -0.018078    0.142857  -0.0361635   0.0104504
-0.00910268  -0.0361635    0.151976 -0.00483301
   0.177673   0.0104504 -0.00483301    0.337386
IMAGINARY
          0  -0.0328431  -0.0171777  -0.0236907
  0.0328431           0 -0.00391668   0.0203223
  0.0171777  0.00391668           0 -0.00489277
  0.0236907  -0.0203223  0.00489277           0
EndNode1[0]<--->Repeater1[0]
REAL
   0.335196  -0.0122274  -0.0027381    0.169489
 -0.0122274    0.159218  -0.0111559 -0.00559524
 -0.0027381  -0.0111559    0.181564 -0.00443925
   0.169489 -0.00559524 -0.00443925    0.324022
IMAGINARY
           0    0.0361654 -0.000257129  -0.00924695
  -0.0361654            0    0.0574197   -0.0190977
 0.000257129   -0.0574197            0    0.0122217
  0.00924695    0.0190977   -0.0122217            0
EndNode2[0]<--->HoM1[0]
REAL
   0.328446     0.02699   0.0398187     0.18513
    0.02699    0.155425 -0.00846332   0.0201813
  0.0398187 -0.00846332    0.155425  -0.0103234
    0.18513   0.0201813  -0.0103234    0.360704
IMAGINARY
         0  0.0191287 -0.0101317  0.0144191
-0.0191287          0 -0.0310354 -0.0274727
 0.0101317  0.0310354          0  0.0240468
-0.0144191  0.0274727 -0.0240468          0
Repeater1[0]<--->EndNode1[0]
REAL
   0.335196  -0.0027381  -0.0122274    0.169489
 -0.0027381    0.181564  -0.0111559 -0.00443925
 -0.0122274  -0.0111559    0.159218 -0.00559524
   0.169489 -0.00443925 -0.00559524    0.324022
IMAGINARY
           0 -0.000257129    0.0361654  -0.00924695
 0.000257129            0   -0.0574197    0.0122217
  -0.0361654    0.0574197            0   -0.0190977
  0.00924695   -0.0122217    0.0190977            0
Repeater1[0]<--->HoM1[0]
REAL
   0.328446   0.0398187     0.02699     0.18513
  0.0398187    0.155425 -0.00846332  -0.0103234
    0.02699 -0.00846332    0.155425   0.0201813
    0.18513  -0.0103234   0.0201813    0.360704
IMAGINARY
         0 -0.0101317  0.0191287  0.0144191
 0.0101317          0  0.0310354  0.0240468
-0.0191287 -0.0310354          0 -0.0274727
-0.0144191 -0.0240468  0.0274727          0
EndNode1[0]<--->Repeater1[0]
REAL
  0.386503 0.00999749  0.0150213   0.188394
0.00999749   0.131902 -0.0145475 0.00190177
 0.0150213 -0.0145475   0.171779 -0.0176898
  0.188394 0.00190177 -0.0176898   0.309816
IMAGINARY
          0  0.00221231  -0.0602208  -0.0389102
-0.00221231           0   0.0235898   0.0161032
  0.0602208  -0.0235898           0  0.00367004
  0.0389102  -0.0161032 -0.00367004           0
EndNode2[0]<--->HoM1[0]
REAL
   0.337243 -0.00287229   0.0097164     0.18246
-0.00287229    0.193548 -0.00504032  -0.0129422
  0.0097164 -0.00504032    0.152493    -0.02616
    0.18246  -0.0129422    -0.02616    0.316716
IMAGINARY
          0   0.0151544  -0.0414381  0.00428635
 -0.0151544           0  -0.0288262  -0.0210619
  0.0414381   0.0288262           0   0.0205598
-0.00428635   0.0210619  -0.0205598           0
Repeater1[0]<--->EndNode1[0]
REAL
  0.386503  0.0150213 0.00999749   0.188394
 0.0150213   0.171779 -0.0145475 -0.0176898
0.00999749 -0.0145475   0.131902 0.00190177
  0.188394 -0.0176898 0.00190177   0.309816
IMAGINARY
          0  -0.0602208  0.00221231  -0.0389102
  0.0602208           0  -0.0235898  0.00367004
-0.00221231   0.0235898           0   0.0161032
  0.0389102 -0.00367004  -0.0161032           0
Repeater1[0]<--->HoM1[0]
REAL
   0.337243   0.0097164 -0.00287229     0.18246
  0.0097164    0.152493 -0.00504032    -0.02616
-0.00287229 -0.00504032    0.193548  -0.0129422
    0.18246    -0.02616  -0.0129422    0.316716
IMAGINARY
          0  -0.0414381   0.0151544  0.00428635
  0.0414381           0   0.0288262   0.0205598
 -0.0151544  -0.0288262           0  -0.0210619
-0.00428635  -0.0205598   0.0210619           0
EndNode1[0]<--->Repeater1[0]
REAL
   0.321101 -0.00748432 -0.00471452    0.169394
-0.00748432    0.146789 -0.00670703  0.00322199
-0.00471452 -0.00670703    0.171254 -0.00893359
   0.169394  0.00322199 -0.00893359    0.360856
IMAGINARY
          0  -0.0267296  0.00984092   0.0203154
  0.0267296           0  -0.0145683   0.0216056
-0.00984092   0.0145683           0  -0.0267296
 -0.0203154  -0.0216056   0.0267296           0
EndNode2[0]<--->HoM1[0]
REAL
    0.314642 -0.000461988   -0.0073705     0.173172
-0.000461988     0.133956   -0.0397314 -0.000668086
  -0.0073705   -0.0397314     0.158879   0.00528514
    0.173172 -0.000668086   0.00528514     0.392523
IMAGINARY
         0  0.0314562 -0.0185407  0.0238806
-0.0314562          0  0.0164179 -0.0169432
 0.0185407 -0.0164179          0  0.0201567
-0.0238806  0.0169432 -0.0201567          0
Repeater1[0]<--->EndNode1[0]
REAL
   0.321101 -0.00471452 -0.00748432    0.169394
-0.00471452    0.171254 -0.00670703 -0.00893359
-0.00748432 -0.00670703    0.146789  0.00322199
   0.169394 -0.00893359  0.00322199    0.360856
IMAGINARY
          0  0.00984092  -0.0267296   0.0203154
-0.00984092           0   0.0145683  -0.0267296
  0.0267296  -0.0145683           0   0.0216056
 -0.0203154   0.0267296  -0.0216056           0
Repeater1[0]<--->HoM1[0]
REAL
    0.314642   -0.0073705 -0.000461988     0.173172
  -0.0073705     0.158879   -0.0397314   0.00528514
-0.000461988   -0.0397314     0.133956 -0.000668086
    0.173172   0.00528514 -0.000668086     0.392523
IMAGINARY
         0 -0.0185407  0.0314562  0.0238806
 0.0185407          0 -0.0164179  0.0201567
-0.0314562  0.0164179          0 -0.0169432
-0.0238806 -0.0201567  0.0169432          0
EndNode1[0]<--->Repeater1[0]
REAL
   0.325153  -0.0346691  0.00784464    0.173778
 -0.0346691    0.134969 -0.00804001  -0.0120229
 0.00784464 -0.00804001    0.211656 -0.00850635
   0.173778  -0.0120229 -0.00850635    0.328221
IMAGINARY
          0   0.0247479   0.0117743   0.0159845
 -0.0247479           0  0.00969523   0.0279985
 -0.0117743 -0.00969523           0  -0.0588388
 -0.0159845  -0.0279985   0.0588388           0
EndNode2[0]<--->HoM1[0]
REAL
  0.330357 0.00877281 -0.0238225   0.194814
0.00877281   0.157738 -0.0154663 -0.0223732
-0.0238225 -0.0154663   0.151786  0.0211185
  0.194814 -0.0223732  0.0211185   0.360119
IMAGINARY
          0  0.00935538  -0.0149409   0.0132896
-0.00935538           0    0.037386 -0.00219304
  0.0149409   -0.037386           0   0.0108938
 -0.0132896  0.00219304  -0.0108938           0
Repeater1[0]<--->EndNode1[0]
REAL
   0.325153  0.00784464  -0.0346691    0.173778
 0.00784464    0.211656 -0.00804001 -0.00850635
 -0.0346691 -0.00804001    0.134969  -0.0120229
   0.173778 -0.00850635  -0.0120229    0.328221
IMAGINARY
          0   0.0117743   0.0247479   0.0159845
 -0.0117743           0 -0.00969523  -0.0588388
 -0.0247479  0.00969523           0   0.0279985
 -0.0159845   0.0588388  -0.0279985           0
Repeater1[0]<--->HoM1[0]
REAL
  0.330357 -0.0238225 0.00877281   0.194814
-0.0238225   0.151786 -0.0154663  0.0211185
0.00877281 -0.0154663   0.157738 -0.0223732
  0.194814  0.0211185 -0.0223732   0.360119
IMAGINARY
          0  -0.0149409  0.00935538   0.0132896
  0.0149409           0   -0.037386   0.0108938
-0.00935538    0.037386           0 -0.00219304
 -0.0132896  -0.0108938  0.00219304           0
EndNode1[0]<--->Repeater1[0]
REAL
  0.311111  0.0143462 -0.0267981   0.171554
 0.0143462   0.155556 -0.0117302 0.00773648
-0.0267981 -0.0117302      0.175 -0.0158125
  0.171554 0.00773648 -0.0158125   0.358333
IMAGINARY
           0   0.00247599   0.00472467    0.0106154
 -0.00247599            0  -0.00749042 -0.000325839
 -0.00472467   0.00749042            0   -0.0244701
  -0.0106154  0.000325839    0.0244701            0
EndNode2[0]<--->HoM1[0]
REAL
  0.312121  0.0115654 -0.0135994   0.208939
 0.0115654   0.142424 0.00893855 0.00242623
-0.0135994 0.00893855   0.169697  0.0359207
  0.208939 0.00242623  0.0359207   0.375758
IMAGINARY
           0   -0.0136672    0.0242555    0.0144882
   0.0136672            0  -0.00528578  0.000744514
  -0.0242555   0.00528578            0   0.00741717
  -0.0144882 -0.000744514  -0.00741717            0
Repeater1[0]<--->EndNode1[0]
REAL
  0.311111 -0.0267981  0.0143462   0.171554
-0.0267981      0.175 -0.0117302 -0.0158125
 0.0143462 -0.0117302   0.155556 0.00773648
  0.171554 -0.0158125 0.00773648   0.358333
IMAGINARY
           0   0.00472467   0.00247599    0.0106154
 -0.00472467            0   0.00749042   -0.0244701
 -0.00247599  -0.00749042            0 -0.000325839
  -0.0106154    0.0244701  0.000325839            0
Repeater1[0]<--->HoM1[0]
REAL
  0.312121 -0.0135994  0.0115654   0.208939
-0.0135994   0.169697 0.00893855  0.0359207
 0.0115654 0.00893855   0.142424 0.00242623
  0.208939  0.0359207 0.00242623   0.375758
IMAGINARY
           0    0.0242555   -0.0136672    0.0144882
  -0.0242555            0   0.00528578   0.00741717
   0.0136672  -0.00528578            0  0.000744514
  -0.0144882  -0.00741717 -0.000744514            0
EndNode1[0]<--->Repeater1[0]
REAL
 0.324324 0.0100506  0.011518  0.162997
0.0100506   0.14527 0.0184188 0.0312549
 0.011518 0.0184188   0.14527  0.038622
 0.162997 0.0312549  0.038622  0.385135
IMAGINARY
          0  0.00164462  0.00586149  -0.0070566
-0.00164462           0  -0.0214244   0.0302831
-0.00586149   0.0214244           0  -0.0136928
  0.0070566  -0.0302831   0.0136928           0
EndNode2[0]<--->HoM1[0]
REAL
  0.373563 -0.0214063  0.0174542   0.185481
-0.0214063   0.132184 0.00548105  0.0306507
 0.0174542 0.00548105   0.195402  0.0345259
  0.185481  0.0306507  0.0345259   0.298851
IMAGINARY
           0   -0.0158508    0.0105775     0.014095
   0.0158508            0    -0.014095  0.000191737
  -0.0105775     0.014095            0    0.0235431
   -0.014095 -0.000191737   -0.0235431            0
Repeater1[0]<--->EndNode1[0]
REAL
 0.324324  0.011518 0.0100506  0.162997
 0.011518   0.14527 0.0184188  0.038622
0.0100506 0.0184188   0.14527 0.0312549
 0.162997  0.038622 0.0312549  0.385135
IMAGINARY
          0  0.00586149  0.00164462  -0.0070566
-0.00586149           0   0.0214244  -0.0136928
-0.00164462  -0.0214244           0   0.0302831
  0.0070566   0.0136928  -0.0302831           0
Repeater1[0]<--->HoM1[0]
REAL
  0.373563  0.0174542 -0.0214063   0.185481
 0.0174542   0.195402 0.00548105  0.0345259
-0.0214063 0.00548105   0.132184  0.0306507
  0.185481  0.0345259  0.0306507   0.298851
IMAGINARY
           0    0.0105775   -0.0158508     0.014095
  -0.0105775            0     0.014095    0.0235431
   0.0158508    -0.014095            0  0.000191737
   -0.014095   -0.0235431 -0.000191737            0
EndNode1[0]<--->Repeater1[0]
REAL
  0.361564  0.0134511  0.0101993   0.212892
 0.0134511   0.143322  0.0060428 -0.0161165
 0.0101993  0.0060428   0.149837 -0.0104925
  0.212892 -0.0161165 -0.0104925   0.345277
IMAGINARY
           0   -0.0195004   -0.0200189 -0.000891093
   0.0195004            0    0.0133135    0.0159093
   0.0200189   -0.0133135            0   0.00991136
 0.000891093   -0.0159093  -0.00991136            0
EndNode2[0]<--->HoM1[0]
REAL
 0.332425 0.0241139 0.0167683  0.161378
0.0241139  0.152589  0.036793 0.0167683
0.0167683  0.036793  0.182561 0.0368617
 0.161378 0.0167683 0.0368617  0.332425
IMAGINARY
          0 -0.00789037   0.0006775  -0.0387591
 0.00789037           0   0.0305624   0.0142727
 -0.0006775  -0.0305624           0  -0.0436047
  0.0387591  -0.0142727   0.0436047           0
Repeater1[0]<--->EndNode1[0]
REAL
  0.361564  0.0101993  0.0134511   0.212892
 0.0101993   0.149837  0.0060428 -0.0104925
 0.0134511  0.0060428   0.143322 -0.0161165
  0.212892 -0.0104925 -0.0161165   0.345277
IMAGINARY
           0   -0.0200189   -0.0195004 -0.000891093
   0.0200189            0   -0.0133135   0.00991136
   0.0195004    0.0133135            0    0.0159093
 0.000891093  -0.00991136   -0.0159093            0
Repeater1[0]<--->HoM1[0]
REAL
 0.332425 0.0167683 0.0241139  0.161378
0.0167683  0.182561  0.036793 0.0368617
0.0241139  0.036793  0.152589 0.0167683
 0.161378 0.0368617 0.0167683  0.332425
IMAGINARY
          0   0.0006775 -0.00789037  -0.0387591
 -0.0006775           0  -0.0305624  -0.0436047
 0.00789037   0.0305624           0   0.0142727
  0.0387591   0.0436047  -0.0142727           0
EndNode1[0]<--->Repeater1[0]
REAL
    0.378788   -0.0144189    0.0151125     0.170827
  -0.0144189     0.121212   -0.0140219   -0.0003196
   0.0151125   -0.0140219     0.166667 -0.000373978
    0.170827   -0.0003196 -0.000373978     0.333333
IMAGINARY
          0   0.0286311 -0.00625701  0.00966561
 -0.0286311           0  -0.0125896   0.0153479
 0.00625701   0.0125896           0 -0.00741902
-0.00966561  -0.0153479  0.00741902           0
EndNode2[0]<--->HoM1[0]
REAL
   0.380665  0.00688439  -0.0270753    0.181662
 0.00688439    0.108761  -0.0287207  -0.0317482
 -0.0270753  -0.0287207    0.181269 -0.00100204
   0.181662  -0.0317482 -0.00100204    0.329305
IMAGINARY
           0    0.0138732   0.00736633   -0.0219162
  -0.0138732            0  -0.00894795  0.000830387
 -0.00736633   0.00894795            0    0.0052525
   0.0219162 -0.000830387   -0.0052525            0
Repeater1[0]<--->EndNode1[0]
REAL
    0.378788    0.0151125   -0.0144189     0.170827
   0.0151125     0.166667   -0.0140219 -0.000373978
  -0.0144189   -0.0140219     0.121212   -0.0003196
    0.170827 -0.000373978   -0.0003196     0.333333
IMAGINARY
          0 -0.00625701   0.0286311  0.00966561
 0.00625701           0   0.0125896 -0.00741902
 -0.0286311  -0.0125896           0   0.0153479
-0.00966561  0.00741902  -0.0153479           0
Repeater1[0]<--->HoM1[0]
REAL
   0.380665  -0.0270753  0.00688439    0.181662
 -0.0270753    0.181269  -0.0287207 -0.00100204
 0.00688439  -0.0287207    0.108761  -0.0317482
   0.181662 -0.00100204  -0.0317482    0.329305
IMAGINARY
           0   0.00736633    0.0138732   -0.0219162
 -0.00736633            0   0.00894795    0.0052525
  -0.0138732  -0.00894795            0  0.000830387
   0.0219162   -0.0052525 -0.000830387            0
EndNode1[0]<--->Repeater1[0]
REAL
   0.394737 -0.00230504 -0.00887574    0.172997
-0.00230504    0.111111  0.00451827  0.00887574
-0.00887574  0.00451827    0.163743   0.0170979
   0.172997  0.00887574   0.0170979    0.330409
IMAGINARY
           0   -0.0166661    0.0315976   0.00902369
   0.0166661            0    0.0341073    -0.020728
  -0.0315976   -0.0341073            0  0.000361758
 -0.00902369     0.020728 -0.000361758            0
EndNode2[0]<--->HoM1[0]
REAL
  0.315113 -0.0114757  0.0086667   0.196117
-0.0114757   0.157556  -0.028434  -0.017813
 0.0086667  -0.028434   0.189711 0.00537819
  0.196117  -0.017813 0.00537819   0.337621
IMAGINARY
           0     0.025101   -0.0286027   -0.0189689
   -0.025101            0  1.84522e-05   0.00165663
   0.0286027 -1.84522e-05            0   0.00184515
   0.0189689  -0.00165663  -0.00184515            0
Repeater1[0]<--->EndNode1[0]
REAL
   0.394737 -0.00887574 -0.00230504    0.172997
-0.00887574    0.163743  0.00451827   0.0170979
-0.00230504  0.00451827    0.111111  0.00887574
   0.172997   0.0170979  0.00887574    0.330409
IMAGINARY
           0    0.0315976   -0.0166661   0.00902369
  -0.0315976            0   -0.0341073  0.000361758
   0.0166661    0.0341073            0    -0.020728
 -0.00902369 -0.000361758     0.020728            0
Repeater1[0]<--->HoM1[0]
REAL
  0.315113  0.0086667 -0.0114757   0.196117
 0.0086667   0.189711  -0.028434 0.00537819
-0.0114757  -0.028434   0.157556  -0.017813
  0.196117 0.00537819  -0.017813   0.337621
IMAGINARY
           0   -0.0286027     0.025101   -0.0189689
   0.0286027            0 -1.84522e-05   0.00184515
   -0.025101  1.84522e-05            0   0.00165663
   0.0189689  -0.00184515  -0.00165663            0
EndNode1[0]<--->Repeater1[0]
REAL
   0.374317   0.0248468  0.00575604     0.18675
  0.0248468     0.15847  -0.0141841 -0.00723097
 0.00575604  -0.0141841    0.136612   0.0120263
    0.18675 -0.00723097   0.0120263    0.330601
IMAGINARY
           0    0.0123781    0.0537629   -0.0244651
  -0.0123781            0  -0.00774778  0.000754269
  -0.0537629   0.00774778            0    0.0390238
   0.0244651 -0.000754269   -0.0390238            0
EndNode2[0]<--->HoM1[0]
REAL
   0.37464 -0.0219224 -0.0244194   0.211548
-0.0219224    0.18732 -0.0162812 -0.0229179
-0.0244194 -0.0162812   0.149856 0.00712954
  0.211548 -0.0229179 0.00712954   0.288184
IMAGINARY
          0   0.0328541   0.0345657  0.00685818
 -0.0328541           0  -0.0366201   -0.014688
 -0.0345657   0.0366201           0   -0.031325
-0.00685818    0.014688    0.031325           0
Repeater1[0]<--->EndNode1[0]
REAL
   0.374317  0.00575604   0.0248468     0.18675
 0.00575604    0.136612  -0.0141841   0.0120263
  0.0248468  -0.0141841     0.15847 -0.00723097
    0.18675   0.0120263 -0.00723097    0.330601
IMAGINARY
           0    0.0537629    0.0123781   -0.0244651
  -0.0537629            0   0.00774778    0.0390238
  -0.0123781  -0.00774778            0  0.000754269
   0.0244651   -0.0390238 -0.000754269            0
Repeater1[0]<--->HoM1[0]
REAL
   0.37464 -0.0244194 -0.0219224   0.211548
-0.0244194   0.149856 -0.0162812 0.00712954
-0.0219224 -0.0162812    0.18732 -0.0229179
  0.211548 0.00712954 -0.0229179   0.288184
IMAGINARY
          0   0.0345657   0.0328541  0.00685818
 -0.0345657           0   0.0366201   -0.031325
 -0.0328541  -0.0366201           0   -0.014688
-0.00685818    0.031325    0.014688           0
EndNode1[0]<--->Repeater1[0]
REAL
   0.347181  0.00661617 -0.00299517    0.154038
 0.00661617    0.145401  0.00238646   0.0309281
-0.00299517  0.00238646    0.169139 -0.00940947
   0.154038   0.0309281 -0.00940947    0.338279
IMAGINARY
          0   0.0173082  -0.0135824   0.0262883
 -0.0173082           0  -0.0133943 -0.00593713
  0.0135824   0.0133943           0  0.00821731
 -0.0262883  0.00593713 -0.00821731           0
EndNode2[0]<--->HoM1[0]
REAL
   0.346821   0.0119719 -0.00785245     0.17381
  0.0119719    0.141618  0.00216793 -0.00332073
-0.00785245  0.00216793    0.147399   0.0103745
    0.17381 -0.00332073   0.0103745    0.364162
IMAGINARY
          0  -0.0305926   0.0299656  0.00438018
  0.0305926           0    0.022532   0.0222732
 -0.0299656   -0.022532           0  -0.0276164
-0.00438018  -0.0222732   0.0276164           0
Repeater1[0]<--->EndNode1[0]
REAL
   0.347181 -0.00299517  0.00661617    0.154038
-0.00299517    0.169139  0.00238646 -0.00940947
 0.00661617  0.00238646    0.145401   0.0309281
   0.154038 -0.00940947   0.0309281    0.338279
IMAGINARY
          0  -0.0135824   0.0173082   0.0262883
  0.0135824           0   0.0133943  0.00821731
 -0.0173082  -0.0133943           0 -0.00593713
 -0.0262883 -0.00821731  0.00593713           0
Repeater1[0]<--->HoM1[0]
REAL
   0.346821 -0.00785245   0.0119719     0.17381
-0.00785245    0.147399  0.00216793   0.0103745
  0.0119719  0.00216793    0.141618 -0.00332073
    0.17381   0.0103745 -0.00332073    0.364162
IMAGINARY
          0   0.0299656  -0.0305926  0.00438018
 -0.0299656           0   -0.022532  -0.0276164
  0.0305926    0.022532           0   0.0222732
-0.00438018   0.0276164  -0.0222732           0
EndNode1[0]<--->Repeater1[0]
REAL
  0.290503 0.00273817  -0.014522   0.202831
0.00273817   0.167598 0.00423958 -0.0275655
 -0.014522 0.00423958   0.156425 0.00567934
  0.202831 -0.0275655 0.00567934   0.385475
IMAGINARY
          0  0.00211268  0.00611284  0.00368516
-0.00211268           0 -0.00695314   0.0206477
-0.00611284  0.00695314           0  0.00211268
-0.00368516  -0.0206477 -0.00211268           0
EndNode2[0]<--->HoM1[0]
REAL
    0.32133 -0.00877193  0.00287207    0.194444
-0.00877193    0.149584   0.0277778   0.0117478
 0.00287207   0.0277778    0.138504  0.00292398
   0.194444   0.0117478  0.00292398    0.390582
IMAGINARY
          0 -0.00630823 -0.00437084  -0.0252366
 0.00630823           0  0.00157729   0.0178844
 0.00437084 -0.00157729           0  -0.0462443
  0.0252366  -0.0178844   0.0462443           0
Repeater1[0]<--->EndNode1[0]
REAL
  0.290503  -0.014522 0.00273817   0.202831
 -0.014522   0.156425 0.00423958 0.00567934
0.00273817 0.00423958   0.167598 -0.0275655
  0.202831 0.00567934 -0.0275655   0.385475
IMAGINARY
          0  0.00611284  0.00211268  0.00368516
-0.00611284           0  0.00695314  0.00211268
-0.00211268 -0.00695314           0   0.0206477
-0.00368516 -0.00211268  -0.0206477           0
Repeater1[0]<--->HoM1[0]
REAL
    0.32133  0.00287207 -0.00877193    0.194444
 0.00287207    0.138504   0.0277778  0.00292398
-0.00877193   0.0277778    0.149584   0.0117478
   0.194444  0.00292398   0.0117478    0.390582
IMAGINARY
          0 -0.00437084 -0.00630823  -0.0252366
 0.00437084           0 -0.00157729  -0.0462443
 0.00630823  0.00157729           0   0.0178844
  0.0252366   0.0462443  -0.0178844           0
EndNode1[0]<--->Repeater1[0]
REAL
   0.359756  -0.0351564 0.000649144    0.213228
 -0.0351564     0.14939  -0.0126289  -0.0126252
0.000649144  -0.0126289    0.167683  0.00521628
   0.213228  -0.0126252  0.00521628    0.323171
IMAGINARY
          0   -0.024445   0.0194635 -0.00150506
   0.024445           0  0.00294598 -0.00856009
 -0.0194635 -0.00294598           0  0.00108052
 0.00150506  0.00856009 -0.00108052           0
EndNode2[0]<--->HoM1[0]
REAL
   0.389831  0.00640509 -0.00793576    0.170898
 0.00640509    0.149153  -0.0473344 -0.00930562
-0.00793576  -0.0473344    0.166102  0.00796272
   0.170898 -0.00930562  0.00796272    0.294915
IMAGINARY
          0  0.00138122   0.0249783  -0.0211871
-0.00138122           0  -0.0180621   0.0109333
 -0.0249783   0.0180621           0  0.00138122
  0.0211871  -0.0109333 -0.00138122           0
Repeater1[0]<--->EndNode1[0]
REAL
   0.359756 0.000649144  -0.0351564    0.213228
0.000649144    0.167683  -0.0126289  0.00521628
 -0.0351564  -0.0126289     0.14939  -0.0126252
   0.213228  0.00521628  -0.0126252    0.323171
IMAGINARY
          0   0.0194635   -0.024445 -0.00150506
 -0.0194635           0 -0.00294598  0.00108052
   0.024445  0.00294598           0 -0.00856009
 0.00150506 -0.00108052  0.00856009           0
Repeater1[0]<--->HoM1[0]
REAL
   0.389831 -0.00793576  0.00640509    0.170898
-0.00793576    0.166102  -0.0473344  0.00796272
 0.00640509  -0.0473344    0.149153 -0.00930562
   0.170898  0.00796272 -0.00930562    0.294915
IMAGINARY
          0   0.0249783  0.00138122  -0.0211871
 -0.0249783           0   0.0180621  0.00138122
-0.00138122  -0.0180621           0   0.0109333
  0.0211871 -0.00138122  -0.0109333           0
EndNode1[0]<--->Repeater1[0]
REAL
  0.376471 -0.0305868 -0.0152106   0.194322
-0.0305868   0.161765 -0.0117382 0.00678358
-0.0152106 -0.0117382       0.15  0.0249688
  0.194322 0.00678358  0.0249688   0.311765
IMAGINARY
          0 -0.00844156   0.0269105    0.020239
 0.00844156           0   0.0170744  -0.0299408
 -0.0269105  -0.0170744           0 -0.00367965
  -0.020239   0.0299408  0.00367965           0
EndNode2[0]<--->HoM1[0]
REAL
   0.38587 0.00614237  0.0264288   0.176112
0.00614237   0.141304 -0.0262693 -0.0059241
 0.0264288 -0.0262693   0.149457 -0.0014105
  0.176112 -0.0059241 -0.0014105    0.32337
IMAGINARY
          0  -0.0251333  0.00436047  -0.0112704
  0.0251333           0   0.0160023 -0.00436047
-0.00436047  -0.0160023           0 -0.00462859
  0.0112704  0.00436047  0.00462859           0
Repeater1[0]<--->EndNode1[0]
REAL
  0.376471 -0.0152106 -0.0305868   0.194322
-0.0152106       0.15 -0.0117382  0.0249688
-0.0305868 -0.0117382   0.161765 0.00678358
  0.194322  0.0249688 0.00678358   0.311765
IMAGINARY
          0   0.0269105 -0.00844156    0.020239
 -0.0269105           0  -0.0170744 -0.00367965
 0.00844156   0.0170744           0  -0.0299408
  -0.020239  0.00367965   0.0299408           0
Repeater1[0]<--->HoM1[0]
REAL
