EndNode1[0]<--->Repeater1[0]
REAL
   0.411765  -0.0118171  0.00489372    0.330293
 -0.0118171   0.0864346 -0.00766533 -0.00253662
 0.00489372 -0.00766533   0.0903361  0.00592434
   0.330293 -0.00253662  0.00592434    0.411465
IMAGINARY
          0 -0.00289461  0.00702403  0.00219522
 0.00289461           0  0.00234198   0.0032714
-0.00702403 -0.00234198           0 -0.00113404
-0.00219522  -0.0032714  0.00113404           0
EndNode2[0]<--->HoM1[0]
REAL
   0.40625 0.00368256 0.00883863   0.331452
0.00368256  0.0879289 0.00141708 0.00307719
0.00883863 0.00141708  0.0863971 0.00575725
  0.331452 0.00307719 0.00575725   0.419424
IMAGINARY
          0 -0.00113828 -0.00492567  0.00149083
 0.00113828           0  0.00552671  0.00958225
 0.00492567 -0.00552671           0 -0.00410037
-0.00149083 -0.00958225  0.00410037           0
Repeater1[0]<--->EndNode1[0]
REAL
   0.411765  0.00489372  -0.0118171    0.330293
 0.00489372   0.0903361 -0.00766533  0.00592434
 -0.0118171 -0.00766533   0.0864346 -0.00253662
   0.330293  0.00592434 -0.00253662    0.411465
IMAGINARY
          0  0.00702403 -0.00289461  0.00219522
-0.00702403           0 -0.00234198 -0.00113404
 0.00289461  0.00234198           0   0.0032714
-0.00219522  0.00113404  -0.0032714           0
Repeater1[0]<--->HoM1[0]
REAL
   0.40625 0.00883863 0.00368256   0.331452
0.00883863  0.0863971 0.00141708 0.00575725
0.00368256 0.00141708  0.0879289 0.00307719
  0.331452 0.00575725 0.00307719   0.419424
IMAGINARY
          0 -0.00492567 -0.00113828  0.00149083
 0.00492567           0 -0.00552671 -0.00410037
 0.00113828  0.00552671           0  0.00958225
-0.00149083  0.00410037 -0.00958225           0
EndNode1[0]<--->Repeater1[0]
REAL
   0.410249   -0.010743 -0.00803984    0.330265
  -0.010743   0.0891588  0.00271113  -0.0156677
-0.00803984  0.00271113   0.0915284 -0.00439927
   0.330265  -0.0156677 -0.00439927    0.409064
IMAGINARY
          0  0.00941837  -0.0066538 -0.00227941
-0.00941837           0 -0.00258354 -0.00634929
  0.0066538  0.00258354           0  0.00389433
 0.00227941  0.00634929 -0.00389433           0
EndNode2[0]<--->HoM1[0]
REAL
    0.412166   -0.0069957    0.0128784     0.322202
  -0.0069957    0.0912477  -0.00442045 -0.000554446
   0.0128784  -0.00442045    0.0828678    0.0125708
    0.322202 -0.000554446    0.0125708     0.413718
IMAGINARY
           0  0.000808697  -0.00533749  -0.00602789
-0.000808697            0  -0.00762348  -0.00157357
  0.00533749   0.00762348            0   0.00279707
  0.00602789   0.00157357  -0.00279707            0
Repeater1[0]<--->EndNode1[0]
REAL
   0.410249 -0.00803984   -0.010743    0.330265
-0.00803984   0.0915284  0.00271113 -0.00439927
  -0.010743  0.00271113   0.0891588  -0.0156677
   0.330265 -0.00439927  -0.0156677    0.409064
IMAGINARY
          0  -0.0066538  0.00941837 -0.00227941
  0.0066538           0  0.00258354  0.00389433
-0.00941837 -0.00258354           0 -0.00634929
 0.00227941 -0.00389433  0.00634929           0
Repeater1[0]<--->HoM1[0]
REAL
    0.412166    0.0128784   -0.0069957     0.322202
   0.0128784    0.0828678  -0.00442045    0.0125708
  -0.0069957  -0.00442045    0.0912477 -0.000554446
    0.322202    0.0125708 -0.000554446     0.413718
IMAGINARY
           0  -0.00533749  0.000808697  -0.00602789
  0.00533749            0   0.00762348   0.00279707
-0.000808697  -0.00762348            0  -0.00157357
  0.00602789  -0.00279707   0.00157357            0
EndNode1[0]<--->Repeater1[0]
REAL
   0.412792  0.00898084  0.00441681    0.318019
 0.00898084   0.0965354 -0.00329292  0.00561013
 0.00441681 -0.00329292   0.0838022  0.00852889
   0.318019  0.00561013  0.00852889     0.40687
IMAGINARY
          0   0.0111349  0.00520413 -0.00489399
 -0.0111349           0  0.00504789  -0.0121795
-0.00520413 -0.00504789           0  -0.0023786
 0.00489399   0.0121795   0.0023786           0
EndNode2[0]<--->HoM1[0]
REAL
   0.409949   0.0002029  0.00328228    0.326132
  0.0002029   0.0881031  0.00370764 0.000108594
 0.00328228  0.00370764   0.0890021  0.00318798
   0.326132 0.000108594  0.00318798    0.412946
IMAGINARY
           0  -0.00105266   0.00848134   -0.0011664
  0.00105266            0  -0.00407783    0.0107438
 -0.00848134   0.00407783            0  0.000318875
   0.0011664   -0.0107438 -0.000318875            0
Repeater1[0]<--->EndNode1[0]
REAL
   0.412792  0.00441681  0.00898084    0.318019
 0.00441681   0.0838022 -0.00329292  0.00852889
 0.00898084 -0.00329292   0.0965354  0.00561013
   0.318019  0.00852889  0.00561013     0.40687
IMAGINARY
          0  0.00520413   0.0111349 -0.00489399
-0.00520413           0 -0.00504789  -0.0023786
 -0.0111349  0.00504789           0  -0.0121795
 0.00489399   0.0023786   0.0121795           0
Repeater1[0]<--->HoM1[0]
REAL
   0.409949  0.00328228   0.0002029    0.326132
 0.00328228   0.0890021  0.00370764  0.00318798
  0.0002029  0.00370764   0.0881031 0.000108594
   0.326132  0.00318798 0.000108594    0.412946
IMAGINARY
           0   0.00848134  -0.00105266   -0.0011664
 -0.00848134            0   0.00407783  0.000318875
  0.00105266  -0.00407783            0    0.0107438
   0.0011664 -0.000318875   -0.0107438            0
EndNode1[0]<--->Repeater1[0]
REAL
   0.406332  0.00166493 -0.00425589    0.316409
 0.00166493   0.0920551  0.00292644  0.00365166
-0.00425589  0.00292644     0.08326  0.00196044
   0.316409  0.00365166  0.00196044    0.418352
IMAGINARY
          0 -0.00656906  0.00681357   0.0033812
 0.00656906           0  0.00489086 -0.00499978
-0.00681357 -0.00489086           0 -0.00522054
 -0.0033812  0.00499978  0.00522054           0
EndNode2[0]<--->HoM1[0]
REAL
   0.414332  0.00141397  0.00339064    0.314516
 0.00141397   0.0808021 -0.00708626 -0.00532229
 0.00339064 -0.00708626   0.0843409  0.00319227
   0.314516 -0.00532229  0.00319227    0.420525
IMAGINARY
          0  0.00640258 -0.00475807  -0.0100483
-0.00640258           0 -0.00838214   0.0102192
 0.00475807  0.00838214           0 -0.00154821
  0.0100483  -0.0102192  0.00154821           0
Repeater1[0]<--->EndNode1[0]
REAL
   0.406332 -0.00425589  0.00166493    0.316409
-0.00425589     0.08326  0.00292644  0.00196044
 0.00166493  0.00292644   0.0920551  0.00365166
   0.316409  0.00196044  0.00365166    0.418352
IMAGINARY
          0  0.00681357 -0.00656906   0.0033812
-0.00681357           0 -0.00489086 -0.00522054
 0.00656906  0.00489086           0 -0.00499978
 -0.0033812  0.00522054  0.00499978           0
Repeater1[0]<--->HoM1[0]
REAL
   0.414332  0.00339064  0.00141397    0.314516
 0.00339064   0.0843409 -0.00708626  0.00319227
 0.00141397 -0.00708626   0.0808021 -0.00532229
   0.314516  0.00319227 -0.00532229    0.420525
IMAGINARY
          0 -0.00475807  0.00640258  -0.0100483
 0.00475807           0  0.00838214 -0.00154821
-0.00640258 -0.00838214           0   0.0102192
  0.0100483  0.00154821  -0.0102192           0
EndNode1[0]<--->Repeater1[0]
REAL
   0.407182  0.00119114  0.00578725    0.333322
 0.00119114   0.0874602  0.00980982 -0.00668707
 0.00578725  0.00980982    0.092673 -0.00599018
   0.333322 -0.00668707 -0.00599018    0.412685
IMAGINARY
          0  0.00191359 -0.00858974   0.0148726
-0.00191359           0  0.00580869  0.00257651
 0.00858974 -0.00580869           0 -0.00161293
 -0.0148726 -0.00257651  0.00161293           0
EndNode2[0]<--->HoM1[0]
REAL
    0.41064 -0.00214501  0.00235859     0.32959
-0.00214501   0.0974298  0.00364506  0.00414643
 0.00235859  0.00364506   0.0812911 -0.00199455
    0.32959  0.00414643 -0.00199455     0.41064
IMAGINARY
          0  -0.0131949 -0.00331921 -0.00293126
  0.0131949           0  0.00232557  0.00376551
 0.00331921 -0.00232557           0  0.00233499
 0.00293126 -0.00376551 -0.00233499           0
Repeater1[0]<--->EndNode1[0]
REAL
   0.407182  0.00578725  0.00119114    0.333322
 0.00578725    0.092673  0.00980982 -0.00599018
 0.00119114  0.00980982   0.0874602 -0.00668707
   0.333322 -0.00599018 -0.00668707    0.412685
IMAGINARY
          0 -0.00858974  0.00191359   0.0148726
 0.00858974           0 -0.00580869 -0.00161293
-0.00191359  0.00580869           0  0.00257651
 -0.0148726  0.00161293 -0.00257651           0
Repeater1[0]<--->HoM1[0]
REAL
    0.41064  0.00235859 -0.00214501     0.32959
 0.00235859   0.0812911  0.00364506 -0.00199455
-0.00214501  0.00364506   0.0974298  0.00414643
    0.32959 -0.00199455  0.00414643     0.41064
IMAGINARY
          0 -0.00331921  -0.0131949 -0.00293126
 0.00331921           0 -0.00232557  0.00233499
  0.0131949  0.00232557           0  0.00376551
 0.00293126 -0.00233499 -0.00376551           0
EndNode1[0]<--->Repeater1[0]
REAL
    0.414171   0.00465499 -0.000813274     0.326287
  0.00465499    0.0836051   0.00573443    0.0102913
-0.000813274   0.00573443     0.084791  0.000740173
    0.326287    0.0102913  0.000740173     0.417433
IMAGINARY
          0 -0.00824255   0.0111843  0.00106653
 0.00824255           0  0.00492868  0.00169917
 -0.0111843 -0.00492868           0  -0.0110826
-0.00106653 -0.00169917   0.0110826           0
EndNode2[0]<--->HoM1[0]
REAL
    0.401097 -0.000970482  -0.00608782     0.324693
-0.000970482     0.102103  -9.4801e-05  -0.00254827
 -0.00608782  -9.4801e-05     0.090826   0.00156607
    0.324693  -0.00254827   0.00156607     0.405974
IMAGINARY
           0  -0.00286567 -0.000858002  -0.00876883
  0.00286567            0  -0.00773179  -0.00426945
 0.000858002   0.00773179            0 -0.000210803
  0.00876883   0.00426945  0.000210803            0
Repeater1[0]<--->EndNode1[0]
REAL
    0.414171 -0.000813274   0.00465499     0.326287
-0.000813274     0.084791   0.00573443  0.000740173
  0.00465499   0.00573443    0.0836051    0.0102913
    0.326287  0.000740173    0.0102913     0.417433
IMAGINARY
          0   0.0111843 -0.00824255  0.00106653
 -0.0111843           0 -0.00492868  -0.0110826
 0.00824255  0.00492868           0  0.00169917
-0.00106653   0.0110826 -0.00169917           0
Repeater1[0]<--->HoM1[0]
REAL
    0.401097  -0.00608782 -0.000970482     0.324693
 -0.00608782     0.090826  -9.4801e-05   0.00156607
-0.000970482  -9.4801e-05     0.102103  -0.00254827
    0.324693   0.00156607  -0.00254827     0.405974
IMAGINARY
           0 -0.000858002  -0.00286567  -0.00876883
 0.000858002            0   0.00773179 -0.000210803
  0.00286567  -0.00773179            0  -0.00426945
  0.00876883  0.000210803   0.00426945            0
EndNode1[0]<--->Repeater1[0]
REAL
   0.414677 -0.00459255 -0.00908915    0.313636
-0.00459255   0.0851754 -0.00376589  -0.0107413
-0.00908915 -0.00376589   0.0816387 -0.00736627
   0.313636  -0.0107413 -0.00736627    0.418509
IMAGINARY
          0 -0.00129136 -0.00248399 -0.00194899
 0.00129136           0   0.0147379  0.00292791
 0.00248399  -0.0147379           0  0.00173528
 0.00194899 -0.00292791 -0.00173528           0
EndNode2[0]<--->HoM1[0]
REAL
    0.408624 -0.000477832  0.000335276     0.323632
-0.000477832    0.0865356  0.000881837    -0.011845
 0.000335276  0.000881837    0.0932825  -0.00475386
    0.323632    -0.011845  -0.00475386     0.411558
IMAGINARY
           0  0.000526633  -0.00358044   0.00489409
-0.000526633            0   0.00609818    0.0082449
  0.00358044  -0.00609818            0  0.000526633
 -0.00489409   -0.0082449 -0.000526633            0
Repeater1[0]<--->EndNode1[0]
REAL
   0.414677 -0.00908915 -0.00459255    0.313636
-0.00908915   0.0816387 -0.00376589 -0.00736627
-0.00459255 -0.00376589   0.0851754  -0.0107413
   0.313636 -0.00736627  -0.0107413    0.418509
IMAGINARY
          0 -0.00248399 -0.00129136 -0.00194899
 0.00248399           0  -0.0147379  0.00173528
 0.00129136   0.0147379           0  0.00292791
 0.00194899 -0.00173528 -0.00292791           0
Repeater1[0]<--->HoM1[0]
REAL
    0.408624  0.000335276 -0.000477832     0.323632
 0.000335276    0.0932825  0.000881837  -0.00475386
-0.000477832  0.000881837    0.0865356    -0.011845
    0.323632  -0.00475386    -0.011845     0.411558
IMAGINARY
           0  -0.00358044  0.000526633   0.00489409
  0.00358044            0  -0.00609818  0.000526633
-0.000526633   0.00609818            0    0.0082449
 -0.00489409 -0.000526633   -0.0082449            0
EndNode1[0]<--->Repeater1[0]
REAL
    0.40405  -0.0137098  0.00281874    0.323076
 -0.0137098    0.094081 -0.00435597 0.000143349
 0.00281874 -0.00435597   0.0909657  0.00541592
   0.323076 0.000143349  0.00541592    0.410903
IMAGINARY
           0   0.00476938   0.00111614   0.00454014
 -0.00476938            0  -0.00409884  0.000817809
 -0.00111614   0.00409884            0   0.00103246
 -0.00454014 -0.000817809  -0.00103246            0
EndNode2[0]<--->HoM1[0]
REAL
   0.413188  0.00325816 -0.00953908    0.328006
 0.00325816   0.0883243  0.00244193  0.00565849
-0.00953908  0.00244193   0.0816697  -0.0089298
   0.328006  0.00565849  -0.0089298    0.416818
IMAGINARY
           0    0.0142205  4.46166e-05   0.00875491
  -0.0142205            0  -0.00921098  -0.00290176
-4.46166e-05   0.00921098            0  0.000666725
 -0.00875491   0.00290176 -0.000666725            0
Repeater1[0]<--->EndNode1[0]
REAL
    0.40405  0.00281874  -0.0137098    0.323076
 0.00281874   0.0909657 -0.00435597  0.00541592
 -0.0137098 -0.00435597    0.094081 0.000143349
   0.323076  0.00541592 0.000143349    0.410903
IMAGINARY
           0   0.00111614   0.00476938   0.00454014
 -0.00111614            0   0.00409884   0.00103246
 -0.00476938  -0.00409884            0  0.000817809
 -0.00454014  -0.00103246 -0.000817809            0
Repeater1[0]<--->HoM1[0]
REAL
   0.413188 -0.00953908  0.00325816    0.328006
-0.00953908   0.0816697  0.00244193  -0.0089298
 0.00325816  0.00244193   0.0883243  0.00565849
   0.328006  -0.0089298  0.00565849    0.416818
IMAGINARY
           0  4.46166e-05    0.0142205   0.00875491
-4.46166e-05            0   0.00921098  0.000666725
  -0.0142205  -0.00921098            0  -0.00290176
 -0.00875491 -0.000666725   0.00290176            0
EndNode1[0]<--->Repeater1[0]
REAL
    0.428917   0.00721961  -0.00195299     0.322138
  0.00721961     0.077435 -0.000984935   0.00210716
 -0.00195299 -0.000984935    0.0813672  -0.00459858
    0.322138   0.00210716  -0.00459858     0.412281
IMAGINARY
          0 -0.00315749  0.00625997  0.00604946
 0.00315749           0 -0.00113617 -0.00145516
-0.00625997  0.00113617           0  0.00405839
-0.00604946  0.00145516 -0.00405839           0
EndNode2[0]<--->HoM1[0]
REAL
   0.411372   0.0132621 -0.00035963    0.324506
  0.0132621   0.0800696 -0.00254616  0.00293773
-0.00035963 -0.00254616   0.0939948 -0.00613443
   0.324506  0.00293773 -0.00613443    0.414563
IMAGINARY
          0 -0.00436004 -0.00224662 -0.00982764
 0.00436004           0 -0.00359619  0.00680589
 0.00224662  0.00359619           0  0.00436004
 0.00982764 -0.00680589 -0.00436004           0
Repeater1[0]<--->EndNode1[0]
REAL
    0.428917  -0.00195299   0.00721961     0.322138
 -0.00195299    0.0813672 -0.000984935  -0.00459858
  0.00721961 -0.000984935     0.077435   0.00210716
    0.322138  -0.00459858   0.00210716     0.412281
IMAGINARY
          0  0.00625997 -0.00315749  0.00604946
-0.00625997           0  0.00113617  0.00405839
 0.00315749 -0.00113617           0 -0.00145516
-0.00604946 -0.00405839  0.00145516           0
Repeater1[0]<--->HoM1[0]
REAL
   0.411372 -0.00035963   0.0132621    0.324506
-0.00035963   0.0939948 -0.00254616 -0.00613443
  0.0132621 -0.00254616   0.0800696  0.00293773
   0.324506 -0.00613443  0.00293773    0.414563
IMAGINARY
          0 -0.00224662 -0.00436004 -0.00982764
 0.00224662           0  0.00359619  0.00436004
 0.00436004 -0.00359619           0  0.00680589
 0.00982764 -0.00436004 -0.00680589           0
EndNode1[0]<--->Repeater1[0]
REAL
   0.404719 -0.00307375 -0.00874636    0.330661
-0.00307375   0.0896057  -0.0058305 -0.00467151
-0.00874636  -0.0058305   0.0905018  -0.0138829
   0.330661 -0.00467151  -0.0138829    0.415173
IMAGINARY
           0  -0.00566488  -0.00105931   0.00359761
  0.00566488            0 -0.000262251   0.00625491
  0.00105931  0.000262251            0   0.00566488
 -0.00359761  -0.00625491  -0.00566488            0
EndNode2[0]<--->HoM1[0]
REAL
   0.410429  -0.0037227  0.00326763    0.318436
 -0.0037227    0.091411 0.000389137 -0.00459546
 0.00326763 0.000389137   0.0828221  0.00239488
   0.318436 -0.00459546  0.00239488    0.415337
IMAGINARY
          0  0.00376486  0.00234555   0.0121226
-0.00376486           0  0.00645095  0.00534675
-0.00234555 -0.00645095           0 -0.00524415
 -0.0121226 -0.00534675  0.00524415           0
Repeater1[0]<--->EndNode1[0]
REAL
   0.404719 -0.00874636 -0.00307375    0.330661
-0.00874636   0.0905018  -0.0058305  -0.0138829
-0.00307375  -0.0058305   0.0896057 -0.00467151
   0.330661  -0.0138829 -0.00467151    0.415173
IMAGINARY
           0  -0.00105931  -0.00566488   0.00359761
  0.00105931            0  0.000262251   0.00566488
  0.00566488 -0.000262251            0   0.00625491
 -0.00359761  -0.00566488  -0.00625491            0
Repeater1[0]<--->HoM1[0]
REAL
   0.410429  0.00326763  -0.0037227    0.318436
 0.00326763   0.0828221 0.000389137  0.00239488
 -0.0037227 0.000389137    0.091411 -0.00459546
   0.318436  0.00239488 -0.00459546    0.415337
IMAGINARY
          0  0.00234555  0.00376486   0.0121226
-0.00234555           0 -0.00645095 -0.00524415
-0.00376486  0.00645095           0  0.00534675
 -0.0121226  0.00524415 -0.00534675           0
EndNode1[0]<--->Repeater1[0]
REAL
   0.408308 -0.00279306 0.000789561    0.320507
-0.00279306   0.0913846  0.00151885 -0.00276705
0.000789561  0.00151885       0.088  0.00659592
   0.320507 -0.00276705  0.00659592    0.412308
IMAGINARY
          0  0.00177092 -0.00900465  0.00992341
-0.00177092           0  0.00133648  0.00205404
 0.00900465 -0.00133648           0  0.00281352
-0.00992341 -0.00205404 -0.00281352           0
EndNode2[0]<--->HoM1[0]
REAL
  0.412025 0.00500533 0.00813231   0.327786
0.00500533  0.0907751  0.0013255 0.00209046
0.00813231  0.0013255  0.0845859  0.0100999
  0.327786 0.00209046  0.0100999   0.412614
IMAGINARY
           0  -0.00645394    0.0104025  0.000656028
  0.00645394            0   0.00310102  -0.00491448
  -0.0104025  -0.00310102            0  -0.00229717
-0.000656028   0.00491448   0.00229717            0
Repeater1[0]<--->EndNode1[0]
REAL
   0.408308 0.000789561 -0.00279306    0.320507
0.000789561       0.088  0.00151885  0.00659592
-0.00279306  0.00151885   0.0913846 -0.00276705
   0.320507  0.00659592 -0.00276705    0.412308
IMAGINARY
          0 -0.00900465  0.00177092  0.00992341
 0.00900465           0 -0.00133648  0.00281352
-0.00177092  0.00133648           0  0.00205404
-0.00992341 -0.00281352 -0.00205404           0
Repeater1[0]<--->HoM1[0]
REAL
  0.412025 0.00813231 0.00500533   0.327786
0.00813231  0.0845859  0.0013255  0.0100999
0.00500533  0.0013255  0.0907751 0.00209046
  0.327786  0.0100999 0.00209046   0.412614
IMAGINARY
           0    0.0104025  -0.00645394  0.000656028
  -0.0104025            0  -0.00310102  -0.00229717
  0.00645394   0.00310102            0  -0.00491448
-0.000656028   0.00229717   0.00491448            0
EndNode1[0]<--->Repeater1[0]
REAL
   0.415389  0.00358481  -0.0118323    0.321794
 0.00358481   0.0908019 -0.00893242   0.0104607
 -0.0118323 -0.00893242   0.0813679  0.00418722
   0.321794   0.0104607  0.00418722    0.412441
IMAGINARY
          0 -0.00392364  -0.0025982  0.00352281
 0.00392364           0  0.00247959 -0.00890134
  0.0025982 -0.00247959           0   0.0117433
-0.00352281  0.00890134  -0.0117433           0
EndNode2[0]<--->HoM1[0]
REAL
   0.412228  0.00970677  0.00431804    0.322055
 0.00970677   0.0838378   0.0080734 0.000926713
 0.00431804   0.0080734   0.0817191  0.00223962
   0.322055 0.000926713  0.00223962    0.422215
IMAGINARY
           0   0.00994192   -0.0083271  0.000971576
 -0.00994192            0   -0.0026277  -0.00712445
   0.0083271    0.0026277            0 -0.000490971
-0.000971576   0.00712445  0.000490971            0
Repeater1[0]<--->EndNode1[0]
REAL
   0.415389  -0.0118323  0.00358481    0.321794
 -0.0118323   0.0813679 -0.00893242  0.00418722
 0.00358481 -0.00893242   0.0908019   0.0104607
   0.321794  0.00418722   0.0104607    0.412441
IMAGINARY
          0  -0.0025982 -0.00392364  0.00352281
  0.0025982           0 -0.00247959   0.0117433
 0.00392364  0.00247959           0 -0.00890134
-0.00352281  -0.0117433  0.00890134           0
Repeater1[0]<--->HoM1[0]
REAL
   0.412228  0.00431804  0.00970677    0.322055
 0.00431804   0.0817191   0.0080734  0.00223962
 0.00970677   0.0080734   0.0838378 0.000926713
   0.322055  0.00223962 0.000926713    0.422215
IMAGINARY
           0   -0.0083271   0.00994192  0.000971576
   0.0083271            0    0.0026277 -0.000490971
 -0.00994192   -0.0026277            0  -0.00712445
-0.000971576  0.000490971   0.00712445            0
EndNode1[0]<--->Repeater1[0]
REAL
   0.404281   0.0043359   0.0117598    0.320461
  0.0043359   0.0835092 -0.00077427 -0.00608671
  0.0117598 -0.00077427   0.0901417 -0.00234264
   0.320461 -0.00608671 -0.00234264    0.422068
IMAGINARY
           0   0.00490897  -0.00337897   0.00614738
 -0.00490897            0 -0.000559941  -0.00681899
  0.00337897  0.000559941            0  -0.00370921
 -0.00614738   0.00681899   0.00370921            0
EndNode2[0]<--->HoM1[0]
REAL
   0.412343 -0.00689847  0.00495576    0.316951
-0.00689847   0.0769231 -0.00188279   0.0152944
 0.00495576 -0.00188279   0.0855695  0.00957864
   0.316951   0.0152944  0.00957864    0.425164
IMAGINARY
          0 -0.00521644  0.00278345   0.0133201
 0.00521644           0  0.00155897   -0.015489
-0.00278345 -0.00155897           0   0.0137366
 -0.0133201    0.015489  -0.0137366           0
Repeater1[0]<--->EndNode1[0]
REAL
   0.404281   0.0117598   0.0043359    0.320461
  0.0117598   0.0901417 -0.00077427 -0.00234264
  0.0043359 -0.00077427   0.0835092 -0.00608671
   0.320461 -0.00234264 -0.00608671    0.422068
IMAGINARY
           0  -0.00337897   0.00490897   0.00614738
  0.00337897            0  0.000559941  -0.00370921
 -0.00490897 -0.000559941            0  -0.00681899
 -0.00614738   0.00370921   0.00681899            0
Repeater1[0]<--->HoM1[0]
REAL
   0.412343  0.00495576 -0.00689847    0.316951
 0.00495576   0.0855695 -0.00188279  0.00957864
-0.00689847 -0.00188279   0.0769231   0.0152944
   0.316951  0.00957864   0.0152944    0.425164
IMAGINARY
          0  0.00278345 -0.00521644   0.0133201
-0.00278345           0 -0.00155897   0.0137366
 0.00521644  0.00155897           0   -0.015489
 -0.0133201  -0.0137366    0.015489           0
EndNode1[0]<--->Repeater1[0]
REAL
    0.410294   0.00528227   0.00447024      0.32867
  0.00528227         0.08   0.00100212  0.000194218
  0.00447024   0.00100212    0.0879412 -1.59441e-05
     0.32867  0.000194218 -1.59441e-05     0.421765
IMAGINARY
          0  0.00340294 -0.00180245  0.00189775
-0.00340294           0  0.00577604 -0.00898679
 0.00180245 -0.00577604           0  0.00709071
-0.00189775  0.00898679 -0.00709071           0
EndNode2[0]<--->HoM1[0]
REAL
   0.406815   0.0123044  0.00761452    0.329034
  0.0123044   0.0971049 -0.00490114  0.00731761
 0.00761452 -0.00490114   0.0859469  0.00111941
   0.329034  0.00731761  0.00111941    0.410133
IMAGINARY
          0  0.00974959  0.00762723  0.00256665
-0.00974959           0 -0.00637004 -0.00191123
-0.00762723  0.00637004           0 -0.00583864
-0.00256665  0.00191123  0.00583864           0
Repeater1[0]<--->EndNode1[0]
REAL
    0.410294   0.00447024   0.00528227      0.32867
  0.00447024    0.0879412   0.00100212 -1.59441e-05
  0.00528227   0.00100212         0.08  0.000194218
     0.32867 -1.59441e-05  0.000194218     0.421765
IMAGINARY
          0 -0.00180245  0.00340294  0.00189775
 0.00180245           0 -0.00577604  0.00709071
-0.00340294  0.00577604           0 -0.00898679
-0.00189775 -0.00709071  0.00898679           0
Repeater1[0]<--->HoM1[0]
REAL
   0.406815  0.00761452   0.0123044    0.329034
 0.00761452   0.0859469 -0.00490114  0.00111941
  0.0123044 -0.00490114   0.0971049  0.00731761
   0.329034  0.00111941  0.00731761    0.410133
IMAGINARY
          0  0.00762723  0.00974959  0.00256665
-0.00762723           0  0.00637004 -0.00583864
-0.00974959 -0.00637004           0 -0.00191123
-0.00256665  0.00583864  0.00191123           0
EndNode1[0]<--->Repeater1[0]
REAL
   0.398205  0.00920141  0.00910732    0.322148
 0.00920141   0.0884901 -0.00300588 -0.00729573
 0.00910732 -0.00300588   0.0943688 -0.00044537
   0.322148 -0.00729573 -0.00044537    0.418936
IMAGINARY
          0 -0.00071721 -0.00888618  0.00307755
 0.00071721           0    0.012529  0.00521295
 0.00888618   -0.012529           0  0.00233343
-0.00307755 -0.00521295 -0.00233343           0
EndNode2[0]<--->HoM1[0]
REAL
    0.40531  0.00925844  0.00251527    0.331895
 0.00925844   0.0873156  0.00123794  -0.0127193
 0.00251527  0.00123794   0.0882006 -0.00445652
   0.331895  -0.0127193 -0.00445652    0.419174
IMAGINARY
           0  -0.00380431   0.00460912   0.00142418
  0.00380431            0   0.00362942 -0.000822386
 -0.00460912  -0.00362942            0  -0.00573826
 -0.00142418  0.000822386   0.00573826            0
Repeater1[0]<--->EndNode1[0]
REAL
   0.398205  0.00910732  0.00920141    0.322148
 0.00910732   0.0943688 -0.00300588 -0.00044537
 0.00920141 -0.00300588   0.0884901 -0.00729573
   0.322148 -0.00044537 -0.00729573    0.418936
IMAGINARY
          0 -0.00888618 -0.00071721  0.00307755
 0.00888618           0   -0.012529  0.00233343
 0.00071721    0.012529           0  0.00521295
-0.00307755 -0.00233343 -0.00521295           0
Repeater1[0]<--->HoM1[0]
REAL
    0.40531  0.00251527  0.00925844    0.331895
 0.00251527   0.0882006  0.00123794 -0.00445652
 0.00925844  0.00123794   0.0873156  -0.0127193
   0.331895 -0.00445652  -0.0127193    0.419174
IMAGINARY
           0   0.00460912  -0.00380431   0.00142418
 -0.00460912            0  -0.00362942  -0.00573826
  0.00380431   0.00362942            0 -0.000822386
 -0.00142418   0.00573826  0.000822386            0
EndNode1[0]<--->Repeater1[0]
REAL
   0.408442 -0.00420282  0.00348938    0.324472
-0.00420282   0.0859096  0.00486865 0.000207754
 0.00348938  0.00486865   0.0915577 -0.00718434
   0.324472 0.000207754 -0.00718434     0.41409
IMAGINARY
          0  -0.0015785  0.00424971 -0.00520813
  0.0015785           0  0.00460171  0.00988137
-0.00424971 -0.00460171           0 -0.00172878
 0.00520813 -0.00988137  0.00172878           0
EndNode2[0]<--->HoM1[0]
REAL
   0.397483 -0.00299518  -0.0100458    0.323035
-0.00299518   0.0847145  0.00238563 -0.00278226
 -0.0100458  0.00238563   0.0841007 -0.00865331
   0.323035 -0.00278226 -0.00865331    0.433702
IMAGINARY
           0  0.000898579   0.00427374   0.00907342
-0.000898579            0  -0.00254045  -0.00250383
 -0.00427374   0.00254045            0  -0.00679828
 -0.00907342   0.00250383   0.00679828            0
Repeater1[0]<--->EndNode1[0]
REAL
   0.408442  0.00348938 -0.00420282    0.324472
 0.00348938   0.0915577  0.00486865 -0.00718434
-0.00420282  0.00486865   0.0859096 0.000207754
   0.324472 -0.00718434 0.000207754     0.41409
IMAGINARY
          0  0.00424971  -0.0015785 -0.00520813
-0.00424971           0 -0.00460171 -0.00172878
  0.0015785  0.00460171           0  0.00988137
 0.00520813  0.00172878 -0.00988137           0
Repeater1[0]<--->HoM1[0]
REAL
   0.397483  -0.0100458 -0.00299518    0.323035
 -0.0100458   0.0841007  0.00238563 -0.00865331
-0.00299518  0.00238563   0.0847145 -0.00278226
   0.323035 -0.00865331 -0.00278226    0.433702
IMAGINARY
           0   0.00427374  0.000898579   0.00907342
 -0.00427374            0   0.00254045  -0.00679828
-0.000898579  -0.00254045            0  -0.00250383
 -0.00907342   0.00679828   0.00250383            0
EndNode1[0]<--->Repeater1[0]
REAL
     0.42429   0.00413749   0.00552204     0.324661
  0.00413749    0.0867936  -0.00380071  0.000959992
  0.00552204  -0.00380071    0.0917889 -0.000601843
    0.324661  0.000959992 -0.000601843     0.397128
IMAGINARY
           0   0.00298016  -0.00296845 -0.000278983
 -0.00298016            0   0.00423909   0.00223033
  0.00296845  -0.00423909            0  -0.00253729
 0.000278983  -0.00223033   0.00253729            0
EndNode2[0]<--->HoM1[0]
REAL
   0.413905  0.00324434  -0.0054185    0.330477
 0.00324434   0.0928994 1.57311e-05 -0.00645003
 -0.0054185 1.57311e-05   0.0831361 -0.00567892
   0.330477 -0.00645003 -0.00567892    0.410059
IMAGINARY
           0   0.00268407   0.00437753  -0.00515703
 -0.00268407            0  -0.00622704  -0.00622369
 -0.00437753   0.00622704            0  0.000700547
  0.00515703   0.00622369 -0.000700547            0
Repeater1[0]<--->EndNode1[0]
REAL
     0.42429   0.00552204   0.00413749     0.324661
  0.00552204    0.0917889  -0.00380071 -0.000601843
  0.00413749  -0.00380071    0.0867936  0.000959992
    0.324661 -0.000601843  0.000959992     0.397128
IMAGINARY
           0  -0.00296845   0.00298016 -0.000278983
  0.00296845            0  -0.00423909  -0.00253729
 -0.00298016   0.00423909            0   0.00223033
 0.000278983   0.00253729  -0.00223033            0
Repeater1[0]<--->HoM1[0]
REAL
   0.413905  -0.0054185  0.00324434    0.330477
 -0.0054185   0.0831361 1.57311e-05 -0.00567892
 0.00324434 1.57311e-05   0.0928994 -0.00645003
   0.330477 -0.00567892 -0.00645003    0.410059
IMAGINARY
           0   0.00437753   0.00268407  -0.00515703
 -0.00437753            0   0.00622704  0.000700547
 -0.00268407  -0.00622704            0  -0.00622369
  0.00515703 -0.000700547   0.00622369            0
EndNode1[0]<--->Repeater1[0]
REAL
   0.393546 -7.3392e-05 -0.00192701    0.325029
-7.3392e-05   0.0910736  0.00523308 -0.00253197
-0.00192701  0.00523308   0.0811218 -0.00349379
   0.325029 -0.00253197 -0.00349379    0.434258
IMAGINARY
          0  0.00221701 -0.00499313  -0.0112282
-0.00221701           0  0.00443956 -0.00102371
 0.00499313 -0.00443956           0 -0.00131448
  0.0112282  0.00102371  0.00131448           0
EndNode2[0]<--->HoM1[0]
REAL
    0.415106   0.00547756 -0.000302121     0.336833
  0.00547756    0.0858006  -0.00370282  -0.00366371
-0.000302121  -0.00370282    0.0854985  -0.00791808
    0.336833  -0.00366371  -0.00791808     0.413595
IMAGINARY
           0  7.89319e-06  -0.00173338  -0.00170941
-7.89319e-06            0   0.00299183   0.00721116
  0.00173338  -0.00299183            0  -0.00913753
  0.00170941  -0.00721116   0.00913753            0
Repeater1[0]<--->EndNode1[0]
REAL
   0.393546 -0.00192701 -7.3392e-05    0.325029
-0.00192701   0.0811218  0.00523308 -0.00349379
-7.3392e-05  0.00523308   0.0910736 -0.00253197
   0.325029 -0.00349379 -0.00253197    0.434258
IMAGINARY
          0 -0.00499313  0.00221701  -0.0112282
 0.00499313           0 -0.00443956 -0.00131448
-0.00221701  0.00443956           0 -0.00102371
  0.0112282  0.00131448  0.00102371           0
Repeater1[0]<--->HoM1[0]
REAL
    0.415106 -0.000302121   0.00547756     0.336833
-0.000302121    0.0854985  -0.00370282  -0.00791808
  0.00547756  -0.00370282    0.0858006  -0.00366371
    0.336833  -0.00791808  -0.00366371     0.413595
IMAGINARY
           0  -0.00173338  7.89319e-06  -0.00170941
  0.00173338            0  -0.00299183  -0.00913753
-7.89319e-06   0.00299183            0   0.00721116
  0.00170941   0.00913753  -0.00721116            0
