EndNode1[0]<--->Repeater1[0]
REAL
   0.330311   0.0063304  0.00383287    0.174985
  0.0063304    0.147668 0.000239875   0.0109296
 0.00383287 0.000239875    0.158031  -0.0108233
   0.174985   0.0109296  -0.0108233     0.36399
IMAGINARY
          0  -0.0046815   0.0107757   0.0243498
  0.0046815           0 -0.00404525  -0.0197042
 -0.0107757  0.00404525           0  0.00213048
 -0.0243498   0.0197042 -0.00213048           0
EndNode2[0]<--->HoM1[0]
REAL
    0.357947   -0.0223275   -0.0201732     0.209069
  -0.0223275      0.16771 -0.000519909   0.00333381
  -0.0201732 -0.000519909     0.152691    0.0171462
    0.209069   0.00333381    0.0171462     0.321652
IMAGINARY
           0  -0.00307057   -0.0142385 -0.000480377
  0.00307057            0    0.0152429  0.000539847
   0.0142385   -0.0152429            0    0.0112897
 0.000480377 -0.000539847   -0.0112897            0
Repeater1[0]<--->EndNode1[0]
REAL
   0.330311  0.00383287   0.0063304    0.174985
 0.00383287    0.158031 0.000239875  -0.0108233
  0.0063304 0.000239875    0.147668   0.0109296
   0.174985  -0.0108233   0.0109296     0.36399
IMAGINARY
          0   0.0107757  -0.0046815   0.0243498
 -0.0107757           0  0.00404525  0.00213048
  0.0046815 -0.00404525           0  -0.0197042
 -0.0243498 -0.00213048   0.0197042           0
Repeater1[0]<--->HoM1[0]
REAL
    0.357947   -0.0201732   -0.0223275     0.209069
  -0.0201732     0.152691 -0.000519909    0.0171462
  -0.0223275 -0.000519909      0.16771   0.00333381
    0.209069    0.0171462   0.00333381     0.321652
IMAGINARY
           0   -0.0142385  -0.00307057 -0.000480377
   0.0142385            0   -0.0152429    0.0112897
  0.00307057    0.0152429            0  0.000539847
 0.000480377   -0.0112897 -0.000539847            0
EndNode1[0]<--->Repeater1[0]
REAL
  0.359274 -0.0145974  0.0133422    0.16564
-0.0145974   0.162127 0.00356196 0.00883774
 0.0133422 0.00356196    0.16083  0.0228357
   0.16564 0.00883774  0.0228357   0.317769
IMAGINARY
          0 -0.00983195 -0.00186168   0.0079104
 0.00983195           0  0.00199713   0.0237641
 0.00186168 -0.00199713           0  0.00795461
 -0.0079104  -0.0237641 -0.00795461           0
EndNode2[0]<--->HoM1[0]
REAL
    0.32058 -0.00142684  -0.0107533    0.182793
-0.00142684    0.146438 -0.00120716  -0.0161009
 -0.0107533 -0.00120716    0.162269  0.00909948
   0.182793  -0.0161009  0.00909948    0.370712
IMAGINARY
          0 -0.00114037  0.00695588   0.0102413
 0.00114037           0   0.0268874 -0.00162255
-0.00695588  -0.0268874           0  -0.0135263
 -0.0102413  0.00162255   0.0135263           0
Repeater1[0]<--->EndNode1[0]
REAL
  0.359274  0.0133422 -0.0145974    0.16564
 0.0133422    0.16083 0.00356196  0.0228357
-0.0145974 0.00356196   0.162127 0.00883774
   0.16564  0.0228357 0.00883774   0.317769
IMAGINARY
          0 -0.00186168 -0.00983195   0.0079104
 0.00186168           0 -0.00199713  0.00795461
 0.00983195  0.00199713           0   0.0237641
 -0.0079104 -0.00795461  -0.0237641           0
Repeater1[0]<--->HoM1[0]
REAL
    0.32058  -0.0107533 -0.00142684    0.182793
 -0.0107533    0.162269 -0.00120716  0.00909948
-0.00142684 -0.00120716    0.146438  -0.0161009
   0.182793  0.00909948  -0.0161009    0.370712
IMAGINARY
          0  0.00695588 -0.00114037   0.0102413
-0.00695588           0  -0.0268874  -0.0135263
 0.00114037   0.0268874           0 -0.00162255
 -0.0102413   0.0135263  0.00162255           0
EndNode1[0]<--->Repeater1[0]
REAL
  0.327778  0.0137116 0.00243197   0.152873
 0.0137116   0.165278 -0.0103925   0.022634
0.00243197 -0.0103925   0.166667  0.0100351
  0.152873   0.022634  0.0100351   0.340278
IMAGINARY
          0  -0.0143377  0.00608665  -0.0100455
  0.0143377           0 -0.00237283  -0.0264948
-0.00608665  0.00237283           0  0.00413363
  0.0100455   0.0264948 -0.00413363           0
EndNode2[0]<--->HoM1[0]
REAL
   0.366879  -0.0200731  0.00629414    0.182134
 -0.0200731    0.151592 -0.00418943 -0.00128161
 0.00629414 -0.00418943    0.184713   0.0238325
   0.182134 -0.00128161   0.0238325    0.296815
IMAGINARY
          0  0.00439719 -0.00275475  -0.0118041
-0.00439719           0  0.00930409  -0.0304949
 0.00275475 -0.00930409           0   0.0213243
  0.0118041   0.0304949  -0.0213243           0
Repeater1[0]<--->EndNode1[0]
REAL
  0.327778 0.00243197  0.0137116   0.152873
0.00243197   0.166667 -0.0103925  0.0100351
 0.0137116 -0.0103925   0.165278   0.022634
  0.152873  0.0100351   0.022634   0.340278
IMAGINARY
          0  0.00608665  -0.0143377  -0.0100455
-0.00608665           0  0.00237283  0.00413363
  0.0143377 -0.00237283           0  -0.0264948
  0.0100455 -0.00413363   0.0264948           0
Repeater1[0]<--->HoM1[0]
REAL
   0.366879  0.00629414  -0.0200731    0.182134
 0.00629414    0.184713 -0.00418943   0.0238325
 -0.0200731 -0.00418943    0.151592 -0.00128161
   0.182134   0.0238325 -0.00128161    0.296815
IMAGINARY
          0 -0.00275475  0.00439719  -0.0118041
 0.00275475           0 -0.00930409   0.0213243
-0.00439719  0.00930409           0  -0.0304949
  0.0118041  -0.0213243   0.0304949           0
EndNode1[0]<--->Repeater1[0]
REAL
   0.359137   0.0152275  -0.0177448    0.186839
  0.0152275    0.170051 -0.00741974  -0.0060019
 -0.0177448 -0.00741974    0.151015 -0.00599267
   0.186839  -0.0060019 -0.00599267    0.319797
IMAGINARY
          0   0.0065837 -0.00197351    0.007637
 -0.0065837           0  -0.0101496   -0.021391
 0.00197351   0.0101496           0 -0.00324592
  -0.007637    0.021391  0.00324592           0
EndNode2[0]<--->HoM1[0]
REAL
   0.368742 -0.00951991  0.00763673    0.168718
-0.00951991    0.145299  0.00843681 -0.00832072
 0.00763673  0.00843681    0.141636   0.0115719
   0.168718 -0.00832072   0.0115719    0.344322
IMAGINARY
          0  -0.0124312   0.0134274   0.0336044
  0.0124312           0  -0.0126919  -0.0217288
 -0.0134274   0.0126919           0 -0.00991869
 -0.0336044   0.0217288  0.00991869           0
Repeater1[0]<--->EndNode1[0]
REAL
   0.359137  -0.0177448   0.0152275    0.186839
 -0.0177448    0.151015 -0.00741974 -0.00599267
  0.0152275 -0.00741974    0.170051  -0.0060019
   0.186839 -0.00599267  -0.0060019    0.319797
IMAGINARY
          0 -0.00197351   0.0065837    0.007637
 0.00197351           0   0.0101496 -0.00324592
 -0.0065837  -0.0101496           0   -0.021391
  -0.007637  0.00324592    0.021391           0
Repeater1[0]<--->HoM1[0]
REAL
   0.368742  0.00763673 -0.00951991    0.168718
 0.00763673    0.141636  0.00843681   0.0115719
-0.00951991  0.00843681    0.145299 -0.00832072
   0.168718   0.0115719 -0.00832072    0.344322
IMAGINARY
          0   0.0134274  -0.0124312   0.0336044
 -0.0134274           0   0.0126919 -0.00991869
  0.0124312  -0.0126919           0  -0.0217288
 -0.0336044  0.00991869   0.0217288           0
EndNode1[0]<--->Repeater1[0]
REAL
   0.352868   0.0150504 -0.00633639    0.187003
  0.0150504    0.153367  0.00292989   0.0137189
-0.00633639  0.00292989    0.168329   0.0124664
   0.187003   0.0137189   0.0124664    0.325436
IMAGINARY
          0 -0.00743668 -0.00589551  0.00295984
 0.00743668           0 -0.00606543  -0.0371854
 0.00589551  0.00606543           0   0.0139641
-0.00295984   0.0371854  -0.0139641           0
EndNode2[0]<--->HoM1[0]
REAL
   0.342308   0.0160008   0.0262926    0.175086
  0.0160008    0.128205 -0.00885873 -0.00518441
  0.0262926 -0.00885873    0.162821  0.00906514
   0.175086 -0.00518441  0.00906514    0.366667
IMAGINARY
          0  0.00414754   0.0243005  -0.0169061
-0.00414754           0  0.00346182  0.00414448
 -0.0243005 -0.00346182           0   0.0129195
  0.0169061 -0.00414448  -0.0129195           0
Repeater1[0]<--->EndNode1[0]
REAL
   0.352868 -0.00633639   0.0150504    0.187003
-0.00633639    0.168329  0.00292989   0.0124664
  0.0150504  0.00292989    0.153367   0.0137189
   0.187003   0.0124664   0.0137189    0.325436
IMAGINARY
          0 -0.00589551 -0.00743668  0.00295984
 0.00589551           0  0.00606543   0.0139641
 0.00743668 -0.00606543           0  -0.0371854
-0.00295984  -0.0139641   0.0371854           0
Repeater1[0]<--->HoM1[0]
REAL
   0.342308   0.0262926   0.0160008    0.175086
  0.0262926    0.162821 -0.00885873  0.00906514
  0.0160008 -0.00885873    0.128205 -0.00518441
   0.175086  0.00906514 -0.00518441    0.366667
IMAGINARY
          0   0.0243005  0.00414754  -0.0169061
 -0.0243005           0 -0.00346182   0.0129195
-0.00414754  0.00346182           0  0.00414448
  0.0169061  -0.0129195 -0.00414448           0
EndNode1[0]<--->Repeater1[0]
REAL
  0.358621 0.00731251   0.012584   0.194255
0.00731251   0.136552 -0.0018486 0.00993851
  0.012584 -0.0018486   0.154483   0.026793
  0.194255 0.00993851   0.026793   0.350345
IMAGINARY
          0   0.0226086  -0.0052665   0.0102382
 -0.0226086           0  0.00290323  0.00916261
  0.0052665 -0.00290323           0   0.0124563
 -0.0102382 -0.00916261  -0.0124563           0
EndNode2[0]<--->HoM1[0]
REAL
   0.32327  -0.011604 0.00487922   0.179067
 -0.011604   0.178616 0.00315259  0.0121447
0.00487922 0.00315259   0.154717 0.00845137
  0.179067  0.0121447 0.00845137   0.343396
IMAGINARY
           0   0.00240653   -0.0160782    0.0148865
 -0.00240653            0  0.000488624   -0.0160782
   0.0160782 -0.000488624            0    0.0259667
  -0.0148865    0.0160782   -0.0259667            0
Repeater1[0]<--->EndNode1[0]
REAL
  0.358621   0.012584 0.00731251   0.194255
  0.012584   0.154483 -0.0018486   0.026793
0.00731251 -0.0018486   0.136552 0.00993851
  0.194255   0.026793 0.00993851   0.350345
IMAGINARY
          0  -0.0052665   0.0226086   0.0102382
  0.0052665           0 -0.00290323   0.0124563
 -0.0226086  0.00290323           0  0.00916261
 -0.0102382  -0.0124563 -0.00916261           0
Repeater1[0]<--->HoM1[0]
REAL
   0.32327 0.00487922  -0.011604   0.179067
0.00487922   0.154717 0.00315259 0.00845137
 -0.011604 0.00315259   0.178616  0.0121447
  0.179067 0.00845137  0.0121447   0.343396
IMAGINARY
           0   -0.0160782   0.00240653    0.0148865
   0.0160782            0 -0.000488624    0.0259667
 -0.00240653  0.000488624            0   -0.0160782
  -0.0148865   -0.0259667    0.0160782            0
EndNode1[0]<--->Repeater1[0]
REAL
   0.351485  0.00488007  -0.0189345    0.188967
 0.00488007    0.144802 -0.00617114 -0.00257087
 -0.0189345 -0.00617114    0.170792  -0.0156328
   0.188967 -0.00257087  -0.0156328    0.332921
IMAGINARY
         0  0.0233642  -0.018177 -0.0166206
-0.0233642          0 -0.0260546  0.0148918
  0.018177  0.0260546          0  0.0193428
 0.0166206 -0.0148918 -0.0193428          0
EndNode2[0]<--->HoM1[0]
REAL
   0.332898  0.00695587 -0.00643354    0.175596
 0.00695587    0.154047  0.00406305  0.00582453
-0.00643354  0.00406305    0.152742 -0.00147474
   0.175596  0.00582453 -0.00147474    0.360313
IMAGINARY
          0  0.00324114  -0.0184467 -0.00680892
-0.00324114           0  -0.0114202   0.0160136
  0.0184467   0.0114202           0 -0.00810732
 0.00680892  -0.0160136  0.00810732           0
Repeater1[0]<--->EndNode1[0]
REAL
   0.351485  -0.0189345  0.00488007    0.188967
 -0.0189345    0.170792 -0.00617114  -0.0156328
 0.00488007 -0.00617114    0.144802 -0.00257087
   0.188967  -0.0156328 -0.00257087    0.332921
IMAGINARY
         0  -0.018177  0.0233642 -0.0166206
  0.018177          0  0.0260546  0.0193428
-0.0233642 -0.0260546          0  0.0148918
 0.0166206 -0.0193428 -0.0148918          0
Repeater1[0]<--->HoM1[0]
REAL
   0.332898 -0.00643354  0.00695587    0.175596
-0.00643354    0.152742  0.00406305 -0.00147474
 0.00695587  0.00406305    0.154047  0.00582453
   0.175596 -0.00147474  0.00582453    0.360313
IMAGINARY
          0  -0.0184467  0.00324114 -0.00680892
  0.0184467           0   0.0114202 -0.00810732
-0.00324114  -0.0114202           0   0.0160136
 0.00680892  0.00810732  -0.0160136           0
EndNode1[0]<--->Repeater1[0]
REAL
   0.342629 -0.00607312 -0.00926434    0.192136
-0.00607312    0.156707  -0.0169772  -0.0104809
-0.00926434  -0.0169772    0.167331 -0.00220714
   0.192136  -0.0104809 -0.00220714    0.333333
IMAGINARY
          0  -0.0075204  -0.0159772 -0.00545485
  0.0075204           0  0.00215234 -0.00961584
  0.0159772 -0.00215234           0   0.0043993
 0.00545485  0.00961584  -0.0043993           0
EndNode2[0]<--->HoM1[0]
REAL
  0.336761  0.0142219  0.0270239   0.198274
 0.0142219    0.14653   0.012673 -0.0190288
 0.0270239   0.012673   0.169666 0.00976332
  0.198274 -0.0190288 0.00976332   0.347044
IMAGINARY
          0  0.00824662  -0.0234076 -0.00547515
-0.00824662           0  0.00668874   0.0108581
  0.0234076 -0.00668874           0 -0.00890713
 0.00547515  -0.0108581  0.00890713           0
Repeater1[0]<--->EndNode1[0]
REAL
   0.342629 -0.00926434 -0.00607312    0.192136
-0.00926434    0.167331  -0.0169772 -0.00220714
-0.00607312  -0.0169772    0.156707  -0.0104809
   0.192136 -0.00220714  -0.0104809    0.333333
IMAGINARY
          0  -0.0159772  -0.0075204 -0.00545485
  0.0159772           0 -0.00215234   0.0043993
  0.0075204  0.00215234           0 -0.00961584
 0.00545485  -0.0043993  0.00961584           0
Repeater1[0]<--->HoM1[0]
REAL
  0.336761  0.0270239  0.0142219   0.198274
 0.0270239   0.169666   0.012673 0.00976332
 0.0142219   0.012673    0.14653 -0.0190288
  0.198274 0.00976332 -0.0190288   0.347044
IMAGINARY
          0  -0.0234076  0.00824662 -0.00547515
  0.0234076           0 -0.00668874 -0.00890713
-0.00824662  0.00668874           0   0.0108581
 0.00547515  0.00890713  -0.0108581           0
EndNode1[0]<--->Repeater1[0]
REAL
   0.378616   0.0230344  -0.0123112    0.189251
  0.0230344    0.158491 0.000534835  0.00411452
 -0.0123112 0.000534835    0.143396   0.0217323
   0.189251  0.00411452   0.0217323    0.319497
IMAGINARY
           0   0.00271979 -0.000516373   -0.0114784
 -0.00271979            0      0.03066   -0.0286665
 0.000516373     -0.03066            0    0.0134929
   0.0114784    0.0286665   -0.0134929            0
EndNode2[0]<--->HoM1[0]
REAL
   0.357775  -0.0053668 -0.00550914    0.180128
 -0.0053668    0.175727  -0.0134615  -0.0117748
-0.00550914  -0.0134615    0.132743  0.00289766
   0.180128  -0.0117748  0.00289766    0.333755
IMAGINARY
          0 -0.00382355  0.00898724  -0.0142983
 0.00382355           0   0.0189464   0.0102435
-0.00898724  -0.0189464           0 -0.00130466
  0.0142983  -0.0102435  0.00130466           0
Repeater1[0]<--->EndNode1[0]
REAL
   0.378616  -0.0123112   0.0230344    0.189251
 -0.0123112    0.143396 0.000534835   0.0217323
  0.0230344 0.000534835    0.158491  0.00411452
   0.189251   0.0217323  0.00411452    0.319497
IMAGINARY
           0 -0.000516373   0.00271979   -0.0114784
 0.000516373            0     -0.03066    0.0134929
 -0.00271979      0.03066            0   -0.0286665
   0.0114784   -0.0134929    0.0286665            0
Repeater1[0]<--->HoM1[0]
REAL
   0.357775 -0.00550914  -0.0053668    0.180128
-0.00550914    0.132743  -0.0134615  0.00289766
 -0.0053668  -0.0134615    0.175727  -0.0117748
   0.180128  0.00289766  -0.0117748    0.333755
IMAGINARY
          0  0.00898724 -0.00382355  -0.0142983
-0.00898724           0  -0.0189464 -0.00130466
 0.00382355   0.0189464           0   0.0102435
  0.0142983  0.00130466  -0.0102435           0
EndNode1[0]<--->Repeater1[0]
REAL
   0.345253 -0.00755668  0.00666747    0.180361
-0.00755668    0.159063  -0.0189854  0.00920554
 0.00666747  -0.0189854    0.159063  0.00755668
   0.180361  0.00920554  0.00755668    0.336621
IMAGINARY
          0     0.01689  0.00327872  -0.0320026
   -0.01689           0   0.0275212  0.00391083
-0.00327872  -0.0275212           0  -0.0319227
  0.0320026 -0.00391083   0.0319227           0
EndNode2[0]<--->HoM1[0]
REAL
     0.34456   0.00340678   0.00861067      0.16998
  0.00340678     0.167098   -0.0288612  -0.00252794
  0.00861067   -0.0288612     0.150259 -0.000973693
     0.16998  -0.00252794 -0.000973693     0.338083
IMAGINARY
           0   -0.0192496  -0.00362488  -0.00844963
   0.0192496            0   0.00210446  0.000407377
  0.00362488  -0.00210446            0    0.0121711
  0.00844963 -0.000407377   -0.0121711            0
Repeater1[0]<--->EndNode1[0]
REAL
   0.345253  0.00666747 -0.00755668    0.180361
 0.00666747    0.159063  -0.0189854  0.00755668
-0.00755668  -0.0189854    0.159063  0.00920554
   0.180361  0.00755668  0.00920554    0.336621
IMAGINARY
          0  0.00327872     0.01689  -0.0320026
-0.00327872           0  -0.0275212  -0.0319227
   -0.01689   0.0275212           0  0.00391083
  0.0320026   0.0319227 -0.00391083           0
Repeater1[0]<--->HoM1[0]
REAL
     0.34456   0.00861067   0.00340678      0.16998
  0.00861067     0.150259   -0.0288612 -0.000973693
  0.00340678   -0.0288612     0.167098  -0.00252794
     0.16998 -0.000973693  -0.00252794     0.338083
IMAGINARY
           0  -0.00362488   -0.0192496  -0.00844963
  0.00362488            0  -0.00210446    0.0121711
   0.0192496   0.00210446            0  0.000407377
  0.00844963   -0.0121711 -0.000407377            0
EndNode1[0]<--->Repeater1[0]
REAL
  0.332896 0.00206408  0.0119849   0.186587
0.00206408   0.157274 0.00076354 -0.0179514
 0.0119849 0.00076354   0.131062 -0.0271237
  0.186587 -0.0179514 -0.0271237   0.378768
IMAGINARY
           0  -0.00145177  -0.00821829  -0.00625112
  0.00145177            0   0.00958001 -8.31179e-05
  0.00821829  -0.00958001            0    0.0250788
  0.00625112  8.31179e-05   -0.0250788            0
EndNode2[0]<--->HoM1[0]
REAL
   0.345523   0.0223176  0.00518464    0.183565
  0.0223176    0.142497 -0.00569358  0.00321872
 0.00518464 -0.00569358    0.162673  -0.0139143
   0.183565  0.00321872  -0.0139143    0.349306
IMAGINARY
          0  0.00447483   -0.019266  0.00414225
-0.00447483           0  -0.0168974  0.00903585
   0.019266   0.0168974           0   0.0147068
-0.00414225 -0.00903585  -0.0147068           0
Repeater1[0]<--->EndNode1[0]
REAL
  0.332896  0.0119849 0.00206408   0.186587
 0.0119849   0.131062 0.00076354 -0.0271237
0.00206408 0.00076354   0.157274 -0.0179514
  0.186587 -0.0271237 -0.0179514   0.378768
IMAGINARY
           0  -0.00821829  -0.00145177  -0.00625112
  0.00821829            0  -0.00958001    0.0250788
  0.00145177   0.00958001            0 -8.31179e-05
  0.00625112   -0.0250788  8.31179e-05            0
Repeater1[0]<--->HoM1[0]
REAL
   0.345523  0.00518464   0.0223176    0.183565
 0.00518464    0.162673 -0.00569358  -0.0139143
  0.0223176 -0.00569358    0.142497  0.00321872
   0.183565  -0.0139143  0.00321872    0.349306
IMAGINARY
          0   -0.019266  0.00447483  0.00414225
   0.019266           0   0.0168974   0.0147068
-0.00447483  -0.0168974           0  0.00903585
-0.00414225  -0.0147068 -0.00903585           0
EndNode1[0]<--->Repeater1[0]
REAL
  0.369325  0.0017241  0.0117714   0.193839
 0.0017241   0.130061 0.00823324  0.0180214
 0.0117714 0.00823324   0.159509  0.0125246
  0.193839  0.0180214  0.0125246   0.341104
IMAGINARY
          0  0.00253661  0.00581477  -0.0101565
-0.00253661           0  0.00879778  -0.0133905
-0.00581477 -0.00879778           0  0.00125127
  0.0101565   0.0133905 -0.00125127           0
EndNode2[0]<--->HoM1[0]
REAL
   0.328358  0.00108315 -0.00502008    0.185443
 0.00108315    0.180348  -0.0094053 -0.00502008
-0.00502008  -0.0094053    0.159204  -0.0432518
   0.185443 -0.00502008  -0.0432518     0.33209
IMAGINARY
          0   0.0208305    -0.02052  0.00963768
 -0.0208305           0 -0.00387583  -0.0065606
    0.02052  0.00387583           0   0.0128551
-0.00963768   0.0065606  -0.0128551           0
Repeater1[0]<--->EndNode1[0]
REAL
  0.369325  0.0117714  0.0017241   0.193839
 0.0117714   0.159509 0.00823324  0.0125246
 0.0017241 0.00823324   0.130061  0.0180214
  0.193839  0.0125246  0.0180214   0.341104
IMAGINARY
          0  0.00581477  0.00253661  -0.0101565
-0.00581477           0 -0.00879778  0.00125127
-0.00253661  0.00879778           0  -0.0133905
  0.0101565 -0.00125127   0.0133905           0
Repeater1[0]<--->HoM1[0]
REAL
   0.328358 -0.00502008  0.00108315    0.185443
-0.00502008    0.159204  -0.0094053  -0.0432518
 0.00108315  -0.0094053    0.180348 -0.00502008
   0.185443  -0.0432518 -0.00502008     0.33209
IMAGINARY
          0    -0.02052   0.0208305  0.00963768
    0.02052           0  0.00387583   0.0128551
 -0.0208305 -0.00387583           0  -0.0065606
-0.00963768  -0.0128551   0.0065606           0
EndNode1[0]<--->Repeater1[0]
REAL
   0.331677 -0.00283655 1.46051e-05     0.17606
-0.00283655    0.168944 -0.00388704 -0.00573252
1.46051e-05 -0.00388704    0.168944  0.00220123
    0.17606 -0.00573252  0.00220123    0.330435
IMAGINARY
           0 -0.000367875   -0.0152014   0.00183428
 0.000367875            0     0.015453   0.00258518
   0.0152014    -0.015453            0  -0.00162416
 -0.00183428  -0.00258518   0.00162416            0
EndNode2[0]<--->HoM1[0]
REAL
   0.332903  -0.0117285   0.0115783    0.169182
 -0.0117285    0.147097  -0.0064214 -0.00506785
  0.0115783  -0.0064214    0.166452  0.00391603
   0.169182 -0.00506785  0.00391603    0.353548
IMAGINARY
           0    0.0195004   -0.0179813    0.0153189
  -0.0195004            0    0.0133269 -0.000785494
   0.0179813   -0.0133269            0     0.020714
  -0.0153189  0.000785494    -0.020714            0
Repeater1[0]<--->EndNode1[0]
REAL
   0.331677 1.46051e-05 -0.00283655     0.17606
1.46051e-05    0.168944 -0.00388704  0.00220123
-0.00283655 -0.00388704    0.168944 -0.00573252
    0.17606  0.00220123 -0.00573252    0.330435
IMAGINARY
           0   -0.0152014 -0.000367875   0.00183428
   0.0152014            0    -0.015453  -0.00162416
 0.000367875     0.015453            0   0.00258518
 -0.00183428   0.00162416  -0.00258518            0
Repeater1[0]<--->HoM1[0]
REAL
   0.332903   0.0115783  -0.0117285    0.169182
  0.0115783    0.166452  -0.0064214  0.00391603
 -0.0117285  -0.0064214    0.147097 -0.00506785
   0.169182  0.00391603 -0.00506785    0.353548
IMAGINARY
           0   -0.0179813    0.0195004    0.0153189
   0.0179813            0   -0.0133269     0.020714
  -0.0195004    0.0133269            0 -0.000785494
  -0.0153189    -0.020714  0.000785494            0
EndNode1[0]<--->Repeater1[0]
REAL
   0.33038  0.0120854  0.0128444   0.183569
 0.0120854   0.165823 0.00192555  0.0186062
 0.0128444 0.00192555   0.173418  0.0078119
  0.183569  0.0186062  0.0078119    0.33038
IMAGINARY
           0    0.0215339  1.14762e-05   -0.0102894
  -0.0215339            0    0.0145148   0.00448146
-1.14762e-05   -0.0145148            0   -0.0106225
   0.0102894  -0.00448146    0.0106225            0
EndNode2[0]<--->HoM1[0]
REAL
   0.369681   -0.011277  -0.0311908    0.197671
  -0.011277    0.151596 -0.00347794  -0.0107447
 -0.0311908 -0.00347794    0.144947  0.00934154
   0.197671  -0.0107447  0.00934154    0.333777
IMAGINARY
          0  0.00942462  -0.0089059 -0.00618865
-0.00942462           0  0.00346386  0.00443591
  0.0089059 -0.00346386           0  0.00015392
 0.00618865 -0.00443591 -0.00015392           0
Repeater1[0]<--->EndNode1[0]
REAL
   0.33038  0.0128444  0.0120854   0.183569
 0.0128444   0.173418 0.00192555  0.0078119
 0.0120854 0.00192555   0.165823  0.0186062
  0.183569  0.0078119  0.0186062    0.33038
IMAGINARY
           0  1.14762e-05    0.0215339   -0.0102894
-1.14762e-05            0   -0.0145148   -0.0106225
  -0.0215339    0.0145148            0   0.00448146
   0.0102894    0.0106225  -0.00448146            0
Repeater1[0]<--->HoM1[0]
REAL
   0.369681  -0.0311908   -0.011277    0.197671
 -0.0311908    0.144947 -0.00347794  0.00934154
  -0.011277 -0.00347794    0.151596  -0.0107447
   0.197671  0.00934154  -0.0107447    0.333777
IMAGINARY
          0  -0.0089059  0.00942462 -0.00618865
  0.0089059           0 -0.00346386  0.00015392
-0.00942462  0.00346386           0  0.00443591
 0.00618865 -0.00015392 -0.00443591           0
EndNode1[0]<--->Repeater1[0]
REAL
   0.345361    0.011882  -0.0176765    0.188469
   0.011882    0.179124 -0.00444486 0.000516731
 -0.0176765 -0.00444486    0.143041  -0.0231246
   0.188469 0.000516731  -0.0231246    0.332474
IMAGINARY
          0   0.0026178  0.00781832   0.0226667
 -0.0026178           0  -0.0106667   0.0184284
-0.00781832   0.0106667           0  -0.0026178
 -0.0226667  -0.0184284   0.0026178           0
EndNode2[0]<--->HoM1[0]
REAL
   0.357702   0.0067775   0.0127858    0.198295
  0.0067775    0.140992  0.00905221 -0.00220054
  0.0127858  0.00905221    0.142298   0.0150158
   0.198295 -0.00220054   0.0150158    0.359008
IMAGINARY
           0  -0.00182582    0.0228425    0.0138605
  0.00182582            0 -0.000751919   -0.0102263
  -0.0228425  0.000751919            0   0.00248984
  -0.0138605    0.0102263  -0.00248984            0
Repeater1[0]<--->EndNode1[0]
REAL
   0.345361  -0.0176765    0.011882    0.188469
 -0.0176765    0.143041 -0.00444486  -0.0231246
   0.011882 -0.00444486    0.179124 0.000516731
   0.188469  -0.0231246 0.000516731    0.332474
IMAGINARY
          0  0.00781832   0.0026178   0.0226667
-0.00781832           0   0.0106667  -0.0026178
 -0.0026178  -0.0106667           0   0.0184284
 -0.0226667   0.0026178  -0.0184284           0
Repeater1[0]<--->HoM1[0]
REAL
   0.357702   0.0127858   0.0067775    0.198295
  0.0127858    0.142298  0.00905221   0.0150158
  0.0067775  0.00905221    0.140992 -0.00220054
   0.198295   0.0150158 -0.00220054    0.359008
IMAGINARY
           0    0.0228425  -0.00182582    0.0138605
  -0.0228425            0  0.000751919   0.00248984
  0.00182582 -0.000751919            0   -0.0102263
  -0.0138605  -0.00248984    0.0102263            0
EndNode1[0]<--->Repeater1[0]
REAL
     0.34282  -0.00314873   0.00160782      0.17454
 -0.00314873     0.153946  -0.00745186  0.000923826
  0.00160782  -0.00745186      0.16947 -0.000648734
     0.17454  0.000923826 -0.000648734     0.333765
IMAGINARY
           0  -0.00925926   0.00602345 -0.000534835
  0.00925926            0  -0.00772438    0.0163265
 -0.00602345   0.00772438            0  -0.00925926
 0.000534835   -0.0163265   0.00925926            0
EndNode2[0]<--->HoM1[0]
REAL
   0.365482  -0.0167482  0.00340802    0.182438
 -0.0167482    0.126904   0.0090783 -0.00597871
 0.00340802   0.0090783    0.177665  0.00132406
   0.182438 -0.00597871  0.00132406    0.329949
IMAGINARY
          0  0.00134699  0.00210907   0.0152589
-0.00134699           0  -0.0178099  0.00525372
-0.00210907   0.0178099           0   0.0100319
 -0.0152589 -0.00525372  -0.0100319           0
Repeater1[0]<--->EndNode1[0]
REAL
     0.34282   0.00160782  -0.00314873      0.17454
  0.00160782      0.16947  -0.00745186 -0.000648734
 -0.00314873  -0.00745186     0.153946  0.000923826
     0.17454 -0.000648734  0.000923826     0.333765
IMAGINARY
           0   0.00602345  -0.00925926 -0.000534835
 -0.00602345            0   0.00772438  -0.00925926
  0.00925926  -0.00772438            0    0.0163265
 0.000534835   0.00925926   -0.0163265            0
Repeater1[0]<--->HoM1[0]
REAL
   0.365482  0.00340802  -0.0167482    0.182438
 0.00340802    0.177665   0.0090783  0.00132406
 -0.0167482   0.0090783    0.126904 -0.00597871
   0.182438  0.00132406 -0.00597871    0.329949
IMAGINARY
          0  0.00210907  0.00134699   0.0152589
-0.00210907           0   0.0178099   0.0100319
-0.00134699  -0.0178099           0  0.00525372
 -0.0152589  -0.0100319 -0.00525372           0
EndNode1[0]<--->Repeater1[0]
REAL
   0.377604 -0.00397534  -0.0160907    0.202914
-0.00397534    0.140625 0.000487398  -0.0186032
 -0.0160907 0.000487398    0.152344   -0.014392
   0.202914  -0.0186032   -0.014392    0.329427
IMAGINARY
           0   0.00436957 -0.000112689  -0.00490894
 -0.00436957            0   0.00249348   0.00969123
 0.000112689  -0.00249348            0    0.0154261
  0.00490894  -0.00969123   -0.0154261            0
EndNode2[0]<--->HoM1[0]
REAL
  0.339024 0.00356579 0.00492905   0.168243
0.00356579   0.160976  0.0174714 0.00805796
0.00492905  0.0174714   0.165854  0.0172134
  0.168243 0.00805796  0.0172134   0.334146
IMAGINARY
          0  0.00679094 -0.00198285 -0.00338672
-0.00679094           0   0.0250083  -0.0113411
 0.00198285  -0.0250083           0 -0.00328463
 0.00338672   0.0113411  0.00328463           0
Repeater1[0]<--->EndNode1[0]
REAL
   0.377604  -0.0160907 -0.00397534    0.202914
 -0.0160907    0.152344 0.000487398   -0.014392
-0.00397534 0.000487398    0.140625  -0.0186032
   0.202914   -0.014392  -0.0186032    0.329427
IMAGINARY
           0 -0.000112689   0.00436957  -0.00490894
 0.000112689            0  -0.00249348    0.0154261
 -0.00436957   0.00249348            0   0.00969123
  0.00490894   -0.0154261  -0.00969123            0
Repeater1[0]<--->HoM1[0]
REAL
  0.339024 0.00492905 0.00356579   0.168243
0.00492905   0.165854  0.0174714  0.0172134
0.00356579  0.0174714   0.160976 0.00805796
  0.168243  0.0172134 0.00805796   0.334146
IMAGINARY
          0 -0.00198285  0.00679094 -0.00338672
 0.00198285           0  -0.0250083 -0.00328463
-0.00679094   0.0250083           0  -0.0113411
 0.00338672  0.00328463   0.0113411           0
EndNode1[0]<--->Repeater1[0]
REAL
   0.336562  -0.0165808  0.00771406    0.187497
 -0.0165808    0.169492   -0.025862  -0.0146323
 0.00771406   -0.025862    0.168281 -0.00417388
   0.187497  -0.0146323 -0.00417388    0.325666
IMAGINARY
          0  -0.0131528   0.0220582   0.0102521
  0.0131528           0 -0.00203292  -0.0291918
 -0.0220582  0.00203292           0   0.0138013
 -0.0102521   0.0291918  -0.0138013           0
EndNode2[0]<--->HoM1[0]
REAL
    0.362374  -0.00545447   -0.0187707     0.185669
 -0.00545447     0.146465 -0.000507773   -0.0167131
  -0.0187707 -0.000507773      0.17298   -0.0119649
    0.185669   -0.0167131   -0.0119649     0.318182
IMAGINARY
          0  0.00591922  -0.0175744  0.00373026
-0.00591922           0  -0.0030851   0.0269143
  0.0175744   0.0030851           0  0.00466609
-0.00373026  -0.0269143 -0.00466609           0
Repeater1[0]<--->EndNode1[0]
REAL
   0.336562  0.00771406  -0.0165808    0.187497
 0.00771406    0.168281   -0.025862 -0.00417388
 -0.0165808   -0.025862    0.169492  -0.0146323
   0.187497 -0.00417388  -0.0146323    0.325666
IMAGINARY
          0   0.0220582  -0.0131528   0.0102521
 -0.0220582           0  0.00203292   0.0138013
  0.0131528 -0.00203292           0  -0.0291918
 -0.0102521  -0.0138013   0.0291918           0
Repeater1[0]<--->HoM1[0]
REAL
    0.362374   -0.0187707  -0.00545447     0.185669
  -0.0187707      0.17298 -0.000507773   -0.0119649
 -0.00545447 -0.000507773     0.146465   -0.0167131
    0.185669   -0.0119649   -0.0167131     0.318182
IMAGINARY
          0  -0.0175744  0.00591922  0.00373026
  0.0175744           0   0.0030851  0.00466609
-0.00591922  -0.0030851           0   0.0269143
-0.00373026 -0.00466609  -0.0269143           0
EndNode1[0]<--->Repeater1[0]
REAL
   0.359897  0.00157775 -0.00459811    0.180175
 0.00157775    0.132391 0.000224657  0.00272545
-0.00459811 0.000224657    0.169666   0.0265121
   0.180175  0.00272545   0.0265121    0.338046
IMAGINARY
          0  -0.0102971  -0.0114286 -0.00342389
  0.0102971           0   0.0166314  0.00333394
  0.0114286  -0.0166314           0  -0.0177228
 0.00342389 -0.00333394   0.0177228           0
EndNode2[0]<--->HoM1[0]
REAL
   0.336134 0.000828117 0.000300567    0.175496
0.000828117    0.159664   -0.022593  0.00292524
0.000300567   -0.022593    0.166667 -0.00663457
   0.175496  0.00292524 -0.00663457    0.337535
IMAGINARY
          0   0.0332762  -0.0318694  -0.0020964
 -0.0332762           0  -0.0185222   0.0108503
  0.0318694   0.0185222           0 -0.00333993
  0.0020964  -0.0108503  0.00333993           0
Repeater1[0]<--->EndNode1[0]
REAL
   0.359897 -0.00459811  0.00157775    0.180175
-0.00459811    0.169666 0.000224657   0.0265121
 0.00157775 0.000224657    0.132391  0.00272545
   0.180175   0.0265121  0.00272545    0.338046
IMAGINARY
          0  -0.0114286  -0.0102971 -0.00342389
  0.0114286           0  -0.0166314  -0.0177228
  0.0102971   0.0166314           0  0.00333394
 0.00342389   0.0177228 -0.00333394           0
Repeater1[0]<--->HoM1[0]
REAL
   0.336134 0.000300567 0.000828117    0.175496
0.000300567    0.166667   -0.022593 -0.00663457
0.000828117   -0.022593    0.159664  0.00292524
   0.175496 -0.00663457  0.00292524    0.337535
IMAGINARY
          0  -0.0318694   0.0332762  -0.0020964
  0.0318694           0   0.0185222 -0.00333993
 -0.0332762  -0.0185222           0   0.0108503
  0.0020964  0.00333993  -0.0108503           0
EndNode1[0]<--->Repeater1[0]
REAL
   0.349383  0.00827078  -0.0122382    0.201373
 0.00827078    0.150617 0.000177584  -0.0161856
 -0.0122382 0.000177584    0.149383 -0.00956277
   0.201373  -0.0161856 -0.00956277    0.350617
IMAGINARY
          0  0.00800497   0.0426346  -0.0251639
-0.00800497           0   0.0324278  -0.0180662
 -0.0426346  -0.0324278           0   0.0218755
  0.0251639   0.0180662  -0.0218755           0
EndNode2[0]<--->HoM1[0]
REAL
    0.37013 0.000671954  0.00797709    0.181946
0.000671954    0.171429  -0.0143892   0.0060416
 0.00797709  -0.0143892    0.166234  0.00133072
   0.181946   0.0060416  0.00133072    0.292208
IMAGINARY
          0   0.0078534 -0.00279061  0.00824697
 -0.0078534           0  -0.0205622 -0.00768059
 0.00279061   0.0205622           0   0.0078534
-0.00824697  0.00768059  -0.0078534           0
Repeater1[0]<--->EndNode1[0]
REAL
   0.349383  -0.0122382  0.00827078    0.201373
 -0.0122382    0.149383 0.000177584 -0.00956277
 0.00827078 0.000177584    0.150617  -0.0161856
   0.201373 -0.00956277  -0.0161856    0.350617
IMAGINARY
          0   0.0426346  0.00800497  -0.0251639
 -0.0426346           0  -0.0324278   0.0218755
-0.00800497   0.0324278           0  -0.0180662
  0.0251639  -0.0218755   0.0180662           0
Repeater1[0]<--->HoM1[0]
REAL
    0.37013  0.00797709 0.000671954    0.181946
 0.00797709    0.166234  -0.0143892  0.00133072
0.000671954  -0.0143892    0.171429   0.0060416
   0.181946  0.00133072   0.0060416    0.292208
IMAGINARY
          0 -0.00279061   0.0078534  0.00824697
 0.00279061           0   0.0205622   0.0078534
 -0.0078534  -0.0205622           0 -0.00768059
-0.00824697  -0.0078534  0.00768059           0
EndNode1[0]<--->Repeater1[0]
REAL
   0.349186  -0.0125924   -0.016237    0.189175
 -0.0125924    0.166458  -0.0182074  0.00268857
  -0.016237  -0.0182074    0.168961 -0.00998824
   0.189175  0.00268857 -0.00998824    0.315394
IMAGINARY
           0 -0.000249473   -0.0240545  -0.00417697
 0.000249473            0  -0.00213616   0.00459137
   0.0240545   0.00213616            0  -0.00713308
  0.00417697  -0.00459137   0.00713308            0
EndNode2[0]<--->HoM1[0]
REAL
   0.335045 -0.00848263  -0.0100164    0.180066
-0.00848263    0.168164  0.00564784 -0.00426929
 -0.0100164  0.00564784    0.136072   0.0123787
   0.180066 -0.00426929   0.0123787    0.360719
IMAGINARY
           0  -0.00562358   0.00103637    0.0122084
  0.00562358            0  0.000137261  -0.00232836
 -0.00103637 -0.000137261            0   -0.0111723
  -0.0122084   0.00232836    0.0111723            0
Repeater1[0]<--->EndNode1[0]
REAL
   0.349186   -0.016237  -0.0125924    0.189175
  -0.016237    0.168961  -0.0182074 -0.00998824
 -0.0125924  -0.0182074    0.166458  0.00268857
   0.189175 -0.00998824  0.00268857    0.315394
IMAGINARY
           0   -0.0240545 -0.000249473  -0.00417697
   0.0240545            0   0.00213616  -0.00713308
 0.000249473  -0.00213616            0   0.00459137
  0.00417697   0.00713308  -0.00459137            0
Repeater1[0]<--->HoM1[0]
REAL
   0.335045  -0.0100164 -0.00848263    0.180066
 -0.0100164    0.136072  0.00564784   0.0123787
-0.00848263  0.00564784    0.168164 -0.00426929
   0.180066   0.0123787 -0.00426929    0.360719
IMAGINARY
           0   0.00103637  -0.00562358    0.0122084
 -0.00103637            0 -0.000137261   -0.0111723
  0.00562358  0.000137261            0  -0.00232836
  -0.0122084    0.0111723   0.00232836            0
EndNode1[0]<--->Repeater1[0]
REAL
   0.315271   0.0074922 -0.00264734    0.198921
  0.0074922    0.135468    0.014983  0.00131044
-0.00264734    0.014983    0.174877   0.0179089
   0.198921  0.00131044   0.0179089    0.374384
IMAGINARY
           0    -0.008158     0.016301 -0.000450269
    0.008158            0   -0.0232997    0.0212638
   -0.016301    0.0232997            0     0.012044
 0.000450269   -0.0212638    -0.012044            0
EndNode2[0]<--->HoM1[0]
REAL
   0.323641 -0.00588492 0.000877543    0.194334
-0.00588492     0.14665  0.00815667  0.00895208
0.000877543  0.00815667    0.134008    0.003919
   0.194334  0.00895208    0.003919    0.395702
IMAGINARY
           0  0.000795351   0.00280509  -0.00292025
-0.000795351            0    0.0128278   0.00778021
 -0.00280509   -0.0128278            0   -0.0138713
  0.00292025  -0.00778021    0.0138713            0
Repeater1[0]<--->EndNode1[0]
REAL
   0.315271 -0.00264734   0.0074922    0.198921
-0.00264734    0.174877    0.014983   0.0179089
  0.0074922    0.014983    0.135468  0.00131044
   0.198921   0.0179089  0.00131044    0.374384
IMAGINARY
           0     0.016301    -0.008158 -0.000450269
   -0.016301            0    0.0232997     0.012044
    0.008158   -0.0232997            0    0.0212638
 0.000450269    -0.012044   -0.0212638            0
Repeater1[0]<--->HoM1[0]
REAL
   0.323641 0.000877543 -0.00588492    0.194334
0.000877543    0.134008  0.00815667    0.003919
-0.00588492  0.00815667     0.14665  0.00895208
   0.194334    0.003919  0.00895208    0.395702
IMAGINARY
           0   0.00280509  0.000795351  -0.00292025
 -0.00280509            0   -0.0128278   -0.0138713
-0.000795351    0.0128278            0   0.00778021
  0.00292025    0.0138713  -0.00778021            0
EndNode1[0]<--->Repeater1[0]
REAL
   0.365059  -0.0303536  0.00326543     0.19233
 -0.0303536    0.157757  0.00105453 -0.00453769
 0.00326543  0.00105453    0.160365   0.0125419
    0.19233 -0.00453769   0.0125419    0.316819
IMAGINARY
          0  -0.0240435   0.0124863  -0.0132279
  0.0240435           0 -0.00591084   0.0096614
 -0.0124863  0.00591084           0   -0.011527
  0.0132279  -0.0096614    0.011527           0
EndNode2[0]<--->HoM1[0]
REAL
  0.350515 0.00197109 -0.0201443   0.187403
0.00197109   0.153351 -0.0106617 -0.0159924
-0.0201443 -0.0106617   0.170103 -0.0170828
  0.187403 -0.0159924 -0.0170828   0.326031
IMAGINARY
          0  0.00401933   0.0269548  -0.0040946
-0.00401933           0  -0.0021641   0.0227226
 -0.0269548   0.0021641           0  -0.0124064
  0.0040946  -0.0227226   0.0124064           0
Repeater1[0]<--->EndNode1[0]
REAL
   0.365059  0.00326543  -0.0303536     0.19233
 0.00326543    0.160365  0.00105453   0.0125419
 -0.0303536  0.00105453    0.157757 -0.00453769
    0.19233   0.0125419 -0.00453769    0.316819
IMAGINARY
          0   0.0124863  -0.0240435  -0.0132279
 -0.0124863           0  0.00591084   -0.011527
  0.0240435 -0.00591084           0   0.0096614
  0.0132279    0.011527  -0.0096614           0
Repeater1[0]<--->HoM1[0]
REAL
  0.350515 -0.0201443 0.00197109   0.187403
-0.0201443   0.170103 -0.0106617 -0.0170828
0.00197109 -0.0106617   0.153351 -0.0159924
  0.187403 -0.0170828 -0.0159924   0.326031
IMAGINARY
          0   0.0269548  0.00401933  -0.0040946
 -0.0269548           0   0.0021641  -0.0124064
-0.00401933  -0.0021641           0   0.0227226
  0.0040946   0.0124064  -0.0227226           0
EndNode1[0]<--->Repeater1[0]
REAL
  0.337023  0.0250395  0.0167443   0.197966
 0.0250395   0.174662 0.00254817 -0.0103176
 0.0167443 0.00254817   0.150062 0.00580878
  0.197966 -0.0103176 0.00580878   0.338253
IMAGINARY
          0   0.0169678  -0.0178512 -0.00621783
 -0.0169678           0  -0.0101756  -0.0266232
  0.0178512   0.0101756           0   0.0059432
 0.00621783   0.0266232  -0.0059432           0
EndNode2[0]<--->HoM1[0]
REAL
    0.33701  0.00256119  0.00546483     0.17347
 0.00256119    0.158088  -0.0158248  0.00739038
