EndNode1[0]<--->Repeater1[0]
REAL
   0.414201  -0.0275272   0.0147759    0.344509
 -0.0275272     0.10355  0.00507278  -0.0161687
  0.0147759  0.00507278   0.0710059 -0.00172073
   0.344509  -0.0161687 -0.00172073    0.411243
IMAGINARY
          0 -0.00352113 -0.00791036   0.0250887
 0.00352113           0  -0.0446082  -0.0047657
 0.00791036   0.0446082           0 -0.00352113
 -0.0250887   0.0047657  0.00352113           0
EndNode2[0]<--->HoM1[0]
REAL
  0.429967 0.00995323  0.0139989   0.339438
0.00995323  0.0781759 -0.0227176   0.026194
 0.0139989 -0.0227176  0.0977199  0.0463169
  0.339438   0.026194  0.0463169   0.394137
IMAGINARY
          0  -0.0131579 -0.00403746  -0.0255992
  0.0131579           0 -0.00965719  0.00779686
 0.00403746  0.00965719           0  -0.0131579
  0.0255992 -0.00779686   0.0131579           0
Repeater1[0]<--->EndNode1[0]
REAL
   0.414201   0.0147759  -0.0275272    0.344509
  0.0147759   0.0710059  0.00507278 -0.00172073
 -0.0275272  0.00507278     0.10355  -0.0161687
   0.344509 -0.00172073  -0.0161687    0.411243
IMAGINARY
          0 -0.00791036 -0.00352113   0.0250887
 0.00791036           0   0.0446082 -0.00352113
 0.00352113  -0.0446082           0  -0.0047657
 -0.0250887  0.00352113   0.0047657           0
Repeater1[0]<--->HoM1[0]
REAL
  0.429967  0.0139989 0.00995323   0.339438
 0.0139989  0.0977199 -0.0227176  0.0463169
0.00995323 -0.0227176  0.0781759   0.026194
  0.339438  0.0463169   0.026194   0.394137
IMAGINARY
          0 -0.00403746  -0.0131579  -0.0255992
 0.00403746           0  0.00965719  -0.0131579
  0.0131579 -0.00965719           0  0.00779686
  0.0255992   0.0131579 -0.00779686           0
EndNode1[0]<--->Repeater1[0]
REAL
  0.391304 -0.0225431 -0.0424624   0.288992
-0.0225431    0.10628  0.0267972 -0.0167481
-0.0424624  0.0267972  0.0628019 -0.0366674
  0.288992 -0.0167481 -0.0366674   0.439614
IMAGINARY
         0 -0.0392837 -0.0369204  0.0441917
 0.0392837          0  0.0280627  0.0125302
 0.0369204 -0.0280627          0 -0.0277895
-0.0441917 -0.0125302  0.0277895          0
EndNode2[0]<--->HoM1[0]
REAL
   0.382166  -0.0132621   0.0122595    0.300147
 -0.0132621    0.105096 -0.00313188   -0.013752
  0.0122595 -0.00313188   0.0955414  0.00579945
   0.300147   -0.013752  0.00579945    0.417197
IMAGINARY
           0 -0.000431157   -0.0148643   -0.0320375
 0.000431157            0  0.000315443  -0.00316844
   0.0148643 -0.000315443            0   0.00534919
   0.0320375   0.00316844  -0.00534919            0
Repeater1[0]<--->EndNode1[0]
REAL
  0.391304 -0.0424624 -0.0225431   0.288992
-0.0424624  0.0628019  0.0267972 -0.0366674
-0.0225431  0.0267972    0.10628 -0.0167481
  0.288992 -0.0366674 -0.0167481   0.439614
IMAGINARY
         0 -0.0369204 -0.0392837  0.0441917
 0.0369204          0 -0.0280627 -0.0277895
 0.0392837  0.0280627          0  0.0125302
-0.0441917  0.0277895 -0.0125302          0
Repeater1[0]<--->HoM1[0]
REAL
   0.382166   0.0122595  -0.0132621    0.300147
  0.0122595   0.0955414 -0.00313188  0.00579945
 -0.0132621 -0.00313188    0.105096   -0.013752
   0.300147  0.00579945   -0.013752    0.417197
IMAGINARY
           0   -0.0148643 -0.000431157   -0.0320375
   0.0148643            0 -0.000315443   0.00534919
 0.000431157  0.000315443            0  -0.00316844
   0.0320375  -0.00534919   0.00316844            0
