EndNode1[0]<--->Repeater1[0]
REAL
  0.329912 -0.0153144 0.00711504   0.189129
-0.0153144   0.156012 -0.0102033 -0.0079907
0.00711504 -0.0102033   0.172727 0.00743345
  0.189129 -0.0079907 0.00743345   0.341349
IMAGINARY
          0 -0.00258886  -0.0156595  0.00573434
 0.00258886           0 -0.00633566 -0.00133074
  0.0156595  0.00633566           0  0.00289226
-0.00573434  0.00133074 -0.00289226           0
EndNode2[0]<--->HoM1[0]
REAL
   0.341198 -0.00482615 -0.00229418    0.195572
-0.00482615    0.168784 -0.00700363  0.00484443
-0.00229418 -0.00700363    0.164247  0.00617629
   0.195572  0.00484443  0.00617629    0.325771
IMAGINARY
           0  4.78577e-05  -0.00450285   0.00763013
-4.78577e-05            0   0.00239936   -0.0101342
  0.00450285  -0.00239936            0    0.0099053
 -0.00763013    0.0101342   -0.0099053            0
Repeater1[0]<--->EndNode1[0]
REAL
  0.329912 0.00711504 -0.0153144   0.189129
0.00711504   0.172727 -0.0102033 0.00743345
-0.0153144 -0.0102033   0.156012 -0.0079907
  0.189129 0.00743345 -0.0079907   0.341349
IMAGINARY
          0  -0.0156595 -0.00258886  0.00573434
  0.0156595           0  0.00633566  0.00289226
 0.00258886 -0.00633566           0 -0.00133074
-0.00573434 -0.00289226  0.00133074           0
Repeater1[0]<--->HoM1[0]
REAL
   0.341198 -0.00229418 -0.00482615    0.195572
-0.00229418    0.164247 -0.00700363  0.00617629
-0.00482615 -0.00700363    0.168784  0.00484443
   0.195572  0.00617629  0.00484443    0.325771
IMAGINARY
           0  -0.00450285  4.78577e-05   0.00763013
  0.00450285            0  -0.00239936    0.0099053
-4.78577e-05   0.00239936            0   -0.0101342
 -0.00763013   -0.0099053    0.0101342            0
EndNode1[0]<--->Repeater1[0]
REAL
   0.341229 -0.00493951   0.0103815    0.187581
-0.00493951    0.156222  0.00488847  0.00597016
  0.0103815  0.00488847    0.164018   0.0179908
   0.187581  0.00597016   0.0179908    0.338531
IMAGINARY
           0 -9.38121e-05    0.0110746   0.00886665
 9.38121e-05            0   -0.0128857   0.00184612
  -0.0110746    0.0128857            0   0.00460102
 -0.00886665  -0.00184612  -0.00460102            0
EndNode2[0]<--->HoM1[0]
REAL
    0.340772   -0.0164713   -0.0146661     0.178964
  -0.0164713      0.15199 -0.000796091  -0.00838736
  -0.0146661 -0.000796091     0.164656  -0.00352871
    0.178964  -0.00838736  -0.00352871     0.342581
IMAGINARY
           0   0.00384463  -0.00754278    0.0129957
 -0.00384463            0    0.0111133  -0.00100295
  0.00754278   -0.0111133            0  0.000503196
  -0.0129957   0.00100295 -0.000503196            0
Repeater1[0]<--->EndNode1[0]
REAL
   0.341229   0.0103815 -0.00493951    0.187581
  0.0103815    0.164018  0.00488847   0.0179908
-0.00493951  0.00488847    0.156222  0.00597016
   0.187581   0.0179908  0.00597016    0.338531
IMAGINARY
           0    0.0110746 -9.38121e-05   0.00886665
  -0.0110746            0    0.0128857   0.00460102
 9.38121e-05   -0.0128857            0   0.00184612
 -0.00886665  -0.00460102  -0.00184612            0
Repeater1[0]<--->HoM1[0]
REAL
    0.340772   -0.0146661   -0.0164713     0.178964
  -0.0146661     0.164656 -0.000796091  -0.00352871
  -0.0164713 -0.000796091      0.15199  -0.00838736
    0.178964  -0.00352871  -0.00838736     0.342581
IMAGINARY
           0  -0.00754278   0.00384463    0.0129957
  0.00754278            0   -0.0111133  0.000503196
 -0.00384463    0.0111133            0  -0.00100295
  -0.0129957 -0.000503196   0.00100295            0
EndNode1[0]<--->Repeater1[0]
REAL
    0.340483  -0.00732495   0.00245971     0.184564
 -0.00732495     0.154985  1.43322e-05    0.0008797
  0.00245971  1.43322e-05     0.158308 -0.000568191
    0.184564    0.0008797 -0.000568191     0.346224
IMAGINARY
           0  -0.00078008   0.00632882  -0.00399443
  0.00078008            0  9.91364e-05  -0.00479602
 -0.00632882 -9.91364e-05            0    0.0148819
  0.00399443   0.00479602   -0.0148819            0
EndNode2[0]<--->HoM1[0]
REAL
    0.349311  -0.00455454 -9.57749e-05     0.183505
 -0.00455454      0.15728  0.000988889  -0.00752299
-9.57749e-05  0.000988889     0.167466   0.00828922
    0.183505  -0.00752299   0.00828922     0.325944
IMAGINARY
           0   0.00503048  -0.00282779   0.00257822
 -0.00503048            0  -0.00405228  -0.00665159
  0.00282779   0.00405228            0  0.000536775
 -0.00257822   0.00665159 -0.000536775            0
Repeater1[0]<--->EndNode1[0]
REAL
    0.340483   0.00245971  -0.00732495     0.184564
  0.00245971     0.158308  1.43322e-05 -0.000568191
 -0.00732495  1.43322e-05     0.154985    0.0008797
    0.184564 -0.000568191    0.0008797     0.346224
IMAGINARY
           0   0.00632882  -0.00078008  -0.00399443
 -0.00632882            0 -9.91364e-05    0.0148819
  0.00078008  9.91364e-05            0  -0.00479602
  0.00399443   -0.0148819   0.00479602            0
Repeater1[0]<--->HoM1[0]
REAL
    0.349311 -9.57749e-05  -0.00455454     0.183505
-9.57749e-05     0.167466  0.000988889   0.00828922
 -0.00455454  0.000988889      0.15728  -0.00752299
    0.183505   0.00828922  -0.00752299     0.325944
IMAGINARY
           0  -0.00282779   0.00503048   0.00257822
  0.00282779            0   0.00405228  0.000536775
 -0.00503048  -0.00405228            0  -0.00665159
 -0.00257822 -0.000536775   0.00665159            0
EndNode1[0]<--->Repeater1[0]
REAL
   0.343832 -0.00155108  -0.0125211    0.187029
-0.00155108    0.156897 -0.00639278 -0.00445658
 -0.0125211 -0.00639278    0.151356 -0.00624947
   0.187029 -0.00445658 -0.00624947    0.347915
IMAGINARY
           0   0.00271904   0.00560606   0.00210802
 -0.00271904            0 -0.000611014   0.00103244
 -0.00560606  0.000611014            0  0.000901961
 -0.00210802  -0.00103244 -0.000901961            0
EndNode2[0]<--->HoM1[0]
REAL
     0.35044  -0.00675175    0.0100049     0.175088
 -0.00675175     0.151026   -0.0103676   -0.0004782
   0.0100049   -0.0103676     0.158651 -9.16325e-06
    0.175088   -0.0004782 -9.16325e-06     0.339883
IMAGINARY
           0   0.00102942   0.00326194   0.00851374
 -0.00102942            0   0.00428414 -4.93207e-05
 -0.00326194  -0.00428414            0   -0.0138799
 -0.00851374  4.93207e-05    0.0138799            0
Repeater1[0]<--->EndNode1[0]
REAL
   0.343832  -0.0125211 -0.00155108    0.187029
 -0.0125211    0.151356 -0.00639278 -0.00624947
-0.00155108 -0.00639278    0.156897 -0.00445658
   0.187029 -0.00624947 -0.00445658    0.347915
IMAGINARY
           0   0.00560606   0.00271904   0.00210802
 -0.00560606            0  0.000611014  0.000901961
 -0.00271904 -0.000611014            0   0.00103244
 -0.00210802 -0.000901961  -0.00103244            0
Repeater1[0]<--->HoM1[0]
REAL
     0.35044    0.0100049  -0.00675175     0.175088
   0.0100049     0.158651   -0.0103676 -9.16325e-06
 -0.00675175   -0.0103676     0.151026   -0.0004782
    0.175088 -9.16325e-06   -0.0004782     0.339883
IMAGINARY
           0   0.00326194   0.00102942   0.00851374
 -0.00326194            0  -0.00428414   -0.0138799
 -0.00102942   0.00428414            0 -4.93207e-05
 -0.00851374    0.0138799  4.93207e-05            0
EndNode1[0]<--->Repeater1[0]
REAL
  0.346601 0.00891627 0.00584049   0.182165
0.00891627   0.151075 0.00622267 0.00373332
0.00584049 0.00622267   0.160081 0.00652536
  0.182165 0.00373332 0.00652536   0.342243
IMAGINARY
           0 -0.000162316 -0.000519933   0.00306719
 0.000162316            0  -0.00262484  -0.00277151
 0.000519933   0.00262484            0   0.00076076
 -0.00306719   0.00277151  -0.00076076            0
EndNode2[0]<--->HoM1[0]
REAL
   0.348517   0.0126398  0.00180045    0.185976
  0.0126398     0.14504 -0.00633215 -0.00551516
 0.00180045 -0.00633215    0.157327 -0.00387311
   0.185976 -0.00551516 -0.00387311    0.349116
IMAGINARY
          0  0.00170926  0.00771123 -0.00370203
-0.00170926           0  0.00447483 -0.00682365
-0.00771123 -0.00447483           0  0.00805405
 0.00370203  0.00682365 -0.00805405           0
Repeater1[0]<--->EndNode1[0]
REAL
  0.346601 0.00584049 0.00891627   0.182165
0.00584049   0.160081 0.00622267 0.00652536
0.00891627 0.00622267   0.151075 0.00373332
  0.182165 0.00652536 0.00373332   0.342243
IMAGINARY
           0 -0.000519933 -0.000162316   0.00306719
 0.000519933            0   0.00262484   0.00076076
 0.000162316  -0.00262484            0  -0.00277151
 -0.00306719  -0.00076076   0.00277151            0
Repeater1[0]<--->HoM1[0]
REAL
   0.348517  0.00180045   0.0126398    0.185976
 0.00180045    0.157327 -0.00633215 -0.00387311
  0.0126398 -0.00633215     0.14504 -0.00551516
   0.185976 -0.00387311 -0.00551516    0.349116
IMAGINARY
          0  0.00771123  0.00170926 -0.00370203
-0.00771123           0 -0.00447483  0.00805405
-0.00170926  0.00447483           0 -0.00682365
 0.00370203 -0.00805405  0.00682365           0
EndNode1[0]<--->Repeater1[0]
REAL
     0.33565  -0.00484068 -0.000683775     0.185666
 -0.00484068     0.163444   -0.0026877  -0.00053203
-0.000683775   -0.0026877     0.168882   0.00818414
    0.185666  -0.00053203   0.00818414     0.332024
IMAGINARY
           0   0.00960389   0.00186338 -0.000653178
 -0.00960389            0   0.00396843  -0.00216047
 -0.00186338  -0.00396843            0     0.003468
 0.000653178   0.00216047    -0.003468            0
EndNode2[0]<--->HoM1[0]
REAL
   0.335224 -0.00270095 -0.00543619    0.187913
-0.00270095    0.166567  0.00468501  0.00935491
-0.00543619  0.00468501    0.157612   0.0051683
   0.187913  0.00935491   0.0051683    0.340597
IMAGINARY
           0   0.00151853  -0.00163089   0.00378747
 -0.00151853            0 -0.000610466  -0.00935978
  0.00163089  0.000610466            0   0.00766545
 -0.00378747   0.00935978  -0.00766545            0
Repeater1[0]<--->EndNode1[0]
REAL
     0.33565 -0.000683775  -0.00484068     0.185666
-0.000683775     0.168882   -0.0026877   0.00818414
 -0.00484068   -0.0026877     0.163444  -0.00053203
    0.185666   0.00818414  -0.00053203     0.332024
IMAGINARY
           0   0.00186338   0.00960389 -0.000653178
 -0.00186338            0  -0.00396843     0.003468
 -0.00960389   0.00396843            0  -0.00216047
 0.000653178    -0.003468   0.00216047            0
Repeater1[0]<--->HoM1[0]
REAL
   0.335224 -0.00543619 -0.00270095    0.187913
-0.00543619    0.157612  0.00468501   0.0051683
-0.00270095  0.00468501    0.166567  0.00935491
   0.187913   0.0051683  0.00935491    0.340597
IMAGINARY
           0  -0.00163089   0.00151853   0.00378747
  0.00163089            0  0.000610466   0.00766545
 -0.00151853 -0.000610466            0  -0.00935978
 -0.00378747  -0.00766545   0.00935978            0
EndNode1[0]<--->Repeater1[0]
REAL
   0.334738  0.00355575 -0.00372983    0.182771
 0.00355575    0.164058 -0.00714438 -0.00910617
-0.00372983 -0.00714438     0.15894  0.00112562
   0.182771 -0.00910617  0.00112562    0.342264
IMAGINARY
           0   0.00160887   0.00448734   -0.0088986
 -0.00160887            0 -0.000409138   0.00879768
 -0.00448734  0.000409138            0   0.00533558
   0.0088986  -0.00879768  -0.00533558            0
EndNode2[0]<--->HoM1[0]
REAL
    0.342814   0.00592865  0.000383291     0.175812
  0.00592865     0.162575   0.00137912 -0.000825899
 0.000383291   0.00137912     0.152096  -0.00460083
    0.175812 -0.000825899  -0.00460083     0.342515
IMAGINARY
          0  0.00328816 -0.00108158   0.0047842
-0.00328816           0  0.00855722  0.00486373
 0.00108158 -0.00855722           0 -0.00162402
 -0.0047842 -0.00486373  0.00162402           0
Repeater1[0]<--->EndNode1[0]
REAL
   0.334738 -0.00372983  0.00355575    0.182771
-0.00372983     0.15894 -0.00714438  0.00112562
 0.00355575 -0.00714438    0.164058 -0.00910617
   0.182771  0.00112562 -0.00910617    0.342264
IMAGINARY
           0   0.00448734   0.00160887   -0.0088986
 -0.00448734            0  0.000409138   0.00533558
 -0.00160887 -0.000409138            0   0.00879768
   0.0088986  -0.00533558  -0.00879768            0
Repeater1[0]<--->HoM1[0]
REAL
    0.342814  0.000383291   0.00592865     0.175812
 0.000383291     0.152096   0.00137912  -0.00460083
  0.00592865   0.00137912     0.162575 -0.000825899
    0.175812  -0.00460083 -0.000825899     0.342515
IMAGINARY
          0 -0.00108158  0.00328816   0.0047842
 0.00108158           0 -0.00855722 -0.00162402
-0.00328816  0.00855722           0  0.00486373
 -0.0047842  0.00162402 -0.00486373           0
EndNode1[0]<--->Repeater1[0]
REAL
   0.338532  -0.0086563  0.00919969    0.194254
 -0.0086563    0.161468  0.00445437 -0.00214051
 0.00919969  0.00445437    0.155046 0.000395559
   0.194254 -0.00214051 0.000395559    0.344954
IMAGINARY
           0   0.00553514    0.0024897  1.12371e-05
 -0.00553514            0    0.0159541   -0.0152028
  -0.0024897   -0.0159541            0   0.00568233
-1.12371e-05    0.0152028  -0.00568233            0
EndNode2[0]<--->HoM1[0]
REAL
   0.330616  0.00938646  0.00255797     0.19099
 0.00938646    0.149758 -0.00268226  0.00361124
 0.00255797 -0.00268226    0.162138 1.42472e-05
    0.19099  0.00361124 1.42472e-05    0.357488
IMAGINARY
          0   0.0114566 -0.00649893 -0.00530735
 -0.0114566           0  -0.0106549  0.00147231
 0.00649893   0.0106549           0  -0.0158918
 0.00530735 -0.00147231   0.0158918           0
Repeater1[0]<--->EndNode1[0]
REAL
   0.338532  0.00919969  -0.0086563    0.194254
 0.00919969    0.155046  0.00445437 0.000395559
 -0.0086563  0.00445437    0.161468 -0.00214051
   0.194254 0.000395559 -0.00214051    0.344954
IMAGINARY
           0    0.0024897   0.00553514  1.12371e-05
  -0.0024897            0   -0.0159541   0.00568233
 -0.00553514    0.0159541            0   -0.0152028
-1.12371e-05  -0.00568233    0.0152028            0
Repeater1[0]<--->HoM1[0]
REAL
   0.330616  0.00255797  0.00938646     0.19099
 0.00255797    0.162138 -0.00268226 1.42472e-05
 0.00938646 -0.00268226    0.149758  0.00361124
    0.19099 1.42472e-05  0.00361124    0.357488
IMAGINARY
          0 -0.00649893   0.0114566 -0.00530735
 0.00649893           0   0.0106549  -0.0158918
 -0.0114566  -0.0106549           0  0.00147231
 0.00530735   0.0158918 -0.00147231           0
EndNode1[0]<--->Repeater1[0]
REAL
   0.343703 -0.00180321   0.0113595    0.180185
-0.00180321    0.152824 -0.00455744  0.00474096
  0.0113595 -0.00455744    0.154636   0.0119952
   0.180185  0.00474096   0.0119952    0.348837
IMAGINARY
          0  0.00538951  -0.0125998 -0.00219681
-0.00538951           0  0.00778504  -0.0198757
  0.0125998 -0.00778504           0  0.00165706
 0.00219681   0.0198757 -0.00165706           0
EndNode2[0]<--->HoM1[0]
REAL
   0.344838 -0.00717695  -0.0172755    0.186082
-0.00717695    0.174948 -0.00177589 0.000190492
 -0.0172755 -0.00177589    0.145195 -0.00265069
   0.186082 0.000190492 -0.00265069    0.335019
IMAGINARY
          0   0.0107752   0.0095857 -0.00768193
 -0.0107752           0  0.00945393 -0.00130007
 -0.0095857 -0.00945393           0  0.00564543
 0.00768193  0.00130007 -0.00564543           0
Repeater1[0]<--->EndNode1[0]
REAL
   0.343703   0.0113595 -0.00180321    0.180185
  0.0113595    0.154636 -0.00455744   0.0119952
-0.00180321 -0.00455744    0.152824  0.00474096
   0.180185   0.0119952  0.00474096    0.348837
IMAGINARY
          0  -0.0125998  0.00538951 -0.00219681
  0.0125998           0 -0.00778504  0.00165706
-0.00538951  0.00778504           0  -0.0198757
 0.00219681 -0.00165706   0.0198757           0
Repeater1[0]<--->HoM1[0]
REAL
   0.344838  -0.0172755 -0.00717695    0.186082
 -0.0172755    0.145195 -0.00177589 -0.00265069
-0.00717695 -0.00177589    0.174948 0.000190492
   0.186082 -0.00265069 0.000190492    0.335019
IMAGINARY
          0   0.0095857   0.0107752 -0.00768193
 -0.0095857           0 -0.00945393  0.00564543
 -0.0107752  0.00945393           0 -0.00130007
 0.00768193 -0.00564543  0.00130007           0
EndNode1[0]<--->Repeater1[0]
REAL
   0.353599 -0.00261216 -0.00516286    0.176656
-0.00261216    0.149986  0.00143678  0.00352352
-0.00516286  0.00143678     0.15142   0.0105108
   0.176656  0.00352352   0.0105108    0.344996
IMAGINARY
          0  0.00106893  0.00287203  -0.0123548
-0.00106893           0 -0.00285145  0.00150467
-0.00287203  0.00285145           0 -0.00484195
  0.0123548 -0.00150467  0.00484195           0
EndNode2[0]<--->HoM1[0]
REAL
    0.351108   0.00402726   0.00185064     0.178337
  0.00402726     0.156681  -0.00404094 -0.000383501
  0.00185064  -0.00404094     0.161174  -0.00314697
    0.178337 -0.000383501  -0.00314697     0.331037
IMAGINARY
          0  -0.0100382 -0.00268883 -0.00250144
  0.0100382           0 -0.00386219 -0.00466632
 0.00268883  0.00386219           0  0.00178246
 0.00250144  0.00466632 -0.00178246           0
Repeater1[0]<--->EndNode1[0]
REAL
   0.353599 -0.00516286 -0.00261216    0.176656
-0.00516286     0.15142  0.00143678   0.0105108
-0.00261216  0.00143678    0.149986  0.00352352
   0.176656   0.0105108  0.00352352    0.344996
IMAGINARY
          0  0.00287203  0.00106893  -0.0123548
-0.00287203           0  0.00285145 -0.00484195
-0.00106893 -0.00285145           0  0.00150467
  0.0123548  0.00484195 -0.00150467           0
Repeater1[0]<--->HoM1[0]
REAL
    0.351108   0.00185064   0.00402726     0.178337
  0.00185064     0.161174  -0.00404094  -0.00314697
  0.00402726  -0.00404094     0.156681 -0.000383501
    0.178337  -0.00314697 -0.000383501     0.331037
IMAGINARY
          0 -0.00268883  -0.0100382 -0.00250144
 0.00268883           0  0.00386219  0.00178246
  0.0100382 -0.00386219           0 -0.00466632
 0.00250144 -0.00178246  0.00466632           0
EndNode1[0]<--->Repeater1[0]
REAL
   0.351857 0.000204162 -0.00178362    0.190575
0.000204162    0.155542 0.000429785  -0.0107748
-0.00178362 0.000429785    0.163697 -0.00808968
   0.190575  -0.0107748 -0.00808968    0.328904
IMAGINARY
          0  0.00777264 -0.00363719 -0.00121267
-0.00777264           0 -0.00181947  -0.0102685
 0.00363719  0.00181947           0 -0.00747034
 0.00121267   0.0102685  0.00747034           0
EndNode2[0]<--->HoM1[0]
REAL
  0.349031 0.00649951 0.00465433   0.184564
0.00649951   0.151714 0.00255218 0.00250313
0.00465433 0.00255218   0.161848 0.00211867
  0.184564 0.00250313 0.00211867   0.337407
IMAGINARY
           0  -0.00381657   0.00705845    0.0041997
  0.00381657            0   -0.0143854     0.014283
 -0.00705845    0.0143854            0 -0.000756598
  -0.0041997    -0.014283  0.000756598            0
Repeater1[0]<--->EndNode1[0]
REAL
   0.351857 -0.00178362 0.000204162    0.190575
-0.00178362    0.163697 0.000429785 -0.00808968
0.000204162 0.000429785    0.155542  -0.0107748
   0.190575 -0.00808968  -0.0107748    0.328904
IMAGINARY
          0 -0.00363719  0.00777264 -0.00121267
 0.00363719           0  0.00181947 -0.00747034
-0.00777264 -0.00181947           0  -0.0102685
 0.00121267  0.00747034   0.0102685           0
Repeater1[0]<--->HoM1[0]
REAL
  0.349031 0.00465433 0.00649951   0.184564
0.00465433   0.161848 0.00255218 0.00211867
0.00649951 0.00255218   0.151714 0.00250313
  0.184564 0.00211867 0.00250313   0.337407
IMAGINARY
           0   0.00705845  -0.00381657    0.0041997
 -0.00705845            0    0.0143854 -0.000756598
  0.00381657   -0.0143854            0     0.014283
  -0.0041997  0.000756598    -0.014283            0
EndNode1[0]<--->Repeater1[0]
REAL
   0.337854  0.00743269  0.00205661      0.1877
 0.00743269    0.158529 -0.00295357    0.006484
 0.00205661 -0.00295357     0.16305 -0.00308747
     0.1877    0.006484 -0.00308747    0.340567
IMAGINARY
          0 -0.00172729 -0.00605517   -0.001416
 0.00172729           0  0.00126416  -0.0051422
 0.00605517 -0.00126416           0  0.00396677
   0.001416   0.0051422 -0.00396677           0
EndNode2[0]<--->HoM1[0]
REAL
     0.3396 -0.00391814  0.00173516    0.187309
-0.00391814     0.16745  0.00390268  8.3017e-05
 0.00173516  0.00390268    0.150705  -0.0109303
   0.187309  8.3017e-05  -0.0109303    0.342244
IMAGINARY
           0  0.000302476  -0.00319242   0.00415647
-0.000302476            0 -2.18004e-05   0.00627612
  0.00319242  2.18004e-05            0  -0.00397355
 -0.00415647  -0.00627612   0.00397355            0
Repeater1[0]<--->EndNode1[0]
REAL
   0.337854  0.00205661  0.00743269      0.1877
 0.00205661     0.16305 -0.00295357 -0.00308747
 0.00743269 -0.00295357    0.158529    0.006484
     0.1877 -0.00308747    0.006484    0.340567
IMAGINARY
          0 -0.00605517 -0.00172729   -0.001416
 0.00605517           0 -0.00126416  0.00396677
 0.00172729  0.00126416           0  -0.0051422
   0.001416 -0.00396677   0.0051422           0
Repeater1[0]<--->HoM1[0]
REAL
     0.3396  0.00173516 -0.00391814    0.187309
 0.00173516    0.150705  0.00390268  -0.0109303
-0.00391814  0.00390268     0.16745  8.3017e-05
   0.187309  -0.0109303  8.3017e-05    0.342244
IMAGINARY
           0  -0.00319242  0.000302476   0.00415647
  0.00319242            0  2.18004e-05  -0.00397355
-0.000302476 -2.18004e-05            0   0.00627612
 -0.00415647   0.00397355  -0.00627612            0
EndNode1[0]<--->Repeater1[0]
REAL
   0.334487  -0.0105782 0.000542814    0.182423
 -0.0105782    0.158016   0.0107725 -0.00145411
0.000542814   0.0107725    0.165513   -0.016457
   0.182423 -0.00145411   -0.016457    0.341984
IMAGINARY
          0 -0.00348387  0.00581576 -0.00461596
 0.00348387           0 -0.00595167 -0.00537601
-0.00581576  0.00595167           0 -0.00868265
 0.00461596  0.00537601  0.00868265           0
EndNode2[0]<--->HoM1[0]
REAL
   0.340888 -0.00898137  0.00324539    0.184568
-0.00898137    0.150077 -0.00538938  0.00086018
 0.00324539 -0.00538938    0.161715 -0.00392185
   0.184568  0.00086018 -0.00392185     0.34732
IMAGINARY
           0   0.00189174  -0.00721893  0.000160865
 -0.00189174            0    0.0104452   0.00116932
  0.00721893   -0.0104452            0    0.0020405
-0.000160865  -0.00116932   -0.0020405            0
Repeater1[0]<--->EndNode1[0]
REAL
   0.334487 0.000542814  -0.0105782    0.182423
0.000542814    0.165513   0.0107725   -0.016457
 -0.0105782   0.0107725    0.158016 -0.00145411
   0.182423   -0.016457 -0.00145411    0.341984
IMAGINARY
          0  0.00581576 -0.00348387 -0.00461596
-0.00581576           0  0.00595167 -0.00868265
 0.00348387 -0.00595167           0 -0.00537601
 0.00461596  0.00868265  0.00537601           0
Repeater1[0]<--->HoM1[0]
REAL
   0.340888  0.00324539 -0.00898137    0.184568
 0.00324539    0.161715 -0.00538938 -0.00392185
-0.00898137 -0.00538938    0.150077  0.00086018
   0.184568 -0.00392185  0.00086018     0.34732
IMAGINARY
           0  -0.00721893   0.00189174  0.000160865
  0.00721893            0   -0.0104452    0.0020405
 -0.00189174    0.0104452            0   0.00116932
-0.000160865   -0.0020405  -0.00116932            0
EndNode1[0]<--->Repeater1[0]
REAL
   0.345819 -0.00147884  0.00395852    0.181426
-0.00147884    0.155343 -0.00319424  0.00233562
 0.00395852 -0.00319424    0.159988  0.00347454
   0.181426  0.00233562  0.00347454     0.33885
IMAGINARY
           0    0.0094543  -0.00526908    0.0113795
  -0.0094543            0     0.006129  0.000481526
  0.00526908    -0.006129            0   0.00670369
  -0.0113795 -0.000481526  -0.00670369            0
EndNode2[0]<--->HoM1[0]
REAL
    0.359232  -0.00454262   -0.0166338     0.189639
 -0.00454262     0.157221   0.00517424  -0.00236503
  -0.0166338   0.00517424     0.149909 -0.000584036
    0.189639  -0.00236503 -0.000584036     0.333638
IMAGINARY
          0  0.00619449 -0.00310685  0.00676666
-0.00619449           0 -0.00557902  0.00446432
 0.00310685  0.00557902           0    0.007531
-0.00676666 -0.00446432   -0.007531           0
Repeater1[0]<--->EndNode1[0]
REAL
   0.345819  0.00395852 -0.00147884    0.181426
 0.00395852    0.159988 -0.00319424  0.00347454
-0.00147884 -0.00319424    0.155343  0.00233562
   0.181426  0.00347454  0.00233562     0.33885
IMAGINARY
           0  -0.00526908    0.0094543    0.0113795
  0.00526908            0    -0.006129   0.00670369
  -0.0094543     0.006129            0  0.000481526
  -0.0113795  -0.00670369 -0.000481526            0
Repeater1[0]<--->HoM1[0]
REAL
    0.359232   -0.0166338  -0.00454262     0.189639
  -0.0166338     0.149909   0.00517424 -0.000584036
 -0.00454262   0.00517424     0.157221  -0.00236503
    0.189639 -0.000584036  -0.00236503     0.333638
IMAGINARY
          0 -0.00310685  0.00619449  0.00676666
 0.00310685           0  0.00557902    0.007531
-0.00619449 -0.00557902           0  0.00446432
-0.00676666   -0.007531 -0.00446432           0
EndNode1[0]<--->Repeater1[0]
REAL
   0.354693 -0.00551494  0.00536098    0.182797
-0.00551494    0.157641  0.00323225 -0.00223319
 0.00536098  0.00323225     0.15343 -0.00446421
   0.182797 -0.00223319 -0.00446421    0.334236
IMAGINARY
          0  -0.0045128  0.00114399  -0.0011012
  0.0045128           0  0.00139953   0.0109479
-0.00114399 -0.00139953           0  0.00572199
  0.0011012  -0.0109479 -0.00572199           0
EndNode2[0]<--->HoM1[0]
REAL
   0.356575   0.0102138 -0.00367026    0.189008
  0.0102138     0.15534   0.0048137  0.00427595
-0.00367026   0.0048137    0.151515  0.00523138
   0.189008  0.00427595  0.00523138     0.33657
IMAGINARY
          0 -0.00893305 -0.00122598   0.0135523
 0.00893305           0  0.00107107 -0.00242144
 0.00122598 -0.00107107           0  0.00437378
 -0.0135523  0.00242144 -0.00437378           0
Repeater1[0]<--->EndNode1[0]
REAL
   0.354693  0.00536098 -0.00551494    0.182797
 0.00536098     0.15343  0.00323225 -0.00446421
-0.00551494  0.00323225    0.157641 -0.00223319
   0.182797 -0.00446421 -0.00223319    0.334236
IMAGINARY
          0  0.00114399  -0.0045128  -0.0011012
-0.00114399           0 -0.00139953  0.00572199
  0.0045128  0.00139953           0   0.0109479
  0.0011012 -0.00572199  -0.0109479           0
Repeater1[0]<--->HoM1[0]
REAL
   0.356575 -0.00367026   0.0102138    0.189008
-0.00367026    0.151515   0.0048137  0.00523138
  0.0102138   0.0048137     0.15534  0.00427595
   0.189008  0.00523138  0.00427595     0.33657
IMAGINARY
          0 -0.00122598 -0.00893305   0.0135523
 0.00122598           0 -0.00107107  0.00437378
 0.00893305  0.00107107           0 -0.00242144
 -0.0135523 -0.00437378  0.00242144           0
EndNode1[0]<--->Repeater1[0]
REAL
    0.351009   0.00622776  -0.00698872     0.183402
  0.00622776     0.145827 -0.000424154    0.0149958
 -0.00698872 -0.000424154     0.169027   0.00622776
    0.183402    0.0149958   0.00622776     0.334137
IMAGINARY
          0  0.00202603  0.00595909  0.00957767
-0.00202603           0 -0.00344545  0.00698639
-0.00595909  0.00344545           0  -0.0155807
-0.00957767 -0.00698639   0.0155807           0
EndNode2[0]<--->HoM1[0]
REAL
   0.340251 -0.00472474   -0.001921    0.185179
-0.00472474     0.15931  0.00307014  0.00461884
  -0.001921  0.00307014    0.157556 -0.00396831
   0.185179  0.00461884 -0.00396831    0.342882
IMAGINARY
           0   0.00668957  -0.00318454   0.00739558
 -0.00668957            0  -0.00816269   0.00303215
  0.00318454   0.00816269            0  0.000472877
 -0.00739558  -0.00303215 -0.000472877            0
Repeater1[0]<--->EndNode1[0]
REAL
    0.351009  -0.00698872   0.00622776     0.183402
 -0.00698872     0.169027 -0.000424154   0.00622776
  0.00622776 -0.000424154     0.145827    0.0149958
    0.183402   0.00622776    0.0149958     0.334137
IMAGINARY
          0  0.00595909  0.00202603  0.00957767
-0.00595909           0  0.00344545  -0.0155807
-0.00202603 -0.00344545           0  0.00698639
-0.00957767   0.0155807 -0.00698639           0
Repeater1[0]<--->HoM1[0]
REAL
   0.340251   -0.001921 -0.00472474    0.185179
  -0.001921    0.157556  0.00307014 -0.00396831
-0.00472474  0.00307014     0.15931  0.00461884
   0.185179 -0.00396831  0.00461884    0.342882
IMAGINARY
           0  -0.00318454   0.00668957   0.00739558
  0.00318454            0   0.00816269  0.000472877
 -0.00668957  -0.00816269            0   0.00303215
 -0.00739558 -0.000472877  -0.00303215            0
EndNode1[0]<--->Repeater1[0]
REAL
   0.354751   0.0039468 -0.00541753    0.186234
  0.0039468    0.151131   -0.004837 -0.00787002
-0.00541753   -0.004837    0.153846 -0.00857504
   0.186234 -0.00787002 -0.00857504    0.340271
IMAGINARY
           0  -0.00335768   0.00664035  -0.00337434
  0.00335768            0  0.000508577   0.00377632
 -0.00664035 -0.000508577            0   0.00603626
  0.00337434  -0.00377632  -0.00603626            0
EndNode2[0]<--->HoM1[0]
REAL
  0.351542  0.0108529 0.00616694   0.188177
 0.0108529   0.160646  0.0030487  0.0117175
0.00616694  0.0030487   0.161233  0.0149802
  0.188177  0.0117175  0.0149802   0.326579
IMAGINARY
          0    0.007403 -0.00184372 -0.00576872
  -0.007403           0  0.00343009 -0.00274625
 0.00184372 -0.00343009           0  0.00361291
 0.00576872  0.00274625 -0.00361291           0
Repeater1[0]<--->EndNode1[0]
REAL
   0.354751 -0.00541753   0.0039468    0.186234
-0.00541753    0.153846   -0.004837 -0.00857504
  0.0039468   -0.004837    0.151131 -0.00787002
   0.186234 -0.00857504 -0.00787002    0.340271
IMAGINARY
           0   0.00664035  -0.00335768  -0.00337434
 -0.00664035            0 -0.000508577   0.00603626
  0.00335768  0.000508577            0   0.00377632
  0.00337434  -0.00603626  -0.00377632            0
Repeater1[0]<--->HoM1[0]
REAL
  0.351542 0.00616694  0.0108529   0.188177
0.00616694   0.161233  0.0030487  0.0149802
 0.0108529  0.0030487   0.160646  0.0117175
  0.188177  0.0149802  0.0117175   0.326579
IMAGINARY
          0 -0.00184372    0.007403 -0.00576872
 0.00184372           0 -0.00343009  0.00361291
  -0.007403  0.00343009           0 -0.00274625
 0.00576872 -0.00361291  0.00274625           0
EndNode1[0]<--->Repeater1[0]
REAL
   0.342059 -0.00391203  0.00465514    0.179316
-0.00391203    0.151471 -0.00909002 -0.00221463
 0.00465514 -0.00909002       0.155  0.00238671
   0.179316 -0.00221463  0.00238671    0.351471
IMAGINARY
           0 -0.000716765    0.0191284   0.00765441
 0.000716765            0 -0.000386089    0.0101591
  -0.0191284  0.000386089            0  -0.00441608
 -0.00765441   -0.0101591   0.00441608            0
EndNode2[0]<--->HoM1[0]
REAL
   0.341684 -0.00153956 -0.00573981     0.18386
-0.00153956      0.1639 -0.00319499  0.00241655
-0.00573981 -0.00319499    0.156052 -0.00571119
    0.18386  0.00241655 -0.00571119    0.338364
IMAGINARY
          0 -0.00580974 -3.1442e-05 -0.00268502
 0.00580974           0  0.00193495  0.00478204
 3.1442e-05 -0.00193495           0  -0.0114112
 0.00268502 -0.00478204   0.0114112           0
Repeater1[0]<--->EndNode1[0]
REAL
   0.342059  0.00465514 -0.00391203    0.179316
 0.00465514       0.155 -0.00909002  0.00238671
-0.00391203 -0.00909002    0.151471 -0.00221463
   0.179316  0.00238671 -0.00221463    0.351471
IMAGINARY
           0    0.0191284 -0.000716765   0.00765441
  -0.0191284            0  0.000386089  -0.00441608
 0.000716765 -0.000386089            0    0.0101591
 -0.00765441   0.00441608   -0.0101591            0
Repeater1[0]<--->HoM1[0]
REAL
   0.341684 -0.00573981 -0.00153956     0.18386
-0.00573981    0.156052 -0.00319499 -0.00571119
-0.00153956 -0.00319499      0.1639  0.00241655
    0.18386 -0.00571119  0.00241655    0.338364
IMAGINARY
          0 -3.1442e-05 -0.00580974 -0.00268502
 3.1442e-05           0 -0.00193495  -0.0114112
 0.00580974  0.00193495           0  0.00478204
 0.00268502   0.0114112 -0.00478204           0
EndNode1[0]<--->Repeater1[0]
REAL
    0.338943  -0.00489486  -0.00542999     0.175042
 -0.00489486     0.148509   0.00404067 -0.000529485
 -0.00542999   0.00404067     0.165338 -0.000170692
    0.175042 -0.000529485 -0.000170692      0.34721
IMAGINARY
           0  0.000358937    0.0011779    0.0105833
-0.000358937            0   0.00172025  -0.00374821
  -0.0011779  -0.00172025            0    0.0040257
  -0.0105833   0.00374821   -0.0040257            0
EndNode2[0]<--->HoM1[0]
REAL
   0.345671  -0.0002872  0.00655164     0.18362
 -0.0002872     0.16123 -0.00397415  0.00731267
 0.00655164 -0.00397415    0.151192   0.0023521
    0.18362  0.00731267   0.0023521    0.341907
IMAGINARY
           0    0.0121681   -0.0127142  -0.00714927
  -0.0121681            0 -0.000353736   0.00139515
   0.0127142  0.000353736            0   0.00548959
  0.00714927  -0.00139515  -0.00548959            0
Repeater1[0]<--->EndNode1[0]
REAL
    0.338943  -0.00542999  -0.00489486     0.175042
 -0.00542999     0.165338   0.00404067 -0.000170692
 -0.00489486   0.00404067     0.148509 -0.000529485
    0.175042 -0.000170692 -0.000529485      0.34721
IMAGINARY
           0    0.0011779  0.000358937    0.0105833
  -0.0011779            0  -0.00172025    0.0040257
-0.000358937   0.00172025            0  -0.00374821
  -0.0105833   -0.0040257   0.00374821            0
Repeater1[0]<--->HoM1[0]
REAL
   0.345671  0.00655164  -0.0002872     0.18362
 0.00655164    0.151192 -0.00397415   0.0023521
 -0.0002872 -0.00397415     0.16123  0.00731267
    0.18362   0.0023521  0.00731267    0.341907
IMAGINARY
           0   -0.0127142    0.0121681  -0.00714927
   0.0127142            0  0.000353736   0.00548959
  -0.0121681 -0.000353736            0   0.00139515
  0.00714927  -0.00548959  -0.00139515            0
EndNode1[0]<--->Repeater1[0]
REAL
   0.352323  0.00340716 -0.00836854    0.191685
 0.00340716    0.164476  0.00627805 -0.00417943
-0.00836854  0.00627805    0.147239 -0.00503101
   0.191685 -0.00417943 -0.00503101    0.335963
IMAGINARY
          0 -0.00194577   0.0122933 -0.00078596
 0.00194577           0   0.0176779  0.00684541
 -0.0122933  -0.0176779           0 -0.00164274
 0.00078596 -0.00684541  0.00164274           0
EndNode2[0]<--->HoM1[0]
REAL
   0.347442  -0.0114177  0.00147025    0.190493
 -0.0114177    0.158648 -0.00267837 -0.00369379
 0.00147025 -0.00267837    0.164434 0.000596506
   0.190493 -0.00369379 0.000596506    0.329476
IMAGINARY
           0     0.011274 -0.000972267   0.00534671
   -0.011274            0  -0.00742756  0.000233278
 0.000972267   0.00742756            0   0.00306235
 -0.00534671 -0.000233278  -0.00306235            0
Repeater1[0]<--->EndNode1[0]
REAL
   0.352323 -0.00836854  0.00340716    0.191685
-0.00836854    0.147239  0.00627805 -0.00503101
 0.00340716  0.00627805    0.164476 -0.00417943
   0.191685 -0.00503101 -0.00417943    0.335963
IMAGINARY
          0   0.0122933 -0.00194577 -0.00078596
 -0.0122933           0  -0.0176779 -0.00164274
 0.00194577   0.0176779           0  0.00684541
 0.00078596  0.00164274 -0.00684541           0
Repeater1[0]<--->HoM1[0]
REAL
   0.347442  0.00147025  -0.0114177    0.190493
 0.00147025    0.164434 -0.00267837 0.000596506
 -0.0114177 -0.00267837    0.158648 -0.00369379
   0.190493 0.000596506 -0.00369379    0.329476
IMAGINARY
           0 -0.000972267     0.011274   0.00534671
 0.000972267            0   0.00742756   0.00306235
   -0.011274  -0.00742756            0  0.000233278
 -0.00534671  -0.00306235 -0.000233278            0
EndNode1[0]<--->Repeater1[0]
REAL
   0.347503  0.00668998  -0.0147413    0.179237
 0.00668998    0.157253 0.000109708 -0.00591253
 -0.0147413 0.000109708    0.150119  0.00623721
   0.179237 -0.00591253  0.00623721    0.345125
IMAGINARY
           0 -0.000714472  -0.00189817  -0.00352391
 0.000714472            0   0.00245586  -0.00587695
  0.00189817  -0.00245586            0   0.00400395
  0.00352391   0.00587695  -0.00400395            0
EndNode2[0]<--->HoM1[0]
REAL
    0.339392   0.00672618    0.0035182     0.187554
  0.00672618     0.152861 -0.000240913  -0.00262053
   0.0035182 -0.000240913     0.161204   0.00823493
    0.187554  -0.00262053   0.00823493     0.346544
IMAGINARY
           0 -0.000485846    0.0047931   0.00323579
 0.000485846            0     0.011589 -0.000370932
  -0.0047931    -0.011589            0       -0.006
 -0.00323579  0.000370932        0.006            0
Repeater1[0]<--->EndNode1[0]
REAL
   0.347503  -0.0147413  0.00668998    0.179237
 -0.0147413    0.150119 0.000109708  0.00623721
 0.00668998 0.000109708    0.157253 -0.00591253
   0.179237  0.00623721 -0.00591253    0.345125
IMAGINARY
           0  -0.00189817 -0.000714472  -0.00352391
  0.00189817            0  -0.00245586   0.00400395
 0.000714472   0.00245586            0  -0.00587695
  0.00352391  -0.00400395   0.00587695            0
Repeater1[0]<--->HoM1[0]
REAL
    0.339392    0.0035182   0.00672618     0.187554
   0.0035182     0.161204 -0.000240913   0.00823493
  0.00672618 -0.000240913     0.152861  -0.00262053
    0.187554   0.00823493  -0.00262053     0.346544
IMAGINARY
           0    0.0047931 -0.000485846   0.00323579
  -0.0047931            0    -0.011589       -0.006
 0.000485846     0.011589            0 -0.000370932
 -0.00323579        0.006  0.000370932            0
EndNode1[0]<--->Repeater1[0]
REAL
   0.335171 -0.00186257   -0.010507    0.181291
-0.00186257    0.141323  0.00630552 -0.00472843
  -0.010507  0.00630552    0.175276 0.000477526
   0.181291 -0.00472843 0.000477526     0.34823
IMAGINARY
          0 -0.00856755  0.00123099 -0.00234042
 0.00856755           0 -0.00520619  0.00500787
-0.00123099  0.00520619           0  0.00351704
 0.00234042 -0.00500787 -0.00351704           0
EndNode2[0]<--->HoM1[0]
REAL
   0.333842  0.00150721  0.00549666    0.182793
 0.00150721    0.158682  0.00516121 -0.00277269
 0.00549666  0.00516121    0.152273 0.000914094
   0.182793 -0.00277269 0.000914094    0.355203
IMAGINARY
          0 -0.00531483  0.00928542  0.00165919
 0.00531483           0  0.00778042  0.00207821
-0.00928542 -0.00778042           0 -0.00425455
-0.00165919 -0.00207821  0.00425455           0
Repeater1[0]<--->EndNode1[0]
REAL
   0.335171   -0.010507 -0.00186257    0.181291
  -0.010507    0.175276  0.00630552 0.000477526
-0.00186257  0.00630552    0.141323 -0.00472843
   0.181291 0.000477526 -0.00472843     0.34823
IMAGINARY
          0  0.00123099 -0.00856755 -0.00234042
-0.00123099           0  0.00520619  0.00351704
 0.00856755 -0.00520619           0  0.00500787
 0.00234042 -0.00351704 -0.00500787           0
Repeater1[0]<--->HoM1[0]
REAL
   0.333842  0.00549666  0.00150721    0.182793
 0.00549666    0.152273  0.00516121 0.000914094
 0.00150721  0.00516121    0.158682 -0.00277269
   0.182793 0.000914094 -0.00277269    0.355203
IMAGINARY
          0  0.00928542 -0.00531483  0.00165919
-0.00928542           0 -0.00778042 -0.00425455
 0.00531483  0.00778042           0  0.00207821
-0.00165919  0.00425455 -0.00207821           0
EndNode1[0]<--->Repeater1[0]
REAL
    0.368788    0.0022694   -0.0012543     0.186135
   0.0022694     0.153636 -0.000681794   0.00612299
  -0.0012543 -0.000681794     0.145455   -0.0038923
    0.186135   0.00612299   -0.0038923     0.332121
IMAGINARY
           0  -0.00833066  0.000759417  -0.00320326
  0.00833066            0   0.00174723  -0.00167072
-0.000759417  -0.00174723            0 -0.000782346
  0.00320326   0.00167072  0.000782346            0
EndNode2[0]<--->HoM1[0]
REAL
   0.349462  0.00797135 -0.00823156    0.188488
 0.00797135    0.149044  -0.0013102 -0.00252928
-0.00823156  -0.0013102    0.165472 0.000667634
   0.188488 -0.00252928 0.000667634    0.336022
IMAGINARY
          0  0.00727699  0.00444831 -0.00472852
-0.00727699           0  0.00350677  0.00415193
-0.00444831 -0.00350677           0 -0.00282859
 0.00472852 -0.00415193  0.00282859           0
Repeater1[0]<--->EndNode1[0]
REAL
    0.368788   -0.0012543    0.0022694     0.186135
  -0.0012543     0.145455 -0.000681794   -0.0038923
   0.0022694 -0.000681794     0.153636   0.00612299
    0.186135   -0.0038923   0.00612299     0.332121
IMAGINARY
           0  0.000759417  -0.00833066  -0.00320326
-0.000759417            0  -0.00174723 -0.000782346
  0.00833066   0.00174723            0  -0.00167072
  0.00320326  0.000782346   0.00167072            0
Repeater1[0]<--->HoM1[0]
REAL
   0.349462 -0.00823156  0.00797135    0.188488
-0.00823156    0.165472  -0.0013102 0.000667634
 0.00797135  -0.0013102    0.149044 -0.00252928
