EndNode1[0]<--->Repeater1[0]
REAL
   0.40367  0.0258047 0.00692118    0.32168
 0.0258047  0.0733945  0.0179422 -0.0257891
0.00692118  0.0179422   0.100917 -0.0918424
   0.32168 -0.0257891 -0.0918424   0.422018
IMAGINARY
          0  -0.0416881  -0.0180485   0.0581516
  0.0416881           0  0.00259605   0.0507588
  0.0180485 -0.00259605           0  -0.0377511
 -0.0581516  -0.0507588   0.0377511           0
EndNode2[0]<--->HoM1[0]
REAL
   0.398148  0.00818584 0.000857865    0.337358
 0.00818584   0.0648148 -0.00549937    0.021266
0.000857865 -0.00549937   0.0833333   0.0581858
   0.337358    0.021266   0.0581858    0.453704
IMAGINARY
          0   0.0416667  -0.0215839  -0.0351043
 -0.0416667           0  -0.0403674  0.00015528
  0.0215839   0.0403674           0  -0.0202381
  0.0351043 -0.00015528   0.0202381           0
Repeater1[0]<--->EndNode1[0]
REAL
   0.40367 0.00692118  0.0258047    0.32168
0.00692118   0.100917  0.0179422 -0.0918424
 0.0258047  0.0179422  0.0733945 -0.0257891
   0.32168 -0.0918424 -0.0257891   0.422018
IMAGINARY
          0  -0.0180485  -0.0416881   0.0581516
  0.0180485           0 -0.00259605  -0.0377511
  0.0416881  0.00259605           0   0.0507588
 -0.0581516   0.0377511  -0.0507588           0
Repeater1[0]<--->HoM1[0]
REAL
   0.398148 0.000857865  0.00818584    0.337358
0.000857865   0.0833333 -0.00549937   0.0581858
 0.00818584 -0.00549937   0.0648148    0.021266
   0.337358   0.0581858    0.021266    0.453704
IMAGINARY
          0  -0.0215839   0.0416667  -0.0351043
  0.0215839           0   0.0403674  -0.0202381
 -0.0416667  -0.0403674           0  0.00015528
  0.0351043   0.0202381 -0.00015528           0
EndNode1[0]<--->Repeater1[0]
REAL
  0.491667   0.023913  -0.019148   0.296627
  0.023913  0.0583333  0.0207646 0.00610452
 -0.019148  0.0207646       0.05   0.023913
  0.296627 0.00610452   0.023913        0.4
IMAGINARY
          0  -0.0586582  -0.0425921  -0.0115644
  0.0586582           0  0.00194906     0.01673
  0.0425921 -0.00194906           0   0.0500375
  0.0115644    -0.01673  -0.0500375           0
EndNode2[0]<--->HoM1[0]
REAL
    0.343434 -0.000332557    0.0498986     0.309934
-0.000332557    0.0707071   -0.0264292    0.0171117
   0.0498986   -0.0264292     0.111111    0.0157965
    0.309934    0.0171117    0.0157965     0.474747
IMAGINARY
         0  0.0117716  0.0119835  -0.042725
-0.0117716          0 -0.0138788 -0.0665289
-0.0119835  0.0138788          0  0.0245921
  0.042725  0.0665289 -0.0245921          0
Repeater1[0]<--->EndNode1[0]
REAL
  0.491667  -0.019148   0.023913   0.296627
 -0.019148       0.05  0.0207646   0.023913
  0.023913  0.0207646  0.0583333 0.00610452
  0.296627   0.023913 0.00610452        0.4
IMAGINARY
          0  -0.0425921  -0.0586582  -0.0115644
  0.0425921           0 -0.00194906   0.0500375
  0.0586582  0.00194906           0     0.01673
  0.0115644  -0.0500375    -0.01673           0
Repeater1[0]<--->HoM1[0]
REAL
    0.343434    0.0498986 -0.000332557     0.309934
   0.0498986     0.111111   -0.0264292    0.0157965
-0.000332557   -0.0264292    0.0707071    0.0171117
    0.309934    0.0157965    0.0171117     0.474747
IMAGINARY
         0  0.0119835  0.0117716  -0.042725
-0.0119835          0  0.0138788  0.0245921
-0.0117716 -0.0138788          0 -0.0665289
  0.042725 -0.0245921  0.0665289          0
EndNode1[0]<--->Repeater1[0]
REAL
   0.373737   0.0805455  -0.0399266    0.318891
  0.0805455    0.141414 -0.00289109   0.0839266
 -0.0399266 -0.00289109   0.0505051  -0.0285455
   0.318891   0.0839266  -0.0285455    0.434343
IMAGINARY
          0 -0.00959966   0.0132905   0.0261705
 0.00959966           0  0.00480296   -0.018241
 -0.0132905 -0.00480296           0 -0.00525183
 -0.0261705    0.018241  0.00525183           0
EndNode2[0]<--->HoM1[0]
REAL
    0.408163 -0.000994695  -0.00673976     0.317165
-0.000994695     0.112245   0.00975783    0.0259705
 -0.00673976   0.00975783    0.0714286   -0.0182361
    0.317165    0.0259705   -0.0182361     0.408163
IMAGINARY
          0  -0.0755078   0.0677939  -0.0115616
  0.0755078           0    0.056006  0.00257649
 -0.0677939   -0.056006           0   0.0051374
  0.0115616 -0.00257649  -0.0051374           0
Repeater1[0]<--->EndNode1[0]
REAL
   0.373737  -0.0399266   0.0805455    0.318891
 -0.0399266   0.0505051 -0.00289109  -0.0285455
  0.0805455 -0.00289109    0.141414   0.0839266
   0.318891  -0.0285455   0.0839266    0.434343
IMAGINARY
          0   0.0132905 -0.00959966   0.0261705
 -0.0132905           0 -0.00480296 -0.00525183
 0.00959966  0.00480296           0   -0.018241
 -0.0261705  0.00525183    0.018241           0
Repeater1[0]<--->HoM1[0]
REAL
    0.408163  -0.00673976 -0.000994695     0.317165
 -0.00673976    0.0714286   0.00975783   -0.0182361
-0.000994695   0.00975783     0.112245    0.0259705
    0.317165   -0.0182361    0.0259705     0.408163
IMAGINARY
          0   0.0677939  -0.0755078  -0.0115616
 -0.0677939           0   -0.056006   0.0051374
  0.0755078    0.056006           0  0.00257649
  0.0115616  -0.0051374 -0.00257649           0
EndNode1[0]<--->Repeater1[0]
REAL
  0.378947 -0.0327869 -0.0281573   0.287032
-0.0327869  0.0421053 -0.0165398 -0.0374165
-0.0281573 -0.0165398  0.0842105 -0.0327869
  0.287032 -0.0374165 -0.0327869   0.494737
IMAGINARY
          0   0.0580357  -0.0330882   0.0192308
 -0.0580357           0  0.00961538  -0.0204832
  0.0330882 -0.00961538           0 -0.00446429
 -0.0192308   0.0204832  0.00446429           0
EndNode2[0]<--->HoM1[0]
REAL
   0.393443   0.0746734   0.0331814    0.311765
  0.0746734   0.0901639  -0.0117647 -0.00937183
  0.0331814  -0.0117647   0.0819672   0.0348504
   0.311765 -0.00937183   0.0348504    0.434426
IMAGINARY
          0   0.0181224   0.0170379  -0.0644577
 -0.0181224           0 -0.00800608 -0.00723396
 -0.0170379  0.00800608           0  -0.0475342
  0.0644577  0.00723396   0.0475342           0
Repeater1[0]<--->EndNode1[0]
REAL
  0.378947 -0.0281573 -0.0327869   0.287032
-0.0281573  0.0842105 -0.0165398 -0.0327869
-0.0327869 -0.0165398  0.0421053 -0.0374165
  0.287032 -0.0327869 -0.0374165   0.494737
IMAGINARY
          0  -0.0330882   0.0580357   0.0192308
  0.0330882           0 -0.00961538 -0.00446429
 -0.0580357  0.00961538           0  -0.0204832
 -0.0192308  0.00446429   0.0204832           0
Repeater1[0]<--->HoM1[0]
REAL
   0.393443   0.0331814   0.0746734    0.311765
  0.0331814   0.0819672  -0.0117647   0.0348504
  0.0746734  -0.0117647   0.0901639 -0.00937183
   0.311765   0.0348504 -0.00937183    0.434426
IMAGINARY
          0   0.0170379   0.0181224  -0.0644577
 -0.0170379           0  0.00800608  -0.0475342
 -0.0181224 -0.00800608           0 -0.00723396
  0.0644577   0.0475342  0.00723396           0
EndNode1[0]<--->Repeater1[0]
REAL
    0.37234 -0.00487013  -0.0165043    0.318878
-0.00487013    0.106383  0.00255102   0.0403139
 -0.0165043  0.00255102   0.0531915   0.0405844
   0.318878   0.0403139   0.0405844    0.468085
IMAGINARY
          0   0.0304644   -0.012987 -0.00123377
 -0.0304644           0  -0.0312338  -0.0584416
   0.012987   0.0312338           0  -0.0202603
 0.00123377   0.0584416   0.0202603           0
EndNode2[0]<--->HoM1[0]
REAL
  0.367521  0.0109011 -0.0240996   0.334085
 0.0109011  0.0854701 -0.0374747 0.00715042
-0.0240996 -0.0374747  0.0683761 -0.0617485
  0.334085 0.00715042 -0.0617485   0.478632
IMAGINARY
          0   0.0416373  -0.0189813  -0.0144724
 -0.0416373           0 -0.00979947   0.0327428
  0.0189813  0.00979947           0  -0.0737474
  0.0144724  -0.0327428   0.0737474           0
Repeater1[0]<--->EndNode1[0]
REAL
    0.37234  -0.0165043 -0.00487013    0.318878
 -0.0165043   0.0531915  0.00255102   0.0405844
-0.00487013  0.00255102    0.106383   0.0403139
   0.318878   0.0405844   0.0403139    0.468085
IMAGINARY
          0   -0.012987   0.0304644 -0.00123377
   0.012987           0   0.0312338  -0.0202603
 -0.0304644  -0.0312338           0  -0.0584416
 0.00123377   0.0202603   0.0584416           0
Repeater1[0]<--->HoM1[0]
REAL
  0.367521 -0.0240996  0.0109011   0.334085
-0.0240996  0.0683761 -0.0374747 -0.0617485
 0.0109011 -0.0374747  0.0854701 0.00715042
  0.334085 -0.0617485 0.00715042   0.478632
IMAGINARY
          0  -0.0189813   0.0416373  -0.0144724
  0.0189813           0  0.00979947  -0.0737474
 -0.0416373 -0.00979947           0   0.0327428
  0.0144724   0.0737474  -0.0327428           0
