EndNode1[0]<--->Repeater1[0]
REAL
     0.32879   0.00761734 -0.000463822     0.201016
  0.00761734     0.163543  -0.00497297  0.000463822
-0.000463822  -0.00497297     0.144804  -0.00222166
    0.201016  0.000463822  -0.00222166     0.362862
IMAGINARY
          0   0.0285246  -0.0191821   0.0309814
 -0.0285246           0 -0.00189053 -0.00531885
  0.0191821  0.00189053           0 -0.00765348
 -0.0309814  0.00531885  0.00765348           0
EndNode2[0]<--->HoM1[0]
REAL
   0.358524  -0.0058591 -0.00296796    0.213484
 -0.0058591    0.179262  0.00029074   0.0110181
-0.00296796  0.00029074     0.14587   0.0103314
   0.213484   0.0110181   0.0103314    0.316344
IMAGINARY
          0 -0.00548809  -0.0109311  0.00206641
 0.00548809           0     0.02157 -0.00149717
  0.0109311    -0.02157           0  0.00262002
-0.00206641  0.00149717 -0.00262002           0
Repeater1[0]<--->EndNode1[0]
REAL
     0.32879 -0.000463822   0.00761734     0.201016
-0.000463822     0.144804  -0.00497297  -0.00222166
  0.00761734  -0.00497297     0.163543  0.000463822
    0.201016  -0.00222166  0.000463822     0.362862
IMAGINARY
          0  -0.0191821   0.0285246   0.0309814
  0.0191821           0  0.00189053 -0.00765348
 -0.0285246 -0.00189053           0 -0.00531885
 -0.0309814  0.00765348  0.00531885           0
Repeater1[0]<--->HoM1[0]
REAL
   0.358524 -0.00296796  -0.0058591    0.213484
-0.00296796     0.14587  0.00029074   0.0103314
 -0.0058591  0.00029074    0.179262   0.0110181
   0.213484   0.0103314   0.0110181    0.316344
IMAGINARY
          0  -0.0109311 -0.00548809  0.00206641
  0.0109311           0    -0.02157  0.00262002
 0.00548809     0.02157           0 -0.00149717
-0.00206641 -0.00262002  0.00149717           0
EndNode1[0]<--->Repeater1[0]
REAL
   0.331481  0.00609544 -0.00770827    0.180318
 0.00609544    0.155556  -0.0153345   0.0110753
-0.00770827  -0.0153345    0.142593  -0.0111459
   0.180318   0.0110753  -0.0111459     0.37037
IMAGINARY
           0   -0.0209051   -0.0147215    0.0231775
   0.0209051            0  -0.00698703  0.000228706
   0.0147215   0.00698703            0    0.0281515
  -0.0231775 -0.000228706   -0.0281515            0
EndNode2[0]<--->HoM1[0]
REAL
   0.323214 0.000851127  -0.0195736      0.1718
0.000851127    0.155357  0.00387557  -0.0137597
 -0.0195736  0.00387557    0.153571  0.00545518
     0.1718  -0.0137597  0.00545518    0.367857
IMAGINARY
          0 -0.00757523   0.0251529   0.0102389
 0.00757523           0   0.0290102  0.00126215
 -0.0251529  -0.0290102           0  -0.0112927
 -0.0102389 -0.00126215   0.0112927           0
Repeater1[0]<--->EndNode1[0]
REAL
   0.331481 -0.00770827  0.00609544    0.180318
-0.00770827    0.142593  -0.0153345  -0.0111459
 0.00609544  -0.0153345    0.155556   0.0110753
   0.180318  -0.0111459   0.0110753     0.37037
IMAGINARY
           0   -0.0147215   -0.0209051    0.0231775
   0.0147215            0   0.00698703    0.0281515
   0.0209051  -0.00698703            0  0.000228706
  -0.0231775   -0.0281515 -0.000228706            0
Repeater1[0]<--->HoM1[0]
REAL
   0.323214  -0.0195736 0.000851127      0.1718
 -0.0195736    0.153571  0.00387557  0.00545518
0.000851127  0.00387557    0.155357  -0.0137597
     0.1718  0.00545518  -0.0137597    0.367857
IMAGINARY
          0   0.0251529 -0.00757523   0.0102389
 -0.0251529           0  -0.0290102  -0.0112927
 0.00757523   0.0290102           0  0.00126215
 -0.0102389   0.0112927 -0.00126215           0
EndNode1[0]<--->Repeater1[0]
REAL
  0.345656  0.0174485  0.0204369    0.17171
 0.0174485   0.138632 0.00625578 -0.0119624
 0.0204369 0.00625578   0.181146 -0.0296896
   0.17171 -0.0119624 -0.0296896   0.334566
IMAGINARY
          0   0.0117645  -0.0159994  0.00188914
 -0.0117645           0  0.00100104  -0.0185461
  0.0159994 -0.00100104           0   0.0191446
-0.00188914   0.0185461  -0.0191446           0
EndNode2[0]<--->HoM1[0]
REAL
   0.373665  -0.0131902   0.0153253    0.170142
 -0.0131902    0.154804 -0.00111495 -0.00736071
  0.0153253 -0.00111495    0.186833    0.037084
   0.170142 -0.00736071    0.037084    0.284698
IMAGINARY
          0 -0.00327055  0.00532415  -0.0053037
 0.00327055           0  0.00356154  -0.0337235
-0.00532415 -0.00356154           0    0.012737
  0.0053037   0.0337235   -0.012737           0
Repeater1[0]<--->EndNode1[0]
REAL
  0.345656  0.0204369  0.0174485    0.17171
 0.0204369   0.181146 0.00625578 -0.0296896
 0.0174485 0.00625578   0.138632 -0.0119624
   0.17171 -0.0296896 -0.0119624   0.334566
IMAGINARY
          0  -0.0159994   0.0117645  0.00188914
  0.0159994           0 -0.00100104   0.0191446
 -0.0117645  0.00100104           0  -0.0185461
-0.00188914  -0.0191446   0.0185461           0
Repeater1[0]<--->HoM1[0]
REAL
   0.373665   0.0153253  -0.0131902    0.170142
  0.0153253    0.186833 -0.00111495    0.037084
 -0.0131902 -0.00111495    0.154804 -0.00736071
   0.170142    0.037084 -0.00736071    0.284698
IMAGINARY
          0  0.00532415 -0.00327055  -0.0053037
-0.00532415           0 -0.00356154    0.012737
 0.00327055  0.00356154           0  -0.0337235
  0.0053037   -0.012737   0.0337235           0
