EndNode1[0]<--->Repeater1[0]
REAL
    0.43705   0.0266738  -0.0100758    0.340893
  0.0266738   0.0773381   0.0184291 -0.00178856
 -0.0100758   0.0184291   0.0899281 -0.00972466
   0.340893 -0.00178856 -0.00972466    0.395683
IMAGINARY
          0  -0.0116546 -0.00427968 -0.00352205
  0.0116546           0 -0.00956696   0.0278304
 0.00427968  0.00956696           0  -0.0227657
 0.00352205  -0.0278304   0.0227657           0
EndNode2[0]<--->HoM1[0]
REAL
        0.4  -0.0247036  -0.0356805    0.317332
 -0.0247036   0.0962264  0.00662449  0.00210514
 -0.0356805  0.00662449   0.0943396 -0.00342704
   0.317332  0.00210514 -0.00342704    0.409434
IMAGINARY
          0 -0.00149112  -0.0316776  0.00261875
 0.00149112           0  0.00168417  0.00586502
  0.0316776 -0.00168417           0   0.0100953
-0.00261875 -0.00586502  -0.0100953           0
Repeater1[0]<--->EndNode1[0]
REAL
    0.43705  -0.0100758   0.0266738    0.340893
 -0.0100758   0.0899281   0.0184291 -0.00972466
  0.0266738   0.0184291   0.0773381 -0.00178856
   0.340893 -0.00972466 -0.00178856    0.395683
IMAGINARY
          0 -0.00427968  -0.0116546 -0.00352205
 0.00427968           0  0.00956696  -0.0227657
  0.0116546 -0.00956696           0   0.0278304
 0.00352205   0.0227657  -0.0278304           0
Repeater1[0]<--->HoM1[0]
REAL
        0.4  -0.0356805  -0.0247036    0.317332
 -0.0356805   0.0943396  0.00662449 -0.00342704
 -0.0247036  0.00662449   0.0962264  0.00210514
   0.317332 -0.00342704  0.00210514    0.409434
IMAGINARY
          0  -0.0316776 -0.00149112  0.00261875
  0.0316776           0 -0.00168417   0.0100953
 0.00149112  0.00168417           0  0.00586502
-0.00261875  -0.0100953 -0.00586502           0
EndNode1[0]<--->Repeater1[0]
REAL
   0.412313  -0.0358369  -0.0150228    0.332237
 -0.0358369   0.0839552 -0.00197843  -0.0292577
 -0.0150228 -0.00197843   0.0914179 -0.00475346
   0.332237  -0.0292577 -0.00475346    0.412313
IMAGINARY
          0  -0.0290576   0.0094313  -0.0153644
  0.0290576           0  0.00144975   0.0284876
 -0.0094313 -0.00144975           0  -0.0229706
  0.0153644  -0.0284876   0.0229706           0
EndNode2[0]<--->HoM1[0]
REAL
  0.418692  0.0161486 0.00797042   0.343272
 0.0161486   0.071028  0.0138709  0.0176706
0.00797042  0.0138709  0.0766355  0.0204814
  0.343272  0.0176706  0.0204814   0.433645
IMAGINARY
          0 -0.00738965   -0.010015   0.0286481
 0.00738965           0  -0.0061567  0.00729268
   0.010015   0.0061567           0  0.00285244
 -0.0286481 -0.00729268 -0.00285244           0
Repeater1[0]<--->EndNode1[0]
REAL
   0.412313  -0.0150228  -0.0358369    0.332237
 -0.0150228   0.0914179 -0.00197843 -0.00475346
 -0.0358369 -0.00197843   0.0839552  -0.0292577
   0.332237 -0.00475346  -0.0292577    0.412313
IMAGINARY
          0   0.0094313  -0.0290576  -0.0153644
 -0.0094313           0 -0.00144975  -0.0229706
  0.0290576  0.00144975           0   0.0284876
  0.0153644   0.0229706  -0.0284876           0
Repeater1[0]<--->HoM1[0]
REAL
  0.418692 0.00797042  0.0161486   0.343272
0.00797042  0.0766355  0.0138709  0.0204814
 0.0161486  0.0138709   0.071028  0.0176706
  0.343272  0.0204814  0.0176706   0.433645
IMAGINARY
          0   -0.010015 -0.00738965   0.0286481
   0.010015           0   0.0061567  0.00285244
 0.00738965  -0.0061567           0  0.00729268
 -0.0286481 -0.00285244 -0.00729268           0
EndNode1[0]<--->Repeater1[0]
REAL
   0.436293  -0.0149069 -0.00483158    0.347884
 -0.0149069   0.0714286 -0.00689501  0.00129801
-0.00483158 -0.00689501   0.0694981 0.000772583
   0.347884  0.00129801 0.000772583     0.42278
IMAGINARY
          0  0.00556577 -0.00644754   0.0237851
-0.00556577           0  0.00679045 -0.00458187
 0.00644754 -0.00679045           0  0.00730188
 -0.0237851  0.00458187 -0.00730188           0
EndNode2[0]<--->HoM1[0]
REAL
   0.428819 -0.00628046   0.0197678    0.329296
-0.00628046   0.0711806  -0.0159872  0.00703439
  0.0197678  -0.0159872   0.0920139   0.0164468
   0.329296  0.00703439   0.0164468    0.407986
IMAGINARY
           0 -0.000190087     0.014709   -0.0147764
 0.000190087            0  -0.00486647    0.0230269
   -0.014709   0.00486647            0   -0.0337722
   0.0147764   -0.0230269    0.0337722            0
Repeater1[0]<--->EndNode1[0]
REAL
   0.436293 -0.00483158  -0.0149069    0.347884
-0.00483158   0.0694981 -0.00689501 0.000772583
 -0.0149069 -0.00689501   0.0714286  0.00129801
   0.347884 0.000772583  0.00129801     0.42278
IMAGINARY
          0 -0.00644754  0.00556577   0.0237851
 0.00644754           0 -0.00679045  0.00730188
-0.00556577  0.00679045           0 -0.00458187
 -0.0237851 -0.00730188  0.00458187           0
Repeater1[0]<--->HoM1[0]
REAL
   0.428819   0.0197678 -0.00628046    0.329296
  0.0197678   0.0920139  -0.0159872   0.0164468
-0.00628046  -0.0159872   0.0711806  0.00703439
   0.329296   0.0164468  0.00703439    0.407986
IMAGINARY
           0     0.014709 -0.000190087   -0.0147764
   -0.014709            0   0.00486647   -0.0337722
 0.000190087  -0.00486647            0    0.0230269
   0.0147764    0.0337722   -0.0230269            0
EndNode1[0]<--->Repeater1[0]
REAL
   0.438163  0.00758824 -0.00684906    0.321398
 0.00758824   0.0565371  0.00157785   0.0190901
-0.00684906  0.00157785   0.0848057  0.00465282
   0.321398   0.0190901  0.00465282    0.420495
IMAGINARY
          0  -0.0401138   0.0144365 -0.00152228
  0.0401138           0   0.0405171  -0.0135356
 -0.0144365  -0.0405171           0   0.0247985
 0.00152228   0.0135356  -0.0247985           0
EndNode2[0]<--->HoM1[0]
REAL
   0.404635  0.00930327  -0.0240807     0.30911
 0.00930327    0.108734   0.0173655 -0.00185848
 -0.0240807   0.0173655   0.0748663   -0.004831
    0.30911 -0.00185848   -0.004831    0.411765
IMAGINARY
           0   0.00589363   -0.0198975 -0.000446779
 -0.00589363            0  -0.00230551  -0.00918319
   0.0198975   0.00230551            0   0.00254915
 0.000446779   0.00918319  -0.00254915            0
Repeater1[0]<--->EndNode1[0]
REAL
   0.438163 -0.00684906  0.00758824    0.321398
-0.00684906   0.0848057  0.00157785  0.00465282
 0.00758824  0.00157785   0.0565371   0.0190901
   0.321398  0.00465282   0.0190901    0.420495
IMAGINARY
          0   0.0144365  -0.0401138 -0.00152228
 -0.0144365           0  -0.0405171   0.0247985
  0.0401138   0.0405171           0  -0.0135356
 0.00152228  -0.0247985   0.0135356           0
Repeater1[0]<--->HoM1[0]
REAL
   0.404635  -0.0240807  0.00930327     0.30911
 -0.0240807   0.0748663   0.0173655   -0.004831
 0.00930327   0.0173655    0.108734 -0.00185848
    0.30911   -0.004831 -0.00185848    0.411765
IMAGINARY
           0   -0.0198975   0.00589363 -0.000446779
   0.0198975            0   0.00230551   0.00254915
 -0.00589363  -0.00230551            0  -0.00918319
 0.000446779  -0.00254915   0.00918319            0
EndNode1[0]<--->Repeater1[0]
REAL
   0.393885  0.00118163 -0.00712386     0.32538
 0.00118163   0.0809353  0.00238766  0.00624512
-0.00712386  0.00238766    0.106115  0.00496951
    0.32538  0.00624512  0.00496951    0.419065
IMAGINARY
          0  -0.0085303   0.0140845 -0.00668987
  0.0085303           0 -0.00576565  -0.0140845
 -0.0140845  0.00576565           0 -0.00059379
 0.00668987   0.0140845  0.00059379           0
EndNode2[0]<--->HoM1[0]
REAL
   0.362477  -0.0101989   0.0175699    0.336133
 -0.0101989    0.102004 -0.00756153  -0.0372127
  0.0175699 -0.00756153   0.0837887    0.015556
   0.336133  -0.0372127    0.015556     0.45173
IMAGINARY
          0  0.00552343   0.0179815  0.00740191
-0.00552343           0   0.0201292 -0.00466001
 -0.0179815  -0.0201292           0 -0.00818773
-0.00740191  0.00466001  0.00818773           0
Repeater1[0]<--->EndNode1[0]
REAL
   0.393885 -0.00712386  0.00118163     0.32538
-0.00712386    0.106115  0.00238766  0.00496951
 0.00118163  0.00238766   0.0809353  0.00624512
    0.32538  0.00496951  0.00624512    0.419065
IMAGINARY
          0   0.0140845  -0.0085303 -0.00668987
 -0.0140845           0  0.00576565 -0.00059379
  0.0085303 -0.00576565           0  -0.0140845
 0.00668987  0.00059379   0.0140845           0
Repeater1[0]<--->HoM1[0]
REAL
   0.362477   0.0175699  -0.0101989    0.336133
  0.0175699   0.0837887 -0.00756153    0.015556
 -0.0101989 -0.00756153    0.102004  -0.0372127
   0.336133    0.015556  -0.0372127     0.45173
IMAGINARY
          0   0.0179815  0.00552343  0.00740191
 -0.0179815           0  -0.0201292 -0.00818773
-0.00552343   0.0201292           0 -0.00466001
-0.00740191  0.00818773  0.00466001           0
EndNode1[0]<--->Repeater1[0]
REAL
   0.420213    0.014203   0.0035913    0.349779
   0.014203   0.0939716   0.0275958 -0.00963621
  0.0035913   0.0275958   0.0957447  -0.0219751
   0.349779 -0.00963621  -0.0219751    0.390071
IMAGINARY
          0  -0.0167305 -0.00421473    0.013864
  0.0167305           0   -0.013864  0.00949642
 0.00421473    0.013864           0  0.00968827
  -0.013864 -0.00949642 -0.00968827           0
EndNode2[0]<--->HoM1[0]
REAL
   0.405959  -0.0061772    0.010217    0.331214
 -0.0061772   0.0837989 -0.00595431 -0.00329655
   0.010217 -0.00595431   0.0726257  0.00790731
   0.331214 -0.00329655  0.00790731    0.437616
IMAGINARY
          0   0.0127853 -0.00530188   0.0167686
 -0.0127853           0  -0.0158198 -0.00974237
 0.00530188   0.0158198           0  0.00225897
 -0.0167686  0.00974237 -0.00225897           0
Repeater1[0]<--->EndNode1[0]
REAL
   0.420213   0.0035913    0.014203    0.349779
  0.0035913   0.0957447   0.0275958  -0.0219751
   0.014203   0.0275958   0.0939716 -0.00963621
   0.349779  -0.0219751 -0.00963621    0.390071
IMAGINARY
          0 -0.00421473  -0.0167305    0.013864
 0.00421473           0    0.013864  0.00968827
  0.0167305   -0.013864           0  0.00949642
  -0.013864 -0.00968827 -0.00949642           0
Repeater1[0]<--->HoM1[0]
REAL
   0.405959    0.010217  -0.0061772    0.331214
   0.010217   0.0726257 -0.00595431  0.00790731
 -0.0061772 -0.00595431   0.0837989 -0.00329655
   0.331214  0.00790731 -0.00329655    0.437616
IMAGINARY
          0 -0.00530188   0.0127853   0.0167686
 0.00530188           0   0.0158198  0.00225897
 -0.0127853  -0.0158198           0 -0.00974237
 -0.0167686 -0.00225897  0.00974237           0
EndNode1[0]<--->Repeater1[0]
REAL
    0.41989   0.0218601 -0.00264321    0.321755
  0.0218601   0.0755064 -0.00637019 7.91102e-05
-0.00264321 -0.00637019   0.0883978 -0.00733015
   0.321755 7.91102e-05 -0.00733015    0.416206
IMAGINARY
          0 -0.00787621  0.00367575 -0.00451602
 0.00787621           0 -0.00087966    0.024102
-0.00367575  0.00087966           0  -0.0216377
 0.00451602   -0.024102   0.0216377           0
EndNode2[0]<--->HoM1[0]
REAL
   0.407767   0.0252645   0.0419643    0.318875
  0.0252645   0.0796117 -0.00772412   0.0083954
  0.0419643 -0.00772412   0.0757282   0.0304909
   0.318875   0.0083954   0.0304909    0.436893
IMAGINARY
         0  0.0190344 -0.0122378  0.0177239
-0.0190344          0  0.0177239  0.0122378
 0.0122378 -0.0177239          0 -0.0240849
-0.0177239 -0.0122378  0.0240849          0
Repeater1[0]<--->EndNode1[0]
REAL
    0.41989 -0.00264321   0.0218601    0.321755
-0.00264321   0.0883978 -0.00637019 -0.00733015
  0.0218601 -0.00637019   0.0755064 7.91102e-05
   0.321755 -0.00733015 7.91102e-05    0.416206
IMAGINARY
          0  0.00367575 -0.00787621 -0.00451602
-0.00367575           0  0.00087966  -0.0216377
 0.00787621 -0.00087966           0    0.024102
 0.00451602   0.0216377   -0.024102           0
Repeater1[0]<--->HoM1[0]
REAL
   0.407767   0.0419643   0.0252645    0.318875
  0.0419643   0.0757282 -0.00772412   0.0304909
  0.0252645 -0.00772412   0.0796117   0.0083954
   0.318875   0.0304909   0.0083954    0.436893
IMAGINARY
         0 -0.0122378  0.0190344  0.0177239
 0.0122378          0 -0.0177239 -0.0240849
-0.0190344  0.0177239          0  0.0122378
-0.0177239  0.0240849 -0.0122378          0
EndNode1[0]<--->Repeater1[0]
REAL
   0.397482  0.00669215  0.00233434    0.311187
 0.00669215   0.0827338  -0.0119173 -0.00415916
 0.00233434  -0.0119173   0.0917266 -0.00851697
   0.311187 -0.00415916 -0.00851697    0.428058
IMAGINARY
          0   -0.018632   0.0117712 -0.00621535
   0.018632           0   0.0167049  -0.0298217
 -0.0117712  -0.0167049           0   0.0294623
 0.00621535   0.0298217  -0.0294623           0
EndNode2[0]<--->HoM1[0]
REAL
   0.380789  0.00189842  -0.0210148    0.322584
 0.00189842   0.0874786 -0.00474031   0.0191561
 -0.0210148 -0.00474031   0.0806175  0.00367778
   0.322584   0.0191561  0.00367778    0.451115
IMAGINARY
         0 -0.0168458  0.0330631  0.0110027
 0.0168458          0 -0.0311428  0.0456845
-0.0330631  0.0311428          0 -0.0562093
-0.0110027 -0.0456845  0.0562093          0
Repeater1[0]<--->EndNode1[0]
REAL
   0.397482  0.00233434  0.00669215    0.311187
 0.00233434   0.0917266  -0.0119173 -0.00851697
 0.00669215  -0.0119173   0.0827338 -0.00415916
   0.311187 -0.00851697 -0.00415916    0.428058
IMAGINARY
          0   0.0117712   -0.018632 -0.00621535
 -0.0117712           0  -0.0167049   0.0294623
   0.018632   0.0167049           0  -0.0298217
 0.00621535  -0.0294623   0.0298217           0
Repeater1[0]<--->HoM1[0]
REAL
   0.380789  -0.0210148  0.00189842    0.322584
 -0.0210148   0.0806175 -0.00474031  0.00367778
 0.00189842 -0.00474031   0.0874786   0.0191561
   0.322584  0.00367778   0.0191561    0.451115
IMAGINARY
         0  0.0330631 -0.0168458  0.0110027
-0.0330631          0  0.0311428 -0.0562093
 0.0168458 -0.0311428          0  0.0456845
-0.0110027  0.0562093 -0.0456845          0
EndNode1[0]<--->Repeater1[0]
REAL
   0.429752   0.0152032  0.00864612    0.341762
  0.0152032   0.0826446 0.000433564  0.00593364
 0.00864612 0.000433564   0.0867769  0.00966815
   0.341762  0.00593364  0.00966815    0.400826
IMAGINARY
           0   0.00498778   0.00168166   -0.0100237
 -0.00498778            0    0.0194902  -0.00352668
 -0.00168166   -0.0194902            0  0.000547279
   0.0100237   0.00352668 -0.000547279            0
EndNode2[0]<--->HoM1[0]
REAL
   0.409091   -0.012771  -0.0266888    0.314407
  -0.012771   0.0836364  0.00577655 -0.00358646
 -0.0266888  0.00577655   0.0909091 -0.00282529
   0.314407 -0.00358646 -0.00282529    0.416364
IMAGINARY
          0 -0.00845729   0.0225916  -0.0220591
 0.00845729           0  0.00680491 -0.00289175
 -0.0225916 -0.00680491           0 -0.00749017
  0.0220591  0.00289175  0.00749017           0
Repeater1[0]<--->EndNode1[0]
REAL
   0.429752  0.00864612   0.0152032    0.341762
 0.00864612   0.0867769 0.000433564  0.00966815
  0.0152032 0.000433564   0.0826446  0.00593364
   0.341762  0.00966815  0.00593364    0.400826
IMAGINARY
           0   0.00168166   0.00498778   -0.0100237
 -0.00168166            0   -0.0194902  0.000547279
 -0.00498778    0.0194902            0  -0.00352668
   0.0100237 -0.000547279   0.00352668            0
Repeater1[0]<--->HoM1[0]
REAL
   0.409091  -0.0266888   -0.012771    0.314407
 -0.0266888   0.0909091  0.00577655 -0.00282529
  -0.012771  0.00577655   0.0836364 -0.00358646
   0.314407 -0.00282529 -0.00358646    0.416364
IMAGINARY
          0   0.0225916 -0.00845729  -0.0220591
 -0.0225916           0 -0.00680491 -0.00749017
 0.00845729  0.00680491           0 -0.00289175
  0.0220591  0.00749017  0.00289175           0
EndNode1[0]<--->Repeater1[0]
REAL
   0.394881  0.00845903  0.00668184    0.300566
 0.00845903   0.0859232 -0.00946998 -0.00154485
 0.00668184 -0.00946998   0.0786106  -0.0067467
   0.300566 -0.00154485  -0.0067467    0.440585
IMAGINARY
          0   0.0157993  0.00852461  0.00899555
 -0.0157993           0   0.0230668 -0.00494038
-0.00852461  -0.0230668           0  -0.0157993
-0.00899555  0.00494038   0.0157993           0
EndNode2[0]<--->HoM1[0]
REAL
    0.40293  -0.0038297  -0.0201907    0.325106
 -0.0038297    0.100733 -0.00113555  0.00708206
 -0.0201907 -0.00113555   0.0897436  0.00570236
   0.325106  0.00708206  0.00570236    0.406593
IMAGINARY
          0   -0.019343   0.0121251  -0.0123677
   0.019343           0  -0.0389837   0.0162437
 -0.0121251   0.0389837           0 -0.00547974
  0.0123677  -0.0162437  0.00547974           0
Repeater1[0]<--->EndNode1[0]
REAL
   0.394881  0.00668184  0.00845903    0.300566
 0.00668184   0.0786106 -0.00946998  -0.0067467
 0.00845903 -0.00946998   0.0859232 -0.00154485
   0.300566  -0.0067467 -0.00154485    0.440585
IMAGINARY
          0  0.00852461   0.0157993  0.00899555
-0.00852461           0  -0.0230668  -0.0157993
 -0.0157993   0.0230668           0 -0.00494038
-0.00899555   0.0157993  0.00494038           0
Repeater1[0]<--->HoM1[0]
REAL
    0.40293  -0.0201907  -0.0038297    0.325106
 -0.0201907   0.0897436 -0.00113555  0.00570236
 -0.0038297 -0.00113555    0.100733  0.00708206
   0.325106  0.00570236  0.00708206    0.406593
IMAGINARY
          0   0.0121251   -0.019343  -0.0123677
 -0.0121251           0   0.0389837 -0.00547974
   0.019343  -0.0389837           0   0.0162437
  0.0123677  0.00547974  -0.0162437           0
EndNode1[0]<--->Repeater1[0]
REAL
   0.458478  0.00110196  -0.0189684    0.334436
 0.00110196   0.0692042 -0.00110271  0.00178629
 -0.0189684 -0.00110271   0.0778547  -0.0165659
   0.334436  0.00178629  -0.0165659    0.394464
IMAGINARY
          0  -0.0165667   0.0156429 -0.00677237
  0.0165667           0 -0.00339399   0.0212191
 -0.0156429  0.00339399           0  -0.0184049
 0.00677237  -0.0212191   0.0184049           0
EndNode2[0]<--->HoM1[0]
REAL
  0.435662 0.00794942   0.021527   0.330057
0.00794942  0.0790441 0.00640944 -0.0158879
  0.021527 0.00640944  0.0808824   0.033404
  0.330057 -0.0158879   0.033404   0.404412
IMAGINARY
           0   -0.0291626  0.000116174  0.000287649
   0.0291626            0   0.00870516   -0.0071302
-0.000116174  -0.00870516            0    0.0161365
-0.000287649    0.0071302   -0.0161365            0
Repeater1[0]<--->EndNode1[0]
REAL
   0.458478  -0.0189684  0.00110196    0.334436
 -0.0189684   0.0778547 -0.00110271  -0.0165659
 0.00110196 -0.00110271   0.0692042  0.00178629
   0.334436  -0.0165659  0.00178629    0.394464
IMAGINARY
          0   0.0156429  -0.0165667 -0.00677237
 -0.0156429           0  0.00339399  -0.0184049
  0.0165667 -0.00339399           0   0.0212191
 0.00677237   0.0184049  -0.0212191           0
Repeater1[0]<--->HoM1[0]
REAL
  0.435662   0.021527 0.00794942   0.330057
  0.021527  0.0808824 0.00640944   0.033404
0.00794942 0.00640944  0.0790441 -0.0158879
  0.330057   0.033404 -0.0158879   0.404412
IMAGINARY
           0  0.000116174   -0.0291626  0.000287649
-0.000116174            0  -0.00870516    0.0161365
   0.0291626   0.00870516            0   -0.0071302
-0.000287649   -0.0161365    0.0071302            0
EndNode1[0]<--->Repeater1[0]
REAL
   0.40885 0.00483158 -0.0261579   0.323061
0.00483158  0.0867257 -0.0209596  0.0270336
-0.0261579 -0.0209596  0.0814159 0.00129801
  0.323061  0.0270336 0.00129801   0.423009
IMAGINARY
          0  0.00336435  0.00846771 -0.00589817
-0.00336435           0  -0.0232024 -0.00240185
-0.00846771   0.0232024           0 -0.00596401
 0.00589817  0.00240185  0.00596401           0
EndNode2[0]<--->HoM1[0]
REAL
   0.436697 -0.00176056   0.0207752    0.327793
-0.00176056   0.0899083  -0.0126522 -0.00140905
  0.0207752  -0.0126522   0.0880734 -0.00176056
   0.327793 -0.00140905 -0.00176056    0.385321
IMAGINARY
           0    -0.019859  0.000238228 -0.000830652
    0.019859            0  -0.00812992   0.00996585
-0.000238228   0.00812992            0    0.0096549
 0.000830652  -0.00996585   -0.0096549            0
Repeater1[0]<--->EndNode1[0]
REAL
   0.40885 -0.0261579 0.00483158   0.323061
-0.0261579  0.0814159 -0.0209596 0.00129801
0.00483158 -0.0209596  0.0867257  0.0270336
  0.323061 0.00129801  0.0270336   0.423009
IMAGINARY
          0  0.00846771  0.00336435 -0.00589817
-0.00846771           0   0.0232024 -0.00596401
-0.00336435  -0.0232024           0 -0.00240185
 0.00589817  0.00596401  0.00240185           0
Repeater1[0]<--->HoM1[0]
REAL
   0.436697   0.0207752 -0.00176056    0.327793
  0.0207752   0.0880734  -0.0126522 -0.00176056
-0.00176056  -0.0126522   0.0899083 -0.00140905
   0.327793 -0.00176056 -0.00140905    0.385321
IMAGINARY
           0  0.000238228    -0.019859 -0.000830652
-0.000238228            0   0.00812992    0.0096549
    0.019859  -0.00812992            0   0.00996585
 0.000830652   -0.0096549  -0.00996585            0
EndNode1[0]<--->Repeater1[0]
REAL
  0.449458 0.00936741  0.0234344   0.344455
0.00936741  0.0866426 -0.0114173  0.0147539
 0.0234344 -0.0114173  0.0758123  0.0252685
  0.344455  0.0147539  0.0252685   0.388087
IMAGINARY
          0   0.0189617  0.00310996   0.0122611
 -0.0189617           0   0.0065359  0.00222812
-0.00310996  -0.0065359           0  -0.0331966
 -0.0122611 -0.00222812   0.0331966           0
EndNode2[0]<--->HoM1[0]
REAL
  0.385586 -0.0345457 -0.0332707    0.31419
-0.0345457  0.0738739  0.0109982 -0.0174812
-0.0332707  0.0109982   0.111712  -0.010567
   0.31419 -0.0174812  -0.010567   0.428829
IMAGINARY
          0   0.0146774 -0.00313576 -0.00247994
 -0.0146774           0  -0.0123543 -0.00218338
 0.00313576   0.0123543           0 -0.00403914
 0.00247994  0.00218338  0.00403914           0
Repeater1[0]<--->EndNode1[0]
REAL
  0.449458  0.0234344 0.00936741   0.344455
 0.0234344  0.0758123 -0.0114173  0.0252685
0.00936741 -0.0114173  0.0866426  0.0147539
  0.344455  0.0252685  0.0147539   0.388087
IMAGINARY
          0  0.00310996   0.0189617   0.0122611
-0.00310996           0  -0.0065359  -0.0331966
 -0.0189617   0.0065359           0  0.00222812
 -0.0122611   0.0331966 -0.00222812           0
Repeater1[0]<--->HoM1[0]
REAL
  0.385586 -0.0332707 -0.0345457    0.31419
-0.0332707   0.111712  0.0109982  -0.010567
-0.0345457  0.0109982  0.0738739 -0.0174812
   0.31419  -0.010567 -0.0174812   0.428829
IMAGINARY
          0 -0.00313576   0.0146774 -0.00247994
 0.00313576           0   0.0123543 -0.00403914
 -0.0146774  -0.0123543           0 -0.00218338
 0.00247994  0.00403914  0.00218338           0
EndNode1[0]<--->Repeater1[0]
REAL
 0.410714 0.0026951 0.0175492  0.326386
0.0026951 0.0785714 0.0102743 0.0214708
0.0175492 0.0102743 0.0910714 0.0326951
 0.326386 0.0214708 0.0326951  0.419643
IMAGINARY
          0  0.00299518 -0.00963222  -0.0109899
-0.00299518           0   0.0255127  -0.0105079
 0.00963222  -0.0255127           0   0.0188962
  0.0109899   0.0105079  -0.0188962           0
EndNode2[0]<--->HoM1[0]
REAL
    0.438811   0.00158624   -0.0067278     0.313054
  0.00158624    0.0699301 -0.000444827  0.000598205
  -0.0067278 -0.000444827    0.0979021    0.0150512
    0.313054  0.000598205    0.0150512     0.393357
IMAGINARY
          0   0.0124512    0.024086 -0.00185791
 -0.0124512           0 -0.00710266  0.00166887
  -0.024086  0.00710266           0  -0.0222203
 0.00185791 -0.00166887   0.0222203           0
Repeater1[0]<--->EndNode1[0]
REAL
 0.410714 0.0175492 0.0026951  0.326386
0.0175492 0.0910714 0.0102743 0.0326951
0.0026951 0.0102743 0.0785714 0.0214708
 0.326386 0.0326951 0.0214708  0.419643
IMAGINARY
          0 -0.00963222  0.00299518  -0.0109899
 0.00963222           0  -0.0255127   0.0188962
-0.00299518   0.0255127           0  -0.0105079
  0.0109899  -0.0188962   0.0105079           0
Repeater1[0]<--->HoM1[0]
REAL
    0.438811   -0.0067278   0.00158624     0.313054
  -0.0067278    0.0979021 -0.000444827    0.0150512
  0.00158624 -0.000444827    0.0699301  0.000598205
    0.313054    0.0150512  0.000598205     0.393357
IMAGINARY
          0    0.024086   0.0124512 -0.00185791
  -0.024086           0  0.00710266  -0.0222203
 -0.0124512 -0.00710266           0  0.00166887
 0.00185791   0.0222203 -0.00166887           0
EndNode1[0]<--->Repeater1[0]
REAL
   0.431159   0.0119966   0.0125005    0.305981
  0.0119966    0.103261 -0.00178559   -0.015997
  0.0125005 -0.00178559   0.0869565  -0.0224861
   0.305981   -0.015997  -0.0224861    0.378623
IMAGINARY
          0  -0.0334951    0.015586  -0.0198176
  0.0334951           0 -0.00286844   0.0222781
  -0.015586  0.00286844           0  -0.0334951
  0.0198176  -0.0222781   0.0334951           0
EndNode2[0]<--->HoM1[0]
REAL
   0.433862 0.000567711  0.00323629    0.348538
0.000567711   0.0670194  -0.0124726  0.00496043
 0.00323629  -0.0124726    0.102293   0.0141864
   0.348538  0.00496043   0.0141864    0.396825
IMAGINARY
          0  -0.0133325  -0.0189905 -0.00658204
  0.0133325           0  -0.0196417  0.00455003
  0.0189905   0.0196417           0    0.029578
 0.00658204 -0.00455003   -0.029578           0
Repeater1[0]<--->EndNode1[0]
REAL
   0.431159   0.0125005   0.0119966    0.305981
  0.0125005   0.0869565 -0.00178559  -0.0224861
  0.0119966 -0.00178559    0.103261   -0.015997
   0.305981  -0.0224861   -0.015997    0.378623
IMAGINARY
          0    0.015586  -0.0334951  -0.0198176
  -0.015586           0  0.00286844  -0.0334951
  0.0334951 -0.00286844           0   0.0222781
  0.0198176   0.0334951  -0.0222781           0
Repeater1[0]<--->HoM1[0]
REAL
   0.433862  0.00323629 0.000567711    0.348538
 0.00323629    0.102293  -0.0124726   0.0141864
0.000567711  -0.0124726   0.0670194  0.00496043
   0.348538   0.0141864  0.00496043    0.396825
IMAGINARY
          0  -0.0189905  -0.0133325 -0.00658204
  0.0189905           0   0.0196417    0.029578
  0.0133325  -0.0196417           0  0.00455003
 0.00658204   -0.029578 -0.00455003           0
EndNode1[0]<--->Repeater1[0]
REAL
   0.407143 -0.00613415 -0.00652042    0.323351
-0.00613415      0.0875  0.00120992  0.00301165
-0.00652042  0.00120992   0.0982143 -0.00790094
   0.323351  0.00301165 -0.00790094    0.407143
IMAGINARY
          0  0.00142643 -0.00518827   -0.014957
-0.00142643           0  -0.0331912   0.0115404
 0.00518827   0.0331912           0   -0.015038
   0.014957  -0.0115404    0.015038           0
EndNode2[0]<--->HoM1[0]
REAL
    0.39548   0.0197131   0.0376436    0.322043
  0.0197131    0.079096 -0.00218957   0.0175035
  0.0376436 -0.00218957   0.0885122  0.00234568
   0.322043   0.0175035  0.00234568    0.436911
IMAGINARY
           0    0.0310525   -0.0229927     0.033179
  -0.0310525            0  0.000950666   -0.0145499
   0.0229927 -0.000950666            0  -0.00204229
   -0.033179    0.0145499   0.00204229            0
Repeater1[0]<--->EndNode1[0]
REAL
   0.407143 -0.00652042 -0.00613415    0.323351
-0.00652042   0.0982143  0.00120992 -0.00790094
-0.00613415  0.00120992      0.0875  0.00301165
   0.323351 -0.00790094  0.00301165    0.407143
IMAGINARY
          0 -0.00518827  0.00142643   -0.014957
 0.00518827           0   0.0331912   -0.015038
-0.00142643  -0.0331912           0   0.0115404
   0.014957    0.015038  -0.0115404           0
Repeater1[0]<--->HoM1[0]
REAL
    0.39548   0.0376436   0.0197131    0.322043
  0.0376436   0.0885122 -0.00218957  0.00234568
  0.0197131 -0.00218957    0.079096   0.0175035
   0.322043  0.00234568   0.0175035    0.436911
IMAGINARY
           0   -0.0229927    0.0310525     0.033179
   0.0229927            0 -0.000950666  -0.00204229
  -0.0310525  0.000950666            0   -0.0145499
   -0.033179   0.00204229    0.0145499            0
EndNode1[0]<--->Repeater1[0]
REAL
    0.39823 -0.00455887 -0.00733982    0.317245
-0.00455887   0.0672566 -0.00451816  0.00188527
-0.00733982 -0.00451816   0.0849558 -0.00271385
   0.317245  0.00188527 -0.00271385    0.449558
IMAGINARY
          0  0.00869832  0.00545474   0.0231629
-0.00869832           0  -0.0150254   0.0217498
-0.00545474   0.0150254           0  -0.0115126
 -0.0231629  -0.0217498   0.0115126           0
EndNode2[0]<--->HoM1[0]
REAL
    0.39851 -0.00368675 -0.00514214    0.336224
-0.00368675   0.0912477   0.0152255   0.0160117
-0.00514214   0.0152255   0.0744879   0.0109331
   0.336224   0.0160117   0.0109331    0.435754
IMAGINARY
          0  0.00601539  -0.0241425  -0.0101233
-0.00601539           0 -0.00742058  0.00262783
  0.0241425  0.00742058           0  0.00517222
  0.0101233 -0.00262783 -0.00517222           0
Repeater1[0]<--->EndNode1[0]
REAL
    0.39823 -0.00733982 -0.00455887    0.317245
-0.00733982   0.0849558 -0.00451816 -0.00271385
-0.00455887 -0.00451816   0.0672566  0.00188527
   0.317245 -0.00271385  0.00188527    0.449558
IMAGINARY
          0  0.00545474  0.00869832   0.0231629
-0.00545474           0   0.0150254  -0.0115126
-0.00869832  -0.0150254           0   0.0217498
 -0.0231629   0.0115126  -0.0217498           0
Repeater1[0]<--->HoM1[0]
REAL
    0.39851 -0.00514214 -0.00368675    0.336224
-0.00514214   0.0744879   0.0152255   0.0109331
-0.00368675   0.0152255   0.0912477   0.0160117
   0.336224   0.0109331   0.0160117    0.435754
IMAGINARY
          0  -0.0241425  0.00601539  -0.0101233
  0.0241425           0  0.00742058  0.00517222
-0.00601539 -0.00742058           0  0.00262783
  0.0101233 -0.00517222 -0.00262783           0
EndNode1[0]<--->Repeater1[0]
REAL
   0.422535 -0.00983555  -0.0278622    0.343285
-0.00983555   0.0757042 -0.00314324   0.0145407
 -0.0278622 -0.00314324   0.0774648  0.00717125
   0.343285   0.0145407  0.00717125    0.424296
IMAGINARY
           0 -0.000421671   -0.0144499  -0.00624476
 0.000421671            0   -0.0132588    0.0108785
   0.0144499    0.0132588            0   -0.0281498
  0.00624476   -0.0108785    0.0281498            0
EndNode2[0]<--->HoM1[0]
REAL
   0.423507 -0.00198896  0.00408272    0.322961
-0.00198896   0.0895522 -0.00203901  0.00123642
 0.00408272 -0.00203901    0.113806  0.00908115
   0.322961  0.00123642  0.00908115    0.373134
IMAGINARY
          0  -0.0219828   0.0231448   0.0183422
  0.0219828           0   0.0110695 -0.00647816
 -0.0231448  -0.0110695           0 -0.00301724
 -0.0183422  0.00647816  0.00301724           0
Repeater1[0]<--->EndNode1[0]
REAL
   0.422535  -0.0278622 -0.00983555    0.343285
 -0.0278622   0.0774648 -0.00314324  0.00717125
-0.00983555 -0.00314324   0.0757042   0.0145407
   0.343285  0.00717125   0.0145407    0.424296
IMAGINARY
           0   -0.0144499 -0.000421671  -0.00624476
   0.0144499            0    0.0132588   -0.0281498
 0.000421671   -0.0132588            0    0.0108785
  0.00624476    0.0281498   -0.0108785            0
Repeater1[0]<--->HoM1[0]
REAL
   0.423507  0.00408272 -0.00198896    0.322961
 0.00408272    0.113806 -0.00203901  0.00908115
-0.00198896 -0.00203901   0.0895522  0.00123642
   0.322961  0.00908115  0.00123642    0.373134
IMAGINARY
          0   0.0231448  -0.0219828   0.0183422
 -0.0231448           0  -0.0110695 -0.00301724
  0.0219828   0.0110695           0 -0.00647816
 -0.0183422  0.00301724  0.00647816           0
EndNode1[0]<--->Repeater1[0]
REAL
   0.389365 -0.00169412   0.0107025    0.333502
-0.00169412   0.0909091   0.0253835    0.017172
  0.0107025   0.0253835   0.0891938 -0.00353236
   0.333502    0.017172 -0.00353236    0.430532
IMAGINARY
          0  -0.0112045  0.00831896 -0.00577673
  0.0112045           0  -0.0111724 -0.00647394
-0.00831896   0.0111724           0  0.00566942
 0.00577673  0.00647394 -0.00566942           0
EndNode2[0]<--->HoM1[0]
REAL
   0.44898 -0.0211169 -0.0093985   0.320265
-0.0211169  0.0952381 -0.0223925  0.0093985
-0.0093985 -0.0223925  0.0782313  -0.010798
  0.320265  0.0093985  -0.010798   0.377551
IMAGINARY
          0  -0.0126321 -0.00715982   0.0204273
  0.0126321           0   0.0187031   0.0176493
 0.00715982  -0.0187031           0 -0.00135391
 -0.0204273  -0.0176493  0.00135391           0
Repeater1[0]<--->EndNode1[0]
REAL
   0.389365   0.0107025 -0.00169412    0.333502
  0.0107025   0.0891938   0.0253835 -0.00353236
-0.00169412   0.0253835   0.0909091    0.017172
   0.333502 -0.00353236    0.017172    0.430532
IMAGINARY
          0  0.00831896  -0.0112045 -0.00577673
-0.00831896           0   0.0111724  0.00566942
  0.0112045  -0.0111724           0 -0.00647394
 0.00577673 -0.00566942  0.00647394           0
Repeater1[0]<--->HoM1[0]
REAL
   0.44898 -0.0093985 -0.0211169   0.320265
-0.0093985  0.0782313 -0.0223925  -0.010798
-0.0211169 -0.0223925  0.0952381  0.0093985
  0.320265  -0.010798  0.0093985   0.377551
IMAGINARY
          0 -0.00715982  -0.0126321   0.0204273
 0.00715982           0  -0.0187031 -0.00135391
  0.0126321   0.0187031           0   0.0176493
 -0.0204273  0.00135391  -0.0176493           0
EndNode1[0]<--->Repeater1[0]
REAL
   0.443038  -0.0207675 -0.00652367    0.316748
 -0.0207675   0.0669078 -0.00898475 -0.00918797
-0.00652367 -0.00898475    0.084991  0.00875275
   0.316748 -0.00918797  0.00875275    0.405063
IMAGINARY
          0  -0.0177814   0.0273408  -0.0194983
  0.0177814           0  -0.0213365  0.00848982
 -0.0273408   0.0213365           0  -0.0261926
  0.0194983 -0.00848982   0.0261926           0
EndNode2[0]<--->HoM1[0]
REAL
  0.415493 0.00195611 -0.0233917   0.323962
0.00195611  0.0950704  0.0121339   0.016946
-0.0233917  0.0121339  0.0915493  0.0081728
  0.323962   0.016946  0.0081728   0.397887
IMAGINARY
          0   0.0161613  0.00837377 -0.00819839
 -0.0161613           0   -0.016673  -0.0137501
-0.00837377    0.016673           0 -0.00182435
 0.00819839   0.0137501  0.00182435           0
Repeater1[0]<--->EndNode1[0]
REAL
   0.443038 -0.00652367  -0.0207675    0.316748
-0.00652367    0.084991 -0.00898475  0.00875275
 -0.0207675 -0.00898475   0.0669078 -0.00918797
   0.316748  0.00875275 -0.00918797    0.405063
IMAGINARY
          0   0.0273408  -0.0177814  -0.0194983
 -0.0273408           0   0.0213365  -0.0261926
  0.0177814  -0.0213365           0  0.00848982
  0.0194983   0.0261926 -0.00848982           0
Repeater1[0]<--->HoM1[0]
REAL
  0.415493 -0.0233917 0.00195611   0.323962
-0.0233917  0.0915493  0.0121339  0.0081728
0.00195611  0.0121339  0.0950704   0.016946
  0.323962  0.0081728   0.016946   0.397887
IMAGINARY
          0  0.00837377   0.0161613 -0.00819839
-0.00837377           0    0.016673 -0.00182435
 -0.0161613   -0.016673           0  -0.0137501
 0.00819839  0.00182435   0.0137501           0
EndNode1[0]<--->Repeater1[0]
REAL
   0.417407  -0.0240977 0.000383553    0.316183
 -0.0240977   0.0834813 -0.00410208   0.0012943
0.000383553 -0.00410208   0.0976909  0.00899707
   0.316183   0.0012943  0.00899707    0.401421
IMAGINARY
          0 -0.00212929  0.00376071  -0.0168274
 0.00212929           0   0.0281056  -0.0144369
-0.00376071  -0.0281056           0 -0.00676751
  0.0168274   0.0144369  0.00676751           0
EndNode2[0]<--->HoM1[0]
REAL
   0.438202  -0.0112263  0.00255588      0.3411
 -0.0112263   0.0674157 -0.00688509  0.00890797
 0.00255588 -0.00688509   0.0992509 -0.00200121
     0.3411  0.00890797 -0.00200121    0.395131
IMAGINARY
          0  0.00770221  -0.0132931  0.00112985
-0.00770221           0  -0.0231757   0.0169561
  0.0132931   0.0231757           0  -0.0022077
-0.00112985  -0.0169561   0.0022077           0
Repeater1[0]<--->EndNode1[0]
REAL
   0.417407 0.000383553  -0.0240977    0.316183
0.000383553   0.0976909 -0.00410208  0.00899707
 -0.0240977 -0.00410208   0.0834813   0.0012943
   0.316183  0.00899707   0.0012943    0.401421
IMAGINARY
          0  0.00376071 -0.00212929  -0.0168274
-0.00376071           0  -0.0281056 -0.00676751
 0.00212929   0.0281056           0  -0.0144369
  0.0168274  0.00676751   0.0144369           0
Repeater1[0]<--->HoM1[0]
REAL
   0.438202  0.00255588  -0.0112263      0.3411
 0.00255588   0.0992509 -0.00688509 -0.00200121
 -0.0112263 -0.00688509   0.0674157  0.00890797
     0.3411 -0.00200121  0.00890797    0.395131
IMAGINARY
          0  -0.0132931  0.00770221  0.00112985
  0.0132931           0   0.0231757  -0.0022077
-0.00770221  -0.0231757           0   0.0169561
-0.00112985   0.0022077  -0.0169561           0
EndNode1[0]<--->Repeater1[0]
REAL
    0.409006   0.00254261    0.0185556     0.329274
  0.00254261    0.0844278    0.0035023 -0.000160964
   0.0185556    0.0035023     0.097561 -0.000870364
    0.329274 -0.000160964 -0.000870364     0.409006
IMAGINARY
          0 -0.00544465   0.0118816 -0.00316066
 0.00544465           0  0.00786875 -0.00371468
 -0.0118816 -0.00786875           0  -0.0172414
 0.00316066  0.00371468   0.0172414           0
EndNode2[0]<--->HoM1[0]
REAL
   0.442446   0.0159639  0.00830718    0.312234
  0.0159639   0.0827338   0.0148606   0.0282347
 0.00830718   0.0148606   0.0899281 -0.00615999
   0.312234   0.0282347 -0.00615999    0.384892
IMAGINARY
          0   0.0070724  -0.0135794 -0.00113056
 -0.0070724           0  0.00357754   0.0126413
  0.0135794 -0.00357754           0   0.0201321
 0.00113056  -0.0126413  -0.0201321           0
Repeater1[0]<--->EndNode1[0]
REAL
    0.409006    0.0185556   0.00254261     0.329274
   0.0185556     0.097561    0.0035023 -0.000870364
  0.00254261    0.0035023    0.0844278 -0.000160964
    0.329274 -0.000870364 -0.000160964     0.409006
IMAGINARY
          0   0.0118816 -0.00544465 -0.00316066
 -0.0118816           0 -0.00786875  -0.0172414
 0.00544465  0.00786875           0 -0.00371468
 0.00316066   0.0172414  0.00371468           0
Repeater1[0]<--->HoM1[0]
REAL
   0.442446  0.00830718   0.0159639    0.312234
 0.00830718   0.0899281   0.0148606 -0.00615999
  0.0159639   0.0148606   0.0827338   0.0282347
   0.312234 -0.00615999   0.0282347    0.384892
IMAGINARY
          0  -0.0135794   0.0070724 -0.00113056
  0.0135794           0 -0.00357754   0.0201321
 -0.0070724  0.00357754           0   0.0126413
 0.00113056  -0.0201321  -0.0126413           0
EndNode1[0]<--->Repeater1[0]
REAL
   0.442495  -0.0129426  -0.0223388    0.319363
 -0.0129426   0.0818713 -0.00226893 -0.00415695
 -0.0223388 -0.00226893   0.0760234 -0.00500611
   0.319363 -0.00415695 -0.00500611     0.39961
IMAGINARY
           0   -0.0114637    0.0133277    0.0220599
   0.0114637            0  0.000402656   0.00280136
  -0.0133277 -0.000402656            0   0.00292479
  -0.0220599  -0.00280136  -0.00292479            0
EndNode2[0]<--->HoM1[0]
REAL
   0.415608  -0.0121328  -0.0429027    0.331527
 -0.0121328   0.0852995 -0.00991455 -0.00255183
 -0.0429027 -0.00991455   0.0889292 -0.00930798
   0.331527 -0.00255183 -0.00930798    0.410163
IMAGINARY
          0   0.0187622  -0.0103962   0.0154269
 -0.0187622           0  -0.0145027  -0.0121263
  0.0103962   0.0145027           0 -0.00705045
 -0.0154269   0.0121263  0.00705045           0
Repeater1[0]<--->EndNode1[0]
REAL
   0.442495  -0.0223388  -0.0129426    0.319363
 -0.0223388   0.0760234 -0.00226893 -0.00500611
 -0.0129426 -0.00226893   0.0818713 -0.00415695
   0.319363 -0.00500611 -0.00415695     0.39961
IMAGINARY
           0    0.0133277   -0.0114637    0.0220599
  -0.0133277            0 -0.000402656   0.00292479
   0.0114637  0.000402656            0   0.00280136
  -0.0220599  -0.00292479  -0.00280136            0
Repeater1[0]<--->HoM1[0]
REAL
   0.415608  -0.0429027  -0.0121328    0.331527
 -0.0429027   0.0889292 -0.00991455 -0.00930798
 -0.0121328 -0.00991455   0.0852995 -0.00255183
   0.331527 -0.00930798 -0.00255183    0.410163
IMAGINARY
          0  -0.0103962   0.0187622   0.0154269
  0.0103962           0   0.0145027 -0.00705045
 -0.0187622  -0.0145027           0  -0.0121263
 -0.0154269  0.00705045   0.0121263           0
EndNode1[0]<--->Repeater1[0]
REAL
   0.411765  0.00201445 -0.00104327    0.339978
 0.00201445    0.083045  -0.0202757   0.0140544
-0.00104327  -0.0202757   0.0934256 -0.00944939
   0.339978   0.0140544 -0.00944939    0.411765
IMAGINARY
          0  0.00810826  -0.0135247   0.0187428
-0.00810826           0  -0.0150527  -0.0254952
  0.0135247   0.0150527           0   0.0145778
 -0.0187428   0.0254952  -0.0145778           0
EndNode2[0]<--->HoM1[0]
REAL
  0.392226 -0.0114188 0.00778794   0.337666
-0.0114188   0.100707 0.00127203  0.0161059
0.00778794 0.00127203   0.090106  0.0123038
  0.337666  0.0161059  0.0123038   0.416961
IMAGINARY
          0  -0.0221202   0.0313942   0.0215901
  0.0221202           0 -0.00890896   0.0161851
 -0.0313942  0.00890896           0  -0.0221202
 -0.0215901  -0.0161851   0.0221202           0
