EndNode1[0]<--->Repeater1[0]
REAL
   0.40367  0.0258047 0.00692118    0.32168
 0.0258047  0.0733945  0.0179422 -0.0257891
0.00692118  0.0179422   0.100917 -0.0918424
   0.32168 -0.0257891 -0.0918424   0.422018
IMAGINARY
          0  -0.0416881  -0.0180485   0.0581516
  0.0416881           0  0.00259605   0.0507588
  0.0180485 -0.00259605           0  -0.0377511
 -0.0581516  -0.0507588   0.0377511           0
EndNode2[0]<--->HoM1[0]
REAL
   0.398148  0.00818584 0.000857865    0.337358
 0.00818584   0.0648148 -0.00549937    0.021266
0.000857865 -0.00549937   0.0833333   0.0581858
   0.337358    0.021266   0.0581858    0.453704
IMAGINARY
          0   0.0416667  -0.0215839  -0.0351043
 -0.0416667           0  -0.0403674  0.00015528
  0.0215839   0.0403674           0  -0.0202381
  0.0351043 -0.00015528   0.0202381           0
Repeater1[0]<--->EndNode1[0]
REAL
   0.40367 0.00692118  0.0258047    0.32168
0.00692118   0.100917  0.0179422 -0.0918424
 0.0258047  0.0179422  0.0733945 -0.0257891
   0.32168 -0.0918424 -0.0257891   0.422018
IMAGINARY
          0  -0.0180485  -0.0416881   0.0581516
  0.0180485           0 -0.00259605  -0.0377511
  0.0416881  0.00259605           0   0.0507588
 -0.0581516   0.0377511  -0.0507588           0
Repeater1[0]<--->HoM1[0]
REAL
   0.398148 0.000857865  0.00818584    0.337358
0.000857865   0.0833333 -0.00549937   0.0581858
 0.00818584 -0.00549937   0.0648148    0.021266
   0.337358   0.0581858    0.021266    0.453704
IMAGINARY
          0  -0.0215839   0.0416667  -0.0351043
  0.0215839           0   0.0403674  -0.0202381
 -0.0416667  -0.0403674           0  0.00015528
  0.0351043   0.0202381 -0.00015528           0
EndNode1[0]<--->Repeater1[0]
REAL
  0.491667   0.023913  -0.019148   0.296627
  0.023913  0.0583333  0.0207646 0.00610452
 -0.019148  0.0207646       0.05   0.023913
  0.296627 0.00610452   0.023913        0.4
IMAGINARY
          0  -0.0586582  -0.0425921  -0.0115644
  0.0586582           0  0.00194906     0.01673
  0.0425921 -0.00194906           0   0.0500375
  0.0115644    -0.01673  -0.0500375           0
EndNode2[0]<--->HoM1[0]
REAL
    0.343434 -0.000332557    0.0498986     0.309934
-0.000332557    0.0707071   -0.0264292    0.0171117
   0.0498986   -0.0264292     0.111111    0.0157965
    0.309934    0.0171117    0.0157965     0.474747
IMAGINARY
         0  0.0117716  0.0119835  -0.042725
-0.0117716          0 -0.0138788 -0.0665289
-0.0119835  0.0138788          0  0.0245921
  0.042725  0.0665289 -0.0245921          0
Repeater1[0]<--->EndNode1[0]
REAL
  0.491667  -0.019148   0.023913   0.296627
 -0.019148       0.05  0.0207646   0.023913
  0.023913  0.0207646  0.0583333 0.00610452
  0.296627   0.023913 0.00610452        0.4
IMAGINARY
          0  -0.0425921  -0.0586582  -0.0115644
  0.0425921           0 -0.00194906   0.0500375
  0.0586582  0.00194906           0     0.01673
  0.0115644  -0.0500375    -0.01673           0
Repeater1[0]<--->HoM1[0]
REAL
    0.343434    0.0498986 -0.000332557     0.309934
   0.0498986     0.111111   -0.0264292    0.0157965
-0.000332557   -0.0264292    0.0707071    0.0171117
    0.309934    0.0157965    0.0171117     0.474747
IMAGINARY
         0  0.0119835  0.0117716  -0.042725
-0.0119835          0  0.0138788  0.0245921
-0.0117716 -0.0138788          0 -0.0665289
  0.042725 -0.0245921  0.0665289          0
EndNode1[0]<--->Repeater1[0]
REAL
   0.373737   0.0805455  -0.0399266    0.318891
  0.0805455    0.141414 -0.00289109   0.0839266
 -0.0399266 -0.00289109   0.0505051  -0.0285455
   0.318891   0.0839266  -0.0285455    0.434343
IMAGINARY
          0 -0.00959966   0.0132905   0.0261705
 0.00959966           0  0.00480296   -0.018241
 -0.0132905 -0.00480296           0 -0.00525183
 -0.0261705    0.018241  0.00525183           0
EndNode2[0]<--->HoM1[0]
REAL
    0.408163 -0.000994695  -0.00673976     0.317165
-0.000994695     0.112245   0.00975783    0.0259705
 -0.00673976   0.00975783    0.0714286   -0.0182361
    0.317165    0.0259705   -0.0182361     0.408163
IMAGINARY
          0  -0.0755078   0.0677939  -0.0115616
  0.0755078           0    0.056006  0.00257649
 -0.0677939   -0.056006           0   0.0051374
  0.0115616 -0.00257649  -0.0051374           0
Repeater1[0]<--->EndNode1[0]
REAL
   0.373737  -0.0399266   0.0805455    0.318891
 -0.0399266   0.0505051 -0.00289109  -0.0285455
  0.0805455 -0.00289109    0.141414   0.0839266
   0.318891  -0.0285455   0.0839266    0.434343
IMAGINARY
          0   0.0132905 -0.00959966   0.0261705
 -0.0132905           0 -0.00480296 -0.00525183
 0.00959966  0.00480296           0   -0.018241
 -0.0261705  0.00525183    0.018241           0
Repeater1[0]<--->HoM1[0]
REAL
    0.408163  -0.00673976 -0.000994695     0.317165
 -0.00673976    0.0714286   0.00975783   -0.0182361
-0.000994695   0.00975783     0.112245    0.0259705
    0.317165   -0.0182361    0.0259705     0.408163
IMAGINARY
          0   0.0677939  -0.0755078  -0.0115616
 -0.0677939           0   -0.056006   0.0051374
  0.0755078    0.056006           0  0.00257649
  0.0115616  -0.0051374 -0.00257649           0
EndNode1[0]<--->Repeater1[0]
REAL
  0.378947 -0.0327869 -0.0281573   0.287032
-0.0327869  0.0421053 -0.0165398 -0.0374165
-0.0281573 -0.0165398  0.0842105 -0.0327869
  0.287032 -0.0374165 -0.0327869   0.494737
IMAGINARY
          0   0.0580357  -0.0330882   0.0192308
 -0.0580357           0  0.00961538  -0.0204832
  0.0330882 -0.00961538           0 -0.00446429
 -0.0192308   0.0204832  0.00446429           0
EndNode2[0]<--->HoM1[0]
REAL
   0.393443   0.0746734   0.0331814    0.311765
  0.0746734   0.0901639  -0.0117647 -0.00937183
  0.0331814  -0.0117647   0.0819672   0.0348504
   0.311765 -0.00937183   0.0348504    0.434426
IMAGINARY
          0   0.0181224   0.0170379  -0.0644577
 -0.0181224           0 -0.00800608 -0.00723396
 -0.0170379  0.00800608           0  -0.0475342
  0.0644577  0.00723396   0.0475342           0
Repeater1[0]<--->EndNode1[0]
REAL
  0.378947 -0.0281573 -0.0327869   0.287032
-0.0281573  0.0842105 -0.0165398 -0.0327869
-0.0327869 -0.0165398  0.0421053 -0.0374165
  0.287032 -0.0327869 -0.0374165   0.494737
IMAGINARY
          0  -0.0330882   0.0580357   0.0192308
  0.0330882           0 -0.00961538 -0.00446429
 -0.0580357  0.00961538           0  -0.0204832
 -0.0192308  0.00446429   0.0204832           0
Repeater1[0]<--->HoM1[0]
REAL
   0.393443   0.0331814   0.0746734    0.311765
  0.0331814   0.0819672  -0.0117647   0.0348504
  0.0746734  -0.0117647   0.0901639 -0.00937183
   0.311765   0.0348504 -0.00937183    0.434426
IMAGINARY
          0   0.0170379   0.0181224  -0.0644577
 -0.0170379           0  0.00800608  -0.0475342
 -0.0181224 -0.00800608           0 -0.00723396
  0.0644577   0.0475342  0.00723396           0
EndNode1[0]<--->Repeater1[0]
REAL
    0.37234 -0.00487013  -0.0165043    0.318878
-0.00487013    0.106383  0.00255102   0.0403139
 -0.0165043  0.00255102   0.0531915   0.0405844
   0.318878   0.0403139   0.0405844    0.468085
IMAGINARY
          0   0.0304644   -0.012987 -0.00123377
 -0.0304644           0  -0.0312338  -0.0584416
   0.012987   0.0312338           0  -0.0202603
 0.00123377   0.0584416   0.0202603           0
EndNode2[0]<--->HoM1[0]
REAL
  0.367521  0.0109011 -0.0240996   0.334085
 0.0109011  0.0854701 -0.0374747 0.00715042
-0.0240996 -0.0374747  0.0683761 -0.0617485
  0.334085 0.00715042 -0.0617485   0.478632
IMAGINARY
          0   0.0416373  -0.0189813  -0.0144724
 -0.0416373           0 -0.00979947   0.0327428
  0.0189813  0.00979947           0  -0.0737474
  0.0144724  -0.0327428   0.0737474           0
Repeater1[0]<--->EndNode1[0]
REAL
    0.37234  -0.0165043 -0.00487013    0.318878
 -0.0165043   0.0531915  0.00255102   0.0405844
-0.00487013  0.00255102    0.106383   0.0403139
   0.318878   0.0405844   0.0403139    0.468085
IMAGINARY
          0   -0.012987   0.0304644 -0.00123377
   0.012987           0   0.0312338  -0.0202603
 -0.0304644  -0.0312338           0  -0.0584416
 0.00123377   0.0202603   0.0584416           0
Repeater1[0]<--->HoM1[0]
REAL
  0.367521 -0.0240996  0.0109011   0.334085
-0.0240996  0.0683761 -0.0374747 -0.0617485
 0.0109011 -0.0374747  0.0854701 0.00715042
  0.334085 -0.0617485 0.00715042   0.478632
IMAGINARY
          0  -0.0189813   0.0416373  -0.0144724
  0.0189813           0  0.00979947  -0.0737474
 -0.0416373 -0.00979947           0   0.0327428
  0.0144724   0.0737474  -0.0327428           0
EndNode1[0]<--->Repeater1[0]
REAL
  0.46087 0.0271485 0.0830222   0.31068
0.0271485 0.0782609 0.0436893 0.0189196
0.0830222 0.0436893 0.0608696  0.045667
  0.31068 0.0189196  0.045667       0.4
IMAGINARY
          0  -0.0587292   0.0742866  -0.0386364
  0.0587292           0  -0.0113636 -0.00147102
 -0.0742866   0.0113636           0  -0.0140863
  0.0386364  0.00147102   0.0140863           0
EndNode2[0]<--->HoM1[0]
REAL
  0.377193  0.0028753 -0.0267377   0.363132
 0.0028753   0.122807 -0.0149172 -0.0536194
-0.0267377 -0.0149172   0.114035 -0.0564467
  0.363132 -0.0536194 -0.0564467   0.385965
IMAGINARY
          0 -0.00514352   0.0088816   0.0652454
 0.00514352           0   0.0165728  -0.0373369
 -0.0088816  -0.0165728           0   0.0254687
 -0.0652454   0.0373369  -0.0254687           0
Repeater1[0]<--->EndNode1[0]
REAL
  0.46087 0.0830222 0.0271485   0.31068
0.0830222 0.0608696 0.0436893  0.045667
0.0271485 0.0436893 0.0782609 0.0189196
  0.31068  0.045667 0.0189196       0.4
IMAGINARY
          0   0.0742866  -0.0587292  -0.0386364
 -0.0742866           0   0.0113636  -0.0140863
  0.0587292  -0.0113636           0 -0.00147102
  0.0386364   0.0140863  0.00147102           0
Repeater1[0]<--->HoM1[0]
REAL
  0.377193 -0.0267377  0.0028753   0.363132
-0.0267377   0.114035 -0.0149172 -0.0564467
 0.0028753 -0.0149172   0.122807 -0.0536194
  0.363132 -0.0564467 -0.0536194   0.385965
IMAGINARY
          0   0.0088816 -0.00514352   0.0652454
 -0.0088816           0  -0.0165728   0.0254687
 0.00514352   0.0165728           0  -0.0373369
 -0.0652454  -0.0254687   0.0373369           0
EndNode1[0]<--->Repeater1[0]
REAL
    0.409524  -0.00980669 -0.000262123     0.307251
 -0.00980669    0.0952381    0.0117965   -0.0140236
-0.000262123    0.0117965     0.142857   0.00504479
    0.307251   -0.0140236   0.00504479     0.352381
IMAGINARY
         0  -0.036303  0.0414724  0.0200132
  0.036303          0 -0.0153403  0.0115579
-0.0414724  0.0153403          0  -0.024303
-0.0200132 -0.0115579   0.024303          0
EndNode2[0]<--->HoM1[0]
REAL
    0.458333   0.00251716   0.00893067     0.300862
  0.00251716     0.135417 -0.000862069  -0.00458284
  0.00893067 -0.000862069     0.104167   -0.0764302
    0.300862  -0.00458284   -0.0764302     0.302083
IMAGINARY
          0   0.0186562   0.0116822  -0.0173309
 -0.0186562           0   0.0758894  -0.0116822
 -0.0116822  -0.0758894           0  0.00720584
  0.0173309   0.0116822 -0.00720584           0
Repeater1[0]<--->EndNode1[0]
REAL
    0.409524 -0.000262123  -0.00980669     0.307251
-0.000262123     0.142857    0.0117965   0.00504479
 -0.00980669    0.0117965    0.0952381   -0.0140236
    0.307251   0.00504479   -0.0140236     0.352381
IMAGINARY
         0  0.0414724  -0.036303  0.0200132
-0.0414724          0  0.0153403  -0.024303
  0.036303 -0.0153403          0  0.0115579
-0.0200132   0.024303 -0.0115579          0
Repeater1[0]<--->HoM1[0]
REAL
    0.458333   0.00893067   0.00251716     0.300862
  0.00893067     0.104167 -0.000862069   -0.0764302
  0.00251716 -0.000862069     0.135417  -0.00458284
    0.300862   -0.0764302  -0.00458284     0.302083
IMAGINARY
          0   0.0116822   0.0186562  -0.0173309
 -0.0116822           0  -0.0758894  0.00720584
 -0.0186562   0.0758894           0  -0.0116822
  0.0173309 -0.00720584   0.0116822           0
EndNode1[0]<--->Repeater1[0]
REAL
   0.407407 0.000505365   0.0235767    0.320254
0.000505365   0.0648148   0.0102542  -0.0405259
  0.0235767   0.0102542   0.0648148   -0.068302
   0.320254  -0.0405259   -0.068302    0.462963
IMAGINARY
          0 -0.00324324  -0.0238679  -0.0107196
 0.00324324           0  -0.0237631   0.0138679
  0.0238679   0.0237631           0  -0.0167568
  0.0107196  -0.0138679   0.0167568           0
EndNode2[0]<--->HoM1[0]
REAL
        0.5   0.0142257  -0.0107978    0.363925
  0.0142257   0.0932203 -0.00975877   0.0420478
 -0.0107978 -0.00975877   0.0508475  -0.0454757
   0.363925   0.0420478  -0.0454757    0.355932
IMAGINARY
         0  0.0657674 -0.0166749  0.0127695
-0.0657674          0  -0.057324 -0.0306936
 0.0166749   0.057324          0   0.044759
-0.0127695  0.0306936  -0.044759          0
Repeater1[0]<--->EndNode1[0]
REAL
   0.407407   0.0235767 0.000505365    0.320254
  0.0235767   0.0648148   0.0102542   -0.068302
0.000505365   0.0102542   0.0648148  -0.0405259
   0.320254   -0.068302  -0.0405259    0.462963
IMAGINARY
          0  -0.0238679 -0.00324324  -0.0107196
  0.0238679           0   0.0237631  -0.0167568
 0.00324324  -0.0237631           0   0.0138679
  0.0107196   0.0167568  -0.0138679           0
Repeater1[0]<--->HoM1[0]
REAL
        0.5  -0.0107978   0.0142257    0.363925
 -0.0107978   0.0508475 -0.00975877  -0.0454757
  0.0142257 -0.00975877   0.0932203   0.0420478
   0.363925  -0.0454757   0.0420478    0.355932
IMAGINARY
         0 -0.0166749  0.0657674  0.0127695
 0.0166749          0   0.057324   0.044759
-0.0657674  -0.057324          0 -0.0306936
-0.0127695  -0.044759  0.0306936          0
EndNode1[0]<--->Repeater1[0]
REAL
  0.472527 -0.0069826 0.00785773   0.321393
-0.0069826  0.0989011 0.00766717  0.0562448
0.00785773 0.00766717   0.043956  0.0198031
  0.321393  0.0562448  0.0198031   0.384615
IMAGINARY
          0   0.0227746  -0.0403828  -0.0113558
 -0.0227746           0 -0.00650139 -0.00863679
  0.0403828  0.00650139           0   0.0360489
  0.0113558  0.00863679  -0.0360489           0
EndNode2[0]<--->HoM1[0]
REAL
  0.439655  0.0289598  0.0511859    0.34971
 0.0289598  0.0344828 -0.0411992 0.00200558
 0.0511859 -0.0411992  0.0689655 -0.0821513
   0.34971 0.00200558 -0.0821513   0.456897
IMAGINARY
           0   0.00917508   0.00454545   0.00904419
 -0.00917508            0    0.0233299   0.00454545
 -0.00454545   -0.0233299            0 -8.41751e-05
 -0.00904419  -0.00454545  8.41751e-05            0
Repeater1[0]<--->EndNode1[0]
REAL
  0.472527 0.00785773 -0.0069826   0.321393
0.00785773   0.043956 0.00766717  0.0198031
-0.0069826 0.00766717  0.0989011  0.0562448
  0.321393  0.0198031  0.0562448   0.384615
IMAGINARY
          0  -0.0403828   0.0227746  -0.0113558
  0.0403828           0  0.00650139   0.0360489
 -0.0227746 -0.00650139           0 -0.00863679
  0.0113558  -0.0360489  0.00863679           0
Repeater1[0]<--->HoM1[0]
REAL
  0.439655  0.0511859  0.0289598    0.34971
 0.0511859  0.0689655 -0.0411992 -0.0821513
 0.0289598 -0.0411992  0.0344828 0.00200558
   0.34971 -0.0821513 0.00200558   0.456897
IMAGINARY
           0   0.00454545   0.00917508   0.00904419
 -0.00454545            0   -0.0233299 -8.41751e-05
 -0.00917508    0.0233299            0   0.00454545
 -0.00904419  8.41751e-05  -0.00454545            0
EndNode1[0]<--->Repeater1[0]
REAL
  0.471698  0.0552961  0.0152259   0.367935
 0.0552961   0.113208  0.0033519  0.0194276
 0.0152259  0.0033519  0.0849057 -0.0107416
  0.367935  0.0194276 -0.0107416   0.330189
IMAGINARY
         0 -0.0177258  0.0043905 -0.0187979
 0.0177258          0 -0.0295892  0.0581095
-0.0043905  0.0295892          0 -0.0135242
 0.0187979 -0.0581095  0.0135242          0
EndNode2[0]<--->HoM1[0]
REAL
   0.414815  0.00554401    0.019839    0.328477
 0.00554401   0.0740741 0.000351914  -0.0333525
   0.019839 0.000351914   0.0814815   0.0440055
   0.328477  -0.0333525   0.0440055     0.42963
IMAGINARY
          0   0.0394737 -0.00991334   0.0183428
 -0.0394737           0   0.0085389 -0.00571166
 0.00991334  -0.0085389           0  -0.0394737
 -0.0183428  0.00571166   0.0394737           0
Repeater1[0]<--->EndNode1[0]
REAL
  0.471698  0.0152259  0.0552961   0.367935
 0.0152259  0.0849057  0.0033519 -0.0107416
 0.0552961  0.0033519   0.113208  0.0194276
  0.367935 -0.0107416  0.0194276   0.330189
IMAGINARY
         0  0.0043905 -0.0177258 -0.0187979
-0.0043905          0  0.0295892 -0.0135242
 0.0177258 -0.0295892          0  0.0581095
 0.0187979  0.0135242 -0.0581095          0
Repeater1[0]<--->HoM1[0]
REAL
   0.414815    0.019839  0.00554401    0.328477
   0.019839   0.0814815 0.000351914   0.0440055
 0.00554401 0.000351914   0.0740741  -0.0333525
   0.328477   0.0440055  -0.0333525     0.42963
IMAGINARY
          0 -0.00991334   0.0394737   0.0183428
 0.00991334           0  -0.0085389  -0.0394737
 -0.0394737   0.0085389           0 -0.00571166
 -0.0183428   0.0394737  0.00571166           0
EndNode1[0]<--->Repeater1[0]
REAL
   0.371681  -0.0804984 -0.00247478    0.259403
 -0.0804984    0.141593   0.0367137  0.00732915
-0.00247478   0.0367137   0.0619469  -0.0214433
   0.259403  0.00732915  -0.0214433    0.424779
IMAGINARY
          0  -0.0026917   0.0431092  -0.0526121
  0.0026917           0   0.0283403  0.00310924
 -0.0431092  -0.0283403           0  -0.0183167
  0.0526121 -0.00310924   0.0183167           0
EndNode2[0]<--->HoM1[0]
REAL
   0.414414   0.0455433  -0.0684541    0.308757
  0.0455433   0.0900901 -0.00703267 -0.00913209
 -0.0684541 -0.00703267   0.0540541  -0.0110605
   0.308757 -0.00913209  -0.0110605    0.441441
IMAGINARY
          0   -0.034939 -0.00789474   -0.038935
   0.034939           0   0.0254215   0.0254386
 0.00789474  -0.0254215           0  -0.0264645
   0.038935  -0.0254386   0.0264645           0
Repeater1[0]<--->EndNode1[0]
REAL
   0.371681 -0.00247478  -0.0804984    0.259403
-0.00247478   0.0619469   0.0367137  -0.0214433
 -0.0804984   0.0367137    0.141593  0.00732915
   0.259403  -0.0214433  0.00732915    0.424779
IMAGINARY
          0   0.0431092  -0.0026917  -0.0526121
 -0.0431092           0  -0.0283403  -0.0183167
  0.0026917   0.0283403           0  0.00310924
  0.0526121   0.0183167 -0.00310924           0
Repeater1[0]<--->HoM1[0]
REAL
   0.414414  -0.0684541   0.0455433    0.308757
 -0.0684541   0.0540541 -0.00703267  -0.0110605
  0.0455433 -0.00703267   0.0900901 -0.00913209
   0.308757  -0.0110605 -0.00913209    0.441441
IMAGINARY
          0 -0.00789474   -0.034939   -0.038935
 0.00789474           0  -0.0254215  -0.0264645
   0.034939   0.0254215           0   0.0254386
   0.038935   0.0264645  -0.0254386           0
EndNode1[0]<--->Repeater1[0]
REAL
  0.418803  0.0558748  0.0314384   0.333736
 0.0558748  0.0940171 -0.0466989 -0.0499569
 0.0314384 -0.0466989  0.0769231  0.0644955
  0.333736 -0.0499569  0.0644955   0.410256
IMAGINARY
          0   0.0348994   0.0588235  -0.0306698
 -0.0348994           0  -0.0085459  -0.0588235
 -0.0588235   0.0085459           0 -0.00229069
  0.0306698   0.0588235  0.00229069           0
EndNode2[0]<--->HoM1[0]
REAL
  0.403846 -0.0164636 -0.0139261   0.346753
-0.0164636   0.163462  0.0103896  0.0252043
-0.0139261  0.0103896  0.0769231  0.0352606
  0.346753  0.0252043  0.0352606   0.355769
IMAGINARY
          0   0.0207562  0.00363636   0.0091469
 -0.0207562           0   0.0316694   0.0236364
-0.00363636  -0.0316694           0   0.0428801
 -0.0091469  -0.0236364  -0.0428801           0
Repeater1[0]<--->EndNode1[0]
REAL
  0.418803  0.0314384  0.0558748   0.333736
 0.0314384  0.0769231 -0.0466989  0.0644955
 0.0558748 -0.0466989  0.0940171 -0.0499569
  0.333736  0.0644955 -0.0499569   0.410256
IMAGINARY
          0   0.0588235   0.0348994  -0.0306698
 -0.0588235           0   0.0085459 -0.00229069
 -0.0348994  -0.0085459           0  -0.0588235
  0.0306698  0.00229069   0.0588235           0
Repeater1[0]<--->HoM1[0]
REAL
  0.403846 -0.0139261 -0.0164636   0.346753
-0.0139261  0.0769231  0.0103896  0.0352606
-0.0164636  0.0103896   0.163462  0.0252043
  0.346753  0.0352606  0.0252043   0.355769
IMAGINARY
          0  0.00363636   0.0207562   0.0091469
-0.00363636           0  -0.0316694   0.0428801
 -0.0207562   0.0316694           0   0.0236364
 -0.0091469  -0.0428801  -0.0236364           0
EndNode1[0]<--->Repeater1[0]
REAL
   0.486486 -0.00695765   0.0400261    0.365954
-0.00695765   0.0540541 -0.00441595  0.00612777
  0.0400261 -0.00441595   0.0900901  -0.0238116
   0.365954  0.00612777  -0.0238116    0.369369
IMAGINARY
           0    0.0371136    0.0126925    0.0261543
  -0.0371136            0    0.0600526    -0.105285
  -0.0126925   -0.0600526            0 -7.65228e-05
  -0.0261543     0.105285  7.65228e-05            0
EndNode2[0]<--->HoM1[0]
REAL
   0.40566  0.0298507 0.00980392   0.260374
 0.0298507  0.0849057  0.0239398 0.00980392
0.00980392  0.0239398  0.0943396 -0.0298507
  0.260374 0.00980392 -0.0298507   0.415094
IMAGINARY
          0    0.019869 -0.00624833   0.0660377
  -0.019869           0   0.0660377  0.00237236
 0.00624833  -0.0660377           0   0.0150147
 -0.0660377 -0.00237236  -0.0150147           0
Repeater1[0]<--->EndNode1[0]
REAL
   0.486486   0.0400261 -0.00695765    0.365954
  0.0400261   0.0900901 -0.00441595  -0.0238116
-0.00695765 -0.00441595   0.0540541  0.00612777
   0.365954  -0.0238116  0.00612777    0.369369
IMAGINARY
           0    0.0126925    0.0371136    0.0261543
  -0.0126925            0   -0.0600526 -7.65228e-05
  -0.0371136    0.0600526            0    -0.105285
  -0.0261543  7.65228e-05     0.105285            0
Repeater1[0]<--->HoM1[0]
REAL
   0.40566 0.00980392  0.0298507   0.260374
0.00980392  0.0943396  0.0239398 -0.0298507
 0.0298507  0.0239398  0.0849057 0.00980392
  0.260374 -0.0298507 0.00980392   0.415094
IMAGINARY
          0 -0.00624833    0.019869   0.0660377
 0.00624833           0  -0.0660377   0.0150147
  -0.019869   0.0660377           0  0.00237236
 -0.0660377  -0.0150147 -0.00237236           0
