EndNode1[0]<--->Repeater1[0]
REAL
   0.330311   0.0063304  0.00383287    0.174985
  0.0063304    0.147668 0.000239875   0.0109296
 0.00383287 0.000239875    0.158031  -0.0108233
   0.174985   0.0109296  -0.0108233     0.36399
IMAGINARY
          0  -0.0046815   0.0107757   0.0243498
  0.0046815           0 -0.00404525  -0.0197042
 -0.0107757  0.00404525           0  0.00213048
 -0.0243498   0.0197042 -0.00213048           0
EndNode2[0]<--->HoM1[0]
REAL
    0.357947   -0.0223275   -0.0201732     0.209069
  -0.0223275      0.16771 -0.000519909   0.00333381
  -0.0201732 -0.000519909     0.152691    0.0171462
    0.209069   0.00333381    0.0171462     0.321652
IMAGINARY
           0  -0.00307057   -0.0142385 -0.000480377
  0.00307057            0    0.0152429  0.000539847
   0.0142385   -0.0152429            0    0.0112897
 0.000480377 -0.000539847   -0.0112897            0
Repeater1[0]<--->EndNode1[0]
REAL
   0.330311  0.00383287   0.0063304    0.174985
 0.00383287    0.158031 0.000239875  -0.0108233
  0.0063304 0.000239875    0.147668   0.0109296
   0.174985  -0.0108233   0.0109296     0.36399
IMAGINARY
          0   0.0107757  -0.0046815   0.0243498
 -0.0107757           0  0.00404525  0.00213048
  0.0046815 -0.00404525           0  -0.0197042
 -0.0243498 -0.00213048   0.0197042           0
Repeater1[0]<--->HoM1[0]
REAL
    0.357947   -0.0201732   -0.0223275     0.209069
  -0.0201732     0.152691 -0.000519909    0.0171462
  -0.0223275 -0.000519909      0.16771   0.00333381
    0.209069    0.0171462   0.00333381     0.321652
IMAGINARY
           0   -0.0142385  -0.00307057 -0.000480377
   0.0142385            0   -0.0152429    0.0112897
  0.00307057    0.0152429            0  0.000539847
 0.000480377   -0.0112897 -0.000539847            0
EndNode1[0]<--->Repeater1[0]
REAL
  0.359274 -0.0145974  0.0133422    0.16564
-0.0145974   0.162127 0.00356196 0.00883774
 0.0133422 0.00356196    0.16083  0.0228357
   0.16564 0.00883774  0.0228357   0.317769
IMAGINARY
          0 -0.00983195 -0.00186168   0.0079104
 0.00983195           0  0.00199713   0.0237641
 0.00186168 -0.00199713           0  0.00795461
 -0.0079104  -0.0237641 -0.00795461           0
EndNode2[0]<--->HoM1[0]
REAL
    0.32058 -0.00142684  -0.0107533    0.182793
-0.00142684    0.146438 -0.00120716  -0.0161009
 -0.0107533 -0.00120716    0.162269  0.00909948
   0.182793  -0.0161009  0.00909948    0.370712
IMAGINARY
          0 -0.00114037  0.00695588   0.0102413
 0.00114037           0   0.0268874 -0.00162255
-0.00695588  -0.0268874           0  -0.0135263
 -0.0102413  0.00162255   0.0135263           0
Repeater1[0]<--->EndNode1[0]
REAL
  0.359274  0.0133422 -0.0145974    0.16564
 0.0133422    0.16083 0.00356196  0.0228357
-0.0145974 0.00356196   0.162127 0.00883774
   0.16564  0.0228357 0.00883774   0.317769
IMAGINARY
          0 -0.00186168 -0.00983195   0.0079104
 0.00186168           0 -0.00199713  0.00795461
 0.00983195  0.00199713           0   0.0237641
 -0.0079104 -0.00795461  -0.0237641           0
Repeater1[0]<--->HoM1[0]
REAL
    0.32058  -0.0107533 -0.00142684    0.182793
 -0.0107533    0.162269 -0.00120716  0.00909948
-0.00142684 -0.00120716    0.146438  -0.0161009
   0.182793  0.00909948  -0.0161009    0.370712
IMAGINARY
          0  0.00695588 -0.00114037   0.0102413
-0.00695588           0  -0.0268874  -0.0135263
 0.00114037   0.0268874           0 -0.00162255
 -0.0102413   0.0135263  0.00162255           0
