EndNode1[0]<--->Repeater1[0]
REAL
    0.344144    0.0193596   0.00641926     0.182691
   0.0193596     0.146847 -0.000671831   0.00110953
  0.00641926 -0.000671831     0.167568   -0.0198025
    0.182691   0.00110953   -0.0198025     0.341441
IMAGINARY
          0  0.00594787  -0.0154984   0.0220345
-0.00594787           0 -0.00986132  0.00655383
  0.0154984  0.00986132           0 -0.00237006
 -0.0220345 -0.00655383  0.00237006           0
EndNode2[0]<--->HoM1[0]
REAL
  0.355872 -0.0127803 -0.0126029   0.204669
-0.0127803   0.161922 -0.0113237 0.00181152
-0.0126029 -0.0113237   0.153025  0.0136796
  0.204669 0.00181152  0.0136796   0.329181
IMAGINARY
          0 -0.00274455   -0.012989  0.00840517
 0.00274455           0   0.0173497 -0.00355508
   0.012989  -0.0173497           0   0.0183696
-0.00840517  0.00355508  -0.0183696           0
Repeater1[0]<--->EndNode1[0]
REAL
    0.344144   0.00641926    0.0193596     0.182691
  0.00641926     0.167568 -0.000671831   -0.0198025
   0.0193596 -0.000671831     0.146847   0.00110953
    0.182691   -0.0198025   0.00110953     0.341441
IMAGINARY
          0  -0.0154984  0.00594787   0.0220345
  0.0154984           0  0.00986132 -0.00237006
-0.00594787 -0.00986132           0  0.00655383
 -0.0220345  0.00237006 -0.00655383           0
Repeater1[0]<--->HoM1[0]
REAL
  0.355872 -0.0126029 -0.0127803   0.204669
-0.0126029   0.153025 -0.0113237  0.0136796
-0.0127803 -0.0113237   0.161922 0.00181152
  0.204669  0.0136796 0.00181152   0.329181
IMAGINARY
          0   -0.012989 -0.00274455  0.00840517
   0.012989           0  -0.0173497   0.0183696
 0.00274455   0.0173497           0 -0.00355508
-0.00840517  -0.0183696  0.00355508           0
