EndNode1[0]<--->Repeater1[0]
REAL
   0.388032  -0.0134279 0.000799896    0.330141
 -0.0134279   0.0906848  0.00408041 -0.00820072
0.000799896  0.00408041   0.0937693 -0.00344602
   0.330141 -0.00820072 -0.00344602    0.427514
IMAGINARY
          0   0.0104303  0.00134214  0.00266437
 -0.0104303           0  -0.0145975  -0.0122512
-0.00134214   0.0145975           0 -0.00982428
-0.00266437   0.0122512  0.00982428           0
EndNode2[0]<--->HoM1[0]
REAL
   0.399879   0.0139901  0.00911069    0.330259
  0.0139901   0.0898058 -0.00125333  0.00197227
 0.00911069 -0.00125333   0.0837379   0.0059592
   0.330259  0.00197227   0.0059592    0.426578
IMAGINARY
          0  -0.0142882  0.00387207  -0.0106354
  0.0142882           0  0.00327814   0.0102165
-0.00387207 -0.00327814           0  0.00307491
  0.0106354  -0.0102165 -0.00307491           0
Repeater1[0]<--->EndNode1[0]
REAL
   0.388032 0.000799896  -0.0134279    0.330141
0.000799896   0.0937693  0.00408041 -0.00344602
 -0.0134279  0.00408041   0.0906848 -0.00820072
   0.330141 -0.00344602 -0.00820072    0.427514
IMAGINARY
          0  0.00134214   0.0104303  0.00266437
-0.00134214           0   0.0145975 -0.00982428
 -0.0104303  -0.0145975           0  -0.0122512
-0.00266437  0.00982428   0.0122512           0
Repeater1[0]<--->HoM1[0]
REAL
   0.399879  0.00911069   0.0139901    0.330259
 0.00911069   0.0837379 -0.00125333   0.0059592
  0.0139901 -0.00125333   0.0898058  0.00197227
   0.330259   0.0059592  0.00197227    0.426578
IMAGINARY
          0  0.00387207  -0.0142882  -0.0106354
-0.00387207           0 -0.00327814  0.00307491
  0.0142882  0.00327814           0   0.0102165
  0.0106354 -0.00307491  -0.0102165           0
EndNode1[0]<--->Repeater1[0]
REAL
   0.399878 -0.00829394  0.00420363    0.319251
-0.00829394   0.0787546 -0.00278313 -0.00828911
 0.00420363 -0.00278313   0.0811966  0.00169431
   0.319251 -0.00828911  0.00169431    0.440171
IMAGINARY
          0   0.0024931  0.00302663  0.00614572
 -0.0024931           0   0.0125677  0.00242131
-0.00302663  -0.0125677           0 -0.00309843
-0.00614572 -0.00242131  0.00309843           0
EndNode2[0]<--->HoM1[0]
REAL
   0.424848 -0.00609569   0.0124323    0.314136
-0.00609569   0.0951515  0.00383408 -0.00718144
  0.0124323  0.00383408   0.0812121  0.00667912
   0.314136 -0.00718144  0.00667912    0.398788
IMAGINARY
          0  0.00373904  -0.0108586 -0.00506668
-0.00373904           0 -0.00883043 -0.00233238
  0.0108586  0.00883043           0  0.00191422
 0.00506668  0.00233238 -0.00191422           0
Repeater1[0]<--->EndNode1[0]
REAL
   0.399878  0.00420363 -0.00829394    0.319251
 0.00420363   0.0811966 -0.00278313  0.00169431
-0.00829394 -0.00278313   0.0787546 -0.00828911
   0.319251  0.00169431 -0.00828911    0.440171
IMAGINARY
          0  0.00302663   0.0024931  0.00614572
-0.00302663           0  -0.0125677 -0.00309843
 -0.0024931   0.0125677           0  0.00242131
-0.00614572  0.00309843 -0.00242131           0
Repeater1[0]<--->HoM1[0]
REAL
   0.424848   0.0124323 -0.00609569    0.314136
  0.0124323   0.0812121  0.00383408  0.00667912
-0.00609569  0.00383408   0.0951515 -0.00718144
   0.314136  0.00667912 -0.00718144    0.398788
IMAGINARY
          0  -0.0108586  0.00373904 -0.00506668
  0.0108586           0  0.00883043  0.00191422
-0.00373904 -0.00883043           0 -0.00233238
 0.00506668 -0.00191422  0.00233238           0
EndNode1[0]<--->Repeater1[0]
REAL
   0.428406   0.0173207   0.0172465    0.316606
  0.0173207   0.0933333  0.00671336 0.000302573
  0.0172465  0.00671336   0.0805797  0.00677214
   0.316606 0.000302573  0.00677214    0.397681
IMAGINARY
          0  0.00957379 -0.00830267 -0.00160519
-0.00957379           0  0.00946492  0.00532293
 0.00830267 -0.00946492           0 -0.00123053
 0.00160519 -0.00532293  0.00123053           0
EndNode2[0]<--->HoM1[0]
REAL
    0.412322 -0.000786892   0.00452662      0.32367
-0.000786892     0.089455   0.00997333   -0.0110443
  0.00452662   0.00997333    0.0888626   -0.0020064
     0.32367   -0.0110443   -0.0020064      0.40936
IMAGINARY
          0  0.00368963  0.00709074 -0.00207199
-0.00368963           0  0.00389459  0.00306597
-0.00709074 -0.00389459           0  0.00878861
 0.00207199 -0.00306597 -0.00878861           0
Repeater1[0]<--->EndNode1[0]
REAL
   0.428406   0.0172465   0.0173207    0.316606
  0.0172465   0.0805797  0.00671336  0.00677214
  0.0173207  0.00671336   0.0933333 0.000302573
   0.316606  0.00677214 0.000302573    0.397681
IMAGINARY
          0 -0.00830267  0.00957379 -0.00160519
 0.00830267           0 -0.00946492 -0.00123053
-0.00957379  0.00946492           0  0.00532293
 0.00160519  0.00123053 -0.00532293           0
Repeater1[0]<--->HoM1[0]
REAL
    0.412322   0.00452662 -0.000786892      0.32367
  0.00452662    0.0888626   0.00997333   -0.0020064
-0.000786892   0.00997333     0.089455   -0.0110443
     0.32367   -0.0020064   -0.0110443      0.40936
IMAGINARY
          0  0.00709074  0.00368963 -0.00207199
-0.00709074           0 -0.00389459  0.00878861
-0.00368963  0.00389459           0  0.00306597
 0.00207199 -0.00878861 -0.00306597           0
EndNode1[0]<--->Repeater1[0]
REAL
   0.431967  0.00880439  0.00238519    0.317124
 0.00880439   0.0897207 -0.00111395  0.00478327
 0.00238519 -0.00111395   0.0742721  0.00553253
   0.317124  0.00478327  0.00553253     0.40404
IMAGINARY
           0 -0.000196805   0.00177141   -0.0130244
 0.000196805            0    0.0112236  -0.00115942
 -0.00177141   -0.0112236            0  -0.00592315
   0.0130244   0.00115942   0.00592315            0
EndNode2[0]<--->HoM1[0]
REAL
   0.418331 -0.00597206 -0.00328725    0.318029
-0.00597206   0.0893067  -0.0076025  -0.0162625
-0.00328725  -0.0076025   0.0904818  0.00300998
   0.318029  -0.0162625  0.00300998     0.40188
IMAGINARY
          0  0.00540784 -0.00447884  -0.0239128
-0.00540784           0  0.00296888  0.00909991
 0.00447884 -0.00296888           0   0.0103038
  0.0239128 -0.00909991  -0.0103038           0
Repeater1[0]<--->EndNode1[0]
REAL
   0.431967  0.00238519  0.00880439    0.317124
 0.00238519   0.0742721 -0.00111395  0.00553253
 0.00880439 -0.00111395   0.0897207  0.00478327
   0.317124  0.00553253  0.00478327     0.40404
IMAGINARY
           0   0.00177141 -0.000196805   -0.0130244
 -0.00177141            0   -0.0112236  -0.00592315
 0.000196805    0.0112236            0  -0.00115942
   0.0130244   0.00592315   0.00115942            0
Repeater1[0]<--->HoM1[0]
REAL
   0.418331 -0.00328725 -0.00597206    0.318029
-0.00328725   0.0904818  -0.0076025  0.00300998
-0.00597206  -0.0076025   0.0893067  -0.0162625
   0.318029  0.00300998  -0.0162625     0.40188
IMAGINARY
          0 -0.00447884  0.00540784  -0.0239128
 0.00447884           0 -0.00296888   0.0103038
-0.00540784  0.00296888           0  0.00909991
  0.0239128  -0.0103038 -0.00909991           0
EndNode1[0]<--->Repeater1[0]
REAL
   0.434402   0.0127824  0.00526804    0.349836
  0.0127824   0.0810496  0.00212959 -0.00465379
 0.00526804  0.00212959   0.0822157  -0.0127824
   0.349836 -0.00465379  -0.0127824    0.402332
IMAGINARY
           0   0.00412956  0.000306924  -0.00598271
 -0.00412956            0    0.0113784  0.000610507
-0.000306924   -0.0113784            0  0.000457593
  0.00598271 -0.000610507 -0.000457593            0
EndNode2[0]<--->HoM1[0]
REAL
   0.402693 -0.00730632 -0.00160579    0.334194
-0.00730632    0.100979 -0.00865458  0.00939956
-0.00160579 -0.00865458   0.0856793 0.000112077
   0.334194  0.00939956 0.000112077    0.410649
IMAGINARY
           0   -0.0114637 -0.000852926  0.000819515
   0.0114637            0   0.00859154  -0.00297285
 0.000852926  -0.00859154            0   0.00292928
-0.000819515   0.00297285  -0.00292928            0
Repeater1[0]<--->EndNode1[0]
REAL
   0.434402  0.00526804   0.0127824    0.349836
 0.00526804   0.0822157  0.00212959  -0.0127824
  0.0127824  0.00212959   0.0810496 -0.00465379
   0.349836  -0.0127824 -0.00465379    0.402332
IMAGINARY
           0  0.000306924   0.00412956  -0.00598271
-0.000306924            0   -0.0113784  0.000457593
 -0.00412956    0.0113784            0  0.000610507
  0.00598271 -0.000457593 -0.000610507            0
Repeater1[0]<--->HoM1[0]
REAL
   0.402693 -0.00160579 -0.00730632    0.334194
-0.00160579   0.0856793 -0.00865458 0.000112077
-0.00730632 -0.00865458    0.100979  0.00939956
   0.334194 0.000112077  0.00939956    0.410649
IMAGINARY
           0 -0.000852926   -0.0114637  0.000819515
 0.000852926            0  -0.00859154   0.00292928
   0.0114637   0.00859154            0  -0.00297285
-0.000819515  -0.00292928   0.00297285            0
EndNode1[0]<--->Repeater1[0]
REAL
    0.399634 -0.000911781   0.00222609     0.337383
-0.000911781    0.0835876   0.00244903    0.0178699
  0.00222609   0.00244903    0.0829774   0.00241148
    0.337383    0.0178699   0.00241148     0.433801
IMAGINARY
           0  0.000500382   0.00684558  -0.00840571
-0.000500382            0  -0.00035562   0.00395874
 -0.00684558   0.00035562            0   -0.0083035
  0.00840571  -0.00395874    0.0083035            0
EndNode2[0]<--->HoM1[0]
REAL
   0.406654 -0.00341605 -0.00180645    0.320738
-0.00341605    0.102896 -0.00572273 -0.00149685
-0.00180645 -0.00572273   0.0918053  0.00251515
   0.320738 -0.00149685  0.00251515    0.398644
IMAGINARY
          0 -0.00455429 -0.00753277  -0.0231639
 0.00455429           0 -0.00373774  -0.0113676
 0.00753277  0.00373774           0  0.00913619
  0.0231639   0.0113676 -0.00913619           0
Repeater1[0]<--->EndNode1[0]
REAL
    0.399634   0.00222609 -0.000911781     0.337383
  0.00222609    0.0829774   0.00244903   0.00241148
-0.000911781   0.00244903    0.0835876    0.0178699
    0.337383   0.00241148    0.0178699     0.433801
IMAGINARY
           0   0.00684558  0.000500382  -0.00840571
 -0.00684558            0   0.00035562   -0.0083035
-0.000500382  -0.00035562            0   0.00395874
  0.00840571    0.0083035  -0.00395874            0
Repeater1[0]<--->HoM1[0]
REAL
   0.406654 -0.00180645 -0.00341605    0.320738
-0.00180645   0.0918053 -0.00572273  0.00251515
-0.00341605 -0.00572273    0.102896 -0.00149685
   0.320738  0.00251515 -0.00149685    0.398644
IMAGINARY
          0 -0.00753277 -0.00455429  -0.0231639
 0.00753277           0  0.00373774  0.00913619
 0.00455429 -0.00373774           0  -0.0113676
  0.0231639 -0.00913619   0.0113676           0
EndNode1[0]<--->Repeater1[0]
REAL
   0.407628  -0.0123972  -0.0162458    0.318668
 -0.0123972   0.0756853 -0.00278164 -0.00222711
 -0.0162458 -0.00278164   0.0983313 -0.00669148
   0.318668 -0.00222711 -0.00669148    0.418355
IMAGINARY
          0  0.00244835 -0.00378607  -0.0116313
-0.00244835           0  0.00132829  0.00408565
 0.00378607 -0.00132829           0   0.0104336
  0.0116313 -0.00408565  -0.0104336           0
EndNode2[0]<--->HoM1[0]
REAL
   0.418427     0.00121  0.00736601    0.320643
    0.00121   0.0798122  0.00312957  -0.0165322
 0.00736601  0.00312957   0.0915493 -0.00801071
   0.320643  -0.0165322 -0.00801071    0.410211
IMAGINARY
           0   -0.0122808 -0.000122362   0.00529682
   0.0122808            0   0.00944374   0.00900173
 0.000122362  -0.00944374            0   0.00830035
 -0.00529682  -0.00900173  -0.00830035            0
Repeater1[0]<--->EndNode1[0]
REAL
   0.407628  -0.0162458  -0.0123972    0.318668
 -0.0162458   0.0983313 -0.00278164 -0.00669148
 -0.0123972 -0.00278164   0.0756853 -0.00222711
   0.318668 -0.00669148 -0.00222711    0.418355
IMAGINARY
          0 -0.00378607  0.00244835  -0.0116313
 0.00378607           0 -0.00132829   0.0104336
-0.00244835  0.00132829           0  0.00408565
  0.0116313  -0.0104336 -0.00408565           0
Repeater1[0]<--->HoM1[0]
REAL
   0.418427  0.00736601     0.00121    0.320643
 0.00736601   0.0915493  0.00312957 -0.00801071
    0.00121  0.00312957   0.0798122  -0.0165322
   0.320643 -0.00801071  -0.0165322    0.410211
IMAGINARY
           0 -0.000122362   -0.0122808   0.00529682
 0.000122362            0  -0.00944374   0.00830035
   0.0122808   0.00944374            0   0.00900173
 -0.00529682  -0.00830035  -0.00900173            0
EndNode1[0]<--->Repeater1[0]
REAL
   0.420219 -0.00147086  0.00399458    0.321867
-0.00147086    0.102923 -0.00166248 -0.00249127
 0.00399458 -0.00166248   0.0816078 -0.00484303
   0.321867 -0.00249127 -0.00484303     0.39525
IMAGINARY
           0 -0.000194798  0.000182329  -0.00848152
 0.000194798            0  -0.00878038  -0.00523283
-0.000182329   0.00878038            0    0.0117813
  0.00848152   0.00523283   -0.0117813            0
EndNode2[0]<--->HoM1[0]
REAL
  0.410394  0.0131089 -0.0191631   0.325712
 0.0131089  0.0848268    0.01201  0.0102837
-0.0191631    0.01201  0.0913978 -0.0140274
  0.325712  0.0102837 -0.0140274   0.413381
IMAGINARY
           0     0.015024   0.00578712    0.0075664
   -0.015024            0   -0.0075664 -0.000378468
 -0.00578712    0.0075664            0 -6.93889e-18
  -0.0075664  0.000378468  6.93889e-18            0
Repeater1[0]<--->EndNode1[0]
REAL
   0.420219  0.00399458 -0.00147086    0.321867
 0.00399458   0.0816078 -0.00166248 -0.00484303
-0.00147086 -0.00166248    0.102923 -0.00249127
   0.321867 -0.00484303 -0.00249127     0.39525
IMAGINARY
           0  0.000182329 -0.000194798  -0.00848152
-0.000182329            0   0.00878038    0.0117813
 0.000194798  -0.00878038            0  -0.00523283
  0.00848152   -0.0117813   0.00523283            0
Repeater1[0]<--->HoM1[0]
REAL
  0.410394 -0.0191631  0.0131089   0.325712
-0.0191631  0.0913978    0.01201 -0.0140274
 0.0131089    0.01201  0.0848268  0.0102837
  0.325712 -0.0140274  0.0102837   0.413381
IMAGINARY
           0   0.00578712     0.015024    0.0075664
 -0.00578712            0    0.0075664 -6.93889e-18
   -0.015024   -0.0075664            0 -0.000378468
  -0.0075664  6.93889e-18  0.000378468            0
EndNode1[0]<--->Repeater1[0]
REAL
   0.434594   0.0162149 -0.00266752    0.327129
  0.0162149   0.0793552  0.00519558   0.0159847
-0.00266752  0.00519558   0.0750155  0.00255027
   0.327129   0.0159847  0.00255027    0.411035
IMAGINARY
           0   0.00273224   0.00550339   -0.0056955
 -0.00273224            0 -0.000207691   -0.0182224
 -0.00550339  0.000207691            0  -0.00301489
   0.0056955    0.0182224   0.00301489            0
EndNode2[0]<--->HoM1[0]
REAL
   0.406829 -0.00248029 -0.00135297    0.329143
-0.00248029   0.0815972 -0.00681374 -0.00404919
-0.00135297 -0.00681374   0.0931713  -0.0185281
   0.329143 -0.00404919  -0.0185281    0.418403
IMAGINARY
          0  -0.0157336  0.00539449  -0.0185077
  0.0157336           0 -0.00928702   0.0230559
-0.00539449  0.00928702           0 -0.00363684
  0.0185077  -0.0230559  0.00363684           0
Repeater1[0]<--->EndNode1[0]
REAL
   0.434594 -0.00266752   0.0162149    0.327129
-0.00266752   0.0750155  0.00519558  0.00255027
  0.0162149  0.00519558   0.0793552   0.0159847
   0.327129  0.00255027   0.0159847    0.411035
IMAGINARY
           0   0.00550339   0.00273224   -0.0056955
 -0.00550339            0  0.000207691  -0.00301489
 -0.00273224 -0.000207691            0   -0.0182224
   0.0056955   0.00301489    0.0182224            0
Repeater1[0]<--->HoM1[0]
REAL
   0.406829 -0.00135297 -0.00248029    0.329143
-0.00135297   0.0931713 -0.00681374  -0.0185281
-0.00248029 -0.00681374   0.0815972 -0.00404919
   0.329143  -0.0185281 -0.00404919    0.418403
IMAGINARY
          0  0.00539449  -0.0157336  -0.0185077
-0.00539449           0  0.00928702 -0.00363684
  0.0157336 -0.00928702           0   0.0230559
  0.0185077  0.00363684  -0.0230559           0
EndNode1[0]<--->Repeater1[0]
REAL
    0.404167   -0.0079712  -0.00560288     0.328418
  -0.0079712    0.0869048  -0.00574025   0.00319033
 -0.00560288  -0.00574025     0.089881 -0.000472704
    0.328418   0.00319033 -0.000472704     0.419048
IMAGINARY
          0 -0.00590929  0.00760665  0.00117533
 0.00590929           0 -0.00988404   0.0103389
-0.00760665  0.00988404           0 -0.00708576
-0.00117533  -0.0103389  0.00708576           0
EndNode2[0]<--->HoM1[0]
REAL
    0.414129   0.00192403   0.00618588     0.317222
  0.00192403    0.0876979  -0.00236232  -0.00862193
  0.00618588  -0.00236232    0.0809988 -0.000706007
    0.317222  -0.00862193 -0.000706007     0.417174
IMAGINARY
          0  0.00594753  0.00400896  0.00642682
-0.00594753           0   0.0120917  0.00340944
-0.00400896  -0.0120917           0  -0.0098051
-0.00642682 -0.00340944   0.0098051           0
Repeater1[0]<--->EndNode1[0]
REAL
    0.404167  -0.00560288   -0.0079712     0.328418
 -0.00560288     0.089881  -0.00574025 -0.000472704
  -0.0079712  -0.00574025    0.0869048   0.00319033
    0.328418 -0.000472704   0.00319033     0.419048
IMAGINARY
          0  0.00760665 -0.00590929  0.00117533
-0.00760665           0  0.00988404 -0.00708576
 0.00590929 -0.00988404           0   0.0103389
-0.00117533  0.00708576  -0.0103389           0
Repeater1[0]<--->HoM1[0]
REAL
    0.414129   0.00618588   0.00192403     0.317222
  0.00618588    0.0809988  -0.00236232 -0.000706007
  0.00192403  -0.00236232    0.0876979  -0.00862193
    0.317222 -0.000706007  -0.00862193     0.417174
IMAGINARY
          0  0.00400896  0.00594753  0.00642682
-0.00400896           0  -0.0120917  -0.0098051
-0.00594753   0.0120917           0  0.00340944
-0.00642682   0.0098051 -0.00340944           0
EndNode1[0]<--->Repeater1[0]
REAL
     0.40282   -0.0186287  -0.00656575     0.323228
  -0.0186287     0.091355 -0.000590594  -0.00626972
 -0.00656575 -0.000590594    0.0895156  -0.00704225
    0.323228  -0.00626972  -0.00704225     0.416309
IMAGINARY
          0  0.00979261  -0.0015059   0.0051794
-0.00979261           0  0.00487545  -0.0067814
  0.0015059 -0.00487545           0 -0.00825793
 -0.0051794   0.0067814  0.00825793           0
EndNode2[0]<--->HoM1[0]
REAL
    0.406195 -0.000151175   0.00378706     0.323011
-0.000151175    0.0929281   0.00162466   0.00349449
  0.00378706   0.00162466     0.087668    0.0165347
    0.323011   0.00349449    0.0165347     0.413209
IMAGINARY
           0  -0.00294683    0.0121782  0.000345567
  0.00294683            0   0.00564812  -0.00747783
  -0.0121782  -0.00564812            0  -0.00175352
-0.000345567   0.00747783   0.00175352            0
Repeater1[0]<--->EndNode1[0]
REAL
     0.40282  -0.00656575   -0.0186287     0.323228
 -0.00656575    0.0895156 -0.000590594  -0.00704225
  -0.0186287 -0.000590594     0.091355  -0.00626972
    0.323228  -0.00704225  -0.00626972     0.416309
IMAGINARY
          0  -0.0015059  0.00979261   0.0051794
  0.0015059           0 -0.00487545 -0.00825793
-0.00979261  0.00487545           0  -0.0067814
 -0.0051794  0.00825793   0.0067814           0
Repeater1[0]<--->HoM1[0]
REAL
    0.406195   0.00378706 -0.000151175     0.323011
  0.00378706     0.087668   0.00162466    0.0165347
-0.000151175   0.00162466    0.0929281   0.00349449
    0.323011    0.0165347   0.00349449     0.413209
IMAGINARY
           0    0.0121782  -0.00294683  0.000345567
  -0.0121782            0  -0.00564812  -0.00175352
  0.00294683   0.00564812            0  -0.00747783
-0.000345567   0.00175352   0.00747783            0
EndNode1[0]<--->Repeater1[0]
REAL
   0.403465  0.00422283   0.0027504    0.328351
 0.00422283   0.0983911  -0.0106617 -0.00515714
  0.0027504  -0.0106617    0.085396  -0.0156548
   0.328351 -0.00515714  -0.0156548    0.412748
IMAGINARY
          0   0.0071815   0.0018656   0.0115733
 -0.0071815           0   -0.003742  -0.0194919
 -0.0018656    0.003742           0 -0.00365623
 -0.0115733   0.0194919  0.00365623           0
EndNode2[0]<--->HoM1[0]
REAL
    0.413834   0.00445867   0.00932581     0.324425
  0.00445867    0.0816935    0.0104167 -0.000841651
  0.00932581    0.0104167    0.0870602   0.00628794
    0.324425 -0.000841651   0.00628794     0.417412
IMAGINARY
          0   0.0135095  -0.0131327  0.00764253
 -0.0135095           0    0.001181 -0.00305329
  0.0131327   -0.001181           0  0.00149936
-0.00764253  0.00305329 -0.00149936           0
Repeater1[0]<--->EndNode1[0]
REAL
   0.403465   0.0027504  0.00422283    0.328351
  0.0027504    0.085396  -0.0106617  -0.0156548
 0.00422283  -0.0106617   0.0983911 -0.00515714
   0.328351  -0.0156548 -0.00515714    0.412748
IMAGINARY
          0   0.0018656   0.0071815   0.0115733
 -0.0018656           0    0.003742 -0.00365623
 -0.0071815   -0.003742           0  -0.0194919
 -0.0115733  0.00365623   0.0194919           0
Repeater1[0]<--->HoM1[0]
REAL
    0.413834   0.00932581   0.00445867     0.324425
  0.00932581    0.0870602    0.0104167   0.00628794
  0.00445867    0.0104167    0.0816935 -0.000841651
    0.324425   0.00628794 -0.000841651     0.417412
IMAGINARY
          0  -0.0131327   0.0135095  0.00764253
  0.0131327           0   -0.001181  0.00149936
 -0.0135095    0.001181           0 -0.00305329
-0.00764253 -0.00149936  0.00305329           0
EndNode1[0]<--->Repeater1[0]
REAL
   0.407317  -0.0129353  0.00896462    0.327737
 -0.0129353   0.0878049  0.00108629  -0.0113176
 0.00896462  0.00108629   0.0969512 -0.00177056
   0.327737  -0.0113176 -0.00177056    0.407927
IMAGINARY
           0   0.00175625   -0.0011927  7.91041e-05
 -0.00175625            0   0.00285517 -0.000576173
   0.0011927  -0.00285517            0   -0.0106006
-7.91041e-05  0.000576173    0.0106006            0
EndNode2[0]<--->HoM1[0]
REAL
    0.402332 -0.000882353   0.00368999     0.314425
-0.000882353    0.0822157  0.000281053    0.0204277
  0.00368999  0.000281053    0.0810496    0.0114706
    0.314425    0.0204277    0.0114706     0.434402
IMAGINARY
          0 -0.00934945  0.00740005    0.012718
 0.00934945           0  0.00127224  -0.0205503
-0.00740005 -0.00127224           0   0.0224997
  -0.012718   0.0205503  -0.0224997           0
Repeater1[0]<--->EndNode1[0]
REAL
   0.407317  0.00896462  -0.0129353    0.327737
 0.00896462   0.0969512  0.00108629 -0.00177056
 -0.0129353  0.00108629   0.0878049  -0.0113176
   0.327737 -0.00177056  -0.0113176    0.407927
IMAGINARY
           0   -0.0011927   0.00175625  7.91041e-05
   0.0011927            0  -0.00285517   -0.0106006
 -0.00175625   0.00285517            0 -0.000576173
-7.91041e-05    0.0106006  0.000576173            0
Repeater1[0]<--->HoM1[0]
REAL
    0.402332   0.00368999 -0.000882353     0.314425
  0.00368999    0.0810496  0.000281053    0.0114706
-0.000882353  0.000281053    0.0822157    0.0204277
    0.314425    0.0114706    0.0204277     0.434402
IMAGINARY
          0  0.00740005 -0.00934945    0.012718
-0.00740005           0 -0.00127224   0.0224997
 0.00934945  0.00127224           0  -0.0205503
  -0.012718  -0.0224997   0.0205503           0
EndNode1[0]<--->Repeater1[0]
REAL
   0.425121  -0.0126276 -0.00629445    0.311577
 -0.0126276   0.0875604  0.00495934   0.0053892
-0.00629445  0.00495934   0.0815217  0.00568738
   0.311577   0.0053892  0.00568738    0.405797
IMAGINARY
          0 -0.00205799  -0.0157787  0.00567708
 0.00205799           0  0.00101508 -0.00732457
  0.0157787 -0.00101508           0  0.00861817
-0.00567708  0.00732457 -0.00861817           0
EndNode2[0]<--->HoM1[0]
REAL
  0.402512  0.0157941 0.00794906   0.326976
 0.0157941  0.0950957 -0.0148793 0.00173972
0.00794906 -0.0148793  0.0867225 -0.0131517
  0.326976 0.00173972 -0.0131517    0.41567
IMAGINARY
          0   0.0087024  0.00939262 -0.00800808
 -0.0087024           0 -0.00062801  -0.0052309
-0.00939262  0.00062801           0 -0.00454069
 0.00800808   0.0052309  0.00454069           0
Repeater1[0]<--->EndNode1[0]
REAL
   0.425121 -0.00629445  -0.0126276    0.311577
-0.00629445   0.0815217  0.00495934  0.00568738
 -0.0126276  0.00495934   0.0875604   0.0053892
   0.311577  0.00568738   0.0053892    0.405797
IMAGINARY
          0  -0.0157787 -0.00205799  0.00567708
  0.0157787           0 -0.00101508  0.00861817
 0.00205799  0.00101508           0 -0.00732457
-0.00567708 -0.00861817  0.00732457           0
Repeater1[0]<--->HoM1[0]
REAL
  0.402512 0.00794906  0.0157941   0.326976
0.00794906  0.0867225 -0.0148793 -0.0131517
 0.0157941 -0.0148793  0.0950957 0.00173972
  0.326976 -0.0131517 0.00173972    0.41567
IMAGINARY
          0  0.00939262   0.0087024 -0.00800808
-0.00939262           0  0.00062801 -0.00454069
 -0.0087024 -0.00062801           0  -0.0052309
 0.00800808  0.00454069   0.0052309           0
EndNode1[0]<--->Repeater1[0]
REAL
    0.40569  0.00486947  0.00651234    0.307909
 0.00486947   0.0841064 -0.00589183 -0.00777337
 0.00651234 -0.00589183   0.0946197  -0.0200019
   0.307909 -0.00777337  -0.0200019    0.415584
IMAGINARY
          0   0.0128885 -0.00653927   0.0131364
 -0.0128885           0  -0.0104207 -0.00803538
 0.00653927   0.0104207           0 -0.00366779
 -0.0131364  0.00803538  0.00366779           0
EndNode2[0]<--->HoM1[0]
REAL
  0.415366 0.00935318 -0.0028306   0.332246
0.00935318  0.0792317  0.0118401 -0.0097142
-0.0028306  0.0118401    0.10024 -0.0153269
  0.332246 -0.0097142 -0.0153269   0.405162
IMAGINARY
          0  -0.0100379 -0.00134293  0.00687643
  0.0100379           0  0.00482123  0.00014961
 0.00134293 -0.00482123           0  0.00466798
-0.00687643 -0.00014961 -0.00466798           0
Repeater1[0]<--->EndNode1[0]
REAL
    0.40569  0.00651234  0.00486947    0.307909
 0.00651234   0.0946197 -0.00589183  -0.0200019
 0.00486947 -0.00589183   0.0841064 -0.00777337
   0.307909  -0.0200019 -0.00777337    0.415584
IMAGINARY
          0 -0.00653927   0.0128885   0.0131364
 0.00653927           0   0.0104207 -0.00366779
 -0.0128885  -0.0104207           0 -0.00803538
 -0.0131364  0.00366779  0.00803538           0
Repeater1[0]<--->HoM1[0]
REAL
  0.415366 -0.0028306 0.00935318   0.332246
-0.0028306    0.10024  0.0118401 -0.0153269
0.00935318  0.0118401  0.0792317 -0.0097142
  0.332246 -0.0153269 -0.0097142   0.405162
IMAGINARY
          0 -0.00134293  -0.0100379  0.00687643
 0.00134293           0 -0.00482123  0.00466798
  0.0100379  0.00482123           0  0.00014961
-0.00687643 -0.00466798 -0.00014961           0
EndNode1[0]<--->Repeater1[0]
REAL
      0.3949  -0.00983267 -0.000107623     0.323309
 -0.00983267    0.0895522  -0.00109969    0.0069003
-0.000107623  -0.00109969      0.10199   0.00894667
    0.323309    0.0069003   0.00894667     0.413557
IMAGINARY
          0 -0.00696411   0.0135366 -0.00624202
 0.00696411           0   0.0028904  0.00389803
 -0.0135366  -0.0028904           0 -0.00548919
 0.00624202 -0.00389803  0.00548919           0
EndNode2[0]<--->HoM1[0]
REAL
   0.396635 -0.00399262 -0.00762412    0.323346
-0.00399262   0.0817308  0.00243355  0.00791841
-0.00762412  0.00243355   0.0907452 -0.00277607
   0.323346  0.00791841 -0.00277607    0.430889
IMAGINARY
           0   0.00393882    0.0100014    0.0115279
 -0.00393882            0 -0.000486889  -0.00624632
  -0.0100014  0.000486889            0  -0.00653848
  -0.0115279   0.00624632   0.00653848            0
Repeater1[0]<--->EndNode1[0]
REAL
      0.3949 -0.000107623  -0.00983267     0.323309
-0.000107623      0.10199  -0.00109969   0.00894667
 -0.00983267  -0.00109969    0.0895522    0.0069003
    0.323309   0.00894667    0.0069003     0.413557
IMAGINARY
          0   0.0135366 -0.00696411 -0.00624202
 -0.0135366           0  -0.0028904 -0.00548919
 0.00696411   0.0028904           0  0.00389803
 0.00624202  0.00548919 -0.00389803           0
Repeater1[0]<--->HoM1[0]
REAL
   0.396635 -0.00762412 -0.00399262    0.323346
-0.00762412   0.0907452  0.00243355 -0.00277607
-0.00399262  0.00243355   0.0817308  0.00791841
   0.323346 -0.00277607  0.00791841    0.430889
IMAGINARY
           0    0.0100014   0.00393882    0.0115279
  -0.0100014            0  0.000486889  -0.00653848
 -0.00393882 -0.000486889            0  -0.00624632
  -0.0115279   0.00653848   0.00624632            0
EndNode1[0]<--->Repeater1[0]
REAL
   0.419274   0.0228928 0.000335575    0.318863
  0.0228928   0.0801001  0.00411476  0.00962926
0.000335575  0.00411476   0.0969962 -0.00237695
   0.318863  0.00962926 -0.00237695     0.40363
IMAGINARY
          0  -0.0037781  0.00435536 -0.00636602
  0.0037781           0  0.00377535  0.00703553
-0.00435536 -0.00377535           0  -0.0106104
 0.00636602 -0.00703553   0.0106104           0
EndNode2[0]<--->HoM1[0]
REAL
    0.41657  0.00646595  0.00152644    0.330517
 0.00646595    0.094438 -0.00590126  -0.0122957
 0.00152644 -0.00590126   0.0840093  0.00676482
   0.330517  -0.0122957  0.00676482    0.404983
IMAGINARY
          0  0.00460138  0.00539808 -0.00223556
-0.00460138           0  -0.0104422 -0.00987569
-0.00539808   0.0104422           0  0.00704041
 0.00223556  0.00987569 -0.00704041           0
Repeater1[0]<--->EndNode1[0]
REAL
   0.419274 0.000335575   0.0228928    0.318863
0.000335575   0.0969962  0.00411476 -0.00237695
  0.0228928  0.00411476   0.0801001  0.00962926
   0.318863 -0.00237695  0.00962926     0.40363
IMAGINARY
          0  0.00435536  -0.0037781 -0.00636602
-0.00435536           0 -0.00377535  -0.0106104
  0.0037781  0.00377535           0  0.00703553
 0.00636602   0.0106104 -0.00703553           0
Repeater1[0]<--->HoM1[0]
REAL
    0.41657  0.00152644  0.00646595    0.330517
 0.00152644   0.0840093 -0.00590126  0.00676482
 0.00646595 -0.00590126    0.094438  -0.0122957
   0.330517  0.00676482  -0.0122957    0.404983
IMAGINARY
          0  0.00539808  0.00460138 -0.00223556
-0.00539808           0   0.0104422  0.00704041
-0.00460138  -0.0104422           0 -0.00987569
 0.00223556 -0.00704041  0.00987569           0
EndNode1[0]<--->Repeater1[0]
REAL
   0.409877 -0.00395964  0.00274203    0.318861
-0.00395964   0.0790123  0.00273548 -0.00743687
 0.00274203  0.00273548   0.0851852  -0.0101249
   0.318861 -0.00743687  -0.0101249    0.425926
IMAGINARY
          0   0.0109296  -0.0053321 -0.00932523
 -0.0109296           0 -0.00662901  -0.0103292
  0.0053321  0.00662901           0 -0.00396907
 0.00932523   0.0103292  0.00396907           0
EndNode2[0]<--->HoM1[0]
REAL
   0.412012   0.0166982   0.0049452    0.333347
  0.0166982   0.0780781 -0.00484457 -0.00615293
  0.0049452 -0.00484457   0.0870871  -0.0094518
   0.333347 -0.00615293  -0.0094518    0.422823
IMAGINARY
          0 -0.00414847   0.0121999 -6.5578e-05
 0.00414847           0  0.00325768  0.00951335
 -0.0121999 -0.00325768           0  -0.0199443
 6.5578e-05 -0.00951335   0.0199443           0
Repeater1[0]<--->EndNode1[0]
REAL
   0.409877  0.00274203 -0.00395964    0.318861
 0.00274203   0.0851852  0.00273548  -0.0101249
-0.00395964  0.00273548   0.0790123 -0.00743687
   0.318861  -0.0101249 -0.00743687    0.425926
IMAGINARY
          0  -0.0053321   0.0109296 -0.00932523
  0.0053321           0  0.00662901 -0.00396907
 -0.0109296 -0.00662901           0  -0.0103292
 0.00932523  0.00396907   0.0103292           0
Repeater1[0]<--->HoM1[0]
REAL
   0.412012   0.0049452   0.0166982    0.333347
  0.0049452   0.0870871 -0.00484457  -0.0094518
  0.0166982 -0.00484457   0.0780781 -0.00615293
   0.333347  -0.0094518 -0.00615293    0.422823
IMAGINARY
          0   0.0121999 -0.00414847 -6.5578e-05
 -0.0121999           0 -0.00325768  -0.0199443
 0.00414847  0.00325768           0  0.00951335
 6.5578e-05   0.0199443 -0.00951335           0
EndNode1[0]<--->Repeater1[0]
REAL
   0.406539 -0.00939899  0.00395657    0.319238
-0.00939899   0.0980876 -0.00175281 -0.00874278
 0.00395657 -0.00175281   0.0863664  0.00716542
   0.319238 -0.00874278  0.00716542    0.409007
IMAGINARY
          0 -0.00237655 -0.00127527  0.00653349
 0.00237655           0 -0.00564749  0.00973008
 0.00127527  0.00564749           0   0.0143299
-0.00653349 -0.00973008  -0.0143299           0
EndNode2[0]<--->HoM1[0]
REAL
   0.426737  -0.0174791  -0.0128815    0.318327
 -0.0174791   0.0776416 -0.00661155 -0.00654471
 -0.0128815 -0.00661155   0.0776416 -0.00254481
   0.318327 -0.00654471 -0.00254481     0.41798
IMAGINARY
          0   -0.025861    0.011395 -0.00863254
   0.025861           0  0.00464726 -0.00463825
  -0.011395 -0.00464726           0 -0.00116604
 0.00863254  0.00463825  0.00116604           0
Repeater1[0]<--->EndNode1[0]
REAL
   0.406539  0.00395657 -0.00939899    0.319238
 0.00395657   0.0863664 -0.00175281  0.00716542
-0.00939899 -0.00175281   0.0980876 -0.00874278
   0.319238  0.00716542 -0.00874278    0.409007
IMAGINARY
          0 -0.00127527 -0.00237655  0.00653349
 0.00127527           0  0.00564749   0.0143299
 0.00237655 -0.00564749           0  0.00973008
-0.00653349  -0.0143299 -0.00973008           0
Repeater1[0]<--->HoM1[0]
REAL
   0.426737  -0.0128815  -0.0174791    0.318327
 -0.0128815   0.0776416 -0.00661155 -0.00254481
 -0.0174791 -0.00661155   0.0776416 -0.00654471
   0.318327 -0.00254481 -0.00654471     0.41798
IMAGINARY
          0    0.011395   -0.025861 -0.00863254
  -0.011395           0 -0.00464726 -0.00116604
   0.025861  0.00464726           0 -0.00463825
 0.00863254  0.00116604  0.00463825           0
EndNode1[0]<--->Repeater1[0]
REAL
   0.407041  -0.0111951  -0.0100846    0.338863
 -0.0111951   0.0784435 -0.00108937 -0.00678925
 -0.0100846 -0.00108937   0.0889438 0.000241862
   0.338863 -0.00678925 0.000241862    0.425571
IMAGINARY
           0   -0.0117955  -0.00113959 -0.000167875
   0.0117955            0    0.0137986   0.00854919
  0.00113959   -0.0137986            0  0.000829284
 0.000167875  -0.00854919 -0.000829284            0
EndNode2[0]<--->HoM1[0]
REAL
     0.4072 -0.00900581  0.00177515    0.329644
-0.00900581    0.088144  0.00136688 -0.00177515
 0.00177515  0.00136688   0.0869025  0.00494077
   0.329644 -0.00177515  0.00494077    0.417753
IMAGINARY
           0   0.00105981   0.00672836  -0.00697718
 -0.00105981            0  -0.00138017  -0.00308759
 -0.00672836   0.00138017            0  0.000760583
  0.00697718   0.00308759 -0.000760583            0
Repeater1[0]<--->EndNode1[0]
REAL
   0.407041  -0.0100846  -0.0111951    0.338863
 -0.0100846   0.0889438 -0.00108937 0.000241862
 -0.0111951 -0.00108937   0.0784435 -0.00678925
   0.338863 0.000241862 -0.00678925    0.425571
IMAGINARY
           0  -0.00113959   -0.0117955 -0.000167875
  0.00113959            0   -0.0137986  0.000829284
   0.0117955    0.0137986            0   0.00854919
 0.000167875 -0.000829284  -0.00854919            0
Repeater1[0]<--->HoM1[0]
REAL
     0.4072  0.00177515 -0.00900581    0.329644
 0.00177515   0.0869025  0.00136688  0.00494077
-0.00900581  0.00136688    0.088144 -0.00177515
   0.329644  0.00494077 -0.00177515    0.417753
IMAGINARY
           0   0.00672836   0.00105981  -0.00697718
 -0.00672836            0   0.00138017  0.000760583
 -0.00105981  -0.00138017            0  -0.00308759
  0.00697718 -0.000760583   0.00308759            0
EndNode1[0]<--->Repeater1[0]
REAL
    0.399403   -0.0156793 -1.93106e-05     0.334652
  -0.0156793    0.0955224   0.00551904  -0.00396109
-1.93106e-05   0.00551904    0.0889552   0.00373813
    0.334652  -0.00396109   0.00373813     0.416119
IMAGINARY
          0  0.00498585  -0.0126772  0.00165043
-0.00498585           0  -0.0115803 -0.00975668
  0.0126772   0.0115803           0 -0.00344928
-0.00165043  0.00975668  0.00344928           0
EndNode2[0]<--->HoM1[0]
REAL
   0.404805  0.00577055 -0.00102114    0.321642
 0.00577055   0.0960961   0.0115927 0.000130933
-0.00102114   0.0115927   0.0906907 -0.00488034
   0.321642 0.000130933 -0.00488034    0.408408
IMAGINARY
           0  -0.00875242 -0.000822368  -0.00758328
  0.00875242            0   0.00232663   -0.0095943
 0.000822368  -0.00232663            0   -0.0114682
  0.00758328    0.0095943    0.0114682            0
Repeater1[0]<--->EndNode1[0]
REAL
    0.399403 -1.93106e-05   -0.0156793     0.334652
-1.93106e-05    0.0889552   0.00551904   0.00373813
  -0.0156793   0.00551904    0.0955224  -0.00396109
    0.334652   0.00373813  -0.00396109     0.416119
IMAGINARY
          0  -0.0126772  0.00498585  0.00165043
  0.0126772           0   0.0115803 -0.00344928
-0.00498585  -0.0115803           0 -0.00975668
-0.00165043  0.00344928  0.00975668           0
Repeater1[0]<--->HoM1[0]
REAL
   0.404805 -0.00102114  0.00577055    0.321642
-0.00102114   0.0906907   0.0115927 -0.00488034
 0.00577055   0.0115927   0.0960961 0.000130933
   0.321642 -0.00488034 0.000130933    0.408408
IMAGINARY
           0 -0.000822368  -0.00875242  -0.00758328
 0.000822368            0  -0.00232663   -0.0114682
  0.00875242   0.00232663            0   -0.0095943
  0.00758328    0.0114682    0.0095943            0
EndNode1[0]<--->Repeater1[0]
REAL
   0.400121 -0.00410501 0.000413802    0.330898
-0.00410501   0.0880389  0.00496794 -0.00436517
0.000413802  0.00496794   0.0837887  0.00136945
   0.330898 -0.00436517  0.00136945    0.428051
IMAGINARY
          0  -0.0103637  0.00153196  0.00454953
  0.0103637           0   0.0103246   0.0116733
-0.00153196  -0.0103246           0  0.00196029
-0.00454953  -0.0116733 -0.00196029           0
EndNode2[0]<--->HoM1[0]
REAL
   0.391765  0.00948269 -0.00255799    0.321961
 0.00948269        0.09 -0.00114809  -0.0128361
-0.00255799 -0.00114809   0.0941176  -0.0193349
   0.321961  -0.0128361  -0.0193349    0.424118
IMAGINARY
          0   0.0146146 -0.00859458 -0.00784634
 -0.0146146           0   0.0136334  -0.0149313
 0.00859458  -0.0136334           0  0.00116865
 0.00784634   0.0149313 -0.00116865           0
Repeater1[0]<--->EndNode1[0]
REAL
   0.400121 0.000413802 -0.00410501    0.330898
0.000413802   0.0837887  0.00496794  0.00136945
-0.00410501  0.00496794   0.0880389 -0.00436517
   0.330898  0.00136945 -0.00436517    0.428051
IMAGINARY
          0  0.00153196  -0.0103637  0.00454953
-0.00153196           0  -0.0103246  0.00196029
  0.0103637   0.0103246           0   0.0116733
-0.00454953 -0.00196029  -0.0116733           0
Repeater1[0]<--->HoM1[0]
REAL
   0.391765 -0.00255799  0.00948269    0.321961
-0.00255799   0.0941176 -0.00114809  -0.0193349
 0.00948269 -0.00114809        0.09  -0.0128361
   0.321961  -0.0193349  -0.0128361    0.424118
IMAGINARY
          0 -0.00859458   0.0146146 -0.00784634
 0.00859458           0  -0.0136334  0.00116865
 -0.0146146   0.0136334           0  -0.0149313
 0.00784634 -0.00116865   0.0149313           0
EndNode1[0]<--->Repeater1[0]
REAL
    0.414081   -0.0197066  -0.00516263     0.329683
  -0.0197066    0.0877088  -0.00154852 -0.000428898
 -0.00516263  -0.00154852    0.0924821  -0.00118806
    0.329683 -0.000428898  -0.00118806     0.405728
IMAGINARY
          0   -0.010364  0.00157917  0.00176533
   0.010364           0   0.0043923 -0.00608367
-0.00157917  -0.0043923           0  0.00706069
-0.00176533  0.00608367 -0.00706069           0
EndNode2[0]<--->HoM1[0]
REAL
    0.40472   0.0115263   0.0109697    0.333072
  0.0115263   0.0825959  0.00575568 -0.00425419
  0.0109697  0.00575568   0.0814159 -0.00847375
   0.333072 -0.00425419 -0.00847375    0.431268
IMAGINARY
          0  0.00579162     0.01279  -0.0114783
-0.00579162           0 -0.00166309 -0.00556982
   -0.01279  0.00166309           0 -0.00278319
  0.0114783  0.00556982  0.00278319           0
Repeater1[0]<--->EndNode1[0]
REAL
    0.414081  -0.00516263   -0.0197066     0.329683
 -0.00516263    0.0924821  -0.00154852  -0.00118806
  -0.0197066  -0.00154852    0.0877088 -0.000428898
    0.329683  -0.00118806 -0.000428898     0.405728
IMAGINARY
          0  0.00157917   -0.010364  0.00176533
-0.00157917           0  -0.0043923  0.00706069
   0.010364   0.0043923           0 -0.00608367
-0.00176533 -0.00706069  0.00608367           0
Repeater1[0]<--->HoM1[0]
REAL
    0.40472   0.0109697   0.0115263    0.333072
  0.0109697   0.0814159  0.00575568 -0.00847375
  0.0115263  0.00575568   0.0825959 -0.00425419
   0.333072 -0.00847375 -0.00425419    0.431268
IMAGINARY
          0     0.01279  0.00579162  -0.0114783
   -0.01279           0  0.00166309 -0.00278319
-0.00579162 -0.00166309           0 -0.00556982
  0.0114783  0.00278319  0.00556982           0
EndNode1[0]<--->Repeater1[0]
REAL
   0.423277  0.00228569   0.0129914    0.332053
