EndNode1[0]<--->Repeater1[0]
REAL
    0.448799 -0.000658518   0.00304136     0.376756
-0.000658518    0.0821745    0.0295705   0.00304136
  0.00304136    0.0295705    0.0733249   -0.0188062
    0.376756   0.00304136   -0.0188062     0.395702
IMAGINARY
          0 -0.00116152    0.018901  0.00783091
 0.00116152           0   0.0024255 -0.00415567
  -0.018901  -0.0024255           0 -0.00822186
-0.00783091  0.00415567  0.00822186           0
EndNode2[0]<--->HoM1[0]
REAL
    0.42132    0.016025   0.0242492    0.376236
   0.016025    0.072335   0.0261706 -0.00419577
  0.0242492   0.0261706   0.0913706  0.00269162
   0.376236 -0.00419577  0.00269162    0.414975
IMAGINARY
          0  0.00341895   0.0065598  0.00330783
-0.00341895           0 -0.00578308   0.0110412
 -0.0065598  0.00578308           0   0.0115745
-0.00330783  -0.0110412  -0.0115745           0
Repeater1[0]<--->EndNode1[0]
REAL
    0.448799   0.00304136 -0.000658518     0.376756
  0.00304136    0.0733249    0.0295705   -0.0188062
-0.000658518    0.0295705    0.0821745   0.00304136
    0.376756   -0.0188062   0.00304136     0.395702
IMAGINARY
          0    0.018901 -0.00116152  0.00783091
  -0.018901           0  -0.0024255 -0.00822186
 0.00116152   0.0024255           0 -0.00415567
-0.00783091  0.00822186  0.00415567           0
Repeater1[0]<--->HoM1[0]
REAL
    0.42132   0.0242492    0.016025    0.376236
  0.0242492   0.0913706   0.0261706  0.00269162
   0.016025   0.0261706    0.072335 -0.00419577
   0.376236  0.00269162 -0.00419577    0.414975
IMAGINARY
          0   0.0065598  0.00341895  0.00330783
 -0.0065598           0  0.00578308   0.0115745
-0.00341895 -0.00578308           0   0.0110412
-0.00330783  -0.0115745  -0.0110412           0
EndNode1[0]<--->Repeater1[0]
REAL
    0.410738    -0.012448 -0.000241676     0.388834
   -0.012448     0.085906    0.0308091    0.0155478
-0.000241676    0.0308091    0.0563758   0.00607048
    0.388834    0.0155478   0.00607048      0.44698
IMAGINARY
          0 -0.00153281  0.00523733 -0.00623112
 0.00153281           0 -0.00242401  0.00834292
-0.00523733  0.00242401           0 -0.00340547
 0.00623112 -0.00834292  0.00340547           0
EndNode2[0]<--->HoM1[0]
REAL
  0.433814 0.00291558 0.00664961   0.359767
0.00291558  0.0694626   0.046799 0.00597666
0.00664961   0.046799  0.0629096  0.0198117
  0.359767 0.00597666  0.0198117   0.433814
IMAGINARY
          0  -0.0123216   0.0570057  0.00423027
  0.0123216           0  0.00679437  -0.0158586
 -0.0570057 -0.00679437           0  0.00359347
-0.00423027   0.0158586 -0.00359347           0
Repeater1[0]<--->EndNode1[0]
REAL
    0.410738 -0.000241676    -0.012448     0.388834
-0.000241676    0.0563758    0.0308091   0.00607048
   -0.012448    0.0308091     0.085906    0.0155478
    0.388834   0.00607048    0.0155478      0.44698
IMAGINARY
          0  0.00523733 -0.00153281 -0.00623112
-0.00523733           0  0.00242401 -0.00340547
 0.00153281 -0.00242401           0  0.00834292
 0.00623112  0.00340547 -0.00834292           0
Repeater1[0]<--->HoM1[0]
REAL
  0.433814 0.00664961 0.00291558   0.359767
0.00664961  0.0629096   0.046799  0.0198117
0.00291558   0.046799  0.0694626 0.00597666
  0.359767  0.0198117 0.00597666   0.433814
IMAGINARY
          0   0.0570057  -0.0123216  0.00423027
 -0.0570057           0 -0.00679437  0.00359347
  0.0123216  0.00679437           0  -0.0158586
-0.00423027 -0.00359347   0.0158586           0
EndNode1[0]<--->Repeater1[0]
REAL
   0.409207   0.0226921  0.00447059    0.373454
  0.0226921    0.109974   0.0292129   0.0181961
 0.00447059   0.0292129   0.0818414 -0.00402545
   0.373454   0.0181961 -0.00402545    0.398977
IMAGINARY
          0  -0.0264067  0.00588661  0.00858573
  0.0264067           0 -0.00670839   0.0072024
-0.00588661  0.00670839           0  -0.0089336
-0.00858573  -0.0072024   0.0089336           0
EndNode2[0]<--->HoM1[0]
REAL
   0.444887 -0.00815918 -0.00162763    0.376935
-0.00815918   0.0796813   0.0348297  0.00040214
-0.00162763   0.0348297   0.0690571  0.00938467
   0.376935  0.00040214  0.00938467    0.406375
IMAGINARY
          0 -0.00667543 -0.00280168 -0.00985719
 0.00667543           0 -0.00919669 -0.00597025
 0.00280168  0.00919669           0   0.0104348
 0.00985719  0.00597025  -0.0104348           0
Repeater1[0]<--->EndNode1[0]
REAL
   0.409207  0.00447059   0.0226921    0.373454
 0.00447059   0.0818414   0.0292129 -0.00402545
  0.0226921   0.0292129    0.109974   0.0181961
   0.373454 -0.00402545   0.0181961    0.398977
IMAGINARY
          0  0.00588661  -0.0264067  0.00858573
-0.00588661           0  0.00670839  -0.0089336
  0.0264067 -0.00670839           0   0.0072024
-0.00858573   0.0089336  -0.0072024           0
Repeater1[0]<--->HoM1[0]
REAL
   0.444887 -0.00162763 -0.00815918    0.376935
-0.00162763   0.0690571   0.0348297  0.00938467
-0.00815918   0.0348297   0.0796813  0.00040214
   0.376935  0.00938467  0.00040214    0.406375
IMAGINARY
          0 -0.00280168 -0.00667543 -0.00985719
 0.00280168           0  0.00919669   0.0104348
 0.00667543 -0.00919669           0 -0.00597025
 0.00985719  -0.0104348  0.00597025           0
EndNode1[0]<--->Repeater1[0]
REAL
   0.424202 -0.00227568   0.0275523    0.366749
-0.00227568   0.0837766   0.0435236  -0.0151986
  0.0275523   0.0435236   0.0691489 -0.00227568
   0.366749  -0.0151986 -0.00227568    0.422872
IMAGINARY
          0    0.001075 -0.00821862  0.00815018
  -0.001075           0  -0.0198082    0.017896
 0.00821862   0.0198082           0  -0.0197847
-0.00815018   -0.017896   0.0197847           0
EndNode2[0]<--->HoM1[0]
REAL
   0.429139 -0.00413194  0.00287487    0.372512
-0.00413194   0.0900662   0.0349951  -0.0162797
 0.00287487   0.0349951   0.0807947 0.000110488
   0.372512  -0.0162797 0.000110488         0.4
IMAGINARY
          0 -0.00181699  0.00564642  0.00912601
 0.00181699           0 -0.00534767 -0.00762792
-0.00564642  0.00534767           0  0.00247749
-0.00912601  0.00762792 -0.00247749           0
Repeater1[0]<--->EndNode1[0]
REAL
   0.424202   0.0275523 -0.00227568    0.366749
  0.0275523   0.0691489   0.0435236 -0.00227568
-0.00227568   0.0435236   0.0837766  -0.0151986
   0.366749 -0.00227568  -0.0151986    0.422872
IMAGINARY
          0 -0.00821862    0.001075  0.00815018
 0.00821862           0   0.0198082  -0.0197847
  -0.001075  -0.0198082           0    0.017896
-0.00815018   0.0197847   -0.017896           0
Repeater1[0]<--->HoM1[0]
REAL
   0.429139  0.00287487 -0.00413194    0.372512
 0.00287487   0.0807947   0.0349951 0.000110488
-0.00413194   0.0349951   0.0900662  -0.0162797
   0.372512 0.000110488  -0.0162797         0.4
IMAGINARY
          0  0.00564642 -0.00181699  0.00912601
-0.00564642           0  0.00534767  0.00247749
 0.00181699 -0.00534767           0 -0.00762792
-0.00912601 -0.00247749  0.00762792           0
EndNode1[0]<--->Repeater1[0]
REAL
  0.431498  -0.018256 0.00680977     0.3842
 -0.018256  0.0985915  0.0445534 -0.0284383
0.00680977  0.0445534  0.0883483  0.0118947
    0.3842 -0.0284383  0.0118947   0.381562
IMAGINARY
          0       0.018 -0.00189394   -0.008155
     -0.018           0  -0.0164564 -0.00189394
 0.00189394   0.0164564           0      -0.018
   0.008155  0.00189394       0.018           0
EndNode2[0]<--->HoM1[0]
REAL
  0.416256  0.0092159  0.0118791   0.382295
 0.0092159  0.0775862  0.0285718  0.0131514
 0.0118791  0.0285718  0.0825123 0.00238361
  0.382295  0.0131514 0.00238361   0.423645
IMAGINARY
          0  0.00959861    0.016935  -0.0092314
-0.00959861           0  -0.0162378   0.0109905
  -0.016935   0.0162378           0  -0.0215667
  0.0092314  -0.0109905   0.0215667           0
Repeater1[0]<--->EndNode1[0]
REAL
  0.431498 0.00680977  -0.018256     0.3842
0.00680977  0.0883483  0.0445534  0.0118947
 -0.018256  0.0445534  0.0985915 -0.0284383
    0.3842  0.0118947 -0.0284383   0.381562
IMAGINARY
          0 -0.00189394       0.018   -0.008155
 0.00189394           0   0.0164564      -0.018
     -0.018  -0.0164564           0 -0.00189394
   0.008155       0.018  0.00189394           0
Repeater1[0]<--->HoM1[0]
REAL
  0.416256  0.0118791  0.0092159   0.382295
 0.0118791  0.0825123  0.0285718 0.00238361
 0.0092159  0.0285718  0.0775862  0.0131514
  0.382295 0.00238361  0.0131514   0.423645
IMAGINARY
          0    0.016935  0.00959861  -0.0092314
  -0.016935           0   0.0162378  -0.0215667
-0.00959861  -0.0162378           0   0.0109905
  0.0092314   0.0215667  -0.0109905           0
EndNode1[0]<--->Repeater1[0]
REAL
   0.430464 0.000332797    0.004223     0.37305
0.000332797   0.0940397    0.028266   0.0141981
   0.004223    0.028266   0.0794702 0.000982992
    0.37305   0.0141981 0.000982992    0.396026
IMAGINARY
          0  0.00732901  -0.0106472   0.0216363
-0.00732901           0  0.00488374   0.0157363
  0.0106472 -0.00488374           0  -0.0225962
 -0.0216363  -0.0157363   0.0225962           0
EndNode2[0]<--->HoM1[0]
REAL
   0.463508 -0.00885861  -0.0260286    0.378316
-0.00885861   0.0512164   0.0242551  0.00370113
 -0.0260286   0.0242551   0.0985915   0.0027693
   0.378316  0.00370113   0.0027693    0.386684
IMAGINARY
          0  -0.0210319   0.0101891 -0.00796136
  0.0210319           0 -0.00987219   0.0367652
 -0.0101891  0.00987219           0   -0.011963
 0.00796136  -0.0367652    0.011963           0
Repeater1[0]<--->EndNode1[0]
REAL
   0.430464    0.004223 0.000332797     0.37305
   0.004223   0.0794702    0.028266 0.000982992
0.000332797    0.028266   0.0940397   0.0141981
    0.37305 0.000982992   0.0141981    0.396026
IMAGINARY
          0  -0.0106472  0.00732901   0.0216363
  0.0106472           0 -0.00488374  -0.0225962
-0.00732901  0.00488374           0   0.0157363
 -0.0216363   0.0225962  -0.0157363           0
Repeater1[0]<--->HoM1[0]
REAL
   0.463508  -0.0260286 -0.00885861    0.378316
 -0.0260286   0.0985915   0.0242551   0.0027693
-0.00885861   0.0242551   0.0512164  0.00370113
   0.378316   0.0027693  0.00370113    0.386684
IMAGINARY
          0   0.0101891  -0.0210319 -0.00796136
 -0.0101891           0  0.00987219   -0.011963
  0.0210319 -0.00987219           0   0.0367652
 0.00796136    0.011963  -0.0367652           0
EndNode1[0]<--->Repeater1[0]
REAL
  0.443421 0.00894758 0.00686101   0.355599
0.00894758  0.0736842  0.0296251 0.00105456
0.00686101  0.0296251  0.0763158  0.0161184
  0.355599 0.00105456  0.0161184   0.406579
IMAGINARY
          0  0.00380448   0.0037518  0.00034145
-0.00380448           0  0.00160408 -0.00634921
 -0.0037518 -0.00160408           0   0.0117799
-0.00034145  0.00634921  -0.0117799           0
EndNode2[0]<--->HoM1[0]
REAL
  0.454662  0.0155155 -0.0109011   0.377832
 0.0155155   0.063857  0.0276403  0.0245827
-0.0109011  0.0276403  0.0766284  0.0180666
  0.377832  0.0245827  0.0180666   0.404853
IMAGINARY
           0   -0.0148956    0.0135063    0.0107759
   0.0148956            0  0.000762555  -0.00262277
  -0.0135063 -0.000762555            0   -0.0203157
  -0.0107759   0.00262277    0.0203157            0
Repeater1[0]<--->EndNode1[0]
REAL
  0.443421 0.00686101 0.00894758   0.355599
0.00686101  0.0763158  0.0296251  0.0161184
0.00894758  0.0296251  0.0736842 0.00105456
  0.355599  0.0161184 0.00105456   0.406579
IMAGINARY
          0   0.0037518  0.00380448  0.00034145
 -0.0037518           0 -0.00160408   0.0117799
-0.00380448  0.00160408           0 -0.00634921
-0.00034145  -0.0117799  0.00634921           0
Repeater1[0]<--->HoM1[0]
REAL
  0.454662 -0.0109011  0.0155155   0.377832
-0.0109011  0.0766284  0.0276403  0.0180666
 0.0155155  0.0276403   0.063857  0.0245827
  0.377832  0.0180666  0.0245827   0.404853
IMAGINARY
           0    0.0135063   -0.0148956    0.0107759
  -0.0135063            0 -0.000762555   -0.0203157
   0.0148956  0.000762555            0  -0.00262277
  -0.0107759    0.0203157   0.00262277            0
EndNode1[0]<--->Repeater1[0]
REAL
   0.452507 0.000955411  0.00480692    0.369967
0.000955411   0.0883905   0.0547775  0.00284614
 0.00480692   0.0547775   0.0725594  0.00287112
   0.369967  0.00284614  0.00287112    0.386544
IMAGINARY
           0   0.00443038   -0.0216138   0.00359906
 -0.00443038            0 -0.000988095    0.0102214
   0.0216138  0.000988095            0    0.0348101
 -0.00359906   -0.0102214   -0.0348101            0
EndNode2[0]<--->HoM1[0]
REAL
   0.430052 -0.00787402  -0.0149231     0.38355
-0.00787402   0.0673575   0.0406926  0.00482211
 -0.0149231   0.0406926   0.0829016  0.00787402
    0.38355  0.00482211  0.00787402    0.419689
IMAGINARY
          0  0.00116652   0.0030303  -0.0188648
-0.00116652           0  0.00883971   0.0268398
 -0.0030303 -0.00883971           0  -0.0115561
  0.0188648  -0.0268398   0.0115561           0
Repeater1[0]<--->EndNode1[0]
REAL
   0.452507  0.00480692 0.000955411    0.369967
 0.00480692   0.0725594   0.0547775  0.00287112
0.000955411   0.0547775   0.0883905  0.00284614
   0.369967  0.00287112  0.00284614    0.386544
IMAGINARY
           0   -0.0216138   0.00443038   0.00359906
   0.0216138            0  0.000988095    0.0348101
 -0.00443038 -0.000988095            0    0.0102214
 -0.00359906   -0.0348101   -0.0102214            0
Repeater1[0]<--->HoM1[0]
REAL
   0.430052  -0.0149231 -0.00787402     0.38355
 -0.0149231   0.0829016   0.0406926  0.00787402
-0.00787402   0.0406926   0.0673575  0.00482211
    0.38355  0.00787402  0.00482211    0.419689
IMAGINARY
          0   0.0030303  0.00116652  -0.0188648
 -0.0030303           0 -0.00883971  -0.0115561
-0.00116652  0.00883971           0   0.0268398
  0.0188648   0.0115561  -0.0268398           0
EndNode1[0]<--->Repeater1[0]
REAL
   0.422836  -0.0152756   0.0136737    0.377153
 -0.0152756   0.0890841   0.0372044 -0.00863596
  0.0136737   0.0372044   0.0715182      0.0052
   0.377153 -0.00863596      0.0052    0.416562
IMAGINARY
          0  0.00584676 -0.00913818  0.00187274
-0.00584676           0   -0.025009 -0.00302571
 0.00913818    0.025009           0 -0.00520656
-0.00187274  0.00302571  0.00520656           0
EndNode2[0]<--->HoM1[0]
REAL
   0.421192 -0.00372816 -0.00813239    0.372527
-0.00372816   0.0860927   0.0357422 -0.00220353
-0.00813239   0.0357422   0.0715232  0.00502015
   0.372527 -0.00220353  0.00502015    0.421192
IMAGINARY
          0 -0.00455012   0.0136686 -0.00685025
 0.00455012           0   0.0208576  -0.0118416
 -0.0136686  -0.0208576           0  -0.0118932
 0.00685025   0.0118416   0.0118932           0
Repeater1[0]<--->EndNode1[0]
REAL
   0.422836   0.0136737  -0.0152756    0.377153
  0.0136737   0.0715182   0.0372044      0.0052
 -0.0152756   0.0372044   0.0890841 -0.00863596
   0.377153      0.0052 -0.00863596    0.416562
IMAGINARY
          0 -0.00913818  0.00584676  0.00187274
 0.00913818           0    0.025009 -0.00520656
-0.00584676   -0.025009           0 -0.00302571
-0.00187274  0.00520656  0.00302571           0
Repeater1[0]<--->HoM1[0]
REAL
   0.421192 -0.00813239 -0.00372816    0.372527
-0.00813239   0.0715232   0.0357422  0.00502015
-0.00372816   0.0357422   0.0860927 -0.00220353
   0.372527  0.00502015 -0.00220353    0.421192
IMAGINARY
          0   0.0136686 -0.00455012 -0.00685025
 -0.0136686           0  -0.0208576  -0.0118932
 0.00455012   0.0208576           0  -0.0118416
 0.00685025   0.0118932   0.0118416           0
EndNode1[0]<--->Repeater1[0]
REAL
   0.422655 -0.00704195   0.0135706    0.379689
-0.00704195   0.0828258   0.0342348 -0.00850732
  0.0135706   0.0342348   0.0669915  0.00197866
   0.379689 -0.00850732  0.00197866    0.427527
IMAGINARY
          0 -0.00348408   0.0182272  -0.0148393
 0.00348408           0   0.0173084    0.015539
 -0.0182272  -0.0173084           0  -0.0237886
  0.0148393   -0.015539   0.0237886           0
EndNode2[0]<--->HoM1[0]
REAL
  0.430429 -0.0148146 0.00437478   0.384983
-0.0148146   0.076723  0.0367341 -0.0132132
0.00437478  0.0367341  0.0702211 0.00850147
  0.384983 -0.0132132 0.00850147   0.422627
IMAGINARY
           0   -0.0147135 -4.61389e-05  -0.00369174
   0.0147135            0  -0.00551878   0.00588271
 4.61389e-05   0.00551878            0    0.0023918
  0.00369174  -0.00588271   -0.0023918            0
Repeater1[0]<--->EndNode1[0]
REAL
   0.422655   0.0135706 -0.00704195    0.379689
  0.0135706   0.0669915   0.0342348  0.00197866
-0.00704195   0.0342348   0.0828258 -0.00850732
   0.379689  0.00197866 -0.00850732    0.427527
IMAGINARY
          0   0.0182272 -0.00348408  -0.0148393
 -0.0182272           0  -0.0173084  -0.0237886
 0.00348408   0.0173084           0    0.015539
  0.0148393   0.0237886   -0.015539           0
Repeater1[0]<--->HoM1[0]
REAL
  0.430429 0.00437478 -0.0148146   0.384983
0.00437478  0.0702211  0.0367341 0.00850147
-0.0148146  0.0367341   0.076723 -0.0132132
  0.384983 0.00850147 -0.0132132   0.422627
IMAGINARY
           0 -4.61389e-05   -0.0147135  -0.00369174
 4.61389e-05            0   0.00551878    0.0023918
   0.0147135  -0.00551878            0   0.00588271
  0.00369174   -0.0023918  -0.00588271            0
EndNode1[0]<--->Repeater1[0]
REAL
  0.404551  0.0235235  0.0166339   0.358928
 0.0235235  0.0847029  0.0340256  0.0172414
 0.0166339  0.0340256  0.0707965 0.00357673
  0.358928  0.0172414 0.00357673   0.439949
IMAGINARY
          0  0.00981793    -0.01087   0.0104218
-0.00981793           0  0.00174361  0.00633046
    0.01087 -0.00174361           0 -0.00916942
 -0.0104218 -0.00633046  0.00916942           0
EndNode2[0]<--->HoM1[0]
REAL
    0.433862  -0.00124148   -0.0016324     0.369891
 -0.00124148    0.0806878    0.0359332    0.0121652
  -0.0016324    0.0359332    0.0740741 -0.000617258
    0.369891    0.0121652 -0.000617258     0.411376
IMAGINARY
           0    0.0127707   0.00156924   -0.0257349
  -0.0127707            0  -0.00589363  0.000303418
 -0.00156924   0.00589363            0   -0.0158918
   0.0257349 -0.000303418    0.0158918            0
Repeater1[0]<--->EndNode1[0]
REAL
  0.404551  0.0166339  0.0235235   0.358928
 0.0166339  0.0707965  0.0340256 0.00357673
 0.0235235  0.0340256  0.0847029  0.0172414
  0.358928 0.00357673  0.0172414   0.439949
IMAGINARY
          0    -0.01087  0.00981793   0.0104218
    0.01087           0 -0.00174361 -0.00916942
-0.00981793  0.00174361           0  0.00633046
 -0.0104218  0.00916942 -0.00633046           0
Repeater1[0]<--->HoM1[0]
REAL
    0.433862   -0.0016324  -0.00124148     0.369891
  -0.0016324    0.0740741    0.0359332 -0.000617258
 -0.00124148    0.0359332    0.0806878    0.0121652
    0.369891 -0.000617258    0.0121652     0.411376
IMAGINARY
           0   0.00156924    0.0127707   -0.0257349
 -0.00156924            0   0.00589363   -0.0158918
  -0.0127707  -0.00589363            0  0.000303418
   0.0257349    0.0158918 -0.000303418            0
EndNode1[0]<--->Repeater1[0]
REAL
   0.41688  0.0154859  0.0106383   0.374238
 0.0154859  0.0805627  0.0207091  0.0106383
 0.0106383  0.0207091   0.084399 0.00712044
  0.374238  0.0106383 0.00712044   0.418159
IMAGINARY
          0 -0.00427822 -0.00398369   0.0130785
 0.00427822           0 -0.00471295   0.0099757
 0.00398369  0.00471295           0   0.0195911
 -0.0130785  -0.0099757  -0.0195911           0
EndNode2[0]<--->HoM1[0]
REAL
   0.417539  0.00867766 0.000603377      0.3755
 0.00867766   0.0824607   0.0434194   0.0237209
0.000603377   0.0434194   0.0837696  0.00213315
     0.3755   0.0237209  0.00213315     0.41623
IMAGINARY
          0 -0.00372667  -0.0191211   0.0165521
 0.00372667           0  0.00489564   0.0153617
  0.0191211 -0.00489564           0   0.0049798
 -0.0165521  -0.0153617  -0.0049798           0
Repeater1[0]<--->EndNode1[0]
REAL
   0.41688  0.0106383  0.0154859   0.374238
 0.0106383   0.084399  0.0207091 0.00712044
 0.0154859  0.0207091  0.0805627  0.0106383
  0.374238 0.00712044  0.0106383   0.418159
IMAGINARY
          0 -0.00398369 -0.00427822   0.0130785
 0.00398369           0  0.00471295   0.0195911
 0.00427822 -0.00471295           0   0.0099757
 -0.0130785  -0.0195911  -0.0099757           0
Repeater1[0]<--->HoM1[0]
REAL
   0.417539 0.000603377  0.00867766      0.3755
0.000603377   0.0837696   0.0434194  0.00213315
 0.00867766   0.0434194   0.0824607   0.0237209
     0.3755  0.00213315   0.0237209     0.41623
IMAGINARY
          0  -0.0191211 -0.00372667   0.0165521
  0.0191211           0 -0.00489564   0.0049798
 0.00372667  0.00489564           0   0.0153617
 -0.0165521  -0.0049798  -0.0153617           0
EndNode1[0]<--->Repeater1[0]
REAL
  0.430707 0.00139589 0.00511015   0.356833
0.00139589  0.0774457  0.0482389  0.0124451
0.00511015  0.0482389  0.0774457 0.00445587
  0.356833  0.0124451 0.00445587   0.414402
IMAGINARY
           0 -0.000642587   0.00151567   0.00608115
 0.000642587            0   0.00161116    0.0206198
 -0.00151567  -0.00161116            0   0.00585092
 -0.00608115   -0.0206198  -0.00585092            0
EndNode2[0]<--->HoM1[0]
REAL
  0.413885 -0.0195388 -0.0212118   0.367538
-0.0195388  0.0680908   0.059558 0.00966864
-0.0212118   0.059558  0.0761015  0.0177162
  0.367538 0.00966864  0.0177162   0.441923
IMAGINARY
          0  0.00247288  -0.0142151   0.0132445
-0.00247288           0  -0.0112838  -0.0194507
  0.0142151   0.0112838           0  0.00376154
 -0.0132445   0.0194507 -0.00376154           0
Repeater1[0]<--->EndNode1[0]
REAL
  0.430707 0.00511015 0.00139589   0.356833
0.00511015  0.0774457  0.0482389 0.00445587
0.00139589  0.0482389  0.0774457  0.0124451
  0.356833 0.00445587  0.0124451   0.414402
IMAGINARY
           0   0.00151567 -0.000642587   0.00608115
 -0.00151567            0  -0.00161116   0.00585092
 0.000642587   0.00161116            0    0.0206198
 -0.00608115  -0.00585092   -0.0206198            0
Repeater1[0]<--->HoM1[0]
REAL
  0.413885 -0.0212118 -0.0195388   0.367538
-0.0212118  0.0761015   0.059558  0.0177162
-0.0195388   0.059558  0.0680908 0.00966864
  0.367538  0.0177162 0.00966864   0.441923
IMAGINARY
          0  -0.0142151  0.00247288   0.0132445
  0.0142151           0   0.0112838  0.00376154
-0.00247288  -0.0112838           0  -0.0194507
 -0.0132445 -0.00376154   0.0194507           0
EndNode1[0]<--->Repeater1[0]
REAL
  0.427545 0.00136482  0.0100059   0.362742
0.00136482  0.0754491  0.0470513 0.00416934
 0.0100059  0.0470513  0.0718563  0.0179651
  0.362742 0.00416934  0.0179651    0.42515
IMAGINARY
          0  -0.0237574 -0.00365918 -0.00567349
  0.0237574           0  0.00302798  0.00552717
 0.00365918 -0.00302798           0  0.00196409
 0.00567349 -0.00552717 -0.00196409           0
EndNode2[0]<--->HoM1[0]
REAL
    0.399501 -0.000712044   0.00252525     0.370995
-0.000712044    0.0649189    0.0267325   0.00252525
  0.00252525    0.0267325    0.0886392    0.0120757
    0.370995   0.00252525    0.0120757     0.446941
IMAGINARY
          0   0.0210673  -0.0094435  0.00986857
 -0.0210673           0 -0.00791799  -0.0137805
  0.0094435  0.00791799           0    0.015818
-0.00986857   0.0137805   -0.015818           0
Repeater1[0]<--->EndNode1[0]
REAL
  0.427545  0.0100059 0.00136482   0.362742
 0.0100059  0.0718563  0.0470513  0.0179651
0.00136482  0.0470513  0.0754491 0.00416934
  0.362742  0.0179651 0.00416934    0.42515
IMAGINARY
          0 -0.00365918  -0.0237574 -0.00567349
 0.00365918           0 -0.00302798  0.00196409
  0.0237574  0.00302798           0  0.00552717
 0.00567349 -0.00196409 -0.00552717           0
Repeater1[0]<--->HoM1[0]
REAL
    0.399501   0.00252525 -0.000712044     0.370995
  0.00252525    0.0886392    0.0267325    0.0120757
-0.000712044    0.0267325    0.0649189   0.00252525
    0.370995    0.0120757   0.00252525     0.446941
IMAGINARY
          0  -0.0094435   0.0210673  0.00986857
  0.0094435           0  0.00791799    0.015818
 -0.0210673 -0.00791799           0  -0.0137805
-0.00986857   -0.015818   0.0137805           0
EndNode1[0]<--->Repeater1[0]
REAL
   0.426617 -0.00925469 -0.00772973    0.352191
-0.00925469   0.0708955   0.0423503 -0.00467722
-0.00772973   0.0423503   0.0771144 -0.00191156
   0.352191 -0.00467722 -0.00191156    0.425373
IMAGINARY
          0  -0.0156289  0.00657583 -0.00628143
  0.0156289           0 -0.00819226 -0.00258647
-0.00657583  0.00819226           0   -0.016286
 0.00628143  0.00258647    0.016286           0
EndNode2[0]<--->HoM1[0]
REAL
   0.468514  0.00639863 -0.00157886    0.387299
 0.00639863   0.0680101   0.0393674  -0.0130878
-0.00157886   0.0393674   0.0780856 -0.00906529
   0.387299  -0.0130878 -0.00906529     0.38539
IMAGINARY
          0  0.00252704  0.00267045 -0.00289511
-0.00252704           0   0.0286253  0.00706191
-0.00267045  -0.0286253           0  -0.0207752
 0.00289511 -0.00706191   0.0207752           0
Repeater1[0]<--->EndNode1[0]
REAL
   0.426617 -0.00772973 -0.00925469    0.352191
-0.00772973   0.0771144   0.0423503 -0.00191156
-0.00925469   0.0423503   0.0708955 -0.00467722
   0.352191 -0.00191156 -0.00467722    0.425373
IMAGINARY
          0  0.00657583  -0.0156289 -0.00628143
-0.00657583           0  0.00819226   -0.016286
  0.0156289 -0.00819226           0 -0.00258647
 0.00628143    0.016286  0.00258647           0
Repeater1[0]<--->HoM1[0]
REAL
   0.468514 -0.00157886  0.00639863    0.387299
-0.00157886   0.0780856   0.0393674 -0.00906529
 0.00639863   0.0393674   0.0680101  -0.0130878
   0.387299 -0.00906529  -0.0130878     0.38539
IMAGINARY
          0  0.00267045  0.00252704 -0.00289511
-0.00267045           0  -0.0286253  -0.0207752
-0.00252704   0.0286253           0  0.00706191
 0.00289511   0.0207752 -0.00706191           0
EndNode1[0]<--->Repeater1[0]
REAL
   0.449005 -0.00393185  0.00722628    0.379086
-0.00393185    0.079602   0.0383452   0.0117776
 0.00722628   0.0383452   0.0932836  0.00589777
   0.379086   0.0117776  0.00589777    0.378109
IMAGINARY
          0 -0.00590062 -0.00362029  0.00898182
 0.00590062           0 -0.00570528  -0.0198365
 0.00362029  0.00570528           0  0.00590062
-0.00898182   0.0198365 -0.00590062           0
EndNode2[0]<--->HoM1[0]
REAL
 0.420912 0.0219596  0.015084  0.377987
0.0219596 0.0723861 0.0415094 0.0232808
 0.015084 0.0415094 0.0965147 0.0289838
 0.377987 0.0232808 0.0289838  0.410188
IMAGINARY
          0  -0.0124617   0.0141941   0.0016325
  0.0124617           0   0.0121866 -0.00476014
 -0.0141941  -0.0121866           0  -0.0196138
 -0.0016325  0.00476014   0.0196138           0
Repeater1[0]<--->EndNode1[0]
REAL
   0.449005  0.00722628 -0.00393185    0.379086
 0.00722628   0.0932836   0.0383452  0.00589777
-0.00393185   0.0383452    0.079602   0.0117776
   0.379086  0.00589777   0.0117776    0.378109
IMAGINARY
          0 -0.00362029 -0.00590062  0.00898182
 0.00362029           0  0.00570528  0.00590062
 0.00590062 -0.00570528           0  -0.0198365
-0.00898182 -0.00590062   0.0198365           0
Repeater1[0]<--->HoM1[0]
REAL
 0.420912  0.015084 0.0219596  0.377987
 0.015084 0.0965147 0.0415094 0.0289838
0.0219596 0.0415094 0.0723861 0.0232808
 0.377987 0.0289838 0.0232808  0.410188
IMAGINARY
          0   0.0141941  -0.0124617   0.0016325
 -0.0141941           0  -0.0121866  -0.0196138
  0.0124617   0.0121866           0 -0.00476014
 -0.0016325   0.0196138  0.00476014           0
EndNode1[0]<--->Repeater1[0]
REAL
   0.424608 -0.00807416 -0.00601825    0.348861
-0.00807416   0.0892642   0.0476034 -0.00408276
-0.00601825   0.0476034   0.0832328  -0.0146531
   0.348861 -0.00408276  -0.0146531    0.402895
IMAGINARY
          0   0.0129749  -0.0249635 -0.00254968
 -0.0129749           0    0.011736 -0.00333836
  0.0249635   -0.011736           0   0.0178427
 0.00254968  0.00333836  -0.0178427           0
EndNode2[0]<--->HoM1[0]
REAL
  0.410651 0.00536128 -0.0119743    0.38598
0.00536128  0.0650888   0.021615 0.00817683
-0.0119743   0.021615  0.0840237 -0.0129562
   0.38598 0.00817683 -0.0129562   0.440237
IMAGINARY
          0 -0.00770654 -0.00243146  -0.0144721
 0.00770654           0  -0.0368793  0.00304799
 0.00243146   0.0368793           0 -0.00770654
  0.0144721 -0.00304799  0.00770654           0
Repeater1[0]<--->EndNode1[0]
REAL
   0.424608 -0.00601825 -0.00807416    0.348861
-0.00601825   0.0832328   0.0476034  -0.0146531
-0.00807416   0.0476034   0.0892642 -0.00408276
   0.348861  -0.0146531 -0.00408276    0.402895
IMAGINARY
          0  -0.0249635   0.0129749 -0.00254968
  0.0249635           0   -0.011736   0.0178427
 -0.0129749    0.011736           0 -0.00333836
 0.00254968  -0.0178427  0.00333836           0
Repeater1[0]<--->HoM1[0]
REAL
  0.410651 -0.0119743 0.00536128    0.38598
-0.0119743  0.0840237   0.021615 -0.0129562
0.00536128   0.021615  0.0650888 0.00817683
   0.38598 -0.0129562 0.00817683   0.440237
IMAGINARY
          0 -0.00243146 -0.00770654  -0.0144721
 0.00243146           0   0.0368793 -0.00770654
 0.00770654  -0.0368793           0  0.00304799
  0.0144721  0.00770654 -0.00304799           0
EndNode1[0]<--->Repeater1[0]
REAL
   0.410072   0.0101911 -0.00488788    0.357885
  0.0101911   0.0695444   0.0414784    0.014442
-0.00488788   0.0414784   0.0935252  -0.0044586
   0.357885    0.014442  -0.0044586    0.426859
IMAGINARY
          0   0.0152741 -0.00177589  0.00726552
 -0.0152741           0   -0.010568  0.00438006
 0.00177589    0.010568           0  -0.0113678
-0.00726552 -0.00438006   0.0113678           0
EndNode2[0]<--->HoM1[0]
REAL
   0.447436   0.0144738   0.0122072    0.367389
  0.0144738    0.074359   0.0379989 -0.00366581
  0.0122072   0.0379989   0.0717949  0.00720824
   0.367389 -0.00366581  0.00720824     0.40641
IMAGINARY
          0    0.011736  0.00150145 -0.00919182
  -0.011736           0 -0.00984371 -0.00835077
-0.00150145  0.00984371           0 -0.00115065
 0.00919182  0.00835077  0.00115065           0
Repeater1[0]<--->EndNode1[0]
REAL
   0.410072 -0.00488788   0.0101911    0.357885
-0.00488788   0.0935252   0.0414784  -0.0044586
  0.0101911   0.0414784   0.0695444    0.014442
   0.357885  -0.0044586    0.014442    0.426859
IMAGINARY
          0 -0.00177589   0.0152741  0.00726552
 0.00177589           0    0.010568  -0.0113678
 -0.0152741   -0.010568           0  0.00438006
-0.00726552   0.0113678 -0.00438006           0
Repeater1[0]<--->HoM1[0]
REAL
   0.447436   0.0122072   0.0144738    0.367389
  0.0122072   0.0717949   0.0379989  0.00720824
  0.0144738   0.0379989    0.074359 -0.00366581
   0.367389  0.00720824 -0.00366581     0.40641
IMAGINARY
          0  0.00150145    0.011736 -0.00919182
-0.00150145           0  0.00984371 -0.00115065
  -0.011736 -0.00984371           0 -0.00835077
 0.00919182  0.00115065  0.00835077           0
EndNode1[0]<--->Repeater1[0]
REAL
   0.440523   -0.011035  -0.0207843    0.376223
  -0.011035   0.0823529   0.0400272 0.000784314
 -0.0207843   0.0400272    0.075817 -0.00771497
   0.376223 0.000784314 -0.00771497    0.401307
IMAGINARY
          0  -0.0109043   0.0100238  0.00248139
  0.0109043           0  0.00248139 -0.00540033
 -0.0100238 -0.00248139           0  -0.0122132
-0.00248139  0.00540033   0.0122132           0
EndNode2[0]<--->HoM1[0]
REAL
  0.474555 0.00766444 -0.0215073   0.378032
0.00766444  0.0648855  0.0386345 0.00355862
-0.0215073  0.0386345  0.0763359 -0.0140747
  0.378032 0.00355862 -0.0140747   0.384224
IMAGINARY
          0 -0.00908569   0.0103545  0.00343163
 0.00908569           0 -0.00600233  0.00532934
 -0.0103545  0.00600233           0 -0.00659813
-0.00343163 -0.00532934  0.00659813           0
Repeater1[0]<--->EndNode1[0]
REAL
   0.440523  -0.0207843   -0.011035    0.376223
 -0.0207843    0.075817   0.0400272 -0.00771497
  -0.011035   0.0400272   0.0823529 0.000784314
   0.376223 -0.00771497 0.000784314    0.401307
IMAGINARY
          0   0.0100238  -0.0109043  0.00248139
 -0.0100238           0 -0.00248139  -0.0122132
  0.0109043  0.00248139           0 -0.00540033
-0.00248139   0.0122132  0.00540033           0
Repeater1[0]<--->HoM1[0]
REAL
  0.474555 -0.0215073 0.00766444   0.378032
-0.0215073  0.0763359  0.0386345 -0.0140747
0.00766444  0.0386345  0.0648855 0.00355862
  0.378032 -0.0140747 0.00355862   0.384224
IMAGINARY
          0   0.0103545 -0.00908569  0.00343163
 -0.0103545           0  0.00600233 -0.00659813
 0.00908569 -0.00600233           0  0.00532934
-0.00343163  0.00659813 -0.00532934           0
EndNode1[0]<--->Repeater1[0]
REAL
  0.410354 -0.0123119 -0.0126183   0.375929
-0.0123119   0.084596  0.0283837 0.00453207
-0.0126183  0.0283837  0.0896465 0.00287796
  0.375929 0.00453207 0.00287796   0.415404
IMAGINARY
          0  0.00326018  0.00963078   0.0178571
-0.00326018           0   0.0178571  0.00845707
-0.00963078  -0.0178571           0 -0.00842814
 -0.0178571 -0.00845707  0.00842814           0
EndNode2[0]<--->HoM1[0]
REAL
   0.449141  -0.0119484   -0.011862    0.379338
 -0.0119484    0.100396   0.0437387 -0.00426705
  -0.011862   0.0437387   0.0819022  0.00574492
   0.379338 -0.00426705  0.00574492     0.36856
IMAGINARY
           0 -0.000350783   -0.0106003  -0.00885824
 0.000350783            0    0.0224769  -0.00114257
   0.0106003   -0.0224769            0   -0.0138643
  0.00885824   0.00114257    0.0138643            0
Repeater1[0]<--->EndNode1[0]
REAL
  0.410354 -0.0126183 -0.0123119   0.375929
-0.0126183  0.0896465  0.0283837 0.00287796
-0.0123119  0.0283837   0.084596 0.00453207
  0.375929 0.00287796 0.00453207   0.415404
IMAGINARY
          0  0.00963078  0.00326018   0.0178571
-0.00963078           0  -0.0178571 -0.00842814
-0.00326018   0.0178571           0  0.00845707
 -0.0178571  0.00842814 -0.00845707           0
Repeater1[0]<--->HoM1[0]
REAL
   0.449141   -0.011862  -0.0119484    0.379338
  -0.011862   0.0819022   0.0437387  0.00574492
 -0.0119484   0.0437387    0.100396 -0.00426705
   0.379338  0.00574492 -0.00426705     0.36856
IMAGINARY
           0   -0.0106003 -0.000350783  -0.00885824
   0.0106003            0   -0.0224769   -0.0138643
 0.000350783    0.0224769            0  -0.00114257
  0.00885824    0.0138643   0.00114257            0
EndNode1[0]<--->Repeater1[0]
REAL
   0.422775 -0.00581648  0.00987072    0.368782
-0.00581648   0.0863874   0.0373502   -0.020509
 0.00987072   0.0373502   0.0955497  -0.0110796
   0.368782   -0.020509  -0.0110796    0.395288
IMAGINARY
          0  -0.0160967   0.0359531 -0.00512233
  0.0160967           0 -0.00835649  0.00270342
 -0.0359531  0.00835649           0 -0.00608331
 0.00512233 -0.00270342  0.00608331           0
EndNode2[0]<--->HoM1[0]
REAL
   0.41601 0.00154477   0.011953   0.375249
0.00154477  0.0813648   0.031728 0.00871884
  0.011953   0.031728  0.0892388 0.00879115
  0.375249 0.00871884 0.00879115   0.413386
IMAGINARY
          0 -0.00186426  -0.0201503 -0.00445137
 0.00186426           0   0.0103491   0.0384877
  0.0201503  -0.0103491           0  -0.0140282
 0.00445137  -0.0384877   0.0140282           0
Repeater1[0]<--->EndNode1[0]
REAL
   0.422775  0.00987072 -0.00581648    0.368782
 0.00987072   0.0955497   0.0373502  -0.0110796
-0.00581648   0.0373502   0.0863874   -0.020509
   0.368782  -0.0110796   -0.020509    0.395288
IMAGINARY
          0   0.0359531  -0.0160967 -0.00512233
 -0.0359531           0  0.00835649 -0.00608331
  0.0160967 -0.00835649           0  0.00270342
 0.00512233  0.00608331 -0.00270342           0
Repeater1[0]<--->HoM1[0]
REAL
   0.41601   0.011953 0.00154477   0.375249
  0.011953  0.0892388   0.031728 0.00879115
0.00154477   0.031728  0.0813648 0.00871884
  0.375249 0.00879115 0.00871884   0.413386
IMAGINARY
          0  -0.0201503 -0.00186426 -0.00445137
  0.0201503           0  -0.0103491  -0.0140282
 0.00186426   0.0103491           0   0.0384877
 0.00445137   0.0140282  -0.0384877           0
EndNode1[0]<--->Repeater1[0]
REAL
    0.456662  -0.00237596 -0.000609656     0.369857
 -0.00237596    0.0750323    0.0253564   0.00513747
-0.000609656    0.0253564    0.0620957    0.0133721
    0.369857   0.00513747    0.0133721      0.40621
IMAGINARY
           0  -0.00837322  0.000588739   -0.0212232
  0.00837322            0    0.0185777    0.0177425
-0.000588739   -0.0185777            0   0.00394844
   0.0212232   -0.0177425  -0.00394844            0
EndNode2[0]<--->HoM1[0]
REAL
   0.413016 -0.00158511  0.00482383    0.360271
-0.00158511   0.0876095    0.027341 -0.00290812
 0.00482383    0.027341   0.0826033 0.000946538
   0.360271 -0.00290812 0.000946538    0.416771
IMAGINARY
          0   0.0261679  -0.0159999  0.00987025
 -0.0261679           0 -0.00714546  -0.0070025
  0.0159999  0.00714546           0 -0.00316546
-0.00987025   0.0070025  0.00316546           0
Repeater1[0]<--->EndNode1[0]
REAL
    0.456662 -0.000609656  -0.00237596     0.369857
-0.000609656    0.0620957    0.0253564    0.0133721
 -0.00237596    0.0253564    0.0750323   0.00513747
    0.369857    0.0133721   0.00513747      0.40621
IMAGINARY
           0  0.000588739  -0.00837322   -0.0212232
-0.000588739            0   -0.0185777   0.00394844
  0.00837322    0.0185777            0    0.0177425
   0.0212232  -0.00394844   -0.0177425            0
Repeater1[0]<--->HoM1[0]
REAL
   0.413016  0.00482383 -0.00158511    0.360271
 0.00482383   0.0826033    0.027341 0.000946538
-0.00158511    0.027341   0.0876095 -0.00290812
   0.360271 0.000946538 -0.00290812    0.416771
IMAGINARY
          0  -0.0159999   0.0261679  0.00987025
  0.0159999           0  0.00714546 -0.00316546
 -0.0261679 -0.00714546           0  -0.0070025
-0.00987025  0.00316546   0.0070025           0
EndNode1[0]<--->Repeater1[0]
REAL
  0.397919   0.005086 0.00293778   0.363084
  0.005086  0.0793238  0.0276406   0.014216
0.00293778  0.0276406   0.076723  0.0171503
  0.363084   0.014216  0.0171503   0.446034
IMAGINARY
           0    0.0150796  -0.00475045   0.00333481
  -0.0150796            0    0.0225164  0.000952977
  0.00475045   -0.0225164            0  -0.00368718
 -0.00333481 -0.000952977   0.00368718            0
EndNode2[0]<--->HoM1[0]
REAL
    0.41507 -0.00377173 -0.00166349    0.363071
-0.00377173   0.0613027   0.0353457  0.00562128
-0.00166349   0.0353457   0.0881226  0.00904878
   0.363071  0.00562128  0.00904878    0.435504
IMAGINARY
           0 -0.000636731   0.00279588    -0.024609
 0.000636731            0   -0.0103603   0.00999012
 -0.00279588    0.0103603            0   -0.0175329
    0.024609  -0.00999012    0.0175329            0
Repeater1[0]<--->EndNode1[0]
REAL
  0.397919 0.00293778   0.005086   0.363084
0.00293778   0.076723  0.0276406  0.0171503
  0.005086  0.0276406  0.0793238   0.014216
  0.363084  0.0171503   0.014216   0.446034
IMAGINARY
           0  -0.00475045    0.0150796   0.00333481
  0.00475045            0   -0.0225164  -0.00368718
  -0.0150796    0.0225164            0  0.000952977
 -0.00333481   0.00368718 -0.000952977            0
Repeater1[0]<--->HoM1[0]
REAL
    0.41507 -0.00166349 -0.00377173    0.363071
-0.00166349   0.0881226   0.0353457  0.00904878
-0.00377173   0.0353457   0.0613027  0.00562128
   0.363071  0.00904878  0.00562128    0.435504
IMAGINARY
           0   0.00279588 -0.000636731    -0.024609
 -0.00279588            0    0.0103603   -0.0175329
 0.000636731   -0.0103603            0   0.00999012
    0.024609    0.0175329  -0.00999012            0
EndNode1[0]<--->Repeater1[0]
REAL
  0.443054  0.0229862 0.00915004   0.368839
 0.0229862  0.0738423   0.028259 0.00272331
0.00915004   0.028259  0.0851064 0.00471828
  0.368839 0.00272331 0.00471828   0.397997
IMAGINARY
           0   0.00839524   0.00510942    0.0170599
 -0.00839524            0 -0.000775249   -0.0070857
 -0.00510942  0.000775249            0   -0.0103715
  -0.0170599    0.0070857    0.0103715            0
EndNode2[0]<--->HoM1[0]
REAL
   0.404309 -0.00982532  -0.0117616    0.372842
-0.00982532   0.0646388   0.0312314 0.000592096
 -0.0117616   0.0312314   0.0874525 -0.00791449
   0.372842 0.000592096 -0.00791449    0.443599
IMAGINARY
          0 -0.00257009 -0.00561926 -0.00351539
 0.00257009           0  -0.0126538  0.00360583
 0.00561926   0.0126538           0   -0.016893
 0.00351539 -0.00360583    0.016893           0
Repeater1[0]<--->EndNode1[0]
REAL
  0.443054 0.00915004  0.0229862   0.368839
