EndNode1[0]<--->Repeater1[0]
REAL
    0.47673  -0.0119301 -0.00833529    0.338757
 -0.0119301   0.0578616 -0.00749814 -0.00342128
-0.00833529 -0.00749814   0.0402516 -0.00535899
   0.338757 -0.00342128 -0.00535899    0.425157
IMAGINARY
          0  -0.0123686  0.00660616  -0.0168715
  0.0123686           0  0.00401626 -0.00989131
-0.00660616 -0.00401626           0 -0.00142906
  0.0168715  0.00989131  0.00142906           0
EndNode2[0]<--->HoM1[0]
REAL
   0.416449    0.010325   0.0126553    0.344841
   0.010325   0.0469974 -0.00286835    0.028432
  0.0126553 -0.00286835   0.0561358   0.0269695
   0.344841    0.028432   0.0269695    0.480418
IMAGINARY
           0 -0.000739173    0.0276663   0.00948768
 0.000739173            0    0.0205123   -0.0007121
  -0.0276663   -0.0205123            0    0.0047823
 -0.00948768    0.0007121   -0.0047823            0
Repeater1[0]<--->EndNode1[0]
REAL
    0.47673 -0.00833529  -0.0119301    0.338757
-0.00833529   0.0402516 -0.00749814 -0.00535899
 -0.0119301 -0.00749814   0.0578616 -0.00342128
   0.338757 -0.00535899 -0.00342128    0.425157
IMAGINARY
          0  0.00660616  -0.0123686  -0.0168715
-0.00660616           0 -0.00401626 -0.00142906
  0.0123686  0.00401626           0 -0.00989131
  0.0168715  0.00142906  0.00989131           0
Repeater1[0]<--->HoM1[0]
REAL
   0.416449   0.0126553    0.010325    0.344841
  0.0126553   0.0561358 -0.00286835   0.0269695
   0.010325 -0.00286835   0.0469974    0.028432
   0.344841   0.0269695    0.028432    0.480418
IMAGINARY
           0    0.0276663 -0.000739173   0.00948768
  -0.0276663            0   -0.0205123    0.0047823
 0.000739173    0.0205123            0   -0.0007121
 -0.00948768   -0.0047823    0.0007121            0
EndNode1[0]<--->Repeater1[0]
REAL
  0.441542  0.0276128 0.00701023   0.329198
 0.0276128   0.039801 0.00208318  0.0176203
0.00701023 0.00208318  0.0559701 -0.0116029
  0.329198  0.0176203 -0.0116029   0.462687
IMAGINARY
          0  0.00968405  -0.0125667   0.0109835
-0.00968405           0   0.0181171 -0.00609002
  0.0125667  -0.0181171           0   0.0176791
 -0.0109835  0.00609002  -0.0176791           0
EndNode2[0]<--->HoM1[0]
REAL
   0.438926  -0.0214724 -0.00606996    0.333231
 -0.0214724   0.0402685 -0.00139482 -0.00484146
-0.00606996 -0.00139482   0.0577181 -0.00612711
   0.333231 -0.00484146 -0.00612711    0.463087
IMAGINARY
          0 -0.00775194  -0.0275889  0.00325144
 0.00775194           0  0.00135989    0.021129
  0.0275889 -0.00135989           0   0.0116279
-0.00325144   -0.021129  -0.0116279           0
Repeater1[0]<--->EndNode1[0]
REAL
  0.441542 0.00701023  0.0276128   0.329198
0.00701023  0.0559701 0.00208318 -0.0116029
 0.0276128 0.00208318   0.039801  0.0176203
  0.329198 -0.0116029  0.0176203   0.462687
IMAGINARY
          0  -0.0125667  0.00968405   0.0109835
  0.0125667           0  -0.0181171   0.0176791
-0.00968405   0.0181171           0 -0.00609002
 -0.0109835  -0.0176791  0.00609002           0
Repeater1[0]<--->HoM1[0]
REAL
   0.438926 -0.00606996  -0.0214724    0.333231
-0.00606996   0.0577181 -0.00139482 -0.00612711
 -0.0214724 -0.00139482   0.0402685 -0.00484146
   0.333231 -0.00612711 -0.00484146    0.463087
IMAGINARY
          0  -0.0275889 -0.00775194  0.00325144
  0.0275889           0 -0.00135989   0.0116279
 0.00775194  0.00135989           0    0.021129
-0.00325144  -0.0116279   -0.021129           0
EndNode1[0]<--->Repeater1[0]
REAL
    0.435523  -0.00242718   -0.0159166     0.338262
 -0.00242718    0.0437956    0.0119461 -3.34845e-05
  -0.0159166    0.0119461    0.0571776  -0.00242718
    0.338262 -3.34845e-05  -0.00242718     0.463504
IMAGINARY
           0   0.00623925 -0.000306786   -0.0186018
 -0.00623925            0   0.00957649   -0.0115353
 0.000306786  -0.00957649            0   0.00297128
   0.0186018    0.0115353  -0.00297128            0
EndNode2[0]<--->HoM1[0]
REAL
   0.438095   0.0189839  0.00473529    0.325806
  0.0189839   0.0535714  0.00939987  0.00213113
 0.00473529  0.00939987   0.0357143 0.000366895
   0.325806  0.00213113 0.000366895    0.472619
IMAGINARY
          0  0.00386598 -0.00486635   0.0152918
-0.00386598           0  0.00761921  0.00356426
 0.00486635 -0.00761921           0 -0.00386598
 -0.0152918 -0.00356426  0.00386598           0
Repeater1[0]<--->EndNode1[0]
REAL
    0.435523   -0.0159166  -0.00242718     0.338262
  -0.0159166    0.0571776    0.0119461  -0.00242718
 -0.00242718    0.0119461    0.0437956 -3.34845e-05
    0.338262  -0.00242718 -3.34845e-05     0.463504
IMAGINARY
           0 -0.000306786   0.00623925   -0.0186018
 0.000306786            0  -0.00957649   0.00297128
 -0.00623925   0.00957649            0   -0.0115353
   0.0186018  -0.00297128    0.0115353            0
Repeater1[0]<--->HoM1[0]
REAL
   0.438095  0.00473529   0.0189839    0.325806
 0.00473529   0.0357143  0.00939987 0.000366895
  0.0189839  0.00939987   0.0535714  0.00213113
   0.325806 0.000366895  0.00213113    0.472619
IMAGINARY
          0 -0.00486635  0.00386598   0.0152918
 0.00486635           0 -0.00761921 -0.00386598
-0.00386598  0.00761921           0  0.00356426
 -0.0152918  0.00386598 -0.00356426           0
EndNode1[0]<--->Repeater1[0]
REAL
    0.451235   0.00492867    0.0130696      0.34255
  0.00492867    0.0364109 -0.000762331    0.0171236
   0.0130696 -0.000762331    0.0494148   0.00231771
     0.34255    0.0171236   0.00231771     0.462939
IMAGINARY
          0  -0.0103913 -0.00767757  -0.0113283
  0.0103913           0 -0.00471451  0.00576674
 0.00767757  0.00471451           0  0.00593273
  0.0113283 -0.00576674 -0.00593273           0
EndNode2[0]<--->HoM1[0]
REAL
   0.457219  0.00282309 -0.00431194    0.328611
 0.00282309    0.040107   0.0025238   0.0122275
-0.00431194   0.0025238    0.040107 -0.00282309
   0.328611   0.0122275 -0.00282309    0.462567
IMAGINARY
          0 -0.00882588  0.00836544    -0.01131
 0.00882588           0   -0.036278  0.00314351
-0.00836544    0.036278           0  -0.0180283
    0.01131 -0.00314351   0.0180283           0
Repeater1[0]<--->EndNode1[0]
REAL
    0.451235    0.0130696   0.00492867      0.34255
   0.0130696    0.0494148 -0.000762331   0.00231771
  0.00492867 -0.000762331    0.0364109    0.0171236
     0.34255   0.00231771    0.0171236     0.462939
IMAGINARY
          0 -0.00767757  -0.0103913  -0.0113283
 0.00767757           0  0.00471451  0.00593273
  0.0103913 -0.00471451           0  0.00576674
  0.0113283 -0.00593273 -0.00576674           0
Repeater1[0]<--->HoM1[0]
REAL
   0.457219 -0.00431194  0.00282309    0.328611
-0.00431194    0.040107   0.0025238 -0.00282309
 0.00282309   0.0025238    0.040107   0.0122275
   0.328611 -0.00282309   0.0122275    0.462567
IMAGINARY
          0  0.00836544 -0.00882588    -0.01131
-0.00836544           0    0.036278  -0.0180283
 0.00882588   -0.036278           0  0.00314351
    0.01131   0.0180283 -0.00314351           0
EndNode1[0]<--->Repeater1[0]
REAL
   0.469677    0.011152 0.000986028    0.346092
   0.011152   0.0477419  0.00156444  0.00161814
0.000986028  0.00156444   0.0348387 0.000566722
   0.346092  0.00161814 0.000566722    0.447742
IMAGINARY
          0   -7.62e-05 -0.00109976  -0.0088872
   7.62e-05           0  -0.0174286 -0.00636292
 0.00109976   0.0174286           0   0.0137578
  0.0088872  0.00636292  -0.0137578           0
EndNode2[0]<--->HoM1[0]
REAL
   0.451253  -0.0202955   0.0055647     0.35228
 -0.0202955   0.0584958 -0.00997198  -0.0145391
  0.0055647 -0.00997198   0.0431755  -0.0079096
    0.35228  -0.0145391  -0.0079096    0.447075
IMAGINARY
          0   0.0126756 -0.00293977 -0.00944215
 -0.0126756           0  0.00644095 -0.00169599
 0.00293977 -0.00644095           0  -0.0159868
 0.00944215  0.00169599   0.0159868           0
Repeater1[0]<--->EndNode1[0]
REAL
   0.469677 0.000986028    0.011152    0.346092
0.000986028   0.0348387  0.00156444 0.000566722
   0.011152  0.00156444   0.0477419  0.00161814
   0.346092 0.000566722  0.00161814    0.447742
IMAGINARY
          0 -0.00109976   -7.62e-05  -0.0088872
 0.00109976           0   0.0174286   0.0137578
   7.62e-05  -0.0174286           0 -0.00636292
  0.0088872  -0.0137578  0.00636292           0
Repeater1[0]<--->HoM1[0]
REAL
   0.451253   0.0055647  -0.0202955     0.35228
  0.0055647   0.0431755 -0.00997198  -0.0079096
 -0.0202955 -0.00997198   0.0584958  -0.0145391
    0.35228  -0.0079096  -0.0145391    0.447075
IMAGINARY
          0 -0.00293977   0.0126756 -0.00944215
 0.00293977           0 -0.00644095  -0.0159868
 -0.0126756  0.00644095           0 -0.00169599
 0.00944215   0.0159868  0.00169599           0
EndNode1[0]<--->Repeater1[0]
REAL
    0.46554 -0.00627725  -0.0098961    0.333193
-0.00627725   0.0507152  -0.0029577   0.0191898
 -0.0098961  -0.0029577   0.0416125   0.0019402
   0.333193   0.0191898   0.0019402    0.442133
IMAGINARY
           0  -0.00715978   0.00289131   -0.0173928
  0.00715978            0   0.00250448  0.000359665
 -0.00289131  -0.00250448            0  -0.00129276
   0.0173928 -0.000359665   0.00129276            0
EndNode2[0]<--->HoM1[0]
REAL
   0.492976    0.002859  0.00566853    0.320777
   0.002859   0.0395913   0.0123428 -0.00759407
 0.00566853   0.0123428   0.0319285 -0.00221715
   0.320777 -0.00759407 -0.00221715    0.435504
IMAGINARY
          0 -0.00506516  0.00569633 -0.00173742
 0.00506516           0  0.00682648  -0.0153349
-0.00569633 -0.00682648           0   0.0255471
 0.00173742   0.0153349  -0.0255471           0
Repeater1[0]<--->EndNode1[0]
REAL
    0.46554  -0.0098961 -0.00627725    0.333193
 -0.0098961   0.0416125  -0.0029577   0.0019402
-0.00627725  -0.0029577   0.0507152   0.0191898
   0.333193   0.0019402   0.0191898    0.442133
IMAGINARY
           0   0.00289131  -0.00715978   -0.0173928
 -0.00289131            0  -0.00250448  -0.00129276
  0.00715978   0.00250448            0  0.000359665
   0.0173928   0.00129276 -0.000359665            0
Repeater1[0]<--->HoM1[0]
REAL
   0.492976  0.00566853    0.002859    0.320777
 0.00566853   0.0319285   0.0123428 -0.00221715
   0.002859   0.0123428   0.0395913 -0.00759407
   0.320777 -0.00221715 -0.00759407    0.435504
IMAGINARY
          0  0.00569633 -0.00506516 -0.00173742
-0.00569633           0 -0.00682648   0.0255471
 0.00506516  0.00682648           0  -0.0153349
 0.00173742  -0.0255471   0.0153349           0
EndNode1[0]<--->Repeater1[0]
REAL
    0.45125  -0.0109902  -0.0134818    0.323737
 -0.0109902     0.03875 -0.00176683  -0.0231343
 -0.0134818 -0.00176683      0.0425  -0.0193128
   0.323737  -0.0231343  -0.0193128      0.4675
IMAGINARY
           0    -0.020712    0.0260531   -0.0189994
    0.020712            0 -0.000851716    0.0108597
  -0.0260531  0.000851716            0 -9.34062e-05
   0.0189994   -0.0108597  9.34062e-05            0
EndNode2[0]<--->HoM1[0]
REAL
    0.475452 -0.000502222    0.0115474     0.339873
-0.000502222    0.0400517   0.00348548   -0.0153068
   0.0115474   0.00348548    0.0297158  -0.00952284
    0.339873   -0.0153068  -0.00952284      0.45478
IMAGINARY
           0  -0.00915886  0.000565697    -0.026611
  0.00915886            0   0.00317352    0.0151411
-0.000565697  -0.00317352            0   -0.0104746
    0.026611   -0.0151411    0.0104746            0
Repeater1[0]<--->EndNode1[0]
REAL
    0.45125  -0.0134818  -0.0109902    0.323737
 -0.0134818      0.0425 -0.00176683  -0.0193128
 -0.0109902 -0.00176683     0.03875  -0.0231343
   0.323737  -0.0193128  -0.0231343      0.4675
IMAGINARY
           0    0.0260531    -0.020712   -0.0189994
  -0.0260531            0  0.000851716 -9.34062e-05
    0.020712 -0.000851716            0    0.0108597
   0.0189994  9.34062e-05   -0.0108597            0
Repeater1[0]<--->HoM1[0]
REAL
    0.475452    0.0115474 -0.000502222     0.339873
   0.0115474    0.0297158   0.00348548  -0.00952284
-0.000502222   0.00348548    0.0400517   -0.0153068
    0.339873  -0.00952284   -0.0153068      0.45478
IMAGINARY
           0  0.000565697  -0.00915886    -0.026611
-0.000565697            0  -0.00317352   -0.0104746
  0.00915886   0.00317352            0    0.0151411
    0.026611    0.0104746   -0.0151411            0
EndNode1[0]<--->Repeater1[0]
REAL
    0.444593 -0.000387028  -0.00343327     0.316529
-0.000387028    0.0427236   0.00395005   -0.0125242
 -0.00343327   0.00395005     0.046729   -0.0115811
    0.316529   -0.0125242   -0.0115811     0.465955
IMAGINARY
          0  0.00395827  0.00274223 -0.00535888
-0.00395827           0   0.0423487  -0.0272705
-0.00274223  -0.0423487           0  0.00924928
 0.00535888   0.0272705 -0.00924928           0
EndNode2[0]<--->HoM1[0]
REAL
    0.45746  0.00474887 -0.00885659     0.33473
 0.00474887   0.0369914 0.000257134   0.0063752
-0.00885659 0.000257134   0.0493218   0.0113802
    0.33473   0.0063752   0.0113802    0.456227
IMAGINARY
           0  0.000796329    0.0186371    0.0210363
-0.000796329            0    -0.018561   -0.0152171
  -0.0186371     0.018561            0    0.0080956
  -0.0210363    0.0152171   -0.0080956            0
Repeater1[0]<--->EndNode1[0]
REAL
    0.444593  -0.00343327 -0.000387028     0.316529
 -0.00343327     0.046729   0.00395005   -0.0115811
-0.000387028   0.00395005    0.0427236   -0.0125242
    0.316529   -0.0115811   -0.0125242     0.465955
IMAGINARY
          0  0.00274223  0.00395827 -0.00535888
-0.00274223           0  -0.0423487  0.00924928
-0.00395827   0.0423487           0  -0.0272705
 0.00535888 -0.00924928   0.0272705           0
Repeater1[0]<--->HoM1[0]
REAL
    0.45746 -0.00885659  0.00474887     0.33473
-0.00885659   0.0493218 0.000257134   0.0113802
 0.00474887 0.000257134   0.0369914   0.0063752
    0.33473   0.0113802   0.0063752    0.456227
IMAGINARY
           0    0.0186371  0.000796329    0.0210363
  -0.0186371            0     0.018561    0.0080956
-0.000796329    -0.018561            0   -0.0152171
  -0.0210363   -0.0080956    0.0152171            0
EndNode1[0]<--->Repeater1[0]
REAL
     0.46303    0.0138541 -0.000372501     0.349702
   0.0138541    0.0460606    0.0191502 -0.000993619
-0.000372501    0.0191502    0.0412121   -0.0179525
    0.349702 -0.000993619   -0.0179525     0.449697
IMAGINARY
           0   -0.0055555  0.000620982    -0.016001
   0.0055555            0 -0.000128008   0.00387196
-0.000620982  0.000128008            0   -0.0117744
    0.016001  -0.00387196    0.0117744            0
EndNode2[0]<--->HoM1[0]
REAL
     0.43196   0.00421123 -0.000692982     0.325144
  0.00421123    0.0586767   0.00380371   0.00464035
-0.000692982   0.00380371    0.0299625   -0.0292112
    0.325144   0.00464035   -0.0292112     0.479401
IMAGINARY
          0 -0.00177833 -0.00132576 -0.00101945
 0.00177833           0  0.00638298  -0.0123219
 0.00132576 -0.00638298           0 -0.00690653
 0.00101945   0.0123219  0.00690653           0
Repeater1[0]<--->EndNode1[0]
REAL
     0.46303 -0.000372501    0.0138541     0.349702
-0.000372501    0.0412121    0.0191502   -0.0179525
   0.0138541    0.0191502    0.0460606 -0.000993619
    0.349702   -0.0179525 -0.000993619     0.449697
IMAGINARY
           0  0.000620982   -0.0055555    -0.016001
-0.000620982            0  0.000128008   -0.0117744
   0.0055555 -0.000128008            0   0.00387196
    0.016001    0.0117744  -0.00387196            0
Repeater1[0]<--->HoM1[0]
REAL
     0.43196 -0.000692982   0.00421123     0.325144
-0.000692982    0.0299625   0.00380371   -0.0292112
  0.00421123   0.00380371    0.0586767   0.00464035
    0.325144   -0.0292112   0.00464035     0.479401
IMAGINARY
          0 -0.00132576 -0.00177833 -0.00101945
 0.00132576           0 -0.00638298 -0.00690653
 0.00177833  0.00638298           0  -0.0123219
 0.00101945  0.00690653   0.0123219           0
EndNode1[0]<--->Repeater1[0]
REAL
   0.453457   0.0106022  0.00872155    0.330675
  0.0106022   0.0545213 -0.00677593  -0.0106083
 0.00872155 -0.00677593   0.0292553 -0.00494183
   0.330675  -0.0106083 -0.00494183    0.462766
IMAGINARY
           0   -0.0147113 -0.000547241  -0.00493293
   0.0147113            0 -0.000995923   0.00249783
 0.000547241  0.000995923            0   -0.0197491
  0.00493293  -0.00249783    0.0197491            0
EndNode2[0]<--->HoM1[0]
REAL
    0.472335   0.00267519  -0.00465547     0.343422
  0.00267519    0.0445344 -0.000603365   0.00330046
 -0.00465547 -0.000603365    0.0377868   0.00138985
    0.343422   0.00330046   0.00138985     0.445344
IMAGINARY
          0  0.00220953  0.00978136  -0.0135005
-0.00220953           0   0.0102495   0.0172627
-0.00978136  -0.0102495           0  -0.0267378
  0.0135005  -0.0172627   0.0267378           0
Repeater1[0]<--->EndNode1[0]
REAL
   0.453457  0.00872155   0.0106022    0.330675
 0.00872155   0.0292553 -0.00677593 -0.00494183
  0.0106022 -0.00677593   0.0545213  -0.0106083
   0.330675 -0.00494183  -0.0106083    0.462766
IMAGINARY
           0 -0.000547241   -0.0147113  -0.00493293
 0.000547241            0  0.000995923   -0.0197491
   0.0147113 -0.000995923            0   0.00249783
  0.00493293    0.0197491  -0.00249783            0
Repeater1[0]<--->HoM1[0]
REAL
    0.472335  -0.00465547   0.00267519     0.343422
 -0.00465547    0.0377868 -0.000603365   0.00138985
  0.00267519 -0.000603365    0.0445344   0.00330046
    0.343422   0.00138985   0.00330046     0.445344
IMAGINARY
          0  0.00978136  0.00220953  -0.0135005
-0.00978136           0  -0.0102495  -0.0267378
-0.00220953   0.0102495           0   0.0172627
  0.0135005   0.0267378  -0.0172627           0
EndNode1[0]<--->Repeater1[0]
REAL
    0.448799  -0.00627314 -0.000137117     0.331403
 -0.00627314    0.0366625   -0.0149476  -0.00872364
-0.000137117   -0.0149476    0.0429836   0.00120985
    0.331403  -0.00872364   0.00120985     0.471555
IMAGINARY
          0  -0.0039429  -0.0160158   0.0073394
  0.0039429           0  -0.0143997 -0.00767177
  0.0160158   0.0143997           0  0.00970474
 -0.0073394  0.00767177 -0.00970474           0
EndNode2[0]<--->HoM1[0]
REAL
   0.450852  -0.0108652  0.00464562    0.328188
 -0.0108652   0.0484928  0.00263494  -0.0214475
 0.00464562  0.00263494   0.0524246 -0.00825419
   0.328188  -0.0214475 -0.00825419    0.448231
IMAGINARY
          0  0.00228761   0.0077245   0.0105806
-0.00228761           0  -0.0124963  0.00578901
 -0.0077245   0.0124963           0 -0.00105911
 -0.0105806 -0.00578901  0.00105911           0
Repeater1[0]<--->EndNode1[0]
REAL
    0.448799 -0.000137117  -0.00627314     0.331403
-0.000137117    0.0429836   -0.0149476   0.00120985
 -0.00627314   -0.0149476    0.0366625  -0.00872364
    0.331403   0.00120985  -0.00872364     0.471555
IMAGINARY
          0  -0.0160158  -0.0039429   0.0073394
  0.0160158           0   0.0143997  0.00970474
  0.0039429  -0.0143997           0 -0.00767177
 -0.0073394 -0.00970474  0.00767177           0
Repeater1[0]<--->HoM1[0]
REAL
   0.450852  0.00464562  -0.0108652    0.328188
 0.00464562   0.0524246  0.00263494 -0.00825419
 -0.0108652  0.00263494   0.0484928  -0.0214475
   0.328188 -0.00825419  -0.0214475    0.448231
IMAGINARY
          0   0.0077245  0.00228761   0.0105806
 -0.0077245           0   0.0124963 -0.00105911
-0.00228761  -0.0124963           0  0.00578901
 -0.0105806  0.00105911 -0.00578901           0
EndNode1[0]<--->Repeater1[0]
REAL
   0.447436 0.000391652  0.00463937     0.34442
0.000391652   0.0461538 -0.00258984 -0.00921453
 0.00463937 -0.00258984   0.0423077  0.00941227
    0.34442 -0.00921453  0.00941227    0.464103
IMAGINARY
          0  0.00817172  -0.0061281 -0.00353625
-0.00817172           0   -0.023318 -0.00847552
  0.0061281    0.023318           0   0.0175585
 0.00353625  0.00847552  -0.0175585           0
EndNode2[0]<--->HoM1[0]
REAL
  0.473008 0.00325303 0.00107675   0.347369
0.00325303  0.0411311 0.00467209 0.00785182
0.00107675 0.00467209  0.0398458  0.0133286
  0.347369 0.00785182  0.0133286   0.446015
IMAGINARY
          0  -0.0124728  0.00518385 -0.00173985
  0.0124728           0  -0.0193869  0.00917321
-0.00518385   0.0193869           0  -0.0093749
 0.00173985 -0.00917321   0.0093749           0
Repeater1[0]<--->EndNode1[0]
REAL
   0.447436  0.00463937 0.000391652     0.34442
 0.00463937   0.0423077 -0.00258984  0.00941227
0.000391652 -0.00258984   0.0461538 -0.00921453
    0.34442  0.00941227 -0.00921453    0.464103
IMAGINARY
          0  -0.0061281  0.00817172 -0.00353625
  0.0061281           0    0.023318   0.0175585
-0.00817172   -0.023318           0 -0.00847552
 0.00353625  -0.0175585  0.00847552           0
Repeater1[0]<--->HoM1[0]
REAL
  0.473008 0.00107675 0.00325303   0.347369
0.00107675  0.0398458 0.00467209  0.0133286
0.00325303 0.00467209  0.0411311 0.00785182
  0.347369  0.0133286 0.00785182   0.446015
IMAGINARY
          0  0.00518385  -0.0124728 -0.00173985
-0.00518385           0   0.0193869  -0.0093749
  0.0124728  -0.0193869           0  0.00917321
 0.00173985   0.0093749 -0.00917321           0
EndNode1[0]<--->Repeater1[0]
REAL
   0.469773  0.00812028  0.00626889    0.334577
 0.00812028   0.0314861 -0.00207669  0.00123111
 0.00626889 -0.00207669   0.0365239  0.00937972
   0.334577  0.00123111  0.00937972    0.462217
IMAGINARY
          0 -0.00521774   0.0123662   -0.020545
 0.00521774           0   0.0186195 -0.00107806
 -0.0123662  -0.0186195           0  -0.0153666
   0.020545  0.00107806   0.0153666           0
EndNode2[0]<--->HoM1[0]
REAL
   0.433071 -0.00315935  -0.0226351    0.338094
-0.00315935   0.0472441  0.00597769   0.0110371
 -0.0226351  0.00597769   0.0419948   0.0160459
   0.338094   0.0110371   0.0160459     0.47769
IMAGINARY
           0   0.00887157   -0.0154511   -0.0117454
 -0.00887157            0  2.66225e-05  -0.00158054
   0.0154511 -2.66225e-05            0   -0.0015723
   0.0117454   0.00158054    0.0015723            0
Repeater1[0]<--->EndNode1[0]
REAL
   0.469773  0.00626889  0.00812028    0.334577
 0.00626889   0.0365239 -0.00207669  0.00937972
 0.00812028 -0.00207669   0.0314861  0.00123111
   0.334577  0.00937972  0.00123111    0.462217
IMAGINARY
          0   0.0123662 -0.00521774   -0.020545
 -0.0123662           0  -0.0186195  -0.0153666
 0.00521774   0.0186195           0 -0.00107806
   0.020545   0.0153666  0.00107806           0
Repeater1[0]<--->HoM1[0]
REAL
   0.433071  -0.0226351 -0.00315935    0.338094
 -0.0226351   0.0419948  0.00597769   0.0160459
-0.00315935  0.00597769   0.0472441   0.0110371
   0.338094   0.0160459   0.0110371     0.47769
IMAGINARY
           0   -0.0154511   0.00887157   -0.0117454
   0.0154511            0 -2.66225e-05   -0.0015723
 -0.00887157  2.66225e-05            0  -0.00158054
   0.0117454    0.0015723   0.00158054            0
EndNode1[0]<--->Repeater1[0]
REAL
    0.475066 -0.000938272    0.0138135     0.338784
-0.000938272    0.0367454  -0.00438119    0.0150697
   0.0138135  -0.00438119    0.0393701    0.0259704
    0.338784    0.0150697    0.0259704     0.448819
IMAGINARY
           0    0.0110191   -0.0191581   0.00823694
  -0.0110191            0    0.0107815 -0.000266386
   0.0191581   -0.0107815            0     0.021355
 -0.00823694  0.000266386    -0.021355            0
EndNode2[0]<--->HoM1[0]
REAL
    0.462722   0.00810319    0.0191947     0.329793
  0.00810319    0.0508876  -0.00416504  -0.00664513
   0.0191947  -0.00416504    0.0426036 -0.000837666
    0.329793  -0.00664513 -0.000837666     0.443787
IMAGINARY
          0  -0.0181593  0.00322074 -0.00930332
  0.0181593           0  0.00625825   0.0111363
-0.00322074 -0.00625825           0   0.0075476
 0.00930332  -0.0111363  -0.0075476           0
Repeater1[0]<--->EndNode1[0]
REAL
    0.475066    0.0138135 -0.000938272     0.338784
   0.0138135    0.0393701  -0.00438119    0.0259704
-0.000938272  -0.00438119    0.0367454    0.0150697
    0.338784    0.0259704    0.0150697     0.448819
IMAGINARY
           0   -0.0191581    0.0110191   0.00823694
   0.0191581            0   -0.0107815     0.021355
  -0.0110191    0.0107815            0 -0.000266386
 -0.00823694    -0.021355  0.000266386            0
Repeater1[0]<--->HoM1[0]
REAL
    0.462722    0.0191947   0.00810319     0.329793
   0.0191947    0.0426036  -0.00416504 -0.000837666
  0.00810319  -0.00416504    0.0508876  -0.00664513
    0.329793 -0.000837666  -0.00664513     0.443787
IMAGINARY
          0  0.00322074  -0.0181593 -0.00930332
-0.00322074           0 -0.00625825   0.0075476
  0.0181593  0.00625825           0   0.0111363
 0.00930332  -0.0075476  -0.0111363           0
EndNode1[0]<--->Repeater1[0]
REAL
   0.424516  -0.0119879 -0.00070571    0.333439
 -0.0119879   0.0412903  -0.0180946  -0.0220511
-0.00070571  -0.0180946        0.04  0.00483577
   0.333439  -0.0220511  0.00483577    0.494194
IMAGINARY
          0   0.0162919   0.0040219  0.00542154
 -0.0162919           0  -0.0188624  0.00272656
 -0.0040219   0.0188624           0   0.0100884
-0.00542154 -0.00272656  -0.0100884           0
EndNode2[0]<--->HoM1[0]
REAL
   0.433938  -0.0156851  0.00598941    0.333105
 -0.0156851   0.0401554  0.00560484 -0.00147328
 0.00598941  0.00560484   0.0401554  0.00342707
   0.333105 -0.00147328  0.00342707    0.485751
IMAGINARY
           0    0.0207572 -0.000899707   0.00202907
  -0.0207572            0   0.00715728  -0.00285029
 0.000899707  -0.00715728            0   -0.0145072
 -0.00202907   0.00285029    0.0145072            0
Repeater1[0]<--->EndNode1[0]
REAL
   0.424516 -0.00070571  -0.0119879    0.333439
-0.00070571        0.04  -0.0180946  0.00483577
 -0.0119879  -0.0180946   0.0412903  -0.0220511
   0.333439  0.00483577  -0.0220511    0.494194
IMAGINARY
          0   0.0040219   0.0162919  0.00542154
 -0.0040219           0   0.0188624   0.0100884
 -0.0162919  -0.0188624           0  0.00272656
-0.00542154  -0.0100884 -0.00272656           0
Repeater1[0]<--->HoM1[0]
REAL
   0.433938  0.00598941  -0.0156851    0.333105
 0.00598941   0.0401554  0.00560484  0.00342707
 -0.0156851  0.00560484   0.0401554 -0.00147328
   0.333105  0.00342707 -0.00147328    0.485751
IMAGINARY
           0 -0.000899707    0.0207572   0.00202907
 0.000899707            0  -0.00715728   -0.0145072
  -0.0207572   0.00715728            0  -0.00285029
 -0.00202907    0.0145072   0.00285029            0
EndNode1[0]<--->Repeater1[0]
REAL
  0.461119 -0.0230839  0.0101881   0.340803
-0.0230839  0.0381992 0.00965165  -0.013439
 0.0101881 0.00965165  0.0409277  0.0185325
  0.340803  -0.013439  0.0185325   0.459754
IMAGINARY
          0  -0.0133998   0.0294225  0.00362685
  0.0133998           0   0.0017495   0.0019911
 -0.0294225  -0.0017495           0  -0.0114693
-0.00362685  -0.0019911   0.0114693           0
EndNode2[0]<--->HoM1[0]
REAL
   0.436943  -0.0109577   0.0199359     0.34007
 -0.0109577   0.0458599 -0.00804864 -0.00287549
  0.0199359 -0.00804864   0.0407643  0.00439606
    0.34007 -0.00287549  0.00439606    0.476433
IMAGINARY
          0  0.00621516   0.0259874   0.0143455
-0.00621516           0   0.0266992  0.00761472
 -0.0259874  -0.0266992           0  -0.0330969
 -0.0143455 -0.00761472   0.0330969           0
Repeater1[0]<--->EndNode1[0]
REAL
  0.461119  0.0101881 -0.0230839   0.340803
 0.0101881  0.0409277 0.00965165  0.0185325
-0.0230839 0.00965165  0.0381992  -0.013439
  0.340803  0.0185325  -0.013439   0.459754
IMAGINARY
          0   0.0294225  -0.0133998  0.00362685
 -0.0294225           0  -0.0017495  -0.0114693
  0.0133998   0.0017495           0   0.0019911
-0.00362685   0.0114693  -0.0019911           0
Repeater1[0]<--->HoM1[0]
REAL
   0.436943   0.0199359  -0.0109577     0.34007
  0.0199359   0.0407643 -0.00804864  0.00439606
 -0.0109577 -0.00804864   0.0458599 -0.00287549
    0.34007  0.00439606 -0.00287549    0.476433
IMAGINARY
          0   0.0259874  0.00621516   0.0143455
 -0.0259874           0  -0.0266992  -0.0330969
-0.00621516   0.0266992           0  0.00761472
 -0.0143455   0.0330969 -0.00761472           0
EndNode1[0]<--->Repeater1[0]
REAL
   0.461441 -0.00531915   0.0149686    0.329254
-0.00531915   0.0404551   0.0221673  0.00182722
  0.0149686   0.0221673   0.0594185  0.00531915
   0.329254  0.00182722  0.00531915    0.438685
IMAGINARY
           0 -2.96016e-05   -0.0103948   -0.0106759
 2.96016e-05            0  -0.00582155    0.0208935
   0.0103948   0.00582155            0  -0.00128273
   0.0106759   -0.0208935   0.00128273            0
EndNode2[0]<--->HoM1[0]
REAL
  0.427318 0.00234075 0.00943494   0.333862
0.00234075  0.0388471 0.00960479 -0.0152564
0.00943494 0.00960479  0.0526316 -0.0146305
  0.333862 -0.0152564 -0.0146305   0.481203
IMAGINARY
          0   -0.017121   0.0363963  -0.0175709
   0.017121           0  -0.0130664   0.0131086
 -0.0363963   0.0130664           0  0.00226955
  0.0175709  -0.0131086 -0.00226955           0
Repeater1[0]<--->EndNode1[0]
REAL
   0.461441   0.0149686 -0.00531915    0.329254
  0.0149686   0.0594185   0.0221673  0.00531915
-0.00531915   0.0221673   0.0404551  0.00182722
   0.329254  0.00531915  0.00182722    0.438685
IMAGINARY
           0   -0.0103948 -2.96016e-05   -0.0106759
   0.0103948            0   0.00582155  -0.00128273
 2.96016e-05  -0.00582155            0    0.0208935
   0.0106759   0.00128273   -0.0208935            0
Repeater1[0]<--->HoM1[0]
REAL
  0.427318 0.00943494 0.00234075   0.333862
0.00943494  0.0526316 0.00960479 -0.0146305
0.00234075 0.00960479  0.0388471 -0.0152564
  0.333862 -0.0146305 -0.0152564   0.481203
IMAGINARY
          0   0.0363963   -0.017121  -0.0175709
 -0.0363963           0   0.0130664  0.00226955
   0.017121  -0.0130664           0   0.0131086
  0.0175709 -0.00226955  -0.0131086           0
EndNode1[0]<--->Repeater1[0]
REAL
  0.455629 0.00458392 0.00667723    0.32421
0.00458392  0.0397351  0.0121796 -0.0172555
0.00667723  0.0121796  0.0423841 0.00458392
   0.32421 -0.0172555 0.00458392   0.462252
IMAGINARY
          0  0.00749342  0.00387072  -0.0225562
-0.00749342           0 -0.00670256  -0.0138958
-0.00387072  0.00670256           0   0.0125567
  0.0225562   0.0138958  -0.0125567           0
EndNode2[0]<--->HoM1[0]
REAL
   0.470345  -0.0218861  -0.0360327    0.344291
 -0.0218861   0.0441379  -0.0117974 -0.00175068
 -0.0360327  -0.0117974    0.057931 -0.00456229
   0.344291 -0.00175068 -0.00456229    0.427586
IMAGINARY
           0  -0.00435595   -0.0205537  -0.00739333
  0.00435595            0  0.000259734 -0.000971485
   0.0205537 -0.000259734            0     0.009891
  0.00739333  0.000971485    -0.009891            0
Repeater1[0]<--->EndNode1[0]
REAL
  0.455629 0.00667723 0.00458392    0.32421
0.00667723  0.0423841  0.0121796 0.00458392
0.00458392  0.0121796  0.0397351 -0.0172555
   0.32421 0.00458392 -0.0172555   0.462252
IMAGINARY
          0  0.00387072  0.00749342  -0.0225562
-0.00387072           0  0.00670256   0.0125567
-0.00749342 -0.00670256           0  -0.0138958
  0.0225562  -0.0125567   0.0138958           0
Repeater1[0]<--->HoM1[0]
REAL
   0.470345  -0.0360327  -0.0218861    0.344291
 -0.0360327    0.057931  -0.0117974 -0.00456229
 -0.0218861  -0.0117974   0.0441379 -0.00175068
   0.344291 -0.00456229 -0.00175068    0.427586
IMAGINARY
           0   -0.0205537  -0.00435595  -0.00739333
   0.0205537            0 -0.000259734     0.009891
  0.00435595  0.000259734            0 -0.000971485
  0.00739333    -0.009891  0.000971485            0
EndNode1[0]<--->Repeater1[0]
REAL
   0.489218 -0.00715659   0.0266709    0.339664
-0.00715659    0.041779 -0.00116248   -0.011167
  0.0266709 -0.00116248    0.041779   0.0368724
   0.339664   -0.011167   0.0368724    0.427224
IMAGINARY
          0   0.0138331   0.0160032  0.00889632
 -0.0138331           0   0.0199257 -0.00567513
 -0.0160032  -0.0199257           0  -0.0156557
-0.00889632  0.00567513   0.0156557           0
EndNode2[0]<--->HoM1[0]
REAL
  0.453704  0.0024524  0.0141021   0.297833
 0.0024524  0.0383598  0.0199072 0.00594651
 0.0141021  0.0199072  0.0515873  0.0103058
  0.297833 0.00594651  0.0103058   0.456349
IMAGINARY
          0 -0.00463871 -0.00559845   0.0128653
 0.00463871           0  -0.0115733  -0.0223271
 0.00559845   0.0115733           0 -0.00334001
 -0.0128653   0.0223271  0.00334001           0
Repeater1[0]<--->EndNode1[0]
REAL
   0.489218   0.0266709 -0.00715659    0.339664
  0.0266709    0.041779 -0.00116248   0.0368724
-0.00715659 -0.00116248    0.041779   -0.011167
   0.339664   0.0368724   -0.011167    0.427224
IMAGINARY
          0   0.0160032   0.0138331  0.00889632
 -0.0160032           0  -0.0199257  -0.0156557
 -0.0138331   0.0199257           0 -0.00567513
-0.00889632   0.0156557  0.00567513           0
Repeater1[0]<--->HoM1[0]
REAL
  0.453704  0.0141021  0.0024524   0.297833
 0.0141021  0.0515873  0.0199072  0.0103058
 0.0024524  0.0199072  0.0383598 0.00594651
  0.297833  0.0103058 0.00594651   0.456349
IMAGINARY
          0 -0.00559845 -0.00463871   0.0128653
 0.00559845           0   0.0115733 -0.00334001
 0.00463871  -0.0115733           0  -0.0223271
 -0.0128653  0.00334001   0.0223271           0
EndNode1[0]<--->Repeater1[0]
REAL
   0.454301 -0.00902062  0.00250881    0.319451
-0.00902062   0.0551075 -0.00501755 -0.00508613
 0.00250881 -0.00501755   0.0376344  -0.0115979
   0.319451 -0.00508613  -0.0115979    0.452957
IMAGINARY
          0 -0.00387307 -0.00107094  0.00724001
 0.00387307           0  0.00856277   0.0103794
 0.00107094 -0.00856277           0 -0.00809502
-0.00724001  -0.0103794  0.00809502           0
EndNode2[0]<--->HoM1[0]
REAL
   0.442893   0.0149317   0.0217646    0.352317
  0.0149317    0.036802 -0.00556395   0.0275861
  0.0217646 -0.00556395   0.0494924   0.0136397
   0.352317   0.0275861   0.0136397    0.470812
IMAGINARY
           0  -0.00103921  -0.00159614    0.0323659
  0.00103921            0 -0.000149421   -0.0113238
  0.00159614  0.000149421            0   0.00620717
  -0.0323659    0.0113238  -0.00620717            0
Repeater1[0]<--->EndNode1[0]
REAL
   0.454301  0.00250881 -0.00902062    0.319451
 0.00250881   0.0376344 -0.00501755  -0.0115979
-0.00902062 -0.00501755   0.0551075 -0.00508613
   0.319451  -0.0115979 -0.00508613    0.452957
IMAGINARY
          0 -0.00107094 -0.00387307  0.00724001
 0.00107094           0 -0.00856277 -0.00809502
 0.00387307  0.00856277           0   0.0103794
-0.00724001  0.00809502  -0.0103794           0
Repeater1[0]<--->HoM1[0]
REAL
   0.442893   0.0217646   0.0149317    0.352317
  0.0217646   0.0494924 -0.00556395   0.0136397
  0.0149317 -0.00556395    0.036802   0.0275861
   0.352317   0.0136397   0.0275861    0.470812
IMAGINARY
           0  -0.00159614  -0.00103921    0.0323659
  0.00159614            0  0.000149421   0.00620717
  0.00103921 -0.000149421            0   -0.0113238
  -0.0323659  -0.00620717    0.0113238            0
EndNode1[0]<--->Repeater1[0]
REAL
 0.445161 0.0156462 0.0101096  0.339766
0.0156462      0.04  0.011379 0.0242415
0.0101096  0.011379  0.043871 0.0123437
 0.339766 0.0242415 0.0123437  0.470968
IMAGINARY
          0  0.00523455   0.0125931  -0.0300735
-0.00523455           0  -0.0124265   0.0164392
 -0.0125931   0.0124265           0   -0.014912
  0.0300735  -0.0164392    0.014912           0
EndNode2[0]<--->HoM1[0]
REAL
   0.470735   0.0110802 1.01204e-05    0.335953
  0.0110802   0.0398506   -0.013788 -0.00129878
1.01204e-05   -0.013788   0.0423412 -0.00205954
   0.335953 -0.00129878 -0.00205954    0.447073
IMAGINARY
          0   -0.011573   0.0107302  0.00746976
   0.011573           0  -0.0160904   0.0203579
 -0.0107302   0.0160904           0  -0.0221058
-0.00746976  -0.0203579   0.0221058           0
Repeater1[0]<--->EndNode1[0]
REAL
 0.445161 0.0101096 0.0156462  0.339766
0.0101096  0.043871  0.011379 0.0123437
0.0156462  0.011379      0.04 0.0242415
 0.339766 0.0123437 0.0242415  0.470968
IMAGINARY
          0   0.0125931  0.00523455  -0.0300735
 -0.0125931           0   0.0124265   -0.014912
-0.00523455  -0.0124265           0   0.0164392
  0.0300735    0.014912  -0.0164392           0
Repeater1[0]<--->HoM1[0]
REAL
   0.470735 1.01204e-05   0.0110802    0.335953
1.01204e-05   0.0423412   -0.013788 -0.00205954
  0.0110802   -0.013788   0.0398506 -0.00129878
   0.335953 -0.00205954 -0.00129878    0.447073
IMAGINARY
          0   0.0107302   -0.011573  0.00746976
 -0.0107302           0   0.0160904  -0.0221058
   0.011573  -0.0160904           0   0.0203579
-0.00746976   0.0221058  -0.0203579           0
EndNode1[0]<--->Repeater1[0]
REAL
   0.441138   0.0100754  -0.0094789    0.328014
  0.0100754   0.0297542 -0.00706424 -0.00452841
 -0.0094789 -0.00706424   0.0465718  -0.0131205
   0.328014 -0.00452841  -0.0131205    0.482536
IMAGINARY
           0   0.00426442   -0.0173441  -0.00125252
 -0.00426442            0  -0.00459924 -0.000980485
   0.0173441   0.00459924            0   -0.0173534
  0.00125252  0.000980485    0.0173534            0
EndNode2[0]<--->HoM1[0]
REAL
   0.45502 -0.0151694 0.00677219   0.348091
-0.0151694  0.0378096 0.00184417 -0.0100063
0.00677219 0.00184417  0.0378096  0.0171099
  0.348091 -0.0100063  0.0171099   0.469361
IMAGINARY
          0   0.0116003 -0.00858292  0.00783301
 -0.0116003           0  -0.0144293  -0.0144195
 0.00858292   0.0144293           0 -0.00917896
-0.00783301   0.0144195  0.00917896           0
Repeater1[0]<--->EndNode1[0]
REAL
   0.441138  -0.0094789   0.0100754    0.328014
 -0.0094789   0.0465718 -0.00706424  -0.0131205
  0.0100754 -0.00706424   0.0297542 -0.00452841
   0.328014  -0.0131205 -0.00452841    0.482536
IMAGINARY
           0   -0.0173441   0.00426442  -0.00125252
   0.0173441            0   0.00459924   -0.0173534
 -0.00426442  -0.00459924            0 -0.000980485
  0.00125252    0.0173534  0.000980485            0
Repeater1[0]<--->HoM1[0]
REAL
   0.45502 0.00677219 -0.0151694   0.348091
0.00677219  0.0378096 0.00184417  0.0171099
-0.0151694 0.00184417  0.0378096 -0.0100063
  0.348091  0.0171099 -0.0100063   0.469361
IMAGINARY
          0 -0.00858292   0.0116003  0.00783301
 0.00858292           0   0.0144293 -0.00917896
 -0.0116003  -0.0144293           0  -0.0144195
-0.00783301  0.00917896   0.0144195           0
EndNode1[0]<--->Repeater1[0]
REAL
    0.447535    0.0356967    0.0065106     0.315687
   0.0356967    0.0391909  -0.00699114    0.0164708
   0.0065106  -0.00699114    0.0707965 -0.000292995
    0.315687    0.0164708 -0.000292995     0.442478
IMAGINARY
          0   0.0137631    0.010544  -0.0252218
 -0.0137631           0  0.00554744  -0.0075283
  -0.010544 -0.00554744           0    -0.01316
  0.0252218   0.0075283     0.01316           0
EndNode2[0]<--->HoM1[0]
REAL
    0.4675 -0.0231414  0.0169895   0.347376
-0.0231414    0.03375 0.00281624 0.00157644
 0.0169895 0.00281624     0.0375  0.0301836
  0.347376 0.00157644  0.0301836    0.46125
IMAGINARY
          0  -0.0197443  0.00343961  -0.0146019
  0.0197443           0  -0.0239602   0.0133998
-0.00343961   0.0239602           0 -0.00486715
  0.0146019  -0.0133998  0.00486715           0
Repeater1[0]<--->EndNode1[0]
REAL
    0.447535    0.0065106    0.0356967     0.315687
   0.0065106    0.0707965  -0.00699114 -0.000292995
   0.0356967  -0.00699114    0.0391909    0.0164708
    0.315687 -0.000292995    0.0164708     0.442478
IMAGINARY
          0    0.010544   0.0137631  -0.0252218
  -0.010544           0 -0.00554744    -0.01316
 -0.0137631  0.00554744           0  -0.0075283
  0.0252218     0.01316   0.0075283           0
Repeater1[0]<--->HoM1[0]
REAL
    0.4675  0.0169895 -0.0231414   0.347376
 0.0169895     0.0375 0.00281624  0.0301836
-0.0231414 0.00281624    0.03375 0.00157644
  0.347376  0.0301836 0.00157644    0.46125
IMAGINARY
          0  0.00343961  -0.0197443  -0.0146019
-0.00343961           0   0.0239602 -0.00486715
  0.0197443  -0.0239602           0   0.0133998
  0.0146019  0.00486715  -0.0133998           0
EndNode1[0]<--->Repeater1[0]
REAL
  0.462939  0.0179978 0.00820608   0.348984
 0.0179978  0.0338101 -0.0109127  0.0220782
0.00820608 -0.0109127   0.029909 0.00363388
  0.348984  0.0220782 0.00363388   0.473342
IMAGINARY
          0 -0.00383061  0.00428337   0.0152611
 0.00383061           0 -0.00964312  -0.0107101
