EndNode1[0]<--->Repeater1[0]
REAL
     0.4753 -0.00193798   0.0107302    0.409818
-0.00193798   0.0293725  0.00620311  -0.0133142
  0.0107302  0.00620311    0.058745 -0.00193798
   0.409818  -0.0133142 -0.00193798    0.436582
IMAGINARY
          0  0.00866262 -0.00690126 -0.00329256
-0.00866262           0  0.00968642 -0.00755657
 0.00690126 -0.00968642           0  0.00338557
 0.00329256  0.00755657 -0.00338557           0
EndNode2[0]<--->HoM1[0]
REAL
   0.477089 0.000634969  0.00196751    0.410843
0.000634969   0.0350404  0.00571491  0.00650707
 0.00196751  0.00571491   0.0444744 1.69218e-05
   0.410843  0.00650707 1.69218e-05    0.443396
IMAGINARY
          0   0.0119346  -0.0161952  0.00812185
 -0.0119346           0   0.0137258  0.00722081
  0.0161952  -0.0137258           0   0.0175526
-0.00812185 -0.00722081  -0.0175526           0
Repeater1[0]<--->EndNode1[0]
REAL
     0.4753   0.0107302 -0.00193798    0.409818
  0.0107302    0.058745  0.00620311 -0.00193798
-0.00193798  0.00620311   0.0293725  -0.0133142
   0.409818 -0.00193798  -0.0133142    0.436582
IMAGINARY
          0 -0.00690126  0.00866262 -0.00329256
 0.00690126           0 -0.00968642  0.00338557
-0.00866262  0.00968642           0 -0.00755657
 0.00329256 -0.00338557  0.00755657           0
Repeater1[0]<--->HoM1[0]
REAL
   0.477089  0.00196751 0.000634969    0.410843
 0.00196751   0.0444744  0.00571491 1.69218e-05
0.000634969  0.00571491   0.0350404  0.00650707
   0.410843 1.69218e-05  0.00650707    0.443396
IMAGINARY
          0  -0.0161952   0.0119346  0.00812185
  0.0161952           0  -0.0137258   0.0175526
 -0.0119346   0.0137258           0  0.00722081
-0.00812185  -0.0175526 -0.00722081           0
EndNode1[0]<--->Repeater1[0]
REAL
  0.498684  0.0127741  0.0255709   0.412016
 0.0127741  0.0342105 -0.0123875 0.00478848
 0.0255709 -0.0123875  0.0368421 0.00395454
  0.412016 0.00478848 0.00395454   0.430263
IMAGINARY
          0  0.00337965   0.0125995   -0.011032
-0.00337965           0 -0.00662944   0.0125995
 -0.0125995  0.00662944           0 -0.00868469
   0.011032  -0.0125995  0.00868469           0
EndNode2[0]<--->HoM1[0]
REAL
  0.520216  0.0115634 0.00543937   0.418738
 0.0115634  0.0404313 0.00121248 -0.0202177
0.00543937 0.00121248   0.032345 -0.0226471
  0.418738 -0.0202177 -0.0226471   0.407008
IMAGINARY
          0   0.0110863 -0.00229231  -0.0232476
 -0.0110863           0  -0.0219785 -0.00672831
 0.00229231   0.0219785           0  0.00566626
  0.0232476  0.00672831 -0.00566626           0
Repeater1[0]<--->EndNode1[0]
REAL
  0.498684  0.0255709  0.0127741   0.412016
 0.0255709  0.0368421 -0.0123875 0.00395454
 0.0127741 -0.0123875  0.0342105 0.00478848
  0.412016 0.00395454 0.00478848   0.430263
IMAGINARY
          0   0.0125995  0.00337965   -0.011032
 -0.0125995           0  0.00662944 -0.00868469
-0.00337965 -0.00662944           0   0.0125995
   0.011032  0.00868469  -0.0125995           0
Repeater1[0]<--->HoM1[0]
REAL
  0.520216 0.00543937  0.0115634   0.418738
0.00543937   0.032345 0.00121248 -0.0226471
 0.0115634 0.00121248  0.0404313 -0.0202177
  0.418738 -0.0226471 -0.0202177   0.407008
IMAGINARY
          0 -0.00229231   0.0110863  -0.0232476
 0.00229231           0   0.0219785  0.00566626
 -0.0110863  -0.0219785           0 -0.00672831
  0.0232476 -0.00566626  0.00672831           0
EndNode1[0]<--->Repeater1[0]
REAL
  0.459103  0.0130241  0.0134051   0.403102
 0.0130241  0.0382586 0.00668228 0.00628995
 0.0134051 0.00668228  0.0316623  0.0130241
  0.403102 0.00628995  0.0130241   0.470976
IMAGINARY
           0    0.0021206  0.000950527     0.001849
  -0.0021206            0   0.00937294  -0.00350807
-0.000950527  -0.00937294            0    -0.011072
   -0.001849   0.00350807     0.011072            0
EndNode2[0]<--->HoM1[0]
REAL
   0.490361  -0.0130069 -0.00735755    0.419782
 -0.0130069   0.0289157  -0.0117071  -0.0118971
-0.00735755  -0.0117071   0.0433735  0.00617464
   0.419782  -0.0118971  0.00617464    0.437349
IMAGINARY
          0 -0.00984916   0.0142208 -0.00148627
 0.00984916           0  -0.0140176  0.00751836
 -0.0142208   0.0140176           0    -0.01189
 0.00148627 -0.00751836     0.01189           0
Repeater1[0]<--->EndNode1[0]
REAL
  0.459103  0.0134051  0.0130241   0.403102
 0.0134051  0.0316623 0.00668228  0.0130241
 0.0130241 0.00668228  0.0382586 0.00628995
  0.403102  0.0130241 0.00628995   0.470976
IMAGINARY
           0  0.000950527    0.0021206     0.001849
-0.000950527            0  -0.00937294    -0.011072
  -0.0021206   0.00937294            0  -0.00350807
   -0.001849     0.011072   0.00350807            0
Repeater1[0]<--->HoM1[0]
REAL
   0.490361 -0.00735755  -0.0130069    0.419782
-0.00735755   0.0433735  -0.0117071  0.00617464
 -0.0130069  -0.0117071   0.0289157  -0.0118971
   0.419782  0.00617464  -0.0118971    0.437349
IMAGINARY
          0   0.0142208 -0.00984916 -0.00148627
 -0.0142208           0   0.0140176    -0.01189
 0.00984916  -0.0140176           0  0.00751836
 0.00148627     0.01189 -0.00751836           0
EndNode1[0]<--->Repeater1[0]
REAL
  0.472678 -0.0146986 0.00978618   0.403576
-0.0146986  0.0491803 0.00319285  -0.030859
0.00978618 0.00319285  0.0464481 -0.0102056
  0.403576  -0.030859 -0.0102056   0.431694
IMAGINARY
          0  0.00264634 -0.00393204 -0.00968569
-0.00264634           0   0.0174146   0.0109563
 0.00393204  -0.0174146           0 -0.00456205
 0.00968569  -0.0109563  0.00456205           0
EndNode2[0]<--->HoM1[0]
REAL
   0.473159   0.0223576    0.008374     0.41191
  0.0223576   0.0399501  0.00897228 -0.00253742
   0.008374  0.00897228   0.0424469 -0.00225382
    0.41191 -0.00253742 -0.00225382    0.444444
IMAGINARY
           0   -0.0148599    0.0253928 -0.000786149
   0.0148599            0  -0.00443578   0.00717421
  -0.0253928   0.00443578            0  0.000172789
 0.000786149  -0.00717421 -0.000172789            0
Repeater1[0]<--->EndNode1[0]
REAL
  0.472678 0.00978618 -0.0146986   0.403576
0.00978618  0.0464481 0.00319285 -0.0102056
-0.0146986 0.00319285  0.0491803  -0.030859
  0.403576 -0.0102056  -0.030859   0.431694
IMAGINARY
          0 -0.00393204  0.00264634 -0.00968569
 0.00393204           0  -0.0174146 -0.00456205
-0.00264634   0.0174146           0   0.0109563
 0.00968569  0.00456205  -0.0109563           0
Repeater1[0]<--->HoM1[0]
REAL
   0.473159    0.008374   0.0223576     0.41191
   0.008374   0.0424469  0.00897228 -0.00225382
  0.0223576  0.00897228   0.0399501 -0.00253742
    0.41191 -0.00225382 -0.00253742    0.444444
IMAGINARY
           0    0.0253928   -0.0148599 -0.000786149
  -0.0253928            0   0.00443578  0.000172789
   0.0148599  -0.00443578            0   0.00717421
 0.000786149 -0.000172789  -0.00717421            0
EndNode1[0]<--->Repeater1[0]
REAL
   0.461039   0.0163734   0.0105447    0.408448
  0.0163734   0.0545455 -0.00244293  0.00120469
  0.0105447 -0.00244293   0.0467532 -0.00462401
   0.408448  0.00120469 -0.00462401    0.437662
IMAGINARY
          0 -0.00550506   0.0146659 -0.00929664
 0.00550506           0 -0.00808304  0.00513606
 -0.0146659  0.00808304           0 -0.00687118
 0.00929664 -0.00513606  0.00687118           0
EndNode2[0]<--->HoM1[0]
REAL
   0.475034  -0.0138218 -0.00425007    0.411082
 -0.0138218   0.0445344 -0.00389254 -0.00686104
-0.00425007 -0.00389254   0.0310391  0.00140352
   0.411082 -0.00686104  0.00140352    0.449393
IMAGINARY
          0 -0.00859145  0.00685906  -0.0305616
 0.00859145           0  0.00639799 -0.00178292
-0.00685906 -0.00639799           0  0.00478434
  0.0305616  0.00178292 -0.00478434           0
Repeater1[0]<--->EndNode1[0]
REAL
   0.461039   0.0105447   0.0163734    0.408448
  0.0105447   0.0467532 -0.00244293 -0.00462401
  0.0163734 -0.00244293   0.0545455  0.00120469
   0.408448 -0.00462401  0.00120469    0.437662
IMAGINARY
          0   0.0146659 -0.00550506 -0.00929664
 -0.0146659           0  0.00808304 -0.00687118
 0.00550506 -0.00808304           0  0.00513606
 0.00929664  0.00687118 -0.00513606           0
Repeater1[0]<--->HoM1[0]
REAL
   0.475034 -0.00425007  -0.0138218    0.411082
-0.00425007   0.0310391 -0.00389254  0.00140352
 -0.0138218 -0.00389254   0.0445344 -0.00686104
   0.411082  0.00140352 -0.00686104    0.449393
IMAGINARY
          0  0.00685906 -0.00859145  -0.0305616
-0.00685906           0 -0.00639799  0.00478434
 0.00859145  0.00639799           0 -0.00178292
  0.0305616 -0.00478434  0.00178292           0
EndNode1[0]<--->Repeater1[0]
REAL
    0.472772   0.00184107  -0.00597129     0.417542
  0.00184107     0.049505  -0.00109304 -0.000556126
 -0.00597129  -0.00109304    0.0346535   -0.0109794
    0.417542 -0.000556126   -0.0109794     0.443069
IMAGINARY
          0  0.00154734   0.0108255   0.0198783
-0.00154734           0   0.0218971   0.0101719
 -0.0108255  -0.0218971           0 -0.00679669
 -0.0198783  -0.0101719  0.00679669           0
EndNode2[0]<--->HoM1[0]
REAL
   0.478261 -0.00832891  -0.0158713    0.414041
-0.00832891   0.0407609   -0.019639 -0.00957403
 -0.0158713   -0.019639   0.0475543  -0.0260222
   0.414041 -0.00957403  -0.0260222    0.433424
IMAGINARY
          0   0.0126232 -0.00403659   0.0049456
 -0.0126232           0   0.0100089   0.0111887
 0.00403659  -0.0100089           0  -0.0158742
 -0.0049456  -0.0111887   0.0158742           0
Repeater1[0]<--->EndNode1[0]
REAL
    0.472772  -0.00597129   0.00184107     0.417542
 -0.00597129    0.0346535  -0.00109304   -0.0109794
  0.00184107  -0.00109304     0.049505 -0.000556126
    0.417542   -0.0109794 -0.000556126     0.443069
IMAGINARY
          0   0.0108255  0.00154734   0.0198783
 -0.0108255           0  -0.0218971 -0.00679669
-0.00154734   0.0218971           0   0.0101719
 -0.0198783  0.00679669  -0.0101719           0
Repeater1[0]<--->HoM1[0]
REAL
   0.478261  -0.0158713 -0.00832891    0.414041
 -0.0158713   0.0475543   -0.019639  -0.0260222
-0.00832891   -0.019639   0.0407609 -0.00957403
   0.414041  -0.0260222 -0.00957403    0.433424
IMAGINARY
          0 -0.00403659   0.0126232   0.0049456
 0.00403659           0  -0.0100089  -0.0158742
 -0.0126232   0.0100089           0   0.0111887
 -0.0049456   0.0158742  -0.0111887           0
EndNode1[0]<--->Repeater1[0]
REAL
   0.444737 -0.00455462  0.00999252      0.4122
-0.00455462   0.0407895  0.00263899 -0.00160542
 0.00999252  0.00263899   0.0565789   0.0103611
     0.4122 -0.00160542   0.0103611    0.457895
IMAGINARY
           0    0.0041628 -0.000111761   -0.0224853
  -0.0041628            0    0.0177873    0.0078637
 0.000111761   -0.0177873            0   -0.0144987
   0.0224853   -0.0078637    0.0144987            0
EndNode2[0]<--->HoM1[0]
REAL
   0.464865  -0.0248575 -0.00376932    0.408956
 -0.0248575   0.0418919 -0.00490181 -0.00839284
-0.00376932 -0.00490181   0.0432432  0.00864127
   0.408956 -0.00839284  0.00864127        0.45
IMAGINARY
          0  0.00552722  0.00453895  -0.0015237
-0.00552722           0   0.0120565  -0.0288835
-0.00453895  -0.0120565           0   0.0200658
  0.0015237   0.0288835  -0.0200658           0
Repeater1[0]<--->EndNode1[0]
REAL
   0.444737  0.00999252 -0.00455462      0.4122
 0.00999252   0.0565789  0.00263899   0.0103611
-0.00455462  0.00263899   0.0407895 -0.00160542
     0.4122   0.0103611 -0.00160542    0.457895
IMAGINARY
           0 -0.000111761    0.0041628   -0.0224853
 0.000111761            0   -0.0177873   -0.0144987
  -0.0041628    0.0177873            0    0.0078637
   0.0224853    0.0144987   -0.0078637            0
Repeater1[0]<--->HoM1[0]
REAL
   0.464865 -0.00376932  -0.0248575    0.408956
-0.00376932   0.0432432 -0.00490181  0.00864127
 -0.0248575 -0.00490181   0.0418919 -0.00839284
   0.408956  0.00864127 -0.00839284        0.45
IMAGINARY
          0  0.00453895  0.00552722  -0.0015237
-0.00453895           0  -0.0120565   0.0200658
-0.00552722   0.0120565           0  -0.0288835
  0.0015237  -0.0200658   0.0288835           0
EndNode1[0]<--->Repeater1[0]
REAL
   0.475626  -0.0133206 0.000194479    0.410064
 -0.0133206   0.0316206  0.00485726 -0.00412118
0.000194479  0.00485726   0.0408432  0.00546724
   0.410064 -0.00412118  0.00546724     0.45191
IMAGINARY
           0    0.0153614   -0.0179762  -0.00214621
  -0.0153614            0   0.00544872 -4.78726e-05
   0.0179762  -0.00544872            0   0.00399775
  0.00214621  4.78726e-05  -0.00399775            0
EndNode2[0]<--->HoM1[0]
REAL
        0.5   0.0180706   0.0125395      0.4281
  0.0180706    0.034005 -0.00197889  0.00329165
  0.0125395 -0.00197889   0.0314861  -0.0127936
     0.4281  0.00329165  -0.0127936    0.434509
IMAGINARY
           0   0.00705263   0.00591244 -0.000892864
 -0.00705263            0   0.00569396  -0.00327391
 -0.00591244  -0.00569396            0  -0.00573337
 0.000892864   0.00327391   0.00573337            0
Repeater1[0]<--->EndNode1[0]
REAL
   0.475626 0.000194479  -0.0133206    0.410064
0.000194479   0.0408432  0.00485726  0.00546724
 -0.0133206  0.00485726   0.0316206 -0.00412118
   0.410064  0.00546724 -0.00412118     0.45191
IMAGINARY
           0   -0.0179762    0.0153614  -0.00214621
   0.0179762            0  -0.00544872   0.00399775
  -0.0153614   0.00544872            0 -4.78726e-05
  0.00214621  -0.00399775  4.78726e-05            0
Repeater1[0]<--->HoM1[0]
REAL
        0.5   0.0125395   0.0180706      0.4281
  0.0125395   0.0314861 -0.00197889  -0.0127936
  0.0180706 -0.00197889    0.034005  0.00329165
     0.4281  -0.0127936  0.00329165    0.434509
IMAGINARY
           0   0.00591244   0.00705263 -0.000892864
 -0.00591244            0  -0.00569396  -0.00573337
 -0.00705263   0.00569396            0  -0.00327391
 0.000892864   0.00573337   0.00327391            0
EndNode1[0]<--->Repeater1[0]
REAL
   0.436965 -0.00117202  -0.0108197    0.407508
-0.00117202   0.0416157  0.00237958    0.021458
 -0.0108197  0.00237958   0.0526316 -0.00571158
   0.407508    0.021458 -0.00571158    0.468788
IMAGINARY
          0   -0.011889  -0.0128009    0.012931
   0.011889           0 -0.00629973 -0.00514783
  0.0128009  0.00629973           0  0.00419674
  -0.012931  0.00514783 -0.00419674           0
EndNode2[0]<--->HoM1[0]
REAL
   0.461731    0.033009  0.00169289    0.419147
   0.033009   0.0539523  0.00789701   0.0102568
 0.00169289  0.00789701   0.0451694 -0.00344929
   0.419147   0.0102568 -0.00344929    0.439147
IMAGINARY
          0   0.0103809  -0.0144284  -0.0158867
 -0.0103809           0   0.0281133  0.00692839
  0.0144284  -0.0281133           0 -0.00413094
  0.0158867 -0.00692839  0.00413094           0
Repeater1[0]<--->EndNode1[0]
REAL
   0.436965  -0.0108197 -0.00117202    0.407508
 -0.0108197   0.0526316  0.00237958 -0.00571158
-0.00117202  0.00237958   0.0416157    0.021458
   0.407508 -0.00571158    0.021458    0.468788
IMAGINARY
          0  -0.0128009   -0.011889    0.012931
  0.0128009           0  0.00629973  0.00419674
   0.011889 -0.00629973           0 -0.00514783
  -0.012931 -0.00419674  0.00514783           0
Repeater1[0]<--->HoM1[0]
REAL
   0.461731  0.00169289    0.033009    0.419147
 0.00169289   0.0451694  0.00789701 -0.00344929
   0.033009  0.00789701   0.0539523   0.0102568
   0.419147 -0.00344929   0.0102568    0.439147
IMAGINARY
          0  -0.0144284   0.0103809  -0.0158867
  0.0144284           0  -0.0281133 -0.00413094
 -0.0103809   0.0281133           0  0.00692839
  0.0158867  0.00413094 -0.00692839           0
EndNode1[0]<--->Repeater1[0]
REAL
   0.489247 -0.00521686 -0.00732576    0.390474
-0.00521686   0.0403226  0.00117071   0.0047148
-0.00732576  0.00117071   0.0403226 -0.00392152
   0.390474   0.0047148 -0.00392152    0.430108
IMAGINARY
           0    0.0151433 -0.000498172  -0.00704691
  -0.0151433            0  -0.00643191  -0.00447695
 0.000498172   0.00643191            0   -0.0188747
  0.00704691   0.00447695    0.0188747            0
EndNode2[0]<--->HoM1[0]
REAL
   0.490151  0.00261888   0.0127168    0.428565
 0.00261888   0.0301275  0.00163653   0.0040617
  0.0127168  0.00163653   0.0347625 0.000736823
   0.428565   0.0040617 0.000736823    0.444959
IMAGINARY
           0    0.0062902   0.00394436   -0.0233769
  -0.0062902            0   -0.0174791  0.000791772
 -0.00394436    0.0174791            0   -0.0245581
   0.0233769 -0.000791772    0.0245581            0
Repeater1[0]<--->EndNode1[0]
REAL
   0.489247 -0.00732576 -0.00521686    0.390474
-0.00732576   0.0403226  0.00117071 -0.00392152
-0.00521686  0.00117071   0.0403226   0.0047148
   0.390474 -0.00392152   0.0047148    0.430108
IMAGINARY
           0 -0.000498172    0.0151433  -0.00704691
 0.000498172            0   0.00643191   -0.0188747
  -0.0151433  -0.00643191            0  -0.00447695
  0.00704691    0.0188747   0.00447695            0
Repeater1[0]<--->HoM1[0]
REAL
   0.490151   0.0127168  0.00261888    0.428565
  0.0127168   0.0347625  0.00163653 0.000736823
 0.00261888  0.00163653   0.0301275   0.0040617
   0.428565 0.000736823   0.0040617    0.444959
IMAGINARY
           0   0.00394436    0.0062902   -0.0233769
 -0.00394436            0    0.0174791   -0.0245581
  -0.0062902   -0.0174791            0  0.000791772
   0.0233769    0.0245581 -0.000791772            0
EndNode1[0]<--->Repeater1[0]
REAL
   0.471724 0.000319179   0.0106422    0.419119
0.000319179        0.04  0.00183481 -0.00750546
  0.0106422  0.00183481   0.0482759  0.00909111
   0.419119 -0.00750546  0.00909111        0.44
IMAGINARY
           0   -0.0104177    0.0299922 -0.000997144
   0.0104177            0   0.00551327     0.000872
  -0.0299922  -0.00551327            0   -0.0142737
 0.000997144    -0.000872    0.0142737            0
EndNode2[0]<--->HoM1[0]
REAL
   0.464789  -0.0131636 -0.00482954    0.418571
 -0.0131636   0.0512164  -0.0111162  -0.0195921
-0.00482954  -0.0111162   0.0448143  -0.0189701
   0.418571  -0.0195921  -0.0189701    0.439181
IMAGINARY
          0  0.00606909 -0.00885927    0.030671
-0.00606909           0  0.00915201   0.0270884
 0.00885927 -0.00915201           0  -0.0295066
  -0.030671  -0.0270884   0.0295066           0
Repeater1[0]<--->EndNode1[0]
REAL
   0.471724   0.0106422 0.000319179    0.419119
  0.0106422   0.0482759  0.00183481  0.00909111
0.000319179  0.00183481        0.04 -0.00750546
   0.419119  0.00909111 -0.00750546        0.44
IMAGINARY
           0    0.0299922   -0.0104177 -0.000997144
  -0.0299922            0  -0.00551327   -0.0142737
   0.0104177   0.00551327            0     0.000872
 0.000997144    0.0142737    -0.000872            0
Repeater1[0]<--->HoM1[0]
REAL
   0.464789 -0.00482954  -0.0131636    0.418571
-0.00482954   0.0448143  -0.0111162  -0.0189701
 -0.0131636  -0.0111162   0.0512164  -0.0195921
   0.418571  -0.0189701  -0.0195921    0.439181
IMAGINARY
          0 -0.00885927  0.00606909    0.030671
 0.00885927           0 -0.00915201  -0.0295066
-0.00606909  0.00915201           0   0.0270884
  -0.030671   0.0295066  -0.0270884           0
EndNode1[0]<--->Repeater1[0]
REAL
   0.475366 -0.00544928 -0.00602248    0.404904
-0.00544928   0.0426099 0.000445598  0.00808009
-0.00602248 0.000445598   0.0479361 -0.00483878
   0.404904  0.00808009 -0.00483878    0.434088
IMAGINARY
           0  -0.00238319   -0.0142366  0.000920025
  0.00238319            0   0.00778644  -0.00168701
   0.0142366  -0.00778644            0    0.0195806
-0.000920025   0.00168701   -0.0195806            0
EndNode2[0]<--->HoM1[0]
REAL
    0.46087  0.00829837 -0.00096561    0.426394
 0.00829837    0.047205  0.00994522 -0.00433943
-0.00096561  0.00994522    0.042236 -0.00564585
   0.426394 -0.00433943 -0.00564585    0.449689
IMAGINARY
          0  -0.0186076   0.0116673  0.00178087
  0.0186076           0  -0.0131445  0.00269298
 -0.0116673   0.0131445           0  0.00685825
-0.00178087 -0.00269298 -0.00685825           0
Repeater1[0]<--->EndNode1[0]
REAL
   0.475366 -0.00602248 -0.00544928    0.404904
-0.00602248   0.0479361 0.000445598 -0.00483878
-0.00544928 0.000445598   0.0426099  0.00808009
   0.404904 -0.00483878  0.00808009    0.434088
IMAGINARY
           0   -0.0142366  -0.00238319  0.000920025
   0.0142366            0  -0.00778644    0.0195806
  0.00238319   0.00778644            0  -0.00168701
-0.000920025   -0.0195806   0.00168701            0
Repeater1[0]<--->HoM1[0]
REAL
    0.46087 -0.00096561  0.00829837    0.426394
-0.00096561    0.042236  0.00994522 -0.00564585
 0.00829837  0.00994522    0.047205 -0.00433943
   0.426394 -0.00564585 -0.00433943    0.449689
IMAGINARY
          0   0.0116673  -0.0186076  0.00178087
 -0.0116673           0   0.0131445  0.00685825
  0.0186076  -0.0131445           0  0.00269298
-0.00178087 -0.00685825 -0.00269298           0
EndNode1[0]<--->Repeater1[0]
REAL
   0.448413 -0.00265042  0.00864404    0.409545
-0.00265042   0.0449735  -0.0102916 -0.00615648
 0.00864404  -0.0102916   0.0608466   0.0113569
   0.409545 -0.00615648   0.0113569    0.445767
IMAGINARY
           0   0.00540394    0.0278673   0.00484281
 -0.00540394            0   0.00744697  0.000665268
  -0.0278673  -0.00744697            0   -0.0217083
 -0.00484281 -0.000665268    0.0217083            0
EndNode2[0]<--->HoM1[0]
REAL
   0.463158 -0.00135974 -0.00900868    0.417288
-0.00135974        0.05   0.0111967  0.00355413
-0.00900868   0.0111967   0.0460526  -0.0101554
   0.417288  0.00355413  -0.0101554    0.440789
IMAGINARY
          0   0.0141968  -0.0196631   0.0252946
 -0.0141968           0 -0.00026246  -0.0336364
  0.0196631  0.00026246           0   0.0162601
 -0.0252946   0.0336364  -0.0162601           0
Repeater1[0]<--->EndNode1[0]
REAL
   0.448413  0.00864404 -0.00265042    0.409545
 0.00864404   0.0608466  -0.0102916   0.0113569
-0.00265042  -0.0102916   0.0449735 -0.00615648
   0.409545   0.0113569 -0.00615648    0.445767
IMAGINARY
           0    0.0278673   0.00540394   0.00484281
  -0.0278673            0  -0.00744697   -0.0217083
 -0.00540394   0.00744697            0  0.000665268
 -0.00484281    0.0217083 -0.000665268            0
Repeater1[0]<--->HoM1[0]
REAL
   0.463158 -0.00900868 -0.00135974    0.417288
-0.00900868   0.0460526   0.0111967  -0.0101554
-0.00135974   0.0111967        0.05  0.00355413
   0.417288  -0.0101554  0.00355413    0.440789
IMAGINARY
          0  -0.0196631   0.0141968   0.0252946
  0.0196631           0  0.00026246   0.0162601
 -0.0141968 -0.00026246           0  -0.0336364
 -0.0252946  -0.0162601   0.0336364           0
EndNode1[0]<--->Repeater1[0]
REAL
   0.494396  0.00389614  -0.0153388    0.420002
 0.00389614   0.0361146  0.00108308  0.00732405
 -0.0153388  0.00108308   0.0435866 -0.00451266
   0.420002  0.00732405 -0.00451266    0.425903
IMAGINARY
           0 -0.000147611   0.00268497    0.0133226
 0.000147611            0   -0.0024669   -0.0333975
 -0.00268497    0.0024669            0    0.0308601
  -0.0133226    0.0333975   -0.0308601            0
EndNode2[0]<--->HoM1[0]
REAL
   0.475177   0.0128662   0.0156942    0.418622
  0.0128662   0.0425532   -0.002871  -0.0040947
  0.0156942   -0.002871   0.0437352 -0.00248765
   0.418622  -0.0040947 -0.00248765    0.438534
IMAGINARY
          0 -0.00452475   0.0023112  0.00818469
 0.00452475           0   0.0126207   0.0124893
 -0.0023112  -0.0126207           0 -0.00384076
-0.00818469  -0.0124893  0.00384076           0
Repeater1[0]<--->EndNode1[0]
REAL
   0.494396  -0.0153388  0.00389614    0.420002
 -0.0153388   0.0435866  0.00108308 -0.00451266
 0.00389614  0.00108308   0.0361146  0.00732405
   0.420002 -0.00451266  0.00732405    0.425903
IMAGINARY
           0   0.00268497 -0.000147611    0.0133226
 -0.00268497            0    0.0024669    0.0308601
 0.000147611   -0.0024669            0   -0.0333975
  -0.0133226   -0.0308601    0.0333975            0
Repeater1[0]<--->HoM1[0]
REAL
   0.475177   0.0156942   0.0128662    0.418622
  0.0156942   0.0437352   -0.002871 -0.00248765
  0.0128662   -0.002871   0.0425532  -0.0040947
   0.418622 -0.00248765  -0.0040947    0.438534
IMAGINARY
          0   0.0023112 -0.00452475  0.00818469
 -0.0023112           0  -0.0126207 -0.00384076
 0.00452475   0.0126207           0   0.0124893
-0.00818469  0.00384076  -0.0124893           0
EndNode1[0]<--->Repeater1[0]
REAL
   0.474443  -0.0224601  -0.0246876    0.406573
 -0.0224601   0.0458716 -0.00275034 -0.00305594
 -0.0246876 -0.00275034   0.0262123  -0.0126817
   0.406573 -0.00305594  -0.0126817    0.453473
IMAGINARY
          0   0.0176146  0.00701854 -0.00249948
 -0.0176146           0  0.00760153      0.0115
-0.00701854 -0.00760153           0  -0.0246389
 0.00249948     -0.0115   0.0246389           0
EndNode2[0]<--->HoM1[0]
REAL
   0.480405    0.011619  -0.0238165    0.415398
   0.011619   0.0429836  0.00352076 -0.00185917
 -0.0238165  0.00352076   0.0379267  -0.0210785
   0.415398 -0.00185917  -0.0210785    0.438685
IMAGINARY
          0 -0.00375734   0.0118597  0.00745562
 0.00375734           0   0.0106322   0.0130445
 -0.0118597  -0.0106322           0   -0.022424
-0.00745562  -0.0130445    0.022424           0
Repeater1[0]<--->EndNode1[0]
REAL
   0.474443  -0.0246876  -0.0224601    0.406573
 -0.0246876   0.0262123 -0.00275034  -0.0126817
 -0.0224601 -0.00275034   0.0458716 -0.00305594
   0.406573  -0.0126817 -0.00305594    0.453473
IMAGINARY
          0  0.00701854   0.0176146 -0.00249948
-0.00701854           0 -0.00760153  -0.0246389
 -0.0176146  0.00760153           0      0.0115
 0.00249948   0.0246389     -0.0115           0
Repeater1[0]<--->HoM1[0]
REAL
   0.480405  -0.0238165    0.011619    0.415398
 -0.0238165   0.0379267  0.00352076  -0.0210785
   0.011619  0.00352076   0.0429836 -0.00185917
   0.415398  -0.0210785 -0.00185917    0.438685
IMAGINARY
          0   0.0118597 -0.00375734  0.00745562
 -0.0118597           0  -0.0106322   -0.022424
 0.00375734   0.0106322           0   0.0130445
-0.00745562    0.022424  -0.0130445           0
EndNode1[0]<--->Repeater1[0]
REAL
   0.463508 0.000366996   -0.013595    0.409074
0.000366996   0.0384123 -0.00431196   0.0193865
  -0.013595 -0.00431196   0.0448143  -0.0074455
   0.409074   0.0193865  -0.0074455    0.453265
IMAGINARY
          0 -0.00274367   0.0278604  -0.0115903
 0.00274367           0  -0.0122192 -0.00423836
 -0.0278604   0.0122192           0  -0.0208784
  0.0115903  0.00423836   0.0208784           0
EndNode2[0]<--->HoM1[0]
REAL
  0.492248 -0.0036595  0.0213359   0.411454
-0.0036595  0.0284238 0.00187943 0.00533077
 0.0213359 0.00187943  0.0374677  0.0209928
  0.411454 0.00533077  0.0209928    0.44186
IMAGINARY
           0   -0.0082271  -0.00551926  0.000325081
   0.0082271            0   0.00355089   0.00418948
  0.00551926  -0.00355089            0    0.0334931
-0.000325081  -0.00418948   -0.0334931            0
Repeater1[0]<--->EndNode1[0]
REAL
   0.463508   -0.013595 0.000366996    0.409074
  -0.013595   0.0448143 -0.00431196  -0.0074455
0.000366996 -0.00431196   0.0384123   0.0193865
   0.409074  -0.0074455   0.0193865    0.453265
IMAGINARY
          0   0.0278604 -0.00274367  -0.0115903
 -0.0278604           0   0.0122192  -0.0208784
 0.00274367  -0.0122192           0 -0.00423836
  0.0115903   0.0208784  0.00423836           0
Repeater1[0]<--->HoM1[0]
REAL
  0.492248  0.0213359 -0.0036595   0.411454
 0.0213359  0.0374677 0.00187943  0.0209928
-0.0036595 0.00187943  0.0284238 0.00533077
  0.411454  0.0209928 0.00533077    0.44186
IMAGINARY
           0  -0.00551926   -0.0082271  0.000325081
  0.00551926            0  -0.00355089    0.0334931
   0.0082271   0.00355089            0   0.00418948
-0.000325081   -0.0334931  -0.00418948            0
EndNode1[0]<--->Repeater1[0]
REAL
  0.501316  -0.017316  0.0114146   0.409962
 -0.017316  0.0394737 0.00538188 -0.0153828
 0.0114146 0.00538188  0.0460526 0.00541126
  0.409962 -0.0153828 0.00541126   0.413158
IMAGINARY
          0    0.012734  -0.0230182  -0.0206029
  -0.012734           0  0.00918161  0.00775103
  0.0230182 -0.00918161           0  0.00380543
  0.0206029 -0.00775103 -0.00380543           0
EndNode2[0]<--->HoM1[0]
REAL
    0.458442   -0.0163812   0.00186378     0.419622
  -0.0163812    0.0402597   0.00305876    -0.016039
  0.00186378   0.00305876    0.0285714 -0.000371363
    0.419622    -0.016039 -0.000371363     0.472727
IMAGINARY
          0  0.00848839   0.0109918  0.00833099
-0.00848839           0  0.00445502 -0.00289712
 -0.0109918 -0.00445502           0  -0.0302817
-0.00833099  0.00289712   0.0302817           0
Repeater1[0]<--->EndNode1[0]
REAL
  0.501316  0.0114146  -0.017316   0.409962
 0.0114146  0.0460526 0.00538188 0.00541126
 -0.017316 0.00538188  0.0394737 -0.0153828
  0.409962 0.00541126 -0.0153828   0.413158
IMAGINARY
          0  -0.0230182    0.012734  -0.0206029
  0.0230182           0 -0.00918161  0.00380543
  -0.012734  0.00918161           0  0.00775103
  0.0206029 -0.00380543 -0.00775103           0
Repeater1[0]<--->HoM1[0]
REAL
    0.458442   0.00186378   -0.0163812     0.419622
  0.00186378    0.0285714   0.00305876 -0.000371363
  -0.0163812   0.00305876    0.0402597    -0.016039
    0.419622 -0.000371363    -0.016039     0.472727
IMAGINARY
          0   0.0109918  0.00848839  0.00833099
 -0.0109918           0 -0.00445502  -0.0302817
-0.00848839  0.00445502           0 -0.00289712
-0.00833099   0.0302817  0.00289712           0
EndNode1[0]<--->Repeater1[0]
REAL
  0.501285  0.0108207 0.00761978   0.415027
 0.0108207  0.0424165 0.00662011 0.00632444
0.00761978 0.00662011  0.0347044 0.00179547
  0.415027 0.00632444 0.00179547   0.421594
IMAGINARY
          0  0.00405699  -0.0220045 -0.00736528
-0.00405699           0  0.00411431    0.017613
  0.0220045 -0.00411431           0  0.00660801
 0.00736528   -0.017613 -0.00660801           0
EndNode2[0]<--->HoM1[0]
REAL
   0.467801 -0.00567337 -0.00895832    0.420766
-0.00567337   0.0279465 -0.00452889    0.010247
-0.00895832 -0.00452889   0.0400972  0.00825069
   0.420766    0.010247  0.00825069    0.464156
IMAGINARY
          0  -0.0104456  -0.0237454  -0.0184835
  0.0104456           0  -0.0108499   0.0230901
  0.0237454   0.0108499           0  0.00454785
  0.0184835  -0.0230901 -0.00454785           0
Repeater1[0]<--->EndNode1[0]
REAL
  0.501285 0.00761978  0.0108207   0.415027
0.00761978  0.0347044 0.00662011 0.00179547
 0.0108207 0.00662011  0.0424165 0.00632444
  0.415027 0.00179547 0.00632444   0.421594
IMAGINARY
          0  -0.0220045  0.00405699 -0.00736528
  0.0220045           0 -0.00411431  0.00660801
-0.00405699  0.00411431           0    0.017613
 0.00736528 -0.00660801   -0.017613           0
Repeater1[0]<--->HoM1[0]
REAL
   0.467801 -0.00895832 -0.00567337    0.420766
-0.00895832   0.0400972 -0.00452889  0.00825069
-0.00567337 -0.00452889   0.0279465    0.010247
   0.420766  0.00825069    0.010247    0.464156
IMAGINARY
          0  -0.0237454  -0.0104456  -0.0184835
  0.0237454           0   0.0108499  0.00454785
  0.0104456  -0.0108499           0   0.0230901
  0.0184835 -0.00454785  -0.0230901           0
