EndNode1[0]<--->Repeater1[0]
REAL
    0.45232  0.00360805  -0.0223972   0.0885967
 0.00360805    0.139175   0.0227894 -0.00854334
 -0.0223972   0.0227894    0.266753 -0.00732092
  0.0885967 -0.00854334 -0.00732092    0.141753
IMAGINARY
          0 -0.00725656   0.0233201  -0.0121057
 0.00725656           0  0.00200471   0.0112796
 -0.0233201 -0.00200471           0  0.00793499
  0.0121057  -0.0112796 -0.00793499           0
EndNode2[0]<--->BSA[0]
REAL
  0.416244  0.0324074 0.00687336   0.134969
 0.0324074   0.189086  0.0145023  0.0222272
0.00687336  0.0145023   0.175127 0.00859788
  0.134969  0.0222272 0.00859788   0.219543
IMAGINARY
          0 -0.00155172  0.00185328 -0.00401068
 0.00155172           0 -0.00742133 -0.00444395
-0.00185328  0.00742133           0   0.0209818
 0.00401068  0.00444395  -0.0209818           0
Repeater1[0]<--->EndNode1[0]
REAL
    0.45232  -0.0223972  0.00360805   0.0885967
 -0.0223972    0.266753   0.0227894 -0.00732092
 0.00360805   0.0227894    0.139175 -0.00854334
  0.0885967 -0.00732092 -0.00854334    0.141753
IMAGINARY
          0   0.0233201 -0.00725656  -0.0121057
 -0.0233201           0 -0.00200471  0.00793499
 0.00725656  0.00200471           0   0.0112796
  0.0121057 -0.00793499  -0.0112796           0
Repeater1[0]<--->BSA[0]
REAL
  0.416244 0.00687336  0.0324074   0.134969
0.00687336   0.175127  0.0145023 0.00859788
 0.0324074  0.0145023   0.189086  0.0222272
  0.134969 0.00859788  0.0222272   0.219543
IMAGINARY
          0  0.00185328 -0.00155172 -0.00401068
-0.00185328           0  0.00742133   0.0209818
 0.00155172 -0.00742133           0 -0.00444395
 0.00401068  -0.0209818  0.00444395           0
EndNode1[0]<--->Repeater1[0]
REAL
   0.441741  0.00412419     0.01021    0.127593
 0.00412419    0.152369  0.00694495  0.00518489
    0.01021  0.00694495     0.25096 -0.00613222
   0.127593  0.00518489 -0.00613222     0.15493
IMAGINARY
           0  -0.00200555    0.0141206    0.0246013
  0.00200555            0  -0.00360388 -0.000315087
  -0.0141206   0.00360388            0   0.00260579
  -0.0246013  0.000315087  -0.00260579            0
EndNode2[0]<--->BSA[0]
REAL
   0.427148  0.00479155 -0.00168932     0.13225
 0.00479155    0.196762   0.0322497   0.0179442
-0.00168932   0.0322497    0.146949  0.00106021
    0.13225   0.0179442  0.00106021    0.229141
IMAGINARY
          0 -0.00755644   0.0277532  0.00129199
 0.00755644           0  -0.0142119 -0.00666479
 -0.0277532   0.0142119           0  -0.0216953
-0.00129199  0.00666479   0.0216953           0
Repeater1[0]<--->EndNode1[0]
REAL
   0.441741     0.01021  0.00412419    0.127593
    0.01021     0.25096  0.00694495 -0.00613222
 0.00412419  0.00694495    0.152369  0.00518489
   0.127593 -0.00613222  0.00518489     0.15493
IMAGINARY
           0    0.0141206  -0.00200555    0.0246013
  -0.0141206            0   0.00360388   0.00260579
  0.00200555  -0.00360388            0 -0.000315087
  -0.0246013  -0.00260579  0.000315087            0
Repeater1[0]<--->BSA[0]
REAL
   0.427148 -0.00168932  0.00479155     0.13225
-0.00168932    0.146949   0.0322497  0.00106021
 0.00479155   0.0322497    0.196762   0.0179442
    0.13225  0.00106021   0.0179442    0.229141
IMAGINARY
          0   0.0277532 -0.00755644  0.00129199
 -0.0277532           0   0.0142119  -0.0216953
 0.00755644  -0.0142119           0 -0.00666479
-0.00129199   0.0216953  0.00666479           0
