EndNode1[0]<--->Repeater1[0]
REAL
   0.484085   0.0206805 -0.00864644   0.0955521
  0.0206805    0.132626   0.0332745 -0.00665968
-0.00864644   0.0332745    0.248011  -0.0117519
  0.0955521 -0.00665968  -0.0117519    0.135279
IMAGINARY
           0  -0.00381456    0.0143997  -0.00348557
  0.00381456            0 -0.000894901   0.00991824
  -0.0143997  0.000894901            0    0.0233875
  0.00348557  -0.00991824   -0.0233875            0
EndNode2[0]<--->BSA[0]
REAL
   0.441454  -0.0104955  -0.0250391    0.138379
 -0.0104955    0.183042   0.0278529 -0.00951112
 -0.0250391   0.0278529    0.170929  0.00202095
   0.138379 -0.00951112  0.00202095    0.204576
IMAGINARY
          0  0.00159342 -0.00247494  -0.0208254
-0.00159342           0  -0.0261133  0.00379073
 0.00247494   0.0261133           0    0.020775
  0.0208254 -0.00379073   -0.020775           0
Repeater1[0]<--->EndNode1[0]
REAL
   0.484085 -0.00864644   0.0206805   0.0955521
-0.00864644    0.248011   0.0332745  -0.0117519
  0.0206805   0.0332745    0.132626 -0.00665968
  0.0955521  -0.0117519 -0.00665968    0.135279
IMAGINARY
           0    0.0143997  -0.00381456  -0.00348557
  -0.0143997            0  0.000894901    0.0233875
  0.00381456 -0.000894901            0   0.00991824
  0.00348557   -0.0233875  -0.00991824            0
Repeater1[0]<--->BSA[0]
REAL
   0.441454  -0.0250391  -0.0104955    0.138379
 -0.0250391    0.170929   0.0278529  0.00202095
 -0.0104955   0.0278529    0.183042 -0.00951112
   0.138379  0.00202095 -0.00951112    0.204576
IMAGINARY
          0 -0.00247494  0.00159342  -0.0208254
 0.00247494           0   0.0261133    0.020775
-0.00159342  -0.0261133           0  0.00379073
  0.0208254   -0.020775 -0.00379073           0
