EndNode1[0]<--->Repeater1[0]
REAL
     0.44208 -0.000310721    0.0266839     0.420451
-0.000310721    0.0484634   0.00291145   -0.0124688
   0.0266839   0.00291145    0.0591017    0.0244146
    0.420451   -0.0124688    0.0244146     0.450355
IMAGINARY
           0   -0.0091623   0.00145293  -0.00158029
   0.0091623            0 -0.000320847   0.00901827
 -0.00145293  0.000320847            0   -0.0052356
  0.00158029  -0.00901827    0.0052356            0
EndNode2[0]<--->HoM1[0]
REAL
   0.497573  0.00931244  -0.0251447    0.417107
 0.00931244    0.032767 -0.00218698   0.0269943
 -0.0251447 -0.00218698   0.0521845 -0.00129764
   0.417107   0.0269943 -0.00129764    0.417476
IMAGINARY
          0   0.0151061  -0.0272004  0.00205929
 -0.0151061           0  0.00333155  -0.0238715
  0.0272004 -0.00333155           0   0.0359658
-0.00205929   0.0238715  -0.0359658           0
Repeater1[0]<--->EndNode1[0]
REAL
     0.44208    0.0266839 -0.000310721     0.420451
   0.0266839    0.0591017   0.00291145    0.0244146
-0.000310721   0.00291145    0.0484634   -0.0124688
    0.420451    0.0244146   -0.0124688     0.450355
IMAGINARY
           0   0.00145293   -0.0091623  -0.00158029
 -0.00145293            0  0.000320847   -0.0052356
   0.0091623 -0.000320847            0   0.00901827
  0.00158029    0.0052356  -0.00901827            0
Repeater1[0]<--->HoM1[0]
REAL
   0.497573  -0.0251447  0.00931244    0.417107
 -0.0251447   0.0521845 -0.00218698 -0.00129764
 0.00931244 -0.00218698    0.032767   0.0269943
   0.417107 -0.00129764   0.0269943    0.417476
IMAGINARY
          0  -0.0272004   0.0151061  0.00205929
  0.0272004           0 -0.00333155   0.0359658
 -0.0151061  0.00333155           0  -0.0238715
-0.00205929  -0.0359658   0.0238715           0
EndNode1[0]<--->Repeater1[0]
REAL
   0.453691 -0.00988582 -0.00528523    0.415047
-0.00988582   0.0362416  0.00358842  -0.0143998
-0.00528523  0.00358842   0.0456376  -0.0124239
   0.415047  -0.0143998  -0.0124239     0.46443
IMAGINARY
           0 -0.000479068   -0.0227865  -0.00188573
 0.000479068            0 -4.97493e-05   -0.0227865
   0.0227865  4.97493e-05            0    0.0278228
  0.00188573    0.0227865   -0.0278228            0
EndNode2[0]<--->HoM1[0]
REAL
   0.455145   0.0168176   0.0171144    0.421763
  0.0168176   0.0501319  0.00191098  0.00423099
  0.0171144  0.00191098   0.0620053 0.000646831
   0.421763  0.00423099 0.000646831    0.432718
IMAGINARY
           0   -0.0188915 -0.000598011     0.011807
   0.0188915            0  -0.00358787   0.00984585
 0.000598011   0.00358787            0   0.00347847
   -0.011807  -0.00984585  -0.00347847            0
Repeater1[0]<--->EndNode1[0]
REAL
   0.453691 -0.00528523 -0.00988582    0.415047
-0.00528523   0.0456376  0.00358842  -0.0124239
-0.00988582  0.00358842   0.0362416  -0.0143998
   0.415047  -0.0124239  -0.0143998     0.46443
IMAGINARY
           0   -0.0227865 -0.000479068  -0.00188573
   0.0227865            0  4.97493e-05    0.0278228
 0.000479068 -4.97493e-05            0   -0.0227865
  0.00188573   -0.0278228    0.0227865            0
Repeater1[0]<--->HoM1[0]
REAL
   0.455145   0.0171144   0.0168176    0.421763
  0.0171144   0.0620053  0.00191098 0.000646831
  0.0168176  0.00191098   0.0501319  0.00423099
   0.421763 0.000646831  0.00423099    0.432718
IMAGINARY
           0 -0.000598011   -0.0188915     0.011807
 0.000598011            0   0.00358787   0.00347847
   0.0188915  -0.00358787            0   0.00984585
   -0.011807  -0.00347847  -0.00984585            0
EndNode1[0]<--->Repeater1[0]
REAL
   0.488693 -0.00620868 -0.00324449    0.411497
-0.00620868   0.0452261 -0.00814617 -0.00577613
-0.00324449 -0.00814617   0.0439698 -0.00152328
   0.411497 -0.00577613 -0.00152328    0.422111
IMAGINARY
          0 -0.00420574 -0.00414418   0.0104876
 0.00420574           0  0.00509679 -0.00478439
 0.00414418 -0.00509679           0  0.00930778
 -0.0104876  0.00478439 -0.00930778           0
EndNode2[0]<--->HoM1[0]
REAL
   0.472376  0.00277477 0.000726676    0.422374
 0.00277477   0.0331492 -0.00591818  0.00813408
0.000726676 -0.00591818   0.0497238 -0.00404059
   0.422374  0.00813408 -0.00404059    0.444751
IMAGINARY
          0  0.00873131  -0.0150656    0.003146
-0.00873131           0  -0.0153725 -0.00123163
  0.0150656   0.0153725           0  0.00626217
  -0.003146  0.00123163 -0.00626217           0
Repeater1[0]<--->EndNode1[0]
REAL
   0.488693 -0.00324449 -0.00620868    0.411497
-0.00324449   0.0439698 -0.00814617 -0.00152328
-0.00620868 -0.00814617   0.0452261 -0.00577613
   0.411497 -0.00152328 -0.00577613    0.422111
IMAGINARY
          0 -0.00414418 -0.00420574   0.0104876
 0.00414418           0 -0.00509679  0.00930778
 0.00420574  0.00509679           0 -0.00478439
 -0.0104876 -0.00930778  0.00478439           0
Repeater1[0]<--->HoM1[0]
REAL
   0.472376 0.000726676  0.00277477    0.422374
0.000726676   0.0497238 -0.00591818 -0.00404059
 0.00277477 -0.00591818   0.0331492  0.00813408
   0.422374 -0.00404059  0.00813408    0.444751
IMAGINARY
          0  -0.0150656  0.00873131    0.003146
  0.0150656           0   0.0153725  0.00626217
-0.00873131  -0.0153725           0 -0.00123163
  -0.003146 -0.00626217  0.00123163           0
EndNode1[0]<--->Repeater1[0]
REAL
    0.501272 -0.000699484  -0.00832092     0.396377
-0.000699484    0.0419847   0.00734605   0.00767908
 -0.00832092   0.00734605    0.0419847   0.00134133
    0.396377   0.00767908   0.00134133     0.414758
IMAGINARY
          0  -0.0134246    0.011366   0.0316427
  0.0134246           0  0.00324107  -0.0100905
  -0.011366 -0.00324107           0 -0.00188149
 -0.0316427   0.0100905  0.00188149           0
EndNode2[0]<--->HoM1[0]
REAL
    0.46879   0.0234985  0.00854553     0.41445
  0.0234985    0.056051 -0.00475537  -0.0131936
 0.00854553 -0.00475537   0.0509554  -0.0148663
    0.41445  -0.0131936  -0.0148663    0.424204
IMAGINARY
          0   0.0163327 -0.00762829   0.0102985
 -0.0163327           0 -0.00180338 -0.00495449
 0.00762829  0.00180338           0  -0.0024254
 -0.0102985  0.00495449   0.0024254           0
Repeater1[0]<--->EndNode1[0]
REAL
    0.501272  -0.00832092 -0.000699484     0.396377
 -0.00832092    0.0419847   0.00734605   0.00134133
-0.000699484   0.00734605    0.0419847   0.00767908
    0.396377   0.00134133   0.00767908     0.414758
IMAGINARY
          0    0.011366  -0.0134246   0.0316427
  -0.011366           0 -0.00324107 -0.00188149
  0.0134246  0.00324107           0  -0.0100905
 -0.0316427  0.00188149   0.0100905           0
Repeater1[0]<--->HoM1[0]
REAL
    0.46879  0.00854553   0.0234985     0.41445
 0.00854553   0.0509554 -0.00475537  -0.0148663
  0.0234985 -0.00475537    0.056051  -0.0131936
    0.41445  -0.0148663  -0.0131936    0.424204
IMAGINARY
          0 -0.00762829   0.0163327   0.0102985
 0.00762829           0  0.00180338  -0.0024254
 -0.0163327 -0.00180338           0 -0.00495449
 -0.0102985   0.0024254  0.00495449           0
EndNode1[0]<--->Repeater1[0]
REAL
   0.467005   0.0208685   0.0264103    0.399926
  0.0208685   0.0431472 -0.00748091  0.00111849
  0.0264103 -0.00748091   0.0571066  0.00153864
   0.399926  0.00111849  0.00153864    0.432741
IMAGINARY
          0  0.00129461  -0.0163181    0.009574
-0.00129461           0  0.00591547  0.00838155
  0.0163181 -0.00591547           0   0.0119329
  -0.009574 -0.00838155  -0.0119329           0
EndNode2[0]<--->HoM1[0]
REAL
   0.443409  -0.0162149  0.00785844     0.41454
 -0.0162149   0.0466045  0.00647933 -0.00339984
 0.00785844  0.00647933    0.045273   0.0181257
    0.41454 -0.00339984   0.0181257    0.464714
IMAGINARY
          0   0.0225723  -0.0164113  -0.0144948
 -0.0225723           0  -0.0119568 -0.00877766
  0.0164113   0.0119568           0 -0.00368065
  0.0144948  0.00877766  0.00368065           0
Repeater1[0]<--->EndNode1[0]
REAL
   0.467005   0.0264103   0.0208685    0.399926
  0.0264103   0.0571066 -0.00748091  0.00153864
  0.0208685 -0.00748091   0.0431472  0.00111849
   0.399926  0.00153864  0.00111849    0.432741
IMAGINARY
          0  -0.0163181  0.00129461    0.009574
  0.0163181           0 -0.00591547   0.0119329
-0.00129461  0.00591547           0  0.00838155
  -0.009574  -0.0119329 -0.00838155           0
Repeater1[0]<--->HoM1[0]
REAL
   0.443409  0.00785844  -0.0162149     0.41454
 0.00785844    0.045273  0.00647933   0.0181257
 -0.0162149  0.00647933   0.0466045 -0.00339984
    0.41454   0.0181257 -0.00339984    0.464714
IMAGINARY
          0  -0.0164113   0.0225723  -0.0144948
  0.0164113           0   0.0119568 -0.00368065
 -0.0225723  -0.0119568           0 -0.00877766
  0.0144948  0.00368065  0.00877766           0
EndNode1[0]<--->Repeater1[0]
REAL
  0.461434 0.00644174  0.0052356    0.39785
0.00644174  0.0446549 -0.0117244  0.0052356
 0.0052356 -0.0117244  0.0663058   0.010574
   0.39785  0.0052356   0.010574   0.427605
IMAGINARY
          0   0.0132563  -0.0100248  0.00967307
 -0.0132563           0   0.0131696  -0.0072624
  0.0100248  -0.0131696           0  0.00935007
-0.00967307   0.0072624 -0.00935007           0
EndNode2[0]<--->HoM1[0]
REAL
   0.431847 -0.00466639 7.73584e-05    0.411932
-0.00466639   0.0522293 0.000522182 -0.00562606
7.73584e-05 0.000522182   0.0369427 -0.00211537
   0.411932 -0.00562606 -0.00211537    0.478981
IMAGINARY
           0    0.0213001   -0.0298293    0.0110964
  -0.0213001            0    0.0235033  0.000970208
   0.0298293   -0.0235033            0 -0.000494751
  -0.0110964 -0.000970208  0.000494751            0
Repeater1[0]<--->EndNode1[0]
REAL
  0.461434  0.0052356 0.00644174    0.39785
 0.0052356  0.0663058 -0.0117244   0.010574
0.00644174 -0.0117244  0.0446549  0.0052356
   0.39785   0.010574  0.0052356   0.427605
IMAGINARY
          0  -0.0100248   0.0132563  0.00967307
  0.0100248           0  -0.0131696  0.00935007
 -0.0132563   0.0131696           0  -0.0072624
-0.00967307 -0.00935007   0.0072624           0
Repeater1[0]<--->HoM1[0]
REAL
   0.431847 7.73584e-05 -0.00466639    0.411932
7.73584e-05   0.0369427 0.000522182 -0.00211537
-0.00466639 0.000522182   0.0522293 -0.00562606
   0.411932 -0.00211537 -0.00562606    0.478981
IMAGINARY
           0   -0.0298293    0.0213001    0.0110964
   0.0298293            0   -0.0235033 -0.000494751
  -0.0213001    0.0235033            0  0.000970208
  -0.0110964  0.000494751 -0.000970208            0
EndNode1[0]<--->Repeater1[0]
REAL
   0.491162 -0.00130719   -0.016363     0.40416
-0.00130719   0.0416667 -0.00909863  0.00648646
  -0.016363 -0.00909863   0.0555556 -0.00980392
    0.40416  0.00648646 -0.00980392    0.411616
IMAGINARY
           0   -0.0222079  -0.00816044 -0.000721955
   0.0222079            0   0.00612736    0.0149758
  0.00816044  -0.00612736            0    0.0178709
 0.000721955   -0.0149758   -0.0178709            0
EndNode2[0]<--->HoM1[0]
REAL
   0.489117  0.00833828 -0.00898946    0.400541
 0.00833828   0.0320102 -0.00223635   0.0305018
-0.00898946 -0.00223635   0.0409731  0.00535142
   0.400541   0.0305018  0.00535142      0.4379
IMAGINARY
          0  0.00886138 -0.00093599   0.0175666
-0.00886138           0  -0.0156059  -0.0226751
 0.00093599   0.0156059           0   0.0064164
 -0.0175666   0.0226751  -0.0064164           0
Repeater1[0]<--->EndNode1[0]
REAL
   0.491162   -0.016363 -0.00130719     0.40416
  -0.016363   0.0555556 -0.00909863 -0.00980392
-0.00130719 -0.00909863   0.0416667  0.00648646
    0.40416 -0.00980392  0.00648646    0.411616
IMAGINARY
           0  -0.00816044   -0.0222079 -0.000721955
  0.00816044            0  -0.00612736    0.0178709
   0.0222079   0.00612736            0    0.0149758
 0.000721955   -0.0178709   -0.0149758            0
Repeater1[0]<--->HoM1[0]
REAL
   0.489117 -0.00898946  0.00833828    0.400541
-0.00898946   0.0409731 -0.00223635  0.00535142
 0.00833828 -0.00223635   0.0320102   0.0305018
   0.400541  0.00535142   0.0305018      0.4379
IMAGINARY
          0 -0.00093599  0.00886138   0.0175666
 0.00093599           0   0.0156059   0.0064164
-0.00886138  -0.0156059           0  -0.0226751
 -0.0175666  -0.0064164   0.0226751           0
EndNode1[0]<--->Repeater1[0]
REAL
   0.454663   0.0129981   0.0121268    0.407578
  0.0129981   0.0544041 -0.00535052   0.0212891
  0.0121268 -0.00535052   0.0492228   0.0142296
   0.407578   0.0212891   0.0142296     0.44171
IMAGINARY
          0  -0.0297761  0.00829202  0.00265582
  0.0297761           0  -0.0144979 -0.00433424
-0.00829202   0.0144979           0   0.0284568
-0.00265582  0.00433424  -0.0284568           0
EndNode2[0]<--->HoM1[0]
REAL
    0.470284 -0.000949334    0.0068803     0.421697
-0.000949334    0.0503876   0.00330311    0.0115408
   0.0068803   0.00330311    0.0426357    0.0180546
    0.421697    0.0115408    0.0180546     0.436693
IMAGINARY
          0   -0.013376 -0.00167389  0.00995921
   0.013376           0  -0.0208584  -0.0048028
 0.00167389   0.0208584           0   0.0159667
-0.00995921   0.0048028  -0.0159667           0
Repeater1[0]<--->EndNode1[0]
REAL
   0.454663   0.0121268   0.0129981    0.407578
  0.0121268   0.0492228 -0.00535052   0.0142296
  0.0129981 -0.00535052   0.0544041   0.0212891
   0.407578   0.0142296   0.0212891     0.44171
IMAGINARY
          0  0.00829202  -0.0297761  0.00265582
-0.00829202           0   0.0144979   0.0284568
  0.0297761  -0.0144979           0 -0.00433424
-0.00265582  -0.0284568  0.00433424           0
Repeater1[0]<--->HoM1[0]
REAL
    0.470284    0.0068803 -0.000949334     0.421697
   0.0068803    0.0426357   0.00330311    0.0180546
-0.000949334   0.00330311    0.0503876    0.0115408
    0.421697    0.0180546    0.0115408     0.436693
IMAGINARY
          0 -0.00167389   -0.013376  0.00995921
 0.00167389           0   0.0208584   0.0159667
   0.013376  -0.0208584           0  -0.0048028
-0.00995921  -0.0159667   0.0048028           0
EndNode1[0]<--->Repeater1[0]
REAL
   0.478655  -0.0126357  0.00506156    0.391622
 -0.0126357   0.0426908  0.00196729  0.00134869
 0.00506156  0.00196729   0.0478655 -0.00018483
   0.391622  0.00134869 -0.00018483    0.430789
IMAGINARY
          0    0.034342  0.00841087   0.0248512
  -0.034342           0 -0.00190266  -0.0215143
-0.00841087  0.00190266           0  -0.0157213
 -0.0248512   0.0215143   0.0157213           0
EndNode2[0]<--->HoM1[0]
REAL
   0.461827 -0.00471598  -0.0298197    0.406353
-0.00471598   0.0413016 -0.00429102   0.0195104
 -0.0298197 -0.00429102   0.0475594  -0.0133253
   0.406353   0.0195104  -0.0133253    0.449312
IMAGINARY
          0  0.00852003  0.00923439  -0.0033173
-0.00852003           0  -0.0106883  0.00193512
-0.00923439   0.0106883           0  -0.0118052
  0.0033173 -0.00193512   0.0118052           0
Repeater1[0]<--->EndNode1[0]
REAL
   0.478655  0.00506156  -0.0126357    0.391622
 0.00506156   0.0478655  0.00196729 -0.00018483
 -0.0126357  0.00196729   0.0426908  0.00134869
   0.391622 -0.00018483  0.00134869    0.430789
IMAGINARY
          0  0.00841087    0.034342   0.0248512
-0.00841087           0  0.00190266  -0.0157213
  -0.034342 -0.00190266           0  -0.0215143
 -0.0248512   0.0157213   0.0215143           0
Repeater1[0]<--->HoM1[0]
REAL
   0.461827  -0.0298197 -0.00471598    0.406353
 -0.0298197   0.0475594 -0.00429102  -0.0133253
-0.00471598 -0.00429102   0.0413016   0.0195104
   0.406353  -0.0133253   0.0195104    0.449312
IMAGINARY
          0  0.00923439  0.00852003  -0.0033173
-0.00923439           0   0.0106883  -0.0118052
-0.00852003  -0.0106883           0  0.00193512
  0.0033173   0.0118052 -0.00193512           0
EndNode1[0]<--->Repeater1[0]
REAL
    0.473752 -0.000961949   0.00174864     0.406402
-0.000961949    0.0435339   0.00653025  -0.00623008
  0.00174864   0.00653025    0.0435339   0.00160215
    0.406402  -0.00623008   0.00160215     0.439181
IMAGINARY
           0    0.0104841  0.000594827   0.00489299
  -0.0104841            0   0.00809402  -0.00123668
-0.000594827  -0.00809402            0  -0.00470745
 -0.00489299   0.00123668   0.00470745            0
EndNode2[0]<--->HoM1[0]
REAL
    0.47543  0.00450416 -0.00796342    0.416326
 0.00450416   0.0356265  0.00899027  0.00416596
-0.00796342  0.00899027    0.034398 -0.00197252
   0.416326  0.00416596 -0.00197252    0.454545
IMAGINARY
          0  -0.0153803   0.0120586  -0.0069951
  0.0153803           0   0.0213554  0.00274187
 -0.0120586  -0.0213554           0  0.00572783
  0.0069951 -0.00274187 -0.00572783           0
Repeater1[0]<--->EndNode1[0]
REAL
    0.473752   0.00174864 -0.000961949     0.406402
  0.00174864    0.0435339   0.00653025   0.00160215
-0.000961949   0.00653025    0.0435339  -0.00623008
    0.406402   0.00160215  -0.00623008     0.439181
IMAGINARY
           0  0.000594827    0.0104841   0.00489299
-0.000594827            0  -0.00809402  -0.00470745
  -0.0104841   0.00809402            0  -0.00123668
 -0.00489299   0.00470745   0.00123668            0
Repeater1[0]<--->HoM1[0]
REAL
    0.47543 -0.00796342  0.00450416    0.416326
-0.00796342    0.034398  0.00899027 -0.00197252
 0.00450416  0.00899027   0.0356265  0.00416596
   0.416326 -0.00197252  0.00416596    0.454545
IMAGINARY
          0   0.0120586  -0.0153803  -0.0069951
 -0.0120586           0  -0.0213554  0.00572783
  0.0153803   0.0213554           0  0.00274187
  0.0069951 -0.00572783 -0.00274187           0
EndNode1[0]<--->Repeater1[0]
REAL
    0.446615    0.0178451    0.0246129     0.404216
   0.0178451    0.0455729 -0.000990568    0.0175707
   0.0246129 -0.000990568    0.0494792    0.0243386
    0.404216    0.0175707    0.0243386     0.458333
IMAGINARY
          0  0.00294365  0.00946488 -0.00235501
-0.00294365           0  0.00553973 -0.00746221
-0.00946488 -0.00553973           0 -0.00628144
 0.00235501  0.00746221  0.00628144           0
EndNode2[0]<--->HoM1[0]
REAL
  0.457293 -0.0125843 -0.0110112    0.41694
-0.0125843  0.0459921 0.00830465 -0.0147241
-0.0110112 0.00830465  0.0551905 -0.0119255
   0.41694 -0.0147241 -0.0119255   0.441524
IMAGINARY
           0   -0.0269543     0.037668  -0.00600085
   0.0269543            0  0.000737693  -0.00575308
   -0.037668 -0.000737693            0   -0.0087153
  0.00600085   0.00575308    0.0087153            0
Repeater1[0]<--->EndNode1[0]
REAL
    0.446615    0.0246129    0.0178451     0.404216
   0.0246129    0.0494792 -0.000990568    0.0243386
   0.0178451 -0.000990568    0.0455729    0.0175707
    0.404216    0.0243386    0.0175707     0.458333
IMAGINARY
          0  0.00946488  0.00294365 -0.00235501
-0.00946488           0 -0.00553973 -0.00628144
-0.00294365  0.00553973           0 -0.00746221
 0.00235501  0.00628144  0.00746221           0
Repeater1[0]<--->HoM1[0]
REAL
  0.457293 -0.0110112 -0.0125843    0.41694
-0.0110112  0.0551905 0.00830465 -0.0119255
-0.0125843 0.00830465  0.0459921 -0.0147241
   0.41694 -0.0119255 -0.0147241   0.441524
IMAGINARY
           0     0.037668   -0.0269543  -0.00600085
   -0.037668            0 -0.000737693   -0.0087153
   0.0269543  0.000737693            0  -0.00575308
  0.00600085    0.0087153   0.00575308            0
EndNode1[0]<--->Repeater1[0]
REAL
    0.466916   0.00696855   0.00968098     0.410301
  0.00696855    0.0524345 -0.000866775    0.0110737
  0.00968098 -0.000866775    0.0324594    0.0163019
    0.410301    0.0110737    0.0163019      0.44819
IMAGINARY
           0    0.0024402  0.000579136   0.00236358
  -0.0024402            0   -0.0133597  -0.00565528
-0.000579136    0.0133597            0    0.0178644
 -0.00236358   0.00565528   -0.0178644            0
EndNode2[0]<--->HoM1[0]
REAL
   0.463255   0.0154799   0.0059725    0.404651
  0.0154799   0.0406824  0.00677346 -0.00789804
  0.0059725  0.00677346   0.0367454  0.00698478
   0.404651 -0.00789804  0.00698478    0.459318
IMAGINARY
          0  0.00577476   0.0215901 -0.00525171
-0.00577476           0  -0.0314331   0.0102401
 -0.0215901   0.0314331           0  -0.0150586
 0.00525171  -0.0102401   0.0150586           0
Repeater1[0]<--->EndNode1[0]
REAL
    0.466916   0.00968098   0.00696855     0.410301
  0.00968098    0.0324594 -0.000866775    0.0163019
  0.00696855 -0.000866775    0.0524345    0.0110737
    0.410301    0.0163019    0.0110737      0.44819
IMAGINARY
           0  0.000579136    0.0024402   0.00236358
-0.000579136            0    0.0133597    0.0178644
  -0.0024402   -0.0133597            0  -0.00565528
 -0.00236358   -0.0178644   0.00565528            0
Repeater1[0]<--->HoM1[0]
REAL
   0.463255   0.0059725   0.0154799    0.404651
  0.0059725   0.0367454  0.00677346  0.00698478
  0.0154799  0.00677346   0.0406824 -0.00789804
   0.404651  0.00698478 -0.00789804    0.459318
IMAGINARY
          0   0.0215901  0.00577476 -0.00525171
 -0.0215901           0   0.0314331  -0.0150586
-0.00577476  -0.0314331           0   0.0102401
 0.00525171   0.0150586  -0.0102401           0
EndNode1[0]<--->Repeater1[0]
REAL
   0.456442 -0.00296368  0.00421797    0.402118
-0.00296368   0.0257669  0.00356701 0.000949992
 0.00421797  0.00356701   0.0515337   0.0145916
   0.402118 0.000949992   0.0145916    0.466258
IMAGINARY
          0  0.00170503 -0.00683918    0.018315
-0.00170503           0   0.0030525   0.0329261
 0.00683918  -0.0030525           0  -0.0161978
  -0.018315  -0.0329261   0.0161978           0
EndNode2[0]<--->HoM1[0]
REAL
   0.455662   0.0153349  0.00135975     0.39814
  0.0153349   0.0286494 -0.00104247  0.00391729
 0.00135975 -0.00104247   0.0450205 0.000496212
    0.39814  0.00391729 0.000496212    0.470668
IMAGINARY
          0 -0.00681199    0.013755  -0.0191386
 0.00681199           0  -0.0330627   0.0107682
  -0.013755   0.0330627           0 -0.00681199
  0.0191386  -0.0107682  0.00681199           0
Repeater1[0]<--->EndNode1[0]
REAL
   0.456442  0.00421797 -0.00296368    0.402118
 0.00421797   0.0515337  0.00356701   0.0145916
-0.00296368  0.00356701   0.0257669 0.000949992
   0.402118   0.0145916 0.000949992    0.466258
IMAGINARY
          0 -0.00683918  0.00170503    0.018315
 0.00683918           0  -0.0030525  -0.0161978
-0.00170503   0.0030525           0   0.0329261
  -0.018315   0.0161978  -0.0329261           0
Repeater1[0]<--->HoM1[0]
REAL
   0.455662  0.00135975   0.0153349     0.39814
 0.00135975   0.0450205 -0.00104247 0.000496212
  0.0153349 -0.00104247   0.0286494  0.00391729
    0.39814 0.000496212  0.00391729    0.470668
IMAGINARY
          0    0.013755 -0.00681199  -0.0191386
  -0.013755           0   0.0330627 -0.00681199
 0.00681199  -0.0330627           0   0.0107682
  0.0191386  0.00681199  -0.0107682           0
