EndNode1[0]<--->Repeater1[0]
REAL
   0.476378  0.00220783  -0.0131073    0.327643
 0.00220783   0.0997375  0.00172193 -0.00805676
 -0.0131073  0.00172193   0.0761155 -0.00882158
   0.327643 -0.00805676 -0.00882158    0.347769
IMAGINARY
          0 -0.00141174 -0.00954267  0.00929582
 0.00141174           0   0.0073503  0.00255411
 0.00954267  -0.0073503           0  0.00712965
-0.00929582 -0.00255411 -0.00712965           0
EndNode2[0]<--->HoM1[0]
REAL
   0.442478  0.00542784  0.00504552    0.381243
 0.00542784     0.05689  -0.0123483  0.00780795
 0.00504552  -0.0123483   0.0657396 -0.00542784
   0.381243  0.00780795 -0.00542784    0.434893
IMAGINARY
          0  0.00703849  0.00633139   0.0079495
-0.00703849           0  0.00532483 -0.00209922
-0.00633139 -0.00532483           0  -0.0233625
 -0.0079495  0.00209922   0.0233625           0
Repeater1[0]<--->EndNode1[0]
REAL
   0.476378  -0.0131073  0.00220783    0.327643
 -0.0131073   0.0761155  0.00172193 -0.00882158
 0.00220783  0.00172193   0.0997375 -0.00805676
   0.327643 -0.00882158 -0.00805676    0.347769
IMAGINARY
          0 -0.00954267 -0.00141174  0.00929582
 0.00954267           0  -0.0073503  0.00712965
 0.00141174   0.0073503           0  0.00255411
-0.00929582 -0.00712965 -0.00255411           0
Repeater1[0]<--->HoM1[0]
REAL
   0.442478  0.00504552  0.00542784    0.381243
 0.00504552   0.0657396  -0.0123483 -0.00542784
 0.00542784  -0.0123483     0.05689  0.00780795
   0.381243 -0.00542784  0.00780795    0.434893
IMAGINARY
          0  0.00633139  0.00703849   0.0079495
-0.00633139           0 -0.00532483  -0.0233625
-0.00703849  0.00532483           0 -0.00209922
 -0.0079495   0.0233625  0.00209922           0
EndNode1[0]<--->Repeater1[0]
REAL
   0.487374  -0.0337826 -0.00347042    0.314957
 -0.0337826   0.0732323 -0.00141975  0.00155471
-0.00347042 -0.00141975   0.0921717   0.0190955
   0.314957  0.00155471   0.0190955    0.347222
IMAGINARY
           0   -0.0112991   0.00492072   -0.0202977
   0.0112991            0  -0.00473613  -0.00616142
 -0.00492072   0.00473613            0  0.000132878
   0.0202977   0.00616142 -0.000132878            0
EndNode2[0]<--->HoM1[0]
REAL
   0.472542 -0.00170976 -0.00962007    0.373455
-0.00170976   0.0625798  -0.0176104   0.0135162
-0.00962007  -0.0176104   0.0625798   0.0172942
   0.373455   0.0135162   0.0172942    0.402299
IMAGINARY
          0 -0.00426761 -0.00647871  -0.0112165
 0.00426761           0 -0.00598093   0.0107627
 0.00647871  0.00598093           0   0.0109996
  0.0112165  -0.0107627  -0.0109996           0
Repeater1[0]<--->EndNode1[0]
REAL
   0.487374 -0.00347042  -0.0337826    0.314957
-0.00347042   0.0921717 -0.00141975   0.0190955
 -0.0337826 -0.00141975   0.0732323  0.00155471
   0.314957   0.0190955  0.00155471    0.347222
IMAGINARY
           0   0.00492072   -0.0112991   -0.0202977
 -0.00492072            0   0.00473613  0.000132878
   0.0112991  -0.00473613            0  -0.00616142
   0.0202977 -0.000132878   0.00616142            0
Repeater1[0]<--->HoM1[0]
REAL
   0.472542 -0.00962007 -0.00170976    0.373455
-0.00962007   0.0625798  -0.0176104   0.0172942
-0.00170976  -0.0176104   0.0625798   0.0135162
   0.373455   0.0172942   0.0135162    0.402299
IMAGINARY
          0 -0.00647871 -0.00426761  -0.0112165
 0.00647871           0  0.00598093   0.0109996
 0.00426761 -0.00598093           0   0.0107627
  0.0112165  -0.0109996  -0.0107627           0
EndNode1[0]<--->Repeater1[0]
REAL
    0.439547    0.0138324   -0.0102359     0.337009
   0.0138324    0.0969773   0.00410077 -0.000482932
  -0.0102359   0.00410077    0.0881612   -0.0119408
    0.337009 -0.000482932   -0.0119408     0.375315
IMAGINARY
          0  0.00143069  -0.0086706  -0.0152187
-0.00143069           0  0.00292895  -0.0142886
  0.0086706 -0.00292895           0  0.00494686
  0.0152187   0.0142886 -0.00494686           0
EndNode2[0]<--->HoM1[0]
REAL
   0.494751  0.00118666   0.0191582    0.379479
 0.00118666   0.0656168 -0.00463551   0.0115051
  0.0191582 -0.00463551   0.0538058  0.00694851
   0.379479   0.0115051  0.00694851    0.385827
IMAGINARY
          0  -0.0111979      0.0122  -0.0106727
  0.0111979           0  0.00609751   0.0203521
    -0.0122 -0.00609751           0  -0.0174479
  0.0106727  -0.0203521   0.0174479           0
Repeater1[0]<--->EndNode1[0]
REAL
    0.439547   -0.0102359    0.0138324     0.337009
  -0.0102359    0.0881612   0.00410077   -0.0119408
   0.0138324   0.00410077    0.0969773 -0.000482932
    0.337009   -0.0119408 -0.000482932     0.375315
IMAGINARY
          0  -0.0086706  0.00143069  -0.0152187
  0.0086706           0 -0.00292895  0.00494686
-0.00143069  0.00292895           0  -0.0142886
  0.0152187 -0.00494686   0.0142886           0
Repeater1[0]<--->HoM1[0]
REAL
   0.494751   0.0191582  0.00118666    0.379479
  0.0191582   0.0538058 -0.00463551  0.00694851
 0.00118666 -0.00463551   0.0656168   0.0115051
   0.379479  0.00694851   0.0115051    0.385827
IMAGINARY
          0      0.0122  -0.0111979  -0.0106727
    -0.0122           0 -0.00609751  -0.0174479
  0.0111979  0.00609751           0   0.0203521
  0.0106727   0.0174479  -0.0203521           0
EndNode1[0]<--->Repeater1[0]
REAL
   0.477041 -0.00870847  -0.0053319    0.317161
-0.00870847   0.0701531 -0.00137167  -0.0334493
 -0.0053319 -0.00137167   0.0892857   0.0184038
   0.317161  -0.0334493   0.0184038     0.36352
IMAGINARY
           0   -0.0231636    0.0080421  -0.00133062
   0.0231636            0 -0.000693674    0.0106194
  -0.0080421  0.000693674            0  -0.00450691
  0.00133062   -0.0106194   0.00450691            0
EndNode2[0]<--->HoM1[0]
REAL
   0.442875 -0.00036625 -0.00270044    0.383282
-0.00036625   0.0629012 -0.00062265  0.00204855
-0.00270044 -0.00062265   0.0654685  0.00232192
   0.383282  0.00204855  0.00232192    0.428755
IMAGINARY
          0 -0.00863096  -0.0105785   0.0322764
 0.00863096           0 -0.00816475     0.00794
  0.0105785  0.00816475           0 -0.00983869
 -0.0322764    -0.00794  0.00983869           0
Repeater1[0]<--->EndNode1[0]
REAL
   0.477041  -0.0053319 -0.00870847    0.317161
 -0.0053319   0.0892857 -0.00137167   0.0184038
-0.00870847 -0.00137167   0.0701531  -0.0334493
   0.317161   0.0184038  -0.0334493     0.36352
IMAGINARY
           0    0.0080421   -0.0231636  -0.00133062
  -0.0080421            0  0.000693674  -0.00450691
   0.0231636 -0.000693674            0    0.0106194
  0.00133062   0.00450691   -0.0106194            0
Repeater1[0]<--->HoM1[0]
REAL
   0.442875 -0.00270044 -0.00036625    0.383282
-0.00270044   0.0654685 -0.00062265  0.00232192
-0.00036625 -0.00062265   0.0629012  0.00204855
   0.383282  0.00232192  0.00204855    0.428755
IMAGINARY
          0  -0.0105785 -0.00863096   0.0322764
  0.0105785           0  0.00816475 -0.00983869
 0.00863096 -0.00816475           0     0.00794
 -0.0322764  0.00983869    -0.00794           0
