EndNode1[0]<--->Repeater1[0]
REAL
   0.476378  0.00220783  -0.0131073    0.327643
 0.00220783   0.0997375  0.00172193 -0.00805676
 -0.0131073  0.00172193   0.0761155 -0.00882158
   0.327643 -0.00805676 -0.00882158    0.347769
IMAGINARY
          0 -0.00141174 -0.00954267  0.00929582
 0.00141174           0   0.0073503  0.00255411
 0.00954267  -0.0073503           0  0.00712965
-0.00929582 -0.00255411 -0.00712965           0
EndNode2[0]<--->HoM1[0]
REAL
   0.442478  0.00542784  0.00504552    0.381243
 0.00542784     0.05689  -0.0123483  0.00780795
 0.00504552  -0.0123483   0.0657396 -0.00542784
   0.381243  0.00780795 -0.00542784    0.434893
IMAGINARY
          0  0.00703849  0.00633139   0.0079495
-0.00703849           0  0.00532483 -0.00209922
-0.00633139 -0.00532483           0  -0.0233625
 -0.0079495  0.00209922   0.0233625           0
Repeater1[0]<--->EndNode1[0]
REAL
   0.476378  -0.0131073  0.00220783    0.327643
 -0.0131073   0.0761155  0.00172193 -0.00882158
 0.00220783  0.00172193   0.0997375 -0.00805676
   0.327643 -0.00882158 -0.00805676    0.347769
IMAGINARY
          0 -0.00954267 -0.00141174  0.00929582
 0.00954267           0  -0.0073503  0.00712965
 0.00141174   0.0073503           0  0.00255411
-0.00929582 -0.00712965 -0.00255411           0
Repeater1[0]<--->HoM1[0]
REAL
   0.442478  0.00504552  0.00542784    0.381243
 0.00504552   0.0657396  -0.0123483 -0.00542784
 0.00542784  -0.0123483     0.05689  0.00780795
   0.381243 -0.00542784  0.00780795    0.434893
IMAGINARY
          0  0.00633139  0.00703849   0.0079495
-0.00633139           0 -0.00532483  -0.0233625
-0.00703849  0.00532483           0 -0.00209922
 -0.0079495   0.0233625  0.00209922           0
EndNode1[0]<--->Repeater1[0]
REAL
   0.487374  -0.0337826 -0.00347042    0.314957
 -0.0337826   0.0732323 -0.00141975  0.00155471
-0.00347042 -0.00141975   0.0921717   0.0190955
   0.314957  0.00155471   0.0190955    0.347222
IMAGINARY
           0   -0.0112991   0.00492072   -0.0202977
   0.0112991            0  -0.00473613  -0.00616142
 -0.00492072   0.00473613            0  0.000132878
   0.0202977   0.00616142 -0.000132878            0
EndNode2[0]<--->HoM1[0]
REAL
   0.472542 -0.00170976 -0.00962007    0.373455
-0.00170976   0.0625798  -0.0176104   0.0135162
-0.00962007  -0.0176104   0.0625798   0.0172942
   0.373455   0.0135162   0.0172942    0.402299
IMAGINARY
          0 -0.00426761 -0.00647871  -0.0112165
 0.00426761           0 -0.00598093   0.0107627
 0.00647871  0.00598093           0   0.0109996
  0.0112165  -0.0107627  -0.0109996           0
Repeater1[0]<--->EndNode1[0]
REAL
   0.487374 -0.00347042  -0.0337826    0.314957
-0.00347042   0.0921717 -0.00141975   0.0190955
 -0.0337826 -0.00141975   0.0732323  0.00155471
   0.314957   0.0190955  0.00155471    0.347222
IMAGINARY
           0   0.00492072   -0.0112991   -0.0202977
 -0.00492072            0   0.00473613  0.000132878
   0.0112991  -0.00473613            0  -0.00616142
   0.0202977 -0.000132878   0.00616142            0
Repeater1[0]<--->HoM1[0]
REAL
   0.472542 -0.00962007 -0.00170976    0.373455
-0.00962007   0.0625798  -0.0176104   0.0172942
-0.00170976  -0.0176104   0.0625798   0.0135162
   0.373455   0.0172942   0.0135162    0.402299
IMAGINARY
          0 -0.00647871 -0.00426761  -0.0112165
 0.00647871           0  0.00598093   0.0109996
 0.00426761 -0.00598093           0   0.0107627
  0.0112165  -0.0109996  -0.0107627           0
EndNode1[0]<--->Repeater1[0]
REAL
    0.439547    0.0138324   -0.0102359     0.337009
   0.0138324    0.0969773   0.00410077 -0.000482932
  -0.0102359   0.00410077    0.0881612   -0.0119408
    0.337009 -0.000482932   -0.0119408     0.375315
IMAGINARY
          0  0.00143069  -0.0086706  -0.0152187
-0.00143069           0  0.00292895  -0.0142886
  0.0086706 -0.00292895           0  0.00494686
  0.0152187   0.0142886 -0.00494686           0
EndNode2[0]<--->HoM1[0]
REAL
   0.494751  0.00118666   0.0191582    0.379479
 0.00118666   0.0656168 -0.00463551   0.0115051
  0.0191582 -0.00463551   0.0538058  0.00694851
   0.379479   0.0115051  0.00694851    0.385827
IMAGINARY
          0  -0.0111979      0.0122  -0.0106727
  0.0111979           0  0.00609751   0.0203521
    -0.0122 -0.00609751           0  -0.0174479
  0.0106727  -0.0203521   0.0174479           0
Repeater1[0]<--->EndNode1[0]
REAL
    0.439547   -0.0102359    0.0138324     0.337009
  -0.0102359    0.0881612   0.00410077   -0.0119408
   0.0138324   0.00410077    0.0969773 -0.000482932
    0.337009   -0.0119408 -0.000482932     0.375315
IMAGINARY
          0  -0.0086706  0.00143069  -0.0152187
  0.0086706           0 -0.00292895  0.00494686
-0.00143069  0.00292895           0  -0.0142886
  0.0152187 -0.00494686   0.0142886           0
Repeater1[0]<--->HoM1[0]
REAL
   0.494751   0.0191582  0.00118666    0.379479
  0.0191582   0.0538058 -0.00463551  0.00694851
 0.00118666 -0.00463551   0.0656168   0.0115051
   0.379479  0.00694851   0.0115051    0.385827
IMAGINARY
          0      0.0122  -0.0111979  -0.0106727
    -0.0122           0 -0.00609751  -0.0174479
  0.0111979  0.00609751           0   0.0203521
  0.0106727   0.0174479  -0.0203521           0
EndNode1[0]<--->Repeater1[0]
REAL
   0.477041 -0.00870847  -0.0053319    0.317161
-0.00870847   0.0701531 -0.00137167  -0.0334493
 -0.0053319 -0.00137167   0.0892857   0.0184038
   0.317161  -0.0334493   0.0184038     0.36352
IMAGINARY
           0   -0.0231636    0.0080421  -0.00133062
   0.0231636            0 -0.000693674    0.0106194
  -0.0080421  0.000693674            0  -0.00450691
  0.00133062   -0.0106194   0.00450691            0
EndNode2[0]<--->HoM1[0]
REAL
   0.442875 -0.00036625 -0.00270044    0.383282
-0.00036625   0.0629012 -0.00062265  0.00204855
-0.00270044 -0.00062265   0.0654685  0.00232192
   0.383282  0.00204855  0.00232192    0.428755
IMAGINARY
          0 -0.00863096  -0.0105785   0.0322764
 0.00863096           0 -0.00816475     0.00794
  0.0105785  0.00816475           0 -0.00983869
 -0.0322764    -0.00794  0.00983869           0
Repeater1[0]<--->EndNode1[0]
REAL
   0.477041  -0.0053319 -0.00870847    0.317161
 -0.0053319   0.0892857 -0.00137167   0.0184038
-0.00870847 -0.00137167   0.0701531  -0.0334493
   0.317161   0.0184038  -0.0334493     0.36352
IMAGINARY
           0    0.0080421   -0.0231636  -0.00133062
  -0.0080421            0  0.000693674  -0.00450691
   0.0231636 -0.000693674            0    0.0106194
  0.00133062   0.00450691   -0.0106194            0
Repeater1[0]<--->HoM1[0]
REAL
   0.442875 -0.00270044 -0.00036625    0.383282
-0.00270044   0.0654685 -0.00062265  0.00232192
-0.00036625 -0.00062265   0.0629012  0.00204855
   0.383282  0.00232192  0.00204855    0.428755
IMAGINARY
          0  -0.0105785 -0.00863096   0.0322764
  0.0105785           0  0.00816475 -0.00983869
 0.00863096 -0.00816475           0     0.00794
 -0.0322764  0.00983869    -0.00794           0
EndNode1[0]<--->Repeater1[0]
REAL
   0.491979   0.0180157 -0.00234843    0.334769
  0.0180157   0.0828877 -0.00204589   0.0127269
-0.00234843 -0.00204589   0.0868984  0.00823579
   0.334769   0.0127269  0.00823579    0.338235
IMAGINARY
          0  0.00619716   0.0166539  -0.0204022
-0.00619716           0  0.00117142  -0.0231813
 -0.0166539 -0.00117142           0  0.00685767
  0.0204022   0.0231813 -0.00685767           0
EndNode2[0]<--->HoM1[0]
REAL
   0.477932  -0.0145535  -0.0274654    0.378296
 -0.0145535   0.0453972 -0.00592775    0.011676
 -0.0274654 -0.00592775   0.0567465 -0.00781494
   0.378296    0.011676 -0.00781494    0.419924
IMAGINARY
           0   0.00746673 -0.000535941   0.00657082
 -0.00746673            0  -0.00279248    0.0107141
 0.000535941   0.00279248            0  -0.00619447
 -0.00657082   -0.0107141   0.00619447            0
Repeater1[0]<--->EndNode1[0]
REAL
   0.491979 -0.00234843   0.0180157    0.334769
-0.00234843   0.0868984 -0.00204589  0.00823579
  0.0180157 -0.00204589   0.0828877   0.0127269
   0.334769  0.00823579   0.0127269    0.338235
IMAGINARY
          0   0.0166539  0.00619716  -0.0204022
 -0.0166539           0 -0.00117142  0.00685767
-0.00619716  0.00117142           0  -0.0231813
  0.0204022 -0.00685767   0.0231813           0
Repeater1[0]<--->HoM1[0]
REAL
   0.477932  -0.0274654  -0.0145535    0.378296
 -0.0274654   0.0567465 -0.00592775 -0.00781494
 -0.0145535 -0.00592775   0.0453972    0.011676
   0.378296 -0.00781494    0.011676    0.419924
IMAGINARY
           0 -0.000535941   0.00746673   0.00657082
 0.000535941            0   0.00279248  -0.00619447
 -0.00746673  -0.00279248            0    0.0107141
 -0.00657082   0.00619447   -0.0107141            0
EndNode1[0]<--->Repeater1[0]
REAL
   0.461235   0.0106197 -0.00796282    0.329016
  0.0106197    0.088042  0.00969361   0.0178884
-0.00796282  0.00969361    0.110381 -0.00813835
   0.329016   0.0178884 -0.00813835    0.340342
IMAGINARY
          0  0.00682955 -0.00185606 -0.00311951
-0.00682955           0  0.00244292  0.00750223
 0.00185606 -0.00244292           0 -0.00996631
 0.00311951 -0.00750223  0.00996631           0
EndNode2[0]<--->HoM1[0]
REAL
   0.466125  0.00542211   0.0146097    0.365378
 0.00542211   0.0474255 -0.00371787  -0.0231736
  0.0146097 -0.00371787   0.0853659  -0.0073984
   0.365378  -0.0231736  -0.0073984    0.401084
IMAGINARY
          0 -0.00573764  0.00121744 -0.00606386
 0.00573764           0   0.0158935  0.00620497
-0.00121744  -0.0158935           0  0.00506287
 0.00606386 -0.00620497 -0.00506287           0
Repeater1[0]<--->EndNode1[0]
REAL
   0.461235 -0.00796282   0.0106197    0.329016
-0.00796282    0.110381  0.00969361 -0.00813835
  0.0106197  0.00969361    0.088042   0.0178884
   0.329016 -0.00813835   0.0178884    0.340342
IMAGINARY
          0 -0.00185606  0.00682955 -0.00311951
 0.00185606           0 -0.00244292 -0.00996631
-0.00682955  0.00244292           0  0.00750223
 0.00311951  0.00996631 -0.00750223           0
Repeater1[0]<--->HoM1[0]
REAL
   0.466125   0.0146097  0.00542211    0.365378
  0.0146097   0.0853659 -0.00371787  -0.0073984
 0.00542211 -0.00371787   0.0474255  -0.0231736
   0.365378  -0.0073984  -0.0231736    0.401084
IMAGINARY
          0  0.00121744 -0.00573764 -0.00606386
-0.00121744           0  -0.0158935  0.00506287
 0.00573764   0.0158935           0  0.00620497
 0.00606386 -0.00506287 -0.00620497           0
EndNode1[0]<--->Repeater1[0]
REAL
   0.441802 -0.00285896  0.00735958    0.320206
-0.00285896   0.0901126   0.0209633 0.000899632
 0.00735958   0.0209633   0.0838548 -0.00285896
   0.320206 0.000899632 -0.00285896     0.38423
IMAGINARY
          0   0.0275314    0.013553   0.0046485
 -0.0275314           0   0.0145823  0.00286116
  -0.013553  -0.0145823           0 -0.00227889
 -0.0046485 -0.00286116  0.00227889           0
EndNode2[0]<--->HoM1[0]
REAL
   0.464607    0.014227  0.00726676    0.375382
   0.014227   0.0656371 -0.00325901   0.0119148
 0.00726676 -0.00325901   0.0823681   0.0202999
   0.375382   0.0119148   0.0202999    0.387387
IMAGINARY
          0   -0.015874  0.00382845 -0.00812646
   0.015874           0 -0.00686702 -0.00261485
-0.00382845  0.00686702           0   0.0146604
 0.00812646  0.00261485  -0.0146604           0
Repeater1[0]<--->EndNode1[0]
REAL
   0.441802  0.00735958 -0.00285896    0.320206
 0.00735958   0.0838548   0.0209633 -0.00285896
-0.00285896   0.0209633   0.0901126 0.000899632
   0.320206 -0.00285896 0.000899632     0.38423
IMAGINARY
          0    0.013553   0.0275314   0.0046485
  -0.013553           0  -0.0145823 -0.00227889
 -0.0275314   0.0145823           0  0.00286116
 -0.0046485  0.00227889 -0.00286116           0
Repeater1[0]<--->HoM1[0]
REAL
   0.464607  0.00726676    0.014227    0.375382
 0.00726676   0.0823681 -0.00325901   0.0202999
   0.014227 -0.00325901   0.0656371   0.0119148
   0.375382   0.0202999   0.0119148    0.387387
IMAGINARY
          0  0.00382845   -0.015874 -0.00812646
-0.00382845           0  0.00686702   0.0146604
   0.015874 -0.00686702           0 -0.00261485
 0.00812646  -0.0146604  0.00261485           0
EndNode1[0]<--->Repeater1[0]
REAL
  0.488158  0.0044794 -0.0129754   0.326405
 0.0044794  0.0947368  0.0145624 -0.0162867
-0.0129754  0.0145624  0.0644737 -0.0273802
  0.326405 -0.0162867 -0.0273802   0.352632
IMAGINARY
          0 -0.00153181  -0.0122674 -0.00549922
 0.00153181           0  0.00247624  0.00568843
  0.0122674 -0.00247624           0  -0.0089945
 0.00549922 -0.00568843   0.0089945           0
EndNode2[0]<--->HoM1[0]
REAL
   0.452005 -0.00668194 -0.00104245    0.375705
-0.00668194   0.0486027  -0.0119489  -0.0135078
-0.00104245  -0.0119489   0.0631835  -0.0118366
   0.375705  -0.0135078  -0.0118366    0.436209
IMAGINARY
          0  -0.0174735   0.0223525  0.00556839
  0.0174735           0  -0.0140651  0.00727713
 -0.0223525   0.0140651           0 -0.00351413
-0.00556839 -0.00727713  0.00351413           0
Repeater1[0]<--->EndNode1[0]
REAL
  0.488158 -0.0129754  0.0044794   0.326405
-0.0129754  0.0644737  0.0145624 -0.0273802
 0.0044794  0.0145624  0.0947368 -0.0162867
  0.326405 -0.0273802 -0.0162867   0.352632
IMAGINARY
          0  -0.0122674 -0.00153181 -0.00549922
  0.0122674           0 -0.00247624  -0.0089945
 0.00153181  0.00247624           0  0.00568843
 0.00549922   0.0089945 -0.00568843           0
Repeater1[0]<--->HoM1[0]
REAL
   0.452005 -0.00104245 -0.00668194    0.375705
-0.00104245   0.0631835  -0.0119489  -0.0118366
-0.00668194  -0.0119489   0.0486027  -0.0135078
   0.375705  -0.0118366  -0.0135078    0.436209
IMAGINARY
          0   0.0223525  -0.0174735  0.00556839
 -0.0223525           0   0.0140651 -0.00351413
  0.0174735  -0.0140651           0  0.00727713
-0.00556839  0.00351413 -0.00727713           0
EndNode1[0]<--->Repeater1[0]
REAL
   0.435802  0.00700765   0.0176653    0.333736
 0.00700765   0.0802469 -0.00275029  0.00730265
  0.0176653 -0.00275029    0.107407   0.0205212
   0.333736  0.00730265   0.0205212    0.376543
IMAGINARY
          0  0.00589266 -0.00608108  0.00767355
-0.00589266           0   -0.013955 -0.00608108
 0.00608108    0.013955           0   0.0130263
-0.00767355  0.00608108  -0.0130263           0
EndNode2[0]<--->HoM1[0]
REAL
  0.409623   0.010813  0.0122702   0.363786
  0.010813  0.0780234 -0.0062631 0.00171118
 0.0122702 -0.0062631  0.0611183 0.00449989
  0.363786 0.00171118 0.00449989   0.451235
IMAGINARY
          0   0.0143185   -0.012484  0.00748459
 -0.0143185           0 -0.00374394    0.012484
   0.012484  0.00374394           0 -0.00813043
-0.00748459   -0.012484  0.00813043           0
Repeater1[0]<--->EndNode1[0]
REAL
   0.435802   0.0176653  0.00700765    0.333736
  0.0176653    0.107407 -0.00275029   0.0205212
 0.00700765 -0.00275029   0.0802469  0.00730265
   0.333736   0.0205212  0.00730265    0.376543
IMAGINARY
          0 -0.00608108  0.00589266  0.00767355
 0.00608108           0    0.013955   0.0130263
-0.00589266   -0.013955           0 -0.00608108
-0.00767355  -0.0130263  0.00608108           0
Repeater1[0]<--->HoM1[0]
REAL
  0.409623  0.0122702   0.010813   0.363786
 0.0122702  0.0611183 -0.0062631 0.00449989
  0.010813 -0.0062631  0.0780234 0.00171118
  0.363786 0.00449989 0.00171118   0.451235
IMAGINARY
          0   -0.012484   0.0143185  0.00748459
   0.012484           0  0.00374394 -0.00813043
 -0.0143185 -0.00374394           0    0.012484
-0.00748459  0.00813043   -0.012484           0
EndNode1[0]<--->Repeater1[0]
REAL
    0.465116   0.00485652   0.00980593     0.335088
  0.00485652    0.0956072   -0.0137951     0.021246
  0.00980593   -0.0137951    0.0736434 -0.000420525
    0.335088     0.021246 -0.000420525     0.365633
IMAGINARY
           0  -0.00608609  0.000637225   -0.0304709
  0.00608609            0   0.00751169   -0.0144349
-0.000637225  -0.00751169            0   0.00542906
   0.0304709    0.0144349  -0.00542906            0
EndNode2[0]<--->HoM1[0]
REAL
   0.479791   0.0151111 -0.00742574    0.362073
  0.0151111   0.0677966  0.00868426  0.00742574
-0.00742574  0.00868426   0.0612777 -0.00336178
   0.362073  0.00742574 -0.00336178    0.391134
IMAGINARY
          0 -0.00978764  -0.0107766   0.0137039
 0.00978764           0  -0.0201307  0.00178625
  0.0107766   0.0201307           0  0.00218045
 -0.0137039 -0.00178625 -0.00218045           0
Repeater1[0]<--->EndNode1[0]
REAL
    0.465116   0.00980593   0.00485652     0.335088
  0.00980593    0.0736434   -0.0137951 -0.000420525
  0.00485652   -0.0137951    0.0956072     0.021246
    0.335088 -0.000420525     0.021246     0.365633
IMAGINARY
           0  0.000637225  -0.00608609   -0.0304709
-0.000637225            0  -0.00751169   0.00542906
  0.00608609   0.00751169            0   -0.0144349
   0.0304709  -0.00542906    0.0144349            0
Repeater1[0]<--->HoM1[0]
REAL
   0.479791 -0.00742574   0.0151111    0.362073
-0.00742574   0.0612777  0.00868426 -0.00336178
  0.0151111  0.00868426   0.0677966  0.00742574
   0.362073 -0.00336178  0.00742574    0.391134
IMAGINARY
          0  -0.0107766 -0.00978764   0.0137039
  0.0107766           0   0.0201307  0.00218045
 0.00978764  -0.0201307           0  0.00178625
 -0.0137039 -0.00218045 -0.00178625           0
EndNode1[0]<--->Repeater1[0]
REAL
  0.474847 -0.0145712 0.00812848   0.317012
-0.0145712  0.0871166 0.00805306 -0.0107394
0.00812848 0.00805306  0.0871166 0.00151634
  0.317012 -0.0107394 0.00151634    0.35092
IMAGINARY
          0  0.00822406  -0.0041004 -0.00877984
-0.00822406           0 -0.00363846 -0.00841606
  0.0041004  0.00363846           0  -0.0102003
 0.00877984  0.00841606   0.0102003           0
EndNode2[0]<--->HoM1[0]
REAL
    0.424552   0.00251652   0.00882724     0.369298
  0.00251652    0.0613811   -0.0130554 -0.000630517
  0.00882724   -0.0130554    0.0613811    -0.001886
    0.369298 -0.000630517    -0.001886     0.452685
IMAGINARY
          0  0.00770784   0.0157157  -0.0224174
-0.00770784           0  0.00300638 -0.00368358
 -0.0157157 -0.00300638           0 -0.00904474
  0.0224174  0.00368358  0.00904474           0
Repeater1[0]<--->EndNode1[0]
REAL
  0.474847 0.00812848 -0.0145712   0.317012
0.00812848  0.0871166 0.00805306 0.00151634
-0.0145712 0.00805306  0.0871166 -0.0107394
  0.317012 0.00151634 -0.0107394    0.35092
IMAGINARY
          0  -0.0041004  0.00822406 -0.00877984
  0.0041004           0  0.00363846  -0.0102003
-0.00822406 -0.00363846           0 -0.00841606
 0.00877984   0.0102003  0.00841606           0
Repeater1[0]<--->HoM1[0]
REAL
    0.424552   0.00882724   0.00251652     0.369298
  0.00882724    0.0613811   -0.0130554    -0.001886
  0.00251652   -0.0130554    0.0613811 -0.000630517
    0.369298    -0.001886 -0.000630517     0.452685
IMAGINARY
          0   0.0157157  0.00770784  -0.0224174
 -0.0157157           0 -0.00300638 -0.00904474
-0.00770784  0.00300638           0 -0.00368358
  0.0224174  0.00904474  0.00368358           0
