EndNode1[0]<--->Repeater1[0]
REAL
   0.485714 -0.00401483  -0.0185951   0.0854193
-0.00401483    0.133333  0.00391075 -0.00621883
 -0.0185951  0.00391075    0.239456 -0.00963281
  0.0854193 -0.00621883 -0.00963281    0.141497
IMAGINARY
          0   0.0152638 -0.00425791   0.0173174
 -0.0152638           0  -0.0215427 -0.00425791
 0.00425791   0.0215427           0  -0.0189134
 -0.0173174  0.00425791   0.0189134           0
EndNode2[0]<--->BSA[0]
REAL
  0.452957 -0.0200316 -0.0146684   0.135204
-0.0200316   0.174731  0.0357143 0.00318878
-0.0146684  0.0357143   0.142473   0.013654
  0.135204 0.00318878   0.013654   0.229839
IMAGINARY
           0  -0.00797556   0.00281534   -0.0245747
  0.00797556            0  0.000765201   -0.0142949
 -0.00281534 -0.000765201            0  -0.00860607
   0.0245747    0.0142949   0.00860607            0
Repeater1[0]<--->EndNode1[0]
REAL
   0.485714  -0.0185951 -0.00401483   0.0854193
 -0.0185951    0.239456  0.00391075 -0.00963281
-0.00401483  0.00391075    0.133333 -0.00621883
  0.0854193 -0.00963281 -0.00621883    0.141497
IMAGINARY
          0 -0.00425791   0.0152638   0.0173174
 0.00425791           0   0.0215427  -0.0189134
 -0.0152638  -0.0215427           0 -0.00425791
 -0.0173174   0.0189134  0.00425791           0
Repeater1[0]<--->BSA[0]
REAL
  0.452957 -0.0146684 -0.0200316   0.135204
-0.0146684   0.142473  0.0357143   0.013654
-0.0200316  0.0357143   0.174731 0.00318878
  0.135204   0.013654 0.00318878   0.229839
IMAGINARY
           0   0.00281534  -0.00797556   -0.0245747
 -0.00281534            0 -0.000765201  -0.00860607
  0.00797556  0.000765201            0   -0.0142949
   0.0245747   0.00860607    0.0142949            0
EndNode1[0]<--->Repeater1[0]
REAL
  0.439532 0.00783232 -0.0191547  0.0820124
0.00783232   0.154746   0.022669  0.0146033
-0.0191547   0.022669   0.247074 0.00322099
 0.0820124  0.0146033 0.00322099   0.158648
IMAGINARY
          0  -0.0236946    0.009252   0.0314504
  0.0236946           0  -0.0033755 -0.00798938
  -0.009252   0.0033755           0  0.00854308
 -0.0314504  0.00798938 -0.00854308           0
EndNode2[0]<--->BSA[0]
REAL
    0.425831  -0.00619061 -0.000284715     0.141556
 -0.00619061     0.209719     0.039239  -0.00567555
-0.000284715     0.039239      0.14578   0.00685286
    0.141556  -0.00567555   0.00685286      0.21867
IMAGINARY
          0  0.00320057  0.00641748    0.012987
-0.00320057           0    0.012987    0.010957
-0.00641748   -0.012987           0  -0.0218621
  -0.012987   -0.010957   0.0218621           0
Repeater1[0]<--->EndNode1[0]
REAL
  0.439532 -0.0191547 0.00783232  0.0820124
-0.0191547   0.247074   0.022669 0.00322099
0.00783232   0.022669   0.154746  0.0146033
 0.0820124 0.00322099  0.0146033   0.158648
IMAGINARY
          0    0.009252  -0.0236946   0.0314504
  -0.009252           0   0.0033755  0.00854308
  0.0236946  -0.0033755           0 -0.00798938
 -0.0314504 -0.00854308  0.00798938           0
Repeater1[0]<--->BSA[0]
REAL
    0.425831 -0.000284715  -0.00619061     0.141556
-0.000284715      0.14578     0.039239   0.00685286
 -0.00619061     0.039239     0.209719  -0.00567555
    0.141556   0.00685286  -0.00567555      0.21867
IMAGINARY
          0  0.00641748  0.00320057    0.012987
-0.00641748           0   -0.012987  -0.0218621
-0.00320057    0.012987           0    0.010957
  -0.012987   0.0218621   -0.010957           0
