EndNode1[0]<--->Repeater1[0]
REAL
    0.423027 -0.000988132    0.0124845      0.19104
-0.000988132     0.157827    0.0176218 -0.000673436
   0.0124845    0.0176218     0.175938   0.00492514
     0.19104 -0.000673436   0.00492514     0.243208
IMAGINARY
          0  0.00978925 -0.00706562    0.012774
-0.00978925           0 -0.00391325   0.0133947
 0.00706562  0.00391325           0   0.0117297
  -0.012774  -0.0133947  -0.0117297           0
EndNode2[0]<--->BSA[0]
REAL
   0.455006 -0.00610389  -0.0114231    0.242885
-0.00610389    0.126743   0.0342235   0.0186521
 -0.0114231   0.0342235    0.108999   0.0289955
   0.242885   0.0186521   0.0289955    0.309252
IMAGINARY
          0  -0.0172528 -0.00272214  0.00436729
  0.0172528           0 -0.00564606   0.0158455
 0.00272214  0.00564606           0 -0.00636928
-0.00436729  -0.0158455  0.00636928           0
Repeater1[0]<--->EndNode1[0]
REAL
    0.423027    0.0124845 -0.000988132      0.19104
   0.0124845     0.175938    0.0176218   0.00492514
-0.000988132    0.0176218     0.157827 -0.000673436
     0.19104   0.00492514 -0.000673436     0.243208
IMAGINARY
          0 -0.00706562  0.00978925    0.012774
 0.00706562           0  0.00391325   0.0117297
-0.00978925 -0.00391325           0   0.0133947
  -0.012774  -0.0117297  -0.0133947           0
Repeater1[0]<--->BSA[0]
REAL
   0.455006  -0.0114231 -0.00610389    0.242885
 -0.0114231    0.108999   0.0342235   0.0289955
-0.00610389   0.0342235    0.126743   0.0186521
   0.242885   0.0289955   0.0186521    0.309252
IMAGINARY
          0 -0.00272214  -0.0172528  0.00436729
 0.00272214           0  0.00564606 -0.00636928
  0.0172528 -0.00564606           0   0.0158455
-0.00436729  0.00636928  -0.0158455           0
EndNode1[0]<--->Repeater1[0]
REAL
    0.457002  -0.00231359   0.00774963     0.190514
 -0.00231359     0.144963     0.012083   -0.0168405
  0.00774963     0.012083     0.169533 -0.000283816
    0.190514   -0.0168405 -0.000283816     0.228501
IMAGINARY
           0   -0.0162949   0.00187132    0.0230194
   0.0162949            0  -0.00233817   -0.0038321
 -0.00187132   0.00233817            0 -4.49346e-05
  -0.0230194    0.0038321  4.49346e-05            0
EndNode2[0]<--->BSA[0]
REAL
   0.458333  -0.0186817  -0.0190773    0.238599
 -0.0186817    0.138889   0.0170153 -0.00932433
 -0.0190773   0.0170153    0.118687  -0.0083989
   0.238599 -0.00932433  -0.0083989    0.284091
IMAGINARY
          0 -0.00146904 -0.00342596  0.00189633
 0.00146904           0   0.0101138   0.0193902
 0.00342596  -0.0101138           0  -0.0196038
-0.00189633  -0.0193902   0.0196038           0
Repeater1[0]<--->EndNode1[0]
REAL
    0.457002   0.00774963  -0.00231359     0.190514
  0.00774963     0.169533     0.012083 -0.000283816
 -0.00231359     0.012083     0.144963   -0.0168405
    0.190514 -0.000283816   -0.0168405     0.228501
IMAGINARY
           0   0.00187132   -0.0162949    0.0230194
 -0.00187132            0   0.00233817 -4.49346e-05
   0.0162949  -0.00233817            0   -0.0038321
  -0.0230194  4.49346e-05    0.0038321            0
Repeater1[0]<--->BSA[0]
REAL
   0.458333  -0.0190773  -0.0186817    0.238599
 -0.0190773    0.118687   0.0170153  -0.0083989
 -0.0186817   0.0170153    0.138889 -0.00932433
   0.238599  -0.0083989 -0.00932433    0.284091
IMAGINARY
          0 -0.00342596 -0.00146904  0.00189633
 0.00342596           0  -0.0101138  -0.0196038
 0.00146904   0.0101138           0   0.0193902
-0.00189633   0.0196038  -0.0193902           0
