EndNode1[0]<--->Repeater1[0]
REAL
    0.43462   0.0125837 0.000565662    0.118946
  0.0125837   0.0946451   0.0163321   -0.017807
0.000565662   0.0163321    0.102117 0.000678919
   0.118946   -0.017807 0.000678919    0.368618
IMAGINARY
           0  0.000244064  -0.00100267   -0.0217537
-0.000244064            0    0.0136388   -0.0022653
  0.00100267   -0.0136388            0  -0.00481923
   0.0217537    0.0022653   0.00481923            0
EndNode2[0]<--->BSA[0]
REAL
   0.468672 -0.00736835   0.0148066    0.141055
-0.00736835   0.0726817  -0.0199616  -0.0109003
  0.0148066  -0.0199616    0.075188    0.017785
   0.141055  -0.0109003    0.017785    0.383459
IMAGINARY
          0  -0.0245305  0.00926231  -0.0285156
  0.0245305           0   0.0193772  0.00181982
-0.00926231  -0.0193772           0    0.021271
  0.0285156 -0.00181982   -0.021271           0
Repeater1[0]<--->EndNode1[0]
REAL
    0.43462 0.000565662   0.0125837    0.118946
0.000565662    0.102117   0.0163321 0.000678919
  0.0125837   0.0163321   0.0946451   -0.017807
   0.118946 0.000678919   -0.017807    0.368618
IMAGINARY
           0  -0.00100267  0.000244064   -0.0217537
  0.00100267            0   -0.0136388  -0.00481923
-0.000244064    0.0136388            0   -0.0022653
   0.0217537   0.00481923    0.0022653            0
Repeater1[0]<--->BSA[0]
REAL
   0.468672   0.0148066 -0.00736835    0.141055
  0.0148066    0.075188  -0.0199616    0.017785
-0.00736835  -0.0199616   0.0726817  -0.0109003
   0.141055    0.017785  -0.0109003    0.383459
IMAGINARY
          0  0.00926231  -0.0245305  -0.0285156
-0.00926231           0  -0.0193772    0.021271
  0.0245305   0.0193772           0  0.00181982
  0.0285156   -0.021271 -0.00181982           0
EndNode1[0]<--->Repeater1[0]
REAL
   0.458387  -0.0112324   0.0222346    0.115606
 -0.0112324   0.0729834   0.0024583 -0.00352495
  0.0222346   0.0024583    0.099872  -0.0165095
   0.115606 -0.00352495  -0.0165095    0.368758
IMAGINARY
          0  -0.0014566   0.0355091  0.00592018
  0.0014566           0 -0.00847773 -0.00832829
 -0.0355091  0.00847773           0  -0.0231957
-0.00592018  0.00832829   0.0231957           0
EndNode2[0]<--->BSA[0]
REAL
   0.441099  -0.0126361 0.000662879    0.129781
 -0.0126361   0.0798429  -0.0135311 -0.00691288
0.000662879  -0.0135311   0.0719895  0.00263612
   0.129781 -0.00691288  0.00263612    0.407068
IMAGINARY
          0   0.0059174 -0.00302289   0.0234465
 -0.0059174           0  0.00199879   0.0151248
 0.00302289 -0.00199879           0  -0.0231149
 -0.0234465  -0.0151248   0.0231149           0
Repeater1[0]<--->EndNode1[0]
REAL
   0.458387   0.0222346  -0.0112324    0.115606
  0.0222346    0.099872   0.0024583  -0.0165095
 -0.0112324   0.0024583   0.0729834 -0.00352495
   0.115606  -0.0165095 -0.00352495    0.368758
IMAGINARY
          0   0.0355091  -0.0014566  0.00592018
 -0.0355091           0  0.00847773  -0.0231957
  0.0014566 -0.00847773           0 -0.00832829
-0.00592018   0.0231957  0.00832829           0
Repeater1[0]<--->BSA[0]
REAL
   0.441099 0.000662879  -0.0126361    0.129781
0.000662879   0.0719895  -0.0135311  0.00263612
 -0.0126361  -0.0135311   0.0798429 -0.00691288
   0.129781  0.00263612 -0.00691288    0.407068
IMAGINARY
          0 -0.00302289   0.0059174   0.0234465
 0.00302289           0 -0.00199879  -0.0231149
 -0.0059174  0.00199879           0   0.0151248
 -0.0234465   0.0231149  -0.0151248           0
EndNode1[0]<--->Repeater1[0]
REAL
   0.442857 0.000789897  0.00664811    0.113979
0.000789897   0.0857143    0.020586   0.0197371
 0.00664811    0.020586   0.0948052  -0.0073862
   0.113979   0.0197371  -0.0073862    0.376623
IMAGINARY
          0 -0.00140869  -0.0128533  0.00677228
 0.00140869           0   0.0165252   0.0160299
  0.0128533  -0.0165252           0  0.00331466
-0.00677228  -0.0160299 -0.00331466           0
EndNode2[0]<--->BSA[0]
REAL
    0.44021  0.00964057   0.0143491      0.1049
 0.00964057    0.088042 -0.00355805  0.00242941
  0.0143491 -0.00355805   0.0762155    -0.02105
     0.1049  0.00242941    -0.02105    0.395532
IMAGINARY
          0  -0.0159137  -0.0188317  -0.0136053
  0.0159137           0 -0.00990164  0.00859975
  0.0188317  0.00990164           0 -0.00250375
  0.0136053 -0.00859975  0.00250375           0
Repeater1[0]<--->EndNode1[0]
REAL
   0.442857  0.00664811 0.000789897    0.113979
 0.00664811   0.0948052    0.020586  -0.0073862
0.000789897    0.020586   0.0857143   0.0197371
   0.113979  -0.0073862   0.0197371    0.376623
IMAGINARY
          0  -0.0128533 -0.00140869  0.00677228
  0.0128533           0  -0.0165252  0.00331466
 0.00140869   0.0165252           0   0.0160299
-0.00677228 -0.00331466  -0.0160299           0
Repeater1[0]<--->BSA[0]
REAL
    0.44021   0.0143491  0.00964057      0.1049
  0.0143491   0.0762155 -0.00355805    -0.02105
 0.00964057 -0.00355805    0.088042  0.00242941
     0.1049    -0.02105  0.00242941    0.395532
IMAGINARY
          0  -0.0188317  -0.0159137  -0.0136053
  0.0188317           0  0.00990164 -0.00250375
  0.0159137 -0.00990164           0  0.00859975
  0.0136053  0.00250375 -0.00859975           0
EndNode1[0]<--->Repeater1[0]
REAL
    0.466847   -0.0153701   -0.0210009     0.124868
  -0.0153701    0.0866035    0.0243751 -0.000319615
  -0.0210009    0.0243751    0.0838972  0.000927173
    0.124868 -0.000319615  0.000927173     0.362652
IMAGINARY
           0    0.0198144   -0.0139996   -0.0121141
  -0.0198144            0   0.00253557 -0.000180465
   0.0139996  -0.00253557            0   0.00422999
   0.0121141  0.000180465  -0.00422999            0
EndNode2[0]<--->BSA[0]
REAL
  0.455296   0.013354 0.00639414   0.126618
  0.013354  0.0770289  0.0317589 -0.0181742
0.00639414  0.0317589  0.0797799  -0.013354
  0.126618 -0.0181742  -0.013354   0.387895
IMAGINARY
          0   0.0102578   0.0210118 -0.00750348
 -0.0102578           0  0.00812152  0.00163199
 -0.0210118 -0.00812152           0    0.017282
 0.00750348 -0.00163199   -0.017282           0
Repeater1[0]<--->EndNode1[0]
REAL
    0.466847   -0.0210009   -0.0153701     0.124868
  -0.0210009    0.0838972    0.0243751  0.000927173
  -0.0153701    0.0243751    0.0866035 -0.000319615
    0.124868  0.000927173 -0.000319615     0.362652
IMAGINARY
           0   -0.0139996    0.0198144   -0.0121141
   0.0139996            0  -0.00253557   0.00422999
  -0.0198144   0.00253557            0 -0.000180465
   0.0121141  -0.00422999  0.000180465            0
Repeater1[0]<--->BSA[0]
REAL
  0.455296 0.00639414   0.013354   0.126618
0.00639414  0.0797799  0.0317589  -0.013354
  0.013354  0.0317589  0.0770289 -0.0181742
  0.126618  -0.013354 -0.0181742   0.387895
IMAGINARY
          0   0.0210118   0.0102578 -0.00750348
 -0.0210118           0 -0.00812152    0.017282
 -0.0102578  0.00812152           0  0.00163199
 0.00750348   -0.017282 -0.00163199           0
EndNode1[0]<--->Repeater1[0]
REAL
  0.466931 -0.0235112 -0.0101507    0.11261
-0.0235112  0.0992063  0.0193898 -0.0018493
-0.0101507  0.0193898  0.0859788 -0.0178222
   0.11261 -0.0018493 -0.0178222   0.347884
IMAGINARY
           0   -0.0127419   0.00357273  0.000167658
   0.0127419            0  -0.00400398 -0.000313279
 -0.00357273   0.00400398            0  -0.00616294
-0.000167658  0.000313279   0.00616294            0
EndNode2[0]<--->BSA[0]
REAL
   0.455919  0.00682672   0.0142345    0.119458
 0.00682672   0.0680101 0.000707873 -0.00318482
  0.0142345 0.000707873   0.0843829  0.00560422
   0.119458 -0.00318482  0.00560422    0.391688
IMAGINARY
           0   0.00904469     0.010685   -0.0110684
 -0.00904469            0 -1.19107e-05    -0.020685
   -0.010685  1.19107e-05            0  -0.00779469
   0.0110684     0.020685   0.00779469            0
Repeater1[0]<--->EndNode1[0]
REAL
  0.466931 -0.0101507 -0.0235112    0.11261
-0.0101507  0.0859788  0.0193898 -0.0178222
-0.0235112  0.0193898  0.0992063 -0.0018493
   0.11261 -0.0178222 -0.0018493   0.347884
IMAGINARY
           0   0.00357273   -0.0127419  0.000167658
 -0.00357273            0   0.00400398  -0.00616294
   0.0127419  -0.00400398            0 -0.000313279
-0.000167658   0.00616294  0.000313279            0
Repeater1[0]<--->BSA[0]
REAL
   0.455919   0.0142345  0.00682672    0.119458
  0.0142345   0.0843829 0.000707873  0.00560422
 0.00682672 0.000707873   0.0680101 -0.00318482
   0.119458  0.00560422 -0.00318482    0.391688
IMAGINARY
           0     0.010685   0.00904469   -0.0110684
   -0.010685            0  1.19107e-05  -0.00779469
 -0.00904469 -1.19107e-05            0    -0.020685
   0.0110684   0.00779469     0.020685            0
EndNode1[0]<--->Repeater1[0]
REAL
    0.46755  -0.0123868  0.00863742    0.114241
 -0.0123868   0.0834437    0.013476  -0.0181483
 0.00863742    0.013476   0.0860927 -0.00255882
   0.114241  -0.0181483 -0.00255882    0.362914
IMAGINARY
           0   -0.0104904    0.0219318   -0.0229843
   0.0104904            0   -0.0106945 -0.000248151
  -0.0219318    0.0106945            0  -0.00481573
   0.0229843  0.000248151   0.00481573            0
EndNode2[0]<--->BSA[0]
REAL
   0.427614 -0.00953231 -0.00122299    0.113247
-0.00953231   0.0616622 -0.00780523 -0.00489946
-0.00122299 -0.00780523   0.0965147 -0.00203231
   0.113247 -0.00489946 -0.00203231    0.414209
IMAGINARY
          0 -0.00638904 -0.00993371  0.00220123
 0.00638904           0  0.00283655  -0.0137505
 0.00993371 -0.00283655           0   0.0116522
-0.00220123   0.0137505  -0.0116522           0
Repeater1[0]<--->EndNode1[0]
REAL
    0.46755  0.00863742  -0.0123868    0.114241
 0.00863742   0.0860927    0.013476 -0.00255882
 -0.0123868    0.013476   0.0834437  -0.0181483
   0.114241 -0.00255882  -0.0181483    0.362914
IMAGINARY
           0    0.0219318   -0.0104904   -0.0229843
  -0.0219318            0    0.0106945  -0.00481573
   0.0104904   -0.0106945            0 -0.000248151
   0.0229843   0.00481573  0.000248151            0
Repeater1[0]<--->BSA[0]
REAL
   0.427614 -0.00122299 -0.00953231    0.113247
-0.00122299   0.0965147 -0.00780523 -0.00203231
-0.00953231 -0.00780523   0.0616622 -0.00489946
   0.113247 -0.00203231 -0.00489946    0.414209
IMAGINARY
          0 -0.00993371 -0.00638904  0.00220123
 0.00993371           0 -0.00283655   0.0116522
 0.00638904  0.00283655           0  -0.0137505
-0.00220123  -0.0116522   0.0137505           0
EndNode1[0]<--->Repeater1[0]
REAL
   0.471969  -0.0121205   0.0252087    0.124727
 -0.0121205   0.0964798  0.00269904 -0.00903791
  0.0252087  0.00269904   0.0847458  0.00241805
   0.124727 -0.00903791  0.00241805    0.346806
IMAGINARY
          0   0.0263502  0.00668895  -0.0120648
 -0.0263502           0  0.00392963 -0.00230848
-0.00668895 -0.00392963           0  -0.0132088
  0.0120648  0.00230848   0.0132088           0
EndNode2[0]<--->BSA[0]
REAL
  0.444737  0.0167776 -0.0145047   0.108828
 0.0167776  0.0776316  0.0305616  0.0151982
-0.0145047  0.0305616  0.0789474 0.00333333
  0.108828  0.0151982 0.00333333   0.398684
IMAGINARY
          0  0.00218449 -0.00400458  -0.0170069
-0.00218449           0   0.0236382  -0.0199281
 0.00400458  -0.0236382           0 -0.00671231
  0.0170069   0.0199281  0.00671231           0
Repeater1[0]<--->EndNode1[0]
REAL
   0.471969   0.0252087  -0.0121205    0.124727
  0.0252087   0.0847458  0.00269904  0.00241805
 -0.0121205  0.00269904   0.0964798 -0.00903791
   0.124727  0.00241805 -0.00903791    0.346806
IMAGINARY
          0  0.00668895   0.0263502  -0.0120648
-0.00668895           0 -0.00392963  -0.0132088
 -0.0263502  0.00392963           0 -0.00230848
  0.0120648   0.0132088  0.00230848           0
Repeater1[0]<--->BSA[0]
REAL
  0.444737 -0.0145047  0.0167776   0.108828
-0.0145047  0.0789474  0.0305616 0.00333333
 0.0167776  0.0305616  0.0776316  0.0151982
  0.108828 0.00333333  0.0151982   0.398684
IMAGINARY
          0 -0.00400458  0.00218449  -0.0170069
 0.00400458           0  -0.0236382 -0.00671231
-0.00218449   0.0236382           0  -0.0199281
  0.0170069  0.00671231   0.0199281           0
EndNode1[0]<--->Repeater1[0]
REAL
   0.429513  -0.0212969  -0.0326161    0.126787
 -0.0212969   0.0935441   0.0247465  0.00746273
 -0.0326161   0.0247465    0.108037 -0.00631049
   0.126787  0.00746273 -0.00631049    0.368906
IMAGINARY
           0    0.0164854 -0.000766645   0.00410586
  -0.0164854            0  -0.00238765   0.00841971
 0.000766645   0.00238765            0  -0.00373027
 -0.00410586  -0.00841971   0.00373027            0
EndNode2[0]<--->BSA[0]
REAL
   0.451899 0.000463391  -0.0160033    0.124472
0.000463391   0.0759494   0.0177301  -0.0187281
 -0.0160033   0.0177301   0.0810127 -0.00767178
   0.124472  -0.0187281 -0.00767178    0.391139
IMAGINARY
          0 -0.00837805   0.0143028 -0.00549932
 0.00837805           0  0.00136709 -0.00743636
 -0.0143028 -0.00136709           0   0.0177413
 0.00549932  0.00743636  -0.0177413           0
Repeater1[0]<--->EndNode1[0]
REAL
   0.429513  -0.0326161  -0.0212969    0.126787
 -0.0326161    0.108037   0.0247465 -0.00631049
 -0.0212969   0.0247465   0.0935441  0.00746273
   0.126787 -0.00631049  0.00746273    0.368906
IMAGINARY
           0 -0.000766645    0.0164854   0.00410586
 0.000766645            0   0.00238765  -0.00373027
  -0.0164854  -0.00238765            0   0.00841971
 -0.00410586   0.00373027  -0.00841971            0
Repeater1[0]<--->BSA[0]
REAL
   0.451899  -0.0160033 0.000463391    0.124472
 -0.0160033   0.0810127   0.0177301 -0.00767178
0.000463391   0.0177301   0.0759494  -0.0187281
   0.124472 -0.00767178  -0.0187281    0.391139
IMAGINARY
          0   0.0143028 -0.00837805 -0.00549932
 -0.0143028           0 -0.00136709   0.0177413
 0.00837805  0.00136709           0 -0.00743636
 0.00549932  -0.0177413  0.00743636           0
EndNode1[0]<--->Repeater1[0]
REAL
   0.437018  -0.0150742  0.00326417    0.133521
 -0.0150742   0.0989717 -0.00803382  0.00258758
 0.00326417 -0.00803382   0.0835476  0.00532131
   0.133521  0.00258758  0.00532131    0.380463
IMAGINARY
           0   -0.0215583  -0.00426907 -0.000879111
   0.0215583            0    0.0110572  -0.00362886
  0.00426907   -0.0110572            0    0.0185206
 0.000879111   0.00362886   -0.0185206            0
EndNode2[0]<--->BSA[0]
REAL
  0.492476 -0.0151092  0.0173005   0.125672
-0.0151092  0.0601915  0.0123065 -0.0200328
 0.0173005  0.0123065  0.0779754 0.00281414
  0.125672 -0.0200328 0.00281414   0.369357
IMAGINARY
         0  0.0131449 -0.0186277 -0.0186681
-0.0131449          0   0.021187 -0.0112053
 0.0186277  -0.021187          0 -0.0119516
 0.0186681  0.0112053  0.0119516          0
Repeater1[0]<--->EndNode1[0]
REAL
   0.437018  0.00326417  -0.0150742    0.133521
 0.00326417   0.0835476 -0.00803382  0.00532131
 -0.0150742 -0.00803382   0.0989717  0.00258758
   0.133521  0.00532131  0.00258758    0.380463
IMAGINARY
           0  -0.00426907   -0.0215583 -0.000879111
  0.00426907            0   -0.0110572    0.0185206
   0.0215583    0.0110572            0  -0.00362886
 0.000879111   -0.0185206   0.00362886            0
Repeater1[0]<--->BSA[0]
REAL
  0.492476  0.0173005 -0.0151092   0.125672
 0.0173005  0.0779754  0.0123065 0.00281414
-0.0151092  0.0123065  0.0601915 -0.0200328
  0.125672 0.00281414 -0.0200328   0.369357
IMAGINARY
         0 -0.0186277  0.0131449 -0.0186681
 0.0186277          0  -0.021187 -0.0119516
-0.0131449   0.021187          0 -0.0112053
 0.0186681  0.0119516  0.0112053          0
EndNode1[0]<--->Repeater1[0]
REAL
   0.411458 -0.00371548  0.00154881   0.0987904
-0.00371548   0.0976562 -0.00426304  0.00218253
 0.00154881 -0.00426304    0.114583 -0.00499099
  0.0987904  0.00218253 -0.00499099    0.376302
IMAGINARY
          0  0.00606168   0.0108142  -0.0122758
-0.00606168           0 -0.00174293   0.0108142
 -0.0108142  0.00174293           0  0.00284417
  0.0122758  -0.0108142 -0.00284417           0
EndNode2[0]<--->BSA[0]
REAL
   0.447368   0.0211932  0.00112385    0.126586
  0.0211932   0.0669856 -0.00254502 -0.00623894
 0.00112385 -0.00254502   0.0801435   0.0120549
   0.126586 -0.00623894   0.0120549    0.405502
IMAGINARY
          0   0.0353538 -0.00738508  0.00720645
 -0.0353538           0 -0.00534309  -0.0115868
 0.00738508  0.00534309           0  0.00442592
-0.00720645   0.0115868 -0.00442592           0
Repeater1[0]<--->EndNode1[0]
REAL
   0.411458  0.00154881 -0.00371548   0.0987904
 0.00154881    0.114583 -0.00426304 -0.00499099
-0.00371548 -0.00426304   0.0976563  0.00218253
  0.0987904 -0.00499099  0.00218253    0.376302
IMAGINARY
          0   0.0108142  0.00606168  -0.0122758
 -0.0108142           0  0.00174293  0.00284417
-0.00606168 -0.00174293           0   0.0108142
  0.0122758 -0.00284417  -0.0108142           0
Repeater1[0]<--->BSA[0]
REAL
   0.447368  0.00112385   0.0211932    0.126586
 0.00112385   0.0801435 -0.00254502   0.0120549
  0.0211932 -0.00254502   0.0669856 -0.00623894
   0.126586   0.0120549 -0.00623894    0.405502
IMAGINARY
          0 -0.00738508   0.0353538  0.00720645
 0.00738508           0  0.00534309  0.00442592
 -0.0353538 -0.00534309           0  -0.0115868
-0.00720645 -0.00442592   0.0115868           0
EndNode1[0]<--->Repeater1[0]
REAL
   0.486146   0.0149386 -0.00619978    0.110081
  0.0149386   0.0755668 -0.00551807   -0.018515
-0.00619978 -0.00551807    0.102015 -0.00416548
   0.110081   -0.018515 -0.00416548    0.336272
IMAGINARY
          0   0.0158507  0.00676419   0.0114366
 -0.0158507           0  -0.0319845   0.0099489
-0.00676419   0.0319845           0   0.0120045
 -0.0114366  -0.0099489  -0.0120045           0
EndNode2[0]<--->BSA[0]
REAL
  0.427649 -0.0259073  0.0110658  0.0908087
-0.0259073  0.0891473 0.00737078  0.0129914
 0.0110658 0.00737078  0.0749354  0.0226563
 0.0908087  0.0129914  0.0226563   0.408269
IMAGINARY
          0   0.0226355   0.0184244 -0.00286794
 -0.0226355           0  -0.0132212  -0.0115235
 -0.0184244   0.0132212           0 -0.00193288
 0.00286794   0.0115235  0.00193288           0
Repeater1[0]<--->EndNode1[0]
REAL
   0.486146 -0.00619978   0.0149386    0.110081
-0.00619978    0.102015 -0.00551807 -0.00416548
  0.0149386 -0.00551807   0.0755668   -0.018515
   0.110081 -0.00416548   -0.018515    0.336272
IMAGINARY
          0  0.00676419   0.0158507   0.0114366
-0.00676419           0   0.0319845   0.0120045
 -0.0158507  -0.0319845           0   0.0099489
 -0.0114366  -0.0120045  -0.0099489           0
Repeater1[0]<--->BSA[0]
REAL
  0.427649  0.0110658 -0.0259073  0.0908087
 0.0110658  0.0749354 0.00737078  0.0226563
-0.0259073 0.00737078  0.0891473  0.0129914
 0.0908087  0.0226563  0.0129914   0.408269
IMAGINARY
          0   0.0184244   0.0226355 -0.00286794
 -0.0184244           0   0.0132212 -0.00193288
 -0.0226355  -0.0132212           0  -0.0115235
 0.00286794  0.00193288   0.0115235           0
