EndNode1[0]<--->Repeater1[0]
REAL
   0.397135 -0.00682048    0.012386    0.322473
-0.00682048     0.11849   0.0561547  -0.0203016
   0.012386   0.0561547    0.130208  0.00418196
   0.322473  -0.0203016  0.00418196    0.354167
IMAGINARY
           0   0.00199467    0.0120961   0.00739365
 -0.00199467            0  5.05223e-05    0.0114026
  -0.0120961 -5.05223e-05            0   0.00453274
 -0.00739365   -0.0114026  -0.00453274            0
EndNode2[0]<--->HoM1[0]
REAL
   0.377382   0.0125659  -0.0180221    0.336554
  0.0125659    0.111817   0.0613019   0.0186527
 -0.0180221   0.0613019    0.121982 -0.00815231
   0.336554   0.0186527 -0.00815231    0.388818
IMAGINARY
          0  -0.0178352  -0.0142007  0.00734844
  0.0178352           0   0.0143907  0.00788761
  0.0142007  -0.0143907           0  0.00142108
-0.00734844 -0.00788761 -0.00142108           0
Repeater1[0]<--->EndNode1[0]
REAL
   0.397135    0.012386 -0.00682048    0.322473
   0.012386    0.130208   0.0561547  0.00418196
-0.00682048   0.0561547     0.11849  -0.0203016
   0.322473  0.00418196  -0.0203016    0.354167
IMAGINARY
           0    0.0120961   0.00199467   0.00739365
  -0.0120961            0 -5.05223e-05   0.00453274
 -0.00199467  5.05223e-05            0    0.0114026
 -0.00739365  -0.00453274   -0.0114026            0
Repeater1[0]<--->HoM1[0]
REAL
   0.377382  -0.0180221   0.0125659    0.336554
 -0.0180221    0.121982   0.0613019 -0.00815231
  0.0125659   0.0613019    0.111817   0.0186527
   0.336554 -0.00815231   0.0186527    0.388818
IMAGINARY
          0  -0.0142007  -0.0178352  0.00734844
  0.0142007           0  -0.0143907  0.00142108
  0.0178352   0.0143907           0  0.00788761
-0.00734844 -0.00142108 -0.00788761           0
EndNode1[0]<--->Repeater1[0]
REAL
    0.376374   0.00163847 -0.000903734     0.320351
  0.00163847     0.115385    0.0709811    0.0196618
-0.000903734    0.0709811     0.164835     0.004183
    0.320351    0.0196618     0.004183     0.343407
IMAGINARY
           0    0.0054243   0.00953302   0.00471972
  -0.0054243            0     0.024617   -0.0145708
 -0.00953302    -0.024617            0  0.000872932
 -0.00471972    0.0145708 -0.000872932            0
EndNode2[0]<--->HoM1[0]
REAL
  0.389937 -0.0102986 -0.0119893   0.325609
-0.0102986   0.116981  0.0674391  0.0200107
-0.0119893  0.0674391   0.137107 0.00762478
  0.325609  0.0200107 0.00762478   0.355975
IMAGINARY
          0  -0.0114963   0.0156023 -0.00738217
  0.0114963           0  -0.0048759 -0.00579843
 -0.0156023   0.0048759           0  0.00561396
 0.00738217  0.00579843 -0.00561396           0
Repeater1[0]<--->EndNode1[0]
REAL
    0.376374 -0.000903734   0.00163847     0.320351
-0.000903734     0.164835    0.0709811     0.004183
  0.00163847    0.0709811     0.115385    0.0196618
    0.320351     0.004183    0.0196618     0.343407
IMAGINARY
           0   0.00953302    0.0054243   0.00471972
 -0.00953302            0    -0.024617  0.000872932
  -0.0054243     0.024617            0   -0.0145708
 -0.00471972 -0.000872932    0.0145708            0
Repeater1[0]<--->HoM1[0]
REAL
  0.389937 -0.0119893 -0.0102986   0.325609
-0.0119893   0.137107  0.0674391 0.00762478
-0.0102986  0.0674391   0.116981  0.0200107
  0.325609 0.00762478  0.0200107   0.355975
IMAGINARY
          0   0.0156023  -0.0114963 -0.00738217
 -0.0156023           0   0.0048759  0.00561396
  0.0114963  -0.0048759           0 -0.00579843
 0.00738217 -0.00561396  0.00579843           0
EndNode1[0]<--->Repeater1[0]
REAL
   0.40544 -0.0216075 -0.0173067   0.304551
-0.0216075   0.108808   0.086312 0.00080924
-0.0173067   0.086312   0.129534 0.00511005
  0.304551 0.00080924 0.00511005   0.356218
IMAGINARY
          0 -0.00309153  0.00963369  -0.0106163
 0.00309153           0 -0.00422242 -0.00523117
-0.00963369  0.00422242           0  0.00372046
  0.0106163  0.00523117 -0.00372046           0
EndNode2[0]<--->HoM1[0]
REAL
   0.386454  -0.0173602   0.0124992    0.340953
 -0.0173602    0.110226   0.0751055  -0.0185819
  0.0124992   0.0751055    0.106242 0.000328525
   0.340953  -0.0185819 0.000328525    0.397078
IMAGINARY
          0  0.00905563   0.0226211 -0.00713975
-0.00905563           0  -0.0261099 -0.00515668
 -0.0226211   0.0261099           0 -0.00711514
 0.00713975  0.00515668  0.00711514           0
Repeater1[0]<--->EndNode1[0]
REAL
   0.40544 -0.0173067 -0.0216075   0.304551
-0.0173067   0.129534   0.086312 0.00511005
-0.0216075   0.086312   0.108808 0.00080924
  0.304551 0.00511005 0.00080924   0.356218
IMAGINARY
          0  0.00963369 -0.00309153  -0.0106163
-0.00963369           0  0.00422242  0.00372046
 0.00309153 -0.00422242           0 -0.00523117
  0.0106163 -0.00372046  0.00523117           0
Repeater1[0]<--->HoM1[0]
REAL
   0.386454   0.0124992  -0.0173602    0.340953
  0.0124992    0.106242   0.0751055 0.000328525
 -0.0173602   0.0751055    0.110226  -0.0185819
   0.340953 0.000328525  -0.0185819    0.397078
IMAGINARY
          0   0.0226211  0.00905563 -0.00713975
 -0.0226211           0   0.0261099 -0.00711514
-0.00905563  -0.0261099           0 -0.00515668
 0.00713975  0.00711514  0.00515668           0
EndNode1[0]<--->Repeater1[0]
REAL
   0.399507   0.0109203 -0.00741565    0.325732
  0.0109203    0.120838   0.0770274   0.0317258
-0.00741565   0.0770274    0.125771  0.00287737
   0.325732   0.0317258  0.00287737    0.353884
IMAGINARY
          0   -0.013601   0.0159934  0.00302557
   0.013601           0  0.00761273 -0.00951676
 -0.0159934 -0.00761273           0  -0.0110104
-0.00302557  0.00951676   0.0110104           0
EndNode2[0]<--->HoM1[0]
REAL
   0.387856  0.00516816 -0.00276014    0.353514
 0.00516816    0.112763    0.059883  0.00749627
-0.00276014    0.059883    0.105328  0.00768705
   0.353514  0.00749627  0.00768705    0.394052
IMAGINARY
          0  0.00990193  -0.0181683  0.00118376
-0.00990193           0  -0.0088564  0.00606639
  0.0181683   0.0088564           0 -0.00544333
-0.00118376 -0.00606639  0.00544333           0
Repeater1[0]<--->EndNode1[0]
REAL
   0.399507 -0.00741565   0.0109203    0.325732
-0.00741565    0.125771   0.0770274  0.00287737
  0.0109203   0.0770274    0.120838   0.0317258
   0.325732  0.00287737   0.0317258    0.353884
IMAGINARY
          0   0.0159934   -0.013601  0.00302557
 -0.0159934           0 -0.00761273  -0.0110104
   0.013601  0.00761273           0 -0.00951676
-0.00302557   0.0110104  0.00951676           0
Repeater1[0]<--->HoM1[0]
REAL
   0.387856 -0.00276014  0.00516816    0.353514
-0.00276014    0.105328    0.059883  0.00768705
 0.00516816    0.059883    0.112763  0.00749627
   0.353514  0.00768705  0.00749627    0.394052
IMAGINARY
          0  -0.0181683  0.00990193  0.00118376
  0.0181683           0   0.0088564 -0.00544333
-0.00990193  -0.0088564           0  0.00606639
-0.00118376  0.00544333 -0.00606639           0
EndNode1[0]<--->Repeater1[0]
REAL
  0.397906 -0.0119135 -0.0122027   0.342212
-0.0119135   0.117801  0.0593837 -0.0077441
-0.0122027  0.0593837   0.128272 -0.0053737
  0.342212 -0.0077441 -0.0053737   0.356021
IMAGINARY
          0  0.00033557  -0.0237765   0.0015596
-0.00033557           0   0.0142432 -0.00905179
  0.0237765  -0.0142432           0 -0.00033557
 -0.0015596  0.00905179  0.00033557           0
EndNode2[0]<--->HoM1[0]
REAL
    0.403727 -0.000449932    0.0156831     0.341957
-0.000449932     0.110559    0.0766009    0.0170272
   0.0156831    0.0766009     0.125466    0.0131335
    0.341957    0.0170272    0.0131335     0.360248
IMAGINARY
           0    0.0132144  0.000872506   0.00356263
  -0.0132144            0  0.000895966     0.002813
-0.000872506 -0.000895966            0    0.0113556
 -0.00356263    -0.002813   -0.0113556            0
Repeater1[0]<--->EndNode1[0]
REAL
  0.397906 -0.0122027 -0.0119135   0.342212
-0.0122027   0.128272  0.0593837 -0.0053737
-0.0119135  0.0593837   0.117801 -0.0077441
  0.342212 -0.0053737 -0.0077441   0.356021
IMAGINARY
          0  -0.0237765  0.00033557   0.0015596
  0.0237765           0  -0.0142432 -0.00033557
-0.00033557   0.0142432           0 -0.00905179
 -0.0015596  0.00033557  0.00905179           0
Repeater1[0]<--->HoM1[0]
REAL
    0.403727    0.0156831 -0.000449932     0.341957
   0.0156831     0.125466    0.0766009    0.0131335
-0.000449932    0.0766009     0.110559    0.0170272
    0.341957    0.0131335    0.0170272     0.360248
IMAGINARY
           0  0.000872506    0.0132144   0.00356263
-0.000872506            0 -0.000895966    0.0113556
  -0.0132144  0.000895966            0     0.002813
 -0.00356263   -0.0113556    -0.002813            0
EndNode1[0]<--->Repeater1[0]
REAL
  0.398734 -0.0056745  0.0100371   0.320268
-0.0056745    0.13038  0.0734327 -0.0139742
 0.0100371  0.0734327   0.122785  0.0161732
  0.320268 -0.0139742  0.0161732   0.348101
IMAGINARY
          0  0.00414608   0.0102214 -0.00962741
-0.00414608           0  0.00841382  -0.0216138
 -0.0102214 -0.00841382           0   0.0148413
 0.00962741   0.0216138  -0.0148413           0
EndNode2[0]<--->HoM1[0]
REAL
   0.414667   0.0146561   0.0166894    0.337087
  0.0146561    0.110667   0.0643033 -0.00847192
  0.0166894   0.0643033       0.112  -0.0165524
   0.337087 -0.00847192  -0.0165524    0.362667
IMAGINARY
          0 -0.00503526   0.0119435  -0.0211358
 0.00503526           0  0.00214849  -0.0138161
 -0.0119435 -0.00214849           0 -0.00307959
  0.0211358   0.0138161  0.00307959           0
Repeater1[0]<--->EndNode1[0]
REAL
  0.398734  0.0100371 -0.0056745   0.320268
 0.0100371   0.122785  0.0734327  0.0161732
-0.0056745  0.0734327    0.13038 -0.0139742
  0.320268  0.0161732 -0.0139742   0.348101
IMAGINARY
          0   0.0102214  0.00414608 -0.00962741
 -0.0102214           0 -0.00841382   0.0148413
-0.00414608  0.00841382           0  -0.0216138
 0.00962741  -0.0148413   0.0216138           0
Repeater1[0]<--->HoM1[0]
REAL
   0.414667   0.0166894   0.0146561    0.337087
  0.0166894       0.112   0.0643033  -0.0165524
  0.0146561   0.0643033    0.110667 -0.00847192
   0.337087  -0.0165524 -0.00847192    0.362667
IMAGINARY
          0   0.0119435 -0.00503526  -0.0211358
 -0.0119435           0 -0.00214849 -0.00307959
 0.00503526  0.00214849           0  -0.0138161
  0.0211358  0.00307959   0.0138161           0
EndNode1[0]<--->Repeater1[0]
REAL
  0.413366 -0.0226519  -0.022577     0.3302
-0.0226519   0.123762  0.0639322  0.0047199
 -0.022577  0.0639322   0.126238 0.00607026
    0.3302  0.0047199 0.00607026   0.336634
IMAGINARY
           0  -0.00433442  0.000418274  -0.00335841
  0.00433442            0    0.0135107     0.014854
-0.000418274   -0.0135107            0  -0.00828179
  0.00335841    -0.014854   0.00828179            0
EndNode2[0]<--->HoM1[0]
REAL
  0.398983  0.0224475   0.028748   0.346871
 0.0224475   0.111817  0.0686606  0.0121239
  0.028748  0.0686606   0.121982 0.00480045
  0.346871  0.0121239 0.00480045   0.367217
IMAGINARY
          0 -0.00559505 -0.00394714   0.0162217
 0.00559505           0   0.0280142   0.0149718
 0.00394714  -0.0280142           0  0.00105549
 -0.0162217  -0.0149718 -0.00105549           0
Repeater1[0]<--->EndNode1[0]
REAL
  0.413366  -0.022577 -0.0226519     0.3302
 -0.022577   0.126238  0.0639322 0.00607026
-0.0226519  0.0639322   0.123762  0.0047199
    0.3302 0.00607026  0.0047199   0.336634
IMAGINARY
           0  0.000418274  -0.00433442  -0.00335841
-0.000418274            0   -0.0135107  -0.00828179
  0.00433442    0.0135107            0     0.014854
  0.00335841   0.00828179    -0.014854            0
Repeater1[0]<--->HoM1[0]
REAL
  0.398983   0.028748  0.0224475   0.346871
  0.028748   0.121982  0.0686606 0.00480045
 0.0224475  0.0686606   0.111817  0.0121239
  0.346871 0.00480045  0.0121239   0.367217
IMAGINARY
          0 -0.00394714 -0.00559505   0.0162217
 0.00394714           0  -0.0280142  0.00105549
 0.00559505   0.0280142           0   0.0149718
 -0.0162217 -0.00105549  -0.0149718           0
EndNode1[0]<--->Repeater1[0]
REAL
  0.402299 0.00492506 0.00760949   0.342438
0.00492506   0.113665  0.0710478 0.00129636
0.00760949  0.0710478   0.122605   0.019248
  0.342438 0.00129636   0.019248    0.36143
IMAGINARY
          0 -0.00643241  0.00545987  -0.0189252
 0.00643241           0  0.00613747   0.0119198
-0.00545987 -0.00613747           0  -0.0122842
  0.0189252  -0.0119198   0.0122842           0
EndNode2[0]<--->HoM1[0]
REAL
   0.403797  -0.0098854  -0.0194973    0.329998
 -0.0098854    0.101266   0.0702577   0.0015945
 -0.0194973   0.0702577    0.124051 -0.00801741
   0.329998   0.0015945 -0.00801741    0.370886
IMAGINARY
           0    0.0185187   0.00214244    0.0106314
  -0.0185187            0  -0.00804076   -0.0112334
 -0.00214244   0.00804076            0 -0.000336919
  -0.0106314    0.0112334  0.000336919            0
Repeater1[0]<--->EndNode1[0]
REAL
  0.402299 0.00760949 0.00492506   0.342438
0.00760949   0.122605  0.0710478   0.019248
0.00492506  0.0710478   0.113665 0.00129636
  0.342438   0.019248 0.00129636    0.36143
IMAGINARY
          0  0.00545987 -0.00643241  -0.0189252
-0.00545987           0 -0.00613747  -0.0122842
 0.00643241  0.00613747           0   0.0119198
  0.0189252   0.0122842  -0.0119198           0
Repeater1[0]<--->HoM1[0]
REAL
   0.403797  -0.0194973  -0.0098854    0.329998
 -0.0194973    0.124051   0.0702577 -0.00801741
 -0.0098854   0.0702577    0.101266   0.0015945
   0.329998 -0.00801741   0.0015945    0.370886
IMAGINARY
           0   0.00214244    0.0185187    0.0106314
 -0.00214244            0   0.00804076 -0.000336919
  -0.0185187  -0.00804076            0   -0.0112334
  -0.0106314  0.000336919    0.0112334            0
EndNode1[0]<--->Repeater1[0]
REAL
   0.425926 -0.00825314 -0.00842178    0.321797
-0.00825314     0.12716   0.0577517  0.00779443
-0.00842178   0.0577517    0.138272   0.0176634
   0.321797  0.00779443   0.0176634    0.308642
IMAGINARY
          0  -0.0106599   0.0136671  -0.0173486
  0.0106599           0  -0.0166828  -0.0142913
 -0.0136671   0.0166828           0 -0.00744243
  0.0173486   0.0142913  0.00744243           0
EndNode2[0]<--->HoM1[0]
REAL
   0.430025 -0.00726672 -0.00158592    0.350266
-0.00726672    0.108142   0.0604485 0.000310412
-0.00158592   0.0604485    0.117048  -0.0118659
   0.350266 0.000310412  -0.0118659    0.344784
IMAGINARY
          0  0.00428027  0.00993846  -0.0208095
-0.00428027           0  0.00795428 -0.00341105
-0.00993846 -0.00795428           0  -0.0121132
  0.0208095  0.00341105   0.0121132           0
Repeater1[0]<--->EndNode1[0]
REAL
   0.425926 -0.00842178 -0.00825314    0.321797
-0.00842178    0.138272   0.0577517   0.0176634
-0.00825314   0.0577517     0.12716  0.00779443
   0.321797   0.0176634  0.00779443    0.308642
IMAGINARY
          0   0.0136671  -0.0106599  -0.0173486
 -0.0136671           0   0.0166828 -0.00744243
  0.0106599  -0.0166828           0  -0.0142913
  0.0173486  0.00744243   0.0142913           0
Repeater1[0]<--->HoM1[0]
REAL
   0.430025 -0.00158592 -0.00726672    0.350266
-0.00158592    0.117048   0.0604485  -0.0118659
-0.00726672   0.0604485    0.108142 0.000310412
   0.350266  -0.0118659 0.000310412    0.344784
IMAGINARY
          0  0.00993846  0.00428027  -0.0208095
-0.00993846           0 -0.00795428  -0.0121132
-0.00428027  0.00795428           0 -0.00341105
  0.0208095   0.0121132  0.00341105           0
EndNode1[0]<--->Repeater1[0]
REAL
    0.401266   0.00278563 -0.000949164     0.326464
  0.00278563     0.116456    0.0780522  -0.00356697
-0.000949164    0.0780522     0.121519  -0.00214047
    0.326464  -0.00356697  -0.00214047     0.360759
IMAGINARY
          0 -0.00787261  0.00271708  0.00831813
 0.00787261           0  -0.0166195 -0.00716435
-0.00271708   0.0166195           0  0.00723728
-0.00831813  0.00716435 -0.00723728           0
EndNode2[0]<--->HoM1[0]
REAL
   0.415671  -0.0109671 -0.00177267    0.351856
 -0.0109671   0.0942895   0.0784386  -0.0102917
-0.00177267   0.0784386    0.135458  0.00426469
   0.351856  -0.0102917  0.00426469    0.354582
IMAGINARY
          0   0.0173787  -0.0137941   0.0183968
 -0.0173787           0  -0.0118523  -0.0064591
  0.0137941   0.0118523           0 -0.00345464
 -0.0183968   0.0064591  0.00345464           0
Repeater1[0]<--->EndNode1[0]
REAL
    0.401266 -0.000949164   0.00278563     0.326464
-0.000949164     0.121519    0.0780522  -0.00214047
  0.00278563    0.0780522     0.116456  -0.00356697
    0.326464  -0.00214047  -0.00356697     0.360759
IMAGINARY
          0  0.00271708 -0.00787261  0.00831813
-0.00271708           0   0.0166195  0.00723728
 0.00787261  -0.0166195           0 -0.00716435
-0.00831813 -0.00723728  0.00716435           0
Repeater1[0]<--->HoM1[0]
REAL
   0.415671 -0.00177267  -0.0109671    0.351856
-0.00177267    0.135458   0.0784386  0.00426469
 -0.0109671   0.0784386   0.0942895  -0.0102917
   0.351856  0.00426469  -0.0102917    0.354582
IMAGINARY
          0  -0.0137941   0.0173787   0.0183968
  0.0137941           0   0.0118523 -0.00345464
 -0.0173787  -0.0118523           0  -0.0064591
 -0.0183968  0.00345464   0.0064591           0
EndNode1[0]<--->Repeater1[0]
REAL
  0.384131  0.0148874 -0.0307854   0.323633
 0.0148874   0.122166  0.0801384 0.00412736
-0.0307854  0.0801384   0.125945 -0.0207391
  0.323633 0.00412736 -0.0207391   0.367758
IMAGINARY
          0  -0.0160197   0.0273169    0.021529
  0.0160197           0 -0.00163173  0.00428164
 -0.0273169  0.00163173           0  -0.0192963
  -0.021529 -0.00428164   0.0192963           0
EndNode2[0]<--->HoM1[0]
REAL
    0.396333   0.00113535  -0.00821509     0.337983
  0.00113535     0.132581    0.0805161 -0.000193703
 -0.00821509    0.0805161     0.136812  -0.00566317
    0.337983 -0.000193703  -0.00566317     0.334274
IMAGINARY
          0  0.00390318  -0.0275713  -0.0112905
-0.00390318           0 -0.00488025  -0.0136473
  0.0275713  0.00488025           0   0.0122258
  0.0112905   0.0136473  -0.0122258           0
Repeater1[0]<--->EndNode1[0]
REAL
  0.384131 -0.0307854  0.0148874   0.323633
-0.0307854   0.125945  0.0801384 -0.0207391
 0.0148874  0.0801384   0.122166 0.00412736
  0.323633 -0.0207391 0.00412736   0.367758
IMAGINARY
          0   0.0273169  -0.0160197    0.021529
 -0.0273169           0  0.00163173  -0.0192963
  0.0160197 -0.00163173           0  0.00428164
  -0.021529   0.0192963 -0.00428164           0
Repeater1[0]<--->HoM1[0]
REAL
    0.396333  -0.00821509   0.00113535     0.337983
 -0.00821509     0.136812    0.0805161  -0.00566317
  0.00113535    0.0805161     0.132581 -0.000193703
    0.337983  -0.00566317 -0.000193703     0.334274
IMAGINARY
          0  -0.0275713  0.00390318  -0.0112905
  0.0275713           0  0.00488025   0.0122258
-0.00390318 -0.00488025           0  -0.0136473
  0.0112905  -0.0122258   0.0136473           0
EndNode1[0]<--->Repeater1[0]
REAL
   0.384615   0.0265226 -0.00112886    0.326233
  0.0265226    0.133333   0.0806548   0.0202615
-0.00112886   0.0806548    0.126923 -0.00611446
   0.326233   0.0202615 -0.00611446    0.355128
IMAGINARY
         0 -0.0119648 -0.0142159  0.0235844
 0.0119648          0  -0.013729 -0.0123147
 0.0142159   0.013729          0  0.0126451
-0.0235844  0.0123147 -0.0126451          0
EndNode2[0]<--->HoM1[0]
REAL
    0.395092 -0.000176367  -0.00696559     0.333895
-0.000176367     0.128834    0.0708673   -0.0274259
 -0.00696559    0.0708673      0.11411   -0.0421517
    0.333895   -0.0274259   -0.0421517     0.361963
IMAGINARY
          0   0.0299874  -0.0226065   0.0134855
 -0.0299874           0   0.0134855 -0.00717022
  0.0226065  -0.0134855           0  0.00102992
 -0.0134855  0.00717022 -0.00102992           0
Repeater1[0]<--->EndNode1[0]
REAL
   0.384615 -0.00112886   0.0265226    0.326233
-0.00112886    0.126923   0.0806548 -0.00611446
  0.0265226   0.0806548    0.133333   0.0202615
   0.326233 -0.00611446   0.0202615    0.355128
IMAGINARY
         0 -0.0142159 -0.0119648  0.0235844
 0.0142159          0   0.013729  0.0126451
 0.0119648  -0.013729          0 -0.0123147
-0.0235844 -0.0126451  0.0123147          0
Repeater1[0]<--->HoM1[0]
REAL
    0.395092  -0.00696559 -0.000176367     0.333895
 -0.00696559      0.11411    0.0708673   -0.0421517
-0.000176367    0.0708673     0.128834   -0.0274259
    0.333895   -0.0421517   -0.0274259     0.361963
IMAGINARY
          0  -0.0226065   0.0299874   0.0134855
  0.0226065           0  -0.0134855  0.00102992
 -0.0299874   0.0134855           0 -0.00717022
 -0.0134855 -0.00102992  0.00717022           0
EndNode1[0]<--->Repeater1[0]
REAL
       0.396  -0.00374812   0.00705903     0.329332
 -0.00374812        0.116    0.0660026  -0.00516748
  0.00705903    0.0660026         0.12 -0.000665503
    0.329332  -0.00516748 -0.000665503        0.368
IMAGINARY
          0  0.00966885 -0.00329933  0.00609833
-0.00966885           0  -0.0106975  0.00134874
 0.00329933   0.0106975           0   0.0182895
-0.00609833 -0.00134874  -0.0182895           0
EndNode2[0]<--->HoM1[0]
REAL
  0.413572  0.0189887 0.00188796   0.343895
 0.0189887   0.122919  0.0687013 0.00968017
0.00188796  0.0687013   0.112676 0.00029149
  0.343895 0.00968017 0.00029149   0.350832
IMAGINARY
          0  0.00802311  -0.0237683  0.00418263
-0.00802311           0   -0.012484 -0.00723941
  0.0237683    0.012484           0 -0.00802311
-0.00418263  0.00723941  0.00802311           0
Repeater1[0]<--->EndNode1[0]
REAL
       0.396   0.00705903  -0.00374812     0.329332
  0.00705903         0.12    0.0660026 -0.000665503
 -0.00374812    0.0660026        0.116  -0.00516748
    0.329332 -0.000665503  -0.00516748        0.368
IMAGINARY
          0 -0.00329933  0.00966885  0.00609833
 0.00329933           0   0.0106975   0.0182895
-0.00966885  -0.0106975           0  0.00134874
-0.00609833  -0.0182895 -0.00134874           0
Repeater1[0]<--->HoM1[0]
REAL
  0.413572 0.00188796  0.0189887   0.343895
0.00188796   0.112676  0.0687013 0.00029149
 0.0189887  0.0687013   0.122919 0.00968017
  0.343895 0.00029149 0.00968017   0.350832
IMAGINARY
          0  -0.0237683  0.00802311  0.00418263
  0.0237683           0    0.012484 -0.00802311
-0.00802311   -0.012484           0 -0.00723941
-0.00418263  0.00802311  0.00723941           0
EndNode1[0]<--->Repeater1[0]
REAL
   0.403394 -0.00590234 -0.00265157    0.334039
-0.00590234    0.133159   0.0570026 -0.00461235
-0.00265157   0.0570026    0.122715  0.00348104
   0.334039 -0.00461235  0.00348104    0.340731
IMAGINARY
          0  0.00662375 -0.00367423  0.00598731
-0.00662375           0   0.0223601 -0.00500401
 0.00367423  -0.0223601           0   0.0033896
-0.00598731  0.00500401  -0.0033896           0
EndNode2[0]<--->HoM1[0]
REAL
   0.398734 0.000907384   0.0224691    0.337486
0.000907384    0.137975   0.0741654  0.00634009
  0.0224691   0.0741654    0.111392  0.00357405
   0.337486  0.00634009  0.00357405    0.351899
IMAGINARY
          0  0.00568613  -0.0179678   0.0205419
-0.00568613           0   0.0238886  0.00371747
  0.0179678  -0.0238886           0 -0.00506655
 -0.0205419 -0.00371747  0.00506655           0
Repeater1[0]<--->EndNode1[0]
REAL
   0.403394 -0.00265157 -0.00590234    0.334039
-0.00265157    0.122715   0.0570026  0.00348104
-0.00590234   0.0570026    0.133159 -0.00461235
   0.334039  0.00348104 -0.00461235    0.340731
IMAGINARY
          0 -0.00367423  0.00662375  0.00598731
 0.00367423           0  -0.0223601   0.0033896
-0.00662375   0.0223601           0 -0.00500401
-0.00598731  -0.0033896  0.00500401           0
Repeater1[0]<--->HoM1[0]
REAL
   0.398734   0.0224691 0.000907384    0.337486
  0.0224691    0.111392   0.0741654  0.00357405
0.000907384   0.0741654    0.137975  0.00634009
   0.337486  0.00357405  0.00634009    0.351899
IMAGINARY
          0  -0.0179678  0.00568613   0.0205419
  0.0179678           0  -0.0238886 -0.00506655
-0.00568613   0.0238886           0  0.00371747
 -0.0205419  0.00506655 -0.00371747           0
EndNode1[0]<--->Repeater1[0]
REAL
   0.386889   0.0093382 -0.00892126    0.312285
  0.0093382    0.134961   0.0694633 -0.00521756
-0.00892126   0.0694633    0.106684  -0.0209063
   0.312285 -0.00521756  -0.0209063    0.371465
IMAGINARY
          0  -0.0207319 -0.00716304  0.00331672
  0.0207319           0   0.0124313 -0.00220026
 0.00716304  -0.0124313           0   0.0251014
-0.00331672  0.00220026  -0.0251014           0
EndNode2[0]<--->HoM1[0]
REAL
   0.403042  -0.0133708 -0.00265046    0.351026
 -0.0133708    0.126743   0.0710521   -0.020372
-0.00265046   0.0710521    0.108999  -0.0167355
   0.351026   -0.020372  -0.0167355    0.361217
IMAGINARY
           0  -0.00614069    0.0159954   -0.0050843
  0.00614069            0   0.00704508 -0.000843932
  -0.0159954  -0.00704508            0   -0.0155984
   0.0050843  0.000843932    0.0155984            0
Repeater1[0]<--->EndNode1[0]
REAL
   0.386889 -0.00892126   0.0093382    0.312285
-0.00892126    0.106684   0.0694633  -0.0209063
  0.0093382   0.0694633    0.134961 -0.00521756
   0.312285  -0.0209063 -0.00521756    0.371465
IMAGINARY
          0 -0.00716304  -0.0207319  0.00331672
 0.00716304           0  -0.0124313   0.0251014
  0.0207319   0.0124313           0 -0.00220026
-0.00331672  -0.0251014  0.00220026           0
Repeater1[0]<--->HoM1[0]
REAL
   0.403042 -0.00265046  -0.0133708    0.351026
-0.00265046    0.108999   0.0710521  -0.0167355
 -0.0133708   0.0710521    0.126743   -0.020372
   0.351026  -0.0167355   -0.020372    0.361217
IMAGINARY
           0    0.0159954  -0.00614069   -0.0050843
  -0.0159954            0  -0.00704508   -0.0155984
  0.00614069   0.00704508            0 -0.000843932
   0.0050843    0.0155984  0.000843932            0
EndNode1[0]<--->Repeater1[0]
REAL
   0.418204   0.0187606  0.00303085    0.310289
  0.0187606    0.116851   0.0637054    0.010374
 0.00303085   0.0637054    0.127921 -0.00803676
   0.310289    0.010374 -0.00803676    0.337023
IMAGINARY
          0 -0.00249725  0.00649494  0.00443451
 0.00249725           0  0.00312217  0.00903301
-0.00649494 -0.00312217           0    0.016783
-0.00443451 -0.00903301   -0.016783           0
EndNode2[0]<--->HoM1[0]
REAL
   0.372946  -0.0277625    0.010389    0.326563
 -0.0277625     0.10493   0.0725311 -0.00715485
   0.010389   0.0725311      0.1378  0.00512342
   0.326563 -0.00715485  0.00512342    0.384324
IMAGINARY
          0  0.00484173   0.0108188 -0.00696482
-0.00484173           0  0.00630951  0.00262207
 -0.0108188 -0.00630951           0 -0.00887398
 0.00696482 -0.00262207  0.00887398           0
Repeater1[0]<--->EndNode1[0]
REAL
   0.418204  0.00303085   0.0187606    0.310289
 0.00303085    0.127921   0.0637054 -0.00803676
  0.0187606   0.0637054    0.116851    0.010374
   0.310289 -0.00803676    0.010374    0.337023
IMAGINARY
          0  0.00649494 -0.00249725  0.00443451
-0.00649494           0 -0.00312217    0.016783
 0.00249725  0.00312217           0  0.00903301
-0.00443451   -0.016783 -0.00903301           0
Repeater1[0]<--->HoM1[0]
REAL
   0.372946    0.010389  -0.0277625    0.326563
   0.010389      0.1378   0.0725311  0.00512342
 -0.0277625   0.0725311     0.10493 -0.00715485
   0.326563  0.00512342 -0.00715485    0.384324
IMAGINARY
          0   0.0108188  0.00484173 -0.00696482
 -0.0108188           0 -0.00630951 -0.00887398
-0.00484173  0.00630951           0  0.00262207
 0.00696482  0.00887398 -0.00262207           0
EndNode1[0]<--->Repeater1[0]
REAL
   0.424725  -0.0284587  -0.0141217    0.314655
 -0.0284587    0.104039   0.0793241 -0.00812965
 -0.0141217   0.0793241    0.117503  -0.0134261
   0.314655 -0.00812965  -0.0134261    0.353733
IMAGINARY
          0  0.00178135   0.0136318  0.00562809
-0.00178135           0 -0.00884559  0.00197373
 -0.0136318  0.00884559           0   0.0200663
-0.00562809 -0.00197373  -0.0200663           0
EndNode2[0]<--->HoM1[0]
REAL
   0.417553 -0.00667917   0.0084996    0.327673
-0.00667917    0.119681   0.0684136   -0.015922
  0.0084996   0.0684136    0.117021  0.00600441
   0.327673   -0.015922  0.00600441    0.345745
IMAGINARY
          0 -0.00540942  -0.0114127  -0.0171591
 0.00540942           0   0.0159245  0.00894355
  0.0114127  -0.0159245           0  0.00170572
  0.0171591 -0.00894355 -0.00170572           0
Repeater1[0]<--->EndNode1[0]
REAL
   0.424725  -0.0141217  -0.0284587    0.314655
 -0.0141217    0.117503   0.0793241  -0.0134261
 -0.0284587   0.0793241    0.104039 -0.00812965
   0.314655  -0.0134261 -0.00812965    0.353733
IMAGINARY
          0   0.0136318  0.00178135  0.00562809
 -0.0136318           0  0.00884559   0.0200663
-0.00178135 -0.00884559           0  0.00197373
-0.00562809  -0.0200663 -0.00197373           0
Repeater1[0]<--->HoM1[0]
REAL
   0.417553   0.0084996 -0.00667917    0.327673
  0.0084996    0.117021   0.0684136  0.00600441
-0.00667917   0.0684136    0.119681   -0.015922
   0.327673  0.00600441   -0.015922    0.345745
IMAGINARY
          0  -0.0114127 -0.00540942  -0.0171591
  0.0114127           0  -0.0159245  0.00170572
 0.00540942   0.0159245           0  0.00894355
  0.0171591 -0.00170572 -0.00894355           0
EndNode1[0]<--->Repeater1[0]
REAL
   0.398693  -0.0216374 -0.00829306     0.32022
 -0.0216374    0.112418   0.0631137  -0.0122198
-0.00829306   0.0631137    0.126797  0.00753488
    0.32022  -0.0122198  0.00753488    0.362092
IMAGINARY
           0    -0.002065 -0.000899632    -0.011086
    0.002065            0   -0.0150334   0.00735958
 0.000899632    0.0150334            0   -0.0147309
    0.011086  -0.00735958    0.0147309            0
EndNode2[0]<--->HoM1[0]
REAL
    0.41067 -0.00188889   0.0105808    0.333517
-0.00188889    0.114144   0.0717331  0.00670478
  0.0105808   0.0717331    0.115385  0.00637032
   0.333517  0.00670478  0.00637032    0.359801
IMAGINARY
           0  -0.00917363 -0.000885606  -0.00388182
  0.00917363            0  -0.00254492    0.0270003
 0.000885606   0.00254492            0   -0.0156671
  0.00388182   -0.0270003    0.0156671            0
Repeater1[0]<--->EndNode1[0]
REAL
   0.398693 -0.00829306  -0.0216374     0.32022
-0.00829306    0.126797   0.0631137  0.00753488
 -0.0216374   0.0631137    0.112418  -0.0122198
    0.32022  0.00753488  -0.0122198    0.362092
IMAGINARY
           0 -0.000899632    -0.002065    -0.011086
 0.000899632            0    0.0150334   -0.0147309
    0.002065   -0.0150334            0   0.00735958
    0.011086    0.0147309  -0.00735958            0
Repeater1[0]<--->HoM1[0]
REAL
    0.41067   0.0105808 -0.00188889    0.333517
  0.0105808    0.115385   0.0717331  0.00637032
-0.00188889   0.0717331    0.114144  0.00670478
   0.333517  0.00637032  0.00670478    0.359801
IMAGINARY
           0 -0.000885606  -0.00917363  -0.00388182
 0.000885606            0   0.00254492   -0.0156671
  0.00917363  -0.00254492            0    0.0270003
  0.00388182    0.0156671   -0.0270003            0
EndNode1[0]<--->Repeater1[0]
REAL
  0.437186 0.00507464 -0.0364083   0.306434
0.00507464   0.130653  0.0762131 0.00706997
-0.0364083  0.0762131    0.11809 -0.0119411
  0.306434 0.00706997 -0.0119411    0.31407
IMAGINARY
          0  -0.0172724 -0.00265588  -0.0115567
  0.0172724           0  0.00202679  0.00330439
 0.00265588 -0.00202679           0 -0.00931645
  0.0115567 -0.00330439  0.00931645           0
EndNode2[0]<--->HoM1[0]
REAL
   0.394947   0.0259779   0.0124744    0.332614
  0.0259779    0.117021   0.0719504 -0.00210098
  0.0124744   0.0719504    0.118351  -0.0086888
   0.332614 -0.00210098  -0.0086888    0.369681
IMAGINARY
          0 -0.00244076 -0.00298768  0.00675235
 0.00244076           0   0.0135008  0.00654218
 0.00298768  -0.0135008           0  -0.0224408
-0.00675235 -0.00654218   0.0224408           0
Repeater1[0]<--->EndNode1[0]
REAL
  0.437186 -0.0364083 0.00507464   0.306434
-0.0364083    0.11809  0.0762131 -0.0119411
0.00507464  0.0762131   0.130653 0.00706997
  0.306434 -0.0119411 0.00706997    0.31407
IMAGINARY
          0 -0.00265588  -0.0172724  -0.0115567
 0.00265588           0 -0.00202679 -0.00931645
  0.0172724  0.00202679           0  0.00330439
  0.0115567  0.00931645 -0.00330439           0
Repeater1[0]<--->HoM1[0]
REAL
   0.394947   0.0124744   0.0259779    0.332614
  0.0124744    0.118351   0.0719504  -0.0086888
  0.0259779   0.0719504    0.117021 -0.00210098
   0.332614  -0.0086888 -0.00210098    0.369681
IMAGINARY
          0 -0.00298768 -0.00244076  0.00675235
 0.00298768           0  -0.0135008  -0.0224408
 0.00244076   0.0135008           0  0.00654218
-0.00675235   0.0224408 -0.00654218           0
EndNode1[0]<--->Repeater1[0]
REAL
   0.40625 -0.0119469 -0.0146225   0.314176
-0.0119469   0.122596  0.0745786  0.0249007
-0.0146225  0.0745786   0.120192 0.00287794
  0.314176  0.0249007 0.00287794   0.350962
IMAGINARY
          0   0.0091591  0.00927489  -0.0023885
 -0.0091591           0  -0.0157933   0.0195842
-0.00927489   0.0157933           0 -0.00848796
  0.0023885  -0.0195842  0.00848796           0
EndNode2[0]<--->HoM1[0]
REAL
   0.406711  -0.0107421 -0.00141769    0.341442
 -0.0107421    0.108725   0.0898163 -0.00441889
-0.00141769   0.0898163     0.12349  -0.0119557
   0.341442 -0.00441889  -0.0119557    0.361074
IMAGINARY
          0   0.0045194  0.00098775  0.00665144
 -0.0045194           0   0.0182476   0.0139667
-0.00098775  -0.0182476           0 -0.00777038
-0.00665144  -0.0139667  0.00777038           0
Repeater1[0]<--->EndNode1[0]
REAL
   0.40625 -0.0146225 -0.0119469   0.314176
-0.0146225   0.120192  0.0745786 0.00287794
-0.0119469  0.0745786   0.122596  0.0249007
  0.314176 0.00287794  0.0249007   0.350962
IMAGINARY
          0  0.00927489   0.0091591  -0.0023885
-0.00927489           0   0.0157933 -0.00848796
 -0.0091591  -0.0157933           0   0.0195842
  0.0023885  0.00848796  -0.0195842           0
Repeater1[0]<--->HoM1[0]
REAL
   0.406711 -0.00141769  -0.0107421    0.341442
-0.00141769     0.12349   0.0898163  -0.0119557
 -0.0107421   0.0898163    0.108725 -0.00441889
   0.341442  -0.0119557 -0.00441889    0.361074
IMAGINARY
          0  0.00098775   0.0045194  0.00665144
-0.00098775           0  -0.0182476 -0.00777038
 -0.0045194   0.0182476           0   0.0139667
-0.00665144  0.00777038  -0.0139667           0
EndNode1[0]<--->Repeater1[0]
REAL
 0.426396 0.0332345 0.0285685  0.319998
0.0332345  0.121827 0.0612523 0.0201815
0.0285685 0.0612523  0.110406 0.0167655
 0.319998 0.0201815 0.0167655  0.341371
IMAGINARY
          0 -0.00652075  0.00711561  0.00625569
 0.00652075           0    0.014494  -0.0173689
-0.00711561   -0.014494           0  0.00229879
-0.00625569   0.0173689 -0.00229879           0
EndNode2[0]<--->HoM1[0]
REAL
   0.401585   0.0025308  -0.0129627    0.325234
  0.0025308    0.134742   0.0825585  0.00906663
 -0.0129627   0.0825585    0.104359 -0.00772561
   0.325234  0.00906663 -0.00772561    0.359313
IMAGINARY
           0    0.0218871  0.000615091  -0.00278503
  -0.0218871            0 -0.000187625   -0.0165387
-0.000615091  0.000187625            0   0.00677536
  0.00278503    0.0165387  -0.00677536            0
Repeater1[0]<--->EndNode1[0]
REAL
 0.426396 0.0285685 0.0332345  0.319998
0.0285685  0.110406 0.0612523 0.0167655
0.0332345 0.0612523  0.121827 0.0201815
 0.319998 0.0167655 0.0201815  0.341371
IMAGINARY
          0  0.00711561 -0.00652075  0.00625569
-0.00711561           0   -0.014494  0.00229879
 0.00652075    0.014494           0  -0.0173689
-0.00625569 -0.00229879   0.0173689           0
Repeater1[0]<--->HoM1[0]
REAL
   0.401585  -0.0129627   0.0025308    0.325234
 -0.0129627    0.104359   0.0825585 -0.00772561
  0.0025308   0.0825585    0.134742  0.00906663
   0.325234 -0.00772561  0.00906663    0.359313
IMAGINARY
           0  0.000615091    0.0218871  -0.00278503
-0.000615091            0  0.000187625   0.00677536
  -0.0218871 -0.000187625            0   -0.0165387
  0.00278503  -0.00677536    0.0165387            0
EndNode1[0]<--->Repeater1[0]
REAL
  0.404066  0.0242631 -0.0136078   0.337861
 0.0242631   0.113088  0.0647938  0.0218253
-0.0136078  0.0647938   0.133418 0.00291769
  0.337861  0.0218253 0.00291769   0.349428
IMAGINARY
           0  0.000201395    0.0117042   0.00722362
-0.000201395            0    -0.011909  0.000764658
  -0.0117042     0.011909            0    0.0072799
 -0.00722362 -0.000764658   -0.0072799            0
EndNode2[0]<--->HoM1[0]
REAL
   0.369478 0.000523907   -0.011425    0.333984
0.000523907    0.128514   0.0768941 -0.00757889
  -0.011425   0.0768941    0.128514  -0.0195278
   0.333984 -0.00757889  -0.0195278    0.373494
IMAGINARY
          0  -0.0281216  0.00121144  -0.0183763
  0.0281216           0 -0.00629901  -0.0055271
-0.00121144  0.00629901           0   0.0164077
  0.0183763   0.0055271  -0.0164077           0
Repeater1[0]<--->EndNode1[0]
REAL
  0.404066 -0.0136078  0.0242631   0.337861
-0.0136078   0.133418  0.0647938 0.00291769
 0.0242631  0.0647938   0.113088  0.0218253
  0.337861 0.00291769  0.0218253   0.349428
IMAGINARY
           0    0.0117042  0.000201395   0.00722362
  -0.0117042            0     0.011909    0.0072799
-0.000201395    -0.011909            0  0.000764658
 -0.00722362   -0.0072799 -0.000764658            0
Repeater1[0]<--->HoM1[0]
REAL
   0.369478   -0.011425 0.000523907    0.333984
  -0.011425    0.128514   0.0768941  -0.0195278
0.000523907   0.0768941    0.128514 -0.00757889
   0.333984  -0.0195278 -0.00757889    0.373494
IMAGINARY
          0  0.00121144  -0.0281216  -0.0183763
-0.00121144           0  0.00629901   0.0164077
  0.0281216 -0.00629901           0  -0.0055271
  0.0183763  -0.0164077   0.0055271           0
EndNode1[0]<--->Repeater1[0]
REAL
   0.408216  0.00165247 -0.00591983    0.315968
 0.00165247    0.143774   0.0750826   0.0143504
-0.00591983   0.0750826    0.129653  0.00418411
   0.315968   0.0143504  0.00418411    0.318357
IMAGINARY
          0  -0.0191282  -0.0111377  0.00704132
  0.0191282           0    0.022895  0.00592934
  0.0111377   -0.022895           0   0.0126178
-0.00704132 -0.00592934  -0.0126178           0
EndNode2[0]<--->HoM1[0]
REAL
   0.408629  0.00805844 -0.00362864    0.339229
 0.00805844    0.111675   0.0716618   0.0160049
-0.00362864   0.0716618    0.109137  0.00431779
   0.339229   0.0160049  0.00431779    0.370558
IMAGINARY
           0    0.0180545 -0.000242171 -0.000815844
  -0.0180545            0   0.00868986    -0.015974
 0.000242171  -0.00868986            0     0.014378
 0.000815844     0.015974    -0.014378            0
Repeater1[0]<--->EndNode1[0]
REAL
   0.408216 -0.00591983  0.00165247    0.315968
-0.00591983    0.129653   0.0750826  0.00418411
 0.00165247   0.0750826    0.143774   0.0143504
   0.315968  0.00418411   0.0143504    0.318357
IMAGINARY
          0  -0.0111377  -0.0191282  0.00704132
  0.0111377           0   -0.022895   0.0126178
  0.0191282    0.022895           0  0.00592934
-0.00704132  -0.0126178 -0.00592934           0
Repeater1[0]<--->HoM1[0]
REAL
   0.408629 -0.00362864  0.00805844    0.339229
-0.00362864    0.109137   0.0716618  0.00431779
 0.00805844   0.0716618    0.111675   0.0160049
   0.339229  0.00431779   0.0160049    0.370558
IMAGINARY
           0 -0.000242171    0.0180545 -0.000815844
 0.000242171            0  -0.00868986     0.014378
  -0.0180545   0.00868986            0    -0.015974
 0.000815844    -0.014378     0.015974            0
EndNode1[0]<--->Repeater1[0]
REAL
   0.413702 -0.00716006  -0.0113224     0.30558
-0.00716006   0.0895916   0.0646003  -0.0182406
 -0.0113224   0.0646003     0.12253  -0.0159762
    0.30558  -0.0182406  -0.0159762    0.374177
IMAGINARY
          0   0.0111486  0.00613923  -0.0253879
 -0.0111486           0  -0.0216095  -0.0177372
-0.00613923   0.0216095           0   0.0172019
  0.0253879   0.0177372  -0.0172019           0
EndNode2[0]<--->HoM1[0]
REAL
  0.377693 0.00597934 -0.0125546   0.333238
0.00597934   0.117871  0.0738589 0.00545782
-0.0125546  0.0738589   0.114068  -0.020818
  0.333238 0.00545782  -0.020818   0.390368
IMAGINARY
           0  0.000796039   0.00549806    0.0064249
-0.000796039            0  -0.00188535   0.00549806
