EndNode1[0]<--->Repeater1[0]
REAL
   0.475131  -0.0135841  -0.0185875    0.406191
 -0.0135841   0.0589005   0.0132467 -0.00698797
 -0.0185875   0.0132467   0.0484293  -0.0183852
   0.406191 -0.00698797  -0.0183852    0.417539
IMAGINARY
           0   0.00972606    0.0287771  -0.00108441
 -0.00972606            0   -0.0100818 -0.000796527
  -0.0287771    0.0100818            0    -0.020675
  0.00108441  0.000796527     0.020675            0
EndNode2[0]<--->HoM1[0]
REAL
   0.496173  0.00514188 -0.00226057    0.397047
 0.00514188   0.0471939   0.0210675  0.00350127
-0.00226057   0.0210675   0.0510204  -0.0014198
   0.397047  0.00350127  -0.0014198    0.405612
IMAGINARY
           0 -0.000705031    0.0289221    0.0157832
 0.000705031            0    0.0260396  -0.00933988
  -0.0289221   -0.0260396            0   -0.0254046
  -0.0157832   0.00933988    0.0254046            0
Repeater1[0]<--->EndNode1[0]
REAL
   0.475131  -0.0185875  -0.0135841    0.406191
 -0.0185875   0.0484293   0.0132467  -0.0183852
 -0.0135841   0.0132467   0.0589005 -0.00698797
   0.406191  -0.0183852 -0.00698797    0.417539
IMAGINARY
           0    0.0287771   0.00972606  -0.00108441
  -0.0287771            0    0.0100818    -0.020675
 -0.00972606   -0.0100818            0 -0.000796527
  0.00108441     0.020675  0.000796527            0
Repeater1[0]<--->HoM1[0]
REAL
   0.496173 -0.00226057  0.00514188    0.397047
-0.00226057   0.0510204   0.0210675  -0.0014198
 0.00514188   0.0210675   0.0471939  0.00350127
   0.397047  -0.0014198  0.00350127    0.405612
IMAGINARY
           0    0.0289221 -0.000705031    0.0157832
  -0.0289221            0   -0.0260396   -0.0254046
 0.000705031    0.0260396            0  -0.00933988
  -0.0157832    0.0254046   0.00933988            0
EndNode1[0]<--->Repeater1[0]
REAL
   0.458896 -0.00586559 -0.00102706    0.410809
-0.00586559   0.0368098  0.00332587 -0.00888047
-0.00102706  0.00332587   0.0527607 -0.00272094
   0.410809 -0.00888047 -0.00272094    0.451534
IMAGINARY
           0   0.00971147  0.000889993  -0.00242268
 -0.00971147            0    0.0104972  -0.00429135
-0.000889993   -0.0104972            0    0.0154586
  0.00242268   0.00429135   -0.0154586            0
EndNode2[0]<--->HoM1[0]
REAL
    0.481529   0.00607435 -0.000645625     0.387196
  0.00607435    0.0484076    0.0149102    0.0012652
-0.000645625    0.0149102    0.0535032  0.000741016
    0.387196    0.0012652  0.000741016     0.416561
IMAGINARY
          0 -0.00667086  -0.0118333  0.00560454
 0.00667086           0   0.0128129  -0.0130709
  0.0118333  -0.0128129           0   0.0111408
-0.00560454   0.0130709  -0.0111408           0
Repeater1[0]<--->EndNode1[0]
REAL
   0.458896 -0.00102706 -0.00586559    0.410809
-0.00102706   0.0527607  0.00332587 -0.00272094
-0.00586559  0.00332587   0.0368098 -0.00888047
   0.410809 -0.00272094 -0.00888047    0.451534
IMAGINARY
           0  0.000889993   0.00971147  -0.00242268
-0.000889993            0   -0.0104972    0.0154586
 -0.00971147    0.0104972            0  -0.00429135
  0.00242268   -0.0154586   0.00429135            0
Repeater1[0]<--->HoM1[0]
REAL
    0.481529 -0.000645625   0.00607435     0.387196
-0.000645625    0.0535032    0.0149102  0.000741016
  0.00607435    0.0149102    0.0484076    0.0012652
    0.387196  0.000741016    0.0012652     0.416561
IMAGINARY
          0  -0.0118333 -0.00667086  0.00560454
  0.0118333           0  -0.0128129   0.0111408
 0.00667086   0.0128129           0  -0.0130709
-0.00560454  -0.0111408   0.0130709           0
EndNode1[0]<--->Repeater1[0]
REAL
    0.43949  -0.0040009   0.0224993     0.40312
 -0.0040009   0.0382166    0.022756  -0.0211515
  0.0224993    0.022756   0.0535032 -0.00138993
    0.40312  -0.0211515 -0.00138993     0.46879
IMAGINARY
          0 -0.00368287   0.0187931 -0.00701169
 0.00368287           0  -0.0319493  0.00916533
 -0.0187931   0.0319493           0  0.00173229
 0.00701169 -0.00916533 -0.00173229           0
EndNode2[0]<--->HoM1[0]
REAL
    0.463291 -0.000661307    0.0136611     0.386379
-0.000661307     0.043038    0.0146764  -0.00970335
   0.0136611    0.0146764    0.0556962    0.0164924
    0.386379  -0.00970335    0.0164924     0.437975
IMAGINARY
          0  0.00841836  0.00417965   0.0116959
-0.00841836           0 -0.00591927  -0.0125729
-0.00417965  0.00591927           0  -0.0036222
 -0.0116959   0.0125729   0.0036222           0
Repeater1[0]<--->EndNode1[0]
REAL
    0.43949   0.0224993  -0.0040009     0.40312
  0.0224993   0.0535032    0.022756 -0.00138993
 -0.0040009    0.022756   0.0382166  -0.0211515
    0.40312 -0.00138993  -0.0211515     0.46879
IMAGINARY
          0   0.0187931 -0.00368287 -0.00701169
 -0.0187931           0   0.0319493  0.00173229
 0.00368287  -0.0319493           0  0.00916533
 0.00701169 -0.00173229 -0.00916533           0
Repeater1[0]<--->HoM1[0]
REAL
    0.463291    0.0136611 -0.000661307     0.386379
   0.0136611    0.0556962    0.0146764    0.0164924
-0.000661307    0.0146764     0.043038  -0.00970335
    0.386379    0.0164924  -0.00970335     0.437975
IMAGINARY
          0  0.00417965  0.00841836   0.0116959
-0.00417965           0  0.00591927  -0.0036222
-0.00841836 -0.00591927           0  -0.0125729
 -0.0116959   0.0036222   0.0125729           0
EndNode1[0]<--->Repeater1[0]
REAL
   0.441748  -0.0260862 -0.00169072    0.406145
 -0.0260862   0.0461165   0.0124741  -0.0297519
-0.00169072   0.0124741   0.0558252 -0.00289035
   0.406145  -0.0297519 -0.00289035    0.456311
IMAGINARY
           0   0.00566199   0.00160689    0.0150478
 -0.00566199            0   -0.0169783  0.000924759
 -0.00160689    0.0169783            0   -0.0132569
  -0.0150478 -0.000924759    0.0132569            0
EndNode2[0]<--->HoM1[0]
REAL
   0.459426  -0.0115961 -0.00524856    0.408721
 -0.0115961   0.0649189   0.0150761     0.01327
-0.00524856   0.0150761   0.0461923  0.00223785
   0.408721     0.01327  0.00223785    0.429463
IMAGINARY
           0  -0.00646255   0.00776932   0.00794194
  0.00646255            0   -0.0066566   0.00974041
 -0.00776932    0.0066566            0 -0.000671043
 -0.00794194  -0.00974041  0.000671043            0
Repeater1[0]<--->EndNode1[0]
REAL
   0.441748 -0.00169072  -0.0260862    0.406145
-0.00169072   0.0558252   0.0124741 -0.00289035
 -0.0260862   0.0124741   0.0461165  -0.0297519
   0.406145 -0.00289035  -0.0297519    0.456311
IMAGINARY
           0   0.00160689   0.00566199    0.0150478
 -0.00160689            0    0.0169783   -0.0132569
 -0.00566199   -0.0169783            0  0.000924759
  -0.0150478    0.0132569 -0.000924759            0
Repeater1[0]<--->HoM1[0]
REAL
   0.459426 -0.00524856  -0.0115961    0.408721
-0.00524856   0.0461923   0.0150761  0.00223785
 -0.0115961   0.0150761   0.0649189     0.01327
   0.408721  0.00223785     0.01327    0.429463
IMAGINARY
           0   0.00776932  -0.00646255   0.00794194
 -0.00776932            0    0.0066566 -0.000671043
  0.00646255   -0.0066566            0   0.00974041
 -0.00794194  0.000671043  -0.00974041            0
EndNode1[0]<--->Repeater1[0]
REAL
   0.463158  0.00838957  0.00182479    0.401365
 0.00838957   0.0460526   0.0205298 -0.00886704
 0.00182479   0.0205298   0.0644737 -0.00902978
   0.401365 -0.00886704 -0.00902978    0.426316
IMAGINARY
           0    0.0030018   0.00439692  -0.00904766
  -0.0030018            0  0.000912495  -0.00316842
 -0.00439692 -0.000912495            0   0.00928321
  0.00904766   0.00316842  -0.00928321            0
EndNode2[0]<--->HoM1[0]
REAL
   0.472222 -0.00226451  -0.0115465    0.413807
-0.00226451   0.0366162   0.0232007   0.0220452
 -0.0115465   0.0232007   0.0517677  0.00751385
   0.413807   0.0220452  0.00751385    0.439394
IMAGINARY
          0  -0.0133957   0.0189303 -0.00765079
  0.0133957           0   0.0069989   0.0244704
 -0.0189303  -0.0069989           0  -0.0323831
 0.00765079  -0.0244704   0.0323831           0
Repeater1[0]<--->EndNode1[0]
REAL
   0.463158  0.00182479  0.00838957    0.401365
 0.00182479   0.0644737   0.0205298 -0.00902978
 0.00838957   0.0205298   0.0460526 -0.00886704
   0.401365 -0.00902978 -0.00886704    0.426316
IMAGINARY
           0   0.00439692    0.0030018  -0.00904766
 -0.00439692            0 -0.000912495   0.00928321
  -0.0030018  0.000912495            0  -0.00316842
  0.00904766  -0.00928321   0.00316842            0
Repeater1[0]<--->HoM1[0]
REAL
   0.472222  -0.0115465 -0.00226451    0.413807
 -0.0115465   0.0517677   0.0232007  0.00751385
-0.00226451   0.0232007   0.0366162   0.0220452
   0.413807  0.00751385   0.0220452    0.439394
IMAGINARY
          0   0.0189303  -0.0133957 -0.00765079
 -0.0189303           0  -0.0069989  -0.0323831
  0.0133957   0.0069989           0   0.0244704
 0.00765079   0.0323831  -0.0244704           0
EndNode1[0]<--->Repeater1[0]
REAL
   0.440154 -0.00900359   0.0142674    0.396522
-0.00900359   0.0579151   0.0169272  -0.0202594
  0.0142674   0.0169272   0.0514801  0.00700626
   0.396522  -0.0202594  0.00700626     0.45045
IMAGINARY
          0  0.00152579  0.00558001 -0.00103788
-0.00152579           0 -0.00229101  -0.0049463
-0.00558001  0.00229101           0   0.0117822
 0.00103788   0.0049463  -0.0117822           0
EndNode2[0]<--->HoM1[0]
REAL
   0.464714  0.00156968  0.00308963    0.400612
 0.00156968   0.0412783  0.00333507 -0.00966857
 0.00308963  0.00333507   0.0439414  -0.0147276
   0.400612 -0.00966857  -0.0147276    0.450067
IMAGINARY
          0   0.0462906  -0.0410425  0.00342501
 -0.0462906           0  -0.0301525  -0.0109377
  0.0410425   0.0301525           0   0.0118777
-0.00342501   0.0109377  -0.0118777           0
Repeater1[0]<--->EndNode1[0]
REAL
   0.440154   0.0142674 -0.00900359    0.396522
  0.0142674   0.0514801   0.0169272  0.00700626
-0.00900359   0.0169272   0.0579151  -0.0202594
   0.396522  0.00700626  -0.0202594     0.45045
IMAGINARY
          0  0.00558001  0.00152579 -0.00103788
-0.00558001           0  0.00229101   0.0117822
-0.00152579 -0.00229101           0  -0.0049463
 0.00103788  -0.0117822   0.0049463           0
Repeater1[0]<--->HoM1[0]
REAL
   0.464714  0.00308963  0.00156968    0.400612
 0.00308963   0.0439414  0.00333507  -0.0147276
 0.00156968  0.00333507   0.0412783 -0.00966857
   0.400612  -0.0147276 -0.00966857    0.450067
IMAGINARY
          0  -0.0410425   0.0462906  0.00342501
  0.0410425           0   0.0301525   0.0118777
 -0.0462906  -0.0301525           0  -0.0109377
-0.00342501  -0.0118777   0.0109377           0
EndNode1[0]<--->Repeater1[0]
REAL
   0.424442 -0.00536298 -0.00620868    0.400347
-0.00536298   0.0578187   0.0143819  0.00233271
-0.00620868   0.0143819   0.0499343  0.00407099
   0.400347  0.00233271  0.00407099    0.467806
IMAGINARY
          0 -0.00584795   0.0248464 -0.00683673
 0.00584795           0   0.0139703  0.00272251
 -0.0248464  -0.0139703           0  0.00208855
 0.00683673 -0.00272251 -0.00208855           0
EndNode2[0]<--->HoM1[0]
REAL
    0.490566  -0.00716969 -0.000664361     0.407868
 -0.00716969    0.0566038    0.0182976  -0.00710766
-0.000664361    0.0182976    0.0578616  -0.00966969
    0.407868  -0.00710766  -0.00966969     0.394969
IMAGINARY
           0    -0.011235  0.000429366  -0.00712712
    0.011235            0   -0.0134403   -0.0108588
-0.000429366    0.0134403            0    0.0241185
  0.00712712    0.0108588   -0.0241185            0
Repeater1[0]<--->EndNode1[0]
REAL
   0.424442 -0.00620868 -0.00536298    0.400347
-0.00620868   0.0499343   0.0143819  0.00407099
-0.00536298   0.0143819   0.0578187  0.00233271
   0.400347  0.00407099  0.00233271    0.467806
IMAGINARY
          0   0.0248464 -0.00584795 -0.00683673
 -0.0248464           0  -0.0139703  0.00208855
 0.00584795   0.0139703           0  0.00272251
 0.00683673 -0.00208855 -0.00272251           0
Repeater1[0]<--->HoM1[0]
REAL
    0.490566 -0.000664361  -0.00716969     0.407868
-0.000664361    0.0578616    0.0182976  -0.00966969
 -0.00716969    0.0182976    0.0566038  -0.00710766
    0.407868  -0.00966969  -0.00710766     0.394969
IMAGINARY
           0  0.000429366    -0.011235  -0.00712712
-0.000429366            0    0.0134403    0.0241185
    0.011235   -0.0134403            0   -0.0108588
  0.00712712   -0.0241185    0.0108588            0
EndNode1[0]<--->Repeater1[0]
REAL
    0.471722   -0.0117015    0.0235281     0.420654
  -0.0117015    0.0578406  -0.00502146   -0.0260095
   0.0235281  -0.00502146    0.0565553 -0.000705414
    0.420654   -0.0260095 -0.000705414     0.413882
IMAGINARY
          0   0.0137599   0.0107456  -0.0127345
 -0.0137599           0  0.00842949 -0.00534019
 -0.0107456 -0.00842949           0 -0.00970582
  0.0127345  0.00534019  0.00970582           0
EndNode2[0]<--->HoM1[0]
REAL
   0.448408 -0.00029713  0.00253208    0.418207
-0.00029713   0.0598726    0.016487   0.0294407
 0.00253208    0.016487   0.0471338   0.0322699
   0.418207   0.0294407   0.0322699    0.444586
IMAGINARY
           0 -2.08613e-05   -0.0105102    0.0145873
 2.08613e-05            0    0.0111859    0.0203382
   0.0105102   -0.0111859            0   -0.0245492
  -0.0145873   -0.0203382    0.0245492            0
Repeater1[0]<--->EndNode1[0]
REAL
    0.471722    0.0235281   -0.0117015     0.420654
   0.0235281    0.0565553  -0.00502146 -0.000705414
  -0.0117015  -0.00502146    0.0578406   -0.0260095
    0.420654 -0.000705414   -0.0260095     0.413882
IMAGINARY
          0   0.0107456   0.0137599  -0.0127345
 -0.0107456           0 -0.00842949 -0.00970582
 -0.0137599  0.00842949           0 -0.00534019
  0.0127345  0.00970582  0.00534019           0
Repeater1[0]<--->HoM1[0]
REAL
   0.448408  0.00253208 -0.00029713    0.418207
 0.00253208   0.0471338    0.016487   0.0322699
-0.00029713    0.016487   0.0598726   0.0294407
   0.418207   0.0322699   0.0294407    0.444586
IMAGINARY
           0   -0.0105102 -2.08613e-05    0.0145873
   0.0105102            0   -0.0111859   -0.0245492
 2.08613e-05    0.0111859            0    0.0203382
  -0.0145873    0.0245492   -0.0203382            0
EndNode1[0]<--->Repeater1[0]
REAL
   0.465026  -0.0161626  -0.0134436     0.40635
 -0.0161626   0.0531088   0.0169147 -0.00299975
 -0.0134436   0.0169147   0.0569948 0.000937264
    0.40635 -0.00299975 0.000937264     0.42487
IMAGINARY
           0   0.00115724   0.00419492 -0.000702657
 -0.00115724            0    0.0131862   0.00686159
 -0.00419492   -0.0131862            0   -0.0171278
 0.000702657  -0.00686159    0.0171278            0
EndNode2[0]<--->HoM1[0]
REAL
  0.461929   0.013698 -0.0134223    0.40588
  0.013698  0.0520305  0.0127984 0.00770442
-0.0134223  0.0127984  0.0507614 -0.0143333
   0.40588 0.00770442 -0.0143333   0.435279
IMAGINARY
           0   -0.0100899   0.00303186  -0.00654997
   0.0100899            0   -0.0108763  -0.00240293
 -0.00303186    0.0108763            0  0.000655965
  0.00654997   0.00240293 -0.000655965            0
Repeater1[0]<--->EndNode1[0]
REAL
   0.465026  -0.0134436  -0.0161626     0.40635
 -0.0134436   0.0569948   0.0169147 0.000937264
 -0.0161626   0.0169147   0.0531088 -0.00299975
    0.40635 0.000937264 -0.00299975     0.42487
IMAGINARY
           0   0.00419492   0.00115724 -0.000702657
 -0.00419492            0   -0.0131862   -0.0171278
 -0.00115724    0.0131862            0   0.00686159
 0.000702657    0.0171278  -0.00686159            0
Repeater1[0]<--->HoM1[0]
REAL
  0.461929 -0.0134223   0.013698    0.40588
-0.0134223  0.0507614  0.0127984 -0.0143333
  0.013698  0.0127984  0.0520305 0.00770442
   0.40588 -0.0143333 0.00770442   0.435279
IMAGINARY
           0   0.00303186   -0.0100899  -0.00654997
 -0.00303186            0    0.0108763  0.000655965
   0.0100899   -0.0108763            0  -0.00240293
  0.00654997 -0.000655965   0.00240293            0
EndNode1[0]<--->Repeater1[0]
REAL
   0.487179 -0.00586869  0.00102864    0.408053
-0.00586869   0.0525641   0.0031682 -0.00164516
 0.00102864   0.0031682        0.05  0.00771826
   0.408053 -0.00164516  0.00771826    0.410256
IMAGINARY
          0 -0.00633867 -0.00492663  0.00325608
 0.00633867           0     0.01205  0.00621198
 0.00492663    -0.01205           0   0.0127654
-0.00325608 -0.00621198  -0.0127654           0
EndNode2[0]<--->HoM1[0]
REAL
   0.459459 -0.00565272 -0.00513206     0.40501
-0.00565272   0.0527671   0.0225068 -0.00761962
-0.00513206   0.0225068   0.0579151  -0.0124681
    0.40501 -0.00761962  -0.0124681    0.429858
IMAGINARY
           0  -0.00485098   -0.0176343   -0.0123636
  0.00485098            0  0.000230818    0.0208272
   0.0176343 -0.000230818            0  -0.00345042
   0.0123636   -0.0208272   0.00345042            0
Repeater1[0]<--->EndNode1[0]
REAL
   0.487179  0.00102864 -0.00586869    0.408053
 0.00102864        0.05   0.0031682  0.00771826
-0.00586869   0.0031682   0.0525641 -0.00164516
   0.408053  0.00771826 -0.00164516    0.410256
IMAGINARY
          0 -0.00492663 -0.00633867  0.00325608
 0.00492663           0    -0.01205   0.0127654
 0.00633867     0.01205           0  0.00621198
-0.00325608  -0.0127654 -0.00621198           0
Repeater1[0]<--->HoM1[0]
REAL
   0.459459 -0.00513206 -0.00565272     0.40501
-0.00513206   0.0579151   0.0225068  -0.0124681
-0.00565272   0.0225068   0.0527671 -0.00761962
    0.40501  -0.0124681 -0.00761962    0.429858
IMAGINARY
           0   -0.0176343  -0.00485098   -0.0123636
   0.0176343            0 -0.000230818  -0.00345042
  0.00485098  0.000230818            0    0.0208272
   0.0123636   0.00345042   -0.0208272            0
EndNode1[0]<--->Repeater1[0]
REAL
  0.441103  0.0209426  0.0162362   0.409299
 0.0209426  0.0526316  0.0126153  0.0102121
 0.0162362  0.0126153   0.056391 0.00298683
  0.409299  0.0102121 0.00298683   0.449875
IMAGINARY
           0     0.010629   -0.0128815   -0.0124913
   -0.010629            0   -0.0035945    0.0103305
   0.0128815    0.0035945            0  0.000850617
   0.0124913   -0.0103305 -0.000850617            0
EndNode2[0]<--->HoM1[0]
REAL
  0.415423  0.0257489  0.0261828   0.397737
 0.0257489  0.0485075  0.0141052 0.00934347
 0.0261828  0.0141052  0.0646766 0.00846165
  0.397737 0.00934347 0.00846165   0.471393
IMAGINARY
           0   0.00402741   0.00986227   0.00912062
 -0.00402741            0   0.00848042 -0.000910862
 -0.00986227  -0.00848042            0   -0.0142576
 -0.00912062  0.000910862    0.0142576            0
Repeater1[0]<--->EndNode1[0]
REAL
  0.441103  0.0162362  0.0209426   0.409299
 0.0162362   0.056391  0.0126153 0.00298683
 0.0209426  0.0126153  0.0526316  0.0102121
  0.409299 0.00298683  0.0102121   0.449875
IMAGINARY
           0   -0.0128815     0.010629   -0.0124913
   0.0128815            0    0.0035945  0.000850617
   -0.010629   -0.0035945            0    0.0103305
   0.0124913 -0.000850617   -0.0103305            0
Repeater1[0]<--->HoM1[0]
REAL
  0.415423  0.0261828  0.0257489   0.397737
 0.0261828  0.0646766  0.0141052 0.00846165
 0.0257489  0.0141052  0.0485075 0.00934347
  0.397737 0.00846165 0.00934347   0.471393
IMAGINARY
           0   0.00986227   0.00402741   0.00912062
 -0.00986227            0  -0.00848042   -0.0142576
 -0.00402741   0.00848042            0 -0.000910862
 -0.00912062    0.0142576  0.000910862            0
EndNode1[0]<--->Repeater1[0]
REAL
    0.463504  -0.00270818 -0.000659631     0.403221
 -0.00270818    0.0583942    0.0143322  0.000659631
-0.000659631    0.0143322    0.0474453  -0.00793011
    0.403221  0.000659631  -0.00793011     0.430657
IMAGINARY
           0  -0.00163623    0.0064992  0.000776609
  0.00163623            0  -0.00474486  -0.00271132
  -0.0064992   0.00474486            0   0.00542411
-0.000776609   0.00271132  -0.00542411            0
EndNode2[0]<--->HoM1[0]
REAL
    0.452037  0.000161381 -0.000982962     0.406391
 0.000161381    0.0538765   0.00757387  0.000982962
-0.000982962   0.00757387    0.0512484    0.0110606
    0.406391  0.000982962    0.0110606     0.442838
IMAGINARY
          0   0.0229987  -0.0393502  0.00736536
 -0.0229987           0  0.00106525 -0.00729893
  0.0393502 -0.00106525           0   0.0223364
-0.00736536  0.00729893  -0.0223364           0
Repeater1[0]<--->EndNode1[0]
REAL
    0.463504 -0.000659631  -0.00270818     0.403221
-0.000659631    0.0474453    0.0143322  -0.00793011
 -0.00270818    0.0143322    0.0583942  0.000659631
    0.403221  -0.00793011  0.000659631     0.430657
IMAGINARY
           0    0.0064992  -0.00163623  0.000776609
  -0.0064992            0   0.00474486   0.00542411
  0.00163623  -0.00474486            0  -0.00271132
-0.000776609  -0.00542411   0.00271132            0
Repeater1[0]<--->HoM1[0]
REAL
    0.452037 -0.000982962  0.000161381     0.406391
-0.000982962    0.0512484   0.00757387    0.0110606
 0.000161381   0.00757387    0.0538765  0.000982962
    0.406391    0.0110606  0.000982962     0.442838
IMAGINARY
          0  -0.0393502   0.0229987  0.00736536
  0.0393502           0 -0.00106525   0.0223364
 -0.0229987  0.00106525           0 -0.00729893
-0.00736536  -0.0223364  0.00729893           0
EndNode1[0]<--->Repeater1[0]
REAL
   0.449575   0.0197713 0.000187769    0.396124
  0.0197713   0.0595383   0.0118048   0.0368966
0.000187769   0.0118048   0.0534629   0.0275433
   0.396124   0.0368966   0.0275433    0.437424
IMAGINARY
          0 -0.00452414  0.00613925   -0.012109
 0.00452414           0  -0.0290051  0.00028749
-0.00613925   0.0290051           0  -0.0147561
   0.012109 -0.00028749   0.0147561           0
EndNode2[0]<--->HoM1[0]
REAL
  0.417464 0.00206767  -0.010719   0.407169
0.00206767  0.0562201  0.0166403 0.00187546
 -0.010719  0.0166403  0.0526316 -0.0163534
  0.407169 0.00187546 -0.0163534   0.473684
IMAGINARY
          0  -0.0237725  0.00645756  -0.0154723
  0.0237725           0  0.00952774  0.00645756
-0.00645756 -0.00952774           0  0.00224724
  0.0154723 -0.00645756 -0.00224724           0
Repeater1[0]<--->EndNode1[0]
REAL
   0.449575 0.000187769   0.0197713    0.396124
0.000187769   0.0534629   0.0118048   0.0275433
  0.0197713   0.0118048   0.0595383   0.0368966
   0.396124   0.0275433   0.0368966    0.437424
IMAGINARY
          0  0.00613925 -0.00452414   -0.012109
-0.00613925           0   0.0290051  -0.0147561
 0.00452414  -0.0290051           0  0.00028749
   0.012109   0.0147561 -0.00028749           0
Repeater1[0]<--->HoM1[0]
REAL
  0.417464  -0.010719 0.00206767   0.407169
 -0.010719  0.0526316  0.0166403 -0.0163534
0.00206767  0.0166403  0.0562201 0.00187546
  0.407169 -0.0163534 0.00187546   0.473684
IMAGINARY
          0  0.00645756  -0.0237725  -0.0154723
-0.00645756           0 -0.00952774  0.00224724
  0.0237725  0.00952774           0  0.00645756
  0.0154723 -0.00224724 -0.00645756           0
EndNode1[0]<--->Repeater1[0]
REAL
    0.43038 -0.00235779 -0.00689703    0.402726
-0.00235779   0.0493671   0.0148632  0.00997206
-0.00689703   0.0148632   0.0468354  0.00666283
   0.402726  0.00997206  0.00666283    0.473418
IMAGINARY
         0  -0.021295 -0.0117273  0.0166187
  0.021295          0  -0.014048  0.0104081
 0.0117273   0.014048          0  0.0186565
-0.0166187 -0.0104081 -0.0186565          0
EndNode2[0]<--->HoM1[0]
REAL
  0.461063 -0.0117618  0.0105873   0.399107
-0.0117618  0.0568603 0.00313846 0.00328321
 0.0105873 0.00313846  0.0432633  0.0203483
  0.399107 0.00328321  0.0203483   0.438813
IMAGINARY
           0  -0.00431238  -0.00270901 -6.03144e-05
  0.00431238            0   0.00988993   -0.0096447
  0.00270901  -0.00988993            0    0.0140653
 6.03144e-05    0.0096447   -0.0140653            0
Repeater1[0]<--->EndNode1[0]
REAL
    0.43038 -0.00689703 -0.00235779    0.402726
-0.00689703   0.0468354   0.0148632  0.00666283
-0.00235779   0.0148632   0.0493671  0.00997206
   0.402726  0.00666283  0.00997206    0.473418
IMAGINARY
         0 -0.0117273  -0.021295  0.0166187
 0.0117273          0   0.014048  0.0186565
  0.021295  -0.014048          0  0.0104081
-0.0166187 -0.0186565 -0.0104081          0
Repeater1[0]<--->HoM1[0]
REAL
  0.461063  0.0105873 -0.0117618   0.399107
 0.0105873  0.0432633 0.00313846  0.0203483
-0.0117618 0.00313846  0.0568603 0.00328321
  0.399107  0.0203483 0.00328321   0.438813
IMAGINARY
           0  -0.00270901  -0.00431238 -6.03144e-05
  0.00270901            0  -0.00988993    0.0140653
  0.00431238   0.00988993            0   -0.0096447
 6.03144e-05   -0.0140653    0.0096447            0
EndNode1[0]<--->Repeater1[0]
REAL
    0.477243   0.00960003 -0.000980392     0.405776
  0.00960003    0.0429129    0.0301719 -0.000980392
-0.000980392    0.0301719    0.0481144   0.00281827
    0.405776 -0.000980392   0.00281827      0.43173
IMAGINARY
           0     0.022508   -0.0145517  -0.00744526
   -0.022508            0  0.000813956    0.0012667
   0.0145517 -0.000813956            0   0.00164661
  0.00744526   -0.0012667  -0.00164661            0
EndNode2[0]<--->HoM1[0]
REAL
   0.479487  -0.0042826  0.00437506      0.4051
 -0.0042826   0.0410256   0.0126545 -0.00176409
 0.00437506   0.0126545   0.0423077   0.0160319
     0.4051 -0.00176409   0.0160319    0.437179
IMAGINARY
          0  -0.0138247 -0.00117331   0.0242344
  0.0138247           0 -0.00433706   0.0107764
 0.00117331  0.00433706           0 -0.00602161
 -0.0242344  -0.0107764  0.00602161           0
Repeater1[0]<--->EndNode1[0]
REAL
    0.477243 -0.000980392   0.00960003     0.405776
-0.000980392    0.0481144    0.0301719   0.00281827
  0.00960003    0.0301719    0.0429129 -0.000980392
    0.405776   0.00281827 -0.000980392      0.43173
IMAGINARY
           0   -0.0145517     0.022508  -0.00744526
   0.0145517            0 -0.000813956   0.00164661
   -0.022508  0.000813956            0    0.0012667
  0.00744526  -0.00164661   -0.0012667            0
Repeater1[0]<--->HoM1[0]
REAL
   0.479487  0.00437506  -0.0042826      0.4051
 0.00437506   0.0423077   0.0126545   0.0160319
 -0.0042826   0.0126545   0.0410256 -0.00176409
     0.4051   0.0160319 -0.00176409    0.437179
IMAGINARY
          0 -0.00117331  -0.0138247   0.0242344
 0.00117331           0  0.00433706 -0.00602161
  0.0138247 -0.00433706           0   0.0107764
 -0.0242344  0.00602161  -0.0107764           0
EndNode1[0]<--->Repeater1[0]
REAL
  0.434406  0.0164861 -0.0150579   0.396234
 0.0164861  0.0556931  0.0119156  0.0118238
-0.0150579  0.0119156   0.049505 -0.0184266
  0.396234  0.0118238 -0.0184266   0.460396
IMAGINARY
          0    0.010184  0.00611148   0.0051722
  -0.010184           0  -0.0151324  0.00674199
-0.00611148   0.0151324           0   -0.010184
 -0.0051722 -0.00674199    0.010184           0
EndNode2[0]<--->HoM1[0]
REAL
   0.434548 -0.00524989 -0.00402564    0.405553
-0.00524989   0.0391363   0.0101101 -0.00467583
-0.00402564   0.0101101   0.0526316    0.011274
   0.405553 -0.00467583    0.011274    0.473684
IMAGINARY
          0   0.0102876   -0.001634  0.00734397
 -0.0102876           0  0.00607493  -0.0064089
   0.001634 -0.00607493           0    0.016522
-0.00734397   0.0064089   -0.016522           0
Repeater1[0]<--->EndNode1[0]
REAL
  0.434406 -0.0150579  0.0164861   0.396234
-0.0150579   0.049505  0.0119156 -0.0184266
 0.0164861  0.0119156  0.0556931  0.0118238
  0.396234 -0.0184266  0.0118238   0.460396
IMAGINARY
          0  0.00611148    0.010184   0.0051722
-0.00611148           0   0.0151324   -0.010184
  -0.010184  -0.0151324           0  0.00674199
 -0.0051722    0.010184 -0.00674199           0
Repeater1[0]<--->HoM1[0]
REAL
   0.434548 -0.00402564 -0.00524989    0.405553
-0.00402564   0.0526316   0.0101101    0.011274
-0.00524989   0.0101101   0.0391363 -0.00467583
   0.405553    0.011274 -0.00467583    0.473684
IMAGINARY
          0   -0.001634   0.0102876  0.00734397
   0.001634           0 -0.00607493    0.016522
 -0.0102876  0.00607493           0  -0.0064089
-0.00734397   -0.016522   0.0064089           0
EndNode1[0]<--->Repeater1[0]
REAL
   0.454902 -0.00628559 -0.00664112    0.403046
-0.00628559   0.0509804   0.0216027 -0.00293742
-0.00664112   0.0216027   0.0431373   0.0133099
   0.403046 -0.00293742   0.0133099     0.45098
IMAGINARY
          0  0.00629129   0.0104623  -0.0272769
-0.00629129           0   0.0192818 -0.00273033
 -0.0104623  -0.0192818           0  -0.0140233
  0.0272769  0.00273033   0.0140233           0
EndNode2[0]<--->HoM1[0]
REAL
   0.480305 -0.00435395 -0.00549593    0.406517
-0.00435395    0.047014   0.0134826   0.0148293
-0.00549593   0.0134826   0.0406607   0.0136873
   0.406517   0.0148293   0.0136873     0.43202
IMAGINARY
          0 -0.00872499  -0.0143035   0.0120109
 0.00872499           0  0.00275163   0.0317164
  0.0143035 -0.00275163           0  -0.0236133
 -0.0120109  -0.0317164   0.0236133           0
Repeater1[0]<--->EndNode1[0]
REAL
   0.454902 -0.00664112 -0.00628559    0.403046
-0.00664112   0.0431373   0.0216027   0.0133099
-0.00628559   0.0216027   0.0509804 -0.00293742
   0.403046   0.0133099 -0.00293742     0.45098
IMAGINARY
          0   0.0104623  0.00629129  -0.0272769
 -0.0104623           0  -0.0192818  -0.0140233
-0.00629129   0.0192818           0 -0.00273033
  0.0272769   0.0140233  0.00273033           0
Repeater1[0]<--->HoM1[0]
REAL
   0.480305 -0.00549593 -0.00435395    0.406517
-0.00549593   0.0406607   0.0134826   0.0136873
-0.00435395   0.0134826    0.047014   0.0148293
   0.406517   0.0136873   0.0148293     0.43202
IMAGINARY
          0  -0.0143035 -0.00872499   0.0120109
  0.0143035           0 -0.00275163  -0.0236133
 0.00872499  0.00275163           0   0.0317164
 -0.0120109   0.0236133  -0.0317164           0
EndNode1[0]<--->Repeater1[0]
REAL
      0.4601  -0.00356172   0.00831565     0.401569
 -0.00356172    0.0598504  0.000287356  -0.00168435
  0.00831565  0.000287356    0.0473815 -0.000417063
    0.401569  -0.00168435 -0.000417063     0.432668
IMAGINARY
           0   -0.0108841    0.0036284    0.0233696
   0.0108841            0  -0.00163043  0.000217756
  -0.0036284   0.00163043            0   0.00319179
  -0.0233696 -0.000217756  -0.00319179            0
EndNode2[0]<--->HoM1[0]
REAL
   0.421642 -0.00986352  0.00526366    0.408518
-0.00986352   0.0547264   0.0190371 -0.00849781
 0.00526366   0.0190371   0.0485075  0.00145472
   0.408518 -0.00849781  0.00145472    0.475124
IMAGINARY
          0   0.0117762  -0.0212337   0.0022201
 -0.0117762           0  0.00900185 -0.00340013
  0.0212337 -0.00900185           0   0.0168523
 -0.0022201  0.00340013  -0.0168523           0
Repeater1[0]<--->EndNode1[0]
REAL
      0.4601   0.00831565  -0.00356172     0.401569
  0.00831565    0.0473815  0.000287356 -0.000417063
 -0.00356172  0.000287356    0.0598504  -0.00168435
    0.401569 -0.000417063  -0.00168435     0.432668
IMAGINARY
           0    0.0036284   -0.0108841    0.0233696
  -0.0036284            0   0.00163043   0.00319179
   0.0108841  -0.00163043            0  0.000217756
  -0.0233696  -0.00319179 -0.000217756            0
Repeater1[0]<--->HoM1[0]
REAL
   0.421642  0.00526366 -0.00986352    0.408518
 0.00526366   0.0485075   0.0190371  0.00145472
-0.00986352   0.0190371   0.0547264 -0.00849781
   0.408518  0.00145472 -0.00849781    0.475124
IMAGINARY
          0  -0.0212337   0.0117762   0.0022201
  0.0212337           0 -0.00900185   0.0168523
 -0.0117762  0.00900185           0 -0.00340013
 -0.0022201  -0.0168523  0.00340013           0
EndNode1[0]<--->Repeater1[0]
REAL
    0.45398   -0.008153  -0.0085789    0.397189
  -0.008153   0.0497512   0.0247059 -0.00614581
 -0.0085789   0.0247059   0.0609453   0.0075128
   0.397189 -0.00614581   0.0075128    0.435323
IMAGINARY
          0    0.005471 -0.00095391   -0.013172
  -0.005471           0  -0.0182871  -0.0185092
 0.00095391   0.0182871           0 -0.00345757
   0.013172   0.0185092  0.00345757           0
EndNode2[0]<--->HoM1[0]
REAL
   0.463158  -0.0375971  -0.0186901    0.404952
 -0.0375971    0.051462   0.0238151 -0.00596744
 -0.0186901   0.0238151   0.0397661   0.0019807
   0.404952 -0.00596744   0.0019807    0.445614
IMAGINARY
           0 -0.000260353  -0.00968992   -0.0219377
 0.000260353            0   0.00629316   0.00452196
  0.00968992  -0.00629316            0  -0.00232363
   0.0219377  -0.00452196   0.00232363            0
Repeater1[0]<--->EndNode1[0]
REAL
    0.45398  -0.0085789   -0.008153    0.397189
 -0.0085789   0.0609453   0.0247059   0.0075128
  -0.008153   0.0247059   0.0497512 -0.00614581
   0.397189   0.0075128 -0.00614581    0.435323
IMAGINARY
          0 -0.00095391    0.005471   -0.013172
 0.00095391           0   0.0182871 -0.00345757
  -0.005471  -0.0182871           0  -0.0185092
   0.013172  0.00345757   0.0185092           0
Repeater1[0]<--->HoM1[0]
REAL
   0.463158  -0.0186901  -0.0375971    0.404952
 -0.0186901   0.0397661   0.0238151   0.0019807
 -0.0375971   0.0238151    0.051462 -0.00596744
   0.404952   0.0019807 -0.00596744    0.445614
IMAGINARY
           0  -0.00968992 -0.000260353   -0.0219377
  0.00968992            0  -0.00629316  -0.00232363
 0.000260353   0.00629316            0   0.00452196
   0.0219377   0.00232363  -0.00452196            0
EndNode1[0]<--->Repeater1[0]
REAL
  0.437908  0.0218308 0.00451387   0.395489
 0.0218308   0.054902 0.00823391  0.0153834
0.00451387 0.00823391  0.0575163 0.00705243
  0.395489  0.0153834 0.00705243   0.449673
IMAGINARY
           0    0.0110978  -0.00139557    0.0095941
  -0.0110978            0    0.0196612  -0.00963384
  0.00139557   -0.0196612            0 -6.84207e-05
  -0.0095941   0.00963384  6.84207e-05            0
EndNode2[0]<--->HoM1[0]
REAL
   0.464684   0.0027606  -0.0170512    0.406403
  0.0027606    0.047088 0.000980892   0.0139223
 -0.0170512 0.000980892   0.0520446    0.004123
   0.406403   0.0139223    0.004123    0.436183
IMAGINARY
           0  0.000577547    0.0184249 -0.000645594
-0.000577547            0   0.00189248   0.00238214
  -0.0184249  -0.00189248            0   -0.0251677
 0.000645594  -0.00238214    0.0251677            0
Repeater1[0]<--->EndNode1[0]
REAL
  0.437908 0.00451387  0.0218308   0.395489
0.00451387  0.0575163 0.00823391 0.00705243
 0.0218308 0.00823391   0.054902  0.0153834
  0.395489 0.00705243  0.0153834   0.449673
IMAGINARY
           0  -0.00139557    0.0110978    0.0095941
  0.00139557            0   -0.0196612 -6.84207e-05
  -0.0110978    0.0196612            0  -0.00963384
  -0.0095941  6.84207e-05   0.00963384            0
Repeater1[0]<--->HoM1[0]
REAL
   0.464684  -0.0170512   0.0027606    0.406403
 -0.0170512   0.0520446 0.000980892    0.004123
  0.0027606 0.000980892    0.047088   0.0139223
   0.406403    0.004123   0.0139223    0.436183
IMAGINARY
           0    0.0184249  0.000577547 -0.000645594
  -0.0184249            0  -0.00189248   -0.0251677
-0.000577547   0.00189248            0   0.00238214
 0.000645594    0.0251677  -0.00238214            0
EndNode1[0]<--->Repeater1[0]
REAL
    0.461923 -0.000379206   -0.0122599     0.410878
-0.000379206    0.0549313    0.0178685   -0.0135386
  -0.0122599    0.0178685    0.0611735   -0.0131343
    0.410878   -0.0135386   -0.0131343     0.421973
IMAGINARY
           0   -0.0167072    0.0143615    0.0041883
   0.0167072            0 -0.000484597  -0.00366252
  -0.0143615  0.000484597            0  -0.00683063
  -0.0041883   0.00366252   0.00683063            0
EndNode2[0]<--->HoM1[0]
REAL
   0.448684 -0.00516405  0.00607538    0.389005
-0.00516405   0.0539474   0.0161234  -0.0163318
 0.00607538   0.0161234   0.0592105   -0.020477
   0.389005  -0.0163318   -0.020477    0.438158
IMAGINARY
          0 -0.00223804    0.014332  0.00812406
 0.00223804           0  0.00680131  -0.0107001
  -0.014332 -0.00680131           0   0.0167659
-0.00812406   0.0107001  -0.0167659           0
Repeater1[0]<--->EndNode1[0]
REAL
    0.461923   -0.0122599 -0.000379206     0.410878
  -0.0122599    0.0611735    0.0178685   -0.0131343
-0.000379206    0.0178685    0.0549313   -0.0135386
    0.410878   -0.0131343   -0.0135386     0.421973
IMAGINARY
           0    0.0143615   -0.0167072    0.0041883
  -0.0143615            0  0.000484597  -0.00683063
   0.0167072 -0.000484597            0  -0.00366252
  -0.0041883   0.00683063   0.00366252            0
Repeater1[0]<--->HoM1[0]
REAL
   0.448684  0.00607538 -0.00516405    0.389005
 0.00607538   0.0592105   0.0161234   -0.020477
-0.00516405   0.0161234   0.0539474  -0.0163318
   0.389005   -0.020477  -0.0163318    0.438158
IMAGINARY
          0    0.014332 -0.00223804  0.00812406
  -0.014332           0 -0.00680131   0.0167659
 0.00223804  0.00680131           0  -0.0107001
-0.00812406  -0.0167659   0.0107001           0
EndNode1[0]<--->Repeater1[0]
REAL
   0.451351 -0.00381983 -0.00254189    0.409958
-0.00381983   0.0527027  0.00983485  0.00448238
-0.00254189  0.00983485   0.0472973 -0.00200165
   0.409958  0.00448238 -0.00200165    0.448649
IMAGINARY
          0 -0.00611238  -0.0051467  0.00116611
 0.00611238           0  -0.0236661   0.0180937
  0.0051467   0.0236661           0  -0.0203981
-0.00116611  -0.0180937   0.0203981           0
EndNode2[0]<--->HoM1[0]
REAL
   0.444444  -0.0290084 -0.00446001    0.403058
 -0.0290084   0.0514905   0.0252528  0.00142234
-0.00446001   0.0252528   0.0501355    0.012605
   0.403058  0.00142234    0.012605     0.45393
IMAGINARY
          0  -0.0111431 -0.00523461  -0.0198763
  0.0111431           0  0.00650727  0.00274085
 0.00523461 -0.00650727           0 -0.00381951
  0.0198763 -0.00274085  0.00381951           0
Repeater1[0]<--->EndNode1[0]
REAL
   0.451351 -0.00254189 -0.00381983    0.409958
-0.00254189   0.0472973  0.00983485 -0.00200165
-0.00381983  0.00983485   0.0527027  0.00448238
   0.409958 -0.00200165  0.00448238    0.448649
IMAGINARY
          0  -0.0051467 -0.00611238  0.00116611
  0.0051467           0   0.0236661  -0.0203981
 0.00611238  -0.0236661           0   0.0180937
-0.00116611   0.0203981  -0.0180937           0
Repeater1[0]<--->HoM1[0]
REAL
   0.444444 -0.00446001  -0.0290084    0.403058
-0.00446001   0.0501355   0.0252528    0.012605
 -0.0290084   0.0252528   0.0514905  0.00142234
   0.403058    0.012605  0.00142234     0.45393
IMAGINARY
          0 -0.00523461  -0.0111431  -0.0198763
 0.00523461           0 -0.00650727 -0.00381951
  0.0111431  0.00650727           0  0.00274085
  0.0198763  0.00381951 -0.00274085           0
EndNode1[0]<--->Repeater1[0]
REAL
   0.442133  0.00161245 -0.00483941    0.401175
 0.00161245   0.0416125   0.0218019  0.00745037
-0.00483941   0.0218019   0.0572172  0.00491496
   0.401175  0.00745037  0.00491496    0.459038
IMAGINARY
          0   0.0172988  -0.0122572  0.00571573
 -0.0172988           0 -0.00314503  0.00079762
  0.0122572  0.00314503           0 -0.00342663
-0.00571573 -0.00079762  0.00342663           0
EndNode2[0]<--->HoM1[0]
REAL
  0.475703 0.00774742 -0.0119064   0.391874
0.00774742  0.0396419  0.0208246 0.00529263
-0.0119064  0.0208246  0.0434783 -0.0117157
  0.391874 0.00529263 -0.0117157   0.441176
IMAGINARY
          0  -0.0127858  0.00716615 -0.00352113
  0.0127858           0  0.00352113   0.0124293
-0.00716615 -0.00352113           0 -0.00680968
 0.00352113  -0.0124293  0.00680968           0
Repeater1[0]<--->EndNode1[0]
REAL
   0.442133 -0.00483941  0.00161245    0.401175
-0.00483941   0.0572172   0.0218019  0.00491496
 0.00161245   0.0218019   0.0416125  0.00745037
   0.401175  0.00491496  0.00745037    0.459038
IMAGINARY
          0  -0.0122572   0.0172988  0.00571573
  0.0122572           0  0.00314503 -0.00342663
 -0.0172988 -0.00314503           0  0.00079762
-0.00571573  0.00342663 -0.00079762           0
Repeater1[0]<--->HoM1[0]
REAL
  0.475703 -0.0119064 0.00774742   0.391874
-0.0119064  0.0434783  0.0208246 -0.0117157
0.00774742  0.0208246  0.0396419 0.00529263
  0.391874 -0.0117157 0.00529263   0.441176
IMAGINARY
          0  0.00716615  -0.0127858 -0.00352113
-0.00716615           0 -0.00352113 -0.00680968
  0.0127858  0.00352113           0   0.0124293
 0.00352113  0.00680968  -0.0124293           0
EndNode1[0]<--->Repeater1[0]
REAL
   0.424242   0.0353439   0.0095045    0.412412
  0.0353439   0.0578512   0.0169076   0.0323803
