EndNode1[0]<--->Repeater1[0]
REAL
   0.319652  -0.0196162  -0.0133069    0.188664
 -0.0196162    0.165423   0.0424913 -0.00176846
 -0.0133069   0.0424913    0.140547   0.0120785
   0.188664 -0.00176846   0.0120785    0.374378
IMAGINARY
          0   0.0103174  0.00570942   0.0147383
 -0.0103174           0  -0.0101025 -0.00382736
-0.00570942   0.0101025           0   0.0128947
 -0.0147383  0.00382736  -0.0128947           0
EndNode2[0]<--->BSA[0]
REAL
    0.338939 -0.000601569  -0.00283077     0.182789
-0.000601569     0.147477    0.0347788   0.00958753
 -0.00283077    0.0347788     0.151358    0.0168178
    0.182789   0.00958753    0.0168178     0.362225
IMAGINARY
          0  -0.0151281 -0.00145791  0.00142174
  0.0151281           0 -0.00423864   0.0089206
 0.00145791  0.00423864           0  -0.0035286
-0.00142174  -0.0089206   0.0035286           0
Repeater1[0]<--->EndNode1[0]
REAL
   0.319652  -0.0133069  -0.0196162    0.188664
 -0.0133069    0.140547   0.0424913   0.0120785
 -0.0196162   0.0424913    0.165423 -0.00176846
   0.188664   0.0120785 -0.00176846    0.374378
IMAGINARY
          0  0.00570942   0.0103174   0.0147383
-0.00570942           0   0.0101025   0.0128947
 -0.0103174  -0.0101025           0 -0.00382736
 -0.0147383  -0.0128947  0.00382736           0
Repeater1[0]<--->BSA[0]
REAL
    0.338939  -0.00283077 -0.000601569     0.182789
 -0.00283077     0.151358    0.0347788    0.0168178
-0.000601569    0.0347788     0.147477   0.00958753
    0.182789    0.0168178   0.00958753     0.362225
IMAGINARY
          0 -0.00145791  -0.0151281  0.00142174
 0.00145791           0  0.00423864  -0.0035286
  0.0151281 -0.00423864           0   0.0089206
-0.00142174   0.0035286  -0.0089206           0
EndNode1[0]<--->Repeater1[0]
REAL
    0.356696    0.0103479   0.00685626     0.212467
   0.0103479     0.166458    0.0286045 -0.000478706
  0.00685626    0.0286045     0.152691    0.0151623
    0.212467 -0.000478706    0.0151623     0.324155
IMAGINARY
          0  -0.0234056  0.00467524   0.0119516
  0.0234056           0 -0.00156195    0.025748
-0.00467524  0.00156195           0  -0.0030494
 -0.0119516   -0.025748   0.0030494           0
EndNode2[0]<--->BSA[0]
REAL
  0.351899  0.0114656  0.0222182   0.187777
 0.0114656   0.144304  0.0444566 0.00443159
 0.0222182  0.0444566   0.162025  0.0164532
  0.187777 0.00443159  0.0164532   0.341772
IMAGINARY
          0 -0.00439499  -0.0255637 -0.00748624
 0.00439499           0   0.0166968  -0.0165893
  0.0255637  -0.0166968           0   0.0115286
 0.00748624   0.0165893  -0.0115286           0
Repeater1[0]<--->EndNode1[0]
REAL
    0.356696   0.00685626    0.0103479     0.212467
  0.00685626     0.152691    0.0286045    0.0151623
   0.0103479    0.0286045     0.166458 -0.000478706
    0.212467    0.0151623 -0.000478706     0.324155
IMAGINARY
          0  0.00467524  -0.0234056   0.0119516
-0.00467524           0  0.00156195  -0.0030494
  0.0234056 -0.00156195           0    0.025748
 -0.0119516   0.0030494   -0.025748           0
Repeater1[0]<--->BSA[0]
REAL
  0.351899  0.0222182  0.0114656   0.187777
 0.0222182   0.162025  0.0444566  0.0164532
 0.0114656  0.0444566   0.144304 0.00443159
  0.187777  0.0164532 0.00443159   0.341772
IMAGINARY
          0  -0.0255637 -0.00439499 -0.00748624
  0.0255637           0  -0.0166968   0.0115286
 0.00439499   0.0166968           0  -0.0165893
 0.00748624  -0.0115286   0.0165893           0
EndNode1[0]<--->Repeater1[0]
REAL
   0.368082   0.0112211 -0.00491813    0.198778
  0.0112211    0.137709   0.0338701  0.00748882
-0.00491813   0.0338701    0.157014   0.0067738
   0.198778  0.00748882   0.0067738    0.337194
IMAGINARY
          0   0.0120135  -0.0242063  0.00789361
 -0.0120135           0  -0.0119477  0.00837516
  0.0242063   0.0119477           0 -0.00673648
-0.00789361 -0.00837516  0.00673648           0
EndNode2[0]<--->BSA[0]
REAL
    0.34949 0.000235144 -0.00521128    0.193643
0.000235144    0.172194   0.0441459  -0.0423466
-0.00521128   0.0441459    0.127551 -0.00409118
   0.193643  -0.0423466 -0.00409118    0.350765
IMAGINARY
          0  0.00355583  0.00649187   -0.010193
-0.00355583           0  0.00889094  -0.0102607
-0.00649187 -0.00889094           0  -0.0211438
   0.010193   0.0102607   0.0211438           0
Repeater1[0]<--->EndNode1[0]
REAL
   0.368082 -0.00491813   0.0112211    0.198778
-0.00491813    0.157014   0.0338701   0.0067738
  0.0112211   0.0338701    0.137709  0.00748882
   0.198778   0.0067738  0.00748882    0.337194
IMAGINARY
          0  -0.0242063   0.0120135  0.00789361
  0.0242063           0   0.0119477 -0.00673648
 -0.0120135  -0.0119477           0  0.00837516
-0.00789361  0.00673648 -0.00837516           0
Repeater1[0]<--->BSA[0]
REAL
    0.34949 -0.00521128 0.000235144    0.193643
-0.00521128    0.127551   0.0441459 -0.00409118
0.000235144   0.0441459    0.172194  -0.0423466
   0.193643 -0.00409118  -0.0423466    0.350765
IMAGINARY
          0  0.00649187  0.00355583   -0.010193
-0.00649187           0 -0.00889094  -0.0211438
-0.00355583  0.00889094           0  -0.0102607
   0.010193   0.0211438   0.0102607           0
EndNode1[0]<--->Repeater1[0]
REAL
    0.340849  -0.00776895    0.0151455     0.179398
 -0.00776895     0.179045    0.0529389 -0.000199808
   0.0151455    0.0529389     0.144562   0.00505156
    0.179398 -0.000199808   0.00505156     0.335544
IMAGINARY
          0  0.00647749  -0.0139633   0.0111789
-0.00647749           0  -0.0050813 -0.00224939
  0.0139633   0.0050813           0   0.0123293
 -0.0111789  0.00224939  -0.0123293           0
EndNode2[0]<--->BSA[0]
REAL
   0.360571 -0.00543948  -0.0204046    0.202363
-0.00543948     0.14786   0.0533728 -0.00456171
 -0.0204046   0.0533728    0.156939   0.0169105
   0.202363 -0.00456171   0.0169105     0.33463
IMAGINARY
          0 -0.00253661  0.00553632  -0.0040087
 0.00253661           0  0.00718532 -0.00174844
-0.00553632 -0.00718532           0 -0.00125127
  0.0040087  0.00174844  0.00125127           0
Repeater1[0]<--->EndNode1[0]
REAL
    0.340849    0.0151455  -0.00776895     0.179398
   0.0151455     0.144562    0.0529389   0.00505156
 -0.00776895    0.0529389     0.179045 -0.000199808
    0.179398   0.00505156 -0.000199808     0.335544
IMAGINARY
          0  -0.0139633  0.00647749   0.0111789
  0.0139633           0   0.0050813   0.0123293
-0.00647749  -0.0050813           0 -0.00224939
 -0.0111789  -0.0123293  0.00224939           0
Repeater1[0]<--->BSA[0]
REAL
   0.360571  -0.0204046 -0.00543948    0.202363
 -0.0204046    0.156939   0.0533728   0.0169105
-0.00543948   0.0533728     0.14786 -0.00456171
   0.202363   0.0169105 -0.00456171     0.33463
IMAGINARY
          0  0.00553632 -0.00253661  -0.0040087
-0.00553632           0 -0.00718532 -0.00125127
 0.00253661  0.00718532           0 -0.00174844
  0.0040087  0.00125127  0.00174844           0
EndNode1[0]<--->Repeater1[0]
REAL
   0.357052  0.00220759  0.00505308    0.192639
 0.00220759    0.130877   0.0413633   0.0031025
 0.00505308   0.0413633     0.15756 -0.00408964
   0.192639   0.0031025 -0.00408964    0.354511
IMAGINARY
          0   0.0135067  -0.0198703   0.0185083
 -0.0135067           0  0.00588199  -0.0171893
  0.0198703 -0.00588199           0  0.00289666
 -0.0185083   0.0171893 -0.00289666           0
EndNode2[0]<--->BSA[0]
REAL
   0.366048 -0.00724763  -0.0114562     0.16699
-0.00724763    0.169761   0.0320904  -0.0089117
 -0.0114562   0.0320904    0.136605 -0.00917813
    0.16699  -0.0089117 -0.00917813    0.327586
IMAGINARY
          0   0.0012212  0.00427938   0.0189838
 -0.0012212           0 -0.00132076  0.00713001
-0.00427938  0.00132076           0   0.0115305
 -0.0189838 -0.00713001  -0.0115305           0
Repeater1[0]<--->EndNode1[0]
REAL
   0.357052  0.00505308  0.00220759    0.192639
 0.00505308     0.15756   0.0413633 -0.00408964
 0.00220759   0.0413633    0.130877   0.0031025
   0.192639 -0.00408964   0.0031025    0.354511
IMAGINARY
          0  -0.0198703   0.0135067   0.0185083
  0.0198703           0 -0.00588199  0.00289666
 -0.0135067  0.00588199           0  -0.0171893
 -0.0185083 -0.00289666   0.0171893           0
Repeater1[0]<--->BSA[0]
REAL
   0.366048  -0.0114562 -0.00724763     0.16699
 -0.0114562    0.136605   0.0320904 -0.00917813
-0.00724763   0.0320904    0.169761  -0.0089117
    0.16699 -0.00917813  -0.0089117    0.327586
IMAGINARY
          0  0.00427938   0.0012212   0.0189838
-0.00427938           0  0.00132076   0.0115305
 -0.0012212 -0.00132076           0  0.00713001
 -0.0189838  -0.0115305 -0.00713001           0
EndNode1[0]<--->Repeater1[0]
REAL
   0.331226  0.00609756   0.0306957    0.183399
 0.00609756    0.171934   0.0258115   0.0206201
  0.0306957   0.0258115    0.158028 -0.00609756
   0.183399   0.0206201 -0.00609756    0.338812
IMAGINARY
          0  0.00879062   0.0138876    0.019646
-0.00879062           0   0.0176486  -0.0145361
 -0.0138876  -0.0176486           0  -0.0159242
  -0.019646   0.0145361   0.0159242           0
EndNode2[0]<--->BSA[0]
REAL
   0.353904 -0.00969436   0.0133441     0.16733
-0.00969436    0.148615   0.0467762  -0.0183818
  0.0133441   0.0467762    0.161209  -0.0192729
    0.16733  -0.0183818  -0.0192729    0.336272
IMAGINARY
          0   0.0154672   0.0135669  0.00798168
 -0.0154672           0   0.0169225  -0.0089556
 -0.0135669  -0.0169225           0  0.00100181
-0.00798168   0.0089556 -0.00100181           0
Repeater1[0]<--->EndNode1[0]
REAL
   0.331226   0.0306957  0.00609756    0.183399
  0.0306957    0.158028   0.0258115 -0.00609756
 0.00609756   0.0258115    0.171934   0.0206201
   0.183399 -0.00609756   0.0206201    0.338812
IMAGINARY
          0   0.0138876  0.00879062    0.019646
 -0.0138876           0  -0.0176486  -0.0159242
-0.00879062   0.0176486           0  -0.0145361
  -0.019646   0.0159242   0.0145361           0
Repeater1[0]<--->BSA[0]
REAL
   0.353904   0.0133441 -0.00969436     0.16733
  0.0133441    0.161209   0.0467762  -0.0192729
-0.00969436   0.0467762    0.148615  -0.0183818
    0.16733  -0.0192729  -0.0183818    0.336272
IMAGINARY
          0   0.0135669   0.0154672  0.00798168
 -0.0135669           0  -0.0169225  0.00100181
 -0.0154672   0.0169225           0  -0.0089556
-0.00798168 -0.00100181   0.0089556           0
EndNode1[0]<--->Repeater1[0]
REAL
    0.375635  -0.00867895 -0.000138931     0.193358
 -0.00867895     0.140863    0.0258118   0.00441243
-0.000138931    0.0258118     0.148477   -0.0163516
    0.193358   0.00441243   -0.0163516     0.335025
IMAGINARY
          0  -0.0111722 -0.00108728    0.010782
  0.0111722           0   0.0081435   0.0103221
 0.00108728  -0.0081435           0  0.00457586
  -0.010782  -0.0103221 -0.00457586           0
EndNode2[0]<--->BSA[0]
REAL
   0.357909 -0.00259053  0.00966987    0.195095
-0.00259053    0.142091   0.0571635   0.0116205
 0.00966987   0.0571635    0.140751 -0.00450624
   0.195095   0.0116205 -0.00450624    0.359249
IMAGINARY
          0   0.0113088  -0.0110029   0.0112598
 -0.0113088           0  0.00935871  -0.0136276
  0.0110029 -0.00935871           0 -0.00391963
 -0.0112598   0.0136276  0.00391963           0
Repeater1[0]<--->EndNode1[0]
REAL
    0.375635 -0.000138931  -0.00867895     0.193358
-0.000138931     0.148477    0.0258118   -0.0163516
 -0.00867895    0.0258118     0.140863   0.00441243
    0.193358   -0.0163516   0.00441243     0.335025
IMAGINARY
          0 -0.00108728  -0.0111722    0.010782
 0.00108728           0  -0.0081435  0.00457586
  0.0111722   0.0081435           0   0.0103221
  -0.010782 -0.00457586  -0.0103221           0
Repeater1[0]<--->BSA[0]
REAL
   0.357909  0.00966987 -0.00259053    0.195095
 0.00966987    0.140751   0.0571635 -0.00450624
-0.00259053   0.0571635    0.142091   0.0116205
   0.195095 -0.00450624   0.0116205    0.359249
IMAGINARY
          0  -0.0110029   0.0113088   0.0112598
  0.0110029           0 -0.00935871 -0.00391963
 -0.0113088  0.00935871           0  -0.0136276
 -0.0112598  0.00391963   0.0136276           0
EndNode1[0]<--->Repeater1[0]
REAL
  0.350515  0.0164271 0.00255317   0.182538
 0.0164271   0.143184  0.0415125  -0.025338
0.00255317  0.0415125   0.140893 0.00888938
  0.182538  -0.025338 0.00888938   0.365407
IMAGINARY
           0  -0.00153742  -0.00130947    0.0222422
  0.00153742            0   -0.0158155  2.74236e-05
  0.00130947    0.0158155            0   0.00794768
  -0.0222422 -2.74236e-05  -0.00794768            0
EndNode2[0]<--->BSA[0]
REAL
   0.378173 -0.00368846   0.0235843    0.178475
-0.00368846    0.129442   0.0397986 -0.00454873
  0.0235843   0.0397986    0.159898   0.0125717
   0.178475 -0.00454873   0.0125717    0.332487
IMAGINARY
          0 -0.00890585  0.00560526   0.0158455
 0.00890585           0  0.00735037 -0.00942206
-0.00560526 -0.00735037           0 -0.00254453
 -0.0158455  0.00942206  0.00254453           0
Repeater1[0]<--->EndNode1[0]
REAL
  0.350515 0.00255317  0.0164271   0.182538
0.00255317   0.140893  0.0415125 0.00888938
 0.0164271  0.0415125   0.143184  -0.025338
  0.182538 0.00888938  -0.025338   0.365407
IMAGINARY
           0  -0.00130947  -0.00153742    0.0222422
  0.00130947            0    0.0158155   0.00794768
  0.00153742   -0.0158155            0  2.74236e-05
  -0.0222422  -0.00794768 -2.74236e-05            0
Repeater1[0]<--->BSA[0]
REAL
   0.378173   0.0235843 -0.00368846    0.178475
  0.0235843    0.159898   0.0397986   0.0125717
-0.00368846   0.0397986    0.129442 -0.00454873
   0.178475   0.0125717 -0.00454873    0.332487
IMAGINARY
          0  0.00560526 -0.00890585   0.0158455
-0.00560526           0 -0.00735037 -0.00254453
 0.00890585  0.00735037           0 -0.00942206
 -0.0158455  0.00254453  0.00942206           0
EndNode1[0]<--->Repeater1[0]
REAL
   0.329923  0.00262032 -0.00260078    0.195487
 0.00262032    0.140665   0.0249292   0.0149545
-0.00260078   0.0249292    0.175192   0.0110338
   0.195487   0.0149545   0.0110338     0.35422
IMAGINARY
          0   0.0331737 -0.00837114 -0.00271011
 -0.0331737           0   0.0171838  -0.0247028
 0.00837114  -0.0171838           0 -0.00528784
 0.00271011   0.0247028  0.00528784           0
EndNode2[0]<--->BSA[0]
REAL
    0.330677    0.0100533 -5.60808e-06     0.165595
   0.0100533     0.148738    0.0423694   0.00443039
-5.60808e-06    0.0423694     0.142098   0.00322102
    0.165595   0.00443039   0.00322102     0.378486
IMAGINARY
           0    0.0251933   -0.0143624  0.000443974
  -0.0251933            0   0.00960628    0.0188786
   0.0143624  -0.00960628            0  -0.00648367
-0.000443974   -0.0188786   0.00648367            0
Repeater1[0]<--->EndNode1[0]
REAL
   0.329923 -0.00260078  0.00262032    0.195487
-0.00260078    0.175192   0.0249292   0.0110338
 0.00262032   0.0249292    0.140665   0.0149545
   0.195487   0.0110338   0.0149545     0.35422
IMAGINARY
          0 -0.00837114   0.0331737 -0.00271011
 0.00837114           0  -0.0171838 -0.00528784
 -0.0331737   0.0171838           0  -0.0247028
 0.00271011  0.00528784   0.0247028           0
Repeater1[0]<--->BSA[0]
REAL
    0.330677 -5.60808e-06    0.0100533     0.165595
-5.60808e-06     0.142098    0.0423694   0.00322102
   0.0100533    0.0423694     0.148738   0.00443039
    0.165595   0.00322102   0.00443039     0.378486
IMAGINARY
           0   -0.0143624    0.0251933  0.000443974
   0.0143624            0  -0.00960628  -0.00648367
  -0.0251933   0.00960628            0    0.0188786
-0.000443974   0.00648367   -0.0188786            0
EndNode1[0]<--->Repeater1[0]
REAL
   0.345044   0.0164151  -0.0180278    0.162498
  0.0164151    0.135508   0.0617325   0.0267293
 -0.0180278   0.0617325    0.163112 -0.00771361
   0.162498   0.0267293 -0.00771361    0.356336
IMAGINARY
          0   0.0031564   0.0105948  0.00922673
 -0.0031564           0 -0.00985724 -0.00549274
 -0.0105948  0.00985724           0 -0.00953395
-0.00922673  0.00549274  0.00953395           0
EndNode2[0]<--->BSA[0]
REAL
   0.337871 -0.00466094  -0.0138084    0.210462
-0.00466094    0.157178   0.0261043 -0.00126364
 -0.0138084   0.0261043    0.162129  -0.0274491
   0.210462 -0.00126364  -0.0274491    0.342822
IMAGINARY
          0   0.0047152   0.0080848  -0.0106465
 -0.0047152           0   -0.017024 -0.00110156
 -0.0080848    0.017024           0  -0.0144917
  0.0106465  0.00110156   0.0144917           0
Repeater1[0]<--->EndNode1[0]
REAL
   0.345044  -0.0180278   0.0164151    0.162498
 -0.0180278    0.163112   0.0617325 -0.00771361
  0.0164151   0.0617325    0.135508   0.0267293
   0.162498 -0.00771361   0.0267293    0.356336
IMAGINARY
          0   0.0105948   0.0031564  0.00922673
 -0.0105948           0  0.00985724 -0.00953395
 -0.0031564 -0.00985724           0 -0.00549274
-0.00922673  0.00953395  0.00549274           0
Repeater1[0]<--->BSA[0]
REAL
   0.337871  -0.0138084 -0.00466094    0.210462
 -0.0138084    0.162129   0.0261043  -0.0274491
-0.00466094   0.0261043    0.157178 -0.00126364
   0.210462  -0.0274491 -0.00126364    0.342822
IMAGINARY
          0   0.0080848   0.0047152  -0.0106465
 -0.0080848           0    0.017024  -0.0144917
 -0.0047152   -0.017024           0 -0.00110156
  0.0106465   0.0144917  0.00110156           0
EndNode1[0]<--->Repeater1[0]
REAL
  0.352304 0.00355446  0.0159835   0.177483
0.00355446   0.154472  0.0304247  0.0108022
 0.0159835  0.0304247   0.149051 0.00920064
  0.177483  0.0108022 0.00920064   0.344173
IMAGINARY
          0   -0.008943   0.0125532  -0.0259214
   0.008943           0  0.00171674 -0.00441806
 -0.0125532 -0.00171674           0   0.0183297
  0.0259214  0.00441806  -0.0183297           0
EndNode2[0]<--->BSA[0]
REAL
    0.360931   -0.0041978   -0.0200044     0.168742
  -0.0041978     0.131953    0.0484557   0.00280695
  -0.0200044    0.0484557     0.146184 -0.000260795
    0.168742   0.00280695 -0.000260795     0.360931
IMAGINARY
           0    0.0050587    0.0101823  -0.00382752
  -0.0050587            0    -0.016648 -0.000429405
  -0.0101823     0.016648            0  -0.00180772
  0.00382752  0.000429405   0.00180772            0
Repeater1[0]<--->EndNode1[0]
REAL
  0.352304  0.0159835 0.00355446   0.177483
 0.0159835   0.149051  0.0304247 0.00920064
0.00355446  0.0304247   0.154472  0.0108022
  0.177483 0.00920064  0.0108022   0.344173
IMAGINARY
          0   0.0125532   -0.008943  -0.0259214
 -0.0125532           0 -0.00171674   0.0183297
   0.008943  0.00171674           0 -0.00441806
  0.0259214  -0.0183297  0.00441806           0
Repeater1[0]<--->BSA[0]
REAL
    0.360931   -0.0200044   -0.0041978     0.168742
  -0.0200044     0.146184    0.0484557 -0.000260795
  -0.0041978    0.0484557     0.131953   0.00280695
    0.168742 -0.000260795   0.00280695     0.360931
IMAGINARY
           0    0.0101823    0.0050587  -0.00382752
  -0.0101823            0     0.016648  -0.00180772
  -0.0050587    -0.016648            0 -0.000429405
  0.00382752   0.00180772  0.000429405            0
EndNode1[0]<--->Repeater1[0]
REAL
     0.375  0.0187636 -0.0107187   0.179234
 0.0187636   0.129854  0.0433643 0.00327621
-0.0107187  0.0433643   0.162621 0.00762339
  0.179234 0.00327621 0.00762339   0.332524
IMAGINARY
          0    0.011166   0.0108893 -0.00687177
  -0.011166           0   0.0100244   0.0122085
 -0.0108893  -0.0100244           0  -0.0125247
 0.00687177  -0.0122085   0.0125247           0
EndNode2[0]<--->BSA[0]
REAL
    0.37367  -0.0192802 -0.00773736     0.18752
 -0.0192802    0.150266    0.042557   0.0231615
-0.00773736    0.042557    0.150266  -0.0192802
    0.18752   0.0231615  -0.0192802    0.325798
IMAGINARY
           0    0.0106173   -0.0067937  -0.00610309
  -0.0106173            0    -0.020605  -0.00303431
   0.0067937     0.020605            0  0.000439197
  0.00610309   0.00303431 -0.000439197            0
Repeater1[0]<--->EndNode1[0]
REAL
     0.375 -0.0107187  0.0187636   0.179234
-0.0107187   0.162621  0.0433643 0.00762339
 0.0187636  0.0433643   0.129854 0.00327621
  0.179234 0.00762339 0.00327621   0.332524
IMAGINARY
          0   0.0108893    0.011166 -0.00687177
 -0.0108893           0  -0.0100244  -0.0125247
  -0.011166   0.0100244           0   0.0122085
 0.00687177   0.0125247  -0.0122085           0
Repeater1[0]<--->BSA[0]
REAL
    0.37367 -0.00773736  -0.0192802     0.18752
-0.00773736    0.150266    0.042557  -0.0192802
 -0.0192802    0.042557    0.150266   0.0231615
    0.18752  -0.0192802   0.0231615    0.325798
IMAGINARY
           0   -0.0067937    0.0106173  -0.00610309
   0.0067937            0     0.020605  0.000439197
  -0.0106173    -0.020605            0  -0.00303431
  0.00610309 -0.000439197   0.00303431            0
EndNode1[0]<--->Repeater1[0]
REAL
    0.32956 0.000850149  -0.0203986    0.190492
0.000850149    0.155975   0.0518154  0.00886016
 -0.0203986   0.0518154    0.163522  0.00684216
   0.190492  0.00886016  0.00684216    0.350943
IMAGINARY
           0   -0.0258564   0.00857798 -0.000435002
   0.0258564            0    0.0030324   0.00796146
 -0.00857798   -0.0030324            0   0.00168338
 0.000435002  -0.00796146  -0.00168338            0
EndNode2[0]<--->BSA[0]
REAL
 0.349866 0.0226758  0.019116   0.17307
0.0226758  0.134048 0.0523398 0.0054742
 0.019116 0.0523398  0.155496 0.0278706
  0.17307 0.0054742 0.0278706   0.36059
IMAGINARY
          0 -0.00641005  0.00914644   0.0224713
 0.00641005           0  -0.0268849   0.0185332
-0.00914644   0.0268849           0  0.00464327
 -0.0224713  -0.0185332 -0.00464327           0
Repeater1[0]<--->EndNode1[0]
REAL
    0.32956  -0.0203986 0.000850149    0.190492
 -0.0203986    0.163522   0.0518154  0.00684216
0.000850149   0.0518154    0.155975  0.00886016
   0.190492  0.00684216  0.00886016    0.350943
IMAGINARY
           0   0.00857798   -0.0258564 -0.000435002
 -0.00857798            0   -0.0030324   0.00168338
   0.0258564    0.0030324            0   0.00796146
 0.000435002  -0.00168338  -0.00796146            0
Repeater1[0]<--->BSA[0]
REAL
 0.349866  0.019116 0.0226758   0.17307
 0.019116  0.155496 0.0523398 0.0278706
0.0226758 0.0523398  0.134048 0.0054742
  0.17307 0.0278706 0.0054742   0.36059
IMAGINARY
          0  0.00914644 -0.00641005   0.0224713
-0.00914644           0   0.0268849  0.00464327
 0.00641005  -0.0268849           0   0.0185332
 -0.0224713 -0.00464327  -0.0185332           0
EndNode1[0]<--->Repeater1[0]
REAL
   0.363758  -0.0127236  -0.0185276    0.194923
 -0.0127236    0.130201   0.0204522  -0.0151446
 -0.0185276   0.0204522    0.169128 -0.00824213
   0.194923  -0.0151446 -0.00824213    0.336913
IMAGINARY
         0 -0.0154827  0.0245069 -0.0018991
 0.0154827          0  0.0321189  0.0161843
-0.0245069 -0.0321189          0  0.0126956
 0.0018991 -0.0161843 -0.0126956          0
EndNode2[0]<--->BSA[0]
REAL
   0.359788   -0.027184 1.36182e-05    0.161879
  -0.027184     0.15873   0.0142727   0.0176016
1.36182e-05   0.0142727    0.149471 -0.00533632
   0.161879   0.0176016 -0.00533632    0.332011
IMAGINARY
          0    0.010417   -0.018776 -0.00495262
  -0.010417           0  0.00933309  0.00414838
   0.018776 -0.00933309           0   0.0161788
 0.00495262 -0.00414838  -0.0161788           0
Repeater1[0]<--->EndNode1[0]
REAL
   0.363758  -0.0185276  -0.0127236    0.194923
 -0.0185276    0.169128   0.0204522 -0.00824213
 -0.0127236   0.0204522    0.130201  -0.0151446
   0.194923 -0.00824213  -0.0151446    0.336913
IMAGINARY
         0  0.0245069 -0.0154827 -0.0018991
-0.0245069          0 -0.0321189  0.0126956
 0.0154827  0.0321189          0  0.0161843
 0.0018991 -0.0126956 -0.0161843          0
Repeater1[0]<--->BSA[0]
REAL
   0.359788 1.36182e-05   -0.027184    0.161879
1.36182e-05    0.149471   0.0142727 -0.00533632
  -0.027184   0.0142727     0.15873   0.0176016
   0.161879 -0.00533632   0.0176016    0.332011
IMAGINARY
          0   -0.018776    0.010417 -0.00495262
   0.018776           0 -0.00933309   0.0161788
  -0.010417  0.00933309           0  0.00414838
 0.00495262  -0.0161788 -0.00414838           0
EndNode1[0]<--->Repeater1[0]
REAL
   0.340909  -0.0129919 -0.00222768    0.193265
 -0.0129919    0.163102   0.0398126  0.00158911
-0.00222768   0.0398126    0.140374 -0.00680377
   0.193265  0.00158911 -0.00680377    0.355615
IMAGINARY
          0   0.0163148   0.0029161   0.0154891
 -0.0163148           0  0.00243427 -0.00675241
 -0.0029161 -0.00243427           0  -0.0239875
 -0.0154891  0.00675241   0.0239875           0
EndNode2[0]<--->BSA[0]
REAL
    0.37963   0.0172839   0.0185093      0.1774
  0.0172839    0.140212   0.0508181 -0.00485519
  0.0185093   0.0508181    0.123016   0.0054729
     0.1774 -0.00485519   0.0054729    0.357143
IMAGINARY
           0  0.000640823   0.00256217   0.00343259
-0.000640823            0    0.0213813   -0.0215495
 -0.00256217   -0.0213813            0   0.00189082
 -0.00343259    0.0215495  -0.00189082            0
Repeater1[0]<--->EndNode1[0]
REAL
   0.340909 -0.00222768  -0.0129919    0.193265
-0.00222768    0.140374   0.0398126 -0.00680377
 -0.0129919   0.0398126    0.163102  0.00158911
   0.193265 -0.00680377  0.00158911    0.355615
IMAGINARY
          0   0.0029161   0.0163148   0.0154891
 -0.0029161           0 -0.00243427  -0.0239875
 -0.0163148  0.00243427           0 -0.00675241
 -0.0154891   0.0239875  0.00675241           0
Repeater1[0]<--->BSA[0]
REAL
    0.37963   0.0185093   0.0172839      0.1774
  0.0185093    0.123016   0.0508181   0.0054729
  0.0172839   0.0508181    0.140212 -0.00485519
     0.1774   0.0054729 -0.00485519    0.357143
IMAGINARY
           0   0.00256217  0.000640823   0.00343259
 -0.00256217            0   -0.0213813   0.00189082
-0.000640823    0.0213813            0   -0.0215495
 -0.00343259  -0.00189082    0.0215495            0
