EndNode1[0]<--->Repeater1[0]
REAL
    0.461245  -0.00774131  -0.00522317     0.397727
 -0.00774131    0.0381194   0.00965767 -0.000408867
 -0.00522317   0.00965767    0.0559085    0.0046124
    0.397727 -0.000408867    0.0046124     0.444727
IMAGINARY
          0  0.00453276 -0.00486472 -0.00669519
-0.00453276           0   0.0181456 -0.00682039
 0.00486472  -0.0181456           0   0.0182225
 0.00669519  0.00682039  -0.0182225           0
EndNode2[0]<--->HoM1[0]
REAL
    0.462033  0.000980392 -0.000176702     0.403605
 0.000980392     0.043758   0.00477214   -0.0076767
-0.000176702   0.00477214    0.0566281 -0.000980392
    0.403605   -0.0076767 -0.000980392      0.43758
IMAGINARY
           0   0.00321363     0.010742    0.0114311
 -0.00321363            0  -0.00187692   0.00157968
   -0.010742   0.00187692            0  2.89144e-05
  -0.0114311  -0.00157968 -2.89144e-05            0
Repeater1[0]<--->EndNode1[0]
REAL
    0.461245  -0.00522317  -0.00774131     0.397727
 -0.00522317    0.0559085   0.00965767    0.0046124
 -0.00774131   0.00965767    0.0381194 -0.000408867
    0.397727    0.0046124 -0.000408867     0.444727
IMAGINARY
          0 -0.00486472  0.00453276 -0.00669519
 0.00486472           0  -0.0181456   0.0182225
-0.00453276   0.0181456           0 -0.00682039
 0.00669519  -0.0182225  0.00682039           0
Repeater1[0]<--->HoM1[0]
REAL
    0.462033 -0.000176702  0.000980392     0.403605
-0.000176702    0.0566281   0.00477214 -0.000980392
 0.000980392   0.00477214     0.043758   -0.0076767
    0.403605 -0.000980392   -0.0076767      0.43758
IMAGINARY
           0     0.010742   0.00321363    0.0114311
   -0.010742            0   0.00187692  2.89144e-05
 -0.00321363  -0.00187692            0   0.00157968
  -0.0114311 -2.89144e-05  -0.00157968            0
EndNode1[0]<--->Repeater1[0]
REAL
   0.483204   0.0081831 0.000282786    0.402576
  0.0081831   0.0503876  0.00446265  0.00702133
0.000282786  0.00446265   0.0452196   0.0044331
   0.402576  0.00702133   0.0044331    0.421189
IMAGINARY
           0 -0.000668686  -0.00754717    0.0102069
 0.000668686            0     0.012811  -0.00566038
  0.00754717    -0.012811            0    0.0151341
  -0.0102069   0.00566038   -0.0151341            0
EndNode2[0]<--->HoM1[0]
REAL
   0.476501  -0.0209246 -0.00226742    0.413338
 -0.0209246   0.0430809 -0.00161042  -0.0198007
-0.00226742 -0.00161042   0.0574413  -0.0137538
   0.413338  -0.0198007  -0.0137538    0.422977
IMAGINARY
          0  0.00416705  0.00533333  0.00392139
-0.00416705           0 -0.00779736 -0.00533333
-0.00533333  0.00779736           0 -0.00674437
-0.00392139  0.00533333  0.00674437           0
Repeater1[0]<--->EndNode1[0]
REAL
   0.483204 0.000282786   0.0081831    0.402576
0.000282786   0.0452196  0.00446265   0.0044331
  0.0081831  0.00446265   0.0503876  0.00702133
   0.402576   0.0044331  0.00702133    0.421189
IMAGINARY
           0  -0.00754717 -0.000668686    0.0102069
  0.00754717            0    -0.012811    0.0151341
 0.000668686     0.012811            0  -0.00566038
  -0.0102069   -0.0151341   0.00566038            0
Repeater1[0]<--->HoM1[0]
REAL
   0.476501 -0.00226742  -0.0209246    0.413338
-0.00226742   0.0574413 -0.00161042  -0.0137538
 -0.0209246 -0.00161042   0.0430809  -0.0198007
   0.413338  -0.0137538  -0.0198007    0.422977
IMAGINARY
          0  0.00533333  0.00416705  0.00392139
-0.00533333           0  0.00779736 -0.00674437
-0.00416705 -0.00779736           0 -0.00533333
-0.00392139  0.00674437  0.00533333           0
EndNode1[0]<--->Repeater1[0]
REAL
   0.432873 -0.00186489   -0.012201    0.402818
-0.00186489   0.0514429 -0.00347186   0.0115474
  -0.012201 -0.00347186   0.0677541   0.0103616
   0.402818   0.0115474   0.0103616     0.44793
IMAGINARY
          0  0.00381253 -0.00770943   0.0292118
-0.00381253           0 -0.00343863 -0.00833678
 0.00770943  0.00343863           0   0.0058152
 -0.0292118  0.00833678  -0.0058152           0
EndNode2[0]<--->HoM1[0]
REAL
  0.488918 -0.0115041 -0.0134724   0.402362
-0.0115041  0.0508475 0.00936364 -0.0122193
-0.0134724 0.00936364  0.0560626  -0.010235
  0.402362 -0.0122193  -0.010235   0.404172
IMAGINARY
          0  0.00870293  0.00755341   -0.005344
-0.00870293           0  -0.0103945 -0.00160889
-0.00755341   0.0103945           0  -0.0133264
   0.005344  0.00160889   0.0133264           0
Repeater1[0]<--->EndNode1[0]
REAL
   0.432873   -0.012201 -0.00186489    0.402818
  -0.012201   0.0677541 -0.00347186   0.0103616
-0.00186489 -0.00347186   0.0514429   0.0115474
   0.402818   0.0103616   0.0115474     0.44793
IMAGINARY
          0 -0.00770943  0.00381253   0.0292118
 0.00770943           0  0.00343863   0.0058152
-0.00381253 -0.00343863           0 -0.00833678
 -0.0292118  -0.0058152  0.00833678           0
Repeater1[0]<--->HoM1[0]
REAL
  0.488918 -0.0134724 -0.0115041   0.402362
-0.0134724  0.0560626 0.00936364  -0.010235
-0.0115041 0.00936364  0.0508475 -0.0122193
  0.402362  -0.010235 -0.0122193   0.404172
IMAGINARY
          0  0.00755341  0.00870293   -0.005344
-0.00755341           0   0.0103945  -0.0133264
-0.00870293  -0.0103945           0 -0.00160889
   0.005344   0.0133264  0.00160889           0
EndNode1[0]<--->Repeater1[0]
REAL
  0.459803 0.00434842 0.00056084   0.387553
0.00434842  0.0465444  0.0144568 0.00948941
0.00056084  0.0144568  0.0493653  0.0082144
  0.387553 0.00948941  0.0082144   0.444288
IMAGINARY
           0  -0.00515891   -0.0113216    0.0118722
  0.00515891            0   0.00609557 -9.96873e-05
   0.0113216  -0.00609557            0    0.0165802
  -0.0118722  9.96873e-05   -0.0165802            0
EndNode2[0]<--->HoM1[0]
REAL
   0.454545   0.0116041 -0.00225218     0.41007
  0.0116041     0.04914 -0.00617378   0.0243301
-0.00225218 -0.00617378   0.0405405   0.0208634
    0.41007   0.0243301   0.0208634    0.455774
IMAGINARY
          0  -0.0207498  -0.0230082  0.00940577
  0.0207498           0  0.00814949   0.0204701
  0.0230082 -0.00814949           0  0.00805943
-0.00940577  -0.0204701 -0.00805943           0
Repeater1[0]<--->EndNode1[0]
REAL
  0.459803 0.00056084 0.00434842   0.387553
0.00056084  0.0493653  0.0144568  0.0082144
0.00434842  0.0144568  0.0465444 0.00948941
  0.387553  0.0082144 0.00948941   0.444288
IMAGINARY
           0   -0.0113216  -0.00515891    0.0118722
   0.0113216            0  -0.00609557    0.0165802
  0.00515891   0.00609557            0 -9.96873e-05
  -0.0118722   -0.0165802  9.96873e-05            0
Repeater1[0]<--->HoM1[0]
REAL
   0.454545 -0.00225218   0.0116041     0.41007
-0.00225218   0.0405405 -0.00617378   0.0208634
  0.0116041 -0.00617378     0.04914   0.0243301
    0.41007   0.0208634   0.0243301    0.455774
IMAGINARY
          0  -0.0230082  -0.0207498  0.00940577
  0.0230082           0 -0.00814949  0.00805943
  0.0207498  0.00814949           0   0.0204701
-0.00940577 -0.00805943  -0.0204701           0
EndNode1[0]<--->Repeater1[0]
REAL
    0.44898  -0.0220542  -0.0191653    0.404984
 -0.0220542   0.0548469 -0.00315201  0.00476741
 -0.0191653 -0.00315201    0.065051  0.00634739
   0.404984  0.00476741  0.00634739    0.431122
IMAGINARY
         0   0.010281  0.0030674 -0.0161601
 -0.010281          0 -0.0109922   0.010056
-0.0030674  0.0109922          0  -0.018155
 0.0161601  -0.010056   0.018155          0
EndNode2[0]<--->HoM1[0]
REAL
   0.446999  0.00886613 -0.00981438    0.412193
 0.00886613    0.037037   0.0017066   0.0301096
-0.00981438   0.0017066   0.0434227   0.0163491
   0.412193   0.0301096   0.0163491    0.472542
IMAGINARY
          0   0.0178215  -0.0041093 -0.00584992
 -0.0178215           0  0.00647885   0.0105032
  0.0041093 -0.00647885           0  -0.0139851
 0.00584992  -0.0105032   0.0139851           0
Repeater1[0]<--->EndNode1[0]
REAL
    0.44898  -0.0191653  -0.0220542    0.404984
 -0.0191653    0.065051 -0.00315201  0.00634739
 -0.0220542 -0.00315201   0.0548469  0.00476741
   0.404984  0.00634739  0.00476741    0.431122
IMAGINARY
         0  0.0030674   0.010281 -0.0161601
-0.0030674          0  0.0109922  -0.018155
 -0.010281 -0.0109922          0   0.010056
 0.0161601   0.018155  -0.010056          0
Repeater1[0]<--->HoM1[0]
REAL
   0.446999 -0.00981438  0.00886613    0.412193
-0.00981438   0.0434227   0.0017066   0.0163491
 0.00886613   0.0017066    0.037037   0.0301096
   0.412193   0.0163491   0.0301096    0.472542
IMAGINARY
          0  -0.0041093   0.0178215 -0.00584992
  0.0041093           0 -0.00647885  -0.0139851
 -0.0178215  0.00647885           0   0.0105032
 0.00584992   0.0139851  -0.0105032           0
EndNode1[0]<--->Repeater1[0]
REAL
   0.459144  -0.0147686 -0.00569023    0.395261
 -0.0147686   0.0713359  0.00804336 -0.00838565
-0.00569023  0.00804336   0.0466926  -0.0127712
   0.395261 -0.00838565  -0.0127712    0.422827
IMAGINARY
           0   0.00786205   -0.0119909    0.0176601
 -0.00786205            0  -0.00333723 -0.000540473
   0.0119909   0.00333723            0    0.0146943
  -0.0176601  0.000540473   -0.0146943            0
EndNode2[0]<--->HoM1[0]
REAL
       0.45 -0.00427644  0.00144123    0.399814
-0.00427644   0.0421053   0.0120588  -0.0204131
 0.00144123   0.0120588   0.0486842 -0.00735147
   0.399814  -0.0204131 -0.00735147    0.459211
IMAGINARY
           0   -0.0174272  -0.00256733  -0.00241432
   0.0174272            0   -0.0110992    0.0102204
  0.00256733    0.0110992            0 -0.000429988
  0.00241432   -0.0102204  0.000429988            0
Repeater1[0]<--->EndNode1[0]
REAL
   0.459144 -0.00569023  -0.0147686    0.395261
-0.00569023   0.0466926  0.00804336  -0.0127712
 -0.0147686  0.00804336   0.0713359 -0.00838565
   0.395261  -0.0127712 -0.00838565    0.422827
IMAGINARY
           0   -0.0119909   0.00786205    0.0176601
   0.0119909            0   0.00333723    0.0146943
 -0.00786205  -0.00333723            0 -0.000540473
  -0.0176601   -0.0146943  0.000540473            0
Repeater1[0]<--->HoM1[0]
REAL
       0.45  0.00144123 -0.00427644    0.399814
 0.00144123   0.0486842   0.0120588 -0.00735147
-0.00427644   0.0120588   0.0421053  -0.0204131
   0.399814 -0.00735147  -0.0204131    0.459211
IMAGINARY
           0  -0.00256733   -0.0174272  -0.00241432
  0.00256733            0    0.0110992 -0.000429988
   0.0174272   -0.0110992            0    0.0102204
  0.00241432  0.000429988   -0.0102204            0
