EndNode1[0]<--->Repeater1[0]
REAL
   0.467018  -0.0216308   0.0206923     0.36217
 -0.0216308   0.0593668 -0.00294025  -0.0173722
  0.0206923 -0.00294025   0.0659631  0.00370252
    0.36217  -0.0173722  0.00370252    0.407652
IMAGINARY
          0  -0.0148889  -0.0111278  -0.0158881
  0.0148889           0  0.00167626   0.0286375
  0.0111278 -0.00167626           0  0.00516125
  0.0158881  -0.0286375 -0.00516125           0
EndNode2[0]<--->HoM1[0]
REAL
   0.454433   0.0169661 -0.00423793    0.375724
  0.0169661   0.0640394   0.0163712   0.0161576
-0.00423793   0.0163712   0.0628079 -0.00504644
   0.375724   0.0161576 -0.00504644    0.418719
IMAGINARY
          0  0.00131205   0.0065833  0.00671604
-0.00131205           0 -0.00408446   0.0166235
 -0.0065833  0.00408446           0  -0.0217059
-0.00671604  -0.0166235   0.0217059           0
Repeater1[0]<--->EndNode1[0]
REAL
   0.467018   0.0206923  -0.0216308     0.36217
  0.0206923   0.0659631 -0.00294025  0.00370252
 -0.0216308 -0.00294025   0.0593668  -0.0173722
    0.36217  0.00370252  -0.0173722    0.407652
IMAGINARY
          0  -0.0111278  -0.0148889  -0.0158881
  0.0111278           0 -0.00167626  0.00516125
  0.0148889  0.00167626           0   0.0286375
  0.0158881 -0.00516125  -0.0286375           0
Repeater1[0]<--->HoM1[0]
REAL
   0.454433 -0.00423793   0.0169661    0.375724
-0.00423793   0.0628079   0.0163712 -0.00504644
  0.0169661   0.0163712   0.0640394   0.0161576
   0.375724 -0.00504644   0.0161576    0.418719
IMAGINARY
          0   0.0065833  0.00131205  0.00671604
 -0.0065833           0  0.00408446  -0.0217059
-0.00131205 -0.00408446           0   0.0166235
-0.00671604   0.0217059  -0.0166235           0
EndNode1[0]<--->Repeater1[0]
REAL
  0.439056 0.00569568 -0.0127258   0.376598
0.00569568  0.0432503  0.0111162  0.0173494
-0.0127258  0.0111162  0.0589777  0.0240269
  0.376598  0.0173494  0.0240269   0.458716
IMAGINARY
          0 -0.00231465 -0.00787519  0.00134749
 0.00231465           0   -0.018286  -0.0111603
 0.00787519    0.018286           0   0.0188121
-0.00134749   0.0111603  -0.0188121           0
EndNode2[0]<--->HoM1[0]
REAL
    0.482394    0.0150611    0.0081298     0.387454
   0.0150611    0.0446009    0.0122823 -0.000214232
   0.0081298    0.0122823    0.0422535  -0.00450703
    0.387454 -0.000214232  -0.00450703     0.430751
IMAGINARY
          0  -0.0113746    0.011953 -0.00295218
  0.0113746           0   0.0271986   0.0106807
  -0.011953  -0.0271986           0  -0.0126309
 0.00295218  -0.0106807   0.0126309           0
Repeater1[0]<--->EndNode1[0]
REAL
  0.439056 -0.0127258 0.00569568   0.376598
-0.0127258  0.0589777  0.0111162  0.0240269
0.00569568  0.0111162  0.0432503  0.0173494
  0.376598  0.0240269  0.0173494   0.458716
IMAGINARY
          0 -0.00787519 -0.00231465  0.00134749
 0.00787519           0    0.018286   0.0188121
 0.00231465   -0.018286           0  -0.0111603
-0.00134749  -0.0188121   0.0111603           0
Repeater1[0]<--->HoM1[0]
REAL
    0.482394    0.0081298    0.0150611     0.387454
   0.0081298    0.0422535    0.0122823  -0.00450703
   0.0150611    0.0122823    0.0446009 -0.000214232
    0.387454  -0.00450703 -0.000214232     0.430751
IMAGINARY
          0    0.011953  -0.0113746 -0.00295218
  -0.011953           0  -0.0271986  -0.0126309
  0.0113746   0.0271986           0   0.0106807
 0.00295218   0.0126309  -0.0106807           0
EndNode1[0]<--->Repeater1[0]
REAL
   0.487836   -0.034299  -0.0288694     0.36375
  -0.034299   0.0588988  -0.0051888  -0.0120735
 -0.0288694  -0.0051888   0.0537772 0.000800289
    0.36375  -0.0120735 0.000800289    0.399488
IMAGINARY
          0  0.00360217  -0.0179592   0.0100967
-0.00360217           0  -0.0294266 -0.00235537
  0.0179592   0.0294266           0 -0.00687871
 -0.0100967  0.00235537  0.00687871           0
EndNode2[0]<--->HoM1[0]
REAL
   0.458896  0.00642098 -0.00646831    0.387316
 0.00642098   0.0478528   0.0143655   0.0122898
-0.00646831   0.0143655   0.0453988 -0.00577415
   0.387316   0.0122898 -0.00577415    0.447853
IMAGINARY
          0  -0.0240279  -0.0034153   0.0138674
  0.0240279           0   0.0001059  -0.0034153
  0.0034153  -0.0001059           0  0.00763441
 -0.0138674   0.0034153 -0.00763441           0
Repeater1[0]<--->EndNode1[0]
REAL
   0.487836  -0.0288694   -0.034299     0.36375
 -0.0288694   0.0537772  -0.0051888 0.000800289
  -0.034299  -0.0051888   0.0588988  -0.0120735
    0.36375 0.000800289  -0.0120735    0.399488
IMAGINARY
          0  -0.0179592  0.00360217   0.0100967
  0.0179592           0   0.0294266 -0.00687871
-0.00360217  -0.0294266           0 -0.00235537
 -0.0100967  0.00687871  0.00235537           0
Repeater1[0]<--->HoM1[0]
REAL
   0.458896 -0.00646831  0.00642098    0.387316
-0.00646831   0.0453988   0.0143655 -0.00577415
 0.00642098   0.0143655   0.0478528   0.0122898
   0.387316 -0.00577415   0.0122898    0.447853
IMAGINARY
          0  -0.0034153  -0.0240279   0.0138674
  0.0034153           0  -0.0001059  0.00763441
  0.0240279   0.0001059           0  -0.0034153
 -0.0138674 -0.00763441   0.0034153           0
EndNode1[0]<--->Repeater1[0]
REAL
   0.425096  0.00766067 0.000805942     0.38527
 0.00766067   0.0614597  0.00917466   0.0241941
0.000805942  0.00917466   0.0627401   0.0145616
    0.38527   0.0241941   0.0145616    0.450704
IMAGINARY
          0   0.0101906  -0.0204414 -0.00241952
 -0.0101906           0  -0.0281927 -0.00771878
  0.0204414   0.0281927           0    0.016718
 0.00241952  0.00771878   -0.016718           0
EndNode2[0]<--->HoM1[0]
REAL
   0.419753   0.0180036 -0.00375458    0.400271
  0.0180036   0.0836763   0.0061388  -0.0180403
-0.00375458   0.0061388   0.0397805 -0.00518308
   0.400271  -0.0180403 -0.00518308     0.45679
IMAGINARY
          0  0.00977681  -0.0233307   0.0381571
-0.00977681           0   0.0334592  0.00419808
  0.0233307  -0.0334592           0  0.00297829
 -0.0381571 -0.00419808 -0.00297829           0
Repeater1[0]<--->EndNode1[0]
REAL
   0.425096 0.000805942  0.00766067     0.38527
0.000805942   0.0627401  0.00917466   0.0145616
 0.00766067  0.00917466   0.0614597   0.0241941
    0.38527   0.0145616   0.0241941    0.450704
IMAGINARY
          0  -0.0204414   0.0101906 -0.00241952
  0.0204414           0   0.0281927    0.016718
 -0.0101906  -0.0281927           0 -0.00771878
 0.00241952   -0.016718  0.00771878           0
Repeater1[0]<--->HoM1[0]
REAL
   0.419753 -0.00375458   0.0180036    0.400271
-0.00375458   0.0397805   0.0061388 -0.00518308
  0.0180036   0.0061388   0.0836763  -0.0180403
   0.400271 -0.00518308  -0.0180403     0.45679
IMAGINARY
          0  -0.0233307  0.00977681   0.0381571
  0.0233307           0  -0.0334592  0.00297829
-0.00977681   0.0334592           0  0.00419808
 -0.0381571 -0.00297829 -0.00419808           0
EndNode1[0]<--->Repeater1[0]
REAL
  0.479112  0.0088487 0.00874395     0.3708
 0.0088487  0.0469974  0.0145659  0.0107682
0.00874395  0.0145659  0.0744125 0.00822448
    0.3708  0.0107682 0.00822448   0.399478
IMAGINARY
          0 -0.00824454  -0.0181358   0.0297604
 0.00824454           0  -0.0144932 -0.00858171
  0.0181358   0.0144932           0   0.0260562
 -0.0297604  0.00858171  -0.0260562           0
EndNode2[0]<--->HoM1[0]
REAL
   0.457249   0.0260246   0.0238532    0.390334
  0.0260246   0.0433705   0.0161704 0.000537091
  0.0238532   0.0161704   0.0532838   0.0105607
   0.390334 0.000537091   0.0105607    0.446097
IMAGINARY
           0   -0.0132792  9.29877e-05  -0.00531258
   0.0132792            0    0.0127753    0.0219954
-9.29877e-05   -0.0127753            0  -0.00880918
  0.00531258   -0.0219954   0.00880918            0
Repeater1[0]<--->EndNode1[0]
REAL
  0.479112 0.00874395  0.0088487     0.3708
0.00874395  0.0744125  0.0145659 0.00822448
 0.0088487  0.0145659  0.0469974  0.0107682
    0.3708 0.00822448  0.0107682   0.399478
IMAGINARY
          0  -0.0181358 -0.00824454   0.0297604
  0.0181358           0   0.0144932   0.0260562
 0.00824454  -0.0144932           0 -0.00858171
 -0.0297604  -0.0260562  0.00858171           0
Repeater1[0]<--->HoM1[0]
REAL
   0.457249   0.0238532   0.0260246    0.390334
  0.0238532   0.0532838   0.0161704   0.0105607
  0.0260246   0.0161704   0.0433705 0.000537091
   0.390334   0.0105607 0.000537091    0.446097
IMAGINARY
           0  9.29877e-05   -0.0132792  -0.00531258
-9.29877e-05            0   -0.0127753  -0.00880918
   0.0132792    0.0127753            0    0.0219954
  0.00531258   0.00880918   -0.0219954            0
EndNode1[0]<--->Repeater1[0]
REAL
   0.445783 -0.00930856  0.00263715     0.36082
-0.00930856   0.0629183 -0.00784023  -0.0165444
 0.00263715 -0.00784023   0.0776439   0.0046728
    0.36082  -0.0165444   0.0046728    0.413655
IMAGINARY
           0 -0.000692982    0.0273523  -0.00152327
 0.000692982            0  -0.00335478  -0.00589582
  -0.0273523   0.00335478            0   -0.0116607
  0.00152327   0.00589582    0.0116607            0
EndNode2[0]<--->HoM1[0]
REAL
  0.475472  0.0143361 0.00654773   0.394166
 0.0143361  0.0490566  0.0133634  0.0218539
0.00654773  0.0133634  0.0691824 0.00613942
  0.394166  0.0218539 0.00613942   0.406289
IMAGINARY
           0  -0.00863755   -0.0155627    0.0240556
  0.00863755            0  0.000785162   0.00489768
   0.0155627 -0.000785162            0    0.0180478
  -0.0240556  -0.00489768   -0.0180478            0
Repeater1[0]<--->EndNode1[0]
REAL
   0.445783  0.00263715 -0.00930856     0.36082
 0.00263715   0.0776439 -0.00784023   0.0046728
-0.00930856 -0.00784023   0.0629183  -0.0165444
    0.36082   0.0046728  -0.0165444    0.413655
IMAGINARY
           0    0.0273523 -0.000692982  -0.00152327
  -0.0273523            0   0.00335478   -0.0116607
 0.000692982  -0.00335478            0  -0.00589582
  0.00152327    0.0116607   0.00589582            0
Repeater1[0]<--->HoM1[0]
REAL
  0.475472 0.00654773  0.0143361   0.394166
0.00654773  0.0691824  0.0133634 0.00613942
 0.0143361  0.0133634  0.0490566  0.0218539
  0.394166 0.00613942  0.0218539   0.406289
IMAGINARY
           0   -0.0155627  -0.00863755    0.0240556
   0.0155627            0 -0.000785162    0.0180478
  0.00863755  0.000785162            0   0.00489768
  -0.0240556   -0.0180478  -0.00489768            0
EndNode1[0]<--->Repeater1[0]
REAL
  0.457711 0.00713376  0.0203401   0.368259
0.00713376  0.0708955 0.00141834  0.0112728
 0.0203401 0.00141834  0.0534826  0.0128662
  0.368259  0.0112728  0.0128662    0.41791
IMAGINARY
           0   -0.0212077    0.0148289   0.00681645
   0.0212077            0  0.000856185   0.00475334
  -0.0148289 -0.000856185            0   -0.0114294
 -0.00681645  -0.00475334    0.0114294            0
EndNode2[0]<--->HoM1[0]
REAL
   0.449257  0.00160851 -0.00289973    0.396288
 0.00160851   0.0643564   0.0201707   0.0203561
-0.00289973   0.0201707   0.0445545   0.0121072
   0.396288   0.0203561   0.0121072    0.441832
IMAGINARY
          0   0.0291825   -0.016611   0.0100045
 -0.0291825           0 -0.00494118  -0.0134018
   0.016611  0.00494118           0   0.0174331
 -0.0100045   0.0134018  -0.0174331           0
Repeater1[0]<--->EndNode1[0]
REAL
  0.457711  0.0203401 0.00713376   0.368259
 0.0203401  0.0534826 0.00141834  0.0128662
0.00713376 0.00141834  0.0708955  0.0112728
  0.368259  0.0128662  0.0112728    0.41791
IMAGINARY
           0    0.0148289   -0.0212077   0.00681645
  -0.0148289            0 -0.000856185   -0.0114294
   0.0212077  0.000856185            0   0.00475334
 -0.00681645    0.0114294  -0.00475334            0
Repeater1[0]<--->HoM1[0]
REAL
   0.449257 -0.00289973  0.00160851    0.396288
-0.00289973   0.0445545   0.0201707   0.0121072
 0.00160851   0.0201707   0.0643564   0.0203561
   0.396288   0.0121072   0.0203561    0.441832
IMAGINARY
          0   -0.016611   0.0291825   0.0100045
   0.016611           0  0.00494118   0.0174331
 -0.0291825 -0.00494118           0  -0.0134018
 -0.0100045  -0.0174331   0.0134018           0
EndNode1[0]<--->Repeater1[0]
REAL
    0.48704  -0.0201067 -0.00667113    0.371893
 -0.0201067   0.0641201   0.0134972  -0.0222961
-0.00667113   0.0134972   0.0491132    -0.01012
   0.371893  -0.0222961    -0.01012    0.399727
IMAGINARY
           0   0.00476301    0.0166359   0.00191666
 -0.00476301            0  0.000654034 -0.000345203
  -0.0166359 -0.000654034            0  -0.00977555
 -0.00191666  0.000345203   0.00977555            0
EndNode2[0]<--->HoM1[0]
REAL
  0.463079 -0.0214316 -0.0304955   0.396283
-0.0214316  0.0650814  0.0126848 0.00468033
-0.0304955  0.0126848  0.0663329 -0.0220466
  0.396283 0.00468033 -0.0220466   0.405507
IMAGINARY
           0   6.9254e-05    0.0047138  0.000501588
 -6.9254e-05            0    0.0178761    0.0138047
  -0.0047138   -0.0178761            0    0.0131583
-0.000501588   -0.0138047   -0.0131583            0
Repeater1[0]<--->EndNode1[0]
REAL
    0.48704 -0.00667113  -0.0201067    0.371893
-0.00667113   0.0491132   0.0134972    -0.01012
 -0.0201067   0.0134972   0.0641201  -0.0222961
   0.371893    -0.01012  -0.0222961    0.399727
IMAGINARY
           0    0.0166359   0.00476301   0.00191666
  -0.0166359            0 -0.000654034  -0.00977555
 -0.00476301  0.000654034            0 -0.000345203
 -0.00191666   0.00977555  0.000345203            0
Repeater1[0]<--->HoM1[0]
REAL
  0.463079 -0.0304955 -0.0214316   0.396283
-0.0304955  0.0663329  0.0126848 -0.0220466
-0.0214316  0.0126848  0.0650814 0.00468033
  0.396283 -0.0220466 0.00468033   0.405507
IMAGINARY
           0    0.0047138   6.9254e-05  0.000501588
  -0.0047138            0   -0.0178761    0.0131583
 -6.9254e-05    0.0178761            0    0.0138047
-0.000501588   -0.0131583   -0.0138047            0
EndNode1[0]<--->Repeater1[0]
REAL
   0.452575   0.0265002   0.0044493    0.374862
  0.0265002   0.0663957  0.00719615 -0.00131254
  0.0044493  0.00719615   0.0596206  0.00925886
   0.374862 -0.00131254  0.00925886    0.421409
IMAGINARY
           0   0.00833938  -0.00180146   0.00229908
 -0.00833938            0   -0.0154224   -0.0113072
  0.00180146    0.0154224            0 -0.000224522
 -0.00229908    0.0113072  0.000224522            0
EndNode2[0]<--->HoM1[0]
REAL
       0.45   0.0139535 6.14116e-05    0.390586
  0.0139535   0.0539474  0.00745334 -0.00463657
6.14116e-05  0.00745334   0.0421053 -0.00284238
   0.390586 -0.00463657 -0.00284238    0.453947
IMAGINARY
          0  -0.0133989  -0.0181386  -0.0157159
  0.0133989           0 -0.00970786   0.0109096
  0.0181386  0.00970786           0   0.0121941
  0.0157159  -0.0109096  -0.0121941           0
Repeater1[0]<--->EndNode1[0]
REAL
   0.452575   0.0044493   0.0265002    0.374862
  0.0044493   0.0596206  0.00719615  0.00925886
  0.0265002  0.00719615   0.0663957 -0.00131254
   0.374862  0.00925886 -0.00131254    0.421409
IMAGINARY
           0  -0.00180146   0.00833938   0.00229908
  0.00180146            0    0.0154224 -0.000224522
 -0.00833938   -0.0154224            0   -0.0113072
 -0.00229908  0.000224522    0.0113072            0
Repeater1[0]<--->HoM1[0]
REAL
       0.45 6.14116e-05   0.0139535    0.390586
6.14116e-05   0.0421053  0.00745334 -0.00284238
  0.0139535  0.00745334   0.0539474 -0.00463657
   0.390586 -0.00284238 -0.00463657    0.453947
IMAGINARY
          0  -0.0181386  -0.0133989  -0.0157159
  0.0181386           0  0.00970786   0.0121941
  0.0133989 -0.00970786           0   0.0109096
  0.0157159  -0.0121941  -0.0109096           0
EndNode1[0]<--->Repeater1[0]
REAL
   0.44557 0.00997336 0.00584385   0.378295
0.00997336  0.0721519  0.0263438 0.00833141
0.00584385  0.0263438  0.0683544  0.0170885
  0.378295 0.00833141  0.0170885   0.413924
IMAGINARY
          0  -0.0243824   0.0206245  0.00988195
  0.0243824           0  -0.0111908   -0.014568
 -0.0206245   0.0111908           0  0.00755867
-0.00988195    0.014568 -0.00755867           0
EndNode2[0]<--->HoM1[0]
REAL
   0.455128  -0.0190433 -0.00543356    0.394374
 -0.0190433   0.0487179   0.0173903  -0.0146199
-0.00543356   0.0173903   0.0564103  0.00701125
   0.394374  -0.0146199  0.00701125    0.439744
IMAGINARY
          0  0.00259494 -0.00942268   0.0211638
-0.00259494           0  0.00357582  0.00545442
 0.00942268 -0.00357582           0 -0.00788595
 -0.0211638 -0.00545442  0.00788595           0
Repeater1[0]<--->EndNode1[0]
REAL
   0.44557 0.00584385 0.00997336   0.378295
0.00584385  0.0683544  0.0263438  0.0170885
0.00997336  0.0263438  0.0721519 0.00833141
  0.378295  0.0170885 0.00833141   0.413924
IMAGINARY
          0   0.0206245  -0.0243824  0.00988195
 -0.0206245           0   0.0111908  0.00755867
  0.0243824  -0.0111908           0   -0.014568
-0.00988195 -0.00755867    0.014568           0
Repeater1[0]<--->HoM1[0]
REAL
   0.455128 -0.00543356  -0.0190433    0.394374
-0.00543356   0.0564103   0.0173903  0.00701125
 -0.0190433   0.0173903   0.0487179  -0.0146199
   0.394374  0.00701125  -0.0146199    0.439744
IMAGINARY
          0 -0.00942268  0.00259494   0.0211638
 0.00942268           0 -0.00357582 -0.00788595
-0.00259494  0.00357582           0  0.00545442
 -0.0211638  0.00788595 -0.00545442           0
EndNode1[0]<--->Repeater1[0]
REAL
   0.481193  -0.0218734   -0.015001    0.371232
 -0.0218734   0.0544747   0.0179501  0.00444692
  -0.015001   0.0179501   0.0609598 -0.00187335
   0.371232  0.00444692 -0.00187335    0.403372
IMAGINARY
          0  0.00880126  -0.0296973 -0.00855524
-0.00880126           0    0.019605   0.0136098
  0.0296973   -0.019605           0 -0.00300976
 0.00855524  -0.0136098  0.00300976           0
EndNode2[0]<--->HoM1[0]
REAL
    0.483104   0.00140601 -0.000931677     0.396709
  0.00140601    0.0350438   0.00176776  0.000931677
-0.000931677   0.00176776    0.0375469    0.0163605
    0.396709  0.000931677    0.0163605     0.444305
IMAGINARY
          0   0.0109986  0.00754261  0.00379826
 -0.0109986           0  0.00121428 -0.00559709
-0.00754261 -0.00121428           0 -0.00905311
-0.00379826  0.00559709  0.00905311           0
Repeater1[0]<--->EndNode1[0]
REAL
   0.481193   -0.015001  -0.0218734    0.371232
  -0.015001   0.0609598   0.0179501 -0.00187335
 -0.0218734   0.0179501   0.0544747  0.00444692
   0.371232 -0.00187335  0.00444692    0.403372
IMAGINARY
          0  -0.0296973  0.00880126 -0.00855524
  0.0296973           0   -0.019605 -0.00300976
-0.00880126    0.019605           0   0.0136098
 0.00855524  0.00300976  -0.0136098           0
Repeater1[0]<--->HoM1[0]
REAL
    0.483104 -0.000931677   0.00140601     0.396709
-0.000931677    0.0375469   0.00176776    0.0163605
  0.00140601   0.00176776    0.0350438  0.000931677
    0.396709    0.0163605  0.000931677     0.444305
IMAGINARY
          0  0.00754261   0.0109986  0.00379826
-0.00754261           0 -0.00121428 -0.00905311
 -0.0109986  0.00121428           0 -0.00559709
-0.00379826  0.00905311  0.00559709           0
EndNode1[0]<--->Repeater1[0]
REAL
   0.473159  -0.0107568  0.00725956    0.371469
 -0.0107568    0.062422    0.020569  -0.0187305
 0.00725956    0.020569   0.0736579 -0.00881131
   0.371469  -0.0187305 -0.00881131    0.390762
IMAGINARY
          0 -0.00352351  0.00812392  0.00436924
 0.00352351           0  -0.0085912  -0.0184067
-0.00812392   0.0085912           0    0.016377
-0.00436924   0.0184067   -0.016377           0
EndNode2[0]<--->HoM1[0]
REAL
   0.461731 -0.00355129   -0.015736     0.39427
-0.00355129   0.0589711    0.013906 -0.00627656
  -0.015736    0.013906    0.055207   -0.012172
    0.39427 -0.00627656   -0.012172     0.42409
IMAGINARY
           0   0.00127572    0.0201299   0.00818832
 -0.00127572            0  -0.00563078  2.61427e-05
  -0.0201299   0.00563078            0   -0.0136294
 -0.00818832 -2.61427e-05    0.0136294            0
Repeater1[0]<--->EndNode1[0]
REAL
   0.473159  0.00725956  -0.0107568    0.371469
 0.00725956   0.0736579    0.020569 -0.00881131
 -0.0107568    0.020569    0.062422  -0.0187305
   0.371469 -0.00881131  -0.0187305    0.390762
IMAGINARY
          0  0.00812392 -0.00352351  0.00436924
-0.00812392           0   0.0085912    0.016377
 0.00352351  -0.0085912           0  -0.0184067
-0.00436924   -0.016377   0.0184067           0
Repeater1[0]<--->HoM1[0]
REAL
   0.461731   -0.015736 -0.00355129     0.39427
  -0.015736    0.055207    0.013906   -0.012172
-0.00355129    0.013906   0.0589711 -0.00627656
    0.39427   -0.012172 -0.00627656     0.42409
IMAGINARY
           0    0.0201299   0.00127572   0.00818832
  -0.0201299            0   0.00563078   -0.0136294
 -0.00127572  -0.00563078            0  2.61427e-05
 -0.00818832    0.0136294 -2.61427e-05            0
EndNode1[0]<--->Repeater1[0]
REAL
   0.469091 -0.00559004  -0.0203353    0.373117
-0.00559004   0.0690909 -0.00490037  0.00612336
 -0.0203353 -0.00490037   0.0606061  0.00171407
   0.373117  0.00612336  0.00171407    0.401212
IMAGINARY
          0   0.0188773   -0.011315  0.00799918
 -0.0188773           0  -0.0143283  -0.0248985
   0.011315   0.0143283           0     0.02496
-0.00799918   0.0248985    -0.02496           0
EndNode2[0]<--->HoM1[0]
REAL
   0.437741 -0.00340445 -0.00273196    0.384826
-0.00340445    0.055199  0.00492735   0.0059745
-0.00273196  0.00492735   0.0462131  0.00794401
   0.384826   0.0059745  0.00794401    0.460847
IMAGINARY
          0   0.0102448  -0.0066814  0.00322537
 -0.0102448           0   0.0101436  0.00731351
  0.0066814  -0.0101436           0 -0.00455576
-0.00322537 -0.00731351  0.00455576           0
Repeater1[0]<--->EndNode1[0]
REAL
   0.469091  -0.0203353 -0.00559004    0.373117
 -0.0203353   0.0606061 -0.00490037  0.00171407
-0.00559004 -0.00490037   0.0690909  0.00612336
   0.373117  0.00171407  0.00612336    0.401212
IMAGINARY
          0   -0.011315   0.0188773  0.00799918
   0.011315           0   0.0143283     0.02496
 -0.0188773  -0.0143283           0  -0.0248985
-0.00799918    -0.02496   0.0248985           0
Repeater1[0]<--->HoM1[0]
REAL
   0.437741 -0.00273196 -0.00340445    0.384826
-0.00273196   0.0462131  0.00492735  0.00794401
-0.00340445  0.00492735    0.055199   0.0059745
   0.384826  0.00794401   0.0059745    0.460847
IMAGINARY
          0  -0.0066814   0.0102448  0.00322537
  0.0066814           0  -0.0101436 -0.00455576
 -0.0102448   0.0101436           0  0.00731351
-0.00322537  0.00455576 -0.00731351           0
EndNode1[0]<--->Repeater1[0]
REAL
  0.449141 0.00513104   0.013981   0.371999
0.00513104  0.0581242  0.0143063  0.0234867
  0.013981  0.0143063  0.0792602  0.0194168
  0.371999  0.0234867  0.0194168   0.413474
IMAGINARY
          0  -0.0147949   0.0059561  -0.0111222
  0.0147949           0 -0.00982016   0.0299413
 -0.0059561  0.00982016           0  -0.0121282
  0.0111222  -0.0299413   0.0121282           0
EndNode2[0]<--->HoM1[0]
REAL
   0.444737   0.0140873 -0.00690806    0.381719
  0.0140873   0.0552632   0.0129526  0.00752764
-0.00690806   0.0129526   0.0513158  -0.0122285
   0.381719  0.00752764  -0.0122285    0.448684
IMAGINARY
          0 -0.00291124   0.0135614   0.0157908
 0.00291124           0 -0.00157892 -0.00306268
 -0.0135614  0.00157892           0  -0.0128368
 -0.0157908  0.00306268   0.0128368           0
Repeater1[0]<--->EndNode1[0]
REAL
  0.449141   0.013981 0.00513104   0.371999
  0.013981  0.0792602  0.0143063  0.0194168
0.00513104  0.0143063  0.0581242  0.0234867
  0.371999  0.0194168  0.0234867   0.413474
IMAGINARY
          0   0.0059561  -0.0147949  -0.0111222
 -0.0059561           0  0.00982016  -0.0121282
  0.0147949 -0.00982016           0   0.0299413
  0.0111222   0.0121282  -0.0299413           0
Repeater1[0]<--->HoM1[0]
REAL
   0.444737 -0.00690806   0.0140873    0.381719
-0.00690806   0.0513158   0.0129526  -0.0122285
  0.0140873   0.0129526   0.0552632  0.00752764
   0.381719  -0.0122285  0.00752764    0.448684
IMAGINARY
          0   0.0135614 -0.00291124   0.0157908
 -0.0135614           0  0.00157892  -0.0128368
 0.00291124 -0.00157892           0 -0.00306268
 -0.0157908   0.0128368  0.00306268           0
EndNode1[0]<--->Repeater1[0]
REAL
   0.468593 -0.00815118  -0.0107553    0.382244
-0.00815118   0.0515075   0.0134539 -0.00945326
 -0.0107553   0.0134539   0.0502513 -0.00423474
   0.382244 -0.00945326 -0.00423474    0.429648
IMAGINARY
          0   0.0212468  -0.0222971 -0.00792186
 -0.0212468           0 -0.00993528  -0.0216519
  0.0222971  0.00993528           0   0.0163328
 0.00792186   0.0216519  -0.0163328           0
EndNode2[0]<--->HoM1[0]
REAL
       0.44  -0.0188209 0.000560394    0.384037
 -0.0188209   0.0516129   0.0186521  -0.0101635
0.000560394   0.0186521   0.0541935  0.00153535
   0.384037  -0.0101635  0.00153535    0.454194
IMAGINARY
          0    0.014358  -0.0188266  0.00881907
  -0.014358           0  0.00574404  0.00728809
  0.0188266 -0.00574404           0    0.011283
-0.00881907 -0.00728809   -0.011283           0
Repeater1[0]<--->EndNode1[0]
REAL
   0.468593  -0.0107553 -0.00815118    0.382244
 -0.0107553   0.0502513   0.0134539 -0.00423474
-0.00815118   0.0134539   0.0515075 -0.00945326
   0.382244 -0.00423474 -0.00945326    0.429648
IMAGINARY
          0  -0.0222971   0.0212468 -0.00792186
  0.0222971           0  0.00993528   0.0163328
 -0.0212468 -0.00993528           0  -0.0216519
 0.00792186  -0.0163328   0.0216519           0
Repeater1[0]<--->HoM1[0]
REAL
       0.44 0.000560394  -0.0188209    0.384037
0.000560394   0.0541935   0.0186521  0.00153535
 -0.0188209   0.0186521   0.0516129  -0.0101635
   0.384037  0.00153535  -0.0101635    0.454194
IMAGINARY
          0  -0.0188266    0.014358  0.00881907
  0.0188266           0 -0.00574404    0.011283
  -0.014358  0.00574404           0  0.00728809
-0.00881907   -0.011283 -0.00728809           0
EndNode1[0]<--->Repeater1[0]
REAL
   0.460338 -0.00415864  -0.0227521    0.372481
-0.00415864   0.0455137 -0.00173277   0.0057453
 -0.0227521 -0.00173277   0.0728218 -0.00604544
   0.372481   0.0057453 -0.00604544    0.421326
IMAGINARY
          0   0.0106918  -0.0040742 -0.00748724
 -0.0106918           0    0.011912  -0.0154227
  0.0040742   -0.011912           0  0.00880503
 0.00748724   0.0154227 -0.00880503           0
EndNode2[0]<--->HoM1[0]
REAL
   0.443421 -0.00590784 -0.00589339    0.402129
-0.00590784   0.0618421 -0.00225381   0.0090223
-0.00589339 -0.00225381   0.0631579 -0.00848516
   0.402129   0.0090223 -0.00848516    0.431579
IMAGINARY
          0  0.00648113  -0.0204337   0.0263791
-0.00648113           0  -0.0103297  -0.0134309
  0.0204337   0.0103297           0   0.0167592
 -0.0263791   0.0134309  -0.0167592           0
Repeater1[0]<--->EndNode1[0]
REAL
   0.460338  -0.0227521 -0.00415864    0.372481
 -0.0227521   0.0728218 -0.00173277 -0.00604544
-0.00415864 -0.00173277   0.0455137   0.0057453
   0.372481 -0.00604544   0.0057453    0.421326
IMAGINARY
          0  -0.0040742   0.0106918 -0.00748724
  0.0040742           0   -0.011912  0.00880503
 -0.0106918    0.011912           0  -0.0154227
 0.00748724 -0.00880503   0.0154227           0
Repeater1[0]<--->HoM1[0]
REAL
   0.443421 -0.00589339 -0.00590784    0.402129
-0.00589339   0.0631579 -0.00225381 -0.00848516
-0.00590784 -0.00225381   0.0618421   0.0090223
   0.402129 -0.00848516   0.0090223    0.431579
IMAGINARY
          0  -0.0204337  0.00648113   0.0263791
  0.0204337           0   0.0103297   0.0167592
-0.00648113  -0.0103297           0  -0.0134309
 -0.0263791  -0.0167592   0.0134309           0
