EndNode1[0]<--->Repeater1[0]
REAL
  0.438903  0.0123568 0.00296607    0.12483
 0.0123568   0.142145 0.00097662 -0.0165145
0.00296607 0.00097662   0.153367 -0.0259052
   0.12483 -0.0165145 -0.0259052   0.265586
IMAGINARY
          0 -0.00657484  0.00307012  -0.0055372
 0.00657484           0   0.0186458  0.00807012
-0.00307012  -0.0186458           0 -0.00325478
  0.0055372 -0.00807012  0.00325478           0
EndNode2[0]<--->BSA[0]
REAL
  0.436268 0.00579925 -0.0114524   0.173319
0.00579925   0.130092   0.012697 -0.0268062
-0.0114524   0.012697   0.110381 -0.0150341
  0.173319 -0.0268062 -0.0150341   0.323259
IMAGINARY
          0   0.0188366  0.00375911 -0.00100559
 -0.0188366           0   0.0188408  -0.0102358
-0.00375911  -0.0188408           0  0.00836543
 0.00100559   0.0102358 -0.00836543           0
Repeater1[0]<--->EndNode1[0]
REAL
  0.438903 0.00296607  0.0123568    0.12483
0.00296607   0.153367 0.00097662 -0.0259052
 0.0123568 0.00097662   0.142145 -0.0165145
   0.12483 -0.0259052 -0.0165145   0.265586
IMAGINARY
          0  0.00307012 -0.00657484  -0.0055372
-0.00307012           0  -0.0186458 -0.00325478
 0.00657484   0.0186458           0  0.00807012
  0.0055372  0.00325478 -0.00807012           0
Repeater1[0]<--->BSA[0]
REAL
  0.436268 -0.0114524 0.00579925   0.173319
-0.0114524   0.110381   0.012697 -0.0150341
0.00579925   0.012697   0.130092 -0.0268062
  0.173319 -0.0150341 -0.0268062   0.323259
IMAGINARY
          0  0.00375911   0.0188366 -0.00100559
-0.00375911           0  -0.0188408  0.00836543
 -0.0188366   0.0188408           0  -0.0102358
 0.00100559 -0.00836543   0.0102358           0
EndNode1[0]<--->Repeater1[0]
REAL
   0.455484  -0.0190406 -0.00600017    0.138603
 -0.0190406        0.12   0.0220423  -0.0281934
-0.00600017   0.0220423    0.149677  -0.0061207
   0.138603  -0.0281934  -0.0061207    0.274839
IMAGINARY
           0   -0.0109652  7.61126e-05  -0.00293982
   0.0109652            0    0.0236425    0.0120258
-7.61126e-05   -0.0236425            0    0.0179716
  0.00293982   -0.0120258   -0.0179716            0
EndNode2[0]<--->BSA[0]
REAL
  0.435733  0.0249268 -0.0112995   0.198753
 0.0249268   0.125964 0.00692104 0.00538938
-0.0112995 0.00692104   0.127249 -0.0154705
  0.198753 0.00538938 -0.0154705   0.311054
IMAGINARY
           0  0.000597982   0.00453193  -0.00291048
-0.000597982            0  -0.00554206    0.0276463
 -0.00453193   0.00554206            0  -0.00431085
  0.00291048   -0.0276463   0.00431085            0
Repeater1[0]<--->EndNode1[0]
REAL
   0.455484 -0.00600017  -0.0190406    0.138603
-0.00600017    0.149677   0.0220423  -0.0061207
 -0.0190406   0.0220423        0.12  -0.0281934
   0.138603  -0.0061207  -0.0281934    0.274839
IMAGINARY
           0  7.61126e-05   -0.0109652  -0.00293982
-7.61126e-05            0   -0.0236425    0.0179716
   0.0109652    0.0236425            0    0.0120258
  0.00293982   -0.0179716   -0.0120258            0
Repeater1[0]<--->BSA[0]
REAL
  0.435733 -0.0112995  0.0249268   0.198753
-0.0112995   0.127249 0.00692104 -0.0154705
 0.0249268 0.00692104   0.125964 0.00538938
  0.198753 -0.0154705 0.00538938   0.311054
IMAGINARY
           0   0.00453193  0.000597982  -0.00291048
 -0.00453193            0   0.00554206  -0.00431085
-0.000597982  -0.00554206            0    0.0276463
  0.00291048   0.00431085   -0.0276463            0
EndNode1[0]<--->Repeater1[0]
REAL
    0.433333   -0.0267694 -0.000852069     0.128003
  -0.0267694     0.119753    0.0170303   -0.0104062
-0.000852069    0.0170303      0.15679  -0.00568095
    0.128003   -0.0104062  -0.00568095     0.290123
IMAGINARY
           0   -0.0203198  0.000939706   -0.0369533
   0.0203198            0   0.00181149  -0.00343347
-0.000939706  -0.00181149            0   -0.0220742
   0.0369533   0.00343347    0.0220742            0
EndNode2[0]<--->BSA[0]
REAL
    0.397668   -0.0105345  -0.00688776     0.186906
  -0.0105345     0.134715    0.0358038  -0.00754135
 -0.00688776    0.0358038     0.124352 -0.000130538
    0.186906  -0.00754135 -0.000130538     0.343264
IMAGINARY
           0  -0.00963872  -0.00208647 -0.000650195
  0.00963872            0  -0.00390117   0.00922006
  0.00208647   0.00390117            0   0.00380214
 0.000650195  -0.00922006  -0.00380214            0
Repeater1[0]<--->EndNode1[0]
REAL
    0.433333 -0.000852069   -0.0267694     0.128003
-0.000852069      0.15679    0.0170303  -0.00568095
  -0.0267694    0.0170303     0.119753   -0.0104062
    0.128003  -0.00568095   -0.0104062     0.290123
IMAGINARY
           0  0.000939706   -0.0203198   -0.0369533
-0.000939706            0  -0.00181149   -0.0220742
   0.0203198   0.00181149            0  -0.00343347
   0.0369533    0.0220742   0.00343347            0
Repeater1[0]<--->BSA[0]
REAL
    0.397668  -0.00688776   -0.0105345     0.186906
 -0.00688776     0.124352    0.0358038 -0.000130538
  -0.0105345    0.0358038     0.134715  -0.00754135
    0.186906 -0.000130538  -0.00754135     0.343264
IMAGINARY
           0  -0.00208647  -0.00963872 -0.000650195
  0.00208647            0   0.00390117   0.00380214
  0.00963872  -0.00390117            0   0.00922006
 0.000650195  -0.00380214  -0.00922006            0
