EndNode1[0]<--->Repeater1[0]
REAL
   0.442332  -0.0106437 -0.00647619    0.233047
 -0.0106437   0.0912548   0.0111085 -0.00780952
-0.00647619   0.0111085   0.0646388 -0.00753811
   0.233047 -0.00780952 -0.00753811    0.401774
IMAGINARY
          0   0.0118421  -0.0118852 -0.00521958
 -0.0118421           0   0.0235442 -0.00597194
  0.0118852  -0.0235442           0  -0.0118421
 0.00521958  0.00597194   0.0118421           0
EndNode2[0]<--->BSA[0]
REAL
   0.456311 -0.00101049 -0.00387594    0.251027
-0.00101049   0.0929265   0.0154248 -0.00580148
-0.00387594   0.0154248   0.0679612 -0.00221531
   0.251027 -0.00580148 -0.00221531    0.382802
IMAGINARY
          0  -0.0100839   0.0134996  0.00217855
  0.0100839           0  0.00528414   0.0166052
 -0.0134996 -0.00528414           0   -0.030492
-0.00217855  -0.0166052    0.030492           0
Repeater1[0]<--->EndNode1[0]
REAL
   0.442332 -0.00647619  -0.0106437    0.233047
-0.00647619   0.0646388   0.0111085 -0.00753811
 -0.0106437   0.0111085   0.0912548 -0.00780952
   0.233047 -0.00753811 -0.00780952    0.401774
IMAGINARY
          0  -0.0118852   0.0118421 -0.00521958
  0.0118852           0  -0.0235442  -0.0118421
 -0.0118421   0.0235442           0 -0.00597194
 0.00521958   0.0118421  0.00597194           0
Repeater1[0]<--->BSA[0]
REAL
   0.456311 -0.00387594 -0.00101049    0.251027
-0.00387594   0.0679612   0.0154248 -0.00221531
-0.00101049   0.0154248   0.0929265 -0.00580148
   0.251027 -0.00221531 -0.00580148    0.382802
IMAGINARY
          0   0.0134996  -0.0100839  0.00217855
 -0.0134996           0 -0.00528414   -0.030492
  0.0100839  0.00528414           0   0.0166052
-0.00217855    0.030492  -0.0166052           0
EndNode1[0]<--->Repeater1[0]
REAL
  0.483221  0.0149153   0.012825   0.236646
 0.0149153  0.0751678 -0.0127274 0.00880353
  0.012825 -0.0127274  0.0657718 -0.0276379
  0.236646 0.00880353 -0.0276379   0.375839
IMAGINARY
          0    0.014502  0.00571227  -0.0133305
  -0.014502           0  -0.0114579   0.0105785
-0.00571227   0.0114579           0  -0.0207677
  0.0133305  -0.0105785   0.0207677           0
EndNode2[0]<--->BSA[0]
REAL
   0.462033 -0.00178981  0.00577349    0.227453
-0.00178981   0.0772201   0.0104237  -0.0287093
 0.00577349   0.0104237   0.0707851 -0.00803981
   0.227453  -0.0287093 -0.00803981    0.389961
IMAGINARY
          0   0.0152942   -0.004971   0.0146149
 -0.0152942           0  -0.0152454  0.00305039
   0.004971   0.0152454           0  0.00839335
 -0.0146149 -0.00305039 -0.00839335           0
Repeater1[0]<--->EndNode1[0]
REAL
  0.483221   0.012825  0.0149153   0.236646
  0.012825  0.0657718 -0.0127274 -0.0276379
 0.0149153 -0.0127274  0.0751678 0.00880353
  0.236646 -0.0276379 0.00880353   0.375839
IMAGINARY
          0  0.00571227    0.014502  -0.0133305
-0.00571227           0   0.0114579  -0.0207677
  -0.014502  -0.0114579           0   0.0105785
  0.0133305   0.0207677  -0.0105785           0
Repeater1[0]<--->BSA[0]
REAL
   0.462033  0.00577349 -0.00178981    0.227453
 0.00577349   0.0707851   0.0104237 -0.00803981
-0.00178981   0.0104237   0.0772201  -0.0287093
   0.227453 -0.00803981  -0.0287093    0.389961
IMAGINARY
          0   -0.004971   0.0152942   0.0146149
   0.004971           0   0.0152454  0.00839335
 -0.0152942  -0.0152454           0  0.00305039
 -0.0146149 -0.00839335 -0.00305039           0
