EndNode1[0]<--->Repeater1[0]
REAL
   0.328553 -0.00585931    0.010963    0.261109
-0.00585931    0.207301    0.134859  -0.0168148
   0.010963    0.134859    0.194263 -0.00779479
   0.261109  -0.0168148 -0.00779479    0.269883
IMAGINARY
          0   -0.004625   0.0111124   0.0183323
   0.004625           0   0.0177096 -0.00361236
 -0.0111124  -0.0177096           0    0.003375
 -0.0183323  0.00361236   -0.003375           0
EndNode2[0]<--->HoM1[0]
REAL
   0.348522 -0.00527524    0.005666     0.24927
-0.00527524    0.190887     0.15644 -0.00367397
   0.005666     0.15644    0.184729   0.0085953
    0.24927 -0.00367397   0.0085953    0.275862
IMAGINARY
          0  -0.0177517  0.00396707   0.0114214
  0.0177517           0  0.00324528   0.0171597
-0.00396707 -0.00324528           0  0.00942906
 -0.0114214  -0.0171597 -0.00942906           0
Repeater1[0]<--->EndNode1[0]
REAL
   0.328553    0.010963 -0.00585931    0.261109
   0.010963    0.194263    0.134859 -0.00779479
-0.00585931    0.134859    0.207301  -0.0168148
   0.261109 -0.00779479  -0.0168148    0.269883
IMAGINARY
          0   0.0111124   -0.004625   0.0183323
 -0.0111124           0  -0.0177096    0.003375
   0.004625   0.0177096           0 -0.00361236
 -0.0183323   -0.003375  0.00361236           0
Repeater1[0]<--->HoM1[0]
REAL
   0.348522    0.005666 -0.00527524     0.24927
   0.005666    0.184729     0.15644   0.0085953
-0.00527524     0.15644    0.190887 -0.00367397
    0.24927   0.0085953 -0.00367397    0.275862
IMAGINARY
          0  0.00396707  -0.0177517   0.0114214
-0.00396707           0 -0.00324528  0.00942906
  0.0177517  0.00324528           0   0.0171597
 -0.0114214 -0.00942906  -0.0171597           0
EndNode1[0]<--->Repeater1[0]
REAL
   0.321477 -0.00985817  -0.0161501    0.263609
-0.00985817    0.214774    0.129338  -0.0102983
 -0.0161501    0.129338    0.202462  0.00733928
   0.263609  -0.0102983  0.00733928    0.261286
IMAGINARY
          0  0.00127877   0.0244325  -0.0116756
-0.00127877           0    0.030043   -0.010366
 -0.0244325   -0.030043           0 -0.00511509
  0.0116756    0.010366  0.00511509           0
EndNode2[0]<--->HoM1[0]
REAL
   0.328418  0.00187051 -0.00143949    0.263101
 0.00187051     0.19571    0.153565 -0.00897718
-0.00143949    0.153565    0.205094 -0.00447467
   0.263101 -0.00897718 -0.00447467    0.270777
IMAGINARY
          0   0.0113022 -0.00175347   -0.012623
 -0.0113022           0   0.0183848  0.00819677
 0.00175347  -0.0183848           0    0.006739
   0.012623 -0.00819677   -0.006739           0
Repeater1[0]<--->EndNode1[0]
REAL
   0.321477  -0.0161501 -0.00985817    0.263609
 -0.0161501    0.202462    0.129338  0.00733928
-0.00985817    0.129338    0.214774  -0.0102983
   0.263609  0.00733928  -0.0102983    0.261286
IMAGINARY
          0   0.0244325  0.00127877  -0.0116756
 -0.0244325           0   -0.030043 -0.00511509
-0.00127877    0.030043           0   -0.010366
  0.0116756  0.00511509    0.010366           0
Repeater1[0]<--->HoM1[0]
REAL
   0.328418 -0.00143949  0.00187051    0.263101
-0.00143949    0.205094    0.153565 -0.00447467
 0.00187051    0.153565     0.19571 -0.00897718
   0.263101 -0.00447467 -0.00897718    0.270777
IMAGINARY
          0 -0.00175347   0.0113022   -0.012623
 0.00175347           0  -0.0183848    0.006739
 -0.0113022   0.0183848           0  0.00819677
   0.012623   -0.006739 -0.00819677           0
EndNode1[0]<--->Repeater1[0]
REAL
   0.326303    0.011263   -0.011545    0.241174
   0.011263    0.222084    0.140117   0.0147708
  -0.011545    0.140117     0.19603 -0.00287586
   0.241174   0.0147708 -0.00287586    0.255583
IMAGINARY
          0 -0.00639101 -0.00820756   0.0124906
 0.00639101           0 -0.00029544   0.0154731
 0.00820756  0.00029544           0   0.0044095
 -0.0124906  -0.0154731  -0.0044095           0
EndNode2[0]<--->HoM1[0]
REAL
    0.32625   0.0129599   0.0112903    0.250024
  0.0129599       0.195     0.15153  -0.0112903
  0.0112903     0.15153        0.17 -0.00518783
   0.250024  -0.0112903 -0.00518783     0.30875
IMAGINARY
          0  -0.0109177  0.00439894  0.00481217
  0.0109177           0 -0.00346808   0.0163037
-0.00439894  0.00346808           0  -0.0148037
-0.00481217  -0.0163037   0.0148037           0
Repeater1[0]<--->EndNode1[0]
REAL
   0.326303   -0.011545    0.011263    0.241174
  -0.011545     0.19603    0.140117 -0.00287586
   0.011263    0.140117    0.222084   0.0147708
   0.241174 -0.00287586   0.0147708    0.255583
IMAGINARY
          0 -0.00820756 -0.00639101   0.0124906
 0.00820756           0  0.00029544   0.0044095
 0.00639101 -0.00029544           0   0.0154731
 -0.0124906  -0.0044095  -0.0154731           0
Repeater1[0]<--->HoM1[0]
REAL
    0.32625   0.0112903   0.0129599    0.250024
  0.0112903        0.17     0.15153 -0.00518783
  0.0129599     0.15153       0.195  -0.0112903
   0.250024 -0.00518783  -0.0112903     0.30875
IMAGINARY
          0  0.00439894  -0.0109177  0.00481217
-0.00439894           0  0.00346808  -0.0148037
  0.0109177 -0.00346808           0   0.0163037
-0.00481217   0.0148037  -0.0163037           0
EndNode1[0]<--->Repeater1[0]
REAL
   0.320988 0.000408008  0.00328515    0.244468
0.000408008    0.178326     0.16092  0.00788436
 0.00328515     0.16092    0.218107  0.00287714
   0.244468  0.00788436  0.00287714    0.282579
IMAGINARY
           0  -0.00492554    0.0100618 -0.000101273
  0.00492554            0  -0.00380498    0.0220719
  -0.0100618   0.00380498            0    0.0190644
 0.000101273   -0.0220719   -0.0190644            0
EndNode2[0]<--->HoM1[0]
REAL
    0.303665  -0.00631256   -0.0146284     0.254108
 -0.00631256     0.209424     0.160478 -0.000483277
  -0.0146284     0.160478     0.201571   0.00565553
    0.254108 -0.000483277   0.00565553      0.28534
IMAGINARY
          0 -0.00314365  0.00113615 -0.00245785
 0.00314365           0   0.0124578   0.0109658
-0.00113615  -0.0124578           0  0.00760225
 0.00245785  -0.0109658 -0.00760225           0
Repeater1[0]<--->EndNode1[0]
REAL
   0.320988  0.00328515 0.000408008    0.244468
 0.00328515    0.218107     0.16092  0.00287714
0.000408008     0.16092    0.178326  0.00788436
   0.244468  0.00287714  0.00788436    0.282579
IMAGINARY
           0    0.0100618  -0.00492554 -0.000101273
  -0.0100618            0   0.00380498    0.0190644
  0.00492554  -0.00380498            0    0.0220719
 0.000101273   -0.0190644   -0.0220719            0
Repeater1[0]<--->HoM1[0]
REAL
    0.303665   -0.0146284  -0.00631256     0.254108
  -0.0146284     0.201571     0.160478   0.00565553
 -0.00631256     0.160478     0.209424 -0.000483277
    0.254108   0.00565553 -0.000483277      0.28534
IMAGINARY
          0  0.00113615 -0.00314365 -0.00245785
-0.00113615           0  -0.0124578  0.00760225
 0.00314365   0.0124578           0   0.0109658
 0.00245785 -0.00760225  -0.0109658           0
EndNode1[0]<--->Repeater1[0]
REAL
  0.334591  0.0112381  0.0101987   0.244398
 0.0112381    0.18239   0.129974 0.00110781
 0.0101987   0.129974   0.196226 -0.0150069
  0.244398 0.00110781 -0.0150069   0.286792
IMAGINARY
          0  -0.0183067  0.00229982  0.00779462
  0.0183067           0  -0.0108621  0.00948936
-0.00229982   0.0108621           0  -0.0239957
-0.00779462 -0.00948936   0.0239957           0
EndNode2[0]<--->HoM1[0]
REAL
   0.314251 -0.00106867  -0.0201931    0.252741
-0.00106867    0.208283    0.148345  0.00511469
 -0.0201931    0.148345     0.17905  -0.0067721
   0.252741  0.00511469  -0.0067721    0.298417
IMAGINARY
           0   0.00317441  -0.00654219  0.000829471
 -0.00317441            0    0.0231067  -0.00719408
  0.00654219   -0.0231067            0    0.0270454
-0.000829471   0.00719408   -0.0270454            0
Repeater1[0]<--->EndNode1[0]
REAL
  0.334591  0.0101987  0.0112381   0.244398
 0.0101987   0.196226   0.129974 -0.0150069
 0.0112381   0.129974    0.18239 0.00110781
  0.244398 -0.0150069 0.00110781   0.286792
IMAGINARY
          0  0.00229982  -0.0183067  0.00779462
-0.00229982           0   0.0108621  -0.0239957
  0.0183067  -0.0108621           0  0.00948936
-0.00779462   0.0239957 -0.00948936           0
Repeater1[0]<--->HoM1[0]
REAL
   0.314251  -0.0201931 -0.00106867    0.252741
 -0.0201931     0.17905    0.148345  -0.0067721
-0.00106867    0.148345    0.208283  0.00511469
   0.252741  -0.0067721  0.00511469    0.298417
IMAGINARY
           0  -0.00654219   0.00317441  0.000829471
  0.00654219            0   -0.0231067    0.0270454
 -0.00317441    0.0231067            0  -0.00719408
-0.000829471   -0.0270454   0.00719408            0
EndNode1[0]<--->Repeater1[0]
REAL
   0.299754 -0.00380341 -0.00172158    0.250557
-0.00380341    0.206388     0.13774   0.0110301
-0.00172158     0.13774     0.19656  0.00779277
   0.250557   0.0110301  0.00779277    0.297297
IMAGINARY
          0 -0.00110087  0.00333352 -0.00440658
 0.00110087           0 -0.00440658  -0.0120118
-0.00333352  0.00440658           0 -0.00624226
 0.00440658   0.0120118  0.00624226           0
EndNode2[0]<--->HoM1[0]
REAL
   0.329098   0.0100424 -0.00637751    0.263271
  0.0100424    0.167726    0.146277   0.0101464
-0.00637751    0.146277    0.191868 -0.00878609
   0.263271   0.0101464 -0.00878609    0.311309
IMAGINARY
          0  0.00381759 -0.00173521 -0.00931664
-0.00381759           0    0.013264   0.0115391
 0.00173521   -0.013264           0   0.0164439
 0.00931664  -0.0115391  -0.0164439           0
Repeater1[0]<--->EndNode1[0]
REAL
   0.299754 -0.00172158 -0.00380341    0.250557
-0.00172158     0.19656     0.13774  0.00779277
-0.00380341     0.13774    0.206388   0.0110301
   0.250557  0.00779277   0.0110301    0.297297
IMAGINARY
          0  0.00333352 -0.00110087 -0.00440658
-0.00333352           0  0.00440658 -0.00624226
 0.00110087 -0.00440658           0  -0.0120118
 0.00440658  0.00624226   0.0120118           0
Repeater1[0]<--->HoM1[0]
REAL
   0.329098 -0.00637751   0.0100424    0.263271
-0.00637751    0.191868    0.146277 -0.00878609
  0.0100424    0.146277    0.167726   0.0101464
   0.263271 -0.00878609   0.0101464    0.311309
IMAGINARY
          0 -0.00173521  0.00381759 -0.00931664
 0.00173521           0   -0.013264   0.0164439
-0.00381759    0.013264           0   0.0115391
 0.00931664  -0.0164439  -0.0115391           0
EndNode1[0]<--->Repeater1[0]
REAL
   0.303145 -0.00539926   0.0337776    0.246309
-0.00539926    0.202516    0.132319  -0.0179465
  0.0337776    0.132319         0.2 0.000122214
   0.246309  -0.0179465 0.000122214     0.29434
IMAGINARY
         0 -0.0238731  0.0105808  0.0202887
 0.0238731          0  0.0101123 -0.0170574
-0.0105808 -0.0101123          0 -0.0188731
-0.0202887  0.0170574  0.0188731          0
EndNode2[0]<--->HoM1[0]
REAL
   0.335121    0.021009  0.00839953    0.260757
   0.021009    0.180965    0.145874  0.00580886
 0.00839953    0.145874    0.198391 -0.00274104
   0.260757  0.00580886 -0.00274104    0.285523
IMAGINARY
          0    0.010961   0.0199632  0.00919108
  -0.010961           0  -0.0122813 -0.00951934
 -0.0199632   0.0122813           0 -0.00704455
-0.00919108  0.00951934  0.00704455           0
Repeater1[0]<--->EndNode1[0]
REAL
   0.303145   0.0337776 -0.00539926    0.246309
  0.0337776         0.2    0.132319 0.000122214
-0.00539926    0.132319    0.202516  -0.0179465
   0.246309 0.000122214  -0.0179465     0.29434
IMAGINARY
         0  0.0105808 -0.0238731  0.0202887
-0.0105808          0 -0.0101123 -0.0188731
 0.0238731  0.0101123          0 -0.0170574
-0.0202887  0.0188731  0.0170574          0
Repeater1[0]<--->HoM1[0]
REAL
   0.335121  0.00839953    0.021009    0.260757
 0.00839953    0.198391    0.145874 -0.00274104
   0.021009    0.145874    0.180965  0.00580886
   0.260757 -0.00274104  0.00580886    0.285523
IMAGINARY
          0   0.0199632    0.010961  0.00919108
 -0.0199632           0   0.0122813 -0.00704455
  -0.010961  -0.0122813           0 -0.00951934
-0.00919108  0.00704455  0.00951934           0
EndNode1[0]<--->Repeater1[0]
REAL
   0.327366 -0.00924964  -0.0259939     0.26386
-0.00924964    0.203325    0.133312  -0.0228493
 -0.0259939    0.133312    0.189258   -0.019028
    0.26386  -0.0228493   -0.019028    0.280051
IMAGINARY
           0   -0.0178467   0.00215175    0.0296476
   0.0178467            0  0.000312491     0.016125
 -0.00215175 -0.000312491            0    0.0139302
  -0.0296476    -0.016125   -0.0139302            0
EndNode2[0]<--->HoM1[0]
REAL
   0.317839  0.00835202  0.00339247    0.271344
 0.00835202    0.207286    0.153313  0.00208698
 0.00339247    0.153313    0.169598 -0.00424243
   0.271344  0.00208698 -0.00424243    0.305276
IMAGINARY
           0    0.0133452 -0.000354956  -0.00391188
  -0.0133452            0    0.0269685   -0.0215905
 0.000354956   -0.0269685            0    0.0133452
  0.00391188    0.0215905   -0.0133452            0
Repeater1[0]<--->EndNode1[0]
REAL
   0.327366  -0.0259939 -0.00924964     0.26386
 -0.0259939    0.189258    0.133312   -0.019028
-0.00924964    0.133312    0.203325  -0.0228493
    0.26386   -0.019028  -0.0228493    0.280051
IMAGINARY
           0   0.00215175   -0.0178467    0.0296476
 -0.00215175            0 -0.000312491    0.0139302
   0.0178467  0.000312491            0     0.016125
  -0.0296476   -0.0139302    -0.016125            0
Repeater1[0]<--->HoM1[0]
REAL
   0.317839  0.00339247  0.00835202    0.271344
 0.00339247    0.169598    0.153313 -0.00424243
 0.00835202    0.153313    0.207286  0.00208698
   0.271344 -0.00424243  0.00208698    0.305276
IMAGINARY
           0 -0.000354956    0.0133452  -0.00391188
 0.000354956            0   -0.0269685    0.0133452
  -0.0133452    0.0269685            0   -0.0215905
  0.00391188   -0.0133452    0.0215905            0
EndNode1[0]<--->Repeater1[0]
REAL
   0.339921  0.00384452   0.0142857    0.239779
 0.00384452    0.185771    0.149832 -0.00519481
  0.0142857    0.149832    0.175231   0.0221295
   0.239779 -0.00519481   0.0221295    0.299078
IMAGINARY
          0  0.00246426 -0.00631728  -0.0062336
-0.00246426           0  -0.0270128 -0.00823299
 0.00631728   0.0270128           0 -0.00114151
  0.0062336  0.00823299  0.00114151           0
EndNode2[0]<--->HoM1[0]
REAL
   0.34005  0.0140117  0.0215677   0.259351
 0.0140117   0.185139   0.160386 0.00606385
 0.0215677   0.160386   0.178841 0.00704089
  0.259351 0.00606385 0.00704089    0.29597
IMAGINARY
          0  -0.0207854  0.00998895 -0.00861902
  0.0207854           0  -0.0249678  -0.0132231
-0.00998895   0.0249678           0  0.00073362
 0.00861902   0.0132231 -0.00073362           0
Repeater1[0]<--->EndNode1[0]
REAL
   0.339921   0.0142857  0.00384452    0.239779
  0.0142857    0.175231    0.149832   0.0221295
 0.00384452    0.149832    0.185771 -0.00519481
   0.239779   0.0221295 -0.00519481    0.299078
IMAGINARY
          0 -0.00631728  0.00246426  -0.0062336
 0.00631728           0   0.0270128 -0.00114151
-0.00246426  -0.0270128           0 -0.00823299
  0.0062336  0.00114151  0.00823299           0
Repeater1[0]<--->HoM1[0]
REAL
   0.34005  0.0215677  0.0140117   0.259351
 0.0215677   0.178841   0.160386 0.00704089
 0.0140117   0.160386   0.185139 0.00606385
  0.259351 0.00704089 0.00606385    0.29597
IMAGINARY
          0  0.00998895  -0.0207854 -0.00861902
-0.00998895           0   0.0249678  0.00073362
  0.0207854  -0.0249678           0  -0.0132231
 0.00861902 -0.00073362   0.0132231           0
EndNode1[0]<--->Repeater1[0]
REAL
   0.341789  -0.0208261 -0.00373443     0.24572
 -0.0208261    0.178905    0.119785 -0.00436021
-0.00373443    0.119785    0.216288  -0.0022125
    0.24572 -0.00436021  -0.0022125    0.263017
IMAGINARY
          0 -0.00512383  -0.0047295  -0.0180895
 0.00512383           0  0.00342286   0.0196921
  0.0047295 -0.00342286           0  -0.0148263
  0.0180895  -0.0196921   0.0148263           0
EndNode2[0]<--->HoM1[0]
REAL
   0.309645  -0.0109461    0.025019    0.250043
 -0.0109461    0.196701    0.138418 -0.00963442
   0.025019    0.138418    0.203046   0.0276127
   0.250043 -0.00963442   0.0276127    0.290609
IMAGINARY
           0 -0.000353532   0.00261701   0.00657741
 0.000353532            0    0.0277234   0.00200651
 -0.00261701   -0.0277234            0  -0.00426998
 -0.00657741  -0.00200651   0.00426998            0
Repeater1[0]<--->EndNode1[0]
REAL
   0.341789 -0.00373443  -0.0208261     0.24572
-0.00373443    0.216288    0.119785  -0.0022125
 -0.0208261    0.119785    0.178905 -0.00436021
    0.24572  -0.0022125 -0.00436021    0.263017
IMAGINARY
          0  -0.0047295 -0.00512383  -0.0180895
  0.0047295           0 -0.00342286  -0.0148263
 0.00512383  0.00342286           0   0.0196921
  0.0180895   0.0148263  -0.0196921           0
Repeater1[0]<--->HoM1[0]
REAL
   0.309645    0.025019  -0.0109461    0.250043
   0.025019    0.203046    0.138418   0.0276127
 -0.0109461    0.138418    0.196701 -0.00963442
   0.250043   0.0276127 -0.00963442    0.290609
IMAGINARY
           0   0.00261701 -0.000353532   0.00657741
 -0.00261701            0   -0.0277234  -0.00426998
 0.000353532    0.0277234            0   0.00200651
 -0.00657741   0.00426998  -0.00200651            0
EndNode1[0]<--->Repeater1[0]
REAL
   0.332515  0.00709044 -0.00593368    0.242526
 0.00709044    0.186503    0.133615  0.00137044
-0.00593368    0.133615    0.185276  0.00268792
   0.242526  0.00137044  0.00268792    0.295706
IMAGINARY
          0  0.00846999 -0.00112574  -0.0104015
-0.00846999           0  0.00783745 -0.00877525
 0.00112574 -0.00783745           0   0.0162825
  0.0104015  0.00877525  -0.0162825           0
EndNode2[0]<--->HoM1[0]
REAL
  0.346062 0.00948313 0.00361437    0.25731
0.00948313   0.211217    0.14714 0.00816574
0.00361437    0.14714   0.174224 0.00622368
   0.25731 0.00816574 0.00622368   0.268496
IMAGINARY
          0 -0.00409033 -0.00362123 -0.00677734
 0.00409033           0  -0.0118794   0.0147034
 0.00362123   0.0118794           0  0.00734978
 0.00677734  -0.0147034 -0.00734978           0
Repeater1[0]<--->EndNode1[0]
REAL
   0.332515 -0.00593368  0.00709044    0.242526
-0.00593368    0.185276    0.133615  0.00268792
 0.00709044    0.133615    0.186503  0.00137044
   0.242526  0.00268792  0.00137044    0.295706
IMAGINARY
          0 -0.00112574  0.00846999  -0.0104015
 0.00112574           0 -0.00783745   0.0162825
-0.00846999  0.00783745           0 -0.00877525
  0.0104015  -0.0162825  0.00877525           0
Repeater1[0]<--->HoM1[0]
REAL
  0.346062 0.00361437 0.00948313    0.25731
0.00361437   0.174224    0.14714 0.00622368
0.00948313    0.14714   0.211217 0.00816574
   0.25731 0.00622368 0.00816574   0.268496
IMAGINARY
          0 -0.00362123 -0.00409033 -0.00677734
 0.00362123           0   0.0118794  0.00734978
 0.00409033  -0.0118794           0   0.0147034
 0.00677734 -0.00734978  -0.0147034           0
EndNode1[0]<--->Repeater1[0]
REAL
   0.303896  0.00458045  0.00656168    0.241889
 0.00458045    0.185714     0.13407 -0.00656168
 0.00656168     0.13407    0.216883   0.0222738
   0.241889 -0.00656168   0.0222738    0.293506
IMAGINARY
          0  0.00196204  0.00428351   -0.014325
-0.00196204           0 -0.00344151   -0.003653
-0.00428351  0.00344151           0   0.0112788
   0.014325    0.003653  -0.0112788           0
EndNode2[0]<--->HoM1[0]
REAL
  0.317073   0.002028   0.015866   0.249534
  0.002028   0.192412   0.161227 -0.0132414
  0.015866   0.161227   0.185637  0.0110954
  0.249534 -0.0132414  0.0110954   0.304878
IMAGINARY
          0  -0.0100312   0.0114832  0.00467406
  0.0100312           0 -0.00531263 -0.00722007
 -0.0114832  0.00531263           0  -0.0112843
-0.00467406  0.00722007   0.0112843           0
Repeater1[0]<--->EndNode1[0]
REAL
   0.303896  0.00656168  0.00458045    0.241889
 0.00656168    0.216883     0.13407   0.0222738
 0.00458045     0.13407    0.185714 -0.00656168
   0.241889   0.0222738 -0.00656168    0.293506
IMAGINARY
          0  0.00428351  0.00196204   -0.014325
-0.00428351           0  0.00344151   0.0112788
-0.00196204 -0.00344151           0   -0.003653
   0.014325  -0.0112788    0.003653           0
Repeater1[0]<--->HoM1[0]
REAL
  0.317073   0.015866   0.002028   0.249534
  0.015866   0.185637   0.161227  0.0110954
  0.002028   0.161227   0.192412 -0.0132414
  0.249534  0.0110954 -0.0132414   0.304878
IMAGINARY
          0   0.0114832  -0.0100312  0.00467406
 -0.0114832           0  0.00531263  -0.0112843
  0.0100312 -0.00531263           0 -0.00722007
-0.00467406   0.0112843  0.00722007           0
EndNode1[0]<--->Repeater1[0]
REAL
  0.362809 -0.0340227 -0.0095848   0.241818
-0.0340227   0.187256      0.131 0.00210351
-0.0095848      0.131   0.191157 0.00160379
  0.241818 0.00210351 0.00160379   0.258778
IMAGINARY
          0 -0.00653264   0.0104693   0.0151011
 0.00653264           0  0.00686277  0.00404257
 -0.0104693 -0.00686277           0  -0.0145755
 -0.0151011 -0.00404257   0.0145755           0
EndNode2[0]<--->HoM1[0]
REAL
   0.313316  -0.0200263  -0.0276901    0.238013
 -0.0200263    0.203655    0.179073 5.18723e-05
 -0.0276901    0.179073    0.190601  0.00243838
   0.238013 5.18723e-05  0.00243838    0.292428
IMAGINARY
          0  0.00618915   0.0159205 -0.00637139
-0.00618915           0 -0.00186689 -0.00598672
 -0.0159205  0.00186689           0   0.0169897
 0.00637139  0.00598672  -0.0169897           0
Repeater1[0]<--->EndNode1[0]
REAL
  0.362809 -0.0095848 -0.0340227   0.241818
-0.0095848   0.191157      0.131 0.00160379
-0.0340227      0.131   0.187256 0.00210351
  0.241818 0.00160379 0.00210351   0.258778
IMAGINARY
          0   0.0104693 -0.00653264   0.0151011
 -0.0104693           0 -0.00686277  -0.0145755
 0.00653264  0.00686277           0  0.00404257
 -0.0151011   0.0145755 -0.00404257           0
Repeater1[0]<--->HoM1[0]
REAL
   0.313316  -0.0276901  -0.0200263    0.238013
 -0.0276901    0.190601    0.179073  0.00243838
 -0.0200263    0.179073    0.203655 5.18723e-05
   0.238013  0.00243838 5.18723e-05    0.292428
IMAGINARY
          0   0.0159205  0.00618915 -0.00637139
 -0.0159205           0  0.00186689   0.0169897
-0.00618915 -0.00186689           0 -0.00598672
 0.00637139  -0.0169897  0.00598672           0
EndNode1[0]<--->Repeater1[0]
REAL
   0.322876  0.00485813   -0.013699    0.253076
 0.00485813    0.179085    0.145841    0.011894
  -0.013699    0.145841    0.196078 -0.00425645
   0.253076    0.011894 -0.00425645    0.301961
IMAGINARY
          0   0.0121409 -0.00762541  -0.0151948
 -0.0121409           0  0.00480519 -0.00141852
 0.00762541 -0.00480519           0  0.00723894
  0.0151948  0.00141852 -0.00723894           0
EndNode2[0]<--->HoM1[0]
REAL
  0.322293  0.0142476 0.00651042   0.264553
 0.0142476   0.197452   0.146906  0.0130208
0.00651042   0.146906   0.198726 0.00267948
  0.264553  0.0130208 0.00267948   0.281529
IMAGINARY
          0  -0.0124635 -0.00990213    0.012179
  0.0124635           0  0.00334059 -0.00927946
 0.00990213 -0.00334059           0 -0.00543927
  -0.012179  0.00927946  0.00543927           0
Repeater1[0]<--->EndNode1[0]
REAL
   0.322876   -0.013699  0.00485813    0.253076
  -0.013699    0.196078    0.145841 -0.00425645
 0.00485813    0.145841    0.179085    0.011894
   0.253076 -0.00425645    0.011894    0.301961
IMAGINARY
          0 -0.00762541   0.0121409  -0.0151948
 0.00762541           0 -0.00480519  0.00723894
 -0.0121409  0.00480519           0 -0.00141852
  0.0151948 -0.00723894  0.00141852           0
Repeater1[0]<--->HoM1[0]
REAL
  0.322293 0.00651042  0.0142476   0.264553
0.00651042   0.198726   0.146906 0.00267948
 0.0142476   0.146906   0.197452  0.0130208
  0.264553 0.00267948  0.0130208   0.281529
IMAGINARY
          0 -0.00990213  -0.0124635    0.012179
 0.00990213           0 -0.00334059 -0.00543927
  0.0124635  0.00334059           0 -0.00927946
  -0.012179  0.00543927  0.00927946           0
EndNode1[0]<--->Repeater1[0]
REAL
    0.346105   0.00493385   0.00127999     0.227186
  0.00493385     0.200511     0.141973  -0.00461778
  0.00127999     0.141973      0.16986 -0.000260954
    0.227186  -0.00461778 -0.000260954     0.283525
IMAGINARY
           0   0.00396159   0.00577135 -0.000705092
 -0.00396159            0   0.00321136   0.00049431
 -0.00577135  -0.00321136            0  -0.00646786
 0.000705092  -0.00049431   0.00646786            0
EndNode2[0]<--->HoM1[0]
REAL
  0.352185 -0.0142053 0.00699555   0.266426
-0.0142053   0.186375   0.131587 0.00823624
0.00699555   0.131587   0.177378  0.0201656
  0.266426 0.00823624  0.0201656   0.284062
IMAGINARY
          0   0.0205013 -0.00870968  -0.0116279
 -0.0205013           0   0.0116279 -0.00870968
 0.00870968  -0.0116279           0 -0.00179166
  0.0116279  0.00870968  0.00179166           0
Repeater1[0]<--->EndNode1[0]
REAL
    0.346105   0.00127999   0.00493385     0.227186
  0.00127999      0.16986     0.141973 -0.000260954
  0.00493385     0.141973     0.200511  -0.00461778
    0.227186 -0.000260954  -0.00461778     0.283525
IMAGINARY
           0   0.00577135   0.00396159 -0.000705092
 -0.00577135            0  -0.00321136  -0.00646786
 -0.00396159   0.00321136            0   0.00049431
 0.000705092   0.00646786  -0.00049431            0
Repeater1[0]<--->HoM1[0]
REAL
  0.352185 0.00699555 -0.0142053   0.266426
0.00699555   0.177378   0.131587  0.0201656
-0.0142053   0.131587   0.186375 0.00823624
  0.266426  0.0201656 0.00823624   0.284062
IMAGINARY
          0 -0.00870968   0.0205013  -0.0116279
 0.00870968           0  -0.0116279 -0.00179166
 -0.0205013   0.0116279           0 -0.00870968
  0.0116279  0.00179166  0.00870968           0
EndNode1[0]<--->Repeater1[0]
REAL
  0.324967 -0.0113254  0.0124212    0.25493
-0.0113254   0.191546   0.124689 -0.0118252
 0.0124212   0.124689   0.192867  0.0131132
   0.25493 -0.0118252  0.0131132   0.290621
IMAGINARY
           0  0.000355915    0.0158373     0.014862
-0.000355915            0     0.011112   -0.0228259
  -0.0158373    -0.011112            0  -0.00226189
   -0.014862    0.0228259   0.00226189            0
EndNode2[0]<--->HoM1[0]
REAL
   0.285541  -0.0149199  -0.0310631    0.257162
 -0.0149199    0.191981    0.146858 -0.00590185
 -0.0310631    0.146858    0.215067  -0.0116689
   0.257162 -0.00590185  -0.0116689    0.307412
IMAGINARY
          0  -0.0128952 -0.00903531  0.00460141
  0.0128952           0  0.00794813   0.0070538
 0.00903531 -0.00794813           0  0.00034566
-0.00460141  -0.0070538 -0.00034566           0
Repeater1[0]<--->EndNode1[0]
REAL
  0.324967  0.0124212 -0.0113254    0.25493
 0.0124212   0.192867   0.124689  0.0131132
-0.0113254   0.124689   0.191546 -0.0118252
   0.25493  0.0131132 -0.0118252   0.290621
IMAGINARY
           0    0.0158373  0.000355915     0.014862
  -0.0158373            0    -0.011112  -0.00226189
-0.000355915     0.011112            0   -0.0228259
   -0.014862   0.00226189    0.0228259            0
Repeater1[0]<--->HoM1[0]
REAL
   0.285541  -0.0310631  -0.0149199    0.257162
 -0.0310631    0.215067    0.146858  -0.0116689
 -0.0149199    0.146858    0.191981 -0.00590185
   0.257162  -0.0116689 -0.00590185    0.307412
IMAGINARY
          0 -0.00903531  -0.0128952  0.00460141
 0.00903531           0 -0.00794813  0.00034566
  0.0128952  0.00794813           0   0.0070538
-0.00460141 -0.00034566  -0.0070538           0
EndNode1[0]<--->Repeater1[0]
REAL
   0.351828  -0.0165658  0.00532554    0.261819
 -0.0165658    0.165195    0.129373 -0.00143953
 0.00532554    0.129373     0.18285  0.00749841
   0.261819 -0.00143953  0.00749841    0.300126
IMAGINARY
          0  -0.0133668   0.0205373 -0.00499137
  0.0133668           0   0.0184357   0.0168518
 -0.0205373  -0.0184357           0   -0.011348
 0.00499137  -0.0168518    0.011348           0
EndNode2[0]<--->HoM1[0]
REAL
   0.312585  -0.0027703 -0.00420673    0.260177
 -0.0027703    0.170501    0.154486 -0.00420673
-0.00420673    0.154486    0.213802 0.000366458
   0.260177 -0.00420673 0.000366458    0.303112
IMAGINARY
          0   0.0141259  -0.0111201  -0.0269979
 -0.0141259           0  0.00984418    0.001635
  0.0111201 -0.00984418           0  -0.0168359
  0.0269979   -0.001635   0.0168359           0
Repeater1[0]<--->EndNode1[0]
REAL
   0.351828  0.00532554  -0.0165658    0.261819
 0.00532554     0.18285    0.129373  0.00749841
 -0.0165658    0.129373    0.165195 -0.00143953
   0.261819  0.00749841 -0.00143953    0.300126
IMAGINARY
          0   0.0205373  -0.0133668 -0.00499137
 -0.0205373           0  -0.0184357   -0.011348
  0.0133668   0.0184357           0   0.0168518
 0.00499137    0.011348  -0.0168518           0
Repeater1[0]<--->HoM1[0]
REAL
   0.312585 -0.00420673  -0.0027703    0.260177
-0.00420673    0.213802    0.154486 0.000366458
 -0.0027703    0.154486    0.170501 -0.00420673
   0.260177 0.000366458 -0.00420673    0.303112
IMAGINARY
          0  -0.0111201   0.0141259  -0.0269979
  0.0111201           0 -0.00984418  -0.0168359
 -0.0141259  0.00984418           0    0.001635
  0.0269979   0.0168359   -0.001635           0
EndNode1[0]<--->Repeater1[0]
REAL
   0.322751 -0.00413483 -0.00828767     0.24846
-0.00413483    0.218254    0.156857  -0.0144101
-0.00828767    0.156857    0.183862 -0.00170174
    0.24846  -0.0144101 -0.00170174    0.275132
IMAGINARY
          0  -0.0130322   0.0073941 -0.00532472
  0.0130322           0  0.00962976  0.00151175
 -0.0073941 -0.00962976           0  -0.0175022
 0.00532472 -0.00151175   0.0175022           0
EndNode2[0]<--->HoM1[0]
REAL
  0.314746 -0.0145517  -0.020066   0.270485
-0.0145517    0.19083   0.150878  0.0115469
 -0.020066   0.150878   0.201983 0.00603266
  0.270485  0.0115469 0.00603266   0.292441
IMAGINARY
          0  -0.0108279 -0.00490196  0.00311839
  0.0108279           0 -0.00376522 -0.00490196
 0.00490196  0.00376522           0  0.00886713
-0.00311839  0.00490196 -0.00886713           0
Repeater1[0]<--->EndNode1[0]
REAL
   0.322751 -0.00828767 -0.00413483     0.24846
-0.00828767    0.183862    0.156857 -0.00170174
-0.00413483    0.156857    0.218254  -0.0144101
    0.24846 -0.00170174  -0.0144101    0.275132
IMAGINARY
          0   0.0073941  -0.0130322 -0.00532472
 -0.0073941           0 -0.00962976  -0.0175022
  0.0130322  0.00962976           0  0.00151175
 0.00532472   0.0175022 -0.00151175           0
Repeater1[0]<--->HoM1[0]
REAL
  0.314746  -0.020066 -0.0145517   0.270485
 -0.020066   0.201983   0.150878 0.00603266
-0.0145517   0.150878    0.19083  0.0115469
  0.270485 0.00603266  0.0115469   0.292441
IMAGINARY
          0 -0.00490196  -0.0108279  0.00311839
 0.00490196           0  0.00376522  0.00886713
  0.0108279 -0.00376522           0 -0.00490196
-0.00311839 -0.00886713  0.00490196           0
EndNode1[0]<--->Repeater1[0]
REAL
  0.304813 -0.0125551  0.0068204   0.232976
-0.0125551   0.208556   0.136305  0.0055979
 0.0068204   0.136305    0.21123  0.0197446
  0.232976  0.0055979  0.0197446   0.275401
IMAGINARY
           0    0.0149281 -0.000796646   0.00640735
  -0.0149281            0  -0.00578777    0.0142409
 0.000796646   0.00578777            0   -0.0168488
 -0.00640735   -0.0142409    0.0168488            0
EndNode2[0]<--->HoM1[0]
REAL
   0.330287   0.0067498 -0.00153766    0.258887
  0.0067498    0.193211    0.160684  0.00555911
-0.00153766    0.160684    0.189295  -0.0134522
   0.258887  0.00555911  -0.0134522    0.287206
IMAGINARY
           0     0.021637    -0.015565  -0.00960453
   -0.021637            0  0.000876354  -0.00304857
    0.015565 -0.000876354            0  -0.00173966
  0.00960453   0.00304857   0.00173966            0
Repeater1[0]<--->EndNode1[0]
REAL
  0.304813  0.0068204 -0.0125551   0.232976
 0.0068204    0.21123   0.136305  0.0197446
-0.0125551   0.136305   0.208556  0.0055979
  0.232976  0.0197446  0.0055979   0.275401
IMAGINARY
           0 -0.000796646    0.0149281   0.00640735
 0.000796646            0   0.00578777   -0.0168488
  -0.0149281  -0.00578777            0    0.0142409
 -0.00640735    0.0168488   -0.0142409            0
Repeater1[0]<--->HoM1[0]
REAL
   0.330287 -0.00153766   0.0067498    0.258887
-0.00153766    0.189295    0.160684  -0.0134522
  0.0067498    0.160684    0.193211  0.00555911
   0.258887  -0.0134522  0.00555911    0.287206
IMAGINARY
           0    -0.015565     0.021637  -0.00960453
    0.015565            0 -0.000876354  -0.00173966
   -0.021637  0.000876354            0  -0.00304857
  0.00960453   0.00173966   0.00304857            0
EndNode1[0]<--->Repeater1[0]
REAL
   0.296248 -0.00441716  0.00298805     0.24481
-0.00441716    0.208279    0.158789 -0.00298805
 0.00298805    0.158789    0.209573   0.0082732
    0.24481 -0.00298805   0.0082732    0.285899
IMAGINARY
           0    0.0071707 -0.000856652  -0.00590785
  -0.0071707            0    0.0156608   0.00757708
 0.000856652   -0.0156608            0   -0.0165793
  0.00590785  -0.00757708    0.0165793            0
EndNode2[0]<--->HoM1[0]
REAL
   0.357692   0.0110169  0.00631721    0.275781
  0.0110169    0.198718    0.159115 -0.00241096
 0.00631721    0.159115    0.161538 -0.00971481
   0.275781 -0.00241096 -0.00971481    0.282051
IMAGINARY
          0  0.00384615  0.00604831  -0.0232641
-0.00384615           0  0.00398388  -0.0137406
-0.00604831 -0.00398388           0   0.0102564
  0.0232641   0.0137406  -0.0102564           0
Repeater1[0]<--->EndNode1[0]
REAL
   0.296248  0.00298805 -0.00441716     0.24481
 0.00298805    0.209573    0.158789   0.0082732
-0.00441716    0.158789    0.208279 -0.00298805
    0.24481   0.0082732 -0.00298805    0.285899
IMAGINARY
           0 -0.000856652    0.0071707  -0.00590785
 0.000856652            0   -0.0156608   -0.0165793
  -0.0071707    0.0156608            0   0.00757708
  0.00590785    0.0165793  -0.00757708            0
Repeater1[0]<--->HoM1[0]
REAL
   0.357692  0.00631721   0.0110169    0.275781
 0.00631721    0.161538    0.159115 -0.00971481
  0.0110169    0.159115    0.198718 -0.00241096
   0.275781 -0.00971481 -0.00241096    0.282051
IMAGINARY
          0  0.00604831  0.00384615  -0.0232641
-0.00604831           0 -0.00398388   0.0102564
-0.00384615  0.00398388           0  -0.0137406
  0.0232641  -0.0102564   0.0137406           0
EndNode1[0]<--->Repeater1[0]
REAL
   0.328733   0.0011047  0.00415674    0.255368
  0.0011047    0.196989    0.127279    -0.01352
 0.00415674    0.127279     0.19197 -0.00547424
   0.255368    -0.01352 -0.00547424    0.282309
IMAGINARY
           0  -0.00357607   -0.0045766    0.0212708
  0.00357607            0  0.000411163   -0.0142791
   0.0045766 -0.000411163            0  -0.00357607
  -0.0212708    0.0142791   0.00357607            0
EndNode2[0]<--->HoM1[0]
REAL
   0.322097 -0.00579742 -0.00117641    0.249097
-0.00579742    0.187266    0.171708  -0.0182867
-0.00117641    0.171708    0.202247  -0.0150079
   0.249097  -0.0182867  -0.0150079     0.28839
IMAGINARY
          0   0.0201699  -0.0250205 -0.00652934
 -0.0201699           0 -0.00718637   0.0122344
  0.0250205  0.00718637           0   0.0033833
 0.00652934  -0.0122344  -0.0033833           0
Repeater1[0]<--->EndNode1[0]
REAL
   0.328733  0.00415674   0.0011047    0.255368
 0.00415674     0.19197    0.127279 -0.00547424
  0.0011047    0.127279    0.196989    -0.01352
   0.255368 -0.00547424    -0.01352    0.282309
IMAGINARY
           0   -0.0045766  -0.00357607    0.0212708
   0.0045766            0 -0.000411163  -0.00357607
  0.00357607  0.000411163            0   -0.0142791
  -0.0212708   0.00357607    0.0142791            0
Repeater1[0]<--->HoM1[0]
REAL
   0.322097 -0.00117641 -0.00579742    0.249097
-0.00117641    0.202247    0.171708  -0.0150079
-0.00579742    0.171708    0.187266  -0.0182867
   0.249097  -0.0150079  -0.0182867     0.28839
IMAGINARY
          0  -0.0250205   0.0201699 -0.00652934
  0.0250205           0  0.00718637   0.0033833
 -0.0201699 -0.00718637           0   0.0122344
 0.00652934  -0.0033833  -0.0122344           0
EndNode1[0]<--->Repeater1[0]
REAL
  0.325737 -0.0110701 -0.0147432   0.243806
-0.0110701   0.180965   0.147676 0.00482492
-0.0147432   0.147676   0.218499 -0.0116836
  0.243806 0.00482492 -0.0116836   0.274799
IMAGINARY
          0   0.0139557   -0.007651 -0.00141358
 -0.0139557           0  0.00982238  -0.0195558
   0.007651 -0.00982238           0 -0.00609601
 0.00141358   0.0195558  0.00609601           0
EndNode2[0]<--->HoM1[0]
REAL
   0.335535  0.00670446 -0.00841931    0.247684
 0.00670446     0.21004    0.156286    0.016742
-0.00841931    0.156286    0.173052  0.00802025
   0.247684    0.016742  0.00802025    0.281374
IMAGINARY
          0  -0.0181729 -0.00245047 -0.00210758
  0.0181729           0   0.0152162 -0.00830222
 0.00245047  -0.0152162           0  -0.0194615
 0.00210758  0.00830222   0.0194615           0
Repeater1[0]<--->EndNode1[0]
REAL
  0.325737 -0.0147432 -0.0110701   0.243806
-0.0147432   0.218499   0.147676 -0.0116836
-0.0110701   0.147676   0.180965 0.00482492
  0.243806 -0.0116836 0.00482492   0.274799
IMAGINARY
          0   -0.007651   0.0139557 -0.00141358
   0.007651           0 -0.00982238 -0.00609601
 -0.0139557  0.00982238           0  -0.0195558
 0.00141358  0.00609601   0.0195558           0
Repeater1[0]<--->HoM1[0]
REAL
   0.335535 -0.00841931  0.00670446    0.247684
-0.00841931    0.173052    0.156286  0.00802025
 0.00670446    0.156286     0.21004    0.016742
   0.247684  0.00802025    0.016742    0.281374
IMAGINARY
          0 -0.00245047  -0.0181729 -0.00210758
 0.00245047           0  -0.0152162  -0.0194615
  0.0181729   0.0152162           0 -0.00830222
 0.00210758   0.0194615  0.00830222           0
EndNode1[0]<--->Repeater1[0]
REAL
   0.320102 -0.00888529 -0.00170742    0.250112
-0.00888529    0.193342     0.13186  -0.0183963
-0.00170742     0.13186     0.18822 0.000454683
   0.250112  -0.0183963 0.000454683    0.298335
IMAGINARY
           0   0.00423369   -0.0147522    0.0171323
 -0.00423369            0  -0.00667721   -0.0109547
   0.0147522   0.00667721            0 -0.000377645
  -0.0171323    0.0109547  0.000377645            0
EndNode2[0]<--->HoM1[0]
REAL
  0.362225 -0.0201782 -0.0114578   0.265242
-0.0201782   0.173351    0.14908 -0.0243479
-0.0114578    0.14908   0.187581 -0.0117911
  0.265242 -0.0243479 -0.0117911   0.276843
IMAGINARY
          0  -0.0205271 -0.00411192 -0.00662538
  0.0205271           0  0.00280858  0.00916242
 0.00411192 -0.00280858           0  -0.0198769
 0.00662538 -0.00916242   0.0198769           0
Repeater1[0]<--->EndNode1[0]
REAL
   0.320102 -0.00170742 -0.00888529    0.250112
-0.00170742     0.18822     0.13186 0.000454683
-0.00888529     0.13186    0.193342  -0.0183963
   0.250112 0.000454683  -0.0183963    0.298335
IMAGINARY
           0   -0.0147522   0.00423369    0.0171323
   0.0147522            0   0.00667721 -0.000377645
 -0.00423369  -0.00667721            0   -0.0109547
  -0.0171323  0.000377645    0.0109547            0
Repeater1[0]<--->HoM1[0]
REAL
  0.362225 -0.0114578 -0.0201782   0.265242
-0.0114578   0.187581    0.14908 -0.0117911
-0.0201782    0.14908   0.173351 -0.0243479
  0.265242 -0.0117911 -0.0243479   0.276843
IMAGINARY
          0 -0.00411192  -0.0205271 -0.00662538
 0.00411192           0 -0.00280858  -0.0198769
  0.0205271  0.00280858           0  0.00916242
 0.00662538   0.0198769 -0.00916242           0
EndNode1[0]<--->Repeater1[0]
REAL
   0.317419  -0.0119646  -0.0104093    0.238874
 -0.0119646    0.205161    0.137838  -0.0128784
 -0.0104093    0.137838    0.190968 -0.00310387
   0.238874  -0.0128784 -0.00310387    0.286452
IMAGINARY
          0 -0.00971503 -0.00179835   0.0016783
 0.00971503           0  -0.0246375    0.012161
 0.00179835   0.0246375           0  0.00194301
 -0.0016783   -0.012161 -0.00194301           0
EndNode2[0]<--->HoM1[0]
REAL
  0.307692 -0.0244152 -0.0180345   0.255056
-0.0244152   0.204694   0.155566  -0.014349
-0.0180345   0.155566   0.178618 0.00628053
  0.255056  -0.014349 0.00628053   0.308996
IMAGINARY
          0  -0.0162153   0.0079828  -0.0211194
  0.0162153           0   0.0165562  0.00987435
 -0.0079828  -0.0165562           0  0.00856229
