EndNode1[0]<--->Repeater1[0]
REAL
  0.495695  0.0282833 -0.0137671  0.0492777
 0.0282833   0.348093  0.0081636 -0.0175645
-0.0137671  0.0081636   0.105781  0.0043538
 0.0492777 -0.0175645  0.0043538  0.0504305
IMAGINARY
          0 -0.00101853  0.00522193  0.00297326
 0.00101853           0  -0.0160623 -0.00522193
-0.00522193   0.0160623           0 -0.00428651
-0.00297326  0.00522193  0.00428651           0
EndNode2[0]<--->BSA[0]
REAL
   0.444159  -0.0130855 -0.00343723   0.0791612
 -0.0130855    0.134788   0.0208388  -0.0112294
-0.00343723   0.0208388    0.306804   0.0197522
  0.0791612  -0.0112294   0.0197522    0.114249
IMAGINARY
          0 -0.00514497   0.0040392  -0.0104864
 0.00514497           0  0.00414124 -0.00207327
 -0.0040392 -0.00414124           0  0.00973213
  0.0104864  0.00207327 -0.00973213           0
Repeater1[0]<--->EndNode1[0]
REAL
  0.495695 -0.0137671  0.0282833  0.0492777
-0.0137671   0.105781  0.0081636  0.0043538
 0.0282833  0.0081636   0.348093 -0.0175645
 0.0492777  0.0043538 -0.0175645  0.0504305
IMAGINARY
          0  0.00522193 -0.00101853  0.00297326
-0.00522193           0   0.0160623 -0.00428651
 0.00101853  -0.0160623           0 -0.00522193
-0.00297326  0.00428651  0.00522193           0
Repeater1[0]<--->BSA[0]
REAL
   0.444159 -0.00343723  -0.0130855   0.0791612
-0.00343723    0.306804   0.0208388   0.0197522
 -0.0130855   0.0208388    0.134788  -0.0112294
  0.0791612   0.0197522  -0.0112294    0.114249
IMAGINARY
          0   0.0040392 -0.00514497  -0.0104864
 -0.0040392           0 -0.00414124  0.00973213
 0.00514497  0.00414124           0 -0.00207327
  0.0104864 -0.00973213  0.00207327           0
EndNode1[0]<--->Repeater1[0]
REAL
  0.478643 -0.0162961  0.0214904  0.0176082
-0.0162961   0.363065 -0.0214543  0.0131249
 0.0214904 -0.0214543   0.106784  0.0188602
 0.0176082  0.0131249  0.0188602  0.0515075
IMAGINARY
          0 -0.00411329  -0.0114228   0.0120534
 0.00411329           0  -0.0173584  0.00751657
  0.0114228   0.0173584           0  0.00801954
 -0.0120534 -0.00751657 -0.00801954           0
EndNode2[0]<--->BSA[0]
REAL
   0.464646  0.00567705 -0.00277681   0.0870008
 0.00567705    0.106061   0.0140423 -0.00960911
-0.00277681   0.0140423    0.311869  -0.0024176
  0.0870008 -0.00960911  -0.0024176    0.117424
IMAGINARY
           0  -0.00435074    0.0123677  0.000563658
  0.00435074            0   -0.0268794   -0.0103596
  -0.0123677    0.0268794            0  -0.00435074
-0.000563658    0.0103596   0.00435074            0
Repeater1[0]<--->EndNode1[0]
REAL
  0.478643  0.0214904 -0.0162961  0.0176082
 0.0214904   0.106784 -0.0214543  0.0188602
-0.0162961 -0.0214543   0.363065  0.0131249
 0.0176082  0.0188602  0.0131249  0.0515075
IMAGINARY
          0  -0.0114228 -0.00411329   0.0120534
  0.0114228           0   0.0173584  0.00801954
 0.00411329  -0.0173584           0  0.00751657
 -0.0120534 -0.00801954 -0.00751657           0
Repeater1[0]<--->BSA[0]
REAL
   0.464646 -0.00277681  0.00567705   0.0870008
-0.00277681    0.311869   0.0140423  -0.0024176
 0.00567705   0.0140423    0.106061 -0.00960911
  0.0870008  -0.0024176 -0.00960911    0.117424
IMAGINARY
           0    0.0123677  -0.00435074  0.000563658
  -0.0123677            0    0.0268794  -0.00435074
  0.00435074   -0.0268794            0   -0.0103596
-0.000563658   0.00435074    0.0103596            0
EndNode1[0]<--->Repeater1[0]
REAL
  0.455584  0.0267376  0.0124388    0.02204
 0.0267376   0.380711 0.00649597 -0.0186423
 0.0124388 0.00649597   0.110406 -0.0056458
   0.02204 -0.0186423 -0.0056458  0.0532995
IMAGINARY
          0  -0.0146643  -0.0113897 -0.00446438
  0.0146643           0  0.00634643  -0.0171077
  0.0113897 -0.00634643           0 -0.00087979
 0.00446438   0.0171077  0.00087979           0
EndNode2[0]<--->BSA[0]
REAL
   0.458599  -0.0155296  -0.0124787   0.0704184
 -0.0155296    0.129936 -0.00509179  -0.0164157
 -0.0124787 -0.00509179    0.309554 -0.00582716
  0.0704184  -0.0164157 -0.00582716    0.101911
IMAGINARY
          0 -0.00646259  -0.0141378 -0.00755319
 0.00646259           0   0.0173812  -0.0110322
  0.0141378  -0.0173812           0 -0.00646259
 0.00755319   0.0110322  0.00646259           0
Repeater1[0]<--->EndNode1[0]
REAL
  0.455584  0.0124388  0.0267376    0.02204
 0.0124388   0.110406 0.00649597 -0.0056458
 0.0267376 0.00649597   0.380711 -0.0186423
   0.02204 -0.0056458 -0.0186423  0.0532995
IMAGINARY
          0  -0.0113897  -0.0146643 -0.00446438
  0.0113897           0 -0.00634643 -0.00087979
  0.0146643  0.00634643           0  -0.0171077
 0.00446438  0.00087979   0.0171077           0
Repeater1[0]<--->BSA[0]
REAL
   0.458599  -0.0124787  -0.0155296   0.0704184
 -0.0124787    0.309554 -0.00509179 -0.00582716
 -0.0155296 -0.00509179    0.129936  -0.0164157
  0.0704184 -0.00582716  -0.0164157    0.101911
IMAGINARY
          0  -0.0141378 -0.00646259 -0.00755319
  0.0141378           0  -0.0173812 -0.00646259
 0.00646259   0.0173812           0  -0.0110322
 0.00755319  0.00646259   0.0110322           0
