EndNode1[0]<--->Repeater1[0]
REAL
   0.501351  -0.0030152  0.00807022    0.388168
 -0.0030152   0.0540541  -0.0032229  -0.0160262
 0.00807022  -0.0032229   0.0554054 -0.00494074
   0.388168  -0.0160262 -0.00494074    0.389189
IMAGINARY
         0   0.018406 -0.0215022   -0.01478
 -0.018406          0  0.0092313 -0.0109481
 0.0215022 -0.0092313          0  0.0246404
   0.01478  0.0109481 -0.0246404          0
EndNode2[0]<--->HoM1[0]
REAL
   0.454429 -0.00343799 0.000488776    0.410452
-0.00343799   0.0436457   0.0068227 -0.00292187
0.000488776   0.0068227   0.0539153   0.0107373
   0.410452 -0.00292187   0.0107373     0.44801
IMAGINARY
          0   0.0124303  0.00893282  -0.0208918
 -0.0124303           0    0.012695  0.00170548
-0.00893282   -0.012695           0  -0.0143077
  0.0208918 -0.00170548   0.0143077           0
Repeater1[0]<--->EndNode1[0]
REAL
   0.501351  0.00807022  -0.0030152    0.388168
 0.00807022   0.0554054  -0.0032229 -0.00494074
 -0.0030152  -0.0032229   0.0540541  -0.0160262
   0.388168 -0.00494074  -0.0160262    0.389189
IMAGINARY
         0 -0.0215022   0.018406   -0.01478
 0.0215022          0 -0.0092313  0.0246404
 -0.018406  0.0092313          0 -0.0109481
   0.01478 -0.0246404  0.0109481          0
Repeater1[0]<--->HoM1[0]
REAL
   0.454429 0.000488776 -0.00343799    0.410452
0.000488776   0.0539153   0.0068227   0.0107373
-0.00343799   0.0068227   0.0436457 -0.00292187
   0.410452   0.0107373 -0.00292187     0.44801
IMAGINARY
          0  0.00893282   0.0124303  -0.0208918
-0.00893282           0   -0.012695  -0.0143077
 -0.0124303    0.012695           0  0.00170548
  0.0208918   0.0143077 -0.00170548           0
EndNode1[0]<--->Repeater1[0]
REAL
  0.482289  0.0181841  0.0189183   0.391444
 0.0181841  0.0476839  0.0145965 0.00322935
 0.0189183  0.0145965  0.0681199  0.0200709
  0.391444 0.00322935  0.0200709   0.401907
IMAGINARY
          0  -0.0108934 -0.00497993  0.00306493
  0.0108934           0  -0.0103497 -0.00240923
 0.00497993   0.0103497           0  0.00843031
-0.00306493  0.00240923 -0.00843031           0
EndNode2[0]<--->HoM1[0]
REAL
  0.460076 -0.0140437 0.00503518   0.403243
-0.0140437  0.0456274 -0.0166573   0.012038
0.00503518 -0.0166573  0.0405577  0.0177023
  0.403243   0.012038  0.0177023   0.453739
IMAGINARY
          0  -0.0198265    0.019681 -0.00242098
  0.0198265           0  0.00555774  0.00973076
  -0.019681 -0.00555774           0  0.00293035
 0.00242098 -0.00973076 -0.00293035           0
Repeater1[0]<--->EndNode1[0]
REAL
  0.482289  0.0189183  0.0181841   0.391444
 0.0189183  0.0681199  0.0145965  0.0200709
 0.0181841  0.0145965  0.0476839 0.00322935
  0.391444  0.0200709 0.00322935   0.401907
IMAGINARY
          0 -0.00497993  -0.0108934  0.00306493
 0.00497993           0   0.0103497  0.00843031
  0.0108934  -0.0103497           0 -0.00240923
-0.00306493 -0.00843031  0.00240923           0
Repeater1[0]<--->HoM1[0]
REAL
  0.460076 0.00503518 -0.0140437   0.403243
0.00503518  0.0405577 -0.0166573  0.0177023
-0.0140437 -0.0166573  0.0456274   0.012038
  0.403243  0.0177023   0.012038   0.453739
IMAGINARY
          0    0.019681  -0.0198265 -0.00242098
  -0.019681           0 -0.00555774  0.00293035
  0.0198265  0.00555774           0  0.00973076
 0.00242098 -0.00293035 -0.00973076           0
EndNode1[0]<--->Repeater1[0]
REAL
   0.474172  -0.0073241  -0.0146744    0.402036
 -0.0073241   0.0410596 2.77556e-17 0.000679447
 -0.0146744 2.77556e-17   0.0543046 -0.00539855
   0.402036 0.000679447 -0.00539855    0.430464
IMAGINARY
          0  0.00900209  -0.0126525 -0.00825465
-0.00900209           0  -0.0242974 -0.00897601
  0.0126525   0.0242974           0 -0.00391304
 0.00825465  0.00897601  0.00391304           0
EndNode2[0]<--->HoM1[0]
REAL
   0.478621 -0.00983397 -0.00554187    0.395693
-0.00983397   0.0496552  0.00578479  -0.0264778
-0.00554187  0.00578479   0.0455172  -0.0246488
   0.395693  -0.0264778  -0.0246488    0.426207
IMAGINARY
          0   -0.017739  0.00190813 -0.00842894
   0.017739           0  0.00778377 -0.00911652
-0.00190813 -0.00778377           0   0.0170836
 0.00842894  0.00911652  -0.0170836           0
Repeater1[0]<--->EndNode1[0]
REAL
   0.474172  -0.0146744  -0.0073241    0.402036
 -0.0146744   0.0543046 2.77556e-17 -0.00539855
 -0.0073241 2.77556e-17   0.0410596 0.000679447
   0.402036 -0.00539855 0.000679447    0.430464
IMAGINARY
          0  -0.0126525  0.00900209 -0.00825465
  0.0126525           0   0.0242974 -0.00391304
-0.00900209  -0.0242974           0 -0.00897601
 0.00825465  0.00391304  0.00897601           0
Repeater1[0]<--->HoM1[0]
REAL
   0.478621 -0.00554187 -0.00983397    0.395693
-0.00554187   0.0455172  0.00578479  -0.0246488
-0.00983397  0.00578479   0.0496552  -0.0264778
   0.395693  -0.0246488  -0.0264778    0.426207
IMAGINARY
          0  0.00190813   -0.017739 -0.00842894
-0.00190813           0 -0.00778377   0.0170836
   0.017739  0.00778377           0 -0.00911652
 0.00842894  -0.0170836  0.00911652           0
EndNode1[0]<--->Repeater1[0]
REAL
  0.483784 0.00292938 -0.0231065   0.384496
0.00292938  0.0472973 0.00382195 0.00320924
-0.0231065 0.00382195  0.0621622 -0.0138408
  0.384496 0.00320924 -0.0138408   0.406757
IMAGINARY
         0 -0.0106819  0.0271969  0.0124402
 0.0106819          0  0.0048453  0.0227383
-0.0271969 -0.0048453          0 -0.0392533
-0.0124402 -0.0227383  0.0392533          0
EndNode2[0]<--->HoM1[0]
REAL
    0.47037  0.00196809 -0.00129032    0.413689
 0.00196809   0.0407407 -0.00143065   -0.016129
-0.00129032 -0.00143065   0.0432099  -0.0219681
   0.413689   -0.016129  -0.0219681    0.445679
IMAGINARY
           0  -0.00260177   0.00692322   -0.0179706
  0.00260177            0   -0.0110698  -0.00161818
 -0.00692322    0.0110698            0 -5.07497e-05
   0.0179706   0.00161818  5.07497e-05            0
Repeater1[0]<--->EndNode1[0]
REAL
  0.483784 -0.0231065 0.00292938   0.384496
-0.0231065  0.0621622 0.00382195 -0.0138408
0.00292938 0.00382195  0.0472973 0.00320924
  0.384496 -0.0138408 0.00320924   0.406757
IMAGINARY
         0  0.0271969 -0.0106819  0.0124402
-0.0271969          0 -0.0048453 -0.0392533
 0.0106819  0.0048453          0  0.0227383
-0.0124402  0.0392533 -0.0227383          0
Repeater1[0]<--->HoM1[0]
REAL
    0.47037 -0.00129032  0.00196809    0.413689
-0.00129032   0.0432099 -0.00143065  -0.0219681
 0.00196809 -0.00143065   0.0407407   -0.016129
   0.413689  -0.0219681   -0.016129    0.445679
IMAGINARY
           0   0.00692322  -0.00260177   -0.0179706
 -0.00692322            0    0.0110698 -5.07497e-05
  0.00260177   -0.0110698            0  -0.00161818
   0.0179706  5.07497e-05   0.00161818            0
EndNode1[0]<--->Repeater1[0]
REAL
   0.454436 -0.00126904   0.0196667    0.395584
-0.00126904   0.0491607  0.00416264  -0.0158596
  0.0196667  0.00416264   0.0611511 -0.00126904
   0.395584  -0.0158596 -0.00126904    0.435252
IMAGINARY
           0    0.0222084  -0.00361252    0.0109603
  -0.0222084            0   0.00168955   -0.0124733
  0.00361252  -0.00168955            0  0.000579853
  -0.0109603    0.0124733 -0.000579853            0
EndNode2[0]<--->HoM1[0]
REAL
    0.476064  -0.00616222   0.00551854     0.402704
 -0.00616222    0.0518617 -0.000718936   0.00688841
  0.00551854 -0.000718936    0.0425532   0.00492152
    0.402704   0.00688841   0.00492152     0.429521
IMAGINARY
          0 -0.00504239   0.0141292  0.00997214
 0.00504239           0  0.00136287  -0.0202417
 -0.0141292 -0.00136287           0   0.0172673
-0.00997214   0.0202417  -0.0172673           0
Repeater1[0]<--->EndNode1[0]
REAL
   0.454436   0.0196667 -0.00126904    0.395584
  0.0196667   0.0611511  0.00416264 -0.00126904
-0.00126904  0.00416264   0.0491607  -0.0158596
   0.395584 -0.00126904  -0.0158596    0.435252
IMAGINARY
           0  -0.00361252    0.0222084    0.0109603
  0.00361252            0  -0.00168955  0.000579853
  -0.0222084   0.00168955            0   -0.0124733
  -0.0109603 -0.000579853    0.0124733            0
Repeater1[0]<--->HoM1[0]
REAL
    0.476064   0.00551854  -0.00616222     0.402704
  0.00551854    0.0425532 -0.000718936   0.00492152
 -0.00616222 -0.000718936    0.0518617   0.00688841
    0.402704   0.00492152   0.00688841     0.429521
IMAGINARY
          0   0.0141292 -0.00504239  0.00997214
 -0.0141292           0 -0.00136287   0.0172673
 0.00504239  0.00136287           0  -0.0202417
-0.00997214  -0.0172673   0.0202417           0
EndNode1[0]<--->Repeater1[0]
REAL
    0.48886  0.00625528 0.000372379    0.365813
 0.00625528   0.0458716 -0.00348463  0.00901435
0.000372379 -0.00348463   0.0380079  -0.0018748
   0.365813  0.00901435  -0.0018748    0.427261
IMAGINARY
          0   0.0056653  0.00173596  0.00197917
 -0.0056653           0  0.00322917 -0.00728466
-0.00173596 -0.00322917           0 -0.00998096
-0.00197917  0.00728466  0.00998096           0
EndNode2[0]<--->HoM1[0]
REAL
   0.451268 -0.00181613 0.000657737    0.388749
-0.00181613   0.0440587   0.0129324 -0.00777287
0.000657737   0.0129324   0.0453939  0.00505028
   0.388749 -0.00777287  0.00505028    0.459279
IMAGINARY
          0  0.00814556  0.00887044 -0.00188917
-0.00814556           0 -0.00440806  -0.0134456
-0.00887044  0.00440806           0  -0.0153351
 0.00188917   0.0134456   0.0153351           0
Repeater1[0]<--->EndNode1[0]
REAL
    0.48886 0.000372379  0.00625528    0.365813
0.000372379   0.0380079 -0.00348463  -0.0018748
 0.00625528 -0.00348463   0.0458716  0.00901435
   0.365813  -0.0018748  0.00901435    0.427261
IMAGINARY
          0  0.00173596   0.0056653  0.00197917
-0.00173596           0 -0.00322917 -0.00998096
 -0.0056653  0.00322917           0 -0.00728466
-0.00197917  0.00998096  0.00728466           0
Repeater1[0]<--->HoM1[0]
REAL
   0.451268 0.000657737 -0.00181613    0.388749
0.000657737   0.0453939   0.0129324  0.00505028
-0.00181613   0.0129324   0.0440587 -0.00777287
   0.388749  0.00505028 -0.00777287    0.459279
IMAGINARY
          0  0.00887044  0.00814556 -0.00188917
-0.00887044           0  0.00440806  -0.0153351
-0.00814556 -0.00440806           0  -0.0134456
 0.00188917   0.0153351   0.0134456           0
EndNode1[0]<--->Repeater1[0]
REAL
    0.4753 0.00307632  0.0117673   0.383612
0.00307632  0.0493992 0.00397011  0.0137229
 0.0117673 0.00397011  0.0547397 0.00934198
  0.383612  0.0137229 0.00934198   0.420561
IMAGINARY
          0   0.0141864 -0.00900658  -0.0092462
 -0.0141864           0  0.00272188 -0.00699854
 0.00900658 -0.00272188           0 -0.00586373
  0.0092462  0.00699854  0.00586373           0
EndNode2[0]<--->HoM1[0]
REAL
   0.482895   0.0278661   0.0120284    0.416972
  0.0278661   0.0460526 -0.00480125  0.00240069
  0.0120284 -0.00480125   0.0565789 -0.00590875
   0.416972  0.00240069 -0.00590875    0.414474
IMAGINARY
          0 -0.00567616 -0.00520444  0.00770627
 0.00567616           0 -0.00136109 -0.00457392
 0.00520444  0.00136109           0  0.00763183
-0.00770627  0.00457392 -0.00763183           0
Repeater1[0]<--->EndNode1[0]
REAL
    0.4753  0.0117673 0.00307632   0.383612
 0.0117673  0.0547397 0.00397011 0.00934198
0.00307632 0.00397011  0.0493992  0.0137229
  0.383612 0.00934198  0.0137229   0.420561
IMAGINARY
          0 -0.00900658   0.0141864  -0.0092462
 0.00900658           0 -0.00272188 -0.00586373
 -0.0141864  0.00272188           0 -0.00699854
  0.0092462  0.00586373  0.00699854           0
Repeater1[0]<--->HoM1[0]
REAL
   0.482895   0.0120284   0.0278661    0.416972
  0.0120284   0.0565789 -0.00480125 -0.00590875
  0.0278661 -0.00480125   0.0460526  0.00240069
   0.416972 -0.00590875  0.00240069    0.414474
IMAGINARY
          0 -0.00520444 -0.00567616  0.00770627
 0.00520444           0  0.00136109  0.00763183
 0.00567616 -0.00136109           0 -0.00457392
-0.00770627 -0.00763183  0.00457392           0
EndNode1[0]<--->Repeater1[0]
REAL
   0.489071  -0.0131474  -0.0115673    0.400785
 -0.0131474   0.0368852  0.00694528 -0.00464213
 -0.0115673  0.00694528   0.0601093  -0.0205184
   0.400785 -0.00464213  -0.0205184    0.413934
IMAGINARY
          0  -0.0257395   0.0107788    0.017839
  0.0257395           0  0.00365895   0.0252631
 -0.0107788 -0.00365895           0 -0.00112811
  -0.017839  -0.0252631  0.00112811           0
EndNode2[0]<--->HoM1[0]
REAL
   0.478981  0.00418263  0.00489731    0.408324
 0.00418263   0.0420382 -0.00981226  -0.0055739
 0.00489731 -0.00981226   0.0535032   0.0073194
   0.408324  -0.0055739   0.0073194    0.425478
IMAGINARY
           0  -0.00814724  -0.00544219  -0.00187858
  0.00814724            0   0.00448274 -0.000855037
  0.00544219  -0.00448274            0  -0.00192833
  0.00187858  0.000855037   0.00192833            0
Repeater1[0]<--->EndNode1[0]
REAL
   0.489071  -0.0115673  -0.0131474    0.400785
 -0.0115673   0.0601093  0.00694528  -0.0205184
 -0.0131474  0.00694528   0.0368852 -0.00464213
   0.400785  -0.0205184 -0.00464213    0.413934
IMAGINARY
          0   0.0107788  -0.0257395    0.017839
 -0.0107788           0 -0.00365895 -0.00112811
  0.0257395  0.00365895           0   0.0252631
  -0.017839  0.00112811  -0.0252631           0
Repeater1[0]<--->HoM1[0]
REAL
   0.478981  0.00489731  0.00418263    0.408324
 0.00489731   0.0535032 -0.00981226   0.0073194
 0.00418263 -0.00981226   0.0420382  -0.0055739
   0.408324   0.0073194  -0.0055739    0.425478
IMAGINARY
           0  -0.00544219  -0.00814724  -0.00187858
  0.00544219            0  -0.00448274  -0.00192833
  0.00814724   0.00448274            0 -0.000855037
  0.00187858   0.00192833  0.000855037            0
EndNode1[0]<--->Repeater1[0]
REAL
   0.471867 -0.00919422    0.013251    0.382422
-0.00919422   0.0421995 -0.00173283 -0.00648589
   0.013251 -0.00173283   0.0537084   0.0171893
   0.382422 -0.00648589   0.0171893    0.432225
IMAGINARY
          0  0.00141223   0.0176878 -0.00884478
-0.00141223           0  -0.0115115  0.00827755
 -0.0176878   0.0115115           0  -0.0100674
 0.00884478 -0.00827755   0.0100674           0
EndNode2[0]<--->HoM1[0]
REAL
     0.46466 -0.000807767     0.012173     0.404573
-0.000807767    0.0471204  -0.00648426  -0.00644056
    0.012173  -0.00648426    0.0484293   -0.0061986
    0.404573  -0.00644056   -0.0061986     0.439791
IMAGINARY
           0   -0.0105373    0.0124396    0.0184425
   0.0105373            0   0.00602422  0.000781561
  -0.0124396  -0.00602422            0  -0.00268388
  -0.0184425 -0.000781561   0.00268388            0
Repeater1[0]<--->EndNode1[0]
REAL
   0.471867    0.013251 -0.00919422    0.382422
   0.013251   0.0537084 -0.00173283   0.0171893
-0.00919422 -0.00173283   0.0421995 -0.00648589
   0.382422   0.0171893 -0.00648589    0.432225
IMAGINARY
          0   0.0176878  0.00141223 -0.00884478
 -0.0176878           0   0.0115115  -0.0100674
-0.00141223  -0.0115115           0  0.00827755
 0.00884478   0.0100674 -0.00827755           0
Repeater1[0]<--->HoM1[0]
REAL
     0.46466     0.012173 -0.000807767     0.404573
    0.012173    0.0484293  -0.00648426   -0.0061986
-0.000807767  -0.00648426    0.0471204  -0.00644056
    0.404573   -0.0061986  -0.00644056     0.439791
IMAGINARY
           0    0.0124396   -0.0105373    0.0184425
  -0.0124396            0  -0.00602422  -0.00268388
   0.0105373   0.00602422            0  0.000781561
  -0.0184425   0.00268388 -0.000781561            0
EndNode1[0]<--->Repeater1[0]
REAL
   0.479839   0.0157718   0.0035686    0.394168
  0.0157718   0.0403226 -0.00794821   0.0147626
  0.0035686 -0.00794821   0.0658602  0.00761627
   0.394168   0.0147626  0.00761627    0.413978
IMAGINARY
          0    0.018255 -0.00292803 -0.00694703
  -0.018255           0   0.0120103 -0.00500848
 0.00292803  -0.0120103           0  -0.0156095
 0.00694703  0.00500848   0.0156095           0
EndNode2[0]<--->HoM1[0]
REAL
   0.480697   0.0320175  0.00385107     0.39802
  0.0320175   0.0435866 -0.00868149  0.00761991
 0.00385107 -0.00868149   0.0386052  -0.0205466
    0.39802  0.00761991  -0.0205466    0.437111
IMAGINARY
          0   0.0161349  0.00680899   -0.019779
 -0.0161349           0  0.00660456  -0.0127223
-0.00680899 -0.00660456           0  -0.0115357
   0.019779   0.0127223   0.0115357           0
Repeater1[0]<--->EndNode1[0]
REAL
   0.479839   0.0035686   0.0157718    0.394168
  0.0035686   0.0658602 -0.00794821  0.00761627
  0.0157718 -0.00794821   0.0403226   0.0147626
   0.394168  0.00761627   0.0147626    0.413978
IMAGINARY
          0 -0.00292803    0.018255 -0.00694703
 0.00292803           0  -0.0120103  -0.0156095
  -0.018255   0.0120103           0 -0.00500848
 0.00694703   0.0156095  0.00500848           0
Repeater1[0]<--->HoM1[0]
REAL
   0.480697  0.00385107   0.0320175     0.39802
 0.00385107   0.0386052 -0.00868149  -0.0205466
  0.0320175 -0.00868149   0.0435866  0.00761991
    0.39802  -0.0205466  0.00761991    0.437111
IMAGINARY
          0  0.00680899   0.0161349   -0.019779
-0.00680899           0 -0.00660456  -0.0115357
 -0.0161349  0.00660456           0  -0.0127223
   0.019779   0.0115357   0.0127223           0
EndNode1[0]<--->Repeater1[0]
REAL
   0.453446  -0.0160462  -0.0117256     0.40129
 -0.0160462   0.0483676  0.00250431 -0.00995463
 -0.0117256  0.00250431   0.0604595  -0.0205392
    0.40129 -0.00995463  -0.0205392    0.437727
IMAGINARY
           0 -0.000954608   0.00457774   -0.0110117
 0.000954608            0   -0.0130525   0.00149513
 -0.00457774    0.0130525            0   0.00162937
   0.0110117  -0.00149513  -0.00162937            0
EndNode2[0]<--->HoM1[0]
REAL
   0.482544 -0.00618448  -0.0130144    0.410641
-0.00618448   0.0436409 -0.00463539 -0.00526241
 -0.0130144 -0.00463539   0.0436409  -0.0277581
   0.410641 -0.00526241  -0.0277581    0.430175
IMAGINARY
          0 -0.00800111   0.0128599  0.00262283
 0.00800111           0  0.00954107   0.0121722
 -0.0128599 -0.00954107           0 -0.00419401
-0.00262283  -0.0121722  0.00419401           0
Repeater1[0]<--->EndNode1[0]
REAL
   0.453446  -0.0117256  -0.0160462     0.40129
 -0.0117256   0.0604595  0.00250431  -0.0205392
 -0.0160462  0.00250431   0.0483676 -0.00995463
    0.40129  -0.0205392 -0.00995463    0.437727
IMAGINARY
           0   0.00457774 -0.000954608   -0.0110117
 -0.00457774            0    0.0130525   0.00162937
 0.000954608   -0.0130525            0   0.00149513
   0.0110117  -0.00162937  -0.00149513            0
Repeater1[0]<--->HoM1[0]
REAL
   0.482544  -0.0130144 -0.00618448    0.410641
 -0.0130144   0.0436409 -0.00463539  -0.0277581
-0.00618448 -0.00463539   0.0436409 -0.00526241
   0.410641  -0.0277581 -0.00526241    0.430175
IMAGINARY
          0   0.0128599 -0.00800111  0.00262283
 -0.0128599           0 -0.00954107 -0.00419401
 0.00800111  0.00954107           0   0.0121722
-0.00262283  0.00419401  -0.0121722           0
EndNode1[0]<--->Repeater1[0]
REAL
  0.489305  0.0203796 0.00484547   0.380702
 0.0203796   0.040107 0.00180091  0.0021788
0.00484547 0.00180091  0.0454545  0.0275132
  0.380702  0.0021788  0.0275132   0.425134
IMAGINARY
          0  0.00739379  0.00668657 -0.00378681
-0.00739379           0   0.0183371 -0.00231703
-0.00668657  -0.0183371           0    0.011957
 0.00378681  0.00231703   -0.011957           0
EndNode2[0]<--->HoM1[0]
REAL
   0.487646   0.0240849  0.00354081     0.40587
  0.0240849   0.0455137  0.00486744   0.0294475
 0.00354081  0.00486744   0.0481144 -0.00532684
    0.40587   0.0294475 -0.00532684    0.418726
IMAGINARY
           0   9.7097e-05    0.0189335   0.00862007
 -9.7097e-05            0  0.000766665  -0.00765533
  -0.0189335 -0.000766665            0   -0.0151347
 -0.00862007   0.00765533    0.0151347            0
Repeater1[0]<--->EndNode1[0]
REAL
  0.489305 0.00484547  0.0203796   0.380702
0.00484547  0.0454545 0.00180091  0.0275132
 0.0203796 0.00180091   0.040107  0.0021788
  0.380702  0.0275132  0.0021788   0.425134
IMAGINARY
          0  0.00668657  0.00739379 -0.00378681
-0.00668657           0  -0.0183371    0.011957
-0.00739379   0.0183371           0 -0.00231703
 0.00378681   -0.011957  0.00231703           0
Repeater1[0]<--->HoM1[0]
REAL
   0.487646  0.00354081   0.0240849     0.40587
 0.00354081   0.0481144  0.00486744 -0.00532684
  0.0240849  0.00486744   0.0455137   0.0294475
    0.40587 -0.00532684   0.0294475    0.418726
IMAGINARY
           0    0.0189335   9.7097e-05   0.00862007
  -0.0189335            0 -0.000766665   -0.0151347
 -9.7097e-05  0.000766665            0  -0.00765533
 -0.00862007    0.0151347   0.00765533            0
EndNode1[0]<--->Repeater1[0]
REAL
   0.473105  -0.0156413  -0.0390706    0.394458
 -0.0156413   0.0647922 -0.00137579    -0.01942
 -0.0390706 -0.00137579   0.0599022   -0.026497
   0.394458    -0.01942   -0.026497      0.4022
IMAGINARY
          0 -0.00108306  0.00790921   -0.018898
 0.00108306           0 -0.00363549 -0.00270087
-0.00790921  0.00363549           0   0.0114997
   0.018898  0.00270087  -0.0114997           0
EndNode2[0]<--->HoM1[0]
REAL
   0.473418 -0.00593584 -0.00712865    0.402162
-0.00593584   0.0493671 -0.00728683  0.00121538
-0.00712865 -0.00728683   0.0417722  0.00265069
   0.402162  0.00121538  0.00265069    0.435443
IMAGINARY
          0 -0.00527352   0.0183877   -0.015247
 0.00527352           0  0.00135814  -0.0223247
 -0.0183877 -0.00135814           0   0.0131475
   0.015247   0.0223247  -0.0131475           0
Repeater1[0]<--->EndNode1[0]
REAL
   0.473105  -0.0390706  -0.0156413    0.394458
 -0.0390706   0.0599022 -0.00137579   -0.026497
 -0.0156413 -0.00137579   0.0647922    -0.01942
   0.394458   -0.026497    -0.01942      0.4022
IMAGINARY
          0  0.00790921 -0.00108306   -0.018898
-0.00790921           0  0.00363549   0.0114997
 0.00108306 -0.00363549           0 -0.00270087
   0.018898  -0.0114997  0.00270087           0
Repeater1[0]<--->HoM1[0]
REAL
   0.473418 -0.00712865 -0.00593584    0.402162
-0.00712865   0.0417722 -0.00728683  0.00265069
-0.00593584 -0.00728683   0.0493671  0.00121538
   0.402162  0.00265069  0.00121538    0.435443
IMAGINARY
          0   0.0183877 -0.00527352   -0.015247
 -0.0183877           0 -0.00135814   0.0131475
 0.00527352  0.00135814           0  -0.0223247
   0.015247  -0.0131475   0.0223247           0
EndNode1[0]<--->Repeater1[0]
REAL
     0.48852    0.0163222 -0.000328311     0.382258
   0.0163222    0.0433673  -0.00677628  -0.00416463
-0.000328311  -0.00677628    0.0471939   -0.0143967
    0.382258  -0.00416463   -0.0143967     0.420918
IMAGINARY
          0   0.0211141  -0.0112526  0.00581995
 -0.0211141           0 -0.00398397  -0.0266064
  0.0112526  0.00398397           0   0.0154394
-0.00581995   0.0266064  -0.0154394           0
EndNode2[0]<--->HoM1[0]
REAL
    0.467324 -0.000878443    0.0133513      0.41509
-0.000878443    0.0493218   0.00466264  -0.00717848
   0.0133513   0.00466264    0.0431566    0.0132241
     0.41509  -0.00717848    0.0132241     0.440197
IMAGINARY
          0 -0.00333508  0.00695392  0.00911688
 0.00333508           0 -0.00307824 -0.00962771
-0.00695392  0.00307824           0 -0.00869701
-0.00911688  0.00962771  0.00869701           0
Repeater1[0]<--->EndNode1[0]
REAL
     0.48852 -0.000328311    0.0163222     0.382258
-0.000328311    0.0471939  -0.00677628   -0.0143967
   0.0163222  -0.00677628    0.0433673  -0.00416463
    0.382258   -0.0143967  -0.00416463     0.420918
IMAGINARY
          0  -0.0112526   0.0211141  0.00581995
  0.0112526           0  0.00398397   0.0154394
 -0.0211141 -0.00398397           0  -0.0266064
-0.00581995  -0.0154394   0.0266064           0
Repeater1[0]<--->HoM1[0]
REAL
    0.467324    0.0133513 -0.000878443      0.41509
   0.0133513    0.0431566   0.00466264    0.0132241
-0.000878443   0.00466264    0.0493218  -0.00717848
     0.41509    0.0132241  -0.00717848     0.440197
IMAGINARY
          0  0.00695392 -0.00333508  0.00911688
-0.00695392           0  0.00307824 -0.00869701
 0.00333508 -0.00307824           0 -0.00962771
-0.00911688  0.00869701  0.00962771           0
EndNode1[0]<--->Repeater1[0]
REAL
   0.486216  0.00674312 -0.00598404    0.399705
 0.00674312   0.0401003 -0.00310822  0.00598404
-0.00598404 -0.00310822   0.0538847  -0.0106698
   0.399705  0.00598404  -0.0106698    0.419799
IMAGINARY
          0   0.0114623  0.00674433 -0.00565614
 -0.0114623           0  -0.0113596 -0.00930188
-0.00674433   0.0113596           0   0.0166707
 0.00565614  0.00930188  -0.0166707           0
EndNode2[0]<--->HoM1[0]
REAL
    0.435631  -0.00516169  -0.00851198     0.405836
 -0.00516169    0.0585176 -0.000413777  -0.00851198
 -0.00851198 -0.000413777    0.0364109   0.00200911
    0.405836  -0.00851198   0.00200911     0.469441
IMAGINARY
          0 -0.00801732 -0.00216076   0.0012135
 0.00801732           0   0.0188903   0.0073691
 0.00216076  -0.0188903           0 -0.00239934
 -0.0012135  -0.0073691  0.00239934           0
Repeater1[0]<--->EndNode1[0]
REAL
   0.486216 -0.00598404  0.00674312    0.399705
-0.00598404   0.0538847 -0.00310822  -0.0106698
 0.00674312 -0.00310822   0.0401003  0.00598404
   0.399705  -0.0106698  0.00598404    0.419799
IMAGINARY
          0  0.00674433   0.0114623 -0.00565614
-0.00674433           0   0.0113596   0.0166707
 -0.0114623  -0.0113596           0 -0.00930188
 0.00565614  -0.0166707  0.00930188           0
Repeater1[0]<--->HoM1[0]
REAL
    0.435631  -0.00851198  -0.00516169     0.405836
 -0.00851198    0.0364109 -0.000413777   0.00200911
 -0.00516169 -0.000413777    0.0585176  -0.00851198
    0.405836   0.00200911  -0.00851198     0.469441
IMAGINARY
          0 -0.00216076 -0.00801732   0.0012135
 0.00216076           0  -0.0188903 -0.00239934
 0.00801732   0.0188903           0   0.0073691
 -0.0012135  0.00239934  -0.0073691           0
EndNode1[0]<--->Repeater1[0]
REAL
  0.506443   0.011392  0.0220328   0.385144
  0.011392  0.0386598 0.00374532 -0.0234217
 0.0220328 0.00374532  0.0579897 0.00944137
  0.385144 -0.0234217 0.00944137   0.396907
IMAGINARY
          0  -0.0181219   0.0107839  -0.0283551
  0.0181219           0 -0.00127452 -0.00891119
 -0.0107839  0.00127452           0 -0.00247735
  0.0283551  0.00891119  0.00247735           0
EndNode2[0]<--->HoM1[0]
REAL
     0.4677  0.00156446   0.0251788    0.404089
 0.00156446   0.0348837 -0.00546543 -0.00327645
  0.0251788 -0.00546543   0.0503876  0.00156446
   0.404089 -0.00327645  0.00156446    0.447028
IMAGINARY
          0  0.00324027   -0.015732  -0.0142766
-0.00324027           0 -0.00971333 -0.00401324
   0.015732  0.00971333           0   0.0177788
  0.0142766  0.00401324  -0.0177788           0
Repeater1[0]<--->EndNode1[0]
REAL
  0.506443  0.0220328   0.011392   0.385144
 0.0220328  0.0579897 0.00374532 0.00944137
  0.011392 0.00374532  0.0386598 -0.0234217
  0.385144 0.00944137 -0.0234217   0.396907
IMAGINARY
          0   0.0107839  -0.0181219  -0.0283551
 -0.0107839           0  0.00127452 -0.00247735
  0.0181219 -0.00127452           0 -0.00891119
  0.0283551  0.00247735  0.00891119           0
Repeater1[0]<--->HoM1[0]
REAL
     0.4677   0.0251788  0.00156446    0.404089
  0.0251788   0.0503876 -0.00546543  0.00156446
 0.00156446 -0.00546543   0.0348837 -0.00327645
   0.404089  0.00156446 -0.00327645    0.447028
IMAGINARY
          0   -0.015732  0.00324027  -0.0142766
   0.015732           0  0.00971333   0.0177788
-0.00324027 -0.00971333           0 -0.00401324
  0.0142766  -0.0177788  0.00401324           0
EndNode1[0]<--->Repeater1[0]
REAL
    0.497354    0.0270664   0.00732869     0.389131
   0.0270664    0.0542328  -0.00363434   0.00921075
  0.00732869  -0.00363434    0.0502646 -0.000348793
    0.389131   0.00921075 -0.000348793     0.398148
IMAGINARY
          0  -0.0119347  0.00313934 -0.00262975
  0.0119347           0   0.0134578  -0.0108913
-0.00313934  -0.0134578           0   0.0132266
 0.00262975   0.0108913  -0.0132266           0
EndNode2[0]<--->HoM1[0]
REAL
   0.485046  0.00732007 -0.00252479    0.400175
 0.00732007   0.0455137 -0.00508842  0.00982891
-0.00252479 -0.00508842   0.0429129  0.00131206
   0.400175  0.00982891  0.00131206    0.426528
IMAGINARY
          0  0.00226254   0.0178512   0.0129416
-0.00226254           0   0.0111622  0.00320148
 -0.0178512  -0.0111622           0   -0.018052
 -0.0129416 -0.00320148    0.018052           0
Repeater1[0]<--->EndNode1[0]
REAL
    0.497354   0.00732869    0.0270664     0.389131
  0.00732869    0.0502646  -0.00363434 -0.000348793
   0.0270664  -0.00363434    0.0542328   0.00921075
    0.389131 -0.000348793   0.00921075     0.398148
IMAGINARY
          0  0.00313934  -0.0119347 -0.00262975
-0.00313934           0  -0.0134578   0.0132266
  0.0119347   0.0134578           0  -0.0108913
 0.00262975  -0.0132266   0.0108913           0
Repeater1[0]<--->HoM1[0]
REAL
   0.485046 -0.00252479  0.00732007    0.400175
-0.00252479   0.0429129 -0.00508842  0.00131206
 0.00732007 -0.00508842   0.0455137  0.00982891
   0.400175  0.00131206  0.00982891    0.426528
IMAGINARY
          0   0.0178512  0.00226254   0.0129416
 -0.0178512           0  -0.0111622   -0.018052
-0.00226254   0.0111622           0  0.00320148
 -0.0129416    0.018052 -0.00320148           0
EndNode1[0]<--->Repeater1[0]
REAL
   0.469441 -0.00649202 -0.00982741    0.400438
-0.00649202   0.0624187   0.0097497 -0.00357741
-0.00982741   0.0097497   0.0494148  -0.0189772
   0.400438 -0.00357741  -0.0189772    0.418726
IMAGINARY
          0  -0.0226934   0.0122192  -0.0164536
  0.0226934           0 -0.00297648   0.0140966
 -0.0122192  0.00297648           0  -0.0049719
  0.0164536  -0.0140966   0.0049719           0
EndNode2[0]<--->HoM1[0]
REAL
    0.473469     0.013182 -0.000555634     0.417566
    0.013182    0.0435374  0.000242692    0.0273302
-0.000555634  0.000242692    0.0408163  -0.00384199
    0.417566    0.0273302  -0.00384199     0.442177
IMAGINARY
          0  -0.0141019  0.00735279 -0.00276645
  0.0141019           0   0.0487863   0.0202063
-0.00735279  -0.0487863           0  -0.0147695
 0.00276645  -0.0202063   0.0147695           0
Repeater1[0]<--->EndNode1[0]
REAL
   0.469441 -0.00982741 -0.00649202    0.400438
-0.00982741   0.0494148   0.0097497  -0.0189772
-0.00649202   0.0097497   0.0624187 -0.00357741
   0.400438  -0.0189772 -0.00357741    0.418726
IMAGINARY
          0   0.0122192  -0.0226934  -0.0164536
 -0.0122192           0  0.00297648  -0.0049719
  0.0226934 -0.00297648           0   0.0140966
  0.0164536   0.0049719  -0.0140966           0
Repeater1[0]<--->HoM1[0]
REAL
    0.473469 -0.000555634     0.013182     0.417566
-0.000555634    0.0408163  0.000242692  -0.00384199
    0.013182  0.000242692    0.0435374    0.0273302
    0.417566  -0.00384199    0.0273302     0.442177
IMAGINARY
          0  0.00735279  -0.0141019 -0.00276645
-0.00735279           0  -0.0487863  -0.0147695
  0.0141019   0.0487863           0   0.0202063
 0.00276645   0.0147695  -0.0202063           0
EndNode1[0]<--->Repeater1[0]
REAL
   0.475871 -0.00281133 -0.00165025    0.401454
-0.00281133   0.0549598  0.00604592  0.00915025
-0.00165025  0.00604592   0.0428954 -0.00218867
   0.401454  0.00915025 -0.00218867    0.426273
IMAGINARY
           0  -0.00259826    0.0044757    0.0153005
  0.00259826            0    0.0180328   -0.0044757
  -0.0044757   -0.0180328            0  4.72411e-05
  -0.0153005    0.0044757 -4.72411e-05            0
EndNode2[0]<--->HoM1[0]
REAL
   0.473684 -0.00987773   0.0126962     0.41732
-0.00987773   0.0363409 -0.00869718  -0.0210617
  0.0126962 -0.00869718   0.0501253   0.0130952
    0.41732  -0.0210617   0.0130952     0.43985
IMAGINARY
          0  -0.0272449   0.0182936  0.00399575
  0.0272449           0  -0.0116881   0.0217804
 -0.0182936   0.0116881           0  -0.0152952
-0.00399575  -0.0217804   0.0152952           0
Repeater1[0]<--->EndNode1[0]
REAL
   0.475871 -0.00165025 -0.00281133    0.401454
-0.00165025   0.0428954  0.00604592 -0.00218867
-0.00281133  0.00604592   0.0549598  0.00915025
   0.401454 -0.00218867  0.00915025    0.426273
IMAGINARY
           0    0.0044757  -0.00259826    0.0153005
  -0.0044757            0   -0.0180328  4.72411e-05
  0.00259826    0.0180328            0   -0.0044757
  -0.0153005 -4.72411e-05    0.0044757            0
Repeater1[0]<--->HoM1[0]
REAL
   0.473684   0.0126962 -0.00987773     0.41732
  0.0126962   0.0501253 -0.00869718   0.0130952
-0.00987773 -0.00869718   0.0363409  -0.0210617
    0.41732   0.0130952  -0.0210617     0.43985
IMAGINARY
          0   0.0182936  -0.0272449  0.00399575
 -0.0182936           0   0.0116881  -0.0152952
  0.0272449  -0.0116881           0   0.0217804
-0.00399575   0.0152952  -0.0217804           0
EndNode1[0]<--->Repeater1[0]
REAL
   0.510417 -0.00838078  0.00227411    0.391221
-0.00838078   0.0442708  -0.0201716    -0.01302
 0.00227411  -0.0201716   0.0390625  -0.0225927
   0.391221    -0.01302  -0.0225927     0.40625
IMAGINARY
           0     0.008834   0.00147374 -0.000964965
   -0.008834            0      0.01099   0.00738702
 -0.00147374     -0.01099            0  -0.00503654
 0.000964965  -0.00738702   0.00503654            0
EndNode2[0]<--->HoM1[0]
REAL
   0.469309  0.00696529 -0.00287875    0.403661
 0.00696529    0.044757  0.00442677  0.00655522
-0.00287875  0.00442677   0.0498721 -0.00451431
   0.403661  0.00655522 -0.00451431    0.436061
IMAGINARY
          0 -0.00427958  0.00413769  0.00862119
 0.00427958           0  0.00182267 -0.00796422
-0.00413769 -0.00182267           0  0.00938162
-0.00862119  0.00796422 -0.00938162           0
Repeater1[0]<--->EndNode1[0]
REAL
   0.510417  0.00227411 -0.00838078    0.391221
 0.00227411   0.0390625  -0.0201716  -0.0225927
-0.00838078  -0.0201716   0.0442708    -0.01302
   0.391221  -0.0225927    -0.01302     0.40625
IMAGINARY
           0   0.00147374     0.008834 -0.000964965
 -0.00147374            0     -0.01099  -0.00503654
   -0.008834      0.01099            0   0.00738702
 0.000964965   0.00503654  -0.00738702            0
Repeater1[0]<--->HoM1[0]
REAL
   0.469309 -0.00287875  0.00696529    0.403661
-0.00287875   0.0498721  0.00442677 -0.00451431
 0.00696529  0.00442677    0.044757  0.00655522
   0.403661 -0.00451431  0.00655522    0.436061
IMAGINARY
          0  0.00413769 -0.00427958  0.00862119
-0.00413769           0 -0.00182267  0.00938162
 0.00427958  0.00182267           0 -0.00796422
-0.00862119 -0.00938162  0.00796422           0
EndNode1[0]<--->Repeater1[0]
REAL
   0.481852 2.82151e-05 0.000566893    0.382338
2.82151e-05   0.0450563  0.00528854    0.013322
0.000566893  0.00528854   0.0500626    0.012598
   0.382338    0.013322    0.012598    0.423029
IMAGINARY
          0  0.00118007 -0.00216405  -0.0175256
-0.00118007           0 -0.00281969  0.00489629
 0.00216405  0.00281969           0  0.00701665
  0.0175256 -0.00489629 -0.00701665           0
EndNode2[0]<--->HoM1[0]
REAL
   0.455253  -0.0165408  0.00374584    0.402359
 -0.0165408   0.0428016 -0.00917978  -0.0198334
 0.00374584 -0.00917978   0.0453956 -0.00598176
   0.402359  -0.0198334 -0.00598176     0.45655
IMAGINARY
          0   0.0206543  -0.0112499  -0.0212684
 -0.0206543           0   0.0225912 -0.00413474
  0.0112499  -0.0225912           0 -0.00142358
  0.0212684  0.00413474  0.00142358           0
Repeater1[0]<--->EndNode1[0]
REAL
   0.481852 0.000566893 2.82151e-05    0.382338
0.000566893   0.0500626  0.00528854    0.012598
2.82151e-05  0.00528854   0.0450563    0.013322
   0.382338    0.012598    0.013322    0.423029
IMAGINARY
          0 -0.00216405  0.00118007  -0.0175256
 0.00216405           0  0.00281969  0.00701665
-0.00118007 -0.00281969           0  0.00489629
  0.0175256 -0.00701665 -0.00489629           0
Repeater1[0]<--->HoM1[0]
REAL
   0.455253  0.00374584  -0.0165408    0.402359
 0.00374584   0.0453956 -0.00917978 -0.00598176
 -0.0165408 -0.00917978   0.0428016  -0.0198334
   0.402359 -0.00598176  -0.0198334     0.45655
IMAGINARY
          0  -0.0112499   0.0206543  -0.0212684
  0.0112499           0  -0.0225912 -0.00142358
 -0.0206543   0.0225912           0 -0.00413474
  0.0212684  0.00142358  0.00413474           0
EndNode1[0]<--->Repeater1[0]
REAL
   0.496977  0.00789127  0.00842892    0.398687
 0.00789127   0.0592503  0.00834788 -0.00466008
 0.00842892  0.00834788   0.0568319 0.000902703
   0.398687 -0.00466008 0.000902703    0.386941
IMAGINARY
          0 -0.00652742   0.0192501   0.0331743
 0.00652742           0  -0.0067193 -0.00619523
 -0.0192501   0.0067193           0  -0.0117493
 -0.0331743  0.00619523   0.0117493           0
EndNode2[0]<--->HoM1[0]
REAL
     0.47765 -0.000302189   -0.0166667     0.399308
-0.000302189    0.0446999   0.00645101    0.0166667
  -0.0166667   0.00645101    0.0472542  -0.00231561
    0.399308    0.0166667  -0.00231561     0.430396
IMAGINARY
          0   0.0109184 -0.00910192 -0.00795973
 -0.0109184           0 -0.00987544   0.0164911
 0.00910192  0.00987544           0 -0.00722383
 0.00795973  -0.0164911  0.00722383           0
Repeater1[0]<--->EndNode1[0]
REAL
   0.496977  0.00842892  0.00789127    0.398687
 0.00842892   0.0568319  0.00834788 0.000902703
 0.00789127  0.00834788   0.0592503 -0.00466008
   0.398687 0.000902703 -0.00466008    0.386941
IMAGINARY
          0   0.0192501 -0.00652742   0.0331743
 -0.0192501           0   0.0067193  -0.0117493
 0.00652742  -0.0067193           0 -0.00619523
 -0.0331743   0.0117493  0.00619523           0
Repeater1[0]<--->HoM1[0]
REAL
     0.47765   -0.0166667 -0.000302189     0.399308
  -0.0166667    0.0472542   0.00645101  -0.00231561
-0.000302189   0.00645101    0.0446999    0.0166667
    0.399308  -0.00231561    0.0166667     0.430396
IMAGINARY
          0 -0.00910192   0.0109184 -0.00795973
 0.00910192           0  0.00987544 -0.00722383
 -0.0109184 -0.00987544           0   0.0164911
 0.00795973  0.00722383  -0.0164911           0
EndNode1[0]<--->Repeater1[0]
REAL
  0.477513   0.006547 -0.0112716   0.381235
  0.006547  0.0449735 0.00524507  0.0444349
-0.0112716 0.00524507  0.0529101  0.0125857
  0.381235  0.0444349  0.0125857   0.424603
IMAGINARY
           0    0.0117234  3.81673e-05   0.00977926
  -0.0117234            0   -0.0104228   -0.0119115
-3.81673e-05    0.0104228            0  -0.00248853
 -0.00977926    0.0119115   0.00248853            0
EndNode2[0]<--->HoM1[0]
REAL
   0.427041  0.00450628  0.00382653    0.407448
 0.00450628    0.038822 -0.00311114  0.00382653
 0.00382653 -0.00311114   0.0522088 -0.00578179
   0.407448  0.00382653 -0.00578179    0.481928
IMAGINARY
          0  -0.0245535  0.00175838  0.00117224
  0.0245535           0   0.0271545  0.00880063
-0.00175838  -0.0271545           0  0.00654105
-0.00117224 -0.00880063 -0.00654105           0
Repeater1[0]<--->EndNode1[0]
REAL
  0.477513 -0.0112716   0.006547   0.381235
-0.0112716  0.0529101 0.00524507  0.0125857
  0.006547 0.00524507  0.0449735  0.0444349
  0.381235  0.0125857  0.0444349   0.424603
IMAGINARY
           0  3.81673e-05    0.0117234   0.00977926
-3.81673e-05            0    0.0104228  -0.00248853
  -0.0117234   -0.0104228            0   -0.0119115
 -0.00977926   0.00248853    0.0119115            0
Repeater1[0]<--->HoM1[0]
REAL
   0.427041  0.00382653  0.00450628    0.407448
 0.00382653   0.0522088 -0.00311114 -0.00578179
 0.00450628 -0.00311114    0.038822  0.00382653
   0.407448 -0.00578179  0.00382653    0.481928
IMAGINARY
          0  0.00175838  -0.0245535  0.00117224
-0.00175838           0  -0.0271545  0.00654105
  0.0245535   0.0271545           0  0.00880063
-0.00117224 -0.00654105 -0.00880063           0
EndNode1[0]<--->Repeater1[0]
REAL
   0.474376  -0.0345352  -0.0284099      0.3999
 -0.0345352   0.0486202 -0.00964129 -0.00303272
 -0.0284099 -0.00964129   0.0578187   -0.010471
     0.3999 -0.00303272   -0.010471    0.419185
IMAGINARY
           0    0.0198621  -0.00248216    0.0173369
  -0.0198621            0    0.0159964  0.000623427
  0.00248216   -0.0159964            0   -0.0241992
  -0.0173369 -0.000623427    0.0241992            0
EndNode2[0]<--->HoM1[0]
REAL
   0.469152   0.0113894 -0.00186652    0.409388
  0.0113894   0.0488432   0.0121803  0.00774887
