EndNode1[0]<--->Repeater1[0]
REAL
  0.515584  0.0181325 -0.0116228  0.0106714
 0.0181325   0.350649  0.0166475 0.00336358
-0.0116228  0.0166475        0.1 0.00664517
 0.0106714 0.00336358 0.00664517  0.0337662
IMAGINARY
          0  0.00287653 -0.00334772  -0.0036291
-0.00287653           0   0.0183916  -0.0172366
 0.00334772  -0.0183916           0 -0.00221252
  0.0036291   0.0172366  0.00221252           0
EndNode2[0]<--->BSA[0]
REAL
   0.436601   0.0163827   0.0105779   0.0897165
  0.0163827    0.145098   0.0315155 -0.00730131
  0.0105779   0.0315155    0.313725  0.00393185
  0.0897165 -0.00730131  0.00393185    0.104575
IMAGINARY
          0  0.00316421 -0.00627564  -0.0111411
-0.00316421           0 -0.00340915  0.00495289
 0.00627564  0.00340915           0  0.00609505
  0.0111411 -0.00495289 -0.00609505           0
Repeater1[0]<--->EndNode1[0]
REAL
  0.515584 -0.0116228  0.0181325  0.0106714
-0.0116228        0.1  0.0166475 0.00664517
 0.0181325  0.0166475   0.350649 0.00336358
 0.0106714 0.00664517 0.00336358  0.0337662
IMAGINARY
          0 -0.00334772  0.00287653  -0.0036291
 0.00334772           0  -0.0183916 -0.00221252
-0.00287653   0.0183916           0  -0.0172366
  0.0036291  0.00221252   0.0172366           0
Repeater1[0]<--->BSA[0]
REAL
   0.436601   0.0105779   0.0163827   0.0897165
  0.0105779    0.313725   0.0315155  0.00393185
  0.0163827   0.0315155    0.145098 -0.00730131
  0.0897165  0.00393185 -0.00730131    0.104575
IMAGINARY
          0 -0.00627564  0.00316421  -0.0111411
 0.00627564           0  0.00340915  0.00609505
-0.00316421 -0.00340915           0  0.00495289
  0.0111411 -0.00609505 -0.00495289           0
EndNode1[0]<--->Repeater1[0]
REAL
   0.468514 -0.00108338   0.0210257   0.0295789
-0.00108338    0.372796  0.00505055  -0.0204182
  0.0210257  0.00505055    0.107053  0.00290598
  0.0295789  -0.0204182  0.00290598   0.0516373
IMAGINARY
          0 -0.00381902 -0.00898176  -0.0132895
 0.00381902           0  0.00417492   0.0121264
 0.00898176 -0.00417492           0  0.00822154
  0.0132895  -0.0121264 -0.00822154           0
EndNode2[0]<--->BSA[0]
REAL
   0.483376  -0.0196052  0.00653542   0.0707579
 -0.0196052    0.116368   0.0170284 -0.00399089
 0.00653542   0.0170284    0.280051  0.00942707
  0.0707579 -0.00399089  0.00942707    0.120205
IMAGINARY
           0  -0.00171819   -0.0117147    0.0121833
  0.00171819            0    0.0214084  0.000968843
   0.0117147   -0.0214084            0   0.00867142
  -0.0121833 -0.000968843  -0.00867142            0
Repeater1[0]<--->EndNode1[0]
REAL
   0.468514   0.0210257 -0.00108338   0.0295789
  0.0210257    0.107053  0.00505055  0.00290598
-0.00108338  0.00505055    0.372796  -0.0204182
  0.0295789  0.00290598  -0.0204182   0.0516373
IMAGINARY
          0 -0.00898176 -0.00381902  -0.0132895
 0.00898176           0 -0.00417492  0.00822154
 0.00381902  0.00417492           0   0.0121264
  0.0132895 -0.00822154  -0.0121264           0
Repeater1[0]<--->BSA[0]
REAL
   0.483376  0.00653542  -0.0196052   0.0707579
 0.00653542    0.280051   0.0170284  0.00942707
 -0.0196052   0.0170284    0.116368 -0.00399089
  0.0707579  0.00942707 -0.00399089    0.120205
IMAGINARY
           0   -0.0117147  -0.00171819    0.0121833
   0.0117147            0   -0.0214084   0.00867142
  0.00171819    0.0214084            0  0.000968843
  -0.0121833  -0.00867142 -0.000968843            0
EndNode1[0]<--->Repeater1[0]
REAL
   0.514031  -0.0219475 -0.00978618   0.0182021
 -0.0219475    0.327806 -0.00257711 -0.00583882
-0.00978618 -0.00257711    0.114796    0.014135
  0.0182021 -0.00583882    0.014135   0.0433673
IMAGINARY
          0   0.0179439  0.00705079  0.00703642
 -0.0179439           0   0.0273616  -0.0265313
-0.00705079  -0.0273616           0 -0.00495688
-0.00703642   0.0265313  0.00495688           0
EndNode2[0]<--->BSA[0]
REAL
    0.495553    0.0158513   -0.0062632    0.0988642
   0.0158513     0.109276   0.00460706   -0.0277822
  -0.0062632   0.00460706     0.302414 -0.000497484
   0.0988642   -0.0277822 -0.000497484    0.0927573
IMAGINARY
          0  0.00169525   0.0104735  0.00337051
-0.00169525           0  -0.0160287   -0.014843
 -0.0104735   0.0160287           0 -0.00356791
-0.00337051    0.014843  0.00356791           0
Repeater1[0]<--->EndNode1[0]
REAL
   0.514031 -0.00978618  -0.0219475   0.0182021
-0.00978618    0.114796 -0.00257711    0.014135
 -0.0219475 -0.00257711    0.327806 -0.00583882
  0.0182021    0.014135 -0.00583882   0.0433673
IMAGINARY
          0  0.00705079   0.0179439  0.00703642
-0.00705079           0  -0.0273616 -0.00495688
 -0.0179439   0.0273616           0  -0.0265313
-0.00703642  0.00495688   0.0265313           0
Repeater1[0]<--->BSA[0]
REAL
    0.495553   -0.0062632    0.0158513    0.0988642
  -0.0062632     0.302414   0.00460706 -0.000497484
   0.0158513   0.00460706     0.109276   -0.0277822
   0.0988642 -0.000497484   -0.0277822    0.0927573
IMAGINARY
          0   0.0104735  0.00169525  0.00337051
 -0.0104735           0   0.0160287 -0.00356791
-0.00169525  -0.0160287           0   -0.014843
-0.00337051  0.00356791    0.014843           0
EndNode1[0]<--->Repeater1[0]
REAL
   0.552764  -0.0151332 -0.00552756   0.0339674
 -0.0151332    0.307789  -0.0214361  -0.0107632
-0.00552756  -0.0214361   0.0942211   0.0151332
  0.0339674  -0.0107632   0.0151332   0.0452261
IMAGINARY
          0 -0.00285041 -0.00476331   0.0173797
 0.00285041           0   0.0122646 -0.00276063
 0.00476331  -0.0122646           0  -0.0210894
 -0.0173797  0.00276063   0.0210894           0
EndNode2[0]<--->BSA[0]
REAL
    0.494382 -0.000990184   -0.0116923    0.0720886
-0.000990184     0.128589    0.0181803    0.0251366
  -0.0116923    0.0181803     0.290886   0.00931285
   0.0720886    0.0251366   0.00931285    0.0861423
IMAGINARY
          0 -0.00880052  -0.0044941  -0.0102737
 0.00880052           0 -0.00101446  0.00584181
  0.0044941  0.00101446           0  0.00880052
  0.0102737 -0.00584181 -0.00880052           0
Repeater1[0]<--->EndNode1[0]
REAL
   0.552764 -0.00552756  -0.0151332   0.0339674
-0.00552756   0.0942211  -0.0214361   0.0151332
 -0.0151332  -0.0214361    0.307789  -0.0107632
  0.0339674   0.0151332  -0.0107632   0.0452261
IMAGINARY
          0 -0.00476331 -0.00285041   0.0173797
 0.00476331           0  -0.0122646  -0.0210894
 0.00285041   0.0122646           0 -0.00276063
 -0.0173797   0.0210894  0.00276063           0
Repeater1[0]<--->BSA[0]
REAL
    0.494382   -0.0116923 -0.000990184    0.0720886
  -0.0116923     0.290886    0.0181803   0.00931285
-0.000990184    0.0181803     0.128589    0.0251366
   0.0720886   0.00931285    0.0251366    0.0861423
IMAGINARY
          0  -0.0044941 -0.00880052  -0.0102737
  0.0044941           0  0.00101446  0.00880052
 0.00880052 -0.00101446           0  0.00584181
  0.0102737 -0.00880052 -0.00584181           0
