EndNode1[0]<--->Repeater1[0]
REAL
   0.473753 -0.00024441  0.00784888    0.370553
-0.00024441   0.0393701   0.0039722   0.0117962
 0.00784888   0.0039722   0.0511811   0.0160872
   0.370553   0.0117962   0.0160872    0.435696
IMAGINARY
          0   0.0134255  -0.0156545 -0.00325867
 -0.0134255           0  -0.0172893  0.00140583
  0.0156545   0.0172893           0  -0.0108348
 0.00325867 -0.00140583   0.0108348           0
EndNode2[0]<--->HoM1[0]
REAL
   0.476378 -0.00124622 -0.00635061    0.391143
-0.00124622   0.0393701    0.010566  0.00350161
-0.00635061    0.010566   0.0551181  -0.0115743
   0.391143  0.00350161  -0.0115743    0.429134
IMAGINARY
          0 -0.00129852   0.0104533  0.00775943
 0.00129852           0  0.00712891  0.00660711
 -0.0104533 -0.00712891           0  -0.0118248
-0.00775943 -0.00660711   0.0118248           0
Repeater1[0]<--->EndNode1[0]
REAL
   0.473753  0.00784888 -0.00024441    0.370553
 0.00784888   0.0511811   0.0039722   0.0160872
-0.00024441   0.0039722   0.0393701   0.0117962
   0.370553   0.0160872   0.0117962    0.435696
IMAGINARY
          0  -0.0156545   0.0134255 -0.00325867
  0.0156545           0   0.0172893  -0.0108348
 -0.0134255  -0.0172893           0  0.00140583
 0.00325867   0.0108348 -0.00140583           0
Repeater1[0]<--->HoM1[0]
REAL
   0.476378 -0.00635061 -0.00124622    0.391143
-0.00635061   0.0551181    0.010566  -0.0115743
-0.00124622    0.010566   0.0393701  0.00350161
   0.391143  -0.0115743  0.00350161    0.429134
IMAGINARY
          0   0.0104533 -0.00129852  0.00775943
 -0.0104533           0 -0.00712891  -0.0118248
 0.00129852  0.00712891           0  0.00660711
-0.00775943   0.0118248 -0.00660711           0
EndNode1[0]<--->Repeater1[0]
REAL
   0.458073 0.000147896  0.00825795     0.37461
0.000147896   0.0500626    0.021897 -0.00631746
 0.00825795    0.021897   0.0513141   -0.018906
    0.37461 -0.00631746   -0.018906    0.440551
IMAGINARY
          0  0.00489085  -0.0274736  0.00807449
-0.00489085           0   0.0181755  0.00163379
  0.0274736  -0.0181755           0  0.00286108
-0.00807449 -0.00163379 -0.00286108           0
EndNode2[0]<--->HoM1[0]
REAL
   0.455357 -0.00306344  0.00838473    0.382794
-0.00306344   0.0484694   0.0126484   0.0117225
 0.00838473   0.0126484   0.0714286   0.0204897
   0.382794   0.0117225   0.0204897    0.424745
IMAGINARY
          0  -0.0120554  0.00633555 -0.00945226
  0.0120554           0  -0.0051366  0.00944114
-0.00633555   0.0051366           0  0.00962824
 0.00945226 -0.00944114 -0.00962824           0
Repeater1[0]<--->EndNode1[0]
REAL
   0.458073  0.00825795 0.000147896     0.37461
 0.00825795   0.0513141    0.021897   -0.018906
0.000147896    0.021897   0.0500626 -0.00631746
    0.37461   -0.018906 -0.00631746    0.440551
IMAGINARY
          0  -0.0274736  0.00489085  0.00807449
  0.0274736           0  -0.0181755  0.00286108
-0.00489085   0.0181755           0  0.00163379
-0.00807449 -0.00286108 -0.00163379           0
Repeater1[0]<--->HoM1[0]
REAL
   0.455357  0.00838473 -0.00306344    0.382794
 0.00838473   0.0714286   0.0126484   0.0204897
-0.00306344   0.0126484   0.0484694   0.0117225
   0.382794   0.0204897   0.0117225    0.424745
IMAGINARY
          0  0.00633555  -0.0120554 -0.00945226
-0.00633555           0   0.0051366  0.00962824
  0.0120554  -0.0051366           0  0.00944114
 0.00945226 -0.00962824 -0.00944114           0
EndNode1[0]<--->Repeater1[0]
REAL
    0.46134  0.00507479 -0.00977568    0.364946
 0.00507479   0.0502577   0.0250416   0.0190464
-0.00977568   0.0250416   0.0438144 0.000487633
   0.364946   0.0190464 0.000487633    0.444588
IMAGINARY
          0  -0.0111827  0.00591897  0.00681977
  0.0111827           0  0.00483826 -0.00890583
-0.00591897 -0.00483826           0  0.00222213
-0.00681977  0.00890583 -0.00222213           0
EndNode2[0]<--->HoM1[0]
REAL
    0.455357   0.00851374 -0.000964249     0.379235
  0.00851374    0.0357143   0.00861526   0.00697226
-0.000964249   0.00861526    0.0535714  -0.00517596
    0.379235   0.00697226  -0.00517596     0.455357
IMAGINARY
          0  -0.0123385  0.00814164 -0.00583839
  0.0123385           0   0.0255752  0.00129232
-0.00814164  -0.0255752           0 -0.00248629
 0.00583839 -0.00129232  0.00248629           0
Repeater1[0]<--->EndNode1[0]
REAL
    0.46134 -0.00977568  0.00507479    0.364946
-0.00977568   0.0438144   0.0250416 0.000487633
 0.00507479   0.0250416   0.0502577   0.0190464
   0.364946 0.000487633   0.0190464    0.444588
IMAGINARY
          0  0.00591897  -0.0111827  0.00681977
-0.00591897           0 -0.00483826  0.00222213
  0.0111827  0.00483826           0 -0.00890583
-0.00681977 -0.00222213  0.00890583           0
Repeater1[0]<--->HoM1[0]
REAL
    0.455357 -0.000964249   0.00851374     0.379235
-0.000964249    0.0535714   0.00861526  -0.00517596
  0.00851374   0.00861526    0.0357143   0.00697226
    0.379235  -0.00517596   0.00697226     0.455357
IMAGINARY
          0  0.00814164  -0.0123385 -0.00583839
-0.00814164           0  -0.0255752 -0.00248629
  0.0123385   0.0255752           0  0.00129232
 0.00583839  0.00248629 -0.00129232           0
EndNode1[0]<--->Repeater1[0]
REAL
   0.462228  -0.0205495   0.0092337    0.364673
 -0.0205495   0.0422535 0.000156634   0.0143883
  0.0092337 0.000156634   0.0627401   0.0323605
   0.364673   0.0143883   0.0323605    0.432778
IMAGINARY
          0 -0.00257034 -0.00740203 -0.00707021
 0.00257034           0 -0.00132308 -0.00356571
 0.00740203  0.00132308           0 -0.00323612
 0.00707021  0.00356571  0.00323612           0
EndNode2[0]<--->HoM1[0]
REAL
  0.479058 0.00185959 -0.0132101   0.389442
0.00185959  0.0667539  0.0160911 -0.0239019
-0.0132101  0.0160911  0.0431937 -0.0335735
  0.389442 -0.0239019 -0.0335735   0.410995
IMAGINARY
           0 -0.000904825   -0.0063063  -0.00625794
 0.000904825            0  -0.00310536    0.0260952
   0.0063063   0.00310536            0   0.00222409
  0.00625794   -0.0260952  -0.00222409            0
Repeater1[0]<--->EndNode1[0]
REAL
   0.462228   0.0092337  -0.0205495    0.364673
  0.0092337   0.0627401 0.000156634   0.0323605
 -0.0205495 0.000156634   0.0422535   0.0143883
   0.364673   0.0323605   0.0143883    0.432778
IMAGINARY
          0 -0.00740203 -0.00257034 -0.00707021
 0.00740203           0  0.00132308 -0.00323612
 0.00257034 -0.00132308           0 -0.00356571
 0.00707021  0.00323612  0.00356571           0
Repeater1[0]<--->HoM1[0]
REAL
  0.479058 -0.0132101 0.00185959   0.389442
-0.0132101  0.0431937  0.0160911 -0.0335735
0.00185959  0.0160911  0.0667539 -0.0239019
  0.389442 -0.0335735 -0.0239019   0.410995
IMAGINARY
           0   -0.0063063 -0.000904825  -0.00625794
   0.0063063            0   0.00310536   0.00222409
 0.000904825  -0.00310536            0    0.0260952
  0.00625794  -0.00222409   -0.0260952            0
EndNode1[0]<--->Repeater1[0]
REAL
    0.415842    0.0139351    0.0123117     0.364065
   0.0139351    0.0631188   0.00322739   0.00779555
   0.0123117   0.00322739    0.0680693 -0.000530292
    0.364065   0.00779555 -0.000530292      0.45297
IMAGINARY
          0  -0.0132805   0.0223344   0.0218874
  0.0132805           0 -0.00697168  0.00352766
 -0.0223344  0.00697168           0    -0.01135
 -0.0218874 -0.00352766     0.01135           0
EndNode2[0]<--->HoM1[0]
REAL
   0.446589  -0.0103206  0.00566708     0.37655
 -0.0103206   0.0604891   0.0157579 -0.00694913
 0.00566708   0.0157579   0.0604891  0.00903855
    0.37655 -0.00694913  0.00903855    0.432432
IMAGINARY
          0  -0.0225278  -0.0021621    0.004921
  0.0225278           0   0.0144027  0.00918637
  0.0021621  -0.0144027           0   0.0091178
  -0.004921 -0.00918637  -0.0091178           0
Repeater1[0]<--->EndNode1[0]
REAL
    0.415842    0.0123117    0.0139351     0.364065
   0.0123117    0.0680693   0.00322739 -0.000530292
   0.0139351   0.00322739    0.0631188   0.00779555
    0.364065 -0.000530292   0.00779555      0.45297
IMAGINARY
          0   0.0223344  -0.0132805   0.0218874
 -0.0223344           0  0.00697168    -0.01135
  0.0132805 -0.00697168           0  0.00352766
 -0.0218874     0.01135 -0.00352766           0
Repeater1[0]<--->HoM1[0]
REAL
   0.446589  0.00566708  -0.0103206     0.37655
 0.00566708   0.0604891   0.0157579  0.00903855
 -0.0103206   0.0157579   0.0604891 -0.00694913
    0.37655  0.00903855 -0.00694913    0.432432
IMAGINARY
          0  -0.0021621  -0.0225278    0.004921
  0.0021621           0  -0.0144027   0.0091178
  0.0225278   0.0144027           0  0.00918637
  -0.004921  -0.0091178 -0.00918637           0
EndNode1[0]<--->Repeater1[0]
REAL
     0.4533  0.00120307  -0.0192319    0.377121
 0.00120307   0.0523039   0.0240649  -0.0104124
 -0.0192319   0.0240649   0.0635118 -0.00844944
   0.377121  -0.0104124 -0.00844944    0.430884
IMAGINARY
          0    0.015031   0.0040468 -0.00751849
  -0.015031           0  0.00624298 -0.00079582
 -0.0040468 -0.00624298           0  -0.0143808
 0.00751849  0.00079582   0.0143808           0
EndNode2[0]<--->HoM1[0]
REAL
  0.450578 0.00416246  0.0100134   0.391615
0.00416246  0.0359435  0.0216024  0.0173565
 0.0100134  0.0216024  0.0590501 0.00852112
  0.391615  0.0173565 0.00852112   0.454429
IMAGINARY
          0   -0.022836  0.00836551  0.00782966
   0.022836           0  -0.0134059    0.020592
-0.00836551   0.0134059           0  -0.0202785
-0.00782966   -0.020592   0.0202785           0
Repeater1[0]<--->EndNode1[0]
REAL
     0.4533  -0.0192319  0.00120307    0.377121
 -0.0192319   0.0635118   0.0240649 -0.00844944
 0.00120307   0.0240649   0.0523039  -0.0104124
   0.377121 -0.00844944  -0.0104124    0.430884
IMAGINARY
          0   0.0040468    0.015031 -0.00751849
 -0.0040468           0 -0.00624298  -0.0143808
  -0.015031  0.00624298           0 -0.00079582
 0.00751849   0.0143808  0.00079582           0
Repeater1[0]<--->HoM1[0]
REAL
  0.450578  0.0100134 0.00416246   0.391615
 0.0100134  0.0590501  0.0216024 0.00852112
0.00416246  0.0216024  0.0359435  0.0173565
  0.391615 0.00852112  0.0173565   0.454429
IMAGINARY
          0  0.00836551   -0.022836  0.00782966
-0.00836551           0   0.0134059  -0.0202785
   0.022836  -0.0134059           0    0.020592
-0.00782966   0.0202785   -0.020592           0
EndNode1[0]<--->Repeater1[0]
REAL
  0.428937 -0.0126716 -0.0199232   0.376318
-0.0126716  0.0435339  0.0221517 -0.0155427
-0.0199232  0.0221517  0.0537772 -0.0158402
  0.376318 -0.0155427 -0.0158402   0.473752
IMAGINARY
          0   0.0073175  0.00130208 -0.00265807
 -0.0073175           0  0.00950738  -0.0260417
-0.00130208 -0.00950738           0   0.0226304
 0.00265807   0.0260417  -0.0226304           0
EndNode2[0]<--->HoM1[0]
REAL
   0.489474   0.0148707   0.0179042    0.375839
  0.0148707   0.0460526  0.00114563 -0.00732219
  0.0179042  0.00114563   0.0473684  -0.0109025
   0.375839 -0.00732219  -0.0109025    0.417105
IMAGINARY
          0  0.00120104   0.0108267   0.0144578
-0.00120104           0 -0.00854457  0.00882934
 -0.0108267  0.00854457           0  -0.0134861
 -0.0144578 -0.00882934   0.0134861           0
Repeater1[0]<--->EndNode1[0]
REAL
  0.428937 -0.0199232 -0.0126716   0.376318
-0.0199232  0.0537772  0.0221517 -0.0158402
-0.0126716  0.0221517  0.0435339 -0.0155427
  0.376318 -0.0158402 -0.0155427   0.473752
IMAGINARY
          0  0.00130208   0.0073175 -0.00265807
-0.00130208           0 -0.00950738   0.0226304
 -0.0073175  0.00950738           0  -0.0260417
 0.00265807  -0.0226304   0.0260417           0
Repeater1[0]<--->HoM1[0]
REAL
   0.489474   0.0179042   0.0148707    0.375839
  0.0179042   0.0473684  0.00114563  -0.0109025
  0.0148707  0.00114563   0.0460526 -0.00732219
   0.375839  -0.0109025 -0.00732219    0.417105
IMAGINARY
          0   0.0108267  0.00120104   0.0144578
 -0.0108267           0  0.00854457  -0.0134861
-0.00120104 -0.00854457           0  0.00882934
 -0.0144578   0.0134861 -0.00882934           0
EndNode1[0]<--->Repeater1[0]
REAL
   0.468549  0.00195999 -0.00465839     0.36779
 0.00195999   0.0590501  0.00922892 -0.00465839
-0.00465839  0.00922892   0.0449294  -0.0174879
    0.36779 -0.00465839  -0.0174879    0.427471
IMAGINARY
          0  0.00942306 -0.00622167 -0.00651893
-0.00942306           0 -0.00981273   -0.023555
 0.00622167  0.00981273           0  0.00546528
 0.00651893    0.023555 -0.00546528           0
EndNode2[0]<--->HoM1[0]
REAL
  0.466135 -0.0118303 -0.0150535   0.363829
-0.0118303  0.0478088  0.0195257 -0.0144354
-0.0150535  0.0195257  0.0424967 -0.0137267
  0.363829 -0.0144354 -0.0137267   0.443559
IMAGINARY
           0 -0.000317659   0.00282257    -0.013034
 0.000317659            0  -0.00972278   0.00730401
 -0.00282257   0.00972278            0   0.00158348
    0.013034  -0.00730401  -0.00158348            0
Repeater1[0]<--->EndNode1[0]
REAL
   0.468549 -0.00465839  0.00195999     0.36779
-0.00465839   0.0449294  0.00922892  -0.0174879
 0.00195999  0.00922892   0.0590501 -0.00465839
    0.36779  -0.0174879 -0.00465839    0.427471
IMAGINARY
          0 -0.00622167  0.00942306 -0.00651893
 0.00622167           0  0.00981273  0.00546528
-0.00942306 -0.00981273           0   -0.023555
 0.00651893 -0.00546528    0.023555           0
Repeater1[0]<--->HoM1[0]
REAL
  0.466135 -0.0150535 -0.0118303   0.363829
-0.0150535  0.0424967  0.0195257 -0.0137267
-0.0118303  0.0195257  0.0478088 -0.0144354
  0.363829 -0.0137267 -0.0144354   0.443559
IMAGINARY
           0   0.00282257 -0.000317659    -0.013034
 -0.00282257            0   0.00972278   0.00158348
 0.000317659  -0.00972278            0   0.00730401
    0.013034  -0.00158348  -0.00730401            0
EndNode1[0]<--->Repeater1[0]
REAL
   0.475449  -0.0189104  -0.0146275    0.368164
 -0.0189104   0.0694611  0.00574362 -0.00722014
 -0.0146275  0.00574362   0.0491018 -0.00418571
   0.368164 -0.00722014 -0.00418571    0.405988
IMAGINARY
           0  0.000119375    0.0196363   -0.0171668
-0.000119375            0    0.0233737   0.00647838
  -0.0196363   -0.0233737            0  -0.00839963
   0.0171668  -0.00647838   0.00839963            0
EndNode2[0]<--->HoM1[0]
REAL
  0.439414 -0.0099418  0.0116394   0.376952
-0.0099418  0.0505992  0.0137148  0.0096939
 0.0116394  0.0137148  0.0532623 0.00460847
  0.376952  0.0096939 0.00460847   0.456724
IMAGINARY
           0   -0.0147037   0.00378729  8.40967e-05
   0.0147037            0   0.00478208    0.0156606
 -0.00378729  -0.00478208            0   -0.0135272
-8.40967e-05   -0.0156606    0.0135272            0
Repeater1[0]<--->EndNode1[0]
REAL
   0.475449  -0.0146275  -0.0189104    0.368164
 -0.0146275   0.0491018  0.00574362 -0.00418571
 -0.0189104  0.00574362   0.0694611 -0.00722014
   0.368164 -0.00418571 -0.00722014    0.405988
IMAGINARY
           0    0.0196363  0.000119375   -0.0171668
  -0.0196363            0   -0.0233737  -0.00839963
-0.000119375    0.0233737            0   0.00647838
   0.0171668   0.00839963  -0.00647838            0
Repeater1[0]<--->HoM1[0]
REAL
  0.439414  0.0116394 -0.0099418   0.376952
 0.0116394  0.0532623  0.0137148 0.00460847
-0.0099418  0.0137148  0.0505992  0.0096939
  0.376952 0.00460847  0.0096939   0.456724
IMAGINARY
           0   0.00378729   -0.0147037  8.40967e-05
 -0.00378729            0  -0.00478208   -0.0135272
   0.0147037   0.00478208            0    0.0156606
-8.40967e-05    0.0135272   -0.0156606            0
EndNode1[0]<--->Repeater1[0]
REAL
   0.468514  0.00898383 -0.00285061    0.385186
 0.00898383   0.0717884   0.0233276  0.00475658
-0.00285061   0.0233276   0.0365239  -0.0121604
   0.385186  0.00475658  -0.0121604    0.423174
IMAGINARY
          0    0.014167    0.018555  0.00709327
  -0.014167           0  -0.0155458  -0.0099975
  -0.018555   0.0155458           0  -0.0288369
-0.00709327   0.0099975   0.0288369           0
EndNode2[0]<--->HoM1[0]
REAL
   0.489172   0.0110338 -0.00217323    0.385767
  0.0110338    0.044586  0.00120129  -0.0111246
-0.00217323  0.00120129   0.0433121   -0.028321
   0.385767  -0.0111246   -0.028321     0.42293
IMAGINARY
           0  0.000636793   0.00130128  -0.00858485
-0.000636793            0  -0.00613986  0.000644248
 -0.00130128   0.00613986            0  -0.00387934
  0.00858485 -0.000644248   0.00387934            0
Repeater1[0]<--->EndNode1[0]
REAL
   0.468514 -0.00285061  0.00898383    0.385186
-0.00285061   0.0365239   0.0233276  -0.0121604
 0.00898383   0.0233276   0.0717884  0.00475658
   0.385186  -0.0121604  0.00475658    0.423174
IMAGINARY
          0    0.018555    0.014167  0.00709327
  -0.018555           0   0.0155458  -0.0288369
  -0.014167  -0.0155458           0  -0.0099975
-0.00709327   0.0288369   0.0099975           0
Repeater1[0]<--->HoM1[0]
REAL
   0.489172 -0.00217323   0.0110338    0.385767
-0.00217323   0.0433121  0.00120129   -0.028321
  0.0110338  0.00120129    0.044586  -0.0111246
   0.385767   -0.028321  -0.0111246     0.42293
IMAGINARY
           0   0.00130128  0.000636793  -0.00858485
 -0.00130128            0   0.00613986  -0.00387934
-0.000636793  -0.00613986            0  0.000644248
  0.00858485   0.00387934 -0.000644248            0
EndNode1[0]<--->Repeater1[0]
REAL
   0.427012  -0.0112296  0.00105899    0.383855
 -0.0112296   0.0600273   0.0167663    0.014469
 0.00105899   0.0167663   0.0491132 -0.00554059
   0.383855    0.014469 -0.00554059    0.463847
IMAGINARY
          0  -0.0138507  -0.0209364   0.0151538
  0.0138507           0   0.0267817 -0.00438008
  0.0209364  -0.0267817           0   0.0151165
 -0.0151538  0.00438008  -0.0151165           0
EndNode2[0]<--->HoM1[0]
REAL
  0.462051 0.00438518 0.00439326   0.370735
0.00438518  0.0426099  0.0265628 0.00641755
0.00439326  0.0265628  0.0412783 0.00372293
  0.370735 0.00641755 0.00372293   0.454061
IMAGINARY
           0 -0.000329384   0.00495547    -0.017856
 0.000329384            0  -0.00657783   0.00301999
 -0.00495547   0.00657783            0  0.000942881
    0.017856  -0.00301999 -0.000942881            0
Repeater1[0]<--->EndNode1[0]
REAL
   0.427012  0.00105899  -0.0112296    0.383855
 0.00105899   0.0491132   0.0167663 -0.00554059
 -0.0112296   0.0167663   0.0600273    0.014469
   0.383855 -0.00554059    0.014469    0.463847
IMAGINARY
          0  -0.0209364  -0.0138507   0.0151538
  0.0209364           0  -0.0267817   0.0151165
  0.0138507   0.0267817           0 -0.00438008
 -0.0151538  -0.0151165  0.00438008           0
Repeater1[0]<--->HoM1[0]
REAL
  0.462051 0.00439326 0.00438518   0.370735
0.00439326  0.0412783  0.0265628 0.00372293
0.00438518  0.0265628  0.0426099 0.00641755
  0.370735 0.00372293 0.00641755   0.454061
IMAGINARY
           0   0.00495547 -0.000329384    -0.017856
 -0.00495547            0   0.00657783  0.000942881
 0.000329384  -0.00657783            0   0.00301999
    0.017856 -0.000942881  -0.00301999            0
EndNode1[0]<--->Repeater1[0]
REAL
   0.451157   0.0124529  0.00836188    0.375382
  0.0124529   0.0488432   0.0128167  0.00965054
 0.00836188   0.0128167   0.0552699 -0.00934735
   0.375382  0.00965054 -0.00934735     0.44473
IMAGINARY
          0   0.0192498  -0.0229787   0.0073397
 -0.0192498           0  -0.0215548   0.0111986
  0.0229787   0.0215548           0  0.00692818
 -0.0073397  -0.0111986 -0.00692818           0
EndNode2[0]<--->HoM1[0]
REAL
    0.493606    -0.017107  -0.00770059     0.373647
   -0.017107    0.0473146    0.0123968 -0.000622078
 -0.00770059    0.0123968    0.0460358    0.0177472
    0.373647 -0.000622078    0.0177472     0.413043
IMAGINARY
          0  0.00196679 -0.00644243   0.0241448
-0.00196679           0   -0.005868  -0.0135576
 0.00644243    0.005868           0  -0.0107168
 -0.0241448   0.0135576   0.0107168           0
Repeater1[0]<--->EndNode1[0]
REAL
   0.451157  0.00836188   0.0124529    0.375382
 0.00836188   0.0552699   0.0128167 -0.00934735
  0.0124529   0.0128167   0.0488432  0.00965054
   0.375382 -0.00934735  0.00965054     0.44473
IMAGINARY
          0  -0.0229787   0.0192498   0.0073397
  0.0229787           0   0.0215548  0.00692818
 -0.0192498  -0.0215548           0   0.0111986
 -0.0073397 -0.00692818  -0.0111986           0
Repeater1[0]<--->HoM1[0]
REAL
    0.493606  -0.00770059    -0.017107     0.373647
 -0.00770059    0.0460358    0.0123968    0.0177472
   -0.017107    0.0123968    0.0473146 -0.000622078
    0.373647    0.0177472 -0.000622078     0.413043
IMAGINARY
          0 -0.00644243  0.00196679   0.0241448
 0.00644243           0    0.005868  -0.0107168
-0.00196679   -0.005868           0  -0.0135576
 -0.0241448   0.0107168   0.0135576           0
EndNode1[0]<--->Repeater1[0]
REAL
   0.493606  0.00579914   0.0115449    0.367274
 0.00579914    0.056266   0.0233716  -0.0148387
  0.0115449   0.0233716   0.0588235 -0.00514037
   0.367274  -0.0148387 -0.00514037    0.391304
IMAGINARY
           0   -0.0152214   -0.0160925 -0.000777381
   0.0152214            0  -0.00447196    0.0270682
   0.0160925   0.00447196            0    0.0164409
 0.000777381   -0.0270682   -0.0164409            0
EndNode2[0]<--->HoM1[0]
REAL
    0.44201   0.0024415  0.00411554    0.384056
  0.0024415   0.0476804  0.00776762  0.00154484
 0.00411554  0.00776762   0.0502577 -0.00935974
   0.384056  0.00154484 -0.00935974    0.460052
IMAGINARY
          0  0.00279098 -0.00067712   0.0149481
-0.00279098           0  0.00585723 -0.00576618
 0.00067712 -0.00585723           0   0.0268482
 -0.0149481  0.00576618  -0.0268482           0
Repeater1[0]<--->EndNode1[0]
REAL
   0.493606   0.0115449  0.00579914    0.367274
  0.0115449   0.0588235   0.0233716 -0.00514037
 0.00579914   0.0233716    0.056266  -0.0148387
   0.367274 -0.00514037  -0.0148387    0.391304
IMAGINARY
           0   -0.0160925   -0.0152214 -0.000777381
   0.0160925            0   0.00447196    0.0164409
   0.0152214  -0.00447196            0    0.0270682
 0.000777381   -0.0164409   -0.0270682            0
Repeater1[0]<--->HoM1[0]
REAL
    0.44201  0.00411554   0.0024415    0.384056
 0.00411554   0.0502577  0.00776762 -0.00935974
  0.0024415  0.00776762   0.0476804  0.00154484
   0.384056 -0.00935974  0.00154484    0.460052
IMAGINARY
          0 -0.00067712  0.00279098   0.0149481
 0.00067712           0 -0.00585723   0.0268482
-0.00279098  0.00585723           0 -0.00576618
 -0.0149481  -0.0268482  0.00576618           0
EndNode1[0]<--->Repeater1[0]
REAL
   0.426099  -0.0142675    0.014705    0.373119
 -0.0142675   0.0585885  0.00899493 -0.00928492
   0.014705  0.00899493   0.0665779  0.00207237
   0.373119 -0.00928492  0.00207237    0.448735
IMAGINARY
           0   0.00904572  0.000638976   -0.0130736
 -0.00904572            0   0.00965365  -0.00838629
-0.000638976  -0.00965365            0  -0.00606598
   0.0130736   0.00838629   0.00606598            0
EndNode2[0]<--->HoM1[0]
REAL
   0.445893 -0.00274225  -0.0107672    0.364503
-0.00274225   0.0495437   0.0233344  0.00536181
 -0.0107672   0.0233344    0.041721 -0.00401451
   0.364503  0.00536181 -0.00401451    0.462842
IMAGINARY
          0 -0.00576996   0.0171327  0.00217535
 0.00576996           0 -0.00758075 -0.00124963
 -0.0171327  0.00758075           0  -0.0012186
-0.00217535  0.00124963   0.0012186           0
Repeater1[0]<--->EndNode1[0]
REAL
   0.426099    0.014705  -0.0142675    0.373119
   0.014705   0.0665779  0.00899493  0.00207237
 -0.0142675  0.00899493   0.0585885 -0.00928492
   0.373119  0.00207237 -0.00928492    0.448735
IMAGINARY
           0  0.000638976   0.00904572   -0.0130736
-0.000638976            0  -0.00965365  -0.00606598
 -0.00904572   0.00965365            0  -0.00838629
   0.0130736   0.00606598   0.00838629            0
Repeater1[0]<--->HoM1[0]
REAL
   0.445893  -0.0107672 -0.00274225    0.364503
 -0.0107672    0.041721   0.0233344 -0.00401451
-0.00274225   0.0233344   0.0495437  0.00536181
   0.364503 -0.00401451  0.00536181    0.462842
IMAGINARY
          0   0.0171327 -0.00576996  0.00217535
 -0.0171327           0  0.00758075  -0.0012186
 0.00576996 -0.00758075           0 -0.00124963
-0.00217535   0.0012186  0.00124963           0
EndNode1[0]<--->Repeater1[0]
REAL
    0.44183  0.00317529  -0.0115566    0.356793
 0.00317529   0.0588235  0.00725917  0.00436701
 -0.0115566  0.00725917    0.054902 9.26799e-05
   0.356793  0.00436701 9.26799e-05    0.444444
IMAGINARY
          0   0.0130387 -0.00255848  -0.0181707
 -0.0130387           0  0.00374162  -0.0247385
 0.00255848 -0.00374162           0   0.0155898
  0.0181707   0.0247385  -0.0155898           0
EndNode2[0]<--->HoM1[0]
REAL
    0.47543   0.0118405   0.0126732    0.372463
  0.0118405   0.0479115 -0.00823364  0.00821456
  0.0126732 -0.00823364   0.0687961  0.00904722
   0.372463  0.00821456  0.00904722    0.407862
IMAGINARY
          0 -0.00848732   0.0106167   0.0193566
 0.00848732           0 -0.00899391  0.00680958
 -0.0106167  0.00899391           0  -0.0102794
 -0.0193566 -0.00680958   0.0102794           0
Repeater1[0]<--->EndNode1[0]
REAL
    0.44183  -0.0115566  0.00317529    0.356793
 -0.0115566    0.054902  0.00725917 9.26799e-05
 0.00317529  0.00725917   0.0588235  0.00436701
   0.356793 9.26799e-05  0.00436701    0.444444
IMAGINARY
          0 -0.00255848   0.0130387  -0.0181707
 0.00255848           0 -0.00374162   0.0155898
 -0.0130387  0.00374162           0  -0.0247385
  0.0181707  -0.0155898   0.0247385           0
Repeater1[0]<--->HoM1[0]
REAL
    0.47543   0.0126732   0.0118405    0.372463
  0.0126732   0.0687961 -0.00823364  0.00904722
  0.0118405 -0.00823364   0.0479115  0.00821456
   0.372463  0.00904722  0.00821456    0.407862
IMAGINARY
          0   0.0106167 -0.00848732   0.0193566
 -0.0106167           0  0.00899391  -0.0102794
 0.00848732 -0.00899391           0  0.00680958
 -0.0193566   0.0102794 -0.00680958           0
EndNode1[0]<--->Repeater1[0]
REAL
   0.446891 -0.00986956   0.0183703    0.362612
-0.00986956   0.0582902  0.00790039  0.00342461
  0.0183703  0.00790039   0.0647668   0.0175619
   0.362612  0.00342461   0.0175619    0.430052
IMAGINARY
           0  -0.00981675 -0.000522886   0.00256553
  0.00981675            0  -0.00953638    0.0162297
 0.000522886   0.00953638            0  -0.00981675
 -0.00256553   -0.0162297   0.00981675            0
EndNode2[0]<--->HoM1[0]
REAL
   0.47619  0.0069302  0.0223485   0.396936
 0.0069302  0.0501253  0.0108924 -0.0109848
 0.0223485  0.0108924  0.0551378 0.00317081
  0.396936 -0.0109848 0.00317081   0.418546
IMAGINARY
           0   0.00352359   -0.0122141   0.00696237
 -0.00352359            0  -0.00244624   0.00773269
   0.0122141   0.00244624            0 -0.000322565
 -0.00696237  -0.00773269  0.000322565            0
Repeater1[0]<--->EndNode1[0]
REAL
   0.446891   0.0183703 -0.00986956    0.362612
  0.0183703   0.0647668  0.00790039   0.0175619
-0.00986956  0.00790039   0.0582902  0.00342461
   0.362612   0.0175619  0.00342461    0.430052
IMAGINARY
           0 -0.000522886  -0.00981675   0.00256553
 0.000522886            0   0.00953638  -0.00981675
  0.00981675  -0.00953638            0    0.0162297
 -0.00256553   0.00981675   -0.0162297            0
Repeater1[0]<--->HoM1[0]
REAL
   0.47619  0.0223485  0.0069302   0.396936
 0.0223485  0.0551378  0.0108924 0.00317081
 0.0069302  0.0108924  0.0501253 -0.0109848
  0.396936 0.00317081 -0.0109848   0.418546
IMAGINARY
           0   -0.0122141   0.00352359   0.00696237
   0.0122141            0   0.00244624 -0.000322565
 -0.00352359  -0.00244624            0   0.00773269
 -0.00696237  0.000322565  -0.00773269            0
EndNode1[0]<--->Repeater1[0]
REAL
   0.454545  -0.0154689  -0.0123093    0.393263
 -0.0154689   0.0487484 -0.00437445 -0.00417417
 -0.0123093 -0.00437445   0.0487484   0.0197424
   0.393263 -0.00417417   0.0197424    0.447958
IMAGINARY
           0  -0.00389087    0.0154249   0.00126053
  0.00389087            0  -0.00524989 -0.000989223
  -0.0154249   0.00524989            0   0.00782788
 -0.00126053  0.000989223  -0.00782788            0
EndNode2[0]<--->HoM1[0]
REAL
   0.45466  0.0036316   0.007756   0.379012
 0.0036316  0.0554156   0.011824  0.0084165
  0.007756   0.011824  0.0554156 0.00849778
  0.379012  0.0084165 0.00849778   0.434509
IMAGINARY
           0   -0.0170196   -0.0166291 -0.000311333
   0.0170196            0 -0.000311333    0.0257437
   0.0166291  0.000311333            0    0.0105092
 0.000311333   -0.0257437   -0.0105092            0
Repeater1[0]<--->EndNode1[0]
REAL
   0.454545  -0.0123093  -0.0154689    0.393263
 -0.0123093   0.0487484 -0.00437445   0.0197424
 -0.0154689 -0.00437445   0.0487484 -0.00417417
   0.393263   0.0197424 -0.00417417    0.447958
IMAGINARY
           0    0.0154249  -0.00389087   0.00126053
  -0.0154249            0   0.00524989   0.00782788
  0.00389087  -0.00524989            0 -0.000989223
 -0.00126053  -0.00782788  0.000989223            0
Repeater1[0]<--->HoM1[0]
REAL
   0.45466   0.007756  0.0036316   0.379012
  0.007756  0.0554156   0.011824 0.00849778
 0.0036316   0.011824  0.0554156  0.0084165
  0.379012 0.00849778  0.0084165   0.434509
IMAGINARY
           0   -0.0166291   -0.0170196 -0.000311333
   0.0166291            0  0.000311333    0.0105092
   0.0170196 -0.000311333            0    0.0257437
 0.000311333   -0.0105092   -0.0257437            0
EndNode1[0]<--->Repeater1[0]
REAL
  0.448819  0.0252149 -0.0152111   0.362934
 0.0252149  0.0603675 0.00976943  0.0375208
-0.0152111 0.00976943  0.0524934 0.00103186
  0.362934  0.0375208 0.00103186    0.43832
IMAGINARY
          0   0.0110648  -0.0136064  -0.0126067
 -0.0110648           0  0.00814806  -0.0117101
  0.0136064 -0.00814806           0   0.0117201
  0.0126067   0.0117101  -0.0117201           0
EndNode2[0]<--->HoM1[0]
REAL
   0.450067 -0.00461269  0.00798242    0.384284
-0.00461269   0.0346205   0.0103875 -0.00736284
 0.00798242   0.0103875   0.0625832   0.0163847
   0.384284 -0.00736284   0.0163847     0.45273
IMAGINARY
           0    0.0148991   -0.0192244   -0.0176327
  -0.0148991            0 -0.000391326  -0.00914885
   0.0192244  0.000391326            0    0.0235625
   0.0176327   0.00914885   -0.0235625            0
Repeater1[0]<--->EndNode1[0]
REAL
  0.448819 -0.0152111  0.0252149   0.362934
-0.0152111  0.0524934 0.00976943 0.00103186
 0.0252149 0.00976943  0.0603675  0.0375208
  0.362934 0.00103186  0.0375208    0.43832
IMAGINARY
          0  -0.0136064   0.0110648  -0.0126067
  0.0136064           0 -0.00814806   0.0117201
 -0.0110648  0.00814806           0  -0.0117101
  0.0126067  -0.0117201   0.0117101           0
Repeater1[0]<--->HoM1[0]
REAL
   0.450067  0.00798242 -0.00461269    0.384284
 0.00798242   0.0625832   0.0103875   0.0163847
-0.00461269   0.0103875   0.0346205 -0.00736284
   0.384284   0.0163847 -0.00736284     0.45273
IMAGINARY
           0   -0.0192244    0.0148991   -0.0176327
   0.0192244            0  0.000391326    0.0235625
  -0.0148991 -0.000391326            0  -0.00914885
   0.0176327   -0.0235625   0.00914885            0
EndNode1[0]<--->Repeater1[0]
REAL
   0.471503 -0.00974589     0.01126    0.380376
-0.00974589   0.0582902  -0.0004806  -0.0164819
    0.01126  -0.0004806   0.0531088   0.0123569
   0.380376  -0.0164819   0.0123569    0.417098
IMAGINARY
          0 -0.00669255  0.00231603 -0.00159588
 0.00669255           0  -0.0216445  0.00103069
-0.00231603   0.0216445           0 -0.00602499
 0.00159588 -0.00103069  0.00602499           0
EndNode2[0]<--->HoM1[0]
REAL
    0.478738   0.00867485 -0.000955008     0.379774
  0.00867485    0.0603567  -0.00364533   -0.0022708
-0.000955008  -0.00364533    0.0521262  -0.00932001
    0.379774   -0.0022708  -0.00932001     0.408779
IMAGINARY
          0  0.00935759  0.00756384  0.00102959
-0.00935759           0  0.00833371  -0.0192219
-0.00756384 -0.00833371           0   0.0152538
-0.00102959   0.0192219  -0.0152538           0
Repeater1[0]<--->EndNode1[0]
REAL
   0.471503     0.01126 -0.00974589    0.380376
    0.01126   0.0531088  -0.0004806   0.0123569
-0.00974589  -0.0004806   0.0582902  -0.0164819
   0.380376   0.0123569  -0.0164819    0.417098
IMAGINARY
          0  0.00231603 -0.00669255 -0.00159588
-0.00231603           0   0.0216445 -0.00602499
 0.00669255  -0.0216445           0  0.00103069
 0.00159588  0.00602499 -0.00103069           0
Repeater1[0]<--->HoM1[0]
REAL
    0.478738 -0.000955008   0.00867485     0.379774
-0.000955008    0.0521262  -0.00364533  -0.00932001
  0.00867485  -0.00364533    0.0603567   -0.0022708
    0.379774  -0.00932001   -0.0022708     0.408779
IMAGINARY
          0  0.00756384  0.00935759  0.00102959
-0.00756384           0 -0.00833371   0.0152538
-0.00935759  0.00833371           0  -0.0192219
-0.00102959  -0.0152538   0.0192219           0
EndNode1[0]<--->Repeater1[0]
REAL
    0.454088  -0.00322356  -0.00231508     0.365854
 -0.00322356    0.0528302   0.00947085  -0.00417843
 -0.00231508   0.00947085    0.0503145 -0.000672542
    0.365854  -0.00417843 -0.000672542     0.442767
IMAGINARY
          0  0.00100137 -0.00245002   -0.029141
-0.00100137           0    -0.00126  -0.0121776
 0.00245002     0.00126           0  0.00032842
   0.029141   0.0121776 -0.00032842           0
EndNode2[0]<--->HoM1[0]
REAL
   0.433113  -0.0232352  -0.0239198    0.377023
 -0.0232352   0.0529801   0.0124118  -0.0141637
 -0.0239198   0.0124118   0.0569536 -0.00256335
   0.377023  -0.0141637 -0.00256335    0.456954
IMAGINARY
          0   0.0129794  0.00972615   0.0118927
 -0.0129794           0  -0.0143557 -0.00168325
-0.00972615   0.0143557           0 -0.00627695
 -0.0118927  0.00168325  0.00627695           0
Repeater1[0]<--->EndNode1[0]
REAL
    0.454088  -0.00231508  -0.00322356     0.365854
 -0.00231508    0.0503145   0.00947085 -0.000672542
 -0.00322356   0.00947085    0.0528302  -0.00417843
    0.365854 -0.000672542  -0.00417843     0.442767
IMAGINARY
          0 -0.00245002  0.00100137   -0.029141
 0.00245002           0     0.00126  0.00032842
-0.00100137    -0.00126           0  -0.0121776
   0.029141 -0.00032842   0.0121776           0
Repeater1[0]<--->HoM1[0]
REAL
   0.433113  -0.0239198  -0.0232352    0.377023
 -0.0239198   0.0569536   0.0124118 -0.00256335
 -0.0232352   0.0124118   0.0529801  -0.0141637
   0.377023 -0.00256335  -0.0141637    0.456954
IMAGINARY
          0  0.00972615   0.0129794   0.0118927
-0.00972615           0   0.0143557 -0.00627695
 -0.0129794  -0.0143557           0 -0.00168325
 -0.0118927  0.00627695  0.00168325           0
EndNode1[0]<--->Repeater1[0]
REAL
   0.443559   0.0045164 0.000545232    0.362729
  0.0045164   0.0504648   0.0220209 -0.00578388
0.000545232   0.0220209   0.0531208 -0.00160604
   0.362729 -0.00578388 -0.00160604    0.452855
IMAGINARY
          0   0.0142036  -0.0188587  0.00611605
 -0.0142036           0  0.00809234  0.00432012
  0.0188587 -0.00809234           0 -0.00472193
-0.00611605 -0.00432012  0.00472193           0
EndNode2[0]<--->HoM1[0]
REAL
    0.41384   0.0232153 -0.00657828    0.381978
  0.0232153   0.0502035  0.00586017   0.0254972
-0.00657828  0.00586017    0.063772  -0.0083504
   0.381978   0.0254972  -0.0083504    0.472185
IMAGINARY
          0  -0.0101748  0.00483382   -0.014061
  0.0101748           0 -0.00652332 -0.00291811
-0.00483382  0.00652332           0  0.00187339
   0.014061  0.00291811 -0.00187339           0
Repeater1[0]<--->EndNode1[0]
REAL
   0.443559 0.000545232   0.0045164    0.362729
0.000545232   0.0531208   0.0220209 -0.00160604
  0.0045164   0.0220209   0.0504648 -0.00578388
   0.362729 -0.00160604 -0.00578388    0.452855
IMAGINARY
          0  -0.0188587   0.0142036  0.00611605
  0.0188587           0 -0.00809234 -0.00472193
 -0.0142036  0.00809234           0  0.00432012
-0.00611605  0.00472193 -0.00432012           0
Repeater1[0]<--->HoM1[0]
REAL
    0.41384 -0.00657828   0.0232153    0.381978
-0.00657828    0.063772  0.00586017  -0.0083504
  0.0232153  0.00586017   0.0502035   0.0254972
   0.381978  -0.0083504   0.0254972    0.472185
IMAGINARY
          0  0.00483382  -0.0101748   -0.014061
-0.00483382           0  0.00652332  0.00187339
  0.0101748 -0.00652332           0 -0.00291811
   0.014061 -0.00187339  0.00291811           0
EndNode1[0]<--->Repeater1[0]
REAL
   0.424242 -0.00945046 0.000765635     0.35249
-0.00945046   0.0619236  0.00483349 -0.00455351
0.000765635  0.00483349   0.0368906  0.00439996
    0.35249 -0.00455351  0.00439996    0.476943
IMAGINARY
          0   0.0124149  -0.0277853   -0.019795
 -0.0124149           0 -0.00448891 -0.00867306
  0.0277853  0.00448891           0  0.00190806
   0.019795  0.00867306 -0.00190806           0
EndNode2[0]<--->HoM1[0]
REAL
   0.470803   0.0135627   0.0364086    0.388182
  0.0135627   0.0608273    0.015946 -0.00644854
  0.0364086    0.015946   0.0498783  0.00840803
   0.388182 -0.00644854  0.00840803    0.418491
IMAGINARY
          0  0.00768154  -0.0119925  -0.0076973
-0.00768154           0   0.0157402   -0.011349
  0.0119925  -0.0157402           0  0.00583197
  0.0076973    0.011349 -0.00583197           0
Repeater1[0]<--->EndNode1[0]
REAL
   0.424242 0.000765635 -0.00945046     0.35249
0.000765635   0.0368906  0.00483349  0.00439996
-0.00945046  0.00483349   0.0619236 -0.00455351
    0.35249  0.00439996 -0.00455351    0.476943
IMAGINARY
          0  -0.0277853   0.0124149   -0.019795
  0.0277853           0  0.00448891  0.00190806
 -0.0124149 -0.00448891           0 -0.00867306
   0.019795 -0.00190806  0.00867306           0
Repeater1[0]<--->HoM1[0]
REAL
   0.470803   0.0364086   0.0135627    0.388182
  0.0364086   0.0498783    0.015946  0.00840803
  0.0135627    0.015946   0.0608273 -0.00644854
   0.388182  0.00840803 -0.00644854    0.418491
IMAGINARY
          0  -0.0119925  0.00768154  -0.0076973
  0.0119925           0  -0.0157402  0.00583197
-0.00768154   0.0157402           0   -0.011349
  0.0076973 -0.00583197    0.011349           0
EndNode1[0]<--->Repeater1[0]
REAL
     0.46124  -0.00191503    0.0160131     0.370013
 -0.00191503    0.0400517    0.0106975   -0.0160131
   0.0160131    0.0106975    0.0439276 -0.000623041
    0.370013   -0.0160131 -0.000623041      0.45478
IMAGINARY
          0 -0.00670237  -0.0101109 -0.00706551
 0.00670237           0 -0.00834756  0.00694232
  0.0101109  0.00834756           0   0.0187429
 0.00706551 -0.00694232  -0.0187429           0
EndNode2[0]<--->HoM1[0]
REAL
   0.404145 0.000600746   0.0030153      0.3822
0.000600746   0.0621762   0.0256107 -0.00877715
  0.0030153   0.0256107   0.0544041 -0.00380177
     0.3822 -0.00877715 -0.00380177    0.479275
IMAGINARY
           0  -0.00354667    0.0150276  0.000876296
  0.00354667            0   -0.0274523   0.00564423
  -0.0150276    0.0274523            0  -0.00549726
-0.000876296  -0.00564423   0.00549726            0
Repeater1[0]<--->EndNode1[0]
REAL
     0.46124    0.0160131  -0.00191503     0.370013
   0.0160131    0.0439276    0.0106975 -0.000623041
 -0.00191503    0.0106975    0.0400517   -0.0160131
    0.370013 -0.000623041   -0.0160131      0.45478
IMAGINARY
          0  -0.0101109 -0.00670237 -0.00706551
  0.0101109           0  0.00834756   0.0187429
 0.00670237 -0.00834756           0  0.00694232
 0.00706551  -0.0187429 -0.00694232           0
Repeater1[0]<--->HoM1[0]
REAL
   0.404145   0.0030153 0.000600746      0.3822
  0.0030153   0.0544041   0.0256107 -0.00380177
0.000600746   0.0256107   0.0621762 -0.00877715
     0.3822 -0.00380177 -0.00877715    0.479275
IMAGINARY
           0    0.0150276  -0.00354667  0.000876296
  -0.0150276            0    0.0274523  -0.00549726
  0.00354667   -0.0274523            0   0.00564423
-0.000876296   0.00549726  -0.00564423            0
EndNode1[0]<--->Repeater1[0]
REAL
   0.474425  -0.0144228 -0.00134679    0.350938
 -0.0144228   0.0549872   0.0156439  0.00198211
-0.00134679   0.0156439    0.044757  0.00108104
   0.350938  0.00198211  0.00108104    0.425831
IMAGINARY
           0   -0.0267974     0.021968   0.00512038
   0.0267974            0  -0.00132292   0.00221496
   -0.021968   0.00132292            0  1.04083e-17
 -0.00512038  -0.00221496 -1.04083e-17            0
EndNode2[0]<--->HoM1[0]
REAL
