EndNode1[0]<--->Repeater1[0]
REAL
   0.46144 -0.0126166  0.0106734   0.235916
-0.0126166  0.0475578 0.00310178  0.0138744
 0.0106734 0.00310178  0.0681234  0.0139086
  0.235916  0.0138744  0.0139086   0.422879
IMAGINARY
          0   0.0162364  0.00985119    0.023876
 -0.0162364           0   0.0190567 -0.00920268
-0.00985119  -0.0190567           0 -0.00391474
  -0.023876  0.00920268  0.00391474           0
EndNode2[0]<--->HoM1[0]
REAL
   0.492308   0.0228131  0.00567867    0.199695
  0.0228131   0.0358974 -0.00331254   0.0266211
 0.00567867 -0.00331254   0.0358974   0.0159466
   0.199695   0.0266211   0.0159466    0.435897
IMAGINARY
          0   0.0130686  -0.0258418 -0.00499334
 -0.0130686           0  0.00499334   0.0108042
  0.0258418 -0.00499334           0 -0.00429667
 0.00499334  -0.0108042  0.00429667           0
Repeater1[0]<--->EndNode1[0]
REAL
   0.46144  0.0106734 -0.0126166   0.235916
 0.0106734  0.0681234 0.00310178  0.0139086
-0.0126166 0.00310178  0.0475578  0.0138744
  0.235916  0.0139086  0.0138744   0.422879
IMAGINARY
          0  0.00985119   0.0162364    0.023876
-0.00985119           0  -0.0190567 -0.00391474
 -0.0162364   0.0190567           0 -0.00920268
  -0.023876  0.00391474  0.00920268           0
Repeater1[0]<--->HoM1[0]
REAL
   0.492308  0.00567867   0.0228131    0.199695
 0.00567867   0.0358974 -0.00331254   0.0159466
  0.0228131 -0.00331254   0.0358974   0.0266211
   0.199695   0.0159466   0.0266211    0.435897
IMAGINARY
          0  -0.0258418   0.0130686 -0.00499334
  0.0258418           0 -0.00499334 -0.00429667
 -0.0130686  0.00499334           0   0.0108042
 0.00499334  0.00429667  -0.0108042           0
EndNode1[0]<--->Repeater1[0]
REAL
   0.477064 -0.00722128  0.00430561    0.177779
-0.00722128   0.0419397   0.0136089 0.000479079
 0.00430561   0.0136089   0.0458716 4.42442e-05
   0.177779 0.000479079 4.42442e-05    0.435125
IMAGINARY
           0   -0.0152014 -0.000154128   -0.0176648
   0.0152014            0    0.0221463   0.00327523
 0.000154128   -0.0221463            0   0.00583815
   0.0176648  -0.00327523  -0.00583815            0
EndNode2[0]<--->HoM1[0]
REAL
    0.464146   0.00194901  -0.00826518     0.198259
  0.00194901    0.0443286    0.0121968    0.0069247
 -0.00826518    0.0121968    0.0404172 -0.000608531
    0.198259    0.0069247 -0.000608531     0.451108
IMAGINARY
          0 -0.00149993 -0.00248526  0.00432025
 0.00149993           0  0.00173627  -0.0117231
 0.00248526 -0.00173627           0    0.013002
-0.00432025   0.0117231   -0.013002           0
Repeater1[0]<--->EndNode1[0]
REAL
   0.477064  0.00430561 -0.00722128    0.177779
 0.00430561   0.0458716   0.0136089 4.42442e-05
-0.00722128   0.0136089   0.0419397 0.000479079
   0.177779 4.42442e-05 0.000479079    0.435125
IMAGINARY
           0 -0.000154128   -0.0152014   -0.0176648
 0.000154128            0   -0.0221463   0.00583815
   0.0152014    0.0221463            0   0.00327523
   0.0176648  -0.00583815  -0.00327523            0
Repeater1[0]<--->HoM1[0]
REAL
    0.464146  -0.00826518   0.00194901     0.198259
 -0.00826518    0.0404172    0.0121968 -0.000608531
  0.00194901    0.0121968    0.0443286    0.0069247
    0.198259 -0.000608531    0.0069247     0.451108
IMAGINARY
          0 -0.00248526 -0.00149993  0.00432025
 0.00248526           0 -0.00173627    0.013002
 0.00149993  0.00173627           0  -0.0117231
-0.00432025   -0.013002   0.0117231           0
EndNode1[0]<--->Repeater1[0]
REAL
  0.448501 -0.0150327 -0.0072161   0.193935
-0.0150327  0.0404172   0.028941  0.0130985
-0.0072161   0.028941  0.0469361 -0.0183007
  0.193935  0.0130985 -0.0183007   0.464146
IMAGINARY
          0  -0.0202688 -0.00505055  -0.0177276
  0.0202688           0  -0.0145101 -0.00310503
 0.00505055   0.0145101           0  0.00709439
  0.0177276  0.00310503 -0.00709439           0
EndNode2[0]<--->HoM1[0]
REAL
   0.474093  -0.0022293 -0.00573412    0.200354
 -0.0022293   0.0414508   0.0053782 -0.00509391
-0.00573412   0.0053782   0.0479275  -0.0022293
   0.200354 -0.00509391  -0.0022293    0.436528
IMAGINARY
          0  -0.0223601   0.0101151 -0.00562198
  0.0223601           0   0.0230017   0.0233777
 -0.0101151  -0.0230017           0   0.0115946
 0.00562198  -0.0233777  -0.0115946           0
Repeater1[0]<--->EndNode1[0]
REAL
  0.448501 -0.0072161 -0.0150327   0.193935
-0.0072161  0.0469361   0.028941 -0.0183007
-0.0150327   0.028941  0.0404172  0.0130985
  0.193935 -0.0183007  0.0130985   0.464146
IMAGINARY
          0 -0.00505055  -0.0202688  -0.0177276
 0.00505055           0   0.0145101  0.00709439
  0.0202688  -0.0145101           0 -0.00310503
  0.0177276 -0.00709439  0.00310503           0
Repeater1[0]<--->HoM1[0]
REAL
   0.474093 -0.00573412  -0.0022293    0.200354
-0.00573412   0.0479275   0.0053782  -0.0022293
 -0.0022293   0.0053782   0.0414508 -0.00509391
   0.200354  -0.0022293 -0.00509391    0.436528
IMAGINARY
          0   0.0101151  -0.0223601 -0.00562198
 -0.0101151           0  -0.0230017   0.0115946
  0.0223601   0.0230017           0   0.0233777
 0.00562198  -0.0115946  -0.0233777           0
EndNode1[0]<--->Repeater1[0]
REAL
   0.463479    0.012367   0.0224307    0.189534
   0.012367   0.0504648 -0.00123895  0.00937589
  0.0224307 -0.00123895   0.0478088   0.0130783
   0.189534  0.00937589   0.0130783    0.438247
IMAGINARY
          0   0.0221712  -0.0203888  -0.0100838
 -0.0221712           0  0.00165324  0.00667307
  0.0203888 -0.00165324           0   0.0164822
  0.0100838 -0.00667307  -0.0164822           0
EndNode2[0]<--->HoM1[0]
REAL
  0.463508 -0.0155187  0.0042169   0.204887
-0.0155187   0.056338  0.0097655 -0.0144997
 0.0042169  0.0097655  0.0409731 0.00523597
  0.204887 -0.0144997 0.00523597   0.439181
IMAGINARY
          0  0.00158902   0.0138015 -0.00726697
-0.00158902           0 -0.00191938  0.00205216
 -0.0138015  0.00191938           0  -0.0320768
 0.00726697 -0.00205216   0.0320768           0
Repeater1[0]<--->EndNode1[0]
REAL
   0.463479   0.0224307    0.012367    0.189534
  0.0224307   0.0478088 -0.00123895   0.0130783
   0.012367 -0.00123895   0.0504648  0.00937589
   0.189534   0.0130783  0.00937589    0.438247
IMAGINARY
          0  -0.0203888   0.0221712  -0.0100838
  0.0203888           0 -0.00165324   0.0164822
 -0.0221712  0.00165324           0  0.00667307
  0.0100838  -0.0164822 -0.00667307           0
Repeater1[0]<--->HoM1[0]
REAL
  0.463508  0.0042169 -0.0155187   0.204887
 0.0042169  0.0409731  0.0097655 0.00523597
-0.0155187  0.0097655   0.056338 -0.0144997
  0.204887 0.00523597 -0.0144997   0.439181
IMAGINARY
          0   0.0138015  0.00158902 -0.00726697
 -0.0138015           0  0.00191938  -0.0320768
-0.00158902 -0.00191938           0  0.00205216
 0.00726697   0.0320768 -0.00205216           0
EndNode1[0]<--->Repeater1[0]
REAL
   0.457106  -0.0250878   0.0129051    0.173756
 -0.0250878   0.0691421   0.0241605 0.000115776
  0.0129051   0.0241605   0.0473752 -0.00616224
   0.173756 0.000115776 -0.00616224    0.426376
IMAGINARY
          0   0.0114211  -0.0103009  0.00704502
 -0.0114211           0   0.0145896  0.00760546
  0.0103009  -0.0145896           0   0.0101423
-0.00704502 -0.00760546  -0.0101423           0
EndNode2[0]<--->HoM1[0]
REAL
    0.487047  -0.00415349    0.0120782     0.211971
 -0.00415349    0.0323834    0.0131599 -0.000298066
   0.0120782    0.0131599    0.0492228     0.010698
    0.211971 -0.000298066     0.010698     0.431347
IMAGINARY
          0  0.00437026  0.00454301  0.00123586
-0.00437026           0   0.0064172  -0.0157715
-0.00454301  -0.0064172           0   0.0121423
-0.00123586   0.0157715  -0.0121423           0
Repeater1[0]<--->EndNode1[0]
REAL
   0.457106   0.0129051  -0.0250878    0.173756
  0.0129051   0.0473752   0.0241605 -0.00616224
 -0.0250878   0.0241605   0.0691421 0.000115776
   0.173756 -0.00616224 0.000115776    0.426376
IMAGINARY
          0  -0.0103009   0.0114211  0.00704502
  0.0103009           0  -0.0145896   0.0101423
 -0.0114211   0.0145896           0  0.00760546
-0.00704502  -0.0101423 -0.00760546           0
Repeater1[0]<--->HoM1[0]
REAL
    0.487047    0.0120782  -0.00415349     0.211971
   0.0120782    0.0492228    0.0131599     0.010698
 -0.00415349    0.0131599    0.0323834 -0.000298066
    0.211971     0.010698 -0.000298066     0.431347
IMAGINARY
          0  0.00454301  0.00437026  0.00123586
-0.00454301           0  -0.0064172   0.0121423
-0.00437026   0.0064172           0  -0.0157715
-0.00123586  -0.0121423   0.0157715           0
EndNode1[0]<--->Repeater1[0]
REAL
   0.458484  0.00277664 -0.00446286    0.214418
 0.00277664   0.0469314  0.00469768  0.00901423
-0.00446286  0.00469768   0.0577617 -0.00342683
   0.214418  0.00901423 -0.00342683    0.436823
IMAGINARY
          0 -0.00346291  -0.0086619   0.0192094
 0.00346291           0  -0.0224022  0.00533301
  0.0086619   0.0224022           0    -0.01185
 -0.0192094 -0.00533301     0.01185           0
EndNode2[0]<--->HoM1[0]
REAL
   0.464714 -0.00861325  -0.0135266    0.216565
-0.00861325   0.0479361  0.00210465   0.0250355
 -0.0135266  0.00210465   0.0466045   -0.018241
   0.216565   0.0250355   -0.018241    0.440746
IMAGINARY
          0  -0.0225412 -0.00475285  0.00886486
  0.0225412           0  0.00489661  0.00475285
 0.00475285 -0.00489661           0 -0.00564508
-0.00886486 -0.00475285  0.00564508           0
Repeater1[0]<--->EndNode1[0]
REAL
   0.458484 -0.00446286  0.00277664    0.214418
-0.00446286   0.0577617  0.00469768 -0.00342683
 0.00277664  0.00469768   0.0469314  0.00901423
   0.214418 -0.00342683  0.00901423    0.436823
IMAGINARY
          0  -0.0086619 -0.00346291   0.0192094
  0.0086619           0   0.0224022    -0.01185
 0.00346291  -0.0224022           0  0.00533301
 -0.0192094     0.01185 -0.00533301           0
Repeater1[0]<--->HoM1[0]
REAL
   0.464714  -0.0135266 -0.00861325    0.216565
 -0.0135266   0.0466045  0.00210465   -0.018241
-0.00861325  0.00210465   0.0479361   0.0250355
   0.216565   -0.018241   0.0250355    0.440746
IMAGINARY
          0 -0.00475285  -0.0225412  0.00886486
 0.00475285           0 -0.00489661 -0.00564508
  0.0225412  0.00489661           0  0.00475285
-0.00886486  0.00564508 -0.00475285           0
EndNode1[0]<--->Repeater1[0]
REAL
    0.47644 -0.00322144   0.0133289    0.192242
-0.00322144   0.0549738   0.0117688  0.00949263
  0.0133289   0.0117688   0.0536649   0.0177443
   0.192242  0.00949263   0.0177443    0.414921
IMAGINARY
          0  -0.0184902  -0.0108615   -0.025811
  0.0184902           0  -0.0130559 -0.00629826
  0.0108615   0.0130559           0  -0.0140542
   0.025811  0.00629826   0.0140542           0
EndNode2[0]<--->HoM1[0]
REAL
   0.46332  0.0101744 0.00437841   0.192223
 0.0101744  0.0579151 -0.0211529  0.0160972
0.00437841 -0.0211529   0.033462 0.00633812
  0.192223  0.0160972 0.00633812   0.445302
IMAGINARY
           0   0.00807998 -0.000311197   -0.0137558
 -0.00807998            0   0.00614155   0.00349591
 0.000311197  -0.00614155            0   -0.0125386
   0.0137558  -0.00349591    0.0125386            0
Repeater1[0]<--->EndNode1[0]
REAL
    0.47644   0.0133289 -0.00322144    0.192242
  0.0133289   0.0536649   0.0117688   0.0177443
-0.00322144   0.0117688   0.0549738  0.00949263
   0.192242   0.0177443  0.00949263    0.414921
IMAGINARY
          0  -0.0108615  -0.0184902   -0.025811
  0.0108615           0   0.0130559  -0.0140542
  0.0184902  -0.0130559           0 -0.00629826
   0.025811   0.0140542  0.00629826           0
Repeater1[0]<--->HoM1[0]
REAL
   0.46332 0.00437841  0.0101744   0.192223
0.00437841   0.033462 -0.0211529 0.00633812
 0.0101744 -0.0211529  0.0579151  0.0160972
  0.192223 0.00633812  0.0160972   0.445302
IMAGINARY
           0 -0.000311197   0.00807998   -0.0137558
 0.000311197            0  -0.00614155   -0.0125386
 -0.00807998   0.00614155            0   0.00349591
   0.0137558    0.0125386  -0.00349591            0
EndNode1[0]<--->Repeater1[0]
REAL
  0.463158  0.0337415 0.00974919   0.207641
 0.0337415  0.0486842 0.00332651  0.0167024
0.00974919 0.00332651  0.0407895 0.00819402
  0.207641  0.0167024 0.00819402   0.447368
IMAGINARY
          0 -0.00614743  -0.0288476  -0.0349505
 0.00614743           0  -0.0025002   0.0250405
  0.0288476   0.0025002           0   0.0239139
  0.0349505  -0.0250405  -0.0239139           0
EndNode2[0]<--->HoM1[0]
REAL
  0.464508 0.00407843  0.0369159   0.207717
0.00407843  0.0386052  -0.013975 0.00502816
 0.0369159  -0.013975  0.0435866 0.00857137
  0.207717 0.00502816 0.00857137     0.4533
IMAGINARY
          0  0.00315681  -0.0255546  0.00867185
-0.00315681           0  0.00246838  -0.0174195
  0.0255546 -0.00246838           0   0.0261747
-0.00867185   0.0174195  -0.0261747           0
Repeater1[0]<--->EndNode1[0]
REAL
  0.463158 0.00974919  0.0337415   0.207641
0.00974919  0.0407895 0.00332651 0.00819402
 0.0337415 0.00332651  0.0486842  0.0167024
  0.207641 0.00819402  0.0167024   0.447368
IMAGINARY
          0  -0.0288476 -0.00614743  -0.0349505
  0.0288476           0   0.0025002   0.0239139
 0.00614743  -0.0025002           0   0.0250405
  0.0349505  -0.0239139  -0.0250405           0
Repeater1[0]<--->HoM1[0]
REAL
  0.464508  0.0369159 0.00407843   0.207717
 0.0369159  0.0435866  -0.013975 0.00857137
0.00407843  -0.013975  0.0386052 0.00502816
  0.207717 0.00857137 0.00502816     0.4533
IMAGINARY
          0  -0.0255546  0.00315681  0.00867185
  0.0255546           0 -0.00246838   0.0261747
-0.00315681  0.00246838           0  -0.0174195
-0.00867185  -0.0261747   0.0174195           0
EndNode1[0]<--->Repeater1[0]
REAL
   0.439949   0.0198426 -0.00212313     0.19168
  0.0198426   0.0391909   0.0143469   0.0138082
-0.00212313   0.0143469   0.0594185 -0.00446748
    0.19168   0.0138082 -0.00446748    0.461441
IMAGINARY
           0   -0.0156371  0.000965517    0.0260531
   0.0156371            0  -0.00975588   0.00303448
-0.000965517   0.00975588            0   -0.0150296
  -0.0260531  -0.00303448    0.0150296            0
EndNode2[0]<--->HoM1[0]
REAL
   0.467433  0.00631467  0.00530377     0.20739
 0.00631467   0.0434227   0.0123635 -0.00653834
 0.00530377   0.0123635   0.0395913  0.00109274
    0.20739 -0.00653834  0.00109274    0.449553
IMAGINARY
          0  0.00491907  0.00511049  0.00277418
-0.00491907           0    0.013057  0.00143402
-0.00511049   -0.013057           0   0.0212589
-0.00277418 -0.00143402  -0.0212589           0
Repeater1[0]<--->EndNode1[0]
REAL
   0.439949 -0.00212313   0.0198426     0.19168
-0.00212313   0.0594185   0.0143469 -0.00446748
  0.0198426   0.0143469   0.0391909   0.0138082
    0.19168 -0.00446748   0.0138082    0.461441
IMAGINARY
           0  0.000965517   -0.0156371    0.0260531
-0.000965517            0   0.00975588   -0.0150296
   0.0156371  -0.00975588            0   0.00303448
  -0.0260531    0.0150296  -0.00303448            0
Repeater1[0]<--->HoM1[0]
REAL
   0.467433  0.00530377  0.00631467     0.20739
 0.00530377   0.0395913   0.0123635  0.00109274
 0.00631467   0.0123635   0.0434227 -0.00653834
    0.20739  0.00109274 -0.00653834    0.449553
IMAGINARY
          0  0.00511049  0.00491907  0.00277418
-0.00511049           0   -0.013057   0.0212589
-0.00491907    0.013057           0  0.00143402
-0.00277418  -0.0212589 -0.00143402           0
EndNode1[0]<--->Repeater1[0]
REAL
   0.482984  -0.0149209   -0.015457    0.193675
 -0.0149209   0.0641361   0.0119705  0.00336022
  -0.015457   0.0119705   0.0431937 -0.00389628
   0.193675  0.00336022 -0.00389628    0.409686
IMAGINARY
           0   0.00598278 -0.000540356   -0.0150968
 -0.00598278            0 -0.000568976   0.00805915
 0.000540356  0.000568976            0   0.00404229
   0.0150968  -0.00805915  -0.00404229            0
EndNode2[0]<--->HoM1[0]
REAL
   0.478662  0.00124158  -0.0189542    0.214921
 0.00124158   0.0449827  -0.0129606   0.0104575
 -0.0189542  -0.0129606   0.0253749 -0.00189518
   0.214921   0.0104575 -0.00189518     0.45098
IMAGINARY
          0 -0.00556644  0.00974707 -0.00386401
 0.00556644           0   0.0197471  0.00365776
-0.00974707  -0.0197471           0  -0.0145408
 0.00386401 -0.00365776   0.0145408           0
Repeater1[0]<--->EndNode1[0]
REAL
   0.482984   -0.015457  -0.0149209    0.193675
  -0.015457   0.0431937   0.0119705 -0.00389628
 -0.0149209   0.0119705   0.0641361  0.00336022
   0.193675 -0.00389628  0.00336022    0.409686
IMAGINARY
           0 -0.000540356   0.00598278   -0.0150968
 0.000540356            0  0.000568976   0.00404229
 -0.00598278 -0.000568976            0   0.00805915
   0.0150968  -0.00404229  -0.00805915            0
Repeater1[0]<--->HoM1[0]
REAL
   0.478662  -0.0189542  0.00124158    0.214921
 -0.0189542   0.0253749  -0.0129606 -0.00189518
 0.00124158  -0.0129606   0.0449827   0.0104575
   0.214921 -0.00189518   0.0104575     0.45098
IMAGINARY
          0  0.00974707 -0.00556644 -0.00386401
-0.00974707           0  -0.0197471  -0.0145408
 0.00556644   0.0197471           0  0.00365776
 0.00386401   0.0145408 -0.00365776           0
EndNode1[0]<--->Repeater1[0]
REAL
   0.437588    0.019113 -0.00457308    0.185258
   0.019113   0.0420757 -0.00616336 -0.00275048
-0.00457308 -0.00616336    0.058906  -0.0224419
   0.185258 -0.00275048  -0.0224419    0.461431
IMAGINARY
           0   0.00546237   0.00291757   -0.0147112
 -0.00546237            0    0.0034047     0.014368
 -0.00291757   -0.0034047            0 -0.000980932
   0.0147112    -0.014368  0.000980932            0
EndNode2[0]<--->HoM1[0]
REAL
    0.477041   -0.0099768  -0.00062746     0.212025
  -0.0099768    0.0433673 -0.000588807   -0.0100108
 -0.00062746 -0.000588807    0.0471939   0.00598744
    0.212025   -0.0100108   0.00598744     0.432398
IMAGINARY
          0 -0.00154111   0.0145418  0.00706146
 0.00154111           0  -0.0112631  -0.0307967
 -0.0145418   0.0112631           0  0.00609248
-0.00706146   0.0307967 -0.00609248           0
Repeater1[0]<--->EndNode1[0]
REAL
   0.437588 -0.00457308    0.019113    0.185258
-0.00457308    0.058906 -0.00616336  -0.0224419
   0.019113 -0.00616336   0.0420757 -0.00275048
   0.185258  -0.0224419 -0.00275048    0.461431
IMAGINARY
           0   0.00291757   0.00546237   -0.0147112
 -0.00291757            0   -0.0034047 -0.000980932
 -0.00546237    0.0034047            0     0.014368
   0.0147112  0.000980932    -0.014368            0
Repeater1[0]<--->HoM1[0]
REAL
    0.477041  -0.00062746   -0.0099768     0.212025
 -0.00062746    0.0471939 -0.000588807   0.00598744
  -0.0099768 -0.000588807    0.0433673   -0.0100108
    0.212025   0.00598744   -0.0100108     0.432398
IMAGINARY
          0   0.0145418 -0.00154111  0.00706146
 -0.0145418           0   0.0112631  0.00609248
 0.00154111  -0.0112631           0  -0.0307967
-0.00706146 -0.00609248   0.0307967           0
