EndNode1[0]<--->Repeater1[0]
REAL
   0.484354 -0.00279813   0.0116657   0.0350153
-0.00279813    0.333333 -0.00998474  -0.0037292
  0.0116657 -0.00998474     0.12381  -0.0173484
  0.0350153  -0.0037292  -0.0173484   0.0585034
IMAGINARY
          0  0.00875084  -0.0105599  -0.0255971
-0.00875084           0  -0.0070786  0.00680986
  0.0105599   0.0070786           0   0.0174992
  0.0255971 -0.00680986  -0.0174992           0
EndNode2[0]<--->BSA[0]
REAL
     0.48294  0.000327415  -0.00253965    0.0653961
 0.000327415      0.12336  -0.00171391    0.0044312
 -0.00253965  -0.00171391     0.275591 -0.000957932
   0.0653961    0.0044312 -0.000957932      0.11811
IMAGINARY
          0   0.0159063  -0.0128385  0.00225013
 -0.0159063           0 -0.00853154 -0.00832235
  0.0128385  0.00853154           0 -0.00441895
-0.00225013  0.00832235  0.00441895           0
Repeater1[0]<--->EndNode1[0]
REAL
   0.484354   0.0116657 -0.00279813   0.0350153
  0.0116657     0.12381 -0.00998474  -0.0173484
-0.00279813 -0.00998474    0.333333  -0.0037292
  0.0350153  -0.0173484  -0.0037292   0.0585034
IMAGINARY
          0  -0.0105599  0.00875084  -0.0255971
  0.0105599           0   0.0070786   0.0174992
-0.00875084  -0.0070786           0  0.00680986
  0.0255971  -0.0174992 -0.00680986           0
Repeater1[0]<--->BSA[0]
REAL
     0.48294  -0.00253965  0.000327415    0.0653961
 -0.00253965     0.275591  -0.00171391 -0.000957932
 0.000327415  -0.00171391      0.12336    0.0044312
   0.0653961 -0.000957932    0.0044312      0.11811
IMAGINARY
          0  -0.0128385   0.0159063  0.00225013
  0.0128385           0  0.00853154 -0.00441895
 -0.0159063 -0.00853154           0 -0.00832235
-0.00225013  0.00441895  0.00832235           0
EndNode1[0]<--->Repeater1[0]
REAL
    0.530055   0.00481593 -0.000644327   0.00649685
  0.00481593     0.315574   0.00834186  -0.00129116
-0.000644327   0.00834186    0.0983607   -0.0119127
  0.00649685  -0.00129116   -0.0119127    0.0560109
IMAGINARY
          0 -0.00612381 -0.00771067  -0.0070745
 0.00612381           0  0.00331511  -0.0162746
 0.00771067 -0.00331511           0   0.0178089
  0.0070745   0.0162746  -0.0178089           0
EndNode2[0]<--->BSA[0]
REAL
    0.487117   0.00980318   0.00411122    0.0951663
  0.00980318     0.127607    0.0150032  -0.00606689
  0.00411122    0.0150032     0.276074 -2.48263e-05
   0.0951663  -0.00606689 -2.48263e-05     0.109202
IMAGINARY
          0  -0.0069364  0.00788513    0.023184
  0.0069364           0 -0.00360173  -0.0119612
-0.00788513  0.00360173           0   0.0123712
  -0.023184   0.0119612  -0.0123712           0
Repeater1[0]<--->EndNode1[0]
REAL
    0.530055 -0.000644327   0.00481593   0.00649685
-0.000644327    0.0983607   0.00834186   -0.0119127
  0.00481593   0.00834186     0.315574  -0.00129116
  0.00649685   -0.0119127  -0.00129116    0.0560109
IMAGINARY
          0 -0.00771067 -0.00612381  -0.0070745
 0.00771067           0 -0.00331511   0.0178089
 0.00612381  0.00331511           0  -0.0162746
  0.0070745  -0.0178089   0.0162746           0
Repeater1[0]<--->BSA[0]
REAL
    0.487117   0.00411122   0.00980318    0.0951663
  0.00411122     0.276074    0.0150032 -2.48263e-05
  0.00980318    0.0150032     0.127607  -0.00606689
   0.0951663 -2.48263e-05  -0.00606689     0.109202
IMAGINARY
          0  0.00788513  -0.0069364    0.023184
-0.00788513           0  0.00360173   0.0123712
  0.0069364 -0.00360173           0  -0.0119612
  -0.023184  -0.0123712   0.0119612           0
