EndNode1[0]<--->Repeater1[0]
REAL
    0.443864 -0.000364792   0.00522204     0.354819
-0.000364792    0.0913838    0.0391008   0.00318676
  0.00522204    0.0391008      0.10705   0.00877359
    0.354819   0.00318676   0.00877359     0.357702
IMAGINARY
          0  -0.0401784   0.0145102   0.0219149
  0.0401784           0  0.00224865  0.00445997
 -0.0145102 -0.00224865           0  0.00223804
 -0.0219149 -0.00445997 -0.00223804           0
EndNode2[0]<--->HoM1[0]
REAL
   0.381194  -0.0183934 -0.00559345    0.349294
 -0.0183934   0.0991105   0.0379243  0.00434032
-0.00559345   0.0379243    0.113088  0.00460898
   0.349294  0.00434032  0.00460898    0.406607
IMAGINARY
          0   0.0228727 -0.00857757 -0.00864277
 -0.0228727           0 -0.00864277  0.00211762
 0.00857757  0.00864277           0  0.00425909
 0.00864277 -0.00211762 -0.00425909           0
Repeater1[0]<--->EndNode1[0]
REAL
    0.443864   0.00522204 -0.000364792     0.354819
  0.00522204      0.10705    0.0391008   0.00877359
-0.000364792    0.0391008    0.0913838   0.00318676
    0.354819   0.00877359   0.00318676     0.357702
IMAGINARY
          0   0.0145102  -0.0401784   0.0219149
 -0.0145102           0 -0.00224865  0.00223804
  0.0401784  0.00224865           0  0.00445997
 -0.0219149 -0.00223804 -0.00445997           0
Repeater1[0]<--->HoM1[0]
REAL
   0.381194 -0.00559345  -0.0183934    0.349294
-0.00559345    0.113088   0.0379243  0.00460898
 -0.0183934   0.0379243   0.0991105  0.00434032
   0.349294  0.00460898  0.00434032    0.406607
IMAGINARY
          0 -0.00857757   0.0228727 -0.00864277
 0.00857757           0  0.00864277  0.00425909
 -0.0228727 -0.00864277           0  0.00211762
 0.00864277 -0.00425909 -0.00211762           0
EndNode1[0]<--->Repeater1[0]
REAL
   0.387298  0.00668485  0.00105522    0.361816
 0.00668485   0.0921544   0.0502035 -0.00415311
 0.00105522   0.0502035   0.0809465 -0.00854358
   0.361816 -0.00415311 -0.00854358    0.439601
IMAGINARY
          0  0.00131999  -0.0381958  -0.0134458
-0.00131999           0 -0.00544584  0.00142165
  0.0381958  0.00544584           0  0.00706711
  0.0134458 -0.00142165 -0.00706711           0
EndNode2[0]<--->HoM1[0]
REAL
  0.409962 -0.0188735 -0.0280356   0.369309
-0.0188735  0.0906769  0.0447932 -0.0091439
-0.0280356  0.0447932  0.0740741 -0.0144599
  0.369309 -0.0091439 -0.0144599   0.425287
IMAGINARY
          0  -0.0211526  -0.0106314   0.0149948
  0.0211526           0 -0.00247832   0.0319218
  0.0106314  0.00247832           0 -0.00529898
 -0.0149948  -0.0319218  0.00529898           0
Repeater1[0]<--->EndNode1[0]
REAL
   0.387298  0.00105522  0.00668485    0.361816
 0.00105522   0.0809465   0.0502035 -0.00854358
 0.00668485   0.0502035   0.0921544 -0.00415311
   0.361816 -0.00854358 -0.00415311    0.439601
IMAGINARY
          0  -0.0381958  0.00131999  -0.0134458
  0.0381958           0  0.00544584  0.00706711
-0.00131999 -0.00544584           0  0.00142165
  0.0134458 -0.00706711 -0.00142165           0
Repeater1[0]<--->HoM1[0]
REAL
  0.409962 -0.0280356 -0.0188735   0.369309
-0.0280356  0.0740741  0.0447932 -0.0144599
-0.0188735  0.0447932  0.0906769 -0.0091439
  0.369309 -0.0144599 -0.0091439   0.425287
IMAGINARY
          0  -0.0106314  -0.0211526   0.0149948
  0.0106314           0  0.00247832 -0.00529898
  0.0211526 -0.00247832           0   0.0319218
 -0.0149948  0.00529898  -0.0319218           0
EndNode1[0]<--->Repeater1[0]
REAL
   0.410872   0.0189552  -0.0124204     0.35288
  0.0189552   0.0771176   0.0449981   0.0124204
 -0.0124204   0.0449981   0.0821745 -0.00701884
    0.35288   0.0124204 -0.00701884    0.429836
IMAGINARY
          0 -0.00262295   0.0156047   0.0139067
 0.00262295           0   0.0105778   0.0090258
 -0.0156047  -0.0105778           0  -0.0244706
 -0.0139067  -0.0090258   0.0244706           0
EndNode2[0]<--->HoM1[0]
REAL
   0.401506   0.0235865 -0.00764962    0.344665
  0.0235865   0.0865747   0.0557333  -0.0062946
-0.00764962   0.0557333    0.097867  0.00363796
   0.344665  -0.0062946  0.00363796    0.414053
IMAGINARY
           0  -0.00252482   0.00587275    0.0130245
  0.00252482            0  0.000829391   -0.0103773
 -0.00587275 -0.000829391            0   0.00702932
  -0.0130245    0.0103773  -0.00702932            0
Repeater1[0]<--->EndNode1[0]
REAL
   0.410872  -0.0124204   0.0189552     0.35288
 -0.0124204   0.0821745   0.0449981 -0.00701884
  0.0189552   0.0449981   0.0771176   0.0124204
    0.35288 -0.00701884   0.0124204    0.429836
IMAGINARY
          0   0.0156047 -0.00262295   0.0139067
 -0.0156047           0  -0.0105778  -0.0244706
 0.00262295   0.0105778           0   0.0090258
 -0.0139067   0.0244706  -0.0090258           0
Repeater1[0]<--->HoM1[0]
REAL
   0.401506 -0.00764962   0.0235865    0.344665
-0.00764962    0.097867   0.0557333  0.00363796
  0.0235865   0.0557333   0.0865747  -0.0062946
   0.344665  0.00363796  -0.0062946    0.414053
IMAGINARY
           0   0.00587275  -0.00252482    0.0130245
 -0.00587275            0 -0.000829391   0.00702932
  0.00252482  0.000829391            0   -0.0103773
  -0.0130245  -0.00702932    0.0103773            0
EndNode1[0]<--->Repeater1[0]
REAL
   0.426273 -0.00175855   0.0168472    0.334987
-0.00175855    0.075067   0.0530024  0.00811904
  0.0168472   0.0530024    0.123324  0.00918096
   0.334987  0.00811904  0.00918096    0.375335
IMAGINARY
           0  -0.00879902   0.00280324    0.0104871
  0.00879902            0 -0.000177858  -0.00541421
 -0.00280324  0.000177858            0   0.00488257
  -0.0104871   0.00541421  -0.00488257            0
EndNode2[0]<--->HoM1[0]
REAL
  0.435567  -0.011524  -0.012604   0.352278
 -0.011524  0.0927835  0.0597119  0.0215326
 -0.012604  0.0597119  0.0760309 0.00897294
  0.352278  0.0215326 0.00897294   0.395619
IMAGINARY
          0  -0.0129716 -0.00539089 -0.00561979
  0.0129716           0   0.0240894   0.0125851
 0.00539089  -0.0240894           0 -0.00501403
 0.00561979  -0.0125851  0.00501403           0
Repeater1[0]<--->EndNode1[0]
REAL
   0.426273   0.0168472 -0.00175855    0.334987
  0.0168472    0.123324   0.0530024  0.00918096
-0.00175855   0.0530024    0.075067  0.00811904
   0.334987  0.00918096  0.00811904    0.375335
IMAGINARY
           0   0.00280324  -0.00879902    0.0104871
 -0.00280324            0  0.000177858   0.00488257
  0.00879902 -0.000177858            0  -0.00541421
  -0.0104871  -0.00488257   0.00541421            0
Repeater1[0]<--->HoM1[0]
REAL
  0.435567  -0.012604  -0.011524   0.352278
 -0.012604  0.0760309  0.0597119 0.00897294
 -0.011524  0.0597119  0.0927835  0.0215326
  0.352278 0.00897294  0.0215326   0.395619
IMAGINARY
          0 -0.00539089  -0.0129716 -0.00561979
 0.00539089           0  -0.0240894 -0.00501403
  0.0129716   0.0240894           0   0.0125851
 0.00561979  0.00501403  -0.0125851           0
EndNode1[0]<--->Repeater1[0]
REAL
  0.421121 -0.0160859 -0.0030748   0.333706
-0.0160859  0.0821382  0.0615688  0.0267019
-0.0030748  0.0615688  0.0782269  0.0243873
  0.333706  0.0267019  0.0243873   0.418514
IMAGINARY
          0  0.00288336  -0.0169581  0.00393496
-0.00288336           0   -0.012065 -0.00252241
  0.0169581    0.012065           0  -0.0105575
-0.00393496  0.00252241   0.0105575           0
EndNode2[0]<--->HoM1[0]
REAL
   0.381018   0.0131697 -0.00164793    0.359097
  0.0131697    0.085282   0.0412629  0.00224817
-0.00164793   0.0412629    0.085282  -0.0065671
   0.359097  0.00224817  -0.0065671    0.448418
IMAGINARY
          0  -0.0206691   0.0133881  0.00637755
  0.0206691           0 -0.00637755   0.0101788
 -0.0133881  0.00637755           0 -0.00417165
-0.00637755  -0.0101788  0.00417165           0
Repeater1[0]<--->EndNode1[0]
REAL
  0.421121 -0.0030748 -0.0160859   0.333706
-0.0030748  0.0782269  0.0615688  0.0243873
-0.0160859  0.0615688  0.0821382  0.0267019
  0.333706  0.0243873  0.0267019   0.418514
IMAGINARY
          0  -0.0169581  0.00288336  0.00393496
  0.0169581           0    0.012065  -0.0105575
-0.00288336   -0.012065           0 -0.00252241
-0.00393496   0.0105575  0.00252241           0
Repeater1[0]<--->HoM1[0]
REAL
   0.381018 -0.00164793   0.0131697    0.359097
-0.00164793    0.085282   0.0412629  -0.0065671
  0.0131697   0.0412629    0.085282  0.00224817
   0.359097  -0.0065671  0.00224817    0.448418
IMAGINARY
          0   0.0133881  -0.0206691  0.00637755
 -0.0133881           0  0.00637755 -0.00417165
  0.0206691 -0.00637755           0   0.0101788
-0.00637755  0.00417165  -0.0101788           0
EndNode1[0]<--->Repeater1[0]
REAL
   0.377749 -0.00266324  -0.0021731    0.346637
-0.00266324    0.100906   0.0671095 -0.00456544
 -0.0021731   0.0671095   0.0996119  0.00131554
   0.346637 -0.00456544  0.00131554    0.421734
IMAGINARY
           0  9.85132e-05  -0.00899016   0.00351547
-9.85132e-05            0   0.00169287 -0.000196191
  0.00899016  -0.00169287            0  -0.00928486
 -0.00351547  0.000196191   0.00928486            0
EndNode2[0]<--->HoM1[0]
REAL
   0.419397 -0.00783588 -0.00909035     0.33236
-0.00783588   0.0891219   0.0696253  -0.0182049
-0.00909035   0.0696253   0.0969856   0.0041138
    0.33236  -0.0182049   0.0041138    0.394495
IMAGINARY
          0 -0.00329812  0.00840605 -0.00543227
 0.00329812           0   0.0015563   0.0143821
-0.00840605  -0.0015563           0  -0.0181496
 0.00543227  -0.0143821   0.0181496           0
Repeater1[0]<--->EndNode1[0]
REAL
   0.377749  -0.0021731 -0.00266324    0.346637
 -0.0021731   0.0996119   0.0671095  0.00131554
-0.00266324   0.0671095    0.100906 -0.00456544
   0.346637  0.00131554 -0.00456544    0.421734
IMAGINARY
           0  -0.00899016  9.85132e-05   0.00351547
  0.00899016            0  -0.00169287  -0.00928486
-9.85132e-05   0.00169287            0 -0.000196191
 -0.00351547   0.00928486  0.000196191            0
Repeater1[0]<--->HoM1[0]
REAL
   0.419397 -0.00909035 -0.00783588     0.33236
-0.00909035   0.0969856   0.0696253   0.0041138
-0.00783588   0.0696253   0.0891219  -0.0182049
    0.33236   0.0041138  -0.0182049    0.394495
IMAGINARY
          0  0.00840605 -0.00329812 -0.00543227
-0.00840605           0  -0.0015563  -0.0181496
 0.00329812   0.0015563           0   0.0143821
 0.00543227   0.0181496  -0.0143821           0
EndNode1[0]<--->Repeater1[0]
REAL
   0.407455  -0.0151413 -0.00908479     0.35545
 -0.0151413   0.0835476   0.0462997 -0.00908479
-0.00908479   0.0462997   0.0912596  -0.0151413
    0.35545 -0.00908479  -0.0151413    0.417738
IMAGINARY
           0   -0.0148961   0.00378651   0.00121619
   0.0148961            0   0.00866036 -0.000518535
 -0.00378651  -0.00866036            0   -0.0223588
 -0.00121619  0.000518535    0.0223588            0
EndNode2[0]<--->HoM1[0]
REAL
    0.39418   -0.021601 -0.00204169    0.347198
  -0.021601    0.109788   0.0333613  -0.0227359
-0.00204169   0.0333613   0.0912698  0.00952986
   0.347198  -0.0227359  0.00952986    0.404762
IMAGINARY
          0  0.00760398  -0.0129108  0.00203072
-0.00760398           0  0.00333281  0.00725046
  0.0129108 -0.00333281           0  0.00308785
-0.00203072 -0.00725046 -0.00308785           0
Repeater1[0]<--->EndNode1[0]
REAL
   0.407455 -0.00908479  -0.0151413     0.35545
-0.00908479   0.0912596   0.0462997  -0.0151413
 -0.0151413   0.0462997   0.0835476 -0.00908479
    0.35545  -0.0151413 -0.00908479    0.417738
IMAGINARY
           0   0.00378651   -0.0148961   0.00121619
 -0.00378651            0  -0.00866036   -0.0223588
   0.0148961   0.00866036            0 -0.000518535
 -0.00121619    0.0223588  0.000518535            0
Repeater1[0]<--->HoM1[0]
REAL
    0.39418 -0.00204169   -0.021601    0.347198
-0.00204169   0.0912698   0.0333613  0.00952986
  -0.021601   0.0333613    0.109788  -0.0227359
   0.347198  0.00952986  -0.0227359    0.404762
IMAGINARY
          0  -0.0129108  0.00760398  0.00203072
  0.0129108           0 -0.00333281  0.00308785
-0.00760398  0.00333281           0  0.00725046
-0.00203072 -0.00308785 -0.00725046           0
EndNode1[0]<--->Repeater1[0]
REAL
    0.408163   0.00488696   0.00928701     0.347678
  0.00488696      0.10068    0.0643654 -0.000491344
  0.00928701    0.0643654    0.0938776 -0.000150827
    0.347678 -0.000491344 -0.000150827     0.397279
IMAGINARY
          0  -0.0041872 -0.00275036 -0.00788623
  0.0041872           0  -0.0161037  0.00212769
 0.00275036   0.0161037           0   0.0122818
 0.00788623 -0.00212769  -0.0122818           0
EndNode2[0]<--->HoM1[0]
REAL
   0.419397  0.00092661   0.0105908    0.355757
 0.00092661   0.0773263   0.0575679 -0.00347568
  0.0105908   0.0575679   0.0773263  0.00489486
   0.355757 -0.00347568  0.00489486     0.42595
IMAGINARY
          0   -0.014248  -0.0333177   0.0180158
   0.014248           0  -0.0167564   0.0339646
  0.0333177   0.0167564           0 -0.00968475
 -0.0180158  -0.0339646  0.00968475           0
Repeater1[0]<--->EndNode1[0]
REAL
    0.408163   0.00928701   0.00488696     0.347678
  0.00928701    0.0938776    0.0643654 -0.000150827
  0.00488696    0.0643654      0.10068 -0.000491344
    0.347678 -0.000150827 -0.000491344     0.397279
IMAGINARY
          0 -0.00275036  -0.0041872 -0.00788623
 0.00275036           0   0.0161037   0.0122818
  0.0041872  -0.0161037           0  0.00212769
 0.00788623  -0.0122818 -0.00212769           0
Repeater1[0]<--->HoM1[0]
REAL
   0.419397   0.0105908  0.00092661    0.355757
  0.0105908   0.0773263   0.0575679  0.00489486
 0.00092661   0.0575679   0.0773263 -0.00347568
   0.355757  0.00489486 -0.00347568     0.42595
IMAGINARY
          0  -0.0333177   -0.014248   0.0180158
  0.0333177           0   0.0167564 -0.00968475
   0.014248  -0.0167564           0   0.0339646
 -0.0180158  0.00968475  -0.0339646           0
EndNode1[0]<--->Repeater1[0]
REAL
   0.461443    0.011608  -0.0219666    0.342127
   0.011608   0.0833333   0.0565909   0.0258127
 -0.0219666   0.0565909   0.0733831 -0.00647983
   0.342127   0.0258127 -0.00647983    0.381841
IMAGINARY
          0  0.00592539 -0.00883182    0.008739
-0.00592539           0   0.0132904 -0.00363701
 0.00883182  -0.0132904           0  0.00654344
  -0.008739  0.00363701 -0.00654344           0
EndNode2[0]<--->HoM1[0]
REAL
    0.416449  -0.00381692 -0.000717365     0.345338
 -0.00381692    0.0926893      0.06059  -0.00701459
-0.000717365      0.06059    0.0744125   0.00252826
    0.345338  -0.00701459   0.00252826     0.416449
IMAGINARY
          0   0.0038534   0.0308835   0.0159847
 -0.0038534           0   0.0159847 -0.00566824
 -0.0308835  -0.0159847           0  0.00906173
 -0.0159847  0.00566824 -0.00906173           0
Repeater1[0]<--->EndNode1[0]
REAL
   0.461443  -0.0219666    0.011608    0.342127
 -0.0219666   0.0733831   0.0565909 -0.00647983
   0.011608   0.0565909   0.0833333   0.0258127
   0.342127 -0.00647983   0.0258127    0.381841
IMAGINARY
          0 -0.00883182  0.00592539    0.008739
 0.00883182           0  -0.0132904  0.00654344
-0.00592539   0.0132904           0 -0.00363701
  -0.008739 -0.00654344  0.00363701           0
Repeater1[0]<--->HoM1[0]
REAL
    0.416449 -0.000717365  -0.00381692     0.345338
-0.000717365    0.0744125      0.06059   0.00252826
 -0.00381692      0.06059    0.0926893  -0.00701459
    0.345338   0.00252826  -0.00701459     0.416449
IMAGINARY
          0   0.0308835   0.0038534   0.0159847
 -0.0308835           0  -0.0159847  0.00906173
 -0.0038534   0.0159847           0 -0.00566824
 -0.0159847 -0.00906173  0.00566824           0
EndNode1[0]<--->Repeater1[0]
REAL
    0.42585 -0.00423826  0.00492107    0.369924
-0.00423826   0.0721088   0.0475888  -0.0125353
 0.00492107   0.0475888    0.108844  -0.0147973
   0.369924  -0.0125353  -0.0147973    0.393197
IMAGINARY
          0   0.0143443   0.0184381  0.00841807
 -0.0143443           0 -0.00345529  -0.0108239
 -0.0184381  0.00345529           0  -0.0143443
-0.00841807   0.0108239   0.0143443           0
EndNode2[0]<--->HoM1[0]
REAL
   0.404015   0.0143931   0.0247205    0.348165
  0.0143931    0.107905   0.0504407   -0.021552
  0.0247205   0.0504407   0.0865747 -0.00615483
   0.348165   -0.021552 -0.00615483    0.401506
IMAGINARY
          0 -0.00531854   0.0116673 -0.00350393
 0.00531854           0 -0.00637749   0.0104566
 -0.0116673  0.00637749           0   0.0084791
 0.00350393  -0.0104566  -0.0084791           0
Repeater1[0]<--->EndNode1[0]
REAL
    0.42585  0.00492107 -0.00423826    0.369924
 0.00492107    0.108844   0.0475888  -0.0147973
-0.00423826   0.0475888   0.0721088  -0.0125353
   0.369924  -0.0147973  -0.0125353    0.393197
IMAGINARY
          0   0.0184381   0.0143443  0.00841807
 -0.0184381           0  0.00345529  -0.0143443
 -0.0143443 -0.00345529           0  -0.0108239
-0.00841807   0.0143443   0.0108239           0
Repeater1[0]<--->HoM1[0]
REAL
   0.404015   0.0247205   0.0143931    0.348165
  0.0247205   0.0865747   0.0504407 -0.00615483
  0.0143931   0.0504407    0.107905   -0.021552
   0.348165 -0.00615483   -0.021552    0.401506
IMAGINARY
          0   0.0116673 -0.00531854 -0.00350393
 -0.0116673           0  0.00637749   0.0084791
 0.00531854 -0.00637749           0   0.0104566
 0.00350393  -0.0084791  -0.0104566           0
EndNode1[0]<--->Repeater1[0]
REAL
   0.418919  0.00412134 -0.00131937    0.361894
 0.00412134   0.0724816   0.0500728  0.00888471
-0.00131937   0.0500728   0.0958231   0.0116971
   0.361894  0.00888471   0.0116971    0.412776
IMAGINARY
          0  0.00514731   0.0155573  0.00471969
-0.00514731           0 -0.00797067 -0.00530403
 -0.0155573  0.00797067           0  -0.0154006
-0.00471969  0.00530403   0.0154006           0
EndNode2[0]<--->HoM1[0]
REAL
   0.403206 -0.00241638 -0.00236683    0.350875
-0.00241638   0.0875462   0.0508748  -0.0292617
-0.00236683   0.0508748   0.0900123  -0.0197909
   0.350875  -0.0292617  -0.0197909    0.419236
IMAGINARY
          0  0.00264316  0.00276698   0.0231214
-0.00264316           0 -0.00204864 -0.00151698
-0.00276698  0.00204864           0  -0.0238932
 -0.0231214  0.00151698   0.0238932           0
Repeater1[0]<--->EndNode1[0]
REAL
   0.418919 -0.00131937  0.00412134    0.361894
-0.00131937   0.0958231   0.0500728   0.0116971
 0.00412134   0.0500728   0.0724816  0.00888471
   0.361894   0.0116971  0.00888471    0.412776
IMAGINARY
          0   0.0155573  0.00514731  0.00471969
 -0.0155573           0  0.00797067  -0.0154006
-0.00514731 -0.00797067           0 -0.00530403
-0.00471969   0.0154006  0.00530403           0
Repeater1[0]<--->HoM1[0]
REAL
   0.403206 -0.00236683 -0.00241638    0.350875
-0.00236683   0.0900123   0.0508748  -0.0197909
-0.00241638   0.0508748   0.0875462  -0.0292617
   0.350875  -0.0197909  -0.0292617    0.419236
IMAGINARY
          0  0.00276698  0.00264316   0.0231214
-0.00276698           0  0.00204864  -0.0238932
-0.00264316 -0.00204864           0 -0.00151698
 -0.0231214   0.0238932  0.00151698           0
EndNode1[0]<--->Repeater1[0]
REAL
   0.426316  0.00280295 -0.00148649    0.352137
 0.00280295   0.0842105   0.0497498   0.0109205
-0.00148649   0.0497498   0.0921053  0.00411529
   0.352137   0.0109205  0.00411529    0.397368
IMAGINARY
          0   0.0179992  -0.0029976  0.00707618
 -0.0179992           0  -0.0129739   0.0029976
  0.0029976   0.0129739           0   0.0125047
-0.00707618  -0.0029976  -0.0125047           0
EndNode2[0]<--->HoM1[0]
REAL
   0.406844  -0.0016596  -0.0281782    0.346608
 -0.0016596   0.0963245   0.0406786   0.0104849
 -0.0281782   0.0406786   0.0988593 -0.00817002
   0.346608   0.0104849 -0.00817002    0.397972
IMAGINARY
          0  -0.0189341   0.0127321 -0.00553871
  0.0189341           0 -0.00814288  0.00613581
 -0.0127321  0.00814288           0 -0.00532465
 0.00553871 -0.00613581  0.00532465           0
Repeater1[0]<--->EndNode1[0]
REAL
   0.426316 -0.00148649  0.00280295    0.352137
-0.00148649   0.0921053   0.0497498  0.00411529
 0.00280295   0.0497498   0.0842105   0.0109205
   0.352137  0.00411529   0.0109205    0.397368
IMAGINARY
          0  -0.0029976   0.0179992  0.00707618
  0.0029976           0   0.0129739   0.0125047
 -0.0179992  -0.0129739           0   0.0029976
-0.00707618  -0.0125047  -0.0029976           0
Repeater1[0]<--->HoM1[0]
REAL
   0.406844  -0.0281782  -0.0016596    0.346608
 -0.0281782   0.0988593   0.0406786 -0.00817002
 -0.0016596   0.0406786   0.0963245   0.0104849
   0.346608 -0.00817002   0.0104849    0.397972
IMAGINARY
          0   0.0127321  -0.0189341 -0.00553871
 -0.0127321           0  0.00814288 -0.00532465
  0.0189341 -0.00814288           0  0.00613581
 0.00553871  0.00532465 -0.00613581           0
EndNode1[0]<--->Repeater1[0]
REAL
   0.423367 -0.00376777  -0.0142548    0.347853
-0.00376777   0.0841709    0.049355  -0.0111259
 -0.0142548    0.049355    0.106784 -0.00511548
   0.347853  -0.0111259 -0.00511548    0.385678
IMAGINARY
           0  -0.00291947   0.00701788   -0.0188225
  0.00291947            0  0.000485091 -0.000134271
 -0.00701788 -0.000485091            0 -0.000209442
   0.0188225  0.000134271  0.000209442            0
EndNode2[0]<--->HoM1[0]
REAL
   0.394314  0.00758035  -0.0169867    0.374898
 0.00758035    0.091471   0.0428566 -0.00520655
 -0.0169867   0.0428566     0.10136   -0.036301
   0.374898 -0.00520655   -0.036301    0.412855
IMAGINARY
           0   -0.0158124  0.000702457  0.000161267
   0.0158124            0   -0.0102014    0.0225534
-0.000702457    0.0102014            0   -0.0126114
-0.000161267   -0.0225534    0.0126114            0
Repeater1[0]<--->EndNode1[0]
REAL
   0.423367  -0.0142548 -0.00376777    0.347853
 -0.0142548    0.106784    0.049355 -0.00511548
-0.00376777    0.049355   0.0841709  -0.0111259
   0.347853 -0.00511548  -0.0111259    0.385678
IMAGINARY
           0   0.00701788  -0.00291947   -0.0188225
 -0.00701788            0 -0.000485091 -0.000209442
  0.00291947  0.000485091            0 -0.000134271
   0.0188225  0.000209442  0.000134271            0
Repeater1[0]<--->HoM1[0]
REAL
   0.394314  -0.0169867  0.00758035    0.374898
 -0.0169867     0.10136   0.0428566   -0.036301
 0.00758035   0.0428566    0.091471 -0.00520655
   0.374898   -0.036301 -0.00520655    0.412855
IMAGINARY
           0  0.000702457   -0.0158124  0.000161267
-0.000702457            0    0.0102014   -0.0126114
   0.0158124   -0.0102014            0    0.0225534
-0.000161267    0.0126114   -0.0225534            0
EndNode1[0]<--->Repeater1[0]
REAL
  0.384217  0.0133226  0.0205852   0.354029
 0.0133226   0.102199   0.054284 0.00875461
 0.0205852   0.054284  0.0957309 0.00256987
  0.354029 0.00875461 0.00256987   0.417853
IMAGINARY
          0  0.00788418  0.00692309  -0.0105181
-0.00788418           0 -0.00706983   0.0160361
-0.00692309  0.00706983           0  -0.0193638
  0.0105181  -0.0160361   0.0193638           0
EndNode2[0]<--->HoM1[0]
REAL
   0.394879  -0.0100748 -0.00665426    0.342684
 -0.0100748   0.0916442   0.0511781  -0.0150849
-0.00665426   0.0511781   0.0822102    0.020305
   0.342684  -0.0150849    0.020305    0.431267
IMAGINARY
          0    0.014157   0.0017756  0.00630588
  -0.014157           0   0.0194803  0.00658991
 -0.0017756  -0.0194803           0 -0.00965251
-0.00630588 -0.00658991  0.00965251           0
Repeater1[0]<--->EndNode1[0]
REAL
  0.384217  0.0205852  0.0133226   0.354029
 0.0205852  0.0957309   0.054284 0.00256987
 0.0133226   0.054284   0.102199 0.00875461
  0.354029 0.00256987 0.00875461   0.417853
IMAGINARY
          0  0.00692309  0.00788418  -0.0105181
-0.00692309           0  0.00706983  -0.0193638
-0.00788418 -0.00706983           0   0.0160361
  0.0105181   0.0193638  -0.0160361           0
Repeater1[0]<--->HoM1[0]
REAL
   0.394879 -0.00665426  -0.0100748    0.342684
-0.00665426   0.0822102   0.0511781    0.020305
 -0.0100748   0.0511781   0.0916442  -0.0150849
   0.342684    0.020305  -0.0150849    0.431267
IMAGINARY
          0   0.0017756    0.014157  0.00630588
 -0.0017756           0  -0.0194803 -0.00965251
  -0.014157   0.0194803           0  0.00658991
-0.00630588  0.00965251 -0.00658991           0
EndNode1[0]<--->Repeater1[0]
REAL
  0.394309 -0.0117515  0.0125945   0.351248
-0.0117515   0.115176  0.0429582  0.0125945
 0.0125945  0.0429582   0.109756  0.0193082
  0.351248  0.0125945  0.0193082   0.380759
IMAGINARY
          0 -0.00273551  0.00200035  0.00302255
 0.00273551           0  -0.0110439  -0.0201351
-0.00200035   0.0110439           0   0.0156889
-0.00302255   0.0201351  -0.0156889           0
EndNode2[0]<--->HoM1[0]
REAL
  0.430851 0.00612404  0.0163215   0.349509
0.00612404  0.0731383  0.0565401  -0.014391
 0.0163215  0.0565401   0.110372 -0.0106285
  0.349509  -0.014391 -0.0106285   0.385638
IMAGINARY
          0   0.0115367  0.00866886  0.00136532
 -0.0115367           0 -0.00814039 -0.00346052
-0.00866886  0.00814039           0   0.0210154
-0.00136532  0.00346052  -0.0210154           0
Repeater1[0]<--->EndNode1[0]
REAL
  0.394309  0.0125945 -0.0117515   0.351248
 0.0125945   0.109756  0.0429582  0.0193082
-0.0117515  0.0429582   0.115176  0.0125945
  0.351248  0.0193082  0.0125945   0.380759
IMAGINARY
          0  0.00200035 -0.00273551  0.00302255
-0.00200035           0   0.0110439   0.0156889
 0.00273551  -0.0110439           0  -0.0201351
-0.00302255  -0.0156889   0.0201351           0
Repeater1[0]<--->HoM1[0]
REAL
  0.430851  0.0163215 0.00612404   0.349509
 0.0163215   0.110372  0.0565401 -0.0106285
0.00612404  0.0565401  0.0731383  -0.014391
  0.349509 -0.0106285  -0.014391   0.385638
IMAGINARY
          0  0.00866886   0.0115367  0.00136532
-0.00866886           0  0.00814039   0.0210154
 -0.0115367 -0.00814039           0 -0.00346052
-0.00136532  -0.0210154  0.00346052           0
EndNode1[0]<--->Repeater1[0]
REAL
   0.424168 -0.00235534    -0.01615    0.356415
-0.00235534   0.0937115   0.0507469  0.00156116
   -0.01615   0.0507469   0.0900123 -0.00427596
   0.356415  0.00156116 -0.00427596    0.392109
IMAGINARY
          0 -0.00492525 -0.00469122 -0.00413843
 0.00492525           0    0.029108   0.0215603
 0.00469122   -0.029108           0  0.00155143
 0.00413843  -0.0215603 -0.00155143           0
EndNode2[0]<--->HoM1[0]
REAL
    0.40404 -0.00253725 0.000441203    0.366891
-0.00253725   0.0883838   0.0450589 -0.00987517
0.000441203   0.0450589   0.0782828  0.00316618
   0.366891 -0.00987517  0.00316618    0.429293
IMAGINARY
          0 -0.00764812  -0.0242738 -0.00297313
 0.00764812           0  -0.0152948   0.0035712
  0.0242738   0.0152948           0   0.0132943
 0.00297313  -0.0035712  -0.0132943           0
Repeater1[0]<--->EndNode1[0]
REAL
   0.424168    -0.01615 -0.00235534    0.356415
   -0.01615   0.0900123   0.0507469 -0.00427596
-0.00235534   0.0507469   0.0937115  0.00156116
   0.356415 -0.00427596  0.00156116    0.392109
IMAGINARY
          0 -0.00469122 -0.00492525 -0.00413843
 0.00469122           0   -0.029108  0.00155143
 0.00492525    0.029108           0   0.0215603
 0.00413843 -0.00155143  -0.0215603           0
Repeater1[0]<--->HoM1[0]
REAL
    0.40404 0.000441203 -0.00253725    0.366891
0.000441203   0.0782828   0.0450589  0.00316618
-0.00253725   0.0450589   0.0883838 -0.00987517
   0.366891  0.00316618 -0.00987517    0.429293
IMAGINARY
          0  -0.0242738 -0.00764812 -0.00297313
  0.0242738           0   0.0152948   0.0132943
 0.00764812  -0.0152948           0   0.0035712
 0.00297313  -0.0132943  -0.0035712           0
EndNode1[0]<--->Repeater1[0]
REAL
   0.401596 -0.00186224  0.00915333    0.341473
-0.00186224   0.0890957   0.0447768  -0.0204033
 0.00915333   0.0447768    0.101064 -0.00313776
   0.341473  -0.0204033 -0.00313776    0.408245
IMAGINARY
           0    0.0212925   -0.0104755  0.000303644
  -0.0212925            0 -0.000978408   -0.0117608
   0.0104755  0.000978408            0   -0.0270104
-0.000303644    0.0117608    0.0270104            0
EndNode2[0]<--->HoM1[0]
REAL
   0.397837 -0.00115241    0.010419    0.345375
-0.00115241   0.0913462   0.0435136 -0.00912702
   0.010419   0.0435136    0.078125 -0.00530754
   0.345375 -0.00912702 -0.00530754    0.432692
IMAGINARY
          0  -0.0268535   0.0136819 -0.00444226
  0.0268535           0   0.0269648   0.0155734
 -0.0136819  -0.0269648           0  -0.0143699
 0.00444226  -0.0155734   0.0143699           0
Repeater1[0]<--->EndNode1[0]
REAL
   0.401596  0.00915333 -0.00186224    0.341473
 0.00915333    0.101064   0.0447768 -0.00313776
-0.00186224   0.0447768   0.0890957  -0.0204033
   0.341473 -0.00313776  -0.0204033    0.408245
IMAGINARY
           0   -0.0104755    0.0212925  0.000303644
   0.0104755            0  0.000978408   -0.0270104
  -0.0212925 -0.000978408            0   -0.0117608
-0.000303644    0.0270104    0.0117608            0
Repeater1[0]<--->HoM1[0]
REAL
   0.397837    0.010419 -0.00115241    0.345375
   0.010419    0.078125   0.0435136 -0.00530754
-0.00115241   0.0435136   0.0913462 -0.00912702
   0.345375 -0.00530754 -0.00912702    0.432692
IMAGINARY
          0   0.0136819  -0.0268535 -0.00444226
 -0.0136819           0  -0.0269648  -0.0143699
  0.0268535   0.0269648           0   0.0155734
 0.00444226   0.0143699  -0.0155734           0
EndNode1[0]<--->Repeater1[0]
REAL
   0.388889 -0.00640448 -0.00283519    0.342915
-0.00640448         0.1   0.0542353 -0.00150186
-0.00283519   0.0542353    0.104938  -0.0214766
   0.342915 -0.00150186  -0.0214766    0.406173
IMAGINARY
          0  0.00597088   0.0083698  0.00174731
-0.00597088           0  0.00240781  -0.0190616
 -0.0083698 -0.00240781           0   0.0122681
-0.00174731   0.0190616  -0.0122681           0
EndNode2[0]<--->HoM1[0]
REAL
   0.385787 -0.00769971   0.0129092    0.357381
-0.00769971   0.0862944   0.0518258  0.00499362
  0.0129092   0.0518258    0.102792   0.0140936
   0.357381  0.00499362   0.0140936    0.425127
IMAGINARY
           0  -0.00188607   0.00374952  -0.00338805
  0.00188607            0  -0.00275111  -0.00880002
 -0.00374952   0.00275111            0 -0.000639185
  0.00338805   0.00880002  0.000639185            0
Repeater1[0]<--->EndNode1[0]
REAL
   0.388889 -0.00283519 -0.00640448    0.342915
-0.00283519    0.104938   0.0542353  -0.0214766
-0.00640448   0.0542353         0.1 -0.00150186
   0.342915  -0.0214766 -0.00150186    0.406173
IMAGINARY
          0   0.0083698  0.00597088  0.00174731
 -0.0083698           0 -0.00240781   0.0122681
-0.00597088  0.00240781           0  -0.0190616
-0.00174731  -0.0122681   0.0190616           0
Repeater1[0]<--->HoM1[0]
REAL
   0.385787   0.0129092 -0.00769971    0.357381
  0.0129092    0.102792   0.0518258   0.0140936
-0.00769971   0.0518258   0.0862944  0.00499362
   0.357381   0.0140936  0.00499362    0.425127
IMAGINARY
           0   0.00374952  -0.00188607  -0.00338805
 -0.00374952            0   0.00275111 -0.000639185
  0.00188607  -0.00275111            0  -0.00880002
  0.00338805  0.000639185   0.00880002            0
EndNode1[0]<--->Repeater1[0]
REAL
    0.392613   0.00281872    0.0157827     0.360334
  0.00281872     0.113543    0.0434888   -0.0139331
   0.0157827    0.0434888    0.0943912 -0.000969155
    0.360334   -0.0139331 -0.000969155     0.399453
IMAGINARY
           0   0.00414506  0.000661376    0.0115392
 -0.00414506            0    0.0218751 -0.000661376
-0.000661376   -0.0218751            0  -0.00280816
  -0.0115392  0.000661376   0.00280816            0
EndNode2[0]<--->HoM1[0]
REAL
  0.392487 -0.0118531 0.00393132   0.357586
-0.0118531  0.0984456  0.0578366 0.00850649
0.00393132  0.0578366   0.107513  0.0193158
  0.357586 0.00850649  0.0193158   0.401554
IMAGINARY
          0 -0.00405561 -0.00797167  -0.0170589
 0.00405561           0  0.00971574 -0.00266663
 0.00797167 -0.00971574           0 -0.00533112
  0.0170589  0.00266663  0.00533112           0
Repeater1[0]<--->EndNode1[0]
REAL
    0.392613    0.0157827   0.00281872     0.360334
   0.0157827    0.0943912    0.0434888 -0.000969155
  0.00281872    0.0434888     0.113543   -0.0139331
    0.360334 -0.000969155   -0.0139331     0.399453
IMAGINARY
           0  0.000661376   0.00414506    0.0115392
-0.000661376            0   -0.0218751  -0.00280816
 -0.00414506    0.0218751            0 -0.000661376
  -0.0115392   0.00280816  0.000661376            0
Repeater1[0]<--->HoM1[0]
REAL
  0.392487 0.00393132 -0.0118531   0.357586
0.00393132   0.107513  0.0578366  0.0193158
-0.0118531  0.0578366  0.0984456 0.00850649
  0.357586  0.0193158 0.00850649   0.401554
IMAGINARY
          0 -0.00797167 -0.00405561  -0.0170589
 0.00797167           0 -0.00971574 -0.00533112
 0.00405561  0.00971574           0 -0.00266663
  0.0170589  0.00533112  0.00266663           0
EndNode1[0]<--->Repeater1[0]
REAL
  0.392723  0.0190279 0.00341313   0.354438
 0.0190279  0.0941029  0.0598839  0.0119321
0.00341313  0.0598839  0.0828105  0.0231716
  0.354438  0.0119321  0.0231716   0.430364
IMAGINARY
           0 -0.000573924  -0.00204733    -0.013641
 0.000573924            0  -0.00836392   0.00823545
  0.00204733   0.00836392            0   -0.0303667
    0.013641  -0.00823545    0.0303667            0
EndNode2[0]<--->HoM1[0]
REAL
    0.38198  -0.0207363  0.00357384    0.360958
 -0.0207363   0.0862944   0.0591448  -0.0216151
 0.00357384   0.0591448   0.0926396 -0.00245956
   0.360958  -0.0216151 -0.00245956    0.439086
IMAGINARY
          0  -0.0282821  0.00743341  -0.0170495
  0.0282821           0   0.0119081   0.0119966
-0.00743341  -0.0119081           0  0.00496601
  0.0170495  -0.0119966 -0.00496601           0
Repeater1[0]<--->EndNode1[0]
REAL
  0.392723 0.00341313  0.0190279   0.354438
0.00341313  0.0828105  0.0598839  0.0231716
 0.0190279  0.0598839  0.0941029  0.0119321
  0.354438  0.0231716  0.0119321   0.430364
IMAGINARY
           0  -0.00204733 -0.000573924    -0.013641
  0.00204733            0   0.00836392   -0.0303667
 0.000573924  -0.00836392            0   0.00823545
    0.013641    0.0303667  -0.00823545            0
Repeater1[0]<--->HoM1[0]
REAL
    0.38198  0.00357384  -0.0207363    0.360958
 0.00357384   0.0926396   0.0591448 -0.00245956
 -0.0207363   0.0591448   0.0862944  -0.0216151
   0.360958 -0.00245956  -0.0216151    0.439086
IMAGINARY
          0  0.00743341  -0.0282821  -0.0170495
-0.00743341           0  -0.0119081  0.00496601
  0.0282821   0.0119081           0   0.0119966
  0.0170495 -0.00496601  -0.0119966           0
EndNode1[0]<--->Repeater1[0]
REAL
    0.396966    0.0233286    0.0127222     0.355313
   0.0233286    0.0922882     0.071354 -0.000722151
   0.0127222     0.071354     0.101138  -0.00199529
    0.355313 -0.000722151  -0.00199529     0.409608
IMAGINARY
          0   0.0193559 -0.00714481 -0.00218481
 -0.0193559           0  -0.0169698 -0.00255765
 0.00714481   0.0169698           0  -0.0109471
 0.00218481  0.00255765   0.0109471           0
EndNode2[0]<--->HoM1[0]
REAL
   0.388462   0.0114398 0.000511045    0.359638
  0.0114398   0.0974359   0.0550112   0.0128648
0.000511045   0.0550112    0.101282 -0.00698123
   0.359638   0.0128648 -0.00698123    0.412821
IMAGINARY
          0  -0.0108696 -0.00175385   0.0160946
  0.0108696           0  0.00666063 -0.00852892
 0.00175385 -0.00666063           0   0.0108696
 -0.0160946  0.00852892  -0.0108696           0
Repeater1[0]<--->EndNode1[0]
REAL
    0.396966    0.0127222    0.0233286     0.355313
   0.0127222     0.101138     0.071354  -0.00199529
   0.0233286     0.071354    0.0922882 -0.000722151
    0.355313  -0.00199529 -0.000722151     0.409608
IMAGINARY
          0 -0.00714481   0.0193559 -0.00218481
 0.00714481           0   0.0169698  -0.0109471
 -0.0193559  -0.0169698           0 -0.00255765
 0.00218481   0.0109471  0.00255765           0
Repeater1[0]<--->HoM1[0]
REAL
   0.388462 0.000511045   0.0114398    0.359638
0.000511045    0.101282   0.0550112 -0.00698123
  0.0114398   0.0550112   0.0974359   0.0128648
   0.359638 -0.00698123   0.0128648    0.412821
IMAGINARY
          0 -0.00175385  -0.0108696   0.0160946
 0.00175385           0 -0.00666063   0.0108696
  0.0108696  0.00666063           0 -0.00852892
 -0.0160946  -0.0108696  0.00852892           0
EndNode1[0]<--->Repeater1[0]
REAL
   0.421622 -0.00630448  0.00785858    0.343853
-0.00630448   0.0932432   0.0422228 -0.00406112
 0.00785858   0.0422228   0.0918919 -0.00508793
   0.343853 -0.00406112 -0.00508793    0.393243
IMAGINARY
          0  -0.0194182 -0.00443451  -0.0304636
  0.0194182           0  -0.0258278 -0.00507636
 0.00443451   0.0258278           0 -0.00367966
  0.0304636  0.00507636  0.00367966           0
EndNode2[0]<--->HoM1[0]
REAL
  0.38375  0.003867 0.0147099  0.377554
 0.003867   0.08625 0.0468048 0.0173414
0.0147099 0.0468048   0.10125 0.0269022
 0.377554 0.0173414 0.0269022   0.42875
IMAGINARY
          0   0.0276486  0.00217529  0.00847966
 -0.0276486           0 -0.00970216  0.00557665
-0.00217529  0.00970216           0 -0.00568475
-0.00847966 -0.00557665  0.00568475           0
Repeater1[0]<--->EndNode1[0]
REAL
   0.421622  0.00785858 -0.00630448    0.343853
 0.00785858   0.0918919   0.0422228 -0.00508793
-0.00630448   0.0422228   0.0932432 -0.00406112
   0.343853 -0.00508793 -0.00406112    0.393243
IMAGINARY
          0 -0.00443451  -0.0194182  -0.0304636
 0.00443451           0   0.0258278 -0.00367966
  0.0194182  -0.0258278           0 -0.00507636
  0.0304636  0.00367966  0.00507636           0
Repeater1[0]<--->HoM1[0]
REAL
  0.38375 0.0147099  0.003867  0.377554
0.0147099   0.10125 0.0468048 0.0269022
 0.003867 0.0468048   0.08625 0.0173414
 0.377554 0.0269022 0.0173414   0.42875
IMAGINARY
          0  0.00217529   0.0276486  0.00847966
-0.00217529           0  0.00970216 -0.00568475
 -0.0276486 -0.00970216           0  0.00557665
-0.00847966  0.00568475 -0.00557665           0
EndNode1[0]<--->Repeater1[0]
REAL
  0.396694 0.00862293 0.00830278   0.348773
0.00862293  0.0785124  0.0588573 0.00709213
0.00830278  0.0588573   0.106061 0.00275592
  0.348773 0.00709213 0.00275592   0.418733
IMAGINARY
          0   0.0147972  -0.0219587  -0.0127109
 -0.0147972           0  0.00693424 -0.00265113
  0.0219587 -0.00693424           0  -0.0274023
  0.0127109  0.00265113   0.0274023           0
EndNode2[0]<--->HoM1[0]
REAL
   0.428571  0.00750856 -0.00806661     0.34881
 0.00750856   0.0982143   0.0599206 0.000130107
-0.00806661   0.0599206   0.0867347 -0.00883131
    0.34881 0.000130107 -0.00883131     0.38648
IMAGINARY
          0 -0.00796511   0.0157479  -0.0133341
 0.00796511           0 -0.00129355  0.00153603
 -0.0157479  0.00129355           0   0.0042614
  0.0133341 -0.00153603  -0.0042614           0
Repeater1[0]<--->EndNode1[0]
REAL
  0.396694 0.00830278 0.00862293   0.348773
0.00830278   0.106061  0.0588573 0.00275592
0.00862293  0.0588573  0.0785124 0.00709213
  0.348773 0.00275592 0.00709213   0.418733
IMAGINARY
          0  -0.0219587   0.0147972  -0.0127109
  0.0219587           0 -0.00693424  -0.0274023
 -0.0147972  0.00693424           0 -0.00265113
  0.0127109   0.0274023  0.00265113           0
Repeater1[0]<--->HoM1[0]
REAL
   0.428571 -0.00806661  0.00750856     0.34881
-0.00806661   0.0867347   0.0599206 -0.00883131
 0.00750856   0.0599206   0.0982143 0.000130107
    0.34881 -0.00883131 0.000130107     0.38648
IMAGINARY
          0   0.0157479 -0.00796511  -0.0133341
 -0.0157479           0  0.00129355   0.0042614
 0.00796511 -0.00129355           0  0.00153603
  0.0133341  -0.0042614 -0.00153603           0
EndNode1[0]<--->Repeater1[0]
REAL
    0.39871 -0.00221424 -0.00338708     0.34904
-0.00221424   0.0954839   0.0508281 -0.00781186
-0.00338708   0.0508281   0.0851613  -0.0142548
    0.34904 -0.00781186  -0.0142548    0.420645
IMAGINARY
          0   0.0169023  -0.0026893  0.00140595
 -0.0169023           0   0.0106652  -0.0119978
  0.0026893  -0.0106652           0   0.0156647
-0.00140595   0.0119978  -0.0156647           0
EndNode2[0]<--->HoM1[0]
REAL
    0.394243   0.00958071  -0.00741751      0.35854
  0.00958071    0.0838548    0.0482839    0.0205409
 -0.00741751    0.0482839    0.0951189 -0.000394355
     0.35854    0.0205409 -0.000394355     0.426783
IMAGINARY
