EndNode1[0]<--->Repeater1[0]
REAL
   0.460358   0.0250947   0.0180787    0.407468
  0.0250947    0.044757 -0.00344759   0.0136982
  0.0180787 -0.00344759   0.0332481  0.00927626
   0.407468   0.0136982  0.00927626    0.461637
IMAGINARY
          0   0.0029326 -0.00449435  0.00388649
 -0.0029326           0 -0.00198052  -0.0162083
 0.00449435  0.00198052           0   0.0114965
-0.00388649   0.0162083  -0.0114965           0
EndNode2[0]<--->HoM1[0]
REAL
   0.464191   0.0182252    0.004004    0.411098
  0.0182252   0.0450928   0.0108601   0.0303875
   0.004004   0.0108601   0.0543767 -0.00102945
   0.411098   0.0303875 -0.00102945     0.43634
IMAGINARY
          0   0.0151441   0.0115894  0.00350631
 -0.0151441           0 -0.00729419  -0.0115894
 -0.0115894  0.00729419           0  0.00148294
-0.00350631   0.0115894 -0.00148294           0
Repeater1[0]<--->EndNode1[0]
REAL
   0.460358   0.0180787   0.0250947    0.407468
  0.0180787   0.0332481 -0.00344759  0.00927626
  0.0250947 -0.00344759    0.044757   0.0136982
   0.407468  0.00927626   0.0136982    0.461637
IMAGINARY
          0 -0.00449435   0.0029326  0.00388649
 0.00449435           0  0.00198052   0.0114965
 -0.0029326 -0.00198052           0  -0.0162083
-0.00388649  -0.0114965   0.0162083           0
Repeater1[0]<--->HoM1[0]
REAL
   0.464191    0.004004   0.0182252    0.411098
   0.004004   0.0543767   0.0108601 -0.00102945
  0.0182252   0.0108601   0.0450928   0.0303875
   0.411098 -0.00102945   0.0303875     0.43634
IMAGINARY
          0   0.0115894   0.0151441  0.00350631
 -0.0115894           0  0.00729419  0.00148294
 -0.0151441 -0.00729419           0  -0.0115894
-0.00350631 -0.00148294   0.0115894           0
EndNode1[0]<--->Repeater1[0]
REAL
  0.481912  0.0106154 0.00521203   0.405635
 0.0106154  0.0452196 -0.0014898 0.00126466
0.00521203 -0.0014898  0.0426357 0.00622396
  0.405635 0.00126466 0.00622396   0.430233
IMAGINARY
          0    0.020351 -0.00023009   0.0158669
  -0.020351           0  -0.0164715   0.0104082
 0.00023009   0.0164715           0  -0.0139897
 -0.0158669  -0.0104082   0.0139897           0
EndNode2[0]<--->HoM1[0]
REAL
   0.485425  -0.0148834  0.00121297    0.419404
 -0.0148834   0.0316857  0.00387624  -0.0210542
 0.00121297  0.00387624    0.035488 -0.00495786
   0.419404  -0.0210542 -0.00495786    0.447402
IMAGINARY
          0 -0.00825688  -0.0134071   0.0317407
 0.00825688           0 -0.00768353  -0.0108165
  0.0134071  0.00768353           0   0.0225426
 -0.0317407   0.0108165  -0.0225426           0
Repeater1[0]<--->EndNode1[0]
REAL
  0.481912 0.00521203  0.0106154   0.405635
0.00521203  0.0426357 -0.0014898 0.00622396
 0.0106154 -0.0014898  0.0452196 0.00126466
  0.405635 0.00622396 0.00126466   0.430233
IMAGINARY
          0 -0.00023009    0.020351   0.0158669
 0.00023009           0   0.0164715  -0.0139897
  -0.020351  -0.0164715           0   0.0104082
 -0.0158669   0.0139897  -0.0104082           0
Repeater1[0]<--->HoM1[0]
REAL
   0.485425  0.00121297  -0.0148834    0.419404
 0.00121297    0.035488  0.00387624 -0.00495786
 -0.0148834  0.00387624   0.0316857  -0.0210542
   0.419404 -0.00495786  -0.0210542    0.447402
IMAGINARY
          0  -0.0134071 -0.00825688   0.0317407
  0.0134071           0  0.00768353   0.0225426
 0.00825688 -0.00768353           0  -0.0108165
 -0.0317407  -0.0225426   0.0108165           0
EndNode1[0]<--->Repeater1[0]
REAL
   0.458869  -0.0201642  0.00765608    0.401567
 -0.0201642   0.0552699  -0.0163626 -0.00893159
 0.00765608  -0.0163626    0.062982  0.00358253
   0.401567 -0.00893159  0.00358253    0.422879
IMAGINARY
          0  -0.0170137 -0.00741244   -0.018868
  0.0170137           0  -0.0132657  0.00867507
 0.00741244   0.0132657           0  0.00943793
   0.018868 -0.00867507 -0.00943793           0
EndNode2[0]<--->HoM1[0]
REAL
   0.479275  -0.0182373  -0.0127967    0.410517
 -0.0182373   0.0505181  0.00402365   -0.011438
 -0.0127967  0.00402365   0.0259067 -0.00982388
   0.410517   -0.011438 -0.00982388    0.444301
IMAGINARY
           0  -0.00174653  -0.00494016   0.00424193
  0.00174653            0  0.000939419    0.0166285
  0.00494016 -0.000939419            0   0.00564263
 -0.00424193   -0.0166285  -0.00564263            0
Repeater1[0]<--->EndNode1[0]
REAL
   0.458869  0.00765608  -0.0201642    0.401567
 0.00765608    0.062982  -0.0163626  0.00358253
 -0.0201642  -0.0163626   0.0552699 -0.00893159
   0.401567  0.00358253 -0.00893159    0.422879
IMAGINARY
          0 -0.00741244  -0.0170137   -0.018868
 0.00741244           0   0.0132657  0.00943793
  0.0170137  -0.0132657           0  0.00867507
   0.018868 -0.00943793 -0.00867507           0
Repeater1[0]<--->HoM1[0]
REAL
   0.479275  -0.0127967  -0.0182373    0.410517
 -0.0127967   0.0259067  0.00402365 -0.00982388
 -0.0182373  0.00402365   0.0505181   -0.011438
   0.410517 -0.00982388   -0.011438    0.444301
IMAGINARY
           0  -0.00494016  -0.00174653   0.00424193
  0.00494016            0 -0.000939419   0.00564263
  0.00174653  0.000939419            0    0.0166285
 -0.00424193  -0.00564263   -0.0166285            0
EndNode1[0]<--->Repeater1[0]
REAL
   0.496053 -0.00921621  0.00440955    0.402854
-0.00921621   0.0460526  0.00166842  0.00940955
 0.00440955  0.00166842   0.0394737 -0.00209032
   0.402854  0.00940955 -0.00209032    0.418421
IMAGINARY
           0  -0.00526052  -0.00738874 -0.000619412
  0.00526052            0   0.00612905    0.0080475
  0.00738874  -0.00612905            0    -0.012526
 0.000619412   -0.0080475     0.012526            0
EndNode2[0]<--->HoM1[0]
REAL
   0.455285  -0.0133268 -0.00230642    0.401777
 -0.0133268   0.0433604  0.00430815  -0.0175348
-0.00230642  0.00430815   0.0474255 -0.00519167
   0.401777  -0.0175348 -0.00519167     0.45393
IMAGINARY
          0 -0.00067417  0.00110269  0.00479837
 0.00067417           0 -0.00350303    0.015353
-0.00110269  0.00350303           0   -0.019579
-0.00479837   -0.015353    0.019579           0
Repeater1[0]<--->EndNode1[0]
REAL
   0.496053  0.00440955 -0.00921621    0.402854
 0.00440955   0.0394737  0.00166842 -0.00209032
-0.00921621  0.00166842   0.0460526  0.00940955
   0.402854 -0.00209032  0.00940955    0.418421
IMAGINARY
           0  -0.00738874  -0.00526052 -0.000619412
  0.00738874            0  -0.00612905    -0.012526
  0.00526052   0.00612905            0    0.0080475
 0.000619412     0.012526   -0.0080475            0
Repeater1[0]<--->HoM1[0]
REAL
   0.455285 -0.00230642  -0.0133268    0.401777
-0.00230642   0.0474255  0.00430815 -0.00519167
 -0.0133268  0.00430815   0.0433604  -0.0175348
   0.401777 -0.00519167  -0.0175348     0.45393
IMAGINARY
          0  0.00110269 -0.00067417  0.00479837
-0.00110269           0  0.00350303   -0.019579
 0.00067417 -0.00350303           0    0.015353
-0.00479837    0.019579   -0.015353           0
EndNode1[0]<--->Repeater1[0]
REAL
    0.47619  0.00414427   0.0126986    0.397946
 0.00414427   0.0661376 -0.00348041 -0.00433306
  0.0126986 -0.00348041   0.0449735   0.0170913
   0.397946 -0.00433306   0.0170913    0.412698
IMAGINARY
           0  -0.00185323   -0.0194882     0.001673
  0.00185323            0  0.000979519   -0.0226648
   0.0194882 -0.000979519            0    0.0362242
   -0.001673    0.0226648   -0.0362242            0
EndNode2[0]<--->HoM1[0]
REAL
   0.458128  0.00719022 0.000391261    0.422132
 0.00719022   0.0418719  0.00331772 -0.00938869
0.000391261  0.00331772   0.0369458 -0.00847557
   0.422132 -0.00938869 -0.00847557    0.463054
IMAGINARY
          0   0.0140839  -0.0112937 -0.00365927
 -0.0140839           0  -0.0160776  -0.0106135
  0.0112937   0.0160776           0  0.00395733
 0.00365927   0.0106135 -0.00395733           0
Repeater1[0]<--->EndNode1[0]
REAL
    0.47619   0.0126986  0.00414427    0.397946
  0.0126986   0.0449735 -0.00348041   0.0170913
 0.00414427 -0.00348041   0.0661376 -0.00433306
   0.397946   0.0170913 -0.00433306    0.412698
IMAGINARY
           0   -0.0194882  -0.00185323     0.001673
   0.0194882            0 -0.000979519    0.0362242
  0.00185323  0.000979519            0   -0.0226648
   -0.001673   -0.0362242    0.0226648            0
Repeater1[0]<--->HoM1[0]
REAL
   0.458128 0.000391261  0.00719022    0.422132
0.000391261   0.0369458  0.00331772 -0.00847557
 0.00719022  0.00331772   0.0418719 -0.00938869
   0.422132 -0.00847557 -0.00938869    0.463054
IMAGINARY
          0  -0.0112937   0.0140839 -0.00365927
  0.0112937           0   0.0160776  0.00395733
 -0.0140839  -0.0160776           0  -0.0106135
 0.00365927 -0.00395733   0.0106135           0
EndNode1[0]<--->Repeater1[0]
REAL
   0.465621    0.016917  0.00238401    0.398548
   0.016917   0.0434258  0.00282568    0.011973
 0.00238401  0.00282568   0.0591074 -0.00380839
   0.398548    0.011973 -0.00380839    0.431846
IMAGINARY
           0    0.0224189  0.000974859  0.000603049
  -0.0224189            0   0.00635018  -0.00364866
-0.000974859  -0.00635018            0  -0.00102851
-0.000603049   0.00364866   0.00102851            0
EndNode2[0]<--->HoM1[0]
REAL
   0.472819  -0.0352574  -0.0234735    0.406923
 -0.0352574   0.0353982   0.0156734 -0.00836176
 -0.0234735   0.0156734     0.05689  0.00591907
   0.406923 -0.00836176  0.00591907    0.434893
IMAGINARY
           0 -0.000817631   0.00663993  -0.00505519
 0.000817631            0   0.00701597  -0.00288993
 -0.00663993  -0.00701597            0  -0.00418237
  0.00505519   0.00288993   0.00418237            0
Repeater1[0]<--->EndNode1[0]
REAL
   0.465621  0.00238401    0.016917    0.398548
 0.00238401   0.0591074  0.00282568 -0.00380839
   0.016917  0.00282568   0.0434258    0.011973
   0.398548 -0.00380839    0.011973    0.431846
IMAGINARY
           0  0.000974859    0.0224189  0.000603049
-0.000974859            0  -0.00635018  -0.00102851
  -0.0224189   0.00635018            0  -0.00364866
-0.000603049   0.00102851   0.00364866            0
Repeater1[0]<--->HoM1[0]
REAL
   0.472819  -0.0234735  -0.0352574    0.406923
 -0.0234735     0.05689   0.0156734  0.00591907
 -0.0352574   0.0156734   0.0353982 -0.00836176
   0.406923  0.00591907 -0.00836176    0.434893
IMAGINARY
           0   0.00663993 -0.000817631  -0.00505519
 -0.00663993            0  -0.00701597  -0.00418237
 0.000817631   0.00701597            0  -0.00288993
  0.00505519   0.00418237   0.00288993            0
EndNode1[0]<--->Repeater1[0]
REAL
  0.474576  0.0176454  0.0178297   0.382684
 0.0176454  0.0430248 -0.0046033  0.0191352
 0.0178297 -0.0046033  0.0430248 0.00634937
  0.382684  0.0191352 0.00634937   0.439374
IMAGINARY
          0  0.00460244  0.00785699  -0.0109907
-0.00460244           0  0.00650928  -0.0189972
-0.00785699 -0.00650928           0  0.00391657
  0.0109907   0.0189972 -0.00391657           0
EndNode2[0]<--->HoM1[0]
REAL
  0.494179   0.022238 0.00265549   0.399817
  0.022238  0.0413972  0.0107832   0.015863
0.00265549  0.0107832  0.0362225 -0.0215994
  0.399817   0.015863 -0.0215994   0.428202
IMAGINARY
          0 -0.00617987   0.0223269 -0.00828784
 0.00617987           0   0.0141396  0.00769923
 -0.0223269  -0.0141396           0  -0.0251517
 0.00828784 -0.00769923   0.0251517           0
Repeater1[0]<--->EndNode1[0]
REAL
  0.474576  0.0178297  0.0176454   0.382684
 0.0178297  0.0430248 -0.0046033 0.00634937
 0.0176454 -0.0046033  0.0430248  0.0191352
  0.382684 0.00634937  0.0191352   0.439374
IMAGINARY
          0  0.00785699  0.00460244  -0.0109907
-0.00785699           0 -0.00650928  0.00391657
-0.00460244  0.00650928           0  -0.0189972
  0.0109907 -0.00391657   0.0189972           0
Repeater1[0]<--->HoM1[0]
REAL
  0.494179 0.00265549   0.022238   0.399817
0.00265549  0.0362225  0.0107832 -0.0215994
  0.022238  0.0107832  0.0413972   0.015863
  0.399817 -0.0215994   0.015863   0.428202
IMAGINARY
          0   0.0223269 -0.00617987 -0.00828784
 -0.0223269           0  -0.0141396  -0.0251517
 0.00617987   0.0141396           0  0.00769923
 0.00828784   0.0251517 -0.00769923           0
EndNode1[0]<--->Repeater1[0]
REAL
  0.446271 -0.0126495 -0.0155886    0.40359
-0.0126495  0.0606827 0.00839934 -0.0137481
-0.0155886 0.00839934  0.0594185  0.0177515
   0.40359 -0.0137481  0.0177515   0.433628
IMAGINARY
          0 -0.00216525   0.0213312 -0.00369412
 0.00216525           0  -0.0128805   0.0113445
 -0.0213312   0.0128805           0  -0.0243452
 0.00369412  -0.0113445   0.0243452           0
EndNode2[0]<--->HoM1[0]
REAL
   0.444976 -0.00063624  0.00994666    0.406999
-0.00063624   0.0550239  0.00856171  0.00151293
 0.00994666  0.00856171   0.0430622 3.31039e-05
   0.406999  0.00151293 3.31039e-05    0.456938
IMAGINARY
           0   -0.0194256  -0.00681758  -0.00817174
   0.0194256            0 -0.000647799  -0.00750534
  0.00681758  0.000647799            0   0.00510269
  0.00817174   0.00750534  -0.00510269            0
Repeater1[0]<--->EndNode1[0]
REAL
  0.446271 -0.0155886 -0.0126495    0.40359
-0.0155886  0.0594185 0.00839934  0.0177515
-0.0126495 0.00839934  0.0606827 -0.0137481
   0.40359  0.0177515 -0.0137481   0.433628
IMAGINARY
          0   0.0213312 -0.00216525 -0.00369412
 -0.0213312           0   0.0128805  -0.0243452
 0.00216525  -0.0128805           0   0.0113445
 0.00369412   0.0243452  -0.0113445           0
Repeater1[0]<--->HoM1[0]
REAL
   0.444976  0.00994666 -0.00063624    0.406999
 0.00994666   0.0430622  0.00856171 3.31039e-05
-0.00063624  0.00856171   0.0550239  0.00151293
   0.406999 3.31039e-05  0.00151293    0.456938
IMAGINARY
           0  -0.00681758   -0.0194256  -0.00817174
  0.00681758            0  0.000647799   0.00510269
   0.0194256 -0.000647799            0  -0.00750534
  0.00817174  -0.00510269   0.00750534            0
EndNode1[0]<--->Repeater1[0]
REAL
   0.480149   0.0168073  -0.0197352    0.390234
  0.0168073   0.0459057 -0.00190947  0.00323776
 -0.0197352 -0.00190947   0.0372208  -0.0180764
   0.390234  0.00323776  -0.0180764    0.436725
IMAGINARY
           0  0.000406559  -0.00220646   0.00501832
-0.000406559            0   -0.0150854    0.0042038
  0.00220646    0.0150854            0  -0.00373545
 -0.00501832   -0.0042038   0.00373545            0
EndNode2[0]<--->HoM1[0]
REAL
   0.460422 0.000772324  0.00729785    0.414825
0.000772324   0.0593668  1.0175e-05  -0.0114187
 0.00729785  1.0175e-05   0.0395778   -0.013135
   0.414825  -0.0114187   -0.013135    0.440633
IMAGINARY
          0 -0.00640478  0.00650854  0.00784736
 0.00640478           0  -0.0084843  0.00460257
-0.00650854   0.0084843           0 -0.00100262
-0.00784736 -0.00460257  0.00100262           0
Repeater1[0]<--->EndNode1[0]
REAL
   0.480149  -0.0197352   0.0168073    0.390234
 -0.0197352   0.0372208 -0.00190947  -0.0180764
  0.0168073 -0.00190947   0.0459057  0.00323776
   0.390234  -0.0180764  0.00323776    0.436725
IMAGINARY
           0  -0.00220646  0.000406559   0.00501832
  0.00220646            0    0.0150854  -0.00373545
-0.000406559   -0.0150854            0    0.0042038
 -0.00501832   0.00373545   -0.0042038            0
Repeater1[0]<--->HoM1[0]
REAL
   0.460422  0.00729785 0.000772324    0.414825
 0.00729785   0.0395778  1.0175e-05   -0.013135
0.000772324  1.0175e-05   0.0593668  -0.0114187
   0.414825   -0.013135  -0.0114187    0.440633
IMAGINARY
          0  0.00650854 -0.00640478  0.00784736
-0.00650854           0   0.0084843 -0.00100262
 0.00640478  -0.0084843           0  0.00460257
-0.00784736  0.00100262 -0.00460257           0
EndNode1[0]<--->Repeater1[0]
REAL
    0.478736   0.00244592   0.00646727     0.403371
  0.00244592    0.0413123 -0.000898277   0.00452174
  0.00646727 -0.000898277    0.0534629   0.00442221
    0.403371   0.00452174   0.00442221     0.426488
IMAGINARY
           0  -0.00351581  -0.00849832 -0.000306187
  0.00351581            0   0.00770861   0.00397051
  0.00849832  -0.00770861            0  0.000281658
 0.000306187  -0.00397051 -0.000281658            0
EndNode2[0]<--->HoM1[0]
REAL
    0.48665 -0.00650008   0.0141272    0.419231
-0.00650008   0.0291262 -0.00505144 -0.00293317
  0.0141272 -0.00505144   0.0339806   0.0214255
   0.419231 -0.00293317   0.0214255    0.450243
IMAGINARY
          0   0.0143366  0.00180786  -0.0215387
 -0.0143366           0   0.0189345  -0.0161682
-0.00180786  -0.0189345           0  0.00524567
  0.0215387   0.0161682 -0.00524567           0
Repeater1[0]<--->EndNode1[0]
REAL
    0.478736   0.00646727   0.00244592     0.403371
  0.00646727    0.0534629 -0.000898277   0.00442221
  0.00244592 -0.000898277    0.0413123   0.00452174
    0.403371   0.00442221   0.00452174     0.426488
IMAGINARY
           0  -0.00849832  -0.00351581 -0.000306187
  0.00849832            0  -0.00770861  0.000281658
  0.00351581   0.00770861            0   0.00397051
 0.000306187 -0.000281658  -0.00397051            0
Repeater1[0]<--->HoM1[0]
REAL
    0.48665   0.0141272 -0.00650008    0.419231
  0.0141272   0.0339806 -0.00505144   0.0214255
-0.00650008 -0.00505144   0.0291262 -0.00293317
   0.419231   0.0214255 -0.00293317    0.450243
IMAGINARY
          0  0.00180786   0.0143366  -0.0215387
-0.00180786           0  -0.0189345  0.00524567
 -0.0143366   0.0189345           0  -0.0161682
  0.0215387 -0.00524567   0.0161682           0
EndNode1[0]<--->Repeater1[0]
REAL
  0.459951 0.00540819  0.0209166   0.394507
0.00540819  0.0485437 0.00843074  0.0154818
 0.0209166 0.00843074  0.0461165  0.0156646
  0.394507  0.0154818  0.0156646   0.445388
IMAGINARY
          0 -0.00816895   0.0161983   0.0124024
 0.00816895           0 -0.00972146  -0.0149325
 -0.0161983  0.00972146           0  0.00690313
 -0.0124024   0.0149325 -0.00690313           0
EndNode2[0]<--->HoM1[0]
REAL
   0.477667   0.0145223   0.0168923     0.40711
  0.0145223   0.0409429  -0.0120821  0.00520717
  0.0168923  -0.0120821   0.0310174 -0.00347257
    0.40711  0.00520717 -0.00347257    0.450372
IMAGINARY
           0   0.00191278  1.11315e-05    0.0140804
 -0.00191278            0   -0.0160566   0.00882725
-1.11315e-05    0.0160566            0   0.00440035
  -0.0140804  -0.00882725  -0.00440035            0
Repeater1[0]<--->EndNode1[0]
REAL
  0.459951  0.0209166 0.00540819   0.394507
 0.0209166  0.0461165 0.00843074  0.0156646
0.00540819 0.00843074  0.0485437  0.0154818
  0.394507  0.0156646  0.0154818   0.445388
IMAGINARY
          0   0.0161983 -0.00816895   0.0124024
 -0.0161983           0  0.00972146  0.00690313
 0.00816895 -0.00972146           0  -0.0149325
 -0.0124024 -0.00690313   0.0149325           0
Repeater1[0]<--->HoM1[0]
REAL
   0.477667   0.0168923   0.0145223     0.40711
  0.0168923   0.0310174  -0.0120821 -0.00347257
  0.0145223  -0.0120821   0.0409429  0.00520717
    0.40711 -0.00347257  0.00520717    0.450372
IMAGINARY
           0  1.11315e-05   0.00191278    0.0140804
-1.11315e-05            0    0.0160566   0.00440035
 -0.00191278   -0.0160566            0   0.00882725
  -0.0140804  -0.00440035  -0.00882725            0
EndNode1[0]<--->Repeater1[0]
REAL
   0.485934  -0.0269954 -0.00299858    0.397519
 -0.0269954   0.0204604  0.00168546  -0.0248529
-0.00299858  0.00168546   0.0511509  -0.0088136
   0.397519  -0.0248529  -0.0088136    0.442455
IMAGINARY
          0  0.00480127 -0.00756848   0.0124659
-0.00480127           0   0.0111073   0.0100195
 0.00756848  -0.0111073           0 -0.00602676
 -0.0124659  -0.0100195  0.00602676           0
EndNode2[0]<--->HoM1[0]
REAL
    0.459422 -0.000478304   0.00924603     0.408515
-0.000478304     0.045392   0.00344321   -0.0269859
  0.00924603   0.00344321    0.0385144   -0.0212037
    0.408515   -0.0269859   -0.0212037     0.456671
IMAGINARY
          0 -0.00319603  0.00704181  -0.0109282
 0.00319603           0  -0.0275334  0.00401151
-0.00704181   0.0275334           0  0.00384622
  0.0109282 -0.00401151 -0.00384622           0
Repeater1[0]<--->EndNode1[0]
REAL
   0.485934 -0.00299858  -0.0269954    0.397519
-0.00299858   0.0511509  0.00168546  -0.0088136
 -0.0269954  0.00168546   0.0204604  -0.0248529
   0.397519  -0.0088136  -0.0248529    0.442455
IMAGINARY
          0 -0.00756848  0.00480127   0.0124659
 0.00756848           0  -0.0111073 -0.00602676
-0.00480127   0.0111073           0   0.0100195
 -0.0124659  0.00602676  -0.0100195           0
Repeater1[0]<--->HoM1[0]
REAL
    0.459422   0.00924603 -0.000478304     0.408515
  0.00924603    0.0385144   0.00344321   -0.0212037
-0.000478304   0.00344321     0.045392   -0.0269859
    0.408515   -0.0212037   -0.0269859     0.456671
IMAGINARY
          0  0.00704181 -0.00319603  -0.0109282
-0.00704181           0   0.0275334  0.00384622
 0.00319603  -0.0275334           0  0.00401151
  0.0109282 -0.00384622 -0.00401151           0
EndNode1[0]<--->Repeater1[0]
REAL
   0.477184   0.0166688   0.0111125    0.396514
  0.0166688   0.0521512 -0.00263595  -0.0172349
  0.0111125 -0.00263595    0.041721  -0.0173491
   0.396514  -0.0172349  -0.0173491    0.428944
IMAGINARY
          0 -0.00108162 -0.00664115    0.019954
 0.00108162           0  0.00271264 -0.00976225
 0.00664115 -0.00271264           0   0.0187001
  -0.019954  0.00976225  -0.0187001           0
EndNode2[0]<--->HoM1[0]
REAL
   0.454094   0.0135659   0.0147436    0.417447
  0.0135659   0.0397022 -0.00374152  -0.0147436
  0.0147436 -0.00374152   0.0533499  -0.0135659
   0.417447  -0.0147436  -0.0135659    0.452854
IMAGINARY
          0 -0.00329038 -0.00981238  0.00958241
 0.00329038           0  0.00584176  -0.0056915
 0.00981238 -0.00584176           0   0.0200862
-0.00958241   0.0056915  -0.0200862           0
Repeater1[0]<--->EndNode1[0]
REAL
   0.477184   0.0111125   0.0166688    0.396514
  0.0111125    0.041721 -0.00263595  -0.0173491
  0.0166688 -0.00263595   0.0521512  -0.0172349
   0.396514  -0.0173491  -0.0172349    0.428944
IMAGINARY
          0 -0.00664115 -0.00108162    0.019954
 0.00664115           0 -0.00271264   0.0187001
 0.00108162  0.00271264           0 -0.00976225
  -0.019954  -0.0187001  0.00976225           0
Repeater1[0]<--->HoM1[0]
REAL
   0.454094   0.0147436   0.0135659    0.417447
  0.0147436   0.0533499 -0.00374152  -0.0135659
  0.0135659 -0.00374152   0.0397022  -0.0147436
   0.417447  -0.0135659  -0.0147436    0.452854
IMAGINARY
          0 -0.00981238 -0.00329038  0.00958241
 0.00981238           0 -0.00584176   0.0200862
 0.00329038  0.00584176           0  -0.0056915
-0.00958241  -0.0200862   0.0056915           0
EndNode1[0]<--->Repeater1[0]
REAL
     0.48735   -0.0220054   0.00498065     0.403686
  -0.0220054    0.0412783   -0.0044226  -0.00743765
  0.00498065   -0.0044226    0.0505992 -0.000107606
    0.403686  -0.00743765 -0.000107606     0.420772
IMAGINARY
          0  -0.0360565  0.00959732  0.00777202
  0.0360565           0   0.0103627   0.0133757
-0.00959732  -0.0103627           0   0.0184889
-0.00777202  -0.0133757  -0.0184889           0
EndNode2[0]<--->HoM1[0]
REAL
  0.471867 0.00995773 0.00209036   0.398579
0.00995773  0.0524297 0.00322997  0.0340853
0.00209036 0.00322997  0.0383632   0.028802
  0.398579  0.0340853   0.028802    0.43734
IMAGINARY
          0   0.0102947 -0.00748564 -0.00580025
 -0.0102947           0  0.00445616   0.0100696
 0.00748564 -0.00445616           0  0.00391717
 0.00580025  -0.0100696 -0.00391717           0
Repeater1[0]<--->EndNode1[0]
REAL
     0.48735   0.00498065   -0.0220054     0.403686
  0.00498065    0.0505992   -0.0044226 -0.000107606
  -0.0220054   -0.0044226    0.0412783  -0.00743765
    0.403686 -0.000107606  -0.00743765     0.420772
IMAGINARY
          0  0.00959732  -0.0360565  0.00777202
-0.00959732           0  -0.0103627   0.0184889
  0.0360565   0.0103627           0   0.0133757
-0.00777202  -0.0184889  -0.0133757           0
Repeater1[0]<--->HoM1[0]
REAL
  0.471867 0.00209036 0.00995773   0.398579
0.00209036  0.0383632 0.00322997   0.028802
0.00995773 0.00322997  0.0524297  0.0340853
  0.398579   0.028802  0.0340853    0.43734
IMAGINARY
          0 -0.00748564   0.0102947 -0.00580025
 0.00748564           0 -0.00445616  0.00391717
 -0.0102947  0.00445616           0   0.0100696
 0.00580025 -0.00391717  -0.0100696           0
EndNode1[0]<--->Repeater1[0]
REAL
   0.462017  0.00794186  -0.0041843    0.382143
 0.00794186   0.0572852  0.00943831  0.00801083
 -0.0041843  0.00943831   0.0398506 -0.00283982
   0.382143  0.00801083 -0.00283982    0.440847
IMAGINARY
           0    0.0137011   -0.0109808   -0.0191045
  -0.0137011            0   0.00235193    -0.011663
   0.0109808  -0.00235193            0 -0.000849184
   0.0191045     0.011663  0.000849184            0
EndNode2[0]<--->HoM1[0]
REAL
   0.459667  -0.0182581  0.00975002    0.406612
 -0.0182581   0.0384123  0.00489226 -0.00911791
 0.00975002  0.00489226   0.0448143   0.0113049
   0.406612 -0.00911791   0.0113049    0.457106
IMAGINARY
          0  -0.0222506  0.00732984 -0.00191784
  0.0222506           0   0.0103719   0.0368962
-0.00732984  -0.0103719           0  -0.0195184
 0.00191784  -0.0368962   0.0195184           0
Repeater1[0]<--->EndNode1[0]
REAL
   0.462017  -0.0041843  0.00794186    0.382143
 -0.0041843   0.0398506  0.00943831 -0.00283982
 0.00794186  0.00943831   0.0572852  0.00801083
   0.382143 -0.00283982  0.00801083    0.440847
IMAGINARY
           0   -0.0109808    0.0137011   -0.0191045
   0.0109808            0  -0.00235193 -0.000849184
  -0.0137011   0.00235193            0    -0.011663
   0.0191045  0.000849184     0.011663            0
Repeater1[0]<--->HoM1[0]
REAL
   0.459667  0.00975002  -0.0182581    0.406612
 0.00975002   0.0448143  0.00489226   0.0113049
 -0.0182581  0.00489226   0.0384123 -0.00911791
   0.406612   0.0113049 -0.00911791    0.457106
IMAGINARY
          0  0.00732984  -0.0222506 -0.00191784
-0.00732984           0  -0.0103719  -0.0195184
  0.0222506   0.0103719           0   0.0368962
 0.00191784   0.0195184  -0.0368962           0
EndNode1[0]<--->Repeater1[0]
REAL
   0.428392 -0.00824245 -0.00306958    0.402186
-0.00824245    0.048995  0.00231604 -0.00306958
-0.00306958  0.00231604   0.0326633  0.00756033
   0.402186 -0.00306958  0.00756033     0.48995
IMAGINARY
         0  0.0140538 -0.0249975  0.0011751
-0.0140538          0 -0.0131852  0.0113434
 0.0249975  0.0131852          0  0.0217069
-0.0011751 -0.0113434 -0.0217069          0
EndNode2[0]<--->HoM1[0]
REAL
   0.468504   0.0101485 -0.00652056    0.405395
  0.0101485   0.0472441 0.000457073   0.0434162
-0.00652056 0.000457073   0.0577428   0.0140245
   0.405395   0.0434162   0.0140245    0.426509
IMAGINARY
           0     0.019731  0.000578246   0.00329776
   -0.019731            0    0.0153689  -0.00798565
-0.000578246   -0.0153689            0   0.00372583
 -0.00329776   0.00798565  -0.00372583            0
Repeater1[0]<--->EndNode1[0]
REAL
   0.428392 -0.00306958 -0.00824245    0.402186
-0.00306958   0.0326633  0.00231604  0.00756033
-0.00824245  0.00231604    0.048995 -0.00306958
   0.402186  0.00756033 -0.00306958     0.48995
IMAGINARY
         0 -0.0249975  0.0140538  0.0011751
 0.0249975          0  0.0131852  0.0217069
-0.0140538 -0.0131852          0  0.0113434
-0.0011751 -0.0217069 -0.0113434          0
Repeater1[0]<--->HoM1[0]
REAL
   0.468504 -0.00652056   0.0101485    0.405395
-0.00652056   0.0577428 0.000457073   0.0140245
  0.0101485 0.000457073   0.0472441   0.0434162
   0.405395   0.0140245   0.0434162    0.426509
IMAGINARY
           0  0.000578246     0.019731   0.00329776
-0.000578246            0   -0.0153689   0.00372583
   -0.019731    0.0153689            0  -0.00798565
 -0.00329776  -0.00372583   0.00798565            0
EndNode1[0]<--->Repeater1[0]
REAL
   0.431293  -0.0100821 -0.00225142    0.398298
 -0.0100821   0.0421769    0.007992  0.00546066
-0.00225142    0.007992   0.0557823   0.0171424
   0.398298  0.00546066   0.0171424    0.470748
IMAGINARY
          0  0.00472559  -0.0317842   0.0130422
-0.00472559           0  0.00153323  -0.0128587
  0.0317842 -0.00153323           0   0.0348152
 -0.0130422   0.0128587  -0.0348152           0
EndNode2[0]<--->HoM1[0]
REAL
   0.505689  0.00876416 -0.00476458     0.39801
 0.00876416    0.034134  0.00534018   0.0240945
-0.00476458  0.00534018    0.045512   0.0118544
    0.39801   0.0240945   0.0118544    0.414665
IMAGINARY
           0   -0.0301657   0.00362338   -0.0187218
   0.0301657            0    -0.016104  0.000303324
 -0.00362338     0.016104            0  6.09941e-05
   0.0187218 -0.000303324 -6.09941e-05            0
Repeater1[0]<--->EndNode1[0]
REAL
   0.431293 -0.00225142  -0.0100821    0.398298
-0.00225142   0.0557823    0.007992   0.0171424
 -0.0100821    0.007992   0.0421769  0.00546066
   0.398298   0.0171424  0.00546066    0.470748
IMAGINARY
          0  -0.0317842  0.00472559   0.0130422
  0.0317842           0 -0.00153323   0.0348152
-0.00472559  0.00153323           0  -0.0128587
 -0.0130422  -0.0348152   0.0128587           0
Repeater1[0]<--->HoM1[0]
REAL
   0.505689 -0.00476458  0.00876416     0.39801
-0.00476458    0.045512  0.00534018   0.0118544
 0.00876416  0.00534018    0.034134   0.0240945
    0.39801   0.0118544   0.0240945    0.414665
IMAGINARY
           0   0.00362338   -0.0301657   -0.0187218
 -0.00362338            0     0.016104  6.09941e-05
   0.0301657    -0.016104            0  0.000303324
   0.0187218 -6.09941e-05 -0.000303324            0
EndNode1[0]<--->Repeater1[0]
REAL
  0.472368 -0.0146343 -0.0027774    0.40731
-0.0146343  0.0460526 0.00267776 0.00216087
-0.0027774 0.00267776  0.0421053 0.00785251
   0.40731 0.00216087 0.00785251   0.439474
IMAGINARY
          0  -0.0119825   0.0296143  0.00748735
  0.0119825           0  -0.0192984  0.00717043
 -0.0296143   0.0192984           0  -0.0139031
-0.00748735 -0.00717043   0.0139031           0
EndNode2[0]<--->HoM1[0]
REAL
    0.478819  -0.00844615   0.00248163     0.401913
 -0.00844615    0.0308087   0.00103505 -2.46316e-05
  0.00248163   0.00103505    0.0462131   0.00967465
    0.401913 -2.46316e-05   0.00967465     0.444159
IMAGINARY
           0       -0.028    0.0215947    0.0132201
       0.028            0   0.00615976 -0.000892069
  -0.0215947  -0.00615976            0   0.00102379
  -0.0132201  0.000892069  -0.00102379            0
Repeater1[0]<--->EndNode1[0]
REAL
  0.472368 -0.0027774 -0.0146343    0.40731
-0.0027774  0.0421053 0.00267776 0.00785251
-0.0146343 0.00267776  0.0460526 0.00216087
   0.40731 0.00785251 0.00216087   0.439474
IMAGINARY
          0   0.0296143  -0.0119825  0.00748735
 -0.0296143           0   0.0192984  -0.0139031
  0.0119825  -0.0192984           0  0.00717043
-0.00748735   0.0139031 -0.00717043           0
Repeater1[0]<--->HoM1[0]
REAL
    0.478819   0.00248163  -0.00844615     0.401913
  0.00248163    0.0462131   0.00103505   0.00967465
 -0.00844615   0.00103505    0.0308087 -2.46316e-05
    0.401913   0.00967465 -2.46316e-05     0.444159
IMAGINARY
           0    0.0215947       -0.028    0.0132201
  -0.0215947            0  -0.00615976   0.00102379
       0.028   0.00615976            0 -0.000892069
  -0.0132201  -0.00102379  0.000892069            0
EndNode1[0]<--->Repeater1[0]
REAL
    0.478155   -0.0059379   0.00738513     0.404554
  -0.0059379    0.0473301 -2.56945e-05    -0.021461
  0.00738513 -2.56945e-05    0.0509709    -0.010586
    0.404554    -0.021461    -0.010586     0.423544
IMAGINARY
          0  -0.0114728 -0.00729975 -0.00877021
  0.0114728           0  0.00485376 -0.00669516
 0.00729975 -0.00485376           0   0.0140174
 0.00877021  0.00669516  -0.0140174           0
EndNode2[0]<--->HoM1[0]
REAL
   0.458333 -0.00501114 -0.00756214    0.413901
-0.00501114   0.0441919  0.00333146  0.00552686
-0.00756214  0.00333146   0.0530303 -0.00109469
   0.413901  0.00552686 -0.00109469    0.444444
IMAGINARY
          0  -0.0106901 -0.00771883   0.0102318
  0.0106901           0 -0.00593734 -0.00447629
 0.00771883  0.00593734           0   0.0255953
 -0.0102318  0.00447629  -0.0255953           0
Repeater1[0]<--->EndNode1[0]
REAL
    0.478155   0.00738513   -0.0059379     0.404554
  0.00738513    0.0509709 -2.56945e-05    -0.010586
  -0.0059379 -2.56945e-05    0.0473301    -0.021461
    0.404554    -0.010586    -0.021461     0.423544
IMAGINARY
          0 -0.00729975  -0.0114728 -0.00877021
 0.00729975           0 -0.00485376   0.0140174
  0.0114728  0.00485376           0 -0.00669516
 0.00877021  -0.0140174  0.00669516           0
Repeater1[0]<--->HoM1[0]
REAL
   0.458333 -0.00756214 -0.00501114    0.413901
-0.00756214   0.0530303  0.00333146 -0.00109469
-0.00501114  0.00333146   0.0441919  0.00552686
   0.413901 -0.00109469  0.00552686    0.444444
IMAGINARY
          0 -0.00771883  -0.0106901   0.0102318
 0.00771883           0  0.00593734   0.0255953
  0.0106901 -0.00593734           0 -0.00447629
 -0.0102318  -0.0255953  0.00447629           0
EndNode1[0]<--->Repeater1[0]
REAL
  0.455614  0.0193373  0.0157949     0.3995
 0.0193373  0.0626632 0.00923986 -0.0106535
 0.0157949 0.00923986  0.0509138 0.00251361
    0.3995 -0.0106535 0.00251361   0.430809
IMAGINARY
          0  0.00137091  0.00417392  -0.0185031
-0.00137091           0  -0.0146569  -0.0117185
-0.00417392   0.0146569           0   0.0226346
  0.0185031   0.0117185  -0.0226346           0
EndNode2[0]<--->HoM1[0]
REAL
   0.474619 -0.00560369 -0.00615684    0.405807
-0.00560369   0.0329949  -0.0117186  -0.0197052
-0.00615684  -0.0117186   0.0456853  -0.0128692
   0.405807  -0.0197052  -0.0128692    0.446701
IMAGINARY
          0   0.0123183  0.00452363  -0.0182273
 -0.0123183           0 -0.00315197 -0.00581229
-0.00452363  0.00315197           0 -0.00587496
  0.0182273  0.00581229  0.00587496           0
Repeater1[0]<--->EndNode1[0]
REAL
  0.455614  0.0157949  0.0193373     0.3995
 0.0157949  0.0509138 0.00923986 0.00251361
 0.0193373 0.00923986  0.0626632 -0.0106535
    0.3995 0.00251361 -0.0106535   0.430809
IMAGINARY
          0  0.00417392  0.00137091  -0.0185031
-0.00417392           0   0.0146569   0.0226346
-0.00137091  -0.0146569           0  -0.0117185
  0.0185031  -0.0226346   0.0117185           0
Repeater1[0]<--->HoM1[0]
REAL
   0.474619 -0.00615684 -0.00560369    0.405807
-0.00615684   0.0456853  -0.0117186  -0.0128692
-0.00560369  -0.0117186   0.0329949  -0.0197052
   0.405807  -0.0128692  -0.0197052    0.446701
IMAGINARY
          0  0.00452363   0.0123183  -0.0182273
-0.00452363           0  0.00315197 -0.00587496
 -0.0123183 -0.00315197           0 -0.00581229
  0.0182273  0.00587496  0.00581229           0
EndNode1[0]<--->Repeater1[0]
REAL
  0.448768 -0.0156846  0.0117172   0.400705
-0.0156846  0.0376135 0.00860918 0.00789066
 0.0117172 0.00860918  0.0350195  0.0279395
  0.400705 0.00789066  0.0279395   0.478599
IMAGINARY
          0    0.010523   -0.010468 -0.00297051
  -0.010523           0 -0.00561601  0.00858591
   0.010468  0.00561601           0 -0.00362213
 0.00297051 -0.00858591  0.00362213           0
EndNode2[0]<--->HoM1[0]
REAL
   0.457433  0.00990154 -0.00709294    0.415142
 0.00990154    0.043202 -0.00581187   0.0156343
-0.00709294 -0.00581187   0.0546379  0.00783827
   0.415142   0.0156343  0.00783827    0.444727
IMAGINARY
          0  -0.0031721   0.0242223  0.00578652
  0.0031721           0   0.0228918 -0.00351965
 -0.0242223  -0.0228918           0  -0.0313323
-0.00578652  0.00351965   0.0313323           0
Repeater1[0]<--->EndNode1[0]
REAL
  0.448768  0.0117172 -0.0156846   0.400705
 0.0117172  0.0350195 0.00860918  0.0279395
-0.0156846 0.00860918  0.0376135 0.00789066
  0.400705  0.0279395 0.00789066   0.478599
IMAGINARY
          0   -0.010468    0.010523 -0.00297051
   0.010468           0  0.00561601 -0.00362213
  -0.010523 -0.00561601           0  0.00858591
 0.00297051  0.00362213 -0.00858591           0
Repeater1[0]<--->HoM1[0]
REAL
   0.457433 -0.00709294  0.00990154    0.415142
-0.00709294   0.0546379 -0.00581187  0.00783827
 0.00990154 -0.00581187    0.043202   0.0156343
   0.415142  0.00783827   0.0156343    0.444727
IMAGINARY
          0   0.0242223  -0.0031721  0.00578652
 -0.0242223           0  -0.0228918  -0.0313323
  0.0031721   0.0228918           0 -0.00351965
-0.00578652   0.0313323  0.00351965           0
