EndNode1[0]<--->Repeater1[0]
REAL
  0.369863 -0.0218244 0.00456011   0.308676
-0.0218244   0.146949  0.0821135 0.00333462
0.00456011  0.0821135   0.143213 0.00998226
  0.308676 0.00333462 0.00998226   0.339975
IMAGINARY
          0  0.00120192 -0.00133617 -0.00591891
-0.00120192           0  -0.0196689   0.0117528
 0.00133617   0.0196689           0  -0.0116186
 0.00591891  -0.0117528   0.0116186           0
EndNode2[0]<--->HoM1[0]
REAL
 0.415803 0.0102623 0.0196825  0.335046
0.0102623 0.0984456 0.0805707 0.0105442
0.0196825 0.0805707  0.130829 0.0237427
 0.335046 0.0105442 0.0237427  0.354922
IMAGINARY
          0  -0.0299437  -0.0127965 -0.00663696
  0.0299437           0  -0.0052364   0.0127965
  0.0127965   0.0052364           0   0.0145984
 0.00663696  -0.0127965  -0.0145984           0
Repeater1[0]<--->EndNode1[0]
REAL
  0.369863 0.00456011 -0.0218244   0.308676
0.00456011   0.143213  0.0821135 0.00998226
-0.0218244  0.0821135   0.146949 0.00333462
  0.308676 0.00998226 0.00333462   0.339975
IMAGINARY
          0 -0.00133617  0.00120192 -0.00591891
 0.00133617           0   0.0196689  -0.0116186
-0.00120192  -0.0196689           0   0.0117528
 0.00591891   0.0116186  -0.0117528           0
Repeater1[0]<--->HoM1[0]
REAL
 0.415803 0.0196825 0.0102623  0.335046
0.0196825  0.130829 0.0805707 0.0237427
0.0102623 0.0805707 0.0984456 0.0105442
 0.335046 0.0237427 0.0105442  0.354922
IMAGINARY
          0  -0.0127965  -0.0299437 -0.00663696
  0.0127965           0   0.0052364   0.0145984
  0.0299437  -0.0052364           0   0.0127965
 0.00663696  -0.0145984  -0.0127965           0
EndNode1[0]<--->Repeater1[0]
REAL
   0.401902 -0.00835429  -0.0026642    0.320094
-0.00835429    0.122473   0.0738455 -0.00146803
 -0.0026642   0.0738455    0.149822  0.00284465
   0.320094 -0.00146803  0.00284465    0.325803
IMAGINARY
          0 -0.00153569   0.0170653  0.00615597
 0.00153569           0  0.00233918   0.0259088
 -0.0170653 -0.00233918           0  0.00767484
-0.00615597  -0.0259088 -0.00767484           0
EndNode2[0]<--->HoM1[0]
REAL
   0.366402  -0.0120708  -0.0374542    0.333654
 -0.0120708    0.119048   0.0755496 -0.00110302
 -0.0374542   0.0755496    0.137566  -0.0202675
   0.333654 -0.00110302  -0.0202675    0.376984
IMAGINARY
          0  0.00959971  -0.0257147  0.00195795
-0.00959971           0    0.017831  0.00327081
  0.0257147   -0.017831           0 -0.00461218
-0.00195795 -0.00327081  0.00461218           0
Repeater1[0]<--->EndNode1[0]
REAL
   0.401902  -0.0026642 -0.00835429    0.320094
 -0.0026642    0.149822   0.0738455  0.00284465
-0.00835429   0.0738455    0.122473 -0.00146803
   0.320094  0.00284465 -0.00146803    0.325803
IMAGINARY
          0   0.0170653 -0.00153569  0.00615597
 -0.0170653           0 -0.00233918  0.00767484
 0.00153569  0.00233918           0   0.0259088
-0.00615597 -0.00767484  -0.0259088           0
Repeater1[0]<--->HoM1[0]
REAL
   0.366402  -0.0374542  -0.0120708    0.333654
 -0.0374542    0.137566   0.0755496  -0.0202675
 -0.0120708   0.0755496    0.119048 -0.00110302
   0.333654  -0.0202675 -0.00110302    0.376984
IMAGINARY
          0  -0.0257147  0.00959971  0.00195795
  0.0257147           0   -0.017831 -0.00461218
-0.00959971    0.017831           0  0.00327081
-0.00195795  0.00461218 -0.00327081           0
EndNode1[0]<--->Repeater1[0]
REAL
   0.420398  -0.0134288 -0.00974321    0.308366
 -0.0134288    0.136816   0.0837103 -0.00118575
-0.00974321   0.0837103    0.118159   -0.017992
   0.308366 -0.00118575   -0.017992    0.324627
IMAGINARY
          0   0.0188648 -0.00588948    0.011489
 -0.0188648           0  -0.0225424  -0.0285285
 0.00588948   0.0225424           0 -0.00697497
  -0.011489   0.0285285  0.00697497           0
EndNode2[0]<--->HoM1[0]
REAL
    0.386305  -0.00776489    0.0154771     0.339264
 -0.00776489     0.120155    0.0868571  -0.00756152
   0.0154771    0.0868571     0.140827 -0.000150677
    0.339264  -0.00756152 -0.000150677     0.352713
IMAGINARY
          0    0.025916 -0.00172074 -0.00690018
  -0.025916           0 -0.00248656  -0.0374815
 0.00172074  0.00248656           0  -0.0114731
 0.00690018   0.0374815   0.0114731           0
Repeater1[0]<--->EndNode1[0]
REAL
   0.420398 -0.00974321  -0.0134288    0.308366
-0.00974321    0.118159   0.0837103   -0.017992
 -0.0134288   0.0837103    0.136816 -0.00118575
   0.308366   -0.017992 -0.00118575    0.324627
IMAGINARY
          0 -0.00588948   0.0188648    0.011489
 0.00588948           0   0.0225424 -0.00697497
 -0.0188648  -0.0225424           0  -0.0285285
  -0.011489  0.00697497   0.0285285           0
Repeater1[0]<--->HoM1[0]
REAL
    0.386305    0.0154771  -0.00776489     0.339264
   0.0154771     0.140827    0.0868571 -0.000150677
 -0.00776489    0.0868571     0.120155  -0.00756152
    0.339264 -0.000150677  -0.00756152     0.352713
IMAGINARY
          0 -0.00172074    0.025916 -0.00690018
 0.00172074           0  0.00248656  -0.0114731
  -0.025916 -0.00248656           0  -0.0374815
 0.00690018   0.0114731   0.0374815           0
EndNode1[0]<--->Repeater1[0]
REAL
   0.395062  -0.0135749 -0.00326735    0.321966
 -0.0135749    0.150617   0.0699973 -0.00661407
-0.00326735   0.0699973    0.133333 -0.00421163
   0.321966 -0.00661407 -0.00421163    0.320988
IMAGINARY
          0   -0.008917   0.0174214 -0.00819334
   0.008917           0   0.0102796   0.0180117
 -0.0174214  -0.0102796           0 -0.00420636
 0.00819334  -0.0180117  0.00420636           0
EndNode2[0]<--->HoM1[0]
REAL
    0.355583   0.00478033   -0.0116676     0.331384
  0.00478033     0.110437    0.0908953    0.0129629
  -0.0116676    0.0908953     0.129854 -0.000894321
    0.331384    0.0129629 -0.000894321     0.404126
IMAGINARY
          0   0.0142201   0.0169911  0.00504726
 -0.0142201           0   -0.030428   0.0115415
 -0.0169911    0.030428           0  -0.0386766
-0.00504726  -0.0115415   0.0386766           0
Repeater1[0]<--->EndNode1[0]
REAL
   0.395062 -0.00326735  -0.0135749    0.321966
-0.00326735    0.133333   0.0699973 -0.00421163
 -0.0135749   0.0699973    0.150617 -0.00661407
   0.321966 -0.00421163 -0.00661407    0.320988
IMAGINARY
          0   0.0174214   -0.008917 -0.00819334
 -0.0174214           0  -0.0102796 -0.00420636
   0.008917   0.0102796           0   0.0180117
 0.00819334  0.00420636  -0.0180117           0
Repeater1[0]<--->HoM1[0]
REAL
    0.355583   -0.0116676   0.00478033     0.331384
  -0.0116676     0.129854    0.0908953 -0.000894321
  0.00478033    0.0908953     0.110437    0.0129629
    0.331384 -0.000894321    0.0129629     0.404126
IMAGINARY
          0   0.0169911   0.0142201  0.00504726
 -0.0169911           0    0.030428  -0.0386766
 -0.0142201   -0.030428           0   0.0115415
-0.00504726   0.0386766  -0.0115415           0
EndNode1[0]<--->Repeater1[0]
REAL
   0.376033 0.000481751   -0.027065    0.315773
0.000481751     0.15978   0.0697612  0.00882605
  -0.027065   0.0697612    0.115702  -0.0199786
   0.315773  0.00882605  -0.0199786    0.348485
IMAGINARY
           0  0.000929665    0.0139059    0.0270505
-0.000929665            0    0.0192583   -0.0194274
  -0.0139059   -0.0192583            0   0.00827279
  -0.0270505    0.0194274  -0.00827279            0
EndNode2[0]<--->HoM1[0]
REAL
   0.385604  -0.0137962 -0.00514906    0.328216
 -0.0137962    0.128535   0.0771731  0.00215505
-0.00514906   0.0771731    0.107969  0.00481419
   0.328216  0.00215505  0.00481419    0.377892
IMAGINARY
          0   0.0217817   0.0109854  -0.0312564
 -0.0217817           0  -0.0134699 -0.00333589
 -0.0109854   0.0134699           0 -0.00578724
  0.0312564  0.00333589  0.00578724           0
Repeater1[0]<--->EndNode1[0]
REAL
   0.376033   -0.027065 0.000481751    0.315773
  -0.027065    0.115702   0.0697612  -0.0199786
0.000481751   0.0697612     0.15978  0.00882605
   0.315773  -0.0199786  0.00882605    0.348485
IMAGINARY
           0    0.0139059  0.000929665    0.0270505
  -0.0139059            0   -0.0192583   0.00827279
-0.000929665    0.0192583            0   -0.0194274
  -0.0270505  -0.00827279    0.0194274            0
Repeater1[0]<--->HoM1[0]
REAL
   0.385604 -0.00514906  -0.0137962    0.328216
-0.00514906    0.107969   0.0771731  0.00481419
 -0.0137962   0.0771731    0.128535  0.00215505
   0.328216  0.00481419  0.00215505    0.377892
IMAGINARY
          0   0.0109854   0.0217817  -0.0312564
 -0.0109854           0   0.0134699 -0.00578724
 -0.0217817  -0.0134699           0 -0.00333589
  0.0312564  0.00578724  0.00333589           0
EndNode1[0]<--->Repeater1[0]
REAL
  0.358263  0.0250723 0.00781277   0.308351
 0.0250723   0.155609   0.093145  0.0183718
0.00781277   0.093145   0.124246 0.00984047
  0.308351  0.0183718 0.00984047   0.361882
IMAGINARY
          0  0.00065432   0.0209336  0.00997984
-0.00065432           0  0.00301605  -0.0235109
 -0.0209336 -0.00301605           0 -0.00709762
-0.00997984   0.0235109  0.00709762           0
EndNode2[0]<--->HoM1[0]
REAL
  0.381013 0.00876139  0.0150297   0.329245
0.00876139   0.122785  0.0853895 0.00800548
 0.0150297  0.0853895   0.110127 0.00749877
  0.329245 0.00800548 0.00749877   0.386076
IMAGINARY
           0  -0.00550814    0.0132949  -0.00101981
  0.00550814            0    0.0121036    0.0209872
  -0.0132949   -0.0121036            0 -0.000313335
  0.00101981   -0.0209872  0.000313335            0
Repeater1[0]<--->EndNode1[0]
REAL
  0.358263 0.00781277  0.0250723   0.308351
0.00781277   0.124246   0.093145 0.00984047
 0.0250723   0.093145   0.155609  0.0183718
  0.308351 0.00984047  0.0183718   0.361882
IMAGINARY
          0   0.0209336  0.00065432  0.00997984
 -0.0209336           0 -0.00301605 -0.00709762
-0.00065432  0.00301605           0  -0.0235109
-0.00997984  0.00709762   0.0235109           0
Repeater1[0]<--->HoM1[0]
REAL
  0.381013  0.0150297 0.00876139   0.329245
 0.0150297   0.110127  0.0853895 0.00749877
0.00876139  0.0853895   0.122785 0.00800548
  0.329245 0.00749877 0.00800548   0.386076
IMAGINARY
           0    0.0132949  -0.00550814  -0.00101981
  -0.0132949            0   -0.0121036 -0.000313335
  0.00550814    0.0121036            0    0.0209872
  0.00101981  0.000313335   -0.0209872            0
EndNode1[0]<--->Repeater1[0]
REAL
    0.383917 -0.000126322   0.00496444     0.299238
-0.000126322     0.141375    0.0853274   -0.0237712
  0.00496444    0.0853274     0.158236   -0.0199774
    0.299238   -0.0237712   -0.0199774     0.316472
IMAGINARY
          0 -0.00296172   0.0189539   0.0121512
 0.00296172           0  0.00331277  0.00466817
 -0.0189539 -0.00331277           0  -0.0049123
 -0.0121512 -0.00466817   0.0049123           0
EndNode2[0]<--->HoM1[0]
REAL
  0.382429 0.00237729 -0.0129123   0.333633
0.00237729   0.126615  0.0971461  0.0197108
-0.0129123  0.0971461   0.126615 0.00689342
  0.333633  0.0197108 0.00689342   0.364341
IMAGINARY
          0   -0.013539  -0.0252079   0.0312734
   0.013539           0 -0.00541136   0.0170998
  0.0252079  0.00541136           0   0.0040795
 -0.0312734  -0.0170998  -0.0040795           0
Repeater1[0]<--->EndNode1[0]
REAL
    0.383917   0.00496444 -0.000126322     0.299238
  0.00496444     0.158236    0.0853274   -0.0199774
-0.000126322    0.0853274     0.141375   -0.0237712
    0.299238   -0.0199774   -0.0237712     0.316472
IMAGINARY
          0   0.0189539 -0.00296172   0.0121512
 -0.0189539           0 -0.00331277  -0.0049123
 0.00296172  0.00331277           0  0.00466817
 -0.0121512   0.0049123 -0.00466817           0
Repeater1[0]<--->HoM1[0]
REAL
  0.382429 -0.0129123 0.00237729   0.333633
-0.0129123   0.126615  0.0971461 0.00689342
0.00237729  0.0971461   0.126615  0.0197108
  0.333633 0.00689342  0.0197108   0.364341
IMAGINARY
          0  -0.0252079   -0.013539   0.0312734
  0.0252079           0  0.00541136   0.0040795
   0.013539 -0.00541136           0   0.0170998
 -0.0312734  -0.0040795  -0.0170998           0
EndNode1[0]<--->Repeater1[0]
REAL
  0.395939 -0.0181318 -0.0155192   0.302849
-0.0181318   0.128173  0.0652251  0.0115614
-0.0155192  0.0652251   0.147208 0.00625845
  0.302849  0.0115614 0.00625845    0.32868
IMAGINARY
          0  0.00852803 -0.00231725   0.0327921
-0.00852803           0 -0.00497999   0.0109806
 0.00231725  0.00497999           0  -0.0072904
 -0.0327921  -0.0109806   0.0072904           0
EndNode2[0]<--->HoM1[0]
REAL
   0.388815   0.0102274 -0.00706358    0.319343
  0.0102274    0.139814    0.100346 -0.00459445
-0.00706358    0.100346    0.135819 -0.00893206
   0.319343 -0.00459445 -0.00893206    0.335553
IMAGINARY
          0   0.0195662   0.0115186  -0.0139146
 -0.0195662           0 -0.00237613  -0.0141571
 -0.0115186  0.00237613           0  0.00549973
  0.0139146   0.0141571 -0.00549973           0
Repeater1[0]<--->EndNode1[0]
REAL
  0.395939 -0.0155192 -0.0181318   0.302849
-0.0155192   0.147208  0.0652251 0.00625845
-0.0181318  0.0652251   0.128173  0.0115614
  0.302849 0.00625845  0.0115614    0.32868
IMAGINARY
          0 -0.00231725  0.00852803   0.0327921
 0.00231725           0  0.00497999  -0.0072904
-0.00852803 -0.00497999           0   0.0109806
 -0.0327921   0.0072904  -0.0109806           0
Repeater1[0]<--->HoM1[0]
REAL
   0.388815 -0.00706358   0.0102274    0.319343
-0.00706358    0.135819    0.100346 -0.00893206
  0.0102274    0.100346    0.139814 -0.00459445
   0.319343 -0.00893206 -0.00459445    0.335553
IMAGINARY
          0   0.0115186   0.0195662  -0.0139146
 -0.0115186           0  0.00237613  0.00549973
 -0.0195662 -0.00237613           0  -0.0141571
  0.0139146 -0.00549973   0.0141571           0
EndNode1[0]<--->Repeater1[0]
REAL
    0.384892   -0.0226864 -6.93889e-18     0.312746
  -0.0226864     0.153477    0.0751404  6.93889e-18
-6.93889e-18    0.0751404     0.128297    0.0110884
    0.312746  6.93889e-18    0.0110884     0.333333
IMAGINARY
          0  -0.0141033 -0.00565418   0.0172982
  0.0141033           0   0.0120351  0.00021283
 0.00565418  -0.0120351           0 -0.00826672
 -0.0172982 -0.00021283  0.00826672           0
EndNode2[0]<--->HoM1[0]
REAL
   0.418231  -0.0237127 -0.00413984    0.326172
 -0.0237127    0.115282   0.0726902 -0.00154916
-0.00413984   0.0726902    0.117962   0.0129668
   0.326172 -0.00154916   0.0129668    0.348525
IMAGINARY
          0 -0.00147655   0.0320072  0.00175023
 0.00147655           0   0.0060342 -0.00693754
 -0.0320072  -0.0060342           0 -0.00548724
-0.00175023  0.00693754  0.00548724           0
Repeater1[0]<--->EndNode1[0]
REAL
    0.384892 -6.93889e-18   -0.0226864     0.312746
-6.93889e-18     0.128297    0.0751404    0.0110884
  -0.0226864    0.0751404     0.153477  6.93889e-18
    0.312746    0.0110884  6.93889e-18     0.333333
IMAGINARY
          0 -0.00565418  -0.0141033   0.0172982
 0.00565418           0  -0.0120351 -0.00826672
  0.0141033   0.0120351           0  0.00021283
 -0.0172982  0.00826672 -0.00021283           0
Repeater1[0]<--->HoM1[0]
REAL
   0.418231 -0.00413984  -0.0237127    0.326172
-0.00413984    0.117962   0.0726902   0.0129668
 -0.0237127   0.0726902    0.115282 -0.00154916
   0.326172   0.0129668 -0.00154916    0.348525
IMAGINARY
          0   0.0320072 -0.00147655  0.00175023
 -0.0320072           0  -0.0060342 -0.00548724
 0.00147655   0.0060342           0 -0.00693754
-0.00175023  0.00548724  0.00693754           0
EndNode1[0]<--->Repeater1[0]
REAL
  0.377525 -0.0126903  0.0017116   0.309647
-0.0126903   0.141414   0.073822 -0.0220368
 0.0017116   0.073822   0.132576 0.00862521
  0.309647 -0.0220368 0.00862521   0.348485
IMAGINARY
          0 -0.00419584  -0.0217017 -0.00678249
 0.00419584           0 -0.00541263  0.00108313
  0.0217017  0.00541263           0 -0.00482477
 0.00678249 -0.00108313  0.00482477           0
EndNode2[0]<--->HoM1[0]
REAL
    0.352246   0.00934861  0.000323415     0.318616
  0.00934861     0.135934     0.085639 -0.000323415
 0.000323415     0.085639     0.118203  -0.00934861
    0.318616 -0.000323415  -0.00934861     0.393617
IMAGINARY
          0  0.00729131  0.00760334  -0.0109369
-0.00729131           0  0.00684968   0.0184314
-0.00760334 -0.00684968           0  0.00405716
  0.0109369  -0.0184314 -0.00405716           0
Repeater1[0]<--->EndNode1[0]
REAL
  0.377525  0.0017116 -0.0126903   0.309647
 0.0017116   0.132576   0.073822 0.00862521
-0.0126903   0.073822   0.141414 -0.0220368
  0.309647 0.00862521 -0.0220368   0.348485
IMAGINARY
          0  -0.0217017 -0.00419584 -0.00678249
  0.0217017           0  0.00541263 -0.00482477
 0.00419584 -0.00541263           0  0.00108313
 0.00678249  0.00482477 -0.00108313           0
Repeater1[0]<--->HoM1[0]
REAL
    0.352246  0.000323415   0.00934861     0.318616
 0.000323415     0.118203     0.085639  -0.00934861
  0.00934861     0.085639     0.135934 -0.000323415
    0.318616  -0.00934861 -0.000323415     0.393617
IMAGINARY
          0  0.00760334  0.00729131  -0.0109369
-0.00760334           0 -0.00684968  0.00405716
-0.00729131  0.00684968           0   0.0184314
  0.0109369 -0.00405716  -0.0184314           0
EndNode1[0]<--->Repeater1[0]
REAL
   0.386282   0.0170621 -0.00137281    0.309976
  0.0170621    0.140794   0.0680403   0.0201396
-0.00137281   0.0680403    0.129964  0.00840702
   0.309976   0.0201396  0.00840702     0.34296
IMAGINARY
          0   0.0242812 -0.00515477 -0.00357703
 -0.0242812           0  -0.0119425 -0.00452265
 0.00515477   0.0119425           0    0.016364
 0.00357703  0.00452265   -0.016364           0
EndNode2[0]<--->HoM1[0]
REAL
   0.392082 -0.00461597  -0.0043546    0.340445
-0.00461597    0.111111   0.0782967   0.0246691
 -0.0043546   0.0782967    0.146871  0.00920313
   0.340445   0.0246691  0.00920313    0.349936
IMAGINARY
           0    0.0268017  -0.00354684   0.00926165
  -0.0268017            0 -0.000196102   -0.0284225
  0.00354684  0.000196102            0    0.0230704
 -0.00926165    0.0284225   -0.0230704            0
Repeater1[0]<--->EndNode1[0]
REAL
   0.386282 -0.00137281   0.0170621    0.309976
-0.00137281    0.129964   0.0680403  0.00840702
  0.0170621   0.0680403    0.140794   0.0201396
   0.309976  0.00840702   0.0201396     0.34296
IMAGINARY
          0 -0.00515477   0.0242812 -0.00357703
 0.00515477           0   0.0119425    0.016364
 -0.0242812  -0.0119425           0 -0.00452265
 0.00357703   -0.016364  0.00452265           0
Repeater1[0]<--->HoM1[0]
REAL
   0.392082  -0.0043546 -0.00461597    0.340445
 -0.0043546    0.146871   0.0782967  0.00920313
-0.00461597   0.0782967    0.111111   0.0246691
   0.340445  0.00920313   0.0246691    0.349936
IMAGINARY
           0  -0.00354684    0.0268017   0.00926165
  0.00354684            0  0.000196102    0.0230704
  -0.0268017 -0.000196102            0   -0.0284225
 -0.00926165   -0.0230704    0.0284225            0
EndNode1[0]<--->Repeater1[0]
REAL
  0.395833  0.0105244 0.00921933   0.333059
 0.0105244   0.136719  0.0925916 0.00255266
0.00921933  0.0925916   0.139323  0.0037259
  0.333059 0.00255266  0.0037259   0.328125
IMAGINARY
          0   0.0100552    0.013081  -0.0176875
 -0.0100552           0   0.0129514  0.00598421
  -0.013081  -0.0129514           0  -0.0106702
  0.0176875 -0.00598421   0.0106702           0
EndNode2[0]<--->HoM1[0]
REAL
  0.366013 -0.0087941      0.002   0.322904
-0.0087941   0.129412  0.0757628      0.002
     0.002  0.0757628   0.139869 0.00746077
  0.322904      0.002 0.00746077   0.364706
IMAGINARY
          0   0.0153554  -0.0332823 -0.00525838
 -0.0153554           0 -0.00779645   -0.010555
  0.0332823  0.00779645           0 -0.00582557
 0.00525838    0.010555  0.00582557           0
Repeater1[0]<--->EndNode1[0]
REAL
  0.395833 0.00921933  0.0105244   0.333059
0.00921933   0.139323  0.0925916  0.0037259
 0.0105244  0.0925916   0.136719 0.00255266
  0.333059  0.0037259 0.00255266   0.328125
IMAGINARY
          0    0.013081   0.0100552  -0.0176875
  -0.013081           0  -0.0129514  -0.0106702
 -0.0100552   0.0129514           0  0.00598421
  0.0176875   0.0106702 -0.00598421           0
Repeater1[0]<--->HoM1[0]
REAL
  0.366013      0.002 -0.0087941   0.322904
     0.002   0.139869  0.0757628 0.00746077
-0.0087941  0.0757628   0.129412      0.002
  0.322904 0.00746077      0.002   0.364706
IMAGINARY
          0  -0.0332823   0.0153554 -0.00525838
  0.0332823           0  0.00779645 -0.00582557
 -0.0153554 -0.00779645           0   -0.010555
 0.00525838  0.00582557    0.010555           0
EndNode1[0]<--->Repeater1[0]
REAL
   0.398943 -0.00539804   0.0174023    0.306713
-0.00539804    0.116248   0.0863221  -0.0124272
  0.0174023   0.0863221    0.133421   0.0203234
   0.306713  -0.0124272   0.0203234    0.351387
IMAGINARY
          0   0.0191656   -0.011558  -0.0102347
 -0.0191656           0  -0.0266075 -0.00370456
   0.011558   0.0266075           0 -0.00268209
  0.0102347  0.00370456  0.00268209           0
EndNode2[0]<--->HoM1[0]
REAL
   0.342239 0.000569357  0.00170605    0.334513
0.000569357    0.117048   0.0738744 -0.00364154
 0.00170605   0.0738744     0.14631  -0.0141177
   0.334513 -0.00364154  -0.0141177    0.394402
IMAGINARY
          0   0.0165853  0.00178898  -0.0069719
 -0.0165853           0   0.0262745  0.00884932
-0.00178898  -0.0262745           0  -0.0298831
  0.0069719 -0.00884932   0.0298831           0
Repeater1[0]<--->EndNode1[0]
REAL
   0.398943   0.0174023 -0.00539804    0.306713
  0.0174023    0.133421   0.0863221   0.0203234
-0.00539804   0.0863221    0.116248  -0.0124272
   0.306713   0.0203234  -0.0124272    0.351387
IMAGINARY
          0   -0.011558   0.0191656  -0.0102347
   0.011558           0   0.0266075 -0.00268209
 -0.0191656  -0.0266075           0 -0.00370456
  0.0102347  0.00268209  0.00370456           0
Repeater1[0]<--->HoM1[0]
REAL
   0.342239  0.00170605 0.000569357    0.334513
 0.00170605     0.14631   0.0738744  -0.0141177
0.000569357   0.0738744    0.117048 -0.00364154
   0.334513  -0.0141177 -0.00364154    0.394402
IMAGINARY
          0  0.00178898   0.0165853  -0.0069719
-0.00178898           0  -0.0262745  -0.0298831
 -0.0165853   0.0262745           0  0.00884932
  0.0069719   0.0298831 -0.00884932           0
EndNode1[0]<--->Repeater1[0]
REAL
  0.393258  0.0254205  0.0233419    0.31083
 0.0254205   0.121099  0.0705879 0.00355297
 0.0233419  0.0705879   0.127341  0.0149218
   0.31083 0.00355297  0.0149218   0.358302
IMAGINARY
          0  0.00299965 -0.00922378   0.0100707
-0.00299965           0 -0.00743907 -0.00490812
 0.00922378  0.00743907           0  0.00171099
 -0.0100707  0.00490812 -0.00171099           0
EndNode2[0]<--->HoM1[0]
REAL
   0.382924 -0.00807335  -0.0184148    0.323051
-0.00807335     0.10608   0.0830768   0.0229781
 -0.0184148   0.0830768    0.129366    0.010029
   0.323051   0.0229781    0.010029     0.38163
IMAGINARY
          0  0.00938599   -0.004018  0.00997776
-0.00938599           0 -0.00423063  0.00337117
   0.004018  0.00423063           0  -0.0177948
-0.00997776 -0.00337117   0.0177948           0
Repeater1[0]<--->EndNode1[0]
REAL
  0.393258  0.0233419  0.0254205    0.31083
 0.0233419   0.127341  0.0705879  0.0149218
 0.0254205  0.0705879   0.121099 0.00355297
   0.31083  0.0149218 0.00355297   0.358302
IMAGINARY
          0 -0.00922378  0.00299965   0.0100707
 0.00922378           0  0.00743907  0.00171099
-0.00299965 -0.00743907           0 -0.00490812
 -0.0100707 -0.00171099  0.00490812           0
Repeater1[0]<--->HoM1[0]
REAL
   0.382924  -0.0184148 -0.00807335    0.323051
 -0.0184148    0.129366   0.0830768    0.010029
-0.00807335   0.0830768     0.10608   0.0229781
   0.323051    0.010029   0.0229781     0.38163
IMAGINARY
          0   -0.004018  0.00938599  0.00997776
   0.004018           0  0.00423063  -0.0177948
-0.00938599 -0.00423063           0  0.00337117
-0.00997776   0.0177948 -0.00337117           0
EndNode1[0]<--->Repeater1[0]
REAL
    0.394495  -0.00264535    0.0215379     0.315835
 -0.00264535     0.144168    0.0811665 -2.54782e-05
   0.0215379    0.0811665      0.12713   0.00460102
    0.315835 -2.54782e-05   0.00460102     0.334207
IMAGINARY
          0 -0.00957555   0.0171583  -0.0113262
 0.00957555           0  0.00820508 -0.00902309
 -0.0171583 -0.00820508           0   0.0164592
  0.0113262  0.00902309  -0.0164592           0
EndNode2[0]<--->HoM1[0]
REAL
   0.369681  -0.0194033  -0.0133546    0.336136
 -0.0194033    0.132979   0.0784827  0.00753313
 -0.0133546   0.0784827    0.132979 0.000645259
   0.336136  0.00753313 0.000645259    0.364362
IMAGINARY
          0 -0.00419399   0.0024317 -0.00602254
 0.00419399           0 -0.00905284  -0.0100848
 -0.0024317  0.00905284           0   0.0373573
 0.00602254   0.0100848  -0.0373573           0
Repeater1[0]<--->EndNode1[0]
REAL
    0.394495    0.0215379  -0.00264535     0.315835
   0.0215379      0.12713    0.0811665   0.00460102
 -0.00264535    0.0811665     0.144168 -2.54782e-05
    0.315835   0.00460102 -2.54782e-05     0.334207
IMAGINARY
          0   0.0171583 -0.00957555  -0.0113262
 -0.0171583           0 -0.00820508   0.0164592
 0.00957555  0.00820508           0 -0.00902309
  0.0113262  -0.0164592  0.00902309           0
Repeater1[0]<--->HoM1[0]
REAL
   0.369681  -0.0133546  -0.0194033    0.336136
 -0.0133546    0.132979   0.0784827 0.000645259
 -0.0194033   0.0784827    0.132979  0.00753313
   0.336136 0.000645259  0.00753313    0.364362
IMAGINARY
          0   0.0024317 -0.00419399 -0.00602254
 -0.0024317           0  0.00905284   0.0373573
 0.00419399 -0.00905284           0  -0.0100848
 0.00602254  -0.0373573   0.0100848           0
EndNode1[0]<--->Repeater1[0]
REAL
  0.397484  0.0015835 0.00432033   0.323727
 0.0015835   0.124528  0.0747502 -0.0119345
0.00432033  0.0747502   0.125786 0.00095457
  0.323727 -0.0119345 0.00095457   0.352201
IMAGINARY
          0   0.0106117 -0.00375171   0.0302873
 -0.0106117           0  0.00968807 -0.00375171
 0.00375171 -0.00968807           0   0.0187198
 -0.0302873  0.00375171  -0.0187198           0
EndNode2[0]<--->HoM1[0]
REAL
   0.361282  -0.0208273 -0.00646362    0.324809
 -0.0208273      0.1418   0.0889842 -0.00954623
-0.00646362   0.0889842    0.115906  -0.0124239
   0.324809 -0.00954623  -0.0124239    0.381011
IMAGINARY
          0  0.00410559  -0.0189603 -0.00198373
-0.00410559           0  0.00134516 -0.00423558
  0.0189603 -0.00134516           0    0.012647
 0.00198373  0.00423558   -0.012647           0
Repeater1[0]<--->EndNode1[0]
REAL
  0.397484 0.00432033  0.0015835   0.323727
0.00432033   0.125786  0.0747502 0.00095457
 0.0015835  0.0747502   0.124528 -0.0119345
  0.323727 0.00095457 -0.0119345   0.352201
IMAGINARY
          0 -0.00375171   0.0106117   0.0302873
 0.00375171           0 -0.00968807   0.0187198
 -0.0106117  0.00968807           0 -0.00375171
 -0.0302873  -0.0187198  0.00375171           0
Repeater1[0]<--->HoM1[0]
REAL
   0.361282 -0.00646362  -0.0208273    0.324809
-0.00646362    0.115906   0.0889842  -0.0124239
 -0.0208273   0.0889842      0.1418 -0.00954623
   0.324809  -0.0124239 -0.00954623    0.381011
IMAGINARY
          0  -0.0189603  0.00410559 -0.00198373
  0.0189603           0 -0.00134516    0.012647
-0.00410559  0.00134516           0 -0.00423558
 0.00198373   -0.012647  0.00423558           0
EndNode1[0]<--->Repeater1[0]
REAL
     0.3875 -0.00913132  -0.0136786    0.309936
-0.00913132     0.12875   0.0806893  -0.0149672
 -0.0136786   0.0806893     0.12625   -0.011702
   0.309936  -0.0149672   -0.011702      0.3575
IMAGINARY
          0  -0.0196367    -0.01914  -0.0290276
  0.0196367           0   0.0145622 -0.00576421
    0.01914  -0.0145622           0 -0.00399041
  0.0290276  0.00576421  0.00399041           0
EndNode2[0]<--->HoM1[0]
REAL
  0.363636 -0.0052656  -0.026238   0.341326
-0.0052656   0.135065  0.0779675 0.00164785
 -0.026238  0.0779675   0.131169 -0.0268908
  0.341326 0.00164785 -0.0268908    0.37013
IMAGINARY
          0  -0.0117345 -0.00380703  -0.0150952
  0.0117345           0  0.00434928 -0.00764335
 0.00380703 -0.00434928           0  0.00282863
  0.0150952  0.00764335 -0.00282863           0
Repeater1[0]<--->EndNode1[0]
REAL
     0.3875  -0.0136786 -0.00913132    0.309936
 -0.0136786     0.12625   0.0806893   -0.011702
-0.00913132   0.0806893     0.12875  -0.0149672
   0.309936   -0.011702  -0.0149672      0.3575
IMAGINARY
          0    -0.01914  -0.0196367  -0.0290276
    0.01914           0  -0.0145622 -0.00399041
  0.0196367   0.0145622           0 -0.00576421
  0.0290276  0.00399041  0.00576421           0
Repeater1[0]<--->HoM1[0]
REAL
  0.363636  -0.026238 -0.0052656   0.341326
 -0.026238   0.131169  0.0779675 -0.0268908
-0.0052656  0.0779675   0.135065 0.00164785
  0.341326 -0.0268908 0.00164785    0.37013
IMAGINARY
          0 -0.00380703  -0.0117345  -0.0150952
 0.00380703           0 -0.00434928  0.00282863
  0.0117345  0.00434928           0 -0.00764335
  0.0150952 -0.00282863  0.00764335           0
EndNode1[0]<--->Repeater1[0]
REAL
   0.405303  -0.0206844 -0.00158831    0.329561
 -0.0206844    0.113636   0.0798874  0.00158831
-0.00158831   0.0798874    0.159091 0.000999317
   0.329561  0.00158831 0.000999317     0.32197
IMAGINARY
           0  0.000325945    0.0134121   0.00835633
-0.000325945            0    0.0115905   0.00158142
  -0.0134121   -0.0115905            0  0.000325945
 -0.00835633  -0.00158142 -0.000325945            0
EndNode2[0]<--->HoM1[0]
REAL
  0.407713 0.00702656  0.0232283   0.312913
0.00702656   0.115702  0.0789107   0.010105
 0.0232283  0.0789107   0.107438  0.0263068
  0.312913   0.010105  0.0263068   0.369146
IMAGINARY
          0   0.0138343  -0.0205575  0.00641175
 -0.0138343           0  -0.0040194 -0.00641867
  0.0205575   0.0040194           0   0.0181607
-0.00641175  0.00641867  -0.0181607           0
Repeater1[0]<--->EndNode1[0]
REAL
   0.405303 -0.00158831  -0.0206844    0.329561
-0.00158831    0.159091   0.0798874 0.000999317
 -0.0206844   0.0798874    0.113636  0.00158831
   0.329561 0.000999317  0.00158831     0.32197
IMAGINARY
           0    0.0134121  0.000325945   0.00835633
  -0.0134121            0   -0.0115905  0.000325945
-0.000325945    0.0115905            0   0.00158142
 -0.00835633 -0.000325945  -0.00158142            0
Repeater1[0]<--->HoM1[0]
REAL
  0.407713  0.0232283 0.00702656   0.312913
 0.0232283   0.107438  0.0789107  0.0263068
0.00702656  0.0789107   0.115702   0.010105
  0.312913  0.0263068   0.010105   0.369146
IMAGINARY
          0  -0.0205575   0.0138343  0.00641175
  0.0205575           0   0.0040194   0.0181607
 -0.0138343  -0.0040194           0 -0.00641867
-0.00641175  -0.0181607  0.00641867           0
EndNode1[0]<--->Repeater1[0]
REAL
    0.38825  0.00897143  0.00356265    0.300258
 0.00897143    0.130268    0.101462  0.00626536
 0.00356265    0.101462    0.127714 0.000856577
   0.300258  0.00626536 0.000856577    0.353768
IMAGINARY
          0 -0.00310607  -0.0176059   0.0028445
 0.00310607           0  -0.0028445  -0.0044825
  0.0176059   0.0028445           0   0.0265331
 -0.0028445   0.0044825  -0.0265331           0
EndNode2[0]<--->HoM1[0]
REAL
   0.389323    -0.02253  -0.0177217    0.339472
   -0.02253       0.125   0.0776265  -0.0146617
 -0.0177217   0.0776265       0.125 -0.00726279
   0.339472  -0.0146617 -0.00726279    0.360677
IMAGINARY
           0   -0.0160203     0.016941   0.00170896
   0.0160203            0   0.00501147   -0.0119535
   -0.016941  -0.00501147            0 -0.000189171
 -0.00170896    0.0119535  0.000189171            0
Repeater1[0]<--->EndNode1[0]
REAL
    0.38825  0.00356265  0.00897143    0.300258
 0.00356265    0.127714    0.101462 0.000856577
 0.00897143    0.101462    0.130268  0.00626536
   0.300258 0.000856577  0.00626536    0.353768
IMAGINARY
          0  -0.0176059 -0.00310607   0.0028445
  0.0176059           0   0.0028445   0.0265331
 0.00310607  -0.0028445           0  -0.0044825
 -0.0028445  -0.0265331   0.0044825           0
Repeater1[0]<--->HoM1[0]
REAL
   0.389323  -0.0177217    -0.02253    0.339472
 -0.0177217       0.125   0.0776265 -0.00726279
   -0.02253   0.0776265       0.125  -0.0146617
   0.339472 -0.00726279  -0.0146617    0.360677
IMAGINARY
           0     0.016941   -0.0160203   0.00170896
   -0.016941            0  -0.00501147 -0.000189171
   0.0160203   0.00501147            0   -0.0119535
 -0.00170896  0.000189171    0.0119535            0
EndNode1[0]<--->Repeater1[0]
REAL
   0.378173  0.00975587   0.0119825    0.307357
 0.00975587    0.125635   0.0975909 -0.00156586
  0.0119825   0.0975909    0.147208 -0.00584962
   0.307357 -0.00156586 -0.00584962    0.348985
IMAGINARY
          0   0.0161623  -0.0220994  -0.0181944
 -0.0161623           0  0.00427032  -0.0116007
  0.0220994 -0.00427032           0   0.0161623
  0.0181944   0.0116007  -0.0161623           0
EndNode2[0]<--->HoM1[0]
REAL
  0.397004 0.00278937 0.00811394   0.333155
0.00278937   0.142322   0.071865 0.00477616
0.00811394   0.071865   0.126092  0.0128144
  0.333155 0.00477616  0.0128144   0.334582
IMAGINARY
           0   0.00603178 -0.000764007    0.0276177
 -0.00603178            0   0.00404453   -0.0218166
 0.000764007  -0.00404453            0   0.00235531
  -0.0276177    0.0218166  -0.00235531            0
Repeater1[0]<--->EndNode1[0]
REAL
   0.378173   0.0119825  0.00975587    0.307357
  0.0119825    0.147208   0.0975909 -0.00584962
 0.00975587   0.0975909    0.125635 -0.00156586
   0.307357 -0.00584962 -0.00156586    0.348985
IMAGINARY
          0  -0.0220994   0.0161623  -0.0181944
  0.0220994           0 -0.00427032   0.0161623
 -0.0161623  0.00427032           0  -0.0116007
  0.0181944  -0.0161623   0.0116007           0
Repeater1[0]<--->HoM1[0]
REAL
  0.397004 0.00811394 0.00278937   0.333155
0.00811394   0.126092   0.071865  0.0128144
0.00278937   0.071865   0.142322 0.00477616
  0.333155  0.0128144 0.00477616   0.334582
IMAGINARY
           0 -0.000764007   0.00603178    0.0276177
 0.000764007            0  -0.00404453   0.00235531
 -0.00603178   0.00404453            0   -0.0218166
  -0.0276177  -0.00235531    0.0218166            0
EndNode1[0]<--->Repeater1[0]
REAL
   0.38648 0.00424448  -0.014907   0.332222
0.00424448   0.135204  0.0790891 0.00462424
 -0.014907  0.0790891   0.140306 -0.0106712
  0.332222 0.00462424 -0.0106712    0.33801
IMAGINARY
           0   -0.0103035    0.0141274   -0.0221509
   0.0103035            0    0.0135187   0.00466962
  -0.0141274   -0.0135187            0  0.000278474
   0.0221509  -0.00466962 -0.000278474            0
EndNode2[0]<--->HoM1[0]
REAL
    0.384615 -0.000664179   -0.0149055      0.30395
-0.000664179     0.120513     0.100625  -0.00274158
  -0.0149055     0.100625     0.117949  1.05845e-05
     0.30395  -0.00274158  1.05845e-05     0.376923
IMAGINARY
          0  0.00640042   0.0216386  0.00947507
-0.00640042           0  -0.0101072   0.0167246
 -0.0216386   0.0101072           0  0.00127221
-0.00947507  -0.0167246 -0.00127221           0
Repeater1[0]<--->EndNode1[0]
REAL
   0.38648  -0.014907 0.00424448   0.332222
 -0.014907   0.140306  0.0790891 -0.0106712
0.00424448  0.0790891   0.135204 0.00462424
  0.332222 -0.0106712 0.00462424    0.33801
IMAGINARY
           0    0.0141274   -0.0103035   -0.0221509
  -0.0141274            0   -0.0135187  0.000278474
   0.0103035    0.0135187            0   0.00466962
   0.0221509 -0.000278474  -0.00466962            0
Repeater1[0]<--->HoM1[0]
REAL
    0.384615   -0.0149055 -0.000664179      0.30395
  -0.0149055     0.117949     0.100625  1.05845e-05
-0.000664179     0.100625     0.120513  -0.00274158
     0.30395  1.05845e-05  -0.00274158     0.376923
IMAGINARY
          0   0.0216386  0.00640042  0.00947507
 -0.0216386           0   0.0101072  0.00127221
-0.00640042  -0.0101072           0   0.0167246
-0.00947507 -0.00127221  -0.0167246           0
EndNode1[0]<--->Repeater1[0]
REAL
   0.403822   0.0107584 -0.00934512    0.312732
  0.0107584    0.101911   0.0808288 0.000803728
-0.00934512   0.0808288    0.150318  -0.0101013
   0.312732 0.000803728  -0.0101013    0.343949
IMAGINARY
          0   0.0112383  0.00952688  -0.0121733
 -0.0112383           0   0.0015083 -0.00684592
-0.00952688  -0.0015083           0 -0.00855735
  0.0121733  0.00684592  0.00855735           0
EndNode2[0]<--->HoM1[0]
REAL
   0.352868  -0.0178153  0.00478484    0.337123
 -0.0178153    0.144638   0.0730483 -0.00544534
 0.00478484   0.0730483    0.110973 -0.00398129
   0.337123 -0.00544534 -0.00398129    0.391521
IMAGINARY
           0    0.0153462   -0.0167475   -0.0108011
  -0.0153462            0  8.23467e-05   0.00736415
   0.0167475 -8.23467e-05            0  -0.00864374
   0.0108011  -0.00736415   0.00864374            0
Repeater1[0]<--->EndNode1[0]
REAL
   0.403822 -0.00934512   0.0107584    0.312732
-0.00934512    0.150318   0.0808288  -0.0101013
  0.0107584   0.0808288    0.101911 0.000803728
   0.312732  -0.0101013 0.000803728    0.343949
IMAGINARY
          0  0.00952688   0.0112383  -0.0121733
-0.00952688           0  -0.0015083 -0.00855735
 -0.0112383   0.0015083           0 -0.00684592
  0.0121733  0.00855735  0.00684592           0
Repeater1[0]<--->HoM1[0]
REAL
   0.352868  0.00478484  -0.0178153    0.337123
 0.00478484    0.110973   0.0730483 -0.00398129
 -0.0178153   0.0730483    0.144638 -0.00544534
   0.337123 -0.00398129 -0.00544534    0.391521
IMAGINARY
           0   -0.0167475    0.0153462   -0.0108011
   0.0167475            0 -8.23467e-05  -0.00864374
  -0.0153462  8.23467e-05            0   0.00736415
   0.0108011   0.00864374  -0.00736415            0
EndNode1[0]<--->Repeater1[0]
REAL
  0.406692 -0.0110944 0.00362071   0.318224
-0.0110944   0.129987  0.0632573 0.00502127
0.00362071  0.0632573   0.133848 0.00245241
  0.318224 0.00502127 0.00245241   0.329472
IMAGINARY
          0  0.00283516 -0.00542736   0.0133597
-0.00283516           0  0.00345221   0.0180101
 0.00542736 -0.00345221           0  -0.0220405
 -0.0133597  -0.0180101   0.0220405           0
EndNode2[0]<--->HoM1[0]
REAL
    0.415118   0.00811053   0.00847726     0.333181
  0.00811053     0.121437    0.0798064 -0.000685048
  0.00847726    0.0798064      0.11772      0.01137
    0.333181 -0.000685048      0.01137     0.345725
IMAGINARY
          0  -0.0120767  0.00685299   0.0015575
  0.0120767           0  0.00961202  0.00357645
-0.00685299 -0.00961202           0 -0.00939571
 -0.0015575 -0.00357645  0.00939571           0
Repeater1[0]<--->EndNode1[0]
REAL
  0.406692 0.00362071 -0.0110944   0.318224
0.00362071   0.133848  0.0632573 0.00245241
-0.0110944  0.0632573   0.129987 0.00502127
  0.318224 0.00245241 0.00502127   0.329472
IMAGINARY
          0 -0.00542736  0.00283516   0.0133597
 0.00542736           0 -0.00345221  -0.0220405
-0.00283516  0.00345221           0   0.0180101
 -0.0133597   0.0220405  -0.0180101           0
Repeater1[0]<--->HoM1[0]
REAL
    0.415118   0.00847726   0.00811053     0.333181
  0.00847726      0.11772    0.0798064      0.01137
  0.00811053    0.0798064     0.121437 -0.000685048
    0.333181      0.01137 -0.000685048     0.345725
IMAGINARY
          0  0.00685299  -0.0120767   0.0015575
-0.00685299           0 -0.00961202 -0.00939571
  0.0120767  0.00961202           0  0.00357645
 -0.0015575  0.00939571 -0.00357645           0
EndNode1[0]<--->Repeater1[0]
REAL
    0.40544   0.0118162  0.00955501    0.312778
  0.0118162    0.130829   0.0885549 -0.00688835
 0.00955501   0.0885549    0.110104 -0.00914951
   0.312778 -0.00688835 -0.00914951    0.353627
IMAGINARY
           0  0.000285898    0.0170245   0.00670129
-0.000285898            0  -0.00234264  -0.00646546
  -0.0170245   0.00234264            0   -0.0232673
 -0.00670129   0.00646546    0.0232673            0
EndNode2[0]<--->HoM1[0]
REAL
  0.371846 0.00757576  -0.008078   0.350387
0.00757576   0.138114  0.0863716  0.0258646
 -0.008078  0.0863716   0.124834 0.00757576
  0.350387  0.0258646 0.00757576   0.365206
IMAGINARY
          0  0.00256901  -0.0200534   0.0020877
-0.00256901           0   0.0204123  0.00375613
  0.0200534  -0.0204123           0   0.0124245
 -0.0020877 -0.00375613  -0.0124245           0
