EndNode1[0]<--->Repeater1[0]
REAL
   0.385176  0.00274866 -0.00856532    0.309059
 0.00274866    0.125152   0.0865387  0.00919425
-0.00856532   0.0865387    0.138518 -0.00589331
   0.309059  0.00919425 -0.00589331    0.351154
IMAGINARY
          0  -0.0150913  0.00543121   0.0046227
  0.0150913           0  -0.0033138   0.0160165
-0.00543121   0.0033138           0  -0.0157398
 -0.0046227  -0.0160165   0.0157398           0
EndNode2[0]<--->HoM1[0]
REAL
   0.387586  0.00968004 0.000353497    0.314972
 0.00968004    0.128276    0.100148  0.00229902
0.000353497    0.100148    0.142069  0.00093004
   0.314972  0.00229902  0.00093004    0.342069
IMAGINARY
          0 -0.00269248  -0.0170175   0.0206534
 0.00269248           0  -0.0115182 -0.00936442
  0.0170175   0.0115182           0   0.0278181
 -0.0206534  0.00936442  -0.0278181           0
Repeater1[0]<--->EndNode1[0]
REAL
   0.385176 -0.00856532  0.00274866    0.309059
-0.00856532    0.138518   0.0865387 -0.00589331
 0.00274866   0.0865387    0.125152  0.00919425
   0.309059 -0.00589331  0.00919425    0.351154
IMAGINARY
          0  0.00543121  -0.0150913   0.0046227
-0.00543121           0   0.0033138  -0.0157398
  0.0150913  -0.0033138           0   0.0160165
 -0.0046227   0.0157398  -0.0160165           0
Repeater1[0]<--->HoM1[0]
REAL
   0.387586 0.000353497  0.00968004    0.314972
0.000353497    0.142069    0.100148  0.00093004
 0.00968004    0.100148    0.128276  0.00229902
   0.314972  0.00093004  0.00229902    0.342069
IMAGINARY
          0  -0.0170175 -0.00269248   0.0206534
  0.0170175           0   0.0115182   0.0278181
 0.00269248  -0.0115182           0 -0.00936442
 -0.0206534  -0.0278181  0.00936442           0
EndNode1[0]<--->Repeater1[0]
REAL
  0.389831    0.02765  0.0151599   0.325358
   0.02765   0.130378  0.0874694  0.0190866
 0.0151599  0.0874694   0.143416 0.00161527
  0.325358  0.0190866 0.00161527   0.336375
IMAGINARY
          0  0.00434783 -0.00149457  0.00854307
-0.00434783           0  -0.0275786  -0.0202446
 0.00149457   0.0275786           0   0.0186335
-0.00854307   0.0202446  -0.0186335           0
EndNode2[0]<--->HoM1[0]
REAL
    0.37751 -0.00533168  0.00531995    0.335767
-0.00533168    0.137885   0.0743455 -0.00219885
 0.00531995   0.0743455    0.121821  0.00845278
   0.335767 -0.00219885  0.00845278    0.362784
IMAGINARY
          0  0.00124986  -0.0144298  0.00061642
-0.00124986           0   0.0156437   0.0017394
  0.0144298  -0.0156437           0 -0.00378793
-0.00061642  -0.0017394  0.00378793           0
Repeater1[0]<--->EndNode1[0]
REAL
  0.389831  0.0151599    0.02765   0.325358
 0.0151599   0.143416  0.0874694 0.00161527
   0.02765  0.0874694   0.130378  0.0190866
  0.325358 0.00161527  0.0190866   0.336375
IMAGINARY
          0 -0.00149457  0.00434783  0.00854307
 0.00149457           0   0.0275786   0.0186335
-0.00434783  -0.0275786           0  -0.0202446
-0.00854307  -0.0186335   0.0202446           0
Repeater1[0]<--->HoM1[0]
REAL
    0.37751  0.00531995 -0.00533168    0.335767
 0.00531995    0.121821   0.0743455  0.00845278
-0.00533168   0.0743455    0.137885 -0.00219885
   0.335767  0.00845278 -0.00219885    0.362784
IMAGINARY
          0  -0.0144298  0.00124986  0.00061642
  0.0144298           0  -0.0156437 -0.00378793
-0.00124986   0.0156437           0   0.0017394
-0.00061642  0.00378793  -0.0017394           0
EndNode1[0]<--->Repeater1[0]
REAL
   0.417323 -0.00217961   0.0095049    0.321142
-0.00217961    0.128609   0.0822886  -0.0101402
  0.0095049   0.0822886    0.143045 -0.00353831
   0.321142  -0.0101402 -0.00353831    0.311024
IMAGINARY
          0 -0.00853117 -0.00466155   0.0240919
 0.00853117           0  0.00336655   0.0154896
 0.00466155 -0.00336655           0  0.00662034
 -0.0240919  -0.0154896 -0.00662034           0
EndNode2[0]<--->HoM1[0]
REAL
 0.361979  0.010119 0.0094085  0.326555
 0.010119  0.127604 0.0853494 0.0251153
0.0094085 0.0853494  0.128906 0.0267857
 0.326555 0.0251153 0.0267857   0.38151
IMAGINARY
          0   0.0191762 -0.00488769  0.00493009
 -0.0191762           0 -0.00752076  -0.0189817
 0.00488769  0.00752076           0 -0.00284453
-0.00493009   0.0189817  0.00284453           0
Repeater1[0]<--->EndNode1[0]
REAL
   0.417323   0.0095049 -0.00217961    0.321142
  0.0095049    0.143045   0.0822886 -0.00353831
-0.00217961   0.0822886    0.128609  -0.0101402
   0.321142 -0.00353831  -0.0101402    0.311024
IMAGINARY
          0 -0.00466155 -0.00853117   0.0240919
 0.00466155           0 -0.00336655  0.00662034
 0.00853117  0.00336655           0   0.0154896
 -0.0240919 -0.00662034  -0.0154896           0
Repeater1[0]<--->HoM1[0]
REAL
 0.361979 0.0094085  0.010119  0.326555
0.0094085  0.128906 0.0853494 0.0267857
 0.010119 0.0853494  0.127604 0.0251153
 0.326555 0.0267857 0.0251153   0.38151
IMAGINARY
          0 -0.00488769   0.0191762  0.00493009
 0.00488769           0  0.00752076 -0.00284453
 -0.0191762 -0.00752076           0  -0.0189817
-0.00493009  0.00284453   0.0189817           0
EndNode1[0]<--->Repeater1[0]
REAL
   0.379581   -0.011811  0.00985059     0.31098
  -0.011811     0.14267   0.0769512 -0.00861906
 0.00985059   0.0769512    0.133508    0.011811
    0.31098 -0.00861906    0.011811    0.344241
IMAGINARY
           0  -0.00604102 -0.000325945   0.00340576
  0.00604102            0   -0.0123572 -0.000325945
 0.000325945    0.0123572            0   0.00147778
 -0.00340576  0.000325945  -0.00147778            0
EndNode2[0]<--->HoM1[0]
REAL
    0.373037  -0.00652186  -0.00670627      0.32306
 -0.00652186     0.125654    0.0818832   -0.0142063
 -0.00670627    0.0818832     0.145288 -0.000448987
     0.32306   -0.0142063 -0.000448987     0.356021
IMAGINARY
          0  -0.0151439  -0.0222558 -0.00143384
  0.0151439           0  -0.0147756  -0.0136919
  0.0222558   0.0147756           0   0.0144904
 0.00143384   0.0136919  -0.0144904           0
Repeater1[0]<--->EndNode1[0]
REAL
   0.379581  0.00985059   -0.011811     0.31098
 0.00985059    0.133508   0.0769512    0.011811
  -0.011811   0.0769512     0.14267 -0.00861906
    0.31098    0.011811 -0.00861906    0.344241
IMAGINARY
           0 -0.000325945  -0.00604102   0.00340576
 0.000325945            0    0.0123572   0.00147778
  0.00604102   -0.0123572            0 -0.000325945
 -0.00340576  -0.00147778  0.000325945            0
Repeater1[0]<--->HoM1[0]
REAL
    0.373037  -0.00670627  -0.00652186      0.32306
 -0.00670627     0.145288    0.0818832 -0.000448987
 -0.00652186    0.0818832     0.125654   -0.0142063
     0.32306 -0.000448987   -0.0142063     0.356021
IMAGINARY
          0  -0.0222558  -0.0151439 -0.00143384
  0.0222558           0   0.0147756   0.0144904
  0.0151439  -0.0147756           0  -0.0136919
 0.00143384  -0.0144904   0.0136919           0
EndNode1[0]<--->Repeater1[0]
REAL
    0.34811 -0.00901751    0.003222    0.297143
-0.00901751    0.130378   0.0923311 -0.00190621
   0.003222   0.0923311    0.152542   0.0103333
   0.297143 -0.00190621   0.0103333     0.36897
IMAGINARY
          0  -0.0149528   0.0142584   0.0158974
  0.0149528           0  -0.0225641  0.00719805
 -0.0142584   0.0225641           0  -0.0156064
 -0.0158974 -0.00719805   0.0156064           0
EndNode2[0]<--->HoM1[0]
REAL
   0.385109   0.0109675 -0.00702316    0.306289
  0.0109675    0.150193    0.101263   0.0122315
-0.00702316    0.101263    0.120668 -0.00185296
   0.306289   0.0122315 -0.00185296    0.344031
IMAGINARY
          0 -0.00518233   0.0159203 -0.00670435
 0.00518233           0 -0.00605075   -0.017243
 -0.0159203  0.00605075           0   0.0237009
 0.00670435    0.017243  -0.0237009           0
Repeater1[0]<--->EndNode1[0]
REAL
    0.34811    0.003222 -0.00901751    0.297143
   0.003222    0.152542   0.0923311   0.0103333
-0.00901751   0.0923311    0.130378 -0.00190621
   0.297143   0.0103333 -0.00190621     0.36897
IMAGINARY
          0   0.0142584  -0.0149528   0.0158974
 -0.0142584           0   0.0225641  -0.0156064
  0.0149528  -0.0225641           0  0.00719805
 -0.0158974   0.0156064 -0.00719805           0
Repeater1[0]<--->HoM1[0]
REAL
   0.385109 -0.00702316   0.0109675    0.306289
-0.00702316    0.120668    0.101263 -0.00185296
  0.0109675    0.101263    0.150193   0.0122315
   0.306289 -0.00185296   0.0122315    0.344031
IMAGINARY
          0   0.0159203 -0.00518233 -0.00670435
 -0.0159203           0  0.00605075   0.0237009
 0.00518233 -0.00605075           0   -0.017243
 0.00670435  -0.0237009    0.017243           0
EndNode1[0]<--->Repeater1[0]
REAL
   0.384196  0.00790879  0.00958394    0.296263
 0.00790879    0.115804   0.0932325 -0.00480905
 0.00958394   0.0932325    0.126703 -0.00449815
   0.296263 -0.00480905 -0.00449815    0.373297
IMAGINARY
          0  0.00228311   0.0128704   0.0141075
-0.00228311           0   0.0094594  -0.0146886
 -0.0128704  -0.0094594           0   0.0128684
 -0.0141075   0.0146886  -0.0128684           0
EndNode2[0]<--->HoM1[0]
REAL
  0.392677 0.00609961 0.00656784   0.336593
0.00609961   0.117424  0.0834598 0.00719363
0.00656784  0.0834598   0.142677 -0.0146186
  0.336593 0.00719363 -0.0146186   0.347222
IMAGINARY
          0  0.00952732  0.00865061   0.0114448
-0.00952732           0 -0.00896339  -0.0149163
-0.00865061  0.00896339           0   0.0155353
 -0.0114448   0.0149163  -0.0155353           0
Repeater1[0]<--->EndNode1[0]
REAL
   0.384196  0.00958394  0.00790879    0.296263
 0.00958394    0.126703   0.0932325 -0.00449815
 0.00790879   0.0932325    0.115804 -0.00480905
   0.296263 -0.00449815 -0.00480905    0.373297
IMAGINARY
          0   0.0128704  0.00228311   0.0141075
 -0.0128704           0  -0.0094594   0.0128684
-0.00228311   0.0094594           0  -0.0146886
 -0.0141075  -0.0128684   0.0146886           0
Repeater1[0]<--->HoM1[0]
REAL
  0.392677 0.00656784 0.00609961   0.336593
0.00656784   0.142677  0.0834598 -0.0146186
0.00609961  0.0834598   0.117424 0.00719363
  0.336593 -0.0146186 0.00719363   0.347222
IMAGINARY
          0  0.00865061  0.00952732   0.0114448
-0.00865061           0  0.00896339   0.0155353
-0.00952732 -0.00896339           0  -0.0149163
 -0.0114448  -0.0155353   0.0149163           0
EndNode1[0]<--->Repeater1[0]
REAL
    0.39759 -0.00700522 -0.00140069    0.323926
-0.00700522    0.125837   0.0774472 -0.00546573
-0.00140069   0.0774472    0.141901  0.00887788
   0.323926 -0.00546573  0.00887788    0.334672
IMAGINARY
           0   0.00795602 -0.000316009    -0.020274
 -0.00795602            0   0.00329287   0.00607785
 0.000316009  -0.00329287            0   -0.0162787
    0.020274  -0.00607785    0.0162787            0
EndNode2[0]<--->HoM1[0]
REAL
  0.381649 -0.0152167 0.00821123    0.31513
-0.0152167   0.148936  0.0743888 -0.0223755
0.00821123  0.0743888   0.136968 -0.0216105
   0.31513 -0.0223755 -0.0216105   0.332447
IMAGINARY
          0 -0.00644041   0.0165729 -0.00537355
 0.00644041           0  0.00786731   0.0198667
 -0.0165729 -0.00786731           0  -0.0168571
 0.00537355  -0.0198667   0.0168571           0
Repeater1[0]<--->EndNode1[0]
REAL
    0.39759 -0.00140069 -0.00700522    0.323926
-0.00140069    0.141901   0.0774472  0.00887788
-0.00700522   0.0774472    0.125837 -0.00546573
   0.323926  0.00887788 -0.00546573    0.334672
IMAGINARY
           0 -0.000316009   0.00795602    -0.020274
 0.000316009            0  -0.00329287   -0.0162787
 -0.00795602   0.00329287            0   0.00607785
    0.020274    0.0162787  -0.00607785            0
Repeater1[0]<--->HoM1[0]
REAL
  0.381649 0.00821123 -0.0152167    0.31513
0.00821123   0.136968  0.0743888 -0.0216105
-0.0152167  0.0743888   0.148936 -0.0223755
   0.31513 -0.0216105 -0.0223755   0.332447
IMAGINARY
          0   0.0165729 -0.00644041 -0.00537355
 -0.0165729           0 -0.00786731  -0.0168571
 0.00644041  0.00786731           0   0.0198667
 0.00537355   0.0168571  -0.0198667           0
EndNode1[0]<--->Repeater1[0]
REAL
  0.419048 0.00664011 0.00683091   0.317106
0.00664011    0.12381  0.0819641  0.0164095
0.00683091  0.0819641   0.131973 0.00863214
  0.317106  0.0164095 0.00863214    0.32517
IMAGINARY
          0   0.0125907 -0.00814357   0.0087667
 -0.0125907           0  0.00434192 -0.00994429
 0.00814357 -0.00434192           0  0.00937316
 -0.0087667  0.00994429 -0.00937316           0
EndNode2[0]<--->HoM1[0]
REAL
   0.361868   0.0112423   0.0240072    0.336268
  0.0112423    0.150454    0.087577 -0.00340795
  0.0240072    0.087577    0.150454   0.0106054
   0.336268 -0.00340795   0.0106054    0.337224
IMAGINARY
          0    0.012263   0.0077618 -0.00218285
  -0.012263           0   -0.010838  -0.0143063
 -0.0077618    0.010838           0 -0.00833627
 0.00218285   0.0143063  0.00833627           0
Repeater1[0]<--->EndNode1[0]
REAL
  0.419048 0.00683091 0.00664011   0.317106
0.00683091   0.131973  0.0819641 0.00863214
0.00664011  0.0819641    0.12381  0.0164095
  0.317106 0.00863214  0.0164095    0.32517
IMAGINARY
          0 -0.00814357   0.0125907   0.0087667
 0.00814357           0 -0.00434192  0.00937316
 -0.0125907  0.00434192           0 -0.00994429
 -0.0087667 -0.00937316  0.00994429           0
Repeater1[0]<--->HoM1[0]
REAL
   0.361868   0.0240072   0.0112423    0.336268
  0.0240072    0.150454    0.087577   0.0106054
  0.0112423    0.087577    0.150454 -0.00340795
   0.336268   0.0106054 -0.00340795    0.337224
IMAGINARY
          0   0.0077618    0.012263 -0.00218285
 -0.0077618           0    0.010838 -0.00833627
  -0.012263   -0.010838           0  -0.0143063
 0.00218285  0.00833627   0.0143063           0
EndNode1[0]<--->Repeater1[0]
REAL
  0.37851 0.0183174 0.0200906  0.306373
0.0183174   0.10989 0.0837927 0.0124764
0.0200906 0.0837927  0.148962 0.0321296
 0.306373 0.0124764 0.0321296  0.362637
IMAGINARY
          0  -0.0116113   0.0116862  -0.0137259
  0.0116113           0  0.00836241  -0.0136216
 -0.0116862 -0.00836241           0   0.0148371
  0.0137259   0.0136216  -0.0148371           0
EndNode2[0]<--->HoM1[0]
REAL
   0.370787  -0.0207537 -0.00808933    0.314175
 -0.0207537    0.114856     0.10518  0.00933002
-0.00808933     0.10518    0.127341  0.00834679
   0.314175  0.00933002  0.00834679    0.387016
IMAGINARY
           0   0.00924006  0.000285365     0.011694
 -0.00924006            0   -0.0141212   -0.0174811
-0.000285365    0.0141212            0  -0.00527181
   -0.011694    0.0174811   0.00527181            0
Repeater1[0]<--->EndNode1[0]
REAL
  0.37851 0.0200906 0.0183174  0.306373
0.0200906  0.148962 0.0837927 0.0321296
0.0183174 0.0837927   0.10989 0.0124764
 0.306373 0.0321296 0.0124764  0.362637
IMAGINARY
          0   0.0116862  -0.0116113  -0.0137259
 -0.0116862           0 -0.00836241   0.0148371
  0.0116113  0.00836241           0  -0.0136216
  0.0137259  -0.0148371   0.0136216           0
Repeater1[0]<--->HoM1[0]
REAL
   0.370787 -0.00808933  -0.0207537    0.314175
-0.00808933    0.127341     0.10518  0.00834679
 -0.0207537     0.10518    0.114856  0.00933002
   0.314175  0.00834679  0.00933002    0.387016
IMAGINARY
           0  0.000285365   0.00924006     0.011694
-0.000285365            0    0.0141212  -0.00527181
 -0.00924006   -0.0141212            0   -0.0174811
   -0.011694   0.00527181    0.0174811            0
EndNode1[0]<--->Repeater1[0]
REAL
  0.369269 0.00471053 -0.0169351   0.312152
0.00471053   0.143742  0.0709463 -0.0056001
-0.0169351  0.0709463   0.151177 -0.0145697
  0.312152 -0.0056001 -0.0145697   0.335812
IMAGINARY
           0   -0.0127449  -0.00629441  0.000804589
   0.0127449            0   -0.0135525    0.0163447
  0.00629441    0.0135525            0  -0.00735564
-0.000804589   -0.0163447   0.00735564            0
EndNode2[0]<--->HoM1[0]
REAL
    0.372694 -0.000958857   -0.0148196     0.323597
-0.000958857     0.146371    0.0890611    0.0224145
  -0.0148196    0.0890611     0.123001 -0.000306966
    0.323597    0.0224145 -0.000306966     0.357934
IMAGINARY
          0  0.00193299  -0.0005484  -0.0131268
-0.00193299           0   0.0118076  0.00441438
  0.0005484  -0.0118076           0  -0.0109536
  0.0131268 -0.00441438   0.0109536           0
Repeater1[0]<--->EndNode1[0]
REAL
  0.369269 -0.0169351 0.00471053   0.312152
-0.0169351   0.151177  0.0709463 -0.0145697
0.00471053  0.0709463   0.143742 -0.0056001
  0.312152 -0.0145697 -0.0056001   0.335812
IMAGINARY
           0  -0.00629441   -0.0127449  0.000804589
  0.00629441            0    0.0135525  -0.00735564
   0.0127449   -0.0135525            0    0.0163447
-0.000804589   0.00735564   -0.0163447            0
Repeater1[0]<--->HoM1[0]
REAL
    0.372694   -0.0148196 -0.000958857     0.323597
  -0.0148196     0.123001    0.0890611 -0.000306966
-0.000958857    0.0890611     0.146371    0.0224145
    0.323597 -0.000306966    0.0224145     0.357934
IMAGINARY
          0  -0.0005484  0.00193299  -0.0131268
  0.0005484           0  -0.0118076  -0.0109536
-0.00193299   0.0118076           0  0.00441438
  0.0131268   0.0109536 -0.00441438           0
EndNode1[0]<--->Repeater1[0]
REAL
    0.348271   -0.0138502     0.012765     0.292027
  -0.0138502     0.151088    0.0717815 -0.000785156
    0.012765    0.0717815     0.166453    0.0106976
    0.292027 -0.000785156    0.0106976     0.334187
IMAGINARY
          0   -0.016607   0.0122984 -0.00405972
   0.016607           0  -0.0138636   0.0177629
 -0.0122984   0.0138636           0  -0.0134544
 0.00405972  -0.0177629   0.0134544           0
EndNode2[0]<--->HoM1[0]
REAL
   0.372215 -0.00591612  0.00123153    0.315729
-0.00591612    0.146789     0.08557 -0.00123153
 0.00123153     0.08557      0.1481  0.00331871
   0.315729 -0.00123153  0.00331871    0.332896
IMAGINARY
          0  0.00992063  -0.0223385  0.00240892
-0.00992063           0 -0.00943319 -0.00757601
  0.0223385  0.00943319           0   0.0138889
-0.00240892  0.00757601  -0.0138889           0
Repeater1[0]<--->EndNode1[0]
REAL
    0.348271     0.012765   -0.0138502     0.292027
    0.012765     0.166453    0.0717815    0.0106976
  -0.0138502    0.0717815     0.151088 -0.000785156
    0.292027    0.0106976 -0.000785156     0.334187
IMAGINARY
          0   0.0122984   -0.016607 -0.00405972
 -0.0122984           0   0.0138636  -0.0134544
   0.016607  -0.0138636           0   0.0177629
 0.00405972   0.0134544  -0.0177629           0
Repeater1[0]<--->HoM1[0]
REAL
   0.372215  0.00123153 -0.00591612    0.315729
 0.00123153      0.1481     0.08557  0.00331871
-0.00591612     0.08557    0.146789 -0.00123153
   0.315729  0.00331871 -0.00123153    0.332896
IMAGINARY
          0  -0.0223385  0.00992063  0.00240892
  0.0223385           0  0.00943319   0.0138889
-0.00992063 -0.00943319           0 -0.00757601
-0.00240892  -0.0138889  0.00757601           0
EndNode1[0]<--->Repeater1[0]
REAL
  0.412067 0.00451686  0.0158009   0.297872
0.00451686   0.110398  0.0709591 -0.0145022
 0.0158009  0.0709591   0.112965 -0.0175039
  0.297872 -0.0145022 -0.0175039    0.36457
IMAGINARY
           0 -2.72715e-05  -0.00107879  -0.00114183
 2.72715e-05            0   -0.0124768    0.0103136
  0.00107879    0.0124768            0  -0.00261125
  0.00114183   -0.0103136   0.00261125            0
EndNode2[0]<--->HoM1[0]
REAL
   0.367532  -0.0150307 -0.00494331    0.324089
 -0.0150307    0.135065   0.0910058  -0.0125769
-0.00494331   0.0910058    0.127273 -0.00114181
   0.324089  -0.0125769 -0.00114181     0.37013
IMAGINARY
          0  0.00585364  0.00826793 -0.00150301
-0.00585364           0  -0.0161155  -0.0170399
-0.00826793   0.0161155           0   0.0116902
 0.00150301   0.0170399  -0.0116902           0
Repeater1[0]<--->EndNode1[0]
REAL
  0.412067  0.0158009 0.00451686   0.297872
 0.0158009   0.112965  0.0709591 -0.0175039
0.00451686  0.0709591   0.110398 -0.0145022
  0.297872 -0.0175039 -0.0145022    0.36457
IMAGINARY
           0  -0.00107879 -2.72715e-05  -0.00114183
  0.00107879            0    0.0124768  -0.00261125
 2.72715e-05   -0.0124768            0    0.0103136
  0.00114183   0.00261125   -0.0103136            0
Repeater1[0]<--->HoM1[0]
REAL
   0.367532 -0.00494331  -0.0150307    0.324089
-0.00494331    0.127273   0.0910058 -0.00114181
 -0.0150307   0.0910058    0.135065  -0.0125769
   0.324089 -0.00114181  -0.0125769     0.37013
IMAGINARY
          0  0.00826793  0.00585364 -0.00150301
-0.00826793           0   0.0161155   0.0116902
-0.00585364  -0.0161155           0  -0.0170399
 0.00150301  -0.0116902   0.0170399           0
EndNode1[0]<--->Repeater1[0]
REAL
  0.395833  -0.007816 -0.0161613   0.300305
 -0.007816   0.122549  0.0883054 0.00677452
-0.0161613  0.0883054   0.123775 -0.0178411
  0.300305 0.00677452 -0.0178411   0.357843
IMAGINARY
          0  0.00304465  -0.0115692   0.0149669
-0.00304465           0  -0.0136045 -0.00976414
  0.0115692   0.0136045           0 -0.00304465
 -0.0149669  0.00976414  0.00304465           0
EndNode2[0]<--->HoM1[0]
REAL
    0.364109 -0.000147068  -0.00855372     0.332431
-0.000147068     0.141743    0.0781604    0.0174946
 -0.00855372    0.0781604     0.128739  -0.00329172
    0.332431    0.0174946  -0.00329172      0.36541
IMAGINARY
          0  0.00313674  -0.0174812   0.0153265
-0.00313674           0   0.0210011  0.00499758
  0.0174812  -0.0210011           0    0.013289
 -0.0153265 -0.00499758   -0.013289           0
Repeater1[0]<--->EndNode1[0]
REAL
  0.395833 -0.0161613  -0.007816   0.300305
-0.0161613   0.123775  0.0883054 -0.0178411
 -0.007816  0.0883054   0.122549 0.00677452
  0.300305 -0.0178411 0.00677452   0.357843
IMAGINARY
          0  -0.0115692  0.00304465   0.0149669
  0.0115692           0   0.0136045 -0.00304465
-0.00304465  -0.0136045           0 -0.00976414
 -0.0149669  0.00304465  0.00976414           0
Repeater1[0]<--->HoM1[0]
REAL
    0.364109  -0.00855372 -0.000147068     0.332431
 -0.00855372     0.128739    0.0781604  -0.00329172
-0.000147068    0.0781604     0.141743    0.0174946
    0.332431  -0.00329172    0.0174946      0.36541
IMAGINARY
          0  -0.0174812  0.00313674   0.0153265
  0.0174812           0  -0.0210011    0.013289
-0.00313674   0.0210011           0  0.00499758
 -0.0153265   -0.013289 -0.00499758           0
EndNode1[0]<--->Repeater1[0]
REAL
   0.396766  -0.0337557   -0.033451    0.306565
 -0.0337557    0.118159   0.0854349  -0.0118824
  -0.033451   0.0854349    0.144279 -0.00757766
   0.306565  -0.0118824 -0.00757766    0.340796
IMAGINARY
           0   0.00268947  -0.00775013  -0.00922785
 -0.00268947            0  0.000183919  -0.00576338
  0.00775013 -0.000183919            0   0.00959554
  0.00922785   0.00576338  -0.00959554            0
EndNode2[0]<--->HoM1[0]
REAL
 0.356511 -0.021341  0.010371  0.326852
-0.021341  0.158028 0.0898148 0.0130665
 0.010371 0.0898148    0.1378 0.0343619
 0.326852 0.0130665 0.0343619  0.347661
IMAGINARY
          0  -0.0119913   0.0251487  0.00843477
  0.0119913           0   0.0187175  0.00324634
 -0.0251487  -0.0187175           0  -0.0225766
-0.00843477 -0.00324634   0.0225766           0
Repeater1[0]<--->EndNode1[0]
REAL
   0.396766   -0.033451  -0.0337557    0.306565
  -0.033451    0.144279   0.0854349 -0.00757766
 -0.0337557   0.0854349    0.118159  -0.0118824
   0.306565 -0.00757766  -0.0118824    0.340796
IMAGINARY
           0  -0.00775013   0.00268947  -0.00922785
  0.00775013            0 -0.000183919   0.00959554
 -0.00268947  0.000183919            0  -0.00576338
  0.00922785  -0.00959554   0.00576338            0
Repeater1[0]<--->HoM1[0]
REAL
 0.356511  0.010371 -0.021341  0.326852
 0.010371    0.1378 0.0898148 0.0343619
-0.021341 0.0898148  0.158028 0.0130665
 0.326852 0.0343619 0.0130665  0.347661
IMAGINARY
          0   0.0251487  -0.0119913  0.00843477
 -0.0251487           0  -0.0187175  -0.0225766
  0.0119913   0.0187175           0  0.00324634
-0.00843477   0.0225766 -0.00324634           0
EndNode1[0]<--->Repeater1[0]
REAL
 0.390921 0.0144028 0.0181538  0.309003
0.0144028  0.147541 0.0976632 0.0258462
0.0181538 0.0976632  0.127364 0.0189306
 0.309003 0.0258462 0.0189306  0.334174
IMAGINARY
           0   0.00481804  -0.00095783  -0.00411914
 -0.00481804            0  -0.00411914    0.0112671
  0.00095783   0.00411914            0  0.000336603
  0.00411914   -0.0112671 -0.000336603            0
EndNode2[0]<--->HoM1[0]
REAL
 0.392523 0.0013112 0.0020361  0.332884
0.0013112  0.132176   0.08781 0.0122142
0.0020361   0.08781  0.129506 0.0129391
 0.332884 0.0122142 0.0129391  0.345794
IMAGINARY
          0  0.00319607   0.0249186    0.013774
-0.00319607           0  -0.0063298  -0.0113718
 -0.0249186   0.0063298           0 -0.00812218
  -0.013774   0.0113718  0.00812218           0
Repeater1[0]<--->EndNode1[0]
REAL
 0.390921 0.0181538 0.0144028  0.309003
0.0181538  0.127364 0.0976632 0.0189306
0.0144028 0.0976632  0.147541 0.0258462
 0.309003 0.0189306 0.0258462  0.334174
IMAGINARY
           0  -0.00095783   0.00481804  -0.00411914
  0.00095783            0   0.00411914  0.000336603
 -0.00481804  -0.00411914            0    0.0112671
  0.00411914 -0.000336603   -0.0112671            0
Repeater1[0]<--->HoM1[0]
REAL
 0.392523 0.0020361 0.0013112  0.332884
0.0020361  0.129506   0.08781 0.0129391
0.0013112   0.08781  0.132176 0.0122142
 0.332884 0.0129391 0.0122142  0.345794
IMAGINARY
          0   0.0249186  0.00319607    0.013774
 -0.0249186           0   0.0063298 -0.00812218
-0.00319607  -0.0063298           0  -0.0113718
  -0.013774  0.00812218   0.0113718           0
EndNode1[0]<--->Repeater1[0]
REAL
  0.375698 0.00705654 -0.0227681   0.318407
0.00705654   0.131285  0.0803114  0.0125117
-0.0227681  0.0803114   0.150838 -0.0237232
  0.318407  0.0125117 -0.0237232   0.342179
IMAGINARY
          0   0.0140788  0.00196713    -0.01217
 -0.0140788           0 -0.00498043   0.0170805
-0.00196713  0.00498043           0   0.0216355
    0.01217  -0.0170805  -0.0216355           0
EndNode2[0]<--->HoM1[0]
REAL
  0.387704  0.0133995 0.00452131   0.329739
 0.0133995   0.115433   0.102225  0.0128086
0.00452131   0.102225   0.139272 0.00264676
  0.329739  0.0128086 0.00264676   0.357591
IMAGINARY
          0  -0.0274291  -0.0100287   0.0068549
  0.0274291           0  -0.0148304  0.00606043
  0.0100287   0.0148304           0   0.0102333
 -0.0068549 -0.00606043  -0.0102333           0
Repeater1[0]<--->EndNode1[0]
REAL
  0.375698 -0.0227681 0.00705654   0.318407
-0.0227681   0.150838  0.0803114 -0.0237232
0.00705654  0.0803114   0.131285  0.0125117
  0.318407 -0.0237232  0.0125117   0.342179
IMAGINARY
          0  0.00196713   0.0140788    -0.01217
-0.00196713           0  0.00498043   0.0216355
 -0.0140788 -0.00498043           0   0.0170805
    0.01217  -0.0216355  -0.0170805           0
Repeater1[0]<--->HoM1[0]
REAL
  0.387704 0.00452131  0.0133995   0.329739
0.00452131   0.139272   0.102225 0.00264676
 0.0133995   0.102225   0.115433  0.0128086
  0.329739 0.00264676  0.0128086   0.357591
IMAGINARY
          0  -0.0100287  -0.0274291   0.0068549
  0.0100287           0   0.0148304   0.0102333
  0.0274291  -0.0148304           0  0.00606043
 -0.0068549  -0.0102333 -0.00606043           0
EndNode1[0]<--->Repeater1[0]
REAL
  0.388078 0.00537931 0.00571422   0.304181
0.00537931   0.138686  0.0754137 0.00505891
0.00571422  0.0754137   0.127737  0.0091961
  0.304181 0.00505891  0.0091961   0.345499
IMAGINARY
           0   0.00881741  0.000489885  -0.00187056
 -0.00881741            0  -0.00678457   0.00909916
-0.000489885   0.00678457            0   -0.0266256
  0.00187056  -0.00909916    0.0266256            0
EndNode2[0]<--->HoM1[0]
REAL
   0.381546  0.00480057  0.00366596    0.330144
 0.00480057    0.140898   0.0791665 -0.00427055
 0.00366596   0.0791665    0.124688  -0.0162879
   0.330144 -0.00427055  -0.0162879    0.352868
IMAGINARY
          0  -0.0138884   0.0174659  0.00574088
  0.0138884           0 -0.00642301 -0.00768751
 -0.0174659  0.00642301           0 -0.00240884
-0.00574088  0.00768751  0.00240884           0
Repeater1[0]<--->EndNode1[0]
REAL
  0.388078 0.00571422 0.00537931   0.304181
0.00571422   0.127737  0.0754137  0.0091961
0.00537931  0.0754137   0.138686 0.00505891
  0.304181  0.0091961 0.00505891   0.345499
IMAGINARY
           0  0.000489885   0.00881741  -0.00187056
-0.000489885            0   0.00678457   -0.0266256
 -0.00881741  -0.00678457            0   0.00909916
  0.00187056    0.0266256  -0.00909916            0
Repeater1[0]<--->HoM1[0]
REAL
   0.381546  0.00366596  0.00480057    0.330144
 0.00366596    0.124688   0.0791665  -0.0162879
 0.00480057   0.0791665    0.140898 -0.00427055
   0.330144  -0.0162879 -0.00427055    0.352868
IMAGINARY
          0   0.0174659  -0.0138884  0.00574088
 -0.0174659           0  0.00642301 -0.00240884
  0.0138884 -0.00642301           0 -0.00768751
-0.00574088  0.00240884  0.00768751           0
EndNode1[0]<--->Repeater1[0]
REAL
  0.422535  0.0201915 0.00511256   0.301054
 0.0201915   0.131882  0.0947246 -0.0037933
0.00511256  0.0947246     0.1242  -0.012276
  0.301054 -0.0037933  -0.012276   0.321383
IMAGINARY
           0   0.00629262   -0.0196978    -0.013157
 -0.00629262            0  -0.00829077  0.000710411
   0.0196978   0.00829077            0   -0.0100901
    0.013157 -0.000710411    0.0100901            0
EndNode2[0]<--->HoM1[0]
REAL
  0.408468  0.0328743  0.0219757   0.321475
 0.0328743   0.139477  0.0930325 -0.0167944
 0.0219757  0.0930325   0.115816 -0.0302836
  0.321475 -0.0167944 -0.0302836   0.336239
IMAGINARY
          0 -0.00565518  -0.0105639  0.00834948
 0.00565518           0   0.0269665 -0.00294965
  0.0105639  -0.0269665           0  0.00758568
-0.00834948  0.00294965 -0.00758568           0
Repeater1[0]<--->EndNode1[0]
REAL
  0.422535 0.00511256  0.0201915   0.301054
0.00511256     0.1242  0.0947246  -0.012276
 0.0201915  0.0947246   0.131882 -0.0037933
  0.301054  -0.012276 -0.0037933   0.321383
IMAGINARY
           0   -0.0196978   0.00629262    -0.013157
   0.0196978            0   0.00829077   -0.0100901
 -0.00629262  -0.00829077            0  0.000710411
    0.013157    0.0100901 -0.000710411            0
Repeater1[0]<--->HoM1[0]
REAL
  0.408468  0.0219757  0.0328743   0.321475
 0.0219757   0.115816  0.0930325 -0.0302836
 0.0328743  0.0930325   0.139477 -0.0167944
  0.321475 -0.0302836 -0.0167944   0.336239
IMAGINARY
          0  -0.0105639 -0.00565518  0.00834948
  0.0105639           0  -0.0269665  0.00758568
 0.00565518   0.0269665           0 -0.00294965
-0.00834948 -0.00758568  0.00294965           0
EndNode1[0]<--->Repeater1[0]
REAL
   0.377892 -0.00321117  0.00889489    0.306706
-0.00321117    0.147815   0.0872727   -0.020675
 0.00889489   0.0872727     0.14653 -0.00987784
   0.306706   -0.020675 -0.00987784    0.327763
IMAGINARY
          0   0.0092011  0.00495129  -0.0197782
 -0.0092011           0  -0.0139718  -0.0210388
-0.00495129   0.0139718           0  0.00173841
  0.0197782   0.0210388 -0.00173841           0
EndNode2[0]<--->HoM1[0]
REAL
     0.3875 -0.00623515 -0.00241931    0.332545
-0.00623515        0.14   0.0708165 -0.00178237
-0.00241931   0.0708165     0.13125 -0.00496933
   0.332545 -0.00178237 -0.00496933     0.34125
IMAGINARY
          0  0.00576538  0.00893948 -0.00170375
-0.00576538           0   0.0185577 -0.00523578
-0.00893948  -0.0185577           0  -0.0107037
 0.00170375  0.00523578   0.0107037           0
Repeater1[0]<--->EndNode1[0]
REAL
   0.377892  0.00889489 -0.00321117    0.306706
 0.00889489     0.14653   0.0872727 -0.00987784
-0.00321117   0.0872727    0.147815   -0.020675
   0.306706 -0.00987784   -0.020675    0.327763
IMAGINARY
          0  0.00495129   0.0092011  -0.0197782
-0.00495129           0   0.0139718  0.00173841
 -0.0092011  -0.0139718           0  -0.0210388
  0.0197782 -0.00173841   0.0210388           0
Repeater1[0]<--->HoM1[0]
REAL
     0.3875 -0.00241931 -0.00623515    0.332545
-0.00241931     0.13125   0.0708165 -0.00496933
-0.00623515   0.0708165        0.14 -0.00178237
   0.332545 -0.00496933 -0.00178237     0.34125
IMAGINARY
          0  0.00893948  0.00576538 -0.00170375
-0.00893948           0  -0.0185577  -0.0107037
-0.00576538   0.0185577           0 -0.00523578
 0.00170375   0.0107037  0.00523578           0
EndNode1[0]<--->Repeater1[0]
REAL
   0.386334  0.00222707  0.00158028    0.312113
 0.00222707    0.149803   0.0832356 -0.00158028
 0.00158028   0.0832356    0.147175  -0.0190229
   0.312113 -0.00158028  -0.0190229    0.316689
IMAGINARY
          0   -0.006118   0.0176119  0.00811454
   0.006118           0    0.001464 -0.00941515
 -0.0176119   -0.001464           0   -0.010906
-0.00811454  0.00941515    0.010906           0
EndNode2[0]<--->HoM1[0]
REAL
   0.352869  -0.0106194  -0.0101899    0.322223
 -0.0106194     0.14652   0.0836012  -0.0114954
 -0.0101899   0.0836012    0.135531 -0.00363087
   0.322223  -0.0114954 -0.00363087    0.365079
IMAGINARY
          0  0.00625021  -0.0222745  -0.0115899
-0.00625021           0  0.00631288 -0.00178271
  0.0222745 -0.00631288           0   0.0165066
  0.0115899  0.00178271  -0.0165066           0
Repeater1[0]<--->EndNode1[0]
REAL
   0.386334  0.00158028  0.00222707    0.312113
 0.00158028    0.147175   0.0832356  -0.0190229
 0.00222707   0.0832356    0.149803 -0.00158028
   0.312113  -0.0190229 -0.00158028    0.316689
IMAGINARY
          0   0.0176119   -0.006118  0.00811454
 -0.0176119           0   -0.001464   -0.010906
   0.006118    0.001464           0 -0.00941515
-0.00811454    0.010906  0.00941515           0
Repeater1[0]<--->HoM1[0]
REAL
   0.352869  -0.0101899  -0.0106194    0.322223
 -0.0101899    0.135531   0.0836012 -0.00363087
 -0.0106194   0.0836012     0.14652  -0.0114954
   0.322223 -0.00363087  -0.0114954    0.365079
IMAGINARY
          0  -0.0222745  0.00625021  -0.0115899
  0.0222745           0 -0.00631288   0.0165066
-0.00625021  0.00631288           0 -0.00178271
  0.0115899  -0.0165066  0.00178271           0
EndNode1[0]<--->Repeater1[0]
REAL
  0.377717 0.00884917 0.00702373   0.295321
0.00884917   0.137228  0.0804716 -0.0013203
0.00702373  0.0804716   0.175272 0.00192396
  0.295321 -0.0013203 0.00192396   0.309783
IMAGINARY
          0  -0.0229149      0.0194   -0.012892
  0.0229149           0  -0.0158436   0.0206788
    -0.0194   0.0158436           0  0.00517504
   0.012892  -0.0206788 -0.00517504           0
EndNode2[0]<--->HoM1[0]
REAL
   0.387516  -0.0184724 -0.00340095    0.315919
 -0.0184724    0.104031     0.10438 -0.00593902
-0.00340095     0.10438    0.139142 -0.00332088
   0.315919 -0.00593902 -0.00332088    0.369311
IMAGINARY
          0  -0.0204629    0.025669  0.00579827
  0.0204629           0   0.0150088  0.00381814
  -0.025669  -0.0150088           0  -0.0282551
-0.00579827 -0.00381814   0.0282551           0
Repeater1[0]<--->EndNode1[0]
REAL
  0.377717 0.00702373 0.00884917   0.295321
0.00702373   0.175272  0.0804716 0.00192396
0.00884917  0.0804716   0.137228 -0.0013203
  0.295321 0.00192396 -0.0013203   0.309783
IMAGINARY
          0      0.0194  -0.0229149   -0.012892
    -0.0194           0   0.0158436  0.00517504
  0.0229149  -0.0158436           0   0.0206788
   0.012892 -0.00517504  -0.0206788           0
Repeater1[0]<--->HoM1[0]
REAL
   0.387516 -0.00340095  -0.0184724    0.315919
-0.00340095    0.139142     0.10438 -0.00332088
 -0.0184724     0.10438    0.104031 -0.00593902
   0.315919 -0.00332088 -0.00593902    0.369311
IMAGINARY
          0    0.025669  -0.0204629  0.00579827
  -0.025669           0  -0.0150088  -0.0282551
  0.0204629   0.0150088           0  0.00381814
-0.00579827   0.0282551 -0.00381814           0
EndNode1[0]<--->Repeater1[0]
REAL
  0.407216 -0.0154754  0.0154088   0.303657
-0.0154754      0.125   0.096972  0.0154088
 0.0154088   0.096972   0.135309  0.0223937
  0.303657  0.0154088  0.0223937   0.332474
IMAGINARY
           0  -0.00360945 -0.000474563   0.00217845
  0.00360945            0  -0.00845985   0.00797797
 0.000474563   0.00845985            0   -0.0161723
 -0.00217845  -0.00797797    0.0161723            0
EndNode2[0]<--->HoM1[0]
REAL
   0.384319 -0.00694488 -0.00532746    0.318729
-0.00694488    0.145244     0.10279 -0.00226748
-0.00532746     0.10279    0.125964 -0.00571335
   0.318729 -0.00226748 -0.00571335    0.344473
IMAGINARY
          0  -0.0122796  -0.0167333 -0.00160256
  0.0122796           0  0.00830497   0.0115919
  0.0167333 -0.00830497           0   0.0187063
 0.00160256  -0.0115919  -0.0187063           0
Repeater1[0]<--->EndNode1[0]
REAL
  0.407216  0.0154088 -0.0154754   0.303657
 0.0154088   0.135309   0.096972  0.0223937
-0.0154754   0.096972      0.125  0.0154088
  0.303657  0.0223937  0.0154088   0.332474
IMAGINARY
           0 -0.000474563  -0.00360945   0.00217845
 0.000474563            0   0.00845985   -0.0161723
  0.00360945  -0.00845985            0   0.00797797
 -0.00217845    0.0161723  -0.00797797            0
Repeater1[0]<--->HoM1[0]
REAL
   0.384319 -0.00532746 -0.00694488    0.318729
-0.00532746    0.125964     0.10279 -0.00571335
-0.00694488     0.10279    0.145244 -0.00226748
   0.318729 -0.00571335 -0.00226748    0.344473
IMAGINARY
          0  -0.0167333  -0.0122796 -0.00160256
  0.0167333           0 -0.00830497   0.0187063
  0.0122796  0.00830497           0   0.0115919
 0.00160256  -0.0187063  -0.0115919           0
EndNode1[0]<--->Repeater1[0]
REAL
   0.380263 7.51923e-05  0.00467382    0.310792
7.51923e-05    0.134211   0.0880704  0.00860052
 0.00467382   0.0880704    0.168421 -0.00449997
   0.310792  0.00860052 -0.00449997    0.317105
IMAGINARY
          0 -0.00413508 -0.00514669 -0.00334579
 0.00413508           0   0.0071529 -0.00576474
 0.00514669  -0.0071529           0   0.0150465
 0.00334579  0.00576474  -0.0150465           0
EndNode2[0]<--->HoM1[0]
REAL
    0.36828 -0.00239174  -0.0206905    0.315009
-0.00239174    0.157258   0.0805527   0.0180795
 -0.0206905   0.0805527     0.13172 -0.00805212
   0.315009   0.0180795 -0.00805212    0.342742
IMAGINARY
          0  0.00198266   0.0181124  -0.0236063
-0.00198266           0 -0.00609662 -0.00774969
 -0.0181124  0.00609662           0   0.0070847
  0.0236063  0.00774969  -0.0070847           0
Repeater1[0]<--->EndNode1[0]
REAL
   0.380263  0.00467382 7.51923e-05    0.310792
 0.00467382    0.168421   0.0880704 -0.00449997
7.51923e-05   0.0880704    0.134211  0.00860052
   0.310792 -0.00449997  0.00860052    0.317105
IMAGINARY
          0 -0.00514669 -0.00413508 -0.00334579
 0.00514669           0  -0.0071529   0.0150465
 0.00413508   0.0071529           0 -0.00576474
 0.00334579  -0.0150465  0.00576474           0
Repeater1[0]<--->HoM1[0]
REAL
    0.36828  -0.0206905 -0.00239174    0.315009
 -0.0206905     0.13172   0.0805527 -0.00805212
-0.00239174   0.0805527    0.157258   0.0180795
   0.315009 -0.00805212   0.0180795    0.342742
IMAGINARY
          0   0.0181124  0.00198266  -0.0236063
 -0.0181124           0  0.00609662   0.0070847
-0.00198266 -0.00609662           0 -0.00774969
  0.0236063  -0.0070847  0.00774969           0
EndNode1[0]<--->Repeater1[0]
REAL
   0.380124  0.00949494 -0.00692988    0.291517
 0.00949494    0.130435   0.0997015   0.0180701
-0.00692988   0.0997015    0.157764 -0.00752902
   0.291517   0.0180701 -0.00752902    0.331677
IMAGINARY
           0 -0.000353961    0.0109094    0.0133546
 0.000353961            0    0.0172305    0.0121085
  -0.0109094   -0.0172305            0   -0.0213852
  -0.0133546   -0.0121085    0.0213852            0
EndNode2[0]<--->HoM1[0]
REAL
  0.408138 0.00173909 -0.0127873    0.32824
0.00173909   0.118372  0.0762822  0.0190687
-0.0127873  0.0762822   0.124538  0.0145926
   0.32824  0.0190687  0.0145926   0.348952
IMAGINARY
           0 -0.000683259   0.00452281   0.00215252
 0.000683259            0   0.00215252    0.0163649
 -0.00452281  -0.00215252            0   -0.0123716
 -0.00215252   -0.0163649    0.0123716            0
Repeater1[0]<--->EndNode1[0]
REAL
   0.380124 -0.00692988  0.00949494    0.291517
-0.00692988    0.157764   0.0997015 -0.00752902
 0.00949494   0.0997015    0.130435   0.0180701
   0.291517 -0.00752902   0.0180701    0.331677
IMAGINARY
