EndNode1[0]<--->Repeater1[0]
REAL
   0.465629   0.0072635  -0.0200682    0.178643
  0.0072635     0.12192  -0.0020962 -0.00183902
 -0.0200682  -0.0020962    0.184176 -0.00468618
   0.178643 -0.00183902 -0.00468618    0.228275
IMAGINARY
          0  0.00359723  -0.0128236 -0.00381423
-0.00359723           0   0.0161359 -0.00432683
  0.0128236  -0.0161359           0   0.0161917
 0.00381423  0.00432683  -0.0161917           0
EndNode2[0]<--->BSA[0]
REAL
   0.472186 -0.00583193  -0.0220445    0.244743
-0.00583193    0.146184   0.0316064   0.0156178
 -0.0220445   0.0316064   0.0944373  0.00454658
   0.244743   0.0156178  0.00454658    0.287193
IMAGINARY
          0  -0.0247632  0.00628298  -0.0157908
  0.0247632           0   0.0118845   0.0299101
-0.00628298  -0.0118845           0  -0.0114298
  0.0157908  -0.0299101   0.0114298           0
Repeater1[0]<--->EndNode1[0]
REAL
   0.465629  -0.0200682   0.0072635    0.178643
 -0.0200682    0.184176  -0.0020962 -0.00468618
  0.0072635  -0.0020962     0.12192 -0.00183902
   0.178643 -0.00468618 -0.00183902    0.228275
IMAGINARY
          0  -0.0128236  0.00359723 -0.00381423
  0.0128236           0  -0.0161359   0.0161917
-0.00359723   0.0161359           0 -0.00432683
 0.00381423  -0.0161917  0.00432683           0
Repeater1[0]<--->BSA[0]
REAL
   0.472186  -0.0220445 -0.00583193    0.244743
 -0.0220445   0.0944373   0.0316064  0.00454658
-0.00583193   0.0316064    0.146184   0.0156178
   0.244743  0.00454658   0.0156178    0.287193
IMAGINARY
          0  0.00628298  -0.0247632  -0.0157908
-0.00628298           0  -0.0118845  -0.0114298
  0.0247632   0.0118845           0   0.0299101
  0.0157908   0.0114298  -0.0299101           0
EndNode1[0]<--->Repeater1[0]
REAL
   0.459864 -0.00492515   0.0146153    0.192011
-0.00492515    0.144218    0.016268  -0.0231567
  0.0146153    0.016268     0.17551 -0.00361625
   0.192011  -0.0231567 -0.00361625    0.220408
IMAGINARY
          0 -0.00611349  0.00788946   0.0057487
 0.00611349           0  -0.0136021   0.0218135
-0.00788946   0.0136021           0  -0.0161637
 -0.0057487  -0.0218135   0.0161637           0
EndNode2[0]<--->BSA[0]
REAL
   0.445312 -0.00348313  -0.0156409    0.241939
-0.00348313    0.136719   0.0245209  0.00383964
 -0.0156409   0.0245209       0.125  -0.0132871
   0.241939  0.00383964  -0.0132871    0.292969
IMAGINARY
           0 -0.000765547 -0.000855867    0.0198048
 0.000765547            0   0.00375541   -0.0021892
 0.000855867  -0.00375541            0   -0.0108057
  -0.0198048    0.0021892    0.0108057            0
Repeater1[0]<--->EndNode1[0]
REAL
   0.459864   0.0146153 -0.00492515    0.192011
  0.0146153     0.17551    0.016268 -0.00361625
-0.00492515    0.016268    0.144218  -0.0231567
   0.192011 -0.00361625  -0.0231567    0.220408
IMAGINARY
          0  0.00788946 -0.00611349   0.0057487
-0.00788946           0   0.0136021  -0.0161637
 0.00611349  -0.0136021           0   0.0218135
 -0.0057487   0.0161637  -0.0218135           0
Repeater1[0]<--->BSA[0]
REAL
   0.445312  -0.0156409 -0.00348313    0.241939
 -0.0156409       0.125   0.0245209  -0.0132871
-0.00348313   0.0245209    0.136719  0.00383964
   0.241939  -0.0132871  0.00383964    0.292969
IMAGINARY
           0 -0.000855867 -0.000765547    0.0198048
 0.000855867            0  -0.00375541   -0.0108057
 0.000765547   0.00375541            0   -0.0021892
  -0.0198048    0.0108057    0.0021892            0
