EndNode1[0]<--->Repeater1[0]
REAL
   0.479361 -0.00161604  0.00419188    0.412974
-0.00161604   0.0466045  0.00587733 -0.00606453
 0.00419188  0.00587733   0.0492676  -0.0114926
   0.412974 -0.00606453  -0.0114926    0.424767
IMAGINARY
           0   0.00231128  0.000942275 -0.000941029
 -0.00231128            0 -0.000941029   0.00357385
-0.000942275  0.000941029            0   0.00865646
 0.000941029  -0.00357385  -0.00865646            0
EndNode2[0]<--->HoM1[0]
REAL
   0.47569 -0.0073061 0.00371516   0.406813
-0.0073061  0.0486202 -0.0121413 0.00557852
0.00371516 -0.0121413  0.0407359 0.00792568
  0.406813 0.00557852 0.00792568   0.434954
IMAGINARY
          0 -0.00428526  0.00953732   0.0184317
 0.00428526           0 -0.00418138 -0.00888373
-0.00953732  0.00418138           0 -0.00159709
 -0.0184317  0.00888373  0.00159709           0
Repeater1[0]<--->EndNode1[0]
REAL
   0.479361  0.00419188 -0.00161604    0.412974
 0.00419188   0.0492676  0.00587733  -0.0114926
-0.00161604  0.00587733   0.0466045 -0.00606453
   0.412974  -0.0114926 -0.00606453    0.424767
IMAGINARY
           0  0.000942275   0.00231128 -0.000941029
-0.000942275            0  0.000941029   0.00865646
 -0.00231128 -0.000941029            0   0.00357385
 0.000941029  -0.00865646  -0.00357385            0
Repeater1[0]<--->HoM1[0]
REAL
   0.47569 0.00371516 -0.0073061   0.406813
0.00371516  0.0407359 -0.0121413 0.00792568
-0.0073061 -0.0121413  0.0486202 0.00557852
  0.406813 0.00792568 0.00557852   0.434954
IMAGINARY
          0  0.00953732 -0.00428526   0.0184317
-0.00953732           0  0.00418138 -0.00159709
 0.00428526 -0.00418138           0 -0.00888373
 -0.0184317  0.00159709  0.00888373           0
EndNode1[0]<--->Repeater1[0]
REAL
   0.454655    0.019659     0.00054    0.402198
   0.019659   0.0592503  0.00677307 -0.00449778
    0.00054  0.00677307     0.04474  -0.0170205
   0.402198 -0.00449778  -0.0170205    0.441354
IMAGINARY
           0    -0.015311  0.000915033   -0.0023303
    0.015311            0    0.0125084    0.0075817
-0.000915033   -0.0125084            0   0.00942862
   0.0023303   -0.0075817  -0.00942862            0
EndNode2[0]<--->HoM1[0]
REAL
      0.492  -0.0112757  0.00881841    0.410718
 -0.0112757   0.0426667  0.00431437 0.000985512
 0.00881841  0.00431437   0.0453333 -0.00375694
   0.410718 0.000985512 -0.00375694        0.42
IMAGINARY
           0   -0.0146584    0.0119058  -0.00905128
   0.0146584            0  -0.00505128  -0.00205359
  -0.0119058   0.00505128            0 -0.000119883
  0.00905128   0.00205359  0.000119883            0
Repeater1[0]<--->EndNode1[0]
REAL
   0.454655     0.00054    0.019659    0.402198
    0.00054     0.04474  0.00677307  -0.0170205
   0.019659  0.00677307   0.0592503 -0.00449778
   0.402198  -0.0170205 -0.00449778    0.441354
IMAGINARY
           0  0.000915033    -0.015311   -0.0023303
-0.000915033            0   -0.0125084   0.00942862
    0.015311    0.0125084            0    0.0075817
   0.0023303  -0.00942862   -0.0075817            0
Repeater1[0]<--->HoM1[0]
REAL
      0.492  0.00881841  -0.0112757    0.410718
 0.00881841   0.0453333  0.00431437 -0.00375694
 -0.0112757  0.00431437   0.0426667 0.000985512
   0.410718 -0.00375694 0.000985512        0.42
IMAGINARY
           0    0.0119058   -0.0146584  -0.00905128
  -0.0119058            0   0.00505128 -0.000119883
   0.0146584  -0.00505128            0  -0.00205359
  0.00905128  0.000119883   0.00205359            0
EndNode1[0]<--->Repeater1[0]
REAL
    0.475325  -0.00329031  -0.00936289     0.421969
 -0.00329031    0.0571429 -0.000297561  -0.00630291
 -0.00936289 -0.000297561    0.0532468  -0.00193162
    0.421969  -0.00630291  -0.00193162     0.414286
IMAGINARY
           0   0.00377829   -0.0341286   0.00749945
 -0.00377829            0  0.000975129    0.0097544
   0.0341286 -0.000975129            0    0.0113732
 -0.00749945   -0.0097544   -0.0113732            0
EndNode2[0]<--->HoM1[0]
REAL
  0.469974  0.0171901  0.0262217   0.411999
 0.0171901  0.0430809 0.00579052   0.016905
 0.0262217 0.00579052  0.0365535  0.0272843
  0.411999   0.016905  0.0272843   0.450392
IMAGINARY
          0  0.00482061  -0.0168385  -0.0104431
-0.00482061           0  0.00201245  -0.0155261
  0.0168385 -0.00201245           0    0.028865
  0.0104431   0.0155261   -0.028865           0
Repeater1[0]<--->EndNode1[0]
REAL
    0.475325  -0.00936289  -0.00329031     0.421969
 -0.00936289    0.0532468 -0.000297561  -0.00193162
 -0.00329031 -0.000297561    0.0571429  -0.00630291
    0.421969  -0.00193162  -0.00630291     0.414286
IMAGINARY
           0   -0.0341286   0.00377829   0.00749945
   0.0341286            0 -0.000975129    0.0113732
 -0.00377829  0.000975129            0    0.0097544
 -0.00749945   -0.0113732   -0.0097544            0
Repeater1[0]<--->HoM1[0]
REAL
  0.469974  0.0262217  0.0171901   0.411999
 0.0262217  0.0365535 0.00579052  0.0272843
 0.0171901 0.00579052  0.0430809   0.016905
  0.411999  0.0272843   0.016905   0.450392
IMAGINARY
          0  -0.0168385  0.00482061  -0.0104431
  0.0168385           0 -0.00201245    0.028865
-0.00482061  0.00201245           0  -0.0155261
  0.0104431   -0.028865   0.0155261           0
EndNode1[0]<--->Repeater1[0]
REAL
   0.484316 -0.00122249 -0.00245616    0.392632
-0.00122249     0.04266  -0.0026562   0.0171261
-0.00245616  -0.0026562   0.0501882 -0.00122249
   0.392632   0.0171261 -0.00122249    0.422836
IMAGINARY
          0  -0.0124204   0.0116314  -0.0137565
  0.0124204           0 -0.00769995  0.00669317
 -0.0116314  0.00769995           0   0.0124204
  0.0137565 -0.00669317  -0.0124204           0
EndNode2[0]<--->HoM1[0]
REAL
    0.456284  -0.00837123  -0.00672175     0.419859
 -0.00837123    0.0355191 -0.000835396   -0.0112731
 -0.00672175 -0.000835396    0.0491803   -0.0211917
    0.419859   -0.0112731   -0.0211917     0.459016
IMAGINARY
          0 -0.00444813   0.0206085   0.0154836
 0.00444813           0  0.00892191  0.00231586
 -0.0206085 -0.00892191           0 -0.00112808
 -0.0154836 -0.00231586  0.00112808           0
Repeater1[0]<--->EndNode1[0]
REAL
   0.484316 -0.00245616 -0.00122249    0.392632
-0.00245616   0.0501882  -0.0026562 -0.00122249
-0.00122249  -0.0026562     0.04266   0.0171261
   0.392632 -0.00122249   0.0171261    0.422836
IMAGINARY
          0   0.0116314  -0.0124204  -0.0137565
 -0.0116314           0  0.00769995   0.0124204
  0.0124204 -0.00769995           0  0.00669317
  0.0137565  -0.0124204 -0.00669317           0
Repeater1[0]<--->HoM1[0]
REAL
    0.456284  -0.00672175  -0.00837123     0.419859
 -0.00672175    0.0491803 -0.000835396   -0.0211917
 -0.00837123 -0.000835396    0.0355191   -0.0112731
    0.419859   -0.0211917   -0.0112731     0.459016
IMAGINARY
          0   0.0206085 -0.00444813   0.0154836
 -0.0206085           0 -0.00892191 -0.00112808
 0.00444813  0.00892191           0  0.00231586
 -0.0154836  0.00112808 -0.00231586           0
EndNode1[0]<--->Repeater1[0]
REAL
    0.46684   0.0176383  -0.0110151    0.394654
  0.0176383   0.0572172 -0.00262319   0.0238686
 -0.0110151 -0.00262319    0.053316   -0.012497
   0.394654   0.0238686   -0.012497    0.422627
IMAGINARY
          0 -0.00667365 -0.00794142   0.0231788
 0.00667365           0 -0.00794702   0.0128919
 0.00794142  0.00794702           0   -0.014366
 -0.0231788  -0.0128919    0.014366           0
EndNode2[0]<--->HoM1[0]
REAL
  0.467363 0.00647215 0.00621914    0.41603
0.00647215  0.0522193  0.0104403 -0.0155774
0.00621914  0.0104403  0.0443864 -0.0144935
   0.41603 -0.0155774 -0.0144935   0.436031
IMAGINARY
          0  -0.0159481   0.0195162  0.00140317
  0.0159481           0   0.0145611  0.00843409
 -0.0195162  -0.0145611           0  -0.0219401
-0.00140317 -0.00843409   0.0219401           0
Repeater1[0]<--->EndNode1[0]
REAL
    0.46684  -0.0110151   0.0176383    0.394654
 -0.0110151    0.053316 -0.00262319   -0.012497
  0.0176383 -0.00262319   0.0572172   0.0238686
   0.394654   -0.012497   0.0238686    0.422627
IMAGINARY
          0 -0.00794142 -0.00667365   0.0231788
 0.00794142           0  0.00794702   -0.014366
 0.00667365 -0.00794702           0   0.0128919
 -0.0231788    0.014366  -0.0128919           0
Repeater1[0]<--->HoM1[0]
REAL
  0.467363 0.00621914 0.00647215    0.41603
0.00621914  0.0443864  0.0104403 -0.0144935
0.00647215  0.0104403  0.0522193 -0.0155774
   0.41603 -0.0144935 -0.0155774   0.436031
IMAGINARY
          0   0.0195162  -0.0159481  0.00140317
 -0.0195162           0  -0.0145611  -0.0219401
  0.0159481   0.0145611           0  0.00843409
-0.00140317   0.0219401 -0.00843409           0
EndNode1[0]<--->Repeater1[0]
REAL
   0.462217 -0.00105627  -0.0228679    0.420031
-0.00105627   0.0528967 -0.00402007  0.00449524
 -0.0228679 -0.00402007   0.0428212  -0.0173164
   0.420031  0.00449524  -0.0173164    0.442065
IMAGINARY
           0  -0.00895838  -0.00788625  -0.00421389
  0.00895838            0  0.000256102   0.00535461
  0.00788625 -0.000256102            0   0.00389509
  0.00421389  -0.00535461  -0.00389509            0
EndNode2[0]<--->HoM1[0]
REAL
   0.501295 -0.00432621  0.00772094    0.419171
-0.00432621   0.0505181 0.000829146 -0.00397094
 0.00772094 0.000829146   0.0284974  0.00307621
   0.419171 -0.00397094  0.00307621    0.419689
IMAGINARY
          0  0.00459645  -0.0246014  -0.0128598
-0.00459645           0  0.00102913 -0.00806194
  0.0246014 -0.00102913           0   0.0167603
  0.0128598  0.00806194  -0.0167603           0
Repeater1[0]<--->EndNode1[0]
REAL
   0.462217  -0.0228679 -0.00105627    0.420031
 -0.0228679   0.0428212 -0.00402007  -0.0173164
-0.00105627 -0.00402007   0.0528967  0.00449524
   0.420031  -0.0173164  0.00449524    0.442065
IMAGINARY
           0  -0.00788625  -0.00895838  -0.00421389
  0.00788625            0 -0.000256102   0.00389509
  0.00895838  0.000256102            0   0.00535461
  0.00421389  -0.00389509  -0.00535461            0
Repeater1[0]<--->HoM1[0]
REAL
   0.501295  0.00772094 -0.00432621    0.419171
 0.00772094   0.0284974 0.000829146  0.00307621
-0.00432621 0.000829146   0.0505181 -0.00397094
   0.419171  0.00307621 -0.00397094    0.419689
IMAGINARY
          0  -0.0246014  0.00459645  -0.0128598
  0.0246014           0 -0.00102913   0.0167603
-0.00459645  0.00102913           0 -0.00806194
  0.0128598  -0.0167603  0.00806194           0
EndNode1[0]<--->Repeater1[0]
REAL
     0.45756   -0.0233784   -0.0152282     0.400727
  -0.0233784    0.0450928   0.00612912 -0.000942524
  -0.0152282   0.00612912    0.0530504    0.0123823
    0.400727 -0.000942524    0.0123823     0.444297
IMAGINARY
          0    0.013307 -0.00359766  -0.0214379
  -0.013307           0   0.0121442 -0.00101368
 0.00359766  -0.0121442           0  -0.0139657
  0.0214379  0.00101368   0.0139657           0
EndNode2[0]<--->HoM1[0]
REAL
    0.46051 -0.00921946   0.0140939    0.417579
-0.00921946   0.0473876  0.00393675  0.00146765
  0.0140939  0.00393675   0.0595383   0.0329001
   0.417579  0.00146765   0.0329001    0.432564
IMAGINARY
          0    0.018068  0.00661717 -0.00691583
  -0.018068           0  0.00941583 -0.00849452
-0.00661717 -0.00941583           0   -0.012436
 0.00691583  0.00849452    0.012436           0
Repeater1[0]<--->EndNode1[0]
REAL
     0.45756   -0.0152282   -0.0233784     0.400727
  -0.0152282    0.0530504   0.00612912    0.0123823
  -0.0233784   0.00612912    0.0450928 -0.000942524
    0.400727    0.0123823 -0.000942524     0.444297
IMAGINARY
          0 -0.00359766    0.013307  -0.0214379
 0.00359766           0  -0.0121442  -0.0139657
  -0.013307   0.0121442           0 -0.00101368
  0.0214379   0.0139657  0.00101368           0
Repeater1[0]<--->HoM1[0]
REAL
    0.46051   0.0140939 -0.00921946    0.417579
  0.0140939   0.0595383  0.00393675   0.0329001
-0.00921946  0.00393675   0.0473876  0.00146765
   0.417579   0.0329001  0.00146765    0.432564
IMAGINARY
          0  0.00661717    0.018068 -0.00691583
-0.00661717           0 -0.00941583   -0.012436
  -0.018068  0.00941583           0 -0.00849452
 0.00691583    0.012436  0.00849452           0
EndNode1[0]<--->Repeater1[0]
REAL
    0.44802  -0.0139949 -0.00144881    0.392847
 -0.0139949   0.0507426  0.00247293   0.0125326
-0.00144881  0.00247293   0.0519802   0.0139949
   0.392847   0.0125326   0.0139949    0.449257
IMAGINARY
          0  0.00635804  -0.0164361  -0.0297974
-0.00635804           0  -0.0137083  -0.0223339
  0.0164361   0.0137083           0  0.00567405
  0.0297974   0.0223339 -0.00567405           0
EndNode2[0]<--->HoM1[0]
REAL
  0.452107 -0.0247414 -0.0333983   0.404651
-0.0247414  0.0319285  0.0132599 0.00354753
-0.0333983  0.0132599  0.0574713 -0.0175472
  0.404651 0.00354753 -0.0175472   0.458493
IMAGINARY
         0  0.0115515 -0.0115894  0.0260774
-0.0115515          0 -0.0126726 -0.0115894
 0.0115894  0.0126726          0  0.0142763
-0.0260774  0.0115894 -0.0142763          0
Repeater1[0]<--->EndNode1[0]
REAL
    0.44802 -0.00144881  -0.0139949    0.392847
-0.00144881   0.0519802  0.00247293   0.0139949
 -0.0139949  0.00247293   0.0507426   0.0125326
   0.392847   0.0139949   0.0125326    0.449257
IMAGINARY
          0  -0.0164361  0.00635804  -0.0297974
  0.0164361           0   0.0137083  0.00567405
-0.00635804  -0.0137083           0  -0.0223339
  0.0297974 -0.00567405   0.0223339           0
Repeater1[0]<--->HoM1[0]
REAL
  0.452107 -0.0333983 -0.0247414   0.404651
-0.0333983  0.0574713  0.0132599 -0.0175472
-0.0247414  0.0132599  0.0319285 0.00354753
  0.404651 -0.0175472 0.00354753   0.458493
IMAGINARY
         0 -0.0115894  0.0115515  0.0260774
 0.0115894          0  0.0126726  0.0142763
-0.0115515 -0.0126726          0 -0.0115894
-0.0260774 -0.0142763  0.0115894          0
EndNode1[0]<--->Repeater1[0]
REAL
   0.454172  0.00117372 -0.00943396     0.41042
 0.00117372   0.0533516  0.00645057  0.00943396
-0.00943396  0.00645057   0.0519836  0.00616125
    0.41042  0.00943396  0.00616125    0.440492
IMAGINARY
           0    0.0185816  -0.00102287  0.000625822
  -0.0185816            0 -2.26861e-05   -0.0149823
  0.00102287  2.26861e-05            0   0.00638643
-0.000625822    0.0149823  -0.00638643            0
EndNode2[0]<--->HoM1[0]
REAL
   0.468387  0.00787296  -0.0161777    0.418307
 0.00787296   0.0296774  0.00944957 0.000334855
 -0.0161777  0.00944957   0.0451613  -0.0097741
   0.418307 0.000334855  -0.0097741    0.456774
IMAGINARY
           0   -0.0128575    0.0157575  -0.00701909
   0.0128575            0   -0.0190292 -0.000995031
  -0.0157575    0.0190292            0   -0.0288626
  0.00701909  0.000995031    0.0288626            0
Repeater1[0]<--->EndNode1[0]
REAL
   0.454172 -0.00943396  0.00117372     0.41042
-0.00943396   0.0519836  0.00645057  0.00616125
 0.00117372  0.00645057   0.0533516  0.00943396
    0.41042  0.00616125  0.00943396    0.440492
IMAGINARY
           0  -0.00102287    0.0185816  0.000625822
  0.00102287            0  2.26861e-05   0.00638643
  -0.0185816 -2.26861e-05            0   -0.0149823
-0.000625822  -0.00638643    0.0149823            0
Repeater1[0]<--->HoM1[0]
REAL
   0.468387  -0.0161777  0.00787296    0.418307
 -0.0161777   0.0451613  0.00944957  -0.0097741
 0.00787296  0.00944957   0.0296774 0.000334855
   0.418307  -0.0097741 0.000334855    0.456774
IMAGINARY
           0    0.0157575   -0.0128575  -0.00701909
  -0.0157575            0    0.0190292   -0.0288626
   0.0128575   -0.0190292            0 -0.000995031
  0.00701909    0.0288626  0.000995031            0
EndNode1[0]<--->Repeater1[0]
REAL
   0.504814 -0.00280037 -0.00391134    0.399126
-0.00280037    0.045392   0.0109126 -0.00065189
-0.00391134   0.0109126   0.0495186  -0.0239271
   0.399126 -0.00065189  -0.0239271    0.400275
IMAGINARY
          0 -0.00178173     0.00499  -0.0194751
 0.00178173           0  0.00270489   0.0101983
   -0.00499 -0.00270489           0  -0.0231271
  0.0194751  -0.0101983   0.0231271           0
EndNode2[0]<--->HoM1[0]
REAL
    0.457393    0.0126034   0.00513233     0.394454
   0.0126034    0.0451128  -0.00907856  -0.00183852
  0.00513233  -0.00907856    0.0426065 -8.69431e-05
    0.394454  -0.00183852 -8.69431e-05     0.454887
IMAGINARY
          0  -0.0102692  -0.0102437  -0.0109722
  0.0102692           0  -0.0135561 -0.00198452
  0.0102437   0.0135561           0   0.0129866
  0.0109722  0.00198452  -0.0129866           0
Repeater1[0]<--->EndNode1[0]
REAL
   0.504814 -0.00391134 -0.00280037    0.399126
-0.00391134   0.0495186   0.0109126  -0.0239271
-0.00280037   0.0109126    0.045392 -0.00065189
   0.399126  -0.0239271 -0.00065189    0.400275
IMAGINARY
          0     0.00499 -0.00178173  -0.0194751
   -0.00499           0 -0.00270489  -0.0231271
 0.00178173  0.00270489           0   0.0101983
  0.0194751   0.0231271  -0.0101983           0
Repeater1[0]<--->HoM1[0]
REAL
    0.457393   0.00513233    0.0126034     0.394454
  0.00513233    0.0426065  -0.00907856 -8.69431e-05
   0.0126034  -0.00907856    0.0451128  -0.00183852
    0.394454 -8.69431e-05  -0.00183852     0.454887
IMAGINARY
          0  -0.0102437  -0.0102692  -0.0109722
  0.0102437           0   0.0135561   0.0129866
  0.0102692  -0.0135561           0 -0.00198452
  0.0109722  -0.0129866  0.00198452           0
EndNode1[0]<--->Repeater1[0]
REAL
   0.455137 -0.00604718 0.000972756    0.399415
-0.00604718   0.0377113   0.0210541 -0.00162465
0.000972756   0.0210541   0.0650195  0.00930663
   0.399415 -0.00162465  0.00930663    0.442133
IMAGINARY
          0  -0.0175507   0.0295028   0.0188074
  0.0175507           0 -0.00455709 -0.00837601
 -0.0295028  0.00455709           0  -0.0150997
 -0.0188074  0.00837601   0.0150997           0
EndNode2[0]<--->HoM1[0]
REAL
  0.438926   0.012178  0.0131474   0.414016
  0.012178   0.042953 0.00254419  0.0118847
 0.0131474 0.00254419  0.0483221  0.0115704
  0.414016  0.0118847  0.0115704   0.469799
IMAGINARY
          0  0.00585347 -0.00199956  0.00579915
-0.00585347           0   0.0291152    0.018209
 0.00199956  -0.0291152           0  -0.0158285
-0.00579915   -0.018209   0.0158285           0
Repeater1[0]<--->EndNode1[0]
REAL
   0.455137 0.000972756 -0.00604718    0.399415
0.000972756   0.0650195   0.0210541  0.00930663
-0.00604718   0.0210541   0.0377113 -0.00162465
   0.399415  0.00930663 -0.00162465    0.442133
IMAGINARY
          0   0.0295028  -0.0175507   0.0188074
 -0.0295028           0  0.00455709  -0.0150997
  0.0175507 -0.00455709           0 -0.00837601
 -0.0188074   0.0150997  0.00837601           0
Repeater1[0]<--->HoM1[0]
REAL
  0.438926  0.0131474   0.012178   0.414016
 0.0131474  0.0483221 0.00254419  0.0115704
  0.012178 0.00254419   0.042953  0.0118847
  0.414016  0.0115704  0.0118847   0.469799
IMAGINARY
          0 -0.00199956  0.00585347  0.00579915
 0.00199956           0  -0.0291152  -0.0158285
-0.00585347   0.0291152           0    0.018209
-0.00579915   0.0158285   -0.018209           0
EndNode1[0]<--->Repeater1[0]
REAL
  0.477273 -0.0023691 0.00470574   0.406124
-0.0023691  0.0530303 0.00808495 -0.0234725
0.00470574 0.00808495  0.0542929 -0.0190786
  0.406124 -0.0234725 -0.0190786   0.415404
IMAGINARY
          0 -0.00635388 -0.00728758  0.00701597
 0.00635388           0   0.0347595  0.00271242
 0.00728758  -0.0347595           0   0.0135434
-0.00701597 -0.00271242  -0.0135434           0
EndNode2[0]<--->HoM1[0]
REAL
   0.422336   0.0136931 0.000835337    0.406459
  0.0136931   0.0397946  0.00560175  0.00670235
0.000835337  0.00560175   0.0526316   0.0189702
   0.406459  0.00670235   0.0189702    0.485237
IMAGINARY
           0   0.00454837   -0.0187834  0.000275995
 -0.00454837            0    0.0156391   0.00593147
   0.0187834   -0.0156391            0  -0.00516037
-0.000275995  -0.00593147   0.00516037            0
Repeater1[0]<--->EndNode1[0]
REAL
  0.477273 0.00470574 -0.0023691   0.406124
0.00470574  0.0542929 0.00808495 -0.0190786
-0.0023691 0.00808495  0.0530303 -0.0234725
  0.406124 -0.0190786 -0.0234725   0.415404
IMAGINARY
          0 -0.00728758 -0.00635388  0.00701597
 0.00728758           0  -0.0347595   0.0135434
 0.00635388   0.0347595           0  0.00271242
-0.00701597  -0.0135434 -0.00271242           0
Repeater1[0]<--->HoM1[0]
REAL
   0.422336 0.000835337   0.0136931    0.406459
0.000835337   0.0526316  0.00560175   0.0189702
  0.0136931  0.00560175   0.0397946  0.00670235
   0.406459   0.0189702  0.00670235    0.485237
IMAGINARY
           0   -0.0187834   0.00454837  0.000275995
   0.0187834            0   -0.0156391  -0.00516037
 -0.00454837    0.0156391            0   0.00593147
-0.000275995   0.00516037  -0.00593147            0
EndNode1[0]<--->Repeater1[0]
REAL
  0.463198 0.00353883 -0.0222855   0.421631
0.00353883  0.0393401 0.00831424 -0.0148025
-0.0222855 0.00831424  0.0545685 -0.0310114
  0.421631 -0.0148025 -0.0310114   0.442893
IMAGINARY
          0 -0.00219255  0.00635086 -0.00353928
 0.00219255           0 -0.00983651   0.0124934
-0.00635086  0.00983651           0 -0.00534514
 0.00353928  -0.0124934  0.00534514           0
EndNode2[0]<--->HoM1[0]
REAL
   0.464844 -0.00146737 -0.00787923    0.411496
-0.00146737   0.0403646  0.00474759  -0.0162324
-0.00787923  0.00474759   0.0598958   -0.012492
   0.411496  -0.0162324   -0.012492    0.434896
IMAGINARY
          0   0.0171639 -0.00430271  0.00640468
 -0.0171639           0   0.0160821  -0.0183967
 0.00430271  -0.0160821           0   0.0104435
-0.00640468   0.0183967  -0.0104435           0
Repeater1[0]<--->EndNode1[0]
REAL
  0.463198 -0.0222855 0.00353883   0.421631
-0.0222855  0.0545685 0.00831424 -0.0310114
0.00353883 0.00831424  0.0393401 -0.0148025
  0.421631 -0.0310114 -0.0148025   0.442893
IMAGINARY
          0  0.00635086 -0.00219255 -0.00353928
-0.00635086           0  0.00983651 -0.00534514
 0.00219255 -0.00983651           0   0.0124934
 0.00353928  0.00534514  -0.0124934           0
Repeater1[0]<--->HoM1[0]
REAL
   0.464844 -0.00787923 -0.00146737    0.411496
-0.00787923   0.0598958  0.00474759   -0.012492
-0.00146737  0.00474759   0.0403646  -0.0162324
   0.411496   -0.012492  -0.0162324    0.434896
IMAGINARY
          0 -0.00430271   0.0171639  0.00640468
 0.00430271           0  -0.0160821   0.0104435
 -0.0171639   0.0160821           0  -0.0183967
-0.00640468  -0.0104435   0.0183967           0
EndNode1[0]<--->Repeater1[0]
REAL
    0.469016 -0.000819843     0.012994     0.405823
-0.000819843    0.0437424  -0.00112326  -0.00255009
    0.012994  -0.00112326    0.0486027    0.0151802
    0.405823  -0.00255009    0.0151802     0.438639
IMAGINARY
          0  -0.0140831 -0.00853311  0.00935981
  0.0140831           0  -0.0117464  0.00918841
 0.00853311   0.0117464           0   0.0173596
-0.00935981 -0.00918841  -0.0173596           0
EndNode2[0]<--->HoM1[0]
REAL
    0.46201  -0.0219506 -0.00686229    0.398477
 -0.0219506   0.0392157  0.00634518  -0.0197875
-0.00686229  0.00634518   0.0465686 -0.00850628
   0.398477  -0.0197875 -0.00850628    0.452206
IMAGINARY
           0   -0.0110017   0.00980849    0.0151431
   0.0110017            0    0.0178313  -0.00727042
 -0.00980849   -0.0178313            0 -0.000419655
  -0.0151431   0.00727042  0.000419655            0
Repeater1[0]<--->EndNode1[0]
REAL
    0.469016     0.012994 -0.000819843     0.405823
    0.012994    0.0486027  -0.00112326    0.0151802
-0.000819843  -0.00112326    0.0437424  -0.00255009
    0.405823    0.0151802  -0.00255009     0.438639
IMAGINARY
          0 -0.00853311  -0.0140831  0.00935981
 0.00853311           0   0.0117464   0.0173596
  0.0140831  -0.0117464           0  0.00918841
-0.00935981  -0.0173596 -0.00918841           0
Repeater1[0]<--->HoM1[0]
REAL
    0.46201 -0.00686229  -0.0219506    0.398477
-0.00686229   0.0465686  0.00634518 -0.00850628
 -0.0219506  0.00634518   0.0392157  -0.0197875
   0.398477 -0.00850628  -0.0197875    0.452206
IMAGINARY
           0   0.00980849   -0.0110017    0.0151431
 -0.00980849            0   -0.0178313 -0.000419655
   0.0110017    0.0178313            0  -0.00727042
  -0.0151431  0.000419655   0.00727042            0
EndNode1[0]<--->Repeater1[0]
REAL
   0.470588   0.0183289  -0.0130222    0.404361
  0.0183289   0.0525657    0.020671   0.0149281
 -0.0130222    0.020671    0.048811 -0.00498713
   0.404361   0.0149281 -0.00498713    0.428035
IMAGINARY
          0  0.00640468  0.00610323  0.00743972
-0.00640468           0  0.00258535 -0.00476633
-0.00610323 -0.00258535           0  0.00161671
-0.00743972  0.00476633 -0.00161671           0
EndNode2[0]<--->HoM1[0]
REAL
    0.46545 -0.00998406  0.00689223    0.412154
-0.00998406   0.0365059  0.00388568  0.00689223
 0.00689223  0.00388568    0.041721   0.0175029
   0.412154  0.00689223   0.0175029    0.456323
IMAGINARY
          0   -0.015989 -0.00293857  -0.0145948
   0.015989           0 -0.00764156   0.0378223
 0.00293857  0.00764156           0  -0.0227707
  0.0145948  -0.0378223   0.0227707           0
Repeater1[0]<--->EndNode1[0]
REAL
   0.470588  -0.0130222   0.0183289    0.404361
 -0.0130222    0.048811    0.020671 -0.00498713
  0.0183289    0.020671   0.0525657   0.0149281
   0.404361 -0.00498713   0.0149281    0.428035
IMAGINARY
          0  0.00610323  0.00640468  0.00743972
-0.00610323           0 -0.00258535  0.00161671
-0.00640468  0.00258535           0 -0.00476633
-0.00743972 -0.00161671  0.00476633           0
Repeater1[0]<--->HoM1[0]
REAL
    0.46545  0.00689223 -0.00998406    0.412154
 0.00689223    0.041721  0.00388568   0.0175029
-0.00998406  0.00388568   0.0365059  0.00689223
   0.412154   0.0175029  0.00689223    0.456323
IMAGINARY
          0 -0.00293857   -0.015989  -0.0145948
 0.00293857           0  0.00764156  -0.0227707
   0.015989 -0.00764156           0   0.0378223
  0.0145948   0.0227707  -0.0378223           0
EndNode1[0]<--->Repeater1[0]
REAL
    0.478819     0.032354    0.0185285     0.410394
    0.032354    0.0539153 -0.000600475   0.00982202
   0.0185285 -0.000600475     0.055199   0.00630575
    0.410394   0.00982202   0.00630575     0.412067
IMAGINARY
           0    0.0240103   0.00363565  0.000406754
  -0.0240103            0   -0.0198547     0.014689
 -0.00363565    0.0198547            0   -0.0135391
-0.000406754    -0.014689    0.0135391            0
EndNode2[0]<--->HoM1[0]
REAL
   0.432364  0.00422492 -0.00770226    0.415608
 0.00422492   0.0581542    0.016151  -0.0172321
-0.00770226    0.016151   0.0417193  -0.0212853
   0.415608  -0.0172321  -0.0212853    0.467762
IMAGINARY
          0  0.00637342 -0.00538675  0.00955018
-0.00637342           0  0.00826152 -0.00412412
 0.00538675 -0.00826152           0    0.014007
-0.00955018  0.00412412   -0.014007           0
Repeater1[0]<--->EndNode1[0]
REAL
    0.478819    0.0185285     0.032354     0.410394
   0.0185285     0.055199 -0.000600475   0.00630575
    0.032354 -0.000600475    0.0539153   0.00982202
    0.410394   0.00630575   0.00982202     0.412067
IMAGINARY
           0   0.00363565    0.0240103  0.000406754
 -0.00363565            0    0.0198547   -0.0135391
  -0.0240103   -0.0198547            0     0.014689
-0.000406754    0.0135391    -0.014689            0
Repeater1[0]<--->HoM1[0]
REAL
   0.432364 -0.00770226  0.00422492    0.415608
-0.00770226   0.0417193    0.016151  -0.0212853
 0.00422492    0.016151   0.0581542  -0.0172321
   0.415608  -0.0212853  -0.0172321    0.467762
IMAGINARY
          0 -0.00538675  0.00637342  0.00955018
 0.00538675           0 -0.00826152    0.014007
-0.00637342  0.00826152           0 -0.00412412
-0.00955018   -0.014007  0.00412412           0
EndNode1[0]<--->Repeater1[0]
REAL
   0.477673    0.021645   0.0117804     0.40043
   0.021645   0.0500677   0.0112548  0.00588264
  0.0117804   0.0112548   0.0568336 -0.00805801
    0.40043  0.00588264 -0.00805801    0.415426
IMAGINARY
          0  0.00348696 -0.00973798 -0.00187921
-0.00348696           0  -0.0044499  -0.0160352
 0.00973798   0.0044499           0  -0.0112189
 0.00187921   0.0160352   0.0112189           0
EndNode2[0]<--->HoM1[0]
REAL
  0.47569 0.0159238 0.0122919  0.418534
0.0159238 0.0367937 0.0164788 0.0195383
0.0122919 0.0164788  0.043364 0.0172327
 0.418534 0.0195383 0.0172327  0.444152
IMAGINARY
          0   0.0094427  -0.0234885 -0.00485208
 -0.0094427           0  0.00237683   0.0265115
  0.0234885 -0.00237683           0  -0.0136749
 0.00485208  -0.0265115   0.0136749           0
Repeater1[0]<--->EndNode1[0]
REAL
   0.477673   0.0117804    0.021645     0.40043
  0.0117804   0.0568336   0.0112548 -0.00805801
   0.021645   0.0112548   0.0500677  0.00588264
    0.40043 -0.00805801  0.00588264    0.415426
IMAGINARY
          0 -0.00973798  0.00348696 -0.00187921
 0.00973798           0   0.0044499  -0.0112189
-0.00348696  -0.0044499           0  -0.0160352
 0.00187921   0.0112189   0.0160352           0
Repeater1[0]<--->HoM1[0]
REAL
  0.47569 0.0122919 0.0159238  0.418534
0.0122919  0.043364 0.0164788 0.0172327
0.0159238 0.0164788 0.0367937 0.0195383
 0.418534 0.0172327 0.0195383  0.444152
IMAGINARY
          0  -0.0234885   0.0094427 -0.00485208
  0.0234885           0 -0.00237683  -0.0136749
 -0.0094427  0.00237683           0   0.0265115
 0.00485208   0.0136749  -0.0265115           0
EndNode1[0]<--->Repeater1[0]
REAL
    0.473159  -0.00561572   -0.0135849     0.412065
 -0.00561572    0.0337079   0.00449124 -0.000322343
  -0.0135849   0.00449124    0.0424469  -0.00696707
    0.412065 -0.000322343  -0.00696707     0.450687
IMAGINARY
           0   -0.0299965     0.024658 -0.000789721
   0.0299965            0    0.0104985   0.00807632
   -0.024658   -0.0104985            0  -0.00530516
 0.000789721  -0.00807632   0.00530516            0
EndNode2[0]<--->HoM1[0]
REAL
   0.441253   0.0102685  0.00246438    0.407274
  0.0102685   0.0496084  0.00624591 -0.00916353
 0.00246438  0.00624591   0.0430809  -0.0108775
   0.407274 -0.00916353  -0.0108775    0.466057
IMAGINARY
          0 -0.00256578 -0.00263355  0.00580808
 0.00256578           0  0.00977633 -0.00507854
 0.00263355 -0.00977633           0 -0.00129027
-0.00580808  0.00507854  0.00129027           0
Repeater1[0]<--->EndNode1[0]
REAL
    0.473159   -0.0135849  -0.00561572     0.412065
  -0.0135849    0.0424469   0.00449124  -0.00696707
 -0.00561572   0.00449124    0.0337079 -0.000322343
    0.412065  -0.00696707 -0.000322343     0.450687
IMAGINARY
           0     0.024658   -0.0299965 -0.000789721
   -0.024658            0   -0.0104985  -0.00530516
   0.0299965    0.0104985            0   0.00807632
 0.000789721   0.00530516  -0.00807632            0
Repeater1[0]<--->HoM1[0]
REAL
   0.441253  0.00246438   0.0102685    0.407274
 0.00246438   0.0430809  0.00624591  -0.0108775
  0.0102685  0.00624591   0.0496084 -0.00916353
   0.407274  -0.0108775 -0.00916353    0.466057
IMAGINARY
          0 -0.00263355 -0.00256578  0.00580808
 0.00263355           0 -0.00977633 -0.00129027
 0.00256578  0.00977633           0 -0.00507854
-0.00580808  0.00129027  0.00507854           0
EndNode1[0]<--->Repeater1[0]
REAL
   0.478488   0.0195567   0.0240188    0.401828
  0.0195567   0.0286832  0.00299565 -0.00250641
  0.0240188  0.00299565   0.0573664   0.0215124
   0.401828 -0.00250641   0.0215124    0.435463
IMAGINARY
         0 -0.0153454  0.0170255  0.0130258
 0.0153454          0 -0.0010157  0.0225335
-0.0170255  0.0010157          0 -0.0294017
-0.0130258 -0.0225335  0.0294017          0
EndNode2[0]<--->HoM1[0]
REAL
   0.467089   0.0180182   0.0186348    0.406511
  0.0180182   0.0455696 -0.00422656  0.00547689
  0.0186348 -0.00422656   0.0417722  0.00228635
   0.406511  0.00547689  0.00228635     0.44557
IMAGINARY
          0  -0.0123759 -0.00556206   0.0102537
  0.0123759           0  -0.0108906  0.00103425
 0.00556206   0.0108906           0   0.0104354
 -0.0102537 -0.00103425  -0.0104354           0
Repeater1[0]<--->EndNode1[0]
REAL
   0.478488   0.0240188   0.0195567    0.401828
  0.0240188   0.0573664  0.00299565   0.0215124
  0.0195567  0.00299565   0.0286832 -0.00250641
   0.401828   0.0215124 -0.00250641    0.435463
IMAGINARY
         0  0.0170255 -0.0153454  0.0130258
-0.0170255          0  0.0010157 -0.0294017
 0.0153454 -0.0010157          0  0.0225335
-0.0130258  0.0294017 -0.0225335          0
Repeater1[0]<--->HoM1[0]
REAL
   0.467089   0.0186348   0.0180182    0.406511
  0.0186348   0.0417722 -0.00422656  0.00228635
  0.0180182 -0.00422656   0.0455696  0.00547689
   0.406511  0.00228635  0.00547689     0.44557
IMAGINARY
          0 -0.00556206  -0.0123759   0.0102537
 0.00556206           0   0.0108906   0.0104354
  0.0123759  -0.0108906           0  0.00103425
 -0.0102537  -0.0104354 -0.00103425           0
EndNode1[0]<--->Repeater1[0]
REAL
   0.447122   0.0147669  0.00625932    0.386882
  0.0147669   0.0535475  0.00805424 -0.00752514
 0.00625932  0.00805424   0.0495315  -0.0223618
   0.386882 -0.00752514  -0.0223618    0.449799
IMAGINARY
           0   0.00698803   0.00523345    0.0072044
 -0.00698803            0  -0.00396186 -0.000572999
 -0.00523345   0.00396186            0   0.00566177
  -0.0072044  0.000572999  -0.00566177            0
EndNode2[0]<--->HoM1[0]
REAL
   0.474597  -0.0202246  -0.0189364    0.412241
 -0.0202246   0.0433705 -0.00138876  0.00730852
 -0.0189364 -0.00138876   0.0371747  -0.0159511
   0.412241  0.00730852  -0.0159511    0.444857
IMAGINARY
          0   -0.015327 -0.00680459    -0.01464
   0.015327           0   0.0152852   0.0277223
 0.00680459  -0.0152852           0  0.00250652
    0.01464  -0.0277223 -0.00250652           0
Repeater1[0]<--->EndNode1[0]
REAL
   0.447122  0.00625932   0.0147669    0.386882
 0.00625932   0.0495315  0.00805424  -0.0223618
  0.0147669  0.00805424   0.0535475 -0.00752514
   0.386882  -0.0223618 -0.00752514    0.449799
IMAGINARY
           0   0.00523345   0.00698803    0.0072044
 -0.00523345            0   0.00396186   0.00566177
 -0.00698803  -0.00396186            0 -0.000572999
  -0.0072044  -0.00566177  0.000572999            0
Repeater1[0]<--->HoM1[0]
REAL
   0.474597  -0.0189364  -0.0202246    0.412241
 -0.0189364   0.0371747 -0.00138876  -0.0159511
 -0.0202246 -0.00138876   0.0433705  0.00730852
   0.412241  -0.0159511  0.00730852    0.444857
IMAGINARY
          0 -0.00680459   -0.015327    -0.01464
 0.00680459           0  -0.0152852  0.00250652
   0.015327   0.0152852           0   0.0277223
    0.01464 -0.00250652  -0.0277223           0
EndNode1[0]<--->Repeater1[0]
REAL
  0.482667 0.00612163 0.00747194   0.406933
0.00612163  0.0466667 0.00487138  0.0040613
0.00747194 0.00487138      0.052 0.00676846
  0.406933  0.0040613 0.00676846   0.418667
IMAGINARY
           0 -0.000916962   0.00159152  -0.00961142
 0.000916962            0   -0.0184498  -0.00416884
 -0.00159152    0.0184498            0    0.0060716
  0.00961142   0.00416884   -0.0060716            0
EndNode2[0]<--->HoM1[0]
REAL
  0.495968 -0.0124017 0.00154131   0.418473
-0.0124017  0.0403226  0.0112437 0.00154131
0.00154131  0.0112437  0.0376344 0.00685298
  0.418473 0.00154131 0.00685298   0.426075
IMAGINARY
           0  0.000834472   -0.0112272  0.000982535
-0.000834472            0   0.00300683   -0.0333511
   0.0112272  -0.00300683            0    0.0232619
-0.000982535    0.0333511   -0.0232619            0
Repeater1[0]<--->EndNode1[0]
REAL
  0.482667 0.00747194 0.00612163   0.406933
0.00747194      0.052 0.00487138 0.00676846
0.00612163 0.00487138  0.0466667  0.0040613
  0.406933 0.00676846  0.0040613   0.418667
IMAGINARY
           0   0.00159152 -0.000916962  -0.00961142
 -0.00159152            0    0.0184498    0.0060716
 0.000916962   -0.0184498            0  -0.00416884
  0.00961142   -0.0060716   0.00416884            0
Repeater1[0]<--->HoM1[0]
REAL
  0.495968 0.00154131 -0.0124017   0.418473
0.00154131  0.0376344  0.0112437 0.00685298
-0.0124017  0.0112437  0.0403226 0.00154131
  0.418473 0.00685298 0.00154131   0.426075
IMAGINARY
           0   -0.0112272  0.000834472  0.000982535
   0.0112272            0  -0.00300683    0.0232619
-0.000834472   0.00300683            0   -0.0333511
-0.000982535   -0.0232619    0.0333511            0
EndNode1[0]<--->Repeater1[0]
REAL
    0.452703 -0.000137648   -0.0094514     0.399291
-0.000137648    0.0581081   0.00448534   -0.0167362
  -0.0094514   0.00448534    0.0459459    -0.029704
    0.399291   -0.0167362    -0.029704     0.443243
IMAGINARY
          0  0.00534479   0.0162762  -0.0036956
-0.00534479           0 -0.00829481   0.0187887
 -0.0162762  0.00829481           0  -0.0235266
  0.0036956  -0.0187887   0.0235266           0
EndNode2[0]<--->HoM1[0]
REAL
   0.435115  0.00874306  -0.0115388    0.407889
 0.00874306   0.0496183   0.0180372  0.00624778
 -0.0115388   0.0180372   0.0496183 -0.00345206
   0.407889  0.00624778 -0.00345206    0.465649
IMAGINARY
          0 -0.00265831   0.0387514  -0.0135757
 0.00265831           0 -0.00430505 -0.00286027
 -0.0387514  0.00430505           0  -0.0146684
  0.0135757  0.00286027   0.0146684           0
Repeater1[0]<--->EndNode1[0]
REAL
    0.452703   -0.0094514 -0.000137648     0.399291
  -0.0094514    0.0459459   0.00448534    -0.029704
-0.000137648   0.00448534    0.0581081   -0.0167362
    0.399291    -0.029704   -0.0167362     0.443243
IMAGINARY
          0   0.0162762  0.00534479  -0.0036956
 -0.0162762           0  0.00829481  -0.0235266
-0.00534479 -0.00829481           0   0.0187887
  0.0036956   0.0235266  -0.0187887           0
Repeater1[0]<--->HoM1[0]
REAL
   0.435115  -0.0115388  0.00874306    0.407889
 -0.0115388   0.0496183   0.0180372 -0.00345206
 0.00874306   0.0180372   0.0496183  0.00624778
   0.407889 -0.00345206  0.00624778    0.465649
IMAGINARY
          0   0.0387514 -0.00265831  -0.0135757
 -0.0387514           0  0.00430505  -0.0146684
 0.00265831 -0.00430505           0 -0.00286027
  0.0135757   0.0146684  0.00286027           0
EndNode1[0]<--->Repeater1[0]
REAL
   0.470588 -0.00946652 -0.00436603    0.406696
-0.00946652   0.0437756  0.00997061 -0.00699761
-0.00436603  0.00997061   0.0383037 -0.00694762
   0.406696 -0.00699761 -0.00694762    0.447332
IMAGINARY
          0 -0.00470248 -0.00280557  0.00332322
 0.00470248           0   0.0200758  -0.0047511
 0.00280557  -0.0200758           0    0.014778
-0.00332322   0.0047511   -0.014778           0
EndNode2[0]<--->HoM1[0]
REAL
   0.451861  0.00926922  -0.0116669    0.411363
 0.00926922   0.0487805 -0.00542282 0.000528254
 -0.0116669 -0.00542282   0.0500642  -0.0129821
   0.411363 0.000528254  -0.0129821    0.449294
IMAGINARY
          0  -0.0146085   0.0148546  -0.0189916
  0.0146085           0   0.0106476   0.0059488
 -0.0148546  -0.0106476           0 -0.00619499
  0.0189916  -0.0059488  0.00619499           0
Repeater1[0]<--->EndNode1[0]
REAL
   0.470588 -0.00436603 -0.00946652    0.406696
-0.00436603   0.0383037  0.00997061 -0.00694762
-0.00946652  0.00997061   0.0437756 -0.00699761
   0.406696 -0.00694762 -0.00699761    0.447332
IMAGINARY
          0 -0.00280557 -0.00470248  0.00332322
 0.00280557           0  -0.0200758    0.014778
 0.00470248   0.0200758           0  -0.0047511
-0.00332322   -0.014778   0.0047511           0
Repeater1[0]<--->HoM1[0]
REAL
   0.451861  -0.0116669  0.00926922    0.411363
 -0.0116669   0.0500642 -0.00542282  -0.0129821
 0.00926922 -0.00542282   0.0487805 0.000528254
   0.411363  -0.0129821 0.000528254    0.449294
IMAGINARY
          0   0.0148546  -0.0146085  -0.0189916
 -0.0148546           0  -0.0106476 -0.00619499
  0.0146085   0.0106476           0   0.0059488
  0.0189916  0.00619499  -0.0059488           0
EndNode1[0]<--->Repeater1[0]
REAL
  0.487469  0.0250596   0.020837   0.405833
 0.0250596  0.0413534 0.00570521  0.0150604
  0.020837 0.00570521  0.0488722 0.00955575
  0.405833  0.0150604 0.00955575   0.422306
IMAGINARY
          0  -0.0021944 -0.00155226   0.0103818
  0.0021944           0 -0.00632773  0.00347287
 0.00155226  0.00632773           0  -0.0125303
 -0.0103818 -0.00347287   0.0125303           0
EndNode2[0]<--->HoM1[0]
REAL
  0.510444 0.00858877   0.010481   0.400375
0.00858877  0.0430809 0.00928606  0.0202593
