EndNode1[0]<--->Repeater1[0]
REAL
  0.495695  0.0282833 -0.0137671  0.0492777
 0.0282833   0.348093  0.0081636 -0.0175645
-0.0137671  0.0081636   0.105781  0.0043538
 0.0492777 -0.0175645  0.0043538  0.0504305
IMAGINARY
          0 -0.00101853  0.00522193  0.00297326
 0.00101853           0  -0.0160623 -0.00522193
-0.00522193   0.0160623           0 -0.00428651
-0.00297326  0.00522193  0.00428651           0
EndNode2[0]<--->BSA[0]
REAL
   0.444159  -0.0130855 -0.00343723   0.0791612
 -0.0130855    0.134788   0.0208388  -0.0112294
-0.00343723   0.0208388    0.306804   0.0197522
  0.0791612  -0.0112294   0.0197522    0.114249
IMAGINARY
          0 -0.00514497   0.0040392  -0.0104864
 0.00514497           0  0.00414124 -0.00207327
 -0.0040392 -0.00414124           0  0.00973213
  0.0104864  0.00207327 -0.00973213           0
Repeater1[0]<--->EndNode1[0]
REAL
  0.495695 -0.0137671  0.0282833  0.0492777
-0.0137671   0.105781  0.0081636  0.0043538
 0.0282833  0.0081636   0.348093 -0.0175645
 0.0492777  0.0043538 -0.0175645  0.0504305
IMAGINARY
          0  0.00522193 -0.00101853  0.00297326
-0.00522193           0   0.0160623 -0.00428651
 0.00101853  -0.0160623           0 -0.00522193
-0.00297326  0.00428651  0.00522193           0
Repeater1[0]<--->BSA[0]
REAL
   0.444159 -0.00343723  -0.0130855   0.0791612
-0.00343723    0.306804   0.0208388   0.0197522
 -0.0130855   0.0208388    0.134788  -0.0112294
  0.0791612   0.0197522  -0.0112294    0.114249
IMAGINARY
          0   0.0040392 -0.00514497  -0.0104864
 -0.0040392           0 -0.00414124  0.00973213
 0.00514497  0.00414124           0 -0.00207327
  0.0104864 -0.00973213  0.00207327           0
EndNode1[0]<--->Repeater1[0]
REAL
  0.478643 -0.0162961  0.0214904  0.0176082
-0.0162961   0.363065 -0.0214543  0.0131249
 0.0214904 -0.0214543   0.106784  0.0188602
 0.0176082  0.0131249  0.0188602  0.0515075
IMAGINARY
          0 -0.00411329  -0.0114228   0.0120534
 0.00411329           0  -0.0173584  0.00751657
  0.0114228   0.0173584           0  0.00801954
 -0.0120534 -0.00751657 -0.00801954           0
EndNode2[0]<--->BSA[0]
REAL
   0.464646  0.00567705 -0.00277681   0.0870008
 0.00567705    0.106061   0.0140423 -0.00960911
-0.00277681   0.0140423    0.311869  -0.0024176
  0.0870008 -0.00960911  -0.0024176    0.117424
IMAGINARY
           0  -0.00435074    0.0123677  0.000563658
  0.00435074            0   -0.0268794   -0.0103596
  -0.0123677    0.0268794            0  -0.00435074
-0.000563658    0.0103596   0.00435074            0
Repeater1[0]<--->EndNode1[0]
REAL
  0.478643  0.0214904 -0.0162961  0.0176082
 0.0214904   0.106784 -0.0214543  0.0188602
-0.0162961 -0.0214543   0.363065  0.0131249
 0.0176082  0.0188602  0.0131249  0.0515075
IMAGINARY
          0  -0.0114228 -0.00411329   0.0120534
  0.0114228           0   0.0173584  0.00801954
 0.00411329  -0.0173584           0  0.00751657
 -0.0120534 -0.00801954 -0.00751657           0
Repeater1[0]<--->BSA[0]
REAL
   0.464646 -0.00277681  0.00567705   0.0870008
-0.00277681    0.311869   0.0140423  -0.0024176
 0.00567705   0.0140423    0.106061 -0.00960911
  0.0870008  -0.0024176 -0.00960911    0.117424
IMAGINARY
           0    0.0123677  -0.00435074  0.000563658
  -0.0123677            0    0.0268794  -0.00435074
  0.00435074   -0.0268794            0   -0.0103596
-0.000563658   0.00435074    0.0103596            0
