EndNode1[0]<--->Repeater1[0]
REAL
   0.455263   0.0159586   0.0211073   0.0850001
  0.0159586    0.171053 -0.00638373 0.000905279
  0.0211073 -0.00638373    0.217105 -0.00275107
  0.0850001 0.000905279 -0.00275107    0.156579
IMAGINARY
          0  0.00936127 -0.00553249  0.00195017
-0.00936127           0   0.0210624 -0.00491137
 0.00553249  -0.0210624           0 -0.00283385
-0.00195017  0.00491137  0.00283385           0
EndNode2[0]<--->BSA[0]
REAL
   0.427711  0.00337909   0.0404333    0.142978
 0.00337909    0.180723   0.0197519 -0.00106326
  0.0404333   0.0197519    0.145783  -0.0073161
   0.142978 -0.00106326  -0.0073161    0.245783
IMAGINARY
           0  -0.00814411  0.000247504   0.00193472
  0.00814411            0   0.00254671   -0.0163765
-0.000247504  -0.00254671            0    0.0165312
 -0.00193472    0.0163765   -0.0165312            0
Repeater1[0]<--->EndNode1[0]
REAL
   0.455263   0.0211073   0.0159586   0.0850001
  0.0211073    0.217105 -0.00638373 -0.00275107
  0.0159586 -0.00638373    0.171053 0.000905279
  0.0850001 -0.00275107 0.000905279    0.156579
IMAGINARY
          0 -0.00553249  0.00936127  0.00195017
 0.00553249           0  -0.0210624 -0.00283385
-0.00936127   0.0210624           0 -0.00491137
-0.00195017  0.00283385  0.00491137           0
Repeater1[0]<--->BSA[0]
REAL
   0.427711   0.0404333  0.00337909    0.142978
  0.0404333    0.145783   0.0197519  -0.0073161
 0.00337909   0.0197519    0.180723 -0.00106326
   0.142978  -0.0073161 -0.00106326    0.245783
IMAGINARY
           0  0.000247504  -0.00814411   0.00193472
-0.000247504            0  -0.00254671    0.0165312
  0.00814411   0.00254671            0   -0.0163765
 -0.00193472   -0.0165312    0.0163765            0
EndNode1[0]<--->Repeater1[0]
REAL
   0.458493 -0.00706609 -0.00222762     0.11882
-0.00706609    0.154534   0.0213845   0.0182327
-0.00222762   0.0213845    0.240102   0.0115475
    0.11882   0.0182327   0.0115475    0.146871
IMAGINARY
           0    0.0359185    0.0202298   -0.0011988
  -0.0359185            0    0.0141858  0.000283006
  -0.0202298   -0.0141858            0 -2.10172e-05
   0.0011988 -0.000283006  2.10172e-05            0
EndNode2[0]<--->BSA[0]
REAL
   0.419655 -0.00193791 -0.00390183    0.139332
-0.00193791    0.205843   0.0316192  -0.0128077
-0.00390183   0.0316192    0.152722 -0.00963022
   0.139332  -0.0128077 -0.00963022     0.22178
IMAGINARY
          0    -0.01164  0.00147754 -0.00433752
    0.01164           0 -0.00188654 -0.00679669
-0.00147754  0.00188654           0   0.0236081
 0.00433752  0.00679669  -0.0236081           0
Repeater1[0]<--->EndNode1[0]
REAL
   0.458493 -0.00222762 -0.00706609     0.11882
-0.00222762    0.240102   0.0213845   0.0115475
-0.00706609   0.0213845    0.154534   0.0182327
    0.11882   0.0115475   0.0182327    0.146871
IMAGINARY
           0    0.0202298    0.0359185   -0.0011988
  -0.0202298            0   -0.0141858 -2.10172e-05
  -0.0359185    0.0141858            0  0.000283006
   0.0011988  2.10172e-05 -0.000283006            0
Repeater1[0]<--->BSA[0]
REAL
   0.419655 -0.00390183 -0.00193791    0.139332
-0.00390183    0.152722   0.0316192 -0.00963022
-0.00193791   0.0316192    0.205843  -0.0128077
   0.139332 -0.00963022  -0.0128077     0.22178
IMAGINARY
          0  0.00147754    -0.01164 -0.00433752
-0.00147754           0  0.00188654   0.0236081
    0.01164 -0.00188654           0 -0.00679669
 0.00433752  -0.0236081  0.00679669           0
