EndNode1[0]<--->Repeater1[0]
REAL
   0.538818  0.00684514  -0.0156789   0.0163998
 0.00684514    0.290846   0.0190039   0.0125734
 -0.0156789   0.0190039    0.113557 -0.00995073
  0.0163998   0.0125734 -0.00995073   0.0567787
IMAGINARY
          0 -0.00289045  0.00683638   0.0201788
 0.00289045           0   0.0279108  -0.0276697
-0.00683638  -0.0279108           0 -0.00752621
 -0.0201788   0.0276697  0.00752621           0
EndNode2[0]<--->BSA[0]
REAL
   0.461146   0.0115591  0.00480467   0.0904018
  0.0115591    0.128662   0.0189732 -0.00610675
 0.00480467   0.0189732    0.284076    0.020993
  0.0904018 -0.00610675    0.020993    0.126115
IMAGINARY
          0 -0.00755736   0.0151337  -0.0242145
 0.00755736           0  -0.0176182 -0.00365414
 -0.0151337   0.0176182           0  0.00373082
  0.0242145  0.00365414 -0.00373082           0
Repeater1[0]<--->EndNode1[0]
REAL
   0.538818  -0.0156789  0.00684514   0.0163998
 -0.0156789    0.113557   0.0190039 -0.00995073
 0.00684514   0.0190039    0.290846   0.0125734
  0.0163998 -0.00995073   0.0125734   0.0567787
IMAGINARY
          0  0.00683638 -0.00289045   0.0201788
-0.00683638           0  -0.0279108 -0.00752621
 0.00289045   0.0279108           0  -0.0276697
 -0.0201788  0.00752621   0.0276697           0
Repeater1[0]<--->BSA[0]
REAL
   0.461146  0.00480467   0.0115591   0.0904018
 0.00480467    0.284076   0.0189732    0.020993
  0.0115591   0.0189732    0.128662 -0.00610675
  0.0904018    0.020993 -0.00610675    0.126115
IMAGINARY
          0   0.0151337 -0.00755736  -0.0242145
 -0.0151337           0   0.0176182  0.00373082
 0.00755736  -0.0176182           0 -0.00365414
  0.0242145 -0.00373082  0.00365414           0
EndNode1[0]<--->Repeater1[0]
REAL
   0.501987  -0.0172058  0.00502711   0.0272058
 -0.0172058    0.348344 -0.00109611  -0.0115545
 0.00502711 -0.00109611   0.0874172  0.00415098
  0.0272058  -0.0115545  0.00415098   0.0622517
IMAGINARY
           0  -0.00232081  0.000713817   0.00350968
  0.00232081            0  -0.00479173   0.00746228
-0.000713817   0.00479173            0  0.000434014
 -0.00350968  -0.00746228 -0.000434014            0
EndNode2[0]<--->BSA[0]
REAL
   0.507324  0.00870162  -0.0165498   0.0842206
 0.00870162    0.117177   0.0187945 -0.00480695
 -0.0165498   0.0187945    0.287617 9.23492e-05
  0.0842206 -0.00480695 9.23492e-05   0.0878828
IMAGINARY
          0   0.0145018   0.0183458   0.0179466
 -0.0145018           0 -0.00215714  0.00386306
 -0.0183458  0.00215714           0  -0.0054982
 -0.0179466 -0.00386306   0.0054982           0
Repeater1[0]<--->EndNode1[0]
REAL
   0.501987  0.00502711  -0.0172058   0.0272058
 0.00502711   0.0874172 -0.00109611  0.00415098
 -0.0172058 -0.00109611    0.348344  -0.0115545
  0.0272058  0.00415098  -0.0115545   0.0622517
IMAGINARY
           0  0.000713817  -0.00232081   0.00350968
-0.000713817            0   0.00479173  0.000434014
  0.00232081  -0.00479173            0   0.00746228
 -0.00350968 -0.000434014  -0.00746228            0
Repeater1[0]<--->BSA[0]
REAL
   0.507324  -0.0165498  0.00870162   0.0842206
 -0.0165498    0.287617   0.0187945 9.23492e-05
 0.00870162   0.0187945    0.117177 -0.00480695
  0.0842206 9.23492e-05 -0.00480695   0.0878828
IMAGINARY
          0   0.0183458   0.0145018   0.0179466
 -0.0183458           0  0.00215714  -0.0054982
 -0.0145018 -0.00215714           0  0.00386306
 -0.0179466   0.0054982 -0.00386306           0
