EndNode1[0]<--->Repeater1[0]
REAL
    0.448363 -0.000943641  -0.00449171     0.204078
-0.000943641    0.0642317    0.0110958   0.00697927
 -0.00449171    0.0110958    0.0881612  -0.00030014
    0.204078   0.00697927  -0.00030014     0.399244
IMAGINARY
          0  0.00877193   0.0068123  -0.0157569
-0.00877193           0 -0.00309871   -0.013078
 -0.0068123  0.00309871           0  0.00877193
  0.0157569    0.013078 -0.00877193           0
EndNode2[0]<--->BSA[0]
REAL
   0.454424   -0.020378  0.00237847    0.191479
  -0.020378   0.0536193 -0.00699414  -0.0147644
 0.00237847 -0.00699414    0.080429   -0.015476
   0.191479  -0.0147644   -0.015476    0.411528
IMAGINARY
          0  0.00472177  -0.0111102  0.00584336
-0.00472177           0  0.00023937 -0.00415698
  0.0111102 -0.00023937           0  0.00927314
-0.00584336  0.00415698 -0.00927314           0
Repeater1[0]<--->EndNode1[0]
REAL
    0.448363  -0.00449171 -0.000943641     0.204078
 -0.00449171    0.0881612    0.0110958  -0.00030014
-0.000943641    0.0110958    0.0642317   0.00697927
    0.204078  -0.00030014   0.00697927     0.399244
IMAGINARY
          0   0.0068123  0.00877193  -0.0157569
 -0.0068123           0  0.00309871  0.00877193
-0.00877193 -0.00309871           0   -0.013078
  0.0157569 -0.00877193    0.013078           0
Repeater1[0]<--->BSA[0]
REAL
   0.454424  0.00237847   -0.020378    0.191479
 0.00237847    0.080429 -0.00699414   -0.015476
  -0.020378 -0.00699414   0.0536193  -0.0147644
   0.191479   -0.015476  -0.0147644    0.411528
IMAGINARY
          0  -0.0111102  0.00472177  0.00584336
  0.0111102           0 -0.00023937  0.00927314
-0.00472177  0.00023937           0 -0.00415698
-0.00584336 -0.00927314  0.00415698           0
EndNode1[0]<--->Repeater1[0]
REAL
  0.449804 -0.0216288 0.00637369   0.200851
-0.0216288  0.0638853  0.0220874  -0.016683
0.00637369  0.0220874  0.0625815  0.0254948
  0.200851  -0.016683  0.0254948   0.423729
IMAGINARY
          0   0.0254951  0.00703427  -0.0155087
 -0.0254951           0   0.0229529  -0.0271956
-0.00703427  -0.0229529           0  -0.0120543
  0.0155087   0.0271956   0.0120543           0
EndNode2[0]<--->BSA[0]
REAL
   0.434896 -0.00983943  -0.0170089    0.167967
-0.00983943   0.0742188  0.00873492  -0.0117869
 -0.0170089  0.00873492   0.0664062  -0.0333543
   0.167967  -0.0117869  -0.0333543    0.424479
IMAGINARY
           0   0.00214858   0.00620425  0.000296104
 -0.00214858            0   -0.0104227 -0.000628045
 -0.00620425    0.0104227            0   -0.0114423
-0.000296104  0.000628045    0.0114423            0
Repeater1[0]<--->EndNode1[0]
REAL
  0.449804 0.00637369 -0.0216288   0.200851
0.00637369  0.0625815  0.0220874  0.0254948
-0.0216288  0.0220874  0.0638853  -0.016683
  0.200851  0.0254948  -0.016683   0.423729
IMAGINARY
          0  0.00703427   0.0254951  -0.0155087
-0.00703427           0  -0.0229529  -0.0120543
 -0.0254951   0.0229529           0  -0.0271956
  0.0155087   0.0120543   0.0271956           0
Repeater1[0]<--->BSA[0]
REAL
   0.434896  -0.0170089 -0.00983943    0.167967
 -0.0170089   0.0664062  0.00873492  -0.0333543
-0.00983943  0.00873492   0.0742188  -0.0117869
   0.167967  -0.0333543  -0.0117869    0.424479
IMAGINARY
           0   0.00620425   0.00214858  0.000296104
 -0.00620425            0    0.0104227   -0.0114423
 -0.00214858   -0.0104227            0 -0.000628045
-0.000296104    0.0114423  0.000628045            0
EndNode1[0]<--->Repeater1[0]
REAL
   0.431398   0.0166221  0.00461521    0.202133
  0.0166221   0.0765172 -0.00147893   0.0352541
 0.00461521 -0.00147893   0.0831135   0.0140969
   0.202133   0.0352541   0.0140969    0.408971
IMAGINARY
           0 -0.000736982   0.00350546   -0.0156736
 0.000736982            0    0.0111806  -0.00412813
 -0.00350546   -0.0111806            0    0.0187943
   0.0156736   0.00412813   -0.0187943            0
EndNode2[0]<--->BSA[0]
REAL
   0.425532 -0.00758112  0.00101196    0.195304
-0.00758112   0.0838548   0.0154617 -0.00814555
 0.00101196   0.0154617    0.068836  0.00433858
   0.195304 -0.00814555  0.00433858    0.421777
IMAGINARY
          0 -0.00625562   0.0272291   0.0153051
 0.00625562           0 -0.00544963  0.00636773
 -0.0272291  0.00544963           0 -0.00757837
 -0.0153051 -0.00636773  0.00757837           0
Repeater1[0]<--->EndNode1[0]
REAL
   0.431398  0.00461521   0.0166221    0.202133
 0.00461521   0.0831135 -0.00147893   0.0140969
  0.0166221 -0.00147893   0.0765172   0.0352541
   0.202133   0.0140969   0.0352541    0.408971
IMAGINARY
           0   0.00350546 -0.000736982   -0.0156736
 -0.00350546            0   -0.0111806    0.0187943
 0.000736982    0.0111806            0  -0.00412813
   0.0156736   -0.0187943   0.00412813            0
Repeater1[0]<--->BSA[0]
REAL
   0.425532  0.00101196 -0.00758112    0.195304
 0.00101196    0.068836   0.0154617  0.00433858
-0.00758112   0.0154617   0.0838548 -0.00814555
   0.195304  0.00433858 -0.00814555    0.421777
IMAGINARY
          0   0.0272291 -0.00625562   0.0153051
 -0.0272291           0  0.00544963 -0.00757837
 0.00625562 -0.00544963           0  0.00636773
 -0.0153051  0.00757837 -0.00636773           0
EndNode1[0]<--->Repeater1[0]
REAL
   0.441919 -0.00759665 -0.00132432    0.185115
-0.00759665   0.0782828   0.0192794   0.0312844
-0.00132432   0.0192794   0.0795455  0.00293619
   0.185115   0.0312844  0.00293619    0.400253
IMAGINARY
           0   0.00790198   -0.0145152  -0.00199436
 -0.00790198            0   0.00324124   -0.0203975
   0.0145152  -0.00324124            0 -0.000420683
  0.00199436    0.0203975  0.000420683            0
EndNode2[0]<--->BSA[0]
REAL
   0.417112  -0.0016849 -0.00630306     0.18093
 -0.0016849   0.0681818   0.0138335  -0.0134926
-0.00630306   0.0138335   0.0828877  -0.0117251
    0.18093  -0.0134926  -0.0117251    0.431818
IMAGINARY
          0  0.00913327 -0.00394428  0.00517306
-0.00913327           0  0.00389429    0.018783
 0.00394428 -0.00389429           0  -0.0110688
-0.00517306   -0.018783   0.0110688           0
Repeater1[0]<--->EndNode1[0]
REAL
   0.441919 -0.00132432 -0.00759665    0.185115
-0.00132432   0.0795455   0.0192794  0.00293619
-0.00759665   0.0192794   0.0782828   0.0312844
   0.185115  0.00293619   0.0312844    0.400253
IMAGINARY
           0   -0.0145152   0.00790198  -0.00199436
   0.0145152            0  -0.00324124 -0.000420683
 -0.00790198   0.00324124            0   -0.0203975
  0.00199436  0.000420683    0.0203975            0
Repeater1[0]<--->BSA[0]
REAL
   0.417112 -0.00630306  -0.0016849     0.18093
-0.00630306   0.0828877   0.0138335  -0.0117251
 -0.0016849   0.0138335   0.0681818  -0.0134926
    0.18093  -0.0117251  -0.0134926    0.431818
IMAGINARY
          0 -0.00394428  0.00913327  0.00517306
 0.00394428           0 -0.00389429  -0.0110688
-0.00913327  0.00389429           0    0.018783
-0.00517306   0.0110688   -0.018783           0
EndNode1[0]<--->Repeater1[0]
REAL
  0.424129 0.00115553 0.00543574   0.203946
0.00115553  0.0833333 0.00618024  0.0021592
0.00543574 0.00618024  0.0696517 -0.0176112
  0.203946  0.0021592 -0.0176112   0.422886
IMAGINARY
           0 -0.000418565    -0.026182  -0.00775661
 0.000418565            0   -0.0193845  -0.00207031
    0.026182    0.0193845            0  -0.00549471
  0.00775661   0.00207031   0.00549471            0
EndNode2[0]<--->BSA[0]
REAL
   0.445344  0.00105053 -0.00663004     0.18053
 0.00105053    0.071525 0.000320683 -0.00533805
-0.00663004 0.000320683   0.0701754 -0.00769947
    0.18053 -0.00533805 -0.00769947    0.412955
IMAGINARY
          0  0.00473786   0.0212856  -0.0154379
-0.00473786           0 -0.00440847  0.00689263
 -0.0212856  0.00440847           0  -0.0198099
  0.0154379 -0.00689263   0.0198099           0
Repeater1[0]<--->EndNode1[0]
REAL
  0.424129 0.00543574 0.00115553   0.203946
0.00543574  0.0696517 0.00618024 -0.0176112
0.00115553 0.00618024  0.0833333  0.0021592
  0.203946 -0.0176112  0.0021592   0.422886
IMAGINARY
           0    -0.026182 -0.000418565  -0.00775661
    0.026182            0    0.0193845  -0.00549471
 0.000418565   -0.0193845            0  -0.00207031
  0.00775661   0.00549471   0.00207031            0
Repeater1[0]<--->BSA[0]
REAL
   0.445344 -0.00663004  0.00105053     0.18053
-0.00663004   0.0701754 0.000320683 -0.00769947
 0.00105053 0.000320683    0.071525 -0.00533805
    0.18053 -0.00769947 -0.00533805    0.412955
IMAGINARY
          0   0.0212856  0.00473786  -0.0154379
 -0.0212856           0  0.00440847  -0.0198099
-0.00473786 -0.00440847           0  0.00689263
  0.0154379   0.0198099 -0.00689263           0
EndNode1[0]<--->Repeater1[0]
REAL
  0.450122 0.00866147  0.0081177   0.174587
0.00866147  0.0754258 0.00485061  0.0244494
 0.0081177 0.00485061  0.0948905 0.00730277
  0.174587  0.0244494 0.00730277   0.379562
IMAGINARY
          0  0.00857601  -0.0105049  0.00533758
-0.00857601           0 -0.00141088  -0.0118636
  0.0105049  0.00141088           0  0.00984504
-0.00533758   0.0118636 -0.00984504           0
EndNode2[0]<--->BSA[0]
REAL
   0.464646  0.00524646 -0.00902356    0.194517
 0.00524646   0.0669192 -0.00211208 0.000162796
-0.00902356 -0.00211208   0.0820707  -0.0128414
   0.194517 0.000162796  -0.0128414    0.386364
IMAGINARY
          0  0.00195918 -0.00331119  0.00803974
-0.00195918           0  0.00105117 -0.00730055
 0.00331119 -0.00105117           0  -0.0200615
-0.00803974  0.00730055   0.0200615           0
Repeater1[0]<--->EndNode1[0]
REAL
  0.450122  0.0081177 0.00866147   0.174587
 0.0081177  0.0948905 0.00485061 0.00730277
0.00866147 0.00485061  0.0754258  0.0244494
  0.174587 0.00730277  0.0244494   0.379562
IMAGINARY
          0  -0.0105049  0.00857601  0.00533758
  0.0105049           0  0.00141088  0.00984504
-0.00857601 -0.00141088           0  -0.0118636
-0.00533758 -0.00984504   0.0118636           0
Repeater1[0]<--->BSA[0]
REAL
   0.464646 -0.00902356  0.00524646    0.194517
-0.00902356   0.0820707 -0.00211208  -0.0128414
 0.00524646 -0.00211208   0.0669192 0.000162796
   0.194517  -0.0128414 0.000162796    0.386364
IMAGINARY
          0 -0.00331119  0.00195918  0.00803974
 0.00331119           0 -0.00105117  -0.0200615
-0.00195918  0.00105117           0 -0.00730055
-0.00803974   0.0200615  0.00730055           0
EndNode1[0]<--->Repeater1[0]
REAL
    0.39871   0.0131879   0.0117195    0.183254
  0.0131879   0.0877419 -0.00197913 -0.00175933
  0.0117195 -0.00197913   0.0748387  0.00739641
   0.183254 -0.00175933  0.00739641     0.43871
IMAGINARY
          0   0.0180355  0.00100509    0.014688
 -0.0180355           0  -0.0166037  0.00676693
-0.00100509   0.0166037           0   0.0065759
  -0.014688 -0.00676693  -0.0065759           0
EndNode2[0]<--->BSA[0]
REAL
   0.481622   -0.015579 -0.00872011    0.214221
  -0.015579   0.0608365   0.0128057 -0.00479341
-0.00872011   0.0128057   0.0583016   0.0128763
   0.214221 -0.00479341   0.0128763     0.39924
IMAGINARY
           0  0.000145487   0.00388474   -0.0032957
-0.000145487            0    0.0268106   -0.0302683
 -0.00388474   -0.0268106            0   0.00822002
   0.0032957    0.0302683  -0.00822002            0
Repeater1[0]<--->EndNode1[0]
REAL
    0.39871   0.0117195   0.0131879    0.183254
  0.0117195   0.0748387 -0.00197913  0.00739641
  0.0131879 -0.00197913   0.0877419 -0.00175933
   0.183254  0.00739641 -0.00175933     0.43871
IMAGINARY
          0  0.00100509   0.0180355    0.014688
-0.00100509           0   0.0166037   0.0065759
 -0.0180355  -0.0166037           0  0.00676693
  -0.014688  -0.0065759 -0.00676693           0
Repeater1[0]<--->BSA[0]
REAL
   0.481622 -0.00872011   -0.015579    0.214221
-0.00872011   0.0583016   0.0128057   0.0128763
  -0.015579   0.0128057   0.0608365 -0.00479341
   0.214221   0.0128763 -0.00479341     0.39924
IMAGINARY
           0   0.00388474  0.000145487   -0.0032957
 -0.00388474            0   -0.0268106   0.00822002
-0.000145487    0.0268106            0   -0.0302683
   0.0032957  -0.00822002    0.0302683            0
EndNode1[0]<--->Repeater1[0]
REAL
   0.438263 -0.00108029  0.00291634    0.185961
-0.00108029     0.07327   0.0247723  0.00101036
 0.00291634   0.0247723   0.0814111 -0.00415532
   0.185961  0.00101036 -0.00415532    0.407056
IMAGINARY
          0  -0.0153412 -0.00344868   0.0129568
  0.0153412           0   0.0232395   0.0407432
 0.00344868  -0.0232395           0  0.00333104
 -0.0129568  -0.0407432 -0.00333104           0
EndNode2[0]<--->BSA[0]
REAL
    0.433842  -0.00375231    0.0115879     0.179629
 -0.00375231    0.0763359 -0.000478233   0.00152075
   0.0115879 -0.000478233    0.0750636   -0.0093563
    0.179629   0.00152075   -0.0093563     0.414758
IMAGINARY
           0   0.00159455   -0.0216884    0.0143893
 -0.00159455            0    0.0036162    0.0203443
   0.0216884   -0.0036162            0 -0.000250466
  -0.0143893   -0.0203443  0.000250466            0
Repeater1[0]<--->EndNode1[0]
REAL
   0.438263  0.00291634 -0.00108029    0.185961
 0.00291634   0.0814111   0.0247723 -0.00415532
-0.00108029   0.0247723     0.07327  0.00101036
   0.185961 -0.00415532  0.00101036    0.407056
IMAGINARY
          0 -0.00344868  -0.0153412   0.0129568
 0.00344868           0  -0.0232395  0.00333104
  0.0153412   0.0232395           0   0.0407432
 -0.0129568 -0.00333104  -0.0407432           0
Repeater1[0]<--->BSA[0]
REAL
    0.433842    0.0115879  -0.00375231     0.179629
   0.0115879    0.0750636 -0.000478233   -0.0093563
 -0.00375231 -0.000478233    0.0763359   0.00152075
    0.179629   -0.0093563   0.00152075     0.414758
IMAGINARY
           0   -0.0216884   0.00159455    0.0143893
   0.0216884            0   -0.0036162 -0.000250466
 -0.00159455    0.0036162            0    0.0203443
  -0.0143893  0.000250466   -0.0203443            0
EndNode1[0]<--->Repeater1[0]
REAL
    0.439949   0.00777791 -0.000146832     0.190769
  0.00777791    0.0872314    0.0174022  -0.00958079
-0.000146832    0.0174022    0.0733249   0.00454375
    0.190769  -0.00958079   0.00454375     0.399494
IMAGINARY
           0  -0.00215338   0.00475799  -0.00333733
  0.00215338            0    0.0082273 -0.000989141
 -0.00475799   -0.0082273            0   -0.0292537
  0.00333733  0.000989141    0.0292537            0
EndNode2[0]<--->BSA[0]
REAL
   0.419437 0.000308054  -0.0250911    0.206702
0.000308054   0.0664962 -0.00174122  -0.0219063
 -0.0250911 -0.00174122    0.103581  -0.0290287
   0.206702  -0.0219063  -0.0290287    0.410486
IMAGINARY
          0    0.004078  -0.0134792  0.00894564
  -0.004078           0  -0.0115842   0.0147984
  0.0134792   0.0115842           0  0.00647609
-0.00894564  -0.0147984 -0.00647609           0
Repeater1[0]<--->EndNode1[0]
REAL
    0.439949 -0.000146832   0.00777791     0.190769
-0.000146832    0.0733249    0.0174022   0.00454375
  0.00777791    0.0174022    0.0872314  -0.00958079
    0.190769   0.00454375  -0.00958079     0.399494
IMAGINARY
           0   0.00475799  -0.00215338  -0.00333733
 -0.00475799            0   -0.0082273   -0.0292537
  0.00215338    0.0082273            0 -0.000989141
  0.00333733    0.0292537  0.000989141            0
Repeater1[0]<--->BSA[0]
REAL
   0.419437  -0.0250911 0.000308054    0.206702
 -0.0250911    0.103581 -0.00174122  -0.0290287
0.000308054 -0.00174122   0.0664962  -0.0219063
   0.206702  -0.0290287  -0.0219063    0.410486
IMAGINARY
          0  -0.0134792    0.004078  0.00894564
  0.0134792           0   0.0115842  0.00647609
  -0.004078  -0.0115842           0   0.0147984
-0.00894564 -0.00647609  -0.0147984           0
EndNode1[0]<--->Repeater1[0]
REAL
  0.432099  0.0109133 -0.0142114   0.175253
 0.0109133  0.0814815   0.021199  0.0122403
-0.0142114   0.021199  0.0765432 -0.0299672
  0.175253  0.0122403 -0.0299672   0.409877
IMAGINARY
          0   0.0193938  -0.0151594   0.0208493
 -0.0193938           0 -0.00819109 -0.00105683
  0.0151594  0.00819109           0  -0.0275019
 -0.0208493  0.00105683   0.0275019           0
EndNode2[0]<--->BSA[0]
REAL
  0.439752   0.020469 0.00189031   0.192524
  0.020469  0.0596273   0.021762  0.0090987
0.00189031   0.021762  0.0608696 0.00425628
  0.192524  0.0090987 0.00425628   0.439752
IMAGINARY
          0 -0.00678601  0.00864968   0.0169492
 0.00678601           0   0.0136897 -0.00496418
-0.00864968  -0.0136897           0  -0.0190125
 -0.0169492  0.00496418   0.0190125           0
Repeater1[0]<--->EndNode1[0]
REAL
  0.432099 -0.0142114  0.0109133   0.175253
-0.0142114  0.0765432   0.021199 -0.0299672
 0.0109133   0.021199  0.0814815  0.0122403
  0.175253 -0.0299672  0.0122403   0.409877
IMAGINARY
          0  -0.0151594   0.0193938   0.0208493
  0.0151594           0  0.00819109  -0.0275019
 -0.0193938 -0.00819109           0 -0.00105683
 -0.0208493   0.0275019  0.00105683           0
Repeater1[0]<--->BSA[0]
REAL
  0.439752 0.00189031   0.020469   0.192524
0.00189031  0.0608696   0.021762 0.00425628
  0.020469   0.021762  0.0596273  0.0090987
  0.192524 0.00425628  0.0090987   0.439752
IMAGINARY
          0  0.00864968 -0.00678601   0.0169492
-0.00864968           0  -0.0136897  -0.0190125
 0.00678601   0.0136897           0 -0.00496418
 -0.0169492   0.0190125  0.00496418           0
EndNode1[0]<--->Repeater1[0]
REAL
   0.43758 0.00467287  0.0194015   0.195024
0.00467287  0.0733591 0.00384715 -0.0162647
 0.0194015 0.00384715  0.0823681 0.00599213
  0.195024 -0.0162647 0.00599213   0.406692
IMAGINARY
           0   0.00811442  2.17973e-05   0.00355757
 -0.00811442            0   0.00355757    0.0257135
-2.17973e-05  -0.00355757            0   -0.0215948
 -0.00355757   -0.0257135    0.0215948            0
EndNode2[0]<--->BSA[0]
REAL
    0.44021 -0.00147974 -0.00126008    0.191179
-0.00147974   0.0670171  -0.0180776 -0.00195743
-0.00126008  -0.0180776   0.0735874  0.00341024
   0.191179 -0.00195743  0.00341024    0.419185
IMAGINARY
           0  -0.00508765 -0.000469987  -0.00982481
  0.00508765            0   -0.0136127  -0.00930837
 0.000469987    0.0136127            0   -0.0125134
  0.00982481   0.00930837    0.0125134            0
Repeater1[0]<--->EndNode1[0]
REAL
   0.43758  0.0194015 0.00467287   0.195024
 0.0194015  0.0823681 0.00384715 0.00599213
0.00467287 0.00384715  0.0733591 -0.0162647
  0.195024 0.00599213 -0.0162647   0.406692
IMAGINARY
           0  2.17973e-05   0.00811442   0.00355757
-2.17973e-05            0  -0.00355757   -0.0215948
 -0.00811442   0.00355757            0    0.0257135
 -0.00355757    0.0215948   -0.0257135            0
Repeater1[0]<--->BSA[0]
REAL
    0.44021 -0.00126008 -0.00147974    0.191179
-0.00126008   0.0735874  -0.0180776  0.00341024
-0.00147974  -0.0180776   0.0670171 -0.00195743
   0.191179  0.00341024 -0.00195743    0.419185
IMAGINARY
           0 -0.000469987  -0.00508765  -0.00982481
 0.000469987            0    0.0136127   -0.0125134
  0.00508765   -0.0136127            0  -0.00930837
  0.00982481    0.0125134   0.00930837            0
EndNode1[0]<--->Repeater1[0]
REAL
   0.418663 -0.00273743 -0.00382337    0.177066
-0.00273743     0.07314    0.012896   0.0120826
-0.00382337    0.012896   0.0769231 -0.00933373
   0.177066   0.0120826 -0.00933373    0.431274
IMAGINARY
           0    0.0171314  -0.00816325  0.000786263
  -0.0171314            0    0.0092388     0.018775
  0.00816325   -0.0092388            0    0.0109585
-0.000786263    -0.018775   -0.0109585            0
EndNode2[0]<--->BSA[0]
REAL
   0.428758  0.00758648 -0.00032175    0.191214
 0.00758648    0.075817  -0.0245478  0.00032175
-0.00032175  -0.0245478   0.0627451   0.0132469
   0.191214  0.00032175   0.0132469     0.43268
IMAGINARY
           0   -0.0134711   -0.0142507  -0.00128226
   0.0134711            0 -1.64393e-05    -0.016757
   0.0142507  1.64393e-05            0     0.018639
  0.00128226     0.016757    -0.018639            0
Repeater1[0]<--->EndNode1[0]
REAL
   0.418663 -0.00382337 -0.00273743    0.177066
-0.00382337   0.0769231    0.012896 -0.00933373
-0.00273743    0.012896     0.07314   0.0120826
   0.177066 -0.00933373   0.0120826    0.431274
IMAGINARY
           0  -0.00816325    0.0171314  0.000786263
  0.00816325            0   -0.0092388    0.0109585
  -0.0171314    0.0092388            0     0.018775
-0.000786263   -0.0109585    -0.018775            0
Repeater1[0]<--->BSA[0]
REAL
   0.428758 -0.00032175  0.00758648    0.191214
-0.00032175   0.0627451  -0.0245478   0.0132469
 0.00758648  -0.0245478    0.075817  0.00032175
   0.191214   0.0132469  0.00032175     0.43268
IMAGINARY
           0   -0.0142507   -0.0134711  -0.00128226
   0.0142507            0  1.64393e-05     0.018639
   0.0134711 -1.64393e-05            0    -0.016757
  0.00128226    -0.018639     0.016757            0
EndNode1[0]<--->Repeater1[0]
REAL
   0.436214  0.00224627   0.0179053    0.172979
 0.00224627    0.079561  0.00925145  0.00219848
  0.0179053  0.00925145   0.0699588 0.000996271
   0.172979  0.00219848 0.000996271    0.414266
IMAGINARY
          0   0.0145316  0.00543688   0.0109378
 -0.0145316           0  0.00699046  -0.0129936
-0.00543688 -0.00699046           0  0.00184122
 -0.0109378   0.0129936 -0.00184122           0
EndNode2[0]<--->BSA[0]
REAL
   0.440204  -0.0167982  -0.0105675    0.199622
 -0.0167982   0.0814249    0.018688 -0.00415723
 -0.0105675    0.018688   0.0763359 -0.00304818
   0.199622 -0.00415723 -0.00304818    0.402036
IMAGINARY
           0   0.00821094  -0.00260682    0.0128544
 -0.00821094            0    0.0135291 -0.000635726
  0.00260682   -0.0135291            0  -0.00237436
  -0.0128544  0.000635726   0.00237436            0
Repeater1[0]<--->EndNode1[0]
REAL
   0.436214   0.0179053  0.00224627    0.172979
  0.0179053   0.0699588  0.00925145 0.000996271
 0.00224627  0.00925145    0.079561  0.00219848
   0.172979 0.000996271  0.00219848    0.414266
IMAGINARY
          0  0.00543688   0.0145316   0.0109378
-0.00543688           0 -0.00699046  0.00184122
 -0.0145316  0.00699046           0  -0.0129936
 -0.0109378 -0.00184122   0.0129936           0
Repeater1[0]<--->BSA[0]
REAL
   0.440204  -0.0105675  -0.0167982    0.199622
 -0.0105675   0.0763359    0.018688 -0.00304818
 -0.0167982    0.018688   0.0814249 -0.00415723
   0.199622 -0.00304818 -0.00415723    0.402036
IMAGINARY
           0  -0.00260682   0.00821094    0.0128544
  0.00260682            0   -0.0135291  -0.00237436
 -0.00821094    0.0135291            0 -0.000635726
  -0.0128544   0.00237436  0.000635726            0
EndNode1[0]<--->Repeater1[0]
REAL
   0.42625  0.0245947 -0.0128814   0.204006
 0.0245947     0.0725  0.0129495  0.0322405
-0.0128814  0.0129495      0.075  0.0134561
  0.204006  0.0322405  0.0134561    0.42625
IMAGINARY
          0 -0.00721779  0.00716139  -0.0200453
 0.00721779           0  -0.0174547  0.00503373
-0.00716139   0.0174547           0  -0.0022673
  0.0200453 -0.00503373   0.0022673           0
EndNode2[0]<--->BSA[0]
REAL
  0.448635 0.00544223 -0.0157813   0.210627
0.00544223  0.0676203 0.00295334  0.0133121
-0.0157813 0.00295334  0.0754226 0.00196518
  0.210627  0.0133121 0.00196518   0.408322
IMAGINARY
          0   0.0117529  0.00862505 -0.00684365
 -0.0117529           0   0.0190075 -0.00436196
-0.00862505  -0.0190075           0   0.0205248
 0.00684365  0.00436196  -0.0205248           0
Repeater1[0]<--->EndNode1[0]
REAL
   0.42625 -0.0128814  0.0245947   0.204006
-0.0128814      0.075  0.0129495  0.0134561
 0.0245947  0.0129495     0.0725  0.0322405
  0.204006  0.0134561  0.0322405    0.42625
IMAGINARY
          0  0.00716139 -0.00721779  -0.0200453
-0.00716139           0   0.0174547  -0.0022673
 0.00721779  -0.0174547           0  0.00503373
  0.0200453   0.0022673 -0.00503373           0
Repeater1[0]<--->BSA[0]
REAL
  0.448635 -0.0157813 0.00544223   0.210627
-0.0157813  0.0754226 0.00295334 0.00196518
0.00544223 0.00295334  0.0676203  0.0133121
  0.210627 0.00196518  0.0133121   0.408322
IMAGINARY
          0  0.00862505   0.0117529 -0.00684365
-0.00862505           0  -0.0190075   0.0205248
 -0.0117529   0.0190075           0 -0.00436196
 0.00684365  -0.0205248  0.00436196           0
EndNode1[0]<--->Repeater1[0]
REAL
    0.447619  -0.00155466  0.000316857     0.186118
 -0.00155466    0.0816327   0.00353726 -0.000316857
 0.000316857   0.00353726    0.0843537   0.00420718
    0.186118 -0.000316857   0.00420718     0.386395
IMAGINARY
          0  0.00976277    0.021812  0.00358936
-0.00976277           0  0.00420285  0.00205894
  -0.021812 -0.00420285           0  -0.0233112
-0.00358936 -0.00205894   0.0233112           0
EndNode2[0]<--->BSA[0]
REAL
  0.392231   0.006176   0.026176   0.203464
  0.006176  0.0802005 0.00919626  0.0228994
  0.026176 0.00919626  0.0714286 0.00875998
  0.203464  0.0228994 0.00875998    0.45614
IMAGINARY
           0  -0.00290318   0.00229685 -0.000420377
  0.00290318            0  -0.00653285    0.0174484
 -0.00229685   0.00653285            0   0.00354012
 0.000420377   -0.0174484  -0.00354012            0
Repeater1[0]<--->EndNode1[0]
REAL
    0.447619  0.000316857  -0.00155466     0.186118
 0.000316857    0.0843537   0.00353726   0.00420718
 -0.00155466   0.00353726    0.0816327 -0.000316857
    0.186118   0.00420718 -0.000316857     0.386395
IMAGINARY
          0    0.021812  0.00976277  0.00358936
  -0.021812           0 -0.00420285  -0.0233112
-0.00976277  0.00420285           0  0.00205894
-0.00358936   0.0233112 -0.00205894           0
Repeater1[0]<--->BSA[0]
REAL
  0.392231   0.026176   0.006176   0.203464
  0.026176  0.0714286 0.00919626 0.00875998
  0.006176 0.00919626  0.0802005  0.0228994
  0.203464 0.00875998  0.0228994    0.45614
IMAGINARY
           0   0.00229685  -0.00290318 -0.000420377
 -0.00229685            0   0.00653285   0.00354012
  0.00290318  -0.00653285            0    0.0174484
 0.000420377  -0.00354012   -0.0174484            0
EndNode1[0]<--->Repeater1[0]
REAL
   0.458281 -0.00291967  0.00904733    0.192366
-0.00291967   0.0933998  0.00866464 -0.00131537
 0.00904733  0.00866464   0.0684932   0.0183836
   0.192366 -0.00131537   0.0183836    0.379826
IMAGINARY
          0 -0.00618262  0.00399902 -0.00920362
 0.00618262           0 -0.00395428 -0.00123659
-0.00399902  0.00395428           0   0.0241384
 0.00920362  0.00123659  -0.0241384           0
EndNode2[0]<--->BSA[0]
REAL
  0.433289  0.0149108 0.00020456   0.206362
 0.0149108  0.0686922  0.0266152 -0.0155584
0.00020456  0.0266152  0.0726552 0.00711858
  0.206362 -0.0155584 0.00711858   0.425363
IMAGINARY
          0  0.00601386   0.0137571  -0.0125722
-0.00601386           0   0.0060448  0.00776189
 -0.0137571  -0.0060448           0  0.00411272
  0.0125722 -0.00776189 -0.00411272           0
Repeater1[0]<--->EndNode1[0]
REAL
   0.458281  0.00904733 -0.00291967    0.192366
 0.00904733   0.0684932  0.00866464   0.0183836
-0.00291967  0.00866464   0.0933998 -0.00131537
   0.192366   0.0183836 -0.00131537    0.379826
IMAGINARY
          0  0.00399902 -0.00618262 -0.00920362
-0.00399902           0  0.00395428   0.0241384
 0.00618262 -0.00395428           0 -0.00123659
 0.00920362  -0.0241384  0.00123659           0
Repeater1[0]<--->BSA[0]
REAL
  0.433289 0.00020456  0.0149108   0.206362
0.00020456  0.0726552  0.0266152 0.00711858
 0.0149108  0.0266152  0.0686922 -0.0155584
  0.206362 0.00711858 -0.0155584   0.425363
IMAGINARY
          0   0.0137571  0.00601386  -0.0125722
 -0.0137571           0  -0.0060448  0.00411272
-0.00601386   0.0060448           0  0.00776189
  0.0125722 -0.00411272 -0.00776189           0
EndNode1[0]<--->Repeater1[0]
REAL
   0.424202 -0.00905237  -0.0173124      0.1801
-0.00905237   0.0784574  0.00513296   -0.011185
 -0.0173124  0.00513296      0.0625 -0.00519633
     0.1801   -0.011185 -0.00519633     0.43484
IMAGINARY
          0  0.00622543  0.00685208  0.00505952
-0.00622543           0   0.0258929  -0.0140605
-0.00685208  -0.0258929           0  0.00622543
-0.00505952   0.0140605 -0.00622543           0
EndNode2[0]<--->BSA[0]
REAL
    0.441397    -0.012067   0.00479007     0.182445
   -0.012067    0.0598504   0.00122827    0.0156181
  0.00479007   0.00122827    0.0698254 -0.000688127
    0.182445    0.0156181 -0.000688127     0.428928
IMAGINARY
          0  0.00925063 -0.00864277  0.00329638
-0.00925063           0 -0.00655583  0.00864277
 0.00864277  0.00655583           0  0.00794514
-0.00329638 -0.00864277 -0.00794514           0
Repeater1[0]<--->EndNode1[0]
REAL
   0.424202  -0.0173124 -0.00905237      0.1801
 -0.0173124      0.0625  0.00513296 -0.00519633
-0.00905237  0.00513296   0.0784574   -0.011185
     0.1801 -0.00519633   -0.011185     0.43484
IMAGINARY
          0  0.00685208  0.00622543  0.00505952
-0.00685208           0  -0.0258929  0.00622543
-0.00622543   0.0258929           0  -0.0140605
-0.00505952 -0.00622543   0.0140605           0
Repeater1[0]<--->BSA[0]
REAL
    0.441397   0.00479007    -0.012067     0.182445
  0.00479007    0.0698254   0.00122827 -0.000688127
   -0.012067   0.00122827    0.0598504    0.0156181
    0.182445 -0.000688127    0.0156181     0.428928
IMAGINARY
          0 -0.00864277  0.00925063  0.00329638
 0.00864277           0  0.00655583  0.00794514
-0.00925063 -0.00655583           0  0.00864277
-0.00329638 -0.00794514 -0.00864277           0
EndNode1[0]<--->Repeater1[0]
REAL
   0.444034    0.014454   -0.019225    0.210383
   0.014454   0.0824108  0.00335215  0.00446253
  -0.019225  0.00335215   0.0492005 -0.00482624
   0.210383  0.00446253 -0.00482624    0.424354
IMAGINARY
           0  -0.00788375 -0.000747783     0.001842
  0.00788375            0   -0.0159446   -0.0174814
 0.000747783    0.0159446            0   0.00658166
   -0.001842    0.0174814  -0.00658166            0
EndNode2[0]<--->BSA[0]
REAL
   0.444305   0.0124148  -0.0187116    0.198674
  0.0124148   0.0588235 -0.00158423  -0.0103889
 -0.0187116 -0.00158423    0.077597 -0.00844656
   0.198674  -0.0103889 -0.00844656    0.419274
IMAGINARY
          0  -0.0152837   0.0106696  1.3458e-05
  0.0152837           0   0.0103762  -0.0145456
 -0.0106696  -0.0103762           0  0.00365574
-1.3458e-05   0.0145456 -0.00365574           0
Repeater1[0]<--->EndNode1[0]
REAL
   0.444034   -0.019225    0.014454    0.210383
  -0.019225   0.0492005  0.00335215 -0.00482624
   0.014454  0.00335215   0.0824108  0.00446253
   0.210383 -0.00482624  0.00446253    0.424354
IMAGINARY
           0 -0.000747783  -0.00788375     0.001842
 0.000747783            0    0.0159446   0.00658166
  0.00788375   -0.0159446            0   -0.0174814
   -0.001842  -0.00658166    0.0174814            0
Repeater1[0]<--->BSA[0]
REAL
   0.444305  -0.0187116   0.0124148    0.198674
 -0.0187116    0.077597 -0.00158423 -0.00844656
  0.0124148 -0.00158423   0.0588235  -0.0103889
   0.198674 -0.00844656  -0.0103889    0.419274
IMAGINARY
          0   0.0106696  -0.0152837  1.3458e-05
 -0.0106696           0  -0.0103762  0.00365574
  0.0152837   0.0103762           0  -0.0145456
-1.3458e-05 -0.00365574   0.0145456           0
EndNode1[0]<--->Repeater1[0]
REAL
   0.449664 -0.00901205  -0.0105124    0.194418
-0.00901205   0.0832215  -0.0233339   0.0201509
 -0.0105124  -0.0233339   0.0697987  0.00298795
   0.194418   0.0201509  0.00298795    0.397315
IMAGINARY
          0  0.00917758  0.00877035  -0.0128045
-0.00917758           0  -0.0140181 -0.00685465
-0.00877035   0.0140181           0   0.0233895
  0.0128045  0.00685465  -0.0233895           0
EndNode2[0]<--->BSA[0]
REAL
  0.421466  0.0223494 0.00383125   0.217983
 0.0223494  0.0628272 0.00729145 0.00776826
0.00383125 0.00729145  0.0759162 -0.0119709
  0.217983 0.00776826 -0.0119709   0.439791
IMAGINARY
           0  0.000110988   -0.0108328    0.0093068
-0.000110988            0    0.0093068   -0.0388527
   0.0108328   -0.0093068            0  -0.00577137
  -0.0093068    0.0388527   0.00577137            0
Repeater1[0]<--->EndNode1[0]
REAL
   0.449664  -0.0105124 -0.00901205    0.194418
 -0.0105124   0.0697987  -0.0233339  0.00298795
-0.00901205  -0.0233339   0.0832215   0.0201509
   0.194418  0.00298795   0.0201509    0.397315
IMAGINARY
          0  0.00877035  0.00917758  -0.0128045
-0.00877035           0   0.0140181   0.0233895
-0.00917758  -0.0140181           0 -0.00685465
  0.0128045  -0.0233895  0.00685465           0
Repeater1[0]<--->BSA[0]
REAL
  0.421466 0.00383125  0.0223494   0.217983
0.00383125  0.0759162 0.00729145 -0.0119709
 0.0223494 0.00729145  0.0628272 0.00776826
  0.217983 -0.0119709 0.00776826   0.439791
IMAGINARY
           0   -0.0108328  0.000110988    0.0093068
   0.0108328            0   -0.0093068  -0.00577137
-0.000110988    0.0093068            0   -0.0388527
  -0.0093068   0.00577137    0.0388527            0
EndNode1[0]<--->Repeater1[0]
REAL
    0.43467  -0.0104358 -0.00421629    0.207615
 -0.0104358   0.0789133  0.00909533  0.00029984
-0.00421629  0.00909533   0.0815006  -0.0339506
   0.207615  0.00029984  -0.0339506    0.404916
IMAGINARY
          0  -0.0232461  0.00787949  -0.0127261
  0.0232461           0  0.00818649 -0.00182297
-0.00787949 -0.00818649           0 -0.00703658
  0.0127261  0.00182297  0.00703658           0
EndNode2[0]<--->BSA[0]
REAL
    0.449032 -0.000839355   0.00164692      0.18629
-0.000839355    0.0593548  -0.00739112 -0.000991607
  0.00164692  -0.00739112    0.0683871   -0.0260283
     0.18629 -0.000991607   -0.0260283     0.423226
IMAGINARY
          0 -0.00741983 -0.00271329 -0.00626127
 0.00741983           0  -0.0107199 -0.00827572
 0.00271329   0.0107199           0  0.00329896
 0.00626127  0.00827572 -0.00329896           0
Repeater1[0]<--->EndNode1[0]
REAL
    0.43467 -0.00421629  -0.0104358    0.207615
-0.00421629   0.0815006  0.00909533  -0.0339506
 -0.0104358  0.00909533   0.0789133  0.00029984
   0.207615  -0.0339506  0.00029984    0.404916
IMAGINARY
          0  0.00787949  -0.0232461  -0.0127261
-0.00787949           0 -0.00818649 -0.00703658
  0.0232461  0.00818649           0 -0.00182297
  0.0127261  0.00703658  0.00182297           0
Repeater1[0]<--->BSA[0]
REAL
    0.449032   0.00164692 -0.000839355      0.18629
  0.00164692    0.0683871  -0.00739112   -0.0260283
-0.000839355  -0.00739112    0.0593548 -0.000991607
     0.18629   -0.0260283 -0.000991607     0.423226
IMAGINARY
          0 -0.00271329 -0.00741983 -0.00626127
 0.00271329           0   0.0107199  0.00329896
 0.00741983  -0.0107199           0 -0.00827572
 0.00626127 -0.00329896  0.00827572           0
EndNode1[0]<--->Repeater1[0]
REAL
  0.424077 0.00809292 0.00661387   0.195601
0.00809292  0.0766074 -0.0179604  -0.011415
0.00661387 -0.0179604  0.0766074 0.00219515
  0.195601  -0.011415 0.00219515   0.422709
IMAGINARY
          0 -0.00192673   0.0248981 -0.00106486
 0.00192673           0 -0.00510798   0.0150259
 -0.0248981  0.00510798           0  -0.0227881
 0.00106486  -0.0150259   0.0227881           0
EndNode2[0]<--->BSA[0]
REAL
   0.434673   0.0125678   0.0219016    0.190353
  0.0125678    0.071608 -0.00558444 -0.00666982
  0.0219016 -0.00558444   0.0753769    0.023856
   0.190353 -0.00666982    0.023856    0.418342
IMAGINARY
          0  0.00483711   0.0179905  0.00864274
-0.00483711           0   0.0149241 -0.00685026
 -0.0179905  -0.0149241           0  -0.0133561
-0.00864274  0.00685026   0.0133561           0
Repeater1[0]<--->EndNode1[0]
REAL
  0.424077 0.00661387 0.00809292   0.195601
0.00661387  0.0766074 -0.0179604 0.00219515
0.00809292 -0.0179604  0.0766074  -0.011415
  0.195601 0.00219515  -0.011415   0.422709
IMAGINARY
          0   0.0248981 -0.00192673 -0.00106486
 -0.0248981           0  0.00510798  -0.0227881
 0.00192673 -0.00510798           0   0.0150259
 0.00106486   0.0227881  -0.0150259           0
Repeater1[0]<--->BSA[0]
REAL
   0.434673   0.0219016   0.0125678    0.190353
  0.0219016   0.0753769 -0.00558444    0.023856
  0.0125678 -0.00558444    0.071608 -0.00666982
   0.190353    0.023856 -0.00666982    0.418342
IMAGINARY
          0   0.0179905  0.00483711  0.00864274
 -0.0179905           0  -0.0149241  -0.0133561
-0.00483711   0.0149241           0 -0.00685026
-0.00864274   0.0133561  0.00685026           0
EndNode1[0]<--->Repeater1[0]
REAL
     0.445 0.00145533 -0.0113812   0.187837
0.00145533    0.07125 -0.0185968 0.00430265
-0.0113812 -0.0185968     0.0725  0.0133452
  0.187837 0.00430265  0.0133452    0.41125
IMAGINARY
           0   0.00863444  0.000165719    0.0314145
 -0.00863444            0    0.0152854   -0.0135705
-0.000165719   -0.0152854            0   -0.0126559
  -0.0314145    0.0135705    0.0126559            0
EndNode2[0]<--->BSA[0]
REAL
   0.453956   0.0198749  0.00296209    0.193634
  0.0198749   0.0518807 -0.00270138   0.0193878
 0.00296209 -0.00270138    0.076524 -0.00518778
   0.193634   0.0193878 -0.00518778    0.417639
IMAGINARY
          0 -0.00546709  -0.0108696  -0.0192481
 0.00546709           0  -0.0118039   0.0108696
  0.0108696   0.0118039           0   0.0237917
  0.0192481  -0.0108696  -0.0237917           0
Repeater1[0]<--->EndNode1[0]
REAL
     0.445 -0.0113812 0.00145533   0.187837
-0.0113812     0.0725 -0.0185968  0.0133452
0.00145533 -0.0185968    0.07125 0.00430265
  0.187837  0.0133452 0.00430265    0.41125
IMAGINARY
           0  0.000165719   0.00863444    0.0314145
-0.000165719            0   -0.0152854   -0.0126559
 -0.00863444    0.0152854            0   -0.0135705
  -0.0314145    0.0126559    0.0135705            0
Repeater1[0]<--->BSA[0]
REAL
   0.453956  0.00296209   0.0198749    0.193634
 0.00296209    0.076524 -0.00270138 -0.00518778
  0.0198749 -0.00270138   0.0518807   0.0193878
   0.193634 -0.00518778   0.0193878    0.417639
IMAGINARY
          0  -0.0108696 -0.00546709  -0.0192481
  0.0108696           0   0.0118039   0.0237917
 0.00546709  -0.0118039           0   0.0108696
  0.0192481  -0.0237917  -0.0108696           0
EndNode1[0]<--->Repeater1[0]
REAL
    0.45664   0.0232426 -0.00128535    0.188976
  0.0232426   0.0745257   0.0176564  0.00128535
-0.00128535   0.0176564   0.0704607  0.00736961
   0.188976  0.00128535  0.00736961    0.398374
IMAGINARY
          0  -0.0110955  0.00581515  -0.0146461
  0.0110955           0  -0.0173488  -0.0108913
-0.00581515   0.0173488           0  -0.0130161
  0.0146461   0.0108913   0.0130161           0
EndNode2[0]<--->BSA[0]
REAL
   0.417219  0.00843476 0.000689617    0.209239
 0.00843476   0.0794702 -0.00755293   0.0323843
0.000689617 -0.00755293   0.0701987  0.00907497
   0.209239   0.0323843  0.00907497    0.433113
IMAGINARY
          0 -0.00877668    0.013938 -0.00469213
 0.00877668           0  -0.0142952 -0.00516608
  -0.013938   0.0142952           0 -0.00751405
 0.00469213  0.00516608  0.00751405           0
Repeater1[0]<--->EndNode1[0]
REAL
    0.45664 -0.00128535   0.0232426    0.188976
-0.00128535   0.0704607   0.0176564  0.00736961
  0.0232426   0.0176564   0.0745257  0.00128535
   0.188976  0.00736961  0.00128535    0.398374
IMAGINARY
          0  0.00581515  -0.0110955  -0.0146461
-0.00581515           0   0.0173488  -0.0130161
  0.0110955  -0.0173488           0  -0.0108913
  0.0146461   0.0130161   0.0108913           0
Repeater1[0]<--->BSA[0]
REAL
   0.417219 0.000689617  0.00843476    0.209239
0.000689617   0.0701987 -0.00755293  0.00907497
 0.00843476 -0.00755293   0.0794702   0.0323843
   0.209239  0.00907497   0.0323843    0.433113
IMAGINARY
          0    0.013938 -0.00877668 -0.00469213
  -0.013938           0   0.0142952 -0.00751405
 0.00877668  -0.0142952           0 -0.00516608
 0.00469213  0.00751405  0.00516608           0
EndNode1[0]<--->Repeater1[0]
REAL
   0.445283   0.0183948   0.0256255    0.181526
  0.0183948    0.072956 -0.00268461   -0.013031
  0.0256255 -0.00268461   0.0792453 -0.00454094
   0.181526   -0.013031 -0.00454094    0.402516
IMAGINARY
          0  -0.0137151   0.0098955 -0.00640049
  0.0137151           0  0.00112345 -0.00463234
 -0.0098955 -0.00112345           0 -0.00733754
 0.00640049  0.00463234  0.00733754           0
EndNode2[0]<--->BSA[0]
REAL
   0.438131  0.00462604  0.00504853    0.185029
 0.00462604   0.0656566  0.00231286  0.00634387
