EndNode1[0]<--->Repeater1[0]
REAL
    0.39897   -0.013175   0.0152042    0.332278
  -0.013175   0.0862291   0.0428722 -0.00379969
  0.0152042   0.0428722   0.0875161   0.0269805
   0.332278 -0.00379969   0.0269805    0.427284
IMAGINARY
          0 -0.00253257  -0.0187946  -0.0111317
 0.00253257           0   -0.013709 -0.00704522
  0.0187946    0.013709           0 -0.00651135
  0.0111317  0.00704522  0.00651135           0
EndNode2[0]<--->HoM1[0]
REAL
   0.395225 -0.00170083  0.00752238    0.366225
-0.00170083   0.0915119    0.039657  0.00620311
 0.00752238    0.039657   0.0742706 -0.00548871
   0.366225  0.00620311 -0.00548871    0.438992
IMAGINARY
          0   0.0130725   0.0045345 -0.00171999
 -0.0130725           0  -0.0231208  0.00961064
 -0.0045345   0.0231208           0 -0.00630739
 0.00171999 -0.00961064  0.00630739           0
Repeater1[0]<--->EndNode1[0]
REAL
    0.39897   0.0152042   -0.013175    0.332278
  0.0152042   0.0875161   0.0428722   0.0269805
  -0.013175   0.0428722   0.0862291 -0.00379969
   0.332278   0.0269805 -0.00379969    0.427284
IMAGINARY
          0  -0.0187946 -0.00253257  -0.0111317
  0.0187946           0    0.013709 -0.00651135
 0.00253257   -0.013709           0 -0.00704522
  0.0111317  0.00651135  0.00704522           0
Repeater1[0]<--->HoM1[0]
REAL
   0.395225  0.00752238 -0.00170083    0.366225
 0.00752238   0.0742706    0.039657 -0.00548871
-0.00170083    0.039657   0.0915119  0.00620311
   0.366225 -0.00548871  0.00620311    0.438992
IMAGINARY
          0   0.0045345   0.0130725 -0.00171999
 -0.0045345           0   0.0231208 -0.00630739
 -0.0130725  -0.0231208           0  0.00961064
 0.00171999  0.00630739 -0.00961064           0
EndNode1[0]<--->Repeater1[0]
REAL
         0.4   -0.0123658   0.00831117     0.363412
  -0.0123658    0.0726027    0.0388045   -0.0063555
  0.00831117    0.0388045    0.0931507 -2.01201e-05
    0.363412   -0.0063555 -2.01201e-05     0.434247
IMAGINARY
          0   0.0031728  -0.0130307  -0.0141326
 -0.0031728           0  0.00926642   0.0117218
  0.0130307 -0.00926642           0  -0.0097173
  0.0141326  -0.0117218   0.0097173           0
EndNode2[0]<--->HoM1[0]
REAL
   0.422018 -0.00142295  -0.0201265    0.354319
-0.00142295    0.095675   0.0276524  0.00650785
 -0.0201265   0.0276524     0.08519   0.0124476
   0.354319  0.00650785   0.0124476    0.397117
IMAGINARY
          0  -0.0102151 -0.00123926 -0.00939329
  0.0102151           0 -0.00615075 -0.00676074
 0.00123926  0.00615075           0 -0.00311828
 0.00939329  0.00676074  0.00311828           0
Repeater1[0]<--->EndNode1[0]
REAL
         0.4   0.00831117   -0.0123658     0.363412
  0.00831117    0.0931507    0.0388045 -2.01201e-05
  -0.0123658    0.0388045    0.0726027   -0.0063555
    0.363412 -2.01201e-05   -0.0063555     0.434247
IMAGINARY
          0  -0.0130307   0.0031728  -0.0141326
  0.0130307           0 -0.00926642  -0.0097173
 -0.0031728  0.00926642           0   0.0117218
  0.0141326   0.0097173  -0.0117218           0
Repeater1[0]<--->HoM1[0]
REAL
   0.422018  -0.0201265 -0.00142295    0.354319
 -0.0201265     0.08519   0.0276524   0.0124476
-0.00142295   0.0276524    0.095675  0.00650785
   0.354319   0.0124476  0.00650785    0.397117
IMAGINARY
          0 -0.00123926  -0.0102151 -0.00939329
 0.00123926           0  0.00615075 -0.00311828
  0.0102151 -0.00615075           0 -0.00676074
 0.00939329  0.00311828  0.00676074           0
EndNode1[0]<--->Repeater1[0]
REAL
   0.430647  -0.0185193  -0.0124238    0.350566
 -0.0185193   0.0660502    0.025383   0.0060947
 -0.0124238    0.025383   0.0858653 -0.00299971
   0.350566   0.0060947 -0.00299971    0.417437
IMAGINARY
           0   0.00943543    0.0098592   -0.0157336
 -0.00943543            0    0.0144678   -0.0184167
  -0.0098592   -0.0144678            0  0.000344521
   0.0157336    0.0184167 -0.000344521            0
EndNode2[0]<--->HoM1[0]
REAL
  0.412145  0.0147132 0.00516968   0.357898
 0.0147132  0.0762274  0.0431307  0.0141105
0.00516968  0.0431307  0.0684755  0.0058524
  0.357898  0.0141105  0.0058524   0.443152
IMAGINARY
          0   0.0102658 -0.00488562   0.0028094
 -0.0102658           0   -0.015293 -0.00677241
 0.00488562    0.015293           0  0.00527826
 -0.0028094  0.00677241 -0.00527826           0
Repeater1[0]<--->EndNode1[0]
REAL
   0.430647  -0.0124238  -0.0185193    0.350566
 -0.0124238   0.0858653    0.025383 -0.00299971
 -0.0185193    0.025383   0.0660502   0.0060947
   0.350566 -0.00299971   0.0060947    0.417437
IMAGINARY
           0    0.0098592   0.00943543   -0.0157336
  -0.0098592            0   -0.0144678  0.000344521
 -0.00943543    0.0144678            0   -0.0184167
   0.0157336 -0.000344521    0.0184167            0
Repeater1[0]<--->HoM1[0]
REAL
  0.412145 0.00516968  0.0147132   0.357898
0.00516968  0.0684755  0.0431307  0.0058524
 0.0147132  0.0431307  0.0762274  0.0141105
  0.357898  0.0058524  0.0141105   0.443152
IMAGINARY
          0 -0.00488562   0.0102658   0.0028094
 0.00488562           0    0.015293  0.00527826
 -0.0102658   -0.015293           0 -0.00677241
 -0.0028094 -0.00527826  0.00677241           0
EndNode1[0]<--->Repeater1[0]
REAL
    0.402406 -0.000792327   -0.0187159     0.359716
-0.000792327    0.0855615    0.0339584   -0.0102208
  -0.0187159    0.0339584    0.0815508   -0.0106478
    0.359716   -0.0102208   -0.0106478     0.430481
IMAGINARY
           0 -0.000811688 -0.000319203   -0.0142564
 0.000811688            0   0.00660331 -0.000943423
 0.000319203  -0.00660331            0   0.00712482
   0.0142564  0.000943423  -0.00712482            0
EndNode2[0]<--->HoM1[0]
REAL
   0.377886 0.000262641  0.00517764    0.370188
0.000262641   0.0850547   0.0417699 -0.00977685
 0.00517764   0.0417699   0.0947752  -0.0140603
   0.370188 -0.00977685  -0.0140603    0.442284
IMAGINARY
          0  0.00359232  -0.0151515   0.0230806
-0.00359232           0  -0.0132251   0.0151515
  0.0151515   0.0132251           0  -0.0196781
 -0.0230806  -0.0151515   0.0196781           0
Repeater1[0]<--->EndNode1[0]
REAL
    0.402406   -0.0187159 -0.000792327     0.359716
  -0.0187159    0.0815508    0.0339584   -0.0106478
-0.000792327    0.0339584    0.0855615   -0.0102208
    0.359716   -0.0106478   -0.0102208     0.430481
IMAGINARY
           0 -0.000319203 -0.000811688   -0.0142564
 0.000319203            0  -0.00660331   0.00712482
 0.000811688   0.00660331            0 -0.000943423
   0.0142564  -0.00712482  0.000943423            0
Repeater1[0]<--->HoM1[0]
REAL
   0.377886  0.00517764 0.000262641    0.370188
 0.00517764   0.0947752   0.0417699  -0.0140603
0.000262641   0.0417699   0.0850547 -0.00977685
   0.370188  -0.0140603 -0.00977685    0.442284
IMAGINARY
          0  -0.0151515  0.00359232   0.0230806
  0.0151515           0   0.0132251  -0.0196781
-0.00359232  -0.0132251           0   0.0151515
 -0.0230806   0.0196781  -0.0151515           0
EndNode1[0]<--->Repeater1[0]
REAL
   0.397403   0.0133651  0.00818535    0.364755
  0.0133651   0.0805195   0.0410046 0.000976958
 0.00818535   0.0410046   0.0831169  0.00626837
   0.364755 0.000976958  0.00626837    0.438961
IMAGINARY
           0   0.00705688  -0.00510913    0.0135713
 -0.00705688            0  -0.00859618  -0.00114087
  0.00510913   0.00859618            0  0.000443122
  -0.0135713   0.00114087 -0.000443122            0
EndNode2[0]<--->HoM1[0]
REAL
   0.396178 -0.00298412  0.00728991    0.355008
-0.00298412   0.0840764   0.0472194  -0.0110028
 0.00728991   0.0472194   0.0968153  -0.0118674
   0.355008  -0.0110028  -0.0118674     0.42293
IMAGINARY
          0  -0.0104736   0.0131331   0.0258594
  0.0104736           0  -0.0115737  0.00445485
 -0.0131331   0.0115737           0  -0.0159083
 -0.0258594 -0.00445485   0.0159083           0
Repeater1[0]<--->EndNode1[0]
REAL
   0.397403  0.00818535   0.0133651    0.364755
 0.00818535   0.0831169   0.0410046  0.00626837
  0.0133651   0.0410046   0.0805195 0.000976958
   0.364755  0.00626837 0.000976958    0.438961
IMAGINARY
           0  -0.00510913   0.00705688    0.0135713
  0.00510913            0   0.00859618  0.000443122
 -0.00705688  -0.00859618            0  -0.00114087
  -0.0135713 -0.000443122   0.00114087            0
Repeater1[0]<--->HoM1[0]
REAL
   0.396178  0.00728991 -0.00298412    0.355008
 0.00728991   0.0968153   0.0472194  -0.0118674
-0.00298412   0.0472194   0.0840764  -0.0110028
   0.355008  -0.0118674  -0.0110028     0.42293
IMAGINARY
          0   0.0131331  -0.0104736   0.0258594
 -0.0131331           0   0.0115737  -0.0159083
  0.0104736  -0.0115737           0  0.00445485
 -0.0258594   0.0159083 -0.00445485           0
EndNode1[0]<--->Repeater1[0]
REAL
   0.435864 -0.00529989  0.00257653    0.364394
-0.00529989    0.091623   0.0386364   -0.017728
 0.00257653   0.0386364   0.0890052  -0.0195486
   0.364394   -0.017728  -0.0195486    0.383508
IMAGINARY
          0  -0.0230728    0.016805  0.00719799
  0.0230728           0  -0.0178647  -0.0104919
  -0.016805   0.0178647           0 -0.00596757
-0.00719799   0.0104919  0.00596757           0
EndNode2[0]<--->HoM1[0]
REAL
   0.424528  0.00656513 0.000966918    0.366878
 0.00656513   0.0902965   0.0291749 0.000348871
0.000966918   0.0291749   0.0714286 -0.00393355
   0.366878 0.000348871 -0.00393355    0.413747
IMAGINARY
          0   0.0182677 -0.00452122   0.0106809
 -0.0182677           0  -0.0229059  0.00015168
 0.00452122   0.0229059           0 -0.00640757
 -0.0106809 -0.00015168  0.00640757           0
Repeater1[0]<--->EndNode1[0]
REAL
   0.435864  0.00257653 -0.00529989    0.364394
 0.00257653   0.0890052   0.0386364  -0.0195486
-0.00529989   0.0386364    0.091623   -0.017728
   0.364394  -0.0195486   -0.017728    0.383508
IMAGINARY
          0    0.016805  -0.0230728  0.00719799
  -0.016805           0   0.0178647 -0.00596757
  0.0230728  -0.0178647           0  -0.0104919
-0.00719799  0.00596757   0.0104919           0
Repeater1[0]<--->HoM1[0]
REAL
   0.424528 0.000966918  0.00656513    0.366878
0.000966918   0.0714286   0.0291749 -0.00393355
 0.00656513   0.0291749   0.0902965 0.000348871
   0.366878 -0.00393355 0.000348871    0.413747
IMAGINARY
          0 -0.00452122   0.0182677   0.0106809
 0.00452122           0   0.0229059 -0.00640757
 -0.0182677  -0.0229059           0  0.00015168
 -0.0106809  0.00640757 -0.00015168           0
EndNode1[0]<--->Repeater1[0]
REAL
   0.44125 0.00129341  0.0171368   0.352188
0.00129341       0.07  0.0424131  0.0124262
 0.0171368  0.0424131    0.08625  0.0282696
  0.352188  0.0124262  0.0282696     0.4025
IMAGINARY
          0 -0.00459062   0.0158263  -0.0206888
 0.00459062           0 -0.00250703  0.00200723
 -0.0158263  0.00250703           0 -0.00267491
  0.0206888 -0.00200723  0.00267491           0
EndNode2[0]<--->HoM1[0]
REAL
    0.44086   0.0032878   0.0124466    0.358506
  0.0032878   0.0994624   0.0273206 -0.00326023
  0.0124466   0.0273206   0.0860215  0.00196154
   0.358506 -0.00326023  0.00196154    0.373656
IMAGINARY
           0   -0.0140616  0.000718036   0.00750242
   0.0140616            0   0.00947871    0.0173232
-0.000718036  -0.00947871            0    0.0153502
 -0.00750242   -0.0173232   -0.0153502            0
Repeater1[0]<--->EndNode1[0]
REAL
   0.44125  0.0171368 0.00129341   0.352188
 0.0171368    0.08625  0.0424131  0.0282696
0.00129341  0.0424131       0.07  0.0124262
  0.352188  0.0282696  0.0124262     0.4025
IMAGINARY
          0   0.0158263 -0.00459062  -0.0206888
 -0.0158263           0  0.00250703 -0.00267491
 0.00459062 -0.00250703           0  0.00200723
  0.0206888  0.00267491 -0.00200723           0
Repeater1[0]<--->HoM1[0]
REAL
    0.44086   0.0124466   0.0032878    0.358506
  0.0124466   0.0860215   0.0273206  0.00196154
  0.0032878   0.0273206   0.0994624 -0.00326023
   0.358506  0.00196154 -0.00326023    0.373656
IMAGINARY
           0  0.000718036   -0.0140616   0.00750242
-0.000718036            0  -0.00947871    0.0153502
   0.0140616   0.00947871            0    0.0173232
 -0.00750242   -0.0153502   -0.0173232            0
EndNode1[0]<--->Repeater1[0]
REAL
   0.410468 -0.00596531   0.0233406    0.351936
-0.00596531   0.0812672   0.0336366  -0.0146341
  0.0233406   0.0336366   0.0798898  0.00720909
   0.351936  -0.0146341  0.00720909    0.428375
IMAGINARY
          0  0.00559596 -0.00341351  -0.0111602
-0.00559596           0   0.0188525  -0.0133391
 0.00341351  -0.0188525           0   0.0124453
  0.0111602   0.0133391  -0.0124453           0
EndNode2[0]<--->HoM1[0]
REAL
   0.401469 -0.00510035  -0.0132223     0.37107
-0.00510035   0.0869033   0.0436588  0.00805432
 -0.0132223   0.0436588   0.0917993  -0.0259074
    0.37107  0.00805432  -0.0259074    0.419829
IMAGINARY
          0   0.0137411  0.00890267  0.00763896
 -0.0137411           0 -0.00122871  0.00124961
-0.00890267  0.00122871           0 -0.00358881
-0.00763896 -0.00124961  0.00358881           0
Repeater1[0]<--->EndNode1[0]
REAL
   0.410468   0.0233406 -0.00596531    0.351936
  0.0233406   0.0798898   0.0336366  0.00720909
-0.00596531   0.0336366   0.0812672  -0.0146341
   0.351936  0.00720909  -0.0146341    0.428375
IMAGINARY
          0 -0.00341351  0.00559596  -0.0111602
 0.00341351           0  -0.0188525   0.0124453
-0.00559596   0.0188525           0  -0.0133391
  0.0111602  -0.0124453   0.0133391           0
Repeater1[0]<--->HoM1[0]
REAL
   0.401469  -0.0132223 -0.00510035     0.37107
 -0.0132223   0.0917993   0.0436588  -0.0259074
-0.00510035   0.0436588   0.0869033  0.00805432
    0.37107  -0.0259074  0.00805432    0.419829
IMAGINARY
          0  0.00890267   0.0137411  0.00763896
-0.00890267           0  0.00122871 -0.00358881
 -0.0137411 -0.00122871           0  0.00124961
-0.00763896  0.00358881 -0.00124961           0
EndNode1[0]<--->Repeater1[0]
REAL
  0.414379  0.0104914  -0.010219   0.360371
 0.0104914  0.0888889  0.0292654 0.00685422
 -0.010219  0.0292654  0.0888889 0.00229464
  0.360371 0.00685422 0.00229464   0.407843
IMAGINARY
          0   0.0174507  0.00306927   -0.031636
 -0.0174507           0 -0.00865463   0.0206245
-0.00306927  0.00865463           0  -0.0156281
   0.031636  -0.0206245   0.0156281           0
EndNode2[0]<--->HoM1[0]
REAL
   0.405648  -0.0287074   -0.019173    0.345974
 -0.0287074   0.0988447   0.0377179 -0.00927201
  -0.019173   0.0377179   0.0834403   0.0103762
   0.345974 -0.00927201   0.0103762    0.412067
IMAGINARY
           0   0.00373695 -0.000241627   0.00672242
 -0.00373695            0    0.0146784   0.00889675
 0.000241627   -0.0146784            0   -0.0123921
 -0.00672242  -0.00889675    0.0123921            0
Repeater1[0]<--->EndNode1[0]
REAL
  0.414379  -0.010219  0.0104914   0.360371
 -0.010219  0.0888889  0.0292654 0.00229464
 0.0104914  0.0292654  0.0888889 0.00685422
  0.360371 0.00229464 0.00685422   0.407843
IMAGINARY
          0  0.00306927   0.0174507   -0.031636
-0.00306927           0  0.00865463  -0.0156281
 -0.0174507 -0.00865463           0   0.0206245
   0.031636   0.0156281  -0.0206245           0
Repeater1[0]<--->HoM1[0]
REAL
   0.405648   -0.019173  -0.0287074    0.345974
  -0.019173   0.0834403   0.0377179   0.0103762
 -0.0287074   0.0377179   0.0988447 -0.00927201
   0.345974   0.0103762 -0.00927201    0.412067
IMAGINARY
           0 -0.000241627   0.00373695   0.00672242
 0.000241627            0   -0.0146784   -0.0123921
 -0.00373695    0.0146784            0   0.00889675
 -0.00672242    0.0123921  -0.00889675            0
EndNode1[0]<--->Repeater1[0]
REAL
  0.424603 0.00730944 0.00324805   0.369222
0.00730944  0.0780423   0.025864  0.0213203
0.00324805   0.025864  0.0780423 0.00530677
  0.369222  0.0213203 0.00530677   0.419312
IMAGINARY
          0  0.00536246  -0.0111803   0.0246707
-0.00536246           0 -0.00386531  -0.0163886
  0.0111803  0.00386531           0  -0.0141344
 -0.0246707   0.0163886   0.0141344           0
EndNode2[0]<--->HoM1[0]
REAL
  0.420382   0.026788 0.00203518    0.37319
  0.026788  0.0853503  0.0392085  0.0424392
0.00203518  0.0392085  0.0866242 0.00286161
   0.37319  0.0424392 0.00286161   0.407643
IMAGINARY
          0   0.0153338 -0.00052553  0.00769786
 -0.0153338           0  0.00440405  0.00895614
 0.00052553 -0.00440405           0  0.00217592
-0.00769786 -0.00895614 -0.00217592           0
Repeater1[0]<--->EndNode1[0]
REAL
  0.424603 0.00324805 0.00730944   0.369222
0.00324805  0.0780423   0.025864 0.00530677
0.00730944   0.025864  0.0780423  0.0213203
  0.369222 0.00530677  0.0213203   0.419312
IMAGINARY
          0  -0.0111803  0.00536246   0.0246707
  0.0111803           0  0.00386531  -0.0141344
-0.00536246 -0.00386531           0  -0.0163886
 -0.0246707   0.0141344   0.0163886           0
Repeater1[0]<--->HoM1[0]
REAL
  0.420382 0.00203518   0.026788    0.37319
0.00203518  0.0866242  0.0392085 0.00286161
  0.026788  0.0392085  0.0853503  0.0424392
   0.37319 0.00286161  0.0424392   0.407643
IMAGINARY
          0 -0.00052553   0.0153338  0.00769786
 0.00052553           0 -0.00440405  0.00217592
 -0.0153338  0.00440405           0  0.00895614
-0.00769786 -0.00217592 -0.00895614           0
EndNode1[0]<--->Repeater1[0]
REAL
  0.439689 0.00207822  0.0152865   0.362082
0.00207822  0.0856031  0.0473615 0.00217791
 0.0152865  0.0473615  0.0674449  0.0153862
  0.362082 0.00217791  0.0153862   0.407263
IMAGINARY
           0    0.0037566    0.0184838  0.000853949
  -0.0037566            0    0.0065286  -0.00325535
  -0.0184838   -0.0065286            0  -0.00121853
-0.000853949   0.00325535   0.00121853            0
EndNode2[0]<--->HoM1[0]
REAL
    0.426783    0.0147378   0.00217744     0.351835
   0.0147378     0.077597    0.0374783 -0.000905175
  0.00217744    0.0374783    0.0813517  0.000529393
    0.351835 -0.000905175  0.000529393     0.414268
IMAGINARY
           0   0.00191751    0.0106299   0.00810222
 -0.00191751            0  -0.00358609   0.00793447
  -0.0106299   0.00358609            0 -0.000679889
 -0.00810222  -0.00793447  0.000679889            0
Repeater1[0]<--->EndNode1[0]
REAL
  0.439689  0.0152865 0.00207822   0.362082
 0.0152865  0.0674449  0.0473615  0.0153862
0.00207822  0.0473615  0.0856031 0.00217791
  0.362082  0.0153862 0.00217791   0.407263
IMAGINARY
           0    0.0184838    0.0037566  0.000853949
  -0.0184838            0   -0.0065286  -0.00121853
  -0.0037566    0.0065286            0  -0.00325535
-0.000853949   0.00121853   0.00325535            0
Repeater1[0]<--->HoM1[0]
REAL
    0.426783   0.00217744    0.0147378     0.351835
  0.00217744    0.0813517    0.0374783  0.000529393
   0.0147378    0.0374783     0.077597 -0.000905175
    0.351835  0.000529393 -0.000905175     0.414268
IMAGINARY
           0    0.0106299   0.00191751   0.00810222
  -0.0106299            0   0.00358609 -0.000679889
 -0.00191751  -0.00358609            0   0.00793447
 -0.00810222  0.000679889  -0.00793447            0
EndNode1[0]<--->Repeater1[0]
REAL
   0.405707  0.00606394 -0.00638601    0.361522
 0.00606394   0.0669975   0.0413281 -0.00138601
-0.00638601   0.0413281   0.0992556  -0.0229033
   0.361522 -0.00138601  -0.0229033     0.42804
IMAGINARY
           0   -0.0187902  0.000482165   0.00761571
   0.0187902            0  -0.00885333    0.0237225
-0.000482165   0.00885333            0  -0.00541445
 -0.00761571   -0.0237225   0.00541445            0
EndNode2[0]<--->HoM1[0]
REAL
    0.41906  0.00286591  0.00291697    0.357238
 0.00286591   0.0966057   0.0313732 -0.00980057
 0.00291697   0.0313732   0.0979112  0.00151456
   0.357238 -0.00980057  0.00151456    0.386423
IMAGINARY
          0 -0.00258554  -0.0153412   0.0185455
 0.00258554           0  0.00436551  0.00317731
  0.0153412 -0.00436551           0  0.00706697
 -0.0185455 -0.00317731 -0.00706697           0
Repeater1[0]<--->EndNode1[0]
REAL
   0.405707 -0.00638601  0.00606394    0.361522
-0.00638601   0.0992556   0.0413281  -0.0229033
 0.00606394   0.0413281   0.0669975 -0.00138601
   0.361522  -0.0229033 -0.00138601     0.42804
IMAGINARY
           0  0.000482165   -0.0187902   0.00761571
-0.000482165            0   0.00885333  -0.00541445
   0.0187902  -0.00885333            0    0.0237225
 -0.00761571   0.00541445   -0.0237225            0
Repeater1[0]<--->HoM1[0]
REAL
    0.41906  0.00291697  0.00286591    0.357238
 0.00291697   0.0979112   0.0313732  0.00151456
 0.00286591   0.0313732   0.0966057 -0.00980057
   0.357238  0.00151456 -0.00980057    0.386423
IMAGINARY
          0  -0.0153412 -0.00258554   0.0185455
  0.0153412           0 -0.00436551  0.00706697
 0.00258554  0.00436551           0  0.00317731
 -0.0185455 -0.00706697 -0.00317731           0
EndNode1[0]<--->Repeater1[0]
REAL
   0.422977 -0.00536817  -0.0119982    0.371586
-0.00536817   0.0953003   0.0252288  -0.0153903
 -0.0119982   0.0252288   0.0900783  -0.0156509
   0.371586  -0.0153903  -0.0156509    0.391645
IMAGINARY
           0  -0.00707255   -0.0198402   0.00530459
  0.00707255            0 -0.000163206   0.00593296
   0.0198402  0.000163206            0    0.0103838
 -0.00530459  -0.00593296   -0.0103838            0
EndNode2[0]<--->HoM1[0]
REAL
   0.430864 -0.00301902   -0.014126    0.363484
-0.00301902   0.0691358   0.0305727  0.00249807
  -0.014126   0.0305727   0.0753086  -0.0163608
   0.363484  0.00249807  -0.0163608    0.424691
IMAGINARY
           0    0.0227468   0.00485096  0.000281259
  -0.0227468            0   -0.0112208  -0.00611678
 -0.00485096    0.0112208            0   -0.0164177
-0.000281259   0.00611678    0.0164177            0
Repeater1[0]<--->EndNode1[0]
REAL
   0.422977  -0.0119982 -0.00536817    0.371586
 -0.0119982   0.0900783   0.0252288  -0.0156509
-0.00536817   0.0252288   0.0953003  -0.0153903
   0.371586  -0.0156509  -0.0153903    0.391645
IMAGINARY
           0   -0.0198402  -0.00707255   0.00530459
   0.0198402            0  0.000163206    0.0103838
  0.00707255 -0.000163206            0   0.00593296
 -0.00530459   -0.0103838  -0.00593296            0
Repeater1[0]<--->HoM1[0]
REAL
   0.430864   -0.014126 -0.00301902    0.363484
  -0.014126   0.0753086   0.0305727  -0.0163608
-0.00301902   0.0305727   0.0691358  0.00249807
   0.363484  -0.0163608  0.00249807    0.424691
IMAGINARY
           0   0.00485096    0.0227468  0.000281259
 -0.00485096            0    0.0112208   -0.0164177
  -0.0227468   -0.0112208            0  -0.00611678
-0.000281259    0.0164177   0.00611678            0
EndNode1[0]<--->Repeater1[0]
REAL
   0.425157 -0.00529088 0.000232291    0.352801
-0.00529088   0.0968553   0.0326952   0.0124904
0.000232291   0.0326952   0.0918239 -0.00997629
   0.352801   0.0124904 -0.00997629    0.386164
IMAGINARY
          0  0.00618625 -0.00891821  -0.0329732
-0.00618625           0   -0.024693   0.0115637
 0.00891821    0.024693           0  0.00175026
  0.0329732  -0.0115637 -0.00175026           0
EndNode2[0]<--->HoM1[0]
REAL
   0.426893  0.00952709 -0.00286624     0.36598
 0.00952709   0.0770235   0.0292454  0.00286624
-0.00286624   0.0292454   0.0796345  -0.0108533
    0.36598  0.00286624  -0.0108533    0.416449
IMAGINARY
          0   0.0160972 -0.00132232  0.00849941
 -0.0160972           0 -0.00849941  -0.0216369
 0.00132232  0.00849941           0  -0.0160972
-0.00849941   0.0216369   0.0160972           0
Repeater1[0]<--->EndNode1[0]
REAL
   0.425157 0.000232291 -0.00529088    0.352801
0.000232291   0.0918239   0.0326952 -0.00997629
-0.00529088   0.0326952   0.0968553   0.0124904
   0.352801 -0.00997629   0.0124904    0.386164
IMAGINARY
          0 -0.00891821  0.00618625  -0.0329732
 0.00891821           0    0.024693  0.00175026
-0.00618625   -0.024693           0   0.0115637
  0.0329732 -0.00175026  -0.0115637           0
Repeater1[0]<--->HoM1[0]
REAL
   0.426893 -0.00286624  0.00952709     0.36598
-0.00286624   0.0796345   0.0292454  -0.0108533
 0.00952709   0.0292454   0.0770235  0.00286624
    0.36598  -0.0108533  0.00286624    0.416449
IMAGINARY
          0 -0.00132232   0.0160972  0.00849941
 0.00132232           0  0.00849941  -0.0160972
 -0.0160972 -0.00849941           0  -0.0216369
-0.00849941   0.0160972   0.0216369           0
EndNode1[0]<--->Repeater1[0]
REAL
  0.411239 0.00283347  0.0122429   0.353905
0.00283347  0.0753512  0.0277595 -0.0232963
 0.0122429  0.0277595  0.0881226 -0.0255903
  0.353905 -0.0232963 -0.0255903   0.425287
IMAGINARY
           0    0.0195849   0.00465752   0.00383409
  -0.0195849            0   -0.0271632   -0.0100484
 -0.00465752    0.0271632            0  0.000630693
 -0.00383409    0.0100484 -0.000630693            0
EndNode2[0]<--->HoM1[0]
REAL
   0.417323  -0.0111899 -0.00925729    0.355678
 -0.0111899   0.0918635   0.0479363  -0.0262179
-0.00925729   0.0479363   0.0813648  -0.0162532
   0.355678  -0.0262179  -0.0162532    0.409449
IMAGINARY
           0  -0.00424521 -0.000286465   0.00605008
  0.00424521            0    0.0129683   0.00480259
 0.000286465   -0.0129683            0    0.0190839
 -0.00605008  -0.00480259   -0.0190839            0
Repeater1[0]<--->EndNode1[0]
REAL
  0.411239  0.0122429 0.00283347   0.353905
 0.0122429  0.0881226  0.0277595 -0.0255903
0.00283347  0.0277595  0.0753512 -0.0232963
  0.353905 -0.0255903 -0.0232963   0.425287
IMAGINARY
           0   0.00465752    0.0195849   0.00383409
 -0.00465752            0    0.0271632  0.000630693
  -0.0195849   -0.0271632            0   -0.0100484
 -0.00383409 -0.000630693    0.0100484            0
Repeater1[0]<--->HoM1[0]
REAL
   0.417323 -0.00925729  -0.0111899    0.355678
-0.00925729   0.0813648   0.0479363  -0.0162532
 -0.0111899   0.0479363   0.0918635  -0.0262179
   0.355678  -0.0162532  -0.0262179    0.409449
IMAGINARY
           0 -0.000286465  -0.00424521   0.00605008
 0.000286465            0   -0.0129683    0.0190839
  0.00424521    0.0129683            0   0.00480259
 -0.00605008   -0.0190839  -0.00480259            0
EndNode1[0]<--->Repeater1[0]
REAL
   0.425974 0.000185169   0.0150481     0.36172
0.000185169   0.0818182   0.0346996  -0.0201632
  0.0150481   0.0346996   0.0584416   0.0113238
    0.36172  -0.0201632   0.0113238    0.433766
IMAGINARY
          0 -0.00320043  0.00152034  0.00437126
 0.00320043           0   0.0182418  0.00858067
-0.00152034  -0.0182418           0 -0.00816321
-0.00437126 -0.00858067  0.00816321           0
EndNode2[0]<--->HoM1[0]
REAL
   0.431673   0.0229729  0.00249154    0.358569
  0.0229729   0.0804598   0.0495945   0.0102636
 0.00249154   0.0495945   0.0855683 -0.00256474
   0.358569   0.0102636 -0.00256474    0.402299
IMAGINARY
           0   -0.0175958  -0.00802643   0.00852874
   0.0175958            0   0.00662277 -0.000947926
  0.00802643  -0.00662277            0    0.0329804
 -0.00852874  0.000947926   -0.0329804            0
Repeater1[0]<--->EndNode1[0]
REAL
   0.425974   0.0150481 0.000185169     0.36172
  0.0150481   0.0584416   0.0346996   0.0113238
0.000185169   0.0346996   0.0818182  -0.0201632
    0.36172   0.0113238  -0.0201632    0.433766
IMAGINARY
          0  0.00152034 -0.00320043  0.00437126
-0.00152034           0  -0.0182418 -0.00816321
 0.00320043   0.0182418           0  0.00858067
-0.00437126  0.00816321 -0.00858067           0
Repeater1[0]<--->HoM1[0]
REAL
   0.431673  0.00249154   0.0229729    0.358569
 0.00249154   0.0855683   0.0495945 -0.00256474
  0.0229729   0.0495945   0.0804598   0.0102636
   0.358569 -0.00256474   0.0102636    0.402299
IMAGINARY
           0  -0.00802643   -0.0175958   0.00852874
  0.00802643            0  -0.00662277    0.0329804
   0.0175958   0.00662277            0 -0.000947926
 -0.00852874   -0.0329804  0.000947926            0
EndNode1[0]<--->Repeater1[0]
REAL
   0.403581   0.0195544 -0.00499585    0.359699
  0.0195544   0.0785124   0.0410458  0.00995863
-0.00499585   0.0410458   0.0853994  -0.0021847
   0.359699  0.00995863  -0.0021847    0.432507
IMAGINARY
          0  0.00420898   0.0186761  0.00188442
-0.00420898           0   0.0144472 -0.00183672
 -0.0186761  -0.0144472           0  -0.0184577
-0.00188442  0.00183672   0.0184577           0
EndNode2[0]<--->HoM1[0]
REAL
   0.410641  0.00385327 -0.00679551    0.365033
 0.00385327   0.0900409   0.0340118  0.00202061
-0.00679551   0.0340118   0.0832196 -0.00589966
   0.365033  0.00202061 -0.00589966    0.416098
IMAGINARY
          0 -0.00690018  0.00747489   0.0247542
 0.00690018           0  0.00345094  -0.0106275
-0.00747489 -0.00345094           0  0.00248656
 -0.0247542   0.0106275 -0.00248656           0
Repeater1[0]<--->EndNode1[0]
REAL
   0.403581 -0.00499585   0.0195544    0.359699
-0.00499585   0.0853994   0.0410458  -0.0021847
  0.0195544   0.0410458   0.0785124  0.00995863
   0.359699  -0.0021847  0.00995863    0.432507
IMAGINARY
          0   0.0186761  0.00420898  0.00188442
 -0.0186761           0  -0.0144472  -0.0184577
-0.00420898   0.0144472           0 -0.00183672
-0.00188442   0.0184577  0.00183672           0
Repeater1[0]<--->HoM1[0]
REAL
   0.410641 -0.00679551  0.00385327    0.365033
-0.00679551   0.0832196   0.0340118 -0.00589966
 0.00385327   0.0340118   0.0900409  0.00202061
   0.365033 -0.00589966  0.00202061    0.416098
IMAGINARY
          0  0.00747489 -0.00690018   0.0247542
-0.00747489           0 -0.00345094  0.00248656
 0.00690018  0.00345094           0  -0.0106275
 -0.0247542 -0.00248656   0.0106275           0
EndNode1[0]<--->Repeater1[0]
REAL
   0.397098   0.0108089  0.00358462    0.356148
  0.0108089   0.0765172   0.0377342  -0.0229354
 0.00358462   0.0377342    0.085752 -0.00893628
   0.356148  -0.0229354 -0.00893628    0.440633
IMAGINARY
          0   0.0120316   0.0161337 -0.00789114
 -0.0120316           0  -0.0241038 -0.00718233
 -0.0161337   0.0241038           0 -0.00308014
 0.00789114  0.00718233  0.00308014           0
EndNode2[0]<--->HoM1[0]
REAL
   0.376112  0.00163885 -0.00365851    0.358006
 0.00163885   0.0825921   0.0487421    0.005499
-0.00365851   0.0487421    0.109276 -0.00470633
   0.358006    0.005499 -0.00470633     0.43202
IMAGINARY
           0   -0.0147991  0.000441568    0.0371303
   0.0147991            0  -0.00702557   0.00637042
-0.000441568   0.00702557            0  -0.00563683
  -0.0371303  -0.00637042   0.00563683            0
Repeater1[0]<--->EndNode1[0]
REAL
   0.397098  0.00358462   0.0108089    0.356148
 0.00358462    0.085752   0.0377342 -0.00893628
  0.0108089   0.0377342   0.0765172  -0.0229354
   0.356148 -0.00893628  -0.0229354    0.440633
IMAGINARY
          0   0.0161337   0.0120316 -0.00789114
 -0.0161337           0   0.0241038 -0.00308014
 -0.0120316  -0.0241038           0 -0.00718233
 0.00789114  0.00308014  0.00718233           0
Repeater1[0]<--->HoM1[0]
REAL
   0.376112 -0.00365851  0.00163885    0.358006
-0.00365851    0.109276   0.0487421 -0.00470633
 0.00163885   0.0487421   0.0825921    0.005499
   0.358006 -0.00470633    0.005499     0.43202
IMAGINARY
           0  0.000441568   -0.0147991    0.0371303
-0.000441568            0   0.00702557  -0.00563683
   0.0147991  -0.00702557            0   0.00637042
  -0.0371303   0.00563683  -0.00637042            0
EndNode1[0]<--->Repeater1[0]
REAL
   0.399497 -0.00543801 -0.00973093    0.368275
-0.00543801   0.0778894   0.0427259 -0.00572024
-0.00973093   0.0427259   0.0904523  -0.0100132
   0.368275 -0.00572024  -0.0100132    0.432161
IMAGINARY
          0  -0.0111906  -0.0114779   0.0100392
  0.0111906           0   0.0193725  0.00873068
  0.0114779  -0.0193725           0   0.0043225
 -0.0100392 -0.00873068  -0.0043225           0
EndNode2[0]<--->HoM1[0]
REAL
  0.415655 0.00611586 0.00262564   0.343679
0.00611586  0.0877193  0.0328342 -0.0062576
0.00262564  0.0328342  0.0728745 -0.0121691
  0.343679 -0.0062576 -0.0121691   0.423752
IMAGINARY
          0 -0.00800231   0.0124593  0.00503315
 0.00800231           0  -0.0134365  0.00456461
 -0.0124593   0.0134365           0  0.00106662
-0.00503315 -0.00456461 -0.00106662           0
Repeater1[0]<--->EndNode1[0]
REAL
   0.399497 -0.00973093 -0.00543801    0.368275
-0.00973093   0.0904523   0.0427259  -0.0100132
-0.00543801   0.0427259   0.0778894 -0.00572024
   0.368275  -0.0100132 -0.00572024    0.432161
IMAGINARY
          0  -0.0114779  -0.0111906   0.0100392
  0.0114779           0  -0.0193725   0.0043225
  0.0111906   0.0193725           0  0.00873068
 -0.0100392  -0.0043225 -0.00873068           0
Repeater1[0]<--->HoM1[0]
REAL
  0.415655 0.00262564 0.00611586   0.343679
0.00262564  0.0728745  0.0328342 -0.0121691
0.00611586  0.0328342  0.0877193 -0.0062576
  0.343679 -0.0121691 -0.0062576   0.423752
IMAGINARY
          0   0.0124593 -0.00800231  0.00503315
 -0.0124593           0   0.0134365  0.00106662
 0.00800231  -0.0134365           0  0.00456461
-0.00503315 -0.00106662 -0.00456461           0
EndNode1[0]<--->Repeater1[0]
REAL
    0.426043  -0.00609087  -0.00252416     0.358606
 -0.00609087    0.0884956    0.0305569   0.00129263
 -0.00252416    0.0305569    0.0758534 -6.67695e-05
    0.358606   0.00129263 -6.67695e-05     0.409608
IMAGINARY
          0   0.0064879  -0.0034001  0.00313795
 -0.0064879           0  -0.0124465   0.0131562
  0.0034001   0.0124465           0  -0.0150245
-0.00313795  -0.0131562   0.0150245           0
EndNode2[0]<--->HoM1[0]
REAL
  0.409146 0.00322338  0.0253018   0.369585
0.00322338  0.0866426  0.0297857 -0.0070628
 0.0253018  0.0297857  0.0734055  0.0200471
  0.369585 -0.0070628  0.0200471   0.430806
IMAGINARY
          0  0.00905429   0.0187309  -0.0126973
-0.00905429           0  -0.0133375   0.0119324
 -0.0187309   0.0133375           0  -0.0221957
  0.0126973  -0.0119324   0.0221957           0
Repeater1[0]<--->EndNode1[0]
REAL
    0.426043  -0.00252416  -0.00609087     0.358606
 -0.00252416    0.0758534    0.0305569 -6.67695e-05
 -0.00609087    0.0305569    0.0884956   0.00129263
    0.358606 -6.67695e-05   0.00129263     0.409608
IMAGINARY
          0  -0.0034001   0.0064879  0.00313795
  0.0034001           0   0.0124465  -0.0150245
 -0.0064879  -0.0124465           0   0.0131562
-0.00313795   0.0150245  -0.0131562           0
Repeater1[0]<--->HoM1[0]
REAL
  0.409146  0.0253018 0.00322338   0.369585
 0.0253018  0.0734055  0.0297857  0.0200471
0.00322338  0.0297857  0.0866426 -0.0070628
  0.369585  0.0200471 -0.0070628   0.430806
IMAGINARY
          0   0.0187309  0.00905429  -0.0126973
 -0.0187309           0   0.0133375  -0.0221957
-0.00905429  -0.0133375           0   0.0119324
  0.0126973   0.0221957  -0.0119324           0
EndNode1[0]<--->Repeater1[0]
REAL
   0.411693 -0.00285278  -0.0182312    0.351763
-0.00285278   0.0876979   0.0330051   0.0109465
 -0.0182312   0.0330051   0.0730816  0.00483953
   0.351763   0.0109465  0.00483953    0.427527
IMAGINARY
           0    0.0261066   -0.0223057 -1.50474e-05
  -0.0261066            0   -0.0191696  -0.00114169
   0.0223057    0.0191696            0   0.00621275
 1.50474e-05   0.00114169  -0.00621275            0
EndNode2[0]<--->HoM1[0]
REAL
    0.44819 -0.00125664  -0.0132855    0.373436
-0.00125664   0.0799001   0.0350521  0.00400171
 -0.0132855   0.0350521   0.0699126   0.0118667
   0.373436  0.00400171   0.0118667    0.401998
IMAGINARY
           0  -0.00693649     -0.00418   -0.0193936
  0.00693649            0   0.00956395   -0.0134968
     0.00418  -0.00956395            0 -0.000639264
   0.0193936    0.0134968  0.000639264            0
Repeater1[0]<--->EndNode1[0]
REAL
   0.411693  -0.0182312 -0.00285278    0.351763
 -0.0182312   0.0730816   0.0330051  0.00483953
-0.00285278   0.0330051   0.0876979   0.0109465
   0.351763  0.00483953   0.0109465    0.427527
IMAGINARY
           0   -0.0223057    0.0261066 -1.50474e-05
   0.0223057            0    0.0191696   0.00621275
  -0.0261066   -0.0191696            0  -0.00114169
 1.50474e-05  -0.00621275   0.00114169            0
Repeater1[0]<--->HoM1[0]
REAL
    0.44819  -0.0132855 -0.00125664    0.373436
 -0.0132855   0.0699126   0.0350521   0.0118667
-0.00125664   0.0350521   0.0799001  0.00400171
   0.373436   0.0118667  0.00400171    0.401998
IMAGINARY
           0     -0.00418  -0.00693649   -0.0193936
     0.00418            0  -0.00956395 -0.000639264
  0.00693649   0.00956395            0   -0.0134968
   0.0193936  0.000639264    0.0134968            0
EndNode1[0]<--->Repeater1[0]
REAL
   0.431204  -0.0105435 -0.00638698    0.352068
 -0.0105435   0.0749386    0.039156 0.000824558
-0.00638698    0.039156   0.0773956 -0.00243544
   0.352068 0.000824558 -0.00243544    0.416462
IMAGINARY
          0   0.0042638  -0.0104756 -0.00620668
 -0.0042638           0  0.00554267  0.00586427
  0.0104756 -0.00554267           0 -0.00492256
 0.00620668 -0.00586427  0.00492256           0
EndNode2[0]<--->HoM1[0]
REAL
  0.418301  0.0174318  0.0112434   0.358343
 0.0174318   0.069281  0.0490645  0.0112434
 0.0112434  0.0490645  0.0732026 -0.0134635
  0.358343  0.0112434 -0.0134635   0.439216
IMAGINARY
           0   -0.0222706   0.00957019    0.0129595
   0.0222706            0   0.00580731   0.00589372
 -0.00957019  -0.00580731            0 -0.000925234
  -0.0129595  -0.00589372  0.000925234            0
Repeater1[0]<--->EndNode1[0]
REAL
   0.431204 -0.00638698  -0.0105435    0.352068
-0.00638698   0.0773956    0.039156 -0.00243544
 -0.0105435    0.039156   0.0749386 0.000824558
   0.352068 -0.00243544 0.000824558    0.416462
IMAGINARY
          0  -0.0104756   0.0042638 -0.00620668
  0.0104756           0 -0.00554267 -0.00492256
 -0.0042638  0.00554267           0  0.00586427
 0.00620668  0.00492256 -0.00586427           0
Repeater1[0]<--->HoM1[0]
REAL
  0.418301  0.0112434  0.0174318   0.358343
 0.0112434  0.0732026  0.0490645 -0.0134635
 0.0174318  0.0490645   0.069281  0.0112434
  0.358343 -0.0134635  0.0112434   0.439216
IMAGINARY
           0   0.00957019   -0.0222706    0.0129595
 -0.00957019            0  -0.00580731 -0.000925234
   0.0222706   0.00580731            0   0.00589372
  -0.0129595  0.000925234  -0.00589372            0
EndNode1[0]<--->Repeater1[0]
REAL
   0.406932  -0.0103731 -0.00168159    0.357354
 -0.0103731   0.0808729   0.0369657  -0.0108679
-0.00168159   0.0369657   0.0872914 -0.00217641
   0.357354  -0.0108679 -0.00217641    0.424904
IMAGINARY
          0  -0.0118808  -0.0130884   0.0181379
  0.0118808           0  0.00423057  -0.0257466
  0.0130884 -0.00423057           0   0.0240167
 -0.0181379   0.0257466  -0.0240167           0
EndNode2[0]<--->HoM1[0]
REAL
    0.397972   0.00587371 -0.000500978     0.355385
  0.00587371    0.0899873    0.0370879  -0.00353128
-0.000500978    0.0370879    0.0849176   -0.0125941
    0.355385  -0.00353128   -0.0125941     0.427123
IMAGINARY
          0   0.0173366  -0.0189307   0.0133898
 -0.0173366           0  0.00945282 -0.00330567
  0.0189307 -0.00945282           0  0.00617037
 -0.0133898  0.00330567 -0.00617037           0
Repeater1[0]<--->EndNode1[0]
REAL
   0.406932 -0.00168159  -0.0103731    0.357354
-0.00168159   0.0872914   0.0369657 -0.00217641
 -0.0103731   0.0369657   0.0808729  -0.0108679
   0.357354 -0.00217641  -0.0108679    0.424904
IMAGINARY
          0  -0.0130884  -0.0118808   0.0181379
  0.0130884           0 -0.00423057   0.0240167
  0.0118808  0.00423057           0  -0.0257466
 -0.0181379  -0.0240167   0.0257466           0
Repeater1[0]<--->HoM1[0]
REAL
    0.397972 -0.000500978   0.00587371     0.355385
-0.000500978    0.0849176    0.0370879   -0.0125941
  0.00587371    0.0370879    0.0899873  -0.00353128
    0.355385   -0.0125941  -0.00353128     0.427123
IMAGINARY
          0  -0.0189307   0.0173366   0.0133898
  0.0189307           0 -0.00945282  0.00617037
 -0.0173366  0.00945282           0 -0.00330567
 -0.0133898 -0.00617037  0.00330567           0
EndNode1[0]<--->Repeater1[0]
REAL
    0.41689  0.00794821 0.000210726    0.354555
 0.00794821   0.0723861   0.0261679   0.0190664
0.000210726   0.0261679   0.0911528 0.000485524
   0.354555   0.0190664 0.000485524    0.419571
IMAGINARY
          0  0.00123747 -0.00524895   0.0152477
-0.00123747           0   0.0181785   0.0110554
 0.00524895  -0.0181785           0   0.0148916
 -0.0152477  -0.0110554  -0.0148916           0
