EndNode1[0]<--->Repeater1[0]
REAL
   0.481976 -0.00971845 -0.00223573    0.292295
-0.00971845    0.113485   0.0220082  -0.0234857
-0.00223573   0.0220082    0.104139  -0.0185124
   0.292295  -0.0234857  -0.0185124    0.300401
IMAGINARY
          0  0.00661862 -0.00808163  0.00408364
-0.00661862           0   0.0111079  -0.0125176
 0.00808163  -0.0111079           0 -0.00849127
-0.00408364   0.0125176  0.00849127           0
EndNode2[0]<--->HoM1[0]
REAL
    0.465686    0.0284872  -0.00438892     0.346482
   0.0284872    0.0857843   0.00351759 -0.000739285
 -0.00438892   0.00351759    0.0870098   -0.0195128
    0.346482 -0.000739285   -0.0195128      0.36152
IMAGINARY
           0  -0.00330047  -0.00622872  -0.00918003
  0.00330047            0 -0.000727497    -0.023922
  0.00622872  0.000727497            0    0.0120944
  0.00918003     0.023922   -0.0120944            0
Repeater1[0]<--->EndNode1[0]
REAL
   0.481976 -0.00223573 -0.00971845    0.292295
-0.00223573    0.104139   0.0220082  -0.0185124
-0.00971845   0.0220082    0.113485  -0.0234857
   0.292295  -0.0185124  -0.0234857    0.300401
IMAGINARY
          0 -0.00808163  0.00661862  0.00408364
 0.00808163           0  -0.0111079 -0.00849127
-0.00661862   0.0111079           0  -0.0125176
-0.00408364  0.00849127   0.0125176           0
Repeater1[0]<--->HoM1[0]
REAL
    0.465686  -0.00438892    0.0284872     0.346482
 -0.00438892    0.0870098   0.00351759   -0.0195128
   0.0284872   0.00351759    0.0857843 -0.000739285
    0.346482   -0.0195128 -0.000739285      0.36152
IMAGINARY
           0  -0.00622872  -0.00330047  -0.00918003
  0.00622872            0  0.000727497    0.0120944
  0.00330047 -0.000727497            0    -0.023922
  0.00918003   -0.0120944     0.023922            0
EndNode1[0]<--->Repeater1[0]
REAL
   0.457746   0.0321893  0.00678431    0.300731
  0.0321893    0.112676  0.00972611   0.0147843
 0.00678431  0.00972611    0.117371 -0.00147039
   0.300731   0.0147843 -0.00147039    0.312207
IMAGINARY
          0  -0.0079208  0.00486365   0.0171019
  0.0079208           0 -0.00727228  -0.0220594
-0.00486365  0.00727228           0  0.00395255
 -0.0171019   0.0220594 -0.00395255           0
EndNode2[0]<--->HoM1[0]
REAL
    0.46879  0.00905202 -0.00162463    0.342255
 0.00905202   0.0840764   0.0106095 -0.00618787
-0.00162463   0.0106095    0.077707  -0.0389999
   0.342255 -0.00618787  -0.0389999    0.369427
IMAGINARY
           0    0.0096968  0.000607928   0.00579173
  -0.0096968            0    0.0240685   0.00192372
-0.000607928   -0.0240685            0 -0.000836039
 -0.00579173  -0.00192372  0.000836039            0
Repeater1[0]<--->EndNode1[0]
REAL
   0.457746  0.00678431   0.0321893    0.300731
 0.00678431    0.117371  0.00972611 -0.00147039
  0.0321893  0.00972611    0.112676   0.0147843
   0.300731 -0.00147039   0.0147843    0.312207
IMAGINARY
          0  0.00486365  -0.0079208   0.0171019
-0.00486365           0  0.00727228  0.00395255
  0.0079208 -0.00727228           0  -0.0220594
 -0.0171019 -0.00395255   0.0220594           0
Repeater1[0]<--->HoM1[0]
REAL
    0.46879 -0.00162463  0.00905202    0.342255
-0.00162463    0.077707   0.0106095  -0.0389999
 0.00905202   0.0106095   0.0840764 -0.00618787
   0.342255  -0.0389999 -0.00618787    0.369427
IMAGINARY
           0  0.000607928    0.0096968   0.00579173
-0.000607928            0   -0.0240685 -0.000836039
  -0.0096968    0.0240685            0   0.00192372
 -0.00579173  0.000836039  -0.00192372            0
EndNode1[0]<--->Repeater1[0]
REAL
  0.464968  0.0147399 0.00644544   0.280454
 0.0147399   0.122293 0.00617874 0.00512269
0.00644544 0.00617874  0.0993631  0.0122524
  0.280454 0.00512269  0.0122524   0.313376
IMAGINARY
          0  -0.0106702  0.00991104 -0.00992077
  0.0106702           0  0.00334183   0.0298115
-0.00991104 -0.00334183           0  0.00499557
 0.00992077  -0.0298115 -0.00499557           0
EndNode2[0]<--->HoM1[0]
REAL
    0.466837   0.00156055   -0.0050119     0.362815
  0.00156055    0.0892857 -0.000143139   -0.0043514
  -0.0050119 -0.000143139    0.0714286   0.00156055
    0.362815   -0.0043514   0.00156055     0.372449
IMAGINARY
           0  -0.00228346    0.0108817    0.0214097
  0.00228346            0   -0.0214097  0.000651532
  -0.0108817    0.0214097            0  0.000248184
  -0.0214097 -0.000651532 -0.000248184            0
Repeater1[0]<--->EndNode1[0]
REAL
  0.464968 0.00644544  0.0147399   0.280454
0.00644544  0.0993631 0.00617874  0.0122524
 0.0147399 0.00617874   0.122293 0.00512269
  0.280454  0.0122524 0.00512269   0.313376
IMAGINARY
          0  0.00991104  -0.0106702 -0.00992077
-0.00991104           0 -0.00334183  0.00499557
  0.0106702  0.00334183           0   0.0298115
 0.00992077 -0.00499557  -0.0298115           0
Repeater1[0]<--->HoM1[0]
REAL
    0.466837   -0.0050119   0.00156055     0.362815
  -0.0050119    0.0714286 -0.000143139   0.00156055
  0.00156055 -0.000143139    0.0892857   -0.0043514
    0.362815   0.00156055   -0.0043514     0.372449
IMAGINARY
           0    0.0108817  -0.00228346    0.0214097
  -0.0108817            0    0.0214097  0.000248184
  0.00228346   -0.0214097            0  0.000651532
  -0.0214097 -0.000248184 -0.000651532            0
EndNode1[0]<--->Repeater1[0]
REAL
  0.494102  0.0132258 0.00136088   0.272132
 0.0132258   0.112713  0.0192064  0.0130748
0.00136088  0.0192064  0.0996068 -0.0132258
  0.272132  0.0130748 -0.0132258   0.293578
IMAGINARY
          0  0.00767804  0.00497829   0.0183578
-0.00767804           0  -0.0183578 -0.00822926
-0.00497829   0.0183578           0 -0.00702784
 -0.0183578  0.00822926  0.00702784           0
EndNode2[0]<--->HoM1[0]
REAL
   0.459198  -0.0115403  0.00382574    0.349426
 -0.0115403   0.0733057    0.041103 -0.00198072
 0.00382574    0.041103   0.0871369  0.00969525
   0.349426 -0.00198072  0.00969525     0.38036
IMAGINARY
           0   -0.0209547    0.0066324    0.0035314
   0.0209547            0  -0.00166341  0.000303287
  -0.0066324   0.00166341            0  -0.00111341
  -0.0035314 -0.000303287   0.00111341            0
Repeater1[0]<--->EndNode1[0]
REAL
  0.494102 0.00136088  0.0132258   0.272132
0.00136088  0.0996068  0.0192064 -0.0132258
 0.0132258  0.0192064   0.112713  0.0130748
  0.272132 -0.0132258  0.0130748   0.293578
IMAGINARY
          0  0.00497829  0.00767804   0.0183578
-0.00497829           0   0.0183578 -0.00702784
-0.00767804  -0.0183578           0 -0.00822926
 -0.0183578  0.00702784  0.00822926           0
Repeater1[0]<--->HoM1[0]
REAL
   0.459198  0.00382574  -0.0115403    0.349426
 0.00382574   0.0871369    0.041103  0.00969525
 -0.0115403    0.041103   0.0733057 -0.00198072
   0.349426  0.00969525 -0.00198072     0.38036
IMAGINARY
           0    0.0066324   -0.0209547    0.0035314
  -0.0066324            0   0.00166341  -0.00111341
   0.0209547  -0.00166341            0  0.000303287
  -0.0035314   0.00111341 -0.000303287            0
EndNode1[0]<--->Repeater1[0]
REAL
   0.472186 -0.00416664 -0.00873054    0.277496
-0.00416664   0.0996119  0.00618309   0.0113212
-0.00873054  0.00618309    0.100906 0.000280629
   0.277496   0.0113212 0.000280629    0.327296
IMAGINARY
          0   0.0191028 -0.00874109 -0.00526102
 -0.0191028           0  0.00847852 -0.00682048
 0.00874109 -0.00847852           0  -0.0157198
 0.00526102  0.00682048   0.0157198           0
EndNode2[0]<--->HoM1[0]
REAL
  0.472471 0.00616263  0.0130079   0.335612
0.00616263  0.0729834  0.0211658  -0.018123
 0.0130079  0.0211658  0.0857875 -0.0215079
  0.335612  -0.018123 -0.0215079   0.368758
IMAGINARY
          0  -0.0113684  0.00627922  0.00515004
  0.0113684           0   0.0217317   0.0155141
-0.00627922  -0.0217317           0  -0.0241235
-0.00515004  -0.0155141   0.0241235           0
Repeater1[0]<--->EndNode1[0]
REAL
   0.472186 -0.00873054 -0.00416664    0.277496
-0.00873054    0.100906  0.00618309 0.000280629
-0.00416664  0.00618309   0.0996119   0.0113212
   0.277496 0.000280629   0.0113212    0.327296
IMAGINARY
          0 -0.00874109   0.0191028 -0.00526102
 0.00874109           0 -0.00847852  -0.0157198
 -0.0191028  0.00847852           0 -0.00682048
 0.00526102   0.0157198  0.00682048           0
Repeater1[0]<--->HoM1[0]
REAL
  0.472471  0.0130079 0.00616263   0.335612
 0.0130079  0.0857875  0.0211658 -0.0215079
0.00616263  0.0211658  0.0729834  -0.018123
  0.335612 -0.0215079  -0.018123   0.368758
IMAGINARY
          0  0.00627922  -0.0113684  0.00515004
-0.00627922           0  -0.0217317  -0.0241235
  0.0113684   0.0217317           0   0.0155141
-0.00515004   0.0241235  -0.0155141           0
