EndNode1[0]<--->Repeater1[0]
REAL
   0.448441 -0.00888031  -0.0216668    0.398906
-0.00888031   0.0479616  0.00971686 -0.00857776
 -0.0216668  0.00971686   0.0455635  -0.0277992
   0.398906 -0.00857776  -0.0277992    0.458034
IMAGINARY
           0   -0.0121994     0.011503       0.0185
   0.0121994            0    0.0013463 -0.000692156
   -0.011503   -0.0013463            0   0.00409131
     -0.0185  0.000692156  -0.00409131            0
EndNode2[0]<--->HoM1[0]
REAL
   0.479675  0.00105774  -0.0108643    0.417567
 0.00105774   0.0420054 -0.00201768  0.00818333
 -0.0108643 -0.00201768   0.0420054  0.00296371
   0.417567  0.00818333  0.00296371    0.436314
IMAGINARY
          0 -0.00450701  -0.0077821  -0.0140307
 0.00450701           0 -0.00704212 -0.00453956
  0.0077821  0.00704212           0   0.0038585
  0.0140307  0.00453956  -0.0038585           0
Repeater1[0]<--->EndNode1[0]
REAL
   0.448441  -0.0216668 -0.00888031    0.398906
 -0.0216668   0.0455635  0.00971686  -0.0277992
-0.00888031  0.00971686   0.0479616 -0.00857776
   0.398906  -0.0277992 -0.00857776    0.458034
IMAGINARY
           0     0.011503   -0.0121994       0.0185
   -0.011503            0   -0.0013463   0.00409131
   0.0121994    0.0013463            0 -0.000692156
     -0.0185  -0.00409131  0.000692156            0
Repeater1[0]<--->HoM1[0]
REAL
   0.479675  -0.0108643  0.00105774    0.417567
 -0.0108643   0.0420054 -0.00201768  0.00296371
 0.00105774 -0.00201768   0.0420054  0.00818333
   0.417567  0.00296371  0.00818333    0.436314
IMAGINARY
          0  -0.0077821 -0.00450701  -0.0140307
  0.0077821           0  0.00704212   0.0038585
 0.00450701 -0.00704212           0 -0.00453956
  0.0140307  -0.0038585  0.00453956           0
EndNode1[0]<--->Repeater1[0]
REAL
   0.440461   0.0175006 -0.00182248    0.392617
  0.0175006   0.0550576   0.0161232   0.0288148
-0.00182248   0.0161232    0.056338 -0.00464709
   0.392617   0.0288148 -0.00464709    0.448143
IMAGINARY
          0 -0.00445049 -0.00833616  -0.0114166
 0.00445049           0 -0.00163824  -0.0109201
 0.00833616  0.00163824           0   0.0223788
  0.0114166   0.0109201  -0.0223788           0
EndNode2[0]<--->HoM1[0]
REAL
  0.456599 0.00591897 -0.0104015   0.420245
0.00591897  0.0511296 0.00111798 0.00450369
-0.0104015 0.00111798  0.0368609 0.00915312
  0.420245 0.00450369 0.00915312    0.45541
IMAGINARY
          0  0.00607236 -0.00699901  -0.0265914
-0.00607236           0   0.0323829  0.00892456
 0.00699901  -0.0323829           0  0.00869016
  0.0265914 -0.00892456 -0.00869016           0
Repeater1[0]<--->EndNode1[0]
REAL
   0.440461 -0.00182248   0.0175006    0.392617
-0.00182248    0.056338   0.0161232 -0.00464709
  0.0175006   0.0161232   0.0550576   0.0288148
   0.392617 -0.00464709   0.0288148    0.448143
IMAGINARY
          0 -0.00833616 -0.00445049  -0.0114166
 0.00833616           0  0.00163824   0.0223788
 0.00445049 -0.00163824           0  -0.0109201
  0.0114166  -0.0223788   0.0109201           0
Repeater1[0]<--->HoM1[0]
REAL
  0.456599 -0.0104015 0.00591897   0.420245
-0.0104015  0.0368609 0.00111798 0.00915312
0.00591897 0.00111798  0.0511296 0.00450369
  0.420245 0.00915312 0.00450369    0.45541
IMAGINARY
          0 -0.00699901  0.00607236  -0.0265914
 0.00699901           0  -0.0323829  0.00869016
-0.00607236   0.0323829           0  0.00892456
  0.0265914 -0.00869016 -0.00892456           0
EndNode1[0]<--->Repeater1[0]
REAL
    0.4654 0.00761402  0.0105838   0.417642
0.00761402  0.0556309 0.00437028 -0.0112127
 0.0105838 0.00437028  0.0502035 -0.0107587
  0.417642 -0.0112127 -0.0107587   0.428765
IMAGINARY
           0  -0.00608301   0.00960937   -0.0102141
  0.00608301            0   0.00280671  0.000246079
 -0.00960937  -0.00280671            0   0.00936816
   0.0102141 -0.000246079  -0.00936816            0
EndNode2[0]<--->HoM1[0]
REAL
   0.463263  0.00164079   0.0061704    0.412984
 0.00164079   0.0473225 -0.00245743 0.000408552
  0.0061704 -0.00245743   0.0535492  0.00230657
   0.412984 0.000408552  0.00230657    0.435866
IMAGINARY
           0 -0.000551471    0.0197999   0.00733397
 0.000551471            0    -0.012611  -0.00631951
  -0.0197999     0.012611            0  -0.00680147
 -0.00733397   0.00631951   0.00680147            0
Repeater1[0]<--->EndNode1[0]
REAL
    0.4654  0.0105838 0.00761402   0.417642
 0.0105838  0.0502035 0.00437028 -0.0107587
0.00761402 0.00437028  0.0556309 -0.0112127
  0.417642 -0.0107587 -0.0112127   0.428765
IMAGINARY
           0   0.00960937  -0.00608301   -0.0102141
 -0.00960937            0  -0.00280671   0.00936816
  0.00608301   0.00280671            0  0.000246079
   0.0102141  -0.00936816 -0.000246079            0
Repeater1[0]<--->HoM1[0]
REAL
   0.463263   0.0061704  0.00164079    0.412984
  0.0061704   0.0535492 -0.00245743  0.00230657
 0.00164079 -0.00245743   0.0473225 0.000408552
   0.412984  0.00230657 0.000408552    0.435866
IMAGINARY
           0    0.0197999 -0.000551471   0.00733397
  -0.0197999            0     0.012611  -0.00680147
 0.000551471    -0.012611            0  -0.00631951
 -0.00733397   0.00680147   0.00631951            0
EndNode1[0]<--->Repeater1[0]
REAL
    0.478205   -0.0207874 -3.60742e-05     0.408097
  -0.0207874    0.0435897    0.0139641  -0.00458744
-3.60742e-05    0.0139641    0.0397436    0.0122009
    0.408097  -0.00458744    0.0122009     0.438462
IMAGINARY
          0  0.00670251 -0.00892531 -0.00823937
-0.00670251           0 -0.00237236  -0.0114829
 0.00892531  0.00237236           0  0.00987913
 0.00823937   0.0114829 -0.00987913           0
EndNode2[0]<--->HoM1[0]
REAL
   0.462324 -0.00326176 -0.00133151    0.409944
-0.00326176   0.0561941  0.00639068 -0.00198854
-0.00133151  0.00639068   0.0498084   0.0145499
   0.409944 -0.00198854   0.0145499    0.431673
IMAGINARY
          0   0.0205306  -0.0241047  -0.0146167
 -0.0205306           0  -0.0171293 -0.00762119
  0.0241047   0.0171293           0  0.00865723
  0.0146167  0.00762119 -0.00865723           0
Repeater1[0]<--->EndNode1[0]
REAL
    0.478205 -3.60742e-05   -0.0207874     0.408097
-3.60742e-05    0.0397436    0.0139641    0.0122009
  -0.0207874    0.0139641    0.0435897  -0.00458744
    0.408097    0.0122009  -0.00458744     0.438462
IMAGINARY
          0 -0.00892531  0.00670251 -0.00823937
 0.00892531           0  0.00237236  0.00987913
-0.00670251 -0.00237236           0  -0.0114829
 0.00823937 -0.00987913   0.0114829           0
Repeater1[0]<--->HoM1[0]
REAL
   0.462324 -0.00133151 -0.00326176    0.409944
-0.00133151   0.0498084  0.00639068   0.0145499
-0.00326176  0.00639068   0.0561941 -0.00198854
   0.409944   0.0145499 -0.00198854    0.431673
IMAGINARY
          0  -0.0241047   0.0205306  -0.0146167
  0.0241047           0   0.0171293  0.00865723
 -0.0205306  -0.0171293           0 -0.00762119
  0.0146167 -0.00865723  0.00762119           0
EndNode1[0]<--->Repeater1[0]
REAL
    0.470514 -0.000257026  -0.00194356     0.396117
-0.000257026    0.0564617    0.0106312   0.00746504
 -0.00194356    0.0106312    0.0276035  -0.00649144
    0.396117   0.00746504  -0.00649144      0.44542
IMAGINARY
          0  0.00968558 -0.00850656  -0.0227355
-0.00968558           0   0.0150249  -0.0374322
 0.00850656  -0.0150249           0   0.0256007
  0.0227355   0.0374322  -0.0256007           0
EndNode2[0]<--->HoM1[0]
REAL
   0.445455  -0.0171694  -0.0172979    0.405565
 -0.0171694   0.0428571 -0.00184234  0.00767013
 -0.0172979 -0.00184234   0.0688312 -0.00401155
   0.405565  0.00767013 -0.00401155    0.442857
IMAGINARY
          0 -0.00589035 -0.00348449  0.00171582
 0.00589035           0  -0.0203725   0.0246485
 0.00348449   0.0203725           0  0.00324485
-0.00171582  -0.0246485 -0.00324485           0
Repeater1[0]<--->EndNode1[0]
REAL
    0.470514  -0.00194356 -0.000257026     0.396117
 -0.00194356    0.0276035    0.0106312  -0.00649144
-0.000257026    0.0106312    0.0564617   0.00746504
    0.396117  -0.00649144   0.00746504      0.44542
IMAGINARY
          0 -0.00850656  0.00968558  -0.0227355
 0.00850656           0  -0.0150249   0.0256007
-0.00968558   0.0150249           0  -0.0374322
  0.0227355  -0.0256007   0.0374322           0
Repeater1[0]<--->HoM1[0]
REAL
   0.445455  -0.0172979  -0.0171694    0.405565
 -0.0172979   0.0688312 -0.00184234 -0.00401155
 -0.0171694 -0.00184234   0.0428571  0.00767013
   0.405565 -0.00401155  0.00767013    0.442857
IMAGINARY
          0 -0.00348449 -0.00589035  0.00171582
 0.00348449           0   0.0203725  0.00324485
 0.00589035  -0.0203725           0   0.0246485
-0.00171582 -0.00324485  -0.0246485           0
EndNode1[0]<--->Repeater1[0]
REAL
   0.436893   0.0152497   -0.014958    0.393153
  0.0152497   0.0499307  0.00301539  0.00815953
  -0.014958  0.00301539   0.0485437 -0.00721504
   0.393153  0.00815953 -0.00721504    0.464632
IMAGINARY
          0  0.00680218  0.00940334  0.00184124
-0.00680218           0  0.00567756 -0.00128848
-0.00940334 -0.00567756           0 -0.00243265
-0.00184124  0.00128848  0.00243265           0
EndNode2[0]<--->HoM1[0]
REAL
   0.434949 -0.00385509  0.00345816    0.411797
-0.00385509   0.0459184 -0.00330903  -0.0021319
 0.00345816 -0.00330903   0.0331633  0.00650761
   0.411797  -0.0021319  0.00650761    0.485969
IMAGINARY
          0  -0.0051542   0.0101488 -0.00458795
  0.0051542           0   0.0143663    0.017941
 -0.0101488  -0.0143663           0  -0.0179419
 0.00458795   -0.017941   0.0179419           0
Repeater1[0]<--->EndNode1[0]
REAL
   0.436893   -0.014958   0.0152497    0.393153
  -0.014958   0.0485437  0.00301539 -0.00721504
  0.0152497  0.00301539   0.0499307  0.00815953
   0.393153 -0.00721504  0.00815953    0.464632
IMAGINARY
          0  0.00940334  0.00680218  0.00184124
-0.00940334           0 -0.00567756 -0.00243265
-0.00680218  0.00567756           0 -0.00128848
-0.00184124  0.00243265  0.00128848           0
Repeater1[0]<--->HoM1[0]
REAL
   0.434949  0.00345816 -0.00385509    0.411797
 0.00345816   0.0331633 -0.00330903  0.00650761
-0.00385509 -0.00330903   0.0459184  -0.0021319
   0.411797  0.00650761  -0.0021319    0.485969
IMAGINARY
          0   0.0101488  -0.0051542 -0.00458795
 -0.0101488           0  -0.0143663  -0.0179419
  0.0051542   0.0143663           0    0.017941
 0.00458795   0.0179419   -0.017941           0
EndNode1[0]<--->Repeater1[0]
REAL
   0.443409  0.00239525   0.0014101    0.415112
 0.00239525   0.0612517  0.00504498   0.0142967
  0.0014101  0.00504498   0.0479361 -0.00893976
   0.415112   0.0142967 -0.00893976    0.447403
IMAGINARY
          0  -0.0133937  0.00927628 -0.00365668
  0.0133937           0  -0.0118328  0.00481768
-0.00927628   0.0118328           0   0.0140648
 0.00365668 -0.00481768  -0.0140648           0
EndNode2[0]<--->HoM1[0]
REAL
   0.489717  0.00435492 -0.00994695    0.409573
 0.00435492   0.0347044  0.00413258  0.00994695
-0.00994695  0.00413258   0.0359897  -0.0119691
   0.409573  0.00994695  -0.0119691    0.439589
IMAGINARY
          0     0.02962   -0.023134 -0.00108437
   -0.02962           0  0.00827392  -0.0170215
   0.023134 -0.00827392           0  -0.0037133
 0.00108437   0.0170215   0.0037133           0
Repeater1[0]<--->EndNode1[0]
REAL
   0.443409   0.0014101  0.00239525    0.415112
  0.0014101   0.0479361  0.00504498 -0.00893976
 0.00239525  0.00504498   0.0612517   0.0142967
   0.415112 -0.00893976   0.0142967    0.447403
IMAGINARY
          0  0.00927628  -0.0133937 -0.00365668
-0.00927628           0   0.0118328   0.0140648
  0.0133937  -0.0118328           0  0.00481768
 0.00365668  -0.0140648 -0.00481768           0
Repeater1[0]<--->HoM1[0]
REAL
   0.489717 -0.00994695  0.00435492    0.409573
-0.00994695   0.0359897  0.00413258  -0.0119691
 0.00435492  0.00413258   0.0347044  0.00994695
   0.409573  -0.0119691  0.00994695    0.439589
IMAGINARY
          0   -0.023134     0.02962 -0.00108437
   0.023134           0 -0.00827392  -0.0037133
   -0.02962  0.00827392           0  -0.0170215
 0.00108437   0.0037133   0.0170215           0
EndNode1[0]<--->Repeater1[0]
REAL
   0.470514 -0.00714227  -0.0120036    0.407942
-0.00714227   0.0439147 -0.00471621   0.0126488
 -0.0120036 -0.00471621   0.0489335  0.00907776
   0.407942   0.0126488  0.00907776    0.436637
IMAGINARY
          0   0.0346642  -0.0142037   0.0233771
 -0.0346642           0  0.00783307  -0.0225051
  0.0142037 -0.00783307           0  0.00584214
 -0.0233771   0.0225051 -0.00584214           0
EndNode2[0]<--->HoM1[0]
REAL
   0.460235   0.0120428 -0.00952872    0.405405
  0.0120428   0.0404172  -0.0152093  0.00626075
-0.00952872  -0.0152093   0.0482399 -0.00485329
   0.405405  0.00626075 -0.00485329    0.451108
IMAGINARY
          0  0.00476616  -0.0267142 -0.00231371
-0.00476616           0   0.0146674  0.00686787
  0.0267142  -0.0146674           0  0.00739774
 0.00231371 -0.00686787 -0.00739774           0
Repeater1[0]<--->EndNode1[0]
REAL
   0.470514  -0.0120036 -0.00714227    0.407942
 -0.0120036   0.0489335 -0.00471621  0.00907776
-0.00714227 -0.00471621   0.0439147   0.0126488
   0.407942  0.00907776   0.0126488    0.436637
IMAGINARY
          0  -0.0142037   0.0346642   0.0233771
  0.0142037           0 -0.00783307  0.00584214
 -0.0346642  0.00783307           0  -0.0225051
 -0.0233771 -0.00584214   0.0225051           0
Repeater1[0]<--->HoM1[0]
REAL
   0.460235 -0.00952872   0.0120428    0.405405
-0.00952872   0.0482399  -0.0152093 -0.00485329
  0.0120428  -0.0152093   0.0404172  0.00626075
   0.405405 -0.00485329  0.00626075    0.451108
IMAGINARY
          0  -0.0267142  0.00476616 -0.00231371
  0.0267142           0  -0.0146674  0.00739774
-0.00476616   0.0146674           0  0.00686787
 0.00231371 -0.00739774 -0.00686787           0
EndNode1[0]<--->Repeater1[0]
REAL
  0.449804 0.00629898 0.00163388   0.407563
0.00629898  0.0430248 -0.0116024 -0.0169338
0.00163388 -0.0116024  0.0573664 -0.0130309
  0.407563 -0.0169338 -0.0130309   0.449804
IMAGINARY
          0 -0.00293351  -0.0026674   0.0140456
 0.00293351           0   0.0120588 -0.00450339
  0.0026674  -0.0120588           0 -0.00293351
 -0.0140456  0.00450339  0.00293351           0
EndNode2[0]<--->HoM1[0]
REAL
   0.477807  -0.0150711  0.00802271    0.411111
 -0.0150711   0.0469974  0.00416487   -0.011232
 0.00802271  0.00416487   0.0443864 -0.00867727
   0.411111   -0.011232 -0.00867727    0.430809
IMAGINARY
          0  0.00435164 -0.00457437   0.0179088
-0.00435164           0  -0.0121173  -0.0013234
 0.00457437   0.0121173           0 -0.00762818
 -0.0179088   0.0013234  0.00762818           0
Repeater1[0]<--->EndNode1[0]
REAL
  0.449804 0.00163388 0.00629898   0.407563
0.00163388  0.0573664 -0.0116024 -0.0130309
0.00629898 -0.0116024  0.0430248 -0.0169338
  0.407563 -0.0130309 -0.0169338   0.449804
IMAGINARY
          0  -0.0026674 -0.00293351   0.0140456
  0.0026674           0  -0.0120588 -0.00293351
 0.00293351   0.0120588           0 -0.00450339
 -0.0140456  0.00293351  0.00450339           0
Repeater1[0]<--->HoM1[0]
REAL
   0.477807  0.00802271  -0.0150711    0.411111
 0.00802271   0.0443864  0.00416487 -0.00867727
 -0.0150711  0.00416487   0.0469974   -0.011232
   0.411111 -0.00867727   -0.011232    0.430809
IMAGINARY
          0 -0.00457437  0.00435164   0.0179088
 0.00457437           0   0.0121173 -0.00762818
-0.00435164  -0.0121173           0  -0.0013234
 -0.0179088  0.00762818   0.0013234           0
EndNode1[0]<--->Repeater1[0]
REAL
   0.444307   0.0187025 -0.00661838    0.412941
  0.0187025   0.0606436   0.0155363  0.00463162
-0.00661838   0.0155363   0.0408416  -0.0100933
   0.412941  0.00463162  -0.0100933    0.454208
IMAGINARY
          0 -0.00334363  0.00147618  0.00943204
 0.00334363           0  -0.0106789  0.00532234
-0.00147618   0.0106789           0  0.00519777
-0.00943204 -0.00532234 -0.00519777           0
EndNode2[0]<--->HoM1[0]
REAL
    0.44106  0.00752501  0.00613049    0.408235
 0.00752501   0.0543046  -0.0115512 -0.00995702
 0.00613049  -0.0115512   0.0423841   -0.010076
   0.408235 -0.00995702   -0.010076    0.462252
IMAGINARY
           0 -0.000292828   -0.0148465   -0.0129819
 0.000292828            0   -0.0160419   0.00147754
   0.0148465    0.0160419            0   0.00296662
   0.0129819  -0.00147754  -0.00296662            0
Repeater1[0]<--->EndNode1[0]
REAL
   0.444307 -0.00661838   0.0187025    0.412941
-0.00661838   0.0408416   0.0155363  -0.0100933
  0.0187025   0.0155363   0.0606436  0.00463162
   0.412941  -0.0100933  0.00463162    0.454208
IMAGINARY
          0  0.00147618 -0.00334363  0.00943204
-0.00147618           0   0.0106789  0.00519777
 0.00334363  -0.0106789           0  0.00532234
-0.00943204 -0.00519777 -0.00532234           0
Repeater1[0]<--->HoM1[0]
REAL
    0.44106  0.00613049  0.00752501    0.408235
 0.00613049   0.0423841  -0.0115512   -0.010076
 0.00752501  -0.0115512   0.0543046 -0.00995702
   0.408235   -0.010076 -0.00995702    0.462252
IMAGINARY
           0   -0.0148465 -0.000292828   -0.0129819
   0.0148465            0    0.0160419   0.00296662
 0.000292828   -0.0160419            0   0.00147754
   0.0129819  -0.00296662  -0.00147754            0
EndNode1[0]<--->Repeater1[0]
REAL
  0.458015 0.00881308  0.0234014   0.396188
0.00881308  0.0597964  -0.021018 0.00441406
 0.0234014  -0.021018  0.0343511   0.013575
  0.396188 0.00441406   0.013575   0.447837
IMAGINARY
          0 -0.00120465 -0.00814584   0.0115998
 0.00120465           0  0.00719724  0.00879267
 0.00814584 -0.00719724           0  -0.0149661
 -0.0115998 -0.00879267   0.0149661           0
EndNode2[0]<--->HoM1[0]
REAL
   0.451534 -0.00549378 -0.00135849    0.410721
-0.00549378   0.0404908  0.00104364  0.00380947
-0.00135849  0.00104364   0.0466258   0.0030428
   0.410721  0.00380947   0.0030428     0.46135
IMAGINARY
           0    0.0263165   -0.0178294  0.000551036
  -0.0263165            0   0.00895983 -0.000880262
   0.0178294  -0.00895983            0   0.00013513
-0.000551036  0.000880262  -0.00013513            0
Repeater1[0]<--->EndNode1[0]
REAL
  0.458015  0.0234014 0.00881308   0.396188
 0.0234014  0.0343511  -0.021018   0.013575
0.00881308  -0.021018  0.0597964 0.00441406
  0.396188   0.013575 0.00441406   0.447837
IMAGINARY
          0 -0.00814584 -0.00120465   0.0115998
 0.00814584           0 -0.00719724  -0.0149661
 0.00120465  0.00719724           0  0.00879267
 -0.0115998   0.0149661 -0.00879267           0
Repeater1[0]<--->HoM1[0]
REAL
   0.451534 -0.00135849 -0.00549378    0.410721
-0.00135849   0.0466258  0.00104364   0.0030428
-0.00549378  0.00104364   0.0404908  0.00380947
   0.410721   0.0030428  0.00380947     0.46135
IMAGINARY
           0   -0.0178294    0.0263165  0.000551036
   0.0178294            0  -0.00895983   0.00013513
  -0.0263165   0.00895983            0 -0.000880262
-0.000551036  -0.00013513  0.000880262            0
EndNode1[0]<--->Repeater1[0]
REAL
     0.47482  -0.00350559  -0.00039579     0.402918
 -0.00350559    0.0347722   0.00119158   0.00226378
 -0.00039579   0.00119158    0.0443645 -0.000853068
    0.402918   0.00226378 -0.000853068     0.446043
IMAGINARY
          0   -0.011273   0.0167896   0.0101196
   0.011273           0  0.00443063   0.0024667
 -0.0167896 -0.00443063           0  -0.0106393
 -0.0101196  -0.0024667   0.0106393           0
EndNode2[0]<--->HoM1[0]
REAL
  0.454762   -0.03338 -0.0100412   0.417754
  -0.03338  0.0321429 0.00670231 -0.0290113
-0.0100412 0.00670231  0.0416667  0.0135336
  0.417754 -0.0290113  0.0135336   0.471429
IMAGINARY
          0  0.00373334  0.00571649 -0.00849357
-0.00373334           0 -0.00983766  0.00236977
-0.00571649  0.00983766           0  0.00435292
 0.00849357 -0.00236977 -0.00435292           0
Repeater1[0]<--->EndNode1[0]
REAL
     0.47482  -0.00039579  -0.00350559     0.402918
 -0.00039579    0.0443645   0.00119158 -0.000853068
 -0.00350559   0.00119158    0.0347722   0.00226378
    0.402918 -0.000853068   0.00226378     0.446043
IMAGINARY
          0   0.0167896   -0.011273   0.0101196
 -0.0167896           0 -0.00443063  -0.0106393
   0.011273  0.00443063           0   0.0024667
 -0.0101196   0.0106393  -0.0024667           0
Repeater1[0]<--->HoM1[0]
REAL
  0.454762 -0.0100412   -0.03338   0.417754
-0.0100412  0.0416667 0.00670231  0.0135336
  -0.03338 0.00670231  0.0321429 -0.0290113
  0.417754  0.0135336 -0.0290113   0.471429
IMAGINARY
          0  0.00571649  0.00373334 -0.00849357
-0.00571649           0  0.00983766  0.00435292
-0.00373334 -0.00983766           0  0.00236977
 0.00849357 -0.00435292 -0.00236977           0
EndNode1[0]<--->Repeater1[0]
REAL
   0.474172 -0.00372594 -0.00205224    0.402293
-0.00372594   0.0331126 0.000484496   0.0103856
-0.00205224 0.000484496   0.0490066 -0.00182961
   0.402293   0.0103856 -0.00182961    0.443709
IMAGINARY
          0   0.0116029 -0.00666074  0.00843824
 -0.0116029           0 -0.00141398   0.0105367
 0.00666074  0.00141398           0 -0.00772696
-0.00843824  -0.0105367  0.00772696           0
EndNode2[0]<--->HoM1[0]
REAL
   0.472067 -0.00144008  -0.0126392    0.406447
-0.00144008   0.0251397  0.00240688 -0.00689206
 -0.0126392  0.00240688   0.0377095  -0.0076745
   0.406447 -0.00689206  -0.0076745    0.465084
IMAGINARY
          0   0.0168588  -0.0120853   0.0122234
 -0.0168588           0 -0.00122093   0.0158731
  0.0120853  0.00122093           0  0.00713114
 -0.0122234  -0.0158731 -0.00713114           0
Repeater1[0]<--->EndNode1[0]
REAL
   0.474172 -0.00205224 -0.00372594    0.402293
-0.00205224   0.0490066 0.000484496 -0.00182961
-0.00372594 0.000484496   0.0331126   0.0103856
   0.402293 -0.00182961   0.0103856    0.443709
IMAGINARY
          0 -0.00666074   0.0116029  0.00843824
 0.00666074           0  0.00141398 -0.00772696
 -0.0116029 -0.00141398           0   0.0105367
-0.00843824  0.00772696  -0.0105367           0
Repeater1[0]<--->HoM1[0]
REAL
   0.472067  -0.0126392 -0.00144008    0.406447
 -0.0126392   0.0377095  0.00240688  -0.0076745
-0.00144008  0.00240688   0.0251397 -0.00689206
   0.406447  -0.0076745 -0.00689206    0.465084
IMAGINARY
          0  -0.0120853   0.0168588   0.0122234
  0.0120853           0  0.00122093  0.00713114
 -0.0168588 -0.00122093           0   0.0158731
 -0.0122234 -0.00713114  -0.0158731           0
EndNode1[0]<--->Repeater1[0]
REAL
    0.462549    0.0040359 -6.07689e-05      0.40148
   0.0040359    0.0525624    0.0130282   -0.0025299
-6.07689e-05    0.0130282    0.0486202  -0.00144522
     0.40148   -0.0025299  -0.00144522     0.436268
IMAGINARY
           0    0.0225639   -0.0223558 -0.000303822
  -0.0225639            0   0.00684832  -0.00782794
   0.0223558  -0.00684832            0    0.0036828
 0.000303822   0.00782794   -0.0036828            0
EndNode2[0]<--->HoM1[0]
REAL
  0.458498  0.0126727 0.00916294   0.416345
 0.0126727  0.0540184  -0.011397  0.0038579
0.00916294  -0.011397  0.0434783  -0.016579
  0.416345  0.0038579  -0.016579   0.444005
IMAGINARY
          0  0.00634104 -0.00962507 -0.00708008
-0.00634104           0 -0.00328261 -0.00650397
 0.00962507  0.00328261           0 -0.00311523
 0.00708008  0.00650397  0.00311523           0
Repeater1[0]<--->EndNode1[0]
REAL
    0.462549 -6.07689e-05    0.0040359      0.40148
-6.07689e-05    0.0486202    0.0130282  -0.00144522
   0.0040359    0.0130282    0.0525624   -0.0025299
     0.40148  -0.00144522   -0.0025299     0.436268
IMAGINARY
           0   -0.0223558    0.0225639 -0.000303822
   0.0223558            0  -0.00684832    0.0036828
  -0.0225639   0.00684832            0  -0.00782794
 0.000303822   -0.0036828   0.00782794            0
Repeater1[0]<--->HoM1[0]
REAL
  0.458498 0.00916294  0.0126727   0.416345
0.00916294  0.0434783  -0.011397  -0.016579
 0.0126727  -0.011397  0.0540184  0.0038579
  0.416345  -0.016579  0.0038579   0.444005
IMAGINARY
          0 -0.00962507  0.00634104 -0.00708008
 0.00962507           0  0.00328261 -0.00311523
-0.00634104 -0.00328261           0 -0.00650397
 0.00708008  0.00311523  0.00650397           0
EndNode1[0]<--->Repeater1[0]
REAL
   0.478697  0.00593201 -0.00277434    0.413071
 0.00593201   0.0401003    0.016472  0.00833677
-0.00277434    0.016472   0.0551378 -0.00160568
   0.413071  0.00833677 -0.00160568    0.426065
IMAGINARY
          0  0.00435321  -0.0104425    0.025974
-0.00435321           0   -0.025974  0.00432003
  0.0104425    0.025974           0  0.00176923
  -0.025974 -0.00432003 -0.00176923           0
EndNode2[0]<--->HoM1[0]
REAL
   0.460719   0.0197009  0.00692806    0.405637
  0.0197009   0.0426099 -0.00357521 -0.00177342
 0.00692806 -0.00357521   0.0412783 -0.00681428
   0.405637 -0.00177342 -0.00681428    0.455393
IMAGINARY
           0  -0.00155927  -0.00154592   -0.0072219
  0.00155927            0    0.0032849   0.00221348
  0.00154592   -0.0032849            0  0.000891712
   0.0072219  -0.00221348 -0.000891712            0
Repeater1[0]<--->EndNode1[0]
REAL
   0.478697 -0.00277434  0.00593201    0.413071
-0.00277434   0.0551378    0.016472 -0.00160568
 0.00593201    0.016472   0.0401003  0.00833677
   0.413071 -0.00160568  0.00833677    0.426065
IMAGINARY
          0  -0.0104425  0.00435321    0.025974
  0.0104425           0    0.025974  0.00176923
-0.00435321   -0.025974           0  0.00432003
  -0.025974 -0.00176923 -0.00432003           0
Repeater1[0]<--->HoM1[0]
REAL
   0.460719  0.00692806   0.0197009    0.405637
 0.00692806   0.0412783 -0.00357521 -0.00681428
  0.0197009 -0.00357521   0.0426099 -0.00177342
   0.405637 -0.00681428 -0.00177342    0.455393
IMAGINARY
           0  -0.00154592  -0.00155927   -0.0072219
  0.00154592            0   -0.0032849  0.000891712
  0.00155927    0.0032849            0   0.00221348
   0.0072219 -0.000891712  -0.00221348            0
EndNode1[0]<--->Repeater1[0]
REAL
    0.492754  -0.00677461   0.00656756     0.415277
 -0.00677461    0.0471014 -0.000658193   -0.0317939
  0.00656756 -0.000658193     0.057971  -0.00551517
    0.415277   -0.0317939  -0.00551517     0.402174
IMAGINARY
           0  -0.00148314 -0.000621649 -6.90778e-06
  0.00148314            0 -0.000657103    0.0175602
 0.000621649  0.000657103            0   -0.0142007
 6.90778e-06   -0.0175602    0.0142007            0
EndNode2[0]<--->HoM1[0]
REAL
   0.490372   0.0211104   -0.011932    0.413458
  0.0211104   0.0449294 -0.00341873   0.0112801
  -0.011932 -0.00341873   0.0282413 -0.00220562
   0.413458   0.0112801 -0.00220562    0.436457
IMAGINARY
           0   0.00946458 -0.000537649   -0.0121161
 -0.00946458            0   -0.0351727  -0.00575958
 0.000537649    0.0351727            0   -0.0157618
   0.0121161   0.00575958    0.0157618            0
Repeater1[0]<--->EndNode1[0]
REAL
    0.492754   0.00656756  -0.00677461     0.415277
  0.00656756     0.057971 -0.000658193  -0.00551517
 -0.00677461 -0.000658193    0.0471014   -0.0317939
    0.415277  -0.00551517   -0.0317939     0.402174
IMAGINARY
           0 -0.000621649  -0.00148314 -6.90778e-06
 0.000621649            0  0.000657103   -0.0142007
  0.00148314 -0.000657103            0    0.0175602
 6.90778e-06    0.0142007   -0.0175602            0
Repeater1[0]<--->HoM1[0]
REAL
   0.490372   -0.011932   0.0211104    0.413458
  -0.011932   0.0282413 -0.00341873 -0.00220562
  0.0211104 -0.00341873   0.0449294   0.0112801
   0.413458 -0.00220562   0.0112801    0.436457
IMAGINARY
           0 -0.000537649   0.00946458   -0.0121161
 0.000537649            0    0.0351727   -0.0157618
 -0.00946458   -0.0351727            0  -0.00575958
   0.0121161    0.0157618   0.00575958            0
EndNode1[0]<--->Repeater1[0]
REAL
   0.457862  -0.0214119 -0.00590463     0.40494
 -0.0214119   0.0540881  0.00793874  0.00211676
-0.00590463  0.00793874   0.0465409   0.0138361
    0.40494  0.00211676   0.0138361    0.441509
IMAGINARY
           0    0.0157413   0.00777654   -0.0158183
  -0.0157413            0  -0.00940807  0.000698035
 -0.00777654   0.00940807            0   -0.0229121
   0.0158183 -0.000698035    0.0229121            0
EndNode2[0]<--->HoM1[0]
REAL
   0.459827   0.0138164  0.00724684    0.416062
  0.0138164   0.0469716  0.00721844   0.0125944
 0.00724684  0.00721844   0.0457355 -0.00720268
   0.416062   0.0125944 -0.00720268    0.447466
IMAGINARY
          0  0.00234664  -0.0335212   0.0121817
-0.00234664           0   0.0134906   0.0137933
  0.0335212  -0.0134906           0   -0.005748
 -0.0121817  -0.0137933    0.005748           0
Repeater1[0]<--->EndNode1[0]
REAL
   0.457862 -0.00590463  -0.0214119     0.40494
-0.00590463   0.0465409  0.00793874   0.0138361
 -0.0214119  0.00793874   0.0540881  0.00211676
    0.40494   0.0138361  0.00211676    0.441509
IMAGINARY
           0   0.00777654    0.0157413   -0.0158183
 -0.00777654            0   0.00940807   -0.0229121
  -0.0157413  -0.00940807            0  0.000698035
   0.0158183    0.0229121 -0.000698035            0
Repeater1[0]<--->HoM1[0]
REAL
   0.459827  0.00724684   0.0138164    0.416062
 0.00724684   0.0457355  0.00721844 -0.00720268
  0.0138164  0.00721844   0.0469716   0.0125944
   0.416062 -0.00720268   0.0125944    0.447466
IMAGINARY
          0  -0.0335212  0.00234664   0.0121817
  0.0335212           0  -0.0134906   -0.005748
-0.00234664   0.0134906           0   0.0137933
 -0.0121817    0.005748  -0.0137933           0
EndNode1[0]<--->Repeater1[0]
REAL
   0.446863  -0.0103392 -0.00318077    0.398467
 -0.0103392   0.0448143 -0.00319285 -0.00128922
-0.00318077 -0.00319285   0.0409731  0.00331492
   0.398467 -0.00128922  0.00331492     0.46735
IMAGINARY
          0    -0.01727  -0.0109842   0.0025652
    0.01727           0  0.00694567   0.0141771
  0.0109842 -0.00694567           0  0.00513717
 -0.0025652  -0.0141771 -0.00513717           0
EndNode2[0]<--->HoM1[0]
REAL
   0.436675 -0.00126743  0.00733683    0.419886
-0.00126743   0.0382586   0.0230799  0.00216887
 0.00733683   0.0230799   0.0474934   0.0171103
   0.419886  0.00216887   0.0171103    0.477573
IMAGINARY
           0   -0.0163971   0.00600863   -0.0123106
   0.0163971            0    0.0167131    0.0124189
 -0.00600863   -0.0167131            0  0.000426586
   0.0123106   -0.0124189 -0.000426586            0
Repeater1[0]<--->EndNode1[0]
REAL
   0.446863 -0.00318077  -0.0103392    0.398467
-0.00318077   0.0409731 -0.00319285  0.00331492
 -0.0103392 -0.00319285   0.0448143 -0.00128922
   0.398467  0.00331492 -0.00128922     0.46735
IMAGINARY
          0  -0.0109842    -0.01727   0.0025652
  0.0109842           0 -0.00694567  0.00513717
    0.01727  0.00694567           0   0.0141771
 -0.0025652 -0.00513717  -0.0141771           0
Repeater1[0]<--->HoM1[0]
REAL
   0.436675  0.00733683 -0.00126743    0.419886
 0.00733683   0.0474934   0.0230799   0.0171103
-0.00126743   0.0230799   0.0382586  0.00216887
   0.419886   0.0171103  0.00216887    0.477573
IMAGINARY
           0   0.00600863   -0.0163971   -0.0123106
 -0.00600863            0   -0.0167131  0.000426586
   0.0163971    0.0167131            0    0.0124189
   0.0123106 -0.000426586   -0.0124189            0
EndNode1[0]<--->Repeater1[0]
REAL
   0.451031  0.00630758 -0.00688245    0.394446
 0.00630758   0.0476804  -0.0030848  0.00950025
-0.00688245  -0.0030848   0.0451031 -0.00761648
   0.394446  0.00950025 -0.00761648    0.456186
IMAGINARY
          0  0.00310004 -0.00364229  -0.0157028
-0.00310004           0  0.00236948 -0.00746882
 0.00364229 -0.00236948           0  0.00677651
  0.0157028  0.00746882 -0.00677651           0
EndNode2[0]<--->HoM1[0]
REAL
    0.445722 -0.000377116    0.0189704     0.416068
-0.000377116     0.045977   0.00883861  -0.00958367
   0.0189704   0.00883861    0.0408685   0.00225446
    0.416068  -0.00958367   0.00225446     0.467433
IMAGINARY
          0   0.0103933  0.00669748  -0.0227764
 -0.0103933           0  0.00475239 -0.00910712
-0.00669748 -0.00475239           0 -0.00436921
  0.0227764  0.00910712  0.00436921           0
Repeater1[0]<--->EndNode1[0]
REAL
   0.451031 -0.00688245  0.00630758    0.394446
-0.00688245   0.0451031  -0.0030848 -0.00761648
 0.00630758  -0.0030848   0.0476804  0.00950025
   0.394446 -0.00761648  0.00950025    0.456186
IMAGINARY
          0 -0.00364229  0.00310004  -0.0157028
 0.00364229           0 -0.00236948  0.00677651
-0.00310004  0.00236948           0 -0.00746882
  0.0157028 -0.00677651  0.00746882           0
Repeater1[0]<--->HoM1[0]
REAL
    0.445722    0.0189704 -0.000377116     0.416068
   0.0189704    0.0408685   0.00883861   0.00225446
-0.000377116   0.00883861     0.045977  -0.00958367
    0.416068   0.00225446  -0.00958367     0.467433
IMAGINARY
          0  0.00669748   0.0103933  -0.0227764
-0.00669748           0 -0.00475239 -0.00436921
 -0.0103933  0.00475239           0 -0.00910712
  0.0227764  0.00436921  0.00910712           0
EndNode1[0]<--->Repeater1[0]
REAL
   0.496925   0.0224471  0.00833435    0.422414
  0.0224471   0.0405904    0.010156 -0.00451755
 0.00833435    0.010156   0.0430504 -0.00972447
   0.422414 -0.00451755 -0.00972447    0.419434
IMAGINARY
          0  -0.0182374 -0.00425841     0.03019
  0.0182374           0 -0.00798272   0.0010326
 0.00425841  0.00798272           0  0.00855998
   -0.03019  -0.0010326 -0.00855998           0
EndNode2[0]<--->HoM1[0]
REAL
    0.472149  -0.00550713 -0.000970246     0.410145
 -0.00550713    0.0477454    0.0122357 -0.000970246
-0.000970246    0.0122357    0.0397878  -0.00678265
    0.410145 -0.000970246  -0.00678265     0.440318
IMAGINARY
          0   0.0142331  -0.0152872  0.00325469
 -0.0142331           0  -0.0221464  -0.0185382
  0.0152872   0.0221464           0   0.0109821
-0.00325469   0.0185382  -0.0109821           0
Repeater1[0]<--->EndNode1[0]
REAL
   0.496925  0.00833435   0.0224471    0.422414
 0.00833435   0.0430504    0.010156 -0.00972447
  0.0224471    0.010156   0.0405904 -0.00451755
   0.422414 -0.00972447 -0.00451755    0.419434
IMAGINARY
          0 -0.00425841  -0.0182374     0.03019
 0.00425841           0  0.00798272  0.00855998
  0.0182374 -0.00798272           0   0.0010326
   -0.03019 -0.00855998  -0.0010326           0
Repeater1[0]<--->HoM1[0]
REAL
    0.472149 -0.000970246  -0.00550713     0.410145
-0.000970246    0.0397878    0.0122357  -0.00678265
 -0.00550713    0.0122357    0.0477454 -0.000970246
    0.410145  -0.00678265 -0.000970246     0.440318
IMAGINARY
          0  -0.0152872   0.0142331  0.00325469
  0.0152872           0   0.0221464   0.0109821
 -0.0142331  -0.0221464           0  -0.0185382
-0.00325469  -0.0109821   0.0185382           0
EndNode1[0]<--->Repeater1[0]
REAL
   0.461333    0.018388 -0.00731976    0.399257
   0.018388   0.0466667  0.00384871   0.0116676
-0.00731976  0.00384871       0.044  -0.0165247
   0.399257   0.0116676  -0.0165247       0.448
IMAGINARY
          0  0.00858934 -5.4277e-05   0.0142533
-0.00858934           0 -0.00841672   0.0026053
 5.4277e-05  0.00841672           0 -0.00603832
 -0.0142533  -0.0026053  0.00603832           0
EndNode2[0]<--->HoM1[0]
REAL
   0.470741  0.00567701 0.000577201    0.401908
 0.00567701   0.0650195 -0.00111451 -0.00851371
0.000577201 -0.00111451   0.0416125  -0.0122908
   0.401908 -0.00851371  -0.0122908    0.422627
IMAGINARY
          0    0.012521  -0.0162204 -0.00271734
  -0.012521           0   0.0380036  0.00362595
  0.0162204  -0.0380036           0 -0.00874267
 0.00271734 -0.00362595  0.00874267           0
Repeater1[0]<--->EndNode1[0]
REAL
   0.461333 -0.00731976    0.018388    0.399257
-0.00731976       0.044  0.00384871  -0.0165247
   0.018388  0.00384871   0.0466667   0.0116676
   0.399257  -0.0165247   0.0116676       0.448
IMAGINARY
          0 -5.4277e-05  0.00858934   0.0142533
 5.4277e-05           0  0.00841672 -0.00603832
-0.00858934 -0.00841672           0   0.0026053
 -0.0142533  0.00603832  -0.0026053           0
Repeater1[0]<--->HoM1[0]
REAL
   0.470741 0.000577201  0.00567701    0.401908
0.000577201   0.0416125 -0.00111451  -0.0122908
 0.00567701 -0.00111451   0.0650195 -0.00851371
   0.401908  -0.0122908 -0.00851371    0.422627
IMAGINARY
          0  -0.0162204    0.012521 -0.00271734
  0.0162204           0  -0.0380036 -0.00874267
  -0.012521   0.0380036           0  0.00362595
 0.00271734  0.00874267 -0.00362595           0
EndNode1[0]<--->Repeater1[0]
REAL
   0.434014 -0.00934899   0.0119306    0.401017
-0.00934899   0.0544218 -0.00257981  0.00629856
  0.0119306 -0.00257981   0.0380952   0.0171615
   0.401017  0.00629856   0.0171615    0.473469
IMAGINARY
          0   0.0251063  0.00187366  -0.0154505
 -0.0251063           0   0.0104754  0.00316232
-0.00187366  -0.0104754           0 -0.00855954
  0.0154505 -0.00316232  0.00855954           0
EndNode2[0]<--->HoM1[0]
REAL
   0.451737  -0.0221617 -0.00604388    0.408278
 -0.0221617    0.046332  0.00827815  0.00405713
-0.00604388  0.00827815   0.0579151   0.0162015
   0.408278  0.00405713   0.0162015    0.444015
IMAGINARY
          0  -0.0116513   0.0164979  0.00631384
  0.0116513           0     0.01189 -0.00899788
 -0.0164979    -0.01189           0 -0.00834875
-0.00631384  0.00899788  0.00834875           0
Repeater1[0]<--->EndNode1[0]
REAL
   0.434014   0.0119306 -0.00934899    0.401017
  0.0119306   0.0380952 -0.00257981   0.0171615
-0.00934899 -0.00257981   0.0544218  0.00629856
   0.401017   0.0171615  0.00629856    0.473469
IMAGINARY
          0  0.00187366   0.0251063  -0.0154505
-0.00187366           0  -0.0104754 -0.00855954
 -0.0251063   0.0104754           0  0.00316232
  0.0154505  0.00855954 -0.00316232           0
Repeater1[0]<--->HoM1[0]
REAL
   0.451737 -0.00604388  -0.0221617    0.408278
-0.00604388   0.0579151  0.00827815   0.0162015
 -0.0221617  0.00827815    0.046332  0.00405713
   0.408278   0.0162015  0.00405713    0.444015
IMAGINARY
          0   0.0164979  -0.0116513  0.00631384
 -0.0164979           0    -0.01189 -0.00834875
  0.0116513     0.01189           0 -0.00899788
-0.00631384  0.00834875  0.00899788           0
EndNode1[0]<--->Repeater1[0]
REAL
   0.463035 -0.00188073 -0.00744163    0.398231
-0.00188073   0.0440986 -0.00176933   0.0107182
-0.00744163 -0.00176933   0.0505837  -0.0118807
   0.398231   0.0107182  -0.0118807    0.442283
IMAGINARY
          0  0.00580222   -0.029087 -0.00135836
-0.00580222           0  0.00802502 -0.00424628
   0.029087 -0.00802502           0   0.0261978
 0.00135836  0.00424628  -0.0261978           0
EndNode2[0]<--->HoM1[0]
REAL
   0.452467  -0.0178542  -0.0014563    0.427778
 -0.0178542   0.0421179 0.000261462  -0.0183948
 -0.0014563 0.000261462   0.0565584 -0.00447836
   0.427778  -0.0183948 -0.00447836    0.448857
IMAGINARY
           0   0.00536823  0.000413438    0.0161633
 -0.00536823            0  -0.00704873  -0.00511142
-0.000413438   0.00704873            0   0.00469889
  -0.0161633   0.00511142  -0.00469889            0
Repeater1[0]<--->EndNode1[0]
REAL
   0.463035 -0.00744163 -0.00188073    0.398231
-0.00744163   0.0505837 -0.00176933  -0.0118807
-0.00188073 -0.00176933   0.0440986   0.0107182
   0.398231  -0.0118807   0.0107182    0.442283
IMAGINARY
          0   -0.029087  0.00580222 -0.00135836
   0.029087           0 -0.00802502   0.0261978
-0.00580222  0.00802502           0 -0.00424628
 0.00135836  -0.0261978  0.00424628           0
Repeater1[0]<--->HoM1[0]
REAL
   0.452467  -0.0014563  -0.0178542    0.427778
 -0.0014563   0.0565584 0.000261462 -0.00447836
 -0.0178542 0.000261462   0.0421179  -0.0183948
   0.427778 -0.00447836  -0.0183948    0.448857
IMAGINARY
           0  0.000413438   0.00536823    0.0161633
-0.000413438            0   0.00704873   0.00469889
 -0.00536823  -0.00704873            0  -0.00511142
  -0.0161633  -0.00469889   0.00511142            0
EndNode1[0]<--->Repeater1[0]
REAL
     0.47037   0.00267987     0.025173     0.402538
  0.00267987    0.0382716   0.00892066 -0.000433443
    0.025173   0.00892066    0.0308642    0.0220597
    0.402538 -0.000433443    0.0220597     0.460494
IMAGINARY
          0  0.00352577  -0.0019221  0.00770197
-0.00352577           0 -0.00031942  0.00254788
  0.0019221  0.00031942           0 -0.00790624
