EndNode1[0]<--->Repeater1[0]
REAL
    0.38491  0.00262302 -2.7401e-05     0.30526
 0.00262302    0.157289   0.0860728 -0.00708773
-2.7401e-05   0.0860728     0.14578 -0.00197619
    0.30526 -0.00708773 -0.00197619     0.31202
IMAGINARY
          0   -0.013602   0.0054163  0.00525068
   0.013602           0  -0.0191396   0.0104668
 -0.0054163   0.0191396           0 -0.00355175
-0.00525068  -0.0104668  0.00355175           0
EndNode2[0]<--->HoM1[0]
REAL
   0.408088 -0.00211831 -0.00489837    0.311737
-0.00211831     0.11152   0.0992854  0.00157832
-0.00489837   0.0992854    0.134804  0.00543836
   0.311737  0.00157832  0.00543836    0.345588
IMAGINARY
           0  -0.00344737     0.014524   -0.0047527
  0.00344737            0    0.0200249    0.0117918
   -0.014524   -0.0200249            0  0.000238131
   0.0047527   -0.0117918 -0.000238131            0
Repeater1[0]<--->EndNode1[0]
REAL
    0.38491 -2.7401e-05  0.00262302     0.30526
-2.7401e-05     0.14578   0.0860728 -0.00197619
 0.00262302   0.0860728    0.157289 -0.00708773
    0.30526 -0.00197619 -0.00708773     0.31202
IMAGINARY
          0   0.0054163   -0.013602  0.00525068
 -0.0054163           0   0.0191396 -0.00355175
   0.013602  -0.0191396           0   0.0104668
-0.00525068  0.00355175  -0.0104668           0
Repeater1[0]<--->HoM1[0]
REAL
   0.408088 -0.00489837 -0.00211831    0.311737
-0.00489837    0.134804   0.0992854  0.00543836
-0.00211831   0.0992854     0.11152  0.00157832
   0.311737  0.00543836  0.00157832    0.345588
IMAGINARY
           0     0.014524  -0.00344737   -0.0047527
   -0.014524            0   -0.0200249  0.000238131
  0.00344737    0.0200249            0    0.0117918
   0.0047527 -0.000238131   -0.0117918            0
EndNode1[0]<--->Repeater1[0]
REAL
    0.414449 -4.26694e-05   0.00512341     0.314775
-4.26694e-05      0.13815    0.0992466  -0.00909167
  0.00512341    0.0992466     0.136882   0.00533367
    0.314775  -0.00909167   0.00533367      0.31052
IMAGINARY
          0  -0.0171613   0.0116511 -0.00935297
  0.0171613           0  -0.0185329   0.0162992
 -0.0116511   0.0185329           0  -0.0145158
 0.00935297  -0.0162992   0.0145158           0
EndNode2[0]<--->HoM1[0]
REAL
   0.391034   0.0051841 -0.00150353    0.302536
  0.0051841    0.132005   0.0984542  0.00645403
-0.00150353   0.0984542     0.15193  0.00719213
   0.302536  0.00645403  0.00719213    0.325031
IMAGINARY
          0   0.0110408 -0.00714169  -0.0164661
 -0.0110408           0 -0.00686303   0.0339274
 0.00714169  0.00686303           0  -0.0276224
  0.0164661  -0.0339274   0.0276224           0
Repeater1[0]<--->EndNode1[0]
REAL
    0.414449   0.00512341 -4.26694e-05     0.314775
  0.00512341     0.136882    0.0992466   0.00533367
-4.26694e-05    0.0992466      0.13815  -0.00909167
    0.314775   0.00533367  -0.00909167      0.31052
IMAGINARY
          0   0.0116511  -0.0171613 -0.00935297
 -0.0116511           0   0.0185329  -0.0145158
  0.0171613  -0.0185329           0   0.0162992
 0.00935297   0.0145158  -0.0162992           0
Repeater1[0]<--->HoM1[0]
REAL
   0.391034 -0.00150353   0.0051841    0.302536
-0.00150353     0.15193   0.0984542  0.00719213
  0.0051841   0.0984542    0.132005  0.00645403
   0.302536  0.00719213  0.00645403    0.325031
IMAGINARY
          0 -0.00714169   0.0110408  -0.0164661
 0.00714169           0  0.00686303  -0.0276224
 -0.0110408 -0.00686303           0   0.0339274
  0.0164661   0.0276224  -0.0339274           0
EndNode1[0]<--->Repeater1[0]
REAL
   0.419274  0.00268931 -0.00727607    0.300599
 0.00268931    0.137672   0.0922117   0.0210016
-0.00727607   0.0922117     0.14393   0.0084218
   0.300599   0.0210016   0.0084218    0.299124
IMAGINARY
           0  -0.00211404  0.000989462  -0.00336993
  0.00211404            0   -0.0111419   0.00223634
-0.000989462    0.0111419            0   -0.0269182
  0.00336993  -0.00223634    0.0269182            0
EndNode2[0]<--->HoM1[0]
REAL
   0.364362  -0.0181695  -0.0323233    0.319358
 -0.0181695    0.148936    0.106273  0.00244282
 -0.0323233    0.106273    0.144947 -0.00905493
   0.319358  0.00244282 -0.00905493    0.341755
IMAGINARY
          0  0.00993849  -0.0202655  -0.0107916
-0.00993849           0   0.0316249  -0.0163491
  0.0202655  -0.0316249           0 -0.00333585
  0.0107916   0.0163491  0.00333585           0
Repeater1[0]<--->EndNode1[0]
REAL
   0.419274 -0.00727607  0.00268931    0.300599
-0.00727607     0.14393   0.0922117   0.0084218
 0.00268931   0.0922117    0.137672   0.0210016
   0.300599   0.0084218   0.0210016    0.299124
IMAGINARY
           0  0.000989462  -0.00211404  -0.00336993
-0.000989462            0    0.0111419   -0.0269182
  0.00211404   -0.0111419            0   0.00223634
  0.00336993    0.0269182  -0.00223634            0
Repeater1[0]<--->HoM1[0]
REAL
   0.364362  -0.0323233  -0.0181695    0.319358
 -0.0323233    0.144947    0.106273 -0.00905493
 -0.0181695    0.106273    0.148936  0.00244282
   0.319358 -0.00905493  0.00244282    0.341755
IMAGINARY
          0  -0.0202655  0.00993849  -0.0107916
  0.0202655           0  -0.0316249 -0.00333585
-0.00993849   0.0316249           0  -0.0163491
  0.0107916  0.00333585   0.0163491           0
EndNode1[0]<--->Repeater1[0]
REAL
      0.37 0.00509742 -0.0028364   0.283078
0.00509742    0.15625  0.0978444  0.0137199
-0.0028364  0.0978444    0.13875 0.00194483
  0.283078  0.0137199 0.00194483      0.335
IMAGINARY
           0   -0.0125433   0.00248736   -0.0241753
   0.0125433            0 -0.000564236   -0.0128501
 -0.00248736  0.000564236            0    0.0138386
   0.0241753    0.0128501   -0.0138386            0
EndNode2[0]<--->HoM1[0]
REAL
   0.388594  -0.0127174 -0.00927343    0.314473
 -0.0127174    0.143236   0.0768309   0.0174256
-0.00927343   0.0768309    0.135279  0.00728261
   0.314473   0.0174256  0.00728261    0.332891
IMAGINARY
          0   0.0125146 -0.00188243   0.0134356
 -0.0125146           0   0.0259045 -0.00255357
 0.00188243  -0.0259045           0  0.00332824
 -0.0134356  0.00255357 -0.00332824           0
Repeater1[0]<--->EndNode1[0]
REAL
      0.37 -0.0028364 0.00509742   0.283078
-0.0028364    0.13875  0.0978444 0.00194483
0.00509742  0.0978444    0.15625  0.0137199
  0.283078 0.00194483  0.0137199      0.335
IMAGINARY
           0   0.00248736   -0.0125433   -0.0241753
 -0.00248736            0  0.000564236    0.0138386
   0.0125433 -0.000564236            0   -0.0128501
   0.0241753   -0.0138386    0.0128501            0
Repeater1[0]<--->HoM1[0]
REAL
   0.388594 -0.00927343  -0.0127174    0.314473
-0.00927343    0.135279   0.0768309  0.00728261
 -0.0127174   0.0768309    0.143236   0.0174256
   0.314473  0.00728261   0.0174256    0.332891
IMAGINARY
          0 -0.00188243   0.0125146   0.0134356
 0.00188243           0  -0.0259045  0.00332824
 -0.0125146   0.0259045           0 -0.00255357
 -0.0134356 -0.00332824  0.00255357           0
EndNode1[0]<--->Repeater1[0]
REAL
  0.357843 -0.0112174 0.00119724   0.303469
-0.0112174   0.160539   0.101229 0.00886987
0.00119724   0.101229   0.156863  0.0226268
  0.303469 0.00886987  0.0226268   0.324755
IMAGINARY
         0 -0.0184842 -0.0141181 -0.0118473
 0.0184842          0  0.0177918 -0.0115736
 0.0141181 -0.0177918          0  0.0204605
 0.0118473  0.0115736 -0.0204605          0
EndNode2[0]<--->HoM1[0]
REAL
   0.366758  -0.0186483  -0.0101395     0.32277
 -0.0186483    0.148352   0.0949519 -0.00505041
 -0.0101395   0.0949519    0.144231   -0.007934
    0.32277 -0.00505041   -0.007934    0.340659
IMAGINARY
           0   -0.0059716    0.0270905   0.00291598
   0.0059716            0  -0.00225197  0.000487468
  -0.0270905   0.00225197            0   -0.0204073
 -0.00291598 -0.000487468    0.0204073            0
Repeater1[0]<--->EndNode1[0]
REAL
  0.357843 0.00119724 -0.0112174   0.303469
0.00119724   0.156863   0.101229  0.0226268
-0.0112174   0.101229   0.160539 0.00886987
  0.303469  0.0226268 0.00886987   0.324755
IMAGINARY
         0 -0.0141181 -0.0184842 -0.0118473
 0.0141181          0 -0.0177918  0.0204605
 0.0184842  0.0177918          0 -0.0115736
 0.0118473 -0.0204605  0.0115736          0
Repeater1[0]<--->HoM1[0]
REAL
   0.366758  -0.0101395  -0.0186483     0.32277
 -0.0101395    0.144231   0.0949519   -0.007934
 -0.0186483   0.0949519    0.148352 -0.00505041
    0.32277   -0.007934 -0.00505041    0.340659
IMAGINARY
           0    0.0270905   -0.0059716   0.00291598
  -0.0270905            0   0.00225197   -0.0204073
   0.0059716  -0.00225197            0  0.000487468
 -0.00291598    0.0204073 -0.000487468            0
EndNode1[0]<--->Repeater1[0]
REAL
   0.397516  -0.0105122  -0.0234534    0.304544
 -0.0105122    0.149068   0.0902581  0.00736425
 -0.0234534   0.0902581     0.13913 -0.00433932
   0.304544  0.00736425 -0.00433932    0.314286
IMAGINARY
          0 -0.00523713  -0.0044326  -0.0125232
 0.00523713           0  -0.0224834   0.0113858
  0.0044326   0.0224834           0    0.015983
  0.0125232  -0.0113858   -0.015983           0
EndNode2[0]<--->HoM1[0]
REAL
   0.427657   0.0071958 0.000257132     0.30676
  0.0071958    0.110115    0.109056    0.020151
0.000257132    0.109056    0.129321 0.000457258
    0.30676    0.020151 0.000457258    0.332907
IMAGINARY
          0  -0.0050819    0.015008  -0.0126626
  0.0050819           0   0.0108444   -0.017559
  -0.015008  -0.0108444           0 -0.00639769
  0.0126626    0.017559  0.00639769           0
Repeater1[0]<--->EndNode1[0]
REAL
   0.397516  -0.0234534  -0.0105122    0.304544
 -0.0234534     0.13913   0.0902581 -0.00433932
 -0.0105122   0.0902581    0.149068  0.00736425
   0.304544 -0.00433932  0.00736425    0.314286
IMAGINARY
          0  -0.0044326 -0.00523713  -0.0125232
  0.0044326           0   0.0224834    0.015983
 0.00523713  -0.0224834           0   0.0113858
  0.0125232   -0.015983  -0.0113858           0
Repeater1[0]<--->HoM1[0]
REAL
   0.427657 0.000257132   0.0071958     0.30676
0.000257132    0.129321    0.109056 0.000457258
  0.0071958    0.109056    0.110115    0.020151
    0.30676 0.000457258    0.020151    0.332907
IMAGINARY
          0    0.015008  -0.0050819  -0.0126626
  -0.015008           0  -0.0108444 -0.00639769
  0.0050819   0.0108444           0   -0.017559
  0.0126626  0.00639769    0.017559           0
EndNode1[0]<--->Repeater1[0]
REAL
  0.353535 -0.0234084 -0.0231648   0.291227
-0.0234084   0.151515   0.104927 -0.0293993
-0.0231648   0.104927   0.140152 -0.0253095
  0.291227 -0.0293993 -0.0253095   0.354798
IMAGINARY
          0  -0.0109862   0.0236391  0.00226001
  0.0109862           0 -0.00099097  -0.0204381
 -0.0236391  0.00099097           0  0.00906557
-0.00226001   0.0204381 -0.00906557           0
EndNode2[0]<--->HoM1[0]
REAL
   0.371212   0.0132782  0.00776772    0.308057
  0.0132782    0.130051    0.100093  0.00840304
 0.00776772    0.100093     0.14899 -0.00357574
   0.308057  0.00840304 -0.00357574    0.349747
IMAGINARY
          0  0.00287252 -0.00445618    0.016964
-0.00287252           0  -0.0247562  0.00382407
 0.00445618   0.0247562           0   0.0167229
  -0.016964 -0.00382407  -0.0167229           0
Repeater1[0]<--->EndNode1[0]
REAL
  0.353535 -0.0231648 -0.0234084   0.291227
-0.0231648   0.140152   0.104927 -0.0253095
-0.0234084   0.104927   0.151515 -0.0293993
  0.291227 -0.0253095 -0.0293993   0.354798
IMAGINARY
          0   0.0236391  -0.0109862  0.00226001
 -0.0236391           0  0.00099097  0.00906557
  0.0109862 -0.00099097           0  -0.0204381
-0.00226001 -0.00906557   0.0204381           0
Repeater1[0]<--->HoM1[0]
REAL
   0.371212  0.00776772   0.0132782    0.308057
 0.00776772     0.14899    0.100093 -0.00357574
  0.0132782    0.100093    0.130051  0.00840304
   0.308057 -0.00357574  0.00840304    0.349747
IMAGINARY
          0 -0.00445618  0.00287252    0.016964
 0.00445618           0   0.0247562   0.0167229
-0.00287252  -0.0247562           0  0.00382407
  -0.016964  -0.0167229 -0.00382407           0
EndNode1[0]<--->Repeater1[0]
REAL
  0.365691 -0.0147512 -0.0221208   0.287353
-0.0147512   0.139628  0.0913233 0.00251299
-0.0221208  0.0913233   0.148936 0.00372175
  0.287353 0.00251299 0.00372175   0.345745
IMAGINARY
          0  -0.0177184 -0.00458792 -0.00575433
  0.0177184           0  0.00367964   0.0194763
 0.00458792 -0.00367964           0  -0.0108176
 0.00575433  -0.0194763   0.0108176           0
EndNode2[0]<--->HoM1[0]
REAL
   0.374486  -0.0101597 -0.00592571    0.318635
 -0.0101597    0.167353   0.0973853  0.00204975
-0.00592571   0.0973853    0.150892  0.00499178
   0.318635  0.00204975  0.00499178     0.30727
IMAGINARY
           0  0.000675505   0.00429178    0.0156181
-0.000675505            0   0.00228474   0.00820822
 -0.00429178  -0.00228474            0  -0.00942551
  -0.0156181  -0.00820822   0.00942551            0
Repeater1[0]<--->EndNode1[0]
REAL
  0.365691 -0.0221208 -0.0147512   0.287353
-0.0221208   0.148936  0.0913233 0.00372175
-0.0147512  0.0913233   0.139628 0.00251299
  0.287353 0.00372175 0.00251299   0.345745
IMAGINARY
          0 -0.00458792  -0.0177184 -0.00575433
 0.00458792           0 -0.00367964  -0.0108176
  0.0177184  0.00367964           0   0.0194763
 0.00575433   0.0108176  -0.0194763           0
Repeater1[0]<--->HoM1[0]
REAL
   0.374486 -0.00592571  -0.0101597    0.318635
-0.00592571    0.150892   0.0973853  0.00499178
 -0.0101597   0.0973853    0.167353  0.00204975
   0.318635  0.00499178  0.00204975     0.30727
IMAGINARY
           0   0.00429178  0.000675505    0.0156181
 -0.00429178            0  -0.00228474  -0.00942551
-0.000675505   0.00228474            0   0.00820822
  -0.0156181   0.00942551  -0.00820822            0
EndNode1[0]<--->Repeater1[0]
REAL
   0.385572  0.00527119  -0.0122599    0.305877
 0.00527119    0.143035    0.090419 -0.00132037
 -0.0122599    0.090419    0.139303 0.000901651
   0.305877 -0.00132037 0.000901651     0.33209
IMAGINARY
          0 -0.00594647  -0.0103146  -0.0152292
 0.00594647           0 -0.00858029  -0.0232012
  0.0103146  0.00858029           0  0.00936644
  0.0152292   0.0232012 -0.00936644           0
EndNode2[0]<--->HoM1[0]
REAL
   0.411552 0.000235057  0.00409967    0.340743
0.000235057    0.128761   0.0900659   0.0128716
 0.00409967   0.0900659    0.144404  0.00759784
   0.340743   0.0128716  0.00759784    0.315283
IMAGINARY
          0  0.00311328  0.00681285 -0.00251749
-0.00311328           0   0.0186465   0.0148674
-0.00681285  -0.0186465           0   0.0104369
 0.00251749  -0.0148674  -0.0104369           0
Repeater1[0]<--->EndNode1[0]
REAL
   0.385572  -0.0122599  0.00527119    0.305877
 -0.0122599    0.139303    0.090419 0.000901651
 0.00527119    0.090419    0.143035 -0.00132037
   0.305877 0.000901651 -0.00132037     0.33209
IMAGINARY
          0  -0.0103146 -0.00594647  -0.0152292
  0.0103146           0  0.00858029  0.00936644
 0.00594647 -0.00858029           0  -0.0232012
  0.0152292 -0.00936644   0.0232012           0
Repeater1[0]<--->HoM1[0]
REAL
   0.411552  0.00409967 0.000235057    0.340743
 0.00409967    0.144404   0.0900659  0.00759784
0.000235057   0.0900659    0.128761   0.0128716
   0.340743  0.00759784   0.0128716    0.315283
IMAGINARY
          0  0.00681285  0.00311328 -0.00251749
-0.00681285           0  -0.0186465   0.0104369
-0.00311328   0.0186465           0   0.0148674
 0.00251749  -0.0104369  -0.0148674           0
EndNode1[0]<--->Repeater1[0]
REAL
  0.347719 -0.0127689 -0.0203687   0.293346
-0.0127689   0.152898  0.0853259 -0.0032584
-0.0203687  0.0853259   0.155364 -0.0146896
  0.293346 -0.0032584 -0.0146896    0.34402
IMAGINARY
          0  -0.0182671  0.00384576   0.0291602
  0.0182671           0   0.0161732   0.0187106
-0.00384576  -0.0161732           0   -0.010555
 -0.0291602  -0.0187106    0.010555           0
EndNode2[0]<--->HoM1[0]
REAL
    0.35102  -0.0035668 -0.00384253    0.310298
 -0.0035668    0.156463    0.100208  -0.0175582
-0.00384253    0.100208    0.144218  -0.0035668
   0.310298  -0.0175582  -0.0035668    0.348299
IMAGINARY
          0  -0.0121619 -0.00551402  -0.0069925
  0.0121619           0 -0.00141629   0.0214783
 0.00551402  0.00141629           0  -0.0178509
  0.0069925  -0.0214783   0.0178509           0
Repeater1[0]<--->EndNode1[0]
REAL
  0.347719 -0.0203687 -0.0127689   0.293346
-0.0203687   0.155364  0.0853259 -0.0146896
-0.0127689  0.0853259   0.152898 -0.0032584
  0.293346 -0.0146896 -0.0032584    0.34402
IMAGINARY
          0  0.00384576  -0.0182671   0.0291602
-0.00384576           0  -0.0161732   -0.010555
  0.0182671   0.0161732           0   0.0187106
 -0.0291602    0.010555  -0.0187106           0
Repeater1[0]<--->HoM1[0]
REAL
    0.35102 -0.00384253  -0.0035668    0.310298
-0.00384253    0.144218    0.100208  -0.0035668
 -0.0035668    0.100208    0.156463  -0.0175582
   0.310298  -0.0035668  -0.0175582    0.348299
IMAGINARY
          0 -0.00551402  -0.0121619  -0.0069925
 0.00551402           0  0.00141629  -0.0178509
  0.0121619 -0.00141629           0   0.0214783
  0.0069925   0.0178509  -0.0214783           0
EndNode1[0]<--->Repeater1[0]
REAL
     0.3861  0.00318439   0.0187812    0.306576
 0.00318439    0.142857   0.0870952 -0.00612299
  0.0187812   0.0870952    0.160875   0.0018789
   0.306576 -0.00612299   0.0018789    0.310167
IMAGINARY
          0  -0.0018759  0.00715649  0.00335628
  0.0018759           0   0.0141671  0.00453182
-0.00715649  -0.0141671           0 -0.00981241
-0.00335628 -0.00453182  0.00981241           0
EndNode2[0]<--->HoM1[0]
REAL
   0.370725  -0.0236227 -0.00895802    0.307757
 -0.0236227    0.135431   0.0899414 -0.00766603
-0.00895802   0.0899414    0.142271 -0.00578911
   0.307757 -0.00766603 -0.00578911    0.351573
IMAGINARY
          0  0.00776701   0.0121824  -0.0204533
-0.00776701           0   0.0109476   0.0027721
 -0.0121824  -0.0109476           0 -0.00581643
  0.0204533  -0.0027721  0.00581643           0
Repeater1[0]<--->EndNode1[0]
REAL
     0.3861   0.0187812  0.00318439    0.306576
  0.0187812    0.160875   0.0870952   0.0018789
 0.00318439   0.0870952    0.142857 -0.00612299
   0.306576   0.0018789 -0.00612299    0.310167
IMAGINARY
          0  0.00715649  -0.0018759  0.00335628
-0.00715649           0  -0.0141671 -0.00981241
  0.0018759   0.0141671           0  0.00453182
-0.00335628  0.00981241 -0.00453182           0
Repeater1[0]<--->HoM1[0]
REAL
   0.370725 -0.00895802  -0.0236227    0.307757
-0.00895802    0.142271   0.0899414 -0.00578911
 -0.0236227   0.0899414    0.135431 -0.00766603
   0.307757 -0.00578911 -0.00766603    0.351573
IMAGINARY
          0   0.0121824  0.00776701  -0.0204533
 -0.0121824           0  -0.0109476 -0.00581643
-0.00776701   0.0109476           0   0.0027721
  0.0204533  0.00581643  -0.0027721           0
EndNode1[0]<--->Repeater1[0]
REAL
   0.415045 -0.00788196  -0.0221881    0.308071
-0.00788196    0.129702   0.0952372   -0.012163
 -0.0221881   0.0952372    0.138781   -0.011202
   0.308071   -0.012163   -0.011202    0.316472
IMAGINARY
          0  -0.0129704  0.00811486 -0.00845231
  0.0129704           0 -0.00148146  -0.0176447
-0.00811486  0.00148146           0 -0.00799528
 0.00845231   0.0176447  0.00799528           0
EndNode2[0]<--->HoM1[0]
REAL
  0.402242  0.0133323  0.0132363   0.314988
 0.0133323   0.163138   0.091989 -0.0029764
 0.0132363   0.091989   0.136986 0.00513557
  0.314988 -0.0029764 0.00513557   0.297634
IMAGINARY
          0 -0.00628417  -0.0182469  -0.0012476
 0.00628417           0   0.0249991  -0.0243198
  0.0182469  -0.0249991           0   0.0208966
  0.0012476   0.0243198  -0.0208966           0
Repeater1[0]<--->EndNode1[0]
REAL
   0.415045  -0.0221881 -0.00788196    0.308071
 -0.0221881    0.138781   0.0952372   -0.011202
-0.00788196   0.0952372    0.129702   -0.012163
   0.308071   -0.011202   -0.012163    0.316472
IMAGINARY
          0  0.00811486  -0.0129704 -0.00845231
-0.00811486           0  0.00148146 -0.00799528
  0.0129704 -0.00148146           0  -0.0176447
 0.00845231  0.00799528   0.0176447           0
Repeater1[0]<--->HoM1[0]
REAL
  0.402242  0.0132363  0.0133323   0.314988
 0.0132363   0.136986   0.091989 0.00513557
 0.0133323   0.091989   0.163138 -0.0029764
  0.314988 0.00513557 -0.0029764   0.297634
IMAGINARY
          0  -0.0182469 -0.00628417  -0.0012476
  0.0182469           0  -0.0249991   0.0208966
 0.00628417   0.0249991           0  -0.0243198
  0.0012476  -0.0208966   0.0243198           0
EndNode1[0]<--->Repeater1[0]
REAL
   0.368622 -0.00135787 0.000961937    0.300673
-0.00135787     0.16199   0.0880742  0.00543192
0.000961937   0.0880742    0.159439   0.0192607
   0.300673  0.00543192   0.0192607    0.309949
IMAGINARY
           0  -0.00160696     0.015241   -0.0389172
  0.00160696            0   0.00115678 -0.000805259
   -0.015241  -0.00115678            0  -0.00889173
   0.0389172  0.000805259   0.00889173            0
EndNode2[0]<--->HoM1[0]
REAL
   0.351523 -0.00783088  0.00192205    0.311985
-0.00783088    0.159898    0.104978 -0.00132893
 0.00192205    0.104978    0.134518    0.008424
   0.311985 -0.00132893    0.008424    0.354061
IMAGINARY
          0 -0.00652556 -0.00218426  -0.0182631
 0.00652556           0  -0.0149779  0.00791675
 0.00218426   0.0149779           0   0.0109842
  0.0182631 -0.00791675  -0.0109842           0
Repeater1[0]<--->EndNode1[0]
REAL
   0.368622 0.000961937 -0.00135787    0.300673
0.000961937    0.159439   0.0880742   0.0192607
-0.00135787   0.0880742     0.16199  0.00543192
   0.300673   0.0192607  0.00543192    0.309949
IMAGINARY
           0     0.015241  -0.00160696   -0.0389172
   -0.015241            0  -0.00115678  -0.00889173
  0.00160696   0.00115678            0 -0.000805259
   0.0389172   0.00889173  0.000805259            0
Repeater1[0]<--->HoM1[0]
REAL
   0.351523  0.00192205 -0.00783088    0.311985
 0.00192205    0.134518    0.104978    0.008424
-0.00783088    0.104978    0.159898 -0.00132893
   0.311985    0.008424 -0.00132893    0.354061
IMAGINARY
          0 -0.00218426 -0.00652556  -0.0182631
 0.00218426           0   0.0149779   0.0109842
 0.00652556  -0.0149779           0  0.00791675
  0.0182631  -0.0109842 -0.00791675           0
EndNode1[0]<--->Repeater1[0]
REAL
   0.372774  0.00267833 -0.00392157    0.302237
 0.00267833    0.142494   0.0971091  0.00457516
-0.00392157   0.0971091    0.138677  0.00712559
   0.302237  0.00457516  0.00712559    0.346056
IMAGINARY
           0    0.0169991  -0.00694789   -0.0109137
  -0.0169991            0     0.022602 -0.000744417
  0.00694789    -0.022602            0  0.000949668
   0.0109137  0.000744417 -0.000949668            0
EndNode2[0]<--->HoM1[0]
REAL
   0.358839   0.0274792   0.0301962    0.300599
  0.0274792    0.163588   0.0866881  -0.0138135
  0.0301962   0.0866881    0.138522 -0.00585408
   0.300599  -0.0138135 -0.00585408     0.33905
IMAGINARY
          0  0.00783152 -0.00131576   0.0164985
-0.00783152           0    0.010662 -0.00262125
 0.00131576   -0.010662           0  0.00135483
 -0.0164985  0.00262125 -0.00135483           0
Repeater1[0]<--->EndNode1[0]
REAL
   0.372774 -0.00392157  0.00267833    0.302237
-0.00392157    0.138677   0.0971091  0.00712559
 0.00267833   0.0971091    0.142494  0.00457516
   0.302237  0.00712559  0.00457516    0.346056
IMAGINARY
           0  -0.00694789    0.0169991   -0.0109137
  0.00694789            0    -0.022602  0.000949668
  -0.0169991     0.022602            0 -0.000744417
   0.0109137 -0.000949668  0.000744417            0
Repeater1[0]<--->HoM1[0]
REAL
   0.358839   0.0301962   0.0274792    0.300599
  0.0301962    0.138522   0.0866881 -0.00585408
  0.0274792   0.0866881    0.163588  -0.0138135
   0.300599 -0.00585408  -0.0138135     0.33905
IMAGINARY
          0 -0.00131576  0.00783152   0.0164985
 0.00131576           0   -0.010662  0.00135483
-0.00783152    0.010662           0 -0.00262125
 -0.0164985 -0.00135483  0.00262125           0
EndNode1[0]<--->Repeater1[0]
REAL
    0.38896  -0.0133818  0.00822785    0.299831
 -0.0133818    0.134788   0.0893379 -0.00822785
 0.00822785   0.0893379     0.16303   0.0209385
   0.299831 -0.00822785   0.0209385    0.313222
IMAGINARY
          0 -0.00600905 -0.00701847  0.00044508
 0.00600905           0  -0.0131033  0.00638636
 0.00701847   0.0131033           0  -0.0123222
-0.00044508 -0.00638636   0.0123222           0
EndNode2[0]<--->HoM1[0]
REAL
  0.382353 0.00921693 -0.0128161   0.329767
0.00921693   0.145833  0.0998676 -0.0176304
-0.0128161  0.0998676   0.134804 -0.0153062
  0.329767 -0.0176304 -0.0153062    0.33701
IMAGINARY
          0  -0.0175612   0.0110679  0.00584193
  0.0175612           0  0.00521458  0.00400752
 -0.0110679 -0.00521458           0  0.00374208
-0.00584193 -0.00400752 -0.00374208           0
Repeater1[0]<--->EndNode1[0]
REAL
    0.38896  0.00822785  -0.0133818    0.299831
 0.00822785     0.16303   0.0893379   0.0209385
 -0.0133818   0.0893379    0.134788 -0.00822785
   0.299831   0.0209385 -0.00822785    0.313222
IMAGINARY
          0 -0.00701847 -0.00600905  0.00044508
 0.00701847           0   0.0131033  -0.0123222
 0.00600905  -0.0131033           0  0.00638636
-0.00044508   0.0123222 -0.00638636           0
Repeater1[0]<--->HoM1[0]
REAL
  0.382353 -0.0128161 0.00921693   0.329767
-0.0128161   0.134804  0.0998676 -0.0153062
0.00921693  0.0998676   0.145833 -0.0176304
  0.329767 -0.0153062 -0.0176304    0.33701
IMAGINARY
          0   0.0110679  -0.0175612  0.00584193
 -0.0110679           0 -0.00521458  0.00374208
  0.0175612  0.00521458           0  0.00400752
-0.00584193 -0.00374208 -0.00400752           0
EndNode1[0]<--->Repeater1[0]
REAL
   0.396226 -0.00965694  -0.0108059    0.297454
-0.00965694    0.150943   0.0947158  -0.0039566
 -0.0108059   0.0947158    0.150943 -0.00510558
   0.297454  -0.0039566 -0.00510558    0.301887
IMAGINARY
           0   -0.0276922  0.000429379    0.0049873
   0.0276922            0   0.00179445  -0.00890395
-0.000429379  -0.00179445            0   0.00748364
  -0.0049873   0.00890395  -0.00748364            0
EndNode2[0]<--->HoM1[0]
REAL
   0.381258 -0.00334173   0.0221957     0.31804
-0.00334173    0.154044   0.0976541   -0.004686
  0.0221957   0.0976541     0.12837   0.0221485
    0.31804   -0.004686   0.0221485    0.336329
IMAGINARY
         0 -0.0133351 -0.0274612 -0.0150611
 0.0133351          0  0.0156792  0.0150645
 0.0274612 -0.0156792          0  -0.030742
 0.0150611 -0.0150645   0.030742          0
Repeater1[0]<--->EndNode1[0]
REAL
   0.396226  -0.0108059 -0.00965694    0.297454
 -0.0108059    0.150943   0.0947158 -0.00510558
-0.00965694   0.0947158    0.150943  -0.0039566
   0.297454 -0.00510558  -0.0039566    0.301887
IMAGINARY
           0  0.000429379   -0.0276922    0.0049873
-0.000429379            0  -0.00179445   0.00748364
   0.0276922   0.00179445            0  -0.00890395
  -0.0049873  -0.00748364   0.00890395            0
Repeater1[0]<--->HoM1[0]
REAL
   0.381258   0.0221957 -0.00334173     0.31804
  0.0221957     0.12837   0.0976541   0.0221485
-0.00334173   0.0976541    0.154044   -0.004686
    0.31804   0.0221485   -0.004686    0.336329
IMAGINARY
         0 -0.0274612 -0.0133351 -0.0150611
 0.0274612          0 -0.0156792  -0.030742
 0.0133351  0.0156792          0  0.0150645
 0.0150611   0.030742 -0.0150645          0
EndNode1[0]<--->Repeater1[0]
REAL
   0.386534 -0.00326935  -0.0121838    0.281678
-0.00326935    0.123441   0.0969935  -0.0254918
 -0.0121838   0.0969935    0.167082  -0.0152492
   0.281678  -0.0254918  -0.0152492    0.322943
IMAGINARY
           0   0.00869311  -0.00776552    0.0127069
 -0.00869311            0   0.00379057  0.000687014
  0.00776552  -0.00379057            0   0.00739441
  -0.0127069 -0.000687014  -0.00739441            0
EndNode2[0]<--->HoM1[0]
REAL
   0.402831 -0.00367355  -0.0216466     0.32169
-0.00367355    0.144144    0.079755   0.0131052
 -0.0216466    0.079755    0.160875  -0.0166944
    0.32169   0.0131052  -0.0166944    0.292149
IMAGINARY
          0   0.0061432  -0.0106452 -0.00130295
 -0.0061432           0 -0.00905027  -0.0106452
  0.0106452  0.00905027           0  -0.0158206
 0.00130295   0.0106452   0.0158206           0
Repeater1[0]<--->EndNode1[0]
REAL
   0.386534  -0.0121838 -0.00326935    0.281678
 -0.0121838    0.167082   0.0969935  -0.0152492
-0.00326935   0.0969935    0.123441  -0.0254918
   0.281678  -0.0152492  -0.0254918    0.322943
IMAGINARY
           0  -0.00776552   0.00869311    0.0127069
  0.00776552            0  -0.00379057   0.00739441
 -0.00869311   0.00379057            0  0.000687014
  -0.0127069  -0.00739441 -0.000687014            0
Repeater1[0]<--->HoM1[0]
REAL
   0.402831  -0.0216466 -0.00367355     0.32169
 -0.0216466    0.160875    0.079755  -0.0166944
-0.00367355    0.079755    0.144144   0.0131052
    0.32169  -0.0166944   0.0131052    0.292149
IMAGINARY
          0  -0.0106452   0.0061432 -0.00130295
  0.0106452           0  0.00905027  -0.0158206
 -0.0061432 -0.00905027           0  -0.0106452
 0.00130295   0.0158206   0.0106452           0
EndNode1[0]<--->Repeater1[0]
REAL
    0.370988  -0.00251799  0.000980392     0.288756
 -0.00251799     0.154044    0.0852899 -0.000980392
 0.000980392    0.0852899     0.139923     0.021602
    0.288756 -0.000980392     0.021602     0.335045
IMAGINARY
          0 -0.00366939 -0.00540333  0.00411344
 0.00366939           0  -0.0072502  -0.0170614
 0.00540333   0.0072502           0  -0.0213627
-0.00411344   0.0170614   0.0213627           0
EndNode2[0]<--->HoM1[0]
REAL
   0.367589  -0.0141012  -0.0129856    0.298942
 -0.0141012    0.144928   0.0963074 -0.00223972
 -0.0129856   0.0963074    0.131752  0.00131189
   0.298942 -0.00223972  0.00131189    0.355731
IMAGINARY
          0 -0.00252862  0.00813269  0.00197368
 0.00252862           0 -0.00197368   -0.017543
-0.00813269  0.00197368           0 -0.00186284
-0.00197368    0.017543  0.00186284           0
Repeater1[0]<--->EndNode1[0]
REAL
    0.370988  0.000980392  -0.00251799     0.288756
 0.000980392     0.139923    0.0852899     0.021602
 -0.00251799    0.0852899     0.154044 -0.000980392
    0.288756     0.021602 -0.000980392     0.335045
IMAGINARY
          0 -0.00540333 -0.00366939  0.00411344
 0.00540333           0   0.0072502  -0.0213627
 0.00366939  -0.0072502           0  -0.0170614
-0.00411344   0.0213627   0.0170614           0
Repeater1[0]<--->HoM1[0]
REAL
   0.367589  -0.0129856  -0.0141012    0.298942
 -0.0129856    0.131752   0.0963074  0.00131189
 -0.0141012   0.0963074    0.144928 -0.00223972
   0.298942  0.00131189 -0.00223972    0.355731
IMAGINARY
          0  0.00813269 -0.00252862  0.00197368
-0.00813269           0  0.00197368 -0.00186284
 0.00252862 -0.00197368           0   -0.017543
-0.00197368  0.00186284    0.017543           0
EndNode1[0]<--->Repeater1[0]
REAL
  0.371202  0.0134567 0.00470443   0.305286
 0.0134567   0.153236   0.108356 0.00217918
0.00470443   0.108356   0.140026  0.0147035
  0.305286 0.00217918  0.0147035   0.335535
IMAGINARY
           0   0.00382806  -0.00507913  0.000427899
 -0.00382806            0   -0.0207531   0.00307646
  0.00507913    0.0207531            0   -0.0031605
-0.000427899  -0.00307646    0.0031605            0
EndNode2[0]<--->HoM1[0]
REAL
    0.35854   0.0112847  0.00627049    0.313863
  0.0112847    0.143416   0.0902647    0.022358
 0.00627049   0.0902647    0.135593 -0.00129805
   0.313863    0.022358 -0.00129805    0.362451
IMAGINARY
           0  -0.00456068  0.000250666   -0.0222718
  0.00456068            0    0.0153361  -0.00220634
-0.000250666   -0.0153361            0  -0.00652146
   0.0222718   0.00220634   0.00652146            0
Repeater1[0]<--->EndNode1[0]
REAL
  0.371202 0.00470443  0.0134567   0.305286
0.00470443   0.140026   0.108356  0.0147035
 0.0134567   0.108356   0.153236 0.00217918
  0.305286  0.0147035 0.00217918   0.335535
IMAGINARY
           0  -0.00507913   0.00382806  0.000427899
  0.00507913            0    0.0207531   -0.0031605
 -0.00382806   -0.0207531            0   0.00307646
-0.000427899    0.0031605  -0.00307646            0
Repeater1[0]<--->HoM1[0]
REAL
    0.35854  0.00627049   0.0112847    0.313863
 0.00627049    0.135593   0.0902647 -0.00129805
  0.0112847   0.0902647    0.143416    0.022358
   0.313863 -0.00129805    0.022358    0.362451
IMAGINARY
           0  0.000250666  -0.00456068   -0.0222718
-0.000250666            0   -0.0153361  -0.00652146
  0.00456068    0.0153361            0  -0.00220634
   0.0222718   0.00652146   0.00220634            0
EndNode1[0]<--->Repeater1[0]
REAL
    0.379012 -0.000715208    0.0157798     0.294057
-0.000715208     0.122222      0.09076  -0.00530862
   0.0157798      0.09076     0.134568   0.00856861
    0.294057  -0.00530862   0.00856861     0.364198
IMAGINARY
           0    -0.024126  0.000706895    0.0118903
    0.024126            0   0.00176376   -0.0013174
-0.000706895  -0.00176376            0  -0.00578856
  -0.0118903    0.0013174   0.00578856            0
EndNode2[0]<--->HoM1[0]
REAL
   0.389474  -0.0284681  -0.0287752    0.307879
 -0.0284681    0.123684     0.10725 -0.00136008
 -0.0287752     0.10725    0.130263 -0.00781727
   0.307879 -0.00136008 -0.00781727    0.356579
IMAGINARY
          0  -0.0136653   0.0347753 -0.00195885
  0.0136653           0   0.0155727  -0.0140206
 -0.0347753  -0.0155727           0  0.00548923
 0.00195885   0.0140206 -0.00548923           0
Repeater1[0]<--->EndNode1[0]
REAL
    0.379012    0.0157798 -0.000715208     0.294057
   0.0157798     0.134568      0.09076   0.00856861
-0.000715208      0.09076     0.122222  -0.00530862
    0.294057   0.00856861  -0.00530862     0.364198
IMAGINARY
           0  0.000706895    -0.024126    0.0118903
-0.000706895            0  -0.00176376  -0.00578856
    0.024126   0.00176376            0   -0.0013174
  -0.0118903   0.00578856    0.0013174            0
Repeater1[0]<--->HoM1[0]
REAL
   0.389474  -0.0287752  -0.0284681    0.307879
 -0.0287752    0.130263     0.10725 -0.00781727
 -0.0284681     0.10725    0.123684 -0.00136008
   0.307879 -0.00781727 -0.00136008    0.356579
IMAGINARY
          0   0.0347753  -0.0136653 -0.00195885
 -0.0347753           0  -0.0155727  0.00548923
  0.0136653   0.0155727           0  -0.0140206
 0.00195885 -0.00548923   0.0140206           0
EndNode1[0]<--->Repeater1[0]
REAL
 0.377261 0.0203898 0.0195118  0.303711
0.0203898  0.143411  0.101109 0.0181891
0.0195118  0.101109  0.148579 0.0111306
 0.303711 0.0181891 0.0111306  0.330749
IMAGINARY
           0   0.00592208   0.00882158  0.000259887
 -0.00592208            0  -0.00866868    0.0289727
 -0.00882158   0.00866868            0    0.0132849
-0.000259887   -0.0289727   -0.0132849            0
EndNode2[0]<--->HoM1[0]
REAL
   0.366786  0.00465341 -0.00941478    0.295686
 0.00465341    0.155317    0.111201 0.000486209
-0.00941478    0.111201    0.148148  0.00810169
   0.295686 0.000486209  0.00810169    0.329749
IMAGINARY
          0   0.0173205 -0.00131526   0.0391195
 -0.0173205           0   0.0039269 -0.00194419
 0.00131526  -0.0039269           0   0.0250524
 -0.0391195  0.00194419  -0.0250524           0
Repeater1[0]<--->EndNode1[0]
REAL
 0.377261 0.0195118 0.0203898  0.303711
0.0195118  0.148579  0.101109 0.0111306
0.0203898  0.101109  0.143411 0.0181891
 0.303711 0.0111306 0.0181891  0.330749
IMAGINARY
           0   0.00882158   0.00592208  0.000259887
 -0.00882158            0   0.00866868    0.0132849
 -0.00592208  -0.00866868            0    0.0289727
-0.000259887   -0.0132849   -0.0289727            0
Repeater1[0]<--->HoM1[0]
REAL
   0.366786 -0.00941478  0.00465341    0.295686
-0.00941478    0.148148    0.111201  0.00810169
 0.00465341    0.111201    0.155317 0.000486209
   0.295686  0.00810169 0.000486209    0.329749
IMAGINARY
          0 -0.00131526   0.0173205   0.0391195
 0.00131526           0  -0.0039269   0.0250524
 -0.0173205   0.0039269           0 -0.00194419
 -0.0391195  -0.0250524  0.00194419           0
EndNode1[0]<--->Repeater1[0]
REAL
  0.408912 0.00236487  0.0158974   0.287339
0.00236487   0.121887   0.103524  0.0120214
 0.0158974   0.103524   0.129751  0.0128636
  0.287339  0.0120214  0.0128636    0.33945
IMAGINARY
           0    0.0195791   -0.0186421  0.000323764
  -0.0195791            0    0.0056571   -0.0020605
   0.0186421   -0.0056571            0   -0.0139329
-0.000323764    0.0020605    0.0139329            0
EndNode2[0]<--->HoM1[0]
REAL
   0.354712 -0.00532627 -0.00820867    0.333668
-0.00532627     0.14267   0.0989743  0.00432266
-0.00820867   0.0989743     0.13089  0.00921228
   0.333668  0.00432266  0.00921228    0.371728
IMAGINARY
          0  -0.0179703  0.00401084  0.00166804
  0.0179703           0   -0.011421 -0.00197002
-0.00401084    0.011421           0 -0.00175759
-0.00166804  0.00197002  0.00175759           0
Repeater1[0]<--->EndNode1[0]
REAL
  0.408912  0.0158974 0.00236487   0.287339
 0.0158974   0.129751   0.103524  0.0128636
0.00236487   0.103524   0.121887  0.0120214
  0.287339  0.0128636  0.0120214    0.33945
IMAGINARY
           0   -0.0186421    0.0195791  0.000323764
   0.0186421            0   -0.0056571   -0.0139329
  -0.0195791    0.0056571            0   -0.0020605
-0.000323764    0.0139329    0.0020605            0
Repeater1[0]<--->HoM1[0]
REAL
   0.354712 -0.00820867 -0.00532627    0.333668
-0.00820867     0.13089   0.0989743  0.00921228
-0.00532627   0.0989743     0.14267  0.00432266
   0.333668  0.00921228  0.00432266    0.371728
IMAGINARY
          0  0.00401084  -0.0179703  0.00166804
-0.00401084           0    0.011421 -0.00175759
  0.0179703   -0.011421           0 -0.00197002
-0.00166804  0.00175759  0.00197002           0
EndNode1[0]<--->Repeater1[0]
REAL
 0.368421 0.0191032 0.0128538  0.300348
0.0191032  0.132221 0.0970235 0.0115517
0.0128538 0.0970235  0.151476 0.0178179
 0.300348 0.0115517 0.0178179  0.347882
IMAGINARY
           0  -0.00608927   0.00324212    0.0159512
  0.00608927            0    0.0102333 -0.000684578
 -0.00324212   -0.0102333            0     0.018877
  -0.0159512  0.000684578    -0.018877            0
EndNode2[0]<--->HoM1[0]
REAL
   0.376135 -0.00931796  -0.0111663    0.301895
-0.00931796    0.136187   0.0861458   0.0111663
 -0.0111663   0.0861458    0.140078 -0.00340469
   0.301895   0.0111663 -0.00340469    0.347601
IMAGINARY
          0   0.0204645  -0.0210599  0.00134352
 -0.0204645           0  0.00196774  0.00505476
  0.0210599 -0.00196774           0   0.0032231
-0.00134352 -0.00505476  -0.0032231           0
Repeater1[0]<--->EndNode1[0]
REAL
 0.368421 0.0128538 0.0191032  0.300348
0.0128538  0.151476 0.0970235 0.0178179
0.0191032 0.0970235  0.132221 0.0115517
 0.300348 0.0178179 0.0115517  0.347882
IMAGINARY
           0   0.00324212  -0.00608927    0.0159512
 -0.00324212            0   -0.0102333     0.018877
  0.00608927    0.0102333            0 -0.000684578
  -0.0159512    -0.018877  0.000684578            0
Repeater1[0]<--->HoM1[0]
REAL
   0.376135  -0.0111663 -0.00931796    0.301895
 -0.0111663    0.140078   0.0861458 -0.00340469
-0.00931796   0.0861458    0.136187   0.0111663
   0.301895 -0.00340469   0.0111663    0.347601
IMAGINARY
          0  -0.0210599   0.0204645  0.00134352
  0.0210599           0 -0.00196774   0.0032231
 -0.0204645  0.00196774           0  0.00505476
-0.00134352  -0.0032231 -0.00505476           0
EndNode1[0]<--->Repeater1[0]
REAL
  0.384906 0.00629954 0.00369395   0.295837
0.00629954   0.150943  0.0751737 0.00561456
0.00369395  0.0751737   0.142138 0.00433876
  0.295837 0.00561456 0.00433876   0.322013
IMAGINARY
          0  0.00598367   0.0100531  0.00916857
-0.00598367           0  0.00981877 -0.00750212
 -0.0100531 -0.00981877           0 -0.00470816
-0.00916857  0.00750212  0.00470816           0
EndNode2[0]<--->HoM1[0]
REAL
   0.384921  0.00138827    -0.01362    0.321253
 0.00138827    0.125661    0.113502  0.00170032
   -0.01362    0.113502    0.138889 -0.00828915
   0.321253  0.00170032 -0.00828915    0.350529
IMAGINARY
          0  -0.0119635 -0.00639775  -0.0118465
