EndNode1[0]<--->Repeater1[0]
REAL
     0.53944 -3.93174e-06  -0.00223786    0.0153713
-3.93174e-06     0.167939     0.017962   -0.0224535
 -0.00223786     0.017962     0.152672   -0.0197492
   0.0153713   -0.0224535   -0.0197492     0.139949
IMAGINARY
           0   0.00907564  0.000929485   -0.0228289
 -0.00907564            0  -0.00967105   0.00813787
-0.000929485   0.00967105            0    0.0103544
   0.0228289  -0.00813787   -0.0103544            0
EndNode2[0]<--->BSA[0]
REAL
    0.474172 -0.000461601    0.0156088    0.0704079
-0.000461601     0.144371   0.00757371   -0.0149535
   0.0156088   0.00757371     0.148344   -0.0224742
   0.0704079   -0.0149535   -0.0224742     0.233113
IMAGINARY
          0 -0.00772707 -0.00274606  -0.0105064
 0.00772707           0  0.00273442   0.0107675
 0.00274606 -0.00273442           0 -0.00965261
  0.0105064  -0.0107675  0.00965261           0
Repeater1[0]<--->EndNode1[0]
REAL
     0.53944  -0.00223786 -3.93174e-06    0.0153713
 -0.00223786     0.152672     0.017962   -0.0197492
-3.93174e-06     0.017962     0.167939   -0.0224535
   0.0153713   -0.0197492   -0.0224535     0.139949
IMAGINARY
           0  0.000929485   0.00907564   -0.0228289
-0.000929485            0   0.00967105    0.0103544
 -0.00907564  -0.00967105            0   0.00813787
   0.0228289   -0.0103544  -0.00813787            0
Repeater1[0]<--->BSA[0]
REAL
    0.474172    0.0156088 -0.000461601    0.0704079
   0.0156088     0.148344   0.00757371   -0.0224742
-0.000461601   0.00757371     0.144371   -0.0149535
   0.0704079   -0.0224742   -0.0149535     0.233113
IMAGINARY
          0 -0.00274606 -0.00772707  -0.0105064
 0.00274606           0 -0.00273442 -0.00965261
 0.00772707  0.00273442           0   0.0107675
  0.0105064  0.00965261  -0.0107675           0
EndNode1[0]<--->Repeater1[0]
REAL
     0.53944 -3.93174e-06  -0.00223786    0.0153713
-3.93174e-06     0.167939     0.017962   -0.0224535
 -0.00223786     0.017962     0.152672   -0.0197492
   0.0153713   -0.0224535   -0.0197492     0.139949
IMAGINARY
           0   0.00907564  0.000929485   -0.0228289
 -0.00907564            0  -0.00967105   0.00813787
-0.000929485   0.00967105            0    0.0103544
   0.0228289  -0.00813787   -0.0103544            0
EndNode2[0]<--->BSA[0]
REAL
    0.474172 -0.000461601    0.0156088    0.0704079
-0.000461601     0.144371   0.00757371   -0.0149535
   0.0156088   0.00757371     0.148344   -0.0224742
   0.0704079   -0.0149535   -0.0224742     0.233113
IMAGINARY
          0 -0.00772707 -0.00274606  -0.0105064
 0.00772707           0  0.00273442   0.0107675
 0.00274606 -0.00273442           0 -0.00965261
  0.0105064  -0.0107675  0.00965261           0
Repeater1[0]<--->EndNode1[0]
REAL
     0.53944  -0.00223786 -3.93174e-06    0.0153713
 -0.00223786     0.152672     0.017962   -0.0197492
-3.93174e-06     0.017962     0.167939   -0.0224535
   0.0153713   -0.0197492   -0.0224535     0.139949
IMAGINARY
           0  0.000929485   0.00907564   -0.0228289
-0.000929485            0   0.00967105    0.0103544
 -0.00907564  -0.00967105            0   0.00813787
   0.0228289   -0.0103544  -0.00813787            0
Repeater1[0]<--->BSA[0]
REAL
    0.474172    0.0156088 -0.000461601    0.0704079
   0.0156088     0.148344   0.00757371   -0.0224742
-0.000461601   0.00757371     0.144371   -0.0149535
   0.0704079   -0.0224742   -0.0149535     0.233113
IMAGINARY
          0 -0.00274606 -0.00772707  -0.0105064
 0.00274606           0 -0.00273442 -0.00965261
 0.00772707  0.00273442           0   0.0107675
  0.0105064  0.00965261  -0.0107675           0
