EndNode1[0]<--->Repeater1[0]
REAL
   0.501931   0.0102102 -0.00517458   0.0317568
  0.0102102    0.337194  -0.0182432 -0.00705193
-0.00517458  -0.0182432    0.106821   0.0213213
  0.0317568 -0.00705193   0.0213213   0.0540541
IMAGINARY
          0  0.00577301  -0.0192341 -0.00124238
-0.00577301           0   0.0026236   0.0126552
  0.0192341  -0.0026236           0  -0.0176151
 0.00124238  -0.0126552   0.0176151           0
EndNode2[0]<--->BSA[0]
REAL
   0.495449 -0.00996981  -0.0156651   0.0674383
-0.00996981    0.113134   0.0151595   0.0188177
 -0.0156651   0.0151595    0.276983  0.00177309
  0.0674383   0.0188177  0.00177309    0.114434
IMAGINARY
           0  -0.00703201  0.000677448  0.000673915
  0.00703201            0  -0.00251893   -0.0046989
-0.000677448   0.00251893            0    0.0164154
-0.000673915    0.0046989   -0.0164154            0
Repeater1[0]<--->EndNode1[0]
REAL
   0.501931 -0.00517458   0.0102102   0.0317568
-0.00517458    0.106821  -0.0182432   0.0213213
  0.0102102  -0.0182432    0.337194 -0.00705193
  0.0317568   0.0213213 -0.00705193   0.0540541
IMAGINARY
          0  -0.0192341  0.00577301 -0.00124238
  0.0192341           0  -0.0026236  -0.0176151
-0.00577301   0.0026236           0   0.0126552
 0.00124238   0.0176151  -0.0126552           0
Repeater1[0]<--->BSA[0]
REAL
   0.495449  -0.0156651 -0.00996981   0.0674383
 -0.0156651    0.276983   0.0151595  0.00177309
-0.00996981   0.0151595    0.113134   0.0188177
  0.0674383  0.00177309   0.0188177    0.114434
IMAGINARY
           0  0.000677448  -0.00703201  0.000673915
-0.000677448            0   0.00251893    0.0164154
  0.00703201  -0.00251893            0   -0.0046989
-0.000673915   -0.0164154    0.0046989            0
EndNode1[0]<--->Repeater1[0]
REAL
   0.493168   0.0185022 -0.00372096  0.00548229
  0.0185022    0.345342   0.0026733 -0.00945344
-0.00372096   0.0026733    0.111801   0.0109834
 0.00548229 -0.00945344   0.0109834   0.0496894
IMAGINARY
           0   0.00268817   0.00870066   -0.0208654
 -0.00268817            0    0.0103846 -0.000273696
 -0.00870066   -0.0103846            0  -0.00268817
   0.0208654  0.000273696   0.00268817            0
EndNode2[0]<--->BSA[0]
REAL
   0.471802 -0.00826144  0.00635999   0.0742101
-0.00826144    0.138927 3.42955e-05 -0.00964514
 0.00635999 3.42955e-05    0.302613  -0.0213049
  0.0742101 -0.00964514  -0.0213049   0.0866575
IMAGINARY
           0   -0.0219633   -0.0149163   -0.0270519
   0.0219633            0  0.000128853   0.00667458
   0.0149163 -0.000128853            0   0.00547979
   0.0270519  -0.00667458  -0.00547979            0
Repeater1[0]<--->EndNode1[0]
REAL
   0.493168 -0.00372096   0.0185022  0.00548229
-0.00372096    0.111801   0.0026733   0.0109834
  0.0185022   0.0026733    0.345342 -0.00945344
 0.00548229   0.0109834 -0.00945344   0.0496894
IMAGINARY
           0   0.00870066   0.00268817   -0.0208654
 -0.00870066            0   -0.0103846  -0.00268817
 -0.00268817    0.0103846            0 -0.000273696
   0.0208654   0.00268817  0.000273696            0
Repeater1[0]<--->BSA[0]
REAL
   0.471802  0.00635999 -0.00826144   0.0742101
 0.00635999    0.302613 3.42955e-05  -0.0213049
-0.00826144 3.42955e-05    0.138927 -0.00964514
  0.0742101  -0.0213049 -0.00964514   0.0866575
IMAGINARY
           0   -0.0149163   -0.0219633   -0.0270519
   0.0149163            0 -0.000128853   0.00547979
   0.0219633  0.000128853            0   0.00667458
   0.0270519  -0.00547979  -0.00667458            0
