EndNode1[0]<--->Repeater1[0]
REAL
   0.484085   0.0206805 -0.00864644   0.0955521
  0.0206805    0.132626   0.0332745 -0.00665968
-0.00864644   0.0332745    0.248011  -0.0117519
  0.0955521 -0.00665968  -0.0117519    0.135279
IMAGINARY
           0  -0.00381456    0.0143997  -0.00348557
  0.00381456            0 -0.000894901   0.00991824
  -0.0143997  0.000894901            0    0.0233875
  0.00348557  -0.00991824   -0.0233875            0
EndNode2[0]<--->BSA[0]
REAL
   0.441454  -0.0104955  -0.0250391    0.138379
 -0.0104955    0.183042   0.0278529 -0.00951112
 -0.0250391   0.0278529    0.170929  0.00202095
   0.138379 -0.00951112  0.00202095    0.204576
IMAGINARY
          0  0.00159342 -0.00247494  -0.0208254
-0.00159342           0  -0.0261133  0.00379073
 0.00247494   0.0261133           0    0.020775
  0.0208254 -0.00379073   -0.020775           0
Repeater1[0]<--->EndNode1[0]
REAL
   0.484085 -0.00864644   0.0206805   0.0955521
-0.00864644    0.248011   0.0332745  -0.0117519
  0.0206805   0.0332745    0.132626 -0.00665968
  0.0955521  -0.0117519 -0.00665968    0.135279
IMAGINARY
           0    0.0143997  -0.00381456  -0.00348557
  -0.0143997            0  0.000894901    0.0233875
  0.00381456 -0.000894901            0   0.00991824
  0.00348557   -0.0233875  -0.00991824            0
Repeater1[0]<--->BSA[0]
REAL
   0.441454  -0.0250391  -0.0104955    0.138379
 -0.0250391    0.170929   0.0278529  0.00202095
 -0.0104955   0.0278529    0.183042 -0.00951112
   0.138379  0.00202095 -0.00951112    0.204576
IMAGINARY
          0 -0.00247494  0.00159342  -0.0208254
 0.00247494           0   0.0261133    0.020775
-0.00159342  -0.0261133           0  0.00379073
  0.0208254   -0.020775 -0.00379073           0
EndNode1[0]<--->Repeater1[0]
REAL
    0.496749 -0.000627687  0.000424797     0.110777
-0.000627687     0.141743    0.0256982   0.00630715
 0.000424797    0.0256982     0.227568   -0.0134482
    0.110777   0.00630715   -0.0134482      0.13394
IMAGINARY
          0  -0.0116025   0.0175346 -0.00217338
  0.0116025           0  0.00283916  0.00602563
 -0.0175346 -0.00283916           0   0.0155292
 0.00217338 -0.00602563  -0.0155292           0
EndNode2[0]<--->BSA[0]
REAL
    0.42362  -0.0106126  0.00758013    0.144697
 -0.0106126    0.195122   0.0356744 -0.00625387
 0.00758013   0.0356744    0.145058   0.0212226
   0.144697 -0.00625387   0.0212226      0.2362
IMAGINARY
          0   0.0134787  0.00777614    -0.01811
 -0.0134787           0  -0.0231861  -0.0215606
-0.00777614   0.0231861           0  0.00281203
    0.01811   0.0215606 -0.00281203           0
Repeater1[0]<--->EndNode1[0]
REAL
    0.496749  0.000424797 -0.000627687     0.110777
 0.000424797     0.227568    0.0256982   -0.0134482
-0.000627687    0.0256982     0.141743   0.00630715
    0.110777   -0.0134482   0.00630715      0.13394
IMAGINARY
          0   0.0175346  -0.0116025 -0.00217338
 -0.0175346           0 -0.00283916   0.0155292
  0.0116025  0.00283916           0  0.00602563
 0.00217338  -0.0155292 -0.00602563           0
Repeater1[0]<--->BSA[0]
REAL
    0.42362  0.00758013  -0.0106126    0.144697
 0.00758013    0.145058   0.0356744   0.0212226
 -0.0106126   0.0356744    0.195122 -0.00625387
   0.144697   0.0212226 -0.00625387      0.2362
IMAGINARY
          0  0.00777614   0.0134787    -0.01811
-0.00777614           0   0.0231861  0.00281203
 -0.0134787  -0.0231861           0  -0.0215606
    0.01811 -0.00281203   0.0215606           0
