EndNode1[0]<--->Repeater1[0]
REAL
   0.460543 -0.00727429  -0.0198124    0.305397
-0.00727429   0.0944373   0.0136259  -0.0217992
 -0.0198124   0.0136259    0.109961 -0.00395424
   0.305397  -0.0217992 -0.00395424    0.335058
IMAGINARY
          0  -0.0102636   0.0037844   0.0208876
  0.0102636           0  0.00837115  -0.0137595
 -0.0037844 -0.00837115           0  0.00652296
 -0.0208876   0.0137595 -0.00652296           0
EndNode2[0]<--->HoM1[0]
REAL
 0.439414 0.0189904 0.0214165  0.368369
0.0189904 0.0625832 0.0112258 0.0134378
0.0214165 0.0112258 0.0825566 0.0272707
 0.368369 0.0134378 0.0272707  0.415446
IMAGINARY
          0  -0.0151557   0.0120594  -0.0230696
  0.0151557           0   -0.001659   0.0185529
 -0.0120594    0.001659           0  0.00495158
  0.0230696  -0.0185529 -0.00495158           0
Repeater1[0]<--->EndNode1[0]
REAL
   0.460543  -0.0198124 -0.00727429    0.305397
 -0.0198124    0.109961   0.0136259 -0.00395424
-0.00727429   0.0136259   0.0944373  -0.0217992
   0.305397 -0.00395424  -0.0217992    0.335058
IMAGINARY
          0   0.0037844  -0.0102636   0.0208876
 -0.0037844           0 -0.00837115  0.00652296
  0.0102636  0.00837115           0  -0.0137595
 -0.0208876 -0.00652296   0.0137595           0
Repeater1[0]<--->HoM1[0]
REAL
 0.439414 0.0214165 0.0189904  0.368369
0.0214165 0.0825566 0.0112258 0.0272707
0.0189904 0.0112258 0.0625832 0.0134378
 0.368369 0.0272707 0.0134378  0.415446
IMAGINARY
          0   0.0120594  -0.0151557  -0.0230696
 -0.0120594           0    0.001659  0.00495158
  0.0151557   -0.001659           0   0.0185529
  0.0230696 -0.00495158  -0.0185529           0
EndNode1[0]<--->Repeater1[0]
REAL
   0.451303 -0.00885991  0.00144814    0.319124
-0.00885991    0.106996   0.0239897  0.00274348
 0.00144814   0.0239897   0.0891632 -0.00491254
   0.319124  0.00274348 -0.00491254    0.352538
IMAGINARY
           0  -0.00191982   0.00617365    0.0157187
  0.00191982            0    0.0054623  0.000868607
 -0.00617365   -0.0054623            0    0.0153641
  -0.0157187 -0.000868607   -0.0153641            0
EndNode2[0]<--->HoM1[0]
REAL
   0.441065  -0.0151588 -0.00514536    0.371143
 -0.0151588   0.0811153   0.0282115  -0.0187256
-0.00514536   0.0282115   0.0874525  -0.0190348
   0.371143  -0.0187256  -0.0190348    0.390368
IMAGINARY
          0  -0.0078735  -0.0186598  0.00969396
  0.0078735           0  -0.0163606  -0.0192983
  0.0186598   0.0163606           0    0.027507
-0.00969396   0.0192983   -0.027507           0
Repeater1[0]<--->EndNode1[0]
REAL
   0.451303  0.00144814 -0.00885991    0.319124
 0.00144814   0.0891632   0.0239897 -0.00491254
-0.00885991   0.0239897    0.106996  0.00274348
   0.319124 -0.00491254  0.00274348    0.352538
IMAGINARY
           0   0.00617365  -0.00191982    0.0157187
 -0.00617365            0   -0.0054623    0.0153641
  0.00191982    0.0054623            0  0.000868607
  -0.0157187   -0.0153641 -0.000868607            0
Repeater1[0]<--->HoM1[0]
REAL
   0.441065 -0.00514536  -0.0151588    0.371143
-0.00514536   0.0874525   0.0282115  -0.0190348
 -0.0151588   0.0282115   0.0811153  -0.0187256
   0.371143  -0.0190348  -0.0187256    0.390368
IMAGINARY
          0  -0.0186598  -0.0078735  0.00969396
  0.0186598           0   0.0163606    0.027507
  0.0078735  -0.0163606           0  -0.0192983
-0.00969396   -0.027507   0.0192983           0
EndNode1[0]<--->Repeater1[0]
REAL
    0.427318 -0.000346111    0.0126209     0.323418
-0.000346111     0.115288    0.0150742   0.00824045
   0.0126209    0.0150742    0.0977444   0.00774853
    0.323418   0.00824045   0.00774853     0.359649
IMAGINARY
          0   0.0128838   0.0196557 -0.00444511
 -0.0128838           0   0.0141225   0.0044642
 -0.0196557  -0.0141225           0 -0.00701674
 0.00444511  -0.0044642  0.00701674           0
EndNode2[0]<--->HoM1[0]
REAL
   0.431498  -0.0116724  -0.0120925    0.355719
 -0.0116724   0.0742638   0.0277888 -0.00884993
 -0.0120925   0.0277888   0.0768246  -0.0053433
   0.355719 -0.00884993  -0.0053433    0.417414
IMAGINARY
          0  0.00931017 -0.00227568 -0.00722166
-0.00931017           0   0.0268552  0.00227568
 0.00227568  -0.0268552           0     0.01064
 0.00722166 -0.00227568    -0.01064           0
Repeater1[0]<--->EndNode1[0]
REAL
    0.427318    0.0126209 -0.000346111     0.323418
   0.0126209    0.0977444    0.0150742   0.00774853
-0.000346111    0.0150742     0.115288   0.00824045
    0.323418   0.00774853   0.00824045     0.359649
IMAGINARY
          0   0.0196557   0.0128838 -0.00444511
 -0.0196557           0  -0.0141225 -0.00701674
 -0.0128838   0.0141225           0   0.0044642
 0.00444511  0.00701674  -0.0044642           0
Repeater1[0]<--->HoM1[0]
REAL
   0.431498  -0.0120925  -0.0116724    0.355719
 -0.0120925   0.0768246   0.0277888  -0.0053433
 -0.0116724   0.0277888   0.0742638 -0.00884993
   0.355719  -0.0053433 -0.00884993    0.417414
IMAGINARY
          0 -0.00227568  0.00931017 -0.00722166
 0.00227568           0  -0.0268552     0.01064
-0.00931017   0.0268552           0  0.00227568
 0.00722166    -0.01064 -0.00227568           0
EndNode1[0]<--->Repeater1[0]
REAL
   0.440204 -0.00383388   0.0197905    0.324641
-0.00383388   0.0979644  0.00166805 -0.00382625
  0.0197905  0.00166805   0.0941476 -0.00319038
   0.324641 -0.00382625 -0.00319038    0.367684
IMAGINARY
          0  0.00950873 -0.00908829  0.00189555
-0.00950873           0  -0.0006361 -0.00847928
 0.00908829   0.0006361           0   0.0121129
-0.00189555  0.00847928  -0.0121129           0
EndNode2[0]<--->HoM1[0]
REAL
   0.430573  -0.0148213  -0.0174887    0.350719
 -0.0148213   0.0815287  0.00881688 -0.00957314
 -0.0174887  0.00881688   0.0738854  -0.0135293
   0.350719 -0.00957314  -0.0135293    0.414013
IMAGINARY
           0  -0.00418609     0.012606   -0.0069544
  0.00418609            0  -0.00292214  -0.00489396
   -0.012606   0.00292214            0  0.000330044
   0.0069544   0.00489396 -0.000330044            0
Repeater1[0]<--->EndNode1[0]
REAL
   0.440204   0.0197905 -0.00383388    0.324641
  0.0197905   0.0941476  0.00166805 -0.00319038
-0.00383388  0.00166805   0.0979644 -0.00382625
   0.324641 -0.00319038 -0.00382625    0.367684
IMAGINARY
          0 -0.00908829  0.00950873  0.00189555
 0.00908829           0   0.0006361   0.0121129
-0.00950873  -0.0006361           0 -0.00847928
-0.00189555  -0.0121129  0.00847928           0
Repeater1[0]<--->HoM1[0]
REAL
   0.430573  -0.0174887  -0.0148213    0.350719
 -0.0174887   0.0738854  0.00881688  -0.0135293
 -0.0148213  0.00881688   0.0815287 -0.00957314
   0.350719  -0.0135293 -0.00957314    0.414013
IMAGINARY
           0     0.012606  -0.00418609   -0.0069544
   -0.012606            0   0.00292214  0.000330044
  0.00418609  -0.00292214            0  -0.00489396
   0.0069544 -0.000330044   0.00489396            0
EndNode1[0]<--->Repeater1[0]
REAL
   0.451351  -0.0165884  -0.0121239    0.338478
 -0.0165884    0.117568   0.0199403 -0.00700878
 -0.0121239   0.0199403   0.0864865  0.00383325
   0.338478 -0.00700878  0.00383325    0.344595
IMAGINARY
           0   0.00258723   0.00293097   -0.0113358
 -0.00258723            0    0.0119346 -0.000320005
 -0.00293097   -0.0119346            0  -0.00650368
   0.0113358  0.000320005   0.00650368            0
EndNode2[0]<--->HoM1[0]
REAL
   0.454545   -0.014625 -0.00603868    0.376981
  -0.014625   0.0669192    0.031988 1.45862e-05
-0.00603868    0.031988   0.0770202 -0.00210857
   0.376981 1.45862e-05 -0.00210857    0.401515
IMAGINARY
           0   -0.0128771   -0.0124748   0.00263966
   0.0128771            0  -0.00818837     0.037852
   0.0124748   0.00818837            0 -0.000154452
 -0.00263966    -0.037852  0.000154452            0
Repeater1[0]<--->EndNode1[0]
REAL
   0.451351  -0.0121239  -0.0165884    0.338478
 -0.0121239   0.0864865   0.0199403  0.00383325
 -0.0165884   0.0199403    0.117568 -0.00700878
   0.338478  0.00383325 -0.00700878    0.344595
IMAGINARY
           0   0.00293097   0.00258723   -0.0113358
 -0.00293097            0   -0.0119346  -0.00650368
 -0.00258723    0.0119346            0 -0.000320005
   0.0113358   0.00650368  0.000320005            0
Repeater1[0]<--->HoM1[0]
REAL
   0.454545 -0.00603868   -0.014625    0.376981
-0.00603868   0.0770202    0.031988 -0.00210857
  -0.014625    0.031988   0.0669192 1.45862e-05
   0.376981 -0.00210857 1.45862e-05    0.401515
IMAGINARY
           0   -0.0124748   -0.0128771   0.00263966
   0.0124748            0   0.00818837 -0.000154452
   0.0128771  -0.00818837            0     0.037852
 -0.00263966  0.000154452    -0.037852            0
EndNode1[0]<--->Repeater1[0]
REAL
   0.441558 0.000311279  0.00383756    0.313142
0.000311279   0.0987013   0.0281679  -0.0113942
 0.00383756   0.0281679    0.103896  0.00220761
   0.313142  -0.0113942  0.00220761    0.355844
IMAGINARY
          0  0.00856418 -0.00956279 -0.00686213
-0.00856418           0  -0.0185186  0.00438144
 0.00956279   0.0185186           0  -0.0137455
 0.00686213 -0.00438144   0.0137455           0
EndNode2[0]<--->HoM1[0]
REAL
    0.44401 -0.00324381  0.00359381    0.362347
-0.00324381   0.0651042   0.0409181  -0.0041984
 0.00359381   0.0409181      0.0625  0.00505759
   0.362347  -0.0041984  0.00505759    0.428385
IMAGINARY
          0   0.0150447 -0.00763126  0.00451812
 -0.0150447           0  -0.0100943  0.00625763
 0.00763126   0.0100943           0  0.00555965
-0.00451812 -0.00625763 -0.00555965           0
Repeater1[0]<--->EndNode1[0]
REAL
   0.441558  0.00383756 0.000311279    0.313142
 0.00383756    0.103896   0.0281679  0.00220761
0.000311279   0.0281679   0.0987013  -0.0113942
   0.313142  0.00220761  -0.0113942    0.355844
IMAGINARY
          0 -0.00956279  0.00856418 -0.00686213
 0.00956279           0   0.0185186  -0.0137455
-0.00856418  -0.0185186           0  0.00438144
 0.00686213   0.0137455 -0.00438144           0
Repeater1[0]<--->HoM1[0]
REAL
    0.44401  0.00359381 -0.00324381    0.362347
 0.00359381      0.0625   0.0409181  0.00505759
-0.00324381   0.0409181   0.0651042  -0.0041984
   0.362347  0.00505759  -0.0041984    0.428385
IMAGINARY
          0 -0.00763126   0.0150447  0.00451812
 0.00763126           0   0.0100943  0.00555965
 -0.0150447  -0.0100943           0  0.00625763
-0.00451812 -0.00555965 -0.00625763           0
EndNode1[0]<--->Repeater1[0]
REAL
    0.45122  -0.0104467  0.00349126    0.316188
 -0.0104467    0.107317   0.0164418 -0.00700743
 0.00349126   0.0164418   0.0890244  0.00271116
   0.316188 -0.00700743  0.00271116    0.352439
IMAGINARY
           0  -0.00366119   -0.0121493   0.00691874
  0.00366119            0   -0.0197393  0.000108753
   0.0121493    0.0197393            0    0.0334457
 -0.00691874 -0.000108753   -0.0334457            0
EndNode2[0]<--->HoM1[0]
REAL
     0.4573  -0.0152812 -0.00637092    0.353118
 -0.0152812   0.0743802   0.0471479  -0.0202248
-0.00637092   0.0471479   0.0716253 -0.00732522
   0.353118  -0.0202248 -0.00732522    0.396694
IMAGINARY
           0   0.00476099   -0.0268395   -0.0228296
 -0.00476099            0   -0.0116307 -0.000523697
   0.0268395    0.0116307            0    0.0151395
   0.0228296  0.000523697   -0.0151395            0
Repeater1[0]<--->EndNode1[0]
REAL
    0.45122  0.00349126  -0.0104467    0.316188
 0.00349126   0.0890244   0.0164418  0.00271116
 -0.0104467   0.0164418    0.107317 -0.00700743
   0.316188  0.00271116 -0.00700743    0.352439
IMAGINARY
           0   -0.0121493  -0.00366119   0.00691874
   0.0121493            0    0.0197393    0.0334457
  0.00366119   -0.0197393            0  0.000108753
 -0.00691874   -0.0334457 -0.000108753            0
Repeater1[0]<--->HoM1[0]
REAL
     0.4573 -0.00637092  -0.0152812    0.353118
-0.00637092   0.0716253   0.0471479 -0.00732522
 -0.0152812   0.0471479   0.0743802  -0.0202248
   0.353118 -0.00732522  -0.0202248    0.396694
IMAGINARY
           0   -0.0268395   0.00476099   -0.0228296
   0.0268395            0    0.0116307    0.0151395
 -0.00476099   -0.0116307            0 -0.000523697
   0.0228296   -0.0151395  0.000523697            0
EndNode1[0]<--->Repeater1[0]
REAL
   0.445344 -0.00858307   0.0113899    0.315783
-0.00858307   0.0985155   0.0349433  -0.0239394
  0.0113899   0.0349433    0.102564 -0.00792948
   0.315783  -0.0239394 -0.00792948    0.353576
IMAGINARY
          0 -0.00977995   0.0115819 -0.00712837
 0.00977995           0  -0.0117764  0.00285376
 -0.0115819   0.0117764           0  0.00977995
 0.00712837 -0.00285376 -0.00977995           0
EndNode2[0]<--->HoM1[0]
REAL
  0.458913 0.00467487 0.00389305   0.365743
0.00467487  0.0758534  0.0262522  0.0145313
0.00389305  0.0262522  0.0657396  0.0175615
  0.365743  0.0145313  0.0175615   0.399494
IMAGINARY
           0  0.000969854  -0.00631735  -0.00279514
-0.000969854            0   -0.0288996   0.00185875
  0.00631735    0.0288996            0   0.00348875
  0.00279514  -0.00185875  -0.00348875            0
Repeater1[0]<--->EndNode1[0]
REAL
   0.445344   0.0113899 -0.00858307    0.315783
  0.0113899    0.102564   0.0349433 -0.00792948
-0.00858307   0.0349433   0.0985155  -0.0239394
   0.315783 -0.00792948  -0.0239394    0.353576
IMAGINARY
          0   0.0115819 -0.00977995 -0.00712837
 -0.0115819           0   0.0117764  0.00977995
 0.00977995  -0.0117764           0  0.00285376
 0.00712837 -0.00977995 -0.00285376           0
Repeater1[0]<--->HoM1[0]
REAL
  0.458913 0.00389305 0.00467487   0.365743
0.00389305  0.0657396  0.0262522  0.0175615
0.00467487  0.0262522  0.0758534  0.0145313
  0.365743  0.0175615  0.0145313   0.399494
IMAGINARY
           0  -0.00631735  0.000969854  -0.00279514
  0.00631735            0    0.0288996   0.00348875
-0.000969854   -0.0288996            0   0.00185875
  0.00279514  -0.00348875  -0.00185875            0
EndNode1[0]<--->Repeater1[0]
REAL
  0.437103  0.0119236  0.0276794   0.333625
 0.0119236  0.0952986  0.0201917  0.0104836
 0.0276794  0.0201917   0.113088 0.00683451
  0.333625  0.0104836 0.00683451   0.354511
IMAGINARY
          0 -0.00799528  -0.0160967  0.00761793
 0.00799528           0   0.0171478   0.0285346
  0.0160967  -0.0171478           0   0.0129704
-0.00761793  -0.0285346  -0.0129704           0
EndNode2[0]<--->HoM1[0]
REAL
   0.472569 -0.00106656   0.0115662    0.377233
-0.00106656   0.0573566   0.0229021 -0.00954194
  0.0115662   0.0229021   0.0735661 -0.00230726
   0.377233 -0.00954194 -0.00230726    0.396509
IMAGINARY
          0   0.0154397 -0.00358852   0.0103458
 -0.0154397           0   0.0220377  0.00358852
 0.00358852  -0.0220377           0  0.00162064
 -0.0103458 -0.00358852 -0.00162064           0
Repeater1[0]<--->EndNode1[0]
REAL
  0.437103  0.0276794  0.0119236   0.333625
 0.0276794   0.113088  0.0201917 0.00683451
 0.0119236  0.0201917  0.0952986  0.0104836
  0.333625 0.00683451  0.0104836   0.354511
IMAGINARY
          0  -0.0160967 -0.00799528  0.00761793
  0.0160967           0  -0.0171478   0.0129704
 0.00799528   0.0171478           0   0.0285346
-0.00761793  -0.0129704  -0.0285346           0
Repeater1[0]<--->HoM1[0]
REAL
   0.472569   0.0115662 -0.00106656    0.377233
  0.0115662   0.0735661   0.0229021 -0.00230726
-0.00106656   0.0229021   0.0573566 -0.00954194
   0.377233 -0.00230726 -0.00954194    0.396509
IMAGINARY
          0 -0.00358852   0.0154397   0.0103458
 0.00358852           0  -0.0220377  0.00162064
 -0.0154397   0.0220377           0  0.00358852
 -0.0103458 -0.00162064 -0.00358852           0
EndNode1[0]<--->Repeater1[0]
REAL
   0.437579  0.00449475  -0.0151165    0.325405
 0.00449475   0.0920555   0.0145946  0.00801974
 -0.0151165   0.0145946   0.0895334 -0.00126894
   0.325405  0.00801974 -0.00126894    0.380832
IMAGINARY
           0   0.00652986  -0.00621846 -0.000848728
 -0.00652986            0    0.0106017    0.0135895
  0.00621846   -0.0106017            0    0.0131262
 0.000848728   -0.0135895   -0.0131262            0
EndNode2[0]<--->HoM1[0]
REAL
   0.441406  0.00574871 0.000974323    0.362117
 0.00574871   0.0677083   0.0157753   0.0170205
0.000974323   0.0157753    0.078125  0.00324871
   0.362117   0.0170205  0.00324871     0.41276
IMAGINARY
          0  0.00439692  0.00795099 -0.00415367
-0.00439692           0   0.0273325  -0.0164876
-0.00795099  -0.0273325           0 -0.00561643
 0.00415367   0.0164876  0.00561643           0
Repeater1[0]<--->EndNode1[0]
REAL
   0.437579  -0.0151165  0.00449475    0.325405
 -0.0151165   0.0895334   0.0145946 -0.00126894
 0.00449475   0.0145946   0.0920555  0.00801974
   0.325405 -0.00126894  0.00801974    0.380832
IMAGINARY
           0  -0.00621846   0.00652986 -0.000848728
  0.00621846            0   -0.0106017    0.0131262
 -0.00652986    0.0106017            0    0.0135895
 0.000848728   -0.0131262   -0.0135895            0
Repeater1[0]<--->HoM1[0]
REAL
   0.441406 0.000974323  0.00574871    0.362117
0.000974323    0.078125   0.0157753  0.00324871
 0.00574871   0.0157753   0.0677083   0.0170205
   0.362117  0.00324871   0.0170205     0.41276
IMAGINARY
          0  0.00795099  0.00439692 -0.00415367
-0.00795099           0  -0.0273325 -0.00561643
-0.00439692   0.0273325           0  -0.0164876
 0.00415367  0.00561643   0.0164876           0
EndNode1[0]<--->Repeater1[0]
REAL
   0.450063 -0.00606417   0.0052381    0.329906
-0.00606417   0.0897598   0.0193001   0.0185714
  0.0052381   0.0193001    0.091024   0.0113552
   0.329906   0.0185714   0.0113552    0.369153
IMAGINARY
          0 -0.00481648  0.00703797 -0.00803077
 0.00481648           0   0.0129569 -0.00325009
-0.00703797  -0.0129569           0   0.0136549
 0.00803077  0.00325009  -0.0136549           0
EndNode2[0]<--->HoM1[0]
REAL
    0.469105    0.0209528    0.0119799     0.349182
   0.0209528    0.0643127    0.0154291   0.00410589
   0.0119799    0.0154291    0.0643127 -0.000845563
    0.349182   0.00410589 -0.000845563      0.40227
IMAGINARY
          0  -0.0106309  0.00310139    0.007503
  0.0106309           0   -0.007503 -0.00939861
-0.00310139    0.007503           0   0.0169281
  -0.007503  0.00939861  -0.0169281           0
Repeater1[0]<--->EndNode1[0]
REAL
   0.450063   0.0052381 -0.00606417    0.329906
  0.0052381    0.091024   0.0193001   0.0113552
-0.00606417   0.0193001   0.0897598   0.0185714
   0.329906   0.0113552   0.0185714    0.369153
IMAGINARY
          0  0.00703797 -0.00481648 -0.00803077
-0.00703797           0  -0.0129569   0.0136549
 0.00481648   0.0129569           0 -0.00325009
 0.00803077  -0.0136549  0.00325009           0
Repeater1[0]<--->HoM1[0]
REAL
    0.469105    0.0119799    0.0209528     0.349182
   0.0119799    0.0643127    0.0154291 -0.000845563
   0.0209528    0.0154291    0.0643127   0.00410589
    0.349182 -0.000845563   0.00410589      0.40227
IMAGINARY
          0  0.00310139  -0.0106309    0.007503
-0.00310139           0    0.007503   0.0169281
  0.0106309   -0.007503           0 -0.00939861
  -0.007503  -0.0169281  0.00939861           0
EndNode1[0]<--->Repeater1[0]
REAL
   0.46368 -0.0106986 0.00343999    0.31216
-0.0106986   0.105327   0.017288  0.0143514
0.00343999   0.017288  0.0823245  0.0149931
   0.31216  0.0143514  0.0149931   0.348668
IMAGINARY
           0   0.00910361   -0.0216022  -0.00777248
 -0.00910361            0 -0.000836792   -0.0222575
   0.0216022  0.000836792            0    0.0266589
  0.00777248    0.0222575   -0.0266589            0
EndNode2[0]<--->HoM1[0]
REAL
  0.427007  0.0194827  0.0140368   0.372123
 0.0194827  0.0790754  0.0196228 -0.0228325
 0.0140368  0.0196228  0.0681265 -0.0201593
  0.372123 -0.0228325 -0.0201593   0.425791
IMAGINARY
           0    0.0194307   -0.0146059  -0.00626998
  -0.0194307            0    0.0222274 -0.000394057
   0.0146059   -0.0222274            0    0.0130693
  0.00626998  0.000394057   -0.0130693            0
Repeater1[0]<--->EndNode1[0]
REAL
   0.46368 0.00343999 -0.0106986    0.31216
0.00343999  0.0823245   0.017288  0.0149931
-0.0106986   0.017288   0.105327  0.0143514
   0.31216  0.0149931  0.0143514   0.348668
IMAGINARY
           0   -0.0216022   0.00910361  -0.00777248
   0.0216022            0  0.000836792    0.0266589
 -0.00910361 -0.000836792            0   -0.0222575
  0.00777248   -0.0266589    0.0222575            0
Repeater1[0]<--->HoM1[0]
REAL
  0.427007  0.0140368  0.0194827   0.372123
 0.0140368  0.0681265  0.0196228 -0.0201593
 0.0194827  0.0196228  0.0790754 -0.0228325
  0.372123 -0.0201593 -0.0228325   0.425791
IMAGINARY
           0   -0.0146059    0.0194307  -0.00626998
   0.0146059            0   -0.0222274    0.0130693
  -0.0194307    0.0222274            0 -0.000394057
  0.00626998   -0.0130693  0.000394057            0
EndNode1[0]<--->Repeater1[0]
REAL
   0.462131 -0.00601566  0.00135501    0.323357
-0.00601566   0.0898588   0.0262365  0.00135501
 0.00135501   0.0262365    0.101412   0.0263409
   0.323357  0.00135501   0.0263409    0.346598
IMAGINARY
           0  -0.00522538   0.00107997   0.00218881
  0.00522538            0 -0.000330078  -0.00893338
 -0.00107997  0.000330078            0  -0.00131913
 -0.00218881   0.00893338   0.00131913            0
EndNode2[0]<--->HoM1[0]
REAL
   0.439336 -0.00932615  0.00104839    0.368363
-0.00932615   0.0791826   0.0191366  -0.0110484
 0.00104839   0.0191366   0.0881226  -0.0106739
   0.368363  -0.0110484  -0.0106739    0.393359
IMAGINARY
           0  -0.00452853  -0.00157833  -0.00791444
  0.00452853            0    -0.024667  0.000289668
  0.00157833     0.024667            0   -0.0186673
  0.00791444 -0.000289668    0.0186673            0
Repeater1[0]<--->EndNode1[0]
REAL
   0.462131  0.00135501 -0.00601566    0.323357
 0.00135501    0.101412   0.0262365   0.0263409
-0.00601566   0.0262365   0.0898588  0.00135501
   0.323357   0.0263409  0.00135501    0.346598
IMAGINARY
           0   0.00107997  -0.00522538   0.00218881
 -0.00107997            0  0.000330078  -0.00131913
  0.00522538 -0.000330078            0  -0.00893338
 -0.00218881   0.00131913   0.00893338            0
Repeater1[0]<--->HoM1[0]
REAL
   0.439336  0.00104839 -0.00932615    0.368363
 0.00104839   0.0881226   0.0191366  -0.0106739
-0.00932615   0.0191366   0.0791826  -0.0110484
   0.368363  -0.0106739  -0.0110484    0.393359
IMAGINARY
           0  -0.00157833  -0.00452853  -0.00791444
  0.00157833            0     0.024667   -0.0186673
  0.00452853    -0.024667            0  0.000289668
  0.00791444    0.0186673 -0.000289668            0
EndNode1[0]<--->Repeater1[0]
REAL
   0.466225  0.00163706 -0.00894849    0.305807
 0.00163706    0.101987   0.0206715 -0.00133428
-0.00894849   0.0206715   0.0781457  -0.0157759
   0.305807 -0.00133428  -0.0157759    0.353642
IMAGINARY
          0  0.00162091   0.0212349   0.0121401
-0.00162091           0 -0.00348494  0.00173806
 -0.0212349  0.00348494           0 -0.00432361
 -0.0121401 -0.00173806  0.00432361           0
EndNode2[0]<--->HoM1[0]
REAL
   0.464993   -0.014955   0.0083798    0.363692
  -0.014955   0.0752972   0.0281656 -0.00583528
  0.0083798   0.0281656   0.0819022 0.000960104
   0.363692 -0.00583528 0.000960104    0.377807
IMAGINARY
          0  -0.0127772  0.00597515  0.00417122
  0.0127772           0  -0.0139496  -0.0151857
-0.00597515   0.0139496           0   0.0180404
-0.00417122   0.0151857  -0.0180404           0
Repeater1[0]<--->EndNode1[0]
REAL
   0.466225 -0.00894849  0.00163706    0.305807
-0.00894849   0.0781457   0.0206715  -0.0157759
 0.00163706   0.0206715    0.101987 -0.00133428
   0.305807  -0.0157759 -0.00133428    0.353642
IMAGINARY
          0   0.0212349  0.00162091   0.0121401
 -0.0212349           0  0.00348494 -0.00432361
-0.00162091 -0.00348494           0  0.00173806
 -0.0121401  0.00432361 -0.00173806           0
Repeater1[0]<--->HoM1[0]
REAL
   0.464993   0.0083798   -0.014955    0.363692
  0.0083798   0.0819022   0.0281656 0.000960104
  -0.014955   0.0281656   0.0752972 -0.00583528
   0.363692 0.000960104 -0.00583528    0.377807
IMAGINARY
          0  0.00597515  -0.0127772  0.00417122
-0.00597515           0   0.0139496   0.0180404
  0.0127772  -0.0139496           0  -0.0151857
-0.00417122  -0.0180404   0.0151857           0
EndNode1[0]<--->Repeater1[0]
REAL
     0.46912 -0.000132954     0.012103      0.32599
-0.000132954    0.0946124    0.0304459   -0.0158158
    0.012103    0.0304459     0.102497   0.00384583
     0.32599   -0.0158158   0.00384583     0.333771
IMAGINARY
           0   -0.0161629   -0.0206235  0.000939082
   0.0161629            0  -0.00606729    0.0265213
   0.0206235   0.00606729            0   0.00240144
-0.000939082   -0.0265213  -0.00240144            0
EndNode2[0]<--->HoM1[0]
REAL
  0.464191 0.00856213  0.0245831   0.360937
0.00856213  0.0875332  0.0103626 0.00437446
 0.0245831  0.0103626  0.0676393  0.0178214
  0.360937 0.00437446  0.0178214   0.380637
IMAGINARY
           0   0.00796262  -0.00513822  -0.00245951
 -0.00796262            0   -0.0099783  0.000668232
  0.00513822    0.0099783            0   -0.0022155
  0.00245951 -0.000668232    0.0022155            0
Repeater1[0]<--->EndNode1[0]
REAL
     0.46912     0.012103 -0.000132954      0.32599
    0.012103     0.102497    0.0304459   0.00384583
-0.000132954    0.0304459    0.0946124   -0.0158158
     0.32599   0.00384583   -0.0158158     0.333771
IMAGINARY
           0   -0.0206235   -0.0161629  0.000939082
   0.0206235            0   0.00606729   0.00240144
   0.0161629  -0.00606729            0    0.0265213
-0.000939082  -0.00240144   -0.0265213            0
Repeater1[0]<--->HoM1[0]
REAL
  0.464191  0.0245831 0.00856213   0.360937
 0.0245831  0.0676393  0.0103626  0.0178214
0.00856213  0.0103626  0.0875332 0.00437446
  0.360937  0.0178214 0.00437446   0.380637
IMAGINARY
           0  -0.00513822   0.00796262  -0.00245951
  0.00513822            0    0.0099783   -0.0022155
 -0.00796262   -0.0099783            0  0.000668232
  0.00245951    0.0022155 -0.000668232            0
EndNode1[0]<--->Repeater1[0]
REAL
   0.462206  -0.0129057 -0.00698297    0.307325
 -0.0129057   0.0929368  0.00627745  -0.0245032
-0.00698297  0.00627745     0.10285  -0.0135427
   0.307325  -0.0245032  -0.0135427    0.342007
IMAGINARY
          0  0.00279227  -0.0198567 -0.00848054
-0.00279227           0 -0.00390538  -0.0076302
  0.0198567  0.00390538           0   0.0246946
 0.00848054   0.0076302  -0.0246946           0
EndNode2[0]<--->HoM1[0]
REAL
   0.448276   0.0170886 -0.00893198    0.381758
  0.0170886   0.0738916  0.00305196  0.00513451
-0.00893198  0.00305196   0.0738916 -0.00696203
   0.381758  0.00513451 -0.00696203    0.403941
IMAGINARY
           0  0.000912678   0.00464097    0.0178036
-0.000912678            0   -0.0133222    0.0128792
 -0.00464097    0.0133222            0  -0.00765122
  -0.0178036   -0.0128792   0.00765122            0
Repeater1[0]<--->EndNode1[0]
REAL
   0.462206 -0.00698297  -0.0129057    0.307325
-0.00698297     0.10285  0.00627745  -0.0135427
 -0.0129057  0.00627745   0.0929368  -0.0245032
   0.307325  -0.0135427  -0.0245032    0.342007
IMAGINARY
          0  -0.0198567  0.00279227 -0.00848054
  0.0198567           0  0.00390538   0.0246946
-0.00279227 -0.00390538           0  -0.0076302
 0.00848054  -0.0246946   0.0076302           0
Repeater1[0]<--->HoM1[0]
REAL
   0.448276 -0.00893198   0.0170886    0.381758
-0.00893198   0.0738916  0.00305196 -0.00696203
  0.0170886  0.00305196   0.0738916  0.00513451
   0.381758 -0.00696203  0.00513451    0.403941
IMAGINARY
           0   0.00464097  0.000912678    0.0178036
 -0.00464097            0    0.0133222  -0.00765122
-0.000912678   -0.0133222            0    0.0128792
  -0.0178036   0.00765122   -0.0128792            0
EndNode1[0]<--->Repeater1[0]
REAL
   0.484117  -0.0150811  -0.0146113    0.335625
 -0.0150811    0.100381   0.0190873 -0.00502223
 -0.0146113   0.0190873   0.0851334  0.00199208
   0.335625 -0.00502223  0.00199208    0.330368
IMAGINARY
          0  -0.0142787   0.0196104 -0.00571369
  0.0142787           0   0.0177238   0.0165653
 -0.0196104  -0.0177238           0  0.00652672
 0.00571369  -0.0165653 -0.00652672           0
EndNode2[0]<--->HoM1[0]
REAL
   0.45375 -0.0173878 0.00464685    0.36838
-0.0173878    0.06625  0.0139734  0.0156146
0.00464685  0.0139734    0.07375  0.0298061
   0.36838  0.0156146  0.0298061    0.40625
IMAGINARY
         0 -0.0126183 -0.0013452 -0.0144332
 0.0126183          0 -0.0112239 -0.0184505
 0.0013452  0.0112239          0   0.014534
 0.0144332  0.0184505  -0.014534          0
Repeater1[0]<--->EndNode1[0]
REAL
   0.484117  -0.0146113  -0.0150811    0.335625
 -0.0146113   0.0851334   0.0190873  0.00199208
 -0.0150811   0.0190873    0.100381 -0.00502223
   0.335625  0.00199208 -0.00502223    0.330368
IMAGINARY
          0   0.0196104  -0.0142787 -0.00571369
 -0.0196104           0  -0.0177238  0.00652672
  0.0142787   0.0177238           0   0.0165653
 0.00571369 -0.00652672  -0.0165653           0
Repeater1[0]<--->HoM1[0]
REAL
   0.45375 0.00464685 -0.0173878    0.36838
0.00464685    0.07375  0.0139734  0.0298061
-0.0173878  0.0139734    0.06625  0.0156146
   0.36838  0.0298061  0.0156146    0.40625
IMAGINARY
         0 -0.0013452 -0.0126183 -0.0144332
 0.0013452          0  0.0112239   0.014534
 0.0126183 -0.0112239          0 -0.0184505
 0.0144332  -0.014534  0.0184505          0
EndNode1[0]<--->Repeater1[0]
REAL
   0.427273  0.00501779  -0.0129534    0.317541
 0.00501779    0.103896   0.0140651  -0.0129534
 -0.0129534   0.0140651    0.074026 -0.00760847
   0.317541  -0.0129534 -0.00760847    0.394805
IMAGINARY
          0  0.00441592  -0.0178922   0.0142242
-0.00441592           0  -0.0109647  -0.0262255
  0.0178922   0.0109647           0  0.00627927
 -0.0142242   0.0262255 -0.00627927           0
EndNode2[0]<--->HoM1[0]
REAL
   0.459827 0.000595989 -0.00452567    0.337554
0.000595989   0.0741656   0.0247458  0.00185188
-0.00452567   0.0247458   0.0642769   0.0114361
   0.337554  0.00185188   0.0114361    0.401731
IMAGINARY
           0  -0.00490493   -0.0169796  -0.00556958
  0.00490493            0 -0.000569577    0.0145165
   0.0169796  0.000569577            0    0.0122941
  0.00556958   -0.0145165   -0.0122941            0
Repeater1[0]<--->EndNode1[0]
REAL
   0.427273  -0.0129534  0.00501779    0.317541
 -0.0129534    0.074026   0.0140651 -0.00760847
 0.00501779   0.0140651    0.103896  -0.0129534
   0.317541 -0.00760847  -0.0129534    0.394805
IMAGINARY
          0  -0.0178922  0.00441592   0.0142242
  0.0178922           0   0.0109647  0.00627927
-0.00441592  -0.0109647           0  -0.0262255
 -0.0142242 -0.00627927   0.0262255           0
Repeater1[0]<--->HoM1[0]
REAL
   0.459827 -0.00452567 0.000595989    0.337554
-0.00452567   0.0642769   0.0247458   0.0114361
0.000595989   0.0247458   0.0741656  0.00185188
   0.337554   0.0114361  0.00185188    0.401731
IMAGINARY
           0   -0.0169796  -0.00490493  -0.00556958
   0.0169796            0  0.000569577    0.0122941
  0.00490493 -0.000569577            0    0.0145165
  0.00556958   -0.0122941   -0.0145165            0
EndNode1[0]<--->Repeater1[0]
REAL
   0.442728 -0.00326295   0.0183187    0.315574
-0.00326295     0.10296  0.00788146 -0.00381676
  0.0183187  0.00788146   0.0965251  0.00767657
   0.315574 -0.00381676  0.00767657    0.357786
IMAGINARY
           0   -0.0301553    0.0121107  -0.00612572
   0.0301553            0   -0.0392094 -0.000174336
  -0.0121107    0.0392094            0  -0.00432747
  0.00612572  0.000174336   0.00432747            0
EndNode2[0]<--->HoM1[0]
REAL
  0.442623 -0.0119112 0.00701194   0.358899
-0.0119112  0.0907945 0.00467896 -0.0102294
0.00701194 0.00467896  0.0857503  0.0112677
  0.358899 -0.0102294  0.0112677   0.380832
IMAGINARY
          0   0.0108857  -0.0178093 -0.00479294
 -0.0108857           0  -0.0110902  -0.0269477
  0.0178093   0.0110902           0    0.013411
 0.00479294   0.0269477   -0.013411           0
Repeater1[0]<--->EndNode1[0]
REAL
   0.442728   0.0183187 -0.00326295    0.315574
  0.0183187   0.0965251  0.00788146  0.00767657
-0.00326295  0.00788146     0.10296 -0.00381676
   0.315574  0.00767657 -0.00381676    0.357786
IMAGINARY
           0    0.0121107   -0.0301553  -0.00612572
  -0.0121107            0    0.0392094  -0.00432747
   0.0301553   -0.0392094            0 -0.000174336
  0.00612572   0.00432747  0.000174336            0
Repeater1[0]<--->HoM1[0]
REAL
  0.442623 0.00701194 -0.0119112   0.358899
0.00701194  0.0857503 0.00467896  0.0112677
-0.0119112 0.00467896  0.0907945 -0.0102294
  0.358899  0.0112677 -0.0102294   0.380832
IMAGINARY
          0  -0.0178093   0.0108857 -0.00479294
  0.0178093           0   0.0110902    0.013411
 -0.0108857  -0.0110902           0  -0.0269477
 0.00479294   -0.013411   0.0269477           0
EndNode1[0]<--->Repeater1[0]
REAL
   0.419974   0.0167844  0.00844944    0.327817
  0.0167844    0.108835     0.02989 -0.00120307
 0.00844944     0.02989   0.0985915  -0.0121731
   0.327817 -0.00120307  -0.0121731    0.372599
IMAGINARY
           0  -0.00297151      -0.0277 -0.000711642
  0.00297151            0   0.00132364  -0.00986479
      0.0277  -0.00132364            0    0.0146295
 0.000711642   0.00986479   -0.0146295            0
EndNode2[0]<--->HoM1[0]
REAL
  0.469773   0.020079  0.0078196   0.341596
  0.020079  0.0642317 0.00722499 0.00535655
 0.0078196 0.00722499  0.0894207  0.0111276
  0.341596 0.00535655  0.0111276   0.376574
IMAGINARY
           0   -0.0117556   0.00770911   0.00917275
   0.0117556            0   0.00784296  0.000385538
 -0.00770911  -0.00784296            0   -0.0050564
 -0.00917275 -0.000385538    0.0050564            0
Repeater1[0]<--->EndNode1[0]
REAL
   0.419974  0.00844944   0.0167844    0.327817
 0.00844944   0.0985915     0.02989  -0.0121731
  0.0167844     0.02989    0.108835 -0.00120307
   0.327817  -0.0121731 -0.00120307    0.372599
IMAGINARY
           0      -0.0277  -0.00297151 -0.000711642
      0.0277            0  -0.00132364    0.0146295
  0.00297151   0.00132364            0  -0.00986479
 0.000711642   -0.0146295   0.00986479            0
Repeater1[0]<--->HoM1[0]
REAL
  0.469773  0.0078196   0.020079   0.341596
 0.0078196  0.0894207 0.00722499  0.0111276
  0.020079 0.00722499  0.0642317 0.00535655
  0.341596  0.0111276 0.00535655   0.376574
IMAGINARY
           0   0.00770911   -0.0117556   0.00917275
 -0.00770911            0  -0.00784296   -0.0050564
   0.0117556   0.00784296            0  0.000385538
 -0.00917275    0.0050564 -0.000385538            0
EndNode1[0]<--->Repeater1[0]
REAL
    0.461337  0.000332753   0.00159343     0.332286
 0.000332753    0.0996068    0.0241177   0.00681536
  0.00159343    0.0241177      0.08519 -0.000979583
    0.332286   0.00681536 -0.000979583     0.353866
IMAGINARY
           0  -0.00585342  0.000995816  -0.00722616
  0.00585342            0    0.0121644   -0.0146097
-0.000995816   -0.0121644            0  -0.00899807
  0.00722616    0.0146097   0.00899807            0
EndNode2[0]<--->HoM1[0]
REAL
   0.451268  -0.0154541  -0.0118618     0.35888
 -0.0154541    0.070761   0.0202974 -0.00998912
 -0.0118618   0.0202974   0.0787717 -0.00382615
    0.35888 -0.00998912 -0.00382615    0.399199
IMAGINARY
           0   0.00339281   -0.0181163     0.015719
 -0.00339281            0 -0.000793588   0.00630529
   0.0181163  0.000793588            0  -0.00601748
   -0.015719  -0.00630529   0.00601748            0
Repeater1[0]<--->EndNode1[0]
REAL
    0.461337   0.00159343  0.000332753     0.332286
  0.00159343      0.08519    0.0241177 -0.000979583
 0.000332753    0.0241177    0.0996068   0.00681536
    0.332286 -0.000979583   0.00681536     0.353866
IMAGINARY
           0  0.000995816  -0.00585342  -0.00722616
-0.000995816            0   -0.0121644  -0.00899807
  0.00585342    0.0121644            0   -0.0146097
  0.00722616   0.00899807    0.0146097            0
Repeater1[0]<--->HoM1[0]
REAL
   0.451268  -0.0118618  -0.0154541     0.35888
 -0.0118618   0.0787717   0.0202974 -0.00382615
 -0.0154541   0.0202974    0.070761 -0.00998912
    0.35888 -0.00382615 -0.00998912    0.399199
IMAGINARY
           0   -0.0181163   0.00339281     0.015719
   0.0181163            0  0.000793588  -0.00601748
 -0.00339281 -0.000793588            0   0.00630529
   -0.015719   0.00601748  -0.00630529            0
EndNode1[0]<--->Repeater1[0]
REAL
   0.447853 -0.00950739   0.0133958    0.323392
-0.00950739     0.10184   0.0109713    -0.01525
  0.0133958   0.0109713   0.0895706  -0.0145964
   0.323392    -0.01525  -0.0145964    0.360736
IMAGINARY
          0 -0.00543087  0.00569727 -0.00513162
 0.00543087           0   -0.016881 -0.00886584
-0.00569727    0.016881           0  -0.0167491
 0.00513162  0.00886584   0.0167491           0
EndNode2[0]<--->HoM1[0]
REAL
   0.472991  0.00675515  -0.0124163    0.382293
 0.00675515    0.083004   0.0242369  0.00921531
 -0.0124163   0.0242369   0.0711462 -0.00355413
   0.382293  0.00921531 -0.00355413    0.372859
IMAGINARY
          0   0.0215497   -0.014426   0.0039517
 -0.0215497           0  -0.0046122  0.00547455
   0.014426   0.0046122           0 -0.00108936
 -0.0039517 -0.00547455  0.00108936           0
Repeater1[0]<--->EndNode1[0]
REAL
   0.447853   0.0133958 -0.00950739    0.323392
  0.0133958   0.0895706   0.0109713  -0.0145964
-0.00950739   0.0109713     0.10184    -0.01525
   0.323392  -0.0145964    -0.01525    0.360736
IMAGINARY
          0  0.00569727 -0.00543087 -0.00513162
-0.00569727           0    0.016881  -0.0167491
 0.00543087   -0.016881           0 -0.00886584
 0.00513162   0.0167491  0.00886584           0
Repeater1[0]<--->HoM1[0]
REAL
   0.472991  -0.0124163  0.00675515    0.382293
 -0.0124163   0.0711462   0.0242369 -0.00355413
 0.00675515   0.0242369    0.083004  0.00921531
   0.382293 -0.00355413  0.00921531    0.372859
IMAGINARY
          0   -0.014426   0.0215497   0.0039517
   0.014426           0   0.0046122 -0.00108936
 -0.0215497  -0.0046122           0  0.00547455
 -0.0039517  0.00108936 -0.00547455           0
EndNode1[0]<--->Repeater1[0]
REAL
   0.473105  -0.0392872 -0.00479713    0.325331
 -0.0392872   0.0745721  0.00950755  -0.0229448
-0.00479713  0.00950755    0.096577  0.00896458
   0.325331  -0.0229448  0.00896458    0.355746
IMAGINARY
           0  -0.00761046  -0.00615409  -0.00228676
  0.00761046            0 -0.000939049   -0.0165437
  0.00615409  0.000939049            0      0.01215
  0.00228676    0.0165437     -0.01215            0
EndNode2[0]<--->HoM1[0]
REAL
   0.459424 -0.00836185 -0.00609264    0.360234
-0.00836185   0.0693717     0.01061  0.00353509
-0.00609264     0.01061   0.0863874   0.0147557
   0.360234  0.00353509   0.0147557    0.384817
IMAGINARY
          0   0.0312846  -0.0128137  -0.0020737
 -0.0312846           0  -0.0110023   0.0115605
  0.0128137   0.0110023           0 -0.00747508
  0.0020737  -0.0115605  0.00747508           0
Repeater1[0]<--->EndNode1[0]
REAL
   0.473105 -0.00479713  -0.0392872    0.325331
-0.00479713    0.096577  0.00950755  0.00896458
 -0.0392872  0.00950755   0.0745721  -0.0229448
   0.325331  0.00896458  -0.0229448    0.355746
IMAGINARY
           0  -0.00615409  -0.00761046  -0.00228676
  0.00615409            0  0.000939049      0.01215
  0.00761046 -0.000939049            0   -0.0165437
  0.00228676     -0.01215    0.0165437            0
Repeater1[0]<--->HoM1[0]
REAL
   0.459424 -0.00609264 -0.00836185    0.360234
-0.00609264   0.0863874     0.01061   0.0147557
-0.00836185     0.01061   0.0693717  0.00353509
   0.360234   0.0147557  0.00353509    0.384817
IMAGINARY
          0  -0.0128137   0.0312846  -0.0020737
  0.0128137           0   0.0110023 -0.00747508
 -0.0312846  -0.0110023           0   0.0115605
  0.0020737  0.00747508  -0.0115605           0
EndNode1[0]<--->Repeater1[0]
REAL
  0.448052  0.0282607  0.0223157   0.309936
 0.0282607   0.106494  0.0151931 0.00747702
 0.0223157  0.0151931  0.0883117 0.00541806
  0.309936 0.00747702 0.00541806   0.357143
IMAGINARY
           0   -0.0051627   0.00768555  0.000614903
   0.0051627            0  -0.00124383  -0.00705976
