EndNode1[0]<--->Repeater1[0]
REAL
    0.461245  -0.00774131  -0.00522317     0.397727
 -0.00774131    0.0381194   0.00965767 -0.000408867
 -0.00522317   0.00965767    0.0559085    0.0046124
    0.397727 -0.000408867    0.0046124     0.444727
IMAGINARY
          0  0.00453276 -0.00486472 -0.00669519
-0.00453276           0   0.0181456 -0.00682039
 0.00486472  -0.0181456           0   0.0182225
 0.00669519  0.00682039  -0.0182225           0
EndNode2[0]<--->HoM1[0]
REAL
    0.462033  0.000980392 -0.000176702     0.403605
 0.000980392     0.043758   0.00477214   -0.0076767
-0.000176702   0.00477214    0.0566281 -0.000980392
    0.403605   -0.0076767 -0.000980392      0.43758
IMAGINARY
           0   0.00321363     0.010742    0.0114311
 -0.00321363            0  -0.00187692   0.00157968
   -0.010742   0.00187692            0  2.89144e-05
  -0.0114311  -0.00157968 -2.89144e-05            0
Repeater1[0]<--->EndNode1[0]
REAL
    0.461245  -0.00522317  -0.00774131     0.397727
 -0.00522317    0.0559085   0.00965767    0.0046124
 -0.00774131   0.00965767    0.0381194 -0.000408867
    0.397727    0.0046124 -0.000408867     0.444727
IMAGINARY
          0 -0.00486472  0.00453276 -0.00669519
 0.00486472           0  -0.0181456   0.0182225
-0.00453276   0.0181456           0 -0.00682039
 0.00669519  -0.0182225  0.00682039           0
Repeater1[0]<--->HoM1[0]
REAL
    0.462033 -0.000176702  0.000980392     0.403605
-0.000176702    0.0566281   0.00477214 -0.000980392
 0.000980392   0.00477214     0.043758   -0.0076767
    0.403605 -0.000980392   -0.0076767      0.43758
IMAGINARY
           0     0.010742   0.00321363    0.0114311
   -0.010742            0   0.00187692  2.89144e-05
 -0.00321363  -0.00187692            0   0.00157968
  -0.0114311 -2.89144e-05  -0.00157968            0
EndNode1[0]<--->Repeater1[0]
REAL
   0.483204   0.0081831 0.000282786    0.402576
  0.0081831   0.0503876  0.00446265  0.00702133
0.000282786  0.00446265   0.0452196   0.0044331
   0.402576  0.00702133   0.0044331    0.421189
IMAGINARY
           0 -0.000668686  -0.00754717    0.0102069
 0.000668686            0     0.012811  -0.00566038
  0.00754717    -0.012811            0    0.0151341
  -0.0102069   0.00566038   -0.0151341            0
EndNode2[0]<--->HoM1[0]
REAL
   0.476501  -0.0209246 -0.00226742    0.413338
 -0.0209246   0.0430809 -0.00161042  -0.0198007
-0.00226742 -0.00161042   0.0574413  -0.0137538
   0.413338  -0.0198007  -0.0137538    0.422977
IMAGINARY
          0  0.00416705  0.00533333  0.00392139
-0.00416705           0 -0.00779736 -0.00533333
-0.00533333  0.00779736           0 -0.00674437
-0.00392139  0.00533333  0.00674437           0
Repeater1[0]<--->EndNode1[0]
REAL
   0.483204 0.000282786   0.0081831    0.402576
0.000282786   0.0452196  0.00446265   0.0044331
  0.0081831  0.00446265   0.0503876  0.00702133
   0.402576   0.0044331  0.00702133    0.421189
IMAGINARY
           0  -0.00754717 -0.000668686    0.0102069
  0.00754717            0    -0.012811    0.0151341
 0.000668686     0.012811            0  -0.00566038
  -0.0102069   -0.0151341   0.00566038            0
Repeater1[0]<--->HoM1[0]
REAL
   0.476501 -0.00226742  -0.0209246    0.413338
-0.00226742   0.0574413 -0.00161042  -0.0137538
 -0.0209246 -0.00161042   0.0430809  -0.0198007
   0.413338  -0.0137538  -0.0198007    0.422977
IMAGINARY
          0  0.00533333  0.00416705  0.00392139
-0.00533333           0  0.00779736 -0.00674437
-0.00416705 -0.00779736           0 -0.00533333
-0.00392139  0.00674437  0.00533333           0
EndNode1[0]<--->Repeater1[0]
REAL
   0.432873 -0.00186489   -0.012201    0.402818
-0.00186489   0.0514429 -0.00347186   0.0115474
  -0.012201 -0.00347186   0.0677541   0.0103616
   0.402818   0.0115474   0.0103616     0.44793
IMAGINARY
          0  0.00381253 -0.00770943   0.0292118
-0.00381253           0 -0.00343863 -0.00833678
 0.00770943  0.00343863           0   0.0058152
 -0.0292118  0.00833678  -0.0058152           0
EndNode2[0]<--->HoM1[0]
REAL
  0.488918 -0.0115041 -0.0134724   0.402362
-0.0115041  0.0508475 0.00936364 -0.0122193
-0.0134724 0.00936364  0.0560626  -0.010235
  0.402362 -0.0122193  -0.010235   0.404172
IMAGINARY
          0  0.00870293  0.00755341   -0.005344
-0.00870293           0  -0.0103945 -0.00160889
-0.00755341   0.0103945           0  -0.0133264
   0.005344  0.00160889   0.0133264           0
Repeater1[0]<--->EndNode1[0]
REAL
   0.432873   -0.012201 -0.00186489    0.402818
  -0.012201   0.0677541 -0.00347186   0.0103616
-0.00186489 -0.00347186   0.0514429   0.0115474
   0.402818   0.0103616   0.0115474     0.44793
IMAGINARY
          0 -0.00770943  0.00381253   0.0292118
 0.00770943           0  0.00343863   0.0058152
-0.00381253 -0.00343863           0 -0.00833678
 -0.0292118  -0.0058152  0.00833678           0
Repeater1[0]<--->HoM1[0]
REAL
  0.488918 -0.0134724 -0.0115041   0.402362
-0.0134724  0.0560626 0.00936364  -0.010235
-0.0115041 0.00936364  0.0508475 -0.0122193
  0.402362  -0.010235 -0.0122193   0.404172
IMAGINARY
          0  0.00755341  0.00870293   -0.005344
-0.00755341           0   0.0103945  -0.0133264
-0.00870293  -0.0103945           0 -0.00160889
   0.005344   0.0133264  0.00160889           0
EndNode1[0]<--->Repeater1[0]
REAL
  0.459803 0.00434842 0.00056084   0.387553
0.00434842  0.0465444  0.0144568 0.00948941
0.00056084  0.0144568  0.0493653  0.0082144
  0.387553 0.00948941  0.0082144   0.444288
IMAGINARY
           0  -0.00515891   -0.0113216    0.0118722
  0.00515891            0   0.00609557 -9.96873e-05
   0.0113216  -0.00609557            0    0.0165802
  -0.0118722  9.96873e-05   -0.0165802            0
EndNode2[0]<--->HoM1[0]
REAL
   0.454545   0.0116041 -0.00225218     0.41007
  0.0116041     0.04914 -0.00617378   0.0243301
-0.00225218 -0.00617378   0.0405405   0.0208634
    0.41007   0.0243301   0.0208634    0.455774
IMAGINARY
          0  -0.0207498  -0.0230082  0.00940577
  0.0207498           0  0.00814949   0.0204701
  0.0230082 -0.00814949           0  0.00805943
-0.00940577  -0.0204701 -0.00805943           0
Repeater1[0]<--->EndNode1[0]
REAL
  0.459803 0.00056084 0.00434842   0.387553
0.00056084  0.0493653  0.0144568  0.0082144
0.00434842  0.0144568  0.0465444 0.00948941
  0.387553  0.0082144 0.00948941   0.444288
IMAGINARY
           0   -0.0113216  -0.00515891    0.0118722
   0.0113216            0  -0.00609557    0.0165802
  0.00515891   0.00609557            0 -9.96873e-05
  -0.0118722   -0.0165802  9.96873e-05            0
Repeater1[0]<--->HoM1[0]
REAL
   0.454545 -0.00225218   0.0116041     0.41007
-0.00225218   0.0405405 -0.00617378   0.0208634
  0.0116041 -0.00617378     0.04914   0.0243301
    0.41007   0.0208634   0.0243301    0.455774
IMAGINARY
          0  -0.0230082  -0.0207498  0.00940577
  0.0230082           0 -0.00814949  0.00805943
  0.0207498  0.00814949           0   0.0204701
-0.00940577 -0.00805943  -0.0204701           0
EndNode1[0]<--->Repeater1[0]
REAL
    0.44898  -0.0220542  -0.0191653    0.404984
 -0.0220542   0.0548469 -0.00315201  0.00476741
 -0.0191653 -0.00315201    0.065051  0.00634739
   0.404984  0.00476741  0.00634739    0.431122
IMAGINARY
         0   0.010281  0.0030674 -0.0161601
 -0.010281          0 -0.0109922   0.010056
-0.0030674  0.0109922          0  -0.018155
 0.0161601  -0.010056   0.018155          0
EndNode2[0]<--->HoM1[0]
REAL
   0.446999  0.00886613 -0.00981438    0.412193
 0.00886613    0.037037   0.0017066   0.0301096
-0.00981438   0.0017066   0.0434227   0.0163491
   0.412193   0.0301096   0.0163491    0.472542
IMAGINARY
          0   0.0178215  -0.0041093 -0.00584992
 -0.0178215           0  0.00647885   0.0105032
  0.0041093 -0.00647885           0  -0.0139851
 0.00584992  -0.0105032   0.0139851           0
Repeater1[0]<--->EndNode1[0]
REAL
    0.44898  -0.0191653  -0.0220542    0.404984
 -0.0191653    0.065051 -0.00315201  0.00634739
 -0.0220542 -0.00315201   0.0548469  0.00476741
   0.404984  0.00634739  0.00476741    0.431122
IMAGINARY
         0  0.0030674   0.010281 -0.0161601
-0.0030674          0  0.0109922  -0.018155
 -0.010281 -0.0109922          0   0.010056
 0.0161601   0.018155  -0.010056          0
Repeater1[0]<--->HoM1[0]
REAL
   0.446999 -0.00981438  0.00886613    0.412193
-0.00981438   0.0434227   0.0017066   0.0163491
 0.00886613   0.0017066    0.037037   0.0301096
   0.412193   0.0163491   0.0301096    0.472542
IMAGINARY
          0  -0.0041093   0.0178215 -0.00584992
  0.0041093           0 -0.00647885  -0.0139851
 -0.0178215  0.00647885           0   0.0105032
 0.00584992   0.0139851  -0.0105032           0
EndNode1[0]<--->Repeater1[0]
REAL
   0.459144  -0.0147686 -0.00569023    0.395261
 -0.0147686   0.0713359  0.00804336 -0.00838565
-0.00569023  0.00804336   0.0466926  -0.0127712
   0.395261 -0.00838565  -0.0127712    0.422827
IMAGINARY
           0   0.00786205   -0.0119909    0.0176601
 -0.00786205            0  -0.00333723 -0.000540473
   0.0119909   0.00333723            0    0.0146943
  -0.0176601  0.000540473   -0.0146943            0
EndNode2[0]<--->HoM1[0]
REAL
       0.45 -0.00427644  0.00144123    0.399814
-0.00427644   0.0421053   0.0120588  -0.0204131
 0.00144123   0.0120588   0.0486842 -0.00735147
   0.399814  -0.0204131 -0.00735147    0.459211
IMAGINARY
           0   -0.0174272  -0.00256733  -0.00241432
   0.0174272            0   -0.0110992    0.0102204
  0.00256733    0.0110992            0 -0.000429988
  0.00241432   -0.0102204  0.000429988            0
Repeater1[0]<--->EndNode1[0]
REAL
   0.459144 -0.00569023  -0.0147686    0.395261
-0.00569023   0.0466926  0.00804336  -0.0127712
 -0.0147686  0.00804336   0.0713359 -0.00838565
   0.395261  -0.0127712 -0.00838565    0.422827
IMAGINARY
           0   -0.0119909   0.00786205    0.0176601
   0.0119909            0   0.00333723    0.0146943
 -0.00786205  -0.00333723            0 -0.000540473
  -0.0176601   -0.0146943  0.000540473            0
Repeater1[0]<--->HoM1[0]
REAL
       0.45  0.00144123 -0.00427644    0.399814
 0.00144123   0.0486842   0.0120588 -0.00735147
-0.00427644   0.0120588   0.0421053  -0.0204131
   0.399814 -0.00735147  -0.0204131    0.459211
IMAGINARY
           0  -0.00256733   -0.0174272  -0.00241432
  0.00256733            0    0.0110992 -0.000429988
   0.0174272   -0.0110992            0    0.0102204
  0.00241432  0.000429988   -0.0102204            0
EndNode1[0]<--->Repeater1[0]
REAL
   0.465736 -0.00971244  -0.0086712    0.395239
-0.00971244   0.0444162   0.0125719  -0.0150164
 -0.0086712   0.0125719   0.0469543 -0.00117104
   0.395239  -0.0150164 -0.00117104    0.442893
IMAGINARY
          0  0.00293264  -0.0188807   0.0393532
-0.00293264           0  -0.0105189 -0.00511927
  0.0188807   0.0105189           0   0.0210674
 -0.0393532  0.00511927  -0.0210674           0
EndNode2[0]<--->HoM1[0]
REAL
    0.47424 -0.00230559  0.00347425    0.408301
-0.00230559   0.0449141  0.00503268  -0.0141409
 0.00347425  0.00503268   0.0422721  0.00363893
   0.408301  -0.0141409  0.00363893    0.438573
IMAGINARY
          0 -0.00408839  0.00984477  -0.0113525
 0.00408839           0  0.00829257  0.00126634
-0.00984477 -0.00829257           0  -0.0096371
  0.0113525 -0.00126634   0.0096371           0
Repeater1[0]<--->EndNode1[0]
REAL
   0.465736  -0.0086712 -0.00971244    0.395239
 -0.0086712   0.0469543   0.0125719 -0.00117104
-0.00971244   0.0125719   0.0444162  -0.0150164
   0.395239 -0.00117104  -0.0150164    0.442893
IMAGINARY
          0  -0.0188807  0.00293264   0.0393532
  0.0188807           0   0.0105189   0.0210674
-0.00293264  -0.0105189           0 -0.00511927
 -0.0393532  -0.0210674  0.00511927           0
Repeater1[0]<--->HoM1[0]
REAL
    0.47424  0.00347425 -0.00230559    0.408301
 0.00347425   0.0422721  0.00503268  0.00363893
-0.00230559  0.00503268   0.0449141  -0.0141409
   0.408301  0.00363893  -0.0141409    0.438573
IMAGINARY
          0  0.00984477 -0.00408839  -0.0113525
-0.00984477           0 -0.00829257  -0.0096371
 0.00408839  0.00829257           0  0.00126634
  0.0113525   0.0096371 -0.00126634           0
EndNode1[0]<--->Repeater1[0]
REAL
   0.458221  -0.0206222  -0.0138927    0.384545
 -0.0206222   0.0525606 0.000616359  -0.0151396
 -0.0138927 0.000616359   0.0444744  -0.0226037
   0.384545  -0.0151396  -0.0226037    0.444744
IMAGINARY
           0  -0.00533601   0.00511512   -0.0242531
  0.00533601            0   0.00125707 -1.30822e-05
 -0.00511512  -0.00125707            0  -0.00104154
   0.0242531  1.30822e-05   0.00104154            0
EndNode2[0]<--->HoM1[0]
REAL
   0.456713 -0.00773514 -0.00881578    0.410258
-0.00773514   0.0464241  0.00278508 -0.00370069
-0.00881578  0.00278508   0.0439147   0.0083939
   0.410258 -0.00370069   0.0083939    0.452949
IMAGINARY
          0  0.00342214  0.00441874   0.0196227
-0.00342214           0 -0.00655531   0.0210854
-0.00441874  0.00655531           0 -0.00757398
 -0.0196227  -0.0210854  0.00757398           0
Repeater1[0]<--->EndNode1[0]
REAL
   0.458221  -0.0138927  -0.0206222    0.384545
 -0.0138927   0.0444744 0.000616359  -0.0226037
 -0.0206222 0.000616359   0.0525606  -0.0151396
   0.384545  -0.0226037  -0.0151396    0.444744
IMAGINARY
           0   0.00511512  -0.00533601   -0.0242531
 -0.00511512            0  -0.00125707  -0.00104154
  0.00533601   0.00125707            0 -1.30822e-05
   0.0242531   0.00104154  1.30822e-05            0
Repeater1[0]<--->HoM1[0]
REAL
   0.456713 -0.00881578 -0.00773514    0.410258
-0.00881578   0.0439147  0.00278508   0.0083939
-0.00773514  0.00278508   0.0464241 -0.00370069
   0.410258   0.0083939 -0.00370069    0.452949
IMAGINARY
          0  0.00441874  0.00342214   0.0196227
-0.00441874           0  0.00655531 -0.00757398
-0.00342214 -0.00655531           0   0.0210854
 -0.0196227  0.00757398  -0.0210854           0
EndNode1[0]<--->Repeater1[0]
REAL
    0.490728  -0.00542024 -0.000964517     0.397412
 -0.00542024     0.042796    0.0120218  -0.00469586
-0.000964517    0.0120218    0.0456491   0.00730703
    0.397412  -0.00469586   0.00730703     0.420827
IMAGINARY
          0 -0.00377268  0.00282878  -0.0154186
 0.00377268           0  0.00748213  -0.0116449
-0.00282878 -0.00748213           0   0.0289616
  0.0154186   0.0116449  -0.0289616           0
EndNode2[0]<--->HoM1[0]
REAL
   0.458172  -0.0106905 0.000667174    0.402974
 -0.0106905    0.042471  -0.0021064  -0.0235916
0.000667174  -0.0021064    0.047619  -0.0295822
   0.402974  -0.0235916  -0.0295822    0.451737
IMAGINARY
          0   0.0143551  0.00121412   -0.031496
 -0.0143551           0 -0.00810792 -0.00388792
-0.00121412  0.00810792           0  -0.0103445
   0.031496  0.00388792   0.0103445           0
Repeater1[0]<--->EndNode1[0]
REAL
    0.490728 -0.000964517  -0.00542024     0.397412
-0.000964517    0.0456491    0.0120218   0.00730703
 -0.00542024    0.0120218     0.042796  -0.00469586
    0.397412   0.00730703  -0.00469586     0.420827
IMAGINARY
          0  0.00282878 -0.00377268  -0.0154186
-0.00282878           0 -0.00748213   0.0289616
 0.00377268  0.00748213           0  -0.0116449
  0.0154186  -0.0289616   0.0116449           0
Repeater1[0]<--->HoM1[0]
REAL
   0.458172 0.000667174  -0.0106905    0.402974
0.000667174    0.047619  -0.0021064  -0.0295822
 -0.0106905  -0.0021064    0.042471  -0.0235916
   0.402974  -0.0295822  -0.0235916    0.451737
IMAGINARY
          0  0.00121412   0.0143551   -0.031496
-0.00121412           0  0.00810792  -0.0103445
 -0.0143551 -0.00810792           0 -0.00388792
   0.031496   0.0103445  0.00388792           0
EndNode1[0]<--->Repeater1[0]
REAL
   0.445283  -0.0228629  -0.0276779    0.394639
 -0.0228629   0.0477987  0.00952196 -0.00195642
 -0.0276779  0.00952196   0.0603774 -0.00424931
   0.394639 -0.00195642 -0.00424931    0.446541
IMAGINARY
          0  0.00104796 -0.00778686   0.0197387
-0.00104796           0  -0.0172006 -0.00526797
 0.00778686   0.0172006           0   0.0120069
 -0.0197387  0.00526797  -0.0120069           0
EndNode2[0]<--->HoM1[0]
REAL
   0.449204  0.00535167 -0.00423684    0.405198
 0.00535167   0.0526316 -0.00507489   0.0134847
-0.00423684 -0.00507489   0.0416157 0.000197033
   0.405198   0.0134847 0.000197033    0.456548
IMAGINARY
           0   -0.0185509    0.0070615   -0.0205901
   0.0185509            0   0.00866866  9.06482e-05
  -0.0070615  -0.00866866            0  -0.00810707
   0.0205901 -9.06482e-05   0.00810707            0
Repeater1[0]<--->EndNode1[0]
REAL
   0.445283  -0.0276779  -0.0228629    0.394639
 -0.0276779   0.0603774  0.00952196 -0.00424931
 -0.0228629  0.00952196   0.0477987 -0.00195642
   0.394639 -0.00424931 -0.00195642    0.446541
IMAGINARY
          0 -0.00778686  0.00104796   0.0197387
 0.00778686           0   0.0172006   0.0120069
-0.00104796  -0.0172006           0 -0.00526797
 -0.0197387  -0.0120069  0.00526797           0
Repeater1[0]<--->HoM1[0]
REAL
   0.449204 -0.00423684  0.00535167    0.405198
-0.00423684   0.0416157 -0.00507489 0.000197033
 0.00535167 -0.00507489   0.0526316   0.0134847
   0.405198 0.000197033   0.0134847    0.456548
IMAGINARY
           0    0.0070615   -0.0185509   -0.0205901
  -0.0070615            0  -0.00866866  -0.00810707
   0.0185509   0.00866866            0  9.06482e-05
   0.0205901   0.00810707 -9.06482e-05            0
EndNode1[0]<--->Repeater1[0]
REAL
   0.443056 -0.00247967   0.0177595    0.398702
-0.00247967   0.0541667  0.00193539 -0.00183594
  0.0177595  0.00193539   0.0513889  0.00821215
   0.398702 -0.00183594  0.00821215    0.451389
IMAGINARY
          0  0.00122201  -0.0167285   0.0149051
-0.00122201           0   0.0149051  0.00429065
  0.0167285  -0.0149051           0  0.00997201
 -0.0149051 -0.00429065 -0.00997201           0
EndNode2[0]<--->HoM1[0]
REAL
   0.448501   0.0201783   0.0243012    0.418181
  0.0201783   0.0495437 -0.00806882   0.0206426
  0.0243012 -0.00806882   0.0352021   0.0107206
   0.418181   0.0206426   0.0107206    0.466754
IMAGINARY
          0  0.00087385  -0.0168007  -0.0298869
-0.00087385           0  -0.0215643 -0.00194926
  0.0168007   0.0215643           0   0.0291261
  0.0298869  0.00194926  -0.0291261           0
Repeater1[0]<--->EndNode1[0]
REAL
   0.443056   0.0177595 -0.00247967    0.398702
  0.0177595   0.0513889  0.00193539  0.00821215
-0.00247967  0.00193539   0.0541667 -0.00183594
   0.398702  0.00821215 -0.00183594    0.451389
IMAGINARY
          0  -0.0167285  0.00122201   0.0149051
  0.0167285           0  -0.0149051  0.00997201
-0.00122201   0.0149051           0  0.00429065
 -0.0149051 -0.00997201 -0.00429065           0
Repeater1[0]<--->HoM1[0]
REAL
   0.448501   0.0243012   0.0201783    0.418181
  0.0243012   0.0352021 -0.00806882   0.0107206
  0.0201783 -0.00806882   0.0495437   0.0206426
   0.418181   0.0107206   0.0206426    0.466754
IMAGINARY
          0  -0.0168007  0.00087385  -0.0298869
  0.0168007           0   0.0215643   0.0291261
-0.00087385  -0.0215643           0 -0.00194926
  0.0298869  -0.0291261  0.00194926           0
EndNode1[0]<--->Repeater1[0]
REAL
   0.499382   0.0195556   0.0361555    0.384689
  0.0195556   0.0333745 -0.00602186   0.0065112
  0.0361555 -0.00602186   0.0519159  0.00844444
   0.384689   0.0065112  0.00844444    0.415328
IMAGINARY
          0  0.00493301   0.0194693  -0.0278416
-0.00493301           0  -0.0054917 -0.00580812
 -0.0194693   0.0054917           0   0.0114604
  0.0278416  0.00580812  -0.0114604           0
EndNode2[0]<--->HoM1[0]
REAL
   0.481046 -0.00898758   0.0224703    0.409876
-0.00898758   0.0470588  0.00411657 -0.00642413
  0.0224703  0.00411657   0.0339869   0.0365871
   0.409876 -0.00642413   0.0365871    0.437908
IMAGINARY
           0    0.0176258  -0.00897721    0.0100739
  -0.0176258            0   0.00945736    0.0011238
  0.00897721  -0.00945736            0  0.000698762
  -0.0100739   -0.0011238 -0.000698762            0
Repeater1[0]<--->EndNode1[0]
REAL
   0.499382   0.0361555   0.0195556    0.384689
  0.0361555   0.0519159 -0.00602186  0.00844444
  0.0195556 -0.00602186   0.0333745   0.0065112
   0.384689  0.00844444   0.0065112    0.415328
IMAGINARY
          0   0.0194693  0.00493301  -0.0278416
 -0.0194693           0   0.0054917   0.0114604
-0.00493301  -0.0054917           0 -0.00580812
  0.0278416  -0.0114604  0.00580812           0
Repeater1[0]<--->HoM1[0]
REAL
   0.481046   0.0224703 -0.00898758    0.409876
  0.0224703   0.0339869  0.00411657   0.0365871
-0.00898758  0.00411657   0.0470588 -0.00642413
   0.409876   0.0365871 -0.00642413    0.437908
IMAGINARY
           0  -0.00897721    0.0176258    0.0100739
  0.00897721            0  -0.00945736  0.000698762
  -0.0176258   0.00945736            0    0.0011238
  -0.0100739 -0.000698762   -0.0011238            0
EndNode1[0]<--->Repeater1[0]
REAL
   0.482544   0.0246734   0.0111418    0.406895
  0.0246734   0.0448878 -0.00195211   0.0085033
  0.0111418 -0.00195211   0.0299252  0.00130889
   0.406895   0.0085033  0.00130889    0.442643
IMAGINARY
          0  0.00104464   -0.023675  -0.0186432
-0.00104464           0 -0.00906463   0.0142916
   0.023675  0.00906463           0   0.0110197
  0.0186432  -0.0142916  -0.0110197           0
EndNode2[0]<--->HoM1[0]
REAL
   0.47569  0.0143942 0.00738153   0.407188
 0.0143942  0.0473062 0.00314792  0.0119211
0.00738153 0.00314792  0.0341656 0.00988972
  0.407188  0.0119211 0.00988972   0.442838
IMAGINARY
           0   -0.0043771   0.00639665    0.0161318
   0.0043771            0    0.0201001    0.0239064
 -0.00639665   -0.0201001            0 -0.000673401
  -0.0161318   -0.0239064  0.000673401            0
Repeater1[0]<--->EndNode1[0]
REAL
   0.482544   0.0111418   0.0246734    0.406895
  0.0111418   0.0299252 -0.00195211  0.00130889
  0.0246734 -0.00195211   0.0448878   0.0085033
   0.406895  0.00130889   0.0085033    0.442643
IMAGINARY
          0   -0.023675  0.00104464  -0.0186432
   0.023675           0  0.00906463   0.0110197
-0.00104464 -0.00906463           0   0.0142916
  0.0186432  -0.0110197  -0.0142916           0
Repeater1[0]<--->HoM1[0]
REAL
   0.47569 0.00738153  0.0143942   0.407188
0.00738153  0.0341656 0.00314792 0.00988972
 0.0143942 0.00314792  0.0473062  0.0119211
  0.407188 0.00988972  0.0119211   0.442838
IMAGINARY
           0   0.00639665   -0.0043771    0.0161318
 -0.00639665            0   -0.0201001 -0.000673401
   0.0043771    0.0201001            0    0.0239064
  -0.0161318  0.000673401   -0.0239064            0
EndNode1[0]<--->Repeater1[0]
REAL
    0.483627  -0.00823851    0.0021725     0.402747
 -0.00823851    0.0478589   0.00537539    0.0171351
   0.0021725   0.00537539    0.0604534 -0.000416613
    0.402747    0.0171351 -0.000416613      0.40806
IMAGINARY
          0  -0.0228045  0.00780219  -0.0013144
  0.0228045           0  -0.0199759 -0.00717641
-0.00780219   0.0199759           0  0.00966305
  0.0013144  0.00717641 -0.00966305           0
EndNode2[0]<--->HoM1[0]
REAL
   0.426187  -0.0106166 -0.00399407    0.401293
 -0.0106166   0.0487805 0.000923712   0.0137724
-0.00399407 0.000923712   0.0500642   0.0164836
   0.401293   0.0137724   0.0164836    0.474968
IMAGINARY
          0  0.00433551 -0.00661945   0.0210444
-0.00433551           0 -0.00645557  0.00723446
 0.00661945  0.00645557           0  -0.0184807
 -0.0210444 -0.00723446   0.0184807           0
Repeater1[0]<--->EndNode1[0]
REAL
    0.483627    0.0021725  -0.00823851     0.402747
   0.0021725    0.0604534   0.00537539 -0.000416613
 -0.00823851   0.00537539    0.0478589    0.0171351
    0.402747 -0.000416613    0.0171351      0.40806
IMAGINARY
          0  0.00780219  -0.0228045  -0.0013144
-0.00780219           0   0.0199759  0.00966305
  0.0228045  -0.0199759           0 -0.00717641
  0.0013144 -0.00966305  0.00717641           0
Repeater1[0]<--->HoM1[0]
REAL
   0.426187 -0.00399407  -0.0106166    0.401293
-0.00399407   0.0500642 0.000923712   0.0164836
 -0.0106166 0.000923712   0.0487805   0.0137724
   0.401293   0.0164836   0.0137724    0.474968
IMAGINARY
          0 -0.00661945  0.00433551   0.0210444
 0.00661945           0  0.00645557  -0.0184807
-0.00433551 -0.00645557           0  0.00723446
 -0.0210444   0.0184807 -0.00723446           0
EndNode1[0]<--->Repeater1[0]
REAL
   0.478203 0.000952237  -0.0141905    0.393736
0.000952237   0.0568032 0.000353159  -0.0116716
 -0.0141905 0.000353159   0.0713342  0.00027929
   0.393736  -0.0116716  0.00027929    0.393659
IMAGINARY
          0 -0.00793905  -0.0082175 -0.00122824
 0.00793905           0 -0.00957227  -0.0150668
  0.0082175  0.00957227           0   0.0201939
 0.00122824   0.0150668  -0.0201939           0
EndNode2[0]<--->HoM1[0]
REAL
   0.473171 -0.00694412 -0.00150277    0.416239
-0.00694412   0.0353659 0.000199128  0.00561236
-0.00150277 0.000199128    0.052439  0.00146467
   0.416239  0.00561236  0.00146467    0.439024
IMAGINARY
           0    0.0256237   -0.0111041  0.000161202
  -0.0256237            0   0.00971534   0.00609162
   0.0111041  -0.00971534            0  -0.00682667
-0.000161202  -0.00609162   0.00682667            0
Repeater1[0]<--->EndNode1[0]
REAL
   0.478203  -0.0141905 0.000952237    0.393736
 -0.0141905   0.0713342 0.000353159  0.00027929
0.000952237 0.000353159   0.0568032  -0.0116716
   0.393736  0.00027929  -0.0116716    0.393659
IMAGINARY
          0  -0.0082175 -0.00793905 -0.00122824
  0.0082175           0  0.00957227   0.0201939
 0.00793905 -0.00957227           0  -0.0150668
 0.00122824  -0.0201939   0.0150668           0
Repeater1[0]<--->HoM1[0]
REAL
   0.473171 -0.00150277 -0.00694412    0.416239
-0.00150277    0.052439 0.000199128  0.00146467
-0.00694412 0.000199128   0.0353659  0.00561236
   0.416239  0.00146467  0.00561236    0.439024
IMAGINARY
           0   -0.0111041    0.0256237  0.000161202
   0.0111041            0  -0.00971534  -0.00682667
  -0.0256237   0.00971534            0   0.00609162
-0.000161202   0.00682667  -0.00609162            0
EndNode1[0]<--->Repeater1[0]
REAL
   0.478152  0.00634879   0.0104684    0.395788
 0.00634879   0.0411985 -0.00225155  0.00664187
  0.0104684 -0.00225155   0.0499376  0.00569176
   0.395788  0.00664187  0.00569176    0.430712
IMAGINARY
          0  0.00903934   0.0105126  -0.0129668
-0.00903934           0  -0.0273238  0.00582723
 -0.0105126   0.0273238           0  0.00337896
  0.0129668 -0.00582723 -0.00337896           0
EndNode2[0]<--->HoM1[0]
REAL
   0.465955  0.00673694 -0.00237668    0.407349
 0.00673694   0.0534045 -0.00734908  0.00622283
-0.00237668 -0.00734908   0.0560748 -0.00289079
   0.407349  0.00622283 -0.00289079    0.424566
IMAGINARY
          0   0.0253502 -0.00662304  -0.0221428
 -0.0253502           0 -0.00348133  -0.0183113
 0.00662304  0.00348133           0  -0.0043528
  0.0221428   0.0183113   0.0043528           0
Repeater1[0]<--->EndNode1[0]
REAL
   0.478152   0.0104684  0.00634879    0.395788
  0.0104684   0.0499376 -0.00225155  0.00569176
 0.00634879 -0.00225155   0.0411985  0.00664187
   0.395788  0.00569176  0.00664187    0.430712
IMAGINARY
          0   0.0105126  0.00903934  -0.0129668
 -0.0105126           0   0.0273238  0.00337896
-0.00903934  -0.0273238           0  0.00582723
  0.0129668 -0.00337896 -0.00582723           0
Repeater1[0]<--->HoM1[0]
REAL
   0.465955 -0.00237668  0.00673694    0.407349
-0.00237668   0.0560748 -0.00734908 -0.00289079
 0.00673694 -0.00734908   0.0534045  0.00622283
   0.407349 -0.00289079  0.00622283    0.424566
IMAGINARY
          0 -0.00662304   0.0253502  -0.0221428
 0.00662304           0  0.00348133  -0.0043528
 -0.0253502 -0.00348133           0  -0.0183113
  0.0221428   0.0043528   0.0183113           0
EndNode1[0]<--->Repeater1[0]
REAL
  0.451138 -0.0153284  0.0141157   0.389122
-0.0153284  0.0455154 0.00137969 -0.0193928
 0.0141157 0.00137969  0.0655957  0.0113706
  0.389122 -0.0193928  0.0113706   0.437751
IMAGINARY
          0   0.0182018  -0.0143161  0.00412884
 -0.0182018           0 -0.00959665 -0.00568393
  0.0143161  0.00959665           0  0.00308849
-0.00412884  0.00568393 -0.00308849           0
EndNode2[0]<--->HoM1[0]
REAL
   0.485237  0.00411595  0.00876958    0.401284
 0.00411595   0.0359435 0.000334566  -0.0131282
 0.00876958 0.000334566   0.0397946  -0.0147013
   0.401284  -0.0131282  -0.0147013    0.439024
IMAGINARY
          0   0.0114016 -0.00220243  0.00870464
 -0.0114016           0   0.0106253  -0.0134014
 0.00220243  -0.0106253           0  0.00827272
-0.00870464   0.0134014 -0.00827272           0
Repeater1[0]<--->EndNode1[0]
REAL
  0.451138  0.0141157 -0.0153284   0.389122
 0.0141157  0.0655957 0.00137969  0.0113706
-0.0153284 0.00137969  0.0455154 -0.0193928
  0.389122  0.0113706 -0.0193928   0.437751
IMAGINARY
          0  -0.0143161   0.0182018  0.00412884
  0.0143161           0  0.00959665  0.00308849
 -0.0182018 -0.00959665           0 -0.00568393
-0.00412884 -0.00308849  0.00568393           0
Repeater1[0]<--->HoM1[0]
REAL
   0.485237  0.00876958  0.00411595    0.401284
 0.00876958   0.0397946 0.000334566  -0.0147013
 0.00411595 0.000334566   0.0359435  -0.0131282
   0.401284  -0.0147013  -0.0131282    0.439024
IMAGINARY
          0 -0.00220243   0.0114016  0.00870464
 0.00220243           0  -0.0106253  0.00827272
 -0.0114016   0.0106253           0  -0.0134014
-0.00870464 -0.00827272   0.0134014           0
EndNode1[0]<--->Repeater1[0]
REAL
  0.450135 0.00256414 0.00709209   0.392535
0.00256414  0.0512129 0.00271467  0.0130054
0.00709209 0.00271467  0.0727763  0.0224054
  0.392535  0.0130054  0.0224054   0.425876
IMAGINARY
          0  0.00981941  -0.0215021 -0.00939306
-0.00981941           0   0.0127308  -0.0234081
  0.0215021  -0.0127308           0   0.0111387
 0.00939306   0.0234081  -0.0111387           0
EndNode2[0]<--->HoM1[0]
REAL
     0.47013 -3.94571e-05   -0.0121675     0.393961
-3.94571e-05    0.0376623   0.00577831  0.000448726
  -0.0121675   0.00577831    0.0506494  -0.00256471
    0.393961  0.000448726  -0.00256471     0.441558
IMAGINARY
          0  0.00983382   0.0111743 -0.00245841
-0.00983382           0 -0.00376049  0.00597947
 -0.0111743  0.00376049           0  -0.0117398
 0.00245841 -0.00597947   0.0117398           0
Repeater1[0]<--->EndNode1[0]
REAL
  0.450135 0.00709209 0.00256414   0.392535
0.00709209  0.0727763 0.00271467  0.0224054
0.00256414 0.00271467  0.0512129  0.0130054
  0.392535  0.0224054  0.0130054   0.425876
IMAGINARY
          0  -0.0215021  0.00981941 -0.00939306
  0.0215021           0  -0.0127308   0.0111387
-0.00981941   0.0127308           0  -0.0234081
 0.00939306  -0.0111387   0.0234081           0
Repeater1[0]<--->HoM1[0]
REAL
     0.47013   -0.0121675 -3.94571e-05     0.393961
  -0.0121675    0.0506494   0.00577831  -0.00256471
-3.94571e-05   0.00577831    0.0376623  0.000448726
    0.393961  -0.00256471  0.000448726     0.441558
IMAGINARY
          0   0.0111743  0.00983382 -0.00245841
 -0.0111743           0  0.00376049  -0.0117398
-0.00983382 -0.00376049           0  0.00597947
 0.00245841   0.0117398 -0.00597947           0
