EndNode1[0]<--->Repeater1[0]
REAL
   0.406293  -0.0193984 0.000568544    0.252112
 -0.0193984    0.101231    0.046902  0.00251407
0.000568544    0.046902    0.103967 -0.00834511
   0.252112  0.00251407 -0.00834511    0.388509
IMAGINARY
           0  -0.00287114    -0.012793   -0.0111199
  0.00287114            0   0.00683592   0.00453376
    0.012793  -0.00683592            0  0.000965173
   0.0111199  -0.00453376 -0.000965173            0
EndNode2[0]<--->BSA[0]
REAL
  0.416667 0.00462878  0.0132381   0.294982
0.00462878  0.0995025  0.0367255 0.00139602
 0.0132381  0.0367255  0.0945274 0.00268829
  0.294982 0.00139602 0.00268829   0.389303
IMAGINARY
           0  -0.00277549     0.014416   -0.0103566
  0.00277549            0  0.000526931   0.00473857
   -0.014416 -0.000526931            0   -0.0229841
   0.0103566  -0.00473857    0.0229841            0
Repeater1[0]<--->EndNode1[0]
REAL
   0.406293 0.000568544  -0.0193984    0.252112
0.000568544    0.103967    0.046902 -0.00834511
 -0.0193984    0.046902    0.101231  0.00251407
   0.252112 -0.00834511  0.00251407    0.388509
IMAGINARY
           0    -0.012793  -0.00287114   -0.0111199
    0.012793            0  -0.00683592  0.000965173
  0.00287114   0.00683592            0   0.00453376
   0.0111199 -0.000965173  -0.00453376            0
Repeater1[0]<--->BSA[0]
REAL
  0.416667  0.0132381 0.00462878   0.294982
 0.0132381  0.0945274  0.0367255 0.00268829
0.00462878  0.0367255  0.0995025 0.00139602
  0.294982 0.00268829 0.00139602   0.389303
IMAGINARY
           0     0.014416  -0.00277549   -0.0103566
   -0.014416            0 -0.000526931   -0.0229841
  0.00277549  0.000526931            0   0.00473857
   0.0103566    0.0229841  -0.00473857            0
EndNode1[0]<--->Repeater1[0]
REAL
  0.433204  0.0140331 -0.0351626   0.251462
 0.0140331  0.0933852  0.0218375 0.00241701
-0.0351626  0.0218375   0.115435  -0.016552
  0.251462 0.00241701  -0.016552   0.357977
IMAGINARY
          0 -0.00706544  0.00955908    -0.03063
 0.00706544           0  0.00971231 -0.00891225
-0.00955908 -0.00971231           0  0.00253763
    0.03063  0.00891225 -0.00253763           0
EndNode2[0]<--->BSA[0]
REAL
   0.438961 -0.00965479 -0.00976987    0.268028
-0.00965479   0.0831169   0.0274265 -0.00159377
-0.00976987   0.0274265   0.0987013  0.00081641
   0.268028 -0.00159377  0.00081641    0.379221
IMAGINARY
           0  -0.00694055    0.0095658   -0.0191732
  0.00694055            0 -0.000185902    0.0017124
  -0.0095658  0.000185902            0  -0.00308451
   0.0191732   -0.0017124   0.00308451            0
Repeater1[0]<--->EndNode1[0]
REAL
  0.433204 -0.0351626  0.0140331   0.251462
-0.0351626   0.115435  0.0218375  -0.016552
 0.0140331  0.0218375  0.0933852 0.00241701
  0.251462  -0.016552 0.00241701   0.357977
IMAGINARY
          0  0.00955908 -0.00706544    -0.03063
-0.00955908           0 -0.00971231  0.00253763
 0.00706544  0.00971231           0 -0.00891225
    0.03063 -0.00253763  0.00891225           0
Repeater1[0]<--->BSA[0]
REAL
   0.438961 -0.00976987 -0.00965479    0.268028
-0.00976987   0.0987013   0.0274265  0.00081641
-0.00965479   0.0274265   0.0831169 -0.00159377
   0.268028  0.00081641 -0.00159377    0.379221
IMAGINARY
           0    0.0095658  -0.00694055   -0.0191732
  -0.0095658            0  0.000185902  -0.00308451
  0.00694055 -0.000185902            0    0.0017124
   0.0191732   0.00308451   -0.0017124            0
EndNode1[0]<--->Repeater1[0]
REAL
   0.424129 -0.00225258   -0.013385    0.257945
-0.00225258    0.114428   0.0391946   0.0153356
  -0.013385   0.0391946     0.10199 -0.00619995
   0.257945   0.0153356 -0.00619995    0.359453
IMAGINARY
          0  0.00550158 -0.00940747  -0.0214031
-0.00550158           0  -0.0018209  0.00159497
 0.00940747   0.0018209           0  -0.0159182
  0.0214031 -0.00159497   0.0159182           0
EndNode2[0]<--->BSA[0]
REAL
      0.425 -0.00907243  0.00691937    0.273529
-0.00907243   0.0944444    0.013677 -0.00691937
 0.00691937    0.013677   0.0972222  0.00776695
   0.273529 -0.00691937  0.00776695    0.383333
IMAGINARY
           0   0.00626648  -0.00441919 -0.000310216
 -0.00626648            0    -0.004289   0.00441919
  0.00441919     0.004289            0   -0.0025719
 0.000310216  -0.00441919    0.0025719            0
Repeater1[0]<--->EndNode1[0]
REAL
   0.424129   -0.013385 -0.00225258    0.257945
  -0.013385     0.10199   0.0391946 -0.00619995
-0.00225258   0.0391946    0.114428   0.0153356
   0.257945 -0.00619995   0.0153356    0.359453
IMAGINARY
          0 -0.00940747  0.00550158  -0.0214031
 0.00940747           0   0.0018209  -0.0159182
-0.00550158  -0.0018209           0  0.00159497
  0.0214031   0.0159182 -0.00159497           0
Repeater1[0]<--->BSA[0]
REAL
      0.425  0.00691937 -0.00907243    0.273529
 0.00691937   0.0972222    0.013677  0.00776695
-0.00907243    0.013677   0.0944444 -0.00691937
   0.273529  0.00776695 -0.00691937    0.383333
IMAGINARY
           0  -0.00441919   0.00626648 -0.000310216
  0.00441919            0     0.004289   -0.0025719
 -0.00626648    -0.004289            0   0.00441919
 0.000310216    0.0025719  -0.00441919            0
EndNode1[0]<--->Repeater1[0]
REAL
   0.425445  -0.0205334  0.00660424    0.250299
 -0.0205334    0.113543  0.00628856   0.0178625
 0.00660424  0.00628856    0.112175 -0.00518809
   0.250299   0.0178625 -0.00518809    0.348837
IMAGINARY
          0  0.00221389 -0.00827726 -0.00816574
-0.00221389           0   0.0312043 -0.00118049
 0.00827726  -0.0312043           0  0.00346077
 0.00816574  0.00118049 -0.00346077           0
EndNode2[0]<--->BSA[0]
REAL
  0.412935 0.00422229 -0.0142894   0.292046
0.00422229  0.0783582  0.0364901 0.00239953
-0.0142894  0.0364901   0.105721 -0.0273762
  0.292046 0.00239953 -0.0273762   0.402985
IMAGINARY
           0    0.0283422   -0.0114188 -0.000338915
  -0.0283422            0   -0.0148126   -0.0140714
   0.0114188    0.0148126            0   0.00106952
 0.000338915    0.0140714  -0.00106952            0
Repeater1[0]<--->EndNode1[0]
REAL
   0.425445  0.00660424  -0.0205334    0.250299
 0.00660424    0.112175  0.00628856 -0.00518809
 -0.0205334  0.00628856    0.113543   0.0178625
   0.250299 -0.00518809   0.0178625    0.348837
IMAGINARY
          0 -0.00827726  0.00221389 -0.00816574
 0.00827726           0  -0.0312043  0.00346077
-0.00221389   0.0312043           0 -0.00118049
 0.00816574 -0.00346077  0.00118049           0
Repeater1[0]<--->BSA[0]
REAL
  0.412935 -0.0142894 0.00422229   0.292046
-0.0142894   0.105721  0.0364901 -0.0273762
0.00422229  0.0364901  0.0783582 0.00239953
  0.292046 -0.0273762 0.00239953   0.402985
IMAGINARY
           0   -0.0114188    0.0283422 -0.000338915
   0.0114188            0    0.0148126   0.00106952
  -0.0283422   -0.0148126            0   -0.0140714
 0.000338915  -0.00106952    0.0140714            0
EndNode1[0]<--->Repeater1[0]
REAL
  0.458228 0.00312264  0.0151994   0.274567
0.00312264   0.103797  0.0323115  0.0059646
 0.0151994  0.0323115  0.0974684  0.0127504
  0.274567  0.0059646  0.0127504   0.340506
IMAGINARY
          0  -0.0077881   -0.026081 -0.00191759
  0.0077881           0   0.0088012    0.014309
   0.026081  -0.0088012           0   0.0022119
 0.00191759   -0.014309  -0.0022119           0
EndNode2[0]<--->BSA[0]
REAL
   0.423927 -0.00353033  -0.0052002    0.271976
-0.00353033    0.104031   0.0448175   0.0102893
 -0.0052002   0.0448175    0.109233   0.0009858
   0.271976   0.0102893   0.0009858    0.362809
IMAGINARY
          0   0.0154292 -0.00990233   0.0080621
 -0.0154292           0 -0.00874986   0.0117797
 0.00990233  0.00874986           0 -0.00979718
 -0.0080621  -0.0117797  0.00979718           0
Repeater1[0]<--->EndNode1[0]
REAL
  0.458228  0.0151994 0.00312264   0.274567
 0.0151994  0.0974684  0.0323115  0.0127504
0.00312264  0.0323115   0.103797  0.0059646
  0.274567  0.0127504  0.0059646   0.340506
IMAGINARY
          0   -0.026081  -0.0077881 -0.00191759
   0.026081           0  -0.0088012   0.0022119
  0.0077881   0.0088012           0    0.014309
 0.00191759  -0.0022119   -0.014309           0
Repeater1[0]<--->BSA[0]
REAL
   0.423927  -0.0052002 -0.00353033    0.271976
 -0.0052002    0.109233   0.0448175   0.0009858
-0.00353033   0.0448175    0.104031   0.0102893
   0.271976   0.0009858   0.0102893    0.362809
IMAGINARY
          0 -0.00990233   0.0154292   0.0080621
 0.00990233           0  0.00874986 -0.00979718
 -0.0154292 -0.00874986           0   0.0117797
 -0.0080621  0.00979718  -0.0117797           0
EndNode1[0]<--->Repeater1[0]
REAL
    0.448735  -0.00211503 -0.000138741     0.270143
 -0.00211503     0.115846    0.0108598   -0.0130539
-0.000138741    0.0108598     0.107856  -0.00580054
    0.270143   -0.0130539  -0.00580054     0.327563
IMAGINARY
          0  0.00552319  -0.0115414 -0.00288808
-0.00552319           0  0.00859151  -0.0198287
  0.0115414 -0.00859151           0   0.0309685
 0.00288808   0.0198287  -0.0309685           0
EndNode2[0]<--->BSA[0]
REAL
  0.406398 -0.0233572 -0.0210282   0.263568
-0.0233572  0.0817536  0.0341563 -0.0162663
-0.0210282  0.0341563   0.111374  0.0113471
  0.263568 -0.0162663  0.0113471   0.400474
IMAGINARY
           0   -0.0140414    0.0277815    0.0263099
   0.0140414            0  -0.00286246  0.000323041
  -0.0277815   0.00286246            0    -0.012756
  -0.0263099 -0.000323041     0.012756            0
Repeater1[0]<--->EndNode1[0]
REAL
    0.448735 -0.000138741  -0.00211503     0.270143
-0.000138741     0.107856    0.0108598  -0.00580054
 -0.00211503    0.0108598     0.115846   -0.0130539
    0.270143  -0.00580054   -0.0130539     0.327563
IMAGINARY
          0  -0.0115414  0.00552319 -0.00288808
  0.0115414           0 -0.00859151   0.0309685
-0.00552319  0.00859151           0  -0.0198287
 0.00288808  -0.0309685   0.0198287           0
Repeater1[0]<--->BSA[0]
REAL
  0.406398 -0.0210282 -0.0233572   0.263568
-0.0210282   0.111374  0.0341563  0.0113471
-0.0233572  0.0341563  0.0817536 -0.0162663
  0.263568  0.0113471 -0.0162663   0.400474
IMAGINARY
           0    0.0277815   -0.0140414    0.0263099
  -0.0277815            0   0.00286246    -0.012756
   0.0140414  -0.00286246            0  0.000323041
  -0.0263099     0.012756 -0.000323041            0
EndNode1[0]<--->Repeater1[0]
REAL
   0.45045 -0.0372913 -0.0140913   0.277337
-0.0372913  0.0926641  0.0305014  0.0020812
-0.0140913  0.0305014   0.100386  0.0176959
  0.277337  0.0020812  0.0176959   0.356499
IMAGINARY
          0  -0.0165233  -0.0186809   0.0230845
  0.0165233           0    0.010858 -0.00283807
  0.0186809   -0.010858           0   0.0101942
 -0.0230845  0.00283807  -0.0101942           0
EndNode2[0]<--->BSA[0]
REAL
   0.430396 -0.00108725 -0.00951364    0.288998
-0.00108725   0.0868455   0.0413594   0.0120647
-0.00951364   0.0413594    0.102171   0.0125668
   0.288998   0.0120647   0.0125668    0.380587
IMAGINARY
          0   0.0142363  0.00438512   -0.014602
 -0.0142363           0  0.00708323  -0.0145066
-0.00438512 -0.00708323           0     0.01073
   0.014602   0.0145066    -0.01073           0
Repeater1[0]<--->EndNode1[0]
REAL
   0.45045 -0.0140913 -0.0372913   0.277337
-0.0140913   0.100386  0.0305014  0.0176959
-0.0372913  0.0305014  0.0926641  0.0020812
  0.277337  0.0176959  0.0020812   0.356499
IMAGINARY
          0  -0.0186809  -0.0165233   0.0230845
  0.0186809           0   -0.010858   0.0101942
  0.0165233    0.010858           0 -0.00283807
 -0.0230845  -0.0101942  0.00283807           0
Repeater1[0]<--->BSA[0]
REAL
   0.430396 -0.00951364 -0.00108725    0.288998
-0.00951364    0.102171   0.0413594   0.0125668
-0.00108725   0.0413594   0.0868455   0.0120647
   0.288998   0.0125668   0.0120647    0.380587
IMAGINARY
          0  0.00438512   0.0142363   -0.014602
-0.00438512           0 -0.00708323     0.01073
 -0.0142363  0.00708323           0  -0.0145066
   0.014602    -0.01073   0.0145066           0
EndNode1[0]<--->Repeater1[0]
REAL
    0.436293  -0.00652078    0.0103178      0.25584
 -0.00652078    0.0926641    0.0160437    0.0122286
   0.0103178    0.0160437    0.0939511 -0.000110522
     0.25584    0.0122286 -0.000110522     0.377091
IMAGINARY
          0  0.00349477  -0.0152935  -0.0129041
-0.00349477           0  -0.0122572  0.00126284
  0.0152935   0.0122572           0  0.00288278
  0.0129041 -0.00126284 -0.00288278           0
EndNode2[0]<--->BSA[0]
REAL
   0.454874   0.0108837  -0.0056034    0.267258
  0.0108837   0.0866426   0.0404345  -0.0156168
 -0.0056034   0.0404345    0.109507 -0.00159988
   0.267258  -0.0156168 -0.00159988    0.348977
IMAGINARY
          0  0.00505871  -0.0183996   0.0288598
-0.00505871           0  -0.0225307  -0.0254817
  0.0183996   0.0225307           0   0.0276978
 -0.0288598   0.0254817  -0.0276978           0
Repeater1[0]<--->EndNode1[0]
REAL
    0.436293    0.0103178  -0.00652078      0.25584
   0.0103178    0.0939511    0.0160437 -0.000110522
 -0.00652078    0.0160437    0.0926641    0.0122286
     0.25584 -0.000110522    0.0122286     0.377091
IMAGINARY
          0  -0.0152935  0.00349477  -0.0129041
  0.0152935           0   0.0122572  0.00288278
-0.00349477  -0.0122572           0  0.00126284
  0.0129041 -0.00288278 -0.00126284           0
Repeater1[0]<--->BSA[0]
REAL
   0.454874  -0.0056034   0.0108837    0.267258
 -0.0056034    0.109507   0.0404345 -0.00159988
  0.0108837   0.0404345   0.0866426  -0.0156168
   0.267258 -0.00159988  -0.0156168    0.348977
IMAGINARY
          0  -0.0183996  0.00505871   0.0288598
  0.0183996           0   0.0225307   0.0276978
-0.00505871  -0.0225307           0  -0.0254817
 -0.0288598  -0.0276978   0.0254817           0
EndNode1[0]<--->Repeater1[0]
REAL
    0.413706  -0.00127491   -0.0167792      0.26713
 -0.00127491     0.109137    0.0320875 -0.000821798
  -0.0167792    0.0320875     0.106599  -0.00328833
     0.26713 -0.000821798  -0.00328833     0.370558
IMAGINARY
           0  -0.00907747    0.0226445    0.0158667
  0.00907747            0    0.0105757    -0.014708
  -0.0226445   -0.0105757            0 -8.00399e-05
  -0.0158667     0.014708  8.00399e-05            0
EndNode2[0]<--->BSA[0]
REAL
   0.406332 -0.00284258   0.0202708    0.261787
-0.00284258    0.101583   0.0332519  0.00714433
  0.0202708   0.0332519   0.0949868   0.0132864
   0.261787  0.00714433   0.0132864    0.397098
IMAGINARY
           0   0.00355124    0.0248075  -0.00769641
 -0.00355124            0 -0.000177609   -0.0134439
  -0.0248075  0.000177609            0  -0.00607649
  0.00769641    0.0134439   0.00607649            0
Repeater1[0]<--->EndNode1[0]
REAL
    0.413706   -0.0167792  -0.00127491      0.26713
  -0.0167792     0.106599    0.0320875  -0.00328833
 -0.00127491    0.0320875     0.109137 -0.000821798
     0.26713  -0.00328833 -0.000821798     0.370558
IMAGINARY
           0    0.0226445  -0.00907747    0.0158667
  -0.0226445            0   -0.0105757 -8.00399e-05
  0.00907747    0.0105757            0    -0.014708
  -0.0158667  8.00399e-05     0.014708            0
Repeater1[0]<--->BSA[0]
REAL
   0.406332   0.0202708 -0.00284258    0.261787
  0.0202708   0.0949868   0.0332519   0.0132864
-0.00284258   0.0332519    0.101583  0.00714433
   0.261787   0.0132864  0.00714433    0.397098
IMAGINARY
           0    0.0248075   0.00355124  -0.00769641
  -0.0248075            0  0.000177609  -0.00607649
 -0.00355124 -0.000177609            0   -0.0134439
  0.00769641   0.00607649    0.0134439            0
EndNode1[0]<--->Repeater1[0]
REAL
    0.43531 -0.00350225  -0.0220426    0.256516
-0.00350225    0.097035   0.0183025  0.00267218
 -0.0220426   0.0183025    0.125337 -0.00860429
   0.256516  0.00267218 -0.00860429    0.342318
IMAGINARY
           0    0.0219645  -0.00349904    0.0107915
  -0.0219645            0 -0.000374793    0.0245908
  0.00349904  0.000374793            0   -0.0269273
  -0.0107915   -0.0245908    0.0269273            0
EndNode2[0]<--->BSA[0]
REAL
    0.434729  -0.00700615   -0.0269026      0.28848
 -0.00700615     0.100985    0.0222973  -0.00943821
  -0.0269026    0.0222973     0.105911 -0.000512645
     0.28848  -0.00943821 -0.000512645     0.358374
IMAGINARY
          0   -0.013197 -0.00022328 -0.00258545
   0.013197           0 -0.00794738   0.0074888
 0.00022328  0.00794738           0 -0.00331556
 0.00258545  -0.0074888  0.00331556           0
Repeater1[0]<--->EndNode1[0]
REAL
    0.43531  -0.0220426 -0.00350225    0.256516
 -0.0220426    0.125337   0.0183025 -0.00860429
-0.00350225   0.0183025    0.097035  0.00267218
   0.256516 -0.00860429  0.00267218    0.342318
IMAGINARY
           0  -0.00349904    0.0219645    0.0107915
  0.00349904            0  0.000374793   -0.0269273
  -0.0219645 -0.000374793            0    0.0245908
  -0.0107915    0.0269273   -0.0245908            0
Repeater1[0]<--->BSA[0]
REAL
    0.434729   -0.0269026  -0.00700615      0.28848
  -0.0269026     0.105911    0.0222973 -0.000512645
 -0.00700615    0.0222973     0.100985  -0.00943821
     0.28848 -0.000512645  -0.00943821     0.358374
IMAGINARY
          0 -0.00022328   -0.013197 -0.00258545
 0.00022328           0  0.00794738 -0.00331556
   0.013197 -0.00794738           0   0.0074888
 0.00258545  0.00331556  -0.0074888           0
EndNode1[0]<--->Repeater1[0]
REAL
   0.401535  -0.0150472 -0.00418938     0.27308
 -0.0150472     0.11509   0.0291311 -0.00809563
-0.00418938   0.0291311    0.112532  -0.0156653
    0.27308 -0.00809563  -0.0156653    0.370844
IMAGINARY
          0 -0.00408772  -0.0127186 -0.00511539
 0.00408772           0 -7.9417e-05  0.00316448
  0.0127186  7.9417e-05           0    0.012368
 0.00511539 -0.00316448   -0.012368           0
EndNode2[0]<--->BSA[0]
REAL
   0.380051  0.00840573 -0.00443181    0.278878
 0.00840573   0.0909091   0.0269597 -0.00572047
-0.00443181   0.0269597   0.0997475  -0.0122128
   0.278878 -0.00572047  -0.0122128    0.429293
IMAGINARY
         0 -0.0118488  0.0433584  -0.028482
 0.0118488          0 -0.0112406  0.0039562
-0.0433584  0.0112406          0 -0.0380233
  0.028482 -0.0039562  0.0380233          0
Repeater1[0]<--->EndNode1[0]
REAL
   0.401535 -0.00418938  -0.0150472     0.27308
-0.00418938    0.112532   0.0291311  -0.0156653
 -0.0150472   0.0291311     0.11509 -0.00809563
    0.27308  -0.0156653 -0.00809563    0.370844
IMAGINARY
          0  -0.0127186 -0.00408772 -0.00511539
  0.0127186           0  7.9417e-05    0.012368
 0.00408772 -7.9417e-05           0  0.00316448
 0.00511539   -0.012368 -0.00316448           0
Repeater1[0]<--->BSA[0]
REAL
   0.380051 -0.00443181  0.00840573    0.278878
-0.00443181   0.0997475   0.0269597  -0.0122128
 0.00840573   0.0269597   0.0909091 -0.00572047
   0.278878  -0.0122128 -0.00572047    0.429293
IMAGINARY
         0  0.0433584 -0.0118488  -0.028482
-0.0433584          0  0.0112406 -0.0380233
 0.0118488 -0.0112406          0  0.0039562
  0.028482  0.0380233 -0.0039562          0
EndNode1[0]<--->Repeater1[0]
REAL
  0.426452 -0.0100891  0.0199511    0.27473
-0.0100891   0.108776  0.0356593 -0.0121589
 0.0199511  0.0356593   0.113721 0.00229686
   0.27473 -0.0121589 0.00229686   0.351051
IMAGINARY
          0  -0.0187063  0.00270574  -0.0224652
  0.0187063           0  0.00902092  0.00958934
-0.00270574 -0.00902092           0  0.00231283
  0.0224652 -0.00958934 -0.00231283           0
EndNode2[0]<--->BSA[0]
REAL
  0.427471  0.0107239 -0.0034393   0.273186
 0.0107239   0.102696  0.0257899  0.0040795
-0.0034393  0.0257899  0.0937099 0.00144004
  0.273186  0.0040795 0.00144004   0.376123
IMAGINARY
          0   0.0146931   0.0224427  -0.0126559
 -0.0146931           0   0.0210865 -0.00551565
 -0.0224427  -0.0210865           0  -0.0081827
  0.0126559  0.00551565   0.0081827           0
Repeater1[0]<--->EndNode1[0]
REAL
  0.426452  0.0199511 -0.0100891    0.27473
 0.0199511   0.113721  0.0356593 0.00229686
-0.0100891  0.0356593   0.108776 -0.0121589
   0.27473 0.00229686 -0.0121589   0.351051
IMAGINARY
          0  0.00270574  -0.0187063  -0.0224652
-0.00270574           0 -0.00902092  0.00231283
  0.0187063  0.00902092           0  0.00958934
  0.0224652 -0.00231283 -0.00958934           0
Repeater1[0]<--->BSA[0]
REAL
  0.427471 -0.0034393  0.0107239   0.273186
-0.0034393  0.0937099  0.0257899 0.00144004
 0.0107239  0.0257899   0.102696  0.0040795
  0.273186 0.00144004  0.0040795   0.376123
IMAGINARY
          0   0.0224427   0.0146931  -0.0126559
 -0.0224427           0  -0.0210865  -0.0081827
 -0.0146931   0.0210865           0 -0.00551565
  0.0126559   0.0081827  0.00551565           0
EndNode1[0]<--->Repeater1[0]
REAL
  0.412371  0.0180612 0.00414573   0.257241
 0.0180612  0.0979381  0.0287725  0.0105396
0.00414573  0.0287725   0.110825 0.00081987
  0.257241  0.0105396 0.00081987   0.378866
IMAGINARY
           0  -0.00520999 -0.000822661   0.00865031
  0.00520999            0  -0.00596214   -0.0171199
 0.000822661   0.00596214            0   -0.0163211
 -0.00865031    0.0171199    0.0163211            0
EndNode2[0]<--->BSA[0]
REAL
    0.429455  -0.00610856 -0.000860451     0.258016
 -0.00610856     0.102723    0.0212398   0.00352003
-0.000860451    0.0212398    0.0829208    0.0140873
    0.258016   0.00352003    0.0140873     0.384901
IMAGINARY
           0 -0.000210495   -0.0182561    0.0117838
 0.000210495            0   0.00683326  -0.00567334
   0.0182561  -0.00683326            0   -0.0023084
  -0.0117838   0.00567334    0.0023084            0
Repeater1[0]<--->EndNode1[0]
REAL
  0.412371 0.00414573  0.0180612   0.257241
0.00414573   0.110825  0.0287725 0.00081987
 0.0180612  0.0287725  0.0979381  0.0105396
  0.257241 0.00081987  0.0105396   0.378866
IMAGINARY
           0 -0.000822661  -0.00520999   0.00865031
 0.000822661            0   0.00596214   -0.0163211
  0.00520999  -0.00596214            0   -0.0171199
 -0.00865031    0.0163211    0.0171199            0
Repeater1[0]<--->BSA[0]
REAL
    0.429455 -0.000860451  -0.00610856     0.258016
-0.000860451    0.0829208    0.0212398    0.0140873
 -0.00610856    0.0212398     0.102723   0.00352003
    0.258016    0.0140873   0.00352003     0.384901
IMAGINARY
           0   -0.0182561 -0.000210495    0.0117838
   0.0182561            0  -0.00683326   -0.0023084
 0.000210495   0.00683326            0  -0.00567334
  -0.0117838    0.0023084   0.00567334            0
EndNode1[0]<--->Repeater1[0]
REAL
    0.445443   -0.0105369  -0.00186369     0.252907
  -0.0105369    0.0911425    0.0186669  -0.00448149
 -0.00186369    0.0186669     0.112965 -0.000884405
    0.252907  -0.00448149 -0.000884405     0.350449
IMAGINARY
           0 -0.000255874    0.0035098  -0.00906129
 0.000255874            0   0.00201904   -0.0239053
  -0.0035098  -0.00201904            0    0.0169431
  0.00906129    0.0239053   -0.0169431            0
EndNode2[0]<--->BSA[0]
REAL
   0.395619 -0.00033344 0.000325442    0.271973
-0.00033344    0.103093   0.0485398   0.0100531
0.000325442   0.0485398    0.128866    0.016817
   0.271973   0.0100531    0.016817    0.372423
IMAGINARY
           0   -0.0057849  0.000177925  -0.00173629
   0.0057849            0  -0.00826371   0.00390927
-0.000177925   0.00826371            0   -0.0187383
  0.00173629  -0.00390927    0.0187383            0
Repeater1[0]<--->EndNode1[0]
REAL
    0.445443  -0.00186369   -0.0105369     0.252907
 -0.00186369     0.112965    0.0186669 -0.000884405
  -0.0105369    0.0186669    0.0911425  -0.00448149
    0.252907 -0.000884405  -0.00448149     0.350449
IMAGINARY
           0    0.0035098 -0.000255874  -0.00906129
  -0.0035098            0  -0.00201904    0.0169431
 0.000255874   0.00201904            0   -0.0239053
  0.00906129   -0.0169431    0.0239053            0
Repeater1[0]<--->BSA[0]
REAL
   0.395619 0.000325442 -0.00033344    0.271973
0.000325442    0.128866   0.0485398    0.016817
-0.00033344   0.0485398    0.103093   0.0100531
   0.271973    0.016817   0.0100531    0.372423
IMAGINARY
           0  0.000177925   -0.0057849  -0.00173629
-0.000177925            0   0.00826371   -0.0187383
   0.0057849  -0.00826371            0   0.00390927
  0.00173629    0.0187383  -0.00390927            0
EndNode1[0]<--->Repeater1[0]
REAL
    0.42487  -0.0142544  0.00346503    0.246224
 -0.0142544   0.0867876   0.0224673 -0.00229681
 0.00346503   0.0224673    0.101036  0.00374042
   0.246224 -0.00229681  0.00374042    0.387306
IMAGINARY
           0 -0.000257768   -0.0127106 -0.000821813
 0.000257768            0   -0.0127266   -0.0107701
   0.0127106    0.0127266            0    0.0182136
 0.000821813    0.0107701   -0.0182136            0
EndNode2[0]<--->BSA[0]
REAL
  0.408138 -0.0219724 -0.0190888   0.283935
-0.0219724   0.106042  0.0184364   0.015795
-0.0190888  0.0184364   0.106042 0.00286834
  0.283935   0.015795 0.00286834   0.379778
IMAGINARY
          0   -0.012712 -0.00925427   0.0132886
   0.012712           0  -0.0024881   0.0240791
 0.00925427   0.0024881           0 -0.00750365
 -0.0132886  -0.0240791  0.00750365           0
Repeater1[0]<--->EndNode1[0]
REAL
    0.42487  0.00346503  -0.0142544    0.246224
 0.00346503    0.101036   0.0224673  0.00374042
 -0.0142544   0.0224673   0.0867876 -0.00229681
   0.246224  0.00374042 -0.00229681    0.387306
IMAGINARY
           0   -0.0127106 -0.000257768 -0.000821813
   0.0127106            0    0.0127266    0.0182136
 0.000257768   -0.0127266            0   -0.0107701
 0.000821813   -0.0182136    0.0107701            0
Repeater1[0]<--->BSA[0]
REAL
  0.408138 -0.0190888 -0.0219724   0.283935
-0.0190888   0.106042  0.0184364 0.00286834
-0.0219724  0.0184364   0.106042   0.015795
  0.283935 0.00286834   0.015795   0.379778
IMAGINARY
          0 -0.00925427   -0.012712   0.0132886
 0.00925427           0   0.0024881 -0.00750365
   0.012712  -0.0024881           0   0.0240791
 -0.0132886  0.00750365  -0.0240791           0
EndNode1[0]<--->Repeater1[0]
REAL
   0.446565  0.00618268 2.75428e-05    0.281501
 0.00618268   0.0814249   0.0293103 -0.00710605
2.75428e-05   0.0293103     0.12341   0.0240618
   0.281501 -0.00710605   0.0240618    0.348601
IMAGINARY
          0  0.00931496 -0.00891867  0.00709494
-0.00931496           0  0.00248361  -0.0129837
 0.00891867 -0.00248361           0 -0.00743762
-0.00709494   0.0129837  0.00743762           0
EndNode2[0]<--->BSA[0]
REAL
   0.442961 -0.00562649  0.00553833    0.266972
-0.00562649   0.0740291   0.0232468  -0.0190518
 0.00553833   0.0232468   0.0970874  0.00112198
   0.266972  -0.0190518  0.00112198    0.385922
IMAGINARY
           0  -0.00785199    0.0181183  -0.00166808
  0.00785199            0  0.000991492    0.0221723
  -0.0181183 -0.000991492            0   -0.0271546
  0.00166808   -0.0221723    0.0271546            0
Repeater1[0]<--->EndNode1[0]
REAL
   0.446565 2.75428e-05  0.00618268    0.281501
2.75428e-05     0.12341   0.0293103   0.0240618
 0.00618268   0.0293103   0.0814249 -0.00710605
   0.281501   0.0240618 -0.00710605    0.348601
IMAGINARY
          0 -0.00891867  0.00931496  0.00709494
 0.00891867           0 -0.00248361 -0.00743762
-0.00931496  0.00248361           0  -0.0129837
-0.00709494  0.00743762   0.0129837           0
Repeater1[0]<--->BSA[0]
REAL
   0.442961  0.00553833 -0.00562649    0.266972
 0.00553833   0.0970874   0.0232468  0.00112198
-0.00562649   0.0232468   0.0740291  -0.0190518
   0.266972  0.00112198  -0.0190518    0.385922
IMAGINARY
           0    0.0181183  -0.00785199  -0.00166808
  -0.0181183            0 -0.000991492   -0.0271546
  0.00785199  0.000991492            0    0.0221723
  0.00166808    0.0271546   -0.0221723            0
EndNode1[0]<--->Repeater1[0]
REAL
   0.414602  0.00663233   -0.021817    0.256405
 0.00663233    0.118644    0.021373 -0.00627292
  -0.021817    0.021373    0.105606 -0.00725655
   0.256405 -0.00627292 -0.00725655    0.361147
IMAGINARY
           0  0.000674312    0.0100293   0.00624087
-0.000674312            0   -0.0108644  -0.00811843
  -0.0100293    0.0108644            0  -0.00258514
 -0.00624087   0.00811843   0.00258514            0
EndNode2[0]<--->BSA[0]
REAL
   0.449452 0.000946366   0.0122854    0.279649
0.000946366   0.0937881   0.0264351 -0.00151225
  0.0122854   0.0264351   0.0816078  -0.0117195
   0.279649 -0.00151225  -0.0117195    0.375152
IMAGINARY
           0   -0.0217185   -0.0183189  0.000366616
   0.0217185            0    0.0042326   0.00675076
   0.0183189   -0.0042326            0     0.005009
-0.000366616  -0.00675076    -0.005009            0
Repeater1[0]<--->EndNode1[0]
REAL
   0.414602   -0.021817  0.00663233    0.256405
  -0.021817    0.105606    0.021373 -0.00725655
 0.00663233    0.021373    0.118644 -0.00627292
   0.256405 -0.00725655 -0.00627292    0.361147
IMAGINARY
           0    0.0100293  0.000674312   0.00624087
  -0.0100293            0    0.0108644  -0.00258514
-0.000674312   -0.0108644            0  -0.00811843
 -0.00624087   0.00258514   0.00811843            0
Repeater1[0]<--->BSA[0]
REAL
   0.449452   0.0122854 0.000946366    0.279649
  0.0122854   0.0816078   0.0264351  -0.0117195
0.000946366   0.0264351   0.0937881 -0.00151225
   0.279649  -0.0117195 -0.00151225    0.375152
IMAGINARY
           0   -0.0183189   -0.0217185  0.000366616
   0.0183189            0   -0.0042326     0.005009
   0.0217185    0.0042326            0   0.00675076
-0.000366616    -0.005009  -0.00675076            0
EndNode1[0]<--->Repeater1[0]
REAL
  0.439119 -0.0294822 0.00802473   0.267127
-0.0294822  0.0893782  0.0246435 -0.0167529
0.00802473  0.0246435   0.119171 0.00703835
  0.267127 -0.0167529 0.00703835   0.352332
IMAGINARY
          0 -0.00915033 -0.00501911 -0.00443769
 0.00915033           0   0.0104138  0.00567271
 0.00501911  -0.0104138           0  -0.0137255
 0.00443769 -0.00567271   0.0137255           0
EndNode2[0]<--->BSA[0]
REAL
  0.431349 0.00522193 0.00226958   0.281831
0.00522193  0.0826245  0.0288742  0.0068688
0.00226958  0.0288742   0.115431 0.00522193
  0.281831  0.0068688 0.00522193   0.370595
IMAGINARY
          0 -0.00743194  -0.0061846 -0.00293208
 0.00743194           0   0.0200858  -0.0220677
  0.0061846  -0.0200858           0   0.0120311
 0.00293208   0.0220677  -0.0120311           0
Repeater1[0]<--->EndNode1[0]
REAL
  0.439119 0.00802473 -0.0294822   0.267127
0.00802473   0.119171  0.0246435 0.00703835
-0.0294822  0.0246435  0.0893782 -0.0167529
  0.267127 0.00703835 -0.0167529   0.352332
IMAGINARY
          0 -0.00501911 -0.00915033 -0.00443769
 0.00501911           0  -0.0104138  -0.0137255
 0.00915033   0.0104138           0  0.00567271
 0.00443769   0.0137255 -0.00567271           0
Repeater1[0]<--->BSA[0]
REAL
  0.431349 0.00226958 0.00522193   0.281831
0.00226958   0.115431  0.0288742 0.00522193
0.00522193  0.0288742  0.0826245  0.0068688
  0.281831 0.00522193  0.0068688   0.370595
IMAGINARY
          0  -0.0061846 -0.00743194 -0.00293208
  0.0061846           0  -0.0200858   0.0120311
 0.00743194   0.0200858           0  -0.0220677
 0.00293208  -0.0120311   0.0220677           0
EndNode1[0]<--->Repeater1[0]
REAL
   0.448928 -0.00770827 -0.00782195    0.247823
-0.00770827   0.0882724  0.00896911  0.00846878
-0.00782195  0.00896911    0.107188 0.000593135
   0.247823  0.00846878 0.000593135    0.355612
IMAGINARY
          0  -0.0033716  0.00639365   0.0130318
  0.0033716           0 -0.00140389   0.0158993
-0.00639365  0.00140389           0  -0.0201953
 -0.0130318  -0.0158993   0.0201953           0
EndNode2[0]<--->BSA[0]
REAL
   0.435356 -0.00882741 -0.00720735    0.262672
-0.00882741   0.0976253    0.048578  -0.0177927
-0.00720735    0.048578    0.091029   0.0100774
   0.262672  -0.0177927   0.0100774    0.375989
IMAGINARY
          0   0.0221239   0.0172172  0.00403442
 -0.0221239           0 -0.00912348  -0.0339957
 -0.0172172  0.00912348           0    0.020158
-0.00403442   0.0339957   -0.020158           0
Repeater1[0]<--->EndNode1[0]
REAL
   0.448928 -0.00782195 -0.00770827    0.247823
-0.00782195    0.107188  0.00896911 0.000593135
-0.00770827  0.00896911   0.0882724  0.00846878
   0.247823 0.000593135  0.00846878    0.355612
IMAGINARY
          0  0.00639365  -0.0033716   0.0130318
-0.00639365           0  0.00140389  -0.0201953
  0.0033716 -0.00140389           0   0.0158993
 -0.0130318   0.0201953  -0.0158993           0
Repeater1[0]<--->BSA[0]
REAL
   0.435356 -0.00720735 -0.00882741    0.262672
-0.00720735    0.091029    0.048578   0.0100774
-0.00882741    0.048578   0.0976253  -0.0177927
   0.262672   0.0100774  -0.0177927    0.375989
IMAGINARY
          0   0.0172172   0.0221239  0.00403442
 -0.0172172           0  0.00912348    0.020158
 -0.0221239 -0.00912348           0  -0.0339957
-0.00403442   -0.020158   0.0339957           0
EndNode1[0]<--->Repeater1[0]
REAL
     0.42203    -0.018277   0.00479172     0.267263
   -0.018277     0.095297    0.0255754 -0.000955405
  0.00479172    0.0255754     0.106436  -0.00346216
    0.267263 -0.000955405  -0.00346216     0.376238
IMAGINARY
          0  0.00601472  -0.0121033   0.0416727
-0.00601472           0  0.00945616   0.0133821
  0.0121033 -0.00945616           0   0.0131669
 -0.0416727  -0.0133821  -0.0131669           0
EndNode2[0]<--->BSA[0]
REAL
   0.457071 -0.00617393  -0.0245488    0.285884
-0.00617393     0.10101   0.0206555 -0.00133676
 -0.0245488   0.0206555   0.0669192 -0.00881245
   0.285884 -0.00133676 -0.00881245       0.375
IMAGINARY
          0  0.00260397   0.0104803 -0.00595009
-0.00260397           0  0.00123945  -0.0130184
 -0.0104803 -0.00123945           0   0.0113554
 0.00595009   0.0130184  -0.0113554           0
Repeater1[0]<--->EndNode1[0]
REAL
     0.42203   0.00479172    -0.018277     0.267263
  0.00479172     0.106436    0.0255754  -0.00346216
   -0.018277    0.0255754     0.095297 -0.000955405
    0.267263  -0.00346216 -0.000955405     0.376238
IMAGINARY
          0  -0.0121033  0.00601472   0.0416727
  0.0121033           0 -0.00945616   0.0131669
-0.00601472  0.00945616           0   0.0133821
 -0.0416727  -0.0131669  -0.0133821           0
Repeater1[0]<--->BSA[0]
REAL
   0.457071  -0.0245488 -0.00617393    0.285884
 -0.0245488   0.0669192   0.0206555 -0.00881245
-0.00617393   0.0206555     0.10101 -0.00133676
   0.285884 -0.00881245 -0.00133676       0.375
IMAGINARY
          0   0.0104803  0.00260397 -0.00595009
 -0.0104803           0 -0.00123945   0.0113554
-0.00260397  0.00123945           0  -0.0130184
 0.00595009  -0.0113554   0.0130184           0
EndNode1[0]<--->Repeater1[0]
REAL
   0.461538  -0.0144778  -0.0233987    0.259561
 -0.0144778   0.0782493   0.0374129 -0.00119145
 -0.0233987   0.0374129    0.102122 -0.00128516
   0.259561 -0.00119145 -0.00128516     0.35809
IMAGINARY
          0  0.00199074   -0.011511  -0.0048658
-0.00199074           0  -0.0238842  -0.0146635
   0.011511   0.0238842           0  0.00136496
  0.0048658   0.0146635 -0.00136496           0
EndNode2[0]<--->BSA[0]
REAL
  0.418539 -0.0097953  0.0110154   0.283719
-0.0097953   0.102528  0.0470134 -0.0140166
 0.0110154  0.0470134  0.0702247  -0.018416
  0.283719 -0.0140166  -0.018416   0.408708
IMAGINARY
          0   0.0262318   0.0168716  0.00741879
 -0.0262318           0  0.00807068   0.0162023
 -0.0168716 -0.00807068           0  -0.0242863
-0.00741879  -0.0162023   0.0242863           0
Repeater1[0]<--->EndNode1[0]
REAL
   0.461538  -0.0233987  -0.0144778    0.259561
 -0.0233987    0.102122   0.0374129 -0.00128516
 -0.0144778   0.0374129   0.0782493 -0.00119145
   0.259561 -0.00128516 -0.00119145     0.35809
IMAGINARY
          0   -0.011511  0.00199074  -0.0048658
   0.011511           0   0.0238842  0.00136496
-0.00199074  -0.0238842           0  -0.0146635
  0.0048658 -0.00136496   0.0146635           0
Repeater1[0]<--->BSA[0]
REAL
  0.418539  0.0110154 -0.0097953   0.283719
 0.0110154  0.0702247  0.0470134  -0.018416
-0.0097953  0.0470134   0.102528 -0.0140166
  0.283719  -0.018416 -0.0140166   0.408708
IMAGINARY
          0   0.0168716   0.0262318  0.00741879
 -0.0168716           0 -0.00807068  -0.0242863
 -0.0262318  0.00807068           0   0.0162023
-0.00741879   0.0242863  -0.0162023           0
EndNode1[0]<--->Repeater1[0]
REAL
   0.430456 -0.00884938   0.0276068    0.253577
-0.00884938    0.100719   0.0253846 -0.00563609
  0.0276068   0.0253846    0.133094   0.0148414
   0.253577 -0.00563609   0.0148414    0.335731
IMAGINARY
          0 -0.00469449 -0.00934255   0.0187494
 0.00469449           0   0.0156894  -0.0127813
 0.00934255  -0.0156894           0  0.00785505
 -0.0187494   0.0127813 -0.00785505           0
EndNode2[0]<--->BSA[0]
REAL
     0.396 0.00242197  -0.011173   0.276576
0.00242197   0.106667  0.0359243 0.00839519
 -0.011173  0.0359243      0.104   0.010078
  0.276576 0.00839519   0.010078   0.393333
IMAGINARY
          0 -0.00745944 -0.00827363 -0.00549903
 0.00745944           0 -0.00235437  0.00887677
 0.00827363  0.00235437           0  -0.0112378
 0.00549903 -0.00887677   0.0112378           0
Repeater1[0]<--->EndNode1[0]
REAL
   0.430456   0.0276068 -0.00884938    0.253577
  0.0276068    0.133094   0.0253846   0.0148414
-0.00884938   0.0253846    0.100719 -0.00563609
   0.253577   0.0148414 -0.00563609    0.335731
IMAGINARY
          0 -0.00934255 -0.00469449   0.0187494
 0.00934255           0  -0.0156894  0.00785505
 0.00469449   0.0156894           0  -0.0127813
 -0.0187494 -0.00785505   0.0127813           0
Repeater1[0]<--->BSA[0]
REAL
     0.396  -0.011173 0.00242197   0.276576
 -0.011173      0.104  0.0359243   0.010078
0.00242197  0.0359243   0.106667 0.00839519
  0.276576   0.010078 0.00839519   0.393333
IMAGINARY
          0 -0.00827363 -0.00745944 -0.00549903
 0.00827363           0  0.00235437  -0.0112378
 0.00745944 -0.00235437           0  0.00887677
 0.00549903   0.0112378 -0.00887677           0
EndNode1[0]<--->Repeater1[0]
REAL
   0.436435  -0.0203516  -0.0227291     0.26078
 -0.0203516    0.108781   0.0358734   0.0130766
 -0.0227291   0.0358734    0.103539 0.000403099
    0.26078   0.0130766 0.000403099    0.351245
IMAGINARY
          0  0.00515347   0.0180826   0.0140025
-0.00515347           0  0.00114902  0.00484178
 -0.0180826 -0.00114902           0 -0.00825136
 -0.0140025 -0.00484178  0.00825136           0
EndNode2[0]<--->BSA[0]
REAL
  0.418394 -0.0164673 0.00677718   0.289072
-0.0164673   0.101036  0.0269902 0.00488085
0.00677718  0.0269902   0.104922 0.00480928
  0.289072 0.00488085 0.00480928   0.375648
IMAGINARY
           0  -0.00223488  -0.00628083   -0.0107609
  0.00223488            0 -0.000122592  -0.00301285
  0.00628083  0.000122592            0   -0.0107763
   0.0107609   0.00301285    0.0107763            0
Repeater1[0]<--->EndNode1[0]
REAL
   0.436435  -0.0227291  -0.0203516     0.26078
 -0.0227291    0.103539   0.0358734 0.000403099
 -0.0203516   0.0358734    0.108781   0.0130766
    0.26078 0.000403099   0.0130766    0.351245
IMAGINARY
          0   0.0180826  0.00515347   0.0140025
 -0.0180826           0 -0.00114902 -0.00825136
-0.00515347  0.00114902           0  0.00484178
 -0.0140025  0.00825136 -0.00484178           0
Repeater1[0]<--->BSA[0]
REAL
  0.418394 0.00677718 -0.0164673   0.289072
0.00677718   0.104922  0.0269902 0.00480928
-0.0164673  0.0269902   0.101036 0.00488085
  0.289072 0.00480928 0.00488085   0.375648
IMAGINARY
           0  -0.00628083  -0.00223488   -0.0107609
  0.00628083            0  0.000122592   -0.0107763
  0.00223488 -0.000122592            0  -0.00301285
   0.0107609    0.0107763   0.00301285            0
EndNode1[0]<--->Repeater1[0]
REAL
   0.437111 -0.00139248   0.0108131    0.288031
-0.00139248   0.0884184   0.0230799   0.0101745
  0.0108131   0.0230799    0.118306   0.0334912
   0.288031   0.0101745   0.0334912    0.356164
IMAGINARY
           0    0.0187882  -0.00738232  -0.00585594
  -0.0187882            0    0.0143527 -0.000267189
  0.00738232   -0.0143527            0  -0.00974782
  0.00585594  0.000267189   0.00974782            0
EndNode2[0]<--->BSA[0]
REAL
  0.421642 0.00247376 0.00983906   0.257679
0.00247376   0.105721  0.0428456  0.0111583
