EndNode1[0]<--->Repeater1[0]
REAL
   0.463479  0.00616031 -0.00783636    0.196748
 0.00616031    0.135458   0.0270234  0.00318828
-0.00783636   0.0270234    0.166003    0.013096
   0.196748  0.00318828    0.013096     0.23506
IMAGINARY
           0   -0.0127963    0.0353883  -0.00746035
   0.0127963            0  0.000932935  -0.00983131
  -0.0353883 -0.000932935            0   0.00296665
  0.00746035   0.00983131  -0.00296665            0
EndNode2[0]<--->BSA[0]
REAL
   0.439791 0.000845034   0.0106294    0.242668
0.000845034    0.137435   0.0275095   0.0133104
  0.0106294   0.0275095   0.0929319  0.00394293
   0.242668   0.0133104  0.00394293    0.329843
IMAGINARY
          0    0.011024  0.00176498   0.0117078
  -0.011024           0  -0.0209426  0.00801498
-0.00176498   0.0209426           0  -0.0122465
 -0.0117078 -0.00801498   0.0122465           0
Repeater1[0]<--->EndNode1[0]
REAL
   0.463479 -0.00783636  0.00616031    0.196748
-0.00783636    0.166003   0.0270234    0.013096
 0.00616031   0.0270234    0.135458  0.00318828
   0.196748    0.013096  0.00318828     0.23506
IMAGINARY
           0    0.0353883   -0.0127963  -0.00746035
  -0.0353883            0 -0.000932935   0.00296665
   0.0127963  0.000932935            0  -0.00983131
  0.00746035  -0.00296665   0.00983131            0
Repeater1[0]<--->BSA[0]
REAL
   0.439791   0.0106294 0.000845034    0.242668
  0.0106294   0.0929319   0.0275095  0.00394293
0.000845034   0.0275095    0.137435   0.0133104
   0.242668  0.00394293   0.0133104    0.329843
IMAGINARY
          0  0.00176498    0.011024   0.0117078
-0.00176498           0   0.0209426  -0.0122465
  -0.011024  -0.0209426           0  0.00801498
 -0.0117078   0.0122465 -0.00801498           0
EndNode1[0]<--->Repeater1[0]
REAL
  0.467806  0.0210846 0.00562914   0.189911
 0.0210846   0.157687 0.00677811 0.00562914
0.00562914 0.00677811   0.151117 -0.0164489
  0.189911 0.00562914 -0.0164489    0.22339
IMAGINARY
           0   0.00715371  -0.00298126 -1.18965e-05
 -0.00715371            0  -0.00944586    0.0186439
  0.00298126   0.00944586            0  7.52043e-05
 1.18965e-05   -0.0186439 -7.52043e-05            0
EndNode2[0]<--->BSA[0]
REAL
   0.458438  -0.0125861  -0.0103117    0.219942
 -0.0125861    0.153652   0.0273243  -0.0109519
 -0.0103117   0.0273243    0.110831 -0.00138716
   0.219942  -0.0109519 -0.00138716    0.277078
IMAGINARY
          0 -0.00484456    0.022752  0.00497946
 0.00484456           0  0.00753701  0.00208019
  -0.022752 -0.00753701           0  -0.0105917
-0.00497946 -0.00208019   0.0105917           0
Repeater1[0]<--->EndNode1[0]
REAL
  0.467806 0.00562914  0.0210846   0.189911
0.00562914   0.151117 0.00677811 -0.0164489
 0.0210846 0.00677811   0.157687 0.00562914
  0.189911 -0.0164489 0.00562914    0.22339
IMAGINARY
           0  -0.00298126   0.00715371 -1.18965e-05
  0.00298126            0   0.00944586  7.52043e-05
 -0.00715371  -0.00944586            0    0.0186439
 1.18965e-05 -7.52043e-05   -0.0186439            0
Repeater1[0]<--->BSA[0]
REAL
   0.458438  -0.0103117  -0.0125861    0.219942
 -0.0103117    0.110831   0.0273243 -0.00138716
 -0.0125861   0.0273243    0.153652  -0.0109519
   0.219942 -0.00138716  -0.0109519    0.277078
IMAGINARY
          0    0.022752 -0.00484456  0.00497946
  -0.022752           0 -0.00753701  -0.0105917
 0.00484456  0.00753701           0  0.00208019
-0.00497946   0.0105917 -0.00208019           0
