EndNode1[0]<--->Repeater1[0]
REAL
   0.477556    0.011746   0.0101026      0.2677
   0.011746    0.104738   0.0257643 -0.00422028
  0.0101026   0.0257643   0.0947631  0.00459386
     0.2677 -0.00422028  0.00459386    0.322943
IMAGINARY
           0   0.00936617   -0.0126976    0.0117801
 -0.00936617            0  6.93889e-18  -0.00219077
   0.0126976 -6.93889e-18            0  -0.00192201
  -0.0117801   0.00219077   0.00192201            0
EndNode2[0]<--->HoM1[0]
REAL
    0.473822   0.00409055   0.00342609     0.349981
  0.00409055    0.0890052    0.0106024  -0.00786209
  0.00342609    0.0106024     0.078534 -0.000921982
    0.349981  -0.00786209 -0.000921982     0.358639
IMAGINARY
          0  -0.0242758   0.0351873  0.00774153
  0.0242758           0 -0.00573886   0.0192168
 -0.0351873  0.00573886           0   -0.024947
-0.00774153  -0.0192168    0.024947           0
Repeater1[0]<--->EndNode1[0]
REAL
   0.477556   0.0101026    0.011746      0.2677
  0.0101026   0.0947631   0.0257643  0.00459386
   0.011746   0.0257643    0.104738 -0.00422028
     0.2677  0.00459386 -0.00422028    0.322943
IMAGINARY
           0   -0.0126976   0.00936617    0.0117801
   0.0126976            0 -6.93889e-18  -0.00192201
 -0.00936617  6.93889e-18            0  -0.00219077
  -0.0117801   0.00192201   0.00219077            0
Repeater1[0]<--->HoM1[0]
REAL
    0.473822   0.00342609   0.00409055     0.349981
  0.00342609     0.078534    0.0106024 -0.000921982
  0.00409055    0.0106024    0.0890052  -0.00786209
    0.349981 -0.000921982  -0.00786209     0.358639
IMAGINARY
          0   0.0351873  -0.0242758  0.00774153
 -0.0351873           0  0.00573886   -0.024947
  0.0242758 -0.00573886           0   0.0192168
-0.00774153    0.024947  -0.0192168           0
EndNode1[0]<--->Repeater1[0]
REAL
  0.501272  0.0149093 0.00535527   0.268373
 0.0149093   0.110687  0.0105606  0.0161012
0.00535527  0.0105606  0.0916031  0.0117487
  0.268373  0.0161012  0.0117487   0.296438
IMAGINARY
          0   0.0235205   0.0142646 -0.00913716
 -0.0235205           0   0.0128409   0.0117771
 -0.0142646  -0.0128409           0  -0.0183122
 0.00913716  -0.0117771   0.0183122           0
EndNode2[0]<--->HoM1[0]
REAL
   0.475795 -0.00150905  -0.0108641    0.348015
-0.00150905   0.0760719 0.000431781  -0.0121172
 -0.0108641 0.000431781   0.0760719   0.0033724
   0.348015  -0.0121172   0.0033724    0.372061
IMAGINARY
          0 -0.00465736  0.00164282  0.00241976
 0.00465736           0  0.00434531 -0.00845819
-0.00164282 -0.00434531           0   0.0201468
-0.00241976  0.00845819  -0.0201468           0
Repeater1[0]<--->EndNode1[0]
REAL
  0.501272 0.00535527  0.0149093   0.268373
0.00535527  0.0916031  0.0105606  0.0117487
 0.0149093  0.0105606   0.110687  0.0161012
  0.268373  0.0117487  0.0161012   0.296438
IMAGINARY
          0   0.0142646   0.0235205 -0.00913716
 -0.0142646           0  -0.0128409  -0.0183122
 -0.0235205   0.0128409           0   0.0117771
 0.00913716   0.0183122  -0.0117771           0
Repeater1[0]<--->HoM1[0]
REAL
   0.475795  -0.0108641 -0.00150905    0.348015
 -0.0108641   0.0760719 0.000431781   0.0033724
-0.00150905 0.000431781   0.0760719  -0.0121172
   0.348015   0.0033724  -0.0121172    0.372061
IMAGINARY
          0  0.00164282 -0.00465736  0.00241976
-0.00164282           0 -0.00434531   0.0201468
 0.00465736  0.00434531           0 -0.00845819
-0.00241976  -0.0201468  0.00845819           0
EndNode1[0]<--->Repeater1[0]
REAL
   0.455844  -0.0298821 -0.00378812    0.283706
 -0.0298821    0.122078  0.00876983  -0.0168429
-0.00378812  0.00876983    0.106494  -0.0162344
   0.283706  -0.0168429  -0.0162344    0.315584
IMAGINARY
          0  -0.0147553  0.00342284  -0.0118978
  0.0147553           0   0.0197307   0.0132012
-0.00342284  -0.0197307           0 -0.00186872
  0.0118978  -0.0132012  0.00186872           0
EndNode2[0]<--->HoM1[0]
REAL
   0.466091   -0.028487 -0.00906644    0.340357
  -0.028487   0.0665845  0.00483098 -0.00139381
-0.00906644  0.00483098   0.0863132  0.00268506
   0.340357 -0.00139381  0.00268506    0.381011
IMAGINARY
           0     -0.01012    -0.011034   -0.0260517
     0.01012            0    0.0115131    0.0136656
    0.011034   -0.0115131            0  0.000909443
   0.0260517   -0.0136656 -0.000909443            0
Repeater1[0]<--->EndNode1[0]
REAL
   0.455844 -0.00378812  -0.0298821    0.283706
-0.00378812    0.106494  0.00876983  -0.0162344
 -0.0298821  0.00876983    0.122078  -0.0168429
   0.283706  -0.0162344  -0.0168429    0.315584
IMAGINARY
          0  0.00342284  -0.0147553  -0.0118978
-0.00342284           0  -0.0197307 -0.00186872
  0.0147553   0.0197307           0   0.0132012
  0.0118978  0.00186872  -0.0132012           0
Repeater1[0]<--->HoM1[0]
REAL
   0.466091 -0.00906644   -0.028487    0.340357
-0.00906644   0.0863132  0.00483098  0.00268506
  -0.028487  0.00483098   0.0665845 -0.00139381
   0.340357  0.00268506 -0.00139381    0.381011
IMAGINARY
           0    -0.011034     -0.01012   -0.0260517
    0.011034            0   -0.0115131  0.000909443
     0.01012    0.0115131            0    0.0136656
   0.0260517 -0.000909443   -0.0136656            0
EndNode1[0]<--->Repeater1[0]
REAL
     0.47871  -0.00634875 -0.000704579     0.269287
 -0.00634875     0.134194    0.0177262   -0.0148798
-0.000704579    0.0177262     0.076129   -0.0248201
    0.269287   -0.0148798   -0.0248201     0.310968
IMAGINARY
           0    0.0166684  -0.00334649   -0.0115747
  -0.0166684            0  0.000405155   -0.0147559
  0.00334649 -0.000405155            0   -0.0122989
   0.0115747    0.0147559    0.0122989            0
EndNode2[0]<--->HoM1[0]
REAL
   0.47651  0.0188943 0.00684485   0.345459
 0.0188943  0.0697987 0.00460653 0.00684485
0.00684485 0.00460653  0.0912752 -0.0065084
  0.345459 0.00684485 -0.0065084   0.362416
IMAGINARY
          0  0.00142044 -0.00313283 -0.00427257
-0.00142044           0  0.00672355 -0.00313283
 0.00313283 -0.00672355           0 -0.00643297
 0.00427257  0.00313283  0.00643297           0
Repeater1[0]<--->EndNode1[0]
REAL
     0.47871 -0.000704579  -0.00634875     0.269287
-0.000704579     0.076129    0.0177262   -0.0248201
 -0.00634875    0.0177262     0.134194   -0.0148798
    0.269287   -0.0248201   -0.0148798     0.310968
IMAGINARY
           0  -0.00334649    0.0166684   -0.0115747
  0.00334649            0 -0.000405155   -0.0122989
  -0.0166684  0.000405155            0   -0.0147559
   0.0115747    0.0122989    0.0147559            0
Repeater1[0]<--->HoM1[0]
REAL
   0.47651 0.00684485  0.0188943   0.345459
0.00684485  0.0912752 0.00460653 -0.0065084
 0.0188943 0.00460653  0.0697987 0.00684485
  0.345459 -0.0065084 0.00684485   0.362416
IMAGINARY
          0 -0.00313283  0.00142044 -0.00427257
 0.00313283           0 -0.00672355 -0.00643297
-0.00142044  0.00672355           0 -0.00313283
 0.00427257  0.00643297  0.00313283           0
EndNode1[0]<--->Repeater1[0]
REAL
  0.457293 -0.0123727  0.0026503   0.289471
-0.0123727   0.110381  0.0202403 0.00916072
 0.0026503  0.0202403   0.128778 -0.0033753
  0.289471 0.00916072 -0.0033753   0.303548
IMAGINARY
           0    0.0225901   -0.0300776     0.011977
  -0.0225901            0 -0.000778078    -0.034025
   0.0300776  0.000778078            0    0.0261278
   -0.011977     0.034025   -0.0261278            0
EndNode2[0]<--->HoM1[0]
REAL
   0.432606  -0.0213617  -0.0178382    0.340177
 -0.0213617    0.084724  0.00830767  0.00773722
 -0.0178382  0.00830767   0.0783055 -0.00641606
   0.340177  0.00773722 -0.00641606    0.404365
IMAGINARY
          0   0.0123807  0.00892019  0.00640694
 -0.0123807           0  0.00822072 -0.00201932
-0.00892019 -0.00822072           0  -0.0192816
-0.00640694  0.00201932   0.0192816           0
Repeater1[0]<--->EndNode1[0]
REAL
  0.457293  0.0026503 -0.0123727   0.289471
 0.0026503   0.128778  0.0202403 -0.0033753
-0.0123727  0.0202403   0.110381 0.00916072
  0.289471 -0.0033753 0.00916072   0.303548
IMAGINARY
           0   -0.0300776    0.0225901     0.011977
   0.0300776            0  0.000778078    0.0261278
  -0.0225901 -0.000778078            0    -0.034025
   -0.011977   -0.0261278     0.034025            0
Repeater1[0]<--->HoM1[0]
REAL
   0.432606  -0.0178382  -0.0213617    0.340177
 -0.0178382   0.0783055  0.00830767 -0.00641606
 -0.0213617  0.00830767    0.084724  0.00773722
   0.340177 -0.00641606  0.00773722    0.404365
IMAGINARY
          0  0.00892019   0.0123807  0.00640694
-0.00892019           0 -0.00822072  -0.0192816
 -0.0123807  0.00822072           0 -0.00201932
-0.00640694   0.0192816  0.00201932           0
EndNode1[0]<--->Repeater1[0]
REAL
   0.456227  0.00119962  0.00998357    0.259423
 0.00119962    0.127004   0.0138932 -0.00221155
 0.00998357   0.0138932    0.115906 -0.00249496
   0.259423 -0.00221155 -0.00249496    0.300863
IMAGINARY
          0    0.010439  -0.0110295   0.0204178
  -0.010439           0 -0.00582893  -0.0116665
  0.0110295  0.00582893           0   0.0163835
 -0.0204178   0.0116665  -0.0163835           0
EndNode2[0]<--->HoM1[0]
REAL
   0.453621 -0.00799119  0.00936078    0.349743
-0.00799119   0.0736976   0.0285842 -0.00872707
 0.00936078   0.0285842   0.0952986 -0.00151451
   0.349743 -0.00872707 -0.00151451    0.377382
IMAGINARY
           0  -0.00941999    0.0257889    0.0158851
  0.00941999            0    -0.020006 -0.000599986
  -0.0257889     0.020006            0  -0.00821226
  -0.0158851  0.000599986   0.00821226            0
Repeater1[0]<--->EndNode1[0]
REAL
   0.456227  0.00998357  0.00119962    0.259423
 0.00998357    0.115906   0.0138932 -0.00249496
 0.00119962   0.0138932    0.127004 -0.00221155
   0.259423 -0.00249496 -0.00221155    0.300863
IMAGINARY
          0  -0.0110295    0.010439   0.0204178
  0.0110295           0  0.00582893   0.0163835
  -0.010439 -0.00582893           0  -0.0116665
 -0.0204178  -0.0163835   0.0116665           0
Repeater1[0]<--->HoM1[0]
REAL
   0.453621  0.00936078 -0.00799119    0.349743
 0.00936078   0.0952986   0.0285842 -0.00151451
-0.00799119   0.0285842   0.0736976 -0.00872707
   0.349743 -0.00151451 -0.00872707    0.377382
IMAGINARY
           0    0.0257889  -0.00941999    0.0158851
  -0.0257889            0     0.020006  -0.00821226
  0.00941999    -0.020006            0 -0.000599986
  -0.0158851   0.00821226  0.000599986            0
EndNode1[0]<--->Repeater1[0]
REAL
   0.447837  0.00519386 -0.00196886      0.2782
 0.00519386    0.109415    0.005133   0.0135073
-0.00196886    0.005133    0.104326  0.00249844
     0.2782   0.0135073  0.00249844    0.338422
IMAGINARY
          0 -0.00480066  0.00483584   0.0299135
 0.00480066           0  0.00770622 -0.00732961
-0.00483584 -0.00770622           0   0.0097882
 -0.0299135  0.00732961  -0.0097882           0
EndNode2[0]<--->HoM1[0]
REAL
   0.437111  0.00661099  0.00185644    0.348566
 0.00661099   0.0672478   0.0141286 -0.00185644
 0.00185644   0.0141286   0.0809465   0.0141144
   0.348566 -0.00185644   0.0141144    0.414695
IMAGINARY
          0  0.00740608 -0.00226608 -0.00626086
-0.00740608           0 -0.00184724   0.0108753
 0.00226608  0.00184724           0  -0.0120418
 0.00626086  -0.0108753   0.0120418           0
Repeater1[0]<--->EndNode1[0]
REAL
   0.447837 -0.00196886  0.00519386      0.2782
-0.00196886    0.104326    0.005133  0.00249844
 0.00519386    0.005133    0.109415   0.0135073
     0.2782  0.00249844   0.0135073    0.338422
IMAGINARY
          0  0.00483584 -0.00480066   0.0299135
-0.00483584           0 -0.00770622   0.0097882
 0.00480066  0.00770622           0 -0.00732961
 -0.0299135  -0.0097882  0.00732961           0
Repeater1[0]<--->HoM1[0]
REAL
   0.437111  0.00185644  0.00661099    0.348566
 0.00185644   0.0809465   0.0141286   0.0141144
 0.00661099   0.0141286   0.0672478 -0.00185644
   0.348566   0.0141144 -0.00185644    0.414695
IMAGINARY
          0 -0.00226608  0.00740608 -0.00626086
 0.00226608           0  0.00184724  -0.0120418
-0.00740608 -0.00184724           0   0.0108753
 0.00626086   0.0120418  -0.0108753           0
EndNode1[0]<--->Repeater1[0]
REAL
   0.43401 -0.0130363 -0.0044361   0.277283
-0.0130363   0.126904  0.0119893  0.0152918
-0.0044361  0.0119893  0.0951777  0.0200606
  0.277283  0.0152918  0.0200606   0.343909
IMAGINARY
          0 -0.00167512  0.00841965   0.0134472
 0.00167512           0   0.0271288  -0.0215283
-0.00841965  -0.0271288           0  -0.0051913
 -0.0134472   0.0215283   0.0051913           0
EndNode2[0]<--->HoM1[0]
REAL
  0.471722  0.0201645  0.0318151    0.35993
 0.0201645  0.0552699  0.0166935 0.00714598
 0.0318151  0.0166935   0.100257  0.0174978
   0.35993 0.00714598  0.0174978   0.372751
IMAGINARY
          0   0.0061579  0.00740812  0.00489274
 -0.0061579           0  0.00878885 -0.00551178
-0.00740812 -0.00878885           0  0.00205954
-0.00489274  0.00551178 -0.00205954           0
Repeater1[0]<--->EndNode1[0]
REAL
   0.43401 -0.0044361 -0.0130363   0.277283
-0.0044361  0.0951777  0.0119893  0.0200606
-0.0130363  0.0119893   0.126904  0.0152918
  0.277283  0.0200606  0.0152918   0.343909
IMAGINARY
          0  0.00841965 -0.00167512   0.0134472
-0.00841965           0  -0.0271288  -0.0051913
 0.00167512   0.0271288           0  -0.0215283
 -0.0134472   0.0051913   0.0215283           0
Repeater1[0]<--->HoM1[0]
REAL
  0.471722  0.0318151  0.0201645    0.35993
 0.0318151   0.100257  0.0166935  0.0174978
 0.0201645  0.0166935  0.0552699 0.00714598
   0.35993  0.0174978 0.00714598   0.372751
IMAGINARY
          0  0.00740812   0.0061579  0.00489274
-0.00740812           0 -0.00878885  0.00205954
 -0.0061579  0.00878885           0 -0.00551178
-0.00489274 -0.00205954  0.00551178           0
EndNode1[0]<--->Repeater1[0]
REAL
    0.478149   -0.0112958  -0.00290625     0.296345
  -0.0112958     0.106684     0.016727 -0.000361722
 -0.00290625     0.016727     0.100257    0.0014919
    0.296345 -0.000361722    0.0014919      0.31491
IMAGINARY
          0   0.0141659   -0.008223  0.00523429
 -0.0141659           0  0.00645083 -0.00260502
   0.008223 -0.00645083           0  0.00557935
-0.00523429  0.00260502 -0.00557935           0
EndNode2[0]<--->HoM1[0]
REAL
  0.465863 0.00673022  0.0201343   0.339962
0.00673022  0.0763052  0.0093887 0.00713842
 0.0201343  0.0093887  0.0803213 0.00236069
  0.339962 0.00713842 0.00236069    0.37751
IMAGINARY
          0  0.00173784 -0.00349103  0.00801511
-0.00173784           0 -0.00312513   0.0155929
 0.00349103  0.00312513           0  -0.0176614
-0.00801511  -0.0155929   0.0176614           0
Repeater1[0]<--->EndNode1[0]
REAL
    0.478149  -0.00290625   -0.0112958     0.296345
 -0.00290625     0.100257     0.016727    0.0014919
  -0.0112958     0.016727     0.106684 -0.000361722
    0.296345    0.0014919 -0.000361722      0.31491
IMAGINARY
          0   -0.008223   0.0141659  0.00523429
   0.008223           0 -0.00645083  0.00557935
 -0.0141659  0.00645083           0 -0.00260502
-0.00523429 -0.00557935  0.00260502           0
Repeater1[0]<--->HoM1[0]
REAL
  0.465863  0.0201343 0.00673022   0.339962
 0.0201343  0.0803213  0.0093887 0.00236069
0.00673022  0.0093887  0.0763052 0.00713842
  0.339962 0.00236069 0.00713842    0.37751
IMAGINARY
          0 -0.00349103  0.00173784  0.00801511
 0.00349103           0  0.00312513  -0.0176614
-0.00173784 -0.00312513           0   0.0155929
-0.00801511   0.0176614  -0.0155929           0
EndNode1[0]<--->Repeater1[0]
REAL
   0.472611 -0.00419422   0.0134127    0.268639
-0.00419422    0.117197  -0.0176511   0.0096439
  0.0134127  -0.0176511    0.100637  0.00748803
   0.268639   0.0096439  0.00748803    0.309554
IMAGINARY
           0  -0.00638666    0.0131125   0.00444555
  0.00638666            0 -0.000579573   0.00167242
  -0.0131125  0.000579573            0  -0.00974237
 -0.00444555  -0.00167242   0.00974237            0
EndNode2[0]<--->HoM1[0]
REAL
    0.43408   0.0208169 -0.00189796    0.352085
  0.0208169   0.0758706 -0.00411599  0.00386388
-0.00189796 -0.00411599    0.079602 -0.00836601
   0.352085  0.00386388 -0.00836601    0.410448
IMAGINARY
           0   0.00363283   0.00476733   -0.0214486
 -0.00363283            0 -0.000396014   -0.0179599
 -0.00476733  0.000396014            0   0.00296348
   0.0214486    0.0179599  -0.00296348            0
Repeater1[0]<--->EndNode1[0]
REAL
   0.472611   0.0134127 -0.00419422    0.268639
  0.0134127    0.100637  -0.0176511  0.00748803
-0.00419422  -0.0176511    0.117197   0.0096439
   0.268639  0.00748803   0.0096439    0.309554
IMAGINARY
           0    0.0131125  -0.00638666   0.00444555
  -0.0131125            0  0.000579573  -0.00974237
  0.00638666 -0.000579573            0   0.00167242
 -0.00444555   0.00974237  -0.00167242            0
Repeater1[0]<--->HoM1[0]
REAL
    0.43408 -0.00189796   0.0208169    0.352085
-0.00189796    0.079602 -0.00411599 -0.00836601
  0.0208169 -0.00411599   0.0758706  0.00386388
   0.352085 -0.00836601  0.00386388    0.410448
IMAGINARY
           0   0.00476733   0.00363283   -0.0214486
 -0.00476733            0  0.000396014   0.00296348
 -0.00363283 -0.000396014            0   -0.0179599
   0.0214486  -0.00296348    0.0179599            0
EndNode1[0]<--->Repeater1[0]
REAL
  0.455901  0.0157771  0.0126132   0.274131
 0.0157771   0.118012 0.00421951 -0.0126132
 0.0126132 0.00421951   0.103106 -0.0209317
  0.274131 -0.0126132 -0.0209317   0.322981
IMAGINARY
           0  0.000288536  -0.00407343    0.0031472
-0.000288536            0   0.00772236 -0.000351347
  0.00407343  -0.00772236            0    0.0016078
  -0.0031472  0.000351347   -0.0016078            0
EndNode2[0]<--->HoM1[0]
REAL
   0.462217 -0.00619085   0.0265688    0.338572
-0.00619085   0.0617128   0.0281825  0.00641274
  0.0265688   0.0281825   0.0969773   0.0167449
   0.338572  0.00641274   0.0167449    0.379093
IMAGINARY
          0  0.00053642 -0.00462765  0.00501357
-0.00053642           0   0.0120021  -0.0109568
 0.00462765  -0.0120021           0  0.00985319
-0.00501357   0.0109568 -0.00985319           0
Repeater1[0]<--->EndNode1[0]
REAL
  0.455901  0.0126132  0.0157771   0.274131
 0.0126132   0.103106 0.00421951 -0.0209317
 0.0157771 0.00421951   0.118012 -0.0126132
  0.274131 -0.0209317 -0.0126132   0.322981
IMAGINARY
           0  -0.00407343  0.000288536    0.0031472
  0.00407343            0  -0.00772236    0.0016078
-0.000288536   0.00772236            0 -0.000351347
  -0.0031472   -0.0016078  0.000351347            0
Repeater1[0]<--->HoM1[0]
REAL
   0.462217   0.0265688 -0.00619085    0.338572
  0.0265688   0.0969773   0.0281825   0.0167449
-0.00619085   0.0281825   0.0617128  0.00641274
   0.338572   0.0167449  0.00641274    0.379093
IMAGINARY
          0 -0.00462765  0.00053642  0.00501357
 0.00462765           0  -0.0120021  0.00985319
-0.00053642   0.0120021           0  -0.0109568
-0.00501357 -0.00985319   0.0109568           0
EndNode1[0]<--->Repeater1[0]
REAL
   0.461538 -0.00445541   -0.014746    0.275429
-0.00445541    0.111538  0.00777859  0.00221466
  -0.014746  0.00777859   0.0961538   0.0232524
   0.275429  0.00221466   0.0232524    0.330769
IMAGINARY
          0  0.00416953  0.00268864   0.0111341
-0.00416953           0  0.00425051 -0.00589788
-0.00268864 -0.00425051           0  0.00545819
 -0.0111341  0.00589788 -0.00545819           0
EndNode2[0]<--->HoM1[0]
REAL
    0.46875  -0.0080159  0.00469337     0.34617
 -0.0080159   0.0853365   0.0261702 -0.00469337
 0.00469337   0.0261702   0.0637019   -0.023899
    0.34617 -0.00469337   -0.023899    0.382212
IMAGINARY
           0   0.00482309   0.00432852   0.00533693
 -0.00482309            0  -0.00341139   0.00367148
 -0.00432852   0.00341139            0 -0.000823087
 -0.00533693  -0.00367148  0.000823087            0
Repeater1[0]<--->EndNode1[0]
REAL
   0.461538   -0.014746 -0.00445541    0.275429
  -0.014746   0.0961538  0.00777859   0.0232524
-0.00445541  0.00777859    0.111538  0.00221466
   0.275429   0.0232524  0.00221466    0.330769
IMAGINARY
          0  0.00268864  0.00416953   0.0111341
-0.00268864           0 -0.00425051  0.00545819
-0.00416953  0.00425051           0 -0.00589788
 -0.0111341 -0.00545819  0.00589788           0
Repeater1[0]<--->HoM1[0]
REAL
    0.46875  0.00469337  -0.0080159     0.34617
 0.00469337   0.0637019   0.0261702   -0.023899
 -0.0080159   0.0261702   0.0853365 -0.00469337
    0.34617   -0.023899 -0.00469337    0.382212
IMAGINARY
           0   0.00432852   0.00482309   0.00533693
 -0.00432852            0   0.00341139 -0.000823087
 -0.00482309  -0.00341139            0   0.00367148
 -0.00533693  0.000823087  -0.00367148            0
EndNode1[0]<--->Repeater1[0]
REAL
  0.469038 0.00786575 0.00403287   0.254832
0.00786575   0.115942  0.0196901  0.0169862
0.00403287  0.0196901  0.0948617  0.0246183
  0.254832  0.0169862  0.0246183   0.320158
IMAGINARY
           0   -0.0185449 -0.000772043   0.00649588
   0.0185449            0  -0.00891719   0.00464801
 0.000772043   0.00891719            0  -0.00471091
 -0.00649588  -0.00464801   0.00471091            0
EndNode2[0]<--->HoM1[0]
REAL
   0.432292   0.0120737 -0.00911559     0.34126
  0.0120737   0.0885417  0.00130945 -0.00977609
-0.00911559  0.00130945   0.0755208  -0.0095548
    0.34126 -0.00977609  -0.0095548    0.403646
IMAGINARY
          0   0.0105459 -0.00247647   0.0149957
 -0.0105459           0  0.00370753   0.0173648
 0.00247647 -0.00370753           0   0.0105459
 -0.0149957  -0.0173648  -0.0105459           0
Repeater1[0]<--->EndNode1[0]
REAL
  0.469038 0.00403287 0.00786575   0.254832
0.00403287  0.0948617  0.0196901  0.0246183
0.00786575  0.0196901   0.115942  0.0169862
  0.254832  0.0246183  0.0169862   0.320158
IMAGINARY
           0 -0.000772043   -0.0185449   0.00649588
 0.000772043            0   0.00891719  -0.00471091
   0.0185449  -0.00891719            0   0.00464801
 -0.00649588   0.00471091  -0.00464801            0
Repeater1[0]<--->HoM1[0]
REAL
   0.432292 -0.00911559   0.0120737     0.34126
-0.00911559   0.0755208  0.00130945  -0.0095548
  0.0120737  0.00130945   0.0885417 -0.00977609
    0.34126  -0.0095548 -0.00977609    0.403646
IMAGINARY
          0 -0.00247647   0.0105459   0.0149957
 0.00247647           0 -0.00370753   0.0105459
 -0.0105459  0.00370753           0   0.0173648
 -0.0149957  -0.0105459  -0.0173648           0
EndNode1[0]<--->Repeater1[0]
REAL
   0.492885 -0.00572511 -0.00341627    0.298157
-0.00572511    0.135834  0.00754288  -0.0198998
-0.00341627  0.00754288   0.0892626  -0.0124096
   0.298157  -0.0198998  -0.0124096    0.282018
IMAGINARY
          0 -0.00399624  0.00349777  0.00459611
 0.00399624           0   0.0211524 -0.00289609
-0.00349777  -0.0211524           0 -0.00141892
-0.00459611  0.00289609  0.00141892           0
EndNode2[0]<--->HoM1[0]
REAL
    0.460177    0.0155422   0.00455703     0.335853
   0.0155422    0.0707965 -0.000147477   0.00643909
  0.00455703 -0.000147477    0.0670038    0.0226208
    0.335853   0.00643909    0.0226208     0.402023
IMAGINARY
          0    0.032021  -0.0102513 -0.00293851
  -0.032021           0   0.0313623 -0.00841534
  0.0102513  -0.0313623           0 -0.00402097
 0.00293851  0.00841534  0.00402097           0
Repeater1[0]<--->EndNode1[0]
REAL
   0.492885 -0.00341627 -0.00572511    0.298157
-0.00341627   0.0892626  0.00754288  -0.0124096
-0.00572511  0.00754288    0.135834  -0.0198998
   0.298157  -0.0124096  -0.0198998    0.282018
IMAGINARY
          0  0.00349777 -0.00399624  0.00459611
-0.00349777           0  -0.0211524 -0.00141892
 0.00399624   0.0211524           0 -0.00289609
-0.00459611  0.00141892  0.00289609           0
Repeater1[0]<--->HoM1[0]
REAL
    0.460177   0.00455703    0.0155422     0.335853
  0.00455703    0.0670038 -0.000147477    0.0226208
   0.0155422 -0.000147477    0.0707965   0.00643909
    0.335853    0.0226208   0.00643909     0.402023
IMAGINARY
          0  -0.0102513    0.032021 -0.00293851
  0.0102513           0  -0.0313623 -0.00402097
  -0.032021   0.0313623           0 -0.00841534
 0.00293851  0.00402097  0.00841534           0
EndNode1[0]<--->Repeater1[0]
REAL
   0.476316  -0.0237626  -0.0157545     0.25592
 -0.0237626   0.0868421   0.0132143 -0.00871225
 -0.0157545   0.0132143    0.110526  -0.0107418
    0.25592 -0.00871225  -0.0107418    0.326316
IMAGINARY
          0 -0.00101604  -0.0162149    0.023386
 0.00101604           0   0.0273024  0.00958361
  0.0162149  -0.0273024           0 -0.00561526
  -0.023386 -0.00958361  0.00561526           0
EndNode2[0]<--->HoM1[0]
REAL
    0.48961 -0.00384289  0.00443635    0.356276
-0.00384289   0.0675325  0.00356255 -0.00713177
 0.00443635  0.00356255    0.074026  -0.0258067
   0.356276 -0.00713177  -0.0258067    0.368831
IMAGINARY
          0  -0.0221705   0.0102865   0.0169107
  0.0221705           0  -0.0115343  0.00263342
 -0.0102865   0.0115343           0 -0.00883721
 -0.0169107 -0.00263342  0.00883721           0
Repeater1[0]<--->EndNode1[0]
REAL
   0.476316  -0.0157545  -0.0237626     0.25592
 -0.0157545    0.110526   0.0132143  -0.0107418
 -0.0237626   0.0132143   0.0868421 -0.00871225
    0.25592  -0.0107418 -0.00871225    0.326316
IMAGINARY
          0  -0.0162149 -0.00101604    0.023386
  0.0162149           0  -0.0273024 -0.00561526
 0.00101604   0.0273024           0  0.00958361
  -0.023386  0.00561526 -0.00958361           0
Repeater1[0]<--->HoM1[0]
REAL
    0.48961  0.00443635 -0.00384289    0.356276
 0.00443635    0.074026  0.00356255  -0.0258067
-0.00384289  0.00356255   0.0675325 -0.00713177
   0.356276  -0.0258067 -0.00713177    0.368831
IMAGINARY
          0   0.0102865  -0.0221705   0.0169107
 -0.0102865           0   0.0115343 -0.00883721
  0.0221705  -0.0115343           0  0.00263342
 -0.0169107  0.00883721 -0.00263342           0
EndNode1[0]<--->Repeater1[0]
REAL
   0.444288  0.00761046   0.0052414    0.273286
 0.00761046    0.112835 -0.00981651  0.00461405
  0.0052414 -0.00981651   0.0987306   0.0101294
   0.273286  0.00461405   0.0101294    0.344147
IMAGINARY
          0    0.022867  0.00977876   0.0103775
  -0.022867           0 -0.00971703  -0.0305858
-0.00977876  0.00971703           0  0.00802831
 -0.0103775   0.0305858 -0.00802831           0
EndNode2[0]<--->HoM1[0]
REAL
  0.456233  0.0358936  0.0201778   0.347242
 0.0358936  0.0689655 -0.0182404  0.0201778
 0.0201778 -0.0182404  0.0875332  0.0222459
  0.347242  0.0201778  0.0222459   0.387268
IMAGINARY
           0  -0.00121164  -0.00873776   0.00529067
  0.00121164            0  0.000515777   0.00746872
  0.00873776 -0.000515777            0    0.0100949
 -0.00529067  -0.00746872   -0.0100949            0
Repeater1[0]<--->EndNode1[0]
REAL
   0.444288   0.0052414  0.00761046    0.273286
  0.0052414   0.0987306 -0.00981651   0.0101294
 0.00761046 -0.00981651    0.112835  0.00461405
   0.273286   0.0101294  0.00461405    0.344147
IMAGINARY
          0  0.00977876    0.022867   0.0103775
-0.00977876           0  0.00971703  0.00802831
  -0.022867 -0.00971703           0  -0.0305858
 -0.0103775 -0.00802831   0.0305858           0
Repeater1[0]<--->HoM1[0]
REAL
  0.456233  0.0201778  0.0358936   0.347242
 0.0201778  0.0875332 -0.0182404  0.0222459
 0.0358936 -0.0182404  0.0689655  0.0201778
  0.347242  0.0222459  0.0201778   0.387268
IMAGINARY
           0  -0.00873776  -0.00121164   0.00529067
  0.00873776            0 -0.000515777    0.0100949
  0.00121164  0.000515777            0   0.00746872
 -0.00529067   -0.0100949  -0.00746872            0
EndNode1[0]<--->Repeater1[0]
REAL
  0.474555  0.0299184 0.00545142    0.26423
 0.0299184   0.120865  0.0119482  0.0167999
0.00545142  0.0119482  0.0928753 -0.0246828
   0.26423  0.0167999 -0.0246828   0.311705
IMAGINARY
           0    0.0166856  0.000545585    0.0187995
  -0.0166856            0  -0.00731991   -0.0129315
-0.000545585   0.00731991            0  -0.00169211
  -0.0187995    0.0129315   0.00169211            0
EndNode2[0]<--->HoM1[0]
REAL
  0.452564 -0.0189989 -0.0152212   0.351856
-0.0189989  0.0948718  0.0139828 -0.0214247
-0.0152212  0.0139828  0.0705128 -0.0151626
  0.351856 -0.0214247 -0.0151626   0.382051
IMAGINARY
          0 -0.00070109   0.0176918   -0.022815
 0.00070109           0 -0.00168828 -0.00666717
 -0.0176918  0.00168828           0  -0.0142146
   0.022815  0.00666717   0.0142146           0
Repeater1[0]<--->EndNode1[0]
REAL
  0.474555 0.00545142  0.0299184    0.26423
0.00545142  0.0928753  0.0119482 -0.0246828
 0.0299184  0.0119482   0.120865  0.0167999
   0.26423 -0.0246828  0.0167999   0.311705
IMAGINARY
           0  0.000545585    0.0166856    0.0187995
-0.000545585            0   0.00731991  -0.00169211
  -0.0166856  -0.00731991            0   -0.0129315
  -0.0187995   0.00169211    0.0129315            0
Repeater1[0]<--->HoM1[0]
REAL
  0.452564 -0.0152212 -0.0189989   0.351856
-0.0152212  0.0705128  0.0139828 -0.0151626
-0.0189989  0.0139828  0.0948718 -0.0214247
  0.351856 -0.0151626 -0.0214247   0.382051
IMAGINARY
          0   0.0176918 -0.00070109   -0.022815
 -0.0176918           0  0.00168828  -0.0142146
 0.00070109 -0.00168828           0 -0.00666717
   0.022815   0.0142146  0.00666717           0
EndNode1[0]<--->Repeater1[0]
REAL
   0.444872 -0.00261524 -0.00803666    0.282872
-0.00261524   0.0987179   0.0166037  0.00869197
-0.00803666   0.0166037   0.0923077  0.00195993
   0.282872  0.00869197  0.00195993    0.364103
IMAGINARY
          0   0.0239044  0.00681085 -0.00518062
 -0.0239044           0 -0.00214295 -0.00747486
-0.00681085  0.00214295           0   0.0059761
 0.00518062  0.00747486  -0.0059761           0
EndNode2[0]<--->HoM1[0]
REAL
    0.457921   -0.0101134   -0.0289452     0.346113
  -0.0101134    0.0705446   0.00578781 -0.000543637
  -0.0289452   0.00578781     0.085396  -0.00495872
    0.346113 -0.000543637  -0.00495872     0.386139
IMAGINARY
           0 -1.36226e-05   0.00483077  -0.00489287
 1.36226e-05            0   -0.0241475   0.00667126
 -0.00483077    0.0241475            0  -0.00336933
  0.00489287  -0.00667126   0.00336933            0
Repeater1[0]<--->EndNode1[0]
REAL
   0.444872 -0.00803666 -0.00261524    0.282872
-0.00803666   0.0923077   0.0166037  0.00195993
-0.00261524   0.0166037   0.0987179  0.00869197
   0.282872  0.00195993  0.00869197    0.364103
IMAGINARY
          0  0.00681085   0.0239044 -0.00518062
-0.00681085           0  0.00214295   0.0059761
 -0.0239044 -0.00214295           0 -0.00747486
 0.00518062  -0.0059761  0.00747486           0
Repeater1[0]<--->HoM1[0]
REAL
    0.457921   -0.0289452   -0.0101134     0.346113
  -0.0289452     0.085396   0.00578781  -0.00495872
  -0.0101134   0.00578781    0.0705446 -0.000543637
    0.346113  -0.00495872 -0.000543637     0.386139
IMAGINARY
           0   0.00483077 -1.36226e-05  -0.00489287
 -0.00483077            0    0.0241475  -0.00336933
 1.36226e-05   -0.0241475            0   0.00667126
  0.00489287   0.00336933  -0.00667126            0
EndNode1[0]<--->Repeater1[0]
REAL
  0.481436  0.0097709 -0.0074224   0.291547
 0.0097709   0.105198  0.0195191 0.00539811
-0.0074224  0.0195191  0.0977723 -0.0279895
  0.291547 0.00539811 -0.0279895   0.315594
IMAGINARY
          0  0.00644394   0.0118899   0.0205797
-0.00644394           0  0.00346474  -0.0041976
 -0.0118899 -0.00346474           0  -0.0127376
 -0.0205797   0.0041976   0.0127376           0
EndNode2[0]<--->HoM1[0]
REAL
   0.457737 -0.00194104   0.0166389    0.346885
-0.00194104   0.0611183   0.0163162   0.0127729
  0.0166389   0.0163162   0.0936281   0.0204089
   0.346885   0.0127729   0.0204089    0.387516
IMAGINARY
          0  0.00337085 -0.00417288   0.0163107
-0.00337085           0  0.00915851  0.00180321
 0.00417288 -0.00915851           0 -0.00929502
 -0.0163107 -0.00180321  0.00929502           0
Repeater1[0]<--->EndNode1[0]
REAL
  0.481436 -0.0074224  0.0097709   0.291547
-0.0074224  0.0977723  0.0195191 -0.0279895
 0.0097709  0.0195191   0.105198 0.00539811
  0.291547 -0.0279895 0.00539811   0.315594
IMAGINARY
          0   0.0118899  0.00644394   0.0205797
 -0.0118899           0 -0.00346474  -0.0127376
-0.00644394  0.00346474           0  -0.0041976
 -0.0205797   0.0127376   0.0041976           0
Repeater1[0]<--->HoM1[0]
REAL
   0.457737   0.0166389 -0.00194104    0.346885
  0.0166389   0.0936281   0.0163162   0.0204089
-0.00194104   0.0163162   0.0611183   0.0127729
   0.346885   0.0204089   0.0127729    0.387516
IMAGINARY
          0 -0.00417288  0.00337085   0.0163107
 0.00417288           0 -0.00915851 -0.00929502
-0.00337085  0.00915851           0  0.00180321
 -0.0163107  0.00929502 -0.00180321           0
EndNode1[0]<--->Repeater1[0]
REAL
   0.463649 -0.00594434  0.00336521    0.276416
-0.00594434    0.115226   0.0226092 -0.00519225
 0.00336521   0.0226092    0.109739  0.00777138
   0.276416 -0.00519225  0.00777138    0.311385
IMAGINARY
          0  -0.0104471   0.0115192   0.0064417
  0.0104471           0   0.0013912 -0.00390498
 -0.0115192  -0.0013912           0 -0.00478135
 -0.0064417  0.00390498  0.00478135           0
EndNode2[0]<--->HoM1[0]
REAL
    0.473411   0.00647468  0.000921572     0.347313
  0.00647468    0.0869001 -0.000570151  -0.00539156
 0.000921572 -0.000570151     0.106355   -0.0109447
    0.347313  -0.00539156   -0.0109447     0.333333
IMAGINARY
          0 -0.00665021    0.001924  -0.0072998
 0.00665021           0  0.00665959   0.0271765
  -0.001924 -0.00665959           0  -0.0158366
  0.0072998  -0.0271765   0.0158366           0
Repeater1[0]<--->EndNode1[0]
REAL
   0.463649  0.00336521 -0.00594434    0.276416
 0.00336521    0.109739   0.0226092  0.00777138
-0.00594434   0.0226092    0.115226 -0.00519225
   0.276416  0.00777138 -0.00519225    0.311385
IMAGINARY
          0   0.0115192  -0.0104471   0.0064417
 -0.0115192           0  -0.0013912 -0.00478135
  0.0104471   0.0013912           0 -0.00390498
 -0.0064417  0.00478135  0.00390498           0
Repeater1[0]<--->HoM1[0]
REAL
    0.473411  0.000921572   0.00647468     0.347313
 0.000921572     0.106355 -0.000570151   -0.0109447
  0.00647468 -0.000570151    0.0869001  -0.00539156
    0.347313   -0.0109447  -0.00539156     0.333333
IMAGINARY
          0    0.001924 -0.00665021  -0.0072998
  -0.001924           0 -0.00665959  -0.0158366
 0.00665021  0.00665959           0   0.0271765
  0.0072998   0.0158366  -0.0271765           0
EndNode1[0]<--->Repeater1[0]
REAL
   0.481976 -0.00971845 -0.00223573    0.292295
-0.00971845    0.113485   0.0220082  -0.0234857
-0.00223573   0.0220082    0.104139  -0.0185124
   0.292295  -0.0234857  -0.0185124    0.300401
IMAGINARY
          0  0.00661862 -0.00808163  0.00408364
-0.00661862           0   0.0111079  -0.0125176
 0.00808163  -0.0111079           0 -0.00849127
-0.00408364   0.0125176  0.00849127           0
EndNode2[0]<--->HoM1[0]
REAL
    0.465686    0.0284872  -0.00438892     0.346482
   0.0284872    0.0857843   0.00351759 -0.000739285
 -0.00438892   0.00351759    0.0870098   -0.0195128
    0.346482 -0.000739285   -0.0195128      0.36152
IMAGINARY
           0  -0.00330047  -0.00622872  -0.00918003
  0.00330047            0 -0.000727497    -0.023922
  0.00622872  0.000727497            0    0.0120944
  0.00918003     0.023922   -0.0120944            0
Repeater1[0]<--->EndNode1[0]
REAL
   0.481976 -0.00223573 -0.00971845    0.292295
-0.00223573    0.104139   0.0220082  -0.0185124
-0.00971845   0.0220082    0.113485  -0.0234857
   0.292295  -0.0185124  -0.0234857    0.300401
IMAGINARY
          0 -0.00808163  0.00661862  0.00408364
 0.00808163           0  -0.0111079 -0.00849127
-0.00661862   0.0111079           0  -0.0125176
-0.00408364  0.00849127   0.0125176           0
Repeater1[0]<--->HoM1[0]
REAL
    0.465686  -0.00438892    0.0284872     0.346482
 -0.00438892    0.0870098   0.00351759   -0.0195128
   0.0284872   0.00351759    0.0857843 -0.000739285
    0.346482   -0.0195128 -0.000739285      0.36152
IMAGINARY
           0  -0.00622872  -0.00330047  -0.00918003
  0.00622872            0  0.000727497    0.0120944
  0.00330047 -0.000727497            0    -0.023922
  0.00918003   -0.0120944     0.023922            0
EndNode1[0]<--->Repeater1[0]
REAL
   0.457746   0.0321893  0.00678431    0.300731
  0.0321893    0.112676  0.00972611   0.0147843
 0.00678431  0.00972611    0.117371 -0.00147039
   0.300731   0.0147843 -0.00147039    0.312207
IMAGINARY
          0  -0.0079208  0.00486365   0.0171019
  0.0079208           0 -0.00727228  -0.0220594
-0.00486365  0.00727228           0  0.00395255
 -0.0171019   0.0220594 -0.00395255           0
EndNode2[0]<--->HoM1[0]
REAL
    0.46879  0.00905202 -0.00162463    0.342255
 0.00905202   0.0840764   0.0106095 -0.00618787
-0.00162463   0.0106095    0.077707  -0.0389999
   0.342255 -0.00618787  -0.0389999    0.369427
IMAGINARY
           0    0.0096968  0.000607928   0.00579173
  -0.0096968            0    0.0240685   0.00192372
-0.000607928   -0.0240685            0 -0.000836039
 -0.00579173  -0.00192372  0.000836039            0
Repeater1[0]<--->EndNode1[0]
REAL
   0.457746  0.00678431   0.0321893    0.300731
 0.00678431    0.117371  0.00972611 -0.00147039
  0.0321893  0.00972611    0.112676   0.0147843
   0.300731 -0.00147039   0.0147843    0.312207
IMAGINARY
          0  0.00486365  -0.0079208   0.0171019
-0.00486365           0  0.00727228  0.00395255
  0.0079208 -0.00727228           0  -0.0220594
 -0.0171019 -0.00395255   0.0220594           0
Repeater1[0]<--->HoM1[0]
REAL
    0.46879 -0.00162463  0.00905202    0.342255
-0.00162463    0.077707   0.0106095  -0.0389999
 0.00905202   0.0106095   0.0840764 -0.00618787
   0.342255  -0.0389999 -0.00618787    0.369427
IMAGINARY
           0  0.000607928    0.0096968   0.00579173
-0.000607928            0   -0.0240685 -0.000836039
  -0.0096968    0.0240685            0   0.00192372
 -0.00579173  0.000836039  -0.00192372            0
EndNode1[0]<--->Repeater1[0]
REAL
  0.464968  0.0147399 0.00644544   0.280454
 0.0147399   0.122293 0.00617874 0.00512269
0.00644544 0.00617874  0.0993631  0.0122524
  0.280454 0.00512269  0.0122524   0.313376
IMAGINARY
          0  -0.0106702  0.00991104 -0.00992077
  0.0106702           0  0.00334183   0.0298115
-0.00991104 -0.00334183           0  0.00499557
 0.00992077  -0.0298115 -0.00499557           0
EndNode2[0]<--->HoM1[0]
REAL
    0.466837   0.00156055   -0.0050119     0.362815
  0.00156055    0.0892857 -0.000143139   -0.0043514
  -0.0050119 -0.000143139    0.0714286   0.00156055
    0.362815   -0.0043514   0.00156055     0.372449
IMAGINARY
           0  -0.00228346    0.0108817    0.0214097
  0.00228346            0   -0.0214097  0.000651532
  -0.0108817    0.0214097            0  0.000248184
  -0.0214097 -0.000651532 -0.000248184            0
Repeater1[0]<--->EndNode1[0]
REAL
  0.464968 0.00644544  0.0147399   0.280454
0.00644544  0.0993631 0.00617874  0.0122524
 0.0147399 0.00617874   0.122293 0.00512269
  0.280454  0.0122524 0.00512269   0.313376
IMAGINARY
          0  0.00991104  -0.0106702 -0.00992077
-0.00991104           0 -0.00334183  0.00499557
  0.0106702  0.00334183           0   0.0298115
 0.00992077 -0.00499557  -0.0298115           0
Repeater1[0]<--->HoM1[0]
REAL
    0.466837   -0.0050119   0.00156055     0.362815
  -0.0050119    0.0714286 -0.000143139   0.00156055
  0.00156055 -0.000143139    0.0892857   -0.0043514
    0.362815   0.00156055   -0.0043514     0.372449
IMAGINARY
           0    0.0108817  -0.00228346    0.0214097
  -0.0108817            0    0.0214097  0.000248184
  0.00228346   -0.0214097            0  0.000651532
  -0.0214097 -0.000248184 -0.000651532            0
EndNode1[0]<--->Repeater1[0]
REAL
  0.494102  0.0132258 0.00136088   0.272132
 0.0132258   0.112713  0.0192064  0.0130748
0.00136088  0.0192064  0.0996068 -0.0132258
  0.272132  0.0130748 -0.0132258   0.293578
IMAGINARY
          0  0.00767804  0.00497829   0.0183578
-0.00767804           0  -0.0183578 -0.00822926
-0.00497829   0.0183578           0 -0.00702784
 -0.0183578  0.00822926  0.00702784           0
EndNode2[0]<--->HoM1[0]
REAL
