EndNode1[0]<--->Repeater1[0]
REAL
   0.421717   -0.004241 0.000948317    0.250271
  -0.004241    0.084596  0.00286175 0.000304816
0.000948317  0.00286175   0.0984848  -0.0158091
   0.250271 0.000304816  -0.0158091    0.395202
IMAGINARY
           0   -0.0106769    0.0137821 -0.000711864
   0.0106769            0  -0.00989822   -0.0189635
  -0.0137821   0.00989822            0   0.00420021
 0.000711864    0.0189635  -0.00420021            0
EndNode2[0]<--->HoM1[0]
REAL
  0.401361 -0.0102378 0.00125272   0.264128
-0.0102378  0.0789116 -0.0255494 0.00382342
0.00125272 -0.0255494  0.0897959  0.0102378
  0.264128 0.00382342  0.0102378   0.429932
IMAGINARY
          0 -0.00705695 -0.00934657 -0.00751417
 0.00705695           0 -0.00999556 -0.00678246
 0.00934657  0.00999556           0  0.00899243
 0.00751417  0.00678246 -0.00899243           0
Repeater1[0]<--->EndNode1[0]
REAL
   0.421717 0.000948317   -0.004241    0.250271
0.000948317   0.0984848  0.00286175  -0.0158091
  -0.004241  0.00286175    0.084596 0.000304816
   0.250271  -0.0158091 0.000304816    0.395202
IMAGINARY
           0    0.0137821   -0.0106769 -0.000711864
  -0.0137821            0   0.00989822   0.00420021
   0.0106769  -0.00989822            0   -0.0189635
 0.000711864  -0.00420021    0.0189635            0
Repeater1[0]<--->HoM1[0]
REAL
  0.401361 0.00125272 -0.0102378   0.264128
0.00125272  0.0897959 -0.0255494  0.0102378
-0.0102378 -0.0255494  0.0789116 0.00382342
  0.264128  0.0102378 0.00382342   0.429932
IMAGINARY
          0 -0.00934657 -0.00705695 -0.00751417
 0.00934657           0  0.00999556  0.00899243
 0.00705695 -0.00999556           0 -0.00678246
 0.00751417 -0.00899243  0.00678246           0
EndNode1[0]<--->Repeater1[0]
REAL
   0.447861 -0.00862402  0.00553383    0.262224
-0.00862402   0.0868984  0.00308181 -0.00808485
 0.00553383  0.00308181   0.0802139 -0.00413108
   0.262224 -0.00808485 -0.00413108    0.385027
IMAGINARY
          0   0.0120666   0.0105788   -0.011543
 -0.0120666           0  -0.0177158  -0.0137314
 -0.0105788   0.0177158           0 -0.00513088
   0.011543   0.0137314  0.00513088           0
EndNode2[0]<--->HoM1[0]
REAL
   0.433687   0.0107639 -0.00355757    0.252544
  0.0107639   0.0649867 0.000719445  0.00355757
-0.00355757 0.000719445   0.0649867 0.000985495
   0.252544  0.00355757 0.000985495     0.43634
IMAGINARY
          0  0.00479961  0.00947103  0.00870899
-0.00479961           0    0.019291 -0.00460485
-0.00947103   -0.019291           0 -0.00966579
-0.00870899  0.00460485  0.00966579           0
Repeater1[0]<--->EndNode1[0]
REAL
   0.447861  0.00553383 -0.00862402    0.262224
 0.00553383   0.0802139  0.00308181 -0.00413108
-0.00862402  0.00308181   0.0868984 -0.00808485
   0.262224 -0.00413108 -0.00808485    0.385027
IMAGINARY
          0   0.0105788   0.0120666   -0.011543
 -0.0105788           0   0.0177158 -0.00513088
 -0.0120666  -0.0177158           0  -0.0137314
   0.011543  0.00513088   0.0137314           0
Repeater1[0]<--->HoM1[0]
REAL
   0.433687 -0.00355757   0.0107639    0.252544
-0.00355757   0.0649867 0.000719445 0.000985495
  0.0107639 0.000719445   0.0649867  0.00355757
   0.252544 0.000985495  0.00355757     0.43634
IMAGINARY
          0  0.00947103  0.00479961  0.00870899
-0.00947103           0   -0.019291 -0.00966579
-0.00479961    0.019291           0 -0.00460485
-0.00870899  0.00966579  0.00460485           0
EndNode1[0]<--->Repeater1[0]
REAL
   0.399488  0.00445263   0.0195665    0.253971
 0.00445263   0.0819462 -0.00488455 -0.00555916
  0.0195665 -0.00488455   0.0832266  0.00955467
   0.253971 -0.00555916  0.00955467    0.435339
IMAGINARY
          0  0.00239196    0.026803  -0.0252999
-0.00239196           0  -0.0110512  0.00725696
  -0.026803   0.0110512           0  -0.0241903
  0.0252999 -0.00725696   0.0241903           0
EndNode2[0]<--->HoM1[0]
REAL
  0.392338 -0.0150606  0.0111209   0.268915
-0.0150606  0.0858653 0.00471715 0.00131694
 0.0111209 0.00471715  0.0898283  0.0175481
  0.268915 0.00131694  0.0175481   0.431968
IMAGINARY
          0  0.00568584 -0.00330009 -0.00759377
-0.00568584           0 -0.00824907  0.00823837
 0.00330009  0.00824907           0 -0.00938954
 0.00759377 -0.00823837  0.00938954           0
Repeater1[0]<--->EndNode1[0]
REAL
   0.399488   0.0195665  0.00445263    0.253971
  0.0195665   0.0832266 -0.00488455  0.00955467
 0.00445263 -0.00488455   0.0819462 -0.00555916
   0.253971  0.00955467 -0.00555916    0.435339
IMAGINARY
          0    0.026803  0.00239196  -0.0252999
  -0.026803           0   0.0110512  -0.0241903
-0.00239196  -0.0110512           0  0.00725696
  0.0252999   0.0241903 -0.00725696           0
Repeater1[0]<--->HoM1[0]
REAL
  0.392338  0.0111209 -0.0150606   0.268915
 0.0111209  0.0898283 0.00471715  0.0175481
-0.0150606 0.00471715  0.0858653 0.00131694
  0.268915  0.0175481 0.00131694   0.431968
IMAGINARY
          0 -0.00330009  0.00568584 -0.00759377
 0.00330009           0  0.00824907 -0.00938954
-0.00568584 -0.00824907           0  0.00823837
 0.00759377  0.00938954 -0.00823837           0
EndNode1[0]<--->Repeater1[0]
REAL
   0.422785  -0.0119711  0.00088835    0.255675
 -0.0119711   0.0658228   0.0216783 -0.00852194
 0.00088835   0.0216783   0.0873418   0.0106989
   0.255675 -0.00852194   0.0106989    0.424051
IMAGINARY
          0   0.0160611   0.0022515  -0.0158482
 -0.0160611           0   0.0106669 -0.00723017
 -0.0022515  -0.0106669           0   0.0102547
  0.0158482  0.00723017  -0.0102547           0
EndNode2[0]<--->HoM1[0]
REAL
   0.406844 -0.00704392   0.0126319    0.255165
-0.00704392   0.0823828   0.0153272 -0.00443514
  0.0126319   0.0153272   0.0988593 0.000108229
   0.255165 -0.00443514 0.000108229    0.411914
IMAGINARY
          0  0.00387058  -0.0169839 -0.00360213
-0.00387058           0  -0.0124854  -0.0182465
  0.0169839   0.0124854           0   0.0123896
 0.00360213   0.0182465  -0.0123896           0
Repeater1[0]<--->EndNode1[0]
REAL
   0.422785  0.00088835  -0.0119711    0.255675
 0.00088835   0.0873418   0.0216783   0.0106989
 -0.0119711   0.0216783   0.0658228 -0.00852194
   0.255675   0.0106989 -0.00852194    0.424051
IMAGINARY
          0   0.0022515   0.0160611  -0.0158482
 -0.0022515           0  -0.0106669   0.0102547
 -0.0160611   0.0106669           0 -0.00723017
  0.0158482  -0.0102547  0.00723017           0
Repeater1[0]<--->HoM1[0]
REAL
   0.406844   0.0126319 -0.00704392    0.255165
  0.0126319   0.0988593   0.0153272 0.000108229
-0.00704392   0.0153272   0.0823828 -0.00443514
   0.255165 0.000108229 -0.00443514    0.411914
IMAGINARY
          0  -0.0169839  0.00387058 -0.00360213
  0.0169839           0   0.0124854   0.0123896
-0.00387058  -0.0124854           0  -0.0182465
 0.00360213  -0.0123896   0.0182465           0
EndNode1[0]<--->Repeater1[0]
REAL
   0.430079 -0.00845088   0.0142419    0.246597
-0.00845088   0.0672823  -0.0150538  0.00522123
  0.0142419  -0.0150538   0.0725594  0.00643746
   0.246597  0.00522123  0.00643746    0.430079
IMAGINARY
           0   -0.0169596 -0.000880703    0.0030599
   0.0169596            0   -0.0135862   0.00154648
 0.000880703    0.0135862            0    0.0122992
  -0.0030599  -0.00154648   -0.0122992            0
EndNode2[0]<--->HoM1[0]
REAL
   0.403023 -0.00392551  0.00957199    0.256997
-0.00392551   0.0743073   0.0191589   0.0062431
 0.00957199   0.0191589   0.0667506  -0.0070234
   0.256997   0.0062431  -0.0070234    0.455919
IMAGINARY
           0 -0.000902099     0.020007    0.0121646
 0.000902099            0   -0.0170907   0.00702001
   -0.020007    0.0170907            0   -0.0288276
  -0.0121646  -0.00702001    0.0288276            0
Repeater1[0]<--->EndNode1[0]
REAL
   0.430079   0.0142419 -0.00845088    0.246597
  0.0142419   0.0725594  -0.0150538  0.00643746
-0.00845088  -0.0150538   0.0672823  0.00522123
   0.246597  0.00643746  0.00522123    0.430079
IMAGINARY
           0 -0.000880703   -0.0169596    0.0030599
 0.000880703            0    0.0135862    0.0122992
   0.0169596   -0.0135862            0   0.00154648
  -0.0030599   -0.0122992  -0.00154648            0
Repeater1[0]<--->HoM1[0]
REAL
   0.403023  0.00957199 -0.00392551    0.256997
 0.00957199   0.0667506   0.0191589  -0.0070234
-0.00392551   0.0191589   0.0743073   0.0062431
   0.256997  -0.0070234   0.0062431    0.455919
IMAGINARY
           0     0.020007 -0.000902099    0.0121646
   -0.020007            0    0.0170907   -0.0288276
 0.000902099   -0.0170907            0   0.00702001
  -0.0121646    0.0288276  -0.00702001            0
EndNode1[0]<--->Repeater1[0]
REAL
   0.409774 -0.00591628 -0.00646643    0.243825
-0.00591628   0.0789474   -0.013587    0.014622
-0.00646643   -0.013587    0.066416  -0.0198052
   0.243825    0.014622  -0.0198052    0.444862
IMAGINARY
          0  -0.0235617  0.00852279   0.0084088
  0.0235617           0 -0.00646831   0.0265176
-0.00852279  0.00646831           0 -0.00878334
 -0.0084088  -0.0265176  0.00878334           0
EndNode2[0]<--->HoM1[0]
REAL
   0.410738  0.00676087 -0.00658762    0.244254
 0.00676087   0.0738255 -0.00256568  -0.0151515
-0.00658762 -0.00256568   0.0630872 -0.00803964
   0.244254  -0.0151515 -0.00803964    0.452349
IMAGINARY
           0  -0.00214912    0.0126459  0.000749168
  0.00214912            0    0.0139567   -0.0126459
  -0.0126459   -0.0139567            0  -0.00930126
-0.000749168    0.0126459   0.00930126            0
Repeater1[0]<--->EndNode1[0]
REAL
   0.409774 -0.00646643 -0.00591628    0.243825
-0.00646643    0.066416   -0.013587  -0.0198052
-0.00591628   -0.013587   0.0789474    0.014622
   0.243825  -0.0198052    0.014622    0.444862
IMAGINARY
          0  0.00852279  -0.0235617   0.0084088
-0.00852279           0  0.00646831 -0.00878334
  0.0235617 -0.00646831           0   0.0265176
 -0.0084088  0.00878334  -0.0265176           0
Repeater1[0]<--->HoM1[0]
REAL
   0.410738 -0.00658762  0.00676087    0.244254
-0.00658762   0.0630872 -0.00256568 -0.00803964
 0.00676087 -0.00256568   0.0738255  -0.0151515
   0.244254 -0.00803964  -0.0151515    0.452349
IMAGINARY
           0    0.0126459  -0.00214912  0.000749168
  -0.0126459            0   -0.0139567  -0.00930126
  0.00214912    0.0139567            0   -0.0126459
-0.000749168   0.00930126    0.0126459            0
EndNode1[0]<--->Repeater1[0]
REAL
   0.396619 -0.00608195  -0.0104389    0.263606
-0.00608195   0.0819246  0.00511072  -0.0122884
 -0.0104389  0.00511072   0.0897269  0.00608195
   0.263606  -0.0122884  0.00608195     0.43173
IMAGINARY
           0   0.00645864     -0.01185  -0.00604839
 -0.00645864            0   0.00604839   -0.0197034
     0.01185  -0.00604839            0 -0.000390677
  0.00604839    0.0197034  0.000390677            0
EndNode2[0]<--->HoM1[0]
REAL
    0.41689  0.00894418 -0.00649087    0.263587
 0.00894418    0.104558  0.00456612  0.00712781
-0.00649087  0.00456612   0.0884718  0.00188385
   0.263587  0.00712781  0.00188385     0.39008
IMAGINARY
          0  0.00238638 -0.00262299 -0.00966886
-0.00238638           0   0.0176264 -0.00768628
 0.00262299  -0.0176264           0   0.0143662
 0.00966886  0.00768628  -0.0143662           0
Repeater1[0]<--->EndNode1[0]
REAL
   0.396619  -0.0104389 -0.00608195    0.263606
 -0.0104389   0.0897269  0.00511072  0.00608195
-0.00608195  0.00511072   0.0819246  -0.0122884
   0.263606  0.00608195  -0.0122884     0.43173
IMAGINARY
           0     -0.01185   0.00645864  -0.00604839
     0.01185            0  -0.00604839 -0.000390677
 -0.00645864   0.00604839            0   -0.0197034
  0.00604839  0.000390677    0.0197034            0
Repeater1[0]<--->HoM1[0]
REAL
    0.41689 -0.00649087  0.00894418    0.263587
-0.00649087   0.0884718  0.00456612  0.00188385
 0.00894418  0.00456612    0.104558  0.00712781
   0.263587  0.00188385  0.00712781     0.39008
IMAGINARY
          0 -0.00262299  0.00238638 -0.00966886
 0.00262299           0  -0.0176264   0.0143662
-0.00238638   0.0176264           0 -0.00768628
 0.00966886  -0.0143662  0.00768628           0
EndNode1[0]<--->Repeater1[0]
REAL
  0.409962  0.0347889  0.0171804   0.258169
 0.0347889  0.0779055  0.0129951  0.0158884
 0.0171804  0.0129951  0.0779055 0.00753918
  0.258169  0.0158884 0.00753918   0.434227
IMAGINARY
          0  0.00597434   0.0135791   0.0109545
-0.00597434           0  0.00513302  0.00508239
 -0.0135791 -0.00513302           0 -0.00146983
 -0.0109545 -0.00508239  0.00146983           0
EndNode2[0]<--->HoM1[0]
REAL
    0.40819  -0.0068652 -0.00473934    0.285002
 -0.0068652   0.0924703   0.0112069 -0.00473934
-0.00473934   0.0112069   0.0858653 -0.00498314
   0.285002 -0.00473934 -0.00498314    0.413474
IMAGINARY
          0  0.00839289  -0.0186158   0.0124879
-0.00839289           0   0.0118222 -0.00425193
  0.0186158  -0.0118222           0  0.00582219
 -0.0124879  0.00425193 -0.00582219           0
Repeater1[0]<--->EndNode1[0]
REAL
  0.409962  0.0171804  0.0347889   0.258169
 0.0171804  0.0779055  0.0129951 0.00753918
 0.0347889  0.0129951  0.0779055  0.0158884
  0.258169 0.00753918  0.0158884   0.434227
IMAGINARY
          0   0.0135791  0.00597434   0.0109545
 -0.0135791           0 -0.00513302 -0.00146983
-0.00597434  0.00513302           0  0.00508239
 -0.0109545  0.00146983 -0.00508239           0
Repeater1[0]<--->HoM1[0]
REAL
    0.40819 -0.00473934  -0.0068652    0.285002
-0.00473934   0.0858653   0.0112069 -0.00498314
 -0.0068652   0.0112069   0.0924703 -0.00473934
   0.285002 -0.00498314 -0.00473934    0.413474
IMAGINARY
          0  -0.0186158  0.00839289   0.0124879
  0.0186158           0  -0.0118222  0.00582219
-0.00839289   0.0118222           0 -0.00425193
 -0.0124879 -0.00582219  0.00425193           0
EndNode1[0]<--->Repeater1[0]
REAL
   0.398742  0.00862055 -0.00570182    0.269863
 0.00862055    0.101887 -0.00819833  0.00507131
-0.00570182 -0.00819833   0.0880503  -0.0105121
   0.269863  0.00507131  -0.0105121    0.411321
IMAGINARY
          0   0.0186615  -0.0166143  -0.0017307
 -0.0186615           0   0.0149582 -0.00379383
  0.0166143  -0.0149582           0  0.00429765
  0.0017307  0.00379383 -0.00429765           0
EndNode2[0]<--->HoM1[0]
REAL
   0.387013 -0.00683951  -0.0245458    0.274261
-0.00683951   0.0961039   0.0151464 -0.00130541
 -0.0245458   0.0151464   0.0935065  -0.0127065
   0.274261 -0.00130541  -0.0127065    0.423377
IMAGINARY
          0   0.0227268 -0.00567336  -0.0070051
 -0.0227268           0   0.0141759   0.0121838
 0.00567336  -0.0141759           0   0.0111273
  0.0070051  -0.0121838  -0.0111273           0
Repeater1[0]<--->EndNode1[0]
REAL
   0.398742 -0.00570182  0.00862055    0.269863
-0.00570182   0.0880503 -0.00819833  -0.0105121
 0.00862055 -0.00819833    0.101887  0.00507131
   0.269863  -0.0105121  0.00507131    0.411321
IMAGINARY
          0  -0.0166143   0.0186615  -0.0017307
  0.0166143           0  -0.0149582  0.00429765
 -0.0186615   0.0149582           0 -0.00379383
  0.0017307 -0.00429765  0.00379383           0
Repeater1[0]<--->HoM1[0]
REAL
   0.387013  -0.0245458 -0.00683951    0.274261
 -0.0245458   0.0935065   0.0151464  -0.0127065
-0.00683951   0.0151464   0.0961039 -0.00130541
   0.274261  -0.0127065 -0.00130541    0.423377
IMAGINARY
          0 -0.00567336   0.0227268  -0.0070051
 0.00567336           0  -0.0141759   0.0111273
 -0.0227268   0.0141759           0   0.0121838
  0.0070051  -0.0111273  -0.0121838           0
EndNode1[0]<--->Repeater1[0]
REAL
  0.436693  0.0011616  0.0126514   0.248845
 0.0011616  0.0645995 -0.0148163  0.0166837
 0.0126514 -0.0148163  0.0801034  0.0177432
  0.248845  0.0166837  0.0177432   0.418605
IMAGINARY
          0  0.00656549 -0.00164241  -0.0135006
-0.00656549           0  -0.0055834   -0.014751
 0.00164241   0.0055834           0  0.00846183
  0.0135006    0.014751 -0.00846183           0
EndNode2[0]<--->HoM1[0]
REAL
   0.420716   0.0114075   0.0152897     0.27544
  0.0114075   0.0831202  -0.0183342  0.00538215
  0.0152897  -0.0183342   0.0869565 -0.00623955
    0.27544  0.00538215 -0.00623955    0.409207
IMAGINARY
          0 -0.00775319 -0.00384633  -0.0201041
 0.00775319           0   0.0120296   0.0019008
 0.00384633  -0.0120296           0 -0.00456847
  0.0201041  -0.0019008  0.00456847           0
Repeater1[0]<--->EndNode1[0]
REAL
  0.436693  0.0126514  0.0011616   0.248845
 0.0126514  0.0801034 -0.0148163  0.0177432
 0.0011616 -0.0148163  0.0645995  0.0166837
  0.248845  0.0177432  0.0166837   0.418605
IMAGINARY
          0 -0.00164241  0.00656549  -0.0135006
 0.00164241           0   0.0055834  0.00846183
-0.00656549  -0.0055834           0   -0.014751
  0.0135006 -0.00846183    0.014751           0
Repeater1[0]<--->HoM1[0]
REAL
   0.420716   0.0152897   0.0114075     0.27544
  0.0152897   0.0869565  -0.0183342 -0.00623955
  0.0114075  -0.0183342   0.0831202  0.00538215
    0.27544 -0.00623955  0.00538215    0.409207
IMAGINARY
          0 -0.00384633 -0.00775319  -0.0201041
 0.00384633           0  -0.0120296 -0.00456847
 0.00775319   0.0120296           0   0.0019008
  0.0201041  0.00456847  -0.0019008           0
EndNode1[0]<--->Repeater1[0]
REAL
   0.451053  -0.0225128  0.00116716    0.263687
 -0.0225128    0.086741 -0.00525242  -0.0180363
 0.00116716 -0.00525242   0.0755886   0.0177895
   0.263687  -0.0180363   0.0177895    0.386617
IMAGINARY
           0      0.01381   0.00754751 -0.000957854
    -0.01381            0  -0.00889436   -0.0365879
 -0.00754751   0.00889436            0    0.0190183
 0.000957854    0.0365879   -0.0190183            0
EndNode2[0]<--->HoM1[0]
REAL
   0.433471  0.00052468  -0.0230867    0.256436
 0.00052468   0.0658436 -0.00613413   0.0116271
 -0.0230867 -0.00613413   0.0754458 -0.00354036
   0.256436   0.0116271 -0.00354036     0.42524
IMAGINARY
          0   0.0133788  0.00977654  0.00834651
 -0.0133788           0  0.00641601  0.00977654
-0.00977654 -0.00641601           0  -0.0049989
-0.00834651 -0.00977654   0.0049989           0
Repeater1[0]<--->EndNode1[0]
REAL
   0.451053  0.00116716  -0.0225128    0.263687
 0.00116716   0.0755886 -0.00525242   0.0177895
 -0.0225128 -0.00525242    0.086741  -0.0180363
   0.263687   0.0177895  -0.0180363    0.386617
IMAGINARY
           0   0.00754751      0.01381 -0.000957854
 -0.00754751            0   0.00889436    0.0190183
    -0.01381  -0.00889436            0   -0.0365879
 0.000957854   -0.0190183    0.0365879            0
Repeater1[0]<--->HoM1[0]
REAL
   0.433471  -0.0230867  0.00052468    0.256436
 -0.0230867   0.0754458 -0.00613413 -0.00354036
 0.00052468 -0.00613413   0.0658436   0.0116271
   0.256436 -0.00354036   0.0116271     0.42524
IMAGINARY
          0  0.00977654   0.0133788  0.00834651
-0.00977654           0 -0.00641601  -0.0049989
 -0.0133788  0.00641601           0  0.00977654
-0.00834651   0.0049989 -0.00977654           0
EndNode1[0]<--->Repeater1[0]
REAL
    0.410354   -0.0268696   -0.0235495     0.275582
  -0.0268696    0.0808081 -0.000418301   -0.0254701
  -0.0235495 -0.000418301     0.084596   -0.0143068
    0.275582   -0.0254701   -0.0143068     0.424242
IMAGINARY
          0 -0.00914286  0.00786701   0.0164661
 0.00914286           0 -0.00686303 -0.00120035
-0.00786701  0.00686303           0  0.00514286
 -0.0164661  0.00120035 -0.00514286           0
EndNode2[0]<--->HoM1[0]
REAL
    0.411168     0.003663 -0.000978274     0.252855
    0.003663     0.071066  -0.00886418  -0.00983903
-0.000978274  -0.00886418    0.0761421    0.0155678
    0.252855  -0.00983903    0.0155678     0.441624
IMAGINARY
          0  -0.0163746     0.01584    0.024938
  0.0163746           0  0.00137779   0.0232225
   -0.01584 -0.00137779           0  -0.0109692
  -0.024938  -0.0232225   0.0109692           0
Repeater1[0]<--->EndNode1[0]
REAL
    0.410354   -0.0235495   -0.0268696     0.275582
  -0.0235495     0.084596 -0.000418301   -0.0143068
  -0.0268696 -0.000418301    0.0808081   -0.0254701
    0.275582   -0.0143068   -0.0254701     0.424242
IMAGINARY
          0  0.00786701 -0.00914286   0.0164661
-0.00786701           0  0.00686303  0.00514286
 0.00914286 -0.00686303           0 -0.00120035
 -0.0164661 -0.00514286  0.00120035           0
Repeater1[0]<--->HoM1[0]
REAL
    0.411168 -0.000978274     0.003663     0.252855
-0.000978274    0.0761421  -0.00886418    0.0155678
    0.003663  -0.00886418     0.071066  -0.00983903
    0.252855    0.0155678  -0.00983903     0.441624
IMAGINARY
          0     0.01584  -0.0163746    0.024938
   -0.01584           0 -0.00137779  -0.0109692
  0.0163746  0.00137779           0   0.0232225
  -0.024938   0.0109692  -0.0232225           0
EndNode1[0]<--->Repeater1[0]
REAL
   0.416237 -0.00214164   0.0222319    0.262813
-0.00214164   0.0670103 -0.00474807  0.00196164
  0.0222319 -0.00474807   0.0927835   0.0263352
   0.262813  0.00196164   0.0263352    0.423969
IMAGINARY
          0  -0.0274807  0.00451471  0.00118416
  0.0274807           0    0.026628 -0.00132186
-0.00451471   -0.026628           0  -0.0216892
-0.00118416  0.00132186   0.0216892           0
EndNode2[0]<--->HoM1[0]
REAL
  0.415119 -0.0093729 0.00763359   0.256107
-0.0093729  0.0862069 -0.0105598 0.00763359
0.00763359 -0.0105598  0.0755968  0.0119174
  0.256107 0.00763359  0.0119174   0.423077
IMAGINARY
           0  -0.00137247 -0.000704368  -0.00865048
  0.00137247            0    0.0158778   -0.0198085
 0.000704368   -0.0158778            0    -0.011448
  0.00865048    0.0198085     0.011448            0
Repeater1[0]<--->EndNode1[0]
REAL
   0.416237   0.0222319 -0.00214164    0.262813
  0.0222319   0.0927835 -0.00474807   0.0263352
-0.00214164 -0.00474807   0.0670103  0.00196164
   0.262813   0.0263352  0.00196164    0.423969
IMAGINARY
          0  0.00451471  -0.0274807  0.00118416
-0.00451471           0   -0.026628  -0.0216892
  0.0274807    0.026628           0 -0.00132186
-0.00118416   0.0216892  0.00132186           0
Repeater1[0]<--->HoM1[0]
REAL
  0.415119 0.00763359 -0.0093729   0.256107
0.00763359  0.0755968 -0.0105598  0.0119174
-0.0093729 -0.0105598  0.0862069 0.00763359
  0.256107  0.0119174 0.00763359   0.423077
IMAGINARY
           0 -0.000704368  -0.00137247  -0.00865048
 0.000704368            0   -0.0158778    -0.011448
  0.00137247    0.0158778            0   -0.0198085
  0.00865048     0.011448    0.0198085            0
EndNode1[0]<--->Repeater1[0]
REAL
   0.412833   0.0264407   0.0169693    0.251168
  0.0264407   0.0799031 -0.00597527  -0.0025462
  0.0169693 -0.00597527   0.0895884 -0.00961375
   0.251168  -0.0025462 -0.00961375    0.417676
IMAGINARY
          0 -0.00358053 -0.00571893  0.00687001
 0.00358053           0 -0.00379498  0.00143322
 0.00571893  0.00379498           0  0.00215196
-0.00687001 -0.00143322 -0.00215196           0
EndNode2[0]<--->HoM1[0]
REAL
  0.406921 -0.0049561  0.0127026   0.270778
-0.0049561  0.0871122  0.0207784 -0.0153411
 0.0127026  0.0207784   0.071599 -0.0135136
  0.270778 -0.0153411 -0.0135136   0.434368
IMAGINARY
          0 -0.00235901  -0.0128242  -0.0187976
 0.00235901           0  0.00587771   0.0154016
  0.0128242 -0.00587771           0  -0.0131049
  0.0187976  -0.0154016   0.0131049           0
Repeater1[0]<--->EndNode1[0]
REAL
   0.412833   0.0169693   0.0264407    0.251168
  0.0169693   0.0895884 -0.00597527 -0.00961375
  0.0264407 -0.00597527   0.0799031  -0.0025462
   0.251168 -0.00961375  -0.0025462    0.417676
IMAGINARY
          0 -0.00571893 -0.00358053  0.00687001
 0.00571893           0  0.00379498  0.00215196
 0.00358053 -0.00379498           0  0.00143322
-0.00687001 -0.00215196 -0.00143322           0
Repeater1[0]<--->HoM1[0]
REAL
  0.406921  0.0127026 -0.0049561   0.270778
 0.0127026   0.071599  0.0207784 -0.0135136
-0.0049561  0.0207784  0.0871122 -0.0153411
  0.270778 -0.0135136 -0.0153411   0.434368
IMAGINARY
          0  -0.0128242 -0.00235901  -0.0187976
  0.0128242           0 -0.00587771  -0.0131049
 0.00235901  0.00587771           0   0.0154016
  0.0187976   0.0131049  -0.0154016           0
EndNode1[0]<--->Repeater1[0]
REAL
   0.437028  -0.0152492 -0.00746389     0.26108
 -0.0152492   0.0692695     0.01204  -0.0326101
-0.00746389     0.01204   0.0692695  -0.0124944
    0.26108  -0.0326101  -0.0124944    0.424433
IMAGINARY
          0 -0.00264389  -0.0159564  0.00280596
 0.00264389           0  -0.0119205 -0.00645073
  0.0159564   0.0119205           0   0.0045645
-0.00280596  0.00645073  -0.0045645           0
EndNode2[0]<--->HoM1[0]
REAL
   0.383333 -0.00196151  -0.0130125    0.251572
-0.00196151   0.0930556  -0.0106391 -0.00253158
 -0.0130125  -0.0106391   0.0791667   0.0123242
   0.251572 -0.00253158   0.0123242    0.444444
IMAGINARY
          0 -0.00270853 -0.00535182   0.0103469
 0.00270853           0  0.00844095  0.00792252
 0.00535182 -0.00844095           0  0.00399388
 -0.0103469 -0.00792252 -0.00399388           0
Repeater1[0]<--->EndNode1[0]
REAL
   0.437028 -0.00746389  -0.0152492     0.26108
-0.00746389   0.0692695     0.01204  -0.0124944
 -0.0152492     0.01204   0.0692695  -0.0326101
    0.26108  -0.0124944  -0.0326101    0.424433
IMAGINARY
          0  -0.0159564 -0.00264389  0.00280596
  0.0159564           0   0.0119205   0.0045645
 0.00264389  -0.0119205           0 -0.00645073
-0.00280596  -0.0045645  0.00645073           0
Repeater1[0]<--->HoM1[0]
REAL
   0.383333  -0.0130125 -0.00196151    0.251572
 -0.0130125   0.0791667  -0.0106391   0.0123242
-0.00196151  -0.0106391   0.0930556 -0.00253158
   0.251572   0.0123242 -0.00253158    0.444444
IMAGINARY
          0 -0.00535182 -0.00270853   0.0103469
 0.00535182           0 -0.00844095  0.00399388
 0.00270853  0.00844095           0  0.00792252
 -0.0103469 -0.00399388 -0.00792252           0
EndNode1[0]<--->Repeater1[0]
REAL
   0.420424  0.00613894 -0.00965536    0.253407
 0.00613894    0.104775  0.00404598   0.0191405
-0.00965536  0.00404598   0.0636605   0.0074112
   0.253407   0.0191405   0.0074112    0.411141
IMAGINARY
          0  -0.0123259 -0.00380703   0.0210632
  0.0123259           0  0.00551912  0.00764335
 0.00380703 -0.00551912           0  0.00337454
 -0.0210632 -0.00764335 -0.00337454           0
EndNode2[0]<--->HoM1[0]
REAL
   0.427665  -0.0125261   0.0182463    0.260141
 -0.0125261   0.0786802  0.00107318  -0.0156078
  0.0182463  0.00107318   0.0862944 -0.00990138
   0.260141  -0.0156078 -0.00990138     0.40736
IMAGINARY
           0   -0.0133017   0.00218898   -0.0120722
   0.0133017            0    0.0071094 -0.000893639
 -0.00218898   -0.0071094            0   -0.0113097
   0.0120722  0.000893639    0.0113097            0
Repeater1[0]<--->EndNode1[0]
REAL
   0.420424 -0.00965536  0.00613894    0.253407
-0.00965536   0.0636605  0.00404598   0.0074112
 0.00613894  0.00404598    0.104775   0.0191405
   0.253407   0.0074112   0.0191405    0.411141
IMAGINARY
          0 -0.00380703  -0.0123259   0.0210632
 0.00380703           0 -0.00551912  0.00337454
  0.0123259  0.00551912           0  0.00764335
 -0.0210632 -0.00337454 -0.00764335           0
Repeater1[0]<--->HoM1[0]
REAL
   0.427665   0.0182463  -0.0125261    0.260141
  0.0182463   0.0862944  0.00107318 -0.00990138
 -0.0125261  0.00107318   0.0786802  -0.0156078
   0.260141 -0.00990138  -0.0156078     0.40736
IMAGINARY
           0   0.00218898   -0.0133017   -0.0120722
 -0.00218898            0   -0.0071094   -0.0113097
   0.0133017    0.0071094            0 -0.000893639
   0.0120722    0.0113097  0.000893639            0
EndNode1[0]<--->Repeater1[0]
REAL
   0.431579  -0.0197495 -0.00156048    0.258243
 -0.0197495   0.0815789  -0.0030072   -0.018073
-0.00156048  -0.0030072   0.0671053   0.0118961
   0.258243   -0.018073   0.0118961    0.419737
IMAGINARY
           0  -0.00806796    0.0103169   0.00348886
  0.00806796            0 -0.000924758   0.00968314
  -0.0103169  0.000924758            0   0.00431796
 -0.00348886  -0.00968314  -0.00431796            0
EndNode2[0]<--->HoM1[0]
REAL
   0.398667    0.014436  0.00318979     0.25903
   0.014436       0.092 0.000368304  -0.0119617
 0.00318979 0.000368304         0.1 -0.00817036
    0.25903  -0.0119617 -0.00817036    0.409333
IMAGINARY
          0   0.0151133  -0.0151699  -0.0051505
 -0.0151133           0 -0.00321501 -0.00812762
  0.0151699  0.00321501           0   0.0105737
  0.0051505  0.00812762  -0.0105737           0
Repeater1[0]<--->EndNode1[0]
REAL
   0.431579 -0.00156048  -0.0197495    0.258243
-0.00156048   0.0671053  -0.0030072   0.0118961
 -0.0197495  -0.0030072   0.0815789   -0.018073
   0.258243   0.0118961   -0.018073    0.419737
IMAGINARY
           0    0.0103169  -0.00806796   0.00348886
  -0.0103169            0  0.000924758   0.00431796
  0.00806796 -0.000924758            0   0.00968314
 -0.00348886  -0.00431796  -0.00968314            0
Repeater1[0]<--->HoM1[0]
REAL
   0.398667  0.00318979    0.014436     0.25903
 0.00318979         0.1 0.000368304 -0.00817036
   0.014436 0.000368304       0.092  -0.0119617
    0.25903 -0.00817036  -0.0119617    0.409333
IMAGINARY
          0  -0.0151699   0.0151133  -0.0051505
  0.0151699           0  0.00321501   0.0105737
 -0.0151133 -0.00321501           0 -0.00812762
  0.0051505  -0.0105737  0.00812762           0
EndNode1[0]<--->Repeater1[0]
REAL
   0.438048   0.0180094 -0.00993875    0.264342
  0.0180094    0.077597 0.000214599  0.00360964
-0.00993875 0.000214599   0.0763454  0.00604127
   0.264342  0.00360964  0.00604127     0.40801
IMAGINARY
          0  0.00311401  0.00492795  0.00570259
-0.00311401           0   0.0120639   0.0122711
-0.00492795  -0.0120639           0   -0.020313
-0.00570259  -0.0122711    0.020313           0
EndNode2[0]<--->HoM1[0]
REAL
   0.420573   0.0049889 -0.00682484     0.25999
  0.0049889   0.0755208 -0.00632838   0.0168115
-0.00682484 -0.00632838   0.0872396   0.0116556
    0.25999   0.0168115   0.0116556    0.416667
IMAGINARY
          0  0.00771514 -0.00751259   0.0101842
-0.00771514           0  -0.0108132    0.016651
 0.00751259   0.0108132           0  -0.0103261
 -0.0101842   -0.016651   0.0103261           0
Repeater1[0]<--->EndNode1[0]
REAL
   0.438048 -0.00993875   0.0180094    0.264342
-0.00993875   0.0763454 0.000214599  0.00604127
  0.0180094 0.000214599    0.077597  0.00360964
   0.264342  0.00604127  0.00360964     0.40801
IMAGINARY
          0  0.00492795  0.00311401  0.00570259
-0.00492795           0  -0.0120639   -0.020313
-0.00311401   0.0120639           0   0.0122711
-0.00570259    0.020313  -0.0122711           0
Repeater1[0]<--->HoM1[0]
REAL
   0.420573 -0.00682484   0.0049889     0.25999
-0.00682484   0.0872396 -0.00632838   0.0116556
  0.0049889 -0.00632838   0.0755208   0.0168115
    0.25999   0.0116556   0.0168115    0.416667
IMAGINARY
          0 -0.00751259  0.00771514   0.0101842
 0.00751259           0   0.0108132  -0.0103261
-0.00771514  -0.0108132           0    0.016651
 -0.0101842   0.0103261   -0.016651           0
EndNode1[0]<--->Repeater1[0]
REAL
   0.420308 -0.00434503  0.00168341    0.265128
-0.00434503   0.0732648  -0.0129153 -0.00357975
 0.00168341  -0.0129153   0.0822622 -0.00766508
   0.265128 -0.00357975 -0.00766508    0.424165
IMAGINARY
           0   -0.0115321   0.00640008    -0.005582
   0.0115321            0 -0.000667998   -0.0123667
 -0.00640008  0.000667998            0  -0.00875431
    0.005582    0.0123667   0.00875431            0
EndNode2[0]<--->HoM1[0]
REAL
   0.402329  -0.0111096 -0.00667471    0.246984
 -0.0111096   0.0711514 -0.00526231 0.000714449
-0.00667471 -0.00526231    0.072445   0.0276659
   0.246984 0.000714449   0.0276659    0.454075
IMAGINARY
          0  -0.0133786  -0.0120504 -0.00399836
  0.0133786           0   0.0156867 -0.00399585
  0.0120504  -0.0156867           0  -0.0078024
 0.00399836  0.00399585   0.0078024           0
Repeater1[0]<--->EndNode1[0]
REAL
   0.420308  0.00168341 -0.00434503    0.265128
 0.00168341   0.0822622  -0.0129153 -0.00766508
-0.00434503  -0.0129153   0.0732648 -0.00357975
   0.265128 -0.00766508 -0.00357975    0.424165
IMAGINARY
           0   0.00640008   -0.0115321    -0.005582
 -0.00640008            0  0.000667998  -0.00875431
   0.0115321 -0.000667998            0   -0.0123667
    0.005582   0.00875431    0.0123667            0
Repeater1[0]<--->HoM1[0]
REAL
   0.402329 -0.00667471  -0.0111096    0.246984
-0.00667471    0.072445 -0.00526231   0.0276659
 -0.0111096 -0.00526231   0.0711514 0.000714449
   0.246984   0.0276659 0.000714449    0.454075
IMAGINARY
          0  -0.0120504  -0.0133786 -0.00399836
  0.0120504           0  -0.0156867  -0.0078024
  0.0133786   0.0156867           0 -0.00399585
 0.00399836   0.0078024  0.00399585           0
EndNode1[0]<--->Repeater1[0]
REAL
   0.403081 -0.00235407 -0.00374778    0.263591
-0.00235407   0.0872914  -0.0135906 -0.00894258
-0.00374778  -0.0135906   0.0885751  0.00869925
   0.263591 -0.00894258  0.00869925    0.421053
IMAGINARY
          0 -0.00333942  -0.0166891   0.0073647
 0.00333942           0  0.00145142   0.0307831
  0.0166891 -0.00145142           0 -0.00270085
 -0.0073647  -0.0307831  0.00270085           0
EndNode2[0]<--->HoM1[0]
REAL
   0.426043 -0.00660502  -0.0118047    0.266431
-0.00660502   0.0948167  -0.0147793 -0.00470789
 -0.0118047  -0.0147793   0.0783818  -0.0310436
   0.266431 -0.00470789  -0.0310436    0.400759
IMAGINARY
           0   -0.0088169    0.0189589   0.00106083
   0.0088169            0  -0.00891423 -0.000297395
  -0.0189589   0.00891423            0    0.0081734
 -0.00106083  0.000297395   -0.0081734            0
Repeater1[0]<--->EndNode1[0]
REAL
   0.403081 -0.00374778 -0.00235407    0.263591
-0.00374778   0.0885751  -0.0135906  0.00869925
-0.00235407  -0.0135906   0.0872914 -0.00894258
   0.263591  0.00869925 -0.00894258    0.421053
IMAGINARY
          0  -0.0166891 -0.00333942   0.0073647
  0.0166891           0 -0.00145142 -0.00270085
 0.00333942  0.00145142           0   0.0307831
 -0.0073647  0.00270085  -0.0307831           0
Repeater1[0]<--->HoM1[0]
REAL
   0.426043  -0.0118047 -0.00660502    0.266431
 -0.0118047   0.0783818  -0.0147793  -0.0310436
-0.00660502  -0.0147793   0.0948167 -0.00470789
   0.266431  -0.0310436 -0.00470789    0.400759
IMAGINARY
           0    0.0189589   -0.0088169   0.00106083
  -0.0189589            0   0.00891423    0.0081734
   0.0088169  -0.00891423            0 -0.000297395
 -0.00106083   -0.0081734  0.000297395            0
EndNode1[0]<--->Repeater1[0]
REAL
  0.430538 -0.0178182 -0.0030413   0.248334
-0.0178182  0.0625782 0.00357442 -0.0249485
-0.0030413 0.00357442  0.0826033 -0.0165329
  0.248334 -0.0249485 -0.0165329    0.42428
IMAGINARY
          0  -0.0128014  -0.0138871 -0.00332547
  0.0128014           0    -0.04139    0.024368
  0.0138871     0.04139           0  0.00108748
 0.00332547   -0.024368 -0.00108748           0
EndNode2[0]<--->HoM1[0]
REAL
   0.395755  0.00191246 0.000187436    0.264736
 0.00191246   0.0761548   0.0199769 -0.00846769
0.000187436   0.0199769   0.0848939  0.00127225
   0.264736 -0.00846769  0.00127225    0.443196
IMAGINARY
          0  0.00242086   0.0183582  -0.0175968
-0.00242086           0  -0.0122634 -0.00294509
 -0.0183582   0.0122634           0  -0.0166009
  0.0175968  0.00294509   0.0166009           0
Repeater1[0]<--->EndNode1[0]
REAL
  0.430538 -0.0030413 -0.0178182   0.248334
-0.0030413  0.0826033 0.00357442 -0.0165329
-0.0178182 0.00357442  0.0625782 -0.0249485
  0.248334 -0.0165329 -0.0249485    0.42428
IMAGINARY
          0  -0.0138871  -0.0128014 -0.00332547
  0.0138871           0     0.04139  0.00108748
  0.0128014    -0.04139           0    0.024368
 0.00332547 -0.00108748   -0.024368           0
Repeater1[0]<--->HoM1[0]
REAL
   0.395755 0.000187436  0.00191246    0.264736
0.000187436   0.0848939   0.0199769  0.00127225
 0.00191246   0.0199769   0.0761548 -0.00846769
   0.264736  0.00127225 -0.00846769    0.443196
IMAGINARY
          0   0.0183582  0.00242086  -0.0175968
 -0.0183582           0   0.0122634  -0.0166009
-0.00242086  -0.0122634           0 -0.00294509
  0.0175968   0.0166009  0.00294509           0
EndNode1[0]<--->Repeater1[0]
REAL
   0.400504 1.60327e-05  -0.0172884    0.271519
1.60327e-05   0.0743073 -0.00853598  0.00730174
 -0.0172884 -0.00853598   0.0654912 0.000649746
   0.271519  0.00730174 0.000649746    0.459698
IMAGINARY
          0   0.0152216  0.00637404 -0.00799447
 -0.0152216           0 -0.00990529  0.00182268
-0.00637404  0.00990529           0  0.00253799
 0.00799447 -0.00182268 -0.00253799           0
EndNode2[0]<--->HoM1[0]
REAL
   0.413158 -0.00823635  -0.0132082    0.266201
-0.00823635   0.0973684 -0.00379896  0.00929178
 -0.0132082 -0.00379896   0.0802632   -0.003513
   0.266201  0.00929178   -0.003513    0.409211
IMAGINARY
          0  0.00777244 -0.00447704   0.0105907
-0.00777244           0 -0.00432501  0.00572704
 0.00447704  0.00432501           0  -0.0140224
 -0.0105907 -0.00572704   0.0140224           0
Repeater1[0]<--->EndNode1[0]
REAL
   0.400504  -0.0172884 1.60327e-05    0.271519
 -0.0172884   0.0654912 -0.00853598 0.000649746
1.60327e-05 -0.00853598   0.0743073  0.00730174
   0.271519 0.000649746  0.00730174    0.459698
IMAGINARY
          0  0.00637404   0.0152216 -0.00799447
-0.00637404           0  0.00990529  0.00253799
 -0.0152216 -0.00990529           0  0.00182268
 0.00799447 -0.00253799 -0.00182268           0
Repeater1[0]<--->HoM1[0]
REAL
   0.413158  -0.0132082 -0.00823635    0.266201
 -0.0132082   0.0802632 -0.00379896   -0.003513
-0.00823635 -0.00379896   0.0973684  0.00929178
   0.266201   -0.003513  0.00929178    0.409211
IMAGINARY
          0 -0.00447704  0.00777244   0.0105907
 0.00447704           0  0.00432501  -0.0140224
-0.00777244 -0.00432501           0  0.00572704
 -0.0105907   0.0140224 -0.00572704           0
EndNode1[0]<--->Repeater1[0]
REAL
   0.40873 0.00417199  0.0114669   0.268585
0.00417199  0.0925926 -0.0119641 0.00429607
 0.0114669 -0.0119641  0.0793651  0.0254623
  0.268585 0.00429607  0.0254623   0.419312
IMAGINARY
           0   0.00584945   -0.0174145   -0.0154653
 -0.00584945            0    0.0070347    0.0161676
   0.0174145   -0.0070347            0  0.000384967
   0.0154653   -0.0161676 -0.000384967            0
EndNode2[0]<--->HoM1[0]
REAL
  0.411533 -0.0100214  0.0174289   0.256918
-0.0100214  0.0760157 0.00250988 0.00662835
 0.0174289 0.00250988  0.0747051 -0.0062335
  0.256918 0.00662835 -0.0062335   0.437746
IMAGINARY
          0   0.0104808  0.00991691   0.0110099
 -0.0104808           0    0.023081  -0.0212519
-0.00991691   -0.023081           0 -0.00292408
 -0.0110099   0.0212519  0.00292408           0
Repeater1[0]<--->EndNode1[0]
REAL
   0.40873  0.0114669 0.00417199   0.268585
 0.0114669  0.0793651 -0.0119641  0.0254623
0.00417199 -0.0119641  0.0925926 0.00429607
  0.268585  0.0254623 0.00429607   0.419312
IMAGINARY
           0   -0.0174145   0.00584945   -0.0154653
   0.0174145            0   -0.0070347  0.000384967
 -0.00584945    0.0070347            0    0.0161676
   0.0154653 -0.000384967   -0.0161676            0
Repeater1[0]<--->HoM1[0]
REAL
  0.411533  0.0174289 -0.0100214   0.256918
 0.0174289  0.0747051 0.00250988 -0.0062335
-0.0100214 0.00250988  0.0760157 0.00662835
  0.256918 -0.0062335 0.00662835   0.437746
IMAGINARY
          0  0.00991691   0.0104808   0.0110099
-0.00991691           0   -0.023081 -0.00292408
 -0.0104808    0.023081           0  -0.0212519
 -0.0110099  0.00292408   0.0212519           0
EndNode1[0]<--->Repeater1[0]
REAL
   0.415446 -0.00746884   0.0148171    0.257492
-0.00746884   0.0838881  0.00193614  -0.0154672
  0.0148171  0.00193614    0.101198 -0.00488486
   0.257492  -0.0154672 -0.00488486    0.399467
IMAGINARY
          0  0.00946942  -0.0161752   0.0131731
-0.00946942           0   0.0144651   -0.023694
  0.0161752  -0.0144651           0   0.0212495
 -0.0131731    0.023694  -0.0212495           0
EndNode2[0]<--->HoM1[0]
REAL
    0.398458     0.012884 -0.000699787     0.239327
    0.012884    0.0745501  -0.00375627   0.00539777
-0.000699787  -0.00375627    0.0874036    -0.017582
    0.239327   0.00539777    -0.017582     0.439589
