EndNode1[0]<--->Repeater1[0]
REAL
   0.501931   0.0102102 -0.00517458   0.0317568
  0.0102102    0.337194  -0.0182432 -0.00705193
-0.00517458  -0.0182432    0.106821   0.0213213
  0.0317568 -0.00705193   0.0213213   0.0540541
IMAGINARY
          0  0.00577301  -0.0192341 -0.00124238
-0.00577301           0   0.0026236   0.0126552
  0.0192341  -0.0026236           0  -0.0176151
 0.00124238  -0.0126552   0.0176151           0
EndNode2[0]<--->BSA[0]
REAL
   0.495449 -0.00996981  -0.0156651   0.0674383
-0.00996981    0.113134   0.0151595   0.0188177
 -0.0156651   0.0151595    0.276983  0.00177309
  0.0674383   0.0188177  0.00177309    0.114434
IMAGINARY
           0  -0.00703201  0.000677448  0.000673915
  0.00703201            0  -0.00251893   -0.0046989
-0.000677448   0.00251893            0    0.0164154
-0.000673915    0.0046989   -0.0164154            0
Repeater1[0]<--->EndNode1[0]
REAL
   0.501931 -0.00517458   0.0102102   0.0317568
-0.00517458    0.106821  -0.0182432   0.0213213
  0.0102102  -0.0182432    0.337194 -0.00705193
  0.0317568   0.0213213 -0.00705193   0.0540541
IMAGINARY
          0  -0.0192341  0.00577301 -0.00124238
  0.0192341           0  -0.0026236  -0.0176151
-0.00577301   0.0026236           0   0.0126552
 0.00124238   0.0176151  -0.0126552           0
Repeater1[0]<--->BSA[0]
REAL
   0.495449  -0.0156651 -0.00996981   0.0674383
 -0.0156651    0.276983   0.0151595  0.00177309
-0.00996981   0.0151595    0.113134   0.0188177
  0.0674383  0.00177309   0.0188177    0.114434
IMAGINARY
           0  0.000677448  -0.00703201  0.000673915
-0.000677448            0   0.00251893    0.0164154
  0.00703201  -0.00251893            0   -0.0046989
-0.000673915   -0.0164154    0.0046989            0
EndNode1[0]<--->Repeater1[0]
REAL
   0.493168   0.0185022 -0.00372096  0.00548229
  0.0185022    0.345342   0.0026733 -0.00945344
-0.00372096   0.0026733    0.111801   0.0109834
 0.00548229 -0.00945344   0.0109834   0.0496894
IMAGINARY
           0   0.00268817   0.00870066   -0.0208654
 -0.00268817            0    0.0103846 -0.000273696
 -0.00870066   -0.0103846            0  -0.00268817
   0.0208654  0.000273696   0.00268817            0
EndNode2[0]<--->BSA[0]
REAL
   0.471802 -0.00826144  0.00635999   0.0742101
-0.00826144    0.138927 3.42955e-05 -0.00964514
 0.00635999 3.42955e-05    0.302613  -0.0213049
  0.0742101 -0.00964514  -0.0213049   0.0866575
IMAGINARY
           0   -0.0219633   -0.0149163   -0.0270519
   0.0219633            0  0.000128853   0.00667458
   0.0149163 -0.000128853            0   0.00547979
   0.0270519  -0.00667458  -0.00547979            0
Repeater1[0]<--->EndNode1[0]
REAL
   0.493168 -0.00372096   0.0185022  0.00548229
-0.00372096    0.111801   0.0026733   0.0109834
  0.0185022   0.0026733    0.345342 -0.00945344
 0.00548229   0.0109834 -0.00945344   0.0496894
IMAGINARY
           0   0.00870066   0.00268817   -0.0208654
 -0.00870066            0   -0.0103846  -0.00268817
 -0.00268817    0.0103846            0 -0.000273696
   0.0208654   0.00268817  0.000273696            0
Repeater1[0]<--->BSA[0]
REAL
   0.471802  0.00635999 -0.00826144   0.0742101
 0.00635999    0.302613 3.42955e-05  -0.0213049
-0.00826144 3.42955e-05    0.138927 -0.00964514
  0.0742101  -0.0213049 -0.00964514   0.0866575
IMAGINARY
           0   -0.0149163   -0.0219633   -0.0270519
   0.0149163            0 -0.000128853   0.00547979
   0.0219633  0.000128853            0   0.00667458
   0.0270519  -0.00547979  -0.00667458            0
EndNode1[0]<--->Repeater1[0]
REAL
    0.52122 -0.00729264   0.0152044   0.0194791
-0.00729264    0.335544   0.0109007   0.0113779
  0.0152044   0.0109007   0.0941645 -0.00789723
  0.0194791   0.0113779 -0.00789723   0.0490716
IMAGINARY
          0  -0.0285713   0.0083653 -0.00989503
  0.0285713           0 -0.00230009  -0.0108163
 -0.0083653  0.00230009           0  -0.0167719
 0.00989503   0.0108163   0.0167719           0
EndNode2[0]<--->BSA[0]
REAL
    0.460598    0.0118454   -0.0044902    0.0796806
   0.0118454     0.142663    0.0106058   0.00511287
  -0.0044902    0.0106058      0.29212 -1.47698e-05
   0.0796806   0.00511287 -1.47698e-05      0.10462
IMAGINARY
          0  -0.0166048  0.00350275  0.00355649
  0.0166048           0 -0.00738302  0.00220067
-0.00350275  0.00738302           0 -0.00937746
-0.00355649 -0.00220067  0.00937746           0
Repeater1[0]<--->EndNode1[0]
REAL
    0.52122   0.0152044 -0.00729264   0.0194791
  0.0152044   0.0941645   0.0109007 -0.00789723
-0.00729264   0.0109007    0.335544   0.0113779
  0.0194791 -0.00789723   0.0113779   0.0490716
IMAGINARY
          0   0.0083653  -0.0285713 -0.00989503
 -0.0083653           0  0.00230009  -0.0167719
  0.0285713 -0.00230009           0  -0.0108163
 0.00989503   0.0167719   0.0108163           0
Repeater1[0]<--->BSA[0]
REAL
    0.460598   -0.0044902    0.0118454    0.0796806
  -0.0044902      0.29212    0.0106058 -1.47698e-05
   0.0118454    0.0106058     0.142663   0.00511287
   0.0796806 -1.47698e-05   0.00511287      0.10462
IMAGINARY
          0  0.00350275  -0.0166048  0.00355649
-0.00350275           0  0.00738302 -0.00937746
  0.0166048 -0.00738302           0  0.00220067
-0.00355649  0.00937746 -0.00220067           0
EndNode1[0]<--->Repeater1[0]
REAL
   0.506649  -0.0134918  0.00316023   0.0244037
 -0.0134918    0.328457  0.00150299 -0.00186489
 0.00316023  0.00150299    0.114362 -0.00852897
  0.0244037 -0.00186489 -0.00852897   0.0505319
IMAGINARY
          0 -0.00328045 -0.00986208 -0.00320512
 0.00328045           0  0.00117535 -0.00667736
 0.00986208 -0.00117535           0  -0.0196203
 0.00320512  0.00667736   0.0196203           0
EndNode2[0]<--->BSA[0]
REAL
  0.473236  0.0332447 0.00300744  0.0910102
 0.0332447   0.132603  0.0244753 -0.0108815
0.00300744  0.0244753    0.30292  0.0205611
 0.0910102 -0.0108815  0.0205611  0.0912409
IMAGINARY
          0   0.0139151   -0.017686  0.00407937
 -0.0139151           0  -0.0159692  0.00648704
   0.017686   0.0159692           0 -0.00403365
-0.00407937 -0.00648704  0.00403365           0
Repeater1[0]<--->EndNode1[0]
REAL
   0.506649  0.00316023  -0.0134918   0.0244037
 0.00316023    0.114362  0.00150299 -0.00852897
 -0.0134918  0.00150299    0.328457 -0.00186489
  0.0244037 -0.00852897 -0.00186489   0.0505319
IMAGINARY
          0 -0.00986208 -0.00328045 -0.00320512
 0.00986208           0 -0.00117535  -0.0196203
 0.00328045  0.00117535           0 -0.00667736
 0.00320512   0.0196203  0.00667736           0
Repeater1[0]<--->BSA[0]
REAL
  0.473236 0.00300744  0.0332447  0.0910102
0.00300744    0.30292  0.0244753  0.0205611
 0.0332447  0.0244753   0.132603 -0.0108815
 0.0910102  0.0205611 -0.0108815  0.0912409
IMAGINARY
          0   -0.017686   0.0139151  0.00407937
   0.017686           0   0.0159692 -0.00403365
 -0.0139151  -0.0159692           0  0.00648704
-0.00407937  0.00403365 -0.00648704           0
EndNode1[0]<--->Repeater1[0]
REAL
   0.505675   0.0105606 -0.00220301   0.0261274
  0.0105606    0.332913  -0.0216113  -0.0281196
-0.00220301  -0.0216113    0.107188  -0.0331412
  0.0261274  -0.0281196  -0.0331412   0.0542245
IMAGINARY
           0    0.0128633   -0.0213963  0.000915103
  -0.0128633            0    0.0159086    0.0100898
   0.0213963   -0.0159086            0    0.0135186
-0.000915103   -0.0100898   -0.0135186            0
EndNode2[0]<--->BSA[0]
REAL
  0.451531  0.0114024 0.00068306  0.0983676
 0.0114024   0.140306  0.0136542 0.00887978
0.00068306  0.0136542   0.309949  0.0336796
 0.0983676 0.00887978  0.0336796  0.0982143
IMAGINARY
          0  -0.0159728  -0.0266068   0.0256078
  0.0159728           0  0.00123364  0.00558769
  0.0266068 -0.00123364           0 -0.00632024
 -0.0256078 -0.00558769  0.00632024           0
Repeater1[0]<--->EndNode1[0]
REAL
   0.505675 -0.00220301   0.0105606   0.0261274
-0.00220301    0.107188  -0.0216113  -0.0331412
  0.0105606  -0.0216113    0.332913  -0.0281196
  0.0261274  -0.0331412  -0.0281196   0.0542245
IMAGINARY
           0   -0.0213963    0.0128633  0.000915103
   0.0213963            0   -0.0159086    0.0135186
  -0.0128633    0.0159086            0    0.0100898
-0.000915103   -0.0135186   -0.0100898            0
Repeater1[0]<--->BSA[0]
REAL
  0.451531 0.00068306  0.0114024  0.0983676
0.00068306   0.309949  0.0136542  0.0336796
 0.0114024  0.0136542   0.140306 0.00887978
 0.0983676  0.0336796 0.00887978  0.0982143
IMAGINARY
          0  -0.0266068  -0.0159728   0.0256078
  0.0266068           0 -0.00123364 -0.00632024
  0.0159728  0.00123364           0  0.00558769
 -0.0256078  0.00632024 -0.00558769           0
