EndNode1[0]<--->Repeater1[0]
REAL
   0.476378  0.00220783  -0.0131073    0.327643
 0.00220783   0.0997375  0.00172193 -0.00805676
 -0.0131073  0.00172193   0.0761155 -0.00882158
   0.327643 -0.00805676 -0.00882158    0.347769
IMAGINARY
          0 -0.00141174 -0.00954267  0.00929582
 0.00141174           0   0.0073503  0.00255411
 0.00954267  -0.0073503           0  0.00712965
-0.00929582 -0.00255411 -0.00712965           0
EndNode2[0]<--->HoM1[0]
REAL
   0.442478  0.00542784  0.00504552    0.381243
 0.00542784     0.05689  -0.0123483  0.00780795
 0.00504552  -0.0123483   0.0657396 -0.00542784
   0.381243  0.00780795 -0.00542784    0.434893
IMAGINARY
          0  0.00703849  0.00633139   0.0079495
-0.00703849           0  0.00532483 -0.00209922
-0.00633139 -0.00532483           0  -0.0233625
 -0.0079495  0.00209922   0.0233625           0
Repeater1[0]<--->EndNode1[0]
REAL
   0.476378  -0.0131073  0.00220783    0.327643
 -0.0131073   0.0761155  0.00172193 -0.00882158
 0.00220783  0.00172193   0.0997375 -0.00805676
   0.327643 -0.00882158 -0.00805676    0.347769
IMAGINARY
          0 -0.00954267 -0.00141174  0.00929582
 0.00954267           0  -0.0073503  0.00712965
 0.00141174   0.0073503           0  0.00255411
-0.00929582 -0.00712965 -0.00255411           0
Repeater1[0]<--->HoM1[0]
REAL
   0.442478  0.00504552  0.00542784    0.381243
 0.00504552   0.0657396  -0.0123483 -0.00542784
 0.00542784  -0.0123483     0.05689  0.00780795
   0.381243 -0.00542784  0.00780795    0.434893
IMAGINARY
          0  0.00633139  0.00703849   0.0079495
-0.00633139           0 -0.00532483  -0.0233625
-0.00703849  0.00532483           0 -0.00209922
 -0.0079495   0.0233625  0.00209922           0
