EndNode1[0]<--->Repeater1[0]
REAL
  0.455901  0.0157771  0.0126132   0.274131
 0.0157771   0.118012 0.00421951 -0.0126132
 0.0126132 0.00421951   0.103106 -0.0209317
  0.274131 -0.0126132 -0.0209317   0.322981
IMAGINARY
           0  0.000288536  -0.00407343    0.0031472
-0.000288536            0   0.00772236 -0.000351347
  0.00407343  -0.00772236            0    0.0016078
  -0.0031472  0.000351347   -0.0016078            0
EndNode2[0]<--->HoM1[0]
REAL
   0.462217 -0.00619085   0.0265688    0.338572
-0.00619085   0.0617128   0.0281825  0.00641274
  0.0265688   0.0281825   0.0969773   0.0167449
   0.338572  0.00641274   0.0167449    0.379093
IMAGINARY
          0  0.00053642 -0.00462765  0.00501357
-0.00053642           0   0.0120021  -0.0109568
 0.00462765  -0.0120021           0  0.00985319
-0.00501357   0.0109568 -0.00985319           0
Repeater1[0]<--->EndNode1[0]
REAL
  0.455901  0.0126132  0.0157771   0.274131
 0.0126132   0.103106 0.00421951 -0.0209317
 0.0157771 0.00421951   0.118012 -0.0126132
  0.274131 -0.0209317 -0.0126132   0.322981
IMAGINARY
           0  -0.00407343  0.000288536    0.0031472
  0.00407343            0  -0.00772236    0.0016078
-0.000288536   0.00772236            0 -0.000351347
  -0.0031472   -0.0016078  0.000351347            0
Repeater1[0]<--->HoM1[0]
REAL
   0.462217   0.0265688 -0.00619085    0.338572
  0.0265688   0.0969773   0.0281825   0.0167449
-0.00619085   0.0281825   0.0617128  0.00641274
   0.338572   0.0167449  0.00641274    0.379093
IMAGINARY
          0 -0.00462765  0.00053642  0.00501357
 0.00462765           0  -0.0120021  0.00985319
-0.00053642   0.0120021           0  -0.0109568
-0.00501357 -0.00985319   0.0109568           0
EndNode1[0]<--->Repeater1[0]
REAL
   0.461538 -0.00445541   -0.014746    0.275429
-0.00445541    0.111538  0.00777859  0.00221466
  -0.014746  0.00777859   0.0961538   0.0232524
   0.275429  0.00221466   0.0232524    0.330769
IMAGINARY
          0  0.00416953  0.00268864   0.0111341
-0.00416953           0  0.00425051 -0.00589788
-0.00268864 -0.00425051           0  0.00545819
 -0.0111341  0.00589788 -0.00545819           0
EndNode2[0]<--->HoM1[0]
REAL
    0.46875  -0.0080159  0.00469337     0.34617
 -0.0080159   0.0853365   0.0261702 -0.00469337
 0.00469337   0.0261702   0.0637019   -0.023899
    0.34617 -0.00469337   -0.023899    0.382212
IMAGINARY
           0   0.00482309   0.00432852   0.00533693
 -0.00482309            0  -0.00341139   0.00367148
 -0.00432852   0.00341139            0 -0.000823087
 -0.00533693  -0.00367148  0.000823087            0
Repeater1[0]<--->EndNode1[0]
REAL
   0.461538   -0.014746 -0.00445541    0.275429
  -0.014746   0.0961538  0.00777859   0.0232524
-0.00445541  0.00777859    0.111538  0.00221466
   0.275429   0.0232524  0.00221466    0.330769
IMAGINARY
          0  0.00268864  0.00416953   0.0111341
-0.00268864           0 -0.00425051  0.00545819
-0.00416953  0.00425051           0 -0.00589788
 -0.0111341 -0.00545819  0.00589788           0
Repeater1[0]<--->HoM1[0]
REAL
    0.46875  0.00469337  -0.0080159     0.34617
 0.00469337   0.0637019   0.0261702   -0.023899
 -0.0080159   0.0261702   0.0853365 -0.00469337
    0.34617   -0.023899 -0.00469337    0.382212
IMAGINARY
           0   0.00432852   0.00482309   0.00533693
 -0.00432852            0   0.00341139 -0.000823087
 -0.00482309  -0.00341139            0   0.00367148
 -0.00533693  0.000823087  -0.00367148            0
EndNode1[0]<--->Repeater1[0]
REAL
  0.469038 0.00786575 0.00403287   0.254832
0.00786575   0.115942  0.0196901  0.0169862
0.00403287  0.0196901  0.0948617  0.0246183
  0.254832  0.0169862  0.0246183   0.320158
IMAGINARY
           0   -0.0185449 -0.000772043   0.00649588
   0.0185449            0  -0.00891719   0.00464801
 0.000772043   0.00891719            0  -0.00471091
 -0.00649588  -0.00464801   0.00471091            0
EndNode2[0]<--->HoM1[0]
REAL
   0.432292   0.0120737 -0.00911559     0.34126
  0.0120737   0.0885417  0.00130945 -0.00977609
-0.00911559  0.00130945   0.0755208  -0.0095548
    0.34126 -0.00977609  -0.0095548    0.403646
IMAGINARY
          0   0.0105459 -0.00247647   0.0149957
 -0.0105459           0  0.00370753   0.0173648
 0.00247647 -0.00370753           0   0.0105459
 -0.0149957  -0.0173648  -0.0105459           0
Repeater1[0]<--->EndNode1[0]
REAL
  0.469038 0.00403287 0.00786575   0.254832
0.00403287  0.0948617  0.0196901  0.0246183
0.00786575  0.0196901   0.115942  0.0169862
  0.254832  0.0246183  0.0169862   0.320158
IMAGINARY
           0 -0.000772043   -0.0185449   0.00649588
 0.000772043            0   0.00891719  -0.00471091
   0.0185449  -0.00891719            0   0.00464801
 -0.00649588   0.00471091  -0.00464801            0
Repeater1[0]<--->HoM1[0]
REAL
   0.432292 -0.00911559   0.0120737     0.34126
-0.00911559   0.0755208  0.00130945  -0.0095548
  0.0120737  0.00130945   0.0885417 -0.00977609
    0.34126  -0.0095548 -0.00977609    0.403646
IMAGINARY
          0 -0.00247647   0.0105459   0.0149957
 0.00247647           0 -0.00370753   0.0105459
 -0.0105459  0.00370753           0   0.0173648
 -0.0149957  -0.0105459  -0.0173648           0
EndNode1[0]<--->Repeater1[0]
REAL
   0.492885 -0.00572511 -0.00341627    0.298157
-0.00572511    0.135834  0.00754288  -0.0198998
-0.00341627  0.00754288   0.0892626  -0.0124096
   0.298157  -0.0198998  -0.0124096    0.282018
IMAGINARY
          0 -0.00399624  0.00349777  0.00459611
 0.00399624           0   0.0211524 -0.00289609
-0.00349777  -0.0211524           0 -0.00141892
-0.00459611  0.00289609  0.00141892           0
EndNode2[0]<--->HoM1[0]
REAL
    0.460177    0.0155422   0.00455703     0.335853
   0.0155422    0.0707965 -0.000147477   0.00643909
  0.00455703 -0.000147477    0.0670038    0.0226208
    0.335853   0.00643909    0.0226208     0.402023
IMAGINARY
          0    0.032021  -0.0102513 -0.00293851
  -0.032021           0   0.0313623 -0.00841534
  0.0102513  -0.0313623           0 -0.00402097
 0.00293851  0.00841534  0.00402097           0
Repeater1[0]<--->EndNode1[0]
REAL
   0.492885 -0.00341627 -0.00572511    0.298157
-0.00341627   0.0892626  0.00754288  -0.0124096
-0.00572511  0.00754288    0.135834  -0.0198998
   0.298157  -0.0124096  -0.0198998    0.282018
IMAGINARY
          0  0.00349777 -0.00399624  0.00459611
-0.00349777           0  -0.0211524 -0.00141892
 0.00399624   0.0211524           0 -0.00289609
-0.00459611  0.00141892  0.00289609           0
Repeater1[0]<--->HoM1[0]
REAL
    0.460177   0.00455703    0.0155422     0.335853
  0.00455703    0.0670038 -0.000147477    0.0226208
   0.0155422 -0.000147477    0.0707965   0.00643909
    0.335853    0.0226208   0.00643909     0.402023
IMAGINARY
          0  -0.0102513    0.032021 -0.00293851
  0.0102513           0  -0.0313623 -0.00402097
  -0.032021   0.0313623           0 -0.00841534
 0.00293851  0.00402097  0.00841534           0
EndNode1[0]<--->Repeater1[0]
REAL
   0.476316  -0.0237626  -0.0157545     0.25592
 -0.0237626   0.0868421   0.0132143 -0.00871225
 -0.0157545   0.0132143    0.110526  -0.0107418
    0.25592 -0.00871225  -0.0107418    0.326316
IMAGINARY
          0 -0.00101604  -0.0162149    0.023386
 0.00101604           0   0.0273024  0.00958361
  0.0162149  -0.0273024           0 -0.00561526
  -0.023386 -0.00958361  0.00561526           0
EndNode2[0]<--->HoM1[0]
REAL
    0.48961 -0.00384289  0.00443635    0.356276
-0.00384289   0.0675325  0.00356255 -0.00713177
 0.00443635  0.00356255    0.074026  -0.0258067
   0.356276 -0.00713177  -0.0258067    0.368831
IMAGINARY
          0  -0.0221705   0.0102865   0.0169107
  0.0221705           0  -0.0115343  0.00263342
 -0.0102865   0.0115343           0 -0.00883721
 -0.0169107 -0.00263342  0.00883721           0
Repeater1[0]<--->EndNode1[0]
REAL
   0.476316  -0.0157545  -0.0237626     0.25592
 -0.0157545    0.110526   0.0132143  -0.0107418
 -0.0237626   0.0132143   0.0868421 -0.00871225
    0.25592  -0.0107418 -0.00871225    0.326316
IMAGINARY
          0  -0.0162149 -0.00101604    0.023386
  0.0162149           0  -0.0273024 -0.00561526
 0.00101604   0.0273024           0  0.00958361
  -0.023386  0.00561526 -0.00958361           0
Repeater1[0]<--->HoM1[0]
REAL
    0.48961  0.00443635 -0.00384289    0.356276
 0.00443635    0.074026  0.00356255  -0.0258067
-0.00384289  0.00356255   0.0675325 -0.00713177
   0.356276  -0.0258067 -0.00713177    0.368831
IMAGINARY
          0   0.0102865  -0.0221705   0.0169107
 -0.0102865           0   0.0115343 -0.00883721
  0.0221705  -0.0115343           0  0.00263342
 -0.0169107  0.00883721 -0.00263342           0
EndNode1[0]<--->Repeater1[0]
REAL
   0.444288  0.00761046   0.0052414    0.273286
 0.00761046    0.112835 -0.00981651  0.00461405
  0.0052414 -0.00981651   0.0987306   0.0101294
   0.273286  0.00461405   0.0101294    0.344147
IMAGINARY
          0    0.022867  0.00977876   0.0103775
  -0.022867           0 -0.00971703  -0.0305858
-0.00977876  0.00971703           0  0.00802831
 -0.0103775   0.0305858 -0.00802831           0
EndNode2[0]<--->HoM1[0]
REAL
  0.456233  0.0358936  0.0201778   0.347242
 0.0358936  0.0689655 -0.0182404  0.0201778
 0.0201778 -0.0182404  0.0875332  0.0222459
  0.347242  0.0201778  0.0222459   0.387268
IMAGINARY
           0  -0.00121164  -0.00873776   0.00529067
  0.00121164            0  0.000515777   0.00746872
  0.00873776 -0.000515777            0    0.0100949
 -0.00529067  -0.00746872   -0.0100949            0
Repeater1[0]<--->EndNode1[0]
REAL
   0.444288   0.0052414  0.00761046    0.273286
  0.0052414   0.0987306 -0.00981651   0.0101294
 0.00761046 -0.00981651    0.112835  0.00461405
   0.273286   0.0101294  0.00461405    0.344147
IMAGINARY
          0  0.00977876    0.022867   0.0103775
-0.00977876           0  0.00971703  0.00802831
  -0.022867 -0.00971703           0  -0.0305858
 -0.0103775 -0.00802831   0.0305858           0
Repeater1[0]<--->HoM1[0]
REAL
  0.456233  0.0201778  0.0358936   0.347242
 0.0201778  0.0875332 -0.0182404  0.0222459
 0.0358936 -0.0182404  0.0689655  0.0201778
  0.347242  0.0222459  0.0201778   0.387268
IMAGINARY
           0  -0.00873776  -0.00121164   0.00529067
  0.00873776            0 -0.000515777    0.0100949
  0.00121164  0.000515777            0   0.00746872
 -0.00529067   -0.0100949  -0.00746872            0
