EndNode1[0]<--->Repeater1[0]
REAL
   0.485714 -0.00401483  -0.0185951   0.0854193
-0.00401483    0.133333  0.00391075 -0.00621883
 -0.0185951  0.00391075    0.239456 -0.00963281
  0.0854193 -0.00621883 -0.00963281    0.141497
IMAGINARY
          0   0.0152638 -0.00425791   0.0173174
 -0.0152638           0  -0.0215427 -0.00425791
 0.00425791   0.0215427           0  -0.0189134
 -0.0173174  0.00425791   0.0189134           0
EndNode2[0]<--->BSA[0]
REAL
  0.452957 -0.0200316 -0.0146684   0.135204
-0.0200316   0.174731  0.0357143 0.00318878
-0.0146684  0.0357143   0.142473   0.013654
  0.135204 0.00318878   0.013654   0.229839
IMAGINARY
           0  -0.00797556   0.00281534   -0.0245747
  0.00797556            0  0.000765201   -0.0142949
 -0.00281534 -0.000765201            0  -0.00860607
   0.0245747    0.0142949   0.00860607            0
Repeater1[0]<--->EndNode1[0]
REAL
   0.485714  -0.0185951 -0.00401483   0.0854193
 -0.0185951    0.239456  0.00391075 -0.00963281
-0.00401483  0.00391075    0.133333 -0.00621883
  0.0854193 -0.00963281 -0.00621883    0.141497
IMAGINARY
          0 -0.00425791   0.0152638   0.0173174
 0.00425791           0   0.0215427  -0.0189134
 -0.0152638  -0.0215427           0 -0.00425791
 -0.0173174   0.0189134  0.00425791           0
Repeater1[0]<--->BSA[0]
REAL
  0.452957 -0.0146684 -0.0200316   0.135204
-0.0146684   0.142473  0.0357143   0.013654
-0.0200316  0.0357143   0.174731 0.00318878
  0.135204   0.013654 0.00318878   0.229839
IMAGINARY
           0   0.00281534  -0.00797556   -0.0245747
 -0.00281534            0 -0.000765201  -0.00860607
  0.00797556  0.000765201            0   -0.0142949
   0.0245747   0.00860607    0.0142949            0
