EndNode1[0]<--->Repeater1[0]
REAL
    0.471774    0.0130358   0.00482874     0.307351
   0.0130358    0.0887097   -0.0032272 -0.000962763
  0.00482874   -0.0032272    0.0927419  -0.00143787
    0.307351 -0.000962763  -0.00143787     0.346774
IMAGINARY
           0  -0.00229576   -0.0104907  -0.00345084
  0.00229576            0    0.0330075  3.56056e-05
   0.0104907   -0.0330075            0   0.00783082
  0.00345084 -3.56056e-05  -0.00783082            0
EndNode2[0]<--->HoM1[0]
REAL
   0.464706  0.00417653 -0.00264008     0.37657
 0.00417653   0.0541176 -0.00607635   0.0086481
-0.00264008 -0.00607635   0.0717647 -0.00484409
    0.37657   0.0086481 -0.00484409    0.409412
IMAGINARY
          0 -0.00655431    0.019135  -0.0113559
 0.00655431           0  0.00439212 -0.00602634
  -0.019135 -0.00439212           0 -0.00655431
  0.0113559  0.00602634  0.00655431           0
Repeater1[0]<--->EndNode1[0]
REAL
    0.471774   0.00482874    0.0130358     0.307351
  0.00482874    0.0927419   -0.0032272  -0.00143787
   0.0130358   -0.0032272    0.0887097 -0.000962763
    0.307351  -0.00143787 -0.000962763     0.346774
IMAGINARY
           0   -0.0104907  -0.00229576  -0.00345084
   0.0104907            0   -0.0330075   0.00783082
  0.00229576    0.0330075            0  3.56056e-05
  0.00345084  -0.00783082 -3.56056e-05            0
Repeater1[0]<--->HoM1[0]
REAL
   0.464706 -0.00264008  0.00417653     0.37657
-0.00264008   0.0717647 -0.00607635 -0.00484409
 0.00417653 -0.00607635   0.0541176   0.0086481
    0.37657 -0.00484409   0.0086481    0.409412
IMAGINARY
          0    0.019135 -0.00655431  -0.0113559
  -0.019135           0 -0.00439212 -0.00655431
 0.00655431  0.00439212           0 -0.00602634
  0.0113559  0.00655431  0.00602634           0
EndNode1[0]<--->Repeater1[0]
REAL
   0.457956  0.00624126 -0.00596019     0.30551
 0.00624126   0.0996119 -0.00168814 -0.00104618
-0.00596019 -0.00168814   0.0931436   0.0147778
    0.30551 -0.00104618   0.0147778    0.349288
IMAGINARY
          0  -0.0179802 -0.00884979  -0.0202026
  0.0179802           0  -0.0308693   0.0114205
 0.00884979   0.0308693           0 -0.00258532
  0.0202026  -0.0114205  0.00258532           0
EndNode2[0]<--->HoM1[0]
REAL
    0.451613   0.00163428 -0.000169227     0.366268
  0.00163428    0.0704898  -0.00629409   -0.0321954
-0.000169227  -0.00629409    0.0669056   -0.0472089
    0.366268   -0.0321954   -0.0472089     0.410992
IMAGINARY
           0    0.0133088 -0.000444488 -9.41521e-05
  -0.0133088            0    0.0290198  -0.00540727
 0.000444488   -0.0290198            0   0.00294609
 9.41521e-05   0.00540727  -0.00294609            0
Repeater1[0]<--->EndNode1[0]
REAL
   0.457956 -0.00596019  0.00624126     0.30551
-0.00596019   0.0931436 -0.00168814   0.0147778
 0.00624126 -0.00168814   0.0996119 -0.00104618
    0.30551   0.0147778 -0.00104618    0.349288
IMAGINARY
          0 -0.00884979  -0.0179802  -0.0202026
 0.00884979           0   0.0308693 -0.00258532
  0.0179802  -0.0308693           0   0.0114205
  0.0202026  0.00258532  -0.0114205           0
Repeater1[0]<--->HoM1[0]
REAL
    0.451613 -0.000169227   0.00163428     0.366268
-0.000169227    0.0669056  -0.00629409   -0.0472089
  0.00163428  -0.00629409    0.0704898   -0.0321954
    0.366268   -0.0472089   -0.0321954     0.410992
IMAGINARY
           0 -0.000444488    0.0133088 -9.41521e-05
 0.000444488            0   -0.0290198   0.00294609
  -0.0133088    0.0290198            0  -0.00540727
 9.41521e-05  -0.00294609   0.00540727            0
EndNode1[0]<--->Repeater1[0]
REAL
    0.469543    0.0124426   0.00399869     0.322947
   0.0124426    0.0989848   -0.0193511 -0.000540872
  0.00399869   -0.0193511    0.0824873    -0.011751
    0.322947 -0.000540872    -0.011751     0.348985
IMAGINARY
           0   0.00185381    -0.013287    0.0131912
 -0.00185381            0   0.00992319  -0.00749545
    0.013287  -0.00992319            0  0.000591181
  -0.0131912   0.00749545 -0.000591181            0
EndNode2[0]<--->HoM1[0]
REAL
   0.457921   0.0072004  -0.0100894    0.364587
  0.0072004   0.0606436    0.018236   0.0160814
 -0.0100894    0.018236   0.0705446 -0.00120839
   0.364587   0.0160814 -0.00120839    0.410891
IMAGINARY
          0 -0.00236329 -0.00336192   0.0121594
 0.00236329           0    0.005632   -0.015204
 0.00336192   -0.005632           0   0.0183684
 -0.0121594    0.015204  -0.0183684           0
Repeater1[0]<--->EndNode1[0]
REAL
    0.469543   0.00399869    0.0124426     0.322947
  0.00399869    0.0824873   -0.0193511    -0.011751
   0.0124426   -0.0193511    0.0989848 -0.000540872
    0.322947    -0.011751 -0.000540872     0.348985
IMAGINARY
           0    -0.013287   0.00185381    0.0131912
    0.013287            0  -0.00992319  0.000591181
 -0.00185381   0.00992319            0  -0.00749545
  -0.0131912 -0.000591181   0.00749545            0
Repeater1[0]<--->HoM1[0]
REAL
   0.457921  -0.0100894   0.0072004    0.364587
 -0.0100894   0.0705446    0.018236 -0.00120839
  0.0072004    0.018236   0.0606436   0.0160814
   0.364587 -0.00120839   0.0160814    0.410891
IMAGINARY
          0 -0.00336192 -0.00236329   0.0121594
 0.00336192           0   -0.005632   0.0183684
 0.00236329    0.005632           0   -0.015204
 -0.0121594  -0.0183684    0.015204           0
EndNode1[0]<--->Repeater1[0]
REAL
   0.466413 -0.00918199  -0.0216329    0.323655
-0.00918199   0.0722433   0.0018983  -0.0127652
 -0.0216329   0.0018983   0.0988593  -0.0350441
   0.323655  -0.0127652  -0.0350441    0.362484
IMAGINARY
          0  0.00884837  -0.0119567   0.0342807
-0.00884837           0  0.00532322   0.0204757
  0.0119567 -0.00532322           0   0.0114662
 -0.0342807  -0.0204757  -0.0114662           0
EndNode2[0]<--->HoM1[0]
REAL
   0.460598  0.00737049   0.0138906    0.365842
 0.00737049   0.0557065 -0.00614799  0.00779306
  0.0138906 -0.00614799   0.0557065   0.0245173
   0.365842  0.00779306   0.0245173    0.427989
IMAGINARY
           0   -0.0380076    0.0136248   0.00890729
   0.0380076            0  0.000113324    0.0136248
  -0.0136248 -0.000113324            0   0.00188597
 -0.00890729   -0.0136248  -0.00188597            0
Repeater1[0]<--->EndNode1[0]
REAL
   0.466413  -0.0216329 -0.00918199    0.323655
 -0.0216329   0.0988593   0.0018983  -0.0350441
-0.00918199   0.0018983   0.0722433  -0.0127652
   0.323655  -0.0350441  -0.0127652    0.362484
IMAGINARY
          0  -0.0119567  0.00884837   0.0342807
  0.0119567           0 -0.00532322   0.0114662
-0.00884837  0.00532322           0   0.0204757
 -0.0342807  -0.0114662  -0.0204757           0
Repeater1[0]<--->HoM1[0]
REAL
   0.460598   0.0138906  0.00737049    0.365842
  0.0138906   0.0557065 -0.00614799   0.0245173
 0.00737049 -0.00614799   0.0557065  0.00779306
   0.365842   0.0245173  0.00779306    0.427989
IMAGINARY
           0    0.0136248   -0.0380076   0.00890729
  -0.0136248            0 -0.000113324   0.00188597
   0.0380076  0.000113324            0    0.0136248
 -0.00890729  -0.00188597   -0.0136248            0
EndNode1[0]<--->Repeater1[0]
REAL
   0.478981 -0.00619202   0.0126952     0.32319
-0.00619202    0.077707  0.00339266  -0.0164926
  0.0126952  0.00339266   0.0878981  0.00872367
    0.32319  -0.0164926  0.00872367    0.355414
IMAGINARY
          0   0.0131358 -0.00281898   0.0151252
 -0.0131358           0  0.00633123   0.0193164
 0.00281898 -0.00633123           0  0.00843781
 -0.0151252  -0.0193164 -0.00843781           0
EndNode2[0]<--->HoM1[0]
REAL
   0.484728   0.0104687 -0.00641702    0.367963
  0.0104687   0.0690571  0.00189124   0.0495777
-0.00641702  0.00189124   0.0584329  0.00613161
   0.367963   0.0495777  0.00613161    0.387782
IMAGINARY
          0 -0.00629824   0.0101148  -0.0140412
 0.00629824           0   0.0121401   0.0013648
 -0.0101148  -0.0121401           0  -0.0166609
  0.0140412  -0.0013648   0.0166609           0
Repeater1[0]<--->EndNode1[0]
REAL
   0.478981   0.0126952 -0.00619202     0.32319
  0.0126952   0.0878981  0.00339266  0.00872367
-0.00619202  0.00339266    0.077707  -0.0164926
    0.32319  0.00872367  -0.0164926    0.355414
IMAGINARY
          0 -0.00281898   0.0131358   0.0151252
 0.00281898           0 -0.00633123  0.00843781
 -0.0131358  0.00633123           0   0.0193164
 -0.0151252 -0.00843781  -0.0193164           0
Repeater1[0]<--->HoM1[0]
REAL
   0.484728 -0.00641702   0.0104687    0.367963
-0.00641702   0.0584329  0.00189124  0.00613161
  0.0104687  0.00189124   0.0690571   0.0495777
   0.367963  0.00613161   0.0495777    0.387782
IMAGINARY
          0   0.0101148 -0.00629824  -0.0140412
 -0.0101148           0  -0.0121401  -0.0166609
 0.00629824   0.0121401           0   0.0013648
  0.0140412   0.0166609  -0.0013648           0
EndNode1[0]<--->Repeater1[0]
REAL
   0.445638    0.014912 -0.00545037    0.335229
   0.014912   0.0912752 0.000107948 -0.00416502
-0.00545037 0.000107948   0.0872483 -0.00649856
   0.335229 -0.00416502 -0.00649856    0.375839
IMAGINARY
           0  0.000315304   0.00461937  -0.00613871
-0.000315304            0  4.94045e-05  -0.00730033
 -0.00461937 -4.94045e-05            0  -0.00165579
  0.00613871   0.00730033   0.00165579            0
EndNode2[0]<--->HoM1[0]
REAL
  0.472848   0.024589  0.0253593   0.382733
  0.024589  0.0821192 0.00158561 0.00934507
 0.0253593 0.00158561  0.0649007  0.0101153
  0.382733 0.00934507  0.0101153   0.380132
IMAGINARY
         0  0.0159894 -0.0225927 -0.0034391
-0.0159894          0  0.0194853 -0.0238554
 0.0225927 -0.0194853          0   0.034557
 0.0034391  0.0238554  -0.034557          0
Repeater1[0]<--->EndNode1[0]
REAL
   0.445638 -0.00545037    0.014912    0.335229
-0.00545037   0.0872483 0.000107948 -0.00649856
   0.014912 0.000107948   0.0912752 -0.00416502
   0.335229 -0.00649856 -0.00416502    0.375839
IMAGINARY
           0   0.00461937  0.000315304  -0.00613871
 -0.00461937            0 -4.94045e-05  -0.00165579
-0.000315304  4.94045e-05            0  -0.00730033
  0.00613871   0.00165579   0.00730033            0
Repeater1[0]<--->HoM1[0]
REAL
  0.472848  0.0253593   0.024589   0.382733
 0.0253593  0.0649007 0.00158561  0.0101153
  0.024589 0.00158561  0.0821192 0.00934507
  0.382733  0.0101153 0.00934507   0.380132
IMAGINARY
         0 -0.0225927  0.0159894 -0.0034391
 0.0225927          0 -0.0194853   0.034557
-0.0159894  0.0194853          0 -0.0238554
 0.0034391  -0.034557  0.0238554          0
EndNode1[0]<--->Repeater1[0]
REAL
   0.467721  0.00731383 -0.00820173    0.342073
 0.00731383    0.083004 -0.00563636 -0.00509614
-0.00820173 -0.00563636   0.0869565  0.00731383
   0.342073 -0.00509614  0.00731383    0.362319
IMAGINARY
          0  0.00721738  0.00294386 -0.00557703
-0.00721738           0  -0.0296342  -0.0096824
-0.00294386   0.0296342           0 -0.00182655
 0.00557703   0.0096824  0.00182655           0
EndNode2[0]<--->HoM1[0]
REAL
   0.459564 -0.00964981   0.0105067    0.367463
-0.00964981   0.0654685 -0.00307816 -0.00860553
  0.0105067 -0.00307816   0.0526316  0.00267896
   0.367463 -0.00860553  0.00267896    0.422336
IMAGINARY
          0  -0.0109166  0.00732328  0.00670827
  0.0109166           0  0.00494977  -0.0211938
-0.00732328 -0.00494977           0   0.0168611
-0.00670827   0.0211938  -0.0168611           0
Repeater1[0]<--->EndNode1[0]
REAL
   0.467721 -0.00820173  0.00731383    0.342073
-0.00820173   0.0869565 -0.00563636  0.00731383
 0.00731383 -0.00563636    0.083004 -0.00509614
   0.342073  0.00731383 -0.00509614    0.362319
IMAGINARY
          0  0.00294386  0.00721738 -0.00557703
-0.00294386           0   0.0296342 -0.00182655
-0.00721738  -0.0296342           0  -0.0096824
 0.00557703  0.00182655   0.0096824           0
Repeater1[0]<--->HoM1[0]
REAL
   0.459564   0.0105067 -0.00964981    0.367463
  0.0105067   0.0526316 -0.00307816  0.00267896
-0.00964981 -0.00307816   0.0654685 -0.00860553
   0.367463  0.00267896 -0.00860553    0.422336
IMAGINARY
          0  0.00732328  -0.0109166  0.00670827
-0.00732328           0 -0.00494977   0.0168611
  0.0109166  0.00494977           0  -0.0211938
-0.00670827  -0.0168611   0.0211938           0
EndNode1[0]<--->Repeater1[0]
REAL
    0.47954 -0.00327298 -0.00355345    0.314072
-0.00327298   0.0831202 0.000941046  0.00891538
-0.00355345 0.000941046   0.0997442   0.0113159
   0.314072  0.00891538   0.0113159    0.337596
IMAGINARY
          0  -0.0108961  0.00639675 -0.00961411
  0.0108961           0  -0.0152181   0.0163305
-0.00639675   0.0152181           0  -0.0370837
 0.00961411  -0.0163305   0.0370837           0
EndNode2[0]<--->HoM1[0]
REAL
    0.46755   0.0258785   0.0107705     0.36903
  0.0258785   0.0675497 -0.00466811  0.00784652
  0.0107705 -0.00466811   0.0622517 0.000717227
    0.36903  0.00784652 0.000717227    0.402649
IMAGINARY
          0   0.0161213  0.00711673 -0.00981191
 -0.0161213           0 -0.00785113  0.00329994
-0.00711673  0.00785113           0  -0.0148193
 0.00981191 -0.00329994   0.0148193           0
Repeater1[0]<--->EndNode1[0]
REAL
    0.47954 -0.00355345 -0.00327298    0.314072
-0.00355345   0.0997442 0.000941046   0.0113159
-0.00327298 0.000941046   0.0831202  0.00891538
   0.314072   0.0113159  0.00891538    0.337596
IMAGINARY
          0  0.00639675  -0.0108961 -0.00961411
-0.00639675           0   0.0152181  -0.0370837
  0.0108961  -0.0152181           0   0.0163305
 0.00961411   0.0370837  -0.0163305           0
Repeater1[0]<--->HoM1[0]
REAL
    0.46755   0.0107705   0.0258785     0.36903
  0.0107705   0.0622517 -0.00466811 0.000717227
  0.0258785 -0.00466811   0.0675497  0.00784652
    0.36903 0.000717227  0.00784652    0.402649
IMAGINARY
          0  0.00711673   0.0161213 -0.00981191
-0.00711673           0  0.00785113  -0.0148193
 -0.0161213 -0.00785113           0  0.00329994
 0.00981191   0.0148193 -0.00329994           0
EndNode1[0]<--->Repeater1[0]
REAL
  0.458065 0.00209196 -0.0187947   0.316215
0.00209196  0.0774194 -0.0143154 -0.0130913
-0.0187947 -0.0143154  0.0954839 -0.0122684
  0.316215 -0.0130913 -0.0122684   0.369032
IMAGINARY
          0  0.00335739  0.00212466  -0.0139491
-0.00335739           0   0.0223362 -0.00406516
-0.00212466  -0.0223362           0 -0.00788521
  0.0139491  0.00406516  0.00788521           0
EndNode2[0]<--->HoM1[0]
REAL
    0.465561   0.00247411   -0.0174127     0.373624
  0.00247411    0.0510204 -0.000188714  -0.00136335
  -0.0174127 -0.000188714     0.059949   -0.0142961
    0.373624  -0.00136335   -0.0142961     0.423469
IMAGINARY
          0 -0.00978847  0.00940895   0.0211172
 0.00978847           0 -0.00232025  -0.0141579
-0.00940895  0.00232025           0 -0.00852903
 -0.0211172   0.0141579  0.00852903           0
Repeater1[0]<--->EndNode1[0]
REAL
  0.458065 -0.0187947 0.00209196   0.316215
-0.0187947  0.0954839 -0.0143154 -0.0122684
0.00209196 -0.0143154  0.0774194 -0.0130913
  0.316215 -0.0122684 -0.0130913   0.369032
IMAGINARY
          0  0.00212466  0.00335739  -0.0139491
-0.00212466           0  -0.0223362 -0.00788521
-0.00335739   0.0223362           0 -0.00406516
  0.0139491  0.00788521  0.00406516           0
Repeater1[0]<--->HoM1[0]
REAL
    0.465561   -0.0174127   0.00247411     0.373624
  -0.0174127     0.059949 -0.000188714   -0.0142961
  0.00247411 -0.000188714    0.0510204  -0.00136335
    0.373624   -0.0142961  -0.00136335     0.423469
IMAGINARY
          0  0.00940895 -0.00978847   0.0211172
-0.00940895           0  0.00232025 -0.00852903
 0.00978847 -0.00232025           0  -0.0141579
 -0.0211172  0.00852903   0.0141579           0
EndNode1[0]<--->Repeater1[0]
REAL
    0.443456 -0.000937837  -0.00301732     0.311101
-0.000937837    0.0876747    -0.016399   0.00500407
 -0.00301732    -0.016399    0.0927573    -0.016943
    0.311101   0.00500407    -0.016943     0.376112
IMAGINARY
          0  0.00478041   0.0144949  0.00883354
-0.00478041           0  -0.0281362 -0.00324491
 -0.0144949   0.0281362           0 -0.00603041
-0.00883354  0.00324491  0.00603041           0
EndNode2[0]<--->HoM1[0]
REAL
     0.472 0.00194249  0.0149581   0.376784
0.00194249      0.056 -0.0123984 0.00341962
 0.0149581 -0.0123984      0.076  0.0100981
  0.376784 0.00341962  0.0100981      0.396
IMAGINARY
          0 -0.00204707 -0.00263852   0.0145872
 0.00204707           0 -0.00411602 -0.00263852
 0.00263852  0.00411602           0 -0.00850702
 -0.0145872  0.00263852  0.00850702           0
Repeater1[0]<--->EndNode1[0]
REAL
    0.443456  -0.00301732 -0.000937837     0.311101
 -0.00301732    0.0927573    -0.016399    -0.016943
-0.000937837    -0.016399    0.0876747   0.00500407
    0.311101    -0.016943   0.00500407     0.376112
IMAGINARY
          0   0.0144949  0.00478041  0.00883354
 -0.0144949           0   0.0281362 -0.00603041
-0.00478041  -0.0281362           0 -0.00324491
-0.00883354  0.00603041  0.00324491           0
Repeater1[0]<--->HoM1[0]
REAL
     0.472  0.0149581 0.00194249   0.376784
 0.0149581      0.076 -0.0123984  0.0100981
0.00194249 -0.0123984      0.056 0.00341962
  0.376784  0.0100981 0.00341962      0.396
IMAGINARY
          0 -0.00263852 -0.00204707   0.0145872
 0.00263852           0  0.00411602 -0.00850702
 0.00204707 -0.00411602           0 -0.00263852
 -0.0145872  0.00850702  0.00263852           0
EndNode1[0]<--->Repeater1[0]
REAL
   0.460441  -0.0115109 -0.00449637    0.327709
 -0.0115109   0.0843061  -0.0117818   0.0253841
-0.00449637  -0.0117818    0.076524   0.0154273
   0.327709   0.0253841   0.0154273    0.378729
IMAGINARY
           0  -0.00433014     0.014663   0.00629093
  0.00433014            0    0.0286234   -0.0127522
   -0.014663   -0.0286234            0 -0.000128459
 -0.00629093    0.0127522  0.000128459            0
EndNode2[0]<--->HoM1[0]
REAL
   0.454791  0.00511038  -0.0103653    0.359383
 0.00511038   0.0634278   0.0100683 -0.00660594
 -0.0103653   0.0100683   0.0607287  -0.0142488
   0.359383 -0.00660594  -0.0142488    0.421053
IMAGINARY
          0   0.0110383   0.0131205 -0.00233867
 -0.0110383           0  -0.0230641   0.0012008
 -0.0131205   0.0230641           0  -0.0091703
 0.00233867  -0.0012008   0.0091703           0
Repeater1[0]<--->EndNode1[0]
REAL
   0.460441 -0.00449637  -0.0115109    0.327709
-0.00449637    0.076524  -0.0117818   0.0154273
 -0.0115109  -0.0117818   0.0843061   0.0253841
   0.327709   0.0154273   0.0253841    0.378729
IMAGINARY
           0     0.014663  -0.00433014   0.00629093
   -0.014663            0   -0.0286234 -0.000128459
  0.00433014    0.0286234            0   -0.0127522
 -0.00629093  0.000128459    0.0127522            0
Repeater1[0]<--->HoM1[0]
REAL
   0.454791  -0.0103653  0.00511038    0.359383
 -0.0103653   0.0607287   0.0100683  -0.0142488
 0.00511038   0.0100683   0.0634278 -0.00660594
   0.359383  -0.0142488 -0.00660594    0.421053
IMAGINARY
          0   0.0131205   0.0110383 -0.00233867
 -0.0131205           0   0.0230641  -0.0091703
 -0.0110383  -0.0230641           0   0.0012008
 0.00233867   0.0091703  -0.0012008           0
EndNode1[0]<--->Repeater1[0]
REAL
   0.500634 9.40657e-05 -0.00559538    0.334413
9.40657e-05   0.0887199  0.00429692  -0.0105337
-0.00559538  0.00429692   0.0785805   0.0085908
   0.334413  -0.0105337   0.0085908    0.332066
IMAGINARY
          0  0.00639704 -0.00435152  0.00564103
-0.00639704           0 -0.00381843  0.00885603
 0.00435152  0.00381843           0  0.00711647
-0.00564103 -0.00885603 -0.00711647           0
EndNode2[0]<--->HoM1[0]
REAL
  0.444145 0.00942686  0.0292099   0.366253
0.00942686   0.076716 0.00325725 0.00403981
 0.0292099 0.00325725  0.0484522 0.00876636
  0.366253 0.00403981 0.00876636   0.430686
IMAGINARY
          0   0.0162657  0.00282391 -0.00381573
 -0.0162657           0 -0.00056475  -0.0149878
-0.00282391  0.00056475           0   0.0048611
 0.00381573   0.0149878  -0.0048611           0
Repeater1[0]<--->EndNode1[0]
REAL
   0.500634 -0.00559538 9.40657e-05    0.334413
-0.00559538   0.0785805  0.00429692   0.0085908
9.40657e-05  0.00429692   0.0887199  -0.0105337
   0.334413   0.0085908  -0.0105337    0.332066
IMAGINARY
          0 -0.00435152  0.00639704  0.00564103
 0.00435152           0  0.00381843  0.00711647
-0.00639704 -0.00381843           0  0.00885603
-0.00564103 -0.00711647 -0.00885603           0
Repeater1[0]<--->HoM1[0]
REAL
  0.444145  0.0292099 0.00942686   0.366253
 0.0292099  0.0484522 0.00325725 0.00876636
0.00942686 0.00325725   0.076716 0.00403981
  0.366253 0.00876636 0.00403981   0.430686
IMAGINARY
          0  0.00282391   0.0162657 -0.00381573
-0.00282391           0  0.00056475   0.0048611
 -0.0162657 -0.00056475           0  -0.0149878
 0.00381573  -0.0048611   0.0149878           0
EndNode1[0]<--->Repeater1[0]
REAL
  0.460746 0.00821499 0.00667091   0.318166
0.00821499  0.0810811 0.00606827   0.008642
0.00667091 0.00606827   0.100386 0.00177169
  0.318166   0.008642 0.00177169   0.357786
IMAGINARY
          0 -0.00875404  0.00998084 -0.00778091
 0.00875404           0  -0.0158554 -0.00161534
-0.00998084   0.0158554           0   0.0132585
 0.00778091  0.00161534  -0.0132585           0
EndNode2[0]<--->HoM1[0]
REAL
   0.493639 -0.00199158 -0.00261084    0.381575
-0.00199158   0.0687023   0.0147412  0.00192872
-0.00261084   0.0147412   0.0725191   0.0122235
   0.381575  0.00192872   0.0122235     0.36514
IMAGINARY
          0   0.0144701  -0.0177623  -0.0118627
 -0.0144701           0  0.00608604 -0.00233817
  0.0177623 -0.00608604           0   0.0131681
  0.0118627  0.00233817  -0.0131681           0
Repeater1[0]<--->EndNode1[0]
REAL
  0.460746 0.00667091 0.00821499   0.318166
0.00667091   0.100386 0.00606827 0.00177169
0.00821499 0.00606827  0.0810811   0.008642
  0.318166 0.00177169   0.008642   0.357786
IMAGINARY
          0  0.00998084 -0.00875404 -0.00778091
-0.00998084           0   0.0158554   0.0132585
 0.00875404  -0.0158554           0 -0.00161534
 0.00778091  -0.0132585  0.00161534           0
Repeater1[0]<--->HoM1[0]
REAL
   0.493639 -0.00261084 -0.00199158    0.381575
-0.00261084   0.0725191   0.0147412   0.0122235
-0.00199158   0.0147412   0.0687023  0.00192872
   0.381575   0.0122235  0.00192872     0.36514
IMAGINARY
          0  -0.0177623   0.0144701  -0.0118627
  0.0177623           0 -0.00608604   0.0131681
 -0.0144701  0.00608604           0 -0.00233817
  0.0118627  -0.0131681  0.00233817           0
EndNode1[0]<--->Repeater1[0]
REAL
   0.50122 0.00999389 0.00768154   0.323411
0.00999389  0.0865854 -0.0370537 0.00583197
0.00768154 -0.0370537  0.0902439 0.00866763
  0.323411 0.00583197 0.00866763   0.321951
IMAGINARY
          0 -0.00695486 -0.00191114  0.00252248
 0.00695486           0 -0.00901598  -0.0123007
 0.00191114  0.00901598           0   0.0185828
-0.00252248   0.0123007  -0.0185828           0
EndNode2[0]<--->HoM1[0]
REAL
   0.485388 -0.00158831  0.00542249    0.381558
-0.00158831   0.0584498  0.00535437  -0.0124111
 0.00542249  0.00535437   0.0622618 -0.00158831
   0.381558  -0.0124111 -0.00158831    0.393901
IMAGINARY
          0   0.0152652  0.00854255  -0.0100017
 -0.0152652           0  0.00741769  -0.0202344
-0.00854255 -0.00741769           0  -0.0008223
  0.0100017   0.0202344   0.0008223           0
Repeater1[0]<--->EndNode1[0]
REAL
   0.50122 0.00768154 0.00999389   0.323411
0.00768154  0.0902439 -0.0370537 0.00866763
0.00999389 -0.0370537  0.0865854 0.00583197
  0.323411 0.00866763 0.00583197   0.321951
IMAGINARY
          0 -0.00191114 -0.00695486  0.00252248
 0.00191114           0  0.00901598   0.0185828
 0.00695486 -0.00901598           0  -0.0123007
-0.00252248  -0.0185828   0.0123007           0
Repeater1[0]<--->HoM1[0]
REAL
   0.485388  0.00542249 -0.00158831    0.381558
 0.00542249   0.0622618  0.00535437 -0.00158831
-0.00158831  0.00535437   0.0584498  -0.0124111
   0.381558 -0.00158831  -0.0124111    0.393901
IMAGINARY
          0  0.00854255   0.0152652  -0.0100017
-0.00854255           0 -0.00741769  -0.0008223
 -0.0152652  0.00741769           0  -0.0202344
  0.0100017   0.0008223   0.0202344           0
EndNode1[0]<--->Repeater1[0]
REAL
   0.480405   0.0189841   0.0317883    0.321059
  0.0189841   0.0859671   0.0183383 -0.00857627
  0.0317883   0.0183383   0.0922882   0.0243032
   0.321059 -0.00857627   0.0243032     0.34134
IMAGINARY
          0  -0.0068714  0.00239091 -0.00435323
  0.0068714           0 -0.00435323  -0.0262004
-0.00239091  0.00435323           0  0.00755167
 0.00435323   0.0262004 -0.00755167           0
EndNode2[0]<--->HoM1[0]
REAL
   0.458445   0.0133069 -0.00688454    0.359558
  0.0133069   0.0683646  -0.0104303   0.0106252
-0.00688454  -0.0104303   0.0495979  -0.0108131
   0.359558   0.0106252  -0.0108131    0.423592
IMAGINARY
          0  0.00888144  -0.0172124 -0.00256145
-0.00888144           0  0.00318567   0.0105295
  0.0172124 -0.00318567           0 -0.00341364
 0.00256145  -0.0105295  0.00341364           0
Repeater1[0]<--->EndNode1[0]
REAL
   0.480405   0.0317883   0.0189841    0.321059
  0.0317883   0.0922882   0.0183383   0.0243032
  0.0189841   0.0183383   0.0859671 -0.00857627
   0.321059   0.0243032 -0.00857627     0.34134
IMAGINARY
          0  0.00239091  -0.0068714 -0.00435323
-0.00239091           0  0.00435323  0.00755167
  0.0068714 -0.00435323           0  -0.0262004
 0.00435323 -0.00755167   0.0262004           0
Repeater1[0]<--->HoM1[0]
REAL
   0.458445 -0.00688454   0.0133069    0.359558
-0.00688454   0.0495979  -0.0104303  -0.0108131
  0.0133069  -0.0104303   0.0683646   0.0106252
   0.359558  -0.0108131   0.0106252    0.423592
IMAGINARY
          0  -0.0172124  0.00888144 -0.00256145
  0.0172124           0 -0.00318567 -0.00341364
-0.00888144  0.00318567           0   0.0105295
 0.00256145  0.00341364  -0.0105295           0
EndNode1[0]<--->Repeater1[0]
REAL
   0.454009 -0.00868558 -0.00439907    0.319214
-0.00868558   0.0896226 -0.00357118  -0.0137574
-0.00439907 -0.00357118   0.0754717 -0.00667755
   0.319214  -0.0137574 -0.00667755    0.380896
IMAGINARY
           0 -0.000674362    0.0194533   -0.0013277
 0.000674362            0    0.0025684  -0.00679509
  -0.0194533   -0.0025684            0   -0.0170472
   0.0013277   0.00679509    0.0170472            0
EndNode2[0]<--->HoM1[0]
REAL
  0.493719   0.017487  0.0133731   0.363486
  0.017487  0.0552764 0.00654009  0.0197834
 0.0133731 0.00654009  0.0678392   0.013017
  0.363486  0.0197834   0.013017   0.383166
IMAGINARY
           0  -0.00300474    0.0274659    0.0162613
  0.00300474            0  -0.00313794    -0.015774
  -0.0274659   0.00313794            0 -0.000434048
  -0.0162613     0.015774  0.000434048            0
Repeater1[0]<--->EndNode1[0]
REAL
   0.454009 -0.00439907 -0.00868558    0.319214
-0.00439907   0.0754717 -0.00357118 -0.00667755
-0.00868558 -0.00357118   0.0896226  -0.0137574
   0.319214 -0.00667755  -0.0137574    0.380896
IMAGINARY
           0    0.0194533 -0.000674362   -0.0013277
  -0.0194533            0   -0.0025684   -0.0170472
 0.000674362    0.0025684            0  -0.00679509
   0.0013277    0.0170472   0.00679509            0
Repeater1[0]<--->HoM1[0]
REAL
  0.493719  0.0133731   0.017487   0.363486
 0.0133731  0.0678392 0.00654009   0.013017
  0.017487 0.00654009  0.0552764  0.0197834
  0.363486   0.013017  0.0197834   0.383166
IMAGINARY
           0    0.0274659  -0.00300474    0.0162613
  -0.0274659            0   0.00313794 -0.000434048
  0.00300474  -0.00313794            0    -0.015774
  -0.0162613  0.000434048     0.015774            0
EndNode1[0]<--->Repeater1[0]
REAL
    0.48129  0.00923678 -0.00533961    0.318347
 0.00923678   0.0890323  -0.0256334    -0.02858
-0.00533961  -0.0256334   0.0774194  -0.0142619
   0.318347    -0.02858  -0.0142619    0.352258
IMAGINARY
          0 -0.00487036  -0.0155924 -0.00525938
 0.00487036           0   0.0180111  0.00576439
  0.0155924  -0.0180111           0 -0.00618615
 0.00525938 -0.00576439  0.00618615           0
EndNode2[0]<--->HoM1[0]
REAL
   0.46608  0.0126642 0.00570117    0.37104
 0.0126642  0.0665829  0.0148224  0.0221847
0.00570117  0.0148224  0.0577889  0.0152217
   0.37104  0.0221847  0.0152217   0.409548
IMAGINARY
           0   -0.0191413 -0.000359103  -0.00490824
   0.0191413            0  -0.00959365    0.0120171
 0.000359103   0.00959365            0    0.0113693
  0.00490824   -0.0120171   -0.0113693            0
Repeater1[0]<--->EndNode1[0]
REAL
    0.48129 -0.00533961  0.00923678    0.318347
-0.00533961   0.0774194  -0.0256334  -0.0142619
 0.00923678  -0.0256334   0.0890323    -0.02858
   0.318347  -0.0142619    -0.02858    0.352258
IMAGINARY
          0  -0.0155924 -0.00487036 -0.00525938
  0.0155924           0  -0.0180111 -0.00618615
 0.00487036   0.0180111           0  0.00576439
 0.00525938  0.00618615 -0.00576439           0
Repeater1[0]<--->HoM1[0]
REAL
   0.46608 0.00570117  0.0126642    0.37104
0.00570117  0.0577889  0.0148224  0.0152217
 0.0126642  0.0148224  0.0665829  0.0221847
   0.37104  0.0152217  0.0221847   0.409548
IMAGINARY
           0 -0.000359103   -0.0191413  -0.00490824
 0.000359103            0   0.00959365    0.0113693
   0.0191413  -0.00959365            0    0.0120171
  0.00490824   -0.0113693   -0.0120171            0
EndNode1[0]<--->Repeater1[0]
REAL
   0.466755 -0.00181654  0.00173905    0.330416
-0.00181654   0.0890957  -0.0064997  0.00680234
 0.00173905  -0.0064997   0.0984043   0.0051017
   0.330416  0.00680234   0.0051017    0.345745
IMAGINARY
           0  0.000632111  -0.00490437  -0.00912482
-0.000632111            0   0.00438869   -0.0248049
  0.00490437  -0.00438869            0    0.0353982
  0.00912482    0.0248049   -0.0353982            0
EndNode2[0]<--->HoM1[0]
REAL
    0.478149   0.00836627  -0.00652477     0.352093
  0.00836627    0.0745501  5.80062e-05 -0.000195658
 -0.00652477  5.80062e-05    0.0526992   0.00373051
    0.352093 -0.000195658   0.00373051     0.394602
IMAGINARY
           0   0.00895758 -0.000439462  -0.00671359
 -0.00895758            0  -0.00154563    0.0183186
 0.000439462   0.00154563            0   0.00768854
  0.00671359   -0.0183186  -0.00768854            0
Repeater1[0]<--->EndNode1[0]
REAL
   0.466755  0.00173905 -0.00181654    0.330416
 0.00173905   0.0984043  -0.0064997   0.0051017
-0.00181654  -0.0064997   0.0890957  0.00680234
   0.330416   0.0051017  0.00680234    0.345745
IMAGINARY
           0  -0.00490437  0.000632111  -0.00912482
  0.00490437            0  -0.00438869    0.0353982
-0.000632111   0.00438869            0   -0.0248049
  0.00912482   -0.0353982    0.0248049            0
Repeater1[0]<--->HoM1[0]
REAL
    0.478149  -0.00652477   0.00836627     0.352093
 -0.00652477    0.0526992  5.80062e-05   0.00373051
  0.00836627  5.80062e-05    0.0745501 -0.000195658
    0.352093   0.00373051 -0.000195658     0.394602
IMAGINARY
           0 -0.000439462   0.00895758  -0.00671359
 0.000439462            0   0.00154563   0.00768854
 -0.00895758  -0.00154563            0    0.0183186
  0.00671359  -0.00768854   -0.0183186            0
EndNode1[0]<--->Repeater1[0]
REAL
   0.466476   0.0106464   0.0126126    0.314417
  0.0106464    0.114123  0.00612647 -0.00257723
  0.0126126  0.00612647   0.0941512 -0.00297227
   0.314417 -0.00257723 -0.00297227     0.32525
IMAGINARY
          0  -0.0311199   0.0084314  -0.0148696
  0.0311199           0   0.0207984   0.0174753
 -0.0084314  -0.0207984           0  0.00262246
  0.0148696  -0.0174753 -0.00262246           0
EndNode2[0]<--->HoM1[0]
REAL
     0.45197 -0.000424233   0.00675182     0.370755
-0.000424233    0.0751232   0.00811078 -0.000308517
  0.00675182   0.00811078    0.0665025    0.0171768
    0.370755 -0.000308517    0.0171768     0.406404
IMAGINARY
          0  0.00190271  -0.0077198    0.009634
-0.00190271           0  -0.0103161 -0.00575902
  0.0077198   0.0103161           0 -0.00254456
  -0.009634  0.00575902  0.00254456           0
Repeater1[0]<--->EndNode1[0]
REAL
   0.466476   0.0126126   0.0106464    0.314417
  0.0126126   0.0941512  0.00612647 -0.00297227
  0.0106464  0.00612647    0.114123 -0.00257723
   0.314417 -0.00297227 -0.00257723     0.32525
IMAGINARY
          0   0.0084314  -0.0311199  -0.0148696
 -0.0084314           0  -0.0207984  0.00262246
  0.0311199   0.0207984           0   0.0174753
  0.0148696 -0.00262246  -0.0174753           0
Repeater1[0]<--->HoM1[0]
REAL
     0.45197   0.00675182 -0.000424233     0.370755
  0.00675182    0.0665025   0.00811078    0.0171768
-0.000424233   0.00811078    0.0751232 -0.000308517
    0.370755    0.0171768 -0.000308517     0.406404
IMAGINARY
          0  -0.0077198  0.00190271    0.009634
  0.0077198           0   0.0103161 -0.00254456
-0.00190271  -0.0103161           0 -0.00575902
  -0.009634  0.00254456  0.00575902           0
EndNode1[0]<--->Repeater1[0]
REAL
    0.496917 -0.000841944   -0.0053053     0.334254
-0.000841944    0.0875462   -0.0096275   -0.0220579
  -0.0053053   -0.0096275    0.0863132    -0.027765
    0.334254   -0.0220579    -0.027765     0.329223
IMAGINARY
          0   0.0328411  -0.0121553  0.00721876
 -0.0328411           0 -0.00453059  -0.0194903
  0.0121553  0.00453059           0   0.0227145
-0.00721876   0.0194903  -0.0227145           0
EndNode2[0]<--->HoM1[0]
REAL
   0.459079  -0.0060468 0.000528378    0.360966
 -0.0060468   0.0626598 -0.00254757  0.00712468
0.000528378 -0.00254757   0.0639386   0.0175264
   0.360966  0.00712468   0.0175264    0.414322
IMAGINARY
          0 -0.00252847  0.00740275 -0.00367407
 0.00252847           0 -0.00871185  0.00611076
-0.00740275  0.00871185           0 -0.00693099
 0.00367407 -0.00611076  0.00693099           0
Repeater1[0]<--->EndNode1[0]
REAL
    0.496917   -0.0053053 -0.000841944     0.334254
  -0.0053053    0.0863132   -0.0096275    -0.027765
-0.000841944   -0.0096275    0.0875462   -0.0220579
    0.334254    -0.027765   -0.0220579     0.329223
IMAGINARY
          0  -0.0121553   0.0328411  0.00721876
  0.0121553           0  0.00453059   0.0227145
 -0.0328411 -0.00453059           0  -0.0194903
-0.00721876  -0.0227145   0.0194903           0
Repeater1[0]<--->HoM1[0]
REAL
   0.459079 0.000528378  -0.0060468    0.360966
0.000528378   0.0639386 -0.00254757   0.0175264
 -0.0060468 -0.00254757   0.0626598  0.00712468
   0.360966   0.0175264  0.00712468    0.414322
IMAGINARY
          0  0.00740275 -0.00252847 -0.00367407
-0.00740275           0  0.00871185 -0.00693099
 0.00252847 -0.00871185           0  0.00611076
 0.00367407  0.00693099 -0.00611076           0
EndNode1[0]<--->Repeater1[0]
REAL
   0.462549   0.0168931 -0.00887055    0.307975
  0.0168931   0.0840999 -0.00294366   0.0258517
-0.00887055 -0.00294366   0.0959264  0.00386158
   0.307975   0.0258517  0.00386158    0.357424
IMAGINARY
          0  -0.0111224  0.00169873  -0.0019478
  0.0111224           0  -0.0173324  -0.0263326
-0.00169873   0.0173324           0  0.00113569
  0.0019478   0.0263326 -0.00113569           0
EndNode2[0]<--->HoM1[0]
REAL
   0.442838  0.00372686 0.000705722    0.365833
 0.00372686   0.0683311  0.00557631   0.0191301
0.000705722  0.00557631   0.0538765 -0.00577884
   0.365833   0.0191301 -0.00577884    0.434954
IMAGINARY
          0   0.0128771  -0.0180639  -0.0143562
 -0.0128771           0 -0.00585945  -0.0319361
  0.0180639  0.00585945           0   0.0153281
  0.0143562   0.0319361  -0.0153281           0
Repeater1[0]<--->EndNode1[0]
REAL
   0.462549 -0.00887055   0.0168931    0.307975
-0.00887055   0.0959264 -0.00294366  0.00386158
  0.0168931 -0.00294366   0.0840999   0.0258517
   0.307975  0.00386158   0.0258517    0.357424
IMAGINARY
          0  0.00169873  -0.0111224  -0.0019478
-0.00169873           0   0.0173324  0.00113569
  0.0111224  -0.0173324           0  -0.0263326
  0.0019478 -0.00113569   0.0263326           0
Repeater1[0]<--->HoM1[0]
REAL
   0.442838 0.000705722  0.00372686    0.365833
0.000705722   0.0538765  0.00557631 -0.00577884
 0.00372686  0.00557631   0.0683311   0.0191301
   0.365833 -0.00577884   0.0191301    0.434954
IMAGINARY
          0  -0.0180639   0.0128771  -0.0143562
  0.0180639           0  0.00585945   0.0153281
 -0.0128771 -0.00585945           0  -0.0319361
  0.0143562  -0.0153281   0.0319361           0
EndNode1[0]<--->Repeater1[0]
REAL
   0.499361  0.00203588  -0.0014779    0.325343
 0.00203588   0.0791826 -0.00352007  -0.0164779
 -0.0014779 -0.00352007   0.0957854  -0.0324226
   0.325343  -0.0164779  -0.0324226     0.32567
IMAGINARY
          0   0.0136387 -0.00160379  -0.0179263
 -0.0136387           0  0.00851601  0.00224236
 0.00160379 -0.00851601           0 -0.00661445
  0.0179263 -0.00224236  0.00661445           0
EndNode2[0]<--->HoM1[0]
REAL
   0.478368 -0.00197725   0.0135885    0.365605
-0.00197725   0.0840544 0.000705585  -0.0162623
  0.0135885 0.000705585   0.0679852   0.0126724
   0.365605  -0.0162623   0.0126724    0.369592
IMAGINARY
          0   0.0140548  0.00996291  0.00337373
 -0.0140548           0  -0.0170724  -0.0225892
-0.00996291   0.0170724           0 -0.00774172
-0.00337373   0.0225892  0.00774172           0
Repeater1[0]<--->EndNode1[0]
REAL
   0.499361  -0.0014779  0.00203588    0.325343
 -0.0014779   0.0957854 -0.00352007  -0.0324226
 0.00203588 -0.00352007   0.0791826  -0.0164779
   0.325343  -0.0324226  -0.0164779     0.32567
IMAGINARY
          0 -0.00160379   0.0136387  -0.0179263
 0.00160379           0 -0.00851601 -0.00661445
 -0.0136387  0.00851601           0  0.00224236
  0.0179263  0.00661445 -0.00224236           0
Repeater1[0]<--->HoM1[0]
REAL
   0.478368   0.0135885 -0.00197725    0.365605
  0.0135885   0.0679852 0.000705585   0.0126724
-0.00197725 0.000705585   0.0840544  -0.0162623
   0.365605   0.0126724  -0.0162623    0.369592
IMAGINARY
          0  0.00996291   0.0140548  0.00337373
-0.00996291           0   0.0170724 -0.00774172
 -0.0140548  -0.0170724           0  -0.0225892
-0.00337373  0.00774172   0.0225892           0
EndNode1[0]<--->Repeater1[0]
REAL
   0.465699 -0.00559825  0.00446302    0.321157
-0.00559825    0.091029  -0.0106309   0.0152738
 0.00446302  -0.0106309   0.0897098   0.0174404
   0.321157   0.0152738   0.0174404    0.353562
IMAGINARY
          0   0.0156625  0.00902436  0.00060301
 -0.0156625           0 -0.00367049  -0.0176336
-0.00902436  0.00367049           0  0.00221825
-0.00060301   0.0176336 -0.00221825           0
EndNode2[0]<--->HoM1[0]
REAL
   0.479798  -0.0272063 -0.00416812    0.381491
 -0.0272063   0.0732323 -0.00211354  -0.0302028
-0.00416812 -0.00211354   0.0505051 -0.00327358
   0.381491  -0.0302028 -0.00327358    0.396465
IMAGINARY
          0  -0.0100039 -0.00278981 -0.00361577
  0.0100039           0  -0.0143076 -0.00659692
 0.00278981   0.0143076           0   0.0231453
 0.00361577  0.00659692  -0.0231453           0
Repeater1[0]<--->EndNode1[0]
REAL
   0.465699  0.00446302 -0.00559825    0.321157
 0.00446302   0.0897098  -0.0106309   0.0174404
-0.00559825  -0.0106309    0.091029   0.0152738
   0.321157   0.0174404   0.0152738    0.353562
IMAGINARY
          0  0.00902436   0.0156625  0.00060301
-0.00902436           0  0.00367049  0.00221825
 -0.0156625 -0.00367049           0  -0.0176336
-0.00060301 -0.00221825   0.0176336           0
Repeater1[0]<--->HoM1[0]
REAL
   0.479798 -0.00416812  -0.0272063    0.381491
-0.00416812   0.0505051 -0.00211354 -0.00327358
 -0.0272063 -0.00211354   0.0732323  -0.0302028
   0.381491 -0.00327358  -0.0302028    0.396465
IMAGINARY
          0 -0.00278981  -0.0100039 -0.00361577
 0.00278981           0   0.0143076   0.0231453
  0.0100039  -0.0143076           0 -0.00659692
 0.00361577  -0.0231453  0.00659692           0
EndNode1[0]<--->Repeater1[0]
REAL
   0.496887   -0.013842  -0.0118737     0.30948
  -0.013842   0.0747198 -0.00576598 -6.2658e-05
 -0.0118737 -0.00576598   0.0871731  0.00721067
    0.30948 -6.2658e-05  0.00721067     0.34122
IMAGINARY
           0   -0.0181601 -0.000617691  -0.00895408
   0.0181601            0    0.0114541    0.0212895
 0.000617691   -0.0114541            0    0.0117001
  0.00895408   -0.0212895   -0.0117001            0
EndNode2[0]<--->HoM1[0]
REAL
