EndNode1[0]<--->Repeater1[0]
REAL
    0.45232  0.00360805  -0.0223972   0.0885967
 0.00360805    0.139175   0.0227894 -0.00854334
 -0.0223972   0.0227894    0.266753 -0.00732092
  0.0885967 -0.00854334 -0.00732092    0.141753
IMAGINARY
          0 -0.00725656   0.0233201  -0.0121057
 0.00725656           0  0.00200471   0.0112796
 -0.0233201 -0.00200471           0  0.00793499
  0.0121057  -0.0112796 -0.00793499           0
EndNode2[0]<--->BSA[0]
REAL
  0.416244  0.0324074 0.00687336   0.134969
 0.0324074   0.189086  0.0145023  0.0222272
0.00687336  0.0145023   0.175127 0.00859788
  0.134969  0.0222272 0.00859788   0.219543
IMAGINARY
          0 -0.00155172  0.00185328 -0.00401068
 0.00155172           0 -0.00742133 -0.00444395
-0.00185328  0.00742133           0   0.0209818
 0.00401068  0.00444395  -0.0209818           0
Repeater1[0]<--->EndNode1[0]
REAL
    0.45232  -0.0223972  0.00360805   0.0885967
 -0.0223972    0.266753   0.0227894 -0.00732092
 0.00360805   0.0227894    0.139175 -0.00854334
  0.0885967 -0.00732092 -0.00854334    0.141753
IMAGINARY
          0   0.0233201 -0.00725656  -0.0121057
 -0.0233201           0 -0.00200471  0.00793499
 0.00725656  0.00200471           0   0.0112796
  0.0121057 -0.00793499  -0.0112796           0
Repeater1[0]<--->BSA[0]
REAL
  0.416244 0.00687336  0.0324074   0.134969
0.00687336   0.175127  0.0145023 0.00859788
 0.0324074  0.0145023   0.189086  0.0222272
  0.134969 0.00859788  0.0222272   0.219543
IMAGINARY
          0  0.00185328 -0.00155172 -0.00401068
-0.00185328           0  0.00742133   0.0209818
 0.00155172 -0.00742133           0 -0.00444395
 0.00401068  -0.0209818  0.00444395           0
