EndNode1[0]<--->Repeater1[0]
REAL
   0.458281   0.0022929   0.0127371    0.362578
  0.0022929   0.0709838  -0.0021128  0.00405881
  0.0127371  -0.0021128   0.0709838 -0.00100091
   0.362578  0.00405881 -0.00100091    0.399751
IMAGINARY
          0   0.0223553  -0.0142656  -0.0130054
 -0.0223553           0 -0.00361865  0.00911099
  0.0142656  0.00361865           0 -0.00302541
  0.0130054 -0.00911099  0.00302541           0
EndNode2[0]<--->HoM1[0]
REAL
   0.487214  -0.0257228 -0.00152839    0.381548
 -0.0257228   0.0444145  0.00877452   0.0150768
-0.00152839  0.00877452   0.0471063   0.0121745
   0.381548   0.0150768   0.0121745    0.421265
IMAGINARY
           0    0.0186062   0.00305821     0.017032
  -0.0186062            0 -0.000253504   -0.0106918
 -0.00305821  0.000253504            0   -0.0186062
   -0.017032    0.0106918    0.0186062            0
Repeater1[0]<--->EndNode1[0]
REAL
   0.458281   0.0127371   0.0022929    0.362578
  0.0127371   0.0709838  -0.0021128 -0.00100091
  0.0022929  -0.0021128   0.0709838  0.00405881
   0.362578 -0.00100091  0.00405881    0.399751
IMAGINARY
          0  -0.0142656   0.0223553  -0.0130054
  0.0142656           0  0.00361865 -0.00302541
 -0.0223553 -0.00361865           0  0.00911099
  0.0130054  0.00302541 -0.00911099           0
Repeater1[0]<--->HoM1[0]
REAL
   0.487214 -0.00152839  -0.0257228    0.381548
-0.00152839   0.0471063  0.00877452   0.0121745
 -0.0257228  0.00877452   0.0444145   0.0150768
   0.381548   0.0121745   0.0150768    0.421265
IMAGINARY
           0   0.00305821    0.0186062     0.017032
 -0.00305821            0  0.000253504   -0.0186062
  -0.0186062 -0.000253504            0   -0.0106918
   -0.017032    0.0186062    0.0106918            0
EndNode1[0]<--->Repeater1[0]
REAL
   0.459827 -0.00139822   0.0244834    0.366442
-0.00139822   0.0519159 -0.00710667  -0.0027443
  0.0244834 -0.00710667   0.0469716   0.0205798
   0.366442  -0.0027443   0.0205798    0.441286
IMAGINARY
           0   -0.0122456    0.0153811  -0.00910617
   0.0122456            0  0.000496901 -0.000542429
  -0.0153811 -0.000496901            0   -0.0025931
  0.00910617  0.000542429    0.0025931            0
EndNode2[0]<--->HoM1[0]
REAL
    0.464714   0.00652186   -0.0125666     0.387726
  0.00652186    0.0519308   0.00296257    0.0361834
  -0.0125666   0.00296257    0.0479361 -0.000448987
    0.387726    0.0361834 -0.000448987     0.435419
IMAGINARY
          0   0.0178161   0.0127825 -0.00204735
 -0.0178161           0   0.0288331   0.0109051
 -0.0127825  -0.0288331           0  -0.0338212
 0.00204735  -0.0109051   0.0338212           0
Repeater1[0]<--->EndNode1[0]
REAL
   0.459827   0.0244834 -0.00139822    0.366442
  0.0244834   0.0469716 -0.00710667   0.0205798
-0.00139822 -0.00710667   0.0519159  -0.0027443
   0.366442   0.0205798  -0.0027443    0.441286
IMAGINARY
           0    0.0153811   -0.0122456  -0.00910617
  -0.0153811            0 -0.000496901   -0.0025931
   0.0122456  0.000496901            0 -0.000542429
  0.00910617    0.0025931  0.000542429            0
Repeater1[0]<--->HoM1[0]
REAL
    0.464714   -0.0125666   0.00652186     0.387726
  -0.0125666    0.0479361   0.00296257 -0.000448987
  0.00652186   0.00296257    0.0519308    0.0361834
    0.387726 -0.000448987    0.0361834     0.435419
IMAGINARY
          0   0.0127825   0.0178161 -0.00204735
 -0.0127825           0  -0.0288331  -0.0338212
 -0.0178161   0.0288331           0   0.0109051
 0.00204735   0.0338212  -0.0109051           0
EndNode1[0]<--->Repeater1[0]
REAL
   0.455556  0.00158065  0.00224391    0.374166
 0.00158065   0.0638889 -0.00307205  0.00817276
 0.00224391 -0.00307205   0.0680556   0.0101381
   0.374166  0.00817276   0.0101381      0.4125
IMAGINARY
         0  0.0182751  0.0315288  0.0134038
-0.0182751          0  0.0108198 -0.0161836
-0.0315288 -0.0108198          0 -0.0157175
-0.0134038  0.0161836  0.0157175          0
EndNode2[0]<--->HoM1[0]
REAL
   0.453846  -0.0210396  -0.0213935    0.380122
 -0.0210396   0.0589744 0.000706834  -0.0187619
 -0.0213935 0.000706834   0.0397436 -0.00616249
   0.380122  -0.0187619 -0.00616249    0.447436
IMAGINARY
          0 -0.00339992 -0.00789574  -0.0187882
 0.00339992           0  0.00226438 -0.00854763
 0.00789574 -0.00226438           0   0.0259334
  0.0187882  0.00854763  -0.0259334           0
Repeater1[0]<--->EndNode1[0]
REAL
   0.455556  0.00224391  0.00158065    0.374166
 0.00224391   0.0680556 -0.00307205   0.0101381
 0.00158065 -0.00307205   0.0638889  0.00817276
   0.374166   0.0101381  0.00817276      0.4125
IMAGINARY
         0  0.0315288  0.0182751  0.0134038
-0.0315288          0 -0.0108198 -0.0157175
-0.0182751  0.0108198          0 -0.0161836
-0.0134038  0.0157175  0.0161836          0
Repeater1[0]<--->HoM1[0]
REAL
   0.453846  -0.0213935  -0.0210396    0.380122
 -0.0213935   0.0397436 0.000706834 -0.00616249
 -0.0210396 0.000706834   0.0589744  -0.0187619
   0.380122 -0.00616249  -0.0187619    0.447436
IMAGINARY
          0 -0.00789574 -0.00339992  -0.0187882
 0.00789574           0 -0.00226438   0.0259334
 0.00339992  0.00226438           0 -0.00854763
  0.0187882  -0.0259334  0.00854763           0
EndNode1[0]<--->Repeater1[0]
REAL
    0.454545  -0.00530829 -0.000628141     0.361962
 -0.00530829    0.0717029   -0.0127154    0.0119347
-0.000628141   -0.0127154    0.0640205  -0.00348568
    0.361962    0.0119347  -0.00348568     0.409731
IMAGINARY
         0  0.0107958 -0.0164024 -0.0146872
-0.0107958          0 -0.0444098 -0.0326932
 0.0164024  0.0444098          0   0.016336
 0.0146872  0.0326932  -0.016336          0
EndNode2[0]<--->HoM1[0]
REAL
  0.470588  0.0135484 -0.0012777   0.380439
 0.0135484  0.0490196   0.009805 0.00669776
-0.0012777   0.009805  0.0416667 0.00406675
  0.380439 0.00669776 0.00406675   0.438725
IMAGINARY
          0 -0.00612985   0.0149539   0.0198187
 0.00612985           0  0.00689883  -0.0130134
 -0.0149539 -0.00689883           0    0.017126
 -0.0198187   0.0130134   -0.017126           0
Repeater1[0]<--->EndNode1[0]
REAL
    0.454545 -0.000628141  -0.00530829     0.361962
-0.000628141    0.0640205   -0.0127154  -0.00348568
 -0.00530829   -0.0127154    0.0717029    0.0119347
    0.361962  -0.00348568    0.0119347     0.409731
IMAGINARY
         0 -0.0164024  0.0107958 -0.0146872
 0.0164024          0  0.0444098   0.016336
-0.0107958 -0.0444098          0 -0.0326932
 0.0146872  -0.016336  0.0326932          0
Repeater1[0]<--->HoM1[0]
REAL
  0.470588 -0.0012777  0.0135484   0.380439
-0.0012777  0.0416667   0.009805 0.00406675
 0.0135484   0.009805  0.0490196 0.00669776
  0.380439 0.00406675 0.00669776   0.438725
IMAGINARY
          0   0.0149539 -0.00612985   0.0198187
 -0.0149539           0 -0.00689883    0.017126
 0.00612985  0.00689883           0  -0.0130134
 -0.0198187   -0.017126   0.0130134           0
EndNode1[0]<--->Repeater1[0]
REAL
   0.478261  -0.0124643  0.00532444    0.371316
 -0.0124643    0.055336 -0.00966555  -0.0174604
 0.00532444 -0.00966555   0.0592885  0.00518275
   0.371316  -0.0174604  0.00518275    0.407115
IMAGINARY
           0    0.0247509   -0.0213379 -0.000336138
  -0.0247509            0   0.00228166  -0.00626943
   0.0213379  -0.00228166            0 -0.000824534
 0.000336138   0.00626943  0.000824534            0
EndNode2[0]<--->HoM1[0]
REAL
   0.456609  0.00247991  -0.0118961    0.378806
 0.00247991   0.0453939 0.000696826  0.00754831
 -0.0118961 0.000696826   0.0560748  0.00186792
   0.378806  0.00754831  0.00186792    0.441923
IMAGINARY
           0   0.00697301    0.0144155  -0.00351245
 -0.00697301            0    0.0270727  0.000509845
  -0.0144155   -0.0270727            0   -0.0218984
  0.00351245 -0.000509845    0.0218984            0
Repeater1[0]<--->EndNode1[0]
REAL
   0.478261  0.00532444  -0.0124643    0.371316
 0.00532444   0.0592885 -0.00966555  0.00518275
 -0.0124643 -0.00966555    0.055336  -0.0174604
   0.371316  0.00518275  -0.0174604    0.407115
IMAGINARY
           0   -0.0213379    0.0247509 -0.000336138
   0.0213379            0  -0.00228166 -0.000824534
  -0.0247509   0.00228166            0  -0.00626943
 0.000336138  0.000824534   0.00626943            0
Repeater1[0]<--->HoM1[0]
REAL
   0.456609  -0.0118961  0.00247991    0.378806
 -0.0118961   0.0560748 0.000696826  0.00186792
 0.00247991 0.000696826   0.0453939  0.00754831
   0.378806  0.00186792  0.00754831    0.441923
IMAGINARY
           0    0.0144155   0.00697301  -0.00351245
  -0.0144155            0   -0.0270727   -0.0218984
 -0.00697301    0.0270727            0  0.000509845
  0.00351245    0.0218984 -0.000509845            0
EndNode1[0]<--->Repeater1[0]
REAL
   0.479844    0.014812  0.00758065    0.360998
   0.014812   0.0624187  0.00575279 -0.00123547
 0.00758065  0.00575279   0.0702211 -0.00973583
   0.360998 -0.00123547 -0.00973583    0.387516
IMAGINARY
          0 -0.00758342 -0.00732937  -0.0021544
 0.00758342           0 -0.00932519 -0.00794287
 0.00732937  0.00932519           0   0.0188716
  0.0021544  0.00794287  -0.0188716           0
EndNode2[0]<--->HoM1[0]
REAL
   0.466579  -0.0102677  0.00118061    0.390806
 -0.0102677   0.0471822 -0.00791161  0.00802992
 0.00118061 -0.00791161   0.0537353  0.00500454
   0.390806  0.00802992  0.00500454    0.432503
IMAGINARY
          0 -0.00162884   0.0120375  0.00281871
 0.00162884           0  0.00153994  -0.0043452
 -0.0120375 -0.00153994           0 -0.00478142
-0.00281871   0.0043452  0.00478142           0
Repeater1[0]<--->EndNode1[0]
REAL
   0.479844  0.00758065    0.014812    0.360998
 0.00758065   0.0702211  0.00575279 -0.00973583
   0.014812  0.00575279   0.0624187 -0.00123547
   0.360998 -0.00973583 -0.00123547    0.387516
IMAGINARY
          0 -0.00732937 -0.00758342  -0.0021544
 0.00732937           0  0.00932519   0.0188716
 0.00758342 -0.00932519           0 -0.00794287
  0.0021544  -0.0188716  0.00794287           0
Repeater1[0]<--->HoM1[0]
REAL
   0.466579  0.00118061  -0.0102677    0.390806
 0.00118061   0.0537353 -0.00791161  0.00500454
 -0.0102677 -0.00791161   0.0471822  0.00802992
   0.390806  0.00500454  0.00802992    0.432503
IMAGINARY
          0   0.0120375 -0.00162884  0.00281871
 -0.0120375           0 -0.00153994 -0.00478142
 0.00162884  0.00153994           0  -0.0043452
-0.00281871  0.00478142   0.0043452           0
EndNode1[0]<--->Repeater1[0]
REAL
   0.488771   0.0100203  0.00119309    0.364269
  0.0100203   0.0607662  -0.0159396   0.0206578
 0.00119309  -0.0159396   0.0686922 -0.00359356
   0.364269   0.0206578 -0.00359356     0.38177
IMAGINARY
           0    0.0121508  -0.00758579    0.0164193
  -0.0121508            0   0.00134721    0.0140962
  0.00758579  -0.00134721            0 -0.000432016
  -0.0164193   -0.0140962  0.000432016            0
EndNode2[0]<--->HoM1[0]
REAL
   0.476373   0.0174612 -0.00712348    0.383288
  0.0174612   0.0600255  0.00117954  0.00904903
-0.00712348  0.00117954    0.054917 -0.00526608
   0.383288  0.00904903 -0.00526608    0.408685
IMAGINARY
          0  -0.0144592  0.00171294   0.0153269
  0.0144592           0  0.00208604 -0.00656731
-0.00171294 -0.00208604           0  -0.0125866
 -0.0153269  0.00656731   0.0125866           0
Repeater1[0]<--->EndNode1[0]
REAL
   0.488771  0.00119309   0.0100203    0.364269
 0.00119309   0.0686922  -0.0159396 -0.00359356
  0.0100203  -0.0159396   0.0607662   0.0206578
   0.364269 -0.00359356   0.0206578     0.38177
IMAGINARY
           0  -0.00758579    0.0121508    0.0164193
  0.00758579            0  -0.00134721 -0.000432016
  -0.0121508   0.00134721            0    0.0140962
  -0.0164193  0.000432016   -0.0140962            0
Repeater1[0]<--->HoM1[0]
REAL
   0.476373 -0.00712348   0.0174612    0.383288
-0.00712348    0.054917  0.00117954 -0.00526608
  0.0174612  0.00117954   0.0600255  0.00904903
   0.383288 -0.00526608  0.00904903    0.408685
IMAGINARY
          0  0.00171294  -0.0144592   0.0153269
-0.00171294           0 -0.00208604  -0.0125866
  0.0144592  0.00208604           0 -0.00656731
 -0.0153269   0.0125866  0.00656731           0
EndNode1[0]<--->Repeater1[0]
REAL
   0.492701 -0.00816626 0.000756656    0.367698
-0.00816626   0.0596107   0.0140089  0.00412139
0.000756656   0.0140089   0.0462287   0.0167028
   0.367698  0.00412139   0.0167028     0.40146
IMAGINARY
          0 -0.00886254 -0.00843014  -0.0161588
 0.00886254           0  -0.0168228  0.00461334
 0.00843014   0.0168228           0  -0.0242163
  0.0161588 -0.00461334   0.0242163           0
EndNode2[0]<--->HoM1[0]
REAL
   0.462799     -0.0176  0.00378009     0.38704
    -0.0176   0.0504414  -0.0102569 -0.00572561
 0.00378009  -0.0102569   0.0592686  0.00138732
    0.38704 -0.00572561  0.00138732    0.427491
IMAGINARY
          0  0.00465389  0.00835614   0.0252155
-0.00465389           0   0.0218142 -0.00430209
-0.00835614  -0.0218142           0  0.00210287
 -0.0252155  0.00430209 -0.00210287           0
Repeater1[0]<--->EndNode1[0]
REAL
   0.492701 0.000756656 -0.00816626    0.367698
0.000756656   0.0462287   0.0140089   0.0167028
-0.00816626   0.0140089   0.0596107  0.00412139
   0.367698   0.0167028  0.00412139     0.40146
IMAGINARY
          0 -0.00843014 -0.00886254  -0.0161588
 0.00843014           0   0.0168228  -0.0242163
 0.00886254  -0.0168228           0  0.00461334
  0.0161588   0.0242163 -0.00461334           0
Repeater1[0]<--->HoM1[0]
REAL
   0.462799  0.00378009     -0.0176     0.38704
 0.00378009   0.0592686  -0.0102569  0.00138732
    -0.0176  -0.0102569   0.0504414 -0.00572561
    0.38704  0.00138732 -0.00572561    0.427491
IMAGINARY
          0  0.00835614  0.00465389   0.0252155
-0.00835614           0  -0.0218142  0.00210287
-0.00465389   0.0218142           0 -0.00430209
 -0.0252155 -0.00210287  0.00430209           0
EndNode1[0]<--->Repeater1[0]
REAL
   0.491762  -0.0100149  0.00030494    0.372647
 -0.0100149   0.0583016  0.00105129 -0.00421119
 0.00030494  0.00105129   0.0608365   0.0204316
   0.372647 -0.00421119   0.0204316      0.3891
IMAGINARY
          0 -0.00823977 -0.00284346 -0.00558763
 0.00823977           0      0.0271  0.00997705
 0.00284346     -0.0271           0   0.0127793
 0.00558763 -0.00997705  -0.0127793           0
EndNode2[0]<--->HoM1[0]
REAL
   0.474684   0.0027682   0.0033232    0.377965
  0.0027682   0.0531646 -0.00907003   0.0146717
  0.0033232 -0.00907003   0.0417722   0.0100853
   0.377965   0.0146717   0.0100853     0.43038
IMAGINARY
           0    0.0118734 -0.000960636    0.0194431
  -0.0118734            0   0.00760096   -0.0189367
 0.000960636  -0.00760096            0    0.0131587
  -0.0194431    0.0189367   -0.0131587            0
Repeater1[0]<--->EndNode1[0]
REAL
   0.491762  0.00030494  -0.0100149    0.372647
 0.00030494   0.0608365  0.00105129   0.0204316
 -0.0100149  0.00105129   0.0583016 -0.00421119
   0.372647   0.0204316 -0.00421119      0.3891
IMAGINARY
          0 -0.00284346 -0.00823977 -0.00558763
 0.00284346           0     -0.0271   0.0127793
 0.00823977      0.0271           0  0.00997705
 0.00558763  -0.0127793 -0.00997705           0
Repeater1[0]<--->HoM1[0]
REAL
   0.474684   0.0033232   0.0027682    0.377965
  0.0033232   0.0417722 -0.00907003   0.0100853
  0.0027682 -0.00907003   0.0531646   0.0146717
   0.377965   0.0100853   0.0146717     0.43038
IMAGINARY
           0 -0.000960636    0.0118734    0.0194431
 0.000960636            0  -0.00760096    0.0131587
  -0.0118734   0.00760096            0   -0.0189367
  -0.0194431   -0.0131587    0.0189367            0
