EndNode1[0]<--->Repeater1[0]
REAL
   0.452292  0.00777571    0.023046    0.166211
 0.00777571    0.125155   0.0119062  -0.0281351
   0.023046   0.0119062   0.0954151 -0.00904798
   0.166211  -0.0281351 -0.00904798    0.327138
IMAGINARY
           0 -0.000959267    0.0141927    0.0149328
 0.000959267            0   -0.0026111    0.0116351
  -0.0141927    0.0026111            0  0.000297015
  -0.0149328   -0.0116351 -0.000297015            0
EndNode2[0]<--->BSA[0]
REAL
  0.462252 0.00352357 0.00167832   0.210333
0.00352357  0.0821192  0.0150822 -0.0138111
0.00167832  0.0150822  0.0887417 -0.0143792
  0.210333 -0.0138111 -0.0143792   0.366887
IMAGINARY
          0  0.00087551  0.00329815  0.00724539
-0.00087551           0  0.00157073  -0.0204485
-0.00329815 -0.00157073           0   0.0281482
-0.00724539   0.0204485  -0.0281482           0
Repeater1[0]<--->EndNode1[0]
REAL
   0.452292    0.023046  0.00777571    0.166211
   0.023046   0.0954151   0.0119062 -0.00904798
 0.00777571   0.0119062    0.125155  -0.0281351
   0.166211 -0.00904798  -0.0281351    0.327138
IMAGINARY
           0    0.0141927 -0.000959267    0.0149328
  -0.0141927            0    0.0026111  0.000297015
 0.000959267   -0.0026111            0    0.0116351
  -0.0149328 -0.000297015   -0.0116351            0
Repeater1[0]<--->BSA[0]
REAL
  0.462252 0.00167832 0.00352357   0.210333
0.00167832  0.0887417  0.0150822 -0.0143792
0.00352357  0.0150822  0.0821192 -0.0138111
  0.210333 -0.0143792 -0.0138111   0.366887
IMAGINARY
          0  0.00329815  0.00087551  0.00724539
-0.00329815           0 -0.00157073   0.0281482
-0.00087551  0.00157073           0  -0.0204485
-0.00724539  -0.0281482   0.0204485           0
EndNode1[0]<--->Repeater1[0]
REAL
  0.452288 0.00613882  0.0115243    0.18456
0.00613882   0.100654 0.00166488  0.0165369
 0.0115243 0.00166488   0.115033 -0.0112409
   0.18456  0.0165369 -0.0112409   0.332026
IMAGINARY
          0 -0.00573308   -0.022402  0.00354071
 0.00573308           0  0.00103445   0.0171388
   0.022402 -0.00103445           0  0.00178571
-0.00354071  -0.0171388 -0.00178571           0
EndNode2[0]<--->BSA[0]
REAL
   0.459845   0.0247674 -0.00093386    0.217706
  0.0247674   0.0751295  0.00910495 -0.00224276
-0.00093386  0.00910495   0.0621762  -0.0114256
   0.217706 -0.00224276  -0.0114256     0.40285
IMAGINARY
          0    0.024221 -0.00575229    0.010443
  -0.024221           0  0.00739053 -0.00259174
 0.00575229 -0.00739053           0  -0.0197281
  -0.010443  0.00259174   0.0197281           0
Repeater1[0]<--->EndNode1[0]
REAL
  0.452288  0.0115243 0.00613882    0.18456
 0.0115243   0.115033 0.00166488 -0.0112409
0.00613882 0.00166488   0.100654  0.0165369
   0.18456 -0.0112409  0.0165369   0.332026
IMAGINARY
          0   -0.022402 -0.00573308  0.00354071
   0.022402           0 -0.00103445  0.00178571
 0.00573308  0.00103445           0   0.0171388
-0.00354071 -0.00178571  -0.0171388           0
Repeater1[0]<--->BSA[0]
REAL
   0.459845 -0.00093386   0.0247674    0.217706
-0.00093386   0.0621762  0.00910495  -0.0114256
  0.0247674  0.00910495   0.0751295 -0.00224276
   0.217706  -0.0114256 -0.00224276     0.40285
IMAGINARY
          0 -0.00575229    0.024221    0.010443
 0.00575229           0 -0.00739053  -0.0197281
  -0.024221  0.00739053           0 -0.00259174
  -0.010443   0.0197281  0.00259174           0
EndNode1[0]<--->Repeater1[0]
REAL
      0.448  0.00347784 0.000680295    0.174931
 0.00347784   0.0973333   0.0112714  -0.0012908
0.000680295   0.0112714       0.112 -0.00286734
   0.174931  -0.0012908 -0.00286734    0.342667
IMAGINARY
          0 -0.00514801   0.0110828 -0.00262294
 0.00514801           0  0.00327483  -0.0252581
 -0.0110828 -0.00327483           0 -6.6255e-06
 0.00262294   0.0252581  6.6255e-06           0
EndNode2[0]<--->BSA[0]
REAL
   0.450269 -0.00623939   -0.012957    0.214725
-0.00623939   0.0846774 -0.00846702   0.0289212
  -0.012957 -0.00846702   0.0752688   0.0247579
   0.214725   0.0289212   0.0247579    0.389785
IMAGINARY
           0    0.0132896   0.00313123    0.0110935
  -0.0132896            0  -0.00713569  -0.00811877
 -0.00313123   0.00713569            0 -0.000820801
  -0.0110935   0.00811877  0.000820801            0
Repeater1[0]<--->EndNode1[0]
REAL
      0.448 0.000680295  0.00347784    0.174931
0.000680295       0.112   0.0112714 -0.00286734
 0.00347784   0.0112714   0.0973333  -0.0012908
   0.174931 -0.00286734  -0.0012908    0.342667
IMAGINARY
          0   0.0110828 -0.00514801 -0.00262294
 -0.0110828           0 -0.00327483 -6.6255e-06
 0.00514801  0.00327483           0  -0.0252581
 0.00262294  6.6255e-06   0.0252581           0
Repeater1[0]<--->BSA[0]
REAL
   0.450269   -0.012957 -0.00623939    0.214725
  -0.012957   0.0752688 -0.00846702   0.0247579
-0.00623939 -0.00846702   0.0846774   0.0289212
   0.214725   0.0247579   0.0289212    0.389785
IMAGINARY
           0   0.00313123    0.0132896    0.0110935
 -0.00313123            0   0.00713569 -0.000820801
  -0.0132896  -0.00713569            0  -0.00811877
  -0.0110935  0.000820801   0.00811877            0
EndNode1[0]<--->Repeater1[0]
REAL
   0.468504 -0.00313071  -0.0224601    0.194478
-0.00313071   0.0931759  -0.0278116 0.000324697
 -0.0224601  -0.0278116    0.120735   0.0174536
   0.194478 0.000324697   0.0174536    0.317585
IMAGINARY
          0  0.00841981   0.0357937   0.0119511
-0.00841981           0 -0.00928443  0.00744627
 -0.0357937  0.00928443           0  -0.0102469
 -0.0119511 -0.00744627   0.0102469           0
EndNode2[0]<--->BSA[0]
REAL
  0.471584  0.0140655 0.00783535   0.215859
 0.0140655  0.0810157   0.010282  0.0315837
0.00783535   0.010282  0.0858525  0.0253536
  0.215859  0.0315837  0.0253536   0.361548
IMAGINARY
          0  -0.0159094   0.0069799  -0.0113542
  0.0159094           0  0.00253468  0.00274773
 -0.0069799 -0.00253468           0  0.00747875
  0.0113542 -0.00274773 -0.00747875           0
Repeater1[0]<--->EndNode1[0]
REAL
   0.468504  -0.0224601 -0.00313071    0.194478
 -0.0224601    0.120735  -0.0278116   0.0174536
-0.00313071  -0.0278116   0.0931759 0.000324697
   0.194478   0.0174536 0.000324697    0.317585
IMAGINARY
          0   0.0357937  0.00841981   0.0119511
 -0.0357937           0  0.00928443  -0.0102469
-0.00841981 -0.00928443           0  0.00744627
 -0.0119511   0.0102469 -0.00744627           0
Repeater1[0]<--->BSA[0]
REAL
  0.471584 0.00783535  0.0140655   0.215859
0.00783535  0.0858525   0.010282  0.0253536
 0.0140655   0.010282  0.0810157  0.0315837
  0.215859  0.0253536  0.0315837   0.361548
IMAGINARY
          0   0.0069799  -0.0159094  -0.0113542
 -0.0069799           0 -0.00253468  0.00747875
  0.0159094  0.00253468           0  0.00274773
  0.0113542 -0.00747875 -0.00274773           0
