EndNode1[0]<--->Repeater1[0]
REAL
   0.46144 -0.0126166  0.0106734   0.235916
-0.0126166  0.0475578 0.00310178  0.0138744
 0.0106734 0.00310178  0.0681234  0.0139086
  0.235916  0.0138744  0.0139086   0.422879
IMAGINARY
          0   0.0162364  0.00985119    0.023876
 -0.0162364           0   0.0190567 -0.00920268
-0.00985119  -0.0190567           0 -0.00391474
  -0.023876  0.00920268  0.00391474           0
EndNode2[0]<--->HoM1[0]
REAL
   0.492308   0.0228131  0.00567867    0.199695
  0.0228131   0.0358974 -0.00331254   0.0266211
 0.00567867 -0.00331254   0.0358974   0.0159466
   0.199695   0.0266211   0.0159466    0.435897
IMAGINARY
          0   0.0130686  -0.0258418 -0.00499334
 -0.0130686           0  0.00499334   0.0108042
  0.0258418 -0.00499334           0 -0.00429667
 0.00499334  -0.0108042  0.00429667           0
Repeater1[0]<--->EndNode1[0]
REAL
   0.46144  0.0106734 -0.0126166   0.235916
 0.0106734  0.0681234 0.00310178  0.0139086
-0.0126166 0.00310178  0.0475578  0.0138744
  0.235916  0.0139086  0.0138744   0.422879
IMAGINARY
          0  0.00985119   0.0162364    0.023876
-0.00985119           0  -0.0190567 -0.00391474
 -0.0162364   0.0190567           0 -0.00920268
  -0.023876  0.00391474  0.00920268           0
Repeater1[0]<--->HoM1[0]
REAL
   0.492308  0.00567867   0.0228131    0.199695
 0.00567867   0.0358974 -0.00331254   0.0159466
  0.0228131 -0.00331254   0.0358974   0.0266211
   0.199695   0.0159466   0.0266211    0.435897
IMAGINARY
          0  -0.0258418   0.0130686 -0.00499334
  0.0258418           0 -0.00499334 -0.00429667
 -0.0130686  0.00499334           0   0.0108042
 0.00499334  0.00429667  -0.0108042           0
EndNode1[0]<--->Repeater1[0]
REAL
   0.477064 -0.00722128  0.00430561    0.177779
-0.00722128   0.0419397   0.0136089 0.000479079
 0.00430561   0.0136089   0.0458716 4.42442e-05
   0.177779 0.000479079 4.42442e-05    0.435125
IMAGINARY
           0   -0.0152014 -0.000154128   -0.0176648
   0.0152014            0    0.0221463   0.00327523
 0.000154128   -0.0221463            0   0.00583815
   0.0176648  -0.00327523  -0.00583815            0
EndNode2[0]<--->HoM1[0]
REAL
    0.464146   0.00194901  -0.00826518     0.198259
  0.00194901    0.0443286    0.0121968    0.0069247
 -0.00826518    0.0121968    0.0404172 -0.000608531
    0.198259    0.0069247 -0.000608531     0.451108
IMAGINARY
          0 -0.00149993 -0.00248526  0.00432025
 0.00149993           0  0.00173627  -0.0117231
 0.00248526 -0.00173627           0    0.013002
-0.00432025   0.0117231   -0.013002           0
Repeater1[0]<--->EndNode1[0]
REAL
   0.477064  0.00430561 -0.00722128    0.177779
 0.00430561   0.0458716   0.0136089 4.42442e-05
-0.00722128   0.0136089   0.0419397 0.000479079
   0.177779 4.42442e-05 0.000479079    0.435125
IMAGINARY
           0 -0.000154128   -0.0152014   -0.0176648
 0.000154128            0   -0.0221463   0.00583815
   0.0152014    0.0221463            0   0.00327523
   0.0176648  -0.00583815  -0.00327523            0
Repeater1[0]<--->HoM1[0]
REAL
    0.464146  -0.00826518   0.00194901     0.198259
 -0.00826518    0.0404172    0.0121968 -0.000608531
  0.00194901    0.0121968    0.0443286    0.0069247
    0.198259 -0.000608531    0.0069247     0.451108
IMAGINARY
          0 -0.00248526 -0.00149993  0.00432025
 0.00248526           0 -0.00173627    0.013002
 0.00149993  0.00173627           0  -0.0117231
-0.00432025   -0.013002   0.0117231           0
EndNode1[0]<--->Repeater1[0]
REAL
  0.448501 -0.0150327 -0.0072161   0.193935
-0.0150327  0.0404172   0.028941  0.0130985
-0.0072161   0.028941  0.0469361 -0.0183007
  0.193935  0.0130985 -0.0183007   0.464146
IMAGINARY
          0  -0.0202688 -0.00505055  -0.0177276
  0.0202688           0  -0.0145101 -0.00310503
 0.00505055   0.0145101           0  0.00709439
  0.0177276  0.00310503 -0.00709439           0
EndNode2[0]<--->HoM1[0]
REAL
   0.474093  -0.0022293 -0.00573412    0.200354
 -0.0022293   0.0414508   0.0053782 -0.00509391
-0.00573412   0.0053782   0.0479275  -0.0022293
   0.200354 -0.00509391  -0.0022293    0.436528
IMAGINARY
          0  -0.0223601   0.0101151 -0.00562198
  0.0223601           0   0.0230017   0.0233777
 -0.0101151  -0.0230017           0   0.0115946
 0.00562198  -0.0233777  -0.0115946           0
Repeater1[0]<--->EndNode1[0]
REAL
  0.448501 -0.0072161 -0.0150327   0.193935
-0.0072161  0.0469361   0.028941 -0.0183007
-0.0150327   0.028941  0.0404172  0.0130985
  0.193935 -0.0183007  0.0130985   0.464146
IMAGINARY
          0 -0.00505055  -0.0202688  -0.0177276
 0.00505055           0   0.0145101  0.00709439
  0.0202688  -0.0145101           0 -0.00310503
  0.0177276 -0.00709439  0.00310503           0
Repeater1[0]<--->HoM1[0]
REAL
   0.474093 -0.00573412  -0.0022293    0.200354
-0.00573412   0.0479275   0.0053782  -0.0022293
 -0.0022293   0.0053782   0.0414508 -0.00509391
   0.200354  -0.0022293 -0.00509391    0.436528
IMAGINARY
          0   0.0101151  -0.0223601 -0.00562198
 -0.0101151           0  -0.0230017   0.0115946
  0.0223601   0.0230017           0   0.0233777
 0.00562198  -0.0115946  -0.0233777           0
