EndNode1[0]<--->Repeater1[0]
REAL
   0.553325 -0.00750963 -0.00432125   0.0383216
-0.00750963    0.151819   0.0128979  0.00188222
-0.00432125   0.0128979    0.158093 -0.00224647
  0.0383216  0.00188222 -0.00224647    0.136763
IMAGINARY
          0   0.0280278  -0.0130413 -0.00187758
 -0.0280278           0  0.00317292  0.00717431
  0.0130413 -0.00317292           0  0.00652241
 0.00187758 -0.00717431 -0.00652241           0
EndNode2[0]<--->BSA[0]
REAL
  0.490566  0.0182087 -0.0126599  0.0858885
 0.0182087   0.116981  0.0165358   0.013266
-0.0126599  0.0165358   0.171069  0.0114883
 0.0858885   0.013266  0.0114883   0.221384
IMAGINARY
          0  0.00868192    0.007093   0.0037475
-0.00868192           0  -0.0112852 -0.00379049
  -0.007093   0.0112852           0  0.00386762
 -0.0037475  0.00379049 -0.00386762           0
Repeater1[0]<--->EndNode1[0]
REAL
   0.553325 -0.00432125 -0.00750963   0.0383216
-0.00432125    0.158093   0.0128979 -0.00224647
-0.00750963   0.0128979    0.151819  0.00188222
  0.0383216 -0.00224647  0.00188222    0.136763
IMAGINARY
          0  -0.0130413   0.0280278 -0.00187758
  0.0130413           0 -0.00317292  0.00652241
 -0.0280278  0.00317292           0  0.00717431
 0.00187758 -0.00652241 -0.00717431           0
Repeater1[0]<--->BSA[0]
REAL
  0.490566 -0.0126599  0.0182087  0.0858885
-0.0126599   0.171069  0.0165358  0.0114883
 0.0182087  0.0165358   0.116981   0.013266
 0.0858885  0.0114883   0.013266   0.221384
IMAGINARY
          0    0.007093  0.00868192   0.0037475
  -0.007093           0   0.0112852  0.00386762
-0.00868192  -0.0112852           0 -0.00379049
 -0.0037475 -0.00386762  0.00379049           0
EndNode1[0]<--->Repeater1[0]
REAL
   0.542092   0.0120555 -0.00530653   0.0361623
  0.0120555    0.173469   0.0230733  0.00594347
-0.00530653   0.0230733    0.178571   0.0166069
  0.0361623  0.00594347   0.0166069    0.105867
IMAGINARY
          0  0.00783451  0.00207326  -0.0194024
-0.00783451           0  0.00409629  0.00970685
-0.00207326 -0.00409629           0   0.0222702
  0.0194024 -0.00970685  -0.0222702           0
EndNode2[0]<--->BSA[0]
REAL
   0.485897   0.0066437   0.0162917   0.0700477
  0.0066437    0.121795 -0.00747172  -0.0290499
  0.0162917 -0.00747172    0.164103  0.00732957
  0.0700477  -0.0290499  0.00732957    0.228205
IMAGINARY
          0 -0.00414975   -0.029655  -0.0200083
 0.00414975           0  0.00208003  0.00252322
   0.029655 -0.00208003           0  0.00673373
  0.0200083 -0.00252322 -0.00673373           0
Repeater1[0]<--->EndNode1[0]
REAL
   0.542092 -0.00530653   0.0120555   0.0361623
-0.00530653    0.178571   0.0230733   0.0166069
  0.0120555   0.0230733    0.173469  0.00594347
  0.0361623   0.0166069  0.00594347    0.105867
IMAGINARY
          0  0.00207326  0.00783451  -0.0194024
-0.00207326           0 -0.00409629   0.0222702
-0.00783451  0.00409629           0  0.00970685
  0.0194024  -0.0222702 -0.00970685           0
Repeater1[0]<--->BSA[0]
REAL
   0.485897   0.0162917   0.0066437   0.0700477
  0.0162917    0.164103 -0.00747172  0.00732957
  0.0066437 -0.00747172    0.121795  -0.0290499
  0.0700477  0.00732957  -0.0290499    0.228205
IMAGINARY
          0   -0.029655 -0.00414975  -0.0200083
   0.029655           0 -0.00208003  0.00673373
 0.00414975  0.00208003           0  0.00252322
  0.0200083 -0.00673373 -0.00252322           0
EndNode1[0]<--->Repeater1[0]
REAL
   0.532967 -0.00650158 -0.00167832   0.0458365
-0.00650158    0.182692    0.002671  -0.0231973
-0.00167832    0.002671    0.129121  0.00774536
  0.0458365  -0.0231973  0.00774536     0.15522
IMAGINARY
          0   0.0152845   0.0185789  -0.0222029
 -0.0152845           0  0.00148467  -0.0185789
 -0.0185789 -0.00148467           0  0.00989532
  0.0222029   0.0185789 -0.00989532           0
EndNode2[0]<--->BSA[0]
REAL
    0.497416   -0.0128131   -0.0156611    0.0713288
  -0.0128131     0.125323   -0.0091461 -0.000836332
  -0.0156611   -0.0091461     0.169251  -0.00495338
   0.0713288 -0.000836332  -0.00495338      0.20801
IMAGINARY
           0   -0.0184004   -0.0160332 -0.000465362
   0.0184004            0  -0.00694205   0.00547915
   0.0160332   0.00694205            0   0.00784631
 0.000465362  -0.00547915  -0.00784631            0
Repeater1[0]<--->EndNode1[0]
REAL
   0.532967 -0.00167832 -0.00650158   0.0458365
-0.00167832    0.129121    0.002671  0.00774536
-0.00650158    0.002671    0.182692  -0.0231973
  0.0458365  0.00774536  -0.0231973     0.15522
IMAGINARY
          0   0.0185789   0.0152845  -0.0222029
 -0.0185789           0 -0.00148467  0.00989532
 -0.0152845  0.00148467           0  -0.0185789
  0.0222029 -0.00989532   0.0185789           0
Repeater1[0]<--->BSA[0]
REAL
    0.497416   -0.0156611   -0.0128131    0.0713288
  -0.0156611     0.169251   -0.0091461  -0.00495338
  -0.0128131   -0.0091461     0.125323 -0.000836332
   0.0713288  -0.00495338 -0.000836332      0.20801
IMAGINARY
           0   -0.0160332   -0.0184004 -0.000465362
   0.0160332            0   0.00694205   0.00784631
   0.0184004  -0.00694205            0   0.00547915
 0.000465362  -0.00784631  -0.00547915            0
