EndNode1[0]<--->Repeater1[0]
REAL
   0.503886   0.0107673 4.80347e-05    0.183836
  0.0107673    0.137306   0.0158922  0.00131066
4.80347e-05   0.0158922    0.150259 0.000102286
   0.183836  0.00131066 0.000102286    0.208549
IMAGINARY
           0   0.00159642   -0.0132567   0.00225806
 -0.00159642            0   0.00225806 -0.000153257
   0.0132567  -0.00225806            0   0.00159642
 -0.00225806  0.000153257  -0.00159642            0
EndNode2[0]<--->BSA[0]
REAL
  0.443038 -0.0016279  0.0166881   0.236155
-0.0016279   0.122785  0.0353467 0.00577664
 0.0166881  0.0353467   0.113924 0.00355345
  0.236155 0.00577664 0.00355345   0.320253
IMAGINARY
           0   -0.0290103   0.00790911   -0.0125445
   0.0290103            0     0.021702  0.000177147
 -0.00790911    -0.021702            0  -0.00333467
   0.0125445 -0.000177147   0.00333467            0
Repeater1[0]<--->EndNode1[0]
REAL
   0.503886 4.80347e-05   0.0107673    0.183836
4.80347e-05    0.150259   0.0158922 0.000102286
  0.0107673   0.0158922    0.137306  0.00131066
   0.183836 0.000102286  0.00131066    0.208549
IMAGINARY
           0   -0.0132567   0.00159642   0.00225806
   0.0132567            0  -0.00225806   0.00159642
 -0.00159642   0.00225806            0 -0.000153257
 -0.00225806  -0.00159642  0.000153257            0
Repeater1[0]<--->BSA[0]
REAL
  0.443038  0.0166881 -0.0016279   0.236155
 0.0166881   0.113924  0.0353467 0.00355345
-0.0016279  0.0353467   0.122785 0.00577664
  0.236155 0.00355345 0.00577664   0.320253
IMAGINARY
           0   0.00790911   -0.0290103   -0.0125445
 -0.00790911            0    -0.021702  -0.00333467
   0.0290103     0.021702            0  0.000177147
   0.0125445   0.00333467 -0.000177147            0
EndNode1[0]<--->Repeater1[0]
REAL
   0.469489 -0.00131061   0.0208808    0.190378
-0.00131061    0.124533   0.0360735  0.00428051
  0.0208808   0.0360735    0.171856  -0.0019152
   0.190378  0.00428051  -0.0019152    0.234122
IMAGINARY
          0  0.00399997  -0.0199836  0.00255754
-0.00399997           0  0.00255754  -0.0151157
  0.0199836 -0.00255754           0  -0.0179073
-0.00255754   0.0151157   0.0179073           0
EndNode2[0]<--->BSA[0]
REAL
    0.40213 0.000998668  0.00362101    0.246036
0.000998668     0.14514   0.0369204  0.00237101
 0.00362101   0.0369204    0.130493 0.000998668
   0.246036  0.00237101 0.000998668    0.322237
IMAGINARY
           0   -0.0180844  0.000115198    0.0119161
   0.0180844            0  -0.00173799    0.0079277
-0.000115198   0.00173799            0  0.000658085
  -0.0119161   -0.0079277 -0.000658085            0
Repeater1[0]<--->EndNode1[0]
REAL
   0.469489   0.0208808 -0.00131061    0.190378
  0.0208808    0.171856   0.0360735  -0.0019152
-0.00131061   0.0360735    0.124533  0.00428051
   0.190378  -0.0019152  0.00428051    0.234122
IMAGINARY
          0  -0.0199836  0.00399997  0.00255754
  0.0199836           0 -0.00255754  -0.0179073
-0.00399997  0.00255754           0  -0.0151157
-0.00255754   0.0179073   0.0151157           0
Repeater1[0]<--->BSA[0]
REAL
    0.40213  0.00362101 0.000998668    0.246036
 0.00362101    0.130493   0.0369204 0.000998668
0.000998668   0.0369204     0.14514  0.00237101
   0.246036 0.000998668  0.00237101    0.322237
IMAGINARY
           0  0.000115198   -0.0180844    0.0119161
-0.000115198            0   0.00173799  0.000658085
   0.0180844  -0.00173799            0    0.0079277
  -0.0119161 -0.000658085   -0.0079277            0
