EndNode1[0]<--->Repeater1[0]
REAL
   0.492866 -0.00597534  0.00963024    0.257497
-0.00597534   0.0830091   0.0149968  0.00579392
 0.00963024   0.0149968   0.0998703   0.0021193
   0.257497  0.00579392   0.0021193    0.324254
IMAGINARY
           0  -0.00142516  -0.00724428    0.0119486
  0.00142516            0    0.0250377 -0.000255718
  0.00724428   -0.0250377            0   -0.0160748
  -0.0119486  0.000255718    0.0160748            0
EndNode2[0]<--->HoM1[0]
REAL
   0.452381   0.0109411  -0.0055035    0.340914
  0.0109411   0.0764411 0.000812548   0.0162949
 -0.0055035 0.000812548   0.0764411 -0.00734394
   0.340914   0.0162949 -0.00734394    0.394737
IMAGINARY
          0 -0.00374397  0.00549551  -0.0325446
 0.00374397           0   0.0176562  -0.0016884
-0.00549551  -0.0176562           0  0.00247493
  0.0325446   0.0016884 -0.00247493           0
Repeater1[0]<--->EndNode1[0]
REAL
   0.492866  0.00963024 -0.00597534    0.257497
 0.00963024   0.0998703   0.0149968   0.0021193
-0.00597534   0.0149968   0.0830091  0.00579392
   0.257497   0.0021193  0.00579392    0.324254
IMAGINARY
           0  -0.00724428  -0.00142516    0.0119486
  0.00724428            0   -0.0250377   -0.0160748
  0.00142516    0.0250377            0 -0.000255718
  -0.0119486    0.0160748  0.000255718            0
Repeater1[0]<--->HoM1[0]
REAL
   0.452381  -0.0055035   0.0109411    0.340914
 -0.0055035   0.0764411 0.000812548 -0.00734394
  0.0109411 0.000812548   0.0764411   0.0162949
   0.340914 -0.00734394   0.0162949    0.394737
IMAGINARY
          0  0.00549551 -0.00374397  -0.0325446
-0.00549551           0  -0.0176562  0.00247493
 0.00374397   0.0176562           0  -0.0016884
  0.0325446 -0.00247493   0.0016884           0
EndNode1[0]<--->Repeater1[0]
REAL
   0.427083 -0.00368363   0.0110952     0.26656
-0.00368363    0.123698 0.000228554  -0.0251367
  0.0110952 0.000228554   0.0989583  0.00307313
    0.26656  -0.0251367  0.00307313     0.35026
IMAGINARY
           0   0.00722279 -2.81712e-05   -0.0185113
 -0.00722279            0   0.00221406    -0.018816
 2.81712e-05  -0.00221406            0    0.0191591
   0.0185113     0.018816   -0.0191591            0
EndNode2[0]<--->HoM1[0]
REAL
   0.503294  -0.0080695   0.0210711    0.306649
 -0.0080695   0.0895916 -0.00718742  -0.0298195
  0.0210711 -0.00718742   0.0671937  0.00874245
   0.306649  -0.0298195  0.00874245    0.339921
IMAGINARY
          0   0.0112951  -0.0129107 -0.00317539
 -0.0112951           0  -0.0110733  -0.0103597
  0.0129107   0.0110733           0   0.0119754
 0.00317539   0.0103597  -0.0119754           0
Repeater1[0]<--->EndNode1[0]
REAL
   0.427083   0.0110952 -0.00368363     0.26656
  0.0110952   0.0989583 0.000228554  0.00307313
-0.00368363 0.000228554    0.123698  -0.0251367
    0.26656  0.00307313  -0.0251367     0.35026
IMAGINARY
           0 -2.81712e-05   0.00722279   -0.0185113
 2.81712e-05            0  -0.00221406    0.0191591
 -0.00722279   0.00221406            0    -0.018816
   0.0185113   -0.0191591     0.018816            0
Repeater1[0]<--->HoM1[0]
REAL
   0.503294   0.0210711  -0.0080695    0.306649
  0.0210711   0.0671937 -0.00718742  0.00874245
 -0.0080695 -0.00718742   0.0895916  -0.0298195
   0.306649  0.00874245  -0.0298195    0.339921
IMAGINARY
          0  -0.0129107   0.0112951 -0.00317539
  0.0129107           0   0.0110733   0.0119754
 -0.0112951  -0.0110733           0  -0.0103597
 0.00317539  -0.0119754   0.0103597           0
EndNode1[0]<--->Repeater1[0]
REAL
   0.496144 -0.00960999   0.0102427    0.270166
-0.00960999    0.100257   0.0146107 0.000256002
  0.0102427   0.0146107    0.100257   0.0122347
   0.270166 0.000256002   0.0122347    0.303342
IMAGINARY
          0  0.00642288  0.00172265  -0.0016859
-0.00642288           0    -0.03004   0.0353144
-0.00172265     0.03004           0  -0.0138303
  0.0016859  -0.0353144   0.0138303           0
EndNode2[0]<--->HoM1[0]
REAL
   0.483703  0.00238592  -0.0108559     0.34553
 0.00238592   0.0482399  -0.0044702  -0.0176209
 -0.0108559  -0.0044702   0.0573664 -0.00172367
    0.34553  -0.0176209 -0.00172367    0.410691
IMAGINARY
           0   0.00728771  -0.00296202   0.00548506
 -0.00728771            0  0.000146981   0.00851757
  0.00296202 -0.000146981            0  -0.00728771
 -0.00548506  -0.00851757   0.00728771            0
Repeater1[0]<--->EndNode1[0]
REAL
   0.496144   0.0102427 -0.00960999    0.270166
  0.0102427    0.100257   0.0146107   0.0122347
-0.00960999   0.0146107    0.100257 0.000256002
   0.270166   0.0122347 0.000256002    0.303342
IMAGINARY
          0  0.00172265  0.00642288  -0.0016859
-0.00172265           0     0.03004  -0.0138303
-0.00642288    -0.03004           0   0.0353144
  0.0016859   0.0138303  -0.0353144           0
Repeater1[0]<--->HoM1[0]
REAL
   0.483703  -0.0108559  0.00238592     0.34553
 -0.0108559   0.0573664  -0.0044702 -0.00172367
 0.00238592  -0.0044702   0.0482399  -0.0176209
    0.34553 -0.00172367  -0.0176209    0.410691
IMAGINARY
           0  -0.00296202   0.00728771   0.00548506
  0.00296202            0 -0.000146981  -0.00728771
 -0.00728771  0.000146981            0   0.00851757
 -0.00548506   0.00728771  -0.00851757            0
EndNode1[0]<--->Repeater1[0]
REAL
  0.468919  0.0123765  0.0320442    0.29122
 0.0123765   0.114865 -0.0121505 0.00413154
 0.0320442 -0.0121505  0.0972973  0.0173393
   0.29122 0.00413154  0.0173393   0.318919
IMAGINARY
           0  -0.00199953    0.0124534 -0.000558879
  0.00199953            0   -0.0109121  -0.00262196
  -0.0124534    0.0109121            0   -0.0134499
 0.000558879   0.00262196    0.0134499            0
EndNode2[0]<--->HoM1[0]
REAL
   0.471204  0.00550266   0.0254037    0.340985
 0.00550266   0.0641361  -0.0161576 -0.00264508
  0.0254037  -0.0161576   0.0719895  0.00484216
   0.340985 -0.00264508  0.00484216     0.39267
IMAGINARY
          0  0.00860082  0.00233967   0.0114407
-0.00860082           0 -0.00382648  -0.0192888
-0.00233967  0.00382648           0  0.00592702
 -0.0114407   0.0192888 -0.00592702           0
Repeater1[0]<--->EndNode1[0]
REAL
  0.468919  0.0320442  0.0123765    0.29122
 0.0320442  0.0972973 -0.0121505  0.0173393
 0.0123765 -0.0121505   0.114865 0.00413154
   0.29122  0.0173393 0.00413154   0.318919
IMAGINARY
           0    0.0124534  -0.00199953 -0.000558879
  -0.0124534            0    0.0109121   -0.0134499
  0.00199953   -0.0109121            0  -0.00262196
 0.000558879    0.0134499   0.00262196            0
Repeater1[0]<--->HoM1[0]
REAL
   0.471204   0.0254037  0.00550266    0.340985
  0.0254037   0.0719895  -0.0161576  0.00484216
 0.00550266  -0.0161576   0.0641361 -0.00264508
   0.340985  0.00484216 -0.00264508     0.39267
IMAGINARY
          0  0.00233967  0.00860082   0.0114407
-0.00233967           0  0.00382648  0.00592702
-0.00860082 -0.00382648           0  -0.0192888
 -0.0114407 -0.00592702   0.0192888           0
EndNode1[0]<--->Repeater1[0]
REAL
  0.491505 -0.0042022  0.0092458   0.275109
-0.0042022  0.0885922 0.00506923  0.0168025
 0.0092458 0.00506923  0.0910194  0.0162734
  0.275109  0.0168025  0.0162734   0.328883
IMAGINARY
          0   0.0199688 -0.00125132  -0.0103186
 -0.0199688           0  0.00464397 -0.00466196
 0.00125132 -0.00464397           0  -0.0127415
  0.0103186  0.00466196   0.0127415           0
EndNode2[0]<--->HoM1[0]
REAL
    0.451362 -0.000478921   -0.0115894     0.338411
-0.000478921    0.0881971  -0.00695008    0.0115894
  -0.0115894  -0.00695008    0.0661479    -0.010757
    0.338411    0.0115894    -0.010757     0.394293
IMAGINARY
          0 -0.00338152 -0.00517691  0.00819019
 0.00338152           0  0.00882552   0.0232181
 0.00517691 -0.00882552           0  -0.0146597
-0.00819019  -0.0232181   0.0146597           0
Repeater1[0]<--->EndNode1[0]
REAL
  0.491505  0.0092458 -0.0042022   0.275109
 0.0092458  0.0910194 0.00506923  0.0162734
-0.0042022 0.00506923  0.0885922  0.0168025
  0.275109  0.0162734  0.0168025   0.328883
IMAGINARY
          0 -0.00125132   0.0199688  -0.0103186
 0.00125132           0 -0.00464397  -0.0127415
 -0.0199688  0.00464397           0 -0.00466196
  0.0103186   0.0127415  0.00466196           0
Repeater1[0]<--->HoM1[0]
REAL
    0.451362   -0.0115894 -0.000478921     0.338411
  -0.0115894    0.0661479  -0.00695008    -0.010757
-0.000478921  -0.00695008    0.0881971    0.0115894
    0.338411    -0.010757    0.0115894     0.394293
IMAGINARY
          0 -0.00517691 -0.00338152  0.00819019
 0.00517691           0 -0.00882552  -0.0146597
 0.00338152  0.00882552           0   0.0232181
-0.00819019   0.0146597  -0.0232181           0
EndNode1[0]<--->Repeater1[0]
REAL
    0.47449   0.0166045   0.0116836    0.258516
  0.0166045   0.0765306  0.00118315 -0.00479996
  0.0116836  0.00118315   0.0982143  -0.0147271
   0.258516 -0.00479996  -0.0147271    0.350765
IMAGINARY
          0  -0.0237069  0.00517656   0.0160615
  0.0237069           0  -0.0039903   0.0134901
-0.00517656   0.0039903           0   0.0210402
 -0.0160615  -0.0134901  -0.0210402           0
EndNode2[0]<--->HoM1[0]
REAL
    0.48805 -0.00260417  0.00453368    0.331213
-0.00260417   0.0867925  0.00436694 -0.00453368
 0.00453368  0.00436694   0.0628931  0.00260417
   0.331213 -0.00453368  0.00260417    0.362264
IMAGINARY
           0   0.00959691     0.014038   -0.0233506
 -0.00959691            0  4.83756e-05  -0.00262864
   -0.014038 -4.83756e-05            0   0.00181248
   0.0233506   0.00262864  -0.00181248            0
Repeater1[0]<--->EndNode1[0]
REAL
    0.47449   0.0116836   0.0166045    0.258516
  0.0116836   0.0982143  0.00118315  -0.0147271
  0.0166045  0.00118315   0.0765306 -0.00479996
   0.258516  -0.0147271 -0.00479996    0.350765
IMAGINARY
          0  0.00517656  -0.0237069   0.0160615
-0.00517656           0   0.0039903   0.0210402
  0.0237069  -0.0039903           0   0.0134901
 -0.0160615  -0.0210402  -0.0134901           0
Repeater1[0]<--->HoM1[0]
REAL
    0.48805  0.00453368 -0.00260417    0.331213
 0.00453368   0.0628931  0.00436694  0.00260417
-0.00260417  0.00436694   0.0867925 -0.00453368
   0.331213  0.00260417 -0.00453368    0.362264
IMAGINARY
           0     0.014038   0.00959691   -0.0233506
   -0.014038            0 -4.83756e-05   0.00181248
 -0.00959691  4.83756e-05            0  -0.00262864
   0.0233506  -0.00181248   0.00262864            0
EndNode1[0]<--->Repeater1[0]
REAL
   0.478202   -0.022244  -0.0132887    0.284554
  -0.022244    0.104905  0.00564688 -0.00178667
 -0.0132887  0.00564688    0.104905  -0.0016254
   0.284554 -0.00178667  -0.0016254    0.311989
IMAGINARY
           0  0.000295258    -0.017545  -0.00278373
-0.000295258            0   -0.0246314   0.00166192
    0.017545    0.0246314            0  -0.00474253
  0.00278373  -0.00166192   0.00474253            0
EndNode2[0]<--->HoM1[0]
REAL
   0.508323  -0.0176779 -0.00496933    0.340334
 -0.0176779   0.0653009  0.00280288 -0.00623515
-0.00496933  0.00280288   0.0640205 -0.00192991
   0.340334 -0.00623515 -0.00192991    0.362356
IMAGINARY
           0    0.0116767 -0.000937696    -0.014545
  -0.0116767            0    0.0113275   -0.0015812
 0.000937696   -0.0113275            0   -0.0154551
    0.014545    0.0015812    0.0154551            0
Repeater1[0]<--->EndNode1[0]
REAL
   0.478202  -0.0132887   -0.022244    0.284554
 -0.0132887    0.104905  0.00564688  -0.0016254
  -0.022244  0.00564688    0.104905 -0.00178667
   0.284554  -0.0016254 -0.00178667    0.311989
IMAGINARY
           0    -0.017545  0.000295258  -0.00278373
    0.017545            0    0.0246314  -0.00474253
-0.000295258   -0.0246314            0   0.00166192
  0.00278373   0.00474253  -0.00166192            0
Repeater1[0]<--->HoM1[0]
REAL
   0.508323 -0.00496933  -0.0176779    0.340334
-0.00496933   0.0640205  0.00280288 -0.00192991
 -0.0176779  0.00280288   0.0653009 -0.00623515
   0.340334 -0.00192991 -0.00623515    0.362356
IMAGINARY
           0 -0.000937696    0.0116767    -0.014545
 0.000937696            0   -0.0113275   -0.0154551
  -0.0116767    0.0113275            0   -0.0015812
    0.014545    0.0154551    0.0015812            0
