EndNode1[0]<--->Repeater1[0]
REAL
   0.455263   0.0159586   0.0211073   0.0850001
  0.0159586    0.171053 -0.00638373 0.000905279
  0.0211073 -0.00638373    0.217105 -0.00275107
  0.0850001 0.000905279 -0.00275107    0.156579
IMAGINARY
          0  0.00936127 -0.00553249  0.00195017
-0.00936127           0   0.0210624 -0.00491137
 0.00553249  -0.0210624           0 -0.00283385
-0.00195017  0.00491137  0.00283385           0
EndNode2[0]<--->BSA[0]
REAL
   0.427711  0.00337909   0.0404333    0.142978
 0.00337909    0.180723   0.0197519 -0.00106326
  0.0404333   0.0197519    0.145783  -0.0073161
   0.142978 -0.00106326  -0.0073161    0.245783
IMAGINARY
           0  -0.00814411  0.000247504   0.00193472
  0.00814411            0   0.00254671   -0.0163765
-0.000247504  -0.00254671            0    0.0165312
 -0.00193472    0.0163765   -0.0165312            0
Repeater1[0]<--->EndNode1[0]
REAL
   0.455263   0.0211073   0.0159586   0.0850001
  0.0211073    0.217105 -0.00638373 -0.00275107
  0.0159586 -0.00638373    0.171053 0.000905279
  0.0850001 -0.00275107 0.000905279    0.156579
IMAGINARY
          0 -0.00553249  0.00936127  0.00195017
 0.00553249           0  -0.0210624 -0.00283385
-0.00936127   0.0210624           0 -0.00491137
-0.00195017  0.00283385  0.00491137           0
Repeater1[0]<--->BSA[0]
REAL
   0.427711   0.0404333  0.00337909    0.142978
  0.0404333    0.145783   0.0197519  -0.0073161
 0.00337909   0.0197519    0.180723 -0.00106326
   0.142978  -0.0073161 -0.00106326    0.245783
IMAGINARY
           0  0.000247504  -0.00814411   0.00193472
-0.000247504            0  -0.00254671    0.0165312
  0.00814411   0.00254671            0   -0.0163765
 -0.00193472   -0.0165312    0.0163765            0
