EndNode1[0]<--->Repeater1[0]
REAL
   0.553325 -0.00750963 -0.00432125   0.0383216
-0.00750963    0.151819   0.0128979  0.00188222
-0.00432125   0.0128979    0.158093 -0.00224647
  0.0383216  0.00188222 -0.00224647    0.136763
IMAGINARY
          0   0.0280278  -0.0130413 -0.00187758
 -0.0280278           0  0.00317292  0.00717431
  0.0130413 -0.00317292           0  0.00652241
 0.00187758 -0.00717431 -0.00652241           0
EndNode2[0]<--->BSA[0]
REAL
  0.490566  0.0182087 -0.0126599  0.0858885
 0.0182087   0.116981  0.0165358   0.013266
-0.0126599  0.0165358   0.171069  0.0114883
 0.0858885   0.013266  0.0114883   0.221384
IMAGINARY
          0  0.00868192    0.007093   0.0037475
-0.00868192           0  -0.0112852 -0.00379049
  -0.007093   0.0112852           0  0.00386762
 -0.0037475  0.00379049 -0.00386762           0
Repeater1[0]<--->EndNode1[0]
REAL
   0.553325 -0.00432125 -0.00750963   0.0383216
-0.00432125    0.158093   0.0128979 -0.00224647
-0.00750963   0.0128979    0.151819  0.00188222
  0.0383216 -0.00224647  0.00188222    0.136763
IMAGINARY
          0  -0.0130413   0.0280278 -0.00187758
  0.0130413           0 -0.00317292  0.00652241
 -0.0280278  0.00317292           0  0.00717431
 0.00187758 -0.00652241 -0.00717431           0
Repeater1[0]<--->BSA[0]
REAL
  0.490566 -0.0126599  0.0182087  0.0858885
-0.0126599   0.171069  0.0165358  0.0114883
 0.0182087  0.0165358   0.116981   0.013266
 0.0858885  0.0114883   0.013266   0.221384
IMAGINARY
          0    0.007093  0.00868192   0.0037475
  -0.007093           0   0.0112852  0.00386762
-0.00868192  -0.0112852           0 -0.00379049
 -0.0037475 -0.00386762  0.00379049           0
