EndNode1[0]<--->Repeater1[0]
REAL
   0.477556    0.011746   0.0101026      0.2677
   0.011746    0.104738   0.0257643 -0.00422028
  0.0101026   0.0257643   0.0947631  0.00459386
     0.2677 -0.00422028  0.00459386    0.322943
IMAGINARY
           0   0.00936617   -0.0126976    0.0117801
 -0.00936617            0  6.93889e-18  -0.00219077
   0.0126976 -6.93889e-18            0  -0.00192201
  -0.0117801   0.00219077   0.00192201            0
EndNode2[0]<--->HoM1[0]
REAL
    0.473822   0.00409055   0.00342609     0.349981
  0.00409055    0.0890052    0.0106024  -0.00786209
  0.00342609    0.0106024     0.078534 -0.000921982
    0.349981  -0.00786209 -0.000921982     0.358639
IMAGINARY
          0  -0.0242758   0.0351873  0.00774153
  0.0242758           0 -0.00573886   0.0192168
 -0.0351873  0.00573886           0   -0.024947
-0.00774153  -0.0192168    0.024947           0
Repeater1[0]<--->EndNode1[0]
REAL
   0.477556   0.0101026    0.011746      0.2677
  0.0101026   0.0947631   0.0257643  0.00459386
   0.011746   0.0257643    0.104738 -0.00422028
     0.2677  0.00459386 -0.00422028    0.322943
IMAGINARY
           0   -0.0126976   0.00936617    0.0117801
   0.0126976            0 -6.93889e-18  -0.00192201
 -0.00936617  6.93889e-18            0  -0.00219077
  -0.0117801   0.00192201   0.00219077            0
Repeater1[0]<--->HoM1[0]
REAL
    0.473822   0.00342609   0.00409055     0.349981
  0.00342609     0.078534    0.0106024 -0.000921982
  0.00409055    0.0106024    0.0890052  -0.00786209
    0.349981 -0.000921982  -0.00786209     0.358639
IMAGINARY
          0   0.0351873  -0.0242758  0.00774153
 -0.0351873           0  0.00573886   -0.024947
  0.0242758 -0.00573886           0   0.0192168
-0.00774153    0.024947  -0.0192168           0
EndNode1[0]<--->Repeater1[0]
REAL
  0.501272  0.0149093 0.00535527   0.268373
 0.0149093   0.110687  0.0105606  0.0161012
0.00535527  0.0105606  0.0916031  0.0117487
  0.268373  0.0161012  0.0117487   0.296438
IMAGINARY
          0   0.0235205   0.0142646 -0.00913716
 -0.0235205           0   0.0128409   0.0117771
 -0.0142646  -0.0128409           0  -0.0183122
 0.00913716  -0.0117771   0.0183122           0
EndNode2[0]<--->HoM1[0]
REAL
   0.475795 -0.00150905  -0.0108641    0.348015
-0.00150905   0.0760719 0.000431781  -0.0121172
 -0.0108641 0.000431781   0.0760719   0.0033724
   0.348015  -0.0121172   0.0033724    0.372061
IMAGINARY
          0 -0.00465736  0.00164282  0.00241976
 0.00465736           0  0.00434531 -0.00845819
-0.00164282 -0.00434531           0   0.0201468
-0.00241976  0.00845819  -0.0201468           0
Repeater1[0]<--->EndNode1[0]
REAL
  0.501272 0.00535527  0.0149093   0.268373
0.00535527  0.0916031  0.0105606  0.0117487
 0.0149093  0.0105606   0.110687  0.0161012
  0.268373  0.0117487  0.0161012   0.296438
IMAGINARY
          0   0.0142646   0.0235205 -0.00913716
 -0.0142646           0  -0.0128409  -0.0183122
 -0.0235205   0.0128409           0   0.0117771
 0.00913716   0.0183122  -0.0117771           0
Repeater1[0]<--->HoM1[0]
REAL
   0.475795  -0.0108641 -0.00150905    0.348015
 -0.0108641   0.0760719 0.000431781   0.0033724
-0.00150905 0.000431781   0.0760719  -0.0121172
   0.348015   0.0033724  -0.0121172    0.372061
IMAGINARY
          0  0.00164282 -0.00465736  0.00241976
-0.00164282           0 -0.00434531   0.0201468
 0.00465736  0.00434531           0 -0.00845819
-0.00241976  -0.0201468  0.00845819           0
EndNode1[0]<--->Repeater1[0]
REAL
   0.455844  -0.0298821 -0.00378812    0.283706
 -0.0298821    0.122078  0.00876983  -0.0168429
-0.00378812  0.00876983    0.106494  -0.0162344
   0.283706  -0.0168429  -0.0162344    0.315584
IMAGINARY
          0  -0.0147553  0.00342284  -0.0118978
  0.0147553           0   0.0197307   0.0132012
-0.00342284  -0.0197307           0 -0.00186872
  0.0118978  -0.0132012  0.00186872           0
EndNode2[0]<--->HoM1[0]
REAL
   0.466091   -0.028487 -0.00906644    0.340357
  -0.028487   0.0665845  0.00483098 -0.00139381
-0.00906644  0.00483098   0.0863132  0.00268506
   0.340357 -0.00139381  0.00268506    0.381011
IMAGINARY
           0     -0.01012    -0.011034   -0.0260517
     0.01012            0    0.0115131    0.0136656
    0.011034   -0.0115131            0  0.000909443
   0.0260517   -0.0136656 -0.000909443            0
Repeater1[0]<--->EndNode1[0]
REAL
   0.455844 -0.00378812  -0.0298821    0.283706
-0.00378812    0.106494  0.00876983  -0.0162344
 -0.0298821  0.00876983    0.122078  -0.0168429
   0.283706  -0.0162344  -0.0168429    0.315584
IMAGINARY
          0  0.00342284  -0.0147553  -0.0118978
-0.00342284           0  -0.0197307 -0.00186872
  0.0147553   0.0197307           0   0.0132012
  0.0118978  0.00186872  -0.0132012           0
Repeater1[0]<--->HoM1[0]
REAL
   0.466091 -0.00906644   -0.028487    0.340357
-0.00906644   0.0863132  0.00483098  0.00268506
  -0.028487  0.00483098   0.0665845 -0.00139381
   0.340357  0.00268506 -0.00139381    0.381011
IMAGINARY
           0    -0.011034     -0.01012   -0.0260517
    0.011034            0   -0.0115131  0.000909443
     0.01012    0.0115131            0    0.0136656
   0.0260517 -0.000909443   -0.0136656            0
EndNode1[0]<--->Repeater1[0]
REAL
     0.47871  -0.00634875 -0.000704579     0.269287
 -0.00634875     0.134194    0.0177262   -0.0148798
-0.000704579    0.0177262     0.076129   -0.0248201
    0.269287   -0.0148798   -0.0248201     0.310968
IMAGINARY
           0    0.0166684  -0.00334649   -0.0115747
  -0.0166684            0  0.000405155   -0.0147559
  0.00334649 -0.000405155            0   -0.0122989
   0.0115747    0.0147559    0.0122989            0
EndNode2[0]<--->HoM1[0]
REAL
   0.47651  0.0188943 0.00684485   0.345459
 0.0188943  0.0697987 0.00460653 0.00684485
0.00684485 0.00460653  0.0912752 -0.0065084
  0.345459 0.00684485 -0.0065084   0.362416
IMAGINARY
          0  0.00142044 -0.00313283 -0.00427257
-0.00142044           0  0.00672355 -0.00313283
 0.00313283 -0.00672355           0 -0.00643297
 0.00427257  0.00313283  0.00643297           0
Repeater1[0]<--->EndNode1[0]
REAL
     0.47871 -0.000704579  -0.00634875     0.269287
-0.000704579     0.076129    0.0177262   -0.0248201
 -0.00634875    0.0177262     0.134194   -0.0148798
    0.269287   -0.0248201   -0.0148798     0.310968
IMAGINARY
           0  -0.00334649    0.0166684   -0.0115747
  0.00334649            0 -0.000405155   -0.0122989
  -0.0166684  0.000405155            0   -0.0147559
   0.0115747    0.0122989    0.0147559            0
Repeater1[0]<--->HoM1[0]
REAL
   0.47651 0.00684485  0.0188943   0.345459
0.00684485  0.0912752 0.00460653 -0.0065084
 0.0188943 0.00460653  0.0697987 0.00684485
  0.345459 -0.0065084 0.00684485   0.362416
IMAGINARY
          0 -0.00313283  0.00142044 -0.00427257
 0.00313283           0 -0.00672355 -0.00643297
-0.00142044  0.00672355           0 -0.00313283
 0.00427257  0.00643297  0.00313283           0
EndNode1[0]<--->Repeater1[0]
REAL
  0.457293 -0.0123727  0.0026503   0.289471
-0.0123727   0.110381  0.0202403 0.00916072
 0.0026503  0.0202403   0.128778 -0.0033753
  0.289471 0.00916072 -0.0033753   0.303548
IMAGINARY
           0    0.0225901   -0.0300776     0.011977
  -0.0225901            0 -0.000778078    -0.034025
   0.0300776  0.000778078            0    0.0261278
   -0.011977     0.034025   -0.0261278            0
EndNode2[0]<--->HoM1[0]
REAL
   0.432606  -0.0213617  -0.0178382    0.340177
 -0.0213617    0.084724  0.00830767  0.00773722
 -0.0178382  0.00830767   0.0783055 -0.00641606
   0.340177  0.00773722 -0.00641606    0.404365
IMAGINARY
          0   0.0123807  0.00892019  0.00640694
 -0.0123807           0  0.00822072 -0.00201932
-0.00892019 -0.00822072           0  -0.0192816
-0.00640694  0.00201932   0.0192816           0
Repeater1[0]<--->EndNode1[0]
REAL
  0.457293  0.0026503 -0.0123727   0.289471
 0.0026503   0.128778  0.0202403 -0.0033753
-0.0123727  0.0202403   0.110381 0.00916072
  0.289471 -0.0033753 0.00916072   0.303548
IMAGINARY
           0   -0.0300776    0.0225901     0.011977
   0.0300776            0  0.000778078    0.0261278
  -0.0225901 -0.000778078            0    -0.034025
   -0.011977   -0.0261278     0.034025            0
Repeater1[0]<--->HoM1[0]
REAL
   0.432606  -0.0178382  -0.0213617    0.340177
 -0.0178382   0.0783055  0.00830767 -0.00641606
 -0.0213617  0.00830767    0.084724  0.00773722
   0.340177 -0.00641606  0.00773722    0.404365
IMAGINARY
          0  0.00892019   0.0123807  0.00640694
-0.00892019           0 -0.00822072  -0.0192816
 -0.0123807  0.00822072           0 -0.00201932
-0.00640694   0.0192816  0.00201932           0
EndNode1[0]<--->Repeater1[0]
REAL
   0.456227  0.00119962  0.00998357    0.259423
 0.00119962    0.127004   0.0138932 -0.00221155
 0.00998357   0.0138932    0.115906 -0.00249496
   0.259423 -0.00221155 -0.00249496    0.300863
IMAGINARY
          0    0.010439  -0.0110295   0.0204178
  -0.010439           0 -0.00582893  -0.0116665
  0.0110295  0.00582893           0   0.0163835
 -0.0204178   0.0116665  -0.0163835           0
EndNode2[0]<--->HoM1[0]
REAL
   0.453621 -0.00799119  0.00936078    0.349743
-0.00799119   0.0736976   0.0285842 -0.00872707
 0.00936078   0.0285842   0.0952986 -0.00151451
   0.349743 -0.00872707 -0.00151451    0.377382
IMAGINARY
           0  -0.00941999    0.0257889    0.0158851
  0.00941999            0    -0.020006 -0.000599986
  -0.0257889     0.020006            0  -0.00821226
  -0.0158851  0.000599986   0.00821226            0
Repeater1[0]<--->EndNode1[0]
REAL
   0.456227  0.00998357  0.00119962    0.259423
 0.00998357    0.115906   0.0138932 -0.00249496
 0.00119962   0.0138932    0.127004 -0.00221155
   0.259423 -0.00249496 -0.00221155    0.300863
IMAGINARY
          0  -0.0110295    0.010439   0.0204178
  0.0110295           0  0.00582893   0.0163835
  -0.010439 -0.00582893           0  -0.0116665
 -0.0204178  -0.0163835   0.0116665           0
Repeater1[0]<--->HoM1[0]
REAL
   0.453621  0.00936078 -0.00799119    0.349743
 0.00936078   0.0952986   0.0285842 -0.00151451
-0.00799119   0.0285842   0.0736976 -0.00872707
   0.349743 -0.00151451 -0.00872707    0.377382
IMAGINARY
           0    0.0257889  -0.00941999    0.0158851
  -0.0257889            0     0.020006  -0.00821226
  0.00941999    -0.020006            0 -0.000599986
  -0.0158851   0.00821226  0.000599986            0
