EndNode1[0]<--->Repeater1[0]
REAL
   0.521907 -0.00919568  -0.0119349   0.0353522
-0.00919568    0.193299   0.0170672  -0.0216673
 -0.0119349   0.0170672    0.150773 -0.00424518
  0.0353522  -0.0216673 -0.00424518    0.134021
IMAGINARY
          0  0.00157629  -0.0100842  -0.0112974
-0.00157629           0   0.0139016  -0.0107228
  0.0100842  -0.0139016           0  0.00157629
  0.0112974   0.0107228 -0.00157629           0
EndNode2[0]<--->BSA[0]
REAL
   0.537158  0.00153206 -0.00258459   0.0932594
 0.00153206    0.114733  -0.0034536 -0.00712415
-0.00258459  -0.0034536    0.139505 0.000895121
  0.0932594 -0.00712415 0.000895121    0.208605
IMAGINARY
          0 -0.00694503  0.00172834 -0.00638309
 0.00694503           0  -0.0050673   0.0292451
-0.00172834   0.0050673           0 -0.00759353
 0.00638309  -0.0292451  0.00759353           0
Repeater1[0]<--->EndNode1[0]
REAL
   0.521907  -0.0119349 -0.00919568   0.0353522
 -0.0119349    0.150773   0.0170672 -0.00424518
-0.00919568   0.0170672    0.193299  -0.0216673
  0.0353522 -0.00424518  -0.0216673    0.134021
IMAGINARY
          0  -0.0100842  0.00157629  -0.0112974
  0.0100842           0  -0.0139016  0.00157629
-0.00157629   0.0139016           0  -0.0107228
  0.0112974 -0.00157629   0.0107228           0
Repeater1[0]<--->BSA[0]
REAL
   0.537158 -0.00258459  0.00153206   0.0932594
-0.00258459    0.139505  -0.0034536 0.000895121
 0.00153206  -0.0034536    0.114733 -0.00712415
  0.0932594 0.000895121 -0.00712415    0.208605
IMAGINARY
          0  0.00172834 -0.00694503 -0.00638309
-0.00172834           0   0.0050673 -0.00759353
 0.00694503  -0.0050673           0   0.0292451
 0.00638309  0.00759353  -0.0292451           0
