EndNode1[0]<--->Repeater1[0]
REAL
    0.481529   0.00776583   0.00155622     0.198221
  0.00776583     0.127389    0.0261782   0.00286856
  0.00155622    0.0261782     0.164331 -0.000812604
    0.198221   0.00286856 -0.000812604     0.226752
IMAGINARY
          0   0.0282009   0.0139559 -0.00156304
 -0.0282009           0   0.0151465 -0.00185916
 -0.0139559  -0.0151465           0 -0.00266328
 0.00156304  0.00185916  0.00266328           0
EndNode2[0]<--->BSA[0]
REAL
   0.451697   0.0119646  0.00119183    0.256508
  0.0119646    0.138381   0.0180276  -0.0144544
 0.00119183   0.0180276    0.120104 -0.00931204
   0.256508  -0.0144544 -0.00931204    0.289817
IMAGINARY
          0   0.0150861  -0.0177788  0.00583571
 -0.0150861           0   0.0286471  -0.0102411
  0.0177788  -0.0286471           0  0.00795251
-0.00583571   0.0102411 -0.00795251           0
Repeater1[0]<--->EndNode1[0]
REAL
    0.481529   0.00155622   0.00776583     0.198221
  0.00155622     0.164331    0.0261782 -0.000812604
  0.00776583    0.0261782     0.127389   0.00286856
    0.198221 -0.000812604   0.00286856     0.226752
IMAGINARY
          0   0.0139559   0.0282009 -0.00156304
 -0.0139559           0  -0.0151465 -0.00266328
 -0.0282009   0.0151465           0 -0.00185916
 0.00156304  0.00266328  0.00185916           0
Repeater1[0]<--->BSA[0]
REAL
   0.451697  0.00119183   0.0119646    0.256508
 0.00119183    0.120104   0.0180276 -0.00931204
  0.0119646   0.0180276    0.138381  -0.0144544
   0.256508 -0.00931204  -0.0144544    0.289817
IMAGINARY
          0  -0.0177788   0.0150861  0.00583571
  0.0177788           0  -0.0286471  0.00795251
 -0.0150861   0.0286471           0  -0.0102411
-0.00583571 -0.00795251   0.0102411           0
EndNode1[0]<--->Repeater1[0]
REAL
    0.460746 -0.000896807   0.00506991     0.199309
-0.000896807     0.146718    0.0195618  -0.00571176
  0.00506991    0.0195618     0.166023   -0.0292701
    0.199309  -0.00571176   -0.0292701     0.226512
IMAGINARY
          0   0.0197756  0.00126326   -0.014543
 -0.0197756           0  -0.0047869  -0.0088582
-0.00126326   0.0047869           0  -0.0109149
   0.014543   0.0088582   0.0109149           0
EndNode2[0]<--->BSA[0]
REAL
   0.430675 -0.00385027  -0.0161536    0.240425
-0.00385027    0.146012   0.0426301  0.00267482
 -0.0161536   0.0426301    0.130061 -0.00321006
   0.240425  0.00267482 -0.00321006    0.293252
IMAGINARY
          0 -0.00751161   0.0175967  -0.0154731
 0.00751161           0  0.00238407 -0.00786911
 -0.0175967 -0.00238407           0  -0.0138892
  0.0154731  0.00786911   0.0138892           0
Repeater1[0]<--->EndNode1[0]
REAL
    0.460746   0.00506991 -0.000896807     0.199309
  0.00506991     0.166023    0.0195618   -0.0292701
-0.000896807    0.0195618     0.146718  -0.00571176
    0.199309   -0.0292701  -0.00571176     0.226512
IMAGINARY
          0  0.00126326   0.0197756   -0.014543
-0.00126326           0   0.0047869  -0.0109149
 -0.0197756  -0.0047869           0  -0.0088582
   0.014543   0.0109149   0.0088582           0
Repeater1[0]<--->BSA[0]
REAL
   0.430675  -0.0161536 -0.00385027    0.240425
 -0.0161536    0.130061   0.0426301 -0.00321006
-0.00385027   0.0426301    0.146012  0.00267482
   0.240425 -0.00321006  0.00267482    0.293252
IMAGINARY
          0   0.0175967 -0.00751161  -0.0154731
 -0.0175967           0 -0.00238407  -0.0138892
 0.00751161  0.00238407           0 -0.00786911
  0.0154731   0.0138892  0.00786911           0
