EndNode1[0]<--->Repeater1[0]
REAL
   0.475248  0.00381202 -0.00545925     0.30702
 0.00381202   0.0928218 0.000991108 -0.00420925
-0.00545925 0.000991108    0.108911   0.0100001
    0.30702 -0.00420925   0.0100001     0.32302
IMAGINARY
          0 -0.00625647  -0.0131062  -0.0133681
 0.00625647           0 -0.00998517  -0.0137615
  0.0131062  0.00998517           0  0.00953301
  0.0133681   0.0137615 -0.00953301           0
EndNode2[0]<--->HoM1[0]
REAL
   0.447903 -0.00679839  -0.0160757      0.3597
-0.00679839   0.0933694 -0.00885682  0.00505106
 -0.0160757 -0.00885682   0.0744249  -0.0236815
     0.3597  0.00505106  -0.0236815    0.384303
IMAGINARY
          0  -0.0133462  0.00247662  -0.0012994
  0.0133462           0 -0.00973001  -0.0127859
-0.00247662  0.00973001           0 -0.00211769
  0.0012994   0.0127859  0.00211769           0
Repeater1[0]<--->EndNode1[0]
REAL
   0.475248 -0.00545925  0.00381202     0.30702
-0.00545925    0.108911 0.000991108   0.0100001
 0.00381202 0.000991108   0.0928218 -0.00420925
    0.30702   0.0100001 -0.00420925     0.32302
IMAGINARY
          0  -0.0131062 -0.00625647  -0.0133681
  0.0131062           0  0.00998517  0.00953301
 0.00625647 -0.00998517           0  -0.0137615
  0.0133681 -0.00953301   0.0137615           0
Repeater1[0]<--->HoM1[0]
REAL
   0.447903  -0.0160757 -0.00679839      0.3597
 -0.0160757   0.0744249 -0.00885682  -0.0236815
-0.00679839 -0.00885682   0.0933694  0.00505106
     0.3597  -0.0236815  0.00505106    0.384303
IMAGINARY
          0  0.00247662  -0.0133462  -0.0012994
-0.00247662           0  0.00973001 -0.00211769
  0.0133462 -0.00973001           0  -0.0127859
  0.0012994  0.00211769   0.0127859           0
EndNode1[0]<--->Repeater1[0]
REAL
   0.467114  0.00070081  -0.0174483    0.281277
 0.00070081   0.0993289  0.00205628 -0.00178249
 -0.0174483  0.00205628    0.110067  -0.0109572
   0.281277 -0.00178249  -0.0109572     0.32349
IMAGINARY
          0  -0.0157944    0.018117 -0.00196017
  0.0157944           0 -0.00386131 -0.00123385
  -0.018117  0.00386131           0  0.00410609
 0.00196017  0.00123385 -0.00410609           0
EndNode2[0]<--->HoM1[0]
REAL
    0.468912 -0.000885922   -0.0154681     0.353851
-0.000885922    0.0738342    0.0233645    0.0255947
  -0.0154681    0.0233645    0.0582902   0.00215174
    0.353851    0.0255947   0.00215174     0.398964
IMAGINARY
          0   0.0133793   0.0112219 -0.00562243
 -0.0133793           0  0.00294147  0.00126171
 -0.0112219 -0.00294147           0 -0.00615196
 0.00562243 -0.00126171  0.00615196           0
Repeater1[0]<--->EndNode1[0]
REAL
   0.467114  -0.0174483  0.00070081    0.281277
 -0.0174483    0.110067  0.00205628  -0.0109572
 0.00070081  0.00205628   0.0993289 -0.00178249
   0.281277  -0.0109572 -0.00178249     0.32349
IMAGINARY
          0    0.018117  -0.0157944 -0.00196017
  -0.018117           0  0.00386131  0.00410609
  0.0157944 -0.00386131           0 -0.00123385
 0.00196017 -0.00410609  0.00123385           0
Repeater1[0]<--->HoM1[0]
REAL
    0.468912   -0.0154681 -0.000885922     0.353851
  -0.0154681    0.0582902    0.0233645   0.00215174
-0.000885922    0.0233645    0.0738342    0.0255947
    0.353851   0.00215174    0.0255947     0.398964
IMAGINARY
          0   0.0112219   0.0133793 -0.00562243
 -0.0112219           0 -0.00294147 -0.00615196
 -0.0133793  0.00294147           0  0.00126171
 0.00562243  0.00615196 -0.00126171           0
EndNode1[0]<--->Repeater1[0]
REAL
  0.486877  0.0250388  0.0148342   0.297046
 0.0250388  0.0853018  -0.011155  0.0161064
 0.0148342  -0.011155  0.0971129 0.00961465
  0.297046  0.0161064 0.00961465   0.330709
IMAGINARY
          0 -0.00966315 -0.00108963 -0.00700113
 0.00966315           0  0.00307443   0.0341584
 0.00108963 -0.00307443           0  -0.0300194
 0.00700113  -0.0341584   0.0300194           0
EndNode2[0]<--->HoM1[0]
REAL
   0.478697 0.000467588  -0.0153405    0.361325
0.000467588   0.0614035 -0.00756983 -0.00112858
 -0.0153405 -0.00756983   0.0526316  -0.0208892
   0.361325 -0.00112858  -0.0208892    0.407268
IMAGINARY
          0 -0.00242521  0.00354275   0.0115455
 0.00242521           0  -0.0260192  0.00288399
-0.00354275   0.0260192           0  0.00628125
 -0.0115455 -0.00288399 -0.00628125           0
Repeater1[0]<--->EndNode1[0]
REAL
  0.486877  0.0148342  0.0250388   0.297046
 0.0148342  0.0971129  -0.011155 0.00961465
 0.0250388  -0.011155  0.0853018  0.0161064
  0.297046 0.00961465  0.0161064   0.330709
IMAGINARY
          0 -0.00108963 -0.00966315 -0.00700113
 0.00108963           0 -0.00307443  -0.0300194
 0.00966315  0.00307443           0   0.0341584
 0.00700113   0.0300194  -0.0341584           0
Repeater1[0]<--->HoM1[0]
REAL
   0.478697  -0.0153405 0.000467588    0.361325
 -0.0153405   0.0526316 -0.00756983  -0.0208892
0.000467588 -0.00756983   0.0614035 -0.00112858
   0.361325  -0.0208892 -0.00112858    0.407268
IMAGINARY
          0  0.00354275 -0.00242521   0.0115455
-0.00354275           0   0.0260192  0.00628125
 0.00242521  -0.0260192           0  0.00288399
 -0.0115455 -0.00628125 -0.00288399           0
EndNode1[0]<--->Repeater1[0]
REAL
   0.479578  0.00100038   -0.009076    0.301844
 0.00100038    0.106719 -0.00886581 0.000601422
  -0.009076 -0.00886581   0.0843215  0.00626354
   0.301844 0.000601422  0.00626354    0.329381
IMAGINARY
          0  0.00466534  0.00529265  0.00460337
-0.00466534           0  -0.0140137  0.00529265
-0.00529265   0.0140137           0 -0.00279735
-0.00460337 -0.00529265  0.00279735           0
EndNode2[0]<--->HoM1[0]
REAL
    0.48583  -0.0183114 -0.00323486    0.348802
 -0.0183114   0.0728745 -0.00223415   0.0106373
-0.00323486 -0.00223415   0.0620783    0.023022
   0.348802   0.0106373    0.023022    0.379217
IMAGINARY
           0   0.00591214   -0.0158851   0.00712249
 -0.00591214            0  -0.00387995  -0.00743098
   0.0158851   0.00387995            0  0.000564545
 -0.00712249   0.00743098 -0.000564545            0
Repeater1[0]<--->EndNode1[0]
REAL
   0.479578   -0.009076  0.00100038    0.301844
  -0.009076   0.0843215 -0.00886581  0.00626354
 0.00100038 -0.00886581    0.106719 0.000601422
   0.301844  0.00626354 0.000601422    0.329381
IMAGINARY
          0  0.00529265  0.00466534  0.00460337
-0.00529265           0   0.0140137 -0.00279735
-0.00466534  -0.0140137           0  0.00529265
-0.00460337  0.00279735 -0.00529265           0
Repeater1[0]<--->HoM1[0]
REAL
    0.48583 -0.00323486  -0.0183114    0.348802
-0.00323486   0.0620783 -0.00223415    0.023022
 -0.0183114 -0.00223415   0.0728745   0.0106373
   0.348802    0.023022   0.0106373    0.379217
IMAGINARY
           0   -0.0158851   0.00591214   0.00712249
   0.0158851            0   0.00387995  0.000564545
 -0.00591214  -0.00387995            0  -0.00743098
 -0.00712249 -0.000564545   0.00743098            0
EndNode1[0]<--->Repeater1[0]
REAL
   0.46789  0.0162499  0.0107234   0.309469
 0.0162499   0.107471  0.0087126  0.0113151
 0.0107234  0.0087126  0.0812582 -0.0134951
  0.309469  0.0113151 -0.0134951   0.343381
IMAGINARY
          0   0.0118888  0.00275597  0.00967839
 -0.0118888           0 -0.00774789 -0.00716959
-0.00275597  0.00774789           0 -0.00243103
-0.00967839  0.00716959  0.00243103           0
EndNode2[0]<--->HoM1[0]
REAL
    0.478149   -0.0134695  -0.00518135      0.33993
  -0.0134695    0.0809769   -0.0122099  -0.00518135
 -0.00518135   -0.0122099     0.062982 -0.000779175
     0.33993  -0.00518135 -0.000779175     0.377892
IMAGINARY
          0  0.00778377  0.00907654  0.00625296
-0.00778377           0 -0.00433235  -0.0201012
-0.00907654  0.00433235           0  0.00842894
-0.00625296   0.0201012 -0.00842894           0
Repeater1[0]<--->EndNode1[0]
REAL
   0.46789  0.0107234  0.0162499   0.309469
 0.0107234  0.0812582  0.0087126 -0.0134951
 0.0162499  0.0087126   0.107471  0.0113151
  0.309469 -0.0134951  0.0113151   0.343381
IMAGINARY
          0  0.00275597   0.0118888  0.00967839
-0.00275597           0  0.00774789 -0.00243103
 -0.0118888 -0.00774789           0 -0.00716959
-0.00967839  0.00243103  0.00716959           0
Repeater1[0]<--->HoM1[0]
REAL
    0.478149  -0.00518135   -0.0134695      0.33993
 -0.00518135     0.062982   -0.0122099 -0.000779175
  -0.0134695   -0.0122099    0.0809769  -0.00518135
     0.33993 -0.000779175  -0.00518135     0.377892
IMAGINARY
          0  0.00907654  0.00778377  0.00625296
-0.00907654           0  0.00433235  0.00842894
-0.00778377 -0.00433235           0  -0.0201012
-0.00625296 -0.00842894   0.0201012           0
EndNode1[0]<--->Repeater1[0]
REAL
   0.470297  -0.0168265  0.00326241    0.295248
 -0.0168265   0.0829208 -0.00395446  0.00762107
 0.00326241 -0.00395446    0.095297  0.00338215
   0.295248  0.00762107  0.00338215    0.351485
IMAGINARY
          0   0.0116977 -0.00308642  -0.0170323
 -0.0116977           0   0.0118509  0.00308642
 0.00308642  -0.0118509           0  -0.0130275
  0.0170323 -0.00308642   0.0130275           0
EndNode2[0]<--->HoM1[0]
REAL
   0.451899   0.0109103  0.00181604    0.355112
  0.0109103   0.0734177 -0.00566281  0.00246793
 0.00181604 -0.00566281   0.0556962  -0.0176422
   0.355112  0.00246793  -0.0176422    0.418987
IMAGINARY
          0  -0.0209616  0.00411531  0.00240055
  0.0209616           0 -0.00240055   0.0104125
-0.00411531  0.00240055           0   0.0197509
-0.00240055  -0.0104125  -0.0197509           0
Repeater1[0]<--->EndNode1[0]
REAL
   0.470297  0.00326241  -0.0168265    0.295248
 0.00326241    0.095297 -0.00395446  0.00338215
 -0.0168265 -0.00395446   0.0829208  0.00762107
   0.295248  0.00338215  0.00762107    0.351485
IMAGINARY
          0 -0.00308642   0.0116977  -0.0170323
 0.00308642           0  -0.0118509  -0.0130275
 -0.0116977   0.0118509           0  0.00308642
  0.0170323   0.0130275 -0.00308642           0
Repeater1[0]<--->HoM1[0]
REAL
   0.451899  0.00181604   0.0109103    0.355112
 0.00181604   0.0556962 -0.00566281  -0.0176422
  0.0109103 -0.00566281   0.0734177  0.00246793
   0.355112  -0.0176422  0.00246793    0.418987
IMAGINARY
          0  0.00411531  -0.0209616  0.00240055
-0.00411531           0  0.00240055   0.0197509
  0.0209616 -0.00240055           0   0.0104125
-0.00240055  -0.0197509  -0.0104125           0
EndNode1[0]<--->Repeater1[0]
REAL
    0.516456     0.014685    0.0167687     0.294684
    0.014685    0.0974684   0.00139492 -0.000428791
   0.0167687   0.00139492    0.0987342 -0.000959533
    0.294684 -0.000428791 -0.000959533     0.287342
IMAGINARY
          0 -0.00506531  -0.0253199 -0.00232955
 0.00506531           0  0.00883997   0.0125683
  0.0253199 -0.00883997           0 -0.00634408
 0.00232955  -0.0125683  0.00634408           0
EndNode2[0]<--->HoM1[0]
REAL
   0.487738 0.000311799   0.0208076    0.352339
0.000311799   0.0762943  0.00351653  -0.0124421
  0.0208076  0.00351653   0.0613079   0.0157757
   0.352339  -0.0124421   0.0157757    0.374659
IMAGINARY
           0   -0.0161234   -0.0138637    0.0138337
   0.0161234            0 -0.000559327  -0.00038661
   0.0138637  0.000559327            0    0.0179821
  -0.0138337   0.00038661   -0.0179821            0
Repeater1[0]<--->EndNode1[0]
REAL
    0.516456    0.0167687     0.014685     0.294684
   0.0167687    0.0987342   0.00139492 -0.000959533
    0.014685   0.00139492    0.0974684 -0.000428791
    0.294684 -0.000959533 -0.000428791     0.287342
IMAGINARY
          0  -0.0253199 -0.00506531 -0.00232955
  0.0253199           0 -0.00883997 -0.00634408
 0.00506531  0.00883997           0   0.0125683
 0.00232955  0.00634408  -0.0125683           0
Repeater1[0]<--->HoM1[0]
REAL
   0.487738   0.0208076 0.000311799    0.352339
  0.0208076   0.0613079  0.00351653   0.0157757
0.000311799  0.00351653   0.0762943  -0.0124421
   0.352339   0.0157757  -0.0124421    0.374659
IMAGINARY
           0   -0.0138637   -0.0161234    0.0138337
   0.0138637            0  0.000559327    0.0179821
   0.0161234 -0.000559327            0  -0.00038661
  -0.0138337   -0.0179821   0.00038661            0
EndNode1[0]<--->Repeater1[0]
REAL
    0.476573    0.0188843  -0.00561924     0.289884
   0.0188843      0.08166    0.0035258 -8.41834e-05
 -0.00561924    0.0035258    0.0950469   0.00456305
    0.289884 -8.41834e-05   0.00456305      0.34672
IMAGINARY
           0    0.0181529 -0.000304514    0.0204463
  -0.0181529            0  -0.00373675   0.00352202
 0.000304514   0.00373675            0  -0.00335243
  -0.0204463  -0.00352202   0.00335243            0
EndNode2[0]<--->HoM1[0]
REAL
   0.471523  0.00925095   0.0130577    0.345683
 0.00925095   0.0807947   0.0129835    0.017609
  0.0130577   0.0129835   0.0649007 -0.00525095
   0.345683    0.017609 -0.00525095    0.382781
IMAGINARY
           0   0.00664677   -0.0258336    0.0108106
 -0.00664677            0 -0.000329674    0.0036536
   0.0258336  0.000329674            0  -0.00474563
  -0.0108106   -0.0036536   0.00474563            0
Repeater1[0]<--->EndNode1[0]
REAL
    0.476573  -0.00561924    0.0188843     0.289884
 -0.00561924    0.0950469    0.0035258   0.00456305
   0.0188843    0.0035258      0.08166 -8.41834e-05
    0.289884   0.00456305 -8.41834e-05      0.34672
IMAGINARY
           0 -0.000304514    0.0181529    0.0204463
 0.000304514            0   0.00373675  -0.00335243
  -0.0181529  -0.00373675            0   0.00352202
  -0.0204463   0.00335243  -0.00352202            0
Repeater1[0]<--->HoM1[0]
REAL
   0.471523   0.0130577  0.00925095    0.345683
  0.0130577   0.0649007   0.0129835 -0.00525095
 0.00925095   0.0129835   0.0807947    0.017609
   0.345683 -0.00525095    0.017609    0.382781
IMAGINARY
           0   -0.0258336   0.00664677    0.0108106
   0.0258336            0  0.000329674  -0.00474563
 -0.00664677 -0.000329674            0    0.0036536
  -0.0108106   0.00474563   -0.0036536            0
EndNode1[0]<--->Repeater1[0]
REAL
   0.482234   0.0183404   0.0107015    0.310969
  0.0183404    0.100254 -0.00499869 -0.00199501
  0.0107015 -0.00499869   0.0837563 0.000316342
   0.310969 -0.00199501 0.000316342    0.333756
IMAGINARY
           0   -0.0117227 -0.000399561    0.0136012
   0.0117227            0   -0.0045806  -0.00433657
 0.000399561    0.0045806            0   0.00292701
  -0.0136012   0.00433657  -0.00292701            0
EndNode2[0]<--->HoM1[0]
REAL
    0.48704  -0.0110332 -0.00945072     0.35318
 -0.0110332   0.0641201  0.00663288  -0.0205893
-0.00945072  0.00663288   0.0463847  0.00369004
    0.35318  -0.0205893  0.00369004    0.402456
IMAGINARY
          0  -0.0190809   0.0225696 -0.00641596
  0.0190809           0  -0.0194119  0.00428461
 -0.0225696   0.0194119           0  -0.0103309
 0.00641596 -0.00428461   0.0103309           0
Repeater1[0]<--->EndNode1[0]
REAL
   0.482234   0.0107015   0.0183404    0.310969
  0.0107015   0.0837563 -0.00499869 0.000316342
  0.0183404 -0.00499869    0.100254 -0.00199501
   0.310969 0.000316342 -0.00199501    0.333756
IMAGINARY
           0 -0.000399561   -0.0117227    0.0136012
 0.000399561            0    0.0045806   0.00292701
   0.0117227   -0.0045806            0  -0.00433657
  -0.0136012  -0.00292701   0.00433657            0
Repeater1[0]<--->HoM1[0]
REAL
    0.48704 -0.00945072  -0.0110332     0.35318
-0.00945072   0.0463847  0.00663288  0.00369004
 -0.0110332  0.00663288   0.0641201  -0.0205893
    0.35318  0.00369004  -0.0205893    0.402456
IMAGINARY
          0   0.0225696  -0.0190809 -0.00641596
 -0.0225696           0   0.0194119  -0.0103309
  0.0190809  -0.0194119           0  0.00428461
 0.00641596   0.0103309 -0.00428461           0
