EndNode1[0]<--->Repeater1[0]
REAL
   0.501931   0.0102102 -0.00517458   0.0317568
  0.0102102    0.337194  -0.0182432 -0.00705193
-0.00517458  -0.0182432    0.106821   0.0213213
  0.0317568 -0.00705193   0.0213213   0.0540541
IMAGINARY
          0  0.00577301  -0.0192341 -0.00124238
-0.00577301           0   0.0026236   0.0126552
  0.0192341  -0.0026236           0  -0.0176151
 0.00124238  -0.0126552   0.0176151           0
EndNode2[0]<--->BSA[0]
REAL
   0.495449 -0.00996981  -0.0156651   0.0674383
-0.00996981    0.113134   0.0151595   0.0188177
 -0.0156651   0.0151595    0.276983  0.00177309
  0.0674383   0.0188177  0.00177309    0.114434
IMAGINARY
           0  -0.00703201  0.000677448  0.000673915
  0.00703201            0  -0.00251893   -0.0046989
-0.000677448   0.00251893            0    0.0164154
-0.000673915    0.0046989   -0.0164154            0
Repeater1[0]<--->EndNode1[0]
REAL
   0.501931 -0.00517458   0.0102102   0.0317568
-0.00517458    0.106821  -0.0182432   0.0213213
  0.0102102  -0.0182432    0.337194 -0.00705193
  0.0317568   0.0213213 -0.00705193   0.0540541
IMAGINARY
          0  -0.0192341  0.00577301 -0.00124238
  0.0192341           0  -0.0026236  -0.0176151
-0.00577301   0.0026236           0   0.0126552
 0.00124238   0.0176151  -0.0126552           0
Repeater1[0]<--->BSA[0]
REAL
   0.495449  -0.0156651 -0.00996981   0.0674383
 -0.0156651    0.276983   0.0151595  0.00177309
-0.00996981   0.0151595    0.113134   0.0188177
  0.0674383  0.00177309   0.0188177    0.114434
IMAGINARY
           0  0.000677448  -0.00703201  0.000673915
-0.000677448            0   0.00251893    0.0164154
  0.00703201  -0.00251893            0   -0.0046989
-0.000673915   -0.0164154    0.0046989            0
