EndNode1[0]<--->Repeater1[0]
REAL
   0.484354 -0.00279813   0.0116657   0.0350153
-0.00279813    0.333333 -0.00998474  -0.0037292
  0.0116657 -0.00998474     0.12381  -0.0173484
  0.0350153  -0.0037292  -0.0173484   0.0585034
IMAGINARY
          0  0.00875084  -0.0105599  -0.0255971
-0.00875084           0  -0.0070786  0.00680986
  0.0105599   0.0070786           0   0.0174992
  0.0255971 -0.00680986  -0.0174992           0
EndNode2[0]<--->BSA[0]
REAL
     0.48294  0.000327415  -0.00253965    0.0653961
 0.000327415      0.12336  -0.00171391    0.0044312
 -0.00253965  -0.00171391     0.275591 -0.000957932
   0.0653961    0.0044312 -0.000957932      0.11811
IMAGINARY
          0   0.0159063  -0.0128385  0.00225013
 -0.0159063           0 -0.00853154 -0.00832235
  0.0128385  0.00853154           0 -0.00441895
-0.00225013  0.00832235  0.00441895           0
Repeater1[0]<--->EndNode1[0]
REAL
   0.484354   0.0116657 -0.00279813   0.0350153
  0.0116657     0.12381 -0.00998474  -0.0173484
-0.00279813 -0.00998474    0.333333  -0.0037292
  0.0350153  -0.0173484  -0.0037292   0.0585034
IMAGINARY
          0  -0.0105599  0.00875084  -0.0255971
  0.0105599           0   0.0070786   0.0174992
-0.00875084  -0.0070786           0  0.00680986
  0.0255971  -0.0174992 -0.00680986           0
Repeater1[0]<--->BSA[0]
REAL
     0.48294  -0.00253965  0.000327415    0.0653961
 -0.00253965     0.275591  -0.00171391 -0.000957932
 0.000327415  -0.00171391      0.12336    0.0044312
   0.0653961 -0.000957932    0.0044312      0.11811
IMAGINARY
          0  -0.0128385   0.0159063  0.00225013
  0.0128385           0  0.00853154 -0.00441895
 -0.0159063 -0.00853154           0 -0.00832235
-0.00225013  0.00441895  0.00832235           0
