EndNode1[0]<--->Repeater1[0]
REAL
  0.494924 -0.0148198 0.00793013   0.169138
-0.0148198   0.129442 -0.0113433 0.00918013
0.00793013 -0.0113433   0.148477 0.00911637
  0.169138 0.00918013 0.00911637   0.227157
IMAGINARY
           0   0.00195012  -0.00459602  -0.00308642
 -0.00195012            0   0.00308642  0.000585326
  0.00459602  -0.00308642            0  -0.00729772
  0.00308642 -0.000585326   0.00729772            0
EndNode2[0]<--->BSA[0]
REAL
    0.458333   0.00442651  -0.00561497     0.185768
  0.00442651     0.084596  -0.00486057 -0.000393039
 -0.00561497  -0.00486057     0.094697  -0.00642918
    0.185768 -0.000393039  -0.00642918     0.362374
IMAGINARY
           0   0.00220464   0.00863495  -0.00976679
 -0.00220464            0  0.000928402    0.0138298
 -0.00863495 -0.000928402            0    0.0125579
  0.00976679   -0.0138298   -0.0125579            0
Repeater1[0]<--->EndNode1[0]
REAL
  0.494924 0.00793013 -0.0148198   0.169138
0.00793013   0.148477 -0.0113433 0.00911637
-0.0148198 -0.0113433   0.129442 0.00918013
  0.169138 0.00911637 0.00918013   0.227157
IMAGINARY
           0  -0.00459602   0.00195012  -0.00308642
  0.00459602            0  -0.00308642  -0.00729772
 -0.00195012   0.00308642            0  0.000585326
  0.00308642   0.00729772 -0.000585326            0
Repeater1[0]<--->BSA[0]
REAL
    0.458333  -0.00561497   0.00442651     0.185768
 -0.00561497     0.094697  -0.00486057  -0.00642918
  0.00442651  -0.00486057     0.084596 -0.000393039
    0.185768  -0.00642918 -0.000393039     0.362374
IMAGINARY
           0   0.00863495   0.00220464  -0.00976679
 -0.00863495            0 -0.000928402    0.0125579
 -0.00220464  0.000928402            0    0.0138298
  0.00976679   -0.0125579   -0.0138298            0
EndNode1[0]<--->Repeater1[0]
REAL
   0.509702  -0.0141147 -0.00661775    0.149835
 -0.0141147    0.113842   0.0181241   -0.026974
-0.00661775   0.0181241    0.122898 -0.00784908
   0.149835   -0.026974 -0.00784908    0.253558
IMAGINARY
          0  0.00193009   -0.014733 -0.00568729
-0.00193009           0   -0.012354 -0.00336937
   0.014733    0.012354           0  0.00993009
 0.00568729  0.00336937 -0.00993009           0
EndNode2[0]<--->BSA[0]
REAL
   0.492228 -0.00994055  0.00239949    0.193775
-0.00994055    0.101036   0.0194131 -0.00560051
 0.00239949   0.0194131   0.0919689 -0.00606458
   0.193775 -0.00560051 -0.00606458    0.314767
IMAGINARY
          0  0.00266031  -0.0223968 -0.00859725
-0.00266031           0  0.00996711   0.0144989
  0.0223968 -0.00996711           0  0.00523763
 0.00859725  -0.0144989 -0.00523763           0
Repeater1[0]<--->EndNode1[0]
REAL
   0.509702 -0.00661775  -0.0141147    0.149835
-0.00661775    0.122898   0.0181241 -0.00784908
 -0.0141147   0.0181241    0.113842   -0.026974
   0.149835 -0.00784908   -0.026974    0.253558
IMAGINARY
          0   -0.014733  0.00193009 -0.00568729
   0.014733           0    0.012354  0.00993009
-0.00193009   -0.012354           0 -0.00336937
 0.00568729 -0.00993009  0.00336937           0
Repeater1[0]<--->BSA[0]
REAL
   0.492228  0.00239949 -0.00994055    0.193775
 0.00239949   0.0919689   0.0194131 -0.00606458
-0.00994055   0.0194131    0.101036 -0.00560051
   0.193775 -0.00606458 -0.00560051    0.314767
IMAGINARY
          0  -0.0223968  0.00266031 -0.00859725
  0.0223968           0 -0.00996711  0.00523763
-0.00266031  0.00996711           0   0.0144989
 0.00859725 -0.00523763  -0.0144989           0
EndNode1[0]<--->Repeater1[0]
REAL
  0.488498  -0.012991 -0.0113523   0.170011
 -0.012991   0.127199 0.00549446 -0.0126376
-0.0113523 0.00549446   0.129905  0.0104658
  0.170011 -0.0126376  0.0104658   0.254398
IMAGINARY
           0   0.00535212  -0.00837767   -0.0235718
 -0.00535212            0   0.00388673  -0.00904168
  0.00837767  -0.00388673            0 -0.000835995
   0.0235718   0.00904168  0.000835995            0
EndNode2[0]<--->BSA[0]
REAL
   0.498747   0.0238651    -0.02161    0.171874
  0.0238651   0.0902256  0.00195708 -0.00304235
   -0.02161  0.00195708    0.115288  -0.0384037
   0.171874 -0.00304235  -0.0384037    0.295739
IMAGINARY
          0 -0.00777031 -0.00548724  -0.0130295
 0.00777031           0   0.0256239 -0.00147655
 0.00548724  -0.0256239           0  0.00498479
  0.0130295  0.00147655 -0.00498479           0
Repeater1[0]<--->EndNode1[0]
REAL
  0.488498 -0.0113523  -0.012991   0.170011
-0.0113523   0.129905 0.00549446  0.0104658
 -0.012991 0.00549446   0.127199 -0.0126376
  0.170011  0.0104658 -0.0126376   0.254398
IMAGINARY
           0  -0.00837767   0.00535212   -0.0235718
  0.00837767            0  -0.00388673 -0.000835995
 -0.00535212   0.00388673            0  -0.00904168
   0.0235718  0.000835995   0.00904168            0
Repeater1[0]<--->BSA[0]
REAL
   0.498747    -0.02161   0.0238651    0.171874
   -0.02161    0.115288  0.00195708  -0.0384037
  0.0238651  0.00195708   0.0902256 -0.00304235
   0.171874  -0.0384037 -0.00304235    0.295739
IMAGINARY
          0 -0.00548724 -0.00777031  -0.0130295
 0.00548724           0  -0.0256239  0.00498479
 0.00777031   0.0256239           0 -0.00147655
  0.0130295 -0.00498479  0.00147655           0
EndNode1[0]<--->Repeater1[0]
REAL
   0.469657  0.00190854  -0.0176503    0.163477
 0.00190854    0.133245   0.0057842  0.00403166
 -0.0176503   0.0057842    0.133245 -0.00126003
   0.163477  0.00403166 -0.00126003    0.263852
IMAGINARY
          0  0.00702485 -0.00476643  0.00364654
-0.00702485           0   0.0150102  -0.0106182
 0.00476643  -0.0150102           0   0.0173341
-0.00364654   0.0106182  -0.0173341           0
EndNode2[0]<--->BSA[0]
REAL
   0.477387 -0.00221884  0.00213235    0.189753
-0.00221884    0.089196 -0.00729456   0.0151532
 0.00213235 -0.00729456   0.0954774  0.00157863
   0.189753   0.0151532  0.00157863     0.33794
IMAGINARY
          0  0.00470526 -0.00491139  0.00527562
-0.00470526           0 -0.00398363   0.0119717
 0.00491139  0.00398363           0  -0.0194678
-0.00527562  -0.0119717   0.0194678           0
Repeater1[0]<--->EndNode1[0]
REAL
   0.469657  -0.0176503  0.00190854    0.163477
 -0.0176503    0.133245   0.0057842 -0.00126003
 0.00190854   0.0057842    0.133245  0.00403166
   0.163477 -0.00126003  0.00403166    0.263852
IMAGINARY
          0 -0.00476643  0.00702485  0.00364654
 0.00476643           0  -0.0150102   0.0173341
-0.00702485   0.0150102           0  -0.0106182
-0.00364654  -0.0173341   0.0106182           0
Repeater1[0]<--->BSA[0]
REAL
   0.477387  0.00213235 -0.00221884    0.189753
 0.00213235   0.0954774 -0.00729456  0.00157863
-0.00221884 -0.00729456    0.089196   0.0151532
   0.189753  0.00157863   0.0151532     0.33794
IMAGINARY
          0 -0.00491139  0.00470526  0.00527562
 0.00491139           0  0.00398363  -0.0194678
-0.00470526 -0.00398363           0   0.0119717
-0.00527562   0.0194678  -0.0119717           0
EndNode1[0]<--->Repeater1[0]
REAL
    0.491905    0.0115877 -0.000433442     0.134899
   0.0115877     0.107098  -0.00943087   0.00979674
-0.000433442  -0.00943087     0.136986  -0.00222443
    0.134899   0.00979674  -0.00222443      0.26401
IMAGINARY
          0  0.00258403  -0.0175676 -0.00362344
-0.00258403           0  -0.0129817  0.00854702
  0.0175676   0.0129817           0  0.00128195
 0.00362344 -0.00854702 -0.00128195           0
EndNode2[0]<--->BSA[0]
REAL
   0.476478     0.01088  -0.0103283    0.205535
    0.01088   0.0747889   0.0147268 -0.00209001
 -0.0103283   0.0147268    0.112183  0.00545991
   0.205535 -0.00209001  0.00545991     0.33655
IMAGINARY
          0     0.01757 -0.00838133 -0.00777924
   -0.01757           0 -0.00586841  -0.0139028
 0.00838133  0.00586841           0   0.0102852
 0.00777924   0.0139028  -0.0102852           0
Repeater1[0]<--->EndNode1[0]
REAL
    0.491905 -0.000433442    0.0115877     0.134899
-0.000433442     0.136986  -0.00943087  -0.00222443
   0.0115877  -0.00943087     0.107098   0.00979674
    0.134899  -0.00222443   0.00979674      0.26401
IMAGINARY
          0  -0.0175676  0.00258403 -0.00362344
  0.0175676           0   0.0129817  0.00128195
-0.00258403  -0.0129817           0  0.00854702
 0.00362344 -0.00128195 -0.00854702           0
Repeater1[0]<--->BSA[0]
REAL
   0.476478  -0.0103283     0.01088    0.205535
 -0.0103283    0.112183   0.0147268  0.00545991
    0.01088   0.0147268   0.0747889 -0.00209001
   0.205535  0.00545991 -0.00209001     0.33655
IMAGINARY
          0 -0.00838133     0.01757 -0.00777924
 0.00838133           0  0.00586841   0.0102852
   -0.01757 -0.00586841           0  -0.0139028
 0.00777924  -0.0102852   0.0139028           0
EndNode1[0]<--->Repeater1[0]
REAL
   0.462392 -0.00384035   0.0144515    0.165152
-0.00384035    0.149199  -0.0113558 0.000348975
  0.0144515  -0.0113558    0.124538   0.0122059
   0.165152 0.000348975   0.0122059    0.263872
IMAGINARY
          0  -0.0215339 -0.00709147   0.0108873
  0.0215339           0   0.0121694  0.00773332
 0.00709147  -0.0121694           0   0.0106225
 -0.0108873 -0.00773332  -0.0106225           0
EndNode2[0]<--->BSA[0]
REAL
  0.460823  0.0174078 -0.0125034   0.191488
 0.0174078   0.106242 0.00439528 0.00918335
-0.0125034 0.00439528   0.103586  0.0230968
  0.191488 0.00918335  0.0230968   0.329349
IMAGINARY
          0  -0.0038059 -0.00713225   0.0135231
  0.0038059           0   0.0309795  -0.0169877
 0.00713225  -0.0309795           0  0.00967292
 -0.0135231   0.0169877 -0.00967292           0
Repeater1[0]<--->EndNode1[0]
REAL
   0.462392   0.0144515 -0.00384035    0.165152
  0.0144515    0.124538  -0.0113558   0.0122059
-0.00384035  -0.0113558    0.149199 0.000348975
   0.165152   0.0122059 0.000348975    0.263872
IMAGINARY
          0 -0.00709147  -0.0215339   0.0108873
 0.00709147           0  -0.0121694   0.0106225
  0.0215339   0.0121694           0  0.00773332
 -0.0108873  -0.0106225 -0.00773332           0
Repeater1[0]<--->BSA[0]
REAL
  0.460823 -0.0125034  0.0174078   0.191488
-0.0125034   0.103586 0.00439528  0.0230968
 0.0174078 0.00439528   0.106242 0.00918335
  0.191488  0.0230968 0.00918335   0.329349
IMAGINARY
          0 -0.00713225  -0.0038059   0.0135231
 0.00713225           0  -0.0309795  0.00967292
  0.0038059   0.0309795           0  -0.0169877
 -0.0135231 -0.00967292   0.0169877           0
EndNode1[0]<--->Repeater1[0]
REAL
   0.475703 -0.00469059   0.0132836     0.15647
-0.00469059     0.12532  0.00977057  0.00206166
  0.0132836  0.00977057     0.12532   0.0110844
    0.15647  0.00206166   0.0110844    0.273657
IMAGINARY
          0 -0.00621971   0.0024969   0.0207006
 0.00621971           0   0.0102967 -0.00983187
 -0.0024969  -0.0102967           0  0.00255222
 -0.0207006  0.00983187 -0.00255222           0
EndNode2[0]<--->BSA[0]
REAL
      0.47 -0.0232825  -0.002705   0.172262
-0.0232825      0.105 -0.0328323 -0.0122107
 -0.002705 -0.0328323    0.08625  0.0213369
  0.172262 -0.0122107  0.0213369    0.33875
IMAGINARY
          0 -0.00552906   0.0129377   0.0172248
 0.00552906           0  0.00282692 -0.00221383
 -0.0129377 -0.00282692           0  -0.0159187
 -0.0172248  0.00221383   0.0159187           0
Repeater1[0]<--->EndNode1[0]
REAL
   0.475703   0.0132836 -0.00469059     0.15647
  0.0132836     0.12532  0.00977057   0.0110844
-0.00469059  0.00977057     0.12532  0.00206166
    0.15647   0.0110844  0.00206166    0.273657
IMAGINARY
          0   0.0024969 -0.00621971   0.0207006
 -0.0024969           0  -0.0102967  0.00255222
 0.00621971   0.0102967           0 -0.00983187
 -0.0207006 -0.00255222  0.00983187           0
Repeater1[0]<--->BSA[0]
REAL
      0.47  -0.002705 -0.0232825   0.172262
 -0.002705    0.08625 -0.0328323  0.0213369
-0.0232825 -0.0328323      0.105 -0.0122107
  0.172262  0.0213369 -0.0122107    0.33875
IMAGINARY
          0   0.0129377 -0.00552906   0.0172248
 -0.0129377           0 -0.00282692  -0.0159187
 0.00552906  0.00282692           0 -0.00221383
 -0.0172248   0.0159187  0.00221383           0
EndNode1[0]<--->Repeater1[0]
REAL
   0.481771  0.00631762 -0.00245208     0.15144
 0.00631762    0.148438   0.0143429   0.0051046
-0.00245208   0.0143429    0.115885  0.00694498
    0.15144   0.0051046  0.00694498    0.253906
IMAGINARY
          0  0.00158679   0.0138678 -0.00491935
-0.00158679           0  0.00991935  -0.0273087
 -0.0138678 -0.00991935           0  -0.0177158
 0.00491935   0.0273087   0.0177158           0
EndNode2[0]<--->BSA[0]
REAL
   0.462141 -0.00307863    0.011336    0.190383
-0.00307863     0.10705  0.00677417  -0.0206067
   0.011336  0.00677417    0.108355 -0.00495598
   0.190383  -0.0206067 -0.00495598    0.322454
IMAGINARY
           0    -0.014731 -0.000729383   0.00632525
    0.014731            0  -0.00763415   0.00263535
 0.000729383   0.00763415            0   0.00393051
 -0.00632525  -0.00263535  -0.00393051            0
Repeater1[0]<--->EndNode1[0]
REAL
   0.481771 -0.00245208  0.00631762     0.15144
-0.00245208    0.115885   0.0143429  0.00694498
 0.00631762   0.0143429    0.148438   0.0051046
    0.15144  0.00694498   0.0051046    0.253906
IMAGINARY
          0   0.0138678  0.00158679 -0.00491935
 -0.0138678           0 -0.00991935  -0.0177158
-0.00158679  0.00991935           0  -0.0273087
 0.00491935   0.0177158   0.0273087           0
Repeater1[0]<--->BSA[0]
REAL
   0.462141    0.011336 -0.00307863    0.190383
   0.011336    0.108355  0.00677417 -0.00495598
-0.00307863  0.00677417     0.10705  -0.0206067
   0.190383 -0.00495598  -0.0206067    0.322454
IMAGINARY
           0 -0.000729383    -0.014731   0.00632525
 0.000729383            0   0.00763415   0.00393051
    0.014731  -0.00763415            0   0.00263535
 -0.00632525  -0.00393051  -0.00263535            0
EndNode1[0]<--->Repeater1[0]
REAL
   0.469471   0.0191349  0.00388221    0.145638
  0.0191349    0.119403 -0.00810559  0.00897126
 0.00388221 -0.00810559    0.150611  0.00657206
   0.145638  0.00897126  0.00657206    0.260516
IMAGINARY
          0   0.0172241  -0.0121589   0.0264375
 -0.0172241           0 -0.00172269   0.0068113
  0.0121589  0.00172269           0  0.00817701
 -0.0264375  -0.0068113 -0.00817701           0
EndNode2[0]<--->BSA[0]
REAL
    0.45906   0.0149365 -0.00424846    0.189435
  0.0149365   0.0939597  0.00490428 -0.00895909
-0.00424846  0.00490428    0.118121  -0.0218548
   0.189435 -0.00895909  -0.0218548    0.328859
IMAGINARY
          0 -0.00164172  0.00303341 -0.00679621
 0.00164172           0  0.00417154    0.017064
-0.00303341 -0.00417154           0  -0.0123656
 0.00679621   -0.017064   0.0123656           0
Repeater1[0]<--->EndNode1[0]
REAL
   0.469471  0.00388221   0.0191349    0.145638
 0.00388221    0.150611 -0.00810559  0.00657206
  0.0191349 -0.00810559    0.119403  0.00897126
   0.145638  0.00657206  0.00897126    0.260516
IMAGINARY
          0  -0.0121589   0.0172241   0.0264375
  0.0121589           0  0.00172269  0.00817701
 -0.0172241 -0.00172269           0   0.0068113
 -0.0264375 -0.00817701  -0.0068113           0
Repeater1[0]<--->BSA[0]
REAL
    0.45906 -0.00424846   0.0149365    0.189435
-0.00424846    0.118121  0.00490428  -0.0218548
  0.0149365  0.00490428   0.0939597 -0.00895909
   0.189435  -0.0218548 -0.00895909    0.328859
IMAGINARY
          0  0.00303341 -0.00164172 -0.00679621
-0.00303341           0 -0.00417154  -0.0123656
 0.00164172  0.00417154           0    0.017064
 0.00679621   0.0123656   -0.017064           0
