EndNode1[0]<--->Repeater1[0]
REAL
   0.455569   0.0162289  0.00883294   0.0939012
  0.0162289    0.155194   0.0270138 -0.00556497
 0.00883294   0.0270138    0.232791   0.0105685
  0.0939012 -0.00556497   0.0105685    0.156446
IMAGINARY
           0 -0.000617041  -0.00554112   -0.0232553
 0.000617041            0   -0.0179361  -0.00174365
  0.00554112    0.0179361            0   0.00127929
   0.0232553   0.00174365  -0.00127929            0
EndNode2[0]<--->BSA[0]
REAL
   0.40708  0.0056644  0.0075367   0.142712
 0.0056644   0.213654  0.0198035  0.0167472
 0.0075367  0.0198035    0.14665 0.00243025
  0.142712  0.0167472 0.00243025   0.232617
IMAGINARY
           0   0.00711421   0.00642757    0.0200979
 -0.00711421            0  -0.00451349  0.000650935
 -0.00642757   0.00451349            0   -0.0206277
  -0.0200979 -0.000650935    0.0206277            0
Repeater1[0]<--->EndNode1[0]
REAL
   0.455569  0.00883294   0.0162289   0.0939012
 0.00883294    0.232791   0.0270138   0.0105685
  0.0162289   0.0270138    0.155194 -0.00556497
  0.0939012   0.0105685 -0.00556497    0.156446
IMAGINARY
           0  -0.00554112 -0.000617041   -0.0232553
  0.00554112            0    0.0179361   0.00127929
 0.000617041   -0.0179361            0  -0.00174365
   0.0232553  -0.00127929   0.00174365            0
Repeater1[0]<--->BSA[0]
REAL
   0.40708  0.0075367  0.0056644   0.142712
 0.0075367    0.14665  0.0198035 0.00243025
 0.0056644  0.0198035   0.213654  0.0167472
  0.142712 0.00243025  0.0167472   0.232617
IMAGINARY
           0   0.00642757   0.00711421    0.0200979
 -0.00642757            0   0.00451349   -0.0206277
 -0.00711421  -0.00451349            0  0.000650935
  -0.0200979    0.0206277 -0.000650935            0
