EndNode1[0]<--->Repeater1[0]
REAL
   0.403794  0.00159215 -0.00186808    0.289391
 0.00159215    0.101626 -0.00695345  0.00252339
-0.00186808 -0.00695345    0.117886  0.00954809
   0.289391  0.00252339  0.00954809    0.376694
IMAGINARY
           0    0.0192139   -0.0125263   0.00479447
  -0.0192139            0    0.0131816  -0.00313953
   0.0125263   -0.0131816            0 -0.000937186
 -0.00479447   0.00313953  0.000937186            0
EndNode2[0]<--->HoM1[0]
REAL
   0.401342 0.000982293  0.00276844     0.27188
0.000982293    0.104698 -0.00845247  -0.0155562
 0.00276844 -0.00845247   0.0939597   0.0130842
    0.27188  -0.0155562   0.0130842         0.4
IMAGINARY
          0  -0.0119658  -0.0103057  -0.0188186
  0.0119658           0  -0.0142553   0.0109443
  0.0103057   0.0142553           0  0.00111014
  0.0188186  -0.0109443 -0.00111014           0
Repeater1[0]<--->EndNode1[0]
REAL
   0.403794 -0.00186808  0.00159215    0.289391
-0.00186808    0.117886 -0.00695345  0.00954809
 0.00159215 -0.00695345    0.101626  0.00252339
   0.289391  0.00954809  0.00252339    0.376694
IMAGINARY
           0   -0.0125263    0.0192139   0.00479447
   0.0125263            0   -0.0131816 -0.000937186
  -0.0192139    0.0131816            0  -0.00313953
 -0.00479447  0.000937186   0.00313953            0
Repeater1[0]<--->HoM1[0]
REAL
   0.401342  0.00276844 0.000982293     0.27188
 0.00276844   0.0939597 -0.00845247   0.0130842
0.000982293 -0.00845247    0.104698  -0.0155562
    0.27188   0.0130842  -0.0155562         0.4
IMAGINARY
          0  -0.0103057  -0.0119658  -0.0188186
  0.0103057           0   0.0142553  0.00111014
  0.0119658  -0.0142553           0   0.0109443
  0.0188186 -0.00111014  -0.0109443           0
EndNode1[0]<--->Repeater1[0]
REAL
   0.384509 -0.00829887 -0.00832329    0.272554
-0.00829887    0.106501 -0.00648678   0.0057526
-0.00832329 -0.00648678    0.120332   0.0134403
   0.272554   0.0057526   0.0134403    0.388658
IMAGINARY
           0  0.000867751  -0.00920105   0.00384531
-0.000867751            0   0.00834981   -0.0198394
  0.00920105  -0.00834981            0   0.00923326
 -0.00384531    0.0198394  -0.00923326            0
EndNode2[0]<--->HoM1[0]
REAL
    0.39314   0.0108472  0.00121031    0.262709
  0.0108472    0.116095 0.000976031   0.0181488
 0.00121031 0.000976031   0.0936675  -0.0141849
   0.262709   0.0181488  -0.0141849    0.397098
IMAGINARY
          0    0.018398   0.0103881  -0.0244202
  -0.018398           0    0.003641 -0.00617631
 -0.0103881   -0.003641           0  -0.0129828
  0.0244202  0.00617631   0.0129828           0
Repeater1[0]<--->EndNode1[0]
REAL
   0.384509 -0.00832329 -0.00829887    0.272554
-0.00832329    0.120332 -0.00648678   0.0134403
-0.00829887 -0.00648678    0.106501   0.0057526
   0.272554   0.0134403   0.0057526    0.388658
IMAGINARY
           0  -0.00920105  0.000867751   0.00384531
  0.00920105            0  -0.00834981   0.00923326
-0.000867751   0.00834981            0   -0.0198394
 -0.00384531  -0.00923326    0.0198394            0
Repeater1[0]<--->HoM1[0]
REAL
    0.39314  0.00121031   0.0108472    0.262709
 0.00121031   0.0936675 0.000976031  -0.0141849
  0.0108472 0.000976031    0.116095   0.0181488
   0.262709  -0.0141849   0.0181488    0.397098
IMAGINARY
          0   0.0103881    0.018398  -0.0244202
 -0.0103881           0   -0.003641  -0.0129828
  -0.018398    0.003641           0 -0.00617631
  0.0244202   0.0129828  0.00617631           0
EndNode1[0]<--->Repeater1[0]
REAL
   0.407979 -0.00159397  0.00965744    0.278306
-0.00159397    0.109395 -0.00435929  -0.0179588
 0.00965744 -0.00435929    0.104247 -0.00543029
   0.278306  -0.0179588 -0.00543029    0.378378
IMAGINARY
           0    0.0152448    0.0263047  0.000232934
  -0.0152448            0  -0.00665067   -0.0153086
  -0.0263047   0.00665067            0   0.00998162
-0.000232934    0.0153086  -0.00998162            0
EndNode2[0]<--->HoM1[0]
REAL
    0.413965 -0.000524219    0.0124716     0.284082
-0.000524219     0.124688   0.00418354   0.00921211
   0.0124716   0.00418354    0.0885287   -0.0109554
    0.284082   0.00921211   -0.0109554     0.372818
IMAGINARY
          0   0.0126889 -0.00490585 -0.00739906
 -0.0126889           0   0.0232915  -0.0129059
 0.00490585  -0.0232915           0  0.00385053
 0.00739906   0.0129059 -0.00385053           0
Repeater1[0]<--->EndNode1[0]
REAL
   0.407979  0.00965744 -0.00159397    0.278306
 0.00965744    0.104247 -0.00435929 -0.00543029
-0.00159397 -0.00435929    0.109395  -0.0179588
   0.278306 -0.00543029  -0.0179588    0.378378
IMAGINARY
           0    0.0263047    0.0152448  0.000232934
  -0.0263047            0   0.00665067   0.00998162
  -0.0152448  -0.00665067            0   -0.0153086
-0.000232934  -0.00998162    0.0153086            0
Repeater1[0]<--->HoM1[0]
REAL
    0.413965    0.0124716 -0.000524219     0.284082
   0.0124716    0.0885287   0.00418354   -0.0109554
-0.000524219   0.00418354     0.124688   0.00921211
    0.284082   -0.0109554   0.00921211     0.372818
IMAGINARY
          0 -0.00490585   0.0126889 -0.00739906
 0.00490585           0  -0.0232915  0.00385053
 -0.0126889   0.0232915           0  -0.0129059
 0.00739906 -0.00385053   0.0129059           0
EndNode1[0]<--->Repeater1[0]
REAL
   0.378729  0.00479854 -0.00760159    0.291397
 0.00479854    0.114137 -0.00316126  -0.0152742
-0.00760159 -0.00316126     0.12192 -0.00153057
   0.291397  -0.0152742 -0.00153057    0.385214
IMAGINARY
           0   0.00344326   0.00560373  -0.00516233
 -0.00344326            0  7.32718e-05   -0.0117262
 -0.00560373 -7.32718e-05            0   0.00948191
  0.00516233    0.0117262  -0.00948191            0
EndNode2[0]<--->HoM1[0]
REAL
   0.362319  -0.0049789  -0.0177095    0.291461
 -0.0049789    0.100132  -0.0194203 -0.00747937
 -0.0177095  -0.0194203    0.119895   -0.008875
   0.291461 -0.00747937   -0.008875    0.417655
IMAGINARY
           0     0.026718  -0.00976841  0.000391793
   -0.026718            0  -0.00717354  -0.00188962
  0.00976841   0.00717354            0   0.00566539
-0.000391793   0.00188962  -0.00566539            0
Repeater1[0]<--->EndNode1[0]
REAL
   0.378729 -0.00760159  0.00479854    0.291397
-0.00760159     0.12192 -0.00316126 -0.00153057
 0.00479854 -0.00316126    0.114137  -0.0152742
   0.291397 -0.00153057  -0.0152742    0.385214
IMAGINARY
           0   0.00560373   0.00344326  -0.00516233
 -0.00560373            0 -7.32718e-05   0.00948191
 -0.00344326  7.32718e-05            0   -0.0117262
  0.00516233  -0.00948191    0.0117262            0
Repeater1[0]<--->HoM1[0]
REAL
   0.362319  -0.0177095  -0.0049789    0.291461
 -0.0177095    0.119895  -0.0194203   -0.008875
 -0.0049789  -0.0194203    0.100132 -0.00747937
   0.291461   -0.008875 -0.00747937    0.417655
IMAGINARY
           0  -0.00976841     0.026718  0.000391793
  0.00976841            0   0.00717354   0.00566539
   -0.026718  -0.00717354            0  -0.00188962
-0.000391793  -0.00566539   0.00188962            0
EndNode1[0]<--->Repeater1[0]
REAL
   0.431159 -0.00726066   -0.019124    0.285706
-0.00726066   0.0845411   0.0155603 -0.00112915
  -0.019124   0.0155603    0.111111   0.0034632
   0.285706 -0.00112915   0.0034632    0.373188
IMAGINARY
          0  -0.0123524 -0.00457564  0.00184766
  0.0123524           0  -0.0236425  -0.0106159
 0.00457564   0.0236425           0   0.0116919
-0.00184766   0.0106159  -0.0116919           0
EndNode2[0]<--->HoM1[0]
REAL
   0.415465  0.00945498  0.00326371    0.292428
 0.00945498    0.102228 -0.00938554 -0.00326371
 0.00326371 -0.00938554     0.10616  0.00550761
   0.292428 -0.00326371  0.00550761    0.376147
IMAGINARY
           0   0.00228393  0.000298107  0.000193392
 -0.00228393            0  -0.00817212  -0.00159344
-0.000298107   0.00817212            0   0.00289742
-0.000193392   0.00159344  -0.00289742            0
Repeater1[0]<--->EndNode1[0]
REAL
   0.431159   -0.019124 -0.00726066    0.285706
  -0.019124    0.111111   0.0155603   0.0034632
-0.00726066   0.0155603   0.0845411 -0.00112915
   0.285706   0.0034632 -0.00112915    0.373188
IMAGINARY
          0 -0.00457564  -0.0123524  0.00184766
 0.00457564           0   0.0236425   0.0116919
  0.0123524  -0.0236425           0  -0.0106159
-0.00184766  -0.0116919   0.0106159           0
Repeater1[0]<--->HoM1[0]
REAL
   0.415465  0.00326371  0.00945498    0.292428
 0.00326371     0.10616 -0.00938554  0.00550761
 0.00945498 -0.00938554    0.102228 -0.00326371
   0.292428  0.00550761 -0.00326371    0.376147
IMAGINARY
           0  0.000298107   0.00228393  0.000193392
-0.000298107            0   0.00817212   0.00289742
 -0.00228393  -0.00817212            0  -0.00159344
-0.000193392  -0.00289742   0.00159344            0
EndNode1[0]<--->Repeater1[0]
REAL
    0.377632   0.00128088   0.00498744     0.266207
  0.00128088     0.102632  -0.00866897   -0.0100126
  0.00498744  -0.00866897     0.103947 -2.46008e-05
    0.266207   -0.0100126 -2.46008e-05     0.415789
IMAGINARY
          0 -0.00248756  -0.0153574 -0.00913237
 0.00248756           0  0.00362273  0.00043205
  0.0153574 -0.00362273           0 -0.00124378
 0.00913237 -0.00043205  0.00124378           0
EndNode2[0]<--->HoM1[0]
REAL
   0.39196  -0.019757 -0.0167673   0.282169
 -0.019757   0.121859 0.00250767 0.00685977
-0.0167673 0.00250767  0.0954774 -0.0046816
  0.282169 0.00685977 -0.0046816   0.390704
IMAGINARY
          0   0.0063553  0.00260163  0.00432531
 -0.0063553           0   0.0068442 -0.00194974
-0.00260163  -0.0068442           0  -0.0187412
-0.00432531  0.00194974   0.0187412           0
Repeater1[0]<--->EndNode1[0]
REAL
    0.377632   0.00498744   0.00128088     0.266207
  0.00498744     0.103947  -0.00866897 -2.46008e-05
  0.00128088  -0.00866897     0.102632   -0.0100126
    0.266207 -2.46008e-05   -0.0100126     0.415789
IMAGINARY
          0  -0.0153574 -0.00248756 -0.00913237
  0.0153574           0 -0.00362273 -0.00124378
 0.00248756  0.00362273           0  0.00043205
 0.00913237  0.00124378 -0.00043205           0
Repeater1[0]<--->HoM1[0]
REAL
   0.39196 -0.0167673  -0.019757   0.282169
-0.0167673  0.0954774 0.00250767 -0.0046816
 -0.019757 0.00250767   0.121859 0.00685977
  0.282169 -0.0046816 0.00685977   0.390704
IMAGINARY
          0  0.00260163   0.0063553  0.00432531
-0.00260163           0  -0.0068442  -0.0187412
 -0.0063553   0.0068442           0 -0.00194974
-0.00432531   0.0187412  0.00194974           0
EndNode1[0]<--->Repeater1[0]
REAL
    0.352075    -0.011514 -4.50515e-05     0.277223
   -0.011514     0.137885   -0.0076967    0.0147698
-4.50515e-05   -0.0076967     0.124498  -0.00961281
    0.277223    0.0147698  -0.00961281     0.385542
IMAGINARY
           0 -0.000118452  -0.00339926   -0.0182537
 0.000118452            0   0.00179803  -0.00339926
  0.00339926  -0.00179803            0   0.00444478
   0.0182537   0.00339926  -0.00444478            0
EndNode2[0]<--->HoM1[0]
REAL
   0.378935 -0.00317569 -0.00397481    0.273904
-0.00317569     0.11138  0.00288186  -0.0138823
-0.00397481  0.00288186    0.106538  -0.0083039
   0.273904  -0.0138823  -0.0083039    0.403148
IMAGINARY
          0   0.0123166  0.00528864 -0.00994343
 -0.0123166           0   0.0080326 -0.00205449
-0.00528864  -0.0080326           0   0.0142034
 0.00994343  0.00205449  -0.0142034           0
Repeater1[0]<--->EndNode1[0]
REAL
    0.352075 -4.50515e-05    -0.011514     0.277223
-4.50515e-05     0.124498   -0.0076967  -0.00961281
   -0.011514   -0.0076967     0.137885    0.0147698
    0.277223  -0.00961281    0.0147698     0.385542
IMAGINARY
           0  -0.00339926 -0.000118452   -0.0182537
  0.00339926            0  -0.00179803   0.00444478
 0.000118452   0.00179803            0  -0.00339926
   0.0182537  -0.00444478   0.00339926            0
Repeater1[0]<--->HoM1[0]
REAL
   0.378935 -0.00397481 -0.00317569    0.273904
-0.00397481    0.106538  0.00288186  -0.0083039
-0.00317569  0.00288186     0.11138  -0.0138823
   0.273904  -0.0083039  -0.0138823    0.403148
IMAGINARY
          0  0.00528864   0.0123166 -0.00994343
-0.00528864           0  -0.0080326   0.0142034
 -0.0123166   0.0080326           0 -0.00205449
 0.00994343  -0.0142034  0.00205449           0
EndNode1[0]<--->Repeater1[0]
REAL
   0.387483  -0.0137317   0.0100323    0.262525
 -0.0137317    0.105193  -0.0106169 -0.00239868
  0.0100323  -0.0106169    0.130493   0.0150039
   0.262525 -0.00239868   0.0150039    0.376831
IMAGINARY
          0 -0.00820863  0.00766213   0.0148485
 0.00820863           0   0.0148485   0.0138503
-0.00766213  -0.0148485           0  -0.0106962
 -0.0148485  -0.0138503   0.0106962           0
EndNode2[0]<--->HoM1[0]
REAL
   0.379845  -0.0013672 0.000695587    0.287703
 -0.0013672    0.148579 -0.00672674   0.0111943
0.000695587 -0.00672674    0.107235  0.00950237
   0.287703   0.0111943  0.00950237    0.364341
IMAGINARY
          0  -0.0125431   0.0168887  -0.0104099
  0.0125431           0   0.0211337  0.00831025
 -0.0168887  -0.0211337           0 -0.00867709
  0.0104099 -0.00831025  0.00867709           0
Repeater1[0]<--->EndNode1[0]
REAL
   0.387483   0.0100323  -0.0137317    0.262525
  0.0100323    0.130493  -0.0106169   0.0150039
 -0.0137317  -0.0106169    0.105193 -0.00239868
   0.262525   0.0150039 -0.00239868    0.376831
IMAGINARY
          0  0.00766213 -0.00820863   0.0148485
-0.00766213           0  -0.0148485  -0.0106962
 0.00820863   0.0148485           0   0.0138503
 -0.0148485   0.0106962  -0.0138503           0
Repeater1[0]<--->HoM1[0]
REAL
   0.379845 0.000695587  -0.0013672    0.287703
0.000695587    0.107235 -0.00672674  0.00950237
 -0.0013672 -0.00672674    0.148579   0.0111943
   0.287703  0.00950237   0.0111943    0.364341
IMAGINARY
          0   0.0168887  -0.0125431  -0.0104099
 -0.0168887           0  -0.0211337 -0.00867709
  0.0125431   0.0211337           0  0.00831025
  0.0104099  0.00867709 -0.00831025           0
EndNode1[0]<--->Repeater1[0]
REAL
   0.383825 -0.00647737   0.0129412    0.295648
-0.00647737    0.101412    0.024004   0.0169095
  0.0129412    0.024004    0.101412   0.0350843
   0.295648   0.0169095   0.0350843     0.41335
IMAGINARY
          0 -0.00508116  0.00546349  -0.0140818
 0.00508116           0  0.00719477  -0.0236567
-0.00546349 -0.00719477           0   0.0031991
  0.0140818   0.0236567  -0.0031991           0
EndNode2[0]<--->HoM1[0]
REAL
   0.423969 -0.00201044  0.00253064    0.289271
-0.00201044    0.115979 -0.00270934 -0.00187188
 0.00253064 -0.00270934   0.0798969   0.0263846
   0.289271 -0.00187188   0.0263846    0.380155
IMAGINARY
          0  0.00683988 -0.00200634  0.00357101
-0.00683988           0   0.0042212 -0.00927186
 0.00200634  -0.0042212           0  0.00945085
-0.00357101  0.00927186 -0.00945085           0
Repeater1[0]<--->EndNode1[0]
REAL
   0.383825   0.0129412 -0.00647737    0.295648
  0.0129412    0.101412    0.024004   0.0350843
-0.00647737    0.024004    0.101412   0.0169095
   0.295648   0.0350843   0.0169095     0.41335
IMAGINARY
          0  0.00546349 -0.00508116  -0.0140818
-0.00546349           0 -0.00719477   0.0031991
 0.00508116  0.00719477           0  -0.0236567
  0.0140818  -0.0031991   0.0236567           0
Repeater1[0]<--->HoM1[0]
REAL
   0.423969  0.00253064 -0.00201044    0.289271
 0.00253064   0.0798969 -0.00270934   0.0263846
-0.00201044 -0.00270934    0.115979 -0.00187188
   0.289271   0.0263846 -0.00187188    0.380155
IMAGINARY
          0 -0.00200634  0.00683988  0.00357101
 0.00200634           0  -0.0042212  0.00945085
-0.00683988   0.0042212           0 -0.00927186
-0.00357101 -0.00945085  0.00927186           0
EndNode1[0]<--->Repeater1[0]
REAL
   0.403871   0.0163295 -0.00405746     0.29186
  0.0163295   0.0993548 -0.00314633   0.0145561
-0.00405746 -0.00314633    0.110968   0.0138542
    0.29186   0.0145561   0.0138542    0.385806
IMAGINARY
          0 -0.00607296  -0.0110106   0.0194542
 0.00607296           0  0.00480454  0.00903952
  0.0110106 -0.00480454           0   0.0027878
 -0.0194542 -0.00903952  -0.0027878           0
EndNode2[0]<--->HoM1[0]
REAL
    0.384319   0.00195653    -0.019618     0.283637
  0.00195653     0.102828    0.0147925   -0.0314291
   -0.019618    0.0147925     0.104113 -0.000647633
    0.283637   -0.0314291 -0.000647633      0.40874
IMAGINARY
          0   0.0134936   -0.013322   0.0034678
 -0.0134936           0 -0.00797231  0.00201545
   0.013322  0.00797231           0 -0.00469963
 -0.0034678 -0.00201545  0.00469963           0
Repeater1[0]<--->EndNode1[0]
REAL
   0.403871 -0.00405746   0.0163295     0.29186
-0.00405746    0.110968 -0.00314633   0.0138542
  0.0163295 -0.00314633   0.0993548   0.0145561
    0.29186   0.0138542   0.0145561    0.385806
IMAGINARY
          0  -0.0110106 -0.00607296   0.0194542
  0.0110106           0 -0.00480454   0.0027878
 0.00607296  0.00480454           0  0.00903952
 -0.0194542  -0.0027878 -0.00903952           0
Repeater1[0]<--->HoM1[0]
REAL
    0.384319    -0.019618   0.00195653     0.283637
   -0.019618     0.104113    0.0147925 -0.000647633
  0.00195653    0.0147925     0.102828   -0.0314291
    0.283637 -0.000647633   -0.0314291      0.40874
IMAGINARY
          0   -0.013322   0.0134936   0.0034678
   0.013322           0  0.00797231 -0.00469963
 -0.0134936 -0.00797231           0  0.00201545
 -0.0034678  0.00469963 -0.00201545           0
EndNode1[0]<--->Repeater1[0]
REAL
   0.395473 -0.00679153  0.00541095    0.296394
-0.00679153     0.10253  0.00310508  -0.0354861
 0.00541095  0.00310508    0.109188  -0.0182711
   0.296394  -0.0354861  -0.0182711     0.39281
IMAGINARY
          0  0.00927526    0.013154 -0.00264583
-0.00927526           0   0.0102408   0.0183896
  -0.013154  -0.0102408           0   0.0128724
 0.00264583  -0.0183896  -0.0128724           0
EndNode2[0]<--->HoM1[0]
REAL
   0.367454 -0.00737772   0.0115732    0.300967
-0.00737772     0.12336 -0.00760013  -0.0192263
  0.0115732 -0.00760013    0.103675 -0.00282636
   0.300967  -0.0192263 -0.00282636    0.405512
IMAGINARY
          0  -0.0044268   0.0117135   0.0272525
  0.0044268           0    0.042515   0.0117135
 -0.0117135   -0.042515           0 -0.00695205
 -0.0272525  -0.0117135  0.00695205           0
Repeater1[0]<--->EndNode1[0]
REAL
   0.395473  0.00541095 -0.00679153    0.296394
 0.00541095    0.109188  0.00310508  -0.0182711
-0.00679153  0.00310508     0.10253  -0.0354861
   0.296394  -0.0182711  -0.0354861     0.39281
IMAGINARY
          0    0.013154  0.00927526 -0.00264583
  -0.013154           0  -0.0102408   0.0128724
-0.00927526   0.0102408           0   0.0183896
 0.00264583  -0.0128724  -0.0183896           0
Repeater1[0]<--->HoM1[0]
REAL
   0.367454   0.0115732 -0.00737772    0.300967
  0.0115732    0.103675 -0.00760013 -0.00282636
-0.00737772 -0.00760013     0.12336  -0.0192263
   0.300967 -0.00282636  -0.0192263    0.405512
IMAGINARY
          0   0.0117135  -0.0044268   0.0272525
 -0.0117135           0   -0.042515 -0.00695205
  0.0044268    0.042515           0   0.0117135
 -0.0272525  0.00695205  -0.0117135           0
EndNode1[0]<--->Repeater1[0]
REAL
   0.40625  0.0206572 -0.0049218   0.305276
 0.0206572    0.08875 0.00659224  0.0124976
-0.0049218 0.00659224    0.10375 -0.0193945
  0.305276  0.0124976 -0.0193945    0.40125
IMAGINARY
          0  -0.0205425  0.00796221   -0.019349
  0.0205425           0  0.00380495   0.0130904
-0.00796221 -0.00380495           0 -0.00182592
   0.019349  -0.0130904  0.00182592           0
EndNode2[0]<--->HoM1[0]
REAL
   0.360825 0.000887751  -0.0221573    0.270012
0.000887751       0.125   0.0190785   0.0167028
 -0.0221573   0.0190785    0.119845   0.0130516
   0.270012   0.0167028   0.0130516     0.39433
IMAGINARY
          0  0.00051392 -0.00737741  0.00601251
-0.00051392           0   -0.012506   0.0154721
 0.00737741    0.012506           0  0.00633539
-0.00601251  -0.0154721 -0.00633539           0
Repeater1[0]<--->EndNode1[0]
REAL
   0.40625 -0.0049218  0.0206572   0.305276
-0.0049218    0.10375 0.00659224 -0.0193945
 0.0206572 0.00659224    0.08875  0.0124976
  0.305276 -0.0193945  0.0124976    0.40125
IMAGINARY
          0  0.00796221  -0.0205425   -0.019349
-0.00796221           0 -0.00380495 -0.00182592
  0.0205425  0.00380495           0   0.0130904
   0.019349  0.00182592  -0.0130904           0
Repeater1[0]<--->HoM1[0]
REAL
   0.360825  -0.0221573 0.000887751    0.270012
 -0.0221573    0.119845   0.0190785   0.0130516
0.000887751   0.0190785       0.125   0.0167028
   0.270012   0.0130516   0.0167028     0.39433
IMAGINARY
          0 -0.00737741  0.00051392  0.00601251
 0.00737741           0    0.012506  0.00633539
-0.00051392   -0.012506           0   0.0154721
-0.00601251 -0.00633539  -0.0154721           0
EndNode1[0]<--->Repeater1[0]
REAL
   0.405298   0.0115363 -0.00825872    0.274085
  0.0115363   0.0980132  -0.0225248   0.0138767
-0.00825872  -0.0225248   0.0927152   0.0153051
   0.274085   0.0138767   0.0153051    0.403974
IMAGINARY
          0 -0.00253335  0.00977354  0.00804533
 0.00253335           0  0.00612471 -0.00614158
-0.00977354 -0.00612471           0  0.00132269
-0.00804533  0.00614158 -0.00132269           0
EndNode2[0]<--->HoM1[0]
REAL
   0.402813  0.00160699 -0.00939067     0.27475
 0.00160699   0.0869565 -0.00951028  -0.0133071
-0.00939067 -0.00951028    0.117647  -0.0204137
    0.27475  -0.0133071  -0.0204137    0.392583
IMAGINARY
          0   0.0244368  0.00504821  0.00805921
 -0.0244368           0  -0.0137917   0.0295515
-0.00504821   0.0137917           0  -0.0224016
-0.00805921  -0.0295515   0.0224016           0
Repeater1[0]<--->EndNode1[0]
REAL
   0.405298 -0.00825872   0.0115363    0.274085
-0.00825872   0.0927152  -0.0225248   0.0153051
  0.0115363  -0.0225248   0.0980132   0.0138767
   0.274085   0.0153051   0.0138767    0.403974
IMAGINARY
          0  0.00977354 -0.00253335  0.00804533
-0.00977354           0 -0.00612471  0.00132269
 0.00253335  0.00612471           0 -0.00614158
-0.00804533 -0.00132269  0.00614158           0
Repeater1[0]<--->HoM1[0]
REAL
   0.402813 -0.00939067  0.00160699     0.27475
-0.00939067    0.117647 -0.00951028  -0.0204137
 0.00160699 -0.00951028   0.0869565  -0.0133071
    0.27475  -0.0204137  -0.0133071    0.392583
IMAGINARY
          0  0.00504821   0.0244368  0.00805921
-0.00504821           0   0.0137917  -0.0224016
 -0.0244368  -0.0137917           0   0.0295515
-0.00805921   0.0224016  -0.0295515           0
EndNode1[0]<--->Repeater1[0]
REAL
  0.393564  0.0198327  0.0132202   0.291754
 0.0198327   0.112624 -0.0122464 0.00558658
 0.0132202 -0.0122464   0.106436  0.0223203
  0.291754 0.00558658  0.0223203   0.387376
IMAGINARY
          0  0.00428792  -0.0276486  -0.0210207
-0.00428792           0  -0.0143718 -0.00568475
  0.0276486   0.0143718           0   0.0197121
  0.0210207  0.00568475  -0.0197121           0
EndNode2[0]<--->HoM1[0]
REAL
  0.393258 0.00768129  0.0127107    0.28418
0.00768129   0.108614 -0.0137997  0.0171806
 0.0127107 -0.0137997   0.113608 -0.0199096
   0.28418  0.0171806 -0.0199096   0.384519
IMAGINARY
         0   0.021847   -0.01138  -0.006206
 -0.021847          0  0.0100035 -0.0100847
   0.01138 -0.0100035          0  0.0122439
  0.006206  0.0100847 -0.0122439          0
Repeater1[0]<--->EndNode1[0]
REAL
  0.393564  0.0132202  0.0198327   0.291754
 0.0132202   0.106436 -0.0122464  0.0223203
 0.0198327 -0.0122464   0.112624 0.00558658
  0.291754  0.0223203 0.00558658   0.387376
IMAGINARY
          0  -0.0276486  0.00428792  -0.0210207
  0.0276486           0   0.0143718   0.0197121
-0.00428792  -0.0143718           0 -0.00568475
  0.0210207  -0.0197121  0.00568475           0
Repeater1[0]<--->HoM1[0]
REAL
  0.393258  0.0127107 0.00768129    0.28418
 0.0127107   0.113608 -0.0137997 -0.0199096
0.00768129 -0.0137997   0.108614  0.0171806
   0.28418 -0.0199096  0.0171806   0.384519
IMAGINARY
         0   -0.01138   0.021847  -0.006206
   0.01138          0 -0.0100035  0.0122439
 -0.021847  0.0100035          0 -0.0100847
  0.006206 -0.0122439  0.0100847          0
EndNode1[0]<--->Repeater1[0]
REAL
    0.37609  0.00470833  -0.0144203    0.275951
 0.00470833    0.128269  -0.0134511  -0.0118297
 -0.0144203  -0.0134511    0.127024 -0.00595833
   0.275951  -0.0118297 -0.00595833    0.368618
IMAGINARY
          0  -0.0108073 -0.00207227   0.0102208
  0.0108073           0   0.0030872   0.0143005
 0.00207227  -0.0030872           0   0.0216768
 -0.0102208  -0.0143005  -0.0216768           0
EndNode2[0]<--->HoM1[0]
REAL
  0.431169 -0.0141357 0.00444117   0.264856
-0.0141357   0.105195 -0.0155056 -0.0200256
0.00444117 -0.0155056   0.101299 -0.0209292
  0.264856 -0.0200256 -0.0209292   0.362338
IMAGINARY
          0  -0.0116082  0.00742685  -0.0223581
  0.0116082           0  0.00950464    0.010661
-0.00742685 -0.00950464           0 -0.00906365
  0.0223581   -0.010661  0.00906365           0
Repeater1[0]<--->EndNode1[0]
REAL
    0.37609  -0.0144203  0.00470833    0.275951
 -0.0144203    0.127024  -0.0134511 -0.00595833
 0.00470833  -0.0134511    0.128269  -0.0118297
   0.275951 -0.00595833  -0.0118297    0.368618
IMAGINARY
          0 -0.00207227  -0.0108073   0.0102208
 0.00207227           0  -0.0030872   0.0216768
  0.0108073   0.0030872           0   0.0143005
 -0.0102208  -0.0216768  -0.0143005           0
Repeater1[0]<--->HoM1[0]
REAL
  0.431169 0.00444117 -0.0141357   0.264856
0.00444117   0.101299 -0.0155056 -0.0209292
-0.0141357 -0.0155056   0.105195 -0.0200256
  0.264856 -0.0209292 -0.0200256   0.362338
IMAGINARY
          0  0.00742685  -0.0116082  -0.0223581
-0.00742685           0 -0.00950464 -0.00906365
  0.0116082  0.00950464           0    0.010661
  0.0223581  0.00906365   -0.010661           0
EndNode1[0]<--->Repeater1[0]
REAL
   0.377261  0.00457193  -0.0143206    0.284997
 0.00457193    0.111111 -0.00861494 -0.00326731
 -0.0143206 -0.00861494    0.121447 -0.00205937
   0.284997 -0.00326731 -0.00205937    0.390181
IMAGINARY
          0   0.0141513   -0.026422  0.00244471
 -0.0141513           0 -0.00635096  -0.0251751
   0.026422  0.00635096           0   0.0128758
-0.00244471   0.0251751  -0.0128758           0
EndNode2[0]<--->HoM1[0]
REAL
  0.385773 -0.0133576 -0.0226819   0.276202
-0.0133576   0.114911  0.0157982  0.0293486
-0.0226819  0.0157982   0.109439 0.00669097
  0.276202  0.0293486 0.00669097   0.389877
IMAGINARY
          0  0.00424526   0.0263134 -0.00694345
-0.00424526           0 -0.00275184   0.0096261
 -0.0263134  0.00275184           0  -0.0351406
 0.00694345  -0.0096261   0.0351406           0
Repeater1[0]<--->EndNode1[0]
REAL
   0.377261  -0.0143206  0.00457193    0.284997
 -0.0143206    0.121447 -0.00861494 -0.00205937
 0.00457193 -0.00861494    0.111111 -0.00326731
   0.284997 -0.00205937 -0.00326731    0.390181
IMAGINARY
          0   -0.026422   0.0141513  0.00244471
   0.026422           0  0.00635096   0.0128758
 -0.0141513 -0.00635096           0  -0.0251751
-0.00244471  -0.0128758   0.0251751           0
Repeater1[0]<--->HoM1[0]
REAL
  0.385773 -0.0226819 -0.0133576   0.276202
-0.0226819   0.109439  0.0157982 0.00669097
-0.0133576  0.0157982   0.114911  0.0293486
  0.276202 0.00669097  0.0293486   0.389877
IMAGINARY
          0   0.0263134  0.00424526 -0.00694345
 -0.0263134           0  0.00275184  -0.0351406
-0.00424526 -0.00275184           0   0.0096261
 0.00694345   0.0351406  -0.0096261           0
EndNode1[0]<--->Repeater1[0]
REAL
   0.391874 -0.00230704 -0.00643178    0.292465
-0.00230704   0.0904325   0.0019512 -0.00118243
-0.00643178   0.0019512    0.120577  0.00484511
   0.292465 -0.00118243  0.00484511    0.397117
IMAGINARY
          0 -0.00480759  0.00558214 -0.00299435
 0.00480759           0 -0.00498111  -0.0207337
-0.00558214  0.00498111           0   0.0107364
 0.00299435   0.0207337  -0.0107364           0
EndNode2[0]<--->HoM1[0]
REAL
   0.411921    0.011572 -0.00809119    0.279182
   0.011572     0.10596 0.000658679   -0.013129
-0.00809119 0.000658679    0.100662  0.00169059
   0.279182   -0.013129  0.00169059    0.381457
IMAGINARY
          0 -0.00762199  -0.0326609  0.00220361
 0.00762199           0  -0.0116853   0.0199092
  0.0326609   0.0116853           0  0.00829313
-0.00220361  -0.0199092 -0.00829313           0
Repeater1[0]<--->EndNode1[0]
REAL
   0.391874 -0.00643178 -0.00230704    0.292465
-0.00643178    0.120577   0.0019512  0.00484511
-0.00230704   0.0019512   0.0904325 -0.00118243
   0.292465  0.00484511 -0.00118243    0.397117
IMAGINARY
          0  0.00558214 -0.00480759 -0.00299435
-0.00558214           0  0.00498111   0.0107364
 0.00480759 -0.00498111           0  -0.0207337
 0.00299435  -0.0107364   0.0207337           0
Repeater1[0]<--->HoM1[0]
REAL
   0.411921 -0.00809119    0.011572    0.279182
-0.00809119    0.100662 0.000658679  0.00169059
   0.011572 0.000658679     0.10596   -0.013129
   0.279182  0.00169059   -0.013129    0.381457
IMAGINARY
          0  -0.0326609 -0.00762199  0.00220361
  0.0326609           0   0.0116853  0.00829313
 0.00762199  -0.0116853           0   0.0199092
-0.00220361 -0.00829313  -0.0199092           0
EndNode1[0]<--->Repeater1[0]
REAL
   0.404199    0.010744  -0.0107911     0.27945
   0.010744     0.11811 -0.00756321   0.0101746
 -0.0107911 -0.00756321    0.112861   -0.024924
    0.27945   0.0101746   -0.024924    0.364829
IMAGINARY
           0 -0.000684137   -0.0112759  -0.00151255
 0.000684137            0    0.0168187  0.000886276
   0.0112759   -0.0168187            0  -0.00451067
  0.00151255 -0.000886276   0.00451067            0
EndNode2[0]<--->HoM1[0]
REAL
   0.392996   0.0214209   0.0194815    0.279937
  0.0214209     0.12192 -0.00272812  0.00548654
  0.0194815 -0.00272812   0.0894942  0.00610795
   0.279937  0.00548654  0.00610795     0.39559
IMAGINARY
           0    0.0232859   0.00223589  -0.00867164
  -0.0232859            0  0.000348978  0.000998264
 -0.00223589 -0.000348978            0 -0.000646831
  0.00867164 -0.000998264  0.000646831            0
Repeater1[0]<--->EndNode1[0]
REAL
   0.404199  -0.0107911    0.010744     0.27945
 -0.0107911    0.112861 -0.00756321   -0.024924
   0.010744 -0.00756321     0.11811   0.0101746
    0.27945   -0.024924   0.0101746    0.364829
IMAGINARY
           0   -0.0112759 -0.000684137  -0.00151255
   0.0112759            0   -0.0168187  -0.00451067
 0.000684137    0.0168187            0  0.000886276
  0.00151255   0.00451067 -0.000886276            0
Repeater1[0]<--->HoM1[0]
REAL
   0.392996   0.0194815   0.0214209    0.279937
  0.0194815   0.0894942 -0.00272812  0.00610795
  0.0214209 -0.00272812     0.12192  0.00548654
   0.279937  0.00610795  0.00548654     0.39559
IMAGINARY
           0   0.00223589    0.0232859  -0.00867164
 -0.00223589            0 -0.000348978 -0.000646831
  -0.0232859  0.000348978            0  0.000998264
  0.00867164  0.000646831 -0.000998264            0
EndNode1[0]<--->Repeater1[0]
REAL
  0.418782 0.00194077 -0.0109867   0.294925
0.00194077   0.102792 0.00480203 0.00553714
-0.0109867 0.00480203   0.109137 -0.0169272
  0.294925 0.00553714 -0.0169272   0.369289
IMAGINARY
         0  0.0163146  0.0207531   0.002241
-0.0163146          0  0.0173925 -0.0324129
-0.0207531 -0.0173925          0  0.0131778
 -0.002241  0.0324129 -0.0131778          0
EndNode2[0]<--->HoM1[0]
REAL
  0.380051  0.0170325 0.00737066   0.267594
 0.0170325   0.112374 -0.0104705  0.0163743
0.00737066 -0.0104705   0.094697  0.0189241
  0.267594  0.0163743  0.0189241   0.412879
IMAGINARY
         0 -0.0262171  0.0158822  0.0041268
 0.0262171          0  0.0283732  0.0286339
-0.0158822 -0.0283732          0 -0.0157184
-0.0041268 -0.0286339  0.0157184          0
Repeater1[0]<--->EndNode1[0]
REAL
  0.418782 -0.0109867 0.00194077   0.294925
-0.0109867   0.109137 0.00480203 -0.0169272
0.00194077 0.00480203   0.102792 0.00553714
  0.294925 -0.0169272 0.00553714   0.369289
IMAGINARY
         0  0.0207531  0.0163146   0.002241
-0.0207531          0 -0.0173925  0.0131778
-0.0163146  0.0173925          0 -0.0324129
 -0.002241 -0.0131778  0.0324129          0
Repeater1[0]<--->HoM1[0]
REAL
  0.380051 0.00737066  0.0170325   0.267594
0.00737066   0.094697 -0.0104705  0.0189241
 0.0170325 -0.0104705   0.112374  0.0163743
  0.267594  0.0189241  0.0163743   0.412879
IMAGINARY
         0  0.0158822 -0.0262171  0.0041268
-0.0158822          0 -0.0283732 -0.0157184
 0.0262171  0.0283732          0  0.0286339
-0.0041268  0.0157184 -0.0286339          0
EndNode1[0]<--->Repeater1[0]
REAL
   0.386805  -0.0186904  -0.0167648    0.300108
 -0.0186904    0.107374  0.00753484 -0.00298038
 -0.0167648  0.00753484   0.0996119   0.0104101
   0.300108 -0.00298038   0.0104101     0.40621
IMAGINARY
          0   0.0235369  -0.0251889  -0.0126331
 -0.0235369           0 -0.00403358  -0.0036203
  0.0251889  0.00403358           0   0.0155156
  0.0126331   0.0036203  -0.0155156           0
EndNode2[0]<--->HoM1[0]
REAL
   0.382953   0.0040827   0.0120864    0.278721
  0.0040827    0.105642 0.000363866    0.014711
  0.0120864 0.000363866    0.111645   0.0135644
   0.278721    0.014711   0.0135644     0.39976
IMAGINARY
          0  0.00388337  -0.0247209 -0.00955051
-0.00388337           0   0.0010315 -0.00331036
  0.0247209  -0.0010315           0  -0.0175731
 0.00955051  0.00331036   0.0175731           0
Repeater1[0]<--->EndNode1[0]
REAL
   0.386805  -0.0167648  -0.0186904    0.300108
 -0.0167648   0.0996119  0.00753484   0.0104101
 -0.0186904  0.00753484    0.107374 -0.00298038
   0.300108   0.0104101 -0.00298038     0.40621
IMAGINARY
          0  -0.0251889   0.0235369  -0.0126331
  0.0251889           0  0.00403358   0.0155156
 -0.0235369 -0.00403358           0  -0.0036203
  0.0126331  -0.0155156   0.0036203           0
Repeater1[0]<--->HoM1[0]
REAL
   0.382953   0.0120864   0.0040827    0.278721
  0.0120864    0.111645 0.000363866   0.0135644
  0.0040827 0.000363866    0.105642    0.014711
   0.278721   0.0135644    0.014711     0.39976
IMAGINARY
          0  -0.0247209  0.00388337 -0.00955051
  0.0247209           0  -0.0010315  -0.0175731
-0.00388337   0.0010315           0 -0.00331036
 0.00955051   0.0175731  0.00331036           0
EndNode1[0]<--->Repeater1[0]
REAL
   0.397019  0.00830753   0.0121713    0.277073
 0.00830753    0.100271 -0.00623962  0.00621104
  0.0121713 -0.00623962    0.109756   0.0162023
   0.277073  0.00621104   0.0162023    0.392954
IMAGINARY
           0   0.00171913 -0.000893892  -0.00593649
 -0.00171913            0   0.00215815   -0.0121821
 0.000893892  -0.00215815            0    0.0312821
  0.00593649    0.0121821   -0.0312821            0
EndNode2[0]<--->HoM1[0]
REAL
    0.36801   0.0173561   0.0111545     0.29932
  0.0173561    0.111834 0.000680272  0.00612941
  0.0111545 0.000680272    0.105332 -0.00254124
    0.29932  0.00612941 -0.00254124    0.414824
IMAGINARY
          0   0.0242248  -0.0205796  0.00915878
 -0.0242248           0   0.0143944  -0.0113932
  0.0205796  -0.0143944           0   0.0159113
-0.00915878   0.0113932  -0.0159113           0
Repeater1[0]<--->EndNode1[0]
REAL
   0.397019   0.0121713  0.00830753    0.277073
  0.0121713    0.109756 -0.00623962   0.0162023
 0.00830753 -0.00623962    0.100271  0.00621104
   0.277073   0.0162023  0.00621104    0.392954
IMAGINARY
           0 -0.000893892   0.00171913  -0.00593649
 0.000893892            0  -0.00215815    0.0312821
 -0.00171913   0.00215815            0   -0.0121821
  0.00593649   -0.0312821    0.0121821            0
Repeater1[0]<--->HoM1[0]
REAL
    0.36801   0.0111545   0.0173561     0.29932
  0.0111545    0.105332 0.000680272 -0.00254124
  0.0173561 0.000680272    0.111834  0.00612941
    0.29932 -0.00254124  0.00612941    0.414824
IMAGINARY
          0  -0.0205796   0.0242248  0.00915878
  0.0205796           0  -0.0143944   0.0159113
 -0.0242248   0.0143944           0  -0.0113932
-0.00915878  -0.0159113   0.0113932           0
EndNode1[0]<--->Repeater1[0]
REAL
     0.41555   0.00564836     0.010392     0.279552
  0.00564836    0.0817694  -0.00219377 -0.000958049
    0.010392  -0.00219377     0.104558   0.00755919
    0.279552 -0.000958049   0.00755919     0.398123
IMAGINARY
          0  -0.0146555 -0.00162519   0.0308271
  0.0146555           0 -0.00611224   0.0069162
 0.00162519  0.00611224           0  0.00539624
 -0.0308271  -0.0069162 -0.00539624           0
EndNode2[0]<--->HoM1[0]
REAL
   0.423575  -0.0155984  0.00724271    0.284957
 -0.0155984   0.0997409 -0.00437663  -0.0293108
 0.00724271 -0.00437663    0.106218  0.00614069
   0.284957  -0.0293108  0.00614069    0.370466
IMAGINARY
           0    0.0009866   -0.0123002 -1.59025e-05
  -0.0009866            0   0.00315267  -0.00236645
   0.0123002  -0.00315267            0   -0.0103199
 1.59025e-05   0.00236645    0.0103199            0
Repeater1[0]<--->EndNode1[0]
REAL
     0.41555     0.010392   0.00564836     0.279552
    0.010392     0.104558  -0.00219377   0.00755919
  0.00564836  -0.00219377    0.0817694 -0.000958049
    0.279552   0.00755919 -0.000958049     0.398123
IMAGINARY
          0 -0.00162519  -0.0146555   0.0308271
 0.00162519           0  0.00611224  0.00539624
  0.0146555 -0.00611224           0   0.0069162
 -0.0308271 -0.00539624  -0.0069162           0
Repeater1[0]<--->HoM1[0]
REAL
   0.423575  0.00724271  -0.0155984    0.284957
 0.00724271    0.106218 -0.00437663  0.00614069
 -0.0155984 -0.00437663   0.0997409  -0.0293108
   0.284957  0.00614069  -0.0293108    0.370466
IMAGINARY
           0   -0.0123002    0.0009866 -1.59025e-05
   0.0123002            0  -0.00315267   -0.0103199
  -0.0009866   0.00315267            0  -0.00236645
 1.59025e-05    0.0103199   0.00236645            0
EndNode1[0]<--->Repeater1[0]
REAL
   0.370988 0.000239181  -0.0337098    0.251017
0.000239181    0.115533  -0.0231347 -0.00114275
 -0.0337098  -0.0231347    0.109114  -0.0283893
   0.251017 -0.00114275  -0.0283893    0.404365
IMAGINARY
          0    0.016445 -0.00563559 -0.00578828
  -0.016445           0  -0.0207818   0.0134685
 0.00563559   0.0207818           0 -0.00730657
 0.00578828  -0.0134685  0.00730657           0
EndNode2[0]<--->HoM1[0]
REAL
  0.410224  0.0200668 0.00665384   0.276046
 0.0200668  0.0897756 0.00173178 -0.0128267
0.00665384 0.00173178   0.118454 -0.0237705
  0.276046 -0.0128267 -0.0237705   0.381546
IMAGINARY
          0 -0.00149418  0.00992704  -0.0163053
 0.00149418           0  0.00178252   0.0012949
-0.00992704 -0.00178252           0 -0.00598712
  0.0163053  -0.0012949  0.00598712           0
Repeater1[0]<--->EndNode1[0]
REAL
   0.370988  -0.0337098 0.000239181    0.251017
 -0.0337098    0.109114  -0.0231347  -0.0283893
0.000239181  -0.0231347    0.115533 -0.00114275
   0.251017  -0.0283893 -0.00114275    0.404365
IMAGINARY
          0 -0.00563559    0.016445 -0.00578828
 0.00563559           0   0.0207818 -0.00730657
  -0.016445  -0.0207818           0   0.0134685
 0.00578828  0.00730657  -0.0134685           0
Repeater1[0]<--->HoM1[0]
REAL
  0.410224 0.00665384  0.0200668   0.276046
0.00665384   0.118454 0.00173178 -0.0237705
 0.0200668 0.00173178  0.0897756 -0.0128267
  0.276046 -0.0237705 -0.0128267   0.381546
IMAGINARY
          0  0.00992704 -0.00149418  -0.0163053
-0.00992704           0 -0.00178252 -0.00598712
 0.00149418  0.00178252           0   0.0012949
  0.0163053  0.00598712  -0.0012949           0
EndNode1[0]<--->Repeater1[0]
REAL
    0.414169    0.0175966   0.00840392     0.286424
   0.0175966    0.0899183    -0.012767 -0.000731283
  0.00840392    -0.012767     0.123978  -0.00353013
    0.286424 -0.000731283  -0.00353013     0.371935
IMAGINARY
          0    0.015278  -0.0300163 -0.00259454
  -0.015278           0 -0.00192159  -0.0185012
  0.0300163  0.00192159           0   0.0184147
 0.00259454   0.0185012  -0.0184147           0
EndNode2[0]<--->HoM1[0]
REAL
   0.397668 -0.00755017 -0.00302847    0.286863
-0.00755017   0.0945596  0.00454069  -0.0254165
-0.00302847  0.00454069    0.110104 -0.00445994
   0.286863  -0.0254165 -0.00445994    0.397668
IMAGINARY
