EndNode1[0]<--->Repeater1[0]
REAL
   0.460543 -0.00727429  -0.0198124    0.305397
-0.00727429   0.0944373   0.0136259  -0.0217992
 -0.0198124   0.0136259    0.109961 -0.00395424
   0.305397  -0.0217992 -0.00395424    0.335058
IMAGINARY
          0  -0.0102636   0.0037844   0.0208876
  0.0102636           0  0.00837115  -0.0137595
 -0.0037844 -0.00837115           0  0.00652296
 -0.0208876   0.0137595 -0.00652296           0
EndNode2[0]<--->HoM1[0]
REAL
 0.439414 0.0189904 0.0214165  0.368369
0.0189904 0.0625832 0.0112258 0.0134378
0.0214165 0.0112258 0.0825566 0.0272707
 0.368369 0.0134378 0.0272707  0.415446
IMAGINARY
          0  -0.0151557   0.0120594  -0.0230696
  0.0151557           0   -0.001659   0.0185529
 -0.0120594    0.001659           0  0.00495158
  0.0230696  -0.0185529 -0.00495158           0
Repeater1[0]<--->EndNode1[0]
REAL
   0.460543  -0.0198124 -0.00727429    0.305397
 -0.0198124    0.109961   0.0136259 -0.00395424
-0.00727429   0.0136259   0.0944373  -0.0217992
   0.305397 -0.00395424  -0.0217992    0.335058
IMAGINARY
          0   0.0037844  -0.0102636   0.0208876
 -0.0037844           0 -0.00837115  0.00652296
  0.0102636  0.00837115           0  -0.0137595
 -0.0208876 -0.00652296   0.0137595           0
Repeater1[0]<--->HoM1[0]
REAL
 0.439414 0.0214165 0.0189904  0.368369
0.0214165 0.0825566 0.0112258 0.0272707
0.0189904 0.0112258 0.0625832 0.0134378
 0.368369 0.0272707 0.0134378  0.415446
IMAGINARY
          0   0.0120594  -0.0151557  -0.0230696
 -0.0120594           0    0.001659  0.00495158
  0.0151557   -0.001659           0   0.0185529
  0.0230696 -0.00495158  -0.0185529           0
EndNode1[0]<--->Repeater1[0]
REAL
   0.451303 -0.00885991  0.00144814    0.319124
-0.00885991    0.106996   0.0239897  0.00274348
 0.00144814   0.0239897   0.0891632 -0.00491254
   0.319124  0.00274348 -0.00491254    0.352538
IMAGINARY
           0  -0.00191982   0.00617365    0.0157187
  0.00191982            0    0.0054623  0.000868607
 -0.00617365   -0.0054623            0    0.0153641
  -0.0157187 -0.000868607   -0.0153641            0
EndNode2[0]<--->HoM1[0]
REAL
   0.441065  -0.0151588 -0.00514536    0.371143
 -0.0151588   0.0811153   0.0282115  -0.0187256
-0.00514536   0.0282115   0.0874525  -0.0190348
   0.371143  -0.0187256  -0.0190348    0.390368
IMAGINARY
          0  -0.0078735  -0.0186598  0.00969396
  0.0078735           0  -0.0163606  -0.0192983
  0.0186598   0.0163606           0    0.027507
-0.00969396   0.0192983   -0.027507           0
Repeater1[0]<--->EndNode1[0]
REAL
   0.451303  0.00144814 -0.00885991    0.319124
 0.00144814   0.0891632   0.0239897 -0.00491254
-0.00885991   0.0239897    0.106996  0.00274348
   0.319124 -0.00491254  0.00274348    0.352538
IMAGINARY
           0   0.00617365  -0.00191982    0.0157187
 -0.00617365            0   -0.0054623    0.0153641
  0.00191982    0.0054623            0  0.000868607
  -0.0157187   -0.0153641 -0.000868607            0
Repeater1[0]<--->HoM1[0]
REAL
   0.441065 -0.00514536  -0.0151588    0.371143
-0.00514536   0.0874525   0.0282115  -0.0190348
 -0.0151588   0.0282115   0.0811153  -0.0187256
   0.371143  -0.0190348  -0.0187256    0.390368
IMAGINARY
          0  -0.0186598  -0.0078735  0.00969396
  0.0186598           0   0.0163606    0.027507
  0.0078735  -0.0163606           0  -0.0192983
-0.00969396   -0.027507   0.0192983           0
EndNode1[0]<--->Repeater1[0]
REAL
    0.427318 -0.000346111    0.0126209     0.323418
-0.000346111     0.115288    0.0150742   0.00824045
   0.0126209    0.0150742    0.0977444   0.00774853
    0.323418   0.00824045   0.00774853     0.359649
IMAGINARY
          0   0.0128838   0.0196557 -0.00444511
 -0.0128838           0   0.0141225   0.0044642
 -0.0196557  -0.0141225           0 -0.00701674
 0.00444511  -0.0044642  0.00701674           0
EndNode2[0]<--->HoM1[0]
REAL
   0.431498  -0.0116724  -0.0120925    0.355719
 -0.0116724   0.0742638   0.0277888 -0.00884993
 -0.0120925   0.0277888   0.0768246  -0.0053433
   0.355719 -0.00884993  -0.0053433    0.417414
IMAGINARY
          0  0.00931017 -0.00227568 -0.00722166
-0.00931017           0   0.0268552  0.00227568
 0.00227568  -0.0268552           0     0.01064
 0.00722166 -0.00227568    -0.01064           0
Repeater1[0]<--->EndNode1[0]
REAL
    0.427318    0.0126209 -0.000346111     0.323418
   0.0126209    0.0977444    0.0150742   0.00774853
-0.000346111    0.0150742     0.115288   0.00824045
    0.323418   0.00774853   0.00824045     0.359649
IMAGINARY
          0   0.0196557   0.0128838 -0.00444511
 -0.0196557           0  -0.0141225 -0.00701674
 -0.0128838   0.0141225           0   0.0044642
 0.00444511  0.00701674  -0.0044642           0
Repeater1[0]<--->HoM1[0]
REAL
   0.431498  -0.0120925  -0.0116724    0.355719
 -0.0120925   0.0768246   0.0277888  -0.0053433
 -0.0116724   0.0277888   0.0742638 -0.00884993
   0.355719  -0.0053433 -0.00884993    0.417414
IMAGINARY
          0 -0.00227568  0.00931017 -0.00722166
 0.00227568           0  -0.0268552     0.01064
-0.00931017   0.0268552           0  0.00227568
 0.00722166    -0.01064 -0.00227568           0
EndNode1[0]<--->Repeater1[0]
REAL
   0.440204 -0.00383388   0.0197905    0.324641
-0.00383388   0.0979644  0.00166805 -0.00382625
  0.0197905  0.00166805   0.0941476 -0.00319038
   0.324641 -0.00382625 -0.00319038    0.367684
IMAGINARY
          0  0.00950873 -0.00908829  0.00189555
-0.00950873           0  -0.0006361 -0.00847928
 0.00908829   0.0006361           0   0.0121129
-0.00189555  0.00847928  -0.0121129           0
EndNode2[0]<--->HoM1[0]
REAL
   0.430573  -0.0148213  -0.0174887    0.350719
 -0.0148213   0.0815287  0.00881688 -0.00957314
 -0.0174887  0.00881688   0.0738854  -0.0135293
   0.350719 -0.00957314  -0.0135293    0.414013
IMAGINARY
           0  -0.00418609     0.012606   -0.0069544
  0.00418609            0  -0.00292214  -0.00489396
   -0.012606   0.00292214            0  0.000330044
   0.0069544   0.00489396 -0.000330044            0
Repeater1[0]<--->EndNode1[0]
REAL
   0.440204   0.0197905 -0.00383388    0.324641
  0.0197905   0.0941476  0.00166805 -0.00319038
-0.00383388  0.00166805   0.0979644 -0.00382625
   0.324641 -0.00319038 -0.00382625    0.367684
IMAGINARY
          0 -0.00908829  0.00950873  0.00189555
 0.00908829           0   0.0006361   0.0121129
-0.00950873  -0.0006361           0 -0.00847928
-0.00189555  -0.0121129  0.00847928           0
Repeater1[0]<--->HoM1[0]
REAL
   0.430573  -0.0174887  -0.0148213    0.350719
 -0.0174887   0.0738854  0.00881688  -0.0135293
 -0.0148213  0.00881688   0.0815287 -0.00957314
   0.350719  -0.0135293 -0.00957314    0.414013
IMAGINARY
           0     0.012606  -0.00418609   -0.0069544
   -0.012606            0   0.00292214  0.000330044
  0.00418609  -0.00292214            0  -0.00489396
   0.0069544 -0.000330044   0.00489396            0
