EndNode1[0]<--->Repeater1[0]
REAL
   0.455569   0.0162289  0.00883294   0.0939012
  0.0162289    0.155194   0.0270138 -0.00556497
 0.00883294   0.0270138    0.232791   0.0105685
  0.0939012 -0.00556497   0.0105685    0.156446
IMAGINARY
           0 -0.000617041  -0.00554112   -0.0232553
 0.000617041            0   -0.0179361  -0.00174365
  0.00554112    0.0179361            0   0.00127929
   0.0232553   0.00174365  -0.00127929            0
EndNode2[0]<--->BSA[0]
REAL
   0.40708  0.0056644  0.0075367   0.142712
 0.0056644   0.213654  0.0198035  0.0167472
 0.0075367  0.0198035    0.14665 0.00243025
  0.142712  0.0167472 0.00243025   0.232617
IMAGINARY
           0   0.00711421   0.00642757    0.0200979
 -0.00711421            0  -0.00451349  0.000650935
 -0.00642757   0.00451349            0   -0.0206277
  -0.0200979 -0.000650935    0.0206277            0
Repeater1[0]<--->EndNode1[0]
REAL
   0.455569  0.00883294   0.0162289   0.0939012
 0.00883294    0.232791   0.0270138   0.0105685
  0.0162289   0.0270138    0.155194 -0.00556497
  0.0939012   0.0105685 -0.00556497    0.156446
IMAGINARY
           0  -0.00554112 -0.000617041   -0.0232553
  0.00554112            0    0.0179361   0.00127929
 0.000617041   -0.0179361            0  -0.00174365
   0.0232553  -0.00127929   0.00174365            0
Repeater1[0]<--->BSA[0]
REAL
   0.40708  0.0075367  0.0056644   0.142712
 0.0075367    0.14665  0.0198035 0.00243025
 0.0056644  0.0198035   0.213654  0.0167472
  0.142712 0.00243025  0.0167472   0.232617
IMAGINARY
           0   0.00642757   0.00711421    0.0200979
 -0.00642757            0   0.00451349   -0.0206277
 -0.00711421  -0.00451349            0  0.000650935
  -0.0200979    0.0206277 -0.000650935            0
EndNode1[0]<--->Repeater1[0]
REAL
  0.469925 0.00172627 -0.0152511  0.0817103
0.00172627   0.139098  0.0135591 -0.0103731
-0.0152511  0.0135591   0.223058 -0.0115817
 0.0817103 -0.0103731 -0.0115817    0.16792
IMAGINARY
           0 -0.000693747  -0.00164577     -0.01385
 0.000693747            0   -0.0119095    0.0131168
  0.00164577    0.0119095            0    0.0108152
     0.01385   -0.0131168   -0.0108152            0
EndNode2[0]<--->BSA[0]
REAL
   0.442283 -0.00132535 -0.00472665    0.137525
-0.00132535    0.175097   0.0318186  -0.0066522
-0.00472665   0.0318186    0.146563   0.0019947
   0.137525  -0.0066522   0.0019947    0.236057
IMAGINARY
           0  -0.00165869   -0.0158082  0.000874504
  0.00165869            0   0.00216316    0.0229418
   0.0158082  -0.00216316            0  -0.00806894
-0.000874504   -0.0229418   0.00806894            0
Repeater1[0]<--->EndNode1[0]
REAL
  0.469925 -0.0152511 0.00172627  0.0817103
-0.0152511   0.223058  0.0135591 -0.0115817
0.00172627  0.0135591   0.139098 -0.0103731
 0.0817103 -0.0115817 -0.0103731    0.16792
IMAGINARY
           0  -0.00164577 -0.000693747     -0.01385
  0.00164577            0    0.0119095    0.0108152
 0.000693747   -0.0119095            0    0.0131168
     0.01385   -0.0108152   -0.0131168            0
Repeater1[0]<--->BSA[0]
REAL
   0.442283 -0.00472665 -0.00132535    0.137525
-0.00472665    0.146563   0.0318186   0.0019947
-0.00132535   0.0318186    0.175097  -0.0066522
   0.137525   0.0019947  -0.0066522    0.236057
IMAGINARY
           0   -0.0158082  -0.00165869  0.000874504
   0.0158082            0  -0.00216316  -0.00806894
  0.00165869   0.00216316            0    0.0229418
-0.000874504   0.00806894   -0.0229418            0
