EndNode1[0]<--->Repeater1[0]
REAL
    0.471774    0.0130358   0.00482874     0.307351
   0.0130358    0.0887097   -0.0032272 -0.000962763
  0.00482874   -0.0032272    0.0927419  -0.00143787
    0.307351 -0.000962763  -0.00143787     0.346774
IMAGINARY
           0  -0.00229576   -0.0104907  -0.00345084
  0.00229576            0    0.0330075  3.56056e-05
   0.0104907   -0.0330075            0   0.00783082
  0.00345084 -3.56056e-05  -0.00783082            0
EndNode2[0]<--->HoM1[0]
REAL
   0.464706  0.00417653 -0.00264008     0.37657
 0.00417653   0.0541176 -0.00607635   0.0086481
-0.00264008 -0.00607635   0.0717647 -0.00484409
    0.37657   0.0086481 -0.00484409    0.409412
IMAGINARY
          0 -0.00655431    0.019135  -0.0113559
 0.00655431           0  0.00439212 -0.00602634
  -0.019135 -0.00439212           0 -0.00655431
  0.0113559  0.00602634  0.00655431           0
Repeater1[0]<--->EndNode1[0]
REAL
    0.471774   0.00482874    0.0130358     0.307351
  0.00482874    0.0927419   -0.0032272  -0.00143787
   0.0130358   -0.0032272    0.0887097 -0.000962763
    0.307351  -0.00143787 -0.000962763     0.346774
IMAGINARY
           0   -0.0104907  -0.00229576  -0.00345084
   0.0104907            0   -0.0330075   0.00783082
  0.00229576    0.0330075            0  3.56056e-05
  0.00345084  -0.00783082 -3.56056e-05            0
Repeater1[0]<--->HoM1[0]
REAL
   0.464706 -0.00264008  0.00417653     0.37657
-0.00264008   0.0717647 -0.00607635 -0.00484409
 0.00417653 -0.00607635   0.0541176   0.0086481
    0.37657 -0.00484409   0.0086481    0.409412
IMAGINARY
          0    0.019135 -0.00655431  -0.0113559
  -0.019135           0 -0.00439212 -0.00655431
 0.00655431  0.00439212           0 -0.00602634
  0.0113559  0.00655431  0.00602634           0
EndNode1[0]<--->Repeater1[0]
REAL
   0.457956  0.00624126 -0.00596019     0.30551
 0.00624126   0.0996119 -0.00168814 -0.00104618
-0.00596019 -0.00168814   0.0931436   0.0147778
    0.30551 -0.00104618   0.0147778    0.349288
IMAGINARY
          0  -0.0179802 -0.00884979  -0.0202026
  0.0179802           0  -0.0308693   0.0114205
 0.00884979   0.0308693           0 -0.00258532
  0.0202026  -0.0114205  0.00258532           0
EndNode2[0]<--->HoM1[0]
REAL
    0.451613   0.00163428 -0.000169227     0.366268
  0.00163428    0.0704898  -0.00629409   -0.0321954
-0.000169227  -0.00629409    0.0669056   -0.0472089
    0.366268   -0.0321954   -0.0472089     0.410992
IMAGINARY
           0    0.0133088 -0.000444488 -9.41521e-05
  -0.0133088            0    0.0290198  -0.00540727
 0.000444488   -0.0290198            0   0.00294609
 9.41521e-05   0.00540727  -0.00294609            0
Repeater1[0]<--->EndNode1[0]
REAL
   0.457956 -0.00596019  0.00624126     0.30551
-0.00596019   0.0931436 -0.00168814   0.0147778
 0.00624126 -0.00168814   0.0996119 -0.00104618
    0.30551   0.0147778 -0.00104618    0.349288
IMAGINARY
          0 -0.00884979  -0.0179802  -0.0202026
 0.00884979           0   0.0308693 -0.00258532
  0.0179802  -0.0308693           0   0.0114205
  0.0202026  0.00258532  -0.0114205           0
Repeater1[0]<--->HoM1[0]
REAL
    0.451613 -0.000169227   0.00163428     0.366268
-0.000169227    0.0669056  -0.00629409   -0.0472089
  0.00163428  -0.00629409    0.0704898   -0.0321954
    0.366268   -0.0472089   -0.0321954     0.410992
IMAGINARY
           0 -0.000444488    0.0133088 -9.41521e-05
 0.000444488            0   -0.0290198   0.00294609
  -0.0133088    0.0290198            0  -0.00540727
 9.41521e-05  -0.00294609   0.00540727            0
EndNode1[0]<--->Repeater1[0]
REAL
    0.469543    0.0124426   0.00399869     0.322947
   0.0124426    0.0989848   -0.0193511 -0.000540872
  0.00399869   -0.0193511    0.0824873    -0.011751
    0.322947 -0.000540872    -0.011751     0.348985
IMAGINARY
           0   0.00185381    -0.013287    0.0131912
 -0.00185381            0   0.00992319  -0.00749545
    0.013287  -0.00992319            0  0.000591181
  -0.0131912   0.00749545 -0.000591181            0
EndNode2[0]<--->HoM1[0]
REAL
   0.457921   0.0072004  -0.0100894    0.364587
  0.0072004   0.0606436    0.018236   0.0160814
 -0.0100894    0.018236   0.0705446 -0.00120839
   0.364587   0.0160814 -0.00120839    0.410891
IMAGINARY
          0 -0.00236329 -0.00336192   0.0121594
 0.00236329           0    0.005632   -0.015204
 0.00336192   -0.005632           0   0.0183684
 -0.0121594    0.015204  -0.0183684           0
Repeater1[0]<--->EndNode1[0]
REAL
    0.469543   0.00399869    0.0124426     0.322947
  0.00399869    0.0824873   -0.0193511    -0.011751
   0.0124426   -0.0193511    0.0989848 -0.000540872
    0.322947    -0.011751 -0.000540872     0.348985
IMAGINARY
           0    -0.013287   0.00185381    0.0131912
    0.013287            0  -0.00992319  0.000591181
 -0.00185381   0.00992319            0  -0.00749545
  -0.0131912 -0.000591181   0.00749545            0
Repeater1[0]<--->HoM1[0]
REAL
   0.457921  -0.0100894   0.0072004    0.364587
 -0.0100894   0.0705446    0.018236 -0.00120839
  0.0072004    0.018236   0.0606436   0.0160814
   0.364587 -0.00120839   0.0160814    0.410891
IMAGINARY
          0 -0.00336192 -0.00236329   0.0121594
 0.00336192           0   -0.005632   0.0183684
 0.00236329    0.005632           0   -0.015204
 -0.0121594  -0.0183684    0.015204           0
EndNode1[0]<--->Repeater1[0]
REAL
   0.466413 -0.00918199  -0.0216329    0.323655
-0.00918199   0.0722433   0.0018983  -0.0127652
 -0.0216329   0.0018983   0.0988593  -0.0350441
   0.323655  -0.0127652  -0.0350441    0.362484
IMAGINARY
          0  0.00884837  -0.0119567   0.0342807
-0.00884837           0  0.00532322   0.0204757
  0.0119567 -0.00532322           0   0.0114662
 -0.0342807  -0.0204757  -0.0114662           0
EndNode2[0]<--->HoM1[0]
REAL
   0.460598  0.00737049   0.0138906    0.365842
 0.00737049   0.0557065 -0.00614799  0.00779306
  0.0138906 -0.00614799   0.0557065   0.0245173
   0.365842  0.00779306   0.0245173    0.427989
IMAGINARY
           0   -0.0380076    0.0136248   0.00890729
   0.0380076            0  0.000113324    0.0136248
  -0.0136248 -0.000113324            0   0.00188597
 -0.00890729   -0.0136248  -0.00188597            0
Repeater1[0]<--->EndNode1[0]
REAL
   0.466413  -0.0216329 -0.00918199    0.323655
 -0.0216329   0.0988593   0.0018983  -0.0350441
-0.00918199   0.0018983   0.0722433  -0.0127652
   0.323655  -0.0350441  -0.0127652    0.362484
IMAGINARY
          0  -0.0119567  0.00884837   0.0342807
  0.0119567           0 -0.00532322   0.0114662
-0.00884837  0.00532322           0   0.0204757
 -0.0342807  -0.0114662  -0.0204757           0
Repeater1[0]<--->HoM1[0]
REAL
   0.460598   0.0138906  0.00737049    0.365842
  0.0138906   0.0557065 -0.00614799   0.0245173
 0.00737049 -0.00614799   0.0557065  0.00779306
   0.365842   0.0245173  0.00779306    0.427989
IMAGINARY
           0    0.0136248   -0.0380076   0.00890729
  -0.0136248            0 -0.000113324   0.00188597
   0.0380076  0.000113324            0    0.0136248
 -0.00890729  -0.00188597   -0.0136248            0
