EndNode1[0]<--->Repeater1[0]
REAL
     0.53944 -3.93174e-06  -0.00223786    0.0153713
-3.93174e-06     0.167939     0.017962   -0.0224535
 -0.00223786     0.017962     0.152672   -0.0197492
   0.0153713   -0.0224535   -0.0197492     0.139949
IMAGINARY
           0   0.00907564  0.000929485   -0.0228289
 -0.00907564            0  -0.00967105   0.00813787
-0.000929485   0.00967105            0    0.0103544
   0.0228289  -0.00813787   -0.0103544            0
EndNode2[0]<--->BSA[0]
REAL
    0.474172 -0.000461601    0.0156088    0.0704079
-0.000461601     0.144371   0.00757371   -0.0149535
   0.0156088   0.00757371     0.148344   -0.0224742
   0.0704079   -0.0149535   -0.0224742     0.233113
IMAGINARY
          0 -0.00772707 -0.00274606  -0.0105064
 0.00772707           0  0.00273442   0.0107675
 0.00274606 -0.00273442           0 -0.00965261
  0.0105064  -0.0107675  0.00965261           0
Repeater1[0]<--->EndNode1[0]
REAL
     0.53944  -0.00223786 -3.93174e-06    0.0153713
 -0.00223786     0.152672     0.017962   -0.0197492
-3.93174e-06     0.017962     0.167939   -0.0224535
   0.0153713   -0.0197492   -0.0224535     0.139949
IMAGINARY
           0  0.000929485   0.00907564   -0.0228289
-0.000929485            0   0.00967105    0.0103544
 -0.00907564  -0.00967105            0   0.00813787
   0.0228289   -0.0103544  -0.00813787            0
Repeater1[0]<--->BSA[0]
REAL
    0.474172    0.0156088 -0.000461601    0.0704079
   0.0156088     0.148344   0.00757371   -0.0224742
-0.000461601   0.00757371     0.144371   -0.0149535
   0.0704079   -0.0224742   -0.0149535     0.233113
IMAGINARY
          0 -0.00274606 -0.00772707  -0.0105064
 0.00274606           0 -0.00273442 -0.00965261
 0.00772707  0.00273442           0   0.0107675
  0.0105064  0.00965261  -0.0107675           0
EndNode1[0]<--->Repeater1[0]
REAL
     0.53944 -3.93174e-06  -0.00223786    0.0153713
-3.93174e-06     0.167939     0.017962   -0.0224535
 -0.00223786     0.017962     0.152672   -0.0197492
   0.0153713   -0.0224535   -0.0197492     0.139949
IMAGINARY
           0   0.00907564  0.000929485   -0.0228289
 -0.00907564            0  -0.00967105   0.00813787
-0.000929485   0.00967105            0    0.0103544
   0.0228289  -0.00813787   -0.0103544            0
EndNode2[0]<--->BSA[0]
REAL
    0.474172 -0.000461601    0.0156088    0.0704079
-0.000461601     0.144371   0.00757371   -0.0149535
   0.0156088   0.00757371     0.148344   -0.0224742
   0.0704079   -0.0149535   -0.0224742     0.233113
IMAGINARY
          0 -0.00772707 -0.00274606  -0.0105064
 0.00772707           0  0.00273442   0.0107675
 0.00274606 -0.00273442           0 -0.00965261
  0.0105064  -0.0107675  0.00965261           0
Repeater1[0]<--->EndNode1[0]
REAL
     0.53944  -0.00223786 -3.93174e-06    0.0153713
 -0.00223786     0.152672     0.017962   -0.0197492
-3.93174e-06     0.017962     0.167939   -0.0224535
   0.0153713   -0.0197492   -0.0224535     0.139949
IMAGINARY
           0  0.000929485   0.00907564   -0.0228289
-0.000929485            0   0.00967105    0.0103544
 -0.00907564  -0.00967105            0   0.00813787
   0.0228289   -0.0103544  -0.00813787            0
Repeater1[0]<--->BSA[0]
REAL
    0.474172    0.0156088 -0.000461601    0.0704079
   0.0156088     0.148344   0.00757371   -0.0224742
-0.000461601   0.00757371     0.144371   -0.0149535
   0.0704079   -0.0224742   -0.0149535     0.233113
IMAGINARY
          0 -0.00274606 -0.00772707  -0.0105064
 0.00274606           0 -0.00273442 -0.00965261
 0.00772707  0.00273442           0   0.0107675
  0.0105064  0.00965261  -0.0107675           0
EndNode1[0]<--->Repeater1[0]
REAL
   0.554107  -0.0158298 -0.00969908   0.0679957
 -0.0158298     0.15515  -0.0207771  -0.0103527
-0.00969908  -0.0207771    0.148631    0.011302
  0.0679957  -0.0103527    0.011302    0.142112
IMAGINARY
          0   0.0044214   -0.025197 -0.00348818
 -0.0044214           0 -0.00596957 -0.00482909
   0.025197  0.00596957           0   0.0138554
 0.00348818  0.00482909  -0.0138554           0
EndNode2[0]<--->BSA[0]
REAL
    0.496599   -0.0088386 -0.000328407    0.0892888
  -0.0088386     0.136054   -0.0117026    0.0163383
-0.000328407   -0.0117026     0.134694  -0.00347667
   0.0892888    0.0163383  -0.00347667     0.232653
IMAGINARY
          0  0.00692153   0.0255026  0.00548724
-0.00692153           0  -0.0156395 -0.00505654
 -0.0255026   0.0156395           0  -0.0199327
-0.00548724  0.00505654   0.0199327           0
Repeater1[0]<--->EndNode1[0]
REAL
   0.554107 -0.00969908  -0.0158298   0.0679957
-0.00969908    0.148631  -0.0207771    0.011302
 -0.0158298  -0.0207771     0.15515  -0.0103527
  0.0679957    0.011302  -0.0103527    0.142112
IMAGINARY
          0   -0.025197   0.0044214 -0.00348818
   0.025197           0  0.00596957   0.0138554
 -0.0044214 -0.00596957           0 -0.00482909
 0.00348818  -0.0138554  0.00482909           0
Repeater1[0]<--->BSA[0]
REAL
    0.496599 -0.000328407   -0.0088386    0.0892888
-0.000328407     0.134694   -0.0117026  -0.00347667
  -0.0088386   -0.0117026     0.136054    0.0163383
   0.0892888  -0.00347667    0.0163383     0.232653
IMAGINARY
          0   0.0255026  0.00692153  0.00548724
 -0.0255026           0   0.0156395  -0.0199327
-0.00692153  -0.0156395           0 -0.00505654
-0.00548724   0.0199327  0.00505654           0
EndNode1[0]<--->Repeater1[0]
REAL
   0.536137 -0.00739181   0.0103003   0.0326487
-0.00739181    0.170828  -0.0183984  -0.0146374
  0.0103003  -0.0183984    0.152431   0.0179246
  0.0326487  -0.0146374   0.0179246    0.140604
IMAGINARY
          0   0.0134925  0.00714596 -0.00222523
 -0.0134925           0 -0.00420151  -0.0110727
-0.00714596  0.00420151           0  0.00221431
 0.00222523   0.0110727 -0.00221431           0
EndNode2[0]<--->BSA[0]
REAL
   0.523039 -0.00292227 -0.00234078   0.0891619
-0.00292227    0.120797 -0.00458813  0.00572373
-0.00234078 -0.00458813    0.120797  0.00224568
  0.0891619  0.00572373  0.00224568    0.235367
IMAGINARY
          0  -0.0150669    -0.01541   0.0420043
  0.0150669           0  -0.0229307  0.00916001
    0.01541   0.0229307           0  -0.0199331
 -0.0420043 -0.00916001   0.0199331           0
Repeater1[0]<--->EndNode1[0]
REAL
   0.536137   0.0103003 -0.00739181   0.0326487
  0.0103003    0.152431  -0.0183984   0.0179246
-0.00739181  -0.0183984    0.170828  -0.0146374
  0.0326487   0.0179246  -0.0146374    0.140604
IMAGINARY
          0  0.00714596   0.0134925 -0.00222523
-0.00714596           0  0.00420151  0.00221431
 -0.0134925 -0.00420151           0  -0.0110727
 0.00222523 -0.00221431   0.0110727           0
Repeater1[0]<--->BSA[0]
REAL
   0.523039 -0.00234078 -0.00292227   0.0891619
-0.00234078    0.120797 -0.00458813  0.00224568
-0.00292227 -0.00458813    0.120797  0.00572373
  0.0891619  0.00224568  0.00572373    0.235367
IMAGINARY
          0    -0.01541  -0.0150669   0.0420043
    0.01541           0   0.0229307  -0.0199331
  0.0150669  -0.0229307           0  0.00916001
 -0.0420043   0.0199331 -0.00916001           0
