EndNode1[0]<--->Repeater1[0]
REAL
   0.340479 -0.00594021    0.011727    0.187121
-0.00594021    0.163934   0.0541288   -0.027977
   0.011727   0.0541288    0.167718 -0.00655979
   0.187121   -0.027977 -0.00655979    0.327869
IMAGINARY
           0 -0.000203912   0.00551418  -0.00869224
 0.000203912            0    0.0176897 -0.000399091
 -0.00551418   -0.0176897            0   -0.0164201
  0.00869224  0.000399091    0.0164201            0
EndNode2[0]<--->BSA[0]
REAL
   0.364303 -0.00178783   0.0148339    0.199175
-0.00178783    0.174817   0.0723273  -0.0167595
  0.0148339   0.0723273    0.161369   0.0101319
   0.199175  -0.0167595   0.0101319    0.299511
IMAGINARY
          0  -0.0107843   0.0104955  -0.0106643
  0.0107843           0  0.00681818  0.00305131
 -0.0104955 -0.00681818           0   0.0107843
  0.0106643 -0.00305131  -0.0107843           0
Repeater1[0]<--->EndNode1[0]
REAL
   0.340479    0.011727 -0.00594021    0.187121
   0.011727    0.167718   0.0541288 -0.00655979
-0.00594021   0.0541288    0.163934   -0.027977
   0.187121 -0.00655979   -0.027977    0.327869
IMAGINARY
           0   0.00551418 -0.000203912  -0.00869224
 -0.00551418            0   -0.0176897   -0.0164201
 0.000203912    0.0176897            0 -0.000399091
  0.00869224    0.0164201  0.000399091            0
Repeater1[0]<--->BSA[0]
REAL
   0.364303   0.0148339 -0.00178783    0.199175
  0.0148339    0.161369   0.0723273   0.0101319
-0.00178783   0.0723273    0.174817  -0.0167595
   0.199175   0.0101319  -0.0167595    0.299511
IMAGINARY
          0   0.0104955  -0.0107843  -0.0106643
 -0.0104955           0 -0.00681818   0.0107843
  0.0107843  0.00681818           0  0.00305131
  0.0106643  -0.0107843 -0.00305131           0
