EndNode1[0]<--->Repeater1[0]
REAL
  0.494924 -0.0148198 0.00793013   0.169138
-0.0148198   0.129442 -0.0113433 0.00918013
0.00793013 -0.0113433   0.148477 0.00911637
  0.169138 0.00918013 0.00911637   0.227157
IMAGINARY
           0   0.00195012  -0.00459602  -0.00308642
 -0.00195012            0   0.00308642  0.000585326
  0.00459602  -0.00308642            0  -0.00729772
  0.00308642 -0.000585326   0.00729772            0
EndNode2[0]<--->BSA[0]
REAL
    0.458333   0.00442651  -0.00561497     0.185768
  0.00442651     0.084596  -0.00486057 -0.000393039
 -0.00561497  -0.00486057     0.094697  -0.00642918
    0.185768 -0.000393039  -0.00642918     0.362374
IMAGINARY
           0   0.00220464   0.00863495  -0.00976679
 -0.00220464            0  0.000928402    0.0138298
 -0.00863495 -0.000928402            0    0.0125579
  0.00976679   -0.0138298   -0.0125579            0
Repeater1[0]<--->EndNode1[0]
REAL
  0.494924 0.00793013 -0.0148198   0.169138
0.00793013   0.148477 -0.0113433 0.00911637
-0.0148198 -0.0113433   0.129442 0.00918013
  0.169138 0.00911637 0.00918013   0.227157
IMAGINARY
           0  -0.00459602   0.00195012  -0.00308642
  0.00459602            0  -0.00308642  -0.00729772
 -0.00195012   0.00308642            0  0.000585326
  0.00308642   0.00729772 -0.000585326            0
Repeater1[0]<--->BSA[0]
REAL
    0.458333  -0.00561497   0.00442651     0.185768
 -0.00561497     0.094697  -0.00486057  -0.00642918
  0.00442651  -0.00486057     0.084596 -0.000393039
    0.185768  -0.00642918 -0.000393039     0.362374
IMAGINARY
           0   0.00863495   0.00220464  -0.00976679
 -0.00863495            0 -0.000928402    0.0125579
 -0.00220464  0.000928402            0    0.0138298
  0.00976679   -0.0125579   -0.0138298            0
EndNode1[0]<--->Repeater1[0]
REAL
   0.509702  -0.0141147 -0.00661775    0.149835
 -0.0141147    0.113842   0.0181241   -0.026974
-0.00661775   0.0181241    0.122898 -0.00784908
   0.149835   -0.026974 -0.00784908    0.253558
IMAGINARY
          0  0.00193009   -0.014733 -0.00568729
-0.00193009           0   -0.012354 -0.00336937
   0.014733    0.012354           0  0.00993009
 0.00568729  0.00336937 -0.00993009           0
EndNode2[0]<--->BSA[0]
REAL
   0.492228 -0.00994055  0.00239949    0.193775
-0.00994055    0.101036   0.0194131 -0.00560051
 0.00239949   0.0194131   0.0919689 -0.00606458
   0.193775 -0.00560051 -0.00606458    0.314767
IMAGINARY
          0  0.00266031  -0.0223968 -0.00859725
-0.00266031           0  0.00996711   0.0144989
  0.0223968 -0.00996711           0  0.00523763
 0.00859725  -0.0144989 -0.00523763           0
Repeater1[0]<--->EndNode1[0]
REAL
   0.509702 -0.00661775  -0.0141147    0.149835
-0.00661775    0.122898   0.0181241 -0.00784908
 -0.0141147   0.0181241    0.113842   -0.026974
   0.149835 -0.00784908   -0.026974    0.253558
IMAGINARY
          0   -0.014733  0.00193009 -0.00568729
   0.014733           0    0.012354  0.00993009
-0.00193009   -0.012354           0 -0.00336937
 0.00568729 -0.00993009  0.00336937           0
Repeater1[0]<--->BSA[0]
REAL
   0.492228  0.00239949 -0.00994055    0.193775
 0.00239949   0.0919689   0.0194131 -0.00606458
-0.00994055   0.0194131    0.101036 -0.00560051
   0.193775 -0.00606458 -0.00560051    0.314767
IMAGINARY
          0  -0.0223968  0.00266031 -0.00859725
  0.0223968           0 -0.00996711  0.00523763
-0.00266031  0.00996711           0   0.0144989
 0.00859725 -0.00523763  -0.0144989           0
EndNode1[0]<--->Repeater1[0]
REAL
  0.488498  -0.012991 -0.0113523   0.170011
 -0.012991   0.127199 0.00549446 -0.0126376
-0.0113523 0.00549446   0.129905  0.0104658
  0.170011 -0.0126376  0.0104658   0.254398
IMAGINARY
           0   0.00535212  -0.00837767   -0.0235718
 -0.00535212            0   0.00388673  -0.00904168
  0.00837767  -0.00388673            0 -0.000835995
   0.0235718   0.00904168  0.000835995            0
EndNode2[0]<--->BSA[0]
REAL
   0.498747   0.0238651    -0.02161    0.171874
  0.0238651   0.0902256  0.00195708 -0.00304235
   -0.02161  0.00195708    0.115288  -0.0384037
   0.171874 -0.00304235  -0.0384037    0.295739
IMAGINARY
          0 -0.00777031 -0.00548724  -0.0130295
 0.00777031           0   0.0256239 -0.00147655
 0.00548724  -0.0256239           0  0.00498479
  0.0130295  0.00147655 -0.00498479           0
Repeater1[0]<--->EndNode1[0]
REAL
  0.488498 -0.0113523  -0.012991   0.170011
-0.0113523   0.129905 0.00549446  0.0104658
 -0.012991 0.00549446   0.127199 -0.0126376
  0.170011  0.0104658 -0.0126376   0.254398
IMAGINARY
           0  -0.00837767   0.00535212   -0.0235718
  0.00837767            0  -0.00388673 -0.000835995
 -0.00535212   0.00388673            0  -0.00904168
   0.0235718  0.000835995   0.00904168            0
Repeater1[0]<--->BSA[0]
REAL
   0.498747    -0.02161   0.0238651    0.171874
   -0.02161    0.115288  0.00195708  -0.0384037
  0.0238651  0.00195708   0.0902256 -0.00304235
   0.171874  -0.0384037 -0.00304235    0.295739
IMAGINARY
          0 -0.00548724 -0.00777031  -0.0130295
 0.00548724           0  -0.0256239  0.00498479
 0.00777031   0.0256239           0 -0.00147655
  0.0130295 -0.00498479  0.00147655           0
EndNode1[0]<--->Repeater1[0]
REAL
   0.469657  0.00190854  -0.0176503    0.163477
 0.00190854    0.133245   0.0057842  0.00403166
 -0.0176503   0.0057842    0.133245 -0.00126003
   0.163477  0.00403166 -0.00126003    0.263852
IMAGINARY
          0  0.00702485 -0.00476643  0.00364654
-0.00702485           0   0.0150102  -0.0106182
 0.00476643  -0.0150102           0   0.0173341
-0.00364654   0.0106182  -0.0173341           0
EndNode2[0]<--->BSA[0]
REAL
   0.477387 -0.00221884  0.00213235    0.189753
-0.00221884    0.089196 -0.00729456   0.0151532
 0.00213235 -0.00729456   0.0954774  0.00157863
   0.189753   0.0151532  0.00157863     0.33794
IMAGINARY
          0  0.00470526 -0.00491139  0.00527562
-0.00470526           0 -0.00398363   0.0119717
 0.00491139  0.00398363           0  -0.0194678
-0.00527562  -0.0119717   0.0194678           0
Repeater1[0]<--->EndNode1[0]
REAL
   0.469657  -0.0176503  0.00190854    0.163477
 -0.0176503    0.133245   0.0057842 -0.00126003
 0.00190854   0.0057842    0.133245  0.00403166
   0.163477 -0.00126003  0.00403166    0.263852
IMAGINARY
          0 -0.00476643  0.00702485  0.00364654
 0.00476643           0  -0.0150102   0.0173341
-0.00702485   0.0150102           0  -0.0106182
-0.00364654  -0.0173341   0.0106182           0
Repeater1[0]<--->BSA[0]
REAL
   0.477387  0.00213235 -0.00221884    0.189753
 0.00213235   0.0954774 -0.00729456  0.00157863
-0.00221884 -0.00729456    0.089196   0.0151532
   0.189753  0.00157863   0.0151532     0.33794
IMAGINARY
          0 -0.00491139  0.00470526  0.00527562
 0.00491139           0  0.00398363  -0.0194678
-0.00470526 -0.00398363           0   0.0119717
-0.00527562   0.0194678  -0.0119717           0
EndNode1[0]<--->Repeater1[0]
REAL
    0.491905    0.0115877 -0.000433442     0.134899
   0.0115877     0.107098  -0.00943087   0.00979674
-0.000433442  -0.00943087     0.136986  -0.00222443
    0.134899   0.00979674  -0.00222443      0.26401
IMAGINARY
          0  0.00258403  -0.0175676 -0.00362344
-0.00258403           0  -0.0129817  0.00854702
  0.0175676   0.0129817           0  0.00128195
 0.00362344 -0.00854702 -0.00128195           0
EndNode2[0]<--->BSA[0]
REAL
   0.476478     0.01088  -0.0103283    0.205535
    0.01088   0.0747889   0.0147268 -0.00209001
 -0.0103283   0.0147268    0.112183  0.00545991
   0.205535 -0.00209001  0.00545991     0.33655
IMAGINARY
          0     0.01757 -0.00838133 -0.00777924
   -0.01757           0 -0.00586841  -0.0139028
 0.00838133  0.00586841           0   0.0102852
 0.00777924   0.0139028  -0.0102852           0
Repeater1[0]<--->EndNode1[0]
REAL
    0.491905 -0.000433442    0.0115877     0.134899
-0.000433442     0.136986  -0.00943087  -0.00222443
   0.0115877  -0.00943087     0.107098   0.00979674
    0.134899  -0.00222443   0.00979674      0.26401
IMAGINARY
          0  -0.0175676  0.00258403 -0.00362344
  0.0175676           0   0.0129817  0.00128195
-0.00258403  -0.0129817           0  0.00854702
 0.00362344 -0.00128195 -0.00854702           0
Repeater1[0]<--->BSA[0]
REAL
   0.476478  -0.0103283     0.01088    0.205535
 -0.0103283    0.112183   0.0147268  0.00545991
    0.01088   0.0147268   0.0747889 -0.00209001
   0.205535  0.00545991 -0.00209001     0.33655
IMAGINARY
          0 -0.00838133     0.01757 -0.00777924
 0.00838133           0  0.00586841   0.0102852
   -0.01757 -0.00586841           0  -0.0139028
 0.00777924  -0.0102852   0.0139028           0
EndNode1[0]<--->Repeater1[0]
REAL
   0.462392 -0.00384035   0.0144515    0.165152
-0.00384035    0.149199  -0.0113558 0.000348975
  0.0144515  -0.0113558    0.124538   0.0122059
   0.165152 0.000348975   0.0122059    0.263872
IMAGINARY
          0  -0.0215339 -0.00709147   0.0108873
  0.0215339           0   0.0121694  0.00773332
 0.00709147  -0.0121694           0   0.0106225
 -0.0108873 -0.00773332  -0.0106225           0
EndNode2[0]<--->BSA[0]
REAL
  0.460823  0.0174078 -0.0125034   0.191488
 0.0174078   0.106242 0.00439528 0.00918335
-0.0125034 0.00439528   0.103586  0.0230968
  0.191488 0.00918335  0.0230968   0.329349
IMAGINARY
          0  -0.0038059 -0.00713225   0.0135231
  0.0038059           0   0.0309795  -0.0169877
 0.00713225  -0.0309795           0  0.00967292
 -0.0135231   0.0169877 -0.00967292           0
Repeater1[0]<--->EndNode1[0]
REAL
   0.462392   0.0144515 -0.00384035    0.165152
  0.0144515    0.124538  -0.0113558   0.0122059
-0.00384035  -0.0113558    0.149199 0.000348975
   0.165152   0.0122059 0.000348975    0.263872
IMAGINARY
          0 -0.00709147  -0.0215339   0.0108873
 0.00709147           0  -0.0121694   0.0106225
  0.0215339   0.0121694           0  0.00773332
 -0.0108873  -0.0106225 -0.00773332           0
Repeater1[0]<--->BSA[0]
REAL
  0.460823 -0.0125034  0.0174078   0.191488
-0.0125034   0.103586 0.00439528  0.0230968
 0.0174078 0.00439528   0.106242 0.00918335
  0.191488  0.0230968 0.00918335   0.329349
IMAGINARY
          0 -0.00713225  -0.0038059   0.0135231
 0.00713225           0  -0.0309795  0.00967292
  0.0038059   0.0309795           0  -0.0169877
 -0.0135231 -0.00967292   0.0169877           0
EndNode1[0]<--->Repeater1[0]
REAL
   0.475703 -0.00469059   0.0132836     0.15647
-0.00469059     0.12532  0.00977057  0.00206166
  0.0132836  0.00977057     0.12532   0.0110844
    0.15647  0.00206166   0.0110844    0.273657
IMAGINARY
          0 -0.00621971   0.0024969   0.0207006
 0.00621971           0   0.0102967 -0.00983187
 -0.0024969  -0.0102967           0  0.00255222
 -0.0207006  0.00983187 -0.00255222           0
EndNode2[0]<--->BSA[0]
REAL
      0.47 -0.0232825  -0.002705   0.172262
-0.0232825      0.105 -0.0328323 -0.0122107
 -0.002705 -0.0328323    0.08625  0.0213369
  0.172262 -0.0122107  0.0213369    0.33875
IMAGINARY
          0 -0.00552906   0.0129377   0.0172248
 0.00552906           0  0.00282692 -0.00221383
 -0.0129377 -0.00282692           0  -0.0159187
 -0.0172248  0.00221383   0.0159187           0
Repeater1[0]<--->EndNode1[0]
REAL
   0.475703   0.0132836 -0.00469059     0.15647
  0.0132836     0.12532  0.00977057   0.0110844
-0.00469059  0.00977057     0.12532  0.00206166
    0.15647   0.0110844  0.00206166    0.273657
IMAGINARY
          0   0.0024969 -0.00621971   0.0207006
 -0.0024969           0  -0.0102967  0.00255222
 0.00621971   0.0102967           0 -0.00983187
 -0.0207006 -0.00255222  0.00983187           0
Repeater1[0]<--->BSA[0]
REAL
      0.47  -0.002705 -0.0232825   0.172262
 -0.002705    0.08625 -0.0328323  0.0213369
-0.0232825 -0.0328323      0.105 -0.0122107
  0.172262  0.0213369 -0.0122107    0.33875
IMAGINARY
          0   0.0129377 -0.00552906   0.0172248
 -0.0129377           0 -0.00282692  -0.0159187
 0.00552906  0.00282692           0 -0.00221383
 -0.0172248   0.0159187  0.00221383           0
EndNode1[0]<--->Repeater1[0]
REAL
   0.481771  0.00631762 -0.00245208     0.15144
 0.00631762    0.148438   0.0143429   0.0051046
-0.00245208   0.0143429    0.115885  0.00694498
    0.15144   0.0051046  0.00694498    0.253906
IMAGINARY
          0  0.00158679   0.0138678 -0.00491935
-0.00158679           0  0.00991935  -0.0273087
 -0.0138678 -0.00991935           0  -0.0177158
 0.00491935   0.0273087   0.0177158           0
EndNode2[0]<--->BSA[0]
REAL
   0.462141 -0.00307863    0.011336    0.190383
-0.00307863     0.10705  0.00677417  -0.0206067
   0.011336  0.00677417    0.108355 -0.00495598
   0.190383  -0.0206067 -0.00495598    0.322454
IMAGINARY
           0    -0.014731 -0.000729383   0.00632525
    0.014731            0  -0.00763415   0.00263535
 0.000729383   0.00763415            0   0.00393051
 -0.00632525  -0.00263535  -0.00393051            0
Repeater1[0]<--->EndNode1[0]
REAL
   0.481771 -0.00245208  0.00631762     0.15144
-0.00245208    0.115885   0.0143429  0.00694498
 0.00631762   0.0143429    0.148438   0.0051046
    0.15144  0.00694498   0.0051046    0.253906
IMAGINARY
          0   0.0138678  0.00158679 -0.00491935
 -0.0138678           0 -0.00991935  -0.0177158
-0.00158679  0.00991935           0  -0.0273087
 0.00491935   0.0177158   0.0273087           0
Repeater1[0]<--->BSA[0]
REAL
   0.462141    0.011336 -0.00307863    0.190383
   0.011336    0.108355  0.00677417 -0.00495598
-0.00307863  0.00677417     0.10705  -0.0206067
   0.190383 -0.00495598  -0.0206067    0.322454
IMAGINARY
           0 -0.000729383    -0.014731   0.00632525
 0.000729383            0   0.00763415   0.00393051
    0.014731  -0.00763415            0   0.00263535
 -0.00632525  -0.00393051  -0.00263535            0
EndNode1[0]<--->Repeater1[0]
REAL
   0.469471   0.0191349  0.00388221    0.145638
  0.0191349    0.119403 -0.00810559  0.00897126
 0.00388221 -0.00810559    0.150611  0.00657206
   0.145638  0.00897126  0.00657206    0.260516
IMAGINARY
          0   0.0172241  -0.0121589   0.0264375
 -0.0172241           0 -0.00172269   0.0068113
  0.0121589  0.00172269           0  0.00817701
 -0.0264375  -0.0068113 -0.00817701           0
EndNode2[0]<--->BSA[0]
REAL
    0.45906   0.0149365 -0.00424846    0.189435
  0.0149365   0.0939597  0.00490428 -0.00895909
-0.00424846  0.00490428    0.118121  -0.0218548
   0.189435 -0.00895909  -0.0218548    0.328859
IMAGINARY
          0 -0.00164172  0.00303341 -0.00679621
 0.00164172           0  0.00417154    0.017064
-0.00303341 -0.00417154           0  -0.0123656
 0.00679621   -0.017064   0.0123656           0
Repeater1[0]<--->EndNode1[0]
REAL
   0.469471  0.00388221   0.0191349    0.145638
 0.00388221    0.150611 -0.00810559  0.00657206
  0.0191349 -0.00810559    0.119403  0.00897126
   0.145638  0.00657206  0.00897126    0.260516
IMAGINARY
          0  -0.0121589   0.0172241   0.0264375
  0.0121589           0  0.00172269  0.00817701
 -0.0172241 -0.00172269           0   0.0068113
 -0.0264375 -0.00817701  -0.0068113           0
Repeater1[0]<--->BSA[0]
REAL
    0.45906 -0.00424846   0.0149365    0.189435
-0.00424846    0.118121  0.00490428  -0.0218548
  0.0149365  0.00490428   0.0939597 -0.00895909
   0.189435  -0.0218548 -0.00895909    0.328859
IMAGINARY
          0  0.00303341 -0.00164172 -0.00679621
-0.00303341           0 -0.00417154  -0.0123656
 0.00164172  0.00417154           0    0.017064
 0.00679621   0.0123656   -0.017064           0
EndNode1[0]<--->Repeater1[0]
REAL
   0.498164  -0.0251307  -0.0181688    0.153508
 -0.0251307    0.140759   0.0196693 -0.00657082
 -0.0181688   0.0196693    0.122399  -0.0139318
   0.153508 -0.00657082  -0.0139318    0.238678
IMAGINARY
          0   0.0143202   0.0103192  -0.0145723
 -0.0143202           0  0.00745712  -0.0292586
 -0.0103192 -0.00745712           0  -0.0054818
  0.0145723   0.0292586   0.0054818           0
EndNode2[0]<--->BSA[0]
REAL
   0.48044 -0.0241885 -0.0159998   0.197101
-0.0241885   0.106357  -0.020815 -0.0197592
-0.0159998  -0.020815   0.096577 0.00599525
  0.197101 -0.0197592 0.00599525   0.316626
IMAGINARY
           0   0.00219026    0.0137555  0.000328504
 -0.00219026            0   0.00293947    0.0021276
  -0.0137555  -0.00293947            0    0.0124222
-0.000328504   -0.0021276   -0.0124222            0
Repeater1[0]<--->EndNode1[0]
REAL
   0.498164  -0.0181688  -0.0251307    0.153508
 -0.0181688    0.122399   0.0196693  -0.0139318
 -0.0251307   0.0196693    0.140759 -0.00657082
   0.153508  -0.0139318 -0.00657082    0.238678
IMAGINARY
          0   0.0103192   0.0143202  -0.0145723
 -0.0103192           0 -0.00745712  -0.0054818
 -0.0143202  0.00745712           0  -0.0292586
  0.0145723   0.0054818   0.0292586           0
Repeater1[0]<--->BSA[0]
REAL
   0.48044 -0.0159998 -0.0241885   0.197101
-0.0159998   0.096577  -0.020815 0.00599525
-0.0241885  -0.020815   0.106357 -0.0197592
  0.197101 0.00599525 -0.0197592   0.316626
IMAGINARY
           0    0.0137555   0.00219026  0.000328504
  -0.0137555            0  -0.00293947    0.0124222
 -0.00219026   0.00293947            0    0.0021276
-0.000328504   -0.0124222   -0.0021276            0
EndNode1[0]<--->Repeater1[0]
REAL
    0.489824    0.0257681    0.0164153     0.149082
   0.0257681     0.134328  -0.00954728 -0.000911428
   0.0164153  -0.00954728     0.127544  -0.00638826
    0.149082 -0.000911428  -0.00638826     0.248304
IMAGINARY
           0   0.00571066  -0.00158996   0.00683598
 -0.00571066            0   0.00157282 -0.000948111
  0.00158996  -0.00157282            0    0.0133249
 -0.00683598  0.000948111   -0.0133249            0
EndNode2[0]<--->BSA[0]
REAL
    0.445799    0.0336088   -0.0100395     0.184145
   0.0336088     0.105691 -0.000130157   0.00694162
  -0.0100395 -0.000130157     0.120596    0.0165771
    0.184145   0.00694162    0.0165771     0.327913
IMAGINARY
          0  -0.0385286 -0.00190522   0.0108927
  0.0385286           0  -0.0136551  -0.0103798
 0.00190522   0.0136551           0   0.0201011
 -0.0108927   0.0103798  -0.0201011           0
Repeater1[0]<--->EndNode1[0]
REAL
    0.489824    0.0164153    0.0257681     0.149082
   0.0164153     0.127544  -0.00954728  -0.00638826
   0.0257681  -0.00954728     0.134328 -0.000911428
    0.149082  -0.00638826 -0.000911428     0.248304
IMAGINARY
           0  -0.00158996   0.00571066   0.00683598
  0.00158996            0  -0.00157282    0.0133249
 -0.00571066   0.00157282            0 -0.000948111
 -0.00683598   -0.0133249  0.000948111            0
Repeater1[0]<--->BSA[0]
REAL
    0.445799   -0.0100395    0.0336088     0.184145
  -0.0100395     0.120596 -0.000130157    0.0165771
   0.0336088 -0.000130157     0.105691   0.00694162
    0.184145    0.0165771   0.00694162     0.327913
IMAGINARY
          0 -0.00190522  -0.0385286   0.0108927
 0.00190522           0   0.0136551   0.0201011
  0.0385286  -0.0136551           0  -0.0103798
 -0.0108927  -0.0201011   0.0103798           0
EndNode1[0]<--->Repeater1[0]
REAL
      0.524  0.00209878 -0.00846058    0.158029
 0.00209878    0.114667  0.00607398  0.00589648
-0.00846058  0.00607398       0.096 -0.00979109
   0.158029  0.00589648 -0.00979109    0.265333
IMAGINARY
          0  0.00108198   0.0206597 -0.00468628
-0.00108198           0   0.0224945  0.00897459
 -0.0206597  -0.0224945           0  -0.0332383
 0.00468628 -0.00897459   0.0332383           0
EndNode2[0]<--->BSA[0]
REAL
    0.446015   0.00098718 -0.000375419     0.187844
  0.00098718     0.100257  -0.00242175   0.00421174
-0.000375419  -0.00242175    0.0976864    0.0156369
    0.187844   0.00421174    0.0156369     0.356041
IMAGINARY
          0  -0.0338873    0.023874  0.00447478
  0.0338873           0  0.00196852 -0.00175014
  -0.023874 -0.00196852           0   0.0104992
-0.00447478  0.00175014  -0.0104992           0
Repeater1[0]<--->EndNode1[0]
REAL
      0.524 -0.00846058  0.00209878    0.158029
-0.00846058       0.096  0.00607398 -0.00979109
 0.00209878  0.00607398    0.114667  0.00589648
   0.158029 -0.00979109  0.00589648    0.265333
IMAGINARY
          0   0.0206597  0.00108198 -0.00468628
 -0.0206597           0  -0.0224945  -0.0332383
-0.00108198   0.0224945           0  0.00897459
 0.00468628   0.0332383 -0.00897459           0
Repeater1[0]<--->BSA[0]
REAL
    0.446015 -0.000375419   0.00098718     0.187844
-0.000375419    0.0976864  -0.00242175    0.0156369
  0.00098718  -0.00242175     0.100257   0.00421174
    0.187844    0.0156369   0.00421174     0.356041
IMAGINARY
          0    0.023874  -0.0338873  0.00447478
  -0.023874           0 -0.00196852   0.0104992
  0.0338873  0.00196852           0 -0.00175014
-0.00447478  -0.0104992  0.00175014           0
EndNode1[0]<--->Repeater1[0]
REAL
   0.483696  0.00269752 -0.00513662    0.146125
 0.00269752    0.138587    0.010125  -0.0130926
-0.00513662    0.010125    0.115489    -0.01051
   0.146125  -0.0130926    -0.01051    0.262228
IMAGINARY
          0  -0.0271258    0.025372   0.0128523
  0.0271258           0  0.00627337  0.00396138
  -0.025372 -0.00627337           0 -0.00354088
 -0.0128523 -0.00396138  0.00354088           0
EndNode2[0]<--->BSA[0]
REAL
   0.456522   0.0344573   0.0076097    0.176996
  0.0344573   0.0910326  0.00816506 0.000777399
  0.0076097  0.00816506    0.110054  0.00489755
   0.176996 0.000777399  0.00489755    0.342391
IMAGINARY
          0 -0.00459515   0.0112855   0.0156266
 0.00459515           0  0.00375325   0.0302729
 -0.0112855 -0.00375325           0   0.0110887
 -0.0156266  -0.0302729  -0.0110887           0
Repeater1[0]<--->EndNode1[0]
REAL
   0.483696 -0.00513662  0.00269752    0.146125
-0.00513662    0.115489    0.010125    -0.01051
 0.00269752    0.010125    0.138587  -0.0130926
   0.146125    -0.01051  -0.0130926    0.262228
IMAGINARY
          0    0.025372  -0.0271258   0.0128523
  -0.025372           0 -0.00627337 -0.00354088
  0.0271258  0.00627337           0  0.00396138
 -0.0128523  0.00354088 -0.00396138           0
Repeater1[0]<--->BSA[0]
REAL
   0.456522   0.0076097   0.0344573    0.176996
  0.0076097    0.110054  0.00816506  0.00489755
  0.0344573  0.00816506   0.0910326 0.000777399
   0.176996  0.00489755 0.000777399    0.342391
IMAGINARY
          0   0.0112855 -0.00459515   0.0156266
 -0.0112855           0 -0.00375325   0.0110887
 0.00459515  0.00375325           0   0.0302729
 -0.0156266  -0.0110887  -0.0302729           0
EndNode1[0]<--->Repeater1[0]
REAL
   0.460957   -0.012921 -0.00819534    0.167975
  -0.012921    0.143577   0.0184771  -0.0247079
-0.00819534   0.0184771    0.120907  -0.0109499
   0.167975  -0.0247079  -0.0109499    0.274559
IMAGINARY
          0   0.0207125  -0.0119032   0.0225439
 -0.0207125           0 -0.00920211   0.0131595
  0.0119032  0.00920211           0   0.0220011
 -0.0225439  -0.0131595  -0.0220011           0
EndNode2[0]<--->BSA[0]
REAL
   0.459288 -0.00360849   0.0113569    0.203062
-0.00360849   0.0979644  0.00915916   0.0011267
  0.0113569  0.00915916   0.0954198  0.00426552
   0.203062   0.0011267  0.00426552    0.347328
IMAGINARY
          0  0.00437153 -0.00918519   0.0130019
-0.00437153           0  0.00620339  0.00186812
 0.00918519 -0.00620339           0  0.00172603
 -0.0130019 -0.00186812 -0.00172603           0
Repeater1[0]<--->EndNode1[0]
REAL
   0.460957 -0.00819534   -0.012921    0.167975
-0.00819534    0.120907   0.0184771  -0.0109499
  -0.012921   0.0184771    0.143577  -0.0247079
   0.167975  -0.0109499  -0.0247079    0.274559
IMAGINARY
          0  -0.0119032   0.0207125   0.0225439
  0.0119032           0  0.00920211   0.0220011
 -0.0207125 -0.00920211           0   0.0131595
 -0.0225439  -0.0220011  -0.0131595           0
Repeater1[0]<--->BSA[0]
REAL
   0.459288   0.0113569 -0.00360849    0.203062
  0.0113569   0.0954198  0.00915916  0.00426552
-0.00360849  0.00915916   0.0979644   0.0011267
   0.203062  0.00426552   0.0011267    0.347328
IMAGINARY
          0 -0.00918519  0.00437153   0.0130019
 0.00918519           0 -0.00620339  0.00172603
-0.00437153  0.00620339           0  0.00186812
 -0.0130019 -0.00172603 -0.00186812           0
EndNode1[0]<--->Repeater1[0]
REAL
   0.483703  -0.0157179 -0.00222606    0.160204
 -0.0157179    0.122555  -0.0201551   -0.010059
-0.00222606  -0.0201551    0.116037   0.0194034
   0.160204   -0.010059   0.0194034    0.277705
IMAGINARY
           0    -0.015461  -0.00424395 -0.000344602
    0.015461            0   -0.0212806   -0.0156534
  0.00424395    0.0212806            0  -0.00443633
 0.000344602    0.0156534   0.00443633            0
EndNode2[0]<--->BSA[0]
REAL
    0.466057 -0.000657891  -0.00411756     0.190434
-0.000657891     0.101828   -0.0084367   -0.0162504
 -0.00411756   -0.0084367     0.105744   -0.0013132
    0.190434   -0.0162504   -0.0013132     0.326371
IMAGINARY
          0  0.00265549 -0.00169321   0.0114922
-0.00265549           0   0.0108403   0.0136129
 0.00169321  -0.0108403           0 -0.00704696
 -0.0114922  -0.0136129  0.00704696           0
Repeater1[0]<--->EndNode1[0]
REAL
   0.483703 -0.00222606  -0.0157179    0.160204
-0.00222606    0.116037  -0.0201551   0.0194034
 -0.0157179  -0.0201551    0.122555   -0.010059
   0.160204   0.0194034   -0.010059    0.277705
IMAGINARY
           0  -0.00424395    -0.015461 -0.000344602
  0.00424395            0    0.0212806  -0.00443633
    0.015461   -0.0212806            0   -0.0156534
 0.000344602   0.00443633    0.0156534            0
Repeater1[0]<--->BSA[0]
REAL
    0.466057  -0.00411756 -0.000657891     0.190434
 -0.00411756     0.105744   -0.0084367   -0.0013132
-0.000657891   -0.0084367     0.101828   -0.0162504
    0.190434   -0.0013132   -0.0162504     0.326371
IMAGINARY
          0 -0.00169321  0.00265549   0.0114922
 0.00169321           0  -0.0108403 -0.00704696
-0.00265549   0.0108403           0   0.0136129
 -0.0114922  0.00704696  -0.0136129           0
EndNode1[0]<--->Repeater1[0]
REAL
     0.475  0.0119334  0.0354504   0.145733
 0.0119334   0.132895 0.00162244 -0.0215965
 0.0354504 0.00162244   0.135526 0.00695828
  0.145733 -0.0215965 0.00695828   0.256579
IMAGINARY
          0  -0.0042707   -0.017879  0.00811369
  0.0042707           0 -0.00366642  -0.0147024
   0.017879  0.00366642           0   0.0042707
-0.00811369   0.0147024  -0.0042707           0
EndNode2[0]<--->BSA[0]
REAL
  0.476961 0.00283374 -0.0206945     0.1932
0.00283374  0.0772105 -0.0104587  0.0130803
-0.0206945 -0.0104587   0.100872   0.025085
    0.1932  0.0130803   0.025085   0.344956
IMAGINARY
           0  0.000400981    0.0165256   0.00111442
-0.000400981            0    0.0105995 -0.000671897
  -0.0165256   -0.0105995            0   0.00447707
 -0.00111442  0.000671897  -0.00447707            0
Repeater1[0]<--->EndNode1[0]
REAL
     0.475  0.0354504  0.0119334   0.145733
 0.0354504   0.135526 0.00162244 0.00695828
 0.0119334 0.00162244   0.132895 -0.0215965
  0.145733 0.00695828 -0.0215965   0.256579
IMAGINARY
          0   -0.017879  -0.0042707  0.00811369
   0.017879           0  0.00366642   0.0042707
  0.0042707 -0.00366642           0  -0.0147024
-0.00811369  -0.0042707   0.0147024           0
Repeater1[0]<--->BSA[0]
REAL
  0.476961 -0.0206945 0.00283374     0.1932
-0.0206945   0.100872 -0.0104587   0.025085
0.00283374 -0.0104587  0.0772105  0.0130803
    0.1932   0.025085  0.0130803   0.344956
IMAGINARY
           0    0.0165256  0.000400981   0.00111442
  -0.0165256            0   -0.0105995   0.00447707
-0.000400981    0.0105995            0 -0.000671897
 -0.00111442  -0.00447707  0.000671897            0
EndNode1[0]<--->Repeater1[0]
REAL
  0.466175 0.00459902  0.0072851   0.152804
0.00459902   0.132841 0.00658992 -0.0151639
 0.0072851 0.00658992   0.135301 0.00327976
  0.152804 -0.0151639 0.00327976   0.265683
IMAGINARY
          0  0.00424325 -0.00510567 -0.00909454
-0.00424325           0  0.00168713  0.00380018
 0.00510567 -0.00168713           0  0.00358965
 0.00909454 -0.00380018 -0.00358965           0
EndNode2[0]<--->BSA[0]
REAL
   0.491699   0.0192561  -0.0102508    0.196901
  0.0192561   0.0945083 -0.00260036 -0.00140725
 -0.0102508 -0.00260036   0.0996169 -0.00759809
   0.196901 -0.00140725 -0.00759809    0.314176
IMAGINARY
          0   0.0223404  -0.0282363  -0.0164175
 -0.0223404           0  0.00636728   0.0244956
  0.0282363 -0.00636728           0 -0.00488404
  0.0164175  -0.0244956  0.00488404           0
Repeater1[0]<--->EndNode1[0]
REAL
  0.466175  0.0072851 0.00459902   0.152804
 0.0072851   0.135301 0.00658992 0.00327976
0.00459902 0.00658992   0.132841 -0.0151639
  0.152804 0.00327976 -0.0151639   0.265683
IMAGINARY
          0 -0.00510567  0.00424325 -0.00909454
 0.00510567           0 -0.00168713  0.00358965
-0.00424325  0.00168713           0  0.00380018
 0.00909454 -0.00358965 -0.00380018           0
Repeater1[0]<--->BSA[0]
REAL
   0.491699  -0.0102508   0.0192561    0.196901
 -0.0102508   0.0996169 -0.00260036 -0.00759809
  0.0192561 -0.00260036   0.0945083 -0.00140725
   0.196901 -0.00759809 -0.00140725    0.314176
IMAGINARY
          0  -0.0282363   0.0223404  -0.0164175
  0.0282363           0 -0.00636728 -0.00488404
 -0.0223404  0.00636728           0   0.0244956
  0.0164175  0.00488404  -0.0244956           0
EndNode1[0]<--->Repeater1[0]
REAL
   0.473826 -0.00926131   0.0155587    0.150405
-0.00926131    0.130201   0.0124739 -0.00924552
  0.0155587   0.0124739    0.128859   0.0193623
   0.150405 -0.00924552   0.0193623    0.267114
IMAGINARY
           0    0.0128721   0.00589963   0.00126072
  -0.0128721            0    0.0160232  0.000731671
 -0.00589963   -0.0160232            0   -0.0049145
 -0.00126072 -0.000731671    0.0049145            0
EndNode2[0]<--->BSA[0]
REAL
   0.448133   0.0144944 -0.00281385    0.205868
  0.0144944    0.102351  0.00225368  0.00154481
-0.00281385  0.00225368    0.109267 -0.00307312
   0.205868  0.00154481 -0.00307312    0.340249
IMAGINARY
          0  0.00873684  0.00610091  0.00810586
-0.00873684           0 -0.00417916 -0.00128164
-0.00610091  0.00417916           0  -0.0183754
-0.00810586  0.00128164   0.0183754           0
Repeater1[0]<--->EndNode1[0]
REAL
   0.473826   0.0155587 -0.00926131    0.150405
  0.0155587    0.128859   0.0124739   0.0193623
-0.00926131   0.0124739    0.130201 -0.00924552
   0.150405   0.0193623 -0.00924552    0.267114
IMAGINARY
           0   0.00589963    0.0128721   0.00126072
 -0.00589963            0   -0.0160232   -0.0049145
  -0.0128721    0.0160232            0  0.000731671
 -0.00126072    0.0049145 -0.000731671            0
Repeater1[0]<--->BSA[0]
REAL
   0.448133 -0.00281385   0.0144944    0.205868
-0.00281385    0.109267  0.00225368 -0.00307312
  0.0144944  0.00225368    0.102351  0.00154481
   0.205868 -0.00307312  0.00154481    0.340249
IMAGINARY
          0  0.00610091  0.00873684  0.00810586
-0.00610091           0  0.00417916  -0.0183754
-0.00873684 -0.00417916           0 -0.00128164
-0.00810586   0.0183754  0.00128164           0
EndNode1[0]<--->Repeater1[0]
REAL
   0.498089  -0.0225573  -0.0169239    0.138566
 -0.0225573    0.122293 0.000216878   0.0124879
 -0.0169239 0.000216878    0.126115  0.00924932
   0.138566   0.0124879  0.00924932    0.253503
IMAGINARY
          0  -0.0140289  -0.0082561   0.0116783
  0.0140289           0  0.00386577   0.0106833
  0.0082561 -0.00386577           0  -0.0126702
 -0.0116783  -0.0106833   0.0126702           0
EndNode2[0]<--->BSA[0]
REAL
   0.466069  0.00229396   0.0076683    0.175487
 0.00229396   0.0921895 -0.00799333 -0.00518691
  0.0076683 -0.00799333   0.0973111 -0.00973813
   0.175487 -0.00518691 -0.00973813     0.34443
IMAGINARY
          0  -0.0134884  -0.0113372 -0.00517132
  0.0134884           0  0.00768389  -0.0132529
  0.0113372 -0.00768389           0   0.0141189
 0.00517132   0.0132529  -0.0141189           0
Repeater1[0]<--->EndNode1[0]
REAL
   0.498089  -0.0169239  -0.0225573    0.138566
 -0.0169239    0.126115 0.000216878  0.00924932
 -0.0225573 0.000216878    0.122293   0.0124879
   0.138566  0.00924932   0.0124879    0.253503
IMAGINARY
          0  -0.0082561  -0.0140289   0.0116783
  0.0082561           0 -0.00386577  -0.0126702
  0.0140289  0.00386577           0   0.0106833
 -0.0116783   0.0126702  -0.0106833           0
Repeater1[0]<--->BSA[0]
REAL
   0.466069   0.0076683  0.00229396    0.175487
  0.0076683   0.0973111 -0.00799333 -0.00973813
 0.00229396 -0.00799333   0.0921895 -0.00518691
   0.175487 -0.00973813 -0.00518691     0.34443
IMAGINARY
          0  -0.0113372  -0.0134884 -0.00517132
  0.0113372           0 -0.00768389   0.0141189
  0.0134884  0.00768389           0  -0.0132529
 0.00517132  -0.0141189   0.0132529           0
