EndNode1[0]<--->Repeater1[0]
REAL
   0.539177 0.000843692   0.0140349    0.046786
0.000843692    0.179283 -0.00862298 0.000842245
  0.0140349 -0.00862298     0.14077  -0.0208954
   0.046786 0.000842245  -0.0208954     0.14077
IMAGINARY
           0  -0.00680286   -0.0176449    0.0142809
  0.00680286            0 -0.000947547  -0.00610178
   0.0176449  0.000947547            0    0.0133992
  -0.0142809   0.00610178   -0.0133992            0
EndNode2[0]<--->BSA[0]
REAL
  0.469636  0.0187711  0.0190479  0.0978981
 0.0187711    0.14305  0.0210208 -0.0109398
 0.0190479  0.0210208   0.156545  0.0109586
 0.0978981 -0.0109398  0.0109586   0.230769
IMAGINARY
          0  0.00231328  -0.0333377   -0.017574
-0.00231328           0  -0.0103844 -0.00301511
  0.0333377   0.0103844           0   0.0328476
   0.017574  0.00301511  -0.0328476           0
Repeater1[0]<--->EndNode1[0]
REAL
   0.539177   0.0140349 0.000843692    0.046786
  0.0140349     0.14077 -0.00862298  -0.0208954
0.000843692 -0.00862298    0.179283 0.000842245
   0.046786  -0.0208954 0.000842245     0.14077
IMAGINARY
           0   -0.0176449  -0.00680286    0.0142809
   0.0176449            0  0.000947547    0.0133992
  0.00680286 -0.000947547            0  -0.00610178
  -0.0142809   -0.0133992   0.00610178            0
Repeater1[0]<--->BSA[0]
REAL
  0.469636  0.0190479  0.0187711  0.0978981
 0.0190479   0.156545  0.0210208  0.0109586
 0.0187711  0.0210208    0.14305 -0.0109398
 0.0978981  0.0109586 -0.0109398   0.230769
IMAGINARY
          0  -0.0333377  0.00231328   -0.017574
  0.0333377           0   0.0103844   0.0328476
-0.00231328  -0.0103844           0 -0.00301511
   0.017574  -0.0328476  0.00301511           0
