EndNode1[0]<--->Repeater1[0]
REAL
  0.383825 0.00924779  0.0168042   0.268738
0.00924779    0.12837  0.0493231 0.00909217
 0.0168042  0.0493231   0.132221 0.00469643
  0.268738 0.00909217 0.00469643   0.355584
IMAGINARY
          0  0.00766844  0.00501529  0.00668022
-0.00766844           0  0.00164244 -0.00235572
-0.00501529 -0.00164244           0 -0.00899823
-0.00668022  0.00235572  0.00899823           0
EndNode2[0]<--->BSA[0]
REAL
   0.350374  -0.0213878 -0.00834519    0.279419
 -0.0213878    0.154613   0.0573407   0.0077406
-0.00834519   0.0573407    0.118454  0.00990052
   0.279419   0.0077406  0.00990052    0.376559
IMAGINARY
          0   0.0185162  -0.0240357  -0.0105834
 -0.0185162           0   0.0048944 -0.00843187
  0.0240357  -0.0048944           0  0.00356172
  0.0105834  0.00843187 -0.00356172           0
Repeater1[0]<--->EndNode1[0]
REAL
  0.383825  0.0168042 0.00924779   0.268738
 0.0168042   0.132221  0.0493231 0.00469643
0.00924779  0.0493231    0.12837 0.00909217
  0.268738 0.00469643 0.00909217   0.355584
IMAGINARY
          0  0.00501529  0.00766844  0.00668022
-0.00501529           0 -0.00164244 -0.00899823
-0.00766844  0.00164244           0 -0.00235572
-0.00668022  0.00899823  0.00235572           0
Repeater1[0]<--->BSA[0]
REAL
   0.350374 -0.00834519  -0.0213878    0.279419
-0.00834519    0.118454   0.0573407  0.00990052
 -0.0213878   0.0573407    0.154613   0.0077406
   0.279419  0.00990052   0.0077406    0.376559
IMAGINARY
          0  -0.0240357   0.0185162  -0.0105834
  0.0240357           0  -0.0048944  0.00356172
 -0.0185162   0.0048944           0 -0.00843187
  0.0105834 -0.00356172  0.00843187           0
EndNode1[0]<--->Repeater1[0]
REAL
   0.379947  0.00845298 -0.00232021    0.251392
 0.00845298    0.150396   0.0607705  0.00502291
-0.00232021   0.0607705    0.150396 -0.00439892
   0.251392  0.00502291 -0.00439892    0.319261
IMAGINARY
           0   -0.0158824   0.00660067     0.011134
   0.0158824            0  -0.00438555   -0.0108638
 -0.00660067   0.00438555            0  0.000657053
   -0.011134    0.0108638 -0.000657053            0
EndNode2[0]<--->BSA[0]
REAL
   0.373737  -0.0113553  0.00361681    0.275289
 -0.0113553    0.138889   0.0698726 -0.00426197
 0.00361681   0.0698726    0.128788 -0.00219304
   0.275289 -0.00426197 -0.00219304    0.358586
IMAGINARY
          0  0.00761808  -0.0169078  -0.0157806
-0.00761808           0  -0.0114002  0.00303722
  0.0169078   0.0114002           0   0.0102155
  0.0157806 -0.00303722  -0.0102155           0
Repeater1[0]<--->EndNode1[0]
REAL
   0.379947 -0.00232021  0.00845298    0.251392
-0.00232021    0.150396   0.0607705 -0.00439892
 0.00845298   0.0607705    0.150396  0.00502291
   0.251392 -0.00439892  0.00502291    0.319261
IMAGINARY
           0   0.00660067   -0.0158824     0.011134
 -0.00660067            0   0.00438555  0.000657053
   0.0158824  -0.00438555            0   -0.0108638
   -0.011134 -0.000657053    0.0108638            0
Repeater1[0]<--->BSA[0]
REAL
   0.373737  0.00361681  -0.0113553    0.275289
 0.00361681    0.128788   0.0698726 -0.00219304
 -0.0113553   0.0698726    0.138889 -0.00426197
   0.275289 -0.00219304 -0.00426197    0.358586
IMAGINARY
          0  -0.0169078  0.00761808  -0.0157806
  0.0169078           0   0.0114002   0.0102155
-0.00761808  -0.0114002           0  0.00303722
  0.0157806  -0.0102155 -0.00303722           0
EndNode1[0]<--->Repeater1[0]
REAL
   0.413793 0.000690255  -0.0303854    0.246904
0.000690255    0.124668   0.0536211   0.0225114
 -0.0303854   0.0536211    0.129973  0.00718376
   0.246904   0.0225114  0.00718376    0.331565
IMAGINARY
          0 -0.00766001   0.0115941  0.00550045
 0.00766001           0   0.0149599  -0.0236346
 -0.0115941  -0.0149599           0     0.02984
-0.00550045   0.0236346    -0.02984           0
EndNode2[0]<--->BSA[0]
REAL
   0.369806 -0.00618777 -0.00323722    0.267366
-0.00618777    0.139889   0.0569409  0.00125572
-0.00323722   0.0569409    0.126039  0.00816928
   0.267366  0.00125572  0.00816928    0.364266
IMAGINARY
           0   -0.0100029    0.0136049    0.0110922
   0.0100029            0   -0.0104711  -0.00523936
  -0.0136049    0.0104711            0  0.000350359
  -0.0110922   0.00523936 -0.000350359            0
Repeater1[0]<--->EndNode1[0]
REAL
   0.413793  -0.0303854 0.000690255    0.246904
 -0.0303854    0.129973   0.0536211  0.00718376
0.000690255   0.0536211    0.124668   0.0225114
   0.246904  0.00718376   0.0225114    0.331565
IMAGINARY
          0   0.0115941 -0.00766001  0.00550045
 -0.0115941           0  -0.0149599     0.02984
 0.00766001   0.0149599           0  -0.0236346
-0.00550045    -0.02984   0.0236346           0
Repeater1[0]<--->BSA[0]
REAL
   0.369806 -0.00323722 -0.00618777    0.267366
-0.00323722    0.126039   0.0569409  0.00816928
-0.00618777   0.0569409    0.139889  0.00125572
   0.267366  0.00816928  0.00125572    0.364266
IMAGINARY
           0    0.0136049   -0.0100029    0.0110922
  -0.0136049            0    0.0104711  0.000350359
   0.0100029   -0.0104711            0  -0.00523936
  -0.0110922 -0.000350359   0.00523936            0
EndNode1[0]<--->Repeater1[0]
REAL
   0.385965  0.00670034 -0.00606165    0.258407
 0.00670034    0.117794   0.0593269   0.0183769
-0.00606165   0.0593269    0.137845 -0.00177423
   0.258407   0.0183769 -0.00177423    0.358396
IMAGINARY
           0    0.0196289   -0.0120281    -0.019008
  -0.0196289            0   0.00221215  0.000858542
   0.0120281  -0.00221215            0    0.0165078
    0.019008 -0.000858542   -0.0165078            0
EndNode2[0]<--->BSA[0]
REAL
    0.38247   -0.016892 -0.00915946     0.28149
  -0.016892    0.155378    0.066032  0.00979479
-0.00915946    0.066032    0.135458   0.0124447
    0.28149  0.00979479   0.0124447    0.326693
IMAGINARY
          0   -0.005891   0.0115826  -0.0147917
   0.005891           0   0.0153752 -0.00816263
 -0.0115826  -0.0153752           0  0.00794299
  0.0147917  0.00816263 -0.00794299           0
Repeater1[0]<--->EndNode1[0]
REAL
   0.385965 -0.00606165  0.00670034    0.258407
-0.00606165    0.137845   0.0593269 -0.00177423
 0.00670034   0.0593269    0.117794   0.0183769
   0.258407 -0.00177423   0.0183769    0.358396
IMAGINARY
           0   -0.0120281    0.0196289    -0.019008
   0.0120281            0  -0.00221215    0.0165078
  -0.0196289   0.00221215            0  0.000858542
    0.019008   -0.0165078 -0.000858542            0
Repeater1[0]<--->BSA[0]
REAL
    0.38247 -0.00915946   -0.016892     0.28149
-0.00915946    0.135458    0.066032   0.0124447
  -0.016892    0.066032    0.155378  0.00979479
    0.28149   0.0124447  0.00979479    0.326693
IMAGINARY
          0   0.0115826   -0.005891  -0.0147917
 -0.0115826           0  -0.0153752  0.00794299
   0.005891   0.0153752           0 -0.00816263
  0.0147917 -0.00794299  0.00816263           0
EndNode1[0]<--->Repeater1[0]
REAL
   0.384516 -0.00501433  -0.0236495    0.261869
-0.00501433    0.117419   0.0676436  -0.0107344
 -0.0236495   0.0676436    0.147097 -0.00501433
   0.261869  -0.0107344 -0.00501433    0.350968
IMAGINARY
          0 -0.00126903    0.021715 -0.00756107
 0.00126903           0  -0.0112832 -0.00202994
  -0.021715   0.0112832           0  -0.0118543
 0.00756107  0.00202994   0.0118543           0
EndNode2[0]<--->BSA[0]
REAL
  0.406166 0.00510204 -0.0044295   0.266762
0.00510204   0.121984  0.0495645 -0.0083256
-0.0044295  0.0495645   0.130027  0.0178571
  0.266762 -0.0083256  0.0178571   0.341823
IMAGINARY
          0 -0.00674733   0.0112933  0.00588977
 0.00674733           0   0.0220605  0.00590412
 -0.0112933  -0.0220605           0 -0.00535458
-0.00588977 -0.00590412  0.00535458           0
Repeater1[0]<--->EndNode1[0]
REAL
   0.384516  -0.0236495 -0.00501433    0.261869
 -0.0236495    0.147097   0.0676436 -0.00501433
-0.00501433   0.0676436    0.117419  -0.0107344
   0.261869 -0.00501433  -0.0107344    0.350968
IMAGINARY
          0    0.021715 -0.00126903 -0.00756107
  -0.021715           0   0.0112832  -0.0118543
 0.00126903  -0.0112832           0 -0.00202994
 0.00756107   0.0118543  0.00202994           0
Repeater1[0]<--->BSA[0]
REAL
  0.406166 -0.0044295 0.00510204   0.266762
-0.0044295   0.130027  0.0495645  0.0178571
0.00510204  0.0495645   0.121984 -0.0083256
  0.266762  0.0178571 -0.0083256   0.341823
IMAGINARY
          0   0.0112933 -0.00674733  0.00588977
 -0.0112933           0  -0.0220605 -0.00535458
 0.00674733   0.0220605           0  0.00590412
-0.00588977  0.00535458 -0.00590412           0
EndNode1[0]<--->Repeater1[0]
REAL
   0.350923   0.0113512  0.00712415     0.25802
  0.0113512    0.135884   0.0504036   0.0078215
 0.00712415   0.0504036    0.153034 -0.00319905
    0.25802   0.0078215 -0.00319905    0.360158
IMAGINARY
           0  0.000623373  0.000904079     0.006875
-0.000623373            0    -0.006875   0.00278143
-0.000904079     0.006875            0  -0.00185187
   -0.006875  -0.00278143   0.00185187            0
EndNode2[0]<--->BSA[0]
REAL
   0.395833  -0.0199669  0.00550676    0.270477
 -0.0199669    0.127451   0.0720232 -0.00800676
 0.00550676   0.0720232    0.142157  -0.0100331
   0.270477 -0.00800676  -0.0100331    0.334559
IMAGINARY
          0  -0.0229025  0.00145702 -0.00164603
  0.0229025           0 -0.00361712   0.0191615
-0.00145702  0.00361712           0 -0.00802537
 0.00164603  -0.0191615  0.00802537           0
Repeater1[0]<--->EndNode1[0]
REAL
   0.350923  0.00712415   0.0113512     0.25802
 0.00712415    0.153034   0.0504036 -0.00319905
  0.0113512   0.0504036    0.135884   0.0078215
    0.25802 -0.00319905   0.0078215    0.360158
IMAGINARY
           0  0.000904079  0.000623373     0.006875
-0.000904079            0     0.006875  -0.00185187
-0.000623373    -0.006875            0   0.00278143
   -0.006875   0.00185187  -0.00278143            0
Repeater1[0]<--->BSA[0]
REAL
   0.395833  0.00550676  -0.0199669    0.270477
 0.00550676    0.142157   0.0720232  -0.0100331
 -0.0199669   0.0720232    0.127451 -0.00800676
   0.270477  -0.0100331 -0.00800676    0.334559
IMAGINARY
          0  0.00145702  -0.0229025 -0.00164603
-0.00145702           0  0.00361712 -0.00802537
  0.0229025 -0.00361712           0   0.0191615
 0.00164603  0.00802537  -0.0191615           0
