EndNode1[0]<--->Repeater1[0]
REAL
   0.476252 -0.00879397  0.00890429    0.318265
-0.00879397   0.0629012  -0.0155012   0.0187339
 0.00890429  -0.0155012   0.0410783   0.0226131
   0.318265   0.0187339   0.0226131    0.419769
IMAGINARY
           0   0.00420821   0.00292334   0.00788071
 -0.00420821            0  0.000728563   0.00486887
 -0.00292334 -0.000728563            0   0.00358399
 -0.00788071  -0.00486887  -0.00358399            0
EndNode2[0]<--->HoM1[0]
REAL
    0.447044    0.0108193    0.0203969      0.35075
   0.0108193    0.0517241   0.00211467    0.0121552
   0.0203969   0.00211467    0.0357143 -0.000402639
     0.35075    0.0121552 -0.000402639     0.465517
IMAGINARY
          0   0.0180893   -0.024715   0.0117686
 -0.0180893           0  0.00633379  -0.0174686
   0.024715 -0.00633379           0  0.00920602
 -0.0117686   0.0174686 -0.00920602           0
Repeater1[0]<--->EndNode1[0]
REAL
   0.476252  0.00890429 -0.00879397    0.318265
 0.00890429   0.0410783  -0.0155012   0.0226131
-0.00879397  -0.0155012   0.0629012   0.0187339
   0.318265   0.0226131   0.0187339    0.419769
IMAGINARY
           0   0.00292334   0.00420821   0.00788071
 -0.00292334            0 -0.000728563   0.00358399
 -0.00420821  0.000728563            0   0.00486887
 -0.00788071  -0.00358399  -0.00486887            0
Repeater1[0]<--->HoM1[0]
REAL
    0.447044    0.0203969    0.0108193      0.35075
   0.0203969    0.0357143   0.00211467 -0.000402639
   0.0108193   0.00211467    0.0517241    0.0121552
     0.35075 -0.000402639    0.0121552     0.465517
IMAGINARY
          0   -0.024715   0.0180893   0.0117686
   0.024715           0 -0.00633379  0.00920602
 -0.0180893  0.00633379           0  -0.0174686
 -0.0117686 -0.00920602   0.0174686           0
EndNode1[0]<--->Repeater1[0]
REAL
   0.452288  -0.0119991 -0.00996016    0.324979
 -0.0119991   0.0496732  -0.0201984  -0.0212483
-0.00996016  -0.0201984   0.0640523  -0.0178814
   0.324979  -0.0212483  -0.0178814    0.433987
IMAGINARY
          0   -0.022189  0.00952615  0.00542881
   0.022189           0  -0.0145197   0.0209307
-0.00952615   0.0145197           0  -0.0184201
-0.00542881  -0.0209307   0.0184201           0
EndNode2[0]<--->HoM1[0]
REAL
  0.437414 -0.0187496  0.0125236   0.320361
-0.0187496  0.0563961 0.00364966   -0.01457
 0.0125236 0.00364966  0.0591472  0.0180675
  0.320361   -0.01457  0.0180675   0.447043
IMAGINARY
          0 -0.00071948 -0.00405909 -0.00557697
 0.00071948           0  0.00619502 -0.00537488
 0.00405909 -0.00619502           0 -0.00332365
 0.00557697  0.00537488  0.00332365           0
Repeater1[0]<--->EndNode1[0]
REAL
   0.452288 -0.00996016  -0.0119991    0.324979
-0.00996016   0.0640523  -0.0201984  -0.0178814
 -0.0119991  -0.0201984   0.0496732  -0.0212483
   0.324979  -0.0178814  -0.0212483    0.433987
IMAGINARY
          0  0.00952615   -0.022189  0.00542881
-0.00952615           0   0.0145197  -0.0184201
   0.022189  -0.0145197           0   0.0209307
-0.00542881   0.0184201  -0.0209307           0
Repeater1[0]<--->HoM1[0]
REAL
  0.437414  0.0125236 -0.0187496   0.320361
 0.0125236  0.0591472 0.00364966  0.0180675
-0.0187496 0.00364966  0.0563961   -0.01457
  0.320361  0.0180675   -0.01457   0.447043
IMAGINARY
          0 -0.00405909 -0.00071948 -0.00557697
 0.00405909           0 -0.00619502 -0.00332365
 0.00071948  0.00619502           0 -0.00537488
 0.00557697  0.00332365  0.00537488           0
EndNode1[0]<--->Repeater1[0]
REAL
    0.447436   -0.0152482 -0.000109323     0.331683
  -0.0152482    0.0615385   0.00891466   -0.0191933
-0.000109323   0.00891466    0.0448718   -0.0165077
    0.331683   -0.0191933   -0.0165077     0.446154
IMAGINARY
           0   -0.0215515  0.000492278  -0.00651156
   0.0215515            0   0.00788143   -0.0127821
-0.000492278  -0.00788143            0   0.00667435
  0.00651156    0.0127821  -0.00667435            0
EndNode2[0]<--->HoM1[0]
REAL
 0.467532  0.007254 0.0160668  0.335198
 0.007254 0.0519481 0.0246989 0.0186375
0.0160668 0.0246989 0.0376623 0.0184529
 0.335198 0.0186375 0.0184529  0.442857
IMAGINARY
           0    0.0041482   0.00643665 -0.000391655
  -0.0041482            0   -0.0168058  -0.00707686
 -0.00643665    0.0168058            0     0.024661
 0.000391655   0.00707686    -0.024661            0
Repeater1[0]<--->EndNode1[0]
REAL
    0.447436 -0.000109323   -0.0152482     0.331683
-0.000109323    0.0448718   0.00891466   -0.0165077
  -0.0152482   0.00891466    0.0615385   -0.0191933
    0.331683   -0.0165077   -0.0191933     0.446154
IMAGINARY
           0  0.000492278   -0.0215515  -0.00651156
-0.000492278            0  -0.00788143   0.00667435
   0.0215515   0.00788143            0   -0.0127821
  0.00651156  -0.00667435    0.0127821            0
Repeater1[0]<--->HoM1[0]
REAL
 0.467532 0.0160668  0.007254  0.335198
0.0160668 0.0376623 0.0246989 0.0184529
 0.007254 0.0246989 0.0519481 0.0186375
 0.335198 0.0184529 0.0186375  0.442857
IMAGINARY
           0   0.00643665    0.0041482 -0.000391655
 -0.00643665            0    0.0168058     0.024661
  -0.0041482   -0.0168058            0  -0.00707686
 0.000391655    -0.024661   0.00707686            0
EndNode1[0]<--->Repeater1[0]
REAL
   0.442133   0.0106501  0.00990193    0.321541
  0.0106501   0.0637191  0.00493672 -0.00861659
 0.00990193  0.00493672   0.0598179  -0.0132208
   0.321541 -0.00861659  -0.0132208     0.43433
IMAGINARY
          0 -0.00727181 -0.00683036 -0.00902595
 0.00727181           0  0.00263208   0.0173632
 0.00683036 -0.00263208           0  0.00665224
 0.00902595  -0.0173632 -0.00665224           0
EndNode2[0]<--->HoM1[0]
REAL
  0.458005 -0.0162261 -0.0103535   0.327608
-0.0162261  0.0459318  0.0108142 0.00144769
-0.0103535  0.0108142  0.0472441  0.0111371
  0.327608 0.00144769  0.0111371   0.448819
IMAGINARY
          0   0.0178262 -0.00309438 -0.00385283
 -0.0178262           0 -0.00130181 -0.00708374
 0.00309438  0.00130181           0  0.00507454
 0.00385283  0.00708374 -0.00507454           0
Repeater1[0]<--->EndNode1[0]
REAL
   0.442133  0.00990193   0.0106501    0.321541
 0.00990193   0.0598179  0.00493672  -0.0132208
  0.0106501  0.00493672   0.0637191 -0.00861659
   0.321541  -0.0132208 -0.00861659     0.43433
IMAGINARY
          0 -0.00683036 -0.00727181 -0.00902595
 0.00683036           0 -0.00263208  0.00665224
 0.00727181  0.00263208           0   0.0173632
 0.00902595 -0.00665224  -0.0173632           0
Repeater1[0]<--->HoM1[0]
REAL
  0.458005 -0.0103535 -0.0162261   0.327608
-0.0103535  0.0472441  0.0108142  0.0111371
-0.0162261  0.0108142  0.0459318 0.00144769
  0.327608  0.0111371 0.00144769   0.448819
IMAGINARY
          0 -0.00309438   0.0178262 -0.00385283
 0.00309438           0  0.00130181  0.00507454
 -0.0178262 -0.00130181           0 -0.00708374
 0.00385283 -0.00507454  0.00708374           0
EndNode1[0]<--->Repeater1[0]
REAL
    0.473876 -0.000305854 -0.000618007     0.339348
-0.000305854    0.0473876    0.0204401  -0.00335025
-0.000618007    0.0204401    0.0461725    0.0122106
    0.339348  -0.00335025    0.0122106     0.432564
IMAGINARY
           0   0.00782185   -0.0146296  -0.00188387
 -0.00782185            0   -0.0085328   -0.0020149
   0.0146296    0.0085328            0  0.000833281
  0.00188387    0.0020149 -0.000833281            0
EndNode2[0]<--->HoM1[0]
REAL
   0.471795   0.0111007  0.00658596     0.31873
  0.0111007   0.0487179 -0.00206338 -0.00530391
 0.00658596 -0.00206338   0.0435897  0.00684799
    0.31873 -0.00530391  0.00684799    0.435897
IMAGINARY
           0   0.00213406  -0.00401141   -0.0155188
 -0.00213406            0 -0.000481203    0.0129033
  0.00401141  0.000481203            0   -0.0178659
   0.0155188   -0.0129033    0.0178659            0
Repeater1[0]<--->EndNode1[0]
REAL
    0.473876 -0.000618007 -0.000305854     0.339348
-0.000618007    0.0461725    0.0204401    0.0122106
-0.000305854    0.0204401    0.0473876  -0.00335025
    0.339348    0.0122106  -0.00335025     0.432564
IMAGINARY
           0   -0.0146296   0.00782185  -0.00188387
   0.0146296            0    0.0085328  0.000833281
 -0.00782185   -0.0085328            0   -0.0020149
  0.00188387 -0.000833281    0.0020149            0
Repeater1[0]<--->HoM1[0]
REAL
   0.471795  0.00658596   0.0111007     0.31873
 0.00658596   0.0435897 -0.00206338  0.00684799
  0.0111007 -0.00206338   0.0487179 -0.00530391
    0.31873  0.00684799 -0.00530391    0.435897
IMAGINARY
           0  -0.00401141   0.00213406   -0.0155188
  0.00401141            0  0.000481203   -0.0178659
 -0.00213406 -0.000481203            0    0.0129033
   0.0155188    0.0178659   -0.0129033            0
EndNode1[0]<--->Repeater1[0]
REAL
  0.443054 0.00538907 0.00979541   0.325006
0.00538907  0.0375469 0.00895644 -0.0204872
0.00979541 0.00895644  0.0663329 -0.0135652
  0.325006 -0.0204872 -0.0135652   0.453066
IMAGINARY
           0 -0.000302891     0.015444  -0.00191221
 0.000302891            0   0.00727414  0.000605337
   -0.015444  -0.00727414            0  -0.00216624
  0.00191221 -0.000605337   0.00216624            0
EndNode2[0]<--->HoM1[0]
REAL
   0.479275  -0.0012285 -0.00223535    0.324511
 -0.0012285   0.0466321  0.00472757  0.00837786
-0.00223535  0.00472757   0.0505181  -0.0012285
   0.324511  0.00837786  -0.0012285    0.423575
IMAGINARY
          0  -0.0101358  -0.0138519   0.0116547
  0.0101358           0 -0.00406853  0.00436676
  0.0138519  0.00406853           0   0.0155559
 -0.0116547 -0.00436676  -0.0155559           0
Repeater1[0]<--->EndNode1[0]
REAL
  0.443054 0.00979541 0.00538907   0.325006
0.00979541  0.0663329 0.00895644 -0.0135652
0.00538907 0.00895644  0.0375469 -0.0204872
  0.325006 -0.0135652 -0.0204872   0.453066
IMAGINARY
           0     0.015444 -0.000302891  -0.00191221
   -0.015444            0  -0.00727414  -0.00216624
 0.000302891   0.00727414            0  0.000605337
  0.00191221   0.00216624 -0.000605337            0
Repeater1[0]<--->HoM1[0]
REAL
   0.479275 -0.00223535  -0.0012285    0.324511
-0.00223535   0.0505181  0.00472757  -0.0012285
 -0.0012285  0.00472757   0.0466321  0.00837786
   0.324511  -0.0012285  0.00837786    0.423575
IMAGINARY
          0  -0.0138519  -0.0101358   0.0116547
  0.0138519           0  0.00406853   0.0155559
  0.0101358 -0.00406853           0  0.00436676
 -0.0116547  -0.0155559 -0.00436676           0
EndNode1[0]<--->Repeater1[0]
REAL
    0.466837     -0.01677 -0.000257574      0.32584
    -0.01677    0.0497449   0.00383747   -0.0287747
-0.000257574   0.00383747    0.0420918   -0.0174236
     0.32584   -0.0287747   -0.0174236     0.441327
IMAGINARY
           0  -0.00795363     0.010683   -0.0158606
  0.00795363            0  0.000935246   0.00229594
   -0.010683 -0.000935246            0    0.0023912
   0.0158606  -0.00229594   -0.0023912            0
EndNode2[0]<--->HoM1[0]
REAL
   0.463291 -0.00903892  -0.0121734    0.333332
-0.00903892   0.0417722  -0.0163951  0.00158808
 -0.0121734  -0.0163951   0.0544304  0.00218961
   0.333332  0.00158808  0.00218961    0.440506
IMAGINARY
           0  -0.00147121   0.00756948 -0.000526892
  0.00147121            0    -0.011609    0.0224852
 -0.00756948     0.011609            0   -0.0285834
 0.000526892   -0.0224852    0.0285834            0
Repeater1[0]<--->EndNode1[0]
REAL
    0.466837 -0.000257574     -0.01677      0.32584
-0.000257574    0.0420918   0.00383747   -0.0174236
    -0.01677   0.00383747    0.0497449   -0.0287747
     0.32584   -0.0174236   -0.0287747     0.441327
IMAGINARY
           0     0.010683  -0.00795363   -0.0158606
   -0.010683            0 -0.000935246    0.0023912
  0.00795363  0.000935246            0   0.00229594
   0.0158606   -0.0023912  -0.00229594            0
Repeater1[0]<--->HoM1[0]
REAL
   0.463291  -0.0121734 -0.00903892    0.333332
 -0.0121734   0.0544304  -0.0163951  0.00218961
-0.00903892  -0.0163951   0.0417722  0.00158808
   0.333332  0.00218961  0.00158808    0.440506
IMAGINARY
           0   0.00756948  -0.00147121 -0.000526892
 -0.00756948            0     0.011609   -0.0285834
  0.00147121    -0.011609            0    0.0224852
 0.000526892    0.0285834   -0.0224852            0
EndNode1[0]<--->Repeater1[0]
REAL
    0.453125   -0.0108977   -0.0148985     0.330505
  -0.0108977    0.0507812    0.0146484  -0.00519605
  -0.0148985    0.0146484    0.0546875 -0.000922634
    0.330505  -0.00519605 -0.000922634     0.441406
IMAGINARY
          0  0.00195325 -0.00359504 -0.00119455
-0.00195325           0  0.00320797   -0.013029
 0.00359504 -0.00320797           0   0.0146708
 0.00119455    0.013029  -0.0146708           0
EndNode2[0]<--->HoM1[0]
REAL
  0.415617 -0.0215387 -0.0233266   0.341597
-0.0215387  0.0478589  0.0102553 0.00608519
-0.0233266  0.0102553  0.0528967  0.0119601
  0.341597 0.00608519  0.0119601   0.483627
IMAGINARY
          0  0.00361706  -0.0030064 -0.00517858
-0.00361706           0  -0.0232664 -0.00695376
  0.0030064   0.0232664           0  0.00767112
 0.00517858  0.00695376 -0.00767112           0
Repeater1[0]<--->EndNode1[0]
REAL
    0.453125   -0.0148985   -0.0108977     0.330505
  -0.0148985    0.0546875    0.0146484 -0.000922634
  -0.0108977    0.0146484    0.0507812  -0.00519605
    0.330505 -0.000922634  -0.00519605     0.441406
IMAGINARY
          0 -0.00359504  0.00195325 -0.00119455
 0.00359504           0 -0.00320797   0.0146708
-0.00195325  0.00320797           0   -0.013029
 0.00119455  -0.0146708    0.013029           0
Repeater1[0]<--->HoM1[0]
REAL
  0.415617 -0.0233266 -0.0215387   0.341597
-0.0233266  0.0528967  0.0102553  0.0119601
-0.0215387  0.0102553  0.0478589 0.00608519
  0.341597  0.0119601 0.00608519   0.483627
IMAGINARY
          0  -0.0030064  0.00361706 -0.00517858
  0.0030064           0   0.0232664  0.00767112
-0.00361706  -0.0232664           0 -0.00695376
 0.00517858 -0.00767112  0.00695376           0
EndNode1[0]<--->Repeater1[0]
REAL
   0.418458 -0.00252832  0.00959469    0.335766
-0.00252832   0.0644753  0.00517227  -0.0102466
 0.00959469  0.00517227   0.0518331   0.0175218
   0.335766  -0.0102466   0.0175218    0.465234
IMAGINARY
          0 -0.00288898   0.0214457  0.00925864
 0.00288898           0 -0.00443106  0.00320667
 -0.0214457  0.00443106           0 -0.00659269
-0.00925864 -0.00320667  0.00659269           0
EndNode2[0]<--->HoM1[0]
REAL
   0.428758   -0.011253  -0.0109319    0.321747
  -0.011253   0.0431373    0.016158 -0.00777134
 -0.0109319    0.016158    0.054902 -0.00994405
   0.321747 -0.00777134 -0.00994405    0.473203
IMAGINARY
          0   0.0019751   0.0195935  0.00760753
 -0.0019751           0  -0.0120775 -0.00197508
 -0.0195935   0.0120775           0   -0.026884
-0.00760753  0.00197508    0.026884           0
Repeater1[0]<--->EndNode1[0]
REAL
   0.418458  0.00959469 -0.00252832    0.335766
 0.00959469   0.0518331  0.00517227   0.0175218
-0.00252832  0.00517227   0.0644753  -0.0102466
   0.335766   0.0175218  -0.0102466    0.465234
IMAGINARY
          0   0.0214457 -0.00288898  0.00925864
 -0.0214457           0  0.00443106 -0.00659269
 0.00288898 -0.00443106           0  0.00320667
-0.00925864  0.00659269 -0.00320667           0
Repeater1[0]<--->HoM1[0]
REAL
   0.428758  -0.0109319   -0.011253    0.321747
 -0.0109319    0.054902    0.016158 -0.00994405
  -0.011253    0.016158   0.0431373 -0.00777134
   0.321747 -0.00994405 -0.00777134    0.473203
IMAGINARY
          0   0.0195935   0.0019751  0.00760753
 -0.0195935           0   0.0120775   -0.026884
 -0.0019751  -0.0120775           0 -0.00197508
-0.00760753    0.026884  0.00197508           0
EndNode1[0]<--->Repeater1[0]
REAL
    0.49434  -0.0182954 -0.00555798    0.327482
 -0.0182954    0.045283   0.0136136  0.00144839
-0.00555798   0.0136136   0.0465409 -0.00225258
   0.327482  0.00144839 -0.00225258    0.413836
IMAGINARY
           0    0.0030811    0.0126471    0.0130287
  -0.0030811            0   -0.0356094  -0.00534779
  -0.0126471    0.0356094            0  0.000568536
  -0.0130287   0.00534779 -0.000568536            0
EndNode2[0]<--->HoM1[0]
REAL
   0.426357 -0.00168687  0.00275004    0.327559
-0.00168687   0.0542636   0.0128928  0.00855649
 0.00275004   0.0128928   0.0439276  0.00922456
   0.327559  0.00855649  0.00922456    0.475452
IMAGINARY
          0 -0.00568653   0.0156963 -0.00119754
 0.00568653           0 -0.00718955  0.00563708
 -0.0156963  0.00718955           0  -0.0116468
 0.00119754 -0.00563708   0.0116468           0
Repeater1[0]<--->EndNode1[0]
REAL
    0.49434 -0.00555798  -0.0182954    0.327482
-0.00555798   0.0465409   0.0136136 -0.00225258
 -0.0182954   0.0136136    0.045283  0.00144839
   0.327482 -0.00225258  0.00144839    0.413836
IMAGINARY
           0    0.0126471    0.0030811    0.0130287
  -0.0126471            0    0.0356094  0.000568536
  -0.0030811   -0.0356094            0  -0.00534779
  -0.0130287 -0.000568536   0.00534779            0
Repeater1[0]<--->HoM1[0]
REAL
   0.426357  0.00275004 -0.00168687    0.327559
 0.00275004   0.0439276   0.0128928  0.00922456
-0.00168687   0.0128928   0.0542636  0.00855649
   0.327559  0.00922456  0.00855649    0.475452
IMAGINARY
          0   0.0156963 -0.00568653 -0.00119754
 -0.0156963           0  0.00718955  -0.0116468
 0.00568653 -0.00718955           0  0.00563708
 0.00119754   0.0116468 -0.00563708           0
EndNode1[0]<--->Repeater1[0]
REAL
   0.474279  -0.0102578   0.0368238    0.326094
 -0.0102578   0.0539523 -0.00612052  0.00588319
  0.0368238 -0.00612052     0.04266   0.0122289
   0.326094  0.00588319   0.0122289    0.429109
IMAGINARY
          0   0.0080475   0.0130667   -0.024734
 -0.0080475           0  0.00707261  -0.0110533
 -0.0130667 -0.00707261           0  0.00738874
   0.024734   0.0110533 -0.00738874           0
EndNode2[0]<--->HoM1[0]
REAL
  0.451362 -0.0120039  -0.027938   0.320679
-0.0120039  0.0363165 -0.0151235 0.00394806
 -0.027938 -0.0151235  0.0492866  -0.022087
  0.320679 0.00394806  -0.022087   0.463035
IMAGINARY
          0   0.0136969    0.002566  -0.0134778
 -0.0136969           0 -0.00768626  -0.0173808
  -0.002566  0.00768626           0  0.00975989
  0.0134778   0.0173808 -0.00975989           0
Repeater1[0]<--->EndNode1[0]
REAL
   0.474279   0.0368238  -0.0102578    0.326094
  0.0368238     0.04266 -0.00612052   0.0122289
 -0.0102578 -0.00612052   0.0539523  0.00588319
   0.326094   0.0122289  0.00588319    0.429109
IMAGINARY
          0   0.0130667   0.0080475   -0.024734
 -0.0130667           0 -0.00707261  0.00738874
 -0.0080475  0.00707261           0  -0.0110533
   0.024734 -0.00738874   0.0110533           0
Repeater1[0]<--->HoM1[0]
REAL
  0.451362  -0.027938 -0.0120039   0.320679
 -0.027938  0.0492866 -0.0151235  -0.022087
-0.0120039 -0.0151235  0.0363165 0.00394806
  0.320679  -0.022087 0.00394806   0.463035
IMAGINARY
          0    0.002566   0.0136969  -0.0134778
  -0.002566           0  0.00768626  0.00975989
 -0.0136969 -0.00768626           0  -0.0173808
  0.0134778 -0.00975989   0.0173808           0
EndNode1[0]<--->Repeater1[0]
REAL
    0.447514  -0.00459413   -0.0149048     0.316929
 -0.00459413    0.0414365    0.0379307   -0.0123922
  -0.0149048    0.0379307    0.0676796 -6.63195e-05
    0.316929   -0.0123922 -6.63195e-05      0.44337
IMAGINARY
          0  -0.0127994   0.0231258 -0.00888661
  0.0127994           0   0.0107877  0.00312576
 -0.0231258  -0.0107877           0  -0.0171151
 0.00888661 -0.00312576   0.0171151           0
EndNode2[0]<--->HoM1[0]
REAL
   0.460235  0.00601031   0.0210063    0.326575
 0.00601031   0.0469361 -0.00393348  0.00100629
  0.0210063 -0.00393348   0.0547588   0.0248073
   0.326575  0.00100629   0.0248073     0.43807
IMAGINARY
          0  0.00130975  0.00380516   0.0149113
-0.00130975           0  -0.0111234    -0.02271
-0.00380516   0.0111234           0 -0.00326542
 -0.0149113     0.02271  0.00326542           0
Repeater1[0]<--->EndNode1[0]
REAL
    0.447514   -0.0149048  -0.00459413     0.316929
  -0.0149048    0.0676796    0.0379307 -6.63195e-05
 -0.00459413    0.0379307    0.0414365   -0.0123922
    0.316929 -6.63195e-05   -0.0123922      0.44337
IMAGINARY
          0   0.0231258  -0.0127994 -0.00888661
 -0.0231258           0  -0.0107877  -0.0171151
  0.0127994   0.0107877           0  0.00312576
 0.00888661   0.0171151 -0.00312576           0
Repeater1[0]<--->HoM1[0]
REAL
   0.460235   0.0210063  0.00601031    0.326575
  0.0210063   0.0547588 -0.00393348   0.0248073
 0.00601031 -0.00393348   0.0469361  0.00100629
   0.326575   0.0248073  0.00100629     0.43807
IMAGINARY
          0  0.00380516  0.00130975   0.0149113
-0.00380516           0   0.0111234 -0.00326542
-0.00130975  -0.0111234           0    -0.02271
 -0.0149113  0.00326542     0.02271           0
EndNode1[0]<--->Repeater1[0]
REAL
  0.445638   -0.01017  0.0097042   0.315905
  -0.01017   0.052349  0.0102371 -0.0147803
 0.0097042  0.0102371  0.0590604 0.00382487
  0.315905 -0.0147803 0.00382487   0.442953
IMAGINARY
           0    0.0355106   -0.0022942  -0.00970619
  -0.0355106            0   -0.0022435  0.000269906
   0.0022942    0.0022435            0   0.00430044
  0.00970619 -0.000269906  -0.00430044            0
EndNode2[0]<--->HoM1[0]
REAL
   0.453704  0.00469495  -0.0147987    0.310946
 0.00469495   0.0410053   0.0104377 -0.00218247
 -0.0147987   0.0104377   0.0410053  -0.0418019
   0.310946 -0.00218247  -0.0418019    0.464286
IMAGINARY
          0  -0.0199342  -0.0100976  0.00283848
  0.0199342           0   0.0145268  0.00565038
  0.0100976  -0.0145268           0  -0.0073847
-0.00283848 -0.00565038   0.0073847           0
Repeater1[0]<--->EndNode1[0]
REAL
  0.445638  0.0097042   -0.01017   0.315905
 0.0097042  0.0590604  0.0102371 0.00382487
  -0.01017  0.0102371   0.052349 -0.0147803
  0.315905 0.00382487 -0.0147803   0.442953
IMAGINARY
           0   -0.0022942    0.0355106  -0.00970619
   0.0022942            0    0.0022435   0.00430044
  -0.0355106   -0.0022435            0  0.000269906
  0.00970619  -0.00430044 -0.000269906            0
Repeater1[0]<--->HoM1[0]
REAL
   0.453704  -0.0147987  0.00469495    0.310946
 -0.0147987   0.0410053   0.0104377  -0.0418019
 0.00469495   0.0104377   0.0410053 -0.00218247
   0.310946  -0.0418019 -0.00218247    0.464286
IMAGINARY
          0  -0.0100976  -0.0199342  0.00283848
  0.0100976           0  -0.0145268  -0.0073847
  0.0199342   0.0145268           0  0.00565038
-0.00283848   0.0073847 -0.00565038           0
EndNode1[0]<--->Repeater1[0]
REAL
  0.448768  0.0123254 -0.0122193   0.329406
 0.0123254  0.0453956  0.0183097  0.0122193
-0.0122193  0.0183097  0.0492866  0.0155934
  0.329406  0.0122193  0.0155934    0.45655
IMAGINARY
          0 -0.00935359   0.0188847 -0.00358029
 0.00935359           0  -0.0380864  -0.0102982
 -0.0188847   0.0380864           0 -0.00319595
 0.00358029   0.0102982  0.00319595           0
EndNode2[0]<--->HoM1[0]
REAL
   0.478318 -0.00540025  0.00933946    0.326221
-0.00540025   0.0473062  0.00711253  -0.0037839
 0.00933946  0.00711253   0.0525624  0.00540025
   0.326221  -0.0037839  0.00540025    0.421813
IMAGINARY
          0 -0.00664707    0.015608   0.0146268
 0.00664707           0 -0.00429873 -0.00732776
  -0.015608  0.00429873           0  -0.0194676
 -0.0146268  0.00732776   0.0194676           0
Repeater1[0]<--->EndNode1[0]
REAL
  0.448768 -0.0122193  0.0123254   0.329406
-0.0122193  0.0492866  0.0183097  0.0155934
 0.0123254  0.0183097  0.0453956  0.0122193
  0.329406  0.0155934  0.0122193    0.45655
IMAGINARY
          0   0.0188847 -0.00935359 -0.00358029
 -0.0188847           0   0.0380864 -0.00319595
 0.00935359  -0.0380864           0  -0.0102982
 0.00358029  0.00319595   0.0102982           0
Repeater1[0]<--->HoM1[0]
REAL
   0.478318  0.00933946 -0.00540025    0.326221
 0.00933946   0.0525624  0.00711253  0.00540025
-0.00540025  0.00711253   0.0473062  -0.0037839
   0.326221  0.00540025  -0.0037839    0.421813
IMAGINARY
          0    0.015608 -0.00664707   0.0146268
  -0.015608           0  0.00429873  -0.0194676
 0.00664707 -0.00429873           0 -0.00732776
 -0.0146268   0.0194676  0.00732776           0
EndNode1[0]<--->Repeater1[0]
REAL
   0.445399  -0.0144079  0.00784735    0.341656
 -0.0144079   0.0392638 -0.00575872   0.0113834
 0.00784735 -0.00575872   0.0503067   0.0105617
   0.341656   0.0113834   0.0105617    0.465031
IMAGINARY
           0   -0.0217499   0.00437329   0.00157868
   0.0217499            0  0.000266341     0.025261
 -0.00437329 -0.000266341            0   -0.0318441
 -0.00157868    -0.025261    0.0318441            0
EndNode2[0]<--->HoM1[0]
REAL
   0.429333  0.00451525   0.0271647    0.315554
 0.00451525   0.0493333   0.0110429 -0.00695606
  0.0271647   0.0110429   0.0533333   0.0248198
   0.315554 -0.00695606   0.0248198       0.468
IMAGINARY
          0   0.0190154 -0.00496915   0.0116478
 -0.0190154           0   0.0197223 -0.00881531
 0.00496915  -0.0197223           0  -0.0102434
 -0.0116478  0.00881531   0.0102434           0
Repeater1[0]<--->EndNode1[0]
REAL
   0.445399  0.00784735  -0.0144079    0.341656
 0.00784735   0.0503067 -0.00575872   0.0105617
 -0.0144079 -0.00575872   0.0392638   0.0113834
   0.341656   0.0105617   0.0113834    0.465031
IMAGINARY
           0   0.00437329   -0.0217499   0.00157868
 -0.00437329            0 -0.000266341   -0.0318441
   0.0217499  0.000266341            0     0.025261
 -0.00157868    0.0318441    -0.025261            0
Repeater1[0]<--->HoM1[0]
REAL
   0.429333   0.0271647  0.00451525    0.315554
  0.0271647   0.0533333   0.0110429   0.0248198
 0.00451525   0.0110429   0.0493333 -0.00695606
   0.315554   0.0248198 -0.00695606       0.468
IMAGINARY
          0 -0.00496915   0.0190154   0.0116478
 0.00496915           0  -0.0197223  -0.0102434
 -0.0190154   0.0197223           0 -0.00881531
 -0.0116478   0.0102434  0.00881531           0
EndNode1[0]<--->Repeater1[0]
REAL
   0.453228  -0.0207724  0.00282162    0.314665
 -0.0207724   0.0434783    0.022044  -0.0230748
 0.00282162    0.022044    0.057971 -0.00580984
   0.314665  -0.0230748 -0.00580984    0.445323
IMAGINARY
          0 -0.00531665  -0.0221848  -0.0152057
 0.00531665           0   0.0164747   0.0107344
  0.0221848  -0.0164747           0   0.0231284
  0.0152057  -0.0107344  -0.0231284           0
EndNode2[0]<--->HoM1[0]
REAL
   0.47588 0.00755939 0.00727557   0.337955
0.00755939  0.0599739  0.0140304 -0.0247244
0.00727557  0.0140304  0.0443286 -0.0213981
  0.337955 -0.0247244 -0.0213981   0.419817
IMAGINARY
           0   -0.0117017    0.0198127   0.00164718
   0.0117017            0  -0.00100534  -0.00637184
  -0.0198127   0.00100534            0 -0.000395121
 -0.00164718   0.00637184  0.000395121            0
Repeater1[0]<--->EndNode1[0]
REAL
   0.453228  0.00282162  -0.0207724    0.314665
 0.00282162    0.057971    0.022044 -0.00580984
 -0.0207724    0.022044   0.0434783  -0.0230748
   0.314665 -0.00580984  -0.0230748    0.445323
IMAGINARY
          0  -0.0221848 -0.00531665  -0.0152057
  0.0221848           0  -0.0164747   0.0231284
 0.00531665   0.0164747           0   0.0107344
  0.0152057  -0.0231284  -0.0107344           0
Repeater1[0]<--->HoM1[0]
REAL
   0.47588 0.00727557 0.00755939   0.337955
0.00727557  0.0443286  0.0140304 -0.0213981
0.00755939  0.0140304  0.0599739 -0.0247244
  0.337955 -0.0213981 -0.0247244   0.419817
IMAGINARY
           0    0.0198127   -0.0117017   0.00164718
  -0.0198127            0   0.00100534 -0.000395121
   0.0117017  -0.00100534            0  -0.00637184
 -0.00164718  0.000395121   0.00637184            0
EndNode1[0]<--->Repeater1[0]
REAL
   0.450521  0.00999298  0.00944593    0.333784
 0.00999298   0.0494792 0.000652642  0.00181235
 0.00944593 0.000652642   0.0533854   0.0131858
   0.333784  0.00181235   0.0131858    0.446615
IMAGINARY
           0   0.00282039    0.0142143   0.00436273
 -0.00282039            0   0.00114523 -0.000308569
  -0.0142143  -0.00114523            0  0.000202587
 -0.00436273  0.000308569 -0.000202587            0
EndNode2[0]<--->HoM1[0]
REAL
  0.448276 -0.0193167  0.0028075   0.338131
-0.0193167   0.054917 0.00561884  0.0021925
 0.0028075 0.00561884  0.0510856  0.0130667
  0.338131  0.0021925  0.0130667   0.445722
IMAGINARY
          0     0.00875  0.00651024  -0.0188948
   -0.00875           0 -0.00143039  0.00580503
-0.00651024  0.00143039           0    -0.00875
  0.0188948 -0.00580503     0.00875           0
Repeater1[0]<--->EndNode1[0]
REAL
   0.450521  0.00944593  0.00999298    0.333784
 0.00944593   0.0533854 0.000652642   0.0131858
 0.00999298 0.000652642   0.0494792  0.00181235
   0.333784   0.0131858  0.00181235    0.446615
IMAGINARY
           0    0.0142143   0.00282039   0.00436273
  -0.0142143            0  -0.00114523  0.000202587
 -0.00282039   0.00114523            0 -0.000308569
 -0.00436273 -0.000202587  0.000308569            0
Repeater1[0]<--->HoM1[0]
REAL
  0.448276  0.0028075 -0.0193167   0.338131
 0.0028075  0.0510856 0.00561884  0.0130667
-0.0193167 0.00561884   0.054917  0.0021925
  0.338131  0.0130667  0.0021925   0.445722
IMAGINARY
          0  0.00651024     0.00875  -0.0188948
-0.00651024           0  0.00143039    -0.00875
   -0.00875 -0.00143039           0  0.00580503
  0.0188948     0.00875 -0.00580503           0
EndNode1[0]<--->Repeater1[0]
REAL
   0.471925  -0.0105409  -0.0187604    0.300539
 -0.0105409   0.0548128  0.00947422 -0.00498797
 -0.0187604  0.00947422   0.0508021  -0.0132075
   0.300539 -0.00498797  -0.0132075     0.42246
IMAGINARY
           0   -0.0132927 -7.77402e-05   0.00550667
   0.0132927            0    0.0172206    0.0151894
 7.77402e-05   -0.0172206            0 -0.000504955
 -0.00550667   -0.0151894  0.000504955            0
EndNode2[0]<--->HoM1[0]
REAL
   0.410579   0.0255926   0.0201885    0.322489
  0.0255926   0.0377834 -0.00777463    0.026133
  0.0201885 -0.00777463   0.0554156  0.00982971
   0.322489    0.026133  0.00982971    0.496222
IMAGINARY
          0   -0.010043  -0.0031611  -0.0141635
   0.010043           0 -0.00982642  -0.0192073
  0.0031611  0.00982642           0   0.0205693
  0.0141635   0.0192073  -0.0205693           0
Repeater1[0]<--->EndNode1[0]
REAL
   0.471925  -0.0187604  -0.0105409    0.300539
 -0.0187604   0.0508021  0.00947422  -0.0132075
 -0.0105409  0.00947422   0.0548128 -0.00498797
   0.300539  -0.0132075 -0.00498797     0.42246
IMAGINARY
           0 -7.77402e-05   -0.0132927   0.00550667
 7.77402e-05            0   -0.0172206 -0.000504955
   0.0132927    0.0172206            0    0.0151894
 -0.00550667  0.000504955   -0.0151894            0
Repeater1[0]<--->HoM1[0]
REAL
   0.410579   0.0201885   0.0255926    0.322489
  0.0201885   0.0554156 -0.00777463  0.00982971
  0.0255926 -0.00777463   0.0377834    0.026133
   0.322489  0.00982971    0.026133    0.496222
IMAGINARY
          0  -0.0031611   -0.010043  -0.0141635
  0.0031611           0  0.00982642   0.0205693
   0.010043 -0.00982642           0  -0.0192073
  0.0141635  -0.0205693   0.0192073           0
EndNode1[0]<--->Repeater1[0]
REAL
   0.426316 0.000863344 0.000588462    0.345272
0.000863344   0.0552632   0.0108927  0.00763072
0.000588462   0.0108927   0.0513158   0.0142051
   0.345272  0.00763072   0.0142051    0.467105
IMAGINARY
          0  0.00918268  0.00247935  0.00615929
-0.00918268           0 -0.00926488   0.0144592
-0.00247935  0.00926488           0  -0.0135741
-0.00615929  -0.0144592   0.0135741           0
EndNode2[0]<--->HoM1[0]
REAL
   0.451493   0.0149988  0.00958267    0.332484
  0.0149988   0.0534826   0.0303875 -0.00893584
 0.00958267   0.0303875   0.0435323 -0.00141535
   0.332484 -0.00893584 -0.00141535    0.451493
IMAGINARY
          0   -0.004015   0.0114567  -0.0013262
   0.004015           0  0.00323703 -0.00555897
 -0.0114567 -0.00323703           0  0.00729154
  0.0013262  0.00555897 -0.00729154           0
Repeater1[0]<--->EndNode1[0]
REAL
   0.426316 0.000588462 0.000863344    0.345272
0.000588462   0.0513158   0.0108927   0.0142051
0.000863344   0.0108927   0.0552632  0.00763072
   0.345272   0.0142051  0.00763072    0.467105
IMAGINARY
          0  0.00247935  0.00918268  0.00615929
-0.00247935           0  0.00926488  -0.0135741
-0.00918268 -0.00926488           0   0.0144592
-0.00615929   0.0135741  -0.0144592           0
Repeater1[0]<--->HoM1[0]
REAL
   0.451493  0.00958267   0.0149988    0.332484
 0.00958267   0.0435323   0.0303875 -0.00141535
  0.0149988   0.0303875   0.0534826 -0.00893584
   0.332484 -0.00141535 -0.00893584    0.451493
IMAGINARY
          0   0.0114567   -0.004015  -0.0013262
 -0.0114567           0 -0.00323703  0.00729154
   0.004015  0.00323703           0 -0.00555897
  0.0013262 -0.00729154  0.00555897           0
EndNode1[0]<--->Repeater1[0]
REAL
   0.476744 -0.00612284    0.014984    0.336587
-0.00612284   0.0516796 -0.00977099  -0.0135874
   0.014984 -0.00977099   0.0516796  -0.0036537
   0.336587  -0.0135874  -0.0036537    0.419897
IMAGINARY
          0   0.0055855 -0.00996223 -0.00664571
 -0.0055855           0   0.0086168    0.025194
 0.00996223  -0.0086168           0 -0.00227424
 0.00664571   -0.025194  0.00227424           0
EndNode2[0]<--->HoM1[0]
REAL
   0.457584  0.00193616  0.00598434    0.311424
 0.00193616   0.0411311 -0.00663847  0.00661012
 0.00598434 -0.00663847   0.0385604  0.00939885
   0.311424  0.00661012  0.00939885    0.462725
IMAGINARY
          0   0.0111187  0.00603455  -0.0177135
 -0.0111187           0 -0.00154277  -0.0125791
-0.00603455  0.00154277           0   0.0124415
  0.0177135   0.0125791  -0.0124415           0
Repeater1[0]<--->EndNode1[0]
REAL
   0.476744    0.014984 -0.00612284    0.336587
   0.014984   0.0516796 -0.00977099  -0.0036537
-0.00612284 -0.00977099   0.0516796  -0.0135874
   0.336587  -0.0036537  -0.0135874    0.419897
IMAGINARY
          0 -0.00996223   0.0055855 -0.00664571
 0.00996223           0  -0.0086168 -0.00227424
 -0.0055855   0.0086168           0    0.025194
 0.00664571  0.00227424   -0.025194           0
Repeater1[0]<--->HoM1[0]
REAL
   0.457584  0.00598434  0.00193616    0.311424
 0.00598434   0.0385604 -0.00663847  0.00939885
 0.00193616 -0.00663847   0.0411311  0.00661012
   0.311424  0.00939885  0.00661012    0.462725
IMAGINARY
          0  0.00603455   0.0111187  -0.0177135
-0.00603455           0  0.00154277   0.0124415
 -0.0111187 -0.00154277           0  -0.0125791
  0.0177135  -0.0124415   0.0125791           0
EndNode1[0]<--->Repeater1[0]
REAL
   0.436183 -0.00326962  0.00864186    0.322718
-0.00326962   0.0532838  0.00417981  -0.0013183
 0.00864186  0.00417981   0.0408922  0.00526696
   0.322718  -0.0013183  0.00526696    0.469641
IMAGINARY
          0   0.0167363   0.0060739 -0.00968755
 -0.0167363           0 -0.00755383  -0.0112958
 -0.0060739  0.00755383           0 -0.00237595
 0.00968755   0.0112958  0.00237595           0
EndNode2[0]<--->HoM1[0]
REAL
   0.451407  -0.0318454 -0.00219375    0.319866
 -0.0318454   0.0601023   0.0106013 -0.00026325
-0.00219375   0.0106013   0.0396419  -0.0123807
   0.319866 -0.00026325  -0.0123807    0.448849
IMAGINARY
          0 -0.00352962  -0.0107569   0.0138699
 0.00352962           0  -0.0111961 -0.00422948
  0.0107569   0.0111961           0     0.03214
 -0.0138699  0.00422948    -0.03214           0
Repeater1[0]<--->EndNode1[0]
REAL
   0.436183  0.00864186 -0.00326962    0.322718
 0.00864186   0.0408922  0.00417981  0.00526696
-0.00326962  0.00417981   0.0532838  -0.0013183
   0.322718  0.00526696  -0.0013183    0.469641
IMAGINARY
          0   0.0060739   0.0167363 -0.00968755
 -0.0060739           0  0.00755383 -0.00237595
 -0.0167363 -0.00755383           0  -0.0112958
 0.00968755  0.00237595   0.0112958           0
Repeater1[0]<--->HoM1[0]
REAL
   0.451407 -0.00219375  -0.0318454    0.319866
-0.00219375   0.0396419   0.0106013  -0.0123807
 -0.0318454   0.0106013   0.0601023 -0.00026325
   0.319866  -0.0123807 -0.00026325    0.448849
IMAGINARY
          0  -0.0107569 -0.00352962   0.0138699
  0.0107569           0   0.0111961     0.03214
 0.00352962  -0.0111961           0 -0.00422948
 -0.0138699    -0.03214  0.00422948           0
EndNode1[0]<--->Repeater1[0]
REAL
   0.431551  -0.0126541 3.99964e-05    0.328221
 -0.0126541    0.029987   0.0222697 -0.00126549
3.99964e-05   0.0222697    0.053455   0.0212325
   0.328221 -0.00126549   0.0212325    0.485007
IMAGINARY
          0  0.00354205    0.019691  -0.0176496
-0.00354205           0  -0.0182898  -0.0151632
  -0.019691   0.0182898           0  0.00227942
  0.0176496   0.0151632 -0.00227942           0
EndNode2[0]<--->HoM1[0]
REAL
  0.480048 -0.0115883 0.00185163   0.327559
-0.0115883  0.0471584 0.00426544  0.0104382
0.00185163 0.00426544  0.0592503  0.0161161
  0.327559  0.0104382  0.0161161   0.413543
IMAGINARY
          0   0.0107893 -0.00091617  0.00599871
 -0.0107893           0  0.00148258   0.0176498
 0.00091617 -0.00148258           0 -0.00074915
-0.00599871  -0.0176498  0.00074915           0
Repeater1[0]<--->EndNode1[0]
REAL
   0.431551 3.99964e-05  -0.0126541    0.328221
3.99964e-05    0.053455   0.0222697   0.0212325
 -0.0126541   0.0222697    0.029987 -0.00126549
   0.328221   0.0212325 -0.00126549    0.485007
IMAGINARY
          0    0.019691  0.00354205  -0.0176496
  -0.019691           0   0.0182898  0.00227942
-0.00354205  -0.0182898           0  -0.0151632
  0.0176496 -0.00227942   0.0151632           0
Repeater1[0]<--->HoM1[0]
REAL
  0.480048 0.00185163 -0.0115883   0.327559
0.00185163  0.0592503 0.00426544  0.0161161
-0.0115883 0.00426544  0.0471584  0.0104382
  0.327559  0.0161161  0.0104382   0.413543
IMAGINARY
          0 -0.00091617   0.0107893  0.00599871
 0.00091617           0 -0.00148258 -0.00074915
 -0.0107893  0.00148258           0   0.0176498
-0.00599871  0.00074915  -0.0176498           0
EndNode1[0]<--->Repeater1[0]
REAL
  0.448928 -0.0111286 0.00758534   0.321243
-0.0111286  0.0580076  0.0106159  0.0132743
0.00758534  0.0106159  0.0390921  0.0104965
  0.321243  0.0132743  0.0104965   0.453972
IMAGINARY
          0  0.00134808 -0.00448185 -0.00502513
-0.00134808           0  -0.0125628 -0.00641733
 0.00448185   0.0125628           0   0.0190879
 0.00502513  0.00641733  -0.0190879           0
EndNode2[0]<--->HoM1[0]
REAL
   0.452414 -0.00461562  -0.0046019      0.3264
-0.00461562   0.0413793 0.000371219 -0.00327211
 -0.0046019 0.000371219   0.0413793   0.0124896
     0.3264 -0.00327211   0.0124896    0.464828
IMAGINARY
          0  -0.0297083   0.0181333 -0.00361686
  0.0297083           0  -0.0134934   -0.001533
 -0.0181333   0.0134934           0  0.00115587
 0.00361686    0.001533 -0.00115587           0
Repeater1[0]<--->EndNode1[0]
REAL
  0.448928 0.00758534 -0.0111286   0.321243
0.00758534  0.0390921  0.0106159  0.0104965
-0.0111286  0.0106159  0.0580076  0.0132743
  0.321243  0.0104965  0.0132743   0.453972
IMAGINARY
          0 -0.00448185  0.00134808 -0.00502513
 0.00448185           0   0.0125628   0.0190879
-0.00134808  -0.0125628           0 -0.00641733
 0.00502513  -0.0190879  0.00641733           0
Repeater1[0]<--->HoM1[0]
REAL
   0.452414  -0.0046019 -0.00461562      0.3264
 -0.0046019   0.0413793 0.000371219   0.0124896
-0.00461562 0.000371219   0.0413793 -0.00327211
     0.3264   0.0124896 -0.00327211    0.464828
IMAGINARY
          0   0.0181333  -0.0297083 -0.00361686
 -0.0181333           0   0.0134934  0.00115587
  0.0297083  -0.0134934           0   -0.001533
 0.00361686 -0.00115587    0.001533           0
EndNode1[0]<--->Repeater1[0]
REAL
   0.483562  -0.0118505  -0.0144144    0.345138
 -0.0118505   0.0273973 0.000490448 -0.00744354
 -0.0144144 0.000490448   0.0452055   -0.016838
   0.345138 -0.00744354   -0.016838    0.443836
IMAGINARY
          0   0.0215241  0.00764545  0.00882659
 -0.0215241           0   0.0139286  -0.0298387
-0.00764545  -0.0139286           0  0.00458557
-0.00882659   0.0298387 -0.00458557           0
EndNode2[0]<--->HoM1[0]
REAL
  0.464467 0.00234362 0.00910841   0.337409
0.00234362  0.0456853  0.0111546 0.00655739
0.00910841  0.0111546   0.036802  0.0315989
