EndNode1[0]<--->Repeater1[0]
REAL
   0.383085 0.000600201  0.00346392   0.0417146
0.000600201    0.353234   0.0154662   0.0257914
 0.00346392   0.0154662     0.14801  0.00870831
  0.0417146   0.0257914  0.00870831    0.115672
IMAGINARY
          0  -0.0189845 -0.00955259  0.00150283
  0.0189845           0 -0.00526223 -0.00517212
 0.00955259  0.00526223           0  0.00297935
-0.00150283  0.00517212 -0.00297935           0
EndNode2[0]<--->HoM1[0]
REAL
   0.377072 -0.00664502 0.000647336    0.034571
-0.00664502    0.216851   0.0111142  0.00569784
0.000647336   0.0111142    0.273481 -0.00731437
   0.034571  0.00569784 -0.00731437    0.132597
IMAGINARY
           0   0.00132404    0.0208381 -0.000309023
 -0.00132404            0 -0.000309023   -0.0109616
  -0.0208381  0.000309023            0   -0.0309537
 0.000309023    0.0109616    0.0309537            0
Repeater1[0]<--->EndNode1[0]
REAL
   0.383085  0.00346392 0.000600201   0.0417146
 0.00346392     0.14801   0.0154662  0.00870831
0.000600201   0.0154662    0.353234   0.0257914
  0.0417146  0.00870831   0.0257914    0.115672
IMAGINARY
          0 -0.00955259  -0.0189845  0.00150283
 0.00955259           0  0.00526223  0.00297935
  0.0189845 -0.00526223           0 -0.00517212
-0.00150283 -0.00297935  0.00517212           0
Repeater1[0]<--->HoM1[0]
REAL
   0.377072 0.000647336 -0.00664502    0.034571
0.000647336    0.273481   0.0111142 -0.00731437
-0.00664502   0.0111142    0.216851  0.00569784
   0.034571 -0.00731437  0.00569784    0.132597
IMAGINARY
           0    0.0208381   0.00132404 -0.000309023
  -0.0208381            0  0.000309023   -0.0309537
 -0.00132404 -0.000309023            0   -0.0109616
 0.000309023    0.0309537    0.0109616            0
EndNode1[0]<--->Repeater1[0]
REAL
   0.403308   0.0163666 -0.00539663   0.0225737
  0.0163666    0.358779  -0.0112101 -0.00217913
-0.00539663  -0.0112101    0.117048 -0.00247767
  0.0225737 -0.00217913 -0.00247767    0.120865
IMAGINARY
           0    0.0119334 -0.000481599    0.0137688
  -0.0119334            0   0.00836663    0.0234546
 0.000481599  -0.00836663            0  -0.00923066
  -0.0137688   -0.0234546   0.00923066            0
EndNode2[0]<--->HoM1[0]
REAL
   0.407125   -0.010359 -0.00347497   0.0621402
  -0.010359    0.206107  0.00784723 -0.00724382
-0.00347497  0.00784723    0.267176  -0.0192753
  0.0621402 -0.00724382  -0.0192753    0.119593
IMAGINARY
          0  -0.0292043   0.0140423  0.00541345
  0.0292043           0   0.0015574  -0.0102544
 -0.0140423  -0.0015574           0 -0.00867449
-0.00541345   0.0102544  0.00867449           0
Repeater1[0]<--->EndNode1[0]
REAL
   0.403308 -0.00539663   0.0163666   0.0225737
-0.00539663    0.117048  -0.0112101 -0.00247767
  0.0163666  -0.0112101    0.358779 -0.00217913
  0.0225737 -0.00247767 -0.00217913    0.120865
IMAGINARY
           0 -0.000481599    0.0119334    0.0137688
 0.000481599            0  -0.00836663  -0.00923066
  -0.0119334   0.00836663            0    0.0234546
  -0.0137688   0.00923066   -0.0234546            0
Repeater1[0]<--->HoM1[0]
REAL
   0.407125 -0.00347497   -0.010359   0.0621402
-0.00347497    0.267176  0.00784723  -0.0192753
  -0.010359  0.00784723    0.206107 -0.00724382
  0.0621402  -0.0192753 -0.00724382    0.119593
IMAGINARY
          0   0.0140423  -0.0292043  0.00541345
 -0.0140423           0  -0.0015574 -0.00867449
  0.0292043   0.0015574           0  -0.0102544
-0.00541345  0.00867449   0.0102544           0
EndNode1[0]<--->Repeater1[0]
REAL
   0.388889 -0.00986717  -0.0112846    0.043289
-0.00986717    0.348837   0.0265364 -0.00741863
 -0.0112846   0.0265364    0.136951 -0.00260165
   0.043289 -0.00741863 -0.00260165    0.125323
IMAGINARY
           0    0.0100251  -0.00826152  0.000446308
  -0.0100251            0    0.0107822   0.00955018
  0.00826152   -0.0107822            0   -0.0100251
-0.000446308  -0.00955018    0.0100251            0
EndNode2[0]<--->HoM1[0]
REAL
   0.435897   -0.030886  -0.0109903   0.0286333
  -0.030886    0.187179   0.0126628 -0.00489277
 -0.0109903   0.0126628    0.275641  -0.0116807
  0.0286333 -0.00489277  -0.0116807    0.101282
IMAGINARY
          0   0.0185905 -0.00274723  0.00665129
 -0.0185905           0 -0.00042722   0.0113467
 0.00274723  0.00042722           0   0.0342351
-0.00665129  -0.0113467  -0.0342351           0
Repeater1[0]<--->EndNode1[0]
REAL
   0.388889  -0.0112846 -0.00986717    0.043289
 -0.0112846    0.136951   0.0265364 -0.00260165
-0.00986717   0.0265364    0.348837 -0.00741863
   0.043289 -0.00260165 -0.00741863    0.125323
IMAGINARY
           0  -0.00826152    0.0100251  0.000446308
  0.00826152            0   -0.0107822   -0.0100251
  -0.0100251    0.0107822            0   0.00955018
-0.000446308    0.0100251  -0.00955018            0
Repeater1[0]<--->HoM1[0]
REAL
   0.435897  -0.0109903   -0.030886   0.0286333
 -0.0109903    0.275641   0.0126628  -0.0116807
  -0.030886   0.0126628    0.187179 -0.00489277
  0.0286333  -0.0116807 -0.00489277    0.101282
IMAGINARY
          0 -0.00274723   0.0185905  0.00665129
 0.00274723           0  0.00042722   0.0342351
 -0.0185905 -0.00042722           0   0.0113467
-0.00665129  -0.0342351  -0.0113467           0
EndNode1[0]<--->Repeater1[0]
REAL
   0.391083 -0.00871873  -0.0203576   0.0314388
-0.00871873    0.356688   0.0126418   0.0140604
 -0.0203576   0.0126418    0.143949   0.0024215
  0.0314388   0.0140604   0.0024215     0.10828
IMAGINARY
          0  0.00344966  0.00148307  0.00832411
-0.00344966           0  -0.0157265  0.00352946
-0.00148307   0.0157265           0  0.00156287
-0.00832411 -0.00352946 -0.00156287           0
EndNode2[0]<--->HoM1[0]
REAL
   0.366083 -0.00337903 -0.00617793   0.0359528
-0.00337903    0.213997   0.0201899  -0.0209026
-0.00617793   0.0201899    0.275908  0.00271853
  0.0359528  -0.0209026  0.00271853    0.144011
IMAGINARY
          0  -0.0153987 -0.00147121  0.00220045
  0.0153987           0 -0.00971925     0.01219
 0.00147121  0.00971925           0   0.0147682
-0.00220045    -0.01219  -0.0147682           0
Repeater1[0]<--->EndNode1[0]
REAL
   0.391083  -0.0203576 -0.00871873   0.0314388
 -0.0203576    0.143949   0.0126418   0.0024215
-0.00871873   0.0126418    0.356688   0.0140604
  0.0314388   0.0024215   0.0140604     0.10828
IMAGINARY
          0  0.00148307  0.00344966  0.00832411
-0.00148307           0   0.0157265  0.00156287
-0.00344966  -0.0157265           0  0.00352946
-0.00832411 -0.00156287 -0.00352946           0
Repeater1[0]<--->HoM1[0]
REAL
   0.366083 -0.00617793 -0.00337903   0.0359528
-0.00617793    0.275908   0.0201899  0.00271853
-0.00337903   0.0201899    0.213997  -0.0209026
  0.0359528  0.00271853  -0.0209026    0.144011
IMAGINARY
          0 -0.00147121  -0.0153987  0.00220045
 0.00147121           0  0.00971925   0.0147682
  0.0153987 -0.00971925           0     0.01219
-0.00220045  -0.0147682    -0.01219           0
EndNode1[0]<--->Repeater1[0]
REAL
  0.396301 0.00467115  0.0128812  0.0150477
0.00467115   0.326288 0.00636286  0.0135671
 0.0128812 0.00636286    0.14531 0.00162608
 0.0150477  0.0135671 0.00162608     0.1321
IMAGINARY
          0  0.00390713  -0.0124766  0.00315995
-0.00390713           0  -0.0135496 -0.00737454
  0.0124766   0.0135496           0  -0.0138327
-0.00315995  0.00737454   0.0138327           0
EndNode2[0]<--->HoM1[0]
REAL
   0.388158   0.0055933   0.0218635   0.0414335
  0.0055933         0.2   0.0264335 -0.00385796
  0.0218635   0.0264335    0.263158  0.00687207
  0.0414335 -0.00385796  0.00687207    0.148684
IMAGINARY
          0  0.00332539  0.00321567  0.00784963
-0.00332539           0  -0.0122969 -0.00196567
-0.00321567   0.0122969           0  0.00792461
-0.00784963  0.00196567 -0.00792461           0
Repeater1[0]<--->EndNode1[0]
REAL
  0.396301  0.0128812 0.00467115  0.0150477
 0.0128812    0.14531 0.00636286 0.00162608
0.00467115 0.00636286   0.326288  0.0135671
 0.0150477 0.00162608  0.0135671     0.1321
IMAGINARY
          0  -0.0124766  0.00390713  0.00315995
  0.0124766           0   0.0135496  -0.0138327
-0.00390713  -0.0135496           0 -0.00737454
-0.00315995   0.0138327  0.00737454           0
Repeater1[0]<--->HoM1[0]
REAL
   0.388158   0.0218635   0.0055933   0.0414335
  0.0218635    0.263158   0.0264335  0.00687207
  0.0055933   0.0264335         0.2 -0.00385796
  0.0414335  0.00687207 -0.00385796    0.148684
IMAGINARY
          0  0.00321567  0.00332539  0.00784963
-0.00321567           0   0.0122969  0.00792461
-0.00332539  -0.0122969           0 -0.00196567
-0.00784963 -0.00792461  0.00196567           0
EndNode1[0]<--->Repeater1[0]
REAL
   0.426667  0.00331388   0.0126095   0.0201108
 0.00331388    0.309333   0.0281059  0.00126104
  0.0126095   0.0281059    0.137333 -0.00529539
  0.0201108  0.00126104 -0.00529539    0.126667
IMAGINARY
          0  -0.0225434 -0.00648361  -0.0098451
  0.0225434           0   -0.006038   0.0181687
 0.00648361    0.006038           0   0.0293085
  0.0098451  -0.0181687  -0.0293085           0
EndNode2[0]<--->HoM1[0]
REAL
   0.388747  0.00307125  -0.0174499   0.0467374
 0.00307125    0.182864   0.0196786  0.00491855
 -0.0174499   0.0196786    0.297954 -0.00307125
  0.0467374  0.00491855 -0.00307125    0.130435
IMAGINARY
          0  0.00785391 -0.00431297 -0.00216035
-0.00785391           0   0.0164073   0.0207836
 0.00431297  -0.0164073           0  -0.0196186
 0.00216035  -0.0207836   0.0196186           0
Repeater1[0]<--->EndNode1[0]
REAL
   0.426667   0.0126095  0.00331388   0.0201108
  0.0126095    0.137333   0.0281059 -0.00529539
 0.00331388   0.0281059    0.309333  0.00126104
  0.0201108 -0.00529539  0.00126104    0.126667
IMAGINARY
          0 -0.00648361  -0.0225434  -0.0098451
 0.00648361           0    0.006038   0.0293085
  0.0225434   -0.006038           0   0.0181687
  0.0098451  -0.0293085  -0.0181687           0
Repeater1[0]<--->HoM1[0]
REAL
   0.388747  -0.0174499  0.00307125   0.0467374
 -0.0174499    0.297954   0.0196786 -0.00307125
 0.00307125   0.0196786    0.182864  0.00491855
  0.0467374 -0.00307125  0.00491855    0.130435
IMAGINARY
          0 -0.00431297  0.00785391 -0.00216035
 0.00431297           0  -0.0164073  -0.0196186
-0.00785391   0.0164073           0   0.0207836
 0.00216035   0.0196186  -0.0207836           0
EndNode1[0]<--->Repeater1[0]
REAL
   0.419397  -0.0151659 -0.00389704   0.0262099
 -0.0151659    0.351245  0.00327412  0.00758255
-0.00389704  0.00327412    0.110092 -0.00940409
  0.0262099  0.00758255 -0.00940409    0.119266
IMAGINARY
           0 -4.13257e-05  -0.00325836    0.0104887
 4.13257e-05            0   0.00326133  -0.00788187
  0.00325836  -0.00326133            0  -0.00454583
  -0.0104887   0.00788187   0.00454583            0
EndNode2[0]<--->HoM1[0]
REAL
  0.414338 -0.0159397  0.0132083  0.0453738
-0.0159397   0.162819 0.00172299  0.0222756
 0.0132083 0.00172299   0.287971  0.0114235
 0.0453738  0.0222756  0.0114235   0.134872
IMAGINARY
          0  0.00223438  -0.0252146  0.00390354
-0.00223438           0 -0.00459319  0.00405062
  0.0252146  0.00459319           0 -0.00355713
-0.00390354 -0.00405062  0.00355713           0
Repeater1[0]<--->EndNode1[0]
REAL
   0.419397 -0.00389704  -0.0151659   0.0262099
-0.00389704    0.110092  0.00327412 -0.00940409
 -0.0151659  0.00327412    0.351245  0.00758255
  0.0262099 -0.00940409  0.00758255    0.119266
IMAGINARY
           0  -0.00325836 -4.13257e-05    0.0104887
  0.00325836            0  -0.00326133  -0.00454583
 4.13257e-05   0.00326133            0  -0.00788187
  -0.0104887   0.00454583   0.00788187            0
Repeater1[0]<--->HoM1[0]
REAL
  0.414338  0.0132083 -0.0159397  0.0453738
 0.0132083   0.287971 0.00172299  0.0114235
-0.0159397 0.00172299   0.162819  0.0222756
 0.0453738  0.0114235  0.0222756   0.134872
IMAGINARY
          0  -0.0252146  0.00223438  0.00390354
  0.0252146           0  0.00459319 -0.00355713
-0.00223438 -0.00459319           0  0.00405062
-0.00390354  0.00355713 -0.00405062           0
EndNode1[0]<--->Repeater1[0]
REAL
   0.426316  -0.0172875  0.00644429  0.00757801
 -0.0172875    0.334211   0.0182732 -0.00581377
 0.00644429   0.0182732    0.139474 -0.00982477
 0.00757801 -0.00581377 -0.00982477         0.1
IMAGINARY
           0   -0.0120363  0.000854836   0.00650111
   0.0120363            0   0.00137291   -0.0289297
-0.000854836  -0.00137291            0  4.23605e-06
 -0.00650111    0.0289297 -4.23605e-06            0
EndNode2[0]<--->HoM1[0]
REAL
   0.389831   -0.012319 -0.00723211   0.0484247
  -0.012319    0.191656   0.0287397 -0.00468758
-0.00723211   0.0287397    0.290743   0.0142011
  0.0484247 -0.00468758   0.0142011    0.127771
IMAGINARY
          0  0.00673255 -0.00599236   0.0129149
-0.00673255           0  -0.0116329 -0.00844334
 0.00599236   0.0116329           0   0.0208265
 -0.0129149  0.00844334  -0.0208265           0
Repeater1[0]<--->EndNode1[0]
REAL
   0.426316  0.00644429  -0.0172875  0.00757801
 0.00644429    0.139474   0.0182732 -0.00982477
 -0.0172875   0.0182732    0.334211 -0.00581377
 0.00757801 -0.00982477 -0.00581377         0.1
IMAGINARY
           0  0.000854836   -0.0120363   0.00650111
-0.000854836            0  -0.00137291  4.23605e-06
   0.0120363   0.00137291            0   -0.0289297
 -0.00650111 -4.23605e-06    0.0289297            0
Repeater1[0]<--->HoM1[0]
REAL
   0.389831 -0.00723211   -0.012319   0.0484247
-0.00723211    0.290743   0.0287397   0.0142011
  -0.012319   0.0287397    0.191656 -0.00468758
  0.0484247   0.0142011 -0.00468758    0.127771
IMAGINARY
          0 -0.00599236  0.00673255   0.0129149
 0.00599236           0   0.0116329   0.0208265
-0.00673255  -0.0116329           0 -0.00844334
 -0.0129149  -0.0208265  0.00844334           0
EndNode1[0]<--->Repeater1[0]
REAL
   0.401035 -0.00384492   0.0122454   0.0152221
-0.00384492    0.354463  -0.0187088 -0.00178518
  0.0122454  -0.0187088    0.126779  -0.0149835
  0.0152221 -0.00178518  -0.0149835    0.117723
IMAGINARY
          0   0.0112077   0.0143891  -0.0053686
 -0.0112077           0 -0.00153228 -0.00990762
 -0.0143891  0.00153228           0  0.00991905
  0.0053686  0.00990762 -0.00991905           0
EndNode2[0]<--->HoM1[0]
REAL
  0.421813  0.0148062  0.0241879  0.0229998
 0.0148062   0.178712  0.0381513 0.00099199
 0.0241879  0.0381513   0.279895 0.00797559
 0.0229998 0.00099199 0.00797559    0.11958
IMAGINARY
         0  0.0151563  0.0169577  0.0188298
-0.0151563          0 -0.0111963  0.0045069
-0.0169577  0.0111963          0  0.0113588
-0.0188298 -0.0045069 -0.0113588          0
Repeater1[0]<--->EndNode1[0]
REAL
   0.401035   0.0122454 -0.00384492   0.0152221
  0.0122454    0.126779  -0.0187088  -0.0149835
-0.00384492  -0.0187088    0.354463 -0.00178518
  0.0152221  -0.0149835 -0.00178518    0.117723
IMAGINARY
          0   0.0143891   0.0112077  -0.0053686
 -0.0143891           0  0.00153228  0.00991905
 -0.0112077 -0.00153228           0 -0.00990762
  0.0053686 -0.00991905  0.00990762           0
Repeater1[0]<--->HoM1[0]
REAL
  0.421813  0.0241879  0.0148062  0.0229998
 0.0241879   0.279895  0.0381513 0.00797559
 0.0148062  0.0381513   0.178712 0.00099199
 0.0229998 0.00797559 0.00099199    0.11958
IMAGINARY
         0  0.0169577  0.0151563  0.0188298
-0.0169577          0  0.0111963  0.0113588
-0.0151563 -0.0111963          0  0.0045069
-0.0188298 -0.0113588 -0.0045069          0
EndNode1[0]<--->Repeater1[0]
REAL
  0.403483  0.0148544 0.00736671  0.0282761
 0.0148544   0.342525 0.00223446  -0.014216
0.00736671 0.00223446   0.121916 0.00693885
 0.0282761  -0.014216 0.00693885   0.132075
IMAGINARY
           0    0.0259539    0.0100518  -0.00213698
  -0.0259539            0   0.00969366 -0.000937214
  -0.0100518  -0.00969366            0    0.0144107
  0.00213698  0.000937214   -0.0144107            0
EndNode2[0]<--->HoM1[0]
REAL
  0.382865  0.0184783 -0.0346263   0.037079
 0.0184783   0.200803   0.025421 -0.0178737
-0.0346263   0.025421   0.269076 -0.0209783
  0.037079 -0.0178737 -0.0209783   0.147256
IMAGINARY
          0    0.015229 -0.00898454  0.00618099
  -0.015229           0   0.0111935  0.00380319
 0.00898454  -0.0111935           0   0.0197451
-0.00618099 -0.00380319  -0.0197451           0
Repeater1[0]<--->EndNode1[0]
REAL
  0.403483 0.00736671  0.0148544  0.0282761
0.00736671   0.121916 0.00223446 0.00693885
 0.0148544 0.00223446   0.342525  -0.014216
 0.0282761 0.00693885  -0.014216   0.132075
IMAGINARY
           0    0.0100518    0.0259539  -0.00213698
  -0.0100518            0  -0.00969366    0.0144107
  -0.0259539   0.00969366            0 -0.000937214
  0.00213698   -0.0144107  0.000937214            0
Repeater1[0]<--->HoM1[0]
REAL
  0.382865 -0.0346263  0.0184783   0.037079
-0.0346263   0.269076   0.025421 -0.0209783
 0.0184783   0.025421   0.200803 -0.0178737
  0.037079 -0.0209783 -0.0178737   0.147256
IMAGINARY
          0 -0.00898454    0.015229  0.00618099
 0.00898454           0  -0.0111935   0.0197451
  -0.015229   0.0111935           0  0.00380319
-0.00618099  -0.0197451 -0.00380319           0
EndNode1[0]<--->Repeater1[0]
REAL
  0.397997  0.0160474  0.0168611  0.0381549
 0.0160474   0.345432  0.0279508 -0.0156592
 0.0168611  0.0279508   0.142678 0.00558718
 0.0381549 -0.0156592 0.00558718   0.113892
IMAGINARY
          0  -0.0129349 -0.00947841    0.018879
  0.0129349           0    0.014879   0.0148806
 0.00947841   -0.014879           0  0.00273086
  -0.018879  -0.0148806 -0.00273086           0
EndNode2[0]<--->HoM1[0]
REAL
  0.402228 0.00837883   0.027212  0.0397208
0.00837883    0.20297  0.0496283 0.00296556
  0.027212  0.0496283   0.262376  0.0277158
 0.0397208 0.00296556  0.0277158   0.132426
IMAGINARY
           0    0.0313887  -0.00500747   -0.0134656
  -0.0313887            0  0.000478605  -0.00622106
  0.00500747 -0.000478605            0   0.00890192
   0.0134656   0.00622106  -0.00890192            0
Repeater1[0]<--->EndNode1[0]
REAL
  0.397997  0.0168611  0.0160474  0.0381549
 0.0168611   0.142678  0.0279508 0.00558718
 0.0160474  0.0279508   0.345432 -0.0156592
 0.0381549 0.00558718 -0.0156592   0.113892
IMAGINARY
          0 -0.00947841  -0.0129349    0.018879
 0.00947841           0   -0.014879  0.00273086
  0.0129349    0.014879           0   0.0148806
  -0.018879 -0.00273086  -0.0148806           0
Repeater1[0]<--->HoM1[0]
REAL
  0.402228   0.027212 0.00837883  0.0397208
  0.027212   0.262376  0.0496283  0.0277158
0.00837883  0.0496283    0.20297 0.00296556
 0.0397208  0.0277158 0.00296556   0.132426
IMAGINARY
           0  -0.00500747    0.0313887   -0.0134656
  0.00500747            0 -0.000478605   0.00890192
  -0.0313887  0.000478605            0  -0.00622106
   0.0134656  -0.00890192   0.00622106            0
EndNode1[0]<--->Repeater1[0]
REAL
   0.405672  -0.0167353 -0.00417176   0.0260737
 -0.0167353    0.348952   0.0121848   0.0028525
-0.00417176   0.0121848    0.134402 -0.00305366
  0.0260737   0.0028525 -0.00305366    0.110974
IMAGINARY
           0  -0.00523931   0.00754749   -0.0115067
  0.00523931            0 -0.000814918   -0.0189111
 -0.00754749  0.000814918            0  -0.00991221
   0.0115067    0.0189111   0.00991221            0
EndNode2[0]<--->HoM1[0]
REAL
    0.40796  -0.0028201 -0.00427663   0.0372845
 -0.0028201    0.176617  0.00427719   0.0181305
-0.00427663  0.00427719    0.278607 -0.00347713
  0.0372845   0.0181305 -0.00347713    0.136816
IMAGINARY
           0    0.0026129  -0.00310815  0.000835084
  -0.0026129            0   0.00879264   0.00922062
  0.00310815  -0.00879264            0   0.00838954
-0.000835084  -0.00922062  -0.00838954            0
Repeater1[0]<--->EndNode1[0]
REAL
   0.405672 -0.00417176  -0.0167353   0.0260737
-0.00417176    0.134402   0.0121848 -0.00305366
 -0.0167353   0.0121848    0.348952   0.0028525
  0.0260737 -0.00305366   0.0028525    0.110974
IMAGINARY
           0   0.00754749  -0.00523931   -0.0115067
 -0.00754749            0  0.000814918  -0.00991221
  0.00523931 -0.000814918            0   -0.0189111
   0.0115067   0.00991221    0.0189111            0
Repeater1[0]<--->HoM1[0]
REAL
    0.40796 -0.00427663  -0.0028201   0.0372845
-0.00427663    0.278607  0.00427719 -0.00347713
 -0.0028201  0.00427719    0.176617   0.0181305
  0.0372845 -0.00347713   0.0181305    0.136816
IMAGINARY
           0  -0.00310815    0.0026129  0.000835084
  0.00310815            0  -0.00879264   0.00838954
  -0.0026129   0.00879264            0   0.00922062
-0.000835084  -0.00838954  -0.00922062            0
EndNode1[0]<--->Repeater1[0]
REAL
   0.43389  0.0072577  0.0143163  0.0119285
 0.0072577   0.310655  0.0274416 0.00405639
 0.0143163  0.0274416   0.130937  0.0281754
 0.0119285 0.00405639  0.0281754   0.124519
IMAGINARY
          0   0.0030483   0.0177753   0.0111765
 -0.0030483           0  -0.0274738 -0.00106889
 -0.0177753   0.0274738           0  0.00888488
 -0.0111765  0.00106889 -0.00888488           0
EndNode2[0]<--->HoM1[0]
REAL
    0.397059  -0.00817678   0.00382972    0.0254085
 -0.00817678     0.220588    0.0131536 -0.000561747
  0.00382972    0.0131536     0.259358   0.00229443
   0.0254085 -0.000561747   0.00229443     0.122995
IMAGINARY
          0 -0.00722506 -0.00209598 -0.00583161
 0.00722506           0 -0.00519304 -0.00403147
 0.00209598  0.00519304           0  0.00109761
 0.00583161  0.00403147 -0.00109761           0
Repeater1[0]<--->EndNode1[0]
REAL
   0.43389  0.0143163  0.0072577  0.0119285
 0.0143163   0.130937  0.0274416  0.0281754
 0.0072577  0.0274416   0.310655 0.00405639
 0.0119285  0.0281754 0.00405639   0.124519
IMAGINARY
          0   0.0177753   0.0030483   0.0111765
 -0.0177753           0   0.0274738  0.00888488
 -0.0030483  -0.0274738           0 -0.00106889
 -0.0111765 -0.00888488  0.00106889           0
Repeater1[0]<--->HoM1[0]
REAL
    0.397059   0.00382972  -0.00817678    0.0254085
  0.00382972     0.259358    0.0131536   0.00229443
 -0.00817678    0.0131536     0.220588 -0.000561747
   0.0254085   0.00229443 -0.000561747     0.122995
IMAGINARY
          0 -0.00209598 -0.00722506 -0.00583161
 0.00209598           0  0.00519304  0.00109761
 0.00722506 -0.00519304           0 -0.00403147
 0.00583161 -0.00109761  0.00403147           0
EndNode1[0]<--->Repeater1[0]
REAL
  0.410256  0.0228333 0.00131528  0.0331524
 0.0228333   0.327228  0.0256711 0.00670611
0.00131528  0.0256711   0.136752 0.00657844
 0.0331524 0.00670611 0.00657844   0.125763
IMAGINARY
          0 -0.00868263   0.0147252  -0.0234137
 0.00868263           0   0.0166933  0.00148431
 -0.0147252  -0.0166933           0  0.00868263
  0.0234137 -0.00148431 -0.00868263           0
EndNode2[0]<--->HoM1[0]
REAL
    0.420839   0.00272166  -0.00154903    0.0288395
  0.00272166     0.181326    0.0168395 -0.000920102
 -0.00154903    0.0168395      0.26793   -0.0200056
   0.0288395 -0.000920102   -0.0200056     0.129905
IMAGINARY
          0  0.00170389  -0.0226596   0.0117004
-0.00170389           0  0.00167537  -0.0173404
  0.0226596 -0.00167537           0  0.00362944
 -0.0117004   0.0173404 -0.00362944           0
Repeater1[0]<--->EndNode1[0]
REAL
  0.410256 0.00131528  0.0228333  0.0331524
0.00131528   0.136752  0.0256711 0.00657844
 0.0228333  0.0256711   0.327228 0.00670611
 0.0331524 0.00657844 0.00670611   0.125763
IMAGINARY
          0   0.0147252 -0.00868263  -0.0234137
 -0.0147252           0  -0.0166933  0.00868263
 0.00868263   0.0166933           0  0.00148431
  0.0234137 -0.00868263 -0.00148431           0
Repeater1[0]<--->HoM1[0]
REAL
    0.420839  -0.00154903   0.00272166    0.0288395
 -0.00154903      0.26793    0.0168395   -0.0200056
  0.00272166    0.0168395     0.181326 -0.000920102
   0.0288395   -0.0200056 -0.000920102     0.129905
IMAGINARY
          0  -0.0226596  0.00170389   0.0117004
  0.0226596           0 -0.00167537  0.00362944
-0.00170389  0.00167537           0  -0.0173404
 -0.0117004 -0.00362944   0.0173404           0
EndNode1[0]<--->Repeater1[0]
REAL
   0.401845 -0.00933197   0.0295345   0.0322186
-0.00933197    0.316206  0.00654621   0.0052881
  0.0295345  0.00654621    0.150198  -0.0149781
  0.0322186   0.0052881  -0.0149781    0.131752
IMAGINARY
           0  -0.00520648   -0.0115897   0.00258793
  0.00520648            0  0.000705875   -0.0311976
   0.0115897 -0.000705875            0   -0.0106859
 -0.00258793    0.0311976    0.0106859            0
EndNode2[0]<--->HoM1[0]
REAL
   0.417293    0.010733 -0.00545671   0.0455445
   0.010733    0.195489   0.0190993    0.012053
-0.00545671   0.0190993    0.269424  -0.0146908
  0.0455445    0.012053  -0.0146908    0.117794
IMAGINARY
          0  -0.0329953  0.00925024   0.0060358
  0.0329953           0 -0.00328097  0.00243488
-0.00925024  0.00328097           0   0.0127001
 -0.0060358 -0.00243488  -0.0127001           0
Repeater1[0]<--->EndNode1[0]
REAL
   0.401845   0.0295345 -0.00933197   0.0322186
  0.0295345    0.150198  0.00654621  -0.0149781
-0.00933197  0.00654621    0.316206   0.0052881
  0.0322186  -0.0149781   0.0052881    0.131752
IMAGINARY
           0   -0.0115897  -0.00520648   0.00258793
   0.0115897            0 -0.000705875   -0.0106859
  0.00520648  0.000705875            0   -0.0311976
 -0.00258793    0.0106859    0.0311976            0
Repeater1[0]<--->HoM1[0]
REAL
   0.417293 -0.00545671    0.010733   0.0455445
-0.00545671    0.269424   0.0190993  -0.0146908
   0.010733   0.0190993    0.195489    0.012053
  0.0455445  -0.0146908    0.012053    0.117794
IMAGINARY
          0  0.00925024  -0.0329953   0.0060358
-0.00925024           0  0.00328097   0.0127001
  0.0329953 -0.00328097           0  0.00243488
 -0.0060358  -0.0127001 -0.00243488           0
EndNode1[0]<--->Repeater1[0]
REAL
   0.397783   0.0168982 -0.00812937   0.0391234
  0.0168982    0.362069   0.0190161  -0.0112505
-0.00812937   0.0190161    0.125616 -0.00785427
  0.0391234  -0.0112505 -0.00785427    0.114532
IMAGINARY
          0   0.0159947   0.0133821  0.00865703
 -0.0159947           0 -0.00184166  -0.0120416
 -0.0133821  0.00184166           0  0.00143158
-0.00865703   0.0120416 -0.00143158           0
EndNode2[0]<--->HoM1[0]
REAL
   0.412698  0.00431674   0.0258395   0.0350543
 0.00431674    0.166667   0.0143825 -0.00393715
  0.0258395   0.0143825    0.277778 -0.00494252
  0.0350543 -0.00393715 -0.00494252    0.142857
IMAGINARY
           0  -0.00356422   0.00454681  -0.00902609
  0.00356422            0 -0.000829366    0.0109571
 -0.00454681  0.000829366            0   -0.0209836
  0.00902609   -0.0109571    0.0209836            0
Repeater1[0]<--->EndNode1[0]
REAL
   0.397783 -0.00812937   0.0168982   0.0391234
-0.00812937    0.125616   0.0190161 -0.00785427
  0.0168982   0.0190161    0.362069  -0.0112505
  0.0391234 -0.00785427  -0.0112505    0.114532
IMAGINARY
          0   0.0133821   0.0159947  0.00865703
 -0.0133821           0  0.00184166  0.00143158
 -0.0159947 -0.00184166           0  -0.0120416
-0.00865703 -0.00143158   0.0120416           0
Repeater1[0]<--->HoM1[0]
REAL
   0.412698   0.0258395  0.00431674   0.0350543
  0.0258395    0.277778   0.0143825 -0.00494252
 0.00431674   0.0143825    0.166667 -0.00393715
  0.0350543 -0.00494252 -0.00393715    0.142857
IMAGINARY
           0   0.00454681  -0.00356422  -0.00902609
 -0.00454681            0  0.000829366   -0.0209836
  0.00356422 -0.000829366            0    0.0109571
  0.00902609    0.0209836   -0.0109571            0
EndNode1[0]<--->Repeater1[0]
REAL
   0.414053 -0.00227267  0.00462779   0.0295935
-0.00227267    0.342535    0.014793  0.00712156
 0.00462779    0.014793    0.134253 -0.00294926
  0.0295935  0.00712156 -0.00294926    0.109159
IMAGINARY
          0  -0.0144574  -0.0146488  0.00439028
  0.0144574           0   0.0120239  0.00499631
  0.0146488  -0.0120239           0  -0.0157872
-0.00439028 -0.00499631   0.0157872           0
EndNode2[0]<--->HoM1[0]
REAL
   0.408696  -0.0104711 -0.00642397   0.0363578
 -0.0104711         0.2   0.0445339 -0.00313017
-0.00642397   0.0445339    0.263354  -0.0130958
  0.0363578 -0.00313017  -0.0130958     0.12795
IMAGINARY
          0  0.00411599   0.0120665  0.00730036
-0.00411599           0 -0.00423288  -0.0290476
 -0.0120665  0.00423288           0 -0.00222919
-0.00730036   0.0290476  0.00222919           0
Repeater1[0]<--->EndNode1[0]
REAL
   0.414053  0.00462779 -0.00227267   0.0295935
 0.00462779    0.134253    0.014793 -0.00294926
-0.00227267    0.014793    0.342535  0.00712156
  0.0295935 -0.00294926  0.00712156    0.109159
IMAGINARY
          0  -0.0146488  -0.0144574  0.00439028
  0.0146488           0  -0.0120239  -0.0157872
  0.0144574   0.0120239           0  0.00499631
-0.00439028   0.0157872 -0.00499631           0
Repeater1[0]<--->HoM1[0]
REAL
   0.408696 -0.00642397  -0.0104711   0.0363578
-0.00642397    0.263354   0.0445339  -0.0130958
 -0.0104711   0.0445339         0.2 -0.00313017
  0.0363578  -0.0130958 -0.00313017     0.12795
IMAGINARY
          0   0.0120665  0.00411599  0.00730036
 -0.0120665           0  0.00423288 -0.00222919
-0.00411599 -0.00423288           0  -0.0290476
-0.00730036  0.00222919   0.0290476           0
EndNode1[0]<--->Repeater1[0]
REAL
  0.406452 -0.0137577 -0.0147389  0.0216207
-0.0137577   0.327742   0.020946 -0.0278279
-0.0147389   0.020946   0.141935 0.00422788
 0.0216207 -0.0278279 0.00422788   0.123871
IMAGINARY
          0 -0.00479897  0.00901753 -0.00100768
 0.00479897           0 -0.00034367  -0.0312847
-0.00901753  0.00034367           0  -0.0134197
 0.00100768   0.0312847   0.0134197           0
EndNode2[0]<--->HoM1[0]
REAL
  0.380026 0.00514368 -0.0218663  0.0275746
0.00514368    0.18677   0.034102  0.0080938
-0.0218663   0.034102   0.286641 -0.0213113
 0.0275746  0.0080938 -0.0213113   0.146563
IMAGINARY
          0  -0.0212367  0.00403733 -0.00292647
  0.0212367           0  0.00543904  -0.0144812
-0.00403733 -0.00543904           0   0.0134038
 0.00292647   0.0144812  -0.0134038           0
Repeater1[0]<--->EndNode1[0]
REAL
  0.406452 -0.0147389 -0.0137577  0.0216207
-0.0147389   0.141935   0.020946 0.00422788
-0.0137577   0.020946   0.327742 -0.0278279
 0.0216207 0.00422788 -0.0278279   0.123871
IMAGINARY
          0  0.00901753 -0.00479897 -0.00100768
-0.00901753           0  0.00034367  -0.0134197
 0.00479897 -0.00034367           0  -0.0312847
 0.00100768   0.0134197   0.0312847           0
Repeater1[0]<--->HoM1[0]
REAL
  0.380026 -0.0218663 0.00514368  0.0275746
-0.0218663   0.286641   0.034102 -0.0213113
0.00514368   0.034102    0.18677  0.0080938
 0.0275746 -0.0213113  0.0080938   0.146563
IMAGINARY
          0  0.00403733  -0.0212367 -0.00292647
-0.00403733           0 -0.00543904   0.0134038
  0.0212367  0.00543904           0  -0.0144812
 0.00292647  -0.0134038   0.0144812           0
EndNode1[0]<--->Repeater1[0]
REAL
   0.388312 -0.00933409  0.00860779   0.0127409
-0.00933409    0.346753   -0.001113  0.00669208
 0.00860779   -0.001113    0.148052    0.018514
  0.0127409  0.00669208    0.018514    0.116883
IMAGINARY
          0   0.0171999  0.00326358 -0.00813148
 -0.0171999           0 -0.00197553   0.0168876
-0.00326358  0.00197553           0 -0.00712438
 0.00813148  -0.0168876  0.00712438           0
EndNode2[0]<--->HoM1[0]
REAL
     0.37421   0.00571245    0.0173142    0.0383294
  0.00571245     0.242731  0.000694991 -0.000241048
   0.0173142  0.000694991      0.26043   0.00892169
   0.0383294 -0.000241048   0.00892169      0.12263
IMAGINARY
          0 -0.00101844  -0.0214552 -0.00425673
 0.00101844           0  0.00760345  -0.0202114
  0.0214552 -0.00760345           0  -0.0164547
 0.00425673   0.0202114   0.0164547           0
Repeater1[0]<--->EndNode1[0]
REAL
   0.388312  0.00860779 -0.00933409   0.0127409
 0.00860779    0.148052   -0.001113    0.018514
-0.00933409   -0.001113    0.346753  0.00669208
  0.0127409    0.018514  0.00669208    0.116883
IMAGINARY
          0  0.00326358   0.0171999 -0.00813148
-0.00326358           0  0.00197553 -0.00712438
 -0.0171999 -0.00197553           0   0.0168876
 0.00813148  0.00712438  -0.0168876           0
Repeater1[0]<--->HoM1[0]
REAL
     0.37421    0.0173142   0.00571245    0.0383294
   0.0173142      0.26043  0.000694991   0.00892169
  0.00571245  0.000694991     0.242731 -0.000241048
   0.0383294   0.00892169 -0.000241048      0.12263
IMAGINARY
          0  -0.0214552 -0.00101844 -0.00425673
  0.0214552           0 -0.00760345  -0.0164547
 0.00101844  0.00760345           0  -0.0202114
 0.00425673   0.0164547   0.0202114           0
EndNode1[0]<--->Repeater1[0]
REAL
     0.4314 -0.00911704 -0.00772764  0.00749581
-0.00911704    0.316832   0.0347927  -0.0134166
-0.00772764   0.0347927    0.140028  0.00787326
 0.00749581  -0.0134166  0.00787326     0.11174
IMAGINARY
          0  0.00212964  -0.0116038   0.0252719
-0.00212964           0  0.00465332 -0.00370909
  0.0116038 -0.00465332           0  -0.0214372
 -0.0252719  0.00370909   0.0214372           0
EndNode2[0]<--->HoM1[0]
REAL
  0.413223 -0.0143707 0.00739348  0.0369876
-0.0143707    0.18536  0.0217592 -0.0191428
0.00739348  0.0217592   0.273908 -0.0130444
 0.0369876 -0.0191428 -0.0130444   0.127509
IMAGINARY
           0 -0.000306511    0.0197831  -0.00873016
 0.000306511            0   -0.0198413    -0.015976
  -0.0197831    0.0198413            0   0.00157555
  0.00873016     0.015976  -0.00157555            0
Repeater1[0]<--->EndNode1[0]
REAL
     0.4314 -0.00772764 -0.00911704  0.00749581
-0.00772764    0.140028   0.0347927  0.00787326
-0.00911704   0.0347927    0.316832  -0.0134166
 0.00749581  0.00787326  -0.0134166     0.11174
IMAGINARY
          0  -0.0116038  0.00212964   0.0252719
  0.0116038           0 -0.00465332  -0.0214372
-0.00212964  0.00465332           0 -0.00370909
 -0.0252719   0.0214372  0.00370909           0
Repeater1[0]<--->HoM1[0]
REAL
  0.413223 0.00739348 -0.0143707  0.0369876
0.00739348   0.273908  0.0217592 -0.0130444
-0.0143707  0.0217592    0.18536 -0.0191428
 0.0369876 -0.0130444 -0.0191428   0.127509
IMAGINARY
           0    0.0197831 -0.000306511  -0.00873016
  -0.0197831            0    0.0198413   0.00157555
 0.000306511   -0.0198413            0    -0.015976
  0.00873016  -0.00157555     0.015976            0
EndNode1[0]<--->Repeater1[0]
REAL
   0.400527   0.0125152  0.00127836   0.0389648
  0.0125152    0.345191  0.00672712 -0.00911125
 0.00127836  0.00672712     0.14361 -0.00468228
  0.0389648 -0.00911125 -0.00468228    0.110672
IMAGINARY
           0  -0.00161709 -0.000116965   -0.0214273
  0.00161709            0  -0.00685188    0.0235051
 0.000116965   0.00685188            0   -0.0116572
   0.0214273   -0.0235051    0.0116572            0
EndNode2[0]<--->HoM1[0]
REAL
   0.413486  -0.0102688 0.000821709   0.0577696
 -0.0102688    0.208651   0.0319418   0.0223903
0.000821709   0.0319418    0.276081   0.0196791
  0.0577696   0.0223903   0.0196791    0.101781
IMAGINARY
           0  -0.00326438  -0.00189251     0.010447
  0.00326438            0   0.00320063   0.00255476
  0.00189251  -0.00320063            0 -4.68775e-05
   -0.010447  -0.00255476  4.68775e-05            0
Repeater1[0]<--->EndNode1[0]
REAL
   0.400527  0.00127836   0.0125152   0.0389648
 0.00127836     0.14361  0.00672712 -0.00468228
  0.0125152  0.00672712    0.345191 -0.00911125
  0.0389648 -0.00468228 -0.00911125    0.110672
IMAGINARY
           0 -0.000116965  -0.00161709   -0.0214273
 0.000116965            0   0.00685188   -0.0116572
  0.00161709  -0.00685188            0    0.0235051
   0.0214273    0.0116572   -0.0235051            0
Repeater1[0]<--->HoM1[0]
REAL
   0.413486 0.000821709  -0.0102688   0.0577696
0.000821709    0.276081   0.0319418   0.0196791
 -0.0102688   0.0319418    0.208651   0.0223903
  0.0577696   0.0196791   0.0223903    0.101781
IMAGINARY
           0  -0.00189251  -0.00326438     0.010447
  0.00189251            0  -0.00320063 -4.68775e-05
  0.00326438   0.00320063            0   0.00255476
   -0.010447  4.68775e-05  -0.00255476            0
EndNode1[0]<--->Repeater1[0]
REAL
   0.438374  -0.0108052  0.00206216    0.022602
 -0.0108052    0.297332   0.0163676 -0.00404367
 0.00206216   0.0163676    0.139771  0.00486064
   0.022602 -0.00404367  0.00486064    0.124524
IMAGINARY
          0  0.00845021  -0.0213704   0.0210294
-0.00845021           0   0.0159403 -0.00481412
  0.0213704  -0.0159403           0   0.0052655
 -0.0210294  0.00481412  -0.0052655           0
EndNode2[0]<--->HoM1[0]
REAL
   0.37609 0.00510856 -0.0216508  0.0433093
0.00510856   0.190535  0.0352348   0.009518
-0.0216508  0.0352348   0.285181 -0.0172414
 0.0433093   0.009518 -0.0172414   0.148194
IMAGINARY
          0  0.00328282  0.00175148  0.00527238
-0.00328282           0  -0.0163561 -0.00113036
-0.00175148   0.0163561           0  0.00851842
-0.00527238  0.00113036 -0.00851842           0
Repeater1[0]<--->EndNode1[0]
REAL
   0.438374  0.00206216  -0.0108052    0.022602
 0.00206216    0.139771   0.0163676  0.00486064
 -0.0108052   0.0163676    0.297332 -0.00404367
   0.022602  0.00486064 -0.00404367    0.124524
IMAGINARY
          0  -0.0213704  0.00845021   0.0210294
  0.0213704           0  -0.0159403   0.0052655
-0.00845021   0.0159403           0 -0.00481412
 -0.0210294  -0.0052655  0.00481412           0
Repeater1[0]<--->HoM1[0]
REAL
   0.37609 -0.0216508 0.00510856  0.0433093
-0.0216508   0.285181  0.0352348 -0.0172414
0.00510856  0.0352348   0.190535   0.009518
 0.0433093 -0.0172414   0.009518   0.148194
IMAGINARY
          0  0.00175148  0.00328282  0.00527238
-0.00175148           0   0.0163561  0.00851842
-0.00328282  -0.0163561           0 -0.00113036
-0.00527238 -0.00851842  0.00113036           0
