EndNode1[0]<--->Repeater1[0]
REAL
   0.435401 -0.00147054 -0.00692909    0.344407
-0.00147054   0.0865633   0.0374117  0.00173428
-0.00692909   0.0374117   0.0684755    -0.01801
   0.344407  0.00173428    -0.01801    0.409561
IMAGINARY
          0   0.0158599  0.00290817   0.0170414
 -0.0158599           0  0.00481649  0.00486385
-0.00290817 -0.00481649           0  0.00357014
 -0.0170414 -0.00486385 -0.00357014           0
EndNode2[0]<--->HoM1[0]
REAL
  0.406692  0.0128444 0.00616422   0.340699
 0.0128444  0.0797941  0.0366017  0.0177622
0.00616422  0.0366017  0.0862291   0.013536
  0.340699  0.0177622   0.013536   0.427284
IMAGINARY
          0  -0.0102458   0.0059646  0.00429246
  0.0102458           0  -0.0201461 -0.00276358
 -0.0059646   0.0201461           0   0.0211293
-0.00429246  0.00276358  -0.0211293           0
Repeater1[0]<--->EndNode1[0]
REAL
   0.435401 -0.00692909 -0.00147054    0.344407
-0.00692909   0.0684755   0.0374117    -0.01801
-0.00147054   0.0374117   0.0865633  0.00173428
   0.344407    -0.01801  0.00173428    0.409561
IMAGINARY
          0  0.00290817   0.0158599   0.0170414
-0.00290817           0 -0.00481649  0.00357014
 -0.0158599  0.00481649           0  0.00486385
 -0.0170414 -0.00357014 -0.00486385           0
Repeater1[0]<--->HoM1[0]
REAL
  0.406692 0.00616422  0.0128444   0.340699
0.00616422  0.0862291  0.0366017   0.013536
 0.0128444  0.0366017  0.0797941  0.0177622
  0.340699   0.013536  0.0177622   0.427284
IMAGINARY
          0   0.0059646  -0.0102458  0.00429246
 -0.0059646           0   0.0201461   0.0211293
  0.0102458  -0.0201461           0 -0.00276358
-0.00429246  -0.0211293  0.00276358           0
EndNode1[0]<--->Repeater1[0]
REAL
   0.449875  0.00328084 -0.00181878    0.339167
 0.00328084   0.0827068   0.0245893   0.0190146
-0.00181878   0.0245893   0.0839599 -0.00328084
   0.339167   0.0190146 -0.00328084    0.383459
IMAGINARY
          0  -0.0119089 -0.00115641  -0.0107698
  0.0119089           0  -0.0221334   0.0190592
 0.00115641   0.0221334           0   0.0131876
  0.0107698  -0.0190592  -0.0131876           0
EndNode2[0]<--->HoM1[0]
REAL
   0.388962 -0.00222827  0.00684516    0.334111
-0.00222827   0.0801577   0.0399541  0.00811743
 0.00684516   0.0399541   0.0801577  0.00347515
   0.334111  0.00811743  0.00347515    0.450723
IMAGINARY
           0   0.00441614  -0.00257337   0.00793624
 -0.00441614            0 -0.000857731   0.00987748
  0.00257337  0.000857731            0   -0.0130483
 -0.00793624  -0.00987748    0.0130483            0
Repeater1[0]<--->EndNode1[0]
REAL
   0.449875 -0.00181878  0.00328084    0.339167
-0.00181878   0.0839599   0.0245893 -0.00328084
 0.00328084   0.0245893   0.0827068   0.0190146
   0.339167 -0.00328084   0.0190146    0.383459
IMAGINARY
          0 -0.00115641  -0.0119089  -0.0107698
 0.00115641           0   0.0221334   0.0131876
  0.0119089  -0.0221334           0   0.0190592
  0.0107698  -0.0131876  -0.0190592           0
Repeater1[0]<--->HoM1[0]
REAL
   0.388962  0.00684516 -0.00222827    0.334111
 0.00684516   0.0801577   0.0399541  0.00347515
-0.00222827   0.0399541   0.0801577  0.00811743
   0.334111  0.00347515  0.00811743    0.450723
IMAGINARY
           0  -0.00257337   0.00441614   0.00793624
  0.00257337            0  0.000857731   -0.0130483
 -0.00441614 -0.000857731            0   0.00987748
 -0.00793624    0.0130483  -0.00987748            0
EndNode1[0]<--->Repeater1[0]
REAL
   0.436582  -0.0129715  -0.0103829    0.342338
 -0.0129715   0.0747664   0.0316875 -0.00520153
 -0.0103829   0.0316875   0.0734312  -0.0143013
   0.342338 -0.00520153  -0.0143013     0.41522
IMAGINARY
          0  0.00384615 -0.00470617   0.0222876
-0.00384615           0  -0.0159744   -0.005353
 0.00470617   0.0159744           0  0.00384615
 -0.0222876    0.005353 -0.00384615           0
EndNode2[0]<--->HoM1[0]
REAL
  0.418275 -0.0123057 -0.0103762   0.320764
-0.0123057  0.0785071  0.0315676 0.00130888
-0.0103762  0.0315676  0.0772201 -0.0123057
  0.320764 0.00130888 -0.0123057   0.425997
IMAGINARY
          0    0.003956 -0.00752812 -0.00201796
  -0.003956           0  0.00389531   0.0174095
 0.00752812 -0.00389531           0   0.0046079
 0.00201796  -0.0174095  -0.0046079           0
Repeater1[0]<--->EndNode1[0]
REAL
   0.436582  -0.0103829  -0.0129715    0.342338
 -0.0103829   0.0734312   0.0316875  -0.0143013
 -0.0129715   0.0316875   0.0747664 -0.00520153
   0.342338  -0.0143013 -0.00520153     0.41522
IMAGINARY
          0 -0.00470617  0.00384615   0.0222876
 0.00470617           0   0.0159744  0.00384615
-0.00384615  -0.0159744           0   -0.005353
 -0.0222876 -0.00384615    0.005353           0
Repeater1[0]<--->HoM1[0]
REAL
  0.418275 -0.0103762 -0.0123057   0.320764
-0.0103762  0.0772201  0.0315676 -0.0123057
-0.0123057  0.0315676  0.0785071 0.00130888
  0.320764 -0.0123057 0.00130888   0.425997
IMAGINARY
          0 -0.00752812    0.003956 -0.00201796
 0.00752812           0 -0.00389531   0.0046079
  -0.003956  0.00389531           0   0.0174095
 0.00201796  -0.0046079  -0.0174095           0
EndNode1[0]<--->Repeater1[0]
REAL
   0.43149 0.00726619  0.0101047   0.332472
0.00726619  0.0745192  0.0436684  0.0257493
 0.0101047  0.0436684  0.0721154  0.0194613
  0.332472  0.0257493  0.0194613   0.421875
IMAGINARY
           0  0.000310387     0.013126   -0.0135879
-0.000310387            0   -0.0117199   0.00850249
   -0.013126    0.0117199            0   -0.0117608
   0.0135879  -0.00850249    0.0117608            0
EndNode2[0]<--->HoM1[0]
REAL
  0.402406 -0.0198093 0.00303967    0.33972
-0.0198093  0.0842246  0.0381429  0.0109552
0.00303967  0.0381429  0.0815508  0.0312596
   0.33972  0.0109552  0.0312596   0.431818
IMAGINARY
          0   0.0061367  0.00934263 -0.00161618
 -0.0061367           0  0.00285381  -0.0218262
-0.00934263 -0.00285381           0   0.0155453
 0.00161618   0.0218262  -0.0155453           0
Repeater1[0]<--->EndNode1[0]
REAL
   0.43149  0.0101047 0.00726619   0.332472
 0.0101047  0.0721154  0.0436684  0.0194613
0.00726619  0.0436684  0.0745192  0.0257493
  0.332472  0.0194613  0.0257493   0.421875
IMAGINARY
           0     0.013126  0.000310387   -0.0135879
   -0.013126            0    0.0117199   -0.0117608
-0.000310387   -0.0117199            0   0.00850249
   0.0135879    0.0117608  -0.00850249            0
Repeater1[0]<--->HoM1[0]
REAL
  0.402406 0.00303967 -0.0198093    0.33972
0.00303967  0.0815508  0.0381429  0.0312596
-0.0198093  0.0381429  0.0842246  0.0109552
   0.33972  0.0312596  0.0109552   0.431818
IMAGINARY
          0  0.00934263   0.0061367 -0.00161618
-0.00934263           0 -0.00285381   0.0155453
 -0.0061367  0.00285381           0  -0.0218262
 0.00161618  -0.0155453   0.0218262           0
EndNode1[0]<--->Repeater1[0]
REAL
   0.379128  -0.0065685   0.0118737    0.335497
 -0.0065685   0.0779392   0.0395025 -0.00134742
  0.0118737   0.0395025    0.101717  -0.0105368
   0.335497 -0.00134742  -0.0105368    0.441215
IMAGINARY
         0 -0.0114546 -0.0019438 -0.0153815
 0.0114546          0 -0.0229765  0.0113305
 0.0019438  0.0229765          0  0.0183382
 0.0153815 -0.0113305 -0.0183382          0
EndNode2[0]<--->HoM1[0]
REAL
   0.399741  -0.0196155 -0.00827322    0.335166
 -0.0196155   0.0815006   0.0488192   0.0038596
-0.00827322   0.0488192   0.0957309 6.95058e-05
   0.335166   0.0038596 6.95058e-05    0.423027
IMAGINARY
          0   0.0144427  -0.0146755   0.0105289
 -0.0144427           0  0.00546557  -0.0200906
  0.0146755 -0.00546557           0  0.00388857
 -0.0105289   0.0200906 -0.00388857           0
Repeater1[0]<--->EndNode1[0]
REAL
   0.379128   0.0118737  -0.0065685    0.335497
  0.0118737    0.101717   0.0395025  -0.0105368
 -0.0065685   0.0395025   0.0779392 -0.00134742
   0.335497  -0.0105368 -0.00134742    0.441215
IMAGINARY
         0 -0.0019438 -0.0114546 -0.0153815
 0.0019438          0  0.0229765  0.0183382
 0.0114546 -0.0229765          0  0.0113305
 0.0153815 -0.0183382 -0.0113305          0
Repeater1[0]<--->HoM1[0]
REAL
   0.399741 -0.00827322  -0.0196155    0.335166
-0.00827322   0.0957309   0.0488192 6.95058e-05
 -0.0196155   0.0488192   0.0815006   0.0038596
   0.335166 6.95058e-05   0.0038596    0.423027
IMAGINARY
          0  -0.0146755   0.0144427   0.0105289
  0.0146755           0 -0.00546557  0.00388857
 -0.0144427  0.00546557           0  -0.0200906
 -0.0105289 -0.00388857   0.0200906           0
EndNode1[0]<--->Repeater1[0]
REAL
   0.407643   0.0107383 -0.00887496    0.321896
  0.0107383   0.0789809   0.0465603   0.0095461
-0.00887496   0.0465603   0.0751592 -0.00738255
   0.321896   0.0095461 -0.00738255    0.438217
IMAGINARY
          0   0.0147555  -0.0107751 -0.00533332
 -0.0147555           0 -0.00233931 -0.00815042
  0.0107751  0.00233931           0    0.011496
 0.00533332  0.00815042   -0.011496           0
EndNode2[0]<--->HoM1[0]
REAL
    0.407828   -0.0063884    0.0236868     0.338473
  -0.0063884    0.0732323    0.0329178 -6.47376e-05
   0.0236868    0.0329178    0.0909091    0.0142624
    0.338473 -6.47376e-05    0.0142624      0.42803
IMAGINARY
          0  -0.0340566  0.00854205  -0.0144021
  0.0340566           0   0.0118446   0.0255489
-0.00854205  -0.0118446           0  0.00501622
  0.0144021  -0.0255489 -0.00501622           0
Repeater1[0]<--->EndNode1[0]
REAL
   0.407643 -0.00887496   0.0107383    0.321896
-0.00887496   0.0751592   0.0465603 -0.00738255
  0.0107383   0.0465603   0.0789809   0.0095461
   0.321896 -0.00738255   0.0095461    0.438217
IMAGINARY
          0  -0.0107751   0.0147555 -0.00533332
  0.0107751           0  0.00233931    0.011496
 -0.0147555 -0.00233931           0 -0.00815042
 0.00533332   -0.011496  0.00815042           0
Repeater1[0]<--->HoM1[0]
REAL
    0.407828    0.0236868   -0.0063884     0.338473
   0.0236868    0.0909091    0.0329178    0.0142624
  -0.0063884    0.0329178    0.0732323 -6.47376e-05
    0.338473    0.0142624 -6.47376e-05      0.42803
IMAGINARY
          0  0.00854205  -0.0340566  -0.0144021
-0.00854205           0  -0.0118446  0.00501622
  0.0340566   0.0118446           0   0.0255489
  0.0144021 -0.00501622  -0.0255489           0
EndNode1[0]<--->Repeater1[0]
REAL
   0.426546   0.0124737 -0.00190644    0.335257
  0.0124737    0.068299   0.0310795  0.00314406
-0.00190644   0.0310795    0.068299  -0.0186618
   0.335257  0.00314406  -0.0186618    0.436856
IMAGINARY
          0 -0.00096853 -0.00754932 -0.00230302
 0.00096853           0  -0.0155305 -0.00158906
 0.00754932   0.0155305           0  0.00227401
 0.00230302  0.00158906 -0.00227401           0
EndNode2[0]<--->HoM1[0]
REAL
    0.45125 -0.00471698   -0.025924    0.340099
-0.00471698     0.07875   0.0465507   0.0133295
  -0.025924   0.0465507     0.08125  0.00471698
   0.340099   0.0133295  0.00471698     0.38875
IMAGINARY
           0   0.00443922   -0.0196783  0.000436592
 -0.00443922            0   0.00982333   -0.0183863
   0.0196783  -0.00982333            0    0.0103995
-0.000436592    0.0183863   -0.0103995            0
Repeater1[0]<--->EndNode1[0]
REAL
   0.426546 -0.00190644   0.0124737    0.335257
-0.00190644    0.068299   0.0310795  -0.0186618
  0.0124737   0.0310795    0.068299  0.00314406
   0.335257  -0.0186618  0.00314406    0.436856
IMAGINARY
          0 -0.00754932 -0.00096853 -0.00230302
 0.00754932           0   0.0155305  0.00227401
 0.00096853  -0.0155305           0 -0.00158906
 0.00230302 -0.00227401  0.00158906           0
Repeater1[0]<--->HoM1[0]
REAL
    0.45125   -0.025924 -0.00471698    0.340099
  -0.025924     0.08125   0.0465507  0.00471698
-0.00471698   0.0465507     0.07875   0.0133295
   0.340099  0.00471698   0.0133295     0.38875
IMAGINARY
           0   -0.0196783   0.00443922  0.000436592
   0.0196783            0  -0.00982333    0.0103995
 -0.00443922   0.00982333            0   -0.0183863
-0.000436592   -0.0103995    0.0183863            0
EndNode1[0]<--->Repeater1[0]
REAL
   0.443857 -0.00433362  -0.0208732    0.317895
-0.00433362   0.0805812   0.0478947  0.00639952
 -0.0208732   0.0478947   0.0726552  -0.0101401
   0.317895  0.00639952  -0.0101401    0.402906
IMAGINARY
          0 -0.00375157   0.0102952  0.00558136
 0.00375157           0 -0.00231338  0.00845475
 -0.0102952  0.00231338           0 -0.00249843
-0.00558136 -0.00845475  0.00249843           0
EndNode2[0]<--->HoM1[0]
REAL
   0.394904 -0.00113995  -0.0109339     0.33511
-0.00113995   0.0751592   0.0504944 -0.00320496
 -0.0109339   0.0504944   0.0700637   -0.024567
    0.33511 -0.00320496   -0.024567    0.459873
IMAGINARY
          0 -0.00117564  0.00206406 -0.00543408
 0.00117564           0  0.00104261  0.00702684
-0.00206406 -0.00104261           0  0.00607074
 0.00543408 -0.00702684 -0.00607074           0
Repeater1[0]<--->EndNode1[0]
REAL
   0.443857  -0.0208732 -0.00433362    0.317895
 -0.0208732   0.0726552   0.0478947  -0.0101401
-0.00433362   0.0478947   0.0805812  0.00639952
   0.317895  -0.0101401  0.00639952    0.402906
IMAGINARY
          0   0.0102952 -0.00375157  0.00558136
 -0.0102952           0  0.00231338 -0.00249843
 0.00375157 -0.00231338           0  0.00845475
-0.00558136  0.00249843 -0.00845475           0
Repeater1[0]<--->HoM1[0]
REAL
   0.394904  -0.0109339 -0.00113995     0.33511
 -0.0109339   0.0700637   0.0504944   -0.024567
-0.00113995   0.0504944   0.0751592 -0.00320496
    0.33511   -0.024567 -0.00320496    0.459873
IMAGINARY
          0  0.00206406 -0.00117564 -0.00543408
-0.00206406           0 -0.00104261  0.00607074
 0.00117564  0.00104261           0  0.00702684
 0.00543408 -0.00607074 -0.00702684           0
EndNode1[0]<--->Repeater1[0]
REAL
   0.429658  -0.0201878 -0.00196941    0.334786
 -0.0201878    0.095057   0.0287341  0.00834696
-0.00196941   0.0287341   0.0760456   0.0125347
   0.334786  0.00834696   0.0125347     0.39924
IMAGINARY
           0   -0.0169414  -0.00476524   0.00637937
   0.0169414            0 -0.000144952    0.0137061
  0.00476524  0.000144952            0  -0.00988111
 -0.00637937   -0.0137061   0.00988111            0
EndNode2[0]<--->HoM1[0]
REAL
  0.415617  0.0144695 -0.0103776   0.356333
 0.0144695  0.0780856  0.0348585 0.00649154
-0.0103776  0.0348585  0.0755668 0.00755124
  0.356333 0.00649154 0.00755124    0.43073
IMAGINARY
          0 -0.00553364   0.0212473  0.00193026
 0.00553364           0   0.0163282  0.00139174
 -0.0212473  -0.0163282           0 -0.00675614
-0.00193026 -0.00139174  0.00675614           0
Repeater1[0]<--->EndNode1[0]
REAL
   0.429658 -0.00196941  -0.0201878    0.334786
-0.00196941   0.0760456   0.0287341   0.0125347
 -0.0201878   0.0287341    0.095057  0.00834696
   0.334786   0.0125347  0.00834696     0.39924
IMAGINARY
           0  -0.00476524   -0.0169414   0.00637937
  0.00476524            0  0.000144952  -0.00988111
   0.0169414 -0.000144952            0    0.0137061
 -0.00637937   0.00988111   -0.0137061            0
Repeater1[0]<--->HoM1[0]
REAL
  0.415617 -0.0103776  0.0144695   0.356333
-0.0103776  0.0755668  0.0348585 0.00755124
 0.0144695  0.0348585  0.0780856 0.00649154
  0.356333 0.00755124 0.00649154    0.43073
IMAGINARY
          0   0.0212473 -0.00553364  0.00193026
 -0.0212473           0  -0.0163282 -0.00675614
 0.00553364   0.0163282           0  0.00139174
-0.00193026  0.00675614 -0.00139174           0
EndNode1[0]<--->Repeater1[0]
REAL
  0.452555  0.0111842  -0.013998   0.329105
 0.0111842  0.0766423  0.0236182  0.0276118
 -0.013998  0.0236182  0.0583942 -0.0111842
  0.329105  0.0276118 -0.0111842   0.412409
IMAGINARY
          0 -0.00380002   0.0323813   0.0101094
 0.00380002           0  0.00887791  -0.0236532
 -0.0323813 -0.00887791           0   0.0200095
 -0.0101094   0.0236532  -0.0200095           0
EndNode2[0]<--->HoM1[0]
REAL
  0.403553  0.0131479  0.0130706   0.338528
 0.0131479  0.0647208   0.032901 0.00770865
 0.0130706   0.032901  0.0824873  0.0011378
  0.338528 0.00770865  0.0011378   0.449239
IMAGINARY
          0  -0.0138791  0.00420168 -0.00678336
  0.0138791           0 -0.00613653  0.00730727
-0.00420168  0.00613653           0  0.00492767
 0.00678336 -0.00730727 -0.00492767           0
Repeater1[0]<--->EndNode1[0]
REAL
  0.452555  -0.013998  0.0111842   0.329105
 -0.013998  0.0583942  0.0236182 -0.0111842
 0.0111842  0.0236182  0.0766423  0.0276118
  0.329105 -0.0111842  0.0276118   0.412409
IMAGINARY
          0   0.0323813 -0.00380002   0.0101094
 -0.0323813           0 -0.00887791   0.0200095
 0.00380002  0.00887791           0  -0.0236532
 -0.0101094  -0.0200095   0.0236532           0
Repeater1[0]<--->HoM1[0]
REAL
  0.403553  0.0130706  0.0131479   0.338528
 0.0130706  0.0824873   0.032901  0.0011378
 0.0131479   0.032901  0.0647208 0.00770865
  0.338528  0.0011378 0.00770865   0.449239
IMAGINARY
          0  0.00420168  -0.0138791 -0.00678336
-0.00420168           0  0.00613653  0.00492767
  0.0138791 -0.00613653           0  0.00730727
 0.00678336 -0.00492767 -0.00730727           0
EndNode1[0]<--->Repeater1[0]
REAL
   0.408245 0.000607921   0.0103102    0.323809
0.000607921   0.0731383   0.0372635  0.00138166
  0.0103102   0.0372635   0.0837766  -0.0205529
   0.323809  0.00138166  -0.0205529     0.43484
IMAGINARY
           0    0.0192615  -0.00140701   -0.0186992
  -0.0192615            0     0.012511    0.0111095
  0.00140701    -0.012511            0  0.000790204
   0.0186992   -0.0111095 -0.000790204            0
EndNode2[0]<--->HoM1[0]
REAL
       0.44  0.00282545  0.00433316    0.328875
 0.00282545   0.0683871   0.0280886 -0.00496052
 0.00433316   0.0280886   0.0980645  0.00658484
   0.328875 -0.00496052  0.00658484    0.393548
IMAGINARY
           0 -0.000898926    0.0124509   -0.0090604
 0.000898926            0   -0.0090604  -0.00917431
  -0.0124509    0.0090604            0    0.0133498
   0.0090604   0.00917431   -0.0133498            0
Repeater1[0]<--->EndNode1[0]
REAL
   0.408245   0.0103102 0.000607921    0.323809
  0.0103102   0.0837766   0.0372635  -0.0205529
0.000607921   0.0372635   0.0731383  0.00138166
   0.323809  -0.0205529  0.00138166     0.43484
IMAGINARY
           0  -0.00140701    0.0192615   -0.0186992
  0.00140701            0    -0.012511  0.000790204
  -0.0192615     0.012511            0    0.0111095
   0.0186992 -0.000790204   -0.0111095            0
Repeater1[0]<--->HoM1[0]
REAL
       0.44  0.00433316  0.00282545    0.328875
 0.00433316   0.0980645   0.0280886  0.00658484
 0.00282545   0.0280886   0.0683871 -0.00496052
   0.328875  0.00658484 -0.00496052    0.393548
IMAGINARY
           0    0.0124509 -0.000898926   -0.0090604
  -0.0124509            0    0.0090604    0.0133498
 0.000898926   -0.0090604            0  -0.00917431
   0.0090604   -0.0133498   0.00917431            0
EndNode1[0]<--->Repeater1[0]
REAL
   0.433719   0.0268086   0.0264116     0.33082
  0.0268086   0.0604891   0.0400627 -0.00598996
  0.0264116   0.0400627   0.0823681 -0.00111692
    0.33082 -0.00598996 -0.00111692    0.423423
IMAGINARY
          0   0.0118767 -0.00157689   -0.020765
 -0.0118767           0   0.0258671  -0.0324411
 0.00157689  -0.0258671           0   0.0157228
   0.020765   0.0324411  -0.0157228           0
EndNode2[0]<--->HoM1[0]
REAL
   0.432692  0.00319308   0.0169508    0.342303
 0.00319308   0.0673077   0.0444444 -0.00128817
  0.0169508   0.0444444   0.0741758 -0.00198826
   0.342303 -0.00128817 -0.00198826    0.425824
IMAGINARY
           0    -0.021382   0.00298373  -0.00159616
    0.021382            0  0.000981157   0.00170168
 -0.00298373 -0.000981157            0   -0.0167706
  0.00159616  -0.00170168    0.0167706            0
Repeater1[0]<--->EndNode1[0]
REAL
   0.433719   0.0264116   0.0268086     0.33082
  0.0264116   0.0823681   0.0400627 -0.00111692
  0.0268086   0.0400627   0.0604891 -0.00598996
    0.33082 -0.00111692 -0.00598996    0.423423
IMAGINARY
          0 -0.00157689   0.0118767   -0.020765
 0.00157689           0  -0.0258671   0.0157228
 -0.0118767   0.0258671           0  -0.0324411
   0.020765  -0.0157228   0.0324411           0
Repeater1[0]<--->HoM1[0]
REAL
   0.432692   0.0169508  0.00319308    0.342303
  0.0169508   0.0741758   0.0444444 -0.00198826
 0.00319308   0.0444444   0.0673077 -0.00128817
   0.342303 -0.00198826 -0.00128817    0.425824
IMAGINARY
           0   0.00298373    -0.021382  -0.00159616
 -0.00298373            0 -0.000981157   -0.0167706
    0.021382  0.000981157            0   0.00170168
  0.00159616    0.0167706  -0.00170168            0
EndNode1[0]<--->Repeater1[0]
REAL
   0.422733  0.00293179 -0.00336022    0.340712
 0.00293179   0.0753512   0.0564231  0.00336022
-0.00336022   0.0564231   0.0842912  0.00357862
   0.340712  0.00336022  0.00357862    0.417625
IMAGINARY
           0   -0.0169103    0.0265884   0.00974679
   0.0169103            0    0.0153788 -0.000403875
  -0.0265884   -0.0153788            0  -0.00303979
 -0.00974679  0.000403875   0.00303979            0
EndNode2[0]<--->HoM1[0]
REAL
   0.429539 -0.00252279  0.00749237    0.331148
-0.00252279   0.0813008   0.0498979  -0.0120675
 0.00749237   0.0498979   0.0731707  0.00448358
   0.331148  -0.0120675  0.00448358    0.415989
IMAGINARY
           0    0.0183614   -0.0230479  5.70903e-05
  -0.0183614            0   0.00894034   -0.0121084
   0.0230479  -0.00894034            0  -0.00143429
-5.70903e-05    0.0121084   0.00143429            0
Repeater1[0]<--->EndNode1[0]
REAL
   0.422733 -0.00336022  0.00293179    0.340712
-0.00336022   0.0842912   0.0564231  0.00357862
 0.00293179   0.0564231   0.0753512  0.00336022
   0.340712  0.00357862  0.00336022    0.417625
IMAGINARY
           0    0.0265884   -0.0169103   0.00974679
  -0.0265884            0   -0.0153788  -0.00303979
   0.0169103    0.0153788            0 -0.000403875
 -0.00974679   0.00303979  0.000403875            0
Repeater1[0]<--->HoM1[0]
REAL
   0.429539  0.00749237 -0.00252279    0.331148
 0.00749237   0.0731707   0.0498979  0.00448358
-0.00252279   0.0498979   0.0813008  -0.0120675
   0.331148  0.00448358  -0.0120675    0.415989
IMAGINARY
           0   -0.0230479    0.0183614  5.70903e-05
   0.0230479            0  -0.00894034  -0.00143429
  -0.0183614   0.00894034            0   -0.0121084
-5.70903e-05   0.00143429    0.0121084            0
EndNode1[0]<--->Repeater1[0]
REAL
        0.4 -0.00634518   0.0179258    0.309423
-0.00634518   0.0784314   0.0260692 -0.00626776
  0.0179258   0.0260692   0.0797386  0.00634518
   0.309423 -0.00626776  0.00634518     0.44183
IMAGINARY
          0 -0.00642218  0.00521138  0.00902586
 0.00642218           0   0.0278594  -0.0021514
-0.00521138  -0.0278594           0 -0.00765371
-0.00902586   0.0021514  0.00765371           0
EndNode2[0]<--->HoM1[0]
REAL
  0.434395  0.0122248 0.00937039    0.33209
 0.0122248  0.0828025   0.028223 0.00498992
0.00937039   0.028223  0.0726115 0.00605196
   0.33209 0.00498992 0.00605196   0.410191
IMAGINARY
          0  0.00320027  -0.0134973  -0.0159905
-0.00320027           0  -0.0199069 -0.00169606
  0.0134973   0.0199069           0  0.00646824
  0.0159905  0.00169606 -0.00646824           0
Repeater1[0]<--->EndNode1[0]
REAL
        0.4   0.0179258 -0.00634518    0.309423
  0.0179258   0.0797386   0.0260692  0.00634518
-0.00634518   0.0260692   0.0784314 -0.00626776
   0.309423  0.00634518 -0.00626776     0.44183
IMAGINARY
          0  0.00521138 -0.00642218  0.00902586
-0.00521138           0  -0.0278594 -0.00765371
 0.00642218   0.0278594           0  -0.0021514
-0.00902586  0.00765371   0.0021514           0
Repeater1[0]<--->HoM1[0]
REAL
  0.434395 0.00937039  0.0122248    0.33209
0.00937039  0.0726115   0.028223 0.00605196
 0.0122248   0.028223  0.0828025 0.00498992
   0.33209 0.00605196 0.00498992   0.410191
IMAGINARY
          0  -0.0134973  0.00320027  -0.0159905
  0.0134973           0   0.0199069  0.00646824
-0.00320027  -0.0199069           0 -0.00169606
  0.0159905 -0.00646824  0.00169606           0
EndNode1[0]<--->Repeater1[0]
REAL
   0.420613  0.00439698   0.0119618    0.319437
 0.00439698   0.0849582   0.0431869  -0.0131995
  0.0119618   0.0431869   0.0738162 -0.00439698
   0.319437  -0.0131995 -0.00439698    0.420613
IMAGINARY
          0  -0.0104725    -0.00625   -0.014655
  0.0104725           0 -0.00658049    -0.00625
    0.00625  0.00658049           0  0.00922252
   0.014655     0.00625 -0.00922252           0
EndNode2[0]<--->HoM1[0]
REAL
  0.413474 0.00350453 -0.0206162   0.339921
0.00350453  0.0832232  0.0388669  0.0016768
-0.0206162  0.0388669  0.0792602 -0.0148682
  0.339921  0.0016768 -0.0148682   0.424042
IMAGINARY
          0  -0.0016469 -0.00604474   -0.014744
  0.0016469           0 -0.00317937  0.00275093
 0.00604474  0.00317937           0  -0.0016469
   0.014744 -0.00275093   0.0016469           0
Repeater1[0]<--->EndNode1[0]
REAL
   0.420613   0.0119618  0.00439698    0.319437
  0.0119618   0.0738162   0.0431869 -0.00439698
 0.00439698   0.0431869   0.0849582  -0.0131995
   0.319437 -0.00439698  -0.0131995    0.420613
IMAGINARY
          0    -0.00625  -0.0104725   -0.014655
    0.00625           0  0.00658049  0.00922252
  0.0104725 -0.00658049           0    -0.00625
   0.014655 -0.00922252     0.00625           0
Repeater1[0]<--->HoM1[0]
REAL
  0.413474 -0.0206162 0.00350453   0.339921
-0.0206162  0.0792602  0.0388669 -0.0148682
0.00350453  0.0388669  0.0832232  0.0016768
  0.339921 -0.0148682  0.0016768   0.424042
IMAGINARY
          0 -0.00604474  -0.0016469   -0.014744
 0.00604474           0  0.00317937  -0.0016469
  0.0016469 -0.00317937           0  0.00275093
   0.014744   0.0016469 -0.00275093           0
EndNode1[0]<--->Repeater1[0]
REAL
  0.386733  0.0120096  0.0181285   0.337781
 0.0120096  0.0901126  0.0275041  0.0259129
 0.0181285  0.0275041  0.0963705 0.00871579
  0.337781  0.0259129 0.00871579   0.426783
IMAGINARY
          0   0.0115223  -0.0118101 -0.00738183
 -0.0115223           0 -0.00804233 -0.00729398
  0.0118101  0.00804233           0   0.0102168
 0.00738183  0.00729398  -0.0102168           0
EndNode2[0]<--->HoM1[0]
REAL
   0.433987 -0.00456314   0.0160317    0.341178
-0.00456314   0.0784314   0.0527418  -0.0166786
  0.0160317   0.0527418   0.0679739  0.00909095
   0.341178  -0.0166786  0.00909095    0.419608
IMAGINARY
          0  -0.0191354  0.00254679  0.00419494
  0.0191354           0  -0.0104922   0.0243914
-0.00254679   0.0104922           0 -0.00123256
-0.00419494  -0.0243914  0.00123256           0
Repeater1[0]<--->EndNode1[0]
REAL
  0.386733  0.0181285  0.0120096   0.337781
 0.0181285  0.0963705  0.0275041 0.00871579
 0.0120096  0.0275041  0.0901126  0.0259129
  0.337781 0.00871579  0.0259129   0.426783
IMAGINARY
          0  -0.0118101   0.0115223 -0.00738183
  0.0118101           0  0.00804233   0.0102168
 -0.0115223 -0.00804233           0 -0.00729398
 0.00738183  -0.0102168  0.00729398           0
Repeater1[0]<--->HoM1[0]
REAL
   0.433987   0.0160317 -0.00456314    0.341178
  0.0160317   0.0679739   0.0527418  0.00909095
-0.00456314   0.0527418   0.0784314  -0.0166786
   0.341178  0.00909095  -0.0166786    0.419608
IMAGINARY
          0  0.00254679  -0.0191354  0.00419494
-0.00254679           0   0.0104922 -0.00123256
  0.0191354  -0.0104922           0   0.0243914
-0.00419494  0.00123256  -0.0243914           0
EndNode1[0]<--->Repeater1[0]
REAL
   0.457516  0.00148491 -0.00280664    0.312502
 0.00148491    0.069281   0.0408483 -0.00541081
-0.00280664   0.0408483   0.0718954  -0.0122308
   0.312502 -0.00541081  -0.0122308    0.401307
IMAGINARY
           0   -0.0194603  0.000559517    0.0165317
   0.0194603            0    0.0165317   -0.0241816
-0.000559517   -0.0165317            0   0.00108762
  -0.0165317    0.0241816  -0.00108762            0
EndNode2[0]<--->HoM1[0]
REAL
   0.440461  -0.0262967 -0.00557366    0.326105
 -0.0262967    0.084507   0.0474279 -0.00941982
-0.00557366   0.0474279    0.078105 -0.00564591
   0.326105 -0.00941982 -0.00564591    0.396927
IMAGINARY
          0   0.0178876 -0.00646779 -0.00918794
 -0.0178876           0  -0.0326447 -0.00905177
 0.00646779   0.0326447           0   0.0273216
 0.00918794  0.00905177  -0.0273216           0
Repeater1[0]<--->EndNode1[0]
REAL
   0.457516 -0.00280664  0.00148491    0.312502
-0.00280664   0.0718954   0.0408483  -0.0122308
 0.00148491   0.0408483    0.069281 -0.00541081
   0.312502  -0.0122308 -0.00541081    0.401307
IMAGINARY
           0  0.000559517   -0.0194603    0.0165317
-0.000559517            0   -0.0165317   0.00108762
   0.0194603    0.0165317            0   -0.0241816
  -0.0165317  -0.00108762    0.0241816            0
Repeater1[0]<--->HoM1[0]
REAL
   0.440461 -0.00557366  -0.0262967    0.326105
-0.00557366    0.078105   0.0474279 -0.00564591
 -0.0262967   0.0474279    0.084507 -0.00941982
   0.326105 -0.00564591 -0.00941982    0.396927
IMAGINARY
          0 -0.00646779   0.0178876 -0.00918794
 0.00646779           0   0.0326447   0.0273216
 -0.0178876  -0.0326447           0 -0.00905177
 0.00918794  -0.0273216  0.00905177           0
EndNode1[0]<--->Repeater1[0]
REAL
   0.418575 -0.00852949  -0.0279131    0.312289
-0.00852949   0.0776081   0.0375138 -0.00963632
 -0.0279131   0.0375138   0.0737913  -0.0184797
   0.312289 -0.00963632  -0.0184797    0.430025
IMAGINARY
          0   0.0018241   0.0272541  0.00152194
 -0.0018241           0  0.00852831 -0.00215762
 -0.0272541 -0.00852831           0  -0.0204856
-0.00152194  0.00215762   0.0204856           0
EndNode2[0]<--->HoM1[0]
REAL
     0.40915   0.00412131  -0.00473056     0.335168
  0.00412131    0.0888889    0.0417168 -0.000294565
 -0.00473056    0.0417168    0.0588235  0.000903811
    0.335168 -0.000294565  0.000903811     0.443137
IMAGINARY
          0 -0.00845796   -0.015274  -0.0147968
 0.00845796           0  -0.0201159 -0.00109877
   0.015274   0.0201159           0   0.0122363
  0.0147968  0.00109877  -0.0122363           0
Repeater1[0]<--->EndNode1[0]
REAL
   0.418575  -0.0279131 -0.00852949    0.312289
 -0.0279131   0.0737913   0.0375138  -0.0184797
-0.00852949   0.0375138   0.0776081 -0.00963632
   0.312289  -0.0184797 -0.00963632    0.430025
IMAGINARY
          0   0.0272541   0.0018241  0.00152194
 -0.0272541           0 -0.00852831  -0.0204856
 -0.0018241  0.00852831           0 -0.00215762
-0.00152194   0.0204856  0.00215762           0
Repeater1[0]<--->HoM1[0]
REAL
     0.40915  -0.00473056   0.00412131     0.335168
 -0.00473056    0.0588235    0.0417168  0.000903811
  0.00412131    0.0417168    0.0888889 -0.000294565
    0.335168  0.000903811 -0.000294565     0.443137
IMAGINARY
          0   -0.015274 -0.00845796  -0.0147968
   0.015274           0   0.0201159   0.0122363
 0.00845796  -0.0201159           0 -0.00109877
  0.0147968  -0.0122363  0.00109877           0
EndNode1[0]<--->Repeater1[0]
REAL
  0.426735 -0.0146522 -0.0107355   0.339139
-0.0146522  0.0732648  0.0218308 -0.0211522
-0.0107355  0.0218308  0.0796915  -0.008307
  0.339139 -0.0211522  -0.008307   0.420308
IMAGINARY
          0  -0.0160998 -0.00495376  -0.0141067
  0.0160998           0  -0.0167109  0.00495376
 0.00495376   0.0167109           0   0.0174734
  0.0141067 -0.00495376  -0.0174734           0
EndNode2[0]<--->HoM1[0]
REAL
   0.457541  -0.0102524  -0.0320848    0.324891
 -0.0102524   0.0481622   0.0408003  -0.0157875
 -0.0320848   0.0408003   0.0735108 -0.00703487
   0.324891  -0.0157875 -0.00703487    0.420786
IMAGINARY
          0   0.0224537  0.00179426  -0.0188254
 -0.0224537           0  0.00273791  -0.0245215
-0.00179426 -0.00273791           0  0.00911193
  0.0188254   0.0245215 -0.00911193           0
Repeater1[0]<--->EndNode1[0]
REAL
  0.426735 -0.0107355 -0.0146522   0.339139
-0.0107355  0.0796915  0.0218308  -0.008307
-0.0146522  0.0218308  0.0732648 -0.0211522
  0.339139  -0.008307 -0.0211522   0.420308
IMAGINARY
          0 -0.00495376  -0.0160998  -0.0141067
 0.00495376           0   0.0167109   0.0174734
  0.0160998  -0.0167109           0  0.00495376
  0.0141067  -0.0174734 -0.00495376           0
Repeater1[0]<--->HoM1[0]
REAL
   0.457541  -0.0320848  -0.0102524    0.324891
 -0.0320848   0.0735108   0.0408003 -0.00703487
 -0.0102524   0.0408003   0.0481622  -0.0157875
   0.324891 -0.00703487  -0.0157875    0.420786
IMAGINARY
          0  0.00179426   0.0224537  -0.0188254
-0.00179426           0 -0.00273791  0.00911193
 -0.0224537  0.00273791           0  -0.0245215
  0.0188254 -0.00911193   0.0245215           0
EndNode1[0]<--->Repeater1[0]
REAL
   0.427261  -0.0126734  -0.0143422    0.346983
 -0.0126734   0.0747051     0.03365  -0.0130634
 -0.0143422     0.03365   0.0694626 -0.00742405
   0.346983  -0.0130634 -0.00742405    0.428571
IMAGINARY
          0  -0.0149229 -0.00357137  0.00858859
  0.0149229           0  -0.0192269 -0.00176196
 0.00357137   0.0192269           0  0.00158961
-0.00858859  0.00176196 -0.00158961           0
EndNode2[0]<--->HoM1[0]
REAL
   0.44171 0.00901648 -0.0198998   0.333072
0.00901648  0.0880829  0.0442518 0.00441033
-0.0198998  0.0442518  0.0777202 -0.0133535
  0.333072 0.00441033 -0.0133535   0.392487
IMAGINARY
          0    0.018473 -0.00927568  -0.0155351
  -0.018473           0  -0.0194111  -0.0112212
 0.00927568   0.0194111           0   -0.007914
  0.0155351   0.0112212    0.007914           0
Repeater1[0]<--->EndNode1[0]
REAL
   0.427261  -0.0143422  -0.0126734    0.346983
 -0.0143422   0.0694626     0.03365 -0.00742405
 -0.0126734     0.03365   0.0747051  -0.0130634
   0.346983 -0.00742405  -0.0130634    0.428571
IMAGINARY
          0 -0.00357137  -0.0149229  0.00858859
 0.00357137           0   0.0192269  0.00158961
  0.0149229  -0.0192269           0 -0.00176196
-0.00858859 -0.00158961  0.00176196           0
Repeater1[0]<--->HoM1[0]
REAL
   0.44171 -0.0198998 0.00901648   0.333072
-0.0198998  0.0777202  0.0442518 -0.0133535
0.00901648  0.0442518  0.0880829 0.00441033
  0.333072 -0.0133535 0.00441033   0.392487
IMAGINARY
          0 -0.00927568    0.018473  -0.0155351
 0.00927568           0   0.0194111   -0.007914
  -0.018473  -0.0194111           0  -0.0112212
  0.0155351    0.007914   0.0112212           0
EndNode1[0]<--->Repeater1[0]
REAL
   0.411533   0.0136364 -0.00512995    0.315357
  0.0136364   0.0878113   0.0404875   0.0142209
-0.00512995   0.0404875   0.0747051  -0.0214286
   0.315357   0.0142209  -0.0214286     0.42595
IMAGINARY
          0 -0.00693024  0.00847421   0.0032282
 0.00693024           0  -0.0107112 -0.00192971
-0.00847421   0.0107112           0  0.00300354
 -0.0032282  0.00192971 -0.00300354           0
EndNode2[0]<--->HoM1[0]
REAL
   0.42487 0.00133162  0.0203866   0.347789
0.00133162  0.0712435  0.0246337  0.0053866
 0.0203866  0.0246337  0.0673575  0.0179983
  0.347789  0.0053866  0.0179983   0.436528
IMAGINARY
           0   -0.0215346   0.00729802 -0.000947937
   0.0215346            0    0.0124569   0.00796916
 -0.00729802   -0.0124569            0   0.00245064
 0.000947937  -0.00796916  -0.00245064            0
Repeater1[0]<--->EndNode1[0]
REAL
   0.411533 -0.00512995   0.0136364    0.315357
-0.00512995   0.0747051   0.0404875  -0.0214286
  0.0136364   0.0404875   0.0878113   0.0142209
   0.315357  -0.0214286   0.0142209     0.42595
IMAGINARY
          0  0.00847421 -0.00693024   0.0032282
-0.00847421           0   0.0107112  0.00300354
 0.00693024  -0.0107112           0 -0.00192971
 -0.0032282 -0.00300354  0.00192971           0
Repeater1[0]<--->HoM1[0]
REAL
   0.42487  0.0203866 0.00133162   0.347789
 0.0203866  0.0673575  0.0246337  0.0179983
0.00133162  0.0246337  0.0712435  0.0053866
  0.347789  0.0179983  0.0053866   0.436528
IMAGINARY
           0   0.00729802   -0.0215346 -0.000947937
 -0.00729802            0   -0.0124569   0.00245064
   0.0215346    0.0124569            0   0.00796916
 0.000947937  -0.00245064  -0.00796916            0
EndNode1[0]<--->Repeater1[0]
REAL
   0.418367 -0.00530674  0.00747724    0.344467
-0.00530674   0.0765306   0.0421998 -0.00747724
 0.00747724   0.0421998   0.0803571   0.0146401
   0.344467 -0.00747724   0.0146401    0.424745
IMAGINARY
           0    0.0209994  -0.00727866    0.0197178
  -0.0209994            0    0.0106048   0.00601921
  0.00727866   -0.0106048            0 -0.000848278
  -0.0197178  -0.00601921  0.000848278            0
EndNode2[0]<--->HoM1[0]
REAL
   0.441026  -0.0096988 -0.00172657    0.337696
 -0.0096988   0.0641026   0.0332341  -0.0168781
-0.00172657   0.0332341    0.075641  -0.0123942
   0.337696  -0.0168781  -0.0123942    0.419231
IMAGINARY
          0   0.0164989  -0.0240472  -0.0061375
 -0.0164989           0 -0.00958577 -0.00219951
  0.0240472  0.00958577           0   0.0268082
  0.0061375  0.00219951  -0.0268082           0
Repeater1[0]<--->EndNode1[0]
REAL
   0.418367  0.00747724 -0.00530674    0.344467
 0.00747724   0.0803571   0.0421998   0.0146401
-0.00530674   0.0421998   0.0765306 -0.00747724
   0.344467   0.0146401 -0.00747724    0.424745
IMAGINARY
           0  -0.00727866    0.0209994    0.0197178
  0.00727866            0   -0.0106048 -0.000848278
  -0.0209994    0.0106048            0   0.00601921
  -0.0197178  0.000848278  -0.00601921            0
Repeater1[0]<--->HoM1[0]
REAL
   0.441026 -0.00172657  -0.0096988    0.337696
-0.00172657    0.075641   0.0332341  -0.0123942
 -0.0096988   0.0332341   0.0641026  -0.0168781
   0.337696  -0.0123942  -0.0168781    0.419231
IMAGINARY
          0  -0.0240472   0.0164989  -0.0061375
  0.0240472           0  0.00958577   0.0268082
 -0.0164989 -0.00958577           0 -0.00219951
  0.0061375  -0.0268082  0.00219951           0
EndNode1[0]<--->Repeater1[0]
REAL
   0.377688 -0.00122254   0.0203848     0.34036
-0.00122254   0.0860215   0.0398551 -0.00490702
  0.0203848   0.0398551   0.0887097   0.0234298
    0.34036 -0.00490702   0.0234298    0.447581
IMAGINARY
          0  0.00905608 -0.00939955  0.00592421
-0.00905608           0  0.00339256 -0.00322671
 0.00939955 -0.00339256           0   0.0262975
-0.00592421  0.00322671  -0.0262975           0
EndNode2[0]<--->HoM1[0]
REAL
   0.404762   -0.012689  -0.0168807    0.353092
  -0.012689   0.0793651   0.0281582 -0.00311927
 -0.0168807   0.0281582   0.0846561 -0.00106105
   0.353092 -0.00311927 -0.00106105    0.431217
IMAGINARY
           0   0.00165239  0.000580759    0.0105639
 -0.00165239            0   0.00103404    0.0325757
-0.000580759  -0.00103404            0   -0.0241988
  -0.0105639   -0.0325757    0.0241988            0
Repeater1[0]<--->EndNode1[0]
REAL
   0.377688   0.0203848 -0.00122254     0.34036
  0.0203848   0.0887097   0.0398551   0.0234298
-0.00122254   0.0398551   0.0860215 -0.00490702
    0.34036   0.0234298 -0.00490702    0.447581
IMAGINARY
          0 -0.00939955  0.00905608  0.00592421
 0.00939955           0 -0.00339256   0.0262975
-0.00905608  0.00339256           0 -0.00322671
-0.00592421  -0.0262975  0.00322671           0
Repeater1[0]<--->HoM1[0]
REAL
   0.404762  -0.0168807   -0.012689    0.353092
 -0.0168807   0.0846561   0.0281582 -0.00106105
  -0.012689   0.0281582   0.0793651 -0.00311927
   0.353092 -0.00106105 -0.00311927    0.431217
IMAGINARY
           0  0.000580759   0.00165239    0.0105639
-0.000580759            0  -0.00103404   -0.0241988
 -0.00165239   0.00103404            0    0.0325757
  -0.0105639    0.0241988   -0.0325757            0
EndNode1[0]<--->Repeater1[0]
REAL
    0.430218   0.00770835    -0.032794     0.320408
  0.00770835    0.0691421    0.0415747 -0.000455689
   -0.032794    0.0415747    0.0768246 -0.000807468
    0.320408 -0.000455689 -0.000807468     0.423816
IMAGINARY
          0 -0.00170521  0.00138374  0.00477079
 0.00170521           0  -0.0122896  0.00336524
-0.00138374   0.0122896           0 -0.00440063
-0.00477079 -0.00336524  0.00440063           0
EndNode2[0]<--->HoM1[0]
REAL
   0.426528 -0.00679274  -0.0116115    0.330854
-0.00679274   0.0494148   0.0227731 -0.00263717
 -0.0116115   0.0227731    0.076723 -0.00616063
   0.330854 -0.00263717 -0.00616063    0.447334
IMAGINARY
         0 -0.0198193 -0.0157146 -0.0154725
 0.0198193          0  0.0100377 -0.0108006
