EndNode1[0]<--->Repeater1[0]
REAL
   0.293566 -0.00183166  0.00864362 -0.00441877
-0.00183166    0.193029   0.0177166   0.0099734
 0.00864362   0.0177166    0.199732   0.0257678
-0.00441877   0.0099734   0.0257678    0.313673
IMAGINARY
          0   0.0214717   0.0324138  -0.0136513
 -0.0214717           0 -0.00740132 -0.00116377
 -0.0324138  0.00740132           0  0.00326785
  0.0136513  0.00116377 -0.00326785           0
EndNode2[0]<--->HoM1[0]
REAL
    0.330864    0.0117212  -0.00965262    0.0250218
   0.0117212     0.164198   -0.0102798  -0.00508939
 -0.00965262   -0.0102798     0.187654 -0.000664704
   0.0250218  -0.00508939 -0.000664704     0.317284
IMAGINARY
          0 -0.00257412   0.0068761  -0.0196219
 0.00257412           0 -0.00822953 -0.00238316
 -0.0068761  0.00822953           0 -0.00191882
  0.0196219  0.00238316  0.00191882           0
Repeater1[0]<--->EndNode1[0]
REAL
   0.293566  0.00864362 -0.00183166 -0.00441877
 0.00864362    0.199732   0.0177166   0.0257678
-0.00183166   0.0177166    0.193029   0.0099734
-0.00441877   0.0257678   0.0099734    0.313673
IMAGINARY
          0   0.0324138   0.0214717  -0.0136513
 -0.0324138           0  0.00740132  0.00326785
 -0.0214717 -0.00740132           0 -0.00116377
  0.0136513 -0.00326785  0.00116377           0
Repeater1[0]<--->HoM1[0]
REAL
    0.330864  -0.00965262    0.0117212    0.0250218
 -0.00965262     0.187654   -0.0102798 -0.000664704
   0.0117212   -0.0102798     0.164198  -0.00508939
   0.0250218 -0.000664704  -0.00508939     0.317284
IMAGINARY
          0   0.0068761 -0.00257412  -0.0196219
 -0.0068761           0  0.00822953 -0.00191882
 0.00257412 -0.00822953           0 -0.00238316
  0.0196219  0.00191882  0.00238316           0
EndNode1[0]<--->Repeater1[0]
REAL
   0.293566 -0.00183166  0.00864362 -0.00441877
-0.00183166    0.193029   0.0177166   0.0099734
 0.00864362   0.0177166    0.199732   0.0257678
-0.00441877   0.0099734   0.0257678    0.313673
IMAGINARY
          0   0.0214717   0.0324138  -0.0136513
 -0.0214717           0 -0.00740132 -0.00116377
 -0.0324138  0.00740132           0  0.00326785
  0.0136513  0.00116377 -0.00326785           0
EndNode2[0]<--->HoM1[0]
REAL
    0.330864    0.0117212  -0.00965262    0.0250218
   0.0117212     0.164198   -0.0102798  -0.00508939
 -0.00965262   -0.0102798     0.187654 -0.000664704
   0.0250218  -0.00508939 -0.000664704     0.317284
IMAGINARY
          0 -0.00257412   0.0068761  -0.0196219
 0.00257412           0 -0.00822953 -0.00238316
 -0.0068761  0.00822953           0 -0.00191882
  0.0196219  0.00238316  0.00191882           0
Repeater1[0]<--->EndNode1[0]
REAL
   0.293566  0.00864362 -0.00183166 -0.00441877
 0.00864362    0.199732   0.0177166   0.0257678
-0.00183166   0.0177166    0.193029   0.0099734
-0.00441877   0.0257678   0.0099734    0.313673
IMAGINARY
          0   0.0324138   0.0214717  -0.0136513
 -0.0324138           0  0.00740132  0.00326785
 -0.0214717 -0.00740132           0 -0.00116377
  0.0136513 -0.00326785  0.00116377           0
Repeater1[0]<--->HoM1[0]
REAL
    0.330864  -0.00965262    0.0117212    0.0250218
 -0.00965262     0.187654   -0.0102798 -0.000664704
   0.0117212   -0.0102798     0.164198  -0.00508939
   0.0250218 -0.000664704  -0.00508939     0.317284
IMAGINARY
          0   0.0068761 -0.00257412  -0.0196219
 -0.0068761           0  0.00822953 -0.00191882
 0.00257412 -0.00822953           0 -0.00238316
  0.0196219  0.00191882  0.00238316           0
EndNode1[0]<--->Repeater1[0]
REAL
    0.31497 -0.00721938  -0.0219993   0.0110541
-0.00721938    0.219162  0.00774287  0.00570854
 -0.0219993  0.00774287    0.171257 -0.00405882
  0.0110541  0.00570854 -0.00405882    0.294611
IMAGINARY
           0 -0.000646546   0.00560302   -0.0303971
 0.000646546            0   0.00302723   0.00433076
 -0.00560302  -0.00302723            0   0.00528231
   0.0303971  -0.00433076  -0.00528231            0
EndNode2[0]<--->HoM1[0]
REAL
  0.336898 0.00325065 -0.0245287  0.0104277
0.00325065   0.181818    0.02058 0.00256489
-0.0245287    0.02058   0.185829 0.00191731
 0.0104277 0.00256489 0.00191731   0.295455
IMAGINARY
          0  0.00825981  0.00896215  0.00429492
-0.00825981           0  -0.0108566  0.00119013
-0.00896215   0.0108566           0  0.00950669
-0.00429492 -0.00119013 -0.00950669           0
Repeater1[0]<--->EndNode1[0]
REAL
    0.31497  -0.0219993 -0.00721938   0.0110541
 -0.0219993    0.171257  0.00774287 -0.00405882
-0.00721938  0.00774287    0.219162  0.00570854
  0.0110541 -0.00405882  0.00570854    0.294611
IMAGINARY
           0   0.00560302 -0.000646546   -0.0303971
 -0.00560302            0  -0.00302723   0.00528231
 0.000646546   0.00302723            0   0.00433076
   0.0303971  -0.00528231  -0.00433076            0
Repeater1[0]<--->HoM1[0]
REAL
  0.336898 -0.0245287 0.00325065  0.0104277
-0.0245287   0.185829    0.02058 0.00191731
0.00325065    0.02058   0.181818 0.00256489
 0.0104277 0.00191731 0.00256489   0.295455
IMAGINARY
          0  0.00896215  0.00825981  0.00429492
-0.00896215           0   0.0108566  0.00950669
-0.00825981  -0.0108566           0  0.00119013
-0.00429492 -0.00950669 -0.00119013           0
EndNode1[0]<--->Repeater1[0]
REAL
    0.31497 -0.00721938  -0.0219993   0.0110541
-0.00721938    0.219162  0.00774287  0.00570854
 -0.0219993  0.00774287    0.171257 -0.00405882
  0.0110541  0.00570854 -0.00405882    0.294611
IMAGINARY
           0 -0.000646546   0.00560302   -0.0303971
 0.000646546            0   0.00302723   0.00433076
 -0.00560302  -0.00302723            0   0.00528231
   0.0303971  -0.00433076  -0.00528231            0
EndNode2[0]<--->HoM1[0]
REAL
  0.336898 0.00325065 -0.0245287  0.0104277
0.00325065   0.181818    0.02058 0.00256489
-0.0245287    0.02058   0.185829 0.00191731
 0.0104277 0.00256489 0.00191731   0.295455
IMAGINARY
          0  0.00825981  0.00896215  0.00429492
-0.00825981           0  -0.0108566  0.00119013
-0.00896215   0.0108566           0  0.00950669
-0.00429492 -0.00119013 -0.00950669           0
Repeater1[0]<--->EndNode1[0]
REAL
    0.31497  -0.0219993 -0.00721938   0.0110541
 -0.0219993    0.171257  0.00774287 -0.00405882
-0.00721938  0.00774287    0.219162  0.00570854
  0.0110541 -0.00405882  0.00570854    0.294611
IMAGINARY
           0   0.00560302 -0.000646546   -0.0303971
 -0.00560302            0  -0.00302723   0.00528231
 0.000646546   0.00302723            0   0.00433076
   0.0303971  -0.00528231  -0.00433076            0
Repeater1[0]<--->HoM1[0]
REAL
  0.336898 -0.0245287 0.00325065  0.0104277
-0.0245287   0.185829    0.02058 0.00191731
0.00325065    0.02058   0.181818 0.00256489
 0.0104277 0.00191731 0.00256489   0.295455
IMAGINARY
          0  0.00896215  0.00825981  0.00429492
-0.00896215           0   0.0108566  0.00950669
-0.00825981  -0.0108566           0  0.00119013
-0.00429492 -0.00950669 -0.00119013           0
EndNode1[0]<--->Repeater1[0]
REAL
   0.284802   0.0247012  0.00581457   0.0161116
  0.0247012    0.187739 0.000849068  0.00843237
 0.00581457 0.000849068    0.203065  -0.0131679
  0.0161116  0.00843237  -0.0131679    0.324393
IMAGINARY
          0 -0.00585108  -0.0119287 -0.00458647
 0.00585108           0  -0.0020802  0.00155015
  0.0119287   0.0020802           0   0.0150086
 0.00458647 -0.00155015  -0.0150086           0
EndNode2[0]<--->HoM1[0]
REAL
  0.308399 -0.0245201 0.00850785  0.0213587
-0.0245201   0.171916 0.00481929 0.00981675
0.00850785 0.00481929   0.200787 0.00881326
 0.0213587 0.00981675 0.00881326   0.318898
IMAGINARY
          0  -0.0229508  0.00218281 -0.00313869
  0.0229508           0 -0.00706539  0.00545078
-0.00218281  0.00706539           0  0.00513909
 0.00313869 -0.00545078 -0.00513909           0
Repeater1[0]<--->EndNode1[0]
REAL
   0.284802  0.00581457   0.0247012   0.0161116
 0.00581457    0.203065 0.000849068  -0.0131679
  0.0247012 0.000849068    0.187739  0.00843237
  0.0161116  -0.0131679  0.00843237    0.324393
IMAGINARY
          0  -0.0119287 -0.00585108 -0.00458647
  0.0119287           0   0.0020802   0.0150086
 0.00585108  -0.0020802           0  0.00155015
 0.00458647  -0.0150086 -0.00155015           0
Repeater1[0]<--->HoM1[0]
REAL
  0.308399 0.00850785 -0.0245201  0.0213587
0.00850785   0.200787 0.00481929 0.00881326
-0.0245201 0.00481929   0.171916 0.00981675
 0.0213587 0.00881326 0.00981675   0.318898
IMAGINARY
          0  0.00218281  -0.0229508 -0.00313869
-0.00218281           0  0.00706539  0.00513909
  0.0229508 -0.00706539           0  0.00545078
 0.00313869 -0.00513909 -0.00545078           0
EndNode1[0]<--->Repeater1[0]
REAL
   0.284802   0.0247012  0.00581457   0.0161116
  0.0247012    0.187739 0.000849068  0.00843237
 0.00581457 0.000849068    0.203065  -0.0131679
  0.0161116  0.00843237  -0.0131679    0.324393
IMAGINARY
          0 -0.00585108  -0.0119287 -0.00458647
 0.00585108           0  -0.0020802  0.00155015
  0.0119287   0.0020802           0   0.0150086
 0.00458647 -0.00155015  -0.0150086           0
EndNode2[0]<--->HoM1[0]
REAL
  0.308399 -0.0245201 0.00850785  0.0213587
-0.0245201   0.171916 0.00481929 0.00981675
0.00850785 0.00481929   0.200787 0.00881326
 0.0213587 0.00981675 0.00881326   0.318898
IMAGINARY
          0  -0.0229508  0.00218281 -0.00313869
  0.0229508           0 -0.00706539  0.00545078
-0.00218281  0.00706539           0  0.00513909
 0.00313869 -0.00545078 -0.00513909           0
Repeater1[0]<--->EndNode1[0]
REAL
   0.284802  0.00581457   0.0247012   0.0161116
 0.00581457    0.203065 0.000849068  -0.0131679
  0.0247012 0.000849068    0.187739  0.00843237
  0.0161116  -0.0131679  0.00843237    0.324393
IMAGINARY
          0  -0.0119287 -0.00585108 -0.00458647
  0.0119287           0   0.0020802   0.0150086
 0.00585108  -0.0020802           0  0.00155015
 0.00458647  -0.0150086 -0.00155015           0
Repeater1[0]<--->HoM1[0]
REAL
  0.308399 0.00850785 -0.0245201  0.0213587
0.00850785   0.200787 0.00481929 0.00881326
-0.0245201 0.00481929   0.171916 0.00981675
 0.0213587 0.00881326 0.00981675   0.318898
IMAGINARY
          0  0.00218281  -0.0229508 -0.00313869
-0.00218281           0  0.00706539  0.00513909
  0.0229508 -0.00706539           0  0.00545078
 0.00313869 -0.00513909 -0.00545078           0
EndNode1[0]<--->Repeater1[0]
REAL
   0.310014  0.00826484 -0.00466063   0.0209986
 0.00826484     0.18107   0.0070913   0.0290052
-0.00466063   0.0070913    0.198903  -0.0138828
  0.0209986   0.0290052  -0.0138828    0.310014
IMAGINARY
           0   0.00227413   0.00654308     0.012912
 -0.00227413            0   0.00651809 -0.000582813
 -0.00654308  -0.00651809            0  -0.00161188
   -0.012912  0.000582813   0.00161188            0
EndNode2[0]<--->HoM1[0]
REAL
   0.294889 -0.00967856   0.0195216   0.0286697
-0.00967856    0.195282  0.00449672   0.0111417
  0.0195216  0.00449672    0.216252  0.00154339
  0.0286697   0.0111417  0.00154339    0.293578
IMAGINARY
          0 -0.00384243  -0.0101813   0.0162857
 0.00384243           0  0.00626068  -0.0127194
  0.0101813 -0.00626068           0 -0.00888021
 -0.0162857   0.0127194  0.00888021           0
Repeater1[0]<--->EndNode1[0]
REAL
   0.310014 -0.00466063  0.00826484   0.0209986
-0.00466063    0.198903   0.0070913  -0.0138828
 0.00826484   0.0070913     0.18107   0.0290052
  0.0209986  -0.0138828   0.0290052    0.310014
IMAGINARY
           0   0.00654308   0.00227413     0.012912
 -0.00654308            0  -0.00651809  -0.00161188
 -0.00227413   0.00651809            0 -0.000582813
   -0.012912   0.00161188  0.000582813            0
Repeater1[0]<--->HoM1[0]
REAL
   0.294889   0.0195216 -0.00967856   0.0286697
  0.0195216    0.216252  0.00449672  0.00154339
-0.00967856  0.00449672    0.195282   0.0111417
  0.0286697  0.00154339   0.0111417    0.293578
IMAGINARY
          0  -0.0101813 -0.00384243   0.0162857
  0.0101813           0 -0.00626068 -0.00888021
 0.00384243  0.00626068           0  -0.0127194
 -0.0162857  0.00888021   0.0127194           0
EndNode1[0]<--->Repeater1[0]
REAL
   0.310014  0.00826484 -0.00466063   0.0209986
 0.00826484     0.18107   0.0070913   0.0290052
-0.00466063   0.0070913    0.198903  -0.0138828
  0.0209986   0.0290052  -0.0138828    0.310014
IMAGINARY
           0   0.00227413   0.00654308     0.012912
 -0.00227413            0   0.00651809 -0.000582813
 -0.00654308  -0.00651809            0  -0.00161188
   -0.012912  0.000582813   0.00161188            0
EndNode2[0]<--->HoM1[0]
REAL
   0.294889 -0.00967856   0.0195216   0.0286697
-0.00967856    0.195282  0.00449672   0.0111417
  0.0195216  0.00449672    0.216252  0.00154339
  0.0286697   0.0111417  0.00154339    0.293578
IMAGINARY
          0 -0.00384243  -0.0101813   0.0162857
 0.00384243           0  0.00626068  -0.0127194
  0.0101813 -0.00626068           0 -0.00888021
 -0.0162857   0.0127194  0.00888021           0
Repeater1[0]<--->EndNode1[0]
REAL
   0.310014 -0.00466063  0.00826484   0.0209986
-0.00466063    0.198903   0.0070913  -0.0138828
 0.00826484   0.0070913     0.18107   0.0290052
  0.0209986  -0.0138828   0.0290052    0.310014
IMAGINARY
           0   0.00654308   0.00227413     0.012912
 -0.00654308            0  -0.00651809  -0.00161188
 -0.00227413   0.00651809            0 -0.000582813
   -0.012912   0.00161188  0.000582813            0
Repeater1[0]<--->HoM1[0]
REAL
   0.294889   0.0195216 -0.00967856   0.0286697
  0.0195216    0.216252  0.00449672  0.00154339
-0.00967856  0.00449672    0.195282   0.0111417
  0.0286697  0.00154339   0.0111417    0.293578
IMAGINARY
          0  -0.0101813 -0.00384243   0.0162857
  0.0101813           0 -0.00626068 -0.00888021
 0.00384243  0.00626068           0  -0.0127194
 -0.0162857  0.00888021   0.0127194           0
EndNode1[0]<--->Repeater1[0]
REAL
   0.305374   0.0253201 -0.00614892   0.0177033
  0.0253201     0.19135   0.0141319  -0.0144503
-0.00614892   0.0141319     0.21363   0.0127573
  0.0177033  -0.0144503   0.0127573    0.289646
IMAGINARY
          0  0.00138608  0.00792503   0.0205119
-0.00138608           0  0.00227291  0.00517021
-0.00792503 -0.00227291           0 -0.00852894
 -0.0205119 -0.00517021  0.00852894           0
EndNode2[0]<--->HoM1[0]
REAL
   0.306122   0.0126806   0.0160855  0.00291326
  0.0126806    0.215561  0.00161456  0.00784723
  0.0160855  0.00161456      0.1875 -0.00815276
 0.00291326  0.00784723 -0.00815276    0.290816
IMAGINARY
          0 -0.00478085  0.00856885 -0.00163248
 0.00478085           0 -0.00305293  -0.0137637
-0.00856885  0.00305293           0   0.0229627
 0.00163248   0.0137637  -0.0229627           0
Repeater1[0]<--->EndNode1[0]
REAL
   0.305374 -0.00614892   0.0253201   0.0177033
-0.00614892     0.21363   0.0141319   0.0127573
  0.0253201   0.0141319     0.19135  -0.0144503
  0.0177033   0.0127573  -0.0144503    0.289646
IMAGINARY
          0  0.00792503  0.00138608   0.0205119
-0.00792503           0 -0.00227291 -0.00852894
-0.00138608  0.00227291           0  0.00517021
 -0.0205119  0.00852894 -0.00517021           0
Repeater1[0]<--->HoM1[0]
REAL
   0.306122   0.0160855   0.0126806  0.00291326
  0.0160855      0.1875  0.00161456 -0.00815276
  0.0126806  0.00161456    0.215561  0.00784723
 0.00291326 -0.00815276  0.00784723    0.290816
IMAGINARY
          0  0.00856885 -0.00478085 -0.00163248
-0.00856885           0  0.00305293   0.0229627
 0.00478085 -0.00305293           0  -0.0137637
 0.00163248  -0.0229627   0.0137637           0
EndNode1[0]<--->Repeater1[0]
REAL
   0.305374   0.0253201 -0.00614892   0.0177033
  0.0253201     0.19135   0.0141319  -0.0144503
-0.00614892   0.0141319     0.21363   0.0127573
  0.0177033  -0.0144503   0.0127573    0.289646
IMAGINARY
          0  0.00138608  0.00792503   0.0205119
-0.00138608           0  0.00227291  0.00517021
-0.00792503 -0.00227291           0 -0.00852894
 -0.0205119 -0.00517021  0.00852894           0
EndNode2[0]<--->HoM1[0]
REAL
   0.306122   0.0126806   0.0160855  0.00291326
  0.0126806    0.215561  0.00161456  0.00784723
  0.0160855  0.00161456      0.1875 -0.00815276
 0.00291326  0.00784723 -0.00815276    0.290816
IMAGINARY
          0 -0.00478085  0.00856885 -0.00163248
 0.00478085           0 -0.00305293  -0.0137637
-0.00856885  0.00305293           0   0.0229627
 0.00163248   0.0137637  -0.0229627           0
Repeater1[0]<--->EndNode1[0]
REAL
   0.305374 -0.00614892   0.0253201   0.0177033
-0.00614892     0.21363   0.0141319   0.0127573
  0.0253201   0.0141319     0.19135  -0.0144503
  0.0177033   0.0127573  -0.0144503    0.289646
IMAGINARY
          0  0.00792503  0.00138608   0.0205119
-0.00792503           0 -0.00227291 -0.00852894
-0.00138608  0.00227291           0  0.00517021
 -0.0205119  0.00852894 -0.00517021           0
Repeater1[0]<--->HoM1[0]
REAL
   0.306122   0.0160855   0.0126806  0.00291326
  0.0160855      0.1875  0.00161456 -0.00815276
  0.0126806  0.00161456    0.215561  0.00784723
 0.00291326 -0.00815276  0.00784723    0.290816
IMAGINARY
          0  0.00856885 -0.00478085 -0.00163248
-0.00856885           0  0.00305293   0.0229627
 0.00478085 -0.00305293           0  -0.0137637
 0.00163248  -0.0229627   0.0137637           0
EndNode1[0]<--->Repeater1[0]
REAL
   0.331281  0.00604225  0.00199718  0.00646727
 0.00604225    0.185961  -0.0258973  -0.0123599
 0.00199718  -0.0258973    0.171182 -0.00992826
 0.00646727  -0.0123599 -0.00992826    0.311576
IMAGINARY
          0 -0.00275851 -0.00934227    0.014386
 0.00275851           0   0.0117334  0.00868177
 0.00934227  -0.0117334           0  0.00606102
  -0.014386 -0.00868177 -0.00606102           0
EndNode2[0]<--->HoM1[0]
REAL
     0.316 -0.0022228  0.0166249 0.00886704
-0.0022228   0.198667 -0.0142692 -0.0124233
 0.0166249 -0.0142692   0.177333  0.0124269
0.00886704 -0.0124233  0.0124269      0.308
IMAGINARY
          0  0.00765889  0.00388003   0.0180481
-0.00765889           0   0.0180481   0.0025467
-0.00388003  -0.0180481           0  -0.0025175
 -0.0180481  -0.0025467   0.0025175           0
Repeater1[0]<--->EndNode1[0]
REAL
   0.331281  0.00199718  0.00604225  0.00646727
 0.00199718    0.171182  -0.0258973 -0.00992826
 0.00604225  -0.0258973    0.185961  -0.0123599
 0.00646727 -0.00992826  -0.0123599    0.311576
IMAGINARY
          0 -0.00934227 -0.00275851    0.014386
 0.00934227           0  -0.0117334  0.00606102
 0.00275851   0.0117334           0  0.00868177
  -0.014386 -0.00606102 -0.00868177           0
Repeater1[0]<--->HoM1[0]
REAL
     0.316  0.0166249 -0.0022228 0.00886704
 0.0166249   0.177333 -0.0142692  0.0124269
-0.0022228 -0.0142692   0.198667 -0.0124233
0.00886704  0.0124269 -0.0124233      0.308
IMAGINARY
          0  0.00388003  0.00765889   0.0180481
-0.00388003           0  -0.0180481  -0.0025175
-0.00765889   0.0180481           0   0.0025467
 -0.0180481   0.0025175  -0.0025467           0
EndNode1[0]<--->Repeater1[0]
REAL
   0.331281  0.00604225  0.00199718  0.00646727
 0.00604225    0.185961  -0.0258973  -0.0123599
 0.00199718  -0.0258973    0.171182 -0.00992826
 0.00646727  -0.0123599 -0.00992826    0.311576
IMAGINARY
          0 -0.00275851 -0.00934227    0.014386
 0.00275851           0   0.0117334  0.00868177
 0.00934227  -0.0117334           0  0.00606102
  -0.014386 -0.00868177 -0.00606102           0
EndNode2[0]<--->HoM1[0]
REAL
     0.316 -0.0022228  0.0166249 0.00886704
-0.0022228   0.198667 -0.0142692 -0.0124233
 0.0166249 -0.0142692   0.177333  0.0124269
0.00886704 -0.0124233  0.0124269      0.308
IMAGINARY
          0  0.00765889  0.00388003   0.0180481
-0.00765889           0   0.0180481   0.0025467
-0.00388003  -0.0180481           0  -0.0025175
 -0.0180481  -0.0025467   0.0025175           0
Repeater1[0]<--->EndNode1[0]
REAL
   0.331281  0.00199718  0.00604225  0.00646727
 0.00199718    0.171182  -0.0258973 -0.00992826
 0.00604225  -0.0258973    0.185961  -0.0123599
 0.00646727 -0.00992826  -0.0123599    0.311576
IMAGINARY
          0 -0.00934227 -0.00275851    0.014386
 0.00934227           0  -0.0117334  0.00606102
 0.00275851   0.0117334           0  0.00868177
  -0.014386 -0.00606102 -0.00868177           0
Repeater1[0]<--->HoM1[0]
REAL
     0.316  0.0166249 -0.0022228 0.00886704
 0.0166249   0.177333 -0.0142692  0.0124269
-0.0022228 -0.0142692   0.198667 -0.0124233
0.00886704  0.0124269 -0.0124233      0.308
IMAGINARY
          0  0.00388003  0.00765889   0.0180481
-0.00388003           0  -0.0180481  -0.0025175
-0.00765889   0.0180481           0   0.0025467
 -0.0180481   0.0025175  -0.0025467           0
EndNode1[0]<--->Repeater1[0]
REAL
  0.269634 -0.0126284  -0.029163   0.027282
-0.0126284   0.221204  0.0165089 0.00890154
 -0.029163  0.0165089   0.200262 -0.0272409
  0.027282 0.00890154 -0.0272409   0.308901
IMAGINARY
          0   0.0153596  -0.0256198   0.0368523
 -0.0153596           0   0.0254019 -0.00162989
  0.0256198  -0.0254019           0 -0.00838877
 -0.0368523  0.00162989  0.00838877           0
EndNode2[0]<--->HoM1[0]
REAL
    0.288437   -0.0175582   0.00160298    0.0156449
  -0.0175582     0.204574   0.00425245 -0.000961127
  0.00160298   0.00425245     0.200762  0.000228326
   0.0156449 -0.000961127  0.000228326     0.306226
IMAGINARY
           0   -0.0199101   0.00498365 -0.000922509
   0.0199101            0  0.000922509  -0.00371782
 -0.00498365 -0.000922509            0   0.00345439
 0.000922509   0.00371782  -0.00345439            0
Repeater1[0]<--->EndNode1[0]
REAL
  0.269634  -0.029163 -0.0126284   0.027282
 -0.029163   0.200262  0.0165089 -0.0272409
-0.0126284  0.0165089   0.221204 0.00890154
  0.027282 -0.0272409 0.00890154   0.308901
IMAGINARY
          0  -0.0256198   0.0153596   0.0368523
  0.0256198           0  -0.0254019 -0.00838877
 -0.0153596   0.0254019           0 -0.00162989
 -0.0368523  0.00838877  0.00162989           0
Repeater1[0]<--->HoM1[0]
REAL
    0.288437   0.00160298   -0.0175582    0.0156449
  0.00160298     0.200762   0.00425245  0.000228326
  -0.0175582   0.00425245     0.204574 -0.000961127
   0.0156449  0.000228326 -0.000961127     0.306226
IMAGINARY
           0   0.00498365   -0.0199101 -0.000922509
 -0.00498365            0 -0.000922509   0.00345439
   0.0199101  0.000922509            0  -0.00371782
 0.000922509  -0.00345439   0.00371782            0
EndNode1[0]<--->Repeater1[0]
REAL
  0.269634 -0.0126284  -0.029163   0.027282
-0.0126284   0.221204  0.0165089 0.00890154
 -0.029163  0.0165089   0.200262 -0.0272409
  0.027282 0.00890154 -0.0272409   0.308901
IMAGINARY
          0   0.0153596  -0.0256198   0.0368523
 -0.0153596           0   0.0254019 -0.00162989
  0.0256198  -0.0254019           0 -0.00838877
 -0.0368523  0.00162989  0.00838877           0
EndNode2[0]<--->HoM1[0]
REAL
    0.288437   -0.0175582   0.00160298    0.0156449
  -0.0175582     0.204574   0.00425245 -0.000961127
  0.00160298   0.00425245     0.200762  0.000228326
   0.0156449 -0.000961127  0.000228326     0.306226
IMAGINARY
           0   -0.0199101   0.00498365 -0.000922509
   0.0199101            0  0.000922509  -0.00371782
 -0.00498365 -0.000922509            0   0.00345439
 0.000922509   0.00371782  -0.00345439            0
Repeater1[0]<--->EndNode1[0]
REAL
  0.269634  -0.029163 -0.0126284   0.027282
 -0.029163   0.200262  0.0165089 -0.0272409
-0.0126284  0.0165089   0.221204 0.00890154
  0.027282 -0.0272409 0.00890154   0.308901
IMAGINARY
          0  -0.0256198   0.0153596   0.0368523
  0.0256198           0  -0.0254019 -0.00838877
 -0.0153596   0.0254019           0 -0.00162989
 -0.0368523  0.00838877  0.00162989           0
Repeater1[0]<--->HoM1[0]
REAL
    0.288437   0.00160298   -0.0175582    0.0156449
  0.00160298     0.200762   0.00425245  0.000228326
  -0.0175582   0.00425245     0.204574 -0.000961127
   0.0156449  0.000228326 -0.000961127     0.306226
IMAGINARY
           0   0.00498365   -0.0199101 -0.000922509
 -0.00498365            0 -0.000922509   0.00345439
   0.0199101  0.000922509            0  -0.00371782
 0.000922509  -0.00345439   0.00371782            0
EndNode1[0]<--->Repeater1[0]
REAL
   0.291299  0.00642206  0.00371209  0.00467614
 0.00642206    0.203026  0.00593559  0.00814808
 0.00371209  0.00593559     0.19546 -0.00205252
 0.00467614  0.00814808 -0.00205252    0.310214
IMAGINARY
           0   -0.0242066 -0.000312866   -0.0102028
   0.0242066            0   0.00433577  -0.00094658
 0.000312866  -0.00433577            0  -0.00727953
   0.0102028   0.00094658   0.00727953            0
EndNode2[0]<--->HoM1[0]
REAL
   0.294271  0.00409461   -0.038318  0.00341546
 0.00409461     0.21224 -0.00953791  -0.0113419
  -0.038318 -0.00953791    0.183594   0.0142727
 0.00341546  -0.0113419   0.0142727    0.309896
IMAGINARY
          0   0.0103922 -0.00123631   0.0129239
 -0.0103922           0   0.0103922  0.00382698
 0.00123631  -0.0103922           0   0.0129239
 -0.0129239 -0.00382698  -0.0129239           0
Repeater1[0]<--->EndNode1[0]
REAL
   0.291299  0.00371209  0.00642206  0.00467614
 0.00371209     0.19546  0.00593559 -0.00205252
 0.00642206  0.00593559    0.203026  0.00814808
 0.00467614 -0.00205252  0.00814808    0.310214
IMAGINARY
           0 -0.000312866   -0.0242066   -0.0102028
 0.000312866            0  -0.00433577  -0.00727953
   0.0242066   0.00433577            0  -0.00094658
   0.0102028   0.00727953   0.00094658            0
Repeater1[0]<--->HoM1[0]
REAL
   0.294271   -0.038318  0.00409461  0.00341546
  -0.038318    0.183594 -0.00953791   0.0142727
 0.00409461 -0.00953791     0.21224  -0.0113419
 0.00341546   0.0142727  -0.0113419    0.309896
IMAGINARY
          0 -0.00123631   0.0103922   0.0129239
 0.00123631           0  -0.0103922   0.0129239
 -0.0103922   0.0103922           0  0.00382698
 -0.0129239  -0.0129239 -0.00382698           0
EndNode1[0]<--->Repeater1[0]
REAL
   0.291299  0.00642206  0.00371209  0.00467614
 0.00642206    0.203026  0.00593559  0.00814808
 0.00371209  0.00593559     0.19546 -0.00205252
 0.00467614  0.00814808 -0.00205252    0.310214
IMAGINARY
           0   -0.0242066 -0.000312866   -0.0102028
   0.0242066            0   0.00433577  -0.00094658
 0.000312866  -0.00433577            0  -0.00727953
   0.0102028   0.00094658   0.00727953            0
EndNode2[0]<--->HoM1[0]
REAL
   0.294271  0.00409461   -0.038318  0.00341546
 0.00409461     0.21224 -0.00953791  -0.0113419
  -0.038318 -0.00953791    0.183594   0.0142727
 0.00341546  -0.0113419   0.0142727    0.309896
IMAGINARY
          0   0.0103922 -0.00123631   0.0129239
 -0.0103922           0   0.0103922  0.00382698
 0.00123631  -0.0103922           0   0.0129239
 -0.0129239 -0.00382698  -0.0129239           0
Repeater1[0]<--->EndNode1[0]
REAL
   0.291299  0.00371209  0.00642206  0.00467614
 0.00371209     0.19546  0.00593559 -0.00205252
 0.00642206  0.00593559    0.203026  0.00814808
 0.00467614 -0.00205252  0.00814808    0.310214
IMAGINARY
           0 -0.000312866   -0.0242066   -0.0102028
 0.000312866            0  -0.00433577  -0.00727953
   0.0242066   0.00433577            0  -0.00094658
   0.0102028   0.00727953   0.00094658            0
Repeater1[0]<--->HoM1[0]
REAL
   0.294271   -0.038318  0.00409461  0.00341546
  -0.038318    0.183594 -0.00953791   0.0142727
 0.00409461 -0.00953791     0.21224  -0.0113419
 0.00341546   0.0142727  -0.0113419    0.309896
IMAGINARY
          0 -0.00123631   0.0103922   0.0129239
 0.00123631           0  -0.0103922   0.0129239
 -0.0103922   0.0103922           0  0.00382698
 -0.0129239  -0.0129239 -0.00382698           0
EndNode1[0]<--->Repeater1[0]
REAL
   0.309252  -0.0226786    0.011129 -0.00759102
 -0.0226786     0.17237   -0.013659  0.00512099
   0.011129   -0.013659    0.231939   0.0201786
-0.00759102  0.00512099   0.0201786    0.286439
IMAGINARY
          0  0.00482161  0.00613224 -0.00992978
-0.00482161           0   0.0177018  -0.0134138
-0.00613224  -0.0177018           0  -0.0157439
 0.00992978   0.0134138   0.0157439           0
EndNode2[0]<--->HoM1[0]
REAL
   0.310302 -0.00147769 -0.00670025   0.0233271
-0.00147769    0.193467 -0.00414547  -0.0048087
-0.00670025 -0.00414547    0.170854  -0.0125888
  0.0233271  -0.0048087  -0.0125888    0.325377
IMAGINARY
           0    0.0211469   0.00103483 -0.000398334
  -0.0211469            0  -0.00234892    0.0105647
 -0.00103483   0.00234892            0  -0.00710539
 0.000398334   -0.0105647   0.00710539            0
Repeater1[0]<--->EndNode1[0]
REAL
   0.309252    0.011129  -0.0226786 -0.00759102
   0.011129    0.231939   -0.013659   0.0201786
 -0.0226786   -0.013659     0.17237  0.00512099
-0.00759102   0.0201786  0.00512099    0.286439
IMAGINARY
          0  0.00613224  0.00482161 -0.00992978
-0.00613224           0  -0.0177018  -0.0157439
-0.00482161   0.0177018           0  -0.0134138
 0.00992978   0.0157439   0.0134138           0
Repeater1[0]<--->HoM1[0]
REAL
   0.310302 -0.00670025 -0.00147769   0.0233271
-0.00670025    0.170854 -0.00414547  -0.0125888
-0.00147769 -0.00414547    0.193467  -0.0048087
  0.0233271  -0.0125888  -0.0048087    0.325377
IMAGINARY
           0   0.00103483    0.0211469 -0.000398334
 -0.00103483            0   0.00234892  -0.00710539
  -0.0211469  -0.00234892            0    0.0105647
 0.000398334   0.00710539   -0.0105647            0
EndNode1[0]<--->Repeater1[0]
REAL
   0.309252  -0.0226786    0.011129 -0.00759102
 -0.0226786     0.17237   -0.013659  0.00512099
   0.011129   -0.013659    0.231939   0.0201786
-0.00759102  0.00512099   0.0201786    0.286439
IMAGINARY
          0  0.00482161  0.00613224 -0.00992978
-0.00482161           0   0.0177018  -0.0134138
-0.00613224  -0.0177018           0  -0.0157439
 0.00992978   0.0134138   0.0157439           0
EndNode2[0]<--->HoM1[0]
REAL
   0.310302 -0.00147769 -0.00670025   0.0233271
-0.00147769    0.193467 -0.00414547  -0.0048087
-0.00670025 -0.00414547    0.170854  -0.0125888
  0.0233271  -0.0048087  -0.0125888    0.325377
IMAGINARY
           0    0.0211469   0.00103483 -0.000398334
  -0.0211469            0  -0.00234892    0.0105647
 -0.00103483   0.00234892            0  -0.00710539
 0.000398334   -0.0105647   0.00710539            0
Repeater1[0]<--->EndNode1[0]
REAL
   0.309252    0.011129  -0.0226786 -0.00759102
   0.011129    0.231939   -0.013659   0.0201786
 -0.0226786   -0.013659     0.17237  0.00512099
-0.00759102   0.0201786  0.00512099    0.286439
IMAGINARY
          0  0.00613224  0.00482161 -0.00992978
-0.00613224           0  -0.0177018  -0.0157439
-0.00482161   0.0177018           0  -0.0134138
 0.00992978   0.0157439   0.0134138           0
Repeater1[0]<--->HoM1[0]
REAL
   0.310302 -0.00670025 -0.00147769   0.0233271
-0.00670025    0.170854 -0.00414547  -0.0125888
-0.00147769 -0.00414547    0.193467  -0.0048087
  0.0233271  -0.0125888  -0.0048087    0.325377
IMAGINARY
           0   0.00103483    0.0211469 -0.000398334
 -0.00103483            0   0.00234892  -0.00710539
  -0.0211469  -0.00234892            0    0.0105647
 0.000398334   0.00710539   -0.0105647            0
