EndNode1[0]<--->Repeater1[0]
REAL
   0.365262 -0.00293259  -0.0157036    0.190968
-0.00293259     0.16092   0.0393121   0.0207927
 -0.0157036   0.0393121    0.148148   0.0207443
   0.190968   0.0207927   0.0207443     0.32567
IMAGINARY
          0  0.00852489  0.00897244   0.0188056
-0.00852489           0 -0.00588573  -0.0136082
-0.00897244  0.00588573           0  0.00273339
 -0.0188056   0.0136082 -0.00273339           0
EndNode2[0]<--->HoM1[0]
REAL
     0.36399    0.0153469    0.0264253     0.157554
   0.0153469     0.148964     0.050041   -0.0049063
   0.0264253     0.050041     0.151554 -0.000157001
    0.157554   -0.0049063 -0.000157001     0.335492
IMAGINARY
          0  -0.0075316   0.0216733 -0.00207756
  0.0075316           0 -0.00207756 -0.00871998
 -0.0216733  0.00207756           0  0.00105492
 0.00207756  0.00871998 -0.00105492           0
Repeater1[0]<--->EndNode1[0]
REAL
   0.365262  -0.0157036 -0.00293259    0.190968
 -0.0157036    0.148148   0.0393121   0.0207443
-0.00293259   0.0393121     0.16092   0.0207927
   0.190968   0.0207443   0.0207927     0.32567
IMAGINARY
          0  0.00897244  0.00852489   0.0188056
-0.00897244           0  0.00588573  0.00273339
-0.00852489 -0.00588573           0  -0.0136082
 -0.0188056 -0.00273339   0.0136082           0
Repeater1[0]<--->HoM1[0]
REAL
     0.36399    0.0264253    0.0153469     0.157554
   0.0264253     0.151554     0.050041 -0.000157001
   0.0153469     0.050041     0.148964   -0.0049063
    0.157554 -0.000157001   -0.0049063     0.335492
IMAGINARY
          0   0.0216733  -0.0075316 -0.00207756
 -0.0216733           0  0.00207756  0.00105492
  0.0075316 -0.00207756           0 -0.00871998
 0.00207756 -0.00105492  0.00871998           0
EndNode1[0]<--->Repeater1[0]
REAL
      0.356 -0.00846144  0.00127425    0.181149
-0.00846144    0.138667    0.057006  0.00371328
 0.00127425    0.057006    0.141333  0.00596767
   0.181149  0.00371328  0.00596767       0.364
IMAGINARY
          0   -0.020843   0.0114766   -0.010827
   0.020843           0   0.0193237  0.00567016
 -0.0114766  -0.0193237           0  0.00918315
   0.010827 -0.00567016 -0.00918315           0
EndNode2[0]<--->HoM1[0]
REAL
   0.369333 -0.00894812 -0.00422239    0.174401
-0.00894812       0.152   0.0410242  -0.0157244
-0.00422239   0.0410242    0.134667 -0.00833911
   0.174401  -0.0157244 -0.00833911       0.344
IMAGINARY
          0 -0.00870196  0.00824491  0.00749041
 0.00870196           0   0.0270364  0.00949491
-0.00824491  -0.0270364           0 -0.00246755
-0.00749041 -0.00949491  0.00246755           0
Repeater1[0]<--->EndNode1[0]
REAL
      0.356  0.00127425 -0.00846144    0.181149
 0.00127425    0.141333    0.057006  0.00596767
-0.00846144    0.057006    0.138667  0.00371328
   0.181149  0.00596767  0.00371328       0.364
IMAGINARY
          0   0.0114766   -0.020843   -0.010827
 -0.0114766           0  -0.0193237  0.00918315
   0.020843   0.0193237           0  0.00567016
   0.010827 -0.00918315 -0.00567016           0
Repeater1[0]<--->HoM1[0]
REAL
   0.369333 -0.00422239 -0.00894812    0.174401
-0.00422239    0.134667   0.0410242 -0.00833911
-0.00894812   0.0410242       0.152  -0.0157244
   0.174401 -0.00833911  -0.0157244       0.344
IMAGINARY
          0  0.00824491 -0.00870196  0.00749041
-0.00824491           0  -0.0270364 -0.00246755
 0.00870196   0.0270364           0  0.00949491
-0.00749041  0.00246755 -0.00949491           0
EndNode1[0]<--->Repeater1[0]
REAL
   0.332491  0.00741447 0.000631313    0.173858
 0.00741447    0.193426   0.0332123 -0.00694444
0.000631313   0.0332123    0.152971 -0.00110134
   0.173858 -0.00694444 -0.00110134    0.321113
IMAGINARY
           0  -0.00511423  -0.00163914   0.00632483
  0.00511423            0    0.0106619 -0.000379698
  0.00163914   -0.0106619            0  -0.00767177
 -0.00632483  0.000379698   0.00767177            0
EndNode2[0]<--->HoM1[0]
REAL
  0.338216  0.0192165  0.0139078   0.185907
 0.0192165   0.169108  0.0380195 -0.0182023
 0.0139078  0.0380195   0.131824 0.00225587
  0.185907 -0.0182023 0.00225587   0.360852
IMAGINARY
          0  0.00355569   0.0259521  -0.0100951
-0.00355569           0  -0.0265508  -0.0112274
 -0.0259521   0.0265508           0  -0.0144392
  0.0100951   0.0112274   0.0144392           0
Repeater1[0]<--->EndNode1[0]
REAL
   0.332491 0.000631313  0.00741447    0.173858
0.000631313    0.152971   0.0332123 -0.00110134
 0.00741447   0.0332123    0.193426 -0.00694444
   0.173858 -0.00110134 -0.00694444    0.321113
IMAGINARY
           0  -0.00163914  -0.00511423   0.00632483
  0.00163914            0   -0.0106619  -0.00767177
  0.00511423    0.0106619            0 -0.000379698
 -0.00632483   0.00767177  0.000379698            0
Repeater1[0]<--->HoM1[0]
REAL
  0.338216  0.0139078  0.0192165   0.185907
 0.0139078   0.131824  0.0380195 0.00225587
 0.0192165  0.0380195   0.169108 -0.0182023
  0.185907 0.00225587 -0.0182023   0.360852
IMAGINARY
          0   0.0259521  0.00355569  -0.0100951
 -0.0259521           0   0.0265508  -0.0144392
-0.00355569  -0.0265508           0  -0.0112274
  0.0100951   0.0144392   0.0112274           0
EndNode1[0]<--->Repeater1[0]
REAL
   0.345342 -0.00191334  0.00927532    0.176056
-0.00191334    0.142857   0.0526464   0.0162817
 0.00927532   0.0526464    0.135404   0.0104323
   0.176056   0.0162817   0.0104323    0.376398
IMAGINARY
          0 -0.00587428 -0.00950353  0.00496989
 0.00587428           0  0.00767991 -0.00194685
 0.00950353 -0.00767991           0  0.00714655
-0.00496989  0.00194685 -0.00714655           0
EndNode2[0]<--->HoM1[0]
REAL
   0.354839   0.0166094  0.00479648    0.159336
  0.0166094    0.127688   0.0626026   -0.011174
 0.00479648   0.0626026    0.153226 -0.00512977
   0.159336   -0.011174 -0.00512977    0.364247
IMAGINARY
          0 -0.00554734   0.0279918 -0.00693527
 0.00554734           0  0.00693527   0.0210032
 -0.0279918 -0.00693527           0   -0.027116
 0.00693527  -0.0210032    0.027116           0
Repeater1[0]<--->EndNode1[0]
REAL
   0.345342  0.00927532 -0.00191334    0.176056
 0.00927532    0.135404   0.0526464   0.0104323
-0.00191334   0.0526464    0.142857   0.0162817
   0.176056   0.0104323   0.0162817    0.376398
IMAGINARY
          0 -0.00950353 -0.00587428  0.00496989
 0.00950353           0 -0.00767991  0.00714655
 0.00587428  0.00767991           0 -0.00194685
-0.00496989 -0.00714655  0.00194685           0
Repeater1[0]<--->HoM1[0]
REAL
   0.354839  0.00479648   0.0166094    0.159336
 0.00479648    0.153226   0.0626026 -0.00512977
  0.0166094   0.0626026    0.127688   -0.011174
   0.159336 -0.00512977   -0.011174    0.364247
IMAGINARY
          0   0.0279918 -0.00554734 -0.00693527
 -0.0279918           0 -0.00693527   -0.027116
 0.00554734  0.00693527           0   0.0210032
 0.00693527    0.027116  -0.0210032           0
EndNode1[0]<--->Repeater1[0]
REAL
    0.311432    0.0056258 -0.000111449     0.172447
   0.0056258     0.173456    0.0483965    0.0137591
-0.000111449    0.0483965     0.151117    0.0142253
    0.172447    0.0137591    0.0142253     0.363995
IMAGINARY
          0  -0.0025704  0.00458657  0.00210929
  0.0025704           0   0.0060463   -0.015979
-0.00458657  -0.0060463           0  0.00763369
-0.00210929    0.015979 -0.00763369           0
EndNode2[0]<--->HoM1[0]
REAL
   0.327493  0.00666495 0.000831133    0.179248
 0.00666495    0.154987    0.031728   0.0333152
0.000831133    0.031728    0.165768   0.0116277
   0.179248   0.0333152   0.0116277    0.351752
IMAGINARY
         0  -0.024459  0.0342305  0.0135079
  0.024459          0  0.0180711  0.0258217
-0.0342305 -0.0180711          0 -0.0225384
-0.0135079 -0.0258217  0.0225384          0
Repeater1[0]<--->EndNode1[0]
REAL
    0.311432 -0.000111449    0.0056258     0.172447
-0.000111449     0.151117    0.0483965    0.0142253
   0.0056258    0.0483965     0.173456    0.0137591
    0.172447    0.0142253    0.0137591     0.363995
IMAGINARY
          0  0.00458657  -0.0025704  0.00210929
-0.00458657           0  -0.0060463  0.00763369
  0.0025704   0.0060463           0   -0.015979
-0.00210929 -0.00763369    0.015979           0
Repeater1[0]<--->HoM1[0]
REAL
   0.327493 0.000831133  0.00666495    0.179248
0.000831133    0.165768    0.031728   0.0116277
 0.00666495    0.031728    0.154987   0.0333152
   0.179248   0.0116277   0.0333152    0.351752
IMAGINARY
         0  0.0342305  -0.024459  0.0135079
-0.0342305          0 -0.0180711 -0.0225384
  0.024459  0.0180711          0  0.0258217
-0.0135079  0.0225384 -0.0258217          0
EndNode1[0]<--->Repeater1[0]
REAL
   0.329574   0.0357929   0.0426745     0.17401
  0.0357929    0.162907   0.0376464   0.0168347
  0.0426745   0.0376464    0.126566 -0.00941256
    0.17401   0.0168347 -0.00941256    0.380952
IMAGINARY
          0  -0.0138812  0.00519481   0.0132873
  0.0138812           0   0.0202055  0.00519481
-0.00519481  -0.0202055           0 -0.00689799
 -0.0132873 -0.00519481  0.00689799           0
EndNode2[0]<--->HoM1[0]
REAL
   0.360054   0.0185993 -0.00763144    0.199296
  0.0185993     0.14538   0.0192965  -0.0262882
-0.00763144   0.0192965    0.149457   0.0128078
   0.199296  -0.0262882   0.0128078    0.345109
IMAGINARY
          0   0.0109468  -0.0100016 -0.00407609
 -0.0109468           0  0.00407609  -0.0112484
  0.0100016 -0.00407609           0   0.0103032
 0.00407609   0.0112484  -0.0103032           0
Repeater1[0]<--->EndNode1[0]
REAL
   0.329574   0.0426745   0.0357929     0.17401
  0.0426745    0.126566   0.0376464 -0.00941256
  0.0357929   0.0376464    0.162907   0.0168347
    0.17401 -0.00941256   0.0168347    0.380952
IMAGINARY
          0  0.00519481  -0.0138812   0.0132873
-0.00519481           0  -0.0202055 -0.00689799
  0.0138812   0.0202055           0  0.00519481
 -0.0132873  0.00689799 -0.00519481           0
Repeater1[0]<--->HoM1[0]
REAL
   0.360054 -0.00763144   0.0185993    0.199296
-0.00763144    0.149457   0.0192965   0.0128078
  0.0185993   0.0192965     0.14538  -0.0262882
   0.199296   0.0128078  -0.0262882    0.345109
IMAGINARY
          0  -0.0100016   0.0109468 -0.00407609
  0.0100016           0 -0.00407609   0.0103032
 -0.0109468  0.00407609           0  -0.0112484
 0.00407609  -0.0103032   0.0112484           0
EndNode1[0]<--->Repeater1[0]
REAL
  0.370861 0.00867851 -0.0171188   0.203381
0.00867851   0.152318  0.0410776 0.00342912
-0.0171188  0.0410776   0.129801 -0.0145455
  0.203381 0.00342912 -0.0145455    0.34702
IMAGINARY
           0    0.0109406  -0.00889862   -0.0124443
  -0.0109406            0    0.0118397   0.00497192
  0.00889862   -0.0118397            0  0.000839547
   0.0124443  -0.00497192 -0.000839547            0
EndNode2[0]<--->HoM1[0]
REAL
   0.35014 0.00776963  0.0258224   0.161602
0.00776963   0.154062  0.0411358 0.00351268
 0.0258224  0.0411358   0.166667 0.00592007
  0.161602 0.00351268 0.00592007   0.329132
IMAGINARY
          0  -0.0125616  -0.0185481  -0.0150657
  0.0125616           0  -0.0187785 -0.00347267
  0.0185481   0.0187785           0 -0.00557308
  0.0150657  0.00347267  0.00557308           0
Repeater1[0]<--->EndNode1[0]
REAL
  0.370861 -0.0171188 0.00867851   0.203381
-0.0171188   0.129801  0.0410776 -0.0145455
0.00867851  0.0410776   0.152318 0.00342912
  0.203381 -0.0145455 0.00342912    0.34702
IMAGINARY
           0  -0.00889862    0.0109406   -0.0124443
  0.00889862            0   -0.0118397  0.000839547
  -0.0109406    0.0118397            0   0.00497192
   0.0124443 -0.000839547  -0.00497192            0
Repeater1[0]<--->HoM1[0]
REAL
   0.35014  0.0258224 0.00776963   0.161602
 0.0258224   0.166667  0.0411358 0.00592007
0.00776963  0.0411358   0.154062 0.00351268
  0.161602 0.00592007 0.00351268   0.329132
IMAGINARY
          0  -0.0185481  -0.0125616  -0.0150657
  0.0185481           0   0.0187785 -0.00557308
  0.0125616  -0.0187785           0 -0.00347267
  0.0150657  0.00557308  0.00347267           0
EndNode1[0]<--->Repeater1[0]
REAL
   0.357143   0.0133962 -0.00882134    0.164727
  0.0133962    0.155462   0.0381911   0.0114739
-0.00882134   0.0381911    0.169468    0.018434
   0.164727   0.0114739    0.018434    0.317927
IMAGINARY
          0  0.00556167  -0.0163533  0.00220271
-0.00556167           0  -0.0133413   0.0040683
  0.0163533   0.0133413           0  0.00426634
-0.00220271  -0.0040683 -0.00426634           0
EndNode2[0]<--->HoM1[0]
REAL
  0.358537 0.00732499  -0.018593   0.159562
0.00732499    0.12561    0.01935    0.01111
 -0.018593    0.01935   0.142683 0.00151854
  0.159562    0.01111 0.00151854   0.373171
IMAGINARY
           0   -0.0297024    0.0156132 -0.000626813
   0.0297024            0   -0.0229952   0.00158258
  -0.0156132    0.0229952            0    0.0177976
 0.000626813  -0.00158258   -0.0177976            0
Repeater1[0]<--->EndNode1[0]
REAL
   0.357143 -0.00882134   0.0133962    0.164727
-0.00882134    0.169468   0.0381911    0.018434
  0.0133962   0.0381911    0.155462   0.0114739
   0.164727    0.018434   0.0114739    0.317927
IMAGINARY
          0  -0.0163533  0.00556167  0.00220271
  0.0163533           0   0.0133413  0.00426634
-0.00556167  -0.0133413           0   0.0040683
-0.00220271 -0.00426634  -0.0040683           0
Repeater1[0]<--->HoM1[0]
REAL
  0.358537  -0.018593 0.00732499   0.159562
 -0.018593   0.142683    0.01935 0.00151854
0.00732499    0.01935    0.12561    0.01111
  0.159562 0.00151854    0.01111   0.373171
IMAGINARY
           0    0.0156132   -0.0297024 -0.000626813
  -0.0156132            0    0.0229952    0.0177976
   0.0297024   -0.0229952            0   0.00158258
 0.000626813   -0.0177976  -0.00158258            0
EndNode1[0]<--->Repeater1[0]
REAL
  0.353333 0.00209263 0.00399598   0.178559
0.00209263   0.162667  0.0339413 0.00600402
0.00399598  0.0339413   0.162667 -0.0195926
  0.178559 0.00600402 -0.0195926   0.321333
IMAGINARY
           0   -0.0257428    0.0074839  -0.00890866
   0.0257428            0 -0.000793801     0.021699
  -0.0074839  0.000793801            0   -0.0190043
  0.00890866    -0.021699    0.0190043            0
EndNode2[0]<--->HoM1[0]
REAL
   0.364954   0.0130427  0.00509796    0.174319
  0.0130427    0.158103   0.0301394  0.00573007
 0.00509796   0.0301394    0.152833 -0.00985802
   0.174319  0.00573007 -0.00985802    0.324111
IMAGINARY
          0 -0.00547691  -0.0138889  0.00094577
 0.00547691           0  0.00157312   0.0138889
  0.0138889 -0.00157312           0   0.0120907
-0.00094577  -0.0138889  -0.0120907           0
Repeater1[0]<--->EndNode1[0]
REAL
  0.353333 0.00399598 0.00209263   0.178559
0.00399598   0.162667  0.0339413 -0.0195926
0.00209263  0.0339413   0.162667 0.00600402
  0.178559 -0.0195926 0.00600402   0.321333
IMAGINARY
           0    0.0074839   -0.0257428  -0.00890866
  -0.0074839            0  0.000793801   -0.0190043
   0.0257428 -0.000793801            0     0.021699
  0.00890866    0.0190043    -0.021699            0
Repeater1[0]<--->HoM1[0]
REAL
   0.364954  0.00509796   0.0130427    0.174319
 0.00509796    0.152833   0.0301394 -0.00985802
  0.0130427   0.0301394    0.158103  0.00573007
   0.174319 -0.00985802  0.00573007    0.324111
IMAGINARY
          0  -0.0138889 -0.00547691  0.00094577
  0.0138889           0 -0.00157312   0.0120907
 0.00547691  0.00157312           0   0.0138889
-0.00094577  -0.0120907  -0.0138889           0
EndNode1[0]<--->Repeater1[0]
REAL
   0.332907    0.022629 -0.00726578     0.17041
   0.022629    0.149808   0.0395634   0.0217015
-0.00726578   0.0395634    0.144686  -0.0121303
    0.17041   0.0217015  -0.0121303    0.372599
IMAGINARY
         0 -0.0193266  0.0174652  0.0116883
 0.0193266          0  0.0116883  0.0198293
-0.0174652 -0.0116883          0 -0.0179679
-0.0116883 -0.0198293  0.0179679          0
EndNode2[0]<--->HoM1[0]
REAL
    0.35894  0.00125938 -0.00139106     0.16175
 0.00125938     0.13245    0.034453  -0.0365836
-0.00139106    0.034453    0.164238  0.00380391
    0.16175  -0.0365836  0.00380391    0.344371
IMAGINARY
          0  0.00177139   0.0028519 -0.00454731
-0.00177139           0  -0.0156038 -0.00153957
 -0.0028519   0.0156038           0  -0.0135824
 0.00454731  0.00153957   0.0135824           0
Repeater1[0]<--->EndNode1[0]
REAL
   0.332907 -0.00726578    0.022629     0.17041
-0.00726578    0.144686   0.0395634  -0.0121303
   0.022629   0.0395634    0.149808   0.0217015
    0.17041  -0.0121303   0.0217015    0.372599
IMAGINARY
         0  0.0174652 -0.0193266  0.0116883
-0.0174652          0 -0.0116883 -0.0179679
 0.0193266  0.0116883          0  0.0198293
-0.0116883  0.0179679 -0.0198293          0
Repeater1[0]<--->HoM1[0]
REAL
    0.35894 -0.00139106  0.00125938     0.16175
-0.00139106    0.164238    0.034453  0.00380391
 0.00125938    0.034453     0.13245  -0.0365836
    0.16175  0.00380391  -0.0365836    0.344371
IMAGINARY
          0   0.0028519  0.00177139 -0.00454731
 -0.0028519           0   0.0156038  -0.0135824
-0.00177139  -0.0156038           0 -0.00153957
 0.00454731   0.0135824  0.00153957           0
EndNode1[0]<--->Repeater1[0]
REAL
   0.344737 -0.00026483   0.0102857     0.18998
-0.00026483    0.152632   0.0376413  0.00633834
  0.0102857   0.0376413    0.140789  -0.0125229
    0.18998  0.00633834  -0.0125229    0.361842
IMAGINARY
          0   0.0042157  -0.0145403 -0.00957163
 -0.0042157           0  -0.0114873 -0.00505518
  0.0145403   0.0114873           0  -0.0111689
 0.00957163  0.00505518   0.0111689           0
EndNode2[0]<--->HoM1[0]
REAL
   0.362797 -0.00632911  -0.0134209    0.172307
-0.00632911    0.155673   0.0416174   0.0108892
 -0.0134209   0.0416174    0.139842 -0.00632911
   0.172307   0.0108892 -0.00632911    0.341689
IMAGINARY
          0  0.00532027   0.0115322  0.00860923
-0.00532027           0   0.0118267   0.0021219
 -0.0115322  -0.0118267           0  -0.0137728
-0.00860923  -0.0021219   0.0137728           0
Repeater1[0]<--->EndNode1[0]
REAL
   0.344737   0.0102857 -0.00026483     0.18998
  0.0102857    0.140789   0.0376413  -0.0125229
-0.00026483   0.0376413    0.152632  0.00633834
    0.18998  -0.0125229  0.00633834    0.361842
IMAGINARY
          0  -0.0145403   0.0042157 -0.00957163
  0.0145403           0   0.0114873  -0.0111689
 -0.0042157  -0.0114873           0 -0.00505518
 0.00957163   0.0111689  0.00505518           0
Repeater1[0]<--->HoM1[0]
REAL
   0.362797  -0.0134209 -0.00632911    0.172307
 -0.0134209    0.139842   0.0416174 -0.00632911
-0.00632911   0.0416174    0.155673   0.0108892
   0.172307 -0.00632911   0.0108892    0.341689
IMAGINARY
          0   0.0115322  0.00532027  0.00860923
 -0.0115322           0  -0.0118267  -0.0137728
-0.00532027   0.0118267           0   0.0021219
-0.00860923   0.0137728  -0.0021219           0
EndNode1[0]<--->Repeater1[0]
REAL
   0.326406  0.00366056   0.0140236    0.179769
 0.00366056    0.179707   0.0443259  -0.0121509
  0.0140236   0.0443259    0.136919 -0.00553322
   0.179769  -0.0121509 -0.00553322    0.356968
IMAGINARY
           0 -0.000181303  -0.00284369   0.00576217
 0.000181303            0   0.00826844  -0.00981454
  0.00284369  -0.00826844            0    0.0128395
 -0.00576217   0.00981454   -0.0128395            0
EndNode2[0]<--->HoM1[0]
REAL
   0.347185  -0.0114268 -0.00698068    0.181278
 -0.0114268    0.155496   0.0322709  -0.0130193
-0.00698068   0.0322709    0.154155 -0.00341196
   0.181278  -0.0130193 -0.00341196    0.343164
IMAGINARY
           0 -0.000338927    0.0115249   0.00623079
 0.000338927            0   0.00496816   0.00503139
  -0.0115249  -0.00496816            0  -0.00164783
 -0.00623079  -0.00503139   0.00164783            0
Repeater1[0]<--->EndNode1[0]
REAL
   0.326406   0.0140236  0.00366056    0.179769
  0.0140236    0.136919   0.0443259 -0.00553322
 0.00366056   0.0443259    0.179707  -0.0121509
   0.179769 -0.00553322  -0.0121509    0.356968
IMAGINARY
           0  -0.00284369 -0.000181303   0.00576217
  0.00284369            0  -0.00826844    0.0128395
 0.000181303   0.00826844            0  -0.00981454
 -0.00576217   -0.0128395   0.00981454            0
Repeater1[0]<--->HoM1[0]
REAL
   0.347185 -0.00698068  -0.0114268    0.181278
-0.00698068    0.154155   0.0322709 -0.00341196
 -0.0114268   0.0322709    0.155496  -0.0130193
   0.181278 -0.00341196  -0.0130193    0.343164
IMAGINARY
           0    0.0115249 -0.000338927   0.00623079
  -0.0115249            0  -0.00496816  -0.00164783
 0.000338927   0.00496816            0   0.00503139
 -0.00623079   0.00164783  -0.00503139            0
EndNode1[0]<--->Repeater1[0]
REAL
   0.347666  0.00390139 -0.00726928    0.165521
 0.00390139    0.136364   0.0614074 -0.00726928
-0.00726928   0.0614074    0.137592   0.0119014
   0.165521 -0.00726928   0.0119014    0.378378
IMAGINARY
          0  0.00904536  -0.0023277 -0.00284961
-0.00904536           0  -0.0166472  0.00875444
  0.0023277   0.0166472           0  0.00766415
 0.00284961 -0.00875444 -0.00766415           0
EndNode2[0]<--->HoM1[0]
REAL
   0.358586 -0.00948028   0.0156143     0.20231
-0.00948028    0.132576   0.0585598 -0.00666291
  0.0156143   0.0585598    0.146465 -0.00330744
    0.20231 -0.00666291 -0.00330744    0.362374
IMAGINARY
          0   0.0032224 -0.00668478   0.0160842
 -0.0032224           0   0.0214605  0.00418478
 0.00668478  -0.0214605           0  -0.0019724
 -0.0160842 -0.00418478   0.0019724           0
Repeater1[0]<--->EndNode1[0]
REAL
   0.347666 -0.00726928  0.00390139    0.165521
-0.00726928    0.137592   0.0614074   0.0119014
 0.00390139   0.0614074    0.136364 -0.00726928
   0.165521   0.0119014 -0.00726928    0.378378
IMAGINARY
          0  -0.0023277  0.00904536 -0.00284961
  0.0023277           0   0.0166472  0.00766415
-0.00904536  -0.0166472           0  0.00875444
 0.00284961 -0.00766415 -0.00875444           0
Repeater1[0]<--->HoM1[0]
REAL
   0.358586   0.0156143 -0.00948028     0.20231
  0.0156143    0.146465   0.0585598 -0.00330744
-0.00948028   0.0585598    0.132576 -0.00666291
    0.20231 -0.00330744 -0.00666291    0.362374
IMAGINARY
          0 -0.00668478   0.0032224   0.0160842
 0.00668478           0  -0.0214605  -0.0019724
 -0.0032224   0.0214605           0  0.00418478
 -0.0160842   0.0019724 -0.00418478           0
EndNode1[0]<--->Repeater1[0]
REAL
   0.357775 -0.00510753 -0.00634483    0.181277
-0.00510753    0.135272   0.0504301  0.00185189
-0.00634483   0.0504301    0.149178   -0.026343
   0.181277  0.00185189   -0.026343    0.357775
IMAGINARY
          0  0.00956886    0.011298   0.0205131
-0.00956886           0  -0.0198595  -0.0106659
  -0.011298   0.0198595           0 -0.00767252
 -0.0205131   0.0106659  0.00767252           0
EndNode2[0]<--->HoM1[0]
REAL
    0.352168  -0.00339087   -0.0104194     0.173106
 -0.00339087     0.164258    0.0380051 -0.000691742
  -0.0104194    0.0380051     0.177398   -0.0101894
    0.173106 -0.000691742   -0.0101894     0.306176
IMAGINARY
          0  -0.0192006 -0.00884313   -0.012999
  0.0192006           0  -0.0116585  -0.0100963
 0.00884313   0.0116585           0  -0.0287792
   0.012999   0.0100963   0.0287792           0
Repeater1[0]<--->EndNode1[0]
REAL
   0.357775 -0.00634483 -0.00510753    0.181277
-0.00634483    0.149178   0.0504301   -0.026343
-0.00510753   0.0504301    0.135272  0.00185189
   0.181277   -0.026343  0.00185189    0.357775
IMAGINARY
          0    0.011298  0.00956886   0.0205131
  -0.011298           0   0.0198595 -0.00767252
-0.00956886  -0.0198595           0  -0.0106659
 -0.0205131  0.00767252   0.0106659           0
Repeater1[0]<--->HoM1[0]
REAL
    0.352168   -0.0104194  -0.00339087     0.173106
  -0.0104194     0.177398    0.0380051   -0.0101894
 -0.00339087    0.0380051     0.164258 -0.000691742
    0.173106   -0.0101894 -0.000691742     0.306176
IMAGINARY
          0 -0.00884313  -0.0192006   -0.012999
 0.00884313           0   0.0116585  -0.0287792
  0.0192006  -0.0116585           0  -0.0100963
   0.012999   0.0287792   0.0100963           0
EndNode1[0]<--->Repeater1[0]
REAL
  0.319946  0.0209462  0.0207923   0.188103
 0.0209462   0.153949  0.0516232 0.00386523
 0.0207923  0.0516232   0.133869 -0.0182065
  0.188103 0.00386523 -0.0182065   0.392236
IMAGINARY
          0  0.00760242  -0.0255419 -0.00526969
-0.00760242           0  0.00887546  -0.0280295
  0.0255419 -0.00887546           0   0.0217343
 0.00526969   0.0280295  -0.0217343           0
EndNode2[0]<--->HoM1[0]
REAL
   0.354369 -0.00244797  0.00828775    0.175223
-0.00244797    0.157767    0.021183  -0.0126248
 0.00828775    0.021183     0.13835 -0.00312824
   0.175223  -0.0126248 -0.00312824    0.349515
IMAGINARY
          0  0.00403506   0.0178352   0.0049669
-0.00403506           0 -0.00237623 -0.00142108
 -0.0178352  0.00237623           0   0.0123791
 -0.0049669  0.00142108  -0.0123791           0
Repeater1[0]<--->EndNode1[0]
REAL
  0.319946  0.0207923  0.0209462   0.188103
 0.0207923   0.133869  0.0516232 -0.0182065
 0.0209462  0.0516232   0.153949 0.00386523
  0.188103 -0.0182065 0.00386523   0.392236
IMAGINARY
          0  -0.0255419  0.00760242 -0.00526969
  0.0255419           0 -0.00887546   0.0217343
-0.00760242  0.00887546           0  -0.0280295
 0.00526969  -0.0217343   0.0280295           0
Repeater1[0]<--->HoM1[0]
REAL
   0.354369  0.00828775 -0.00244797    0.175223
 0.00828775     0.13835    0.021183 -0.00312824
-0.00244797    0.021183    0.157767  -0.0126248
   0.175223 -0.00312824  -0.0126248    0.349515
IMAGINARY
          0   0.0178352  0.00403506   0.0049669
 -0.0178352           0  0.00237623   0.0123791
-0.00403506 -0.00237623           0 -0.00142108
 -0.0049669  -0.0123791  0.00142108           0
EndNode1[0]<--->Repeater1[0]
REAL
   0.328608 -0.00605128  0.00802761    0.157512
-0.00605128    0.157216   0.0513005  0.00155093
 0.00802761   0.0513005    0.145619  -0.0048044
   0.157512  0.00155093  -0.0048044    0.368557
IMAGINARY
          0  0.00698038   -0.024042  0.00225806
-0.00698038           0  0.00225806   0.0109985
   0.024042 -0.00225806           0   0.0222122
-0.00225806  -0.0109985  -0.0222122           0
EndNode2[0]<--->HoM1[0]
REAL
    0.333782 -0.000267177    0.0380175     0.161852
-0.000267177     0.158816    0.0412931  -0.00342633
   0.0380175    0.0412931      0.15747    0.0247955
    0.161852  -0.00342633    0.0247955     0.349933
IMAGINARY
           0  -0.00589824  -0.00885639   -0.0181719
  0.00589824            0  0.000707496   -0.0101791
  0.00885639 -0.000707496            0    0.0236647
   0.0181719    0.0101791   -0.0236647            0
Repeater1[0]<--->EndNode1[0]
REAL
   0.328608  0.00802761 -0.00605128    0.157512
 0.00802761    0.145619   0.0513005  -0.0048044
-0.00605128   0.0513005    0.157216  0.00155093
   0.157512  -0.0048044  0.00155093    0.368557
IMAGINARY
          0   -0.024042  0.00698038  0.00225806
   0.024042           0 -0.00225806   0.0222122
-0.00698038  0.00225806           0   0.0109985
-0.00225806  -0.0222122  -0.0109985           0
Repeater1[0]<--->HoM1[0]
REAL
    0.333782    0.0380175 -0.000267177     0.161852
   0.0380175      0.15747    0.0412931    0.0247955
-0.000267177    0.0412931     0.158816  -0.00342633
    0.161852    0.0247955  -0.00342633     0.349933
IMAGINARY
           0  -0.00885639  -0.00589824   -0.0181719
  0.00885639            0 -0.000707496    0.0236647
  0.00589824  0.000707496            0   -0.0101791
   0.0181719   -0.0236647    0.0101791            0
EndNode1[0]<--->Repeater1[0]
REAL
    0.34625  0.00841698  0.00238273    0.157134
 0.00841698      0.1625   0.0415499  -0.0155406
 0.00238273   0.0415499       0.115 -0.00446961
   0.157134  -0.0155406 -0.00446961     0.37625
IMAGINARY
          0   0.0309325 -0.00585922   0.0142497
 -0.0309325           0 -0.00974515  -0.0097252
 0.00585922  0.00974515           0   0.0158208
 -0.0142497   0.0097252  -0.0158208           0
EndNode2[0]<--->HoM1[0]
REAL
  0.329114  0.0163632 -0.0221618   0.174862
 0.0163632   0.163291  0.0609626  -0.012632
-0.0221618  0.0609626   0.153165 0.00940999
  0.174862  -0.012632 0.00940999    0.35443
IMAGINARY
          0 -0.00269596  0.00127787 -0.00677973
 0.00269596           0 -0.00800522  0.00837464
-0.00127787  0.00800522           0  -0.0121046
 0.00677973 -0.00837464   0.0121046           0
Repeater1[0]<--->EndNode1[0]
REAL
    0.34625  0.00238273  0.00841698    0.157134
 0.00238273       0.115   0.0415499 -0.00446961
 0.00841698   0.0415499      0.1625  -0.0155406
   0.157134 -0.00446961  -0.0155406     0.37625
IMAGINARY
          0 -0.00585922   0.0309325   0.0142497
 0.00585922           0  0.00974515   0.0158208
 -0.0309325 -0.00974515           0  -0.0097252
 -0.0142497  -0.0158208   0.0097252           0
Repeater1[0]<--->HoM1[0]
REAL
  0.329114 -0.0221618  0.0163632   0.174862
-0.0221618   0.153165  0.0609626 0.00940999
 0.0163632  0.0609626   0.163291  -0.012632
  0.174862 0.00940999  -0.012632    0.35443
IMAGINARY
          0  0.00127787 -0.00269596 -0.00677973
-0.00127787           0  0.00800522  -0.0121046
 0.00269596 -0.00800522           0  0.00837464
 0.00677973   0.0121046 -0.00837464           0
EndNode1[0]<--->Repeater1[0]
REAL
   0.326633    0.010309 -0.00726839    0.160058
   0.010309    0.146985   0.0544048  0.00170597
-0.00726839   0.0544048     0.16206 -0.00969098
   0.160058  0.00170597 -0.00969098    0.364322
IMAGINARY
           0   -0.0277702   0.00106728  0.000830065
   0.0277702            0  -0.00918329   0.00768104
 -0.00106728   0.00918329            0  -0.00655008
-0.000830065  -0.00768104   0.00655008            0
EndNode2[0]<--->HoM1[0]
REAL
  0.361323 -0.0171672 0.00619662   0.169234
-0.0171672   0.153944  0.0425852 0.00376353
0.00619662  0.0425852   0.137405 0.00720701
  0.169234 0.00376353 0.00720701   0.347328
IMAGINARY
          0  0.00923483  -0.0167725   0.0120856
-0.00923483           0   0.0178623  0.00753764
  0.0167725  -0.0178623           0  0.00923483
 -0.0120856 -0.00753764 -0.00923483           0
Repeater1[0]<--->EndNode1[0]
REAL
   0.326633 -0.00726839    0.010309    0.160058
-0.00726839     0.16206   0.0544048 -0.00969098
   0.010309   0.0544048    0.146985  0.00170597
   0.160058 -0.00969098  0.00170597    0.364322
IMAGINARY
           0   0.00106728   -0.0277702  0.000830065
 -0.00106728            0   0.00918329  -0.00655008
   0.0277702  -0.00918329            0   0.00768104
-0.000830065   0.00655008  -0.00768104            0
Repeater1[0]<--->HoM1[0]
REAL
  0.361323 0.00619662 -0.0171672   0.169234
0.00619662   0.137405  0.0425852 0.00720701
-0.0171672  0.0425852   0.153944 0.00376353
  0.169234 0.00720701 0.00376353   0.347328
IMAGINARY
          0  -0.0167725  0.00923483   0.0120856
  0.0167725           0  -0.0178623  0.00923483
-0.00923483   0.0178623           0  0.00753764
 -0.0120856 -0.00923483 -0.00753764           0
EndNode1[0]<--->Repeater1[0]
REAL
   0.388175 -0.00467622 -0.00802002    0.179022
-0.00467622    0.131105   0.0363523  -0.0205696
-0.00802002   0.0363523    0.133676 -0.00866558
   0.179022  -0.0205696 -0.00866558    0.347044
IMAGINARY
          0   0.0201856  -0.0168212  -0.0186538
 -0.0201856           0  0.00773145   0.0128945
  0.0168212 -0.00773145           0   0.0164636
  0.0186538  -0.0128945  -0.0164636           0
EndNode2[0]<--->HoM1[0]
REAL
  0.337563  0.0147671  0.0126211   0.162474
 0.0147671   0.159898  0.0454532  0.0033733
 0.0126211  0.0454532   0.156091 0.00957228
  0.162474  0.0033733 0.00957228   0.346447
IMAGINARY
          0   0.0136628  -0.0153142   0.0222835
 -0.0136628           0 -0.00659968  -0.0178523
  0.0153142  0.00659968           0   0.0170006
 -0.0222835   0.0178523  -0.0170006           0
Repeater1[0]<--->EndNode1[0]
REAL
   0.388175 -0.00802002 -0.00467622    0.179022
-0.00802002    0.133676   0.0363523 -0.00866558
-0.00467622   0.0363523    0.131105  -0.0205696
   0.179022 -0.00866558  -0.0205696    0.347044
IMAGINARY
          0  -0.0168212   0.0201856  -0.0186538
  0.0168212           0 -0.00773145   0.0164636
 -0.0201856  0.00773145           0   0.0128945
  0.0186538  -0.0164636  -0.0128945           0
Repeater1[0]<--->HoM1[0]
REAL
  0.337563  0.0126211  0.0147671   0.162474
 0.0126211   0.156091  0.0454532 0.00957228
 0.0147671  0.0454532   0.159898  0.0033733
  0.162474 0.00957228  0.0033733   0.346447
IMAGINARY
          0  -0.0153142   0.0136628   0.0222835
  0.0153142           0  0.00659968   0.0170006
 -0.0136628 -0.00659968           0  -0.0178523
 -0.0222835  -0.0170006   0.0178523           0
EndNode1[0]<--->Repeater1[0]
REAL
  0.365079 -0.0125209 0.00150328   0.164657
-0.0125209   0.150794  0.0465664 -0.0134831
0.00150328  0.0465664   0.145503 0.00180206
  0.164657 -0.0134831 0.00180206   0.338624
IMAGINARY
          0  0.00879397   0.0210867   0.0228509
-0.00879397           0   0.0111945 -0.00224245
 -0.0210867  -0.0111945           0  0.00502513
 -0.0228509  0.00224245 -0.00502513           0
EndNode2[0]<--->HoM1[0]
REAL
   0.362843   0.0056757  -0.0143229    0.174178
  0.0056757    0.169576   0.0317046 -0.00632787
 -0.0143229   0.0317046    0.125935  -0.0100562
   0.174178 -0.00632787  -0.0100562    0.341646
IMAGINARY
           0    0.0193172    0.0265993    -0.010759
  -0.0193172            0 -0.000929346   0.00969106
  -0.0265993  0.000929346            0   -0.0233495
    0.010759  -0.00969106    0.0233495            0
Repeater1[0]<--->EndNode1[0]
REAL
  0.365079 0.00150328 -0.0125209   0.164657
0.00150328   0.145503  0.0465664 0.00180206
-0.0125209  0.0465664   0.150794 -0.0134831
  0.164657 0.00180206 -0.0134831   0.338624
IMAGINARY
          0   0.0210867  0.00879397   0.0228509
 -0.0210867           0  -0.0111945  0.00502513
-0.00879397   0.0111945           0 -0.00224245
 -0.0228509 -0.00502513  0.00224245           0
Repeater1[0]<--->HoM1[0]
REAL
   0.362843  -0.0143229   0.0056757    0.174178
 -0.0143229    0.125935   0.0317046  -0.0100562
  0.0056757   0.0317046    0.169576 -0.00632787
   0.174178  -0.0100562 -0.00632787    0.341646
IMAGINARY
           0    0.0265993    0.0193172    -0.010759
  -0.0265993            0  0.000929346   -0.0233495
  -0.0193172 -0.000929346            0   0.00969106
    0.010759    0.0233495  -0.00969106            0
EndNode1[0]<--->Repeater1[0]
REAL
  0.359039  -0.018247 -0.0149454   0.163618
 -0.018247     0.1378   0.024729  0.0122354
-0.0149454   0.024729   0.135272 -0.0251134
  0.163618  0.0122354 -0.0251134   0.367889
IMAGINARY
          0  0.00771605  0.00843629  -0.0222644
-0.00771605           0 -0.00463215  -0.0243093
-0.00843629  0.00463215           0  0.00154321
  0.0222644   0.0243093 -0.00154321           0
EndNode2[0]<--->HoM1[0]
REAL
    0.367008  -0.00472925  -0.00594012       0.1772
 -0.00472925     0.152174    0.0410742 -0.000405061
 -0.00594012    0.0410742     0.138107  -0.00161593
      0.1772 -0.000405061  -0.00161593     0.342711
IMAGINARY
           0  -0.00294631  0.000128226    0.0163347
  0.00294631            0    0.0156653   0.00903408
-0.000128226   -0.0156653            0   -0.0035982
  -0.0163347  -0.00903408    0.0035982            0
Repeater1[0]<--->EndNode1[0]
REAL
  0.359039 -0.0149454  -0.018247   0.163618
-0.0149454   0.135272   0.024729 -0.0251134
 -0.018247   0.024729     0.1378  0.0122354
  0.163618 -0.0251134  0.0122354   0.367889
IMAGINARY
          0  0.00843629  0.00771605  -0.0222644
-0.00843629           0  0.00463215  0.00154321
-0.00771605 -0.00463215           0  -0.0243093
  0.0222644 -0.00154321   0.0243093           0
Repeater1[0]<--->HoM1[0]
REAL
    0.367008  -0.00594012  -0.00472925       0.1772
 -0.00594012     0.138107    0.0410742  -0.00161593
 -0.00472925    0.0410742     0.152174 -0.000405061
      0.1772  -0.00161593 -0.000405061     0.342711
IMAGINARY
           0  0.000128226  -0.00294631    0.0163347
-0.000128226            0   -0.0156653   -0.0035982
  0.00294631    0.0156653            0   0.00903408
  -0.0163347    0.0035982  -0.00903408            0
EndNode1[0]<--->Repeater1[0]
REAL
   0.348548   -0.010477  -0.0127181    0.179326
  -0.010477    0.127248   0.0360297 -0.00912959
 -0.0127181   0.0360297    0.156293   0.0111013
   0.179326 -0.00912959   0.0111013    0.367911
IMAGINARY
           0   -0.0175632  -0.00161312  -0.00166635
   0.0175632            0    0.0112941 -0.000231901
  0.00161312   -0.0112941            0    0.0144881
  0.00166635  0.000231901   -0.0144881            0
EndNode2[0]<--->HoM1[0]
REAL
    0.32893   -0.023508 -0.00735893    0.176815
  -0.023508    0.143989   0.0337766 -0.00865092
-0.00735893   0.0337766    0.153236  0.00872967
   0.176815 -0.00865092  0.00872967    0.373844
IMAGINARY
          0   0.0138898  -0.0269846   -0.011221
 -0.0138898           0  0.00527647  -0.0109901
  0.0269846 -0.00527647           0   0.0114267
   0.011221   0.0109901  -0.0114267           0
Repeater1[0]<--->EndNode1[0]
REAL
   0.348548  -0.0127181   -0.010477    0.179326
 -0.0127181    0.156293   0.0360297   0.0111013
  -0.010477   0.0360297    0.127248 -0.00912959
   0.179326   0.0111013 -0.00912959    0.367911
IMAGINARY
           0  -0.00161312   -0.0175632  -0.00166635
  0.00161312            0   -0.0112941    0.0144881
   0.0175632    0.0112941            0 -0.000231901
  0.00166635   -0.0144881  0.000231901            0
Repeater1[0]<--->HoM1[0]
REAL
    0.32893 -0.00735893   -0.023508    0.176815
-0.00735893    0.153236   0.0337766  0.00872967
  -0.023508   0.0337766    0.143989 -0.00865092
   0.176815  0.00872967 -0.00865092    0.373844
IMAGINARY
          0  -0.0269846   0.0138898   -0.011221
  0.0269846           0 -0.00527647   0.0114267
 -0.0138898  0.00527647           0  -0.0109901
   0.011221  -0.0114267   0.0109901           0
EndNode1[0]<--->Repeater1[0]
REAL
   0.341026     0.02076  -0.0103281    0.187551
    0.02076    0.134615   0.0372198   0.0136046
 -0.0103281   0.0372198    0.155128 -0.00961976
   0.187551   0.0136046 -0.00961976    0.369231
IMAGINARY
           0   0.00176996   -0.0295137  0.000943165
 -0.00176996            0   0.00478932  -0.00426115
   0.0295137  -0.00478932            0   0.00816382
-0.000943165   0.00426115  -0.00816382            0
EndNode2[0]<--->HoM1[0]
REAL
   0.353786 -0.00586895   0.0112475    0.186129
-0.00586895    0.125326   0.0321812  -0.0195701
  0.0112475   0.0321812    0.139687  -0.0178186
   0.186129  -0.0195701  -0.0178186    0.381201
IMAGINARY
           0   -0.0161293   -0.0114629   -0.0154669
   0.0161293            0    0.0134906 -0.000379181
   0.0114629   -0.0134906            0   -0.0128181
   0.0154669  0.000379181    0.0128181            0
Repeater1[0]<--->EndNode1[0]
REAL
   0.341026  -0.0103281     0.02076    0.187551
 -0.0103281    0.155128   0.0372198 -0.00961976
    0.02076   0.0372198    0.134615   0.0136046
   0.187551 -0.00961976   0.0136046    0.369231
IMAGINARY
           0   -0.0295137   0.00176996  0.000943165
   0.0295137            0  -0.00478932   0.00816382
 -0.00176996   0.00478932            0  -0.00426115
-0.000943165  -0.00816382   0.00426115            0
Repeater1[0]<--->HoM1[0]
REAL
   0.353786   0.0112475 -0.00586895    0.186129
  0.0112475    0.139687   0.0321812  -0.0178186
-0.00586895   0.0321812    0.125326  -0.0195701
   0.186129  -0.0178186  -0.0195701    0.381201
IMAGINARY
           0   -0.0114629   -0.0161293   -0.0154669
   0.0114629            0   -0.0134906   -0.0128181
   0.0161293    0.0134906            0 -0.000379181
   0.0154669    0.0128181  0.000379181            0
EndNode1[0]<--->Repeater1[0]
REAL
    0.35199  -0.0074159 -0.00102631    0.199313
 -0.0074159    0.143035    0.032646  -0.0195922
-0.00102631    0.032646     0.14801 -0.00804801
   0.199313  -0.0195922 -0.00804801    0.356965
IMAGINARY
           0   0.00313283    0.0160231  0.000450799
 -0.00313283            0  -0.00906007     0.014052
  -0.0160231   0.00906007            0   0.00438596
-0.000450799    -0.014052  -0.00438596            0
EndNode2[0]<--->HoM1[0]
REAL
  0.342484  0.0050715 0.00554788   0.172151
 0.0050715   0.154248  0.0589195 0.00620147
0.00554788  0.0589195    0.16732 -0.0194318
  0.172151 0.00620147 -0.0194318   0.335948
IMAGINARY
