EndNode1[0]<--->Repeater1[0]
REAL
   0.305665   0.0179645    0.017571    0.147196
  0.0179645    0.222661   0.0342087  -0.0104188
   0.017571   0.0342087    0.213439 -0.00691115
   0.147196  -0.0104188 -0.00691115    0.258235
IMAGINARY
          0  0.00590162  -0.0101162  0.00890126
-0.00590162           0 -0.00629029  0.00492139
  0.0101162  0.00629029           0  -0.0136938
-0.00890126 -0.00492139   0.0136938           0
EndNode2[0]<--->HoM1[0]
REAL
   0.301961  -0.0120877 -0.00518135    0.153871
 -0.0120877    0.194771   0.0766987 -0.00518135
-0.00518135   0.0766987    0.203922  0.00431569
   0.153871 -0.00518135  0.00431569    0.299346
IMAGINARY
           0  0.000978704     -0.01493    0.0167426
-0.000978704            0  -0.00874756  -0.00387671
     0.01493   0.00874756            0 -0.000330196
  -0.0167426   0.00387671  0.000330196            0
Repeater1[0]<--->EndNode1[0]
REAL
   0.305665    0.017571   0.0179645    0.147196
   0.017571    0.213439   0.0342087 -0.00691115
  0.0179645   0.0342087    0.222661  -0.0104188
   0.147196 -0.00691115  -0.0104188    0.258235
IMAGINARY
          0  -0.0101162  0.00590162  0.00890126
  0.0101162           0  0.00629029  -0.0136938
-0.00590162 -0.00629029           0  0.00492139
-0.00890126   0.0136938 -0.00492139           0
Repeater1[0]<--->HoM1[0]
REAL
   0.301961 -0.00518135  -0.0120877    0.153871
-0.00518135    0.203922   0.0766987  0.00431569
 -0.0120877   0.0766987    0.194771 -0.00518135
   0.153871  0.00431569 -0.00518135    0.299346
IMAGINARY
           0     -0.01493  0.000978704    0.0167426
     0.01493            0   0.00874756 -0.000330196
-0.000978704  -0.00874756            0  -0.00387671
  -0.0167426  0.000330196   0.00387671            0
EndNode1[0]<--->Repeater1[0]
REAL
  0.297468 -0.0180657 -0.0124972   0.141071
-0.0180657   0.212658  0.0672075 0.00132769
-0.0124972  0.0672075   0.193671 -0.0141287
  0.141071 0.00132769 -0.0141287   0.296203
IMAGINARY
          0 -0.00760016  -0.0139044  -0.0114273
 0.00760016           0   -0.014018   0.0110635
  0.0139044    0.014018           0   0.0104411
  0.0114273  -0.0110635  -0.0104411           0
EndNode2[0]<--->HoM1[0]
REAL
   0.308974  0.00287519 -0.00928661    0.157068
 0.00287519    0.196154    0.031908 -0.00121208
-0.00928661    0.031908    0.211538  -0.0356836
   0.157068 -0.00121208  -0.0356836    0.283333
IMAGINARY
           0   -0.0128729 -0.000802957  0.000390034
   0.0128729            0  -0.00410291   0.00657959
 0.000802957   0.00410291            0   -0.0108755
-0.000390034  -0.00657959    0.0108755            0
Repeater1[0]<--->EndNode1[0]
REAL
  0.297468 -0.0124972 -0.0180657   0.141071
-0.0124972   0.193671  0.0672075 -0.0141287
-0.0180657  0.0672075   0.212658 0.00132769
  0.141071 -0.0141287 0.00132769   0.296203
IMAGINARY
          0  -0.0139044 -0.00760016  -0.0114273
  0.0139044           0    0.014018   0.0104411
 0.00760016   -0.014018           0   0.0110635
  0.0114273  -0.0104411  -0.0110635           0
Repeater1[0]<--->HoM1[0]
REAL
   0.308974 -0.00928661  0.00287519    0.157068
-0.00928661    0.211538    0.031908  -0.0356836
 0.00287519    0.031908    0.196154 -0.00121208
   0.157068  -0.0356836 -0.00121208    0.283333
IMAGINARY
           0 -0.000802957   -0.0128729  0.000390034
 0.000802957            0   0.00410291   -0.0108755
   0.0128729  -0.00410291            0   0.00657959
-0.000390034    0.0108755  -0.00657959            0
EndNode1[0]<--->Repeater1[0]
REAL
    0.28113  0.00135195  -0.0102688     0.16449
 0.00135195    0.204108   0.0660249  -0.0154908
 -0.0102688   0.0660249    0.196406 -0.00333346
    0.16449  -0.0154908 -0.00333346    0.318357
IMAGINARY
           0 -6.89618e-05   -0.0115752   0.00782099
 6.89618e-05            0   0.00904648  -0.00121251
   0.0115752  -0.00904648            0   -0.0127188
 -0.00782099   0.00121251    0.0127188            0
EndNode2[0]<--->HoM1[0]
REAL
   0.309556  -0.0194451  0.00370505    0.151404
 -0.0194451    0.212651   0.0367023   -0.015841
 0.00370505   0.0367023    0.211306 -0.00604031
   0.151404   -0.015841 -0.00604031    0.266487
IMAGINARY
          0  0.00929122   -0.003475   -0.010563
-0.00929122           0   0.0246295   0.0129807
   0.003475  -0.0246295           0  -0.0086575
   0.010563  -0.0129807   0.0086575           0
Repeater1[0]<--->EndNode1[0]
REAL
    0.28113  -0.0102688  0.00135195     0.16449
 -0.0102688    0.196406   0.0660249 -0.00333346
 0.00135195   0.0660249    0.204108  -0.0154908
    0.16449 -0.00333346  -0.0154908    0.318357
IMAGINARY
           0   -0.0115752 -6.89618e-05   0.00782099
   0.0115752            0  -0.00904648   -0.0127188
 6.89618e-05   0.00904648            0  -0.00121251
 -0.00782099    0.0127188   0.00121251            0
Repeater1[0]<--->HoM1[0]
REAL
   0.309556  0.00370505  -0.0194451    0.151404
 0.00370505    0.211306   0.0367023 -0.00604031
 -0.0194451   0.0367023    0.212651   -0.015841
   0.151404 -0.00604031   -0.015841    0.266487
IMAGINARY
          0   -0.003475  0.00929122   -0.010563
   0.003475           0  -0.0246295  -0.0086575
-0.00929122   0.0246295           0   0.0129807
   0.010563   0.0086575  -0.0129807           0
EndNode1[0]<--->Repeater1[0]
REAL
  0.300395  0.0211131 0.00589966   0.135401
 0.0211131   0.188406  0.0423621 -0.0212126
0.00589966  0.0423621   0.197628    0.01151
  0.135401 -0.0212126    0.01151    0.31357
IMAGINARY
          0  0.00985423  -0.0176441  -0.0135794
-0.00985423           0   0.0252677 -0.00310555
  0.0176441  -0.0252677           0 -0.00249145
  0.0135794  0.00310555  0.00249145           0
EndNode2[0]<--->HoM1[0]
REAL
   0.298755  0.00543292  0.00528263    0.122266
 0.00543292    0.201936    0.056394  0.00216154
 0.00528263    0.056394    0.192254 -0.00667362
   0.122266  0.00216154 -0.00667362    0.307054
IMAGINARY
          0  0.00500312 -0.00472093  0.00407213
-0.00500312           0  -0.0161365     0.01915
 0.00472093   0.0161365           0  0.00566188
-0.00407213    -0.01915 -0.00566188           0
Repeater1[0]<--->EndNode1[0]
REAL
  0.300395 0.00589966  0.0211131   0.135401
0.00589966   0.197628  0.0423621    0.01151
 0.0211131  0.0423621   0.188406 -0.0212126
  0.135401    0.01151 -0.0212126    0.31357
IMAGINARY
          0  -0.0176441  0.00985423  -0.0135794
  0.0176441           0  -0.0252677 -0.00249145
-0.00985423   0.0252677           0 -0.00310555
  0.0135794  0.00249145  0.00310555           0
Repeater1[0]<--->HoM1[0]
REAL
   0.298755  0.00528263  0.00543292    0.122266
 0.00528263    0.192254    0.056394 -0.00667362
 0.00543292    0.056394    0.201936  0.00216154
   0.122266 -0.00667362  0.00216154    0.307054
IMAGINARY
          0 -0.00472093  0.00500312  0.00407213
 0.00472093           0   0.0161365  0.00566188
-0.00500312  -0.0161365           0     0.01915
-0.00407213 -0.00566188    -0.01915           0
EndNode1[0]<--->Repeater1[0]
REAL
  0.256345 -0.0119152 0.00799252   0.153951
-0.0119152   0.218274  0.0385662 -0.0059517
0.00799252  0.0385662   0.206853  -0.018697
  0.153951 -0.0059517  -0.018697   0.318528
IMAGINARY
           0  0.000367975 -0.000389031  -0.00636761
-0.000367975            0     0.015206  -0.00287042
 0.000389031    -0.015206            0  -0.00884255
  0.00636761   0.00287042   0.00884255            0
EndNode2[0]<--->HoM1[0]
REAL
  0.275401  0.0133126 -0.0173796   0.133087
 0.0133126   0.204545   0.065755  -0.016726
-0.0173796   0.065755    0.21123 -0.0242521
  0.133087  -0.016726 -0.0242521   0.308824
IMAGINARY
          0   0.0038959   0.0345379 -0.00882006
 -0.0038959           0  -0.0145091  -0.0183284
 -0.0345379   0.0145091           0   0.0110667
 0.00882006   0.0183284  -0.0110667           0
Repeater1[0]<--->EndNode1[0]
REAL
  0.256345 0.00799252 -0.0119152   0.153951
0.00799252   0.206853  0.0385662  -0.018697
-0.0119152  0.0385662   0.218274 -0.0059517
  0.153951  -0.018697 -0.0059517   0.318528
IMAGINARY
           0 -0.000389031  0.000367975  -0.00636761
 0.000389031            0    -0.015206  -0.00884255
-0.000367975     0.015206            0  -0.00287042
  0.00636761   0.00884255   0.00287042            0
Repeater1[0]<--->HoM1[0]
REAL
  0.275401 -0.0173796  0.0133126   0.133087
-0.0173796    0.21123   0.065755 -0.0242521
 0.0133126   0.065755   0.204545  -0.016726
  0.133087 -0.0242521  -0.016726   0.308824
IMAGINARY
          0   0.0345379   0.0038959 -0.00882006
 -0.0345379           0   0.0145091   0.0110667
 -0.0038959  -0.0145091           0  -0.0183284
 0.00882006  -0.0110667   0.0183284           0
EndNode1[0]<--->Repeater1[0]
REAL
   0.304348 0.000533491    0.013893    0.141529
0.000533491    0.227621   0.0537735   -0.018591
   0.013893   0.0537735    0.191816 -0.00120463
   0.141529   -0.018591 -0.00120463    0.276215
IMAGINARY
          0  0.00791464 -0.00175973  -0.0148503
-0.00791464           0 -0.00947399  0.00924272
 0.00175973  0.00947399           0   0.0104527
  0.0148503 -0.00924272  -0.0104527           0
EndNode2[0]<--->HoM1[0]
REAL
  0.31599 0.0106975 0.0205086  0.153207
0.0106975  0.187817 0.0581755 0.0011716
0.0205086 0.0581755  0.206853 0.0177578
 0.153207 0.0011716 0.0177578   0.28934
IMAGINARY
          0  -0.0105659   0.0117875 -0.00865887
  0.0105659           0   0.0124854   0.0124361
 -0.0117875  -0.0124854           0  -0.0161421
 0.00865887  -0.0124361   0.0161421           0
Repeater1[0]<--->EndNode1[0]
REAL
   0.304348    0.013893 0.000533491    0.141529
   0.013893    0.191816   0.0537735 -0.00120463
0.000533491   0.0537735    0.227621   -0.018591
   0.141529 -0.00120463   -0.018591    0.276215
IMAGINARY
          0 -0.00175973  0.00791464  -0.0148503
 0.00175973           0  0.00947399   0.0104527
-0.00791464 -0.00947399           0  0.00924272
  0.0148503  -0.0104527 -0.00924272           0
Repeater1[0]<--->HoM1[0]
REAL
  0.31599 0.0205086 0.0106975  0.153207
0.0205086  0.206853 0.0581755 0.0177578
0.0106975 0.0581755  0.187817 0.0011716
 0.153207 0.0177578 0.0011716   0.28934
IMAGINARY
          0   0.0117875  -0.0105659 -0.00865887
 -0.0117875           0  -0.0124854  -0.0161421
  0.0105659   0.0124854           0   0.0124361
 0.00865887   0.0161421  -0.0124361           0
EndNode1[0]<--->Repeater1[0]
REAL
    0.29125  -0.0212403 -0.00456316    0.134869
 -0.0212403      0.1925   0.0472916   0.0020506
-0.00456316   0.0472916        0.22  0.00239607
   0.134869   0.0020506  0.00239607     0.29625
IMAGINARY
          0   -0.013854   0.0371136  -0.0210015
   0.013854           0   0.0150095  0.00574355
 -0.0371136  -0.0150095           0  0.00577949
  0.0210015 -0.00574355 -0.00577949           0
EndNode2[0]<--->HoM1[0]
REAL
    0.283715   0.00356201 -0.000971848     0.120037
  0.00356201     0.201018    0.0689086    -0.013167
-0.000971848    0.0689086     0.223919  0.000294034
    0.120037    -0.013167  0.000294034     0.291349
IMAGINARY
           0  0.000729983   -0.0119157  -0.00906527
-0.000729983            0   0.00154647  -0.00734057
   0.0119157  -0.00154647            0   0.00524611
  0.00906527   0.00734057  -0.00524611            0
Repeater1[0]<--->EndNode1[0]
REAL
    0.29125 -0.00456316  -0.0212403    0.134869
-0.00456316        0.22   0.0472916  0.00239607
 -0.0212403   0.0472916      0.1925   0.0020506
   0.134869  0.00239607   0.0020506     0.29625
IMAGINARY
          0   0.0371136   -0.013854  -0.0210015
 -0.0371136           0  -0.0150095  0.00577949
   0.013854   0.0150095           0  0.00574355
  0.0210015 -0.00577949 -0.00574355           0
Repeater1[0]<--->HoM1[0]
REAL
    0.283715 -0.000971848   0.00356201     0.120037
-0.000971848     0.223919    0.0689086  0.000294034
  0.00356201    0.0689086     0.201018    -0.013167
    0.120037  0.000294034    -0.013167     0.291349
IMAGINARY
           0   -0.0119157  0.000729983  -0.00906527
   0.0119157            0  -0.00154647   0.00524611
-0.000729983   0.00154647            0  -0.00734057
  0.00906527  -0.00524611   0.00734057            0
EndNode1[0]<--->Repeater1[0]
REAL
   0.246575 -0.00303822  -0.0219953    0.133603
-0.00303822    0.259029   0.0459186   -0.013909
 -0.0219953   0.0459186    0.210461 0.000378641
   0.133603   -0.013909 0.000378641    0.283935
IMAGINARY
           0   -0.0255079   0.00946366   -0.0165574
   0.0255079            0   0.00844257    0.0233342
 -0.00946366  -0.00844257            0  0.000742135
   0.0165574   -0.0233342 -0.000742135            0
EndNode2[0]<--->HoM1[0]
REAL
   0.287154 -0.00337249  0.00326102    0.143492
-0.00337249    0.210327    0.066046   -0.036498
 0.00326102    0.066046    0.193955 -0.00529803
   0.143492   -0.036498 -0.00529803    0.308564
IMAGINARY
          0 -0.00751604   0.0162306   0.0297925
 0.00751604           0   0.0140031  0.00686727
 -0.0162306  -0.0140031           0 -0.00878831
 -0.0297925 -0.00686727  0.00878831           0
Repeater1[0]<--->EndNode1[0]
REAL
   0.246575  -0.0219953 -0.00303822    0.133603
 -0.0219953    0.210461   0.0459186 0.000378641
-0.00303822   0.0459186    0.259029   -0.013909
   0.133603 0.000378641   -0.013909    0.283935
IMAGINARY
           0   0.00946366   -0.0255079   -0.0165574
 -0.00946366            0  -0.00844257  0.000742135
   0.0255079   0.00844257            0    0.0233342
   0.0165574 -0.000742135   -0.0233342            0
Repeater1[0]<--->HoM1[0]
REAL
   0.287154  0.00326102 -0.00337249    0.143492
 0.00326102    0.193955    0.066046 -0.00529803
-0.00337249    0.066046    0.210327   -0.036498
   0.143492 -0.00529803   -0.036498    0.308564
IMAGINARY
          0   0.0162306 -0.00751604   0.0297925
 -0.0162306           0  -0.0140031 -0.00878831
 0.00751604   0.0140031           0  0.00686727
 -0.0297925  0.00878831 -0.00686727           0
EndNode1[0]<--->Repeater1[0]
REAL
   0.302267   0.0298929  -0.0122901    0.149318
  0.0298929    0.191436   0.0644125  0.00840412
 -0.0122901   0.0644125    0.200252 -0.00139547
   0.149318  0.00840412 -0.00139547    0.306045
IMAGINARY
          0   0.0109766   0.0168202  -0.0044988
 -0.0109766           0   0.0164669  0.00519234
 -0.0168202  -0.0164669           0  -0.0178948
  0.0044988 -0.00519234   0.0178948           0
EndNode2[0]<--->HoM1[0]
REAL
  0.314143  0.0176404   0.014967   0.141565
 0.0176404   0.196496  0.0803671  0.0124481
  0.014967  0.0803671   0.204005 0.00324737
  0.141565  0.0124481 0.00324737   0.285357
IMAGINARY
          0   0.0172591  -0.0291767  0.00526956
 -0.0172591           0  -0.0223299  -0.0137921
  0.0291767   0.0223299           0   0.0165951
-0.00526956   0.0137921  -0.0165951           0
Repeater1[0]<--->EndNode1[0]
REAL
   0.302267  -0.0122901   0.0298929    0.149318
 -0.0122901    0.200252   0.0644125 -0.00139547
  0.0298929   0.0644125    0.191436  0.00840412
   0.149318 -0.00139547  0.00840412    0.306045
IMAGINARY
          0   0.0168202   0.0109766  -0.0044988
 -0.0168202           0  -0.0164669  -0.0178948
 -0.0109766   0.0164669           0  0.00519234
  0.0044988   0.0178948 -0.00519234           0
Repeater1[0]<--->HoM1[0]
REAL
  0.314143   0.014967  0.0176404   0.141565
  0.014967   0.204005  0.0803671 0.00324737
 0.0176404  0.0803671   0.196496  0.0124481
  0.141565 0.00324737  0.0124481   0.285357
IMAGINARY
          0  -0.0291767   0.0172591  0.00526956
  0.0291767           0   0.0223299   0.0165951
 -0.0172591  -0.0223299           0  -0.0137921
-0.00526956  -0.0165951   0.0137921           0
EndNode1[0]<--->Repeater1[0]
REAL
    0.337766    0.0241763 -0.000312004     0.112377
   0.0241763      0.19016    0.0759184   0.00921786
-0.000312004    0.0759184     0.203457    0.0216253
    0.112377   0.00921786    0.0216253     0.268617
IMAGINARY
           0    0.0184837   0.00172148  0.000130762
  -0.0184837            0   -0.0156587   0.00609102
 -0.00172148    0.0156587            0    0.0283913
-0.000130762  -0.00609102   -0.0283913            0
EndNode2[0]<--->HoM1[0]
REAL
   0.308609 -0.00335955 -0.00846186    0.156238
-0.00335955     0.21457   0.0451964  0.00129107
-0.00846186   0.0451964    0.218543   0.0131379
   0.156238  0.00129107   0.0131379    0.258278
IMAGINARY
          0   0.0303009 -0.00163856 -0.00234502
 -0.0303009           0 -0.00355275   0.0185771
 0.00163856  0.00355275           0  -0.0196359
 0.00234502  -0.0185771   0.0196359           0
Repeater1[0]<--->EndNode1[0]
REAL
    0.337766 -0.000312004    0.0241763     0.112377
-0.000312004     0.203457    0.0759184    0.0216253
   0.0241763    0.0759184      0.19016   0.00921786
    0.112377    0.0216253   0.00921786     0.268617
IMAGINARY
           0   0.00172148    0.0184837  0.000130762
 -0.00172148            0    0.0156587    0.0283913
  -0.0184837   -0.0156587            0   0.00609102
-0.000130762   -0.0283913  -0.00609102            0
Repeater1[0]<--->HoM1[0]
REAL
   0.308609 -0.00846186 -0.00335955    0.156238
-0.00846186    0.218543   0.0451964   0.0131379
-0.00335955   0.0451964     0.21457  0.00129107
   0.156238   0.0131379  0.00129107    0.258278
IMAGINARY
          0 -0.00163856   0.0303009 -0.00234502
 0.00163856           0  0.00355275  -0.0196359
 -0.0303009 -0.00355275           0   0.0185771
 0.00234502   0.0196359  -0.0185771           0
EndNode1[0]<--->Repeater1[0]
REAL
    0.312891 -0.000117911  5.31632e-05     0.157886
-0.000117911     0.206508     0.034033  -0.00257842
 5.31632e-05     0.034033     0.222778   -0.0150336
    0.157886  -0.00257842   -0.0150336     0.257822
IMAGINARY
           0 -0.000622499    0.0141676  0.000961855
 0.000622499            0    0.0149212  -0.00695919
  -0.0141676   -0.0149212            0    -0.013139
-0.000961855   0.00695919     0.013139            0
EndNode2[0]<--->HoM1[0]
REAL
    0.321945    0.0359687 -0.000659631     0.149395
   0.0359687     0.211564    0.0656448 -0.000659631
-0.000659631    0.0656448     0.191853   -0.0320109
    0.149395 -0.000659631   -0.0320109     0.274639
IMAGINARY
          0 -0.00340226 -0.00747818  0.00308531
 0.00340226           0  -0.0018098  0.00997818
 0.00747818   0.0018098           0  0.00465226
-0.00308531 -0.00997818 -0.00465226           0
Repeater1[0]<--->EndNode1[0]
REAL
    0.312891  5.31632e-05 -0.000117911     0.157886
 5.31632e-05     0.222778     0.034033   -0.0150336
-0.000117911     0.034033     0.206508  -0.00257842
    0.157886   -0.0150336  -0.00257842     0.257822
IMAGINARY
           0    0.0141676 -0.000622499  0.000961855
  -0.0141676            0   -0.0149212    -0.013139
 0.000622499    0.0149212            0  -0.00695919
-0.000961855     0.013139   0.00695919            0
Repeater1[0]<--->HoM1[0]
REAL
    0.321945 -0.000659631    0.0359687     0.149395
-0.000659631     0.191853    0.0656448   -0.0320109
   0.0359687    0.0656448     0.211564 -0.000659631
    0.149395   -0.0320109 -0.000659631     0.274639
IMAGINARY
          0 -0.00747818 -0.00340226  0.00308531
 0.00747818           0   0.0018098  0.00465226
 0.00340226  -0.0018098           0  0.00997818
-0.00308531 -0.00465226 -0.00997818           0
EndNode1[0]<--->Repeater1[0]
REAL
     0.27154    0.0158687   -0.0048458     0.149297
   0.0158687     0.193211    0.0698466   0.00106747
  -0.0048458    0.0698466     0.215405 -0.000755345
    0.149297   0.00106747 -0.000755345     0.319843
IMAGINARY
           0    0.0112797  -0.00765426    0.0108226
  -0.0112797            0  0.000405934    0.0046674
  0.00765426 -0.000405934            0   0.00604409
  -0.0108226   -0.0046674  -0.00604409            0
EndNode2[0]<--->HoM1[0]
REAL
   0.307323 -0.00675003  -0.0127144    0.125519
-0.00675003     0.20048   0.0698126   0.0151714
 -0.0127144   0.0698126     0.20048   -0.012906
   0.125519   0.0151714   -0.012906    0.291717
IMAGINARY
          0   0.0140963  -0.0096462   0.0334737
 -0.0140963           0  0.00675616  0.00149403
  0.0096462 -0.00675616           0 -0.00186799
 -0.0334737 -0.00149403  0.00186799           0
Repeater1[0]<--->EndNode1[0]
REAL
     0.27154   -0.0048458    0.0158687     0.149297
  -0.0048458     0.215405    0.0698466 -0.000755345
   0.0158687    0.0698466     0.193211   0.00106747
    0.149297 -0.000755345   0.00106747     0.319843
IMAGINARY
           0  -0.00765426    0.0112797    0.0108226
  0.00765426            0 -0.000405934   0.00604409
  -0.0112797  0.000405934            0    0.0046674
  -0.0108226  -0.00604409   -0.0046674            0
Repeater1[0]<--->HoM1[0]
REAL
   0.307323  -0.0127144 -0.00675003    0.125519
 -0.0127144     0.20048   0.0698126   -0.012906
-0.00675003   0.0698126     0.20048   0.0151714
   0.125519   -0.012906   0.0151714    0.291717
IMAGINARY
          0  -0.0096462   0.0140963   0.0334737
  0.0096462           0 -0.00675616 -0.00186799
 -0.0140963  0.00675616           0  0.00149403
 -0.0334737  0.00186799 -0.00149403           0
EndNode1[0]<--->Repeater1[0]
REAL
  0.310484   0.017251  0.0397335   0.132944
  0.017251    0.19086  0.0487603 -0.0171771
 0.0397335  0.0487603   0.219086  0.0153304
  0.132944 -0.0171771  0.0153304    0.27957
IMAGINARY
          0  0.00411284  -0.0127551  0.00963681
-0.00411284           0  -0.0165377  -0.0127551
  0.0127551   0.0165377           0 -0.00156182
-0.00963681   0.0127551  0.00156182           0
EndNode2[0]<--->HoM1[0]
REAL
   0.266667   0.0192739 0.000314938    0.156393
  0.0192739    0.231447   0.0627224   0.0159399
0.000314938   0.0627224    0.203774  0.00738407
   0.156393   0.0159399  0.00738407    0.298113
IMAGINARY
          0  -0.0108219   0.0199536   0.0153513
  0.0108219           0 -0.00633069   -0.031346
 -0.0199536  0.00633069           0  0.00829028
 -0.0153513    0.031346 -0.00829028           0
Repeater1[0]<--->EndNode1[0]
REAL
  0.310484  0.0397335   0.017251   0.132944
 0.0397335   0.219086  0.0487603  0.0153304
  0.017251  0.0487603    0.19086 -0.0171771
  0.132944  0.0153304 -0.0171771    0.27957
IMAGINARY
          0  -0.0127551  0.00411284  0.00963681
  0.0127551           0   0.0165377 -0.00156182
-0.00411284  -0.0165377           0  -0.0127551
-0.00963681  0.00156182   0.0127551           0
Repeater1[0]<--->HoM1[0]
REAL
   0.266667 0.000314938   0.0192739    0.156393
0.000314938    0.203774   0.0627224  0.00738407
  0.0192739   0.0627224    0.231447   0.0159399
   0.156393  0.00738407   0.0159399    0.298113
IMAGINARY
          0   0.0199536  -0.0108219   0.0153513
 -0.0199536           0  0.00633069  0.00829028
  0.0108219 -0.00633069           0   -0.031346
 -0.0153513 -0.00829028    0.031346           0
EndNode1[0]<--->Repeater1[0]
REAL
  0.292588 0.00164533 -0.0114728   0.154776
0.00164533   0.227568  0.0631401 0.00956682
-0.0114728  0.0631401   0.214564 -0.0111752
  0.154776 0.00956682 -0.0111752    0.26528
IMAGINARY
          0 -0.00342181   0.0138639   0.0034153
 0.00342181           0   0.0034153 -0.00217883
 -0.0138639  -0.0034153           0   0.0114169
 -0.0034153  0.00217883  -0.0114169           0
EndNode2[0]<--->HoM1[0]
REAL
   0.297554  -0.0231683 -0.00939622    0.134468
 -0.0231683     0.19837   0.0317787  -0.0107549
-0.00939622   0.0317787    0.214674 -0.00076115
   0.134468  -0.0107549 -0.00076115    0.289402
IMAGINARY
           0   0.00284798    0.0143535  -0.00192195
 -0.00284798            0   0.00751201  -0.00335104
  -0.0143535  -0.00751201            0 -0.000402994
  0.00192195   0.00335104  0.000402994            0
Repeater1[0]<--->EndNode1[0]
REAL
  0.292588 -0.0114728 0.00164533   0.154776
-0.0114728   0.214564  0.0631401 -0.0111752
0.00164533  0.0631401   0.227568 0.00956682
  0.154776 -0.0111752 0.00956682    0.26528
IMAGINARY
          0   0.0138639 -0.00342181   0.0034153
 -0.0138639           0  -0.0034153   0.0114169
 0.00342181   0.0034153           0 -0.00217883
 -0.0034153  -0.0114169  0.00217883           0
Repeater1[0]<--->HoM1[0]
REAL
   0.297554 -0.00939622  -0.0231683    0.134468
-0.00939622    0.214674   0.0317787 -0.00076115
 -0.0231683   0.0317787     0.19837  -0.0107549
   0.134468 -0.00076115  -0.0107549    0.289402
IMAGINARY
           0    0.0143535   0.00284798  -0.00192195
  -0.0143535            0  -0.00751201 -0.000402994
 -0.00284798   0.00751201            0  -0.00335104
  0.00192195  0.000402994   0.00335104            0
EndNode1[0]<--->Repeater1[0]
REAL
      0.285   0.0252347  0.00323173    0.144081
  0.0252347      0.2025    0.067897   0.0176296
 0.00323173    0.067897     0.20375 -0.00706508
   0.144081   0.0176296 -0.00706508     0.30875
IMAGINARY
          0  0.00251304   0.0194193   0.0103288
-0.00251304           0   -0.019464   0.0132312
 -0.0194193    0.019464           0  -0.0185182
 -0.0103288  -0.0132312   0.0185182           0
EndNode2[0]<--->HoM1[0]
REAL
   0.31026  0.0152347 0.00750602    0.15877
 0.0152347   0.222497   0.048579   0.004305
0.00750602   0.048579   0.173053 0.00313796
   0.15877   0.004305 0.00313796    0.29419
IMAGINARY
           0    0.0146497   -0.0141096  0.000525899
  -0.0146497            0  -0.00315057   0.00837714
   0.0141096   0.00315057            0   0.00127389
-0.000525899  -0.00837714  -0.00127389            0
Repeater1[0]<--->EndNode1[0]
REAL
      0.285  0.00323173   0.0252347    0.144081
 0.00323173     0.20375    0.067897 -0.00706508
  0.0252347    0.067897      0.2025   0.0176296
   0.144081 -0.00706508   0.0176296     0.30875
IMAGINARY
          0   0.0194193  0.00251304   0.0103288
 -0.0194193           0    0.019464  -0.0185182
-0.00251304   -0.019464           0   0.0132312
 -0.0103288   0.0185182  -0.0132312           0
Repeater1[0]<--->HoM1[0]
REAL
   0.31026 0.00750602  0.0152347    0.15877
0.00750602   0.173053   0.048579 0.00313796
 0.0152347   0.048579   0.222497   0.004305
   0.15877 0.00313796   0.004305    0.29419
IMAGINARY
           0   -0.0141096    0.0146497  0.000525899
   0.0141096            0   0.00315057   0.00127389
  -0.0146497  -0.00315057            0   0.00837714
-0.000525899  -0.00127389  -0.00837714            0
EndNode1[0]<--->Repeater1[0]
REAL
   0.275726  -0.0130923   0.0114274    0.137244
 -0.0130923    0.224274   0.0458732  0.00675446
  0.0114274   0.0458732    0.192612 -0.00768691
   0.137244  0.00675446 -0.00768691    0.307388
IMAGINARY
          0  0.00662053 -0.00820078   0.0145811
-0.00662053           0  0.00939973  0.00439368
 0.00820078 -0.00939973           0 -0.00281343
 -0.0145811 -0.00439368  0.00281343           0
EndNode2[0]<--->HoM1[0]
REAL
  0.291188 0.00341615 0.00575325   0.121498
0.00341615   0.190294  0.0840918  0.0097747
0.00575325  0.0840918   0.210728 0.00341615
  0.121498  0.0097747 0.00341615   0.307791
IMAGINARY
          0 -0.00698757  0.00278075  -0.0114339
 0.00698757           0   0.0114339  -0.0289653
-0.00278075  -0.0114339           0   0.0144689
  0.0114339   0.0289653  -0.0144689           0
Repeater1[0]<--->EndNode1[0]
REAL
   0.275726   0.0114274  -0.0130923    0.137244
  0.0114274    0.192612   0.0458732 -0.00768691
 -0.0130923   0.0458732    0.224274  0.00675446
   0.137244 -0.00768691  0.00675446    0.307388
IMAGINARY
          0 -0.00820078  0.00662053   0.0145811
 0.00820078           0 -0.00939973 -0.00281343
-0.00662053  0.00939973           0  0.00439368
 -0.0145811  0.00281343 -0.00439368           0
Repeater1[0]<--->HoM1[0]
REAL
  0.291188 0.00575325 0.00341615   0.121498
0.00575325   0.210728  0.0840918 0.00341615
0.00341615  0.0840918   0.190294  0.0097747
  0.121498 0.00341615  0.0097747   0.307791
IMAGINARY
          0  0.00278075 -0.00698757  -0.0114339
-0.00278075           0  -0.0114339   0.0144689
 0.00698757   0.0114339           0  -0.0289653
  0.0114339  -0.0144689   0.0289653           0
EndNode1[0]<--->Repeater1[0]
REAL
   0.322412  -0.0130305 -0.00203349    0.159892
 -0.0130305    0.195282   0.0578114  0.00322967
-0.00203349   0.0578114    0.211009   0.0166191
   0.159892  0.00322967   0.0166191    0.271298
IMAGINARY
          0  0.00670606   0.0123287  -0.0164842
-0.00670606           0    0.004624  0.00912771
 -0.0123287   -0.004624           0  -0.0021547
  0.0164842 -0.00912771   0.0021547           0
EndNode2[0]<--->HoM1[0]
REAL
  0.299371 0.00252054 -0.0278671   0.139765
0.00252054   0.194969  0.0674539 -0.0149137
-0.0278671  0.0674539   0.246541 -0.0145526
  0.139765 -0.0149137 -0.0145526   0.259119
IMAGINARY
           0   0.00489993   -0.0273859     0.020982
 -0.00489993            0  0.000363425  -0.00660668
   0.0273859 -0.000363425            0  -0.00799016
   -0.020982   0.00660668   0.00799016            0
Repeater1[0]<--->EndNode1[0]
REAL
   0.322412 -0.00203349  -0.0130305    0.159892
-0.00203349    0.211009   0.0578114   0.0166191
 -0.0130305   0.0578114    0.195282  0.00322967
   0.159892   0.0166191  0.00322967    0.271298
IMAGINARY
          0   0.0123287  0.00670606  -0.0164842
 -0.0123287           0   -0.004624  -0.0021547
-0.00670606    0.004624           0  0.00912771
  0.0164842   0.0021547 -0.00912771           0
Repeater1[0]<--->HoM1[0]
REAL
  0.299371 -0.0278671 0.00252054   0.139765
-0.0278671   0.246541  0.0674539 -0.0145526
0.00252054  0.0674539   0.194969 -0.0149137
  0.139765 -0.0145526 -0.0149137   0.259119
IMAGINARY
           0   -0.0273859   0.00489993     0.020982
   0.0273859            0 -0.000363425  -0.00799016
 -0.00489993  0.000363425            0  -0.00660668
   -0.020982   0.00799016   0.00660668            0
EndNode1[0]<--->Repeater1[0]
REAL
    0.308387   0.00728889  -0.00554958     0.149437
  0.00728889     0.225806    0.0652263 -0.000394939
 -0.00554958    0.0652263          0.2    0.0131867
    0.149437 -0.000394939    0.0131867     0.265806
IMAGINARY
          0  0.00723684  -0.0105457  0.00184993
-0.00723684           0  0.00505095   0.0118615
  0.0105457 -0.00505095           0  0.00723684
-0.00184993  -0.0118615 -0.00723684           0
EndNode2[0]<--->HoM1[0]
REAL
   0.291866 -0.00430072    -0.01375    0.158207
-0.00430072    0.203349   0.0611137     0.01375
   -0.01375   0.0611137    0.206938   0.0134391
   0.158207     0.01375   0.0134391    0.297847
IMAGINARY
           0   0.00552843   0.00498793 -0.000873384
 -0.00552843            0    0.0177881   -0.0122535
 -0.00498793   -0.0177881            0     -0.02072
 0.000873384    0.0122535      0.02072            0
Repeater1[0]<--->EndNode1[0]
REAL
    0.308387  -0.00554958   0.00728889     0.149437
 -0.00554958          0.2    0.0652263    0.0131867
  0.00728889    0.0652263     0.225806 -0.000394939
    0.149437    0.0131867 -0.000394939     0.265806
IMAGINARY
          0  -0.0105457  0.00723684  0.00184993
  0.0105457           0 -0.00505095  0.00723684
-0.00723684  0.00505095           0   0.0118615
-0.00184993 -0.00723684  -0.0118615           0
Repeater1[0]<--->HoM1[0]
REAL
   0.291866    -0.01375 -0.00430072    0.158207
   -0.01375    0.206938   0.0611137   0.0134391
-0.00430072   0.0611137    0.203349     0.01375
   0.158207   0.0134391     0.01375    0.297847
IMAGINARY
           0   0.00498793   0.00552843 -0.000873384
 -0.00498793            0   -0.0177881     -0.02072
 -0.00552843    0.0177881            0   -0.0122535
 0.000873384      0.02072    0.0122535            0
EndNode1[0]<--->Repeater1[0]
REAL
  0.285526 -0.0180485 -0.0187868   0.155355
-0.0180485   0.198684  0.0638054 -0.0205832
-0.0187868  0.0638054   0.221053 -0.0160722
  0.155355 -0.0205832 -0.0160722   0.294737
IMAGINARY
          0  -0.0131864 -0.00113814 -0.00328218
  0.0131864           0  -0.0163257  -0.0263907
 0.00113814   0.0163257           0  -0.0220248
 0.00328218   0.0263907   0.0220248           0
EndNode2[0]<--->HoM1[0]
REAL
   0.281818 -0.00398334 -0.00501167    0.152694
-0.00398334    0.215584   0.0529513   0.0130762
-0.00501167   0.0529513    0.212987   0.0107038
   0.152694   0.0130762   0.0107038     0.28961
IMAGINARY
          0  -0.0169021   0.0147018   0.0105124
  0.0169021           0  0.00800613  -0.0101973
 -0.0147018 -0.00800613           0   0.0136846
 -0.0105124   0.0101973  -0.0136846           0
Repeater1[0]<--->EndNode1[0]
REAL
  0.285526 -0.0187868 -0.0180485   0.155355
-0.0187868   0.221053  0.0638054 -0.0160722
-0.0180485  0.0638054   0.198684 -0.0205832
  0.155355 -0.0160722 -0.0205832   0.294737
IMAGINARY
          0 -0.00113814  -0.0131864 -0.00328218
 0.00113814           0   0.0163257  -0.0220248
  0.0131864  -0.0163257           0  -0.0263907
 0.00328218   0.0220248   0.0263907           0
Repeater1[0]<--->HoM1[0]
REAL
   0.281818 -0.00501167 -0.00398334    0.152694
-0.00501167    0.212987   0.0529513   0.0107038
-0.00398334   0.0529513    0.215584   0.0130762
   0.152694   0.0107038   0.0130762     0.28961
IMAGINARY
          0   0.0147018  -0.0169021   0.0105124
 -0.0147018           0 -0.00800613   0.0136846
  0.0169021  0.00800613           0  -0.0101973
 -0.0105124  -0.0136846   0.0101973           0
EndNode1[0]<--->Repeater1[0]
REAL
   0.301423 -0.00564434 -0.00682899    0.156344
-0.00564434    0.190168   0.0512153 -0.00618216
-0.00682899   0.0512153    0.219922 -0.00241019
   0.156344 -0.00618216 -0.00241019    0.288486
IMAGINARY
           0  -0.00943223    0.0162543    0.0110668
  0.00943223            0  0.000127259   -0.0124081
  -0.0162543 -0.000127259            0    0.0235348
  -0.0110668    0.0124081   -0.0235348            0
EndNode2[0]<--->HoM1[0]
REAL
   0.282581  -0.0133663  0.00985545    0.141443
 -0.0133663    0.202581   0.0563231 -0.00262812
 0.00985545   0.0563231    0.203871   0.0100811
   0.141443 -0.00262812   0.0100811    0.310968
IMAGINARY
          0  0.00773222 -0.00600787   0.0162354
-0.00773222           0   0.0113335  0.00789942
 0.00600787  -0.0113335           0  -0.0108848
 -0.0162354 -0.00789942   0.0108848           0
Repeater1[0]<--->EndNode1[0]
REAL
   0.301423 -0.00682899 -0.00564434    0.156344
-0.00682899    0.219922   0.0512153 -0.00241019
-0.00564434   0.0512153    0.190168 -0.00618216
   0.156344 -0.00241019 -0.00618216    0.288486
IMAGINARY
           0    0.0162543  -0.00943223    0.0110668
  -0.0162543            0 -0.000127259    0.0235348
  0.00943223  0.000127259            0   -0.0124081
  -0.0110668   -0.0235348    0.0124081            0
Repeater1[0]<--->HoM1[0]
REAL
   0.282581  0.00985545  -0.0133663    0.141443
 0.00985545    0.203871   0.0563231   0.0100811
 -0.0133663   0.0563231    0.202581 -0.00262812
   0.141443   0.0100811 -0.00262812    0.310968
IMAGINARY
          0 -0.00600787  0.00773222   0.0162354
 0.00600787           0  -0.0113335  -0.0108848
-0.00773222   0.0113335           0  0.00789942
 -0.0162354   0.0108848 -0.00789942           0
EndNode1[0]<--->Repeater1[0]
REAL
   0.287469  0.00171315  0.00324469    0.145455
 0.00171315     0.22113   0.0482509 -0.00114678
 0.00324469   0.0482509    0.189189   0.0157694
   0.145455 -0.00114678   0.0157694    0.302211
IMAGINARY
          0  0.00149227  -0.0333599  0.00649592
-0.00149227           0   0.0102743 -0.00793617
  0.0333599  -0.0102743           0   0.0131202
-0.00649592  0.00793617  -0.0131202           0
EndNode2[0]<--->HoM1[0]
REAL
   0.340025 -0.00320242  -0.0221124    0.118526
-0.00320242    0.200753   0.0595908 -0.00206064
 -0.0221124   0.0595908    0.185696 -0.00188663
   0.118526 -0.00206064 -0.00188663    0.273526
IMAGINARY
          0 -0.00227129   0.0143463 -0.00773434
 0.00227129           0   0.0202657 -0.00103832
 -0.0143463  -0.0202657           0  -0.0211761
 0.00773434  0.00103832   0.0211761           0
Repeater1[0]<--->EndNode1[0]
REAL
   0.287469  0.00324469  0.00171315    0.145455
 0.00324469    0.189189   0.0482509   0.0157694
 0.00171315   0.0482509     0.22113 -0.00114678
   0.145455   0.0157694 -0.00114678    0.302211
IMAGINARY
          0  -0.0333599  0.00149227  0.00649592
  0.0333599           0  -0.0102743   0.0131202
-0.00149227   0.0102743           0 -0.00793617
-0.00649592  -0.0131202  0.00793617           0
Repeater1[0]<--->HoM1[0]
REAL
   0.340025  -0.0221124 -0.00320242    0.118526
 -0.0221124    0.185696   0.0595908 -0.00188663
-0.00320242   0.0595908    0.200753 -0.00206064
   0.118526 -0.00188663 -0.00206064    0.273526
IMAGINARY
          0   0.0143463 -0.00227129 -0.00773434
 -0.0143463           0  -0.0202657  -0.0211761
 0.00227129   0.0202657           0 -0.00103832
 0.00773434   0.0211761  0.00103832           0
EndNode1[0]<--->Repeater1[0]
REAL
   0.303523 -0.00613985  0.00464501    0.152827
-0.00613985    0.203252   0.0642273   -0.005937
 0.00464501   0.0642273    0.200542 -0.00678005
   0.152827   -0.005937 -0.00678005    0.292683
IMAGINARY
          0  0.00277954  -0.0135528 -0.00152247
-0.00277954           0 -0.00218123  -0.0180457
  0.0135528  0.00218123           0  0.00403582
 0.00152247   0.0180457 -0.00403582           0
EndNode2[0]<--->HoM1[0]
REAL
   0.293421   0.0243028   0.0272836    0.126737
  0.0243028    0.206579   0.0598498  0.00658095
  0.0272836   0.0598498    0.226316 -0.00903054
   0.126737  0.00658095 -0.00903054    0.273684
IMAGINARY
           0    0.0243441   -0.0113689    0.0156951
  -0.0243441            0  -0.00576133  0.000110657
   0.0113689   0.00576133            0    0.0147287
  -0.0156951 -0.000110657   -0.0147287            0
Repeater1[0]<--->EndNode1[0]
REAL
   0.303523  0.00464501 -0.00613985    0.152827
 0.00464501    0.200542   0.0642273 -0.00678005
-0.00613985   0.0642273    0.203252   -0.005937
   0.152827 -0.00678005   -0.005937    0.292683
IMAGINARY
          0  -0.0135528  0.00277954 -0.00152247
  0.0135528           0  0.00218123  0.00403582
-0.00277954 -0.00218123           0  -0.0180457
 0.00152247 -0.00403582   0.0180457           0
Repeater1[0]<--->HoM1[0]
REAL
   0.293421   0.0272836   0.0243028    0.126737
  0.0272836    0.226316   0.0598498 -0.00903054
  0.0243028   0.0598498    0.206579  0.00658095
   0.126737 -0.00903054  0.00658095    0.273684
IMAGINARY
           0   -0.0113689    0.0243441    0.0156951
   0.0113689            0   0.00576133    0.0147287
  -0.0243441  -0.00576133            0  0.000110657
  -0.0156951   -0.0147287 -0.000110657            0
EndNode1[0]<--->Repeater1[0]
REAL
   0.302419  -0.0113755 -0.00320105    0.136981
 -0.0113755    0.232527   0.0536478 -8.1973e-06
-0.00320105   0.0536478    0.201613  0.00174782
   0.136981 -8.1973e-06  0.00174782    0.263441
IMAGINARY
           0    0.0116541   0.00464421     0.014226
  -0.0116541            0     0.012976   0.00270873
 -0.00464421    -0.012976            0  0.000600793
   -0.014226  -0.00270873 -0.000600793            0
EndNode2[0]<--->HoM1[0]
REAL
 0.293436 0.0119945 0.0155076  0.133655
0.0119945  0.204633 0.0654132 0.0131209
0.0155076 0.0654132  0.187902 0.0139708
 0.133655 0.0131209 0.0139708  0.314028
IMAGINARY
           0   0.00215174 -0.000377256  -0.00231075
 -0.00215174            0   -0.0106763   -0.0114338
 0.000377256    0.0106763            0   -0.0257738
  0.00231075    0.0114338    0.0257738            0
Repeater1[0]<--->EndNode1[0]
REAL
   0.302419 -0.00320105  -0.0113755    0.136981
-0.00320105    0.201613   0.0536478  0.00174782
 -0.0113755   0.0536478    0.232527 -8.1973e-06
   0.136981  0.00174782 -8.1973e-06    0.263441
IMAGINARY
           0   0.00464421    0.0116541     0.014226
 -0.00464421            0    -0.012976  0.000600793
  -0.0116541     0.012976            0   0.00270873
   -0.014226 -0.000600793  -0.00270873            0
Repeater1[0]<--->HoM1[0]
REAL
 0.293436 0.0155076 0.0119945  0.133655
0.0155076  0.187902 0.0654132 0.0139708
0.0119945 0.0654132  0.204633 0.0131209
 0.133655 0.0139708 0.0131209  0.314028
IMAGINARY
           0 -0.000377256   0.00215174  -0.00231075
 0.000377256            0    0.0106763   -0.0257738
 -0.00215174   -0.0106763            0   -0.0114338
  0.00231075    0.0257738    0.0114338            0
EndNode1[0]<--->Repeater1[0]
REAL
   0.293367  -0.0183862 -0.00279658    0.133456
 -0.0183862    0.193878   0.0657822  -0.0213151
-0.00279658   0.0657822    0.192602  -0.0196849
   0.133456  -0.0213151  -0.0196849    0.320153
IMAGINARY
          0  0.00852577 -0.00557352  -0.0256004
-0.00852577           0  0.00781389  -0.0226788
 0.00557352 -0.00781389           0  0.00789999
  0.0256004   0.0226788 -0.00789999           0
EndNode2[0]<--->HoM1[0]
REAL
   0.303621 -0.00924052 -0.00606357    0.133063
-0.00924052    0.194986   0.0732123 -0.00795512
