EndNode1[0]<--->Repeater1[0]
REAL
    0.390394 -0.000754625  0.000209383    0.0138714
-0.000754625     0.224138    0.0245902  -0.00570389
 0.000209383    0.0245902     0.236453   -0.0184761
   0.0138714  -0.00570389   -0.0184761     0.149015
IMAGINARY
          0  0.00682669 -0.00410075  0.00571225
-0.00682669           0   0.0101708 -0.00031287
 0.00410075  -0.0101708           0 -0.00115204
-0.00571225  0.00031287  0.00115204           0
EndNode2[0]<--->HoM1[0]
REAL
   0.346995  -0.0317934 -0.00495549   0.0276394
 -0.0317934    0.215847  0.00237341  -0.0110088
-0.00495549  0.00237341    0.260929  -0.0148222
  0.0276394  -0.0110088  -0.0148222     0.17623
IMAGINARY
           0  -0.00161067   -0.0153049 -0.000213395
  0.00161067            0     0.010043    0.0126454
   0.0153049    -0.010043            0  0.000280882
 0.000213395   -0.0126454 -0.000280882            0
Repeater1[0]<--->EndNode1[0]
REAL
    0.390394  0.000209383 -0.000754625    0.0138714
 0.000209383     0.236453    0.0245902   -0.0184761
-0.000754625    0.0245902     0.224138  -0.00570389
   0.0138714   -0.0184761  -0.00570389     0.149015
IMAGINARY
          0 -0.00410075  0.00682669  0.00571225
 0.00410075           0  -0.0101708 -0.00115204
-0.00682669   0.0101708           0 -0.00031287
-0.00571225  0.00115204  0.00031287           0
Repeater1[0]<--->HoM1[0]
REAL
   0.346995 -0.00495549  -0.0317934   0.0276394
-0.00495549    0.260929  0.00237341  -0.0148222
 -0.0317934  0.00237341    0.215847  -0.0110088
  0.0276394  -0.0148222  -0.0110088     0.17623
IMAGINARY
           0   -0.0153049  -0.00161067 -0.000213395
   0.0153049            0    -0.010043  0.000280882
  0.00161067     0.010043            0    0.0126454
 0.000213395 -0.000280882   -0.0126454            0
EndNode1[0]<--->Repeater1[0]
REAL
    0.377108    0.0195993 -0.000578924   0.00531362
   0.0195993     0.226506    0.0129631   -0.0190033
-0.000578924    0.0129631     0.239759   0.00651033
  0.00531362   -0.0190033   0.00651033     0.156627
IMAGINARY
          0  -0.0165601  -0.0022324  -0.0175227
  0.0165601           0  -0.0162273 -0.00541711
  0.0022324   0.0162273           0  -0.0133426
  0.0175227  0.00541711   0.0133426           0
EndNode2[0]<--->HoM1[0]
REAL
   0.323678  0.00649515 -0.00910364   0.0171069
 0.00649515    0.261965   -0.004971  0.00910364
-0.00910364   -0.004971    0.221662   0.0104951
  0.0171069  0.00910364   0.0104951    0.192695
IMAGINARY
          0 -0.00592387    0.020754  0.00506391
 0.00592387           0 -0.00199642  0.00132394
  -0.020754  0.00199642           0  -0.0161541
-0.00506391 -0.00132394   0.0161541           0
Repeater1[0]<--->EndNode1[0]
REAL
    0.377108 -0.000578924    0.0195993   0.00531362
-0.000578924     0.239759    0.0129631   0.00651033
   0.0195993    0.0129631     0.226506   -0.0190033
  0.00531362   0.00651033   -0.0190033     0.156627
IMAGINARY
          0  -0.0022324  -0.0165601  -0.0175227
  0.0022324           0   0.0162273  -0.0133426
  0.0165601  -0.0162273           0 -0.00541711
  0.0175227   0.0133426  0.00541711           0
Repeater1[0]<--->HoM1[0]
REAL
   0.323678 -0.00910364  0.00649515   0.0171069
-0.00910364    0.221662   -0.004971   0.0104951
 0.00649515   -0.004971    0.261965  0.00910364
  0.0171069   0.0104951  0.00910364    0.192695
IMAGINARY
          0    0.020754 -0.00592387  0.00506391
  -0.020754           0  0.00199642  -0.0161541
 0.00592387 -0.00199642           0  0.00132394
-0.00506391   0.0161541 -0.00132394           0
EndNode1[0]<--->Repeater1[0]
REAL
     0.36809   0.00566358   0.00811995  -0.00449258
  0.00566358     0.224874    0.0144793 -0.000796378
  0.00811995    0.0144793     0.247487    0.0043231
 -0.00449258 -0.000796378    0.0043231     0.159548
IMAGINARY
           0    0.0174366   0.00499469    0.0114138
  -0.0174366            0   -0.0261197  0.000513261
 -0.00499469    0.0261197            0   0.00887917
  -0.0114138 -0.000513261  -0.00887917            0
EndNode2[0]<--->HoM1[0]
REAL
   0.364103 -0.00700809   0.0198555   0.0343217
-0.00700809    0.215385   0.0236298   0.0192281
  0.0198555   0.0236298    0.246154   0.0137466
  0.0343217   0.0192281   0.0137466    0.174359
IMAGINARY
           0  4.29359e-05   -0.0308049    0.0118845
-4.29359e-05            0  -0.00218202   0.00879237
   0.0308049   0.00218202            0   -0.0170241
  -0.0118845  -0.00879237    0.0170241            0
Repeater1[0]<--->EndNode1[0]
REAL
     0.36809   0.00811995   0.00566358  -0.00449258
  0.00811995     0.247487    0.0144793    0.0043231
  0.00566358    0.0144793     0.224874 -0.000796378
 -0.00449258    0.0043231 -0.000796378     0.159548
IMAGINARY
           0   0.00499469    0.0174366    0.0114138
 -0.00499469            0    0.0261197   0.00887917
  -0.0174366   -0.0261197            0  0.000513261
  -0.0114138  -0.00887917 -0.000513261            0
Repeater1[0]<--->HoM1[0]
REAL
   0.364103   0.0198555 -0.00700809   0.0343217
  0.0198555    0.246154   0.0236298   0.0137466
-0.00700809   0.0236298    0.215385   0.0192281
  0.0343217   0.0137466   0.0192281    0.174359
IMAGINARY
           0   -0.0308049  4.29359e-05    0.0118845
   0.0308049            0   0.00218202   -0.0170241
-4.29359e-05  -0.00218202            0   0.00879237
  -0.0118845    0.0170241  -0.00879237            0
EndNode1[0]<--->Repeater1[0]
REAL
   0.383152  -0.0020447   -0.014919    0.035095
 -0.0020447    0.248641     0.01541  0.00355537
  -0.014919     0.01541    0.237772 -0.00679368
   0.035095  0.00355537 -0.00679368    0.130435
IMAGINARY
           0  0.000656168    -0.011699    0.0082828
-0.000656168            0   0.00571211  -0.00798608
    0.011699  -0.00571211            0    0.0242782
  -0.0082828   0.00798608   -0.0242782            0
EndNode2[0]<--->HoM1[0]
REAL
   0.306226 -0.00866912 -0.00740877   0.0461914
-0.00866912    0.263024   0.0228623  0.00229368
-0.00740877   0.0228623    0.221093   0.0099479
  0.0461914  0.00229368   0.0099479    0.209657
IMAGINARY
           0 -0.000118465  -0.00937009   0.00333027
 0.000118465            0   0.00395449   -0.0013487
  0.00937009  -0.00395449            0   -0.0118614
 -0.00333027    0.0013487    0.0118614            0
Repeater1[0]<--->EndNode1[0]
REAL
   0.383152   -0.014919  -0.0020447    0.035095
  -0.014919    0.237772     0.01541 -0.00679368
 -0.0020447     0.01541    0.248641  0.00355537
   0.035095 -0.00679368  0.00355537    0.130435
IMAGINARY
           0    -0.011699  0.000656168    0.0082828
    0.011699            0  -0.00571211    0.0242782
-0.000656168   0.00571211            0  -0.00798608
  -0.0082828   -0.0242782   0.00798608            0
Repeater1[0]<--->HoM1[0]
REAL
   0.306226 -0.00740877 -0.00866912   0.0461914
-0.00740877    0.221093   0.0228623   0.0099479
-0.00866912   0.0228623    0.263024  0.00229368
  0.0461914   0.0099479  0.00229368    0.209657
IMAGINARY
           0  -0.00937009 -0.000118465   0.00333027
  0.00937009            0  -0.00395449   -0.0118614
 0.000118465   0.00395449            0   -0.0013487
 -0.00333027    0.0118614    0.0013487            0
EndNode1[0]<--->Repeater1[0]
REAL
   0.364935  0.00355776 -0.00377573   0.0104064
 0.00355776    0.225974   0.0383252  0.00577841
-0.00377573   0.0383252    0.271429    0.011796
  0.0104064  0.00577841    0.011796    0.137662
IMAGINARY
           0  -0.00364596   -0.0183602 -0.000211021
  0.00364596            0  -0.00662128    -0.024787
   0.0183602   0.00662128            0   -0.0115825
 0.000211021     0.024787    0.0115825            0
EndNode2[0]<--->HoM1[0]
REAL
   0.321574   0.0111217 -0.00652725 0.000640897
  0.0111217    0.230665    0.024268  0.00834985
-0.00652725    0.024268    0.238806   0.0235077
0.000640897  0.00834985   0.0235077    0.208955
IMAGINARY
          0  0.00394665   -0.010982   0.0103311
-0.00394665           0  -0.0168756  -0.0164765
   0.010982   0.0168756           0  -0.0173566
 -0.0103311   0.0164765   0.0173566           0
Repeater1[0]<--->EndNode1[0]
REAL
   0.364935 -0.00377573  0.00355776   0.0104064
-0.00377573    0.271429   0.0383252    0.011796
 0.00355776   0.0383252    0.225974  0.00577841
  0.0104064    0.011796  0.00577841    0.137662
IMAGINARY
           0   -0.0183602  -0.00364596 -0.000211021
   0.0183602            0   0.00662128   -0.0115825
  0.00364596  -0.00662128            0    -0.024787
 0.000211021    0.0115825     0.024787            0
Repeater1[0]<--->HoM1[0]
REAL
   0.321574 -0.00652725   0.0111217 0.000640897
-0.00652725    0.238806    0.024268   0.0235077
  0.0111217    0.024268    0.230665  0.00834985
0.000640897   0.0235077  0.00834985    0.208955
IMAGINARY
          0   -0.010982  0.00394665   0.0103311
   0.010982           0   0.0168756  -0.0173566
-0.00394665  -0.0168756           0  -0.0164765
 -0.0103311   0.0173566   0.0164765           0
EndNode1[0]<--->Repeater1[0]
REAL
   0.365918  0.00501943  -0.0119075   0.0201301
 0.00501943    0.221929   0.0250929  0.00107949
 -0.0119075   0.0250929    0.232497 -0.00693026
  0.0201301  0.00107949 -0.00693026    0.179657
IMAGINARY
           0  -0.00509102   0.00726134     0.016935
  0.00509102            0   0.00201928  0.000182831
 -0.00726134  -0.00201928            0   0.00136893
   -0.016935 -0.000182831  -0.00136893            0
EndNode2[0]<--->HoM1[0]
REAL
   0.327811   0.0112189   0.0167621   0.0439648
  0.0112189    0.213018   0.0218409  0.00107311
  0.0167621   0.0218409    0.256805 0.000466214
  0.0439648  0.00107311 0.000466214    0.202367
IMAGINARY
           0  -0.00108805  0.000334009   -0.0194553
  0.00108805            0  -0.00324254    0.0142046
-0.000334009   0.00324254            0   -0.0185074
   0.0194553   -0.0142046    0.0185074            0
Repeater1[0]<--->EndNode1[0]
REAL
   0.365918  -0.0119075  0.00501943   0.0201301
 -0.0119075    0.232497   0.0250929 -0.00693026
 0.00501943   0.0250929    0.221929  0.00107949
  0.0201301 -0.00693026  0.00107949    0.179657
IMAGINARY
           0   0.00726134  -0.00509102     0.016935
 -0.00726134            0  -0.00201928   0.00136893
  0.00509102   0.00201928            0  0.000182831
   -0.016935  -0.00136893 -0.000182831            0
Repeater1[0]<--->HoM1[0]
REAL
   0.327811   0.0167621   0.0112189   0.0439648
  0.0167621    0.256805   0.0218409 0.000466214
  0.0112189   0.0218409    0.213018  0.00107311
  0.0439648 0.000466214  0.00107311    0.202367
IMAGINARY
           0  0.000334009  -0.00108805   -0.0194553
-0.000334009            0   0.00324254   -0.0185074
  0.00108805  -0.00324254            0    0.0142046
   0.0194553    0.0185074   -0.0142046            0
EndNode1[0]<--->Repeater1[0]
REAL
   0.347044 -0.00780234  0.00836117  -0.0139699
-0.00780234    0.232648 0.000315809  -0.0155133
 0.00836117 0.000315809    0.268638  -0.0162549
 -0.0139699  -0.0155133  -0.0162549    0.151671
IMAGINARY
          0   0.0010793  -0.0127659   0.0136547
 -0.0010793           0  -0.0233823  -0.0134246
  0.0127659   0.0233823           0 -0.00346026
 -0.0136547   0.0134246  0.00346026           0
EndNode2[0]<--->HoM1[0]
REAL
   0.323887 -0.00473562  0.00140794   0.0200979
-0.00473562    0.271255   0.0156164  -0.0218161
 0.00140794   0.0156164    0.209177 -0.00291744
  0.0200979  -0.0218161 -0.00291744    0.195682
IMAGINARY
          0 -0.00689152  -0.0106585   0.0134338
 0.00689152           0   0.0134338     0.01514
  0.0106585  -0.0134338           0  0.00369049
 -0.0134338    -0.01514 -0.00369049           0
Repeater1[0]<--->EndNode1[0]
REAL
   0.347044  0.00836117 -0.00780234  -0.0139699
 0.00836117    0.268638 0.000315809  -0.0162549
-0.00780234 0.000315809    0.232648  -0.0155133
 -0.0139699  -0.0162549  -0.0155133    0.151671
IMAGINARY
          0  -0.0127659   0.0010793   0.0136547
  0.0127659           0   0.0233823 -0.00346026
 -0.0010793  -0.0233823           0  -0.0134246
 -0.0136547  0.00346026   0.0134246           0
Repeater1[0]<--->HoM1[0]
REAL
   0.323887  0.00140794 -0.00473562   0.0200979
 0.00140794    0.209177   0.0156164 -0.00291744
-0.00473562   0.0156164    0.271255  -0.0218161
  0.0200979 -0.00291744  -0.0218161    0.195682
IMAGINARY
          0  -0.0106585 -0.00689152   0.0134338
  0.0106585           0  -0.0134338  0.00369049
 0.00689152   0.0134338           0     0.01514
 -0.0134338 -0.00369049    -0.01514           0
EndNode1[0]<--->Repeater1[0]
REAL
  0.357231 -0.0291695 -0.0134816 -0.0139094
-0.0291695   0.226205  0.0106415 0.00890645
-0.0134816  0.0106415   0.271941 -0.0106998
-0.0139094 0.00890645 -0.0106998   0.144623
IMAGINARY
          0   0.0227883  0.00482546  -0.0100715
 -0.0227883           0   0.0107355   0.0101446
-0.00482546  -0.0107355           0  0.00775066
  0.0100715  -0.0101446 -0.00775066           0
EndNode2[0]<--->HoM1[0]
REAL
  0.339332  0.0113213 -0.0322888  0.0308502
 0.0113213   0.273779 0.00939373 0.00545954
-0.0322888 0.00939373   0.200514 0.00941044
 0.0308502 0.00545954 0.00941044   0.186375
IMAGINARY
          0 -0.00393614 -0.00490397  -0.0210618
 0.00393614           0 -0.00952332 -0.00875013
 0.00490397  0.00952332           0 -0.00841757
  0.0210618  0.00875013  0.00841757           0
Repeater1[0]<--->EndNode1[0]
REAL
  0.357231 -0.0134816 -0.0291695 -0.0139094
-0.0134816   0.271941  0.0106415 -0.0106998
-0.0291695  0.0106415   0.226205 0.00890645
-0.0139094 -0.0106998 0.00890645   0.144623
IMAGINARY
          0  0.00482546   0.0227883  -0.0100715
-0.00482546           0  -0.0107355  0.00775066
 -0.0227883   0.0107355           0   0.0101446
  0.0100715 -0.00775066  -0.0101446           0
Repeater1[0]<--->HoM1[0]
REAL
  0.339332 -0.0322888  0.0113213  0.0308502
-0.0322888   0.200514 0.00939373 0.00941044
 0.0113213 0.00939373   0.273779 0.00545954
 0.0308502 0.00941044 0.00545954   0.186375
IMAGINARY
          0 -0.00490397 -0.00393614  -0.0210618
 0.00490397           0  0.00952332 -0.00841757
 0.00393614 -0.00952332           0 -0.00875013
  0.0210618  0.00841757  0.00875013           0
EndNode1[0]<--->Repeater1[0]
REAL
   0.38539 0.00930705 -0.0280473 0.00808742
0.00930705   0.212846 0.00276827 0.00442023
-0.0280473 0.00276827   0.246851 -0.0112228
0.00808742 0.00442023 -0.0112228   0.154912
IMAGINARY
          0  0.00546786  0.00830214  0.00184062
-0.00546786           0  0.00051787  0.00765531
-0.00830214 -0.00051787           0   -0.010787
-0.00184062 -0.00765531    0.010787           0
EndNode2[0]<--->HoM1[0]
REAL
    0.337731 -0.000449445   0.00695774    0.0321099
-0.000449445     0.258575    0.0308441   -0.0118004
  0.00695774    0.0308441     0.212401   -0.0128677
   0.0321099   -0.0118004   -0.0128677     0.191293
IMAGINARY
          0   0.0100975   0.0019084  0.00235063
 -0.0100975           0   0.0269844  -0.0019084
 -0.0019084  -0.0269844           0   0.0177506
-0.00235063   0.0019084  -0.0177506           0
Repeater1[0]<--->EndNode1[0]
REAL
   0.38539 -0.0280473 0.00930705 0.00808742
-0.0280473   0.246851 0.00276827 -0.0112228
0.00930705 0.00276827   0.212846 0.00442023
0.00808742 -0.0112228 0.00442023   0.154912
IMAGINARY
          0  0.00830214  0.00546786  0.00184062
-0.00830214           0 -0.00051787   -0.010787
-0.00546786  0.00051787           0  0.00765531
-0.00184062    0.010787 -0.00765531           0
Repeater1[0]<--->HoM1[0]
REAL
    0.337731   0.00695774 -0.000449445    0.0321099
  0.00695774     0.212401    0.0308441   -0.0128677
-0.000449445    0.0308441     0.258575   -0.0118004
   0.0321099   -0.0128677   -0.0118004     0.191293
IMAGINARY
          0   0.0019084   0.0100975  0.00235063
 -0.0019084           0  -0.0269844   0.0177506
 -0.0100975   0.0269844           0  -0.0019084
-0.00235063  -0.0177506   0.0019084           0
EndNode1[0]<--->Repeater1[0]
REAL
    0.36514  -0.0120984 0.000355231  0.00279974
 -0.0120984     0.21374 -0.00477602  0.00162105
0.000355231 -0.00477602    0.274809  -0.0188634
 0.00279974  0.00162105  -0.0188634     0.14631
IMAGINARY
          0  0.00379924   0.0261962  -0.0145725
-0.00379924           0  0.00244316 -0.00473159
 -0.0261962 -0.00244316           0  0.00251389
  0.0145725  0.00473159 -0.00251389           0
EndNode2[0]<--->HoM1[0]
REAL
   0.330769   0.0102043 -0.00583878   0.0390178
  0.0102043     0.24359    0.003986   0.0180339
-0.00583878    0.003986    0.239744  0.00455817
  0.0390178   0.0180339  0.00455817    0.185897
IMAGINARY
          0  -0.0388452   0.0076084   0.0129288
  0.0388452           0 -0.00601058 -0.00442369
 -0.0076084  0.00601058           0  -0.0063777
 -0.0129288  0.00442369   0.0063777           0
Repeater1[0]<--->EndNode1[0]
REAL
    0.36514 0.000355231  -0.0120984  0.00279974
0.000355231    0.274809 -0.00477602  -0.0188634
 -0.0120984 -0.00477602     0.21374  0.00162105
 0.00279974  -0.0188634  0.00162105     0.14631
IMAGINARY
          0   0.0261962  0.00379924  -0.0145725
 -0.0261962           0 -0.00244316  0.00251389
-0.00379924  0.00244316           0 -0.00473159
  0.0145725 -0.00251389  0.00473159           0
Repeater1[0]<--->HoM1[0]
REAL
   0.330769 -0.00583878   0.0102043   0.0390178
-0.00583878    0.239744    0.003986  0.00455817
  0.0102043    0.003986     0.24359   0.0180339
  0.0390178  0.00455817   0.0180339    0.185897
IMAGINARY
          0   0.0076084  -0.0388452   0.0129288
 -0.0076084           0  0.00601058  -0.0063777
  0.0388452 -0.00601058           0 -0.00442369
 -0.0129288   0.0063777  0.00442369           0
EndNode1[0]<--->Repeater1[0]
REAL
   0.322917 -0.00883177  0.00792187   0.0161673
-0.00883177    0.270833  0.00164444  0.00480077
 0.00792187  0.00164444        0.25   0.0202822
  0.0161673  0.00480077   0.0202822     0.15625
IMAGINARY
           0 -0.000573622  -0.00463286   -0.0144601
 0.000573622            0    0.0227193 -0.000208081
  0.00463286   -0.0227193            0  -0.00703357
   0.0144601  0.000208081   0.00703357            0
EndNode2[0]<--->HoM1[0]
REAL
   0.332454  -0.0392854   0.0179935  0.00911179
 -0.0392854    0.262533   0.0330413 -0.00437487
  0.0179935   0.0330413    0.200528  -0.0132438
 0.00911179 -0.00437487  -0.0132438    0.204485
IMAGINARY
          0  -0.0133611 -0.00957731  0.00421483
  0.0133611           0   0.0215447  0.00202063
 0.00957731  -0.0215447           0 -0.00679002
-0.00421483 -0.00202063  0.00679002           0
Repeater1[0]<--->EndNode1[0]
REAL
   0.322917  0.00792187 -0.00883177   0.0161673
 0.00792187        0.25  0.00164444   0.0202822
-0.00883177  0.00164444    0.270833  0.00480077
  0.0161673   0.0202822  0.00480077     0.15625
IMAGINARY
           0  -0.00463286 -0.000573622   -0.0144601
  0.00463286            0   -0.0227193  -0.00703357
 0.000573622    0.0227193            0 -0.000208081
   0.0144601   0.00703357  0.000208081            0
Repeater1[0]<--->HoM1[0]
REAL
   0.332454   0.0179935  -0.0392854  0.00911179
  0.0179935    0.200528   0.0330413  -0.0132438
 -0.0392854   0.0330413    0.262533 -0.00437487
 0.00911179  -0.0132438 -0.00437487    0.204485
IMAGINARY
          0 -0.00957731  -0.0133611  0.00421483
 0.00957731           0  -0.0215447 -0.00679002
  0.0133611   0.0215447           0  0.00202063
-0.00421483  0.00679002 -0.00202063           0
EndNode1[0]<--->Repeater1[0]
REAL
   0.363636   0.0102931 -0.00913261   0.0201112
  0.0102931    0.216253   0.0353011 -0.00117667
-0.00913261   0.0353011    0.227273  0.00903681
  0.0201112 -0.00117667  0.00903681    0.192837
IMAGINARY
          0   0.0230851  -0.0043566  0.00465893
 -0.0230851           0  0.00917506   -0.019694
  0.0043566 -0.00917506           0  -0.0104269
-0.00465893    0.019694   0.0104269           0
EndNode2[0]<--->HoM1[0]
REAL
   0.350667   0.0221085  -0.0171533 -0.00589305
  0.0221085    0.242667  0.00776105   0.0127946
 -0.0171533  0.00776105    0.221333   0.0208554
-0.00589305   0.0127946   0.0208554    0.185333
IMAGINARY
          0  0.00123614  -0.0114054 -0.00288858
-0.00123614           0 -0.00943308  0.00815446
  0.0114054  0.00943308           0   0.0111176
 0.00288858 -0.00815446  -0.0111176           0
Repeater1[0]<--->EndNode1[0]
REAL
   0.363636 -0.00913261   0.0102931   0.0201112
-0.00913261    0.227273   0.0353011  0.00903681
  0.0102931   0.0353011    0.216253 -0.00117667
  0.0201112  0.00903681 -0.00117667    0.192837
IMAGINARY
          0  -0.0043566   0.0230851  0.00465893
  0.0043566           0 -0.00917506  -0.0104269
 -0.0230851  0.00917506           0   -0.019694
-0.00465893   0.0104269    0.019694           0
Repeater1[0]<--->HoM1[0]
REAL
   0.350667  -0.0171533   0.0221085 -0.00589305
 -0.0171533    0.221333  0.00776105   0.0208554
  0.0221085  0.00776105    0.242667   0.0127946
-0.00589305   0.0208554   0.0127946    0.185333
IMAGINARY
          0  -0.0114054  0.00123614 -0.00288858
  0.0114054           0  0.00943308   0.0111176
-0.00123614 -0.00943308           0  0.00815446
 0.00288858  -0.0111176 -0.00815446           0
EndNode1[0]<--->Repeater1[0]
REAL
   0.343789 -0.00294358 -0.00539428   0.0170422
-0.00294358    0.244668   0.0201478  -0.0166443
-0.00539428   0.0201478    0.238394   0.0056984
  0.0170422  -0.0166443   0.0056984    0.173149
IMAGINARY
          0  -0.0140907 -0.00946807  -0.0166644
  0.0140907           0 -0.00901131  -0.0197245
 0.00946807  0.00901131           0  -0.0101329
  0.0166644   0.0197245   0.0101329           0
EndNode2[0]<--->HoM1[0]
REAL
  0.321519  0.0109696 0.00787402  0.0165849
 0.0109696   0.243038  0.0359086  0.0183727
0.00787402  0.0359086   0.256962 0.00346614
 0.0165849  0.0183727 0.00346614   0.178481
IMAGINARY
          0  0.00209764   0.0133631 -0.00158813
-0.00209764           0  -0.0267138   0.0228688
 -0.0133631   0.0267138           0   0.0196415
 0.00158813  -0.0228688  -0.0196415           0
Repeater1[0]<--->EndNode1[0]
REAL
   0.343789 -0.00539428 -0.00294358   0.0170422
-0.00539428    0.238394   0.0201478   0.0056984
-0.00294358   0.0201478    0.244668  -0.0166443
  0.0170422   0.0056984  -0.0166443    0.173149
IMAGINARY
          0 -0.00946807  -0.0140907  -0.0166644
 0.00946807           0  0.00901131  -0.0101329
  0.0140907 -0.00901131           0  -0.0197245
  0.0166644   0.0101329   0.0197245           0
Repeater1[0]<--->HoM1[0]
REAL
  0.321519 0.00787402  0.0109696  0.0165849
0.00787402   0.256962  0.0359086 0.00346614
 0.0109696  0.0359086   0.243038  0.0183727
 0.0165849 0.00346614  0.0183727   0.178481
IMAGINARY
          0   0.0133631  0.00209764 -0.00158813
 -0.0133631           0   0.0267138   0.0196415
-0.00209764  -0.0267138           0   0.0228688
 0.00158813  -0.0196415  -0.0228688           0
EndNode1[0]<--->Repeater1[0]
REAL
   0.350195  0.00609817  -0.0147799   0.0174003
 0.00609817    0.219196 -0.00259974  0.00255341
 -0.0147799 -0.00259974    0.252918  0.00870234
  0.0174003  0.00255341  0.00870234    0.177691
IMAGINARY
          0   0.0171401 -0.00912955 -0.00161708
 -0.0171401           0  0.00161708   0.0266295
 0.00912955 -0.00161708           0  -0.0021401
 0.00161708  -0.0266295   0.0021401           0
EndNode2[0]<--->HoM1[0]
REAL
   0.371212 -0.00821447  0.00271276   0.0238809
-0.00821447    0.224747   0.0110932   0.0180126
 0.00271276   0.0110932     0.22601  -0.0189876
  0.0238809   0.0180126  -0.0189876     0.17803
IMAGINARY
           0   0.00985236   -0.0186847 -5.02075e-05
 -0.00985236            0    0.0129368   -0.0107271
   0.0186847   -0.0129368            0  -0.00217973
 5.02075e-05    0.0107271   0.00217973            0
Repeater1[0]<--->EndNode1[0]
REAL
   0.350195  -0.0147799  0.00609817   0.0174003
 -0.0147799    0.252918 -0.00259974  0.00870234
 0.00609817 -0.00259974    0.219196  0.00255341
  0.0174003  0.00870234  0.00255341    0.177691
IMAGINARY
          0 -0.00912955   0.0171401 -0.00161708
 0.00912955           0 -0.00161708  -0.0021401
 -0.0171401  0.00161708           0   0.0266295
 0.00161708   0.0021401  -0.0266295           0
Repeater1[0]<--->HoM1[0]
REAL
   0.371212  0.00271276 -0.00821447   0.0238809
 0.00271276     0.22601   0.0110932  -0.0189876
-0.00821447   0.0110932    0.224747   0.0180126
  0.0238809  -0.0189876   0.0180126     0.17803
IMAGINARY
           0   -0.0186847   0.00985236 -5.02075e-05
   0.0186847            0   -0.0129368  -0.00217973
 -0.00985236    0.0129368            0   -0.0107271
 5.02075e-05   0.00217973    0.0107271            0
EndNode1[0]<--->Repeater1[0]
REAL
    0.382166   -0.0133755  -0.00416851   0.00459134
  -0.0133755     0.212739   0.00902734 -0.000371045
 -0.00416851   0.00902734     0.252229    0.0282912
  0.00459134 -0.000371045    0.0282912     0.152866
IMAGINARY
          0  -0.0323077  0.00113011 -0.00865845
  0.0323077           0 -0.00296945  0.00584074
-0.00113011  0.00296945           0   0.0101277
 0.00865845 -0.00584074  -0.0101277           0
EndNode2[0]<--->HoM1[0]
REAL
   0.315857  -0.0244578  -0.0147908  0.00453792
 -0.0244578    0.240409   0.0184973  -0.0109545
 -0.0147908   0.0184973    0.235294 -0.00399746
 0.00453792  -0.0109545 -0.00399746     0.20844
IMAGINARY
          0 -0.00602912  0.00350385  0.00839151
 0.00602912           0  0.00181257  0.00791747
-0.00350385 -0.00181257           0 -0.00666123
-0.00839151 -0.00791747  0.00666123           0
Repeater1[0]<--->EndNode1[0]
REAL
    0.382166  -0.00416851   -0.0133755   0.00459134
 -0.00416851     0.252229   0.00902734    0.0282912
  -0.0133755   0.00902734     0.212739 -0.000371045
  0.00459134    0.0282912 -0.000371045     0.152866
IMAGINARY
          0  0.00113011  -0.0323077 -0.00865845
-0.00113011           0  0.00296945   0.0101277
  0.0323077 -0.00296945           0  0.00584074
 0.00865845  -0.0101277 -0.00584074           0
Repeater1[0]<--->HoM1[0]
REAL
   0.315857  -0.0147908  -0.0244578  0.00453792
 -0.0147908    0.235294   0.0184973 -0.00399746
 -0.0244578   0.0184973    0.240409  -0.0109545
 0.00453792 -0.00399746  -0.0109545     0.20844
IMAGINARY
          0  0.00350385 -0.00602912  0.00839151
-0.00350385           0 -0.00181257 -0.00666123
 0.00602912  0.00181257           0  0.00791747
-0.00839151  0.00666123 -0.00791747           0
EndNode1[0]<--->Repeater1[0]
REAL
   0.35854 -0.0161826 0.00485317 0.00100414
-0.0161826   0.195567  0.0186809 0.00170851
0.00485317  0.0186809   0.273794 0.00699623
0.00100414 0.00170851 0.00699623   0.172099
IMAGINARY
          0  -0.0119734 -0.00329381   0.0177511
  0.0119734           0  0.00694027  -0.0118577
 0.00329381 -0.00694027           0  -0.0107539
 -0.0177511   0.0118577   0.0107539           0
EndNode2[0]<--->HoM1[0]
REAL
   0.353403   0.0105173   0.0219248   0.0254696
  0.0105173    0.223822  0.00633698 -0.00284088
  0.0219248  0.00633698     0.23822  0.00856669
  0.0254696 -0.00284088  0.00856669    0.184555
IMAGINARY
          0  -0.0100183 -0.00658593  -0.0138133
  0.0100183           0  0.00786874  -0.0201998
 0.00658593 -0.00786874           0 -0.00273677
  0.0138133   0.0201998  0.00273677           0
Repeater1[0]<--->EndNode1[0]
REAL
   0.35854 0.00485317 -0.0161826 0.00100414
0.00485317   0.273794  0.0186809 0.00699623
-0.0161826  0.0186809   0.195567 0.00170851
0.00100414 0.00699623 0.00170851   0.172099
IMAGINARY
          0 -0.00329381  -0.0119734   0.0177511
 0.00329381           0 -0.00694027  -0.0107539
  0.0119734  0.00694027           0  -0.0118577
 -0.0177511   0.0107539   0.0118577           0
Repeater1[0]<--->HoM1[0]
REAL
   0.353403   0.0219248   0.0105173   0.0254696
  0.0219248     0.23822  0.00633698  0.00856669
  0.0105173  0.00633698    0.223822 -0.00284088
  0.0254696  0.00856669 -0.00284088    0.184555
IMAGINARY
          0 -0.00658593  -0.0100183  -0.0138133
 0.00658593           0 -0.00786874 -0.00273677
  0.0100183  0.00786874           0  -0.0201998
  0.0138133  0.00273677   0.0201998           0
EndNode1[0]<--->Repeater1[0]
REAL
   0.377614  0.00927482  0.00714881  -0.0260756
 0.00927482    0.255843 -0.00977836  -0.0012818
 0.00714881 -0.00977836    0.242312 -0.00210403
 -0.0260756  -0.0012818 -0.00210403    0.124231
IMAGINARY
          0 -0.00931117 -0.00146511  -0.0148906
 0.00931117           0 -0.00903886   0.0086359
 0.00146511  0.00903886           0   0.0073555
  0.0148906  -0.0086359  -0.0073555           0
EndNode2[0]<--->HoM1[0]
REAL
    0.33905   0.0131948  0.00315256  0.00909251
  0.0131948    0.262533 -0.00349027 -0.00735424
 0.00315256 -0.00349027    0.229551  0.00641305
 0.00909251 -0.00735424  0.00641305    0.168865
IMAGINARY
          0 -0.00310749  -0.0185563   0.0167261
 0.00310749           0  0.00583025  -0.0152185
  0.0185563 -0.00583025           0  -0.0107998
 -0.0167261   0.0152185   0.0107998           0
Repeater1[0]<--->EndNode1[0]
REAL
   0.377614  0.00714881  0.00927482  -0.0260756
 0.00714881    0.242312 -0.00977836 -0.00210403
 0.00927482 -0.00977836    0.255843  -0.0012818
 -0.0260756 -0.00210403  -0.0012818    0.124231
IMAGINARY
          0 -0.00146511 -0.00931117  -0.0148906
 0.00146511           0  0.00903886   0.0073555
 0.00931117 -0.00903886           0   0.0086359
  0.0148906  -0.0073555  -0.0086359           0
Repeater1[0]<--->HoM1[0]
REAL
    0.33905  0.00315256   0.0131948  0.00909251
 0.00315256    0.229551 -0.00349027  0.00641305
  0.0131948 -0.00349027    0.262533 -0.00735424
 0.00909251  0.00641305 -0.00735424    0.168865
IMAGINARY
          0  -0.0185563 -0.00310749   0.0167261
  0.0185563           0 -0.00583025  -0.0107998
 0.00310749  0.00583025           0  -0.0152185
 -0.0167261   0.0107998   0.0152185           0
EndNode1[0]<--->Repeater1[0]
REAL
  0.382465 0.00227478  0.0046945  0.0325951
0.00227478   0.203304  0.0209989 0.00602429
 0.0046945  0.0209989   0.229987 -0.0117325
 0.0325951 0.00602429 -0.0117325   0.184244
IMAGINARY
          0 -0.00547321 -0.00046541  0.00686337
 0.00547321           0 -0.00494766 -0.00567374
 0.00046541  0.00494766           0  0.00888385
-0.00686337  0.00567374 -0.00888385           0
EndNode2[0]<--->HoM1[0]
REAL
   0.326057  -0.0146963  -0.0112986   0.0104764
 -0.0146963    0.260573    0.024579 -0.00530658
 -0.0112986    0.024579    0.230559   0.0276114
  0.0104764 -0.00530658   0.0276114     0.18281
IMAGINARY
          0  -0.0178851 -0.00606641 -0.00123997
  0.0178851           0  -0.0241407  0.00606641
 0.00606641   0.0241407           0 -0.00134566
 0.00123997 -0.00606641  0.00134566           0
Repeater1[0]<--->EndNode1[0]
REAL
  0.382465  0.0046945 0.00227478  0.0325951
 0.0046945   0.229987  0.0209989 -0.0117325
0.00227478  0.0209989   0.203304 0.00602429
 0.0325951 -0.0117325 0.00602429   0.184244
IMAGINARY
          0 -0.00046541 -0.00547321  0.00686337
 0.00046541           0  0.00494766  0.00888385
 0.00547321 -0.00494766           0 -0.00567374
-0.00686337 -0.00888385  0.00567374           0
Repeater1[0]<--->HoM1[0]
REAL
   0.326057  -0.0112986  -0.0146963   0.0104764
 -0.0112986    0.230559    0.024579   0.0276114
 -0.0146963    0.024579    0.260573 -0.00530658
  0.0104764   0.0276114 -0.00530658     0.18281
IMAGINARY
          0 -0.00606641  -0.0178851 -0.00123997
 0.00606641           0   0.0241407 -0.00134566
  0.0178851  -0.0241407           0  0.00606641
 0.00123997  0.00134566 -0.00606641           0
