EndNode1[0]<--->Repeater1[0]
REAL
  0.418367 0.00930658 -0.0047115  0.0205486
0.00930658   0.216837 0.00475916 0.00265951
-0.0047115 0.00475916   0.191327  0.0118973
 0.0205486 0.00265951  0.0118973   0.173469
IMAGINARY
          0   0.0254702 -0.00119048  0.00543932
 -0.0254702           0  -0.0295035  -0.0224937
 0.00119048   0.0295035           0   0.0192667
-0.00543932   0.0224937  -0.0192667           0
EndNode2[0]<--->HoM1[0]
REAL
   0.368553   0.0250619   0.0140015 -0.00331015
  0.0250619    0.188679   0.0206847    0.005947
  0.0140015   0.0206847    0.226415   0.0116176
-0.00331015    0.005947   0.0116176    0.216352
IMAGINARY
          0  0.00609702   0.0125188  -0.0259005
-0.00609702           0   -0.019788   0.0283372
 -0.0125188    0.019788           0  -0.0106366
  0.0259005  -0.0283372   0.0106366           0
Repeater1[0]<--->EndNode1[0]
REAL
  0.418367 -0.0047115 0.00930658  0.0205486
-0.0047115   0.191327 0.00475916  0.0118973
0.00930658 0.00475916   0.216837 0.00265951
 0.0205486  0.0118973 0.00265951   0.173469
IMAGINARY
          0 -0.00119048   0.0254702  0.00543932
 0.00119048           0   0.0295035   0.0192667
 -0.0254702  -0.0295035           0  -0.0224937
-0.00543932  -0.0192667   0.0224937           0
Repeater1[0]<--->HoM1[0]
REAL
   0.368553   0.0140015   0.0250619 -0.00331015
  0.0140015    0.226415   0.0206847   0.0116176
  0.0250619   0.0206847    0.188679    0.005947
-0.00331015   0.0116176    0.005947    0.216352
IMAGINARY
          0   0.0125188  0.00609702  -0.0259005
 -0.0125188           0    0.019788  -0.0106366
-0.00609702   -0.019788           0   0.0283372
  0.0259005   0.0106366  -0.0283372           0
EndNode1[0]<--->Repeater1[0]
REAL
  0.414179   0.025911  0.0108881  0.0107286
  0.025911   0.226368  0.0190727 0.00434364
 0.0108881  0.0190727   0.189055  0.0038903
 0.0107286 0.00434364  0.0038903   0.170398
IMAGINARY
          0   -0.002604  -0.0213547 -0.00253938
   0.002604           0   0.0173019  -0.0113796
  0.0213547  -0.0173019           0 -0.00830742
 0.00253938   0.0113796  0.00830742           0
EndNode2[0]<--->HoM1[0]
REAL
  0.397698 -0.0169311  -0.015017  0.0206284
-0.0169311   0.181586 0.00238945 -0.0105584
 -0.015017 0.00238945   0.196931 0.00286458
 0.0206284 -0.0105584 0.00286458   0.223785
IMAGINARY
           0   0.00131087   -0.0138531   0.00181981
 -0.00131087            0   -0.0203875 -0.000612276
   0.0138531    0.0203875            0  -0.00571339
 -0.00181981  0.000612276   0.00571339            0
Repeater1[0]<--->EndNode1[0]
REAL
  0.414179  0.0108881   0.025911  0.0107286
 0.0108881   0.189055  0.0190727  0.0038903
  0.025911  0.0190727   0.226368 0.00434364
 0.0107286  0.0038903 0.00434364   0.170398
IMAGINARY
          0  -0.0213547   -0.002604 -0.00253938
  0.0213547           0  -0.0173019 -0.00830742
   0.002604   0.0173019           0  -0.0113796
 0.00253938  0.00830742   0.0113796           0
Repeater1[0]<--->HoM1[0]
REAL
  0.397698  -0.015017 -0.0169311  0.0206284
 -0.015017   0.196931 0.00238945 0.00286458
-0.0169311 0.00238945   0.181586 -0.0105584
 0.0206284 0.00286458 -0.0105584   0.223785
IMAGINARY
           0   -0.0138531   0.00131087   0.00181981
   0.0138531            0    0.0203875  -0.00571339
 -0.00131087   -0.0203875            0 -0.000612276
 -0.00181981   0.00571339  0.000612276            0
EndNode1[0]<--->Repeater1[0]
REAL
  0.400498  0.0116252 0.00104928 0.00457925
 0.0116252   0.246269 -0.0113443 0.00940583
0.00104928 -0.0113443   0.179104    0.01605
0.00457925 0.00940583    0.01605   0.174129
IMAGINARY
          0  0.00961775  -0.0214009  -0.0179263
-0.00961775           0   0.0140998  0.00165572
  0.0214009  -0.0140998           0  -0.0153502
  0.0179263 -0.00165572   0.0153502           0
EndNode2[0]<--->HoM1[0]
REAL
   0.395232  0.00326369  -0.0189481   0.0267502
 0.00326369     0.17064  0.00535986  0.00649722
 -0.0189481  0.00535986    0.222083 -0.00654023
  0.0267502  0.00649722 -0.00654023    0.212045
IMAGINARY
          0 -0.00472152    0.016251   0.0118614
 0.00472152           0  0.00089368   0.0131608
  -0.016251 -0.00089368           0   0.0127429
 -0.0118614  -0.0131608  -0.0127429           0
Repeater1[0]<--->EndNode1[0]
REAL
  0.400498 0.00104928  0.0116252 0.00457925
0.00104928   0.179104 -0.0113443    0.01605
 0.0116252 -0.0113443   0.246269 0.00940583
0.00457925    0.01605 0.00940583   0.174129
IMAGINARY
          0  -0.0214009  0.00961775  -0.0179263
  0.0214009           0  -0.0140998  -0.0153502
-0.00961775   0.0140998           0  0.00165572
  0.0179263   0.0153502 -0.00165572           0
Repeater1[0]<--->HoM1[0]
REAL
   0.395232  -0.0189481  0.00326369   0.0267502
 -0.0189481    0.222083  0.00535986 -0.00654023
 0.00326369  0.00535986     0.17064  0.00649722
  0.0267502 -0.00654023  0.00649722    0.212045
IMAGINARY
          0    0.016251 -0.00472152   0.0118614
  -0.016251           0 -0.00089368   0.0127429
 0.00472152  0.00089368           0   0.0131608
 -0.0118614  -0.0127429  -0.0131608           0
EndNode1[0]<--->Repeater1[0]
REAL
   0.423181  -0.0111436 -0.00392202   0.0231871
 -0.0111436    0.238544   0.0213421  -0.0177065
-0.00392202   0.0213421     0.16442  -0.0104849
  0.0231871  -0.0177065  -0.0104849    0.173854
IMAGINARY
           0  -0.00733257 -0.000645522    -0.018365
  0.00733257            0  -0.00502316    0.0197107
 0.000645522   0.00502316            0    0.0116376
    0.018365   -0.0197107   -0.0116376            0
EndNode2[0]<--->HoM1[0]
REAL
   0.385321 -0.00194834 -0.00928311   0.0178028
-0.00194834    0.182176  0.00893515  0.00660931
-0.00928311  0.00893515    0.205767 -0.00874685
  0.0178028  0.00660931 -0.00874685    0.226737
IMAGINARY
          0 -0.00768204  -0.0169949   -0.003684
 0.00768204           0 -0.00887881 -0.00551532
  0.0169949  0.00887881           0  0.00836417
   0.003684  0.00551532 -0.00836417           0
Repeater1[0]<--->EndNode1[0]
REAL
   0.423181 -0.00392202  -0.0111436   0.0231871
-0.00392202     0.16442   0.0213421  -0.0104849
 -0.0111436   0.0213421    0.238544  -0.0177065
  0.0231871  -0.0104849  -0.0177065    0.173854
IMAGINARY
           0 -0.000645522  -0.00733257    -0.018365
 0.000645522            0   0.00502316    0.0116376
  0.00733257  -0.00502316            0    0.0197107
    0.018365   -0.0116376   -0.0197107            0
Repeater1[0]<--->HoM1[0]
REAL
   0.385321 -0.00928311 -0.00194834   0.0178028
-0.00928311    0.205767  0.00893515 -0.00874685
-0.00194834  0.00893515    0.182176  0.00660931
  0.0178028 -0.00874685  0.00660931    0.226737
IMAGINARY
          0  -0.0169949 -0.00768204   -0.003684
  0.0169949           0  0.00887881  0.00836417
 0.00768204 -0.00887881           0 -0.00551532
   0.003684 -0.00836417  0.00551532           0
EndNode1[0]<--->Repeater1[0]
REAL
    0.42293 -0.00128436   0.0141013   0.0374599
-0.00128436    0.236943  -0.0308461   0.0189675
  0.0141013  -0.0308461    0.171975  0.00657537
  0.0374599   0.0189675  0.00657537    0.168153
IMAGINARY
           0  0.000415193   -0.0174311   0.00734787
-0.000415193            0     0.013324  -0.00852522
   0.0174311    -0.013324            0   0.00368317
 -0.00734787   0.00852522  -0.00368317            0
EndNode2[0]<--->HoM1[0]
REAL
    0.401774 -0.000330251   0.00392117    0.0185135
-0.000330251     0.179975  -0.00963023    0.0125763
  0.00392117  -0.00963023      0.21166  0.000330251
   0.0185135    0.0125763  0.000330251     0.206591
IMAGINARY
           0    0.0200311    0.0155898   0.00826367
  -0.0200311            0   0.00122142 -0.000619708
  -0.0155898  -0.00122142            0     0.000927
 -0.00826367  0.000619708    -0.000927            0
Repeater1[0]<--->EndNode1[0]
REAL
    0.42293   0.0141013 -0.00128436   0.0374599
  0.0141013    0.171975  -0.0308461  0.00657537
-0.00128436  -0.0308461    0.236943   0.0189675
  0.0374599  0.00657537   0.0189675    0.168153
IMAGINARY
           0   -0.0174311  0.000415193   0.00734787
   0.0174311            0    -0.013324   0.00368317
-0.000415193     0.013324            0  -0.00852522
 -0.00734787  -0.00368317   0.00852522            0
Repeater1[0]<--->HoM1[0]
REAL
    0.401774   0.00392117 -0.000330251    0.0185135
  0.00392117      0.21166  -0.00963023  0.000330251
-0.000330251  -0.00963023     0.179975    0.0125763
   0.0185135  0.000330251    0.0125763     0.206591
IMAGINARY
           0    0.0155898    0.0200311   0.00826367
  -0.0155898            0  -0.00122142     0.000927
  -0.0200311   0.00122142            0 -0.000619708
 -0.00826367    -0.000927  0.000619708            0
EndNode1[0]<--->Repeater1[0]
REAL
  0.376963 0.00254706  0.0156875  0.0167427
0.00254706   0.227749 0.00546454 0.00786563
 0.0156875 0.00546454   0.192408 -0.0126413
 0.0167427 0.00786563 -0.0126413    0.20288
IMAGINARY
          0  0.00846218  -0.0183888   0.0152244
-0.00846218           0 -0.00560897  -0.0116864
  0.0183888  0.00560897           0   0.0140942
 -0.0152244   0.0116864  -0.0140942           0
EndNode2[0]<--->HoM1[0]
REAL
   0.434059  0.00928315  -0.0195721   0.0611362
 0.00928315    0.184379  0.00455724   0.0098397
 -0.0195721  0.00455724    0.179257 -0.00320042
  0.0611362   0.0098397 -0.00320042    0.202305
IMAGINARY
          0  0.00505969   0.0111859 -0.00164745
-0.00505969           0 -0.00101213   0.0124983
 -0.0111859  0.00101213           0  -0.0142702
 0.00164745  -0.0124983   0.0142702           0
Repeater1[0]<--->EndNode1[0]
REAL
  0.376963  0.0156875 0.00254706  0.0167427
 0.0156875   0.192408 0.00546454 -0.0126413
0.00254706 0.00546454   0.227749 0.00786563
 0.0167427 -0.0126413 0.00786563    0.20288
IMAGINARY
          0  -0.0183888  0.00846218   0.0152244
  0.0183888           0  0.00560897   0.0140942
-0.00846218 -0.00560897           0  -0.0116864
 -0.0152244  -0.0140942   0.0116864           0
Repeater1[0]<--->HoM1[0]
REAL
   0.434059  -0.0195721  0.00928315   0.0611362
 -0.0195721    0.179257  0.00455724 -0.00320042
 0.00928315  0.00455724    0.184379   0.0098397
  0.0611362 -0.00320042   0.0098397    0.202305
IMAGINARY
          0   0.0111859  0.00505969 -0.00164745
 -0.0111859           0  0.00101213  -0.0142702
-0.00505969 -0.00101213           0   0.0124983
 0.00164745   0.0142702  -0.0124983           0
EndNode1[0]<--->Repeater1[0]
REAL
    0.437111    0.0107662 -0.000282159    0.0166637
   0.0107662     0.211706    0.0159997   0.00907613
-0.000282159    0.0159997      0.18929   -0.0170476
   0.0166637   0.00907613   -0.0170476     0.161893
IMAGINARY
           0   0.00495414 -0.000354198   0.00390777
 -0.00495414            0  -0.00454634   0.00633029
 0.000354198   0.00454634            0   0.00234998
 -0.00390777  -0.00633029  -0.00234998            0
EndNode2[0]<--->HoM1[0]
REAL
  0.399467 0.00578691 -0.0205083  0.0288629
0.00578691   0.153129 -0.0188495    0.01183
-0.0205083 -0.0188495   0.209055   0.010902
 0.0288629    0.01183   0.010902   0.238349
IMAGINARY
           0   -0.0149078    0.0100544   0.00125016
   0.0149078            0  0.000594855   0.00497827
  -0.0100544 -0.000594855            0  -0.00535365
 -0.00125016  -0.00497827   0.00535365            0
Repeater1[0]<--->EndNode1[0]
REAL
    0.437111 -0.000282159    0.0107662    0.0166637
-0.000282159      0.18929    0.0159997   -0.0170476
   0.0107662    0.0159997     0.211706   0.00907613
   0.0166637   -0.0170476   0.00907613     0.161893
IMAGINARY
           0 -0.000354198   0.00495414   0.00390777
 0.000354198            0   0.00454634   0.00234998
 -0.00495414  -0.00454634            0   0.00633029
 -0.00390777  -0.00234998  -0.00633029            0
Repeater1[0]<--->HoM1[0]
REAL
  0.399467 -0.0205083 0.00578691  0.0288629
-0.0205083   0.209055 -0.0188495   0.010902
0.00578691 -0.0188495   0.153129    0.01183
 0.0288629   0.010902    0.01183   0.238349
IMAGINARY
           0    0.0100544   -0.0149078   0.00125016
  -0.0100544            0 -0.000594855  -0.00535365
   0.0149078  0.000594855            0   0.00497827
 -0.00125016   0.00535365  -0.00497827            0
