EndNode1[0]<--->Repeater1[0]
REAL
   0.383085 0.000600201  0.00346392   0.0417146
0.000600201    0.353234   0.0154662   0.0257914
 0.00346392   0.0154662     0.14801  0.00870831
  0.0417146   0.0257914  0.00870831    0.115672
IMAGINARY
          0  -0.0189845 -0.00955259  0.00150283
  0.0189845           0 -0.00526223 -0.00517212
 0.00955259  0.00526223           0  0.00297935
-0.00150283  0.00517212 -0.00297935           0
EndNode2[0]<--->HoM1[0]
REAL
   0.377072 -0.00664502 0.000647336    0.034571
-0.00664502    0.216851   0.0111142  0.00569784
0.000647336   0.0111142    0.273481 -0.00731437
   0.034571  0.00569784 -0.00731437    0.132597
IMAGINARY
           0   0.00132404    0.0208381 -0.000309023
 -0.00132404            0 -0.000309023   -0.0109616
  -0.0208381  0.000309023            0   -0.0309537
 0.000309023    0.0109616    0.0309537            0
Repeater1[0]<--->EndNode1[0]
REAL
   0.383085  0.00346392 0.000600201   0.0417146
 0.00346392     0.14801   0.0154662  0.00870831
0.000600201   0.0154662    0.353234   0.0257914
  0.0417146  0.00870831   0.0257914    0.115672
IMAGINARY
          0 -0.00955259  -0.0189845  0.00150283
 0.00955259           0  0.00526223  0.00297935
  0.0189845 -0.00526223           0 -0.00517212
-0.00150283 -0.00297935  0.00517212           0
Repeater1[0]<--->HoM1[0]
REAL
   0.377072 0.000647336 -0.00664502    0.034571
0.000647336    0.273481   0.0111142 -0.00731437
-0.00664502   0.0111142    0.216851  0.00569784
   0.034571 -0.00731437  0.00569784    0.132597
IMAGINARY
           0    0.0208381   0.00132404 -0.000309023
  -0.0208381            0  0.000309023   -0.0309537
 -0.00132404 -0.000309023            0   -0.0109616
 0.000309023    0.0309537    0.0109616            0
EndNode1[0]<--->Repeater1[0]
REAL
   0.403308   0.0163666 -0.00539663   0.0225737
  0.0163666    0.358779  -0.0112101 -0.00217913
-0.00539663  -0.0112101    0.117048 -0.00247767
  0.0225737 -0.00217913 -0.00247767    0.120865
IMAGINARY
           0    0.0119334 -0.000481599    0.0137688
  -0.0119334            0   0.00836663    0.0234546
 0.000481599  -0.00836663            0  -0.00923066
  -0.0137688   -0.0234546   0.00923066            0
EndNode2[0]<--->HoM1[0]
REAL
   0.407125   -0.010359 -0.00347497   0.0621402
  -0.010359    0.206107  0.00784723 -0.00724382
-0.00347497  0.00784723    0.267176  -0.0192753
  0.0621402 -0.00724382  -0.0192753    0.119593
IMAGINARY
          0  -0.0292043   0.0140423  0.00541345
  0.0292043           0   0.0015574  -0.0102544
 -0.0140423  -0.0015574           0 -0.00867449
-0.00541345   0.0102544  0.00867449           0
Repeater1[0]<--->EndNode1[0]
REAL
   0.403308 -0.00539663   0.0163666   0.0225737
-0.00539663    0.117048  -0.0112101 -0.00247767
  0.0163666  -0.0112101    0.358779 -0.00217913
  0.0225737 -0.00247767 -0.00217913    0.120865
IMAGINARY
           0 -0.000481599    0.0119334    0.0137688
 0.000481599            0  -0.00836663  -0.00923066
  -0.0119334   0.00836663            0    0.0234546
  -0.0137688   0.00923066   -0.0234546            0
Repeater1[0]<--->HoM1[0]
REAL
   0.407125 -0.00347497   -0.010359   0.0621402
-0.00347497    0.267176  0.00784723  -0.0192753
  -0.010359  0.00784723    0.206107 -0.00724382
  0.0621402  -0.0192753 -0.00724382    0.119593
IMAGINARY
          0   0.0140423  -0.0292043  0.00541345
 -0.0140423           0  -0.0015574 -0.00867449
  0.0292043   0.0015574           0  -0.0102544
-0.00541345  0.00867449   0.0102544           0
EndNode1[0]<--->Repeater1[0]
REAL
   0.388889 -0.00986717  -0.0112846    0.043289
-0.00986717    0.348837   0.0265364 -0.00741863
 -0.0112846   0.0265364    0.136951 -0.00260165
   0.043289 -0.00741863 -0.00260165    0.125323
IMAGINARY
           0    0.0100251  -0.00826152  0.000446308
  -0.0100251            0    0.0107822   0.00955018
  0.00826152   -0.0107822            0   -0.0100251
-0.000446308  -0.00955018    0.0100251            0
EndNode2[0]<--->HoM1[0]
REAL
   0.435897   -0.030886  -0.0109903   0.0286333
  -0.030886    0.187179   0.0126628 -0.00489277
 -0.0109903   0.0126628    0.275641  -0.0116807
  0.0286333 -0.00489277  -0.0116807    0.101282
IMAGINARY
          0   0.0185905 -0.00274723  0.00665129
 -0.0185905           0 -0.00042722   0.0113467
 0.00274723  0.00042722           0   0.0342351
-0.00665129  -0.0113467  -0.0342351           0
Repeater1[0]<--->EndNode1[0]
REAL
   0.388889  -0.0112846 -0.00986717    0.043289
 -0.0112846    0.136951   0.0265364 -0.00260165
-0.00986717   0.0265364    0.348837 -0.00741863
   0.043289 -0.00260165 -0.00741863    0.125323
IMAGINARY
           0  -0.00826152    0.0100251  0.000446308
  0.00826152            0   -0.0107822   -0.0100251
  -0.0100251    0.0107822            0   0.00955018
-0.000446308    0.0100251  -0.00955018            0
Repeater1[0]<--->HoM1[0]
REAL
   0.435897  -0.0109903   -0.030886   0.0286333
 -0.0109903    0.275641   0.0126628  -0.0116807
  -0.030886   0.0126628    0.187179 -0.00489277
  0.0286333  -0.0116807 -0.00489277    0.101282
IMAGINARY
          0 -0.00274723   0.0185905  0.00665129
 0.00274723           0  0.00042722   0.0342351
 -0.0185905 -0.00042722           0   0.0113467
-0.00665129  -0.0342351  -0.0113467           0
EndNode1[0]<--->Repeater1[0]
REAL
   0.391083 -0.00871873  -0.0203576   0.0314388
-0.00871873    0.356688   0.0126418   0.0140604
 -0.0203576   0.0126418    0.143949   0.0024215
  0.0314388   0.0140604   0.0024215     0.10828
IMAGINARY
          0  0.00344966  0.00148307  0.00832411
-0.00344966           0  -0.0157265  0.00352946
-0.00148307   0.0157265           0  0.00156287
-0.00832411 -0.00352946 -0.00156287           0
EndNode2[0]<--->HoM1[0]
REAL
   0.366083 -0.00337903 -0.00617793   0.0359528
-0.00337903    0.213997   0.0201899  -0.0209026
-0.00617793   0.0201899    0.275908  0.00271853
  0.0359528  -0.0209026  0.00271853    0.144011
IMAGINARY
          0  -0.0153987 -0.00147121  0.00220045
  0.0153987           0 -0.00971925     0.01219
 0.00147121  0.00971925           0   0.0147682
-0.00220045    -0.01219  -0.0147682           0
Repeater1[0]<--->EndNode1[0]
REAL
   0.391083  -0.0203576 -0.00871873   0.0314388
 -0.0203576    0.143949   0.0126418   0.0024215
-0.00871873   0.0126418    0.356688   0.0140604
  0.0314388   0.0024215   0.0140604     0.10828
IMAGINARY
          0  0.00148307  0.00344966  0.00832411
-0.00148307           0   0.0157265  0.00156287
-0.00344966  -0.0157265           0  0.00352946
-0.00832411 -0.00156287 -0.00352946           0
Repeater1[0]<--->HoM1[0]
REAL
   0.366083 -0.00617793 -0.00337903   0.0359528
-0.00617793    0.275908   0.0201899  0.00271853
-0.00337903   0.0201899    0.213997  -0.0209026
  0.0359528  0.00271853  -0.0209026    0.144011
IMAGINARY
          0 -0.00147121  -0.0153987  0.00220045
 0.00147121           0  0.00971925   0.0147682
  0.0153987 -0.00971925           0     0.01219
-0.00220045  -0.0147682    -0.01219           0
EndNode1[0]<--->Repeater1[0]
REAL
  0.396301 0.00467115  0.0128812  0.0150477
0.00467115   0.326288 0.00636286  0.0135671
 0.0128812 0.00636286    0.14531 0.00162608
 0.0150477  0.0135671 0.00162608     0.1321
IMAGINARY
          0  0.00390713  -0.0124766  0.00315995
-0.00390713           0  -0.0135496 -0.00737454
  0.0124766   0.0135496           0  -0.0138327
-0.00315995  0.00737454   0.0138327           0
EndNode2[0]<--->HoM1[0]
REAL
   0.388158   0.0055933   0.0218635   0.0414335
  0.0055933         0.2   0.0264335 -0.00385796
  0.0218635   0.0264335    0.263158  0.00687207
  0.0414335 -0.00385796  0.00687207    0.148684
IMAGINARY
          0  0.00332539  0.00321567  0.00784963
-0.00332539           0  -0.0122969 -0.00196567
-0.00321567   0.0122969           0  0.00792461
-0.00784963  0.00196567 -0.00792461           0
Repeater1[0]<--->EndNode1[0]
REAL
  0.396301  0.0128812 0.00467115  0.0150477
 0.0128812    0.14531 0.00636286 0.00162608
0.00467115 0.00636286   0.326288  0.0135671
 0.0150477 0.00162608  0.0135671     0.1321
IMAGINARY
          0  -0.0124766  0.00390713  0.00315995
  0.0124766           0   0.0135496  -0.0138327
-0.00390713  -0.0135496           0 -0.00737454
-0.00315995   0.0138327  0.00737454           0
Repeater1[0]<--->HoM1[0]
REAL
   0.388158   0.0218635   0.0055933   0.0414335
  0.0218635    0.263158   0.0264335  0.00687207
  0.0055933   0.0264335         0.2 -0.00385796
  0.0414335  0.00687207 -0.00385796    0.148684
IMAGINARY
          0  0.00321567  0.00332539  0.00784963
-0.00321567           0   0.0122969  0.00792461
-0.00332539  -0.0122969           0 -0.00196567
-0.00784963 -0.00792461  0.00196567           0
EndNode1[0]<--->Repeater1[0]
REAL
   0.426667  0.00331388   0.0126095   0.0201108
 0.00331388    0.309333   0.0281059  0.00126104
  0.0126095   0.0281059    0.137333 -0.00529539
  0.0201108  0.00126104 -0.00529539    0.126667
IMAGINARY
          0  -0.0225434 -0.00648361  -0.0098451
  0.0225434           0   -0.006038   0.0181687
 0.00648361    0.006038           0   0.0293085
  0.0098451  -0.0181687  -0.0293085           0
EndNode2[0]<--->HoM1[0]
REAL
   0.388747  0.00307125  -0.0174499   0.0467374
 0.00307125    0.182864   0.0196786  0.00491855
 -0.0174499   0.0196786    0.297954 -0.00307125
  0.0467374  0.00491855 -0.00307125    0.130435
IMAGINARY
          0  0.00785391 -0.00431297 -0.00216035
-0.00785391           0   0.0164073   0.0207836
 0.00431297  -0.0164073           0  -0.0196186
 0.00216035  -0.0207836   0.0196186           0
Repeater1[0]<--->EndNode1[0]
REAL
   0.426667   0.0126095  0.00331388   0.0201108
  0.0126095    0.137333   0.0281059 -0.00529539
 0.00331388   0.0281059    0.309333  0.00126104
  0.0201108 -0.00529539  0.00126104    0.126667
IMAGINARY
          0 -0.00648361  -0.0225434  -0.0098451
 0.00648361           0    0.006038   0.0293085
  0.0225434   -0.006038           0   0.0181687
  0.0098451  -0.0293085  -0.0181687           0
Repeater1[0]<--->HoM1[0]
REAL
   0.388747  -0.0174499  0.00307125   0.0467374
 -0.0174499    0.297954   0.0196786 -0.00307125
 0.00307125   0.0196786    0.182864  0.00491855
  0.0467374 -0.00307125  0.00491855    0.130435
IMAGINARY
          0 -0.00431297  0.00785391 -0.00216035
 0.00431297           0  -0.0164073  -0.0196186
-0.00785391   0.0164073           0   0.0207836
 0.00216035   0.0196186  -0.0207836           0
EndNode1[0]<--->Repeater1[0]
REAL
   0.419397  -0.0151659 -0.00389704   0.0262099
 -0.0151659    0.351245  0.00327412  0.00758255
-0.00389704  0.00327412    0.110092 -0.00940409
  0.0262099  0.00758255 -0.00940409    0.119266
IMAGINARY
           0 -4.13257e-05  -0.00325836    0.0104887
 4.13257e-05            0   0.00326133  -0.00788187
  0.00325836  -0.00326133            0  -0.00454583
  -0.0104887   0.00788187   0.00454583            0
EndNode2[0]<--->HoM1[0]
REAL
  0.414338 -0.0159397  0.0132083  0.0453738
-0.0159397   0.162819 0.00172299  0.0222756
 0.0132083 0.00172299   0.287971  0.0114235
 0.0453738  0.0222756  0.0114235   0.134872
IMAGINARY
          0  0.00223438  -0.0252146  0.00390354
-0.00223438           0 -0.00459319  0.00405062
  0.0252146  0.00459319           0 -0.00355713
-0.00390354 -0.00405062  0.00355713           0
Repeater1[0]<--->EndNode1[0]
REAL
   0.419397 -0.00389704  -0.0151659   0.0262099
-0.00389704    0.110092  0.00327412 -0.00940409
 -0.0151659  0.00327412    0.351245  0.00758255
  0.0262099 -0.00940409  0.00758255    0.119266
IMAGINARY
           0  -0.00325836 -4.13257e-05    0.0104887
  0.00325836            0  -0.00326133  -0.00454583
 4.13257e-05   0.00326133            0  -0.00788187
  -0.0104887   0.00454583   0.00788187            0
Repeater1[0]<--->HoM1[0]
REAL
  0.414338  0.0132083 -0.0159397  0.0453738
 0.0132083   0.287971 0.00172299  0.0114235
-0.0159397 0.00172299   0.162819  0.0222756
 0.0453738  0.0114235  0.0222756   0.134872
IMAGINARY
          0  -0.0252146  0.00223438  0.00390354
  0.0252146           0  0.00459319 -0.00355713
-0.00223438 -0.00459319           0  0.00405062
-0.00390354  0.00355713 -0.00405062           0
EndNode1[0]<--->Repeater1[0]
REAL
   0.426316  -0.0172875  0.00644429  0.00757801
 -0.0172875    0.334211   0.0182732 -0.00581377
 0.00644429   0.0182732    0.139474 -0.00982477
 0.00757801 -0.00581377 -0.00982477         0.1
IMAGINARY
           0   -0.0120363  0.000854836   0.00650111
   0.0120363            0   0.00137291   -0.0289297
-0.000854836  -0.00137291            0  4.23605e-06
 -0.00650111    0.0289297 -4.23605e-06            0
EndNode2[0]<--->HoM1[0]
REAL
   0.389831   -0.012319 -0.00723211   0.0484247
  -0.012319    0.191656   0.0287397 -0.00468758
-0.00723211   0.0287397    0.290743   0.0142011
  0.0484247 -0.00468758   0.0142011    0.127771
IMAGINARY
          0  0.00673255 -0.00599236   0.0129149
-0.00673255           0  -0.0116329 -0.00844334
 0.00599236   0.0116329           0   0.0208265
 -0.0129149  0.00844334  -0.0208265           0
Repeater1[0]<--->EndNode1[0]
REAL
   0.426316  0.00644429  -0.0172875  0.00757801
 0.00644429    0.139474   0.0182732 -0.00982477
 -0.0172875   0.0182732    0.334211 -0.00581377
 0.00757801 -0.00982477 -0.00581377         0.1
IMAGINARY
           0  0.000854836   -0.0120363   0.00650111
-0.000854836            0  -0.00137291  4.23605e-06
   0.0120363   0.00137291            0   -0.0289297
 -0.00650111 -4.23605e-06    0.0289297            0
Repeater1[0]<--->HoM1[0]
REAL
   0.389831 -0.00723211   -0.012319   0.0484247
-0.00723211    0.290743   0.0287397   0.0142011
  -0.012319   0.0287397    0.191656 -0.00468758
  0.0484247   0.0142011 -0.00468758    0.127771
IMAGINARY
          0 -0.00599236  0.00673255   0.0129149
 0.00599236           0   0.0116329   0.0208265
-0.00673255  -0.0116329           0 -0.00844334
 -0.0129149  -0.0208265  0.00844334           0
EndNode1[0]<--->Repeater1[0]
REAL
   0.401035 -0.00384492   0.0122454   0.0152221
-0.00384492    0.354463  -0.0187088 -0.00178518
  0.0122454  -0.0187088    0.126779  -0.0149835
  0.0152221 -0.00178518  -0.0149835    0.117723
IMAGINARY
          0   0.0112077   0.0143891  -0.0053686
 -0.0112077           0 -0.00153228 -0.00990762
 -0.0143891  0.00153228           0  0.00991905
  0.0053686  0.00990762 -0.00991905           0
EndNode2[0]<--->HoM1[0]
REAL
  0.421813  0.0148062  0.0241879  0.0229998
 0.0148062   0.178712  0.0381513 0.00099199
 0.0241879  0.0381513   0.279895 0.00797559
 0.0229998 0.00099199 0.00797559    0.11958
IMAGINARY
         0  0.0151563  0.0169577  0.0188298
-0.0151563          0 -0.0111963  0.0045069
-0.0169577  0.0111963          0  0.0113588
-0.0188298 -0.0045069 -0.0113588          0
Repeater1[0]<--->EndNode1[0]
REAL
   0.401035   0.0122454 -0.00384492   0.0152221
  0.0122454    0.126779  -0.0187088  -0.0149835
-0.00384492  -0.0187088    0.354463 -0.00178518
  0.0152221  -0.0149835 -0.00178518    0.117723
IMAGINARY
          0   0.0143891   0.0112077  -0.0053686
 -0.0143891           0  0.00153228  0.00991905
 -0.0112077 -0.00153228           0 -0.00990762
  0.0053686 -0.00991905  0.00990762           0
Repeater1[0]<--->HoM1[0]
REAL
  0.421813  0.0241879  0.0148062  0.0229998
 0.0241879   0.279895  0.0381513 0.00797559
 0.0148062  0.0381513   0.178712 0.00099199
 0.0229998 0.00797559 0.00099199    0.11958
IMAGINARY
         0  0.0169577  0.0151563  0.0188298
-0.0169577          0  0.0111963  0.0113588
-0.0151563 -0.0111963          0  0.0045069
-0.0188298 -0.0113588 -0.0045069          0
EndNode1[0]<--->Repeater1[0]
REAL
  0.403483  0.0148544 0.00736671  0.0282761
 0.0148544   0.342525 0.00223446  -0.014216
0.00736671 0.00223446   0.121916 0.00693885
 0.0282761  -0.014216 0.00693885   0.132075
IMAGINARY
           0    0.0259539    0.0100518  -0.00213698
  -0.0259539            0   0.00969366 -0.000937214
  -0.0100518  -0.00969366            0    0.0144107
  0.00213698  0.000937214   -0.0144107            0
EndNode2[0]<--->HoM1[0]
REAL
  0.382865  0.0184783 -0.0346263   0.037079
 0.0184783   0.200803   0.025421 -0.0178737
-0.0346263   0.025421   0.269076 -0.0209783
  0.037079 -0.0178737 -0.0209783   0.147256
IMAGINARY
          0    0.015229 -0.00898454  0.00618099
  -0.015229           0   0.0111935  0.00380319
 0.00898454  -0.0111935           0   0.0197451
-0.00618099 -0.00380319  -0.0197451           0
Repeater1[0]<--->EndNode1[0]
REAL
  0.403483 0.00736671  0.0148544  0.0282761
0.00736671   0.121916 0.00223446 0.00693885
 0.0148544 0.00223446   0.342525  -0.014216
 0.0282761 0.00693885  -0.014216   0.132075
IMAGINARY
           0    0.0100518    0.0259539  -0.00213698
  -0.0100518            0  -0.00969366    0.0144107
  -0.0259539   0.00969366            0 -0.000937214
  0.00213698   -0.0144107  0.000937214            0
Repeater1[0]<--->HoM1[0]
REAL
  0.382865 -0.0346263  0.0184783   0.037079
-0.0346263   0.269076   0.025421 -0.0209783
 0.0184783   0.025421   0.200803 -0.0178737
  0.037079 -0.0209783 -0.0178737   0.147256
IMAGINARY
          0 -0.00898454    0.015229  0.00618099
 0.00898454           0  -0.0111935   0.0197451
  -0.015229   0.0111935           0  0.00380319
-0.00618099  -0.0197451 -0.00380319           0
EndNode1[0]<--->Repeater1[0]
REAL
  0.397997  0.0160474  0.0168611  0.0381549
 0.0160474   0.345432  0.0279508 -0.0156592
 0.0168611  0.0279508   0.142678 0.00558718
 0.0381549 -0.0156592 0.00558718   0.113892
IMAGINARY
          0  -0.0129349 -0.00947841    0.018879
  0.0129349           0    0.014879   0.0148806
 0.00947841   -0.014879           0  0.00273086
  -0.018879  -0.0148806 -0.00273086           0
EndNode2[0]<--->HoM1[0]
REAL
  0.402228 0.00837883   0.027212  0.0397208
0.00837883    0.20297  0.0496283 0.00296556
  0.027212  0.0496283   0.262376  0.0277158
 0.0397208 0.00296556  0.0277158   0.132426
IMAGINARY
           0    0.0313887  -0.00500747   -0.0134656
  -0.0313887            0  0.000478605  -0.00622106
  0.00500747 -0.000478605            0   0.00890192
   0.0134656   0.00622106  -0.00890192            0
Repeater1[0]<--->EndNode1[0]
REAL
  0.397997  0.0168611  0.0160474  0.0381549
 0.0168611   0.142678  0.0279508 0.00558718
 0.0160474  0.0279508   0.345432 -0.0156592
 0.0381549 0.00558718 -0.0156592   0.113892
IMAGINARY
          0 -0.00947841  -0.0129349    0.018879
 0.00947841           0   -0.014879  0.00273086
  0.0129349    0.014879           0   0.0148806
  -0.018879 -0.00273086  -0.0148806           0
Repeater1[0]<--->HoM1[0]
REAL
  0.402228   0.027212 0.00837883  0.0397208
  0.027212   0.262376  0.0496283  0.0277158
0.00837883  0.0496283    0.20297 0.00296556
 0.0397208  0.0277158 0.00296556   0.132426
IMAGINARY
           0  -0.00500747    0.0313887   -0.0134656
  0.00500747            0 -0.000478605   0.00890192
  -0.0313887  0.000478605            0  -0.00622106
   0.0134656  -0.00890192   0.00622106            0
EndNode1[0]<--->Repeater1[0]
REAL
   0.405672  -0.0167353 -0.00417176   0.0260737
 -0.0167353    0.348952   0.0121848   0.0028525
-0.00417176   0.0121848    0.134402 -0.00305366
  0.0260737   0.0028525 -0.00305366    0.110974
IMAGINARY
           0  -0.00523931   0.00754749   -0.0115067
  0.00523931            0 -0.000814918   -0.0189111
 -0.00754749  0.000814918            0  -0.00991221
   0.0115067    0.0189111   0.00991221            0
EndNode2[0]<--->HoM1[0]
REAL
    0.40796  -0.0028201 -0.00427663   0.0372845
 -0.0028201    0.176617  0.00427719   0.0181305
-0.00427663  0.00427719    0.278607 -0.00347713
  0.0372845   0.0181305 -0.00347713    0.136816
IMAGINARY
           0    0.0026129  -0.00310815  0.000835084
  -0.0026129            0   0.00879264   0.00922062
  0.00310815  -0.00879264            0   0.00838954
-0.000835084  -0.00922062  -0.00838954            0
Repeater1[0]<--->EndNode1[0]
REAL
   0.405672 -0.00417176  -0.0167353   0.0260737
-0.00417176    0.134402   0.0121848 -0.00305366
 -0.0167353   0.0121848    0.348952   0.0028525
  0.0260737 -0.00305366   0.0028525    0.110974
IMAGINARY
           0   0.00754749  -0.00523931   -0.0115067
 -0.00754749            0  0.000814918  -0.00991221
  0.00523931 -0.000814918            0   -0.0189111
   0.0115067   0.00991221    0.0189111            0
Repeater1[0]<--->HoM1[0]
REAL
    0.40796 -0.00427663  -0.0028201   0.0372845
-0.00427663    0.278607  0.00427719 -0.00347713
 -0.0028201  0.00427719    0.176617   0.0181305
  0.0372845 -0.00347713   0.0181305    0.136816
IMAGINARY
           0  -0.00310815    0.0026129  0.000835084
  0.00310815            0  -0.00879264   0.00838954
  -0.0026129   0.00879264            0   0.00922062
-0.000835084  -0.00838954  -0.00922062            0
