EndNode1[0]<--->Repeater1[0]
REAL
   0.464516 -0.00648524 -0.00691851    0.101548
-0.00648524    0.149677    0.032139  0.00868529
-0.00691851    0.032139    0.211613  0.00942988
   0.101548  0.00868529  0.00942988    0.174194
IMAGINARY
           0   -0.0234149   -0.0274972 -0.000289584
   0.0234149            0   0.00545754   0.00821704
   0.0274972  -0.00545754            0   -0.0125748
 0.000289584  -0.00821704    0.0125748            0
EndNode2[0]<--->HoM1[0]
REAL
   0.423752 -0.00703994  -0.0170999    0.114053
-0.00703994    0.187584   0.0626389   0.0246187
 -0.0170999   0.0626389    0.137652  0.00202741
   0.114053   0.0246187  0.00202741    0.251012
IMAGINARY
          0   0.0144606  0.00554295  0.00634903
 -0.0144606           0 -0.00822638  0.00216913
-0.00554295  0.00822638           0   0.0151024
-0.00634903 -0.00216913  -0.0151024           0
Repeater1[0]<--->EndNode1[0]
REAL
   0.464516 -0.00691851 -0.00648524    0.101548
-0.00691851    0.211613    0.032139  0.00942988
-0.00648524    0.032139    0.149677  0.00868529
   0.101548  0.00942988  0.00868529    0.174194
IMAGINARY
           0   -0.0274972   -0.0234149 -0.000289584
   0.0274972            0  -0.00545754   -0.0125748
   0.0234149   0.00545754            0   0.00821704
 0.000289584    0.0125748  -0.00821704            0
Repeater1[0]<--->HoM1[0]
REAL
   0.423752  -0.0170999 -0.00703994    0.114053
 -0.0170999    0.137652   0.0626389  0.00202741
-0.00703994   0.0626389    0.187584   0.0246187
   0.114053  0.00202741   0.0246187    0.251012
IMAGINARY
          0  0.00554295   0.0144606  0.00634903
-0.00554295           0  0.00822638   0.0151024
 -0.0144606 -0.00822638           0  0.00216913
-0.00634903  -0.0151024 -0.00216913           0
