EndNode1[0]<--->Repeater1[0]
REAL
   0.237569 -0.00281836 -0.00118991  0.00677982
-0.00281836    0.233425   0.0249275    0.010946
-0.00118991   0.0249275    0.225138  -0.0118158
 0.00677982    0.010946  -0.0118158    0.303867
IMAGINARY
          0   0.0125078  -0.0101973   0.0144145
 -0.0125078           0    -0.00895  0.00456524
  0.0101973     0.00895           0   0.0156524
 -0.0144145 -0.00456524  -0.0156524           0
EndNode2[0]<--->HoM1[0]
REAL
   0.246736  0.00360346  -0.0159173  0.00441243
 0.00360346    0.259791 0.000138931 -0.00293834
 -0.0159173 0.000138931    0.236292 -0.00555405
 0.00441243 -0.00293834 -0.00555405     0.25718
IMAGINARY
           0   -0.0184519    0.0184363    0.0163945
   0.0184519            0  0.000134382   0.00659421
  -0.0184363 -0.000134382            0    0.0105154
  -0.0163945  -0.00659421   -0.0105154            0
Repeater1[0]<--->EndNode1[0]
REAL
   0.237569 -0.00118991 -0.00281836  0.00677982
-0.00118991    0.225138   0.0249275  -0.0118158
-0.00281836   0.0249275    0.233425    0.010946
 0.00677982  -0.0118158    0.010946    0.303867
IMAGINARY
          0  -0.0101973   0.0125078   0.0144145
  0.0101973           0     0.00895   0.0156524
 -0.0125078    -0.00895           0  0.00456524
 -0.0144145  -0.0156524 -0.00456524           0
Repeater1[0]<--->HoM1[0]
REAL
   0.246736  -0.0159173  0.00360346  0.00441243
 -0.0159173    0.236292 0.000138931 -0.00555405
 0.00360346 0.000138931    0.259791 -0.00293834
 0.00441243 -0.00555405 -0.00293834     0.25718
IMAGINARY
           0    0.0184363   -0.0184519    0.0163945
  -0.0184363            0 -0.000134382    0.0105154
   0.0184519  0.000134382            0   0.00659421
  -0.0163945   -0.0105154  -0.00659421            0
EndNode1[0]<--->Repeater1[0]
REAL
   0.253521  -0.0100086 -0.00555631   0.0139087
 -0.0100086    0.227913 -0.00222036   0.0133485
-0.00555631 -0.00222036    0.247119  0.00221637
  0.0139087   0.0133485  0.00221637    0.271447
IMAGINARY
          0 -0.00850695  -0.0151563  0.00393877
 0.00850695           0 -0.00734941  -0.0229082
  0.0151563  0.00734941           0  0.00657146
-0.00393877   0.0229082 -0.00657146           0
EndNode2[0]<--->HoM1[0]
REAL
    0.243137 -2.44628e-05   0.00880026    0.0103146
-2.44628e-05     0.220915    0.0179873    0.0106966
  0.00880026    0.0179873     0.258824   -0.0194724
   0.0103146    0.0106966   -0.0194724     0.277124
IMAGINARY
          0  -0.0024867  -0.0223988  -0.0088369
  0.0024867           0  -0.0061631  0.00449603
  0.0223988   0.0061631           0 -0.00390716
  0.0088369 -0.00449603  0.00390716           0
Repeater1[0]<--->EndNode1[0]
REAL
   0.253521 -0.00555631  -0.0100086   0.0139087
-0.00555631    0.247119 -0.00222036  0.00221637
 -0.0100086 -0.00222036    0.227913   0.0133485
  0.0139087  0.00221637   0.0133485    0.271447
IMAGINARY
          0  -0.0151563 -0.00850695  0.00393877
  0.0151563           0  0.00734941  0.00657146
 0.00850695 -0.00734941           0  -0.0229082
-0.00393877 -0.00657146   0.0229082           0
Repeater1[0]<--->HoM1[0]
REAL
    0.243137   0.00880026 -2.44628e-05    0.0103146
  0.00880026     0.258824    0.0179873   -0.0194724
-2.44628e-05    0.0179873     0.220915    0.0106966
   0.0103146   -0.0194724    0.0106966     0.277124
IMAGINARY
          0  -0.0223988  -0.0024867  -0.0088369
  0.0223988           0   0.0061631 -0.00390716
  0.0024867  -0.0061631           0  0.00449603
  0.0088369  0.00390716 -0.00449603           0
EndNode1[0]<--->Repeater1[0]
REAL
   0.283767  0.00711747  0.00094377   0.0056445
 0.00711747    0.237918   0.0332224 -0.00423758
 0.00094377   0.0332224    0.229244 0.000128906
  0.0056445 -0.00423758 0.000128906    0.249071
IMAGINARY
          0 -0.00537463  0.00379489  0.00854711
 0.00537463           0   0.0022534  -0.0169843
-0.00379489  -0.0022534           0  0.00177751
-0.00854711   0.0169843 -0.00177751           0
EndNode2[0]<--->HoM1[0]
REAL
   0.269663   0.0114443  -0.0118246   0.0283325
  0.0114443    0.225968 -0.00299913   0.0144912
 -0.0118246 -0.00299913    0.229713 -0.00611097
  0.0283325   0.0144912 -0.00611097    0.274657
IMAGINARY
          0  -0.0016373   0.0217282    0.010134
  0.0016373           0  0.00497936  -0.0138953
 -0.0217282 -0.00497936           0 -0.00227915
  -0.010134   0.0138953  0.00227915           0
Repeater1[0]<--->EndNode1[0]
REAL
   0.283767  0.00094377  0.00711747   0.0056445
 0.00094377    0.229244   0.0332224 0.000128906
 0.00711747   0.0332224    0.237918 -0.00423758
  0.0056445 0.000128906 -0.00423758    0.249071
IMAGINARY
          0  0.00379489 -0.00537463  0.00854711
-0.00379489           0  -0.0022534  0.00177751
 0.00537463   0.0022534           0  -0.0169843
-0.00854711 -0.00177751   0.0169843           0
Repeater1[0]<--->HoM1[0]
REAL
   0.269663  -0.0118246   0.0114443   0.0283325
 -0.0118246    0.229713 -0.00299913 -0.00611097
  0.0114443 -0.00299913    0.225968   0.0144912
  0.0283325 -0.00611097   0.0144912    0.274657
IMAGINARY
          0   0.0217282  -0.0016373    0.010134
 -0.0217282           0 -0.00497936 -0.00227915
  0.0016373  0.00497936           0  -0.0138953
  -0.010134  0.00227915   0.0138953           0
EndNode1[0]<--->Repeater1[0]
REAL
  0.256177 -0.0148092 0.00741624  0.0185406
-0.0148092   0.253576  0.0102814  0.0176464
0.00741624  0.0102814   0.224967   0.012303
 0.0185406  0.0176464   0.012303    0.26528
IMAGINARY
          0  0.00158831  0.00662187 -0.00129846
-0.00158831           0 -0.00262824 -0.00344525
-0.00662187  0.00262824           0  0.00158831
 0.00129846  0.00344525 -0.00158831           0
EndNode2[0]<--->HoM1[0]
REAL
     0.25887 -0.000561836  -0.00430482    0.0287011
-0.000561836      0.21025  -0.00544526  -0.00990706
 -0.00430482  -0.00544526     0.257556    0.0108978
   0.0287011  -0.00990706    0.0108978     0.273325
IMAGINARY
          0   0.0138419 -0.00455795 -0.00524147
 -0.0138419           0  0.00848402 -0.00519815
 0.00455795 -0.00848402           0  0.00810937
 0.00524147  0.00519815 -0.00810937           0
Repeater1[0]<--->EndNode1[0]
REAL
  0.256177 0.00741624 -0.0148092  0.0185406
0.00741624   0.224967  0.0102814   0.012303
-0.0148092  0.0102814   0.253576  0.0176464
 0.0185406   0.012303  0.0176464    0.26528
IMAGINARY
          0  0.00662187  0.00158831 -0.00129846
-0.00662187           0  0.00262824  0.00158831
-0.00158831 -0.00262824           0 -0.00344525
 0.00129846 -0.00158831  0.00344525           0
Repeater1[0]<--->HoM1[0]
REAL
     0.25887  -0.00430482 -0.000561836    0.0287011
 -0.00430482     0.257556  -0.00544526    0.0108978
-0.000561836  -0.00544526      0.21025  -0.00990706
   0.0287011    0.0108978  -0.00990706     0.273325
IMAGINARY
          0 -0.00455795   0.0138419 -0.00524147
 0.00455795           0 -0.00848402  0.00810937
 -0.0138419  0.00848402           0 -0.00519815
 0.00524147 -0.00810937  0.00519815           0
EndNode1[0]<--->Repeater1[0]
REAL
    0.273427   -0.0026658  -0.00567156    0.0448733
  -0.0026658     0.241335 -0.000811988   -0.0141241
 -0.00567156 -0.000811988     0.206675    0.0147986
   0.0448733   -0.0141241    0.0147986     0.278562
IMAGINARY
          0   0.0242748   0.0146972  0.00730222
 -0.0242748           0  0.00792957   0.0030693
 -0.0146972 -0.00792957           0  -0.0115845
-0.00730222  -0.0030693   0.0115845           0
EndNode2[0]<--->HoM1[0]
REAL
   0.257246 -0.00294657  0.00533329   0.0163157
-0.00294657    0.224638   0.0306386  -0.0091404
 0.00533329   0.0306386    0.264493  -0.0148199
  0.0163157  -0.0091404  -0.0148199    0.253623
IMAGINARY
          0 -0.00195312 -0.00130208 -0.00903819
 0.00195312           0 -0.00454525 -0.00130208
 0.00130208  0.00454525           0 -0.00195312
 0.00903819  0.00130208  0.00195312           0
Repeater1[0]<--->EndNode1[0]
REAL
    0.273427  -0.00567156   -0.0026658    0.0448733
 -0.00567156     0.206675 -0.000811988    0.0147986
  -0.0026658 -0.000811988     0.241335   -0.0141241
   0.0448733    0.0147986   -0.0141241     0.278562
IMAGINARY
          0   0.0146972   0.0242748  0.00730222
 -0.0146972           0 -0.00792957  -0.0115845
 -0.0242748  0.00792957           0   0.0030693
-0.00730222   0.0115845  -0.0030693           0
Repeater1[0]<--->HoM1[0]
REAL
   0.257246  0.00533329 -0.00294657   0.0163157
 0.00533329    0.264493   0.0306386  -0.0148199
-0.00294657   0.0306386    0.224638  -0.0091404
  0.0163157  -0.0148199  -0.0091404    0.253623
IMAGINARY
          0 -0.00130208 -0.00195312 -0.00903819
 0.00130208           0  0.00454525 -0.00195312
 0.00195312 -0.00454525           0 -0.00130208
 0.00903819  0.00195312  0.00130208           0
EndNode1[0]<--->Repeater1[0]
REAL
   0.259894  -0.0170182  0.00441432   0.0332128
 -0.0170182    0.251979 0.000211519   0.0180959
 0.00441432 0.000211519    0.238786  -0.0150419
  0.0332128   0.0180959  -0.0150419     0.24934
IMAGINARY
           0 -0.000655071    0.0144255   -0.0131277
 0.000655071            0   -0.0112313   -0.0162935
  -0.0144255    0.0112313            0   -0.0136662
   0.0131277    0.0162935    0.0136662            0
EndNode2[0]<--->HoM1[0]
REAL
    0.265332  -0.00355701  -0.00197241   0.00766347
 -0.00355701       0.2403   0.00314734      0.01954
 -0.00197241   0.00314734     0.230288 -0.000497039
  0.00766347      0.01954 -0.000497039      0.26408
IMAGINARY
          0  0.00335084  0.00354839   0.0129587
-0.00335084           0  -0.0204587  0.00354839
-0.00354839   0.0204587           0 -0.00270568
 -0.0129587 -0.00354839  0.00270568           0
Repeater1[0]<--->EndNode1[0]
REAL
   0.259894  0.00441432  -0.0170182   0.0332128
 0.00441432    0.238786 0.000211519  -0.0150419
 -0.0170182 0.000211519    0.251979   0.0180959
  0.0332128  -0.0150419   0.0180959     0.24934
IMAGINARY
           0    0.0144255 -0.000655071   -0.0131277
  -0.0144255            0    0.0112313   -0.0136662
 0.000655071   -0.0112313            0   -0.0162935
   0.0131277    0.0136662    0.0162935            0
Repeater1[0]<--->HoM1[0]
REAL
    0.265332  -0.00197241  -0.00355701   0.00766347
 -0.00197241     0.230288   0.00314734 -0.000497039
 -0.00355701   0.00314734       0.2403      0.01954
  0.00766347 -0.000497039      0.01954      0.26408
IMAGINARY
          0  0.00354839  0.00335084   0.0129587
-0.00354839           0   0.0204587 -0.00270568
-0.00335084  -0.0204587           0  0.00354839
 -0.0129587  0.00270568 -0.00354839           0
EndNode1[0]<--->Repeater1[0]
REAL
   0.290014   0.0327985   -0.018526   0.0198984
  0.0327985    0.228454  0.00338588   0.0197515
  -0.018526  0.00338588     0.27223 -0.00828871
  0.0198984   0.0197515 -0.00828871    0.209302
IMAGINARY
          0  -0.0078082  -0.0076304  0.00991883
  0.0078082           0   -0.014715 -0.00359814
  0.0076304    0.014715           0   0.0111107
-0.00991883  0.00359814  -0.0111107           0
EndNode2[0]<--->HoM1[0]
REAL
    0.262274  -0.00737164   -0.0021983    0.0117873
 -0.00737164     0.229974    0.0111371 -0.000899596
  -0.0021983    0.0111371      0.23385  -0.00192204
   0.0117873 -0.000899596  -0.00192204     0.273902
IMAGINARY
          0  0.00141734  0.00227888 -0.00437117
-0.00141734           0 -0.00949937  -0.0198341
-0.00227888  0.00949937           0  0.00833558
 0.00437117   0.0198341 -0.00833558           0
Repeater1[0]<--->EndNode1[0]
REAL
   0.290014   -0.018526   0.0327985   0.0198984
  -0.018526     0.27223  0.00338588 -0.00828871
  0.0327985  0.00338588    0.228454   0.0197515
  0.0198984 -0.00828871   0.0197515    0.209302
IMAGINARY
          0  -0.0076304  -0.0078082  0.00991883
  0.0076304           0    0.014715   0.0111107
  0.0078082   -0.014715           0 -0.00359814
-0.00991883  -0.0111107  0.00359814           0
Repeater1[0]<--->HoM1[0]
REAL
    0.262274   -0.0021983  -0.00737164    0.0117873
  -0.0021983      0.23385    0.0111371  -0.00192204
 -0.00737164    0.0111371     0.229974 -0.000899596
   0.0117873  -0.00192204 -0.000899596     0.273902
IMAGINARY
          0  0.00227888  0.00141734 -0.00437117
-0.00227888           0  0.00949937  0.00833558
-0.00141734 -0.00949937           0  -0.0198341
 0.00437117 -0.00833558   0.0198341           0
EndNode1[0]<--->Repeater1[0]
REAL
  0.260814 -0.0100556 0.00130507  0.0222831
-0.0100556   0.215013  0.0164766  0.0025709
0.00130507  0.0164766   0.283715 -0.0132002
 0.0222831  0.0025709 -0.0132002   0.240458
IMAGINARY
          0   0.0232038 -0.00548971  0.00292948
 -0.0232038           0  -0.0135396  0.00355422
 0.00548971   0.0135396           0   0.0213123
-0.00292948 -0.00355422  -0.0213123           0
EndNode2[0]<--->HoM1[0]
REAL
  0.263505  0.0132694 0.00462867 0.00704833
 0.0132694   0.235837  0.0143524 -0.0195444
0.00462867  0.0143524   0.233202  0.0120225
0.00704833 -0.0195444  0.0120225   0.267457
IMAGINARY
           0  0.000752545   -0.0167936  -0.00216796
-0.000752545            0   0.00345001   0.00683346
   0.0167936  -0.00345001            0    0.0118637
  0.00216796  -0.00683346   -0.0118637            0
Repeater1[0]<--->EndNode1[0]
REAL
  0.260814 0.00130507 -0.0100556  0.0222831
0.00130507   0.283715  0.0164766 -0.0132002
-0.0100556  0.0164766   0.215013  0.0025709
 0.0222831 -0.0132002  0.0025709   0.240458
IMAGINARY
          0 -0.00548971   0.0232038  0.00292948
 0.00548971           0   0.0135396   0.0213123
 -0.0232038  -0.0135396           0  0.00355422
-0.00292948  -0.0213123 -0.00355422           0
Repeater1[0]<--->HoM1[0]
REAL
  0.263505 0.00462867  0.0132694 0.00704833
0.00462867   0.233202  0.0143524  0.0120225
 0.0132694  0.0143524   0.235837 -0.0195444
0.00704833  0.0120225 -0.0195444   0.267457
IMAGINARY
           0   -0.0167936  0.000752545  -0.00216796
   0.0167936            0  -0.00345001    0.0118637
-0.000752545   0.00345001            0   0.00683346
  0.00216796   -0.0118637  -0.00683346            0
EndNode1[0]<--->Repeater1[0]
REAL
   0.277427   0.0057845 -0.00627548   0.0159934
  0.0057845    0.234552   0.0141113   0.0115111
-0.00627548   0.0141113    0.218159    0.013849
  0.0159934   0.0115111    0.013849    0.269861
IMAGINARY
           0    0.0106196   0.00628221 -0.000353504
  -0.0106196            0   0.00937412 -0.000636033
 -0.00628221  -0.00937412            0   -0.0074828
 0.000353504  0.000636033    0.0074828            0
EndNode2[0]<--->HoM1[0]
REAL
   0.256378   0.0078669  0.00373755   0.0148347
  0.0078669     0.23852   0.0290466  0.00306096
 0.00373755   0.0290466     0.21301 -0.00972104
  0.0148347  0.00306096 -0.00972104    0.292092
IMAGINARY
          0  -0.0022672  0.00614809    0.020221
  0.0022672           0  0.00174968   0.0080638
-0.00614809 -0.00174968           0 -0.00419275
  -0.020221  -0.0080638  0.00419275           0
Repeater1[0]<--->EndNode1[0]
REAL
   0.277427 -0.00627548   0.0057845   0.0159934
-0.00627548    0.218159   0.0141113    0.013849
  0.0057845   0.0141113    0.234552   0.0115111
  0.0159934    0.013849   0.0115111    0.269861
IMAGINARY
           0   0.00628221    0.0106196 -0.000353504
 -0.00628221            0  -0.00937412   -0.0074828
  -0.0106196   0.00937412            0 -0.000636033
 0.000353504    0.0074828  0.000636033            0
Repeater1[0]<--->HoM1[0]
REAL
   0.256378  0.00373755   0.0078669   0.0148347
 0.00373755     0.21301   0.0290466 -0.00972104
  0.0078669   0.0290466     0.23852  0.00306096
  0.0148347 -0.00972104  0.00306096    0.292092
IMAGINARY
          0  0.00614809  -0.0022672    0.020221
-0.00614809           0 -0.00174968 -0.00419275
  0.0022672  0.00174968           0   0.0080638
  -0.020221  0.00419275  -0.0080638           0
EndNode1[0]<--->Repeater1[0]
REAL
   0.296552 -0.00738012   0.0239611 -0.00245161
-0.00738012    0.215172   0.0304516 -0.00262776
  0.0239611   0.0304516    0.208276 -0.00328655
-0.00245161 -0.00262776 -0.00328655        0.28
IMAGINARY
          0  0.00295528  -0.0197207  -0.0199639
-0.00295528           0  0.00993879  0.00101101
  0.0197207 -0.00993879           0  -0.0319875
  0.0199639 -0.00101101   0.0319875           0
EndNode2[0]<--->HoM1[0]
REAL
   0.295905   0.0133978 -0.00586772  0.00623815
  0.0133978     0.23646 -0.00688834 -0.00518559
-0.00586772 -0.00688834    0.224571 0.000256335
 0.00623815 -0.00518559 0.000256335    0.243065
IMAGINARY
          0  -0.0355831  0.00191867  0.00936628
  0.0355831           0  0.00810684 -0.00788525
-0.00191867 -0.00810684           0   0.0057502
-0.00936628  0.00788525  -0.0057502           0
Repeater1[0]<--->EndNode1[0]
REAL
   0.296552   0.0239611 -0.00738012 -0.00245161
  0.0239611    0.208276   0.0304516 -0.00328655
-0.00738012   0.0304516    0.215172 -0.00262776
-0.00245161 -0.00328655 -0.00262776        0.28
IMAGINARY
          0  -0.0197207  0.00295528  -0.0199639
  0.0197207           0 -0.00993879  -0.0319875
-0.00295528  0.00993879           0  0.00101101
  0.0199639   0.0319875 -0.00101101           0
Repeater1[0]<--->HoM1[0]
REAL
   0.295905 -0.00586772   0.0133978  0.00623815
-0.00586772    0.224571 -0.00688834 0.000256335
  0.0133978 -0.00688834     0.23646 -0.00518559
 0.00623815 0.000256335 -0.00518559    0.243065
IMAGINARY
          0  0.00191867  -0.0355831  0.00936628
-0.00191867           0 -0.00810684   0.0057502
  0.0355831  0.00810684           0 -0.00788525
-0.00936628  -0.0057502  0.00788525           0
