EndNode1[0]<--->Repeater1[0]
REAL
  0.613861 -0.0132827  0.0181107  0.0210513
-0.0132827    0.12005 -0.0178088 0.00588415
 0.0181107 -0.0178088   0.216584 0.00485205
 0.0210513 0.00588415 0.00485205   0.049505
IMAGINARY
           0   0.00631888   -0.0150718 -0.000386941
 -0.00631888            0   0.00100195    0.0176625
   0.0150718  -0.00100195            0  -0.00890955
 0.000386941   -0.0176625   0.00890955            0
EndNode2[0]<--->HoM1[0]
REAL
  0.537869 -0.0103866  0.0180498  0.0364875
-0.0103866   0.218228  0.0088493 -0.0038011
 0.0180498  0.0088493   0.166881 -0.0077481
 0.0364875 -0.0038011 -0.0077481  0.0770218
IMAGINARY
           0    0.0288756  0.000976367 -0.000198219
  -0.0288756            0  -0.00543382    0.0115864
-0.000976367   0.00543382            0    0.0213756
 0.000198219   -0.0115864   -0.0213756            0
Repeater1[0]<--->EndNode1[0]
REAL
  0.613861  0.0181107 -0.0132827  0.0210513
 0.0181107   0.216584 -0.0178088 0.00485205
-0.0132827 -0.0178088    0.12005 0.00588415
 0.0210513 0.00485205 0.00588415   0.049505
IMAGINARY
           0   -0.0150718   0.00631888 -0.000386941
   0.0150718            0  -0.00100195  -0.00890955
 -0.00631888   0.00100195            0    0.0176625
 0.000386941   0.00890955   -0.0176625            0
Repeater1[0]<--->HoM1[0]
REAL
  0.537869  0.0180498 -0.0103866  0.0364875
 0.0180498   0.166881  0.0088493 -0.0077481
-0.0103866  0.0088493   0.218228 -0.0038011
 0.0364875 -0.0077481 -0.0038011  0.0770218
IMAGINARY
           0  0.000976367    0.0288756 -0.000198219
-0.000976367            0   0.00543382    0.0213756
  -0.0288756  -0.00543382            0    0.0115864
 0.000198219   -0.0213756   -0.0115864            0
EndNode1[0]<--->Repeater1[0]
REAL
   0.621384  0.00544696  -0.0101972  -0.0114972
 0.00544696    0.119497 -0.00669606  -0.0230524
 -0.0101972 -0.00669606    0.233962   0.0252933
 -0.0114972  -0.0230524   0.0252933   0.0251572
IMAGINARY
           0  0.000707882    0.0157458   -0.0172316
-0.000707882            0    0.0082342    0.0151184
  -0.0157458   -0.0082342            0   0.00134973
   0.0172316   -0.0151184  -0.00134973            0
EndNode2[0]<--->HoM1[0]
REAL
    0.514628    0.0168678  -0.00648862    0.0202487
   0.0168678     0.246011   -0.0104703 -0.000682172
 -0.00648862   -0.0104703     0.174202   -0.0162159
   0.0202487 -0.000682172   -0.0162159    0.0651596
IMAGINARY
          0   0.0183092  0.00641366  0.00397503
 -0.0183092           0  -0.0148585   -0.012296
-0.00641366   0.0148585           0   0.0150241
-0.00397503    0.012296  -0.0150241           0
Repeater1[0]<--->EndNode1[0]
REAL
   0.621384  -0.0101972  0.00544696  -0.0114972
 -0.0101972    0.233962 -0.00669606   0.0252933
 0.00544696 -0.00669606    0.119497  -0.0230524
 -0.0114972   0.0252933  -0.0230524   0.0251572
IMAGINARY
           0    0.0157458  0.000707882   -0.0172316
  -0.0157458            0   -0.0082342   0.00134973
-0.000707882    0.0082342            0    0.0151184
   0.0172316  -0.00134973   -0.0151184            0
Repeater1[0]<--->HoM1[0]
REAL
    0.514628  -0.00648862    0.0168678    0.0202487
 -0.00648862     0.174202   -0.0104703   -0.0162159
   0.0168678   -0.0104703     0.246011 -0.000682172
   0.0202487   -0.0162159 -0.000682172    0.0651596
IMAGINARY
          0  0.00641366   0.0183092  0.00397503
-0.00641366           0   0.0148585   0.0150241
 -0.0183092  -0.0148585           0   -0.012296
-0.00397503  -0.0150241    0.012296           0
