EndNode1[0]<--->Repeater1[0]
REAL
  0.388518  -0.012375   0.010428    0.14304
 -0.012375   0.206943  0.0279659 -0.0157534
  0.010428  0.0279659   0.154873  0.0141502
   0.14304 -0.0157534  0.0141502   0.249666
IMAGINARY
          0  0.00185376  -0.0180229   0.0139587
-0.00185376           0   0.0202878   0.0133123
  0.0180229  -0.0202878           0 -0.00252671
 -0.0139587  -0.0133123  0.00252671           0
EndNode2[0]<--->HoM1[0]
REAL
   0.336646   0.0109598  -0.0199557    0.163844
  0.0109598    0.196273   0.0615712      0.0091
 -0.0199557   0.0615712    0.196273 -0.00521269
   0.163844      0.0091 -0.00521269    0.270807
IMAGINARY
          0  0.00664919   0.0114548 -0.00916127
-0.00664919           0   0.0111639  0.00243414
 -0.0114548  -0.0111639           0 -0.00412394
 0.00916127 -0.00243414  0.00412394           0
Repeater1[0]<--->EndNode1[0]
REAL
  0.388518   0.010428  -0.012375    0.14304
  0.010428   0.154873  0.0279659  0.0141502
 -0.012375  0.0279659   0.206943 -0.0157534
   0.14304  0.0141502 -0.0157534   0.249666
IMAGINARY
          0  -0.0180229  0.00185376   0.0139587
  0.0180229           0  -0.0202878 -0.00252671
-0.00185376   0.0202878           0   0.0133123
 -0.0139587  0.00252671  -0.0133123           0
Repeater1[0]<--->HoM1[0]
REAL
   0.336646  -0.0199557   0.0109598    0.163844
 -0.0199557    0.196273   0.0615712 -0.00521269
  0.0109598   0.0615712    0.196273      0.0091
   0.163844 -0.00521269      0.0091    0.270807
IMAGINARY
          0   0.0114548  0.00664919 -0.00916127
 -0.0114548           0  -0.0111639 -0.00412394
-0.00664919   0.0111639           0  0.00243414
 0.00916127  0.00412394 -0.00243414           0
EndNode1[0]<--->Repeater1[0]
REAL
   0.394459 -0.00735236  -0.0118742    0.148887
-0.00735236     0.19657   0.0630418   0.0118742
 -0.0118742   0.0630418    0.168865 -0.00153089
   0.148887   0.0118742 -0.00153089    0.240106
IMAGINARY
          0   0.0159911  0.00282414  0.00460421
 -0.0159911           0  -0.0225276 -0.00479007
-0.00282414   0.0225276           0  -0.0035402
-0.00460421  0.00479007   0.0035402           0
EndNode2[0]<--->HoM1[0]
REAL
   0.369032 -0.00740277   0.0100998    0.170891
-0.00740277    0.188387   0.0428344   0.0258479
  0.0100998   0.0428344    0.197419   0.0158995
   0.170891   0.0258479   0.0158995    0.245161
IMAGINARY
           0    0.0042417  -0.00103925    0.0057014
  -0.0042417            0  0.000775288  -0.00603925
  0.00103925 -0.000775288            0    0.0144198
  -0.0057014   0.00603925   -0.0144198            0
Repeater1[0]<--->EndNode1[0]
REAL
   0.394459  -0.0118742 -0.00735236    0.148887
 -0.0118742    0.168865   0.0630418 -0.00153089
-0.00735236   0.0630418     0.19657   0.0118742
   0.148887 -0.00153089   0.0118742    0.240106
IMAGINARY
          0  0.00282414   0.0159911  0.00460421
-0.00282414           0   0.0225276  -0.0035402
 -0.0159911  -0.0225276           0 -0.00479007
-0.00460421   0.0035402  0.00479007           0
Repeater1[0]<--->HoM1[0]
REAL
   0.369032   0.0100998 -0.00740277    0.170891
  0.0100998    0.197419   0.0428344   0.0158995
-0.00740277   0.0428344    0.188387   0.0258479
   0.170891   0.0158995   0.0258479    0.245161
IMAGINARY
           0  -0.00103925    0.0042417    0.0057014
  0.00103925            0 -0.000775288    0.0144198
  -0.0042417  0.000775288            0  -0.00603925
  -0.0057014   -0.0144198   0.00603925            0
EndNode1[0]<--->Repeater1[0]
REAL
   0.364486 -0.00635676   0.0101404     0.16852
-0.00635676    0.205607   0.0498426  0.00102583
  0.0101404   0.0498426    0.178905   0.0162823
    0.16852  0.00102583   0.0162823    0.251001
IMAGINARY
          0   0.0189059  0.00163138  0.00296342
 -0.0189059           0   0.0042655   -0.013953
-0.00163138  -0.0042655           0 -0.00658427
-0.00296342    0.013953  0.00658427           0
EndNode2[0]<--->HoM1[0]
REAL
   0.338139 -0.00127143  0.00130888    0.171106
-0.00127143    0.199214   0.0664265  0.00394046
 0.00130888   0.0664265    0.187418  0.00652078
   0.171106  0.00394046  0.00652078    0.275229
IMAGINARY
           0   0.00762207 -0.000593181   0.00385889
 -0.00762207            0   0.00924972   0.00551929
 0.000593181  -0.00924972            0    0.0231661
 -0.00385889  -0.00551929   -0.0231661            0
Repeater1[0]<--->EndNode1[0]
REAL
   0.364486   0.0101404 -0.00635676     0.16852
  0.0101404    0.178905   0.0498426   0.0162823
-0.00635676   0.0498426    0.205607  0.00102583
    0.16852   0.0162823  0.00102583    0.251001
IMAGINARY
          0  0.00163138   0.0189059  0.00296342
-0.00163138           0  -0.0042655 -0.00658427
 -0.0189059   0.0042655           0   -0.013953
-0.00296342  0.00658427    0.013953           0
Repeater1[0]<--->HoM1[0]
REAL
   0.338139  0.00130888 -0.00127143    0.171106
 0.00130888    0.187418   0.0664265  0.00652078
-0.00127143   0.0664265    0.199214  0.00394046
   0.171106  0.00652078  0.00394046    0.275229
IMAGINARY
           0 -0.000593181   0.00762207   0.00385889
 0.000593181            0  -0.00924972    0.0231661
 -0.00762207   0.00924972            0   0.00551929
 -0.00385889   -0.0231661  -0.00551929            0
EndNode1[0]<--->Repeater1[0]
REAL
   0.378079  0.00325014  0.00133008    0.149234
 0.00325014    0.197044   0.0348386  0.00258637
 0.00133008   0.0348386    0.178571 -0.00194466
   0.149234  0.00258637 -0.00194466    0.246305
IMAGINARY
          0 -0.00963022  -0.0120062  -0.0127308
 0.00963022           0 -0.00841516  -0.0252688
  0.0120062  0.00841516           0 -0.00193791
  0.0127308   0.0252688  0.00193791           0
EndNode2[0]<--->HoM1[0]
REAL
   0.349805  0.00662383 -0.00728501    0.161581
 0.00662383    0.189857   0.0716713 -0.00794032
-0.00728501   0.0716713    0.184655   -0.013323
   0.161581 -0.00794032   -0.013323    0.275683
IMAGINARY
           0  0.000916908    0.0130373    0.0225833
-0.000916908            0   -0.0133969  -0.00721584
  -0.0130373    0.0133969            0    0.0100792
  -0.0225833   0.00721584   -0.0100792            0
Repeater1[0]<--->EndNode1[0]
REAL
   0.378079  0.00133008  0.00325014    0.149234
 0.00133008    0.178571   0.0348386 -0.00194466
 0.00325014   0.0348386    0.197044  0.00258637
   0.149234 -0.00194466  0.00258637    0.246305
IMAGINARY
          0  -0.0120062 -0.00963022  -0.0127308
  0.0120062           0  0.00841516 -0.00193791
 0.00963022 -0.00841516           0  -0.0252688
  0.0127308  0.00193791   0.0252688           0
Repeater1[0]<--->HoM1[0]
REAL
   0.349805 -0.00728501  0.00662383    0.161581
-0.00728501    0.184655   0.0716713   -0.013323
 0.00662383   0.0716713    0.189857 -0.00794032
   0.161581   -0.013323 -0.00794032    0.275683
IMAGINARY
           0    0.0130373  0.000916908    0.0225833
  -0.0130373            0    0.0133969    0.0100792
-0.000916908   -0.0133969            0  -0.00721584
  -0.0225833   -0.0100792   0.00721584            0
EndNode1[0]<--->Repeater1[0]
REAL
   0.370423  0.00169302 -0.00498109     0.15099
 0.00169302    0.214085   0.0414183   0.0089078
-0.00498109   0.0414183    0.159155  0.00354259
    0.15099   0.0089078  0.00354259    0.256338
IMAGINARY
          0   0.0107927  0.00626906  -0.0140147
 -0.0107927           0 -0.00215449  0.00758485
-0.00626906  0.00215449           0  -0.0271655
  0.0140147 -0.00758485   0.0271655           0
EndNode2[0]<--->HoM1[0]
REAL
   0.365333  -0.0107285 -0.00332993    0.170354
 -0.0107285        0.18   0.0404428  0.00847132
-0.00332993   0.0404428    0.194667   0.0068725
   0.170354  0.00847132   0.0068725        0.26
IMAGINARY
          0 -0.00582576 -0.00997158  0.00904393
 0.00582576           0  0.00904393  -0.0223478
 0.00997158 -0.00904393           0   0.0102618
-0.00904393   0.0223478  -0.0102618           0
Repeater1[0]<--->EndNode1[0]
REAL
   0.370423 -0.00498109  0.00169302     0.15099
-0.00498109    0.159155   0.0414183  0.00354259
 0.00169302   0.0414183    0.214085   0.0089078
    0.15099  0.00354259   0.0089078    0.256338
IMAGINARY
          0  0.00626906   0.0107927  -0.0140147
-0.00626906           0  0.00215449  -0.0271655
 -0.0107927 -0.00215449           0  0.00758485
  0.0140147   0.0271655 -0.00758485           0
Repeater1[0]<--->HoM1[0]
REAL
   0.365333 -0.00332993  -0.0107285    0.170354
-0.00332993    0.194667   0.0404428   0.0068725
 -0.0107285   0.0404428        0.18  0.00847132
   0.170354   0.0068725  0.00847132        0.26
IMAGINARY
          0 -0.00997158 -0.00582576  0.00904393
 0.00997158           0 -0.00904393   0.0102618
 0.00582576  0.00904393           0  -0.0223478
-0.00904393  -0.0102618   0.0223478           0
EndNode1[0]<--->Repeater1[0]
REAL
    0.348659  -0.00914887  -0.00228251     0.159917
 -0.00914887     0.227331    0.0550889 -0.000870078
 -0.00228251    0.0550889     0.181354  0.000952144
    0.159917 -0.000870078  0.000952144     0.242656
IMAGINARY
          0   0.0182109 -0.00194753   0.0252754
 -0.0182109           0  -0.0108463  -0.0101236
 0.00194753   0.0108463           0   0.0129199
 -0.0252754   0.0101236  -0.0129199           0
EndNode2[0]<--->HoM1[0]
REAL
   0.362733  -0.0131738  0.00896617    0.186643
 -0.0131738         0.2   0.0407579 -0.00049159
 0.00896617   0.0407579    0.181366 -0.00236296
   0.186643 -0.00049159 -0.00236296    0.255901
IMAGINARY
          0   -0.006252   0.0027569   0.0138898
   0.006252           0 -0.00697157   0.0159463
 -0.0027569  0.00697157           0 -0.00496995
 -0.0138898  -0.0159463  0.00496995           0
Repeater1[0]<--->EndNode1[0]
REAL
    0.348659  -0.00228251  -0.00914887     0.159917
 -0.00228251     0.181354    0.0550889  0.000952144
 -0.00914887    0.0550889     0.227331 -0.000870078
    0.159917  0.000952144 -0.000870078     0.242656
IMAGINARY
          0 -0.00194753   0.0182109   0.0252754
 0.00194753           0   0.0108463   0.0129199
 -0.0182109  -0.0108463           0  -0.0101236
 -0.0252754  -0.0129199   0.0101236           0
Repeater1[0]<--->HoM1[0]
REAL
   0.362733  0.00896617  -0.0131738    0.186643
 0.00896617    0.181366   0.0407579 -0.00236296
 -0.0131738   0.0407579         0.2 -0.00049159
   0.186643 -0.00236296 -0.00049159    0.255901
IMAGINARY
          0   0.0027569   -0.006252   0.0138898
 -0.0027569           0  0.00697157 -0.00496995
   0.006252 -0.00697157           0   0.0159463
 -0.0138898  0.00496995  -0.0159463           0
EndNode1[0]<--->Repeater1[0]
REAL
   0.372813    0.015352   0.0103336    0.140583
   0.015352    0.200538   0.0456147   0.0183123
  0.0103336   0.0456147    0.176312 -0.00884157
   0.140583   0.0183123 -0.00884157    0.250336
IMAGINARY
          0   0.0144445  -0.0182284   0.0141457
 -0.0144445           0 -0.00334522  -0.0188786
  0.0182284  0.00334522           0   0.0125995
 -0.0141457   0.0188786  -0.0125995           0
EndNode2[0]<--->HoM1[0]
REAL
    0.375691   -0.0104291 -1.64795e-05     0.169491
  -0.0104291     0.151934    0.0282132    0.0025675
-1.64795e-05    0.0282132     0.191989   0.00660255
    0.169491    0.0025675   0.00660255     0.280387
IMAGINARY
          0 -0.00419136 -0.00966853  0.00393835
 0.00419136           0 -0.00711497    0.010897
 0.00966853  0.00711497           0 -0.00686515
-0.00393835   -0.010897  0.00686515           0
Repeater1[0]<--->EndNode1[0]
REAL
   0.372813   0.0103336    0.015352    0.140583
  0.0103336    0.176312   0.0456147 -0.00884157
   0.015352   0.0456147    0.200538   0.0183123
   0.140583 -0.00884157   0.0183123    0.250336
IMAGINARY
          0  -0.0182284   0.0144445   0.0141457
  0.0182284           0  0.00334522   0.0125995
 -0.0144445 -0.00334522           0  -0.0188786
 -0.0141457  -0.0125995   0.0188786           0
Repeater1[0]<--->HoM1[0]
REAL
    0.375691 -1.64795e-05   -0.0104291     0.169491
-1.64795e-05     0.191989    0.0282132   0.00660255
  -0.0104291    0.0282132     0.151934    0.0025675
    0.169491   0.00660255    0.0025675     0.280387
IMAGINARY
          0 -0.00966853 -0.00419136  0.00393835
 0.00966853           0  0.00711497 -0.00686515
 0.00419136 -0.00711497           0    0.010897
-0.00393835  0.00686515   -0.010897           0
