EndNode1[0]<--->Repeater1[0]
REAL
    0.45006  -0.0086238 -0.00286343   0.0448799
 -0.0086238    0.172082  -0.0151707 -0.00156135
-0.00286343  -0.0151707    0.150421   0.0117844
  0.0448799 -0.00156135   0.0117844    0.227437
IMAGINARY
           0    0.0151827  0.000212017  -0.00075314
  -0.0151827            0    0.0160254   -0.0147506
-0.000212017   -0.0160254            0   -0.0208717
  0.00075314    0.0147506    0.0208717            0
EndNode2[0]<--->HoM1[0]
REAL
   0.392487  -0.0222948    0.022376   0.0612991
 -0.0222948    0.148964   0.0182611 0.000263023
   0.022376   0.0182611    0.165803    0.010005
  0.0612991 0.000263023    0.010005    0.292746
IMAGINARY
          0   0.0158228   0.0101092 -0.00226725
 -0.0158228           0 -0.00616336  -0.0227675
 -0.0101092  0.00616336           0   0.0158228
 0.00226725   0.0227675  -0.0158228           0
Repeater1[0]<--->EndNode1[0]
REAL
    0.45006 -0.00286343  -0.0086238   0.0448799
-0.00286343    0.150421  -0.0151707   0.0117844
 -0.0086238  -0.0151707    0.172082 -0.00156135
  0.0448799   0.0117844 -0.00156135    0.227437
IMAGINARY
           0  0.000212017    0.0151827  -0.00075314
-0.000212017            0   -0.0160254   -0.0208717
  -0.0151827    0.0160254            0   -0.0147506
  0.00075314    0.0208717    0.0147506            0
Repeater1[0]<--->HoM1[0]
REAL
   0.392487    0.022376  -0.0222948   0.0612991
   0.022376    0.165803   0.0182611    0.010005
 -0.0222948   0.0182611    0.148964 0.000263023
  0.0612991    0.010005 0.000263023    0.292746
IMAGINARY
          0   0.0101092   0.0158228 -0.00226725
 -0.0101092           0  0.00616336   0.0158228
 -0.0158228 -0.00616336           0  -0.0227675
 0.00226725  -0.0158228   0.0227675           0
EndNode1[0]<--->Repeater1[0]
REAL
   0.43179 0.00712725  0.0116843  0.0534815
0.00712725   0.177722 0.00152468 0.00129469
 0.0116843 0.00152468   0.163955 0.00585174
 0.0534815 0.00129469 0.00585174   0.226533
IMAGINARY
           0   -0.0192483  0.000312493   -0.0103148
   0.0192483            0   -0.0147173   0.00441085
-0.000312493    0.0147173            0  -0.00976659
   0.0103148  -0.00441085   0.00976659            0
EndNode2[0]<--->HoM1[0]
REAL
   0.370558 0.000512729 -0.00452196   0.0507726
0.000512729    0.163706  -0.0172674  0.00452196
-0.00452196  -0.0172674    0.182741  0.00979655
  0.0507726  0.00452196  0.00979655    0.282995
IMAGINARY
          0 -0.00536415 -0.00555958   0.0215149
 0.00536415           0 -0.00941296 -0.00130684
 0.00555958  0.00941296           0  0.00224305
 -0.0215149  0.00130684 -0.00224305           0
Repeater1[0]<--->EndNode1[0]
REAL
   0.43179  0.0116843 0.00712725  0.0534815
 0.0116843   0.163955 0.00152468 0.00585174
0.00712725 0.00152468   0.177722 0.00129469
 0.0534815 0.00585174 0.00129469   0.226533
IMAGINARY
           0  0.000312493   -0.0192483   -0.0103148
-0.000312493            0    0.0147173  -0.00976659
   0.0192483   -0.0147173            0   0.00441085
   0.0103148   0.00976659  -0.00441085            0
Repeater1[0]<--->HoM1[0]
REAL
   0.370558 -0.00452196 0.000512729   0.0507726
-0.00452196    0.182741  -0.0172674  0.00979655
0.000512729  -0.0172674    0.163706  0.00452196
  0.0507726  0.00979655  0.00452196    0.282995
IMAGINARY
          0 -0.00555958 -0.00536415   0.0215149
 0.00555958           0  0.00941296  0.00224305
 0.00536415 -0.00941296           0 -0.00130684
 -0.0215149 -0.00224305  0.00130684           0
EndNode1[0]<--->Repeater1[0]
REAL
    0.39295  -0.0267153  0.00231289   0.0412353
 -0.0267153    0.193211 -0.00181104 -0.00168711
 0.00231289 -0.00181104    0.152742  0.00731608
  0.0412353 -0.00168711  0.00731608    0.261097
IMAGINARY
           0  0.000504885   0.00834637    0.0293285
-0.000504885            0  -0.00787203    0.0108589
 -0.00834637   0.00787203            0   0.00545538
  -0.0293285   -0.0108589  -0.00545538            0
EndNode2[0]<--->HoM1[0]
REAL
  0.401973  0.0163831 -0.0209815  0.0460791
 0.0163831   0.155364 -0.0216292 -0.0108034
-0.0209815 -0.0216292   0.166461 -0.0151606
 0.0460791 -0.0108034 -0.0151606   0.276202
IMAGINARY
          0   0.0124589 -0.00907431   0.0306511
 -0.0124589           0  0.00801205 -0.00134235
 0.00907431 -0.00801205           0 -0.00464638
 -0.0306511  0.00134235  0.00464638           0
Repeater1[0]<--->EndNode1[0]
REAL
    0.39295  0.00231289  -0.0267153   0.0412353
 0.00231289    0.152742 -0.00181104  0.00731608
 -0.0267153 -0.00181104    0.193211 -0.00168711
  0.0412353  0.00731608 -0.00168711    0.261097
IMAGINARY
           0   0.00834637  0.000504885    0.0293285
 -0.00834637            0   0.00787203   0.00545538
-0.000504885  -0.00787203            0    0.0108589
  -0.0293285  -0.00545538   -0.0108589            0
Repeater1[0]<--->HoM1[0]
REAL
  0.401973 -0.0209815  0.0163831  0.0460791
-0.0209815   0.166461 -0.0216292 -0.0151606
 0.0163831 -0.0216292   0.155364 -0.0108034
 0.0460791 -0.0151606 -0.0108034   0.276202
IMAGINARY
          0 -0.00907431   0.0124589   0.0306511
 0.00907431           0 -0.00801205 -0.00464638
 -0.0124589  0.00801205           0 -0.00134235
 -0.0306511  0.00464638  0.00134235           0
EndNode1[0]<--->Repeater1[0]
REAL
   0.390897 -0.00818237 -0.00558081   0.0418167
-0.00818237    0.187416   0.0312904  -0.0126959
-0.00558081   0.0312904     0.16332  -0.0113999
  0.0418167  -0.0126959  -0.0113999    0.258367
IMAGINARY
           0  0.000240309   -0.0145219    0.0164459
-0.000240309            0  -0.00767401    0.0105746
   0.0145219   0.00767401            0   -0.0015561
  -0.0164459   -0.0105746    0.0015561            0
EndNode2[0]<--->HoM1[0]
REAL
    0.42875  -0.0120622 -0.00433403   0.0388996
 -0.0120622      0.1575  -0.0220457   -0.010023
-0.00433403  -0.0220457     0.16125 -0.00354324
  0.0388996   -0.010023 -0.00354324      0.2525
IMAGINARY
          0  -0.0271765   0.0170941  0.00711685
  0.0271765           0   0.0350027  -0.0133628
 -0.0170941  -0.0350027           0  -0.0151121
-0.00711685   0.0133628   0.0151121           0
Repeater1[0]<--->EndNode1[0]
REAL
   0.390897 -0.00558081 -0.00818237   0.0418167
-0.00558081     0.16332   0.0312904  -0.0113999
-0.00818237   0.0312904    0.187416  -0.0126959
  0.0418167  -0.0113999  -0.0126959    0.258367
IMAGINARY
           0   -0.0145219  0.000240309    0.0164459
   0.0145219            0   0.00767401   -0.0015561
-0.000240309  -0.00767401            0    0.0105746
  -0.0164459    0.0015561   -0.0105746            0
Repeater1[0]<--->HoM1[0]
REAL
    0.42875 -0.00433403  -0.0120622   0.0388996
-0.00433403     0.16125  -0.0220457 -0.00354324
 -0.0120622  -0.0220457      0.1575   -0.010023
  0.0388996 -0.00354324   -0.010023      0.2525
IMAGINARY
          0   0.0170941  -0.0271765  0.00711685
 -0.0170941           0  -0.0350027  -0.0151121
  0.0271765   0.0350027           0  -0.0133628
-0.00711685   0.0151121   0.0133628           0
EndNode1[0]<--->Repeater1[0]
REAL
   0.390547  0.00132901  0.00251614   0.0419031
 0.00132901    0.180348 0.000919536   0.0101497
 0.00251614 0.000919536    0.170398 -0.00675724
  0.0419031   0.0101497 -0.00675724    0.258706
IMAGINARY
           0 -0.000503218   0.00283733  -0.00396009
 0.000503218            0   0.00651111   0.00283733
 -0.00283733  -0.00651111            0   0.00491684
  0.00396009  -0.00283733  -0.00491684            0
EndNode2[0]<--->HoM1[0]
REAL
   0.375315  0.00464092 -0.00180933   0.0339249
 0.00464092    0.138539  -0.0154974 -0.00310467
-0.00180933  -0.0154974     0.18136  0.00273009
  0.0339249 -0.00310467  0.00273009    0.304786
IMAGINARY
          0  -0.0101778   0.0233708  -0.0130098
  0.0101778           0  -0.0164019 -0.00604093
 -0.0233708   0.0164019           0   -0.016138
  0.0130098  0.00604093    0.016138           0
Repeater1[0]<--->EndNode1[0]
REAL
   0.390547  0.00251614  0.00132901   0.0419031
 0.00251614    0.170398 0.000919536 -0.00675724
 0.00132901 0.000919536    0.180348   0.0101497
  0.0419031 -0.00675724   0.0101497    0.258706
IMAGINARY
           0   0.00283733 -0.000503218  -0.00396009
 -0.00283733            0  -0.00651111   0.00491684
 0.000503218   0.00651111            0   0.00283733
  0.00396009  -0.00491684  -0.00283733            0
Repeater1[0]<--->HoM1[0]
REAL
   0.375315 -0.00180933  0.00464092   0.0339249
-0.00180933     0.18136  -0.0154974  0.00273009
 0.00464092  -0.0154974    0.138539 -0.00310467
  0.0339249  0.00273009 -0.00310467    0.304786
IMAGINARY
          0   0.0233708  -0.0101778  -0.0130098
 -0.0233708           0   0.0164019   -0.016138
  0.0101778  -0.0164019           0 -0.00604093
  0.0130098    0.016138  0.00604093           0
EndNode1[0]<--->Repeater1[0]
REAL
    0.410127   0.00100983 -0.000139663    0.0315823
  0.00100983     0.191139   -0.0105095  -0.00560746
-0.000139663   -0.0105095     0.156962   -0.0080341
   0.0315823  -0.00560746   -0.0080341     0.241772
IMAGINARY
           0   -0.0145464  7.95033e-05 -0.000126638
   0.0145464            0   0.00739216  -0.00263052
-7.95033e-05  -0.00739216            0  -0.00458625
 0.000126638   0.00263052   0.00458625            0
EndNode2[0]<--->HoM1[0]
REAL
   0.415855 -0.00353181  0.00771373    0.046917
-0.00353181    0.173853  -0.0123016 -0.00899578
 0.00771373  -0.0123016    0.166898  0.00609592
   0.046917 -0.00899578  0.00609592    0.243394
IMAGINARY
          0  -0.0258106  0.00751704   0.0037051
  0.0258106           0  -0.0104702  -0.0117905
-0.00751704   0.0104702           0   0.0117691
 -0.0037051   0.0117905  -0.0117691           0
Repeater1[0]<--->EndNode1[0]
REAL
    0.410127 -0.000139663   0.00100983    0.0315823
-0.000139663     0.156962   -0.0105095   -0.0080341
  0.00100983   -0.0105095     0.191139  -0.00560746
   0.0315823   -0.0080341  -0.00560746     0.241772
IMAGINARY
           0  7.95033e-05   -0.0145464 -0.000126638
-7.95033e-05            0  -0.00739216  -0.00458625
   0.0145464   0.00739216            0  -0.00263052
 0.000126638   0.00458625   0.00263052            0
Repeater1[0]<--->HoM1[0]
REAL
   0.415855  0.00771373 -0.00353181    0.046917
 0.00771373    0.166898  -0.0123016  0.00609592
-0.00353181  -0.0123016    0.173853 -0.00899578
   0.046917  0.00609592 -0.00899578    0.243394
IMAGINARY
          0  0.00751704  -0.0258106   0.0037051
-0.00751704           0   0.0104702   0.0117691
  0.0258106  -0.0104702           0  -0.0117905
 -0.0037051  -0.0117691   0.0117905           0
EndNode1[0]<--->Repeater1[0]
REAL
   0.442728 -0.00232123    -0.02248     0.04051
-0.00232123    0.168597  0.00889711  -0.0137519
   -0.02248  0.00889711    0.146718  -0.0101952
    0.04051  -0.0137519  -0.0101952    0.241956
IMAGINARY
          0  -0.0171836 -0.00873218    0.019358
  0.0171836           0  -0.0101957   0.0261515
 0.00873218   0.0101957           0 -0.00926802
  -0.019358  -0.0261515  0.00926802           0
EndNode2[0]<--->HoM1[0]
REAL
    0.42228  -0.0180874    0.012254   0.0673029
 -0.0180874    0.160622   0.0120329  -0.0239391
   0.012254   0.0120329    0.159326 -0.00343777
  0.0673029  -0.0239391 -0.00343777    0.257772
IMAGINARY
          0  0.00880772   0.0131427 -0.00316229
-0.00880772           0 -0.00119637   0.0202763
 -0.0131427  0.00119637           0  -0.0139491
 0.00316229  -0.0202763   0.0139491           0
Repeater1[0]<--->EndNode1[0]
REAL
   0.442728    -0.02248 -0.00232123     0.04051
   -0.02248    0.146718  0.00889711  -0.0101952
-0.00232123  0.00889711    0.168597  -0.0137519
    0.04051  -0.0101952  -0.0137519    0.241956
IMAGINARY
          0 -0.00873218  -0.0171836    0.019358
 0.00873218           0   0.0101957 -0.00926802
  0.0171836  -0.0101957           0   0.0261515
  -0.019358  0.00926802  -0.0261515           0
Repeater1[0]<--->HoM1[0]
REAL
    0.42228    0.012254  -0.0180874   0.0673029
   0.012254    0.159326   0.0120329 -0.00343777
 -0.0180874   0.0120329    0.160622  -0.0239391
  0.0673029 -0.00343777  -0.0239391    0.257772
IMAGINARY
          0   0.0131427  0.00880772 -0.00316229
 -0.0131427           0  0.00119637  -0.0139491
-0.00880772 -0.00119637           0   0.0202763
 0.00316229   0.0139491  -0.0202763           0
EndNode1[0]<--->Repeater1[0]
REAL
  0.395674  0.0144328 -0.0197068  0.0434448
 0.0144328   0.181934 0.00768404 0.00709059
-0.0197068 0.00768404   0.160305 0.00747956
 0.0434448 0.00709059 0.00747956   0.262087
IMAGINARY
           0    0.0257232   0.00261363  -0.00651806
  -0.0257232            0    0.0145131  0.000637345
 -0.00261363   -0.0145131            0  0.000934803
  0.00651806 -0.000637345 -0.000934803            0
EndNode2[0]<--->HoM1[0]
REAL
   0.388462  0.00265385  -0.0218455   0.0229603
 0.00265385    0.144872   0.0145732  -0.0130071
 -0.0218455   0.0145732    0.185897 -0.00935626
  0.0229603  -0.0130071 -0.00935626    0.280769
IMAGINARY
           0  0.000177887   -0.0223669   -0.0227541
-0.000177887            0  -0.00205982   -0.0105363
   0.0223669   0.00205982            0    0.0133705
   0.0227541    0.0105363   -0.0133705            0
Repeater1[0]<--->EndNode1[0]
REAL
  0.395674 -0.0197068  0.0144328  0.0434448
-0.0197068   0.160305 0.00768404 0.00747956
 0.0144328 0.00768404   0.181934 0.00709059
 0.0434448 0.00747956 0.00709059   0.262087
IMAGINARY
           0   0.00261363    0.0257232  -0.00651806
 -0.00261363            0   -0.0145131  0.000934803
  -0.0257232    0.0145131            0  0.000637345
  0.00651806 -0.000934803 -0.000637345            0
Repeater1[0]<--->HoM1[0]
REAL
   0.388462  -0.0218455  0.00265385   0.0229603
 -0.0218455    0.185897   0.0145732 -0.00935626
 0.00265385   0.0145732    0.144872  -0.0130071
  0.0229603 -0.00935626  -0.0130071    0.280769
IMAGINARY
           0   -0.0223669  0.000177887   -0.0227541
   0.0223669            0   0.00205982    0.0133705
-0.000177887  -0.00205982            0   -0.0105363
   0.0227541   -0.0133705    0.0105363            0
EndNode1[0]<--->Repeater1[0]
REAL
   0.407005 -0.00188584  -0.0101954   0.0472721
-0.00188584    0.189614   0.0093317  0.00480458
 -0.0101954   0.0093317    0.166667   0.0140152
  0.0472721  0.00480458   0.0140152    0.236715
IMAGINARY
          0 -0.00362604   0.0125507   0.0264967
 0.00362604           0  0.00458437  -0.0044206
 -0.0125507 -0.00458437           0  -0.0112791
 -0.0264967   0.0044206   0.0112791           0
EndNode2[0]<--->HoM1[0]
REAL
   0.409623 -0.00186718  -0.0140804   0.0212512
-0.00186718    0.143043   0.0113009 -0.00935708
 -0.0140804   0.0113009    0.161248   0.0161901
  0.0212512 -0.00935708   0.0161901    0.286086
IMAGINARY
          0  -0.0039454 -0.00433941   0.0102548
  0.0039454           0 -0.00760231 -0.00063571
 0.00433941  0.00760231           0   0.0188708
 -0.0102548  0.00063571  -0.0188708           0
Repeater1[0]<--->EndNode1[0]
REAL
   0.407005  -0.0101954 -0.00188584   0.0472721
 -0.0101954    0.166667   0.0093317   0.0140152
-0.00188584   0.0093317    0.189614  0.00480458
  0.0472721   0.0140152  0.00480458    0.236715
IMAGINARY
          0   0.0125507 -0.00362604   0.0264967
 -0.0125507           0 -0.00458437  -0.0112791
 0.00362604  0.00458437           0  -0.0044206
 -0.0264967   0.0112791   0.0044206           0
Repeater1[0]<--->HoM1[0]
REAL
   0.409623  -0.0140804 -0.00186718   0.0212512
 -0.0140804    0.161248   0.0113009   0.0161901
-0.00186718   0.0113009    0.143043 -0.00935708
  0.0212512   0.0161901 -0.00935708    0.286086
IMAGINARY
          0 -0.00433941  -0.0039454   0.0102548
 0.00433941           0  0.00760231   0.0188708
  0.0039454 -0.00760231           0 -0.00063571
 -0.0102548  -0.0188708  0.00063571           0
EndNode1[0]<--->Repeater1[0]
REAL
   0.413299  0.00416467  0.00419355   0.0419603
 0.00416467    0.152542  -0.0051861  0.00419355
 0.00419355  -0.0051861    0.148631 -0.00222919
  0.0419603  0.00419355 -0.00222919    0.285528
IMAGINARY
           0   0.00211619    0.0134371  0.000882677
 -0.00211619            0   0.00416783  -0.00599294
  -0.0134371  -0.00416783            0   0.00408728
-0.000882677   0.00599294  -0.00408728            0
EndNode2[0]<--->HoM1[0]
REAL
    0.396158    0.0256259 -0.000686703    0.0586118
   0.0256259     0.159664   0.00906228  -0.00391251
-0.000686703   0.00906228     0.181273  -0.00788612
   0.0586118  -0.00391251  -0.00788612     0.262905
IMAGINARY
          0  -0.0250749  -0.0263158 -0.00886059
  0.0250749           0   0.0134719  0.00250627
  0.0263158  -0.0134719           0  0.00512641
 0.00886059 -0.00250627 -0.00512641           0
Repeater1[0]<--->EndNode1[0]
REAL
   0.413299  0.00419355  0.00416467   0.0419603
 0.00419355    0.148631  -0.0051861 -0.00222919
 0.00416467  -0.0051861    0.152542  0.00419355
  0.0419603 -0.00222919  0.00419355    0.285528
IMAGINARY
           0    0.0134371   0.00211619  0.000882677
  -0.0134371            0  -0.00416783   0.00408728
 -0.00211619   0.00416783            0  -0.00599294
-0.000882677  -0.00408728   0.00599294            0
Repeater1[0]<--->HoM1[0]
REAL
    0.396158 -0.000686703    0.0256259    0.0586118
-0.000686703     0.181273   0.00906228  -0.00788612
   0.0256259   0.00906228     0.159664  -0.00391251
   0.0586118  -0.00788612  -0.00391251     0.262905
IMAGINARY
          0  -0.0263158  -0.0250749 -0.00886059
  0.0263158           0  -0.0134719  0.00512641
  0.0250749   0.0134719           0  0.00250627
 0.00886059 -0.00512641 -0.00250627           0
EndNode1[0]<--->Repeater1[0]
REAL
  0.396201 0.00766319  0.0039267  0.0462546
0.00766319   0.202171  0.0101179 -0.0039267
 0.0039267  0.0101179   0.166893  0.0266505
 0.0462546 -0.0039267  0.0266505   0.234735
IMAGINARY
          0   0.0153987 -0.00320754   0.0054307
 -0.0153987           0  -0.0191807  -0.0105901
 0.00320754   0.0191807           0  0.00496924
 -0.0054307   0.0105901 -0.00496924           0
EndNode2[0]<--->HoM1[0]
REAL
    0.405836   0.00394048    0.0180773     0.055969
  0.00394048      0.15252  -0.00392684    0.0115669
   0.0180773  -0.00392684     0.159151 -0.000646674
    0.055969    0.0115669 -0.000646674     0.282493
IMAGINARY
          0   0.0214265 -0.00551063  -0.0104696
 -0.0214265           0 -0.00464209 -0.00490604
 0.00551063  0.00464209           0   -0.013614
  0.0104696  0.00490604    0.013614           0
Repeater1[0]<--->EndNode1[0]
REAL
  0.396201  0.0039267 0.00766319  0.0462546
 0.0039267   0.166893  0.0101179  0.0266505
0.00766319  0.0101179   0.202171 -0.0039267
 0.0462546  0.0266505 -0.0039267   0.234735
IMAGINARY
          0 -0.00320754   0.0153987   0.0054307
 0.00320754           0   0.0191807  0.00496924
 -0.0153987  -0.0191807           0  -0.0105901
 -0.0054307 -0.00496924   0.0105901           0
Repeater1[0]<--->HoM1[0]
REAL
    0.405836    0.0180773   0.00394048     0.055969
   0.0180773     0.159151  -0.00392684 -0.000646674
  0.00394048  -0.00392684      0.15252    0.0115669
    0.055969 -0.000646674    0.0115669     0.282493
IMAGINARY
          0 -0.00551063   0.0214265  -0.0104696
 0.00551063           0  0.00464209   -0.013614
 -0.0214265 -0.00464209           0 -0.00490604
  0.0104696    0.013614  0.00490604           0
