EndNode1[0]<--->Repeater1[0]
REAL
   0.420655 -0.00830874  0.00852127    0.362322
-0.00830874   0.0843829   0.0264247  -0.0187515
 0.00852127   0.0264247   0.0755668  -0.0108728
   0.362322  -0.0187515  -0.0108728    0.419395
IMAGINARY
          0  -0.0117864 -0.00678138  0.00610675
  0.0117864           0  0.00678334   0.0208839
 0.00678138 -0.00678334           0  0.00281209
-0.00610675  -0.0208839 -0.00281209           0
EndNode2[0]<--->HoM1[0]
REAL
    0.45512 -0.00452231  0.00292829    0.377982
-0.00452231   0.0480405   0.0159579  -0.0332313
 0.00292829   0.0159579   0.0884956  -0.0131545
   0.377982  -0.0332313  -0.0131545    0.408344
IMAGINARY
           0  0.000990705   -0.0106169   0.00341012
-0.000990705            0    0.0112023   0.00733178
   0.0106169   -0.0112023            0   0.00360851
 -0.00341012  -0.00733178  -0.00360851            0
Repeater1[0]<--->EndNode1[0]
REAL
   0.420655  0.00852127 -0.00830874    0.362322
 0.00852127   0.0755668   0.0264247  -0.0108728
-0.00830874   0.0264247   0.0843829  -0.0187515
   0.362322  -0.0108728  -0.0187515    0.419395
IMAGINARY
          0 -0.00678138  -0.0117864  0.00610675
 0.00678138           0 -0.00678334  0.00281209
  0.0117864  0.00678334           0   0.0208839
-0.00610675 -0.00281209  -0.0208839           0
Repeater1[0]<--->HoM1[0]
REAL
    0.45512  0.00292829 -0.00452231    0.377982
 0.00292829   0.0884956   0.0159579  -0.0131545
-0.00452231   0.0159579   0.0480405  -0.0332313
   0.377982  -0.0131545  -0.0332313    0.408344
IMAGINARY
           0   -0.0106169  0.000990705   0.00341012
   0.0106169            0   -0.0112023   0.00360851
-0.000990705    0.0112023            0   0.00733178
 -0.00341012  -0.00360851  -0.00733178            0
EndNode1[0]<--->Repeater1[0]
REAL
   0.442283  -0.0125065 -0.00635802    0.373263
 -0.0125065    0.079118   0.0395132    -0.02804
-0.00635802   0.0395132   0.0700389   -0.015749
   0.373263    -0.02804   -0.015749     0.40856
IMAGINARY
           0   0.00960526   0.00220967   0.00185531
 -0.00960526            0   0.00760244   0.00154033
 -0.00220967  -0.00760244            0  0.000394737
 -0.00185531  -0.00154033 -0.000394737            0
EndNode2[0]<--->HoM1[0]
REAL
    0.450535  -0.00399605 -0.000728438     0.372503
 -0.00399605    0.0695187    0.0303311   -0.0120921
-0.000728438    0.0303311     0.065508     0.015467
    0.372503   -0.0120921     0.015467     0.414439
IMAGINARY
          0 -0.00663174  -0.0128733  0.00995847
 0.00663174           0   -0.021015  0.00403491
  0.0128733    0.021015           0   0.0167327
-0.00995847 -0.00403491  -0.0167327           0
Repeater1[0]<--->EndNode1[0]
REAL
   0.442283 -0.00635802  -0.0125065    0.373263
-0.00635802   0.0700389   0.0395132   -0.015749
 -0.0125065   0.0395132    0.079118    -0.02804
   0.373263   -0.015749    -0.02804     0.40856
IMAGINARY
           0   0.00220967   0.00960526   0.00185531
 -0.00220967            0  -0.00760244  0.000394737
 -0.00960526   0.00760244            0   0.00154033
 -0.00185531 -0.000394737  -0.00154033            0
Repeater1[0]<--->HoM1[0]
REAL
    0.450535 -0.000728438  -0.00399605     0.372503
-0.000728438     0.065508    0.0303311     0.015467
 -0.00399605    0.0303311    0.0695187   -0.0120921
    0.372503     0.015467   -0.0120921     0.414439
IMAGINARY
          0  -0.0128733 -0.00663174  0.00995847
  0.0128733           0    0.021015   0.0167327
 0.00663174   -0.021015           0  0.00403491
-0.00995847  -0.0167327 -0.00403491           0
EndNode1[0]<--->Repeater1[0]
REAL
   0.466307  0.00509068   0.0179291    0.364773
 0.00509068   0.0512129   0.0344619   -0.010276
  0.0179291   0.0344619   0.0849057 -0.00381517
   0.364773   -0.010276 -0.00381517    0.397574
IMAGINARY
          0 -0.00553227  0.00363475 -0.00881597
 0.00553227           0  0.00206751  -0.0088161
-0.00363475 -0.00206751           0  -0.0138978
 0.00881597   0.0088161   0.0138978           0
EndNode2[0]<--->HoM1[0]
REAL
   0.434837  -0.0134667 0.000576502    0.369916
 -0.0134667   0.0776942    0.028344   -0.013294
0.000576502    0.028344   0.0764411 -0.00192823
   0.369916   -0.013294 -0.00192823    0.411028
IMAGINARY
          0   0.0198578  -0.0187985  0.00471521
 -0.0198578           0 -0.00594978   -0.010986
  0.0187985  0.00594978           0 -0.00401492
-0.00471521    0.010986  0.00401492           0
Repeater1[0]<--->EndNode1[0]
REAL
   0.466307   0.0179291  0.00509068    0.364773
  0.0179291   0.0849057   0.0344619 -0.00381517
 0.00509068   0.0344619   0.0512129   -0.010276
   0.364773 -0.00381517   -0.010276    0.397574
IMAGINARY
          0  0.00363475 -0.00553227 -0.00881597
-0.00363475           0 -0.00206751  -0.0138978
 0.00553227  0.00206751           0  -0.0088161
 0.00881597   0.0138978   0.0088161           0
Repeater1[0]<--->HoM1[0]
REAL
   0.434837 0.000576502  -0.0134667    0.369916
0.000576502   0.0764411    0.028344 -0.00192823
 -0.0134667    0.028344   0.0776942   -0.013294
   0.369916 -0.00192823   -0.013294    0.411028
IMAGINARY
          0  -0.0187985   0.0198578  0.00471521
  0.0187985           0  0.00594978 -0.00401492
 -0.0198578 -0.00594978           0   -0.010986
-0.00471521  0.00401492    0.010986           0
EndNode1[0]<--->Repeater1[0]
REAL
   0.452564 0.000990854   0.0150301    0.334889
0.000990854   0.0679487   0.0468181  0.00204308
  0.0150301   0.0468181    0.075641   0.0197409
   0.334889  0.00204308   0.0197409    0.403846
IMAGINARY
          0  0.00357284  -0.0218999  0.00974245
-0.00357284           0   0.0213386   0.0066715
  0.0218999  -0.0213386           0   0.0154627
-0.00974245  -0.0066715  -0.0154627           0
EndNode2[0]<--->HoM1[0]
REAL
    0.44623  -0.0139582 -0.00551278    0.368044
 -0.0139582   0.0618047   0.0185414  0.00307375
-0.00551278   0.0185414    0.065513  0.00542163
   0.368044  0.00307375  0.00542163    0.426452
IMAGINARY
          0   -0.014979 -0.00627269 -0.00935162
   0.014979           0 -0.00935162 -0.00492134
 0.00627269  0.00935162           0   0.0025412
 0.00935162  0.00492134  -0.0025412           0
Repeater1[0]<--->EndNode1[0]
REAL
   0.452564   0.0150301 0.000990854    0.334889
  0.0150301    0.075641   0.0468181   0.0197409
0.000990854   0.0468181   0.0679487  0.00204308
   0.334889   0.0197409  0.00204308    0.403846
IMAGINARY
          0  -0.0218999  0.00357284  0.00974245
  0.0218999           0  -0.0213386   0.0154627
-0.00357284   0.0213386           0   0.0066715
-0.00974245  -0.0154627  -0.0066715           0
Repeater1[0]<--->HoM1[0]
REAL
    0.44623 -0.00551278  -0.0139582    0.368044
-0.00551278    0.065513   0.0185414  0.00542163
 -0.0139582   0.0185414   0.0618047  0.00307375
   0.368044  0.00542163  0.00307375    0.426452
IMAGINARY
          0 -0.00627269   -0.014979 -0.00935162
 0.00627269           0  0.00935162   0.0025412
   0.014979 -0.00935162           0 -0.00492134
 0.00935162  -0.0025412  0.00492134           0
EndNode1[0]<--->Repeater1[0]
REAL
    0.43342   0.0289267 -0.00568336    0.348367
  0.0289267   0.0678851   0.0328992   0.0228338
-0.00568336   0.0328992    0.073107  -0.0091378
   0.348367   0.0228338  -0.0091378    0.425587
IMAGINARY
          0    0.033757  -0.0202322 -0.00780341
  -0.033757           0   0.0178537  -0.0116538
  0.0202322  -0.0178537           0  0.00627011
 0.00780341   0.0116538 -0.00627011           0
EndNode2[0]<--->HoM1[0]
REAL
   0.451899  0.00432252 -0.00848704    0.366667
 0.00432252   0.0620253   0.0271605   0.0134253
-0.00848704   0.0271605   0.0607595  0.00308489
   0.366667   0.0134253  0.00308489    0.425316
IMAGINARY
          0   0.0172265  -0.0021821 -0.00467711
 -0.0172265           0  -0.0108669  -0.0015216
  0.0021821   0.0108669           0  0.00623034
 0.00467711   0.0015216 -0.00623034           0
Repeater1[0]<--->EndNode1[0]
REAL
    0.43342 -0.00568336   0.0289267    0.348367
-0.00568336    0.073107   0.0328992  -0.0091378
  0.0289267   0.0328992   0.0678851   0.0228338
   0.348367  -0.0091378   0.0228338    0.425587
IMAGINARY
          0  -0.0202322    0.033757 -0.00780341
  0.0202322           0  -0.0178537  0.00627011
  -0.033757   0.0178537           0  -0.0116538
 0.00780341 -0.00627011   0.0116538           0
Repeater1[0]<--->HoM1[0]
REAL
   0.451899 -0.00848704  0.00432252    0.366667
-0.00848704   0.0607595   0.0271605  0.00308489
 0.00432252   0.0271605   0.0620253   0.0134253
   0.366667  0.00308489   0.0134253    0.425316
IMAGINARY
          0  -0.0021821   0.0172265 -0.00467711
  0.0021821           0   0.0108669  0.00623034
 -0.0172265  -0.0108669           0  -0.0015216
 0.00467711 -0.00623034   0.0015216           0
EndNode1[0]<--->Repeater1[0]
REAL
    0.427236  -0.00135862  -0.00741362     0.339733
 -0.00135862    0.0654206     0.030872   0.00530392
 -0.00741362     0.030872    0.0734312 -0.000751086
    0.339733   0.00530392 -0.000751086     0.433912
IMAGINARY
          0  0.00225132 -0.00644902 -0.00310833
-0.00225132           0 -0.00611676  -0.0125383
 0.00644902  0.00611676           0   0.0104069
 0.00310833   0.0125383  -0.0104069           0
EndNode2[0]<--->HoM1[0]
REAL
   0.441315  -0.0110556  0.00168415    0.371117
 -0.0110556   0.0751174   0.0259232 -0.00104065
 0.00168415   0.0259232   0.0692488  0.00397709
   0.371117 -0.00104065  0.00397709    0.414319
IMAGINARY
          0  0.00470797  0.00762594  -0.0183998
-0.00470797           0  0.00944835 -0.00700172
-0.00762594 -0.00944835           0 -0.00533219
  0.0183998  0.00700172  0.00533219           0
Repeater1[0]<--->EndNode1[0]
REAL
    0.427236  -0.00741362  -0.00135862     0.339733
 -0.00741362    0.0734312     0.030872 -0.000751086
 -0.00135862     0.030872    0.0654206   0.00530392
    0.339733 -0.000751086   0.00530392     0.433912
IMAGINARY
          0 -0.00644902  0.00225132 -0.00310833
 0.00644902           0  0.00611676   0.0104069
-0.00225132 -0.00611676           0  -0.0125383
 0.00310833  -0.0104069   0.0125383           0
Repeater1[0]<--->HoM1[0]
REAL
   0.441315  0.00168415  -0.0110556    0.371117
 0.00168415   0.0692488   0.0259232  0.00397709
 -0.0110556   0.0259232   0.0751174 -0.00104065
   0.371117  0.00397709 -0.00104065    0.414319
IMAGINARY
          0  0.00762594  0.00470797  -0.0183998
-0.00762594           0 -0.00944835 -0.00533219
-0.00470797  0.00944835           0 -0.00700172
  0.0183998  0.00533219  0.00700172           0
EndNode1[0]<--->Repeater1[0]
REAL
   0.444994 -0.00466789 -0.00689507    0.335617
-0.00466789   0.0704574   0.0385547  -0.0123102
-0.00689507   0.0385547   0.0716934  -0.0158619
   0.335617  -0.0123102  -0.0158619    0.412855
IMAGINARY
          0  -0.0019635 -0.00890577  0.00361777
  0.0019635           0 -0.00168727   0.0229245
 0.00890577  0.00168727           0  0.00129595
-0.00361777  -0.0229245 -0.00129595           0
EndNode2[0]<--->HoM1[0]
REAL
  0.441454 0.00807473  0.0257182   0.367591
0.00807473  0.0632571  0.0492987  0.0158368
 0.0257182  0.0492987  0.0713324  0.0120325
  0.367591  0.0158368  0.0120325   0.423957
IMAGINARY
          0  0.00764651 -0.00590706   0.0069837
-0.00764651           0  -0.0088994  0.00224852
 0.00590706   0.0088994           0  0.00454861
 -0.0069837 -0.00224852 -0.00454861           0
Repeater1[0]<--->EndNode1[0]
REAL
   0.444994 -0.00689507 -0.00466789    0.335617
-0.00689507   0.0716934   0.0385547  -0.0158619
-0.00466789   0.0385547   0.0704574  -0.0123102
   0.335617  -0.0158619  -0.0123102    0.412855
IMAGINARY
          0 -0.00890577  -0.0019635  0.00361777
 0.00890577           0  0.00168727  0.00129595
  0.0019635 -0.00168727           0   0.0229245
-0.00361777 -0.00129595  -0.0229245           0
Repeater1[0]<--->HoM1[0]
REAL
  0.441454  0.0257182 0.00807473   0.367591
 0.0257182  0.0713324  0.0492987  0.0120325
0.00807473  0.0492987  0.0632571  0.0158368
  0.367591  0.0120325  0.0158368   0.423957
IMAGINARY
          0 -0.00590706  0.00764651   0.0069837
 0.00590706           0   0.0088994  0.00454861
-0.00764651  -0.0088994           0  0.00224852
 -0.0069837 -0.00454861 -0.00224852           0
EndNode1[0]<--->Repeater1[0]
REAL
   0.464879 3.45688e-05 -0.00624391    0.360594
3.45688e-05   0.0536398   0.0351347  0.00121878
-0.00624391   0.0351347    0.054917   0.0087594
   0.360594  0.00121878   0.0087594    0.426564
IMAGINARY
          0  0.00369473  0.00270609 -0.00530967
-0.00369473           0 -0.00069834  -0.0118924
-0.00270609  0.00069834           0  -0.0168181
 0.00530967   0.0118924   0.0168181           0
EndNode2[0]<--->HoM1[0]
REAL
   0.415803  0.00787837  -0.0106308    0.369034
 0.00787837   0.0725389   0.0378485 0.000509389
 -0.0106308   0.0378485   0.0764249  -0.0193494
   0.369034 0.000509389  -0.0193494    0.435233
IMAGINARY
          0 -0.00655756  0.00903995   0.0179231
 0.00655756           0  -0.0322088   0.0102899
-0.00903995   0.0322088           0  -0.0114837
 -0.0179231  -0.0102899   0.0114837           0
Repeater1[0]<--->EndNode1[0]
REAL
   0.464879 -0.00624391 3.45688e-05    0.360594
-0.00624391    0.054917   0.0351347   0.0087594
3.45688e-05   0.0351347   0.0536398  0.00121878
   0.360594   0.0087594  0.00121878    0.426564
IMAGINARY
          0  0.00270609  0.00369473 -0.00530967
-0.00270609           0  0.00069834  -0.0168181
-0.00369473 -0.00069834           0  -0.0118924
 0.00530967   0.0168181   0.0118924           0
Repeater1[0]<--->HoM1[0]
REAL
   0.415803  -0.0106308  0.00787837    0.369034
 -0.0106308   0.0764249   0.0378485  -0.0193494
 0.00787837   0.0378485   0.0725389 0.000509389
   0.369034  -0.0193494 0.000509389    0.435233
IMAGINARY
          0  0.00903995 -0.00655756   0.0179231
-0.00903995           0   0.0322088  -0.0114837
 0.00655756  -0.0322088           0   0.0102899
 -0.0179231   0.0114837  -0.0102899           0
EndNode1[0]<--->Repeater1[0]
REAL
 0.457393  0.014831 0.0266383  0.329949
 0.014831  0.056391 0.0369757 0.0198733
0.0266383 0.0369757 0.0739348 0.0252206
 0.329949 0.0198733 0.0252206  0.412281
IMAGINARY
          0  -0.0164137   0.0166592 -0.00642689
  0.0164137           0  -0.0168436  0.00278869
 -0.0166592   0.0168436           0 -0.00679833
 0.00642689 -0.00278869  0.00679833           0
EndNode2[0]<--->HoM1[0]
REAL
     0.42711    0.0047176    0.0176381     0.363203
   0.0047176    0.0664962    0.0200656 -0.000128385
   0.0176381    0.0200656    0.0664962    0.0179802
    0.363203 -0.000128385    0.0179802     0.439898
IMAGINARY
           0   -0.0171316    0.0178116   -0.0150967
   0.0171316            0   -0.0132052   0.00637145
  -0.0178116    0.0132052            0  0.000791746
   0.0150967  -0.00637145 -0.000791746            0
Repeater1[0]<--->EndNode1[0]
REAL
 0.457393 0.0266383  0.014831  0.329949
0.0266383 0.0739348 0.0369757 0.0252206
 0.014831 0.0369757  0.056391 0.0198733
 0.329949 0.0252206 0.0198733  0.412281
IMAGINARY
          0   0.0166592  -0.0164137 -0.00642689
 -0.0166592           0   0.0168436 -0.00679833
  0.0164137  -0.0168436           0  0.00278869
 0.00642689  0.00679833 -0.00278869           0
Repeater1[0]<--->HoM1[0]
REAL
     0.42711    0.0176381    0.0047176     0.363203
   0.0176381    0.0664962    0.0200656    0.0179802
   0.0047176    0.0200656    0.0664962 -0.000128385
    0.363203    0.0179802 -0.000128385     0.439898
IMAGINARY
           0    0.0178116   -0.0171316   -0.0150967
  -0.0178116            0    0.0132052  0.000791746
   0.0171316   -0.0132052            0   0.00637145
   0.0150967 -0.000791746  -0.00637145            0
EndNode1[0]<--->Repeater1[0]
REAL
      0.484  0.00139537 -0.00833839     0.35903
 0.00139537       0.064   0.0376485 -0.00580675
-0.00833839   0.0376485   0.0653333 -0.00324039
    0.35903 -0.00580675 -0.00324039    0.386667
IMAGINARY
          0  0.00298815  0.00440633  -0.0132206
-0.00298815           0 -0.00451917  -0.0128809
-0.00440633  0.00451917           0  -0.0114627
  0.0132206   0.0128809   0.0114627           0
EndNode2[0]<--->HoM1[0]
REAL
   0.424479  -0.0127486 -0.00605419     0.34899
 -0.0127486   0.0742188   0.0526698   0.0130785
-0.00605419   0.0526698   0.0520833  0.00572432
    0.34899   0.0130785  0.00572432    0.449219
IMAGINARY
          0 -0.00755843  0.00069665  0.00344815
 0.00755843           0     0.01766  -0.0118662
-0.00069665    -0.01766           0 -0.00886733
-0.00344815   0.0118662  0.00886733           0
Repeater1[0]<--->EndNode1[0]
REAL
      0.484 -0.00833839  0.00139537     0.35903
-0.00833839   0.0653333   0.0376485 -0.00324039
 0.00139537   0.0376485       0.064 -0.00580675
    0.35903 -0.00324039 -0.00580675    0.386667
IMAGINARY
          0  0.00440633  0.00298815  -0.0132206
-0.00440633           0  0.00451917  -0.0114627
-0.00298815 -0.00451917           0  -0.0128809
  0.0132206   0.0114627   0.0128809           0
Repeater1[0]<--->HoM1[0]
REAL
   0.424479 -0.00605419  -0.0127486     0.34899
-0.00605419   0.0520833   0.0526698  0.00572432
 -0.0127486   0.0526698   0.0742188   0.0130785
    0.34899  0.00572432   0.0130785    0.449219
IMAGINARY
          0  0.00069665 -0.00755843  0.00344815
-0.00069665           0    -0.01766 -0.00886733
 0.00755843     0.01766           0  -0.0118662
-0.00344815  0.00886733   0.0118662           0
EndNode1[0]<--->Repeater1[0]
REAL
   0.456743  -0.0125815   0.0148931    0.340242
 -0.0125815    0.062341   0.0161681  -0.0200213
  0.0148931   0.0161681   0.0521628 -0.00280313
   0.340242  -0.0200213 -0.00280313    0.428753
IMAGINARY
           0   0.00453944    0.0205334   -0.0136346
 -0.00453944            0   -0.0025781   -0.0033376
  -0.0205334    0.0025781            0  0.000751563
   0.0136346    0.0033376 -0.000751563            0
EndNode2[0]<--->HoM1[0]
REAL
  0.448187 -0.0199368 0.00330668   0.361207
-0.0199368  0.0660622  0.0426644  0.0133822
0.00330668  0.0426644  0.0492228 0.00992344
  0.361207  0.0133822 0.00992344   0.436528
IMAGINARY
          0  0.00532338 -0.00761589  0.00116741
-0.00532338           0  -0.0121069 -0.00761589
 0.00761589   0.0121069           0   0.0244779
-0.00116741  0.00761589  -0.0244779           0
Repeater1[0]<--->EndNode1[0]
REAL
   0.456743   0.0148931  -0.0125815    0.340242
  0.0148931   0.0521628   0.0161681 -0.00280313
 -0.0125815   0.0161681    0.062341  -0.0200213
   0.340242 -0.00280313  -0.0200213    0.428753
IMAGINARY
           0    0.0205334   0.00453944   -0.0136346
  -0.0205334            0    0.0025781  0.000751563
 -0.00453944   -0.0025781            0   -0.0033376
   0.0136346 -0.000751563    0.0033376            0
Repeater1[0]<--->HoM1[0]
REAL
  0.448187 0.00330668 -0.0199368   0.361207
0.00330668  0.0492228  0.0426644 0.00992344
-0.0199368  0.0426644  0.0660622  0.0133822
  0.361207 0.00992344  0.0133822   0.436528
IMAGINARY
          0 -0.00761589  0.00532338  0.00116741
 0.00761589           0   0.0121069   0.0244779
-0.00532338  -0.0121069           0 -0.00761589
-0.00116741  -0.0244779  0.00761589           0
EndNode1[0]<--->Repeater1[0]
REAL
  0.450798 0.00244468 0.00205549   0.358455
0.00244468   0.081117  0.0145014  0.0212149
0.00205549  0.0145014  0.0784574 0.00950501
  0.358455  0.0212149 0.00950501   0.389628
IMAGINARY
          0  0.00349513 -0.00207755 -0.00191307
-0.00349513           0  -0.0117685  0.00662892
 0.00207755   0.0117685           0 -0.00544572
 0.00191307 -0.00662892  0.00544572           0
EndNode2[0]<--->HoM1[0]
REAL
   0.422277   0.0057888  -0.0240715    0.373343
  0.0057888   0.0599755   0.0343914   0.0138951
 -0.0240715   0.0343914   0.0807834 -0.00511038
   0.373343   0.0138951 -0.00511038    0.436965
IMAGINARY
          0   0.0116577  0.00252212 -0.00446908
 -0.0116577           0  0.00634173  -0.0281151
-0.00252212 -0.00634173           0   0.0251712
 0.00446908   0.0281151  -0.0251712           0
Repeater1[0]<--->EndNode1[0]
REAL
  0.450798 0.00205549 0.00244468   0.358455
0.00205549  0.0784574  0.0145014 0.00950501
0.00244468  0.0145014   0.081117  0.0212149
  0.358455 0.00950501  0.0212149   0.389628
IMAGINARY
          0 -0.00207755  0.00349513 -0.00191307
 0.00207755           0   0.0117685 -0.00544572
-0.00349513  -0.0117685           0  0.00662892
 0.00191307  0.00544572 -0.00662892           0
Repeater1[0]<--->HoM1[0]
REAL
   0.422277  -0.0240715   0.0057888    0.373343
 -0.0240715   0.0807834   0.0343914 -0.00511038
  0.0057888   0.0343914   0.0599755   0.0138951
   0.373343 -0.00511038   0.0138951    0.436965
IMAGINARY
          0  0.00252212   0.0116577 -0.00446908
-0.00252212           0 -0.00634173   0.0251712
 -0.0116577  0.00634173           0  -0.0281151
 0.00446908  -0.0251712   0.0281151           0
EndNode1[0]<--->Repeater1[0]
REAL
   0.457333   0.0213234   0.0135476    0.350816
  0.0213234   0.0826667   0.0248386 -0.00307642
  0.0135476   0.0248386       0.072 0.000927879
   0.350816 -0.00307642 0.000927879       0.388
IMAGINARY
          0   0.0111133  0.00544837  0.00721785
 -0.0111133           0   0.0019685   0.0103146
-0.00544837  -0.0019685           0    -0.01931
-0.00721785  -0.0103146     0.01931           0
EndNode2[0]<--->HoM1[0]
REAL
     0.45828 -0.000499818  -0.00686323     0.373604
-0.000499818    0.0757381    0.0200129   0.00874057
 -0.00686323    0.0200129    0.0731707  -0.00888692
    0.373604   0.00874057  -0.00888692     0.392811
IMAGINARY
          0  0.00726663  -0.0121707  -0.0044241
-0.00726663           0 -0.00254675 -0.00854752
  0.0121707  0.00254675           0 -0.00312298
  0.0044241  0.00854752  0.00312298           0
Repeater1[0]<--->EndNode1[0]
REAL
   0.457333   0.0135476   0.0213234    0.350816
  0.0135476       0.072   0.0248386 0.000927879
  0.0213234   0.0248386   0.0826667 -0.00307642
   0.350816 0.000927879 -0.00307642       0.388
IMAGINARY
          0  0.00544837   0.0111133  0.00721785
-0.00544837           0  -0.0019685    -0.01931
 -0.0111133   0.0019685           0   0.0103146
-0.00721785     0.01931  -0.0103146           0
Repeater1[0]<--->HoM1[0]
REAL
     0.45828  -0.00686323 -0.000499818     0.373604
 -0.00686323    0.0731707    0.0200129  -0.00888692
-0.000499818    0.0200129    0.0757381   0.00874057
    0.373604  -0.00888692   0.00874057     0.392811
IMAGINARY
          0  -0.0121707  0.00726663  -0.0044241
  0.0121707           0  0.00254675 -0.00312298
-0.00726663 -0.00254675           0 -0.00854752
  0.0044241  0.00312298  0.00854752           0
EndNode1[0]<--->Repeater1[0]
REAL
  0.440746 -0.0173909 -0.0184231   0.350034
-0.0173909  0.0825566   0.030111 0.00631652
-0.0184231   0.030111  0.0838881 0.00407373
  0.350034 0.00631652 0.00407373    0.39281
IMAGINARY
          0  0.00824461 -0.00785466  0.00167288
-0.00824461           0   0.0241003  0.00466181
 0.00785466  -0.0241003           0  -0.0139917
-0.00167288 -0.00466181   0.0139917           0
EndNode2[0]<--->HoM1[0]
REAL
   0.430481 -0.00647767 -0.00755076    0.372306
-0.00647767   0.0748663   0.0245091 -0.00327726
-0.00755076   0.0245091   0.0721925  0.00201907
   0.372306 -0.00327726  0.00201907     0.42246
IMAGINARY
          0   -0.031706    0.029928 -0.00167336
   0.031706           0  0.00167336   0.0214739
  -0.029928 -0.00167336           0  -0.0196959
 0.00167336  -0.0214739   0.0196959           0
Repeater1[0]<--->EndNode1[0]
REAL
  0.440746 -0.0184231 -0.0173909   0.350034
-0.0184231  0.0838881   0.030111 0.00407373
-0.0173909   0.030111  0.0825566 0.00631652
  0.350034 0.00407373 0.00631652    0.39281
IMAGINARY
          0 -0.00785466  0.00824461  0.00167288
 0.00785466           0  -0.0241003  -0.0139917
-0.00824461   0.0241003           0  0.00466181
-0.00167288   0.0139917 -0.00466181           0
Repeater1[0]<--->HoM1[0]
REAL
   0.430481 -0.00755076 -0.00647767    0.372306
-0.00755076   0.0721925   0.0245091  0.00201907
-0.00647767   0.0245091   0.0748663 -0.00327726
   0.372306  0.00201907 -0.00327726     0.42246
IMAGINARY
          0    0.029928   -0.031706 -0.00167336
  -0.029928           0 -0.00167336  -0.0196959
   0.031706  0.00167336           0   0.0214739
 0.00167336   0.0196959  -0.0214739           0
EndNode1[0]<--->Repeater1[0]
REAL
  0.423575 0.00107896 -0.0199449   0.364366
0.00107896  0.0699482  0.0374667  0.0042381
-0.0199449  0.0374667  0.0854922 -0.0259481
  0.364366  0.0042381 -0.0259481   0.420984
IMAGINARY
          0 -0.00824373    0.011591  -0.0186699
 0.00824373           0  0.00262047  0.00273027
  -0.011591 -0.00262047           0  0.00263975
  0.0186699 -0.00273027 -0.00263975           0
EndNode2[0]<--->HoM1[0]
REAL
   0.432817  0.00223062  -0.0100013     0.36032
 0.00223062   0.0775194   0.0368648  -0.0163145
 -0.0100013   0.0368648   0.0801034 -0.00406661
    0.36032  -0.0163145 -0.00406661    0.409561
IMAGINARY
         0 -0.0327877   0.022917 -0.0062631
 0.0327877          0  0.0131813 -0.0109372
 -0.022917 -0.0131813          0  0.0107196
 0.0062631  0.0109372 -0.0107196          0
Repeater1[0]<--->EndNode1[0]
REAL
  0.423575 -0.0199449 0.00107896   0.364366
-0.0199449  0.0854922  0.0374667 -0.0259481
0.00107896  0.0374667  0.0699482  0.0042381
  0.364366 -0.0259481  0.0042381   0.420984
IMAGINARY
          0    0.011591 -0.00824373  -0.0186699
  -0.011591           0 -0.00262047  0.00263975
 0.00824373  0.00262047           0  0.00273027
  0.0186699 -0.00263975 -0.00273027           0
Repeater1[0]<--->HoM1[0]
REAL
   0.432817  -0.0100013  0.00223062     0.36032
 -0.0100013   0.0801034   0.0368648 -0.00406661
 0.00223062   0.0368648   0.0775194  -0.0163145
    0.36032 -0.00406661  -0.0163145    0.409561
IMAGINARY
         0   0.022917 -0.0327877 -0.0062631
 -0.022917          0 -0.0131813  0.0107196
 0.0327877  0.0131813          0 -0.0109372
 0.0062631 -0.0107196  0.0109372          0
EndNode1[0]<--->Repeater1[0]
REAL
   0.456298  -0.0268509 -0.00125094    0.356985
 -0.0268509   0.0706941   0.0305602  0.00427392
-0.00125094   0.0305602   0.0784062   0.0141544
   0.356985  0.00427392   0.0141544    0.394602
IMAGINARY
          0  -0.0017815  0.00287565  0.00717456
  0.0017815           0  -0.0171996  -0.0171244
-0.00287565   0.0171996           0   0.0160302
-0.00717456   0.0171244  -0.0160302           0
EndNode2[0]<--->HoM1[0]
REAL
   0.446406   0.0117652  0.00617248    0.367767
  0.0117652   0.0668348   0.0432274  -0.0166437
 0.00617248   0.0432274   0.0781841 -0.00914737
   0.367767  -0.0166437 -0.00914737    0.408575
IMAGINARY
          0  0.00354341  0.00828221  -0.0100926
-0.00354341           0  -0.0121006  0.00828221
-0.00828221   0.0121006           0  -0.0188808
  0.0100926 -0.00828221   0.0188808           0
Repeater1[0]<--->EndNode1[0]
REAL
   0.456298 -0.00125094  -0.0268509    0.356985
-0.00125094   0.0784062   0.0305602   0.0141544
 -0.0268509   0.0305602   0.0706941  0.00427392
   0.356985   0.0141544  0.00427392    0.394602
IMAGINARY
          0  0.00287565  -0.0017815  0.00717456
-0.00287565           0   0.0171996   0.0160302
  0.0017815  -0.0171996           0  -0.0171244
-0.00717456  -0.0160302   0.0171244           0
Repeater1[0]<--->HoM1[0]
REAL
   0.446406  0.00617248   0.0117652    0.367767
 0.00617248   0.0781841   0.0432274 -0.00914737
  0.0117652   0.0432274   0.0668348  -0.0166437
   0.367767 -0.00914737  -0.0166437    0.408575
IMAGINARY
          0  0.00828221  0.00354341  -0.0100926
-0.00828221           0   0.0121006  -0.0188808
-0.00354341  -0.0121006           0  0.00828221
  0.0100926   0.0188808 -0.00828221           0
EndNode1[0]<--->Repeater1[0]
REAL
   0.438639  -0.0148228   0.0084001    0.365535
 -0.0148228   0.0741191   0.0258506 -0.00153368
  0.0084001   0.0258506   0.0838396   0.0229376
   0.365535 -0.00153368   0.0229376    0.403402
IMAGINARY
          0   0.0026134 -0.00295664  -0.0101333
 -0.0026134           0   0.0107544 -0.00295664
 0.00295664  -0.0107544           0   0.0138124
  0.0101333  0.00295664  -0.0138124           0
EndNode2[0]<--->HoM1[0]
REAL
   0.424566  0.00847756 -0.00640523    0.375161
 0.00847756   0.0680908   0.0335892  -0.0135948
-0.00640523   0.0335892   0.0600801  -0.0197276
   0.375161  -0.0135948  -0.0197276    0.447263
IMAGINARY
           0  0.000926566  -0.00288637   0.00159236
-0.000926566            0   0.00159236 -0.000282201
  0.00288637  -0.00159236            0   -0.0116997
 -0.00159236  0.000282201    0.0116997            0
Repeater1[0]<--->EndNode1[0]
REAL
   0.438639   0.0084001  -0.0148228    0.365535
  0.0084001   0.0838396   0.0258506   0.0229376
 -0.0148228   0.0258506   0.0741191 -0.00153368
   0.365535   0.0229376 -0.00153368    0.403402
IMAGINARY
          0 -0.00295664   0.0026134  -0.0101333
 0.00295664           0  -0.0107544   0.0138124
 -0.0026134   0.0107544           0 -0.00295664
  0.0101333  -0.0138124  0.00295664           0
Repeater1[0]<--->HoM1[0]
REAL
   0.424566 -0.00640523  0.00847756    0.375161
-0.00640523   0.0600801   0.0335892  -0.0197276
 0.00847756   0.0335892   0.0680908  -0.0135948
   0.375161  -0.0197276  -0.0135948    0.447263
IMAGINARY
           0  -0.00288637  0.000926566   0.00159236
  0.00288637            0  -0.00159236   -0.0116997
-0.000926566   0.00159236            0 -0.000282201
 -0.00159236    0.0116997  0.000282201            0
