EndNode1[0]<--->Repeater1[0]
REAL
   0.305665   0.0179645    0.017571    0.147196
  0.0179645    0.222661   0.0342087  -0.0104188
   0.017571   0.0342087    0.213439 -0.00691115
   0.147196  -0.0104188 -0.00691115    0.258235
IMAGINARY
          0  0.00590162  -0.0101162  0.00890126
-0.00590162           0 -0.00629029  0.00492139
  0.0101162  0.00629029           0  -0.0136938
-0.00890126 -0.00492139   0.0136938           0
EndNode2[0]<--->HoM1[0]
REAL
   0.301961  -0.0120877 -0.00518135    0.153871
 -0.0120877    0.194771   0.0766987 -0.00518135
-0.00518135   0.0766987    0.203922  0.00431569
   0.153871 -0.00518135  0.00431569    0.299346
IMAGINARY
           0  0.000978704     -0.01493    0.0167426
-0.000978704            0  -0.00874756  -0.00387671
     0.01493   0.00874756            0 -0.000330196
  -0.0167426   0.00387671  0.000330196            0
Repeater1[0]<--->EndNode1[0]
REAL
   0.305665    0.017571   0.0179645    0.147196
   0.017571    0.213439   0.0342087 -0.00691115
  0.0179645   0.0342087    0.222661  -0.0104188
   0.147196 -0.00691115  -0.0104188    0.258235
IMAGINARY
          0  -0.0101162  0.00590162  0.00890126
  0.0101162           0  0.00629029  -0.0136938
-0.00590162 -0.00629029           0  0.00492139
-0.00890126   0.0136938 -0.00492139           0
Repeater1[0]<--->HoM1[0]
REAL
   0.301961 -0.00518135  -0.0120877    0.153871
-0.00518135    0.203922   0.0766987  0.00431569
 -0.0120877   0.0766987    0.194771 -0.00518135
   0.153871  0.00431569 -0.00518135    0.299346
IMAGINARY
           0     -0.01493  0.000978704    0.0167426
     0.01493            0   0.00874756 -0.000330196
-0.000978704  -0.00874756            0  -0.00387671
  -0.0167426  0.000330196   0.00387671            0
EndNode1[0]<--->Repeater1[0]
REAL
  0.297468 -0.0180657 -0.0124972   0.141071
-0.0180657   0.212658  0.0672075 0.00132769
-0.0124972  0.0672075   0.193671 -0.0141287
  0.141071 0.00132769 -0.0141287   0.296203
IMAGINARY
          0 -0.00760016  -0.0139044  -0.0114273
 0.00760016           0   -0.014018   0.0110635
  0.0139044    0.014018           0   0.0104411
  0.0114273  -0.0110635  -0.0104411           0
EndNode2[0]<--->HoM1[0]
REAL
   0.308974  0.00287519 -0.00928661    0.157068
 0.00287519    0.196154    0.031908 -0.00121208
-0.00928661    0.031908    0.211538  -0.0356836
   0.157068 -0.00121208  -0.0356836    0.283333
IMAGINARY
           0   -0.0128729 -0.000802957  0.000390034
   0.0128729            0  -0.00410291   0.00657959
 0.000802957   0.00410291            0   -0.0108755
-0.000390034  -0.00657959    0.0108755            0
Repeater1[0]<--->EndNode1[0]
REAL
  0.297468 -0.0124972 -0.0180657   0.141071
-0.0124972   0.193671  0.0672075 -0.0141287
-0.0180657  0.0672075   0.212658 0.00132769
  0.141071 -0.0141287 0.00132769   0.296203
IMAGINARY
          0  -0.0139044 -0.00760016  -0.0114273
  0.0139044           0    0.014018   0.0104411
 0.00760016   -0.014018           0   0.0110635
  0.0114273  -0.0104411  -0.0110635           0
Repeater1[0]<--->HoM1[0]
REAL
   0.308974 -0.00928661  0.00287519    0.157068
-0.00928661    0.211538    0.031908  -0.0356836
 0.00287519    0.031908    0.196154 -0.00121208
   0.157068  -0.0356836 -0.00121208    0.283333
IMAGINARY
           0 -0.000802957   -0.0128729  0.000390034
 0.000802957            0   0.00410291   -0.0108755
   0.0128729  -0.00410291            0   0.00657959
-0.000390034    0.0108755  -0.00657959            0
EndNode1[0]<--->Repeater1[0]
REAL
    0.28113  0.00135195  -0.0102688     0.16449
 0.00135195    0.204108   0.0660249  -0.0154908
 -0.0102688   0.0660249    0.196406 -0.00333346
    0.16449  -0.0154908 -0.00333346    0.318357
IMAGINARY
           0 -6.89618e-05   -0.0115752   0.00782099
 6.89618e-05            0   0.00904648  -0.00121251
   0.0115752  -0.00904648            0   -0.0127188
 -0.00782099   0.00121251    0.0127188            0
EndNode2[0]<--->HoM1[0]
REAL
   0.309556  -0.0194451  0.00370505    0.151404
 -0.0194451    0.212651   0.0367023   -0.015841
 0.00370505   0.0367023    0.211306 -0.00604031
   0.151404   -0.015841 -0.00604031    0.266487
IMAGINARY
          0  0.00929122   -0.003475   -0.010563
-0.00929122           0   0.0246295   0.0129807
   0.003475  -0.0246295           0  -0.0086575
   0.010563  -0.0129807   0.0086575           0
Repeater1[0]<--->EndNode1[0]
REAL
    0.28113  -0.0102688  0.00135195     0.16449
 -0.0102688    0.196406   0.0660249 -0.00333346
 0.00135195   0.0660249    0.204108  -0.0154908
    0.16449 -0.00333346  -0.0154908    0.318357
IMAGINARY
           0   -0.0115752 -6.89618e-05   0.00782099
   0.0115752            0  -0.00904648   -0.0127188
 6.89618e-05   0.00904648            0  -0.00121251
 -0.00782099    0.0127188   0.00121251            0
Repeater1[0]<--->HoM1[0]
REAL
   0.309556  0.00370505  -0.0194451    0.151404
 0.00370505    0.211306   0.0367023 -0.00604031
 -0.0194451   0.0367023    0.212651   -0.015841
   0.151404 -0.00604031   -0.015841    0.266487
IMAGINARY
          0   -0.003475  0.00929122   -0.010563
   0.003475           0  -0.0246295  -0.0086575
-0.00929122   0.0246295           0   0.0129807
   0.010563   0.0086575  -0.0129807           0
EndNode1[0]<--->Repeater1[0]
REAL
  0.300395  0.0211131 0.00589966   0.135401
 0.0211131   0.188406  0.0423621 -0.0212126
0.00589966  0.0423621   0.197628    0.01151
  0.135401 -0.0212126    0.01151    0.31357
IMAGINARY
          0  0.00985423  -0.0176441  -0.0135794
-0.00985423           0   0.0252677 -0.00310555
  0.0176441  -0.0252677           0 -0.00249145
  0.0135794  0.00310555  0.00249145           0
EndNode2[0]<--->HoM1[0]
REAL
   0.298755  0.00543292  0.00528263    0.122266
 0.00543292    0.201936    0.056394  0.00216154
 0.00528263    0.056394    0.192254 -0.00667362
   0.122266  0.00216154 -0.00667362    0.307054
IMAGINARY
          0  0.00500312 -0.00472093  0.00407213
-0.00500312           0  -0.0161365     0.01915
 0.00472093   0.0161365           0  0.00566188
-0.00407213    -0.01915 -0.00566188           0
Repeater1[0]<--->EndNode1[0]
REAL
  0.300395 0.00589966  0.0211131   0.135401
0.00589966   0.197628  0.0423621    0.01151
 0.0211131  0.0423621   0.188406 -0.0212126
  0.135401    0.01151 -0.0212126    0.31357
IMAGINARY
          0  -0.0176441  0.00985423  -0.0135794
  0.0176441           0  -0.0252677 -0.00249145
-0.00985423   0.0252677           0 -0.00310555
  0.0135794  0.00249145  0.00310555           0
Repeater1[0]<--->HoM1[0]
REAL
   0.298755  0.00528263  0.00543292    0.122266
 0.00528263    0.192254    0.056394 -0.00667362
 0.00543292    0.056394    0.201936  0.00216154
   0.122266 -0.00667362  0.00216154    0.307054
IMAGINARY
          0 -0.00472093  0.00500312  0.00407213
 0.00472093           0   0.0161365  0.00566188
-0.00500312  -0.0161365           0     0.01915
-0.00407213 -0.00566188    -0.01915           0
EndNode1[0]<--->Repeater1[0]
REAL
  0.256345 -0.0119152 0.00799252   0.153951
-0.0119152   0.218274  0.0385662 -0.0059517
0.00799252  0.0385662   0.206853  -0.018697
  0.153951 -0.0059517  -0.018697   0.318528
IMAGINARY
           0  0.000367975 -0.000389031  -0.00636761
-0.000367975            0     0.015206  -0.00287042
 0.000389031    -0.015206            0  -0.00884255
  0.00636761   0.00287042   0.00884255            0
EndNode2[0]<--->HoM1[0]
REAL
  0.275401  0.0133126 -0.0173796   0.133087
 0.0133126   0.204545   0.065755  -0.016726
-0.0173796   0.065755    0.21123 -0.0242521
  0.133087  -0.016726 -0.0242521   0.308824
IMAGINARY
          0   0.0038959   0.0345379 -0.00882006
 -0.0038959           0  -0.0145091  -0.0183284
 -0.0345379   0.0145091           0   0.0110667
 0.00882006   0.0183284  -0.0110667           0
Repeater1[0]<--->EndNode1[0]
REAL
  0.256345 0.00799252 -0.0119152   0.153951
0.00799252   0.206853  0.0385662  -0.018697
-0.0119152  0.0385662   0.218274 -0.0059517
  0.153951  -0.018697 -0.0059517   0.318528
IMAGINARY
           0 -0.000389031  0.000367975  -0.00636761
 0.000389031            0    -0.015206  -0.00884255
-0.000367975     0.015206            0  -0.00287042
  0.00636761   0.00884255   0.00287042            0
Repeater1[0]<--->HoM1[0]
REAL
  0.275401 -0.0173796  0.0133126   0.133087
-0.0173796    0.21123   0.065755 -0.0242521
 0.0133126   0.065755   0.204545  -0.016726
  0.133087 -0.0242521  -0.016726   0.308824
IMAGINARY
          0   0.0345379   0.0038959 -0.00882006
 -0.0345379           0   0.0145091   0.0110667
 -0.0038959  -0.0145091           0  -0.0183284
 0.00882006  -0.0110667   0.0183284           0
EndNode1[0]<--->Repeater1[0]
REAL
   0.304348 0.000533491    0.013893    0.141529
0.000533491    0.227621   0.0537735   -0.018591
   0.013893   0.0537735    0.191816 -0.00120463
   0.141529   -0.018591 -0.00120463    0.276215
IMAGINARY
          0  0.00791464 -0.00175973  -0.0148503
-0.00791464           0 -0.00947399  0.00924272
 0.00175973  0.00947399           0   0.0104527
  0.0148503 -0.00924272  -0.0104527           0
EndNode2[0]<--->HoM1[0]
REAL
  0.31599 0.0106975 0.0205086  0.153207
0.0106975  0.187817 0.0581755 0.0011716
0.0205086 0.0581755  0.206853 0.0177578
 0.153207 0.0011716 0.0177578   0.28934
IMAGINARY
          0  -0.0105659   0.0117875 -0.00865887
  0.0105659           0   0.0124854   0.0124361
 -0.0117875  -0.0124854           0  -0.0161421
 0.00865887  -0.0124361   0.0161421           0
Repeater1[0]<--->EndNode1[0]
REAL
   0.304348    0.013893 0.000533491    0.141529
   0.013893    0.191816   0.0537735 -0.00120463
0.000533491   0.0537735    0.227621   -0.018591
   0.141529 -0.00120463   -0.018591    0.276215
IMAGINARY
          0 -0.00175973  0.00791464  -0.0148503
 0.00175973           0  0.00947399   0.0104527
-0.00791464 -0.00947399           0  0.00924272
  0.0148503  -0.0104527 -0.00924272           0
Repeater1[0]<--->HoM1[0]
REAL
  0.31599 0.0205086 0.0106975  0.153207
0.0205086  0.206853 0.0581755 0.0177578
0.0106975 0.0581755  0.187817 0.0011716
 0.153207 0.0177578 0.0011716   0.28934
IMAGINARY
          0   0.0117875  -0.0105659 -0.00865887
 -0.0117875           0  -0.0124854  -0.0161421
  0.0105659   0.0124854           0   0.0124361
 0.00865887   0.0161421  -0.0124361           0
EndNode1[0]<--->Repeater1[0]
REAL
    0.29125  -0.0212403 -0.00456316    0.134869
 -0.0212403      0.1925   0.0472916   0.0020506
-0.00456316   0.0472916        0.22  0.00239607
   0.134869   0.0020506  0.00239607     0.29625
IMAGINARY
          0   -0.013854   0.0371136  -0.0210015
   0.013854           0   0.0150095  0.00574355
 -0.0371136  -0.0150095           0  0.00577949
  0.0210015 -0.00574355 -0.00577949           0
EndNode2[0]<--->HoM1[0]
REAL
    0.283715   0.00356201 -0.000971848     0.120037
  0.00356201     0.201018    0.0689086    -0.013167
-0.000971848    0.0689086     0.223919  0.000294034
    0.120037    -0.013167  0.000294034     0.291349
IMAGINARY
           0  0.000729983   -0.0119157  -0.00906527
-0.000729983            0   0.00154647  -0.00734057
   0.0119157  -0.00154647            0   0.00524611
  0.00906527   0.00734057  -0.00524611            0
Repeater1[0]<--->EndNode1[0]
REAL
    0.29125 -0.00456316  -0.0212403    0.134869
-0.00456316        0.22   0.0472916  0.00239607
 -0.0212403   0.0472916      0.1925   0.0020506
   0.134869  0.00239607   0.0020506     0.29625
IMAGINARY
          0   0.0371136   -0.013854  -0.0210015
 -0.0371136           0  -0.0150095  0.00577949
   0.013854   0.0150095           0  0.00574355
  0.0210015 -0.00577949 -0.00574355           0
Repeater1[0]<--->HoM1[0]
REAL
    0.283715 -0.000971848   0.00356201     0.120037
-0.000971848     0.223919    0.0689086  0.000294034
  0.00356201    0.0689086     0.201018    -0.013167
    0.120037  0.000294034    -0.013167     0.291349
IMAGINARY
           0   -0.0119157  0.000729983  -0.00906527
   0.0119157            0  -0.00154647   0.00524611
-0.000729983   0.00154647            0  -0.00734057
  0.00906527  -0.00524611   0.00734057            0
EndNode1[0]<--->Repeater1[0]
REAL
   0.246575 -0.00303822  -0.0219953    0.133603
-0.00303822    0.259029   0.0459186   -0.013909
 -0.0219953   0.0459186    0.210461 0.000378641
   0.133603   -0.013909 0.000378641    0.283935
IMAGINARY
           0   -0.0255079   0.00946366   -0.0165574
   0.0255079            0   0.00844257    0.0233342
 -0.00946366  -0.00844257            0  0.000742135
   0.0165574   -0.0233342 -0.000742135            0
EndNode2[0]<--->HoM1[0]
REAL
   0.287154 -0.00337249  0.00326102    0.143492
-0.00337249    0.210327    0.066046   -0.036498
 0.00326102    0.066046    0.193955 -0.00529803
   0.143492   -0.036498 -0.00529803    0.308564
IMAGINARY
          0 -0.00751604   0.0162306   0.0297925
 0.00751604           0   0.0140031  0.00686727
 -0.0162306  -0.0140031           0 -0.00878831
 -0.0297925 -0.00686727  0.00878831           0
Repeater1[0]<--->EndNode1[0]
REAL
   0.246575  -0.0219953 -0.00303822    0.133603
 -0.0219953    0.210461   0.0459186 0.000378641
-0.00303822   0.0459186    0.259029   -0.013909
   0.133603 0.000378641   -0.013909    0.283935
IMAGINARY
           0   0.00946366   -0.0255079   -0.0165574
 -0.00946366            0  -0.00844257  0.000742135
   0.0255079   0.00844257            0    0.0233342
   0.0165574 -0.000742135   -0.0233342            0
Repeater1[0]<--->HoM1[0]
REAL
   0.287154  0.00326102 -0.00337249    0.143492
 0.00326102    0.193955    0.066046 -0.00529803
-0.00337249    0.066046    0.210327   -0.036498
   0.143492 -0.00529803   -0.036498    0.308564
IMAGINARY
          0   0.0162306 -0.00751604   0.0297925
 -0.0162306           0  -0.0140031 -0.00878831
 0.00751604   0.0140031           0  0.00686727
 -0.0297925  0.00878831 -0.00686727           0
