EndNode1[0]<--->Repeater1[0]
REAL
    0.318402   -0.0107004 -0.000740295     0.193117
  -0.0107004     0.154964    0.0170091    0.0133985
-0.000740295    0.0170091     0.152542    0.0119662
    0.193117    0.0133985    0.0119662     0.374092
IMAGINARY
           0    0.0286306  -0.00555849   0.00300799
  -0.0286306            0    0.0210492   0.00186391
  0.00555849   -0.0210492            0  0.000926082
 -0.00300799  -0.00186391 -0.000926082            0
EndNode2[0]<--->HoM1[0]
REAL
   0.337037  -0.0308145  0.00211548    0.205949
 -0.0308145    0.144444  -0.0147721 -0.00746307
 0.00211548  -0.0147721    0.144444 6.58787e-05
   0.205949 -0.00746307 6.58787e-05    0.374074
IMAGINARY
           0    0.0118493 -0.000502868   -0.0197435
  -0.0118493            0  -0.00817533   -0.0104366
 0.000502868   0.00817533            0   0.00809926
   0.0197435    0.0104366  -0.00809926            0
Repeater1[0]<--->EndNode1[0]
REAL
    0.318402 -0.000740295   -0.0107004     0.193117
-0.000740295     0.152542    0.0170091    0.0119662
  -0.0107004    0.0170091     0.154964    0.0133985
    0.193117    0.0119662    0.0133985     0.374092
IMAGINARY
           0  -0.00555849    0.0286306   0.00300799
  0.00555849            0   -0.0210492  0.000926082
  -0.0286306    0.0210492            0   0.00186391
 -0.00300799 -0.000926082  -0.00186391            0
Repeater1[0]<--->HoM1[0]
REAL
   0.337037  0.00211548  -0.0308145    0.205949
 0.00211548    0.144444  -0.0147721 6.58787e-05
 -0.0308145  -0.0147721    0.144444 -0.00746307
   0.205949 6.58787e-05 -0.00746307    0.374074
IMAGINARY
           0 -0.000502868    0.0118493   -0.0197435
 0.000502868            0   0.00817533   0.00809926
  -0.0118493  -0.00817533            0   -0.0104366
   0.0197435  -0.00809926    0.0104366            0
EndNode1[0]<--->Repeater1[0]
REAL
   0.361186 -0.00251493  0.00502987    0.210153
-0.00251493    0.133423  0.00934412  0.00440409
 0.00502987  0.00934412    0.157682 -0.00188758
   0.210153  0.00440409 -0.00188758    0.347709
IMAGINARY
          0 -0.00754717  0.00538432 -0.00397668
 0.00754717           0  -0.0110918   0.0229176
-0.00538432   0.0110918           0   0.0169811
 0.00397668  -0.0229176  -0.0169811           0
EndNode2[0]<--->HoM1[0]
REAL
  0.361624  0.0112323  0.0167084   0.206084
 0.0112323   0.138991 0.00765107   0.019877
 0.0167084 0.00765107   0.142681  0.0112323
  0.206084   0.019877  0.0112323   0.356704
IMAGINARY
          0 -0.00604842  0.00239668  0.00479822
 0.00604842           0 -0.00799106  -0.0102296
-0.00239668  0.00799106           0  0.00474294
-0.00479822   0.0102296 -0.00474294           0
Repeater1[0]<--->EndNode1[0]
REAL
   0.361186  0.00502987 -0.00251493    0.210153
 0.00502987    0.157682  0.00934412 -0.00188758
-0.00251493  0.00934412    0.133423  0.00440409
   0.210153 -0.00188758  0.00440409    0.347709
IMAGINARY
          0  0.00538432 -0.00754717 -0.00397668
-0.00538432           0   0.0110918   0.0169811
 0.00754717  -0.0110918           0   0.0229176
 0.00397668  -0.0169811  -0.0229176           0
Repeater1[0]<--->HoM1[0]
REAL
  0.361624  0.0167084  0.0112323   0.206084
 0.0167084   0.142681 0.00765107  0.0112323
 0.0112323 0.00765107   0.138991   0.019877
  0.206084  0.0112323   0.019877   0.356704
IMAGINARY
          0  0.00239668 -0.00604842  0.00479822
-0.00239668           0  0.00799106  0.00474294
 0.00604842 -0.00799106           0  -0.0102296
-0.00479822 -0.00474294   0.0102296           0
EndNode1[0]<--->Repeater1[0]
REAL
   0.345315  0.00953623   -0.021659    0.198867
 0.00953623    0.141207 -0.00420041   0.0203257
  -0.021659 -0.00420041    0.151476  -0.0122029
   0.198867   0.0203257  -0.0122029    0.362003
IMAGINARY
           0   0.00528794   -0.0222843  -0.00104391
 -0.00528794            0   0.00456008  0.000811869
   0.0222843  -0.00456008            0 -0.000993464
  0.00104391 -0.000811869  0.000993464            0
EndNode2[0]<--->HoM1[0]
REAL
    0.372624 -0.000704274   0.00370556      0.18231
-0.000704274      0.12801   -0.0178189   -0.0193714
  0.00370556   -0.0178189     0.149556    0.0124536
     0.18231   -0.0193714    0.0124536      0.34981
IMAGINARY
          0  0.00189064  0.00874828   -0.010822
-0.00189064           0  0.00361365  -0.0171138
-0.00874828 -0.00361365           0 -0.00253414
   0.010822   0.0171138  0.00253414           0
Repeater1[0]<--->EndNode1[0]
REAL
   0.345315   -0.021659  0.00953623    0.198867
  -0.021659    0.151476 -0.00420041  -0.0122029
 0.00953623 -0.00420041    0.141207   0.0203257
   0.198867  -0.0122029   0.0203257    0.362003
IMAGINARY
           0   -0.0222843   0.00528794  -0.00104391
   0.0222843            0  -0.00456008 -0.000993464
 -0.00528794   0.00456008            0  0.000811869
  0.00104391  0.000993464 -0.000811869            0
Repeater1[0]<--->HoM1[0]
REAL
    0.372624   0.00370556 -0.000704274      0.18231
  0.00370556     0.149556   -0.0178189    0.0124536
-0.000704274   -0.0178189      0.12801   -0.0193714
     0.18231    0.0124536   -0.0193714      0.34981
IMAGINARY
          0  0.00874828  0.00189064   -0.010822
-0.00874828           0 -0.00361365 -0.00253414
-0.00189064  0.00361365           0  -0.0171138
   0.010822  0.00253414   0.0171138           0
EndNode1[0]<--->Repeater1[0]
REAL
   0.361183 -0.00785659 -0.00413161     0.20075
-0.00785659    0.136247   0.0131736 -0.00599497
-0.00413161   0.0131736    0.160668    -0.00227
    0.20075 -0.00599497    -0.00227    0.341902
IMAGINARY
           0    0.0255493   -0.0147021 -0.000992397
  -0.0255493            0   -0.0153903   -0.0265033
   0.0147021    0.0153903            0   0.00335604
 0.000992397    0.0265033  -0.00335604            0
EndNode2[0]<--->HoM1[0]
REAL
   0.37421 0.00877248  0.0146994   0.172775
0.00877248   0.139064 -0.0128257  0.0180462
 0.0146994 -0.0128257   0.176991 0.00382198
  0.172775  0.0180462 0.00382198   0.309735
IMAGINARY
          0  -0.0156861 -0.00302482  0.00974521
  0.0156861           0   -0.017264   0.0235004
 0.00302482    0.017264           0  0.00577856
-0.00974521  -0.0235004 -0.00577856           0
Repeater1[0]<--->EndNode1[0]
REAL
   0.361183 -0.00413161 -0.00785659     0.20075
-0.00413161    0.160668   0.0131736    -0.00227
-0.00785659   0.0131736    0.136247 -0.00599497
    0.20075    -0.00227 -0.00599497    0.341902
IMAGINARY
           0   -0.0147021    0.0255493 -0.000992397
   0.0147021            0    0.0153903   0.00335604
  -0.0255493   -0.0153903            0   -0.0265033
 0.000992397  -0.00335604    0.0265033            0
Repeater1[0]<--->HoM1[0]
REAL
   0.37421  0.0146994 0.00877248   0.172775
 0.0146994   0.176991 -0.0128257 0.00382198
0.00877248 -0.0128257   0.139064  0.0180462
  0.172775 0.00382198  0.0180462   0.309735
IMAGINARY
          0 -0.00302482  -0.0156861  0.00974521
 0.00302482           0    0.017264  0.00577856
  0.0156861   -0.017264           0   0.0235004
-0.00974521 -0.00577856  -0.0235004           0
EndNode1[0]<--->Repeater1[0]
REAL
    0.370419    -0.012987 -0.000924933     0.181966
   -0.012987     0.126963   0.00374823   0.00352234
-0.000924933   0.00374823     0.180628    -0.012987
    0.181966   0.00352234    -0.012987      0.32199
IMAGINARY
           0      0.01045   0.00347262 -0.000644057
    -0.01045            0  -0.00131161  -0.00099737
 -0.00347262   0.00131161            0    0.0217282
 0.000644057   0.00099737   -0.0217282            0
EndNode2[0]<--->HoM1[0]
REAL
    0.358374   0.00620819  -0.00926664     0.193981
  0.00620819     0.135468   -0.0145108 -0.000667133
 -0.00926664   -0.0145108     0.156404   0.00240108
    0.193981 -0.000667133   0.00240108     0.349754
IMAGINARY
          0 -0.00364778  -0.0090139  0.00924372
 0.00364778           0    0.015687  0.00964762
  0.0090139   -0.015687           0  -0.0147299
-0.00924372 -0.00964762   0.0147299           0
Repeater1[0]<--->EndNode1[0]
REAL
    0.370419 -0.000924933    -0.012987     0.181966
-0.000924933     0.180628   0.00374823    -0.012987
   -0.012987   0.00374823     0.126963   0.00352234
    0.181966    -0.012987   0.00352234      0.32199
IMAGINARY
           0   0.00347262      0.01045 -0.000644057
 -0.00347262            0   0.00131161    0.0217282
    -0.01045  -0.00131161            0  -0.00099737
 0.000644057   -0.0217282   0.00099737            0
Repeater1[0]<--->HoM1[0]
REAL
    0.358374  -0.00926664   0.00620819     0.193981
 -0.00926664     0.156404   -0.0145108   0.00240108
  0.00620819   -0.0145108     0.135468 -0.000667133
    0.193981   0.00240108 -0.000667133     0.349754
IMAGINARY
          0  -0.0090139 -0.00364778  0.00924372
  0.0090139           0   -0.015687  -0.0147299
 0.00364778    0.015687           0  0.00964762
-0.00924372   0.0147299 -0.00964762           0
EndNode1[0]<--->Repeater1[0]
REAL
   0.357607  0.00828355  0.00963585    0.193778
 0.00828355    0.137841 -0.00829433  0.00111684
 0.00963585 -0.00829433    0.131339   0.0132218
   0.193778  0.00111684   0.0132218    0.373212
IMAGINARY
          0  0.00681102  -0.0128391   -0.012037
-0.00681102           0  -0.0157407  0.00765777
  0.0128391   0.0157407           0 -0.00940169
   0.012037 -0.00765777  0.00940169           0
EndNode2[0]<--->HoM1[0]
REAL
   0.352632  -0.0116125   0.0425898     0.19564
 -0.0116125    0.165789 -0.00265719  -0.0100084
  0.0425898 -0.00265719    0.142105   0.0178781
    0.19564  -0.0100084   0.0178781    0.339474
IMAGINARY
          0  0.00909002  -0.0133717   0.0257845
-0.00909002           0 -0.00568401 -0.00487651
  0.0133717  0.00568401           0   0.0237567
 -0.0257845  0.00487651  -0.0237567           0
Repeater1[0]<--->EndNode1[0]
REAL
   0.357607  0.00963585  0.00828355    0.193778
 0.00963585    0.131339 -0.00829433   0.0132218
 0.00828355 -0.00829433    0.137841  0.00111684
   0.193778   0.0132218  0.00111684    0.373212
IMAGINARY
          0  -0.0128391  0.00681102   -0.012037
  0.0128391           0   0.0157407 -0.00940169
-0.00681102  -0.0157407           0  0.00765777
   0.012037  0.00940169 -0.00765777           0
Repeater1[0]<--->HoM1[0]
REAL
   0.352632   0.0425898  -0.0116125     0.19564
  0.0425898    0.142105 -0.00265719   0.0178781
 -0.0116125 -0.00265719    0.165789  -0.0100084
    0.19564   0.0178781  -0.0100084    0.339474
IMAGINARY
          0  -0.0133717  0.00909002   0.0257845
  0.0133717           0  0.00568401   0.0237567
-0.00909002 -0.00568401           0 -0.00487651
 -0.0257845  -0.0237567  0.00487651           0
EndNode1[0]<--->Repeater1[0]
REAL
  0.342273  0.0330962 0.00708602   0.212259
 0.0330962   0.132822 0.00128303  0.0410911
0.00708602 0.00128303   0.154534 0.00726838
  0.212259  0.0410911 0.00726838    0.37037
IMAGINARY
          0 -0.00184694  -0.0175159 -0.00919035
 0.00184694           0  0.00051211  0.00166221
  0.0175159 -0.00051211           0 -0.00547013
 0.00919035 -0.00166221  0.00547013           0
EndNode2[0]<--->HoM1[0]
REAL
   0.341623   0.0135263 -0.00399873    0.206183
  0.0135263    0.168848  -0.0061828 -0.00275803
-0.00399873  -0.0061828    0.125654  0.00404124
   0.206183 -0.00275803  0.00404124    0.363874
IMAGINARY
           0   -0.0159984   -0.0114514  0.000765038
   0.0159984            0   -0.0147244    0.0168278
   0.0114514    0.0147244            0   -0.0108833
-0.000765038   -0.0168278    0.0108833            0
Repeater1[0]<--->EndNode1[0]
REAL
  0.342273 0.00708602  0.0330962   0.212259
0.00708602   0.154534 0.00128303 0.00726838
 0.0330962 0.00128303   0.132822  0.0410911
  0.212259 0.00726838  0.0410911    0.37037
IMAGINARY
          0  -0.0175159 -0.00184694 -0.00919035
  0.0175159           0 -0.00051211 -0.00547013
 0.00184694  0.00051211           0  0.00166221
 0.00919035  0.00547013 -0.00166221           0
Repeater1[0]<--->HoM1[0]
REAL
   0.341623 -0.00399873   0.0135263    0.206183
-0.00399873    0.125654  -0.0061828  0.00404124
  0.0135263  -0.0061828    0.168848 -0.00275803
   0.206183  0.00404124 -0.00275803    0.363874
IMAGINARY
           0   -0.0114514   -0.0159984  0.000765038
   0.0114514            0    0.0147244   -0.0108833
   0.0159984   -0.0147244            0    0.0168278
-0.000765038    0.0108833   -0.0168278            0
EndNode1[0]<--->Repeater1[0]
REAL
  0.321333  0.0178729 -0.0161527    0.19362
 0.0178729   0.169333  -0.004467 0.00953897
-0.0161527  -0.004467   0.153333 0.00593659
   0.19362 0.00953897 0.00593659      0.356
IMAGINARY
          0 -0.00666626 -0.00604405  0.00580714
 0.00666626           0 -0.00462231 -0.00351879
 0.00604405  0.00462231           0   0.0121307
-0.00580714  0.00351879  -0.0121307           0
EndNode2[0]<--->HoM1[0]
REAL
    0.372152  -0.00287056 -0.000182074     0.202198
 -0.00287056     0.144304    0.0044032   -0.0108204
-0.000182074    0.0044032     0.131646   0.00653804
    0.202198   -0.0108204   0.00653804     0.351899
IMAGINARY
          0   0.0212169  0.00402161  0.00566213
 -0.0212169           0  -0.0240348 -0.00856117
-0.00402161   0.0240348           0 -0.00241017
-0.00566213  0.00856117  0.00241017           0
Repeater1[0]<--->EndNode1[0]
REAL
  0.321333 -0.0161527  0.0178729    0.19362
-0.0161527   0.153333  -0.004467 0.00593659
 0.0178729  -0.004467   0.169333 0.00953897
   0.19362 0.00593659 0.00953897      0.356
IMAGINARY
          0 -0.00604405 -0.00666626  0.00580714
 0.00604405           0  0.00462231   0.0121307
 0.00666626 -0.00462231           0 -0.00351879
-0.00580714  -0.0121307  0.00351879           0
Repeater1[0]<--->HoM1[0]
REAL
    0.372152 -0.000182074  -0.00287056     0.202198
-0.000182074     0.131646    0.0044032   0.00653804
 -0.00287056    0.0044032     0.144304   -0.0108204
    0.202198   0.00653804   -0.0108204     0.351899
IMAGINARY
          0  0.00402161   0.0212169  0.00566213
-0.00402161           0   0.0240348 -0.00241017
 -0.0212169  -0.0240348           0 -0.00856117
-0.00566213  0.00241017  0.00856117           0
EndNode1[0]<--->Repeater1[0]
REAL
  0.343358 0.00560914 -0.0219909   0.212802
0.00560914   0.145363  0.0135732 -0.0167961
-0.0219909  0.0135732   0.152882 -0.0161874
  0.212802 -0.0167961 -0.0161874   0.358396
IMAGINARY
          0  -0.0100177  -0.0040151  -0.0252283
  0.0100177           0 -0.00136052  -0.0152651
  0.0040151  0.00136052           0  0.00873233
  0.0252283   0.0152651 -0.00873233           0
EndNode2[0]<--->HoM1[0]
REAL
   0.348659  0.00652041 -0.00748611    0.178097
 0.00652041     0.16092 0.000474083  -0.0205751
-0.00748611 0.000474083    0.131545  -0.0294796
   0.178097  -0.0205751  -0.0294796    0.358876
IMAGINARY
          0   0.0082013  -0.0015644 -0.00359441
 -0.0082013           0  0.00615851  0.00346073
  0.0015644 -0.00615851           0   0.0113941
 0.00359441 -0.00346073  -0.0113941           0
Repeater1[0]<--->EndNode1[0]
REAL
  0.343358 -0.0219909 0.00560914   0.212802
-0.0219909   0.152882  0.0135732 -0.0161874
0.00560914  0.0135732   0.145363 -0.0167961
  0.212802 -0.0161874 -0.0167961   0.358396
IMAGINARY
          0  -0.0040151  -0.0100177  -0.0252283
  0.0040151           0  0.00136052  0.00873233
  0.0100177 -0.00136052           0  -0.0152651
  0.0252283 -0.00873233   0.0152651           0
Repeater1[0]<--->HoM1[0]
REAL
   0.348659 -0.00748611  0.00652041    0.178097
-0.00748611    0.131545 0.000474083  -0.0294796
 0.00652041 0.000474083     0.16092  -0.0205751
   0.178097  -0.0294796  -0.0205751    0.358876
IMAGINARY
          0  -0.0015644   0.0082013 -0.00359441
  0.0015644           0 -0.00615851   0.0113941
 -0.0082013  0.00615851           0  0.00346073
 0.00359441  -0.0113941 -0.00346073           0
EndNode1[0]<--->Repeater1[0]
REAL
  0.329502  0.0233287   0.019213    0.21666
 0.0233287   0.131545 0.00309262 0.00671296
  0.019213 0.00309262    0.16092 0.00383182
   0.21666 0.00671296 0.00383182   0.378033
IMAGINARY
          0   0.0100261  0.00794706  -0.0154225
 -0.0100261           0 -0.00928336 -0.00920334
-0.00794706  0.00928336           0 -0.00123215
  0.0154225  0.00920334  0.00123215           0
EndNode2[0]<--->HoM1[0]
REAL
   0.368622 -0.00586714  -0.0225857    0.196969
-0.00586714    0.168367 -0.00663889 -0.00373007
 -0.0225857 -0.00663889    0.147959  -0.0020888
   0.196969 -0.00373007  -0.0020888    0.315051
IMAGINARY
           0     -0.02414  -0.00488343   0.00769641
     0.02414            0 -0.000778169   0.00230611
  0.00488343  0.000778169            0    0.0215626
 -0.00769641  -0.00230611   -0.0215626            0
Repeater1[0]<--->EndNode1[0]
REAL
  0.329502   0.019213  0.0233287    0.21666
  0.019213    0.16092 0.00309262 0.00383182
 0.0233287 0.00309262   0.131545 0.00671296
   0.21666 0.00383182 0.00671296   0.378033
IMAGINARY
          0  0.00794706   0.0100261  -0.0154225
-0.00794706           0  0.00928336 -0.00123215
 -0.0100261 -0.00928336           0 -0.00920334
  0.0154225  0.00123215  0.00920334           0
Repeater1[0]<--->HoM1[0]
REAL
   0.368622  -0.0225857 -0.00586714    0.196969
 -0.0225857    0.147959 -0.00663889  -0.0020888
-0.00586714 -0.00663889    0.168367 -0.00373007
   0.196969  -0.0020888 -0.00373007    0.315051
IMAGINARY
           0  -0.00488343     -0.02414   0.00769641
  0.00488343            0  0.000778169    0.0215626
     0.02414 -0.000778169            0   0.00230611
 -0.00769641   -0.0215626  -0.00230611            0
EndNode1[0]<--->Repeater1[0]
REAL
   0.353925 -0.00388024  0.00249237    0.212825
-0.00388024    0.153153 0.000938699 -0.00675547
 0.00249237 0.000938699    0.118404  -0.0235254
   0.212825 -0.00675547  -0.0235254    0.374517
IMAGINARY
          0 -0.00611145  -0.0054847  0.00989136
 0.00611145           0  0.00923433  0.00419271
  0.0054847 -0.00923433           0   0.0267833
-0.00989136 -0.00419271  -0.0267833           0
EndNode2[0]<--->HoM1[0]
REAL
   0.347382  0.00731191  0.00103892     0.19998
 0.00731191      0.1341 -0.00902153  0.00368442
 0.00103892 -0.00902153    0.155811 -0.00393809
    0.19998  0.00368442 -0.00393809    0.362708
IMAGINARY
          0  0.00462392  0.00146787  0.00468171
-0.00462392           0  -0.0120709  -0.0131818
-0.00146787   0.0120709           0  0.00462392
-0.00468171   0.0131818 -0.00462392           0
Repeater1[0]<--->EndNode1[0]
REAL
   0.353925  0.00249237 -0.00388024    0.212825
 0.00249237    0.118404 0.000938699  -0.0235254
-0.00388024 0.000938699    0.153153 -0.00675547
   0.212825  -0.0235254 -0.00675547    0.374517
IMAGINARY
          0  -0.0054847 -0.00611145  0.00989136
  0.0054847           0 -0.00923433   0.0267833
 0.00611145  0.00923433           0  0.00419271
-0.00989136  -0.0267833 -0.00419271           0
Repeater1[0]<--->HoM1[0]
REAL
   0.347382  0.00103892  0.00731191     0.19998
 0.00103892    0.155811 -0.00902153 -0.00393809
 0.00731191 -0.00902153      0.1341  0.00368442
    0.19998 -0.00393809  0.00368442    0.362708
IMAGINARY
          0  0.00146787  0.00462392  0.00468171
-0.00146787           0   0.0120709  0.00462392
-0.00462392  -0.0120709           0  -0.0131818
-0.00468171 -0.00462392   0.0131818           0
EndNode1[0]<--->Repeater1[0]
REAL
    0.378003  -0.00495651  -0.00342603     0.200728
 -0.00495651     0.140329 -3.88041e-05  -0.00278087
 -0.00342603 -3.88041e-05     0.155499    -0.044009
    0.200728  -0.00278087    -0.044009     0.326169
IMAGINARY
          0 -0.00746676   0.0217519  -0.0116396
 0.00746676           0 -0.00913961  0.00382358
 -0.0217519  0.00913961           0   0.0125818
  0.0116396 -0.00382358  -0.0125818           0
EndNode2[0]<--->HoM1[0]
REAL
   0.365019  0.00944927   0.0039562    0.208164
 0.00944927    0.136882 -0.00172937 -0.00931813
  0.0039562 -0.00172937    0.145754 -0.00542783
   0.208164 -0.00931813 -0.00542783    0.352345
IMAGINARY
          0 -0.00534927 -0.00650911  0.00296007
 0.00534927           0  -0.0158467   0.0145305
 0.00650911   0.0158467           0  -0.0253994
-0.00296007  -0.0145305   0.0253994           0
Repeater1[0]<--->EndNode1[0]
REAL
    0.378003  -0.00342603  -0.00495651     0.200728
 -0.00342603     0.155499 -3.88041e-05    -0.044009
 -0.00495651 -3.88041e-05     0.140329  -0.00278087
    0.200728    -0.044009  -0.00278087     0.326169
IMAGINARY
          0   0.0217519 -0.00746676  -0.0116396
 -0.0217519           0  0.00913961   0.0125818
 0.00746676 -0.00913961           0  0.00382358
  0.0116396  -0.0125818 -0.00382358           0
Repeater1[0]<--->HoM1[0]
REAL
   0.365019   0.0039562  0.00944927    0.208164
  0.0039562    0.145754 -0.00172937 -0.00542783
 0.00944927 -0.00172937    0.136882 -0.00931813
   0.208164 -0.00542783 -0.00931813    0.352345
IMAGINARY
          0 -0.00650911 -0.00534927  0.00296007
 0.00650911           0   0.0158467  -0.0253994
 0.00534927  -0.0158467           0   0.0145305
-0.00296007   0.0253994  -0.0145305           0
EndNode1[0]<--->Repeater1[0]
REAL
   0.336283  0.00409196  0.00958229     0.20627
 0.00409196    0.159292 -0.00652409  -0.0133991
 0.00958229 -0.00652409    0.171934  0.00226936
    0.20627  -0.0133991  0.00226936    0.332491
IMAGINARY
           0   0.00943801   0.00943064  0.000465352
 -0.00943801            0   0.00909749   0.00362419
 -0.00943064  -0.00909749            0  -0.00421608
-0.000465352  -0.00362419   0.00421608            0
EndNode2[0]<--->HoM1[0]
REAL
  0.338939 -0.0135444  0.0149499   0.199167
-0.0135444   0.148771  0.0039796 0.00351792
 0.0149499  0.0039796   0.163001  0.0197003
  0.199167 0.00351792  0.0197003   0.349288
IMAGINARY
          0  -0.0177301  0.00985191  0.00353351
  0.0177301           0   -0.002258   0.0329288
-0.00985191    0.002258           0  0.00168735
-0.00353351  -0.0329288 -0.00168735           0
Repeater1[0]<--->EndNode1[0]
REAL
   0.336283  0.00958229  0.00409196     0.20627
 0.00958229    0.171934 -0.00652409  0.00226936
 0.00409196 -0.00652409    0.159292  -0.0133991
    0.20627  0.00226936  -0.0133991    0.332491
IMAGINARY
           0   0.00943064   0.00943801  0.000465352
 -0.00943064            0  -0.00909749  -0.00421608
 -0.00943801   0.00909749            0   0.00362419
-0.000465352   0.00421608  -0.00362419            0
Repeater1[0]<--->HoM1[0]
REAL
  0.338939  0.0149499 -0.0135444   0.199167
 0.0149499   0.163001  0.0039796  0.0197003
-0.0135444  0.0039796   0.148771 0.00351792
  0.199167  0.0197003 0.00351792   0.349288
IMAGINARY
          0  0.00985191  -0.0177301  0.00353351
-0.00985191           0    0.002258  0.00168735
  0.0177301   -0.002258           0   0.0329288
-0.00353351 -0.00168735  -0.0329288           0
EndNode1[0]<--->Repeater1[0]
REAL
   0.364096  0.00271882  0.00965832    0.194358
 0.00271882     0.14665   0.0112977 -0.00451693
 0.00965832   0.0112977    0.145386 -0.00657486
   0.194358 -0.00451693 -0.00657486    0.343869
IMAGINARY
          0    -0.02505   0.0234038 -0.00266786
    0.02505           0  0.00978299 -0.00291199
 -0.0234038 -0.00978299           0   0.0127549
 0.00266786  0.00291199  -0.0127549           0
EndNode2[0]<--->HoM1[0]
REAL
   0.366162  -0.0182611  -0.0081674    0.206084
 -0.0182611    0.138889 -0.00359362  -0.0187002
 -0.0081674 -0.00359362    0.131313 -0.00991711
   0.206084  -0.0187002 -0.00991711    0.363636
IMAGINARY
          0  -0.0126063   0.0110732   0.0209965
  0.0126063           0   0.0133042 -0.00735116
 -0.0110732  -0.0133042           0 -0.00848547
 -0.0209965  0.00735116  0.00848547           0
Repeater1[0]<--->EndNode1[0]
REAL
   0.364096  0.00965832  0.00271882    0.194358
 0.00965832    0.145386   0.0112977 -0.00657486
 0.00271882   0.0112977     0.14665 -0.00451693
   0.194358 -0.00657486 -0.00451693    0.343869
IMAGINARY
          0   0.0234038    -0.02505 -0.00266786
 -0.0234038           0 -0.00978299   0.0127549
    0.02505  0.00978299           0 -0.00291199
 0.00266786  -0.0127549  0.00291199           0
Repeater1[0]<--->HoM1[0]
REAL
   0.366162  -0.0081674  -0.0182611    0.206084
 -0.0081674    0.131313 -0.00359362 -0.00991711
 -0.0182611 -0.00359362    0.138889  -0.0187002
   0.206084 -0.00991711  -0.0187002    0.363636
IMAGINARY
          0   0.0110732  -0.0126063   0.0209965
 -0.0110732           0  -0.0133042 -0.00848547
  0.0126063   0.0133042           0 -0.00735116
 -0.0209965  0.00848547  0.00735116           0
EndNode1[0]<--->Repeater1[0]
REAL
   0.347656    0.016671 -0.00516115    0.191669
   0.016671    0.170573   -0.012214    0.018775
-0.00516115   -0.012214    0.143229 -0.00429473
   0.191669    0.018775 -0.00429473    0.338542
IMAGINARY
          0 -0.00149966   0.0182352  0.00541598
 0.00149966           0  -0.0102303 -0.00367205
 -0.0182352   0.0102303           0  -0.0300537
-0.00541598  0.00367205   0.0300537           0
EndNode2[0]<--->HoM1[0]
REAL
   0.370844 -0.00260458 -0.00120736    0.229088
-0.00260458    0.152174  0.00571143   0.0083225
-0.00120736  0.00571143    0.153453 -0.00451055
   0.229088   0.0083225 -0.00451055    0.323529
IMAGINARY
           0    0.0217427    0.0179521  3.21287e-05
  -0.0217427            0  -0.00506991   -0.0179521
  -0.0179521   0.00506991            0   0.00553001
-3.21287e-05    0.0179521  -0.00553001            0
Repeater1[0]<--->EndNode1[0]
REAL
   0.347656 -0.00516115    0.016671    0.191669
-0.00516115    0.143229   -0.012214 -0.00429473
   0.016671   -0.012214    0.170573    0.018775
   0.191669 -0.00429473    0.018775    0.338542
IMAGINARY
          0   0.0182352 -0.00149966  0.00541598
 -0.0182352           0   0.0102303  -0.0300537
 0.00149966  -0.0102303           0 -0.00367205
-0.00541598   0.0300537  0.00367205           0
Repeater1[0]<--->HoM1[0]
REAL
   0.370844 -0.00120736 -0.00260458    0.229088
-0.00120736    0.153453  0.00571143 -0.00451055
-0.00260458  0.00571143    0.152174   0.0083225
   0.229088 -0.00451055   0.0083225    0.323529
IMAGINARY
           0    0.0179521    0.0217427  3.21287e-05
  -0.0179521            0   0.00506991   0.00553001
  -0.0217427  -0.00506991            0   -0.0179521
-3.21287e-05  -0.00553001    0.0179521            0
EndNode1[0]<--->Repeater1[0]
REAL
    0.354414   0.00688291    0.0128054     0.200626
  0.00688291     0.162055  -0.00754472 -0.000855758
   0.0128054  -0.00754472     0.158103  -0.00248039
    0.200626 -0.000855758  -0.00248039     0.325428
IMAGINARY
          0  -0.0136996  0.00976101 -0.00415428
  0.0136996           0 -0.00876561   0.0220159
-0.00976101  0.00876561           0  -0.0193743
 0.00415428  -0.0220159   0.0193743           0
EndNode2[0]<--->HoM1[0]
REAL
   0.384328  -0.0144273  -0.0019313    0.197333
 -0.0144273    0.146766  0.00356583 -0.00641273
 -0.0019313  0.00356583    0.145522  -0.0157396
   0.197333 -0.00641273  -0.0157396    0.323383
IMAGINARY
          0   0.0128881    0.008967    0.010356
 -0.0128881           0  -0.0122571 -0.00083692
  -0.008967   0.0122571           0 -0.00746809
  -0.010356  0.00083692  0.00746809           0
Repeater1[0]<--->EndNode1[0]
REAL
    0.354414    0.0128054   0.00688291     0.200626
   0.0128054     0.158103  -0.00754472  -0.00248039
  0.00688291  -0.00754472     0.162055 -0.000855758
    0.200626  -0.00248039 -0.000855758     0.325428
IMAGINARY
          0  0.00976101  -0.0136996 -0.00415428
-0.00976101           0  0.00876561  -0.0193743
  0.0136996 -0.00876561           0   0.0220159
 0.00415428   0.0193743  -0.0220159           0
Repeater1[0]<--->HoM1[0]
REAL
   0.384328  -0.0019313  -0.0144273    0.197333
 -0.0019313    0.145522  0.00356583  -0.0157396
 -0.0144273  0.00356583    0.146766 -0.00641273
   0.197333  -0.0157396 -0.00641273    0.323383
IMAGINARY
          0    0.008967   0.0128881    0.010356
  -0.008967           0   0.0122571 -0.00746809
 -0.0128881  -0.0122571           0 -0.00083692
  -0.010356  0.00746809  0.00083692           0
EndNode1[0]<--->Repeater1[0]
REAL
    0.34375  -0.0104937 -0.00249831    0.218134
 -0.0104937     0.14538 8.37482e-05  -0.0165056
-0.00249831 8.37482e-05    0.131793 -0.00195713
   0.218134  -0.0165056 -0.00195713    0.379076
IMAGINARY
          0  -0.0101263  0.00577894 -0.00361079
  0.0101263           0  -0.0191774  -0.0169779
-0.00577894   0.0191774           0   0.0160551
 0.00361079   0.0169779  -0.0160551           0
EndNode2[0]<--->HoM1[0]
REAL
   0.356532 -0.00218838 0.000854241    0.190648
-0.00218838    0.141636   0.0143788  -0.0101135
0.000854241   0.0143788    0.150183   0.0259979
   0.190648  -0.0101135   0.0259979    0.351648
IMAGINARY
           0  -0.00219201  0.000760243    0.0061096
  0.00219201            0    0.0245809   0.00678434
-0.000760243   -0.0245809            0  -0.00535257
  -0.0061096  -0.00678434   0.00535257            0
Repeater1[0]<--->EndNode1[0]
REAL
    0.34375 -0.00249831  -0.0104937    0.218134
-0.00249831    0.131793 8.37482e-05 -0.00195713
 -0.0104937 8.37482e-05     0.14538  -0.0165056
   0.218134 -0.00195713  -0.0165056    0.379076
IMAGINARY
          0  0.00577894  -0.0101263 -0.00361079
-0.00577894           0   0.0191774   0.0160551
  0.0101263  -0.0191774           0  -0.0169779
 0.00361079  -0.0160551   0.0169779           0
Repeater1[0]<--->HoM1[0]
REAL
   0.356532 0.000854241 -0.00218838    0.190648
0.000854241    0.150183   0.0143788   0.0259979
-0.00218838   0.0143788    0.141636  -0.0101135
   0.190648   0.0259979  -0.0101135    0.351648
IMAGINARY
           0  0.000760243  -0.00219201    0.0061096
-0.000760243            0   -0.0245809  -0.00535257
  0.00219201    0.0245809            0   0.00678434
  -0.0061096   0.00535257  -0.00678434            0
EndNode1[0]<--->Repeater1[0]
REAL
   0.328302   0.0156843   0.0332149    0.204037
  0.0156843    0.150943 -0.00798425  -0.0108464
  0.0332149 -0.00798425    0.167296    0.013263
   0.204037  -0.0108464    0.013263    0.353459
IMAGINARY
          0 -0.00345079  -0.0164914   0.0042458
 0.00345079           0  0.00880903  0.00262083
  0.0164914 -0.00880903           0   0.0067533
 -0.0042458 -0.00262083  -0.0067533           0
EndNode2[0]<--->HoM1[0]
REAL
    0.38911 -0.00856387   0.0210584    0.217304
-0.00856387    0.152722  0.00599066  -0.0268499
  0.0210584  0.00599066    0.131474   0.0117814
   0.217304  -0.0268499   0.0117814    0.326693
IMAGINARY
          0  -0.0169192 -0.00124834  0.00391483
  0.0169192           0   0.0221998  0.00319893
 0.00124834  -0.0221998           0   0.0149686
-0.00391483 -0.00319893  -0.0149686           0
Repeater1[0]<--->EndNode1[0]
REAL
   0.328302   0.0332149   0.0156843    0.204037
  0.0332149    0.167296 -0.00798425    0.013263
  0.0156843 -0.00798425    0.150943  -0.0108464
   0.204037    0.013263  -0.0108464    0.353459
IMAGINARY
          0  -0.0164914 -0.00345079   0.0042458
  0.0164914           0 -0.00880903   0.0067533
 0.00345079  0.00880903           0  0.00262083
 -0.0042458  -0.0067533 -0.00262083           0
Repeater1[0]<--->HoM1[0]
REAL
    0.38911   0.0210584 -0.00856387    0.217304
  0.0210584    0.131474  0.00599066   0.0117814
-0.00856387  0.00599066    0.152722  -0.0268499
   0.217304   0.0117814  -0.0268499    0.326693
IMAGINARY
          0 -0.00124834  -0.0169192  0.00391483
 0.00124834           0  -0.0221998   0.0149686
  0.0169192   0.0221998           0  0.00319893
-0.00391483  -0.0149686 -0.00319893           0
EndNode1[0]<--->Repeater1[0]
REAL
  0.341962  0.0019543 0.00648943   0.206317
 0.0019543   0.147139  0.0121424 -0.0204337
0.00648943  0.0121424   0.141689  0.0133179
  0.206317 -0.0204337  0.0133179    0.36921
IMAGINARY
          0 -0.00736355  -0.0248056   0.0202753
 0.00736355           0 -0.00944728  0.00902894
  0.0248056  0.00944728           0  0.00614996
 -0.0202753 -0.00902894 -0.00614996           0
EndNode2[0]<--->HoM1[0]
REAL
    0.335106 -0.000194257   -0.0181775     0.200539
-0.000194257     0.151596    -0.018781  -0.00778788
  -0.0181775    -0.018781     0.152926   0.00751783
    0.200539  -0.00778788   0.00751783     0.360372
IMAGINARY
          0 -0.00188556 -0.00932476  0.00396291
 0.00188556           0  -0.0157739  0.00750216
 0.00932476   0.0157739           0 -0.00965758
-0.00396291 -0.00750216  0.00965758           0
Repeater1[0]<--->EndNode1[0]
REAL
  0.341962 0.00648943  0.0019543   0.206317
0.00648943   0.141689  0.0121424  0.0133179
 0.0019543  0.0121424   0.147139 -0.0204337
  0.206317  0.0133179 -0.0204337    0.36921
IMAGINARY
          0  -0.0248056 -0.00736355   0.0202753
  0.0248056           0  0.00944728  0.00614996
 0.00736355 -0.00944728           0  0.00902894
 -0.0202753 -0.00614996 -0.00902894           0
Repeater1[0]<--->HoM1[0]
REAL
    0.335106   -0.0181775 -0.000194257     0.200539
  -0.0181775     0.152926    -0.018781   0.00751783
-0.000194257    -0.018781     0.151596  -0.00778788
    0.200539   0.00751783  -0.00778788     0.360372
IMAGINARY
          0 -0.00932476 -0.00188556  0.00396291
 0.00932476           0   0.0157739 -0.00965758
 0.00188556  -0.0157739           0  0.00750216
-0.00396291  0.00965758 -0.00750216           0
EndNode1[0]<--->Repeater1[0]
REAL
   0.382576 0.000356514  0.00502326    0.192458
0.000356514    0.143939  0.00663417  -0.0108598
 0.00502326  0.00663417    0.130051  0.00418304
   0.192458  -0.0108598  0.00418304    0.343434
IMAGINARY
          0  0.00257721  0.00259712  -0.0126523
-0.00257721           0   0.0214684 -0.00578997
-0.00259712  -0.0214684           0    -0.01471
  0.0126523  0.00578997     0.01471           0
EndNode2[0]<--->HoM1[0]
REAL
   0.338182 0.000518432  -0.0211055    0.191047
0.000518432    0.146667 -0.00425478   0.0229922
 -0.0211055 -0.00425478     0.14303  0.00514195
   0.191047   0.0229922  0.00514195    0.372121
IMAGINARY
          0 -0.00235347   0.0329082   -0.000248
 0.00235347           0  -0.0077668 -0.00673372
 -0.0329082   0.0077668           0  -0.0036868
   0.000248  0.00673372   0.0036868           0
Repeater1[0]<--->EndNode1[0]
REAL
   0.382576  0.00502326 0.000356514    0.192458
 0.00502326    0.130051  0.00663417  0.00418304
0.000356514  0.00663417    0.143939  -0.0108598
   0.192458  0.00418304  -0.0108598    0.343434
IMAGINARY
          0  0.00259712  0.00257721  -0.0126523
-0.00259712           0  -0.0214684    -0.01471
-0.00257721   0.0214684           0 -0.00578997
  0.0126523     0.01471  0.00578997           0
Repeater1[0]<--->HoM1[0]
REAL
   0.338182  -0.0211055 0.000518432    0.191047
 -0.0211055     0.14303 -0.00425478  0.00514195
0.000518432 -0.00425478    0.146667   0.0229922
   0.191047  0.00514195   0.0229922    0.372121
IMAGINARY
          0   0.0329082 -0.00235347   -0.000248
 -0.0329082           0   0.0077668  -0.0036868
 0.00235347  -0.0077668           0 -0.00673372
   0.000248   0.0036868  0.00673372           0
EndNode1[0]<--->Repeater1[0]
REAL
    0.343829  -0.00354505  -0.00255144     0.196663
 -0.00354505     0.170025   0.00101112 -3.25438e-05
 -0.00255144   0.00101112     0.143577   0.00871301
    0.196663 -3.25438e-05   0.00871301     0.342569
IMAGINARY
          0 -0.00617512 -0.00943571 -0.00992874
 0.00617512           0 -0.00446426   0.0224792
 0.00943571  0.00446426           0  -0.0081106
 0.00992874  -0.0224792   0.0081106           0
EndNode2[0]<--->HoM1[0]
REAL
    0.337093   0.00195567 -0.000912647     0.205751
  0.00195567     0.152882  0.000898765   0.00677966
-0.000912647  0.000898765     0.155388  -0.00782269
    0.205751   0.00677966  -0.00782269     0.354637
IMAGINARY
          0  -0.0150842  -0.0211491  0.00745188
  0.0150842           0 -0.00683383    0.017106
  0.0211491  0.00683383           0   0.0096934
-0.00745188   -0.017106  -0.0096934           0
Repeater1[0]<--->EndNode1[0]
REAL
    0.343829  -0.00255144  -0.00354505     0.196663
 -0.00255144     0.143577   0.00101112   0.00871301
 -0.00354505   0.00101112     0.170025 -3.25438e-05
    0.196663   0.00871301 -3.25438e-05     0.342569
IMAGINARY
          0 -0.00943571 -0.00617512 -0.00992874
 0.00943571           0  0.00446426  -0.0081106
 0.00617512 -0.00446426           0   0.0224792
 0.00992874   0.0081106  -0.0224792           0
Repeater1[0]<--->HoM1[0]
REAL
    0.337093 -0.000912647   0.00195567     0.205751
-0.000912647     0.155388  0.000898765  -0.00782269
  0.00195567  0.000898765     0.152882   0.00677966
    0.205751  -0.00782269   0.00677966     0.354637
IMAGINARY
          0  -0.0211491  -0.0150842  0.00745188
  0.0211491           0  0.00683383   0.0096934
  0.0150842 -0.00683383           0    0.017106
-0.00745188  -0.0096934   -0.017106           0
EndNode1[0]<--->Repeater1[0]
REAL
   0.331646   0.0155141 -0.00635713    0.214909
  0.0155141    0.125316 -0.00635947   0.0102431
-0.00635713 -0.00635947    0.160759  0.00780199
   0.214909   0.0102431  0.00780199    0.382278
IMAGINARY
          0  -0.0252977  0.00207997   0.0113312
  0.0252977           0   0.0119848  0.00518556
-0.00207997  -0.0119848           0 -0.00178286
 -0.0113312 -0.00518556  0.00178286           0
EndNode2[0]<--->HoM1[0]
REAL
  0.367532  0.0144474  0.0304306   0.197337
 0.0144474   0.176623 0.00353882 -0.0122829
 0.0304306 0.00353882   0.148052 -0.0200794
  0.197337 -0.0122829 -0.0200794   0.307792
IMAGINARY
          0  0.00464096  0.00713899  0.00365569
-0.00464096           0   0.0237595   0.0135328
-0.00713899  -0.0237595           0 -0.00851693
-0.00365569  -0.0135328  0.00851693           0
Repeater1[0]<--->EndNode1[0]
REAL
   0.331646 -0.00635713   0.0155141    0.214909
-0.00635713    0.160759 -0.00635947  0.00780199
  0.0155141 -0.00635947    0.125316   0.0102431
   0.214909  0.00780199   0.0102431    0.382278
IMAGINARY
          0  0.00207997  -0.0252977   0.0113312
-0.00207997           0  -0.0119848 -0.00178286
  0.0252977   0.0119848           0  0.00518556
 -0.0113312  0.00178286 -0.00518556           0
Repeater1[0]<--->HoM1[0]
REAL
  0.367532  0.0304306  0.0144474   0.197337
 0.0304306   0.148052 0.00353882 -0.0200794
 0.0144474 0.00353882   0.176623 -0.0122829
  0.197337 -0.0200794 -0.0122829   0.307792
IMAGINARY
          0  0.00713899  0.00464096  0.00365569
-0.00713899           0  -0.0237595 -0.00851693
-0.00464096   0.0237595           0   0.0135328
-0.00365569  0.00851693  -0.0135328           0
EndNode1[0]<--->Repeater1[0]
REAL
   0.352572  0.00158503 -0.00284425    0.179203
 0.00158503    0.169385   0.0138915   0.0143532
-0.00284425   0.0138915    0.138018 -0.00542134
   0.179203   0.0143532 -0.00542134    0.340025
IMAGINARY
           0    0.0154093    0.0143128  -0.00735532
  -0.0154093            0   -0.0092908 -0.000762621
  -0.0143128    0.0092908            0   -0.0194744
  0.00735532  0.000762621    0.0194744            0
EndNode2[0]<--->HoM1[0]
REAL
   0.332041 -0.00608523  0.00669024    0.201332
-0.00608523    0.142119  0.00892402  -0.0143826
 0.00669024  0.00892402    0.164083 0.000957024
   0.201332  -0.0143826 0.000957024    0.361757
IMAGINARY
          0   0.0125483  0.00521728  0.00956937
 -0.0125483           0  0.00284894  0.00394502
-0.00521728 -0.00284894           0 -0.00993047
-0.00956937 -0.00394502  0.00993047           0
Repeater1[0]<--->EndNode1[0]
REAL
   0.352572 -0.00284425  0.00158503    0.179203
-0.00284425    0.138018   0.0138915 -0.00542134
 0.00158503   0.0138915    0.169385   0.0143532
   0.179203 -0.00542134   0.0143532    0.340025
IMAGINARY
           0    0.0143128    0.0154093  -0.00735532
  -0.0143128            0    0.0092908   -0.0194744
  -0.0154093   -0.0092908            0 -0.000762621
  0.00735532    0.0194744  0.000762621            0
Repeater1[0]<--->HoM1[0]
REAL
   0.332041  0.00669024 -0.00608523    0.201332
 0.00669024    0.164083  0.00892402 0.000957024
-0.00608523  0.00892402    0.142119  -0.0143826
   0.201332 0.000957024  -0.0143826    0.361757
IMAGINARY
          0  0.00521728   0.0125483  0.00956937
-0.00521728           0 -0.00284894 -0.00993047
 -0.0125483  0.00284894           0  0.00394502
-0.00956937  0.00993047 -0.00394502           0
EndNode1[0]<--->Repeater1[0]
REAL
   0.350474   0.0273637  0.00401732    0.199863
  0.0273637    0.156969  0.00696945 -0.00712291
 0.00401732  0.00696945    0.143437 -0.00562461
   0.199863 -0.00712291 -0.00562461     0.34912
IMAGINARY
           0    0.0127065     0.020606      -0.0263
  -0.0127065            0    0.0113214   -0.0104537
   -0.020606   -0.0113214            0 -1.61455e-05
      0.0263    0.0104537  1.61455e-05            0
