EndNode1[0]<--->Repeater1[0]
REAL
    0.35966  -0.0277285 -0.00223814   0.0724123
 -0.0277285    0.262454   0.0171599 -0.00845705
-0.00223814   0.0171599    0.221142   0.0103489
  0.0724123 -0.00845705   0.0103489    0.156744
IMAGINARY
          0 -0.00329888   0.0012404   -0.017469
 0.00329888           0   0.0212858  -0.0101081
 -0.0012404  -0.0212858           0  0.00125249
   0.017469   0.0101081 -0.00125249           0
EndNode2[0]<--->HoM1[0]
REAL
   0.401176  0.00039696  -0.0024472   0.0781175
 0.00039696    0.182353   0.0196269    0.028763
 -0.0024472   0.0196269    0.208235 -0.00540949
  0.0781175    0.028763 -0.00540949    0.208235
IMAGINARY
          0  0.00229129   -0.024491   0.0126422
-0.00229129           0  0.00387031 -0.00129514
   0.024491 -0.00387031           0  -0.0205303
 -0.0126422  0.00129514   0.0205303           0
Repeater1[0]<--->EndNode1[0]
REAL
    0.35966 -0.00223814  -0.0277285   0.0724123
-0.00223814    0.221142   0.0171599   0.0103489
 -0.0277285   0.0171599    0.262454 -0.00845705
  0.0724123   0.0103489 -0.00845705    0.156744
IMAGINARY
          0   0.0012404 -0.00329888   -0.017469
 -0.0012404           0  -0.0212858  0.00125249
 0.00329888   0.0212858           0  -0.0101081
   0.017469 -0.00125249   0.0101081           0
Repeater1[0]<--->HoM1[0]
REAL
   0.401176  -0.0024472  0.00039696   0.0781175
 -0.0024472    0.208235   0.0196269 -0.00540949
 0.00039696   0.0196269    0.182353    0.028763
  0.0781175 -0.00540949    0.028763    0.208235
IMAGINARY
          0   -0.024491  0.00229129   0.0126422
   0.024491           0 -0.00387031  -0.0205303
-0.00229129  0.00387031           0 -0.00129514
 -0.0126422   0.0205303  0.00129514           0
EndNode1[0]<--->Repeater1[0]
REAL
    0.370274 -0.000494915   0.00461753    0.0606399
-0.000494915      0.28292    0.0263439  -0.00399174
  0.00461753    0.0263439      0.17601   -0.0214075
   0.0606399  -0.00399174   -0.0214075     0.170795
IMAGINARY
          0  0.00134421   0.0130986  -0.0203522
-0.00134421           0 -0.00217035  0.00435027
 -0.0130986  0.00217035           0   0.0136979
  0.0203522 -0.00435027  -0.0136979           0
EndNode2[0]<--->HoM1[0]
REAL
   0.346547 -0.00951289   0.0128303   0.0555788
-0.00951289    0.222506   0.0469369  -0.0059121
  0.0128303   0.0469369    0.249361 -0.00621038
  0.0555788  -0.0059121 -0.00621038    0.181586
IMAGINARY
          0   0.0257395 -0.00159345   -0.016699
 -0.0257395           0 -0.00633627  -0.0132214
 0.00159345  0.00633627           0  -0.0059864
   0.016699   0.0132214   0.0059864           0
Repeater1[0]<--->EndNode1[0]
REAL
    0.370274   0.00461753 -0.000494915    0.0606399
  0.00461753      0.17601    0.0263439   -0.0214075
-0.000494915    0.0263439      0.28292  -0.00399174
   0.0606399   -0.0214075  -0.00399174     0.170795
IMAGINARY
          0   0.0130986  0.00134421  -0.0203522
 -0.0130986           0  0.00217035   0.0136979
-0.00134421 -0.00217035           0  0.00435027
  0.0203522  -0.0136979 -0.00435027           0
Repeater1[0]<--->HoM1[0]
REAL
   0.346547   0.0128303 -0.00951289   0.0555788
  0.0128303    0.249361   0.0469369 -0.00621038
-0.00951289   0.0469369    0.222506  -0.0059121
  0.0555788 -0.00621038  -0.0059121    0.181586
IMAGINARY
          0 -0.00159345   0.0257395   -0.016699
 0.00159345           0  0.00633627  -0.0059864
 -0.0257395 -0.00633627           0  -0.0132214
   0.016699   0.0059864   0.0132214           0
EndNode1[0]<--->Repeater1[0]
REAL
    0.4022  0.0102527 -0.0100526  0.0619594
 0.0102527   0.299511 0.00179898 0.00267005
-0.0100526 0.00179898   0.141809 -0.0216621
 0.0619594 0.00267005 -0.0216621   0.156479
IMAGINARY
          0 -0.00385657  -0.0110618    0.034881
 0.00385657           0   0.0255724  -0.0130023
  0.0110618  -0.0255724           0   0.0158887
  -0.034881   0.0130023  -0.0158887           0
EndNode2[0]<--->HoM1[0]
REAL
  0.368553 -0.0138033  0.0019066  0.0885139
-0.0138033   0.188679   0.022951 -0.0140085
 0.0019066   0.022951   0.230189 0.00297525
 0.0885139 -0.0140085 0.00297525   0.212579
IMAGINARY
          0 -0.00452187  0.00298013  -0.0132202
 0.00452187           0    0.017568  0.00298013
-0.00298013   -0.017568           0  0.00121061
  0.0132202 -0.00298013 -0.00121061           0
Repeater1[0]<--->EndNode1[0]
REAL
    0.4022 -0.0100526  0.0102527  0.0619594
-0.0100526   0.141809 0.00179898 -0.0216621
 0.0102527 0.00179898   0.299511 0.00267005
 0.0619594 -0.0216621 0.00267005   0.156479
IMAGINARY
          0  -0.0110618 -0.00385657    0.034881
  0.0110618           0  -0.0255724   0.0158887
 0.00385657   0.0255724           0  -0.0130023
  -0.034881  -0.0158887   0.0130023           0
Repeater1[0]<--->HoM1[0]
REAL
  0.368553  0.0019066 -0.0138033  0.0885139
 0.0019066   0.230189   0.022951 0.00297525
-0.0138033   0.022951   0.188679 -0.0140085
 0.0885139 0.00297525 -0.0140085   0.212579
IMAGINARY
          0  0.00298013 -0.00452187  -0.0132202
-0.00298013           0   -0.017568  0.00121061
 0.00452187    0.017568           0  0.00298013
  0.0132202 -0.00121061 -0.00298013           0
EndNode1[0]<--->Repeater1[0]
REAL
   0.397797 -0.00846016  0.00382522   0.0566303
-0.00846016    0.274174   0.0438786  -0.0127311
 0.00382522   0.0438786    0.173807  0.00209884
  0.0566303  -0.0127311  0.00209884    0.154223
IMAGINARY
          0   0.0134067  0.00328333   -0.017936
 -0.0134067           0 -0.00319073   0.0228912
-0.00328333  0.00319073           0  0.00739868
   0.017936  -0.0228912 -0.00739868           0
EndNode2[0]<--->HoM1[0]
REAL
   0.366925  -0.0136095 -0.00962392   0.0593553
 -0.0136095    0.224806   0.0235463  0.00444257
-0.00962392   0.0235463     0.24677  -0.0122972
  0.0593553  0.00444257  -0.0122972    0.161499
IMAGINARY
           0   0.00676803     0.022303  -0.00250821
 -0.00676803            0 -0.000597381   -0.0156717
   -0.022303  0.000597381            0   -0.0293144
  0.00250821    0.0156717    0.0293144            0
Repeater1[0]<--->EndNode1[0]
REAL
   0.397797  0.00382522 -0.00846016   0.0566303
 0.00382522    0.173807   0.0438786  0.00209884
-0.00846016   0.0438786    0.274174  -0.0127311
  0.0566303  0.00209884  -0.0127311    0.154223
IMAGINARY
          0  0.00328333   0.0134067   -0.017936
-0.00328333           0  0.00319073  0.00739868
 -0.0134067 -0.00319073           0   0.0228912
   0.017936 -0.00739868  -0.0228912           0
Repeater1[0]<--->HoM1[0]
REAL
   0.366925 -0.00962392  -0.0136095   0.0593553
-0.00962392     0.24677   0.0235463  -0.0122972
 -0.0136095   0.0235463    0.224806  0.00444257
  0.0593553  -0.0122972  0.00444257    0.161499
IMAGINARY
           0     0.022303   0.00676803  -0.00250821
   -0.022303            0  0.000597381   -0.0293144
 -0.00676803 -0.000597381            0   -0.0156717
  0.00250821    0.0293144    0.0156717            0
