EndNode1[0]<--->Repeater1[0]
REAL
   0.287263  0.00822017 -0.00955815   0.0465451
 0.00822017    0.203252   0.0119454   0.0101871
-0.00955815   0.0119454    0.195122   0.0012138
  0.0465451   0.0101871   0.0012138    0.314363
IMAGINARY
          0  0.00135766  -0.0137637 -0.00459184
-0.00135766           0  -0.0120748  -0.0181223
  0.0137637   0.0120748           0 -0.00339294
 0.00459184   0.0181223  0.00339294           0
EndNode2[0]<--->HoM1[0]
REAL
   0.286073 0.000277554   0.0183265   0.0301346
0.000277554    0.219573    0.022462   0.0236175
  0.0183265    0.022462    0.228356  -0.0115958
  0.0301346   0.0236175  -0.0115958    0.265997
IMAGINARY
          0    0.012007 -0.00160377  -0.0131564
  -0.012007           0  0.00395391 -0.00990518
 0.00160377 -0.00395391           0 -0.00944945
  0.0131564  0.00990518  0.00944945           0
Repeater1[0]<--->EndNode1[0]
REAL
   0.287263 -0.00955815  0.00822017   0.0465451
-0.00955815    0.195122   0.0119454   0.0012138
 0.00822017   0.0119454    0.203252   0.0101871
  0.0465451   0.0012138   0.0101871    0.314363
IMAGINARY
          0  -0.0137637  0.00135766 -0.00459184
  0.0137637           0   0.0120748 -0.00339294
-0.00135766  -0.0120748           0  -0.0181223
 0.00459184  0.00339294   0.0181223           0
Repeater1[0]<--->HoM1[0]
REAL
   0.286073   0.0183265 0.000277554   0.0301346
  0.0183265    0.228356    0.022462  -0.0115958
0.000277554    0.022462    0.219573   0.0236175
  0.0301346  -0.0115958   0.0236175    0.265997
IMAGINARY
          0 -0.00160377    0.012007  -0.0131564
 0.00160377           0 -0.00395391 -0.00944945
  -0.012007  0.00395391           0 -0.00990518
  0.0131564  0.00944945  0.00990518           0
EndNode1[0]<--->Repeater1[0]
REAL
    0.273189    0.0057734       0.0136    0.0270152
   0.0057734     0.221093    0.0484798    0.0173406
      0.0136    0.0484798     0.232529 -0.000822906
   0.0270152    0.0173406 -0.000822906     0.273189
IMAGINARY
           0    0.0170947   0.00474488    0.0137148
  -0.0170947            0   -0.0157724   0.00156826
 -0.00474488    0.0157724            0  0.000582109
  -0.0137148  -0.00156826 -0.000582109            0
EndNode2[0]<--->HoM1[0]
REAL
  0.282555  0.0167959  0.0017314   0.055637
 0.0167959   0.217445  0.0154225 -0.0146513
 0.0017314  0.0154225   0.222359  0.0167959
  0.055637 -0.0146513  0.0167959   0.277641
IMAGINARY
           0   -0.0157395    -0.003493   -0.0100249
   0.0157395            0   -0.0155044  0.000812039
    0.003493    0.0155044            0  0.000994146
   0.0100249 -0.000812039 -0.000994146            0
Repeater1[0]<--->EndNode1[0]
REAL
    0.273189       0.0136    0.0057734    0.0270152
      0.0136     0.232529    0.0484798 -0.000822906
   0.0057734    0.0484798     0.221093    0.0173406
   0.0270152 -0.000822906    0.0173406     0.273189
IMAGINARY
           0   0.00474488    0.0170947    0.0137148
 -0.00474488            0    0.0157724  0.000582109
  -0.0170947   -0.0157724            0   0.00156826
  -0.0137148 -0.000582109  -0.00156826            0
Repeater1[0]<--->HoM1[0]
REAL
  0.282555  0.0017314  0.0167959   0.055637
 0.0017314   0.222359  0.0154225  0.0167959
 0.0167959  0.0154225   0.217445 -0.0146513
  0.055637  0.0167959 -0.0146513   0.277641
IMAGINARY
           0    -0.003493   -0.0157395   -0.0100249
    0.003493            0    0.0155044  0.000994146
   0.0157395   -0.0155044            0  0.000812039
   0.0100249 -0.000994146 -0.000812039            0
EndNode1[0]<--->Repeater1[0]
REAL
   0.316391  0.00796072   0.0037523   0.0464697
 0.00796072     0.19695   0.0129709   0.0263176
  0.0037523   0.0129709     0.21601 -0.00166701
  0.0464697   0.0263176 -0.00166701    0.270648
IMAGINARY
           0  -0.00194661     0.017277   0.00348575
  0.00194661            0   0.00611733   -0.0110735
   -0.017277  -0.00611733            0  0.000705913
 -0.00348575    0.0110735 -0.000705913            0
EndNode2[0]<--->HoM1[0]
REAL
  0.292092 -0.0103844 0.00793082  0.0473233
-0.0103844   0.192602 0.00956291 -0.0109248
0.00793082 0.00956291   0.207908 -0.0213521
 0.0473233 -0.0109248 -0.0213521   0.307398
IMAGINARY
           0     0.016984  -0.00552245   0.00630582
   -0.016984            0 -0.000469246  0.000314121
  0.00552245  0.000469246            0   -0.0026611
 -0.00630582 -0.000314121    0.0026611            0
Repeater1[0]<--->EndNode1[0]
REAL
   0.316391   0.0037523  0.00796072   0.0464697
  0.0037523     0.21601   0.0129709 -0.00166701
 0.00796072   0.0129709     0.19695   0.0263176
  0.0464697 -0.00166701   0.0263176    0.270648
IMAGINARY
           0     0.017277  -0.00194661   0.00348575
   -0.017277            0  -0.00611733  0.000705913
  0.00194661   0.00611733            0   -0.0110735
 -0.00348575 -0.000705913    0.0110735            0
Repeater1[0]<--->HoM1[0]
REAL
  0.292092 0.00793082 -0.0103844  0.0473233
0.00793082   0.207908 0.00956291 -0.0213521
-0.0103844 0.00956291   0.192602 -0.0109248
 0.0473233 -0.0213521 -0.0109248   0.307398
IMAGINARY
           0  -0.00552245     0.016984   0.00630582
  0.00552245            0  0.000469246   -0.0026611
   -0.016984 -0.000469246            0  0.000314121
 -0.00630582    0.0026611 -0.000314121            0
EndNode1[0]<--->Repeater1[0]
REAL
   0.288948   0.0114958 -0.00447879   0.0412778
  0.0114958    0.218375   0.0310737   0.0122307
-0.00447879   0.0310737    0.215712 0.000132135
  0.0412778   0.0122307 0.000132135    0.276964
IMAGINARY
          0   0.0159033  0.00188905  -0.0124623
 -0.0159033           0  0.00983071 -0.00444007
-0.00188905 -0.00983071           0  -0.0159033
  0.0124623  0.00444007   0.0159033           0
EndNode2[0]<--->HoM1[0]
REAL
    0.29751 -0.00661001  -0.0018627   0.0470594
-0.00661001    0.224115   0.0298637 -0.00609486
 -0.0018627   0.0298637    0.214941   -0.023894
  0.0470594 -0.00609486   -0.023894    0.263434
IMAGINARY
          0 -0.00468592    0.045351  -0.0283894
 0.00468592           0  0.00750168 -0.00831394
  -0.045351 -0.00750168           0   0.0165907
  0.0283894  0.00831394  -0.0165907           0
Repeater1[0]<--->EndNode1[0]
REAL
   0.288948 -0.00447879   0.0114958   0.0412778
-0.00447879    0.215712   0.0310737 0.000132135
  0.0114958   0.0310737    0.218375   0.0122307
  0.0412778 0.000132135   0.0122307    0.276964
IMAGINARY
          0  0.00188905   0.0159033  -0.0124623
-0.00188905           0 -0.00983071  -0.0159033
 -0.0159033  0.00983071           0 -0.00444007
  0.0124623   0.0159033  0.00444007           0
Repeater1[0]<--->HoM1[0]
REAL
    0.29751  -0.0018627 -0.00661001   0.0470594
 -0.0018627    0.214941   0.0298637   -0.023894
-0.00661001   0.0298637    0.224115 -0.00609486
  0.0470594   -0.023894 -0.00609486    0.263434
IMAGINARY
          0    0.045351 -0.00468592  -0.0283894
  -0.045351           0 -0.00750168   0.0165907
 0.00468592  0.00750168           0 -0.00831394
  0.0283894  -0.0165907  0.00831394           0
EndNode1[0]<--->Repeater1[0]
REAL
   0.285166 -0.00295545 -0.00928914    0.031834
-0.00295545    0.213555   0.0211673 -0.00795224
-0.00928914   0.0211673    0.209719  0.00870258
   0.031834 -0.00795224  0.00870258     0.29156
IMAGINARY
          0  -0.0283066 -0.00538126   0.0107881
  0.0283066           0  -0.0159295  0.00938126
 0.00538126   0.0159295           0  0.00697324
 -0.0107881 -0.00938126 -0.00697324           0
EndNode2[0]<--->HoM1[0]
REAL
   0.282147  0.00911458  -0.0108684   0.0546849
 0.00911458    0.210986   0.0145846   0.0159062
 -0.0108684   0.0145846     0.21598 -0.00911458
  0.0546849   0.0159062 -0.00911458    0.290886
IMAGINARY
           0   -0.0109209    0.0033628    0.0184773
   0.0109209            0  0.000830266  -0.00461593
  -0.0033628 -0.000830266            0   0.00340206
  -0.0184773   0.00461593  -0.00340206            0
Repeater1[0]<--->EndNode1[0]
REAL
   0.285166 -0.00928914 -0.00295545    0.031834
-0.00928914    0.209719   0.0211673  0.00870258
-0.00295545   0.0211673    0.213555 -0.00795224
   0.031834  0.00870258 -0.00795224     0.29156
IMAGINARY
          0 -0.00538126  -0.0283066   0.0107881
 0.00538126           0   0.0159295  0.00697324
  0.0283066  -0.0159295           0  0.00938126
 -0.0107881 -0.00697324 -0.00938126           0
Repeater1[0]<--->HoM1[0]
REAL
   0.282147  -0.0108684  0.00911458   0.0546849
 -0.0108684     0.21598   0.0145846 -0.00911458
 0.00911458   0.0145846    0.210986   0.0159062
  0.0546849 -0.00911458   0.0159062    0.290886
IMAGINARY
           0    0.0033628   -0.0109209    0.0184773
  -0.0033628            0 -0.000830266   0.00340206
   0.0109209  0.000830266            0  -0.00461593
  -0.0184773  -0.00340206   0.00461593            0
EndNode1[0]<--->Repeater1[0]
REAL
   0.270942 -0.00929436  -0.0173025   0.0467884
-0.00929436    0.239529   0.0180384  -0.0244176
 -0.0173025   0.0180384    0.206806  -0.0131703
  0.0467884  -0.0244176  -0.0131703    0.282723
IMAGINARY
           0  -0.00798729   -0.0151825   0.00601276
  0.00798729            0    0.0134352    0.0264325
   0.0151825   -0.0134352            0  0.000487288
 -0.00601276   -0.0264325 -0.000487288            0
EndNode2[0]<--->HoM1[0]
REAL
   0.260131 -0.00598356  -0.0163298   0.0468793
-0.00598356    0.231373   0.0296379  0.00181791
 -0.0163298   0.0296379    0.207843 -0.00720905
  0.0468793  0.00181791 -0.00720905    0.300654
IMAGINARY
          0  0.00993178  -0.0140764   0.0100506
-0.00993178           0  0.00551101 -0.00316498
  0.0140764 -0.00551101           0   0.0175267
 -0.0100506  0.00316498  -0.0175267           0
Repeater1[0]<--->EndNode1[0]
REAL
   0.270942  -0.0173025 -0.00929436   0.0467884
 -0.0173025    0.206806   0.0180384  -0.0131703
-0.00929436   0.0180384    0.239529  -0.0244176
  0.0467884  -0.0131703  -0.0244176    0.282723
IMAGINARY
           0   -0.0151825  -0.00798729   0.00601276
   0.0151825            0   -0.0134352  0.000487288
  0.00798729    0.0134352            0    0.0264325
 -0.00601276 -0.000487288   -0.0264325            0
Repeater1[0]<--->HoM1[0]
REAL
   0.260131  -0.0163298 -0.00598356   0.0468793
 -0.0163298    0.207843   0.0296379 -0.00720905
-0.00598356   0.0296379    0.231373  0.00181791
  0.0468793 -0.00720905  0.00181791    0.300654
IMAGINARY
          0  -0.0140764  0.00993178   0.0100506
  0.0140764           0 -0.00551101   0.0175267
-0.00993178  0.00551101           0 -0.00316498
 -0.0100506  -0.0175267  0.00316498           0
EndNode1[0]<--->Repeater1[0]
REAL
    0.265509    0.0158539   0.00391395    0.0255826
   0.0158539     0.225806     0.035361 -0.000637413
  0.00391395     0.035361     0.212159   0.00708192
   0.0255826 -0.000637413   0.00708192     0.296526
IMAGINARY
          0 -0.00181952  -0.0101086  0.00217901
 0.00181952           0   0.0346631 -0.00879624
  0.0101086  -0.0346631           0  -0.0144777
-0.00217901  0.00879624   0.0144777           0
EndNode2[0]<--->HoM1[0]
REAL
    0.280576  -0.00839663 -3.76892e-05    0.0385629
 -0.00839663     0.208633    0.0100655   0.00751899
-3.76892e-05    0.0100655      0.23741    0.0208655
   0.0385629   0.00751899    0.0208655     0.273381
IMAGINARY
           0  0.000316857    0.0210866  -0.00643426
-0.000316857            0 -0.000377731 -0.000361166
  -0.0210866  0.000377731            0 -0.000316857
  0.00643426  0.000361166  0.000316857            0
Repeater1[0]<--->EndNode1[0]
REAL
    0.265509   0.00391395    0.0158539    0.0255826
  0.00391395     0.212159     0.035361   0.00708192
   0.0158539     0.035361     0.225806 -0.000637413
   0.0255826   0.00708192 -0.000637413     0.296526
IMAGINARY
          0  -0.0101086 -0.00181952  0.00217901
  0.0101086           0  -0.0346631  -0.0144777
 0.00181952   0.0346631           0 -0.00879624
-0.00217901   0.0144777  0.00879624           0
Repeater1[0]<--->HoM1[0]
REAL
    0.280576 -3.76892e-05  -0.00839663    0.0385629
-3.76892e-05      0.23741    0.0100655    0.0208655
 -0.00839663    0.0100655     0.208633   0.00751899
   0.0385629    0.0208655   0.00751899     0.273381
IMAGINARY
           0    0.0210866  0.000316857  -0.00643426
  -0.0210866            0  0.000377731 -0.000316857
-0.000316857 -0.000377731            0 -0.000361166
  0.00643426  0.000316857  0.000361166            0
EndNode1[0]<--->Repeater1[0]
REAL
   0.298039  0.00947458  0.00195775   0.0277702
 0.00947458    0.219608 -0.00426322 -0.00386372
 0.00195775 -0.00426322    0.226144 -0.00502731
  0.0277702 -0.00386372 -0.00502731    0.256209
IMAGINARY
          0 -0.00912116  0.00770589 -0.00429541
 0.00912116           0  -0.0164593 -0.00492037
-0.00770589   0.0164593           0  -0.0103774
 0.00429541  0.00492037   0.0103774           0
EndNode2[0]<--->HoM1[0]
REAL
   0.287979  0.00850129   0.0139248   0.0277393
 0.00850129    0.199472   0.0109274  -0.0152581
  0.0139248   0.0109274    0.244386 -0.00183463
  0.0277393  -0.0152581 -0.00183463    0.268164
IMAGINARY
          0  -0.0276985 -0.00680601 -0.00148523
  0.0276985           0 -0.00970441  0.00369268
 0.00680601  0.00970441           0  -0.0115294
 0.00148523 -0.00369268   0.0115294           0
Repeater1[0]<--->EndNode1[0]
REAL
   0.298039  0.00195775  0.00947458   0.0277702
 0.00195775    0.226144 -0.00426322 -0.00502731
 0.00947458 -0.00426322    0.219608 -0.00386372
  0.0277702 -0.00502731 -0.00386372    0.256209
IMAGINARY
          0  0.00770589 -0.00912116 -0.00429541
-0.00770589           0   0.0164593  -0.0103774
 0.00912116  -0.0164593           0 -0.00492037
 0.00429541   0.0103774  0.00492037           0
Repeater1[0]<--->HoM1[0]
REAL
   0.287979   0.0139248  0.00850129   0.0277393
  0.0139248    0.244386   0.0109274 -0.00183463
 0.00850129   0.0109274    0.199472  -0.0152581
  0.0277393 -0.00183463  -0.0152581    0.268164
IMAGINARY
          0 -0.00680601  -0.0276985 -0.00148523
 0.00680601           0  0.00970441  -0.0115294
  0.0276985 -0.00970441           0  0.00369268
 0.00148523   0.0115294 -0.00369268           0
EndNode1[0]<--->Repeater1[0]
REAL
   0.276596  -0.0113413   0.0114054   0.0416545
 -0.0113413    0.220745   0.0222553 -0.00889915
  0.0114054   0.0222553    0.215426   0.0138476
  0.0416545 -0.00889915   0.0138476    0.287234
IMAGINARY
          0  0.00687391 -0.00449939 -0.00919513
-0.00687391           0 -0.00366008   0.0251502
 0.00449939  0.00366008           0  0.00751908
 0.00919513  -0.0251502 -0.00751908           0
EndNode2[0]<--->HoM1[0]
REAL
    0.276753 -0.000662633 -0.000269049    0.0270157
-0.000662633     0.186962    0.0346107  -0.00290757
-0.000269049    0.0346107     0.231242   -0.0114085
   0.0270157  -0.00290757   -0.0114085     0.305043
IMAGINARY
           0   0.00623785    0.0110989    0.0252795
 -0.00623785            0   -0.0102468 -0.000972287
  -0.0110989    0.0102468            0  -0.00244038
  -0.0252795  0.000972287   0.00244038            0
Repeater1[0]<--->EndNode1[0]
REAL
   0.276596   0.0114054  -0.0113413   0.0416545
  0.0114054    0.215426   0.0222553   0.0138476
 -0.0113413   0.0222553    0.220745 -0.00889915
  0.0416545   0.0138476 -0.00889915    0.287234
IMAGINARY
          0 -0.00449939  0.00687391 -0.00919513
 0.00449939           0  0.00366008  0.00751908
-0.00687391 -0.00366008           0   0.0251502
 0.00919513 -0.00751908  -0.0251502           0
Repeater1[0]<--->HoM1[0]
REAL
    0.276753 -0.000269049 -0.000662633    0.0270157
-0.000269049     0.231242    0.0346107   -0.0114085
-0.000662633    0.0346107     0.186962  -0.00290757
   0.0270157   -0.0114085  -0.00290757     0.305043
IMAGINARY
           0    0.0110989   0.00623785    0.0252795
  -0.0110989            0    0.0102468  -0.00244038
 -0.00623785   -0.0102468            0 -0.000972287
  -0.0252795   0.00244038  0.000972287            0
EndNode1[0]<--->Repeater1[0]
REAL
   0.276567 -0.00530223  0.00744179   0.0535028
-0.00530223    0.209809   0.0267753   0.0134179
 0.00744179   0.0267753    0.215259   0.0286903
  0.0535028   0.0134179   0.0286903    0.298365
IMAGINARY
          0 -0.00621654    0.012326   0.0136015
 0.00621654           0  -0.0161077  0.00657885
  -0.012326   0.0161077           0  -0.0113845
 -0.0136015 -0.00657885   0.0113845           0
EndNode2[0]<--->HoM1[0]
REAL
    0.275325 -0.000629058    0.0045565    0.0452018
-0.000629058     0.223377    0.0145385   -0.0045565
   0.0045565    0.0145385     0.232468   -0.0162541
   0.0452018   -0.0045565   -0.0162541     0.268831
IMAGINARY
          0 -0.00287119  0.00100986  0.00547428
 0.00287119           0    0.017828 -0.00163564
-0.00100986   -0.017828           0   0.0147611
-0.00547428  0.00163564  -0.0147611           0
Repeater1[0]<--->EndNode1[0]
REAL
   0.276567  0.00744179 -0.00530223   0.0535028
 0.00744179    0.215259   0.0267753   0.0286903
-0.00530223   0.0267753    0.209809   0.0134179
  0.0535028   0.0286903   0.0134179    0.298365
IMAGINARY
          0    0.012326 -0.00621654   0.0136015
  -0.012326           0   0.0161077  -0.0113845
 0.00621654  -0.0161077           0  0.00657885
 -0.0136015   0.0113845 -0.00657885           0
Repeater1[0]<--->HoM1[0]
REAL
    0.275325    0.0045565 -0.000629058    0.0452018
   0.0045565     0.232468    0.0145385   -0.0162541
-0.000629058    0.0145385     0.223377   -0.0045565
   0.0452018   -0.0162541   -0.0045565     0.268831
IMAGINARY
          0  0.00100986 -0.00287119  0.00547428
-0.00100986           0   -0.017828   0.0147611
 0.00287119    0.017828           0 -0.00163564
-0.00547428  -0.0147611  0.00163564           0
EndNode1[0]<--->Repeater1[0]
REAL
  0.274809 -0.0140979  0.0152527  0.0353595
-0.0140979   0.197201  0.0196527 -0.0213652
 0.0152527  0.0196527   0.225191  0.0104304
 0.0353595 -0.0213652  0.0104304   0.302799
IMAGINARY
           0 -0.000208234  -0.00856811    0.0139101
 0.000208234            0   -0.0053462   -0.0136832
  0.00856811    0.0053462            0   -0.0115719
  -0.0139101    0.0136832    0.0115719            0
EndNode2[0]<--->HoM1[0]
REAL
    0.30184 -0.00196609  -0.0281512   0.0320985
-0.00196609    0.208589    0.017144  -0.0198286
 -0.0281512    0.017144    0.214724  0.00322872
  0.0320985  -0.0198286  0.00322872    0.274847
IMAGINARY
          0  0.00519109 -0.00489326   0.0192834
-0.00519109           0 -0.00168232  -0.0100612
 0.00489326  0.00168232           0  0.00586223
 -0.0192834   0.0100612 -0.00586223           0
Repeater1[0]<--->EndNode1[0]
REAL
  0.274809  0.0152527 -0.0140979  0.0353595
 0.0152527   0.225191  0.0196527  0.0104304
-0.0140979  0.0196527   0.197201 -0.0213652
 0.0353595  0.0104304 -0.0213652   0.302799
IMAGINARY
           0  -0.00856811 -0.000208234    0.0139101
  0.00856811            0    0.0053462   -0.0115719
 0.000208234   -0.0053462            0   -0.0136832
  -0.0139101    0.0115719    0.0136832            0
Repeater1[0]<--->HoM1[0]
REAL
    0.30184  -0.0281512 -0.00196609   0.0320985
 -0.0281512    0.214724    0.017144  0.00322872
-0.00196609    0.017144    0.208589  -0.0198286
  0.0320985  0.00322872  -0.0198286    0.274847
IMAGINARY
          0 -0.00489326  0.00519109   0.0192834
 0.00489326           0  0.00168232  0.00586223
-0.00519109 -0.00168232           0  -0.0100612
 -0.0192834 -0.00586223   0.0100612           0
