EndNode1[0]<--->Repeater1[0]
REAL
   0.444724  0.00224062 -0.00946391     0.31333
 0.00224062   0.0439698 -0.00267041 -0.00245754
-0.00946391 -0.00267041   0.0427136  -0.0099545
    0.31333 -0.00245754  -0.0099545    0.468593
IMAGINARY
           0 -0.000640071   -0.0274313   0.00432887
 0.000640071            0  -0.00115225  -0.00723541
   0.0274313   0.00115225            0    0.0193067
 -0.00432887   0.00723541   -0.0193067            0
EndNode2[0]<--->HoM1[0]
REAL
    0.440447  -0.00484949 -0.000168474     0.317831
 -0.00484949    0.0322581  0.000350549   -0.0208627
-0.000168474  0.000350549    0.0409429     0.013669
    0.317831   -0.0208627     0.013669     0.486352
IMAGINARY
          0  0.00351957  -0.0293176   0.0143324
-0.00351957           0 -0.00465496   0.0113228
  0.0293176  0.00465496           0  0.00419251
 -0.0143324  -0.0113228 -0.00419251           0
Repeater1[0]<--->EndNode1[0]
REAL
   0.444724 -0.00946391  0.00224062     0.31333
-0.00946391   0.0427136 -0.00267041  -0.0099545
 0.00224062 -0.00267041   0.0439698 -0.00245754
    0.31333  -0.0099545 -0.00245754    0.468593
IMAGINARY
           0   -0.0274313 -0.000640071   0.00432887
   0.0274313            0   0.00115225    0.0193067
 0.000640071  -0.00115225            0  -0.00723541
 -0.00432887   -0.0193067   0.00723541            0
Repeater1[0]<--->HoM1[0]
REAL
    0.440447 -0.000168474  -0.00484949     0.317831
-0.000168474    0.0409429  0.000350549     0.013669
 -0.00484949  0.000350549    0.0322581   -0.0208627
    0.317831     0.013669   -0.0208627     0.486352
IMAGINARY
          0  -0.0293176  0.00351957   0.0143324
  0.0293176           0  0.00465496  0.00419251
-0.00351957 -0.00465496           0   0.0113228
 -0.0143324 -0.00419251  -0.0113228           0
EndNode1[0]<--->Repeater1[0]
REAL
   0.497403  0.00718602  -0.0106682      0.3084
 0.00718602   0.0337662  0.00520199   0.0232627
 -0.0106682  0.00520199   0.0337662 0.000370655
     0.3084   0.0232627 0.000370655    0.435065
IMAGINARY
          0 -0.00683549   0.0184249   0.0155532
 0.00683549           0  0.00790364  -0.0153499
 -0.0184249 -0.00790364           0   0.0111405
 -0.0155532   0.0153499  -0.0111405           0
EndNode2[0]<--->HoM1[0]
REAL
   0.474708   0.0113277 -0.00330567    0.314488
  0.0113277   0.0337224   0.0137409   0.0199501
-0.00330567   0.0137409   0.0337224   0.0119745
   0.314488   0.0199501   0.0119745    0.457847
IMAGINARY
           0   0.00956521    0.0094047  3.29915e-06
 -0.00956521            0   -0.0198972    0.0186152
  -0.0094047    0.0198972            0   -0.0101879
-3.29915e-06   -0.0186152    0.0101879            0
Repeater1[0]<--->EndNode1[0]
REAL
   0.497403  -0.0106682  0.00718602      0.3084
 -0.0106682   0.0337662  0.00520199 0.000370655
 0.00718602  0.00520199   0.0337662   0.0232627
     0.3084 0.000370655   0.0232627    0.435065
IMAGINARY
          0   0.0184249 -0.00683549   0.0155532
 -0.0184249           0 -0.00790364   0.0111405
 0.00683549  0.00790364           0  -0.0153499
 -0.0155532  -0.0111405   0.0153499           0
Repeater1[0]<--->HoM1[0]
REAL
   0.474708 -0.00330567   0.0113277    0.314488
-0.00330567   0.0337224   0.0137409   0.0119745
  0.0113277   0.0137409   0.0337224   0.0199501
   0.314488   0.0119745   0.0199501    0.457847
IMAGINARY
           0    0.0094047   0.00956521  3.29915e-06
  -0.0094047            0    0.0198972   -0.0101879
 -0.00956521   -0.0198972            0    0.0186152
-3.29915e-06    0.0101879   -0.0186152            0
EndNode1[0]<--->Repeater1[0]
REAL
     0.4475 -0.00980738 -0.00645987    0.313106
-0.00980738       0.045 -0.00200914  0.00712037
-0.00645987 -0.00200914      0.0375  0.00914687
   0.313106  0.00712037  0.00914687        0.47
IMAGINARY
          0   0.0217363  -0.0201914  -0.0140349
 -0.0217363           0  0.00164895 -0.00747389
  0.0201914 -0.00164895           0  0.00457946
  0.0140349  0.00747389 -0.00457946           0
EndNode2[0]<--->HoM1[0]
REAL
    0.48005    0.024365  0.00387386    0.302754
   0.024365   0.0399002  0.00597547  0.00190277
 0.00387386  0.00597547   0.0436409 -0.00960244
   0.302754  0.00190277 -0.00960244    0.436409
IMAGINARY
          0  -0.0434474   0.0269193  -0.0171099
  0.0434474           0 -0.00968749     0.01831
 -0.0269193  0.00968749           0  -0.0141734
  0.0171099    -0.01831   0.0141734           0
Repeater1[0]<--->EndNode1[0]
REAL
     0.4475 -0.00645987 -0.00980738    0.313106
-0.00645987      0.0375 -0.00200914  0.00914687
-0.00980738 -0.00200914       0.045  0.00712037
   0.313106  0.00914687  0.00712037        0.47
IMAGINARY
          0  -0.0201914   0.0217363  -0.0140349
  0.0201914           0 -0.00164895  0.00457946
 -0.0217363  0.00164895           0 -0.00747389
  0.0140349 -0.00457946  0.00747389           0
Repeater1[0]<--->HoM1[0]
REAL
    0.48005  0.00387386    0.024365    0.302754
 0.00387386   0.0436409  0.00597547 -0.00960244
   0.024365  0.00597547   0.0399002  0.00190277
   0.302754 -0.00960244  0.00190277    0.436409
IMAGINARY
          0   0.0269193  -0.0434474  -0.0171099
 -0.0269193           0  0.00968749  -0.0141734
  0.0434474 -0.00968749           0     0.01831
  0.0171099   0.0141734    -0.01831           0
EndNode1[0]<--->Repeater1[0]
REAL
   0.464557 -0.00113093 -0.00371166    0.308717
-0.00113093    0.035443   0.0102481  -0.0122982
-0.00371166   0.0102481   0.0202532  -0.0136474
   0.308717  -0.0122982  -0.0136474    0.479747
IMAGINARY
          0  0.00746393   0.0120705   0.0111526
-0.00746393           0  0.00553465 -0.00824401
 -0.0120705 -0.00553465           0  0.00401566
 -0.0111526  0.00824401 -0.00401566           0
EndNode2[0]<--->HoM1[0]
REAL
  0.460076  0.0131695  0.0104298   0.293485
 0.0131695  0.0253485 0.00676755  0.0104298
 0.0104298 0.00676755  0.0367554 -0.0125374
  0.293485  0.0104298 -0.0125374    0.47782
IMAGINARY
          0   0.0123701 -0.00791607  0.00533664
 -0.0123701           0 -0.00871959  0.00983178
 0.00791607  0.00871959           0 -0.00790014
-0.00533664 -0.00983178  0.00790014           0
Repeater1[0]<--->EndNode1[0]
REAL
   0.464557 -0.00371166 -0.00113093    0.308717
-0.00371166   0.0202532   0.0102481  -0.0136474
-0.00113093   0.0102481    0.035443  -0.0122982
   0.308717  -0.0136474  -0.0122982    0.479747
IMAGINARY
          0   0.0120705  0.00746393   0.0111526
 -0.0120705           0 -0.00553465  0.00401566
-0.00746393  0.00553465           0 -0.00824401
 -0.0111526 -0.00401566  0.00824401           0
Repeater1[0]<--->HoM1[0]
REAL
  0.460076  0.0104298  0.0131695   0.293485
 0.0104298  0.0367554 0.00676755 -0.0125374
 0.0131695 0.00676755  0.0253485  0.0104298
  0.293485 -0.0125374  0.0104298    0.47782
IMAGINARY
          0 -0.00791607   0.0123701  0.00533664
 0.00791607           0  0.00871959 -0.00790014
 -0.0123701 -0.00871959           0  0.00983178
-0.00533664  0.00790014 -0.00983178           0
EndNode1[0]<--->Repeater1[0]
REAL
    0.489276  -0.00474325    0.0207074     0.299551
 -0.00474325    0.0241287    0.0123173  0.000757261
   0.0207074    0.0123173    0.0281501 -0.000307255
    0.299551  0.000757261 -0.000307255     0.458445
IMAGINARY
          0   0.0186365   0.0119858  -0.0256133
 -0.0186365           0  -0.0180375 -0.00134752
 -0.0119858   0.0180375           0 -0.00267901
  0.0256133  0.00134752  0.00267901           0
EndNode2[0]<--->HoM1[0]
REAL
   0.477865   0.0103317  0.00683335    0.294352
  0.0103317   0.0403646   0.0207425 8.48864e-05
 0.00683335   0.0207425   0.0325521  -0.0147342
   0.294352 8.48864e-05  -0.0147342    0.449219
IMAGINARY
          0  0.00200621  -0.0195705   0.0222341
-0.00200621           0 -0.00485954   0.0202173
  0.0195705  0.00485954           0   -0.022058
 -0.0222341  -0.0202173    0.022058           0
Repeater1[0]<--->EndNode1[0]
REAL
    0.489276    0.0207074  -0.00474325     0.299551
   0.0207074    0.0281501    0.0123173 -0.000307255
 -0.00474325    0.0123173    0.0241287  0.000757261
    0.299551 -0.000307255  0.000757261     0.458445
IMAGINARY
          0   0.0119858   0.0186365  -0.0256133
 -0.0119858           0   0.0180375 -0.00267901
 -0.0186365  -0.0180375           0 -0.00134752
  0.0256133  0.00267901  0.00134752           0
Repeater1[0]<--->HoM1[0]
REAL
   0.477865  0.00683335   0.0103317    0.294352
 0.00683335   0.0325521   0.0207425  -0.0147342
  0.0103317   0.0207425   0.0403646 8.48864e-05
   0.294352  -0.0147342 8.48864e-05    0.449219
IMAGINARY
          0  -0.0195705  0.00200621   0.0222341
  0.0195705           0  0.00485954   -0.022058
-0.00200621 -0.00485954           0   0.0202173
 -0.0222341    0.022058  -0.0202173           0
EndNode1[0]<--->Repeater1[0]
REAL
   0.479245  0.00517048   0.0240124    0.293694
 0.00517048    0.027673 -0.00807338   0.0158568
  0.0240124 -0.00807338   0.0415094 0.000711877
   0.293694   0.0158568 0.000711877    0.451572
IMAGINARY
           0   -0.0154173 -0.000285237  -0.00403509
   0.0154173            0    0.0135202   0.00659837
 0.000285237   -0.0135202            0  -0.00225944
  0.00403509  -0.00659837   0.00225944            0
EndNode2[0]<--->HoM1[0]
REAL
    0.453283  -0.00423856    0.0208174     0.306636
 -0.00423856    0.0378788 -0.000761559    -0.012516
   0.0208174 -0.000761559    0.0353535      0.01254
    0.306636    -0.012516      0.01254     0.473485
IMAGINARY
          0 -0.00134007   0.0201067 -0.00924623
 0.00134007           0   0.0176768  -0.0035251
 -0.0201067  -0.0176768           0 -0.00886401
 0.00924623   0.0035251  0.00886401           0
Repeater1[0]<--->EndNode1[0]
REAL
   0.479245   0.0240124  0.00517048    0.293694
  0.0240124   0.0415094 -0.00807338 0.000711877
 0.00517048 -0.00807338    0.027673   0.0158568
   0.293694 0.000711877   0.0158568    0.451572
IMAGINARY
           0 -0.000285237   -0.0154173  -0.00403509
 0.000285237            0   -0.0135202  -0.00225944
   0.0154173    0.0135202            0   0.00659837
  0.00403509   0.00225944  -0.00659837            0
Repeater1[0]<--->HoM1[0]
REAL
    0.453283    0.0208174  -0.00423856     0.306636
   0.0208174    0.0353535 -0.000761559      0.01254
 -0.00423856 -0.000761559    0.0378788    -0.012516
    0.306636      0.01254    -0.012516     0.473485
IMAGINARY
          0   0.0201067 -0.00134007 -0.00924623
 -0.0201067           0  -0.0176768 -0.00886401
 0.00134007   0.0176768           0  -0.0035251
 0.00924623  0.00886401   0.0035251           0
EndNode1[0]<--->Repeater1[0]
REAL
   0.469314 -0.00344889  0.00650665     0.29603
-0.00344889   0.0385078 -0.00530326  0.00101215
 0.00650665 -0.00530326   0.0300842 -0.00281678
    0.29603  0.00101215 -0.00281678    0.462094
IMAGINARY
          0 -0.00347396   0.0131538 -0.00440036
 0.00347396           0 -0.00505739  0.00417949
 -0.0131538  0.00505739           0  -0.0151927
 0.00440036 -0.00417949   0.0151927           0
EndNode2[0]<--->HoM1[0]
REAL
    0.454424   0.00476634    0.0148398     0.309823
  0.00476634    0.0268097 -0.000744119  -0.00482646
   0.0148398 -0.000744119    0.0241287   -0.0147797
    0.309823  -0.00482646   -0.0147797     0.494638
IMAGINARY
          0  -0.0127448   0.0125458  -0.0171222
  0.0127448           0   0.0164599  0.00291809
 -0.0125458  -0.0164599           0  0.00372421
  0.0171222 -0.00291809 -0.00372421           0
Repeater1[0]<--->EndNode1[0]
REAL
   0.469314  0.00650665 -0.00344889     0.29603
 0.00650665   0.0300842 -0.00530326 -0.00281678
-0.00344889 -0.00530326   0.0385078  0.00101215
    0.29603 -0.00281678  0.00101215    0.462094
IMAGINARY
          0   0.0131538 -0.00347396 -0.00440036
 -0.0131538           0  0.00505739  -0.0151927
 0.00347396 -0.00505739           0  0.00417949
 0.00440036   0.0151927 -0.00417949           0
Repeater1[0]<--->HoM1[0]
REAL
    0.454424    0.0148398   0.00476634     0.309823
   0.0148398    0.0241287 -0.000744119   -0.0147797
  0.00476634 -0.000744119    0.0268097  -0.00482646
    0.309823   -0.0147797  -0.00482646     0.494638
IMAGINARY
          0   0.0125458  -0.0127448  -0.0171222
 -0.0125458           0  -0.0164599  0.00372421
  0.0127448   0.0164599           0  0.00291809
  0.0171222 -0.00372421 -0.00291809           0
EndNode1[0]<--->Repeater1[0]
REAL
   0.483418   0.0226391  0.00731766    0.310331
  0.0226391   0.0280612  0.00521553 -0.00138881
 0.00731766  0.00521553   0.0433673 -0.00617009
   0.310331 -0.00138881 -0.00617009    0.445153
IMAGINARY
          0 -0.00761267  0.00809532  -0.0179725
 0.00761267           0  -0.0218285  0.00469396
-0.00809532   0.0218285           0 -0.00761267
  0.0179725 -0.00469396  0.00761267           0
EndNode2[0]<--->HoM1[0]
REAL
        0.5  0.00927298   0.0156781    0.309811
 0.00927298   0.0304878  0.00471552 -0.00595044
  0.0156781  0.00471552   0.0329268   0.0173159
   0.309811 -0.00595044   0.0173159    0.436585
IMAGINARY
          0   0.0268066  -0.0055246  0.00376909
 -0.0268066           0 -0.00313698  0.00361378
  0.0055246  0.00313698           0 -0.00833523
-0.00376909 -0.00361378  0.00833523           0
Repeater1[0]<--->EndNode1[0]
REAL
   0.483418  0.00731766   0.0226391    0.310331
 0.00731766   0.0433673  0.00521553 -0.00617009
  0.0226391  0.00521553   0.0280612 -0.00138881
   0.310331 -0.00617009 -0.00138881    0.445153
IMAGINARY
          0  0.00809532 -0.00761267  -0.0179725
-0.00809532           0   0.0218285 -0.00761267
 0.00761267  -0.0218285           0  0.00469396
  0.0179725  0.00761267 -0.00469396           0
Repeater1[0]<--->HoM1[0]
REAL
        0.5   0.0156781  0.00927298    0.309811
  0.0156781   0.0329268  0.00471552   0.0173159
 0.00927298  0.00471552   0.0304878 -0.00595044
   0.309811   0.0173159 -0.00595044    0.436585
IMAGINARY
          0  -0.0055246   0.0268066  0.00376909
  0.0055246           0  0.00313698 -0.00833523
 -0.0268066 -0.00313698           0  0.00361378
-0.00376909  0.00833523 -0.00361378           0
EndNode1[0]<--->Repeater1[0]
REAL
  0.458931 0.00386598 -0.0232308   0.334681
0.00386598  0.0325945 -0.0138043 0.00390094
-0.0232308 -0.0138043  0.0338983 0.00386598
  0.334681 0.00390094 0.00386598   0.474576
IMAGINARY
          0  0.00412835 -0.00962018   0.0205559
-0.00412835           0   0.0199173  -0.0200241
 0.00962018  -0.0199173           0   0.0136582
 -0.0205559   0.0200241  -0.0136582           0
EndNode2[0]<--->HoM1[0]
REAL
   0.443167  0.00792574 -0.00575075    0.296869
 0.00792574   0.0344828    0.008171  -0.0101644
-0.00575075    0.008171   0.0421456  0.00666312
   0.296869  -0.0101644  0.00666312    0.480204
IMAGINARY
          0 -0.00903082   0.0111492  -0.0127402
 0.00903082           0  -0.0153928  0.00113583
 -0.0111492   0.0153928           0 -0.00325419
  0.0127402 -0.00113583  0.00325419           0
Repeater1[0]<--->EndNode1[0]
REAL
  0.458931 -0.0232308 0.00386598   0.334681
-0.0232308  0.0338983 -0.0138043 0.00386598
0.00386598 -0.0138043  0.0325945 0.00390094
  0.334681 0.00386598 0.00390094   0.474576
IMAGINARY
          0 -0.00962018  0.00412835   0.0205559
 0.00962018           0  -0.0199173   0.0136582
-0.00412835   0.0199173           0  -0.0200241
 -0.0205559  -0.0136582   0.0200241           0
Repeater1[0]<--->HoM1[0]
REAL
   0.443167 -0.00575075  0.00792574    0.296869
-0.00575075   0.0421456    0.008171  0.00666312
 0.00792574    0.008171   0.0344828  -0.0101644
   0.296869  0.00666312  -0.0101644    0.480204
IMAGINARY
          0   0.0111492 -0.00903082  -0.0127402
 -0.0111492           0   0.0153928 -0.00325419
 0.00903082  -0.0153928           0  0.00113583
  0.0127402  0.00325419 -0.00113583           0
EndNode1[0]<--->Repeater1[0]
REAL
   0.468831  -0.0254185  -0.0191157    0.310169
 -0.0254185   0.0324675   0.0176694 -0.00713585
 -0.0191157   0.0176694   0.0363636 -0.00205402
   0.310169 -0.00713585 -0.00205402    0.462338
IMAGINARY
          0 -0.00266129   0.0115098 -0.00126172
 0.00266129           0  0.00937658 -0.00400978
 -0.0115098 -0.00937658           0  -0.0123387
 0.00126172  0.00400978   0.0123387           0
EndNode2[0]<--->HoM1[0]
REAL
   0.504528  -0.0018223   0.0042688     0.31577
 -0.0018223   0.0401035    0.016291 -0.00681333
  0.0042688    0.016291   0.0310479  0.00945589
    0.31577 -0.00681333  0.00945589    0.424321
IMAGINARY
          0    0.014244  -0.0176482 -0.00361703
  -0.014244           0  -0.0096573  -0.0266226
  0.0176482   0.0096573           0   0.0091935
 0.00361703   0.0266226  -0.0091935           0
Repeater1[0]<--->EndNode1[0]
REAL
   0.468831  -0.0191157  -0.0254185    0.310169
 -0.0191157   0.0363636   0.0176694 -0.00205402
 -0.0254185   0.0176694   0.0324675 -0.00713585
   0.310169 -0.00205402 -0.00713585    0.462338
IMAGINARY
          0   0.0115098 -0.00266129 -0.00126172
 -0.0115098           0 -0.00937658  -0.0123387
 0.00266129  0.00937658           0 -0.00400978
 0.00126172   0.0123387  0.00400978           0
Repeater1[0]<--->HoM1[0]
REAL
   0.504528   0.0042688  -0.0018223     0.31577
  0.0042688   0.0310479    0.016291  0.00945589
 -0.0018223    0.016291   0.0401035 -0.00681333
    0.31577  0.00945589 -0.00681333    0.424321
IMAGINARY
          0  -0.0176482    0.014244 -0.00361703
  0.0176482           0   0.0096573   0.0091935
  -0.014244  -0.0096573           0  -0.0266226
 0.00361703  -0.0091935   0.0266226           0
EndNode1[0]<--->Repeater1[0]
REAL
    0.438356  0.000136722 -0.000312625     0.308563
 0.000136722    0.0398506  -0.00881773    0.0156187
-0.000312625  -0.00881773    0.0273973   0.00879185
    0.308563    0.0156187   0.00879185     0.494396
IMAGINARY
          0   0.0166928   -0.024197   0.0048082
 -0.0166928           0 -0.00615955  -0.0173647
   0.024197  0.00615955           0   0.0084961
 -0.0048082   0.0173647  -0.0084961           0
EndNode2[0]<--->HoM1[0]
REAL
 0.494282 0.0101502 0.0202445  0.310038
0.0101502 0.0330368 0.0131405 0.0126109
0.0202445 0.0131405 0.0444727 0.0107578
 0.310038 0.0126109 0.0107578  0.428208
IMAGINARY
          0 -0.00537258  0.00317646 -0.00437662
 0.00537258           0   0.0204641  0.00740182
-0.00317646  -0.0204641           0   0.0060778
 0.00437662 -0.00740182  -0.0060778           0
Repeater1[0]<--->EndNode1[0]
REAL
    0.438356 -0.000312625  0.000136722     0.308563
-0.000312625    0.0273973  -0.00881773   0.00879185
 0.000136722  -0.00881773    0.0398506    0.0156187
    0.308563   0.00879185    0.0156187     0.494396
IMAGINARY
          0   -0.024197   0.0166928   0.0048082
   0.024197           0  0.00615955   0.0084961
 -0.0166928 -0.00615955           0  -0.0173647
 -0.0048082  -0.0084961   0.0173647           0
Repeater1[0]<--->HoM1[0]
REAL
 0.494282 0.0202445 0.0101502  0.310038
0.0202445 0.0444727 0.0131405 0.0107578
0.0101502 0.0131405 0.0330368 0.0126109
 0.310038 0.0107578 0.0126109  0.428208
IMAGINARY
          0  0.00317646 -0.00537258 -0.00437662
-0.00317646           0  -0.0204641   0.0060778
 0.00537258   0.0204641           0  0.00740182
 0.00437662  -0.0060778 -0.00740182           0
EndNode1[0]<--->Repeater1[0]
REAL
  0.457895  0.0126519 0.00713694   0.300452
 0.0126519  0.0381579  0.0028652 0.00589624
0.00713694  0.0028652  0.0302632 0.00275093
  0.300452 0.00589624 0.00275093   0.473684
IMAGINARY
          0 -0.00111322    0.015197  0.00697764
 0.00111322           0  -0.0115409   0.0196556
  -0.015197   0.0115409           0   -0.018994
-0.00697764  -0.0196556    0.018994           0
EndNode2[0]<--->HoM1[0]
REAL
   0.451407  0.00996928  -0.0121193    0.308046
 0.00996928   0.0294118 -0.00259805   0.0101737
 -0.0121193 -0.00259805   0.0396419   -0.024885
   0.308046   0.0101737   -0.024885     0.47954
IMAGINARY
           0  -0.00505696  -0.00772842   0.00716276
  0.00505696            0   0.00588071 -0.000934944
  0.00772842  -0.00588071            0  -0.00236879
 -0.00716276  0.000934944   0.00236879            0
Repeater1[0]<--->EndNode1[0]
REAL
  0.457895 0.00713694  0.0126519   0.300452
0.00713694  0.0302632  0.0028652 0.00275093
 0.0126519  0.0028652  0.0381579 0.00589624
  0.300452 0.00275093 0.00589624   0.473684
IMAGINARY
          0    0.015197 -0.00111322  0.00697764
  -0.015197           0   0.0115409   -0.018994
 0.00111322  -0.0115409           0   0.0196556
-0.00697764    0.018994  -0.0196556           0
Repeater1[0]<--->HoM1[0]
REAL
   0.451407  -0.0121193  0.00996928    0.308046
 -0.0121193   0.0396419 -0.00259805   -0.024885
 0.00996928 -0.00259805   0.0294118   0.0101737
   0.308046   -0.024885   0.0101737     0.47954
IMAGINARY
           0  -0.00772842  -0.00505696   0.00716276
  0.00772842            0  -0.00588071  -0.00236879
  0.00505696   0.00588071            0 -0.000934944
 -0.00716276   0.00236879  0.000934944            0
EndNode1[0]<--->Repeater1[0]
REAL
   0.480164  0.00195221 -0.00757576    0.289718
 0.00195221   0.0396717   0.0259385 -0.00883838
-0.00757576   0.0259385   0.0424077 -0.00574009
   0.289718 -0.00883838 -0.00574009    0.437756
IMAGINARY
          0   0.0280409  -0.0286847  0.00639563
 -0.0280409           0 -0.00144514  0.00112562
  0.0286847  0.00144514           0  -0.0162299
-0.00639563 -0.00112562   0.0162299           0
EndNode2[0]<--->HoM1[0]
REAL
   0.460927 -0.00490933 -0.00566307     0.30116
-0.00490933   0.0264901   0.0114232  -0.0030384
-0.00566307   0.0114232   0.0304636  -0.0145017
    0.30116  -0.0030384  -0.0145017    0.482119
IMAGINARY
          0 -0.00713099  0.00409284  -0.0138072
 0.00713099           0  -0.0194392  0.00279076
-0.00409284   0.0194392           0   -0.027287
  0.0138072 -0.00279076    0.027287           0
Repeater1[0]<--->EndNode1[0]
REAL
   0.480164 -0.00757576  0.00195221    0.289718
-0.00757576   0.0424077   0.0259385 -0.00574009
 0.00195221   0.0259385   0.0396717 -0.00883838
   0.289718 -0.00574009 -0.00883838    0.437756
IMAGINARY
          0  -0.0286847   0.0280409  0.00639563
  0.0286847           0  0.00144514  -0.0162299
 -0.0280409 -0.00144514           0  0.00112562
-0.00639563   0.0162299 -0.00112562           0
Repeater1[0]<--->HoM1[0]
REAL
   0.460927 -0.00566307 -0.00490933     0.30116
-0.00566307   0.0304636   0.0114232  -0.0145017
-0.00490933   0.0114232   0.0264901  -0.0030384
    0.30116  -0.0145017  -0.0030384    0.482119
IMAGINARY
          0  0.00409284 -0.00713099  -0.0138072
-0.00409284           0   0.0194392   -0.027287
 0.00713099  -0.0194392           0  0.00279076
  0.0138072    0.027287 -0.00279076           0
EndNode1[0]<--->Repeater1[0]
REAL
   0.466752     -0.0201 0.000805074    0.298062
    -0.0201   0.0434783  0.00242167   -0.029221
0.000805074  0.00242167   0.0306905  0.00256671
   0.298062   -0.029221  0.00256671    0.459079
IMAGINARY
           0  0.000874349   0.00776879  -0.00986508
-0.000874349            0  -0.00130118  -0.00368159
 -0.00776879   0.00130118            0   0.00593764
  0.00986508   0.00368159  -0.00593764            0
EndNode2[0]<--->HoM1[0]
REAL
   0.477273 -0.00233179  0.00902369    0.316461
-0.00233179   0.0280749  -0.0116446  -0.0109248
 0.00902369  -0.0116446   0.0414439 0.000430645
   0.316461  -0.0109248 0.000430645    0.453209
IMAGINARY
           0   0.00955951   -0.0146735 -0.000889396
 -0.00955951            0    0.0259521   0.00149905
   0.0146735   -0.0259521            0 -0.000149225
 0.000889396  -0.00149905  0.000149225            0
Repeater1[0]<--->EndNode1[0]
REAL
   0.466752 0.000805074     -0.0201    0.298062
0.000805074   0.0306905  0.00242167  0.00256671
    -0.0201  0.00242167   0.0434783   -0.029221
   0.298062  0.00256671   -0.029221    0.459079
IMAGINARY
           0   0.00776879  0.000874349  -0.00986508
 -0.00776879            0   0.00130118   0.00593764
-0.000874349  -0.00130118            0  -0.00368159
  0.00986508  -0.00593764   0.00368159            0
Repeater1[0]<--->HoM1[0]
REAL
   0.477273  0.00902369 -0.00233179    0.316461
 0.00902369   0.0414439  -0.0116446 0.000430645
-0.00233179  -0.0116446   0.0280749  -0.0109248
   0.316461 0.000430645  -0.0109248    0.453209
IMAGINARY
           0   -0.0146735   0.00955951 -0.000889396
   0.0146735            0   -0.0259521 -0.000149225
 -0.00955951    0.0259521            0   0.00149905
 0.000889396  0.000149225  -0.00149905            0
EndNode1[0]<--->Repeater1[0]
REAL
   0.460916  -0.0150047   0.0040788    0.298768
 -0.0150047   0.0363881  0.00844567   0.0158217
  0.0040788  0.00844567   0.0431267 -0.00862714
   0.298768   0.0158217 -0.00862714    0.459569
IMAGINARY
           0  -0.00185951   -0.0166922    0.0091901
  0.00185951            0  -0.00720334    0.0030446
   0.0166922   0.00720334            0 -0.000621883
  -0.0091901   -0.0030446  0.000621883            0
EndNode2[0]<--->HoM1[0]
REAL
   0.466135   0.0135065 -0.00888479     0.30451
  0.0135065   0.0252324  0.00928349  0.00543651
-0.00888479  0.00928349   0.0345286  -0.0376444
    0.30451  0.00543651  -0.0376444    0.474104
IMAGINARY
          0    0.042567  -0.0114055   0.0188695
  -0.042567           0   0.0107748  -0.0212578
  0.0114055  -0.0107748           0 -0.00110969
 -0.0188695   0.0212578  0.00110969           0
Repeater1[0]<--->EndNode1[0]
REAL
   0.460916   0.0040788  -0.0150047    0.298768
  0.0040788   0.0431267  0.00844567 -0.00862714
 -0.0150047  0.00844567   0.0363881   0.0158217
   0.298768 -0.00862714   0.0158217    0.459569
IMAGINARY
           0   -0.0166922  -0.00185951    0.0091901
   0.0166922            0   0.00720334 -0.000621883
  0.00185951  -0.00720334            0    0.0030446
  -0.0091901  0.000621883   -0.0030446            0
Repeater1[0]<--->HoM1[0]
REAL
   0.466135 -0.00888479   0.0135065     0.30451
-0.00888479   0.0345286  0.00928349  -0.0376444
  0.0135065  0.00928349   0.0252324  0.00543651
    0.30451  -0.0376444  0.00543651    0.474104
IMAGINARY
          0  -0.0114055    0.042567   0.0188695
  0.0114055           0  -0.0107748 -0.00110969
  -0.042567   0.0107748           0  -0.0212578
 -0.0188695  0.00110969   0.0212578           0
EndNode1[0]<--->Repeater1[0]
REAL
    0.5025 -0.0116071 -0.0114233   0.290818
-0.0116071    0.03375  0.0127535 0.00504574
-0.0114233  0.0127535     0.0325 0.00267857
  0.290818 0.00504574 0.00267857    0.43125
IMAGINARY
          0  0.00742602  -0.0059129 -0.00657776
-0.00742602           0   0.0130045   0.0117193
  0.0059129  -0.0130045           0 -0.00290989
 0.00657776  -0.0117193  0.00290989           0
EndNode2[0]<--->HoM1[0]
REAL
   0.459096  0.00319732   0.0211259    0.303652
 0.00319732    0.035409   0.0182857 -0.00545638
  0.0211259   0.0182857    0.032967   0.0167457
   0.303652 -0.00545638   0.0167457    0.472527
IMAGINARY
           0    0.0338064    -0.018375 -0.000613036
  -0.0338064            0    -0.004489  -0.00723476
    0.018375     0.004489            0    0.0137546
 0.000613036   0.00723476   -0.0137546            0
Repeater1[0]<--->EndNode1[0]
REAL
    0.5025 -0.0114233 -0.0116071   0.290818
-0.0114233     0.0325  0.0127535 0.00267857
-0.0116071  0.0127535    0.03375 0.00504574
  0.290818 0.00267857 0.00504574    0.43125
IMAGINARY
          0  -0.0059129  0.00742602 -0.00657776
  0.0059129           0  -0.0130045 -0.00290989
-0.00742602   0.0130045           0   0.0117193
 0.00657776  0.00290989  -0.0117193           0
Repeater1[0]<--->HoM1[0]
REAL
   0.459096   0.0211259  0.00319732    0.303652
  0.0211259    0.032967   0.0182857   0.0167457
 0.00319732   0.0182857    0.035409 -0.00545638
   0.303652   0.0167457 -0.00545638    0.472527
IMAGINARY
           0    -0.018375    0.0338064 -0.000613036
    0.018375            0     0.004489    0.0137546
  -0.0338064    -0.004489            0  -0.00723476
 0.000613036   -0.0137546   0.00723476            0
EndNode1[0]<--->Repeater1[0]
REAL
    0.473225    -0.005334 -0.000874126     0.310234
   -0.005334    0.0361146  -0.00720419   -0.0104895
-0.000874126  -0.00720419    0.0273973    0.0116471
    0.310234   -0.0104895    0.0116471     0.463263
IMAGINARY
          0 -0.00352052  0.00301134   0.0172265
 0.00352052           0  0.00456832  0.00107585
-0.00301134 -0.00456832           0   0.0157821
 -0.0172265 -0.00107585  -0.0157821           0
EndNode2[0]<--->HoM1[0]
REAL
   0.468387 -0.00645516 -0.00184852    0.322528
-0.00645516   0.0490323 -0.00188909  0.00553403
-0.00184852 -0.00188909    0.036129  0.00768366
   0.322528  0.00553403  0.00768366    0.446452
IMAGINARY
          0 -0.00265619   0.0111646 -0.00546935
 0.00265619           0  -0.0229257   0.0169561
 -0.0111646   0.0229257           0  -0.0117471
 0.00546935  -0.0169561   0.0117471           0
Repeater1[0]<--->EndNode1[0]
REAL
    0.473225 -0.000874126    -0.005334     0.310234
-0.000874126    0.0273973  -0.00720419    0.0116471
   -0.005334  -0.00720419    0.0361146   -0.0104895
    0.310234    0.0116471   -0.0104895     0.463263
IMAGINARY
          0  0.00301134 -0.00352052   0.0172265
-0.00301134           0 -0.00456832   0.0157821
 0.00352052  0.00456832           0  0.00107585
 -0.0172265  -0.0157821 -0.00107585           0
Repeater1[0]<--->HoM1[0]
REAL
   0.468387 -0.00184852 -0.00645516    0.322528
-0.00184852    0.036129 -0.00188909  0.00768366
-0.00645516 -0.00188909   0.0490323  0.00553403
   0.322528  0.00768366  0.00553403    0.446452
IMAGINARY
          0   0.0111646 -0.00265619 -0.00546935
 -0.0111646           0   0.0229257  -0.0117471
 0.00265619  -0.0229257           0   0.0169561
 0.00546935   0.0117471  -0.0169561           0
EndNode1[0]<--->Repeater1[0]
REAL
   0.481771  -0.0137502   0.0114803    0.314734
 -0.0137502   0.0325521 -0.00976056   0.0146978
  0.0114803 -0.00976056   0.0377604   0.0150591
   0.314734   0.0146978   0.0150591    0.447917
IMAGINARY
           0   -0.0132353    0.0231171  -0.00490571
   0.0132353            0   -0.0254537 -0.000389858
  -0.0231171    0.0254537            0   0.00439693
  0.00490571  0.000389858  -0.00439693            0
EndNode2[0]<--->HoM1[0]
REAL
    0.458221   0.00328385  0.000954196     0.315237
  0.00328385    0.0390836 -0.000375461    0.0015647
 0.000954196 -0.000375461     0.041779   -0.0171378
    0.315237    0.0015647   -0.0171378     0.460916
IMAGINARY
          0 -0.00267838    0.018253  -0.0203964
 0.00267838           0 -0.00256282  0.00260841
  -0.018253  0.00256282           0  -0.0356796
  0.0203964 -0.00260841   0.0356796           0
Repeater1[0]<--->EndNode1[0]
REAL
   0.481771   0.0114803  -0.0137502    0.314734
  0.0114803   0.0377604 -0.00976056   0.0150591
 -0.0137502 -0.00976056   0.0325521   0.0146978
   0.314734   0.0150591   0.0146978    0.447917
IMAGINARY
           0    0.0231171   -0.0132353  -0.00490571
  -0.0231171            0    0.0254537   0.00439693
   0.0132353   -0.0254537            0 -0.000389858
  0.00490571  -0.00439693  0.000389858            0
Repeater1[0]<--->HoM1[0]
REAL
    0.458221  0.000954196   0.00328385     0.315237
 0.000954196     0.041779 -0.000375461   -0.0171378
  0.00328385 -0.000375461    0.0390836    0.0015647
    0.315237   -0.0171378    0.0015647     0.460916
IMAGINARY
          0    0.018253 -0.00267838  -0.0203964
  -0.018253           0  0.00256282  -0.0356796
 0.00267838 -0.00256282           0  0.00260841
  0.0203964   0.0356796 -0.00260841           0
EndNode1[0]<--->Repeater1[0]
REAL
   0.484496 -0.00421698  0.00407153    0.314127
-0.00421698   0.0361757   0.0031441  0.00281208
 0.00407153   0.0031441   0.0245478  0.00108806
   0.314127  0.00281208  0.00108806     0.45478
IMAGINARY
          0 -0.00414085  -0.0188727 -0.00491421
 0.00414085           0 -0.00036284  0.00418558
  0.0188727  0.00036284           0  0.00861083
 0.00491421 -0.00418558 -0.00861083           0
EndNode2[0]<--->HoM1[0]
REAL
   0.495157  -0.0228883   0.0065347    0.316695
 -0.0228883   0.0266344 -0.00668189  -0.0174461
  0.0065347 -0.00668189   0.0363196   0.0171117
   0.316695  -0.0174461   0.0171117    0.441889
IMAGINARY
           0    0.0139724   -0.0237427    0.0209132
  -0.0139724            0  0.000477204  -0.00612748
   0.0237427 -0.000477204            0    0.0314821
  -0.0209132   0.00612748   -0.0314821            0
Repeater1[0]<--->EndNode1[0]
REAL
   0.484496  0.00407153 -0.00421698    0.314127
 0.00407153   0.0245478   0.0031441  0.00108806
-0.00421698   0.0031441   0.0361757  0.00281208
   0.314127  0.00108806  0.00281208     0.45478
IMAGINARY
          0  -0.0188727 -0.00414085 -0.00491421
  0.0188727           0  0.00036284  0.00861083
 0.00414085 -0.00036284           0  0.00418558
 0.00491421 -0.00861083 -0.00418558           0
Repeater1[0]<--->HoM1[0]
REAL
   0.495157   0.0065347  -0.0228883    0.316695
  0.0065347   0.0363196 -0.00668189   0.0171117
 -0.0228883 -0.00668189   0.0266344  -0.0174461
   0.316695   0.0171117  -0.0174461    0.441889
IMAGINARY
           0   -0.0237427    0.0139724    0.0209132
   0.0237427            0 -0.000477204    0.0314821
  -0.0139724  0.000477204            0  -0.00612748
  -0.0209132   -0.0314821   0.00612748            0
EndNode1[0]<--->Repeater1[0]
REAL
  0.461842  0.0154836 0.00131794   0.304599
 0.0154836  0.0302632 -0.0121944  0.0126061
0.00131794 -0.0121944  0.0276316 0.00350376
  0.304599  0.0126061 0.00350376   0.480263
IMAGINARY
          0   0.0207343 -0.00950773  -0.0051453
 -0.0207343           0 -0.00948236  -0.0184821
 0.00950773  0.00948236           0   0.0072555
  0.0051453   0.0184821  -0.0072555           0
EndNode2[0]<--->HoM1[0]
REAL
  0.466583  0.0105645  0.0159497   0.328662
 0.0105645   0.035309 0.00578385 -0.0166173
 0.0159497 0.00578385  0.0264817 -0.0139023
  0.328662 -0.0166173 -0.0139023   0.471627
IMAGINARY
          0  0.00599316 -0.00415957 -0.00689806
-0.00599316           0  -0.0117124  -0.0210557
 0.00415957   0.0117124           0   0.0216821
 0.00689806   0.0210557  -0.0216821           0
Repeater1[0]<--->EndNode1[0]
REAL
  0.461842 0.00131794  0.0154836   0.304599
0.00131794  0.0276316 -0.0121944 0.00350376
 0.0154836 -0.0121944  0.0302632  0.0126061
  0.304599 0.00350376  0.0126061   0.480263
IMAGINARY
          0 -0.00950773   0.0207343  -0.0051453
 0.00950773           0  0.00948236   0.0072555
 -0.0207343 -0.00948236           0  -0.0184821
  0.0051453  -0.0072555   0.0184821           0
Repeater1[0]<--->HoM1[0]
REAL
  0.466583  0.0159497  0.0105645   0.328662
 0.0159497  0.0264817 0.00578385 -0.0139023
 0.0105645 0.00578385   0.035309 -0.0166173
  0.328662 -0.0139023 -0.0166173   0.471627
IMAGINARY
          0 -0.00415957  0.00599316 -0.00689806
 0.00415957           0   0.0117124   0.0216821
-0.00599316  -0.0117124           0  -0.0210557
 0.00689806  -0.0216821   0.0210557           0
EndNode1[0]<--->Repeater1[0]
REAL
  0.486005 -0.0107374 -0.0093323   0.321544
-0.0107374  0.0445293  0.0205612 -0.0196151
-0.0093323  0.0205612  0.0330789 -0.0155784
  0.321544 -0.0196151 -0.0155784   0.436387
IMAGINARY
          0 -0.00452692 -0.00697304  0.00789876
 0.00452692           0   0.0190099  -0.0114545
 0.00697304  -0.0190099           0 -0.00652959
-0.00789876   0.0114545  0.00652959           0
EndNode2[0]<--->HoM1[0]
REAL
   0.434211 -0.00216316   0.0104518    0.308622
-0.00216316   0.0447368 -0.00643749  -0.0201605
  0.0104518 -0.00643749   0.0342105  -0.0136135
   0.308622  -0.0201605  -0.0136135    0.486842
IMAGINARY
           0  -0.00936576  -0.00561078  -0.00389476
  0.00936576            0    0.0201496 -0.000333736
  0.00561078   -0.0201496            0    0.0205943
  0.00389476  0.000333736   -0.0205943            0
Repeater1[0]<--->EndNode1[0]
REAL
  0.486005 -0.0093323 -0.0107374   0.321544
-0.0093323  0.0330789  0.0205612 -0.0155784
-0.0107374  0.0205612  0.0445293 -0.0196151
  0.321544 -0.0155784 -0.0196151   0.436387
IMAGINARY
          0 -0.00697304 -0.00452692  0.00789876
 0.00697304           0  -0.0190099 -0.00652959
 0.00452692   0.0190099           0  -0.0114545
-0.00789876  0.00652959   0.0114545           0
Repeater1[0]<--->HoM1[0]
REAL
   0.434211   0.0104518 -0.00216316    0.308622
  0.0104518   0.0342105 -0.00643749  -0.0136135
-0.00216316 -0.00643749   0.0447368  -0.0201605
   0.308622  -0.0136135  -0.0201605    0.486842
IMAGINARY
           0  -0.00561078  -0.00936576  -0.00389476
  0.00561078            0   -0.0201496    0.0205943
  0.00936576    0.0201496            0 -0.000333736
  0.00389476   -0.0205943  0.000333736            0
EndNode1[0]<--->Repeater1[0]
REAL
   0.432258  0.00284853   0.0128223    0.307599
 0.00284853   0.0464516   0.0287412 -0.00380171
  0.0128223   0.0287412   0.0335484   0.0100381
   0.307599 -0.00380171   0.0100381    0.487742
IMAGINARY
          0  0.00193748  0.00189573  -0.0172152
-0.00193748           0  -0.0106707 -0.00736353
-0.00189573   0.0106707           0   0.0108207
  0.0172152  0.00736353  -0.0108207           0
EndNode2[0]<--->HoM1[0]
REAL
  0.448953 0.00902879  0.0155943   0.304537
0.00902879  0.0327225 0.00166474 -0.0220543
 0.0155943 0.00166474  0.0235602   0.012935
  0.304537 -0.0220543   0.012935   0.494764
IMAGINARY
          0   0.0164213 -0.00575069   0.0146322
 -0.0164213           0  0.00388631  -0.0164425
 0.00575069 -0.00388631           0  -0.0216432
 -0.0146322   0.0164425   0.0216432           0
Repeater1[0]<--->EndNode1[0]
REAL
   0.432258   0.0128223  0.00284853    0.307599
  0.0128223   0.0335484   0.0287412   0.0100381
 0.00284853   0.0287412   0.0464516 -0.00380171
   0.307599   0.0100381 -0.00380171    0.487742
IMAGINARY
          0  0.00189573  0.00193748  -0.0172152
-0.00189573           0   0.0106707   0.0108207
-0.00193748  -0.0106707           0 -0.00736353
  0.0172152  -0.0108207  0.00736353           0
Repeater1[0]<--->HoM1[0]
REAL
  0.448953  0.0155943 0.00902879   0.304537
 0.0155943  0.0235602 0.00166474   0.012935
0.00902879 0.00166474  0.0327225 -0.0220543
  0.304537   0.012935 -0.0220543   0.494764
IMAGINARY
          0 -0.00575069   0.0164213   0.0146322
 0.00575069           0 -0.00388631  -0.0216432
 -0.0164213  0.00388631           0  -0.0164425
 -0.0146322   0.0216432   0.0164425           0
EndNode1[0]<--->Repeater1[0]
REAL
   0.444744   0.0315698  0.00875785    0.300368
  0.0315698   0.0283019  0.00814272  0.00813827
 0.00875785  0.00814272   0.0444744 -0.00340961
   0.300368  0.00813827 -0.00340961     0.48248
IMAGINARY
          0 -0.00388639  0.00522541  0.00404454
 0.00388639           0    0.013722  0.00951989
-0.00522541   -0.013722           0 -0.00951843
-0.00404454 -0.00951989  0.00951843           0
EndNode2[0]<--->HoM1[0]
REAL
   0.472938 -0.00912661   0.0187581     0.30138
-0.00912661   0.0257732  0.00641183 -0.00706975
  0.0187581  0.00641183   0.0360825 3.56973e-05
    0.30138 -0.00706975 3.56973e-05    0.465206
IMAGINARY
          0   0.0117816   0.0220197  -0.0112317
 -0.0117816           0 -0.00380593   0.0163451
 -0.0220197  0.00380593           0  -0.0388257
  0.0112317  -0.0163451   0.0388257           0
Repeater1[0]<--->EndNode1[0]
REAL
   0.444744  0.00875785   0.0315698    0.300368
 0.00875785   0.0444744  0.00814272 -0.00340961
  0.0315698  0.00814272   0.0283019  0.00813827
   0.300368 -0.00340961  0.00813827     0.48248
IMAGINARY
          0  0.00522541 -0.00388639  0.00404454
-0.00522541           0   -0.013722 -0.00951843
 0.00388639    0.013722           0  0.00951989
-0.00404454  0.00951843 -0.00951989           0
Repeater1[0]<--->HoM1[0]
REAL
   0.472938   0.0187581 -0.00912661     0.30138
  0.0187581   0.0360825  0.00641183 3.56973e-05
-0.00912661  0.00641183   0.0257732 -0.00706975
    0.30138 3.56973e-05 -0.00706975    0.465206
IMAGINARY
          0   0.0220197   0.0117816  -0.0112317
 -0.0220197           0  0.00380593  -0.0388257
 -0.0117816 -0.00380593           0   0.0163451
  0.0112317   0.0388257  -0.0163451           0
EndNode1[0]<--->Repeater1[0]
REAL
  0.507006  -0.018326 0.00619249   0.310835
 -0.018326  0.0280255 0.00698911 0.00232651
0.00619249 0.00698911  0.0242038 0.00980699
  0.310835 0.00232651 0.00980699   0.440764
IMAGINARY
          0   0.0115127  -0.0248216  0.00649531
 -0.0115127           0  -0.0208932 -0.00466557
  0.0248216   0.0208932           0  0.00900013
-0.00649531  0.00466557 -0.00900013           0
EndNode2[0]<--->HoM1[0]
REAL
  0.478854 -0.0226156 -0.0194229   0.284697
-0.0226156  0.0354707  0.0303973  0.0099889
-0.0194229  0.0303973  0.0327422 0.00437665
