EndNode1[0]<--->Repeater1[0]
REAL
    0.432065   0.00608212   0.00594015     0.398226
  0.00608212    0.0638587    0.0300664  -0.00137692
  0.00594015    0.0300664    0.0557065 -0.000215107
    0.398226  -0.00137692 -0.000215107      0.44837
IMAGINARY
          0  0.00971596    0.012505  0.00321049
-0.00971596           0  0.00575502  -0.0100175
  -0.012505 -0.00575502           0  0.00023429
-0.00321049   0.0100175 -0.00023429           0
EndNode2[0]<--->HoM1[0]
REAL
    0.439299    0.0112836 -5.88813e-05     0.399785
   0.0112836    0.0613267     0.037552   -0.0090795
-5.88813e-05     0.037552    0.0563204   -0.0125891
    0.399785   -0.0090795   -0.0125891     0.443054
IMAGINARY
           0  0.000868364    0.0112811   0.00598777
-0.000868364            0   -0.0221168   -0.0279081
  -0.0112811    0.0221168            0   0.00150693
 -0.00598777    0.0279081  -0.00150693            0
Repeater1[0]<--->EndNode1[0]
REAL
    0.432065   0.00594015   0.00608212     0.398226
  0.00594015    0.0557065    0.0300664 -0.000215107
  0.00608212    0.0300664    0.0638587  -0.00137692
    0.398226 -0.000215107  -0.00137692      0.44837
IMAGINARY
          0    0.012505  0.00971596  0.00321049
  -0.012505           0 -0.00575502  0.00023429
-0.00971596  0.00575502           0  -0.0100175
-0.00321049 -0.00023429   0.0100175           0
Repeater1[0]<--->HoM1[0]
REAL
    0.439299 -5.88813e-05    0.0112836     0.399785
-5.88813e-05    0.0563204     0.037552   -0.0125891
   0.0112836     0.037552    0.0613267   -0.0090795
    0.399785   -0.0125891   -0.0090795     0.443054
IMAGINARY
           0    0.0112811  0.000868364   0.00598777
  -0.0112811            0    0.0221168   0.00150693
-0.000868364   -0.0221168            0   -0.0279081
 -0.00598777  -0.00150693    0.0279081            0
EndNode1[0]<--->Repeater1[0]
REAL
   0.414573 -0.00949367  -0.0109727    0.410002
-0.00949367   0.0577889   0.0241752 -0.00295133
 -0.0109727   0.0241752   0.0615578 -0.00949367
   0.410002 -0.00295133 -0.00949367     0.46608
IMAGINARY
          0  -0.0133677   0.0144761   0.0144291
  0.0133677           0  0.00980559   0.0157076
 -0.0144761 -0.00980559           0  -0.0102544
 -0.0144291  -0.0157076   0.0102544           0
EndNode2[0]<--->HoM1[0]
REAL
   0.445178 -0.00866413   0.0333309    0.410158
-0.00866413   0.0634082   0.0353208 -0.00407558
  0.0333309   0.0353208   0.0488771   0.0286109
   0.410158 -0.00407558   0.0286109    0.442536
IMAGINARY
          0  -0.0150107  0.00814863   -0.014127
  0.0150107           0 -0.00183723  0.00814863
-0.00814863  0.00183723           0  0.00132098
   0.014127 -0.00814863 -0.00132098           0
Repeater1[0]<--->EndNode1[0]
REAL
   0.414573  -0.0109727 -0.00949367    0.410002
 -0.0109727   0.0615578   0.0241752 -0.00949367
-0.00949367   0.0241752   0.0577889 -0.00295133
   0.410002 -0.00949367 -0.00295133     0.46608
IMAGINARY
          0   0.0144761  -0.0133677   0.0144291
 -0.0144761           0 -0.00980559  -0.0102544
  0.0133677  0.00980559           0   0.0157076
 -0.0144291   0.0102544  -0.0157076           0
Repeater1[0]<--->HoM1[0]
REAL
   0.445178   0.0333309 -0.00866413    0.410158
  0.0333309   0.0488771   0.0353208   0.0286109
-0.00866413   0.0353208   0.0634082 -0.00407558
   0.410158   0.0286109 -0.00407558    0.442536
IMAGINARY
          0  0.00814863  -0.0150107   -0.014127
-0.00814863           0  0.00183723  0.00132098
  0.0150107 -0.00183723           0  0.00814863
   0.014127 -0.00132098 -0.00814863           0
EndNode1[0]<--->Repeater1[0]
REAL
    0.44797  -0.0155741  -0.0106835    0.399062
 -0.0155741   0.0583756   0.0340143 -0.00283006
 -0.0106835   0.0340143   0.0558376  0.00463455
   0.399062 -0.00283006  0.00463455    0.437817
IMAGINARY
          0  0.00491902  -0.0209375    0.021503
-0.00491902           0  -0.0170558 -0.00132968
  0.0209375   0.0170558           0  -0.0204386
  -0.021503  0.00132968   0.0204386           0
EndNode2[0]<--->HoM1[0]
REAL
  0.459926 -0.0116963 -0.0155769   0.404819
-0.0116963  0.0480888   0.029191 -0.0136109
-0.0155769   0.029191   0.054254 -0.0200296
  0.404819 -0.0136109 -0.0200296   0.437731
IMAGINARY
          0 -0.00403525 -0.00533011 -0.00755131
 0.00403525           0   0.0250157  -0.0197955
 0.00533011  -0.0250157           0   0.0329297
 0.00755131   0.0197955  -0.0329297           0
Repeater1[0]<--->EndNode1[0]
REAL
    0.44797  -0.0106835  -0.0155741    0.399062
 -0.0106835   0.0558376   0.0340143  0.00463455
 -0.0155741   0.0340143   0.0583756 -0.00283006
   0.399062  0.00463455 -0.00283006    0.437817
IMAGINARY
          0  -0.0209375  0.00491902    0.021503
  0.0209375           0   0.0170558  -0.0204386
-0.00491902  -0.0170558           0 -0.00132968
  -0.021503   0.0204386  0.00132968           0
Repeater1[0]<--->HoM1[0]
REAL
  0.459926 -0.0155769 -0.0116963   0.404819
-0.0155769   0.054254   0.029191 -0.0200296
-0.0116963   0.029191  0.0480888 -0.0136109
  0.404819 -0.0200296 -0.0136109   0.437731
IMAGINARY
          0 -0.00533011 -0.00403525 -0.00755131
 0.00533011           0  -0.0250157   0.0329297
 0.00403525   0.0250157           0  -0.0197955
 0.00755131  -0.0329297   0.0197955           0
EndNode1[0]<--->Repeater1[0]
REAL
   0.437343  0.00298013   0.0278043    0.403843
 0.00298013   0.0689223   0.0420009  -0.0315827
  0.0278043   0.0420009   0.0538847 -0.00298013
   0.403843  -0.0315827 -0.00298013     0.43985
IMAGINARY
          0  -0.0191734 -0.00307979   -0.024859
  0.0191734           0 -0.00864953   0.0228166
 0.00307979  0.00864953           0  0.00601551
   0.024859  -0.0228166 -0.00601551           0
EndNode2[0]<--->HoM1[0]
REAL
    0.462912   -0.0170134   0.00733797     0.408461
  -0.0170134    0.0604396    0.0289577   -0.0197239
  0.00733797    0.0289577    0.0590659 -0.000587644
    0.408461   -0.0197239 -0.000587644     0.417582
IMAGINARY
          0  -0.0117823    0.014834 -0.00858137
  0.0117823           0 -0.00407686  -0.0328464
  -0.014834  0.00407686           0   0.0235835
 0.00858137   0.0328464  -0.0235835           0
Repeater1[0]<--->EndNode1[0]
REAL
   0.437343   0.0278043  0.00298013    0.403843
  0.0278043   0.0538847   0.0420009 -0.00298013
 0.00298013   0.0420009   0.0689223  -0.0315827
   0.403843 -0.00298013  -0.0315827     0.43985
IMAGINARY
          0 -0.00307979  -0.0191734   -0.024859
 0.00307979           0  0.00864953  0.00601551
  0.0191734 -0.00864953           0   0.0228166
   0.024859 -0.00601551  -0.0228166           0
Repeater1[0]<--->HoM1[0]
REAL
    0.462912   0.00733797   -0.0170134     0.408461
  0.00733797    0.0590659    0.0289577 -0.000587644
  -0.0170134    0.0289577    0.0604396   -0.0197239
    0.408461 -0.000587644   -0.0197239     0.417582
IMAGINARY
          0    0.014834  -0.0117823 -0.00858137
  -0.014834           0  0.00407686   0.0235835
  0.0117823 -0.00407686           0  -0.0328464
 0.00858137  -0.0235835   0.0328464           0
EndNode1[0]<--->Repeater1[0]
REAL
   0.419471   0.0179961 -0.00210333    0.409134
  0.0179961   0.0637019   0.0289845   0.0132419
-0.00210333   0.0289845   0.0733173  -0.0142832
   0.409134   0.0132419  -0.0142832     0.44351
IMAGINARY
           0   -0.0202327 -0.000179789   0.00161793
   0.0202327            0 -0.000966044    0.0220275
 0.000179789  0.000966044            0  -0.00660873
 -0.00161793   -0.0220275   0.00660873            0
EndNode2[0]<--->HoM1[0]
REAL
      0.4375  -0.00130405 -0.000936707     0.400193
 -0.00130405       0.0625    0.0445367  -0.00420468
-0.000936707    0.0445367    0.0598958  1.87021e-05
    0.400193  -0.00420468  1.87021e-05     0.440104
IMAGINARY
          0  0.00763132 -0.00190794 -0.00233867
-0.00763132           0 -0.00736379  -0.0130466
 0.00190794  0.00736379           0 -0.00698113
 0.00233867   0.0130466  0.00698113           0
Repeater1[0]<--->EndNode1[0]
REAL
   0.419471 -0.00210333   0.0179961    0.409134
-0.00210333   0.0733173   0.0289845  -0.0142832
  0.0179961   0.0289845   0.0637019   0.0132419
   0.409134  -0.0142832   0.0132419     0.44351
IMAGINARY
           0 -0.000179789   -0.0202327   0.00161793
 0.000179789            0  0.000966044  -0.00660873
   0.0202327 -0.000966044            0    0.0220275
 -0.00161793   0.00660873   -0.0220275            0
Repeater1[0]<--->HoM1[0]
REAL
      0.4375 -0.000936707  -0.00130405     0.400193
-0.000936707    0.0598958    0.0445367  1.87021e-05
 -0.00130405    0.0445367       0.0625  -0.00420468
    0.400193  1.87021e-05  -0.00420468     0.440104
IMAGINARY
          0 -0.00190794  0.00763132 -0.00233867
 0.00190794           0  0.00736379 -0.00698113
-0.00763132 -0.00736379           0  -0.0130466
 0.00233867  0.00698113   0.0130466           0
EndNode1[0]<--->Repeater1[0]
REAL
   0.450139  0.00556839 -0.00309862    0.398825
 0.00556839   0.0498615    0.035624 -0.00178283
-0.00309862    0.035624    0.067867  -0.0118445
   0.398825 -0.00178283  -0.0118445    0.432133
IMAGINARY
          0 -0.00684904 -0.00206813  -0.0135051
 0.00684904           0 -0.00560714   0.0246399
 0.00206813  0.00560714           0  0.00342907
  0.0135051  -0.0246399 -0.00342907           0
EndNode2[0]<--->HoM1[0]
REAL
      0.435   0.0102788  0.00826499    0.413948
  0.0102788     0.06625   0.0153174  -0.0103454
 0.00826499   0.0153174      0.0475 0.000123451
   0.413948  -0.0103454 0.000123451     0.45125
IMAGINARY
          0   -0.010646 -0.00670376  -0.0040107
   0.010646           0   0.0040107   0.0395805
 0.00670376  -0.0040107           0  -0.0112718
  0.0040107  -0.0395805   0.0112718           0
Repeater1[0]<--->EndNode1[0]
REAL
   0.450139 -0.00309862  0.00556839    0.398825
-0.00309862    0.067867    0.035624  -0.0118445
 0.00556839    0.035624   0.0498615 -0.00178283
   0.398825  -0.0118445 -0.00178283    0.432133
IMAGINARY
          0 -0.00206813 -0.00684904  -0.0135051
 0.00206813           0  0.00560714  0.00342907
 0.00684904 -0.00560714           0   0.0246399
  0.0135051 -0.00342907  -0.0246399           0
Repeater1[0]<--->HoM1[0]
REAL
      0.435  0.00826499   0.0102788    0.413948
 0.00826499      0.0475   0.0153174 0.000123451
  0.0102788   0.0153174     0.06625  -0.0103454
   0.413948 0.000123451  -0.0103454     0.45125
IMAGINARY
          0 -0.00670376   -0.010646  -0.0040107
 0.00670376           0  -0.0040107  -0.0112718
   0.010646   0.0040107           0   0.0395805
  0.0040107   0.0112718  -0.0395805           0
EndNode1[0]<--->Repeater1[0]
REAL
   0.436582   0.0167533 -0.00228694    0.392766
  0.0167533   0.0640854   0.0535255   0.0086808
-0.00228694   0.0535255    0.058745 -0.00524434
   0.392766   0.0086808 -0.00524434    0.440587
IMAGINARY
          0  0.00236787   0.0150641  -0.0360958
-0.00236787           0  -0.0118494  0.00645486
 -0.0150641   0.0118494           0  0.00775871
  0.0360958 -0.00645486 -0.00775871           0
EndNode2[0]<--->HoM1[0]
REAL
   0.464968 0.000597454    0.010952    0.398662
0.000597454   0.0624204   0.0336234 0.000535318
   0.010952   0.0336234   0.0484076  0.00847147
   0.398662 0.000535318  0.00847147    0.424204
IMAGINARY
          0 -0.00894656   0.0229996  -0.0013369
 0.00894656           0  -0.0013369  0.00527806
 -0.0229996   0.0013369           0  -0.0129043
  0.0013369 -0.00527806   0.0129043           0
Repeater1[0]<--->EndNode1[0]
REAL
   0.436582 -0.00228694   0.0167533    0.392766
-0.00228694    0.058745   0.0535255 -0.00524434
  0.0167533   0.0535255   0.0640854   0.0086808
   0.392766 -0.00524434   0.0086808    0.440587
IMAGINARY
          0   0.0150641  0.00236787  -0.0360958
 -0.0150641           0   0.0118494  0.00775871
-0.00236787  -0.0118494           0  0.00645486
  0.0360958 -0.00775871 -0.00645486           0
Repeater1[0]<--->HoM1[0]
REAL
   0.464968    0.010952 0.000597454    0.398662
   0.010952   0.0484076   0.0336234  0.00847147
0.000597454   0.0336234   0.0624204 0.000535318
   0.398662  0.00847147 0.000535318    0.424204
IMAGINARY
          0   0.0229996 -0.00894656  -0.0013369
 -0.0229996           0   0.0013369  -0.0129043
 0.00894656  -0.0013369           0  0.00527806
  0.0013369   0.0129043 -0.00527806           0
EndNode1[0]<--->Repeater1[0]
REAL
    0.462668  1.38778e-17    0.0167201     0.392468
 1.38778e-17    0.0563035    0.0347392   -0.0131401
   0.0167201    0.0347392    0.0465116 -1.38778e-17
    0.392468   -0.0131401 -1.38778e-17     0.434517
IMAGINARY
          0  -0.0134769   0.0117519  0.00804312
  0.0134769           0  -0.0224034  0.00397993
 -0.0117519   0.0224034           0 -0.00225496
-0.00804312 -0.00397993  0.00225496           0
EndNode2[0]<--->HoM1[0]
REAL
   0.430065  0.00700463  0.00475767    0.399363
 0.00700463   0.0745098   0.0433121 -0.00539461
 0.00475767   0.0433121   0.0470588  -0.0114632
   0.399363 -0.00539461  -0.0114632    0.448366
IMAGINARY
           0   -0.0126627  -0.00131714  -0.00194458
   0.0126627            0    0.0193191  0.000680197
  0.00131714   -0.0193191            0 -0.000713055
  0.00194458 -0.000680197  0.000713055            0
Repeater1[0]<--->EndNode1[0]
REAL
    0.462668    0.0167201  1.38778e-17     0.392468
   0.0167201    0.0465116    0.0347392 -1.38778e-17
 1.38778e-17    0.0347392    0.0563035   -0.0131401
    0.392468 -1.38778e-17   -0.0131401     0.434517
IMAGINARY
          0   0.0117519  -0.0134769  0.00804312
 -0.0117519           0   0.0224034 -0.00225496
  0.0134769  -0.0224034           0  0.00397993
-0.00804312  0.00225496 -0.00397993           0
Repeater1[0]<--->HoM1[0]
REAL
   0.430065  0.00475767  0.00700463    0.399363
 0.00475767   0.0470588   0.0433121  -0.0114632
 0.00700463   0.0433121   0.0745098 -0.00539461
   0.399363  -0.0114632 -0.00539461    0.448366
IMAGINARY
           0  -0.00131714   -0.0126627  -0.00194458
  0.00131714            0   -0.0193191 -0.000713055
   0.0126627    0.0193191            0  0.000680197
  0.00194458  0.000713055 -0.000680197            0
EndNode1[0]<--->Repeater1[0]
REAL
    0.452926 -0.000453713  6.93889e-18     0.399715
-0.000453713    0.0597964    0.0405237  -0.00332005
 6.93889e-18    0.0405237    0.0610687  -0.00419436
    0.399715  -0.00332005  -0.00419436     0.426209
IMAGINARY
           0  -0.00121569 -0.000995523   0.00605607
  0.00121569            0   -0.0118926  -0.00487149
 0.000995523    0.0118926            0    0.0122978
 -0.00605607   0.00487149   -0.0122978            0
EndNode2[0]<--->HoM1[0]
REAL
     0.4489  -0.0035492 -0.00429171    0.403706
 -0.0035492   0.0517464   0.0447478  -0.0189042
-0.00429171   0.0447478   0.0517464  -0.0119147
   0.403706  -0.0189042  -0.0119147    0.447607
IMAGINARY
          0   0.0125432 -0.00462084   0.0285104
 -0.0125432           0  0.00643245  0.00779746
 0.00462084 -0.00643245           0  -0.0144491
 -0.0285104 -0.00779746   0.0144491           0
Repeater1[0]<--->EndNode1[0]
REAL
    0.452926  6.93889e-18 -0.000453713     0.399715
 6.93889e-18    0.0610687    0.0405237  -0.00419436
-0.000453713    0.0405237    0.0597964  -0.00332005
    0.399715  -0.00419436  -0.00332005     0.426209
IMAGINARY
           0 -0.000995523  -0.00121569   0.00605607
 0.000995523            0    0.0118926    0.0122978
  0.00121569   -0.0118926            0  -0.00487149
 -0.00605607   -0.0122978   0.00487149            0
Repeater1[0]<--->HoM1[0]
REAL
     0.4489 -0.00429171  -0.0035492    0.403706
-0.00429171   0.0517464   0.0447478  -0.0119147
 -0.0035492   0.0447478   0.0517464  -0.0189042
   0.403706  -0.0119147  -0.0189042    0.447607
IMAGINARY
          0 -0.00462084   0.0125432   0.0285104
 0.00462084           0 -0.00643245  -0.0144491
 -0.0125432  0.00643245           0  0.00779746
 -0.0285104   0.0144491 -0.00779746           0
EndNode1[0]<--->Repeater1[0]
REAL
    0.43061 -0.00945432 0.000565655    0.403196
-0.00945432   0.0376135   0.0386642 -0.00831759
0.000565655   0.0386642   0.0596628  0.00557836
   0.403196 -0.00831759  0.00557836    0.472114
IMAGINARY
          0  0.00173493   0.0238872  -0.0075736
-0.00173493           0   0.0193229   0.0155217
 -0.0238872  -0.0193229           0  -0.0165133
  0.0075736  -0.0155217   0.0165133           0
EndNode2[0]<--->HoM1[0]
REAL
   0.452471   0.0138166   0.0127402    0.407524
  0.0138166   0.0595691    0.035184  0.00288477
  0.0127402    0.035184   0.0481622 -0.00079581
   0.407524  0.00288477 -0.00079581    0.439797
IMAGINARY
           0   0.00381671  0.000525502   0.00536348
 -0.00381671            0  -0.00601537   -0.0261826
-0.000525502   0.00601537            0 -0.000687797
 -0.00536348    0.0261826  0.000687797            0
Repeater1[0]<--->EndNode1[0]
REAL
    0.43061 0.000565655 -0.00945432    0.403196
0.000565655   0.0596628   0.0386642  0.00557836
-0.00945432   0.0386642   0.0376135 -0.00831759
   0.403196  0.00557836 -0.00831759    0.472114
IMAGINARY
          0   0.0238872  0.00173493  -0.0075736
 -0.0238872           0  -0.0193229  -0.0165133
-0.00173493   0.0193229           0   0.0155217
  0.0075736   0.0165133  -0.0155217           0
Repeater1[0]<--->HoM1[0]
REAL
   0.452471   0.0127402   0.0138166    0.407524
  0.0127402   0.0481622    0.035184 -0.00079581
  0.0138166    0.035184   0.0595691  0.00288477
   0.407524 -0.00079581  0.00288477    0.439797
IMAGINARY
           0  0.000525502   0.00381671   0.00536348
-0.000525502            0   0.00601537 -0.000687797
 -0.00381671  -0.00601537            0   -0.0261826
 -0.00536348  0.000687797    0.0261826            0
EndNode1[0]<--->Repeater1[0]
REAL
   0.445609  -0.0132519 -0.00417962    0.406061
 -0.0132519   0.0563565   0.0251082  0.00158222
-0.00417962   0.0251082   0.0694626  0.00416101
   0.406061  0.00158222  0.00416101    0.428571
IMAGINARY
          0  0.00634822  -0.0106813  0.00338222
-0.00634822           0  -0.0139923  -0.0012235
  0.0106813   0.0139923           0 -0.00237996
-0.00338222   0.0012235  0.00237996           0
EndNode2[0]<--->HoM1[0]
REAL
  0.449294 0.00174358 0.00655284    0.40148
0.00174358   0.042362  0.0439741   0.011629
0.00655284  0.0439741   0.055199 0.00604863
   0.40148   0.011629 0.00604863   0.453145
IMAGINARY
          0   0.0231387  -0.0163662 -0.00489266
 -0.0231387           0  -0.0135248    -0.00399
  0.0163662   0.0135248           0 -0.00023793
 0.00489266     0.00399  0.00023793           0
Repeater1[0]<--->EndNode1[0]
REAL
   0.445609 -0.00417962  -0.0132519    0.406061
-0.00417962   0.0694626   0.0251082  0.00416101
 -0.0132519   0.0251082   0.0563565  0.00158222
   0.406061  0.00416101  0.00158222    0.428571
IMAGINARY
          0  -0.0106813  0.00634822  0.00338222
  0.0106813           0   0.0139923 -0.00237996
-0.00634822  -0.0139923           0  -0.0012235
-0.00338222  0.00237996   0.0012235           0
Repeater1[0]<--->HoM1[0]
REAL
  0.449294 0.00655284 0.00174358    0.40148
0.00655284   0.055199  0.0439741 0.00604863
0.00174358  0.0439741   0.042362   0.011629
   0.40148 0.00604863   0.011629   0.453145
IMAGINARY
          0  -0.0163662   0.0231387 -0.00489266
  0.0163662           0   0.0135248 -0.00023793
 -0.0231387  -0.0135248           0    -0.00399
 0.00489266  0.00023793     0.00399           0
EndNode1[0]<--->Repeater1[0]
REAL
    0.437186    -0.017022 -0.000592078     0.391063
   -0.017022     0.071608    0.0379697   -0.0284402
-0.000592078    0.0379697    0.0414573   0.00218329
    0.391063   -0.0284402   0.00218329     0.449749
IMAGINARY
           0    0.0119218 -0.000795558   0.00418678
  -0.0119218            0    0.0268568   0.00981618
 0.000795558   -0.0268568            0   -0.0132105
 -0.00418678  -0.00981618    0.0132105            0
EndNode2[0]<--->HoM1[0]
REAL
  0.432468 0.00266831 0.00538533   0.396548
0.00266831  0.0597403  0.0395947 0.00930177
0.00538533  0.0395947  0.0701299  0.0145731
  0.396548 0.00930177  0.0145731   0.437662
IMAGINARY
           0   0.00602334  4.32844e-06    0.0150862
 -0.00602334            0  -0.00439435  0.000657923
-4.32844e-06   0.00439435            0   0.00126143
  -0.0150862 -0.000657923  -0.00126143            0
Repeater1[0]<--->EndNode1[0]
REAL
    0.437186 -0.000592078    -0.017022     0.391063
-0.000592078    0.0414573    0.0379697   0.00218329
   -0.017022    0.0379697     0.071608   -0.0284402
    0.391063   0.00218329   -0.0284402     0.449749
IMAGINARY
           0 -0.000795558    0.0119218   0.00418678
 0.000795558            0   -0.0268568   -0.0132105
  -0.0119218    0.0268568            0   0.00981618
 -0.00418678    0.0132105  -0.00981618            0
Repeater1[0]<--->HoM1[0]
REAL
  0.432468 0.00538533 0.00266831   0.396548
0.00538533  0.0701299  0.0395947  0.0145731
0.00266831  0.0395947  0.0597403 0.00930177
  0.396548  0.0145731 0.00930177   0.437662
IMAGINARY
           0  4.32844e-06   0.00602334    0.0150862
-4.32844e-06            0   0.00439435   0.00126143
 -0.00602334  -0.00439435            0  0.000657923
  -0.0150862  -0.00126143 -0.000657923            0
EndNode1[0]<--->Repeater1[0]
REAL
  0.44695 0.0257312 0.0244177   0.40289
0.0257312 0.0424403   0.03276 0.0289929
0.0244177   0.03276  0.061008 0.0251054
  0.40289 0.0289929 0.0251054  0.449602
IMAGINARY
          0 -0.00865746  0.00825627   0.0143626
 0.00865746           0   0.0101407 -0.00825627
-0.00825627  -0.0101407           0  -0.0225114
 -0.0143626  0.00825627   0.0225114           0
EndNode2[0]<--->HoM1[0]
REAL
    0.408647   0.00698007  -0.00362231     0.410839
  0.00698007    0.0683403    0.0334683   0.00857281
 -0.00362231    0.0334683    0.0571827 -0.000791951
    0.410839   0.00857281 -0.000791951      0.46583
IMAGINARY
          0  -0.0133175   0.0190266   0.0166753
  0.0133175           0  -0.0216879   0.0106826
 -0.0190266   0.0216879           0  0.00510001
 -0.0166753  -0.0106826 -0.00510001           0
Repeater1[0]<--->EndNode1[0]
REAL
  0.44695 0.0244177 0.0257312   0.40289
0.0244177  0.061008   0.03276 0.0251054
0.0257312   0.03276 0.0424403 0.0289929
  0.40289 0.0251054 0.0289929  0.449602
IMAGINARY
          0  0.00825627 -0.00865746   0.0143626
-0.00825627           0  -0.0101407  -0.0225114
 0.00865746   0.0101407           0 -0.00825627
 -0.0143626   0.0225114  0.00825627           0
Repeater1[0]<--->HoM1[0]
REAL
    0.408647  -0.00362231   0.00698007     0.410839
 -0.00362231    0.0571827    0.0334683 -0.000791951
  0.00698007    0.0334683    0.0683403   0.00857281
    0.410839 -0.000791951   0.00857281      0.46583
IMAGINARY
          0   0.0190266  -0.0133175   0.0166753
 -0.0190266           0   0.0216879  0.00510001
  0.0133175  -0.0216879           0   0.0106826
 -0.0166753 -0.00510001  -0.0106826           0
EndNode1[0]<--->Repeater1[0]
REAL
   0.452903   0.0171544  -0.0113994    0.399588
  0.0171544   0.0645161   0.0305546   0.0275702
 -0.0113994   0.0305546   0.0606452 -0.00357097
   0.399588   0.0275702 -0.00357097    0.421935
IMAGINARY
          0  -0.0072979 -0.00311685  -0.0126654
  0.0072979           0    0.011987  0.00617683
 0.00311685   -0.011987           0   0.0128059
  0.0126654 -0.00617683  -0.0128059           0
EndNode2[0]<--->HoM1[0]
REAL
   0.454545  0.00791385   0.0123903    0.403564
 0.00791385   0.0614251    0.038902 -0.00280125
  0.0123903    0.038902   0.0565111 -0.00654398
   0.403564 -0.00280125 -0.00654398    0.427518
IMAGINARY
          0   0.0192268   -0.015007   -0.013743
 -0.0192268           0 -0.00409052  0.00874137
   0.015007  0.00409052           0  0.00207643
   0.013743 -0.00874137 -0.00207643           0
Repeater1[0]<--->EndNode1[0]
REAL
   0.452903  -0.0113994   0.0171544    0.399588
 -0.0113994   0.0606452   0.0305546 -0.00357097
  0.0171544   0.0305546   0.0645161   0.0275702
   0.399588 -0.00357097   0.0275702    0.421935
IMAGINARY
          0 -0.00311685  -0.0072979  -0.0126654
 0.00311685           0   -0.011987   0.0128059
  0.0072979    0.011987           0  0.00617683
  0.0126654  -0.0128059 -0.00617683           0
Repeater1[0]<--->HoM1[0]
REAL
   0.454545   0.0123903  0.00791385    0.403564
  0.0123903   0.0565111    0.038902 -0.00654398
 0.00791385    0.038902   0.0614251 -0.00280125
   0.403564 -0.00654398 -0.00280125    0.427518
IMAGINARY
          0   -0.015007   0.0192268   -0.013743
   0.015007           0  0.00409052  0.00207643
 -0.0192268 -0.00409052           0  0.00874137
   0.013743 -0.00207643 -0.00874137           0
EndNode1[0]<--->Repeater1[0]
REAL
   0.425856  0.00532765  -0.0120343    0.396096
 0.00532765   0.0849176   0.0379405 -0.00511608
 -0.0120343   0.0379405   0.0595691  -0.0330321
   0.396096 -0.00511608  -0.0330321    0.429658
IMAGINARY
          0   -0.020388  0.00776691 -0.00258368
   0.020388           0 -0.00767273  0.00712671
-0.00776691  0.00767273           0  0.00549437
 0.00258368 -0.00712671 -0.00549437           0
EndNode2[0]<--->HoM1[0]
REAL
  0.435655  -0.002268  0.0287625   0.402128
 -0.002268  0.0637544  0.0451744 -0.0218616
 0.0287625  0.0451744  0.0649351  0.0141877
  0.402128 -0.0218616  0.0141877   0.435655
IMAGINARY
          0   0.0163468  -0.0198675   0.0064023
 -0.0163468           0 -0.00181515 -0.00596026
  0.0198675  0.00181515           0  0.00418295
 -0.0064023  0.00596026 -0.00418295           0
Repeater1[0]<--->EndNode1[0]
REAL
   0.425856  -0.0120343  0.00532765    0.396096
 -0.0120343   0.0595691   0.0379405  -0.0330321
 0.00532765   0.0379405   0.0849176 -0.00511608
   0.396096  -0.0330321 -0.00511608    0.429658
IMAGINARY
          0  0.00776691   -0.020388 -0.00258368
-0.00776691           0  0.00767273  0.00549437
   0.020388 -0.00767273           0  0.00712671
 0.00258368 -0.00549437 -0.00712671           0
Repeater1[0]<--->HoM1[0]
REAL
  0.435655  0.0287625  -0.002268   0.402128
 0.0287625  0.0649351  0.0451744  0.0141877
 -0.002268  0.0451744  0.0637544 -0.0218616
  0.402128  0.0141877 -0.0218616   0.435655
IMAGINARY
          0  -0.0198675   0.0163468   0.0064023
  0.0198675           0  0.00181515  0.00418295
 -0.0163468 -0.00181515           0 -0.00596026
 -0.0064023 -0.00418295  0.00596026           0
EndNode1[0]<--->Repeater1[0]
REAL
    0.438961  -0.00618407  -0.00501728     0.407911
 -0.00618407    0.0727273    0.0448453   0.00108028
 -0.00501728    0.0448453    0.0571429 -0.000377614
    0.407911   0.00108028 -0.000377614     0.431169
IMAGINARY
           0 -0.000597839    0.0066014  0.000653738
 0.000597839            0    0.0181635  -0.00283256
  -0.0066014   -0.0181635            0   -0.0195027
-0.000653738   0.00283256    0.0195027            0
EndNode2[0]<--->HoM1[0]
REAL
  0.454318 0.00509071 -0.0134066   0.404506
0.00509071   0.048811  0.0513767  0.0147435
-0.0134066  0.0513767  0.0475594 -0.0077645
  0.404506  0.0147435 -0.0077645   0.449312
IMAGINARY
          0  0.00797169   0.0109748   0.0164318
-0.00797169           0   0.0105952 -0.00395055
 -0.0109748  -0.0105952           0  0.00671541
 -0.0164318  0.00395055 -0.00671541           0
Repeater1[0]<--->EndNode1[0]
REAL
    0.438961  -0.00501728  -0.00618407     0.407911
 -0.00501728    0.0571429    0.0448453 -0.000377614
 -0.00618407    0.0448453    0.0727273   0.00108028
    0.407911 -0.000377614   0.00108028     0.431169
IMAGINARY
           0    0.0066014 -0.000597839  0.000653738
  -0.0066014            0   -0.0181635   -0.0195027
 0.000597839    0.0181635            0  -0.00283256
-0.000653738    0.0195027   0.00283256            0
Repeater1[0]<--->HoM1[0]
REAL
  0.454318 -0.0134066 0.00509071   0.404506
-0.0134066  0.0475594  0.0513767 -0.0077645
0.00509071  0.0513767   0.048811  0.0147435
  0.404506 -0.0077645  0.0147435   0.449312
IMAGINARY
          0   0.0109748  0.00797169   0.0164318
 -0.0109748           0  -0.0105952  0.00671541
-0.00797169   0.0105952           0 -0.00395055
 -0.0164318 -0.00671541  0.00395055           0
EndNode1[0]<--->Repeater1[0]
REAL
   0.412965  -0.0135309 -0.00584416    0.396765
 -0.0135309   0.0696279   0.0323585  0.00584416
-0.00584416   0.0323585   0.0696279  -0.0135309
   0.396765  0.00584416  -0.0135309    0.447779
IMAGINARY
          0 -0.00350479   0.0110468   0.0169094
 0.00350479           0  -0.0155581 -0.00126846
 -0.0110468   0.0155581           0 -0.00888113
 -0.0169094  0.00126846  0.00888113           0
EndNode2[0]<--->HoM1[0]
REAL
    0.45108   0.0199791 -0.00509067    0.396973
  0.0199791   0.0622618   0.0292354 -0.00635971
-0.00509067   0.0292354   0.0609911  -0.0136178
   0.396973 -0.00635971  -0.0136178    0.425667
IMAGINARY
          0   -0.019222   0.0222759   0.0039783
   0.019222           0   0.0103074 -0.00682468
 -0.0222759  -0.0103074           0   0.0124235
 -0.0039783  0.00682468  -0.0124235           0
Repeater1[0]<--->EndNode1[0]
REAL
   0.412965 -0.00584416  -0.0135309    0.396765
-0.00584416   0.0696279   0.0323585  -0.0135309
 -0.0135309   0.0323585   0.0696279  0.00584416
   0.396765  -0.0135309  0.00584416    0.447779
IMAGINARY
          0   0.0110468 -0.00350479   0.0169094
 -0.0110468           0   0.0155581 -0.00888113
 0.00350479  -0.0155581           0 -0.00126846
 -0.0169094  0.00888113  0.00126846           0
Repeater1[0]<--->HoM1[0]
REAL
    0.45108 -0.00509067   0.0199791    0.396973
-0.00509067   0.0609911   0.0292354  -0.0136178
  0.0199791   0.0292354   0.0622618 -0.00635971
   0.396973  -0.0136178 -0.00635971    0.425667
IMAGINARY
          0   0.0222759   -0.019222   0.0039783
 -0.0222759           0  -0.0103074   0.0124235
   0.019222   0.0103074           0 -0.00682468
 -0.0039783  -0.0124235  0.00682468           0
EndNode1[0]<--->Repeater1[0]
REAL
    0.468869   0.00535077   -0.0115774     0.399892
  0.00535077    0.0533672    0.0412109    0.0253619
  -0.0115774    0.0412109    0.0711563 -0.000338235
    0.399892    0.0253619 -0.000338235     0.406607
IMAGINARY
          0 -0.00232555 -0.00841184 -0.00348384
 0.00232555           0 -0.00284527 -0.00841184
 0.00841184  0.00284527           0   0.0124198
 0.00348384  0.00841184  -0.0124198           0
EndNode2[0]<--->HoM1[0]
REAL
   0.427854  0.00243696 -0.00531489    0.394757
 0.00243696     0.06399   0.0329998  -0.0155977
-0.00531489   0.0329998    0.055207  -0.0043381
   0.394757  -0.0155977  -0.0043381    0.452949
IMAGINARY
          0 -0.00199671 -0.00159633  -0.0124933
 0.00199671           0 -0.00466043  0.00418031
 0.00159633  0.00466043           0 -0.00704722
  0.0124933 -0.00418031  0.00704722           0
Repeater1[0]<--->EndNode1[0]
REAL
    0.468869   -0.0115774   0.00535077     0.399892
  -0.0115774    0.0711563    0.0412109 -0.000338235
  0.00535077    0.0412109    0.0533672    0.0253619
    0.399892 -0.000338235    0.0253619     0.406607
IMAGINARY
          0 -0.00841184 -0.00232555 -0.00348384
 0.00841184           0  0.00284527   0.0124198
 0.00232555 -0.00284527           0 -0.00841184
 0.00348384  -0.0124198  0.00841184           0
Repeater1[0]<--->HoM1[0]
REAL
   0.427854 -0.00531489  0.00243696    0.394757
-0.00531489    0.055207   0.0329998  -0.0043381
 0.00243696   0.0329998     0.06399  -0.0155977
   0.394757  -0.0043381  -0.0155977    0.452949
IMAGINARY
          0 -0.00159633 -0.00199671  -0.0124933
 0.00159633           0  0.00466043 -0.00704722
 0.00199671 -0.00466043           0  0.00418031
  0.0124933  0.00704722 -0.00418031           0
EndNode1[0]<--->Repeater1[0]
REAL
   0.412137 0.000512981  -0.0174984    0.403135
0.000512981   0.0619469   0.0477281   0.0035542
 -0.0174984   0.0477281   0.0670038  -0.0184413
   0.403135   0.0035542  -0.0184413    0.458913
IMAGINARY
           0   -0.0010887    -0.020051  -0.00693038
   0.0010887            0  0.000742258   0.00729277
    0.020051 -0.000742258            0    0.0029113
  0.00693038  -0.00729277   -0.0029113            0
EndNode2[0]<--->HoM1[0]
REAL
   0.405779   0.0103226  -0.0110368    0.405228
  0.0103226   0.0678392   0.0431591 -0.00509226
 -0.0110368   0.0431591    0.071608  -0.0212903
   0.405228 -0.00509226  -0.0212903    0.454774
IMAGINARY
          0  0.00664479  0.00530925  -0.0057126
-0.00664479           0   0.0205374    0.019595
-0.00530925  -0.0205374           0  -0.0111148
  0.0057126   -0.019595   0.0111148           0
Repeater1[0]<--->EndNode1[0]
REAL
   0.412137  -0.0174984 0.000512981    0.403135
 -0.0174984   0.0670038   0.0477281  -0.0184413
0.000512981   0.0477281   0.0619469   0.0035542
   0.403135  -0.0184413   0.0035542    0.458913
IMAGINARY
           0    -0.020051   -0.0010887  -0.00693038
    0.020051            0 -0.000742258    0.0029113
   0.0010887  0.000742258            0   0.00729277
  0.00693038   -0.0029113  -0.00729277            0
Repeater1[0]<--->HoM1[0]
REAL
   0.405779  -0.0110368   0.0103226    0.405228
 -0.0110368    0.071608   0.0431591  -0.0212903
  0.0103226   0.0431591   0.0678392 -0.00509226
   0.405228  -0.0212903 -0.00509226    0.454774
IMAGINARY
          0  0.00530925  0.00664479  -0.0057126
-0.00530925           0  -0.0205374  -0.0111148
-0.00664479   0.0205374           0    0.019595
  0.0057126   0.0111148   -0.019595           0
EndNode1[0]<--->Repeater1[0]
REAL
  0.435798 0.00424677 0.00487203   0.402233
0.00424677  0.0635538  0.0452731 -0.0298064
0.00487203  0.0452731  0.0609598 -0.0160578
  0.402233 -0.0298064 -0.0160578   0.439689
IMAGINARY
          0  0.00452081  0.00198492  -0.0111036
-0.00452081           0  -0.0130695  -0.0115635
-0.00198492   0.0130695           0  -0.0153765
  0.0111036   0.0115635   0.0153765           0
EndNode2[0]<--->HoM1[0]
REAL
  0.459845  0.0109473  0.0211636    0.40864
 0.0109473  0.0621762  0.0291981 -0.0144069
 0.0211636  0.0291981  0.0556995  0.0012149
   0.40864 -0.0144069  0.0012149    0.42228
IMAGINARY
           0   0.00569464    0.0050473   -0.0259264
 -0.00569464            0   -0.0226669  -0.00631634
  -0.0050473    0.0226669            0 -0.000618495
   0.0259264   0.00631634  0.000618495            0
Repeater1[0]<--->EndNode1[0]
REAL
  0.435798 0.00487203 0.00424677   0.402233
0.00487203  0.0609598  0.0452731 -0.0160578
0.00424677  0.0452731  0.0635538 -0.0298064
  0.402233 -0.0160578 -0.0298064   0.439689
IMAGINARY
          0  0.00198492  0.00452081  -0.0111036
-0.00198492           0   0.0130695  -0.0153765
-0.00452081  -0.0130695           0  -0.0115635
  0.0111036   0.0153765   0.0115635           0
Repeater1[0]<--->HoM1[0]
REAL
  0.459845  0.0211636  0.0109473    0.40864
 0.0211636  0.0556995  0.0291981  0.0012149
 0.0109473  0.0291981  0.0621762 -0.0144069
   0.40864  0.0012149 -0.0144069    0.42228
IMAGINARY
           0    0.0050473   0.00569464   -0.0259264
  -0.0050473            0    0.0226669 -0.000618495
 -0.00569464   -0.0226669            0  -0.00631634
   0.0259264  0.000618495   0.00631634            0
EndNode1[0]<--->Repeater1[0]
REAL
  0.442356  -0.014853 -0.0113756   0.409031
 -0.014853   0.056391  0.0328144 -0.0107483
-0.0113756  0.0328144   0.066416 -0.0123278
  0.409031 -0.0107483 -0.0123278   0.434837
IMAGINARY
           0   -0.0159548   0.00239082    0.0153172
   0.0159548            0   0.00738064 -0.000304593
 -0.00239082  -0.00738064            0    0.0236043
  -0.0153172  0.000304593   -0.0236043            0
EndNode2[0]<--->HoM1[0]
REAL
   0.445409 -0.00692654  -0.0139903    0.406674
-0.00692654   0.0669975   0.0339468    0.011966
 -0.0139903   0.0339468    0.057072   0.0076013
   0.406674    0.011966   0.0076013    0.430521
IMAGINARY
          0 -0.00702419  0.00440115  0.00138901
 0.00702419           0  -0.0126672 -0.00569986
-0.00440115   0.0126672           0  0.00312809
-0.00138901  0.00569986 -0.00312809           0
Repeater1[0]<--->EndNode1[0]
REAL
  0.442356 -0.0113756  -0.014853   0.409031
-0.0113756   0.066416  0.0328144 -0.0123278
 -0.014853  0.0328144   0.056391 -0.0107483
  0.409031 -0.0123278 -0.0107483   0.434837
IMAGINARY
           0   0.00239082   -0.0159548    0.0153172
 -0.00239082            0  -0.00738064    0.0236043
   0.0159548   0.00738064            0 -0.000304593
  -0.0153172   -0.0236043  0.000304593            0
Repeater1[0]<--->HoM1[0]
REAL
   0.445409  -0.0139903 -0.00692654    0.406674
 -0.0139903    0.057072   0.0339468   0.0076013
-0.00692654   0.0339468   0.0669975    0.011966
   0.406674   0.0076013    0.011966    0.430521
IMAGINARY
          0  0.00440115 -0.00702419  0.00138901
-0.00440115           0   0.0126672  0.00312809
 0.00702419  -0.0126672           0 -0.00569986
-0.00138901 -0.00312809  0.00569986           0
EndNode1[0]<--->Repeater1[0]
REAL
  0.441678  0.0141169 0.00175284    0.38636
 0.0141169  0.0484928  0.0388373 0.00874585
0.00175284  0.0388373   0.068152  0.0134421
   0.38636 0.00874585  0.0134421   0.441678
IMAGINARY
          0 -0.00935187   0.0280785  0.00552693
 0.00935187           0 -0.00425142   0.0183001
 -0.0280785  0.00425142           0  -0.0268616
-0.00552693  -0.0183001   0.0268616           0
EndNode2[0]<--->HoM1[0]
REAL
    0.45288   0.0190575  7.8195e-05    0.404728
  0.0190575   0.0536649   0.0454687   0.0149939
 7.8195e-05   0.0454687   0.0458115 -0.00136415
   0.404728   0.0149939 -0.00136415    0.447644
IMAGINARY
          0    0.016209   0.0146406  0.00204342
  -0.016209           0 -0.00906769 -0.00599859
 -0.0146406  0.00906769           0  -0.0199127
-0.00204342  0.00599859   0.0199127           0
Repeater1[0]<--->EndNode1[0]
REAL
  0.441678 0.00175284  0.0141169    0.38636
0.00175284   0.068152  0.0388373  0.0134421
 0.0141169  0.0388373  0.0484928 0.00874585
   0.38636  0.0134421 0.00874585   0.441678
IMAGINARY
          0   0.0280785 -0.00935187  0.00552693
 -0.0280785           0  0.00425142  -0.0268616
 0.00935187 -0.00425142           0   0.0183001
-0.00552693   0.0268616  -0.0183001           0
Repeater1[0]<--->HoM1[0]
REAL
    0.45288  7.8195e-05   0.0190575    0.404728
 7.8195e-05   0.0458115   0.0454687 -0.00136415
  0.0190575   0.0454687   0.0536649   0.0149939
   0.404728 -0.00136415   0.0149939    0.447644
IMAGINARY
          0   0.0146406    0.016209  0.00204342
 -0.0146406           0  0.00906769  -0.0199127
  -0.016209 -0.00906769           0 -0.00599859
-0.00204342   0.0199127  0.00599859           0
EndNode1[0]<--->Repeater1[0]
REAL
 0.472868 0.0186854  0.011074   0.40305
0.0186854 0.0568475 0.0210964 0.0047288
 0.011074 0.0210964 0.0478036 0.0173449
  0.40305 0.0047288 0.0173449  0.422481
IMAGINARY
          0  -0.0106803  0.00616886  0.00929141
  0.0106803           0   0.0155571  -0.0177021
-0.00616886  -0.0155571           0   0.0154293
-0.00929141   0.0177021  -0.0154293           0
EndNode2[0]<--->HoM1[0]
REAL
    0.42801 -0.00863139 -0.00462757    0.413247
-0.00863139   0.0562827   0.0403867   0.0146526
-0.00462757   0.0403867   0.0549738   0.0174033
   0.413247   0.0146526   0.0174033    0.460733
IMAGINARY
          0  0.00222795 -0.00624227   0.0115075
-0.00222795           0  0.00154734   0.0111322
 0.00624227 -0.00154734           0 -0.00467293
 -0.0115075  -0.0111322  0.00467293           0
Repeater1[0]<--->EndNode1[0]
REAL
 0.472868  0.011074 0.0186854   0.40305
 0.011074 0.0478036 0.0210964 0.0173449
0.0186854 0.0210964 0.0568475 0.0047288
  0.40305 0.0173449 0.0047288  0.422481
IMAGINARY
          0  0.00616886  -0.0106803  0.00929141
-0.00616886           0  -0.0155571   0.0154293
  0.0106803   0.0155571           0  -0.0177021
-0.00929141  -0.0154293   0.0177021           0
Repeater1[0]<--->HoM1[0]
REAL
    0.42801 -0.00462757 -0.00863139    0.413247
-0.00462757   0.0549738   0.0403867   0.0174033
-0.00863139   0.0403867   0.0562827   0.0146526
   0.413247   0.0174033   0.0146526    0.460733
IMAGINARY
          0 -0.00624227  0.00222795   0.0115075
 0.00624227           0 -0.00154734 -0.00467293
-0.00222795  0.00154734           0   0.0111322
 -0.0115075  0.00467293  -0.0111322           0
EndNode1[0]<--->Repeater1[0]
REAL
   0.482846 -0.00825867  -0.0225431    0.399453
-0.00825867   0.0635324   0.0440643  0.00264581
 -0.0225431   0.0440643   0.0584498  -0.0193408
   0.399453  0.00264581  -0.0193408    0.395172
IMAGINARY
          0   0.0141394   0.0201157  0.00219285
 -0.0141394           0  0.00540209 -0.00579102
 -0.0201157 -0.00540209           0  -0.0202786
-0.00219285  0.00579102   0.0202786           0
EndNode2[0]<--->HoM1[0]
REAL
   0.453265  0.00469677  0.00497105    0.391985
 0.00469677   0.0448143    0.043538  -0.0122703
