EndNode1[0]<--->Repeater1[0]
REAL
   0.490222 -0.00825477  0.00247417    0.214818
-0.00825477    0.126467 -0.00922186  0.00117547
 0.00247417 -0.00922186    0.134289   0.0240699
   0.214818  0.00117547   0.0240699    0.249022
IMAGINARY
          0 -0.00665614 -0.00644975  0.00235809
 0.00665614           0   0.0233772   0.0100059
 0.00644975  -0.0233772           0  0.00309995
-0.00235809  -0.0100059 -0.00309995           0
EndNode2[0]<--->HoM1[0]
REAL
    0.488947    0.0126871   0.00356506     0.308644
   0.0126871    0.0988296   0.00426796 -0.000271255
  0.00356506   0.00426796    0.0858257  -0.00148816
    0.308644 -0.000271255  -0.00148816     0.326398
IMAGINARY
          0    0.023352  -0.0049926 -0.00811882
  -0.023352           0  -0.0140166   0.0107841
  0.0049926   0.0140166           0  -0.0188475
 0.00811882  -0.0107841   0.0188475           0
Repeater1[0]<--->EndNode1[0]
REAL
   0.490222  0.00247417 -0.00825477    0.214818
 0.00247417    0.134289 -0.00922186   0.0240699
-0.00825477 -0.00922186    0.126467  0.00117547
   0.214818   0.0240699  0.00117547    0.249022
IMAGINARY
          0 -0.00644975 -0.00665614  0.00235809
 0.00644975           0  -0.0233772  0.00309995
 0.00665614   0.0233772           0   0.0100059
-0.00235809 -0.00309995  -0.0100059           0
Repeater1[0]<--->HoM1[0]
REAL
    0.488947   0.00356506    0.0126871     0.308644
  0.00356506    0.0858257   0.00426796  -0.00148816
   0.0126871   0.00426796    0.0988296 -0.000271255
    0.308644  -0.00148816 -0.000271255     0.326398
IMAGINARY
          0  -0.0049926    0.023352 -0.00811882
  0.0049926           0   0.0140166  -0.0188475
  -0.023352  -0.0140166           0   0.0107841
 0.00811882   0.0188475  -0.0107841           0
EndNode1[0]<--->Repeater1[0]
REAL
   0.526248   0.0102089  0.00199819    0.231762
  0.0102089    0.112676   0.0156334 -0.00850861
 0.00199819   0.0156334    0.135723 -0.00369843
   0.231762 -0.00850861 -0.00369843    0.225352
IMAGINARY
          0    0.007778 -0.00257981   0.0462764
  -0.007778           0   0.0098526 -0.00193631
 0.00257981  -0.0098526           0  0.00964135
 -0.0462764  0.00193631 -0.00964135           0
EndNode2[0]<--->HoM1[0]
REAL
   0.525239 -0.00143896  -0.0132733    0.313299
-0.00143896   0.0914052 0.000502937    0.024992
 -0.0132733 0.000502937   0.0682128  0.00664729
   0.313299    0.024992  0.00664729    0.315143
IMAGINARY
          0  -0.0116599 -0.00289385 -0.00342025
  0.0116599           0   0.0120836   0.0206664
 0.00289385  -0.0120836           0  -0.0250699
 0.00342025  -0.0206664   0.0250699           0
Repeater1[0]<--->EndNode1[0]
REAL
   0.526248  0.00199819   0.0102089    0.231762
 0.00199819    0.135723   0.0156334 -0.00369843
  0.0102089   0.0156334    0.112676 -0.00850861
   0.231762 -0.00369843 -0.00850861    0.225352
IMAGINARY
          0 -0.00257981    0.007778   0.0462764
 0.00257981           0  -0.0098526  0.00964135
  -0.007778   0.0098526           0 -0.00193631
 -0.0462764 -0.00964135  0.00193631           0
Repeater1[0]<--->HoM1[0]
REAL
   0.525239  -0.0132733 -0.00143896    0.313299
 -0.0132733   0.0682128 0.000502937  0.00664729
-0.00143896 0.000502937   0.0914052    0.024992
   0.313299  0.00664729    0.024992    0.315143
IMAGINARY
          0 -0.00289385  -0.0116599 -0.00342025
 0.00289385           0  -0.0120836  -0.0250699
  0.0116599   0.0120836           0   0.0206664
 0.00342025   0.0250699  -0.0206664           0
EndNode1[0]<--->Repeater1[0]
REAL
   0.500606  -0.0228257  0.00912126    0.216572
 -0.0228257    0.129697 -0.00300444 -0.00535242
 0.00912126 -0.00300444    0.133333   0.0165443
   0.216572 -0.00535242   0.0165443    0.236364
IMAGINARY
          0  -0.0216754  0.00170645  -0.0105311
  0.0216754           0 -0.00228938  -0.0122885
-0.00170645  0.00228938           0 -0.00742511
  0.0105311   0.0122885  0.00742511           0
EndNode2[0]<--->HoM1[0]
REAL
   0.504528 -0.00577727   0.0163716    0.312709
-0.00577727   0.0918499 0.000288281 -0.00310896
  0.0163716 0.000288281   0.0944373  0.00179849
   0.312709 -0.00310896  0.00179849    0.309185
IMAGINARY
           0    0.0028694  -0.00886459  -0.00543405
  -0.0028694            0 -0.000212121   -0.0095131
  0.00886459  0.000212121            0   -0.0250494
  0.00543405    0.0095131    0.0250494            0
Repeater1[0]<--->EndNode1[0]
REAL
   0.500606  0.00912126  -0.0228257    0.216572
 0.00912126    0.133333 -0.00300444   0.0165443
 -0.0228257 -0.00300444    0.129697 -0.00535242
   0.216572   0.0165443 -0.00535242    0.236364
IMAGINARY
          0  0.00170645  -0.0216754  -0.0105311
-0.00170645           0  0.00228938 -0.00742511
  0.0216754 -0.00228938           0  -0.0122885
  0.0105311  0.00742511   0.0122885           0
Repeater1[0]<--->HoM1[0]
REAL
   0.504528   0.0163716 -0.00577727    0.312709
  0.0163716   0.0944373 0.000288281  0.00179849
-0.00577727 0.000288281   0.0918499 -0.00310896
   0.312709  0.00179849 -0.00310896    0.309185
IMAGINARY
           0  -0.00886459    0.0028694  -0.00543405
  0.00886459            0  0.000212121   -0.0250494
  -0.0028694 -0.000212121            0   -0.0095131
  0.00543405    0.0250494    0.0095131            0
EndNode1[0]<--->Repeater1[0]
REAL
     0.5401   0.0270533  0.00596438    0.229381
  0.0270533   0.0977444 2.77556e-17   0.0120769
 0.00596438 2.77556e-17    0.122807  0.00387451
   0.229381   0.0120769  0.00387451    0.239348
IMAGINARY
          0  0.00905613 -0.00966495  0.00318272
-0.00905613           0  -0.0249219 -0.00966495
 0.00966495   0.0249219           0  0.00511912
-0.00318272  0.00966495 -0.00511912           0
EndNode2[0]<--->HoM1[0]
REAL
    0.502519   -0.0304805  -0.00663907     0.315453
  -0.0304805    0.0780856 -0.000131469   -0.0159327
 -0.00663907 -0.000131469    0.0806045    -0.042707
    0.315453   -0.0159327    -0.042707     0.338791
IMAGINARY
          0  -0.0236798  -0.0109859 -0.00823558
  0.0236798           0 -0.00953092   0.0317651
  0.0109859  0.00953092           0  0.00549795
 0.00823558  -0.0317651 -0.00549795           0
Repeater1[0]<--->EndNode1[0]
REAL
     0.5401  0.00596438   0.0270533    0.229381
 0.00596438    0.122807 2.77556e-17  0.00387451
  0.0270533 2.77556e-17   0.0977444   0.0120769
   0.229381  0.00387451   0.0120769    0.239348
IMAGINARY
          0 -0.00966495  0.00905613  0.00318272
 0.00966495           0   0.0249219  0.00511912
-0.00905613  -0.0249219           0 -0.00966495
-0.00318272 -0.00511912  0.00966495           0
Repeater1[0]<--->HoM1[0]
REAL
    0.502519  -0.00663907   -0.0304805     0.315453
 -0.00663907    0.0806045 -0.000131469    -0.042707
  -0.0304805 -0.000131469    0.0780856   -0.0159327
    0.315453    -0.042707   -0.0159327     0.338791
IMAGINARY
          0  -0.0109859  -0.0236798 -0.00823558
  0.0109859           0  0.00953092  0.00549795
  0.0236798 -0.00953092           0   0.0317651
 0.00823558 -0.00549795  -0.0317651           0
EndNode1[0]<--->Repeater1[0]
REAL
   0.555703   0.0146209   0.0155315     0.23269
  0.0146209    0.114058 -0.00967349   0.0280315
  0.0155315 -0.00967349     0.11008  0.00163393
    0.23269   0.0280315  0.00163393    0.220159
IMAGINARY
          0  0.00808304 -0.00324027 -0.00770671
-0.00808304           0  -0.0135433  -0.0213281
 0.00324027   0.0135433           0   0.0111733
 0.00770671   0.0213281  -0.0111733           0
EndNode2[0]<--->HoM1[0]
REAL
   0.514512 -0.00638927   0.0116041    0.304804
-0.00638927   0.0751979  -0.0167674  0.00204998
  0.0116041  -0.0167674   0.0686016   0.0109406
   0.304804  0.00204998   0.0109406    0.341689
IMAGINARY
          0   0.0234927 -0.00801965 -0.00610647
 -0.0234927           0  0.00935745   0.0033592
 0.00801965 -0.00935745           0  -0.0161692
 0.00610647  -0.0033592   0.0161692           0
Repeater1[0]<--->EndNode1[0]
REAL
   0.555703   0.0155315   0.0146209     0.23269
  0.0155315     0.11008 -0.00967349  0.00163393
  0.0146209 -0.00967349    0.114058   0.0280315
    0.23269  0.00163393   0.0280315    0.220159
IMAGINARY
          0 -0.00324027  0.00808304 -0.00770671
 0.00324027           0   0.0135433   0.0111733
-0.00808304  -0.0135433           0  -0.0213281
 0.00770671  -0.0111733   0.0213281           0
Repeater1[0]<--->HoM1[0]
REAL
   0.514512   0.0116041 -0.00638927    0.304804
  0.0116041   0.0686016  -0.0167674   0.0109406
-0.00638927  -0.0167674   0.0751979  0.00204998
   0.304804   0.0109406  0.00204998    0.341689
IMAGINARY
          0 -0.00801965   0.0234927 -0.00610647
 0.00801965           0 -0.00935745  -0.0161692
 -0.0234927  0.00935745           0   0.0033592
 0.00610647   0.0161692  -0.0033592           0
EndNode1[0]<--->Repeater1[0]
REAL
   0.552737 -0.00655376  0.00556309    0.232058
-0.00655376    0.125501  -0.0233564   0.0114609
 0.00556309  -0.0233564     0.11215  -0.0104702
   0.232058   0.0114609  -0.0104702    0.209613
IMAGINARY
          0 -0.00159526  -0.0104971  -0.0163216
 0.00159526           0 -0.00935076  -0.0117958
  0.0104971  0.00935076           0    0.026436
  0.0163216   0.0117958   -0.026436           0
EndNode2[0]<--->HoM1[0]
REAL
  0.488189  0.0090549  0.0168375   0.338564
 0.0090549  0.0879265  0.0114362 0.00553094
 0.0168375  0.0114362  0.0958005  0.0238398
  0.338564 0.00553094  0.0238398   0.328084
IMAGINARY
           0 -0.000165809     -0.01686   -0.0034316
 0.000165809            0    -0.021444    0.0328174
     0.01686     0.021444            0  -0.00515334
   0.0034316   -0.0328174   0.00515334            0
Repeater1[0]<--->EndNode1[0]
REAL
   0.552737  0.00556309 -0.00655376    0.232058
 0.00556309     0.11215  -0.0233564  -0.0104702
-0.00655376  -0.0233564    0.125501   0.0114609
   0.232058  -0.0104702   0.0114609    0.209613
IMAGINARY
          0  -0.0104971 -0.00159526  -0.0163216
  0.0104971           0  0.00935076    0.026436
 0.00159526 -0.00935076           0  -0.0117958
  0.0163216   -0.026436   0.0117958           0
Repeater1[0]<--->HoM1[0]
REAL
  0.488189  0.0168375  0.0090549   0.338564
 0.0168375  0.0958005  0.0114362  0.0238398
 0.0090549  0.0114362  0.0879265 0.00553094
  0.338564  0.0238398 0.00553094   0.328084
IMAGINARY
           0     -0.01686 -0.000165809   -0.0034316
     0.01686            0     0.021444  -0.00515334
 0.000165809    -0.021444            0    0.0328174
   0.0034316   0.00515334   -0.0328174            0
EndNode1[0]<--->Repeater1[0]
REAL
  0.520305 0.00879849 0.00470779   0.216966
0.00879849   0.120558 0.00770924  0.0225649
0.00470779 0.00770924    0.13198 0.00548723
  0.216966  0.0225649 0.00548723   0.227157
IMAGINARY
          0  -0.0198827  0.00228331  0.00674376
  0.0198827           0  0.00866931  0.00488748
-0.00228331 -0.00866931           0  -0.0198827
-0.00674376 -0.00488748   0.0198827           0
EndNode2[0]<--->HoM1[0]
REAL
    0.513109  6.59641e-05     0.011902     0.313373
 6.59641e-05    0.0861423   0.00744347 -0.000703048
    0.011902   0.00744347    0.0811486  -0.00994739
    0.313373 -0.000703048  -0.00994739       0.3196
IMAGINARY
          0  -0.0076389  0.00555211  0.00268421
  0.0076389           0  0.00531579 -0.00285669
-0.00555211 -0.00531579           0 -0.00583818
-0.00268421  0.00285669  0.00583818           0
Repeater1[0]<--->EndNode1[0]
REAL
  0.520305 0.00470779 0.00879849   0.216966
0.00470779    0.13198 0.00770924 0.00548723
0.00879849 0.00770924   0.120558  0.0225649
  0.216966 0.00548723  0.0225649   0.227157
IMAGINARY
          0  0.00228331  -0.0198827  0.00674376
-0.00228331           0 -0.00866931  -0.0198827
  0.0198827  0.00866931           0  0.00488748
-0.00674376   0.0198827 -0.00488748           0
Repeater1[0]<--->HoM1[0]
REAL
    0.513109     0.011902  6.59641e-05     0.313373
    0.011902    0.0811486   0.00744347  -0.00994739
 6.59641e-05   0.00744347    0.0861423 -0.000703048
    0.313373  -0.00994739 -0.000703048       0.3196
IMAGINARY
          0  0.00555211  -0.0076389  0.00268421
-0.00555211           0 -0.00531579 -0.00583818
  0.0076389  0.00531579           0 -0.00285669
-0.00268421  0.00583818  0.00285669           0
EndNode1[0]<--->Repeater1[0]
REAL
   0.520286  -0.0103152  -0.0141438    0.193424
 -0.0103152    0.120525 -0.00576316  -0.0128485
 -0.0141438 -0.00576316    0.100239   0.0334514
   0.193424  -0.0128485   0.0334514     0.25895
IMAGINARY
          0   0.0260651 -0.00380328   0.0150409
 -0.0260651           0 -0.00730899  -0.0151669
 0.00380328  0.00730899           0 -0.00709488
 -0.0150409   0.0151669  0.00709488           0
EndNode2[0]<--->HoM1[0]
REAL
   0.496124 -0.00567668  0.00924373    0.297152
-0.00567668   0.0813953  -0.0186713  -0.0117754
 0.00924373  -0.0186713   0.0633075 -0.00824737
   0.297152  -0.0117754 -0.00824737    0.359173
IMAGINARY
          0  -0.0140874  0.00517269  -0.0109231
  0.0140874           0  0.00434411  0.00714897
-0.00517269 -0.00434411           0 -0.00342237
  0.0109231 -0.00714897  0.00342237           0
Repeater1[0]<--->EndNode1[0]
REAL
   0.520286  -0.0141438  -0.0103152    0.193424
 -0.0141438    0.100239 -0.00576316   0.0334514
 -0.0103152 -0.00576316    0.120525  -0.0128485
   0.193424   0.0334514  -0.0128485     0.25895
IMAGINARY
          0 -0.00380328   0.0260651   0.0150409
 0.00380328           0  0.00730899 -0.00709488
 -0.0260651 -0.00730899           0  -0.0151669
 -0.0150409  0.00709488   0.0151669           0
Repeater1[0]<--->HoM1[0]
REAL
   0.496124  0.00924373 -0.00567668    0.297152
 0.00924373   0.0633075  -0.0186713 -0.00824737
-0.00567668  -0.0186713   0.0813953  -0.0117754
   0.297152 -0.00824737  -0.0117754    0.359173
IMAGINARY
          0  0.00517269  -0.0140874  -0.0109231
-0.00517269           0 -0.00434411 -0.00342237
  0.0140874  0.00434411           0  0.00714897
  0.0109231  0.00342237 -0.00714897           0
EndNode1[0]<--->Repeater1[0]
REAL
   0.461126   0.0121662  -0.0211442    0.214086
  0.0121662    0.113941  -0.0196798  0.00272675
 -0.0211442  -0.0196798    0.158177 -0.00602704
   0.214086  0.00272675 -0.00602704    0.266756
IMAGINARY
          0 -0.00315136  -0.0118246 -0.00847872
 0.00315136           0 -0.00659666  0.00792849
  0.0118246  0.00659666           0   0.0213332
 0.00847872 -0.00792849  -0.0213332           0
EndNode2[0]<--->HoM1[0]
REAL
   0.523684  -0.0194886 -0.00366454    0.312347
 -0.0194886       0.075 -0.00446564  0.00243302
-0.00366454 -0.00446564   0.0802632 -0.00144736
   0.312347  0.00243302 -0.00144736    0.321053
IMAGINARY
           0  -0.00253495   -0.0148974  0.000563696
  0.00253495            0    0.0238928    0.0117606
   0.0148974   -0.0238928            0  -0.00185652
-0.000563696   -0.0117606   0.00185652            0
Repeater1[0]<--->EndNode1[0]
REAL
   0.461126  -0.0211442   0.0121662    0.214086
 -0.0211442    0.158177  -0.0196798 -0.00602704
  0.0121662  -0.0196798    0.113941  0.00272675
   0.214086 -0.00602704  0.00272675    0.266756
IMAGINARY
          0  -0.0118246 -0.00315136 -0.00847872
  0.0118246           0  0.00659666   0.0213332
 0.00315136 -0.00659666           0  0.00792849
 0.00847872  -0.0213332 -0.00792849           0
Repeater1[0]<--->HoM1[0]
REAL
   0.523684 -0.00366454  -0.0194886    0.312347
-0.00366454   0.0802632 -0.00446564 -0.00144736
 -0.0194886 -0.00446564       0.075  0.00243302
   0.312347 -0.00144736  0.00243302    0.321053
IMAGINARY
           0   -0.0148974  -0.00253495  0.000563696
   0.0148974            0   -0.0238928  -0.00185652
  0.00253495    0.0238928            0    0.0117606
-0.000563696   0.00185652   -0.0117606            0
EndNode1[0]<--->Repeater1[0]
REAL
    0.52075 -0.00274316 -0.00604641    0.202825
-0.00274316    0.128514 -0.00673401 -0.00215031
-0.00604641 -0.00673401    0.116466 -0.00923666
   0.202825 -0.00215031 -0.00923666     0.23427
IMAGINARY
          0   0.0142486  0.00767706 -0.00603944
 -0.0142486           0   0.0332415  -0.0187065
-0.00767706  -0.0332415           0 -0.00689567
 0.00603944   0.0187065  0.00689567           0
EndNode2[0]<--->HoM1[0]
REAL
   0.498141 -0.00126937  0.00149348    0.335718
-0.00126937   0.0892193   0.0036671  -0.0238399
 0.00149348   0.0036671   0.0855019   0.0110459
   0.335718  -0.0238399   0.0110459    0.327138
IMAGINARY
          0 -0.00360134 -0.00906111  0.00621891
 0.00360134           0  0.00124378  -0.0165799
 0.00906111 -0.00124378           0    0.020268
-0.00621891   0.0165799   -0.020268           0
Repeater1[0]<--->EndNode1[0]
REAL
    0.52075 -0.00604641 -0.00274316    0.202825
-0.00604641    0.116466 -0.00673401 -0.00923666
-0.00274316 -0.00673401    0.128514 -0.00215031
   0.202825 -0.00923666 -0.00215031     0.23427
IMAGINARY
          0  0.00767706   0.0142486 -0.00603944
-0.00767706           0  -0.0332415 -0.00689567
 -0.0142486   0.0332415           0  -0.0187065
 0.00603944  0.00689567   0.0187065           0
Repeater1[0]<--->HoM1[0]
REAL
   0.498141  0.00149348 -0.00126937    0.335718
 0.00149348   0.0855019   0.0036671   0.0110459
-0.00126937   0.0036671   0.0892193  -0.0238399
   0.335718   0.0110459  -0.0238399    0.327138
IMAGINARY
          0 -0.00906111 -0.00360134  0.00621891
 0.00906111           0 -0.00124378    0.020268
 0.00360134  0.00124378           0  -0.0165799
-0.00621891   -0.020268   0.0165799           0
EndNode1[0]<--->Repeater1[0]
REAL
   0.520396  -0.0224498  -0.0145212    0.216125
 -0.0224498   0.0988875  -0.0236186 -0.00744266
 -0.0145212  -0.0236186    0.127318 0.000485978
   0.216125 -0.00744266 0.000485978    0.253399
IMAGINARY
          0  0.00436353 -0.00257412 -0.00993789
-0.00436353           0  -0.0118012 -0.00127204
 0.00257412   0.0118012           0  -0.0197481
 0.00993789  0.00127204   0.0197481           0
EndNode2[0]<--->HoM1[0]
REAL
   0.459816 -0.00186255   0.0111361    0.328442
-0.00186255    0.119895 -0.00946611  0.00446941
  0.0111361 -0.00946611    0.083004  0.00623209
   0.328442  0.00446941  0.00623209    0.337286
IMAGINARY
          0  -0.0164027 -0.00553972 -0.00494325
  0.0164027           0  -0.0210308 -0.00426421
 0.00553972   0.0210308           0   0.0183635
 0.00494325  0.00426421  -0.0183635           0
Repeater1[0]<--->EndNode1[0]
REAL
   0.520396  -0.0145212  -0.0224498    0.216125
 -0.0145212    0.127318  -0.0236186 0.000485978
 -0.0224498  -0.0236186   0.0988875 -0.00744266
   0.216125 0.000485978 -0.00744266    0.253399
IMAGINARY
          0 -0.00257412  0.00436353 -0.00993789
 0.00257412           0   0.0118012  -0.0197481
-0.00436353  -0.0118012           0 -0.00127204
 0.00993789   0.0197481  0.00127204           0
Repeater1[0]<--->HoM1[0]
REAL
   0.459816   0.0111361 -0.00186255    0.328442
  0.0111361    0.083004 -0.00946611  0.00623209
-0.00186255 -0.00946611    0.119895  0.00446941
   0.328442  0.00623209  0.00446941    0.337286
IMAGINARY
          0 -0.00553972  -0.0164027 -0.00494325
 0.00553972           0   0.0210308   0.0183635
  0.0164027  -0.0210308           0 -0.00426421
 0.00494325  -0.0183635  0.00426421           0
EndNode1[0]<--->Repeater1[0]
REAL
  0.543179 0.00953957 -0.0136012   0.233221
0.00953957   0.111389 -0.0193039  0.0045806
-0.0136012 -0.0193039   0.132666   0.014945
  0.233221  0.0045806   0.014945   0.212766
IMAGINARY
          0   0.0141575  -0.0071993   0.0146255
 -0.0141575           0 -0.00689351  0.00467405
  0.0071993  0.00689351           0  0.00351923
 -0.0146255 -0.00467405 -0.00351923           0
EndNode2[0]<--->HoM1[0]
REAL
  0.513208 0.00559337 0.00538685   0.336913
0.00559337  0.0679245 0.00158796   0.019161
0.00538685 0.00158796   0.090566  0.0150785
  0.336913   0.019161  0.0150785   0.328302
IMAGINARY
          0 -0.00139062   0.0045741  -0.0143847
 0.00139062           0  0.00803953 -0.00656613
 -0.0045741 -0.00803953           0  0.00338265
  0.0143847  0.00656613 -0.00338265           0
Repeater1[0]<--->EndNode1[0]
REAL
  0.543179 -0.0136012 0.00953957   0.233221
-0.0136012   0.132666 -0.0193039   0.014945
0.00953957 -0.0193039   0.111389  0.0045806
  0.233221   0.014945  0.0045806   0.212766
IMAGINARY
          0  -0.0071993   0.0141575   0.0146255
  0.0071993           0  0.00689351  0.00351923
 -0.0141575 -0.00689351           0  0.00467405
 -0.0146255 -0.00351923 -0.00467405           0
Repeater1[0]<--->HoM1[0]
REAL
  0.513208 0.00538685 0.00559337   0.336913
0.00538685   0.090566 0.00158796  0.0150785
0.00559337 0.00158796  0.0679245   0.019161
  0.336913  0.0150785   0.019161   0.328302
IMAGINARY
          0   0.0045741 -0.00139062  -0.0143847
 -0.0045741           0 -0.00803953  0.00338265
 0.00139062  0.00803953           0 -0.00656613
  0.0143847 -0.00338265  0.00656613           0
EndNode1[0]<--->Repeater1[0]
REAL
  0.510127  0.0111004   0.004409    0.19658
 0.0111004   0.116456 -0.0151081 0.00955039
  0.004409 -0.0151081   0.149367  0.0117422
   0.19658 0.00955039  0.0117422   0.224051
IMAGINARY
           0   -0.0277909  0.000746753   -0.0187553
   0.0277909            0  -0.00968973   0.00574675
-0.000746753   0.00968973            0    0.0135052
   0.0187553  -0.00574675   -0.0135052            0
EndNode2[0]<--->HoM1[0]
REAL
  0.516927 0.00462963 -0.0271585   0.331927
0.00462963   0.078125 0.00669719 0.00467173
-0.0271585 0.00669719   0.078125 -0.0191799
  0.331927 0.00467173 -0.0191799   0.326823
IMAGINARY
          0   0.0170779   -0.004115  0.00224884
 -0.0170779           0  -0.0242062  0.00740015
   0.004115   0.0242062           0  -0.0164209
-0.00224884 -0.00740015   0.0164209           0
Repeater1[0]<--->EndNode1[0]
REAL
  0.510127   0.004409  0.0111004    0.19658
  0.004409   0.149367 -0.0151081  0.0117422
 0.0111004 -0.0151081   0.116456 0.00955039
   0.19658  0.0117422 0.00955039   0.224051
IMAGINARY
           0  0.000746753   -0.0277909   -0.0187553
-0.000746753            0   0.00968973    0.0135052
   0.0277909  -0.00968973            0   0.00574675
   0.0187553   -0.0135052  -0.00574675            0
Repeater1[0]<--->HoM1[0]
REAL
  0.516927 -0.0271585 0.00462963   0.331927
-0.0271585   0.078125 0.00669719 -0.0191799
0.00462963 0.00669719   0.078125 0.00467173
  0.331927 -0.0191799 0.00467173   0.326823
IMAGINARY
          0   -0.004115   0.0170779  0.00224884
   0.004115           0   0.0242062  -0.0164209
 -0.0170779  -0.0242062           0  0.00740015
-0.00224884   0.0164209 -0.00740015           0
EndNode1[0]<--->Repeater1[0]
REAL
   0.505732 -0.00712396  -0.0221239    0.239687
-0.00712396    0.133758  0.00237692   0.0115419
 -0.0221239  0.00237692    0.121019  0.00580121
   0.239687   0.0115419  0.00580121     0.23949
IMAGINARY
          0  0.00947723   -0.015746  0.00311311
-0.00947723           0 -0.00558836  -0.0020205
   0.015746  0.00558836           0  0.00702023
-0.00311311   0.0020205 -0.00702023           0
EndNode2[0]<--->HoM1[0]
REAL
   0.503769  -0.0154089  0.00372929    0.327402
 -0.0154089   0.0967337 -0.00702652 -0.00909122
 0.00372929 -0.00702652   0.0753769  0.00200405
   0.327402 -0.00909122  0.00200405    0.324121
IMAGINARY
           0 -0.000244825    0.0113011   -0.0021315
 0.000244825            0  -0.00462526   -0.0185284
  -0.0113011   0.00462526            0   -0.0135528
   0.0021315    0.0185284    0.0135528            0
Repeater1[0]<--->EndNode1[0]
REAL
   0.505732  -0.0221239 -0.00712396    0.239687
 -0.0221239    0.121019  0.00237692  0.00580121
-0.00712396  0.00237692    0.133758   0.0115419
   0.239687  0.00580121   0.0115419     0.23949
IMAGINARY
          0   -0.015746  0.00947723  0.00311311
   0.015746           0  0.00558836  0.00702023
-0.00947723 -0.00558836           0  -0.0020205
-0.00311311 -0.00702023   0.0020205           0
Repeater1[0]<--->HoM1[0]
REAL
   0.503769  0.00372929  -0.0154089    0.327402
 0.00372929   0.0753769 -0.00702652  0.00200405
 -0.0154089 -0.00702652   0.0967337 -0.00909122
   0.327402  0.00200405 -0.00909122    0.324121
IMAGINARY
           0    0.0113011 -0.000244825   -0.0021315
  -0.0113011            0   0.00462526   -0.0135528
 0.000244825  -0.00462526            0   -0.0185284
   0.0021315    0.0135528    0.0185284            0
EndNode1[0]<--->Repeater1[0]
REAL
   0.515625 -0.00657456 -0.00790936    0.218046
-0.00657456    0.130208 -0.00468699  -0.0160855
-0.00790936 -0.00468699    0.117188  0.00722307
   0.218046  -0.0160855  0.00722307    0.236979
IMAGINARY
           0   -0.0180167    0.0199305   -0.0192354
   0.0180167            0  -0.00294462 -0.000876593
  -0.0199305   0.00294462            0   0.00816128
   0.0192354  0.000876593  -0.00816128            0
EndNode2[0]<--->HoM1[0]
REAL
   0.444737  -0.0010044 0.000343833    0.316172
 -0.0010044    0.101316 -0.00749901  0.00220719
0.000343833 -0.00749901   0.0894737   0.0239636
   0.316172  0.00220719   0.0239636    0.364474
IMAGINARY
          0   0.0184787 -0.00772176   0.0280425
 -0.0184787           0  0.00365223  -0.0236792
 0.00772176 -0.00365223           0 -0.00398597
 -0.0280425   0.0236792  0.00398597           0
Repeater1[0]<--->EndNode1[0]
REAL
   0.515625 -0.00790936 -0.00657456    0.218046
-0.00790936    0.117188 -0.00468699  0.00722307
-0.00657456 -0.00468699    0.130208  -0.0160855
   0.218046  0.00722307  -0.0160855    0.236979
IMAGINARY
           0    0.0199305   -0.0180167   -0.0192354
  -0.0199305            0   0.00294462   0.00816128
   0.0180167  -0.00294462            0 -0.000876593
   0.0192354  -0.00816128  0.000876593            0
Repeater1[0]<--->HoM1[0]
REAL
   0.444737 0.000343833  -0.0010044    0.316172
0.000343833   0.0894737 -0.00749901   0.0239636
 -0.0010044 -0.00749901    0.101316  0.00220719
   0.316172   0.0239636  0.00220719    0.364474
IMAGINARY
          0 -0.00772176   0.0184787   0.0280425
 0.00772176           0 -0.00365223 -0.00398597
 -0.0184787  0.00365223           0  -0.0236792
 -0.0280425  0.00398597   0.0236792           0
EndNode1[0]<--->Repeater1[0]
REAL
   0.510724 -0.00315835 -0.00983627     0.21727
-0.00315835    0.123324 -0.00893633 -0.00226051
-0.00983627 -0.00893633    0.136729 -0.00759434
    0.21727 -0.00226051 -0.00759434    0.229223
IMAGINARY
           0  0.000622222   0.00883852  0.000419862
-0.000622222            0  -0.00963039 -0.000363939
 -0.00883852   0.00963039            0  -0.00127411
-0.000419862  0.000363939   0.00127411            0
EndNode2[0]<--->HoM1[0]
REAL
   0.488918  -0.0160237  -0.0101427    0.324413
 -0.0160237   0.0990874   0.0263719 -0.00818191
 -0.0101427   0.0263719   0.0912647  -0.0153899
   0.324413 -0.00818191  -0.0153899     0.32073
IMAGINARY
          0  0.00720663 -0.00762585  -0.0197836
-0.00720663           0  -0.0139166  0.00334189
 0.00762585   0.0139166           0  -0.0114906
  0.0197836 -0.00334189   0.0114906           0
Repeater1[0]<--->EndNode1[0]
REAL
   0.510724 -0.00983627 -0.00315835     0.21727
-0.00983627    0.136729 -0.00893633 -0.00759434
-0.00315835 -0.00893633    0.123324 -0.00226051
    0.21727 -0.00759434 -0.00226051    0.229223
IMAGINARY
           0   0.00883852  0.000622222  0.000419862
 -0.00883852            0   0.00963039  -0.00127411
-0.000622222  -0.00963039            0 -0.000363939
-0.000419862   0.00127411  0.000363939            0
Repeater1[0]<--->HoM1[0]
REAL
   0.488918  -0.0101427  -0.0160237    0.324413
 -0.0101427   0.0912647   0.0263719  -0.0153899
 -0.0160237   0.0263719   0.0990874 -0.00818191
   0.324413  -0.0153899 -0.00818191     0.32073
IMAGINARY
          0 -0.00762585  0.00720663  -0.0197836
 0.00762585           0   0.0139166  -0.0114906
-0.00720663  -0.0139166           0  0.00334189
  0.0197836   0.0114906 -0.00334189           0
EndNode1[0]<--->Repeater1[0]
REAL
   0.516796    -0.01753 -0.00949627    0.225887
   -0.01753    0.133075   0.0100546  0.00460629
-0.00949627   0.0100546    0.144703  -0.0069199
   0.225887  0.00460629  -0.0069199    0.205426
IMAGINARY
          0 -0.00890759   0.0061965 -0.00252525
 0.00890759           0  0.00252525  0.00936507
 -0.0061965 -0.00252525           0  -0.0201858
 0.00252525 -0.00936507   0.0201858           0
EndNode2[0]<--->HoM1[0]
REAL
    0.50651 -0.00953808  -0.0194456    0.324077
-0.00953808   0.0833333  -0.0145535 -0.00185766
 -0.0194456  -0.0145535   0.0846354  -0.0318153
   0.324077 -0.00185766  -0.0318153    0.325521
IMAGINARY
          0  0.00907194  -0.0218738 -0.00425449
-0.00907194           0  0.00494797  0.00598137
  0.0218738 -0.00494797           0   0.0117105
 0.00425449 -0.00598137  -0.0117105           0
Repeater1[0]<--->EndNode1[0]
REAL
   0.516796 -0.00949627    -0.01753    0.225887
-0.00949627    0.144703   0.0100546  -0.0069199
   -0.01753   0.0100546    0.133075  0.00460629
   0.225887  -0.0069199  0.00460629    0.205426
IMAGINARY
          0   0.0061965 -0.00890759 -0.00252525
 -0.0061965           0 -0.00252525  -0.0201858
 0.00890759  0.00252525           0  0.00936507
 0.00252525   0.0201858 -0.00936507           0
Repeater1[0]<--->HoM1[0]
REAL
    0.50651  -0.0194456 -0.00953808    0.324077
 -0.0194456   0.0846354  -0.0145535  -0.0318153
-0.00953808  -0.0145535   0.0833333 -0.00185766
   0.324077  -0.0318153 -0.00185766    0.325521
IMAGINARY
          0  -0.0218738  0.00907194 -0.00425449
  0.0218738           0 -0.00494797   0.0117105
-0.00907194  0.00494797           0  0.00598137
 0.00425449  -0.0117105 -0.00598137           0
EndNode1[0]<--->Repeater1[0]
REAL
   0.501279   0.0116141 0.000428947    0.228764
  0.0116141    0.121483   0.0013734     0.01053
0.000428947   0.0013734    0.138107  0.00619408
   0.228764     0.01053  0.00619408     0.23913
IMAGINARY
          0 -0.00659224  0.00401582  0.00418271
 0.00659224           0   0.0208494  0.00115214
-0.00401582  -0.0208494           0  0.00271627
-0.00418271 -0.00115214 -0.00271627           0
EndNode2[0]<--->HoM1[0]
REAL
    0.494832    -0.010797   -0.0222003     0.290132
   -0.010797    0.0904393  -0.00858557 -0.000187741
  -0.0222003  -0.00858557    0.0710594  -0.00752048
    0.290132 -0.000187741  -0.00752048     0.343669
IMAGINARY
           0    0.0014905   -0.0173445  0.000746282
  -0.0014905            0  -0.00497163    0.0173445
   0.0173445   0.00497163            0     0.010048
-0.000746282   -0.0173445    -0.010048            0
Repeater1[0]<--->EndNode1[0]
REAL
   0.501279 0.000428947   0.0116141    0.228764
0.000428947    0.138107   0.0013734  0.00619408
  0.0116141   0.0013734    0.121483     0.01053
   0.228764  0.00619408     0.01053     0.23913
IMAGINARY
          0  0.00401582 -0.00659224  0.00418271
-0.00401582           0  -0.0208494  0.00271627
 0.00659224   0.0208494           0  0.00115214
-0.00418271 -0.00271627 -0.00115214           0
Repeater1[0]<--->HoM1[0]
REAL
    0.494832   -0.0222003    -0.010797     0.290132
  -0.0222003    0.0710594  -0.00858557  -0.00752048
   -0.010797  -0.00858557    0.0904393 -0.000187741
    0.290132  -0.00752048 -0.000187741     0.343669
IMAGINARY
           0   -0.0173445    0.0014905  0.000746282
   0.0173445            0   0.00497163     0.010048
  -0.0014905  -0.00497163            0    0.0173445
-0.000746282    -0.010048   -0.0173445            0
EndNode1[0]<--->Repeater1[0]
REAL
   0.555156  -0.0178836   0.0023234     0.22835
 -0.0178836    0.113909   0.0113938 -0.00360545
  0.0023234   0.0113938    0.128297 -0.00519328
    0.22835 -0.00360545 -0.00519328    0.202638
IMAGINARY
          0  0.00739962  -0.0223828 -0.00375359
-0.00739962           0  0.00193541  0.00702898
  0.0223828 -0.00193541           0  0.00528396
 0.00375359 -0.00702898 -0.00528396           0
EndNode2[0]<--->HoM1[0]
REAL
   0.465322    0.012925  -0.0100828    0.316287
   0.012925   0.0769231 0.000802791 6.94666e-05
 -0.0100828 0.000802791   0.0794451  -0.0162628
   0.316287 6.94666e-05  -0.0162628     0.37831
IMAGINARY
           0   -0.0154207   0.00571538 -0.000260239
   0.0154207            0  -0.00219074   -0.0153928
 -0.00571538   0.00219074            0    0.0057433
 0.000260239    0.0153928   -0.0057433            0
Repeater1[0]<--->EndNode1[0]
REAL
   0.555156   0.0023234  -0.0178836     0.22835
  0.0023234    0.128297   0.0113938 -0.00519328
 -0.0178836   0.0113938    0.113909 -0.00360545
    0.22835 -0.00519328 -0.00360545    0.202638
IMAGINARY
          0  -0.0223828  0.00739962 -0.00375359
  0.0223828           0 -0.00193541  0.00528396
-0.00739962  0.00193541           0  0.00702898
 0.00375359 -0.00528396 -0.00702898           0
Repeater1[0]<--->HoM1[0]
REAL
   0.465322  -0.0100828    0.012925    0.316287
 -0.0100828   0.0794451 0.000802791  -0.0162628
   0.012925 0.000802791   0.0769231 6.94666e-05
   0.316287  -0.0162628 6.94666e-05     0.37831
IMAGINARY
           0   0.00571538   -0.0154207 -0.000260239
 -0.00571538            0   0.00219074    0.0057433
   0.0154207  -0.00219074            0   -0.0153928
 0.000260239   -0.0057433    0.0153928            0
