EndNode1[0]<--->Repeater1[0]
REAL
   0.450521 0.000127699  0.00118348    0.107762
0.000127699    0.152344   0.0242079  0.00439273
 0.00118348   0.0242079    0.208333   0.0141226
   0.107762  0.00439273   0.0141226    0.188802
IMAGINARY
           0  0.000628411  -0.00162445   -0.0141283
-0.000628411            0   0.00277987   0.00295071
  0.00162445  -0.00277987            0  -0.00460719
   0.0141283  -0.00295071   0.00460719            0
EndNode2[0]<--->HoM1[0]
REAL
  0.421392  0.0150813 -0.0167346   0.158923
 0.0150813   0.181701  0.0359919 0.00695621
-0.0167346  0.0359919   0.164948 -0.0222521
  0.158923 0.00695621 -0.0222521   0.231959
IMAGINARY
          0  0.00177305 -0.00202939 -0.00707345
-0.00177305           0   0.0311851 -0.00269874
 0.00202939  -0.0311851           0  0.00177305
 0.00707345  0.00269874 -0.00177305           0
Repeater1[0]<--->EndNode1[0]
REAL
   0.450521  0.00118348 0.000127699    0.107762
 0.00118348    0.208333   0.0242079   0.0141226
0.000127699   0.0242079    0.152344  0.00439273
   0.107762   0.0141226  0.00439273    0.188802
IMAGINARY
           0  -0.00162445  0.000628411   -0.0141283
  0.00162445            0  -0.00277987  -0.00460719
-0.000628411   0.00277987            0   0.00295071
   0.0141283   0.00460719  -0.00295071            0
Repeater1[0]<--->HoM1[0]
REAL
  0.421392 -0.0167346  0.0150813   0.158923
-0.0167346   0.164948  0.0359919 -0.0222521
 0.0150813  0.0359919   0.181701 0.00695621
  0.158923 -0.0222521 0.00695621   0.231959
IMAGINARY
          0 -0.00202939  0.00177305 -0.00707345
 0.00202939           0  -0.0311851  0.00177305
-0.00177305   0.0311851           0 -0.00269874
 0.00707345 -0.00177305  0.00269874           0
EndNode1[0]<--->Repeater1[0]
REAL
   0.414698  -0.0128954 -0.00399847   0.0877455
 -0.0128954    0.146982   0.0141962  0.00521206
-0.00399847   0.0141962    0.225722   -0.024726
  0.0877455  0.00521206   -0.024726    0.212598
IMAGINARY
          0   0.0168931 -0.00743127   0.0164415
 -0.0168931           0  -0.0227229  -0.0080883
 0.00743127   0.0227229           0 -0.00407259
 -0.0164415   0.0080883  0.00407259           0
EndNode2[0]<--->HoM1[0]
REAL
 0.388817 0.0180215 0.0112595    0.1237
0.0180215  0.182055 0.0477102 0.0359591
0.0112595 0.0477102  0.183355 0.0110858
   0.1237 0.0359591 0.0110858  0.245774
IMAGINARY
          0  0.00988332 -0.00143804 -0.00843133
-0.00988332           0 -0.00316818  -0.0132491
 0.00143804  0.00316818           0  0.00735806
 0.00843133   0.0132491 -0.00735806           0
Repeater1[0]<--->EndNode1[0]
REAL
   0.414698 -0.00399847  -0.0128954   0.0877455
-0.00399847    0.225722   0.0141962   -0.024726
 -0.0128954   0.0141962    0.146982  0.00521206
  0.0877455   -0.024726  0.00521206    0.212598
IMAGINARY
          0 -0.00743127   0.0168931   0.0164415
 0.00743127           0   0.0227229 -0.00407259
 -0.0168931  -0.0227229           0  -0.0080883
 -0.0164415  0.00407259   0.0080883           0
Repeater1[0]<--->HoM1[0]
REAL
 0.388817 0.0112595 0.0180215    0.1237
0.0112595  0.183355 0.0477102 0.0110858
0.0180215 0.0477102  0.182055 0.0359591
   0.1237 0.0110858 0.0359591  0.245774
IMAGINARY
          0 -0.00143804  0.00988332 -0.00843133
 0.00143804           0  0.00316818  0.00735806
-0.00988332 -0.00316818           0  -0.0132491
 0.00843133 -0.00735806   0.0132491           0
EndNode1[0]<--->Repeater1[0]
REAL
   0.437582  0.00648745 -0.00727331    0.101378
 0.00648745    0.178712   0.0263781   0.0144069
-0.00727331   0.0263781    0.173456 -0.00324491
   0.101378   0.0144069 -0.00324491     0.21025
IMAGINARY
           0   0.00536928    -0.013268  -0.00447702
 -0.00536928            0    0.0107902 -0.000481999
    0.013268   -0.0107902            0  -0.00161928
  0.00447702  0.000481999   0.00161928            0
EndNode2[0]<--->HoM1[0]
REAL
   0.402062   0.0115163 -0.00635234    0.118509
  0.0115163    0.173969   0.0341096   0.0197623
-0.00635234   0.0341096    0.194588  -0.0057692
   0.118509   0.0197623  -0.0057692    0.229381
IMAGINARY
          0   0.0101525   0.0101127  -0.0104522
 -0.0101525           0  -0.0157292   0.0192991
 -0.0101127   0.0157292           0 -0.00503739
  0.0104522  -0.0192991  0.00503739           0
Repeater1[0]<--->EndNode1[0]
REAL
   0.437582 -0.00727331  0.00648745    0.101378
-0.00727331    0.173456   0.0263781 -0.00324491
 0.00648745   0.0263781    0.178712   0.0144069
   0.101378 -0.00324491   0.0144069     0.21025
IMAGINARY
           0    -0.013268   0.00536928  -0.00447702
    0.013268            0   -0.0107902  -0.00161928
 -0.00536928    0.0107902            0 -0.000481999
  0.00447702   0.00161928  0.000481999            0
Repeater1[0]<--->HoM1[0]
REAL
   0.402062 -0.00635234   0.0115163    0.118509
-0.00635234    0.194588   0.0341096  -0.0057692
  0.0115163   0.0341096    0.173969   0.0197623
   0.118509  -0.0057692   0.0197623    0.229381
IMAGINARY
          0   0.0101127   0.0101525  -0.0104522
 -0.0101127           0   0.0157292 -0.00503739
 -0.0101525  -0.0157292           0   0.0192991
  0.0104522  0.00503739  -0.0192991           0
EndNode1[0]<--->Repeater1[0]
REAL
   0.441138   0.0109069   0.0199736    0.105779
  0.0109069     0.14489   0.0190579 -0.00755525
  0.0199736   0.0190579     0.22251 -0.00502451
   0.105779 -0.00755525 -0.00502451    0.191462
IMAGINARY
          0   0.0168835  -0.0328844  -0.0167491
 -0.0168835           0  0.00903704  0.00442907
  0.0328844 -0.00903704           0   0.0102168
  0.0167491 -0.00442907  -0.0102168           0
EndNode2[0]<--->HoM1[0]
REAL
  0.412821 0.00635833  0.0116845   0.127262
0.00635833   0.189744  0.0203567 0.00974404
 0.0116845  0.0203567   0.160256 0.00316548
  0.127262 0.00974404 0.00316548   0.237179
IMAGINARY
          0  0.00138815   0.0010442   0.0122108
-0.00138815           0  -0.0122108   0.0155561
 -0.0010442   0.0122108           0  0.00591597
 -0.0122108  -0.0155561 -0.00591597           0
Repeater1[0]<--->EndNode1[0]
REAL
   0.441138   0.0199736   0.0109069    0.105779
  0.0199736     0.22251   0.0190579 -0.00502451
  0.0109069   0.0190579     0.14489 -0.00755525
   0.105779 -0.00502451 -0.00755525    0.191462
IMAGINARY
          0  -0.0328844   0.0168835  -0.0167491
  0.0328844           0 -0.00903704   0.0102168
 -0.0168835  0.00903704           0  0.00442907
  0.0167491  -0.0102168 -0.00442907           0
Repeater1[0]<--->HoM1[0]
REAL
  0.412821  0.0116845 0.00635833   0.127262
 0.0116845   0.160256  0.0203567 0.00316548
0.00635833  0.0203567   0.189744 0.00974404
  0.127262 0.00316548 0.00974404   0.237179
IMAGINARY
          0   0.0010442  0.00138815   0.0122108
 -0.0010442           0   0.0122108  0.00591597
-0.00138815  -0.0122108           0   0.0155561
 -0.0122108 -0.00591597  -0.0155561           0
EndNode1[0]<--->Repeater1[0]
REAL
   0.416244 -0.00357089   0.0039618    0.120965
-0.00357089    0.172589  0.00925632  -0.0162468
  0.0039618  0.00925632    0.241117  0.00234239
   0.120965  -0.0162468  0.00234239    0.170051
IMAGINARY
           0    0.0158315   -0.0141886  0.000219053
  -0.0158315            0   0.00630836   -0.0306143
   0.0141886  -0.00630836            0   0.00866072
-0.000219053    0.0306143  -0.00866072            0
EndNode2[0]<--->HoM1[0]
REAL
  0.402532 0.00349913  0.0186003   0.102994
0.00349913   0.182278  0.0135474 0.00144986
 0.0186003  0.0135474   0.167089  0.0265761
  0.102994 0.00144986  0.0265761   0.248101
IMAGINARY
           0   -0.0016071    0.0104922   -0.0115517
   0.0016071            0 -0.000612191  -0.00856169
  -0.0104922  0.000612191            0  0.000963597
   0.0115517   0.00856169 -0.000963597            0
Repeater1[0]<--->EndNode1[0]
REAL
   0.416244   0.0039618 -0.00357089    0.120965
  0.0039618    0.241117  0.00925632  0.00234239
-0.00357089  0.00925632    0.172589  -0.0162468
   0.120965  0.00234239  -0.0162468    0.170051
IMAGINARY
           0   -0.0141886    0.0158315  0.000219053
   0.0141886            0  -0.00630836   0.00866072
  -0.0158315   0.00630836            0   -0.0306143
-0.000219053  -0.00866072    0.0306143            0
Repeater1[0]<--->HoM1[0]
REAL
  0.402532  0.0186003 0.00349913   0.102994
 0.0186003   0.167089  0.0135474  0.0265761
0.00349913  0.0135474   0.182278 0.00144986
  0.102994  0.0265761 0.00144986   0.248101
IMAGINARY
           0    0.0104922   -0.0016071   -0.0115517
  -0.0104922            0  0.000612191  0.000963597
   0.0016071 -0.000612191            0  -0.00856169
   0.0115517 -0.000963597   0.00856169            0
