EndNode1[0]<--->Repeater1[0]
REAL
   0.251572 -0.00664871 -0.00748056   0.0852751
-0.00664871    0.226415   0.0374958  -0.0151532
-0.00748056   0.0374958    0.231447  -0.0283307
  0.0852751  -0.0151532  -0.0283307    0.290566
IMAGINARY
           0   0.00567055  -0.00399271 -0.000976177
 -0.00567055            0    0.0135257   0.00197387
  0.00399271   -0.0135257            0   0.00442366
 0.000976177  -0.00197387  -0.00442366            0
EndNode2[0]<--->HoM1[0]
REAL
   0.285906 -0.00194165 -0.00115147   0.0775344
-0.00194165    0.236242   0.0457785   0.0128079
-0.00115147   0.0457785    0.202685  -0.0072608
  0.0775344   0.0128079  -0.0072608    0.275168
IMAGINARY
          0 -0.00820438 -0.00617098  -0.0150256
 0.00820438           0  -0.0023597   -0.010641
 0.00617098   0.0023597           0   0.0100724
  0.0150256    0.010641  -0.0100724           0
Repeater1[0]<--->EndNode1[0]
REAL
   0.251572 -0.00748056 -0.00664871   0.0852751
-0.00748056    0.231447   0.0374958  -0.0283307
-0.00664871   0.0374958    0.226415  -0.0151532
  0.0852751  -0.0283307  -0.0151532    0.290566
IMAGINARY
           0  -0.00399271   0.00567055 -0.000976177
  0.00399271            0   -0.0135257   0.00442366
 -0.00567055    0.0135257            0   0.00197387
 0.000976177  -0.00442366  -0.00197387            0
Repeater1[0]<--->HoM1[0]
REAL
   0.285906 -0.00115147 -0.00194165   0.0775344
-0.00115147    0.202685   0.0457785  -0.0072608
-0.00194165   0.0457785    0.236242   0.0128079
  0.0775344  -0.0072608   0.0128079    0.275168
IMAGINARY
          0 -0.00617098 -0.00820438  -0.0150256
 0.00617098           0   0.0023597   0.0100724
 0.00820438  -0.0023597           0   -0.010641
  0.0150256  -0.0100724    0.010641           0
EndNode1[0]<--->Repeater1[0]
REAL
   0.261446  0.00373797  -0.0230732   0.0794794
 0.00373797     0.23494   0.0186262  0.00345204
 -0.0230732   0.0186262    0.259036 -0.00576774
  0.0794794  0.00345204 -0.00576774    0.244578
IMAGINARY
          0   0.0102393  -0.0124931 -0.00465996
 -0.0102393           0  -0.0119641  0.00182815
  0.0124931   0.0119641           0  0.00293514
 0.00465996 -0.00182815 -0.00293514           0
EndNode2[0]<--->HoM1[0]
REAL
    0.268354    -0.028246 -0.000959436    0.0719208
   -0.028246     0.208861    0.0125773   -0.0111117
-0.000959436    0.0125773     0.227848   0.00728031
   0.0719208   -0.0111117   0.00728031     0.294937
IMAGINARY
           0  0.000519854  9.54126e-06   -0.0041782
-0.000519854            0    0.0167095   0.00756622
-9.54126e-06   -0.0167095            0  -0.00430773
   0.0041782  -0.00756622   0.00430773            0
Repeater1[0]<--->EndNode1[0]
REAL
   0.261446  -0.0230732  0.00373797   0.0794794
 -0.0230732    0.259036   0.0186262 -0.00576774
 0.00373797   0.0186262     0.23494  0.00345204
  0.0794794 -0.00576774  0.00345204    0.244578
IMAGINARY
          0  -0.0124931   0.0102393 -0.00465996
  0.0124931           0   0.0119641  0.00293514
 -0.0102393  -0.0119641           0  0.00182815
 0.00465996 -0.00293514 -0.00182815           0
Repeater1[0]<--->HoM1[0]
REAL
    0.268354 -0.000959436    -0.028246    0.0719208
-0.000959436     0.227848    0.0125773   0.00728031
   -0.028246    0.0125773     0.208861   -0.0111117
   0.0719208   0.00728031   -0.0111117     0.294937
IMAGINARY
           0  9.54126e-06  0.000519854   -0.0041782
-9.54126e-06            0   -0.0167095  -0.00430773
-0.000519854    0.0167095            0   0.00756622
   0.0041782   0.00430773  -0.00756622            0
EndNode1[0]<--->Repeater1[0]
REAL
   0.253117 -0.00488222  0.00291398   0.0923797
-0.00488222    0.256858   0.0429144  -0.0114107
 0.00291398   0.0429144    0.205736   0.0186077
  0.0923797  -0.0114107   0.0186077    0.284289
IMAGINARY
          0  -0.0114892  0.00507737  0.00885783
  0.0114892           0    0.004163  0.00695472
-0.00507737   -0.004163           0  0.00881539
-0.00885783 -0.00695472 -0.00881539           0
EndNode2[0]<--->HoM1[0]
REAL
  0.274301 -0.0129933 -0.0134961  0.0910743
-0.0129933   0.225033  0.0363767 0.00761371
-0.0134961  0.0363767   0.249001 0.00580372
 0.0910743 0.00761371 0.00580372   0.251664
IMAGINARY
           0    0.0233909  0.000482194    0.0101287
  -0.0233909            0  0.000352176   -0.0075607
-0.000482194 -0.000352176            0   0.00170564
  -0.0101287    0.0075607  -0.00170564            0
Repeater1[0]<--->EndNode1[0]
REAL
   0.253117  0.00291398 -0.00488222   0.0923797
 0.00291398    0.205736   0.0429144   0.0186077
-0.00488222   0.0429144    0.256858  -0.0114107
  0.0923797   0.0186077  -0.0114107    0.284289
IMAGINARY
          0  0.00507737  -0.0114892  0.00885783
-0.00507737           0   -0.004163  0.00881539
  0.0114892    0.004163           0  0.00695472
-0.00885783 -0.00881539 -0.00695472           0
Repeater1[0]<--->HoM1[0]
REAL
  0.274301 -0.0134961 -0.0129933  0.0910743
-0.0134961   0.249001  0.0363767 0.00580372
-0.0129933  0.0363767   0.225033 0.00761371
 0.0910743 0.00580372 0.00761371   0.251664
IMAGINARY
           0  0.000482194    0.0233909    0.0101287
-0.000482194            0 -0.000352176   0.00170564
  -0.0233909  0.000352176            0   -0.0075607
  -0.0101287  -0.00170564    0.0075607            0
EndNode1[0]<--->Repeater1[0]
REAL
   0.263158   0.0125474 -0.00011933   0.0697186
  0.0125474    0.232895  0.00950914 -0.00320956
-0.00011933  0.00950914    0.238158  -0.0212026
  0.0697186 -0.00320956  -0.0212026    0.265789
IMAGINARY
           0   -0.0070383    -0.015292  -0.00445098
   0.0070383            0   0.00580233 -0.000414852
    0.015292  -0.00580233            0    0.0175095
  0.00445098  0.000414852   -0.0175095            0
EndNode2[0]<--->HoM1[0]
REAL
   0.285166   0.0145795 -0.00573788   0.0769683
  0.0145795     0.19821   0.0382183   0.0141034
-0.00573788   0.0382183    0.232737    0.005369
  0.0769683   0.0141034    0.005369    0.283887
IMAGINARY
          0 -0.00560616  -0.0099355  0.00439554
 0.00560616           0   0.0122489  -0.0025645
  0.0099355  -0.0122489           0  -0.0131438
-0.00439554   0.0025645   0.0131438           0
Repeater1[0]<--->EndNode1[0]
REAL
   0.263158 -0.00011933   0.0125474   0.0697186
-0.00011933    0.238158  0.00950914  -0.0212026
  0.0125474  0.00950914    0.232895 -0.00320956
  0.0697186  -0.0212026 -0.00320956    0.265789
IMAGINARY
           0    -0.015292   -0.0070383  -0.00445098
    0.015292            0  -0.00580233    0.0175095
   0.0070383   0.00580233            0 -0.000414852
  0.00445098   -0.0175095  0.000414852            0
Repeater1[0]<--->HoM1[0]
REAL
   0.285166 -0.00573788   0.0145795   0.0769683
-0.00573788    0.232737   0.0382183    0.005369
  0.0145795   0.0382183     0.19821   0.0141034
  0.0769683    0.005369   0.0141034    0.283887
IMAGINARY
          0  -0.0099355 -0.00560616  0.00439554
  0.0099355           0  -0.0122489  -0.0131438
 0.00560616   0.0122489           0  -0.0025645
-0.00439554   0.0131438   0.0025645           0
EndNode1[0]<--->Repeater1[0]
REAL
  0.277154  0.0116327 0.00969064  0.0926566
 0.0116327   0.258427  0.0415847 0.00652207
0.00969064  0.0415847   0.204744 0.00717407
 0.0926566 0.00652207 0.00717407   0.259675
IMAGINARY
           0  0.000322442   -0.0214196   0.00291235
-0.000322442            0  -0.00422125   0.00439563
   0.0214196   0.00422125            0  -0.00347503
 -0.00291235  -0.00439563   0.00347503            0
EndNode2[0]<--->HoM1[0]
REAL
   0.266078   -0.015157 -0.00597849   0.0799514
  -0.015157    0.244641   0.0172882  -0.0046865
-0.00597849   0.0172882    0.229508  -0.0118192
  0.0799514  -0.0046865  -0.0118192    0.259773
IMAGINARY
           0  0.000385039   -0.0077718  -0.00714521
-0.000385039            0   -0.0195215   -0.0274762
   0.0077718    0.0195215            0  -0.00560697
  0.00714521    0.0274762   0.00560697            0
Repeater1[0]<--->EndNode1[0]
REAL
  0.277154 0.00969064  0.0116327  0.0926566
0.00969064   0.204744  0.0415847 0.00717407
 0.0116327  0.0415847   0.258427 0.00652207
 0.0926566 0.00717407 0.00652207   0.259675
IMAGINARY
           0   -0.0214196  0.000322442   0.00291235
   0.0214196            0   0.00422125  -0.00347503
-0.000322442  -0.00422125            0   0.00439563
 -0.00291235   0.00347503  -0.00439563            0
Repeater1[0]<--->HoM1[0]
REAL
   0.266078 -0.00597849   -0.015157   0.0799514
-0.00597849    0.229508   0.0172882  -0.0118192
  -0.015157   0.0172882    0.244641  -0.0046865
  0.0799514  -0.0118192  -0.0046865    0.259773
IMAGINARY
           0   -0.0077718  0.000385039  -0.00714521
   0.0077718            0    0.0195215  -0.00560697
-0.000385039   -0.0195215            0   -0.0274762
  0.00714521   0.00560697    0.0274762            0
EndNode1[0]<--->Repeater1[0]
REAL
    0.290576 -0.000628141  -0.00855119    0.0638121
-0.000628141     0.222513     0.047997  -0.00401163
 -0.00855119     0.047997     0.232984   0.00942211
   0.0638121  -0.00401163   0.00942211     0.253927
IMAGINARY
          0  -0.0075222 -0.00656444  -0.0137383
  0.0075222           0  0.00368801   0.0102141
 0.00656444 -0.00368801           0    0.016038
  0.0137383  -0.0102141   -0.016038           0
EndNode2[0]<--->HoM1[0]
REAL
   0.26511  0.0173923 0.00718362  0.0985856
 0.0173923   0.240385  0.0129433  0.0103602
0.00718362  0.0129433   0.223901 0.00516407
 0.0985856  0.0103602 0.00516407   0.270604
IMAGINARY
           0    -0.023944 -0.000896362  -0.00548715
    0.023944            0    0.0155005  -0.00540087
 0.000896362   -0.0155005            0  -0.00628266
  0.00548715   0.00540087   0.00628266            0
Repeater1[0]<--->EndNode1[0]
REAL
    0.290576  -0.00855119 -0.000628141    0.0638121
 -0.00855119     0.232984     0.047997   0.00942211
-0.000628141     0.047997     0.222513  -0.00401163
   0.0638121   0.00942211  -0.00401163     0.253927
IMAGINARY
          0 -0.00656444  -0.0075222  -0.0137383
 0.00656444           0 -0.00368801    0.016038
  0.0075222  0.00368801           0   0.0102141
  0.0137383   -0.016038  -0.0102141           0
Repeater1[0]<--->HoM1[0]
REAL
   0.26511 0.00718362  0.0173923  0.0985856
0.00718362   0.223901  0.0129433 0.00516407
 0.0173923  0.0129433   0.240385  0.0103602
 0.0985856 0.00516407  0.0103602   0.270604
IMAGINARY
           0 -0.000896362    -0.023944  -0.00548715
 0.000896362            0   -0.0155005  -0.00628266
    0.023944    0.0155005            0  -0.00540087
  0.00548715   0.00628266   0.00540087            0
EndNode1[0]<--->Repeater1[0]
REAL
   0.28875  0.0100421 0.00111032  0.0715215
 0.0100421     0.2225   0.029803  0.0141215
0.00111032   0.029803     0.2275 -0.0252739
 0.0715215  0.0141215 -0.0252739    0.26125
IMAGINARY
          0   0.0117096  -0.0174732 -0.00426017
 -0.0117096           0  -0.0206089  0.00190661
  0.0174732   0.0206089           0  -0.0160682
 0.00426017 -0.00190661   0.0160682           0
EndNode2[0]<--->HoM1[0]
REAL
  0.298292 0.00427704  0.0220454  0.0927941
0.00427704   0.215506  0.0593798   0.015039
 0.0220454  0.0593798    0.22339 -0.0388039
 0.0927941   0.015039 -0.0388039   0.262812
IMAGINARY
          0 -0.00594651  0.00311846   -0.023675
 0.00594651           0 -0.00785655   0.0120699
-0.00311846  0.00785655           0  -0.0141021
   0.023675  -0.0120699   0.0141021           0
Repeater1[0]<--->EndNode1[0]
REAL
   0.28875 0.00111032  0.0100421  0.0715215
0.00111032     0.2275   0.029803 -0.0252739
 0.0100421   0.029803     0.2225  0.0141215
 0.0715215 -0.0252739  0.0141215    0.26125
IMAGINARY
          0  -0.0174732   0.0117096 -0.00426017
  0.0174732           0   0.0206089  -0.0160682
 -0.0117096  -0.0206089           0  0.00190661
 0.00426017   0.0160682 -0.00190661           0
Repeater1[0]<--->HoM1[0]
REAL
  0.298292  0.0220454 0.00427704  0.0927941
 0.0220454    0.22339  0.0593798 -0.0388039
0.00427704  0.0593798   0.215506   0.015039
 0.0927941 -0.0388039   0.015039   0.262812
IMAGINARY
          0  0.00311846 -0.00594651   -0.023675
-0.00311846           0  0.00785655  -0.0141021
 0.00594651 -0.00785655           0   0.0120699
   0.023675   0.0141021  -0.0120699           0
EndNode1[0]<--->Repeater1[0]
REAL
   0.261039   0.0111702 -0.00834824   0.0843367
  0.0111702    0.225974   0.0200322  0.00349387
-0.00834824   0.0200322    0.238961   0.0155288
  0.0843367  0.00349387   0.0155288    0.274026
IMAGINARY
          0  -0.0309635  -0.0143998  0.00955133
  0.0309635           0 -0.00462869 -0.00528523
  0.0143998  0.00462869           0  -0.0202176
-0.00955133  0.00528523   0.0202176           0
EndNode2[0]<--->HoM1[0]
REAL
      0.25 0.00660723  0.0134487  0.0542733
0.00660723   0.257463  0.0454572  0.0148532
 0.0134487  0.0454572   0.243781 0.00147902
 0.0542733  0.0148532 0.00147902   0.248756
IMAGINARY
          0  0.00443191  -0.0182744  -0.0149255
-0.00443191           0  -0.0155544   -0.019509
  0.0182744   0.0155544           0  -0.0145075
  0.0149255    0.019509   0.0145075           0
Repeater1[0]<--->EndNode1[0]
REAL
   0.261039 -0.00834824   0.0111702   0.0843367
-0.00834824    0.238961   0.0200322   0.0155288
  0.0111702   0.0200322    0.225974  0.00349387
  0.0843367   0.0155288  0.00349387    0.274026
IMAGINARY
          0  -0.0143998  -0.0309635  0.00955133
  0.0143998           0  0.00462869  -0.0202176
  0.0309635 -0.00462869           0 -0.00528523
-0.00955133   0.0202176  0.00528523           0
Repeater1[0]<--->HoM1[0]
REAL
      0.25  0.0134487 0.00660723  0.0542733
 0.0134487   0.243781  0.0454572 0.00147902
0.00660723  0.0454572   0.257463  0.0148532
 0.0542733 0.00147902  0.0148532   0.248756
IMAGINARY
          0  -0.0182744  0.00443191  -0.0149255
  0.0182744           0   0.0155544  -0.0145075
-0.00443191  -0.0155544           0   -0.019509
  0.0149255   0.0145075    0.019509           0
EndNode1[0]<--->Repeater1[0]
REAL
   0.243346 -0.00313613  -0.0204674   0.0483412
-0.00313613    0.247148   0.0496232  0.00138347
 -0.0204674   0.0496232    0.245881  0.00186387
  0.0483412  0.00138347  0.00186387    0.263625
IMAGINARY
          0  0.00642608 -0.00628012  -0.0105026
-0.00642608           0   0.0124331  0.00499807
 0.00628012  -0.0124331           0 -0.00386198
  0.0105026 -0.00499807  0.00386198           0
EndNode2[0]<--->HoM1[0]
REAL
   0.271754 -0.00792083  -0.0131773   0.0999282
-0.00792083    0.230254    0.049008 -0.00410994
 -0.0131773    0.049008    0.253012  0.00659104
  0.0999282 -0.00410994  0.00659104     0.24498
IMAGINARY
          0  -0.0264132  0.00109198  0.00362319
  0.0264132           0 -0.00362319  0.00688348
-0.00109198  0.00362319           0 -0.00855609
-0.00362319 -0.00688348  0.00855609           0
Repeater1[0]<--->EndNode1[0]
REAL
   0.243346  -0.0204674 -0.00313613   0.0483412
 -0.0204674    0.245881   0.0496232  0.00186387
-0.00313613   0.0496232    0.247148  0.00138347
  0.0483412  0.00186387  0.00138347    0.263625
IMAGINARY
          0 -0.00628012  0.00642608  -0.0105026
 0.00628012           0  -0.0124331 -0.00386198
-0.00642608   0.0124331           0  0.00499807
  0.0105026  0.00386198 -0.00499807           0
Repeater1[0]<--->HoM1[0]
REAL
   0.271754  -0.0131773 -0.00792083   0.0999282
 -0.0131773    0.253012    0.049008  0.00659104
-0.00792083    0.049008    0.230254 -0.00410994
  0.0999282  0.00659104 -0.00410994     0.24498
IMAGINARY
          0  0.00109198  -0.0264132  0.00362319
-0.00109198           0  0.00362319 -0.00855609
  0.0264132 -0.00362319           0  0.00688348
-0.00362319  0.00855609 -0.00688348           0
EndNode1[0]<--->Repeater1[0]
REAL
   0.283544   0.0319977   0.0222458   0.0873538
  0.0319977    0.239241   0.0518619  0.00978038
  0.0222458   0.0518619     0.21519 2.84172e-05
  0.0873538  0.00978038 2.84172e-05    0.262025
IMAGINARY
          0  0.00231397    0.013495 -0.00624046
-0.00231397           0   0.0208036  0.00331692
  -0.013495  -0.0208036           0 -0.00791795
 0.00624046 -0.00331692  0.00791795           0
EndNode2[0]<--->HoM1[0]
REAL
    0.268293   0.00881197  -0.00113285     0.084718
  0.00881197     0.249322    0.0328563   -0.0236196
 -0.00113285    0.0328563     0.227642 -0.000148604
    0.084718   -0.0236196 -0.000148604     0.254743
IMAGINARY
           0    0.0082122    0.0156175    0.0171916
  -0.0082122            0  0.000308442   0.00432931
  -0.0156175 -0.000308442            0   -0.0108718
  -0.0171916  -0.00432931    0.0108718            0
Repeater1[0]<--->EndNode1[0]
REAL
   0.283544   0.0222458   0.0319977   0.0873538
  0.0222458     0.21519   0.0518619 2.84172e-05
  0.0319977   0.0518619    0.239241  0.00978038
  0.0873538 2.84172e-05  0.00978038    0.262025
IMAGINARY
          0    0.013495  0.00231397 -0.00624046
  -0.013495           0  -0.0208036 -0.00791795
-0.00231397   0.0208036           0  0.00331692
 0.00624046  0.00791795 -0.00331692           0
Repeater1[0]<--->HoM1[0]
REAL
    0.268293  -0.00113285   0.00881197     0.084718
 -0.00113285     0.227642    0.0328563 -0.000148604
  0.00881197    0.0328563     0.249322   -0.0236196
    0.084718 -0.000148604   -0.0236196     0.254743
IMAGINARY
           0    0.0156175    0.0082122    0.0171916
  -0.0156175            0 -0.000308442   -0.0108718
  -0.0082122  0.000308442            0   0.00432931
  -0.0171916    0.0108718  -0.00432931            0
EndNode1[0]<--->Repeater1[0]
REAL
  0.266414 0.00213617  0.0141587  0.0814429
0.00213617   0.251263  0.0616017  0.0107757
 0.0141587  0.0616017   0.208333 0.00705018
 0.0814429  0.0107757 0.00705018    0.27399
IMAGINARY
          0 -0.00805783  0.00598011  -0.0229612
 0.00805783           0   0.0342394  -0.0205304
-0.00598011  -0.0342394           0  -0.0316247
  0.0229612   0.0205304   0.0316247           0
EndNode2[0]<--->HoM1[0]
REAL
    0.27451 -0.00706401   0.0166441   0.0796162
-0.00706401    0.247059   0.0331971 -0.00132372
  0.0166441   0.0331971     0.20915   0.0140278
  0.0796162 -0.00132372   0.0140278    0.269281
IMAGINARY
          0   0.0127949  0.00854635  -0.0288108
 -0.0127949           0   0.0140103  -0.0111989
-0.00854635  -0.0140103           0 -0.00483734
  0.0288108   0.0111989  0.00483734           0
Repeater1[0]<--->EndNode1[0]
REAL
  0.266414  0.0141587 0.00213617  0.0814429
 0.0141587   0.208333  0.0616017 0.00705018
0.00213617  0.0616017   0.251263  0.0107757
 0.0814429 0.00705018  0.0107757    0.27399
IMAGINARY
          0  0.00598011 -0.00805783  -0.0229612
-0.00598011           0  -0.0342394  -0.0316247
 0.00805783   0.0342394           0  -0.0205304
  0.0229612   0.0316247   0.0205304           0
Repeater1[0]<--->HoM1[0]
REAL
    0.27451   0.0166441 -0.00706401   0.0796162
  0.0166441     0.20915   0.0331971   0.0140278
-0.00706401   0.0331971    0.247059 -0.00132372
  0.0796162   0.0140278 -0.00132372    0.269281
IMAGINARY
          0  0.00854635   0.0127949  -0.0288108
-0.00854635           0  -0.0140103 -0.00483734
 -0.0127949   0.0140103           0  -0.0111989
  0.0288108  0.00483734   0.0111989           0
EndNode1[0]<--->Repeater1[0]
REAL
   0.258021   0.0063081 -0.00145051   0.0992372
  0.0063081    0.227273   0.0392852 -0.00910358
-0.00145051   0.0392852    0.243316  -0.0063081
  0.0992372 -0.00910358  -0.0063081     0.27139
IMAGINARY
          0  0.00673273 -0.00373784   0.0303987
-0.00673273           0   0.0198134   0.0109321
 0.00373784  -0.0198134           0    0.013651
 -0.0303987  -0.0109321   -0.013651           0
EndNode2[0]<--->HoM1[0]
REAL
  0.259533  -0.015471 -0.0275936  0.0759488
 -0.015471   0.214022  0.0565187  -0.021757
-0.0275936  0.0565187   0.228782 -0.0221914
 0.0759488  -0.021757 -0.0221914   0.297663
IMAGINARY
          0 -0.00608124   -0.019407 -0.00886005
 0.00608124           0   0.0341375  -0.0168625
   0.019407  -0.0341375           0 -0.00816747
 0.00886005   0.0168625  0.00816747           0
Repeater1[0]<--->EndNode1[0]
REAL
   0.258021 -0.00145051   0.0063081   0.0992372
-0.00145051    0.243316   0.0392852  -0.0063081
  0.0063081   0.0392852    0.227273 -0.00910358
  0.0992372  -0.0063081 -0.00910358     0.27139
IMAGINARY
          0 -0.00373784  0.00673273   0.0303987
 0.00373784           0  -0.0198134    0.013651
-0.00673273   0.0198134           0   0.0109321
 -0.0303987   -0.013651  -0.0109321           0
Repeater1[0]<--->HoM1[0]
REAL
  0.259533 -0.0275936  -0.015471  0.0759488
-0.0275936   0.228782  0.0565187 -0.0221914
 -0.015471  0.0565187   0.214022  -0.021757
 0.0759488 -0.0221914  -0.021757   0.297663
IMAGINARY
          0   -0.019407 -0.00608124 -0.00886005
   0.019407           0  -0.0341375 -0.00816747
 0.00608124   0.0341375           0  -0.0168625
 0.00886005  0.00816747   0.0168625           0
EndNode1[0]<--->Repeater1[0]
REAL
    0.238411   -0.0142135   -0.0280057    0.0857316
  -0.0142135      0.24106    0.0282094   0.00789851
  -0.0280057    0.0282094     0.256954 -0.000531858
   0.0857316   0.00789851 -0.000531858     0.263576
IMAGINARY
          0   0.0104094  -0.0029027  0.00388288
 -0.0104094           0  0.00201489  0.00732748
  0.0029027 -0.00201489           0  0.00792183
-0.00388288 -0.00732748 -0.00792183           0
EndNode2[0]<--->HoM1[0]
REAL
  0.268107  0.0106359 -0.0148746  0.0728055
 0.0106359   0.207116  0.0393865  0.0168201
-0.0148746  0.0393865   0.241423 0.00298281
 0.0728055  0.0168201 0.00298281   0.283355
IMAGINARY
          0 -0.00821212 -0.00895998 -0.00453284
 0.00821212           0  -0.0234871   0.0102453
 0.00895998   0.0234871           0   0.0287777
 0.00453284  -0.0102453  -0.0287777           0
Repeater1[0]<--->EndNode1[0]
REAL
    0.238411   -0.0280057   -0.0142135    0.0857316
  -0.0280057     0.256954    0.0282094 -0.000531858
  -0.0142135    0.0282094      0.24106   0.00789851
   0.0857316 -0.000531858   0.00789851     0.263576
IMAGINARY
          0  -0.0029027   0.0104094  0.00388288
  0.0029027           0 -0.00201489  0.00792183
 -0.0104094  0.00201489           0  0.00732748
-0.00388288 -0.00792183 -0.00732748           0
Repeater1[0]<--->HoM1[0]
REAL
  0.268107 -0.0148746  0.0106359  0.0728055
-0.0148746   0.241423  0.0393865 0.00298281
 0.0106359  0.0393865   0.207116  0.0168201
 0.0728055 0.00298281  0.0168201   0.283355
IMAGINARY
          0 -0.00895998 -0.00821212 -0.00453284
 0.00895998           0   0.0234871   0.0287777
 0.00821212  -0.0234871           0   0.0102453
 0.00453284  -0.0287777  -0.0102453           0
EndNode1[0]<--->Repeater1[0]
REAL
  0.261997 -0.0110088  0.0273901  0.0655308
-0.0110088   0.216602  0.0373526 0.00340933
 0.0273901  0.0373526    0.24773 0.00904291
 0.0655308 0.00340933 0.00904291   0.273671
IMAGINARY
          0  0.00656438  0.00969209 -0.00818984
-0.00656438           0  0.00105625   0.0158649
-0.00969209 -0.00105625           0 -0.00328784
 0.00818984  -0.0158649  0.00328784           0
EndNode2[0]<--->HoM1[0]
REAL
    0.264813 -6.41849e-05   -0.0265053    0.0797084
-6.41849e-05     0.250302    0.0361453 -0.000323957
  -0.0265053    0.0361453     0.207981    0.0183569
   0.0797084 -0.000323957    0.0183569     0.276904
IMAGINARY
          0  0.00531899 -0.00349334  -0.0192254
-0.00531899           0   -0.002165   0.0106455
 0.00349334    0.002165           0 -0.00596919
  0.0192254  -0.0106455  0.00596919           0
Repeater1[0]<--->EndNode1[0]
REAL
  0.261997  0.0273901 -0.0110088  0.0655308
 0.0273901    0.24773  0.0373526 0.00904291
-0.0110088  0.0373526   0.216602 0.00340933
 0.0655308 0.00904291 0.00340933   0.273671
IMAGINARY
          0  0.00969209  0.00656438 -0.00818984
-0.00969209           0 -0.00105625 -0.00328784
-0.00656438  0.00105625           0   0.0158649
 0.00818984  0.00328784  -0.0158649           0
Repeater1[0]<--->HoM1[0]
REAL
    0.264813   -0.0265053 -6.41849e-05    0.0797084
  -0.0265053     0.207981    0.0361453    0.0183569
-6.41849e-05    0.0361453     0.250302 -0.000323957
   0.0797084    0.0183569 -0.000323957     0.276904
IMAGINARY
          0 -0.00349334  0.00531899  -0.0192254
 0.00349334           0    0.002165 -0.00596919
-0.00531899   -0.002165           0   0.0106455
  0.0192254  0.00596919  -0.0106455           0
EndNode1[0]<--->Repeater1[0]
REAL
   0.263835   0.0129199 -0.00575456   0.0834064
  0.0129199    0.229086   0.0535363 2.20763e-05
-0.00575456   0.0535363    0.238095 -0.00718738
  0.0834064 2.20763e-05 -0.00718738    0.268983
IMAGINARY
          0   0.0102262   0.0180543  -0.0145649
 -0.0102262           0   0.0201136  0.00402365
 -0.0180543  -0.0201136           0 -0.00633009
  0.0145649 -0.00402365  0.00633009           0
EndNode2[0]<--->HoM1[0]
REAL
   0.266667  0.00505962 -0.00384569   0.0765679
 0.00505962    0.194771   0.0341091   0.0116582
-0.00384569   0.0341091    0.233987  -0.0063617
  0.0765679   0.0116582  -0.0063617    0.304575
IMAGINARY
           0    0.0041865   -0.0143692   -0.0186054
  -0.0041865            0  -0.00706696   -0.0090782
   0.0143692   0.00706696            0  0.000249494
   0.0186054    0.0090782 -0.000249494            0
Repeater1[0]<--->EndNode1[0]
REAL
   0.263835 -0.00575456   0.0129199   0.0834064
-0.00575456    0.238095   0.0535363 -0.00718738
  0.0129199   0.0535363    0.229086 2.20763e-05
  0.0834064 -0.00718738 2.20763e-05    0.268983
IMAGINARY
          0   0.0180543   0.0102262  -0.0145649
 -0.0180543           0  -0.0201136 -0.00633009
 -0.0102262   0.0201136           0  0.00402365
  0.0145649  0.00633009 -0.00402365           0
Repeater1[0]<--->HoM1[0]
REAL
   0.266667 -0.00384569  0.00505962   0.0765679
-0.00384569    0.233987   0.0341091  -0.0063617
 0.00505962   0.0341091    0.194771   0.0116582
  0.0765679  -0.0063617   0.0116582    0.304575
IMAGINARY
           0   -0.0143692    0.0041865   -0.0186054
   0.0143692            0   0.00706696  0.000249494
  -0.0041865  -0.00706696            0   -0.0090782
   0.0186054 -0.000249494    0.0090782            0
EndNode1[0]<--->Repeater1[0]
REAL
   0.261364  -0.0212027 -0.00728402   0.0929123
 -0.0212027    0.231061   0.0603344  -0.0277809
-0.00728402   0.0603344    0.224747  0.00302089
  0.0929123  -0.0277809  0.00302089    0.282828
IMAGINARY
           0    0.0015531   -0.0102831   0.00640142
  -0.0015531            0  0.000769378  -0.00104831
   0.0102831 -0.000769378            0  -0.00721883
 -0.00640142   0.00104831   0.00721883            0
EndNode2[0]<--->HoM1[0]
REAL
   0.262821  -0.0131615  -0.0111515   0.0953313
 -0.0131615    0.228205   0.0551168   0.0130721
 -0.0111515   0.0551168     0.24359 -0.00668483
  0.0953313   0.0130721 -0.00668483    0.265385
IMAGINARY
          0 -0.00368229 -0.00698587 -0.00045436
 0.00368229           0 -0.00433033 -0.00105702
 0.00698587  0.00433033           0  0.00234181
 0.00045436  0.00105702 -0.00234181           0
Repeater1[0]<--->EndNode1[0]
REAL
   0.261364 -0.00728402  -0.0212027   0.0929123
-0.00728402    0.224747   0.0603344  0.00302089
 -0.0212027   0.0603344    0.231061  -0.0277809
  0.0929123  0.00302089  -0.0277809    0.282828
IMAGINARY
           0   -0.0102831    0.0015531   0.00640142
   0.0102831            0 -0.000769378  -0.00721883
  -0.0015531  0.000769378            0  -0.00104831
 -0.00640142   0.00721883   0.00104831            0
Repeater1[0]<--->HoM1[0]
REAL
   0.262821  -0.0111515  -0.0131615   0.0953313
 -0.0111515     0.24359   0.0551168 -0.00668483
 -0.0131615   0.0551168    0.228205   0.0130721
  0.0953313 -0.00668483   0.0130721    0.265385
IMAGINARY
          0 -0.00698587 -0.00368229 -0.00045436
 0.00698587           0  0.00433033  0.00234181
 0.00368229 -0.00433033           0 -0.00105702
 0.00045436 -0.00234181  0.00105702           0
EndNode1[0]<--->Repeater1[0]
REAL
   0.270341  0.00865637  -0.0194729   0.0860107
 0.00865637    0.220472    0.040183  -0.0139514
 -0.0194729    0.040183    0.240157 -0.00933849
  0.0860107  -0.0139514 -0.00933849    0.269029
IMAGINARY
          0   -0.019971  0.00618186   0.0194344
   0.019971           0 -0.00386782  -0.0013939
-0.00618186  0.00386782           0  0.00697511
 -0.0194344   0.0013939 -0.00697511           0
EndNode2[0]<--->HoM1[0]
REAL
  0.267394  0.0138639  0.0171505  0.0839592
 0.0138639    0.22101  0.0360665 -0.0177923
 0.0171505  0.0360665   0.237381 0.00860077
 0.0839592 -0.0177923 0.00860077   0.274216
IMAGINARY
          0  0.00681375  -0.0129461  -0.0287381
-0.00681375           0   0.0157911  0.00592183
  0.0129461  -0.0157911           0 -0.00234376
  0.0287381 -0.00592183  0.00234376           0
Repeater1[0]<--->EndNode1[0]
REAL
   0.270341  -0.0194729  0.00865637   0.0860107
 -0.0194729    0.240157    0.040183 -0.00933849
 0.00865637    0.040183    0.220472  -0.0139514
  0.0860107 -0.00933849  -0.0139514    0.269029
IMAGINARY
          0  0.00618186   -0.019971   0.0194344
-0.00618186           0  0.00386782  0.00697511
   0.019971 -0.00386782           0  -0.0013939
 -0.0194344 -0.00697511   0.0013939           0
Repeater1[0]<--->HoM1[0]
REAL
  0.267394  0.0171505  0.0138639  0.0839592
 0.0171505   0.237381  0.0360665 0.00860077
 0.0138639  0.0360665    0.22101 -0.0177923
 0.0839592 0.00860077 -0.0177923   0.274216
IMAGINARY
          0  -0.0129461  0.00681375  -0.0287381
  0.0129461           0  -0.0157911 -0.00234376
-0.00681375   0.0157911           0  0.00592183
  0.0287381  0.00234376 -0.00592183           0
EndNode1[0]<--->Repeater1[0]
REAL
   0.241713  0.00509403 -0.00243099   0.0763508
 0.00509403    0.241713   0.0143876   0.0118177
-0.00243099   0.0143876    0.263812  -0.0169839
  0.0763508   0.0118177  -0.0169839    0.252762
IMAGINARY
           0    0.0232827  -0.00472924  -0.00608678
  -0.0232827            0   0.00983678 -0.000792232
  0.00472924  -0.00983678            0  0.000643656
  0.00608678  0.000792232 -0.000643656            0
EndNode2[0]<--->HoM1[0]
REAL
   0.262338  0.00974922   0.0181555    0.105696
 0.00974922    0.245455   0.0351588  -0.0121475
  0.0181555   0.0351588    0.218182 0.000264128
   0.105696  -0.0121475 0.000264128    0.274026
IMAGINARY
          0 -5.5948e-05 -0.00529718  -0.0091993
 5.5948e-05           0  0.00856719   -0.006563
 0.00529718 -0.00856719           0  0.00442549
  0.0091993    0.006563 -0.00442549           0
Repeater1[0]<--->EndNode1[0]
REAL
   0.241713 -0.00243099  0.00509403   0.0763508
-0.00243099    0.263812   0.0143876  -0.0169839
 0.00509403   0.0143876    0.241713   0.0118177
  0.0763508  -0.0169839   0.0118177    0.252762
IMAGINARY
           0  -0.00472924    0.0232827  -0.00608678
  0.00472924            0  -0.00983678  0.000643656
  -0.0232827   0.00983678            0 -0.000792232
  0.00608678 -0.000643656  0.000792232            0
Repeater1[0]<--->HoM1[0]
REAL
   0.262338   0.0181555  0.00974922    0.105696
  0.0181555    0.218182   0.0351588 0.000264128
 0.00974922   0.0351588    0.245455  -0.0121475
   0.105696 0.000264128  -0.0121475    0.274026
IMAGINARY
          0 -0.00529718 -5.5948e-05  -0.0091993
 0.00529718           0 -0.00856719  0.00442549
 5.5948e-05  0.00856719           0   -0.006563
  0.0091993 -0.00442549    0.006563           0
EndNode1[0]<--->Repeater1[0]
REAL
   0.297443  -0.0255465  -0.0141196   0.0671657
 -0.0255465    0.263795   0.0436055   0.0159556
 -0.0141196   0.0436055    0.188425 -0.00199331
  0.0671657   0.0159556 -0.00199331    0.250336
IMAGINARY
           0    0.0175285  -0.00751658   -0.0215695
  -0.0175285            0    0.0179895    0.0271501
  0.00751658   -0.0179895            0 -0.000512765
   0.0215695   -0.0271501  0.000512765            0
EndNode2[0]<--->HoM1[0]
REAL
   0.283679   0.0247673  -0.0101278   0.0930622
  0.0247673    0.233161   0.0311575   0.0132489
 -0.0101278   0.0311575    0.222798 -0.00541646
  0.0930622   0.0132489 -0.00541646    0.260363
IMAGINARY
          0   0.0109957  -0.0245822  -0.0218726
 -0.0109957           0 -0.00530818  -0.0128328
  0.0245822  0.00530818           0  0.00465054
  0.0218726   0.0128328 -0.00465054           0
Repeater1[0]<--->EndNode1[0]
REAL
   0.297443  -0.0141196  -0.0255465   0.0671657
 -0.0141196    0.188425   0.0436055 -0.00199331
 -0.0255465   0.0436055    0.263795   0.0159556
  0.0671657 -0.00199331   0.0159556    0.250336
IMAGINARY
           0  -0.00751658    0.0175285   -0.0215695
  0.00751658            0   -0.0179895 -0.000512765
  -0.0175285    0.0179895            0    0.0271501
   0.0215695  0.000512765   -0.0271501            0
Repeater1[0]<--->HoM1[0]
REAL
   0.283679  -0.0101278   0.0247673   0.0930622
 -0.0101278    0.222798   0.0311575 -0.00541646
  0.0247673   0.0311575    0.233161   0.0132489
  0.0930622 -0.00541646   0.0132489    0.260363
IMAGINARY
          0  -0.0245822   0.0109957  -0.0218726
  0.0245822           0  0.00530818  0.00465054
 -0.0109957 -0.00530818           0  -0.0128328
  0.0218726 -0.00465054   0.0128328           0
EndNode1[0]<--->Repeater1[0]
REAL
   0.256637   0.0147001  0.00666447   0.0801396
  0.0147001    0.228824   0.0637998   0.0110123
 0.00666447   0.0637998    0.245259 0.000451405
  0.0801396   0.0110123 0.000451405    0.269279
IMAGINARY
          0 -0.00708598  0.00111318  0.00672956
 0.00708598           0   0.0164825  -0.0279106
-0.00111318  -0.0164825           0  -0.0184042
-0.00672956   0.0279106   0.0184042           0
EndNode2[0]<--->HoM1[0]
REAL
     0.28125 -0.000320096   -0.0160892    0.0784369
-0.000320096     0.223958    0.0419452  0.000165655
  -0.0160892    0.0419452     0.242187   0.00223092
   0.0784369  0.000165655   0.00223092     0.252604
IMAGINARY
          0   0.0249043 -0.00680772  0.00780412
 -0.0249043           0   0.0103167  -0.0117582
 0.00680772  -0.0103167           0   0.0013441
-0.00780412   0.0117582  -0.0013441           0
Repeater1[0]<--->EndNode1[0]
REAL
   0.256637  0.00666447   0.0147001   0.0801396
 0.00666447    0.245259   0.0637998 0.000451405
  0.0147001   0.0637998    0.228824   0.0110123
  0.0801396 0.000451405   0.0110123    0.269279
IMAGINARY
          0  0.00111318 -0.00708598  0.00672956
-0.00111318           0  -0.0164825  -0.0184042
 0.00708598   0.0164825           0  -0.0279106
-0.00672956   0.0184042   0.0279106           0
Repeater1[0]<--->HoM1[0]
REAL
     0.28125   -0.0160892 -0.000320096    0.0784369
  -0.0160892     0.242187    0.0419452   0.00223092
-0.000320096    0.0419452     0.223958  0.000165655
   0.0784369   0.00223092  0.000165655     0.252604
IMAGINARY
          0 -0.00680772   0.0249043  0.00780412
 0.00680772           0  -0.0103167   0.0013441
 -0.0249043   0.0103167           0  -0.0117582
-0.00780412  -0.0013441   0.0117582           0
EndNode1[0]<--->Repeater1[0]
REAL
    0.24125 -0.00469776   -0.028461   0.0527704
-0.00469776     0.26875   0.0495024  0.00952159
  -0.028461   0.0495024       0.225   0.0122735
  0.0527704  0.00952159   0.0122735       0.265
IMAGINARY
          0 -0.00748315 -0.00947285  0.00857244
 0.00748315           0  -0.0182249  -0.0160173
 0.00947285   0.0182249           0  0.00944393
-0.00857244   0.0160173 -0.00944393           0
EndNode2[0]<--->HoM1[0]
REAL
  0.256793  0.0129206  0.0218582  0.0713747
 0.0129206    0.22962  0.0481626 -0.0038633
 0.0218582  0.0481626    0.21875 -0.0103499
 0.0713747 -0.0038633 -0.0103499   0.294837
IMAGINARY
          0  0.00742835   0.0176811  0.00966848
-0.00742835           0 -0.00903476  0.00427626
 -0.0176811  0.00903476           0 -0.00178218
-0.00966848 -0.00427626  0.00178218           0
Repeater1[0]<--->EndNode1[0]
REAL
    0.24125   -0.028461 -0.00469776   0.0527704
  -0.028461       0.225   0.0495024   0.0122735
-0.00469776   0.0495024     0.26875  0.00952159
  0.0527704   0.0122735  0.00952159       0.265
IMAGINARY
          0 -0.00947285 -0.00748315  0.00857244
 0.00947285           0   0.0182249  0.00944393
 0.00748315  -0.0182249           0  -0.0160173
-0.00857244 -0.00944393   0.0160173           0
Repeater1[0]<--->HoM1[0]
REAL
  0.256793  0.0218582  0.0129206  0.0713747
 0.0218582    0.21875  0.0481626 -0.0103499
 0.0129206  0.0481626    0.22962 -0.0038633
 0.0713747 -0.0103499 -0.0038633   0.294837
IMAGINARY
          0   0.0176811  0.00742835  0.00966848
 -0.0176811           0  0.00903476 -0.00178218
-0.00742835 -0.00903476           0  0.00427626
-0.00966848  0.00178218 -0.00427626           0
EndNode1[0]<--->Repeater1[0]
REAL
   0.275309  0.00755414  0.00508575   0.0958727
 0.00755414    0.204938    0.043974    0.024927
 0.00508575    0.043974    0.223457 -0.00308416
  0.0958727    0.024927 -0.00308416    0.296296
IMAGINARY
           0   0.00140814    0.0193905 -0.000217865
 -0.00140814            0   -0.0187364  -0.00799806
  -0.0193905    0.0187364            0  -0.00520561
 0.000217865   0.00799806   0.00520561            0
EndNode2[0]<--->HoM1[0]
REAL
    0.262172   -0.0248557     0.016155    0.0804934
  -0.0248557     0.233458    0.0506233  -0.00172584
    0.016155    0.0506233     0.220974 -0.000865778
   0.0804934  -0.00172584 -0.000865778     0.283396
IMAGINARY
         0 -0.0107316  0.0140001  0.0172031
 0.0107316          0  0.0222536  0.0171687
-0.0140001 -0.0222536          0 -0.0100476
-0.0172031 -0.0171687  0.0100476          0
Repeater1[0]<--->EndNode1[0]
REAL
   0.275309  0.00508575  0.00755414   0.0958727
 0.00508575    0.223457    0.043974 -0.00308416
 0.00755414    0.043974    0.204938    0.024927
  0.0958727 -0.00308416    0.024927    0.296296
IMAGINARY
           0    0.0193905   0.00140814 -0.000217865
  -0.0193905            0    0.0187364  -0.00520561
 -0.00140814   -0.0187364            0  -0.00799806
 0.000217865   0.00520561   0.00799806            0
Repeater1[0]<--->HoM1[0]
REAL
    0.262172     0.016155   -0.0248557    0.0804934
    0.016155     0.220974    0.0506233 -0.000865778
  -0.0248557    0.0506233     0.233458  -0.00172584
   0.0804934 -0.000865778  -0.00172584     0.283396
IMAGINARY
         0  0.0140001 -0.0107316  0.0172031
-0.0140001          0 -0.0222536 -0.0100476
 0.0107316  0.0222536          0  0.0171687
-0.0172031  0.0100476 -0.0171687          0
