EndNode1[0]<--->Repeater1[0]
REAL
  0.613861 -0.0132827  0.0181107  0.0210513
-0.0132827    0.12005 -0.0178088 0.00588415
 0.0181107 -0.0178088   0.216584 0.00485205
 0.0210513 0.00588415 0.00485205   0.049505
IMAGINARY
           0   0.00631888   -0.0150718 -0.000386941
 -0.00631888            0   0.00100195    0.0176625
   0.0150718  -0.00100195            0  -0.00890955
 0.000386941   -0.0176625   0.00890955            0
EndNode2[0]<--->HoM1[0]
REAL
  0.537869 -0.0103866  0.0180498  0.0364875
-0.0103866   0.218228  0.0088493 -0.0038011
 0.0180498  0.0088493   0.166881 -0.0077481
 0.0364875 -0.0038011 -0.0077481  0.0770218
IMAGINARY
           0    0.0288756  0.000976367 -0.000198219
  -0.0288756            0  -0.00543382    0.0115864
-0.000976367   0.00543382            0    0.0213756
 0.000198219   -0.0115864   -0.0213756            0
Repeater1[0]<--->EndNode1[0]
REAL
  0.613861  0.0181107 -0.0132827  0.0210513
 0.0181107   0.216584 -0.0178088 0.00485205
-0.0132827 -0.0178088    0.12005 0.00588415
 0.0210513 0.00485205 0.00588415   0.049505
IMAGINARY
           0   -0.0150718   0.00631888 -0.000386941
   0.0150718            0  -0.00100195  -0.00890955
 -0.00631888   0.00100195            0    0.0176625
 0.000386941   0.00890955   -0.0176625            0
Repeater1[0]<--->HoM1[0]
REAL
  0.537869  0.0180498 -0.0103866  0.0364875
 0.0180498   0.166881  0.0088493 -0.0077481
-0.0103866  0.0088493   0.218228 -0.0038011
 0.0364875 -0.0077481 -0.0038011  0.0770218
IMAGINARY
           0  0.000976367    0.0288756 -0.000198219
-0.000976367            0   0.00543382    0.0213756
  -0.0288756  -0.00543382            0    0.0115864
 0.000198219   -0.0213756   -0.0115864            0
EndNode1[0]<--->Repeater1[0]
REAL
   0.621384  0.00544696  -0.0101972  -0.0114972
 0.00544696    0.119497 -0.00669606  -0.0230524
 -0.0101972 -0.00669606    0.233962   0.0252933
 -0.0114972  -0.0230524   0.0252933   0.0251572
IMAGINARY
           0  0.000707882    0.0157458   -0.0172316
-0.000707882            0    0.0082342    0.0151184
  -0.0157458   -0.0082342            0   0.00134973
   0.0172316   -0.0151184  -0.00134973            0
EndNode2[0]<--->HoM1[0]
REAL
    0.514628    0.0168678  -0.00648862    0.0202487
   0.0168678     0.246011   -0.0104703 -0.000682172
 -0.00648862   -0.0104703     0.174202   -0.0162159
   0.0202487 -0.000682172   -0.0162159    0.0651596
IMAGINARY
          0   0.0183092  0.00641366  0.00397503
 -0.0183092           0  -0.0148585   -0.012296
-0.00641366   0.0148585           0   0.0150241
-0.00397503    0.012296  -0.0150241           0
Repeater1[0]<--->EndNode1[0]
REAL
   0.621384  -0.0101972  0.00544696  -0.0114972
 -0.0101972    0.233962 -0.00669606   0.0252933
 0.00544696 -0.00669606    0.119497  -0.0230524
 -0.0114972   0.0252933  -0.0230524   0.0251572
IMAGINARY
           0    0.0157458  0.000707882   -0.0172316
  -0.0157458            0   -0.0082342   0.00134973
-0.000707882    0.0082342            0    0.0151184
   0.0172316  -0.00134973   -0.0151184            0
Repeater1[0]<--->HoM1[0]
REAL
    0.514628  -0.00648862    0.0168678    0.0202487
 -0.00648862     0.174202   -0.0104703   -0.0162159
   0.0168678   -0.0104703     0.246011 -0.000682172
   0.0202487   -0.0162159 -0.000682172    0.0651596
IMAGINARY
          0  0.00641366   0.0183092  0.00397503
-0.00641366           0   0.0148585   0.0150241
 -0.0183092  -0.0148585           0   -0.012296
-0.00397503  -0.0150241    0.012296           0
EndNode1[0]<--->Repeater1[0]
REAL
   0.605943    0.010582 -0.00352956    0.010873
   0.010582   0.0852713    0.020873 0.000884058
-0.00352956    0.020873    0.263566    0.010582
   0.010873 0.000884058    0.010582   0.0452196
IMAGINARY
          0  0.00174373 -0.00664063 -0.00688821
-0.00174373           0   0.0135874  -0.0183594
 0.00664063  -0.0135874           0   0.0182563
 0.00688821   0.0183594  -0.0182563           0
EndNode2[0]<--->HoM1[0]
REAL
   0.521088    0.006248  -0.0018799   0.0247101
   0.006248    0.247619   0.0165133 -0.00742861
 -0.0018799   0.0165133    0.164626  -0.0301842
  0.0247101 -0.00742861  -0.0301842   0.0666667
IMAGINARY
          0  -0.0159461  0.00468942  0.00586781
  0.0159461           0  0.00391214  -0.0040589
-0.00468942 -0.00391214           0   0.0203597
-0.00586781   0.0040589  -0.0203597           0
Repeater1[0]<--->EndNode1[0]
REAL
   0.605943 -0.00352956    0.010582    0.010873
-0.00352956    0.263566    0.020873    0.010582
   0.010582    0.020873   0.0852713 0.000884058
   0.010873    0.010582 0.000884058   0.0452196
IMAGINARY
          0 -0.00664063  0.00174373 -0.00688821
 0.00664063           0  -0.0135874   0.0182563
-0.00174373   0.0135874           0  -0.0183594
 0.00688821  -0.0182563   0.0183594           0
Repeater1[0]<--->HoM1[0]
REAL
   0.521088  -0.0018799    0.006248   0.0247101
 -0.0018799    0.164626   0.0165133  -0.0301842
   0.006248   0.0165133    0.247619 -0.00742861
  0.0247101  -0.0301842 -0.00742861   0.0666667
IMAGINARY
          0  0.00468942  -0.0159461  0.00586781
-0.00468942           0 -0.00391214   0.0203597
  0.0159461  0.00391214           0  -0.0040589
-0.00586781  -0.0203597   0.0040589           0
EndNode1[0]<--->Repeater1[0]
REAL
   0.587379  0.00833333  0.00289832  0.00366667
 0.00833333    0.120146  0.00633333   0.0158517
 0.00289832  0.00633333    0.241505 -0.00208333
 0.00366667   0.0158517 -0.00208333   0.0509709
IMAGINARY
          0  0.00494057   0.0112874   0.0210585
-0.00494057           0  0.00381712 -0.00595402
 -0.0112874 -0.00381712           0  -0.0196072
 -0.0210585  0.00595402   0.0196072           0
EndNode2[0]<--->HoM1[0]
REAL
   0.556804   0.0061591 -0.00603628   0.0258905
  0.0061591    0.247191   0.0133905 -0.00128729
-0.00603628   0.0133905    0.143571   0.0158116
  0.0258905 -0.00128729   0.0158116   0.0524345
IMAGINARY
          0    0.020751  0.00797348  0.00951368
  -0.020751           0 -0.00313612   0.0182765
-0.00797348  0.00313612           0    0.012999
-0.00951368  -0.0182765   -0.012999           0
Repeater1[0]<--->EndNode1[0]
REAL
   0.587379  0.00289832  0.00833333  0.00366667
 0.00289832    0.241505  0.00633333 -0.00208333
 0.00833333  0.00633333    0.120146   0.0158517
 0.00366667 -0.00208333   0.0158517   0.0509709
IMAGINARY
          0   0.0112874  0.00494057   0.0210585
 -0.0112874           0 -0.00381712  -0.0196072
-0.00494057  0.00381712           0 -0.00595402
 -0.0210585   0.0196072  0.00595402           0
Repeater1[0]<--->HoM1[0]
REAL
   0.556804 -0.00603628   0.0061591   0.0258905
-0.00603628    0.143571   0.0133905   0.0158116
  0.0061591   0.0133905    0.247191 -0.00128729
  0.0258905   0.0158116 -0.00128729   0.0524345
IMAGINARY
          0  0.00797348    0.020751  0.00951368
-0.00797348           0  0.00313612    0.012999
  -0.020751 -0.00313612           0   0.0182765
-0.00951368   -0.012999  -0.0182765           0
EndNode1[0]<--->Repeater1[0]
REAL
   0.609499 -0.00849907 -0.00910567   0.0318006
-0.00849907    0.113456   -0.016763 -0.00718506
-0.00910567   -0.016763    0.234828  -0.0165636
  0.0318006 -0.00718506  -0.0165636   0.0422164
IMAGINARY
           0  0.000111327   -0.0177621 -0.000343749
-0.000111327            0   -0.0187214   -0.0116496
   0.0177621    0.0187214            0  -0.00900326
 0.000343749    0.0116496   0.00900326            0
EndNode2[0]<--->HoM1[0]
REAL
   0.515625  0.00675527  0.00886628   0.0211969
 0.00675527    0.233073  0.00996839   0.0101039
 0.00886628  0.00996839    0.174479 -0.00404524
  0.0211969   0.0101039 -0.00404524   0.0768229
IMAGINARY
          0   0.0139811 -0.00962204  0.00757576
 -0.0139811           0 -0.00757576  -0.0187795
 0.00962204  0.00757576           0   0.0223466
-0.00757576   0.0187795  -0.0223466           0
Repeater1[0]<--->EndNode1[0]
REAL
   0.609499 -0.00910567 -0.00849907   0.0318006
-0.00910567    0.234828   -0.016763  -0.0165636
-0.00849907   -0.016763    0.113456 -0.00718506
  0.0318006  -0.0165636 -0.00718506   0.0422164
IMAGINARY
           0   -0.0177621  0.000111327 -0.000343749
   0.0177621            0    0.0187214  -0.00900326
-0.000111327   -0.0187214            0   -0.0116496
 0.000343749   0.00900326    0.0116496            0
Repeater1[0]<--->HoM1[0]
REAL
   0.515625  0.00886628  0.00675527   0.0211969
 0.00886628    0.174479  0.00996839 -0.00404524
 0.00675527  0.00996839    0.233073   0.0101039
  0.0211969 -0.00404524   0.0101039   0.0768229
IMAGINARY
          0 -0.00962204   0.0139811  0.00757576
 0.00962204           0  0.00757576   0.0223466
 -0.0139811 -0.00757576           0  -0.0187795
-0.00757576  -0.0223466   0.0187795           0
EndNode1[0]<--->Repeater1[0]
REAL
   0.596538 -0.00150912   0.0264322   0.0033241
-0.00150912    0.105193  -0.0052398 -0.00663656
  0.0264322  -0.0052398    0.258322  -0.0106237
  0.0033241 -0.00663656  -0.0106237   0.0399467
IMAGINARY
          0  0.00421992  0.00278979   0.0171595
-0.00421992           0  0.00452415  -0.0139887
-0.00278979 -0.00452415           0   -0.020689
 -0.0171595   0.0139887    0.020689           0
EndNode2[0]<--->HoM1[0]
REAL
   0.512755 -0.00858281  -0.0207287   0.0194135
-0.00858281    0.228316   0.0187495  0.00197065
 -0.0207287   0.0187495    0.183673  -0.0295802
  0.0194135  0.00197065  -0.0295802   0.0752551
IMAGINARY
          0  0.00193968 -0.00195646  -0.0101878
-0.00193968           0   0.0018223   0.0159007
 0.00195646  -0.0018223           0 -0.00791577
  0.0101878  -0.0159007  0.00791577           0
Repeater1[0]<--->EndNode1[0]
REAL
   0.596538   0.0264322 -0.00150912   0.0033241
  0.0264322    0.258322  -0.0052398  -0.0106237
-0.00150912  -0.0052398    0.105193 -0.00663656
  0.0033241  -0.0106237 -0.00663656   0.0399467
IMAGINARY
          0  0.00278979  0.00421992   0.0171595
-0.00278979           0 -0.00452415   -0.020689
-0.00421992  0.00452415           0  -0.0139887
 -0.0171595    0.020689   0.0139887           0
Repeater1[0]<--->HoM1[0]
REAL
   0.512755  -0.0207287 -0.00858281   0.0194135
 -0.0207287    0.183673   0.0187495  -0.0295802
-0.00858281   0.0187495    0.228316  0.00197065
  0.0194135  -0.0295802  0.00197065   0.0752551
IMAGINARY
          0 -0.00195646  0.00193968  -0.0101878
 0.00195646           0  -0.0018223 -0.00791577
-0.00193968   0.0018223           0   0.0159007
  0.0101878  0.00791577  -0.0159007           0
EndNode1[0]<--->Repeater1[0]
REAL
   0.579146 -0.00535928   0.0182746 -0.00653011
-0.00535928    0.135678  -0.0077556   0.0284787
  0.0182746  -0.0077556    0.248744   0.0157489
-0.00653011   0.0284787   0.0157489   0.0364322
IMAGINARY
          0   0.0171222   -0.027451   0.0251024
 -0.0171222           0 -0.00324811    0.022549
   0.027451  0.00324811           0  0.00126014
 -0.0251024   -0.022549 -0.00126014           0
EndNode2[0]<--->HoM1[0]
REAL
    0.522222   -0.0127309   -0.0233936    0.0225683
  -0.0127309     0.234568     0.037484    0.0168662
  -0.0233936     0.037484     0.183951 -0.000323941
   0.0225683    0.0168662 -0.000323941    0.0592593
IMAGINARY
           0  -0.00389105   0.00485877    0.0118362
  0.00389105            0  -0.00244949  -0.00291325
 -0.00485877   0.00244949            0  0.000648508
  -0.0118362   0.00291325 -0.000648508            0
Repeater1[0]<--->EndNode1[0]
REAL
   0.579146   0.0182746 -0.00535928 -0.00653011
  0.0182746    0.248744  -0.0077556   0.0157489
-0.00535928  -0.0077556    0.135678   0.0284787
-0.00653011   0.0157489   0.0284787   0.0364322
IMAGINARY
          0   -0.027451   0.0171222   0.0251024
   0.027451           0  0.00324811  0.00126014
 -0.0171222 -0.00324811           0    0.022549
 -0.0251024 -0.00126014   -0.022549           0
Repeater1[0]<--->HoM1[0]
REAL
    0.522222   -0.0233936   -0.0127309    0.0225683
  -0.0233936     0.183951     0.037484 -0.000323941
  -0.0127309     0.037484     0.234568    0.0168662
   0.0225683 -0.000323941    0.0168662    0.0592593
IMAGINARY
           0   0.00485877  -0.00389105    0.0118362
 -0.00485877            0   0.00244949  0.000648508
  0.00389105  -0.00244949            0  -0.00291325
  -0.0118362 -0.000648508   0.00291325            0
EndNode1[0]<--->Repeater1[0]
REAL
   0.560917  0.00299534  -0.0310502 -0.00135836
 0.00299534    0.137515 -0.00387725  -0.0199969
 -0.0310502 -0.00387725    0.261761  -0.0226288
-0.00135836  -0.0199969  -0.0226288    0.039807
IMAGINARY
           0 -0.000720261  -0.00724142    0.0175759
 0.000720261            0   -0.0133976  -0.00661249
  0.00724142    0.0133976            0   -0.0244687
  -0.0175759   0.00661249    0.0244687            0
EndNode2[0]<--->HoM1[0]
REAL
   0.530848 -0.00508238  0.00873081    0.018833
-0.00508238     0.25964   0.0376887  0.00307043
 0.00873081   0.0376887    0.147815  0.00321903
   0.018833  0.00307043  0.00321903   0.0616967
IMAGINARY
           0    0.0183755   0.00468465 -0.000718946
  -0.0183755            0    0.0154973   -0.0209395
 -0.00468465   -0.0154973            0  -0.00342104
 0.000718946    0.0209395   0.00342104            0
Repeater1[0]<--->EndNode1[0]
REAL
   0.560917  -0.0310502  0.00299534 -0.00135836
 -0.0310502    0.261761 -0.00387725  -0.0226288
 0.00299534 -0.00387725    0.137515  -0.0199969
-0.00135836  -0.0226288  -0.0199969    0.039807
IMAGINARY
           0  -0.00724142 -0.000720261    0.0175759
  0.00724142            0    0.0133976   -0.0244687
 0.000720261   -0.0133976            0  -0.00661249
  -0.0175759    0.0244687   0.00661249            0
Repeater1[0]<--->HoM1[0]
REAL
   0.530848  0.00873081 -0.00508238    0.018833
 0.00873081    0.147815   0.0376887  0.00321903
-0.00508238   0.0376887     0.25964  0.00307043
   0.018833  0.00321903  0.00307043   0.0616967
IMAGINARY
           0   0.00468465    0.0183755 -0.000718946
 -0.00468465            0   -0.0154973  -0.00342104
  -0.0183755    0.0154973            0   -0.0209395
 0.000718946   0.00342104    0.0209395            0
EndNode1[0]<--->Repeater1[0]
REAL
   0.625767 -0.00303261 -0.00965471  0.00128023
-0.00303261    0.110429   0.0032359  0.00126762
-0.00965471   0.0032359     0.22454  0.00238745
 0.00128023  0.00126762  0.00238745   0.0392638
IMAGINARY
          0  -0.0175855 -0.00814693   0.0112137
  0.0175855           0   0.0112137 -0.00554277
 0.00814693  -0.0112137           0  -0.0195723
 -0.0112137  0.00554277   0.0195723           0
EndNode2[0]<--->HoM1[0]
REAL
   0.561893   0.0097327    0.021319   0.0157139
  0.0097327    0.243932   0.0264057  -0.0145255
   0.021319   0.0264057    0.144417 -0.00429791
  0.0157139  -0.0145255 -0.00429791   0.0497573
IMAGINARY
          0  -0.0324822  0.00436631  0.00657636
  0.0324822           0  0.00196503  -0.0100267
-0.00436631 -0.00196503           0   0.0155011
-0.00657636   0.0100267  -0.0155011           0
Repeater1[0]<--->EndNode1[0]
REAL
   0.625767 -0.00965471 -0.00303261  0.00128023
-0.00965471     0.22454   0.0032359  0.00238745
-0.00303261   0.0032359    0.110429  0.00126762
 0.00128023  0.00238745  0.00126762   0.0392638
IMAGINARY
          0 -0.00814693  -0.0175855   0.0112137
 0.00814693           0  -0.0112137  -0.0195723
  0.0175855   0.0112137           0 -0.00554277
 -0.0112137   0.0195723  0.00554277           0
Repeater1[0]<--->HoM1[0]
REAL
   0.561893    0.021319   0.0097327   0.0157139
   0.021319    0.144417   0.0264057 -0.00429791
  0.0097327   0.0264057    0.243932  -0.0145255
  0.0157139 -0.00429791  -0.0145255   0.0497573
IMAGINARY
          0  0.00436631  -0.0324822  0.00657636
-0.00436631           0 -0.00196503   0.0155011
  0.0324822  0.00196503           0  -0.0100267
-0.00657636  -0.0155011   0.0100267           0
