EndNode1[0]<--->Repeater1[0]
REAL
  0.494681  0.0087935 0.00687027   0.474421
 0.0087935 0.00531915 0.00934957 0.00748679
0.00687027 0.00934957 0.00930851 0.00681199
  0.474421 0.00748679 0.00681199   0.490691
IMAGINARY
           0  -0.00988953  -0.00297559  -0.00193667
  0.00988953            0 -0.000620878    0.0010351
  0.00297559  0.000620878            0  -0.00498757
  0.00193667   -0.0010351   0.00498757            0
EndNode2[0]<--->HoM1[0]
REAL
  0.514398 0.00321918 -0.0310843   0.479317
0.00321918  0.0065445 0.00774678  0.0136199
-0.0310843 0.00774678  0.0026178 -0.0180963
  0.479317  0.0136199 -0.0180963    0.47644
IMAGINARY
          0   0.0120519 -0.00956164 -0.00902062
 -0.0120519           0 -0.00902062  -0.0108339
 0.00956164  0.00902062           0   0.0120519
 0.00902062   0.0108339  -0.0120519           0
Repeater1[0]<--->EndNode1[0]
REAL
  0.494681 0.00687027  0.0087935   0.474421
0.00687027 0.00930851 0.00934957 0.00681199
 0.0087935 0.00934957 0.00531915 0.00748679
  0.474421 0.00681199 0.00748679   0.490691
IMAGINARY
           0  -0.00297559  -0.00988953  -0.00193667
  0.00297559            0  0.000620878  -0.00498757
  0.00988953 -0.000620878            0    0.0010351
  0.00193667   0.00498757   -0.0010351            0
Repeater1[0]<--->HoM1[0]
REAL
  0.514398 -0.0310843 0.00321918   0.479317
-0.0310843  0.0026178 0.00774678 -0.0180963
0.00321918 0.00774678  0.0065445  0.0136199
  0.479317 -0.0180963  0.0136199    0.47644
IMAGINARY
          0 -0.00956164   0.0120519 -0.00902062
 0.00956164           0  0.00902062   0.0120519
 -0.0120519 -0.00902062           0  -0.0108339
 0.00902062  -0.0120519   0.0108339           0
 
 
EndNode1[0]<--->Repeater1[0]
REAL
   0.452412 -0.00284739 -0.00410008    0.460618
-0.00284739   0.0325945   0.0232746 -0.00730932
-0.00410008   0.0232746   0.0325945  -0.0139311
   0.460618 -0.00730932  -0.0139311    0.482399
IMAGINARY
          0 -0.00830648  0.00457787   0.0194609
 0.00830648           0 -0.00957949 -0.00833726
-0.00457787  0.00957949           0   0.0195847
 -0.0194609  0.00833726  -0.0195847           0
EndNode2[0]<--->HoM1[0]
REAL
  0.498118  0.0083649 0.00509723   0.454981
 0.0083649  0.0288582  0.0321822   0.010949
0.00509723  0.0321822  0.0313676 0.00511392
  0.454981   0.010949 0.00511392   0.441656
IMAGINARY
           0   -0.0214882     0.021612   0.00197203
   0.0214882            0  0.000645771   0.00432289
   -0.021612 -0.000645771            0   -0.0116843
 -0.00197203  -0.00432289    0.0116843            0
Repeater1[0]<--->EndNode1[0]
REAL
   0.452412 -0.00410008 -0.00284739    0.460618
-0.00410008   0.0325945   0.0232746  -0.0139311
-0.00284739   0.0232746   0.0325945 -0.00730932
   0.460618  -0.0139311 -0.00730932    0.482399
IMAGINARY
          0  0.00457787 -0.00830648   0.0194609
-0.00457787           0  0.00957949   0.0195847
 0.00830648 -0.00957949           0 -0.00833726
 -0.0194609  -0.0195847  0.00833726           0
Repeater1[0]<--->HoM1[0]
REAL
  0.498118 0.00509723  0.0083649   0.454981
0.00509723  0.0313676  0.0321822 0.00511392
 0.0083649  0.0321822  0.0288582   0.010949
  0.454981 0.00511392   0.010949   0.441656
IMAGINARY
           0     0.021612   -0.0214882   0.00197203
   -0.021612            0 -0.000645771   -0.0116843
   0.0214882  0.000645771            0   0.00432289
 -0.00197203    0.0116843  -0.00432289            0
EndNode1[0]<--->Repeater1[0]
REAL
   0.479487 -0.00647932  0.00976789    0.418367
-0.00647932   0.0435897  0.00287405 -0.00499462
 0.00976789  0.00287405   0.0448718  0.00886595
   0.418367 -0.00499462  0.00886595    0.432051
IMAGINARY
          0  0.00400266  0.00800256  0.00946178
-0.00400266           0  0.00882321  0.00800256
-0.00800256 -0.00882321           0 -0.00464287
-0.00946178 -0.00800256  0.00464287           0
EndNode2[0]<--->HoM1[0]
REAL
  0.452603 0.00215003 0.00342648   0.401988
0.00215003  0.0400534 0.00136729   0.013352
0.00342648 0.00136729  0.0360481 0.00657481
  0.401988   0.013352 0.00657481   0.471295
IMAGINARY
          0   0.0121556  0.00332606 -0.00269276
 -0.0121556           0   0.0155462   0.0109597
-0.00332606  -0.0155462           0  -0.0140189
 0.00269276  -0.0109597   0.0140189           0
Repeater1[0]<--->EndNode1[0]
REAL
   0.479487  0.00976789 -0.00647932    0.418367
 0.00976789   0.0448718  0.00287405  0.00886595
-0.00647932  0.00287405   0.0435897 -0.00499462
   0.418367  0.00886595 -0.00499462    0.432051
IMAGINARY
          0  0.00800256  0.00400266  0.00946178
-0.00800256           0 -0.00882321 -0.00464287
-0.00400266  0.00882321           0  0.00800256
-0.00946178  0.00464287 -0.00800256           0
Repeater1[0]<--->HoM1[0]
REAL
  0.452603 0.00342648 0.00215003   0.401988
0.00342648  0.0360481 0.00136729 0.00657481
0.00215003 0.00136729  0.0400534   0.013352
  0.401988 0.00657481   0.013352   0.471295
IMAGINARY
          0  0.00332606   0.0121556 -0.00269276
-0.00332606           0  -0.0155462  -0.0140189
 -0.0121556   0.0155462           0   0.0109597
 0.00269276   0.0140189  -0.0109597           0
EndNode1[0]<--->Repeater1[0]
REAL
    0.48642  0.00482077   0.0160377    0.400215
 0.00482077   0.0469136   0.0273547 -0.00902831
  0.0160377   0.0273547    0.037037  -0.0141666
   0.400215 -0.00902831  -0.0141666     0.42963
IMAGINARY
          0   0.0103912   -0.017184  0.00376884
 -0.0103912           0 -0.00376884   0.0110715
   0.017184  0.00376884           0   0.0103912
-0.00376884  -0.0110715  -0.0103912           0
EndNode1[0]<--->Repeater1[0]
REAL
    0.48642  0.00482077   0.0160377    0.400215
 0.00482077   0.0469136   0.0273547 -0.00902831
  0.0160377   0.0273547    0.037037  -0.0141666
   0.400215 -0.00902831  -0.0141666     0.42963
IMAGINARY
          0   0.0103912   -0.017184  0.00376884
 -0.0103912           0 -0.00376884   0.0110715
   0.017184  0.00376884           0   0.0103912
-0.00376884  -0.0110715  -0.0103912           0
EndNode1[0]<--->Repeater1[0]
REAL
   0.479487 -0.00647932  0.00976789    0.418367
-0.00647932   0.0435897  0.00287405 -0.00499462
 0.00976789  0.00287405   0.0448718  0.00886595
   0.418367 -0.00499462  0.00886595    0.432051
IMAGINARY
          0  0.00400266  0.00800256  0.00946178
-0.00400266           0  0.00882321  0.00800256
-0.00800256 -0.00882321           0 -0.00464287
-0.00946178 -0.00800256  0.00464287           0
EndNode2[0]<--->HoM1[0]
REAL
  0.452603 0.00215003 0.00342648   0.401988
0.00215003  0.0400534 0.00136729   0.013352
0.00342648 0.00136729  0.0360481 0.00657481
  0.401988   0.013352 0.00657481   0.471295
IMAGINARY
          0   0.0121556  0.00332606 -0.00269276
 -0.0121556           0   0.0155462   0.0109597
-0.00332606  -0.0155462           0  -0.0140189
 0.00269276  -0.0109597   0.0140189           0
Repeater1[0]<--->EndNode1[0]
REAL
   0.479487  0.00976789 -0.00647932    0.418367
 0.00976789   0.0448718  0.00287405  0.00886595
-0.00647932  0.00287405   0.0435897 -0.00499462
   0.418367  0.00886595 -0.00499462    0.432051
IMAGINARY
          0  0.00800256  0.00400266  0.00946178
-0.00800256           0 -0.00882321 -0.00464287
-0.00400266  0.00882321           0  0.00800256
-0.00946178  0.00464287 -0.00800256           0
Repeater1[0]<--->HoM1[0]
REAL
  0.452603 0.00342648 0.00215003   0.401988
0.00342648  0.0360481 0.00136729 0.00657481
0.00215003 0.00136729  0.0400534   0.013352
  0.401988 0.00657481   0.013352   0.471295
IMAGINARY
          0  0.00332606   0.0121556 -0.00269276
-0.00332606           0  -0.0155462  -0.0140189
 -0.0121556   0.0155462           0   0.0109597
 0.00269276   0.0140189  -0.0109597           0
EndNode1[0]<--->Repeater1[0]
REAL
   0.479487 -0.00647932  0.00976789    0.418367
-0.00647932   0.0435897  0.00287405 -0.00499462
 0.00976789  0.00287405   0.0448718  0.00886595
   0.418367 -0.00499462  0.00886595    0.432051
IMAGINARY
          0  0.00400266  0.00800256  0.00946178
-0.00400266           0  0.00882321  0.00800256
-0.00800256 -0.00882321           0 -0.00464287
-0.00946178 -0.00800256  0.00464287           0
EndNode2[0]<--->HoM1[0]
REAL
  0.452603 0.00215003 0.00342648   0.401988
0.00215003  0.0400534 0.00136729   0.013352
0.00342648 0.00136729  0.0360481 0.00657481
  0.401988   0.013352 0.00657481   0.471295
IMAGINARY
          0   0.0121556  0.00332606 -0.00269276
 -0.0121556           0   0.0155462   0.0109597
-0.00332606  -0.0155462           0  -0.0140189
 0.00269276  -0.0109597   0.0140189           0
Repeater1[0]<--->EndNode1[0]
REAL
   0.479487  0.00976789 -0.00647932    0.418367
 0.00976789   0.0448718  0.00287405  0.00886595
-0.00647932  0.00287405   0.0435897 -0.00499462
   0.418367  0.00886595 -0.00499462    0.432051
IMAGINARY
          0  0.00800256  0.00400266  0.00946178
-0.00800256           0 -0.00882321 -0.00464287
-0.00400266  0.00882321           0  0.00800256
-0.00946178  0.00464287 -0.00800256           0
Repeater1[0]<--->HoM1[0]
REAL
  0.452603 0.00342648 0.00215003   0.401988
0.00342648  0.0360481 0.00136729 0.00657481
0.00215003 0.00136729  0.0400534   0.013352
  0.401988 0.00657481   0.013352   0.471295
IMAGINARY
          0  0.00332606   0.0121556 -0.00269276
-0.00332606           0  -0.0155462  -0.0140189
 -0.0121556   0.0155462           0   0.0109597
 0.00269276   0.0140189  -0.0109597           0
EndNode1[0]<--->Repeater1[0]
REAL
   0.479487 -0.00647932  0.00976789    0.418367
-0.00647932   0.0435897  0.00287405 -0.00499462
 0.00976789  0.00287405   0.0448718  0.00886595
   0.418367 -0.00499462  0.00886595    0.432051
IMAGINARY
          0  0.00400266  0.00800256  0.00946178
-0.00400266           0  0.00882321  0.00800256
-0.00800256 -0.00882321           0 -0.00464287
-0.00946178 -0.00800256  0.00464287           0
EndNode2[0]<--->HoM1[0]
REAL
  0.452603 0.00215003 0.00342648   0.401988
0.00215003  0.0400534 0.00136729   0.013352
0.00342648 0.00136729  0.0360481 0.00657481
  0.401988   0.013352 0.00657481   0.471295
IMAGINARY
          0   0.0121556  0.00332606 -0.00269276
 -0.0121556           0   0.0155462   0.0109597
-0.00332606  -0.0155462           0  -0.0140189
 0.00269276  -0.0109597   0.0140189           0
Repeater1[0]<--->EndNode1[0]
REAL
   0.479487  0.00976789 -0.00647932    0.418367
 0.00976789   0.0448718  0.00287405  0.00886595
-0.00647932  0.00287405   0.0435897 -0.00499462
   0.418367  0.00886595 -0.00499462    0.432051
IMAGINARY
          0  0.00800256  0.00400266  0.00946178
-0.00800256           0 -0.00882321 -0.00464287
-0.00400266  0.00882321           0  0.00800256
-0.00946178  0.00464287 -0.00800256           0
Repeater1[0]<--->HoM1[0]
REAL
  0.452603 0.00342648 0.00215003   0.401988
0.00342648  0.0360481 0.00136729 0.00657481
0.00215003 0.00136729  0.0400534   0.013352
  0.401988 0.00657481   0.013352   0.471295
IMAGINARY
          0  0.00332606   0.0121556 -0.00269276
-0.00332606           0  -0.0155462  -0.0140189
 -0.0121556   0.0155462           0   0.0109597
 0.00269276   0.0140189  -0.0109597           0
EndNode1[0]<--->Repeater1[0]
REAL
   0.479487 -0.00647932  0.00976789    0.418367
-0.00647932   0.0435897  0.00287405 -0.00499462
 0.00976789  0.00287405   0.0448718  0.00886595
   0.418367 -0.00499462  0.00886595    0.432051
IMAGINARY
          0  0.00400266  0.00800256  0.00946178
-0.00400266           0  0.00882321  0.00800256
-0.00800256 -0.00882321           0 -0.00464287
-0.00946178 -0.00800256  0.00464287           0
EndNode2[0]<--->HoM1[0]
REAL
  0.452603 0.00215003 0.00342648   0.401988
0.00215003  0.0400534 0.00136729   0.013352
0.00342648 0.00136729  0.0360481 0.00657481
  0.401988   0.013352 0.00657481   0.471295
IMAGINARY
          0   0.0121556  0.00332606 -0.00269276
 -0.0121556           0   0.0155462   0.0109597
-0.00332606  -0.0155462           0  -0.0140189
 0.00269276  -0.0109597   0.0140189           0
Repeater1[0]<--->EndNode1[0]
REAL
   0.479487  0.00976789 -0.00647932    0.418367
 0.00976789   0.0448718  0.00287405  0.00886595
-0.00647932  0.00287405   0.0435897 -0.00499462
   0.418367  0.00886595 -0.00499462    0.432051
IMAGINARY
          0  0.00800256  0.00400266  0.00946178
-0.00800256           0 -0.00882321 -0.00464287
-0.00400266  0.00882321           0  0.00800256
-0.00946178  0.00464287 -0.00800256           0
Repeater1[0]<--->HoM1[0]
REAL
  0.452603 0.00342648 0.00215003   0.401988
0.00342648  0.0360481 0.00136729 0.00657481
0.00215003 0.00136729  0.0400534   0.013352
  0.401988 0.00657481   0.013352   0.471295
IMAGINARY
          0  0.00332606   0.0121556 -0.00269276
-0.00332606           0  -0.0155462  -0.0140189
 -0.0121556   0.0155462           0   0.0109597
 0.00269276   0.0140189  -0.0109597           0
EndNode1[0]<--->Repeater1[0]
REAL
   0.479487 -0.00647932  0.00976789    0.418367
-0.00647932   0.0435897  0.00287405 -0.00499462
 0.00976789  0.00287405   0.0448718  0.00886595
   0.418367 -0.00499462  0.00886595    0.432051
IMAGINARY
          0  0.00400266  0.00800256  0.00946178
-0.00400266           0  0.00882321  0.00800256
-0.00800256 -0.00882321           0 -0.00464287
-0.00946178 -0.00800256  0.00464287           0
EndNode2[0]<--->HoM1[0]
REAL
  0.452603 0.00215003 0.00342648   0.401988
0.00215003  0.0400534 0.00136729   0.013352
0.00342648 0.00136729  0.0360481 0.00657481
  0.401988   0.013352 0.00657481   0.471295
IMAGINARY
          0   0.0121556  0.00332606 -0.00269276
 -0.0121556           0   0.0155462   0.0109597
-0.00332606  -0.0155462           0  -0.0140189
 0.00269276  -0.0109597   0.0140189           0
Repeater1[0]<--->EndNode1[0]
REAL
   0.479487  0.00976789 -0.00647932    0.418367
 0.00976789   0.0448718  0.00287405  0.00886595
-0.00647932  0.00287405   0.0435897 -0.00499462
   0.418367  0.00886595 -0.00499462    0.432051
IMAGINARY
          0  0.00800256  0.00400266  0.00946178
-0.00800256           0 -0.00882321 -0.00464287
-0.00400266  0.00882321           0  0.00800256
-0.00946178  0.00464287 -0.00800256           0
Repeater1[0]<--->HoM1[0]
REAL
  0.452603 0.00342648 0.00215003   0.401988
0.00342648  0.0360481 0.00136729 0.00657481
0.00215003 0.00136729  0.0400534   0.013352
  0.401988 0.00657481   0.013352   0.471295
IMAGINARY
          0  0.00332606   0.0121556 -0.00269276
-0.00332606           0  -0.0155462  -0.0140189
 -0.0121556   0.0155462           0   0.0109597
 0.00269276   0.0140189  -0.0109597           0
EndNode1[0]<--->Repeater1[0]
REAL
   0.479487 -0.00647932  0.00976789    0.418367
-0.00647932   0.0435897  0.00287405 -0.00499462
 0.00976789  0.00287405   0.0448718  0.00886595
   0.418367 -0.00499462  0.00886595    0.432051
IMAGINARY
          0  0.00400266  0.00800256  0.00946178
-0.00400266           0  0.00882321  0.00800256
-0.00800256 -0.00882321           0 -0.00464287
-0.00946178 -0.00800256  0.00464287           0
EndNode2[0]<--->HoM1[0]
REAL
  0.452603 0.00215003 0.00342648   0.401988
0.00215003  0.0400534 0.00136729   0.013352
0.00342648 0.00136729  0.0360481 0.00657481
  0.401988   0.013352 0.00657481   0.471295
IMAGINARY
          0   0.0121556  0.00332606 -0.00269276
 -0.0121556           0   0.0155462   0.0109597
-0.00332606  -0.0155462           0  -0.0140189
 0.00269276  -0.0109597   0.0140189           0
Repeater1[0]<--->EndNode1[0]
REAL
   0.479487  0.00976789 -0.00647932    0.418367
 0.00976789   0.0448718  0.00287405  0.00886595
-0.00647932  0.00287405   0.0435897 -0.00499462
   0.418367  0.00886595 -0.00499462    0.432051
IMAGINARY
          0  0.00800256  0.00400266  0.00946178
-0.00800256           0 -0.00882321 -0.00464287
-0.00400266  0.00882321           0  0.00800256
-0.00946178  0.00464287 -0.00800256           0
Repeater1[0]<--->HoM1[0]
REAL
  0.452603 0.00342648 0.00215003   0.401988
0.00342648  0.0360481 0.00136729 0.00657481
0.00215003 0.00136729  0.0400534   0.013352
  0.401988 0.00657481   0.013352   0.471295
IMAGINARY
          0  0.00332606   0.0121556 -0.00269276
-0.00332606           0  -0.0155462  -0.0140189
 -0.0121556   0.0155462           0   0.0109597
 0.00269276   0.0140189  -0.0109597           0
EndNode1[0]<--->Repeater1[0]
REAL
  0.495575 -0.0308584 -0.0220081   0.395575
-0.0308584  0.0265487 0.00793416 -0.0130796
-0.0220081 0.00793416  0.0353982 -0.0130013
  0.395575 -0.0130796 -0.0130013   0.442478
IMAGINARY
          0 -0.00341485  -0.0196629  -0.0285714
 0.00341485           0  -0.0047619  -0.0196629
  0.0196629   0.0047619           0   0.0652126
  0.0285714   0.0196629  -0.0652126           0
EndNode2[0]<--->HoM1[0]
REAL
    0.40367   0.0193818 -0.00746059    0.426515
  0.0193818   0.0825688 -0.00984848 -0.00295608
-0.00746059 -0.00984848   0.0550459  -0.0297985
   0.426515 -0.00295608  -0.0297985    0.458716
IMAGINARY
         0  0.0291974  0.0158488 -0.0649111
-0.0291974          0  0.0333795   0.011424
-0.0158488 -0.0333795          0 -0.0473792
 0.0649111  -0.011424  0.0473792          0
Repeater1[0]<--->EndNode1[0]
REAL
  0.495575 -0.0220081 -0.0308584   0.395575
-0.0220081  0.0353982 0.00793416 -0.0130013
-0.0308584 0.00793416  0.0265487 -0.0130796
  0.395575 -0.0130013 -0.0130796   0.442478
IMAGINARY
          0  -0.0196629 -0.00341485  -0.0285714
  0.0196629           0   0.0047619   0.0652126
 0.00341485  -0.0047619           0  -0.0196629
  0.0285714  -0.0652126   0.0196629           0
Repeater1[0]<--->HoM1[0]
REAL
    0.40367 -0.00746059   0.0193818    0.426515
-0.00746059   0.0550459 -0.00984848  -0.0297985
  0.0193818 -0.00984848   0.0825688 -0.00295608
   0.426515  -0.0297985 -0.00295608    0.458716
IMAGINARY
         0  0.0158488  0.0291974 -0.0649111
-0.0158488          0 -0.0333795 -0.0473792
-0.0291974  0.0333795          0   0.011424
 0.0649111  0.0473792  -0.011424          0
EndNode1[0]<--->Repeater1[0]
REAL
   0.47601  0.0153183  0.0327894   0.418139
 0.0153183  0.0366162 0.00241579 0.00441106
 0.0327894 0.00241579  0.0366162 0.00548872
  0.418139 0.00441106 0.00548872   0.450758
IMAGINARY
          0   0.0120798  -0.0195621  -0.0197091
 -0.0120798           0 -0.00362001  0.00635451
  0.0195621  0.00362001           0 -0.00516157
  0.0197091 -0.00635451  0.00516157           0
EndNode2[0]<--->HoM1[0]
REAL
  0.452603 0.00215003 0.00342648   0.401988
0.00215003  0.0400534 0.00136729   0.013352
0.00342648 0.00136729  0.0360481 0.00657481
  0.401988   0.013352 0.00657481   0.471295
IMAGINARY
          0   0.0121556  0.00332606 -0.00269276
 -0.0121556           0   0.0155462   0.0109597
-0.00332606  -0.0155462           0  -0.0140189
 0.00269276  -0.0109597   0.0140189           0
Repeater1[0]<--->EndNode1[0]
REAL
   0.47601  0.0327894  0.0153183   0.418139
 0.0327894  0.0366162 0.00241579 0.00548872
 0.0153183 0.00241579  0.0366162 0.00441106
  0.418139 0.00548872 0.00441106   0.450758
IMAGINARY
          0  -0.0195621   0.0120798  -0.0197091
  0.0195621           0  0.00362001 -0.00516157
 -0.0120798 -0.00362001           0  0.00635451
  0.0197091  0.00516157 -0.00635451           0
Repeater1[0]<--->HoM1[0]
REAL
  0.452603 0.00342648 0.00215003   0.401988
0.00342648  0.0360481 0.00136729 0.00657481
0.00215003 0.00136729  0.0400534   0.013352
  0.401988 0.00657481   0.013352   0.471295
IMAGINARY
          0  0.00332606   0.0121556 -0.00269276
-0.00332606           0  -0.0155462  -0.0140189
 -0.0121556   0.0155462           0   0.0109597
 0.00269276   0.0140189  -0.0109597           0
EndNode1[0]<--->Repeater1[0]
REAL
   0.479487 -0.00647932  0.00976789    0.418367
-0.00647932   0.0435897  0.00287405 -0.00499462
 0.00976789  0.00287405   0.0448718  0.00886595
   0.418367 -0.00499462  0.00886595    0.432051
IMAGINARY
          0  0.00400266  0.00800256  0.00946178
-0.00400266           0  0.00882321  0.00800256
-0.00800256 -0.00882321           0 -0.00464287
-0.00946178 -0.00800256  0.00464287           0
EndNode2[0]<--->HoM1[0]
REAL
  0.452603 0.00215003 0.00342648   0.401988
0.00215003  0.0400534 0.00136729   0.013352
0.00342648 0.00136729  0.0360481 0.00657481
  0.401988   0.013352 0.00657481   0.471295
IMAGINARY
          0   0.0121556  0.00332606 -0.00269276
 -0.0121556           0   0.0155462   0.0109597
-0.00332606  -0.0155462           0  -0.0140189
 0.00269276  -0.0109597   0.0140189           0
Repeater1[0]<--->EndNode1[0]
REAL
   0.479487  0.00976789 -0.00647932    0.418367
 0.00976789   0.0448718  0.00287405  0.00886595
-0.00647932  0.00287405   0.0435897 -0.00499462
   0.418367  0.00886595 -0.00499462    0.432051
IMAGINARY
          0  0.00800256  0.00400266  0.00946178
-0.00800256           0 -0.00882321 -0.00464287
-0.00400266  0.00882321           0  0.00800256
-0.00946178  0.00464287 -0.00800256           0
Repeater1[0]<--->HoM1[0]
REAL
  0.452603 0.00342648 0.00215003   0.401988
0.00342648  0.0360481 0.00136729 0.00657481
0.00215003 0.00136729  0.0400534   0.013352
  0.401988 0.00657481   0.013352   0.471295
IMAGINARY
          0  0.00332606   0.0121556 -0.00269276
-0.00332606           0  -0.0155462  -0.0140189
 -0.0121556   0.0155462           0   0.0109597
 0.00269276   0.0140189  -0.0109597           0
EndNode1[0]<--->Repeater1[0]
REAL
   0.47601  0.0153183  0.0327894   0.418139
 0.0153183  0.0366162 0.00241579 0.00441106
 0.0327894 0.00241579  0.0366162 0.00548872
  0.418139 0.00441106 0.00548872   0.450758
IMAGINARY
          0   0.0120798  -0.0195621  -0.0197091
 -0.0120798           0 -0.00362001  0.00635451
  0.0195621  0.00362001           0 -0.00516157
  0.0197091 -0.00635451  0.00516157           0
EndNode2[0]<--->HoM1[0]
REAL
  0.452603 0.00215003 0.00342648   0.401988
0.00215003  0.0400534 0.00136729   0.013352
0.00342648 0.00136729  0.0360481 0.00657481
  0.401988   0.013352 0.00657481   0.471295
IMAGINARY
          0   0.0121556  0.00332606 -0.00269276
 -0.0121556           0   0.0155462   0.0109597
-0.00332606  -0.0155462           0  -0.0140189
 0.00269276  -0.0109597   0.0140189           0
Repeater1[0]<--->EndNode1[0]
REAL
   0.47601  0.0327894  0.0153183   0.418139
 0.0327894  0.0366162 0.00241579 0.00548872
 0.0153183 0.00241579  0.0366162 0.00441106
  0.418139 0.00548872 0.00441106   0.450758
IMAGINARY
          0  -0.0195621   0.0120798  -0.0197091
  0.0195621           0  0.00362001 -0.00516157
 -0.0120798 -0.00362001           0  0.00635451
  0.0197091  0.00516157 -0.00635451           0
Repeater1[0]<--->HoM1[0]
REAL
  0.452603 0.00342648 0.00215003   0.401988
0.00342648  0.0360481 0.00136729 0.00657481
0.00215003 0.00136729  0.0400534   0.013352
  0.401988 0.00657481   0.013352   0.471295
IMAGINARY
          0  0.00332606   0.0121556 -0.00269276
-0.00332606           0  -0.0155462  -0.0140189
 -0.0121556   0.0155462           0   0.0109597
 0.00269276   0.0140189  -0.0109597           0
EndNode1[0]<--->Repeater1[0]
REAL
   0.47601  0.0153183  0.0327894   0.418139
 0.0153183  0.0366162 0.00241579 0.00441106
 0.0327894 0.00241579  0.0366162 0.00548872
  0.418139 0.00441106 0.00548872   0.450758
IMAGINARY
          0   0.0120798  -0.0195621  -0.0197091
 -0.0120798           0 -0.00362001  0.00635451
  0.0195621  0.00362001           0 -0.00516157
  0.0197091 -0.00635451  0.00516157           0
EndNode2[0]<--->HoM1[0]
REAL
  0.452603 0.00215003 0.00342648   0.401988
0.00215003  0.0400534 0.00136729   0.013352
0.00342648 0.00136729  0.0360481 0.00657481
  0.401988   0.013352 0.00657481   0.471295
IMAGINARY
          0   0.0121556  0.00332606 -0.00269276
 -0.0121556           0   0.0155462   0.0109597
-0.00332606  -0.0155462           0  -0.0140189
 0.00269276  -0.0109597   0.0140189           0
Repeater1[0]<--->EndNode1[0]
REAL
   0.47601  0.0327894  0.0153183   0.418139
 0.0327894  0.0366162 0.00241579 0.00548872
 0.0153183 0.00241579  0.0366162 0.00441106
  0.418139 0.00548872 0.00441106   0.450758
IMAGINARY
          0  -0.0195621   0.0120798  -0.0197091
  0.0195621           0  0.00362001 -0.00516157
 -0.0120798 -0.00362001           0  0.00635451
  0.0197091  0.00516157 -0.00635451           0
Repeater1[0]<--->HoM1[0]
REAL
  0.452603 0.00342648 0.00215003   0.401988
0.00342648  0.0360481 0.00136729 0.00657481
0.00215003 0.00136729  0.0400534   0.013352
  0.401988 0.00657481   0.013352   0.471295
IMAGINARY
          0  0.00332606   0.0121556 -0.00269276
-0.00332606           0  -0.0155462  -0.0140189
 -0.0121556   0.0155462           0   0.0109597
 0.00269276   0.0140189  -0.0109597           0
EndNode1[0]<--->Repeater1[0]
REAL
   0.479487 -0.00647932  0.00976789    0.418367
-0.00647932   0.0435897  0.00287405 -0.00499462
 0.00976789  0.00287405   0.0448718  0.00886595
   0.418367 -0.00499462  0.00886595    0.432051
IMAGINARY
          0  0.00400266  0.00800256  0.00946178
-0.00400266           0  0.00882321  0.00800256
-0.00800256 -0.00882321           0 -0.00464287
-0.00946178 -0.00800256  0.00464287           0
EndNode2[0]<--->HoM1[0]
REAL
  0.452603 0.00215003 0.00342648   0.401988
0.00215003  0.0400534 0.00136729   0.013352
0.00342648 0.00136729  0.0360481 0.00657481
  0.401988   0.013352 0.00657481   0.471295
IMAGINARY
          0   0.0121556  0.00332606 -0.00269276
 -0.0121556           0   0.0155462   0.0109597
-0.00332606  -0.0155462           0  -0.0140189
 0.00269276  -0.0109597   0.0140189           0
Repeater1[0]<--->EndNode1[0]
REAL
   0.479487  0.00976789 -0.00647932    0.418367
 0.00976789   0.0448718  0.00287405  0.00886595
-0.00647932  0.00287405   0.0435897 -0.00499462
   0.418367  0.00886595 -0.00499462    0.432051
IMAGINARY
          0  0.00800256  0.00400266  0.00946178
-0.00800256           0 -0.00882321 -0.00464287
-0.00400266  0.00882321           0  0.00800256
-0.00946178  0.00464287 -0.00800256           0
Repeater1[0]<--->HoM1[0]
REAL
  0.452603 0.00342648 0.00215003   0.401988
0.00342648  0.0360481 0.00136729 0.00657481
0.00215003 0.00136729  0.0400534   0.013352
  0.401988 0.00657481   0.013352   0.471295
IMAGINARY
          0  0.00332606   0.0121556 -0.00269276
-0.00332606           0  -0.0155462  -0.0140189
 -0.0121556   0.0155462           0   0.0109597
 0.00269276   0.0140189  -0.0109597           0
EndNode1[0]<--->Repeater1[0]
REAL
   0.47601  0.0153183  0.0327894   0.418139
 0.0153183  0.0366162 0.00241579 0.00441106
 0.0327894 0.00241579  0.0366162 0.00548872
  0.418139 0.00441106 0.00548872   0.450758
IMAGINARY
          0   0.0120798  -0.0195621  -0.0197091
 -0.0120798           0 -0.00362001  0.00635451
  0.0195621  0.00362001           0 -0.00516157
  0.0197091 -0.00635451  0.00516157           0
EndNode2[0]<--->HoM1[0]
REAL
  0.452603 0.00215003 0.00342648   0.401988
0.00215003  0.0400534 0.00136729   0.013352
0.00342648 0.00136729  0.0360481 0.00657481
  0.401988   0.013352 0.00657481   0.471295
IMAGINARY
          0   0.0121556  0.00332606 -0.00269276
 -0.0121556           0   0.0155462   0.0109597
-0.00332606  -0.0155462           0  -0.0140189
 0.00269276  -0.0109597   0.0140189           0
Repeater1[0]<--->EndNode1[0]
REAL
   0.47601  0.0327894  0.0153183   0.418139
 0.0327894  0.0366162 0.00241579 0.00548872
 0.0153183 0.00241579  0.0366162 0.00441106
  0.418139 0.00548872 0.00441106   0.450758
IMAGINARY
          0  -0.0195621   0.0120798  -0.0197091
  0.0195621           0  0.00362001 -0.00516157
 -0.0120798 -0.00362001           0  0.00635451
  0.0197091  0.00516157 -0.00635451           0
Repeater1[0]<--->HoM1[0]
REAL
  0.452603 0.00342648 0.00215003   0.401988
0.00342648  0.0360481 0.00136729 0.00657481
0.00215003 0.00136729  0.0400534   0.013352
  0.401988 0.00657481   0.013352   0.471295
IMAGINARY
          0  0.00332606   0.0121556 -0.00269276
-0.00332606           0  -0.0155462  -0.0140189
 -0.0121556   0.0155462           0   0.0109597
 0.00269276   0.0140189  -0.0109597           0
