EndNode1[0]<--->Repeater1[0]
REAL
   0.391198   0.0186604  0.00583987    0.334582
  0.0186604   0.0977995   0.0620559   0.0122174
 0.00583987   0.0620559    0.102689 -0.00682978
   0.334582   0.0122174 -0.00682978    0.408313
IMAGINARY
          0  -0.0317396   0.0125319    0.028271
  0.0317396           0  -0.0055732  0.00297773
 -0.0125319   0.0055732           0  -0.0133121
  -0.028271 -0.00297773   0.0133121           0
EndNode2[0]<--->HoM1[0]
REAL
  0.395833  0.0167578  0.0173154   0.349179
 0.0167578    0.10026  0.0599119 -0.0153948
 0.0173154  0.0599119  0.0989583 0.00692979
  0.349179 -0.0153948 0.00692979   0.404948
IMAGINARY
          0   0.0180055 -0.00387061  0.00409396
 -0.0180055           0 -0.00035331   0.0104151
 0.00387061  0.00035331           0  0.00293696
-0.00409396  -0.0104151 -0.00293696           0
Repeater1[0]<--->EndNode1[0]
REAL
   0.391198  0.00583987   0.0186604    0.334582
 0.00583987    0.102689   0.0620559 -0.00682978
  0.0186604   0.0620559   0.0977995   0.0122174
   0.334582 -0.00682978   0.0122174    0.408313
IMAGINARY
          0   0.0125319  -0.0317396    0.028271
 -0.0125319           0   0.0055732  -0.0133121
  0.0317396  -0.0055732           0  0.00297773
  -0.028271   0.0133121 -0.00297773           0
Repeater1[0]<--->HoM1[0]
REAL
  0.395833  0.0173154  0.0167578   0.349179
 0.0173154  0.0989583  0.0599119 0.00692979
 0.0167578  0.0599119    0.10026 -0.0153948
  0.349179 0.00692979 -0.0153948   0.404948
IMAGINARY
          0 -0.00387061   0.0180055  0.00409396
 0.00387061           0  0.00035331  0.00293696
 -0.0180055 -0.00035331           0   0.0104151
-0.00409396 -0.00293696  -0.0104151           0
EndNode1[0]<--->Repeater1[0]
REAL
   0.391582 0.000985274  -0.0253544    0.331838
0.000985274    0.107143   0.0641616   0.0266877
 -0.0253544   0.0641616    0.110969  0.00834806
   0.331838   0.0266877  0.00834806    0.390306
IMAGINARY
          0   -0.034632   0.0102454  0.00858754
   0.034632           0   0.0156843 -0.00266969
 -0.0102454  -0.0156843           0  -0.0108225
-0.00858754  0.00266969   0.0108225           0
EndNode2[0]<--->HoM1[0]
REAL
  0.374838 -0.0132807  -0.011118   0.341729
-0.0132807  0.0946822  0.0344119 0.00264345
 -0.011118  0.0344119   0.103761 0.00610989
  0.341729 0.00264345 0.00610989   0.426719
IMAGINARY
          0 -0.00856355   0.0024705  0.00255102
 0.00856355           0  0.00382653 -0.00978757
 -0.0024705 -0.00382653           0 -0.00119255
-0.00255102  0.00978757  0.00119255           0
Repeater1[0]<--->EndNode1[0]
REAL
   0.391582  -0.0253544 0.000985274    0.331838
 -0.0253544    0.110969   0.0641616  0.00834806
0.000985274   0.0641616    0.107143   0.0266877
   0.331838  0.00834806   0.0266877    0.390306
IMAGINARY
          0   0.0102454   -0.034632  0.00858754
 -0.0102454           0  -0.0156843  -0.0108225
   0.034632   0.0156843           0 -0.00266969
-0.00858754   0.0108225  0.00266969           0
Repeater1[0]<--->HoM1[0]
REAL
  0.374838  -0.011118 -0.0132807   0.341729
 -0.011118   0.103761  0.0344119 0.00610989
-0.0132807  0.0344119  0.0946822 0.00264345
  0.341729 0.00610989 0.00264345   0.426719
IMAGINARY
          0   0.0024705 -0.00856355  0.00255102
 -0.0024705           0 -0.00382653 -0.00119255
 0.00856355  0.00382653           0 -0.00978757
-0.00255102  0.00119255  0.00978757           0
EndNode1[0]<--->Repeater1[0]
REAL
    0.40051 -0.00407313  -0.0318325    0.312798
-0.00407313       0.125   0.0604802   0.0111713
 -0.0318325   0.0604802   0.0969388   -0.016588
   0.312798   0.0111713   -0.016588    0.377551
IMAGINARY
           0   0.00870207   0.00434364     0.012109
 -0.00870207            0  0.000297962    0.0108881
 -0.00434364 -0.000297962            0   -0.0199603
   -0.012109   -0.0108881    0.0199603            0
EndNode2[0]<--->HoM1[0]
REAL
        0.4 -0.00488352  -0.0115887    0.332223
-0.00488352         0.1    0.054874   0.0140701
 -0.0115887    0.054874   0.0921053    0.011087
   0.332223   0.0140701    0.011087    0.407895
IMAGINARY
          0  -0.0109696 -0.00752845 -0.00483678
  0.0109696           0   0.0110868    0.014607
 0.00752845  -0.0110868           0 -0.00511788
 0.00483678   -0.014607  0.00511788           0
Repeater1[0]<--->EndNode1[0]
REAL
    0.40051  -0.0318325 -0.00407313    0.312798
 -0.0318325   0.0969388   0.0604802   -0.016588
-0.00407313   0.0604802       0.125   0.0111713
   0.312798   -0.016588   0.0111713    0.377551
IMAGINARY
           0   0.00434364   0.00870207     0.012109
 -0.00434364            0 -0.000297962   -0.0199603
 -0.00870207  0.000297962            0    0.0108881
   -0.012109    0.0199603   -0.0108881            0
Repeater1[0]<--->HoM1[0]
REAL
        0.4  -0.0115887 -0.00488352    0.332223
 -0.0115887   0.0921053    0.054874    0.011087
-0.00488352    0.054874         0.1   0.0140701
   0.332223    0.011087   0.0140701    0.407895
IMAGINARY
          0 -0.00752845  -0.0109696 -0.00483678
 0.00752845           0  -0.0110868 -0.00511788
  0.0109696   0.0110868           0    0.014607
 0.00483678  0.00511788   -0.014607           0
EndNode1[0]<--->Repeater1[0]
REAL
     0.4325 -0.00154777  0.00703527    0.322591
-0.00154777     0.08625   0.0564724    0.017022
 0.00703527   0.0564724         0.1    0.019103
   0.322591    0.017022    0.019103     0.38125
IMAGINARY
          0   0.0106347 -0.00531691  -0.0120593
 -0.0106347           0 -0.00845353   0.0223839
 0.00531691  0.00845353           0  0.00137543
  0.0120593  -0.0223839 -0.00137543           0
EndNode2[0]<--->HoM1[0]
REAL
   0.405018  -0.0351223   -0.027885    0.347331
 -0.0351223   0.0991637   0.0549529 -0.00130277
  -0.027885   0.0549529    0.105137  0.00466547
   0.347331 -0.00130277  0.00466547    0.390681
IMAGINARY
           0   -0.0200415   0.00393546    -0.019554
   0.0200415            0 -0.000897312   -0.0203612
 -0.00393546  0.000897312            0    0.0154423
    0.019554    0.0203612   -0.0154423            0
Repeater1[0]<--->EndNode1[0]
REAL
     0.4325  0.00703527 -0.00154777    0.322591
 0.00703527         0.1   0.0564724    0.019103
-0.00154777   0.0564724     0.08625    0.017022
   0.322591    0.019103    0.017022     0.38125
IMAGINARY
          0 -0.00531691   0.0106347  -0.0120593
 0.00531691           0  0.00845353  0.00137543
 -0.0106347 -0.00845353           0   0.0223839
  0.0120593 -0.00137543  -0.0223839           0
Repeater1[0]<--->HoM1[0]
REAL
   0.405018   -0.027885  -0.0351223    0.347331
  -0.027885    0.105137   0.0549529  0.00466547
 -0.0351223   0.0549529   0.0991637 -0.00130277
   0.347331  0.00466547 -0.00130277    0.390681
IMAGINARY
           0   0.00393546   -0.0200415    -0.019554
 -0.00393546            0  0.000897312    0.0154423
   0.0200415 -0.000897312            0   -0.0203612
    0.019554   -0.0154423    0.0203612            0
EndNode1[0]<--->Repeater1[0]
REAL
  0.409769 -0.0028602  0.0175029   0.355342
-0.0028602  0.0990502  0.0453292 -0.0208586
 0.0175029  0.0453292   0.112619 -0.0085492
  0.355342 -0.0208586 -0.0085492   0.378562
IMAGINARY
          0  -0.0121866   0.0304846 -0.00409557
  0.0121866           0  -0.0017259 -0.00673622
 -0.0304846   0.0017259           0  0.00897739
 0.00409557  0.00673622 -0.00897739           0
EndNode2[0]<--->HoM1[0]
REAL
  0.376412  -0.003054   0.023835   0.333742
 -0.003054   0.097867  0.0337423 -0.0293565
  0.023835  0.0337423   0.119197  0.0024405
  0.333742 -0.0293565  0.0024405   0.406524
IMAGINARY
          0   0.0266729  -0.0171287 -0.00340599
 -0.0266729           0   0.0040365 -0.00893194
  0.0171287  -0.0040365           0 -0.00182446
 0.00340599  0.00893194  0.00182446           0
Repeater1[0]<--->EndNode1[0]
REAL
  0.409769  0.0175029 -0.0028602   0.355342
 0.0175029   0.112619  0.0453292 -0.0085492
-0.0028602  0.0453292  0.0990502 -0.0208586
  0.355342 -0.0085492 -0.0208586   0.378562
IMAGINARY
          0   0.0304846  -0.0121866 -0.00409557
 -0.0304846           0   0.0017259  0.00897739
  0.0121866  -0.0017259           0 -0.00673622
 0.00409557 -0.00897739  0.00673622           0
Repeater1[0]<--->HoM1[0]
REAL
  0.376412   0.023835  -0.003054   0.333742
  0.023835   0.119197  0.0337423  0.0024405
 -0.003054  0.0337423   0.097867 -0.0293565
  0.333742  0.0024405 -0.0293565   0.406524
IMAGINARY
          0  -0.0171287   0.0266729 -0.00340599
  0.0171287           0  -0.0040365 -0.00182446
 -0.0266729   0.0040365           0 -0.00893194
 0.00340599  0.00182446  0.00893194           0
EndNode1[0]<--->Repeater1[0]
REAL
   0.412256   0.0019084 -0.00890472    0.315189
  0.0019084   0.0821727   0.0459579 -0.00829273
-0.00890472   0.0459579   0.0961003 2.42799e-06
   0.315189 -0.00829273 2.42799e-06    0.409471
IMAGINARY
          0 -0.00353755  0.00218004   -0.011492
 0.00353755           0  0.00323275  0.00843004
-0.00218004 -0.00323275           0  0.00619007
   0.011492 -0.00843004 -0.00619007           0
EndNode2[0]<--->HoM1[0]
REAL
     0.40498  -0.00412169    0.0114633     0.334478
 -0.00412169      0.08519     0.065146 -0.000798293
   0.0114633     0.065146     0.100917   0.00223963
    0.334478 -0.000798293   0.00223963     0.408912
IMAGINARY
           0  -0.00631746  0.000423185   -0.0221012
  0.00631746            0    0.0118184   0.00809582
-0.000423185   -0.0118184            0   -0.0231714
   0.0221012  -0.00809582    0.0231714            0
Repeater1[0]<--->EndNode1[0]
REAL
   0.412256 -0.00890472   0.0019084    0.315189
-0.00890472   0.0961003   0.0459579 2.42799e-06
  0.0019084   0.0459579   0.0821727 -0.00829273
   0.315189 2.42799e-06 -0.00829273    0.409471
IMAGINARY
          0  0.00218004 -0.00353755   -0.011492
-0.00218004           0 -0.00323275  0.00619007
 0.00353755  0.00323275           0  0.00843004
   0.011492 -0.00619007 -0.00843004           0
Repeater1[0]<--->HoM1[0]
REAL
     0.40498    0.0114633  -0.00412169     0.334478
   0.0114633     0.100917     0.065146   0.00223963
 -0.00412169     0.065146      0.08519 -0.000798293
    0.334478   0.00223963 -0.000798293     0.408912
IMAGINARY
           0  0.000423185  -0.00631746   -0.0221012
-0.000423185            0   -0.0118184   -0.0231714
  0.00631746    0.0118184            0   0.00809582
   0.0221012    0.0231714  -0.00809582            0
EndNode1[0]<--->Repeater1[0]
REAL
   0.408344 -0.00964996   -0.010459    0.339548
-0.00964996   0.0935525   0.0576602 -0.00984554
  -0.010459   0.0576602   0.0986094 0.000766709
   0.339548 -0.00984554 0.000766709    0.399494
IMAGINARY
           0    0.0168017 -0.000582516    0.0103441
  -0.0168017            0   0.00240758  -0.00451952
 0.000582516  -0.00240758            0  -0.00532215
  -0.0103441   0.00451952   0.00532215            0
EndNode2[0]<--->HoM1[0]
REAL
   0.430675   0.0018341  -0.0126802     0.34039
  0.0018341   0.0871166   0.0429212  0.00657441
 -0.0126802   0.0429212   0.0883436 -0.00522623
    0.34039  0.00657441 -0.00522623    0.393865
IMAGINARY
          0 -0.00907156  -0.0182943  -0.0134525
 0.00907156           0  0.00351875   0.0302493
  0.0182943 -0.00351875           0 -0.00288344
  0.0134525  -0.0302493  0.00288344           0
Repeater1[0]<--->EndNode1[0]
REAL
   0.408344   -0.010459 -0.00964996    0.339548
  -0.010459   0.0986094   0.0576602 0.000766709
-0.00964996   0.0576602   0.0935525 -0.00984554
   0.339548 0.000766709 -0.00984554    0.399494
IMAGINARY
           0 -0.000582516    0.0168017    0.0103441
 0.000582516            0  -0.00240758  -0.00532215
  -0.0168017   0.00240758            0  -0.00451952
  -0.0103441   0.00532215   0.00451952            0
Repeater1[0]<--->HoM1[0]
REAL
   0.430675  -0.0126802   0.0018341     0.34039
 -0.0126802   0.0883436   0.0429212 -0.00522623
  0.0018341   0.0429212   0.0871166  0.00657441
    0.34039 -0.00522623  0.00657441    0.393865
IMAGINARY
          0  -0.0182943 -0.00907156  -0.0134525
  0.0182943           0 -0.00351875 -0.00288344
 0.00907156  0.00351875           0   0.0302493
  0.0134525  0.00288344  -0.0302493           0
EndNode1[0]<--->Repeater1[0]
REAL
   0.401515   0.0031608   0.0181619    0.339125
  0.0031608   0.0959596   0.0514801 -0.00979644
  0.0181619   0.0514801    0.106061  -0.0115263
   0.339125 -0.00979644  -0.0115263    0.396465
IMAGINARY
          0  0.00277645  -0.0242915 -0.00317426
-0.00277645           0   0.0125325 -0.00337899
  0.0242915  -0.0125325           0   0.0158851
 0.00317426  0.00337899  -0.0158851           0
EndNode2[0]<--->HoM1[0]
REAL
     0.40051  -0.00939507  -0.00683796     0.334799
 -0.00939507     0.118622    0.0487353 -0.000524827
 -0.00683796    0.0487353     0.107143   0.00872573
    0.334799 -0.000524827   0.00872573     0.373724
IMAGINARY
          0  0.00402732   0.0102838 -0.00421396
-0.00402732           0 -0.00988861  0.00438608
 -0.0102838  0.00988861           0   0.0143101
 0.00421396 -0.00438608  -0.0143101           0
Repeater1[0]<--->EndNode1[0]
REAL
   0.401515   0.0181619   0.0031608    0.339125
  0.0181619    0.106061   0.0514801  -0.0115263
  0.0031608   0.0514801   0.0959596 -0.00979644
   0.339125  -0.0115263 -0.00979644    0.396465
IMAGINARY
          0  -0.0242915  0.00277645 -0.00317426
  0.0242915           0  -0.0125325   0.0158851
-0.00277645   0.0125325           0 -0.00337899
 0.00317426  -0.0158851  0.00337899           0
Repeater1[0]<--->HoM1[0]
REAL
     0.40051  -0.00683796  -0.00939507     0.334799
 -0.00683796     0.107143    0.0487353   0.00872573
 -0.00939507    0.0487353     0.118622 -0.000524827
    0.334799   0.00872573 -0.000524827     0.373724
IMAGINARY
          0   0.0102838  0.00402732 -0.00421396
 -0.0102838           0  0.00988861   0.0143101
-0.00402732 -0.00988861           0  0.00438608
 0.00421396  -0.0143101 -0.00438608           0
EndNode1[0]<--->Repeater1[0]
REAL
   0.409877 -0.00114701  0.00596815    0.332969
-0.00114701   0.0901235    0.069219  -0.0169077
 0.00596815    0.069219   0.0802469  0.00565151
   0.332969  -0.0169077  0.00565151    0.419753
IMAGINARY
          0   0.0203653  0.00836927  0.00634307
 -0.0203653           0   0.0265517  0.00163073
-0.00836927  -0.0265517           0  0.00088474
-0.00634307 -0.00163073 -0.00088474           0
EndNode2[0]<--->HoM1[0]
REAL
     0.39072  -0.00935873 -1.34235e-05      0.34489
 -0.00935873      0.10989    0.0275326   0.00259074
-1.34235e-05    0.0275326    0.0818071   0.00549275
     0.34489   0.00259074   0.00549275     0.417582
IMAGINARY
          0  -0.0310352   0.0185533  0.00547804
  0.0310352           0  0.00611989  0.00994407
 -0.0185533 -0.00611989           0  -0.0143016
-0.00547804 -0.00994407   0.0143016           0
Repeater1[0]<--->EndNode1[0]
REAL
   0.409877  0.00596815 -0.00114701    0.332969
 0.00596815   0.0802469    0.069219  0.00565151
-0.00114701    0.069219   0.0901235  -0.0169077
   0.332969  0.00565151  -0.0169077    0.419753
IMAGINARY
          0  0.00836927   0.0203653  0.00634307
-0.00836927           0  -0.0265517  0.00088474
 -0.0203653   0.0265517           0  0.00163073
-0.00634307 -0.00088474 -0.00163073           0
Repeater1[0]<--->HoM1[0]
REAL
     0.39072 -1.34235e-05  -0.00935873      0.34489
-1.34235e-05    0.0818071    0.0275326   0.00549275
 -0.00935873    0.0275326      0.10989   0.00259074
     0.34489   0.00549275   0.00259074     0.417582
IMAGINARY
          0   0.0185533  -0.0310352  0.00547804
 -0.0185533           0 -0.00611989  -0.0143016
  0.0310352  0.00611989           0  0.00994407
-0.00547804   0.0143016 -0.00994407           0
EndNode1[0]<--->Repeater1[0]
REAL
   0.412678   0.0149244 -0.00325393    0.316409
  0.0149244   0.0866753    0.069126  0.00639858
-0.00325393    0.069126   0.0918499  -0.0256162
   0.316409  0.00639858  -0.0256162    0.408797
IMAGINARY
           0    0.0153307  -0.00940325  -0.00676754
  -0.0153307            0    0.0179078   0.00668586
  0.00940325   -0.0179078            0  0.000973647
  0.00676754  -0.00668586 -0.000973647            0
EndNode2[0]<--->HoM1[0]
REAL
 0.411543 0.0235485 0.0167061  0.328564
0.0235485  0.102886 0.0588356 0.0154654
0.0167061 0.0588356 0.0903388 0.0086231
 0.328564 0.0154654 0.0086231  0.395232
IMAGINARY
          0 -0.00677909   0.0290491   0.0245186
 0.00677909           0  -0.0022089  0.00652658
 -0.0290491   0.0022089           0  -0.0106853
 -0.0245186 -0.00652658   0.0106853           0
Repeater1[0]<--->EndNode1[0]
REAL
   0.412678 -0.00325393   0.0149244    0.316409
-0.00325393   0.0918499    0.069126  -0.0256162
  0.0149244    0.069126   0.0866753  0.00639858
   0.316409  -0.0256162  0.00639858    0.408797
IMAGINARY
           0  -0.00940325    0.0153307  -0.00676754
  0.00940325            0   -0.0179078  0.000973647
  -0.0153307    0.0179078            0   0.00668586
  0.00676754 -0.000973647  -0.00668586            0
Repeater1[0]<--->HoM1[0]
REAL
 0.411543 0.0167061 0.0235485  0.328564
0.0167061 0.0903388 0.0588356 0.0086231
0.0235485 0.0588356  0.102886 0.0154654
 0.328564 0.0086231 0.0154654  0.395232
IMAGINARY
          0   0.0290491 -0.00677909   0.0245186
 -0.0290491           0   0.0022089  -0.0106853
 0.00677909  -0.0022089           0  0.00652658
 -0.0245186   0.0106853 -0.00652658           0
EndNode1[0]<--->Repeater1[0]
REAL
  0.403531 -0.0079992 0.00430451   0.321883
-0.0079992  0.0920555  0.0619344 -0.0119117
0.00430451  0.0619344   0.105927  -0.010673
  0.321883 -0.0119117  -0.010673   0.398487
IMAGINARY
          0 -0.00695149   0.0157943   0.0110906
 0.00695149           0   0.0134603 -0.00873398
 -0.0157943  -0.0134603           0  -0.0116621
 -0.0110906  0.00873398   0.0116621           0
EndNode2[0]<--->HoM1[0]
REAL
   0.396129  -0.0160473 -0.00862335    0.333917
 -0.0160473   0.0735484   0.0378136  0.00800069
-0.00862335   0.0378136    0.101935   0.0141794
   0.333917  0.00800069   0.0141794    0.428387
IMAGINARY
          0   0.0119379 -0.00649351  -0.0124153
 -0.0119379           0  0.00789921 -0.00649351
 0.00649351 -0.00789921           0 -0.00284702
  0.0124153  0.00649351  0.00284702           0
Repeater1[0]<--->EndNode1[0]
REAL
  0.403531 0.00430451 -0.0079992   0.321883
0.00430451   0.105927  0.0619344  -0.010673
-0.0079992  0.0619344  0.0920555 -0.0119117
  0.321883  -0.010673 -0.0119117   0.398487
IMAGINARY
          0   0.0157943 -0.00695149   0.0110906
 -0.0157943           0  -0.0134603  -0.0116621
 0.00695149   0.0134603           0 -0.00873398
 -0.0110906   0.0116621  0.00873398           0
Repeater1[0]<--->HoM1[0]
REAL
   0.396129 -0.00862335  -0.0160473    0.333917
-0.00862335    0.101935   0.0378136   0.0141794
 -0.0160473   0.0378136   0.0735484  0.00800069
   0.333917   0.0141794  0.00800069    0.428387
IMAGINARY
          0 -0.00649351   0.0119379  -0.0124153
 0.00649351           0 -0.00789921 -0.00284702
 -0.0119379  0.00789921           0 -0.00649351
  0.0124153  0.00284702  0.00649351           0
EndNode1[0]<--->Repeater1[0]
REAL
   0.395913  -0.0228555 -0.00898095    0.328832
 -0.0228555    0.103448   0.0740179  0.00509494
-0.00898095   0.0740179    0.104725  0.00731142
   0.328832  0.00509494  0.00731142    0.395913
IMAGINARY
           0    0.0119091  -0.00736287  0.000620453
  -0.0119091            0  -0.00195024  -0.00996704
  0.00736287   0.00195024            0    0.0041371
-0.000620453   0.00996704   -0.0041371            0
EndNode2[0]<--->HoM1[0]
REAL
   0.413015   0.0115363   0.0140742    0.314221
  0.0115363    0.108898   0.0707918 -0.00115426
  0.0140742   0.0707918     0.10093  0.00267556
   0.314221 -0.00115426  0.00267556    0.377158
IMAGINARY
           0 -0.000674756    0.0214976    0.0217817
 0.000674756            0   -0.0124649   0.00165634
  -0.0214976    0.0124649            0   -0.0137182
  -0.0217817  -0.00165634    0.0137182            0
Repeater1[0]<--->EndNode1[0]
REAL
   0.395913 -0.00898095  -0.0228555    0.328832
-0.00898095    0.104725   0.0740179  0.00731142
 -0.0228555   0.0740179    0.103448  0.00509494
   0.328832  0.00731142  0.00509494    0.395913
IMAGINARY
           0  -0.00736287    0.0119091  0.000620453
  0.00736287            0   0.00195024    0.0041371
  -0.0119091  -0.00195024            0  -0.00996704
-0.000620453   -0.0041371   0.00996704            0
Repeater1[0]<--->HoM1[0]
REAL
   0.413015   0.0140742   0.0115363    0.314221
  0.0140742     0.10093   0.0707918  0.00267556
  0.0115363   0.0707918    0.108898 -0.00115426
   0.314221  0.00267556 -0.00115426    0.377158
IMAGINARY
           0    0.0214976 -0.000674756    0.0217817
  -0.0214976            0    0.0124649   -0.0137182
 0.000674756   -0.0124649            0   0.00165634
  -0.0217817    0.0137182  -0.00165634            0
EndNode1[0]<--->Repeater1[0]
REAL
    0.393216  -0.00715815 -0.000323415     0.335882
 -0.00715815     0.080402    0.0632126 -0.000323415
-0.000323415    0.0632126     0.119347   0.00392399
    0.335882 -0.000323415   0.00392399     0.407035
IMAGINARY
          0  0.00543275   0.0012885  -0.0260893
-0.00543275           0   0.0182971  0.00573577
 -0.0012885  -0.0182971           0  0.00286865
  0.0260893 -0.00573577 -0.00286865           0
EndNode2[0]<--->HoM1[0]
REAL
   0.413836   0.0389171   0.0387276     0.33075
  0.0389171    0.103145   0.0632471 -0.00105204
  0.0387276   0.0632471   0.0955975 -0.00507295
    0.33075 -0.00105204 -0.00507295    0.387421
IMAGINARY
          0   0.0228736  0.00684733  0.00981711
 -0.0228736           0  0.00668035  -0.0101498
-0.00684733 -0.00668035           0  0.00420696
-0.00981711   0.0101498 -0.00420696           0
Repeater1[0]<--->EndNode1[0]
REAL
    0.393216 -0.000323415  -0.00715815     0.335882
-0.000323415     0.119347    0.0632126   0.00392399
 -0.00715815    0.0632126     0.080402 -0.000323415
    0.335882   0.00392399 -0.000323415     0.407035
IMAGINARY
          0   0.0012885  0.00543275  -0.0260893
 -0.0012885           0  -0.0182971  0.00286865
-0.00543275   0.0182971           0  0.00573577
  0.0260893 -0.00286865 -0.00573577           0
Repeater1[0]<--->HoM1[0]
REAL
   0.413836   0.0387276   0.0389171     0.33075
  0.0387276   0.0955975   0.0632471 -0.00507295
  0.0389171   0.0632471    0.103145 -0.00105204
    0.33075 -0.00507295 -0.00105204    0.387421
IMAGINARY
          0  0.00684733   0.0228736  0.00981711
-0.00684733           0 -0.00668035  0.00420696
 -0.0228736  0.00668035           0  -0.0101498
-0.00981711 -0.00420696   0.0101498           0
EndNode1[0]<--->Repeater1[0]
REAL
 0.393548 0.0156109 0.0324239  0.327107
0.0156109 0.0929032 0.0666758 0.0167989
0.0324239 0.0666758 0.0890323 0.0180679
 0.327107 0.0167989 0.0180679  0.424516
IMAGINARY
          0  -0.0264913  0.00275844   0.0119616
  0.0264913           0  -0.0132536 -0.00343138
-0.00275844   0.0132536           0  -0.0105208
 -0.0119616  0.00343138   0.0105208           0
EndNode2[0]<--->HoM1[0]
REAL
   0.392031    0.026225   0.0225674    0.332036
   0.026225    0.141388   0.0571329 0.000102663
  0.0225674   0.0571329   0.0912596  0.00652058
   0.332036 0.000102663  0.00652058    0.375321
IMAGINARY
           0   0.00287336  -0.00743312  -0.00973434
 -0.00287336            0  -0.00529834   0.00937361
  0.00743312   0.00529834            0  0.000360795
  0.00973434  -0.00937361 -0.000360795            0
Repeater1[0]<--->EndNode1[0]
REAL
 0.393548 0.0324239 0.0156109  0.327107
0.0324239 0.0890323 0.0666758 0.0180679
0.0156109 0.0666758 0.0929032 0.0167989
 0.327107 0.0180679 0.0167989  0.424516
IMAGINARY
          0  0.00275844  -0.0264913   0.0119616
-0.00275844           0   0.0132536  -0.0105208
  0.0264913  -0.0132536           0 -0.00343138
 -0.0119616   0.0105208  0.00343138           0
Repeater1[0]<--->HoM1[0]
REAL
   0.392031   0.0225674    0.026225    0.332036
  0.0225674   0.0912596   0.0571329  0.00652058
   0.026225   0.0571329    0.141388 0.000102663
   0.332036  0.00652058 0.000102663    0.375321
IMAGINARY
           0  -0.00743312   0.00287336  -0.00973434
  0.00743312            0   0.00529834  0.000360795
 -0.00287336  -0.00529834            0   0.00937361
  0.00973434 -0.000360795  -0.00937361            0
EndNode1[0]<--->Repeater1[0]
REAL
  0.389333 -0.0176683 0.00377291   0.334421
-0.0176683   0.106667  0.0443294 -0.0250229
0.00377291  0.0443294   0.117333 0.00516827
  0.334421 -0.0250229 0.00516827   0.386667
IMAGINARY
           0   0.00429902  -0.00845259    0.0114169
 -0.00429902            0   -0.0300339 -2.19833e-05
  0.00845259    0.0300339            0    0.0080869
  -0.0114169  2.19833e-05   -0.0080869            0
EndNode2[0]<--->HoM1[0]
REAL
   0.410323    0.009862 -0.00344483    0.326616
   0.009862   0.0877419   0.0581945 -0.00541593
-0.00344483   0.0581945    0.100645  -0.0174569
   0.326616 -0.00541593  -0.0174569     0.40129
IMAGINARY
           0   0.00601504  0.000642354   -0.0152156
 -0.00601504            0   -0.0297435   -0.0111687
-0.000642354    0.0297435            0    0.0203008
   0.0152156    0.0111687   -0.0203008            0
Repeater1[0]<--->EndNode1[0]
REAL
  0.389333 0.00377291 -0.0176683   0.334421
0.00377291   0.117333  0.0443294 0.00516827
-0.0176683  0.0443294   0.106667 -0.0250229
  0.334421 0.00516827 -0.0250229   0.386667
IMAGINARY
           0  -0.00845259   0.00429902    0.0114169
  0.00845259            0    0.0300339    0.0080869
 -0.00429902   -0.0300339            0 -2.19833e-05
  -0.0114169   -0.0080869  2.19833e-05            0
Repeater1[0]<--->HoM1[0]
REAL
   0.410323 -0.00344483    0.009862    0.326616
-0.00344483    0.100645   0.0581945  -0.0174569
   0.009862   0.0581945   0.0877419 -0.00541593
   0.326616  -0.0174569 -0.00541593     0.40129
IMAGINARY
           0  0.000642354   0.00601504   -0.0152156
-0.000642354            0    0.0297435    0.0203008
 -0.00601504   -0.0297435            0   -0.0111687
   0.0152156   -0.0203008    0.0111687            0
EndNode1[0]<--->Repeater1[0]
REAL
  0.368359 -0.0112875 0.00868639   0.338986
-0.0112875   0.102715  0.0594096 -0.0100233
0.00868639  0.0594096   0.103896 0.00727683
  0.338986 -0.0100233 0.00727683    0.42503
IMAGINARY
           0   0.00288645 -0.000299622 -0.000216468
 -0.00288645            0    0.0146992   -0.0165123
 0.000299622   -0.0146992            0  0.000226875
 0.000216468    0.0165123 -0.000226875            0
EndNode2[0]<--->HoM1[0]
REAL
   0.426336 -0.00887732 -0.00478246    0.342576
-0.00887732   0.0769231   0.0624519   0.0103691
-0.00478246   0.0624519    0.112125   0.0116706
   0.342576   0.0103691   0.0116706    0.384615
IMAGINARY
           0     0.011306    -0.010559   -0.0135006
   -0.011306            0   -0.0284349  -0.00993789
    0.010559    0.0284349            0  0.000495216
   0.0135006   0.00993789 -0.000495216            0
Repeater1[0]<--->EndNode1[0]
REAL
  0.368359 0.00868639 -0.0112875   0.338986
0.00868639   0.103896  0.0594096 0.00727683
-0.0112875  0.0594096   0.102715 -0.0100233
  0.338986 0.00727683 -0.0100233    0.42503
IMAGINARY
           0 -0.000299622   0.00288645 -0.000216468
 0.000299622            0   -0.0146992  0.000226875
 -0.00288645    0.0146992            0   -0.0165123
 0.000216468 -0.000226875    0.0165123            0
Repeater1[0]<--->HoM1[0]
REAL
   0.426336 -0.00478246 -0.00887732    0.342576
-0.00478246    0.112125   0.0624519   0.0116706
-0.00887732   0.0624519   0.0769231   0.0103691
   0.342576   0.0116706   0.0103691    0.384615
IMAGINARY
           0    -0.010559     0.011306   -0.0135006
    0.010559            0    0.0284349  0.000495216
   -0.011306   -0.0284349            0  -0.00993789
   0.0135006 -0.000495216   0.00993789            0
EndNode1[0]<--->Repeater1[0]
REAL
  0.420079  0.0116768 0.00251661   0.343088
 0.0116768   0.103038  0.0512613  0.0011689
0.00251661  0.0512613   0.109643 0.00675071
  0.343088  0.0011689 0.00675071   0.367239
IMAGINARY
           0  -0.00313802  0.000721642   0.00919947
  0.00313802            0    -0.010434  -0.00519163
-0.000721642     0.010434            0  -0.00644053
 -0.00919947   0.00519163   0.00644053            0
EndNode2[0]<--->HoM1[0]
REAL
 0.399481 0.0116721 0.0111083  0.326861
0.0116721  0.108949 0.0765337 0.0123904
0.0111083 0.0765337  0.101167 0.0170485
 0.326861 0.0123904 0.0170485  0.390402
IMAGINARY
          0 -0.00163399 -0.00376044  -0.0175834
 0.00163399           0  0.00476293  0.00572123
 0.00376044 -0.00476293           0 -0.00163399
  0.0175834 -0.00572123  0.00163399           0
Repeater1[0]<--->EndNode1[0]
REAL
  0.420079 0.00251661  0.0116768   0.343088
0.00251661   0.109643  0.0512613 0.00675071
 0.0116768  0.0512613   0.103038  0.0011689
  0.343088 0.00675071  0.0011689   0.367239
IMAGINARY
           0  0.000721642  -0.00313802   0.00919947
-0.000721642            0     0.010434  -0.00644053
  0.00313802    -0.010434            0  -0.00519163
 -0.00919947   0.00644053   0.00519163            0
Repeater1[0]<--->HoM1[0]
REAL
 0.399481 0.0111083 0.0116721  0.326861
0.0111083  0.101167 0.0765337 0.0170485
0.0116721 0.0765337  0.108949 0.0123904
 0.326861 0.0170485 0.0123904  0.390402
IMAGINARY
          0 -0.00376044 -0.00163399  -0.0175834
 0.00376044           0 -0.00476293 -0.00163399
 0.00163399  0.00476293           0  0.00572123
  0.0175834  0.00163399 -0.00572123           0
EndNode1[0]<--->Repeater1[0]
REAL
   0.411261   0.0302952  0.00367277     0.32264
  0.0302952    0.117503   0.0665422  0.00820058
 0.00367277   0.0665422   0.0942472 -0.00786778
    0.32264  0.00820058 -0.00786778    0.376989
IMAGINARY
          0  0.00804208  -0.0060866  0.00738221
-0.00804208           0  -0.0180205 -0.00204348
  0.0060866   0.0180205           0  -0.0215922
-0.00738221  0.00204348   0.0215922           0
EndNode2[0]<--->HoM1[0]
REAL
   0.387097  -0.0046703   0.0103157    0.336829
 -0.0046703    0.123871   0.0626351 0.000408165
  0.0103157   0.0626351   0.0877419 0.000648851
   0.336829 0.000408165 0.000648851     0.40129
IMAGINARY
          0  -0.0018465  -0.0155995  0.00344901
  0.0018465           0   0.0153389 -0.00440053
  0.0155995  -0.0153389           0   0.0153949
-0.00344901  0.00440053  -0.0153949           0
Repeater1[0]<--->EndNode1[0]
REAL
   0.411261  0.00367277   0.0302952     0.32264
 0.00367277   0.0942472   0.0665422 -0.00786778
  0.0302952   0.0665422    0.117503  0.00820058
    0.32264 -0.00786778  0.00820058    0.376989
IMAGINARY
          0  -0.0060866  0.00804208  0.00738221
  0.0060866           0   0.0180205  -0.0215922
-0.00804208  -0.0180205           0 -0.00204348
-0.00738221   0.0215922  0.00204348           0
Repeater1[0]<--->HoM1[0]
REAL
   0.387097   0.0103157  -0.0046703    0.336829
  0.0103157   0.0877419   0.0626351 0.000648851
 -0.0046703   0.0626351    0.123871 0.000408165
   0.336829 0.000648851 0.000408165     0.40129
IMAGINARY
          0  -0.0155995  -0.0018465  0.00344901
  0.0155995           0  -0.0153389   0.0153949
  0.0018465   0.0153389           0 -0.00440053
-0.00344901  -0.0153949  0.00440053           0
EndNode1[0]<--->Repeater1[0]
REAL
   0.377863   0.0118448  0.00582147    0.327351
  0.0118448    0.108142   0.0562196 -0.00776197
 0.00582147   0.0562196    0.109415  0.00432598
   0.327351 -0.00776197  0.00432598     0.40458
IMAGINARY
          0  -0.0160979 -0.00901208 -0.00659901
  0.0160979           0  0.00912426 -0.00204123
 0.00901208 -0.00912426           0  0.00114345
 0.00659901  0.00204123 -0.00114345           0
EndNode2[0]<--->HoM1[0]
REAL
  0.409147 -0.0197171 -0.0261568   0.343959
-0.0197171   0.111248  0.0304425 0.00821418
-0.0261568  0.0304425  0.0778739  0.0077554
  0.343959 0.00821418  0.0077554   0.401731
IMAGINARY
          0  0.00457219  -0.0251678   -0.003619
-0.00457219           0   0.0153683  -0.0017408
  0.0251678  -0.0153683           0   0.0310974
   0.003619   0.0017408  -0.0310974           0
Repeater1[0]<--->EndNode1[0]
REAL
   0.377863  0.00582147   0.0118448    0.327351
 0.00582147    0.109415   0.0562196  0.00432598
  0.0118448   0.0562196    0.108142 -0.00776197
   0.327351  0.00432598 -0.00776197     0.40458
IMAGINARY
          0 -0.00901208  -0.0160979 -0.00659901
 0.00901208           0 -0.00912426  0.00114345
  0.0160979  0.00912426           0 -0.00204123
 0.00659901 -0.00114345  0.00204123           0
Repeater1[0]<--->HoM1[0]
REAL
  0.409147 -0.0261568 -0.0197171   0.343959
-0.0261568  0.0778739  0.0304425  0.0077554
-0.0197171  0.0304425   0.111248 0.00821418
  0.343959  0.0077554 0.00821418   0.401731
IMAGINARY
          0  -0.0251678  0.00457219   -0.003619
  0.0251678           0  -0.0153683   0.0310974
-0.00457219   0.0153683           0  -0.0017408
   0.003619  -0.0310974   0.0017408           0
EndNode1[0]<--->Repeater1[0]
REAL
   0.420079   0.0153419   -0.003675    0.334449
  0.0153419    0.103038   0.0436329  0.00778459
  -0.003675   0.0436329    0.100396 -0.00712276
   0.334449  0.00778459 -0.00712276    0.376486
IMAGINARY
          0  0.00448351  0.00669928  -0.0062643
-0.00448351           0   0.0154748  0.00222929
-0.00669928  -0.0154748           0  0.00699608
  0.0062643 -0.00222929 -0.00699608           0
EndNode2[0]<--->HoM1[0]
REAL
   0.385656  0.00273998   0.0209171    0.341542
 0.00273998    0.112314    0.045379 -0.00456833
  0.0209171    0.045379    0.116373  0.00134722
   0.341542 -0.00456833  0.00134722    0.385656
IMAGINARY
           0    0.0142565 -0.000790277  -0.00873694
  -0.0142565            0   0.00558436   0.00678548
 0.000790277  -0.00558436            0   -0.0178536
  0.00873694  -0.00678548    0.0178536            0
Repeater1[0]<--->EndNode1[0]
REAL
   0.420079   -0.003675   0.0153419    0.334449
  -0.003675    0.100396   0.0436329 -0.00712276
  0.0153419   0.0436329    0.103038  0.00778459
   0.334449 -0.00712276  0.00778459    0.376486
IMAGINARY
          0  0.00669928  0.00448351  -0.0062643
-0.00669928           0  -0.0154748  0.00699608
-0.00448351   0.0154748           0  0.00222929
  0.0062643 -0.00699608 -0.00222929           0
Repeater1[0]<--->HoM1[0]
REAL
   0.385656   0.0209171  0.00273998    0.341542
  0.0209171    0.116373    0.045379  0.00134722
 0.00273998    0.045379    0.112314 -0.00456833
   0.341542  0.00134722 -0.00456833    0.385656
IMAGINARY
           0 -0.000790277    0.0142565  -0.00873694
 0.000790277            0  -0.00558436   -0.0178536
  -0.0142565   0.00558436            0   0.00678548
  0.00873694    0.0178536  -0.00678548            0
EndNode1[0]<--->Repeater1[0]
REAL
  0.419236  0.0143569  0.0119554   0.329948
 0.0143569  0.0974106  0.0611908 0.00196868
 0.0119554  0.0611908  0.0924784 0.00209882
  0.329948 0.00196868 0.00209882   0.390875
IMAGINARY
          0    0.010618  -0.0110209   0.0194026
  -0.010618           0   0.0138471 -0.00435424
  0.0110209  -0.0138471           0 -0.00262289
 -0.0194026  0.00435424  0.00262289           0
EndNode2[0]<--->HoM1[0]
REAL
   0.395288   0.0100034   0.0128297    0.340065
  0.0100034    0.111257   0.0530166  0.00415145
  0.0128297   0.0530166   0.0942408 -0.00182727
   0.340065  0.00415145 -0.00182727    0.399215
IMAGINARY
          0 -0.00823678  0.00944758   0.0133415
 0.00823678           0  0.00558406 -0.00135293
-0.00944758 -0.00558406           0 -0.00110319
 -0.0133415  0.00135293  0.00110319           0
Repeater1[0]<--->EndNode1[0]
REAL
  0.419236  0.0119554  0.0143569   0.329948
 0.0119554  0.0924784  0.0611908 0.00209882
 0.0143569  0.0611908  0.0974106 0.00196868
  0.329948 0.00209882 0.00196868   0.390875
IMAGINARY
          0  -0.0110209    0.010618   0.0194026
  0.0110209           0  -0.0138471 -0.00262289
  -0.010618   0.0138471           0 -0.00435424
 -0.0194026  0.00262289  0.00435424           0
Repeater1[0]<--->HoM1[0]
REAL
   0.395288   0.0128297   0.0100034    0.340065
  0.0128297   0.0942408   0.0530166 -0.00182727
  0.0100034   0.0530166    0.111257  0.00415145
   0.340065 -0.00182727  0.00415145    0.399215
IMAGINARY
          0  0.00944758 -0.00823678   0.0133415
-0.00944758           0 -0.00558406 -0.00110319
 0.00823678  0.00558406           0 -0.00135293
 -0.0133415  0.00110319  0.00135293           0
EndNode1[0]<--->Repeater1[0]
REAL
   0.413043 -0.00558454  0.00631438    0.342018
-0.00558454    0.106138   0.0505548  -0.0235558
 0.00631438   0.0505548    0.103581  -0.0262457
   0.342018  -0.0235558  -0.0262457    0.377238
IMAGINARY
           0   0.00149438  -0.00403954   -0.0111472
 -0.00149438            0   -0.0151686 -0.000838512
  0.00403954    0.0151686            0    -0.014909
   0.0111472  0.000838512     0.014909            0
EndNode2[0]<--->HoM1[0]
REAL
   0.405612  0.00561427   0.0197816    0.319798
 0.00561427   0.0931122   0.0662125   0.0164878
  0.0197816   0.0662125    0.105867 -0.00561427
   0.319798   0.0164878 -0.00561427    0.395408
IMAGINARY
           0   0.00967845  -0.00167406  -0.00959883
 -0.00967845            0   0.00409087  -0.00419295
  0.00167406  -0.00409087            0  9.99066e-05
  0.00959883   0.00419295 -9.99066e-05            0
Repeater1[0]<--->EndNode1[0]
REAL
   0.413043  0.00631438 -0.00558454    0.342018
 0.00631438    0.103581   0.0505548  -0.0262457
-0.00558454   0.0505548    0.106138  -0.0235558
   0.342018  -0.0262457  -0.0235558    0.377238
IMAGINARY
           0  -0.00403954   0.00149438   -0.0111472
  0.00403954            0    0.0151686    -0.014909
 -0.00149438   -0.0151686            0 -0.000838512
   0.0111472     0.014909  0.000838512            0
Repeater1[0]<--->HoM1[0]
REAL
   0.405612   0.0197816  0.00561427    0.319798
  0.0197816    0.105867   0.0662125 -0.00561427
 0.00561427   0.0662125   0.0931122   0.0164878
   0.319798 -0.00561427   0.0164878    0.395408
IMAGINARY
           0  -0.00167406   0.00967845  -0.00959883
  0.00167406            0  -0.00409087  9.99066e-05
 -0.00967845   0.00409087            0  -0.00419295
  0.00959883 -9.99066e-05   0.00419295            0
EndNode1[0]<--->Repeater1[0]
REAL
    0.38601 -0.00718242 -0.00578595    0.302765
-0.00718242   0.0945596   0.0633963  0.00452333
-0.00578595   0.0633963    0.121762 -0.00418122
   0.302765  0.00452333 -0.00418122    0.397668
IMAGINARY
          0 -0.00412128  -0.0018929 -0.00123414
 0.00412128           0 -0.00685212 -0.00976691
  0.0018929  0.00685212           0  -0.0198842
 0.00123414  0.00976691   0.0198842           0
EndNode2[0]<--->HoM1[0]
REAL
   0.430968  0.00657139 -0.00330593    0.358537
 0.00657139   0.0864516    0.047123 0.000610516
-0.00330593    0.047123    0.113548 -0.00118055
   0.358537 0.000610516 -0.00118055    0.369032
IMAGINARY
          0   0.0121701  -0.0155262 -0.00833842
 -0.0121701           0  -0.0304163   0.0056006
  0.0155262   0.0304163           0 -0.00472598
 0.00833842  -0.0056006  0.00472598           0
Repeater1[0]<--->EndNode1[0]
REAL
    0.38601 -0.00578595 -0.00718242    0.302765
-0.00578595    0.121762   0.0633963 -0.00418122
-0.00718242   0.0633963   0.0945596  0.00452333
   0.302765 -0.00418122  0.00452333    0.397668
IMAGINARY
          0  -0.0018929 -0.00412128 -0.00123414
  0.0018929           0  0.00685212  -0.0198842
 0.00412128 -0.00685212           0 -0.00976691
 0.00123414   0.0198842  0.00976691           0
Repeater1[0]<--->HoM1[0]
REAL
   0.430968 -0.00330593  0.00657139    0.358537
-0.00330593    0.113548    0.047123 -0.00118055
 0.00657139    0.047123   0.0864516 0.000610516
   0.358537 -0.00118055 0.000610516    0.369032
IMAGINARY
          0  -0.0155262   0.0121701 -0.00833842
  0.0155262           0   0.0304163 -0.00472598
 -0.0121701  -0.0304163           0   0.0056006
 0.00833842  0.00472598  -0.0056006           0
EndNode1[0]<--->Repeater1[0]
REAL
   0.407115  0.00996569  0.00285597    0.362211
 0.00996569    0.104084   0.0404552    0.013144
 0.00285597   0.0404552   0.0948617 -0.00596569
   0.362211    0.013144 -0.00596569    0.393939
IMAGINARY
          0 -0.00763695  0.00916153 -0.00900981
 0.00763695           0  -0.0108413  0.00591055
-0.00916153   0.0108413           0  0.00567103
 0.00900981 -0.00591055 -0.00567103           0
EndNode2[0]<--->HoM1[0]
REAL
  0.367041 -0.0164626 -0.0259749   0.327599
-0.0164626  0.0973783  0.0498208 -0.0404768
-0.0259749  0.0498208   0.104869 -0.0151503
  0.327599 -0.0404768 -0.0151503   0.430712
IMAGINARY
          0   0.0308292  -0.0151812  -0.0152301
