EndNode1[0]<--->Repeater1[0]
REAL
   0.365262 -0.00293259  -0.0157036    0.190968
-0.00293259     0.16092   0.0393121   0.0207927
 -0.0157036   0.0393121    0.148148   0.0207443
   0.190968   0.0207927   0.0207443     0.32567
IMAGINARY
          0  0.00852489  0.00897244   0.0188056
-0.00852489           0 -0.00588573  -0.0136082
-0.00897244  0.00588573           0  0.00273339
 -0.0188056   0.0136082 -0.00273339           0
EndNode2[0]<--->HoM1[0]
REAL
     0.36399    0.0153469    0.0264253     0.157554
   0.0153469     0.148964     0.050041   -0.0049063
   0.0264253     0.050041     0.151554 -0.000157001
    0.157554   -0.0049063 -0.000157001     0.335492
IMAGINARY
          0  -0.0075316   0.0216733 -0.00207756
  0.0075316           0 -0.00207756 -0.00871998
 -0.0216733  0.00207756           0  0.00105492
 0.00207756  0.00871998 -0.00105492           0
Repeater1[0]<--->EndNode1[0]
REAL
   0.365262  -0.0157036 -0.00293259    0.190968
 -0.0157036    0.148148   0.0393121   0.0207443
-0.00293259   0.0393121     0.16092   0.0207927
   0.190968   0.0207443   0.0207927     0.32567
IMAGINARY
          0  0.00897244  0.00852489   0.0188056
-0.00897244           0  0.00588573  0.00273339
-0.00852489 -0.00588573           0  -0.0136082
 -0.0188056 -0.00273339   0.0136082           0
Repeater1[0]<--->HoM1[0]
REAL
     0.36399    0.0264253    0.0153469     0.157554
   0.0264253     0.151554     0.050041 -0.000157001
   0.0153469     0.050041     0.148964   -0.0049063
    0.157554 -0.000157001   -0.0049063     0.335492
IMAGINARY
          0   0.0216733  -0.0075316 -0.00207756
 -0.0216733           0  0.00207756  0.00105492
  0.0075316 -0.00207756           0 -0.00871998
 0.00207756 -0.00105492  0.00871998           0
EndNode1[0]<--->Repeater1[0]
REAL
      0.356 -0.00846144  0.00127425    0.181149
-0.00846144    0.138667    0.057006  0.00371328
 0.00127425    0.057006    0.141333  0.00596767
   0.181149  0.00371328  0.00596767       0.364
IMAGINARY
          0   -0.020843   0.0114766   -0.010827
   0.020843           0   0.0193237  0.00567016
 -0.0114766  -0.0193237           0  0.00918315
   0.010827 -0.00567016 -0.00918315           0
EndNode2[0]<--->HoM1[0]
REAL
   0.369333 -0.00894812 -0.00422239    0.174401
-0.00894812       0.152   0.0410242  -0.0157244
-0.00422239   0.0410242    0.134667 -0.00833911
   0.174401  -0.0157244 -0.00833911       0.344
IMAGINARY
          0 -0.00870196  0.00824491  0.00749041
 0.00870196           0   0.0270364  0.00949491
-0.00824491  -0.0270364           0 -0.00246755
-0.00749041 -0.00949491  0.00246755           0
Repeater1[0]<--->EndNode1[0]
REAL
      0.356  0.00127425 -0.00846144    0.181149
 0.00127425    0.141333    0.057006  0.00596767
-0.00846144    0.057006    0.138667  0.00371328
   0.181149  0.00596767  0.00371328       0.364
IMAGINARY
          0   0.0114766   -0.020843   -0.010827
 -0.0114766           0  -0.0193237  0.00918315
   0.020843   0.0193237           0  0.00567016
   0.010827 -0.00918315 -0.00567016           0
Repeater1[0]<--->HoM1[0]
REAL
   0.369333 -0.00422239 -0.00894812    0.174401
-0.00422239    0.134667   0.0410242 -0.00833911
-0.00894812   0.0410242       0.152  -0.0157244
   0.174401 -0.00833911  -0.0157244       0.344
IMAGINARY
          0  0.00824491 -0.00870196  0.00749041
-0.00824491           0  -0.0270364 -0.00246755
 0.00870196   0.0270364           0  0.00949491
-0.00749041  0.00246755 -0.00949491           0
EndNode1[0]<--->Repeater1[0]
REAL
   0.332491  0.00741447 0.000631313    0.173858
 0.00741447    0.193426   0.0332123 -0.00694444
0.000631313   0.0332123    0.152971 -0.00110134
   0.173858 -0.00694444 -0.00110134    0.321113
IMAGINARY
           0  -0.00511423  -0.00163914   0.00632483
  0.00511423            0    0.0106619 -0.000379698
  0.00163914   -0.0106619            0  -0.00767177
 -0.00632483  0.000379698   0.00767177            0
EndNode2[0]<--->HoM1[0]
REAL
  0.338216  0.0192165  0.0139078   0.185907
 0.0192165   0.169108  0.0380195 -0.0182023
 0.0139078  0.0380195   0.131824 0.00225587
  0.185907 -0.0182023 0.00225587   0.360852
IMAGINARY
          0  0.00355569   0.0259521  -0.0100951
-0.00355569           0  -0.0265508  -0.0112274
 -0.0259521   0.0265508           0  -0.0144392
  0.0100951   0.0112274   0.0144392           0
Repeater1[0]<--->EndNode1[0]
REAL
   0.332491 0.000631313  0.00741447    0.173858
0.000631313    0.152971   0.0332123 -0.00110134
 0.00741447   0.0332123    0.193426 -0.00694444
   0.173858 -0.00110134 -0.00694444    0.321113
IMAGINARY
           0  -0.00163914  -0.00511423   0.00632483
  0.00163914            0   -0.0106619  -0.00767177
  0.00511423    0.0106619            0 -0.000379698
 -0.00632483   0.00767177  0.000379698            0
Repeater1[0]<--->HoM1[0]
REAL
  0.338216  0.0139078  0.0192165   0.185907
 0.0139078   0.131824  0.0380195 0.00225587
 0.0192165  0.0380195   0.169108 -0.0182023
  0.185907 0.00225587 -0.0182023   0.360852
IMAGINARY
          0   0.0259521  0.00355569  -0.0100951
 -0.0259521           0   0.0265508  -0.0144392
-0.00355569  -0.0265508           0  -0.0112274
  0.0100951   0.0144392   0.0112274           0
EndNode1[0]<--->Repeater1[0]
REAL
   0.345342 -0.00191334  0.00927532    0.176056
-0.00191334    0.142857   0.0526464   0.0162817
 0.00927532   0.0526464    0.135404   0.0104323
   0.176056   0.0162817   0.0104323    0.376398
IMAGINARY
          0 -0.00587428 -0.00950353  0.00496989
 0.00587428           0  0.00767991 -0.00194685
 0.00950353 -0.00767991           0  0.00714655
-0.00496989  0.00194685 -0.00714655           0
EndNode2[0]<--->HoM1[0]
REAL
   0.354839   0.0166094  0.00479648    0.159336
  0.0166094    0.127688   0.0626026   -0.011174
 0.00479648   0.0626026    0.153226 -0.00512977
   0.159336   -0.011174 -0.00512977    0.364247
IMAGINARY
          0 -0.00554734   0.0279918 -0.00693527
 0.00554734           0  0.00693527   0.0210032
 -0.0279918 -0.00693527           0   -0.027116
 0.00693527  -0.0210032    0.027116           0
Repeater1[0]<--->EndNode1[0]
REAL
   0.345342  0.00927532 -0.00191334    0.176056
 0.00927532    0.135404   0.0526464   0.0104323
-0.00191334   0.0526464    0.142857   0.0162817
   0.176056   0.0104323   0.0162817    0.376398
IMAGINARY
          0 -0.00950353 -0.00587428  0.00496989
 0.00950353           0 -0.00767991  0.00714655
 0.00587428  0.00767991           0 -0.00194685
-0.00496989 -0.00714655  0.00194685           0
Repeater1[0]<--->HoM1[0]
REAL
   0.354839  0.00479648   0.0166094    0.159336
 0.00479648    0.153226   0.0626026 -0.00512977
  0.0166094   0.0626026    0.127688   -0.011174
   0.159336 -0.00512977   -0.011174    0.364247
IMAGINARY
          0   0.0279918 -0.00554734 -0.00693527
 -0.0279918           0 -0.00693527   -0.027116
 0.00554734  0.00693527           0   0.0210032
 0.00693527    0.027116  -0.0210032           0
EndNode1[0]<--->Repeater1[0]
REAL
    0.311432    0.0056258 -0.000111449     0.172447
   0.0056258     0.173456    0.0483965    0.0137591
-0.000111449    0.0483965     0.151117    0.0142253
    0.172447    0.0137591    0.0142253     0.363995
IMAGINARY
          0  -0.0025704  0.00458657  0.00210929
  0.0025704           0   0.0060463   -0.015979
-0.00458657  -0.0060463           0  0.00763369
-0.00210929    0.015979 -0.00763369           0
EndNode2[0]<--->HoM1[0]
REAL
   0.327493  0.00666495 0.000831133    0.179248
 0.00666495    0.154987    0.031728   0.0333152
0.000831133    0.031728    0.165768   0.0116277
   0.179248   0.0333152   0.0116277    0.351752
IMAGINARY
         0  -0.024459  0.0342305  0.0135079
  0.024459          0  0.0180711  0.0258217
-0.0342305 -0.0180711          0 -0.0225384
-0.0135079 -0.0258217  0.0225384          0
Repeater1[0]<--->EndNode1[0]
REAL
    0.311432 -0.000111449    0.0056258     0.172447
-0.000111449     0.151117    0.0483965    0.0142253
   0.0056258    0.0483965     0.173456    0.0137591
    0.172447    0.0142253    0.0137591     0.363995
IMAGINARY
          0  0.00458657  -0.0025704  0.00210929
-0.00458657           0  -0.0060463  0.00763369
  0.0025704   0.0060463           0   -0.015979
-0.00210929 -0.00763369    0.015979           0
Repeater1[0]<--->HoM1[0]
REAL
   0.327493 0.000831133  0.00666495    0.179248
0.000831133    0.165768    0.031728   0.0116277
 0.00666495    0.031728    0.154987   0.0333152
   0.179248   0.0116277   0.0333152    0.351752
IMAGINARY
         0  0.0342305  -0.024459  0.0135079
-0.0342305          0 -0.0180711 -0.0225384
  0.024459  0.0180711          0  0.0258217
-0.0135079  0.0225384 -0.0258217          0
EndNode1[0]<--->Repeater1[0]
REAL
   0.329574   0.0357929   0.0426745     0.17401
  0.0357929    0.162907   0.0376464   0.0168347
  0.0426745   0.0376464    0.126566 -0.00941256
    0.17401   0.0168347 -0.00941256    0.380952
IMAGINARY
          0  -0.0138812  0.00519481   0.0132873
  0.0138812           0   0.0202055  0.00519481
-0.00519481  -0.0202055           0 -0.00689799
 -0.0132873 -0.00519481  0.00689799           0
EndNode2[0]<--->HoM1[0]
REAL
   0.360054   0.0185993 -0.00763144    0.199296
  0.0185993     0.14538   0.0192965  -0.0262882
-0.00763144   0.0192965    0.149457   0.0128078
   0.199296  -0.0262882   0.0128078    0.345109
IMAGINARY
          0   0.0109468  -0.0100016 -0.00407609
 -0.0109468           0  0.00407609  -0.0112484
  0.0100016 -0.00407609           0   0.0103032
 0.00407609   0.0112484  -0.0103032           0
Repeater1[0]<--->EndNode1[0]
REAL
   0.329574   0.0426745   0.0357929     0.17401
  0.0426745    0.126566   0.0376464 -0.00941256
  0.0357929   0.0376464    0.162907   0.0168347
    0.17401 -0.00941256   0.0168347    0.380952
IMAGINARY
          0  0.00519481  -0.0138812   0.0132873
-0.00519481           0  -0.0202055 -0.00689799
  0.0138812   0.0202055           0  0.00519481
 -0.0132873  0.00689799 -0.00519481           0
Repeater1[0]<--->HoM1[0]
REAL
   0.360054 -0.00763144   0.0185993    0.199296
-0.00763144    0.149457   0.0192965   0.0128078
  0.0185993   0.0192965     0.14538  -0.0262882
   0.199296   0.0128078  -0.0262882    0.345109
IMAGINARY
          0  -0.0100016   0.0109468 -0.00407609
  0.0100016           0 -0.00407609   0.0103032
 -0.0109468  0.00407609           0  -0.0112484
 0.00407609  -0.0103032   0.0112484           0
EndNode1[0]<--->Repeater1[0]
REAL
  0.370861 0.00867851 -0.0171188   0.203381
0.00867851   0.152318  0.0410776 0.00342912
-0.0171188  0.0410776   0.129801 -0.0145455
  0.203381 0.00342912 -0.0145455    0.34702
IMAGINARY
           0    0.0109406  -0.00889862   -0.0124443
  -0.0109406            0    0.0118397   0.00497192
  0.00889862   -0.0118397            0  0.000839547
   0.0124443  -0.00497192 -0.000839547            0
EndNode2[0]<--->HoM1[0]
REAL
   0.35014 0.00776963  0.0258224   0.161602
0.00776963   0.154062  0.0411358 0.00351268
 0.0258224  0.0411358   0.166667 0.00592007
  0.161602 0.00351268 0.00592007   0.329132
IMAGINARY
          0  -0.0125616  -0.0185481  -0.0150657
  0.0125616           0  -0.0187785 -0.00347267
  0.0185481   0.0187785           0 -0.00557308
  0.0150657  0.00347267  0.00557308           0
Repeater1[0]<--->EndNode1[0]
REAL
  0.370861 -0.0171188 0.00867851   0.203381
-0.0171188   0.129801  0.0410776 -0.0145455
0.00867851  0.0410776   0.152318 0.00342912
  0.203381 -0.0145455 0.00342912    0.34702
IMAGINARY
           0  -0.00889862    0.0109406   -0.0124443
  0.00889862            0   -0.0118397  0.000839547
  -0.0109406    0.0118397            0   0.00497192
   0.0124443 -0.000839547  -0.00497192            0
Repeater1[0]<--->HoM1[0]
REAL
   0.35014  0.0258224 0.00776963   0.161602
 0.0258224   0.166667  0.0411358 0.00592007
0.00776963  0.0411358   0.154062 0.00351268
  0.161602 0.00592007 0.00351268   0.329132
IMAGINARY
          0  -0.0185481  -0.0125616  -0.0150657
  0.0185481           0   0.0187785 -0.00557308
  0.0125616  -0.0187785           0 -0.00347267
  0.0150657  0.00557308  0.00347267           0
EndNode1[0]<--->Repeater1[0]
REAL
   0.357143   0.0133962 -0.00882134    0.164727
  0.0133962    0.155462   0.0381911   0.0114739
-0.00882134   0.0381911    0.169468    0.018434
   0.164727   0.0114739    0.018434    0.317927
IMAGINARY
          0  0.00556167  -0.0163533  0.00220271
-0.00556167           0  -0.0133413   0.0040683
  0.0163533   0.0133413           0  0.00426634
-0.00220271  -0.0040683 -0.00426634           0
EndNode2[0]<--->HoM1[0]
REAL
  0.358537 0.00732499  -0.018593   0.159562
0.00732499    0.12561    0.01935    0.01111
 -0.018593    0.01935   0.142683 0.00151854
  0.159562    0.01111 0.00151854   0.373171
IMAGINARY
           0   -0.0297024    0.0156132 -0.000626813
   0.0297024            0   -0.0229952   0.00158258
  -0.0156132    0.0229952            0    0.0177976
 0.000626813  -0.00158258   -0.0177976            0
Repeater1[0]<--->EndNode1[0]
REAL
   0.357143 -0.00882134   0.0133962    0.164727
-0.00882134    0.169468   0.0381911    0.018434
  0.0133962   0.0381911    0.155462   0.0114739
   0.164727    0.018434   0.0114739    0.317927
IMAGINARY
          0  -0.0163533  0.00556167  0.00220271
  0.0163533           0   0.0133413  0.00426634
-0.00556167  -0.0133413           0   0.0040683
-0.00220271 -0.00426634  -0.0040683           0
Repeater1[0]<--->HoM1[0]
REAL
  0.358537  -0.018593 0.00732499   0.159562
 -0.018593   0.142683    0.01935 0.00151854
0.00732499    0.01935    0.12561    0.01111
  0.159562 0.00151854    0.01111   0.373171
IMAGINARY
           0    0.0156132   -0.0297024 -0.000626813
  -0.0156132            0    0.0229952    0.0177976
   0.0297024   -0.0229952            0   0.00158258
 0.000626813   -0.0177976  -0.00158258            0
EndNode1[0]<--->Repeater1[0]
REAL
  0.353333 0.00209263 0.00399598   0.178559
0.00209263   0.162667  0.0339413 0.00600402
0.00399598  0.0339413   0.162667 -0.0195926
  0.178559 0.00600402 -0.0195926   0.321333
IMAGINARY
           0   -0.0257428    0.0074839  -0.00890866
   0.0257428            0 -0.000793801     0.021699
  -0.0074839  0.000793801            0   -0.0190043
  0.00890866    -0.021699    0.0190043            0
EndNode2[0]<--->HoM1[0]
REAL
   0.364954   0.0130427  0.00509796    0.174319
  0.0130427    0.158103   0.0301394  0.00573007
 0.00509796   0.0301394    0.152833 -0.00985802
   0.174319  0.00573007 -0.00985802    0.324111
IMAGINARY
          0 -0.00547691  -0.0138889  0.00094577
 0.00547691           0  0.00157312   0.0138889
  0.0138889 -0.00157312           0   0.0120907
-0.00094577  -0.0138889  -0.0120907           0
Repeater1[0]<--->EndNode1[0]
REAL
  0.353333 0.00399598 0.00209263   0.178559
0.00399598   0.162667  0.0339413 -0.0195926
0.00209263  0.0339413   0.162667 0.00600402
  0.178559 -0.0195926 0.00600402   0.321333
IMAGINARY
           0    0.0074839   -0.0257428  -0.00890866
  -0.0074839            0  0.000793801   -0.0190043
   0.0257428 -0.000793801            0     0.021699
  0.00890866    0.0190043    -0.021699            0
Repeater1[0]<--->HoM1[0]
REAL
   0.364954  0.00509796   0.0130427    0.174319
 0.00509796    0.152833   0.0301394 -0.00985802
  0.0130427   0.0301394    0.158103  0.00573007
   0.174319 -0.00985802  0.00573007    0.324111
IMAGINARY
          0  -0.0138889 -0.00547691  0.00094577
  0.0138889           0 -0.00157312   0.0120907
 0.00547691  0.00157312           0   0.0138889
-0.00094577  -0.0120907  -0.0138889           0
