EndNode1[0]<--->Repeater1[0]
REAL
   0.420103   -0.015491  -0.0174063    0.344182
  -0.015491    0.121134   0.0765579 -0.00967431
 -0.0174063   0.0765579    0.114691  -0.0142316
   0.344182 -0.00967431  -0.0142316    0.344072
IMAGINARY
           0  -0.00684739   -0.0150346  -0.00412374
  0.00684739            0 -0.000392393   0.00720172
   0.0150346  0.000392393            0   -0.0166513
  0.00412374  -0.00720172    0.0166513            0
EndNode2[0]<--->HoM1[0]
REAL
   0.384615  0.00027059  0.00740026    0.374052
 0.00027059         0.1   0.0716274 -0.00740026
 0.00740026   0.0716274    0.111538 -0.00520886
   0.374052 -0.00740026 -0.00520886    0.403846
IMAGINARY
          0   0.0109788  0.00791696   0.0110032
 -0.0109788           0  0.00504297  -0.0327654
-0.00791696 -0.00504297           0   0.0199302
 -0.0110032   0.0327654  -0.0199302           0
Repeater1[0]<--->EndNode1[0]
REAL
   0.420103  -0.0174063   -0.015491    0.344182
 -0.0174063    0.114691   0.0765579  -0.0142316
  -0.015491   0.0765579    0.121134 -0.00967431
   0.344182  -0.0142316 -0.00967431    0.344072
IMAGINARY
           0   -0.0150346  -0.00684739  -0.00412374
   0.0150346            0  0.000392393   -0.0166513
  0.00684739 -0.000392393            0   0.00720172
  0.00412374    0.0166513  -0.00720172            0
Repeater1[0]<--->HoM1[0]
REAL
   0.384615  0.00740026  0.00027059    0.374052
 0.00740026    0.111538   0.0716274 -0.00520886
 0.00027059   0.0716274         0.1 -0.00740026
   0.374052 -0.00520886 -0.00740026    0.403846
IMAGINARY
          0  0.00791696   0.0109788   0.0110032
-0.00791696           0 -0.00504297   0.0199302
 -0.0109788  0.00504297           0  -0.0327654
 -0.0110032  -0.0199302   0.0327654           0
EndNode1[0]<--->Repeater1[0]
REAL
   0.435013 -0.00862035 -0.00628282    0.358062
-0.00862035    0.111406   0.0690211   0.0153974
-0.00628282   0.0690211    0.102122  0.00731826
   0.358062   0.0153974  0.00731826    0.351459
IMAGINARY
          0   0.0027522  -0.0115726   0.0226754
 -0.0027522           0  -0.0182281  0.00746297
  0.0115726   0.0182281           0 -0.00960151
 -0.0226754 -0.00746297  0.00960151           0
EndNode2[0]<--->HoM1[0]
REAL
   0.413181 -0.00516465  0.00994527    0.362705
-0.00516465   0.0925222   0.0843918  -0.0183324
 0.00994527   0.0843918    0.103929 -0.00451276
   0.362705  -0.0183324 -0.00451276    0.390368
IMAGINARY
           0  0.000787464    0.0248271   -0.0185823
-0.000787464            0   0.00638721   -0.0043452
  -0.0248271  -0.00638721            0   -0.0116308
   0.0185823    0.0043452    0.0116308            0
Repeater1[0]<--->EndNode1[0]
REAL
   0.435013 -0.00628282 -0.00862035    0.358062
-0.00628282    0.102122   0.0690211  0.00731826
-0.00862035   0.0690211    0.111406   0.0153974
   0.358062  0.00731826   0.0153974    0.351459
IMAGINARY
          0  -0.0115726   0.0027522   0.0226754
  0.0115726           0   0.0182281 -0.00960151
 -0.0027522  -0.0182281           0  0.00746297
 -0.0226754  0.00960151 -0.00746297           0
Repeater1[0]<--->HoM1[0]
REAL
   0.413181  0.00994527 -0.00516465    0.362705
 0.00994527    0.103929   0.0843918 -0.00451276
-0.00516465   0.0843918   0.0925222  -0.0183324
   0.362705 -0.00451276  -0.0183324    0.390368
IMAGINARY
           0    0.0248271  0.000787464   -0.0185823
  -0.0248271            0  -0.00638721   -0.0116308
-0.000787464   0.00638721            0   -0.0043452
   0.0185823    0.0116308    0.0043452            0
EndNode1[0]<--->Repeater1[0]
REAL
   0.412214   0.0112768  0.00823022    0.338036
  0.0112768    0.114504   0.0718975 -0.00624346
 0.00823022   0.0718975    0.118321  0.00660395
   0.338036 -0.00624346  0.00660395    0.354962
IMAGINARY
          0 -0.00787555 -0.00407388   0.0226803
 0.00787555           0  0.00459244  -0.0160236
 0.00407388 -0.00459244           0  0.00604851
 -0.0226803   0.0160236 -0.00604851           0
EndNode2[0]<--->HoM1[0]
REAL
  0.385806 -0.0109823 -0.0221398   0.375073
-0.0109823   0.104516   0.072424 0.00931933
-0.0221398   0.072424   0.103226 -0.0128273
  0.375073 0.00931933 -0.0128273   0.406452
IMAGINARY
          0   0.0128027    0.017624 -0.00990654
 -0.0128027           0   0.0178013  0.00158126
  -0.017624  -0.0178013           0 -0.00684243
 0.00990654 -0.00158126  0.00684243           0
Repeater1[0]<--->EndNode1[0]
REAL
   0.412214  0.00823022   0.0112768    0.338036
 0.00823022    0.118321   0.0718975  0.00660395
  0.0112768   0.0718975    0.114504 -0.00624346
   0.338036  0.00660395 -0.00624346    0.354962
IMAGINARY
          0 -0.00407388 -0.00787555   0.0226803
 0.00407388           0 -0.00459244  0.00604851
 0.00787555  0.00459244           0  -0.0160236
 -0.0226803 -0.00604851   0.0160236           0
Repeater1[0]<--->HoM1[0]
REAL
  0.385806 -0.0221398 -0.0109823   0.375073
-0.0221398   0.103226   0.072424 -0.0128273
-0.0109823   0.072424   0.104516 0.00931933
  0.375073 -0.0128273 0.00931933   0.406452
IMAGINARY
          0    0.017624   0.0128027 -0.00990654
  -0.017624           0  -0.0178013 -0.00684243
 -0.0128027   0.0178013           0  0.00158126
 0.00990654  0.00684243 -0.00158126           0
EndNode1[0]<--->Repeater1[0]
REAL
    0.421341 -0.000975198   0.00539802     0.355653
-0.000975198     0.101231    0.0668177   0.00971368
  0.00539802    0.0668177     0.119015    0.0147728
    0.355653   0.00971368    0.0147728     0.358413
IMAGINARY
           0  -0.00182039 -0.000391192   0.00991955
  0.00182039            0  -0.00616955    0.0137407
 0.000391192   0.00616955            0  -0.00182039
 -0.00991955   -0.0137407   0.00182039            0
EndNode2[0]<--->HoM1[0]
REAL
  0.426783 -0.0186375 -0.0269602   0.366071
-0.0186375  0.0801001  0.0915122 -0.0141709
-0.0269602  0.0915122   0.097622 -0.0186375
  0.366071 -0.0141709 -0.0186375   0.395494
IMAGINARY
          0  -0.0154828  -0.0092225  0.00579441
  0.0154828           0 -0.00197761  0.00544416
  0.0092225  0.00197761           0 -0.00214945
-0.00579441 -0.00544416  0.00214945           0
Repeater1[0]<--->EndNode1[0]
REAL
    0.421341   0.00539802 -0.000975198     0.355653
  0.00539802     0.119015    0.0668177    0.0147728
-0.000975198    0.0668177     0.101231   0.00971368
    0.355653    0.0147728   0.00971368     0.358413
IMAGINARY
           0 -0.000391192  -0.00182039   0.00991955
 0.000391192            0   0.00616955  -0.00182039
  0.00182039  -0.00616955            0    0.0137407
 -0.00991955   0.00182039   -0.0137407            0
Repeater1[0]<--->HoM1[0]
REAL
  0.426783 -0.0269602 -0.0186375   0.366071
-0.0269602   0.097622  0.0915122 -0.0186375
-0.0186375  0.0915122  0.0801001 -0.0141709
  0.366071 -0.0186375 -0.0141709   0.395494
IMAGINARY
          0  -0.0092225  -0.0154828  0.00579441
  0.0092225           0  0.00197761 -0.00214945
  0.0154828 -0.00197761           0  0.00544416
-0.00579441  0.00214945 -0.00544416           0
EndNode1[0]<--->Repeater1[0]
REAL
 0.424479 0.0243305 0.0151906   0.34321
0.0243305  0.109375 0.0687004  0.014586
0.0151906 0.0687004  0.109375 0.0017241
  0.34321  0.014586 0.0017241  0.356771
IMAGINARY
           0   0.00317819 -0.000489833   -0.0056693
 -0.00317819            0   -0.0128966   0.00469151
 0.000489833    0.0128966            0  -0.00597931
   0.0056693  -0.00469151   0.00597931            0
EndNode2[0]<--->HoM1[0]
REAL
   0.399736   0.0266131   0.0122153    0.362198
  0.0266131   0.0870712   0.0815524   0.0102847
  0.0122153   0.0815524    0.130607 -0.00036308
   0.362198   0.0102847 -0.00036308    0.382586
IMAGINARY
           0  -0.00995368    0.0103521  -0.00587276
  0.00995368            0  0.000183763   0.00577693
  -0.0103521 -0.000183763            0  -0.00617535
  0.00587276  -0.00577693   0.00617535            0
Repeater1[0]<--->EndNode1[0]
REAL
 0.424479 0.0151906 0.0243305   0.34321
0.0151906  0.109375 0.0687004 0.0017241
0.0243305 0.0687004  0.109375  0.014586
  0.34321 0.0017241  0.014586  0.356771
IMAGINARY
           0 -0.000489833   0.00317819   -0.0056693
 0.000489833            0    0.0128966  -0.00597931
 -0.00317819   -0.0128966            0   0.00469151
   0.0056693   0.00597931  -0.00469151            0
Repeater1[0]<--->HoM1[0]
REAL
   0.399736   0.0122153   0.0266131    0.362198
  0.0122153    0.130607   0.0815524 -0.00036308
  0.0266131   0.0815524   0.0870712   0.0102847
   0.362198 -0.00036308   0.0102847    0.382586
IMAGINARY
           0    0.0103521  -0.00995368  -0.00587276
  -0.0103521            0 -0.000183763  -0.00617535
  0.00995368  0.000183763            0   0.00577693
  0.00587276   0.00617535  -0.00577693            0
EndNode1[0]<--->Repeater1[0]
REAL
  0.435323 -0.0193583 0.00297095    0.35085
-0.0193583   0.113184  0.0757551  0.0252073
0.00297095  0.0757551  0.0970149  0.0265667
   0.35085  0.0252073  0.0265667   0.354478
IMAGINARY
          0  -0.0156576 -0.00676096 -0.00855488
  0.0156576           0   0.0257963  0.00612564
 0.00676096  -0.0257963           0   0.0201049
 0.00855488 -0.00612564  -0.0201049           0
EndNode2[0]<--->HoM1[0]
REAL
    0.4075  0.0133629 -0.0117323   0.373307
 0.0133629      0.095  0.0653356 0.00128848
-0.0117323  0.0653356     0.1125 -0.0146684
  0.373307 0.00128848 -0.0146684      0.385
IMAGINARY
          0  0.00120773 -0.00535717   0.0174923
-0.00120773           0   0.0161799 -0.00792786
 0.00535717  -0.0161799           0  0.00120773
 -0.0174923  0.00792786 -0.00120773           0
Repeater1[0]<--->EndNode1[0]
REAL
  0.435323 0.00297095 -0.0193583    0.35085
0.00297095  0.0970149  0.0757551  0.0265667
-0.0193583  0.0757551   0.113184  0.0252073
   0.35085  0.0265667  0.0252073   0.354478
IMAGINARY
          0 -0.00676096  -0.0156576 -0.00855488
 0.00676096           0  -0.0257963   0.0201049
  0.0156576   0.0257963           0  0.00612564
 0.00855488  -0.0201049 -0.00612564           0
Repeater1[0]<--->HoM1[0]
REAL
    0.4075 -0.0117323  0.0133629   0.373307
-0.0117323     0.1125  0.0653356 -0.0146684
 0.0133629  0.0653356      0.095 0.00128848
  0.373307 -0.0146684 0.00128848      0.385
IMAGINARY
          0 -0.00535717  0.00120773   0.0174923
 0.00535717           0  -0.0161799  0.00120773
-0.00120773   0.0161799           0 -0.00792786
 -0.0174923 -0.00120773  0.00792786           0
EndNode1[0]<--->Repeater1[0]
REAL
   0.406863 -0.00161931  0.00770915     0.34866
-0.00161931    0.120098    0.079822  0.00170114
 0.00770915    0.079822    0.105392  0.00224667
    0.34866  0.00170114  0.00224667    0.367647
IMAGINARY
          0  0.00608869   0.0187293  -0.0230284
-0.00608869           0   0.0167152 -0.00787366
 -0.0187293  -0.0167152           0  0.00221272
  0.0230284  0.00787366 -0.00221272           0
EndNode2[0]<--->HoM1[0]
REAL
  0.393423 -0.0102561 -0.0115277   0.363464
-0.0102561  0.0937881  0.0884956  0.0121598
-0.0115277  0.0884956   0.116931 0.00583137
  0.363464  0.0121598 0.00583137   0.395859
IMAGINARY
           0    -0.016158  -0.00911632 -0.000440636
    0.016158            0  -0.00617312   0.00595576
  0.00911632   0.00617312            0    0.0117332
 0.000440636  -0.00595576   -0.0117332            0
Repeater1[0]<--->EndNode1[0]
REAL
   0.406863  0.00770915 -0.00161931     0.34866
 0.00770915    0.105392    0.079822  0.00224667
-0.00161931    0.079822    0.120098  0.00170114
    0.34866  0.00224667  0.00170114    0.367647
IMAGINARY
          0   0.0187293  0.00608869  -0.0230284
 -0.0187293           0  -0.0167152  0.00221272
-0.00608869   0.0167152           0 -0.00787366
  0.0230284 -0.00221272  0.00787366           0
Repeater1[0]<--->HoM1[0]
REAL
  0.393423 -0.0115277 -0.0102561   0.363464
-0.0115277   0.116931  0.0884956 0.00583137
-0.0102561  0.0884956  0.0937881  0.0121598
  0.363464 0.00583137  0.0121598   0.395859
IMAGINARY
           0  -0.00911632    -0.016158 -0.000440636
  0.00911632            0   0.00617312    0.0117332
    0.016158  -0.00617312            0   0.00595576
 0.000440636   -0.0117332  -0.00595576            0
EndNode1[0]<--->Repeater1[0]
REAL
   0.390123  0.00148799 -0.00285105    0.347751
 0.00148799   0.0938272   0.0727184   0.0282748
-0.00285105   0.0727184    0.117284   0.0252395
   0.347751   0.0282748   0.0252395    0.398765
IMAGINARY
          0  -0.0212335  0.00616181   0.0144429
  0.0212335           0 -0.00614146  0.00359112
-0.00616181  0.00614146           0   0.0101801
 -0.0144429 -0.00359112  -0.0101801           0
EndNode2[0]<--->HoM1[0]
REAL
    0.400256 -3.80699e-05     0.003171     0.369111
-3.80699e-05    0.0959079    0.0638008   0.00062647
    0.003171    0.0638008     0.104859  -0.00755687
    0.369111   0.00062647  -0.00755687     0.398977
IMAGINARY
           0   0.00127147  -0.00190995    0.0179042
 -0.00127147            0  0.000372603   0.00886318
  0.00190995 -0.000372603            0 -0.000639358
  -0.0179042  -0.00886318  0.000639358            0
Repeater1[0]<--->EndNode1[0]
REAL
   0.390123 -0.00285105  0.00148799    0.347751
-0.00285105    0.117284   0.0727184   0.0252395
 0.00148799   0.0727184   0.0938272   0.0282748
   0.347751   0.0252395   0.0282748    0.398765
IMAGINARY
          0  0.00616181  -0.0212335   0.0144429
-0.00616181           0  0.00614146   0.0101801
  0.0212335 -0.00614146           0  0.00359112
 -0.0144429  -0.0101801 -0.00359112           0
Repeater1[0]<--->HoM1[0]
REAL
    0.400256     0.003171 -3.80699e-05     0.369111
    0.003171     0.104859    0.0638008  -0.00755687
-3.80699e-05    0.0638008    0.0959079   0.00062647
    0.369111  -0.00755687   0.00062647     0.398977
IMAGINARY
           0  -0.00190995   0.00127147    0.0179042
  0.00190995            0 -0.000372603 -0.000639358
 -0.00127147  0.000372603            0   0.00886318
  -0.0179042  0.000639358  -0.00886318            0
EndNode1[0]<--->Repeater1[0]
REAL
   0.418087   0.0202993  0.00297569    0.336737
  0.0202993    0.107471   0.0767367   0.0087672
 0.00297569   0.0767367    0.100917 -0.00608422
   0.336737   0.0087672 -0.00608422    0.373526
IMAGINARY
           0   0.00493082     0.016292   -0.0113186
 -0.00493082            0 -6.02853e-05  -0.00274357
   -0.016292  6.02853e-05            0  -0.00557598
   0.0113186   0.00274357   0.00557598            0
EndNode2[0]<--->HoM1[0]
REAL
 0.397783 0.0153422 0.0132776  0.364716
0.0153422  0.105911 0.0766857 0.0192065
0.0132776 0.0766857 0.0923645 0.0298807
 0.364716 0.0192065 0.0298807  0.403941
IMAGINARY
          0   0.0063867  0.00505933  -0.0190521
 -0.0063867           0   0.0038237   0.0148908
-0.00505933  -0.0038237           0 -0.00888047
  0.0190521  -0.0148908  0.00888047           0
Repeater1[0]<--->EndNode1[0]
REAL
   0.418087  0.00297569   0.0202993    0.336737
 0.00297569    0.100917   0.0767367 -0.00608422
  0.0202993   0.0767367    0.107471   0.0087672
   0.336737 -0.00608422   0.0087672    0.373526
IMAGINARY
           0     0.016292   0.00493082   -0.0113186
   -0.016292            0  6.02853e-05  -0.00557598
 -0.00493082 -6.02853e-05            0  -0.00274357
   0.0113186   0.00557598   0.00274357            0
Repeater1[0]<--->HoM1[0]
REAL
 0.397783 0.0132776 0.0153422  0.364716
0.0132776 0.0923645 0.0766857 0.0298807
0.0153422 0.0766857  0.105911 0.0192065
 0.364716 0.0298807 0.0192065  0.403941
IMAGINARY
          0  0.00505933   0.0063867  -0.0190521
-0.00505933           0  -0.0038237 -0.00888047
 -0.0063867   0.0038237           0   0.0148908
  0.0190521  0.00888047  -0.0148908           0
EndNode1[0]<--->Repeater1[0]
REAL
   0.406821  -0.0197281 -0.00637119    0.361245
 -0.0197281     0.09257   0.0521922   0.0050792
-0.00637119   0.0521922    0.112058  0.00939214
   0.361245   0.0050792  0.00939214    0.388551
IMAGINARY
          0 -0.00658102   0.0158654   0.0201867
 0.00658102           0 -0.00799156   0.0202025
 -0.0158654  0.00799156           0 -0.00261276
 -0.0201867  -0.0202025  0.00261276           0
EndNode2[0]<--->HoM1[0]
REAL
   0.382872  -0.0293876  -0.0189791    0.388034
 -0.0293876    0.117128   0.0622277 -0.00327225
 -0.0189791   0.0622277     0.11461  0.00713631
   0.388034 -0.00327225  0.00713631     0.38539
IMAGINARY
          0 -0.00807285  0.00576125  -0.0304797
 0.00807285           0  -0.0252165 -0.00124512
-0.00576125   0.0252165           0  0.00484705
  0.0304797  0.00124512 -0.00484705           0
Repeater1[0]<--->EndNode1[0]
REAL
   0.406821 -0.00637119  -0.0197281    0.361245
-0.00637119    0.112058   0.0521922  0.00939214
 -0.0197281   0.0521922     0.09257   0.0050792
   0.361245  0.00939214   0.0050792    0.388551
IMAGINARY
          0   0.0158654 -0.00658102   0.0201867
 -0.0158654           0  0.00799156 -0.00261276
 0.00658102 -0.00799156           0   0.0202025
 -0.0201867  0.00261276  -0.0202025           0
Repeater1[0]<--->HoM1[0]
REAL
   0.382872  -0.0189791  -0.0293876    0.388034
 -0.0189791     0.11461   0.0622277  0.00713631
 -0.0293876   0.0622277    0.117128 -0.00327225
   0.388034  0.00713631 -0.00327225     0.38539
IMAGINARY
          0  0.00576125 -0.00807285  -0.0304797
-0.00576125           0   0.0252165  0.00484705
 0.00807285  -0.0252165           0 -0.00124512
  0.0304797 -0.00484705  0.00124512           0
EndNode1[0]<--->Repeater1[0]
REAL
  0.383929 0.00281054  0.0235839   0.359272
0.00281054   0.140306  0.0530991 0.00476666
 0.0235839  0.0530991   0.123724  0.0100761
  0.359272 0.00476666  0.0100761   0.352041
IMAGINARY
          0  0.00490789  0.00483671 -0.00716114
-0.00490789           0  0.00250069   0.0099781
-0.00483671 -0.00250069           0  0.00620322
 0.00716114  -0.0099781 -0.00620322           0
EndNode2[0]<--->HoM1[0]
REAL
   0.400504 -0.00971083  -0.0024492    0.376678
-0.00971083    0.100756   0.0761883  0.00945557
 -0.0024492   0.0761883   0.0994962   0.0128955
   0.376678  0.00945557   0.0128955    0.399244
IMAGINARY
           0   0.00256174    -0.020914   0.00280499
 -0.00256174            0    0.0117336 -0.000505833
    0.020914   -0.0117336            0    0.0127381
 -0.00280499  0.000505833   -0.0127381            0
Repeater1[0]<--->EndNode1[0]
REAL
  0.383929  0.0235839 0.00281054   0.359272
 0.0235839   0.123724  0.0530991  0.0100761
0.00281054  0.0530991   0.140306 0.00476666
  0.359272  0.0100761 0.00476666   0.352041
IMAGINARY
          0  0.00483671  0.00490789 -0.00716114
-0.00483671           0 -0.00250069  0.00620322
-0.00490789  0.00250069           0   0.0099781
 0.00716114 -0.00620322  -0.0099781           0
Repeater1[0]<--->HoM1[0]
REAL
   0.400504  -0.0024492 -0.00971083    0.376678
 -0.0024492   0.0994962   0.0761883   0.0128955
-0.00971083   0.0761883    0.100756  0.00945557
   0.376678   0.0128955  0.00945557    0.399244
IMAGINARY
           0    -0.020914   0.00256174   0.00280499
    0.020914            0   -0.0117336    0.0127381
 -0.00256174    0.0117336            0 -0.000505833
 -0.00280499   -0.0127381  0.000505833            0
EndNode1[0]<--->Repeater1[0]
REAL
  0.429858 -0.0122432 -0.0211147   0.352338
-0.0122432   0.119691  0.0627202  0.0101752
-0.0211147  0.0627202   0.109395 0.00130364
  0.352338  0.0101752 0.00130364   0.341055
IMAGINARY
          0  -0.0290768 -0.00248003   0.0134936
  0.0290768           0 -0.00469963  0.00521227
 0.00248003  0.00469963           0  0.00175435
 -0.0134936 -0.00521227 -0.00175435           0
EndNode2[0]<--->HoM1[0]
REAL
   0.418936  0.00119036 -0.00055565    0.369677
 0.00119036    0.120623   0.0696765 -0.00887831
-0.00055565   0.0696765   0.0843061 -0.00388578
   0.369677 -0.00887831 -0.00388578    0.376135
IMAGINARY
          0 -0.00236095 -0.00272353   0.0111137
 0.00236095           0  0.00146117 -0.00465902
 0.00272353 -0.00146117           0   0.0459851
 -0.0111137  0.00465902  -0.0459851           0
Repeater1[0]<--->EndNode1[0]
REAL
  0.429858 -0.0211147 -0.0122432   0.352338
-0.0211147   0.109395  0.0627202 0.00130364
-0.0122432  0.0627202   0.119691  0.0101752
  0.352338 0.00130364  0.0101752   0.341055
IMAGINARY
          0 -0.00248003  -0.0290768   0.0134936
 0.00248003           0  0.00469963  0.00175435
  0.0290768 -0.00469963           0  0.00521227
 -0.0134936 -0.00175435 -0.00521227           0
Repeater1[0]<--->HoM1[0]
REAL
   0.418936 -0.00055565  0.00119036    0.369677
-0.00055565   0.0843061   0.0696765 -0.00388578
 0.00119036   0.0696765    0.120623 -0.00887831
   0.369677 -0.00388578 -0.00887831    0.376135
IMAGINARY
          0 -0.00272353 -0.00236095   0.0111137
 0.00272353           0 -0.00146117   0.0459851
 0.00236095  0.00146117           0 -0.00465902
 -0.0111137  -0.0459851  0.00465902           0
