EndNode1[0]<--->Repeater1[0]
REAL
  0.364017  0.0201705  -0.021553   0.240791
 0.0201705   0.154812  0.0519893 -0.0252385
 -0.021553  0.0519893   0.165969 -0.0255181
  0.240791 -0.0252385 -0.0255181   0.315202
IMAGINARY
         0 -0.0143195   -0.01673 -0.0148478
 0.0143195          0  0.0182491  0.0128237
   0.01673 -0.0182491          0 -0.0169305
 0.0148478 -0.0128237  0.0169305          0
EndNode2[0]<--->HoM1[0]
REAL
  0.357143  0.0120768  0.0120438   0.236016
 0.0120768   0.157385  0.0658454 0.00391368
 0.0120438  0.0658454   0.161017 0.00521041
  0.236016 0.00391368 0.00521041   0.324455
IMAGINARY
           0  -0.00466753 -0.000934111   0.00697334
  0.00466753            0    -0.025346   0.00159114
 0.000934111     0.025346            0   -0.0104442
 -0.00697334  -0.00159114    0.0104442            0
Repeater1[0]<--->EndNode1[0]
REAL
  0.364017  -0.021553  0.0201705   0.240791
 -0.021553   0.165969  0.0519893 -0.0255181
 0.0201705  0.0519893   0.154812 -0.0252385
  0.240791 -0.0255181 -0.0252385   0.315202
IMAGINARY
         0   -0.01673 -0.0143195 -0.0148478
   0.01673          0 -0.0182491 -0.0169305
 0.0143195  0.0182491          0  0.0128237
 0.0148478  0.0169305 -0.0128237          0
Repeater1[0]<--->HoM1[0]
REAL
  0.357143  0.0120438  0.0120768   0.236016
 0.0120438   0.161017  0.0658454 0.00521041
 0.0120768  0.0658454   0.157385 0.00391368
  0.236016 0.00521041 0.00391368   0.324455
IMAGINARY
           0 -0.000934111  -0.00466753   0.00697334
 0.000934111            0     0.025346   -0.0104442
  0.00466753    -0.025346            0   0.00159114
 -0.00697334    0.0104442  -0.00159114            0
EndNode1[0]<--->Repeater1[0]
REAL
    0.347241  -0.00382057 -0.000206336     0.245528
 -0.00382057     0.146703    0.0715618   0.00888457
-0.000206336    0.0715618     0.152086   -0.0101981
    0.245528   0.00888457   -0.0101981      0.35397
IMAGINARY
           0   0.00707517   0.00680416  0.000312044
 -0.00707517            0   0.00728289    0.0029282
 -0.00680416  -0.00728289            0   -0.0192406
-0.000312044   -0.0029282    0.0192406            0
EndNode2[0]<--->HoM1[0]
REAL
    0.322537   0.00597519 -0.000851275     0.250378
  0.00597519     0.159244    0.0575035  -0.00284331
-0.000851275    0.0575035      0.17274   -0.0244481
    0.250378  -0.00284331   -0.0244481     0.345479
IMAGINARY
          0  0.00375532   0.0250867 -0.00317211
-0.00375532           0 -0.00690346 -0.00788771
 -0.0250867  0.00690346           0  -0.0160403
 0.00317211  0.00788771   0.0160403           0
Repeater1[0]<--->EndNode1[0]
REAL
    0.347241 -0.000206336  -0.00382057     0.245528
-0.000206336     0.152086    0.0715618   -0.0101981
 -0.00382057    0.0715618     0.146703   0.00888457
    0.245528   -0.0101981   0.00888457      0.35397
IMAGINARY
           0   0.00680416   0.00707517  0.000312044
 -0.00680416            0  -0.00728289   -0.0192406
 -0.00707517   0.00728289            0    0.0029282
-0.000312044    0.0192406   -0.0029282            0
Repeater1[0]<--->HoM1[0]
REAL
    0.322537 -0.000851275   0.00597519     0.250378
-0.000851275      0.17274    0.0575035   -0.0244481
  0.00597519    0.0575035     0.159244  -0.00284331
    0.250378   -0.0244481  -0.00284331     0.345479
IMAGINARY
          0   0.0250867  0.00375532 -0.00317211
 -0.0250867           0  0.00690346  -0.0160403
-0.00375532 -0.00690346           0 -0.00788771
 0.00317211   0.0160403  0.00788771           0
EndNode1[0]<--->Repeater1[0]
REAL
   0.343226  -0.0064705  -0.0157363    0.207281
 -0.0064705    0.152258   0.0788225 -0.00197485
 -0.0157363   0.0788225    0.183226   0.0091953
   0.207281 -0.00197485   0.0091953     0.32129
IMAGINARY
           0   0.00643414  -0.00214495 -0.000631079
 -0.00643414            0   0.00124158   -0.0209117
  0.00214495  -0.00124158            0   0.00344728
 0.000631079    0.0209117  -0.00344728            0
EndNode2[0]<--->HoM1[0]
REAL
   0.359626   0.0220507 -0.00126384    0.247207
  0.0220507    0.139037   0.0463416   0.0173929
-0.00126384   0.0463416    0.153743  -0.0136636
   0.247207   0.0173929  -0.0136636    0.347594
IMAGINARY
          0  0.00519079 -0.00376676 -0.00797929
-0.00519079           0  0.00667039 -0.00179567
 0.00376676 -0.00667039           0  0.00778819
 0.00797929  0.00179567 -0.00778819           0
Repeater1[0]<--->EndNode1[0]
REAL
   0.343226  -0.0157363  -0.0064705    0.207281
 -0.0157363    0.183226   0.0788225   0.0091953
 -0.0064705   0.0788225    0.152258 -0.00197485
   0.207281   0.0091953 -0.00197485     0.32129
IMAGINARY
           0  -0.00214495   0.00643414 -0.000631079
  0.00214495            0  -0.00124158   0.00344728
 -0.00643414   0.00124158            0   -0.0209117
 0.000631079  -0.00344728    0.0209117            0
Repeater1[0]<--->HoM1[0]
REAL
   0.359626 -0.00126384   0.0220507    0.247207
-0.00126384    0.153743   0.0463416  -0.0136636
  0.0220507   0.0463416    0.139037   0.0173929
   0.247207  -0.0136636   0.0173929    0.347594
IMAGINARY
          0 -0.00376676  0.00519079 -0.00797929
 0.00376676           0 -0.00667039  0.00778819
-0.00519079  0.00667039           0 -0.00179567
 0.00797929 -0.00778819  0.00179567           0
EndNode1[0]<--->Repeater1[0]
REAL
   0.344549 -0.00660136 -0.00936187    0.233712
-0.00660136    0.169583   0.0691791 -0.00443576
-0.00936187   0.0691791    0.156124   -0.022965
   0.233712 -0.00443576   -0.022965    0.329744
IMAGINARY
          0  0.00221797  0.00684157  -0.0171158
-0.00221797           0 -0.00456623  -0.0138838
-0.00684157  0.00456623           0 -0.00285817
  0.0171158   0.0138838  0.00285817           0
EndNode2[0]<--->HoM1[0]
REAL
   0.346701 -0.00927262  0.00289475    0.238596
-0.00927262    0.172057   0.0450062 -0.00423884
 0.00289475   0.0450062    0.164295  -0.0202973
   0.238596 -0.00423884  -0.0202973    0.316947
IMAGINARY
          0   0.0125142  -0.0253745 -0.00431452
 -0.0125142           0  -0.0118145   -0.010523
  0.0253745   0.0118145           0   0.0118448
 0.00431452    0.010523  -0.0118448           0
Repeater1[0]<--->EndNode1[0]
REAL
   0.344549 -0.00936187 -0.00660136    0.233712
-0.00936187    0.156124   0.0691791   -0.022965
-0.00660136   0.0691791    0.169583 -0.00443576
   0.233712   -0.022965 -0.00443576    0.329744
IMAGINARY
          0  0.00684157  0.00221797  -0.0171158
-0.00684157           0  0.00456623 -0.00285817
-0.00221797 -0.00456623           0  -0.0138838
  0.0171158  0.00285817   0.0138838           0
Repeater1[0]<--->HoM1[0]
REAL
   0.346701  0.00289475 -0.00927262    0.238596
 0.00289475    0.164295   0.0450062  -0.0202973
-0.00927262   0.0450062    0.172057 -0.00423884
   0.238596  -0.0202973 -0.00423884    0.316947
IMAGINARY
          0  -0.0253745   0.0125142 -0.00431452
  0.0253745           0   0.0118145   0.0118448
 -0.0125142  -0.0118145           0   -0.010523
 0.00431452  -0.0118448    0.010523           0
EndNode1[0]<--->Repeater1[0]
REAL
   0.328418  0.00747708  -0.0209355    0.218962
 0.00747708    0.186327   0.0641707 -0.00383023
 -0.0209355   0.0641707    0.150134  0.00256308
   0.218962 -0.00383023  0.00256308    0.335121
IMAGINARY
          0  0.00172151 -0.00551437   0.0281427
-0.00172151           0 -0.00452063 -0.00677065
 0.00551437  0.00452063           0    0.036362
 -0.0281427  0.00677065   -0.036362           0
EndNode2[0]<--->HoM1[0]
REAL
   0.358108  0.00426919 -0.00209599    0.254618
 0.00426919    0.137838   0.0585137   0.0172475
-0.00209599   0.0585137    0.187838   0.0134076
   0.254618   0.0172475   0.0134076    0.316216
IMAGINARY
           0  -0.00560945  -0.00540742   0.00979114
  0.00560945            0    0.0242268   0.00281002
  0.00540742   -0.0242268            0  0.000414646
 -0.00979114  -0.00281002 -0.000414646            0
Repeater1[0]<--->EndNode1[0]
REAL
   0.328418  -0.0209355  0.00747708    0.218962
 -0.0209355    0.150134   0.0641707  0.00256308
 0.00747708   0.0641707    0.186327 -0.00383023
   0.218962  0.00256308 -0.00383023    0.335121
IMAGINARY
          0 -0.00551437  0.00172151   0.0281427
 0.00551437           0  0.00452063    0.036362
-0.00172151 -0.00452063           0 -0.00677065
 -0.0281427   -0.036362  0.00677065           0
Repeater1[0]<--->HoM1[0]
REAL
   0.358108 -0.00209599  0.00426919    0.254618
-0.00209599    0.187838   0.0585137   0.0134076
 0.00426919   0.0585137    0.137838   0.0172475
   0.254618   0.0134076   0.0172475    0.316216
IMAGINARY
           0  -0.00540742  -0.00560945   0.00979114
  0.00540742            0   -0.0242268  0.000414646
  0.00560945    0.0242268            0   0.00281002
 -0.00979114 -0.000414646  -0.00281002            0
EndNode1[0]<--->Repeater1[0]
REAL
   0.349686  -0.0040216  -0.0239472    0.230461
 -0.0040216    0.178616   0.0620395 -0.00730276
 -0.0239472   0.0620395    0.168553  -0.0197284
   0.230461 -0.00730276  -0.0197284    0.303145
IMAGINARY
           0   -0.0154147   0.00958584    0.0122218
   0.0154147            0 -0.000886801   0.00488785
 -0.00958584  0.000886801            0   0.00357262
  -0.0122218  -0.00488785  -0.00357262            0
EndNode2[0]<--->HoM1[0]
REAL
   0.347594   0.0107098 -0.00872233    0.242453
  0.0107098    0.168449   0.0559662  -0.0130168
-0.00872233   0.0559662    0.159091  0.00575927
   0.242453  -0.0130168  0.00575927    0.324866
IMAGINARY
           0 -0.000393497  -0.00388754   0.00347528
 0.000393497            0    0.0111283  -0.00151787
  0.00388754   -0.0111283            0  -0.00230921
 -0.00347528   0.00151787   0.00230921            0
Repeater1[0]<--->EndNode1[0]
REAL
   0.349686  -0.0239472  -0.0040216    0.230461
 -0.0239472    0.168553   0.0620395  -0.0197284
 -0.0040216   0.0620395    0.178616 -0.00730276
   0.230461  -0.0197284 -0.00730276    0.303145
IMAGINARY
           0   0.00958584   -0.0154147    0.0122218
 -0.00958584            0  0.000886801   0.00357262
   0.0154147 -0.000886801            0   0.00488785
  -0.0122218  -0.00357262  -0.00488785            0
Repeater1[0]<--->HoM1[0]
REAL
   0.347594 -0.00872233   0.0107098    0.242453
-0.00872233    0.159091   0.0559662  0.00575927
  0.0107098   0.0559662    0.168449  -0.0130168
   0.242453  0.00575927  -0.0130168    0.324866
IMAGINARY
           0  -0.00388754 -0.000393497   0.00347528
  0.00388754            0   -0.0111283  -0.00230921
 0.000393497    0.0111283            0  -0.00151787
 -0.00347528   0.00230921   0.00151787            0
EndNode1[0]<--->Repeater1[0]
REAL
   0.342342  0.00563583  0.00843885    0.232519
 0.00563583    0.177606   0.0605011  -0.0162608
 0.00843885   0.0605011     0.15444 -0.00623752
   0.232519  -0.0162608 -0.00623752    0.325611
IMAGINARY
          0  0.00516055    -0.01026   0.0095191
-0.00516055           0  0.00283461   -0.011529
    0.01026 -0.00283461           0  0.00516055
 -0.0095191    0.011529 -0.00516055           0
EndNode2[0]<--->HoM1[0]
REAL
   0.320828  -0.0207352 -0.00640737    0.226783
 -0.0207352    0.170763   0.0558806 -0.00113032
-0.00640737   0.0558806    0.178525 -0.00313415
   0.226783 -0.00113032 -0.00313415    0.329884
IMAGINARY
          0  0.00921531  -0.0054263  0.00543934
-0.00921531           0  0.00345259  0.00987357
  0.0054263 -0.00345259           0  -0.0250984
-0.00543934 -0.00987357   0.0250984           0
Repeater1[0]<--->EndNode1[0]
REAL
   0.342342  0.00843885  0.00563583    0.232519
 0.00843885     0.15444   0.0605011 -0.00623752
 0.00563583   0.0605011    0.177606  -0.0162608
   0.232519 -0.00623752  -0.0162608    0.325611
IMAGINARY
          0    -0.01026  0.00516055   0.0095191
    0.01026           0 -0.00283461  0.00516055
-0.00516055  0.00283461           0   -0.011529
 -0.0095191 -0.00516055    0.011529           0
Repeater1[0]<--->HoM1[0]
REAL
   0.320828 -0.00640737  -0.0207352    0.226783
-0.00640737    0.178525   0.0558806 -0.00313415
 -0.0207352   0.0558806    0.170763 -0.00113032
   0.226783 -0.00313415 -0.00113032    0.329884
IMAGINARY
          0  -0.0054263  0.00921531  0.00543934
  0.0054263           0 -0.00345259  -0.0250984
-0.00921531  0.00345259           0  0.00987357
-0.00543934   0.0250984 -0.00987357           0
EndNode1[0]<--->Repeater1[0]
REAL
   0.335351 -0.00301418 -0.00121491    0.221176
-0.00301418     0.18523   0.0540895    0.013183
-0.00121491   0.0540895    0.181598   0.0136525
   0.221176    0.013183   0.0136525    0.297821
IMAGINARY
          0   0.0142842  -0.0116701   0.0169444
 -0.0142842           0  0.00294949 -0.00283175
  0.0116701 -0.00294949           0   0.0229163
 -0.0169444  0.00283175  -0.0229163           0
EndNode2[0]<--->HoM1[0]
REAL
    0.387808  -0.00234991   0.00279277     0.221706
 -0.00234991     0.149157     0.066059 -0.000920106
  0.00279277     0.066059     0.151751   -0.0107587
    0.221706 -0.000920106   -0.0107587     0.311284
IMAGINARY
          0 -0.00565889  -0.0146686   0.0163302
 0.00565889           0  0.00783342  0.00640417
  0.0146686 -0.00783342           0   0.0139234
 -0.0163302 -0.00640417  -0.0139234           0
Repeater1[0]<--->EndNode1[0]
REAL
   0.335351 -0.00121491 -0.00301418    0.221176
-0.00121491    0.181598   0.0540895   0.0136525
-0.00301418   0.0540895     0.18523    0.013183
   0.221176   0.0136525    0.013183    0.297821
IMAGINARY
          0  -0.0116701   0.0142842   0.0169444
  0.0116701           0 -0.00294949   0.0229163
 -0.0142842  0.00294949           0 -0.00283175
 -0.0169444  -0.0229163  0.00283175           0
Repeater1[0]<--->HoM1[0]
REAL
    0.387808   0.00279277  -0.00234991     0.221706
  0.00279277     0.151751     0.066059   -0.0107587
 -0.00234991     0.066059     0.149157 -0.000920106
    0.221706   -0.0107587 -0.000920106     0.311284
IMAGINARY
          0  -0.0146686 -0.00565889   0.0163302
  0.0146686           0 -0.00783342   0.0139234
 0.00565889  0.00783342           0  0.00640417
 -0.0163302  -0.0139234 -0.00640417           0
EndNode1[0]<--->Repeater1[0]
REAL
   0.354029  0.00263191  0.00216517    0.222421
 0.00263191    0.159841   0.0491923   0.0152542
 0.00216517   0.0491923    0.167768 -0.00714804
   0.222421   0.0152542 -0.00714804    0.318362
IMAGINARY
           0  -0.00991471  0.000242277   -0.0171207
  0.00991471            0   -0.0210372    0.0207551
-0.000242277    0.0210372            0   0.00597771
   0.0171207   -0.0207551  -0.00597771            0
EndNode2[0]<--->HoM1[0]
REAL
  0.337194  0.0168564 -0.0140383   0.216344
 0.0168564   0.159588  0.0417207  0.0100061
-0.0140383  0.0417207   0.169884 -0.0101359
  0.216344  0.0100061 -0.0101359   0.333333
IMAGINARY
          0   0.0117752   0.0145934   0.0179609
 -0.0117752           0 -0.00323615  0.00173822
 -0.0145934  0.00323615           0  -0.0193129
 -0.0179609 -0.00173822   0.0193129           0
Repeater1[0]<--->EndNode1[0]
REAL
   0.354029  0.00216517  0.00263191    0.222421
 0.00216517    0.167768   0.0491923 -0.00714804
 0.00263191   0.0491923    0.159841   0.0152542
   0.222421 -0.00714804   0.0152542    0.318362
IMAGINARY
           0  0.000242277  -0.00991471   -0.0171207
-0.000242277            0    0.0210372   0.00597771
  0.00991471   -0.0210372            0    0.0207551
   0.0171207  -0.00597771   -0.0207551            0
Repeater1[0]<--->HoM1[0]
REAL
  0.337194 -0.0140383  0.0168564   0.216344
-0.0140383   0.169884  0.0417207 -0.0101359
 0.0168564  0.0417207   0.159588  0.0100061
  0.216344 -0.0101359  0.0100061   0.333333
IMAGINARY
          0   0.0145934   0.0117752   0.0179609
 -0.0145934           0  0.00323615  -0.0193129
 -0.0117752 -0.00323615           0  0.00173822
 -0.0179609   0.0193129 -0.00173822           0
EndNode1[0]<--->Repeater1[0]
REAL
   0.360256  0.00554294  0.00067542    0.229856
 0.00554294    0.138462   0.0653567  0.00331394
 0.00067542   0.0653567    0.176923 -0.00421316
   0.229856  0.00331394 -0.00421316    0.324359
IMAGINARY
          0 -0.00596537    0.025458   0.0106694
 0.00596537           0   0.0055014  0.00900232
  -0.025458  -0.0055014           0   0.0157183
 -0.0106694 -0.00900232  -0.0157183           0
EndNode2[0]<--->HoM1[0]
REAL
    0.360571  -0.00877766   0.00131409     0.239945
 -0.00877766     0.156939    0.0605761 -0.000662197
  0.00131409    0.0605761     0.164721   0.00291065
    0.239945 -0.000662197   0.00291065     0.317769
IMAGINARY
          0 -0.00184567  0.00230737 -0.00879934
 0.00184567           0   0.0146664   0.0141184
-0.00230737  -0.0146664           0   0.0117011
 0.00879934  -0.0141184  -0.0117011           0
Repeater1[0]<--->EndNode1[0]
REAL
   0.360256  0.00067542  0.00554294    0.229856
 0.00067542    0.176923   0.0653567 -0.00421316
 0.00554294   0.0653567    0.138462  0.00331394
   0.229856 -0.00421316  0.00331394    0.324359
IMAGINARY
          0    0.025458 -0.00596537   0.0106694
  -0.025458           0  -0.0055014   0.0157183
 0.00596537   0.0055014           0  0.00900232
 -0.0106694  -0.0157183 -0.00900232           0
Repeater1[0]<--->HoM1[0]
REAL
    0.360571   0.00131409  -0.00877766     0.239945
  0.00131409     0.164721    0.0605761   0.00291065
 -0.00877766    0.0605761     0.156939 -0.000662197
    0.239945   0.00291065 -0.000662197     0.317769
IMAGINARY
          0  0.00230737 -0.00184567 -0.00879934
-0.00230737           0  -0.0146664   0.0117011
 0.00184567   0.0146664           0   0.0141184
 0.00879934  -0.0117011  -0.0141184           0
EndNode1[0]<--->Repeater1[0]
REAL
   0.359661 -0.00357822 -0.00306559    0.219934
-0.00357822    0.184767   0.0672734  -0.0196896
-0.00306559   0.0672734    0.153738   0.0115733
   0.219934  -0.0196896   0.0115733    0.301834
IMAGINARY
          0   0.0105143 -0.00556189 -0.00401759
 -0.0105143           0   0.0112449  0.00276077
 0.00556189  -0.0112449           0  0.00629238
 0.00401759 -0.00276077 -0.00629238           0
EndNode2[0]<--->HoM1[0]
REAL
    0.361624   -0.0124759   -0.0109272     0.242397
  -0.0124759     0.142681    0.0423969 -0.000670764
  -0.0109272    0.0423969     0.138991    -0.018452
    0.242397 -0.000670764    -0.018452     0.356704
IMAGINARY
           0  0.000640939   -0.0289418  -0.00511833
-0.000640939            0   0.00576516   0.00686385
   0.0289418  -0.00576516            0  -0.00583574
  0.00511833  -0.00686385   0.00583574            0
Repeater1[0]<--->EndNode1[0]
REAL
   0.359661 -0.00306559 -0.00357822    0.219934
-0.00306559    0.153738   0.0672734   0.0115733
-0.00357822   0.0672734    0.184767  -0.0196896
   0.219934   0.0115733  -0.0196896    0.301834
IMAGINARY
          0 -0.00556189   0.0105143 -0.00401759
 0.00556189           0  -0.0112449  0.00629238
 -0.0105143   0.0112449           0  0.00276077
 0.00401759 -0.00629238 -0.00276077           0
Repeater1[0]<--->HoM1[0]
REAL
    0.361624   -0.0109272   -0.0124759     0.242397
  -0.0109272     0.138991    0.0423969    -0.018452
  -0.0124759    0.0423969     0.142681 -0.000670764
    0.242397    -0.018452 -0.000670764     0.356704
IMAGINARY
           0   -0.0289418  0.000640939  -0.00511833
   0.0289418            0  -0.00576516  -0.00583574
-0.000640939   0.00576516            0   0.00686385
  0.00511833   0.00583574  -0.00686385            0
EndNode1[0]<--->Repeater1[0]
REAL
  0.343629  0.0266558 0.00386334   0.224996
 0.0266558   0.171171  0.0599778 0.00261334
0.00386334  0.0599778   0.162162 0.00831834
  0.224996 0.00261334 0.00831834   0.323037
IMAGINARY
          0 -0.00449548  -0.0170751   0.0215505
 0.00449548           0 -0.00186547  -0.0132092
  0.0170751  0.00186547           0    0.011294
 -0.0215505   0.0132092   -0.011294           0
EndNode2[0]<--->HoM1[0]
REAL
   0.326823   0.0122983  0.00874584    0.225421
  0.0122983    0.178385   0.0725587   0.0139814
 0.00874584   0.0725587    0.147135 -0.00724776
   0.225421   0.0139814 -0.00724776    0.347656
IMAGINARY
          0   0.0124492   0.0180167 -0.00234895
 -0.0124492           0   0.0254665  -0.0149716
 -0.0180167  -0.0254665           0 -0.00453198
 0.00234895   0.0149716  0.00453198           0
Repeater1[0]<--->EndNode1[0]
REAL
  0.343629 0.00386334  0.0266558   0.224996
0.00386334   0.162162  0.0599778 0.00831834
 0.0266558  0.0599778   0.171171 0.00261334
  0.224996 0.00831834 0.00261334   0.323037
IMAGINARY
          0  -0.0170751 -0.00449548   0.0215505
  0.0170751           0  0.00186547    0.011294
 0.00449548 -0.00186547           0  -0.0132092
 -0.0215505   -0.011294   0.0132092           0
Repeater1[0]<--->HoM1[0]
REAL
   0.326823  0.00874584   0.0122983    0.225421
 0.00874584    0.147135   0.0725587 -0.00724776
  0.0122983   0.0725587    0.178385   0.0139814
   0.225421 -0.00724776   0.0139814    0.347656
IMAGINARY
          0   0.0180167   0.0124492 -0.00234895
 -0.0180167           0  -0.0254665 -0.00453198
 -0.0124492   0.0254665           0  -0.0149716
 0.00234895  0.00453198   0.0149716           0
EndNode1[0]<--->Repeater1[0]
REAL
  0.339973  0.0176491 0.00471448   0.215297
 0.0176491   0.175299  0.0620308 0.00405745
0.00471448  0.0620308   0.168659  0.0194629
  0.215297 0.00405745  0.0194629   0.316069
IMAGINARY
           0 -7.23818e-05  -0.00855175   -0.0161982
 7.23818e-05            0  -0.00360376     0.027396
  0.00855175   0.00360376            0   -0.0338472
   0.0161982    -0.027396    0.0338472            0
EndNode2[0]<--->HoM1[0]
REAL
   0.372738 -0.00195086  0.00704706     0.23787
-0.00195086    0.161641   0.0495098  -0.0214504
 0.00704706   0.0495098    0.153197  -0.0220546
    0.23787  -0.0214504  -0.0220546    0.312425
IMAGINARY
           0   -0.0151754   0.00870887  -0.00570134
   0.0151754            0 -0.000676213    0.0106904
 -0.00870887  0.000676213            0    0.0195559
  0.00570134   -0.0106904   -0.0195559            0
Repeater1[0]<--->EndNode1[0]
REAL
  0.339973 0.00471448  0.0176491   0.215297
0.00471448   0.168659  0.0620308  0.0194629
 0.0176491  0.0620308   0.175299 0.00405745
  0.215297  0.0194629 0.00405745   0.316069
IMAGINARY
           0  -0.00855175 -7.23818e-05   -0.0161982
  0.00855175            0   0.00360376   -0.0338472
 7.23818e-05  -0.00360376            0     0.027396
   0.0161982    0.0338472    -0.027396            0
Repeater1[0]<--->HoM1[0]
REAL
   0.372738  0.00704706 -0.00195086     0.23787
 0.00704706    0.153197   0.0495098  -0.0220546
-0.00195086   0.0495098    0.161641  -0.0214504
    0.23787  -0.0220546  -0.0214504    0.312425
IMAGINARY
           0   0.00870887   -0.0151754  -0.00570134
 -0.00870887            0  0.000676213    0.0195559
   0.0151754 -0.000676213            0    0.0106904
  0.00570134   -0.0195559   -0.0106904            0
EndNode1[0]<--->Repeater1[0]
REAL
   0.314211 -0.00553762  0.00317346    0.237052
-0.00553762    0.183833   0.0724715 -0.00252996
 0.00317346   0.0724715    0.160365  0.00618113
   0.237052 -0.00252996  0.00618113    0.341591
IMAGINARY
          0  0.00314688 -0.00696183  -0.0167603
-0.00314688           0  -0.0240419  0.00633605
 0.00696183   0.0240419           0   0.0175039
  0.0167603 -0.00633605  -0.0175039           0
EndNode2[0]<--->HoM1[0]
REAL
  0.342003  0.0015422 0.00173986   0.229622
 0.0015422   0.153446  0.0812558  0.0149474
0.00173986  0.0812558   0.154746  0.0089646
  0.229622  0.0149474  0.0089646   0.349805
IMAGINARY
          0  -0.0127276 -0.00558723   0.0260394
  0.0127276           0   0.0227106 -0.00813826
 0.00558723  -0.0227106           0  -0.0114554
 -0.0260394  0.00813826   0.0114554           0
Repeater1[0]<--->EndNode1[0]
REAL
   0.314211  0.00317346 -0.00553762    0.237052
 0.00317346    0.160365   0.0724715  0.00618113
-0.00553762   0.0724715    0.183833 -0.00252996
   0.237052  0.00618113 -0.00252996    0.341591
IMAGINARY
          0 -0.00696183  0.00314688  -0.0167603
 0.00696183           0   0.0240419   0.0175039
-0.00314688  -0.0240419           0  0.00633605
  0.0167603  -0.0175039 -0.00633605           0
Repeater1[0]<--->HoM1[0]
REAL
  0.342003 0.00173986  0.0015422   0.229622
0.00173986   0.154746  0.0812558  0.0089646
 0.0015422  0.0812558   0.153446  0.0149474
  0.229622  0.0089646  0.0149474   0.349805
IMAGINARY
          0 -0.00558723  -0.0127276   0.0260394
 0.00558723           0  -0.0227106  -0.0114554
  0.0127276   0.0227106           0 -0.00813826
 -0.0260394   0.0114554  0.00813826           0
EndNode1[0]<--->Repeater1[0]
REAL
   0.325359  0.00540603  -0.0101027    0.218905
 0.00540603    0.159091   0.0450791 -0.00149345
 -0.0101027   0.0450791    0.186603 0.000733128
   0.218905 -0.00149345 0.000733128    0.328947
IMAGINARY
          0 -0.00700701   0.0136119  0.00811743
 0.00700701           0 -0.00684516  0.00853575
 -0.0136119  0.00684516           0   0.0103627
-0.00811743 -0.00853575  -0.0103627           0
EndNode2[0]<--->HoM1[0]
REAL
   0.368222  0.00111336  -0.0123815    0.224161
 0.00111336    0.145019   0.0477686 -0.00718667
 -0.0123815   0.0477686    0.155107  0.00495951
   0.224161 -0.00718667  0.00495951    0.331652
IMAGINARY
           0   0.00486217    0.0101039  0.000516939
 -0.00486217            0  -0.00776332  -0.00745137
  -0.0101039   0.00776332            0   0.00309539
-0.000516939   0.00745137  -0.00309539            0
Repeater1[0]<--->EndNode1[0]
REAL
   0.325359  -0.0101027  0.00540603    0.218905
 -0.0101027    0.186603   0.0450791 0.000733128
 0.00540603   0.0450791    0.159091 -0.00149345
   0.218905 0.000733128 -0.00149345    0.328947
IMAGINARY
          0   0.0136119 -0.00700701  0.00811743
 -0.0136119           0  0.00684516   0.0103627
 0.00700701 -0.00684516           0  0.00853575
-0.00811743  -0.0103627 -0.00853575           0
Repeater1[0]<--->HoM1[0]
REAL
   0.368222  -0.0123815  0.00111336    0.224161
 -0.0123815    0.155107   0.0477686  0.00495951
 0.00111336   0.0477686    0.145019 -0.00718667
   0.224161  0.00495951 -0.00718667    0.331652
IMAGINARY
           0    0.0101039   0.00486217  0.000516939
  -0.0101039            0   0.00776332   0.00309539
 -0.00486217  -0.00776332            0  -0.00745137
-0.000516939  -0.00309539   0.00745137            0
EndNode1[0]<--->Repeater1[0]
REAL
   0.352258  -0.0286735   -0.025972     0.22785
 -0.0286735    0.185806   0.0590354 -0.00366229
  -0.025972   0.0590354    0.147097 -0.00222186
    0.22785 -0.00366229 -0.00222186    0.314839
IMAGINARY
          0   0.0239677   0.0140523  -0.0100558
 -0.0239677           0  -0.0125249 -0.00503168
 -0.0140523   0.0125249           0  -0.0188131
  0.0100558  0.00503168   0.0188131           0
EndNode2[0]<--->HoM1[0]
REAL
   0.358974   0.0139684   0.0143744    0.224825
  0.0139684    0.123321   0.0581587   0.0035048
  0.0143744   0.0581587    0.157509 -0.00841968
   0.224825   0.0035048 -0.00841968    0.360195
IMAGINARY
          0 -0.00728403 -0.00767594   0.0147946
 0.00728403           0  0.00266177  0.00121599
 0.00767594 -0.00266177           0  0.00082408
 -0.0147946 -0.00121599 -0.00082408           0
Repeater1[0]<--->EndNode1[0]
REAL
   0.352258   -0.025972  -0.0286735     0.22785
  -0.025972    0.147097   0.0590354 -0.00222186
 -0.0286735   0.0590354    0.185806 -0.00366229
    0.22785 -0.00222186 -0.00366229    0.314839
IMAGINARY
          0   0.0140523   0.0239677  -0.0100558
 -0.0140523           0   0.0125249  -0.0188131
 -0.0239677  -0.0125249           0 -0.00503168
  0.0100558   0.0188131  0.00503168           0
Repeater1[0]<--->HoM1[0]
REAL
   0.358974   0.0143744   0.0139684    0.224825
  0.0143744    0.157509   0.0581587 -0.00841968
  0.0139684   0.0581587    0.123321   0.0035048
   0.224825 -0.00841968   0.0035048    0.360195
IMAGINARY
          0 -0.00767594 -0.00728403   0.0147946
 0.00767594           0 -0.00266177  0.00082408
 0.00728403  0.00266177           0  0.00121599
 -0.0147946 -0.00082408 -0.00121599           0
EndNode1[0]<--->Repeater1[0]
REAL
   0.343958  -0.0110651 -0.00935826     0.24761
 -0.0110651    0.155378   0.0291117   0.0117336
-0.00935826   0.0291117    0.196547  0.00631454
    0.24761   0.0117336  0.00631454    0.304117
IMAGINARY
          0  0.00158973  0.00725016   0.0188115
-0.00158973           0  -0.0175294 -0.00188823
-0.00725016   0.0175294           0 -0.00695166
 -0.0188115  0.00188823  0.00695166           0
EndNode2[0]<--->HoM1[0]
REAL
   0.366385   0.0197075  -0.0072384    0.237235
  0.0197075    0.154776   0.0592691  -0.0133608
 -0.0072384   0.0592691    0.146312 -0.00410202
   0.237235  -0.0133608 -0.00410202    0.332527
IMAGINARY
          0  0.00303147  -0.0106478 -0.00987246
-0.00303147           0 -0.00672781 -0.00695323
  0.0106478  0.00672781           0   0.0184809
 0.00987246  0.00695323  -0.0184809           0
Repeater1[0]<--->EndNode1[0]
REAL
   0.343958 -0.00935826  -0.0110651     0.24761
-0.00935826    0.196547   0.0291117  0.00631454
 -0.0110651   0.0291117    0.155378   0.0117336
    0.24761  0.00631454   0.0117336    0.304117
IMAGINARY
          0  0.00725016  0.00158973   0.0188115
-0.00725016           0   0.0175294 -0.00695166
-0.00158973  -0.0175294           0 -0.00188823
 -0.0188115  0.00695166  0.00188823           0
Repeater1[0]<--->HoM1[0]
REAL
   0.366385  -0.0072384   0.0197075    0.237235
 -0.0072384    0.146312   0.0592691 -0.00410202
  0.0197075   0.0592691    0.154776  -0.0133608
   0.237235 -0.00410202  -0.0133608    0.332527
IMAGINARY
          0  -0.0106478  0.00303147 -0.00987246
  0.0106478           0  0.00672781   0.0184809
-0.00303147 -0.00672781           0 -0.00695323
 0.00987246  -0.0184809  0.00695323           0
EndNode1[0]<--->Repeater1[0]
REAL
  0.324397 -0.0118385 -0.0140458   0.221805
-0.0118385   0.174263  0.0585269 0.00702158
-0.0140458  0.0585269   0.151475 0.00736848
  0.221805 0.00702158 0.00736848   0.349866
IMAGINARY
           0  0.000507498    0.0203663   0.00691714
-0.000507498            0 -0.000956875    -0.015919
  -0.0203663  0.000956875            0  -0.00368412
 -0.00691714     0.015919   0.00368412            0
EndNode2[0]<--->HoM1[0]
REAL
   0.326823  -0.0248333 -0.00712561    0.224944
 -0.0248333    0.178385   0.0506724  -0.0324334
-0.00712561   0.0506724     0.14974  -0.0134287
   0.224944  -0.0324334  -0.0134287    0.345052
IMAGINARY
           0   0.00591408  0.000870792  -0.00527958
 -0.00591408            0   0.00214282  -0.00150451
-0.000870792  -0.00214282            0   0.00866133
  0.00527958   0.00150451  -0.00866133            0
Repeater1[0]<--->EndNode1[0]
REAL
  0.324397 -0.0140458 -0.0118385   0.221805
-0.0140458   0.151475  0.0585269 0.00736848
-0.0118385  0.0585269   0.174263 0.00702158
  0.221805 0.00736848 0.00702158   0.349866
IMAGINARY
           0    0.0203663  0.000507498   0.00691714
  -0.0203663            0  0.000956875  -0.00368412
-0.000507498 -0.000956875            0    -0.015919
 -0.00691714   0.00368412     0.015919            0
Repeater1[0]<--->HoM1[0]
REAL
   0.326823 -0.00712561  -0.0248333    0.224944
-0.00712561     0.14974   0.0506724  -0.0134287
 -0.0248333   0.0506724    0.178385  -0.0324334
   0.224944  -0.0134287  -0.0324334    0.345052
IMAGINARY
           0  0.000870792   0.00591408  -0.00527958
-0.000870792            0  -0.00214282   0.00866133
 -0.00591408   0.00214282            0  -0.00150451
  0.00527958  -0.00866133   0.00150451            0
EndNode1[0]<--->Repeater1[0]
REAL
   0.338501   0.0035878  0.00404855     0.23673
  0.0035878    0.157623   0.0532189  -0.0156465
 0.00404855   0.0532189    0.193798 -0.00616512
    0.23673  -0.0156465 -0.00616512    0.310078
IMAGINARY
          0  0.00320817   0.0232251  -0.0267657
-0.00320817           0   0.0135249  -0.0285442
 -0.0232251  -0.0135249           0  0.00743013
  0.0267657   0.0285442 -0.00743013           0
EndNode2[0]<--->HoM1[0]
REAL
   0.339869  0.00728216  -0.0100415    0.229798
 0.00728216     0.16732   0.0441919   0.0138294
 -0.0100415   0.0441919    0.163399 0.000293597
   0.229798   0.0138294 0.000293597    0.329412
IMAGINARY
          0  0.00279244 -0.00368104  0.00149901
-0.00279244           0   0.0116754  -0.0177836
 0.00368104  -0.0116754           0  0.00730857
-0.00149901   0.0177836 -0.00730857           0
Repeater1[0]<--->EndNode1[0]
REAL
   0.338501  0.00404855   0.0035878     0.23673
 0.00404855    0.193798   0.0532189 -0.00616512
  0.0035878   0.0532189    0.157623  -0.0156465
    0.23673 -0.00616512  -0.0156465    0.310078
IMAGINARY
          0   0.0232251  0.00320817  -0.0267657
 -0.0232251           0  -0.0135249  0.00743013
-0.00320817   0.0135249           0  -0.0285442
  0.0267657 -0.00743013   0.0285442           0
Repeater1[0]<--->HoM1[0]
REAL
   0.339869  -0.0100415  0.00728216    0.229798
 -0.0100415    0.163399   0.0441919 0.000293597
 0.00728216   0.0441919     0.16732   0.0138294
   0.229798 0.000293597   0.0138294    0.329412
IMAGINARY
          0 -0.00368104  0.00279244  0.00149901
 0.00368104           0  -0.0116754  0.00730857
-0.00279244   0.0116754           0  -0.0177836
-0.00149901 -0.00730857   0.0177836           0
EndNode1[0]<--->Repeater1[0]
REAL
   0.372208   0.0103375 0.000321664    0.236019
  0.0103375    0.138958   0.0469871  0.00817507
0.000321664   0.0469871    0.152605 -0.00706949
   0.236019  0.00817507 -0.00706949    0.336228
IMAGINARY
          0  -0.0120182   0.0219355   0.0240006
  0.0120182           0 -0.00729105  0.00322581
 -0.0219355  0.00729105           0   0.0165343
 -0.0240006 -0.00322581  -0.0165343           0
EndNode2[0]<--->HoM1[0]
REAL
  0.357143  -0.003888 -0.0071965   0.237868
 -0.003888   0.181217  0.0844666  0.0071965
-0.0071965  0.0844666   0.167989  0.0140403
  0.237868  0.0071965  0.0140403   0.293651
IMAGINARY
          0  -0.0016501  -0.0107215   0.0136346
  0.0016501           0  -0.0124001 -0.00147364
  0.0107215   0.0124001           0  -0.0195309
 -0.0136346  0.00147364   0.0195309           0
Repeater1[0]<--->EndNode1[0]
REAL
   0.372208 0.000321664   0.0103375    0.236019
0.000321664    0.152605   0.0469871 -0.00706949
  0.0103375   0.0469871    0.138958  0.00817507
   0.236019 -0.00706949  0.00817507    0.336228
IMAGINARY
          0   0.0219355  -0.0120182   0.0240006
 -0.0219355           0  0.00729105   0.0165343
  0.0120182 -0.00729105           0  0.00322581
 -0.0240006  -0.0165343 -0.00322581           0
Repeater1[0]<--->HoM1[0]
REAL
  0.357143 -0.0071965  -0.003888   0.237868
-0.0071965   0.167989  0.0844666  0.0140403
 -0.003888  0.0844666   0.181217  0.0071965
  0.237868  0.0140403  0.0071965   0.293651
IMAGINARY
          0  -0.0107215  -0.0016501   0.0136346
  0.0107215           0   0.0124001  -0.0195309
  0.0016501  -0.0124001           0 -0.00147364
 -0.0136346   0.0195309  0.00147364           0
EndNode1[0]<--->Repeater1[0]
REAL
   0.320463 -0.00963036  -0.0136835    0.234549
-0.00963036    0.162162   0.0450687  0.00795107
 -0.0136835   0.0450687    0.136422 -0.00756709
   0.234549  0.00795107 -0.00756709    0.380952
IMAGINARY
          0  -0.0149317 -0.00947808  -0.0134701
  0.0149317           0  -0.0264235 -0.00636476
 0.00947808   0.0264235           0  0.00669344
  0.0134701  0.00636476 -0.00669344           0
EndNode2[0]<--->HoM1[0]
REAL
   0.324495  -0.0163614 -0.00609928    0.236229
 -0.0163614    0.164141   0.0501067  -0.0491802
-0.00609928   0.0501067    0.157828  -0.0190423
   0.236229  -0.0491802  -0.0190423    0.353535
IMAGINARY
           0    0.0321674 -0.000797293    0.0118272
  -0.0321674            0    0.0192164   0.00793089
 0.000797293   -0.0192164            0   0.00479758
  -0.0118272  -0.00793089  -0.00479758            0
Repeater1[0]<--->EndNode1[0]
REAL
   0.320463  -0.0136835 -0.00963036    0.234549
 -0.0136835    0.136422   0.0450687 -0.00756709
-0.00963036   0.0450687    0.162162  0.00795107
   0.234549 -0.00756709  0.00795107    0.380952
IMAGINARY
          0 -0.00947808  -0.0149317  -0.0134701
 0.00947808           0   0.0264235  0.00669344
  0.0149317  -0.0264235           0 -0.00636476
  0.0134701 -0.00669344  0.00636476           0
Repeater1[0]<--->HoM1[0]
REAL
   0.324495 -0.00609928  -0.0163614    0.236229
-0.00609928    0.157828   0.0501067  -0.0190423
 -0.0163614   0.0501067    0.164141  -0.0491802
   0.236229  -0.0190423  -0.0491802    0.353535
IMAGINARY
           0 -0.000797293    0.0321674    0.0118272
 0.000797293            0   -0.0192164   0.00479758
  -0.0321674    0.0192164            0   0.00793089
  -0.0118272  -0.00479758  -0.00793089            0
