EndNode1[0]<--->Repeater1[0]
REAL
   0.421894  0.00893981  -0.0203471    0.393696
 0.00893981   0.0590406 -0.00913263   0.0116222
 -0.0203471 -0.00913263   0.0602706  0.00112731
   0.393696   0.0116222  0.00112731    0.458795
IMAGINARY
          0   0.0277143 -0.00744929  -0.0193633
 -0.0277143           0 -0.00327578   0.0203644
 0.00744929  0.00327578           0  -0.0172592
  0.0193633  -0.0203644   0.0172592           0
EndNode2[0]<--->HoM1[0]
REAL
    0.44793 -0.00261097 0.000652742    0.381684
-0.00261097   0.0326223 -0.00831593 0.000652742
0.000652742 -0.00831593   0.0564617 -0.00261097
   0.381684 0.000652742 -0.00261097    0.462986
IMAGINARY
          0   0.0239309  -0.0009199 -0.00528272
 -0.0239309           0 -0.00331679  -0.0290801
  0.0009199  0.00331679           0 -0.00678805
 0.00528272   0.0290801  0.00678805           0
Repeater1[0]<--->EndNode1[0]
REAL
   0.421894  -0.0203471  0.00893981    0.393696
 -0.0203471   0.0602706 -0.00913263  0.00112731
 0.00893981 -0.00913263   0.0590406   0.0116222
   0.393696  0.00112731   0.0116222    0.458795
IMAGINARY
          0 -0.00744929   0.0277143  -0.0193633
 0.00744929           0  0.00327578  -0.0172592
 -0.0277143 -0.00327578           0   0.0203644
  0.0193633   0.0172592  -0.0203644           0
Repeater1[0]<--->HoM1[0]
REAL
    0.44793 0.000652742 -0.00261097    0.381684
0.000652742   0.0564617 -0.00831593 -0.00261097
-0.00261097 -0.00831593   0.0326223 0.000652742
   0.381684 -0.00261097 0.000652742    0.462986
IMAGINARY
          0  -0.0009199   0.0239309 -0.00528272
  0.0009199           0  0.00331679 -0.00678805
 -0.0239309 -0.00331679           0  -0.0290801
 0.00528272  0.00678805   0.0290801           0
EndNode1[0]<--->Repeater1[0]
REAL
    0.47619  0.00538815   0.0151567    0.387966
 0.00538815   0.0582011 0.000786029 -0.00835817
  0.0151567 0.000786029   0.0595238  0.00882693
   0.387966 -0.00835817  0.00882693    0.406085
IMAGINARY
          0  0.00968996  -0.0135151 -0.00194989
-0.00968996           0  0.00633037  -0.0159721
  0.0135151 -0.00633037           0   0.0249254
 0.00194989   0.0159721  -0.0249254           0
EndNode2[0]<--->HoM1[0]
REAL
   0.439521 -0.00234091  -0.0139412    0.386623
-0.00234091    0.057485   0.0157838  -0.0114598
 -0.0139412   0.0157838   0.0634731 -0.00300669
   0.386623  -0.0114598 -0.00300669    0.439521
IMAGINARY
          0  0.00512519 -0.00306812   0.0248162
-0.00512519           0  -0.0162797 -0.00558701
 0.00306812   0.0162797           0  -0.0164434
 -0.0248162  0.00558701   0.0164434           0
Repeater1[0]<--->EndNode1[0]
REAL
    0.47619   0.0151567  0.00538815    0.387966
  0.0151567   0.0595238 0.000786029  0.00882693
 0.00538815 0.000786029   0.0582011 -0.00835817
   0.387966  0.00882693 -0.00835817    0.406085
IMAGINARY
          0  -0.0135151  0.00968996 -0.00194989
  0.0135151           0 -0.00633037   0.0249254
-0.00968996  0.00633037           0  -0.0159721
 0.00194989  -0.0249254   0.0159721           0
Repeater1[0]<--->HoM1[0]
REAL
   0.439521  -0.0139412 -0.00234091    0.386623
 -0.0139412   0.0634731   0.0157838 -0.00300669
-0.00234091   0.0157838    0.057485  -0.0114598
   0.386623 -0.00300669  -0.0114598    0.439521
IMAGINARY
          0 -0.00306812  0.00512519   0.0248162
 0.00306812           0   0.0162797  -0.0164434
-0.00512519  -0.0162797           0 -0.00558701
 -0.0248162   0.0164434  0.00558701           0
EndNode1[0]<--->Repeater1[0]
REAL
   0.453964   -0.006242  0.00974644    0.379948
  -0.006242   0.0575448 0.000102772  0.00414245
 0.00974644 0.000102772   0.0677749   0.0289693
   0.379948  0.00414245   0.0289693    0.420716
IMAGINARY
           0   -0.0171893  -0.00456223    -0.010368
   0.0171893            0    -0.016235    0.0110222
  0.00456223     0.016235            0 -0.000898564
    0.010368   -0.0110222  0.000898564            0
EndNode2[0]<--->HoM1[0]
REAL
    0.437995  0.000372853   -0.0261888     0.386422
 0.000372853    0.0633245  -0.00900274 -0.000262843
  -0.0261888  -0.00900274    0.0488127   -0.0152116
    0.386422 -0.000262843   -0.0152116     0.449868
IMAGINARY
           0   0.00142587  -0.00946603  0.000312881
 -0.00142587            0   0.00280044   0.00750525
  0.00946603  -0.00280044            0   -0.0099226
-0.000312881  -0.00750525    0.0099226            0
Repeater1[0]<--->EndNode1[0]
REAL
   0.453964  0.00974644   -0.006242    0.379948
 0.00974644   0.0677749 0.000102772   0.0289693
  -0.006242 0.000102772   0.0575448  0.00414245
   0.379948   0.0289693  0.00414245    0.420716
IMAGINARY
           0  -0.00456223   -0.0171893    -0.010368
  0.00456223            0     0.016235 -0.000898564
   0.0171893    -0.016235            0    0.0110222
    0.010368  0.000898564   -0.0110222            0
Repeater1[0]<--->HoM1[0]
REAL
    0.437995   -0.0261888  0.000372853     0.386422
  -0.0261888    0.0488127  -0.00900274   -0.0152116
 0.000372853  -0.00900274    0.0633245 -0.000262843
    0.386422   -0.0152116 -0.000262843     0.449868
IMAGINARY
           0  -0.00946603   0.00142587  0.000312881
  0.00946603            0  -0.00280044   -0.0099226
 -0.00142587   0.00280044            0   0.00750525
-0.000312881    0.0099226  -0.00750525            0
EndNode1[0]<--->Repeater1[0]
REAL
   0.432503 0.000806087 -0.00870121    0.388591
0.000806087   0.0393185 -0.00110639  -0.0184796
-0.00870121 -0.00110639   0.0524246 -0.00902353
   0.388591  -0.0184796 -0.00902353    0.475754
IMAGINARY
          0  -0.0049482 -0.00656407  0.00798502
  0.0049482           0  0.00267998 -0.00131472
 0.00656407 -0.00267998           0  0.00919062
-0.00798502  0.00131472 -0.00919062           0
EndNode2[0]<--->HoM1[0]
REAL
   0.476846  0.00941828    0.013566    0.384885
 0.00941828    0.057572 -0.00328946 -0.00648748
   0.013566 -0.00328946   0.0588235  -0.0177838
   0.384885 -0.00648748  -0.0177838    0.406758
IMAGINARY
           0   -0.0126693    0.0188313   0.00441064
   0.0126693            0 -0.000564485  0.000448926
  -0.0188313  0.000564485            0    -0.018179
 -0.00441064 -0.000448926     0.018179            0
Repeater1[0]<--->EndNode1[0]
REAL
   0.432503 -0.00870121 0.000806087    0.388591
-0.00870121   0.0524246 -0.00110639 -0.00902353
0.000806087 -0.00110639   0.0393185  -0.0184796
   0.388591 -0.00902353  -0.0184796    0.475754
IMAGINARY
          0 -0.00656407  -0.0049482  0.00798502
 0.00656407           0 -0.00267998  0.00919062
  0.0049482  0.00267998           0 -0.00131472
-0.00798502 -0.00919062  0.00131472           0
Repeater1[0]<--->HoM1[0]
REAL
   0.476846    0.013566  0.00941828    0.384885
   0.013566   0.0588235 -0.00328946  -0.0177838
 0.00941828 -0.00328946    0.057572 -0.00648748
   0.384885  -0.0177838 -0.00648748    0.406758
IMAGINARY
           0    0.0188313   -0.0126693   0.00441064
  -0.0188313            0  0.000564485    -0.018179
   0.0126693 -0.000564485            0  0.000448926
 -0.00441064     0.018179 -0.000448926            0
EndNode1[0]<--->Repeater1[0]
REAL
   0.443089 -0.00455706  0.00608273    0.385474
-0.00455706   0.0555556 -0.00591186  0.00608273
 0.00608273 -0.00591186   0.0379404 0.000907423
   0.385474  0.00608273 0.000907423    0.463415
IMAGINARY
          0   0.0222489  -0.0159575  0.00852905
 -0.0222489           0   0.0119678  0.00534576
  0.0159575  -0.0119678           0  -0.0203763
-0.00852905 -0.00534576   0.0203763           0
EndNode2[0]<--->HoM1[0]
REAL
   0.440154 0.000398077  0.00971016    0.389118
0.000398077    0.046332  0.00644371 -0.00579371
 0.00971016  0.00644371   0.0604891 -0.00692549
   0.389118 -0.00579371 -0.00692549    0.453024
IMAGINARY
          0   0.0154463  -0.0100888   0.0254122
 -0.0154463           0  0.00225829   0.0107709
  0.0100888 -0.00225829           0  -0.0133999
 -0.0254122  -0.0107709   0.0133999           0
Repeater1[0]<--->EndNode1[0]
REAL
   0.443089  0.00608273 -0.00455706    0.385474
 0.00608273   0.0379404 -0.00591186 0.000907423
-0.00455706 -0.00591186   0.0555556  0.00608273
   0.385474 0.000907423  0.00608273    0.463415
IMAGINARY
          0  -0.0159575   0.0222489  0.00852905
  0.0159575           0  -0.0119678  -0.0203763
 -0.0222489   0.0119678           0  0.00534576
-0.00852905   0.0203763 -0.00534576           0
Repeater1[0]<--->HoM1[0]
REAL
   0.440154  0.00971016 0.000398077    0.389118
 0.00971016   0.0604891  0.00644371 -0.00692549
0.000398077  0.00644371    0.046332 -0.00579371
   0.389118 -0.00692549 -0.00579371    0.453024
IMAGINARY
          0  -0.0100888   0.0154463   0.0254122
  0.0100888           0 -0.00225829  -0.0133999
 -0.0154463  0.00225829           0   0.0107709
 -0.0254122   0.0133999  -0.0107709           0
EndNode1[0]<--->Repeater1[0]
REAL
   0.429677  -0.0012513  0.00586059    0.380576
 -0.0012513   0.0477419 -0.00393522   0.0046381
 0.00586059 -0.00393522   0.0619355  0.00650064
   0.380576   0.0046381  0.00650064    0.460645
IMAGINARY
          0 -0.00341094  0.00666383  0.00281998
 0.00341094           0  -0.0170703  0.00284704
-0.00666383   0.0170703           0   -0.010176
-0.00281998 -0.00284704    0.010176           0
EndNode2[0]<--->HoM1[0]
REAL
   0.453856   0.0104635   0.0112209    0.388694
  0.0104635   0.0556258  0.00449655 -0.00788315
  0.0112209  0.00449655   0.0518331  0.00088496
   0.388694 -0.00788315  0.00088496    0.438685
IMAGINARY
           0     -0.02565    0.0274716 -0.000859937
     0.02565            0   -0.0155658  0.000875831
  -0.0274716    0.0155658            0   0.00212773
 0.000859937 -0.000875831  -0.00212773            0
Repeater1[0]<--->EndNode1[0]
REAL
   0.429677  0.00586059  -0.0012513    0.380576
 0.00586059   0.0619355 -0.00393522  0.00650064
 -0.0012513 -0.00393522   0.0477419   0.0046381
   0.380576  0.00650064   0.0046381    0.460645
IMAGINARY
          0  0.00666383 -0.00341094  0.00281998
-0.00666383           0   0.0170703   -0.010176
 0.00341094  -0.0170703           0  0.00284704
-0.00281998    0.010176 -0.00284704           0
Repeater1[0]<--->HoM1[0]
REAL
   0.453856   0.0112209   0.0104635    0.388694
  0.0112209   0.0518331  0.00449655  0.00088496
  0.0104635  0.00449655   0.0556258 -0.00788315
   0.388694  0.00088496 -0.00788315    0.438685
IMAGINARY
           0    0.0274716     -0.02565 -0.000859937
  -0.0274716            0    0.0155658   0.00212773
     0.02565   -0.0155658            0  0.000875831
 0.000859937  -0.00212773 -0.000875831            0
EndNode1[0]<--->Repeater1[0]
REAL
   0.422392   0.0194486   0.0225024    0.384628
  0.0194486   0.0699746   0.0237693  -0.0148688
  0.0225024   0.0237693    0.043257 -0.00672593
   0.384628  -0.0148688 -0.00672593    0.464377
IMAGINARY
           0 -0.000900653    0.0192327   0.00605306
 0.000900653            0  0.000406888   -0.0107801
  -0.0192327 -0.000406888            0   0.00675241
 -0.00605306    0.0107801  -0.00675241            0
EndNode2[0]<--->HoM1[0]
REAL
   0.411051 -0.00587477  -0.0161913    0.376612
-0.00587477   0.0673854  0.00819143  0.00148544
 -0.0161913  0.00819143   0.0673854  -0.0161841
   0.376612  0.00148544  -0.0161841    0.454178
IMAGINARY
           0 -0.000301998   0.00970856   0.00249095
 0.000301998            0   0.00122192   -0.0136559
 -0.00970856  -0.00122192            0   0.00424937
 -0.00249095    0.0136559  -0.00424937            0
Repeater1[0]<--->EndNode1[0]
REAL
   0.422392   0.0225024   0.0194486    0.384628
  0.0225024    0.043257   0.0237693 -0.00672593
  0.0194486   0.0237693   0.0699746  -0.0148688
   0.384628 -0.00672593  -0.0148688    0.464377
IMAGINARY
           0    0.0192327 -0.000900653   0.00605306
  -0.0192327            0 -0.000406888   0.00675241
 0.000900653  0.000406888            0   -0.0107801
 -0.00605306  -0.00675241    0.0107801            0
Repeater1[0]<--->HoM1[0]
REAL
   0.411051  -0.0161913 -0.00587477    0.376612
 -0.0161913   0.0673854  0.00819143  -0.0161841
-0.00587477  0.00819143   0.0673854  0.00148544
   0.376612  -0.0161841  0.00148544    0.454178
IMAGINARY
           0   0.00970856 -0.000301998   0.00249095
 -0.00970856            0  -0.00122192   0.00424937
 0.000301998   0.00122192            0   -0.0136559
 -0.00249095  -0.00424937    0.0136559            0
EndNode1[0]<--->Repeater1[0]
REAL
    0.443734   0.00753375 -0.000933617     0.383825
  0.00753375    0.0498721   -0.0026617  -0.00349116
-0.000933617   -0.0026617    0.0537084    -0.014487
    0.383825  -0.00349116    -0.014487     0.452685
IMAGINARY
          0 -0.00828034  -0.0128876   0.0253637
 0.00828034           0  0.00848054  0.00613082
  0.0128876 -0.00848054           0  0.00152358
 -0.0253637 -0.00613082 -0.00152358           0
EndNode2[0]<--->HoM1[0]
REAL
   0.452412 -0.00994873   0.0226956    0.372657
-0.00994873   0.0625815  0.00548889  -0.0101128
  0.0226956  0.00548889   0.0664928  0.00133945
   0.372657  -0.0101128  0.00133945    0.418514
IMAGINARY
          0  0.00878925   -0.005491 -0.00334731
-0.00878925           0  -0.0134229   0.0217817
   0.005491   0.0134229           0 -0.00502985
 0.00334731  -0.0217817  0.00502985           0
Repeater1[0]<--->EndNode1[0]
REAL
    0.443734 -0.000933617   0.00753375     0.383825
-0.000933617    0.0537084   -0.0026617    -0.014487
  0.00753375   -0.0026617    0.0498721  -0.00349116
    0.383825    -0.014487  -0.00349116     0.452685
IMAGINARY
          0  -0.0128876 -0.00828034   0.0253637
  0.0128876           0 -0.00848054  0.00152358
 0.00828034  0.00848054           0  0.00613082
 -0.0253637 -0.00152358 -0.00613082           0
Repeater1[0]<--->HoM1[0]
REAL
   0.452412   0.0226956 -0.00994873    0.372657
  0.0226956   0.0664928  0.00548889  0.00133945
-0.00994873  0.00548889   0.0625815  -0.0101128
   0.372657  0.00133945  -0.0101128    0.418514
IMAGINARY
          0   -0.005491  0.00878925 -0.00334731
   0.005491           0   0.0134229 -0.00502985
-0.00878925  -0.0134229           0   0.0217817
 0.00334731  0.00502985  -0.0217817           0
EndNode1[0]<--->Repeater1[0]
REAL
  0.472186 0.00641664  0.0192441   0.379503
0.00641664   0.068564 -0.0136646 0.00746398
 0.0192441 -0.0136646  0.0737387  0.0153225
  0.379503 0.00746398  0.0153225   0.385511
IMAGINARY
          0  -0.0145468 -0.00416165  -0.0116926
  0.0145468           0   0.0204175   0.0022983
 0.00416165  -0.0204175           0  0.00647229
  0.0116926  -0.0022983 -0.00647229           0
EndNode2[0]<--->HoM1[0]
REAL
   0.433604 -0.00699013  -0.0102141    0.380478
-0.00699013   0.0731707  -0.0158949 -0.00280671
 -0.0102141  -0.0158949   0.0514905   0.0017818
   0.380478 -0.00280671   0.0017818    0.441734
IMAGINARY
           0  -0.00610492   0.00124461    0.0105747
  0.00610492            0  0.000265415    0.0142994
 -0.00124461 -0.000265415            0   0.00869559
  -0.0105747   -0.0142994  -0.00869559            0
Repeater1[0]<--->EndNode1[0]
REAL
  0.472186  0.0192441 0.00641664   0.379503
 0.0192441  0.0737387 -0.0136646  0.0153225
0.00641664 -0.0136646   0.068564 0.00746398
  0.379503  0.0153225 0.00746398   0.385511
IMAGINARY
          0 -0.00416165  -0.0145468  -0.0116926
 0.00416165           0  -0.0204175  0.00647229
  0.0145468   0.0204175           0   0.0022983
  0.0116926 -0.00647229  -0.0022983           0
Repeater1[0]<--->HoM1[0]
REAL
   0.433604  -0.0102141 -0.00699013    0.380478
 -0.0102141   0.0514905  -0.0158949   0.0017818
-0.00699013  -0.0158949   0.0731707 -0.00280671
   0.380478   0.0017818 -0.00280671    0.441734
IMAGINARY
           0   0.00124461  -0.00610492    0.0105747
 -0.00124461            0 -0.000265415   0.00869559
  0.00610492  0.000265415            0    0.0142994
  -0.0105747  -0.00869559   -0.0142994            0
EndNode1[0]<--->Repeater1[0]
REAL
   0.429129  -0.0106822 0.000890034    0.382041
 -0.0106822   0.0702211  0.00329248   0.0137766
0.000890034  0.00329248   0.0611183   0.0120156
   0.382041   0.0137766   0.0120156    0.439532
IMAGINARY
          0  -0.0223213 -0.00107494  0.00635393
  0.0223213           0   0.0144285  -0.0308677
 0.00107494  -0.0144285           0   0.0294921
-0.00635393   0.0308677  -0.0294921           0
EndNode2[0]<--->HoM1[0]
REAL
   0.460028 -0.00986468 -0.00313299    0.378164
-0.00986468   0.0546985 -0.00178675 -0.00849492
-0.00313299 -0.00178675   0.0631136 -0.00788318
   0.378164 -0.00849492 -0.00788318     0.42216
IMAGINARY
          0 -0.00728494 -0.00414356  -0.0120945
 0.00728494           0  0.00204428  0.00785644
 0.00414356 -0.00204428           0   0.0196612
  0.0120945 -0.00785644  -0.0196612           0
Repeater1[0]<--->EndNode1[0]
REAL
   0.429129 0.000890034  -0.0106822    0.382041
0.000890034   0.0611183  0.00329248   0.0120156
 -0.0106822  0.00329248   0.0702211   0.0137766
   0.382041   0.0120156   0.0137766    0.439532
IMAGINARY
          0 -0.00107494  -0.0223213  0.00635393
 0.00107494           0  -0.0144285   0.0294921
  0.0223213   0.0144285           0  -0.0308677
-0.00635393  -0.0294921   0.0308677           0
Repeater1[0]<--->HoM1[0]
REAL
   0.460028 -0.00313299 -0.00986468    0.378164
-0.00313299   0.0631136 -0.00178675 -0.00788318
-0.00986468 -0.00178675   0.0546985 -0.00849492
   0.378164 -0.00788318 -0.00849492     0.42216
IMAGINARY
          0 -0.00414356 -0.00728494  -0.0120945
 0.00414356           0 -0.00204428   0.0196612
 0.00728494  0.00204428           0  0.00785644
  0.0120945  -0.0196612 -0.00785644           0
EndNode1[0]<--->Repeater1[0]
REAL
    0.417105    0.0415386    0.0454456     0.399582
   0.0415386    0.0486842 -0.000550672     0.021636
   0.0454456 -0.000550672    0.0565789    0.0269261
    0.399582     0.021636    0.0269261     0.477632
IMAGINARY
           0   0.00785533   0.00929908    0.0084979
 -0.00785533            0    0.0204596   -0.0152911
 -0.00929908   -0.0204596            0 -0.000531764
  -0.0084979    0.0152911  0.000531764            0
EndNode2[0]<--->HoM1[0]
REAL
 0.445443 0.0075954 0.0100386  0.380488
0.0075954 0.0564827 0.0111992  0.011372
0.0100386 0.0111992 0.0577664 0.0062585
 0.380488  0.011372 0.0062585  0.440308
IMAGINARY
          0  -0.0148511  0.00747132  0.00788835
  0.0148511           0  0.00788835   0.0128332
-0.00747132 -0.00788835           0  -0.0117986
-0.00788835  -0.0128332   0.0117986           0
Repeater1[0]<--->EndNode1[0]
REAL
    0.417105    0.0454456    0.0415386     0.399582
   0.0454456    0.0565789 -0.000550672    0.0269261
   0.0415386 -0.000550672    0.0486842     0.021636
    0.399582    0.0269261     0.021636     0.477632
IMAGINARY
           0   0.00929908   0.00785533    0.0084979
 -0.00929908            0   -0.0204596 -0.000531764
 -0.00785533    0.0204596            0   -0.0152911
  -0.0084979  0.000531764    0.0152911            0
Repeater1[0]<--->HoM1[0]
REAL
 0.445443 0.0100386 0.0075954  0.380488
0.0100386 0.0577664 0.0111992 0.0062585
0.0075954 0.0111992 0.0564827  0.011372
 0.380488 0.0062585  0.011372  0.440308
IMAGINARY
          0  0.00747132  -0.0148511  0.00788835
-0.00747132           0 -0.00788835  -0.0117986
  0.0148511  0.00788835           0   0.0128332
-0.00788835   0.0117986  -0.0128332           0
EndNode1[0]<--->Repeater1[0]
REAL
  0.447368  0.0167353 0.00631993   0.388553
 0.0167353  0.0526316   0.001211  0.0238638
0.00631993   0.001211  0.0486842  0.0213224
  0.388553  0.0238638  0.0213224   0.451316
IMAGINARY
          0  0.00980973  0.00469205  -0.0135419
-0.00980973           0   0.0224478  -0.0211477
-0.00469205  -0.0224478           0   0.0104434
  0.0135419   0.0211477  -0.0104434           0
EndNode2[0]<--->HoM1[0]
REAL
   0.444444  0.00185644  0.00681788    0.364477
 0.00185644   0.0633075  0.00603563 -0.00553583
 0.00681788  0.00603563   0.0658915 -0.00185644
   0.364477 -0.00553583 -0.00185644    0.426357
IMAGINARY
          0  0.00142823  0.00419993  -0.0305635
-0.00142823           0  -0.0153752  0.00878708
-0.00419993   0.0153752           0  -0.0235062
  0.0305635 -0.00878708   0.0235062           0
Repeater1[0]<--->EndNode1[0]
REAL
  0.447368 0.00631993  0.0167353   0.388553
0.00631993  0.0486842   0.001211  0.0213224
 0.0167353   0.001211  0.0526316  0.0238638
  0.388553  0.0213224  0.0238638   0.451316
IMAGINARY
          0  0.00469205  0.00980973  -0.0135419
-0.00469205           0  -0.0224478   0.0104434
-0.00980973   0.0224478           0  -0.0211477
  0.0135419  -0.0104434   0.0211477           0
Repeater1[0]<--->HoM1[0]
REAL
   0.444444  0.00681788  0.00185644    0.364477
 0.00681788   0.0658915  0.00603563 -0.00185644
 0.00185644  0.00603563   0.0633075 -0.00553583
   0.364477 -0.00185644 -0.00553583    0.426357
IMAGINARY
          0  0.00419993  0.00142823  -0.0305635
-0.00419993           0   0.0153752  -0.0235062
-0.00142823  -0.0153752           0  0.00878708
  0.0305635   0.0235062 -0.00878708           0
EndNode1[0]<--->Repeater1[0]
REAL
   0.433719  -0.0249718   -0.026042    0.377167
 -0.0249718    0.036036 0.000203533  0.00391808
  -0.026042 0.000203533   0.0720721 -0.00600163
   0.377167  0.00391808 -0.00600163    0.458172
IMAGINARY
          0 -0.00616728   0.0123572  -0.0107069
 0.00616728           0  0.00752223   0.0190564
 -0.0123572 -0.00752223           0 -0.00430393
  0.0107069  -0.0190564  0.00430393           0
EndNode2[0]<--->HoM1[0]
REAL
   0.410112 -0.00100942  -0.0154029    0.384059
-0.00100942   0.0505618    0.015398   -0.011771
 -0.0154029    0.015398   0.0589888  -0.0125775
   0.384059   -0.011771  -0.0125775    0.480337
IMAGINARY
          0  0.00155932  -0.0243391  -0.0238713
-0.00155932           0   0.0126493    0.010685
  0.0243391  -0.0126493           0 -0.00220952
  0.0238713   -0.010685  0.00220952           0
Repeater1[0]<--->EndNode1[0]
REAL
   0.433719   -0.026042  -0.0249718    0.377167
  -0.026042   0.0720721 0.000203533 -0.00600163
 -0.0249718 0.000203533    0.036036  0.00391808
   0.377167 -0.00600163  0.00391808    0.458172
IMAGINARY
          0   0.0123572 -0.00616728  -0.0107069
 -0.0123572           0 -0.00752223 -0.00430393
 0.00616728  0.00752223           0   0.0190564
  0.0107069  0.00430393  -0.0190564           0
Repeater1[0]<--->HoM1[0]
REAL
   0.410112  -0.0154029 -0.00100942    0.384059
 -0.0154029   0.0589888    0.015398  -0.0125775
-0.00100942    0.015398   0.0505618   -0.011771
   0.384059  -0.0125775   -0.011771    0.480337
IMAGINARY
          0  -0.0243391  0.00155932  -0.0238713
  0.0243391           0  -0.0126493 -0.00220952
-0.00155932   0.0126493           0    0.010685
  0.0238713  0.00220952   -0.010685           0
EndNode1[0]<--->Repeater1[0]
REAL
   0.446381  -0.0139952 -0.00738229    0.368558
 -0.0139952   0.0603217  0.00994642   0.0107201
-0.00738229  0.00994642   0.0522788   0.0186681
   0.368558   0.0107201   0.0186681    0.441019
IMAGINARY
          0  0.00771866  0.00676172 -0.00225281
-0.00771866           0  -0.0130533  -0.0144738
-0.00676172   0.0130533           0   0.0102762
 0.00225281   0.0144738  -0.0102762           0
EndNode2[0]<--->HoM1[0]
REAL
    0.437055   0.00876981 -0.000907074     0.384069
  0.00876981    0.0581948    0.0321684   0.00348439
-0.000907074    0.0321684    0.0534442  0.000250807
    0.384069   0.00348439  0.000250807     0.451306
IMAGINARY
          0   0.0130812   0.0105204  0.00882876
 -0.0130812           0  -0.0285238   0.0150366
 -0.0105204   0.0285238           0  -0.0373276
-0.00882876  -0.0150366   0.0373276           0
Repeater1[0]<--->EndNode1[0]
REAL
   0.446381 -0.00738229  -0.0139952    0.368558
-0.00738229   0.0522788  0.00994642   0.0186681
 -0.0139952  0.00994642   0.0603217   0.0107201
   0.368558   0.0186681   0.0107201    0.441019
IMAGINARY
          0  0.00676172  0.00771866 -0.00225281
-0.00676172           0   0.0130533   0.0102762
-0.00771866  -0.0130533           0  -0.0144738
 0.00225281  -0.0102762   0.0144738           0
Repeater1[0]<--->HoM1[0]
REAL
    0.437055 -0.000907074   0.00876981     0.384069
-0.000907074    0.0534442    0.0321684  0.000250807
  0.00876981    0.0321684    0.0581948   0.00348439
    0.384069  0.000250807   0.00348439     0.451306
IMAGINARY
          0   0.0105204   0.0130812  0.00882876
 -0.0105204           0   0.0285238  -0.0373276
 -0.0130812  -0.0285238           0   0.0150366
-0.00882876   0.0373276  -0.0150366           0
EndNode1[0]<--->Repeater1[0]
REAL
  0.461235 0.00426929 0.00256367   0.382023
0.00426929  0.0525624 0.00942021 -0.0121422
0.00256367 0.00942021  0.0696452 -0.0100164
  0.382023 -0.0121422 -0.0100164   0.416557
IMAGINARY
          0  -0.0101391 -0.00442558  0.00658178
  0.0101391           0 -0.00405652  0.00305572
 0.00442558  0.00405652           0   0.0128788
-0.00658178 -0.00305572  -0.0128788           0
EndNode2[0]<--->HoM1[0]
REAL
  0.449062 0.00417031 0.00989551   0.376271
0.00417031  0.0656836 0.00111328 -0.0167075
0.00989551 0.00111328  0.0563003 0.00536648
  0.376271 -0.0167075 0.00536648   0.428954
IMAGINARY
          0   0.0100601  0.00854947  0.00444932
 -0.0100601           0    0.023582  -0.0217903
-0.00854947   -0.023582           0   0.0145301
-0.00444932   0.0217903  -0.0145301           0
Repeater1[0]<--->EndNode1[0]
REAL
  0.461235 0.00256367 0.00426929   0.382023
0.00256367  0.0696452 0.00942021 -0.0100164
0.00426929 0.00942021  0.0525624 -0.0121422
  0.382023 -0.0100164 -0.0121422   0.416557
IMAGINARY
          0 -0.00442558  -0.0101391  0.00658178
 0.00442558           0  0.00405652   0.0128788
  0.0101391 -0.00405652           0  0.00305572
-0.00658178  -0.0128788 -0.00305572           0
Repeater1[0]<--->HoM1[0]
REAL
  0.449062 0.00989551 0.00417031   0.376271
0.00989551  0.0563003 0.00111328 0.00536648
0.00417031 0.00111328  0.0656836 -0.0167075
  0.376271 0.00536648 -0.0167075   0.428954
IMAGINARY
          0  0.00854947   0.0100601  0.00444932
-0.00854947           0   -0.023582   0.0145301
 -0.0100601    0.023582           0  -0.0217903
-0.00444932  -0.0145301   0.0217903           0
EndNode1[0]<--->Repeater1[0]
REAL
   0.437192 -0.00227785 -0.00835476    0.376482
-0.00227785   0.0529557  0.00269549 0.000642674
-0.00835476  0.00269549   0.0578818  -0.0182877
   0.376482 0.000642674  -0.0182877     0.45197
IMAGINARY
           0   0.00187648    0.0317514   -0.0189869
 -0.00187648            0  -0.00650331  0.000842265
  -0.0317514   0.00650331            0   -0.0275353
   0.0189869 -0.000842265    0.0275353            0
EndNode2[0]<--->HoM1[0]
REAL
 0.493099 0.0194393 0.0254826  0.388645
0.0194393 0.0464241 0.0134877 0.0065124
0.0254826 0.0134877 0.0476788 0.0125557
 0.388645 0.0065124 0.0125557  0.412798
IMAGINARY
           0   -0.0163849    0.0311664   -0.0232083
   0.0163849            0    0.0114071   0.00603411
  -0.0311664   -0.0114071            0  0.000621939
   0.0232083  -0.00603411 -0.000621939            0
Repeater1[0]<--->EndNode1[0]
REAL
   0.437192 -0.00835476 -0.00227785    0.376482
-0.00835476   0.0578818  0.00269549  -0.0182877
-0.00227785  0.00269549   0.0529557 0.000642674
   0.376482  -0.0182877 0.000642674     0.45197
IMAGINARY
           0    0.0317514   0.00187648   -0.0189869
  -0.0317514            0   0.00650331   -0.0275353
 -0.00187648  -0.00650331            0  0.000842265
   0.0189869    0.0275353 -0.000842265            0
Repeater1[0]<--->HoM1[0]
REAL
 0.493099 0.0254826 0.0194393  0.388645
0.0254826 0.0476788 0.0134877 0.0125557
0.0194393 0.0134877 0.0464241 0.0065124
 0.388645 0.0125557 0.0065124  0.412798
IMAGINARY
           0    0.0311664   -0.0163849   -0.0232083
  -0.0311664            0   -0.0114071  0.000621939
   0.0163849    0.0114071            0   0.00603411
   0.0232083 -0.000621939  -0.00603411            0
EndNode1[0]<--->Repeater1[0]
REAL
  0.472973  0.0102105 0.00656191   0.377062
 0.0102105  0.0626536  0.0147243   0.017558
0.00656191  0.0147243  0.0626536 -0.0108623
  0.377062   0.017558 -0.0108623    0.40172
IMAGINARY
          0    0.021923  -0.0050494  0.00165857
  -0.021923           0  -0.0129168  0.00894551
  0.0050494   0.0129168           0  -0.0154295
-0.00165857 -0.00894551   0.0154295           0
EndNode2[0]<--->HoM1[0]
REAL
    0.433962    0.0158404 -0.000288092     0.386064
   0.0158404    0.0477987   0.00356383   0.00161788
-0.000288092   0.00356383    0.0616352  0.000117088
    0.386064   0.00161788  0.000117088     0.456604
IMAGINARY
          0 -0.00711601 -0.00015625  0.00487815
 0.00711601           0   0.0157062  0.00765625
 0.00015625  -0.0157062           0   -0.010384
-0.00487815 -0.00765625    0.010384           0
Repeater1[0]<--->EndNode1[0]
REAL
  0.472973 0.00656191  0.0102105   0.377062
0.00656191  0.0626536  0.0147243 -0.0108623
 0.0102105  0.0147243  0.0626536   0.017558
  0.377062 -0.0108623   0.017558    0.40172
IMAGINARY
          0  -0.0050494    0.021923  0.00165857
  0.0050494           0   0.0129168  -0.0154295
  -0.021923  -0.0129168           0  0.00894551
-0.00165857   0.0154295 -0.00894551           0
Repeater1[0]<--->HoM1[0]
REAL
    0.433962 -0.000288092    0.0158404     0.386064
-0.000288092    0.0616352   0.00356383  0.000117088
   0.0158404   0.00356383    0.0477987   0.00161788
    0.386064  0.000117088   0.00161788     0.456604
IMAGINARY
          0 -0.00015625 -0.00711601  0.00487815
 0.00015625           0  -0.0157062   -0.010384
 0.00711601   0.0157062           0  0.00765625
-0.00487815    0.010384 -0.00765625           0
EndNode1[0]<--->Repeater1[0]
REAL
  0.442379  0.0237516 0.00436242   0.370143
 0.0237516  0.0570012  0.0117361 0.00436242
0.00436242  0.0117361  0.0557621 -0.0284496
  0.370143 0.00436242 -0.0284496   0.444857
IMAGINARY
           0   0.00362156    0.0147506   -0.0205026
 -0.00362156            0   0.00449744 -0.000212017
  -0.0147506  -0.00449744            0   -0.0206886
   0.0205026  0.000212017    0.0206886            0
EndNode2[0]<--->HoM1[0]
REAL
   0.440722 -0.00789261 -0.00776441    0.380843
-0.00789261   0.0463918 0.000619979  0.00461183
-0.00776441 0.000619979   0.0489691  0.00978416
   0.380843  0.00461183  0.00978416    0.463918
IMAGINARY
          0 -0.00332225   -0.029861   0.0312147
 0.00332225           0   0.0292792   0.0215044
   0.029861  -0.0292792           0   0.0144643
 -0.0312147  -0.0215044  -0.0144643           0
Repeater1[0]<--->EndNode1[0]
REAL
  0.442379 0.00436242  0.0237516   0.370143
0.00436242  0.0557621  0.0117361 -0.0284496
 0.0237516  0.0117361  0.0570012 0.00436242
  0.370143 -0.0284496 0.00436242   0.444857
IMAGINARY
           0    0.0147506   0.00362156   -0.0205026
  -0.0147506            0  -0.00449744   -0.0206886
 -0.00362156   0.00449744            0 -0.000212017
   0.0205026    0.0206886  0.000212017            0
Repeater1[0]<--->HoM1[0]
REAL
   0.440722 -0.00776441 -0.00789261    0.380843
-0.00776441   0.0489691 0.000619979  0.00978416
-0.00789261 0.000619979   0.0463918  0.00461183
   0.380843  0.00978416  0.00461183    0.463918
IMAGINARY
          0   -0.029861 -0.00332225   0.0312147
   0.029861           0  -0.0292792   0.0144643
 0.00332225   0.0292792           0   0.0215044
 -0.0312147  -0.0144643  -0.0215044           0
EndNode1[0]<--->Repeater1[0]
REAL
   0.438339    0.023495  0.00192682    0.383902
   0.023495    0.047619   0.0109667 -4.9469e-05
 0.00192682   0.0109667   0.0659341  -0.0040958
   0.383902 -4.9469e-05  -0.0040958    0.448107
IMAGINARY
          0  0.00436548   0.0138305 -0.00317467
-0.00436548           0   0.0122893   -0.024631
 -0.0138305  -0.0122893           0   0.0115176
 0.00317467    0.024631  -0.0115176           0
EndNode2[0]<--->HoM1[0]
REAL
   0.453145   0.0100916 -0.00405456    0.383164
  0.0100916   0.0372272 -0.00658963   0.0116112
-0.00405456 -0.00658963   0.0680359  0.00754061
   0.383164   0.0116112  0.00754061    0.441592
IMAGINARY
          0  0.00497035   -0.013973    0.036006
-0.00497035           0  -0.0146606  0.00554243
   0.013973   0.0146606           0  0.00735131
  -0.036006 -0.00554243 -0.00735131           0
Repeater1[0]<--->EndNode1[0]
REAL
   0.438339  0.00192682    0.023495    0.383902
 0.00192682   0.0659341   0.0109667  -0.0040958
   0.023495   0.0109667    0.047619 -4.9469e-05
   0.383902  -0.0040958 -4.9469e-05    0.448107
IMAGINARY
          0   0.0138305  0.00436548 -0.00317467
 -0.0138305           0  -0.0122893   0.0115176
-0.00436548   0.0122893           0   -0.024631
 0.00317467  -0.0115176    0.024631           0
Repeater1[0]<--->HoM1[0]
REAL
   0.453145 -0.00405456   0.0100916    0.383164
-0.00405456   0.0680359 -0.00658963  0.00754061
  0.0100916 -0.00658963   0.0372272   0.0116112
   0.383164  0.00754061   0.0116112    0.441592
IMAGINARY
          0   -0.013973  0.00497035    0.036006
   0.013973           0   0.0146606  0.00735131
-0.00497035  -0.0146606           0  0.00554243
  -0.036006 -0.00735131 -0.00554243           0
EndNode1[0]<--->Repeater1[0]
REAL
    0.432181 -0.000287903    0.0100831     0.394006
-0.000287903    0.0505319   -0.0125243   -0.0113177
   0.0100831   -0.0125243       0.0625 -0.000946665
    0.394006   -0.0113177 -0.000946665     0.454787
IMAGINARY
          0  -0.0108485   0.0168676 -0.00191571
  0.0108485           0  0.00510856  0.00297873
 -0.0168676 -0.00510856           0  -0.0153999
 0.00191571 -0.00297873   0.0153999           0
EndNode2[0]<--->HoM1[0]
REAL
   0.450205 -0.00685448  -0.0127877    0.374933
-0.00685448   0.0572988  0.00208548 -0.00895141
 -0.0127877  0.00208548   0.0504775   0.0186557
   0.374933 -0.00895141   0.0186557    0.442019
IMAGINARY
           0   0.00157243  -0.00357101  -0.00676738
 -0.00157243            0  0.000517384  -0.00106475
  0.00357101 -0.000517384            0  -0.00223468
  0.00676738   0.00106475   0.00223468            0
Repeater1[0]<--->EndNode1[0]
REAL
    0.432181    0.0100831 -0.000287903     0.394006
   0.0100831       0.0625   -0.0125243 -0.000946665
-0.000287903   -0.0125243    0.0505319   -0.0113177
    0.394006 -0.000946665   -0.0113177     0.454787
IMAGINARY
          0   0.0168676  -0.0108485 -0.00191571
 -0.0168676           0 -0.00510856  -0.0153999
  0.0108485  0.00510856           0  0.00297873
 0.00191571   0.0153999 -0.00297873           0
Repeater1[0]<--->HoM1[0]
REAL
   0.450205  -0.0127877 -0.00685448    0.374933
 -0.0127877   0.0504775  0.00208548   0.0186557
-0.00685448  0.00208548   0.0572988 -0.00895141
   0.374933   0.0186557 -0.00895141    0.442019
IMAGINARY
           0  -0.00357101   0.00157243  -0.00676738
  0.00357101            0 -0.000517384  -0.00223468
 -0.00157243  0.000517384            0  -0.00106475
  0.00676738   0.00223468   0.00106475            0
EndNode1[0]<--->Repeater1[0]
REAL
   0.424691   0.0147388   0.0139961    0.403586
  0.0147388   0.0617284  -0.0144037 0.000515741
  0.0139961  -0.0144037   0.0753086   0.0208813
   0.403586 0.000515741   0.0208813    0.438272
IMAGINARY
          0    0.013243  -0.0157697 -0.00597689
  -0.013243           0  0.00185601   0.0104787
  0.0157697 -0.00185601           0   -0.018534
 0.00597689  -0.0104787    0.018534           0
EndNode2[0]<--->HoM1[0]
REAL
   0.432203  -0.0103134 -0.00612897    0.373762
 -0.0103134    0.062954 -0.00607765  -0.0218608
-0.00612897 -0.00607765   0.0520581  -0.0202209
   0.373762  -0.0218608  -0.0202209    0.452785
IMAGINARY
          0 -0.00763632  0.00035534 -0.00415317
 0.00763632           0  0.00351946  0.00164733
-0.00035534 -0.00351946           0   0.0109741
 0.00415317 -0.00164733  -0.0109741           0
Repeater1[0]<--->EndNode1[0]
REAL
   0.424691   0.0139961   0.0147388    0.403586
  0.0139961   0.0753086  -0.0144037   0.0208813
  0.0147388  -0.0144037   0.0617284 0.000515741
   0.403586   0.0208813 0.000515741    0.438272
IMAGINARY
          0  -0.0157697    0.013243 -0.00597689
  0.0157697           0 -0.00185601   -0.018534
  -0.013243  0.00185601           0   0.0104787
 0.00597689    0.018534  -0.0104787           0
Repeater1[0]<--->HoM1[0]
REAL
   0.432203 -0.00612897  -0.0103134    0.373762
-0.00612897   0.0520581 -0.00607765  -0.0202209
 -0.0103134 -0.00607765    0.062954  -0.0218608
   0.373762  -0.0202209  -0.0218608    0.452785
IMAGINARY
          0  0.00035534 -0.00763632 -0.00415317
-0.00035534           0 -0.00351946   0.0109741
 0.00763632  0.00351946           0  0.00164733
 0.00415317  -0.0109741 -0.00164733           0
EndNode1[0]<--->Repeater1[0]
REAL
   0.451007  -0.0210272  0.00398012    0.367549
 -0.0210272   0.0604027   -0.004462 -0.00867811
 0.00398012   -0.004462   0.0657718  -0.0185702
   0.367549 -0.00867811  -0.0185702    0.422819
IMAGINARY
          0   0.0180302   -0.028584  -0.0109153
 -0.0180302           0  -0.0311173  0.00819019
   0.028584   0.0311173           0   0.0150218
  0.0109153 -0.00819019  -0.0150218           0
EndNode2[0]<--->HoM1[0]
REAL
   0.416774   0.0114118 -0.00468774    0.380563
  0.0114118   0.0580645  -0.0114675  0.00536251
-0.00468774  -0.0114675   0.0658065  0.00950585
   0.380563  0.00536251  0.00950585    0.459355
IMAGINARY
           0   -0.0191386    0.0186128 -3.39615e-05
   0.0191386            0  -0.00307163 -0.000617955
  -0.0186128   0.00307163            0   0.00628513
 3.39615e-05  0.000617955  -0.00628513            0
Repeater1[0]<--->EndNode1[0]
REAL
   0.451007  0.00398012  -0.0210272    0.367549
 0.00398012   0.0657718   -0.004462  -0.0185702
 -0.0210272   -0.004462   0.0604027 -0.00867811
   0.367549  -0.0185702 -0.00867811    0.422819
IMAGINARY
          0   -0.028584   0.0180302  -0.0109153
   0.028584           0   0.0311173   0.0150218
 -0.0180302  -0.0311173           0  0.00819019
  0.0109153  -0.0150218 -0.00819019           0
Repeater1[0]<--->HoM1[0]
REAL
   0.416774 -0.00468774   0.0114118    0.380563
-0.00468774   0.0658065  -0.0114675  0.00950585
  0.0114118  -0.0114675   0.0580645  0.00536251
   0.380563  0.00950585  0.00536251    0.459355
IMAGINARY
           0    0.0186128   -0.0191386 -3.39615e-05
  -0.0186128            0   0.00307163   0.00628513
   0.0191386  -0.00307163            0 -0.000617955
 3.39615e-05  -0.00628513  0.000617955            0
EndNode1[0]<--->Repeater1[0]
REAL
  0.449814 0.00741163 0.00899218   0.383478
0.00741163  0.0545229 0.00598174 -0.0257017
0.00899218 0.00598174  0.0582404 -0.0138384
  0.383478 -0.0257017 -0.0138384   0.437423
IMAGINARY
          0  0.00753147  0.00366967   0.0281432
-0.00753147           0 -0.00223651  0.00498546
-0.00366967  0.00223651           0   0.0131077
 -0.0281432 -0.00498546  -0.0131077           0
EndNode2[0]<--->HoM1[0]
REAL
   0.44143  0.0165317 0.00723684   0.380804
 0.0165317  0.0604192 0.00866929    -0.0125
0.00723684 0.00866929  0.0641184  -0.027058
  0.380804    -0.0125  -0.027058   0.434032
IMAGINARY
           0   -0.0105545   0.00854196    0.0165827
   0.0105545            0   0.00572701   0.00171136
 -0.00854196  -0.00572701            0  0.000301183
  -0.0165827  -0.00171136 -0.000301183            0
Repeater1[0]<--->EndNode1[0]
REAL
  0.449814 0.00899218 0.00741163   0.383478
0.00899218  0.0582404 0.00598174 -0.0138384
0.00741163 0.00598174  0.0545229 -0.0257017
  0.383478 -0.0138384 -0.0257017   0.437423
IMAGINARY
          0  0.00366967  0.00753147   0.0281432
-0.00366967           0  0.00223651   0.0131077
-0.00753147 -0.00223651           0  0.00498546
 -0.0281432  -0.0131077 -0.00498546           0
Repeater1[0]<--->HoM1[0]
REAL
   0.44143 0.00723684  0.0165317   0.380804
0.00723684  0.0641184 0.00866929  -0.027058
 0.0165317 0.00866929  0.0604192    -0.0125
  0.380804  -0.027058    -0.0125   0.434032
IMAGINARY
           0   0.00854196   -0.0105545    0.0165827
 -0.00854196            0  -0.00572701  0.000301183
   0.0105545   0.00572701            0   0.00171136
  -0.0165827 -0.000301183  -0.00171136            0
EndNode1[0]<--->Repeater1[0]
REAL
   0.441489 -0.00182229 -0.00287431    0.371486
-0.00182229   0.0452128   0.0002122  0.00350324
-0.00287431   0.0002122   0.0571809  0.00245122
   0.371486  0.00350324  0.00245122    0.456117
IMAGINARY
           0   0.00199604   -0.0106054   0.00637026
 -0.00199604            0 -7.30349e-05   0.00383031
   0.0106054  7.30349e-05            0  0.000713988
 -0.00637026  -0.00383031 -0.000713988            0
EndNode2[0]<--->HoM1[0]
REAL
   0.414545 -0.00526641 -0.00285515    0.390926
-0.00526641   0.0569697  0.00894597  -0.0131911
