EndNode1[0]<--->Repeater1[0]
REAL
   0.251572 -0.00664871 -0.00748056   0.0852751
-0.00664871    0.226415   0.0374958  -0.0151532
-0.00748056   0.0374958    0.231447  -0.0283307
  0.0852751  -0.0151532  -0.0283307    0.290566
IMAGINARY
           0   0.00567055  -0.00399271 -0.000976177
 -0.00567055            0    0.0135257   0.00197387
  0.00399271   -0.0135257            0   0.00442366
 0.000976177  -0.00197387  -0.00442366            0
EndNode2[0]<--->HoM1[0]
REAL
   0.285906 -0.00194165 -0.00115147   0.0775344
-0.00194165    0.236242   0.0457785   0.0128079
-0.00115147   0.0457785    0.202685  -0.0072608
  0.0775344   0.0128079  -0.0072608    0.275168
IMAGINARY
          0 -0.00820438 -0.00617098  -0.0150256
 0.00820438           0  -0.0023597   -0.010641
 0.00617098   0.0023597           0   0.0100724
  0.0150256    0.010641  -0.0100724           0
Repeater1[0]<--->EndNode1[0]
REAL
   0.251572 -0.00748056 -0.00664871   0.0852751
-0.00748056    0.231447   0.0374958  -0.0283307
-0.00664871   0.0374958    0.226415  -0.0151532
  0.0852751  -0.0283307  -0.0151532    0.290566
IMAGINARY
           0  -0.00399271   0.00567055 -0.000976177
  0.00399271            0   -0.0135257   0.00442366
 -0.00567055    0.0135257            0   0.00197387
 0.000976177  -0.00442366  -0.00197387            0
Repeater1[0]<--->HoM1[0]
REAL
   0.285906 -0.00115147 -0.00194165   0.0775344
-0.00115147    0.202685   0.0457785  -0.0072608
-0.00194165   0.0457785    0.236242   0.0128079
  0.0775344  -0.0072608   0.0128079    0.275168
IMAGINARY
          0 -0.00617098 -0.00820438  -0.0150256
 0.00617098           0   0.0023597   0.0100724
 0.00820438  -0.0023597           0   -0.010641
  0.0150256  -0.0100724    0.010641           0
EndNode1[0]<--->Repeater1[0]
REAL
   0.261446  0.00373797  -0.0230732   0.0794794
 0.00373797     0.23494   0.0186262  0.00345204
 -0.0230732   0.0186262    0.259036 -0.00576774
  0.0794794  0.00345204 -0.00576774    0.244578
IMAGINARY
          0   0.0102393  -0.0124931 -0.00465996
 -0.0102393           0  -0.0119641  0.00182815
  0.0124931   0.0119641           0  0.00293514
 0.00465996 -0.00182815 -0.00293514           0
EndNode2[0]<--->HoM1[0]
REAL
    0.268354    -0.028246 -0.000959436    0.0719208
   -0.028246     0.208861    0.0125773   -0.0111117
-0.000959436    0.0125773     0.227848   0.00728031
   0.0719208   -0.0111117   0.00728031     0.294937
IMAGINARY
           0  0.000519854  9.54126e-06   -0.0041782
-0.000519854            0    0.0167095   0.00756622
-9.54126e-06   -0.0167095            0  -0.00430773
   0.0041782  -0.00756622   0.00430773            0
Repeater1[0]<--->EndNode1[0]
REAL
   0.261446  -0.0230732  0.00373797   0.0794794
 -0.0230732    0.259036   0.0186262 -0.00576774
 0.00373797   0.0186262     0.23494  0.00345204
  0.0794794 -0.00576774  0.00345204    0.244578
IMAGINARY
          0  -0.0124931   0.0102393 -0.00465996
  0.0124931           0   0.0119641  0.00293514
 -0.0102393  -0.0119641           0  0.00182815
 0.00465996 -0.00293514 -0.00182815           0
Repeater1[0]<--->HoM1[0]
REAL
    0.268354 -0.000959436    -0.028246    0.0719208
-0.000959436     0.227848    0.0125773   0.00728031
   -0.028246    0.0125773     0.208861   -0.0111117
   0.0719208   0.00728031   -0.0111117     0.294937
IMAGINARY
           0  9.54126e-06  0.000519854   -0.0041782
-9.54126e-06            0   -0.0167095  -0.00430773
-0.000519854    0.0167095            0   0.00756622
   0.0041782   0.00430773  -0.00756622            0
EndNode1[0]<--->Repeater1[0]
REAL
   0.253117 -0.00488222  0.00291398   0.0923797
-0.00488222    0.256858   0.0429144  -0.0114107
 0.00291398   0.0429144    0.205736   0.0186077
  0.0923797  -0.0114107   0.0186077    0.284289
IMAGINARY
          0  -0.0114892  0.00507737  0.00885783
  0.0114892           0    0.004163  0.00695472
-0.00507737   -0.004163           0  0.00881539
-0.00885783 -0.00695472 -0.00881539           0
EndNode2[0]<--->HoM1[0]
REAL
  0.274301 -0.0129933 -0.0134961  0.0910743
-0.0129933   0.225033  0.0363767 0.00761371
-0.0134961  0.0363767   0.249001 0.00580372
 0.0910743 0.00761371 0.00580372   0.251664
IMAGINARY
           0    0.0233909  0.000482194    0.0101287
  -0.0233909            0  0.000352176   -0.0075607
-0.000482194 -0.000352176            0   0.00170564
  -0.0101287    0.0075607  -0.00170564            0
Repeater1[0]<--->EndNode1[0]
REAL
   0.253117  0.00291398 -0.00488222   0.0923797
 0.00291398    0.205736   0.0429144   0.0186077
-0.00488222   0.0429144    0.256858  -0.0114107
  0.0923797   0.0186077  -0.0114107    0.284289
IMAGINARY
          0  0.00507737  -0.0114892  0.00885783
-0.00507737           0   -0.004163  0.00881539
  0.0114892    0.004163           0  0.00695472
-0.00885783 -0.00881539 -0.00695472           0
Repeater1[0]<--->HoM1[0]
REAL
  0.274301 -0.0134961 -0.0129933  0.0910743
-0.0134961   0.249001  0.0363767 0.00580372
-0.0129933  0.0363767   0.225033 0.00761371
 0.0910743 0.00580372 0.00761371   0.251664
IMAGINARY
           0  0.000482194    0.0233909    0.0101287
-0.000482194            0 -0.000352176   0.00170564
  -0.0233909  0.000352176            0   -0.0075607
  -0.0101287  -0.00170564    0.0075607            0
EndNode1[0]<--->Repeater1[0]
REAL
   0.263158   0.0125474 -0.00011933   0.0697186
  0.0125474    0.232895  0.00950914 -0.00320956
-0.00011933  0.00950914    0.238158  -0.0212026
  0.0697186 -0.00320956  -0.0212026    0.265789
IMAGINARY
           0   -0.0070383    -0.015292  -0.00445098
   0.0070383            0   0.00580233 -0.000414852
    0.015292  -0.00580233            0    0.0175095
  0.00445098  0.000414852   -0.0175095            0
EndNode2[0]<--->HoM1[0]
REAL
   0.285166   0.0145795 -0.00573788   0.0769683
  0.0145795     0.19821   0.0382183   0.0141034
-0.00573788   0.0382183    0.232737    0.005369
  0.0769683   0.0141034    0.005369    0.283887
IMAGINARY
          0 -0.00560616  -0.0099355  0.00439554
 0.00560616           0   0.0122489  -0.0025645
  0.0099355  -0.0122489           0  -0.0131438
-0.00439554   0.0025645   0.0131438           0
Repeater1[0]<--->EndNode1[0]
REAL
   0.263158 -0.00011933   0.0125474   0.0697186
-0.00011933    0.238158  0.00950914  -0.0212026
  0.0125474  0.00950914    0.232895 -0.00320956
  0.0697186  -0.0212026 -0.00320956    0.265789
IMAGINARY
           0    -0.015292   -0.0070383  -0.00445098
    0.015292            0  -0.00580233    0.0175095
   0.0070383   0.00580233            0 -0.000414852
  0.00445098   -0.0175095  0.000414852            0
Repeater1[0]<--->HoM1[0]
REAL
   0.285166 -0.00573788   0.0145795   0.0769683
-0.00573788    0.232737   0.0382183    0.005369
  0.0145795   0.0382183     0.19821   0.0141034
  0.0769683    0.005369   0.0141034    0.283887
IMAGINARY
          0  -0.0099355 -0.00560616  0.00439554
  0.0099355           0  -0.0122489  -0.0131438
 0.00560616   0.0122489           0  -0.0025645
-0.00439554   0.0131438   0.0025645           0
EndNode1[0]<--->Repeater1[0]
REAL
  0.277154  0.0116327 0.00969064  0.0926566
 0.0116327   0.258427  0.0415847 0.00652207
0.00969064  0.0415847   0.204744 0.00717407
 0.0926566 0.00652207 0.00717407   0.259675
IMAGINARY
           0  0.000322442   -0.0214196   0.00291235
-0.000322442            0  -0.00422125   0.00439563
   0.0214196   0.00422125            0  -0.00347503
 -0.00291235  -0.00439563   0.00347503            0
EndNode2[0]<--->HoM1[0]
REAL
   0.266078   -0.015157 -0.00597849   0.0799514
  -0.015157    0.244641   0.0172882  -0.0046865
-0.00597849   0.0172882    0.229508  -0.0118192
  0.0799514  -0.0046865  -0.0118192    0.259773
IMAGINARY
           0  0.000385039   -0.0077718  -0.00714521
-0.000385039            0   -0.0195215   -0.0274762
   0.0077718    0.0195215            0  -0.00560697
  0.00714521    0.0274762   0.00560697            0
Repeater1[0]<--->EndNode1[0]
REAL
  0.277154 0.00969064  0.0116327  0.0926566
0.00969064   0.204744  0.0415847 0.00717407
 0.0116327  0.0415847   0.258427 0.00652207
 0.0926566 0.00717407 0.00652207   0.259675
IMAGINARY
           0   -0.0214196  0.000322442   0.00291235
   0.0214196            0   0.00422125  -0.00347503
-0.000322442  -0.00422125            0   0.00439563
 -0.00291235   0.00347503  -0.00439563            0
Repeater1[0]<--->HoM1[0]
REAL
   0.266078 -0.00597849   -0.015157   0.0799514
-0.00597849    0.229508   0.0172882  -0.0118192
  -0.015157   0.0172882    0.244641  -0.0046865
  0.0799514  -0.0118192  -0.0046865    0.259773
IMAGINARY
           0   -0.0077718  0.000385039  -0.00714521
   0.0077718            0    0.0195215  -0.00560697
-0.000385039   -0.0195215            0   -0.0274762
  0.00714521   0.00560697    0.0274762            0
EndNode1[0]<--->Repeater1[0]
REAL
    0.290576 -0.000628141  -0.00855119    0.0638121
-0.000628141     0.222513     0.047997  -0.00401163
 -0.00855119     0.047997     0.232984   0.00942211
   0.0638121  -0.00401163   0.00942211     0.253927
IMAGINARY
          0  -0.0075222 -0.00656444  -0.0137383
  0.0075222           0  0.00368801   0.0102141
 0.00656444 -0.00368801           0    0.016038
  0.0137383  -0.0102141   -0.016038           0
EndNode2[0]<--->HoM1[0]
REAL
   0.26511  0.0173923 0.00718362  0.0985856
 0.0173923   0.240385  0.0129433  0.0103602
0.00718362  0.0129433   0.223901 0.00516407
 0.0985856  0.0103602 0.00516407   0.270604
IMAGINARY
           0    -0.023944 -0.000896362  -0.00548715
    0.023944            0    0.0155005  -0.00540087
 0.000896362   -0.0155005            0  -0.00628266
  0.00548715   0.00540087   0.00628266            0
Repeater1[0]<--->EndNode1[0]
REAL
    0.290576  -0.00855119 -0.000628141    0.0638121
 -0.00855119     0.232984     0.047997   0.00942211
-0.000628141     0.047997     0.222513  -0.00401163
   0.0638121   0.00942211  -0.00401163     0.253927
IMAGINARY
          0 -0.00656444  -0.0075222  -0.0137383
 0.00656444           0 -0.00368801    0.016038
  0.0075222  0.00368801           0   0.0102141
  0.0137383   -0.016038  -0.0102141           0
Repeater1[0]<--->HoM1[0]
REAL
   0.26511 0.00718362  0.0173923  0.0985856
0.00718362   0.223901  0.0129433 0.00516407
 0.0173923  0.0129433   0.240385  0.0103602
 0.0985856 0.00516407  0.0103602   0.270604
IMAGINARY
           0 -0.000896362    -0.023944  -0.00548715
 0.000896362            0   -0.0155005  -0.00628266
    0.023944    0.0155005            0  -0.00540087
  0.00548715   0.00628266   0.00540087            0
EndNode1[0]<--->Repeater1[0]
REAL
   0.28875  0.0100421 0.00111032  0.0715215
 0.0100421     0.2225   0.029803  0.0141215
0.00111032   0.029803     0.2275 -0.0252739
 0.0715215  0.0141215 -0.0252739    0.26125
IMAGINARY
          0   0.0117096  -0.0174732 -0.00426017
 -0.0117096           0  -0.0206089  0.00190661
  0.0174732   0.0206089           0  -0.0160682
 0.00426017 -0.00190661   0.0160682           0
EndNode2[0]<--->HoM1[0]
REAL
  0.298292 0.00427704  0.0220454  0.0927941
0.00427704   0.215506  0.0593798   0.015039
 0.0220454  0.0593798    0.22339 -0.0388039
 0.0927941   0.015039 -0.0388039   0.262812
IMAGINARY
          0 -0.00594651  0.00311846   -0.023675
 0.00594651           0 -0.00785655   0.0120699
-0.00311846  0.00785655           0  -0.0141021
   0.023675  -0.0120699   0.0141021           0
Repeater1[0]<--->EndNode1[0]
REAL
   0.28875 0.00111032  0.0100421  0.0715215
0.00111032     0.2275   0.029803 -0.0252739
 0.0100421   0.029803     0.2225  0.0141215
 0.0715215 -0.0252739  0.0141215    0.26125
IMAGINARY
          0  -0.0174732   0.0117096 -0.00426017
  0.0174732           0   0.0206089  -0.0160682
 -0.0117096  -0.0206089           0  0.00190661
 0.00426017   0.0160682 -0.00190661           0
Repeater1[0]<--->HoM1[0]
REAL
  0.298292  0.0220454 0.00427704  0.0927941
 0.0220454    0.22339  0.0593798 -0.0388039
0.00427704  0.0593798   0.215506   0.015039
 0.0927941 -0.0388039   0.015039   0.262812
IMAGINARY
          0  0.00311846 -0.00594651   -0.023675
-0.00311846           0  0.00785655  -0.0141021
 0.00594651 -0.00785655           0   0.0120699
   0.023675   0.0141021  -0.0120699           0
