EndNode1[0]<--->Repeater1[0]
REAL
   0.369811 -0.00547871  0.00728476   0.0747516
-0.00547871    0.127044  0.00440941  0.00421727
 0.00728476  0.00440941    0.106918 -0.00872968
  0.0747516  0.00421727 -0.00872968    0.396226
IMAGINARY
          0  -0.0136248 -0.00371642  0.00791831
  0.0136248           0  -0.0208334  -0.0133938
 0.00371642   0.0208334           0  -0.0136248
-0.00791831   0.0133938   0.0136248           0
EndNode2[0]<--->HoM1[0]
REAL
    0.379224   0.00361087 -0.000226449    0.0602906
  0.00361087     0.130163  -0.00693091  -0.00701993
-0.000226449  -0.00693091     0.112641   -0.0200799
   0.0602906  -0.00701993   -0.0200799     0.377972
IMAGINARY
           0  0.000685087   -0.0140238   0.00199221
-0.000685087            0     0.013972  -0.00454214
   0.0140238    -0.013972            0    0.0178809
 -0.00199221   0.00454214   -0.0178809            0
Repeater1[0]<--->EndNode1[0]
REAL
   0.369811  0.00728476 -0.00547871   0.0747516
 0.00728476    0.106918  0.00440941 -0.00872968
-0.00547871  0.00440941    0.127044  0.00421727
  0.0747516 -0.00872968  0.00421727    0.396226
IMAGINARY
          0 -0.00371642  -0.0136248  0.00791831
 0.00371642           0   0.0208334  -0.0136248
  0.0136248  -0.0208334           0  -0.0133938
-0.00791831   0.0136248   0.0133938           0
Repeater1[0]<--->HoM1[0]
REAL
    0.379224 -0.000226449   0.00361087    0.0602906
-0.000226449     0.112641  -0.00693091   -0.0200799
  0.00361087  -0.00693091     0.130163  -0.00701993
   0.0602906   -0.0200799  -0.00701993     0.377972
IMAGINARY
           0   -0.0140238  0.000685087   0.00199221
   0.0140238            0    -0.013972    0.0178809
-0.000685087     0.013972            0  -0.00454214
 -0.00199221   -0.0178809   0.00454214            0
EndNode1[0]<--->Repeater1[0]
REAL
   0.367844 -0.00596792   -0.027019   0.0693801
-0.00596792     0.10475 -0.00204845   0.0207846
  -0.027019 -0.00204845    0.115713 -0.00400714
  0.0693801   0.0207846 -0.00400714    0.411693
IMAGINARY
          0  0.00927464  -0.0224521  0.00570029
-0.00927464           0    0.014197  -0.0159076
  0.0224521   -0.014197           0   0.0105666
-0.00570029   0.0159076  -0.0105666           0
EndNode2[0]<--->HoM1[0]
REAL
   0.353459 -0.00881483  0.00579098   0.0686184
-0.00881483    0.127044   0.0276131 -0.00646392
 0.00579098   0.0276131    0.113208   0.0162173
  0.0686184 -0.00646392   0.0162173    0.406289
IMAGINARY
          0   0.0141846  0.00737741 -0.00967007
 -0.0141846           0 -0.00189805   0.0151094
-0.00737741  0.00189805           0  -0.0221211
 0.00967007  -0.0151094   0.0221211           0
Repeater1[0]<--->EndNode1[0]
REAL
   0.367844   -0.027019 -0.00596792   0.0693801
  -0.027019    0.115713 -0.00204845 -0.00400714
-0.00596792 -0.00204845     0.10475   0.0207846
  0.0693801 -0.00400714   0.0207846    0.411693
IMAGINARY
          0  -0.0224521  0.00927464  0.00570029
  0.0224521           0   -0.014197   0.0105666
-0.00927464    0.014197           0  -0.0159076
-0.00570029  -0.0105666   0.0159076           0
Repeater1[0]<--->HoM1[0]
REAL
   0.353459  0.00579098 -0.00881483   0.0686184
 0.00579098    0.113208   0.0276131   0.0162173
-0.00881483   0.0276131    0.127044 -0.00646392
  0.0686184   0.0162173 -0.00646392    0.406289
IMAGINARY
          0  0.00737741   0.0141846 -0.00967007
-0.00737741           0  0.00189805  -0.0221211
 -0.0141846 -0.00189805           0   0.0151094
 0.00967007   0.0221211  -0.0151094           0
EndNode1[0]<--->Repeater1[0]
REAL
    0.382429 -0.000257359    0.0115176    0.0589905
-0.000257359     0.135659   -0.0254084   -0.0115176
   0.0115176   -0.0254084     0.118863   0.00150114
   0.0589905   -0.0115176   0.00150114     0.363049
IMAGINARY
          0 -0.00341683 -0.00601765   0.0167967
 0.00341683           0   0.0123038   0.0111327
 0.00601765  -0.0123038           0  0.00981069
 -0.0167967  -0.0111327 -0.00981069           0
EndNode2[0]<--->HoM1[0]
REAL
  0.342246 0.00922145  0.0124343   0.073282
0.00922145   0.122995  0.0144584 0.00799835
 0.0124343  0.0144584    0.13369 -0.0068176
  0.073282 0.00799835 -0.0068176    0.40107
IMAGINARY
          0  -0.0122626   0.0166832  0.00437189
  0.0122626           0 -0.00374296   0.0140654
 -0.0166832  0.00374296           0   0.0162733
-0.00437189  -0.0140654  -0.0162733           0
Repeater1[0]<--->EndNode1[0]
REAL
    0.382429    0.0115176 -0.000257359    0.0589905
   0.0115176     0.118863   -0.0254084   0.00150114
-0.000257359   -0.0254084     0.135659   -0.0115176
   0.0589905   0.00150114   -0.0115176     0.363049
IMAGINARY
          0 -0.00601765 -0.00341683   0.0167967
 0.00601765           0  -0.0123038  0.00981069
 0.00341683   0.0123038           0   0.0111327
 -0.0167967 -0.00981069  -0.0111327           0
Repeater1[0]<--->HoM1[0]
REAL
  0.342246  0.0124343 0.00922145   0.073282
 0.0124343    0.13369  0.0144584 -0.0068176
0.00922145  0.0144584   0.122995 0.00799835
  0.073282 -0.0068176 0.00799835    0.40107
IMAGINARY
          0   0.0166832  -0.0122626  0.00437189
 -0.0166832           0  0.00374296   0.0162733
  0.0122626 -0.00374296           0   0.0140654
-0.00437189  -0.0162733  -0.0140654           0
EndNode1[0]<--->Repeater1[0]
REAL
   0.385733 -0.00229886 -0.00178951   0.0731784
-0.00229886    0.109643  0.00384508   0.0226772
-0.00178951  0.00384508    0.122853 -0.00292308
  0.0731784   0.0226772 -0.00292308     0.38177
IMAGINARY
           0  -0.00493736   0.00811399  9.11491e-05
  0.00493736            0     0.019421     0.015886
 -0.00811399    -0.019421            0   0.00360403
-9.11491e-05    -0.015886  -0.00360403            0
EndNode2[0]<--->HoM1[0]
REAL
    0.354467 -0.000962603  -0.00460991    0.0763014
-0.000962603     0.136888   0.00418021    0.0204527
 -0.00460991   0.00418021     0.115274   -0.0199499
   0.0763014    0.0204527   -0.0199499     0.393372
IMAGINARY
          0  -0.0028138  -0.0200245  0.00849183
  0.0028138           0 -0.00590116  0.00608513
  0.0200245  0.00590116           0  0.00826834
-0.00849183 -0.00608513 -0.00826834           0
Repeater1[0]<--->EndNode1[0]
REAL
   0.385733 -0.00178951 -0.00229886   0.0731784
-0.00178951    0.122853  0.00384508 -0.00292308
-0.00229886  0.00384508    0.109643   0.0226772
  0.0731784 -0.00292308   0.0226772     0.38177
IMAGINARY
           0   0.00811399  -0.00493736  9.11491e-05
 -0.00811399            0    -0.019421   0.00360403
  0.00493736     0.019421            0     0.015886
-9.11491e-05  -0.00360403    -0.015886            0
Repeater1[0]<--->HoM1[0]
REAL
    0.354467  -0.00460991 -0.000962603    0.0763014
 -0.00460991     0.115274   0.00418021   -0.0199499
-0.000962603   0.00418021     0.136888    0.0204527
   0.0763014   -0.0199499    0.0204527     0.393372
IMAGINARY
          0  -0.0200245  -0.0028138  0.00849183
  0.0200245           0  0.00590116  0.00826834
  0.0028138 -0.00590116           0  0.00608513
-0.00849183 -0.00826834 -0.00608513           0
EndNode1[0]<--->Repeater1[0]
REAL
   0.372523  -0.0105313 -0.00616224   0.0612265
 -0.0105313    0.108322  -0.0014301  0.00361771
-0.00616224  -0.0014301    0.129458  -0.0276366
  0.0612265  0.00361771  -0.0276366    0.389696
IMAGINARY
          0  -0.0161751   0.0207562  -0.0043564
  0.0161751           0  -0.0082934  0.00806585
 -0.0207562   0.0082934           0  -0.0264315
  0.0043564 -0.00806585   0.0264315           0
EndNode2[0]<--->HoM1[0]
REAL
   0.395437   0.0135285  -0.0104117   0.0900965
  0.0135285    0.102662   0.0101709  0.00372716
 -0.0104117   0.0101709     0.13815 -0.00550707
  0.0900965  0.00372716 -0.00550707    0.363752
IMAGINARY
           0    0.0103484   0.00373979   -0.0016357
  -0.0103484            0  0.000982103   -0.0142726
 -0.00373979 -0.000982103            0   0.00638019
   0.0016357    0.0142726  -0.00638019            0
Repeater1[0]<--->EndNode1[0]
REAL
   0.372523 -0.00616224  -0.0105313   0.0612265
-0.00616224    0.129458  -0.0014301  -0.0276366
 -0.0105313  -0.0014301    0.108322  0.00361771
  0.0612265  -0.0276366  0.00361771    0.389696
IMAGINARY
          0   0.0207562  -0.0161751  -0.0043564
 -0.0207562           0   0.0082934  -0.0264315
  0.0161751  -0.0082934           0  0.00806585
  0.0043564   0.0264315 -0.00806585           0
Repeater1[0]<--->HoM1[0]
REAL
   0.395437  -0.0104117   0.0135285   0.0900965
 -0.0104117     0.13815   0.0101709 -0.00550707
  0.0135285   0.0101709    0.102662  0.00372716
  0.0900965 -0.00550707  0.00372716    0.363752
IMAGINARY
           0   0.00373979    0.0103484   -0.0016357
 -0.00373979            0 -0.000982103   0.00638019
  -0.0103484  0.000982103            0   -0.0142726
   0.0016357  -0.00638019    0.0142726            0
EndNode1[0]<--->Repeater1[0]
REAL
   0.372032   0.0133256  -0.0343089   0.0592529
  0.0133256    0.116095  0.00858626 -0.00966098
 -0.0343089  0.00858626    0.122691 -0.00453159
  0.0592529 -0.00966098 -0.00453159    0.389182
IMAGINARY
          0  0.00770757    0.027017  -0.0167481
-0.00770757           0  0.00108545    0.028983
  -0.027017 -0.00108545           0  -0.0197076
  0.0167481   -0.028983   0.0197076           0
EndNode2[0]<--->HoM1[0]
REAL
   0.391542   0.0233907  0.00976658   0.0707606
  0.0233907    0.117326 -0.00858446   0.0122541
 0.00976658 -0.00858446     0.12824  -0.0195047
  0.0707606   0.0122541  -0.0195047    0.362892
IMAGINARY
          0 -0.00114289  -0.0162176  -0.0082211
 0.00114289           0  0.00945567 -0.00519297
  0.0162176 -0.00945567           0   -0.012711
  0.0082211  0.00519297    0.012711           0
Repeater1[0]<--->EndNode1[0]
REAL
   0.372032  -0.0343089   0.0133256   0.0592529
 -0.0343089    0.122691  0.00858626 -0.00453159
  0.0133256  0.00858626    0.116095 -0.00966098
  0.0592529 -0.00453159 -0.00966098    0.389182
IMAGINARY
          0    0.027017  0.00770757  -0.0167481
  -0.027017           0 -0.00108545  -0.0197076
-0.00770757  0.00108545           0    0.028983
  0.0167481   0.0197076   -0.028983           0
Repeater1[0]<--->HoM1[0]
REAL
   0.391542  0.00976658   0.0233907   0.0707606
 0.00976658     0.12824 -0.00858446  -0.0195047
  0.0233907 -0.00858446    0.117326   0.0122541
  0.0707606  -0.0195047   0.0122541    0.362892
IMAGINARY
          0  -0.0162176 -0.00114289  -0.0082211
  0.0162176           0 -0.00945567   -0.012711
 0.00114289  0.00945567           0 -0.00519297
  0.0082211    0.012711  0.00519297           0
EndNode1[0]<--->Repeater1[0]
REAL
    0.336399  -0.00726723  -0.00473834    0.0618249
 -0.00726723     0.124836  -0.00711753    0.0123719
 -0.00473834  -0.00711753      0.13929 -0.000366355
   0.0618249    0.0123719 -0.000366355     0.399474
IMAGINARY
          0   0.0104123  -0.0294586 -0.00222129
 -0.0104123           0 -0.00354055 -0.00333923
  0.0294586  0.00354055           0 -0.00438821
 0.00222129  0.00333923  0.00438821           0
EndNode2[0]<--->HoM1[0]
REAL
   0.359469  -0.0125224   0.0175166   0.0925822
 -0.0125224    0.131484  0.00767654 -0.00263947
  0.0175166  0.00767654    0.133896 0.000232661
  0.0925822 -0.00263947 0.000232661    0.375151
IMAGINARY
           0  -0.00342584   0.00167112  0.000670018
  0.00342584            0  -0.00460703   0.00102429
 -0.00167112   0.00460703            0  -0.00466041
-0.000670018  -0.00102429   0.00466041            0
Repeater1[0]<--->EndNode1[0]
REAL
    0.336399  -0.00473834  -0.00726723    0.0618249
 -0.00473834      0.13929  -0.00711753 -0.000366355
 -0.00726723  -0.00711753     0.124836    0.0123719
   0.0618249 -0.000366355    0.0123719     0.399474
IMAGINARY
          0  -0.0294586   0.0104123 -0.00222129
  0.0294586           0  0.00354055 -0.00438821
 -0.0104123 -0.00354055           0 -0.00333923
 0.00222129  0.00438821  0.00333923           0
Repeater1[0]<--->HoM1[0]
REAL
   0.359469   0.0175166  -0.0125224   0.0925822
  0.0175166    0.133896  0.00767654 0.000232661
 -0.0125224  0.00767654    0.131484 -0.00263947
  0.0925822 0.000232661 -0.00263947    0.375151
IMAGINARY
           0   0.00167112  -0.00342584  0.000670018
 -0.00167112            0   0.00460703  -0.00466041
  0.00342584  -0.00460703            0   0.00102429
-0.000670018   0.00466041  -0.00102429            0
EndNode1[0]<--->Repeater1[0]
REAL
   0.374185  -0.0143232   0.0147453   0.0878609
 -0.0143232    0.114733   -0.013528  -0.0026741
  0.0147453   -0.013528    0.110821 -0.00537182
  0.0878609  -0.0026741 -0.00537182    0.400261
IMAGINARY
          0   0.0123875   0.0202991  0.00599502
 -0.0123875           0  -0.0121527 -0.00918803
 -0.0202991   0.0121527           0  -0.0248875
-0.00599502  0.00918803   0.0248875           0
EndNode2[0]<--->HoM1[0]
REAL
      0.375 -0.00543743  0.00503226   0.0862421
-0.00543743    0.109375  -0.0120485 -0.00696774
 0.00503226  -0.0120485    0.110677  -0.0119819
  0.0862421 -0.00696774  -0.0119819    0.404948
IMAGINARY
          0  -0.0100553  -0.0107448  -0.0102874
  0.0100553           0  0.00592878   0.0003663
  0.0107448 -0.00592878           0  -0.0198592
  0.0102874  -0.0003663   0.0198592           0
Repeater1[0]<--->EndNode1[0]
REAL
   0.374185   0.0147453  -0.0143232   0.0878609
  0.0147453    0.110821   -0.013528 -0.00537182
 -0.0143232   -0.013528    0.114733  -0.0026741
  0.0878609 -0.00537182  -0.0026741    0.400261
IMAGINARY
          0   0.0202991   0.0123875  0.00599502
 -0.0202991           0   0.0121527  -0.0248875
 -0.0123875  -0.0121527           0 -0.00918803
-0.00599502   0.0248875  0.00918803           0
Repeater1[0]<--->HoM1[0]
REAL
      0.375  0.00503226 -0.00543743   0.0862421
 0.00503226    0.110677  -0.0120485  -0.0119819
-0.00543743  -0.0120485    0.109375 -0.00696774
  0.0862421  -0.0119819 -0.00696774    0.404948
IMAGINARY
          0  -0.0107448  -0.0100553  -0.0102874
  0.0107448           0 -0.00592878  -0.0198592
  0.0100553  0.00592878           0   0.0003663
  0.0102874   0.0198592  -0.0003663           0
EndNode1[0]<--->Repeater1[0]
REAL
    0.37375  -0.0138548   0.0113689   0.0589149
 -0.0138548       0.135 -0.00661903 0.000110657
  0.0113689 -0.00661903     0.12125  0.00109969
  0.0589149 0.000110657  0.00109969        0.37
IMAGINARY
          0  -0.0179781  -0.0139483  -0.0145362
  0.0179781           0 -0.00266283 -0.00668277
  0.0139483  0.00266283           0  0.00705575
  0.0145362  0.00668277 -0.00705575           0
EndNode2[0]<--->HoM1[0]
REAL
        0.4  0.00868229  0.00451863   0.0815105
 0.00868229    0.104575  -0.0209435 -0.00194131
 0.00451863  -0.0209435    0.142484  0.00807029
  0.0815105 -0.00194131  0.00807029    0.352941
IMAGINARY
           0 -0.000297726   0.00343299   0.00430337
 0.000297726            0  0.000864585  -0.00527348
 -0.00343299 -0.000864585            0    0.0144082
 -0.00430337   0.00527348   -0.0144082            0
Repeater1[0]<--->EndNode1[0]
REAL
    0.37375   0.0113689  -0.0138548   0.0589149
  0.0113689     0.12125 -0.00661903  0.00109969
 -0.0138548 -0.00661903       0.135 0.000110657
  0.0589149  0.00109969 0.000110657        0.37
IMAGINARY
          0  -0.0139483  -0.0179781  -0.0145362
  0.0139483           0  0.00266283  0.00705575
  0.0179781 -0.00266283           0 -0.00668277
  0.0145362 -0.00705575  0.00668277           0
Repeater1[0]<--->HoM1[0]
REAL
        0.4  0.00451863  0.00868229   0.0815105
 0.00451863    0.142484  -0.0209435  0.00807029
 0.00868229  -0.0209435    0.104575 -0.00194131
  0.0815105  0.00807029 -0.00194131    0.352941
IMAGINARY
           0   0.00343299 -0.000297726   0.00430337
 -0.00343299            0 -0.000864585    0.0144082
 0.000297726  0.000864585            0  -0.00527348
 -0.00430337   -0.0144082   0.00527348            0
EndNode1[0]<--->Repeater1[0]
REAL
   0.392902  -0.0274688   -0.043584   0.0841097
 -0.0274688     0.12801  -0.0130405  -0.0211959
  -0.043584  -0.0130405    0.119138 -0.00334883
  0.0841097  -0.0211959 -0.00334883    0.359949
IMAGINARY
           0  4.15616e-05   0.00649519    0.0170486
-4.15616e-05            0    0.0106219  -0.00779053
 -0.00649519   -0.0106219            0  -0.00263224
  -0.0170486   0.00779053   0.00263224            0
EndNode2[0]<--->HoM1[0]
REAL
   0.382732 -0.00268215 -0.00386679   0.0810013
-0.00268215    0.122423 -0.00699871 -0.00835973
-0.00386679 -0.00699871    0.115979 -0.00568335
  0.0810013 -0.00835973 -0.00568335    0.378866
IMAGINARY
           0   0.00527226   -0.0188467  0.000763126
 -0.00527226            0   0.00717338  -0.00115334
   0.0188467  -0.00717338            0   0.00272774
-0.000763126   0.00115334  -0.00272774            0
Repeater1[0]<--->EndNode1[0]
REAL
   0.392902   -0.043584  -0.0274688   0.0841097
  -0.043584    0.119138  -0.0130405 -0.00334883
 -0.0274688  -0.0130405     0.12801  -0.0211959
  0.0841097 -0.00334883  -0.0211959    0.359949
IMAGINARY
           0   0.00649519  4.15616e-05    0.0170486
 -0.00649519            0   -0.0106219  -0.00263224
-4.15616e-05    0.0106219            0  -0.00779053
  -0.0170486   0.00263224   0.00779053            0
Repeater1[0]<--->HoM1[0]
REAL
   0.382732 -0.00386679 -0.00268215   0.0810013
-0.00386679    0.115979 -0.00699871 -0.00568335
-0.00268215 -0.00699871    0.122423 -0.00835973
  0.0810013 -0.00568335 -0.00835973    0.378866
IMAGINARY
           0   -0.0188467   0.00527226  0.000763126
   0.0188467            0  -0.00717338   0.00272774
 -0.00527226   0.00717338            0  -0.00115334
-0.000763126  -0.00272774   0.00115334            0
EndNode1[0]<--->Repeater1[0]
REAL
   0.376984 -0.00277021  0.00646752   0.0704662
-0.00277021    0.112434 -0.00384107   0.0090991
 0.00646752 -0.00384107    0.138889 -0.00407911
  0.0704662   0.0090991 -0.00407911    0.371693
IMAGINARY
          0  0.00794058 -0.00265621   0.0213705
-0.00794058           0  -0.0220207  -0.0174949
 0.00265621   0.0220207           0  -0.0029028
 -0.0213705   0.0174949   0.0029028           0
EndNode2[0]<--->HoM1[0]
REAL
    0.36165   -0.011653 -0.00403977   0.0660444
  -0.011653    0.123786   0.0124251  0.00598529
-0.00403977   0.0124251    0.120146  0.00451946
  0.0660444  0.00598529  0.00451946    0.394417
IMAGINARY
          0  -0.0269371   0.0225849   0.0161624
  0.0269371           0 -0.00378614 -0.00247771
 -0.0225849  0.00378614           0  -0.0079154
 -0.0161624  0.00247771   0.0079154           0
Repeater1[0]<--->EndNode1[0]
REAL
   0.376984  0.00646752 -0.00277021   0.0704662
 0.00646752    0.138889 -0.00384107 -0.00407911
-0.00277021 -0.00384107    0.112434   0.0090991
  0.0704662 -0.00407911   0.0090991    0.371693
IMAGINARY
          0 -0.00265621  0.00794058   0.0213705
 0.00265621           0   0.0220207  -0.0029028
-0.00794058  -0.0220207           0  -0.0174949
 -0.0213705   0.0029028   0.0174949           0
Repeater1[0]<--->HoM1[0]
REAL
    0.36165 -0.00403977   -0.011653   0.0660444
-0.00403977    0.120146   0.0124251  0.00451946
  -0.011653   0.0124251    0.123786  0.00598529
  0.0660444  0.00451946  0.00598529    0.394417
IMAGINARY
          0   0.0225849  -0.0269371   0.0161624
 -0.0225849           0  0.00378614  -0.0079154
  0.0269371 -0.00378614           0 -0.00247771
 -0.0161624   0.0079154  0.00247771           0
EndNode1[0]<--->Repeater1[0]
REAL
   0.397343 -0.00607062  0.00410872   0.0474693
-0.00607062    0.108696  -0.0101748  0.00410872
 0.00410872  -0.0101748    0.126812 -0.00341105
  0.0474693  0.00410872 -0.00341105     0.36715
IMAGINARY
          0  0.00870282  0.00614685 -0.00450041
-0.00870282           0  0.00255992  0.00137195
-0.00614685 -0.00255992           0  0.00257537
 0.00450041 -0.00137195 -0.00257537           0
EndNode2[0]<--->HoM1[0]
REAL
   0.401003 -0.00861532  0.00925833   0.0683008
-0.00861532    0.106516  -0.0112289   0.0155556
 0.00925833  -0.0112289    0.126566  0.00985602
  0.0683008   0.0155556  0.00985602    0.365915
IMAGINARY
          0   0.0077503 -0.00462329 -0.00582209
 -0.0077503           0   0.0224037   0.0232955
 0.00462329  -0.0224037           0   0.0206038
 0.00582209  -0.0232955  -0.0206038           0
Repeater1[0]<--->EndNode1[0]
REAL
   0.397343  0.00410872 -0.00607062   0.0474693
 0.00410872    0.126812  -0.0101748 -0.00341105
-0.00607062  -0.0101748    0.108696  0.00410872
  0.0474693 -0.00341105  0.00410872     0.36715
IMAGINARY
          0  0.00614685  0.00870282 -0.00450041
-0.00614685           0 -0.00255992  0.00257537
-0.00870282  0.00255992           0  0.00137195
 0.00450041 -0.00257537 -0.00137195           0
Repeater1[0]<--->HoM1[0]
REAL
   0.401003  0.00925833 -0.00861532   0.0683008
 0.00925833    0.126566  -0.0112289  0.00985602
-0.00861532  -0.0112289    0.106516   0.0155556
  0.0683008  0.00985602   0.0155556    0.365915
IMAGINARY
          0 -0.00462329   0.0077503 -0.00582209
 0.00462329           0  -0.0224037   0.0206038
 -0.0077503   0.0224037           0   0.0232955
 0.00582209  -0.0206038  -0.0232955           0
EndNode1[0]<--->Repeater1[0]
REAL
  0.394771  -0.001049 -0.0152226  0.0508248
 -0.001049   0.128105  0.0153329 -0.0102226
-0.0152226  0.0153329    0.11634  0.0124994
 0.0508248 -0.0102226  0.0124994   0.360784
IMAGINARY
           0   -0.0262679 -0.000537684   -0.0074092
   0.0262679            0   0.00412405     0.018595
 0.000537684  -0.00412405            0     -0.01296
   0.0074092    -0.018595      0.01296            0
EndNode2[0]<--->HoM1[0]
REAL
    0.372032   0.00196851    0.0017095    0.0533598
  0.00196851      0.12533    -0.030424  -0.00760727
   0.0017095    -0.030424     0.110818 -2.58334e-06
   0.0533598  -0.00760727 -2.58334e-06     0.391821
IMAGINARY
          0   0.0123869   0.0137163  0.00664011
 -0.0123869           0  -0.0219124   -0.016419
 -0.0137163   0.0219124           0  0.00653206
-0.00664011    0.016419 -0.00653206           0
Repeater1[0]<--->EndNode1[0]
REAL
  0.394771 -0.0152226  -0.001049  0.0508248
-0.0152226    0.11634  0.0153329  0.0124994
 -0.001049  0.0153329   0.128105 -0.0102226
 0.0508248  0.0124994 -0.0102226   0.360784
IMAGINARY
           0 -0.000537684   -0.0262679   -0.0074092
 0.000537684            0  -0.00412405     -0.01296
   0.0262679   0.00412405            0     0.018595
   0.0074092      0.01296    -0.018595            0
Repeater1[0]<--->HoM1[0]
REAL
    0.372032    0.0017095   0.00196851    0.0533598
   0.0017095     0.110818    -0.030424 -2.58334e-06
  0.00196851    -0.030424      0.12533  -0.00760727
   0.0533598 -2.58334e-06  -0.00760727     0.391821
IMAGINARY
          0   0.0137163   0.0123869  0.00664011
 -0.0137163           0   0.0219124  0.00653206
 -0.0123869  -0.0219124           0   -0.016419
-0.00664011 -0.00653206    0.016419           0
EndNode1[0]<--->Repeater1[0]
REAL
   0.385086  0.00820915 -0.00260173   0.0838615
 0.00820915    0.133252   0.0101979   0.0063146
-0.00260173   0.0101979    0.121027 -0.00202103
  0.0838615   0.0063146 -0.00202103    0.360636
IMAGINARY
          0  -0.0214481   0.0140537 -0.00198896
  0.0214481           0  0.00690297   0.0335343
 -0.0140537 -0.00690297           0  -0.0144059
 0.00198896  -0.0335343   0.0144059           0
EndNode2[0]<--->HoM1[0]
REAL
    0.37625   0.0104527 -0.00683247   0.0487317
  0.0104527       0.105  0.00114365   -0.009377
-0.00683247  0.00114365     0.12625  -0.0204277
  0.0487317   -0.009377  -0.0204277      0.3925
IMAGINARY
           0  0.000512963   0.00889515   -0.0192576
-0.000512963            0  -0.00599496    0.0126172
 -0.00889515   0.00599496            0  -0.00768376
   0.0192576   -0.0126172   0.00768376            0
Repeater1[0]<--->EndNode1[0]
REAL
   0.385086 -0.00260173  0.00820915   0.0838615
-0.00260173    0.121027   0.0101979 -0.00202103
 0.00820915   0.0101979    0.133252   0.0063146
  0.0838615 -0.00202103   0.0063146    0.360636
IMAGINARY
          0   0.0140537  -0.0214481 -0.00198896
 -0.0140537           0 -0.00690297  -0.0144059
  0.0214481  0.00690297           0   0.0335343
 0.00198896   0.0144059  -0.0335343           0
Repeater1[0]<--->HoM1[0]
REAL
    0.37625 -0.00683247   0.0104527   0.0487317
-0.00683247     0.12625  0.00114365  -0.0204277
  0.0104527  0.00114365       0.105   -0.009377
  0.0487317  -0.0204277   -0.009377      0.3925
IMAGINARY
           0   0.00889515  0.000512963   -0.0192576
 -0.00889515            0   0.00599496  -0.00768376
-0.000512963  -0.00599496            0    0.0126172
   0.0192576   0.00768376   -0.0126172            0
EndNode1[0]<--->Repeater1[0]
REAL
    0.40641   0.0175196   0.0126405    0.077827
  0.0175196    0.126923 -0.00401443  0.00340569
  0.0126405 -0.00401443    0.124359   0.0113636
   0.077827  0.00340569   0.0113636    0.342308
IMAGINARY
          0 -0.00325048  0.00613481  -0.0117888
 0.00325048           0  0.00721361 -0.00741358
-0.00613481 -0.00721361           0  -0.0172099
  0.0117888  0.00741358   0.0172099           0
EndNode2[0]<--->HoM1[0]
REAL
     0.3861 -0.00565967 -0.00920959   0.0697815
-0.00565967      0.1287   0.0183797 -0.00716321
-0.00920959   0.0183797    0.140283 -0.00441589
  0.0697815 -0.00716321 -0.00441589    0.344916
IMAGINARY
          0 -0.00669653   0.0307457  -0.0124302
 0.00669653           0 -0.00313647   0.0259967
 -0.0307457  0.00313647           0  -0.0180031
  0.0124302  -0.0259967   0.0180031           0
Repeater1[0]<--->EndNode1[0]
REAL
    0.40641   0.0126405   0.0175196    0.077827
  0.0126405    0.124359 -0.00401443   0.0113636
  0.0175196 -0.00401443    0.126923  0.00340569
   0.077827   0.0113636  0.00340569    0.342308
IMAGINARY
          0  0.00613481 -0.00325048  -0.0117888
-0.00613481           0 -0.00721361  -0.0172099
 0.00325048  0.00721361           0 -0.00741358
  0.0117888   0.0172099  0.00741358           0
Repeater1[0]<--->HoM1[0]
REAL
     0.3861 -0.00920959 -0.00565967   0.0697815
-0.00920959    0.140283   0.0183797 -0.00441589
-0.00565967   0.0183797      0.1287 -0.00716321
  0.0697815 -0.00441589 -0.00716321    0.344916
IMAGINARY
          0   0.0307457 -0.00669653  -0.0124302
 -0.0307457           0  0.00313647  -0.0180031
 0.00669653 -0.00313647           0   0.0259967
  0.0124302   0.0180031  -0.0259967           0
EndNode1[0]<--->Repeater1[0]
REAL
    0.37047  0.00662201  0.00286375   0.0695937
 0.00662201    0.116779 0.000203276  0.00728853
 0.00286375 0.000203276    0.139597   0.0124135
  0.0695937  0.00728853   0.0124135    0.373154
IMAGINARY
         0  0.0103981   -0.00686  0.0100591
-0.0103981          0 -0.0061117  0.0191817
   0.00686  0.0061117          0  0.0110027
-0.0100591 -0.0191817 -0.0110027          0
EndNode2[0]<--->HoM1[0]
REAL
   0.375321 -0.00889519 -0.00439953   0.0638945
-0.00889519    0.124679  -0.0116157  0.00842098
-0.00439953  -0.0116157    0.141388 -0.00585012
  0.0638945  0.00842098 -0.00585012    0.358612
IMAGINARY
          0   -0.010651   0.0279647   0.0183117
   0.010651           0  -0.0213057  0.00672918
 -0.0279647   0.0213057           0  0.00316805
 -0.0183117 -0.00672918 -0.00316805           0
Repeater1[0]<--->EndNode1[0]
REAL
    0.37047  0.00286375  0.00662201   0.0695937
 0.00286375    0.139597 0.000203276   0.0124135
 0.00662201 0.000203276    0.116779  0.00728853
  0.0695937   0.0124135  0.00728853    0.373154
IMAGINARY
         0   -0.00686  0.0103981  0.0100591
   0.00686          0  0.0061117  0.0110027
-0.0103981 -0.0061117          0  0.0191817
-0.0100591 -0.0110027 -0.0191817          0
Repeater1[0]<--->HoM1[0]
REAL
   0.375321 -0.00439953 -0.00889519   0.0638945
-0.00439953    0.141388  -0.0116157 -0.00585012
-0.00889519  -0.0116157    0.124679  0.00842098
  0.0638945 -0.00585012  0.00842098    0.358612
IMAGINARY
          0   0.0279647   -0.010651   0.0183117
 -0.0279647           0   0.0213057  0.00316805
   0.010651  -0.0213057           0  0.00672918
 -0.0183117 -0.00316805 -0.00672918           0
EndNode1[0]<--->Repeater1[0]
REAL
   0.354673 -0.00867885  -0.0126506   0.0735796
-0.00867885    0.137004  -0.0116621  0.00399549
 -0.0126506  -0.0116621    0.126761 -0.00130784
  0.0735796  0.00399549 -0.00130784    0.381562
IMAGINARY
          0  -0.0184875  0.00419749   0.0103674
  0.0184875           0   0.0117007 -0.00674202
-0.00419749  -0.0117007           0   0.0133985
 -0.0103674  0.00674202  -0.0133985           0
EndNode2[0]<--->HoM1[0]
REAL
    0.36255  0.00833828   0.0329227   0.0863787
 0.00833828    0.122178 -0.00635311  -0.0233196
  0.0329227 -0.00635311     0.14741 -0.00385684
  0.0863787  -0.0233196 -0.00385684    0.367862
IMAGINARY
          0  -0.0126787 -0.00393703    0.011456
  0.0126787           0 -0.00749823  0.00894956
 0.00393703  0.00749823           0  -0.0086246
  -0.011456 -0.00894956   0.0086246           0
Repeater1[0]<--->EndNode1[0]
REAL
   0.354673  -0.0126506 -0.00867885   0.0735796
 -0.0126506    0.126761  -0.0116621 -0.00130784
-0.00867885  -0.0116621    0.137004  0.00399549
  0.0735796 -0.00130784  0.00399549    0.381562
IMAGINARY
          0  0.00419749  -0.0184875   0.0103674
-0.00419749           0  -0.0117007   0.0133985
  0.0184875   0.0117007           0 -0.00674202
 -0.0103674  -0.0133985  0.00674202           0
Repeater1[0]<--->HoM1[0]
REAL
    0.36255   0.0329227  0.00833828   0.0863787
  0.0329227     0.14741 -0.00635311 -0.00385684
 0.00833828 -0.00635311    0.122178  -0.0233196
  0.0863787 -0.00385684  -0.0233196    0.367862
IMAGINARY
          0 -0.00393703  -0.0126787    0.011456
 0.00393703           0  0.00749823  -0.0086246
  0.0126787 -0.00749823           0  0.00894956
  -0.011456   0.0086246 -0.00894956           0
EndNode1[0]<--->Repeater1[0]
REAL
   0.353925  -0.0200324  0.00318987   0.0786429
 -0.0200324    0.131274 -0.00611401  0.00130307
 0.00318987 -0.00611401    0.119691 -0.00499971
  0.0786429  0.00130307 -0.00499971    0.395109
IMAGINARY
           0   0.00228691   0.00125596    0.0154716
 -0.00228691            0   -0.0122037  -0.00979735
 -0.00125596    0.0122037            0  0.000998246
  -0.0154716   0.00979735 -0.000998246            0
EndNode2[0]<--->HoM1[0]
REAL
   0.365947 -0.00608068 -0.00245542   0.0612266
-0.00608068    0.128335   0.0125648   0.0215394
-0.00245542   0.0125648    0.130877  0.00862521
  0.0612266   0.0215394  0.00862521    0.374841
IMAGINARY
          0  0.00196715  -0.0181949  -0.0174837
-0.00196715           0  -0.0102941  -0.0122188
  0.0181949   0.0102941           0  -0.0214319
  0.0174837   0.0122188   0.0214319           0
Repeater1[0]<--->EndNode1[0]
REAL
   0.353925  0.00318987  -0.0200324   0.0786429
 0.00318987    0.119691 -0.00611401 -0.00499971
 -0.0200324 -0.00611401    0.131274  0.00130307
  0.0786429 -0.00499971  0.00130307    0.395109
IMAGINARY
           0   0.00125596   0.00228691    0.0154716
 -0.00125596            0    0.0122037  0.000998246
 -0.00228691   -0.0122037            0  -0.00979735
  -0.0154716 -0.000998246   0.00979735            0
Repeater1[0]<--->HoM1[0]
REAL
   0.365947 -0.00245542 -0.00608068   0.0612266
-0.00245542    0.130877   0.0125648  0.00862521
-0.00608068   0.0125648    0.128335   0.0215394
  0.0612266  0.00862521   0.0215394    0.374841
IMAGINARY
          0  -0.0181949  0.00196715  -0.0174837
  0.0181949           0   0.0102941  -0.0214319
-0.00196715  -0.0102941           0  -0.0122188
  0.0174837   0.0214319   0.0122188           0
EndNode1[0]<--->Repeater1[0]
REAL
   0.380645 -0.00516129   0.0127226    0.067023
-0.00516129    0.129032  -0.0367004   0.0214709
  0.0127226  -0.0367004    0.114839  0.00580645
   0.067023   0.0214709  0.00580645    0.375484
IMAGINARY
           0   -0.0177133 -9.54719e-05  -0.00412652
   0.0177133            0 -0.000199814  -0.00522368
 9.54719e-05  0.000199814            0   0.00707505
  0.00412652   0.00522368  -0.00707505            0
EndNode2[0]<--->HoM1[0]
REAL
   0.352547 -0.00411441 -0.00527796   0.0531939
-0.00411441    0.117962  0.00581233 -0.00776552
-0.00527796  0.00581233    0.131367   0.0270958
  0.0531939 -0.00776552   0.0270958    0.398123
IMAGINARY
          0  -0.0103665  0.00923256  -0.0201168
  0.0103665           0 -0.00345011   0.0132113
-0.00923256  0.00345011           0 -0.00833674
  0.0201168  -0.0132113  0.00833674           0
Repeater1[0]<--->EndNode1[0]
REAL
   0.380645   0.0127226 -0.00516129    0.067023
  0.0127226    0.114839  -0.0367004  0.00580645
-0.00516129  -0.0367004    0.129032   0.0214709
   0.067023  0.00580645   0.0214709    0.375484
IMAGINARY
           0 -9.54719e-05   -0.0177133  -0.00412652
 9.54719e-05            0  0.000199814   0.00707505
   0.0177133 -0.000199814            0  -0.00522368
  0.00412652  -0.00707505   0.00522368            0
Repeater1[0]<--->HoM1[0]
REAL
   0.352547 -0.00527796 -0.00411441   0.0531939
-0.00527796    0.131367  0.00581233   0.0270958
-0.00411441  0.00581233    0.117962 -0.00776552
  0.0531939   0.0270958 -0.00776552    0.398123
IMAGINARY
          0  0.00923256  -0.0103665  -0.0201168
-0.00923256           0  0.00345011 -0.00833674
  0.0103665 -0.00345011           0   0.0132113
  0.0201168  0.00833674  -0.0132113           0
EndNode1[0]<--->Repeater1[0]
REAL
   0.371011    0.016755   0.0288973    0.070482
   0.016755     0.12367  -0.0117965  0.00279286
  0.0288973  -0.0117965    0.121011 -0.00384423
   0.070482  0.00279286 -0.00384423    0.384309
IMAGINARY
          0 -0.00152361 -0.00149567  0.00293851
 0.00152361           0  0.00487399 -0.00483345
 0.00149567 -0.00487399           0   0.0154477
-0.00293851  0.00483345  -0.0154477           0
EndNode2[0]<--->HoM1[0]
REAL
   0.366539  -0.0146193 -0.00198718   0.0511394
 -0.0146193    0.128991 -0.00113941  0.00698718
-0.00198718 -0.00113941    0.148148 -0.00788073
  0.0511394  0.00698718 -0.00788073    0.356322
IMAGINARY
          0  -0.0161763   0.0122963   0.0113871
  0.0161763           0   0.0191996 -0.00693442
 -0.0122963  -0.0191996           0  -0.0186763
 -0.0113871  0.00693442   0.0186763           0
Repeater1[0]<--->EndNode1[0]
REAL
   0.371011   0.0288973    0.016755    0.070482
  0.0288973    0.121011  -0.0117965 -0.00384423
   0.016755  -0.0117965     0.12367  0.00279286
   0.070482 -0.00384423  0.00279286    0.384309
IMAGINARY
          0 -0.00149567 -0.00152361  0.00293851
 0.00149567           0 -0.00487399   0.0154477
 0.00152361  0.00487399           0 -0.00483345
-0.00293851  -0.0154477  0.00483345           0
Repeater1[0]<--->HoM1[0]
REAL
   0.366539 -0.00198718  -0.0146193   0.0511394
-0.00198718    0.148148 -0.00113941 -0.00788073
 -0.0146193 -0.00113941    0.128991  0.00698718
  0.0511394 -0.00788073  0.00698718    0.356322
IMAGINARY
          0   0.0122963  -0.0161763   0.0113871
 -0.0122963           0  -0.0191996  -0.0186763
  0.0161763   0.0191996           0 -0.00693442
 -0.0113871   0.0186763  0.00693442           0
EndNode1[0]<--->Repeater1[0]
REAL
  0.359509 0.00184539 0.00515061  0.0898145
0.00184539   0.139877 0.00881568 -0.0147397
0.00515061 0.00881568   0.132515 -0.0128043
 0.0898145 -0.0147397 -0.0128043   0.368098
IMAGINARY
          0 -0.00883751 -0.00133807  -0.0154993
 0.00883751           0  -0.0167588  0.00194708
 0.00133807   0.0167588           0   0.0155367
  0.0154993 -0.00194708  -0.0155367           0
EndNode2[0]<--->HoM1[0]
REAL
   0.411687 -0.00308128 -0.00403966   0.0751545
-0.00308128    0.106242  -0.0028506  -0.0143427
-0.00403966  -0.0028506    0.126162   0.0153362
  0.0751545  -0.0143427   0.0153362     0.35591
IMAGINARY
          0    0.013567   0.0083445  0.00528496
  -0.013567           0 -0.00199981 -0.00962328
 -0.0083445  0.00199981           0 -0.00205802
-0.00528496  0.00962328  0.00205802           0
Repeater1[0]<--->EndNode1[0]
REAL
  0.359509 0.00515061 0.00184539  0.0898145
0.00515061   0.132515 0.00881568 -0.0128043
0.00184539 0.00881568   0.139877 -0.0147397
 0.0898145 -0.0128043 -0.0147397   0.368098
IMAGINARY
          0 -0.00133807 -0.00883751  -0.0154993
 0.00133807           0   0.0167588   0.0155367
 0.00883751  -0.0167588           0  0.00194708
  0.0154993  -0.0155367 -0.00194708           0
Repeater1[0]<--->HoM1[0]
REAL
   0.411687 -0.00403966 -0.00308128   0.0751545
-0.00403966    0.126162  -0.0028506   0.0153362
-0.00308128  -0.0028506    0.106242  -0.0143427
  0.0751545   0.0153362  -0.0143427     0.35591
IMAGINARY
          0   0.0083445    0.013567  0.00528496
 -0.0083445           0  0.00199981 -0.00205802
  -0.013567 -0.00199981           0 -0.00962328
-0.00528496  0.00205802  0.00962328           0
EndNode1[0]<--->Repeater1[0]
REAL
  0.361111 -0.0200282 -0.0158046  0.0421416
-0.0200282    0.14418  0.0118785 0.00826692
-0.0158046  0.0118785   0.116402 0.00118395
 0.0421416 0.00826692 0.00118395   0.378307
IMAGINARY
          0 -0.00258446 -0.00056391  -0.0119821
 0.00258446           0 -0.00112647  0.00319549
 0.00056391  0.00112647           0  -0.0145208
  0.0119821 -0.00319549   0.0145208           0
EndNode2[0]<--->HoM1[0]
REAL
    0.331529  -0.00440059    0.0275917    0.0587956
 -0.00440059     0.147497   0.00393277 -0.000186087
   0.0275917   0.00393277     0.128552  -0.00108053
   0.0587956 -0.000186087  -0.00108053     0.392422
IMAGINARY
          0  0.00972005  -0.0140741  -0.0192508
-0.00972005           0    0.014826  0.00908662
  0.0140741   -0.014826           0 -0.00847317
  0.0192508 -0.00908662  0.00847317           0
Repeater1[0]<--->EndNode1[0]
REAL
  0.361111 -0.0158046 -0.0200282  0.0421416
-0.0158046   0.116402  0.0118785 0.00118395
-0.0200282  0.0118785    0.14418 0.00826692
 0.0421416 0.00118395 0.00826692   0.378307
IMAGINARY
          0 -0.00056391 -0.00258446  -0.0119821
 0.00056391           0  0.00112647  -0.0145208
 0.00258446 -0.00112647           0  0.00319549
  0.0119821   0.0145208 -0.00319549           0
Repeater1[0]<--->HoM1[0]
REAL
    0.331529    0.0275917  -0.00440059    0.0587956
   0.0275917     0.128552   0.00393277  -0.00108053
 -0.00440059   0.00393277     0.147497 -0.000186087
   0.0587956  -0.00108053 -0.000186087     0.392422
IMAGINARY
          0  -0.0140741  0.00972005  -0.0192508
  0.0140741           0   -0.014826 -0.00847317
-0.00972005    0.014826           0  0.00908662
  0.0192508  0.00847317 -0.00908662           0
EndNode1[0]<--->Repeater1[0]
REAL
   0.375989  0.00361746 -0.00549982   0.0673531
 0.00361746    0.129288 -0.00388162 -0.00486288
-0.00549982 -0.00388162    0.124011   0.0158126
  0.0673531 -0.00486288   0.0158126    0.370712
IMAGINARY
          0 -0.00277024   0.0104258  0.00623729
 0.00277024           0 -0.00944653 -0.00160627
 -0.0104258  0.00944653           0    0.018374
-0.00623729  0.00160627   -0.018374           0
EndNode2[0]<--->HoM1[0]
REAL
   0.327742  0.00548394   -0.010727   0.0687117
 0.00548394    0.122581 -0.00154751   0.0119708
  -0.010727 -0.00154751    0.127742   0.0206355
  0.0687117   0.0119708   0.0206355    0.421935
IMAGINARY
          0 -0.00960039  0.00871129  0.00642961
 0.00960039           0  -0.0213841   0.0056134
-0.00871129   0.0213841           0   0.0157395
-0.00642961  -0.0056134  -0.0157395           0
Repeater1[0]<--->EndNode1[0]
REAL
   0.375989 -0.00549982  0.00361746   0.0673531
-0.00549982    0.124011 -0.00388162   0.0158126
 0.00361746 -0.00388162    0.129288 -0.00486288
  0.0673531   0.0158126 -0.00486288    0.370712
IMAGINARY
          0   0.0104258 -0.00277024  0.00623729
 -0.0104258           0  0.00944653    0.018374
 0.00277024 -0.00944653           0 -0.00160627
-0.00623729   -0.018374  0.00160627           0
Repeater1[0]<--->HoM1[0]
REAL
   0.327742   -0.010727  0.00548394   0.0687117
  -0.010727    0.127742 -0.00154751   0.0206355
 0.00548394 -0.00154751    0.122581   0.0119708
  0.0687117   0.0206355   0.0119708    0.421935
IMAGINARY
          0  0.00871129 -0.00960039  0.00642961
-0.00871129           0   0.0213841   0.0157395
 0.00960039  -0.0213841           0   0.0056134
-0.00642961  -0.0157395  -0.0056134           0
EndNode1[0]<--->Repeater1[0]
REAL
   0.35801  0.0127211  0.0101922   0.106637
 0.0127211   0.121359 -0.0251509 0.00480132
 0.0101922 -0.0251509   0.126214  0.0140064
  0.106637 0.00480132  0.0140064   0.394417
IMAGINARY
          0   0.0013017  -0.0237336  0.00826436
 -0.0013017           0  0.00888241   0.0177734
  0.0237336 -0.00888241           0  -0.0165335
-0.00826436  -0.0177734   0.0165335           0
EndNode2[0]<--->HoM1[0]
REAL
