EndNode1[0]<--->Repeater1[0]
REAL
  0.404539 0.00876044  0.0137024   0.381921
0.00876044  0.0867824  0.0808942  0.0241462
 0.0137024  0.0808942  0.0867824  0.0131519
  0.381921  0.0241462  0.0131519   0.421896
IMAGINARY
          0  -0.0051436 -0.00475099 -0.00814145
  0.0051436           0  -0.0119103  0.00924393
 0.00475099   0.0119103           0 -0.00576782
 0.00814145 -0.00924393  0.00576782           0
EndNode2[0]<--->HoM1[0]
REAL
   0.410691  -0.0165731 -0.00500839    0.380889
 -0.0165731    0.114733   0.0717291  -0.0236699
-0.00500839   0.0717291   0.0847458 -0.00213016
   0.380889  -0.0236699 -0.00213016    0.389831
IMAGINARY
           0   0.00284943  -0.00442401   0.00639888
 -0.00284943            0   0.00246188   0.00315175
  0.00442401  -0.00246188            0  0.000967368
 -0.00639888  -0.00315175 -0.000967368            0
Repeater1[0]<--->EndNode1[0]
REAL
  0.404539  0.0137024 0.00876044   0.381921
 0.0137024  0.0867824  0.0808942  0.0131519
0.00876044  0.0808942  0.0867824  0.0241462
  0.381921  0.0131519  0.0241462   0.421896
IMAGINARY
          0 -0.00475099  -0.0051436 -0.00814145
 0.00475099           0   0.0119103 -0.00576782
  0.0051436  -0.0119103           0  0.00924393
 0.00814145  0.00576782 -0.00924393           0
Repeater1[0]<--->HoM1[0]
REAL
   0.410691 -0.00500839  -0.0165731    0.380889
-0.00500839   0.0847458   0.0717291 -0.00213016
 -0.0165731   0.0717291    0.114733  -0.0236699
   0.380889 -0.00213016  -0.0236699    0.389831
IMAGINARY
           0  -0.00442401   0.00284943   0.00639888
  0.00442401            0  -0.00246188  0.000967368
 -0.00284943   0.00246188            0   0.00315175
 -0.00639888 -0.000967368  -0.00315175            0
EndNode1[0]<--->Repeater1[0]
REAL
   0.425422 -0.00947068  -0.0124497    0.407977
-0.00947068     0.07393    0.066545  0.00289556
 -0.0124497    0.066545    0.103761  0.00501208
   0.407977  0.00289556  0.00501208    0.396887
IMAGINARY
          0  0.00268576   -0.012705  0.00598815
-0.00268576           0   0.0155805  0.00886864
   0.012705  -0.0155805           0  -0.0116372
-0.00598815 -0.00886864   0.0116372           0
EndNode2[0]<--->HoM1[0]
REAL
   0.391304  0.00320593  -0.0131166    0.378078
 0.00320593   0.0935441   0.0783359 -0.00244998
 -0.0131166   0.0783359    0.104084  -0.0249992
   0.378078 -0.00244998  -0.0249992    0.411067
IMAGINARY
          0  0.00782425  -0.0123508  -0.0098652
-0.00782425           0   0.0131162 -0.00573705
  0.0123508  -0.0131162           0   0.0115556
  0.0098652  0.00573705  -0.0115556           0
Repeater1[0]<--->EndNode1[0]
REAL
   0.425422  -0.0124497 -0.00947068    0.407977
 -0.0124497    0.103761    0.066545  0.00501208
-0.00947068    0.066545     0.07393  0.00289556
   0.407977  0.00501208  0.00289556    0.396887
IMAGINARY
          0   -0.012705  0.00268576  0.00598815
   0.012705           0  -0.0155805  -0.0116372
-0.00268576   0.0155805           0  0.00886864
-0.00598815   0.0116372 -0.00886864           0
Repeater1[0]<--->HoM1[0]
REAL
   0.391304  -0.0131166  0.00320593    0.378078
 -0.0131166    0.104084   0.0783359  -0.0249992
 0.00320593   0.0783359   0.0935441 -0.00244998
   0.378078  -0.0249992 -0.00244998    0.411067
IMAGINARY
          0  -0.0123508  0.00782425  -0.0098652
  0.0123508           0  -0.0131162   0.0115556
-0.00782425   0.0131162           0 -0.00573705
  0.0098652  -0.0115556  0.00573705           0
EndNode1[0]<--->Repeater1[0]
REAL
    0.405815   0.00995846   -0.0128253     0.385691
  0.00995846    0.0859671    0.0712583    0.0257404
  -0.0128253    0.0712583      0.10493 -0.000733366
    0.385691    0.0257404 -0.000733366     0.403287
IMAGINARY
          0   0.0107184  0.00224393  -0.0224875
 -0.0107184           0 -0.00363187  -0.0138419
-0.00224393  0.00363187           0 -0.00427509
  0.0224875   0.0138419  0.00427509           0
EndNode2[0]<--->HoM1[0]
REAL
   0.412739  0.00689093 -0.00353737    0.388576
 0.00689093   0.0980892   0.0605763 -0.00232964
-0.00353737   0.0605763   0.0789809  -0.0166693
   0.388576 -0.00232964  -0.0166693    0.410191
IMAGINARY
          0 -0.00566412 -0.00843452   0.0132059
 0.00566412           0  -0.0125673  -0.0222322
 0.00843452   0.0125673           0  0.00833079
 -0.0132059   0.0222322 -0.00833079           0
Repeater1[0]<--->EndNode1[0]
REAL
    0.405815   -0.0128253   0.00995846     0.385691
  -0.0128253      0.10493    0.0712583 -0.000733366
  0.00995846    0.0712583    0.0859671    0.0257404
    0.385691 -0.000733366    0.0257404     0.403287
IMAGINARY
          0  0.00224393   0.0107184  -0.0224875
-0.00224393           0  0.00363187 -0.00427509
 -0.0107184 -0.00363187           0  -0.0138419
  0.0224875  0.00427509   0.0138419           0
Repeater1[0]<--->HoM1[0]
REAL
   0.412739 -0.00353737  0.00689093    0.388576
-0.00353737   0.0789809   0.0605763  -0.0166693
 0.00689093   0.0605763   0.0980892 -0.00232964
   0.388576  -0.0166693 -0.00232964    0.410191
IMAGINARY
          0 -0.00843452 -0.00566412   0.0132059
 0.00843452           0   0.0125673  0.00833079
 0.00566412  -0.0125673           0  -0.0222322
 -0.0132059 -0.00833079   0.0222322           0
EndNode1[0]<--->Repeater1[0]
REAL
  0.37751 0.0276326 0.0206991  0.386242
0.0276326 0.0950469 0.0756747 0.0186129
0.0206991 0.0756747  0.107095 0.0129079
 0.386242 0.0186129 0.0129079  0.420348
IMAGINARY
           0   0.00141892  -0.00975965  -0.00559094
 -0.00141892            0    0.0158737  0.000739035
  0.00975965   -0.0158737            0  -0.00399624
  0.00559094 -0.000739035   0.00399624            0
EndNode2[0]<--->HoM1[0]
REAL
  0.429963 -0.0162367 0.00913771   0.389787
-0.0162367  0.0840438  0.0642666  0.0043758
0.00913771  0.0642666  0.0791717  0.0216421
  0.389787  0.0043758  0.0216421   0.406821
IMAGINARY
          0 -0.00265374  0.00920118   -0.023125
 0.00265374           0   -0.023125  -0.0105033
-0.00920118    0.023125           0 -0.00646084
   0.023125   0.0105033  0.00646084           0
Repeater1[0]<--->EndNode1[0]
REAL
  0.37751 0.0206991 0.0276326  0.386242
0.0206991  0.107095 0.0756747 0.0129079
0.0276326 0.0756747 0.0950469 0.0186129
 0.386242 0.0129079 0.0186129  0.420348
IMAGINARY
           0  -0.00975965   0.00141892  -0.00559094
  0.00975965            0   -0.0158737  -0.00399624
 -0.00141892    0.0158737            0  0.000739035
  0.00559094   0.00399624 -0.000739035            0
Repeater1[0]<--->HoM1[0]
REAL
  0.429963 0.00913771 -0.0162367   0.389787
0.00913771  0.0791717  0.0642666  0.0216421
-0.0162367  0.0642666  0.0840438  0.0043758
  0.389787  0.0216421  0.0043758   0.406821
IMAGINARY
          0  0.00920118 -0.00265374   -0.023125
-0.00920118           0    0.023125 -0.00646084
 0.00265374   -0.023125           0  -0.0105033
   0.023125  0.00646084   0.0105033           0
EndNode1[0]<--->Repeater1[0]
REAL
 0.398996 0.0338106 0.0166137  0.400682
0.0338106 0.0828105 0.0576511 0.0373079
0.0166137 0.0576511 0.0941029  0.012758
 0.400682 0.0373079  0.012758   0.42409
IMAGINARY
          0   0.0106324  -0.0051148  0.00387284
 -0.0106324           0 -0.00888537 -0.00909358
  0.0051148  0.00888537           0  -0.0207812
-0.00387284  0.00909358   0.0207812           0
EndNode2[0]<--->HoM1[0]
REAL
    0.416449    0.0122427    0.0188918     0.387909
   0.0122427    0.0874674    0.0756588 -4.75864e-05
   0.0188918    0.0756588    0.0822454    0.0128829
    0.387909 -4.75864e-05    0.0128829     0.413838
IMAGINARY
           0  0.000289851  -0.00661268    0.0085082
-0.000289851            0   -0.0214281    0.0165994
  0.00661268    0.0214281            0  -0.00894498
  -0.0085082   -0.0165994   0.00894498            0
Repeater1[0]<--->EndNode1[0]
REAL
 0.398996 0.0166137 0.0338106  0.400682
0.0166137 0.0941029 0.0576511  0.012758
0.0338106 0.0576511 0.0828105 0.0373079
 0.400682  0.012758 0.0373079   0.42409
IMAGINARY
          0  -0.0051148   0.0106324  0.00387284
  0.0051148           0  0.00888537  -0.0207812
 -0.0106324 -0.00888537           0 -0.00909358
-0.00387284   0.0207812  0.00909358           0
Repeater1[0]<--->HoM1[0]
REAL
    0.416449    0.0188918    0.0122427     0.387909
   0.0188918    0.0822454    0.0756588    0.0128829
   0.0122427    0.0756588    0.0874674 -4.75864e-05
    0.387909    0.0128829 -4.75864e-05     0.413838
IMAGINARY
           0  -0.00661268  0.000289851    0.0085082
  0.00661268            0    0.0214281  -0.00894498
-0.000289851   -0.0214281            0    0.0165994
  -0.0085082   0.00894498   -0.0165994            0
EndNode1[0]<--->Repeater1[0]
REAL
   0.405612    0.022376   0.0165256    0.380635
   0.022376   0.0829082   0.0680511   0.0103831
  0.0165256   0.0680511   0.0829082 -0.00673141
   0.380635   0.0103831 -0.00673141    0.428571
IMAGINARY
          0 -0.00759755  -0.0277252   0.0108613
 0.00759755           0  -0.0281912   0.0230398
  0.0277252   0.0281912           0  -0.0225229
 -0.0108613  -0.0230398   0.0225229           0
EndNode2[0]<--->HoM1[0]
REAL
  0.405995 0.00336452   0.008597   0.388471
0.00336452  0.0817439  0.0709712 0.00471099
  0.008597  0.0709712  0.0803815 0.00994347
  0.388471 0.00471099 0.00994347    0.43188
IMAGINARY
           0  -0.00179886    0.0172505    0.0157433
  0.00179886            0  5.94835e-05    0.0139995
  -0.0172505 -5.94835e-05            0   -0.0119511
  -0.0157433   -0.0139995    0.0119511            0
Repeater1[0]<--->EndNode1[0]
REAL
   0.405612   0.0165256    0.022376    0.380635
  0.0165256   0.0829082   0.0680511 -0.00673141
   0.022376   0.0680511   0.0829082   0.0103831
   0.380635 -0.00673141   0.0103831    0.428571
IMAGINARY
          0  -0.0277252 -0.00759755   0.0108613
  0.0277252           0   0.0281912  -0.0225229
 0.00759755  -0.0281912           0   0.0230398
 -0.0108613   0.0225229  -0.0230398           0
Repeater1[0]<--->HoM1[0]
REAL
  0.405995   0.008597 0.00336452   0.388471
  0.008597  0.0803815  0.0709712 0.00994347
0.00336452  0.0709712  0.0817439 0.00471099
  0.388471 0.00994347 0.00471099    0.43188
IMAGINARY
           0    0.0172505  -0.00179886    0.0157433
  -0.0172505            0 -5.94835e-05   -0.0119511
  0.00179886  5.94835e-05            0    0.0139995
  -0.0157433    0.0119511   -0.0139995            0
EndNode1[0]<--->Repeater1[0]
REAL
   0.411367  -0.0168926  0.00342466    0.401174
 -0.0168926   0.0866035   0.0490953 -0.00342466
 0.00342466   0.0490953    0.100135   0.0263012
   0.401174 -0.00342466   0.0263012    0.401894
IMAGINARY
          0   0.0133391  -0.0100792  -0.0156248
 -0.0133391           0    -0.02274  0.00029928
  0.0100792     0.02274           0 -0.00478167
  0.0156248 -0.00029928  0.00478167           0
EndNode2[0]<--->HoM1[0]
REAL
  0.412371 0.00648959 0.00231702   0.394373
0.00648959  0.0902062   0.064667 -0.0107916
0.00231702   0.064667  0.0850515 0.00904713
  0.394373 -0.0107916 0.00904713   0.412371
IMAGINARY
           0    -0.013427  -0.00921421 -0.000723659
    0.013427            0  -0.00563766   -0.0055105
  0.00921421   0.00563766            0  -0.00129767
 0.000723659    0.0055105   0.00129767            0
Repeater1[0]<--->EndNode1[0]
REAL
   0.411367  0.00342466  -0.0168926    0.401174
 0.00342466    0.100135   0.0490953   0.0263012
 -0.0168926   0.0490953   0.0866035 -0.00342466
   0.401174   0.0263012 -0.00342466    0.401894
IMAGINARY
          0  -0.0100792   0.0133391  -0.0156248
  0.0100792           0     0.02274 -0.00478167
 -0.0133391    -0.02274           0  0.00029928
  0.0156248  0.00478167 -0.00029928           0
Repeater1[0]<--->HoM1[0]
REAL
  0.412371 0.00231702 0.00648959   0.394373
0.00231702  0.0850515   0.064667 0.00904713
0.00648959   0.064667  0.0902062 -0.0107916
  0.394373 0.00904713 -0.0107916   0.412371
IMAGINARY
           0  -0.00921421    -0.013427 -0.000723659
  0.00921421            0   0.00563766  -0.00129767
    0.013427  -0.00563766            0   -0.0055105
 0.000723659   0.00129767    0.0055105            0
EndNode1[0]<--->Repeater1[0]
REAL
  0.398196 0.00250856   0.018647   0.382512
0.00250856   0.112113   0.067851  0.0104087
  0.018647   0.067851  0.0966495  0.0301791
  0.382512  0.0104087  0.0301791   0.393041
IMAGINARY
           0  -0.00524697   2.5679e-05    0.0159695
  0.00524697            0   -0.0146972  0.000665884
 -2.5679e-05    0.0146972            0   -0.0065096
  -0.0159695 -0.000665884    0.0065096            0
EndNode2[0]<--->HoM1[0]
REAL
  0.428208 -0.0191958 -0.0171771   0.403155
-0.0191958  0.0914867  0.0540986 0.00422371
-0.0171771  0.0540986  0.0851334  0.0127191
  0.403155 0.00422371  0.0127191   0.395172
IMAGINARY
           0   0.00251044    0.0158214    0.0196197
 -0.00251044            0  0.000910062  -0.00908284
  -0.0158214 -0.000910062            0    0.0123144
  -0.0196197   0.00908284   -0.0123144            0
Repeater1[0]<--->EndNode1[0]
REAL
  0.398196   0.018647 0.00250856   0.382512
  0.018647  0.0966495   0.067851  0.0301791
0.00250856   0.067851   0.112113  0.0104087
  0.382512  0.0301791  0.0104087   0.393041
IMAGINARY
           0   2.5679e-05  -0.00524697    0.0159695
 -2.5679e-05            0    0.0146972   -0.0065096
  0.00524697   -0.0146972            0  0.000665884
  -0.0159695    0.0065096 -0.000665884            0
Repeater1[0]<--->HoM1[0]
REAL
  0.428208 -0.0171771 -0.0191958   0.403155
-0.0171771  0.0851334  0.0540986  0.0127191
-0.0191958  0.0540986  0.0914867 0.00422371
  0.403155  0.0127191 0.00422371   0.395172
IMAGINARY
           0    0.0158214   0.00251044    0.0196197
  -0.0158214            0 -0.000910062    0.0123144
 -0.00251044  0.000910062            0  -0.00908284
  -0.0196197   -0.0123144   0.00908284            0
EndNode1[0]<--->Repeater1[0]
REAL
   0.419643    -0.00357 -0.00188062    0.386612
   -0.00357   0.0982143   0.0778618 -0.00864569
-0.00188062   0.0778618   0.0829082  -0.0187984
   0.386612 -0.00864569  -0.0187984    0.399235
IMAGINARY
          0  0.00805934  -0.0105487   0.0208641
-0.00805934           0   0.0129901  -0.0132013
  0.0105487  -0.0129901           0 -0.00555934
 -0.0208641   0.0132013  0.00555934           0
EndNode2[0]<--->HoM1[0]
REAL
  0.431242 0.00325453  0.0175477    0.39139
0.00325453  0.0801068  0.0759059  0.0107542
 0.0175477  0.0759059  0.0867824  0.0225316
   0.39139  0.0107542  0.0225316   0.401869
IMAGINARY
          0 -0.00537552 -0.00870219  0.00529993
 0.00537552           0   0.0299113  0.00289574
 0.00870219  -0.0299113           0  0.00989165
-0.00529993 -0.00289574 -0.00989165           0
Repeater1[0]<--->EndNode1[0]
REAL
   0.419643 -0.00188062    -0.00357    0.386612
-0.00188062   0.0829082   0.0778618  -0.0187984
   -0.00357   0.0778618   0.0982143 -0.00864569
   0.386612  -0.0187984 -0.00864569    0.399235
IMAGINARY
          0  -0.0105487  0.00805934   0.0208641
  0.0105487           0  -0.0129901 -0.00555934
-0.00805934   0.0129901           0  -0.0132013
 -0.0208641  0.00555934   0.0132013           0
Repeater1[0]<--->HoM1[0]
REAL
  0.431242  0.0175477 0.00325453    0.39139
 0.0175477  0.0867824  0.0759059  0.0225316
0.00325453  0.0759059  0.0801068  0.0107542
   0.39139  0.0225316  0.0107542   0.401869
IMAGINARY
          0 -0.00870219 -0.00537552  0.00529993
 0.00870219           0  -0.0299113  0.00989165
 0.00537552   0.0299113           0  0.00289574
-0.00529993 -0.00989165 -0.00289574           0
EndNode1[0]<--->Repeater1[0]
REAL
   0.426719    0.012786  0.00958829    0.392244
   0.012786   0.0998703   0.0713484 -0.00352033
 0.00958829   0.0713484   0.0959792 -0.00186368
   0.392244 -0.00352033 -0.00186368    0.377432
IMAGINARY
          0 -0.00304528   0.0177031  -0.0117921
 0.00304528           0 -0.00473177  0.00197124
 -0.0177031  0.00473177           0  -0.0301976
  0.0117921 -0.00197124   0.0301976           0
EndNode2[0]<--->HoM1[0]
REAL
  0.434728  0.0126249 0.00257066   0.388153
 0.0126249  0.0887199  0.0706627 0.00322085
0.00257066  0.0706627  0.0836502 0.00346261
  0.388153 0.00322085 0.00346261   0.392902
IMAGINARY
          0 -0.00760456  -0.0023654  -0.0187939
 0.00760456           0  -0.0169668  -0.0071403
  0.0023654   0.0169668           0   0.0095057
  0.0187939   0.0071403  -0.0095057           0
Repeater1[0]<--->EndNode1[0]
REAL
   0.426719  0.00958829    0.012786    0.392244
 0.00958829   0.0959792   0.0713484 -0.00186368
   0.012786   0.0713484   0.0998703 -0.00352033
   0.392244 -0.00186368 -0.00352033    0.377432
IMAGINARY
          0   0.0177031 -0.00304528  -0.0117921
 -0.0177031           0  0.00473177  -0.0301976
 0.00304528 -0.00473177           0  0.00197124
  0.0117921   0.0301976 -0.00197124           0
Repeater1[0]<--->HoM1[0]
REAL
  0.434728 0.00257066  0.0126249   0.388153
0.00257066  0.0836502  0.0706627 0.00346261
 0.0126249  0.0706627  0.0887199 0.00322085
  0.388153 0.00346261 0.00322085   0.392902
IMAGINARY
          0  -0.0023654 -0.00760456  -0.0187939
  0.0023654           0   0.0169668   0.0095057
 0.00760456  -0.0169668           0  -0.0071403
  0.0187939  -0.0095057   0.0071403           0
EndNode1[0]<--->Repeater1[0]
REAL
    0.401299   -0.0114179 -0.000895767      0.39788
  -0.0114179    0.0857143    0.0576204  -0.00219447
-0.000895767    0.0576204    0.0909091    0.0182164
     0.39788  -0.00219447    0.0182164     0.422078
IMAGINARY
          0 -0.00732776   0.0104305   0.0149506
 0.00732776           0   0.0218515   0.0025565
 -0.0104305  -0.0218515           0  -0.0147502
 -0.0149506  -0.0025565   0.0147502           0
EndNode2[0]<--->HoM1[0]
REAL
     0.43807 -0.000927266   0.00636052     0.395118
-0.000927266     0.083442    0.0628437  -0.00062804
  0.00636052    0.0628437     0.083442   0.00538587
    0.395118  -0.00062804   0.00538587     0.395046
IMAGINARY
          0   -0.017194   0.0196517  0.00308628
   0.017194           0   0.0131264  0.00258467
 -0.0196517  -0.0131264           0  -0.0126662
-0.00308628 -0.00258467   0.0126662           0
Repeater1[0]<--->EndNode1[0]
REAL
    0.401299 -0.000895767   -0.0114179      0.39788
-0.000895767    0.0909091    0.0576204    0.0182164
  -0.0114179    0.0576204    0.0857143  -0.00219447
     0.39788    0.0182164  -0.00219447     0.422078
IMAGINARY
          0   0.0104305 -0.00732776   0.0149506
 -0.0104305           0  -0.0218515  -0.0147502
 0.00732776   0.0218515           0   0.0025565
 -0.0149506   0.0147502  -0.0025565           0
Repeater1[0]<--->HoM1[0]
REAL
     0.43807   0.00636052 -0.000927266     0.395118
  0.00636052     0.083442    0.0628437   0.00538587
-0.000927266    0.0628437     0.083442  -0.00062804
    0.395118   0.00538587  -0.00062804     0.395046
IMAGINARY
          0   0.0196517   -0.017194  0.00308628
 -0.0196517           0  -0.0131264  -0.0126662
   0.017194   0.0131264           0  0.00258467
-0.00308628   0.0126662 -0.00258467           0
EndNode1[0]<--->Repeater1[0]
REAL
   0.412073 -0.00102878  -0.0102143    0.378477
-0.00102878   0.0971129   0.0803114  -0.0158463
 -0.0102143   0.0803114     0.10105  -0.0201833
   0.378477  -0.0158463  -0.0201833    0.389764
IMAGINARY
         0  0.0059284  0.0213567  0.0212688
-0.0059284          0  0.0200156 -0.0272544
-0.0213567 -0.0200156          0 -0.0131368
-0.0212688  0.0272544  0.0131368          0
EndNode2[0]<--->HoM1[0]
REAL
   0.460759  -0.0191076 -0.00541293    0.372457
 -0.0191076   0.0696203   0.0885988  -0.0184564
-0.00541293   0.0885988   0.0772152  -0.0110431
   0.372457  -0.0184564  -0.0110431    0.392405
IMAGINARY
           0   0.00118374 -0.000608701    0.0128295
 -0.00118374            0     -0.01098    0.0259165
 0.000608701      0.01098            0   -0.0264915
  -0.0128295   -0.0259165    0.0264915            0
Repeater1[0]<--->EndNode1[0]
REAL
   0.412073  -0.0102143 -0.00102878    0.378477
 -0.0102143     0.10105   0.0803114  -0.0201833
-0.00102878   0.0803114   0.0971129  -0.0158463
   0.378477  -0.0201833  -0.0158463    0.389764
IMAGINARY
         0  0.0213567  0.0059284  0.0212688
-0.0213567          0 -0.0200156 -0.0131368
-0.0059284  0.0200156          0 -0.0272544
-0.0212688  0.0131368  0.0272544          0
Repeater1[0]<--->HoM1[0]
REAL
   0.460759 -0.00541293  -0.0191076    0.372457
-0.00541293   0.0772152   0.0885988  -0.0110431
 -0.0191076   0.0885988   0.0696203  -0.0184564
   0.372457  -0.0110431  -0.0184564    0.392405
IMAGINARY
           0 -0.000608701   0.00118374    0.0128295
 0.000608701            0      0.01098   -0.0264915
 -0.00118374     -0.01098            0    0.0259165
  -0.0128295    0.0264915   -0.0259165            0
EndNode1[0]<--->Repeater1[0]
REAL
  0.427828 -0.0331797 -0.0261422   0.396946
-0.0331797  0.0871261  0.0642558 -0.0320555
-0.0261422  0.0642558  0.0871261 -0.0437915
  0.396946 -0.0320555 -0.0437915   0.397919
IMAGINARY
           0   0.00195458 -0.000885311     0.017738
 -0.00195458            0    0.0170558   -0.0126282
 0.000885311   -0.0170558            0   -0.0167551
   -0.017738    0.0126282    0.0167551            0
EndNode2[0]<--->HoM1[0]
REAL
    0.44385 -0.00292965   0.0076484    0.397414
-0.00292965   0.0855615   0.0611727  -0.0119115
  0.0076484   0.0611727   0.0882353  0.00110261
   0.397414  -0.0119115  0.00110261    0.382353
IMAGINARY
          0  0.00790512   0.0231844   0.0232872
-0.00790512           0 -0.00016961  0.00567467
 -0.0231844  0.00016961           0  -0.0340796
 -0.0232872 -0.00567467   0.0340796           0
Repeater1[0]<--->EndNode1[0]
REAL
  0.427828 -0.0261422 -0.0331797   0.396946
-0.0261422  0.0871261  0.0642558 -0.0437915
-0.0331797  0.0642558  0.0871261 -0.0320555
  0.396946 -0.0437915 -0.0320555   0.397919
IMAGINARY
           0 -0.000885311   0.00195458     0.017738
 0.000885311            0   -0.0170558   -0.0167551
 -0.00195458    0.0170558            0   -0.0126282
   -0.017738    0.0167551    0.0126282            0
Repeater1[0]<--->HoM1[0]
REAL
    0.44385   0.0076484 -0.00292965    0.397414
  0.0076484   0.0882353   0.0611727  0.00110261
-0.00292965   0.0611727   0.0855615  -0.0119115
   0.397414  0.00110261  -0.0119115    0.382353
IMAGINARY
          0   0.0231844  0.00790512   0.0232872
 -0.0231844           0  0.00016961  -0.0340796
-0.00790512 -0.00016961           0  0.00567467
 -0.0232872   0.0340796 -0.00567467           0
EndNode1[0]<--->Repeater1[0]
REAL
  0.411765 -0.0170099  0.0200519   0.393815
-0.0170099  0.0836601  0.0589033 -0.0141417
 0.0200519  0.0589033  0.0915033  0.0158278
  0.393815 -0.0141417  0.0158278   0.413072
IMAGINARY
          0 -0.00677233    0.001265   0.0146871
 0.00677233           0    0.015339  0.00753067
  -0.001265   -0.015339           0 -0.00202334
 -0.0146871 -0.00753067  0.00202334           0
EndNode2[0]<--->HoM1[0]
REAL
 0.387228 0.0135576 0.0130668  0.392122
0.0135576 0.0883152 0.0691368 0.0111462
0.0130668 0.0691368 0.0883152 0.0154981
 0.392122 0.0111462 0.0154981  0.436141
IMAGINARY
          0  -0.0208969   0.0160265  0.00906138
  0.0208969           0   0.0096967  0.00577008
 -0.0160265  -0.0096967           0 -0.00882572
-0.00906138 -0.00577008  0.00882572           0
Repeater1[0]<--->EndNode1[0]
REAL
  0.411765  0.0200519 -0.0170099   0.393815
 0.0200519  0.0915033  0.0589033  0.0158278
-0.0170099  0.0589033  0.0836601 -0.0141417
  0.393815  0.0158278 -0.0141417   0.413072
IMAGINARY
          0    0.001265 -0.00677233   0.0146871
  -0.001265           0   -0.015339 -0.00202334
 0.00677233    0.015339           0  0.00753067
 -0.0146871  0.00202334 -0.00753067           0
Repeater1[0]<--->HoM1[0]
REAL
 0.387228 0.0130668 0.0135576  0.392122
0.0130668 0.0883152 0.0691368 0.0154981
0.0135576 0.0691368 0.0883152 0.0111462
 0.392122 0.0154981 0.0111462  0.436141
IMAGINARY
          0   0.0160265  -0.0208969  0.00906138
 -0.0160265           0  -0.0096967 -0.00882572
  0.0208969   0.0096967           0  0.00577008
-0.00906138  0.00882572 -0.00577008           0
EndNode1[0]<--->Repeater1[0]
REAL
  0.390464 0.00546459 0.00592885   0.398107
0.00546459  0.0876289  0.0663194  0.0210804
0.00592885  0.0663194    0.10567  0.0202271
  0.398107  0.0210804  0.0202271   0.416237
IMAGINARY
           0    0.0167894   -0.0010158  -0.00474026
  -0.0167894            0 -0.000348795  -0.00361996
   0.0010158  0.000348795            0  -0.00818014
  0.00474026   0.00361996   0.00818014            0
EndNode2[0]<--->HoM1[0]
REAL
   0.429504  -0.0103348 -0.00586362    0.392588
 -0.0103348   0.0861619     0.06554 -0.00522012
-0.00586362     0.06554   0.0665796  0.00417712
   0.392588 -0.00522012  0.00417712    0.417755
IMAGINARY
          0  0.00365116  -0.0126396  -0.0173422
-0.00365116           0    0.021321   0.0184913
  0.0126396   -0.021321           0  -0.0160049
  0.0173422  -0.0184913   0.0160049           0
Repeater1[0]<--->EndNode1[0]
REAL
  0.390464 0.00592885 0.00546459   0.398107
0.00592885    0.10567  0.0663194  0.0202271
0.00546459  0.0663194  0.0876289  0.0210804
  0.398107  0.0202271  0.0210804   0.416237
IMAGINARY
           0   -0.0010158    0.0167894  -0.00474026
   0.0010158            0  0.000348795  -0.00818014
  -0.0167894 -0.000348795            0  -0.00361996
  0.00474026   0.00818014   0.00361996            0
Repeater1[0]<--->HoM1[0]
REAL
   0.429504 -0.00586362  -0.0103348    0.392588
-0.00586362   0.0665796     0.06554  0.00417712
 -0.0103348     0.06554   0.0861619 -0.00522012
   0.392588  0.00417712 -0.00522012    0.417755
IMAGINARY
          0  -0.0126396  0.00365116  -0.0173422
  0.0126396           0   -0.021321  -0.0160049
-0.00365116    0.021321           0   0.0184913
  0.0173422   0.0160049  -0.0184913           0
EndNode1[0]<--->Repeater1[0]
REAL
    0.45512  -0.0115536 -0.00173526    0.400003
 -0.0115536    0.091024   0.0573063 -0.00667353
-0.00173526   0.0573063   0.0809102  0.00185118
   0.400003 -0.00667353  0.00185118    0.372946
IMAGINARY
          0  0.00190796  -0.0227171  0.00613766
-0.00190796           0  0.00157442 -0.00287587
  0.0227171 -0.00157442           0   0.0211882
-0.00613766  0.00287587  -0.0211882           0
EndNode2[0]<--->HoM1[0]
REAL
   0.424588  0.00701331  0.00440118      0.3819
 0.00701331   0.0697085   0.0887963 -0.00256967
 0.00440118   0.0887963   0.0798479 -0.00518181
     0.3819 -0.00256967 -0.00518181    0.425856
IMAGINARY
          0  0.00983703  -0.0319453  -0.0228972
-0.00983703           0 -0.00428359   0.0147039
  0.0319453  0.00428359           0 -0.00281277
  0.0228972  -0.0147039  0.00281277           0
Repeater1[0]<--->EndNode1[0]
REAL
    0.45512 -0.00173526  -0.0115536    0.400003
-0.00173526   0.0809102   0.0573063  0.00185118
 -0.0115536   0.0573063    0.091024 -0.00667353
   0.400003  0.00185118 -0.00667353    0.372946
IMAGINARY
          0  -0.0227171  0.00190796  0.00613766
  0.0227171           0 -0.00157442   0.0211882
-0.00190796  0.00157442           0 -0.00287587
-0.00613766  -0.0211882  0.00287587           0
Repeater1[0]<--->HoM1[0]
REAL
   0.424588  0.00440118  0.00701331      0.3819
 0.00440118   0.0798479   0.0887963 -0.00518181
 0.00701331   0.0887963   0.0697085 -0.00256967
     0.3819 -0.00518181 -0.00256967    0.425856
IMAGINARY
          0  -0.0319453  0.00983703  -0.0228972
  0.0319453           0  0.00428359 -0.00281277
-0.00983703 -0.00428359           0   0.0147039
  0.0228972  0.00281277  -0.0147039           0
EndNode1[0]<--->Repeater1[0]
REAL
 0.380952 0.0105146 0.0128076  0.381429
0.0105146 0.0827068 0.0819214 0.0042081
0.0128076 0.0819214 0.0952381 0.0038833
 0.381429 0.0042081 0.0038833  0.441103
IMAGINARY
           0 -0.000129095  -0.00564109    0.0169896
 0.000129095            0   0.00333555  0.000106036
  0.00564109  -0.00333555            0   0.00443414
  -0.0169896 -0.000106036  -0.00443414            0
EndNode2[0]<--->HoM1[0]
REAL
    0.416999   0.00599892  -0.00800341     0.391723
  0.00599892     0.104914    0.0758989   0.00613541
 -0.00800341    0.0758989    0.0863214 -0.000394938
    0.391723   0.00613541 -0.000394938     0.391766
IMAGINARY
          0  -0.0146066  0.00284951    0.021214
  0.0146066           0  -0.0129965   -0.002201
-0.00284951   0.0129965           0  0.00877002
  -0.021214    0.002201 -0.00877002           0
Repeater1[0]<--->EndNode1[0]
REAL
 0.380952 0.0128076 0.0105146  0.381429
0.0128076 0.0952381 0.0819214 0.0038833
0.0105146 0.0819214 0.0827068 0.0042081
 0.381429 0.0038833 0.0042081  0.441103
IMAGINARY
           0  -0.00564109 -0.000129095    0.0169896
  0.00564109            0  -0.00333555   0.00443414
 0.000129095   0.00333555            0  0.000106036
  -0.0169896  -0.00443414 -0.000106036            0
Repeater1[0]<--->HoM1[0]
REAL
    0.416999  -0.00800341   0.00599892     0.391723
 -0.00800341    0.0863214    0.0758989 -0.000394938
  0.00599892    0.0758989     0.104914   0.00613541
    0.391723 -0.000394938   0.00613541     0.391766
IMAGINARY
          0  0.00284951  -0.0146066    0.021214
-0.00284951           0   0.0129965  0.00877002
  0.0146066  -0.0129965           0   -0.002201
  -0.021214 -0.00877002    0.002201           0
EndNode1[0]<--->Repeater1[0]
REAL
    0.399474 -0.000551164  -0.00680257     0.391832
-0.000551164     0.101183     0.065587   0.00744774
 -0.00680257     0.065587    0.0932983  -0.00783593
    0.391832   0.00744774  -0.00783593     0.406045
IMAGINARY
          0 -0.00395639   -0.014977 -0.00716905
 0.00395639           0   0.0170245  0.00221878
   0.014977  -0.0170245           0 -0.00151141
 0.00716905 -0.00221878  0.00151141           0
EndNode2[0]<--->HoM1[0]
REAL
  0.442857  0.0191093  0.0290714   0.394779
 0.0191093  0.0922078  0.0633046 -0.0164966
 0.0290714  0.0633046  0.0831169 -0.0077321
  0.394779 -0.0164966 -0.0077321   0.381818
IMAGINARY
          0  0.00388675 -0.00425165  -0.0134685
-0.00388675           0 -0.00296983  0.00115376
 0.00425165  0.00296983           0  -0.0107021
  0.0134685 -0.00115376   0.0107021           0
Repeater1[0]<--->EndNode1[0]
REAL
    0.399474  -0.00680257 -0.000551164     0.391832
 -0.00680257    0.0932983     0.065587  -0.00783593
-0.000551164     0.065587     0.101183   0.00744774
    0.391832  -0.00783593   0.00744774     0.406045
IMAGINARY
          0   -0.014977 -0.00395639 -0.00716905
   0.014977           0  -0.0170245 -0.00151141
 0.00395639   0.0170245           0  0.00221878
 0.00716905  0.00151141 -0.00221878           0
Repeater1[0]<--->HoM1[0]
REAL
  0.442857  0.0290714  0.0191093   0.394779
 0.0290714  0.0831169  0.0633046 -0.0077321
 0.0191093  0.0633046  0.0922078 -0.0164966
  0.394779 -0.0077321 -0.0164966   0.381818
IMAGINARY
          0 -0.00425165  0.00388675  -0.0134685
 0.00425165           0  0.00296983  -0.0107021
-0.00388675 -0.00296983           0  0.00115376
  0.0134685   0.0107021 -0.00115376           0
EndNode1[0]<--->Repeater1[0]
REAL
    0.428755   -0.0182747  -0.00762673     0.391022
  -0.0182747     0.084724    0.0572312   -0.0214806
 -0.00762673    0.0572312     0.097561 -0.000483337
    0.391022   -0.0214806 -0.000483337      0.38896
IMAGINARY
          0 -0.00145169 -0.00762447 -0.00186404
 0.00145169           0   -0.010636 -0.00885904
 0.00762447    0.010636           0  0.00557257
 0.00186404  0.00885904 -0.00557257           0
EndNode2[0]<--->HoM1[0]
REAL
  0.422111 -0.0100101 -0.0257715   0.385811
-0.0100101  0.0753769   0.079522 0.00443814
-0.0257715   0.079522   0.089196 -0.0219899
  0.385811 0.00443814 -0.0219899   0.413317
IMAGINARY
          0 -0.00972655   -0.011074   0.0242999
 0.00972655           0  -0.0180499    0.010445
   0.011074   0.0180499           0 -0.00222314
 -0.0242999   -0.010445  0.00222314           0
Repeater1[0]<--->EndNode1[0]
REAL
    0.428755  -0.00762673   -0.0182747     0.391022
 -0.00762673     0.097561    0.0572312 -0.000483337
  -0.0182747    0.0572312     0.084724   -0.0214806
    0.391022 -0.000483337   -0.0214806      0.38896
IMAGINARY
          0 -0.00762447 -0.00145169 -0.00186404
 0.00762447           0    0.010636  0.00557257
 0.00145169   -0.010636           0 -0.00885904
 0.00186404 -0.00557257  0.00885904           0
Repeater1[0]<--->HoM1[0]
REAL
  0.422111 -0.0257715 -0.0100101   0.385811
-0.0257715   0.089196   0.079522 -0.0219899
-0.0100101   0.079522  0.0753769 0.00443814
  0.385811 -0.0219899 0.00443814   0.413317
IMAGINARY
          0   -0.011074 -0.00972655   0.0242999
   0.011074           0   0.0180499 -0.00222314
 0.00972655  -0.0180499           0    0.010445
 -0.0242999  0.00222314   -0.010445           0
EndNode1[0]<--->Repeater1[0]
REAL
    0.432895  -0.00135061    0.0147993     0.390151
 -0.00135061     0.101316     0.058917 -0.000513601
   0.0147993     0.058917    0.0789474    0.0168786
    0.390151 -0.000513601    0.0168786     0.386842
IMAGINARY
           0   0.00439425   -0.0134964   0.00504453
 -0.00439425            0  4.45293e-05    0.0147559
   0.0134964 -4.45293e-05            0    -0.020767
 -0.00504453   -0.0147559     0.020767            0
EndNode2[0]<--->HoM1[0]
REAL
   0.380704 -0.00719795  -0.0116736    0.394994
-0.00719795    0.101695   0.0719271   -0.025222
 -0.0116736   0.0719271    0.108214  -0.0195196
   0.394994   -0.025222  -0.0195196    0.409387
IMAGINARY
           0   0.00403676 -0.000709845  -0.00467857
 -0.00403676            0  -0.00657971    0.0131607
 0.000709845   0.00657971            0   -0.0073133
  0.00467857   -0.0131607    0.0073133            0
Repeater1[0]<--->EndNode1[0]
REAL
    0.432895    0.0147993  -0.00135061     0.390151
   0.0147993    0.0789474     0.058917    0.0168786
 -0.00135061     0.058917     0.101316 -0.000513601
    0.390151    0.0168786 -0.000513601     0.386842
IMAGINARY
           0   -0.0134964   0.00439425   0.00504453
   0.0134964            0 -4.45293e-05    -0.020767
 -0.00439425  4.45293e-05            0    0.0147559
 -0.00504453     0.020767   -0.0147559            0
Repeater1[0]<--->HoM1[0]
REAL
   0.380704  -0.0116736 -0.00719795    0.394994
 -0.0116736    0.108214   0.0719271  -0.0195196
-0.00719795   0.0719271    0.101695   -0.025222
   0.394994  -0.0195196   -0.025222    0.409387
IMAGINARY
           0 -0.000709845   0.00403676  -0.00467857
 0.000709845            0   0.00657971   -0.0073133
 -0.00403676  -0.00657971            0    0.0131607
  0.00467857    0.0073133   -0.0131607            0
EndNode1[0]<--->Repeater1[0]
REAL
   0.418663 0.000880658  -0.0271134    0.389548
0.000880658   0.0857503   0.0557852 -0.00355323
 -0.0271134   0.0557852    0.112232   -0.038214
   0.389548 -0.00355323   -0.038214    0.383354
IMAGINARY
           0    0.0199606   -0.0082346    0.0201278
  -0.0199606            0   0.00552927   -0.0265592
   0.0082346  -0.00552927            0  0.000657971
  -0.0201278    0.0265592 -0.000657971            0
EndNode2[0]<--->HoM1[0]
REAL
   0.389809   0.0025953  0.00267008    0.403579
  0.0025953   0.0955414   0.0660793  -0.0197371
 0.00267008   0.0660793   0.0878981 -0.00702008
   0.403579  -0.0197371 -0.00702008    0.426752
IMAGINARY
          0  0.00589684 -0.00473039 -0.00460577
-0.00589684           0  -0.0112371 -0.00276961
 0.00473039   0.0112371           0 -0.00339684
 0.00460577  0.00276961  0.00339684           0
Repeater1[0]<--->EndNode1[0]
REAL
   0.418663  -0.0271134 0.000880658    0.389548
 -0.0271134    0.112232   0.0557852   -0.038214
0.000880658   0.0557852   0.0857503 -0.00355323
   0.389548   -0.038214 -0.00355323    0.383354
IMAGINARY
           0   -0.0082346    0.0199606    0.0201278
   0.0082346            0  -0.00552927  0.000657971
  -0.0199606   0.00552927            0   -0.0265592
  -0.0201278 -0.000657971    0.0265592            0
Repeater1[0]<--->HoM1[0]
REAL
   0.389809  0.00267008   0.0025953    0.403579
 0.00267008   0.0878981   0.0660793 -0.00702008
  0.0025953   0.0660793   0.0955414  -0.0197371
   0.403579 -0.00702008  -0.0197371    0.426752
IMAGINARY
          0 -0.00473039  0.00589684 -0.00460577
 0.00473039           0   0.0112371 -0.00339684
-0.00589684  -0.0112371           0 -0.00276961
 0.00460577  0.00339684  0.00276961           0
EndNode1[0]<--->Repeater1[0]
REAL
   0.431373   0.0108942  0.00873489    0.384872
  0.0108942   0.0928105   0.0781385  -0.0138369
 0.00873489   0.0781385   0.0862745 -0.00961866
   0.384872  -0.0138369 -0.00961866    0.389542
IMAGINARY
          0  -0.0259394   -0.012879   0.0197235
  0.0259394           0  0.00540217  0.00539773
   0.012879 -0.00540217           0   0.0122236
 -0.0197235 -0.00539773  -0.0122236           0
EndNode2[0]<--->HoM1[0]
REAL
   0.432799 0.000668073  0.00403378    0.386724
0.000668073   0.0863132   0.0727701   0.0301434
 0.00403378   0.0727701   0.0764488   0.0284459
   0.386724   0.0301434   0.0284459    0.404439
IMAGINARY
           0    0.0133715   0.00669224 -0.000974046
  -0.0133715            0   -0.0101991  -0.00410826
 -0.00669224    0.0101991            0   0.00471636
 0.000974046   0.00410826  -0.00471636            0
Repeater1[0]<--->EndNode1[0]
REAL
   0.431373  0.00873489   0.0108942    0.384872
 0.00873489   0.0862745   0.0781385 -0.00961866
  0.0108942   0.0781385   0.0928105  -0.0138369
   0.384872 -0.00961866  -0.0138369    0.389542
IMAGINARY
          0   -0.012879  -0.0259394   0.0197235
   0.012879           0 -0.00540217   0.0122236
  0.0259394  0.00540217           0  0.00539773
 -0.0197235  -0.0122236 -0.00539773           0
Repeater1[0]<--->HoM1[0]
REAL
   0.432799  0.00403378 0.000668073    0.386724
 0.00403378   0.0764488   0.0727701   0.0284459
0.000668073   0.0727701   0.0863132   0.0301434
   0.386724   0.0284459   0.0301434    0.404439
IMAGINARY
           0   0.00669224    0.0133715 -0.000974046
 -0.00669224            0    0.0101991   0.00471636
  -0.0133715   -0.0101991            0  -0.00410826
 0.000974046  -0.00471636   0.00410826            0
