EndNode1[0]<--->Repeater1[0]
REAL
   0.237569 -0.00281836 -0.00118991  0.00677982
-0.00281836    0.233425   0.0249275    0.010946
-0.00118991   0.0249275    0.225138  -0.0118158
 0.00677982    0.010946  -0.0118158    0.303867
IMAGINARY
          0   0.0125078  -0.0101973   0.0144145
 -0.0125078           0    -0.00895  0.00456524
  0.0101973     0.00895           0   0.0156524
 -0.0144145 -0.00456524  -0.0156524           0
EndNode2[0]<--->HoM1[0]
REAL
   0.246736  0.00360346  -0.0159173  0.00441243
 0.00360346    0.259791 0.000138931 -0.00293834
 -0.0159173 0.000138931    0.236292 -0.00555405
 0.00441243 -0.00293834 -0.00555405     0.25718
IMAGINARY
           0   -0.0184519    0.0184363    0.0163945
   0.0184519            0  0.000134382   0.00659421
  -0.0184363 -0.000134382            0    0.0105154
  -0.0163945  -0.00659421   -0.0105154            0
Repeater1[0]<--->EndNode1[0]
REAL
   0.237569 -0.00118991 -0.00281836  0.00677982
-0.00118991    0.225138   0.0249275  -0.0118158
-0.00281836   0.0249275    0.233425    0.010946
 0.00677982  -0.0118158    0.010946    0.303867
IMAGINARY
          0  -0.0101973   0.0125078   0.0144145
  0.0101973           0     0.00895   0.0156524
 -0.0125078    -0.00895           0  0.00456524
 -0.0144145  -0.0156524 -0.00456524           0
Repeater1[0]<--->HoM1[0]
REAL
   0.246736  -0.0159173  0.00360346  0.00441243
 -0.0159173    0.236292 0.000138931 -0.00555405
 0.00360346 0.000138931    0.259791 -0.00293834
 0.00441243 -0.00555405 -0.00293834     0.25718
IMAGINARY
           0    0.0184363   -0.0184519    0.0163945
  -0.0184363            0 -0.000134382    0.0105154
   0.0184519  0.000134382            0   0.00659421
  -0.0163945   -0.0105154  -0.00659421            0
EndNode1[0]<--->Repeater1[0]
REAL
   0.253521  -0.0100086 -0.00555631   0.0139087
 -0.0100086    0.227913 -0.00222036   0.0133485
-0.00555631 -0.00222036    0.247119  0.00221637
  0.0139087   0.0133485  0.00221637    0.271447
IMAGINARY
          0 -0.00850695  -0.0151563  0.00393877
 0.00850695           0 -0.00734941  -0.0229082
  0.0151563  0.00734941           0  0.00657146
-0.00393877   0.0229082 -0.00657146           0
EndNode2[0]<--->HoM1[0]
REAL
    0.243137 -2.44628e-05   0.00880026    0.0103146
-2.44628e-05     0.220915    0.0179873    0.0106966
  0.00880026    0.0179873     0.258824   -0.0194724
   0.0103146    0.0106966   -0.0194724     0.277124
IMAGINARY
          0  -0.0024867  -0.0223988  -0.0088369
  0.0024867           0  -0.0061631  0.00449603
  0.0223988   0.0061631           0 -0.00390716
  0.0088369 -0.00449603  0.00390716           0
Repeater1[0]<--->EndNode1[0]
REAL
   0.253521 -0.00555631  -0.0100086   0.0139087
-0.00555631    0.247119 -0.00222036  0.00221637
 -0.0100086 -0.00222036    0.227913   0.0133485
  0.0139087  0.00221637   0.0133485    0.271447
IMAGINARY
          0  -0.0151563 -0.00850695  0.00393877
  0.0151563           0  0.00734941  0.00657146
 0.00850695 -0.00734941           0  -0.0229082
-0.00393877 -0.00657146   0.0229082           0
Repeater1[0]<--->HoM1[0]
REAL
    0.243137   0.00880026 -2.44628e-05    0.0103146
  0.00880026     0.258824    0.0179873   -0.0194724
-2.44628e-05    0.0179873     0.220915    0.0106966
   0.0103146   -0.0194724    0.0106966     0.277124
IMAGINARY
          0  -0.0223988  -0.0024867  -0.0088369
  0.0223988           0   0.0061631 -0.00390716
  0.0024867  -0.0061631           0  0.00449603
  0.0088369  0.00390716 -0.00449603           0
EndNode1[0]<--->Repeater1[0]
REAL
   0.283767  0.00711747  0.00094377   0.0056445
 0.00711747    0.237918   0.0332224 -0.00423758
 0.00094377   0.0332224    0.229244 0.000128906
  0.0056445 -0.00423758 0.000128906    0.249071
IMAGINARY
          0 -0.00537463  0.00379489  0.00854711
 0.00537463           0   0.0022534  -0.0169843
-0.00379489  -0.0022534           0  0.00177751
-0.00854711   0.0169843 -0.00177751           0
EndNode2[0]<--->HoM1[0]
REAL
   0.269663   0.0114443  -0.0118246   0.0283325
  0.0114443    0.225968 -0.00299913   0.0144912
 -0.0118246 -0.00299913    0.229713 -0.00611097
  0.0283325   0.0144912 -0.00611097    0.274657
IMAGINARY
          0  -0.0016373   0.0217282    0.010134
  0.0016373           0  0.00497936  -0.0138953
 -0.0217282 -0.00497936           0 -0.00227915
  -0.010134   0.0138953  0.00227915           0
Repeater1[0]<--->EndNode1[0]
REAL
   0.283767  0.00094377  0.00711747   0.0056445
 0.00094377    0.229244   0.0332224 0.000128906
 0.00711747   0.0332224    0.237918 -0.00423758
  0.0056445 0.000128906 -0.00423758    0.249071
IMAGINARY
          0  0.00379489 -0.00537463  0.00854711
-0.00379489           0  -0.0022534  0.00177751
 0.00537463   0.0022534           0  -0.0169843
-0.00854711 -0.00177751   0.0169843           0
Repeater1[0]<--->HoM1[0]
REAL
   0.269663  -0.0118246   0.0114443   0.0283325
 -0.0118246    0.229713 -0.00299913 -0.00611097
  0.0114443 -0.00299913    0.225968   0.0144912
  0.0283325 -0.00611097   0.0144912    0.274657
IMAGINARY
          0   0.0217282  -0.0016373    0.010134
 -0.0217282           0 -0.00497936 -0.00227915
  0.0016373  0.00497936           0  -0.0138953
  -0.010134  0.00227915   0.0138953           0
