EndNode1[0]<--->Repeater1[0]
REAL
   0.420103   -0.015491  -0.0174063    0.344182
  -0.015491    0.121134   0.0765579 -0.00967431
 -0.0174063   0.0765579    0.114691  -0.0142316
   0.344182 -0.00967431  -0.0142316    0.344072
IMAGINARY
           0  -0.00684739   -0.0150346  -0.00412374
  0.00684739            0 -0.000392393   0.00720172
   0.0150346  0.000392393            0   -0.0166513
  0.00412374  -0.00720172    0.0166513            0
EndNode2[0]<--->HoM1[0]
REAL
   0.384615  0.00027059  0.00740026    0.374052
 0.00027059         0.1   0.0716274 -0.00740026
 0.00740026   0.0716274    0.111538 -0.00520886
   0.374052 -0.00740026 -0.00520886    0.403846
IMAGINARY
          0   0.0109788  0.00791696   0.0110032
 -0.0109788           0  0.00504297  -0.0327654
-0.00791696 -0.00504297           0   0.0199302
 -0.0110032   0.0327654  -0.0199302           0
Repeater1[0]<--->EndNode1[0]
REAL
   0.420103  -0.0174063   -0.015491    0.344182
 -0.0174063    0.114691   0.0765579  -0.0142316
  -0.015491   0.0765579    0.121134 -0.00967431
   0.344182  -0.0142316 -0.00967431    0.344072
IMAGINARY
           0   -0.0150346  -0.00684739  -0.00412374
   0.0150346            0  0.000392393   -0.0166513
  0.00684739 -0.000392393            0   0.00720172
  0.00412374    0.0166513  -0.00720172            0
Repeater1[0]<--->HoM1[0]
REAL
   0.384615  0.00740026  0.00027059    0.374052
 0.00740026    0.111538   0.0716274 -0.00520886
 0.00027059   0.0716274         0.1 -0.00740026
   0.374052 -0.00520886 -0.00740026    0.403846
IMAGINARY
          0  0.00791696   0.0109788   0.0110032
-0.00791696           0 -0.00504297   0.0199302
 -0.0109788  0.00504297           0  -0.0327654
 -0.0110032  -0.0199302   0.0327654           0
EndNode1[0]<--->Repeater1[0]
REAL
   0.435013 -0.00862035 -0.00628282    0.358062
-0.00862035    0.111406   0.0690211   0.0153974
-0.00628282   0.0690211    0.102122  0.00731826
   0.358062   0.0153974  0.00731826    0.351459
IMAGINARY
          0   0.0027522  -0.0115726   0.0226754
 -0.0027522           0  -0.0182281  0.00746297
  0.0115726   0.0182281           0 -0.00960151
 -0.0226754 -0.00746297  0.00960151           0
EndNode2[0]<--->HoM1[0]
REAL
   0.413181 -0.00516465  0.00994527    0.362705
-0.00516465   0.0925222   0.0843918  -0.0183324
 0.00994527   0.0843918    0.103929 -0.00451276
   0.362705  -0.0183324 -0.00451276    0.390368
IMAGINARY
           0  0.000787464    0.0248271   -0.0185823
-0.000787464            0   0.00638721   -0.0043452
  -0.0248271  -0.00638721            0   -0.0116308
   0.0185823    0.0043452    0.0116308            0
Repeater1[0]<--->EndNode1[0]
REAL
   0.435013 -0.00628282 -0.00862035    0.358062
-0.00628282    0.102122   0.0690211  0.00731826
-0.00862035   0.0690211    0.111406   0.0153974
   0.358062  0.00731826   0.0153974    0.351459
IMAGINARY
          0  -0.0115726   0.0027522   0.0226754
  0.0115726           0   0.0182281 -0.00960151
 -0.0027522  -0.0182281           0  0.00746297
 -0.0226754  0.00960151 -0.00746297           0
Repeater1[0]<--->HoM1[0]
REAL
   0.413181  0.00994527 -0.00516465    0.362705
 0.00994527    0.103929   0.0843918 -0.00451276
-0.00516465   0.0843918   0.0925222  -0.0183324
   0.362705 -0.00451276  -0.0183324    0.390368
IMAGINARY
           0    0.0248271  0.000787464   -0.0185823
  -0.0248271            0  -0.00638721   -0.0116308
-0.000787464   0.00638721            0   -0.0043452
   0.0185823    0.0116308    0.0043452            0
EndNode1[0]<--->Repeater1[0]
REAL
   0.412214   0.0112768  0.00823022    0.338036
  0.0112768    0.114504   0.0718975 -0.00624346
 0.00823022   0.0718975    0.118321  0.00660395
   0.338036 -0.00624346  0.00660395    0.354962
IMAGINARY
          0 -0.00787555 -0.00407388   0.0226803
 0.00787555           0  0.00459244  -0.0160236
 0.00407388 -0.00459244           0  0.00604851
 -0.0226803   0.0160236 -0.00604851           0
EndNode2[0]<--->HoM1[0]
REAL
  0.385806 -0.0109823 -0.0221398   0.375073
-0.0109823   0.104516   0.072424 0.00931933
-0.0221398   0.072424   0.103226 -0.0128273
  0.375073 0.00931933 -0.0128273   0.406452
IMAGINARY
          0   0.0128027    0.017624 -0.00990654
 -0.0128027           0   0.0178013  0.00158126
  -0.017624  -0.0178013           0 -0.00684243
 0.00990654 -0.00158126  0.00684243           0
Repeater1[0]<--->EndNode1[0]
REAL
   0.412214  0.00823022   0.0112768    0.338036
 0.00823022    0.118321   0.0718975  0.00660395
  0.0112768   0.0718975    0.114504 -0.00624346
   0.338036  0.00660395 -0.00624346    0.354962
IMAGINARY
          0 -0.00407388 -0.00787555   0.0226803
 0.00407388           0 -0.00459244  0.00604851
 0.00787555  0.00459244           0  -0.0160236
 -0.0226803 -0.00604851   0.0160236           0
Repeater1[0]<--->HoM1[0]
REAL
  0.385806 -0.0221398 -0.0109823   0.375073
-0.0221398   0.103226   0.072424 -0.0128273
-0.0109823   0.072424   0.104516 0.00931933
  0.375073 -0.0128273 0.00931933   0.406452
IMAGINARY
          0    0.017624   0.0128027 -0.00990654
  -0.017624           0  -0.0178013 -0.00684243
 -0.0128027   0.0178013           0  0.00158126
 0.00990654  0.00684243 -0.00158126           0
EndNode1[0]<--->Repeater1[0]
REAL
    0.421341 -0.000975198   0.00539802     0.355653
-0.000975198     0.101231    0.0668177   0.00971368
  0.00539802    0.0668177     0.119015    0.0147728
    0.355653   0.00971368    0.0147728     0.358413
IMAGINARY
           0  -0.00182039 -0.000391192   0.00991955
  0.00182039            0  -0.00616955    0.0137407
 0.000391192   0.00616955            0  -0.00182039
 -0.00991955   -0.0137407   0.00182039            0
EndNode2[0]<--->HoM1[0]
REAL
  0.426783 -0.0186375 -0.0269602   0.366071
-0.0186375  0.0801001  0.0915122 -0.0141709
-0.0269602  0.0915122   0.097622 -0.0186375
  0.366071 -0.0141709 -0.0186375   0.395494
IMAGINARY
          0  -0.0154828  -0.0092225  0.00579441
  0.0154828           0 -0.00197761  0.00544416
  0.0092225  0.00197761           0 -0.00214945
-0.00579441 -0.00544416  0.00214945           0
Repeater1[0]<--->EndNode1[0]
REAL
    0.421341   0.00539802 -0.000975198     0.355653
  0.00539802     0.119015    0.0668177    0.0147728
-0.000975198    0.0668177     0.101231   0.00971368
    0.355653    0.0147728   0.00971368     0.358413
IMAGINARY
           0 -0.000391192  -0.00182039   0.00991955
 0.000391192            0   0.00616955  -0.00182039
  0.00182039  -0.00616955            0    0.0137407
 -0.00991955   0.00182039   -0.0137407            0
Repeater1[0]<--->HoM1[0]
REAL
  0.426783 -0.0269602 -0.0186375   0.366071
-0.0269602   0.097622  0.0915122 -0.0186375
-0.0186375  0.0915122  0.0801001 -0.0141709
  0.366071 -0.0186375 -0.0141709   0.395494
IMAGINARY
          0  -0.0092225  -0.0154828  0.00579441
  0.0092225           0  0.00197761 -0.00214945
  0.0154828 -0.00197761           0  0.00544416
-0.00579441  0.00214945 -0.00544416           0
