EndNode1[0]<--->Repeater1[0]
REAL
   0.490222 -0.00825477  0.00247417    0.214818
-0.00825477    0.126467 -0.00922186  0.00117547
 0.00247417 -0.00922186    0.134289   0.0240699
   0.214818  0.00117547   0.0240699    0.249022
IMAGINARY
          0 -0.00665614 -0.00644975  0.00235809
 0.00665614           0   0.0233772   0.0100059
 0.00644975  -0.0233772           0  0.00309995
-0.00235809  -0.0100059 -0.00309995           0
EndNode2[0]<--->HoM1[0]
REAL
    0.488947    0.0126871   0.00356506     0.308644
   0.0126871    0.0988296   0.00426796 -0.000271255
  0.00356506   0.00426796    0.0858257  -0.00148816
    0.308644 -0.000271255  -0.00148816     0.326398
IMAGINARY
          0    0.023352  -0.0049926 -0.00811882
  -0.023352           0  -0.0140166   0.0107841
  0.0049926   0.0140166           0  -0.0188475
 0.00811882  -0.0107841   0.0188475           0
Repeater1[0]<--->EndNode1[0]
REAL
   0.490222  0.00247417 -0.00825477    0.214818
 0.00247417    0.134289 -0.00922186   0.0240699
-0.00825477 -0.00922186    0.126467  0.00117547
   0.214818   0.0240699  0.00117547    0.249022
IMAGINARY
          0 -0.00644975 -0.00665614  0.00235809
 0.00644975           0  -0.0233772  0.00309995
 0.00665614   0.0233772           0   0.0100059
-0.00235809 -0.00309995  -0.0100059           0
Repeater1[0]<--->HoM1[0]
REAL
    0.488947   0.00356506    0.0126871     0.308644
  0.00356506    0.0858257   0.00426796  -0.00148816
   0.0126871   0.00426796    0.0988296 -0.000271255
    0.308644  -0.00148816 -0.000271255     0.326398
IMAGINARY
          0  -0.0049926    0.023352 -0.00811882
  0.0049926           0   0.0140166  -0.0188475
  -0.023352  -0.0140166           0   0.0107841
 0.00811882   0.0188475  -0.0107841           0
EndNode1[0]<--->Repeater1[0]
REAL
   0.526248   0.0102089  0.00199819    0.231762
  0.0102089    0.112676   0.0156334 -0.00850861
 0.00199819   0.0156334    0.135723 -0.00369843
   0.231762 -0.00850861 -0.00369843    0.225352
IMAGINARY
          0    0.007778 -0.00257981   0.0462764
  -0.007778           0   0.0098526 -0.00193631
 0.00257981  -0.0098526           0  0.00964135
 -0.0462764  0.00193631 -0.00964135           0
EndNode2[0]<--->HoM1[0]
REAL
   0.525239 -0.00143896  -0.0132733    0.313299
-0.00143896   0.0914052 0.000502937    0.024992
 -0.0132733 0.000502937   0.0682128  0.00664729
   0.313299    0.024992  0.00664729    0.315143
IMAGINARY
          0  -0.0116599 -0.00289385 -0.00342025
  0.0116599           0   0.0120836   0.0206664
 0.00289385  -0.0120836           0  -0.0250699
 0.00342025  -0.0206664   0.0250699           0
Repeater1[0]<--->EndNode1[0]
REAL
   0.526248  0.00199819   0.0102089    0.231762
 0.00199819    0.135723   0.0156334 -0.00369843
  0.0102089   0.0156334    0.112676 -0.00850861
   0.231762 -0.00369843 -0.00850861    0.225352
IMAGINARY
          0 -0.00257981    0.007778   0.0462764
 0.00257981           0  -0.0098526  0.00964135
  -0.007778   0.0098526           0 -0.00193631
 -0.0462764 -0.00964135  0.00193631           0
Repeater1[0]<--->HoM1[0]
REAL
   0.525239  -0.0132733 -0.00143896    0.313299
 -0.0132733   0.0682128 0.000502937  0.00664729
-0.00143896 0.000502937   0.0914052    0.024992
   0.313299  0.00664729    0.024992    0.315143
IMAGINARY
          0 -0.00289385  -0.0116599 -0.00342025
 0.00289385           0  -0.0120836  -0.0250699
  0.0116599   0.0120836           0   0.0206664
 0.00342025   0.0250699  -0.0206664           0
EndNode1[0]<--->Repeater1[0]
REAL
   0.500606  -0.0228257  0.00912126    0.216572
 -0.0228257    0.129697 -0.00300444 -0.00535242
 0.00912126 -0.00300444    0.133333   0.0165443
   0.216572 -0.00535242   0.0165443    0.236364
IMAGINARY
          0  -0.0216754  0.00170645  -0.0105311
  0.0216754           0 -0.00228938  -0.0122885
-0.00170645  0.00228938           0 -0.00742511
  0.0105311   0.0122885  0.00742511           0
EndNode2[0]<--->HoM1[0]
REAL
   0.504528 -0.00577727   0.0163716    0.312709
-0.00577727   0.0918499 0.000288281 -0.00310896
  0.0163716 0.000288281   0.0944373  0.00179849
   0.312709 -0.00310896  0.00179849    0.309185
IMAGINARY
           0    0.0028694  -0.00886459  -0.00543405
  -0.0028694            0 -0.000212121   -0.0095131
  0.00886459  0.000212121            0   -0.0250494
  0.00543405    0.0095131    0.0250494            0
Repeater1[0]<--->EndNode1[0]
REAL
   0.500606  0.00912126  -0.0228257    0.216572
 0.00912126    0.133333 -0.00300444   0.0165443
 -0.0228257 -0.00300444    0.129697 -0.00535242
   0.216572   0.0165443 -0.00535242    0.236364
IMAGINARY
          0  0.00170645  -0.0216754  -0.0105311
-0.00170645           0  0.00228938 -0.00742511
  0.0216754 -0.00228938           0  -0.0122885
  0.0105311  0.00742511   0.0122885           0
Repeater1[0]<--->HoM1[0]
REAL
   0.504528   0.0163716 -0.00577727    0.312709
  0.0163716   0.0944373 0.000288281  0.00179849
-0.00577727 0.000288281   0.0918499 -0.00310896
   0.312709  0.00179849 -0.00310896    0.309185
IMAGINARY
           0  -0.00886459    0.0028694  -0.00543405
  0.00886459            0  0.000212121   -0.0250494
  -0.0028694 -0.000212121            0   -0.0095131
  0.00543405    0.0250494    0.0095131            0
EndNode1[0]<--->Repeater1[0]
REAL
     0.5401   0.0270533  0.00596438    0.229381
  0.0270533   0.0977444 2.77556e-17   0.0120769
 0.00596438 2.77556e-17    0.122807  0.00387451
   0.229381   0.0120769  0.00387451    0.239348
IMAGINARY
          0  0.00905613 -0.00966495  0.00318272
-0.00905613           0  -0.0249219 -0.00966495
 0.00966495   0.0249219           0  0.00511912
-0.00318272  0.00966495 -0.00511912           0
EndNode2[0]<--->HoM1[0]
REAL
    0.502519   -0.0304805  -0.00663907     0.315453
  -0.0304805    0.0780856 -0.000131469   -0.0159327
 -0.00663907 -0.000131469    0.0806045    -0.042707
    0.315453   -0.0159327    -0.042707     0.338791
IMAGINARY
          0  -0.0236798  -0.0109859 -0.00823558
  0.0236798           0 -0.00953092   0.0317651
  0.0109859  0.00953092           0  0.00549795
 0.00823558  -0.0317651 -0.00549795           0
Repeater1[0]<--->EndNode1[0]
REAL
     0.5401  0.00596438   0.0270533    0.229381
 0.00596438    0.122807 2.77556e-17  0.00387451
  0.0270533 2.77556e-17   0.0977444   0.0120769
   0.229381  0.00387451   0.0120769    0.239348
IMAGINARY
          0 -0.00966495  0.00905613  0.00318272
 0.00966495           0   0.0249219  0.00511912
-0.00905613  -0.0249219           0 -0.00966495
-0.00318272 -0.00511912  0.00966495           0
Repeater1[0]<--->HoM1[0]
REAL
    0.502519  -0.00663907   -0.0304805     0.315453
 -0.00663907    0.0806045 -0.000131469    -0.042707
  -0.0304805 -0.000131469    0.0780856   -0.0159327
    0.315453    -0.042707   -0.0159327     0.338791
IMAGINARY
          0  -0.0109859  -0.0236798 -0.00823558
  0.0109859           0  0.00953092  0.00549795
  0.0236798 -0.00953092           0   0.0317651
 0.00823558 -0.00549795  -0.0317651           0
EndNode1[0]<--->Repeater1[0]
REAL
   0.555703   0.0146209   0.0155315     0.23269
  0.0146209    0.114058 -0.00967349   0.0280315
  0.0155315 -0.00967349     0.11008  0.00163393
    0.23269   0.0280315  0.00163393    0.220159
IMAGINARY
          0  0.00808304 -0.00324027 -0.00770671
-0.00808304           0  -0.0135433  -0.0213281
 0.00324027   0.0135433           0   0.0111733
 0.00770671   0.0213281  -0.0111733           0
EndNode2[0]<--->HoM1[0]
REAL
   0.514512 -0.00638927   0.0116041    0.304804
-0.00638927   0.0751979  -0.0167674  0.00204998
  0.0116041  -0.0167674   0.0686016   0.0109406
   0.304804  0.00204998   0.0109406    0.341689
IMAGINARY
          0   0.0234927 -0.00801965 -0.00610647
 -0.0234927           0  0.00935745   0.0033592
 0.00801965 -0.00935745           0  -0.0161692
 0.00610647  -0.0033592   0.0161692           0
Repeater1[0]<--->EndNode1[0]
REAL
   0.555703   0.0155315   0.0146209     0.23269
  0.0155315     0.11008 -0.00967349  0.00163393
  0.0146209 -0.00967349    0.114058   0.0280315
    0.23269  0.00163393   0.0280315    0.220159
IMAGINARY
          0 -0.00324027  0.00808304 -0.00770671
 0.00324027           0   0.0135433   0.0111733
-0.00808304  -0.0135433           0  -0.0213281
 0.00770671  -0.0111733   0.0213281           0
Repeater1[0]<--->HoM1[0]
REAL
   0.514512   0.0116041 -0.00638927    0.304804
  0.0116041   0.0686016  -0.0167674   0.0109406
-0.00638927  -0.0167674   0.0751979  0.00204998
   0.304804   0.0109406  0.00204998    0.341689
IMAGINARY
          0 -0.00801965   0.0234927 -0.00610647
 0.00801965           0 -0.00935745  -0.0161692
 -0.0234927  0.00935745           0   0.0033592
 0.00610647   0.0161692  -0.0033592           0
EndNode1[0]<--->Repeater1[0]
REAL
   0.552737 -0.00655376  0.00556309    0.232058
-0.00655376    0.125501  -0.0233564   0.0114609
 0.00556309  -0.0233564     0.11215  -0.0104702
   0.232058   0.0114609  -0.0104702    0.209613
IMAGINARY
          0 -0.00159526  -0.0104971  -0.0163216
 0.00159526           0 -0.00935076  -0.0117958
  0.0104971  0.00935076           0    0.026436
  0.0163216   0.0117958   -0.026436           0
EndNode2[0]<--->HoM1[0]
REAL
  0.488189  0.0090549  0.0168375   0.338564
 0.0090549  0.0879265  0.0114362 0.00553094
 0.0168375  0.0114362  0.0958005  0.0238398
  0.338564 0.00553094  0.0238398   0.328084
IMAGINARY
           0 -0.000165809     -0.01686   -0.0034316
 0.000165809            0    -0.021444    0.0328174
     0.01686     0.021444            0  -0.00515334
   0.0034316   -0.0328174   0.00515334            0
Repeater1[0]<--->EndNode1[0]
REAL
   0.552737  0.00556309 -0.00655376    0.232058
 0.00556309     0.11215  -0.0233564  -0.0104702
-0.00655376  -0.0233564    0.125501   0.0114609
   0.232058  -0.0104702   0.0114609    0.209613
IMAGINARY
          0  -0.0104971 -0.00159526  -0.0163216
  0.0104971           0  0.00935076    0.026436
 0.00159526 -0.00935076           0  -0.0117958
  0.0163216   -0.026436   0.0117958           0
Repeater1[0]<--->HoM1[0]
REAL
  0.488189  0.0168375  0.0090549   0.338564
 0.0168375  0.0958005  0.0114362  0.0238398
 0.0090549  0.0114362  0.0879265 0.00553094
  0.338564  0.0238398 0.00553094   0.328084
IMAGINARY
           0     -0.01686 -0.000165809   -0.0034316
     0.01686            0     0.021444  -0.00515334
 0.000165809    -0.021444            0    0.0328174
   0.0034316   0.00515334   -0.0328174            0
EndNode1[0]<--->Repeater1[0]
REAL
  0.520305 0.00879849 0.00470779   0.216966
0.00879849   0.120558 0.00770924  0.0225649
0.00470779 0.00770924    0.13198 0.00548723
  0.216966  0.0225649 0.00548723   0.227157
IMAGINARY
          0  -0.0198827  0.00228331  0.00674376
  0.0198827           0  0.00866931  0.00488748
-0.00228331 -0.00866931           0  -0.0198827
-0.00674376 -0.00488748   0.0198827           0
EndNode2[0]<--->HoM1[0]
REAL
    0.513109  6.59641e-05     0.011902     0.313373
 6.59641e-05    0.0861423   0.00744347 -0.000703048
    0.011902   0.00744347    0.0811486  -0.00994739
    0.313373 -0.000703048  -0.00994739       0.3196
IMAGINARY
          0  -0.0076389  0.00555211  0.00268421
  0.0076389           0  0.00531579 -0.00285669
-0.00555211 -0.00531579           0 -0.00583818
-0.00268421  0.00285669  0.00583818           0
Repeater1[0]<--->EndNode1[0]
REAL
  0.520305 0.00470779 0.00879849   0.216966
0.00470779    0.13198 0.00770924 0.00548723
0.00879849 0.00770924   0.120558  0.0225649
  0.216966 0.00548723  0.0225649   0.227157
IMAGINARY
          0  0.00228331  -0.0198827  0.00674376
-0.00228331           0 -0.00866931  -0.0198827
  0.0198827  0.00866931           0  0.00488748
-0.00674376   0.0198827 -0.00488748           0
Repeater1[0]<--->HoM1[0]
REAL
    0.513109     0.011902  6.59641e-05     0.313373
    0.011902    0.0811486   0.00744347  -0.00994739
 6.59641e-05   0.00744347    0.0861423 -0.000703048
    0.313373  -0.00994739 -0.000703048       0.3196
IMAGINARY
          0  0.00555211  -0.0076389  0.00268421
-0.00555211           0 -0.00531579 -0.00583818
  0.0076389  0.00531579           0 -0.00285669
-0.00268421  0.00583818  0.00285669           0
