EndNode1[0]<--->Repeater1[0]
REAL
  0.245333 0.00546737 0.00436971   0.239046
0.00546737   0.250667   0.260954  0.0115033
0.00436971   0.260954   0.253333  0.0104056
  0.239046  0.0115033  0.0104056   0.250667
IMAGINARY
          0  0.00795211  0.00799364 -0.00275699
-0.00795211           0   0.0163757 -0.00541632
-0.00799364  -0.0163757           0  0.00106851
 0.00275699  0.00541632 -0.00106851           0
EndNode2[0]<--->HoM1[0]
REAL
   0.252632  0.00659347 -0.00392478    0.237107
 0.00659347    0.247368    0.262893  0.00770312
-0.00392478    0.262893    0.230263 -0.00281513
   0.237107  0.00770312 -0.00281513    0.269737
IMAGINARY
          0  -0.0100645  0.00189574   0.0182484
  0.0100645           0  0.00476954  0.00124891
-0.00189574 -0.00476954           0  -0.0106902
 -0.0182484 -0.00124891   0.0106902           0
Repeater1[0]<--->EndNode1[0]
REAL
  0.245333 0.00436971 0.00546737   0.239046
0.00436971   0.253333   0.260954  0.0104056
0.00546737   0.260954   0.250667  0.0115033
  0.239046  0.0104056  0.0115033   0.250667
IMAGINARY
          0  0.00799364  0.00795211 -0.00275699
-0.00799364           0  -0.0163757  0.00106851
-0.00795211   0.0163757           0 -0.00541632
 0.00275699 -0.00106851  0.00541632           0
Repeater1[0]<--->HoM1[0]
REAL
   0.252632 -0.00392478  0.00659347    0.237107
-0.00392478    0.230263    0.262893 -0.00281513
 0.00659347    0.262893    0.247368  0.00770312
   0.237107 -0.00281513  0.00770312    0.269737
IMAGINARY
          0  0.00189574  -0.0100645   0.0182484
-0.00189574           0 -0.00476954  -0.0106902
  0.0100645  0.00476954           0  0.00124891
 -0.0182484   0.0106902 -0.00124891           0
