EndNode1[0]<--->Repeater1[0]
REAL
   0.308271  0.00858754 0.000265608   0.0220683
 0.00858754    0.186717   0.0140683   0.0109039
0.000265608   0.0140683    0.199248   0.0117804
  0.0220683   0.0109039   0.0117804    0.305764
IMAGINARY
          0 -0.00474935  0.00607101 -0.00397846
 0.00474935           0  0.00600823  0.00192899
-0.00607101 -0.00600823           0 -0.00991731
 0.00397846 -0.00192899  0.00991731           0
EndNode2[0]<--->HoM1[0]
REAL
   0.333789  0.00435323 0.000140837   0.0304046
 0.00435323    0.170999  -0.0129916  -0.0100911
0.000140837  -0.0129916    0.186047  -0.0118159
  0.0304046  -0.0100911  -0.0118159    0.309166
IMAGINARY
          0  -0.0091195  0.00450139   0.0165326
  0.0091195           0  -0.0146362   0.0225426
-0.00450139   0.0146362           0  -0.0091195
 -0.0165326  -0.0225426   0.0091195           0
Repeater1[0]<--->EndNode1[0]
REAL
   0.308271 0.000265608  0.00858754   0.0220683
0.000265608    0.199248   0.0140683   0.0117804
 0.00858754   0.0140683    0.186717   0.0109039
  0.0220683   0.0117804   0.0109039    0.305764
IMAGINARY
          0  0.00607101 -0.00474935 -0.00397846
-0.00607101           0 -0.00600823 -0.00991731
 0.00474935  0.00600823           0  0.00192899
 0.00397846  0.00991731 -0.00192899           0
Repeater1[0]<--->HoM1[0]
REAL
   0.333789 0.000140837  0.00435323   0.0304046
0.000140837    0.186047  -0.0129916  -0.0118159
 0.00435323  -0.0129916    0.170999  -0.0100911
  0.0304046  -0.0118159  -0.0100911    0.309166
IMAGINARY
          0  0.00450139  -0.0091195   0.0165326
-0.00450139           0   0.0146362  -0.0091195
  0.0091195  -0.0146362           0   0.0225426
 -0.0165326   0.0091195  -0.0225426           0
EndNode1[0]<--->Repeater1[0]
REAL
  0.310513 -0.0215193 -0.0145801 0.00882968
-0.0215193   0.176039  0.0208095 0.00942542
-0.0145801  0.0208095   0.206601  0.0124987
0.00882968 0.00942542  0.0124987   0.306846
IMAGINARY
           0   0.00705527   -0.0171547   0.00796472
 -0.00705527            0   -0.0176923  0.000130786
   0.0171547    0.0176923            0    0.0150128
 -0.00796472 -0.000130786   -0.0150128            0
EndNode2[0]<--->HoM1[0]
REAL
   0.292653 -0.00601367  0.00496509   0.0301212
-0.00601367    0.184309 -0.00436159   0.0221155
 0.00496509 -0.00436159    0.193026  0.00271116
  0.0301212   0.0221155  0.00271116    0.330012
IMAGINARY
          0   0.0130991   0.0219665   0.0213893
 -0.0130991           0 -0.00853586  0.00512711
 -0.0219665  0.00853586           0   0.0189206
 -0.0213893 -0.00512711  -0.0189206           0
Repeater1[0]<--->EndNode1[0]
REAL
  0.310513 -0.0145801 -0.0215193 0.00882968
-0.0145801   0.206601  0.0208095  0.0124987
-0.0215193  0.0208095   0.176039 0.00942542
0.00882968  0.0124987 0.00942542   0.306846
IMAGINARY
           0   -0.0171547   0.00705527   0.00796472
   0.0171547            0    0.0176923    0.0150128
 -0.00705527   -0.0176923            0  0.000130786
 -0.00796472   -0.0150128 -0.000130786            0
Repeater1[0]<--->HoM1[0]
REAL
   0.292653  0.00496509 -0.00601367   0.0301212
 0.00496509    0.193026 -0.00436159  0.00271116
-0.00601367 -0.00436159    0.184309   0.0221155
  0.0301212  0.00271116   0.0221155    0.330012
IMAGINARY
          0   0.0219665   0.0130991   0.0213893
 -0.0219665           0  0.00853586   0.0189206
 -0.0130991 -0.00853586           0  0.00512711
 -0.0213893  -0.0189206 -0.00512711           0
EndNode1[0]<--->Repeater1[0]
REAL
   0.290909   0.0127628 -0.00289808   0.0224572
  0.0127628    0.185714  0.00940236   0.0113506
-0.00289808  0.00940236    0.211688  0.00349209
  0.0224572   0.0113506  0.00349209    0.311688
IMAGINARY
           0   -5.034e-05   0.00714642 -0.000939442
   5.034e-05            0   0.00708195  0.000686475
 -0.00714642  -0.00708195            0  -0.00647708
 0.000939442 -0.000686475   0.00647708            0
EndNode2[0]<--->HoM1[0]
REAL
   0.336272 -0.00369097 -0.00384345   0.0073638
-0.00369097    0.186398  0.00923646   0.0138036
-0.00384345  0.00923646    0.164987 -0.00759722
  0.0073638   0.0138036 -0.00759722    0.312343
IMAGINARY
           0 -0.000305016  -0.00887447    0.0245387
 0.000305016            0    0.0169051    0.0182378
  0.00887447   -0.0169051            0  -0.00156764
  -0.0245387   -0.0182378   0.00156764            0
Repeater1[0]<--->EndNode1[0]
REAL
   0.290909 -0.00289808   0.0127628   0.0224572
-0.00289808    0.211688  0.00940236  0.00349209
  0.0127628  0.00940236    0.185714   0.0113506
  0.0224572  0.00349209   0.0113506    0.311688
IMAGINARY
           0   0.00714642   -5.034e-05 -0.000939442
 -0.00714642            0  -0.00708195  -0.00647708
   5.034e-05   0.00708195            0  0.000686475
 0.000939442   0.00647708 -0.000686475            0
Repeater1[0]<--->HoM1[0]
REAL
   0.336272 -0.00384345 -0.00369097   0.0073638
-0.00384345    0.164987  0.00923646 -0.00759722
-0.00369097  0.00923646    0.186398   0.0138036
  0.0073638 -0.00759722   0.0138036    0.312343
IMAGINARY
           0  -0.00887447 -0.000305016    0.0245387
  0.00887447            0   -0.0169051  -0.00156764
 0.000305016    0.0169051            0    0.0182378
  -0.0245387   0.00156764   -0.0182378            0
EndNode1[0]<--->Repeater1[0]
REAL
   0.29563 -0.0071756 -0.0217723  0.0346417
-0.0071756   0.182519   0.005618 0.00229183
-0.0217723   0.005618   0.191517  0.0032795
 0.0346417 0.00229183  0.0032795   0.330334
IMAGINARY
          0   0.0226927  0.00623441  0.00487749
 -0.0226927           0   0.0036639 -0.00623441
-0.00623441  -0.0036639           0  -0.0108194
-0.00487749  0.00623441   0.0108194           0
EndNode2[0]<--->HoM1[0]
REAL
    0.279039  -0.00817499 -0.000368664    0.0425477
 -0.00817499     0.213618   -0.0186768    0.0139171
-0.000368664   -0.0186768     0.196262    0.0178524
   0.0425477    0.0139171    0.0178524     0.311081
IMAGINARY
           0  -0.00403831  0.000762742  -0.00704157
  0.00403831            0   0.00577894    0.0170944
-0.000762742  -0.00577894            0    0.0295485
  0.00704157   -0.0170944   -0.0295485            0
Repeater1[0]<--->EndNode1[0]
REAL
   0.29563 -0.0217723 -0.0071756  0.0346417
-0.0217723   0.191517   0.005618  0.0032795
-0.0071756   0.005618   0.182519 0.00229183
 0.0346417  0.0032795 0.00229183   0.330334
IMAGINARY
          0  0.00623441   0.0226927  0.00487749
-0.00623441           0  -0.0036639  -0.0108194
 -0.0226927   0.0036639           0 -0.00623441
-0.00487749   0.0108194  0.00623441           0
Repeater1[0]<--->HoM1[0]
REAL
    0.279039 -0.000368664  -0.00817499    0.0425477
-0.000368664     0.196262   -0.0186768    0.0178524
 -0.00817499   -0.0186768     0.213618    0.0139171
   0.0425477    0.0178524    0.0139171     0.311081
IMAGINARY
           0  0.000762742  -0.00403831  -0.00704157
-0.000762742            0  -0.00577894    0.0295485
  0.00403831   0.00577894            0    0.0170944
  0.00704157   -0.0295485   -0.0170944            0
EndNode1[0]<--->Repeater1[0]
REAL
  0.298893  0.0110935  0.0145394 0.00311185
 0.0110935   0.221402  -0.028602  0.0109508
 0.0145394  -0.028602   0.159902 0.00916795
0.00311185  0.0109508 0.00916795   0.319803
IMAGINARY
          0  -0.0178676  0.00337022   0.0187091
  0.0178676           0  -0.0110755  0.00270266
-0.00337022   0.0110755           0  0.00234803
 -0.0187091 -0.00270266 -0.00234803           0
EndNode2[0]<--->HoM1[0]
REAL
     0.31592  -0.00856519  -0.00716807    0.0231203
 -0.00856519      0.18408   0.00777503      -0.0149
 -0.00716807   0.00777503      0.18408 -0.000892561
   0.0231203      -0.0149 -0.000892561      0.31592
IMAGINARY
          0  -0.0246301   0.0143598 -0.00103316
  0.0246301           0 -0.00499094  0.00610057
 -0.0143598  0.00499094           0  -0.0226845
 0.00103316 -0.00610057   0.0226845           0
Repeater1[0]<--->EndNode1[0]
REAL
  0.298893  0.0145394  0.0110935 0.00311185
 0.0145394   0.159902  -0.028602 0.00916795
 0.0110935  -0.028602   0.221402  0.0109508
0.00311185 0.00916795  0.0109508   0.319803
IMAGINARY
          0  0.00337022  -0.0178676   0.0187091
-0.00337022           0   0.0110755  0.00234803
  0.0178676  -0.0110755           0  0.00270266
 -0.0187091 -0.00234803 -0.00270266           0
Repeater1[0]<--->HoM1[0]
REAL
     0.31592  -0.00716807  -0.00856519    0.0231203
 -0.00716807      0.18408   0.00777503 -0.000892561
 -0.00856519   0.00777503      0.18408      -0.0149
   0.0231203 -0.000892561      -0.0149      0.31592
IMAGINARY
          0   0.0143598  -0.0246301 -0.00103316
 -0.0143598           0  0.00499094  -0.0226845
  0.0246301 -0.00499094           0  0.00610057
 0.00103316   0.0226845 -0.00610057           0
EndNode1[0]<--->Repeater1[0]
REAL
   0.329923   0.0135746  0.00669826 -0.00146919
  0.0135746    0.205882   0.0147435 0.000254962
 0.00669826   0.0147435    0.193095 -0.00282876
-0.00146919 0.000254962 -0.00282876      0.2711
IMAGINARY
           0   -0.0100271    -0.015669  0.000661376
   0.0100271            0  0.000661376  -0.00832584
    0.015669 -0.000661376            0   -0.0074826
-0.000661376   0.00832584    0.0074826            0
EndNode2[0]<--->HoM1[0]
REAL
    0.294632   0.00433528 -0.000138617    0.0218123
  0.00433528     0.210986   -0.0042921   0.00283403
-0.000138617   -0.0042921     0.187266   -0.0178124
   0.0218123   0.00283403   -0.0178124     0.307116
IMAGINARY
          0  -0.0008623 -0.00135639   0.0252989
  0.0008623           0   0.0209511  0.00871918
 0.00135639  -0.0209511           0   0.0122411
 -0.0252989 -0.00871918  -0.0122411           0
Repeater1[0]<--->EndNode1[0]
REAL
   0.329923  0.00669826   0.0135746 -0.00146919
 0.00669826    0.193095   0.0147435 -0.00282876
  0.0135746   0.0147435    0.205882 0.000254962
-0.00146919 -0.00282876 0.000254962      0.2711
IMAGINARY
           0    -0.015669   -0.0100271  0.000661376
    0.015669            0 -0.000661376   -0.0074826
   0.0100271  0.000661376            0  -0.00832584
-0.000661376    0.0074826   0.00832584            0
Repeater1[0]<--->HoM1[0]
REAL
    0.294632 -0.000138617   0.00433528    0.0218123
-0.000138617     0.187266   -0.0042921   -0.0178124
  0.00433528   -0.0042921     0.210986   0.00283403
   0.0218123   -0.0178124   0.00283403     0.307116
IMAGINARY
          0 -0.00135639  -0.0008623   0.0252989
 0.00135639           0  -0.0209511   0.0122411
  0.0008623   0.0209511           0  0.00871918
 -0.0252989  -0.0122411 -0.00871918           0
EndNode1[0]<--->Repeater1[0]
REAL
   0.285337  -0.0178908  0.00595791   0.0224755
 -0.0178908    0.203435  -0.0442721  0.00659163
 0.00595791  -0.0442721    0.177015 -0.00258472
  0.0224755  0.00659163 -0.00258472    0.334214
IMAGINARY
           0    0.0111144   0.00287024    0.0220343
  -0.0111144            0   -0.0118302    0.0068385
 -0.00287024    0.0118302            0 -0.000192101
  -0.0220343   -0.0068385  0.000192101            0
EndNode2[0]<--->HoM1[0]
REAL
     0.29611    0.0211642   0.00831551     0.012113
   0.0211642     0.214555   0.00951555 -0.000681921
  0.00831551   0.00951555     0.193225   0.00428109
    0.012113 -0.000681921   0.00428109      0.29611
IMAGINARY
           0 -0.000310815  -0.00586219    0.0104286
 0.000310815            0 -0.000624697  -0.00712482
  0.00586219  0.000624697            0   0.00680432
  -0.0104286   0.00712482  -0.00680432            0
Repeater1[0]<--->EndNode1[0]
REAL
   0.285337  0.00595791  -0.0178908   0.0224755
 0.00595791    0.177015  -0.0442721 -0.00258472
 -0.0178908  -0.0442721    0.203435  0.00659163
  0.0224755 -0.00258472  0.00659163    0.334214
IMAGINARY
           0   0.00287024    0.0111144    0.0220343
 -0.00287024            0    0.0118302 -0.000192101
  -0.0111144   -0.0118302            0    0.0068385
  -0.0220343  0.000192101   -0.0068385            0
Repeater1[0]<--->HoM1[0]
REAL
     0.29611   0.00831551    0.0211642     0.012113
  0.00831551     0.193225   0.00951555   0.00428109
   0.0211642   0.00951555     0.214555 -0.000681921
    0.012113   0.00428109 -0.000681921      0.29611
IMAGINARY
           0  -0.00586219 -0.000310815    0.0104286
  0.00586219            0  0.000624697   0.00680432
 0.000310815 -0.000624697            0  -0.00712482
  -0.0104286  -0.00680432   0.00712482            0
EndNode1[0]<--->Repeater1[0]
REAL
   0.307317  0.00770994 -0.00544743    0.020515
 0.00770994    0.179268 -0.00021041  0.00671646
-0.00544743 -0.00021041    0.191463 -0.00897898
   0.020515  0.00671646 -0.00897898    0.321951
IMAGINARY
          0  0.00991838  -0.0235572  -0.0183691
-0.00991838           0  0.00386722 -0.00494019
  0.0235572 -0.00386722           0  -0.0125091
  0.0183691  0.00494019   0.0125091           0
EndNode2[0]<--->HoM1[0]
REAL
    0.299742   -0.0111123 -0.000590686    0.0080482
  -0.0111123     0.204134   0.00318033    0.0065352
-0.000590686   0.00318033      0.19509   0.00648876
   0.0080482    0.0065352   0.00648876     0.301034
IMAGINARY
          0  0.00475183 -0.00608991   0.0177541
-0.00475183           0 -0.00199115   0.0151302
 0.00608991  0.00199115           0  0.00289769
 -0.0177541  -0.0151302 -0.00289769           0
Repeater1[0]<--->EndNode1[0]
REAL
   0.307317 -0.00544743  0.00770994    0.020515
-0.00544743    0.191463 -0.00021041 -0.00897898
 0.00770994 -0.00021041    0.179268  0.00671646
   0.020515 -0.00897898  0.00671646    0.321951
IMAGINARY
          0  -0.0235572  0.00991838  -0.0183691
  0.0235572           0 -0.00386722  -0.0125091
-0.00991838  0.00386722           0 -0.00494019
  0.0183691   0.0125091  0.00494019           0
Repeater1[0]<--->HoM1[0]
REAL
    0.299742 -0.000590686   -0.0111123    0.0080482
-0.000590686      0.19509   0.00318033   0.00648876
  -0.0111123   0.00318033     0.204134    0.0065352
   0.0080482   0.00648876    0.0065352     0.301034
IMAGINARY
          0 -0.00608991  0.00475183   0.0177541
 0.00608991           0  0.00199115  0.00289769
-0.00475183 -0.00199115           0   0.0151302
 -0.0177541 -0.00289769  -0.0151302           0
EndNode1[0]<--->Repeater1[0]
REAL
     0.3275  -0.0337205 -0.00865474   0.0338402
 -0.0337205     0.17625   0.0131684 -0.00538677
-0.00865474   0.0131684     0.18375 -0.00840404
  0.0338402 -0.00538677 -0.00840404      0.3125
IMAGINARY
          0   0.0103272 -0.00705612  0.00789401
 -0.0103272           0  -0.0172025   0.0122241
 0.00705612   0.0172025           0 -0.00645128
-0.00789401  -0.0122241  0.00645128           0
EndNode2[0]<--->HoM1[0]
REAL
   0.289172   0.0183848   0.0185354    0.029595
  0.0183848    0.182166  0.00751704 -0.00436536
  0.0185354  0.00751704    0.208917 -0.00286522
   0.029595 -0.00436536 -0.00286522    0.319745
IMAGINARY
          0 -0.00402679  0.00399302 -0.00458773
 0.00402679           0 -0.00767034  -0.0156813
-0.00399302  0.00767034           0  0.00792289
 0.00458773   0.0156813 -0.00792289           0
Repeater1[0]<--->EndNode1[0]
REAL
     0.3275 -0.00865474  -0.0337205   0.0338402
-0.00865474     0.18375   0.0131684 -0.00840404
 -0.0337205   0.0131684     0.17625 -0.00538677
  0.0338402 -0.00840404 -0.00538677      0.3125
IMAGINARY
          0 -0.00705612   0.0103272  0.00789401
 0.00705612           0   0.0172025 -0.00645128
 -0.0103272  -0.0172025           0   0.0122241
-0.00789401  0.00645128  -0.0122241           0
Repeater1[0]<--->HoM1[0]
REAL
   0.289172   0.0185354   0.0183848    0.029595
  0.0185354    0.208917  0.00751704 -0.00286522
  0.0183848  0.00751704    0.182166 -0.00436536
   0.029595 -0.00286522 -0.00436536    0.319745
IMAGINARY
          0  0.00399302 -0.00402679 -0.00458773
-0.00399302           0  0.00767034  0.00792289
 0.00402679 -0.00767034           0  -0.0156813
 0.00458773 -0.00792289   0.0156813           0
EndNode1[0]<--->Repeater1[0]
REAL
   0.306667  -0.0169547    0.014203   0.0163043
 -0.0169547       0.184 -0.00498604   -0.020195
   0.014203 -0.00498604        0.18  -0.0143369
  0.0163043   -0.020195  -0.0143369    0.329333
IMAGINARY
          0 -0.00723561   0.0280348 -0.00716146
 0.00723561           0 -0.00716146 -0.00803483
 -0.0280348  0.00716146           0   0.0117517
 0.00716146  0.00803483  -0.0117517           0
EndNode2[0]<--->HoM1[0]
REAL
   0.337969  0.00944575  -0.0021217   0.0173597
 0.00944575    0.187761 -0.00595031 -0.00660313
 -0.0021217 -0.00595031    0.178025  -0.0020632
  0.0173597 -0.00660313  -0.0020632    0.296245
IMAGINARY
          0   -0.002331  -0.0172012  -0.0113631
   0.002331           0   -0.021167 -0.00261233
  0.0172012    0.021167           0   -0.002331
  0.0113631  0.00261233    0.002331           0
Repeater1[0]<--->EndNode1[0]
REAL
   0.306667    0.014203  -0.0169547   0.0163043
   0.014203        0.18 -0.00498604  -0.0143369
 -0.0169547 -0.00498604       0.184   -0.020195
  0.0163043  -0.0143369   -0.020195    0.329333
IMAGINARY
          0   0.0280348 -0.00723561 -0.00716146
 -0.0280348           0  0.00716146   0.0117517
 0.00723561 -0.00716146           0 -0.00803483
 0.00716146  -0.0117517  0.00803483           0
Repeater1[0]<--->HoM1[0]
REAL
   0.337969  -0.0021217  0.00944575   0.0173597
 -0.0021217    0.178025 -0.00595031  -0.0020632
 0.00944575 -0.00595031    0.187761 -0.00660313
  0.0173597  -0.0020632 -0.00660313    0.296245
IMAGINARY
          0  -0.0172012   -0.002331  -0.0113631
  0.0172012           0    0.021167   -0.002331
   0.002331   -0.021167           0 -0.00261233
  0.0113631    0.002331  0.00261233           0
EndNode1[0]<--->Repeater1[0]
REAL
    0.29845   0.0231854   0.0126315  0.00231459
  0.0231854    0.178295  -0.0148844 -0.00425161
  0.0126315  -0.0148844     0.21447 -0.00782231
 0.00231459 -0.00425161 -0.00782231    0.308786
IMAGINARY
          0  0.00428319  0.00580455  0.00153339
-0.00428319           0  -0.0021887  -0.0144041
-0.00580455   0.0021887           0  -0.0091972
-0.00153339   0.0144041   0.0091972           0
EndNode2[0]<--->HoM1[0]
REAL
   0.314129 -0.00423729  -0.0112707 0.000544851
-0.00423729    0.187929 -0.00419449  -0.0106272
 -0.0112707 -0.00419449    0.196159  0.00423729
0.000544851  -0.0106272  0.00423729    0.301783
IMAGINARY
          0  0.00922949  0.00550549  0.00556328
-0.00922949           0 -0.00162627    0.019376
-0.00550549  0.00162627           0 -0.00330532
-0.00556328   -0.019376  0.00330532           0
Repeater1[0]<--->EndNode1[0]
REAL
    0.29845   0.0126315   0.0231854  0.00231459
  0.0126315     0.21447  -0.0148844 -0.00782231
  0.0231854  -0.0148844    0.178295 -0.00425161
 0.00231459 -0.00782231 -0.00425161    0.308786
IMAGINARY
          0  0.00580455  0.00428319  0.00153339
-0.00580455           0   0.0021887  -0.0091972
-0.00428319  -0.0021887           0  -0.0144041
-0.00153339   0.0091972   0.0144041           0
Repeater1[0]<--->HoM1[0]
REAL
   0.314129  -0.0112707 -0.00423729 0.000544851
 -0.0112707    0.196159 -0.00419449  0.00423729
-0.00423729 -0.00419449    0.187929  -0.0106272
0.000544851  0.00423729  -0.0106272    0.301783
IMAGINARY
          0  0.00550549  0.00922949  0.00556328
-0.00550549           0  0.00162627 -0.00330532
-0.00922949 -0.00162627           0    0.019376
-0.00556328  0.00330532   -0.019376           0
EndNode1[0]<--->Repeater1[0]
REAL
   0.343075  -0.0219678  -0.0115207  0.00935642
 -0.0219678    0.194409 -0.00128188 -0.00897618
 -0.0115207 -0.00128188    0.177891   0.0188622
 0.00935642 -0.00897618   0.0188622    0.284625
IMAGINARY
          0   0.0024336  -0.0101735 -0.00767744
 -0.0024336           0   -0.015593  0.00829616
  0.0101735    0.015593           0  0.00570157
 0.00767744 -0.00829616 -0.00570157           0
EndNode2[0]<--->HoM1[0]
REAL
    0.318066     0.015622  -0.00740443    0.0109904
    0.015622     0.189567    -0.005849 -0.000307654
 -0.00740443    -0.005849     0.198473  -0.00148322
   0.0109904 -0.000307654  -0.00148322     0.293893
IMAGINARY
           0    0.0141969   0.00233499  -0.00726165
  -0.0141969            0   -0.0124836   -0.0126977
 -0.00233499    0.0124836            0  5.17816e-05
  0.00726165    0.0126977 -5.17816e-05            0
Repeater1[0]<--->EndNode1[0]
REAL
   0.343075  -0.0115207  -0.0219678  0.00935642
 -0.0115207    0.177891 -0.00128188   0.0188622
 -0.0219678 -0.00128188    0.194409 -0.00897618
 0.00935642   0.0188622 -0.00897618    0.284625
IMAGINARY
          0  -0.0101735   0.0024336 -0.00767744
  0.0101735           0    0.015593  0.00570157
 -0.0024336   -0.015593           0  0.00829616
 0.00767744 -0.00570157 -0.00829616           0
Repeater1[0]<--->HoM1[0]
REAL
    0.318066  -0.00740443     0.015622    0.0109904
 -0.00740443     0.198473    -0.005849  -0.00148322
    0.015622    -0.005849     0.189567 -0.000307654
   0.0109904  -0.00148322 -0.000307654     0.293893
IMAGINARY
           0   0.00233499    0.0141969  -0.00726165
 -0.00233499            0    0.0124836  5.17816e-05
  -0.0141969   -0.0124836            0   -0.0126977
  0.00726165 -5.17816e-05    0.0126977            0
EndNode1[0]<--->Repeater1[0]
REAL
   0.303922 -0.00416909   0.0113513  0.00296503
-0.00416909    0.183824  -0.0146501  0.00279384
  0.0113513  -0.0146501     0.20098  0.00109406
 0.00296503  0.00279384  0.00109406    0.311275
IMAGINARY
           0   0.00876981   -0.0159504  -0.00542189
 -0.00876981            0  -0.00677324  -0.00166473
   0.0159504   0.00677324            0  0.000715286
  0.00542189   0.00166473 -0.000715286            0
EndNode2[0]<--->HoM1[0]
REAL
   0.311309  -0.0104467 -0.00189073   0.0115718
 -0.0104467    0.190597  -0.0216728 -0.00315977
-0.00189073  -0.0216728    0.210928  0.00539617
  0.0115718 -0.00315977  0.00539617    0.287166
IMAGINARY
          0 -0.00629851   0.0208766  -0.0141196
 0.00629851           0  -0.0147749 -0.00757871
 -0.0208766   0.0147749           0 -0.00566958
  0.0141196  0.00757871  0.00566958           0
Repeater1[0]<--->EndNode1[0]
REAL
   0.303922   0.0113513 -0.00416909  0.00296503
  0.0113513     0.20098  -0.0146501  0.00109406
-0.00416909  -0.0146501    0.183824  0.00279384
 0.00296503  0.00109406  0.00279384    0.311275
IMAGINARY
           0   -0.0159504   0.00876981  -0.00542189
   0.0159504            0   0.00677324  0.000715286
 -0.00876981  -0.00677324            0  -0.00166473
  0.00542189 -0.000715286   0.00166473            0
Repeater1[0]<--->HoM1[0]
REAL
   0.311309 -0.00189073  -0.0104467   0.0115718
-0.00189073    0.210928  -0.0216728  0.00539617
 -0.0104467  -0.0216728    0.190597 -0.00315977
  0.0115718  0.00539617 -0.00315977    0.287166
IMAGINARY
          0   0.0208766 -0.00629851  -0.0141196
 -0.0208766           0   0.0147749 -0.00566958
 0.00629851  -0.0147749           0 -0.00757871
  0.0141196  0.00566958  0.00757871           0
EndNode1[0]<--->Repeater1[0]
REAL
   0.329517   0.0103719  0.00457771 -0.00229441
  0.0103719    0.193384  -0.0191064 -0.00522621
 0.00457771  -0.0191064    0.173028  0.00713779
-0.00229441 -0.00522621  0.00713779    0.304071
IMAGINARY
          0   0.0290375 -0.00383417   0.0164091
 -0.0290375           0  0.00484094   0.0069475
 0.00383417 -0.00484094           0   0.0226437
 -0.0164091  -0.0069475  -0.0226437           0
EndNode2[0]<--->HoM1[0]
REAL
   0.317542  0.00266135   0.0233429   0.0175701
 0.00266135    0.165173  0.00642988   0.0113237
  0.0233429  0.00642988    0.190781 -0.00132801
  0.0175701   0.0113237 -0.00132801    0.326504
IMAGINARY
           0  0.000238221   0.00934976  -0.00897801
-0.000238221            0   0.00122607  -0.00738384
 -0.00934976  -0.00122607            0   0.00697017
  0.00897801   0.00738384  -0.00697017            0
Repeater1[0]<--->EndNode1[0]
REAL
   0.329517  0.00457771   0.0103719 -0.00229441
 0.00457771    0.173028  -0.0191064  0.00713779
  0.0103719  -0.0191064    0.193384 -0.00522621
-0.00229441  0.00713779 -0.00522621    0.304071
IMAGINARY
          0 -0.00383417   0.0290375   0.0164091
 0.00383417           0 -0.00484094   0.0226437
 -0.0290375  0.00484094           0   0.0069475
 -0.0164091  -0.0226437  -0.0069475           0
Repeater1[0]<--->HoM1[0]
REAL
   0.317542   0.0233429  0.00266135   0.0175701
  0.0233429    0.190781  0.00642988 -0.00132801
 0.00266135  0.00642988    0.165173   0.0113237
  0.0175701 -0.00132801   0.0113237    0.326504
IMAGINARY
           0   0.00934976  0.000238221  -0.00897801
 -0.00934976            0  -0.00122607   0.00697017
-0.000238221   0.00122607            0  -0.00738384
  0.00897801  -0.00697017   0.00738384            0
