EndNode1[0]<--->Repeater1[0]
REAL
   0.356968 7.49624e-05 -0.00746042   0.0185946
7.49624e-05    0.160147  -0.0285022  -0.0156571
-0.00746042  -0.0285022    0.157702  0.00322755
  0.0185946  -0.0156571  0.00322755    0.325183
IMAGINARY
          0  -0.0150174  0.00771378   0.0229905
  0.0150174           0  -0.0114224 -0.00319765
-0.00771378   0.0114224           0 -0.00111167
 -0.0229905  0.00319765  0.00111167           0
EndNode2[0]<--->HoM1[0]
REAL
   0.346154   0.0137232   0.0244403   0.0229999
  0.0137232     0.15641 -0.00413193 -0.00557242
  0.0244403 -0.00413193    0.155128 -0.00428923
  0.0229999 -0.00557242 -0.00428923    0.342308
IMAGINARY
          0  -0.0183497  0.00353846 -0.00512821
  0.0183497           0 -0.00641026 -0.00095448
-0.00353846  0.00641026           0   0.0131818
 0.00512821  0.00095448  -0.0131818           0
Repeater1[0]<--->EndNode1[0]
REAL
   0.356968 -0.00746042 7.49624e-05   0.0185946
-0.00746042    0.157702  -0.0285022  0.00322755
7.49624e-05  -0.0285022    0.160147  -0.0156571
  0.0185946  0.00322755  -0.0156571    0.325183
IMAGINARY
          0  0.00771378  -0.0150174   0.0229905
-0.00771378           0   0.0114224 -0.00111167
  0.0150174  -0.0114224           0 -0.00319765
 -0.0229905  0.00111167  0.00319765           0
Repeater1[0]<--->HoM1[0]
REAL
   0.346154   0.0244403   0.0137232   0.0229999
  0.0244403    0.155128 -0.00413193 -0.00428923
  0.0137232 -0.00413193     0.15641 -0.00557242
  0.0229999 -0.00428923 -0.00557242    0.342308
IMAGINARY
          0  0.00353846  -0.0183497 -0.00512821
-0.00353846           0  0.00641026   0.0131818
  0.0183497 -0.00641026           0 -0.00095448
 0.00512821  -0.0131818  0.00095448           0
EndNode1[0]<--->Repeater1[0]
REAL
  0.310167  0.0237151 -0.0136774  0.0501111
 0.0237151   0.185328 0.00242722 0.00718393
-0.0136774 0.00242722   0.159588 0.00875247
 0.0501111 0.00718393 0.00875247   0.344916
IMAGINARY
           0   -0.0106864 -0.000689049   0.00544073
   0.0106864            0   0.00873453   -0.0115725
 0.000689049  -0.00873453            0   0.00659917
 -0.00544073    0.0115725  -0.00659917            0
EndNode2[0]<--->HoM1[0]
REAL
    0.32732  -0.0051248  0.00301346   0.0220421
 -0.0051248    0.179124 -0.00612695 -0.00964476
 0.00301346 -0.00612695    0.179124   0.0157349
  0.0220421 -0.00964476   0.0157349    0.314433
IMAGINARY
          0  0.00158537  0.00423273 -0.00211299
-0.00158537           0 -0.00275319  -0.0140919
-0.00423273  0.00275319           0  0.00404843
 0.00211299   0.0140919 -0.00404843           0
Repeater1[0]<--->EndNode1[0]
REAL
  0.310167 -0.0136774  0.0237151  0.0501111
-0.0136774   0.159588 0.00242722 0.00875247
 0.0237151 0.00242722   0.185328 0.00718393
 0.0501111 0.00875247 0.00718393   0.344916
IMAGINARY
           0 -0.000689049   -0.0106864   0.00544073
 0.000689049            0  -0.00873453   0.00659917
   0.0106864   0.00873453            0   -0.0115725
 -0.00544073  -0.00659917    0.0115725            0
Repeater1[0]<--->HoM1[0]
REAL
    0.32732  0.00301346  -0.0051248   0.0220421
 0.00301346    0.179124 -0.00612695   0.0157349
 -0.0051248 -0.00612695    0.179124 -0.00964476
  0.0220421   0.0157349 -0.00964476    0.314433
IMAGINARY
          0  0.00423273  0.00158537 -0.00211299
-0.00423273           0  0.00275319  0.00404843
-0.00158537 -0.00275319           0  -0.0140919
 0.00211299 -0.00404843   0.0140919           0
EndNode1[0]<--->Repeater1[0]
REAL
   0.322304 -0.00513991 -0.00987923   0.0310787
-0.00513991     0.16299 -0.00166691  -0.0131387
-0.00987923 -0.00166691    0.164216    0.010255
  0.0310787  -0.0131387    0.010255     0.35049
IMAGINARY
          0   0.0150069  0.00999282 -0.00672027
 -0.0150069           0  -0.0180839  -0.0011767
-0.00999282   0.0180839           0 -0.00241245
 0.00672027   0.0011767  0.00241245           0
EndNode2[0]<--->HoM1[0]
REAL
  0.313131  0.0113976   -0.01518  0.0397524
 0.0113976   0.174242 0.00389841 -0.0139205
  -0.01518 0.00389841   0.174242 -0.0365299
 0.0397524 -0.0139205 -0.0365299   0.338384
IMAGINARY
           0  0.000306966    0.0173323  -0.00788776
-0.000306966            0    -0.018359   -0.0218956
  -0.0173323     0.018359            0 -0.000958857
  0.00788776    0.0218956  0.000958857            0
Repeater1[0]<--->EndNode1[0]
REAL
   0.322304 -0.00987923 -0.00513991   0.0310787
-0.00987923    0.164216 -0.00166691    0.010255
-0.00513991 -0.00166691     0.16299  -0.0131387
  0.0310787    0.010255  -0.0131387     0.35049
IMAGINARY
          0  0.00999282   0.0150069 -0.00672027
-0.00999282           0   0.0180839 -0.00241245
 -0.0150069  -0.0180839           0  -0.0011767
 0.00672027  0.00241245   0.0011767           0
Repeater1[0]<--->HoM1[0]
REAL
  0.313131   -0.01518  0.0113976  0.0397524
  -0.01518   0.174242 0.00389841 -0.0365299
 0.0113976 0.00389841   0.174242 -0.0139205
 0.0397524 -0.0365299 -0.0139205   0.338384
IMAGINARY
           0    0.0173323  0.000306966  -0.00788776
  -0.0173323            0     0.018359 -0.000958857
-0.000306966    -0.018359            0   -0.0218956
  0.00788776  0.000958857    0.0218956            0
EndNode1[0]<--->Repeater1[0]
REAL
   0.334218  0.00196424 -0.00285228   0.0166687
 0.00196424    0.155172  0.00116484  0.00747579
-0.00285228  0.00116484    0.177719 -0.00130374
  0.0166687  0.00747579 -0.00130374    0.332891
IMAGINARY
          0   0.0154541 -0.00649023   0.0262607
 -0.0154541           0  0.00605869  0.00132227
 0.00649023 -0.00605869           0 -0.00382615
 -0.0262607 -0.00132227  0.00382615           0
EndNode2[0]<--->HoM1[0]
REAL
  0.337107  0.0058901 0.00980331  0.0173562
 0.0058901   0.148428 0.00268958 -0.0161034
0.00980331 0.00268958   0.178616 0.00728286
 0.0173562 -0.0161034 0.00728286   0.335849
IMAGINARY
          0   0.0119133   0.0399892  -0.0119099
 -0.0119133           0   0.0169732 -0.00398917
 -0.0399892  -0.0169732           0  0.00808673
  0.0119099  0.00398917 -0.00808673           0
Repeater1[0]<--->EndNode1[0]
REAL
   0.334218 -0.00285228  0.00196424   0.0166687
-0.00285228    0.177719  0.00116484 -0.00130374
 0.00196424  0.00116484    0.155172  0.00747579
  0.0166687 -0.00130374  0.00747579    0.332891
IMAGINARY
          0 -0.00649023   0.0154541   0.0262607
 0.00649023           0 -0.00605869 -0.00382615
 -0.0154541  0.00605869           0  0.00132227
 -0.0262607  0.00382615 -0.00132227           0
Repeater1[0]<--->HoM1[0]
REAL
  0.337107 0.00980331  0.0058901  0.0173562
0.00980331   0.178616 0.00268958 0.00728286
 0.0058901 0.00268958   0.148428 -0.0161034
 0.0173562 0.00728286 -0.0161034   0.335849
IMAGINARY
          0   0.0399892   0.0119133  -0.0119099
 -0.0399892           0  -0.0169732  0.00808673
 -0.0119133   0.0169732           0 -0.00398917
  0.0119099 -0.00808673  0.00398917           0
EndNode1[0]<--->Repeater1[0]
REAL
    0.320849  -0.00825331    0.0122739    0.0215598
 -0.00825331     0.186017   -0.0202678    0.0122739
   0.0122739   -0.0202678     0.169788 -0.000790621
   0.0215598    0.0122739 -0.000790621     0.323346
IMAGINARY
          0     0.01209  -0.0112459  0.00171503
   -0.01209           0  0.00549336 -0.00998962
  0.0112459 -0.00549336           0   0.0220155
-0.00171503  0.00998962  -0.0220155           0
EndNode2[0]<--->HoM1[0]
REAL
   0.319502 -0.00670732   0.0270499   0.0222269
-0.00670732    0.161826  -0.0161293   0.0119745
  0.0270499  -0.0161293    0.182573   0.0128049
  0.0222269   0.0119745   0.0128049      0.3361
IMAGINARY
          0  0.00544052  0.00821476  0.00117719
-0.00544052           0  -0.0134353   0.0191825
-0.00821476   0.0134353           0  0.00414853
-0.00117719  -0.0191825 -0.00414853           0
Repeater1[0]<--->EndNode1[0]
REAL
    0.320849    0.0122739  -0.00825331    0.0215598
   0.0122739     0.169788   -0.0202678 -0.000790621
 -0.00825331   -0.0202678     0.186017    0.0122739
   0.0215598 -0.000790621    0.0122739     0.323346
IMAGINARY
          0  -0.0112459     0.01209  0.00171503
  0.0112459           0 -0.00549336   0.0220155
   -0.01209  0.00549336           0 -0.00998962
-0.00171503  -0.0220155  0.00998962           0
Repeater1[0]<--->HoM1[0]
REAL
   0.319502   0.0270499 -0.00670732   0.0222269
  0.0270499    0.182573  -0.0161293   0.0128049
-0.00670732  -0.0161293    0.161826   0.0119745
  0.0222269   0.0128049   0.0119745      0.3361
IMAGINARY
          0  0.00821476  0.00544052  0.00117719
-0.00821476           0   0.0134353  0.00414853
-0.00544052  -0.0134353           0   0.0191825
-0.00117719 -0.00414853  -0.0191825           0
EndNode1[0]<--->Repeater1[0]
REAL
   0.375297 -0.00533348  0.00529657   0.0498367
-0.00533348    0.154394  -0.0042702  -0.0213064
 0.00529657  -0.0042702    0.153207   0.0201118
  0.0498367  -0.0213064   0.0201118    0.317102
IMAGINARY
          0  -0.0237668  0.00392236 -0.00687388
  0.0237668           0 -0.00621512   0.0123749
-0.00392236  0.00621512           0   0.0178998
 0.00687388  -0.0123749  -0.0178998           0
EndNode2[0]<--->HoM1[0]
REAL
   0.317295  0.00156792  -0.0119782   0.0253663
 0.00156792    0.171651 -0.00155678   0.0106555
 -0.0119782 -0.00155678    0.153446 -0.00289068
  0.0253663   0.0106555 -0.00289068    0.357607
IMAGINARY
          0  -0.0069485 -0.00418895  0.00985237
  0.0069485           0 -0.00221878 -0.00734951
 0.00418895  0.00221878           0  -0.0161284
-0.00985237  0.00734951   0.0161284           0
Repeater1[0]<--->EndNode1[0]
REAL
   0.375297  0.00529657 -0.00533348   0.0498367
 0.00529657    0.153207  -0.0042702   0.0201118
-0.00533348  -0.0042702    0.154394  -0.0213064
  0.0498367   0.0201118  -0.0213064    0.317102
IMAGINARY
          0  0.00392236  -0.0237668 -0.00687388
-0.00392236           0  0.00621512   0.0178998
  0.0237668 -0.00621512           0   0.0123749
 0.00687388  -0.0178998  -0.0123749           0
Repeater1[0]<--->HoM1[0]
REAL
   0.317295  -0.0119782  0.00156792   0.0253663
 -0.0119782    0.153446 -0.00155678 -0.00289068
 0.00156792 -0.00155678    0.171651   0.0106555
  0.0253663 -0.00289068   0.0106555    0.357607
IMAGINARY
          0 -0.00418895  -0.0069485  0.00985237
 0.00418895           0  0.00221878  -0.0161284
  0.0069485 -0.00221878           0 -0.00734951
-0.00985237   0.0161284  0.00734951           0
EndNode1[0]<--->Repeater1[0]
REAL
   0.349624 -0.00237963   0.0290061   0.0378789
-0.00237963    0.139098   0.0288318   0.0112846
  0.0290061   0.0288318    0.150376 -0.00488589
  0.0378789   0.0112846 -0.00488589    0.360902
IMAGINARY
          0 -0.00204306  0.00043952 -0.00192793
 0.00204306           0 -0.00125679  -0.0155179
-0.00043952  0.00125679           0  -0.0154479
 0.00192793   0.0155179   0.0154479           0
EndNode2[0]<--->HoM1[0]
REAL
  0.320463  -0.012832 -0.0249301  0.0278445
 -0.012832   0.172458  0.0396555 0.00493011
-0.0249301  0.0396555   0.160875  -0.014668
 0.0278445 0.00493011  -0.014668   0.346203
IMAGINARY
           0    0.0101006   0.00658953     0.023572
  -0.0101006            0   -0.0242073   0.00128449
 -0.00658953    0.0242073            0  0.000398115
   -0.023572  -0.00128449 -0.000398115            0
Repeater1[0]<--->EndNode1[0]
REAL
   0.349624   0.0290061 -0.00237963   0.0378789
  0.0290061    0.150376   0.0288318 -0.00488589
-0.00237963   0.0288318    0.139098   0.0112846
  0.0378789 -0.00488589   0.0112846    0.360902
IMAGINARY
          0  0.00043952 -0.00204306 -0.00192793
-0.00043952           0  0.00125679  -0.0154479
 0.00204306 -0.00125679           0  -0.0155179
 0.00192793   0.0154479   0.0155179           0
Repeater1[0]<--->HoM1[0]
REAL
  0.320463 -0.0249301  -0.012832  0.0278445
-0.0249301   0.160875  0.0396555  -0.014668
 -0.012832  0.0396555   0.172458 0.00493011
 0.0278445  -0.014668 0.00493011   0.346203
IMAGINARY
           0   0.00658953    0.0101006     0.023572
 -0.00658953            0    0.0242073  0.000398115
  -0.0101006   -0.0242073            0   0.00128449
   -0.023572 -0.000398115  -0.00128449            0
EndNode1[0]<--->Repeater1[0]
REAL
   0.342105  -0.0060825 -0.00335753    0.040998
 -0.0060825    0.185526    0.013498  -0.0143536
-0.00335753    0.013498    0.134211 -0.00481668
   0.040998  -0.0143536 -0.00481668    0.338158
IMAGINARY
           0 -0.000643657   0.00822726    0.0145393
 0.000643657            0  -0.00237543  -0.00947726
 -0.00822726   0.00237543            0  -0.00810634
  -0.0145393   0.00947726   0.00810634            0
EndNode2[0]<--->HoM1[0]
REAL
   0.372368  0.00671502  0.00426928   0.0308858
 0.00671502    0.151316   0.0104102 -0.00109266
 0.00426928   0.0104102    0.134211   0.0206039
  0.0308858 -0.00109266   0.0206039    0.342105
IMAGINARY
           0  8.80141e-05  -0.00249627   0.00578503
-8.80141e-05            0  -0.00118582   0.00976179
  0.00249627   0.00118582            0   -0.0113165
 -0.00578503  -0.00976179    0.0113165            0
Repeater1[0]<--->EndNode1[0]
REAL
   0.342105 -0.00335753  -0.0060825    0.040998
-0.00335753    0.134211    0.013498 -0.00481668
 -0.0060825    0.013498    0.185526  -0.0143536
   0.040998 -0.00481668  -0.0143536    0.338158
IMAGINARY
           0   0.00822726 -0.000643657    0.0145393
 -0.00822726            0   0.00237543  -0.00810634
 0.000643657  -0.00237543            0  -0.00947726
  -0.0145393   0.00810634   0.00947726            0
Repeater1[0]<--->HoM1[0]
REAL
   0.372368  0.00426928  0.00671502   0.0308858
 0.00426928    0.134211   0.0104102   0.0206039
 0.00671502   0.0104102    0.151316 -0.00109266
  0.0308858   0.0206039 -0.00109266    0.342105
IMAGINARY
           0  -0.00249627  8.80141e-05   0.00578503
  0.00249627            0   0.00118582   -0.0113165
-8.80141e-05  -0.00118582            0   0.00976179
 -0.00578503    0.0113165  -0.00976179            0
EndNode1[0]<--->Repeater1[0]
REAL
  0.344737 0.00525246 -0.0123159  0.0214734
0.00525246   0.169737 -0.0045463 0.00189921
-0.0123159 -0.0045463   0.182895  -0.014367
 0.0214734 0.00189921  -0.014367   0.302632
IMAGINARY
           0     0.024359    0.0179457    0.0261679
   -0.024359            0  0.000876098   0.00666751
  -0.0179457 -0.000876098            0    0.0143189
  -0.0261679  -0.00666751   -0.0143189            0
EndNode2[0]<--->HoM1[0]
REAL
   0.321762 -0.00368583 -0.00360299   0.0111531
-0.00368583    0.156208   0.0370152 -0.00114599
-0.00360299   0.0370152    0.121495 -0.00242001
  0.0111531 -0.00114599 -0.00242001    0.400534
IMAGINARY
          0 -0.00289743  0.00876688   -0.010628
 0.00289743           0  -0.0041345   0.0158637
-0.00876688   0.0041345           0  -0.0106494
   0.010628  -0.0158637   0.0106494           0
Repeater1[0]<--->EndNode1[0]
REAL
  0.344737 -0.0123159 0.00525246  0.0214734
-0.0123159   0.182895 -0.0045463  -0.014367
0.00525246 -0.0045463   0.169737 0.00189921
 0.0214734  -0.014367 0.00189921   0.302632
IMAGINARY
           0    0.0179457     0.024359    0.0261679
  -0.0179457            0 -0.000876098    0.0143189
   -0.024359  0.000876098            0   0.00666751
  -0.0261679   -0.0143189  -0.00666751            0
Repeater1[0]<--->HoM1[0]
REAL
   0.321762 -0.00360299 -0.00368583   0.0111531
-0.00360299    0.121495   0.0370152 -0.00242001
-0.00368583   0.0370152    0.156208 -0.00114599
  0.0111531 -0.00242001 -0.00114599    0.400534
IMAGINARY
          0  0.00876688 -0.00289743   -0.010628
-0.00876688           0   0.0041345  -0.0106494
 0.00289743  -0.0041345           0   0.0158637
   0.010628   0.0106494  -0.0158637           0
EndNode1[0]<--->Repeater1[0]
REAL
   0.32349  0.0223339 0.00543698  0.0252488
 0.0223339   0.151678   0.013116  0.0165756
0.00543698   0.013116   0.175839 -0.0141578
 0.0252488  0.0165756 -0.0141578   0.348993
IMAGINARY
          0  0.00226336  -0.0145856  -0.0223847
-0.00226336           0   0.0283767  -0.0218129
  0.0145856  -0.0283767           0   0.0111466
  0.0223847   0.0218129  -0.0111466           0
EndNode2[0]<--->HoM1[0]
REAL
  0.367168  0.0187968 -0.0183673  0.0447907
 0.0187968   0.152882 0.00759022 -0.0285714
-0.0183673 0.00759022   0.152882 0.00909435
 0.0447907 -0.0285714 0.00909435   0.327068
IMAGINARY
           0   0.00526787  0.000945776    0.0110109
 -0.00526787            0   0.00596039  0.000945776
-0.000945776  -0.00596039            0  -0.00589839
  -0.0110109 -0.000945776   0.00589839            0
Repeater1[0]<--->EndNode1[0]
REAL
   0.32349 0.00543698  0.0223339  0.0252488
0.00543698   0.175839   0.013116 -0.0141578
 0.0223339   0.013116   0.151678  0.0165756
 0.0252488 -0.0141578  0.0165756   0.348993
IMAGINARY
          0  -0.0145856  0.00226336  -0.0223847
  0.0145856           0  -0.0283767   0.0111466
-0.00226336   0.0283767           0  -0.0218129
  0.0223847  -0.0111466   0.0218129           0
Repeater1[0]<--->HoM1[0]
REAL
  0.367168 -0.0183673  0.0187968  0.0447907
-0.0183673   0.152882 0.00759022 0.00909435
 0.0187968 0.00759022   0.152882 -0.0285714
 0.0447907 0.00909435 -0.0285714   0.327068
IMAGINARY
           0  0.000945776   0.00526787    0.0110109
-0.000945776            0  -0.00596039  -0.00589839
 -0.00526787   0.00596039            0  0.000945776
  -0.0110109   0.00589839 -0.000945776            0
EndNode1[0]<--->Repeater1[0]
REAL
   0.313625 -0.00341915   0.0126018   0.0356212
-0.00341915    0.141388   -0.012805   0.0206447
  0.0126018   -0.012805    0.164524  0.00537482
  0.0356212   0.0206447  0.00537482    0.380463
IMAGINARY
           0  -0.00248109  0.000307625   0.00479218
  0.00248109            0  -0.00414868   -0.0172568
-0.000307625   0.00414868            0   0.00369175
 -0.00479218    0.0172568  -0.00369175            0
EndNode2[0]<--->HoM1[0]
REAL
   0.319946  -0.0170876   0.0120487   0.0353823
 -0.0170876    0.175368 -0.00298082  -0.0203079
  0.0120487 -0.00298082    0.155288  0.00374576
  0.0353823  -0.0203079  0.00374576    0.349398
IMAGINARY
          0 -0.00195103  -0.0125444  -0.0170358
 0.00195103           0 -0.00153188  -0.0258188
  0.0125444  0.00153188           0   0.0109024
  0.0170358   0.0258188  -0.0109024           0
Repeater1[0]<--->EndNode1[0]
REAL
   0.313625   0.0126018 -0.00341915   0.0356212
  0.0126018    0.164524   -0.012805  0.00537482
-0.00341915   -0.012805    0.141388   0.0206447
  0.0356212  0.00537482   0.0206447    0.380463
IMAGINARY
           0  0.000307625  -0.00248109   0.00479218
-0.000307625            0   0.00414868   0.00369175
  0.00248109  -0.00414868            0   -0.0172568
 -0.00479218  -0.00369175    0.0172568            0
Repeater1[0]<--->HoM1[0]
REAL
   0.319946   0.0120487  -0.0170876   0.0353823
  0.0120487    0.155288 -0.00298082  0.00374576
 -0.0170876 -0.00298082    0.175368  -0.0203079
  0.0353823  0.00374576  -0.0203079    0.349398
IMAGINARY
          0  -0.0125444 -0.00195103  -0.0170358
  0.0125444           0  0.00153188   0.0109024
 0.00195103 -0.00153188           0  -0.0258188
  0.0170358  -0.0109024   0.0258188           0
EndNode1[0]<--->Repeater1[0]
REAL
   0.363184  0.00912435  0.00842247   0.0430425
 0.00912435    0.146766  -0.0162567 -0.00332043
 0.00842247  -0.0162567    0.159204   -0.023155
  0.0430425 -0.00332043   -0.023155    0.330846
IMAGINARY
          0 -0.00183819  -0.0065558  0.00957114
 0.00183819           0   0.0128563  -0.0271369
  0.0065558  -0.0128563           0  -0.0170297
-0.00957114   0.0271369   0.0170297           0
EndNode2[0]<--->HoM1[0]
REAL
   0.356061 -0.00520157  0.00421633   0.0425629
-0.00520157    0.131313   0.0197747  -0.0262943
 0.00421633   0.0197747     0.17803 6.76407e-06
  0.0425629  -0.0262943 6.76407e-06    0.334596
IMAGINARY
           0  -0.00827205    0.0211091  -0.00859121
  0.00827205            0 -0.000247177   0.00167908
  -0.0211091  0.000247177            0    0.0122935
  0.00859121  -0.00167908   -0.0122935            0
Repeater1[0]<--->EndNode1[0]
REAL
   0.363184  0.00842247  0.00912435   0.0430425
 0.00842247    0.159204  -0.0162567   -0.023155
 0.00912435  -0.0162567    0.146766 -0.00332043
  0.0430425   -0.023155 -0.00332043    0.330846
IMAGINARY
          0  -0.0065558 -0.00183819  0.00957114
  0.0065558           0  -0.0128563  -0.0170297
 0.00183819   0.0128563           0  -0.0271369
-0.00957114   0.0170297   0.0271369           0
Repeater1[0]<--->HoM1[0]
REAL
   0.356061  0.00421633 -0.00520157   0.0425629
 0.00421633     0.17803   0.0197747 6.76407e-06
-0.00520157   0.0197747    0.131313  -0.0262943
  0.0425629 6.76407e-06  -0.0262943    0.334596
IMAGINARY
           0    0.0211091  -0.00827205  -0.00859121
  -0.0211091            0  0.000247177    0.0122935
  0.00827205 -0.000247177            0   0.00167908
  0.00859121   -0.0122935  -0.00167908            0
EndNode1[0]<--->Repeater1[0]
REAL
   0.340081   0.0299631 -0.00647733   0.0406486
  0.0299631    0.182186 0.000207427 -0.00714134
-0.00647733 0.000207427    0.152497  -0.0124534
  0.0406486 -0.00714134  -0.0124534    0.325236
IMAGINARY
          0 -0.00113929 -0.00122549 -0.00777945
 0.00113929           0  -0.0253805 -0.00857843
 0.00122549   0.0253805           0   0.0121687
 0.00777945  0.00857843  -0.0121687           0
EndNode2[0]<--->HoM1[0]
REAL
  0.323714 -0.0120109  0.0132781  0.0331831
-0.0120109   0.160602 -0.0351439 0.00829055
 0.0132781 -0.0351439   0.165621  0.0126645
 0.0331831 0.00829055  0.0126645   0.350063
IMAGINARY
          0  -0.0165829  0.00882024   0.0109693
  0.0165829           0   0.0189907  -0.0120131
-0.00882024  -0.0189907           0   0.0146671
 -0.0109693   0.0120131  -0.0146671           0
Repeater1[0]<--->EndNode1[0]
REAL
   0.340081 -0.00647733   0.0299631   0.0406486
-0.00647733    0.152497 0.000207427  -0.0124534
  0.0299631 0.000207427    0.182186 -0.00714134
  0.0406486  -0.0124534 -0.00714134    0.325236
IMAGINARY
          0 -0.00122549 -0.00113929 -0.00777945
 0.00122549           0   0.0253805   0.0121687
 0.00113929  -0.0253805           0 -0.00857843
 0.00777945  -0.0121687  0.00857843           0
Repeater1[0]<--->HoM1[0]
REAL
  0.323714  0.0132781 -0.0120109  0.0331831
 0.0132781   0.165621 -0.0351439  0.0126645
-0.0120109 -0.0351439   0.160602 0.00829055
 0.0331831  0.0126645 0.00829055   0.350063
IMAGINARY
          0  0.00882024  -0.0165829   0.0109693
-0.00882024           0  -0.0189907   0.0146671
  0.0165829   0.0189907           0  -0.0120131
 -0.0109693  -0.0146671   0.0120131           0
EndNode1[0]<--->Repeater1[0]
REAL
    0.302177   0.00197189   0.00725015 -0.000832673
  0.00197189     0.172855   -0.0257703   -0.0270319
  0.00725015   -0.0257703     0.176697    0.0164456
-0.000832673   -0.0270319    0.0164456     0.348271
IMAGINARY
          0  -0.0143788  -0.0155954   0.0152869
  0.0143788           0  0.00170343 -0.00809539
  0.0155954 -0.00170343           0  -0.0130526
 -0.0152869  0.00809539   0.0130526           0
EndNode2[0]<--->HoM1[0]
REAL
  0.322102  0.0108961 -0.0048573  0.0603568
 0.0108961   0.153639 -0.0102315 0.00611044
-0.0048573 -0.0102315   0.181941  0.0166728
 0.0603568 0.00611044  0.0166728   0.342318
IMAGINARY
          0 -0.00149132  -0.0026772   0.0263853
 0.00149132           0 -0.00560968 -0.00202869
  0.0026772  0.00560968           0   0.0167854
 -0.0263853  0.00202869  -0.0167854           0
Repeater1[0]<--->EndNode1[0]
REAL
    0.302177   0.00725015   0.00197189 -0.000832673
  0.00725015     0.176697   -0.0257703    0.0164456
  0.00197189   -0.0257703     0.172855   -0.0270319
-0.000832673    0.0164456   -0.0270319     0.348271
IMAGINARY
          0  -0.0155954  -0.0143788   0.0152869
  0.0155954           0 -0.00170343  -0.0130526
  0.0143788  0.00170343           0 -0.00809539
 -0.0152869   0.0130526  0.00809539           0
Repeater1[0]<--->HoM1[0]
REAL
  0.322102 -0.0048573  0.0108961  0.0603568
-0.0048573   0.181941 -0.0102315  0.0166728
 0.0108961 -0.0102315   0.153639 0.00611044
 0.0603568  0.0166728 0.00611044   0.342318
IMAGINARY
          0  -0.0026772 -0.00149132   0.0263853
  0.0026772           0  0.00560968   0.0167854
 0.00149132 -0.00560968           0 -0.00202869
 -0.0263853  -0.0167854  0.00202869           0
EndNode1[0]<--->Repeater1[0]
REAL
   0.330368   0.0150765   0.0171595   0.0113629
  0.0150765    0.144854   -0.023205   0.0223142
  0.0171595   -0.023205    0.153748 -0.00586594
  0.0113629   0.0223142 -0.00586594    0.371029
IMAGINARY
          0   0.0178372  -0.0131661   0.0167014
 -0.0178372           0  0.00874387    0.021808
  0.0131661 -0.00874387           0 -0.00302243
 -0.0167014   -0.021808  0.00302243           0
EndNode2[0]<--->HoM1[0]
REAL
  0.334625  0.0154599  0.0195224  0.0326881
 0.0154599   0.162791  0.0205587 0.00775037
 0.0195224  0.0205587   0.151163  0.0247999
 0.0326881 0.00775037  0.0247999   0.351421
IMAGINARY
          0   0.0154612   0.0070538   0.0392467
 -0.0154612           0   0.0117467  0.00642329
 -0.0070538  -0.0117467           0    0.011493
 -0.0392467 -0.00642329   -0.011493           0
Repeater1[0]<--->EndNode1[0]
REAL
   0.330368   0.0171595   0.0150765   0.0113629
  0.0171595    0.153748   -0.023205 -0.00586594
  0.0150765   -0.023205    0.144854   0.0223142
  0.0113629 -0.00586594   0.0223142    0.371029
IMAGINARY
          0  -0.0131661   0.0178372   0.0167014
  0.0131661           0 -0.00874387 -0.00302243
 -0.0178372  0.00874387           0    0.021808
 -0.0167014  0.00302243   -0.021808           0
Repeater1[0]<--->HoM1[0]
REAL
  0.334625  0.0195224  0.0154599  0.0326881
 0.0195224   0.151163  0.0205587  0.0247999
 0.0154599  0.0205587   0.162791 0.00775037
 0.0326881  0.0247999 0.00775037   0.351421
IMAGINARY
          0   0.0070538   0.0154612   0.0392467
 -0.0070538           0  -0.0117467    0.011493
 -0.0154612   0.0117467           0  0.00642329
 -0.0392467   -0.011493 -0.00642329           0
EndNode1[0]<--->Repeater1[0]
REAL
   0.323567   0.0027453 -0.00811249   0.0332436
  0.0027453    0.187261   -0.008368   0.0143314
-0.00811249   -0.008368    0.145223  0.00844873
  0.0332436   0.0143314  0.00844873    0.343949
IMAGINARY
          0   0.0136697  -0.0197246  -0.0165129
 -0.0136697           0    0.014415 -0.00339296
  0.0197246   -0.014415           0   0.0239789
  0.0165129  0.00339296  -0.0239789           0
EndNode2[0]<--->HoM1[0]
REAL
   0.351662 -0.00654174 -0.00646776   0.0509486
-0.00654174    0.140665 -0.00051269  -0.0290241
-0.00646776 -0.00051269    0.138107  0.00218309
  0.0509486  -0.0290241  0.00218309    0.369565
IMAGINARY
          0  0.00565079  -0.0083291  0.00181682
-0.00565079           0  0.00665776   0.0216709
  0.0083291 -0.00665776           0 -0.00755676
-0.00181682  -0.0216709  0.00755676           0
Repeater1[0]<--->EndNode1[0]
REAL
   0.323567 -0.00811249   0.0027453   0.0332436
-0.00811249    0.145223   -0.008368  0.00844873
  0.0027453   -0.008368    0.187261   0.0143314
  0.0332436  0.00844873   0.0143314    0.343949
IMAGINARY
          0  -0.0197246   0.0136697  -0.0165129
  0.0197246           0   -0.014415   0.0239789
 -0.0136697    0.014415           0 -0.00339296
  0.0165129  -0.0239789  0.00339296           0
Repeater1[0]<--->HoM1[0]
REAL
   0.351662 -0.00646776 -0.00654174   0.0509486
-0.00646776    0.138107 -0.00051269  0.00218309
-0.00654174 -0.00051269    0.140665  -0.0290241
  0.0509486  0.00218309  -0.0290241    0.369565
IMAGINARY
          0  -0.0083291  0.00565079  0.00181682
  0.0083291           0 -0.00665776 -0.00755676
-0.00565079  0.00665776           0   0.0216709
-0.00181682  0.00755676  -0.0216709           0
EndNode1[0]<--->Repeater1[0]
REAL
  0.351245 -0.0070594 0.00764105  0.0413867
-0.0070594   0.153342 -0.0120484  0.0216973
0.00764105 -0.0120484   0.145478  -0.019782
 0.0413867  0.0216973  -0.019782   0.349934
IMAGINARY
           0    -0.006048    -0.017529  -0.00707972
    0.006048            0   0.00973224  0.000989539
    0.017529  -0.00973224            0    0.0213152
  0.00707972 -0.000989539   -0.0213152            0
EndNode2[0]<--->HoM1[0]
REAL
    0.348898   0.00408805   -0.0197174    0.0323273
  0.00408805     0.162127   -0.0335931 -0.000535789
  -0.0197174   -0.0335931     0.159533  -0.00408805
   0.0323273 -0.000535789  -0.00408805     0.329442
IMAGINARY
          0  -0.0268178     0.01473  -0.0220227
  0.0268178           0  0.00784744   0.0225834
   -0.01473 -0.00784744           0 -0.00676431
  0.0220227  -0.0225834  0.00676431           0
Repeater1[0]<--->EndNode1[0]
REAL
  0.351245 0.00764105 -0.0070594  0.0413867
0.00764105   0.145478 -0.0120484  -0.019782
-0.0070594 -0.0120484   0.153342  0.0216973
 0.0413867  -0.019782  0.0216973   0.349934
IMAGINARY
           0    -0.017529    -0.006048  -0.00707972
    0.017529            0  -0.00973224    0.0213152
    0.006048   0.00973224            0  0.000989539
  0.00707972   -0.0213152 -0.000989539            0
Repeater1[0]<--->HoM1[0]
REAL
    0.348898   -0.0197174   0.00408805    0.0323273
  -0.0197174     0.159533   -0.0335931  -0.00408805
  0.00408805   -0.0335931     0.162127 -0.000535789
   0.0323273  -0.00408805 -0.000535789     0.329442
IMAGINARY
          0     0.01473  -0.0268178  -0.0220227
   -0.01473           0 -0.00784744 -0.00676431
  0.0268178  0.00784744           0   0.0225834
  0.0220227  0.00676431  -0.0225834           0
EndNode1[0]<--->Repeater1[0]
REAL
   0.343203  -0.0074507 -0.00678909   0.0345802
 -0.0074507     0.15747 -0.00357243  -0.0074228
-0.00678909 -0.00357243     0.15747  -0.0054692
  0.0345802  -0.0074228  -0.0054692    0.341857
IMAGINARY
          0   -0.010325 -0.00588541   0.0435134
   0.010325           0   0.0156653  -0.0108482
 0.00588541  -0.0156653           0 -0.00640858
 -0.0435134   0.0108482  0.00640858           0
EndNode2[0]<--->HoM1[0]
REAL
   0.326708 -0.00252434   0.0185804   0.0387032
-0.00252434    0.149068  -0.0131102  -0.0204531
  0.0185804  -0.0131102    0.152795  0.00814232
  0.0387032  -0.0204531  0.00814232    0.371429
IMAGINARY
          0 -0.00712435   0.0216914  0.00739074
 0.00712435           0  -0.0106333   0.0132826
 -0.0216914   0.0106333           0 -0.00971503
-0.00739074  -0.0132826  0.00971503           0
Repeater1[0]<--->EndNode1[0]
REAL
   0.343203 -0.00678909  -0.0074507   0.0345802
-0.00678909     0.15747 -0.00357243  -0.0054692
 -0.0074507 -0.00357243     0.15747  -0.0074228
  0.0345802  -0.0054692  -0.0074228    0.341857
IMAGINARY
          0 -0.00588541   -0.010325   0.0435134
 0.00588541           0  -0.0156653 -0.00640858
   0.010325   0.0156653           0  -0.0108482
 -0.0435134  0.00640858   0.0108482           0
Repeater1[0]<--->HoM1[0]
REAL
   0.326708   0.0185804 -0.00252434   0.0387032
  0.0185804    0.152795  -0.0131102  0.00814232
-0.00252434  -0.0131102    0.149068  -0.0204531
  0.0387032  0.00814232  -0.0204531    0.371429
IMAGINARY
          0   0.0216914 -0.00712435  0.00739074
 -0.0216914           0   0.0106333 -0.00971503
 0.00712435  -0.0106333           0   0.0132826
-0.00739074  0.00971503  -0.0132826           0
EndNode1[0]<--->Repeater1[0]
REAL
   0.33724 -0.0129133  0.0102567 0.00705205
-0.0129133   0.158854 -0.0102779 0.00458203
 0.0102567 -0.0102779    0.15625 -0.0109576
0.00705205 0.00458203 -0.0109576   0.347656
IMAGINARY
           0   -0.0253877    0.0275519   0.00229737
   0.0253877            0 -0.000300033   0.00903342
  -0.0275519  0.000300033            0   0.00163932
 -0.00229737  -0.00903342  -0.00163932            0
EndNode2[0]<--->HoM1[0]
REAL
   0.298995  -0.0187974  -0.0203391   0.0361112
 -0.0187974    0.160804  0.00435524  -0.0228708
 -0.0203391  0.00435524    0.159548 -0.00109287
  0.0361112  -0.0228708 -0.00109287    0.380653
IMAGINARY
          0  0.00211433   0.0171857 -0.00882044
-0.00211433           0  -0.0244242 -0.00286442
 -0.0171857   0.0244242           0  0.00598031
 0.00882044  0.00286442 -0.00598031           0
Repeater1[0]<--->EndNode1[0]
REAL
   0.33724  0.0102567 -0.0129133 0.00705205
 0.0102567    0.15625 -0.0102779 -0.0109576
-0.0129133 -0.0102779   0.158854 0.00458203
0.00705205 -0.0109576 0.00458203   0.347656
IMAGINARY
           0    0.0275519   -0.0253877   0.00229737
  -0.0275519            0  0.000300033   0.00163932
   0.0253877 -0.000300033            0   0.00903342
 -0.00229737  -0.00163932  -0.00903342            0
Repeater1[0]<--->HoM1[0]
REAL
   0.298995  -0.0203391  -0.0187974   0.0361112
 -0.0203391    0.159548  0.00435524 -0.00109287
 -0.0187974  0.00435524    0.160804  -0.0228708
  0.0361112 -0.00109287  -0.0228708    0.380653
IMAGINARY
          0   0.0171857  0.00211433 -0.00882044
 -0.0171857           0   0.0244242  0.00598031
-0.00211433  -0.0244242           0 -0.00286442
 0.00882044 -0.00598031  0.00286442           0
EndNode1[0]<--->Repeater1[0]
REAL
    0.338832  -0.00617934 -0.000254359    0.0391407
 -0.00617934     0.142132   -0.0104201    0.0120037
-0.000254359   -0.0104201     0.173858    0.0270671
   0.0391407    0.0120037    0.0270671     0.345178
IMAGINARY
          0  0.00879101  0.00584247   0.0064649
-0.00879101           0  -0.0294828  -0.0165075
-0.00584247   0.0294828           0  0.00814751
 -0.0064649   0.0165075 -0.00814751           0
EndNode2[0]<--->HoM1[0]
REAL
  0.335948  0.0103942 0.00108789  0.0438691
 0.0103942   0.132026  -0.010287 0.00513102
0.00108789  -0.010287   0.180392  0.0144814
 0.0438691 0.00513102  0.0144814   0.351634
IMAGINARY
          0   0.0100547   0.0279695  0.00702508
 -0.0100547           0 -0.00766202 -0.00152113
 -0.0279695  0.00766202           0  -0.0188709
-0.00702508  0.00152113   0.0188709           0
Repeater1[0]<--->EndNode1[0]
REAL
    0.338832 -0.000254359  -0.00617934    0.0391407
-0.000254359     0.173858   -0.0104201    0.0270671
 -0.00617934   -0.0104201     0.142132    0.0120037
   0.0391407    0.0270671    0.0120037     0.345178
IMAGINARY
          0  0.00584247  0.00879101   0.0064649
-0.00584247           0   0.0294828  0.00814751
-0.00879101  -0.0294828           0  -0.0165075
 -0.0064649 -0.00814751   0.0165075           0
Repeater1[0]<--->HoM1[0]
REAL
  0.335948 0.00108789  0.0103942  0.0438691
0.00108789   0.180392  -0.010287  0.0144814
 0.0103942  -0.010287   0.132026 0.00513102
 0.0438691  0.0144814 0.00513102   0.351634
IMAGINARY
          0   0.0279695   0.0100547  0.00702508
 -0.0279695           0  0.00766202  -0.0188709
 -0.0100547 -0.00766202           0 -0.00152113
-0.00702508   0.0188709  0.00152113           0
EndNode1[0]<--->Repeater1[0]
REAL
   0.298701  0.00166298 -0.00725716  0.00879241
 0.00166298    0.197403  0.00352925   0.0117967
-0.00725716  0.00352925    0.167532  0.00287658
 0.00879241   0.0117967  0.00287658    0.336364
IMAGINARY
          0 -0.00208333  0.00691004  -0.0295414
 0.00208333           0  -0.0163835  0.00756364
-0.00691004   0.0163835           0  -0.0229167
  0.0295414 -0.00756364   0.0229167           0
EndNode2[0]<--->HoM1[0]
REAL
    0.363871    0.0026308  -0.00899227    0.0309963
   0.0026308     0.140645 -0.000616578   0.00139734
 -0.00899227 -0.000616578     0.170323  -0.00389662
   0.0309963   0.00139734  -0.00389662     0.325161
IMAGINARY
          0  0.00809391 -0.00496003  -0.0028567
-0.00809391           0   0.0302998  -0.0240722
 0.00496003  -0.0302998           0  0.00932544
  0.0028567   0.0240722 -0.00932544           0
Repeater1[0]<--->EndNode1[0]
REAL
   0.298701 -0.00725716  0.00166298  0.00879241
-0.00725716    0.167532  0.00352925  0.00287658
 0.00166298  0.00352925    0.197403   0.0117967
 0.00879241  0.00287658   0.0117967    0.336364
IMAGINARY
          0  0.00691004 -0.00208333  -0.0295414
-0.00691004           0   0.0163835  -0.0229167
 0.00208333  -0.0163835           0  0.00756364
  0.0295414   0.0229167 -0.00756364           0
Repeater1[0]<--->HoM1[0]
REAL
    0.363871  -0.00899227    0.0026308    0.0309963
 -0.00899227     0.170323 -0.000616578  -0.00389662
   0.0026308 -0.000616578     0.140645   0.00139734
   0.0309963  -0.00389662   0.00139734     0.325161
IMAGINARY
          0 -0.00496003  0.00809391  -0.0028567
 0.00496003           0  -0.0302998  0.00932544
-0.00809391   0.0302998           0  -0.0240722
  0.0028567 -0.00932544   0.0240722           0
EndNode1[0]<--->Repeater1[0]
REAL
   0.324433   0.0104644 -0.00861831   0.0430348
  0.0104644    0.157543  0.00175044   0.0129128
-0.00861831  0.00175044    0.185581 -0.00248895
  0.0430348   0.0129128 -0.00248895    0.332443
IMAGINARY
           0    0.0140003    0.0124302  -0.00131444
  -0.0140003            0  2.24544e-05    0.0275436
  -0.0124302 -2.24544e-05            0   -0.0120344
  0.00131444   -0.0275436    0.0120344            0
EndNode2[0]<--->HoM1[0]
REAL
    0.325123  -0.00193947 -0.000452023    0.0475893
 -0.00193947     0.152709   0.00694417  -0.00940343
-0.000452023   0.00694417      0.17734    0.0328199
   0.0475893  -0.00940343    0.0328199     0.344828
IMAGINARY
           0    0.0156227   0.00353106    0.0178714
  -0.0156227            0   0.00997668 -0.000305255
 -0.00353106  -0.00997668            0  -0.00336464
  -0.0178714  0.000305255   0.00336464            0
Repeater1[0]<--->EndNode1[0]
REAL
   0.324433 -0.00861831   0.0104644   0.0430348
-0.00861831    0.185581  0.00175044 -0.00248895
  0.0104644  0.00175044    0.157543   0.0129128
  0.0430348 -0.00248895   0.0129128    0.332443
IMAGINARY
           0    0.0124302    0.0140003  -0.00131444
  -0.0124302            0 -2.24544e-05   -0.0120344
  -0.0140003  2.24544e-05            0    0.0275436
  0.00131444    0.0120344   -0.0275436            0
Repeater1[0]<--->HoM1[0]
REAL
    0.325123 -0.000452023  -0.00193947    0.0475893
-0.000452023      0.17734   0.00694417    0.0328199
 -0.00193947   0.00694417     0.152709  -0.00940343
   0.0475893    0.0328199  -0.00940343     0.344828
IMAGINARY
           0   0.00353106    0.0156227    0.0178714
 -0.00353106            0  -0.00997668  -0.00336464
  -0.0156227   0.00997668            0 -0.000305255
  -0.0178714   0.00336464  0.000305255            0
