EndNode1[0]<--->Repeater1[0]
REAL
   0.458015 -0.00529622 -0.00510072   0.0310894
-0.00529622    0.351145  -0.0058234  -0.0241546
-0.00510072  -0.0058234    0.114504   0.0119452
  0.0310894  -0.0241546   0.0119452   0.0763359
IMAGINARY
          0 -0.00622292   -0.027874 -0.00219671
 0.00622292           0   0.0199833  0.00438407
   0.027874  -0.0199833           0 -0.00115963
 0.00219671 -0.00438407  0.00115963           0
EndNode2[0]<--->HoM1[0]
REAL
     0.408  0.0190906 -0.0100557 0.00421923
 0.0190906   0.170667 0.00870067  0.0294356
-0.0100557 0.00870067   0.326667 0.00416522
0.00421923  0.0294356 0.00416522  0.0946667
IMAGINARY
          0   0.0204164    0.012086 -0.00317935
 -0.0204164           0  -0.0154343  -0.0101653
  -0.012086   0.0154343           0 -0.00697212
 0.00317935   0.0101653  0.00697212           0
Repeater1[0]<--->EndNode1[0]
REAL
   0.458015 -0.00510072 -0.00529622   0.0310894
-0.00510072    0.114504  -0.0058234   0.0119452
-0.00529622  -0.0058234    0.351145  -0.0241546
  0.0310894   0.0119452  -0.0241546   0.0763359
IMAGINARY
          0   -0.027874 -0.00622292 -0.00219671
   0.027874           0  -0.0199833 -0.00115963
 0.00622292   0.0199833           0  0.00438407
 0.00219671  0.00115963 -0.00438407           0
Repeater1[0]<--->HoM1[0]
REAL
     0.408 -0.0100557  0.0190906 0.00421923
-0.0100557   0.326667 0.00870067 0.00416522
 0.0190906 0.00870067   0.170667  0.0294356
0.00421923 0.00416522  0.0294356  0.0946667
IMAGINARY
          0    0.012086   0.0204164 -0.00317935
  -0.012086           0   0.0154343 -0.00697212
 -0.0204164  -0.0154343           0  -0.0101653
 0.00317935  0.00697212   0.0101653           0
EndNode1[0]<--->Repeater1[0]
REAL
   0.443022   0.0097033 -0.00670899    0.028841
  0.0097033    0.379001   0.0197971   0.0073575
-0.00670899   0.0197971    0.116517 -0.00905479
   0.028841   0.0073575 -0.00905479   0.0614597
IMAGINARY
          0  -0.0016651  -0.0133747  -0.0239698
  0.0016651           0  -0.0153703   0.0159587
  0.0133747   0.0153703           0  0.00941704
  0.0239698  -0.0159587 -0.00941704           0
EndNode2[0]<--->HoM1[0]
REAL
   0.458034 -0.00241604  -0.0012432   0.0173496
-0.00241604    0.161871 -0.00581115   0.0038073
 -0.0012432 -0.00581115    0.298561   0.0062622
  0.0173496   0.0038073   0.0062622   0.0815348
IMAGINARY
          0  0.00907879   0.0012083  -0.0110595
-0.00907879           0   0.0065081 -0.00393309
 -0.0012083  -0.0065081           0   0.0127196
  0.0110595  0.00393309  -0.0127196           0
Repeater1[0]<--->EndNode1[0]
REAL
   0.443022 -0.00670899   0.0097033    0.028841
-0.00670899    0.116517   0.0197971 -0.00905479
  0.0097033   0.0197971    0.379001   0.0073575
   0.028841 -0.00905479   0.0073575   0.0614597
IMAGINARY
          0  -0.0133747  -0.0016651  -0.0239698
  0.0133747           0   0.0153703  0.00941704
  0.0016651  -0.0153703           0   0.0159587
  0.0239698 -0.00941704  -0.0159587           0
Repeater1[0]<--->HoM1[0]
REAL
   0.458034  -0.0012432 -0.00241604   0.0173496
 -0.0012432    0.298561 -0.00581115   0.0062622
-0.00241604 -0.00581115    0.161871   0.0038073
  0.0173496   0.0062622   0.0038073   0.0815348
IMAGINARY
          0   0.0012083  0.00907879  -0.0110595
 -0.0012083           0  -0.0065081   0.0127196
-0.00907879   0.0065081           0 -0.00393309
  0.0110595  -0.0127196  0.00393309           0
EndNode1[0]<--->Repeater1[0]
REAL
   0.438263  -0.0273086 -0.00625243   0.0194901
 -0.0273086    0.397558  -0.0214306  0.00301828
-0.00625243  -0.0214306   0.0936228 -0.00956074
  0.0194901  0.00301828 -0.00956074   0.0705563
IMAGINARY
           0   0.00961027 -5.28691e-05  -0.00892005
 -0.00961027            0  -0.00959847     0.010283
 5.28691e-05   0.00959847            0    0.0146864
  0.00892005    -0.010283   -0.0146864            0
EndNode2[0]<--->HoM1[0]
REAL
  0.463672   0.022657 -0.0239537 0.00484204
  0.022657   0.179657 0.00936985  0.0162018
-0.0239537 0.00936985   0.280053  0.0135187
0.00484204  0.0162018  0.0135187  0.0766182
IMAGINARY
          0  -0.0055984 -0.00499156 -0.00931177
  0.0055984           0   0.0112726  -0.0124729
 0.00499156  -0.0112726           0 -0.00798504
 0.00931177   0.0124729  0.00798504           0
Repeater1[0]<--->EndNode1[0]
REAL
   0.438263 -0.00625243  -0.0273086   0.0194901
-0.00625243   0.0936228  -0.0214306 -0.00956074
 -0.0273086  -0.0214306    0.397558  0.00301828
  0.0194901 -0.00956074  0.00301828   0.0705563
IMAGINARY
           0 -5.28691e-05   0.00961027  -0.00892005
 5.28691e-05            0   0.00959847    0.0146864
 -0.00961027  -0.00959847            0     0.010283
  0.00892005   -0.0146864    -0.010283            0
Repeater1[0]<--->HoM1[0]
REAL
  0.463672 -0.0239537   0.022657 0.00484204
-0.0239537   0.280053 0.00936985  0.0135187
  0.022657 0.00936985   0.179657  0.0162018
0.00484204  0.0135187  0.0162018  0.0766182
IMAGINARY
          0 -0.00499156  -0.0055984 -0.00931177
 0.00499156           0  -0.0112726 -0.00798504
  0.0055984   0.0112726           0  -0.0124729
 0.00931177  0.00798504   0.0124729           0
EndNode1[0]<--->Repeater1[0]
REAL
   0.402581 -0.00925955   0.0161715   0.0261559
-0.00925955        0.44  -0.0102323 -0.00152182
  0.0161715  -0.0102323   0.0864516  -0.0117596
  0.0261559 -0.00152182  -0.0117596   0.0709677
IMAGINARY
          0  0.00145524  0.00427428   0.0162871
-0.00145524           0   0.0125087 -0.00966511
-0.00427428  -0.0125087           0   0.0174127
 -0.0162871  0.00966511  -0.0174127           0
EndNode2[0]<--->HoM1[0]
REAL
        0.45   0.00340415  -0.00141724    0.0272163
  0.00340415     0.148718 -0.000172255   -0.0218532
 -0.00141724 -0.000172255     0.346154   0.00854554
   0.0272163   -0.0218532   0.00854554    0.0551282
IMAGINARY
          0  -0.0103796  -0.0132544  -0.0163988
  0.0103796           0   0.0157348 -0.00266913
  0.0132544  -0.0157348           0   0.0122904
  0.0163988  0.00266913  -0.0122904           0
Repeater1[0]<--->EndNode1[0]
REAL
   0.402581   0.0161715 -0.00925955   0.0261559
  0.0161715   0.0864516  -0.0102323  -0.0117596
-0.00925955  -0.0102323        0.44 -0.00152182
  0.0261559  -0.0117596 -0.00152182   0.0709677
IMAGINARY
          0  0.00427428  0.00145524   0.0162871
-0.00427428           0  -0.0125087   0.0174127
-0.00145524   0.0125087           0 -0.00966511
 -0.0162871  -0.0174127  0.00966511           0
Repeater1[0]<--->HoM1[0]
REAL
        0.45  -0.00141724   0.00340415    0.0272163
 -0.00141724     0.346154 -0.000172255   0.00854554
  0.00340415 -0.000172255     0.148718   -0.0218532
   0.0272163   0.00854554   -0.0218532    0.0551282
IMAGINARY
          0  -0.0132544  -0.0103796  -0.0163988
  0.0132544           0  -0.0157348   0.0122904
  0.0103796   0.0157348           0 -0.00266913
  0.0163988  -0.0122904  0.00266913           0
EndNode1[0]<--->Repeater1[0]
REAL
   0.442211  0.00600483   0.0101597   0.0217949
 0.00600483    0.383166   0.0115385 -0.00712939
  0.0101597   0.0115385    0.105528   0.0152073
  0.0217949 -0.00712939   0.0152073   0.0690955
IMAGINARY
           0    0.0126436    0.0062512  0.000631953
  -0.0126436            0   0.00394321  -0.00753326
  -0.0062512  -0.00394321            0   0.00658712
-0.000631953   0.00753326  -0.00658712            0
EndNode2[0]<--->HoM1[0]
REAL
    0.424516 -0.000630981   -0.0158847  -0.00506247
-0.000630981     0.175484   -0.0135991    0.0152412
  -0.0158847   -0.0135991     0.325161  -0.00387352
 -0.00506247    0.0152412  -0.00387352    0.0748387
IMAGINARY
           0   -0.0127276   -0.0246791  -0.00538587
   0.0127276            0    0.0209299  0.000288873
   0.0246791   -0.0209299            0 -0.000687038
  0.00538587 -0.000288873  0.000687038            0
Repeater1[0]<--->EndNode1[0]
REAL
   0.442211   0.0101597  0.00600483   0.0217949
  0.0101597    0.105528   0.0115385   0.0152073
 0.00600483   0.0115385    0.383166 -0.00712939
  0.0217949   0.0152073 -0.00712939   0.0690955
IMAGINARY
           0    0.0062512    0.0126436  0.000631953
  -0.0062512            0  -0.00394321   0.00658712
  -0.0126436   0.00394321            0  -0.00753326
-0.000631953  -0.00658712   0.00753326            0
Repeater1[0]<--->HoM1[0]
REAL
    0.424516   -0.0158847 -0.000630981  -0.00506247
  -0.0158847     0.325161   -0.0135991  -0.00387352
-0.000630981   -0.0135991     0.175484    0.0152412
 -0.00506247  -0.00387352    0.0152412    0.0748387
IMAGINARY
           0   -0.0246791   -0.0127276  -0.00538587
   0.0246791            0   -0.0209299 -0.000687038
   0.0127276    0.0209299            0  0.000288873
  0.00538587  0.000687038 -0.000288873            0
EndNode1[0]<--->Repeater1[0]
REAL
   0.432796  -0.0122899  0.00460287  0.00625332
 -0.0122899    0.396505  -0.0161347  0.00396103
 0.00460287  -0.0161347    0.102151 -0.00154405
 0.00625332  0.00396103 -0.00154405   0.0685484
IMAGINARY
          0  0.00663138  -0.0103816  0.00356033
-0.00663138           0 -0.00851083   0.0178442
  0.0103816  0.00851083           0  -0.0265319
-0.00356033  -0.0178442   0.0265319           0
EndNode2[0]<--->HoM1[0]
REAL
   0.444586 -0.00427148 -0.00702867  0.00432934
-0.00427148    0.171975    0.031197  0.00966025
-0.00702867    0.031197    0.315924 -0.00493904
 0.00432934  0.00966025 -0.00493904   0.0675159
IMAGINARY
           0   -0.0290587    0.0116132   0.00373608
   0.0290587            0   -0.0299237   -0.0188216
  -0.0116132    0.0299237            0 -0.000430182
 -0.00373608    0.0188216  0.000430182            0
Repeater1[0]<--->EndNode1[0]
REAL
   0.432796  0.00460287  -0.0122899  0.00625332
 0.00460287    0.102151  -0.0161347 -0.00154405
 -0.0122899  -0.0161347    0.396505  0.00396103
 0.00625332 -0.00154405  0.00396103   0.0685484
IMAGINARY
          0  -0.0103816  0.00663138  0.00356033
  0.0103816           0  0.00851083  -0.0265319
-0.00663138 -0.00851083           0   0.0178442
-0.00356033   0.0265319  -0.0178442           0
Repeater1[0]<--->HoM1[0]
REAL
   0.444586 -0.00702867 -0.00427148  0.00432934
-0.00702867    0.315924    0.031197 -0.00493904
-0.00427148    0.031197    0.171975  0.00966025
 0.00432934 -0.00493904  0.00966025   0.0675159
IMAGINARY
           0    0.0116132   -0.0290587   0.00373608
  -0.0116132            0    0.0299237 -0.000430182
   0.0290587   -0.0299237            0   -0.0188216
 -0.00373608  0.000430182    0.0188216            0
EndNode1[0]<--->Repeater1[0]
REAL
    0.42394   0.0195858 -0.00526201   0.0023263
  0.0195858    0.410224  0.00977047  0.00391792
-0.00526201  0.00977047   0.0910224  0.00729597
  0.0023263  0.00391792  0.00729597    0.074813
IMAGINARY
          0 -0.00279858  -0.0155019  -0.0204149
 0.00279858           0  0.00982961 -0.00931204
  0.0155019 -0.00982961           0  -0.0207746
  0.0204149  0.00931204   0.0207746           0
EndNode2[0]<--->HoM1[0]
REAL
   0.450904 -0.00417284   0.0111129   0.0197524
-0.00417284    0.179587    0.020375   0.0264667
  0.0111129    0.020375    0.289406   0.0302875
  0.0197524   0.0264667   0.0302875   0.0801034
IMAGINARY
           0   -0.0133881  -0.00986479    0.0126399
   0.0133881            0   -0.0099732  0.000524818
  0.00986479    0.0099732            0   -0.0146319
  -0.0126399 -0.000524818    0.0146319            0
Repeater1[0]<--->EndNode1[0]
REAL
    0.42394 -0.00526201   0.0195858   0.0023263
-0.00526201   0.0910224  0.00977047  0.00729597
  0.0195858  0.00977047    0.410224  0.00391792
  0.0023263  0.00729597  0.00391792    0.074813
IMAGINARY
          0  -0.0155019 -0.00279858  -0.0204149
  0.0155019           0 -0.00982961  -0.0207746
 0.00279858  0.00982961           0 -0.00931204
  0.0204149   0.0207746  0.00931204           0
Repeater1[0]<--->HoM1[0]
REAL
   0.450904   0.0111129 -0.00417284   0.0197524
  0.0111129    0.289406    0.020375   0.0302875
-0.00417284    0.020375    0.179587   0.0264667
  0.0197524   0.0302875   0.0264667   0.0801034
IMAGINARY
           0  -0.00986479   -0.0133881    0.0126399
  0.00986479            0    0.0099732   -0.0146319
   0.0133881   -0.0099732            0  0.000524818
  -0.0126399    0.0146319 -0.000524818            0
EndNode1[0]<--->Repeater1[0]
REAL
   0.450067  -0.0113058   0.0172088   0.0158873
 -0.0113058    0.370173 -0.00640566  0.00617935
  0.0172088 -0.00640566   0.0945406  -0.0133466
  0.0158873  0.00617935  -0.0133466   0.0852197
IMAGINARY
          0  -0.0241836  -0.0230154  0.00328733
  0.0241836           0  -0.0167644    0.016009
  0.0230154   0.0167644           0 -0.00830049
-0.00328733   -0.016009  0.00830049           0
EndNode2[0]<--->HoM1[0]
REAL
    0.436562  -0.00893561   -0.0121743    0.0103291
 -0.00893561     0.175989      0.01723    0.0239853
  -0.0121743      0.01723     0.298772 -0.000250744
   0.0103291    0.0239853 -0.000250744    0.0886767
IMAGINARY
          0  -0.0122727 -0.00575112  0.00754717
  0.0122727           0   0.0207547  -0.0162062
 0.00575112  -0.0207547           0  -0.0109394
-0.00754717   0.0162062   0.0109394           0
Repeater1[0]<--->EndNode1[0]
REAL
   0.450067   0.0172088  -0.0113058   0.0158873
  0.0172088   0.0945406 -0.00640566  -0.0133466
 -0.0113058 -0.00640566    0.370173  0.00617935
  0.0158873  -0.0133466  0.00617935   0.0852197
IMAGINARY
          0  -0.0230154  -0.0241836  0.00328733
  0.0230154           0   0.0167644 -0.00830049
  0.0241836  -0.0167644           0    0.016009
-0.00328733  0.00830049   -0.016009           0
Repeater1[0]<--->HoM1[0]
REAL
    0.436562   -0.0121743  -0.00893561    0.0103291
  -0.0121743     0.298772      0.01723 -0.000250744
 -0.00893561      0.01723     0.175989    0.0239853
   0.0103291 -0.000250744    0.0239853    0.0886767
IMAGINARY
          0 -0.00575112  -0.0122727  0.00754717
 0.00575112           0  -0.0207547  -0.0109394
  0.0122727   0.0207547           0  -0.0162062
-0.00754717   0.0109394   0.0162062           0
