EndNode1[0]<--->Repeater1[0]
REAL
         0 -0.0961538 -0.0357143          0
-0.0961538        0.5        0.5  0.0357143
-0.0357143        0.5        0.5  0.0961538
         0  0.0357143  0.0961538          0
IMAGINARY
         0 -0.0222222   0.277778       -0.2
 0.0222222          0        0.1  -0.222222
 -0.277778       -0.1          0  0.0777778
       0.2   0.222222 -0.0777778          0
EndNode2[0]<--->HoM1[0]
REAL
0.166667   0.1875  -0.1875 0.291667
  0.1875 0.333333 0.208333   0.0625
 -0.1875 0.208333 0.166667  -0.3125
0.291667   0.0625  -0.3125 0.333333
IMAGINARY
         0   0.220238 -0.0357143  -0.166667
 -0.220238          0 -0.0833333  0.0357143
 0.0357143  0.0833333          0  -0.136905
  0.166667 -0.0357143   0.136905          0
Repeater1[0]<--->EndNode1[0]
REAL
         0 -0.0833333 -0.0961538          0
-0.0833333   0.571429        0.5  0.0961538
-0.0961538        0.5   0.428571  0.0833333
         0  0.0961538  0.0833333          0
IMAGINARY
         0   0.277778 -0.0222222       -0.2
 -0.277778          0       -0.1  0.0777778
 0.0222222        0.1          0  -0.222222
       0.2 -0.0777778   0.222222          0
Repeater1[0]<--->HoM1[0]
REAL
0.166667  -0.1875   0.1875 0.291667
 -0.1875 0.166667 0.208333  -0.3125
  0.1875 0.208333 0.333333   0.0625
0.291667  -0.3125   0.0625 0.333333
IMAGINARY
         0 -0.0357143   0.220238  -0.166667
 0.0357143          0  0.0833333  -0.136905
 -0.220238 -0.0833333          0  0.0357143
  0.166667   0.136905 -0.0357143          0
EndNode1[0]<--->Repeater1[0]
REAL
nan nan nan nan
nan nan nan nan
nan nan nan nan
nan nan nan nan
IMAGINARY
nan nan nan nan
nan nan nan nan
nan nan nan nan
nan nan nan nan
EndNode2[0]<--->HoM1[0]
REAL
nan nan nan nan
nan nan nan nan
nan nan nan nan
nan nan nan nan
IMAGINARY
nan nan nan nan
nan nan nan nan
nan nan nan nan
nan nan nan nan
Repeater1[0]<--->EndNode1[0]
REAL
nan nan nan nan
nan nan nan nan
nan nan nan nan
nan nan nan nan
IMAGINARY
nan nan nan nan
nan nan nan nan
nan nan nan nan
nan nan nan nan
Repeater1[0]<--->HoM1[0]
REAL
nan nan nan nan
nan nan nan nan
nan nan nan nan
nan nan nan nan
IMAGINARY
nan nan nan nan
nan nan nan nan
nan nan nan nan
nan nan nan nan
EndNode1[0]<--->Repeater1[0]
REAL
nan nan nan nan
nan nan nan nan
nan nan nan nan
nan nan nan nan
IMAGINARY
nan nan nan nan
nan nan nan nan
nan nan nan nan
nan nan nan nan
EndNode2[0]<--->HoM1[0]
REAL
nan nan nan nan
nan nan nan nan
nan nan nan nan
nan nan nan nan
IMAGINARY
nan nan nan nan
nan nan nan nan
nan nan nan nan
nan nan nan nan
Repeater1[0]<--->EndNode1[0]
REAL
nan nan nan nan
nan nan nan nan
nan nan nan nan
nan nan nan nan
IMAGINARY
nan nan nan nan
nan nan nan nan
nan nan nan nan
nan nan nan nan
Repeater1[0]<--->HoM1[0]
REAL
nan nan nan nan
nan nan nan nan
nan nan nan nan
nan nan nan nan
IMAGINARY
nan nan nan nan
nan nan nan nan
nan nan nan nan
nan nan nan nan
EndNode1[0]<--->Repeater1[0]
REAL
nan nan nan nan
nan nan nan nan
nan nan nan nan
nan nan nan nan
IMAGINARY
nan nan nan nan
nan nan nan nan
nan nan nan nan
nan nan nan nan
EndNode2[0]<--->HoM1[0]
REAL
nan nan nan nan
nan nan nan nan
nan nan nan nan
nan nan nan nan
IMAGINARY
nan nan nan nan
nan nan nan nan
nan nan nan nan
nan nan nan nan
Repeater1[0]<--->EndNode1[0]
REAL
nan nan nan nan
nan nan nan nan
nan nan nan nan
nan nan nan nan
IMAGINARY
nan nan nan nan
nan nan nan nan
nan nan nan nan
nan nan nan nan
Repeater1[0]<--->HoM1[0]
REAL
nan nan nan nan
nan nan nan nan
nan nan nan nan
nan nan nan nan
IMAGINARY
nan nan nan nan
nan nan nan nan
nan nan nan nan
nan nan nan nan
