EndNode1[0]<--->Repeater1[0]
REAL
    0.433246   -0.0115957  -0.00813953     0.366229
  -0.0115957    0.0981675    0.0749475  -0.00297158
 -0.00813953    0.0749475     0.112565 -0.000822585
    0.366229  -0.00297158 -0.000822585     0.356021
IMAGINARY
          0    0.014451  -0.0110603   0.0108453
  -0.014451           0  0.00373014  -0.0265883
  0.0110603 -0.00373014           0   0.0284816
 -0.0108453   0.0265883  -0.0284816           0
EndNode2[0]<--->HoM1[0]
REAL
   0.424202 -0.00742577 -0.00719441    0.380291
-0.00742577   0.0930851   0.0645017  0.00656706
-0.00719441   0.0645017   0.0784574  0.00930783
   0.380291  0.00656706  0.00930783    0.404255
IMAGINARY
           0   -0.0248888  -0.00115915   -0.0193941
   0.0248888            0   0.00293841    0.0314223
  0.00115915  -0.00293841            0 -0.000111182
   0.0193941   -0.0314223  0.000111182            0
Repeater1[0]<--->EndNode1[0]
REAL
    0.433246  -0.00813953   -0.0115957     0.366229
 -0.00813953     0.112565    0.0749475 -0.000822585
  -0.0115957    0.0749475    0.0981675  -0.00297158
    0.366229 -0.000822585  -0.00297158     0.356021
IMAGINARY
          0  -0.0110603    0.014451   0.0108453
  0.0110603           0 -0.00373014   0.0284816
  -0.014451  0.00373014           0  -0.0265883
 -0.0108453  -0.0284816   0.0265883           0
Repeater1[0]<--->HoM1[0]
REAL
   0.424202 -0.00719441 -0.00742577    0.380291
-0.00719441   0.0784574   0.0645017  0.00930783
-0.00742577   0.0645017   0.0930851  0.00656706
   0.380291  0.00930783  0.00656706    0.404255
IMAGINARY
           0  -0.00115915   -0.0248888   -0.0193941
  0.00115915            0  -0.00293841 -0.000111182
   0.0248888   0.00293841            0    0.0314223
   0.0193941  0.000111182   -0.0314223            0
EndNode1[0]<--->Repeater1[0]
REAL
   0.417391 -0.00070231  -0.0102717    0.355602
-0.00070231    0.115528    0.069888   0.0109253
 -0.0102717    0.069888    0.115528 -0.00256566
   0.355602   0.0109253 -0.00256566    0.351553
IMAGINARY
           0  7.59291e-05  -0.00856517    0.0091646
-7.59291e-05            0 -0.000463128  -0.00791834
  0.00856517  0.000463128            0    0.0164076
  -0.0091646   0.00791834   -0.0164076            0
EndNode2[0]<--->HoM1[0]
REAL
   0.415233 -0.00315316    0.016369     0.38385
-0.00315316   0.0737101   0.0715073 -0.00744048
   0.016369   0.0715073    0.103194   0.0108062
    0.38385 -0.00744048   0.0108062    0.407862
IMAGINARY
          0 -0.00233508  0.00632996 -0.00272302
 0.00233508           0   0.0185125   0.0100428
-0.00632996  -0.0185125           0 -0.00774049
 0.00272302  -0.0100428  0.00774049           0
Repeater1[0]<--->EndNode1[0]
REAL
   0.417391  -0.0102717 -0.00070231    0.355602
 -0.0102717    0.115528    0.069888 -0.00256566
-0.00070231    0.069888    0.115528   0.0109253
   0.355602 -0.00256566   0.0109253    0.351553
IMAGINARY
           0  -0.00856517  7.59291e-05    0.0091646
  0.00856517            0  0.000463128    0.0164076
-7.59291e-05 -0.000463128            0  -0.00791834
  -0.0091646   -0.0164076   0.00791834            0
Repeater1[0]<--->HoM1[0]
REAL
   0.415233    0.016369 -0.00315316     0.38385
   0.016369    0.103194   0.0715073   0.0108062
-0.00315316   0.0715073   0.0737101 -0.00744048
    0.38385   0.0108062 -0.00744048    0.407862
IMAGINARY
          0  0.00632996 -0.00233508 -0.00272302
-0.00632996           0  -0.0185125 -0.00774049
 0.00233508   0.0185125           0   0.0100428
 0.00272302  0.00774049  -0.0100428           0
EndNode1[0]<--->Repeater1[0]
REAL
   0.424354  0.00980539 -0.00232404    0.365934
 0.00980539    0.102091   0.0756328 -0.00232404
-0.00232404   0.0756328    0.108241 -0.00648534
   0.365934 -0.00232404 -0.00648534    0.365314
IMAGINARY
           0 -0.000372052    0.0057694    0.0216756
 0.000372052            0    0.0118201  -0.00511409
  -0.0057694   -0.0118201            0   0.00233798
  -0.0216756   0.00511409  -0.00233798            0
EndNode2[0]<--->HoM1[0]
REAL
    0.39312 -0.00754652  -0.0153598     0.35497
-0.00754652    0.108108     0.08253  0.00563758
 -0.0153598     0.08253    0.104423  0.00476875
    0.35497  0.00563758  0.00476875    0.394349
IMAGINARY
          0 -0.00488085   0.0175415   0.0151103
 0.00488085           0    0.003361 -0.00173871
 -0.0175415   -0.003361           0  0.00677718
 -0.0151103  0.00173871 -0.00677718           0
Repeater1[0]<--->EndNode1[0]
REAL
   0.424354 -0.00232404  0.00980539    0.365934
-0.00232404    0.108241   0.0756328 -0.00648534
 0.00980539   0.0756328    0.102091 -0.00232404
   0.365934 -0.00648534 -0.00232404    0.365314
IMAGINARY
           0    0.0057694 -0.000372052    0.0216756
  -0.0057694            0   -0.0118201   0.00233798
 0.000372052    0.0118201            0  -0.00511409
  -0.0216756  -0.00233798   0.00511409            0
Repeater1[0]<--->HoM1[0]
REAL
    0.39312  -0.0153598 -0.00754652     0.35497
 -0.0153598    0.104423     0.08253  0.00476875
-0.00754652     0.08253    0.108108  0.00563758
    0.35497  0.00476875  0.00563758    0.394349
IMAGINARY
          0   0.0175415 -0.00488085   0.0151103
 -0.0175415           0   -0.003361  0.00677718
 0.00488085    0.003361           0 -0.00173871
 -0.0151103 -0.00677718  0.00173871           0
