EndNode1[0]<--->Repeater1[0]
REAL
    0.254118  -0.00495874    0.0078211    0.0578976
 -0.00495874     0.241176    0.0275946    0.0206763
   0.0078211    0.0275946         0.24 -0.000222609
   0.0578976    0.0206763 -0.000222609     0.264706
IMAGINARY
          0 -0.00521599  0.00806452   0.0178415
 0.00521599           0  -0.0157553 -0.00806452
-0.00806452   0.0157553           0   0.0178423
 -0.0178415  0.00806452  -0.0178423           0
EndNode2[0]<--->HoM1[0]
REAL
   0.271739 -0.00854313  0.00458113   0.0432856
-0.00854313    0.252717   0.0217604 -0.00918034
 0.00458113   0.0217604    0.236413 -0.00788263
  0.0432856 -0.00918034 -0.00788263     0.23913
IMAGINARY
          0   0.0091541   -0.015455 -0.00871517
 -0.0091541           0  0.00497453  0.00253986
   0.015455 -0.00497453           0 -0.00238903
 0.00871517 -0.00253986  0.00238903           0
Repeater1[0]<--->EndNode1[0]
REAL
    0.254118    0.0078211  -0.00495874    0.0578976
   0.0078211         0.24    0.0275946 -0.000222609
 -0.00495874    0.0275946     0.241176    0.0206763
   0.0578976 -0.000222609    0.0206763     0.264706
IMAGINARY
          0  0.00806452 -0.00521599   0.0178415
-0.00806452           0   0.0157553   0.0178423
 0.00521599  -0.0157553           0 -0.00806452
 -0.0178415  -0.0178423  0.00806452           0
Repeater1[0]<--->HoM1[0]
REAL
   0.271739  0.00458113 -0.00854313   0.0432856
 0.00458113    0.236413   0.0217604 -0.00788263
-0.00854313   0.0217604    0.252717 -0.00918034
  0.0432856 -0.00788263 -0.00918034     0.23913
IMAGINARY
          0   -0.015455   0.0091541 -0.00871517
   0.015455           0 -0.00497453 -0.00238903
 -0.0091541  0.00497453           0  0.00253986
 0.00871517  0.00238903 -0.00253986           0
