EndNode1[0]<--->Repeater1[0]
REAL
   0.342246 -0.00787429    0.010742    0.179574
-0.00787429    0.173797   0.0282916  -0.0176085
   0.010742   0.0282916    0.167112  0.00849851
   0.179574  -0.0176085  0.00849851    0.316845
IMAGINARY
          0  0.00174053  0.00352523   0.0215492
-0.00174053           0 -0.00546006  0.00416708
-0.00352523  0.00546006           0 -0.00686874
 -0.0215492 -0.00416708  0.00686874           0
EndNode2[0]<--->HoM1[0]
REAL
   0.385496  0.00440914 -0.00242104    0.175237
 0.00440914    0.165394   0.0408281  -0.0094096
-0.00242104   0.0408281    0.109415  -0.0336744
   0.175237  -0.0094096  -0.0336744    0.339695
IMAGINARY
          0  0.00605101  0.00920873   0.0101337
-0.00605101           0 -0.00754305 -0.00920873
-0.00920873  0.00754305           0   0.0262071
 -0.0101337  0.00920873  -0.0262071           0
Repeater1[0]<--->EndNode1[0]
REAL
   0.342246    0.010742 -0.00787429    0.179574
   0.010742    0.167112   0.0282916  0.00849851
-0.00787429   0.0282916    0.173797  -0.0176085
   0.179574  0.00849851  -0.0176085    0.316845
IMAGINARY
          0  0.00352523  0.00174053   0.0215492
-0.00352523           0  0.00546006 -0.00686874
-0.00174053 -0.00546006           0  0.00416708
 -0.0215492  0.00686874 -0.00416708           0
Repeater1[0]<--->HoM1[0]
REAL
   0.385496 -0.00242104  0.00440914    0.175237
-0.00242104    0.109415   0.0408281  -0.0336744
 0.00440914   0.0408281    0.165394  -0.0094096
   0.175237  -0.0336744  -0.0094096    0.339695
IMAGINARY
          0  0.00920873  0.00605101   0.0101337
-0.00920873           0  0.00754305   0.0262071
-0.00605101 -0.00754305           0 -0.00920873
 -0.0101337  -0.0262071  0.00920873           0
EndNode1[0]<--->Repeater1[0]
REAL
  0.340617 0.00810719 -0.0161737   0.187902
0.00810719   0.176093  0.0328185 -0.0192188
-0.0161737  0.0328185   0.151671 -0.0319167
  0.187902 -0.0192188 -0.0319167    0.33162
IMAGINARY
           0   -0.0113144  -0.00900901  -0.00634656
   0.0113144            0   -0.0114617   -0.0019305
  0.00900901    0.0114617            0 -0.000912147
  0.00634656    0.0019305  0.000912147            0
EndNode2[0]<--->HoM1[0]
REAL
   0.385919  0.00111528 -0.00480182    0.167396
 0.00111528    0.149935   0.0425664  0.00291027
-0.00480182   0.0425664    0.148631   -0.010573
   0.167396  0.00291027   -0.010573    0.315515
IMAGINARY
          0 -0.00850114   0.0222205 -0.00362337
 0.00850114           0  0.00487337    0.012568
 -0.0222205 -0.00487337           0  -0.0140091
 0.00362337   -0.012568   0.0140091           0
Repeater1[0]<--->EndNode1[0]
REAL
  0.340617 -0.0161737 0.00810719   0.187902
-0.0161737   0.151671  0.0328185 -0.0319167
0.00810719  0.0328185   0.176093 -0.0192188
  0.187902 -0.0319167 -0.0192188    0.33162
IMAGINARY
           0  -0.00900901   -0.0113144  -0.00634656
  0.00900901            0    0.0114617 -0.000912147
   0.0113144   -0.0114617            0   -0.0019305
  0.00634656  0.000912147    0.0019305            0
Repeater1[0]<--->HoM1[0]
REAL
   0.385919 -0.00480182  0.00111528    0.167396
-0.00480182    0.148631   0.0425664   -0.010573
 0.00111528   0.0425664    0.149935  0.00291027
   0.167396   -0.010573  0.00291027    0.315515
IMAGINARY
          0   0.0222205 -0.00850114 -0.00362337
 -0.0222205           0 -0.00487337  -0.0140091
 0.00850114  0.00487337           0    0.012568
 0.00362337   0.0140091   -0.012568           0
EndNode1[0]<--->Repeater1[0]
REAL
   0.382315   0.0169484   0.0191288    0.181009
  0.0169484    0.148244   0.0336406    0.015903
  0.0191288   0.0336406    0.161248 -0.00484648
   0.181009    0.015903 -0.00484648    0.308192
IMAGINARY
          0 -0.00356346 -0.00632189  -0.0127424
 0.00356346           0  0.00787619   0.0155324
 0.00632189 -0.00787619           0  -0.0266997
  0.0127424  -0.0155324   0.0266997           0
EndNode2[0]<--->HoM1[0]
REAL
   0.341115  0.00190462  0.00510204     0.19361
 0.00190462     0.16083   0.0449956 -0.00510204
 0.00510204   0.0449956    0.178988   -0.011288
    0.19361 -0.00510204   -0.011288    0.319066
IMAGINARY
           0   -0.0111786    0.0143082   0.00219336
   0.0111786            0   -0.0103695 -0.000454306
  -0.0143082    0.0103695            0   0.00362192
 -0.00219336  0.000454306  -0.00362192            0
Repeater1[0]<--->EndNode1[0]
REAL
   0.382315   0.0191288   0.0169484    0.181009
  0.0191288    0.161248   0.0336406 -0.00484648
  0.0169484   0.0336406    0.148244    0.015903
   0.181009 -0.00484648    0.015903    0.308192
IMAGINARY
          0 -0.00632189 -0.00356346  -0.0127424
 0.00632189           0 -0.00787619  -0.0266997
 0.00356346  0.00787619           0   0.0155324
  0.0127424   0.0266997  -0.0155324           0
Repeater1[0]<--->HoM1[0]
REAL
   0.341115  0.00510204  0.00190462     0.19361
 0.00510204    0.178988   0.0449956   -0.011288
 0.00190462   0.0449956     0.16083 -0.00510204
    0.19361   -0.011288 -0.00510204    0.319066
IMAGINARY
           0    0.0143082   -0.0111786   0.00219336
  -0.0143082            0    0.0103695   0.00362192
   0.0111786   -0.0103695            0 -0.000454306
 -0.00219336  -0.00362192  0.000454306            0
EndNode1[0]<--->Repeater1[0]
REAL
   0.367816   0.0181616  0.00714843    0.183512
  0.0181616    0.149425    0.010968 -0.00265549
 0.00714843    0.010968    0.158365  -0.0136686
   0.183512 -0.00265549  -0.0136686    0.324393
IMAGINARY
          0   0.0236902  -0.0251889  -0.0290486
 -0.0236902           0  -0.0192957  -0.0251889
  0.0251889   0.0192957           0  0.00653648
  0.0290486   0.0251889 -0.00653648           0
EndNode2[0]<--->HoM1[0]
REAL
   0.345912 -0.00504093 -0.00556416    0.150573
-0.00504093     0.14717   0.0330869 -0.00293258
-0.00556416   0.0330869     0.16478  -0.0243708
   0.150573 -0.00293258  -0.0243708    0.342138
IMAGINARY
          0 -0.00778359 -0.00645326  -0.0182289
 0.00778359           0  0.00987568  -0.0154047
 0.00645326 -0.00987568           0 -0.00587762
  0.0182289   0.0154047  0.00587762           0
Repeater1[0]<--->EndNode1[0]
REAL
   0.367816  0.00714843   0.0181616    0.183512
 0.00714843    0.158365    0.010968  -0.0136686
  0.0181616    0.010968    0.149425 -0.00265549
   0.183512  -0.0136686 -0.00265549    0.324393
IMAGINARY
          0  -0.0251889   0.0236902  -0.0290486
  0.0251889           0   0.0192957  0.00653648
 -0.0236902  -0.0192957           0  -0.0251889
  0.0290486 -0.00653648   0.0251889           0
Repeater1[0]<--->HoM1[0]
REAL
   0.345912 -0.00556416 -0.00504093    0.150573
-0.00556416     0.16478   0.0330869  -0.0243708
-0.00504093   0.0330869     0.14717 -0.00293258
   0.150573  -0.0243708 -0.00293258    0.342138
IMAGINARY
          0 -0.00645326 -0.00778359  -0.0182289
 0.00645326           0 -0.00987568 -0.00587762
 0.00778359  0.00987568           0  -0.0154047
  0.0182289  0.00587762   0.0154047           0
EndNode1[0]<--->Repeater1[0]
REAL
   0.362319   -0.015783 -0.00754493    0.179026
  -0.015783    0.146135   0.0389229   -0.024169
-0.00754493   0.0389229    0.146135   0.0286035
   0.179026   -0.024169   0.0286035    0.345411
IMAGINARY
          0  0.00960065  0.00225827   0.0130572
-0.00960065           0  -0.0111892  0.00159777
-0.00225827   0.0111892           0 -0.00574461
 -0.0130572 -0.00159777  0.00574461           0
EndNode2[0]<--->HoM1[0]
REAL
   0.382051  0.00120666 -0.00331418    0.178335
 0.00120666    0.120513   0.0516012  -0.0202527
-0.00331418   0.0516012    0.179487   0.0236341
   0.178335  -0.0202527   0.0236341    0.317949
IMAGINARY
          0  -0.0182604  0.00269803  0.00290318
  0.0182604           0 -0.00354012   0.0143259
-0.00269803  0.00354012           0  0.00123645
-0.00290318  -0.0143259 -0.00123645           0
Repeater1[0]<--->EndNode1[0]
REAL
   0.362319 -0.00754493   -0.015783    0.179026
-0.00754493    0.146135   0.0389229   0.0286035
  -0.015783   0.0389229    0.146135   -0.024169
   0.179026   0.0286035   -0.024169    0.345411
IMAGINARY
          0  0.00225827  0.00960065   0.0130572
-0.00225827           0   0.0111892 -0.00574461
-0.00960065  -0.0111892           0  0.00159777
 -0.0130572  0.00574461 -0.00159777           0
Repeater1[0]<--->HoM1[0]
REAL
   0.382051 -0.00331418  0.00120666    0.178335
-0.00331418    0.179487   0.0516012   0.0236341
 0.00120666   0.0516012    0.120513  -0.0202527
   0.178335   0.0236341  -0.0202527    0.317949
IMAGINARY
          0  0.00269803  -0.0182604  0.00290318
-0.00269803           0  0.00354012  0.00123645
  0.0182604 -0.00354012           0   0.0143259
-0.00290318 -0.00123645  -0.0143259           0
EndNode1[0]<--->Repeater1[0]
REAL
   0.368098  -0.0079822 -0.00303644    0.147926
 -0.0079822    0.146012    0.028997  -0.0161943
-0.00303644    0.028997    0.170552  0.00157194
   0.147926  -0.0161943  0.00157194    0.315337
IMAGINARY
          0   0.0113415  0.00603604 -0.00135281
 -0.0113415           0   0.0165043 -0.00416804
-0.00603604  -0.0165043           0  -0.0132094
 0.00135281  0.00416804   0.0132094           0
EndNode2[0]<--->HoM1[0]
REAL
   0.360406 0.000780229 -0.00707742    0.151048
0.000780229     0.15736   0.0613704   0.0181885
-0.00707742   0.0613704    0.140863 -0.00796977
   0.151048   0.0181885 -0.00796977    0.341371
IMAGINARY
           0  0.000714194   0.00692805   0.00411607
-0.000714194            0  -0.00657912  -0.00241192
 -0.00692805   0.00657912            0  -0.00523032
 -0.00411607   0.00241192   0.00523032            0
Repeater1[0]<--->EndNode1[0]
REAL
   0.368098 -0.00303644  -0.0079822    0.147926
-0.00303644    0.170552    0.028997  0.00157194
 -0.0079822    0.028997    0.146012  -0.0161943
   0.147926  0.00157194  -0.0161943    0.315337
IMAGINARY
          0  0.00603604   0.0113415 -0.00135281
-0.00603604           0  -0.0165043  -0.0132094
 -0.0113415   0.0165043           0 -0.00416804
 0.00135281   0.0132094  0.00416804           0
Repeater1[0]<--->HoM1[0]
REAL
   0.360406 -0.00707742 0.000780229    0.151048
-0.00707742    0.140863   0.0613704 -0.00796977
0.000780229   0.0613704     0.15736   0.0181885
   0.151048 -0.00796977   0.0181885    0.341371
IMAGINARY
           0   0.00692805  0.000714194   0.00411607
 -0.00692805            0   0.00657912  -0.00523032
-0.000714194  -0.00657912            0  -0.00241192
 -0.00411607   0.00523032   0.00241192            0
EndNode1[0]<--->Repeater1[0]
REAL
   0.377834 -0.00679264  -0.0196127    0.152504
-0.00679264    0.138539   0.0377278 -0.00223819
 -0.0196127   0.0377278    0.171285 -0.00349013
   0.152504 -0.00223819 -0.00349013    0.312343
IMAGINARY
          0  -0.0191796  0.00638377   0.0120946
  0.0191796           0  0.00571708   -0.032769
-0.00638377 -0.00571708           0 -0.00456712
 -0.0120946    0.032769  0.00456712           0
EndNode2[0]<--->HoM1[0]
REAL
   0.362468  0.00441211   0.0201735    0.155207
 0.00441211    0.127249   0.0520118 -0.00546757
  0.0201735   0.0520118    0.160668  -0.0177811
   0.155207 -0.00546757  -0.0177811    0.349614
IMAGINARY
          0   0.0112419  -0.0218623 -0.00792301
 -0.0112419           0   0.0212648  0.00388624
  0.0218623  -0.0212648           0  0.00407106
 0.00792301 -0.00388624 -0.00407106           0
Repeater1[0]<--->EndNode1[0]
REAL
   0.377834  -0.0196127 -0.00679264    0.152504
 -0.0196127    0.171285   0.0377278 -0.00349013
-0.00679264   0.0377278    0.138539 -0.00223819
   0.152504 -0.00349013 -0.00223819    0.312343
IMAGINARY
          0  0.00638377  -0.0191796   0.0120946
-0.00638377           0 -0.00571708 -0.00456712
  0.0191796  0.00571708           0   -0.032769
 -0.0120946  0.00456712    0.032769           0
Repeater1[0]<--->HoM1[0]
REAL
   0.362468   0.0201735  0.00441211    0.155207
  0.0201735    0.160668   0.0520118  -0.0177811
 0.00441211   0.0520118    0.127249 -0.00546757
   0.155207  -0.0177811 -0.00546757    0.349614
IMAGINARY
          0  -0.0218623   0.0112419 -0.00792301
  0.0218623           0  -0.0212648  0.00407106
 -0.0112419   0.0212648           0  0.00388624
 0.00792301 -0.00407106 -0.00388624           0
EndNode1[0]<--->Repeater1[0]
REAL
   0.370513  -0.0181042  -0.0259963    0.183995
 -0.0181042    0.142308    0.039275 -0.00230556
 -0.0259963    0.039275    0.157692  -0.0127134
   0.183995 -0.00230556  -0.0127134    0.329487
IMAGINARY
           0     -0.01408    0.0209974    0.0193084
     0.01408            0   -0.0114105 -0.000500513
  -0.0209974    0.0114105            0   0.00352102
  -0.0193084  0.000500513  -0.00352102            0
EndNode2[0]<--->HoM1[0]
REAL
  0.365039 0.00293715  0.0111415   0.170012
0.00293715   0.124679  0.0386298 0.00984616
 0.0111415  0.0386298   0.145244  0.0180505
  0.170012 0.00984616  0.0180505   0.365039
IMAGINARY
          0   0.0139309  0.00305497  0.00138252
 -0.0139309           0 -0.00335361 -0.00865896
-0.00305497  0.00335361           0  0.00163577
-0.00138252  0.00865896 -0.00163577           0
Repeater1[0]<--->EndNode1[0]
REAL
   0.370513  -0.0259963  -0.0181042    0.183995
 -0.0259963    0.157692    0.039275  -0.0127134
 -0.0181042    0.039275    0.142308 -0.00230556
   0.183995  -0.0127134 -0.00230556    0.329487
IMAGINARY
           0    0.0209974     -0.01408    0.0193084
  -0.0209974            0    0.0114105   0.00352102
     0.01408   -0.0114105            0 -0.000500513
  -0.0193084  -0.00352102  0.000500513            0
Repeater1[0]<--->HoM1[0]
REAL
  0.365039  0.0111415 0.00293715   0.170012
 0.0111415   0.145244  0.0386298  0.0180505
0.00293715  0.0386298   0.124679 0.00984616
  0.170012  0.0180505 0.00984616   0.365039
IMAGINARY
          0  0.00305497   0.0139309  0.00138252
-0.00305497           0  0.00335361  0.00163577
 -0.0139309 -0.00335361           0 -0.00865896
-0.00138252 -0.00163577  0.00865896           0
EndNode1[0]<--->Repeater1[0]
REAL
   0.354463   0.0329517   0.0461739    0.157151
  0.0329517    0.151358   0.0330455 -0.00499746
  0.0461739   0.0330455    0.161708   0.0121463
   0.157151 -0.00499746   0.0121463    0.332471
IMAGINARY
          0  -0.0220338  -0.0106707  0.00987115
  0.0220338           0  -0.0251029    0.015444
  0.0106707   0.0251029           0   0.0136805
-0.00987115   -0.015444  -0.0136805           0
EndNode2[0]<--->HoM1[0]
REAL
   0.350461 -0.00332121  -0.0113953    0.167571
-0.00332121    0.160738    0.022533  -0.0146463
 -0.0113953    0.022533    0.156785  -0.0227205
   0.167571  -0.0146463  -0.0227205    0.332016
IMAGINARY
           0   -0.0201028   0.00115205   0.00319183
   0.0201028            0  0.000704271   0.00902607
 -0.00115205 -0.000704271            0    0.0137414
 -0.00319183  -0.00902607   -0.0137414            0
Repeater1[0]<--->EndNode1[0]
REAL
   0.354463   0.0461739   0.0329517    0.157151
  0.0461739    0.161708   0.0330455   0.0121463
  0.0329517   0.0330455    0.151358 -0.00499746
   0.157151   0.0121463 -0.00499746    0.332471
IMAGINARY
          0  -0.0106707  -0.0220338  0.00987115
  0.0106707           0   0.0251029   0.0136805
  0.0220338  -0.0251029           0    0.015444
-0.00987115  -0.0136805   -0.015444           0
Repeater1[0]<--->HoM1[0]
REAL
   0.350461  -0.0113953 -0.00332121    0.167571
 -0.0113953    0.156785    0.022533  -0.0227205
-0.00332121    0.022533    0.160738  -0.0146463
   0.167571  -0.0227205  -0.0146463    0.332016
IMAGINARY
           0   0.00115205   -0.0201028   0.00319183
 -0.00115205            0 -0.000704271    0.0137414
   0.0201028  0.000704271            0   0.00902607
 -0.00319183   -0.0137414  -0.00902607            0
EndNode1[0]<--->Repeater1[0]
REAL
  0.350267 0.00340858 0.00796213   0.153427
0.00340858   0.159091  0.0277855  0.0193106
0.00796213  0.0277855    0.17246 0.00810657
  0.153427  0.0193106 0.00810657   0.318182
IMAGINARY
          0   0.0115385 -0.00244734  0.00443809
 -0.0115385           0   0.0024976  -0.0142193
 0.00244734  -0.0024976           0  -0.0205128
-0.00443809   0.0142193   0.0205128           0
EndNode2[0]<--->HoM1[0]
REAL
   0.377953   0.0205599  -0.0157637    0.171757
  0.0205599    0.149606   0.0520763   0.0176553
 -0.0157637   0.0520763    0.131234 -0.00984112
   0.171757   0.0176553 -0.00984112    0.341207
IMAGINARY
          0  -0.0270073  -0.0203014   0.0156886
  0.0270073           0  0.00529902 -0.00363475
  0.0203014 -0.00529902           0   0.0190285
 -0.0156886  0.00363475  -0.0190285           0
Repeater1[0]<--->EndNode1[0]
REAL
  0.350267 0.00796213 0.00340858   0.153427
0.00796213    0.17246  0.0277855 0.00810657
0.00340858  0.0277855   0.159091  0.0193106
  0.153427 0.00810657  0.0193106   0.318182
IMAGINARY
          0 -0.00244734   0.0115385  0.00443809
 0.00244734           0  -0.0024976  -0.0205128
 -0.0115385   0.0024976           0  -0.0142193
-0.00443809   0.0205128   0.0142193           0
Repeater1[0]<--->HoM1[0]
REAL
   0.377953  -0.0157637   0.0205599    0.171757
 -0.0157637    0.131234   0.0520763 -0.00984112
  0.0205599   0.0520763    0.149606   0.0176553
   0.171757 -0.00984112   0.0176553    0.341207
IMAGINARY
          0  -0.0203014  -0.0270073   0.0156886
  0.0203014           0 -0.00529902   0.0190285
  0.0270073  0.00529902           0 -0.00363475
 -0.0156886  -0.0190285  0.00363475           0
EndNode1[0]<--->Repeater1[0]
REAL
   0.356873  -0.0053984 -0.00299334    0.152272
 -0.0053984    0.128625   0.0345061  -0.0310246
-0.00299334   0.0345061    0.165195   0.0124587
   0.152272  -0.0310246   0.0124587    0.349306
IMAGINARY
          0   0.0110626  -0.0132335  -0.0171053
 -0.0110626           0  -0.0105263  0.00313929
  0.0132335   0.0105263           0   0.0232577
  0.0171053 -0.00313929  -0.0232577           0
EndNode2[0]<--->HoM1[0]
REAL
    0.363395   -0.0135883  -0.00705501     0.169882
  -0.0135883      0.14191    0.0350576  -0.00829879
 -0.00705501    0.0350576     0.151194 -0.000430398
    0.169882  -0.00829879 -0.000430398     0.343501
IMAGINARY
           0   0.00147626    -0.008917 -0.000453515
 -0.00147626            0    0.0106576    0.0155675
    0.008917   -0.0106576            0  -0.00812681
 0.000453515   -0.0155675   0.00812681            0
Repeater1[0]<--->EndNode1[0]
REAL
   0.356873 -0.00299334  -0.0053984    0.152272
-0.00299334    0.165195   0.0345061   0.0124587
 -0.0053984   0.0345061    0.128625  -0.0310246
   0.152272   0.0124587  -0.0310246    0.349306
IMAGINARY
          0  -0.0132335   0.0110626  -0.0171053
  0.0132335           0   0.0105263   0.0232577
 -0.0110626  -0.0105263           0  0.00313929
  0.0171053  -0.0232577 -0.00313929           0
Repeater1[0]<--->HoM1[0]
REAL
    0.363395  -0.00705501   -0.0135883     0.169882
 -0.00705501     0.151194    0.0350576 -0.000430398
  -0.0135883    0.0350576      0.14191  -0.00829879
    0.169882 -0.000430398  -0.00829879     0.343501
IMAGINARY
           0    -0.008917   0.00147626 -0.000453515
    0.008917            0   -0.0106576  -0.00812681
 -0.00147626    0.0106576            0    0.0155675
 0.000453515   0.00812681   -0.0155675            0
EndNode1[0]<--->Repeater1[0]
REAL
   0.372423  -0.0155276 -0.00221245    0.154651
 -0.0155276    0.146907   0.0376571  -0.0219075
-0.00221245   0.0376571    0.186856  0.00705303
   0.154651  -0.0219075  0.00705303    0.293814
IMAGINARY
           0    0.0111256 -0.000928555 -0.000576091
  -0.0111256            0   0.00690521   -0.0154113
 0.000928555  -0.00690521            0   -0.0300798
 0.000576091    0.0154113    0.0300798            0
EndNode2[0]<--->HoM1[0]
REAL
   0.349282  -0.0209107 -0.00904889    0.183197
 -0.0209107    0.161483   0.0335811 -0.00772963
-0.00904889   0.0335811    0.148325   0.0135281
   0.183197 -0.00772963   0.0135281    0.340909
IMAGINARY
         0  0.0140359  0.0258791  0.0101731
-0.0140359          0  0.0228957  0.0060902
-0.0258791 -0.0228957          0 -0.0281024
-0.0101731 -0.0060902  0.0281024          0
Repeater1[0]<--->EndNode1[0]
REAL
   0.372423 -0.00221245  -0.0155276    0.154651
-0.00221245    0.186856   0.0376571  0.00705303
 -0.0155276   0.0376571    0.146907  -0.0219075
   0.154651  0.00705303  -0.0219075    0.293814
IMAGINARY
           0 -0.000928555    0.0111256 -0.000576091
 0.000928555            0  -0.00690521   -0.0300798
  -0.0111256   0.00690521            0   -0.0154113
 0.000576091    0.0300798    0.0154113            0
Repeater1[0]<--->HoM1[0]
REAL
   0.349282 -0.00904889  -0.0209107    0.183197
-0.00904889    0.148325   0.0335811   0.0135281
 -0.0209107   0.0335811    0.161483 -0.00772963
   0.183197   0.0135281 -0.00772963    0.340909
IMAGINARY
         0  0.0258791  0.0140359  0.0101731
-0.0258791          0 -0.0228957 -0.0281024
-0.0140359  0.0228957          0  0.0060902
-0.0101731  0.0281024 -0.0060902          0
EndNode1[0]<--->Repeater1[0]
REAL
   0.341527 -0.00334504  0.00467277    0.174021
-0.00334504    0.153946    0.036955    0.023376
 0.00467277    0.036955    0.148771  0.00822309
   0.174021    0.023376  0.00822309    0.355757
IMAGINARY
          0 -0.00383024 -0.00860641  0.00980735
 0.00383024           0  -0.0118763  0.00281491
 0.00860641   0.0118763           0 -0.00582227
-0.00980735 -0.00281491  0.00582227           0
EndNode2[0]<--->HoM1[0]
REAL
  0.370861 -0.0232543 0.00541401   0.164604
-0.0232543   0.145695  0.0360328 0.00541401
0.00541401  0.0360328   0.161589 0.00733077
  0.164604 0.00541401 0.00733077   0.321854
IMAGINARY
          0 -0.00222706   0.0112042  0.00706462
 0.00222706           0  -0.0154579 -0.00372119
 -0.0112042   0.0154579           0  -0.0202219
-0.00706462  0.00372119   0.0202219           0
Repeater1[0]<--->EndNode1[0]
REAL
   0.341527  0.00467277 -0.00334504    0.174021
 0.00467277    0.148771    0.036955  0.00822309
-0.00334504    0.036955    0.153946    0.023376
   0.174021  0.00822309    0.023376    0.355757
IMAGINARY
          0 -0.00860641 -0.00383024  0.00980735
 0.00860641           0   0.0118763 -0.00582227
 0.00383024  -0.0118763           0  0.00281491
-0.00980735  0.00582227 -0.00281491           0
Repeater1[0]<--->HoM1[0]
REAL
  0.370861 0.00541401 -0.0232543   0.164604
0.00541401   0.161589  0.0360328 0.00733077
-0.0232543  0.0360328   0.145695 0.00541401
  0.164604 0.00733077 0.00541401   0.321854
IMAGINARY
          0   0.0112042 -0.00222706  0.00706462
 -0.0112042           0   0.0154579  -0.0202219
 0.00222706  -0.0154579           0 -0.00372119
-0.00706462   0.0202219  0.00372119           0
EndNode1[0]<--->Repeater1[0]
REAL
   0.397452   0.0192155   0.0185139    0.183212
  0.0192155    0.156688   0.0536296   0.0301703
  0.0185139   0.0536296    0.143949 -0.00737337
   0.183212   0.0301703 -0.00737337    0.301911
IMAGINARY
          0  -0.0196716 -0.00524182  -0.0149851
  0.0196716           0  0.00181073   -0.010561
 0.00524182 -0.00181073           0   0.0114542
  0.0149851    0.010561  -0.0114542           0
EndNode2[0]<--->HoM1[0]
REAL
   0.360577  0.00427497  0.00237957    0.174323
 0.00427497     0.11899   0.0569431 -0.00496355
 0.00237957   0.0569431    0.155048   0.0189808
   0.174323 -0.00496355   0.0189808    0.365385
IMAGINARY
          0   0.0190281   0.0101616  0.00848793
 -0.0190281           0 -0.00311158 -0.00821608
 -0.0101616  0.00311158           0 -0.00930049
-0.00848793  0.00821608  0.00930049           0
Repeater1[0]<--->EndNode1[0]
REAL
   0.397452   0.0185139   0.0192155    0.183212
  0.0185139    0.143949   0.0536296 -0.00737337
  0.0192155   0.0536296    0.156688   0.0301703
   0.183212 -0.00737337   0.0301703    0.301911
IMAGINARY
          0 -0.00524182  -0.0196716  -0.0149851
 0.00524182           0 -0.00181073   0.0114542
  0.0196716  0.00181073           0   -0.010561
  0.0149851  -0.0114542    0.010561           0
Repeater1[0]<--->HoM1[0]
REAL
   0.360577  0.00237957  0.00427497    0.174323
 0.00237957    0.155048   0.0569431   0.0189808
 0.00427497   0.0569431     0.11899 -0.00496355
   0.174323   0.0189808 -0.00496355    0.365385
IMAGINARY
          0   0.0101616   0.0190281  0.00848793
 -0.0101616           0  0.00311158 -0.00930049
 -0.0190281 -0.00311158           0 -0.00821608
-0.00848793  0.00930049  0.00821608           0
EndNode1[0]<--->Repeater1[0]
REAL
    0.362667 -3.23348e-06    0.0125669      0.15733
-3.23348e-06     0.133333    0.0709023    0.0151376
   0.0125669    0.0709023     0.153333    0.0171536
     0.15733    0.0151376    0.0171536     0.350667
IMAGINARY
           0    0.0133442  -0.00489324   -0.0291268
  -0.0133442            0   -0.0240377  0.000411803
  0.00489324    0.0240377            0    -0.012704
   0.0291268 -0.000411803     0.012704            0
EndNode2[0]<--->HoM1[0]
REAL
   0.352217  -0.0042545 -0.00541292    0.156557
 -0.0042545    0.150246   0.0458698  0.00860577
-0.00541292   0.0458698    0.149015  0.00872449
   0.156557  0.00860577  0.00872449    0.348522
IMAGINARY
          0 -0.00216588   0.0111073   0.0189166
 0.00216588           0   0.0151288 -0.00983507
 -0.0111073  -0.0151288           0  -0.0220071
 -0.0189166  0.00983507   0.0220071           0
Repeater1[0]<--->EndNode1[0]
REAL
    0.362667    0.0125669 -3.23348e-06      0.15733
   0.0125669     0.153333    0.0709023    0.0171536
-3.23348e-06    0.0709023     0.133333    0.0151376
     0.15733    0.0171536    0.0151376     0.350667
IMAGINARY
           0  -0.00489324    0.0133442   -0.0291268
  0.00489324            0    0.0240377    -0.012704
  -0.0133442   -0.0240377            0  0.000411803
   0.0291268     0.012704 -0.000411803            0
Repeater1[0]<--->HoM1[0]
REAL
   0.352217 -0.00541292  -0.0042545    0.156557
-0.00541292    0.149015   0.0458698  0.00872449
 -0.0042545   0.0458698    0.150246  0.00860577
   0.156557  0.00872449  0.00860577    0.348522
IMAGINARY
          0   0.0111073 -0.00216588   0.0189166
 -0.0111073           0  -0.0151288  -0.0220071
 0.00216588   0.0151288           0 -0.00983507
 -0.0189166   0.0220071  0.00983507           0
EndNode1[0]<--->Repeater1[0]
REAL
   0.362484   0.0340209 -0.00609765    0.154643
  0.0340209    0.169835   0.0488611  0.00205452
-0.00609765   0.0488611    0.152091  -0.0138052
   0.154643  0.00205452  -0.0138052    0.315589
IMAGINARY
           0   -0.0112629  0.000947199    0.0161229
   0.0112629            0   -0.0121547   -0.0213151
-0.000947199    0.0121547            0  -0.00253473
  -0.0161229    0.0213151   0.00253473            0
EndNode2[0]<--->HoM1[0]
REAL
   0.391946  0.00291837 -0.00120964    0.171287
 0.00291837     0.13557   0.0570932 -0.00183542
-0.00120964   0.0570932    0.178523  0.00499881
   0.171287 -0.00183542  0.00499881     0.29396
IMAGINARY
          0 -0.00145118  -0.0132283    0.025748
 0.00145118           0  0.00622134 -0.00935234
  0.0132283 -0.00622134           0 -0.00822624
  -0.025748  0.00935234  0.00822624           0
Repeater1[0]<--->EndNode1[0]
REAL
   0.362484 -0.00609765   0.0340209    0.154643
-0.00609765    0.152091   0.0488611  -0.0138052
  0.0340209   0.0488611    0.169835  0.00205452
   0.154643  -0.0138052  0.00205452    0.315589
IMAGINARY
           0  0.000947199   -0.0112629    0.0161229
-0.000947199            0    0.0121547  -0.00253473
   0.0112629   -0.0121547            0   -0.0213151
  -0.0161229   0.00253473    0.0213151            0
Repeater1[0]<--->HoM1[0]
REAL
   0.391946 -0.00120964  0.00291837    0.171287
-0.00120964    0.178523   0.0570932  0.00499881
 0.00291837   0.0570932     0.13557 -0.00183542
   0.171287  0.00499881 -0.00183542     0.29396
IMAGINARY
          0  -0.0132283 -0.00145118    0.025748
  0.0132283           0 -0.00622134 -0.00822624
 0.00145118  0.00622134           0 -0.00935234
  -0.025748  0.00822624  0.00935234           0
