EndNode1[0]<--->Repeater1[0]
REAL
   0.287263  0.00822017 -0.00955815   0.0465451
 0.00822017    0.203252   0.0119454   0.0101871
-0.00955815   0.0119454    0.195122   0.0012138
  0.0465451   0.0101871   0.0012138    0.314363
IMAGINARY
          0  0.00135766  -0.0137637 -0.00459184
-0.00135766           0  -0.0120748  -0.0181223
  0.0137637   0.0120748           0 -0.00339294
 0.00459184   0.0181223  0.00339294           0
EndNode2[0]<--->HoM1[0]
REAL
   0.286073 0.000277554   0.0183265   0.0301346
0.000277554    0.219573    0.022462   0.0236175
  0.0183265    0.022462    0.228356  -0.0115958
  0.0301346   0.0236175  -0.0115958    0.265997
IMAGINARY
          0    0.012007 -0.00160377  -0.0131564
  -0.012007           0  0.00395391 -0.00990518
 0.00160377 -0.00395391           0 -0.00944945
  0.0131564  0.00990518  0.00944945           0
Repeater1[0]<--->EndNode1[0]
REAL
   0.287263 -0.00955815  0.00822017   0.0465451
-0.00955815    0.195122   0.0119454   0.0012138
 0.00822017   0.0119454    0.203252   0.0101871
  0.0465451   0.0012138   0.0101871    0.314363
IMAGINARY
          0  -0.0137637  0.00135766 -0.00459184
  0.0137637           0   0.0120748 -0.00339294
-0.00135766  -0.0120748           0  -0.0181223
 0.00459184  0.00339294   0.0181223           0
Repeater1[0]<--->HoM1[0]
REAL
   0.286073   0.0183265 0.000277554   0.0301346
  0.0183265    0.228356    0.022462  -0.0115958
0.000277554    0.022462    0.219573   0.0236175
  0.0301346  -0.0115958   0.0236175    0.265997
IMAGINARY
          0 -0.00160377    0.012007  -0.0131564
 0.00160377           0 -0.00395391 -0.00944945
  -0.012007  0.00395391           0 -0.00990518
  0.0131564  0.00944945  0.00990518           0
EndNode1[0]<--->Repeater1[0]
REAL
    0.273189    0.0057734       0.0136    0.0270152
   0.0057734     0.221093    0.0484798    0.0173406
      0.0136    0.0484798     0.232529 -0.000822906
   0.0270152    0.0173406 -0.000822906     0.273189
IMAGINARY
           0    0.0170947   0.00474488    0.0137148
  -0.0170947            0   -0.0157724   0.00156826
 -0.00474488    0.0157724            0  0.000582109
  -0.0137148  -0.00156826 -0.000582109            0
EndNode2[0]<--->HoM1[0]
REAL
  0.282555  0.0167959  0.0017314   0.055637
 0.0167959   0.217445  0.0154225 -0.0146513
 0.0017314  0.0154225   0.222359  0.0167959
  0.055637 -0.0146513  0.0167959   0.277641
IMAGINARY
           0   -0.0157395    -0.003493   -0.0100249
   0.0157395            0   -0.0155044  0.000812039
    0.003493    0.0155044            0  0.000994146
   0.0100249 -0.000812039 -0.000994146            0
Repeater1[0]<--->EndNode1[0]
REAL
    0.273189       0.0136    0.0057734    0.0270152
      0.0136     0.232529    0.0484798 -0.000822906
   0.0057734    0.0484798     0.221093    0.0173406
   0.0270152 -0.000822906    0.0173406     0.273189
IMAGINARY
           0   0.00474488    0.0170947    0.0137148
 -0.00474488            0    0.0157724  0.000582109
  -0.0170947   -0.0157724            0   0.00156826
  -0.0137148 -0.000582109  -0.00156826            0
Repeater1[0]<--->HoM1[0]
REAL
  0.282555  0.0017314  0.0167959   0.055637
 0.0017314   0.222359  0.0154225  0.0167959
 0.0167959  0.0154225   0.217445 -0.0146513
  0.055637  0.0167959 -0.0146513   0.277641
IMAGINARY
           0    -0.003493   -0.0157395   -0.0100249
    0.003493            0    0.0155044  0.000994146
   0.0157395   -0.0155044            0  0.000812039
   0.0100249 -0.000994146 -0.000812039            0
EndNode1[0]<--->Repeater1[0]
REAL
   0.316391  0.00796072   0.0037523   0.0464697
 0.00796072     0.19695   0.0129709   0.0263176
  0.0037523   0.0129709     0.21601 -0.00166701
  0.0464697   0.0263176 -0.00166701    0.270648
IMAGINARY
           0  -0.00194661     0.017277   0.00348575
  0.00194661            0   0.00611733   -0.0110735
   -0.017277  -0.00611733            0  0.000705913
 -0.00348575    0.0110735 -0.000705913            0
EndNode2[0]<--->HoM1[0]
REAL
  0.292092 -0.0103844 0.00793082  0.0473233
-0.0103844   0.192602 0.00956291 -0.0109248
0.00793082 0.00956291   0.207908 -0.0213521
 0.0473233 -0.0109248 -0.0213521   0.307398
IMAGINARY
           0     0.016984  -0.00552245   0.00630582
   -0.016984            0 -0.000469246  0.000314121
  0.00552245  0.000469246            0   -0.0026611
 -0.00630582 -0.000314121    0.0026611            0
Repeater1[0]<--->EndNode1[0]
REAL
   0.316391   0.0037523  0.00796072   0.0464697
  0.0037523     0.21601   0.0129709 -0.00166701
 0.00796072   0.0129709     0.19695   0.0263176
  0.0464697 -0.00166701   0.0263176    0.270648
IMAGINARY
           0     0.017277  -0.00194661   0.00348575
   -0.017277            0  -0.00611733  0.000705913
  0.00194661   0.00611733            0   -0.0110735
 -0.00348575 -0.000705913    0.0110735            0
Repeater1[0]<--->HoM1[0]
REAL
  0.292092 0.00793082 -0.0103844  0.0473233
0.00793082   0.207908 0.00956291 -0.0213521
-0.0103844 0.00956291   0.192602 -0.0109248
 0.0473233 -0.0213521 -0.0109248   0.307398
IMAGINARY
           0  -0.00552245     0.016984   0.00630582
  0.00552245            0  0.000469246   -0.0026611
   -0.016984 -0.000469246            0  0.000314121
 -0.00630582    0.0026611 -0.000314121            0
EndNode1[0]<--->Repeater1[0]
REAL
   0.288948   0.0114958 -0.00447879   0.0412778
  0.0114958    0.218375   0.0310737   0.0122307
-0.00447879   0.0310737    0.215712 0.000132135
  0.0412778   0.0122307 0.000132135    0.276964
IMAGINARY
          0   0.0159033  0.00188905  -0.0124623
 -0.0159033           0  0.00983071 -0.00444007
-0.00188905 -0.00983071           0  -0.0159033
  0.0124623  0.00444007   0.0159033           0
EndNode2[0]<--->HoM1[0]
REAL
    0.29751 -0.00661001  -0.0018627   0.0470594
-0.00661001    0.224115   0.0298637 -0.00609486
 -0.0018627   0.0298637    0.214941   -0.023894
  0.0470594 -0.00609486   -0.023894    0.263434
IMAGINARY
          0 -0.00468592    0.045351  -0.0283894
 0.00468592           0  0.00750168 -0.00831394
  -0.045351 -0.00750168           0   0.0165907
  0.0283894  0.00831394  -0.0165907           0
Repeater1[0]<--->EndNode1[0]
REAL
   0.288948 -0.00447879   0.0114958   0.0412778
-0.00447879    0.215712   0.0310737 0.000132135
  0.0114958   0.0310737    0.218375   0.0122307
  0.0412778 0.000132135   0.0122307    0.276964
IMAGINARY
          0  0.00188905   0.0159033  -0.0124623
-0.00188905           0 -0.00983071  -0.0159033
 -0.0159033  0.00983071           0 -0.00444007
  0.0124623   0.0159033  0.00444007           0
Repeater1[0]<--->HoM1[0]
REAL
    0.29751  -0.0018627 -0.00661001   0.0470594
 -0.0018627    0.214941   0.0298637   -0.023894
-0.00661001   0.0298637    0.224115 -0.00609486
  0.0470594   -0.023894 -0.00609486    0.263434
IMAGINARY
          0    0.045351 -0.00468592  -0.0283894
  -0.045351           0 -0.00750168   0.0165907
 0.00468592  0.00750168           0 -0.00831394
  0.0283894  -0.0165907  0.00831394           0
