EndNode1[0]<--->Repeater1[0]
REAL
  0.509162 -0.0112093  0.0137406  0.0332106
-0.0112093   0.160995  0.0182406 0.00604831
 0.0137406  0.0182406   0.221204  0.0178056
 0.0332106 0.00604831  0.0178056   0.108639
IMAGINARY
           0    0.0103131   -0.0255833   -0.0143966
  -0.0103131            0  0.000715052  -0.00615324
   0.0255833 -0.000715052            0   0.00585453
   0.0143966   0.00615324  -0.00585453            0
EndNode2[0]<--->HoM1[0]
REAL
  0.416357  0.0011588 -0.0124111  0.0711415
 0.0011588   0.230483  0.0201981   0.015794
-0.0124111  0.0201981   0.200743 -0.0167204
 0.0711415   0.015794 -0.0167204   0.152416
IMAGINARY
          0    0.010125  0.00445669  -0.0137355
  -0.010125           0  0.00121901   0.0188137
-0.00445669 -0.00121901           0 -0.00949609
  0.0137355  -0.0188137  0.00949609           0
Repeater1[0]<--->EndNode1[0]
REAL
  0.509162  0.0137406 -0.0112093  0.0332106
 0.0137406   0.221204  0.0182406  0.0178056
-0.0112093  0.0182406   0.160995 0.00604831
 0.0332106  0.0178056 0.00604831   0.108639
IMAGINARY
           0   -0.0255833    0.0103131   -0.0143966
   0.0255833            0 -0.000715052   0.00585453
  -0.0103131  0.000715052            0  -0.00615324
   0.0143966  -0.00585453   0.00615324            0
Repeater1[0]<--->HoM1[0]
REAL
  0.416357 -0.0124111  0.0011588  0.0711415
-0.0124111   0.200743  0.0201981 -0.0167204
 0.0011588  0.0201981   0.230483   0.015794
 0.0711415 -0.0167204   0.015794   0.152416
IMAGINARY
          0  0.00445669    0.010125  -0.0137355
-0.00445669           0 -0.00121901 -0.00949609
  -0.010125  0.00121901           0   0.0188137
  0.0137355  0.00949609  -0.0188137           0
EndNode1[0]<--->Repeater1[0]
REAL
    0.48995 -0.00948279 -0.00206295    0.012549
-0.00948279    0.172111 -0.00109863   0.0160579
-0.00206295 -0.00109863    0.233668  0.00821053
   0.012549   0.0160579  0.00821053    0.104271
IMAGINARY
           0   0.00827291 -0.000463215     0.017634
 -0.00827291            0   -0.0039443  -0.00574026
 0.000463215    0.0039443            0   -0.0268833
   -0.017634   0.00574026    0.0268833            0
EndNode2[0]<--->HoM1[0]
REAL
   0.431078 -0.00356655  -0.0160458   0.0778137
-0.00356655    0.226817   0.0272818  0.00521782
 -0.0160458   0.0272818    0.181704  0.00547738
  0.0778137  0.00521782  0.00547738    0.160401
IMAGINARY
          0   0.0301974   0.0133396  -0.0114895
 -0.0301974           0  0.00641334   0.0185752
 -0.0133396 -0.00641334           0  0.00703664
  0.0114895  -0.0185752 -0.00703664           0
Repeater1[0]<--->EndNode1[0]
REAL
    0.48995 -0.00206295 -0.00948279    0.012549
-0.00206295    0.233668 -0.00109863  0.00821053
-0.00948279 -0.00109863    0.172111   0.0160579
   0.012549  0.00821053   0.0160579    0.104271
IMAGINARY
           0 -0.000463215   0.00827291     0.017634
 0.000463215            0    0.0039443   -0.0268833
 -0.00827291   -0.0039443            0  -0.00574026
   -0.017634    0.0268833   0.00574026            0
Repeater1[0]<--->HoM1[0]
REAL
   0.431078  -0.0160458 -0.00356655   0.0778137
 -0.0160458    0.181704   0.0272818  0.00547738
-0.00356655   0.0272818    0.226817  0.00521782
  0.0778137  0.00547738  0.00521782    0.160401
IMAGINARY
          0   0.0133396   0.0301974  -0.0114895
 -0.0133396           0 -0.00641334  0.00703664
 -0.0301974  0.00641334           0   0.0185752
  0.0114895 -0.00703664  -0.0185752           0
EndNode1[0]<--->Repeater1[0]
REAL
   0.501312 -0.00291935   0.0167157   0.0183692
-0.00291935    0.143045   0.0164534   0.0141647
  0.0167157   0.0164534    0.259843 -0.00562205
  0.0183692   0.0141647 -0.00562205   0.0958005
IMAGINARY
           0  -0.00966977    -0.021985 -0.000669975
  0.00966977            0   -0.0142184    0.0149608
    0.021985    0.0142184            0    0.0141398
 0.000669975   -0.0149608   -0.0141398            0
EndNode2[0]<--->HoM1[0]
REAL
  0.438303 -0.0098881 0.00207746   0.061254
-0.0098881   0.250643  0.0143203 0.00699146
0.00207746  0.0143203   0.176093 0.00565594
  0.061254 0.00699146 0.00565594   0.134961
IMAGINARY
          0 -0.00454098   0.0212766 -0.00978244
 0.00454098           0  -0.0117229   0.0156446
 -0.0212766   0.0117229           0  0.00266363
 0.00978244  -0.0156446 -0.00266363           0
Repeater1[0]<--->EndNode1[0]
REAL
   0.501312   0.0167157 -0.00291935   0.0183692
  0.0167157    0.259843   0.0164534 -0.00562205
-0.00291935   0.0164534    0.143045   0.0141647
  0.0183692 -0.00562205   0.0141647   0.0958005
IMAGINARY
           0    -0.021985  -0.00966977 -0.000669975
    0.021985            0    0.0142184    0.0141398
  0.00966977   -0.0142184            0    0.0149608
 0.000669975   -0.0141398   -0.0149608            0
Repeater1[0]<--->HoM1[0]
REAL
  0.438303 0.00207746 -0.0098881   0.061254
0.00207746   0.176093  0.0143203 0.00565594
-0.0098881  0.0143203   0.250643 0.00699146
  0.061254 0.00565594 0.00699146   0.134961
IMAGINARY
          0   0.0212766 -0.00454098 -0.00978244
 -0.0212766           0   0.0117229  0.00266363
 0.00454098  -0.0117229           0   0.0156446
 0.00978244 -0.00266363  -0.0156446           0
