EndNode1[0]<--->Repeater1[0]
REAL
  0.342105 -0.0133936  0.0110417   0.259343
-0.0133936   0.155388  0.0645642 -0.0341779
 0.0110417  0.0645642   0.150376 -0.0213108
  0.259343 -0.0341779 -0.0213108    0.35213
IMAGINARY
          0   0.0250897  0.00846396  0.00781984
 -0.0250897           0 -0.00582781  -0.0399231
-0.00846396  0.00582781           0  0.00904688
-0.00781984   0.0399231 -0.00904688           0
EndNode2[0]<--->HoM1[0]
REAL
  0.379265 -0.0158215 -0.0161516   0.253618
-0.0158215   0.161417  0.0541235 0.00131286
-0.0161516  0.0541235   0.137795 0.00743436
  0.253618 0.00131286 0.00743436   0.321522
IMAGINARY
          0   -0.011976  -0.0338893  0.00752076
   0.011976           0  0.00493009   0.0263135
  0.0338893 -0.00493009           0 -0.00822601
-0.00752076  -0.0263135  0.00822601           0
Repeater1[0]<--->EndNode1[0]
REAL
  0.342105  0.0110417 -0.0133936   0.259343
 0.0110417   0.150376  0.0645642 -0.0213108
-0.0133936  0.0645642   0.155388 -0.0341779
  0.259343 -0.0213108 -0.0341779    0.35213
IMAGINARY
          0  0.00846396   0.0250897  0.00781984
-0.00846396           0  0.00582781  0.00904688
 -0.0250897 -0.00582781           0  -0.0399231
-0.00781984 -0.00904688   0.0399231           0
Repeater1[0]<--->HoM1[0]
REAL
  0.379265 -0.0161516 -0.0158215   0.253618
-0.0161516   0.137795  0.0541235 0.00743436
-0.0158215  0.0541235   0.161417 0.00131286
  0.253618 0.00743436 0.00131286   0.321522
IMAGINARY
          0  -0.0338893   -0.011976  0.00752076
  0.0338893           0 -0.00493009 -0.00822601
   0.011976  0.00493009           0   0.0263135
-0.00752076  0.00822601  -0.0263135           0
EndNode1[0]<--->Repeater1[0]
REAL
   0.349381  -0.0104334  0.00120948    0.275661
 -0.0104334    0.149931   0.0823788   -0.012516
 0.00120948   0.0823788    0.162311 -0.00464194
   0.275661   -0.012516 -0.00464194    0.338377
IMAGINARY
          0   0.0123145  -0.0115589  0.00165462
 -0.0123145           0 -0.00295671   0.0121926
  0.0115589  0.00295671           0  0.00479573
-0.00165462  -0.0121926 -0.00479573           0
EndNode2[0]<--->HoM1[0]
REAL
  0.320106 0.00438082 0.00712345   0.259671
0.00438082   0.156085  0.0671744  0.0177088
0.00712345  0.0671744   0.169312  0.0056863
  0.259671  0.0177088  0.0056863   0.354497
IMAGINARY
           0   0.00635293  -0.00361048  0.000829067
 -0.00635293            0   0.00409704  -0.00684463
  0.00361048  -0.00409704            0  -0.00081787
-0.000829067   0.00684463   0.00081787            0
Repeater1[0]<--->EndNode1[0]
REAL
   0.349381  0.00120948  -0.0104334    0.275661
 0.00120948    0.162311   0.0823788 -0.00464194
 -0.0104334   0.0823788    0.149931   -0.012516
   0.275661 -0.00464194   -0.012516    0.338377
IMAGINARY
          0  -0.0115589   0.0123145  0.00165462
  0.0115589           0  0.00295671  0.00479573
 -0.0123145 -0.00295671           0   0.0121926
-0.00165462 -0.00479573  -0.0121926           0
Repeater1[0]<--->HoM1[0]
REAL
  0.320106 0.00712345 0.00438082   0.259671
0.00712345   0.169312  0.0671744  0.0056863
0.00438082  0.0671744   0.156085  0.0177088
  0.259671  0.0056863  0.0177088   0.354497
IMAGINARY
           0  -0.00361048   0.00635293  0.000829067
  0.00361048            0  -0.00409704  -0.00081787
 -0.00635293   0.00409704            0  -0.00684463
-0.000829067   0.00081787   0.00684463            0
EndNode1[0]<--->Repeater1[0]
REAL
  0.324967  0.0015999 0.00957246    0.25092
 0.0015999   0.157199  0.0750501 0.00582246
0.00957246  0.0750501   0.143989   0.013795
   0.25092 0.00582246   0.013795   0.373844
IMAGINARY
          0   0.0109971  -0.0183195 -0.00448554
 -0.0109971           0  -0.0012763  -0.0110922
  0.0183195   0.0012763           0   0.0064099
 0.00448554   0.0110922  -0.0064099           0
EndNode2[0]<--->HoM1[0]
REAL
   0.325707  -0.0178412  -0.0270034    0.248673
 -0.0178412    0.165545   0.0594349 -0.00948314
 -0.0270034   0.0594349    0.148048  -0.0105371
   0.248673 -0.00948314  -0.0105371      0.3607
IMAGINARY
          0  0.00702254 -0.00218422  0.00593041
-0.00702254           0 -0.00104044    0.023345
 0.00218422  0.00104044           0 -0.00762714
-0.00593041   -0.023345  0.00762714           0
Repeater1[0]<--->EndNode1[0]
REAL
  0.324967 0.00957246  0.0015999    0.25092
0.00957246   0.143989  0.0750501   0.013795
 0.0015999  0.0750501   0.157199 0.00582246
   0.25092   0.013795 0.00582246   0.373844
IMAGINARY
          0  -0.0183195   0.0109971 -0.00448554
  0.0183195           0   0.0012763   0.0064099
 -0.0109971  -0.0012763           0  -0.0110922
 0.00448554  -0.0064099   0.0110922           0
Repeater1[0]<--->HoM1[0]
REAL
   0.325707  -0.0270034  -0.0178412    0.248673
 -0.0270034    0.148048   0.0594349  -0.0105371
 -0.0178412   0.0594349    0.165545 -0.00948314
   0.248673  -0.0105371 -0.00948314      0.3607
IMAGINARY
          0 -0.00218422  0.00702254  0.00593041
 0.00218422           0  0.00104044 -0.00762714
-0.00702254 -0.00104044           0    0.023345
-0.00593041  0.00762714   -0.023345           0
EndNode1[0]<--->Repeater1[0]
REAL
   0.326241  0.00634295 -0.00581757    0.260178
 0.00634295    0.168794   0.0699127 -0.00520707
-0.00581757   0.0699127    0.144681 -0.00050637
   0.260178 -0.00520707 -0.00050637    0.360284
IMAGINARY
           0  0.000728591   0.00907099  -0.00143184
-0.000728591            0   0.00462469     0.019374
 -0.00907099  -0.00462469            0    -0.020324
  0.00143184    -0.019374     0.020324            0
EndNode2[0]<--->HoM1[0]
REAL
    0.359453  -0.00222626   -0.0104751      0.25759
 -0.00222626     0.143035    0.0767661    0.0184505
  -0.0104751    0.0767661     0.154229 -0.000841222
     0.25759    0.0184505 -0.000841222     0.343284
IMAGINARY
          0   0.0136447  -0.0182587 -0.00816541
 -0.0136447           0  -0.0246629 -0.00426381
  0.0182587   0.0246629           0 -0.00914015
 0.00816541  0.00426381  0.00914015           0
Repeater1[0]<--->EndNode1[0]
REAL
   0.326241 -0.00581757  0.00634295    0.260178
-0.00581757    0.144681   0.0699127 -0.00050637
 0.00634295   0.0699127    0.168794 -0.00520707
   0.260178 -0.00050637 -0.00520707    0.360284
IMAGINARY
           0   0.00907099  0.000728591  -0.00143184
 -0.00907099            0  -0.00462469    -0.020324
-0.000728591   0.00462469            0     0.019374
  0.00143184     0.020324    -0.019374            0
Repeater1[0]<--->HoM1[0]
REAL
    0.359453   -0.0104751  -0.00222626      0.25759
  -0.0104751     0.154229    0.0767661 -0.000841222
 -0.00222626    0.0767661     0.143035    0.0184505
     0.25759 -0.000841222    0.0184505     0.343284
IMAGINARY
          0  -0.0182587   0.0136447 -0.00816541
  0.0182587           0   0.0246629 -0.00914015
 -0.0136447  -0.0246629           0 -0.00426381
 0.00816541  0.00914015  0.00426381           0
EndNode1[0]<--->Repeater1[0]
REAL
    0.365885   -0.0114919   -0.0164966     0.242827
  -0.0114919     0.145833    0.0553265 -0.000653778
  -0.0164966    0.0553265     0.147135   -0.0148933
    0.242827 -0.000653778   -0.0148933     0.341146
IMAGINARY
          0  -0.0226053   0.0057164 -0.00722798
  0.0226053           0  0.00230188   0.0225855
 -0.0057164 -0.00230188           0  -0.0186683
 0.00722798  -0.0225855   0.0186683           0
EndNode2[0]<--->HoM1[0]
REAL
   0.340852  0.00426261 -0.00611632    0.255627
 0.00426261    0.140351   0.0670591   0.0106795
-0.00611632   0.0670591    0.165414  0.00551575
   0.255627   0.0106795  0.00551575    0.353383
IMAGINARY
          0  -0.0244353 -0.00247306 -0.00921525
  0.0244353           0  -0.0156255   0.0215269
 0.00247306   0.0156255           0  0.00669553
 0.00921525  -0.0215269 -0.00669553           0
Repeater1[0]<--->EndNode1[0]
REAL
    0.365885   -0.0164966   -0.0114919     0.242827
  -0.0164966     0.147135    0.0553265   -0.0148933
  -0.0114919    0.0553265     0.145833 -0.000653778
    0.242827   -0.0148933 -0.000653778     0.341146
IMAGINARY
          0   0.0057164  -0.0226053 -0.00722798
 -0.0057164           0 -0.00230188  -0.0186683
  0.0226053  0.00230188           0   0.0225855
 0.00722798   0.0186683  -0.0225855           0
Repeater1[0]<--->HoM1[0]
REAL
   0.340852 -0.00611632  0.00426261    0.255627
-0.00611632    0.165414   0.0670591  0.00551575
 0.00426261   0.0670591    0.140351   0.0106795
   0.255627  0.00551575   0.0106795    0.353383
IMAGINARY
          0 -0.00247306  -0.0244353 -0.00921525
 0.00247306           0   0.0156255  0.00669553
  0.0244353  -0.0156255           0   0.0215269
 0.00921525 -0.00669553  -0.0215269           0
EndNode1[0]<--->Repeater1[0]
REAL
  0.366623 -0.0272166 -0.0224947   0.262384
-0.0272166   0.120894  0.0856162 -0.0308387
-0.0224947  0.0856162   0.156373    0.01655
  0.262384 -0.0308387    0.01655    0.35611
IMAGINARY
          0 -0.00349711 -0.00497475 -0.00952015
 0.00349711           0    0.025252   0.0100253
 0.00497475   -0.025252           0 -0.00912915
 0.00952015  -0.0100253  0.00912915           0
EndNode2[0]<--->HoM1[0]
REAL
  0.373902 0.00224288 0.00359423   0.259294
0.00224288   0.140527  0.0765266 0.00884358
0.00359423  0.0765266   0.163112 0.00770736
  0.259294 0.00884358 0.00770736   0.322459
IMAGINARY
          0  -0.0219563 -0.00229937   -0.018521
  0.0219563           0  -0.0141295 -0.00553353
 0.00229937   0.0141295           0 -0.00545884
   0.018521  0.00553353  0.00545884           0
Repeater1[0]<--->EndNode1[0]
REAL
  0.366623 -0.0224947 -0.0272166   0.262384
-0.0224947   0.156373  0.0856162    0.01655
-0.0272166  0.0856162   0.120894 -0.0308387
  0.262384    0.01655 -0.0308387    0.35611
IMAGINARY
          0 -0.00497475 -0.00349711 -0.00952015
 0.00497475           0   -0.025252 -0.00912915
 0.00349711    0.025252           0   0.0100253
 0.00952015  0.00912915  -0.0100253           0
Repeater1[0]<--->HoM1[0]
REAL
  0.373902 0.00359423 0.00224288   0.259294
0.00359423   0.163112  0.0765266 0.00770736
0.00224288  0.0765266   0.140527 0.00884358
  0.259294 0.00770736 0.00884358   0.322459
IMAGINARY
          0 -0.00229937  -0.0219563   -0.018521
 0.00229937           0   0.0141295 -0.00545884
  0.0219563  -0.0141295           0 -0.00553353
   0.018521  0.00545884  0.00553353           0
EndNode1[0]<--->Repeater1[0]
REAL
    0.30274   0.0119753 -0.00972152    0.258621
  0.0119753    0.154795   0.0467128 -0.00761181
-0.00972152   0.0467128    0.169863 -0.00530864
   0.258621 -0.00761181 -0.00530864    0.372603
IMAGINARY
           0   0.00089941   -0.0211211  2.18221e-05
 -0.00089941            0  -0.00249707    0.0127985
   0.0211211   0.00249707            0  -0.00153961
-2.18221e-05   -0.0127985   0.00153961            0
EndNode2[0]<--->HoM1[0]
REAL
   0.372671  -0.0223962 -0.00549806    0.269476
 -0.0223962    0.145342   0.0519989 -0.00549806
-0.00549806   0.0519989    0.171429 -0.00153653
   0.269476 -0.00549806 -0.00153653    0.310559
IMAGINARY
          0   0.0188074  -0.0173797   0.0116747
 -0.0188074           0   0.0281131 -0.00824449
  0.0173797  -0.0281131           0 -0.00763788
 -0.0116747  0.00824449  0.00763788           0
Repeater1[0]<--->EndNode1[0]
REAL
    0.30274 -0.00972152   0.0119753    0.258621
-0.00972152    0.169863   0.0467128 -0.00530864
  0.0119753   0.0467128    0.154795 -0.00761181
   0.258621 -0.00530864 -0.00761181    0.372603
IMAGINARY
           0   -0.0211211   0.00089941  2.18221e-05
   0.0211211            0   0.00249707  -0.00153961
 -0.00089941  -0.00249707            0    0.0127985
-2.18221e-05   0.00153961   -0.0127985            0
Repeater1[0]<--->HoM1[0]
REAL
   0.372671 -0.00549806  -0.0223962    0.269476
-0.00549806    0.171429   0.0519989 -0.00153653
 -0.0223962   0.0519989    0.145342 -0.00549806
   0.269476 -0.00153653 -0.00549806    0.310559
IMAGINARY
          0  -0.0173797   0.0188074   0.0116747
  0.0173797           0  -0.0281131 -0.00763788
 -0.0188074   0.0281131           0 -0.00824449
 -0.0116747  0.00763788  0.00824449           0
EndNode1[0]<--->Repeater1[0]
REAL
   0.353674   0.0149328  -0.0123558    0.244895
  0.0149328    0.146949   0.0723642   0.0148939
 -0.0123558   0.0723642    0.128269 -0.00731855
   0.244895   0.0148939 -0.00731855    0.371108
IMAGINARY
          0  -0.0173672   0.0127255   0.0124215
  0.0173672           0 -0.00288467 -0.00934257
 -0.0127255  0.00288467           0 -0.00496026
 -0.0124215  0.00934257  0.00496026           0
EndNode2[0]<--->HoM1[0]
REAL
    0.324808 -0.000521681   0.00764679     0.254852
-0.000521681     0.176471    0.0574036    0.0229921
  0.00764679    0.0574036      0.12532    0.0494135
    0.254852    0.0229921    0.0494135     0.373402
IMAGINARY
          0   0.0176484  0.00635518   0.0112274
 -0.0176484           0 -0.00866988 -0.00939285
-0.00635518  0.00866988           0  -0.0182559
 -0.0112274  0.00939285   0.0182559           0
Repeater1[0]<--->EndNode1[0]
REAL
   0.353674  -0.0123558   0.0149328    0.244895
 -0.0123558    0.128269   0.0723642 -0.00731855
  0.0149328   0.0723642    0.146949   0.0148939
   0.244895 -0.00731855   0.0148939    0.371108
IMAGINARY
          0   0.0127255  -0.0173672   0.0124215
 -0.0127255           0  0.00288467 -0.00496026
  0.0173672 -0.00288467           0 -0.00934257
 -0.0124215  0.00496026  0.00934257           0
Repeater1[0]<--->HoM1[0]
REAL
    0.324808   0.00764679 -0.000521681     0.254852
  0.00764679      0.12532    0.0574036    0.0494135
-0.000521681    0.0574036     0.176471    0.0229921
    0.254852    0.0494135    0.0229921     0.373402
IMAGINARY
          0  0.00635518   0.0176484   0.0112274
-0.00635518           0  0.00866988  -0.0182559
 -0.0176484 -0.00866988           0 -0.00939285
 -0.0112274   0.0182559  0.00939285           0
EndNode1[0]<--->Repeater1[0]
REAL
   0.345953  0.00899743 -0.00539914     0.27245
 0.00899743    0.160574   0.0527433  0.00796984
-0.00539914   0.0527433    0.151436  0.00899743
    0.27245  0.00796984  0.00899743    0.342037
IMAGINARY
           0   -0.0116128   0.00096467  0.000827491
   0.0116128            0    0.0099184   0.00943925
 -0.00096467   -0.0099184            0    -0.014703
-0.000827491  -0.00943925     0.014703            0
EndNode2[0]<--->HoM1[0]
REAL
  0.310828 0.00972174  0.0179816   0.255132
0.00972174   0.156688  0.0451191  -0.024263
 0.0179816  0.0451191   0.183439  0.0103788
  0.255132  -0.024263  0.0103788   0.349045
IMAGINARY
          0  -0.0186655 -0.00548986    0.012798
  0.0186655           0  -0.0177363    0.019144
 0.00548986   0.0177363           0    0.016715
  -0.012798   -0.019144   -0.016715           0
Repeater1[0]<--->EndNode1[0]
REAL
   0.345953 -0.00539914  0.00899743     0.27245
-0.00539914    0.151436   0.0527433  0.00899743
 0.00899743   0.0527433    0.160574  0.00796984
    0.27245  0.00899743  0.00796984    0.342037
IMAGINARY
           0   0.00096467   -0.0116128  0.000827491
 -0.00096467            0   -0.0099184    -0.014703
   0.0116128    0.0099184            0   0.00943925
-0.000827491     0.014703  -0.00943925            0
Repeater1[0]<--->HoM1[0]
REAL
  0.310828  0.0179816 0.00972174   0.255132
 0.0179816   0.183439  0.0451191  0.0103788
0.00972174  0.0451191   0.156688  -0.024263
  0.255132  0.0103788  -0.024263   0.349045
IMAGINARY
          0 -0.00548986  -0.0186655    0.012798
 0.00548986           0   0.0177363    0.016715
  0.0186655  -0.0177363           0    0.019144
  -0.012798   -0.016715   -0.019144           0
EndNode1[0]<--->Repeater1[0]
REAL
  0.360892 0.00178608 0.00190829   0.263244
0.00178608    0.15748  0.0672643  0.0156928
0.00190829  0.0672643   0.154856  0.0132074
  0.263244  0.0156928  0.0132074   0.326772
IMAGINARY
          0  0.00390345  -0.0160188 -0.00751067
-0.00390345           0 -0.00689262   0.0185314
  0.0160188  0.00689262           0  -0.0139537
 0.00751067  -0.0185314   0.0139537           0
EndNode2[0]<--->HoM1[0]
REAL
   0.350267  0.00198013 -0.00595605     0.24938
 0.00198013     0.15107   0.0660254   0.0185723
-0.00595605   0.0660254    0.149733  0.00133992
    0.24938   0.0185723  0.00133992     0.34893
IMAGINARY
          0  0.00153594 -0.00130486  -0.0117393
-0.00153594           0   -0.010483   0.0069369
 0.00130486    0.010483           0  0.00659923
  0.0117393  -0.0069369 -0.00659923           0
Repeater1[0]<--->EndNode1[0]
REAL
  0.360892 0.00190829 0.00178608   0.263244
0.00190829   0.154856  0.0672643  0.0132074
0.00178608  0.0672643    0.15748  0.0156928
  0.263244  0.0132074  0.0156928   0.326772
IMAGINARY
          0  -0.0160188  0.00390345 -0.00751067
  0.0160188           0  0.00689262  -0.0139537
-0.00390345 -0.00689262           0   0.0185314
 0.00751067   0.0139537  -0.0185314           0
Repeater1[0]<--->HoM1[0]
REAL
   0.350267 -0.00595605  0.00198013     0.24938
-0.00595605    0.149733   0.0660254  0.00133992
 0.00198013   0.0660254     0.15107   0.0185723
    0.24938  0.00133992   0.0185723     0.34893
IMAGINARY
          0 -0.00130486  0.00153594  -0.0117393
 0.00130486           0    0.010483  0.00659923
-0.00153594   -0.010483           0   0.0069369
  0.0117393 -0.00659923  -0.0069369           0
EndNode1[0]<--->Repeater1[0]
REAL
   0.354557  0.00660795   0.0215661    0.249173
 0.00660795    0.166042   0.0776499 -0.00724315
  0.0215661   0.0776499    0.158552 -0.00400378
   0.249173 -0.00724315 -0.00400378    0.320849
IMAGINARY
           0   -0.0066319  0.000459897   -0.0154908
   0.0066319            0   -0.0148303  -0.00509566
-0.000459897    0.0148303            0   -0.0311164
   0.0154908   0.00509566    0.0311164            0
EndNode2[0]<--->HoM1[0]
REAL
  0.338336   0.013168 0.00811097   0.254817
  0.013168   0.156889   0.073113 0.00311097
0.00811097   0.073113   0.151432 0.00304145
  0.254817 0.00311097 0.00304145   0.353342
IMAGINARY
           0    0.0186019 -0.000416617  -0.00123517
  -0.0186019            0   0.00719544   -0.0396836
 0.000416617  -0.00719544            0   0.00144819
  0.00123517    0.0396836  -0.00144819            0
Repeater1[0]<--->EndNode1[0]
REAL
   0.354557   0.0215661  0.00660795    0.249173
  0.0215661    0.158552   0.0776499 -0.00400378
 0.00660795   0.0776499    0.166042 -0.00724315
   0.249173 -0.00400378 -0.00724315    0.320849
IMAGINARY
           0  0.000459897   -0.0066319   -0.0154908
-0.000459897            0    0.0148303   -0.0311164
   0.0066319   -0.0148303            0  -0.00509566
   0.0154908    0.0311164   0.00509566            0
Repeater1[0]<--->HoM1[0]
REAL
  0.338336 0.00811097   0.013168   0.254817
0.00811097   0.151432   0.073113 0.00304145
  0.013168   0.073113   0.156889 0.00311097
  0.254817 0.00304145 0.00311097   0.353342
IMAGINARY
           0 -0.000416617    0.0186019  -0.00123517
 0.000416617            0  -0.00719544   0.00144819
  -0.0186019   0.00719544            0   -0.0396836
  0.00123517  -0.00144819    0.0396836            0
EndNode1[0]<--->Repeater1[0]
REAL
   0.374836 0.000439188   0.0159258     0.24097
0.000439188    0.142857   0.0612827 -0.00904219
  0.0159258   0.0612827    0.162516 -0.00607123
    0.24097 -0.00904219 -0.00607123     0.31979
IMAGINARY
           0   0.00650543   0.00756803   0.00438206
 -0.00650543            0   0.00927204  0.000244466
 -0.00756803  -0.00927204            0   -0.0273388
 -0.00438206 -0.000244466    0.0273388            0
EndNode2[0]<--->HoM1[0]
REAL
  0.364954  0.0149189   0.011179   0.267923
 0.0149189   0.144928  0.0623397  0.0151368
  0.011179  0.0623397    0.13834 0.00481792
  0.267923  0.0151368 0.00481792   0.351779
IMAGINARY
          0  -0.0118309   0.0101191  0.00711159
  0.0118309           0 -0.00279594  0.00637841
 -0.0101191  0.00279594           0 -0.00212847
-0.00711159 -0.00637841  0.00212847           0
Repeater1[0]<--->EndNode1[0]
REAL
   0.374836   0.0159258 0.000439188     0.24097
  0.0159258    0.162516   0.0612827 -0.00607123
0.000439188   0.0612827    0.142857 -0.00904219
    0.24097 -0.00607123 -0.00904219     0.31979
IMAGINARY
           0   0.00756803   0.00650543   0.00438206
 -0.00756803            0  -0.00927204   -0.0273388
 -0.00650543   0.00927204            0  0.000244466
 -0.00438206    0.0273388 -0.000244466            0
Repeater1[0]<--->HoM1[0]
REAL
  0.364954   0.011179  0.0149189   0.267923
  0.011179    0.13834  0.0623397 0.00481792
 0.0149189  0.0623397   0.144928  0.0151368
  0.267923 0.00481792  0.0151368   0.351779
IMAGINARY
          0   0.0101191  -0.0118309  0.00711159
 -0.0101191           0  0.00279594 -0.00212847
  0.0118309 -0.00279594           0  0.00637841
-0.00711159  0.00212847 -0.00637841           0
EndNode1[0]<--->Repeater1[0]
REAL
    0.37243  -0.0173797 -0.00610124    0.259868
 -0.0173797    0.151149   0.0775302 -0.00338385
-0.00610124   0.0775302    0.163241 -0.00565555
   0.259868 -0.00338385 -0.00565555     0.31318
IMAGINARY
           0   -0.0171223     0.011302  -0.00269776
   0.0171223            0    0.0122276  0.000769159
   -0.011302   -0.0122276            0   0.00759248
  0.00269776 -0.000769159  -0.00759248            0
EndNode2[0]<--->HoM1[0]
REAL
   0.346405   -0.016829  0.00500019    0.248667
  -0.016829    0.139869   0.0494485 -0.00701904
 0.00500019   0.0494485    0.164706   0.0121184
   0.248667 -0.00701904   0.0121184     0.34902
IMAGINARY
          0  0.00589326   0.0087373   -0.032617
-0.00589326           0  0.00480633 -0.00743521
 -0.0087373 -0.00480633           0   0.0045234
   0.032617  0.00743521  -0.0045234           0
Repeater1[0]<--->EndNode1[0]
REAL
    0.37243 -0.00610124  -0.0173797    0.259868
-0.00610124    0.163241   0.0775302 -0.00565555
 -0.0173797   0.0775302    0.151149 -0.00338385
   0.259868 -0.00565555 -0.00338385     0.31318
IMAGINARY
           0     0.011302   -0.0171223  -0.00269776
   -0.011302            0   -0.0122276   0.00759248
   0.0171223    0.0122276            0  0.000769159
  0.00269776  -0.00759248 -0.000769159            0
Repeater1[0]<--->HoM1[0]
REAL
   0.346405  0.00500019   -0.016829    0.248667
 0.00500019    0.164706   0.0494485   0.0121184
  -0.016829   0.0494485    0.139869 -0.00701904
   0.248667   0.0121184 -0.00701904     0.34902
IMAGINARY
          0   0.0087373  0.00589326   -0.032617
 -0.0087373           0 -0.00480633   0.0045234
-0.00589326  0.00480633           0 -0.00743521
   0.032617  -0.0045234  0.00743521           0
EndNode1[0]<--->Repeater1[0]
REAL
   0.334554 -0.00980275  -0.0324305    0.250422
-0.00980275    0.145299   0.0740257  -0.0202353
 -0.0324305   0.0740257    0.161172  -0.0311595
   0.250422  -0.0202353  -0.0311595    0.358974
IMAGINARY
          0  0.00873217   0.0107547  0.00531592
-0.00873217           0  -0.0138386    0.012088
 -0.0107547   0.0138386           0  -0.0150774
-0.00531592   -0.012088   0.0150774           0
EndNode2[0]<--->HoM1[0]
REAL
  0.322251 0.00485456   0.007995   0.251708
0.00485456   0.149616  0.0791642 -0.0167198
  0.007995  0.0791642   0.190537 -0.0377405
  0.251708 -0.0167198 -0.0377405   0.337596
IMAGINARY
           0   0.00222154   0.00542826   0.00223207
 -0.00222154            0 -0.000835418   -0.0117255
 -0.00542826  0.000835418            0   0.00407569
 -0.00223207    0.0117255  -0.00407569            0
Repeater1[0]<--->EndNode1[0]
REAL
   0.334554  -0.0324305 -0.00980275    0.250422
 -0.0324305    0.161172   0.0740257  -0.0311595
-0.00980275   0.0740257    0.145299  -0.0202353
   0.250422  -0.0311595  -0.0202353    0.358974
IMAGINARY
          0   0.0107547  0.00873217  0.00531592
 -0.0107547           0   0.0138386  -0.0150774
-0.00873217  -0.0138386           0    0.012088
-0.00531592   0.0150774   -0.012088           0
Repeater1[0]<--->HoM1[0]
REAL
  0.322251   0.007995 0.00485456   0.251708
  0.007995   0.190537  0.0791642 -0.0377405
0.00485456  0.0791642   0.149616 -0.0167198
  0.251708 -0.0377405 -0.0167198   0.337596
IMAGINARY
           0   0.00542826   0.00222154   0.00223207
 -0.00542826            0  0.000835418   0.00407569
 -0.00222154 -0.000835418            0   -0.0117255
 -0.00223207  -0.00407569    0.0117255            0
EndNode1[0]<--->Repeater1[0]
REAL
   0.355247 -0.00927463   0.0119822    0.276655
-0.00927463    0.159292    0.072903  -0.0100859
  0.0119822    0.072903    0.135272 -0.00526393
   0.276655  -0.0100859 -0.00526393     0.35019
IMAGINARY
          0   0.0215516 -0.00884652   0.0112734
 -0.0215516           0   0.0338297 -0.00473693
 0.00884652  -0.0338297           0  -0.0221984
 -0.0112734  0.00473693   0.0221984           0
EndNode2[0]<--->HoM1[0]
REAL
   0.366048 0.000913317  0.00681658    0.246556
0.000913317    0.137931   0.0761299  0.00426556
 0.00681658   0.0761299    0.143236 -0.00808411
   0.246556  0.00426556 -0.00808411    0.352785
IMAGINARY
           0   0.00224915   0.00502535  0.000714286
 -0.00224915            0  -0.00821429   0.00374658
 -0.00502535   0.00821429            0  0.000257117
-0.000714286  -0.00374658 -0.000257117            0
Repeater1[0]<--->EndNode1[0]
REAL
   0.355247   0.0119822 -0.00927463    0.276655
  0.0119822    0.135272    0.072903 -0.00526393
-0.00927463    0.072903    0.159292  -0.0100859
   0.276655 -0.00526393  -0.0100859     0.35019
IMAGINARY
          0 -0.00884652   0.0215516   0.0112734
 0.00884652           0  -0.0338297  -0.0221984
 -0.0215516   0.0338297           0 -0.00473693
 -0.0112734   0.0221984  0.00473693           0
Repeater1[0]<--->HoM1[0]
REAL
   0.366048  0.00681658 0.000913317    0.246556
 0.00681658    0.143236   0.0761299 -0.00808411
0.000913317   0.0761299    0.137931  0.00426556
   0.246556 -0.00808411  0.00426556    0.352785
IMAGINARY
           0   0.00502535   0.00224915  0.000714286
 -0.00502535            0   0.00821429  0.000257117
 -0.00224915  -0.00821429            0   0.00374658
-0.000714286 -0.000257117  -0.00374658            0
EndNode1[0]<--->Repeater1[0]
REAL
    0.327698 -0.000517469  -0.00569301     0.254672
-0.000517469     0.174252    0.0605844   -0.0139733
 -0.00569301    0.0605844     0.171651   -0.0108055
    0.254672   -0.0139733   -0.0108055     0.326398
IMAGINARY
           0  -0.00870182 -0.000629135    0.0128509
  0.00870182            0    0.0107762    0.0173386
 0.000629135   -0.0107762            0   -0.0131491
  -0.0128509   -0.0173386    0.0131491            0
EndNode2[0]<--->HoM1[0]
REAL
  0.347328 -0.0262655 0.00527493   0.248627
-0.0262655   0.156489    0.05711 -0.0176608
0.00527493    0.05711   0.148855 -0.0030696
  0.248627 -0.0176608 -0.0030696   0.347328
IMAGINARY
           0   -0.0194268  -0.00223112   0.00250196
   0.0194268            0   0.00835372 -0.000339572
  0.00223112  -0.00835372            0    0.0194268
 -0.00250196  0.000339572   -0.0194268            0
Repeater1[0]<--->EndNode1[0]
REAL
    0.327698  -0.00569301 -0.000517469     0.254672
 -0.00569301     0.171651    0.0605844   -0.0108055
-0.000517469    0.0605844     0.174252   -0.0139733
    0.254672   -0.0108055   -0.0139733     0.326398
IMAGINARY
           0 -0.000629135  -0.00870182    0.0128509
 0.000629135            0   -0.0107762   -0.0131491
  0.00870182    0.0107762            0    0.0173386
  -0.0128509    0.0131491   -0.0173386            0
Repeater1[0]<--->HoM1[0]
REAL
  0.347328 0.00527493 -0.0262655   0.248627
0.00527493   0.148855    0.05711 -0.0030696
-0.0262655    0.05711   0.156489 -0.0176608
  0.248627 -0.0030696 -0.0176608   0.347328
IMAGINARY
           0  -0.00223112   -0.0194268   0.00250196
  0.00223112            0  -0.00835372    0.0194268
   0.0194268   0.00835372            0 -0.000339572
 -0.00250196   -0.0194268  0.000339572            0
EndNode1[0]<--->Repeater1[0]
REAL
   0.345223 -0.00313754  0.00600446    0.256114
-0.00313754    0.157962   0.0667204  -0.0191278
 0.00600446   0.0667204    0.149045  -0.0165475
   0.256114  -0.0191278  -0.0165475    0.347771
IMAGINARY
           0    0.0238157  -0.00520591  0.000892049
  -0.0238157            0  -0.00993598    0.0153069
  0.00520591   0.00993598            0  -0.00108847
-0.000892049   -0.0153069   0.00108847            0
EndNode2[0]<--->HoM1[0]
REAL
   0.371728 -0.00222833  -0.0256317     0.24214
-0.00222833    0.151832   0.0659263   0.0318904
 -0.0256317   0.0659263    0.141361 -0.00542118
    0.24214   0.0318904 -0.00542118    0.335079
IMAGINARY
          0   0.0117304  0.00841297 -0.00630359
 -0.0117304           0 -0.00125309 -0.00280898
-0.00841297  0.00125309           0  0.00508151
 0.00630359  0.00280898 -0.00508151           0
Repeater1[0]<--->EndNode1[0]
REAL
   0.345223  0.00600446 -0.00313754    0.256114
 0.00600446    0.149045   0.0667204  -0.0165475
-0.00313754   0.0667204    0.157962  -0.0191278
   0.256114  -0.0165475  -0.0191278    0.347771
IMAGINARY
           0  -0.00520591    0.0238157  0.000892049
  0.00520591            0   0.00993598  -0.00108847
  -0.0238157  -0.00993598            0    0.0153069
-0.000892049   0.00108847   -0.0153069            0
Repeater1[0]<--->HoM1[0]
REAL
   0.371728  -0.0256317 -0.00222833     0.24214
 -0.0256317    0.141361   0.0659263 -0.00542118
-0.00222833   0.0659263    0.151832   0.0318904
    0.24214 -0.00542118   0.0318904    0.335079
IMAGINARY
          0  0.00841297   0.0117304 -0.00630359
-0.00841297           0  0.00125309  0.00508151
 -0.0117304 -0.00125309           0 -0.00280898
 0.00630359 -0.00508151  0.00280898           0
EndNode1[0]<--->Repeater1[0]
REAL
  0.355844 -0.0131282 -0.0225468   0.267698
-0.0131282   0.168831  0.0689031 0.00228539
-0.0225468  0.0689031   0.146753 0.00986027
  0.267698 0.00228539 0.00986027   0.328571
IMAGINARY
          0   0.0114303  0.00634982   0.0150123
 -0.0114303           0   0.0131207 -0.00701916
-0.00634982  -0.0131207           0 -0.00139018
 -0.0150123  0.00701916  0.00139018           0
EndNode2[0]<--->HoM1[0]
REAL
 0.372093 0.0147484 0.0208753  0.263312
0.0147484  0.120155 0.0691491  0.014465
0.0208753 0.0691491  0.156331 0.0179742
 0.263312  0.014465 0.0179742  0.351421
IMAGINARY
          0  -0.0102969   0.0219133  0.00237327
  0.0102969           0 -0.00442525    0.023772
 -0.0219133  0.00442525           0  0.00395176
-0.00237327   -0.023772 -0.00395176           0
Repeater1[0]<--->EndNode1[0]
REAL
  0.355844 -0.0225468 -0.0131282   0.267698
-0.0225468   0.146753  0.0689031 0.00986027
-0.0131282  0.0689031   0.168831 0.00228539
  0.267698 0.00986027 0.00228539   0.328571
IMAGINARY
          0  0.00634982   0.0114303   0.0150123
-0.00634982           0  -0.0131207 -0.00139018
 -0.0114303   0.0131207           0 -0.00701916
 -0.0150123  0.00139018  0.00701916           0
Repeater1[0]<--->HoM1[0]
REAL
 0.372093 0.0208753 0.0147484  0.263312
0.0208753  0.156331 0.0691491 0.0179742
0.0147484 0.0691491  0.120155  0.014465
 0.263312 0.0179742  0.014465  0.351421
IMAGINARY
          0   0.0219133  -0.0102969  0.00237327
 -0.0219133           0  0.00442525  0.00395176
  0.0102969 -0.00442525           0    0.023772
-0.00237327 -0.00395176   -0.023772           0
EndNode1[0]<--->Repeater1[0]
REAL
   0.353733  -0.0105362 -0.00910836    0.254206
 -0.0105362    0.159119   0.0793425 0.000721262
-0.00910836   0.0793425    0.159119  0.00602008
   0.254206 0.000721262  0.00602008    0.328029
IMAGINARY
           0   0.00164893   0.00389666   0.00583714
 -0.00164893            0 -0.000862012   -0.0271207
 -0.00389666  0.000862012            0    0.0188429
 -0.00583714    0.0271207   -0.0188429            0
EndNode2[0]<--->HoM1[0]
REAL
     0.37664     0.018436 -7.53879e-05     0.260842
    0.018436     0.132546    0.0706461   0.00315042
-7.53879e-05    0.0706461     0.153543    -0.014131
    0.260842   0.00315042    -0.014131      0.33727
IMAGINARY
           0  -0.00652252  0.000528092    0.0148041
  0.00652252            0   0.00551043   -0.0181752
-0.000528092  -0.00551043            0   0.00717611
  -0.0148041    0.0181752  -0.00717611            0
Repeater1[0]<--->EndNode1[0]
REAL
   0.353733 -0.00910836  -0.0105362    0.254206
-0.00910836    0.159119   0.0793425  0.00602008
 -0.0105362   0.0793425    0.159119 0.000721262
   0.254206  0.00602008 0.000721262    0.328029
IMAGINARY
           0   0.00389666   0.00164893   0.00583714
 -0.00389666            0  0.000862012    0.0188429
 -0.00164893 -0.000862012            0   -0.0271207
 -0.00583714   -0.0188429    0.0271207            0
Repeater1[0]<--->HoM1[0]
REAL
     0.37664 -7.53879e-05     0.018436     0.260842
-7.53879e-05     0.153543    0.0706461    -0.014131
    0.018436    0.0706461     0.132546   0.00315042
    0.260842    -0.014131   0.00315042      0.33727
IMAGINARY
           0  0.000528092  -0.00652252    0.0148041
-0.000528092            0  -0.00551043   0.00717611
  0.00652252   0.00551043            0   -0.0181752
  -0.0148041  -0.00717611    0.0181752            0
EndNode1[0]<--->Repeater1[0]
REAL
     0.36255  0.000560207  -0.00957854     0.246542
 0.000560207      0.14741    0.0631645 -1.38778e-17
 -0.00957854    0.0631645     0.143426    -0.021633
    0.246542 -1.38778e-17    -0.021633     0.346614
IMAGINARY
          0   0.0102177   0.0117089 -0.00237981
 -0.0102177           0   0.0276202 -0.00907035
 -0.0117089  -0.0276202           0    0.013529
 0.00237981  0.00907035   -0.013529           0
EndNode2[0]<--->HoM1[0]
REAL
   0.336387  -0.0274805 0.000702499    0.255197
 -0.0274805    0.147906   0.0482788  -0.0247667
0.000702499   0.0482788    0.150524  -0.0166371
   0.255197  -0.0247667  -0.0166371    0.365183
IMAGINARY
          0   0.0160069 -0.00984096 -0.00341997
 -0.0160069           0   0.0150479  -0.0134295
 0.00984096  -0.0150479           0   0.0185843
 0.00341997   0.0134295  -0.0185843           0
Repeater1[0]<--->EndNode1[0]
REAL
     0.36255  -0.00957854  0.000560207     0.246542
 -0.00957854     0.143426    0.0631645    -0.021633
 0.000560207    0.0631645      0.14741 -1.38778e-17
    0.246542    -0.021633 -1.38778e-17     0.346614
IMAGINARY
          0   0.0117089   0.0102177 -0.00237981
 -0.0117089           0  -0.0276202    0.013529
 -0.0102177   0.0276202           0 -0.00907035
 0.00237981   -0.013529  0.00907035           0
Repeater1[0]<--->HoM1[0]
REAL
   0.336387 0.000702499  -0.0274805    0.255197
0.000702499    0.150524   0.0482788  -0.0166371
 -0.0274805   0.0482788    0.147906  -0.0247667
   0.255197  -0.0166371  -0.0247667    0.365183
IMAGINARY
          0 -0.00984096   0.0160069 -0.00341997
 0.00984096           0  -0.0150479   0.0185843
 -0.0160069   0.0150479           0  -0.0134295
 0.00341997  -0.0185843   0.0134295           0
EndNode1[0]<--->Repeater1[0]
REAL
    0.324219   0.00109318 -0.000973037     0.258886
  0.00109318     0.157552    0.0614072   0.00219553
-0.000973037    0.0614072     0.136719    0.0135768
    0.258886   0.00219553    0.0135768      0.38151
IMAGINARY
           0   0.00316063  -0.00917033  -0.00697917
 -0.00316063            0  -0.00629517   -0.0250434
  0.00917033   0.00629517            0 -0.000159426
  0.00697917    0.0250434  0.000159426            0
EndNode2[0]<--->HoM1[0]
REAL
   0.358739 -0.00278659  -0.0032785    0.268701
-0.00278659    0.134034   0.0632216  0.00992905
 -0.0032785   0.0632216    0.151117 0.000972807
   0.268701  0.00992905 0.000972807     0.35611
IMAGINARY
           0 -0.000983133   -0.0159511 -0.000887793
 0.000983133            0  -0.00340669  -0.00185713
   0.0159511   0.00340669            0     0.011942
 0.000887793   0.00185713    -0.011942            0
Repeater1[0]<--->EndNode1[0]
REAL
    0.324219 -0.000973037   0.00109318     0.258886
-0.000973037     0.136719    0.0614072    0.0135768
  0.00109318    0.0614072     0.157552   0.00219553
    0.258886    0.0135768   0.00219553      0.38151
IMAGINARY
           0  -0.00917033   0.00316063  -0.00697917
  0.00917033            0   0.00629517 -0.000159426
 -0.00316063  -0.00629517            0   -0.0250434
  0.00697917  0.000159426    0.0250434            0
Repeater1[0]<--->HoM1[0]
REAL
   0.358739  -0.0032785 -0.00278659    0.268701
 -0.0032785    0.151117   0.0632216 0.000972807
-0.00278659   0.0632216    0.134034  0.00992905
   0.268701 0.000972807  0.00992905     0.35611
IMAGINARY
           0   -0.0159511 -0.000983133 -0.000887793
   0.0159511            0   0.00340669     0.011942
 0.000983133  -0.00340669            0  -0.00185713
 0.000887793    -0.011942   0.00185713            0
EndNode1[0]<--->Repeater1[0]
REAL
   0.353947 -0.00223118   0.0185005    0.256463
-0.00223118    0.157895   0.0674617 -0.00505967
  0.0185005   0.0674617    0.131579  0.00357527
   0.256463 -0.00505967  0.00357527    0.356579
IMAGINARY
          0  -0.0105015 -0.00915139  -0.0171089
  0.0105015           0  -0.0132921 -0.00665139
 0.00915139   0.0132921           0   0.0136621
  0.0171089  0.00665139  -0.0136621           0
EndNode2[0]<--->HoM1[0]
REAL
    0.32638 -0.00693645 -0.00208686     0.25336
-0.00693645    0.173006   0.0749233  -0.0105394
-0.00208686   0.0749233    0.134969  -0.0132656
    0.25336  -0.0105394  -0.0132656    0.365644
IMAGINARY
          0   0.0179726 -0.00155675   0.0145222
 -0.0179726           0    -0.01714  -0.0217724
 0.00155675     0.01714           0   -0.013559
 -0.0145222   0.0217724    0.013559           0
Repeater1[0]<--->EndNode1[0]
REAL
   0.353947   0.0185005 -0.00223118    0.256463
  0.0185005    0.131579   0.0674617  0.00357527
-0.00223118   0.0674617    0.157895 -0.00505967
   0.256463  0.00357527 -0.00505967    0.356579
IMAGINARY
          0 -0.00915139  -0.0105015  -0.0171089
 0.00915139           0   0.0132921   0.0136621
  0.0105015  -0.0132921           0 -0.00665139
  0.0171089  -0.0136621  0.00665139           0
Repeater1[0]<--->HoM1[0]
REAL
    0.32638 -0.00208686 -0.00693645     0.25336
-0.00208686    0.134969   0.0749233  -0.0132656
-0.00693645   0.0749233    0.173006  -0.0105394
    0.25336  -0.0132656  -0.0105394    0.365644
IMAGINARY
          0 -0.00155675   0.0179726   0.0145222
 0.00155675           0     0.01714   -0.013559
 -0.0179726    -0.01714           0  -0.0217724
 -0.0145222    0.013559   0.0217724           0
EndNode1[0]<--->Repeater1[0]
REAL
  0.334923 0.00287849  0.0024702   0.262672
0.00287849   0.131108  0.0471107  0.0151928
 0.0024702  0.0471107   0.174017 -0.0178241
  0.262672  0.0151928 -0.0178241   0.359952
IMAGINARY
          0    0.016164 -0.00632303 -0.00916914
  -0.016164           0  -0.0143911   0.0024965
 0.00632303   0.0143911           0 -0.00595991
 0.00916914  -0.0024965  0.00595991           0
EndNode2[0]<--->HoM1[0]
REAL
   0.321516 0.000394227  0.00309305    0.249163
0.000394227    0.157702   0.0566626   0.0239527
 0.00309305   0.0566626    0.178484  0.00168622
   0.249163   0.0239527  0.00168622    0.342298
IMAGINARY
          0 -0.00787595  -0.0172873   0.0121501
 0.00787595           0  0.00641758   0.0010373
  0.0172873 -0.00641758           0  0.00662595
 -0.0121501  -0.0010373 -0.00662595           0
Repeater1[0]<--->EndNode1[0]
REAL
  0.334923  0.0024702 0.00287849   0.262672
 0.0024702   0.174017  0.0471107 -0.0178241
0.00287849  0.0471107   0.131108  0.0151928
  0.262672 -0.0178241  0.0151928   0.359952
IMAGINARY
          0 -0.00632303    0.016164 -0.00916914
 0.00632303           0   0.0143911 -0.00595991
  -0.016164  -0.0143911           0   0.0024965
 0.00916914  0.00595991  -0.0024965           0
Repeater1[0]<--->HoM1[0]
REAL
   0.321516  0.00309305 0.000394227    0.249163
 0.00309305    0.178484   0.0566626  0.00168622
0.000394227   0.0566626    0.157702   0.0239527
   0.249163  0.00168622   0.0239527    0.342298
IMAGINARY
          0  -0.0172873 -0.00787595   0.0121501
  0.0172873           0 -0.00641758  0.00662595
 0.00787595  0.00641758           0   0.0010373
 -0.0121501 -0.00662595  -0.0010373           0
EndNode1[0]<--->Repeater1[0]
REAL
   0.334661   0.0459815   0.0202918    0.268114
  0.0459815    0.187251    0.055856   0.0115434
  0.0202918    0.055856    0.135458 -0.00291031
   0.268114   0.0115434 -0.00291031    0.342629
IMAGINARY
          0  0.00316188  -0.0067817   0.0116635
-0.00316188           0 -0.00477988  0.00484621
  0.0067817  0.00477988           0   0.0155478
 -0.0116635 -0.00484621  -0.0155478           0
EndNode2[0]<--->HoM1[0]
REAL
   0.334184  -0.0122492 -0.00463007    0.260855
 -0.0122492    0.137755    0.067307   0.0153699
