EndNode1[0]<--->Repeater1[0]
REAL
   0.310078 -0.00790483  -0.0016748    0.241929
-0.00790483    0.164083   0.0631339   0.0130672
 -0.0016748   0.0631339    0.148579   0.0192972
   0.241929   0.0130672   0.0192972    0.377261
IMAGINARY
          0 -0.00981559  0.00691184  -0.0229097
 0.00981559           0  -0.0129496   0.0112814
-0.00691184   0.0129496           0 -0.00586822
  0.0229097  -0.0112814  0.00586822           0
EndNode2[0]<--->HoM1[0]
REAL
   0.339947  -0.0380214  0.00640594    0.249393
 -0.0380214    0.164021   0.0571807 -0.00198116
 0.00640594   0.0571807    0.153439   0.0108407
   0.249393 -0.00198116   0.0108407    0.342593
IMAGINARY
           0    0.0113412   -0.0227745    0.0064446
  -0.0113412            0  -0.00198601    0.0196843
   0.0227745   0.00198601            0  0.000401691
  -0.0064446   -0.0196843 -0.000401691            0
Repeater1[0]<--->EndNode1[0]
REAL
   0.310078  -0.0016748 -0.00790483    0.241929
 -0.0016748    0.148579   0.0631339   0.0192972
-0.00790483   0.0631339    0.164083   0.0130672
   0.241929   0.0192972   0.0130672    0.377261
IMAGINARY
          0  0.00691184 -0.00981559  -0.0229097
-0.00691184           0   0.0129496 -0.00586822
 0.00981559  -0.0129496           0   0.0112814
  0.0229097  0.00586822  -0.0112814           0
Repeater1[0]<--->HoM1[0]
REAL
   0.339947  0.00640594  -0.0380214    0.249393
 0.00640594    0.153439   0.0571807   0.0108407
 -0.0380214   0.0571807    0.164021 -0.00198116
   0.249393   0.0108407 -0.00198116    0.342593
IMAGINARY
           0   -0.0227745    0.0113412    0.0064446
   0.0227745            0   0.00198601  0.000401691
  -0.0113412  -0.00198601            0    0.0196843
  -0.0064446 -0.000401691   -0.0196843            0
EndNode1[0]<--->Repeater1[0]
REAL
  0.335476  0.0123879 -0.0110349   0.255223
 0.0123879    0.16581  0.0708077 0.00716895
-0.0110349  0.0708077   0.154242 -0.0252745
  0.255223 0.00716895 -0.0252745   0.344473
IMAGINARY
           0      0.01322  0.000395257 -5.48176e-05
    -0.01322            0   0.00844191  -0.00948617
-0.000395257  -0.00844191            0   0.00236437
 5.48176e-05   0.00948617  -0.00236437            0
EndNode2[0]<--->HoM1[0]
REAL
  0.329457  0.0112823 0.00209717    0.26747
 0.0112823   0.151163  0.0750712  0.0158586
0.00209717  0.0750712   0.161499 -0.0071387
   0.26747  0.0158586 -0.0071387   0.357881
IMAGINARY
          0   0.0134491   -0.010645  -0.0113698
 -0.0134491           0 -0.00335496  0.00589442
   0.010645  0.00335496           0 -0.00038493
  0.0113698 -0.00589442  0.00038493           0
Repeater1[0]<--->EndNode1[0]
REAL
  0.335476 -0.0110349  0.0123879   0.255223
-0.0110349   0.154242  0.0708077 -0.0252745
 0.0123879  0.0708077    0.16581 0.00716895
  0.255223 -0.0252745 0.00716895   0.344473
IMAGINARY
           0  0.000395257      0.01322 -5.48176e-05
-0.000395257            0  -0.00844191   0.00236437
    -0.01322   0.00844191            0  -0.00948617
 5.48176e-05  -0.00236437   0.00948617            0
Repeater1[0]<--->HoM1[0]
REAL
  0.329457 0.00209717  0.0112823    0.26747
0.00209717   0.161499  0.0750712 -0.0071387
 0.0112823  0.0750712   0.151163  0.0158586
   0.26747 -0.0071387  0.0158586   0.357881
IMAGINARY
          0   -0.010645   0.0134491  -0.0113698
   0.010645           0  0.00335496 -0.00038493
 -0.0134491 -0.00335496           0  0.00589442
  0.0113698  0.00038493 -0.00589442           0
EndNode1[0]<--->Repeater1[0]
REAL
      0.36  0.0065865 0.00363139   0.251187
 0.0065865   0.139355  0.0891269  0.0133843
0.00363139  0.0891269   0.141935  0.0025758
  0.251187  0.0133843  0.0025758    0.35871
IMAGINARY
          0  -0.0274388  0.00435973   0.0012309
  0.0274388           0   0.0113319 -0.00184717
-0.00435973  -0.0113319           0 -0.00648076
 -0.0012309  0.00184717  0.00648076           0
EndNode2[0]<--->HoM1[0]
REAL
   0.326996 -0.00192138  0.00160567    0.255295
-0.00192138    0.162231   0.0689949 0.000978313
 0.00160567   0.0689949    0.183777  0.00450536
   0.255295 0.000978313  0.00450536    0.326996
IMAGINARY
           0   0.00294621  -0.00588225 -0.000981344
 -0.00294621            0   -0.0176909    0.0129245
  0.00588225    0.0176909            0   -0.0112689
 0.000981344   -0.0129245    0.0112689            0
Repeater1[0]<--->EndNode1[0]
REAL
      0.36 0.00363139  0.0065865   0.251187
0.00363139   0.141935  0.0891269  0.0025758
 0.0065865  0.0891269   0.139355  0.0133843
  0.251187  0.0025758  0.0133843    0.35871
IMAGINARY
          0  0.00435973  -0.0274388   0.0012309
-0.00435973           0  -0.0113319 -0.00648076
  0.0274388   0.0113319           0 -0.00184717
 -0.0012309  0.00648076  0.00184717           0
Repeater1[0]<--->HoM1[0]
REAL
   0.326996  0.00160567 -0.00192138    0.255295
 0.00160567    0.183777   0.0689949  0.00450536
-0.00192138   0.0689949    0.162231 0.000978313
   0.255295  0.00450536 0.000978313    0.326996
IMAGINARY
           0  -0.00588225   0.00294621 -0.000981344
  0.00588225            0    0.0176909   -0.0112689
 -0.00294621   -0.0176909            0    0.0129245
 0.000981344    0.0112689   -0.0129245            0
EndNode1[0]<--->Repeater1[0]
REAL
   0.326478 -0.00717857 0.000243279    0.243265
-0.00717857     0.16581   0.0533243  0.00158376
0.000243279   0.0533243    0.177378  -0.0092648
   0.243265  0.00158376  -0.0092648    0.330334
IMAGINARY
           0   0.00798817    0.0169562    0.0136601
 -0.00798817            0    0.0130065  0.000203593
  -0.0169562   -0.0130065            0   0.00798817
  -0.0136601 -0.000203593  -0.00798817            0
EndNode2[0]<--->HoM1[0]
REAL
  0.364512 0.00159244 -0.0179316   0.256701
0.00159244   0.185695  0.0851966 -0.0117127
-0.0179316  0.0851966   0.137552 -0.0259666
  0.256701 -0.0117127 -0.0259666   0.312242
IMAGINARY
          0   0.0215609    0.024057   0.0319062
 -0.0215609           0  0.00151285 -0.00954514
  -0.024057 -0.00151285           0   0.0101013
 -0.0319062  0.00954514  -0.0101013           0
Repeater1[0]<--->EndNode1[0]
REAL
   0.326478 0.000243279 -0.00717857    0.243265
0.000243279    0.177378   0.0533243  -0.0092648
-0.00717857   0.0533243     0.16581  0.00158376
   0.243265  -0.0092648  0.00158376    0.330334
IMAGINARY
           0    0.0169562   0.00798817    0.0136601
  -0.0169562            0   -0.0130065   0.00798817
 -0.00798817    0.0130065            0  0.000203593
  -0.0136601  -0.00798817 -0.000203593            0
Repeater1[0]<--->HoM1[0]
REAL
  0.364512 -0.0179316 0.00159244   0.256701
-0.0179316   0.137552  0.0851966 -0.0259666
0.00159244  0.0851966   0.185695 -0.0117127
  0.256701 -0.0259666 -0.0117127   0.312242
IMAGINARY
          0    0.024057   0.0215609   0.0319062
  -0.024057           0 -0.00151285   0.0101013
 -0.0215609  0.00151285           0 -0.00954514
 -0.0319062  -0.0101013  0.00954514           0
EndNode1[0]<--->Repeater1[0]
REAL
   0.334187   0.0122452 -0.00778963    0.254568
  0.0122452    0.174136   0.0406577   0.0128148
-0.00778963   0.0406577    0.160051  0.00659902
   0.254568   0.0128148  0.00659902    0.331626
IMAGINARY
           0   0.00488858    0.0105245   0.00629048
 -0.00488858            0   0.00239438  -0.00789986
  -0.0105245  -0.00239438            0  0.000360765
 -0.00629048   0.00789986 -0.000360765            0
EndNode2[0]<--->HoM1[0]
REAL
   0.347594    0.014236 -0.00712308    0.262007
   0.014236    0.149733   0.0643025  0.00393023
-0.00712308   0.0643025    0.159091 -0.00721173
   0.262007  0.00393023 -0.00721173    0.343583
IMAGINARY
          0  0.00604852 -0.00557197  -0.0213143
-0.00604852           0  -0.0250643    0.013225
 0.00557197   0.0250643           0 -0.00987505
  0.0213143   -0.013225  0.00987505           0
Repeater1[0]<--->EndNode1[0]
REAL
   0.334187 -0.00778963   0.0122452    0.254568
-0.00778963    0.160051   0.0406577  0.00659902
  0.0122452   0.0406577    0.174136   0.0128148
   0.254568  0.00659902   0.0128148    0.331626
IMAGINARY
           0    0.0105245   0.00488858   0.00629048
  -0.0105245            0  -0.00239438  0.000360765
 -0.00488858   0.00239438            0  -0.00789986
 -0.00629048 -0.000360765   0.00789986            0
Repeater1[0]<--->HoM1[0]
REAL
   0.347594 -0.00712308    0.014236    0.262007
-0.00712308    0.159091   0.0643025 -0.00721173
   0.014236   0.0643025    0.149733  0.00393023
   0.262007 -0.00721173  0.00393023    0.343583
IMAGINARY
          0 -0.00557197  0.00604852  -0.0213143
 0.00557197           0   0.0250643 -0.00987505
-0.00604852  -0.0250643           0    0.013225
  0.0213143  0.00987505   -0.013225           0
EndNode1[0]<--->Repeater1[0]
REAL
   0.34799  0.0145963 0.00442735   0.270619
 0.0145963   0.144472  0.0931995 0.00692112
0.00442735  0.0931995   0.165829  0.0101033
  0.270619 0.00692112  0.0101033   0.341709
IMAGINARY
          0   0.0240902  0.00450162  0.00580963
 -0.0240902           0    0.009757  -0.0206307
-0.00450162   -0.009757           0 -0.00796112
-0.00580963   0.0206307  0.00796112           0
EndNode2[0]<--->HoM1[0]
REAL
  0.364109  0.0149226  -0.014349   0.246181
 0.0149226   0.169051  0.0501399 0.00843577
 -0.014349  0.0501399   0.153446 0.00938753
  0.246181 0.00843577 0.00938753   0.313394
IMAGINARY
          0  -0.0153023   0.0172906   0.0135362
  0.0153023           0   0.0221781 -0.00132639
 -0.0172906  -0.0221781           0    0.017218
 -0.0135362  0.00132639   -0.017218           0
Repeater1[0]<--->EndNode1[0]
REAL
   0.34799 0.00442735  0.0145963   0.270619
0.00442735   0.165829  0.0931995  0.0101033
 0.0145963  0.0931995   0.144472 0.00692112
  0.270619  0.0101033 0.00692112   0.341709
IMAGINARY
          0  0.00450162   0.0240902  0.00580963
-0.00450162           0   -0.009757 -0.00796112
 -0.0240902    0.009757           0  -0.0206307
-0.00580963  0.00796112   0.0206307           0
Repeater1[0]<--->HoM1[0]
REAL
  0.364109  -0.014349  0.0149226   0.246181
 -0.014349   0.153446  0.0501399 0.00938753
 0.0149226  0.0501399   0.169051 0.00843577
  0.246181 0.00938753 0.00843577   0.313394
IMAGINARY
          0   0.0172906  -0.0153023   0.0135362
 -0.0172906           0  -0.0221781    0.017218
  0.0153023   0.0221781           0 -0.00132639
 -0.0135362   -0.017218  0.00132639           0
EndNode1[0]<--->Repeater1[0]
REAL
 0.363049  -0.01336  0.019199   0.24062
 -0.01336  0.147287  0.067072 0.0043742
 0.019199  0.067072  0.151163 0.0158414
  0.24062 0.0043742 0.0158414  0.338501
IMAGINARY
          0  -0.0144706   0.0177802   0.0255283
  0.0144706           0 -0.00153352  -0.0055221
 -0.0177802  0.00153352           0  -0.0223035
 -0.0255283   0.0055221   0.0223035           0
EndNode2[0]<--->HoM1[0]
REAL
   0.366539   -0.003414 0.000665996    0.281836
  -0.003414    0.137931   0.0718228   0.0237242
0.000665996   0.0718228    0.144317 -0.00471608
   0.281836   0.0237242 -0.00471608    0.351213
IMAGINARY
          0   0.0077849  -0.0110796 -0.00270498
 -0.0077849           0  -0.0172435  0.00912901
  0.0110796   0.0172435           0  0.00586919
 0.00270498 -0.00912901 -0.00586919           0
Repeater1[0]<--->EndNode1[0]
REAL
 0.363049  0.019199  -0.01336   0.24062
 0.019199  0.151163  0.067072 0.0158414
 -0.01336  0.067072  0.147287 0.0043742
  0.24062 0.0158414 0.0043742  0.338501
IMAGINARY
          0   0.0177802  -0.0144706   0.0255283
 -0.0177802           0  0.00153352  -0.0223035
  0.0144706 -0.00153352           0  -0.0055221
 -0.0255283   0.0223035   0.0055221           0
Repeater1[0]<--->HoM1[0]
REAL
   0.366539 0.000665996   -0.003414    0.281836
0.000665996    0.144317   0.0718228 -0.00471608
  -0.003414   0.0718228    0.137931   0.0237242
   0.281836 -0.00471608   0.0237242    0.351213
IMAGINARY
          0  -0.0110796   0.0077849 -0.00270498
  0.0110796           0   0.0172435  0.00586919
 -0.0077849  -0.0172435           0  0.00912901
 0.00270498 -0.00586919 -0.00912901           0
EndNode1[0]<--->Repeater1[0]
REAL
  0.356764  0.0216782 0.00500707   0.234737
 0.0216782   0.157825  0.0688805  0.0169568
0.00500707  0.0688805   0.124668  0.0261254
  0.234737  0.0169568  0.0261254   0.360743
IMAGINARY
          0   0.0213648   0.0058464  -0.0104299
 -0.0213648           0 -0.00349418 -0.00280873
 -0.0058464  0.00349418           0  0.00840435
  0.0104299  0.00280873 -0.00840435           0
EndNode2[0]<--->HoM1[0]
REAL
 0.341096 0.0105862 0.0107336  0.253652
0.0105862  0.141096   0.04682 0.0146501
0.0107336   0.04682  0.161644 0.0112556
 0.253652 0.0146501 0.0112556  0.356164
IMAGINARY
          0  0.00821938   0.0072642  -0.0059505
-0.00821938           0   0.0124272 -0.00664308
 -0.0072642  -0.0124272           0 -0.00635603
  0.0059505  0.00664308  0.00635603           0
Repeater1[0]<--->EndNode1[0]
REAL
  0.356764 0.00500707  0.0216782   0.234737
0.00500707   0.124668  0.0688805  0.0261254
 0.0216782  0.0688805   0.157825  0.0169568
  0.234737  0.0261254  0.0169568   0.360743
IMAGINARY
          0   0.0058464   0.0213648  -0.0104299
 -0.0058464           0  0.00349418  0.00840435
 -0.0213648 -0.00349418           0 -0.00280873
  0.0104299 -0.00840435  0.00280873           0
Repeater1[0]<--->HoM1[0]
REAL
 0.341096 0.0107336 0.0105862  0.253652
0.0107336  0.161644   0.04682 0.0112556
0.0105862   0.04682  0.141096 0.0146501
 0.253652 0.0112556 0.0146501  0.356164
IMAGINARY
          0   0.0072642  0.00821938  -0.0059505
 -0.0072642           0  -0.0124272 -0.00635603
-0.00821938   0.0124272           0 -0.00664308
  0.0059505  0.00635603  0.00664308           0
EndNode1[0]<--->Repeater1[0]
REAL
  0.332016 -0.0024274 0.00197149   0.270733
-0.0024274   0.156785  0.0514349 0.00838174
0.00197149  0.0514349   0.175231 0.00790852
  0.270733 0.00838174 0.00790852   0.335968
IMAGINARY
          0   0.0176103 -0.00446877 -0.00238019
 -0.0176103           0    0.012887   0.0094813
 0.00446877   -0.012887           0 -6.6454e-05
 0.00238019  -0.0094813  6.6454e-05           0
EndNode2[0]<--->HoM1[0]
REAL
  0.352861 -0.0001053  0.0119182    0.26304
-0.0001053   0.156676   0.060337 0.00496495
 0.0119182   0.060337   0.143052 -0.0037908
   0.26304 0.00496495 -0.0037908   0.347411
IMAGINARY
          0  0.00756346  -0.0100484 -0.00242858
-0.00756346           0 -0.00371393 -0.00100809
  0.0100484  0.00371393           0  0.00103605
 0.00242858  0.00100809 -0.00103605           0
Repeater1[0]<--->EndNode1[0]
REAL
  0.332016 0.00197149 -0.0024274   0.270733
0.00197149   0.175231  0.0514349 0.00790852
-0.0024274  0.0514349   0.156785 0.00838174
  0.270733 0.00790852 0.00838174   0.335968
IMAGINARY
          0 -0.00446877   0.0176103 -0.00238019
 0.00446877           0   -0.012887 -6.6454e-05
 -0.0176103    0.012887           0   0.0094813
 0.00238019  6.6454e-05  -0.0094813           0
Repeater1[0]<--->HoM1[0]
REAL
  0.352861  0.0119182 -0.0001053    0.26304
 0.0119182   0.143052   0.060337 -0.0037908
-0.0001053   0.060337   0.156676 0.00496495
   0.26304 -0.0037908 0.00496495   0.347411
IMAGINARY
          0  -0.0100484  0.00756346 -0.00242858
  0.0100484           0  0.00371393  0.00103605
-0.00756346 -0.00371393           0 -0.00100809
 0.00242858 -0.00103605  0.00100809           0
EndNode1[0]<--->Repeater1[0]
REAL
    0.328398   0.00366658 -0.000239697     0.276591
  0.00366658     0.164199    0.0621189   0.00644317
-0.000239697    0.0621189     0.179004    0.0273508
    0.276591   0.00644317    0.0273508     0.328398
IMAGINARY
          0    0.011946  -0.0128621 -0.00868887
  -0.011946           0   0.0194894  0.00960262
  0.0128621  -0.0194894           0  -0.0230281
 0.00868887 -0.00960262   0.0230281           0
EndNode2[0]<--->HoM1[0]
REAL
   0.338812  -0.0172954 -0.00934895     0.25144
 -0.0172954     0.16182   0.0730548   0.0143995
-0.00934895   0.0730548    0.144121   0.0109823
    0.25144   0.0143995   0.0109823    0.355247
IMAGINARY
          0   0.0139096 -0.00638309   0.0046949
 -0.0139096           0  -0.0120577  -0.0131482
 0.00638309   0.0120577           0  -0.0165137
 -0.0046949   0.0131482   0.0165137           0
Repeater1[0]<--->EndNode1[0]
REAL
    0.328398 -0.000239697   0.00366658     0.276591
-0.000239697     0.179004    0.0621189    0.0273508
  0.00366658    0.0621189     0.164199   0.00644317
    0.276591    0.0273508   0.00644317     0.328398
IMAGINARY
          0  -0.0128621    0.011946 -0.00868887
  0.0128621           0  -0.0194894  -0.0230281
  -0.011946   0.0194894           0  0.00960262
 0.00868887   0.0230281 -0.00960262           0
Repeater1[0]<--->HoM1[0]
REAL
   0.338812 -0.00934895  -0.0172954     0.25144
-0.00934895    0.144121   0.0730548   0.0109823
 -0.0172954   0.0730548     0.16182   0.0143995
    0.25144   0.0109823   0.0143995    0.355247
IMAGINARY
          0 -0.00638309   0.0139096   0.0046949
 0.00638309           0   0.0120577  -0.0165137
 -0.0139096  -0.0120577           0  -0.0131482
 -0.0046949   0.0165137   0.0131482           0
EndNode1[0]<--->Repeater1[0]
REAL
  0.355263 0.00428285   0.021203     0.2386
0.00428285   0.144737  0.0706711 -0.0139183
  0.021203  0.0706711   0.172368 -0.0022961
    0.2386 -0.0139183 -0.0022961   0.327632
IMAGINARY
           0  -0.00759949  -0.00472199  -0.00094841
  0.00759949            0 -0.000330363  -0.00537902
  0.00472199  0.000330363            0   -0.0138652
  0.00094841   0.00537902    0.0138652            0
EndNode2[0]<--->HoM1[0]
REAL
  0.379747 -0.0026573 0.00239934   0.250229
-0.0026573   0.160759  0.0730639 0.00496344
0.00239934  0.0730639   0.124051  0.0073427
  0.250229 0.00496344  0.0073427   0.335443
IMAGINARY
          0   0.0121553 -0.00656168   0.0103077
 -0.0121553           0  -0.0024098 -0.00262467
 0.00656168   0.0024098           0  -0.0239663
 -0.0103077  0.00262467   0.0239663           0
Repeater1[0]<--->EndNode1[0]
REAL
  0.355263   0.021203 0.00428285     0.2386
  0.021203   0.172368  0.0706711 -0.0022961
0.00428285  0.0706711   0.144737 -0.0139183
    0.2386 -0.0022961 -0.0139183   0.327632
IMAGINARY
           0  -0.00472199  -0.00759949  -0.00094841
  0.00472199            0  0.000330363   -0.0138652
  0.00759949 -0.000330363            0  -0.00537902
  0.00094841    0.0138652   0.00537902            0
Repeater1[0]<--->HoM1[0]
REAL
  0.379747 0.00239934 -0.0026573   0.250229
0.00239934   0.124051  0.0730639  0.0073427
-0.0026573  0.0730639   0.160759 0.00496344
  0.250229  0.0073427 0.00496344   0.335443
IMAGINARY
          0 -0.00656168   0.0121553   0.0103077
 0.00656168           0   0.0024098  -0.0239663
 -0.0121553  -0.0024098           0 -0.00262467
 -0.0103077   0.0239663  0.00262467           0
EndNode1[0]<--->Repeater1[0]
REAL
   0.332539 0.000789807 -0.00149625    0.259404
0.000789807     0.16329   0.0419563  0.00489761
-0.00149625   0.0419563    0.144219  0.00805373
   0.259404  0.00489761  0.00805373    0.359952
IMAGINARY
         0  0.0202519 -0.0172513  0.0177972
-0.0202519          0 -0.0164848  -0.019207
 0.0172513  0.0164848          0  0.0149043
-0.0177972   0.019207 -0.0149043          0
EndNode2[0]<--->HoM1[0]
REAL
   0.353015   0.0169858   0.0186487    0.266632
  0.0169858    0.170854   0.0629284 -0.00466735
  0.0186487   0.0629284    0.153266 -0.00833066
   0.266632 -0.00466735 -0.00833066    0.322864
IMAGINARY
          0  -0.0176501 -0.00135772   0.0252777
  0.0176501           0   0.0219926   0.0235799
 0.00135772  -0.0219926           0  0.00777359
 -0.0252777  -0.0235799 -0.00777359           0
Repeater1[0]<--->EndNode1[0]
REAL
   0.332539 -0.00149625 0.000789807    0.259404
-0.00149625    0.144219   0.0419563  0.00805373
0.000789807   0.0419563     0.16329  0.00489761
   0.259404  0.00805373  0.00489761    0.359952
IMAGINARY
         0 -0.0172513  0.0202519  0.0177972
 0.0172513          0  0.0164848  0.0149043
-0.0202519 -0.0164848          0  -0.019207
-0.0177972 -0.0149043   0.019207          0
Repeater1[0]<--->HoM1[0]
REAL
   0.353015   0.0186487   0.0169858    0.266632
  0.0186487    0.153266   0.0629284 -0.00833066
  0.0169858   0.0629284    0.170854 -0.00466735
   0.266632 -0.00833066 -0.00466735    0.322864
IMAGINARY
          0 -0.00135772  -0.0176501   0.0252777
 0.00135772           0  -0.0219926  0.00777359
  0.0176501   0.0219926           0   0.0235799
 -0.0252777 -0.00777359  -0.0235799           0
EndNode1[0]<--->Repeater1[0]
REAL
   0.373541 2.41273e-05 -0.00401068    0.269052
2.41273e-05    0.140078   0.0561138   0.0112954
-0.00401068   0.0561138     0.16083  -0.0112824
   0.269052   0.0112954  -0.0112824    0.325551
IMAGINARY
          0  -0.0112309    0.010628  0.00652007
  0.0112309           0 -0.00918674   0.0244124
  -0.010628  0.00918674           0   0.0125786
-0.00652007  -0.0244124  -0.0125786           0
EndNode2[0]<--->HoM1[0]
REAL
   0.377261  0.00884932 -0.00633697    0.274228
 0.00884932    0.140827   0.0717282  0.00569512
-0.00633697   0.0717282    0.136951 -0.00178898
   0.274228  0.00569512 -0.00178898    0.344961
IMAGINARY
           0   -0.0114556   0.00914013   0.00335175
   0.0114556            0  -0.00695752  0.000859873
 -0.00914013   0.00695752            0   -0.0260444
 -0.00335175 -0.000859873    0.0260444            0
Repeater1[0]<--->EndNode1[0]
REAL
   0.373541 -0.00401068 2.41273e-05    0.269052
-0.00401068     0.16083   0.0561138  -0.0112824
2.41273e-05   0.0561138    0.140078   0.0112954
   0.269052  -0.0112824   0.0112954    0.325551
IMAGINARY
          0    0.010628  -0.0112309  0.00652007
  -0.010628           0  0.00918674   0.0125786
  0.0112309 -0.00918674           0   0.0244124
-0.00652007  -0.0125786  -0.0244124           0
Repeater1[0]<--->HoM1[0]
REAL
   0.377261 -0.00633697  0.00884932    0.274228
-0.00633697    0.136951   0.0717282 -0.00178898
 0.00884932   0.0717282    0.140827  0.00569512
   0.274228 -0.00178898  0.00569512    0.344961
IMAGINARY
           0   0.00914013   -0.0114556   0.00335175
 -0.00914013            0   0.00695752   -0.0260444
   0.0114556  -0.00695752            0  0.000859873
 -0.00335175    0.0260444 -0.000859873            0
EndNode1[0]<--->Repeater1[0]
REAL
  0.317041 0.00302513  0.0229189   0.251745
0.00302513    0.17041  0.0573004 0.00974446
 0.0229189  0.0573004   0.169089 0.00702513
  0.251745 0.00974446 0.00702513   0.343461
IMAGINARY
          0   -0.016637  0.00130128   0.0158052
   0.016637           0  -0.0151683 -0.00635178
-0.00130128   0.0151683           0   0.0141117
 -0.0158052  0.00635178  -0.0141117           0
EndNode2[0]<--->HoM1[0]
REAL
    0.360676    0.0111445  -0.00525296     0.249326
   0.0111445     0.148372    0.0619946 -0.000137873
 -0.00525296    0.0619946     0.160434    -0.027317
    0.249326 -0.000137873    -0.027317     0.330519
IMAGINARY
          0 -0.00737306   0.0245461 -0.00367612
 0.00737306           0     0.01914 -0.00298273
 -0.0245461    -0.01914           0 -0.00610403
 0.00367612  0.00298273  0.00610403           0
Repeater1[0]<--->EndNode1[0]
REAL
  0.317041  0.0229189 0.00302513   0.251745
 0.0229189   0.169089  0.0573004 0.00702513
0.00302513  0.0573004    0.17041 0.00974446
  0.251745 0.00702513 0.00974446   0.343461
IMAGINARY
          0  0.00130128   -0.016637   0.0158052
-0.00130128           0   0.0151683   0.0141117
   0.016637  -0.0151683           0 -0.00635178
 -0.0158052  -0.0141117  0.00635178           0
Repeater1[0]<--->HoM1[0]
REAL
    0.360676  -0.00525296    0.0111445     0.249326
 -0.00525296     0.160434    0.0619946    -0.027317
   0.0111445    0.0619946     0.148372 -0.000137873
    0.249326    -0.027317 -0.000137873     0.330519
IMAGINARY
          0   0.0245461 -0.00737306 -0.00367612
 -0.0245461           0    -0.01914 -0.00610403
 0.00737306     0.01914           0 -0.00298273
 0.00367612  0.00610403  0.00298273           0
EndNode1[0]<--->Repeater1[0]
REAL
   0.318822   0.0136518   0.0207632    0.234627
  0.0136518    0.152369   0.0588509 -0.00038277
  0.0207632   0.0588509    0.152369 -0.00142356
   0.234627 -0.00038277 -0.00142356     0.37644
IMAGINARY
           0  8.41515e-05  -0.00278324   -0.0125635
-8.41515e-05            0  -0.00127528  -0.00404906
  0.00278324   0.00127528            0  -0.00443198
   0.0125635   0.00404906   0.00443198            0
EndNode2[0]<--->HoM1[0]
REAL
   0.331536  0.00908552   0.0101309    0.255301
 0.00908552    0.157682   0.0722409 -0.00820036
  0.0101309   0.0722409    0.157682    0.003141
   0.255301 -0.00820036    0.003141      0.3531
IMAGINARY
           0   -0.0121831    0.0135828    0.0165305
   0.0121831            0  -0.00709656  -0.00675216
  -0.0135828   0.00709656            0 -0.000111963
  -0.0165305   0.00675216  0.000111963            0
Repeater1[0]<--->EndNode1[0]
REAL
   0.318822   0.0207632   0.0136518    0.234627
  0.0207632    0.152369   0.0588509 -0.00142356
  0.0136518   0.0588509    0.152369 -0.00038277
   0.234627 -0.00142356 -0.00038277     0.37644
IMAGINARY
           0  -0.00278324  8.41515e-05   -0.0125635
  0.00278324            0   0.00127528  -0.00443198
-8.41515e-05  -0.00127528            0  -0.00404906
   0.0125635   0.00443198   0.00404906            0
Repeater1[0]<--->HoM1[0]
REAL
   0.331536   0.0101309  0.00908552    0.255301
  0.0101309    0.157682   0.0722409    0.003141
 0.00908552   0.0722409    0.157682 -0.00820036
   0.255301    0.003141 -0.00820036      0.3531
IMAGINARY
           0    0.0135828   -0.0121831    0.0165305
  -0.0135828            0   0.00709656 -0.000111963
   0.0121831  -0.00709656            0  -0.00675216
  -0.0165305  0.000111963   0.00675216            0
EndNode1[0]<--->Repeater1[0]
REAL
   0.347772  -0.0160489  -0.0208535    0.265082
 -0.0160489    0.155941   0.0650815  -0.0076791
 -0.0208535   0.0650815     0.17203 -0.00297289
   0.265082  -0.0076791 -0.00297289    0.324257
IMAGINARY
           0  4.52109e-05   0.00516148  -0.00643853
-4.52109e-05            0 -0.000944022   -0.0102897
 -0.00516148  0.000944022            0   0.00508299
  0.00643853    0.0102897  -0.00508299            0
EndNode2[0]<--->HoM1[0]
REAL
   0.352078   0.0127365 -0.00320715    0.255448
  0.0127365    0.160147   0.0799429   0.0299561
-0.00320715   0.0799429    0.152812 -0.00793537
   0.255448   0.0299561 -0.00793537    0.334963
IMAGINARY
          0 -0.00561336 -0.00999981  0.00226962
 0.00561336           0  -0.0128025  -0.0367174
 0.00999981   0.0128025           0  0.00308811
-0.00226962   0.0367174 -0.00308811           0
Repeater1[0]<--->EndNode1[0]
REAL
   0.347772  -0.0208535  -0.0160489    0.265082
 -0.0208535     0.17203   0.0650815 -0.00297289
 -0.0160489   0.0650815    0.155941  -0.0076791
   0.265082 -0.00297289  -0.0076791    0.324257
IMAGINARY
           0   0.00516148  4.52109e-05  -0.00643853
 -0.00516148            0  0.000944022   0.00508299
-4.52109e-05 -0.000944022            0   -0.0102897
  0.00643853  -0.00508299    0.0102897            0
Repeater1[0]<--->HoM1[0]
REAL
   0.352078 -0.00320715   0.0127365    0.255448
-0.00320715    0.152812   0.0799429 -0.00793537
  0.0127365   0.0799429    0.160147   0.0299561
   0.255448 -0.00793537   0.0299561    0.334963
IMAGINARY
          0 -0.00999981 -0.00561336  0.00226962
 0.00999981           0   0.0128025  0.00308811
 0.00561336  -0.0128025           0  -0.0367174
-0.00226962 -0.00308811   0.0367174           0
EndNode1[0]<--->Repeater1[0]
REAL
   0.36152  0.0148469 0.00385117   0.266373
 0.0148469   0.161765  0.0753261 0.00194034
0.00385117  0.0753261   0.137255 -0.0180644
  0.266373 0.00194034 -0.0180644   0.339461
IMAGINARY
          0  0.00978475  -0.0160811  -0.0108032
-0.00978475           0  -0.0230314 -0.00346491
  0.0160811   0.0230314           0   0.0337209
  0.0108032  0.00346491  -0.0337209           0
EndNode2[0]<--->HoM1[0]
REAL
   0.354381 -0.00517732  0.00987125    0.250071
-0.00517732    0.154639   0.0632286  -0.0175439
 0.00987125   0.0632286    0.154639 -0.00761041
   0.250071  -0.0175439 -0.00761041     0.33634
IMAGINARY
           0    0.0326271  -0.00593659 -0.000260809
  -0.0326271            0   -0.0149307   -0.0177476
  0.00593659    0.0149307            0   0.00158347
 0.000260809    0.0177476  -0.00158347            0
Repeater1[0]<--->EndNode1[0]
REAL
   0.36152 0.00385117  0.0148469   0.266373
0.00385117   0.137255  0.0753261 -0.0180644
 0.0148469  0.0753261   0.161765 0.00194034
  0.266373 -0.0180644 0.00194034   0.339461
IMAGINARY
          0  -0.0160811  0.00978475  -0.0108032
  0.0160811           0   0.0230314   0.0337209
-0.00978475  -0.0230314           0 -0.00346491
  0.0108032  -0.0337209  0.00346491           0
Repeater1[0]<--->HoM1[0]
REAL
   0.354381  0.00987125 -0.00517732    0.250071
 0.00987125    0.154639   0.0632286 -0.00761041
-0.00517732   0.0632286    0.154639  -0.0175439
   0.250071 -0.00761041  -0.0175439     0.33634
IMAGINARY
           0  -0.00593659    0.0326271 -0.000260809
  0.00593659            0    0.0149307   0.00158347
  -0.0326271   -0.0149307            0   -0.0177476
 0.000260809  -0.00158347    0.0177476            0
EndNode1[0]<--->Repeater1[0]
REAL
   0.341176 -0.00143632   0.0277762    0.257548
-0.00143632    0.154248   0.0568854 -0.00458033
  0.0277762   0.0568854     0.16732   0.0272095
   0.257548 -0.00458033   0.0272095    0.337255
IMAGINARY
          0   0.0130705  0.00987207 -0.00845995
 -0.0130705           0  -0.0129878  0.00800872
-0.00987207   0.0129878           0  0.00613481
 0.00845995 -0.00800872 -0.00613481           0
EndNode2[0]<--->HoM1[0]
REAL
   0.374065  -0.0053073  -0.0073984    0.240338
 -0.0053073    0.128429   0.0695388 -0.00618185
 -0.0073984   0.0695388    0.125935  -0.0107421
   0.240338 -0.00618185  -0.0107421    0.371571
IMAGINARY
           0    -0.017674    0.0277369  -0.00523386
    0.017674            0   0.00718444 -0.000188661
  -0.0277369  -0.00718444            0   -0.0140065
  0.00523386  0.000188661    0.0140065            0
Repeater1[0]<--->EndNode1[0]
REAL
   0.341176   0.0277762 -0.00143632    0.257548
  0.0277762     0.16732   0.0568854   0.0272095
-0.00143632   0.0568854    0.154248 -0.00458033
   0.257548   0.0272095 -0.00458033    0.337255
IMAGINARY
          0  0.00987207   0.0130705 -0.00845995
-0.00987207           0   0.0129878  0.00613481
 -0.0130705  -0.0129878           0  0.00800872
 0.00845995 -0.00613481 -0.00800872           0
Repeater1[0]<--->HoM1[0]
REAL
   0.374065  -0.0073984  -0.0053073    0.240338
 -0.0073984    0.125935   0.0695388  -0.0107421
 -0.0053073   0.0695388    0.128429 -0.00618185
   0.240338  -0.0107421 -0.00618185    0.371571
IMAGINARY
           0    0.0277369    -0.017674  -0.00523386
  -0.0277369            0  -0.00718444   -0.0140065
    0.017674   0.00718444            0 -0.000188661
  0.00523386    0.0140065  0.000188661            0
EndNode1[0]<--->Repeater1[0]
REAL
   0.371147  -0.0127972  0.00315632    0.256161
 -0.0127972    0.131936   0.0728048 -0.00798391
 0.00315632   0.0728048    0.151665  -0.0140993
   0.256161 -0.00798391  -0.0140993    0.345253
IMAGINARY
          0   0.0250979 -0.00286678  -0.0110653
 -0.0250979           0  -0.0142746  -0.0126948
 0.00286678   0.0142746           0 -0.00141725
  0.0110653   0.0126948  0.00141725           0
EndNode2[0]<--->HoM1[0]
REAL
   0.325224  0.00826705   0.0117843    0.242191
 0.00826705    0.176697   0.0713682  -0.0267778
  0.0117843   0.0713682    0.148528 -0.00109625
   0.242191  -0.0267778 -0.00109625    0.349552
IMAGINARY
          0   0.0163512  0.00837629  0.00408718
 -0.0163512           0 -0.00932278 -0.00837629
-0.00837629  0.00932278           0 -0.00138861
-0.00408718  0.00837629  0.00138861           0
Repeater1[0]<--->EndNode1[0]
REAL
   0.371147  0.00315632  -0.0127972    0.256161
 0.00315632    0.151665   0.0728048  -0.0140993
 -0.0127972   0.0728048    0.131936 -0.00798391
   0.256161  -0.0140993 -0.00798391    0.345253
IMAGINARY
          0 -0.00286678   0.0250979  -0.0110653
 0.00286678           0   0.0142746 -0.00141725
 -0.0250979  -0.0142746           0  -0.0126948
  0.0110653  0.00141725   0.0126948           0
Repeater1[0]<--->HoM1[0]
REAL
   0.325224   0.0117843  0.00826705    0.242191
  0.0117843    0.148528   0.0713682 -0.00109625
 0.00826705   0.0713682    0.176697  -0.0267778
   0.242191 -0.00109625  -0.0267778    0.349552
IMAGINARY
          0  0.00837629   0.0163512  0.00408718
-0.00837629           0  0.00932278 -0.00138861
 -0.0163512 -0.00932278           0 -0.00837629
-0.00408718  0.00138861  0.00837629           0
EndNode1[0]<--->Repeater1[0]
REAL
   0.328698  -0.0188397  -0.0216388    0.252342
 -0.0188397    0.171934   0.0623294   0.0016903
 -0.0216388   0.0623294    0.154235 -0.00625687
   0.252342   0.0016903 -0.00625687    0.345133
IMAGINARY
           0  -0.00683441    0.0107528   -0.0212008
  0.00683441            0   0.00621438  0.000271878
  -0.0107528  -0.00621438            0  -0.00808129
   0.0212008 -0.000271878   0.00808129            0
EndNode2[0]<--->HoM1[0]
REAL
  0.322102  0.0221371 -0.0121288   0.256807
 0.0221371   0.171159   0.078371  0.0176639
-0.0121288   0.078371   0.141509 0.00061812
  0.256807  0.0176639 0.00061812   0.365229
IMAGINARY
           0 -4.02458e-05    0.0104123   0.00366724
 4.02458e-05            0  0.000311538   -0.0034766
  -0.0104123 -0.000311538            0   -0.0106785
 -0.00366724    0.0034766    0.0106785            0
Repeater1[0]<--->EndNode1[0]
REAL
   0.328698  -0.0216388  -0.0188397    0.252342
 -0.0216388    0.154235   0.0623294 -0.00625687
 -0.0188397   0.0623294    0.171934   0.0016903
   0.252342 -0.00625687   0.0016903    0.345133
IMAGINARY
           0    0.0107528  -0.00683441   -0.0212008
  -0.0107528            0  -0.00621438  -0.00808129
  0.00683441   0.00621438            0  0.000271878
   0.0212008   0.00808129 -0.000271878            0
Repeater1[0]<--->HoM1[0]
REAL
  0.322102 -0.0121288  0.0221371   0.256807
-0.0121288   0.141509   0.078371 0.00061812
 0.0221371   0.078371   0.171159  0.0176639
  0.256807 0.00061812  0.0176639   0.365229
IMAGINARY
           0    0.0104123 -4.02458e-05   0.00366724
  -0.0104123            0 -0.000311538   -0.0106785
 4.02458e-05  0.000311538            0   -0.0034766
 -0.00366724    0.0106785    0.0034766            0
EndNode1[0]<--->Repeater1[0]
REAL
  0.365789 0.00585767  0.0143451   0.259007
0.00585767   0.139474  0.0535712 -0.0137161
 0.0143451  0.0535712   0.136842 -0.0165495
  0.259007 -0.0137161 -0.0165495   0.357895
IMAGINARY
           0 -0.000588489  -0.00109099  -0.00394958
 0.000588489            0   -0.0131174   0.00804421
  0.00109099    0.0131174            0   -0.0253281
  0.00394958  -0.00804421    0.0253281            0
EndNode2[0]<--->HoM1[0]
REAL
   0.365722  -0.0187652  -0.0162008    0.253214
 -0.0187652    0.134953    0.065083  -0.0162008
 -0.0162008    0.065083    0.156545 -0.00982436
   0.253214  -0.0162008 -0.00982436     0.34278
IMAGINARY
          0 -0.00120567   -0.017719   0.0158029
 0.00120567           0 -0.00500243 -0.00374569
   0.017719  0.00500243           0   0.0138319
 -0.0158029  0.00374569  -0.0138319           0
Repeater1[0]<--->EndNode1[0]
REAL
  0.365789  0.0143451 0.00585767   0.259007
 0.0143451   0.136842  0.0535712 -0.0165495
0.00585767  0.0535712   0.139474 -0.0137161
  0.259007 -0.0165495 -0.0137161   0.357895
IMAGINARY
           0  -0.00109099 -0.000588489  -0.00394958
  0.00109099            0    0.0131174   -0.0253281
 0.000588489   -0.0131174            0   0.00804421
  0.00394958    0.0253281  -0.00804421            0
Repeater1[0]<--->HoM1[0]
REAL
   0.365722  -0.0162008  -0.0187652    0.253214
 -0.0162008    0.156545    0.065083 -0.00982436
 -0.0187652    0.065083    0.134953  -0.0162008
   0.253214 -0.00982436  -0.0162008     0.34278
IMAGINARY
          0   -0.017719 -0.00120567   0.0158029
   0.017719           0  0.00500243   0.0138319
 0.00120567 -0.00500243           0 -0.00374569
 -0.0158029  -0.0138319  0.00374569           0
EndNode1[0]<--->Repeater1[0]
REAL
    0.34713  -0.0052196  0.00397051     0.25717
 -0.0052196    0.148198   0.0591305 -0.00849832
 0.00397051   0.0591305    0.161549  -0.0225941
    0.25717 -0.00849832  -0.0225941    0.343124
IMAGINARY
          0   0.0191251   0.0020162  0.00070285
 -0.0191251           0   0.0169123 -0.00920574
 -0.0020162  -0.0169123           0   0.0102867
-0.00070285  0.00920574  -0.0102867           0
EndNode2[0]<--->HoM1[0]
REAL
   0.340369   0.0323214    0.010672    0.259271
  0.0323214    0.180739    0.064563 -0.00937663
   0.010672    0.064563    0.183377  -0.0128914
   0.259271 -0.00937663  -0.0128914    0.295515
IMAGINARY
          0  0.00595778  0.00274176   0.0199596
-0.00595778           0  0.00144113 -0.00477704
-0.00274176 -0.00144113           0   0.0245714
 -0.0199596  0.00477704  -0.0245714           0
Repeater1[0]<--->EndNode1[0]
REAL
    0.34713  0.00397051  -0.0052196     0.25717
 0.00397051    0.161549   0.0591305  -0.0225941
 -0.0052196   0.0591305    0.148198 -0.00849832
    0.25717  -0.0225941 -0.00849832    0.343124
IMAGINARY
          0   0.0020162   0.0191251  0.00070285
 -0.0020162           0  -0.0169123   0.0102867
 -0.0191251   0.0169123           0 -0.00920574
-0.00070285  -0.0102867  0.00920574           0
Repeater1[0]<--->HoM1[0]
REAL
   0.340369    0.010672   0.0323214    0.259271
   0.010672    0.183377    0.064563  -0.0128914
  0.0323214    0.064563    0.180739 -0.00937663
   0.259271  -0.0128914 -0.00937663    0.295515
IMAGINARY
          0  0.00274176  0.00595778   0.0199596
-0.00274176           0 -0.00144113   0.0245714
-0.00595778  0.00144113           0 -0.00477704
 -0.0199596  -0.0245714  0.00477704           0
EndNode1[0]<--->Repeater1[0]
REAL
  0.366178 0.00875071 0.00641054   0.235981
0.00875071   0.133156   0.062231   0.003168
0.00641054   0.062231    0.18775 -0.0119436
  0.235981   0.003168 -0.0119436   0.312916
IMAGINARY
           0   0.00512658   -0.0238972   0.00427416
 -0.00512658            0   0.00941554  0.000147195
   0.0238972  -0.00941554            0   -0.0151266
 -0.00427416 -0.000147195    0.0151266            0
EndNode2[0]<--->HoM1[0]
REAL
   0.34555  0.0215824 0.00035972   0.264733
 0.0215824    0.13089  0.0657533 -0.0154714
0.00035972  0.0657533   0.176702 -0.0169832
  0.264733 -0.0154714 -0.0169832   0.346859
IMAGINARY
           0    0.0169783  -0.00246985  -0.00461814
  -0.0169783            0  0.000344637   -0.0115608
  0.00246985 -0.000344637            0    0.0251135
  0.00461814    0.0115608   -0.0251135            0
Repeater1[0]<--->EndNode1[0]
REAL
  0.366178 0.00641054 0.00875071   0.235981
0.00641054    0.18775   0.062231 -0.0119436
0.00875071   0.062231   0.133156   0.003168
  0.235981 -0.0119436   0.003168   0.312916
IMAGINARY
           0   -0.0238972   0.00512658   0.00427416
   0.0238972            0  -0.00941554   -0.0151266
 -0.00512658   0.00941554            0  0.000147195
 -0.00427416    0.0151266 -0.000147195            0
Repeater1[0]<--->HoM1[0]
REAL
   0.34555 0.00035972  0.0215824   0.264733
0.00035972   0.176702  0.0657533 -0.0169832
 0.0215824  0.0657533    0.13089 -0.0154714
  0.264733 -0.0169832 -0.0154714   0.346859
IMAGINARY
           0  -0.00246985    0.0169783  -0.00461814
  0.00246985            0 -0.000344637    0.0251135
  -0.0169783  0.000344637            0   -0.0115608
  0.00461814   -0.0251135    0.0115608            0
