EndNode1[0]<--->Repeater1[0]
REAL
   0.483247 -0.00229954  0.00231927    0.348881
-0.00229954   0.0425258   0.0306997  0.00422524
 0.00231927   0.0306997    0.056701 -0.00686277
   0.348881  0.00422524 -0.00686277    0.417526
IMAGINARY
          0  0.00766082  0.00747217    0.017815
-0.00766082           0 -0.00919427  -0.0183556
-0.00747217  0.00919427           0  0.00578348
  -0.017815   0.0183556 -0.00578348           0
EndNode2[0]<--->HoM1[0]
REAL
   0.419632   -0.025957  -0.0143791    0.350217
  -0.025957   0.0503067   0.0177566 -0.00980392
 -0.0143791   0.0177566   0.0613497 -0.00214753
   0.350217 -0.00980392 -0.00214753    0.468712
IMAGINARY
          0  -0.0058017  0.00897625  -0.0232833
  0.0058017           0  -0.0148745  0.00149495
-0.00897625   0.0148745           0  -0.0020517
  0.0232833 -0.00149495   0.0020517           0
Repeater1[0]<--->EndNode1[0]
REAL
   0.483247  0.00231927 -0.00229954    0.348881
 0.00231927    0.056701   0.0306997 -0.00686277
-0.00229954   0.0306997   0.0425258  0.00422524
   0.348881 -0.00686277  0.00422524    0.417526
IMAGINARY
          0  0.00747217  0.00766082    0.017815
-0.00747217           0  0.00919427  0.00578348
-0.00766082 -0.00919427           0  -0.0183556
  -0.017815 -0.00578348   0.0183556           0
Repeater1[0]<--->HoM1[0]
REAL
   0.419632  -0.0143791   -0.025957    0.350217
 -0.0143791   0.0613497   0.0177566 -0.00214753
  -0.025957   0.0177566   0.0503067 -0.00980392
   0.350217 -0.00214753 -0.00980392    0.468712
IMAGINARY
          0  0.00897625  -0.0058017  -0.0232833
-0.00897625           0   0.0148745  -0.0020517
  0.0058017  -0.0148745           0  0.00149495
  0.0232833   0.0020517 -0.00149495           0
EndNode1[0]<--->Repeater1[0]
REAL
   0.458025 -0.00581891  -0.0125162    0.348663
-0.00581891   0.0567901   0.0371242 -0.00271225
 -0.0125162   0.0371242   0.0617284 0.000742769
   0.348663 -0.00271225 0.000742769    0.423457
IMAGINARY
          0   0.0202933  0.00064433 -0.00976783
 -0.0202933           0  -0.0104408 -0.00064433
-0.00064433   0.0104408           0 -0.00875487
 0.00976783  0.00064433  0.00875487           0
EndNode2[0]<--->HoM1[0]
REAL
   0.443054 -0.00700332  -0.0175929    0.364703
-0.00700332    0.048811   0.0349158  0.00170976
 -0.0175929   0.0349158   0.0513141 -0.00506784
   0.364703  0.00170976 -0.00506784    0.456821
IMAGINARY
           0  -0.00501879   0.00532811 -0.000484472
  0.00501879            0  -0.00353698    0.0039804
 -0.00532811   0.00353698            0  -0.00694929
 0.000484472   -0.0039804   0.00694929            0
Repeater1[0]<--->EndNode1[0]
REAL
   0.458025  -0.0125162 -0.00581891    0.348663
 -0.0125162   0.0617284   0.0371242 0.000742769
-0.00581891   0.0371242   0.0567901 -0.00271225
   0.348663 0.000742769 -0.00271225    0.423457
IMAGINARY
          0  0.00064433   0.0202933 -0.00976783
-0.00064433           0   0.0104408 -0.00875487
 -0.0202933  -0.0104408           0 -0.00064433
 0.00976783  0.00875487  0.00064433           0
Repeater1[0]<--->HoM1[0]
REAL
   0.443054  -0.0175929 -0.00700332    0.364703
 -0.0175929   0.0513141   0.0349158 -0.00506784
-0.00700332   0.0349158    0.048811  0.00170976
   0.364703 -0.00506784  0.00170976    0.456821
IMAGINARY
           0   0.00532811  -0.00501879 -0.000484472
 -0.00532811            0   0.00353698  -0.00694929
  0.00501879  -0.00353698            0    0.0039804
 0.000484472   0.00694929   -0.0039804            0
EndNode1[0]<--->Repeater1[0]
REAL
   0.448539 -0.00257715  0.00376725    0.361433
-0.00257715   0.0724269   0.0360358  0.00509351
 0.00376725   0.0360358   0.0736976   0.0202987
   0.361433  0.00509351   0.0202987    0.405337
IMAGINARY
          0  -0.0120589   0.0320902   0.0018892
  0.0120589           0   0.0210219   0.0128833
 -0.0320902  -0.0210219           0  0.00941344
 -0.0018892  -0.0128833 -0.00941344           0
EndNode2[0]<--->HoM1[0]
REAL
 0.439241 0.0174583  0.020783  0.363419
0.0174583 0.0683544 0.0237241 0.0149313
 0.020783 0.0237241 0.0683544 0.0111131
 0.363419 0.0149313 0.0111131  0.424051
IMAGINARY
          0  0.00511303   -0.008289  -0.0131741
-0.00511303           0  -0.0232244  -0.0133395
   0.008289   0.0232244           0  0.00888188
  0.0131741   0.0133395 -0.00888188           0
Repeater1[0]<--->EndNode1[0]
REAL
   0.448539  0.00376725 -0.00257715    0.361433
 0.00376725   0.0736976   0.0360358   0.0202987
-0.00257715   0.0360358   0.0724269  0.00509351
   0.361433   0.0202987  0.00509351    0.405337
IMAGINARY
          0   0.0320902  -0.0120589   0.0018892
 -0.0320902           0  -0.0210219  0.00941344
  0.0120589   0.0210219           0   0.0128833
 -0.0018892 -0.00941344  -0.0128833           0
Repeater1[0]<--->HoM1[0]
REAL
 0.439241  0.020783 0.0174583  0.363419
 0.020783 0.0683544 0.0237241 0.0111131
0.0174583 0.0237241 0.0683544 0.0149313
 0.363419 0.0111131 0.0149313  0.424051
IMAGINARY
          0   -0.008289  0.00511303  -0.0131741
   0.008289           0   0.0232244  0.00888188
-0.00511303  -0.0232244           0  -0.0133395
  0.0131741 -0.00888188   0.0133395           0
EndNode1[0]<--->Repeater1[0]
REAL
  0.444976 0.00318695 -0.0036544   0.358453
0.00318695  0.0681818  0.0411454 -0.0170953
-0.0036544  0.0411454   0.076555 -0.0118884
  0.358453 -0.0170953 -0.0118884   0.410287
IMAGINARY
          0   0.0154428  0.00959692  -0.0133504
 -0.0154428           0  0.00764698  -0.0192123
-0.00959692 -0.00764698           0 -0.00720103
  0.0133504   0.0192123  0.00720103           0
EndNode2[0]<--->HoM1[0]
REAL
   0.43125 0.00523088  0.0114083   0.361324
0.00523088     0.0825  0.0275646 0.00181924
 0.0114083  0.0275646    0.05875 0.00270563
  0.361324 0.00181924 0.00270563     0.4275
IMAGINARY
          0   0.0220748   -0.023265  0.00703685
 -0.0220748           0   0.0243702   0.0104773
   0.023265  -0.0243702           0   0.0137308
-0.00703685  -0.0104773  -0.0137308           0
Repeater1[0]<--->EndNode1[0]
REAL
  0.444976 -0.0036544 0.00318695   0.358453
-0.0036544   0.076555  0.0411454 -0.0118884
0.00318695  0.0411454  0.0681818 -0.0170953
  0.358453 -0.0118884 -0.0170953   0.410287
IMAGINARY
          0  0.00959692   0.0154428  -0.0133504
-0.00959692           0 -0.00764698 -0.00720103
 -0.0154428  0.00764698           0  -0.0192123
  0.0133504  0.00720103   0.0192123           0
Repeater1[0]<--->HoM1[0]
REAL
   0.43125  0.0114083 0.00523088   0.361324
 0.0114083    0.05875  0.0275646 0.00270563
0.00523088  0.0275646     0.0825 0.00181924
  0.361324 0.00270563 0.00181924     0.4275
IMAGINARY
          0   -0.023265   0.0220748  0.00703685
   0.023265           0  -0.0243702   0.0137308
 -0.0220748   0.0243702           0   0.0104773
-0.00703685  -0.0137308  -0.0104773           0
EndNode1[0]<--->Repeater1[0]
REAL
  0.457983 -0.0125168  0.0146272    0.34492
-0.0125168  0.0434174  0.0466313 -0.0102136
 0.0146272  0.0466313  0.0742297  0.0194525
   0.34492 -0.0102136  0.0194525    0.42437
IMAGINARY
           0   -0.0191687   -0.0147844    0.0254098
   0.0191687            0    0.0150566   0.00500448
   0.0147844   -0.0150566            0  0.000831296
  -0.0254098  -0.00500448 -0.000831296            0
EndNode2[0]<--->HoM1[0]
REAL
  0.449742 0.00969423 -0.0328132   0.351922
0.00969423  0.0631443   0.021299  0.0127614
-0.0328132   0.021299  0.0695876  -0.029746
  0.351922  0.0127614  -0.029746   0.417526
IMAGINARY
          0  0.00665204   0.0150685 -0.00163768
-0.00665204           0 -0.00645696 -0.00016332
 -0.0150685  0.00645696           0  -0.0202022
 0.00163768  0.00016332   0.0202022           0
Repeater1[0]<--->EndNode1[0]
REAL
  0.457983  0.0146272 -0.0125168    0.34492
 0.0146272  0.0742297  0.0466313  0.0194525
-0.0125168  0.0466313  0.0434174 -0.0102136
   0.34492  0.0194525 -0.0102136    0.42437
IMAGINARY
           0   -0.0147844   -0.0191687    0.0254098
   0.0147844            0   -0.0150566  0.000831296
   0.0191687    0.0150566            0   0.00500448
  -0.0254098 -0.000831296  -0.00500448            0
Repeater1[0]<--->HoM1[0]
REAL
  0.449742 -0.0328132 0.00969423   0.351922
-0.0328132  0.0695876   0.021299  -0.029746
0.00969423   0.021299  0.0631443  0.0127614
  0.351922  -0.029746  0.0127614   0.417526
IMAGINARY
          0   0.0150685  0.00665204 -0.00163768
 -0.0150685           0  0.00645696  -0.0202022
-0.00665204 -0.00645696           0 -0.00016332
 0.00163768   0.0202022  0.00016332           0
EndNode1[0]<--->Repeater1[0]
REAL
   0.414541  0.00203489 -0.00825015    0.356553
 0.00203489   0.0765306   0.0248028   0.0049907
-0.00825015   0.0248028   0.0803571  -0.0144208
   0.356553   0.0049907  -0.0144208    0.428571
IMAGINARY
          0  -0.0112218  -0.0152947  0.00457584
  0.0112218           0  -0.0169295   0.0132594
  0.0152947   0.0169295           0 -0.00302511
-0.00457584  -0.0132594  0.00302511           0
EndNode2[0]<--->HoM1[0]
REAL
   0.424479   -0.034545 -0.00789579    0.341217
  -0.034545      0.0625   0.0352464 -0.00185714
-0.00789579   0.0352464   0.0585938   0.0182901
   0.341217 -0.00185714   0.0182901    0.454427
IMAGINARY
          0  0.00203632  0.00704174 -0.00532092
-0.00203632           0  0.00467908   0.0265403
-0.00704174 -0.00467908           0  -0.0256682
 0.00532092  -0.0265403   0.0256682           0
Repeater1[0]<--->EndNode1[0]
REAL
   0.414541 -0.00825015  0.00203489    0.356553
-0.00825015   0.0803571   0.0248028  -0.0144208
 0.00203489   0.0248028   0.0765306   0.0049907
   0.356553  -0.0144208   0.0049907    0.428571
IMAGINARY
          0  -0.0152947  -0.0112218  0.00457584
  0.0152947           0   0.0169295 -0.00302511
  0.0112218  -0.0169295           0   0.0132594
-0.00457584  0.00302511  -0.0132594           0
Repeater1[0]<--->HoM1[0]
REAL
   0.424479 -0.00789579   -0.034545    0.341217
-0.00789579   0.0585938   0.0352464   0.0182901
  -0.034545   0.0352464      0.0625 -0.00185714
   0.341217   0.0182901 -0.00185714    0.454427
IMAGINARY
          0  0.00704174  0.00203632 -0.00532092
-0.00704174           0 -0.00467908  -0.0256682
-0.00203632  0.00467908           0   0.0265403
 0.00532092   0.0256682  -0.0265403           0
EndNode1[0]<--->Repeater1[0]
REAL
   0.424433 -0.00875811 -0.00869542    0.358381
-0.00875811   0.0717884    0.032832    -0.02408
-0.00869542    0.032832   0.0617128  0.00666606
   0.358381    -0.02408  0.00666606    0.442065
IMAGINARY
          0  -0.0127975 -0.00767708   0.0265162
  0.0127975           0 -0.00342009   0.0172925
 0.00767708  0.00342009           0    0.007303
 -0.0265162  -0.0172925   -0.007303           0
EndNode2[0]<--->HoM1[0]
REAL
    0.461638   0.00200011    0.0120236     0.369622
  0.00200011    0.0585176    0.0419939 -0.000659971
   0.0120236    0.0419939    0.0507152    0.0194645
    0.369622 -0.000659971    0.0194645     0.429129
IMAGINARY
          0 -0.00287418   0.0066709   0.0114653
 0.00287418           0   0.0127811  -0.0066709
 -0.0066709  -0.0127811           0  0.00409667
 -0.0114653   0.0066709 -0.00409667           0
Repeater1[0]<--->EndNode1[0]
REAL
   0.424433 -0.00869542 -0.00875811    0.358381
-0.00869542   0.0617128    0.032832  0.00666606
-0.00875811    0.032832   0.0717884    -0.02408
   0.358381  0.00666606    -0.02408    0.442065
IMAGINARY
          0 -0.00767708  -0.0127975   0.0265162
 0.00767708           0  0.00342009    0.007303
  0.0127975 -0.00342009           0   0.0172925
 -0.0265162   -0.007303  -0.0172925           0
Repeater1[0]<--->HoM1[0]
REAL
    0.461638    0.0120236   0.00200011     0.369622
   0.0120236    0.0507152    0.0419939    0.0194645
  0.00200011    0.0419939    0.0585176 -0.000659971
    0.369622    0.0194645 -0.000659971     0.429129
IMAGINARY
          0   0.0066709 -0.00287418   0.0114653
 -0.0066709           0  -0.0127811  0.00409667
 0.00287418   0.0127811           0  -0.0066709
 -0.0114653 -0.00409667   0.0066709           0
EndNode1[0]<--->Repeater1[0]
REAL
    0.442728 -0.000967901   0.00676982     0.361232
-0.000967901    0.0540541    0.0223996   0.00090281
  0.00676982    0.0223996    0.0707851 -0.000310871
    0.361232   0.00090281 -0.000310871     0.432432
IMAGINARY
          0   0.0188485   0.0189839   -0.018355
 -0.0188485           0 -0.00502165 -0.00629354
 -0.0189839  0.00502165           0  -0.0302699
   0.018355  0.00629354   0.0302699           0
EndNode2[0]<--->HoM1[0]
REAL
  0.423858  0.0230705 0.00599302   0.363136
 0.0230705  0.0634518  0.0306689  0.0123382
0.00599302  0.0306689  0.0659898  0.0256021
  0.363136  0.0123382  0.0256021   0.446701
IMAGINARY
           0   0.00163231  -0.00295106    0.0191706
 -0.00163231            0  -0.00128978   -0.0178282
  0.00295106   0.00128978            0 -0.000333611
  -0.0191706    0.0178282  0.000333611            0
Repeater1[0]<--->EndNode1[0]
REAL
    0.442728   0.00676982 -0.000967901     0.361232
  0.00676982    0.0707851    0.0223996 -0.000310871
-0.000967901    0.0223996    0.0540541   0.00090281
    0.361232 -0.000310871   0.00090281     0.432432
IMAGINARY
          0   0.0189839   0.0188485   -0.018355
 -0.0189839           0  0.00502165  -0.0302699
 -0.0188485 -0.00502165           0 -0.00629354
   0.018355   0.0302699  0.00629354           0
Repeater1[0]<--->HoM1[0]
REAL
  0.423858 0.00599302  0.0230705   0.363136
0.00599302  0.0659898  0.0306689  0.0256021
 0.0230705  0.0306689  0.0634518  0.0123382
  0.363136  0.0256021  0.0123382   0.446701
IMAGINARY
           0  -0.00295106   0.00163231    0.0191706
  0.00295106            0   0.00128978 -0.000333611
 -0.00163231  -0.00128978            0   -0.0178282
  -0.0191706  0.000333611    0.0178282            0
EndNode1[0]<--->Repeater1[0]
REAL
    0.42293  0.00531594 -0.00508726    0.349091
 0.00531594   0.0585987   0.0393799   0.0126061
-0.00508726   0.0393799   0.0700637  0.00846852
   0.349091   0.0126061  0.00846852    0.448408
IMAGINARY
          0  -0.0133045  0.00519082    0.014424
  0.0133045           0  0.00583746  0.00924487
-0.00519082 -0.00583746           0  -0.0103176
  -0.014424 -0.00924487   0.0103176           0
EndNode2[0]<--->HoM1[0]
REAL
  0.447301 -0.0100752 -0.0251688   0.354208
-0.0100752  0.0655527  0.0204515 -0.0143408
-0.0251688  0.0204515  0.0449871 -0.0294343
  0.354208 -0.0143408 -0.0294343   0.442159
IMAGINARY
          0  0.00250952 -0.00140326  0.00761421
-0.00250952           0 -0.00761421 -0.00621095
 0.00140326  0.00761421           0 -0.00124048
-0.00761421  0.00621095  0.00124048           0
Repeater1[0]<--->EndNode1[0]
REAL
    0.42293 -0.00508726  0.00531594    0.349091
-0.00508726   0.0700637   0.0393799  0.00846852
 0.00531594   0.0393799   0.0585987   0.0126061
   0.349091  0.00846852   0.0126061    0.448408
IMAGINARY
          0  0.00519082  -0.0133045    0.014424
-0.00519082           0 -0.00583746  -0.0103176
  0.0133045  0.00583746           0  0.00924487
  -0.014424   0.0103176 -0.00924487           0
Repeater1[0]<--->HoM1[0]
REAL
  0.447301 -0.0251688 -0.0100752   0.354208
-0.0251688  0.0449871  0.0204515 -0.0294343
-0.0100752  0.0204515  0.0655527 -0.0143408
  0.354208 -0.0294343 -0.0143408   0.442159
IMAGINARY
          0 -0.00140326  0.00250952  0.00761421
 0.00140326           0  0.00761421 -0.00124048
-0.00250952 -0.00761421           0 -0.00621095
-0.00761421  0.00124048  0.00621095           0
EndNode1[0]<--->Repeater1[0]
REAL
   0.465517  -0.0111665  -0.0174838    0.363007
 -0.0111665   0.0530504   0.0300921 -0.00755003
 -0.0174838   0.0300921   0.0742706  -0.0125142
   0.363007 -0.00755003  -0.0125142    0.407162
IMAGINARY
          0  -0.0043902 -0.00135749 -0.00421296
  0.0043902           0  -0.0392371   0.0101515
 0.00135749   0.0392371           0  0.00941532
 0.00421296  -0.0101515 -0.00941532           0
EndNode2[0]<--->HoM1[0]
REAL
  0.447507  -0.017485 0.00639177   0.363252
 -0.017485  0.0669291   0.012737 -0.0129881
0.00639177   0.012737  0.0616798 -0.0102195
  0.363252 -0.0129881 -0.0102195   0.423885
IMAGINARY
           0 -0.000957788  -0.00300528   0.00583651
 0.000957788            0   -0.0183365   0.00687126
  0.00300528    0.0183365            0    0.0125557
 -0.00583651  -0.00687126   -0.0125557            0
Repeater1[0]<--->EndNode1[0]
REAL
   0.465517  -0.0174838  -0.0111665    0.363007
 -0.0174838   0.0742706   0.0300921  -0.0125142
 -0.0111665   0.0300921   0.0530504 -0.00755003
   0.363007  -0.0125142 -0.00755003    0.407162
IMAGINARY
          0 -0.00135749  -0.0043902 -0.00421296
 0.00135749           0   0.0392371  0.00941532
  0.0043902  -0.0392371           0   0.0101515
 0.00421296 -0.00941532  -0.0101515           0
Repeater1[0]<--->HoM1[0]
REAL
  0.447507 0.00639177  -0.017485   0.363252
0.00639177  0.0616798   0.012737 -0.0102195
 -0.017485   0.012737  0.0669291 -0.0129881
  0.363252 -0.0102195 -0.0129881   0.423885
IMAGINARY
           0  -0.00300528 -0.000957788   0.00583651
  0.00300528            0    0.0183365    0.0125557
 0.000957788   -0.0183365            0   0.00687126
 -0.00583651   -0.0125557  -0.00687126            0
EndNode1[0]<--->Repeater1[0]
REAL
    0.420983 -0.000429063  -0.00820942      0.33867
-0.000429063    0.0703851    0.0307818   0.00690393
 -0.00820942    0.0307818     0.061089  -0.00870932
     0.33867   0.00690393  -0.00870932     0.447543
IMAGINARY
          0 -0.00542494  0.00863868  0.00761401
 0.00542494           0  -0.0127422  -0.0213613
-0.00863868   0.0127422           0  0.00924173
-0.00761401   0.0213613 -0.00924173           0
EndNode2[0]<--->HoM1[0]
REAL
   0.423367   0.0121252 -0.00826479    0.357115
  0.0121252   0.0640704   0.0428854    0.020923
-0.00826479   0.0428854   0.0653266  0.00686209
   0.357115    0.020923  0.00686209    0.447236
IMAGINARY
          0   0.0196901  -0.0230304   0.0110605
 -0.0196901           0  0.00506851   0.0289593
  0.0230304 -0.00506851           0  0.00468409
 -0.0110605  -0.0289593 -0.00468409           0
Repeater1[0]<--->EndNode1[0]
REAL
    0.420983  -0.00820942 -0.000429063      0.33867
 -0.00820942     0.061089    0.0307818  -0.00870932
-0.000429063    0.0307818    0.0703851   0.00690393
     0.33867  -0.00870932   0.00690393     0.447543
IMAGINARY
          0  0.00863868 -0.00542494  0.00761401
-0.00863868           0   0.0127422  0.00924173
 0.00542494  -0.0127422           0  -0.0213613
-0.00761401 -0.00924173   0.0213613           0
Repeater1[0]<--->HoM1[0]
REAL
   0.423367 -0.00826479   0.0121252    0.357115
-0.00826479   0.0653266   0.0428854  0.00686209
  0.0121252   0.0428854   0.0640704    0.020923
   0.357115  0.00686209    0.020923    0.447236
IMAGINARY
          0  -0.0230304   0.0196901   0.0110605
  0.0230304           0 -0.00506851  0.00468409
 -0.0196901  0.00506851           0   0.0289593
 -0.0110605 -0.00468409  -0.0289593           0
EndNode1[0]<--->Repeater1[0]
REAL
    0.427835 -0.000654334  0.000616251      0.36846
-0.000654334    0.0760309    0.0258795  -0.00879235
 0.000616251    0.0258795    0.0670103  -0.00249032
     0.36846  -0.00879235  -0.00249032     0.429124
IMAGINARY
           0  -0.00513057 -0.000480708    0.0223766
  0.00513057            0  -0.00357965   -0.0259709
 0.000480708   0.00357965            0     0.018679
  -0.0223766    0.0259709    -0.018679            0
EndNode2[0]<--->HoM1[0]
REAL
    0.433498   0.00397206 -0.000636132     0.338044
  0.00397206     0.067734    0.0306562  0.000636132
-0.000636132    0.0306562    0.0812808   -0.0106034
    0.338044  0.000636132   -0.0106034     0.417488
IMAGINARY
          0  -0.0137484   0.0190682  0.00797012
  0.0137484           0   -0.023365   0.0337023
 -0.0190682    0.023365           0 -0.00999835
-0.00797012  -0.0337023  0.00999835           0
Repeater1[0]<--->EndNode1[0]
REAL
    0.427835  0.000616251 -0.000654334      0.36846
 0.000616251    0.0670103    0.0258795  -0.00249032
-0.000654334    0.0258795    0.0760309  -0.00879235
     0.36846  -0.00249032  -0.00879235     0.429124
IMAGINARY
           0 -0.000480708  -0.00513057    0.0223766
 0.000480708            0   0.00357965     0.018679
  0.00513057  -0.00357965            0   -0.0259709
  -0.0223766    -0.018679    0.0259709            0
Repeater1[0]<--->HoM1[0]
REAL
    0.433498 -0.000636132   0.00397206     0.338044
-0.000636132    0.0812808    0.0306562   -0.0106034
  0.00397206    0.0306562     0.067734  0.000636132
    0.338044   -0.0106034  0.000636132     0.417488
IMAGINARY
          0   0.0190682  -0.0137484  0.00797012
 -0.0190682           0    0.023365 -0.00999835
  0.0137484   -0.023365           0   0.0337023
-0.00797012  0.00999835  -0.0337023           0
EndNode1[0]<--->Repeater1[0]
REAL
   0.403694  -0.0013959  -0.0261985    0.362652
 -0.0013959   0.0738786   0.0330318 -0.00977273
 -0.0261985   0.0330318   0.0699208   -0.023784
   0.362652 -0.00977273   -0.023784    0.452507
IMAGINARY
          0 -0.00554792    0.014028  0.00726261
 0.00554792           0   0.0132292  0.00366531
  -0.014028  -0.0132292           0 -0.00690293
-0.00726261 -0.00366531  0.00690293           0
EndNode2[0]<--->HoM1[0]
REAL
  0.443167 0.00515558  0.0156815   0.356192
0.00515558  0.0625798   0.028472 0.00776592
 0.0156815   0.028472  0.0715198  0.0220941
  0.356192 0.00776592  0.0220941   0.422733
IMAGINARY
          0   -0.025354   0.0187295   0.0142992
   0.025354           0   0.0234137  0.00199589
 -0.0187295  -0.0234137           0 -0.00702941
 -0.0142992 -0.00199589  0.00702941           0
Repeater1[0]<--->EndNode1[0]
REAL
   0.403694  -0.0261985  -0.0013959    0.362652
 -0.0261985   0.0699208   0.0330318   -0.023784
 -0.0013959   0.0330318   0.0738786 -0.00977273
   0.362652   -0.023784 -0.00977273    0.452507
IMAGINARY
          0    0.014028 -0.00554792  0.00726261
  -0.014028           0  -0.0132292 -0.00690293
 0.00554792   0.0132292           0  0.00366531
-0.00726261  0.00690293 -0.00366531           0
Repeater1[0]<--->HoM1[0]
REAL
  0.443167  0.0156815 0.00515558   0.356192
 0.0156815  0.0715198   0.028472  0.0220941
0.00515558   0.028472  0.0625798 0.00776592
  0.356192  0.0220941 0.00776592   0.422733
IMAGINARY
          0   0.0187295   -0.025354   0.0142992
 -0.0187295           0  -0.0234137 -0.00702941
   0.025354   0.0234137           0  0.00199589
 -0.0142992  0.00702941 -0.00199589           0
EndNode1[0]<--->Repeater1[0]
REAL
    0.430039   -0.0111998  -0.00304903     0.362189
  -0.0111998     0.055199    0.0190771   -0.0061858
 -0.00304903    0.0190771    0.0680359 -0.000673518
    0.362189   -0.0061858 -0.000673518     0.446727
IMAGINARY
          0  0.00369138  -0.0176625 -0.00965106
-0.00369138           0  -0.0128277   0.0265911
  0.0176625   0.0128277           0  -0.0062424
 0.00965106  -0.0265911   0.0062424           0
EndNode2[0]<--->HoM1[0]
REAL
   0.457516  -0.0158582  0.00497056    0.345289
 -0.0158582    0.054902   0.0257213 -0.00231099
 0.00497056   0.0257213   0.0588235 -0.00142906
   0.345289 -0.00231099 -0.00142906    0.428758
IMAGINARY
          0   0.0150954  0.00253397  -0.0102823
 -0.0150954           0   0.0148574  0.00445459
-0.00253397  -0.0148574           0   0.0058703
  0.0102823 -0.00445459  -0.0058703           0
Repeater1[0]<--->EndNode1[0]
REAL
    0.430039  -0.00304903   -0.0111998     0.362189
 -0.00304903    0.0680359    0.0190771 -0.000673518
  -0.0111998    0.0190771     0.055199   -0.0061858
    0.362189 -0.000673518   -0.0061858     0.446727
IMAGINARY
          0  -0.0176625  0.00369138 -0.00965106
  0.0176625           0   0.0128277  -0.0062424
-0.00369138  -0.0128277           0   0.0265911
 0.00965106   0.0062424  -0.0265911           0
Repeater1[0]<--->HoM1[0]
REAL
   0.457516  0.00497056  -0.0158582    0.345289
 0.00497056   0.0588235   0.0257213 -0.00142906
 -0.0158582   0.0257213    0.054902 -0.00231099
   0.345289 -0.00142906 -0.00231099    0.428758
IMAGINARY
          0  0.00253397   0.0150954  -0.0102823
-0.00253397           0  -0.0148574   0.0058703
 -0.0150954   0.0148574           0  0.00445459
  0.0102823  -0.0058703 -0.00445459           0
EndNode1[0]<--->Repeater1[0]
REAL
   0.454425  -0.0157147  0.00605257    0.354727
 -0.0157147   0.0620872   0.0231071   -0.018647
 0.00605257   0.0231071   0.0726552 -0.00821474
   0.354727   -0.018647 -0.00821474    0.410832
IMAGINARY
           0  -0.00321668  -0.00777265     0.008147
  0.00321668            0   0.00617591   0.00263126
  0.00777265  -0.00617591            0 -0.000639361
   -0.008147  -0.00263126  0.000639361            0
EndNode2[0]<--->HoM1[0]
REAL
  0.443286  0.0228861 0.00507589   0.351487
 0.0228861  0.0625815  0.0429229  0.0216322
0.00507589  0.0429229  0.0664928 0.00754868
  0.351487  0.0216322 0.00754868    0.42764
IMAGINARY
          0 -0.00395023    -0.01048  0.00055634
 0.00395023           0   0.0045457 -0.00211448
    0.01048  -0.0045457           0   0.0140258
-0.00055634  0.00211448  -0.0140258           0
Repeater1[0]<--->EndNode1[0]
REAL
   0.454425  0.00605257  -0.0157147    0.354727
 0.00605257   0.0726552   0.0231071 -0.00821474
 -0.0157147   0.0231071   0.0620872   -0.018647
   0.354727 -0.00821474   -0.018647    0.410832
IMAGINARY
           0  -0.00777265  -0.00321668     0.008147
  0.00777265            0  -0.00617591 -0.000639361
  0.00321668   0.00617591            0   0.00263126
   -0.008147  0.000639361  -0.00263126            0
Repeater1[0]<--->HoM1[0]
REAL
  0.443286 0.00507589  0.0228861   0.351487
0.00507589  0.0664928  0.0429229 0.00754868
 0.0228861  0.0429229  0.0625815  0.0216322
  0.351487 0.00754868  0.0216322    0.42764
IMAGINARY
          0    -0.01048 -0.00395023  0.00055634
    0.01048           0  -0.0045457   0.0140258
 0.00395023   0.0045457           0 -0.00211448
-0.00055634  -0.0140258  0.00211448           0
EndNode1[0]<--->Repeater1[0]
REAL
   0.433824  0.00979735 -0.00364841     0.34906
 0.00979735   0.0710784   0.0326044   0.0186029
-0.00364841   0.0326044   0.0747549  0.00125596
    0.34906   0.0186029  0.00125596    0.420343
IMAGINARY
           0  -0.00864568   0.00558882   -0.0014358
  0.00864568            0   0.00738032    0.0197276
 -0.00558882  -0.00738032            0 -0.000215075
   0.0014358   -0.0197276  0.000215075            0
EndNode2[0]<--->HoM1[0]
REAL
   0.439414 -0.00258718 -0.00388511    0.379532
-0.00258718   0.0679095   0.0270097   0.0112282
-0.00388511   0.0270097   0.0745672  0.00458985
   0.379532   0.0112282  0.00458985    0.418109
IMAGINARY
           0   -0.0033147  -0.00130746  -0.00449566
   0.0033147            0  0.000516876    0.0213592
  0.00130746 -0.000516876            0  -0.00897508
  0.00449566   -0.0213592   0.00897508            0
Repeater1[0]<--->EndNode1[0]
REAL
   0.433824 -0.00364841  0.00979735     0.34906
-0.00364841   0.0747549   0.0326044  0.00125596
 0.00979735   0.0326044   0.0710784   0.0186029
    0.34906  0.00125596   0.0186029    0.420343
IMAGINARY
           0   0.00558882  -0.00864568   -0.0014358
 -0.00558882            0  -0.00738032 -0.000215075
  0.00864568   0.00738032            0    0.0197276
   0.0014358  0.000215075   -0.0197276            0
Repeater1[0]<--->HoM1[0]
REAL
   0.439414 -0.00388511 -0.00258718    0.379532
-0.00388511   0.0745672   0.0270097  0.00458985
-0.00258718   0.0270097   0.0679095   0.0112282
   0.379532  0.00458985   0.0112282    0.418109
IMAGINARY
           0  -0.00130746   -0.0033147  -0.00449566
  0.00130746            0 -0.000516876  -0.00897508
   0.0033147  0.000516876            0    0.0213592
  0.00449566   0.00897508   -0.0213592            0
EndNode1[0]<--->Repeater1[0]
REAL
  0.441678 0.00283825 0.00558291   0.347469
0.00283825   0.068152  0.0405721  -0.010672
0.00558291  0.0405721   0.051114 -0.0079273
  0.347469  -0.010672 -0.0079273   0.439056
IMAGINARY
          0  0.00968072  -0.0110066   0.0134489
-0.00968072           0  -0.0165239  -0.0255451
  0.0110066   0.0165239           0   0.0103193
 -0.0134489   0.0255451  -0.0103193           0
EndNode2[0]<--->HoM1[0]
REAL
    0.42029   0.0191658   0.0145948    0.354257
  0.0191658    0.055336   0.0426094 -0.00676194
  0.0145948   0.0426094   0.0632411 -0.00741647
   0.354257 -0.00676194 -0.00741647    0.461133
IMAGINARY
          0   0.0103732 -0.00490561  0.00853368
 -0.0103732           0  0.00650391 -0.00686639
 0.00490561 -0.00650391           0  0.00139882
-0.00853368  0.00686639 -0.00139882           0
Repeater1[0]<--->EndNode1[0]
REAL
  0.441678 0.00558291 0.00283825   0.347469
0.00558291   0.051114  0.0405721 -0.0079273
0.00283825  0.0405721   0.068152  -0.010672
  0.347469 -0.0079273  -0.010672   0.439056
IMAGINARY
          0  -0.0110066  0.00968072   0.0134489
  0.0110066           0   0.0165239   0.0103193
-0.00968072  -0.0165239           0  -0.0255451
 -0.0134489  -0.0103193   0.0255451           0
Repeater1[0]<--->HoM1[0]
REAL
    0.42029   0.0145948   0.0191658    0.354257
  0.0145948   0.0632411   0.0426094 -0.00741647
  0.0191658   0.0426094    0.055336 -0.00676194
   0.354257 -0.00741647 -0.00676194    0.461133
IMAGINARY
          0 -0.00490561   0.0103732  0.00853368
 0.00490561           0 -0.00650391  0.00139882
 -0.0103732  0.00650391           0 -0.00686639
-0.00853368 -0.00139882  0.00686639           0
EndNode1[0]<--->Repeater1[0]
REAL
   0.443137  0.00721698 -0.00612069    0.353087
 0.00721698   0.0575163   0.0169135   0.0111207
-0.00612069   0.0169135   0.0640523 -0.00221698
   0.353087   0.0111207 -0.00221698    0.435294
IMAGINARY
          0   0.0120882  -0.0110431   0.0179655
 -0.0120882           0  -0.0235993 -0.00533964
  0.0110431   0.0235993           0   0.0108475
 -0.0179655  0.00533964  -0.0108475           0
EndNode2[0]<--->HoM1[0]
REAL
    0.447958 -0.000268774   -0.0120286     0.363016
-0.000268774    0.0658762    0.0191346   0.00745193
  -0.0120286    0.0191346    0.0645586    0.0128546
    0.363016   0.00745193    0.0128546     0.421607
IMAGINARY
          0 -0.00403607  0.00291078 -0.00180789
 0.00403607           0 -0.00915101   -0.027524
-0.00291078  0.00915101           0   0.0328687
 0.00180789    0.027524  -0.0328687           0
Repeater1[0]<--->EndNode1[0]
REAL
   0.443137 -0.00612069  0.00721698    0.353087
-0.00612069   0.0640523   0.0169135 -0.00221698
 0.00721698   0.0169135   0.0575163   0.0111207
   0.353087 -0.00221698   0.0111207    0.435294
IMAGINARY
          0  -0.0110431   0.0120882   0.0179655
  0.0110431           0   0.0235993   0.0108475
 -0.0120882  -0.0235993           0 -0.00533964
 -0.0179655  -0.0108475  0.00533964           0
Repeater1[0]<--->HoM1[0]
REAL
    0.447958   -0.0120286 -0.000268774     0.363016
  -0.0120286    0.0645586    0.0191346    0.0128546
-0.000268774    0.0191346    0.0658762   0.00745193
    0.363016    0.0128546   0.00745193     0.421607
IMAGINARY
          0  0.00291078 -0.00403607 -0.00180789
-0.00291078           0  0.00915101   0.0328687
 0.00403607 -0.00915101           0   -0.027524
 0.00180789  -0.0328687    0.027524           0
EndNode1[0]<--->Repeater1[0]
REAL
  0.435057 0.00234208  0.0271634   0.354778
0.00234208  0.0605296   0.029499 0.00491208
 0.0271634   0.029499  0.0706179  0.0096076
  0.354778 0.00491208  0.0096076   0.433796
IMAGINARY
           0   -0.0293126  0.000471453    0.0122824
   0.0293126            0   -0.0025025  -0.00852598
-0.000471453    0.0025025            0    0.0311713
  -0.0122824   0.00852598   -0.0311713            0
EndNode2[0]<--->HoM1[0]
REAL
   0.44472 -0.0085335 0.00740556   0.351294
-0.0085335   0.068323   0.026076 -0.0181515
0.00740556   0.026076  0.0621118 -0.0085335
  0.351294 -0.0181515 -0.0085335   0.424845
IMAGINARY
          0  -0.0186839   0.0131767 -0.00342281
  0.0186839           0  -0.0133731   0.0211554
 -0.0131767   0.0133731           0 -0.00815757
 0.00342281  -0.0211554  0.00815757           0
Repeater1[0]<--->EndNode1[0]
REAL
  0.435057  0.0271634 0.00234208   0.354778
 0.0271634  0.0706179   0.029499  0.0096076
0.00234208   0.029499  0.0605296 0.00491208
  0.354778  0.0096076 0.00491208   0.433796
IMAGINARY
           0  0.000471453   -0.0293126    0.0122824
-0.000471453            0    0.0025025    0.0311713
   0.0293126   -0.0025025            0  -0.00852598
  -0.0122824   -0.0311713   0.00852598            0
Repeater1[0]<--->HoM1[0]
REAL
   0.44472 0.00740556 -0.0085335   0.351294
0.00740556  0.0621118   0.026076 -0.0085335
-0.0085335   0.026076   0.068323 -0.0181515
  0.351294 -0.0085335 -0.0181515   0.424845
IMAGINARY
          0   0.0131767  -0.0186839 -0.00342281
 -0.0131767           0   0.0133731 -0.00815757
  0.0186839  -0.0133731           0   0.0211554
 0.00342281  0.00815757  -0.0211554           0
EndNode1[0]<--->Repeater1[0]
REAL
   0.458333  -0.0124102  -0.0154568    0.343859
 -0.0124102    0.063172   0.0535773  0.00938394
 -0.0154568   0.0535773   0.0658602 0.000939265
   0.343859  0.00938394 0.000939265    0.412634
IMAGINARY
           0    0.0127119  0.000135627  -0.00602535
  -0.0127119            0   0.00475632    0.0126521
-0.000135627  -0.00475632            0    -0.017827
  0.00602535   -0.0126521     0.017827            0
EndNode2[0]<--->HoM1[0]
REAL
   0.430693   0.0205406 -0.00143049    0.342279
  0.0205406   0.0705446   0.0227599   0.0129986
-0.00143049   0.0227599   0.0631188 -0.00511645
   0.342279   0.0129986 -0.00511645    0.435644
IMAGINARY
           0  -0.00773927  0.000519537   0.00432347
  0.00773927            0  -0.00292291  -0.00319333
-0.000519537   0.00292291            0  -0.00964041
 -0.00432347   0.00319333   0.00964041            0
Repeater1[0]<--->EndNode1[0]
REAL
   0.458333  -0.0154568  -0.0124102    0.343859
 -0.0154568   0.0658602   0.0535773 0.000939265
 -0.0124102   0.0535773    0.063172  0.00938394
   0.343859 0.000939265  0.00938394    0.412634
IMAGINARY
           0  0.000135627    0.0127119  -0.00602535
-0.000135627            0  -0.00475632    -0.017827
  -0.0127119   0.00475632            0    0.0126521
  0.00602535     0.017827   -0.0126521            0
Repeater1[0]<--->HoM1[0]
REAL
   0.430693 -0.00143049   0.0205406    0.342279
-0.00143049   0.0631188   0.0227599 -0.00511645
  0.0205406   0.0227599   0.0705446   0.0129986
   0.342279 -0.00511645   0.0129986    0.435644
IMAGINARY
           0  0.000519537  -0.00773927   0.00432347
-0.000519537            0   0.00292291  -0.00964041
  0.00773927  -0.00292291            0  -0.00319333
 -0.00432347   0.00964041   0.00319333            0
EndNode1[0]<--->Repeater1[0]
REAL
   0.430727  0.00411585 -0.00881323    0.357214
 0.00411585   0.0699588   0.0254602  0.00267407
-0.00881323   0.0254602    0.048011  -0.0184405
   0.357214  0.00267407  -0.0184405    0.451303
IMAGINARY
          0 -0.00936817  0.00895521   0.0206735
 0.00936817           0   0.0155584  0.00763246
-0.00895521  -0.0155584           0  -0.0119588
 -0.0206735 -0.00763246   0.0119588           0
EndNode2[0]<--->HoM1[0]
REAL
   0.437262 -0.00601978 0.000643645    0.367779
-0.00601978   0.0621039   0.0271623  -0.0168564
0.000643645   0.0271623   0.0646388  0.00148022
   0.367779  -0.0168564  0.00148022    0.435995
IMAGINARY
           0   -0.0150515    0.0128884  -0.00256234
   0.0150515            0    0.0141902   0.00382108
  -0.0128884   -0.0141902            0  0.000912711
  0.00256234  -0.00382108 -0.000912711            0
Repeater1[0]<--->EndNode1[0]
REAL
   0.430727 -0.00881323  0.00411585    0.357214
-0.00881323    0.048011   0.0254602  -0.0184405
 0.00411585   0.0254602   0.0699588  0.00267407
   0.357214  -0.0184405  0.00267407    0.451303
IMAGINARY
          0  0.00895521 -0.00936817   0.0206735
-0.00895521           0  -0.0155584  -0.0119588
 0.00936817   0.0155584           0  0.00763246
 -0.0206735   0.0119588 -0.00763246           0
Repeater1[0]<--->HoM1[0]
REAL
   0.437262 0.000643645 -0.00601978    0.367779
0.000643645   0.0646388   0.0271623  0.00148022
-0.00601978   0.0271623   0.0621039  -0.0168564
   0.367779  0.00148022  -0.0168564    0.435995
IMAGINARY
           0    0.0128884   -0.0150515  -0.00256234
  -0.0128884            0   -0.0141902  0.000912711
   0.0150515    0.0141902            0   0.00382108
  0.00256234 -0.000912711  -0.00382108            0
EndNode1[0]<--->Repeater1[0]
REAL
   0.412316 -0.00594972  -0.0135062    0.350605
-0.00594972   0.0763052   0.0275745  -0.0246464
 -0.0135062   0.0275745   0.0669344  -0.0121226
   0.350605  -0.0246464  -0.0121226    0.444444
IMAGINARY
          0  0.00309068 -0.00257653  0.00658864
-0.00309068           0   0.0232127    0.017728
 0.00257653  -0.0232127           0  -0.0230907
-0.00658864   -0.017728   0.0230907           0
EndNode2[0]<--->HoM1[0]
REAL
  0.408108 0.00130132 -0.0055538   0.338431
0.00130132  0.0648649  0.0210623  0.0169462
-0.0055538  0.0210623  0.0472973 0.00882526
  0.338431  0.0169462 0.00882526    0.47973
IMAGINARY
          0 -0.00974366 -0.00273718   0.0109395
 0.00974366           0  -0.0103105  -0.0170585
 0.00273718   0.0103105           0   0.0205993
 -0.0109395   0.0170585  -0.0205993           0
Repeater1[0]<--->EndNode1[0]
REAL
   0.412316  -0.0135062 -0.00594972    0.350605
 -0.0135062   0.0669344   0.0275745  -0.0121226
-0.00594972   0.0275745   0.0763052  -0.0246464
   0.350605  -0.0121226  -0.0246464    0.444444
IMAGINARY
          0 -0.00257653  0.00309068  0.00658864
 0.00257653           0  -0.0232127  -0.0230907
-0.00309068   0.0232127           0    0.017728
-0.00658864   0.0230907   -0.017728           0
Repeater1[0]<--->HoM1[0]
REAL
  0.408108 -0.0055538 0.00130132   0.338431
-0.0055538  0.0472973  0.0210623 0.00882526
0.00130132  0.0210623  0.0648649  0.0169462
  0.338431 0.00882526  0.0169462    0.47973
IMAGINARY
          0 -0.00273718 -0.00974366   0.0109395
 0.00273718           0   0.0103105   0.0205993
 0.00974366  -0.0103105           0  -0.0170585
 -0.0109395  -0.0205993   0.0170585           0
EndNode1[0]<--->Repeater1[0]
REAL
   0.430686  0.00389363 -0.00375835    0.337825
 0.00389363   0.0753701   0.0185789  0.00181786
-0.00375835   0.0185789   0.0699865 0.000634181
   0.337825  0.00181786 0.000634181    0.423957
IMAGINARY
          0  0.00648008  0.00213959  -0.0164703
-0.00648008           0 -0.00831811   0.0102141
-0.00213959  0.00831811           0 -0.00192872
  0.0164703  -0.0102141  0.00192872           0
EndNode2[0]<--->HoM1[0]
REAL
   0.424968  -0.0122969  -0.0166751    0.360565
 -0.0122969   0.0643127   0.0278755 -0.00886257
 -0.0166751   0.0278755   0.0655738 -0.00652028
   0.360565 -0.00886257 -0.00652028    0.445145
IMAGINARY
          0     0.01287  0.00068788  -0.0144069
   -0.01287           0 -0.00570039  -0.0116274
-0.00068788  0.00570039           0  -0.0122265
  0.0144069   0.0116274   0.0122265           0
Repeater1[0]<--->EndNode1[0]
REAL
   0.430686 -0.00375835  0.00389363    0.337825
-0.00375835   0.0699865   0.0185789 0.000634181
 0.00389363   0.0185789   0.0753701  0.00181786
   0.337825 0.000634181  0.00181786    0.423957
IMAGINARY
          0  0.00213959  0.00648008  -0.0164703
-0.00213959           0  0.00831811 -0.00192872
-0.00648008 -0.00831811           0   0.0102141
  0.0164703  0.00192872  -0.0102141           0
Repeater1[0]<--->HoM1[0]
REAL
   0.424968  -0.0166751  -0.0122969    0.360565
 -0.0166751   0.0655738   0.0278755 -0.00652028
 -0.0122969   0.0278755   0.0643127 -0.00886257
   0.360565 -0.00652028 -0.00886257    0.445145
IMAGINARY
          0  0.00068788     0.01287  -0.0144069
-0.00068788           0  0.00570039  -0.0122265
   -0.01287 -0.00570039           0  -0.0116274
  0.0144069   0.0122265   0.0116274           0
EndNode1[0]<--->Repeater1[0]
REAL
  0.412516 0.00663326 0.00800692   0.352703
0.00663326  0.0485313  0.0436704  0.0204905
0.00800692  0.0436704  0.0906769 0.00113876
  0.352703  0.0204905 0.00113876   0.448276
IMAGINARY
          0  -0.0096633 -0.00845102  0.00126695
  0.0096633           0 -0.00978277   0.0039349
 0.00845102  0.00978277           0  0.00127621
-0.00126695  -0.0039349 -0.00127621           0
EndNode2[0]<--->HoM1[0]
REAL
  0.429306 -0.0323268 -0.0216313   0.369927
-0.0323268  0.0526992  0.0183641 -0.0288397
-0.0216313  0.0183641   0.059126 0.00204415
  0.369927 -0.0288397 0.00204415   0.458869
IMAGINARY
          0  -0.0122028 -0.00574527   0.0153967
