EndNode1[0]<--->Repeater1[0]
REAL
     0.4518  -0.0042628 0.000994496 -0.00558419
 -0.0042628     0.26597 0.000222261 0.000345987
0.000994496 0.000222261      0.1777   0.0203486
-0.00558419 0.000345987   0.0203486     0.10453
IMAGINARY
           0    0.0058444   0.00226305    0.0019685
  -0.0058444            0    0.0019685   0.00999501
 -0.00226305   -0.0019685            0 -3.79507e-05
  -0.0019685  -0.00999501  3.79507e-05            0
EndNode2[0]<--->HoM1[0]
REAL
   0.383439 -0.00106446   0.0214954   0.0141064
-0.00106446    0.206369  0.00882937 -0.00642335
  0.0214954  0.00882937     0.26242 -0.00483331
  0.0141064 -0.00642335 -0.00483331    0.147771
IMAGINARY
          0  0.00290993  0.00946015  0.00247974
-0.00290993           0 -0.00118775 -0.00814089
-0.00946015  0.00118775           0   0.0155597
-0.00247974  0.00814089  -0.0155597           0
Repeater1[0]<--->EndNode1[0]
REAL
     0.4518 0.000994496  -0.0042628 -0.00558419
0.000994496      0.1777 0.000222261   0.0203486
 -0.0042628 0.000222261     0.26597 0.000345987
-0.00558419   0.0203486 0.000345987     0.10453
IMAGINARY
           0   0.00226305    0.0058444    0.0019685
 -0.00226305            0   -0.0019685 -3.79507e-05
  -0.0058444    0.0019685            0   0.00999501
  -0.0019685  3.79507e-05  -0.00999501            0
Repeater1[0]<--->HoM1[0]
REAL
   0.383439   0.0214954 -0.00106446   0.0141064
  0.0214954     0.26242  0.00882937 -0.00483331
-0.00106446  0.00882937    0.206369 -0.00642335
  0.0141064 -0.00483331 -0.00642335    0.147771
IMAGINARY
          0  0.00946015  0.00290993  0.00247974
-0.00946015           0  0.00118775   0.0155597
-0.00290993 -0.00118775           0 -0.00814089
-0.00247974  -0.0155597  0.00814089           0
EndNode1[0]<--->Repeater1[0]
REAL
   0.448143  -0.0146879  -0.0153326 -0.00372126
 -0.0146879    0.277849  0.00433326 -0.00731121
 -0.0153326  0.00433326    0.169014   0.0116279
-0.00372126 -0.00731121   0.0116279    0.104994
IMAGINARY
          0  -0.0151797    0.008207   0.0133642
  0.0151797           0  0.00228206   0.0147174
  -0.008207 -0.00228206           0  -0.0151797
 -0.0133642  -0.0147174   0.0151797           0
EndNode2[0]<--->HoM1[0]
REAL
   0.414868  -0.0238179   0.0182137    0.016877
 -0.0238179    0.188249 0.000364415   0.0069852
  0.0182137 0.000364415    0.257794  0.00392402
   0.016877   0.0069852  0.00392402    0.139089
IMAGINARY
          0    0.001336   0.0192578  0.00261955
  -0.001336           0 -0.00131746  -0.0119922
 -0.0192578  0.00131746           0  0.00196651
-0.00261955   0.0119922 -0.00196651           0
Repeater1[0]<--->EndNode1[0]
REAL
   0.448143  -0.0153326  -0.0146879 -0.00372126
 -0.0153326    0.169014  0.00433326   0.0116279
 -0.0146879  0.00433326    0.277849 -0.00731121
-0.00372126   0.0116279 -0.00731121    0.104994
IMAGINARY
          0    0.008207  -0.0151797   0.0133642
  -0.008207           0 -0.00228206  -0.0151797
  0.0151797  0.00228206           0   0.0147174
 -0.0133642   0.0151797  -0.0147174           0
Repeater1[0]<--->HoM1[0]
REAL
   0.414868   0.0182137  -0.0238179    0.016877
  0.0182137    0.257794 0.000364415  0.00392402
 -0.0238179 0.000364415    0.188249   0.0069852
   0.016877  0.00392402   0.0069852    0.139089
IMAGINARY
          0   0.0192578    0.001336  0.00261955
 -0.0192578           0  0.00131746  0.00196651
  -0.001336 -0.00131746           0  -0.0119922
-0.00261955 -0.00196651   0.0119922           0
EndNode1[0]<--->Repeater1[0]
REAL
   0.421189   0.0136577   0.0382679   0.0327903
  0.0136577    0.271318 -0.00782226  -0.0171411
  0.0382679 -0.00782226    0.177003 -0.00149381
  0.0327903  -0.0171411 -0.00149381    0.130491
IMAGINARY
          0   0.0113549  -0.0073007  0.00540094
 -0.0113549           0  -0.0229009  0.00796648
  0.0073007   0.0229009           0    0.015942
-0.00540094 -0.00796648   -0.015942           0
EndNode2[0]<--->HoM1[0]
REAL
   0.415465   0.0117048  0.00874765   0.0233343
  0.0117048    0.179554 -0.00584338  0.00994957
 0.00874765 -0.00584338      0.2346   0.0142301
  0.0233343  0.00994957   0.0142301     0.17038
IMAGINARY
          0  -0.0185851  0.00860654 -0.00337633
  0.0185851           0   0.0252306   0.0139399
-0.00860654  -0.0252306           0 -0.00263504
 0.00337633  -0.0139399  0.00263504           0
Repeater1[0]<--->EndNode1[0]
REAL
   0.421189   0.0382679   0.0136577   0.0327903
  0.0382679    0.177003 -0.00782226 -0.00149381
  0.0136577 -0.00782226    0.271318  -0.0171411
  0.0327903 -0.00149381  -0.0171411    0.130491
IMAGINARY
          0  -0.0073007   0.0113549  0.00540094
  0.0073007           0   0.0229009    0.015942
 -0.0113549  -0.0229009           0  0.00796648
-0.00540094   -0.015942 -0.00796648           0
Repeater1[0]<--->HoM1[0]
REAL
   0.415465  0.00874765   0.0117048   0.0233343
 0.00874765      0.2346 -0.00584338   0.0142301
  0.0117048 -0.00584338    0.179554  0.00994957
  0.0233343   0.0142301  0.00994957     0.17038
IMAGINARY
          0  0.00860654  -0.0185851 -0.00337633
-0.00860654           0  -0.0252306 -0.00263504
  0.0185851   0.0252306           0   0.0139399
 0.00337633  0.00263504  -0.0139399           0
EndNode1[0]<--->Repeater1[0]
REAL
    0.448231    0.0137645    0.0173047    0.0214399
   0.0137645     0.268676 -0.000910067    0.0045496
   0.0173047 -0.000910067     0.165138   0.00808983
   0.0214399    0.0045496   0.00808983     0.117955
IMAGINARY
          0   -0.027446  -0.0333087    0.010653
   0.027446           0 -0.00141816 -0.00181263
  0.0333087  0.00141816           0  -0.0268325
  -0.010653  0.00181263   0.0268325           0
EndNode2[0]<--->HoM1[0]
REAL
   0.412615   0.0255264   -0.019081   0.0145369
  0.0255264    0.169514   0.0176195 -0.00803125
  -0.019081   0.0176195    0.247043 -0.00598041
  0.0145369 -0.00803125 -0.00598041    0.170828
IMAGINARY
          0 -0.00677652 -0.00129225   0.0115447
 0.00677652           0  -0.0166861  0.00190877
 0.00129225   0.0166861           0 -0.00617046
 -0.0115447 -0.00190877  0.00617046           0
Repeater1[0]<--->EndNode1[0]
REAL
    0.448231    0.0173047    0.0137645    0.0214399
   0.0173047     0.165138 -0.000910067   0.00808983
   0.0137645 -0.000910067     0.268676    0.0045496
   0.0214399   0.00808983    0.0045496     0.117955
IMAGINARY
          0  -0.0333087   -0.027446    0.010653
  0.0333087           0  0.00141816  -0.0268325
   0.027446 -0.00141816           0 -0.00181263
  -0.010653   0.0268325  0.00181263           0
Repeater1[0]<--->HoM1[0]
REAL
   0.412615   -0.019081   0.0255264   0.0145369
  -0.019081    0.247043   0.0176195 -0.00598041
  0.0255264   0.0176195    0.169514 -0.00803125
  0.0145369 -0.00598041 -0.00803125    0.170828
IMAGINARY
          0 -0.00129225 -0.00677652   0.0115447
 0.00129225           0   0.0166861 -0.00617046
 0.00677652  -0.0166861           0  0.00190877
 -0.0115447  0.00617046 -0.00190877           0
