EndNode1[0]<--->Repeater1[0]
REAL
   0.455405   0.0104561   0.0154878    0.430326
  0.0104561    0.022973 -0.00439996    0.007969
  0.0154878 -0.00439996   0.0243243   0.0130007
   0.430326    0.007969   0.0130007    0.497297
IMAGINARY
          0  -0.0189147  0.00850956  -0.0138202
  0.0189147           0   0.0111175 -0.00981505
-0.00850956  -0.0111175           0   0.0176092
  0.0138202  0.00981505  -0.0176092           0
EndNode2[0]<--->HoM1[0]
REAL
    0.48801 -0.00906278  0.00348553    0.435591
-0.00906278   0.0227818   0.0153376  -0.0127693
 0.00348553   0.0153376   0.0275779  0.00375774
   0.435591  -0.0127693  0.00375774    0.461631
IMAGINARY
          0  -0.0117586 -0.00605005  0.00160508
  0.0117586           0   0.0239326    0.013645
 0.00605005  -0.0239326           0   0.0104927
-0.00160508   -0.013645  -0.0104927           0
Repeater1[0]<--->EndNode1[0]
REAL
   0.455405   0.0154878   0.0104561    0.430326
  0.0154878   0.0243243 -0.00439996   0.0130007
  0.0104561 -0.00439996    0.022973    0.007969
   0.430326   0.0130007    0.007969    0.497297
IMAGINARY
          0  0.00850956  -0.0189147  -0.0138202
-0.00850956           0  -0.0111175   0.0176092
  0.0189147   0.0111175           0 -0.00981505
  0.0138202  -0.0176092  0.00981505           0
Repeater1[0]<--->HoM1[0]
REAL
    0.48801  0.00348553 -0.00906278    0.435591
 0.00348553   0.0275779   0.0153376  0.00375774
-0.00906278   0.0153376   0.0227818  -0.0127693
   0.435591  0.00375774  -0.0127693    0.461631
IMAGINARY
          0 -0.00605005  -0.0117586  0.00160508
 0.00605005           0  -0.0239326   0.0104927
  0.0117586   0.0239326           0    0.013645
-0.00160508  -0.0104927   -0.013645           0
EndNode1[0]<--->Repeater1[0]
REAL
   0.472868 -0.00306551  -0.0154521    0.435686
-0.00306551   0.0297158 -0.00386752 -0.00222463
 -0.0154521 -0.00386752   0.0335917 0.000540258
   0.435686 -0.00222463 0.000540258    0.463824
IMAGINARY
          0 -0.00747922  -0.0175214  0.00712691
 0.00747922           0 -0.00257555   0.0102941
  0.0175214  0.00257555           0   0.0173347
-0.00712691  -0.0102941  -0.0173347           0
EndNode2[0]<--->HoM1[0]
REAL
  0.490268  0.0180722  0.0130353   0.434886
 0.0180722  0.0218978 0.00905153   0.014996
 0.0130353 0.00905153  0.0218978  0.0138705
  0.434886   0.014996  0.0138705   0.465937
IMAGINARY
          0 -0.00426002 -0.00136949 -0.00398693
 0.00426002           0 -0.00463376  0.00693191
 0.00136949  0.00463376           0 -0.00624678
 0.00398693 -0.00693191  0.00624678           0
Repeater1[0]<--->EndNode1[0]
REAL
   0.472868  -0.0154521 -0.00306551    0.435686
 -0.0154521   0.0335917 -0.00386752 0.000540258
-0.00306551 -0.00386752   0.0297158 -0.00222463
   0.435686 0.000540258 -0.00222463    0.463824
IMAGINARY
          0  -0.0175214 -0.00747922  0.00712691
  0.0175214           0  0.00257555   0.0173347
 0.00747922 -0.00257555           0   0.0102941
-0.00712691  -0.0173347  -0.0102941           0
Repeater1[0]<--->HoM1[0]
REAL
  0.490268  0.0130353  0.0180722   0.434886
 0.0130353  0.0218978 0.00905153  0.0138705
 0.0180722 0.00905153  0.0218978   0.014996
  0.434886  0.0138705   0.014996   0.465937
IMAGINARY
          0 -0.00136949 -0.00426002 -0.00398693
 0.00136949           0  0.00463376 -0.00624678
 0.00426002 -0.00463376           0  0.00693191
 0.00398693  0.00624678 -0.00693191           0
EndNode1[0]<--->Repeater1[0]
REAL
    0.492268    0.0120356   0.00333333     0.428391
   0.0120356    0.0335052   0.00227601   0.00333333
  0.00333333   0.00227601    0.0219072 -3.55781e-05
    0.428391   0.00333333 -3.55781e-05      0.45232
IMAGINARY
          0  0.00295554  -0.0155388  -0.0109381
-0.00295554           0  -0.0183207   0.0174496
  0.0155388   0.0183207           0 -0.00486636
  0.0109381  -0.0174496  0.00486636           0
EndNode2[0]<--->HoM1[0]
REAL
  0.467532 0.00874808 -0.0122168    0.42903
0.00874808  0.0142857  0.0195914  0.0247482
-0.0122168  0.0195914  0.0272727  0.0125552
   0.42903  0.0247482  0.0125552   0.490909
IMAGINARY
           0    0.0127551  0.000344687    0.0113726
  -0.0127551            0  -0.00685652   -0.0296814
-0.000344687   0.00685652            0    0.0127551
  -0.0113726    0.0296814   -0.0127551            0
Repeater1[0]<--->EndNode1[0]
REAL
    0.492268   0.00333333    0.0120356     0.428391
  0.00333333    0.0219072   0.00227601 -3.55781e-05
   0.0120356   0.00227601    0.0335052   0.00333333
    0.428391 -3.55781e-05   0.00333333      0.45232
IMAGINARY
          0  -0.0155388  0.00295554  -0.0109381
  0.0155388           0   0.0183207 -0.00486636
-0.00295554  -0.0183207           0   0.0174496
  0.0109381  0.00486636  -0.0174496           0
Repeater1[0]<--->HoM1[0]
REAL
  0.467532 -0.0122168 0.00874808    0.42903
-0.0122168  0.0272727  0.0195914  0.0125552
0.00874808  0.0195914  0.0142857  0.0247482
   0.42903  0.0125552  0.0247482   0.490909
IMAGINARY
           0  0.000344687    0.0127551    0.0113726
-0.000344687            0   0.00685652    0.0127551
  -0.0127551  -0.00685652            0   -0.0296814
  -0.0113726   -0.0127551    0.0296814            0
EndNode1[0]<--->Repeater1[0]
REAL
   0.498168  0.00478268  0.00369553    0.435908
 0.00478268     0.03663  0.00159182  -0.0156636
 0.00369553  0.00159182    0.026862 -0.00744226
   0.435908  -0.0156636 -0.00744226    0.438339
IMAGINARY
          0  -0.0247114 -0.00964038  -0.0149632
  0.0247114           0  -0.0162485   0.0324286
 0.00964038   0.0162485           0 -0.00209829
  0.0149632  -0.0324286  0.00209829           0
EndNode2[0]<--->HoM1[0]
REAL
   0.483418  -0.0124852   0.0146402    0.440431
 -0.0124852   0.0216837   0.0141148 -0.00929257
  0.0146402   0.0141148   0.0204082    0.015159
   0.440431 -0.00929257    0.015159     0.47449
IMAGINARY
          0 -0.00209452  -0.0178993   0.0176258
 0.00209452           0 -0.00936654   0.0165835
  0.0178993  0.00936654           0 -0.00974758
 -0.0176258  -0.0165835  0.00974758           0
Repeater1[0]<--->EndNode1[0]
REAL
   0.498168  0.00369553  0.00478268    0.435908
 0.00369553    0.026862  0.00159182 -0.00744226
 0.00478268  0.00159182     0.03663  -0.0156636
   0.435908 -0.00744226  -0.0156636    0.438339
IMAGINARY
          0 -0.00964038  -0.0247114  -0.0149632
 0.00964038           0   0.0162485 -0.00209829
  0.0247114  -0.0162485           0   0.0324286
  0.0149632  0.00209829  -0.0324286           0
Repeater1[0]<--->HoM1[0]
REAL
   0.483418   0.0146402  -0.0124852    0.440431
  0.0146402   0.0204082   0.0141148    0.015159
 -0.0124852   0.0141148   0.0216837 -0.00929257
   0.440431    0.015159 -0.00929257     0.47449
IMAGINARY
          0  -0.0178993 -0.00209452   0.0176258
  0.0178993           0  0.00936654 -0.00974758
 0.00209452 -0.00936654           0   0.0165835
 -0.0176258  0.00974758  -0.0165835           0
EndNode1[0]<--->Repeater1[0]
REAL
   0.442522 -0.00696733  -0.0151117    0.435786
-0.00696733   0.0321384  0.00245291  0.00788436
 -0.0151117  0.00245291    0.025958  0.00105406
   0.435786  0.00788436  0.00105406    0.499382
IMAGINARY
           0   0.00396757  -0.00508957  -0.00220408
 -0.00396757            0  -0.00683984  0.000514411
  0.00508957   0.00683984            0  -0.00331398
  0.00220408 -0.000514411   0.00331398            0
EndNode2[0]<--->HoM1[0]
REAL
   0.491525  -0.0222111 -0.00797972      0.4396
 -0.0222111   0.0302663   0.0129694  -0.0111244
-0.00797972   0.0129694   0.0169492 -0.00479814
     0.4396  -0.0111244 -0.00479814    0.461259
IMAGINARY
          0   0.0020633   0.0048465  -0.0089064
 -0.0020633           0  0.00558635   0.0182513
 -0.0048465 -0.00558635           0  -0.0251611
  0.0089064  -0.0182513   0.0251611           0
Repeater1[0]<--->EndNode1[0]
REAL
   0.442522  -0.0151117 -0.00696733    0.435786
 -0.0151117    0.025958  0.00245291  0.00105406
-0.00696733  0.00245291   0.0321384  0.00788436
   0.435786  0.00105406  0.00788436    0.499382
IMAGINARY
           0  -0.00508957   0.00396757  -0.00220408
  0.00508957            0   0.00683984  -0.00331398
 -0.00396757  -0.00683984            0  0.000514411
  0.00220408   0.00331398 -0.000514411            0
Repeater1[0]<--->HoM1[0]
REAL
   0.491525 -0.00797972  -0.0222111      0.4396
-0.00797972   0.0169492   0.0129694 -0.00479814
 -0.0222111   0.0129694   0.0302663  -0.0111244
     0.4396 -0.00479814  -0.0111244    0.461259
IMAGINARY
          0   0.0048465   0.0020633  -0.0089064
 -0.0048465           0 -0.00558635  -0.0251611
 -0.0020633  0.00558635           0   0.0182513
  0.0089064   0.0251611  -0.0182513           0
EndNode1[0]<--->Repeater1[0]
REAL
   0.484237   0.0047757  0.00657958    0.430345
  0.0047757   0.0302648 -0.00455844  0.00914369
 0.00657958 -0.00455844   0.0264817  0.00968971
   0.430345  0.00914369  0.00968971    0.459016
IMAGINARY
           0   0.00750389 -7.75623e-05  -0.00675655
 -0.00750389            0    0.0106628  -0.00407756
 7.75623e-05   -0.0106628            0   -0.0130441
  0.00675655   0.00407756    0.0130441            0
EndNode2[0]<--->HoM1[0]
REAL
    0.510013 -0.000765739     0.013047     0.451099
-0.000765739    0.0173565   0.00077243   -0.0224053
    0.013047   0.00077243    0.0160214   -0.0139401
    0.451099   -0.0224053   -0.0139401     0.456609
IMAGINARY
          0   0.0038321 -0.00772085  -0.0195347
 -0.0038321           0  -0.0219619   0.0109888
 0.00772085   0.0219619           0 -0.00187132
  0.0195347  -0.0109888  0.00187132           0
Repeater1[0]<--->EndNode1[0]
REAL
   0.484237  0.00657958   0.0047757    0.430345
 0.00657958   0.0264817 -0.00455844  0.00968971
  0.0047757 -0.00455844   0.0302648  0.00914369
   0.430345  0.00968971  0.00914369    0.459016
IMAGINARY
           0 -7.75623e-05   0.00750389  -0.00675655
 7.75623e-05            0   -0.0106628   -0.0130441
 -0.00750389    0.0106628            0  -0.00407756
  0.00675655    0.0130441   0.00407756            0
Repeater1[0]<--->HoM1[0]
REAL
    0.510013     0.013047 -0.000765739     0.451099
    0.013047    0.0160214   0.00077243   -0.0139401
-0.000765739   0.00077243    0.0173565   -0.0224053
    0.451099   -0.0139401   -0.0224053     0.456609
IMAGINARY
          0 -0.00772085   0.0038321  -0.0195347
 0.00772085           0   0.0219619 -0.00187132
 -0.0038321  -0.0219619           0   0.0109888
  0.0195347  0.00187132  -0.0109888           0
EndNode1[0]<--->Repeater1[0]
REAL
   0.454424  0.00142783   0.0249106    0.434581
 0.00142783   0.0187668 -0.00714061  -0.0143565
  0.0249106 -0.00714061   0.0281501  0.00516848
   0.434581  -0.0143565  0.00516848     0.49866
IMAGINARY
          0 -0.00764683  0.00508332 -0.00911449
 0.00764683           0   0.0179977  0.00882397
-0.00508332  -0.0179977           0 -0.00890946
 0.00911449 -0.00882397  0.00890946           0
EndNode2[0]<--->HoM1[0]
REAL
  0.483745 0.00165839  0.0107254   0.433526
0.00165839  0.0312094 0.00437038 0.00131513
 0.0107254 0.00437038   0.029909 0.00404503
  0.433526 0.00131513 0.00404503   0.455137
IMAGINARY
          0 -0.00107267 -0.00136978  -0.0145186
 0.00107267           0  0.00404737 -0.00407981
 0.00136978 -0.00404737           0  0.00652226
  0.0145186  0.00407981 -0.00652226           0
Repeater1[0]<--->EndNode1[0]
REAL
   0.454424   0.0249106  0.00142783    0.434581
  0.0249106   0.0281501 -0.00714061  0.00516848
 0.00142783 -0.00714061   0.0187668  -0.0143565
   0.434581  0.00516848  -0.0143565     0.49866
IMAGINARY
          0  0.00508332 -0.00764683 -0.00911449
-0.00508332           0  -0.0179977 -0.00890946
 0.00764683   0.0179977           0  0.00882397
 0.00911449  0.00890946 -0.00882397           0
Repeater1[0]<--->HoM1[0]
REAL
  0.483745  0.0107254 0.00165839   0.433526
 0.0107254   0.029909 0.00437038 0.00404503
0.00165839 0.00437038  0.0312094 0.00131513
  0.433526 0.00404503 0.00131513   0.455137
IMAGINARY
          0 -0.00136978 -0.00107267  -0.0145186
 0.00136978           0 -0.00404737  0.00652226
 0.00107267  0.00404737           0 -0.00407981
  0.0145186 -0.00652226  0.00407981           0
EndNode1[0]<--->Repeater1[0]
REAL
   0.501982   0.0116587 -0.00433342    0.433504
  0.0116587   0.0224571  0.00127877  -0.0084543
-0.00433342  0.00127877   0.0264201  -0.0103799
   0.433504  -0.0084543  -0.0103799    0.449141
IMAGINARY
          0   0.0527877 -0.00498357 -0.00126738
 -0.0527877           0   0.0113985  -0.0167556
 0.00498357  -0.0113985           0  -0.0272123
 0.00126738   0.0167556   0.0272123           0
EndNode2[0]<--->HoM1[0]
REAL
  0.464698  0.0279006  0.0111414    0.44198
 0.0279006  0.0192555  0.0136019  0.0206713
 0.0111414  0.0136019  0.0308087 0.00271166
   0.44198  0.0206713 0.00271166   0.485237
IMAGINARY
           0    0.0203226   -0.0287831 -0.000234329
  -0.0203226            0    -0.014959  0.000404719
   0.0287831     0.014959            0  -0.00680913
 0.000234329 -0.000404719   0.00680913            0
Repeater1[0]<--->EndNode1[0]
REAL
   0.501982 -0.00433342   0.0116587    0.433504
-0.00433342   0.0264201  0.00127877  -0.0103799
  0.0116587  0.00127877   0.0224571  -0.0084543
   0.433504  -0.0103799  -0.0084543    0.449141
IMAGINARY
          0 -0.00498357   0.0527877 -0.00126738
 0.00498357           0  -0.0113985  -0.0272123
 -0.0527877   0.0113985           0  -0.0167556
 0.00126738   0.0272123   0.0167556           0
Repeater1[0]<--->HoM1[0]
REAL
  0.464698  0.0111414  0.0279006    0.44198
 0.0111414  0.0308087  0.0136019 0.00271166
 0.0279006  0.0136019  0.0192555  0.0206713
   0.44198 0.00271166  0.0206713   0.485237
IMAGINARY
           0   -0.0287831    0.0203226 -0.000234329
   0.0287831            0     0.014959  -0.00680913
  -0.0203226    -0.014959            0  0.000404719
 0.000234329   0.00680913 -0.000404719            0
