EndNode1[0]<--->Repeater1[0]
REAL
   0.293566 -0.00183166  0.00864362 -0.00441877
-0.00183166    0.193029   0.0177166   0.0099734
 0.00864362   0.0177166    0.199732   0.0257678
-0.00441877   0.0099734   0.0257678    0.313673
IMAGINARY
          0   0.0214717   0.0324138  -0.0136513
 -0.0214717           0 -0.00740132 -0.00116377
 -0.0324138  0.00740132           0  0.00326785
  0.0136513  0.00116377 -0.00326785           0
EndNode2[0]<--->HoM1[0]
REAL
    0.330864    0.0117212  -0.00965262    0.0250218
   0.0117212     0.164198   -0.0102798  -0.00508939
 -0.00965262   -0.0102798     0.187654 -0.000664704
   0.0250218  -0.00508939 -0.000664704     0.317284
IMAGINARY
          0 -0.00257412   0.0068761  -0.0196219
 0.00257412           0 -0.00822953 -0.00238316
 -0.0068761  0.00822953           0 -0.00191882
  0.0196219  0.00238316  0.00191882           0
Repeater1[0]<--->EndNode1[0]
REAL
   0.293566  0.00864362 -0.00183166 -0.00441877
 0.00864362    0.199732   0.0177166   0.0257678
-0.00183166   0.0177166    0.193029   0.0099734
-0.00441877   0.0257678   0.0099734    0.313673
IMAGINARY
          0   0.0324138   0.0214717  -0.0136513
 -0.0324138           0  0.00740132  0.00326785
 -0.0214717 -0.00740132           0 -0.00116377
  0.0136513 -0.00326785  0.00116377           0
Repeater1[0]<--->HoM1[0]
REAL
    0.330864  -0.00965262    0.0117212    0.0250218
 -0.00965262     0.187654   -0.0102798 -0.000664704
   0.0117212   -0.0102798     0.164198  -0.00508939
   0.0250218 -0.000664704  -0.00508939     0.317284
IMAGINARY
          0   0.0068761 -0.00257412  -0.0196219
 -0.0068761           0  0.00822953 -0.00191882
 0.00257412 -0.00822953           0 -0.00238316
  0.0196219  0.00191882  0.00238316           0
EndNode1[0]<--->Repeater1[0]
REAL
    0.31497 -0.00721938  -0.0219993   0.0110541
-0.00721938    0.219162  0.00774287  0.00570854
 -0.0219993  0.00774287    0.171257 -0.00405882
  0.0110541  0.00570854 -0.00405882    0.294611
IMAGINARY
           0 -0.000646546   0.00560302   -0.0303971
 0.000646546            0   0.00302723   0.00433076
 -0.00560302  -0.00302723            0   0.00528231
   0.0303971  -0.00433076  -0.00528231            0
EndNode2[0]<--->HoM1[0]
REAL
  0.336898 0.00325065 -0.0245287  0.0104277
0.00325065   0.181818    0.02058 0.00256489
-0.0245287    0.02058   0.185829 0.00191731
 0.0104277 0.00256489 0.00191731   0.295455
IMAGINARY
          0  0.00825981  0.00896215  0.00429492
-0.00825981           0  -0.0108566  0.00119013
-0.00896215   0.0108566           0  0.00950669
-0.00429492 -0.00119013 -0.00950669           0
Repeater1[0]<--->EndNode1[0]
REAL
    0.31497  -0.0219993 -0.00721938   0.0110541
 -0.0219993    0.171257  0.00774287 -0.00405882
-0.00721938  0.00774287    0.219162  0.00570854
  0.0110541 -0.00405882  0.00570854    0.294611
IMAGINARY
           0   0.00560302 -0.000646546   -0.0303971
 -0.00560302            0  -0.00302723   0.00528231
 0.000646546   0.00302723            0   0.00433076
   0.0303971  -0.00528231  -0.00433076            0
Repeater1[0]<--->HoM1[0]
REAL
  0.336898 -0.0245287 0.00325065  0.0104277
-0.0245287   0.185829    0.02058 0.00191731
0.00325065    0.02058   0.181818 0.00256489
 0.0104277 0.00191731 0.00256489   0.295455
IMAGINARY
          0  0.00896215  0.00825981  0.00429492
-0.00896215           0   0.0108566  0.00950669
-0.00825981  -0.0108566           0  0.00119013
-0.00429492 -0.00950669 -0.00119013           0
EndNode1[0]<--->Repeater1[0]
REAL
   0.284802   0.0247012  0.00581457   0.0161116
  0.0247012    0.187739 0.000849068  0.00843237
 0.00581457 0.000849068    0.203065  -0.0131679
  0.0161116  0.00843237  -0.0131679    0.324393
IMAGINARY
          0 -0.00585108  -0.0119287 -0.00458647
 0.00585108           0  -0.0020802  0.00155015
  0.0119287   0.0020802           0   0.0150086
 0.00458647 -0.00155015  -0.0150086           0
EndNode2[0]<--->HoM1[0]
REAL
  0.308399 -0.0245201 0.00850785  0.0213587
-0.0245201   0.171916 0.00481929 0.00981675
0.00850785 0.00481929   0.200787 0.00881326
 0.0213587 0.00981675 0.00881326   0.318898
IMAGINARY
          0  -0.0229508  0.00218281 -0.00313869
  0.0229508           0 -0.00706539  0.00545078
-0.00218281  0.00706539           0  0.00513909
 0.00313869 -0.00545078 -0.00513909           0
Repeater1[0]<--->EndNode1[0]
REAL
   0.284802  0.00581457   0.0247012   0.0161116
 0.00581457    0.203065 0.000849068  -0.0131679
  0.0247012 0.000849068    0.187739  0.00843237
  0.0161116  -0.0131679  0.00843237    0.324393
IMAGINARY
          0  -0.0119287 -0.00585108 -0.00458647
  0.0119287           0   0.0020802   0.0150086
 0.00585108  -0.0020802           0  0.00155015
 0.00458647  -0.0150086 -0.00155015           0
Repeater1[0]<--->HoM1[0]
REAL
  0.308399 0.00850785 -0.0245201  0.0213587
0.00850785   0.200787 0.00481929 0.00881326
-0.0245201 0.00481929   0.171916 0.00981675
 0.0213587 0.00881326 0.00981675   0.318898
IMAGINARY
          0  0.00218281  -0.0229508 -0.00313869
-0.00218281           0  0.00706539  0.00513909
  0.0229508 -0.00706539           0  0.00545078
 0.00313869 -0.00513909 -0.00545078           0
EndNode1[0]<--->Repeater1[0]
REAL
   0.310014  0.00826484 -0.00466063   0.0209986
 0.00826484     0.18107   0.0070913   0.0290052
-0.00466063   0.0070913    0.198903  -0.0138828
  0.0209986   0.0290052  -0.0138828    0.310014
IMAGINARY
           0   0.00227413   0.00654308     0.012912
 -0.00227413            0   0.00651809 -0.000582813
 -0.00654308  -0.00651809            0  -0.00161188
   -0.012912  0.000582813   0.00161188            0
EndNode2[0]<--->HoM1[0]
REAL
   0.294889 -0.00967856   0.0195216   0.0286697
-0.00967856    0.195282  0.00449672   0.0111417
  0.0195216  0.00449672    0.216252  0.00154339
  0.0286697   0.0111417  0.00154339    0.293578
IMAGINARY
          0 -0.00384243  -0.0101813   0.0162857
 0.00384243           0  0.00626068  -0.0127194
  0.0101813 -0.00626068           0 -0.00888021
 -0.0162857   0.0127194  0.00888021           0
Repeater1[0]<--->EndNode1[0]
REAL
   0.310014 -0.00466063  0.00826484   0.0209986
-0.00466063    0.198903   0.0070913  -0.0138828
 0.00826484   0.0070913     0.18107   0.0290052
  0.0209986  -0.0138828   0.0290052    0.310014
IMAGINARY
           0   0.00654308   0.00227413     0.012912
 -0.00654308            0  -0.00651809  -0.00161188
 -0.00227413   0.00651809            0 -0.000582813
   -0.012912   0.00161188  0.000582813            0
Repeater1[0]<--->HoM1[0]
REAL
   0.294889   0.0195216 -0.00967856   0.0286697
  0.0195216    0.216252  0.00449672  0.00154339
-0.00967856  0.00449672    0.195282   0.0111417
  0.0286697  0.00154339   0.0111417    0.293578
IMAGINARY
          0  -0.0101813 -0.00384243   0.0162857
  0.0101813           0 -0.00626068 -0.00888021
 0.00384243  0.00626068           0  -0.0127194
 -0.0162857  0.00888021   0.0127194           0
EndNode1[0]<--->Repeater1[0]
REAL
   0.305374   0.0253201 -0.00614892   0.0177033
  0.0253201     0.19135   0.0141319  -0.0144503
-0.00614892   0.0141319     0.21363   0.0127573
  0.0177033  -0.0144503   0.0127573    0.289646
IMAGINARY
          0  0.00138608  0.00792503   0.0205119
-0.00138608           0  0.00227291  0.00517021
-0.00792503 -0.00227291           0 -0.00852894
 -0.0205119 -0.00517021  0.00852894           0
EndNode2[0]<--->HoM1[0]
REAL
   0.306122   0.0126806   0.0160855  0.00291326
  0.0126806    0.215561  0.00161456  0.00784723
  0.0160855  0.00161456      0.1875 -0.00815276
 0.00291326  0.00784723 -0.00815276    0.290816
IMAGINARY
          0 -0.00478085  0.00856885 -0.00163248
 0.00478085           0 -0.00305293  -0.0137637
-0.00856885  0.00305293           0   0.0229627
 0.00163248   0.0137637  -0.0229627           0
Repeater1[0]<--->EndNode1[0]
REAL
   0.305374 -0.00614892   0.0253201   0.0177033
-0.00614892     0.21363   0.0141319   0.0127573
  0.0253201   0.0141319     0.19135  -0.0144503
  0.0177033   0.0127573  -0.0144503    0.289646
IMAGINARY
          0  0.00792503  0.00138608   0.0205119
-0.00792503           0 -0.00227291 -0.00852894
-0.00138608  0.00227291           0  0.00517021
 -0.0205119  0.00852894 -0.00517021           0
Repeater1[0]<--->HoM1[0]
REAL
   0.306122   0.0160855   0.0126806  0.00291326
  0.0160855      0.1875  0.00161456 -0.00815276
  0.0126806  0.00161456    0.215561  0.00784723
 0.00291326 -0.00815276  0.00784723    0.290816
IMAGINARY
          0  0.00856885 -0.00478085 -0.00163248
-0.00856885           0  0.00305293   0.0229627
 0.00478085 -0.00305293           0  -0.0137637
 0.00163248  -0.0229627   0.0137637           0
EndNode1[0]<--->Repeater1[0]
REAL
   0.331281  0.00604225  0.00199718  0.00646727
 0.00604225    0.185961  -0.0258973  -0.0123599
 0.00199718  -0.0258973    0.171182 -0.00992826
 0.00646727  -0.0123599 -0.00992826    0.311576
IMAGINARY
          0 -0.00275851 -0.00934227    0.014386
 0.00275851           0   0.0117334  0.00868177
 0.00934227  -0.0117334           0  0.00606102
  -0.014386 -0.00868177 -0.00606102           0
EndNode2[0]<--->HoM1[0]
REAL
     0.316 -0.0022228  0.0166249 0.00886704
-0.0022228   0.198667 -0.0142692 -0.0124233
 0.0166249 -0.0142692   0.177333  0.0124269
0.00886704 -0.0124233  0.0124269      0.308
IMAGINARY
          0  0.00765889  0.00388003   0.0180481
-0.00765889           0   0.0180481   0.0025467
-0.00388003  -0.0180481           0  -0.0025175
 -0.0180481  -0.0025467   0.0025175           0
Repeater1[0]<--->EndNode1[0]
REAL
   0.331281  0.00199718  0.00604225  0.00646727
 0.00199718    0.171182  -0.0258973 -0.00992826
 0.00604225  -0.0258973    0.185961  -0.0123599
 0.00646727 -0.00992826  -0.0123599    0.311576
IMAGINARY
          0 -0.00934227 -0.00275851    0.014386
 0.00934227           0  -0.0117334  0.00606102
 0.00275851   0.0117334           0  0.00868177
  -0.014386 -0.00606102 -0.00868177           0
Repeater1[0]<--->HoM1[0]
REAL
     0.316  0.0166249 -0.0022228 0.00886704
 0.0166249   0.177333 -0.0142692  0.0124269
-0.0022228 -0.0142692   0.198667 -0.0124233
0.00886704  0.0124269 -0.0124233      0.308
IMAGINARY
          0  0.00388003  0.00765889   0.0180481
-0.00388003           0  -0.0180481  -0.0025175
-0.00765889   0.0180481           0   0.0025467
 -0.0180481   0.0025175  -0.0025467           0
EndNode1[0]<--->Repeater1[0]
REAL
  0.269634 -0.0126284  -0.029163   0.027282
-0.0126284   0.221204  0.0165089 0.00890154
 -0.029163  0.0165089   0.200262 -0.0272409
  0.027282 0.00890154 -0.0272409   0.308901
IMAGINARY
          0   0.0153596  -0.0256198   0.0368523
 -0.0153596           0   0.0254019 -0.00162989
  0.0256198  -0.0254019           0 -0.00838877
 -0.0368523  0.00162989  0.00838877           0
EndNode2[0]<--->HoM1[0]
REAL
    0.288437   -0.0175582   0.00160298    0.0156449
  -0.0175582     0.204574   0.00425245 -0.000961127
  0.00160298   0.00425245     0.200762  0.000228326
   0.0156449 -0.000961127  0.000228326     0.306226
IMAGINARY
           0   -0.0199101   0.00498365 -0.000922509
   0.0199101            0  0.000922509  -0.00371782
 -0.00498365 -0.000922509            0   0.00345439
 0.000922509   0.00371782  -0.00345439            0
Repeater1[0]<--->EndNode1[0]
REAL
  0.269634  -0.029163 -0.0126284   0.027282
 -0.029163   0.200262  0.0165089 -0.0272409
-0.0126284  0.0165089   0.221204 0.00890154
  0.027282 -0.0272409 0.00890154   0.308901
IMAGINARY
          0  -0.0256198   0.0153596   0.0368523
  0.0256198           0  -0.0254019 -0.00838877
 -0.0153596   0.0254019           0 -0.00162989
 -0.0368523  0.00838877  0.00162989           0
Repeater1[0]<--->HoM1[0]
REAL
    0.288437   0.00160298   -0.0175582    0.0156449
  0.00160298     0.200762   0.00425245  0.000228326
  -0.0175582   0.00425245     0.204574 -0.000961127
   0.0156449  0.000228326 -0.000961127     0.306226
IMAGINARY
           0   0.00498365   -0.0199101 -0.000922509
 -0.00498365            0 -0.000922509   0.00345439
   0.0199101  0.000922509            0  -0.00371782
 0.000922509  -0.00345439   0.00371782            0
EndNode1[0]<--->Repeater1[0]
REAL
   0.291299  0.00642206  0.00371209  0.00467614
 0.00642206    0.203026  0.00593559  0.00814808
 0.00371209  0.00593559     0.19546 -0.00205252
 0.00467614  0.00814808 -0.00205252    0.310214
IMAGINARY
           0   -0.0242066 -0.000312866   -0.0102028
   0.0242066            0   0.00433577  -0.00094658
 0.000312866  -0.00433577            0  -0.00727953
   0.0102028   0.00094658   0.00727953            0
EndNode2[0]<--->HoM1[0]
REAL
   0.294271  0.00409461   -0.038318  0.00341546
 0.00409461     0.21224 -0.00953791  -0.0113419
  -0.038318 -0.00953791    0.183594   0.0142727
 0.00341546  -0.0113419   0.0142727    0.309896
IMAGINARY
          0   0.0103922 -0.00123631   0.0129239
 -0.0103922           0   0.0103922  0.00382698
 0.00123631  -0.0103922           0   0.0129239
 -0.0129239 -0.00382698  -0.0129239           0
Repeater1[0]<--->EndNode1[0]
REAL
   0.291299  0.00371209  0.00642206  0.00467614
 0.00371209     0.19546  0.00593559 -0.00205252
 0.00642206  0.00593559    0.203026  0.00814808
 0.00467614 -0.00205252  0.00814808    0.310214
IMAGINARY
           0 -0.000312866   -0.0242066   -0.0102028
 0.000312866            0  -0.00433577  -0.00727953
   0.0242066   0.00433577            0  -0.00094658
   0.0102028   0.00727953   0.00094658            0
Repeater1[0]<--->HoM1[0]
REAL
   0.294271   -0.038318  0.00409461  0.00341546
  -0.038318    0.183594 -0.00953791   0.0142727
 0.00409461 -0.00953791     0.21224  -0.0113419
 0.00341546   0.0142727  -0.0113419    0.309896
IMAGINARY
          0 -0.00123631   0.0103922   0.0129239
 0.00123631           0  -0.0103922   0.0129239
 -0.0103922   0.0103922           0  0.00382698
 -0.0129239  -0.0129239 -0.00382698           0
EndNode1[0]<--->Repeater1[0]
REAL
   0.309252  -0.0226786    0.011129 -0.00759102
 -0.0226786     0.17237   -0.013659  0.00512099
   0.011129   -0.013659    0.231939   0.0201786
-0.00759102  0.00512099   0.0201786    0.286439
IMAGINARY
          0  0.00482161  0.00613224 -0.00992978
-0.00482161           0   0.0177018  -0.0134138
-0.00613224  -0.0177018           0  -0.0157439
 0.00992978   0.0134138   0.0157439           0
EndNode2[0]<--->HoM1[0]
REAL
   0.310302 -0.00147769 -0.00670025   0.0233271
-0.00147769    0.193467 -0.00414547  -0.0048087
-0.00670025 -0.00414547    0.170854  -0.0125888
  0.0233271  -0.0048087  -0.0125888    0.325377
IMAGINARY
           0    0.0211469   0.00103483 -0.000398334
  -0.0211469            0  -0.00234892    0.0105647
 -0.00103483   0.00234892            0  -0.00710539
 0.000398334   -0.0105647   0.00710539            0
Repeater1[0]<--->EndNode1[0]
REAL
   0.309252    0.011129  -0.0226786 -0.00759102
   0.011129    0.231939   -0.013659   0.0201786
 -0.0226786   -0.013659     0.17237  0.00512099
-0.00759102   0.0201786  0.00512099    0.286439
IMAGINARY
          0  0.00613224  0.00482161 -0.00992978
-0.00613224           0  -0.0177018  -0.0157439
-0.00482161   0.0177018           0  -0.0134138
 0.00992978   0.0157439   0.0134138           0
Repeater1[0]<--->HoM1[0]
REAL
   0.310302 -0.00670025 -0.00147769   0.0233271
-0.00670025    0.170854 -0.00414547  -0.0125888
-0.00147769 -0.00414547    0.193467  -0.0048087
  0.0233271  -0.0125888  -0.0048087    0.325377
IMAGINARY
           0   0.00103483    0.0211469 -0.000398334
 -0.00103483            0   0.00234892  -0.00710539
  -0.0211469  -0.00234892            0    0.0105647
 0.000398334   0.00710539   -0.0105647            0
EndNode1[0]<--->Repeater1[0]
REAL
       0.32 -0.00511509  -0.0226476   0.0207641
-0.00511509         0.2 -0.00414009   0.0124174
 -0.0226476 -0.00414009    0.180645 -0.00511509
  0.0207641   0.0124174 -0.00511509    0.299355
IMAGINARY
          0  -0.0158235   0.0120387  -0.0279368
  0.0158235           0  -0.0217487 -0.00501447
 -0.0120387   0.0217487           0   0.0241249
  0.0279368  0.00501447  -0.0241249           0
EndNode2[0]<--->HoM1[0]
REAL
   0.286079 -0.00325847  -0.0104197   0.0213364
-0.00325847    0.227331   0.0113861   0.0051841
 -0.0104197   0.0113861    0.191571 -0.00852163
  0.0213364   0.0051841 -0.00852163    0.295019
IMAGINARY
          0  0.00464627   0.0163957   0.0109881
-0.00464627           0 -0.00901186   0.0109675
 -0.0163957  0.00901186           0 -0.00713383
 -0.0109881  -0.0109675  0.00713383           0
Repeater1[0]<--->EndNode1[0]
REAL
       0.32  -0.0226476 -0.00511509   0.0207641
 -0.0226476    0.180645 -0.00414009 -0.00511509
-0.00511509 -0.00414009         0.2   0.0124174
  0.0207641 -0.00511509   0.0124174    0.299355
IMAGINARY
          0   0.0120387  -0.0158235  -0.0279368
 -0.0120387           0   0.0217487   0.0241249
  0.0158235  -0.0217487           0 -0.00501447
  0.0279368  -0.0241249  0.00501447           0
Repeater1[0]<--->HoM1[0]
REAL
   0.286079  -0.0104197 -0.00325847   0.0213364
 -0.0104197    0.191571   0.0113861 -0.00852163
-0.00325847   0.0113861    0.227331   0.0051841
  0.0213364 -0.00852163   0.0051841    0.295019
IMAGINARY
          0   0.0163957  0.00464627   0.0109881
 -0.0163957           0  0.00901186 -0.00713383
-0.00464627 -0.00901186           0   0.0109675
 -0.0109881  0.00713383  -0.0109675           0
EndNode1[0]<--->Repeater1[0]
REAL
   0.298851 -0.00737256  -0.0115122  0.00719793
-0.00737256    0.206897  0.00146544  0.00161118
 -0.0115122  0.00146544    0.191571  -0.0285185
 0.00719793  0.00161118  -0.0285185    0.302682
IMAGINARY
           0   -0.0123866     0.017286   -0.0153435
   0.0123866            0  -0.00228871 -8.85326e-05
   -0.017286   0.00228871            0  -0.00481085
   0.0153435  8.85326e-05   0.00481085            0
EndNode2[0]<--->HoM1[0]
REAL
   0.301282   0.0258009  -0.0152236   0.0302985
  0.0258009    0.184615  0.00244707   0.0139642
 -0.0152236  0.00244707    0.197436 -0.00564972
  0.0302985   0.0139642 -0.00564972    0.316667
IMAGINARY
          0  0.00344828   0.0141762    0.020257
-0.00344828           0   -0.011738  0.00306513
 -0.0141762    0.011738           0   0.0111406
  -0.020257 -0.00306513  -0.0111406           0
Repeater1[0]<--->EndNode1[0]
REAL
   0.298851  -0.0115122 -0.00737256  0.00719793
 -0.0115122    0.191571  0.00146544  -0.0285185
-0.00737256  0.00146544    0.206897  0.00161118
 0.00719793  -0.0285185  0.00161118    0.302682
IMAGINARY
           0     0.017286   -0.0123866   -0.0153435
   -0.017286            0   0.00228871  -0.00481085
   0.0123866  -0.00228871            0 -8.85326e-05
   0.0153435   0.00481085  8.85326e-05            0
Repeater1[0]<--->HoM1[0]
REAL
   0.301282  -0.0152236   0.0258009   0.0302985
 -0.0152236    0.197436  0.00244707 -0.00564972
  0.0258009  0.00244707    0.184615   0.0139642
  0.0302985 -0.00564972   0.0139642    0.316667
IMAGINARY
          0   0.0141762  0.00344828    0.020257
 -0.0141762           0    0.011738   0.0111406
-0.00344828   -0.011738           0  0.00306513
  -0.020257  -0.0111406 -0.00306513           0
EndNode1[0]<--->Repeater1[0]
REAL
   0.300995  -0.0103255  -0.0112503  0.00574795
 -0.0103255     0.18408 0.000645911   0.0176442
 -0.0112503 0.000645911    0.186567 -0.00118345
 0.00574795   0.0176442 -0.00118345    0.328358
IMAGINARY
           0  -0.00995418  0.000352998   -0.0024756
  0.00995418            0    0.0137339  -0.00162851
-0.000352998   -0.0137339            0   -0.0142805
   0.0024756   0.00162851    0.0142805            0
EndNode2[0]<--->HoM1[0]
REAL
   0.296159   0.0115958 -0.00615471    0.014005
  0.0115958    0.193309   0.0263677   0.0055336
-0.00615471   0.0263677    0.172243  0.00765883
   0.014005   0.0055336  0.00765883     0.33829
IMAGINARY
           0   0.00872877  -0.00732377    0.0266695
 -0.00872877            0  0.000554893  -0.00366524
  0.00732377 -0.000554893            0    0.0256119
  -0.0266695   0.00366524   -0.0256119            0
Repeater1[0]<--->EndNode1[0]
REAL
   0.300995  -0.0112503  -0.0103255  0.00574795
 -0.0112503    0.186567 0.000645911 -0.00118345
 -0.0103255 0.000645911     0.18408   0.0176442
 0.00574795 -0.00118345   0.0176442    0.328358
IMAGINARY
           0  0.000352998  -0.00995418   -0.0024756
-0.000352998            0   -0.0137339   -0.0142805
  0.00995418    0.0137339            0  -0.00162851
   0.0024756    0.0142805   0.00162851            0
Repeater1[0]<--->HoM1[0]
REAL
   0.296159 -0.00615471   0.0115958    0.014005
-0.00615471    0.172243   0.0263677  0.00765883
  0.0115958   0.0263677    0.193309   0.0055336
   0.014005  0.00765883   0.0055336     0.33829
IMAGINARY
           0  -0.00732377   0.00872877    0.0266695
  0.00732377            0 -0.000554893    0.0256119
 -0.00872877  0.000554893            0  -0.00366524
  -0.0266695   -0.0256119   0.00366524            0
EndNode1[0]<--->Repeater1[0]
REAL
   0.338403 -0.00128822   0.0120427   0.0321475
-0.00128822    0.197719  -0.0155912  0.00186458
  0.0120427  -0.0155912     0.17744     0.01652
  0.0321475  0.00186458     0.01652    0.286439
IMAGINARY
          0  -0.0164377  0.00439698  0.00269441
  0.0164377           0   0.0114444  -0.0031407
-0.00439698  -0.0114444           0  -0.0099442
-0.00269441   0.0031407   0.0099442           0
EndNode2[0]<--->HoM1[0]
REAL
   0.298314   0.0144158  -0.0146795  0.00687965
  0.0144158    0.206226  0.00812035  0.00967949
 -0.0146795  0.00812035    0.184176 -0.00191583
 0.00687965  0.00967949 -0.00191583    0.311284
IMAGINARY
          0 -0.00127901  0.00436311  0.00161581
 0.00127901           0  0.00802606  0.00308106
-0.00436311 -0.00802606           0   0.0112046
-0.00161581 -0.00308106  -0.0112046           0
Repeater1[0]<--->EndNode1[0]
REAL
   0.338403   0.0120427 -0.00128822   0.0321475
  0.0120427     0.17744  -0.0155912     0.01652
-0.00128822  -0.0155912    0.197719  0.00186458
  0.0321475     0.01652  0.00186458    0.286439
IMAGINARY
          0  0.00439698  -0.0164377  0.00269441
-0.00439698           0  -0.0114444  -0.0099442
  0.0164377   0.0114444           0  -0.0031407
-0.00269441   0.0099442   0.0031407           0
Repeater1[0]<--->HoM1[0]
REAL
   0.298314  -0.0146795   0.0144158  0.00687965
 -0.0146795    0.184176  0.00812035 -0.00191583
  0.0144158  0.00812035    0.206226  0.00967949
 0.00687965 -0.00191583  0.00967949    0.311284
IMAGINARY
          0  0.00436311 -0.00127901  0.00161581
-0.00436311           0 -0.00802606   0.0112046
 0.00127901  0.00802606           0  0.00308106
-0.00161581  -0.0112046 -0.00308106           0
EndNode1[0]<--->Repeater1[0]
REAL
   0.337784  -0.0013639 -0.00338355 -0.00379063
 -0.0013639     0.18024  0.00177179 -0.00401887
-0.00338355  0.00177179    0.194927 -0.00200084
-0.00379063 -0.00401887 -0.00200084    0.287049
IMAGINARY
           0  -0.00261254   -0.0227399  0.000113318
  0.00261254            0  -0.00869984   -0.0087805
   0.0227399   0.00869984            0    0.0131193
-0.000113318    0.0087805   -0.0131193            0
EndNode2[0]<--->HoM1[0]
REAL
   0.288136  0.00569852   0.0107388   0.0224745
 0.00569852      0.2046 -0.00679072  -0.0088567
  0.0107388 -0.00679072    0.175545  0.00371177
  0.0224745  -0.0088567  0.00371177    0.331719
IMAGINARY
          0   0.0215611 -0.00843756 -0.00253769
 -0.0215611           0  0.00388904  0.00407891
 0.00843756 -0.00388904           0 -0.00973049
 0.00253769 -0.00407891  0.00973049           0
Repeater1[0]<--->EndNode1[0]
REAL
   0.337784 -0.00338355  -0.0013639 -0.00379063
-0.00338355    0.194927  0.00177179 -0.00200084
 -0.0013639  0.00177179     0.18024 -0.00401887
-0.00379063 -0.00200084 -0.00401887    0.287049
IMAGINARY
           0   -0.0227399  -0.00261254  0.000113318
   0.0227399            0   0.00869984    0.0131193
  0.00261254  -0.00869984            0   -0.0087805
-0.000113318   -0.0131193    0.0087805            0
Repeater1[0]<--->HoM1[0]
REAL
   0.288136   0.0107388  0.00569852   0.0224745
  0.0107388    0.175545 -0.00679072  0.00371177
 0.00569852 -0.00679072      0.2046  -0.0088567
  0.0224745  0.00371177  -0.0088567    0.331719
IMAGINARY
          0 -0.00843756   0.0215611 -0.00253769
 0.00843756           0 -0.00388904 -0.00973049
 -0.0215611  0.00388904           0  0.00407891
 0.00253769  0.00973049 -0.00407891           0
EndNode1[0]<--->Repeater1[0]
REAL
   0.275381   0.0131622  -0.0129088 -0.00541401
  0.0131622    0.211929 -0.00541401   0.0008069
 -0.0129088 -0.00541401     0.18401 -0.00360802
-0.00541401   0.0008069 -0.00360802     0.32868
IMAGINARY
          0   0.0175122  0.00245699   0.0133412
 -0.0175122           0 -0.00542559 -0.00513795
-0.00245699  0.00542559           0 -0.00812882
 -0.0133412  0.00513795  0.00812882           0
EndNode2[0]<--->HoM1[0]
REAL
   0.304183  -0.0205144  0.00647393   0.0304294
 -0.0205144    0.173638 -0.00519065  -0.0248914
 0.00647393 -0.00519065    0.215463  0.00482549
  0.0304294  -0.0248914  0.00482549    0.306717
IMAGINARY
          0  0.00831202  -0.0289436   0.0112817
-0.00831202           0 -0.00939014   0.0131125
  0.0289436  0.00939014           0 -0.00831202
 -0.0112817  -0.0131125  0.00831202           0
Repeater1[0]<--->EndNode1[0]
REAL
   0.275381  -0.0129088   0.0131622 -0.00541401
 -0.0129088     0.18401 -0.00541401 -0.00360802
  0.0131622 -0.00541401    0.211929   0.0008069
-0.00541401 -0.00360802   0.0008069     0.32868
IMAGINARY
          0  0.00245699   0.0175122   0.0133412
-0.00245699           0  0.00542559 -0.00812882
 -0.0175122 -0.00542559           0 -0.00513795
 -0.0133412  0.00812882  0.00513795           0
Repeater1[0]<--->HoM1[0]
REAL
   0.304183  0.00647393  -0.0205144   0.0304294
 0.00647393    0.215463 -0.00519065  0.00482549
 -0.0205144 -0.00519065    0.173638  -0.0248914
  0.0304294  0.00482549  -0.0248914    0.306717
IMAGINARY
          0  -0.0289436  0.00831202   0.0112817
  0.0289436           0  0.00939014 -0.00831202
-0.00831202 -0.00939014           0   0.0131125
 -0.0112817  0.00831202  -0.0131125           0
EndNode1[0]<--->Repeater1[0]
REAL
   0.295302  -0.0289302  -0.0145204  0.00816718
 -0.0289302    0.187919  -0.0152094   0.0113194
 -0.0145204  -0.0152094    0.198658 -0.00500069
 0.00816718   0.0113194 -0.00500069    0.318121
IMAGINARY
          0 -0.00163735  0.00198114 -0.00739491
 0.00163735           0   0.0040924  -0.0279552
-0.00198114  -0.0040924           0  0.00553345
 0.00739491   0.0279552 -0.00553345           0
EndNode2[0]<--->HoM1[0]
REAL
    0.33209 0.000345925  -0.0161632    0.030098
0.000345925    0.199005  -0.0045687 0.000596576
 -0.0161632  -0.0045687     0.16791 -0.00470458
   0.030098 0.000596576 -0.00470458    0.300995
IMAGINARY
          0 -0.00542105  0.00456522  -0.0147411
 0.00542105           0  0.00780537   0.0154348
-0.00456522 -0.00780537           0  -0.0185789
  0.0147411  -0.0154348   0.0185789           0
Repeater1[0]<--->EndNode1[0]
REAL
   0.295302  -0.0145204  -0.0289302  0.00816718
 -0.0145204    0.198658  -0.0152094 -0.00500069
 -0.0289302  -0.0152094    0.187919   0.0113194
 0.00816718 -0.00500069   0.0113194    0.318121
IMAGINARY
          0  0.00198114 -0.00163735 -0.00739491
-0.00198114           0  -0.0040924  0.00553345
 0.00163735   0.0040924           0  -0.0279552
 0.00739491 -0.00553345   0.0279552           0
Repeater1[0]<--->HoM1[0]
REAL
    0.33209  -0.0161632 0.000345925    0.030098
 -0.0161632     0.16791  -0.0045687 -0.00470458
0.000345925  -0.0045687    0.199005 0.000596576
   0.030098 -0.00470458 0.000596576    0.300995
IMAGINARY
          0  0.00456522 -0.00542105  -0.0147411
-0.00456522           0 -0.00780537  -0.0185789
 0.00542105  0.00780537           0   0.0154348
  0.0147411   0.0185789  -0.0154348           0
EndNode1[0]<--->Repeater1[0]
REAL
    0.296743   0.00195688  -0.00229466    0.0261989
  0.00195688     0.183353 -0.000932913   -0.0189819
 -0.00229466 -0.000932913     0.214717 -0.000627096
   0.0261989   -0.0189819 -0.000627096     0.305187
IMAGINARY
          0  -0.0201514  0.00149408 -0.00649109
  0.0201514           0  -0.0142032   -0.010538
-0.00149408   0.0142032           0  0.00335556
 0.00649109    0.010538 -0.00335556           0
EndNode2[0]<--->HoM1[0]
REAL
   0.318121    0.024231    0.024896 -0.00789721
   0.024231    0.193289 -0.00594154 -0.00504036
   0.024896 -0.00594154    0.186577  -0.0079855
-0.00789721 -0.00504036  -0.0079855    0.302013
IMAGINARY
           0   0.00402781   -0.0137412   -0.0216219
 -0.00402781            0  -0.00231429  -0.00385981
   0.0137412   0.00231429            0 -0.000768355
   0.0216219   0.00385981  0.000768355            0
Repeater1[0]<--->EndNode1[0]
REAL
    0.296743  -0.00229466   0.00195688    0.0261989
 -0.00229466     0.214717 -0.000932913 -0.000627096
  0.00195688 -0.000932913     0.183353   -0.0189819
   0.0261989 -0.000627096   -0.0189819     0.305187
IMAGINARY
          0  0.00149408  -0.0201514 -0.00649109
-0.00149408           0   0.0142032  0.00335556
  0.0201514  -0.0142032           0   -0.010538
 0.00649109 -0.00335556    0.010538           0
Repeater1[0]<--->HoM1[0]
REAL
   0.318121    0.024896    0.024231 -0.00789721
   0.024896    0.186577 -0.00594154  -0.0079855
   0.024231 -0.00594154    0.193289 -0.00504036
-0.00789721  -0.0079855 -0.00504036    0.302013
IMAGINARY
           0   -0.0137412   0.00402781   -0.0216219
   0.0137412            0   0.00231429 -0.000768355
 -0.00402781  -0.00231429            0  -0.00385981
   0.0216219  0.000768355   0.00385981            0
EndNode1[0]<--->Repeater1[0]
REAL
    0.315303 -0.000318401    0.0137857    0.0125508
-0.000318401     0.168865  -0.00672937    0.0036787
   0.0137857  -0.00672937      0.21504   0.00743354
   0.0125508    0.0036787   0.00743354     0.300792
IMAGINARY
          0  -0.0155042   0.0207367  -0.0313742
  0.0155042           0  0.00637417  -0.0014565
 -0.0207367 -0.00637417           0   0.0116481
  0.0313742   0.0014565  -0.0116481           0
EndNode2[0]<--->HoM1[0]
REAL
   0.313433 -0.00685013 0.000134138   0.0359634
-0.00685013    0.195274  -0.0154878  -0.0140047
0.000134138  -0.0154878    0.182836  0.00486862
  0.0359634  -0.0140047  0.00486862    0.308458
IMAGINARY
          0 -0.00398102  0.00461741  0.00418032
 0.00398102           0   0.0130187  0.00461741
-0.00461741  -0.0130187           0  -0.0184464
-0.00418032 -0.00461741   0.0184464           0
Repeater1[0]<--->EndNode1[0]
REAL
    0.315303    0.0137857 -0.000318401    0.0125508
   0.0137857      0.21504  -0.00672937   0.00743354
-0.000318401  -0.00672937     0.168865    0.0036787
   0.0125508   0.00743354    0.0036787     0.300792
IMAGINARY
          0   0.0207367  -0.0155042  -0.0313742
 -0.0207367           0 -0.00637417   0.0116481
  0.0155042  0.00637417           0  -0.0014565
  0.0313742  -0.0116481   0.0014565           0
Repeater1[0]<--->HoM1[0]
REAL
   0.313433 0.000134138 -0.00685013   0.0359634
0.000134138    0.182836  -0.0154878  0.00486862
-0.00685013  -0.0154878    0.195274  -0.0140047
  0.0359634  0.00486862  -0.0140047    0.308458
IMAGINARY
          0  0.00461741 -0.00398102  0.00418032
-0.00461741           0  -0.0130187  -0.0184464
 0.00398102   0.0130187           0  0.00461741
-0.00418032   0.0184464 -0.00461741           0
EndNode1[0]<--->Repeater1[0]
REAL
  0.316206 0.00551768  0.0184927  0.0154942
0.00551768   0.201581 0.00819005 -0.0171769
 0.0184927 0.00819005   0.191041  0.0142192
 0.0154942 -0.0171769  0.0142192   0.291173
IMAGINARY
          0   0.0117126   0.0128815  0.00754257
 -0.0117126           0  0.00446754 -0.00292131
 -0.0128815 -0.00446754           0  -0.0283128
-0.00754257  0.00292131   0.0283128           0
EndNode2[0]<--->HoM1[0]
REAL
   0.316186   0.0150221 0.000966023   0.0112459
  0.0150221    0.183187  0.00454353  -0.0167555
0.000966023  0.00454353    0.190715  -0.0176536
  0.0112459  -0.0167555  -0.0176536    0.309912
IMAGINARY
          0  -0.0127346 -0.00217426  0.00288707
  0.0127346           0 -0.00686585  0.00351474
 0.00217426  0.00686585           0  -0.0127346
-0.00288707 -0.00351474   0.0127346           0
Repeater1[0]<--->EndNode1[0]
REAL
  0.316206  0.0184927 0.00551768  0.0154942
 0.0184927   0.191041 0.00819005  0.0142192
0.00551768 0.00819005   0.201581 -0.0171769
 0.0154942  0.0142192 -0.0171769   0.291173
IMAGINARY
          0   0.0128815   0.0117126  0.00754257
 -0.0128815           0 -0.00446754  -0.0283128
 -0.0117126  0.00446754           0 -0.00292131
-0.00754257   0.0283128  0.00292131           0
Repeater1[0]<--->HoM1[0]
REAL
   0.316186 0.000966023   0.0150221   0.0112459
0.000966023    0.190715  0.00454353  -0.0176536
  0.0150221  0.00454353    0.183187  -0.0167555
  0.0112459  -0.0176536  -0.0167555    0.309912
IMAGINARY
          0 -0.00217426  -0.0127346  0.00288707
 0.00217426           0  0.00686585  -0.0127346
  0.0127346 -0.00686585           0  0.00351474
-0.00288707   0.0127346 -0.00351474           0
EndNode1[0]<--->Repeater1[0]
REAL
   0.308376  -0.0161863   0.0065777   0.0148693
 -0.0161863    0.194162 -0.00980602  -0.0179701
  0.0065777 -0.00980602    0.199239  0.00859135
  0.0148693  -0.0179701  0.00859135    0.298223
IMAGINARY
          0   0.0123085  0.00298013  0.00530886
 -0.0123085           0   0.0167592 -0.00298013
-0.00298013  -0.0167592           0  -0.0226981
-0.00530886  0.00298013   0.0226981           0
EndNode2[0]<--->HoM1[0]
REAL
    0.298387  -0.00814997    0.0167565    0.0202901
 -0.00814997     0.194892 -0.000890876   -0.0111245
   0.0167565 -0.000890876     0.201613    0.0187883
   0.0202901   -0.0111245    0.0187883     0.305108
IMAGINARY
           0    0.0191941   0.00439728   -0.0123393
  -0.0191941            0 -0.000144226   -0.0204435
 -0.00439728  0.000144226            0   0.00327057
   0.0123393    0.0204435  -0.00327057            0
Repeater1[0]<--->EndNode1[0]
REAL
   0.308376   0.0065777  -0.0161863   0.0148693
  0.0065777    0.199239 -0.00980602  0.00859135
 -0.0161863 -0.00980602    0.194162  -0.0179701
  0.0148693  0.00859135  -0.0179701    0.298223
IMAGINARY
          0  0.00298013   0.0123085  0.00530886
-0.00298013           0  -0.0167592  -0.0226981
 -0.0123085   0.0167592           0 -0.00298013
-0.00530886   0.0226981  0.00298013           0
Repeater1[0]<--->HoM1[0]
REAL
    0.298387    0.0167565  -0.00814997    0.0202901
   0.0167565     0.201613 -0.000890876    0.0187883
 -0.00814997 -0.000890876     0.194892   -0.0111245
   0.0202901    0.0187883   -0.0111245     0.305108
IMAGINARY
           0   0.00439728    0.0191941   -0.0123393
 -0.00439728            0  0.000144226   0.00327057
  -0.0191941 -0.000144226            0   -0.0204435
   0.0123393  -0.00327057    0.0204435            0
EndNode1[0]<--->Repeater1[0]
REAL
  0.301813 -0.0126618 -0.0122708  -0.012585
-0.0126618   0.177461   0.012585 0.00587691
-0.0122708   0.012585   0.180052 0.00754676
 -0.012585 0.00587691 0.00754676   0.340674
IMAGINARY
          0  0.00987061    0.012723  0.00221955
-0.00987061           0  -0.0175257   0.0219709
  -0.012723   0.0175257           0 -0.00646925
-0.00221955  -0.0219709  0.00646925           0
EndNode2[0]<--->HoM1[0]
REAL
   0.308244  0.00928585  -0.0209637   0.0175827
 0.00928585    0.175627  -0.0149987 -0.00487614
 -0.0209637  -0.0149987    0.198327   0.0152619
  0.0175827 -0.00487614   0.0152619    0.317802
IMAGINARY
           0   0.00880034 -0.000182228      0.02434
 -0.00880034            0   0.00621918   -0.0048303
 0.000182228  -0.00621918            0  -0.00253467
    -0.02434    0.0048303   0.00253467            0
Repeater1[0]<--->EndNode1[0]
REAL
  0.301813 -0.0122708 -0.0126618  -0.012585
-0.0122708   0.180052   0.012585 0.00754676
-0.0126618   0.012585   0.177461 0.00587691
 -0.012585 0.00754676 0.00587691   0.340674
IMAGINARY
          0    0.012723  0.00987061  0.00221955
  -0.012723           0   0.0175257 -0.00646925
-0.00987061  -0.0175257           0   0.0219709
-0.00221955  0.00646925  -0.0219709           0
Repeater1[0]<--->HoM1[0]
REAL
   0.308244  -0.0209637  0.00928585   0.0175827
 -0.0209637    0.198327  -0.0149987   0.0152619
 0.00928585  -0.0149987    0.175627 -0.00487614
  0.0175827   0.0152619 -0.00487614    0.317802
IMAGINARY
           0 -0.000182228   0.00880034      0.02434
 0.000182228            0  -0.00621918  -0.00253467
 -0.00880034   0.00621918            0   -0.0048303
    -0.02434   0.00253467    0.0048303            0
EndNode1[0]<--->Repeater1[0]
REAL
     0.28839 -0.000823507   0.00330769   0.00347521
-0.000823507     0.186017    0.0106274  -0.00202564
  0.00330769    0.0106274     0.191011    0.0162081
  0.00347521  -0.00202564    0.0162081     0.334582
IMAGINARY
          0   0.0121517 -0.00193812  0.00264434
 -0.0121517           0  -0.0157333   0.0103907
 0.00193812   0.0157333           0  0.00020201
-0.00264434  -0.0103907 -0.00020201           0
EndNode2[0]<--->HoM1[0]
REAL
   0.266078  -0.0107667 -0.00280199   0.0109296
 -0.0107667    0.199243 -0.00209122  0.00280199
-0.00280199 -0.00209122    0.191677   0.0246556
  0.0109296  0.00280199   0.0246556    0.343001
IMAGINARY
           0  -0.00734326    0.0224571   0.00303967
  0.00734326            0   -0.0109552    0.0205116
  -0.0224571    0.0109552            0  0.000832842
 -0.00303967   -0.0205116 -0.000832842            0
Repeater1[0]<--->EndNode1[0]
REAL
     0.28839   0.00330769 -0.000823507   0.00347521
  0.00330769     0.191011    0.0106274    0.0162081
-0.000823507    0.0106274     0.186017  -0.00202564
  0.00347521    0.0162081  -0.00202564     0.334582
IMAGINARY
          0 -0.00193812   0.0121517  0.00264434
 0.00193812           0   0.0157333  0.00020201
 -0.0121517  -0.0157333           0   0.0103907
-0.00264434 -0.00020201  -0.0103907           0
Repeater1[0]<--->HoM1[0]
REAL
   0.266078 -0.00280199  -0.0107667   0.0109296
-0.00280199    0.191677 -0.00209122   0.0246556
 -0.0107667 -0.00209122    0.199243  0.00280199
  0.0109296   0.0246556  0.00280199    0.343001
IMAGINARY
           0    0.0224571  -0.00734326   0.00303967
  -0.0224571            0    0.0109552  0.000832842
  0.00734326   -0.0109552            0    0.0205116
 -0.00303967 -0.000832842   -0.0205116            0
EndNode1[0]<--->Repeater1[0]
REAL
   0.291829  0.00289094  0.00431869   0.0144345
 0.00289094    0.214008 -0.00439906 -0.00254773
 0.00431869 -0.00439906    0.189364   0.0165896
  0.0144345 -0.00254773   0.0165896    0.304799
IMAGINARY
          0   -0.011235   0.0131533   0.0107102
   0.011235           0   0.0184621   0.0251213
 -0.0131533  -0.0184621           0 -0.00273827
 -0.0107102  -0.0251213  0.00273827           0
EndNode2[0]<--->HoM1[0]
REAL
    0.29776     0.01184  -0.0084655   0.0376546
    0.01184    0.221344  -0.0128504 -0.00589481
 -0.0084655  -0.0128504    0.185771   0.0234081
  0.0376546 -0.00589481   0.0234081    0.295125
IMAGINARY
         0 -0.0214906 -0.0237683 -0.0304755
 0.0214906          0  0.0154428  0.0174551
 0.0237683 -0.0154428          0 -0.0227013
 0.0304755 -0.0174551  0.0227013          0
Repeater1[0]<--->EndNode1[0]
REAL
   0.291829  0.00431869  0.00289094   0.0144345
 0.00431869    0.189364 -0.00439906   0.0165896
 0.00289094 -0.00439906    0.214008 -0.00254773
  0.0144345   0.0165896 -0.00254773    0.304799
IMAGINARY
          0   0.0131533   -0.011235   0.0107102
 -0.0131533           0  -0.0184621 -0.00273827
   0.011235   0.0184621           0   0.0251213
 -0.0107102  0.00273827  -0.0251213           0
Repeater1[0]<--->HoM1[0]
REAL
    0.29776  -0.0084655     0.01184   0.0376546
 -0.0084655    0.185771  -0.0128504   0.0234081
    0.01184  -0.0128504    0.221344 -0.00589481
  0.0376546   0.0234081 -0.00589481    0.295125
IMAGINARY
         0 -0.0237683 -0.0214906 -0.0304755
 0.0237683          0 -0.0154428 -0.0227013
 0.0214906  0.0154428          0  0.0174551
 0.0304755  0.0227013 -0.0174551          0
EndNode1[0]<--->Repeater1[0]
REAL
    0.329427  -0.00326618     -0.00286   0.00893251
 -0.00326618     0.184896   0.00297225   0.00550551
    -0.00286   0.00297225     0.166667 -0.000702076
  0.00893251   0.00550551 -0.000702076      0.31901
IMAGINARY
          0  0.00113256 -0.00363713  0.00158088
-0.00113256           0  -0.0278309  0.00429938
 0.00363713   0.0278309           0 -0.00576832
-0.00158088 -0.00429938  0.00576832           0
