EndNode1[0]<--->Repeater1[0]
REAL
   0.408216   0.0165811  0.00789345    0.371225
  0.0165811   0.0526316   0.0272715  0.00213161
 0.00789345   0.0272715   0.0680359 -0.00780916
   0.371225  0.00213161 -0.00780916    0.471117
IMAGINARY
          0 -0.00132851   0.0201271 -0.00524934
 0.00132851           0  0.00524934  -0.0194769
 -0.0201271 -0.00524934           0  0.00587988
 0.00524934   0.0194769 -0.00587988           0
EndNode2[0]<--->HoM1[0]
REAL
      0.4311   0.00887997   0.00680625     0.371427
  0.00887997     0.068268    0.0316832   0.00276313
  0.00680625    0.0316832    0.0480405 -0.000506764
    0.371427   0.00276313 -0.000506764     0.452592
IMAGINARY
          0   0.0124903  0.00612996   0.0145583
 -0.0124903           0  0.00770895   0.0131008
-0.00612996 -0.00770895           0   -0.030439
 -0.0145583  -0.0131008    0.030439           0
Repeater1[0]<--->EndNode1[0]
REAL
   0.408216  0.00789345   0.0165811    0.371225
 0.00789345   0.0680359   0.0272715 -0.00780916
  0.0165811   0.0272715   0.0526316  0.00213161
   0.371225 -0.00780916  0.00213161    0.471117
IMAGINARY
          0   0.0201271 -0.00132851 -0.00524934
 -0.0201271           0 -0.00524934  0.00587988
 0.00132851  0.00524934           0  -0.0194769
 0.00524934 -0.00587988   0.0194769           0
Repeater1[0]<--->HoM1[0]
REAL
      0.4311   0.00680625   0.00887997     0.371427
  0.00680625    0.0480405    0.0316832 -0.000506764
  0.00887997    0.0316832     0.068268   0.00276313
    0.371427 -0.000506764   0.00276313     0.452592
IMAGINARY
          0  0.00612996   0.0124903   0.0145583
-0.00612996           0 -0.00770895   -0.030439
 -0.0124903  0.00770895           0   0.0131008
 -0.0145583    0.030439  -0.0131008           0
EndNode1[0]<--->Repeater1[0]
REAL
  0.437746 0.00481388  0.0163388   0.377858
0.00481388  0.0563565  0.0458163  0.0101812
 0.0163388  0.0458163  0.0589777  0.0100632
  0.377858  0.0101812  0.0100632    0.44692
IMAGINARY
           0  -0.00480761   -0.0192345   0.00981347
  0.00480761            0  -0.00579202   0.00889854
   0.0192345   0.00579202            0 -0.000360345
 -0.00981347  -0.00889854  0.000360345            0
EndNode2[0]<--->HoM1[0]
REAL
    0.435931   0.00850166 -0.000481124     0.387055
  0.00850166    0.0568032    0.0183678   0.00741681
-0.000481124    0.0183678    0.0594452  -0.00787114
    0.387055   0.00741681  -0.00787114      0.44782
IMAGINARY
          0    -0.01403  0.00470398  -0.0103357
    0.01403           0   0.0117324  0.00665965
-0.00470398  -0.0117324           0   0.0127674
  0.0103357 -0.00665965  -0.0127674           0
Repeater1[0]<--->EndNode1[0]
REAL
  0.437746  0.0163388 0.00481388   0.377858
 0.0163388  0.0589777  0.0458163  0.0100632
0.00481388  0.0458163  0.0563565  0.0101812
  0.377858  0.0100632  0.0101812    0.44692
IMAGINARY
           0   -0.0192345  -0.00480761   0.00981347
   0.0192345            0   0.00579202 -0.000360345
  0.00480761  -0.00579202            0   0.00889854
 -0.00981347  0.000360345  -0.00889854            0
Repeater1[0]<--->HoM1[0]
REAL
    0.435931 -0.000481124   0.00850166     0.387055
-0.000481124    0.0594452    0.0183678  -0.00787114
  0.00850166    0.0183678    0.0568032   0.00741681
    0.387055  -0.00787114   0.00741681      0.44782
IMAGINARY
          0  0.00470398    -0.01403  -0.0103357
-0.00470398           0  -0.0117324   0.0127674
    0.01403   0.0117324           0  0.00665965
  0.0103357  -0.0127674 -0.00665965           0
EndNode1[0]<--->Repeater1[0]
REAL
   0.459038   0.0105982   0.0286533    0.382525
  0.0105982   0.0416125   0.0288356  -0.0055572
  0.0286533   0.0288356   0.0650195 -0.00622869
   0.382525  -0.0055572 -0.00622869     0.43433
IMAGINARY
           0   -0.0131181    0.0155897   -0.0232917
   0.0131181            0   0.00510988   0.00858333
  -0.0155897  -0.00510988            0  0.000395434
   0.0232917  -0.00858333 -0.000395434            0
EndNode2[0]<--->HoM1[0]
REAL
   0.459158   -0.017531   0.0045214    0.381238
  -0.017531   0.0433168   0.0325966 -0.00816218
  0.0045214   0.0325966   0.0594059 -0.00188646
   0.381238 -0.00816218 -0.00188646    0.438119
IMAGINARY
          0  0.00212778   0.0299447   0.0141496
-0.00212778           0   0.0128774 -0.00601193
 -0.0299447  -0.0128774           0  -0.0170049
 -0.0141496  0.00601193   0.0170049           0
Repeater1[0]<--->EndNode1[0]
REAL
   0.459038   0.0286533   0.0105982    0.382525
  0.0286533   0.0650195   0.0288356 -0.00622869
  0.0105982   0.0288356   0.0416125  -0.0055572
   0.382525 -0.00622869  -0.0055572     0.43433
IMAGINARY
           0    0.0155897   -0.0131181   -0.0232917
  -0.0155897            0  -0.00510988  0.000395434
   0.0131181   0.00510988            0   0.00858333
   0.0232917 -0.000395434  -0.00858333            0
Repeater1[0]<--->HoM1[0]
REAL
   0.459158   0.0045214   -0.017531    0.381238
  0.0045214   0.0594059   0.0325966 -0.00188646
  -0.017531   0.0325966   0.0433168 -0.00816218
   0.381238 -0.00188646 -0.00816218    0.438119
IMAGINARY
          0   0.0299447  0.00212778   0.0141496
 -0.0299447           0  -0.0128774  -0.0170049
-0.00212778   0.0128774           0 -0.00601193
 -0.0141496   0.0170049  0.00601193           0
EndNode1[0]<--->Repeater1[0]
REAL
   0.45466  0.0468973  0.0222711     0.4105
 0.0468973  0.0516373  0.0100959  0.0248753
 0.0222711  0.0100959  0.0680101 -0.0121578
    0.4105  0.0248753 -0.0121578   0.425693
IMAGINARY
           0 -0.000137319  -0.00118731   -0.0254263
 0.000137319            0    0.0273769    0.0112815
  0.00118731   -0.0273769            0  -0.00457331
   0.0254263   -0.0112815   0.00457331            0
EndNode2[0]<--->HoM1[0]
REAL
   0.447861   0.0101198  0.00803964    0.374257
  0.0101198    0.052139   0.0464589 -0.00676087
 0.00803964   0.0464589   0.0494652 -0.00116839
   0.374257 -0.00676087 -0.00116839    0.450535
IMAGINARY
          0 -0.00885084 -0.00774956 -0.00289571
 0.00885084           0 -0.00673202  0.00590454
 0.00774956  0.00673202           0   0.0156159
 0.00289571 -0.00590454  -0.0156159           0
Repeater1[0]<--->EndNode1[0]
REAL
   0.45466  0.0222711  0.0468973     0.4105
 0.0222711  0.0680101  0.0100959 -0.0121578
 0.0468973  0.0100959  0.0516373  0.0248753
    0.4105 -0.0121578  0.0248753   0.425693
IMAGINARY
           0  -0.00118731 -0.000137319   -0.0254263
  0.00118731            0   -0.0273769  -0.00457331
 0.000137319    0.0273769            0    0.0112815
   0.0254263   0.00457331   -0.0112815            0
Repeater1[0]<--->HoM1[0]
REAL
   0.447861  0.00803964   0.0101198    0.374257
 0.00803964   0.0494652   0.0464589 -0.00116839
  0.0101198   0.0464589    0.052139 -0.00676087
   0.374257 -0.00116839 -0.00676087    0.450535
IMAGINARY
          0 -0.00774956 -0.00885084 -0.00289571
 0.00774956           0  0.00673202   0.0156159
 0.00885084 -0.00673202           0  0.00590454
 0.00289571  -0.0156159 -0.00590454           0
EndNode1[0]<--->Repeater1[0]
REAL
   0.433424 -0.00471408  -0.0109307    0.390389
-0.00471408   0.0652174   0.0224896  0.00335498
 -0.0109307   0.0224896   0.0502717 -0.00664956
   0.390389  0.00335498 -0.00664956    0.451087
IMAGINARY
          0  -0.0248326   0.0111309  -0.0141334
  0.0248326           0  -0.0264791   0.0357647
 -0.0111309   0.0264791           0 -0.00356896
  0.0141334  -0.0357647  0.00356896           0
EndNode2[0]<--->HoM1[0]
REAL
   0.443137 -0.00803558 -0.00395384    0.378592
-0.00803558   0.0588235   0.0320515 -0.00458755
-0.00395384   0.0320515   0.0562092  0.00475043
   0.378592 -0.00458755  0.00475043     0.44183
IMAGINARY
           0  0.000635997   -0.0147981   -0.0134155
-0.000635997            0   0.00263386    0.0141692
   0.0147981  -0.00263386            0   0.00250866
   0.0134155   -0.0141692  -0.00250866            0
Repeater1[0]<--->EndNode1[0]
REAL
   0.433424  -0.0109307 -0.00471408    0.390389
 -0.0109307   0.0502717   0.0224896 -0.00664956
-0.00471408   0.0224896   0.0652174  0.00335498
   0.390389 -0.00664956  0.00335498    0.451087
IMAGINARY
          0   0.0111309  -0.0248326  -0.0141334
 -0.0111309           0   0.0264791 -0.00356896
  0.0248326  -0.0264791           0   0.0357647
  0.0141334  0.00356896  -0.0357647           0
Repeater1[0]<--->HoM1[0]
REAL
   0.443137 -0.00395384 -0.00803558    0.378592
-0.00395384   0.0562092   0.0320515  0.00475043
-0.00803558   0.0320515   0.0588235 -0.00458755
   0.378592  0.00475043 -0.00458755     0.44183
IMAGINARY
           0   -0.0147981  0.000635997   -0.0134155
   0.0147981            0  -0.00263386   0.00250866
-0.000635997   0.00263386            0    0.0141692
   0.0134155  -0.00250866   -0.0141692            0
EndNode1[0]<--->Repeater1[0]
REAL
  0.447945 -0.0117386 -0.0178752   0.381943
-0.0117386  0.0575342  0.0275982 0.00114656
-0.0178752  0.0275982  0.0575342 -0.0136641
  0.381943 0.00114656 -0.0136641   0.436986
IMAGINARY
          0   0.0140403  0.00648226   0.0167015
 -0.0140403           0    0.010969 -0.00831825
-0.00648226   -0.010969           0 -0.00363643
 -0.0167015  0.00831825  0.00363643           0
EndNode2[0]<--->HoM1[0]
REAL
    0.4266  0.0190308 0.00893048   0.379134
 0.0190308   0.055207  0.0317443  0.0205584
0.00893048  0.0317443  0.0652447  0.0078368
  0.379134  0.0205584  0.0078368   0.452949
IMAGINARY
           0  -0.00470242   -0.0043419    0.0101104
  0.00470242            0  1.61848e-05   0.00634993
   0.0043419 -1.61848e-05            0  -0.00533774
  -0.0101104  -0.00634993   0.00533774            0
Repeater1[0]<--->EndNode1[0]
REAL
  0.447945 -0.0178752 -0.0117386   0.381943
-0.0178752  0.0575342  0.0275982 -0.0136641
-0.0117386  0.0275982  0.0575342 0.00114656
  0.381943 -0.0136641 0.00114656   0.436986
IMAGINARY
          0  0.00648226   0.0140403   0.0167015
-0.00648226           0   -0.010969 -0.00363643
 -0.0140403    0.010969           0 -0.00831825
 -0.0167015  0.00363643  0.00831825           0
Repeater1[0]<--->HoM1[0]
REAL
    0.4266 0.00893048  0.0190308   0.379134
0.00893048  0.0652447  0.0317443  0.0078368
 0.0190308  0.0317443   0.055207  0.0205584
  0.379134  0.0078368  0.0205584   0.452949
IMAGINARY
           0   -0.0043419  -0.00470242    0.0101104
   0.0043419            0 -1.61848e-05  -0.00533774
  0.00470242  1.61848e-05            0   0.00634993
  -0.0101104   0.00533774  -0.00634993            0
EndNode1[0]<--->Repeater1[0]
REAL
  0.426877 -0.0117956  0.0011611   0.372984
-0.0117956  0.0527009  0.0339341 -0.0219158
 0.0011611  0.0339341  0.0671937 -0.0165063
  0.372984 -0.0219158 -0.0165063   0.453228
IMAGINARY
          0  0.00923483   0.0137732  -0.0158459
-0.00923483           0  0.00257156   0.0284431
 -0.0137732 -0.00257156           0  -0.0356201
  0.0158459  -0.0284431   0.0356201           0
EndNode2[0]<--->HoM1[0]
REAL
   0.438702 -0.00511015 -0.00923199     0.39156
-0.00511015   0.0637019   0.0393862  0.00539567
-0.00923199   0.0393862   0.0564904 -0.00639881
    0.39156  0.00539567 -0.00639881    0.441106
IMAGINARY
          0   0.0164689  -0.0115257 -0.00499145
 -0.0164689           0  0.00294506  -0.0102134
  0.0115257 -0.00294506           0   0.0114814
 0.00499145   0.0102134  -0.0114814           0
Repeater1[0]<--->EndNode1[0]
REAL
  0.426877  0.0011611 -0.0117956   0.372984
 0.0011611  0.0671937  0.0339341 -0.0165063
-0.0117956  0.0339341  0.0527009 -0.0219158
  0.372984 -0.0165063 -0.0219158   0.453228
IMAGINARY
          0   0.0137732  0.00923483  -0.0158459
 -0.0137732           0 -0.00257156  -0.0356201
-0.00923483  0.00257156           0   0.0284431
  0.0158459   0.0356201  -0.0284431           0
Repeater1[0]<--->HoM1[0]
REAL
   0.438702 -0.00923199 -0.00511015     0.39156
-0.00923199   0.0564904   0.0393862 -0.00639881
-0.00511015   0.0393862   0.0637019  0.00539567
    0.39156 -0.00639881  0.00539567    0.441106
IMAGINARY
          0  -0.0115257   0.0164689 -0.00499145
  0.0115257           0 -0.00294506   0.0114814
 -0.0164689  0.00294506           0  -0.0102134
 0.00499145  -0.0114814   0.0102134           0
EndNode1[0]<--->Repeater1[0]
REAL
  0.474471 0.00175422 -0.0074878   0.364612
0.00175422  0.0560399  0.0334599 0.00335557
-0.0074878  0.0334599  0.0498132  0.0161521
  0.364612 0.00335557  0.0161521   0.419676
IMAGINARY
          0  -0.0160237   0.0203778  -0.0003635
  0.0160237           0 -0.00918304 -0.00990655
 -0.0203778  0.00918304           0    0.012097
  0.0003635  0.00990655   -0.012097           0
EndNode2[0]<--->HoM1[0]
REAL
   0.459288 -0.00559527  -0.0180515    0.393272
-0.00559527   0.0585242   0.0341168  0.00467574
 -0.0180515   0.0341168   0.0483461  0.00113667
   0.393272  0.00467574  0.00113667    0.433842
IMAGINARY
          0  0.00639175  -0.0299782 -0.00193424
-0.00639175           0  -0.0246615  -0.0154763
  0.0299782   0.0246615           0   0.0211371
 0.00193424   0.0154763  -0.0211371           0
Repeater1[0]<--->EndNode1[0]
REAL
  0.474471 -0.0074878 0.00175422   0.364612
-0.0074878  0.0498132  0.0334599  0.0161521
0.00175422  0.0334599  0.0560399 0.00335557
  0.364612  0.0161521 0.00335557   0.419676
IMAGINARY
          0   0.0203778  -0.0160237  -0.0003635
 -0.0203778           0  0.00918304    0.012097
  0.0160237 -0.00918304           0 -0.00990655
  0.0003635   -0.012097  0.00990655           0
Repeater1[0]<--->HoM1[0]
REAL
   0.459288  -0.0180515 -0.00559527    0.393272
 -0.0180515   0.0483461   0.0341168  0.00113667
-0.00559527   0.0341168   0.0585242  0.00467574
   0.393272  0.00113667  0.00467574    0.433842
IMAGINARY
          0  -0.0299782  0.00639175 -0.00193424
  0.0299782           0   0.0246615   0.0211371
-0.00639175  -0.0246615           0  -0.0154763
 0.00193424  -0.0211371   0.0154763           0
EndNode1[0]<--->Repeater1[0]
REAL
  0.442748 0.00872261  0.0118847   0.377749
0.00872261  0.0572519  0.0297806 0.00859088
 0.0118847  0.0297806  0.0636132 0.00118492
  0.377749 0.00859088 0.00118492   0.436387
IMAGINARY
          0    0.017226  -0.0171977  -0.0106178
  -0.017226           0   0.0106178 -0.00835931
  0.0171977  -0.0106178           0 -0.00215388
  0.0106178  0.00835931  0.00215388           0
EndNode2[0]<--->HoM1[0]
REAL
   0.413245   0.0122898 -0.00751691     0.37335
  0.0122898   0.0582781   0.0307233 -0.00233854
-0.00751691   0.0307233   0.0463576  -0.0287155
    0.37335 -0.00233854  -0.0287155    0.482119
IMAGINARY
          0 -0.00168919   0.0039892   0.0181566
 0.00168919           0   0.0135573   0.0152177
 -0.0039892  -0.0135573           0  -0.0212352
 -0.0181566  -0.0152177   0.0212352           0
Repeater1[0]<--->EndNode1[0]
REAL
  0.442748  0.0118847 0.00872261   0.377749
 0.0118847  0.0636132  0.0297806 0.00118492
0.00872261  0.0297806  0.0572519 0.00859088
  0.377749 0.00118492 0.00859088   0.436387
IMAGINARY
          0  -0.0171977    0.017226  -0.0106178
  0.0171977           0  -0.0106178 -0.00215388
  -0.017226   0.0106178           0 -0.00835931
  0.0106178  0.00215388  0.00835931           0
Repeater1[0]<--->HoM1[0]
REAL
   0.413245 -0.00751691   0.0122898     0.37335
-0.00751691   0.0463576   0.0307233  -0.0287155
  0.0122898   0.0307233   0.0582781 -0.00233854
    0.37335  -0.0287155 -0.00233854    0.482119
IMAGINARY
          0   0.0039892 -0.00168919   0.0181566
 -0.0039892           0  -0.0135573  -0.0212352
 0.00168919   0.0135573           0   0.0152177
 -0.0181566   0.0212352  -0.0152177           0
EndNode1[0]<--->Repeater1[0]
REAL
  0.441919 0.00835789 0.00679548   0.376657
0.00835789  0.0669192  0.0272843 -0.0104901
0.00679548  0.0272843  0.0580808 0.00272585
  0.376657 -0.0104901 0.00272585   0.433081
IMAGINARY
          0 -0.00388037  0.00327773 -0.00680802
 0.00388037           0  -0.0180962   -0.013738
-0.00327773   0.0180962           0   -0.010764
 0.00680802    0.013738    0.010764           0
EndNode2[0]<--->HoM1[0]
REAL
   0.470968  -0.0128183   0.0172333    0.382649
 -0.0128183   0.0567742   0.0237682 -0.00921194
  0.0172333   0.0237682   0.0451613  0.00479689
   0.382649 -0.00921194  0.00479689    0.427097
IMAGINARY
          0    0.017694  -0.0169671  0.00791557
  -0.017694           0  0.00791557   0.0108844
  0.0169671 -0.00791557           0   0.0102866
-0.00791557  -0.0108844  -0.0102866           0
Repeater1[0]<--->EndNode1[0]
REAL
  0.441919 0.00679548 0.00835789   0.376657
0.00679548  0.0580808  0.0272843 0.00272585
0.00835789  0.0272843  0.0669192 -0.0104901
  0.376657 0.00272585 -0.0104901   0.433081
IMAGINARY
          0  0.00327773 -0.00388037 -0.00680802
-0.00327773           0   0.0180962   -0.010764
 0.00388037  -0.0180962           0   -0.013738
 0.00680802    0.010764    0.013738           0
Repeater1[0]<--->HoM1[0]
REAL
   0.470968   0.0172333  -0.0128183    0.382649
  0.0172333   0.0451613   0.0237682  0.00479689
 -0.0128183   0.0237682   0.0567742 -0.00921194
   0.382649  0.00479689 -0.00921194    0.427097
IMAGINARY
          0  -0.0169671    0.017694  0.00791557
  0.0169671           0 -0.00791557   0.0102866
  -0.017694  0.00791557           0   0.0108844
-0.00791557  -0.0102866  -0.0108844           0
EndNode1[0]<--->Repeater1[0]
REAL
   0.461731 -0.00929857  -0.0110057    0.384707
-0.00929857   0.0614806   0.0364817 -0.00837413
 -0.0110057   0.0364817   0.0602258  -0.0113733
   0.384707 -0.00837413  -0.0113733    0.416562
IMAGINARY
          0  -0.0036207   0.0106667  -0.0111464
  0.0036207           0    0.014973  -0.0161747
 -0.0106667   -0.014973           0  0.00178471
  0.0111464   0.0161747 -0.00178471           0
EndNode2[0]<--->HoM1[0]
REAL
   0.449878  0.00395083 0.000308694    0.381016
 0.00395083   0.0537897   0.0377036  0.00954352
0.000308694   0.0377036   0.0513447  0.00836445
   0.381016  0.00954352  0.00836445    0.444988
IMAGINARY
          0 -0.00931466 -0.00444942   0.0212975
 0.00931466           0   0.0212975 -0.00510472
 0.00444942  -0.0212975           0 -0.00278725
 -0.0212975  0.00510472  0.00278725           0
Repeater1[0]<--->EndNode1[0]
REAL
   0.461731  -0.0110057 -0.00929857    0.384707
 -0.0110057   0.0602258   0.0364817  -0.0113733
-0.00929857   0.0364817   0.0614806 -0.00837413
   0.384707  -0.0113733 -0.00837413    0.416562
IMAGINARY
          0   0.0106667  -0.0036207  -0.0111464
 -0.0106667           0   -0.014973  0.00178471
  0.0036207    0.014973           0  -0.0161747
  0.0111464 -0.00178471   0.0161747           0
Repeater1[0]<--->HoM1[0]
REAL
   0.449878 0.000308694  0.00395083    0.381016
0.000308694   0.0513447   0.0377036  0.00836445
 0.00395083   0.0377036   0.0537897  0.00954352
   0.381016  0.00836445  0.00954352    0.444988
IMAGINARY
          0 -0.00444942 -0.00931466   0.0212975
 0.00444942           0  -0.0212975 -0.00278725
 0.00931466   0.0212975           0 -0.00510472
 -0.0212975  0.00278725  0.00510472           0
EndNode1[0]<--->Repeater1[0]
REAL
  0.450649 0.00544683 -0.0119954   0.366204
0.00544683  0.0545455  0.0354952  0.0156362
-0.0119954  0.0354952  0.0649351 -0.0103012
  0.366204  0.0156362 -0.0103012    0.42987
IMAGINARY
          0 -0.00819034 -0.00243494 -0.00484262
 0.00819034           0 -0.00484262   0.0116213
 0.00243494  0.00484262           0  -0.0101824
 0.00484262  -0.0116213   0.0101824           0
EndNode2[0]<--->HoM1[0]
REAL
   0.458931  -0.0114618 -0.00480872    0.380932
 -0.0114618   0.0430248   0.0290804  0.00797729
-0.00480872   0.0290804   0.0625815  0.00322352
   0.380932  0.00797729  0.00322352    0.435463
IMAGINARY
          0  -0.0101717  0.00937235   0.0204294
  0.0101717           0 -0.00314383  0.00173876
-0.00937235  0.00314383           0  -0.0132851
 -0.0204294 -0.00173876   0.0132851           0
Repeater1[0]<--->EndNode1[0]
REAL
  0.450649 -0.0119954 0.00544683   0.366204
-0.0119954  0.0649351  0.0354952 -0.0103012
0.00544683  0.0354952  0.0545455  0.0156362
  0.366204 -0.0103012  0.0156362    0.42987
IMAGINARY
          0 -0.00243494 -0.00819034 -0.00484262
 0.00243494           0  0.00484262  -0.0101824
 0.00819034 -0.00484262           0   0.0116213
 0.00484262   0.0101824  -0.0116213           0
Repeater1[0]<--->HoM1[0]
REAL
   0.458931 -0.00480872  -0.0114618    0.380932
-0.00480872   0.0625815   0.0290804  0.00322352
 -0.0114618   0.0290804   0.0430248  0.00797729
   0.380932  0.00322352  0.00797729    0.435463
IMAGINARY
          0  0.00937235  -0.0101717   0.0204294
-0.00937235           0  0.00314383  -0.0132851
  0.0101717 -0.00314383           0  0.00173876
 -0.0204294   0.0132851 -0.00173876           0
EndNode1[0]<--->Repeater1[0]
REAL
    0.432396   0.00261037   -0.0174122     0.382867
  0.00261037    0.0522088    0.0376294 -0.000600234
  -0.0174122    0.0376294     0.042838  -0.00820044
    0.382867 -0.000600234  -0.00820044     0.472557
IMAGINARY
           0   -0.0157005    0.0166319  -0.00362718
   0.0157005            0  -0.00703782   -0.0153091
  -0.0166319   0.00703782            0 -0.000172533
  0.00362718    0.0153091  0.000172533            0
EndNode2[0]<--->HoM1[0]
REAL
 0.451303 0.0182758 0.0154733  0.384327
0.0182758 0.0699588  0.048302 0.0116073
0.0154733  0.048302 0.0603567 0.0127678
 0.384327 0.0116073 0.0127678  0.418381
IMAGINARY
          0   -0.018772  0.00532137   0.0127692
   0.018772           0 -0.00501731   0.0114488
-0.00532137  0.00501731           0   -0.012905
 -0.0127692  -0.0114488    0.012905           0
Repeater1[0]<--->EndNode1[0]
REAL
    0.432396   -0.0174122   0.00261037     0.382867
  -0.0174122     0.042838    0.0376294  -0.00820044
  0.00261037    0.0376294    0.0522088 -0.000600234
    0.382867  -0.00820044 -0.000600234     0.472557
IMAGINARY
           0    0.0166319   -0.0157005  -0.00362718
  -0.0166319            0   0.00703782 -0.000172533
   0.0157005  -0.00703782            0   -0.0153091
  0.00362718  0.000172533    0.0153091            0
Repeater1[0]<--->HoM1[0]
REAL
 0.451303 0.0154733 0.0182758  0.384327
0.0154733 0.0603567  0.048302 0.0127678
0.0182758  0.048302 0.0699588 0.0116073
 0.384327 0.0127678 0.0116073  0.418381
IMAGINARY
          0  0.00532137   -0.018772   0.0127692
-0.00532137           0  0.00501731   -0.012905
   0.018772 -0.00501731           0   0.0114488
 -0.0127692    0.012905  -0.0114488           0
EndNode1[0]<--->Repeater1[0]
REAL
   0.475871   0.0135078    0.011051    0.382713
  0.0135078   0.0482574   0.0342678 0.000898701
   0.011051   0.0342678   0.0428954  -0.0065896
   0.382713 0.000898701  -0.0065896    0.432976
IMAGINARY
          0  -0.0188629     0.01402  -0.0109782
  0.0188629           0  -0.0129545 -0.00754333
   -0.01402   0.0129545           0  0.00850024
  0.0109782  0.00754333 -0.00850024           0
EndNode2[0]<--->HoM1[0]
REAL
    0.437647  -0.00634271  -0.00393874     0.405651
 -0.00634271    0.0552941    0.0120867  8.27033e-05
 -0.00393874    0.0120867    0.0576471 -8.40213e-05
    0.405651  8.27033e-05 -8.40213e-05     0.449412
IMAGINARY
          0  -0.0101955  0.00695695   0.0015497
  0.0101955           0  0.00749422 -0.00819457
-0.00695695 -0.00749422           0   0.0139084
 -0.0015497  0.00819457  -0.0139084           0
Repeater1[0]<--->EndNode1[0]
REAL
   0.475871    0.011051   0.0135078    0.382713
   0.011051   0.0428954   0.0342678  -0.0065896
  0.0135078   0.0342678   0.0482574 0.000898701
   0.382713  -0.0065896 0.000898701    0.432976
IMAGINARY
          0     0.01402  -0.0188629  -0.0109782
   -0.01402           0   0.0129545  0.00850024
  0.0188629  -0.0129545           0 -0.00754333
  0.0109782 -0.00850024  0.00754333           0
Repeater1[0]<--->HoM1[0]
REAL
    0.437647  -0.00393874  -0.00634271     0.405651
 -0.00393874    0.0576471    0.0120867 -8.40213e-05
 -0.00634271    0.0120867    0.0552941  8.27033e-05
    0.405651 -8.40213e-05  8.27033e-05     0.449412
IMAGINARY
          0  0.00695695  -0.0101955   0.0015497
-0.00695695           0 -0.00749422   0.0139084
  0.0101955  0.00749422           0 -0.00819457
 -0.0015497  -0.0139084  0.00819457           0
EndNode1[0]<--->Repeater1[0]
REAL
   0.47275 0.00126016 0.00241196   0.370172
0.00126016  0.0506971  0.0359611 0.00572321
0.00241196  0.0359611  0.0557668 0.00812658
  0.370172 0.00572321 0.00812658   0.420786
IMAGINARY
          0 -0.00665959  0.00852155   0.0161543
 0.00665959           0  0.00399218  -0.0151005
-0.00852155 -0.00399218           0   0.0185017
 -0.0161543   0.0151005  -0.0185017           0
EndNode2[0]<--->HoM1[0]
REAL
   0.435401 -0.00435608  -0.0237989    0.402515
-0.00435608   0.0490956   0.0226191  -0.0096236
 -0.0237989   0.0226191   0.0452196   -0.021045
   0.402515  -0.0096236   -0.021045    0.470284
IMAGINARY
          0 -0.00809877  -0.0120582 -0.00224075
 0.00809877           0 -0.00462738   0.0172801
  0.0120582  0.00462738           0  0.00287684
 0.00224075  -0.0172801 -0.00287684           0
Repeater1[0]<--->EndNode1[0]
REAL
   0.47275 0.00241196 0.00126016   0.370172
0.00241196  0.0557668  0.0359611 0.00812658
0.00126016  0.0359611  0.0506971 0.00572321
  0.370172 0.00812658 0.00572321   0.420786
IMAGINARY
          0  0.00852155 -0.00665959   0.0161543
-0.00852155           0 -0.00399218   0.0185017
 0.00665959  0.00399218           0  -0.0151005
 -0.0161543  -0.0185017   0.0151005           0
Repeater1[0]<--->HoM1[0]
REAL
   0.435401  -0.0237989 -0.00435608    0.402515
 -0.0237989   0.0452196   0.0226191   -0.021045
-0.00435608   0.0226191   0.0490956  -0.0096236
   0.402515   -0.021045  -0.0096236    0.470284
IMAGINARY
          0  -0.0120582 -0.00809877 -0.00224075
  0.0120582           0  0.00462738  0.00287684
 0.00809877 -0.00462738           0   0.0172801
 0.00224075 -0.00287684  -0.0172801           0
EndNode1[0]<--->Repeater1[0]
REAL
  0.450439 0.00848193 -0.0016773   0.385999
0.00848193  0.0602258  0.0305618  0.0187443
-0.0016773  0.0305618  0.0652447  0.0111135
  0.385999  0.0187443  0.0111135    0.42409
IMAGINARY
          0   0.0230415   0.0075908 -0.00709774
 -0.0230415           0  -0.0157184  0.00169302
 -0.0075908   0.0157184           0  -0.0177364
 0.00709774 -0.00169302   0.0177364           0
EndNode2[0]<--->HoM1[0]
REAL
  0.463186  0.0155372 0.00326242     0.3978
 0.0155372  0.0348059  0.0341041  -0.006415
0.00326242  0.0341041  0.0575636 -0.0136457
    0.3978  -0.006415 -0.0136457   0.444444
IMAGINARY
           0    0.0285983   -0.0328954   0.00657231
  -0.0285983            0  -0.00198515  -0.00969957
   0.0328954   0.00198515            0  0.000890526
 -0.00657231   0.00969957 -0.000890526            0
Repeater1[0]<--->EndNode1[0]
REAL
  0.450439 -0.0016773 0.00848193   0.385999
-0.0016773  0.0652447  0.0305618  0.0111135
0.00848193  0.0305618  0.0602258  0.0187443
  0.385999  0.0111135  0.0187443    0.42409
IMAGINARY
          0   0.0075908   0.0230415 -0.00709774
 -0.0075908           0   0.0157184  -0.0177364
 -0.0230415  -0.0157184           0  0.00169302
 0.00709774   0.0177364 -0.00169302           0
Repeater1[0]<--->HoM1[0]
REAL
  0.463186 0.00326242  0.0155372     0.3978
0.00326242  0.0575636  0.0341041 -0.0136457
 0.0155372  0.0341041  0.0348059  -0.006415
    0.3978 -0.0136457  -0.006415   0.444444
IMAGINARY
           0   -0.0328954    0.0285983   0.00657231
   0.0328954            0   0.00198515  0.000890526
  -0.0285983  -0.00198515            0  -0.00969957
 -0.00657231 -0.000890526   0.00969957            0
EndNode1[0]<--->Repeater1[0]
REAL
  0.438667 -0.0217802 0.00601604   0.381647
-0.0217802  0.0586667  0.0314548 -0.0167112
0.00601604  0.0314548  0.0493333 0.00172676
  0.381647 -0.0167112 0.00172676   0.453333
IMAGINARY
          0  -0.0115361  0.00132401  0.00580893
  0.0115361           0 -0.00895359  0.00699866
-0.00132401  0.00895359           0 -0.00831027
-0.00580893 -0.00699866  0.00831027           0
EndNode2[0]<--->HoM1[0]
REAL
    0.391979    0.0116713    0.0174839     0.377803
   0.0116713    0.0646831    0.0244527   0.00131311
   0.0174839    0.0244527    0.0776197 -0.000393074
    0.377803   0.00131311 -0.000393074     0.465718
IMAGINARY
           0   -0.0103189  -0.00632111   -0.0137255
   0.0103189            0  1.38778e-17   -0.0158028
  0.00632111 -1.38778e-17            0    0.0147437
   0.0137255    0.0158028   -0.0147437            0
Repeater1[0]<--->EndNode1[0]
REAL
  0.438667 0.00601604 -0.0217802   0.381647
0.00601604  0.0493333  0.0314548 0.00172676
-0.0217802  0.0314548  0.0586667 -0.0167112
  0.381647 0.00172676 -0.0167112   0.453333
IMAGINARY
          0  0.00132401  -0.0115361  0.00580893
-0.00132401           0  0.00895359 -0.00831027
  0.0115361 -0.00895359           0  0.00699866
-0.00580893  0.00831027 -0.00699866           0
Repeater1[0]<--->HoM1[0]
REAL
    0.391979    0.0174839    0.0116713     0.377803
   0.0174839    0.0776197    0.0244527 -0.000393074
   0.0116713    0.0244527    0.0646831   0.00131311
    0.377803 -0.000393074   0.00131311     0.465718
IMAGINARY
           0  -0.00632111   -0.0103189   -0.0137255
  0.00632111            0 -1.38778e-17    0.0147437
   0.0103189  1.38778e-17            0   -0.0158028
   0.0137255   -0.0147437    0.0158028            0
EndNode1[0]<--->Repeater1[0]
REAL
   0.439726   0.0134215  -0.0173518    0.388605
  0.0134215    0.039726   0.0286785   0.0222901
 -0.0173518   0.0286785   0.0589041 -0.00231038
   0.388605   0.0222901 -0.00231038    0.461644
IMAGINARY
          0    0.002895   0.0119821  -0.0172512
  -0.002895           0 -0.00209965  -0.0186812
 -0.0119821  0.00209965           0  0.00745823
  0.0172512   0.0186812 -0.00745823           0
EndNode2[0]<--->HoM1[0]
REAL
   0.433594  0.00187339 -0.00516796    0.377357
 0.00187339   0.0507812    0.020576 -0.00645995
-0.00516796    0.020576   0.0638021  -0.0147933
   0.377357 -0.00645995  -0.0147933    0.451823
IMAGINARY
           0  -0.00752104   -0.0114163  0.000266796
  0.00752104            0   -0.0034926    0.0171197
   0.0114163    0.0034926            0    0.0182942
-0.000266796   -0.0171197   -0.0182942            0
Repeater1[0]<--->EndNode1[0]
REAL
   0.439726  -0.0173518   0.0134215    0.388605
 -0.0173518   0.0589041   0.0286785 -0.00231038
  0.0134215   0.0286785    0.039726   0.0222901
   0.388605 -0.00231038   0.0222901    0.461644
IMAGINARY
          0   0.0119821    0.002895  -0.0172512
 -0.0119821           0  0.00209965  0.00745823
  -0.002895 -0.00209965           0  -0.0186812
  0.0172512 -0.00745823   0.0186812           0
Repeater1[0]<--->HoM1[0]
REAL
   0.433594 -0.00516796  0.00187339    0.377357
-0.00516796   0.0638021    0.020576  -0.0147933
 0.00187339    0.020576   0.0507812 -0.00645995
   0.377357  -0.0147933 -0.00645995    0.451823
IMAGINARY
           0   -0.0114163  -0.00752104  0.000266796
   0.0114163            0    0.0034926    0.0182942
  0.00752104   -0.0034926            0    0.0171197
-0.000266796   -0.0182942   -0.0171197            0
EndNode1[0]<--->Repeater1[0]
REAL
  0.474308 -0.0337619 -0.0224565   0.384818
-0.0337619  0.0513834  0.0289071 -0.0448637
-0.0224565  0.0289071  0.0645586 -0.0387871
  0.384818 -0.0448637 -0.0387871    0.40975
IMAGINARY
           0  0.000985222    0.0151253    0.0163522
-0.000985222            0   0.00515322    0.0131998
  -0.0151253  -0.00515322            0   -0.0133005
  -0.0163522   -0.0131998    0.0133005            0
EndNode2[0]<--->HoM1[0]
REAL
    0.44186 -0.00499261   0.0185482     0.36898
-0.00499261   0.0594315    0.021502  -0.0192001
  0.0185482    0.021502   0.0490956  0.00434072
    0.36898  -0.0192001  0.00434072    0.449612
IMAGINARY
           0   0.00187792    0.0115153  -0.00454525
 -0.00187792            0  -0.00903819   -0.0133603
  -0.0115153   0.00903819            0 -3.29048e-05
  0.00454525    0.0133603  3.29048e-05            0
Repeater1[0]<--->EndNode1[0]
REAL
  0.474308 -0.0224565 -0.0337619   0.384818
-0.0224565  0.0645586  0.0289071 -0.0387871
-0.0337619  0.0289071  0.0513834 -0.0448637
  0.384818 -0.0387871 -0.0448637    0.40975
IMAGINARY
           0    0.0151253  0.000985222    0.0163522
  -0.0151253            0  -0.00515322   -0.0133005
-0.000985222   0.00515322            0    0.0131998
  -0.0163522    0.0133005   -0.0131998            0
Repeater1[0]<--->HoM1[0]
REAL
    0.44186   0.0185482 -0.00499261     0.36898
  0.0185482   0.0490956    0.021502  0.00434072
-0.00499261    0.021502   0.0594315  -0.0192001
    0.36898  0.00434072  -0.0192001    0.449612
IMAGINARY
           0    0.0115153   0.00187792  -0.00454525
  -0.0115153            0   0.00903819 -3.29048e-05
 -0.00187792  -0.00903819            0   -0.0133603
  0.00454525  3.29048e-05    0.0133603            0
EndNode1[0]<--->Repeater1[0]
REAL
   0.42875 0.00487583   0.016789   0.361616
0.00487583      0.065  0.0383838 -0.0154903
  0.016789  0.0383838    0.06625  -0.012668
  0.361616 -0.0154903  -0.012668       0.44
IMAGINARY
         0  0.0197243 -0.0240355  0.0160406
-0.0197243          0  0.0238531  -0.011318
 0.0240355 -0.0238531          0  0.0307808
-0.0160406   0.011318 -0.0307808          0
EndNode2[0]<--->HoM1[0]
REAL
  0.459079  0.0063081 0.00383703   0.382968
 0.0063081  0.0498721  0.0268882 -0.0122505
0.00383703  0.0268882  0.0421995 -0.0063081
  0.382968 -0.0122505 -0.0063081   0.448849
IMAGINARY
           0  -0.00588725  -0.00335947   -0.0206277
  0.00588725            0   -0.0122837  -0.00532539
  0.00335947    0.0122837            0 -0.000316222
   0.0206277   0.00532539  0.000316222            0
Repeater1[0]<--->EndNode1[0]
REAL
   0.42875   0.016789 0.00487583   0.361616
  0.016789    0.06625  0.0383838  -0.012668
0.00487583  0.0383838      0.065 -0.0154903
  0.361616  -0.012668 -0.0154903       0.44
IMAGINARY
         0 -0.0240355  0.0197243  0.0160406
 0.0240355          0 -0.0238531  0.0307808
-0.0197243  0.0238531          0  -0.011318
-0.0160406 -0.0307808   0.011318          0
Repeater1[0]<--->HoM1[0]
REAL
  0.459079 0.00383703  0.0063081   0.382968
0.00383703  0.0421995  0.0268882 -0.0063081
 0.0063081  0.0268882  0.0498721 -0.0122505
  0.382968 -0.0063081 -0.0122505   0.448849
IMAGINARY
           0  -0.00335947  -0.00588725   -0.0206277
  0.00335947            0    0.0122837 -0.000316222
  0.00588725   -0.0122837            0  -0.00532539
   0.0206277  0.000316222   0.00532539            0
EndNode1[0]<--->Repeater1[0]
REAL
  0.45177 0.0154953 0.0029104  0.379373
0.0154953 0.0659341 0.0449861 0.0163204
0.0029104 0.0449861  0.042735 0.0127098
 0.379373 0.0163204 0.0127098   0.43956
IMAGINARY
          0   0.0129215  -0.0192588   0.0166284
 -0.0129215           0  -0.0121354  -0.0205642
  0.0192588   0.0121354           0  0.00288131
 -0.0166284   0.0205642 -0.00288131           0
EndNode2[0]<--->HoM1[0]
REAL
  0.434663  0.0114342  0.0201759   0.390816
 0.0114342  0.0770289  0.0161322 0.00339734
 0.0201759  0.0161322  0.0467675  0.0133797
  0.390816 0.00339734  0.0133797   0.441541
IMAGINARY
          0  -0.0154437   0.0167543  -0.0138338
  0.0154437           0 -0.00192908   0.0136254
 -0.0167543  0.00192908           0  -0.0111386
  0.0138338  -0.0136254   0.0111386           0
Repeater1[0]<--->EndNode1[0]
REAL
  0.45177 0.0029104 0.0154953  0.379373
0.0029104  0.042735 0.0449861 0.0127098
0.0154953 0.0449861 0.0659341 0.0163204
 0.379373 0.0127098 0.0163204   0.43956
IMAGINARY
          0  -0.0192588   0.0129215   0.0166284
  0.0192588           0   0.0121354  0.00288131
 -0.0129215  -0.0121354           0  -0.0205642
 -0.0166284 -0.00288131   0.0205642           0
Repeater1[0]<--->HoM1[0]
REAL
  0.434663  0.0201759  0.0114342   0.390816
 0.0201759  0.0467675  0.0161322  0.0133797
 0.0114342  0.0161322  0.0770289 0.00339734
  0.390816  0.0133797 0.00339734   0.441541
IMAGINARY
          0   0.0167543  -0.0154437  -0.0138338
 -0.0167543           0  0.00192908  -0.0111386
  0.0154437 -0.00192908           0   0.0136254
  0.0138338   0.0111386  -0.0136254           0
EndNode1[0]<--->Repeater1[0]
REAL
   0.487535 -0.00138934 -0.00662937    0.382739
-0.00138934   0.0401662   0.0257821   0.0078825
-0.00662937   0.0257821   0.0567867 -0.00863572
   0.382739   0.0078825 -0.00863572    0.415512
IMAGINARY
          0  0.00456488   0.0134365  -0.0107784
-0.00456488           0   0.0132115  -0.0101855
 -0.0134365  -0.0132115           0 -0.00521507
  0.0107784   0.0101855  0.00521507           0
EndNode2[0]<--->HoM1[0]
REAL
   0.414966 0.000764858  0.00406586     0.37297
0.000764858   0.0503401   0.0285259  0.00715609
 0.00406586   0.0285259   0.0653061  0.00422267
    0.37297  0.00715609  0.00422267    0.469388
IMAGINARY
           0 -0.000593542   0.00768645   -0.0194729
 0.000593542            0  -0.00507495    0.0145358
 -0.00768645   0.00507495            0  -0.00187559
   0.0194729   -0.0145358   0.00187559            0
Repeater1[0]<--->EndNode1[0]
REAL
   0.487535 -0.00662937 -0.00138934    0.382739
-0.00662937   0.0567867   0.0257821 -0.00863572
-0.00138934   0.0257821   0.0401662   0.0078825
   0.382739 -0.00863572   0.0078825    0.415512
IMAGINARY
          0   0.0134365  0.00456488  -0.0107784
 -0.0134365           0  -0.0132115 -0.00521507
-0.00456488   0.0132115           0  -0.0101855
  0.0107784  0.00521507   0.0101855           0
Repeater1[0]<--->HoM1[0]
REAL
   0.414966  0.00406586 0.000764858     0.37297
 0.00406586   0.0653061   0.0285259  0.00422267
0.000764858   0.0285259   0.0503401  0.00715609
    0.37297  0.00422267  0.00715609    0.469388
IMAGINARY
           0   0.00768645 -0.000593542   -0.0194729
 -0.00768645            0   0.00507495  -0.00187559
 0.000593542  -0.00507495            0    0.0145358
   0.0194729   0.00187559   -0.0145358            0
EndNode1[0]<--->Repeater1[0]
REAL
   0.441065 0.000302413 0.000695778    0.386482
0.000302413   0.0735108   0.0209252  -0.0337646
0.000695778   0.0209252   0.0456274  -0.0201437
   0.386482  -0.0337646  -0.0201437    0.439797
IMAGINARY
           0    0.0108999    0.0116618  8.40967e-05
  -0.0108999            0   0.00478208   -0.0289473
  -0.0116618  -0.00478208            0    0.0102269
-8.40967e-05    0.0289473   -0.0102269            0
EndNode2[0]<--->HoM1[0]
REAL
  0.423773  0.0210977 0.00037612   0.377587
 0.0210977  0.0620155  0.0338375 0.00283312
0.00037612  0.0338375  0.0529716 -0.0140374
  0.377587 0.00283312 -0.0140374    0.46124
IMAGINARY
           0   -0.0130514  0.000833134  -0.00686464
   0.0130514            0   -0.0100739    -0.013854
-0.000833134    0.0100739            0    0.0104473
  0.00686464     0.013854   -0.0104473            0
Repeater1[0]<--->EndNode1[0]
REAL
   0.441065 0.000695778 0.000302413    0.386482
0.000695778   0.0456274   0.0209252  -0.0201437
0.000302413   0.0209252   0.0735108  -0.0337646
   0.386482  -0.0201437  -0.0337646    0.439797
IMAGINARY
           0    0.0116618    0.0108999  8.40967e-05
  -0.0116618            0  -0.00478208    0.0102269
  -0.0108999   0.00478208            0   -0.0289473
-8.40967e-05   -0.0102269    0.0289473            0
Repeater1[0]<--->HoM1[0]
REAL
  0.423773 0.00037612  0.0210977   0.377587
0.00037612  0.0529716  0.0338375 -0.0140374
 0.0210977  0.0338375  0.0620155 0.00283312
  0.377587 -0.0140374 0.00283312    0.46124
IMAGINARY
           0  0.000833134   -0.0130514  -0.00686464
-0.000833134            0    0.0100739    0.0104473
   0.0130514   -0.0100739            0    -0.013854
  0.00686464   -0.0104473     0.013854            0
EndNode1[0]<--->Repeater1[0]
REAL
   0.452351   0.0114478  -0.0106419     0.38071
  0.0114478   0.0724269   0.0162364   0.0220923
 -0.0106419   0.0162364   0.0622618 -0.00126971
    0.38071   0.0220923 -0.00126971    0.412961
IMAGINARY
          0   0.0172752   0.0104539  -0.0179202
 -0.0172752           0  0.00942351  -0.0051907
 -0.0104539 -0.00942351           0  -0.0080647
  0.0179202   0.0051907   0.0080647           0
EndNode2[0]<--->HoM1[0]
REAL
   0.455357 0.000969723  -0.0344681    0.368649
0.000969723   0.0471939   0.0290496  -0.0128465
 -0.0344681   0.0290496   0.0612245   -0.032939
   0.368649  -0.0128465   -0.032939    0.436224
IMAGINARY
          0 -0.00969912   0.0203928 -0.00828856
 0.00969912           0  -0.0288184  0.00216361
 -0.0203928   0.0288184           0   -0.010351
 0.00828856 -0.00216361    0.010351           0
Repeater1[0]<--->EndNode1[0]
REAL
