EndNode1[0]<--->Repeater1[0]
REAL
   0.328185 -0.00464289  0.00533073   0.0182045
-0.00464289     0.19305   0.0106669   0.0156666
 0.00533073   0.0106669    0.149292 -0.00716814
  0.0182045   0.0156666 -0.00716814    0.329472
IMAGINARY
          0  -0.0145761   0.0102552 -0.00384145
  0.0145761           0  0.00693168  -0.0265869
 -0.0102552 -0.00693168           0 -0.00175557
 0.00384145   0.0265869  0.00175557           0
EndNode2[0]<--->HoM1[0]
REAL
    0.321004    0.0157771 -0.000702569    0.0166357
   0.0157771     0.159841   0.00372055   0.00451936
-0.000702569   0.00372055     0.175694    0.0223908
   0.0166357   0.00451936    0.0223908     0.343461
IMAGINARY
          0   0.0105457  0.00117572  -0.0100421
 -0.0105457           0  -0.0218728  0.00558934
-0.00117572   0.0218728           0   0.0195896
  0.0100421 -0.00558934  -0.0195896           0
Repeater1[0]<--->EndNode1[0]
REAL
   0.328185  0.00533073 -0.00464289   0.0182045
 0.00533073    0.149292   0.0106669 -0.00716814
-0.00464289   0.0106669     0.19305   0.0156666
  0.0182045 -0.00716814   0.0156666    0.329472
IMAGINARY
          0   0.0102552  -0.0145761 -0.00384145
 -0.0102552           0 -0.00693168 -0.00175557
  0.0145761  0.00693168           0  -0.0265869
 0.00384145  0.00175557   0.0265869           0
Repeater1[0]<--->HoM1[0]
REAL
    0.321004 -0.000702569    0.0157771    0.0166357
-0.000702569     0.175694   0.00372055    0.0223908
   0.0157771   0.00372055     0.159841   0.00451936
   0.0166357    0.0223908   0.00451936     0.343461
IMAGINARY
          0  0.00117572   0.0105457  -0.0100421
-0.00117572           0   0.0218728   0.0195896
 -0.0105457  -0.0218728           0  0.00558934
  0.0100421  -0.0195896 -0.00558934           0
EndNode1[0]<--->Repeater1[0]
REAL
   0.353511   -0.015204  0.00434211   0.0459424
  -0.015204    0.138015  0.00405759 -0.00565789
 0.00434211  0.00405759    0.171913  0.00336192
  0.0459424 -0.00565789  0.00336192    0.336562
IMAGINARY
          0  0.00498169   0.0203427  -0.0181112
-0.00498169           0  -0.0375917 -0.00856259
 -0.0203427   0.0375917           0   -0.014144
  0.0181112  0.00856259    0.014144           0
EndNode2[0]<--->HoM1[0]
REAL
   0.32772 0.00409123 -0.0279751  0.0253914
0.00409123   0.180052 -0.0266508  -0.017365
-0.0279751 -0.0266508   0.167098 0.00346545
 0.0253914  -0.017365 0.00346545    0.32513
IMAGINARY
           0   -0.0273774    0.0237255    -0.016321
   0.0273774            0  -0.00767901  0.000648627
  -0.0237255   0.00767901            0    0.0135434
    0.016321 -0.000648627   -0.0135434            0
Repeater1[0]<--->EndNode1[0]
REAL
   0.353511  0.00434211   -0.015204   0.0459424
 0.00434211    0.171913  0.00405759  0.00336192
  -0.015204  0.00405759    0.138015 -0.00565789
  0.0459424  0.00336192 -0.00565789    0.336562
IMAGINARY
          0   0.0203427  0.00498169  -0.0181112
 -0.0203427           0   0.0375917   -0.014144
-0.00498169  -0.0375917           0 -0.00856259
  0.0181112    0.014144  0.00856259           0
Repeater1[0]<--->HoM1[0]
REAL
   0.32772 -0.0279751 0.00409123  0.0253914
-0.0279751   0.167098 -0.0266508 0.00346545
0.00409123 -0.0266508   0.180052  -0.017365
 0.0253914 0.00346545  -0.017365    0.32513
IMAGINARY
           0    0.0237255   -0.0273774    -0.016321
  -0.0237255            0   0.00767901    0.0135434
   0.0273774  -0.00767901            0  0.000648627
    0.016321   -0.0135434 -0.000648627            0
EndNode1[0]<--->Repeater1[0]
REAL
    0.352718  -0.00163663    0.0103468    0.0363002
 -0.00163663     0.155499   0.00156887  -0.00970495
   0.0103468   0.00156887     0.182048 -0.000288918
   0.0363002  -0.00970495 -0.000288918     0.309735
IMAGINARY
          0   0.0216252 -0.00108896   0.0109585
 -0.0216252           0  0.00483101  0.00567611
 0.00108896 -0.00483101           0   0.0275229
 -0.0109585 -0.00567611  -0.0275229           0
EndNode2[0]<--->HoM1[0]
REAL
   0.345238 -0.00201006  -0.0141231   0.0342205
-0.00201006    0.183862 -0.00190114  0.00334999
 -0.0141231 -0.00190114    0.152116  -0.0176351
  0.0342205  0.00334999  -0.0176351    0.318783
IMAGINARY
          0 -0.00662608 -0.00871641   0.0156437
 0.00662608           0 -0.00351087   0.0144198
 0.00871641  0.00351087           0 -0.00921676
 -0.0156437  -0.0144198  0.00921676           0
Repeater1[0]<--->EndNode1[0]
REAL
    0.352718    0.0103468  -0.00163663    0.0363002
   0.0103468     0.182048   0.00156887 -0.000288918
 -0.00163663   0.00156887     0.155499  -0.00970495
   0.0363002 -0.000288918  -0.00970495     0.309735
IMAGINARY
          0 -0.00108896   0.0216252   0.0109585
 0.00108896           0 -0.00483101   0.0275229
 -0.0216252  0.00483101           0  0.00567611
 -0.0109585  -0.0275229 -0.00567611           0
Repeater1[0]<--->HoM1[0]
REAL
   0.345238  -0.0141231 -0.00201006   0.0342205
 -0.0141231    0.152116 -0.00190114  -0.0176351
-0.00201006 -0.00190114    0.183862  0.00334999
  0.0342205  -0.0176351  0.00334999    0.318783
IMAGINARY
          0 -0.00871641 -0.00662608   0.0156437
 0.00871641           0  0.00351087 -0.00921676
 0.00662608 -0.00351087           0   0.0144198
 -0.0156437  0.00921676  -0.0144198           0
EndNode1[0]<--->Repeater1[0]
REAL
  0.338562 0.00171537 0.00957029  0.0269513
0.00171537   0.162092  0.0125583 -0.0150199
0.00957029  0.0125583   0.152941 0.00373422
 0.0269513 -0.0150199 0.00373422   0.346405
IMAGINARY
          0  -0.0232633  -0.0127197     0.01341
  0.0232633           0   0.0242656  -0.0229499
  0.0127197  -0.0242656           0 -0.00614843
   -0.01341   0.0229499  0.00614843           0
EndNode2[0]<--->HoM1[0]
REAL
   0.313008   0.0212422 -0.00343582    0.015003
  0.0212422    0.197832  0.00356292   0.0155997
-0.00343582  0.00356292    0.131436  -0.0039567
   0.015003   0.0155997  -0.0039567    0.357724
IMAGINARY
           0   -0.0066358  0.000740764 -0.000850081
   0.0066358            0   0.00653908    0.0201206
-0.000740764  -0.00653908            0   -0.0048043
 0.000850081   -0.0201206    0.0048043            0
Repeater1[0]<--->EndNode1[0]
REAL
  0.338562 0.00957029 0.00171537  0.0269513
0.00957029   0.152941  0.0125583 0.00373422
0.00171537  0.0125583   0.162092 -0.0150199
 0.0269513 0.00373422 -0.0150199   0.346405
IMAGINARY
          0  -0.0127197  -0.0232633     0.01341
  0.0127197           0  -0.0242656 -0.00614843
  0.0232633   0.0242656           0  -0.0229499
   -0.01341  0.00614843   0.0229499           0
Repeater1[0]<--->HoM1[0]
REAL
   0.313008 -0.00343582   0.0212422    0.015003
-0.00343582    0.131436  0.00356292  -0.0039567
  0.0212422  0.00356292    0.197832   0.0155997
   0.015003  -0.0039567   0.0155997    0.357724
IMAGINARY
           0  0.000740764   -0.0066358 -0.000850081
-0.000740764            0  -0.00653908   -0.0048043
   0.0066358   0.00653908            0    0.0201206
 0.000850081    0.0048043   -0.0201206            0
EndNode1[0]<--->Repeater1[0]
REAL
   0.340127 0.000518947   0.0111608   0.0209935
0.000518947    0.166879  -0.0203598  -0.0143294
  0.0111608  -0.0203598    0.174522  -0.0112921
  0.0209935  -0.0143294  -0.0112921    0.318471
IMAGINARY
          0 -0.00110628   0.0201009  -0.0102738
 0.00110628           0  -0.0141004   0.0099743
 -0.0201009   0.0141004           0 -0.00891878
  0.0102738  -0.0099743  0.00891878           0
EndNode2[0]<--->HoM1[0]
REAL
    0.34018 -0.00279218 -0.00849719   0.0274122
-0.00279218    0.174583 -0.00306766  -0.0071083
-0.00849719 -0.00306766    0.146341 -0.00407423
  0.0274122  -0.0071083 -0.00407423    0.338896
IMAGINARY
          0   0.0179733  0.00681437  -0.0139241
 -0.0179733           0 -0.00278545  0.00939835
-0.00681437  0.00278545           0  0.00213046
  0.0139241 -0.00939835 -0.00213046           0
Repeater1[0]<--->EndNode1[0]
REAL
   0.340127   0.0111608 0.000518947   0.0209935
  0.0111608    0.174522  -0.0203598  -0.0112921
0.000518947  -0.0203598    0.166879  -0.0143294
  0.0209935  -0.0112921  -0.0143294    0.318471
IMAGINARY
          0   0.0201009 -0.00110628  -0.0102738
 -0.0201009           0   0.0141004 -0.00891878
 0.00110628  -0.0141004           0   0.0099743
  0.0102738  0.00891878  -0.0099743           0
Repeater1[0]<--->HoM1[0]
REAL
    0.34018 -0.00849719 -0.00279218   0.0274122
-0.00849719    0.146341 -0.00306766 -0.00407423
-0.00279218 -0.00306766    0.174583  -0.0071083
  0.0274122 -0.00407423  -0.0071083    0.338896
IMAGINARY
          0  0.00681437   0.0179733  -0.0139241
-0.00681437           0  0.00278545  0.00213046
 -0.0179733 -0.00278545           0  0.00939835
  0.0139241 -0.00213046 -0.00939835           0
EndNode1[0]<--->Repeater1[0]
REAL
   0.355263 0.000732323 -0.00518609    0.027946
0.000732323    0.177632  -0.0186127 -0.00948057
-0.00518609  -0.0186127    0.165789  -0.0207323
   0.027946 -0.00948057  -0.0207323    0.301316
IMAGINARY
           0    0.0134372  0.000334654    0.0105322
  -0.0134372            0   -0.0117607  -0.00370847
-0.000334654    0.0117607            0  -0.00466522
  -0.0105322   0.00370847   0.00466522            0
EndNode2[0]<--->HoM1[0]
REAL
   0.352564  0.00799085  -0.0164036   0.0415869
 0.00799085    0.167949 -0.00550447 -0.00808094
 -0.0164036 -0.00550447    0.142308  -0.0247434
  0.0415869 -0.00808094  -0.0247434    0.337179
IMAGINARY
           0   -0.0200206  -0.00849756    0.0232449
   0.0200206            0   -0.0146242  0.000187307
  0.00849756    0.0146242            0  -0.00629515
  -0.0232449 -0.000187307   0.00629515            0
Repeater1[0]<--->EndNode1[0]
REAL
   0.355263 -0.00518609 0.000732323    0.027946
-0.00518609    0.165789  -0.0186127  -0.0207323
0.000732323  -0.0186127    0.177632 -0.00948057
   0.027946  -0.0207323 -0.00948057    0.301316
IMAGINARY
           0  0.000334654    0.0134372    0.0105322
-0.000334654            0    0.0117607  -0.00466522
  -0.0134372   -0.0117607            0  -0.00370847
  -0.0105322   0.00466522   0.00370847            0
Repeater1[0]<--->HoM1[0]
REAL
   0.352564  -0.0164036  0.00799085   0.0415869
 -0.0164036    0.142308 -0.00550447  -0.0247434
 0.00799085 -0.00550447    0.167949 -0.00808094
  0.0415869  -0.0247434 -0.00808094    0.337179
IMAGINARY
           0  -0.00849756   -0.0200206    0.0232449
  0.00849756            0    0.0146242  -0.00629515
   0.0200206   -0.0146242            0  0.000187307
  -0.0232449   0.00629515 -0.000187307            0
EndNode1[0]<--->Repeater1[0]
REAL
   0.345052  -0.0130471  -0.0241369    0.028979
 -0.0130471     0.14974 -0.00790622 -0.00843012
 -0.0241369 -0.00790622    0.174479 -0.00547138
   0.028979 -0.00843012 -0.00547138    0.330729
IMAGINARY
          0  0.00949861  -0.0194184   0.0209602
-0.00949861           0  0.00830193   0.0043911
  0.0194184 -0.00830193           0 -0.00130189
 -0.0209602  -0.0043911  0.00130189           0
EndNode2[0]<--->HoM1[0]
REAL
    0.33121  0.00346073 0.000683141   0.0327671
 0.00346073    0.149045  -0.0131716   0.0189123
0.000683141  -0.0131716    0.179618  -0.0015644
  0.0327671   0.0189123  -0.0015644    0.340127
IMAGINARY
           0   -0.0064778  -0.00665779   -0.0073701
   0.0064778            0  0.000910153    0.0126498
  0.00665779 -0.000910153            0 -0.000845764
   0.0073701   -0.0126498  0.000845764            0
Repeater1[0]<--->EndNode1[0]
REAL
   0.345052  -0.0241369  -0.0130471    0.028979
 -0.0241369    0.174479 -0.00790622 -0.00547138
 -0.0130471 -0.00790622     0.14974 -0.00843012
   0.028979 -0.00547138 -0.00843012    0.330729
IMAGINARY
          0  -0.0194184  0.00949861   0.0209602
  0.0194184           0 -0.00830193 -0.00130189
-0.00949861  0.00830193           0   0.0043911
 -0.0209602  0.00130189  -0.0043911           0
Repeater1[0]<--->HoM1[0]
REAL
    0.33121 0.000683141  0.00346073   0.0327671
0.000683141    0.179618  -0.0131716  -0.0015644
 0.00346073  -0.0131716    0.149045   0.0189123
  0.0327671  -0.0015644   0.0189123    0.340127
IMAGINARY
           0  -0.00665779   -0.0064778   -0.0073701
  0.00665779            0 -0.000910153 -0.000845764
   0.0064778  0.000910153            0    0.0126498
   0.0073701  0.000845764   -0.0126498            0
EndNode1[0]<--->Repeater1[0]
REAL
  0.351418 0.00479578  0.0214336   0.029432
0.00479578     0.1418 -0.0142805  0.0022028
 0.0214336 -0.0142805    0.17016 0.00914361
  0.029432  0.0022028 0.00914361   0.336621
IMAGINARY
          0  -0.0117156 -0.00580558 -0.00711233
  0.0117156           0  0.00314408   0.0099972
 0.00580558 -0.00314408           0  -0.0104401
 0.00711233  -0.0099972   0.0104401           0
EndNode2[0]<--->HoM1[0]
REAL
   0.358302  -0.0228555  0.00744368   0.0217805
 -0.0228555    0.162297 -0.00939457 -0.00418423
 0.00744368 -0.00939457     0.15231 -0.00778338
  0.0217805 -0.00418423 -0.00778338    0.327091
IMAGINARY
          0  0.00874622   0.0024911   0.0192693
-0.00874622           0   0.0155193 -0.00728726
 -0.0024911  -0.0155193           0   0.0212298
 -0.0192693  0.00728726  -0.0212298           0
Repeater1[0]<--->EndNode1[0]
REAL
  0.351418  0.0214336 0.00479578   0.029432
 0.0214336    0.17016 -0.0142805 0.00914361
0.00479578 -0.0142805     0.1418  0.0022028
  0.029432 0.00914361  0.0022028   0.336621
IMAGINARY
          0 -0.00580558  -0.0117156 -0.00711233
 0.00580558           0 -0.00314408  -0.0104401
  0.0117156  0.00314408           0   0.0099972
 0.00711233   0.0104401  -0.0099972           0
Repeater1[0]<--->HoM1[0]
REAL
   0.358302  0.00744368  -0.0228555   0.0217805
 0.00744368     0.15231 -0.00939457 -0.00778338
 -0.0228555 -0.00939457    0.162297 -0.00418423
  0.0217805 -0.00778338 -0.00418423    0.327091
IMAGINARY
          0   0.0024911  0.00874622   0.0192693
 -0.0024911           0  -0.0155193   0.0212298
-0.00874622   0.0155193           0 -0.00728726
 -0.0192693  -0.0212298  0.00728726           0
EndNode1[0]<--->Repeater1[0]
REAL
    0.305405 -0.000254466   0.00293196    0.0401985
-0.000254466     0.159459   0.00173697   -0.0177707
  0.00293196   0.00173697     0.181081    0.0176738
   0.0401985   -0.0177707    0.0176738     0.354054
IMAGINARY
          0   0.0217002  -0.0111989 -0.00841843
 -0.0217002           0 -0.00710952 -0.00082036
  0.0111989  0.00710952           0   0.0335883
 0.00841843  0.00082036  -0.0335883           0
EndNode2[0]<--->HoM1[0]
REAL
    0.334641    0.0106576 -0.000290302    0.0420624
   0.0106576     0.164706  -0.00661012   0.00762527
-0.000290302  -0.00661012     0.172549    0.0113473
   0.0420624   0.00762527    0.0113473     0.328105
IMAGINARY
           0  -0.00304416   -0.0242638  0.000370742
  0.00304416            0    0.0140523   -0.0105023
   0.0242638   -0.0140523            0   0.00367627
-0.000370742    0.0105023  -0.00367627            0
Repeater1[0]<--->EndNode1[0]
REAL
    0.305405   0.00293196 -0.000254466    0.0401985
  0.00293196     0.181081   0.00173697    0.0176738
-0.000254466   0.00173697     0.159459   -0.0177707
   0.0401985    0.0176738   -0.0177707     0.354054
IMAGINARY
          0  -0.0111989   0.0217002 -0.00841843
  0.0111989           0  0.00710952   0.0335883
 -0.0217002 -0.00710952           0 -0.00082036
 0.00841843  -0.0335883  0.00082036           0
Repeater1[0]<--->HoM1[0]
REAL
    0.334641 -0.000290302    0.0106576    0.0420624
-0.000290302     0.172549  -0.00661012    0.0113473
   0.0106576  -0.00661012     0.164706   0.00762527
   0.0420624    0.0113473   0.00762527     0.328105
IMAGINARY
           0   -0.0242638  -0.00304416  0.000370742
   0.0242638            0   -0.0140523   0.00367627
  0.00304416    0.0140523            0   -0.0105023
-0.000370742  -0.00367627    0.0105023            0
EndNode1[0]<--->Repeater1[0]
REAL
  0.343789  0.0266617 -0.0120894  0.0304109
 0.0266617   0.166876  0.0142432 0.00642907
-0.0120894  0.0142432   0.156838 -0.0197435
 0.0304109 0.00642907 -0.0197435   0.332497
IMAGINARY
          0  0.00286619   0.0151735 -0.00624805
-0.00286619           0   0.0126913 -0.00140107
 -0.0151735  -0.0126913           0  0.00731345
 0.00624805  0.00140107 -0.00731345           0
EndNode2[0]<--->HoM1[0]
REAL
   0.345818  -0.0209924  -0.0067303   0.0443499
 -0.0209924    0.153558 -0.00618199  0.00927483
 -0.0067303 -0.00618199    0.162297 -0.00572519
  0.0443499  0.00927483 -0.00572519    0.338327
IMAGINARY
          0 -0.00892462  0.00371453  0.00652097
 0.00892462           0 -0.00271386  0.00692377
-0.00371453  0.00271386           0 -0.00437325
-0.00652097 -0.00692377  0.00437325           0
Repeater1[0]<--->EndNode1[0]
REAL
  0.343789 -0.0120894  0.0266617  0.0304109
-0.0120894   0.156838  0.0142432 -0.0197435
 0.0266617  0.0142432   0.166876 0.00642907
 0.0304109 -0.0197435 0.00642907   0.332497
IMAGINARY
          0   0.0151735  0.00286619 -0.00624805
 -0.0151735           0  -0.0126913  0.00731345
-0.00286619   0.0126913           0 -0.00140107
 0.00624805 -0.00731345  0.00140107           0
Repeater1[0]<--->HoM1[0]
REAL
   0.345818  -0.0067303  -0.0209924   0.0443499
 -0.0067303    0.162297 -0.00618199 -0.00572519
 -0.0209924 -0.00618199    0.153558  0.00927483
  0.0443499 -0.00572519  0.00927483    0.338327
IMAGINARY
          0  0.00371453 -0.00892462  0.00652097
-0.00371453           0  0.00271386 -0.00437325
 0.00892462 -0.00271386           0  0.00692377
-0.00652097  0.00437325 -0.00692377           0
EndNode1[0]<--->Repeater1[0]
REAL
   0.360799 -0.00130797  -0.0056731    0.045286
-0.00130797    0.133583   -0.021779  0.00884972
 -0.0056731   -0.021779    0.169788   0.0133791
   0.045286  0.00884972   0.0133791     0.33583
IMAGINARY
         0 -0.0312453    0.01032  0.0141502
 0.0312453          0  0.0128939  0.0115923
  -0.01032 -0.0128939          0 -0.0119154
-0.0141502 -0.0115923  0.0119154          0
EndNode2[0]<--->HoM1[0]
REAL
   0.322981 -0.00968163    -0.01715    0.036761
-0.00968163    0.162733 -0.00683577  0.00343431
   -0.01715 -0.00683577    0.161491   0.0196567
   0.036761  0.00343431   0.0196567    0.352795
IMAGINARY
           0  0.000790798  -0.00883183   -0.0100939
-0.000790798            0   0.00286655    0.0279054
  0.00883183  -0.00286655            0   -0.0375755
   0.0100939   -0.0279054    0.0375755            0
Repeater1[0]<--->EndNode1[0]
REAL
   0.360799  -0.0056731 -0.00130797    0.045286
 -0.0056731    0.169788   -0.021779   0.0133791
-0.00130797   -0.021779    0.133583  0.00884972
   0.045286   0.0133791  0.00884972     0.33583
IMAGINARY
         0    0.01032 -0.0312453  0.0141502
  -0.01032          0 -0.0128939 -0.0119154
 0.0312453  0.0128939          0  0.0115923
-0.0141502  0.0119154 -0.0115923          0
Repeater1[0]<--->HoM1[0]
REAL
   0.322981    -0.01715 -0.00968163    0.036761
   -0.01715    0.161491 -0.00683577   0.0196567
-0.00968163 -0.00683577    0.162733  0.00343431
   0.036761   0.0196567  0.00343431    0.352795
IMAGINARY
           0  -0.00883183  0.000790798   -0.0100939
  0.00883183            0  -0.00286655   -0.0375755
-0.000790798   0.00286655            0    0.0279054
   0.0100939    0.0375755   -0.0279054            0
EndNode1[0]<--->Repeater1[0]
REAL
   0.336538  0.00253077  0.00050751   0.0337744
 0.00253077     0.16226  -0.0140292 -0.00751388
 0.00050751  -0.0140292    0.145433   -0.010811
  0.0337744 -0.00751388   -0.010811    0.355769
IMAGINARY
           0     0.020717 -0.000237607  -0.00818901
   -0.020717            0   0.00553649    0.0144495
 0.000237607  -0.00553649            0   -0.0142571
  0.00818901   -0.0144495    0.0142571            0
EndNode2[0]<--->HoM1[0]
REAL
   0.342342  -0.0037505 -0.00860204   0.0200055
 -0.0037505    0.157014 -0.00289525 -0.00470594
-0.00860204 -0.00289525    0.184041 -0.00829006
  0.0200055 -0.00470594 -0.00829006    0.316602
IMAGINARY
           0   -0.0221434   -0.0364727 -0.000706171
   0.0221434            0    0.0108585  -0.00296752
   0.0364727   -0.0108585            0     -0.01348
 0.000706171   0.00296752      0.01348            0
Repeater1[0]<--->EndNode1[0]
REAL
   0.336538  0.00050751  0.00253077   0.0337744
 0.00050751    0.145433  -0.0140292   -0.010811
 0.00253077  -0.0140292     0.16226 -0.00751388
  0.0337744   -0.010811 -0.00751388    0.355769
IMAGINARY
           0 -0.000237607     0.020717  -0.00818901
 0.000237607            0  -0.00553649   -0.0142571
   -0.020717   0.00553649            0    0.0144495
  0.00818901    0.0142571   -0.0144495            0
Repeater1[0]<--->HoM1[0]
REAL
   0.342342 -0.00860204  -0.0037505   0.0200055
-0.00860204    0.184041 -0.00289525 -0.00829006
 -0.0037505 -0.00289525    0.157014 -0.00470594
  0.0200055 -0.00829006 -0.00470594    0.316602
IMAGINARY
           0   -0.0364727   -0.0221434 -0.000706171
   0.0364727            0   -0.0108585     -0.01348
   0.0221434    0.0108585            0  -0.00296752
 0.000706171      0.01348   0.00296752            0
EndNode1[0]<--->Repeater1[0]
REAL
   0.326848  -0.0114821   0.0203382   0.0485677
 -0.0114821    0.164721   0.0025319   0.0165311
  0.0203382   0.0025319    0.190661 0.000485983
  0.0485677   0.0165311 0.000485983    0.317769
IMAGINARY
          0   0.0116248   0.0173626   0.0124629
 -0.0116248           0   8.665e-05 -0.00201729
 -0.0173626  -8.665e-05           0  -0.0129035
 -0.0124629  0.00201729   0.0129035           0
EndNode2[0]<--->HoM1[0]
REAL
   0.351876   0.0152521   0.0160638   0.0318107
  0.0152521    0.150065 -0.00322113  0.00744315
  0.0160638 -0.00322113    0.163001 -0.00572221
  0.0318107  0.00744315 -0.00572221    0.335058
IMAGINARY
           0  -0.00966625  -0.00137246   -0.0091339
  0.00966625            0  -0.00658937   -0.0132772
  0.00137246   0.00658937            0  0.000112109
   0.0091339    0.0132772 -0.000112109            0
Repeater1[0]<--->EndNode1[0]
REAL
   0.326848   0.0203382  -0.0114821   0.0485677
  0.0203382    0.190661   0.0025319 0.000485983
 -0.0114821   0.0025319    0.164721   0.0165311
  0.0485677 0.000485983   0.0165311    0.317769
IMAGINARY
          0   0.0173626   0.0116248   0.0124629
 -0.0173626           0  -8.665e-05  -0.0129035
 -0.0116248   8.665e-05           0 -0.00201729
 -0.0124629   0.0129035  0.00201729           0
Repeater1[0]<--->HoM1[0]
REAL
   0.351876   0.0160638   0.0152521   0.0318107
  0.0160638    0.163001 -0.00322113 -0.00572221
  0.0152521 -0.00322113    0.150065  0.00744315
  0.0318107 -0.00572221  0.00744315    0.335058
IMAGINARY
           0  -0.00137246  -0.00966625   -0.0091339
  0.00137246            0   0.00658937  0.000112109
  0.00966625  -0.00658937            0   -0.0132772
   0.0091339 -0.000112109    0.0132772            0
EndNode1[0]<--->Repeater1[0]
REAL
   0.342742 -0.00971971 -0.00809272   0.0224334
-0.00971971    0.162634   0.0101753  -0.0100232
-0.00809272   0.0101753     0.16129  0.00730425
  0.0224334  -0.0100232  0.00730425    0.333333
IMAGINARY
          0 -0.00904717   0.0108985  0.00656031
 0.00904717           0    0.022773 -0.00251143
 -0.0108985   -0.022773           0  -0.0148238
-0.00656031  0.00251143   0.0148238           0
EndNode2[0]<--->HoM1[0]
REAL
   0.314143 4.80981e-05  -0.0198403   0.0354448
4.80981e-05    0.148936   0.0184208 -0.00740937
 -0.0198403   0.0184208    0.190238 -0.00194924
  0.0354448 -0.00740937 -0.00194924    0.346683
IMAGINARY
          0 -0.00150956   0.0190763   0.0046698
 0.00150956           0   0.0059685  -0.0159237
 -0.0190763  -0.0059685           0  0.00214008
 -0.0046698   0.0159237 -0.00214008           0
Repeater1[0]<--->EndNode1[0]
REAL
   0.342742 -0.00809272 -0.00971971   0.0224334
-0.00809272     0.16129   0.0101753  0.00730425
-0.00971971   0.0101753    0.162634  -0.0100232
  0.0224334  0.00730425  -0.0100232    0.333333
IMAGINARY
          0   0.0108985 -0.00904717  0.00656031
 -0.0108985           0   -0.022773  -0.0148238
 0.00904717    0.022773           0 -0.00251143
-0.00656031   0.0148238  0.00251143           0
Repeater1[0]<--->HoM1[0]
REAL
   0.314143  -0.0198403 4.80981e-05   0.0354448
 -0.0198403    0.190238   0.0184208 -0.00194924
4.80981e-05   0.0184208    0.148936 -0.00740937
  0.0354448 -0.00194924 -0.00740937    0.346683
IMAGINARY
          0   0.0190763 -0.00150956   0.0046698
 -0.0190763           0  -0.0059685  0.00214008
 0.00150956   0.0059685           0  -0.0159237
 -0.0046698 -0.00214008   0.0159237           0
EndNode1[0]<--->Repeater1[0]
REAL
   0.364183  -0.0123093  0.00671987    0.029654
 -0.0123093    0.152644 -0.00427681  -0.0101492
 0.00671987 -0.00427681    0.139423   0.0116234
   0.029654  -0.0101492   0.0116234     0.34375
IMAGINARY
           0   0.00976432   0.00219043  -0.00400733
 -0.00976432            0  -0.00337522  -0.00155022
 -0.00219043   0.00337522            0 -0.000161243
  0.00400733   0.00155022  0.000161243            0
EndNode2[0]<--->HoM1[0]
REAL
   0.314621   0.0255551   0.0242715   0.0232826
  0.0255551    0.171018   0.0042174   0.0019785
  0.0242715   0.0042174    0.174935 -0.00430511
  0.0232826   0.0019785 -0.00430511    0.339426
IMAGINARY
          0   0.0155909  -0.0131986   -0.018277
 -0.0155909           0 -0.00430369  0.00274346
  0.0131986  0.00430369           0   0.0280745
   0.018277 -0.00274346  -0.0280745           0
Repeater1[0]<--->EndNode1[0]
REAL
   0.364183  0.00671987  -0.0123093    0.029654
 0.00671987    0.139423 -0.00427681   0.0116234
 -0.0123093 -0.00427681    0.152644  -0.0101492
   0.029654   0.0116234  -0.0101492     0.34375
IMAGINARY
           0   0.00219043   0.00976432  -0.00400733
 -0.00219043            0   0.00337522 -0.000161243
 -0.00976432  -0.00337522            0  -0.00155022
  0.00400733  0.000161243   0.00155022            0
Repeater1[0]<--->HoM1[0]
REAL
   0.314621   0.0242715   0.0255551   0.0232826
  0.0242715    0.174935   0.0042174 -0.00430511
  0.0255551   0.0042174    0.171018   0.0019785
  0.0232826 -0.00430511   0.0019785    0.339426
IMAGINARY
          0  -0.0131986   0.0155909   -0.018277
  0.0131986           0  0.00430369   0.0280745
 -0.0155909 -0.00430369           0  0.00274346
   0.018277  -0.0280745 -0.00274346           0
EndNode1[0]<--->Repeater1[0]
REAL
  0.331639 0.00660526  -0.015608  0.0273693
0.00660526   0.170267 0.00313464 -0.0175485
 -0.015608 0.00313464   0.163914 0.00267856
 0.0273693 -0.0175485 0.00267856    0.33418
IMAGINARY
          0  -0.0256877    0.017696  0.00604433
  0.0256877           0   0.0213442   0.0282223
  -0.017696  -0.0213442           0  0.00910609
-0.00604433  -0.0282223 -0.00910609           0
EndNode2[0]<--->HoM1[0]
REAL
   0.341709  0.00655753  0.00150936   0.0171776
 0.00655753    0.175879 -0.00195509   0.0336194
 0.00150936 -0.00195509    0.165829 -0.00421561
  0.0171776   0.0336194 -0.00421561    0.316583
IMAGINARY
          0  0.00446429   0.0343625   0.0290268
-0.00446429           0   0.0144514  0.00900487
 -0.0343625  -0.0144514           0  0.00446429
 -0.0290268 -0.00900487 -0.00446429           0
Repeater1[0]<--->EndNode1[0]
REAL
  0.331639  -0.015608 0.00660526  0.0273693
 -0.015608   0.163914 0.00313464 0.00267856
0.00660526 0.00313464   0.170267 -0.0175485
 0.0273693 0.00267856 -0.0175485    0.33418
IMAGINARY
          0    0.017696  -0.0256877  0.00604433
  -0.017696           0  -0.0213442  0.00910609
  0.0256877   0.0213442           0   0.0282223
-0.00604433 -0.00910609  -0.0282223           0
Repeater1[0]<--->HoM1[0]
REAL
   0.341709  0.00150936  0.00655753   0.0171776
 0.00150936    0.165829 -0.00195509 -0.00421561
 0.00655753 -0.00195509    0.175879   0.0336194
  0.0171776 -0.00421561   0.0336194    0.316583
IMAGINARY
          0   0.0343625  0.00446429   0.0290268
 -0.0343625           0  -0.0144514  0.00446429
-0.00446429   0.0144514           0  0.00900487
 -0.0290268 -0.00446429 -0.00900487           0
EndNode1[0]<--->Repeater1[0]
REAL
   0.351036   0.0187061   -0.017243   0.0494574
  0.0187061    0.164508 -0.00802095  -0.0159061
  -0.017243 -0.00802095    0.161917    0.014443
  0.0494574  -0.0159061    0.014443    0.322539
IMAGINARY
           0 -0.000776357   -0.0212018   -0.0209262
 0.000776357            0 -9.28875e-05    0.0280003
   0.0212018  9.28875e-05            0   0.00633878
   0.0209262   -0.0280003  -0.00633878            0
EndNode2[0]<--->HoM1[0]
REAL
   0.333333  -0.0272132  0.00580266   0.0188148
 -0.0272132    0.167296 0.000596177  -0.0104881
 0.00580266 0.000596177    0.161006 -0.00558468
  0.0188148  -0.0104881 -0.00558468    0.338365
IMAGINARY
          0    0.019774 -0.00947505 -0.00767269
  -0.019774           0   0.0120642  -0.0100931
 0.00947505  -0.0120642           0  -0.0069535
 0.00767269   0.0100931   0.0069535           0
Repeater1[0]<--->EndNode1[0]
REAL
   0.351036   -0.017243   0.0187061   0.0494574
  -0.017243    0.161917 -0.00802095    0.014443
  0.0187061 -0.00802095    0.164508  -0.0159061
  0.0494574    0.014443  -0.0159061    0.322539
IMAGINARY
           0   -0.0212018 -0.000776357   -0.0209262
   0.0212018            0  9.28875e-05   0.00633878
 0.000776357 -9.28875e-05            0    0.0280003
   0.0209262  -0.00633878   -0.0280003            0
Repeater1[0]<--->HoM1[0]
REAL
   0.333333  0.00580266  -0.0272132   0.0188148
 0.00580266    0.161006 0.000596177 -0.00558468
 -0.0272132 0.000596177    0.167296  -0.0104881
  0.0188148 -0.00558468  -0.0104881    0.338365
IMAGINARY
          0 -0.00947505    0.019774 -0.00767269
 0.00947505           0  -0.0120642  -0.0069535
  -0.019774   0.0120642           0  -0.0100931
 0.00767269   0.0069535   0.0100931           0
EndNode1[0]<--->Repeater1[0]
REAL
    0.327979    0.0251083     0.016003    0.0577986
   0.0251083      0.15261 -0.000691984    0.0119158
    0.016003 -0.000691984     0.175368   0.00154143
   0.0577986    0.0119158   0.00154143     0.344043
IMAGINARY
          0  -0.0162508  -0.0342112   0.0013318
  0.0162508           0  0.00580179    0.018488
  0.0342112 -0.00580179           0 -0.00953533
 -0.0013318   -0.018488  0.00953533           0
EndNode2[0]<--->HoM1[0]
REAL
   0.308564 -0.00641101  0.00650981   0.0169399
-0.00641101    0.154912  -0.0273026   0.0116249
 0.00650981  -0.0273026     0.18262  -0.0298584
  0.0169399   0.0116249  -0.0298584    0.353904
IMAGINARY
          0     0.02502 -0.00758018   0.0060947
   -0.02502           0   0.0124238 -0.00514709
 0.00758018  -0.0124238           0 -0.00502003
 -0.0060947  0.00514709  0.00502003           0
Repeater1[0]<--->EndNode1[0]
REAL
    0.327979     0.016003    0.0251083    0.0577986
    0.016003     0.175368 -0.000691984   0.00154143
   0.0251083 -0.000691984      0.15261    0.0119158
   0.0577986   0.00154143    0.0119158     0.344043
IMAGINARY
          0  -0.0342112  -0.0162508   0.0013318
  0.0342112           0 -0.00580179 -0.00953533
  0.0162508  0.00580179           0    0.018488
 -0.0013318  0.00953533   -0.018488           0
Repeater1[0]<--->HoM1[0]
REAL
   0.308564  0.00650981 -0.00641101   0.0169399
 0.00650981     0.18262  -0.0273026  -0.0298584
-0.00641101  -0.0273026    0.154912   0.0116249
  0.0169399  -0.0298584   0.0116249    0.353904
IMAGINARY
          0 -0.00758018     0.02502   0.0060947
 0.00758018           0  -0.0124238 -0.00502003
   -0.02502   0.0124238           0 -0.00514709
 -0.0060947  0.00502003  0.00514709           0
EndNode1[0]<--->Repeater1[0]
REAL
    0.333333  -0.00963946    0.0122102    0.0322319
 -0.00963946     0.179775    0.0244963   -0.0148487
   0.0122102    0.0244963     0.133583 -0.000914629
   0.0322319   -0.0148487 -0.000914629     0.353308
IMAGINARY
          0  0.00375543  -0.0021994   0.0221523
-0.00375543           0  0.00688001  0.00290264
  0.0021994 -0.00688001           0   0.0067931
 -0.0221523 -0.00290264  -0.0067931           0
EndNode2[0]<--->HoM1[0]
REAL
  0.333333 -0.0168224 0.00582751  0.0329322
-0.0168224    0.15873 0.00213273  0.0032634
0.00582751 0.00213273   0.172161 0.00253672
 0.0329322  0.0032634 0.00253672   0.335775
IMAGINARY
          0  0.00542175   -0.012966   0.0136708
-0.00542175           0  0.00414092  0.00444697
   0.012966 -0.00414092           0   0.0162034
 -0.0136708 -0.00444697  -0.0162034           0
Repeater1[0]<--->EndNode1[0]
REAL
    0.333333    0.0122102  -0.00963946    0.0322319
   0.0122102     0.133583    0.0244963 -0.000914629
 -0.00963946    0.0244963     0.179775   -0.0148487
   0.0322319 -0.000914629   -0.0148487     0.353308
IMAGINARY
          0  -0.0021994  0.00375543   0.0221523
  0.0021994           0 -0.00688001   0.0067931
-0.00375543  0.00688001           0  0.00290264
 -0.0221523  -0.0067931 -0.00290264           0
Repeater1[0]<--->HoM1[0]
REAL
  0.333333 0.00582751 -0.0168224  0.0329322
0.00582751   0.172161 0.00213273 0.00253672
-0.0168224 0.00213273    0.15873  0.0032634
 0.0329322 0.00253672  0.0032634   0.335775
IMAGINARY
          0   -0.012966  0.00542175   0.0136708
   0.012966           0 -0.00414092   0.0162034
-0.00542175  0.00414092           0  0.00444697
 -0.0136708  -0.0162034 -0.00444697           0
EndNode1[0]<--->Repeater1[0]
REAL
   0.323058  0.00643705 -0.00588152   0.0322412
 0.00643705    0.160296 0.000827585 -0.00205499
-0.00588152 0.000827585    0.150432  -0.0024688
  0.0322412 -0.00205499  -0.0024688    0.366215
IMAGINARY
          0   0.0171631   0.0211296   -0.016607
 -0.0171631           0 -0.00141708   0.0115929
 -0.0211296  0.00141708           0    0.020795
   0.016607  -0.0115929   -0.020795           0
EndNode2[0]<--->HoM1[0]
REAL
   0.338832  -0.0230305 -0.00219963   0.0467037
 -0.0230305    0.147208   0.0106734 -0.00599709
-0.00219963   0.0106734    0.172589  -0.0318245
  0.0467037 -0.00599709  -0.0318245    0.341371
IMAGINARY
          0  0.00630339   0.0131367 -0.00717333
-0.00630339           0 -0.00782016 -0.00744766
 -0.0131367  0.00782016           0  0.00697095
 0.00717333  0.00744766 -0.00697095           0
Repeater1[0]<--->EndNode1[0]
REAL
   0.323058 -0.00588152  0.00643705   0.0322412
-0.00588152    0.150432 0.000827585  -0.0024688
 0.00643705 0.000827585    0.160296 -0.00205499
  0.0322412  -0.0024688 -0.00205499    0.366215
IMAGINARY
          0   0.0211296   0.0171631   -0.016607
 -0.0211296           0  0.00141708    0.020795
 -0.0171631 -0.00141708           0   0.0115929
   0.016607   -0.020795  -0.0115929           0
Repeater1[0]<--->HoM1[0]
REAL
   0.338832 -0.00219963  -0.0230305   0.0467037
-0.00219963    0.172589   0.0106734  -0.0318245
 -0.0230305   0.0106734    0.147208 -0.00599709
  0.0467037  -0.0318245 -0.00599709    0.341371
IMAGINARY
          0   0.0131367  0.00630339 -0.00717333
 -0.0131367           0  0.00782016  0.00697095
-0.00630339 -0.00782016           0 -0.00744766
 0.00717333 -0.00697095  0.00744766           0
EndNode1[0]<--->Repeater1[0]
REAL
  0.329285 -0.0125409  0.0173494  0.0262033
-0.0125409   0.180837 -0.0036569  0.0224384
 0.0173494 -0.0036569   0.194332  0.0178459
 0.0262033  0.0224384  0.0178459   0.295547
IMAGINARY
           0  -0.00476736    0.0246721   -0.0311911
  0.00476736            0   -0.0153483   0.00391743
  -0.0246721    0.0153483            0 -0.000950561
   0.0311911  -0.00391743  0.000950561            0
EndNode2[0]<--->HoM1[0]
REAL
   0.322156   0.0150525   0.0143906   0.0139442
  0.0150525    0.147305  -0.0233309  -0.0237773
  0.0143906  -0.0233309    0.178443 -0.00566575
  0.0139442  -0.0237773 -0.00566575    0.352096
IMAGINARY
         0   0.017492 -0.0238745  0.0119154
 -0.017492          0  0.0144665  0.0174478
 0.0238745 -0.0144665          0 -0.0187774
-0.0119154 -0.0174478  0.0187774          0
Repeater1[0]<--->EndNode1[0]
REAL
  0.329285  0.0173494 -0.0125409  0.0262033
 0.0173494   0.194332 -0.0036569  0.0178459
-0.0125409 -0.0036569   0.180837  0.0224384
 0.0262033  0.0178459  0.0224384   0.295547
IMAGINARY
           0    0.0246721  -0.00476736   -0.0311911
  -0.0246721            0    0.0153483 -0.000950561
  0.00476736   -0.0153483            0   0.00391743
   0.0311911  0.000950561  -0.00391743            0
Repeater1[0]<--->HoM1[0]
REAL
   0.322156   0.0143906   0.0150525   0.0139442
  0.0143906    0.178443  -0.0233309 -0.00566575
  0.0150525  -0.0233309    0.147305  -0.0237773
  0.0139442 -0.00566575  -0.0237773    0.352096
IMAGINARY
         0 -0.0238745   0.017492  0.0119154
 0.0238745          0 -0.0144665 -0.0187774
 -0.017492  0.0144665          0  0.0174478
-0.0119154  0.0187774 -0.0174478          0
EndNode1[0]<--->Repeater1[0]
REAL
   0.344603 -0.00357695   0.0190038   0.0326399
-0.00357695    0.156047 -0.00779139 -0.00870073
  0.0190038 -0.00779139    0.176853   0.0114557
  0.0326399 -0.00870073   0.0114557    0.322497
IMAGINARY
          0 -0.00478588   0.0131732 -0.00924507
 0.00478588           0  0.00856664 -0.00643465
 -0.0131732 -0.00856664           0   0.0101767
 0.00924507  0.00643465  -0.0101767           0
EndNode2[0]<--->HoM1[0]
REAL
   0.326557  0.00871314  0.00591531   0.0144207
 0.00871314    0.149936  0.00836747 0.000787104
 0.00591531  0.00836747    0.180432  -0.0207775
  0.0144207 0.000787104  -0.0207775    0.343075
IMAGINARY
           0   0.00694707   0.00476003   0.00413945
 -0.00694707            0  0.000341983   -0.0144453
 -0.00476003 -0.000341983            0   0.00758078
 -0.00413945    0.0144453  -0.00758078            0
Repeater1[0]<--->EndNode1[0]
REAL
   0.344603   0.0190038 -0.00357695   0.0326399
  0.0190038    0.176853 -0.00779139   0.0114557
-0.00357695 -0.00779139    0.156047 -0.00870073
  0.0326399   0.0114557 -0.00870073    0.322497
IMAGINARY
          0   0.0131732 -0.00478588 -0.00924507
 -0.0131732           0 -0.00856664   0.0101767
 0.00478588  0.00856664           0 -0.00643465
 0.00924507  -0.0101767  0.00643465           0
Repeater1[0]<--->HoM1[0]
REAL
   0.326557  0.00591531  0.00871314   0.0144207
 0.00591531    0.180432  0.00836747  -0.0207775
 0.00871314  0.00836747    0.149936 0.000787104
  0.0144207  -0.0207775 0.000787104    0.343075
IMAGINARY
           0   0.00476003   0.00694707   0.00413945
 -0.00476003            0 -0.000341983   0.00758078
 -0.00694707  0.000341983            0   -0.0144453
 -0.00413945  -0.00758078    0.0144453            0
EndNode1[0]<--->Repeater1[0]
REAL
  0.342448 0.00768843 0.00625951  0.0471883
0.00768843   0.169271 -0.0115617  -0.012402
0.00625951 -0.0115617    0.15625 0.00582508
 0.0471883  -0.012402 0.00582508   0.332031
IMAGINARY
          0  -0.0046139  0.00259446  -0.0132408
  0.0046139           0  -0.0118557  -0.0225945
-0.00259446   0.0118557           0   0.0108639
  0.0132408   0.0225945  -0.0108639           0
EndNode2[0]<--->HoM1[0]
REAL
    0.32349 -0.00316423 0.000982188   0.0231535
-0.00316423    0.169128  -0.0212329  0.00477966
0.000982188  -0.0212329    0.165101   0.0255714
  0.0231535  0.00477966   0.0255714    0.342282
IMAGINARY
          0 -0.00487137  -0.0041817 -0.00905457
 0.00487137           0  -0.0103046 -0.00234571
  0.0041817   0.0103046           0  0.00748234
 0.00905457  0.00234571 -0.00748234           0
Repeater1[0]<--->EndNode1[0]
REAL
  0.342448 0.00625951 0.00768843  0.0471883
0.00625951    0.15625 -0.0115617 0.00582508
0.00768843 -0.0115617   0.169271  -0.012402
 0.0471883 0.00582508  -0.012402   0.332031
IMAGINARY
          0  0.00259446  -0.0046139  -0.0132408
-0.00259446           0   0.0118557   0.0108639
  0.0046139  -0.0118557           0  -0.0225945
  0.0132408  -0.0108639   0.0225945           0
Repeater1[0]<--->HoM1[0]
REAL
    0.32349 0.000982188 -0.00316423   0.0231535
0.000982188    0.165101  -0.0212329   0.0255714
-0.00316423  -0.0212329    0.169128  0.00477966
  0.0231535   0.0255714  0.00477966    0.342282
IMAGINARY
          0  -0.0041817 -0.00487137 -0.00905457
  0.0041817           0   0.0103046  0.00748234
 0.00487137  -0.0103046           0 -0.00234571
 0.00905457 -0.00748234  0.00234571           0
