EndNode1[0]<--->Repeater1[0]
REAL
   0.334951 -0.00475439   0.0165378    0.201702
-0.00475439     0.17233   0.0660641  -0.0152688
  0.0165378   0.0660641    0.173544 -0.00539789
   0.201702  -0.0152688 -0.00539789    0.319175
IMAGINARY
           0   -0.0169544   -0.0198001  0.000856113
   0.0169544            0    0.0131512  -0.00945525
   0.0198001   -0.0131512            0   0.00631607
-0.000856113   0.00945525  -0.00631607            0
EndNode2[0]<--->HoM1[0]
REAL
    0.326613   -0.0155015 -0.000686904     0.221713
  -0.0155015      0.16129    0.0501704   -0.0205333
-0.000686904    0.0501704     0.177419     0.012849
    0.221713   -0.0205333     0.012849     0.334677
IMAGINARY
          0   0.0115365   0.0301515  -0.0153388
 -0.0115365           0 -0.00536379  0.00841235
 -0.0301515  0.00536379           0  0.00974009
  0.0153388 -0.00841235 -0.00974009           0
Repeater1[0]<--->EndNode1[0]
REAL
   0.334951   0.0165378 -0.00475439    0.201702
  0.0165378    0.173544   0.0660641 -0.00539789
-0.00475439   0.0660641     0.17233  -0.0152688
   0.201702 -0.00539789  -0.0152688    0.319175
IMAGINARY
           0   -0.0198001   -0.0169544  0.000856113
   0.0198001            0   -0.0131512   0.00631607
   0.0169544    0.0131512            0  -0.00945525
-0.000856113  -0.00631607   0.00945525            0
Repeater1[0]<--->HoM1[0]
REAL
    0.326613 -0.000686904   -0.0155015     0.221713
-0.000686904     0.177419    0.0501704     0.012849
  -0.0155015    0.0501704      0.16129   -0.0205333
    0.221713     0.012849   -0.0205333     0.334677
IMAGINARY
          0   0.0301515   0.0115365  -0.0153388
 -0.0301515           0  0.00536379  0.00974009
 -0.0115365 -0.00536379           0  0.00841235
  0.0153388 -0.00974009 -0.00841235           0
EndNode1[0]<--->Repeater1[0]
REAL
   0.342266  -0.0357901 -0.00658103    0.211139
 -0.0357901    0.182704   0.0501671 -0.00723806
-0.00658103   0.0501671    0.133983   0.0194585
   0.211139 -0.00723806   0.0194585    0.341048
IMAGINARY
          0  -0.0303743   0.0452072   0.0281443
  0.0303743           0  -0.0160476  0.00538416
 -0.0452072   0.0160476           0 -0.00444834
 -0.0281443 -0.00538416  0.00444834           0
EndNode2[0]<--->HoM1[0]
REAL
   0.320755  -0.0144857 -0.00500038     0.22844
 -0.0144857    0.169811   0.0609004  0.00246231
-0.00500038   0.0609004    0.167296  -0.0210473
    0.22844  0.00246231  -0.0210473    0.342138
IMAGINARY
          0  -0.0157137  0.00525916  -0.0216504
  0.0157137           0 -0.00677334  0.00782985
-0.00525916  0.00677334           0  -0.0104643
  0.0216504 -0.00782985   0.0104643           0
Repeater1[0]<--->EndNode1[0]
REAL
   0.342266 -0.00658103  -0.0357901    0.211139
-0.00658103    0.133983   0.0501671   0.0194585
 -0.0357901   0.0501671    0.182704 -0.00723806
   0.211139   0.0194585 -0.00723806    0.341048
IMAGINARY
          0   0.0452072  -0.0303743   0.0281443
 -0.0452072           0   0.0160476 -0.00444834
  0.0303743  -0.0160476           0  0.00538416
 -0.0281443  0.00444834 -0.00538416           0
Repeater1[0]<--->HoM1[0]
REAL
   0.320755 -0.00500038  -0.0144857     0.22844
-0.00500038    0.167296   0.0609004  -0.0210473
 -0.0144857   0.0609004    0.169811  0.00246231
    0.22844  -0.0210473  0.00246231    0.342138
IMAGINARY
          0  0.00525916  -0.0157137  -0.0216504
-0.00525916           0  0.00677334  -0.0104643
  0.0157137 -0.00677334           0  0.00782985
  0.0216504   0.0104643 -0.00782985           0
EndNode1[0]<--->Repeater1[0]
REAL
   0.317043 -0.00643008 -0.00961538    0.224708
-0.00643008     0.14411   0.0637534 -0.00192308
-0.00961538   0.0637534    0.181704  0.00130188
   0.224708 -0.00192308  0.00130188    0.357143
IMAGINARY
           0   0.00591699    0.0145084   -0.0166851
 -0.00591699            0   -0.0290138   -0.0126724
  -0.0145084    0.0290138            0  0.000814953
   0.0166851    0.0126724 -0.000814953            0
EndNode2[0]<--->HoM1[0]
REAL
   0.351175 -0.00591157   0.0115173    0.218218
-0.00591157    0.160574   0.0705492  0.00374525
  0.0115173   0.0705492    0.178851   0.0248371
   0.218218  0.00374525   0.0248371    0.309399
IMAGINARY
          0 -0.00167472   0.0139177 -0.00113772
 0.00167472           0  -0.0079312  0.00292163
 -0.0139177   0.0079312           0 -0.00739264
 0.00113772 -0.00292163  0.00739264           0
Repeater1[0]<--->EndNode1[0]
REAL
   0.317043 -0.00961538 -0.00643008    0.224708
-0.00961538    0.181704   0.0637534  0.00130188
-0.00643008   0.0637534     0.14411 -0.00192308
   0.224708  0.00130188 -0.00192308    0.357143
IMAGINARY
           0    0.0145084   0.00591699   -0.0166851
  -0.0145084            0    0.0290138  0.000814953
 -0.00591699   -0.0290138            0   -0.0126724
   0.0166851 -0.000814953    0.0126724            0
Repeater1[0]<--->HoM1[0]
REAL
   0.351175   0.0115173 -0.00591157    0.218218
  0.0115173    0.178851   0.0705492   0.0248371
-0.00591157   0.0705492    0.160574  0.00374525
   0.218218   0.0248371  0.00374525    0.309399
IMAGINARY
          0   0.0139177 -0.00167472 -0.00113772
 -0.0139177           0   0.0079312 -0.00739264
 0.00167472  -0.0079312           0  0.00292163
 0.00113772  0.00739264 -0.00292163           0
EndNode1[0]<--->Repeater1[0]
REAL
   0.345477  -0.0124325  -0.0142197    0.208219
 -0.0124325    0.178392   0.0712681 -0.00116489
 -0.0142197   0.0712681    0.168342  0.00730432
   0.208219 -0.00116489  0.00730432    0.307789
IMAGINARY
          0 -0.00808371   0.0198672   0.0108028
 0.00808371           0  0.00956516  -0.0108233
 -0.0198672 -0.00956516           0  0.00549973
 -0.0108028   0.0108233 -0.00549973           0
EndNode2[0]<--->HoM1[0]
REAL
   0.327389    0.014028    0.010103     0.22801
   0.014028     0.16051   0.0609082 -0.00746452
   0.010103   0.0609082    0.170701   0.0018031
    0.22801 -0.00746452   0.0018031    0.341401
IMAGINARY
          0 -0.00640009 -0.00633744 -0.00471325
 0.00640009           0   0.0169084  -0.0249942
 0.00633744  -0.0169084           0   0.0207604
 0.00471325   0.0249942  -0.0207604           0
Repeater1[0]<--->EndNode1[0]
REAL
   0.345477  -0.0142197  -0.0124325    0.208219
 -0.0142197    0.168342   0.0712681  0.00730432
 -0.0124325   0.0712681    0.178392 -0.00116489
   0.208219  0.00730432 -0.00116489    0.307789
IMAGINARY
          0   0.0198672 -0.00808371   0.0108028
 -0.0198672           0 -0.00956516  0.00549973
 0.00808371  0.00956516           0  -0.0108233
 -0.0108028 -0.00549973   0.0108233           0
Repeater1[0]<--->HoM1[0]
REAL
   0.327389    0.010103    0.014028     0.22801
   0.010103    0.170701   0.0609082   0.0018031
   0.014028   0.0609082     0.16051 -0.00746452
    0.22801   0.0018031 -0.00746452    0.341401
IMAGINARY
          0 -0.00633744 -0.00640009 -0.00471325
 0.00633744           0  -0.0169084   0.0207604
 0.00640009   0.0169084           0  -0.0249942
 0.00471325  -0.0207604   0.0249942           0
EndNode1[0]<--->Repeater1[0]
REAL
  0.328225 -0.0219506 0.00582902    0.22023
-0.0219506   0.189017  0.0725164 0.00582902
0.00582902  0.0725164   0.176245 0.00511124
   0.22023 0.00582902 0.00511124   0.306513
IMAGINARY
           0    0.0105607  -0.00252808  -0.00733712
  -0.0105607            0  -0.00937239 -0.000562155
  0.00252808   0.00937239            0   -0.0037622
  0.00733712  0.000562155    0.0037622            0
EndNode2[0]<--->HoM1[0]
REAL
   0.317073  -0.0127912 -0.00770022    0.229208
 -0.0127912    0.190244   0.0654583  0.00236689
-0.00770022   0.0654583     0.15122  0.00212451
   0.229208  0.00236689  0.00212451    0.341463
IMAGINARY
           0   0.00970525  -0.00985437    0.0068166
 -0.00970525            0   0.00218083 -0.000145631
  0.00985437  -0.00218083            0   0.00904475
  -0.0068166  0.000145631  -0.00904475            0
Repeater1[0]<--->EndNode1[0]
REAL
  0.328225 0.00582902 -0.0219506    0.22023
0.00582902   0.176245  0.0725164 0.00511124
-0.0219506  0.0725164   0.189017 0.00582902
   0.22023 0.00511124 0.00582902   0.306513
IMAGINARY
           0  -0.00252808    0.0105607  -0.00733712
  0.00252808            0   0.00937239   -0.0037622
  -0.0105607  -0.00937239            0 -0.000562155
  0.00733712    0.0037622  0.000562155            0
Repeater1[0]<--->HoM1[0]
REAL
   0.317073 -0.00770022  -0.0127912    0.229208
-0.00770022     0.15122   0.0654583  0.00212451
 -0.0127912   0.0654583    0.190244  0.00236689
   0.229208  0.00212451  0.00236689    0.341463
IMAGINARY
           0  -0.00985437   0.00970525    0.0068166
  0.00985437            0  -0.00218083   0.00904475
 -0.00970525   0.00218083            0 -0.000145631
  -0.0068166  -0.00904475  0.000145631            0
EndNode1[0]<--->Repeater1[0]
REAL
   0.34418 0.00167515 0.00680689   0.204951
0.00167515     0.1602  0.0728267  0.0152815
0.00680689  0.0728267   0.172716 0.00434895
  0.204951  0.0152815 0.00434895   0.322904
IMAGINARY
          0  -0.0104234  0.00507567   -0.025407
  0.0104234           0  0.00661913  -0.0128477
-0.00507567 -0.00661913           0   0.0130141
   0.025407   0.0128477  -0.0130141           0
EndNode2[0]<--->HoM1[0]
REAL
    0.318299   0.00544927  -0.00976453     0.247176
  0.00544927     0.154639    0.0676391 -0.000112017
 -0.00976453    0.0676391     0.177835 -0.000510997
    0.247176 -0.000112017 -0.000510997     0.349227
IMAGINARY
           0   -0.0440396  -0.00875144  0.000980437
   0.0440396            0  -0.00838286  -0.00476208
  0.00875144   0.00838286            0   0.00478609
-0.000980437   0.00476208  -0.00478609            0
Repeater1[0]<--->EndNode1[0]
REAL
   0.34418 0.00680689 0.00167515   0.204951
0.00680689   0.172716  0.0728267 0.00434895
0.00167515  0.0728267     0.1602  0.0152815
  0.204951 0.00434895  0.0152815   0.322904
IMAGINARY
          0  0.00507567  -0.0104234   -0.025407
-0.00507567           0 -0.00661913   0.0130141
  0.0104234  0.00661913           0  -0.0128477
   0.025407  -0.0130141   0.0128477           0
Repeater1[0]<--->HoM1[0]
REAL
    0.318299  -0.00976453   0.00544927     0.247176
 -0.00976453     0.177835    0.0676391 -0.000510997
  0.00544927    0.0676391     0.154639 -0.000112017
    0.247176 -0.000510997 -0.000112017     0.349227
IMAGINARY
           0  -0.00875144   -0.0440396  0.000980437
  0.00875144            0   0.00838286   0.00478609
   0.0440396  -0.00838286            0  -0.00476208
-0.000980437  -0.00478609   0.00476208            0
EndNode1[0]<--->Repeater1[0]
REAL
  0.335113 0.00871619  -0.014563   0.197742
0.00871619   0.181575  0.0681611 0.00184038
 -0.014563  0.0681611   0.145527 -0.0163498
  0.197742 0.00184038 -0.0163498   0.337784
IMAGINARY
          0   0.0156458 -0.00886362   0.0132644
 -0.0156458           0  0.00775473 -0.00946099
 0.00886362 -0.00775473           0  0.00398774
 -0.0132644  0.00946099 -0.00398774           0
EndNode2[0]<--->HoM1[0]
REAL
    0.312732      0.02364   -0.0161765     0.213758
     0.02364     0.165637    0.0536532   0.00106484
  -0.0161765    0.0536532     0.175525 -0.000643939
    0.213758   0.00106484 -0.000643939     0.346106
IMAGINARY
          0 -0.00671077  0.00576945  0.00260596
 0.00671077           0   0.0076821   0.0112909
-0.00576945  -0.0076821           0  0.00933544
-0.00260596  -0.0112909 -0.00933544           0
Repeater1[0]<--->EndNode1[0]
REAL
  0.335113  -0.014563 0.00871619   0.197742
 -0.014563   0.145527  0.0681611 -0.0163498
0.00871619  0.0681611   0.181575 0.00184038
  0.197742 -0.0163498 0.00184038   0.337784
IMAGINARY
          0 -0.00886362   0.0156458   0.0132644
 0.00886362           0 -0.00775473  0.00398774
 -0.0156458  0.00775473           0 -0.00946099
 -0.0132644 -0.00398774  0.00946099           0
Repeater1[0]<--->HoM1[0]
REAL
    0.312732   -0.0161765      0.02364     0.213758
  -0.0161765     0.175525    0.0536532 -0.000643939
     0.02364    0.0536532     0.165637   0.00106484
    0.213758 -0.000643939   0.00106484     0.346106
IMAGINARY
          0  0.00576945 -0.00671077  0.00260596
-0.00576945           0  -0.0076821  0.00933544
 0.00671077   0.0076821           0   0.0112909
-0.00260596 -0.00933544  -0.0112909           0
EndNode1[0]<--->Repeater1[0]
REAL
   0.323529   -0.023734  -0.0217858    0.221801
  -0.023734    0.193095   0.0837179  0.00930225
 -0.0217858   0.0837179    0.158568 -0.00977458
   0.221801  0.00930225 -0.00977458    0.324808
IMAGINARY
           0   0.00627699   -0.0201315   0.00845594
 -0.00627699            0 -0.000723984   0.00184651
   0.0201315  0.000723984            0     0.010747
 -0.00845594  -0.00184651    -0.010747            0
EndNode2[0]<--->HoM1[0]
REAL
   0.340426 0.000140668 -0.00654036    0.220568
0.000140668    0.178974   0.0498027   0.0312317
-0.00654036   0.0498027    0.157697    0.012205
   0.220568   0.0312317    0.012205    0.322904
IMAGINARY
          0  0.00252957  -0.0203199  -0.0154679
-0.00252957           0 -0.00248085  0.00392648
  0.0203199  0.00248085           0 -0.00662793
  0.0154679 -0.00392648  0.00662793           0
Repeater1[0]<--->EndNode1[0]
REAL
   0.323529  -0.0217858   -0.023734    0.221801
 -0.0217858    0.158568   0.0837179 -0.00977458
  -0.023734   0.0837179    0.193095  0.00930225
   0.221801 -0.00977458  0.00930225    0.324808
IMAGINARY
           0   -0.0201315   0.00627699   0.00845594
   0.0201315            0  0.000723984     0.010747
 -0.00627699 -0.000723984            0   0.00184651
 -0.00845594    -0.010747  -0.00184651            0
Repeater1[0]<--->HoM1[0]
REAL
   0.340426 -0.00654036 0.000140668    0.220568
-0.00654036    0.157697   0.0498027    0.012205
0.000140668   0.0498027    0.178974   0.0312317
   0.220568    0.012205   0.0312317    0.322904
IMAGINARY
          0  -0.0203199  0.00252957  -0.0154679
  0.0203199           0  0.00248085 -0.00662793
-0.00252957 -0.00248085           0  0.00392648
  0.0154679  0.00662793 -0.00392648           0
EndNode1[0]<--->Repeater1[0]
REAL
    0.344966 -0.000884018    0.0151765     0.214495
-0.000884018     0.151678    0.0865878   0.00985734
   0.0151765    0.0865878     0.173154   0.00832651
    0.214495   0.00985734   0.00832651     0.330201
IMAGINARY
          0  0.00604671  0.00970532 -0.00553302
-0.00604671           0 -0.00142021  -0.0109973
-0.00970532  0.00142021           0 -0.00217074
 0.00553302   0.0109973  0.00217074           0
EndNode2[0]<--->HoM1[0]
REAL
   0.331639  0.00130209 -0.00114211    0.231553
 0.00130209    0.152478   0.0504309 -0.00407983
-0.00114211   0.0504309    0.203304 3.39087e-06
   0.231553 -0.00407983 3.39087e-06    0.312579
IMAGINARY
          0  -0.0181229    0.038446  0.00328401
  0.0181229           0  0.00667614   0.0202274
  -0.038446 -0.00667614           0  -0.0150403
-0.00328401  -0.0202274   0.0150403           0
Repeater1[0]<--->EndNode1[0]
REAL
    0.344966    0.0151765 -0.000884018     0.214495
   0.0151765     0.173154    0.0865878   0.00832651
-0.000884018    0.0865878     0.151678   0.00985734
    0.214495   0.00832651   0.00985734     0.330201
IMAGINARY
          0  0.00970532  0.00604671 -0.00553302
-0.00970532           0  0.00142021 -0.00217074
-0.00604671 -0.00142021           0  -0.0109973
 0.00553302  0.00217074   0.0109973           0
Repeater1[0]<--->HoM1[0]
REAL
   0.331639 -0.00114211  0.00130209    0.231553
-0.00114211    0.203304   0.0504309 3.39087e-06
 0.00130209   0.0504309    0.152478 -0.00407983
   0.231553 3.39087e-06 -0.00407983    0.312579
IMAGINARY
          0    0.038446  -0.0181229  0.00328401
  -0.038446           0 -0.00667614  -0.0150403
  0.0181229  0.00667614           0   0.0202274
-0.00328401   0.0150403  -0.0202274           0
EndNode1[0]<--->Repeater1[0]
REAL
  0.394018  0.0105081 0.00137538   0.226177
 0.0105081   0.169051  0.0694804  0.0133117
0.00137538  0.0694804   0.171651 0.00417899
  0.226177  0.0133117 0.00417899    0.26528
IMAGINARY
          0 -0.00537671 -0.00579296  0.00842697
 0.00537671           0 -0.00842697   -0.020865
 0.00579296  0.00842697           0   0.0112285
-0.00842697    0.020865  -0.0112285           0
EndNode2[0]<--->HoM1[0]
REAL
   0.337051 -0.00588919  -0.0106318    0.223237
-0.00588919    0.163569   0.0629111  -0.0106318
 -0.0106318   0.0629111      0.1772  0.00649673
   0.223237  -0.0106318  0.00649673    0.322181
IMAGINARY
           0   -0.0125476  -0.00817535 -0.000655163
   0.0125476            0  -0.00189586  -0.00948769
  0.00817535   0.00189586            0   -0.0105502
 0.000655163   0.00948769    0.0105502            0
Repeater1[0]<--->EndNode1[0]
REAL
  0.394018 0.00137538  0.0105081   0.226177
0.00137538   0.171651  0.0694804 0.00417899
 0.0105081  0.0694804   0.169051  0.0133117
  0.226177 0.00417899  0.0133117    0.26528
IMAGINARY
          0 -0.00579296 -0.00537671  0.00842697
 0.00579296           0  0.00842697   0.0112285
 0.00537671 -0.00842697           0   -0.020865
-0.00842697  -0.0112285    0.020865           0
Repeater1[0]<--->HoM1[0]
REAL
   0.337051  -0.0106318 -0.00588919    0.223237
 -0.0106318      0.1772   0.0629111  0.00649673
-0.00588919   0.0629111    0.163569  -0.0106318
   0.223237  0.00649673  -0.0106318    0.322181
IMAGINARY
           0  -0.00817535   -0.0125476 -0.000655163
  0.00817535            0   0.00189586   -0.0105502
   0.0125476  -0.00189586            0  -0.00948769
 0.000655163    0.0105502   0.00948769            0
EndNode1[0]<--->Repeater1[0]
REAL
   0.357424 -0.00986692  -0.0170475    0.202688
-0.00986692    0.172142    0.076649   0.0195985
 -0.0170475    0.076649    0.151117   0.0187955
   0.202688   0.0195985   0.0187955    0.319317
IMAGINARY
          0 -0.00672988 -0.00225522   0.0190559
 0.00672988           0 -0.00128938  -0.0115952
 0.00225522  0.00128938           0  -0.0182009
 -0.0190559   0.0115952   0.0182009           0
EndNode2[0]<--->HoM1[0]
REAL
  0.307895  0.0102785 0.00482358   0.222367
 0.0102785   0.169737  0.0485418 0.00669157
0.00482358  0.0485418   0.197368 0.00487305
  0.222367 0.00669157 0.00487305      0.325
IMAGINARY
          0 -0.00125554   0.0115776 -0.00553829
 0.00125554           0  -0.0094243 -0.00553732
 -0.0115776   0.0094243           0  -0.0141807
 0.00553829  0.00553732   0.0141807           0
Repeater1[0]<--->EndNode1[0]
REAL
   0.357424  -0.0170475 -0.00986692    0.202688
 -0.0170475    0.151117    0.076649   0.0187955
-0.00986692    0.076649    0.172142   0.0195985
   0.202688   0.0187955   0.0195985    0.319317
IMAGINARY
          0 -0.00225522 -0.00672988   0.0190559
 0.00225522           0  0.00128938  -0.0182009
 0.00672988 -0.00128938           0  -0.0115952
 -0.0190559   0.0182009   0.0115952           0
Repeater1[0]<--->HoM1[0]
REAL
  0.307895 0.00482358  0.0102785   0.222367
0.00482358   0.197368  0.0485418 0.00487305
 0.0102785  0.0485418   0.169737 0.00669157
  0.222367 0.00487305 0.00669157      0.325
IMAGINARY
          0   0.0115776 -0.00125554 -0.00553829
 -0.0115776           0   0.0094243  -0.0141807
 0.00125554  -0.0094243           0 -0.00553732
 0.00553829   0.0141807  0.00553732           0
EndNode1[0]<--->Repeater1[0]
REAL
   0.338592 0.000879008  -0.0061445    0.231056
0.000879008    0.180825    0.072893  0.00967059
 -0.0061445    0.072893    0.163835   0.0209828
   0.231056  0.00967059   0.0209828    0.316748
IMAGINARY
          0  -0.0088986   0.0282526  0.00621374
  0.0088986           0  -0.0246816  -0.0154974
 -0.0282526   0.0246816           0  -0.0115096
-0.00621374   0.0154974   0.0115096           0
EndNode2[0]<--->HoM1[0]
REAL
   0.320545 -0.00413154   0.0092944    0.196275
-0.00413154    0.188119   0.0704772  -0.0157377
  0.0092944   0.0704772    0.158416 -0.00875506
   0.196275  -0.0157377 -0.00875506    0.332921
IMAGINARY
          0    0.021466  -0.0132731 -0.00229961
  -0.021466           0 -0.00229961  -0.0231253
  0.0132731  0.00229961           0 -0.00167029
 0.00229961   0.0231253  0.00167029           0
Repeater1[0]<--->EndNode1[0]
REAL
   0.338592  -0.0061445 0.000879008    0.231056
 -0.0061445    0.163835    0.072893   0.0209828
0.000879008    0.072893    0.180825  0.00967059
   0.231056   0.0209828  0.00967059    0.316748
IMAGINARY
          0   0.0282526  -0.0088986  0.00621374
 -0.0282526           0   0.0246816  -0.0115096
  0.0088986  -0.0246816           0  -0.0154974
-0.00621374   0.0115096   0.0154974           0
Repeater1[0]<--->HoM1[0]
REAL
   0.320545   0.0092944 -0.00413154    0.196275
  0.0092944    0.158416   0.0704772 -0.00875506
-0.00413154   0.0704772    0.188119  -0.0157377
   0.196275 -0.00875506  -0.0157377    0.332921
IMAGINARY
          0  -0.0132731    0.021466 -0.00229961
  0.0132731           0  0.00229961 -0.00167029
  -0.021466 -0.00229961           0  -0.0231253
 0.00229961  0.00167029   0.0231253           0
EndNode1[0]<--->Repeater1[0]
REAL
   0.337714 -0.00495823 -0.00781012    0.208477
-0.00495823    0.156373   0.0628762 -0.00598752
-0.00781012   0.0628762    0.160315  0.00167307
   0.208477 -0.00598752  0.00167307    0.345598
IMAGINARY
          0   0.0106021 -6.8588e-06 -0.00817369
 -0.0106021           0 -0.00381503 -0.00185188
 6.8588e-06  0.00381503           0  -0.0186567
 0.00817369  0.00185188   0.0186567           0
EndNode2[0]<--->HoM1[0]
REAL
   0.353022  -0.0153464  -0.0063586    0.219048
 -0.0153464    0.181319   0.0607569 -0.00945649
 -0.0063586   0.0607569    0.164835 -0.00168521
   0.219048 -0.00945649 -0.00168521    0.300824
IMAGINARY
           0    -0.029285   0.00165178  -0.00536357
    0.029285            0 -0.000413071     0.010911
 -0.00165178  0.000413071            0  -0.00337829
  0.00536357    -0.010911   0.00337829            0
Repeater1[0]<--->EndNode1[0]
REAL
   0.337714 -0.00781012 -0.00495823    0.208477
-0.00781012    0.160315   0.0628762  0.00167307
-0.00495823   0.0628762    0.156373 -0.00598752
   0.208477  0.00167307 -0.00598752    0.345598
IMAGINARY
          0 -6.8588e-06   0.0106021 -0.00817369
 6.8588e-06           0  0.00381503  -0.0186567
 -0.0106021 -0.00381503           0 -0.00185188
 0.00817369   0.0186567  0.00185188           0
Repeater1[0]<--->HoM1[0]
REAL
   0.353022  -0.0063586  -0.0153464    0.219048
 -0.0063586    0.164835   0.0607569 -0.00168521
 -0.0153464   0.0607569    0.181319 -0.00945649
   0.219048 -0.00168521 -0.00945649    0.300824
IMAGINARY
           0   0.00165178    -0.029285  -0.00536357
 -0.00165178            0  0.000413071  -0.00337829
    0.029285 -0.000413071            0     0.010911
  0.00536357   0.00337829    -0.010911            0
EndNode1[0]<--->Repeater1[0]
REAL
   0.350063 -0.00571125  0.00669231    0.225339
-0.00571125    0.160602    0.061328   -0.025359
 0.00669231    0.061328    0.174404 -0.00762208
   0.225339   -0.025359 -0.00762208    0.314931
IMAGINARY
          0 -0.00709677   0.0145896   0.0143514
 0.00709677           0  0.00710503    0.019275
 -0.0145896 -0.00710503           0  0.00112068
 -0.0143514   -0.019275 -0.00112068           0
EndNode2[0]<--->HoM1[0]
REAL
   0.335038 -0.00604016 -0.00389829    0.233212
-0.00604016    0.175192   0.0815564  0.00327251
-0.00389829   0.0815564    0.184143  0.00291125
   0.233212  0.00327251  0.00291125    0.305627
IMAGINARY
          0    -0.01799 -0.00948832   -0.024975
    0.01799           0 -0.00176296 -0.00309446
 0.00948832  0.00176296           0 -0.00783777
   0.024975  0.00309446  0.00783777           0
Repeater1[0]<--->EndNode1[0]
REAL
   0.350063  0.00669231 -0.00571125    0.225339
 0.00669231    0.174404    0.061328 -0.00762208
-0.00571125    0.061328    0.160602   -0.025359
   0.225339 -0.00762208   -0.025359    0.314931
IMAGINARY
          0   0.0145896 -0.00709677   0.0143514
 -0.0145896           0 -0.00710503  0.00112068
 0.00709677  0.00710503           0    0.019275
 -0.0143514 -0.00112068   -0.019275           0
Repeater1[0]<--->HoM1[0]
REAL
   0.335038 -0.00389829 -0.00604016    0.233212
-0.00389829    0.184143   0.0815564  0.00291125
-0.00604016   0.0815564    0.175192  0.00327251
   0.233212  0.00291125  0.00327251    0.305627
IMAGINARY
          0 -0.00948832    -0.01799   -0.024975
 0.00948832           0  0.00176296 -0.00783777
    0.01799 -0.00176296           0 -0.00309446
   0.024975  0.00783777  0.00309446           0
EndNode1[0]<--->Repeater1[0]
REAL
   0.306763  0.00943881  -0.0065787    0.203102
 0.00943881    0.184783   0.0762904  -0.0165389
 -0.0065787   0.0762904    0.182367 -0.00745731
   0.203102  -0.0165389 -0.00745731    0.326087
IMAGINARY
           0   -0.0180786  -0.00228162   0.00872417
   0.0180786            0    0.0020575   0.00228162
  0.00228162   -0.0020575            0 -3.73525e-05
 -0.00872417  -0.00228162  3.73525e-05            0
EndNode2[0]<--->HoM1[0]
REAL
   0.360434 -0.00586225  -0.0131648      0.2169
-0.00586225    0.155827   0.0667103   0.0317307
 -0.0131648   0.0667103    0.142276   0.0129045
     0.2169   0.0317307   0.0129045    0.341463
IMAGINARY
           0   0.00526057    0.0126138   0.00600819
 -0.00526057            0  -0.00665004  0.000694143
  -0.0126138   0.00665004            0  -0.00842913
 -0.00600819 -0.000694143   0.00842913            0
Repeater1[0]<--->EndNode1[0]
REAL
   0.306763  -0.0065787  0.00943881    0.203102
 -0.0065787    0.182367   0.0762904 -0.00745731
 0.00943881   0.0762904    0.184783  -0.0165389
   0.203102 -0.00745731  -0.0165389    0.326087
IMAGINARY
           0  -0.00228162   -0.0180786   0.00872417
  0.00228162            0   -0.0020575 -3.73525e-05
   0.0180786    0.0020575            0   0.00228162
 -0.00872417  3.73525e-05  -0.00228162            0
Repeater1[0]<--->HoM1[0]
REAL
   0.360434  -0.0131648 -0.00586225      0.2169
 -0.0131648    0.142276   0.0667103   0.0129045
-0.00586225   0.0667103    0.155827   0.0317307
     0.2169   0.0129045   0.0317307    0.341463
IMAGINARY
           0    0.0126138   0.00526057   0.00600819
  -0.0126138            0   0.00665004  -0.00842913
 -0.00526057  -0.00665004            0  0.000694143
 -0.00600819   0.00842913 -0.000694143            0
EndNode1[0]<--->Repeater1[0]
REAL
    0.341902  -0.00118513 -0.000421616     0.207265
 -0.00118513      0.16581    0.0615658   0.00431772
-0.000421616    0.0615658     0.160668   -0.0182954
    0.207265   0.00431772   -0.0182954      0.33162
IMAGINARY
          0 -0.00288832   0.0155213   0.0116738
 0.00288832           0     0.01675 -0.00974466
 -0.0155213    -0.01675           0 -0.00288832
 -0.0116738  0.00974466  0.00288832           0
EndNode2[0]<--->HoM1[0]
REAL
   0.354309  0.00719786  0.00516212    0.220011
 0.00719786    0.158687   0.0705931 0.000878151
 0.00516212   0.0705931    0.170999   0.0149498
   0.220011 0.000878151   0.0149498    0.316005
IMAGINARY
          0  0.00582147 -0.00160872  -0.0208472
-0.00582147           0  -0.0140655   0.0113112
 0.00160872   0.0140655           0 -0.00388098
  0.0208472  -0.0113112  0.00388098           0
Repeater1[0]<--->EndNode1[0]
REAL
    0.341902 -0.000421616  -0.00118513     0.207265
-0.000421616     0.160668    0.0615658   -0.0182954
 -0.00118513    0.0615658      0.16581   0.00431772
    0.207265   -0.0182954   0.00431772      0.33162
IMAGINARY
          0   0.0155213 -0.00288832   0.0116738
 -0.0155213           0    -0.01675 -0.00288832
 0.00288832     0.01675           0 -0.00974466
 -0.0116738  0.00288832  0.00974466           0
Repeater1[0]<--->HoM1[0]
REAL
   0.354309  0.00516212  0.00719786    0.220011
 0.00516212    0.170999   0.0705931   0.0149498
 0.00719786   0.0705931    0.158687 0.000878151
   0.220011   0.0149498 0.000878151    0.316005
IMAGINARY
          0 -0.00160872  0.00582147  -0.0208472
 0.00160872           0   0.0140655 -0.00388098
-0.00582147  -0.0140655           0   0.0113112
  0.0208472  0.00388098  -0.0113112           0
EndNode1[0]<--->Repeater1[0]
REAL
   0.325758   0.0171986  -0.0041863    0.234142
  0.0171986    0.181818   0.0571394   0.0325879
 -0.0041863   0.0571394    0.176768 -0.00464908
   0.234142   0.0325879 -0.00464908    0.315657
IMAGINARY
           0   -0.0212145    0.0141388  0.000998241
   0.0212145            0  -0.00358891   -0.0141388
  -0.0141388   0.00358891            0  -0.00979322
-0.000998241    0.0141388   0.00979322            0
EndNode2[0]<--->HoM1[0]
REAL
  0.318124 -0.0201116 -0.0079504   0.216548
-0.0201116   0.163498  0.0620499  -0.027105
-0.0079504  0.0620499   0.196451 0.00227644
  0.216548  -0.027105 0.00227644   0.321926
IMAGINARY
          0 -0.00356748  -0.0030726 -0.00999048
 0.00356748           0  -0.0112595    0.012851
  0.0030726   0.0112595           0  -0.0127298
 0.00999048   -0.012851   0.0127298           0
Repeater1[0]<--->EndNode1[0]
REAL
   0.325758  -0.0041863   0.0171986    0.234142
 -0.0041863    0.176768   0.0571394 -0.00464908
  0.0171986   0.0571394    0.181818   0.0325879
   0.234142 -0.00464908   0.0325879    0.315657
IMAGINARY
           0    0.0141388   -0.0212145  0.000998241
  -0.0141388            0   0.00358891  -0.00979322
   0.0212145  -0.00358891            0   -0.0141388
-0.000998241   0.00979322    0.0141388            0
Repeater1[0]<--->HoM1[0]
REAL
  0.318124 -0.0079504 -0.0201116   0.216548
-0.0079504   0.196451  0.0620499 0.00227644
-0.0201116  0.0620499   0.163498  -0.027105
  0.216548 0.00227644  -0.027105   0.321926
IMAGINARY
          0  -0.0030726 -0.00356748 -0.00999048
  0.0030726           0   0.0112595  -0.0127298
 0.00356748  -0.0112595           0    0.012851
 0.00999048   0.0127298   -0.012851           0
EndNode1[0]<--->Repeater1[0]
REAL
  0.328185   0.007928 0.00653772   0.208569
  0.007928    0.16731   0.068918 0.00524238
0.00653772   0.068918   0.142857  0.0221767
  0.208569 0.00524238  0.0221767   0.361647
IMAGINARY
           0   0.00557258   0.00850451  -0.00703141
 -0.00557258            0   -0.0121994   -0.0122452
 -0.00850451    0.0121994            0 -0.000585052
  0.00703141    0.0122452  0.000585052            0
EndNode2[0]<--->HoM1[0]
REAL
  0.329412  0.0229356 0.00483167   0.236171
 0.0229356   0.154248  0.0439615  0.0130491
0.00483167  0.0439615   0.185621 0.00819026
  0.236171  0.0130491 0.00819026   0.330719
IMAGINARY
          0 -0.00412608  0.00901227  0.00473704
 0.00412608           0 -0.00160813   0.0184462
-0.00901227  0.00160813           0  -0.0118382
-0.00473704  -0.0184462   0.0118382           0
Repeater1[0]<--->EndNode1[0]
REAL
  0.328185 0.00653772   0.007928   0.208569
0.00653772   0.142857   0.068918  0.0221767
  0.007928   0.068918    0.16731 0.00524238
  0.208569  0.0221767 0.00524238   0.361647
IMAGINARY
           0   0.00850451   0.00557258  -0.00703141
 -0.00850451            0    0.0121994 -0.000585052
 -0.00557258   -0.0121994            0   -0.0122452
  0.00703141  0.000585052    0.0122452            0
Repeater1[0]<--->HoM1[0]
REAL
  0.329412 0.00483167  0.0229356   0.236171
0.00483167   0.185621  0.0439615 0.00819026
 0.0229356  0.0439615   0.154248  0.0130491
  0.236171 0.00819026  0.0130491   0.330719
IMAGINARY
          0  0.00901227 -0.00412608  0.00473704
-0.00901227           0  0.00160813  -0.0118382
 0.00412608 -0.00160813           0   0.0184462
-0.00473704   0.0118382  -0.0184462           0
EndNode1[0]<--->Repeater1[0]
REAL
   0.341615  0.00121368   0.0152927    0.216434
 0.00121368    0.180124   0.0569163 -0.00470735
  0.0152927   0.0569163    0.159006   0.0043903
   0.216434 -0.00470735   0.0043903    0.319255
IMAGINARY
          0 -0.00526948  0.00491276  -0.0137076
 0.00526948           0  -0.0137076   0.0232374
-0.00491276   0.0137076           0   0.0119719
  0.0137076  -0.0232374  -0.0119719           0
EndNode2[0]<--->HoM1[0]
REAL
    0.347066 -0.000651623  -0.00867901     0.217364
-0.000651623     0.183521    0.0616264  -0.00291717
 -0.00867901    0.0616264     0.151061 -3.05051e-05
    0.217364  -0.00291717 -3.05051e-05     0.318352
IMAGINARY
           0 -6.88591e-05    0.0076373   -0.0245841
 6.88591e-05            0   0.00408722    0.0156918
  -0.0076373  -0.00408722            0    -0.011911
   0.0245841   -0.0156918     0.011911            0
Repeater1[0]<--->EndNode1[0]
REAL
   0.341615   0.0152927  0.00121368    0.216434
  0.0152927    0.159006   0.0569163   0.0043903
 0.00121368   0.0569163    0.180124 -0.00470735
   0.216434   0.0043903 -0.00470735    0.319255
IMAGINARY
          0  0.00491276 -0.00526948  -0.0137076
-0.00491276           0   0.0137076   0.0119719
 0.00526948  -0.0137076           0   0.0232374
  0.0137076  -0.0119719  -0.0232374           0
Repeater1[0]<--->HoM1[0]
REAL
    0.347066  -0.00867901 -0.000651623     0.217364
 -0.00867901     0.151061    0.0616264 -3.05051e-05
-0.000651623    0.0616264     0.183521  -0.00291717
    0.217364 -3.05051e-05  -0.00291717     0.318352
IMAGINARY
           0    0.0076373 -6.88591e-05   -0.0245841
  -0.0076373            0  -0.00408722    -0.011911
 6.88591e-05   0.00408722            0    0.0156918
   0.0245841     0.011911   -0.0156918            0
EndNode1[0]<--->Repeater1[0]
REAL
   0.348371  -0.0152841 0.000836753    0.223505
 -0.0152841    0.152882   0.0675775  -0.0244036
0.000836753   0.0675775    0.174185 -0.00318728
   0.223505  -0.0244036 -0.00318728    0.324561
IMAGINARY
          0  -0.0126483   0.0267556  0.00953204
  0.0126483           0 -0.00369547   0.0119042
 -0.0267556  0.00369547           0  0.00105035
-0.00953204  -0.0119042 -0.00105035           0
EndNode2[0]<--->HoM1[0]
REAL
   0.324586  0.00435416  -0.0072129    0.228018
 0.00435416     0.18232   0.0662897 -0.00248956
 -0.0072129   0.0662897    0.176796  -0.0153503
   0.228018 -0.00248956  -0.0153503    0.316298
IMAGINARY
          0  0.00742885  0.00722892  0.00199981
-0.00742885           0  0.00922872   0.0038822
-0.00722892 -0.00922872           0 -0.00125601
-0.00199981  -0.0038822  0.00125601           0
Repeater1[0]<--->EndNode1[0]
REAL
   0.348371 0.000836753  -0.0152841    0.223505
0.000836753    0.174185   0.0675775 -0.00318728
 -0.0152841   0.0675775    0.152882  -0.0244036
   0.223505 -0.00318728  -0.0244036    0.324561
IMAGINARY
          0   0.0267556  -0.0126483  0.00953204
 -0.0267556           0  0.00369547  0.00105035
  0.0126483 -0.00369547           0   0.0119042
-0.00953204 -0.00105035  -0.0119042           0
Repeater1[0]<--->HoM1[0]
REAL
   0.324586  -0.0072129  0.00435416    0.228018
 -0.0072129    0.176796   0.0662897  -0.0153503
 0.00435416   0.0662897     0.18232 -0.00248956
   0.228018  -0.0153503 -0.00248956    0.316298
IMAGINARY
          0  0.00722892  0.00742885  0.00199981
-0.00722892           0 -0.00922872 -0.00125601
-0.00742885  0.00922872           0   0.0038822
-0.00199981  0.00125601  -0.0038822           0
EndNode1[0]<--->Repeater1[0]
REAL
   0.341837 -0.00642674  0.00742322    0.205974
-0.00642674    0.163265   0.0729464   0.0247105
 0.00742322   0.0729464    0.193878  -0.0102828
   0.205974   0.0247105  -0.0102828     0.30102
IMAGINARY
          0  0.00616202 -0.00311933   0.0161823
-0.00616202           0  -0.0161823  -0.0171952
 0.00311933   0.0161823           0   0.0167738
 -0.0161823   0.0171952  -0.0167738           0
EndNode2[0]<--->HoM1[0]
REAL
    0.32956 -0.00443033  0.00289746    0.230693
-0.00443033    0.153459   0.0685861  -0.0113109
 0.00289746   0.0685861    0.168553 -0.00999275
   0.230693  -0.0113109 -0.00999275    0.348428
IMAGINARY
           0   -0.0142895    0.0154262   -0.0064276
   0.0142895            0    0.0064276    0.0167215
  -0.0154262   -0.0064276            0 -7.44024e-05
   0.0064276   -0.0167215  7.44024e-05            0
Repeater1[0]<--->EndNode1[0]
REAL
   0.341837  0.00742322 -0.00642674    0.205974
 0.00742322    0.193878   0.0729464  -0.0102828
-0.00642674   0.0729464    0.163265   0.0247105
   0.205974  -0.0102828   0.0247105     0.30102
IMAGINARY
          0 -0.00311933  0.00616202   0.0161823
 0.00311933           0   0.0161823   0.0167738
-0.00616202  -0.0161823           0  -0.0171952
 -0.0161823  -0.0167738   0.0171952           0
Repeater1[0]<--->HoM1[0]
REAL
    0.32956  0.00289746 -0.00443033    0.230693
 0.00289746    0.168553   0.0685861 -0.00999275
-0.00443033   0.0685861    0.153459  -0.0113109
   0.230693 -0.00999275  -0.0113109    0.348428
IMAGINARY
           0    0.0154262   -0.0142895   -0.0064276
  -0.0154262            0   -0.0064276 -7.44024e-05
   0.0142895    0.0064276            0    0.0167215
   0.0064276  7.44024e-05   -0.0167215            0
