EndNode1[0]<--->Repeater1[0]
REAL
   0.44898  0.0228124 0.00341845   0.280037
 0.0228124  0.0408163 0.00327509  0.0133935
0.00341845 0.00327509  0.0522959 -0.0159631
  0.280037  0.0133935 -0.0159631   0.457908
IMAGINARY
          0  0.00378928 -0.00122238 -0.00884666
-0.00378928           0  0.00884666  -0.0118325
 0.00122238 -0.00884666           0    0.010571
 0.00884666   0.0118325   -0.010571           0
EndNode2[0]<--->HoM1[0]
REAL
   0.461929 -0.00547445   0.0158544    0.258717
-0.00547445   0.0469543  -0.0202738 -0.00125586
  0.0158544  -0.0202738   0.0393401 -0.00547445
   0.258717 -0.00125586 -0.00547445    0.451777
IMAGINARY
          0 -0.00476026 -0.00738926  0.00291508
 0.00476026           0  -0.0103593   0.0135284
 0.00738926   0.0103593           0  0.00407813
-0.00291508  -0.0135284 -0.00407813           0
Repeater1[0]<--->EndNode1[0]
REAL
   0.44898 0.00341845  0.0228124   0.280037
0.00341845  0.0522959 0.00327509 -0.0159631
 0.0228124 0.00327509  0.0408163  0.0133935
  0.280037 -0.0159631  0.0133935   0.457908
IMAGINARY
          0 -0.00122238  0.00378928 -0.00884666
 0.00122238           0 -0.00884666    0.010571
-0.00378928  0.00884666           0  -0.0118325
 0.00884666   -0.010571   0.0118325           0
Repeater1[0]<--->HoM1[0]
REAL
   0.461929   0.0158544 -0.00547445    0.258717
  0.0158544   0.0393401  -0.0202738 -0.00547445
-0.00547445  -0.0202738   0.0469543 -0.00125586
   0.258717 -0.00547445 -0.00125586    0.451777
IMAGINARY
          0 -0.00738926 -0.00476026  0.00291508
 0.00738926           0   0.0103593  0.00407813
 0.00476026  -0.0103593           0   0.0135284
-0.00291508 -0.00407813  -0.0135284           0
EndNode1[0]<--->Repeater1[0]
REAL
   0.481172  0.00762666 -0.00899468    0.271014
 0.00762666   0.0348675   -0.010651 -0.00525403
-0.00899468   -0.010651   0.0251046 0.000145362
   0.271014 -0.00525403 0.000145362    0.458856
IMAGINARY
          0  -0.0159278  -0.0100796  0.00513883
  0.0159278           0    0.010215   0.0179204
  0.0100796   -0.010215           0 -0.00518194
-0.00513883  -0.0179204  0.00518194           0
EndNode2[0]<--->HoM1[0]
REAL
   0.444862  -0.0410979  -0.0174153    0.271151
 -0.0410979   0.0363409 -0.00061663  0.00633313
 -0.0174153 -0.00061663   0.0300752 -0.00127494
   0.271151  0.00633313 -0.00127494    0.488722
IMAGINARY
          0   0.0213213  0.00395778  0.00196754
 -0.0213213           0 -0.00931066  0.00395778
-0.00395778  0.00931066           0 -0.00944794
-0.00196754 -0.00395778  0.00944794           0
Repeater1[0]<--->EndNode1[0]
REAL
   0.481172 -0.00899468  0.00762666    0.271014
-0.00899468   0.0251046   -0.010651 0.000145362
 0.00762666   -0.010651   0.0348675 -0.00525403
   0.271014 0.000145362 -0.00525403    0.458856
IMAGINARY
          0  -0.0100796  -0.0159278  0.00513883
  0.0100796           0   -0.010215 -0.00518194
  0.0159278    0.010215           0   0.0179204
-0.00513883  0.00518194  -0.0179204           0
Repeater1[0]<--->HoM1[0]
REAL
   0.444862  -0.0174153  -0.0410979    0.271151
 -0.0174153   0.0300752 -0.00061663 -0.00127494
 -0.0410979 -0.00061663   0.0363409  0.00633313
   0.271151 -0.00127494  0.00633313    0.488722
IMAGINARY
          0  0.00395778   0.0213213  0.00196754
-0.00395778           0  0.00931066 -0.00944794
 -0.0213213 -0.00931066           0  0.00395778
-0.00196754  0.00944794 -0.00395778           0
EndNode1[0]<--->Repeater1[0]
REAL
   0.468112   0.0108815   0.0182793    0.280119
  0.0108815   0.0331633 -0.00660416   0.0126613
  0.0182793 -0.00660416   0.0408163  0.00149475
   0.280119   0.0126613  0.00149475    0.457908
IMAGINARY
          0   0.0109746  -0.0145437  0.00762904
 -0.0109746           0   0.0114361 -0.00946758
  0.0145437  -0.0114361           0  0.00597458
-0.00762904  0.00946758 -0.00597458           0
EndNode2[0]<--->HoM1[0]
REAL
   0.450508 -0.00495568 0.000628133    0.267227
-0.00495568   0.0431472  0.00733237  0.00189076
0.000628133  0.00733237   0.0241117  0.00873402
   0.267227  0.00189076  0.00873402    0.482234
IMAGINARY
          0   -0.013277  -0.0192746  0.00150415
   0.013277           0 -0.00929636  0.00740122
  0.0192746  0.00929636           0 -0.00651193
-0.00150415 -0.00740122  0.00651193           0
Repeater1[0]<--->EndNode1[0]
REAL
   0.468112   0.0182793   0.0108815    0.280119
  0.0182793   0.0408163 -0.00660416  0.00149475
  0.0108815 -0.00660416   0.0331633   0.0126613
   0.280119  0.00149475   0.0126613    0.457908
IMAGINARY
          0  -0.0145437   0.0109746  0.00762904
  0.0145437           0  -0.0114361  0.00597458
 -0.0109746   0.0114361           0 -0.00946758
-0.00762904 -0.00597458  0.00946758           0
Repeater1[0]<--->HoM1[0]
REAL
   0.450508 0.000628133 -0.00495568    0.267227
0.000628133   0.0241117  0.00733237  0.00873402
-0.00495568  0.00733237   0.0431472  0.00189076
   0.267227  0.00873402  0.00189076    0.482234
IMAGINARY
          0  -0.0192746   -0.013277  0.00150415
  0.0192746           0  0.00929636 -0.00651193
   0.013277 -0.00929636           0  0.00740122
-0.00150415  0.00651193 -0.00740122           0
EndNode1[0]<--->Repeater1[0]
REAL
    0.457895 -0.000119361  -0.00908458     0.266873
-0.000119361        0.025   0.00307353    0.0077548
 -0.00908458   0.00307353         0.05   0.00809808
    0.266873    0.0077548   0.00809808     0.467105
IMAGINARY
          0   -0.021524  -0.0294578  -0.0146575
   0.021524           0   0.0109355 -0.00327646
  0.0294578  -0.0109355           0   0.0234495
  0.0146575  0.00327646  -0.0234495           0
EndNode2[0]<--->HoM1[0]
REAL
   0.453265   -0.018151   -0.010408    0.266895
  -0.018151   0.0307298 -0.00487281  0.00116014
  -0.010408 -0.00487281   0.0435339  -0.0071264
   0.266895  0.00116014  -0.0071264    0.472471
IMAGINARY
           0    -0.008973     0.012533  -0.00319706
    0.008973            0 -0.000619737   0.00593668
   -0.012533  0.000619737            0   -0.0134544
  0.00319706  -0.00593668    0.0134544            0
Repeater1[0]<--->EndNode1[0]
REAL
    0.457895  -0.00908458 -0.000119361     0.266873
 -0.00908458         0.05   0.00307353   0.00809808
-0.000119361   0.00307353        0.025    0.0077548
    0.266873   0.00809808    0.0077548     0.467105
IMAGINARY
          0  -0.0294578   -0.021524  -0.0146575
  0.0294578           0  -0.0109355   0.0234495
   0.021524   0.0109355           0 -0.00327646
  0.0146575  -0.0234495  0.00327646           0
Repeater1[0]<--->HoM1[0]
REAL
   0.453265   -0.010408   -0.018151    0.266895
  -0.010408   0.0435339 -0.00487281  -0.0071264
  -0.018151 -0.00487281   0.0307298  0.00116014
   0.266895  -0.0071264  0.00116014    0.472471
IMAGINARY
           0     0.012533    -0.008973  -0.00319706
   -0.012533            0  0.000619737   -0.0134544
    0.008973 -0.000619737            0   0.00593668
  0.00319706    0.0134544  -0.00593668            0
EndNode1[0]<--->Repeater1[0]
REAL
    0.458438   0.00448875   0.00319204     0.284335
  0.00448875    0.0327456     -0.01835 -0.000634493
  0.00319204     -0.01835    0.0365239    0.0146928
    0.284335 -0.000634493    0.0146928     0.472292
IMAGINARY
           0    0.0127262  0.000881761  -0.00922189
  -0.0127262            0    0.0124066   -0.0109489
-0.000881761   -0.0124066            0    0.0174752
  0.00922189    0.0109489   -0.0174752            0
EndNode2[0]<--->HoM1[0]
REAL
    0.436931  -0.00530849   0.00270784     0.256386
 -0.00530849     0.046814 -0.000774838   -0.0189173
  0.00270784 -0.000774838     0.053316   -0.0133947
    0.256386   -0.0189173   -0.0133947     0.462939
IMAGINARY
          0   0.0155369  -0.0051345   0.0129311
 -0.0155369           0  -0.0141811  0.00949316
  0.0051345   0.0141811           0 -0.00121564
 -0.0129311 -0.00949316  0.00121564           0
Repeater1[0]<--->EndNode1[0]
REAL
    0.458438   0.00319204   0.00448875     0.284335
  0.00319204    0.0365239     -0.01835    0.0146928
  0.00448875     -0.01835    0.0327456 -0.000634493
    0.284335    0.0146928 -0.000634493     0.472292
IMAGINARY
           0  0.000881761    0.0127262  -0.00922189
-0.000881761            0   -0.0124066    0.0174752
  -0.0127262    0.0124066            0   -0.0109489
  0.00922189   -0.0174752    0.0109489            0
Repeater1[0]<--->HoM1[0]
REAL
    0.436931   0.00270784  -0.00530849     0.256386
  0.00270784     0.053316 -0.000774838   -0.0133947
 -0.00530849 -0.000774838     0.046814   -0.0189173
    0.256386   -0.0133947   -0.0189173     0.462939
IMAGINARY
          0  -0.0051345   0.0155369   0.0129311
  0.0051345           0   0.0141811 -0.00121564
 -0.0155369  -0.0141811           0  0.00949316
 -0.0129311  0.00121564 -0.00949316           0
EndNode1[0]<--->Repeater1[0]
REAL
    0.443022    0.0111254    0.0243341     0.274454
   0.0111254    0.0256082    0.0120774 -0.000827151
   0.0243341    0.0120774    0.0345711    0.0225467
    0.274454 -0.000827151    0.0225467     0.496799
IMAGINARY
          0 -0.00393966   0.0192858    0.019081
 0.00393966           0  0.00144878  -0.0168105
 -0.0192858 -0.00144878           0  -0.0183376
  -0.019081   0.0168105   0.0183376           0
EndNode2[0]<--->HoM1[0]
REAL
    0.45953  -0.0220938  -0.0176622    0.287626
 -0.0220938   0.0287206 -0.00484969  -0.0196128
 -0.0176622 -0.00484969     0.04047  0.00152825
   0.287626  -0.0196128  0.00152825    0.471279
IMAGINARY
          0   0.0132159 -0.00804575   0.0235151
 -0.0132159           0   0.0152349  -0.0125853
 0.00804575  -0.0152349           0  -0.0156431
 -0.0235151   0.0125853   0.0156431           0
Repeater1[0]<--->EndNode1[0]
REAL
    0.443022    0.0243341    0.0111254     0.274454
   0.0243341    0.0345711    0.0120774    0.0225467
   0.0111254    0.0120774    0.0256082 -0.000827151
    0.274454    0.0225467 -0.000827151     0.496799
IMAGINARY
          0   0.0192858 -0.00393966    0.019081
 -0.0192858           0 -0.00144878  -0.0183376
 0.00393966  0.00144878           0  -0.0168105
  -0.019081   0.0183376   0.0168105           0
Repeater1[0]<--->HoM1[0]
REAL
    0.45953  -0.0176622  -0.0220938    0.287626
 -0.0176622     0.04047 -0.00484969  0.00152825
 -0.0220938 -0.00484969   0.0287206  -0.0196128
   0.287626  0.00152825  -0.0196128    0.471279
IMAGINARY
          0 -0.00804575   0.0132159   0.0235151
 0.00804575           0  -0.0152349  -0.0156431
 -0.0132159   0.0152349           0  -0.0125853
 -0.0235151   0.0156431   0.0125853           0
EndNode1[0]<--->Repeater1[0]
REAL
    0.459075   -0.0018081   -0.0133016      0.28139
  -0.0018081    0.0344009  -0.00719635 -0.000246778
  -0.0133016  -0.00719635    0.0367734   0.00245326
     0.28139 -0.000246778   0.00245326     0.469751
IMAGINARY
          0   0.0239538  -0.0259294 -0.00665643
 -0.0239538           0 -0.00093851  -0.0175206
  0.0259294  0.00093851           0   0.0207933
 0.00665643   0.0175206  -0.0207933           0
EndNode2[0]<--->HoM1[0]
REAL
   0.445545   0.0278155   0.0234084    0.279354
  0.0278155   0.0346535 -0.00242088   0.0127132
  0.0234084 -0.00242088    0.039604   0.0159107
   0.279354   0.0127132   0.0159107    0.480198
IMAGINARY
          0  -0.0013774 -0.00204598   -0.016075
  0.0013774           0  -0.0065641  0.00324502
 0.00204598   0.0065641           0   0.0073726
   0.016075 -0.00324502  -0.0073726           0
Repeater1[0]<--->EndNode1[0]
REAL
    0.459075   -0.0133016   -0.0018081      0.28139
  -0.0133016    0.0367734  -0.00719635   0.00245326
  -0.0018081  -0.00719635    0.0344009 -0.000246778
     0.28139   0.00245326 -0.000246778     0.469751
IMAGINARY
          0  -0.0259294   0.0239538 -0.00665643
  0.0259294           0  0.00093851   0.0207933
 -0.0239538 -0.00093851           0  -0.0175206
 0.00665643  -0.0207933   0.0175206           0
Repeater1[0]<--->HoM1[0]
REAL
   0.445545   0.0234084   0.0278155    0.279354
  0.0234084    0.039604 -0.00242088   0.0159107
  0.0278155 -0.00242088   0.0346535   0.0127132
   0.279354   0.0159107   0.0127132    0.480198
IMAGINARY
          0 -0.00204598  -0.0013774   -0.016075
 0.00204598           0   0.0065641   0.0073726
  0.0013774  -0.0065641           0  0.00324502
   0.016075  -0.0073726 -0.00324502           0
EndNode1[0]<--->Repeater1[0]
REAL
   0.458172 -0.00698129 9.01876e-05    0.261077
-0.00698129    0.039897 0.000828157  -0.0238997
9.01876e-05 0.000828157    0.034749  0.00505079
   0.261077  -0.0238997  0.00505079    0.467181
IMAGINARY
          0  0.00934595  -0.0188485  0.00473663
-0.00934595           0  -0.0197301 -0.00785953
  0.0188485   0.0197301           0   0.0210888
-0.00473663  0.00785953  -0.0210888           0
EndNode2[0]<--->HoM1[0]
REAL
   0.483444 -0.00378467  0.00245576    0.257343
-0.00378467   0.0423841   0.0180379  0.00515846
 0.00245576   0.0180379   0.0344371  0.00505371
   0.257343  0.00515846  0.00505371    0.439735
IMAGINARY
          0   0.0142751  -0.0235314  0.00874678
 -0.0142751           0   0.0144072    0.002141
  0.0235314  -0.0144072           0  0.00577837
-0.00874678   -0.002141 -0.00577837           0
Repeater1[0]<--->EndNode1[0]
REAL
   0.458172 9.01876e-05 -0.00698129    0.261077
9.01876e-05    0.034749 0.000828157  0.00505079
-0.00698129 0.000828157    0.039897  -0.0238997
   0.261077  0.00505079  -0.0238997    0.467181
IMAGINARY
          0  -0.0188485  0.00934595  0.00473663
  0.0188485           0   0.0197301   0.0210888
-0.00934595  -0.0197301           0 -0.00785953
-0.00473663  -0.0210888  0.00785953           0
Repeater1[0]<--->HoM1[0]
REAL
   0.483444  0.00245576 -0.00378467    0.257343
 0.00245576   0.0344371   0.0180379  0.00505371
-0.00378467   0.0180379   0.0423841  0.00515846
   0.257343  0.00505371  0.00515846    0.439735
IMAGINARY
          0  -0.0235314   0.0142751  0.00874678
  0.0235314           0  -0.0144072  0.00577837
 -0.0142751   0.0144072           0    0.002141
-0.00874678 -0.00577837   -0.002141           0
EndNode1[0]<--->Repeater1[0]
REAL
   0.445557  0.00521397 -0.00484912    0.289564
 0.00521397   0.0375469   0.0040447 0.000188665
-0.00484912   0.0040447   0.0362954 -0.00321664
   0.289564 0.000188665 -0.00321664    0.480601
IMAGINARY
           0  -0.00856265   0.00525705    0.0110745
  0.00856265            0    0.0216598  -0.00935541
 -0.00525705   -0.0216598            0  0.000365925
  -0.0110745   0.00935541 -0.000365925            0
EndNode2[0]<--->HoM1[0]
REAL
   0.461949  0.00286481  0.00280707    0.256844
 0.00286481   0.0253672  -0.0182818  -0.0217613
 0.00280707  -0.0182818   0.0493992 -0.00090403
   0.256844  -0.0217613 -0.00090403    0.463284
IMAGINARY
          0   0.0263674  -0.0086483  0.00563168
 -0.0263674           0 -0.00438168  -0.0227587
  0.0086483  0.00438168           0  0.00127083
-0.00563168   0.0227587 -0.00127083           0
Repeater1[0]<--->EndNode1[0]
REAL
   0.445557 -0.00484912  0.00521397    0.289564
-0.00484912   0.0362954   0.0040447 -0.00321664
 0.00521397   0.0040447   0.0375469 0.000188665
   0.289564 -0.00321664 0.000188665    0.480601
IMAGINARY
           0   0.00525705  -0.00856265    0.0110745
 -0.00525705            0   -0.0216598  0.000365925
  0.00856265    0.0216598            0  -0.00935541
  -0.0110745 -0.000365925   0.00935541            0
Repeater1[0]<--->HoM1[0]
REAL
   0.461949  0.00280707  0.00286481    0.256844
 0.00280707   0.0493992  -0.0182818 -0.00090403
 0.00286481  -0.0182818   0.0253672  -0.0217613
   0.256844 -0.00090403  -0.0217613    0.463284
IMAGINARY
          0  -0.0086483   0.0263674  0.00563168
  0.0086483           0  0.00438168  0.00127083
 -0.0263674 -0.00438168           0  -0.0227587
-0.00563168 -0.00127083   0.0227587           0
EndNode1[0]<--->Repeater1[0]
REAL
   0.441176 -0.00377607  0.00700052    0.270755
-0.00377607   0.0387701 -0.00538464 -0.00888258
 0.00700052 -0.00538464   0.0508021  -0.0018701
   0.270755 -0.00888258  -0.0018701    0.469251
IMAGINARY
           0  -0.00384645   0.00323514  -0.00547424
  0.00384645            0  0.000887084   -0.0126185
 -0.00323514 -0.000887084            0   0.00920838
  0.00547424    0.0126185  -0.00920838            0
EndNode2[0]<--->HoM1[0]
REAL
   0.471698 -0.00406496   0.0179474    0.259893
-0.00406496   0.0202156   0.0105353 -0.00562577
  0.0179474   0.0105353   0.0525606   0.0150896
   0.259893 -0.00562577   0.0150896    0.455526
IMAGINARY
          0   -0.013832    -0.01155   0.0104028
   0.013832           0 -0.00601134  0.00255257
    0.01155  0.00601134           0  0.00869057
 -0.0104028 -0.00255257 -0.00869057           0
Repeater1[0]<--->EndNode1[0]
REAL
   0.441176  0.00700052 -0.00377607    0.270755
 0.00700052   0.0508021 -0.00538464  -0.0018701
-0.00377607 -0.00538464   0.0387701 -0.00888258
   0.270755  -0.0018701 -0.00888258    0.469251
IMAGINARY
           0   0.00323514  -0.00384645  -0.00547424
 -0.00323514            0 -0.000887084   0.00920838
  0.00384645  0.000887084            0   -0.0126185
  0.00547424  -0.00920838    0.0126185            0
Repeater1[0]<--->HoM1[0]
REAL
   0.471698   0.0179474 -0.00406496    0.259893
  0.0179474   0.0525606   0.0105353   0.0150896
-0.00406496   0.0105353   0.0202156 -0.00562577
   0.259893   0.0150896 -0.00562577    0.455526
IMAGINARY
          0    -0.01155   -0.013832   0.0104028
    0.01155           0  0.00601134  0.00869057
   0.013832 -0.00601134           0  0.00255257
 -0.0104028 -0.00869057 -0.00255257           0
EndNode1[0]<--->Repeater1[0]
REAL
  0.425791  0.0276472  0.0157027   0.277506
 0.0276472  0.0498783  0.0130432 -0.0354983
 0.0157027  0.0130432  0.0474453 -0.0270087
  0.277506 -0.0354983 -0.0270087   0.476886
IMAGINARY
           0     0.013217 -0.000484931  -0.00419961
   -0.013217            0  -0.00542811    0.0101268
 0.000484931   0.00542811            0  -0.00495256
  0.00419961   -0.0101268   0.00495256            0
EndNode2[0]<--->HoM1[0]
REAL
   0.458438 -0.00118766  0.00735166    0.278936
-0.00118766   0.0428212   0.0047426 -0.00346565
 0.00735166   0.0047426   0.0377834  0.00636901
   0.278936 -0.00346565  0.00636901    0.460957
IMAGINARY
           0   -0.0236199    0.0115811  0.000688776
   0.0236199            0   0.00681122   0.00589206
  -0.0115811  -0.00681122            0  0.000770391
-0.000688776  -0.00589206 -0.000770391            0
Repeater1[0]<--->EndNode1[0]
REAL
  0.425791  0.0157027  0.0276472   0.277506
 0.0157027  0.0474453  0.0130432 -0.0270087
 0.0276472  0.0130432  0.0498783 -0.0354983
  0.277506 -0.0270087 -0.0354983   0.476886
IMAGINARY
           0 -0.000484931     0.013217  -0.00419961
 0.000484931            0   0.00542811  -0.00495256
   -0.013217  -0.00542811            0    0.0101268
  0.00419961   0.00495256   -0.0101268            0
Repeater1[0]<--->HoM1[0]
REAL
   0.458438  0.00735166 -0.00118766    0.278936
 0.00735166   0.0377834   0.0047426  0.00636901
-0.00118766   0.0047426   0.0428212 -0.00346565
   0.278936  0.00636901 -0.00346565    0.460957
IMAGINARY
           0    0.0115811   -0.0236199  0.000688776
  -0.0115811            0  -0.00681122  0.000770391
   0.0236199   0.00681122            0   0.00589206
-0.000688776 -0.000770391  -0.00589206            0
EndNode1[0]<--->Repeater1[0]
REAL
  0.472441 -0.0134845 -0.0091296   0.278359
-0.0134845  0.0498688 -0.0144335  0.0024983
-0.0091296 -0.0144335  0.0367454 0.00154817
  0.278359  0.0024983 0.00154817   0.440945
IMAGINARY
          0  -0.0161101 -0.00720208  -0.0221155
  0.0161101           0  -0.0132771 -0.00116343
 0.00720208   0.0132771           0  -0.0102735
  0.0221155  0.00116343   0.0102735           0
EndNode2[0]<--->HoM1[0]
REAL
    0.46134  0.00951597 -0.00114199    0.274551
 0.00951597   0.0360825   0.0202895   0.0097415
-0.00114199   0.0202895   0.0463918   0.0175111
   0.274551   0.0097415   0.0175111    0.456186
IMAGINARY
          0  -0.0223127   0.0163352  -0.0217557
  0.0223127           0   0.0107596   0.0163352
 -0.0163352  -0.0107596           0 -0.00609644
  0.0217557  -0.0163352  0.00609644           0
Repeater1[0]<--->EndNode1[0]
REAL
  0.472441 -0.0091296 -0.0134845   0.278359
-0.0091296  0.0367454 -0.0144335 0.00154817
-0.0134845 -0.0144335  0.0498688  0.0024983
  0.278359 0.00154817  0.0024983   0.440945
IMAGINARY
          0 -0.00720208  -0.0161101  -0.0221155
 0.00720208           0   0.0132771  -0.0102735
  0.0161101  -0.0132771           0 -0.00116343
  0.0221155   0.0102735  0.00116343           0
Repeater1[0]<--->HoM1[0]
REAL
    0.46134 -0.00114199  0.00951597    0.274551
-0.00114199   0.0463918   0.0202895   0.0175111
 0.00951597   0.0202895   0.0360825   0.0097415
   0.274551   0.0175111   0.0097415    0.456186
IMAGINARY
          0   0.0163352  -0.0223127  -0.0217557
 -0.0163352           0  -0.0107596 -0.00609644
  0.0223127   0.0107596           0   0.0163352
  0.0217557  0.00609644  -0.0163352           0
EndNode1[0]<--->Repeater1[0]
REAL
  0.451493 0.00842847 0.00503054   0.275454
0.00842847  0.0373134 -0.0149973 0.00194031
0.00503054 -0.0149973  0.0422886 -0.0103296
  0.275454 0.00194031 -0.0103296   0.468905
IMAGINARY
          0   0.0102825  -0.0263573 -0.00289851
 -0.0102825           0  -0.0111577   0.0183997
  0.0263573   0.0111577           0   0.0162427
 0.00289851  -0.0183997  -0.0162427           0
EndNode2[0]<--->HoM1[0]
REAL
   0.459635   0.0211768   0.0127916    0.273794
  0.0211768   0.0390625 -0.00426749   0.0147372
  0.0127916 -0.00426749   0.0377604  0.00635201
   0.273794   0.0147372  0.00635201    0.463542
IMAGINARY
          0   0.0118511  -0.0168136  0.00433679
 -0.0118511           0   0.0267068   0.0104361
  0.0168136  -0.0267068           0  -0.0156777
-0.00433679  -0.0104361   0.0156777           0
Repeater1[0]<--->EndNode1[0]
REAL
  0.451493 0.00503054 0.00842847   0.275454
0.00503054  0.0422886 -0.0149973 -0.0103296
0.00842847 -0.0149973  0.0373134 0.00194031
  0.275454 -0.0103296 0.00194031   0.468905
IMAGINARY
          0  -0.0263573   0.0102825 -0.00289851
  0.0263573           0   0.0111577   0.0162427
 -0.0102825  -0.0111577           0   0.0183997
 0.00289851  -0.0162427  -0.0183997           0
Repeater1[0]<--->HoM1[0]
REAL
   0.459635   0.0127916   0.0211768    0.273794
  0.0127916   0.0377604 -0.00426749  0.00635201
  0.0211768 -0.00426749   0.0390625   0.0147372
   0.273794  0.00635201   0.0147372    0.463542
IMAGINARY
          0  -0.0168136   0.0118511  0.00433679
  0.0168136           0  -0.0267068  -0.0156777
 -0.0118511   0.0267068           0   0.0104361
-0.00433679   0.0156777  -0.0104361           0
EndNode1[0]<--->Repeater1[0]
REAL
   0.459422  0.00504565  -0.0169322    0.269265
 0.00504565   0.0357634  0.00455938  0.00486106
 -0.0169322  0.00455938   0.0261348 -0.00949291
   0.269265  0.00486106 -0.00949291     0.47868
IMAGINARY
          0   0.0075878 -0.00983635 -0.00314316
 -0.0075878           0   -0.021231  -0.0142278
 0.00983635    0.021231           0 -0.00224021
 0.00314316   0.0142278  0.00224021           0
EndNode2[0]<--->HoM1[0]
REAL
   0.466314   0.0189791   0.0188289    0.251802
  0.0189791   0.0515192 0.000829408  0.00222373
  0.0188289 0.000829408   0.0409511   0.0283894
   0.251802  0.00222373   0.0283894    0.441215
IMAGINARY
          0   0.0253368  -0.0158952 -0.00558078
 -0.0253368           0  -0.0146278 -0.00550558
  0.0158952   0.0146278           0  -0.0195002
 0.00558078  0.00550558   0.0195002           0
Repeater1[0]<--->EndNode1[0]
REAL
   0.459422  -0.0169322  0.00504565    0.269265
 -0.0169322   0.0261348  0.00455938 -0.00949291
 0.00504565  0.00455938   0.0357634  0.00486106
   0.269265 -0.00949291  0.00486106     0.47868
IMAGINARY
          0 -0.00983635   0.0075878 -0.00314316
 0.00983635           0    0.021231 -0.00224021
 -0.0075878   -0.021231           0  -0.0142278
 0.00314316  0.00224021   0.0142278           0
Repeater1[0]<--->HoM1[0]
REAL
   0.466314   0.0188289   0.0189791    0.251802
  0.0188289   0.0409511 0.000829408   0.0283894
  0.0189791 0.000829408   0.0515192  0.00222373
   0.251802   0.0283894  0.00222373    0.441215
IMAGINARY
          0  -0.0158952   0.0253368 -0.00558078
  0.0158952           0   0.0146278  -0.0195002
 -0.0253368  -0.0146278           0 -0.00550558
 0.00558078   0.0195002  0.00550558           0
EndNode1[0]<--->Repeater1[0]
REAL
   0.420792  0.00634744 -0.00153998    0.278812
 0.00634744   0.0457921 -0.00568177  0.00977826
-0.00153998 -0.00568177   0.0445545   0.0158325
   0.278812  0.00977826   0.0158325    0.488861
IMAGINARY
          0 -0.00155042  -0.0190222  -0.0128356
 0.00155042           0 -0.00906677  0.00128238
  0.0190222  0.00906677           0    0.014034
  0.0128356 -0.00128238   -0.014034           0
EndNode2[0]<--->HoM1[0]
REAL
   0.464736  0.00561427  0.00479493    0.267725
 0.00561427   0.0390428  0.00569282 -0.00606075
 0.00479493  0.00569282   0.0478589 -0.00561427
   0.267725 -0.00606075 -0.00561427    0.448363
IMAGINARY
           0    0.0025327  -0.00570043   -0.0018034
  -0.0025327            0   0.00513229  0.000352838
  0.00570043  -0.00513229            0   -0.0185755
   0.0018034 -0.000352838    0.0185755            0
Repeater1[0]<--->EndNode1[0]
REAL
   0.420792 -0.00153998  0.00634744    0.278812
-0.00153998   0.0445545 -0.00568177   0.0158325
 0.00634744 -0.00568177   0.0457921  0.00977826
   0.278812   0.0158325  0.00977826    0.488861
IMAGINARY
          0  -0.0190222 -0.00155042  -0.0128356
  0.0190222           0  0.00906677    0.014034
 0.00155042 -0.00906677           0  0.00128238
  0.0128356   -0.014034 -0.00128238           0
Repeater1[0]<--->HoM1[0]
REAL
   0.464736  0.00479493  0.00561427    0.267725
 0.00479493   0.0478589  0.00569282 -0.00561427
 0.00561427  0.00569282   0.0390428 -0.00606075
   0.267725 -0.00561427 -0.00606075    0.448363
IMAGINARY
           0  -0.00570043    0.0025327   -0.0018034
  0.00570043            0  -0.00513229   -0.0185755
  -0.0025327   0.00513229            0  0.000352838
   0.0018034    0.0185755 -0.000352838            0
EndNode1[0]<--->Repeater1[0]
REAL
    0.459873  -0.00625625   -0.0118082      0.26408
 -0.00625625    0.0343949 -0.000625782   0.00993089
  -0.0118082 -0.000625782    0.0407643  -0.00688518
     0.26408   0.00993089  -0.00688518     0.464968
IMAGINARY
          0 -0.00400017  0.00670264  -0.0210728
 0.00400017           0 -0.00255428 -0.00604904
-0.00670264  0.00255428           0   0.0111897
  0.0210728  0.00604904  -0.0111897           0
EndNode2[0]<--->HoM1[0]
REAL
    0.446727    0.0113322 -0.000754786     0.272753
   0.0113322    0.0397946   0.00173127    0.0278166
-0.000754786   0.00173127     0.042362  -0.00617754
    0.272753    0.0278166  -0.00617754     0.471117
IMAGINARY
          0 -0.00170364   0.0109299  -0.0175727
 0.00170364           0  0.00836217  0.00524088
 -0.0109299 -0.00836217           0  -0.0183481
  0.0175727 -0.00524088   0.0183481           0
Repeater1[0]<--->EndNode1[0]
REAL
    0.459873   -0.0118082  -0.00625625      0.26408
  -0.0118082    0.0407643 -0.000625782  -0.00688518
 -0.00625625 -0.000625782    0.0343949   0.00993089
     0.26408  -0.00688518   0.00993089     0.464968
IMAGINARY
          0  0.00670264 -0.00400017  -0.0210728
-0.00670264           0  0.00255428   0.0111897
 0.00400017 -0.00255428           0 -0.00604904
  0.0210728  -0.0111897  0.00604904           0
Repeater1[0]<--->HoM1[0]
REAL
    0.446727 -0.000754786    0.0113322     0.272753
-0.000754786     0.042362   0.00173127  -0.00617754
   0.0113322   0.00173127    0.0397946    0.0278166
    0.272753  -0.00617754    0.0278166     0.471117
IMAGINARY
          0   0.0109299 -0.00170364  -0.0175727
 -0.0109299           0 -0.00836217  -0.0183481
 0.00170364  0.00836217           0  0.00524088
  0.0175727   0.0183481 -0.00524088           0
EndNode1[0]<--->Repeater1[0]
REAL
  0.453473  0.0133041 0.00686516   0.273498
 0.0133041  0.0524246 0.00271699  0.0251042
0.00686516 0.00271699  0.0406291 -0.0107465
  0.273498  0.0251042 -0.0107465   0.453473
IMAGINARY
          0 -0.00188244  0.00504416 -0.00770736
 0.00188244           0  -0.0128224  0.00251251
-0.00504416   0.0128224           0  -0.0132309
 0.00770736 -0.00251251   0.0132309           0
EndNode2[0]<--->HoM1[0]
REAL
  0.426667 0.00670163  0.0127357   0.281545
0.00670163  0.0413333  0.0130975 0.00512146
 0.0127357  0.0130975  0.0413333 0.00732898
  0.281545 0.00512146 0.00732898   0.490667
IMAGINARY
          0  0.00268389 -0.00251182  0.00277478
-0.00268389           0  -0.0106695 -0.00893856
 0.00251182   0.0106695           0  -0.0192233
-0.00277478  0.00893856   0.0192233           0
Repeater1[0]<--->EndNode1[0]
REAL
  0.453473 0.00686516  0.0133041   0.273498
0.00686516  0.0406291 0.00271699 -0.0107465
 0.0133041 0.00271699  0.0524246  0.0251042
  0.273498 -0.0107465  0.0251042   0.453473
IMAGINARY
          0  0.00504416 -0.00188244 -0.00770736
-0.00504416           0   0.0128224  -0.0132309
 0.00188244  -0.0128224           0  0.00251251
 0.00770736   0.0132309 -0.00251251           0
Repeater1[0]<--->HoM1[0]
REAL
  0.426667  0.0127357 0.00670163   0.281545
 0.0127357  0.0413333  0.0130975 0.00732898
0.00670163  0.0130975  0.0413333 0.00512146
  0.281545 0.00732898 0.00512146   0.490667
IMAGINARY
          0 -0.00251182  0.00268389  0.00277478
 0.00251182           0   0.0106695  -0.0192233
-0.00268389  -0.0106695           0 -0.00893856
-0.00277478   0.0192233  0.00893856           0
EndNode1[0]<--->Repeater1[0]
REAL
   0.452785  -0.0201167   0.0106958     0.29118
 -0.0201167   0.0399516 -0.00725997 -0.00315811
  0.0106958 -0.00725997   0.0375303  0.00755386
    0.29118 -0.00315811  0.00755386    0.469734
IMAGINARY
           0   -0.0138757    0.0099931   -0.0145503
   0.0138757            0 -0.000643043    0.0218665
  -0.0099931  0.000643043            0   0.00672355
   0.0145503   -0.0218665  -0.00672355            0
EndNode2[0]<--->HoM1[0]
REAL
    0.470199  -0.00681563   0.00855722     0.271934
 -0.00681563    0.0450331  -0.00501719  -0.00354469
  0.00855722  -0.00501719    0.0384106 -0.000703164
    0.271934  -0.00354469 -0.000703164     0.446358
IMAGINARY
          0  0.00458391   0.0016648   0.0164751
-0.00458391           0 -0.00709175 -0.00104522
 -0.0016648  0.00709175           0  0.00718808
 -0.0164751  0.00104522 -0.00718808           0
Repeater1[0]<--->EndNode1[0]
REAL
   0.452785   0.0106958  -0.0201167     0.29118
  0.0106958   0.0375303 -0.00725997  0.00755386
 -0.0201167 -0.00725997   0.0399516 -0.00315811
    0.29118  0.00755386 -0.00315811    0.469734
IMAGINARY
           0    0.0099931   -0.0138757   -0.0145503
  -0.0099931            0  0.000643043   0.00672355
   0.0138757 -0.000643043            0    0.0218665
   0.0145503  -0.00672355   -0.0218665            0
Repeater1[0]<--->HoM1[0]
REAL
    0.470199   0.00855722  -0.00681563     0.271934
  0.00855722    0.0384106  -0.00501719 -0.000703164
 -0.00681563  -0.00501719    0.0450331  -0.00354469
    0.271934 -0.000703164  -0.00354469     0.446358
IMAGINARY
          0   0.0016648  0.00458391   0.0164751
 -0.0016648           0  0.00709175  0.00718808
-0.00458391 -0.00709175           0 -0.00104522
 -0.0164751 -0.00718808  0.00104522           0
EndNode1[0]<--->Repeater1[0]
REAL
   0.456774    0.017011  0.00567954    0.289644
   0.017011   0.0322581  0.00738582 -0.00444192
 0.00567954  0.00738582   0.0374194 -0.00339715
   0.289644 -0.00444192 -0.00339715    0.473548
IMAGINARY
          0    0.017822  -0.0283085  -0.0120945
  -0.017822           0   0.0133508 -0.00394955
  0.0283085  -0.0133508           0  0.00637158
  0.0120945  0.00394955 -0.00637158           0
EndNode2[0]<--->HoM1[0]
REAL
    0.467162    0.0132139 -0.000488866     0.275344
   0.0132139    0.0408922    0.0135602    0.0255227
-0.000488866    0.0135602    0.0433705    0.0145263
    0.275344    0.0255227    0.0145263     0.448575
IMAGINARY
           0 -0.000645625  -0.00307763  -0.00774473
 0.000645625            0  -0.00774473   0.00626234
  0.00307763   0.00774473            0   -0.0012652
  0.00774473  -0.00626234    0.0012652            0
Repeater1[0]<--->EndNode1[0]
REAL
   0.456774  0.00567954    0.017011    0.289644
 0.00567954   0.0374194  0.00738582 -0.00339715
   0.017011  0.00738582   0.0322581 -0.00444192
   0.289644 -0.00339715 -0.00444192    0.473548
IMAGINARY
          0  -0.0283085    0.017822  -0.0120945
  0.0283085           0  -0.0133508  0.00637158
  -0.017822   0.0133508           0 -0.00394955
  0.0120945 -0.00637158  0.00394955           0
Repeater1[0]<--->HoM1[0]
REAL
    0.467162 -0.000488866    0.0132139     0.275344
-0.000488866    0.0433705    0.0135602    0.0145263
   0.0132139    0.0135602    0.0408922    0.0255227
    0.275344    0.0145263    0.0255227     0.448575
IMAGINARY
           0  -0.00307763 -0.000645625  -0.00774473
  0.00307763            0   0.00774473   -0.0012652
 0.000645625  -0.00774473            0   0.00626234
  0.00774473    0.0012652  -0.00626234            0
EndNode1[0]<--->Repeater1[0]
REAL
   0.429471  0.00618891 -0.00441262     0.26784
 0.00618891   0.0428212  0.00276451   0.0126544
-0.00441262  0.00276451   0.0365239  0.00342648
    0.26784   0.0126544  0.00342648    0.491184
IMAGINARY
          0 -0.00602382  0.00229032  0.00691873
 0.00602382           0 -0.00955031  -0.0173657
-0.00229032  0.00955031           0  0.00476754
-0.00691873   0.0173657 -0.00476754           0
EndNode2[0]<--->HoM1[0]
REAL
   0.445026   0.0150876   0.0141568    0.265102
  0.0150876   0.0287958  0.00925741 -0.00390044
  0.0141568  0.00925741   0.0418848   0.0028611
   0.265102 -0.00390044   0.0028611    0.484293
IMAGINARY
          0  -0.0255587  0.00711736   0.0154412
  0.0255587           0  0.00955882   0.0136619
-0.00711736 -0.00955882           0 -0.00561016
 -0.0154412  -0.0136619  0.00561016           0
Repeater1[0]<--->EndNode1[0]
REAL
   0.429471 -0.00441262  0.00618891     0.26784
-0.00441262   0.0365239  0.00276451  0.00342648
 0.00618891  0.00276451   0.0428212   0.0126544
    0.26784  0.00342648   0.0126544    0.491184
IMAGINARY
          0  0.00229032 -0.00602382  0.00691873
-0.00229032           0  0.00955031  0.00476754
 0.00602382 -0.00955031           0  -0.0173657
-0.00691873 -0.00476754   0.0173657           0
Repeater1[0]<--->HoM1[0]
REAL
   0.445026   0.0141568   0.0150876    0.265102
  0.0141568   0.0418848  0.00925741   0.0028611
  0.0150876  0.00925741   0.0287958 -0.00390044
   0.265102   0.0028611 -0.00390044    0.484293
IMAGINARY
          0  0.00711736  -0.0255587   0.0154412
-0.00711736           0 -0.00955882 -0.00561016
  0.0255587  0.00955882           0   0.0136619
 -0.0154412  0.00561016  -0.0136619           0
EndNode1[0]<--->Repeater1[0]
REAL
  0.497506 0.00588697 0.00256534   0.272015
0.00588697  0.0349127 -0.0026836  0.0007112
0.00256534 -0.0026836  0.0349127 0.00525326
  0.272015  0.0007112 0.00525326   0.432668
IMAGINARY
           0    0.0186421  0.000978813   0.00658082
  -0.0186421            0   0.00593565   -0.0106174
-0.000978813  -0.00593565            0  -0.00297949
 -0.00658082    0.0106174   0.00297949            0
EndNode2[0]<--->HoM1[0]
REAL
  0.454545 0.00586304  0.0225123   0.264074
0.00586304  0.0409731 -0.0076791 -0.0048509
 0.0225123 -0.0076791   0.028169  0.0312868
  0.264074 -0.0048509  0.0312868   0.476312
IMAGINARY
          0 -0.00783337  -0.0166781  0.00981338
 0.00783337           0 -0.00222718 -0.00538996
  0.0166781  0.00222718           0  0.00846389
-0.00981338  0.00538996 -0.00846389           0
Repeater1[0]<--->EndNode1[0]
REAL
  0.497506 0.00256534 0.00588697   0.272015
0.00256534  0.0349127 -0.0026836 0.00525326
0.00588697 -0.0026836  0.0349127  0.0007112
  0.272015 0.00525326  0.0007112   0.432668
IMAGINARY
           0  0.000978813    0.0186421   0.00658082
-0.000978813            0  -0.00593565  -0.00297949
  -0.0186421   0.00593565            0   -0.0106174
 -0.00658082   0.00297949    0.0106174            0
Repeater1[0]<--->HoM1[0]
REAL
  0.454545  0.0225123 0.00586304   0.264074
 0.0225123   0.028169 -0.0076791  0.0312868
0.00586304 -0.0076791  0.0409731 -0.0048509
  0.264074  0.0312868 -0.0048509   0.476312
IMAGINARY
          0  -0.0166781 -0.00783337  0.00981338
  0.0166781           0  0.00222718  0.00846389
 0.00783337 -0.00222718           0 -0.00538996
-0.00981338 -0.00846389  0.00538996           0
EndNode1[0]<--->Repeater1[0]
REAL
   0.445798  -0.0186795 0.000278963    0.298226
 -0.0186795   0.0365408 -0.00895441  0.00929958
0.000278963 -0.00895441   0.0426309   0.0193181
   0.298226  0.00929958   0.0193181     0.47503
IMAGINARY
          0  -0.0149508    0.014935  -0.0116591
  0.0149508           0   0.0279635  0.00235223
  -0.014935  -0.0279635           0 -0.00100661
  0.0116591 -0.00235223  0.00100661           0
EndNode2[0]<--->HoM1[0]
REAL
  0.446809 -0.0127049 0.00516677   0.277524
-0.0127049  0.0513141 0.00565621  0.0165152
0.00516677 0.00565621  0.0425532  0.0199322
  0.277524  0.0165152  0.0199322   0.459324
IMAGINARY
          0   0.0254604  -0.0252746  0.00179993
 -0.0254604           0   0.0137196   0.0335489
  0.0252746  -0.0137196           0 -0.00418384
-0.00179993  -0.0335489  0.00418384           0
Repeater1[0]<--->EndNode1[0]
REAL
   0.445798 0.000278963  -0.0186795    0.298226
0.000278963   0.0426309 -0.00895441   0.0193181
 -0.0186795 -0.00895441   0.0365408  0.00929958
   0.298226   0.0193181  0.00929958     0.47503
IMAGINARY
          0    0.014935  -0.0149508  -0.0116591
  -0.014935           0  -0.0279635 -0.00100661
  0.0149508   0.0279635           0  0.00235223
  0.0116591  0.00100661 -0.00235223           0
Repeater1[0]<--->HoM1[0]
REAL
  0.446809 0.00516677 -0.0127049   0.277524
0.00516677  0.0425532 0.00565621  0.0199322
-0.0127049 0.00565621  0.0513141  0.0165152
  0.277524  0.0199322  0.0165152   0.459324
IMAGINARY
          0  -0.0252746   0.0254604  0.00179993
  0.0252746           0  -0.0137196 -0.00418384
 -0.0254604   0.0137196           0   0.0335489
-0.00179993  0.00418384  -0.0335489           0
EndNode1[0]<--->Repeater1[0]
REAL
   0.460317  0.00932359   0.0222651    0.270166
 0.00932359   0.0555556  0.00278659 -0.00489538
  0.0222651  0.00278659   0.0410053    0.016731
   0.270166 -0.00489538    0.016731    0.443122
IMAGINARY
           0  -0.00802139   0.00297089  -0.00462489
  0.00802139            0    0.0241709 -0.000297089
 -0.00297089   -0.0241709            0    0.0106952
  0.00462489  0.000297089   -0.0106952            0
EndNode2[0]<--->HoM1[0]
REAL
  0.432653 0.00422617 0.00172021   0.271654
0.00422617  0.0435374 -0.0106148 -0.0108111
0.00172021 -0.0106148  0.0340136 0.00486474
  0.271654 -0.0108111 0.00486474   0.489796
IMAGINARY
          0   0.0113828  0.00355516   0.0109398
 -0.0113828           0  0.00338312  -0.0237638
-0.00355516 -0.00338312           0   0.0101296
 -0.0109398   0.0237638  -0.0101296           0
Repeater1[0]<--->EndNode1[0]
REAL
   0.460317   0.0222651  0.00932359    0.270166
  0.0222651   0.0410053  0.00278659    0.016731
 0.00932359  0.00278659   0.0555556 -0.00489538
   0.270166    0.016731 -0.00489538    0.443122
IMAGINARY
           0   0.00297089  -0.00802139  -0.00462489
 -0.00297089            0   -0.0241709    0.0106952
  0.00802139    0.0241709            0 -0.000297089
  0.00462489   -0.0106952  0.000297089            0
Repeater1[0]<--->HoM1[0]
REAL
  0.432653 0.00172021 0.00422617   0.271654
0.00172021  0.0340136 -0.0106148 0.00486474
0.00422617 -0.0106148  0.0435374 -0.0108111
  0.271654 0.00486474 -0.0108111   0.489796
IMAGINARY
          0  0.00355516   0.0113828   0.0109398
-0.00355516           0 -0.00338312   0.0101296
 -0.0113828  0.00338312           0  -0.0237638
 -0.0109398  -0.0101296   0.0237638           0
EndNode1[0]<--->Repeater1[0]
REAL
   0.451572  -0.0296976  -0.0304202    0.284597
 -0.0296976   0.0238994  0.00652569 -0.00743882
 -0.0304202  0.00652569    0.045283  -0.0264382
   0.284597 -0.00743882  -0.0264382    0.479245
IMAGINARY
          0  -0.0209926  0.00767865  0.00114653
  0.0209926           0  0.00395551 -0.00569715
-0.00767865 -0.00395551           0   -0.017977
-0.00114653  0.00569715    0.017977           0
EndNode2[0]<--->HoM1[0]
REAL
   0.439901  0.00799735  -0.0279877    0.257689
