EndNode1[0]<--->Repeater1[0]
REAL
   0.458015 -0.00529622 -0.00510072   0.0310894
-0.00529622    0.351145  -0.0058234  -0.0241546
-0.00510072  -0.0058234    0.114504   0.0119452
  0.0310894  -0.0241546   0.0119452   0.0763359
IMAGINARY
          0 -0.00622292   -0.027874 -0.00219671
 0.00622292           0   0.0199833  0.00438407
   0.027874  -0.0199833           0 -0.00115963
 0.00219671 -0.00438407  0.00115963           0
EndNode2[0]<--->HoM1[0]
REAL
     0.408  0.0190906 -0.0100557 0.00421923
 0.0190906   0.170667 0.00870067  0.0294356
-0.0100557 0.00870067   0.326667 0.00416522
0.00421923  0.0294356 0.00416522  0.0946667
IMAGINARY
          0   0.0204164    0.012086 -0.00317935
 -0.0204164           0  -0.0154343  -0.0101653
  -0.012086   0.0154343           0 -0.00697212
 0.00317935   0.0101653  0.00697212           0
Repeater1[0]<--->EndNode1[0]
REAL
   0.458015 -0.00510072 -0.00529622   0.0310894
-0.00510072    0.114504  -0.0058234   0.0119452
-0.00529622  -0.0058234    0.351145  -0.0241546
  0.0310894   0.0119452  -0.0241546   0.0763359
IMAGINARY
          0   -0.027874 -0.00622292 -0.00219671
   0.027874           0  -0.0199833 -0.00115963
 0.00622292   0.0199833           0  0.00438407
 0.00219671  0.00115963 -0.00438407           0
Repeater1[0]<--->HoM1[0]
REAL
     0.408 -0.0100557  0.0190906 0.00421923
-0.0100557   0.326667 0.00870067 0.00416522
 0.0190906 0.00870067   0.170667  0.0294356
0.00421923 0.00416522  0.0294356  0.0946667
IMAGINARY
          0    0.012086   0.0204164 -0.00317935
  -0.012086           0   0.0154343 -0.00697212
 -0.0204164  -0.0154343           0  -0.0101653
 0.00317935  0.00697212   0.0101653           0
