EndNode1[0]<--->Repeater1[0]
REAL
   0.252859  0.00625278    0.029048   0.0558317
 0.00625278    0.221093   0.0337636   0.0229751
   0.029048   0.0337636    0.246506 -0.00336261
  0.0558317   0.0229751 -0.00336261    0.279543
IMAGINARY
          0   0.0112345  0.00411959  0.00567629
 -0.0112345           0   -0.017626  0.00786024
-0.00411959    0.017626           0  -0.0017767
-0.00567629 -0.00786024   0.0017767           0
EndNode2[0]<--->HoM1[0]
REAL
  0.269987 0.00132075 -0.0102515    0.04601
0.00132075   0.245085  0.0332583 0.00537348
-0.0102515  0.0332583     0.2346  0.0120939
   0.04601 0.00537348  0.0120939   0.250328
IMAGINARY
          0  0.00218357  -0.0124766   0.0246052
-0.00218357           0  -0.0071408 -0.00564425
  0.0124766   0.0071408           0  0.00922582
 -0.0246052  0.00564425 -0.00922582           0
Repeater1[0]<--->EndNode1[0]
REAL
   0.252859    0.029048  0.00625278   0.0558317
   0.029048    0.246506   0.0337636 -0.00336261
 0.00625278   0.0337636    0.221093   0.0229751
  0.0558317 -0.00336261   0.0229751    0.279543
IMAGINARY
          0  0.00411959   0.0112345  0.00567629
-0.00411959           0    0.017626  -0.0017767
 -0.0112345   -0.017626           0  0.00786024
-0.00567629   0.0017767 -0.00786024           0
Repeater1[0]<--->HoM1[0]
REAL
  0.269987 -0.0102515 0.00132075    0.04601
-0.0102515     0.2346  0.0332583  0.0120939
0.00132075  0.0332583   0.245085 0.00537348
   0.04601  0.0120939 0.00537348   0.250328
IMAGINARY
          0  -0.0124766  0.00218357   0.0246052
  0.0124766           0   0.0071408  0.00922582
-0.00218357  -0.0071408           0 -0.00564425
 -0.0246052 -0.00922582  0.00564425           0
EndNode1[0]<--->Repeater1[0]
REAL
  0.267016  -0.024662 0.00938597  0.0366692
 -0.024662   0.223822    0.01603  0.0188917
0.00938597    0.01603   0.252618  0.0220913
 0.0366692  0.0188917  0.0220913   0.256545
IMAGINARY
          0  -0.0123354  -0.0100841  -0.0227963
  0.0123354           0 -0.00525246  0.00675524
  0.0100841  0.00525246           0  -0.0162931
  0.0227963 -0.00675524   0.0162931           0
EndNode2[0]<--->HoM1[0]
REAL
   0.23731 -0.0224579 -0.0156646  0.0601844
-0.0224579   0.263959  0.0378684 -0.0170196
-0.0156646  0.0378684   0.256345 -0.0255254
 0.0601844 -0.0170196 -0.0255254   0.242386
IMAGINARY
          0  -0.0130829    0.012897  -0.0070734
  0.0130829           0  0.00455451  0.00580023
  -0.012897 -0.00455451           0  0.00644838
  0.0070734 -0.00580023 -0.00644838           0
Repeater1[0]<--->EndNode1[0]
REAL
  0.267016 0.00938597  -0.024662  0.0366692
0.00938597   0.252618    0.01603  0.0220913
 -0.024662    0.01603   0.223822  0.0188917
 0.0366692  0.0220913  0.0188917   0.256545
IMAGINARY
          0  -0.0100841  -0.0123354  -0.0227963
  0.0100841           0  0.00525246  -0.0162931
  0.0123354 -0.00525246           0  0.00675524
  0.0227963   0.0162931 -0.00675524           0
Repeater1[0]<--->HoM1[0]
REAL
   0.23731 -0.0156646 -0.0224579  0.0601844
-0.0156646   0.256345  0.0378684 -0.0255254
-0.0224579  0.0378684   0.263959 -0.0170196
 0.0601844 -0.0255254 -0.0170196   0.242386
IMAGINARY
          0    0.012897  -0.0130829  -0.0070734
  -0.012897           0 -0.00455451  0.00644838
  0.0130829  0.00455451           0  0.00580023
  0.0070734 -0.00644838 -0.00580023           0
EndNode1[0]<--->Repeater1[0]
REAL
    0.268054    0.0107258 -0.000974447    0.0723489
   0.0107258     0.231334    0.0229818   0.00162296
-0.000974447    0.0229818      0.24235   0.00289289
   0.0723489   0.00162296   0.00289289     0.258262
IMAGINARY
          0  0.00212858 -0.00716791 -0.00605315
-0.00212858           0  -0.0259981  0.00969956
 0.00716791   0.0259981           0  0.00546636
 0.00605315 -0.00969956 -0.00546636           0
EndNode2[0]<--->HoM1[0]
REAL
   0.262899  -0.0340819 -0.00852281   0.0438493
 -0.0340819    0.237101   0.0360164  -0.0136248
-0.00852281   0.0360164    0.239558  -0.0135691
  0.0438493  -0.0136248  -0.0135691    0.260442
IMAGINARY
          0  0.00718358 -0.00865406 -0.00016074
-0.00718358           0  0.00701006  0.00995955
 0.00865406 -0.00701006           0  0.00587125
 0.00016074 -0.00995955 -0.00587125           0
Repeater1[0]<--->EndNode1[0]
REAL
    0.268054 -0.000974447    0.0107258    0.0723489
-0.000974447      0.24235    0.0229818   0.00289289
   0.0107258    0.0229818     0.231334   0.00162296
   0.0723489   0.00289289   0.00162296     0.258262
IMAGINARY
          0 -0.00716791  0.00212858 -0.00605315
 0.00716791           0   0.0259981  0.00546636
-0.00212858  -0.0259981           0  0.00969956
 0.00605315 -0.00546636 -0.00969956           0
Repeater1[0]<--->HoM1[0]
REAL
   0.262899 -0.00852281  -0.0340819   0.0438493
-0.00852281    0.239558   0.0360164  -0.0135691
 -0.0340819   0.0360164    0.237101  -0.0136248
  0.0438493  -0.0135691  -0.0136248    0.260442
IMAGINARY
          0 -0.00865406  0.00718358 -0.00016074
 0.00865406           0 -0.00701006  0.00587125
-0.00718358  0.00701006           0  0.00995955
 0.00016074 -0.00587125 -0.00995955           0
EndNode1[0]<--->Repeater1[0]
REAL
   0.240691  -0.0148648  -0.0246801    0.068268
 -0.0148648    0.231383    0.037096 -0.00150127
 -0.0246801    0.037096    0.263298  0.00528629
   0.068268 -0.00150127  0.00528629    0.264628
IMAGINARY
          0   0.0150734  -0.0231741  0.00671239
 -0.0150734           0 -0.00544977 -0.00176354
  0.0231741  0.00544977           0    0.002383
-0.00671239  0.00176354   -0.002383           0
EndNode2[0]<--->HoM1[0]
REAL
   0.245478  -0.0214611  -0.0259791   0.0469259
 -0.0214611     0.21447   0.0120422 -0.00964744
 -0.0259791   0.0120422    0.267442  0.00917612
  0.0469259 -0.00964744  0.00917612     0.27261
IMAGINARY
           0    0.0126048  -0.00196757   0.00658333
  -0.0126048            0   0.00927874  -0.00578437
  0.00196757  -0.00927874            0  0.000315058
 -0.00658333   0.00578437 -0.000315058            0
Repeater1[0]<--->EndNode1[0]
REAL
   0.240691  -0.0246801  -0.0148648    0.068268
 -0.0246801    0.263298    0.037096  0.00528629
 -0.0148648    0.037096    0.231383 -0.00150127
   0.068268  0.00528629 -0.00150127    0.264628
IMAGINARY
          0  -0.0231741   0.0150734  0.00671239
  0.0231741           0  0.00544977    0.002383
 -0.0150734 -0.00544977           0 -0.00176354
-0.00671239   -0.002383  0.00176354           0
Repeater1[0]<--->HoM1[0]
REAL
   0.245478  -0.0259791  -0.0214611   0.0469259
 -0.0259791    0.267442   0.0120422  0.00917612
 -0.0214611   0.0120422     0.21447 -0.00964744
  0.0469259  0.00917612 -0.00964744     0.27261
IMAGINARY
           0  -0.00196757    0.0126048   0.00658333
  0.00196757            0  -0.00927874  0.000315058
  -0.0126048   0.00927874            0  -0.00578437
 -0.00658333 -0.000315058   0.00578437            0
EndNode1[0]<--->Repeater1[0]
REAL
  0.258555 0.00433987  -0.012086  0.0494114
0.00433987   0.245881  0.0292553 0.00275269
 -0.012086  0.0292553   0.249683 0.00499346
 0.0494114 0.00275269 0.00499346   0.245881
IMAGINARY
           0  0.000628326    0.0159856   -0.0163436
-0.000628326            0    -0.017649   -0.0101338
  -0.0159856     0.017649            0  -0.00778047
   0.0163436    0.0101338   0.00778047            0
EndNode2[0]<--->HoM1[0]
REAL
  0.268507 -0.0121935  0.0111335  0.0323963
-0.0121935   0.269762  0.0480853 -0.0117672
 0.0111335  0.0480853   0.224592  0.0280364
 0.0323963 -0.0117672  0.0280364   0.237139
IMAGINARY
           0    0.0133536   -0.0125202   0.00167738
  -0.0133536            0   0.00229088  0.000924061
   0.0125202  -0.00229088            0    -0.020857
 -0.00167738 -0.000924061     0.020857            0
Repeater1[0]<--->EndNode1[0]
REAL
  0.258555  -0.012086 0.00433987  0.0494114
 -0.012086   0.249683  0.0292553 0.00499346
0.00433987  0.0292553   0.245881 0.00275269
 0.0494114 0.00499346 0.00275269   0.245881
IMAGINARY
           0    0.0159856  0.000628326   -0.0163436
  -0.0159856            0     0.017649  -0.00778047
-0.000628326    -0.017649            0   -0.0101338
   0.0163436   0.00778047    0.0101338            0
Repeater1[0]<--->HoM1[0]
REAL
  0.268507  0.0111335 -0.0121935  0.0323963
 0.0111335   0.224592  0.0480853  0.0280364
-0.0121935  0.0480853   0.269762 -0.0117672
 0.0323963  0.0280364 -0.0117672   0.237139
IMAGINARY
           0   -0.0125202    0.0133536   0.00167738
   0.0125202            0  -0.00229088    -0.020857
  -0.0133536   0.00229088            0  0.000924061
 -0.00167738     0.020857 -0.000924061            0
EndNode1[0]<--->Repeater1[0]
REAL
    0.2543 0.00264017 -0.0131115  0.0600859
0.00264017   0.246929 0.00980657 -0.0137702
-0.0131115 0.00980657   0.246929 -0.0241455
 0.0600859 -0.0137702 -0.0241455   0.251843
IMAGINARY
           0  -0.00263734    0.0126883   -0.0135437
  0.00263734            0  -0.00141083   0.00965803
  -0.0126883   0.00141083            0 -0.000155953
   0.0135437  -0.00965803  0.000155953            0
EndNode2[0]<--->HoM1[0]
REAL
   0.228426   0.0130998 -0.00194767   0.0728002
  0.0130998        0.25   0.0396337  0.00723868
-0.00194767   0.0396337     0.26269  0.00938695
  0.0728002  0.00723868  0.00938695    0.258883
IMAGINARY
          0  0.00146154 -0.00251077   0.0121806
-0.00146154           0   0.0064916 -0.00312127
 0.00251077  -0.0064916           0  -0.0171061
 -0.0121806  0.00312127   0.0171061           0
Repeater1[0]<--->EndNode1[0]
REAL
    0.2543 -0.0131115 0.00264017  0.0600859
-0.0131115   0.246929 0.00980657 -0.0241455
0.00264017 0.00980657   0.246929 -0.0137702
 0.0600859 -0.0241455 -0.0137702   0.251843
IMAGINARY
           0    0.0126883  -0.00263734   -0.0135437
  -0.0126883            0   0.00141083 -0.000155953
  0.00263734  -0.00141083            0   0.00965803
   0.0135437  0.000155953  -0.00965803            0
Repeater1[0]<--->HoM1[0]
REAL
   0.228426 -0.00194767   0.0130998   0.0728002
-0.00194767     0.26269   0.0396337  0.00938695
  0.0130998   0.0396337        0.25  0.00723868
  0.0728002  0.00938695  0.00723868    0.258883
IMAGINARY
          0 -0.00251077  0.00146154   0.0121806
 0.00251077           0  -0.0064916  -0.0171061
-0.00146154   0.0064916           0 -0.00312127
 -0.0121806   0.0171061  0.00312127           0
EndNode1[0]<--->Repeater1[0]
REAL
   0.268107  0.00360713 -0.00231764    0.043537
 0.00360713    0.252859   0.0144813  0.00557709
-0.00231764   0.0144813    0.236341  0.00617123
   0.043537  0.00557709  0.00617123    0.242694
IMAGINARY
          0 -0.00189845  -0.0175659   0.0117033
 0.00189845           0 -0.00918442 -0.00543652
  0.0175659  0.00918442           0  -0.0198933
 -0.0117033  0.00543652   0.0198933           0
EndNode2[0]<--->HoM1[0]
REAL
   0.271531 -0.00929444  -0.0071362   0.0310594
-0.00929444    0.242823   0.0217756   -0.010905
 -0.0071362   0.0217756    0.252392 -0.00488082
  0.0310594   -0.010905 -0.00488082    0.233254
IMAGINARY
          0   -0.012349  0.00453721 -0.00257034
   0.012349           0  -0.0038896  -0.0217786
-0.00453721   0.0038896           0  -0.0234601
 0.00257034   0.0217786   0.0234601           0
Repeater1[0]<--->EndNode1[0]
REAL
   0.268107 -0.00231764  0.00360713    0.043537
-0.00231764    0.236341   0.0144813  0.00617123
 0.00360713   0.0144813    0.252859  0.00557709
   0.043537  0.00617123  0.00557709    0.242694
IMAGINARY
          0  -0.0175659 -0.00189845   0.0117033
  0.0175659           0  0.00918442  -0.0198933
 0.00189845 -0.00918442           0 -0.00543652
 -0.0117033   0.0198933  0.00543652           0
Repeater1[0]<--->HoM1[0]
REAL
   0.271531  -0.0071362 -0.00929444   0.0310594
 -0.0071362    0.252392   0.0217756 -0.00488082
-0.00929444   0.0217756    0.242823   -0.010905
  0.0310594 -0.00488082   -0.010905    0.233254
IMAGINARY
          0  0.00453721   -0.012349 -0.00257034
-0.00453721           0   0.0038896  -0.0234601
   0.012349  -0.0038896           0  -0.0217786
 0.00257034   0.0234601   0.0217786           0
