EndNode1[0]<--->Repeater1[0]
REAL
    0.32166   0.0249042 -0.00196872   0.0990734
  0.0249042    0.172503   0.0458819 -0.00888696
-0.00196872   0.0458819    0.188067  -0.0127714
  0.0990734 -0.00888696  -0.0127714    0.317769
IMAGINARY
          0   0.0134371   0.0219972 -0.00575929
 -0.0134371           0  -0.0223156   0.0111692
 -0.0219972   0.0223156           0  -0.0128113
 0.00575929  -0.0111692   0.0128113           0
EndNode2[0]<--->HoM1[0]
REAL
    0.32567 -0.00123726 -0.00350411     0.12505
-0.00123726    0.209451   0.0326516  0.00105912
-0.00350411   0.0326516    0.186462 -0.00365272
    0.12505  0.00105912 -0.00365272    0.278416
IMAGINARY
          0  -0.0178282 -0.00615716  -0.0102761
  0.0178282           0  -0.0258201   0.0146762
 0.00615716   0.0258201           0  0.00275612
  0.0102761  -0.0146762 -0.00275612           0
Repeater1[0]<--->EndNode1[0]
REAL
    0.32166 -0.00196872   0.0249042   0.0990734
-0.00196872    0.188067   0.0458819  -0.0127714
  0.0249042   0.0458819    0.172503 -0.00888696
  0.0990734  -0.0127714 -0.00888696    0.317769
IMAGINARY
          0   0.0219972   0.0134371 -0.00575929
 -0.0219972           0   0.0223156  -0.0128113
 -0.0134371  -0.0223156           0   0.0111692
 0.00575929   0.0128113  -0.0111692           0
Repeater1[0]<--->HoM1[0]
REAL
    0.32567 -0.00350411 -0.00123726     0.12505
-0.00350411    0.186462   0.0326516 -0.00365272
-0.00123726   0.0326516    0.209451  0.00105912
    0.12505 -0.00365272  0.00105912    0.278416
IMAGINARY
          0 -0.00615716  -0.0178282  -0.0102761
 0.00615716           0   0.0258201  0.00275612
  0.0178282  -0.0258201           0   0.0146762
  0.0102761 -0.00275612  -0.0146762           0
EndNode1[0]<--->Repeater1[0]
REAL
   0.318121  0.00901058  0.00921361    0.120107
 0.00901058    0.163758   0.0290814 -0.00609251
 0.00921361   0.0290814    0.183893   0.0128371
   0.120107 -0.00609251   0.0128371    0.334228
IMAGINARY
          0  -0.0126849 -0.00491172   -0.010209
  0.0126849           0  -0.0371321  0.00362967
 0.00491172   0.0371321           0  0.00242847
   0.010209 -0.00362967 -0.00242847           0
EndNode2[0]<--->HoM1[0]
REAL
   0.315085  0.00888282 -0.00787054    0.101411
 0.00888282    0.184915   0.0288304  0.00977652
-0.00787054   0.0288304    0.192214  0.00954158
   0.101411  0.00977652  0.00954158    0.307786
IMAGINARY
          0  0.00833333   0.0155144  -0.0108049
-0.00833333           0 -0.00412044 -0.00207354
 -0.0155144  0.00412044           0  0.00510753
  0.0108049  0.00207354 -0.00510753           0
Repeater1[0]<--->EndNode1[0]
REAL
   0.318121  0.00921361  0.00901058    0.120107
 0.00921361    0.183893   0.0290814   0.0128371
 0.00901058   0.0290814    0.163758 -0.00609251
   0.120107   0.0128371 -0.00609251    0.334228
IMAGINARY
          0 -0.00491172  -0.0126849   -0.010209
 0.00491172           0   0.0371321  0.00242847
  0.0126849  -0.0371321           0  0.00362967
   0.010209 -0.00242847 -0.00362967           0
Repeater1[0]<--->HoM1[0]
REAL
   0.315085 -0.00787054  0.00888282    0.101411
-0.00787054    0.192214   0.0288304  0.00954158
 0.00888282   0.0288304    0.184915  0.00977652
   0.101411  0.00954158  0.00977652    0.307786
IMAGINARY
          0   0.0155144  0.00833333  -0.0108049
 -0.0155144           0  0.00412044  0.00510753
-0.00833333 -0.00412044           0 -0.00207354
  0.0108049 -0.00510753  0.00207354           0
EndNode1[0]<--->Repeater1[0]
REAL
   0.331633   0.0143078   0.0215209   0.0763121
  0.0143078    0.178571   0.0357029 -0.00587635
  0.0215209   0.0357029    0.165816   -0.013682
  0.0763121 -0.00587635   -0.013682     0.32398
IMAGINARY
           0   -0.0102845    0.0108906    0.0201569
   0.0102845            0  -0.00723168   0.00179972
  -0.0108906   0.00723168            0  0.000132191
  -0.0201569  -0.00179972 -0.000132191            0
EndNode2[0]<--->HoM1[0]
REAL
    0.299625   0.00330069 -0.000255132      0.10687
  0.00330069     0.184769     0.061537   -0.0180216
-0.000255132     0.061537     0.183521   0.00453221
     0.10687   -0.0180216   0.00453221     0.332085
IMAGINARY
          0   0.0092365  -0.0072192    0.008847
 -0.0092365           0  0.00261259  -0.0194475
  0.0072192 -0.00261259           0  -0.0159032
  -0.008847   0.0194475   0.0159032           0
Repeater1[0]<--->EndNode1[0]
REAL
   0.331633   0.0215209   0.0143078   0.0763121
  0.0215209    0.165816   0.0357029   -0.013682
  0.0143078   0.0357029    0.178571 -0.00587635
  0.0763121   -0.013682 -0.00587635     0.32398
IMAGINARY
           0    0.0108906   -0.0102845    0.0201569
  -0.0108906            0   0.00723168  0.000132191
   0.0102845  -0.00723168            0   0.00179972
  -0.0201569 -0.000132191  -0.00179972            0
Repeater1[0]<--->HoM1[0]
REAL
    0.299625 -0.000255132   0.00330069      0.10687
-0.000255132     0.183521     0.061537   0.00453221
  0.00330069     0.061537     0.184769   -0.0180216
     0.10687   0.00453221   -0.0180216     0.332085
IMAGINARY
          0  -0.0072192   0.0092365    0.008847
  0.0072192           0 -0.00261259  -0.0159032
 -0.0092365  0.00261259           0  -0.0194475
  -0.008847   0.0159032   0.0194475           0
EndNode1[0]<--->Repeater1[0]
REAL
   0.323529  -0.0286168  0.00719885    0.107916
 -0.0286168    0.176471   0.0462193 -0.00343945
 0.00719885   0.0462193    0.189258 -0.00521779
   0.107916 -0.00343945 -0.00521779    0.310742
IMAGINARY
          0  -0.0129799 -0.00231157  -0.0011703
  0.0129799           0   0.0125797  0.00102622
 0.00231157  -0.0125797           0   0.0284041
  0.0011703 -0.00102622  -0.0284041           0
EndNode2[0]<--->HoM1[0]
REAL
   0.302083   0.0020011 -0.00753727    0.101438
  0.0020011    0.173177   0.0535102  0.00623519
-0.00753727   0.0535102    0.186198 -0.00720943
   0.101438  0.00623519 -0.00720943    0.338542
IMAGINARY
          0  -0.0146822  0.00959099 -0.00568572
  0.0146822           0   0.0233625  0.00206705
-0.00959099  -0.0233625           0  0.00950083
 0.00568572 -0.00206705 -0.00950083           0
Repeater1[0]<--->EndNode1[0]
REAL
   0.323529  0.00719885  -0.0286168    0.107916
 0.00719885    0.189258   0.0462193 -0.00521779
 -0.0286168   0.0462193    0.176471 -0.00343945
   0.107916 -0.00521779 -0.00343945    0.310742
IMAGINARY
          0 -0.00231157  -0.0129799  -0.0011703
 0.00231157           0  -0.0125797   0.0284041
  0.0129799   0.0125797           0  0.00102622
  0.0011703  -0.0284041 -0.00102622           0
Repeater1[0]<--->HoM1[0]
REAL
   0.302083 -0.00753727   0.0020011    0.101438
-0.00753727    0.186198   0.0535102 -0.00720943
  0.0020011   0.0535102    0.173177  0.00623519
   0.101438 -0.00720943  0.00623519    0.338542
IMAGINARY
          0  0.00959099  -0.0146822 -0.00568572
-0.00959099           0  -0.0233625  0.00950083
  0.0146822   0.0233625           0  0.00206705
 0.00568572 -0.00950083 -0.00206705           0
EndNode1[0]<--->Repeater1[0]
REAL
  0.329616 -0.0205946 0.00331436   0.111559
-0.0205946   0.153656  0.0377244 -0.0274343
0.00331436  0.0377244   0.189591 -0.0074367
  0.111559 -0.0274343 -0.0074367   0.327138
IMAGINARY
          0 -0.00392566  -0.0129283 -0.00456604
 0.00392566           0 -0.00985704  0.00645158
  0.0129283  0.00985704           0  -0.0090277
 0.00456604 -0.00645158   0.0090277           0
EndNode2[0]<--->HoM1[0]
REAL
   0.327806  0.00591505   0.0225087    0.109993
 0.00591505    0.172194   0.0562519 -0.00544165
  0.0225087   0.0562519    0.155612 -0.00401872
   0.109993 -0.00544165 -0.00401872    0.344388
IMAGINARY
          0 -0.00863283  0.00170726  0.00956751
 0.00863283           0 -0.00107078  -0.0105508
-0.00170726  0.00107078           0   0.0147553
-0.00956751   0.0105508  -0.0147553           0
Repeater1[0]<--->EndNode1[0]
REAL
  0.329616 0.00331436 -0.0205946   0.111559
0.00331436   0.189591  0.0377244 -0.0074367
-0.0205946  0.0377244   0.153656 -0.0274343
  0.111559 -0.0074367 -0.0274343   0.327138
IMAGINARY
          0  -0.0129283 -0.00392566 -0.00456604
  0.0129283           0  0.00985704  -0.0090277
 0.00392566 -0.00985704           0  0.00645158
 0.00456604   0.0090277 -0.00645158           0
Repeater1[0]<--->HoM1[0]
REAL
   0.327806   0.0225087  0.00591505    0.109993
  0.0225087    0.155612   0.0562519 -0.00401872
 0.00591505   0.0562519    0.172194 -0.00544165
   0.109993 -0.00401872 -0.00544165    0.344388
IMAGINARY
          0  0.00170726 -0.00863283  0.00956751
-0.00170726           0  0.00107078   0.0147553
 0.00863283 -0.00107078           0  -0.0105508
-0.00956751  -0.0147553   0.0105508           0
EndNode1[0]<--->Repeater1[0]
REAL
   0.333333   0.0066237 -0.00853632   0.0939879
  0.0066237    0.203163   0.0264203  -0.0139127
-0.00853632   0.0264203    0.176399   0.0103831
  0.0939879  -0.0139127   0.0103831    0.287105
IMAGINARY
          0  -0.0146962 -0.00972704   0.0258195
  0.0146962           0  -0.0144711   0.0207835
 0.00972704   0.0144711           0   0.0110107
 -0.0258195  -0.0207835  -0.0110107           0
EndNode2[0]<--->HoM1[0]
REAL
   0.302799 -0.00685507  -0.0168712   0.0934898
-0.00685507    0.184478    0.041327   0.0168712
 -0.0168712    0.041327     0.19084 -0.00754283
  0.0934898   0.0168712 -0.00754283    0.321883
IMAGINARY
          0  0.00793177 -0.00135056    -0.02036
-0.00793177           0  -0.0058214   0.0191623
 0.00135056   0.0058214           0  -0.0181099
    0.02036  -0.0191623   0.0181099           0
Repeater1[0]<--->EndNode1[0]
REAL
   0.333333 -0.00853632   0.0066237   0.0939879
-0.00853632    0.176399   0.0264203   0.0103831
  0.0066237   0.0264203    0.203163  -0.0139127
  0.0939879   0.0103831  -0.0139127    0.287105
IMAGINARY
          0 -0.00972704  -0.0146962   0.0258195
 0.00972704           0   0.0144711   0.0110107
  0.0146962  -0.0144711           0   0.0207835
 -0.0258195  -0.0110107  -0.0207835           0
Repeater1[0]<--->HoM1[0]
REAL
   0.302799  -0.0168712 -0.00685507   0.0934898
 -0.0168712     0.19084    0.041327 -0.00754283
-0.00685507    0.041327    0.184478   0.0168712
  0.0934898 -0.00754283   0.0168712    0.321883
IMAGINARY
          0 -0.00135056  0.00793177    -0.02036
 0.00135056           0   0.0058214  -0.0181099
-0.00793177  -0.0058214           0   0.0191623
    0.02036   0.0181099  -0.0191623           0
