EndNode1[0]<--->Repeater1[0]
REAL
   0.471769 -0.00720046 -0.00450215    0.367104
-0.00720046   0.0577164  0.00512515 -0.00918755
-0.00450215  0.00512515   0.0589711  -0.0090968
   0.367104 -0.00918755  -0.0090968    0.411543
IMAGINARY
          0 -0.00455049    0.014367 -0.00788686
 0.00455049           0   0.0162095  -0.0234816
  -0.014367  -0.0162095           0 -0.00977242
 0.00788686   0.0234816  0.00977242           0
EndNode2[0]<--->HoM1[0]
REAL
   0.466408   0.0294204  0.00295664    0.399688
  0.0294204   0.0400517 0.000443537  0.00295664
 0.00295664 0.000443537   0.0400517  -0.0261352
   0.399688  0.00295664  -0.0261352    0.453488
IMAGINARY
          0  0.00821516 -0.00402155  -0.0435931
-0.00821516           0  -0.0151915 -0.00857291
 0.00402155   0.0151915           0  0.00941708
  0.0435931  0.00857291 -0.00941708           0
Repeater1[0]<--->EndNode1[0]
REAL
   0.471769 -0.00450215 -0.00720046    0.367104
-0.00450215   0.0589711  0.00512515  -0.0090968
-0.00720046  0.00512515   0.0577164 -0.00918755
   0.367104  -0.0090968 -0.00918755    0.411543
IMAGINARY
          0    0.014367 -0.00455049 -0.00788686
  -0.014367           0  -0.0162095 -0.00977242
 0.00455049   0.0162095           0  -0.0234816
 0.00788686  0.00977242   0.0234816           0
Repeater1[0]<--->HoM1[0]
REAL
   0.466408  0.00295664   0.0294204    0.399688
 0.00295664   0.0400517 0.000443537  -0.0261352
  0.0294204 0.000443537   0.0400517  0.00295664
   0.399688  -0.0261352  0.00295664    0.453488
IMAGINARY
          0 -0.00402155  0.00821516  -0.0435931
 0.00402155           0   0.0151915  0.00941708
-0.00821516  -0.0151915           0 -0.00857291
  0.0435931 -0.00941708  0.00857291           0
EndNode1[0]<--->Repeater1[0]
REAL
  0.525277  0.0151232  0.0254647   0.378815
 0.0151232  0.0653514 -0.0191439 0.00424453
 0.0254647 -0.0191439  0.0715166 0.00573647
  0.378815 0.00424453 0.00573647   0.337855
IMAGINARY
           0  -0.00832033   0.00222686    0.0129142
  0.00832033            0   -0.0231969  -0.00605339
 -0.00222686    0.0231969            0 -0.000608245
  -0.0129142   0.00605339  0.000608245            0
EndNode2[0]<--->HoM1[0]
REAL
  0.501309 0.00381765 -0.0158177   0.404492
0.00381765  0.0445026 0.00245613  -0.013959
-0.0158177 0.00245613  0.0510471 -0.0273909
  0.404492  -0.013959 -0.0273909   0.403141
IMAGINARY
          0  0.00270481  0.00100249 -0.00220935
-0.00270481           0  -0.0186784  0.00790337
-0.00100249   0.0186784           0 -0.00779387
 0.00220935 -0.00790337  0.00779387           0
Repeater1[0]<--->EndNode1[0]
REAL
  0.525277  0.0254647  0.0151232   0.378815
 0.0254647  0.0715166 -0.0191439 0.00573647
 0.0151232 -0.0191439  0.0653514 0.00424453
  0.378815 0.00573647 0.00424453   0.337855
IMAGINARY
           0   0.00222686  -0.00832033    0.0129142
 -0.00222686            0    0.0231969 -0.000608245
  0.00832033   -0.0231969            0  -0.00605339
  -0.0129142  0.000608245   0.00605339            0
Repeater1[0]<--->HoM1[0]
REAL
  0.501309 -0.0158177 0.00381765   0.404492
-0.0158177  0.0510471 0.00245613 -0.0273909
0.00381765 0.00245613  0.0445026  -0.013959
  0.404492 -0.0273909  -0.013959   0.403141
IMAGINARY
          0  0.00100249  0.00270481 -0.00220935
-0.00100249           0   0.0186784 -0.00779387
-0.00270481  -0.0186784           0  0.00790337
 0.00220935  0.00779387 -0.00790337           0
