EndNode1[0]<--->Repeater1[0]
REAL
  0.294437  0.0302107 0.00503683   0.221976
 0.0302107   0.189959   0.072102  0.0279376
0.00503683   0.072102   0.162822  0.0202604
  0.221976  0.0279376  0.0202604   0.352782
IMAGINARY
          0  0.00660126  -0.0140655  0.00239487
-0.00660126           0   0.0160765 -0.00356678
  0.0140655  -0.0160765           0  0.00851209
-0.00239487  0.00356678 -0.00851209           0
EndNode2[0]<--->HoM1[0]
REAL
   0.335526  0.00936694 -0.00403851    0.198138
 0.00936694    0.164474   0.0628918  0.00894047
-0.00403851   0.0628918    0.161842   0.0286233
   0.198138  0.00894047   0.0286233    0.338158
IMAGINARY
          0  -0.0131841   0.0113314 -0.00249236
  0.0131841           0  -0.0121201   -0.007233
 -0.0113314   0.0121201           0   0.0159164
 0.00249236    0.007233  -0.0159164           0
Repeater1[0]<--->EndNode1[0]
REAL
  0.294437 0.00503683  0.0302107   0.221976
0.00503683   0.162822   0.072102  0.0202604
 0.0302107   0.072102   0.189959  0.0279376
  0.221976  0.0202604  0.0279376   0.352782
IMAGINARY
          0  -0.0140655  0.00660126  0.00239487
  0.0140655           0  -0.0160765  0.00851209
-0.00660126   0.0160765           0 -0.00356678
-0.00239487 -0.00851209  0.00356678           0
Repeater1[0]<--->HoM1[0]
REAL
   0.335526 -0.00403851  0.00936694    0.198138
-0.00403851    0.161842   0.0628918   0.0286233
 0.00936694   0.0628918    0.164474  0.00894047
   0.198138   0.0286233  0.00894047    0.338158
IMAGINARY
          0   0.0113314  -0.0131841 -0.00249236
 -0.0113314           0   0.0121201   0.0159164
  0.0131841  -0.0121201           0   -0.007233
 0.00249236  -0.0159164    0.007233           0
EndNode1[0]<--->Repeater1[0]
REAL
    0.342466    0.0129384   -0.0215628     0.211394
   0.0129384     0.173101    0.0626757    0.0286231
  -0.0215628    0.0626757     0.184309 -0.000743235
    0.211394    0.0286231 -0.000743235     0.300125
IMAGINARY
          0   0.0174395 -0.00165819  0.00364619
 -0.0174395           0   0.0147265   -0.027829
 0.00165819  -0.0147265           0  0.00948357
-0.00364619    0.027829 -0.00948357           0
EndNode2[0]<--->HoM1[0]
REAL
   0.350785  -0.0244319 -0.00762389    0.196828
 -0.0244319    0.151832   0.0515837  -0.0171537
-0.00762389   0.0515837    0.172775  -0.0155935
   0.196828  -0.0171537  -0.0155935    0.324607
IMAGINARY
           0   -0.0016096     0.014576   0.00118231
   0.0016096            0   -0.0148639   -0.0274294
   -0.014576    0.0148639            0 -0.000961093
 -0.00118231    0.0274294  0.000961093            0
Repeater1[0]<--->EndNode1[0]
REAL
    0.342466   -0.0215628    0.0129384     0.211394
  -0.0215628     0.184309    0.0626757 -0.000743235
   0.0129384    0.0626757     0.173101    0.0286231
    0.211394 -0.000743235    0.0286231     0.300125
IMAGINARY
          0 -0.00165819   0.0174395  0.00364619
 0.00165819           0  -0.0147265  0.00948357
 -0.0174395   0.0147265           0   -0.027829
-0.00364619 -0.00948357    0.027829           0
Repeater1[0]<--->HoM1[0]
REAL
   0.350785 -0.00762389  -0.0244319    0.196828
-0.00762389    0.172775   0.0515837  -0.0155935
 -0.0244319   0.0515837    0.151832  -0.0171537
   0.196828  -0.0155935  -0.0171537    0.324607
IMAGINARY
           0     0.014576   -0.0016096   0.00118231
   -0.014576            0    0.0148639 -0.000961093
   0.0016096   -0.0148639            0   -0.0274294
 -0.00118231  0.000961093    0.0274294            0
EndNode1[0]<--->Repeater1[0]
REAL
   0.337563   0.0216965   0.0144572    0.228424
  0.0216965    0.167513   0.0806668  0.00632203
  0.0144572   0.0806668    0.177665 -0.00741083
   0.228424  0.00632203 -0.00741083    0.317259
IMAGINARY
           0   0.00830022   0.00248853   -0.0201993
 -0.00830022            0   -0.0136548   -0.0117234
 -0.00248853    0.0136548            0 -0.000384648
   0.0201993    0.0117234  0.000384648            0
EndNode2[0]<--->HoM1[0]
REAL
   0.351553  0.00390322 -0.00523154    0.199861
 0.00390322    0.185093   0.0471744 0.000620212
-0.00523154   0.0471744    0.132919  -0.0216898
   0.199861 0.000620212  -0.0216898    0.330435
IMAGINARY
          0    0.016042  -0.0133487  0.00798632
  -0.016042           0   0.0285343  -0.0108977
  0.0133487  -0.0285343           0 -0.00883362
-0.00798632   0.0108977  0.00883362           0
Repeater1[0]<--->EndNode1[0]
REAL
   0.337563   0.0144572   0.0216965    0.228424
  0.0144572    0.177665   0.0806668 -0.00741083
  0.0216965   0.0806668    0.167513  0.00632203
   0.228424 -0.00741083  0.00632203    0.317259
IMAGINARY
           0   0.00248853   0.00830022   -0.0201993
 -0.00248853            0    0.0136548 -0.000384648
 -0.00830022   -0.0136548            0   -0.0117234
   0.0201993  0.000384648    0.0117234            0
Repeater1[0]<--->HoM1[0]
REAL
   0.351553 -0.00523154  0.00390322    0.199861
-0.00523154    0.132919   0.0471744  -0.0216898
 0.00390322   0.0471744    0.185093 0.000620212
   0.199861  -0.0216898 0.000620212    0.330435
IMAGINARY
          0  -0.0133487    0.016042  0.00798632
  0.0133487           0  -0.0285343 -0.00883362
  -0.016042   0.0285343           0  -0.0108977
-0.00798632  0.00883362   0.0108977           0
EndNode1[0]<--->Repeater1[0]
REAL
  0.340426 0.00557109  0.0128929   0.200991
0.00557109   0.176471  0.0516405  -0.006314
 0.0128929  0.0516405   0.157697 0.00100786
  0.200991  -0.006314 0.00100786   0.325407
IMAGINARY
         0 -0.0203229 -0.0252259 -0.0163685
 0.0203229          0 -0.0126464   0.029122
 0.0252259  0.0126464          0 -0.0043524
 0.0163685  -0.029122  0.0043524          0
EndNode2[0]<--->HoM1[0]
REAL
   0.345223  -0.0141085   0.0139367    0.218106
 -0.0141085    0.169427   0.0522831 0.000492403
  0.0139367   0.0522831    0.163057  0.00218878
   0.218106 0.000492403  0.00218878    0.322293
IMAGINARY
          0  -0.0204433   0.0176268   0.0127482
  0.0204433           0  0.00929038  0.00515799
 -0.0176268 -0.00929038           0   0.0103167
 -0.0127482 -0.00515799  -0.0103167           0
Repeater1[0]<--->EndNode1[0]
REAL
  0.340426  0.0128929 0.00557109   0.200991
 0.0128929   0.157697  0.0516405 0.00100786
0.00557109  0.0516405   0.176471  -0.006314
  0.200991 0.00100786  -0.006314   0.325407
IMAGINARY
         0 -0.0252259 -0.0203229 -0.0163685
 0.0252259          0  0.0126464 -0.0043524
 0.0203229 -0.0126464          0   0.029122
 0.0163685  0.0043524  -0.029122          0
Repeater1[0]<--->HoM1[0]
REAL
   0.345223   0.0139367  -0.0141085    0.218106
  0.0139367    0.163057   0.0522831  0.00218878
 -0.0141085   0.0522831    0.169427 0.000492403
   0.218106  0.00218878 0.000492403    0.322293
IMAGINARY
          0   0.0176268  -0.0204433   0.0127482
 -0.0176268           0 -0.00929038   0.0103167
  0.0204433  0.00929038           0  0.00515799
 -0.0127482  -0.0103167 -0.00515799           0
EndNode1[0]<--->Repeater1[0]
REAL
   0.322122   0.0128466 -0.00768966    0.206344
  0.0128466    0.177232   0.0634869  0.00964025
-0.00768966   0.0634869    0.177232  -0.0173979
   0.206344  0.00964025  -0.0173979    0.323415
IMAGINARY
          0  -0.0137845   0.0056391  0.00515386
  0.0137845           0 -0.00323324   0.0056391
 -0.0056391  0.00323324           0  -0.0137845
-0.00515386  -0.0056391   0.0137845           0
EndNode2[0]<--->HoM1[0]
REAL
   0.322181  0.00228815  -0.0156783    0.199813
 0.00228815    0.153656   0.0549042 -0.00759209
 -0.0156783   0.0549042     0.16109 -0.00165922
   0.199813 -0.00759209 -0.00165922    0.363073
IMAGINARY
          0  -0.0127917 -0.00894553   0.0131562
  0.0127917           0   0.0111747  0.00241811
 0.00894553  -0.0111747           0  0.00104232
 -0.0131562 -0.00241811 -0.00104232           0
Repeater1[0]<--->EndNode1[0]
REAL
   0.322122 -0.00768966   0.0128466    0.206344
-0.00768966    0.177232   0.0634869  -0.0173979
  0.0128466   0.0634869    0.177232  0.00964025
   0.206344  -0.0173979  0.00964025    0.323415
IMAGINARY
          0   0.0056391  -0.0137845  0.00515386
 -0.0056391           0  0.00323324  -0.0137845
  0.0137845 -0.00323324           0   0.0056391
-0.00515386   0.0137845  -0.0056391           0
Repeater1[0]<--->HoM1[0]
REAL
   0.322181  -0.0156783  0.00228815    0.199813
 -0.0156783     0.16109   0.0549042 -0.00165922
 0.00228815   0.0549042    0.153656 -0.00759209
   0.199813 -0.00165922 -0.00759209    0.363073
IMAGINARY
          0 -0.00894553  -0.0127917   0.0131562
 0.00894553           0  -0.0111747  0.00104232
  0.0127917   0.0111747           0  0.00241811
 -0.0131562 -0.00104232 -0.00241811           0
EndNode1[0]<--->Repeater1[0]
REAL
    0.329065    0.0124782   0.00137226     0.197681
   0.0124782     0.177977    0.0619103  -0.00776612
  0.00137226    0.0619103     0.161332 -0.000969241
    0.197681  -0.00776612 -0.000969241     0.331626
IMAGINARY
           0   -0.0232637    0.0104542   0.00163192
   0.0232637            0 -0.000298584   0.00782259
  -0.0104542  0.000298584            0    0.0167363
 -0.00163192  -0.00782259   -0.0167363            0
EndNode2[0]<--->HoM1[0]
REAL
   0.358839  0.00481101 -0.00825112    0.226355
 0.00481101    0.174142    0.066574 -0.00437515
-0.00825112    0.066574    0.159631 -0.00228576
   0.226355 -0.00437515 -0.00228576    0.307388
IMAGINARY
          0  0.00961687  0.00852198  -0.0120308
-0.00961687           0   0.0202069   0.0139568
-0.00852198  -0.0202069           0  -0.0102244
  0.0120308  -0.0139568   0.0102244           0
Repeater1[0]<--->EndNode1[0]
REAL
    0.329065   0.00137226    0.0124782     0.197681
  0.00137226     0.161332    0.0619103 -0.000969241
   0.0124782    0.0619103     0.177977  -0.00776612
    0.197681 -0.000969241  -0.00776612     0.331626
IMAGINARY
           0    0.0104542   -0.0232637   0.00163192
  -0.0104542            0  0.000298584    0.0167363
   0.0232637 -0.000298584            0   0.00782259
 -0.00163192   -0.0167363  -0.00782259            0
Repeater1[0]<--->HoM1[0]
REAL
   0.358839 -0.00825112  0.00481101    0.226355
-0.00825112    0.159631    0.066574 -0.00228576
 0.00481101    0.066574    0.174142 -0.00437515
   0.226355 -0.00228576 -0.00437515    0.307388
IMAGINARY
          0  0.00852198  0.00961687  -0.0120308
-0.00852198           0  -0.0202069  -0.0102244
-0.00961687   0.0202069           0   0.0139568
  0.0120308   0.0102244  -0.0139568           0
EndNode1[0]<--->Repeater1[0]
REAL
   0.320423 -0.00715359 -0.00728771    0.209596
-0.00715359     0.17723    0.068604 -0.00728771
-0.00728771    0.068604    0.159624  0.00398502
   0.209596 -0.00728771  0.00398502    0.342723
IMAGINARY
           0 -0.000864972    0.0150626  -0.00425391
 0.000864972            0 -0.000285653    0.0123526
  -0.0150626  0.000285653            0   0.00869787
  0.00425391   -0.0123526  -0.00869787            0
EndNode2[0]<--->HoM1[0]
REAL
   0.321205   -0.010977   0.0282086    0.219822
  -0.010977     0.18946   0.0595901 -0.00815508
  0.0282086   0.0595901    0.190715   0.0083032
   0.219822 -0.00815508   0.0083032     0.29862
IMAGINARY
          0 -0.00191936   0.0154883 -0.00663079
 0.00191936           0  0.00599547 -0.00326174
 -0.0154883 -0.00599547           0 -0.00258514
 0.00663079  0.00326174  0.00258514           0
Repeater1[0]<--->EndNode1[0]
REAL
   0.320423 -0.00728771 -0.00715359    0.209596
-0.00728771    0.159624    0.068604  0.00398502
-0.00715359    0.068604     0.17723 -0.00728771
   0.209596  0.00398502 -0.00728771    0.342723
IMAGINARY
           0    0.0150626 -0.000864972  -0.00425391
  -0.0150626            0  0.000285653   0.00869787
 0.000864972 -0.000285653            0    0.0123526
  0.00425391  -0.00869787   -0.0123526            0
Repeater1[0]<--->HoM1[0]
REAL
   0.321205   0.0282086   -0.010977    0.219822
  0.0282086    0.190715   0.0595901   0.0083032
  -0.010977   0.0595901     0.18946 -0.00815508
   0.219822   0.0083032 -0.00815508     0.29862
IMAGINARY
          0   0.0154883 -0.00191936 -0.00663079
 -0.0154883           0 -0.00599547 -0.00258514
 0.00191936  0.00599547           0 -0.00326174
 0.00663079  0.00258514  0.00326174           0
EndNode1[0]<--->Repeater1[0]
REAL
   0.304847  0.00561952  0.00602021    0.203531
 0.00561952    0.193878   0.0659098 -0.00124531
 0.00602021   0.0659098    0.173469  -0.0131229
   0.203531 -0.00124531  -0.0131229    0.327806
IMAGINARY
           0    0.0153223    0.0055996    0.0189456
  -0.0153223            0 -8.99381e-05   0.00754009
  -0.0055996  8.99381e-05            0   -0.0118645
  -0.0189456  -0.00754009    0.0118645            0
EndNode2[0]<--->HoM1[0]
REAL
    0.33701   0.0209513 -0.00894868    0.215608
  0.0209513    0.165441   0.0712777   0.0108402
-0.00894868   0.0712777    0.176471  -0.0203207
   0.215608   0.0108402  -0.0203207    0.321078
IMAGINARY
          0 -0.00197254  0.00290236  0.00407154
 0.00197254           0  -0.0240183  0.00354093
-0.00290236   0.0240183           0  -0.0122027
-0.00407154 -0.00354093   0.0122027           0
Repeater1[0]<--->EndNode1[0]
REAL
   0.304847  0.00602021  0.00561952    0.203531
 0.00602021    0.173469   0.0659098  -0.0131229
 0.00561952   0.0659098    0.193878 -0.00124531
   0.203531  -0.0131229 -0.00124531    0.327806
IMAGINARY
           0    0.0055996    0.0153223    0.0189456
  -0.0055996            0  8.99381e-05   -0.0118645
  -0.0153223 -8.99381e-05            0   0.00754009
  -0.0189456    0.0118645  -0.00754009            0
Repeater1[0]<--->HoM1[0]
REAL
    0.33701 -0.00894868   0.0209513    0.215608
-0.00894868    0.176471   0.0712777  -0.0203207
  0.0209513   0.0712777    0.165441   0.0108402
   0.215608  -0.0203207   0.0108402    0.321078
IMAGINARY
          0  0.00290236 -0.00197254  0.00407154
-0.00290236           0   0.0240183  -0.0122027
 0.00197254  -0.0240183           0  0.00354093
-0.00407154   0.0122027 -0.00354093           0
EndNode1[0]<--->Repeater1[0]
REAL
   0.331707  0.00403301 -0.00265518    0.221045
 0.00403301    0.168293   0.0564642  0.00567815
-0.00265518   0.0564642    0.184146  0.00140834
   0.221045  0.00567815  0.00140834    0.315854
IMAGINARY
          0  -0.0244909  0.00299721 -0.00801804
  0.0244909           0  -0.0113119    0.016402
-0.00299721   0.0113119           0 -0.00742394
 0.00801804   -0.016402  0.00742394           0
EndNode2[0]<--->HoM1[0]
REAL
   0.342857  0.00162887 -0.00230536    0.204096
 0.00162887    0.168831   0.0671455 -0.00619137
-0.00230536   0.0671455    0.175325 -0.00620403
   0.204096 -0.00619137 -0.00620403    0.312987
IMAGINARY
          0 -0.00808122 -0.00705307  -0.0205789
 0.00808122           0 -0.00737138  0.00317711
 0.00705307  0.00737138           0 -0.00483868
  0.0205789 -0.00317711  0.00483868           0
Repeater1[0]<--->EndNode1[0]
REAL
   0.331707 -0.00265518  0.00403301    0.221045
-0.00265518    0.184146   0.0564642  0.00140834
 0.00403301   0.0564642    0.168293  0.00567815
   0.221045  0.00140834  0.00567815    0.315854
IMAGINARY
          0  0.00299721  -0.0244909 -0.00801804
-0.00299721           0   0.0113119 -0.00742394
  0.0244909  -0.0113119           0    0.016402
 0.00801804  0.00742394   -0.016402           0
Repeater1[0]<--->HoM1[0]
REAL
   0.342857 -0.00230536  0.00162887    0.204096
-0.00230536    0.175325   0.0671455 -0.00620403
 0.00162887   0.0671455    0.168831 -0.00619137
   0.204096 -0.00620403 -0.00619137    0.312987
IMAGINARY
          0 -0.00705307 -0.00808122  -0.0205789
 0.00705307           0  0.00737138 -0.00483868
 0.00808122 -0.00737138           0  0.00317711
  0.0205789  0.00483868 -0.00317711           0
EndNode1[0]<--->Repeater1[0]
REAL
   0.326059 -0.00445998  -0.0054197    0.201392
-0.00445998    0.183569   0.0588117 -0.00478438
 -0.0054197   0.0588117    0.155327    0.007011
   0.201392 -0.00478438    0.007011    0.335045
IMAGINARY
          0   0.0069989  -0.0005277  -0.0013101
 -0.0069989           0   0.0127314  0.00762447
  0.0005277  -0.0127314           0 -0.00248277
  0.0013101 -0.00762447  0.00248277           0
EndNode2[0]<--->HoM1[0]
REAL
  0.323607 0.00912271 0.00588555   0.203171
0.00912271   0.155172   0.063622  0.0137596
0.00588555   0.063622   0.206897 -0.0224307
  0.203171  0.0137596 -0.0224307   0.314324
IMAGINARY
          0  0.00188712 -0.00403199  -0.0326493
-0.00188712           0 -0.00901741 -0.00535474
 0.00403199  0.00901741           0   0.0175121
  0.0326493  0.00535474  -0.0175121           0
Repeater1[0]<--->EndNode1[0]
REAL
   0.326059  -0.0054197 -0.00445998    0.201392
 -0.0054197    0.155327   0.0588117    0.007011
-0.00445998   0.0588117    0.183569 -0.00478438
   0.201392    0.007011 -0.00478438    0.335045
IMAGINARY
          0  -0.0005277   0.0069989  -0.0013101
  0.0005277           0  -0.0127314 -0.00248277
 -0.0069989   0.0127314           0  0.00762447
  0.0013101  0.00248277 -0.00762447           0
Repeater1[0]<--->HoM1[0]
REAL
  0.323607 0.00588555 0.00912271   0.203171
0.00588555   0.206897   0.063622 -0.0224307
0.00912271   0.063622   0.155172  0.0137596
  0.203171 -0.0224307  0.0137596   0.314324
IMAGINARY
          0 -0.00403199  0.00188712  -0.0326493
 0.00403199           0  0.00901741   0.0175121
-0.00188712 -0.00901741           0 -0.00535474
  0.0326493  -0.0175121  0.00535474           0
EndNode1[0]<--->Repeater1[0]
REAL
    0.329381 -0.000981231  -0.00654356     0.202981
-0.000981231     0.188406    0.0522273   0.00133523
 -0.00654356    0.0522273     0.168643   0.00618956
    0.202981   0.00133523   0.00618956      0.31357
IMAGINARY
           0   -0.0024764  0.000665642  -0.00954822
   0.0024764            0   -0.0220647   0.00812833
-0.000665642    0.0220647            0   -0.0138553
  0.00954822  -0.00812833    0.0138553            0
EndNode2[0]<--->HoM1[0]
REAL
    0.321002 -0.000940024    0.0106184     0.209822
-0.000940024     0.190931    0.0435861   0.00858858
   0.0106184    0.0435861     0.174224  -0.00339703
    0.209822   0.00858858  -0.00339703     0.313842
IMAGINARY
          0 -0.00446516 -0.00598489  -0.0168128
 0.00446516           0 -0.00579355  -0.0205352
 0.00598489  0.00579355           0 -6.2649e-05
  0.0168128   0.0205352  6.2649e-05           0
Repeater1[0]<--->EndNode1[0]
REAL
    0.329381  -0.00654356 -0.000981231     0.202981
 -0.00654356     0.168643    0.0522273   0.00618956
-0.000981231    0.0522273     0.188406   0.00133523
    0.202981   0.00618956   0.00133523      0.31357
IMAGINARY
           0  0.000665642   -0.0024764  -0.00954822
-0.000665642            0    0.0220647   -0.0138553
   0.0024764   -0.0220647            0   0.00812833
  0.00954822    0.0138553  -0.00812833            0
Repeater1[0]<--->HoM1[0]
REAL
    0.321002    0.0106184 -0.000940024     0.209822
   0.0106184     0.174224    0.0435861  -0.00339703
-0.000940024    0.0435861     0.190931   0.00858858
    0.209822  -0.00339703   0.00858858     0.313842
IMAGINARY
          0 -0.00598489 -0.00446516  -0.0168128
 0.00598489           0  0.00579355 -6.2649e-05
 0.00446516 -0.00579355           0  -0.0205352
  0.0168128  6.2649e-05   0.0205352           0
EndNode1[0]<--->Repeater1[0]
REAL
  0.319497 0.00589547 -0.0160644    0.20312
0.00589547   0.205031  0.0708618  0.0022668
-0.0160644  0.0708618   0.177358 0.00395998
   0.20312  0.0022668 0.00395998   0.298113
IMAGINARY
          0 -0.00317821 -0.00299004 -0.00712166
 0.00317821           0  0.00589917  0.00492553
 0.00299004 -0.00589917           0 -0.00778954
 0.00712166 -0.00492553  0.00778954           0
EndNode2[0]<--->HoM1[0]
REAL
   0.345997  0.00711686 -0.00225218    0.208052
 0.00711686    0.173677    0.055072   -0.020155
-0.00225218    0.055072    0.187246  -0.0154395
   0.208052   -0.020155  -0.0154395     0.29308
IMAGINARY
          0 -0.00949055  0.00204621  -0.0240084
 0.00949055           0  -0.0101379 -0.00668197
-0.00204621   0.0101379           0  0.00353028
  0.0240084  0.00668197 -0.00353028           0
Repeater1[0]<--->EndNode1[0]
REAL
  0.319497 -0.0160644 0.00589547    0.20312
-0.0160644   0.177358  0.0708618 0.00395998
0.00589547  0.0708618   0.205031  0.0022668
   0.20312 0.00395998  0.0022668   0.298113
IMAGINARY
          0 -0.00299004 -0.00317821 -0.00712166
 0.00299004           0 -0.00589917 -0.00778954
 0.00317821  0.00589917           0  0.00492553
 0.00712166  0.00778954 -0.00492553           0
Repeater1[0]<--->HoM1[0]
REAL
   0.345997 -0.00225218  0.00711686    0.208052
-0.00225218    0.187246    0.055072  -0.0154395
 0.00711686    0.055072    0.173677   -0.020155
   0.208052  -0.0154395   -0.020155     0.29308
IMAGINARY
          0  0.00204621 -0.00949055  -0.0240084
-0.00204621           0   0.0101379  0.00353028
 0.00949055  -0.0101379           0 -0.00668197
  0.0240084 -0.00353028  0.00668197           0
EndNode1[0]<--->Repeater1[0]
REAL
   0.352439 -0.00550799  -0.0119796    0.221789
-0.00550799    0.179268   0.0653396 0.000840949
 -0.0119796   0.0653396    0.170732  0.00427037
   0.221789 0.000840949  0.00427037    0.297561
IMAGINARY
          0   0.0215523 -0.00417226   0.0138339
 -0.0215523           0 -0.00354581 -0.00157486
 0.00417226  0.00354581           0  0.00079761
 -0.0138339  0.00157486 -0.00079761           0
EndNode2[0]<--->HoM1[0]
REAL
   0.318414  -0.0230256  0.00476385    0.214708
 -0.0230256    0.162404   0.0539094 -0.00210428
 0.00476385   0.0539094     0.18798 -0.00622973
   0.214708 -0.00210428 -0.00622973    0.331202
IMAGINARY
          0  -0.0131195 -0.00184473 -0.00162083
  0.0131195           0   0.0128149   0.0147555
 0.00184473  -0.0128149           0   0.0013824
 0.00162083  -0.0147555  -0.0013824           0
Repeater1[0]<--->EndNode1[0]
REAL
   0.352439  -0.0119796 -0.00550799    0.221789
 -0.0119796    0.170732   0.0653396  0.00427037
-0.00550799   0.0653396    0.179268 0.000840949
   0.221789  0.00427037 0.000840949    0.297561
IMAGINARY
          0 -0.00417226   0.0215523   0.0138339
 0.00417226           0  0.00354581  0.00079761
 -0.0215523 -0.00354581           0 -0.00157486
 -0.0138339 -0.00079761  0.00157486           0
Repeater1[0]<--->HoM1[0]
REAL
   0.318414  0.00476385  -0.0230256    0.214708
 0.00476385     0.18798   0.0539094 -0.00622973
 -0.0230256   0.0539094    0.162404 -0.00210428
   0.214708 -0.00622973 -0.00210428    0.331202
IMAGINARY
          0 -0.00184473  -0.0131195 -0.00162083
 0.00184473           0  -0.0128149   0.0013824
  0.0131195   0.0128149           0   0.0147555
 0.00162083  -0.0013824  -0.0147555           0
EndNode1[0]<--->Repeater1[0]
REAL
   0.348808   0.0342033 -0.00227079    0.194378
  0.0342033    0.143036   0.0629283  0.00163546
-0.00227079   0.0629283    0.173149  -0.0361092
   0.194378  0.00163546  -0.0361092    0.335006
IMAGINARY
           0  -0.00474125  -0.00956972 -0.000362536
  0.00474125            0   -0.0016348    0.0107982
  0.00956972    0.0016348            0    0.0108838
 0.000362536   -0.0107982   -0.0108838            0
EndNode2[0]<--->HoM1[0]
REAL
   0.347826  -0.0147802 -0.00870205    0.197068
 -0.0147802     0.16646   0.0741816  0.00495205
-0.00870205   0.0741816    0.163975 -0.00771983
   0.197068  0.00495205 -0.00771983    0.321739
IMAGINARY
           0  -0.00430388   0.00559254   0.00129874
  0.00430388            0   -0.0121421  0.000259211
 -0.00559254    0.0121421            0   0.00365368
 -0.00129874 -0.000259211  -0.00365368            0
Repeater1[0]<--->EndNode1[0]
REAL
   0.348808 -0.00227079   0.0342033    0.194378
-0.00227079    0.173149   0.0629283  -0.0361092
  0.0342033   0.0629283    0.143036  0.00163546
   0.194378  -0.0361092  0.00163546    0.335006
IMAGINARY
           0  -0.00956972  -0.00474125 -0.000362536
  0.00956972            0    0.0016348    0.0108838
  0.00474125   -0.0016348            0    0.0107982
 0.000362536   -0.0108838   -0.0107982            0
Repeater1[0]<--->HoM1[0]
REAL
   0.347826 -0.00870205  -0.0147802    0.197068
-0.00870205    0.163975   0.0741816 -0.00771983
 -0.0147802   0.0741816     0.16646  0.00495205
   0.197068 -0.00771983  0.00495205    0.321739
IMAGINARY
           0   0.00559254  -0.00430388   0.00129874
 -0.00559254            0    0.0121421   0.00365368
  0.00430388   -0.0121421            0  0.000259211
 -0.00129874  -0.00365368 -0.000259211            0
EndNode1[0]<--->Repeater1[0]
REAL
    0.34399  0.00935441 -0.00303711    0.192323
 0.00935441    0.168798    0.044323 -0.00627966
-0.00303711    0.044323    0.190537  -0.0137022
   0.192323 -0.00627966  -0.0137022    0.296675
IMAGINARY
           0  -0.00775573   -0.0101294   0.00224741
  0.00775573            0 -0.000921154   0.00479602
   0.0101294  0.000921154            0   0.00242239
 -0.00224741  -0.00479602  -0.00242239            0
EndNode2[0]<--->HoM1[0]
REAL
    0.315927  -0.00183145  -0.00472139     0.208691
 -0.00183145      0.18799     0.051803 -0.000216884
 -0.00472139     0.051803     0.163185    0.0215845
    0.208691 -0.000216884    0.0215845     0.332898
IMAGINARY
           0    0.0061319   0.00457284   -0.0130299
  -0.0061319            0   -0.0088879 -0.000746309
 -0.00457284    0.0088879            0  -0.00868292
   0.0130299  0.000746309   0.00868292            0
Repeater1[0]<--->EndNode1[0]
REAL
    0.34399 -0.00303711  0.00935441    0.192323
-0.00303711    0.190537    0.044323  -0.0137022
 0.00935441    0.044323    0.168798 -0.00627966
   0.192323  -0.0137022 -0.00627966    0.296675
IMAGINARY
           0   -0.0101294  -0.00775573   0.00224741
   0.0101294            0  0.000921154   0.00242239
  0.00775573 -0.000921154            0   0.00479602
 -0.00224741  -0.00242239  -0.00479602            0
Repeater1[0]<--->HoM1[0]
REAL
    0.315927  -0.00472139  -0.00183145     0.208691
 -0.00472139     0.163185     0.051803    0.0215845
 -0.00183145     0.051803      0.18799 -0.000216884
    0.208691    0.0215845 -0.000216884     0.332898
IMAGINARY
           0   0.00457284    0.0061319   -0.0130299
 -0.00457284            0    0.0088879  -0.00868292
  -0.0061319   -0.0088879            0 -0.000746309
   0.0130299   0.00868292  0.000746309            0
EndNode1[0]<--->Repeater1[0]
REAL
  0.353982  0.0342629  0.0102508   0.209108
 0.0342629    0.16182  0.0670699  0.0198539
 0.0102508  0.0670699   0.169406 0.00500412
  0.209108  0.0198539 0.00500412   0.314791
IMAGINARY
          0   0.0147325 -0.00547021  -0.0127089
 -0.0147325           0   0.0234277   0.0239416
 0.00547021  -0.0234277           0 -0.00135666
  0.0127089  -0.0239416  0.00135666           0
EndNode2[0]<--->HoM1[0]
REAL
   0.338158  0.00514416 0.000407945    0.209627
 0.00514416    0.180263   0.0561621  0.00485521
0.000407945   0.0561621    0.161842 -0.00777574
   0.209627  0.00485521 -0.00777574    0.319737
IMAGINARY
           0  -0.00535449  -0.00104664 -0.000633534
  0.00535449            0   -0.0065938   -0.0138048
  0.00104664    0.0065938            0    0.0127802
 0.000633534    0.0138048   -0.0127802            0
Repeater1[0]<--->EndNode1[0]
REAL
  0.353982  0.0102508  0.0342629   0.209108
 0.0102508   0.169406  0.0670699 0.00500412
 0.0342629  0.0670699    0.16182  0.0198539
  0.209108 0.00500412  0.0198539   0.314791
IMAGINARY
          0 -0.00547021   0.0147325  -0.0127089
 0.00547021           0  -0.0234277 -0.00135666
 -0.0147325   0.0234277           0   0.0239416
  0.0127089  0.00135666  -0.0239416           0
Repeater1[0]<--->HoM1[0]
REAL
   0.338158 0.000407945  0.00514416    0.209627
0.000407945    0.161842   0.0561621 -0.00777574
 0.00514416   0.0561621    0.180263  0.00485521
   0.209627 -0.00777574  0.00485521    0.319737
IMAGINARY
           0  -0.00104664  -0.00535449 -0.000633534
  0.00104664            0    0.0065938    0.0127802
  0.00535449   -0.0065938            0   -0.0138048
 0.000633534   -0.0127802    0.0138048            0
EndNode1[0]<--->Repeater1[0]
REAL
     0.3275  0.00823652 -0.00653269    0.216026
 0.00823652      0.1775   0.0788799  0.00251124
-0.00653269   0.0788799        0.17 -0.00287459
   0.216026  0.00251124 -0.00287459       0.325
IMAGINARY
          0 -0.00702965  -0.0258544 -0.00445736
 0.00702965           0  -0.0151761   0.0055592
  0.0258544   0.0151761           0  0.00641465
 0.00445736  -0.0055592 -0.00641465           0
EndNode2[0]<--->HoM1[0]
REAL
   0.315857   0.0140339 -0.00775426    0.212319
  0.0140339    0.173913   0.0715684   0.0141481
-0.00775426   0.0715684    0.177749  -0.0114763
   0.212319   0.0141481  -0.0114763    0.332481
IMAGINARY
           0   -0.0109059   0.00837937   0.00809984
   0.0109059            0  3.53264e-05   0.00770642
 -0.00837937 -3.53264e-05            0  -0.00786084
 -0.00809984  -0.00770642   0.00786084            0
Repeater1[0]<--->EndNode1[0]
REAL
     0.3275 -0.00653269  0.00823652    0.216026
-0.00653269        0.17   0.0788799 -0.00287459
 0.00823652   0.0788799      0.1775  0.00251124
   0.216026 -0.00287459  0.00251124       0.325
IMAGINARY
          0  -0.0258544 -0.00702965 -0.00445736
  0.0258544           0   0.0151761  0.00641465
 0.00702965  -0.0151761           0   0.0055592
 0.00445736 -0.00641465  -0.0055592           0
Repeater1[0]<--->HoM1[0]
REAL
   0.315857 -0.00775426   0.0140339    0.212319
-0.00775426    0.177749   0.0715684  -0.0114763
  0.0140339   0.0715684    0.173913   0.0141481
   0.212319  -0.0114763   0.0141481    0.332481
IMAGINARY
           0   0.00837937   -0.0109059   0.00809984
 -0.00837937            0 -3.53264e-05  -0.00786084
   0.0109059  3.53264e-05            0   0.00770642
 -0.00809984   0.00786084  -0.00770642            0
EndNode1[0]<--->Repeater1[0]
REAL
   0.319066  0.00514241  0.00782228     0.18639
 0.00514241    0.172503    0.070806  0.00782228
 0.00782228    0.070806    0.182879 -0.00701975
    0.18639  0.00782228 -0.00701975    0.325551
IMAGINARY
          0  0.00997866 -0.00251581 -0.00344097
-0.00997866           0   0.0160238  -0.0234582
 0.00251581  -0.0160238           0 -0.00478386
 0.00344097   0.0234582  0.00478386           0
EndNode2[0]<--->HoM1[0]
REAL
     0.3196 -0.00677693 -0.00389345    0.210558
-0.00677693      0.1598   0.0541478   0.0176189
-0.00389345   0.0541478    0.173533  -0.0187133
   0.210558   0.0176189  -0.0187133    0.347066
IMAGINARY
          0   0.0221653 -0.00135647  0.00961739
 -0.0221653           0  -0.0207836  0.00392057
 0.00135647   0.0207836           0  -0.0042166
-0.00961739 -0.00392057   0.0042166           0
Repeater1[0]<--->EndNode1[0]
REAL
   0.319066  0.00782228  0.00514241     0.18639
 0.00782228    0.182879    0.070806 -0.00701975
 0.00514241    0.070806    0.172503  0.00782228
    0.18639 -0.00701975  0.00782228    0.325551
IMAGINARY
          0 -0.00251581  0.00997866 -0.00344097
 0.00251581           0  -0.0160238 -0.00478386
-0.00997866   0.0160238           0  -0.0234582
 0.00344097  0.00478386   0.0234582           0
Repeater1[0]<--->HoM1[0]
REAL
     0.3196 -0.00389345 -0.00677693    0.210558
-0.00389345    0.173533   0.0541478  -0.0187133
-0.00677693   0.0541478      0.1598   0.0176189
   0.210558  -0.0187133   0.0176189    0.347066
IMAGINARY
          0 -0.00135647   0.0221653  0.00961739
 0.00135647           0   0.0207836  -0.0042166
 -0.0221653  -0.0207836           0  0.00392057
-0.00961739   0.0042166 -0.00392057           0
EndNode1[0]<--->Repeater1[0]
REAL
    0.301691 -0.000234619    0.0185629     0.191244
-0.000234619      0.16775    0.0627453   -0.0132437
   0.0185629    0.0627453     0.188557   0.00422398
    0.191244   -0.0132437   0.00422398     0.342003
IMAGINARY
          0   -0.013937  0.00029974   0.0107986
   0.013937           0 -0.00112114  0.00606158
-0.00029974  0.00112114           0   0.0101202
 -0.0107986 -0.00606158  -0.0101202           0
EndNode2[0]<--->HoM1[0]
REAL
      0.3329   0.00759693 -0.000197319     0.194225
  0.00759693      0.16645     0.053499  -0.00955561
-0.000197319     0.053499     0.158648   -0.0121483
    0.194225  -0.00955561   -0.0121483     0.342003
IMAGINARY
          0  0.00240076 -0.00484345   0.0181828
-0.00240076           0  0.00436366 -0.00358716
 0.00484345 -0.00436366           0  0.00732687
 -0.0181828  0.00358716 -0.00732687           0
Repeater1[0]<--->EndNode1[0]
REAL
    0.301691    0.0185629 -0.000234619     0.191244
   0.0185629     0.188557    0.0627453   0.00422398
-0.000234619    0.0627453      0.16775   -0.0132437
    0.191244   0.00422398   -0.0132437     0.342003
IMAGINARY
          0  0.00029974   -0.013937   0.0107986
-0.00029974           0  0.00112114   0.0101202
   0.013937 -0.00112114           0  0.00606158
 -0.0107986  -0.0101202 -0.00606158           0
Repeater1[0]<--->HoM1[0]
REAL
      0.3329 -0.000197319   0.00759693     0.194225
-0.000197319     0.158648     0.053499   -0.0121483
  0.00759693     0.053499      0.16645  -0.00955561
    0.194225   -0.0121483  -0.00955561     0.342003
IMAGINARY
          0 -0.00484345  0.00240076   0.0181828
 0.00484345           0 -0.00436366  0.00732687
-0.00240076  0.00436366           0 -0.00358716
 -0.0181828 -0.00732687  0.00358716           0
EndNode1[0]<--->Repeater1[0]
REAL
   0.322359  0.00278177   0.0111879    0.222788
 0.00278177    0.185185     0.06009  0.00245973
  0.0111879     0.06009    0.178326 -0.00774455
   0.222788  0.00245973 -0.00774455    0.314129
IMAGINARY
           0  -0.00362665 -0.000170517  -0.00736173
  0.00362665            0    0.0236117   0.00546152
 0.000170517   -0.0236117            0    0.0128859
  0.00736173  -0.00546152   -0.0128859            0
EndNode2[0]<--->HoM1[0]
REAL
   0.307398  -0.0160249 0.000637634    0.201746
 -0.0160249    0.169643    0.054535 -0.00691904
0.000637634    0.054535    0.209184  0.00723092
   0.201746 -0.00691904  0.00723092    0.313776
IMAGINARY
          0   0.0042153   0.0196958 -0.00377916
 -0.0042153           0  -0.0156839  -0.0125622
 -0.0196958   0.0156839           0   0.0042153
 0.00377916   0.0125622  -0.0042153           0
Repeater1[0]<--->EndNode1[0]
REAL
   0.322359   0.0111879  0.00278177    0.222788
  0.0111879    0.178326     0.06009 -0.00774455
 0.00278177     0.06009    0.185185  0.00245973
   0.222788 -0.00774455  0.00245973    0.314129
IMAGINARY
           0 -0.000170517  -0.00362665  -0.00736173
 0.000170517            0   -0.0236117    0.0128859
  0.00362665    0.0236117            0   0.00546152
  0.00736173   -0.0128859  -0.00546152            0
Repeater1[0]<--->HoM1[0]
REAL
   0.307398 0.000637634  -0.0160249    0.201746
0.000637634    0.209184    0.054535  0.00723092
 -0.0160249    0.054535    0.169643 -0.00691904
   0.201746  0.00723092 -0.00691904    0.313776
IMAGINARY
          0   0.0196958   0.0042153 -0.00377916
 -0.0196958           0   0.0156839   0.0042153
 -0.0042153  -0.0156839           0  -0.0125622
 0.00377916  -0.0042153   0.0125622           0
EndNode1[0]<--->Repeater1[0]
REAL
   0.300499 -0.00499545 -0.00972047    0.203921
-0.00499545    0.230673   0.0515211 -0.00116301
-0.00972047   0.0515211    0.147132  -0.0148509
   0.203921 -0.00116301  -0.0148509    0.321696
IMAGINARY
           0   0.00681439  -0.00958351  -0.00658958
 -0.00681439            0  -0.00346067   0.00893501
  0.00958351   0.00346067            0 -0.000977816
  0.00658958  -0.00893501  0.000977816            0
EndNode2[0]<--->HoM1[0]
REAL
   0.342704  -0.0165274 -0.00880825     0.20866
 -0.0165274    0.157965   0.0373927 -0.00434965
-0.00880825   0.0373927    0.187416     0.01258
    0.20866 -0.00434965     0.01258    0.311914
IMAGINARY
          0  0.00539614   0.0203577   0.0104509
-0.00539614           0  -0.0070588   0.0103826
 -0.0203577   0.0070588           0  -0.0235894
 -0.0104509  -0.0103826   0.0235894           0
Repeater1[0]<--->EndNode1[0]
REAL
   0.300499 -0.00972047 -0.00499545    0.203921
-0.00972047    0.147132   0.0515211  -0.0148509
-0.00499545   0.0515211    0.230673 -0.00116301
   0.203921  -0.0148509 -0.00116301    0.321696
IMAGINARY
           0  -0.00958351   0.00681439  -0.00658958
  0.00958351            0   0.00346067 -0.000977816
 -0.00681439  -0.00346067            0   0.00893501
  0.00658958  0.000977816  -0.00893501            0
Repeater1[0]<--->HoM1[0]
REAL
   0.342704 -0.00880825  -0.0165274     0.20866
-0.00880825    0.187416   0.0373927     0.01258
 -0.0165274   0.0373927    0.157965 -0.00434965
    0.20866     0.01258 -0.00434965    0.311914
IMAGINARY
          0   0.0203577  0.00539614   0.0104509
 -0.0203577           0   0.0070588  -0.0235894
-0.00539614  -0.0070588           0   0.0103826
 -0.0104509   0.0235894  -0.0103826           0
EndNode1[0]<--->Repeater1[0]
REAL
   0.325611  -0.0153009 -0.00322997    0.212503
 -0.0153009    0.200772   0.0756743  0.00322997
-0.00322997   0.0756743     0.15444  0.00544872
   0.212503  0.00322997  0.00544872    0.319176
IMAGINARY
          0 -0.00655247 -0.00445927  -0.0285615
 0.00655247           0   0.0266981   -0.010886
 0.00445927  -0.0266981           0   0.0244553
  0.0285615    0.010886  -0.0244553           0
EndNode2[0]<--->HoM1[0]
REAL
   0.330818  0.00122925  0.00618284    0.191471
 0.00122925    0.159748   0.0663102 -0.00415307
 0.00618284   0.0663102    0.186164 -0.00867174
   0.191471 -0.00415307 -0.00867174     0.32327
IMAGINARY
           0     0.027998   -0.0036409 -0.000528396
   -0.027998            0   0.00540985    0.0145523
   0.0036409  -0.00540985            0    0.0073037
 0.000528396   -0.0145523   -0.0073037            0
Repeater1[0]<--->EndNode1[0]
REAL
   0.325611 -0.00322997  -0.0153009    0.212503
-0.00322997     0.15444   0.0756743  0.00544872
 -0.0153009   0.0756743    0.200772  0.00322997
   0.212503  0.00544872  0.00322997    0.319176
IMAGINARY
          0 -0.00445927 -0.00655247  -0.0285615
 0.00445927           0  -0.0266981   0.0244553
 0.00655247   0.0266981           0   -0.010886
  0.0285615  -0.0244553    0.010886           0
Repeater1[0]<--->HoM1[0]
REAL
   0.330818  0.00618284  0.00122925    0.191471
 0.00618284    0.186164   0.0663102 -0.00867174
 0.00122925   0.0663102    0.159748 -0.00415307
   0.191471 -0.00867174 -0.00415307     0.32327
IMAGINARY
           0   -0.0036409     0.027998 -0.000528396
   0.0036409            0  -0.00540985    0.0073037
   -0.027998   0.00540985            0    0.0145523
 0.000528396   -0.0073037   -0.0145523            0
EndNode1[0]<--->Repeater1[0]
REAL
   0.311757  0.00522561 -0.00467539    0.221711
 0.00522561    0.184941   0.0453947  -0.0084825
-0.00467539   0.0453947    0.186262  0.00398492
   0.221711  -0.0084825  0.00398492    0.317041
IMAGINARY
          0    0.008681  -0.0257412  0.00194043
  -0.008681           0   0.0109148  0.00337275
  0.0257412  -0.0109148           0 -0.00473363
-0.00194043 -0.00337275  0.00473363           0
EndNode2[0]<--->HoM1[0]
REAL
   0.346859 0.000148347 -0.00215207    0.203889
0.000148347    0.197644   0.0576392  -0.0116819
-0.00215207   0.0576392    0.140052  -0.0100298
   0.203889  -0.0116819  -0.0100298    0.315445
IMAGINARY
           0  -0.00771982  0.000302419   -0.0258846
  0.00771982            0  -0.00873082  0.000947581
-0.000302419   0.00873082            0   -0.0247802
   0.0258846 -0.000947581    0.0247802            0
Repeater1[0]<--->EndNode1[0]
REAL
   0.311757 -0.00467539  0.00522561    0.221711
-0.00467539    0.186262   0.0453947  0.00398492
 0.00522561   0.0453947    0.184941  -0.0084825
   0.221711  0.00398492  -0.0084825    0.317041
IMAGINARY
          0  -0.0257412    0.008681  0.00194043
  0.0257412           0  -0.0109148 -0.00473363
  -0.008681   0.0109148           0  0.00337275
-0.00194043  0.00473363 -0.00337275           0
Repeater1[0]<--->HoM1[0]
REAL
   0.346859 -0.00215207 0.000148347    0.203889
-0.00215207    0.140052   0.0576392  -0.0100298
0.000148347   0.0576392    0.197644  -0.0116819
   0.203889  -0.0100298  -0.0116819    0.315445
IMAGINARY
           0  0.000302419  -0.00771982   -0.0258846
-0.000302419            0   0.00873082   -0.0247802
  0.00771982  -0.00873082            0  0.000947581
   0.0258846    0.0247802 -0.000947581            0
EndNode1[0]<--->Repeater1[0]
REAL
   0.300126  -0.0108411 -0.00272672    0.205224
 -0.0108411    0.176545   0.0679182   0.0125051
-0.00272672   0.0679182    0.189155  0.00236649
   0.205224   0.0125051  0.00236649    0.334174
IMAGINARY
