EndNode1[0]<--->Repeater1[0]
REAL
   0.321926 -0.00817831  0.00186149  0.00672551
-0.00817831    0.176172   -0.006095  -0.0100582
 0.00186149   -0.006095    0.191381   0.0100699
 0.00672551  -0.0100582   0.0100699     0.31052
IMAGINARY
          0 -0.00212181 -0.00422686   0.0249663
 0.00212181           0 -0.00615954  -0.0207394
 0.00422686  0.00615954           0   0.0230395
 -0.0249663   0.0207394  -0.0230395           0
EndNode2[0]<--->HoM1[0]
REAL
   0.314516 -0.00992529   0.0225726   0.0302268
-0.00992529    0.181452 0.000186786  -0.0164899
  0.0225726 0.000186786    0.176075   0.0208742
  0.0302268  -0.0164899   0.0208742    0.327957
IMAGINARY
           0    0.0236849 -0.000939927  -0.00640639
  -0.0236849            0   -0.0101752   -0.0291001
 0.000939927    0.0101752            0   0.00368491
  0.00640639    0.0291001  -0.00368491            0
Repeater1[0]<--->EndNode1[0]
REAL
   0.321926  0.00186149 -0.00817831  0.00672551
 0.00186149    0.191381   -0.006095   0.0100699
-0.00817831   -0.006095    0.176172  -0.0100582
 0.00672551   0.0100699  -0.0100582     0.31052
IMAGINARY
          0 -0.00422686 -0.00212181   0.0249663
 0.00422686           0  0.00615954   0.0230395
 0.00212181 -0.00615954           0  -0.0207394
 -0.0249663  -0.0230395   0.0207394           0
Repeater1[0]<--->HoM1[0]
REAL
   0.314516   0.0225726 -0.00992529   0.0302268
  0.0225726    0.176075 0.000186786   0.0208742
-0.00992529 0.000186786    0.181452  -0.0164899
  0.0302268   0.0208742  -0.0164899    0.327957
IMAGINARY
           0 -0.000939927    0.0236849  -0.00640639
 0.000939927            0    0.0101752   0.00368491
  -0.0236849   -0.0101752            0   -0.0291001
  0.00640639  -0.00368491    0.0291001            0
EndNode1[0]<--->Repeater1[0]
REAL
  0.343421  0.0148052 -0.0203169 0.00453187
 0.0148052   0.189474  0.0100806 -0.0209792
-0.0203169  0.0100806   0.184211 -0.0128993
0.00453187 -0.0209792 -0.0128993   0.282895
IMAGINARY
          0  0.00608474 -0.00568252 -0.00619819
-0.00608474           0   -0.020656   0.0136973
 0.00568252    0.020656           0 -0.00670126
 0.00619819  -0.0136973  0.00670126           0
EndNode2[0]<--->HoM1[0]
REAL
  0.369251  0.0177574  0.0145747  0.0157353
 0.0177574   0.160315 -0.0107848  0.0138907
 0.0145747 -0.0107848   0.161629 0.00575743
 0.0157353  0.0138907 0.00575743   0.308804
IMAGINARY
          0  0.00668282  -0.0303601   -0.011036
-0.00668282           0  0.00342181  0.00125276
  0.0303601 -0.00342181           0 -0.00862331
   0.011036 -0.00125276  0.00862331           0
Repeater1[0]<--->EndNode1[0]
REAL
  0.343421 -0.0203169  0.0148052 0.00453187
-0.0203169   0.184211  0.0100806 -0.0128993
 0.0148052  0.0100806   0.189474 -0.0209792
0.00453187 -0.0128993 -0.0209792   0.282895
IMAGINARY
          0 -0.00568252  0.00608474 -0.00619819
 0.00568252           0    0.020656 -0.00670126
-0.00608474   -0.020656           0   0.0136973
 0.00619819  0.00670126  -0.0136973           0
Repeater1[0]<--->HoM1[0]
REAL
  0.369251  0.0145747  0.0177574  0.0157353
 0.0145747   0.161629 -0.0107848 0.00575743
 0.0177574 -0.0107848   0.160315  0.0138907
 0.0157353 0.00575743  0.0138907   0.308804
IMAGINARY
          0  -0.0303601  0.00668282   -0.011036
  0.0303601           0 -0.00342181 -0.00862331
-0.00668282  0.00342181           0  0.00125276
   0.011036  0.00862331 -0.00125276           0
EndNode1[0]<--->Repeater1[0]
REAL
   0.298103 -0.00256129  -0.0126831     0.03204
-0.00256129    0.193767  0.00408164 -0.00569456
 -0.0126831  0.00408164    0.185637   -0.023421
    0.03204 -0.00569456   -0.023421    0.322493
IMAGINARY
          0 -0.00256319  -0.0139975 -0.00249073
 0.00256319           0 -0.00905241  -0.0165616
  0.0139975  0.00905241           0 -0.00979052
 0.00249073   0.0165616  0.00979052           0
EndNode2[0]<--->HoM1[0]
REAL
    0.338875  -0.00764345    -0.009545    0.0328165
 -0.00764345     0.176471 -0.000516796   -0.0279227
   -0.009545 -0.000516796     0.184143   0.00635146
   0.0328165   -0.0279227   0.00635146     0.300512
IMAGINARY
           0    0.0188113    0.0122817    0.0155789
  -0.0188113            0  0.000506854  -0.00857798
  -0.0122817 -0.000506854            0 -0.000292783
  -0.0155789   0.00857798  0.000292783            0
Repeater1[0]<--->EndNode1[0]
REAL
   0.298103  -0.0126831 -0.00256129     0.03204
 -0.0126831    0.185637  0.00408164   -0.023421
-0.00256129  0.00408164    0.193767 -0.00569456
    0.03204   -0.023421 -0.00569456    0.322493
IMAGINARY
          0  -0.0139975 -0.00256319 -0.00249073
  0.0139975           0  0.00905241 -0.00979052
 0.00256319 -0.00905241           0  -0.0165616
 0.00249073  0.00979052   0.0165616           0
Repeater1[0]<--->HoM1[0]
REAL
    0.338875    -0.009545  -0.00764345    0.0328165
   -0.009545     0.184143 -0.000516796   0.00635146
 -0.00764345 -0.000516796     0.176471   -0.0279227
   0.0328165   0.00635146   -0.0279227     0.300512
IMAGINARY
           0    0.0122817    0.0188113    0.0155789
  -0.0122817            0 -0.000506854 -0.000292783
  -0.0188113  0.000506854            0  -0.00857798
  -0.0155789  0.000292783   0.00857798            0
EndNode1[0]<--->Repeater1[0]
REAL
   0.348446  -0.0154697  0.00633071   0.0301516
 -0.0154697    0.202073   0.0062806 -0.00381814
 0.00633071   0.0062806    0.159326   0.0217511
  0.0301516 -0.00381814   0.0217511    0.290155
IMAGINARY
           0   0.00161124   0.00519309   -0.0188345
 -0.00161124            0 -0.000595529  -0.00712857
 -0.00519309  0.000595529            0   0.00419522
   0.0188345   0.00712857  -0.00419522            0
EndNode2[0]<--->HoM1[0]
REAL
   0.301173 -0.00764225 -0.00243794   0.0300641
-0.00764225    0.168188   0.0111593   0.0117465
-0.00243794   0.0111593    0.200782  -0.0083152
  0.0300641   0.0117465  -0.0083152    0.329857
IMAGINARY
           0   -0.0126848  -0.00712465  -0.00136891
   0.0126848            0  -0.00794786 -4.61441e-05
  0.00712465   0.00794786            0    0.0211594
  0.00136891  4.61441e-05   -0.0211594            0
Repeater1[0]<--->EndNode1[0]
REAL
   0.348446  0.00633071  -0.0154697   0.0301516
 0.00633071    0.159326   0.0062806   0.0217511
 -0.0154697   0.0062806    0.202073 -0.00381814
  0.0301516   0.0217511 -0.00381814    0.290155
IMAGINARY
           0   0.00519309   0.00161124   -0.0188345
 -0.00519309            0  0.000595529   0.00419522
 -0.00161124 -0.000595529            0  -0.00712857
   0.0188345  -0.00419522   0.00712857            0
Repeater1[0]<--->HoM1[0]
REAL
   0.301173 -0.00243794 -0.00764225   0.0300641
-0.00243794    0.200782   0.0111593  -0.0083152
-0.00764225   0.0111593    0.168188   0.0117465
  0.0300641  -0.0083152   0.0117465    0.329857
IMAGINARY
           0  -0.00712465   -0.0126848  -0.00136891
  0.00712465            0   0.00794786    0.0211594
   0.0126848  -0.00794786            0 -4.61441e-05
  0.00136891   -0.0211594  4.61441e-05            0
EndNode1[0]<--->Repeater1[0]
REAL
    0.35589  -0.0030063 -0.00862911   0.0429361
 -0.0030063    0.166667   0.0091613  0.00795252
-0.00862911   0.0091613    0.182957  0.00909561
  0.0429361  0.00795252  0.00909561    0.294486
IMAGINARY
          0  0.00366501   0.0244776  -0.0099239
-0.00366501           0  -0.0202598   0.0119463
 -0.0244776   0.0202598           0 -0.00565176
  0.0099239  -0.0119463  0.00565176           0
EndNode2[0]<--->HoM1[0]
REAL
   0.354399  0.00677539  0.00350318   0.0457778
 0.00677539    0.180917 -0.00977778 -0.00350318
 0.00350318 -0.00977778    0.149938 -0.00144206
  0.0457778 -0.00350318 -0.00144206    0.314746
IMAGINARY
          0  0.00873104  -0.0109541  0.00381289
-0.00873104           0 -0.00791125   0.0135381
  0.0109541  0.00791125           0  0.00935682
-0.00381289  -0.0135381 -0.00935682           0
Repeater1[0]<--->EndNode1[0]
REAL
    0.35589 -0.00862911  -0.0030063   0.0429361
-0.00862911    0.182957   0.0091613  0.00909561
 -0.0030063   0.0091613    0.166667  0.00795252
  0.0429361  0.00909561  0.00795252    0.294486
IMAGINARY
          0   0.0244776  0.00366501  -0.0099239
 -0.0244776           0   0.0202598 -0.00565176
-0.00366501  -0.0202598           0   0.0119463
  0.0099239  0.00565176  -0.0119463           0
Repeater1[0]<--->HoM1[0]
REAL
   0.354399  0.00350318  0.00677539   0.0457778
 0.00350318    0.149938 -0.00977778 -0.00144206
 0.00677539 -0.00977778    0.180917 -0.00350318
  0.0457778 -0.00144206 -0.00350318    0.314746
IMAGINARY
          0  -0.0109541  0.00873104  0.00381289
  0.0109541           0  0.00791125  0.00935682
-0.00873104 -0.00791125           0   0.0135381
-0.00381289 -0.00935682  -0.0135381           0
EndNode1[0]<--->Repeater1[0]
REAL
   0.347656   0.0125924  -0.0081916   0.0436302
  0.0125924    0.166667  0.00285225  -0.0056275
 -0.0081916  0.00285225    0.173177 -0.00505469
  0.0436302  -0.0056275 -0.00505469      0.3125
IMAGINARY
          0   0.0261812  -0.0196524  0.00134094
 -0.0261812           0 -0.00257551 -0.00606901
  0.0196524  0.00257551           0   0.0120873
-0.00134094  0.00606901  -0.0120873           0
EndNode2[0]<--->HoM1[0]
REAL
   0.327366 -0.00183735 -0.00583198   0.0178308
-0.00183735     0.18798   0.0265556   0.0136649
-0.00583198   0.0265556    0.167519  -0.0203559
  0.0178308   0.0136649  -0.0203559    0.317136
IMAGINARY
          0  -0.0249207  0.00240097  -0.0179312
  0.0249207           0  0.00073545 -0.00441439
-0.00240097 -0.00073545           0   0.0175381
  0.0179312  0.00441439  -0.0175381           0
Repeater1[0]<--->EndNode1[0]
REAL
   0.347656  -0.0081916   0.0125924   0.0436302
 -0.0081916    0.173177  0.00285225 -0.00505469
  0.0125924  0.00285225    0.166667  -0.0056275
  0.0436302 -0.00505469  -0.0056275      0.3125
IMAGINARY
          0  -0.0196524   0.0261812  0.00134094
  0.0196524           0  0.00257551   0.0120873
 -0.0261812 -0.00257551           0 -0.00606901
-0.00134094  -0.0120873  0.00606901           0
Repeater1[0]<--->HoM1[0]
REAL
   0.327366 -0.00583198 -0.00183735   0.0178308
-0.00583198    0.167519   0.0265556  -0.0203559
-0.00183735   0.0265556     0.18798   0.0136649
  0.0178308  -0.0203559   0.0136649    0.317136
IMAGINARY
          0  0.00240097  -0.0249207  -0.0179312
-0.00240097           0 -0.00073545   0.0175381
  0.0249207  0.00073545           0 -0.00441439
  0.0179312  -0.0175381  0.00441439           0
EndNode1[0]<--->Repeater1[0]
REAL
   0.335484  -0.0136432  -0.0083524   0.0327377
 -0.0136432    0.172903    0.016282 -0.00145152
 -0.0083524    0.016282         0.2   -0.026226
  0.0327377 -0.00145152   -0.026226    0.291613
IMAGINARY
          0  -0.0157873  0.00558599  -0.0104211
  0.0157873           0  0.00346783 -0.00685182
-0.00558599 -0.00346783           0 -0.00826335
  0.0104211  0.00685182  0.00826335           0
EndNode2[0]<--->HoM1[0]
REAL
   0.323925   0.0172537   0.0198904   0.0297609
  0.0172537    0.180108 -0.00435983  -0.0172166
  0.0198904 -0.00435983    0.209677  0.00547358
  0.0297609  -0.0172166  0.00547358     0.28629
IMAGINARY
          0 -0.00814134 -0.00590724  0.00349994
 0.00814134           0 -0.00838992 -0.00459145
 0.00590724  0.00838992           0  0.00420434
-0.00349994  0.00459145 -0.00420434           0
Repeater1[0]<--->EndNode1[0]
REAL
   0.335484  -0.0083524  -0.0136432   0.0327377
 -0.0083524         0.2    0.016282   -0.026226
 -0.0136432    0.016282    0.172903 -0.00145152
  0.0327377   -0.026226 -0.00145152    0.291613
IMAGINARY
          0  0.00558599  -0.0157873  -0.0104211
-0.00558599           0 -0.00346783 -0.00826335
  0.0157873  0.00346783           0 -0.00685182
  0.0104211  0.00826335  0.00685182           0
Repeater1[0]<--->HoM1[0]
REAL
   0.323925   0.0198904   0.0172537   0.0297609
  0.0198904    0.209677 -0.00435983  0.00547358
  0.0172537 -0.00435983    0.180108  -0.0172166
  0.0297609  0.00547358  -0.0172166     0.28629
IMAGINARY
          0 -0.00590724 -0.00814134  0.00349994
 0.00590724           0  0.00838992  0.00420434
 0.00814134 -0.00838992           0 -0.00459145
-0.00349994 -0.00420434  0.00459145           0
EndNode1[0]<--->Repeater1[0]
REAL
   0.340796    0.017297  0.00093261   0.0363623
   0.017297    0.166667  0.00249778 -0.00222795
 0.00093261  0.00249778    0.191542 -0.00304827
  0.0363623 -0.00222795 -0.00304827    0.300995
IMAGINARY
           0 -0.000592738    -0.023435    0.0248136
 0.000592738            0   0.00860711  -0.00511748
    0.023435  -0.00860711            0    0.0225051
  -0.0248136   0.00511748   -0.0225051            0
EndNode2[0]<--->HoM1[0]
REAL
   0.328467 -0.00189633 -0.00317245   0.0236573
-0.00189633    0.176399 -0.00279768 -0.00630922
-0.00317245 -0.00279768    0.152068   -0.011378
  0.0236573 -0.00630922   -0.011378    0.343066
IMAGINARY
          0   0.0165451  -0.0124122  0.00588803
 -0.0165451           0   0.0116795  -0.0034608
  0.0124122  -0.0116795           0    0.015201
-0.00588803   0.0034608   -0.015201           0
Repeater1[0]<--->EndNode1[0]
REAL
   0.340796  0.00093261    0.017297   0.0363623
 0.00093261    0.191542  0.00249778 -0.00304827
   0.017297  0.00249778    0.166667 -0.00222795
  0.0363623 -0.00304827 -0.00222795    0.300995
IMAGINARY
           0    -0.023435 -0.000592738    0.0248136
    0.023435            0  -0.00860711    0.0225051
 0.000592738   0.00860711            0  -0.00511748
  -0.0248136   -0.0225051   0.00511748            0
Repeater1[0]<--->HoM1[0]
REAL
   0.328467 -0.00317245 -0.00189633   0.0236573
-0.00317245    0.152068 -0.00279768   -0.011378
-0.00189633 -0.00279768    0.176399 -0.00630922
  0.0236573   -0.011378 -0.00630922    0.343066
IMAGINARY
          0  -0.0124122   0.0165451  0.00588803
  0.0124122           0  -0.0116795    0.015201
 -0.0165451   0.0116795           0  -0.0034608
-0.00588803   -0.015201   0.0034608           0
EndNode1[0]<--->Repeater1[0]
REAL
   0.336352 -0.00657064 -0.00942099   0.0203448
-0.00657064    0.175938   0.0107907  0.00636849
-0.00942099   0.0107907    0.196636  -0.0111339
  0.0203448  0.00636849  -0.0111339    0.291074
IMAGINARY
           0    0.0175675  -0.00722886   -0.0132267
  -0.0175675            0 -0.000183242  -0.00996859
  0.00722886  0.000183242            0   0.00599938
   0.0132267   0.00996859  -0.00599938            0
EndNode2[0]<--->HoM1[0]
REAL
  0.330855 -0.0263409 -0.0201042  0.0373478
-0.0263409   0.168525  -0.013781 -0.0238448
-0.0201042  -0.013781   0.159851  0.0180606
 0.0373478 -0.0238448  0.0180606   0.340768
IMAGINARY
          0  0.00478191 -0.00871492   0.0189814
-0.00478191           0   0.0079568    0.013363
 0.00871492  -0.0079568           0 -0.00942998
 -0.0189814   -0.013363  0.00942998           0
Repeater1[0]<--->EndNode1[0]
REAL
   0.336352 -0.00942099 -0.00657064   0.0203448
-0.00942099    0.196636   0.0107907  -0.0111339
-0.00657064   0.0107907    0.175938  0.00636849
  0.0203448  -0.0111339  0.00636849    0.291074
IMAGINARY
           0  -0.00722886    0.0175675   -0.0132267
  0.00722886            0  0.000183242   0.00599938
  -0.0175675 -0.000183242            0  -0.00996859
   0.0132267  -0.00599938   0.00996859            0
Repeater1[0]<--->HoM1[0]
REAL
  0.330855 -0.0201042 -0.0263409  0.0373478
-0.0201042   0.159851  -0.013781  0.0180606
-0.0263409  -0.013781   0.168525 -0.0238448
 0.0373478  0.0180606 -0.0238448   0.340768
IMAGINARY
          0 -0.00871492  0.00478191   0.0189814
 0.00871492           0  -0.0079568 -0.00942998
-0.00478191   0.0079568           0    0.013363
 -0.0189814  0.00942998   -0.013363           0
EndNode1[0]<--->Repeater1[0]
REAL
  0.358839 0.00905666  0.0375196  0.0263835
0.00905666    0.16095  0.0063835  0.0268008
 0.0375196  0.0063835     0.1781   0.012788
 0.0263835  0.0268008   0.012788   0.302111
IMAGINARY
          0   -0.012584  0.00324103 -0.00100393
   0.012584           0 -0.00298543   0.0012751
-0.00324103  0.00298543           0 -0.00741602
 0.00100393  -0.0012751  0.00741602           0
EndNode2[0]<--->HoM1[0]
REAL
    0.313253    0.0139562 -0.000307962    0.0355062
   0.0139562     0.191432 -0.000563415   -0.0155751
-0.000307962 -0.000563415     0.190094    0.0057388
   0.0355062   -0.0155751    0.0057388     0.305221
IMAGINARY
          0  0.00838858 -0.00248756  -0.0112503
-0.00838858           0  -0.0138819 -0.00248756
 0.00248756   0.0138819           0  -0.0146075
  0.0112503  0.00248756   0.0146075           0
Repeater1[0]<--->EndNode1[0]
REAL
  0.358839  0.0375196 0.00905666  0.0263835
 0.0375196     0.1781  0.0063835   0.012788
0.00905666  0.0063835    0.16095  0.0268008
 0.0263835   0.012788  0.0268008   0.302111
IMAGINARY
          0  0.00324103   -0.012584 -0.00100393
-0.00324103           0  0.00298543 -0.00741602
   0.012584 -0.00298543           0   0.0012751
 0.00100393  0.00741602  -0.0012751           0
Repeater1[0]<--->HoM1[0]
REAL
    0.313253 -0.000307962    0.0139562    0.0355062
-0.000307962     0.190094 -0.000563415    0.0057388
   0.0139562 -0.000563415     0.191432   -0.0155751
   0.0355062    0.0057388   -0.0155751     0.305221
IMAGINARY
          0 -0.00248756  0.00838858  -0.0112503
 0.00248756           0   0.0138819  -0.0146075
-0.00838858  -0.0138819           0 -0.00248756
  0.0112503   0.0146075  0.00248756           0
EndNode1[0]<--->Repeater1[0]
REAL
   0.351807  0.00748524  0.00205282   0.0102257
 0.00748524    0.172289 0.000498117  0.00330911
 0.00205282 0.000498117    0.162651   0.0179839
  0.0102257  0.00330911   0.0179839    0.313253
IMAGINARY
          0 -0.00920728 -0.00612154   0.0148396
 0.00920728           0  0.00414776   0.0158492
 0.00612154 -0.00414776           0  0.00726176
 -0.0148396  -0.0158492 -0.00726176           0
EndNode2[0]<--->HoM1[0]
REAL
      0.364   0.0114901    0.010714   0.0149434
  0.0114901    0.170667 -0.00640201  -0.0021726
   0.010714 -0.00640201    0.157333 -0.00557687
  0.0149434  -0.0021726 -0.00557687       0.308
IMAGINARY
          0  -0.0137868   0.0112615  -0.0184241
  0.0137868           0 -0.00893904 -0.00155903
 -0.0112615  0.00893904           0  -0.0010903
  0.0184241  0.00155903   0.0010903           0
Repeater1[0]<--->EndNode1[0]
REAL
   0.351807  0.00205282  0.00748524   0.0102257
 0.00205282    0.162651 0.000498117   0.0179839
 0.00748524 0.000498117    0.172289  0.00330911
  0.0102257   0.0179839  0.00330911    0.313253
IMAGINARY
          0 -0.00612154 -0.00920728   0.0148396
 0.00612154           0 -0.00414776  0.00726176
 0.00920728  0.00414776           0   0.0158492
 -0.0148396 -0.00726176  -0.0158492           0
Repeater1[0]<--->HoM1[0]
REAL
      0.364    0.010714   0.0114901   0.0149434
   0.010714    0.157333 -0.00640201 -0.00557687
  0.0114901 -0.00640201    0.170667  -0.0021726
  0.0149434 -0.00557687  -0.0021726       0.308
IMAGINARY
          0   0.0112615  -0.0137868  -0.0184241
 -0.0112615           0  0.00893904  -0.0010903
  0.0137868 -0.00893904           0 -0.00155903
  0.0184241   0.0010903  0.00155903           0
EndNode1[0]<--->Repeater1[0]
REAL
   0.309556 0.000370053 -0.00834345   0.0450142
0.000370053    0.191117  -0.0190883   0.0132817
-0.00834345  -0.0190883    0.188425 -0.00283919
  0.0450142   0.0132817 -0.00283919    0.310902
IMAGINARY
          0  0.00233623  -0.0197476   0.0136748
-0.00233623           0 -0.00379829   0.0258205
  0.0197476  0.00379829           0  0.00913475
 -0.0136748  -0.0258205 -0.00913475           0
EndNode2[0]<--->HoM1[0]
REAL
   0.372861  -0.0111271 -0.00688286   0.0184909
 -0.0111271    0.136919  0.00420515  0.00206855
-0.00688286  0.00420515    0.183374  -0.0143199
  0.0184909  0.00206855  -0.0143199    0.306846
IMAGINARY
          0 -0.00769321   0.0178048  -0.0110533
 0.00769321           0  -0.0117035  0.00393429
 -0.0178048   0.0117035           0  -0.0152882
  0.0110533 -0.00393429   0.0152882           0
Repeater1[0]<--->EndNode1[0]
REAL
   0.309556 -0.00834345 0.000370053   0.0450142
-0.00834345    0.188425  -0.0190883 -0.00283919
0.000370053  -0.0190883    0.191117   0.0132817
  0.0450142 -0.00283919   0.0132817    0.310902
IMAGINARY
          0  -0.0197476  0.00233623   0.0136748
  0.0197476           0  0.00379829  0.00913475
-0.00233623 -0.00379829           0   0.0258205
 -0.0136748 -0.00913475  -0.0258205           0
Repeater1[0]<--->HoM1[0]
REAL
   0.372861 -0.00688286  -0.0111271   0.0184909
-0.00688286    0.183374  0.00420515  -0.0143199
 -0.0111271  0.00420515    0.136919  0.00206855
  0.0184909  -0.0143199  0.00206855    0.306846
IMAGINARY
          0   0.0178048 -0.00769321  -0.0110533
 -0.0178048           0   0.0117035  -0.0152882
 0.00769321  -0.0117035           0  0.00393429
  0.0110533   0.0152882 -0.00393429           0
EndNode1[0]<--->Repeater1[0]
REAL
    0.344737    0.0214303    -0.028142    0.0141202
   0.0214303     0.192105    0.0084023  -0.00338953
   -0.028142    0.0084023     0.172368 -0.000194821
   0.0141202  -0.00338953 -0.000194821     0.290789
IMAGINARY
          0 -0.00179666  -0.0148338   0.0160436
 0.00179666           0 -0.00800075   0.0141985
  0.0148338  0.00800075           0  -0.0140864
 -0.0160436  -0.0141985   0.0140864           0
EndNode2[0]<--->HoM1[0]
REAL
   0.312253  -0.0132967  0.00756314   0.0117332
 -0.0132967    0.180501    0.011083 -0.00169612
 0.00756314    0.011083    0.172596   0.0243789
  0.0117332 -0.00169612   0.0243789    0.334651
IMAGINARY
         0  0.0128273 -0.0230063 -0.0202377
-0.0128273          0 -0.0136932 -0.0192563
 0.0230063  0.0136932          0  0.0268346
 0.0202377  0.0192563 -0.0268346          0
Repeater1[0]<--->EndNode1[0]
REAL
    0.344737    -0.028142    0.0214303    0.0141202
   -0.028142     0.172368    0.0084023 -0.000194821
   0.0214303    0.0084023     0.192105  -0.00338953
   0.0141202 -0.000194821  -0.00338953     0.290789
IMAGINARY
          0  -0.0148338 -0.00179666   0.0160436
  0.0148338           0  0.00800075  -0.0140864
 0.00179666 -0.00800075           0   0.0141985
 -0.0160436   0.0140864  -0.0141985           0
Repeater1[0]<--->HoM1[0]
REAL
   0.312253  0.00756314  -0.0132967   0.0117332
 0.00756314    0.172596    0.011083   0.0243789
 -0.0132967    0.011083    0.180501 -0.00169612
  0.0117332   0.0243789 -0.00169612    0.334651
IMAGINARY
         0 -0.0230063  0.0128273 -0.0202377
 0.0230063          0  0.0136932  0.0268346
-0.0128273 -0.0136932          0 -0.0192563
 0.0202377 -0.0268346  0.0192563          0
EndNode1[0]<--->Repeater1[0]
REAL
  0.332919 0.00157887 0.00452157  0.0218358
0.00157887   0.159006 -0.0304223 -0.0197131
0.00452157 -0.0304223   0.187578  0.0294647
 0.0218358 -0.0197131  0.0294647   0.320497
IMAGINARY
          0  -0.0114759 -0.00580249  0.00262188
  0.0114759           0  -0.0214898   0.0193509
 0.00580249   0.0214898           0  -0.0291692
-0.00262188  -0.0193509   0.0291692           0
EndNode2[0]<--->HoM1[0]
REAL
   0.332896  -0.0346722 -0.00565543   0.0447652
 -0.0346722    0.174312 -0.00751031  0.00238746
-0.00565543 -0.00751031     0.17038  -0.0104258
  0.0447652  0.00238746  -0.0104258    0.322412
IMAGINARY
           0   -0.0055224   -0.0133036   0.00708356
   0.0055224            0  5.92957e-05  -0.00453162
   0.0133036 -5.92957e-05            0   0.00613741
 -0.00708356   0.00453162  -0.00613741            0
Repeater1[0]<--->EndNode1[0]
REAL
  0.332919 0.00452157 0.00157887  0.0218358
0.00452157   0.187578 -0.0304223  0.0294647
0.00157887 -0.0304223   0.159006 -0.0197131
 0.0218358  0.0294647 -0.0197131   0.320497
IMAGINARY
          0 -0.00580249  -0.0114759  0.00262188
 0.00580249           0   0.0214898  -0.0291692
  0.0114759  -0.0214898           0   0.0193509
-0.00262188   0.0291692  -0.0193509           0
Repeater1[0]<--->HoM1[0]
REAL
   0.332896 -0.00565543  -0.0346722   0.0447652
-0.00565543     0.17038 -0.00751031  -0.0104258
 -0.0346722 -0.00751031    0.174312  0.00238746
  0.0447652  -0.0104258  0.00238746    0.322412
IMAGINARY
           0   -0.0133036   -0.0055224   0.00708356
   0.0133036            0 -5.92957e-05   0.00613741
   0.0055224  5.92957e-05            0  -0.00453162
 -0.00708356  -0.00613741   0.00453162            0
EndNode1[0]<--->Repeater1[0]
REAL
   0.344198  0.00589489  0.00185343   0.0384016
 0.00589489    0.187744 -0.00567905  -0.0149424
 0.00185343 -0.00567905    0.183833 -0.00458599
  0.0384016  -0.0149424 -0.00458599    0.284224
IMAGINARY
          0 -0.00188917   0.0247305  0.00615826
 0.00188917           0   0.0101905 -0.00835772
 -0.0247305  -0.0101905           0 -0.00188917
-0.00615826  0.00835772  0.00188917           0
EndNode2[0]<--->HoM1[0]
REAL
  0.317722 0.00397138 0.00325783   0.038203
0.00397138   0.194937 0.00950944 0.00131734
0.00325783 0.00950944   0.189873 -0.0150825
  0.038203 0.00131734 -0.0150825   0.297468
IMAGINARY
          0  0.00755675  -0.0202991 -0.00848765
-0.00755675           0  -0.0223765  0.00992063
  0.0202991   0.0223765           0   0.0272418
 0.00848765 -0.00992063  -0.0272418           0
Repeater1[0]<--->EndNode1[0]
REAL
   0.344198  0.00185343  0.00589489   0.0384016
 0.00185343    0.183833 -0.00567905 -0.00458599
 0.00589489 -0.00567905    0.187744  -0.0149424
  0.0384016 -0.00458599  -0.0149424    0.284224
IMAGINARY
          0   0.0247305 -0.00188917  0.00615826
 -0.0247305           0  -0.0101905 -0.00188917
 0.00188917   0.0101905           0 -0.00835772
-0.00615826  0.00188917  0.00835772           0
Repeater1[0]<--->HoM1[0]
REAL
  0.317722 0.00325783 0.00397138   0.038203
0.00325783   0.189873 0.00950944 -0.0150825
0.00397138 0.00950944   0.194937 0.00131734
  0.038203 -0.0150825 0.00131734   0.297468
IMAGINARY
          0  -0.0202991  0.00755675 -0.00848765
  0.0202991           0   0.0223765   0.0272418
-0.00755675  -0.0223765           0  0.00992063
 0.00848765  -0.0272418 -0.00992063           0
EndNode1[0]<--->Repeater1[0]
REAL
   0.336512   0.0349495  -0.0245541   0.0161802
  0.0349495    0.197548  0.00781465  0.00704439
 -0.0245541  0.00781465    0.182561 -0.00965768
  0.0161802  0.00704439 -0.00965768    0.283379
IMAGINARY
          0   0.0156625  -0.0140731  0.00876061
 -0.0156625           0   0.0144353  -0.0213195
  0.0140731  -0.0144353           0 -0.00858394
-0.00876061   0.0213195  0.00858394           0
EndNode2[0]<--->HoM1[0]
REAL
   0.309305 -0.00846354    0.011988    0.023526
-0.00846354    0.188729 -0.00956663   0.0146618
   0.011988 -0.00956663     0.17038  0.00846354
   0.023526   0.0146618  0.00846354    0.331586
IMAGINARY
          0  0.00757388 -0.00300387  0.00572516
-0.00757388           0  -0.0196324   0.0096224
 0.00300387   0.0196324           0  -0.0165991
-0.00572516  -0.0096224   0.0165991           0
Repeater1[0]<--->EndNode1[0]
REAL
   0.336512  -0.0245541   0.0349495   0.0161802
 -0.0245541    0.182561  0.00781465 -0.00965768
  0.0349495  0.00781465    0.197548  0.00704439
  0.0161802 -0.00965768  0.00704439    0.283379
IMAGINARY
          0  -0.0140731   0.0156625  0.00876061
  0.0140731           0  -0.0144353 -0.00858394
 -0.0156625   0.0144353           0  -0.0213195
-0.00876061  0.00858394   0.0213195           0
Repeater1[0]<--->HoM1[0]
REAL
   0.309305    0.011988 -0.00846354    0.023526
   0.011988     0.17038 -0.00956663  0.00846354
-0.00846354 -0.00956663    0.188729   0.0146618
   0.023526  0.00846354   0.0146618    0.331586
IMAGINARY
          0 -0.00300387  0.00757388  0.00572516
 0.00300387           0   0.0196324  -0.0165991
-0.00757388  -0.0196324           0   0.0096224
-0.00572516   0.0165991  -0.0096224           0
EndNode1[0]<--->Repeater1[0]
REAL
   0.346309 -0.00978262   0.0172277   0.0113861
-0.00978262     0.18255  -0.0165944  -0.0289464
  0.0172277  -0.0165944    0.179866  0.00327221
  0.0113861  -0.0289464  0.00327221    0.291275
IMAGINARY
          0 -0.00701424  -0.0231717  -0.0067274
 0.00701424           0  -0.0128548 -0.00115916
  0.0231717   0.0128548           0  0.00214806
  0.0067274  0.00115916 -0.00214806           0
EndNode2[0]<--->HoM1[0]
REAL
    0.340456   -0.0132898   0.00386132    0.0337908
  -0.0132898     0.182336    0.0146786 -3.47866e-05
  0.00386132    0.0146786     0.169516   0.00691223
   0.0337908 -3.47866e-05   0.00691223     0.307692
IMAGINARY
           0 -0.000737923   -0.0240444    0.0140308
 0.000737923            0  -0.00591598  2.08167e-17
   0.0240444   0.00591598            0   0.00505358
  -0.0140308 -2.08167e-17  -0.00505358            0
Repeater1[0]<--->EndNode1[0]
REAL
   0.346309   0.0172277 -0.00978262   0.0113861
  0.0172277    0.179866  -0.0165944  0.00327221
-0.00978262  -0.0165944     0.18255  -0.0289464
  0.0113861  0.00327221  -0.0289464    0.291275
IMAGINARY
          0  -0.0231717 -0.00701424  -0.0067274
  0.0231717           0   0.0128548  0.00214806
 0.00701424  -0.0128548           0 -0.00115916
  0.0067274 -0.00214806  0.00115916           0
Repeater1[0]<--->HoM1[0]
REAL
    0.340456   0.00386132   -0.0132898    0.0337908
  0.00386132     0.169516    0.0146786   0.00691223
  -0.0132898    0.0146786     0.182336 -3.47866e-05
   0.0337908   0.00691223 -3.47866e-05     0.307692
IMAGINARY
           0   -0.0240444 -0.000737923    0.0140308
   0.0240444            0   0.00591598   0.00505358
 0.000737923  -0.00591598            0  6.93889e-18
  -0.0140308  -0.00505358 -6.93889e-18            0
EndNode1[0]<--->Repeater1[0]
REAL
   0.355499  -0.0237183   0.0155059   0.0411714
 -0.0237183    0.186701   0.0156612   -0.030193
  0.0155059   0.0156612    0.161125 9.12242e-05
  0.0411714   -0.030193 9.12242e-05    0.296675
IMAGINARY
          0   0.0117175 -0.00396308   0.0151508
 -0.0117175           0  0.00110932   0.0167182
 0.00396308 -0.00110932           0  -0.0193706
 -0.0151508  -0.0167182   0.0193706           0
EndNode2[0]<--->HoM1[0]
REAL
  0.282353 0.00832441 -0.0198341   0.018012
0.00832441   0.220915 0.00506497 0.00957768
-0.0198341 0.00506497   0.175163  -0.023709
  0.018012 0.00957768  -0.023709   0.321569
IMAGINARY
          0 -0.00432115   0.0144883   0.0107997
 0.00432115           0  -0.0114366   0.0144883
 -0.0144883   0.0114366           0   0.0160351
 -0.0107997  -0.0144883  -0.0160351           0
Repeater1[0]<--->EndNode1[0]
REAL
   0.355499   0.0155059  -0.0237183   0.0411714
  0.0155059    0.161125   0.0156612 9.12242e-05
 -0.0237183   0.0156612    0.186701   -0.030193
  0.0411714 9.12242e-05   -0.030193    0.296675
IMAGINARY
          0 -0.00396308   0.0117175   0.0151508
 0.00396308           0 -0.00110932  -0.0193706
 -0.0117175  0.00110932           0   0.0167182
 -0.0151508   0.0193706  -0.0167182           0
Repeater1[0]<--->HoM1[0]
REAL
  0.282353 -0.0198341 0.00832441   0.018012
-0.0198341   0.175163 0.00506497  -0.023709
0.00832441 0.00506497   0.220915 0.00957768
  0.018012  -0.023709 0.00957768   0.321569
IMAGINARY
          0   0.0144883 -0.00432115   0.0107997
 -0.0144883           0   0.0114366   0.0160351
 0.00432115  -0.0114366           0   0.0144883
 -0.0107997  -0.0160351  -0.0144883           0
EndNode1[0]<--->Repeater1[0]
REAL
  0.338983 0.00396825  0.0150787  0.0365922
0.00396825    0.16586 0.00309032  0.0100536
 0.0150787 0.00309032   0.184019 -0.0185185
 0.0365922  0.0100536 -0.0185185   0.311138
IMAGINARY
           0 -0.000191103  -0.00682981   0.00986154
 0.000191103            0  -0.00783177    0.0175757
  0.00682981   0.00783177            0    -0.011819
 -0.00986154   -0.0175757     0.011819            0
EndNode2[0]<--->HoM1[0]
REAL
    0.335411  -0.00632911    0.0198522    0.0213735
 -0.00632911     0.168329   -0.0115213 -0.000147783
   0.0198522   -0.0115213     0.194514   0.00632911
   0.0213735 -0.000147783   0.00632911     0.301746
IMAGINARY
          0  -0.0122218  0.00453619 -0.00357079
  0.0122218           0 -0.00166482   -0.024273
-0.00453619  0.00166482           0   0.0201165
 0.00357079    0.024273  -0.0201165           0
Repeater1[0]<--->EndNode1[0]
REAL
  0.338983  0.0150787 0.00396825  0.0365922
 0.0150787   0.184019 0.00309032 -0.0185185
0.00396825 0.00309032    0.16586  0.0100536
 0.0365922 -0.0185185  0.0100536   0.311138
IMAGINARY
           0  -0.00682981 -0.000191103   0.00986154
  0.00682981            0   0.00783177    -0.011819
 0.000191103  -0.00783177            0    0.0175757
 -0.00986154     0.011819   -0.0175757            0
Repeater1[0]<--->HoM1[0]
REAL
    0.335411    0.0198522  -0.00632911    0.0213735
   0.0198522     0.194514   -0.0115213   0.00632911
 -0.00632911   -0.0115213     0.168329 -0.000147783
   0.0213735   0.00632911 -0.000147783     0.301746
IMAGINARY
          0  0.00453619  -0.0122218 -0.00357079
-0.00453619           0  0.00166482   0.0201165
  0.0122218 -0.00166482           0   -0.024273
 0.00357079  -0.0201165    0.024273           0
EndNode1[0]<--->Repeater1[0]
REAL
   0.315515 -0.00381662 -0.00406509   0.0256547
-0.00381662    0.179922 0.000252005   0.0209045
-0.00406509 0.000252005    0.173403  0.00511195
  0.0256547   0.0209045  0.00511195     0.33116
IMAGINARY
          0  0.00940235    0.019719    0.002596
-0.00940235           0   0.0170251  -0.0290127
  -0.019719  -0.0170251           0 -0.00630446
  -0.002596   0.0290127  0.00630446           0
EndNode2[0]<--->HoM1[0]
REAL
   0.332056  -0.0209794  -0.0119859    0.024952
 -0.0209794    0.187739 0.000887811  -0.0099779
 -0.0119859 0.000887811    0.174968  0.00289156
   0.024952  -0.0099779  0.00289156    0.305236
IMAGINARY
           0   0.00598077  -0.00168442   -0.0144923
 -0.00598077            0   0.00631623  -0.00232627
  0.00168442  -0.00631623            0  0.000703724
   0.0144923   0.00232627 -0.000703724            0
Repeater1[0]<--->EndNode1[0]
REAL
   0.315515 -0.00406509 -0.00381662   0.0256547
-0.00406509    0.173403 0.000252005  0.00511195
-0.00381662 0.000252005    0.179922   0.0209045
  0.0256547  0.00511195   0.0209045     0.33116
IMAGINARY
          0    0.019719  0.00940235    0.002596
  -0.019719           0  -0.0170251 -0.00630446
-0.00940235   0.0170251           0  -0.0290127
  -0.002596  0.00630446   0.0290127           0
Repeater1[0]<--->HoM1[0]
REAL
   0.332056  -0.0119859  -0.0209794    0.024952
 -0.0119859    0.174968 0.000887811  0.00289156
 -0.0209794 0.000887811    0.187739  -0.0099779
   0.024952  0.00289156  -0.0099779    0.305236
IMAGINARY
           0  -0.00168442   0.00598077   -0.0144923
  0.00168442            0  -0.00631623  0.000703724
 -0.00598077   0.00631623            0  -0.00232627
   0.0144923 -0.000703724   0.00232627            0
EndNode1[0]<--->Repeater1[0]
REAL
   0.332491   0.0026723  -0.0191287  -0.0145115
  0.0026723    0.190898 -0.00410924   0.0087839
 -0.0191287 -0.00410924    0.166877 0.000775971
 -0.0145115   0.0087839 0.000775971    0.309735
IMAGINARY
           0   -0.0235863    0.0027667  -0.00504102
   0.0235863            0   -0.0103539    0.0131834
  -0.0027667    0.0103539            0 -0.000685541
  0.00504102   -0.0131834  0.000685541            0
EndNode2[0]<--->HoM1[0]
REAL
   0.338918   0.0172844   0.0245206   0.0220296
  0.0172844    0.186856 -0.00782118  0.00727918
  0.0245206 -0.00782118    0.193299 -0.00848876
  0.0220296  0.00727918 -0.00848876    0.280928
IMAGINARY
           0    0.0116664  0.000377212  -0.00709934
  -0.0116664            0  -0.00644745   0.00584169
-0.000377212   0.00644745            0   -0.0228604
  0.00709934  -0.00584169    0.0228604            0
Repeater1[0]<--->EndNode1[0]
REAL
   0.332491  -0.0191287   0.0026723  -0.0145115
 -0.0191287    0.166877 -0.00410924 0.000775971
  0.0026723 -0.00410924    0.190898   0.0087839
 -0.0145115 0.000775971   0.0087839    0.309735
IMAGINARY
           0    0.0027667   -0.0235863  -0.00504102
  -0.0027667            0    0.0103539 -0.000685541
   0.0235863   -0.0103539            0    0.0131834
  0.00504102  0.000685541   -0.0131834            0
Repeater1[0]<--->HoM1[0]
REAL
   0.338918   0.0245206   0.0172844   0.0220296
  0.0245206    0.193299 -0.00782118 -0.00848876
  0.0172844 -0.00782118    0.186856  0.00727918
  0.0220296 -0.00848876  0.00727918    0.280928
IMAGINARY
           0  0.000377212    0.0116664  -0.00709934
-0.000377212            0   0.00644745   -0.0228604
  -0.0116664  -0.00644745            0   0.00584169
  0.00709934    0.0228604  -0.00584169            0
EndNode1[0]<--->Repeater1[0]
REAL
    0.329975     0.020532  -0.00260082    0.0194146
    0.020532      0.18136   -0.0154981 -1.01462e-05
 -0.00260082   -0.0154981      0.15995    0.0107996
   0.0194146 -1.01462e-05    0.0107996     0.328715
IMAGINARY
          0   0.0107314  -0.0033935  0.00705792
 -0.0107314           0  0.00109766 -0.00907532
  0.0033935 -0.00109766           0 -0.00449701
-0.00705792  0.00907532  0.00449701           0
EndNode2[0]<--->HoM1[0]
REAL
     0.35309   -0.0065872  -0.00198438    0.0321975
  -0.0065872     0.153846   0.00380247 -0.000682292
 -0.00198438   0.00380247     0.191677    0.0065872
   0.0321975 -0.000682292    0.0065872     0.301387
IMAGINARY
           0    0.0137939    0.0117179    -0.013963
  -0.0137939            0  0.000587234    0.0018624
  -0.0117179 -0.000587234            0   0.00225546
    0.013963   -0.0018624  -0.00225546            0
Repeater1[0]<--->EndNode1[0]
REAL
    0.329975  -0.00260082     0.020532    0.0194146
 -0.00260082      0.15995   -0.0154981    0.0107996
    0.020532   -0.0154981      0.18136 -1.01462e-05
   0.0194146    0.0107996 -1.01462e-05     0.328715
IMAGINARY
          0  -0.0033935   0.0107314  0.00705792
  0.0033935           0 -0.00109766 -0.00449701
 -0.0107314  0.00109766           0 -0.00907532
-0.00705792  0.00449701  0.00907532           0
Repeater1[0]<--->HoM1[0]
REAL
     0.35309  -0.00198437   -0.0065872    0.0321975
 -0.00198437     0.191677   0.00380247    0.0065872
  -0.0065872   0.00380247     0.153846 -0.000682292
   0.0321975    0.0065872 -0.000682292     0.301387
IMAGINARY
           0    0.0117179    0.0137939    -0.013963
  -0.0117179            0 -0.000587234   0.00225546
  -0.0137939  0.000587234            0    0.0018624
    0.013963  -0.00225546   -0.0018624            0
EndNode1[0]<--->Repeater1[0]
REAL
    0.32987  -0.0037419  0.00551375   0.0176606
 -0.0037419    0.179221 -0.00764722   0.0285316
 0.00551375 -0.00764722    0.154545  0.00173923
  0.0176606   0.0285316  0.00173923    0.336364
IMAGINARY
          0   0.0166712   0.0144651 -0.00972891
 -0.0166712           0   0.0157369  -0.0110451
 -0.0144651  -0.0157369           0  0.00863659
 0.00972891   0.0110451 -0.00863659           0
EndNode2[0]<--->HoM1[0]
REAL
  0.332026 -0.0058828 0.00991188  0.0184793
-0.0058828   0.188235 0.00728032  0.0132057
0.00991188 0.00728032   0.186928 -0.0119508
 0.0184793  0.0132057 -0.0119508    0.29281
IMAGINARY
          0 -0.00196865   0.0288458   0.0108642
 0.00196865           0 -0.00650554 -0.00315415
 -0.0288458  0.00650554           0 -0.00132515
 -0.0108642  0.00315415  0.00132515           0
Repeater1[0]<--->EndNode1[0]
REAL
    0.32987  0.00551375  -0.0037419   0.0176606
 0.00551375    0.154545 -0.00764722  0.00173923
 -0.0037419 -0.00764722    0.179221   0.0285316
  0.0176606  0.00173923   0.0285316    0.336364
IMAGINARY
          0   0.0144651   0.0166712 -0.00972891
 -0.0144651           0  -0.0157369  0.00863659
 -0.0166712   0.0157369           0  -0.0110451
 0.00972891 -0.00863659   0.0110451           0
Repeater1[0]<--->HoM1[0]
REAL
  0.332026 0.00991188 -0.0058828  0.0184793
0.00991188   0.186928 0.00728032 -0.0119508
-0.0058828 0.00728032   0.188235  0.0132057
 0.0184793 -0.0119508  0.0132057    0.29281
IMAGINARY
          0   0.0288458 -0.00196865   0.0108642
 -0.0288458           0  0.00650554 -0.00132515
 0.00196865 -0.00650554           0 -0.00315415
 -0.0108642  0.00132515  0.00315415           0
EndNode1[0]<--->Repeater1[0]
REAL
   0.337484  0.00564605 -0.00298013   0.0474761
 0.00564605    0.173101  0.00948591  0.00298013
-0.00298013  0.00948591    0.179328  0.00701217
  0.0474761  0.00298013  0.00701217    0.310087
IMAGINARY
          0  -0.0172123   0.0132789  0.00146151
  0.0172123           0 -0.00722335   0.0185839
 -0.0132789  0.00722335           0 -0.00607204
-0.00146151  -0.0185839  0.00607204           0
EndNode2[0]<--->HoM1[0]
REAL
   0.344784  -0.0131983 -0.00315735   0.0258477
