EndNode1[0]<--->Repeater1[0]
REAL
     0.4518  -0.0042628 0.000994496 -0.00558419
 -0.0042628     0.26597 0.000222261 0.000345987
0.000994496 0.000222261      0.1777   0.0203486
-0.00558419 0.000345987   0.0203486     0.10453
IMAGINARY
           0    0.0058444   0.00226305    0.0019685
  -0.0058444            0    0.0019685   0.00999501
 -0.00226305   -0.0019685            0 -3.79507e-05
  -0.0019685  -0.00999501  3.79507e-05            0
EndNode2[0]<--->HoM1[0]
REAL
   0.383439 -0.00106446   0.0214954   0.0141064
-0.00106446    0.206369  0.00882937 -0.00642335
  0.0214954  0.00882937     0.26242 -0.00483331
  0.0141064 -0.00642335 -0.00483331    0.147771
IMAGINARY
          0  0.00290993  0.00946015  0.00247974
-0.00290993           0 -0.00118775 -0.00814089
-0.00946015  0.00118775           0   0.0155597
-0.00247974  0.00814089  -0.0155597           0
Repeater1[0]<--->EndNode1[0]
REAL
     0.4518 0.000994496  -0.0042628 -0.00558419
0.000994496      0.1777 0.000222261   0.0203486
 -0.0042628 0.000222261     0.26597 0.000345987
-0.00558419   0.0203486 0.000345987     0.10453
IMAGINARY
           0   0.00226305    0.0058444    0.0019685
 -0.00226305            0   -0.0019685 -3.79507e-05
  -0.0058444    0.0019685            0   0.00999501
  -0.0019685  3.79507e-05  -0.00999501            0
Repeater1[0]<--->HoM1[0]
REAL
   0.383439   0.0214954 -0.00106446   0.0141064
  0.0214954     0.26242  0.00882937 -0.00483331
-0.00106446  0.00882937    0.206369 -0.00642335
  0.0141064 -0.00483331 -0.00642335    0.147771
IMAGINARY
          0  0.00946015  0.00290993  0.00247974
-0.00946015           0  0.00118775   0.0155597
-0.00290993 -0.00118775           0 -0.00814089
-0.00247974  -0.0155597  0.00814089           0
EndNode1[0]<--->Repeater1[0]
REAL
   0.448143  -0.0146879  -0.0153326 -0.00372126
 -0.0146879    0.277849  0.00433326 -0.00731121
 -0.0153326  0.00433326    0.169014   0.0116279
-0.00372126 -0.00731121   0.0116279    0.104994
IMAGINARY
          0  -0.0151797    0.008207   0.0133642
  0.0151797           0  0.00228206   0.0147174
  -0.008207 -0.00228206           0  -0.0151797
 -0.0133642  -0.0147174   0.0151797           0
EndNode2[0]<--->HoM1[0]
REAL
   0.414868  -0.0238179   0.0182137    0.016877
 -0.0238179    0.188249 0.000364415   0.0069852
  0.0182137 0.000364415    0.257794  0.00392402
   0.016877   0.0069852  0.00392402    0.139089
IMAGINARY
          0    0.001336   0.0192578  0.00261955
  -0.001336           0 -0.00131746  -0.0119922
 -0.0192578  0.00131746           0  0.00196651
-0.00261955   0.0119922 -0.00196651           0
Repeater1[0]<--->EndNode1[0]
REAL
   0.448143  -0.0153326  -0.0146879 -0.00372126
 -0.0153326    0.169014  0.00433326   0.0116279
 -0.0146879  0.00433326    0.277849 -0.00731121
-0.00372126   0.0116279 -0.00731121    0.104994
IMAGINARY
          0    0.008207  -0.0151797   0.0133642
  -0.008207           0 -0.00228206  -0.0151797
  0.0151797  0.00228206           0   0.0147174
 -0.0133642   0.0151797  -0.0147174           0
Repeater1[0]<--->HoM1[0]
REAL
   0.414868   0.0182137  -0.0238179    0.016877
  0.0182137    0.257794 0.000364415  0.00392402
 -0.0238179 0.000364415    0.188249   0.0069852
   0.016877  0.00392402   0.0069852    0.139089
IMAGINARY
          0   0.0192578    0.001336  0.00261955
 -0.0192578           0  0.00131746  0.00196651
  -0.001336 -0.00131746           0  -0.0119922
-0.00261955 -0.00196651   0.0119922           0
EndNode1[0]<--->Repeater1[0]
REAL
   0.421189   0.0136577   0.0382679   0.0327903
  0.0136577    0.271318 -0.00782226  -0.0171411
  0.0382679 -0.00782226    0.177003 -0.00149381
  0.0327903  -0.0171411 -0.00149381    0.130491
IMAGINARY
          0   0.0113549  -0.0073007  0.00540094
 -0.0113549           0  -0.0229009  0.00796648
  0.0073007   0.0229009           0    0.015942
-0.00540094 -0.00796648   -0.015942           0
EndNode2[0]<--->HoM1[0]
REAL
   0.415465   0.0117048  0.00874765   0.0233343
  0.0117048    0.179554 -0.00584338  0.00994957
 0.00874765 -0.00584338      0.2346   0.0142301
  0.0233343  0.00994957   0.0142301     0.17038
IMAGINARY
          0  -0.0185851  0.00860654 -0.00337633
  0.0185851           0   0.0252306   0.0139399
-0.00860654  -0.0252306           0 -0.00263504
 0.00337633  -0.0139399  0.00263504           0
Repeater1[0]<--->EndNode1[0]
REAL
   0.421189   0.0382679   0.0136577   0.0327903
  0.0382679    0.177003 -0.00782226 -0.00149381
  0.0136577 -0.00782226    0.271318  -0.0171411
  0.0327903 -0.00149381  -0.0171411    0.130491
IMAGINARY
          0  -0.0073007   0.0113549  0.00540094
  0.0073007           0   0.0229009    0.015942
 -0.0113549  -0.0229009           0  0.00796648
-0.00540094   -0.015942 -0.00796648           0
Repeater1[0]<--->HoM1[0]
REAL
   0.415465  0.00874765   0.0117048   0.0233343
 0.00874765      0.2346 -0.00584338   0.0142301
  0.0117048 -0.00584338    0.179554  0.00994957
  0.0233343   0.0142301  0.00994957     0.17038
IMAGINARY
          0  0.00860654  -0.0185851 -0.00337633
-0.00860654           0  -0.0252306 -0.00263504
  0.0185851   0.0252306           0   0.0139399
 0.00337633  0.00263504  -0.0139399           0
EndNode1[0]<--->Repeater1[0]
REAL
    0.448231    0.0137645    0.0173047    0.0214399
   0.0137645     0.268676 -0.000910067    0.0045496
   0.0173047 -0.000910067     0.165138   0.00808983
   0.0214399    0.0045496   0.00808983     0.117955
IMAGINARY
          0   -0.027446  -0.0333087    0.010653
   0.027446           0 -0.00141816 -0.00181263
  0.0333087  0.00141816           0  -0.0268325
  -0.010653  0.00181263   0.0268325           0
EndNode2[0]<--->HoM1[0]
REAL
   0.412615   0.0255264   -0.019081   0.0145369
  0.0255264    0.169514   0.0176195 -0.00803125
  -0.019081   0.0176195    0.247043 -0.00598041
  0.0145369 -0.00803125 -0.00598041    0.170828
IMAGINARY
          0 -0.00677652 -0.00129225   0.0115447
 0.00677652           0  -0.0166861  0.00190877
 0.00129225   0.0166861           0 -0.00617046
 -0.0115447 -0.00190877  0.00617046           0
Repeater1[0]<--->EndNode1[0]
REAL
    0.448231    0.0173047    0.0137645    0.0214399
   0.0173047     0.165138 -0.000910067   0.00808983
   0.0137645 -0.000910067     0.268676    0.0045496
   0.0214399   0.00808983    0.0045496     0.117955
IMAGINARY
          0  -0.0333087   -0.027446    0.010653
  0.0333087           0  0.00141816  -0.0268325
   0.027446 -0.00141816           0 -0.00181263
  -0.010653   0.0268325  0.00181263           0
Repeater1[0]<--->HoM1[0]
REAL
   0.412615   -0.019081   0.0255264   0.0145369
  -0.019081    0.247043   0.0176195 -0.00598041
  0.0255264   0.0176195    0.169514 -0.00803125
  0.0145369 -0.00598041 -0.00803125    0.170828
IMAGINARY
          0 -0.00129225 -0.00677652   0.0115447
 0.00129225           0   0.0166861 -0.00617046
 0.00677652  -0.0166861           0  0.00190877
 -0.0115447  0.00617046 -0.00190877           0
EndNode1[0]<--->Repeater1[0]
REAL
  0.432396   0.013988 0.00336142  0.0270539
  0.013988   0.310576 -0.0187525 -0.0154942
0.00336142 -0.0187525   0.139224 -0.0171808
 0.0270539 -0.0154942 -0.0171808   0.117805
IMAGINARY
          0 -0.00156636  0.00163804    0.014631
 0.00156636           0    0.014631 -0.00615417
-0.00163804   -0.014631           0   0.0009212
  -0.014631  0.00615417  -0.0009212           0
EndNode2[0]<--->HoM1[0]
REAL
  0.394052  0.0347617 0.00119651 0.00496817
 0.0347617   0.185874  0.0112026 -0.0238356
0.00119651  0.0112026   0.251549 -0.0289402
0.00496817 -0.0238356 -0.0289402   0.168525
IMAGINARY
          0  0.00452178   0.0197219  0.00619068
-0.00452178           0  -0.0186415  -0.0321907
 -0.0197219   0.0186415           0  -0.0169906
-0.00619068   0.0321907   0.0169906           0
Repeater1[0]<--->EndNode1[0]
REAL
  0.432396 0.00336142   0.013988  0.0270539
0.00336142   0.139224 -0.0187525 -0.0171808
  0.013988 -0.0187525   0.310576 -0.0154942
 0.0270539 -0.0171808 -0.0154942   0.117805
IMAGINARY
          0  0.00163804 -0.00156636    0.014631
-0.00163804           0   -0.014631   0.0009212
 0.00156636    0.014631           0 -0.00615417
  -0.014631  -0.0009212  0.00615417           0
Repeater1[0]<--->HoM1[0]
REAL
  0.394052 0.00119651  0.0347617 0.00496817
0.00119651   0.251549  0.0112026 -0.0289402
 0.0347617  0.0112026   0.185874 -0.0238356
0.00496817 -0.0289402 -0.0238356   0.168525
IMAGINARY
          0   0.0197219  0.00452178  0.00619068
 -0.0197219           0   0.0186415  -0.0169906
-0.00452178  -0.0186415           0  -0.0321907
-0.00619068   0.0169906   0.0321907           0
EndNode1[0]<--->Repeater1[0]
REAL
   0.426952   0.0183885  0.00571792 -0.00435615
  0.0183885    0.274559  -0.0115269  -0.0025413
 0.00571792  -0.0115269    0.177582   0.0254488
-0.00435615  -0.0025413   0.0254488    0.120907
IMAGINARY
          0 -0.00223053 -0.00486172   0.0112058
 0.00223053           0  -0.0124748 -0.00622042
 0.00486172   0.0124748           0  0.00809754
 -0.0112058  0.00622042 -0.00809754           0
EndNode2[0]<--->HoM1[0]
REAL
   0.446524  0.00319693 -0.00767263  -0.0181756
 0.00319693    0.185829 -0.00484228  0.00511509
-0.00767263 -0.00484228    0.225936  0.00319693
 -0.0181756  0.00511509  0.00319693    0.141711
IMAGINARY
          0  0.00706365 -0.00199754 -0.00571679
-0.00706365           0  0.00696679  0.00599754
 0.00199754 -0.00696679           0 -0.00173032
 0.00571679 -0.00599754  0.00173032           0
Repeater1[0]<--->EndNode1[0]
REAL
   0.426952  0.00571792   0.0183885 -0.00435615
 0.00571792    0.177582  -0.0115269   0.0254488
  0.0183885  -0.0115269    0.274559  -0.0025413
-0.00435615   0.0254488  -0.0025413    0.120907
IMAGINARY
          0 -0.00486172 -0.00223053   0.0112058
 0.00486172           0   0.0124748  0.00809754
 0.00223053  -0.0124748           0 -0.00622042
 -0.0112058 -0.00809754  0.00622042           0
Repeater1[0]<--->HoM1[0]
REAL
   0.446524 -0.00767263  0.00319693  -0.0181756
-0.00767263    0.225936 -0.00484228  0.00319693
 0.00319693 -0.00484228    0.185829  0.00511509
 -0.0181756  0.00319693  0.00511509    0.141711
IMAGINARY
          0 -0.00199754  0.00706365 -0.00571679
 0.00199754           0 -0.00696679 -0.00173032
-0.00706365  0.00696679           0  0.00599754
 0.00571679  0.00173032 -0.00599754           0
EndNode1[0]<--->Repeater1[0]
REAL
   0.464736 -0.00477076  -0.0029123  -0.0167138
-0.00477076     0.24937   0.0219494  -0.0154123
 -0.0029123   0.0219494    0.166247  -0.0187895
 -0.0167138  -0.0154123  -0.0187895    0.119647
IMAGINARY
          0 -0.00564834  0.00851021    0.012025
 0.00564834           0  0.00466224   0.0170468
-0.00851021 -0.00466224           0  0.00761426
  -0.012025  -0.0170468 -0.00761426           0
EndNode2[0]<--->HoM1[0]
REAL
   0.409091   0.0164569   0.0150892 -0.00767074
  0.0164569    0.203896   0.0132469  -0.0119913
  0.0150892   0.0132469    0.235065  0.00522836
-0.00767074  -0.0119913  0.00522836    0.151948
IMAGINARY
          0  -0.0327877  -0.0157864  0.00362077
  0.0327877           0  0.00740865  -0.0240247
  0.0157864 -0.00740865           0  -0.0191691
-0.00362077   0.0240247   0.0191691           0
Repeater1[0]<--->EndNode1[0]
REAL
   0.464736  -0.0029123 -0.00477076  -0.0167138
 -0.0029123    0.166247   0.0219494  -0.0187895
-0.00477076   0.0219494     0.24937  -0.0154123
 -0.0167138  -0.0187895  -0.0154123    0.119647
IMAGINARY
          0  0.00851021 -0.00564834    0.012025
-0.00851021           0 -0.00466224  0.00761426
 0.00564834  0.00466224           0   0.0170468
  -0.012025 -0.00761426  -0.0170468           0
Repeater1[0]<--->HoM1[0]
REAL
   0.409091   0.0150892   0.0164569 -0.00767074
  0.0150892    0.235065   0.0132469  0.00522836
  0.0164569   0.0132469    0.203896  -0.0119913
-0.00767074  0.00522836  -0.0119913    0.151948
IMAGINARY
          0  -0.0157864  -0.0327877  0.00362077
  0.0157864           0 -0.00740865  -0.0191691
  0.0327877  0.00740865           0  -0.0240247
-0.00362077   0.0191691   0.0240247           0
EndNode1[0]<--->Repeater1[0]
REAL
    0.448718   0.00543624   -0.0185493   -0.0187954
  0.00543624     0.262821    0.0131774 -0.000801477
  -0.0185493    0.0131774     0.167949   -0.0135511
  -0.0187954 -0.000801477   -0.0135511     0.120513
IMAGINARY
          0   0.0113899    0.004451 -0.00138396
 -0.0113899           0 -0.00200817  0.00575308
  -0.004451  0.00200817           0  0.00425633
 0.00138396 -0.00575308 -0.00425633           0
EndNode2[0]<--->HoM1[0]
REAL
   0.419847   0.0263755  -0.0118285  -0.0107145
  0.0263755    0.178117  0.00108676 -0.00165035
 -0.0118285  0.00108676    0.248092  0.00250769
 -0.0107145 -0.00165035  0.00250769    0.153944
IMAGINARY
           0  -0.00500772   -0.0133711  -0.00601072
  0.00500772            0   0.00198928  0.000327576
   0.0133711  -0.00198928            0    0.0105978
  0.00601072 -0.000327576   -0.0105978            0
Repeater1[0]<--->EndNode1[0]
REAL
    0.448718   -0.0185493   0.00543624   -0.0187954
  -0.0185493     0.167949    0.0131774   -0.0135511
  0.00543624    0.0131774     0.262821 -0.000801477
  -0.0187954   -0.0135511 -0.000801477     0.120513
IMAGINARY
          0    0.004451   0.0113899 -0.00138396
  -0.004451           0  0.00200817  0.00425633
 -0.0113899 -0.00200817           0  0.00575308
 0.00138396 -0.00425633 -0.00575308           0
Repeater1[0]<--->HoM1[0]
REAL
   0.419847  -0.0118285   0.0263755  -0.0107145
 -0.0118285    0.248092  0.00108676  0.00250769
  0.0263755  0.00108676    0.178117 -0.00165035
 -0.0107145  0.00250769 -0.00165035    0.153944
IMAGINARY
           0   -0.0133711  -0.00500772  -0.00601072
   0.0133711            0  -0.00198928    0.0105978
  0.00500772   0.00198928            0  0.000327576
  0.00601072   -0.0105978 -0.000327576            0
EndNode1[0]<--->Repeater1[0]
REAL
    0.458856   -0.0185314   -0.0125995    0.0199713
  -0.0185314     0.280335 -7.73517e-05   -0.0125995
  -0.0125995 -7.73517e-05     0.150628   -0.0146251
   0.0199713   -0.0125995   -0.0146251     0.110181
IMAGINARY
          0  0.00447214  0.00785555  0.00172256
-0.00447214           0   0.0104726   0.0194835
-0.00785555  -0.0104726           0  -0.0135851
-0.00172256  -0.0194835   0.0135851           0
EndNode2[0]<--->HoM1[0]
REAL
   0.395604    0.030559 -0.00486602  -0.0163181
   0.030559    0.200244  -0.0252467    0.012201
-0.00486602  -0.0252467    0.272283   0.0244532
 -0.0163181    0.012201   0.0244532    0.131868
IMAGINARY
           0   -0.0165875   -0.0115798 -0.000589916
   0.0165875            0    0.0183495  -0.00372636
   0.0115798   -0.0183495            0   0.00765891
 0.000589916   0.00372636  -0.00765891            0
Repeater1[0]<--->EndNode1[0]
REAL
    0.458856   -0.0125995   -0.0185314    0.0199713
  -0.0125995     0.150628 -7.73517e-05   -0.0146251
  -0.0185314 -7.73517e-05     0.280335   -0.0125995
   0.0199713   -0.0146251   -0.0125995     0.110181
IMAGINARY
          0  0.00785555  0.00447214  0.00172256
-0.00785555           0  -0.0104726  -0.0135851
-0.00447214   0.0104726           0   0.0194835
-0.00172256   0.0135851  -0.0194835           0
Repeater1[0]<--->HoM1[0]
REAL
   0.395604 -0.00486602    0.030559  -0.0163181
-0.00486602    0.272283  -0.0252467   0.0244532
   0.030559  -0.0252467    0.200244    0.012201
 -0.0163181   0.0244532    0.012201    0.131868
IMAGINARY
           0   -0.0115798   -0.0165875 -0.000589916
   0.0115798            0   -0.0183495   0.00765891
   0.0165875    0.0183495            0  -0.00372636
 0.000589916  -0.00765891   0.00372636            0
EndNode1[0]<--->Repeater1[0]
REAL
    0.451852   -0.0049558 -0.000233022    0.0179609
  -0.0049558     0.277778   -0.0284872   -0.0221354
-0.000233022   -0.0284872     0.161728   -0.0068863
   0.0179609   -0.0221354   -0.0068863     0.108642
IMAGINARY
          0   0.0124674  -0.0156806   0.0125326
 -0.0124674           0 -0.00258231  0.00611776
  0.0156806  0.00258231           0   0.0025599
 -0.0125326 -0.00611776  -0.0025599           0
EndNode2[0]<--->HoM1[0]
REAL
   0.450667 0.000427931  -0.0146081   0.0110802
0.000427931    0.170667  -0.0199634  -0.0158488
 -0.0146081  -0.0199634       0.216   0.0236837
  0.0110802  -0.0158488   0.0236837    0.162667
IMAGINARY
          0  0.00623001  0.00976222  -0.0026274
-0.00623001           0  -0.0012687  -0.0302378
-0.00976222   0.0012687           0  -0.0029275
  0.0026274   0.0302378   0.0029275           0
Repeater1[0]<--->EndNode1[0]
REAL
    0.451852 -0.000233022   -0.0049558    0.0179609
-0.000233022     0.161728   -0.0284872   -0.0068863
  -0.0049558   -0.0284872     0.277778   -0.0221354
   0.0179609   -0.0068863   -0.0221354     0.108642
IMAGINARY
          0  -0.0156806   0.0124674   0.0125326
  0.0156806           0  0.00258231   0.0025599
 -0.0124674 -0.00258231           0  0.00611776
 -0.0125326  -0.0025599 -0.00611776           0
Repeater1[0]<--->HoM1[0]
REAL
   0.450667  -0.0146081 0.000427931   0.0110802
 -0.0146081       0.216  -0.0199634   0.0236837
0.000427931  -0.0199634    0.170667  -0.0158488
  0.0110802   0.0236837  -0.0158488    0.162667
IMAGINARY
          0  0.00976222  0.00623001  -0.0026274
-0.00976222           0   0.0012687  -0.0029275
-0.00623001  -0.0012687           0  -0.0302378
  0.0026274   0.0029275   0.0302378           0
EndNode1[0]<--->Repeater1[0]
REAL
   0.438692   0.0060791 -0.00519732   0.0361791
  0.0060791    0.282016  0.00645653 -0.00772257
-0.00519732  0.00645653     0.16485   0.0197607
  0.0361791 -0.00772257   0.0197607    0.114441
IMAGINARY
          0   0.0163495   0.0141705   0.0104259
 -0.0163495           0   0.0043366   0.0049841
 -0.0141705  -0.0043366           0  0.00412602
 -0.0104259  -0.0049841 -0.00412602           0
EndNode2[0]<--->HoM1[0]
REAL
   0.430809 -0.00638729  -0.0246028  0.00173305
-0.00638729     0.17624   0.0289575 0.000306097
 -0.0246028   0.0289575    0.240209 -0.00895798
 0.00173305 0.000306097 -0.00895798    0.152742
IMAGINARY
          0   0.0128797  0.00113317  0.00193838
 -0.0128797           0  2.7548e-05  0.00617095
-0.00113317 -2.7548e-05           0  -0.0215118
-0.00193838 -0.00617095   0.0215118           0
Repeater1[0]<--->EndNode1[0]
REAL
   0.438692 -0.00519732   0.0060791   0.0361791
-0.00519732     0.16485  0.00645653   0.0197607
  0.0060791  0.00645653    0.282016 -0.00772257
  0.0361791   0.0197607 -0.00772257    0.114441
IMAGINARY
          0   0.0141705   0.0163495   0.0104259
 -0.0141705           0  -0.0043366  0.00412602
 -0.0163495   0.0043366           0   0.0049841
 -0.0104259 -0.00412602  -0.0049841           0
Repeater1[0]<--->HoM1[0]
REAL
   0.430809  -0.0246028 -0.00638729  0.00173305
 -0.0246028    0.240209   0.0289575 -0.00895798
-0.00638729   0.0289575     0.17624 0.000306097
 0.00173305 -0.00895798 0.000306097    0.152742
IMAGINARY
          0  0.00113317   0.0128797  0.00193838
-0.00113317           0 -2.7548e-05  -0.0215118
 -0.0128797  2.7548e-05           0  0.00617095
-0.00193838   0.0215118 -0.00617095           0
EndNode1[0]<--->Repeater1[0]
REAL
   0.416877 -0.00406957  -0.0100914   0.0293007
-0.00406957     0.27204 -0.00618315  0.00150483
 -0.0100914 -0.00618315    0.198992  0.00208806
  0.0293007  0.00150483  0.00208806    0.112091
IMAGINARY
           0   -0.0072379   -0.0183647  -0.00932465
   0.0072379            0 -0.000576336  -0.00679658
   0.0183647  0.000576336            0    0.0040121
  0.00932465   0.00679658   -0.0040121            0
EndNode2[0]<--->HoM1[0]
REAL
     0.4047  0.00794304  -0.0166529   0.0240885
 0.00794304    0.201044  0.00846354  -0.0198055
 -0.0166529  0.00846354    0.223238 -0.00403679
  0.0240885  -0.0198055 -0.00403679    0.171018
IMAGINARY
          0  -0.0117301  0.00557961  -0.0146134
  0.0117301           0  0.00241825  0.00223289
-0.00557961 -0.00241825           0  0.00131341
  0.0146134 -0.00223289 -0.00131341           0
Repeater1[0]<--->EndNode1[0]
REAL
   0.416877  -0.0100914 -0.00406957   0.0293007
 -0.0100914    0.198992 -0.00618315  0.00208806
-0.00406957 -0.00618315     0.27204  0.00150483
  0.0293007  0.00208806  0.00150483    0.112091
IMAGINARY
           0   -0.0183647   -0.0072379  -0.00932465
   0.0183647            0  0.000576336    0.0040121
   0.0072379 -0.000576336            0  -0.00679658
  0.00932465   -0.0040121   0.00679658            0
Repeater1[0]<--->HoM1[0]
REAL
     0.4047  -0.0166529  0.00794304   0.0240885
 -0.0166529    0.223238  0.00846354 -0.00403679
 0.00794304  0.00846354    0.201044  -0.0198055
  0.0240885 -0.00403679  -0.0198055    0.171018
IMAGINARY
          0  0.00557961  -0.0117301  -0.0146134
-0.00557961           0 -0.00241825  0.00131341
  0.0117301  0.00241825           0  0.00223289
  0.0146134 -0.00131341 -0.00223289           0
EndNode1[0]<--->Repeater1[0]
REAL
   0.440764  0.00224072  -0.0050043 0.000373172
 0.00224072    0.277707  -0.0035742  -0.0225245
 -0.0050043  -0.0035742    0.166879  0.00224072
0.000373172  -0.0225245  0.00224072     0.11465
IMAGINARY
           0  -0.00487108   0.00992154    0.0200467
  0.00487108            0 -0.000992864  0.000604773
 -0.00992154  0.000992864            0   -0.0174973
  -0.0200467 -0.000604773    0.0174973            0
EndNode2[0]<--->HoM1[0]
REAL
  0.399015 -0.0190736  0.0131536  0.0223116
-0.0190736   0.166256 0.00821761 -0.0111183
 0.0131536 0.00821761   0.274631   0.010254
 0.0223116 -0.0111183   0.010254   0.160099
IMAGINARY
          0  -0.0254992 -0.00395911   -0.027208
  0.0254992           0  -0.0191335  0.00865709
 0.00395911   0.0191335           0   -0.008729
   0.027208 -0.00865709    0.008729           0
Repeater1[0]<--->EndNode1[0]
REAL
   0.440764  -0.0050043  0.00224072 0.000373172
 -0.0050043    0.166879  -0.0035742  0.00224072
 0.00224072  -0.0035742    0.277707  -0.0225245
0.000373172  0.00224072  -0.0225245     0.11465
IMAGINARY
           0   0.00992154  -0.00487108    0.0200467
 -0.00992154            0  0.000992864   -0.0174973
  0.00487108 -0.000992864            0  0.000604773
  -0.0200467    0.0174973 -0.000604773            0
Repeater1[0]<--->HoM1[0]
REAL
  0.399015  0.0131536 -0.0190736  0.0223116
 0.0131536   0.274631 0.00821761   0.010254
-0.0190736 0.00821761   0.166256 -0.0111183
 0.0223116   0.010254 -0.0111183   0.160099
IMAGINARY
          0 -0.00395911  -0.0254992   -0.027208
 0.00395911           0   0.0191335   -0.008729
  0.0254992  -0.0191335           0  0.00865709
   0.027208    0.008729 -0.00865709           0
EndNode1[0]<--->Repeater1[0]
REAL
   0.448733 -0.00223393   0.0150602   0.0210485
-0.00223393    0.273824   0.0278136   0.0150602
  0.0150602   0.0278136    0.165259  0.00959671
  0.0210485   0.0150602  0.00959671    0.112183
IMAGINARY
           0  -0.00891235  0.000410824 -0.000437256
  0.00891235            0  -0.00684751  -0.00225584
-0.000410824   0.00684751            0   0.00091727
 0.000437256   0.00225584  -0.00091727            0
EndNode2[0]<--->HoM1[0]
REAL
    0.423529   0.00074224  -0.00522225   -0.0206999
  0.00074224     0.168627    0.0128052 -4.09054e-05
 -0.00522225    0.0128052     0.252288    0.0071525
  -0.0206999 -4.09054e-05    0.0071525     0.155556
IMAGINARY
          0  0.00831604  0.00622419   0.0113434
-0.00831604           0   0.0139341  -0.0126675
-0.00622419  -0.0139341           0   0.0239005
 -0.0113434   0.0126675  -0.0239005           0
Repeater1[0]<--->EndNode1[0]
REAL
   0.448733   0.0150602 -0.00223393   0.0210485
  0.0150602    0.165259   0.0278136  0.00959671
-0.00223393   0.0278136    0.273824   0.0150602
  0.0210485  0.00959671   0.0150602    0.112183
IMAGINARY
           0  0.000410824  -0.00891235 -0.000437256
-0.000410824            0   0.00684751   0.00091727
  0.00891235  -0.00684751            0  -0.00225584
 0.000437256  -0.00091727   0.00225584            0
Repeater1[0]<--->HoM1[0]
REAL
    0.423529  -0.00522225   0.00074224   -0.0206999
 -0.00522225     0.252288    0.0128052    0.0071525
  0.00074224    0.0128052     0.168627 -4.09054e-05
  -0.0206999    0.0071525 -4.09054e-05     0.155556
IMAGINARY
          0  0.00622419  0.00831604   0.0113434
-0.00622419           0  -0.0139341   0.0239005
-0.00831604   0.0139341           0  -0.0126675
 -0.0113434  -0.0239005   0.0126675           0
EndNode1[0]<--->Repeater1[0]
REAL
   0.424318  -0.0331363  0.00249486  0.00128852
 -0.0331363    0.264268 -0.00564717   0.0105811
 0.00249486 -0.00564717    0.198511   0.0175697
 0.00128852   0.0105811   0.0175697    0.112903
IMAGINARY
           0   -0.0053409   0.00534751   -0.0118894
   0.0053409            0    0.0106106 -0.000933894
 -0.00534751   -0.0106106            0  -0.00033375
   0.0118894  0.000933894   0.00033375            0
EndNode2[0]<--->HoM1[0]
REAL
   0.408917 -0.00174904  -0.0094759     0.02286
-0.00174904    0.187261 -0.00902602   0.0206748
 -0.0094759 -0.00902602    0.254777   -0.012085
    0.02286   0.0206748   -0.012085    0.149045
IMAGINARY
           0  -0.00163791   -0.0110379  -0.00153117
  0.00163791            0   -0.0234384  -0.00592278
   0.0110379    0.0234384            0  0.000959488
  0.00153117   0.00592278 -0.000959488            0
Repeater1[0]<--->EndNode1[0]
REAL
   0.424318  0.00249486  -0.0331363  0.00128852
 0.00249486    0.198511 -0.00564717   0.0175697
 -0.0331363 -0.00564717    0.264268   0.0105811
 0.00128852   0.0175697   0.0105811    0.112903
IMAGINARY
           0   0.00534751   -0.0053409   -0.0118894
 -0.00534751            0   -0.0106106  -0.00033375
   0.0053409    0.0106106            0 -0.000933894
   0.0118894   0.00033375  0.000933894            0
Repeater1[0]<--->HoM1[0]
REAL
   0.408917  -0.0094759 -0.00174904     0.02286
 -0.0094759    0.254777 -0.00902602   -0.012085
-0.00174904 -0.00902602    0.187261   0.0206748
    0.02286   -0.012085   0.0206748    0.149045
IMAGINARY
           0   -0.0110379  -0.00163791  -0.00153117
   0.0110379            0    0.0234384  0.000959488
  0.00163791   -0.0234384            0  -0.00592278
  0.00153117 -0.000959488   0.00592278            0
EndNode1[0]<--->Repeater1[0]
REAL
  0.437884 0.00720807  0.0166975 0.00808247
0.00720807   0.266913 0.00229097  0.0227216
 0.0166975 0.00229097   0.189422  0.0045485
0.00808247  0.0227216  0.0045485   0.105781
IMAGINARY
           0  -0.00957308   0.00783657    0.0195173
  0.00957308            0 -0.000850635   -0.0136281
 -0.00783657  0.000850635            0    0.0153646
  -0.0195173    0.0136281   -0.0153646            0
EndNode2[0]<--->HoM1[0]
REAL
    0.43433  0.00500113  -0.0146645   0.0052735
 0.00500113    0.191157  -0.0171337  -0.0234129
 -0.0146645  -0.0171337    0.218466 -0.00812223
  0.0052735  -0.0234129 -0.00812223    0.156047
IMAGINARY
           0    0.0259984 -0.000897624    0.0122159
  -0.0259984            0   -0.0179194  -0.00742504
 0.000897624    0.0179194            0   0.00409121
  -0.0122159   0.00742504  -0.00409121            0
Repeater1[0]<--->EndNode1[0]
REAL
  0.437884  0.0166975 0.00720807 0.00808247
 0.0166975   0.189422 0.00229097  0.0045485
0.00720807 0.00229097   0.266913  0.0227216
0.00808247  0.0045485  0.0227216   0.105781
IMAGINARY
           0   0.00783657  -0.00957308    0.0195173
 -0.00783657            0  0.000850635    0.0153646
  0.00957308 -0.000850635            0   -0.0136281
  -0.0195173   -0.0153646    0.0136281            0
Repeater1[0]<--->HoM1[0]
REAL
    0.43433  -0.0146645  0.00500113   0.0052735
 -0.0146645    0.218466  -0.0171337 -0.00812223
 0.00500113  -0.0171337    0.191157  -0.0234129
  0.0052735 -0.00812223  -0.0234129    0.156047
IMAGINARY
           0 -0.000897624    0.0259984    0.0122159
 0.000897624            0    0.0179194   0.00409121
  -0.0259984   -0.0179194            0  -0.00742504
  -0.0122159  -0.00409121   0.00742504            0
EndNode1[0]<--->Repeater1[0]
REAL
   0.418726   0.0235935    0.008003 -0.00372951
  0.0235935    0.287386  0.00306901   0.0230406
   0.008003  0.00306901    0.182055  0.00612908
-0.00372951   0.0230406  0.00612908    0.111834
IMAGINARY
           0 -0.000431908   0.00994458   -0.0147192
 0.000431908            0    0.0121485    0.0277563
 -0.00994458   -0.0121485            0   -0.0076027
   0.0147192   -0.0277563    0.0076027            0
EndNode2[0]<--->HoM1[0]
REAL
   0.403417   0.0106836 -0.00539015   0.0312017
  0.0106836    0.180026  -0.0293476  0.00848039
-0.00539015  -0.0293476    0.229961  0.00353147
  0.0312017  0.00848039  0.00353147    0.186597
IMAGINARY
           0   -0.0133297  -0.00502268  0.000647668
   0.0133297            0  -0.00194301  -0.00309218
  0.00502268   0.00194301            0   -0.0210024
-0.000647668   0.00309218    0.0210024            0
Repeater1[0]<--->EndNode1[0]
REAL
   0.418726    0.008003   0.0235935 -0.00372951
   0.008003    0.182055  0.00306901  0.00612908
  0.0235935  0.00306901    0.287386   0.0230406
-0.00372951  0.00612908   0.0230406    0.111834
IMAGINARY
           0   0.00994458 -0.000431908   -0.0147192
 -0.00994458            0   -0.0121485   -0.0076027
 0.000431908    0.0121485            0    0.0277563
   0.0147192    0.0076027   -0.0277563            0
Repeater1[0]<--->HoM1[0]
REAL
   0.403417 -0.00539015   0.0106836   0.0312017
-0.00539015    0.229961  -0.0293476  0.00353147
  0.0106836  -0.0293476    0.180026  0.00848039
  0.0312017  0.00353147  0.00848039    0.186597
IMAGINARY
           0  -0.00502268   -0.0133297  0.000647668
  0.00502268            0   0.00194301   -0.0210024
   0.0133297  -0.00194301            0  -0.00309218
-0.000647668    0.0210024   0.00309218            0
EndNode1[0]<--->Repeater1[0]
REAL
    0.446154 -0.000663942   0.00690667    0.0166977
-0.000663942     0.292308   -0.0212849   -0.0010089
  0.00690667   -0.0212849     0.148718   0.00262987
   0.0166977   -0.0010089   0.00262987     0.112821
IMAGINARY
          0 -0.00286347 -0.00829607 -0.00115864
 0.00286347           0 -0.00763533  0.00518275
 0.00829607  0.00763533           0  0.00473147
 0.00115864 -0.00518275 -0.00473147           0
EndNode2[0]<--->HoM1[0]
REAL
   0.405141   0.0102364  0.00954198 -0.00826972
  0.0102364    0.192166 -0.00572519  -0.0273537
 0.00954198 -0.00572519    0.246022 -0.00769188
-0.00826972  -0.0273537 -0.00769188    0.156671
IMAGINARY
           0  8.65543e-05   0.00156359   0.00127357
-8.65543e-05            0   0.00258247   0.00479774
 -0.00156359  -0.00258247            0    0.0126361
 -0.00127357  -0.00479774   -0.0126361            0
Repeater1[0]<--->EndNode1[0]
REAL
    0.446154   0.00690667 -0.000663942    0.0166977
  0.00690667     0.148718   -0.0212849   0.00262987
-0.000663942   -0.0212849     0.292308   -0.0010089
   0.0166977   0.00262987   -0.0010089     0.112821
IMAGINARY
          0 -0.00829607 -0.00286347 -0.00115864
 0.00829607           0  0.00763533  0.00473147
 0.00286347 -0.00763533           0  0.00518275
 0.00115864 -0.00473147 -0.00518275           0
Repeater1[0]<--->HoM1[0]
REAL
   0.405141  0.00954198   0.0102364 -0.00826972
 0.00954198    0.246022 -0.00572519 -0.00769188
  0.0102364 -0.00572519    0.192166  -0.0273537
-0.00826972 -0.00769188  -0.0273537    0.156671
IMAGINARY
           0   0.00156359  8.65543e-05   0.00127357
 -0.00156359            0  -0.00258247    0.0126361
-8.65543e-05   0.00258247            0   0.00479774
 -0.00127357   -0.0126361  -0.00479774            0
EndNode1[0]<--->Repeater1[0]
REAL
   0.456051  -0.0141535  0.00259993   0.0112994
 -0.0141535    0.261146  0.00152108 -0.00772814
 0.00259993  0.00152108     0.17707   0.0090253
  0.0112994 -0.00772814   0.0090253    0.105732
IMAGINARY
          0   0.0127298 -0.00543492  -0.0159214
 -0.0127298           0  -0.0133374  -0.0265077
 0.00543492   0.0133374           0  0.00356748
  0.0159214   0.0265077 -0.00356748           0
EndNode2[0]<--->HoM1[0]
REAL
   0.403465 -0.00234715 -0.00688318  0.00968295
-0.00234715    0.184406 -0.00365885  0.00755252
-0.00688318 -0.00365885    0.232673 -0.00367694
 0.00968295  0.00755252 -0.00367694    0.179455
IMAGINARY
          0 -0.00220662 -0.00486097  0.00694222
 0.00220662           0 -0.00129605  0.00676694
 0.00486097  0.00129605           0  -0.0111352
-0.00694222 -0.00676694   0.0111352           0
Repeater1[0]<--->EndNode1[0]
REAL
   0.456051  0.00259993  -0.0141535   0.0112994
 0.00259993     0.17707  0.00152108   0.0090253
 -0.0141535  0.00152108    0.261146 -0.00772814
  0.0112994   0.0090253 -0.00772814    0.105732
IMAGINARY
          0 -0.00543492   0.0127298  -0.0159214
 0.00543492           0   0.0133374  0.00356748
 -0.0127298  -0.0133374           0  -0.0265077
  0.0159214 -0.00356748   0.0265077           0
Repeater1[0]<--->HoM1[0]
REAL
   0.403465 -0.00688318 -0.00234715  0.00968295
-0.00688318    0.232673 -0.00365885 -0.00367694
-0.00234715 -0.00365885    0.184406  0.00755252
 0.00968295 -0.00367694  0.00755252    0.179455
IMAGINARY
          0 -0.00486097 -0.00220662  0.00694222
 0.00486097           0  0.00129605  -0.0111352
 0.00220662 -0.00129605           0  0.00676694
-0.00694222   0.0111352 -0.00676694           0
EndNode1[0]<--->Repeater1[0]
REAL
  0.420103 0.00710672 -0.0133411 0.00637886
0.00710672   0.279639 -0.0109067 -0.0183536
-0.0133411 -0.0109067   0.186856  0.0103577
0.00637886 -0.0183536  0.0103577   0.113402
IMAGINARY
          0  0.00736318 -0.00918109  0.00300659
-0.00736318           0  0.00162918  0.00982129
 0.00918109 -0.00162918           0  0.00608113
-0.00300659 -0.00982129 -0.00608113           0
EndNode2[0]<--->HoM1[0]
REAL
   0.386889 -0.00312801  -0.0101266   0.0119667
-0.00312801    0.209512  -0.0133108   0.0101266
 -0.0101266  -0.0133108     0.25964 -0.00628059
  0.0119667   0.0101266 -0.00628059    0.143959
IMAGINARY
          0  -0.0198975   0.0173738  0.00773192
  0.0198975           0 -0.00574517   0.0054375
 -0.0173738  0.00574517           0   0.0131157
-0.00773192  -0.0054375  -0.0131157           0
Repeater1[0]<--->EndNode1[0]
REAL
  0.420103 -0.0133411 0.00710672 0.00637886
-0.0133411   0.186856 -0.0109067  0.0103577
0.00710672 -0.0109067   0.279639 -0.0183536
0.00637886  0.0103577 -0.0183536   0.113402
IMAGINARY
          0 -0.00918109  0.00736318  0.00300659
 0.00918109           0 -0.00162918  0.00608113
-0.00736318  0.00162918           0  0.00982129
-0.00300659 -0.00608113 -0.00982129           0
Repeater1[0]<--->HoM1[0]
REAL
   0.386889  -0.0101266 -0.00312801   0.0119667
 -0.0101266     0.25964  -0.0133108 -0.00628059
-0.00312801  -0.0133108    0.209512   0.0101266
  0.0119667 -0.00628059   0.0101266    0.143959
IMAGINARY
          0   0.0173738  -0.0198975  0.00773192
 -0.0173738           0  0.00574517   0.0131157
  0.0198975 -0.00574517           0   0.0054375
-0.00773192  -0.0131157  -0.0054375           0
