EndNode1[0]<--->Repeater1[0]
REAL
   0.386076  0.00318787 -0.00307882    0.258804
 0.00318787    0.139241   0.0150855  -0.0056695
-0.00307882   0.0150855    0.103797  0.00959813
   0.258804  -0.0056695  0.00959813    0.370886
IMAGINARY
          0    0.019434   0.0109932  -0.0177174
  -0.019434           0  -0.0070222   0.0241827
 -0.0109932   0.0070222           0  0.00317909
  0.0177174  -0.0241827 -0.00317909           0
EndNode2[0]<--->HoM1[0]
REAL
   0.402868   0.0130849  -0.0249245    0.243244
  0.0130849   0.0873533   0.0134102 -0.00612749
 -0.0249245   0.0134102    0.116037  -0.0162534
   0.243244 -0.00612749  -0.0162534    0.393742
IMAGINARY
          0  -0.0183446    0.012215   0.0179019
  0.0183446           0   0.0105309 -0.00773354
  -0.012215  -0.0105309           0  -0.0130254
 -0.0179019  0.00773354   0.0130254           0
Repeater1[0]<--->EndNode1[0]
REAL
   0.386076 -0.00307882  0.00318787    0.258804
-0.00307882    0.103797   0.0150855  0.00959813
 0.00318787   0.0150855    0.139241  -0.0056695
   0.258804  0.00959813  -0.0056695    0.370886
IMAGINARY
          0   0.0109932    0.019434  -0.0177174
 -0.0109932           0   0.0070222  0.00317909
  -0.019434  -0.0070222           0   0.0241827
  0.0177174 -0.00317909  -0.0241827           0
Repeater1[0]<--->HoM1[0]
REAL
   0.402868  -0.0249245   0.0130849    0.243244
 -0.0249245    0.116037   0.0134102  -0.0162534
  0.0130849   0.0134102   0.0873533 -0.00612749
   0.243244  -0.0162534 -0.00612749    0.393742
IMAGINARY
          0    0.012215  -0.0183446   0.0179019
  -0.012215           0  -0.0105309  -0.0130254
  0.0183446   0.0105309           0 -0.00773354
 -0.0179019   0.0130254  0.00773354           0
EndNode1[0]<--->Repeater1[0]
REAL
   0.400494 -0.00920207  -0.0177938    0.243532
-0.00920207    0.123609   0.0342456  0.00131028
 -0.0177938   0.0342456   0.0852905 -0.00728145
   0.243532  0.00131028 -0.00728145    0.390606
IMAGINARY
          0  -0.0124598  0.00529267  -0.0093464
  0.0124598           0   0.0137712 -0.00596561
-0.00529267  -0.0137712           0    0.010441
  0.0093464  0.00596561   -0.010441           0
EndNode2[0]<--->HoM1[0]
REAL
    0.405759   -0.0164501 -0.000201863     0.251906
  -0.0164501     0.116492    0.0179732  -0.00943669
-0.000201863    0.0179732     0.104712  -0.00403181
    0.251906  -0.00943669  -0.00403181     0.373037
IMAGINARY
          0  0.00340957  0.00191319  0.00556529
-0.00340957           0 -0.00811631 -0.00962527
-0.00191319  0.00811631           0  0.00815855
-0.00556529  0.00962527 -0.00815855           0
Repeater1[0]<--->EndNode1[0]
REAL
   0.400494  -0.0177938 -0.00920207    0.243532
 -0.0177938   0.0852905   0.0342456 -0.00728145
-0.00920207   0.0342456    0.123609  0.00131028
   0.243532 -0.00728145  0.00131028    0.390606
IMAGINARY
          0  0.00529267  -0.0124598  -0.0093464
-0.00529267           0  -0.0137712    0.010441
  0.0124598   0.0137712           0 -0.00596561
  0.0093464   -0.010441  0.00596561           0
Repeater1[0]<--->HoM1[0]
REAL
    0.405759 -0.000201863   -0.0164501     0.251906
-0.000201863     0.104712    0.0179732  -0.00403181
  -0.0164501    0.0179732     0.116492  -0.00943669
    0.251906  -0.00403181  -0.00943669     0.373037
IMAGINARY
          0  0.00191319  0.00340957  0.00556529
-0.00191319           0  0.00811631  0.00815855
-0.00340957 -0.00811631           0 -0.00962527
-0.00556529 -0.00815855  0.00962527           0
EndNode1[0]<--->Repeater1[0]
REAL
   0.390013 -0.00883152 0.000513432    0.243957
-0.00883152    0.118758     0.04001  -0.0195352
0.000513432     0.04001   0.0958165 -0.00883152
   0.243957  -0.0195352 -0.00883152    0.395412
IMAGINARY
          0  0.00603084   0.0049463 -0.00740741
-0.00603084           0  0.00740741  0.00558001
 -0.0049463 -0.00740741           0 -0.00471505
 0.00740741 -0.00558001  0.00471505           0
EndNode2[0]<--->HoM1[0]
REAL
   0.384067   0.0161312 -0.00235126    0.252623
  0.0161312    0.110583   0.0471096 -0.00365675
-0.00235126   0.0471096    0.112961  0.00456307
   0.252623 -0.00365675  0.00456307     0.39239
IMAGINARY
          0  -0.0199044   0.0249985  0.00634077
  0.0199044           0    0.017599 -0.00118903
 -0.0249985   -0.017599           0  -0.0126771
-0.00634077  0.00118903   0.0126771           0
Repeater1[0]<--->EndNode1[0]
REAL
   0.390013 0.000513432 -0.00883152    0.243957
0.000513432   0.0958165     0.04001 -0.00883152
-0.00883152     0.04001    0.118758  -0.0195352
   0.243957 -0.00883152  -0.0195352    0.395412
IMAGINARY
          0   0.0049463  0.00603084 -0.00740741
 -0.0049463           0 -0.00740741 -0.00471505
-0.00603084  0.00740741           0  0.00558001
 0.00740741  0.00471505 -0.00558001           0
Repeater1[0]<--->HoM1[0]
REAL
   0.384067 -0.00235126   0.0161312    0.252623
-0.00235126    0.112961   0.0471096  0.00456307
  0.0161312   0.0471096    0.110583 -0.00365675
   0.252623  0.00456307 -0.00365675     0.39239
IMAGINARY
          0   0.0249985  -0.0199044  0.00634077
 -0.0249985           0   -0.017599  -0.0126771
  0.0199044    0.017599           0 -0.00118903
-0.00634077   0.0126771  0.00118903           0
EndNode1[0]<--->Repeater1[0]
REAL
   0.391134   0.0122121   0.0053971    0.230875
  0.0122121   0.0938722   0.0481948 -0.00152114
  0.0053971   0.0481948    0.104302 -0.00704417
   0.230875 -0.00152114 -0.00704417    0.410691
IMAGINARY
          0 -0.00293795    0.010898  0.00131566
 0.00293795           0 -0.00521176    0.017547
  -0.010898  0.00521176           0 -0.00654372
-0.00131566   -0.017547  0.00654372           0
EndNode2[0]<--->HoM1[0]
REAL
   0.402813   0.0310066 -0.00845276    0.252483
  0.0310066    0.112532   0.0412329  -0.0270664
-0.00845276   0.0412329    0.108696   -0.013247
   0.252483  -0.0270664   -0.013247    0.375959
IMAGINARY
          0  0.00130118   -0.036408   0.0310701
-0.00130118           0   0.0149826 -0.00109201
   0.036408  -0.0149826           0   0.0149488
 -0.0310701  0.00109201  -0.0149488           0
Repeater1[0]<--->EndNode1[0]
REAL
   0.391134   0.0053971   0.0122121    0.230875
  0.0053971    0.104302   0.0481948 -0.00704417
  0.0122121   0.0481948   0.0938722 -0.00152114
   0.230875 -0.00704417 -0.00152114    0.410691
IMAGINARY
          0    0.010898 -0.00293795  0.00131566
  -0.010898           0  0.00521176 -0.00654372
 0.00293795 -0.00521176           0    0.017547
-0.00131566  0.00654372   -0.017547           0
Repeater1[0]<--->HoM1[0]
REAL
   0.402813 -0.00845276   0.0310066    0.252483
-0.00845276    0.108696   0.0412329   -0.013247
  0.0310066   0.0412329    0.112532  -0.0270664
   0.252483   -0.013247  -0.0270664    0.375959
IMAGINARY
          0   -0.036408  0.00130118   0.0310701
   0.036408           0  -0.0149826   0.0149488
-0.00130118   0.0149826           0 -0.00109201
 -0.0310701  -0.0149488  0.00109201           0
EndNode1[0]<--->Repeater1[0]
REAL
   0.413836  0.00950692 -0.00871043    0.252391
 0.00950692    0.137107   0.0275845   0.0303421
-0.00871043   0.0275845   0.0842767   0.0121247
   0.252391   0.0303421   0.0121247     0.36478
IMAGINARY
          0  0.00822332 -0.00355991  0.00462977
-0.00822332           0  -0.0239806 -0.00419202
 0.00355991   0.0239806           0 -0.00176337
-0.00462977  0.00419202  0.00176337           0
EndNode2[0]<--->HoM1[0]
REAL
  0.405978 -0.0159994 -0.0180573   0.226772
-0.0159994  0.0971357  0.0303891 -0.0161893
-0.0180573  0.0303891   0.113325 -0.0120206
  0.226772 -0.0161893 -0.0120206   0.383562
IMAGINARY
          0 -0.00394845  0.00248431  0.00973323
 0.00394845           0  -0.0167218 -0.00894426
-0.00248431   0.0167218           0 -0.00638747
-0.00973323  0.00894426  0.00638747           0
Repeater1[0]<--->EndNode1[0]
REAL
   0.413836 -0.00871043  0.00950692    0.252391
-0.00871043   0.0842767   0.0275845   0.0121247
 0.00950692   0.0275845    0.137107   0.0303421
   0.252391   0.0121247   0.0303421     0.36478
IMAGINARY
          0 -0.00355991  0.00822332  0.00462977
 0.00355991           0   0.0239806 -0.00176337
-0.00822332  -0.0239806           0 -0.00419202
-0.00462977  0.00176337  0.00419202           0
Repeater1[0]<--->HoM1[0]
REAL
  0.405978 -0.0180573 -0.0159994   0.226772
-0.0180573   0.113325  0.0303891 -0.0120206
-0.0159994  0.0303891  0.0971357 -0.0161893
  0.226772 -0.0120206 -0.0161893   0.383562
IMAGINARY
          0  0.00248431 -0.00394845  0.00973323
-0.00248431           0   0.0167218 -0.00638747
 0.00394845  -0.0167218           0 -0.00894426
-0.00973323  0.00638747  0.00894426           0
EndNode1[0]<--->Repeater1[0]
REAL
  0.379866 -0.0126061 -0.0219054   0.226015
-0.0126061    0.12349  0.0336131 -0.0212552
-0.0219054  0.0336131   0.115436 -0.0292266
  0.226015 -0.0212552 -0.0292266   0.381208
IMAGINARY
          0  -0.0239406   0.0010858 -0.00701851
  0.0239406           0    0.008244  0.00626714
 -0.0010858   -0.008244           0  -0.0214025
 0.00701851 -0.00626714   0.0214025           0
EndNode2[0]<--->HoM1[0]
REAL
    0.373114   -0.0150229   0.00357245     0.257163
  -0.0150229     0.104252    0.0358946 -0.000234661
  0.00357245    0.0358946     0.109739    0.0116851
    0.257163 -0.000234661    0.0116851     0.412894
IMAGINARY
           0  0.000967991  -0.00980257  0.000431943
-0.000967991            0    0.0162347    0.0289571
  0.00980257   -0.0162347            0   0.00761853
-0.000431943   -0.0289571  -0.00761853            0
Repeater1[0]<--->EndNode1[0]
REAL
  0.379866 -0.0219054 -0.0126061   0.226015
-0.0219054   0.115436  0.0336131 -0.0292266
-0.0126061  0.0336131    0.12349 -0.0212552
  0.226015 -0.0292266 -0.0212552   0.381208
IMAGINARY
          0   0.0010858  -0.0239406 -0.00701851
 -0.0010858           0   -0.008244  -0.0214025
  0.0239406    0.008244           0  0.00626714
 0.00701851   0.0214025 -0.00626714           0
Repeater1[0]<--->HoM1[0]
REAL
    0.373114   0.00357245   -0.0150229     0.257163
  0.00357245     0.109739    0.0358946    0.0116851
  -0.0150229    0.0358946     0.104252 -0.000234661
    0.257163    0.0116851 -0.000234661     0.412894
IMAGINARY
           0  -0.00980257  0.000967991  0.000431943
  0.00980257            0   -0.0162347   0.00761853
-0.000967991    0.0162347            0    0.0289571
-0.000431943  -0.00761853   -0.0289571            0
EndNode1[0]<--->Repeater1[0]
REAL
   0.386164 -0.00422288  -0.0338871    0.232769
-0.00422288    0.100629   0.0363623   0.0163774
 -0.0338871   0.0363623     0.12327  0.00746543
   0.232769   0.0163774  0.00746543    0.389937
IMAGINARY
           0  -0.00291876    0.0132798  -0.00464772
  0.00291876            0  -0.00900638 -0.000268617
  -0.0132798   0.00900638            0   0.00106002
  0.00464772  0.000268617  -0.00106002            0
EndNode2[0]<--->HoM1[0]
REAL
   0.416262  0.00721157 8.87767e-05    0.259249
 0.00721157    0.105583   0.0358727  0.00966732
8.87767e-05   0.0358727    0.120146   0.0123006
   0.259249  0.00966732   0.0123006     0.35801
IMAGINARY
          0  -0.0157496 -0.00938328  -0.0236326
  0.0157496           0   0.0169837  0.00678588
 0.00938328  -0.0169837           0   0.0170483
  0.0236326 -0.00678588  -0.0170483           0
Repeater1[0]<--->EndNode1[0]
REAL
   0.386164  -0.0338871 -0.00422288    0.232769
 -0.0338871     0.12327   0.0363623  0.00746543
-0.00422288   0.0363623    0.100629   0.0163774
   0.232769  0.00746543   0.0163774    0.389937
IMAGINARY
           0    0.0132798  -0.00291876  -0.00464772
  -0.0132798            0   0.00900638   0.00106002
  0.00291876  -0.00900638            0 -0.000268617
  0.00464772  -0.00106002  0.000268617            0
Repeater1[0]<--->HoM1[0]
REAL
   0.416262 8.87767e-05  0.00721157    0.259249
8.87767e-05    0.120146   0.0358727   0.0123006
 0.00721157   0.0358727    0.105583  0.00966732
   0.259249   0.0123006  0.00966732     0.35801
IMAGINARY
          0 -0.00938328  -0.0157496  -0.0236326
 0.00938328           0  -0.0169837   0.0170483
  0.0157496   0.0169837           0  0.00678588
  0.0236326  -0.0170483 -0.00678588           0
EndNode1[0]<--->Repeater1[0]
REAL
  0.395561 -0.0187499  0.0123857   0.238787
-0.0187499  0.0913838  0.0413182 0.00201223
 0.0123857  0.0413182   0.112272  0.0148232
  0.238787 0.00201223  0.0148232   0.400783
IMAGINARY
          0  0.00257769  0.00339054  -0.0120111
-0.00257769           0  0.00215891  0.00800187
-0.00339054 -0.00215891           0  -0.0177676
  0.0120111 -0.00800187   0.0177676           0
EndNode2[0]<--->HoM1[0]
REAL
    0.357831   -0.0148705   -0.0195829     0.241243
  -0.0148705     0.121687     0.043392  -0.00686541
  -0.0195829     0.043392     0.115663 -0.000242845
    0.241243  -0.00686541 -0.000242845     0.404819
IMAGINARY
          0 -0.00949762   0.0146625   0.0120723
 0.00949762           0  0.00341717  0.00240447
 -0.0146625 -0.00341717           0 -0.00883361
 -0.0120723 -0.00240447  0.00883361           0
Repeater1[0]<--->EndNode1[0]
REAL
  0.395561  0.0123857 -0.0187499   0.238787
 0.0123857   0.112272  0.0413182  0.0148232
-0.0187499  0.0413182  0.0913838 0.00201223
  0.238787  0.0148232 0.00201223   0.400783
IMAGINARY
          0  0.00339054  0.00257769  -0.0120111
-0.00339054           0 -0.00215891  -0.0177676
-0.00257769  0.00215891           0  0.00800187
  0.0120111   0.0177676 -0.00800187           0
Repeater1[0]<--->HoM1[0]
REAL
    0.357831   -0.0195829   -0.0148705     0.241243
  -0.0195829     0.115663     0.043392 -0.000242845
  -0.0148705     0.043392     0.121687  -0.00686541
    0.241243 -0.000242845  -0.00686541     0.404819
IMAGINARY
          0   0.0146625 -0.00949762   0.0120723
 -0.0146625           0 -0.00341717 -0.00883361
 0.00949762  0.00341717           0  0.00240447
 -0.0120723  0.00883361 -0.00240447           0
EndNode1[0]<--->Repeater1[0]
REAL
  0.410667  0.0197487 0.00534601    0.24186
 0.0197487   0.121333  0.0397055  0.0186439
0.00534601  0.0397055      0.096 0.00297854
   0.24186  0.0186439 0.00297854      0.372
IMAGINARY
          0  0.00469608  -0.0314092  0.00699068
-0.00469608           0 -0.00699068   0.0155664
  0.0314092  0.00699068           0  0.00227477
-0.00699068  -0.0155664 -0.00227477           0
EndNode2[0]<--->HoM1[0]
REAL
  0.384516 -0.0206286   0.011745    0.25268
-0.0206286   0.107097  0.0361239  -0.011745
  0.011745  0.0361239   0.110968 0.00536146
   0.25268  -0.011745 0.00536146   0.397419
IMAGINARY
          0  -0.0195478 -0.00305545    0.029565
  0.0195478           0   0.0283024  0.00901571
 0.00305545  -0.0283024           0 -0.00230646
  -0.029565 -0.00901571  0.00230646           0
Repeater1[0]<--->EndNode1[0]
REAL
  0.410667 0.00534601  0.0197487    0.24186
0.00534601      0.096  0.0397055 0.00297854
 0.0197487  0.0397055   0.121333  0.0186439
   0.24186 0.00297854  0.0186439      0.372
IMAGINARY
          0  -0.0314092  0.00469608  0.00699068
  0.0314092           0  0.00699068  0.00227477
-0.00469608 -0.00699068           0   0.0155664
-0.00699068 -0.00227477  -0.0155664           0
Repeater1[0]<--->HoM1[0]
REAL
  0.384516   0.011745 -0.0206286    0.25268
  0.011745   0.110968  0.0361239 0.00536146
-0.0206286  0.0361239   0.107097  -0.011745
   0.25268 0.00536146  -0.011745   0.397419
IMAGINARY
          0 -0.00305545  -0.0195478    0.029565
 0.00305545           0  -0.0283024 -0.00230646
  0.0195478   0.0283024           0  0.00901571
  -0.029565  0.00230646 -0.00901571           0
EndNode1[0]<--->Repeater1[0]
REAL
   0.397333 -0.00479452  -0.0039169    0.228815
-0.00479452    0.110667   0.0251115  -0.0170255
 -0.0039169   0.0251115    0.113333  0.00479452
   0.228815  -0.0170255  0.00479452    0.378667
IMAGINARY
          0  0.00436604  0.00671605  -0.0109956
-0.00436604           0 -0.00973613 -0.00795062
-0.00671605  0.00973613           0   0.0190908
  0.0109956  0.00795062  -0.0190908           0
EndNode2[0]<--->HoM1[0]
REAL
  0.384615  0.0125267 0.00324621   0.215771
 0.0125267   0.124359  0.0442287 0.00126992
0.00324621  0.0442287   0.116667 -0.0157525
  0.215771 0.00126992 -0.0157525   0.374359
IMAGINARY
          0   0.0141627 -0.00129109   0.0117203
 -0.0141627           0 -0.00176012   0.0132592
 0.00129109  0.00176012           0   0.0257309
 -0.0117203  -0.0132592  -0.0257309           0
Repeater1[0]<--->EndNode1[0]
REAL
   0.397333  -0.0039169 -0.00479452    0.228815
 -0.0039169    0.113333   0.0251115  0.00479452
-0.00479452   0.0251115    0.110667  -0.0170255
   0.228815  0.00479452  -0.0170255    0.378667
IMAGINARY
          0  0.00671605  0.00436604  -0.0109956
-0.00671605           0  0.00973613   0.0190908
-0.00436604 -0.00973613           0 -0.00795062
  0.0109956  -0.0190908  0.00795062           0
Repeater1[0]<--->HoM1[0]
REAL
  0.384615 0.00324621  0.0125267   0.215771
0.00324621   0.116667  0.0442287 -0.0157525
 0.0125267  0.0442287   0.124359 0.00126992
  0.215771 -0.0157525 0.00126992   0.374359
IMAGINARY
          0 -0.00129109   0.0141627   0.0117203
 0.00129109           0  0.00176012   0.0257309
 -0.0141627 -0.00176012           0   0.0132592
 -0.0117203  -0.0257309  -0.0132592           0
EndNode1[0]<--->Repeater1[0]
REAL
   0.387333 -0.00241222   0.0128458    0.229032
-0.00241222    0.119367   0.0670605   0.0109637
  0.0128458   0.0670605    0.121803 -0.00918729
   0.229032   0.0109637 -0.00918729    0.371498
IMAGINARY
          0 -0.00491798   0.0106828  0.00521219
 0.00491798           0  0.00722562  -0.0100426
 -0.0106828 -0.00722562           0  0.00683859
-0.00521219   0.0100426 -0.00683859           0
EndNode2[0]<--->HoM1[0]
REAL
   0.39871  0.0154809 0.00358801   0.251915
 0.0154809    0.11871  0.0306941  0.0181511
0.00358801  0.0306941   0.105806  0.0154809
  0.251915  0.0181511  0.0154809   0.376774
IMAGINARY
           0  7.19963e-05    0.0080915   0.00374572
-7.19963e-05            0   -0.0190129  -0.00601106
  -0.0080915    0.0190129            0   -0.0118612
 -0.00374572   0.00601106    0.0118612            0
Repeater1[0]<--->EndNode1[0]
REAL
   0.387333   0.0128458 -0.00241222    0.229032
  0.0128458    0.121803   0.0670605 -0.00918729
-0.00241222   0.0670605    0.119367   0.0109637
   0.229032 -0.00918729   0.0109637    0.371498
IMAGINARY
          0   0.0106828 -0.00491798  0.00521219
 -0.0106828           0 -0.00722562  0.00683859
 0.00491798  0.00722562           0  -0.0100426
-0.00521219 -0.00683859   0.0100426           0
Repeater1[0]<--->HoM1[0]
REAL
   0.39871 0.00358801  0.0154809   0.251915
0.00358801   0.105806  0.0306941  0.0154809
 0.0154809  0.0306941    0.11871  0.0181511
  0.251915  0.0154809  0.0181511   0.376774
IMAGINARY
           0    0.0080915  7.19963e-05   0.00374572
  -0.0080915            0    0.0190129   -0.0118612
-7.19963e-05   -0.0190129            0  -0.00601106
 -0.00374572    0.0118612   0.00601106            0
EndNode1[0]<--->Repeater1[0]
REAL
   0.395013 -0.00769313  0.00893441    0.229355
-0.00769313    0.111549   0.0405796    0.017863
 0.00893441   0.0405796   0.0813648 0.000503589
   0.229355    0.017863 0.000503589    0.412073
IMAGINARY
           0   0.00739175   -0.0157176  -0.00830343
 -0.00739175            0   -0.0180818  0.000411455
   0.0157176    0.0180818            0   -0.0226979
  0.00830343 -0.000411455    0.0226979            0
EndNode2[0]<--->HoM1[0]
REAL
     0.37831    -0.020329 -4.59369e-05     0.210677
   -0.020329     0.105927    0.0490227   -0.0055861
-4.59369e-05    0.0490227     0.118537   0.00218127
    0.210677   -0.0055861   0.00218127     0.397226
IMAGINARY
          0   -0.018011  -0.0118922 -0.00143329
   0.018011           0      0.0161 -0.00189223
  0.0118922     -0.0161           0   0.0192641
 0.00143329  0.00189223  -0.0192641           0
Repeater1[0]<--->EndNode1[0]
REAL
   0.395013  0.00893441 -0.00769313    0.229355
 0.00893441   0.0813648   0.0405796 0.000503589
-0.00769313   0.0405796    0.111549    0.017863
   0.229355 0.000503589    0.017863    0.412073
IMAGINARY
           0   -0.0157176   0.00739175  -0.00830343
   0.0157176            0    0.0180818   -0.0226979
 -0.00739175   -0.0180818            0  0.000411455
  0.00830343    0.0226979 -0.000411455            0
Repeater1[0]<--->HoM1[0]
REAL
     0.37831 -4.59369e-05    -0.020329     0.210677
-4.59369e-05     0.118537    0.0490227   0.00218127
   -0.020329    0.0490227     0.105927   -0.0055861
    0.210677   0.00218127   -0.0055861     0.397226
IMAGINARY
          0  -0.0118922   -0.018011 -0.00143329
  0.0118922           0     -0.0161   0.0192641
   0.018011      0.0161           0 -0.00189223
 0.00143329  -0.0192641  0.00189223           0
EndNode1[0]<--->Repeater1[0]
REAL
    0.37546   0.0134713   0.0161252    0.232963
  0.0134713   0.0993865   0.0463388  0.00507185
  0.0161252   0.0463388    0.128834 -0.00100243
   0.232963  0.00507185 -0.00100243    0.396319
IMAGINARY
          0  0.00219504  0.00145689   -0.021164
-0.00219504           0  0.00529101 -0.00973714
-0.00145689 -0.00529101           0  -0.0117492
   0.021164  0.00973714   0.0117492           0
EndNode2[0]<--->HoM1[0]
REAL
  0.361333  0.0118469  0.0195976    0.23802
 0.0118469   0.106667  0.0494128 -0.0329665
 0.0195976  0.0494128   0.118667 -0.0158576
   0.23802 -0.0329665 -0.0158576   0.413333
IMAGINARY
          0  -0.0169171   0.0166416  -0.0135172
  0.0169171           0   0.0211122 -0.00271755
 -0.0166416  -0.0211122           0 -0.00460186
  0.0135172  0.00271755  0.00460186           0
Repeater1[0]<--->EndNode1[0]
REAL
    0.37546   0.0161252   0.0134713    0.232963
  0.0161252    0.128834   0.0463388 -0.00100243
  0.0134713   0.0463388   0.0993865  0.00507185
   0.232963 -0.00100243  0.00507185    0.396319
IMAGINARY
          0  0.00145689  0.00219504   -0.021164
-0.00145689           0 -0.00529101  -0.0117492
-0.00219504  0.00529101           0 -0.00973714
   0.021164   0.0117492  0.00973714           0
Repeater1[0]<--->HoM1[0]
REAL
  0.361333  0.0195976  0.0118469    0.23802
 0.0195976   0.118667  0.0494128 -0.0158576
 0.0118469  0.0494128   0.106667 -0.0329665
   0.23802 -0.0158576 -0.0329665   0.413333
IMAGINARY
          0   0.0166416  -0.0169171  -0.0135172
 -0.0166416           0  -0.0211122 -0.00460186
  0.0169171   0.0211122           0 -0.00271755
  0.0135172  0.00460186  0.00271755           0
