EndNode1[0]<--->Repeater1[0]
REAL
   0.471769 -0.00720046 -0.00450215    0.367104
-0.00720046   0.0577164  0.00512515 -0.00918755
-0.00450215  0.00512515   0.0589711  -0.0090968
   0.367104 -0.00918755  -0.0090968    0.411543
IMAGINARY
          0 -0.00455049    0.014367 -0.00788686
 0.00455049           0   0.0162095  -0.0234816
  -0.014367  -0.0162095           0 -0.00977242
 0.00788686   0.0234816  0.00977242           0
EndNode2[0]<--->HoM1[0]
REAL
   0.466408   0.0294204  0.00295664    0.399688
  0.0294204   0.0400517 0.000443537  0.00295664
 0.00295664 0.000443537   0.0400517  -0.0261352
   0.399688  0.00295664  -0.0261352    0.453488
IMAGINARY
          0  0.00821516 -0.00402155  -0.0435931
-0.00821516           0  -0.0151915 -0.00857291
 0.00402155   0.0151915           0  0.00941708
  0.0435931  0.00857291 -0.00941708           0
Repeater1[0]<--->EndNode1[0]
REAL
   0.471769 -0.00450215 -0.00720046    0.367104
-0.00450215   0.0589711  0.00512515  -0.0090968
-0.00720046  0.00512515   0.0577164 -0.00918755
   0.367104  -0.0090968 -0.00918755    0.411543
IMAGINARY
          0    0.014367 -0.00455049 -0.00788686
  -0.014367           0  -0.0162095 -0.00977242
 0.00455049   0.0162095           0  -0.0234816
 0.00788686  0.00977242   0.0234816           0
Repeater1[0]<--->HoM1[0]
REAL
   0.466408  0.00295664   0.0294204    0.399688
 0.00295664   0.0400517 0.000443537  -0.0261352
  0.0294204 0.000443537   0.0400517  0.00295664
   0.399688  -0.0261352  0.00295664    0.453488
IMAGINARY
          0 -0.00402155  0.00821516  -0.0435931
 0.00402155           0   0.0151915  0.00941708
-0.00821516  -0.0151915           0 -0.00857291
  0.0435931 -0.00941708  0.00857291           0
EndNode1[0]<--->Repeater1[0]
REAL
  0.525277  0.0151232  0.0254647   0.378815
 0.0151232  0.0653514 -0.0191439 0.00424453
 0.0254647 -0.0191439  0.0715166 0.00573647
  0.378815 0.00424453 0.00573647   0.337855
IMAGINARY
           0  -0.00832033   0.00222686    0.0129142
  0.00832033            0   -0.0231969  -0.00605339
 -0.00222686    0.0231969            0 -0.000608245
  -0.0129142   0.00605339  0.000608245            0
EndNode2[0]<--->HoM1[0]
REAL
  0.501309 0.00381765 -0.0158177   0.404492
0.00381765  0.0445026 0.00245613  -0.013959
-0.0158177 0.00245613  0.0510471 -0.0273909
  0.404492  -0.013959 -0.0273909   0.403141
IMAGINARY
          0  0.00270481  0.00100249 -0.00220935
-0.00270481           0  -0.0186784  0.00790337
-0.00100249   0.0186784           0 -0.00779387
 0.00220935 -0.00790337  0.00779387           0
Repeater1[0]<--->EndNode1[0]
REAL
  0.525277  0.0254647  0.0151232   0.378815
 0.0254647  0.0715166 -0.0191439 0.00573647
 0.0151232 -0.0191439  0.0653514 0.00424453
  0.378815 0.00573647 0.00424453   0.337855
IMAGINARY
           0   0.00222686  -0.00832033    0.0129142
 -0.00222686            0    0.0231969 -0.000608245
  0.00832033   -0.0231969            0  -0.00605339
  -0.0129142  0.000608245   0.00605339            0
Repeater1[0]<--->HoM1[0]
REAL
  0.501309 -0.0158177 0.00381765   0.404492
-0.0158177  0.0510471 0.00245613 -0.0273909
0.00381765 0.00245613  0.0445026  -0.013959
  0.404492 -0.0273909  -0.013959   0.403141
IMAGINARY
          0  0.00100249  0.00270481 -0.00220935
-0.00100249           0   0.0186784 -0.00779387
-0.00270481  -0.0186784           0  0.00790337
 0.00220935  0.00779387 -0.00790337           0
EndNode1[0]<--->Repeater1[0]
REAL
    0.484375    0.0271523    0.0143283     0.360501
   0.0271523    0.0638021 -0.000898157    0.0167975
   0.0143283 -0.000898157    0.0677083   -0.0013245
    0.360501    0.0167975   -0.0013245     0.384115
IMAGINARY
           0    0.0259454  -0.00647668  -0.00500627
  -0.0259454            0  6.26566e-06  -0.00906736
  0.00647668 -6.26566e-06            0   -0.0039247
  0.00500627   0.00906736    0.0039247            0
EndNode2[0]<--->HoM1[0]
REAL
   0.511299   0.0215882 -0.00583378    0.415889
  0.0215882   0.0381356  0.00738425   0.0096701
-0.00583378  0.00738425    0.039548 -0.00240661
   0.415889   0.0096701 -0.00240661    0.411017
IMAGINARY
           0 -0.000466721    0.0144125  0.000826121
 0.000466721            0  -0.00405193 -0.000237212
  -0.0144125   0.00405193            0  -0.00726524
-0.000826121  0.000237212   0.00726524            0
Repeater1[0]<--->EndNode1[0]
REAL
    0.484375    0.0143283    0.0271523     0.360501
   0.0143283    0.0677083 -0.000898157   -0.0013245
   0.0271523 -0.000898157    0.0638021    0.0167975
    0.360501   -0.0013245    0.0167975     0.384115
IMAGINARY
           0  -0.00647668    0.0259454  -0.00500627
  0.00647668            0 -6.26566e-06   -0.0039247
  -0.0259454  6.26566e-06            0  -0.00906736
  0.00500627    0.0039247   0.00906736            0
Repeater1[0]<--->HoM1[0]
REAL
   0.511299 -0.00583378   0.0215882    0.415889
-0.00583378    0.039548  0.00738425 -0.00240661
  0.0215882  0.00738425   0.0381356   0.0096701
   0.415889 -0.00240661   0.0096701    0.411017
IMAGINARY
           0    0.0144125 -0.000466721  0.000826121
  -0.0144125            0   0.00405193  -0.00726524
 0.000466721  -0.00405193            0 -0.000237212
-0.000826121   0.00726524  0.000237212            0
EndNode1[0]<--->Repeater1[0]
REAL
   0.493606 -0.00713808  0.00116924    0.354738
-0.00713808   0.0716113 -0.00572761  -0.0123079
 0.00116924 -0.00572761   0.0626598   -0.018852
   0.354738  -0.0123079   -0.018852    0.372123
IMAGINARY
           0  -0.00218115    0.0165954  0.000600443
  0.00218115            0   -0.0188296   -0.0178874
  -0.0165954    0.0188296            0   0.00605712
-0.000600443    0.0178874  -0.00605712            0
EndNode2[0]<--->HoM1[0]
REAL
    0.50454   0.0136246  -0.0145151    0.391433
  0.0136246   0.0505837  0.00268461 -0.00182476
 -0.0145151  0.00268461   0.0415045  -0.0208142
   0.391433 -0.00182476  -0.0208142    0.403372
IMAGINARY
          0  0.00151009   -0.017822 -0.00645511
-0.00151009           0  0.00401609  0.00201924
   0.017822 -0.00401609           0    0.021878
 0.00645511 -0.00201924   -0.021878           0
Repeater1[0]<--->EndNode1[0]
REAL
   0.493606  0.00116924 -0.00713808    0.354738
 0.00116924   0.0626598 -0.00572761   -0.018852
-0.00713808 -0.00572761   0.0716113  -0.0123079
   0.354738   -0.018852  -0.0123079    0.372123
IMAGINARY
           0    0.0165954  -0.00218115  0.000600443
  -0.0165954            0    0.0188296   0.00605712
  0.00218115   -0.0188296            0   -0.0178874
-0.000600443  -0.00605712    0.0178874            0
Repeater1[0]<--->HoM1[0]
REAL
    0.50454  -0.0145151   0.0136246    0.391433
 -0.0145151   0.0415045  0.00268461  -0.0208142
  0.0136246  0.00268461   0.0505837 -0.00182476
   0.391433  -0.0208142 -0.00182476    0.403372
IMAGINARY
          0   -0.017822  0.00151009 -0.00645511
   0.017822           0 -0.00401609    0.021878
-0.00151009  0.00401609           0  0.00201924
 0.00645511   -0.021878 -0.00201924           0
EndNode1[0]<--->Repeater1[0]
REAL
   0.494859 -0.00977478 -0.00811765     0.36652
-0.00977478   0.0732648  -0.0146174  0.00268286
-0.00811765  -0.0146174   0.0578406  -0.0160404
    0.36652  0.00268286  -0.0160404    0.374036
IMAGINARY
          0   0.0129627  -0.0200148  -0.0103287
 -0.0129627           0 -0.00304712   0.0238908
  0.0200148  0.00304712           0  -0.0168386
  0.0103287  -0.0238908   0.0168386           0
EndNode2[0]<--->HoM1[0]
REAL
   0.463863   0.0112038   0.0300946    0.414088
  0.0112038    0.043364 -0.00420029  -0.0182047
  0.0300946 -0.00420029   0.0446781 -0.00181705
   0.414088  -0.0182047 -0.00181705    0.448095
IMAGINARY
           0  0.000576184  -0.00456078  -0.00920809
-0.000576184            0  -0.00125216  -0.00516684
  0.00456078   0.00125216            0  -0.00252171
  0.00920809   0.00516684   0.00252171            0
Repeater1[0]<--->EndNode1[0]
REAL
   0.494859 -0.00811765 -0.00977478     0.36652
-0.00811765   0.0578406  -0.0146174  -0.0160404
-0.00977478  -0.0146174   0.0732648  0.00268286
    0.36652  -0.0160404  0.00268286    0.374036
IMAGINARY
          0  -0.0200148   0.0129627  -0.0103287
  0.0200148           0  0.00304712  -0.0168386
 -0.0129627 -0.00304712           0   0.0238908
  0.0103287   0.0168386  -0.0238908           0
Repeater1[0]<--->HoM1[0]
REAL
   0.463863   0.0300946   0.0112038    0.414088
  0.0300946   0.0446781 -0.00420029 -0.00181705
  0.0112038 -0.00420029    0.043364  -0.0182047
   0.414088 -0.00181705  -0.0182047    0.448095
IMAGINARY
           0  -0.00456078  0.000576184  -0.00920809
  0.00456078            0   0.00125216  -0.00252171
-0.000576184  -0.00125216            0  -0.00516684
  0.00920809   0.00252171   0.00516684            0
EndNode1[0]<--->Repeater1[0]
REAL
   0.472542   0.0105297  0.00230552    0.353368
  0.0105297   0.0625798 -0.00286579    0.017795
 0.00230552 -0.00286579   0.0689655 0.000776803
   0.353368    0.017795 0.000776803    0.395913
IMAGINARY
           0   0.00738526 -0.000240428   0.00362291
 -0.00738526            0  -0.00745923    0.0155076
 0.000240428   0.00745923            0  -0.00865752
 -0.00362291   -0.0155076   0.00865752            0
EndNode2[0]<--->HoM1[0]
REAL
  0.521236  0.0012978 0.00871218   0.412962
 0.0012978    0.02574  -0.013607 0.00483621
0.00871218  -0.013607   0.032175  0.0070893
  0.412962 0.00483621  0.0070893   0.420849
IMAGINARY
           0    0.0149296   -0.0126549    0.0161331
  -0.0149296            0   -0.0246077 -2.86577e-05
   0.0126549    0.0246077            0  -0.00625138
  -0.0161331  2.86577e-05   0.00625138            0
Repeater1[0]<--->EndNode1[0]
REAL
   0.472542  0.00230552   0.0105297    0.353368
 0.00230552   0.0689655 -0.00286579 0.000776803
  0.0105297 -0.00286579   0.0625798    0.017795
   0.353368 0.000776803    0.017795    0.395913
IMAGINARY
           0 -0.000240428   0.00738526   0.00362291
 0.000240428            0   0.00745923  -0.00865752
 -0.00738526  -0.00745923            0    0.0155076
 -0.00362291   0.00865752   -0.0155076            0
Repeater1[0]<--->HoM1[0]
REAL
  0.521236 0.00871218  0.0012978   0.412962
0.00871218   0.032175  -0.013607  0.0070893
 0.0012978  -0.013607    0.02574 0.00483621
  0.412962  0.0070893 0.00483621   0.420849
IMAGINARY
           0   -0.0126549    0.0149296    0.0161331
   0.0126549            0    0.0246077  -0.00625138
  -0.0149296   -0.0246077            0 -2.86577e-05
  -0.0161331   0.00625138  2.86577e-05            0
