EndNode1[0]<--->Repeater1[0]
REAL
   0.704516 -0.00424677  0.00930757  0.00619228
-0.00424677    0.105806   0.0242646   0.0173422
 0.00930757   0.0242646    0.178065   0.0105919
 0.00619228   0.0173422   0.0105919   0.0116129
IMAGINARY
           0  -0.00649038  -0.00871929  -0.00782995
  0.00649038            0  -0.00291594    -0.009353
  0.00871929   0.00291594            0 -0.000872403
  0.00782995     0.009353  0.000872403            0
EndNode2[0]<--->HoM1[0]
REAL
     0.61118 -0.000173479  0.000775299   0.00448469
-0.000173479     0.204969 -0.000200721   0.00595665
 0.000775299 -0.000200721     0.152795  -0.00411049
  0.00448469   0.00595665  -0.00411049    0.0310559
IMAGINARY
          0  -0.0108612 -0.00507333    0.025395
  0.0108612           0   0.0128636   0.0110974
 0.00507333  -0.0128636           0  0.00215968
  -0.025395  -0.0110974 -0.00215968           0
Repeater1[0]<--->EndNode1[0]
REAL
   0.704516  0.00930757 -0.00424677  0.00619228
 0.00930757    0.178065   0.0242646   0.0105919
-0.00424677   0.0242646    0.105806   0.0173422
 0.00619228   0.0105919   0.0173422   0.0116129
IMAGINARY
           0  -0.00871929  -0.00649038  -0.00782995
  0.00871929            0   0.00291594 -0.000872403
  0.00649038  -0.00291594            0    -0.009353
  0.00782995  0.000872403     0.009353            0
Repeater1[0]<--->HoM1[0]
REAL
     0.61118  0.000775299 -0.000173479   0.00448469
 0.000775299     0.152795 -0.000200721  -0.00411049
-0.000173479 -0.000200721     0.204969   0.00595665
  0.00448469  -0.00411049   0.00595665    0.0310559
IMAGINARY
          0 -0.00507333  -0.0108612    0.025395
 0.00507333           0  -0.0128636  0.00215968
  0.0108612   0.0128636           0   0.0110974
  -0.025395 -0.00215968  -0.0110974           0
EndNode1[0]<--->Repeater1[0]
REAL
   0.687124 -0.00913591   0.0191256  -0.0263705
-0.00913591   0.0914561  0.00408637   0.0184788
  0.0191256  0.00408637    0.199759  -0.0298613
 -0.0263705   0.0184788  -0.0298613   0.0216606
IMAGINARY
           0    0.0049892  0.000601289  -0.00609806
  -0.0049892            0   0.00023105  -0.00313936
-0.000601289  -0.00023105            0  -0.00752727
  0.00609806   0.00313936   0.00752727            0
EndNode2[0]<--->HoM1[0]
REAL
   0.591678  0.00624383   -0.004249     0.01467
 0.00624383    0.224967 -0.00533001  -0.0262616
  -0.004249 -0.00533001    0.152146   0.0055868
    0.01467  -0.0262616   0.0055868   0.0312094
IMAGINARY
          0  0.00543247 -0.00559075   0.0061828
-0.00543247           0  0.00439921  0.00416218
 0.00559075 -0.00439921           0  0.00171039
 -0.0061828 -0.00416218 -0.00171039           0
Repeater1[0]<--->EndNode1[0]
REAL
   0.687124   0.0191256 -0.00913591  -0.0263705
  0.0191256    0.199759  0.00408637  -0.0298613
-0.00913591  0.00408637   0.0914561   0.0184788
 -0.0263705  -0.0298613   0.0184788   0.0216606
IMAGINARY
           0  0.000601289    0.0049892  -0.00609806
-0.000601289            0  -0.00023105  -0.00752727
  -0.0049892   0.00023105            0  -0.00313936
  0.00609806   0.00752727   0.00313936            0
Repeater1[0]<--->HoM1[0]
REAL
   0.591678   -0.004249  0.00624383     0.01467
  -0.004249    0.152146 -0.00533001   0.0055868
 0.00624383 -0.00533001    0.224967  -0.0262616
    0.01467   0.0055868  -0.0262616   0.0312094
IMAGINARY
          0 -0.00559075  0.00543247   0.0061828
 0.00559075           0 -0.00439921  0.00171039
-0.00543247  0.00439921           0  0.00416218
 -0.0061828 -0.00171039 -0.00416218           0
EndNode1[0]<--->Repeater1[0]
REAL
   0.703841  -0.0243688 -0.00227691   0.0145191
 -0.0243688   0.0805452 -0.00823771  0.00604575
-0.00227691 -0.00823771    0.195787  -0.0183447
  0.0145191  0.00604575  -0.0183447   0.0198265
IMAGINARY
          0  -0.0124278  0.00745563  0.00876148
  0.0124278           0  0.00496401  0.00489808
-0.00745563 -0.00496401           0  0.00657609
-0.00876148 -0.00489808 -0.00657609           0
EndNode2[0]<--->HoM1[0]
REAL
   0.598726 -0.00839768  -0.0210502 -0.00258343
-0.00839768    0.234395   0.0197263 -0.00323549
 -0.0210502   0.0197263    0.133758  0.00125483
-0.00258343 -0.00323549  0.00125483    0.033121
IMAGINARY
          0  0.00585262   0.0215996    -0.00142
-0.00585262           0   0.0109017   0.0164582
 -0.0215996  -0.0109017           0  0.00333373
    0.00142  -0.0164582 -0.00333373           0
Repeater1[0]<--->EndNode1[0]
REAL
   0.703841 -0.00227691  -0.0243688   0.0145191
-0.00227691    0.195787 -0.00823771  -0.0183447
 -0.0243688 -0.00823771   0.0805452  0.00604575
  0.0145191  -0.0183447  0.00604575   0.0198265
IMAGINARY
          0  0.00745563  -0.0124278  0.00876148
-0.00745563           0 -0.00496401  0.00657609
  0.0124278  0.00496401           0  0.00489808
-0.00876148 -0.00657609 -0.00489808           0
Repeater1[0]<--->HoM1[0]
REAL
   0.598726  -0.0210502 -0.00839768 -0.00258343
 -0.0210502    0.133758   0.0197263  0.00125483
-0.00839768   0.0197263    0.234395 -0.00323549
-0.00258343  0.00125483 -0.00323549    0.033121
IMAGINARY
          0   0.0215996  0.00585262    -0.00142
 -0.0215996           0  -0.0109017  0.00333373
-0.00585262   0.0109017           0   0.0164582
    0.00142 -0.00333373  -0.0164582           0
EndNode1[0]<--->Repeater1[0]
REAL
    0.70559  -0.0141034  0.00305503  0.00208523
 -0.0141034   0.0919255 -0.00670874   0.0068525
 0.00305503 -0.00670874    0.187578 -0.00769315
 0.00208523   0.0068525 -0.00769315   0.0149068
IMAGINARY
          0   0.0294927 -0.00439698  -0.0133225
 -0.0294927           0 -0.00999358 -0.00439698
 0.00439698  0.00999358           0  0.00568318
  0.0133225  0.00439698 -0.00568318           0
EndNode2[0]<--->HoM1[0]
REAL
   0.602883 -0.00766746 -0.00830333   0.0218286
-0.00766746    0.214941   0.0110828   0.0146324
-0.00830333   0.0110828    0.150721 -0.00245912
  0.0218286   0.0146324 -0.00245912   0.0314548
IMAGINARY
          0 -0.00728768   0.0159349   0.0121992
 0.00728768           0   0.0076947  -0.0064532
 -0.0159349  -0.0076947           0   0.0218262
 -0.0121992   0.0064532  -0.0218262           0
Repeater1[0]<--->EndNode1[0]
REAL
    0.70559  0.00305503  -0.0141034  0.00208523
 0.00305503    0.187578 -0.00670874 -0.00769315
 -0.0141034 -0.00670874   0.0919255   0.0068525
 0.00208523 -0.00769315   0.0068525   0.0149068
IMAGINARY
          0 -0.00439698   0.0294927  -0.0133225
 0.00439698           0  0.00999358  0.00568318
 -0.0294927 -0.00999358           0 -0.00439698
  0.0133225 -0.00568318  0.00439698           0
Repeater1[0]<--->HoM1[0]
REAL
   0.602883 -0.00830333 -0.00766746   0.0218286
-0.00830333    0.150721   0.0110828 -0.00245912
-0.00766746   0.0110828    0.214941   0.0146324
  0.0218286 -0.00245912   0.0146324   0.0314548
IMAGINARY
          0   0.0159349 -0.00728768   0.0121992
 -0.0159349           0  -0.0076947   0.0218262
 0.00728768   0.0076947           0  -0.0064532
 -0.0121992  -0.0218262   0.0064532           0
EndNode1[0]<--->Repeater1[0]
REAL
  0.726776 -0.0152868  0.0104445  0.0229665
-0.0152868  0.0833333 -0.0136827 -0.0290122
 0.0104445 -0.0136827   0.174863 -0.0218485
 0.0229665 -0.0290122 -0.0218485  0.0150273
IMAGINARY
          0 -0.00299502 -0.00618138  0.00366833
 0.00299502           0 -0.00846449 -0.00428983
 0.00618138  0.00846449           0 -0.00485838
-0.00366833  0.00428983  0.00485838           0
EndNode2[0]<--->HoM1[0]
REAL
   0.597307  -0.0041202  0.00332527 -0.00849052
 -0.0041202    0.238678   0.0163502  0.00332527
 0.00332527   0.0163502    0.135863   0.0143983
-0.00849052  0.00332527   0.0143983   0.0281518
IMAGINARY
          0 -0.00605096  0.00390438  -0.0205969
 0.00605096           0 -0.00728894   0.0285797
-0.00390438  0.00728894           0 -0.00605096
  0.0205969  -0.0285797  0.00605096           0
Repeater1[0]<--->EndNode1[0]
REAL
  0.726776  0.0104445 -0.0152868  0.0229665
 0.0104445   0.174863 -0.0136827 -0.0218485
-0.0152868 -0.0136827  0.0833333 -0.0290122
 0.0229665 -0.0218485 -0.0290122  0.0150273
IMAGINARY
          0 -0.00618138 -0.00299502  0.00366833
 0.00618138           0  0.00846449 -0.00485838
 0.00299502 -0.00846449           0 -0.00428983
-0.00366833  0.00485838  0.00428983           0
Repeater1[0]<--->HoM1[0]
REAL
   0.597307  0.00332527  -0.0041202 -0.00849052
 0.00332527    0.135863   0.0163502   0.0143983
 -0.0041202   0.0163502    0.238678  0.00332527
-0.00849052   0.0143983  0.00332527   0.0281518
IMAGINARY
          0  0.00390438 -0.00605096  -0.0205969
-0.00390438           0  0.00728894 -0.00605096
 0.00605096 -0.00728894           0   0.0285797
  0.0205969  0.00605096  -0.0285797           0
EndNode1[0]<--->Repeater1[0]
REAL
   0.705346 -0.00352058  -0.0107481 -0.00301877
-0.00352058   0.0847458 -0.00976723  -0.0249181
 -0.0107481 -0.00976723    0.196871   0.0122689
-0.00301877  -0.0249181   0.0122689   0.0130378
IMAGINARY
           0    0.0262079    -0.010066    -0.013198
  -0.0262079            0   -0.0174925 -0.000363495
    0.010066    0.0174925            0   0.00630742
    0.013198  0.000363495  -0.00630742            0
EndNode2[0]<--->HoM1[0]
REAL
   0.637795   0.0100554 -0.00787169  0.00150505
  0.0100554    0.223097   0.0161717   0.0116596
-0.00787169   0.0161717    0.103675 -0.00374225
 0.00150505   0.0116596 -0.00374225   0.0354331
IMAGINARY
           0 -5.24161e-05   0.00687348  -0.00513232
 5.24161e-05            0   0.00321171   0.00245986
 -0.00687348  -0.00321171            0  -0.00128092
  0.00513232  -0.00245986   0.00128092            0
Repeater1[0]<--->EndNode1[0]
REAL
   0.705346  -0.0107481 -0.00352058 -0.00301877
 -0.0107481    0.196871 -0.00976723   0.0122689
-0.00352058 -0.00976723   0.0847458  -0.0249181
-0.00301877   0.0122689  -0.0249181   0.0130378
IMAGINARY
           0    -0.010066    0.0262079    -0.013198
    0.010066            0    0.0174925   0.00630742
  -0.0262079   -0.0174925            0 -0.000363495
    0.013198  -0.00630742  0.000363495            0
Repeater1[0]<--->HoM1[0]
REAL
   0.637795 -0.00787169   0.0100554  0.00150505
-0.00787169    0.103675   0.0161717 -0.00374225
  0.0100554   0.0161717    0.223097   0.0116596
 0.00150505 -0.00374225   0.0116596   0.0354331
IMAGINARY
           0   0.00687348 -5.24161e-05  -0.00513232
 -0.00687348            0  -0.00321171  -0.00128092
 5.24161e-05   0.00321171            0   0.00245986
  0.00513232   0.00128092  -0.00245986            0
