EndNode1[0]<--->Repeater1[0]
REAL
  0.257653 -0.0116755 0.00159853  0.0712352
-0.0116755   0.241071  0.0171486  0.0122904
0.00159853  0.0171486   0.241071  0.0104129
 0.0712352  0.0122904  0.0104129   0.260204
IMAGINARY
          0  -0.0224101  -0.0179748  -0.0121241
  0.0224101           0   0.0264454  0.00715748
  0.0179748  -0.0264454           0   0.0200063
  0.0121241 -0.00715748  -0.0200063           0
EndNode2[0]<--->HoM1[0]
REAL
  0.283163 -0.0131774  -0.010151  0.0567872
-0.0131774   0.229592  0.0445921  0.0218751
 -0.010151  0.0445921   0.202806  0.0152464
 0.0567872  0.0218751  0.0152464   0.284439
IMAGINARY
          0  -0.0273905 -0.00707254  0.00556442
  0.0273905           0  -0.0037194 -0.00897368
 0.00707254   0.0037194           0  0.00749321
-0.00556442  0.00897368 -0.00749321           0
Repeater1[0]<--->EndNode1[0]
REAL
  0.257653 0.00159853 -0.0116755  0.0712352
0.00159853   0.241071  0.0171486  0.0104129
-0.0116755  0.0171486   0.241071  0.0122904
 0.0712352  0.0104129  0.0122904   0.260204
IMAGINARY
          0  -0.0179748  -0.0224101  -0.0121241
  0.0179748           0  -0.0264454   0.0200063
  0.0224101   0.0264454           0  0.00715748
  0.0121241  -0.0200063 -0.00715748           0
Repeater1[0]<--->HoM1[0]
REAL
  0.283163  -0.010151 -0.0131774  0.0567872
 -0.010151   0.202806  0.0445921  0.0152464
-0.0131774  0.0445921   0.229592  0.0218751
 0.0567872  0.0152464  0.0218751   0.284439
IMAGINARY
          0 -0.00707254  -0.0273905  0.00556442
 0.00707254           0   0.0037194  0.00749321
  0.0273905  -0.0037194           0 -0.00897368
-0.00556442 -0.00749321  0.00897368           0
EndNode1[0]<--->Repeater1[0]
REAL
   0.288181   0.0143405 -0.00121419   0.0727196
  0.0143405    0.237716   0.0283034  0.00888682
-0.00121419   0.0283034    0.217795   0.0112349
  0.0727196  0.00888682   0.0112349    0.256308
IMAGINARY
          0 -0.00437976  -0.0119708  0.00141579
 0.00437976           0  0.00390336 -0.00452665
  0.0119708 -0.00390336           0 -0.00577252
-0.00141579  0.00452665  0.00577252           0
EndNode2[0]<--->HoM1[0]
REAL
   0.270026 -0.00981003  -0.0074124   0.0843775
-0.00981003    0.217054   0.0330467   0.0074124
 -0.0074124   0.0330467    0.241602 0.000971644
  0.0843775   0.0074124 0.000971644    0.271318
IMAGINARY
           0   -0.0198333  0.000312836  -0.00795219
   0.0198333            0  -0.00352741   0.00665801
-0.000312836   0.00352741            0   0.00272306
  0.00795219  -0.00665801  -0.00272306            0
Repeater1[0]<--->EndNode1[0]
REAL
   0.288181 -0.00121419   0.0143405   0.0727196
-0.00121419    0.217795   0.0283034   0.0112349
  0.0143405   0.0283034    0.237716  0.00888682
  0.0727196   0.0112349  0.00888682    0.256308
IMAGINARY
          0  -0.0119708 -0.00437976  0.00141579
  0.0119708           0 -0.00390336 -0.00577252
 0.00437976  0.00390336           0 -0.00452665
-0.00141579  0.00577252  0.00452665           0
Repeater1[0]<--->HoM1[0]
REAL
   0.270026  -0.0074124 -0.00981003   0.0843775
 -0.0074124    0.241602   0.0330467 0.000971644
-0.00981003   0.0330467    0.217054   0.0074124
  0.0843775 0.000971644   0.0074124    0.271318
IMAGINARY
           0  0.000312836   -0.0198333  -0.00795219
-0.000312836            0   0.00352741   0.00272306
   0.0198333  -0.00352741            0   0.00665801
  0.00795219  -0.00272306  -0.00665801            0
EndNode1[0]<--->Repeater1[0]
REAL
    0.277487   -0.0230825   -0.0131307    0.0591481
  -0.0230825     0.213351    0.0350365 -0.000143662
  -0.0131307    0.0350365     0.225131  -0.00662677
   0.0591481 -0.000143662  -0.00662677     0.284031
IMAGINARY
         0 -0.0171468 -0.0119844 -0.0129391
 0.0171468          0 -0.0013112 -0.0146654
 0.0119844  0.0013112          0 -0.0158481
 0.0129391  0.0146654  0.0158481          0
EndNode2[0]<--->HoM1[0]
REAL
   0.235135   0.0174076 -0.00186413   0.0842853
  0.0174076    0.255405   0.0418016 -0.00124146
-0.00186413   0.0418016    0.255405   0.0130272
  0.0842853 -0.00124146   0.0130272    0.254054
IMAGINARY
          0  -0.0162145   0.0229483   0.0168973
  0.0162145           0  0.00601378   0.0090778
 -0.0229483 -0.00601378           0 -0.00012538
 -0.0168973  -0.0090778  0.00012538           0
Repeater1[0]<--->EndNode1[0]
REAL
    0.277487   -0.0131307   -0.0230825    0.0591481
  -0.0131307     0.225131    0.0350365  -0.00662677
  -0.0230825    0.0350365     0.213351 -0.000143662
   0.0591481  -0.00662677 -0.000143662     0.284031
IMAGINARY
         0 -0.0119844 -0.0171468 -0.0129391
 0.0119844          0  0.0013112 -0.0158481
 0.0171468 -0.0013112          0 -0.0146654
 0.0129391  0.0158481  0.0146654          0
Repeater1[0]<--->HoM1[0]
REAL
   0.235135 -0.00186413   0.0174076   0.0842853
-0.00186413    0.255405   0.0418016   0.0130272
  0.0174076   0.0418016    0.255405 -0.00124146
  0.0842853   0.0130272 -0.00124146    0.254054
IMAGINARY
          0   0.0229483  -0.0162145   0.0168973
 -0.0229483           0 -0.00601378 -0.00012538
  0.0162145  0.00601378           0   0.0090778
 -0.0168973  0.00012538  -0.0090778           0
EndNode1[0]<--->Repeater1[0]
REAL
  0.260274 -0.0195166 -0.0102871  0.0751177
-0.0195166   0.228767   0.048308 0.00650876
-0.0102871   0.048308   0.224658 -0.0207857
 0.0751177 0.00650876 -0.0207857   0.286301
IMAGINARY
          0  -0.0180224   0.0102691 -0.00123153
  0.0180224           0 -0.00985222 -0.00758809
 -0.0102691  0.00985222           0  -0.0101277
 0.00123153  0.00758809   0.0101277           0
EndNode2[0]<--->HoM1[0]
REAL
   0.277705 0.000925273 -0.00127391     0.10065
0.000925273    0.237288   0.0309289 0.000632062
-0.00127391   0.0309289    0.221643  0.00228397
    0.10065 0.000632062  0.00228397    0.263364
IMAGINARY
           0   0.00453439   -0.0280422 -8.88644e-05
 -0.00453439            0  -0.00849766   -0.0137904
   0.0280422   0.00849766            0    0.0107379
 8.88644e-05    0.0137904   -0.0107379            0
Repeater1[0]<--->EndNode1[0]
REAL
  0.260274 -0.0102871 -0.0195166  0.0751177
-0.0102871   0.224658   0.048308 -0.0207857
-0.0195166   0.048308   0.228767 0.00650876
 0.0751177 -0.0207857 0.00650876   0.286301
IMAGINARY
          0   0.0102691  -0.0180224 -0.00123153
 -0.0102691           0  0.00985222  -0.0101277
  0.0180224 -0.00985222           0 -0.00758809
 0.00123153   0.0101277  0.00758809           0
Repeater1[0]<--->HoM1[0]
REAL
   0.277705 -0.00127391 0.000925273     0.10065
-0.00127391    0.221643   0.0309289  0.00228397
0.000925273   0.0309289    0.237288 0.000632062
    0.10065  0.00228397 0.000632062    0.263364
IMAGINARY
           0   -0.0280422   0.00453439 -8.88644e-05
   0.0280422            0   0.00849766    0.0107379
 -0.00453439  -0.00849766            0   -0.0137904
 8.88644e-05   -0.0107379    0.0137904            0
EndNode1[0]<--->Repeater1[0]
REAL
   0.266922 -0.00067187  -0.0213861   0.0800975
-0.00067187    0.240102   0.0664434   0.0144679
 -0.0213861   0.0664434    0.232439  -0.0200828
  0.0800975   0.0144679  -0.0200828    0.260536
IMAGINARY
           0   0.00163054   0.00806881  0.000864242
 -0.00163054            0  -0.00457711   -0.0165213
 -0.00806881   0.00457711            0   0.00422121
-0.000864242    0.0165213  -0.00422121            0
EndNode2[0]<--->HoM1[0]
REAL
  0.300401 -0.0216966 0.00761745   0.058914
-0.0216966   0.238985  0.0210352 0.00634194
0.00761745  0.0210352   0.217623  0.0267728
  0.058914 0.00634194  0.0267728   0.242991
IMAGINARY
           0     0.037264   0.00754972    0.0148906
   -0.037264            0   0.00903886     0.010127
 -0.00754972  -0.00903886            0  0.000614787
  -0.0148906    -0.010127 -0.000614787            0
Repeater1[0]<--->EndNode1[0]
REAL
   0.266922  -0.0213861 -0.00067187   0.0800975
 -0.0213861    0.232439   0.0664434  -0.0200828
-0.00067187   0.0664434    0.240102   0.0144679
  0.0800975  -0.0200828   0.0144679    0.260536
IMAGINARY
           0   0.00806881   0.00163054  0.000864242
 -0.00806881            0   0.00457711   0.00422121
 -0.00163054  -0.00457711            0   -0.0165213
-0.000864242  -0.00422121    0.0165213            0
Repeater1[0]<--->HoM1[0]
REAL
  0.300401 0.00761745 -0.0216966   0.058914
0.00761745   0.217623  0.0210352  0.0267728
-0.0216966  0.0210352   0.238985 0.00634194
  0.058914  0.0267728 0.00634194   0.242991
IMAGINARY
           0   0.00754972     0.037264    0.0148906
 -0.00754972            0  -0.00903886  0.000614787
   -0.037264   0.00903886            0     0.010127
  -0.0148906 -0.000614787    -0.010127            0
EndNode1[0]<--->Repeater1[0]
REAL
   0.269802 0.000899817 -0.00871033   0.0946923
0.000899817    0.215347   0.0441604 -0.00628315
-0.00871033   0.0441604    0.237624  0.00887854
  0.0946923 -0.00628315  0.00887854    0.277228
IMAGINARY
          0   0.0139183   0.0122491 -0.00980258
 -0.0139183           0 -0.00538896  0.00769772
 -0.0122491  0.00538896           0   0.0113476
 0.00980258 -0.00769772  -0.0113476           0
EndNode2[0]<--->HoM1[0]
REAL
    0.25187   0.0148031 -0.00229615   0.0690519
  0.0148031    0.230673   0.0564357  -0.0035556
-0.00229615   0.0564357     0.22818  0.00795376
  0.0690519  -0.0035556  0.00795376    0.289277
IMAGINARY
          0  0.00192285 -0.00164685  0.00999833
-0.00192285           0  -0.0271086   0.0049669
 0.00164685   0.0271086           0  0.00936534
-0.00999833  -0.0049669 -0.00936534           0
Repeater1[0]<--->EndNode1[0]
REAL
   0.269802 -0.00871033 0.000899817   0.0946923
-0.00871033    0.237624   0.0441604  0.00887854
0.000899817   0.0441604    0.215347 -0.00628315
  0.0946923  0.00887854 -0.00628315    0.277228
IMAGINARY
          0   0.0122491   0.0139183 -0.00980258
 -0.0122491           0  0.00538896   0.0113476
 -0.0139183 -0.00538896           0  0.00769772
 0.00980258  -0.0113476 -0.00769772           0
Repeater1[0]<--->HoM1[0]
REAL
    0.25187 -0.00229615   0.0148031   0.0690519
-0.00229615     0.22818   0.0564357  0.00795376
  0.0148031   0.0564357    0.230673  -0.0035556
  0.0690519  0.00795376  -0.0035556    0.289277
IMAGINARY
          0 -0.00164685  0.00192285  0.00999833
 0.00164685           0   0.0271086  0.00936534
-0.00192285  -0.0271086           0   0.0049669
-0.00999833 -0.00936534  -0.0049669           0
EndNode1[0]<--->Repeater1[0]
REAL
   0.265789 -0.00587923 -0.00255509   0.0650583
-0.00587923    0.222368   0.0374894  0.00319203
-0.00255509   0.0374894    0.242105   0.0116117
  0.0650583  0.00319203   0.0116117    0.269737
IMAGINARY
          0  -0.0254648   0.0218214   0.0224832
  0.0254648           0  0.00661018  -0.0105432
 -0.0218214 -0.00661018           0  0.00290844
 -0.0224832   0.0105432 -0.00290844           0
EndNode2[0]<--->HoM1[0]
REAL
   0.285156   0.0184624  -0.0258526   0.0830065
  0.0184624    0.227865   0.0572996 -0.00348416
 -0.0258526   0.0572996    0.220052 -0.00698285
  0.0830065 -0.00348416 -0.00698285    0.266927
IMAGINARY
          0  0.00284484  -0.0082363   0.0214059
-0.00284484           0   0.0249859 -0.00204648
  0.0082363  -0.0249859           0  -0.0118423
 -0.0214059  0.00204648   0.0118423           0
Repeater1[0]<--->EndNode1[0]
REAL
   0.265789 -0.00255509 -0.00587923   0.0650583
-0.00255509    0.242105   0.0374894   0.0116117
-0.00587923   0.0374894    0.222368  0.00319203
  0.0650583   0.0116117  0.00319203    0.269737
IMAGINARY
          0   0.0218214  -0.0254648   0.0224832
 -0.0218214           0 -0.00661018  0.00290844
  0.0254648  0.00661018           0  -0.0105432
 -0.0224832 -0.00290844   0.0105432           0
Repeater1[0]<--->HoM1[0]
REAL
   0.285156  -0.0258526   0.0184624   0.0830065
 -0.0258526    0.220052   0.0572996 -0.00698285
  0.0184624   0.0572996    0.227865 -0.00348416
  0.0830065 -0.00698285 -0.00348416    0.266927
IMAGINARY
          0  -0.0082363  0.00284484   0.0214059
  0.0082363           0  -0.0249859  -0.0118423
-0.00284484   0.0249859           0 -0.00204648
 -0.0214059   0.0118423  0.00204648           0
EndNode1[0]<--->Repeater1[0]
REAL
  0.256705 -0.0333832 0.00287549   0.075461
-0.0333832   0.201788     0.0365 -0.0202608
0.00287549     0.0365   0.270754 -0.0271175
  0.075461 -0.0202608 -0.0271175   0.270754
IMAGINARY
           0    0.0171365   0.00283294   0.00159746
  -0.0171365            0  0.000973237    0.0179463
 -0.00283294 -0.000973237            0    0.0049414
 -0.00159746   -0.0179463   -0.0049414            0
EndNode2[0]<--->HoM1[0]
REAL
   0.257862  0.00615862 -0.00426058   0.0762772
 0.00615862    0.241509   0.0432033  -0.0165186
-0.00426058   0.0432033    0.247799  0.00552969
  0.0762772  -0.0165186  0.00552969     0.25283
IMAGINARY
           0   0.00118075   0.00745701   -0.0251772
 -0.00118075            0  0.000114586   0.00616167
 -0.00745701 -0.000114586            0    0.0111409
   0.0251772  -0.00616167   -0.0111409            0
Repeater1[0]<--->EndNode1[0]
REAL
  0.256705 0.00287549 -0.0333832   0.075461
0.00287549   0.270754     0.0365 -0.0271175
-0.0333832     0.0365   0.201788 -0.0202608
  0.075461 -0.0271175 -0.0202608   0.270754
IMAGINARY
           0   0.00283294    0.0171365   0.00159746
 -0.00283294            0 -0.000973237    0.0049414
  -0.0171365  0.000973237            0    0.0179463
 -0.00159746   -0.0049414   -0.0179463            0
Repeater1[0]<--->HoM1[0]
REAL
   0.257862 -0.00426058  0.00615862   0.0762772
-0.00426058    0.247799   0.0432033  0.00552969
 0.00615862   0.0432033    0.241509  -0.0165186
  0.0762772  0.00552969  -0.0165186     0.25283
IMAGINARY
           0   0.00745701   0.00118075   -0.0251772
 -0.00745701            0 -0.000114586    0.0111409
 -0.00118075  0.000114586            0   0.00616167
   0.0251772   -0.0111409  -0.00616167            0
EndNode1[0]<--->Repeater1[0]
REAL
   0.298201 -0.00255265  0.00287707    0.073334
-0.00255265    0.236504   0.0309825 -0.00887228
 0.00287707   0.0309825    0.191517   0.0013536
   0.073334 -0.00887228   0.0013536    0.273779
IMAGINARY
          0  0.00936786   0.0120282 -0.00828734
-0.00936786           0  0.00437089 -0.00633917
 -0.0120282 -0.00437089           0 -0.00747152
 0.00828734  0.00633917  0.00747152           0
EndNode2[0]<--->HoM1[0]
REAL
     0.2657   0.0249185  0.00102599   0.0682135
  0.0249185    0.236715    0.031534 -0.00860174
 0.00102599    0.031534    0.237923  -0.0261811
  0.0682135 -0.00860174  -0.0261811    0.259662
IMAGINARY
          0  -0.0180809  -0.0106105  0.00165457
  0.0180809           0  -0.0265237    0.013828
  0.0106105   0.0265237           0 -0.00830258
-0.00165457   -0.013828  0.00830258           0
Repeater1[0]<--->EndNode1[0]
REAL
   0.298201  0.00287707 -0.00255265    0.073334
 0.00287707    0.191517   0.0309825   0.0013536
-0.00255265   0.0309825    0.236504 -0.00887228
   0.073334   0.0013536 -0.00887228    0.273779
IMAGINARY
          0   0.0120282  0.00936786 -0.00828734
 -0.0120282           0 -0.00437089 -0.00747152
-0.00936786  0.00437089           0 -0.00633917
 0.00828734  0.00747152  0.00633917           0
Repeater1[0]<--->HoM1[0]
REAL
     0.2657  0.00102599   0.0249185   0.0682135
 0.00102599    0.237923    0.031534  -0.0261811
  0.0249185    0.031534    0.236715 -0.00860174
  0.0682135  -0.0261811 -0.00860174    0.259662
IMAGINARY
          0  -0.0106105  -0.0180809  0.00165457
  0.0106105           0   0.0265237 -0.00830258
  0.0180809  -0.0265237           0    0.013828
-0.00165457  0.00830258   -0.013828           0
EndNode1[0]<--->Repeater1[0]
REAL
    0.262484   0.00661421  -0.00837062    0.0821875
  0.00661421     0.238156    0.0410564   0.00517777
 -0.00837062    0.0410564     0.245839 -0.000867085
   0.0821875   0.00517777 -0.000867085     0.253521
IMAGINARY
          0   0.0196418    0.021429   0.0026224
 -0.0196418           0  -0.0132607 -0.00986089
  -0.021429   0.0132607           0    0.016348
 -0.0026224  0.00986089   -0.016348           0
EndNode2[0]<--->HoM1[0]
REAL
   0.261034  -0.0151563   -0.021742   0.0810759
 -0.0151563    0.250946   0.0370146  0.00541033
  -0.021742   0.0370146    0.221942 -0.00871302
  0.0810759  0.00541033 -0.00871302    0.266078
IMAGINARY
          0 -0.00734518 -0.00197641  0.00537082
 0.00734518           0 -0.00925683  -0.0178192
 0.00197641  0.00925683           0  -0.0098962
-0.00537082   0.0178192   0.0098962           0
Repeater1[0]<--->EndNode1[0]
REAL
    0.262484  -0.00837062   0.00661421    0.0821875
 -0.00837062     0.245839    0.0410564 -0.000867085
  0.00661421    0.0410564     0.238156   0.00517777
   0.0821875 -0.000867085   0.00517777     0.253521
IMAGINARY
          0    0.021429   0.0196418   0.0026224
  -0.021429           0   0.0132607    0.016348
 -0.0196418  -0.0132607           0 -0.00986089
 -0.0026224   -0.016348  0.00986089           0
Repeater1[0]<--->HoM1[0]
REAL
   0.261034   -0.021742  -0.0151563   0.0810759
  -0.021742    0.221942   0.0370146 -0.00871302
 -0.0151563   0.0370146    0.250946  0.00541033
  0.0810759 -0.00871302  0.00541033    0.266078
IMAGINARY
          0 -0.00197641 -0.00734518  0.00537082
 0.00197641           0  0.00925683  -0.0098962
 0.00734518 -0.00925683           0  -0.0178192
-0.00537082   0.0098962   0.0178192           0
EndNode1[0]<--->Repeater1[0]
REAL
   0.266985  0.00197422 -0.00552928    0.108429
 0.00197422    0.237187   0.0212974  -0.0029453
-0.00552928   0.0212974    0.252682   0.0182344
   0.108429  -0.0029453   0.0182344    0.243147
IMAGINARY
           0    0.0225002  3.13274e-05    0.0126159
  -0.0225002            0   0.00261589  -0.00673374
-3.13274e-05  -0.00261589            0   0.00296896
  -0.0126159   0.00673374  -0.00296896            0
EndNode2[0]<--->HoM1[0]
REAL
   0.24938 0.00587007  0.0164016  0.0704582
0.00587007   0.225806  0.0314971  0.0157213
 0.0164016  0.0314971   0.224566 -0.0114567
 0.0704582  0.0157213 -0.0114567   0.300248
IMAGINARY
           0   0.00022755 -0.000786056   -0.0226018
 -0.00022755            0  -0.00307056    0.0202666
 0.000786056   0.00307056            0  -0.00282495
   0.0226018   -0.0202666   0.00282495            0
Repeater1[0]<--->EndNode1[0]
REAL
   0.266985 -0.00552928  0.00197422    0.108429
-0.00552928    0.252682   0.0212974   0.0182344
 0.00197422   0.0212974    0.237187  -0.0029453
   0.108429   0.0182344  -0.0029453    0.243147
IMAGINARY
           0  3.13274e-05    0.0225002    0.0126159
-3.13274e-05            0  -0.00261589   0.00296896
  -0.0225002   0.00261589            0  -0.00673374
  -0.0126159  -0.00296896   0.00673374            0
Repeater1[0]<--->HoM1[0]
REAL
   0.24938  0.0164016 0.00587007  0.0704582
 0.0164016   0.224566  0.0314971 -0.0114567
0.00587007  0.0314971   0.225806  0.0157213
 0.0704582 -0.0114567  0.0157213   0.300248
IMAGINARY
           0 -0.000786056   0.00022755   -0.0226018
 0.000786056            0   0.00307056  -0.00282495
 -0.00022755  -0.00307056            0    0.0202666
   0.0226018   0.00282495   -0.0202666            0
EndNode1[0]<--->Repeater1[0]
REAL
   0.286885 -0.00772816 -0.00966495   0.0883734
-0.00772816    0.236339   0.0307976  0.00966495
-0.00966495   0.0307976    0.239071  -0.0155879
  0.0883734  0.00966495  -0.0155879    0.237705
IMAGINARY
          0 -0.00962346 -0.00563068  -0.0124737
 0.00962346           0     0.01907   0.0280549
 0.00563068    -0.01907           0   0.0126538
  0.0124737  -0.0280549  -0.0126538           0
EndNode2[0]<--->HoM1[0]
REAL
    0.265604    0.0269476   -0.0116355    0.0785114
   0.0269476     0.233732    0.0734223 -0.000795415
  -0.0116355    0.0734223     0.212483  -0.00899183
   0.0785114 -0.000795415  -0.00899183     0.288181
IMAGINARY
           0   -0.0057849   0.00731997  -0.00505358
   0.0057849            0 -0.000737923    0.0143085
 -0.00731997  0.000737923            0   0.00324037
  0.00505358   -0.0143085  -0.00324037            0
Repeater1[0]<--->EndNode1[0]
REAL
   0.286885 -0.00966495 -0.00772816   0.0883734
-0.00966495    0.239071   0.0307976  -0.0155879
-0.00772816   0.0307976    0.236339  0.00966495
  0.0883734  -0.0155879  0.00966495    0.237705
IMAGINARY
          0 -0.00563068 -0.00962346  -0.0124737
 0.00563068           0    -0.01907   0.0126538
 0.00962346     0.01907           0   0.0280549
  0.0124737  -0.0126538  -0.0280549           0
Repeater1[0]<--->HoM1[0]
REAL
    0.265604   -0.0116355    0.0269476    0.0785114
  -0.0116355     0.212483    0.0734223  -0.00899183
   0.0269476    0.0734223     0.233732 -0.000795415
   0.0785114  -0.00899183 -0.000795415     0.288181
IMAGINARY
           0   0.00731997   -0.0057849  -0.00505358
 -0.00731997            0  0.000737923   0.00324037
   0.0057849 -0.000737923            0    0.0143085
  0.00505358  -0.00324037   -0.0143085            0
EndNode1[0]<--->Repeater1[0]
REAL
   0.256579 -0.00628956  0.00592541    0.106201
-0.00628956    0.238158   0.0375486  -0.0134254
 0.00592541   0.0375486    0.218421  3.9557e-05
   0.106201  -0.0134254  3.9557e-05    0.286842
IMAGINARY
          0  -0.0143057   -0.010994 -0.00384139
  0.0143057           0  -0.0107475 -0.00973138
   0.010994   0.0107475           0 -0.00253369
 0.00384139  0.00973138  0.00253369           0
EndNode2[0]<--->HoM1[0]
REAL
   0.281209 -0.00616052 -0.00229083   0.0822012
-0.00616052    0.218134   0.0347653  0.00357618
-0.00229083   0.0347653    0.235217  -0.0156904
  0.0822012  0.00357618  -0.0156904     0.26544
IMAGINARY
          0  0.00810587 -0.00846771 -0.00134285
-0.00810587           0 -0.00309314 -0.00563485
 0.00846771  0.00309314           0  -0.0209264
 0.00134285  0.00563485   0.0209264           0
Repeater1[0]<--->EndNode1[0]
REAL
   0.256579  0.00592541 -0.00628956    0.106201
 0.00592541    0.218421   0.0375486  3.9557e-05
-0.00628956   0.0375486    0.238158  -0.0134254
   0.106201  3.9557e-05  -0.0134254    0.286842
IMAGINARY
          0   -0.010994  -0.0143057 -0.00384139
   0.010994           0   0.0107475 -0.00253369
  0.0143057  -0.0107475           0 -0.00973138
 0.00384139  0.00253369  0.00973138           0
Repeater1[0]<--->HoM1[0]
REAL
   0.281209 -0.00229083 -0.00616052   0.0822012
-0.00229083    0.235217   0.0347653  -0.0156904
-0.00616052   0.0347653    0.218134  0.00357618
  0.0822012  -0.0156904  0.00357618     0.26544
IMAGINARY
          0 -0.00846771  0.00810587 -0.00134285
 0.00846771           0  0.00309314  -0.0209264
-0.00810587 -0.00309314           0 -0.00563485
 0.00134285   0.0209264  0.00563485           0
EndNode1[0]<--->Repeater1[0]
REAL
   0.274172   0.0235811   0.0166884    0.107756
  0.0235811    0.198675   0.0280462 -0.00434276
  0.0166884   0.0280462     0.22649 -0.00259342
   0.107756 -0.00434276 -0.00259342    0.300662
IMAGINARY
          0  -0.0014108 -0.00105137  -0.0211274
  0.0014108           0   0.0145406  -0.0167352
 0.00105137  -0.0145406           0 -0.00583558
  0.0211274   0.0167352  0.00583558           0
EndNode2[0]<--->HoM1[0]
REAL
   0.258964  0.00375903  -0.0123464   0.0681314
 0.00375903    0.252324   0.0350627  -0.0109951
 -0.0123464   0.0350627    0.232404 -0.00621603
  0.0681314  -0.0109951 -0.00621603    0.256308
IMAGINARY
          0  -0.0113346  0.00122048 -0.00073636
  0.0113346           0  0.00445844 -0.00651148
-0.00122048 -0.00445844           0  0.00207535
 0.00073636  0.00651148 -0.00207535           0
Repeater1[0]<--->EndNode1[0]
REAL
   0.274172   0.0166884   0.0235811    0.107756
  0.0166884     0.22649   0.0280462 -0.00259342
  0.0235811   0.0280462    0.198675 -0.00434276
   0.107756 -0.00259342 -0.00434276    0.300662
IMAGINARY
          0 -0.00105137  -0.0014108  -0.0211274
 0.00105137           0  -0.0145406 -0.00583558
  0.0014108   0.0145406           0  -0.0167352
  0.0211274  0.00583558   0.0167352           0
Repeater1[0]<--->HoM1[0]
REAL
   0.258964  -0.0123464  0.00375903   0.0681314
 -0.0123464    0.232404   0.0350627 -0.00621603
 0.00375903   0.0350627    0.252324  -0.0109951
  0.0681314 -0.00621603  -0.0109951    0.256308
IMAGINARY
          0  0.00122048  -0.0113346 -0.00073636
-0.00122048           0 -0.00445844  0.00207535
  0.0113346  0.00445844           0 -0.00651148
 0.00073636 -0.00207535  0.00651148           0
EndNode1[0]<--->Repeater1[0]
REAL
    0.27327 -0.00435765 -0.00543478   0.0717199
-0.00435765     0.23031   0.0478454 -0.00543478
-0.00543478   0.0478454    0.217184   0.0125098
  0.0717199 -0.00543478   0.0125098    0.279236
IMAGINARY
           0   -0.0117562    -0.019366   -0.0312541
   0.0117562            0   0.00395717  0.000948543
    0.019366  -0.00395717            0    0.0151669
   0.0312541 -0.000948543   -0.0151669            0
EndNode2[0]<--->HoM1[0]
REAL
    0.2543 0.00131415 0.00277112  0.0819233
0.00131415   0.234644   0.031142 -0.0040274
0.00277112   0.031142   0.238329 0.00999239
 0.0819233 -0.0040274 0.00999239   0.272727
IMAGINARY
          0  0.00060442  0.00382788   0.0115832
-0.00060442           0   0.0161946 -0.00643204
-0.00382788  -0.0161946           0 -0.00451067
 -0.0115832  0.00643204  0.00451067           0
Repeater1[0]<--->EndNode1[0]
REAL
    0.27327 -0.00543478 -0.00435765   0.0717199
-0.00543478    0.217184   0.0478454   0.0125098
-0.00435765   0.0478454     0.23031 -0.00543478
  0.0717199   0.0125098 -0.00543478    0.279236
IMAGINARY
           0    -0.019366   -0.0117562   -0.0312541
    0.019366            0  -0.00395717    0.0151669
   0.0117562   0.00395717            0  0.000948543
   0.0312541   -0.0151669 -0.000948543            0
Repeater1[0]<--->HoM1[0]
REAL
    0.2543 0.00277112 0.00131415  0.0819233
0.00277112   0.238329   0.031142 0.00999239
0.00131415   0.031142   0.234644 -0.0040274
 0.0819233 0.00999239 -0.0040274   0.272727
IMAGINARY
          0  0.00382788  0.00060442   0.0115832
-0.00382788           0  -0.0161946 -0.00451067
-0.00060442   0.0161946           0 -0.00643204
 -0.0115832  0.00451067  0.00643204           0
EndNode1[0]<--->Repeater1[0]
REAL
   0.279099 -0.00287347  -0.0184704   0.0819561
-0.00287347    0.236546   0.0256734  0.00757124
 -0.0184704   0.0256734    0.215269   0.0137726
  0.0819561  0.00757124   0.0137726    0.269086
IMAGINARY
          0    0.015484 -0.00557239 -0.00668366
  -0.015484           0  0.00478733 -0.00620771
 0.00557239 -0.00478733           0 -0.00501285
 0.00668366  0.00620771  0.00501285           0
EndNode2[0]<--->HoM1[0]
REAL
   0.272379   0.0082636  0.00184811   0.0931651
  0.0082636    0.221228   0.0350877   0.0124022
 0.00184811   0.0350877    0.227621 -0.00888318
  0.0931651   0.0124022 -0.00888318    0.278772
IMAGINARY
          0  -0.0172394  0.00123938 -0.00355492
  0.0172394           0  -0.0181303 -0.00324205
-0.00123938   0.0181303           0  -0.0034549
 0.00355492  0.00324205   0.0034549           0
Repeater1[0]<--->EndNode1[0]
REAL
   0.279099  -0.0184704 -0.00287347   0.0819561
 -0.0184704    0.215269   0.0256734   0.0137726
-0.00287347   0.0256734    0.236546  0.00757124
  0.0819561   0.0137726  0.00757124    0.269086
IMAGINARY
          0 -0.00557239    0.015484 -0.00668366
 0.00557239           0 -0.00478733 -0.00501285
  -0.015484  0.00478733           0 -0.00620771
 0.00668366  0.00501285  0.00620771           0
Repeater1[0]<--->HoM1[0]
REAL
   0.272379  0.00184811   0.0082636   0.0931651
 0.00184811    0.227621   0.0350877 -0.00888318
  0.0082636   0.0350877    0.221228   0.0124022
  0.0931651 -0.00888318   0.0124022    0.278772
IMAGINARY
          0  0.00123938  -0.0172394 -0.00355492
-0.00123938           0   0.0181303  -0.0034549
  0.0172394  -0.0181303           0 -0.00324205
 0.00355492   0.0034549  0.00324205           0
