EndNode1[0]<--->Repeater1[0]
REAL
   0.434395  0.00940591   0.0140473    0.288441
 0.00940591    0.138854   0.0298636  -0.0268333
  0.0140473   0.0298636    0.119745 -0.00200349
   0.288441  -0.0268333 -0.00200349    0.307006
IMAGINARY
          0   0.0190094  -0.0147091  0.00572713
 -0.0190094           0  -0.0152813 -0.00625658
  0.0147091   0.0152813           0  0.00449756
-0.00572713  0.00625658 -0.00449756           0
EndNode2[0]<--->HoM1[0]
REAL
  0.429612  0.0015076   0.022069   0.322457
 0.0015076   0.114078  0.0699569 0.00206897
  0.022069  0.0699569   0.100728  0.0171131
  0.322457 0.00206897  0.0171131   0.355583
IMAGINARY
           0   -0.0125749   0.00512739    0.0141282
   0.0125749            0  -0.00229756    0.0248726
 -0.00512739   0.00229756            0  7.49001e-05
  -0.0141282   -0.0248726 -7.49001e-05            0
Repeater1[0]<--->EndNode1[0]
REAL
   0.434395   0.0140473  0.00940591    0.288441
  0.0140473    0.119745   0.0298636 -0.00200349
 0.00940591   0.0298636    0.138854  -0.0268333
   0.288441 -0.00200349  -0.0268333    0.307006
IMAGINARY
          0  -0.0147091   0.0190094  0.00572713
  0.0147091           0   0.0152813  0.00449756
 -0.0190094  -0.0152813           0 -0.00625658
-0.00572713 -0.00449756  0.00625658           0
Repeater1[0]<--->HoM1[0]
REAL
  0.429612   0.022069  0.0015076   0.322457
  0.022069   0.100728  0.0699569  0.0171131
 0.0015076  0.0699569   0.114078 0.00206897
  0.322457  0.0171131 0.00206897   0.355583
IMAGINARY
           0   0.00512739   -0.0125749    0.0141282
 -0.00512739            0   0.00229756  7.49001e-05
   0.0125749  -0.00229756            0    0.0248726
  -0.0141282 -7.49001e-05   -0.0248726            0
EndNode1[0]<--->Repeater1[0]
REAL
    0.447535   0.00522044 -0.000113867     0.287146
  0.00522044     0.135272    0.0401264  -0.00248354
-0.000113867    0.0401264     0.136536   0.00127307
    0.287146  -0.00248354   0.00127307     0.280657
IMAGINARY
          0 -0.00337757   0.0169581  0.00554412
 0.00337757           0 -0.00617463 -0.00437528
 -0.0169581  0.00617463           0  -0.0105297
-0.00554412  0.00437528   0.0105297           0
EndNode2[0]<--->HoM1[0]
REAL
   0.424675 -0.00960766  -0.0030301    0.330588
-0.00960766    0.128571   0.0697769 -0.00365277
 -0.0030301   0.0697769    0.116883  0.00535493
   0.330588 -0.00365277  0.00535493     0.32987
IMAGINARY
          0   0.0239342 -0.00945946 -0.00794262
 -0.0239342           0 -0.00389949 -0.00945946
 0.00945946  0.00389949           0  -0.0198802
 0.00794262  0.00945946   0.0198802           0
Repeater1[0]<--->EndNode1[0]
REAL
    0.447535 -0.000113867   0.00522044     0.287146
-0.000113867     0.136536    0.0401264   0.00127307
  0.00522044    0.0401264     0.135272  -0.00248354
    0.287146   0.00127307  -0.00248354     0.280657
IMAGINARY
          0   0.0169581 -0.00337757  0.00554412
 -0.0169581           0  0.00617463  -0.0105297
 0.00337757 -0.00617463           0 -0.00437528
-0.00554412   0.0105297  0.00437528           0
Repeater1[0]<--->HoM1[0]
REAL
   0.424675  -0.0030301 -0.00960766    0.330588
 -0.0030301    0.116883   0.0697769  0.00535493
-0.00960766   0.0697769    0.128571 -0.00365277
   0.330588  0.00535493 -0.00365277     0.32987
IMAGINARY
          0 -0.00945946   0.0239342 -0.00794262
 0.00945946           0  0.00389949  -0.0198802
 -0.0239342 -0.00389949           0 -0.00945946
 0.00794262   0.0198802  0.00945946           0
EndNode1[0]<--->Repeater1[0]
REAL
    0.435864   0.00205505    0.0142063     0.270844
  0.00205505     0.124346    0.0330775 -0.000480805
   0.0142063    0.0330775     0.125654    0.0116704
    0.270844 -0.000480805    0.0116704     0.314136
IMAGINARY
          0 -0.00538518  0.00267437  0.00411412
 0.00538518           0  0.00603473 -0.00330172
-0.00267437 -0.00603473           0  0.00224841
-0.00411412  0.00330172 -0.00224841           0
EndNode2[0]<--->HoM1[0]
REAL
   0.41118 0.00781095 0.00742574   0.313762
0.00781095   0.137888  0.0661888 0.00742574
0.00742574  0.0661888   0.113043 0.00580291
  0.313762 0.00742574 0.00580291   0.337888
IMAGINARY
           0   0.00299845    0.0085146     0.001657
 -0.00299845            0   -0.0010168   -0.0189168
  -0.0085146    0.0010168            0 -0.000918003
   -0.001657    0.0189168  0.000918003            0
Repeater1[0]<--->EndNode1[0]
REAL
    0.435864    0.0142063   0.00205505     0.270844
   0.0142063     0.125654    0.0330775    0.0116704
  0.00205505    0.0330775     0.124346 -0.000480805
    0.270844    0.0116704 -0.000480805     0.314136
IMAGINARY
          0  0.00267437 -0.00538518  0.00411412
-0.00267437           0 -0.00603473  0.00224841
 0.00538518  0.00603473           0 -0.00330172
-0.00411412 -0.00224841  0.00330172           0
Repeater1[0]<--->HoM1[0]
REAL
   0.41118 0.00742574 0.00781095   0.313762
0.00742574   0.113043  0.0661888 0.00580291
0.00781095  0.0661888   0.137888 0.00742574
  0.313762 0.00580291 0.00742574   0.337888
IMAGINARY
           0    0.0085146   0.00299845     0.001657
  -0.0085146            0    0.0010168 -0.000918003
 -0.00299845   -0.0010168            0   -0.0189168
   -0.001657  0.000918003    0.0189168            0
EndNode1[0]<--->Repeater1[0]
REAL
  0.447704 0.00560485  0.0062548   0.271581
0.00560485   0.139031  0.0585822   0.016843
 0.0062548  0.0585822   0.121173 -0.0110396
  0.271581   0.016843 -0.0110396   0.292092
IMAGINARY
         0  0.0147484 -0.0020903   0.010371
-0.0147484          0  0.0116497 -0.0255802
 0.0020903 -0.0116497          0  0.0116351
 -0.010371  0.0255802 -0.0116351          0
EndNode2[0]<--->HoM1[0]
REAL
   0.433289 -0.00964286  -0.0167309    0.359089
-0.00964286    0.109643   0.0614082    0.012383
 -0.0167309   0.0614082    0.114927 -0.00464286
   0.359089    0.012383 -0.00464286     0.34214
IMAGINARY
          0 -0.00922537  -0.0179032   0.0157676
 0.00922537           0  0.00648374  0.00115065
  0.0179032 -0.00648374           0  0.00149342
 -0.0157676 -0.00115065 -0.00149342           0
Repeater1[0]<--->EndNode1[0]
REAL
  0.447704  0.0062548 0.00560485   0.271581
 0.0062548   0.121173  0.0585822 -0.0110396
0.00560485  0.0585822   0.139031   0.016843
  0.271581 -0.0110396   0.016843   0.292092
IMAGINARY
         0 -0.0020903  0.0147484   0.010371
 0.0020903          0 -0.0116497  0.0116351
-0.0147484  0.0116497          0 -0.0255802
 -0.010371 -0.0116351  0.0255802          0
Repeater1[0]<--->HoM1[0]
REAL
   0.433289  -0.0167309 -0.00964286    0.359089
 -0.0167309    0.114927   0.0614082 -0.00464286
-0.00964286   0.0614082    0.109643    0.012383
   0.359089 -0.00464286    0.012383     0.34214
IMAGINARY
          0  -0.0179032 -0.00922537   0.0157676
  0.0179032           0 -0.00648374  0.00149342
 0.00922537  0.00648374           0  0.00115065
 -0.0157676 -0.00149342 -0.00115065           0
EndNode1[0]<--->Repeater1[0]
REAL
   0.443857   0.0122268 5.30283e-05    0.291857
  0.0122268    0.137384   0.0525576  0.00925548
5.30283e-05   0.0525576    0.117569  0.00639022
   0.291857  0.00925548  0.00639022    0.301189
IMAGINARY
          0  -0.0176694   0.0103583 -0.00536369
  0.0176694           0  -0.0168726   0.0149335
 -0.0103583   0.0168726           0 -0.00891942
 0.00536369  -0.0149335  0.00891942           0
EndNode2[0]<--->HoM1[0]
REAL
   0.409478 -0.00492324   0.0092491    0.329121
-0.00492324    0.113001   0.0806933   0.0040135
  0.0092491   0.0806933    0.119077   0.0102283
   0.329121   0.0040135   0.0102283    0.358445
IMAGINARY
          0  0.00696368 -0.00524381 -0.00411184
-0.00696368           0   0.0214452  -0.0117373
 0.00524381  -0.0214452           0 -0.00507688
 0.00411184   0.0117373  0.00507688           0
Repeater1[0]<--->EndNode1[0]
REAL
   0.443857 5.30283e-05   0.0122268    0.291857
5.30283e-05    0.117569   0.0525576  0.00639022
  0.0122268   0.0525576    0.137384  0.00925548
   0.291857  0.00639022  0.00925548    0.301189
IMAGINARY
          0   0.0103583  -0.0176694 -0.00536369
 -0.0103583           0   0.0168726 -0.00891942
  0.0176694  -0.0168726           0   0.0149335
 0.00536369  0.00891942  -0.0149335           0
Repeater1[0]<--->HoM1[0]
REAL
   0.409478   0.0092491 -0.00492324    0.329121
  0.0092491    0.119077   0.0806933   0.0102283
-0.00492324   0.0806933    0.113001   0.0040135
   0.329121   0.0102283   0.0040135    0.358445
IMAGINARY
          0 -0.00524381  0.00696368 -0.00411184
 0.00524381           0  -0.0214452 -0.00507688
-0.00696368   0.0214452           0  -0.0117373
 0.00411184  0.00507688   0.0117373           0
EndNode1[0]<--->Repeater1[0]
REAL
    0.430263   0.00773233   -0.0190349      0.28567
  0.00773233     0.131579    0.0550939 -0.000710308
  -0.0190349    0.0550939        0.125   -0.0160126
     0.28567 -0.000710308   -0.0160126     0.313158
IMAGINARY
          0 -0.00943123   0.0127884   0.0102863
 0.00943123           0   0.0141523  0.00851488
 -0.0127884  -0.0141523           0  -0.0181377
 -0.0102863 -0.00851488   0.0181377           0
EndNode2[0]<--->HoM1[0]
REAL
    0.37238 -0.00939013 -0.00680995    0.333729
-0.00939013    0.112207   0.0624458   0.0259356
-0.00680995   0.0624458    0.139334   0.0203191
   0.333729   0.0259356   0.0203191    0.376079
IMAGINARY
          0  0.00928114  -0.0231604  -0.0109721
-0.00928114           0   0.0161401  -0.0079705
  0.0231604  -0.0161401           0    0.024391
  0.0109721   0.0079705   -0.024391           0
Repeater1[0]<--->EndNode1[0]
REAL
    0.430263   -0.0190349   0.00773233      0.28567
  -0.0190349        0.125    0.0550939   -0.0160126
  0.00773233    0.0550939     0.131579 -0.000710308
     0.28567   -0.0160126 -0.000710308     0.313158
IMAGINARY
          0   0.0127884 -0.00943123   0.0102863
 -0.0127884           0  -0.0141523  -0.0181377
 0.00943123   0.0141523           0  0.00851488
 -0.0102863   0.0181377 -0.00851488           0
Repeater1[0]<--->HoM1[0]
REAL
    0.37238 -0.00680995 -0.00939013    0.333729
-0.00680995    0.139334   0.0624458   0.0203191
-0.00939013   0.0624458    0.112207   0.0259356
   0.333729   0.0203191   0.0259356    0.376079
IMAGINARY
          0  -0.0231604  0.00928114  -0.0109721
  0.0231604           0  -0.0161401    0.024391
-0.00928114   0.0161401           0  -0.0079705
  0.0109721   -0.024391   0.0079705           0
EndNode1[0]<--->Repeater1[0]
REAL
  0.444166  0.0158854  0.0125051   0.279924
 0.0158854   0.163112  0.0450758 0.00277271
 0.0125051  0.0450758   0.110414  0.0132813
  0.279924 0.00277271  0.0132813   0.282309
IMAGINARY
          0  -0.0235121  0.00926263  0.00905134
  0.0235121           0  -0.0047463 -0.00673737
-0.00926263   0.0047463           0   0.0260374
-0.00905134  0.00673737  -0.0260374           0
EndNode2[0]<--->HoM1[0]
REAL
  0.428937 0.00715348 0.00437803   0.325093
0.00715348   0.113956  0.0663427  0.0167317
0.00437803  0.0663427   0.126761  0.0187814
  0.325093  0.0167317  0.0187814   0.330346
IMAGINARY
         0  0.0124051   -0.02075  0.0162955
-0.0124051          0 -0.0137445    0.00325
   0.02075  0.0137445          0 -0.0111551
-0.0162955   -0.00325  0.0111551          0
Repeater1[0]<--->EndNode1[0]
REAL
  0.444166  0.0125051  0.0158854   0.279924
 0.0125051   0.110414  0.0450758  0.0132813
 0.0158854  0.0450758   0.163112 0.00277271
  0.279924  0.0132813 0.00277271   0.282309
IMAGINARY
          0  0.00926263  -0.0235121  0.00905134
-0.00926263           0   0.0047463   0.0260374
  0.0235121  -0.0047463           0 -0.00673737
-0.00905134  -0.0260374  0.00673737           0
Repeater1[0]<--->HoM1[0]
REAL
  0.428937 0.00437803 0.00715348   0.325093
0.00437803   0.126761  0.0663427  0.0187814
0.00715348  0.0663427   0.113956  0.0167317
  0.325093  0.0187814  0.0167317   0.330346
IMAGINARY
         0   -0.02075  0.0124051  0.0162955
   0.02075          0  0.0137445 -0.0111551
-0.0124051 -0.0137445          0    0.00325
-0.0162955  0.0111551   -0.00325          0
EndNode1[0]<--->Repeater1[0]
REAL
   0.431788  -0.0109767 -0.00364119    0.287189
 -0.0109767    0.116556   0.0397798  -0.0023254
-0.00364119   0.0397798    0.100662   0.0276831
   0.287189  -0.0023254   0.0276831    0.350993
IMAGINARY
          0  -0.0112065 -0.00654981  0.00169494
  0.0112065           0  -0.0163291 -0.00251755
 0.00654981   0.0163291           0   -0.032835
-0.00169494  0.00251755    0.032835           0
EndNode2[0]<--->HoM1[0]
REAL
    0.45006 -0.00350532 -0.00208593    0.327999
-0.00350532    0.111913   0.0736828   0.0221377
-0.00208593   0.0736828    0.111913  0.00803314
   0.327999   0.0221377  0.00803314    0.326113
IMAGINARY
          0   0.0134319    0.015634  -0.0109285
 -0.0134319           0    0.017473 -0.00965787
  -0.015634   -0.017473           0 -0.00745582
  0.0109285  0.00965787  0.00745582           0
Repeater1[0]<--->EndNode1[0]
REAL
   0.431788 -0.00364119  -0.0109767    0.287189
-0.00364119    0.100662   0.0397798   0.0276831
 -0.0109767   0.0397798    0.116556  -0.0023254
   0.287189   0.0276831  -0.0023254    0.350993
IMAGINARY
          0 -0.00654981  -0.0112065  0.00169494
 0.00654981           0   0.0163291   -0.032835
  0.0112065  -0.0163291           0 -0.00251755
-0.00169494    0.032835  0.00251755           0
Repeater1[0]<--->HoM1[0]
REAL
    0.45006 -0.00208593 -0.00350532    0.327999
-0.00208593    0.111913   0.0736828  0.00803314
-0.00350532   0.0736828    0.111913   0.0221377
   0.327999  0.00803314   0.0221377    0.326113
IMAGINARY
          0    0.015634   0.0134319  -0.0109285
  -0.015634           0   -0.017473 -0.00745582
 -0.0134319    0.017473           0 -0.00965787
  0.0109285  0.00745582  0.00965787           0
EndNode1[0]<--->Repeater1[0]
REAL
   0.419481 -0.00530072  0.00615764    0.285898
-0.00530072    0.119481   0.0544163 -0.00615764
 0.00615764   0.0544163    0.125974 -0.00778828
   0.285898 -0.00615764 -0.00778828    0.335065
IMAGINARY
          0 -0.00806521 -0.00147894  0.00415685
 0.00806521           0   0.0192702  -0.0143941
 0.00147894  -0.0192702           0  0.00409695
-0.00415685   0.0143941 -0.00409695           0
EndNode2[0]<--->HoM1[0]
REAL
   0.448598 -0.00545458 -0.00238077    0.338204
-0.00545458    0.121495   0.0644721  0.00724695
-0.00238077   0.0644721    0.116155 -0.00671087
   0.338204  0.00724695 -0.00671087    0.313752
IMAGINARY
           0   -0.0143043    0.0216795  0.000911091
   0.0143043            0   0.00864305  -0.00282383
  -0.0216795  -0.00864305            0  0.000650195
-0.000911091   0.00282383 -0.000650195            0
Repeater1[0]<--->EndNode1[0]
REAL
   0.419481  0.00615764 -0.00530072    0.285898
 0.00615764    0.125974   0.0544163 -0.00778828
-0.00530072   0.0544163    0.119481 -0.00615764
   0.285898 -0.00778828 -0.00615764    0.335065
IMAGINARY
          0 -0.00147894 -0.00806521  0.00415685
 0.00147894           0  -0.0192702  0.00409695
 0.00806521   0.0192702           0  -0.0143941
-0.00415685 -0.00409695   0.0143941           0
Repeater1[0]<--->HoM1[0]
REAL
   0.448598 -0.00238077 -0.00545458    0.338204
-0.00238077    0.116155   0.0644721 -0.00671087
-0.00545458   0.0644721    0.121495  0.00724695
   0.338204 -0.00671087  0.00724695    0.313752
IMAGINARY
           0    0.0216795   -0.0143043  0.000911091
  -0.0216795            0  -0.00864305  0.000650195
   0.0143043   0.00864305            0  -0.00282383
-0.000911091 -0.000650195   0.00282383            0
EndNode1[0]<--->Repeater1[0]
REAL
  0.442893 0.00869301 -0.0013192   0.282399
0.00869301   0.163706  0.0579998  0.0212693
-0.0013192  0.0579998  0.0989848  0.0112571
  0.282399  0.0212693  0.0112571   0.294416
IMAGINARY
          0  0.00158028  -0.0249491   0.0022123
-0.00158028           0   0.0171987   0.0192601
  0.0249491  -0.0171987           0  0.00158028
 -0.0022123  -0.0192601 -0.00158028           0
EndNode2[0]<--->HoM1[0]
REAL
   0.404054  0.00372849 -0.00266424    0.325795
 0.00372849   0.0986486   0.0636399  0.00880675
-0.00266424   0.0636399    0.148649  0.00978502
   0.325795  0.00880675  0.00978502    0.348649
IMAGINARY
          0  -0.0159562  0.00138301   0.0141838
  0.0159562           0   0.0135564   0.0137287
-0.00138301  -0.0135564           0 -0.00835389
 -0.0141838  -0.0137287  0.00835389           0
Repeater1[0]<--->EndNode1[0]
REAL
  0.442893 -0.0013192 0.00869301   0.282399
-0.0013192  0.0989848  0.0579998  0.0112571
0.00869301  0.0579998   0.163706  0.0212693
  0.282399  0.0112571  0.0212693   0.294416
IMAGINARY
          0  -0.0249491  0.00158028   0.0022123
  0.0249491           0  -0.0171987  0.00158028
-0.00158028   0.0171987           0   0.0192601
 -0.0022123 -0.00158028  -0.0192601           0
Repeater1[0]<--->HoM1[0]
REAL
   0.404054 -0.00266424  0.00372849    0.325795
-0.00266424    0.148649   0.0636399  0.00978502
 0.00372849   0.0636399   0.0986486  0.00880675
   0.325795  0.00978502  0.00880675    0.348649
IMAGINARY
          0  0.00138301  -0.0159562   0.0141838
-0.00138301           0  -0.0135564 -0.00835389
  0.0159562   0.0135564           0   0.0137287
 -0.0141838  0.00835389  -0.0137287           0
EndNode1[0]<--->Repeater1[0]
REAL
  0.440204  0.0236979 0.00649529   0.285109
 0.0236979   0.156489  0.0495066  0.0396586
0.00649529  0.0495066   0.119593  0.0263021
  0.285109  0.0396586  0.0263021   0.283715
IMAGINARY
          0 -0.00139462  -0.0121354 -0.00665284
 0.00139462           0  0.00205363 -0.00357145
  0.0121354 -0.00205363           0   0.0275726
 0.00665284  0.00357145  -0.0275726           0
EndNode2[0]<--->HoM1[0]
REAL
   0.408138  -0.0149209  0.00065703     0.32412
 -0.0149209    0.131936   0.0654991 -0.00394218
 0.00065703   0.0654991    0.119605  0.00375134
    0.32412 -0.00394218  0.00375134    0.340321
IMAGINARY
           0   -0.0197184  0.000212639    0.0114404
   0.0197184            0    0.0015066      0.02366
-0.000212639   -0.0015066            0    0.0144133
  -0.0114404     -0.02366   -0.0144133            0
Repeater1[0]<--->EndNode1[0]
REAL
  0.440204 0.00649529  0.0236979   0.285109
0.00649529   0.119593  0.0495066  0.0263021
 0.0236979  0.0495066   0.156489  0.0396586
  0.285109  0.0263021  0.0396586   0.283715
IMAGINARY
          0  -0.0121354 -0.00139462 -0.00665284
  0.0121354           0 -0.00205363   0.0275726
 0.00139462  0.00205363           0 -0.00357145
 0.00665284  -0.0275726  0.00357145           0
Repeater1[0]<--->HoM1[0]
REAL
   0.408138  0.00065703  -0.0149209     0.32412
 0.00065703    0.119605   0.0654991  0.00375134
 -0.0149209   0.0654991    0.131936 -0.00394218
    0.32412  0.00375134 -0.00394218    0.340321
IMAGINARY
           0  0.000212639   -0.0197184    0.0114404
-0.000212639            0   -0.0015066    0.0144133
   0.0197184    0.0015066            0      0.02366
  -0.0114404   -0.0144133     -0.02366            0
EndNode1[0]<--->Repeater1[0]
REAL
   0.424695  0.00517138  -0.0111738    0.276438
 0.00517138    0.151967   0.0568951  -0.0169952
 -0.0111738   0.0568951    0.109905 -0.00986621
   0.276438  -0.0169952 -0.00986621    0.313433
IMAGINARY
          0  -0.0117562 -0.00609901  0.00198095
  0.0117562           0   0.0013391  0.00990611
 0.00609901  -0.0013391           0  0.00921811
-0.00198095 -0.00990611 -0.00921811           0
EndNode2[0]<--->HoM1[0]
REAL
  0.429698  0.0101884 0.00939877   0.327391
 0.0101884   0.120894  0.0580659 0.00668874
0.00939877  0.0580659   0.102497 0.00461215
  0.327391 0.00668874 0.00461215   0.346912
IMAGINARY
          0   0.0035857  -0.0192912   0.0071942
 -0.0035857           0  -0.0179947 -0.00340814
  0.0192912   0.0179947           0   0.0240217
 -0.0071942  0.00340814  -0.0240217           0
Repeater1[0]<--->EndNode1[0]
REAL
   0.424695  -0.0111738  0.00517138    0.276438
 -0.0111738    0.109905   0.0568951 -0.00986621
 0.00517138   0.0568951    0.151967  -0.0169952
   0.276438 -0.00986621  -0.0169952    0.313433
IMAGINARY
          0 -0.00609901  -0.0117562  0.00198095
 0.00609901           0  -0.0013391  0.00921811
  0.0117562   0.0013391           0  0.00990611
-0.00198095 -0.00921811 -0.00990611           0
Repeater1[0]<--->HoM1[0]
REAL
  0.429698 0.00939877  0.0101884   0.327391
0.00939877   0.102497  0.0580659 0.00461215
 0.0101884  0.0580659   0.120894 0.00668874
  0.327391 0.00461215 0.00668874   0.346912
IMAGINARY
          0  -0.0192912   0.0035857   0.0071942
  0.0192912           0   0.0179947   0.0240217
 -0.0035857  -0.0179947           0 -0.00340814
 -0.0071942  -0.0240217  0.00340814           0
EndNode1[0]<--->Repeater1[0]
REAL
   0.437666  0.00193966   0.0191822    0.283125
 0.00193966    0.153846    0.064375 -0.00418224
  0.0191822    0.064375    0.100796   0.0105603
   0.283125 -0.00418224   0.0105603    0.307692
IMAGINARY
          0  0.00324312  -0.0138328 -0.00118208
-0.00324312           0  0.00633672 -0.00179222
  0.0138328 -0.00633672           0  0.00456938
 0.00118208  0.00179222 -0.00456938           0
EndNode2[0]<--->HoM1[0]
REAL
    0.44723      -0.011   0.0117209    0.343185
     -0.011    0.101583   0.0571979 -0.00725093
  0.0117209   0.0571979    0.109499  0.00269861
   0.343185 -0.00725093  0.00269861    0.341689
IMAGINARY
          0   0.0146874  -0.0333263  0.00292576
 -0.0146874           0 -0.00591262 -0.00680109
  0.0333263  0.00591262           0     0.02544
-0.00292576  0.00680109    -0.02544           0
Repeater1[0]<--->EndNode1[0]
REAL
   0.437666   0.0191822  0.00193966    0.283125
  0.0191822    0.100796    0.064375   0.0105603
 0.00193966    0.064375    0.153846 -0.00418224
   0.283125   0.0105603 -0.00418224    0.307692
IMAGINARY
          0  -0.0138328  0.00324312 -0.00118208
  0.0138328           0 -0.00633672  0.00456938
-0.00324312  0.00633672           0 -0.00179222
 0.00118208 -0.00456938  0.00179222           0
Repeater1[0]<--->HoM1[0]
REAL
    0.44723   0.0117209      -0.011    0.343185
  0.0117209    0.109499   0.0571979  0.00269861
     -0.011   0.0571979    0.101583 -0.00725093
   0.343185  0.00269861 -0.00725093    0.341689
IMAGINARY
          0  -0.0333263   0.0146874  0.00292576
  0.0333263           0  0.00591262     0.02544
 -0.0146874 -0.00591262           0 -0.00680109
-0.00292576    -0.02544  0.00680109           0
EndNode1[0]<--->Repeater1[0]
REAL
   0.418449  -0.0155492 -0.00118661    0.301518
 -0.0155492    0.163102   0.0433318  -0.0151107
-0.00118661   0.0433318    0.105615 -0.00987454
   0.301518  -0.0151107 -0.00987454    0.312834
IMAGINARY
           0   -0.0224321 -0.000648474  -0.00294032
   0.0224321            0  -0.00424922  -0.00312986
 0.000648474   0.00424922            0   -0.0166107
  0.00294032   0.00312986    0.0166107            0
EndNode2[0]<--->HoM1[0]
REAL
   0.405722  0.00441079 -0.00172693    0.319248
 0.00441079    0.122237   0.0776462  0.00731699
-0.00172693   0.0776462    0.117035  -0.0124853
   0.319248  0.00731699  -0.0124853    0.355007
IMAGINARY
          0 -0.00884179 -0.00423669 -0.00323983
 0.00884179           0   0.0139541 -0.00222326
 0.00423669  -0.0139541           0   0.0178857
 0.00323983  0.00222326  -0.0178857           0
Repeater1[0]<--->EndNode1[0]
REAL
   0.418449 -0.00118661  -0.0155492    0.301518
-0.00118661    0.105615   0.0433318 -0.00987454
 -0.0155492   0.0433318    0.163102  -0.0151107
   0.301518 -0.00987454  -0.0151107    0.312834
IMAGINARY
           0 -0.000648474   -0.0224321  -0.00294032
 0.000648474            0   0.00424922   -0.0166107
   0.0224321  -0.00424922            0  -0.00312986
  0.00294032    0.0166107   0.00312986            0
Repeater1[0]<--->HoM1[0]
REAL
   0.405722 -0.00172693  0.00441079    0.319248
-0.00172693    0.117035   0.0776462  -0.0124853
 0.00441079   0.0776462    0.122237  0.00731699
   0.319248  -0.0124853  0.00731699    0.355007
IMAGINARY
          0 -0.00423669 -0.00884179 -0.00323983
 0.00423669           0  -0.0139541   0.0178857
 0.00884179   0.0139541           0 -0.00222326
 0.00323983  -0.0178857  0.00222326           0
EndNode1[0]<--->Repeater1[0]
REAL
 0.415918 0.0241176 0.0235802  0.284556
0.0241176  0.165597 0.0432428 0.0299254
0.0235802 0.0432428  0.124519 0.0220079
 0.284556 0.0299254 0.0220079  0.293967
IMAGINARY
          0 -0.00739036  0.00710323   0.0272172
 0.00739036           0   0.0370212   0.0167063
-0.00710323  -0.0370212           0 -0.00226215
 -0.0272172  -0.0167063  0.00226215           0
EndNode2[0]<--->HoM1[0]
REAL
   0.420079 -0.00424832   0.0108348    0.335389
-0.00424832    0.117569   0.0637166   0.0115151
  0.0108348   0.0637166    0.137384  0.00488689
   0.335389   0.0115151  0.00488689    0.324967
IMAGINARY
          0  0.00058056 -0.00242699  -0.0293411
-0.00058056           0  0.00116287  0.00303749
 0.00242699 -0.00116287           0  -0.0317161
  0.0293411 -0.00303749   0.0317161           0
Repeater1[0]<--->EndNode1[0]
REAL
 0.415918 0.0235802 0.0241176  0.284556
0.0235802  0.124519 0.0432428 0.0220079
0.0241176 0.0432428  0.165597 0.0299254
 0.284556 0.0220079 0.0299254  0.293967
IMAGINARY
          0  0.00710323 -0.00739036   0.0272172
-0.00710323           0  -0.0370212 -0.00226215
 0.00739036   0.0370212           0   0.0167063
 -0.0272172  0.00226215  -0.0167063           0
Repeater1[0]<--->HoM1[0]
REAL
   0.420079   0.0108348 -0.00424832    0.335389
  0.0108348    0.137384   0.0637166  0.00488689
-0.00424832   0.0637166    0.117569   0.0115151
   0.335389  0.00488689   0.0115151    0.324967
IMAGINARY
          0 -0.00242699  0.00058056  -0.0293411
 0.00242699           0 -0.00116287  -0.0317161
-0.00058056  0.00116287           0  0.00303749
  0.0293411   0.0317161 -0.00303749           0
EndNode1[0]<--->Repeater1[0]
REAL
   0.400768   0.0187833 0.000118416    0.286466
  0.0187833    0.153649   0.0509729   0.0097338
0.000118416   0.0509729    0.130602 -0.00400494
   0.286466   0.0097338 -0.00400494    0.314981
IMAGINARY
          0  -0.0190862  0.00227087  -0.0172968
  0.0190862           0   0.0148814 -0.00564469
-0.00227087  -0.0148814           0  -0.0153268
  0.0172968  0.00564469   0.0153268           0
EndNode2[0]<--->HoM1[0]
REAL
   0.439601    0.003335 -0.00880335    0.320309
   0.003335    0.105853   0.0869757 0.000194079
-0.00880335   0.0869757    0.110834  -0.0145933
   0.320309 0.000194079  -0.0145933    0.343711
IMAGINARY
          0  0.00150005  0.00324398  -0.0248451
-0.00150005           0  -0.0153394  0.00829448
-0.00324398   0.0153394           0  -0.0130385
  0.0248451 -0.00829448   0.0130385           0
Repeater1[0]<--->EndNode1[0]
REAL
   0.400768 0.000118416   0.0187833    0.286466
0.000118416    0.130602   0.0509729 -0.00400494
  0.0187833   0.0509729    0.153649   0.0097338
   0.286466 -0.00400494   0.0097338    0.314981
IMAGINARY
          0  0.00227087  -0.0190862  -0.0172968
-0.00227087           0  -0.0148814  -0.0153268
  0.0190862   0.0148814           0 -0.00564469
  0.0172968   0.0153268  0.00564469           0
Repeater1[0]<--->HoM1[0]
REAL
   0.439601 -0.00880335    0.003335    0.320309
-0.00880335    0.110834   0.0869757  -0.0145933
   0.003335   0.0869757    0.105853 0.000194079
   0.320309  -0.0145933 0.000194079    0.343711
IMAGINARY
          0  0.00324398  0.00150005  -0.0248451
-0.00324398           0   0.0153394  -0.0130385
-0.00150005  -0.0153394           0  0.00829448
  0.0248451   0.0130385 -0.00829448           0
EndNode1[0]<--->Repeater1[0]
REAL
      0.4022    0.0121423 -0.000956926     0.275768
   0.0121423     0.124694    0.0531956   0.00158115
-0.000956926    0.0531956     0.143032   -0.0127665
    0.275768   0.00158115   -0.0127665     0.330073
IMAGINARY
          0   0.0231799  -0.0121042  0.00752802
 -0.0231799           0 -0.00493735 -0.00870285
  0.0121042  0.00493735           0 -0.00489494
-0.00752802  0.00870285  0.00489494           0
EndNode2[0]<--->HoM1[0]
REAL
    0.407125 -0.000106076  -0.00768583     0.338315
-0.000106076     0.110687    0.0533958  -0.00568316
 -0.00768583    0.0533958     0.145038    -0.025295
    0.338315  -0.00568316    -0.025295      0.33715
IMAGINARY
          0  0.00564859  0.00809298 -0.00834479
-0.00564859           0   0.0122208  -0.0223081
-0.00809298  -0.0122208           0 -0.00132226
 0.00834479   0.0223081  0.00132226           0
Repeater1[0]<--->EndNode1[0]
REAL
      0.4022 -0.000956926    0.0121423     0.275768
-0.000956926     0.143032    0.0531956   -0.0127665
   0.0121423    0.0531956     0.124694   0.00158115
    0.275768   -0.0127665   0.00158115     0.330073
IMAGINARY
          0  -0.0121042   0.0231799  0.00752802
  0.0121042           0  0.00493735 -0.00489494
 -0.0231799 -0.00493735           0 -0.00870285
-0.00752802  0.00489494  0.00870285           0
Repeater1[0]<--->HoM1[0]
REAL
    0.407125  -0.00768583 -0.000106076     0.338315
 -0.00768583     0.145038    0.0533958    -0.025295
-0.000106076    0.0533958     0.110687  -0.00568316
    0.338315    -0.025295  -0.00568316      0.33715
IMAGINARY
          0  0.00809298  0.00564859 -0.00834479
-0.00809298           0  -0.0122208 -0.00132226
-0.00564859   0.0122208           0  -0.0223081
 0.00834479  0.00132226   0.0223081           0
EndNode1[0]<--->Repeater1[0]
REAL
   0.417989  0.00449871  -0.0101564    0.299082
 0.00449871    0.150794   0.0448335  0.00221986
 -0.0101564   0.0448335    0.112434 -0.00449871
   0.299082  0.00221986 -0.00449871    0.318783
IMAGINARY
          0  -0.0118214   0.0113923   0.0193633
  0.0118214           0 -0.00199353  0.00364037
 -0.0113923  0.00199353           0  0.00986061
 -0.0193633 -0.00364037 -0.00986061           0
EndNode2[0]<--->HoM1[0]
REAL
   0.422667  -0.0109779 -0.00247146    0.332376
 -0.0109779       0.112    0.073709  -0.0200153
-0.00247146    0.073709         0.1 -0.00489515
   0.332376  -0.0200153 -0.00489515    0.365333
IMAGINARY
          0  -0.0132749 -0.00694071 -0.00683697
  0.0132749           0 -0.00812563  0.00294071
 0.00694071  0.00812563           0  0.00260822
 0.00683697 -0.00294071 -0.00260822           0
Repeater1[0]<--->EndNode1[0]
REAL
   0.417989  -0.0101564  0.00449871    0.299082
 -0.0101564    0.112434   0.0448335 -0.00449871
 0.00449871   0.0448335    0.150794  0.00221986
   0.299082 -0.00449871  0.00221986    0.318783
IMAGINARY
          0   0.0113923  -0.0118214   0.0193633
 -0.0113923           0  0.00199353  0.00986061
  0.0118214 -0.00199353           0  0.00364037
 -0.0193633 -0.00986061 -0.00364037           0
Repeater1[0]<--->HoM1[0]
REAL
   0.422667 -0.00247146  -0.0109779    0.332376
-0.00247146         0.1    0.073709 -0.00489515
 -0.0109779    0.073709       0.112  -0.0200153
   0.332376 -0.00489515  -0.0200153    0.365333
IMAGINARY
          0 -0.00694071  -0.0132749 -0.00683697
 0.00694071           0  0.00812563  0.00260822
  0.0132749 -0.00812563           0  0.00294071
 0.00683697 -0.00260822 -0.00294071           0
EndNode1[0]<--->Repeater1[0]
REAL
   0.428758  -0.0137797 -0.00434547    0.279442
 -0.0137797    0.139869   0.0443674  0.00553595
-0.00434547   0.0443674    0.121569   0.0173512
   0.279442  0.00553595   0.0173512    0.309804
IMAGINARY
           0   0.00604752   0.00469417  -0.00635153
 -0.00604752            0 -0.000262223   -0.0295698
 -0.00469417  0.000262223            0    0.0126092
  0.00635153    0.0295698   -0.0126092            0
EndNode2[0]<--->HoM1[0]
REAL
   0.424968  -0.0264326 -0.00998693    0.336025
 -0.0264326   0.0857503   0.0670761 -0.00551694
-0.00998693   0.0670761    0.132409   0.0122207
   0.336025 -0.00551694   0.0122207    0.356873
IMAGINARY
           0    0.0103649   0.00528875  0.000316046
  -0.0103649            0  -0.00510401   0.00204621
 -0.00528875   0.00510401            0   -0.0238123
-0.000316046  -0.00204621    0.0238123            0
Repeater1[0]<--->EndNode1[0]
REAL
   0.428758 -0.00434547  -0.0137797    0.279442
-0.00434547    0.121569   0.0443674   0.0173512
 -0.0137797   0.0443674    0.139869  0.00553595
   0.279442   0.0173512  0.00553595    0.309804
IMAGINARY
           0   0.00469417   0.00604752  -0.00635153
 -0.00469417            0  0.000262223    0.0126092
 -0.00604752 -0.000262223            0   -0.0295698
  0.00635153   -0.0126092    0.0295698            0
Repeater1[0]<--->HoM1[0]
REAL
   0.424968 -0.00998693  -0.0264326    0.336025
-0.00998693    0.132409   0.0670761   0.0122207
 -0.0264326   0.0670761   0.0857503 -0.00551694
   0.336025   0.0122207 -0.00551694    0.356873
IMAGINARY
           0   0.00528875    0.0103649  0.000316046
 -0.00528875            0   0.00510401   -0.0238123
  -0.0103649  -0.00510401            0   0.00204621
-0.000316046    0.0238123  -0.00204621            0
EndNode1[0]<--->Repeater1[0]
REAL
   0.465823 -0.00612647 -0.00691937    0.284194
-0.00612647    0.137975   0.0461311 -0.00691937
-0.00691937   0.0461311     0.13038 -0.00410217
   0.284194 -0.00691937 -0.00410217    0.265823
IMAGINARY
           0   -0.0195062   -0.0112144   -0.0175615
   0.0195062            0  -0.00287443   0.00371098
   0.0112144   0.00287443            0 -0.000275475
   0.0175615  -0.00371098  0.000275475            0
EndNode2[0]<--->HoM1[0]
REAL
   0.436954   0.0102696   0.0158204    0.327507
  0.0102696    0.109863   0.0596728  0.00725651
  0.0158204   0.0596728     0.11236 -1.3183e-05
   0.327507  0.00725651 -1.3183e-05    0.340824
IMAGINARY
          0   0.0130983   0.0132005  -0.0131016
 -0.0130983           0  0.00536969  -0.0190371
 -0.0132005 -0.00536969           0 -0.00337071
  0.0131016   0.0190371  0.00337071           0
Repeater1[0]<--->EndNode1[0]
REAL
   0.465823 -0.00691937 -0.00612647    0.284194
-0.00691937     0.13038   0.0461311 -0.00410217
-0.00612647   0.0461311    0.137975 -0.00691937
   0.284194 -0.00410217 -0.00691937    0.265823
IMAGINARY
           0   -0.0112144   -0.0195062   -0.0175615
   0.0112144            0   0.00287443 -0.000275475
   0.0195062  -0.00287443            0   0.00371098
   0.0175615  0.000275475  -0.00371098            0
Repeater1[0]<--->HoM1[0]
REAL
   0.436954   0.0158204   0.0102696    0.327507
  0.0158204     0.11236   0.0596728 -1.3183e-05
  0.0102696   0.0596728    0.109863  0.00725651
   0.327507 -1.3183e-05  0.00725651    0.340824
IMAGINARY
          0   0.0132005   0.0130983  -0.0131016
 -0.0132005           0 -0.00536969 -0.00337071
 -0.0130983  0.00536969           0  -0.0190371
  0.0131016  0.00337071   0.0190371           0
EndNode1[0]<--->Repeater1[0]
REAL
     0.4278 -0.00789281  -0.0226415    0.266943
-0.00789281    0.165992   0.0576408 0.000234323
 -0.0226415   0.0576408     0.11471  -0.0234772
   0.266943 0.000234323  -0.0234772    0.291498
IMAGINARY
          0   0.0162241  0.00472868  0.00927522
 -0.0162241           0 -0.00335105 -0.00860465
-0.00472868  0.00335105           0    -0.02656
-0.00927522  0.00860465     0.02656           0
EndNode2[0]<--->HoM1[0]
REAL
   0.424731 -0.00225359   -0.014021    0.321952
-0.00225359    0.107527   0.0725846   0.0159269
  -0.014021   0.0725846    0.112903 -0.00473498
   0.321952   0.0159269 -0.00473498    0.354839
IMAGINARY
           0   -0.0125256  -0.00322405   -0.0142685
   0.0125256            0    0.0162658  0.000692402
  0.00322405   -0.0162658            0   0.00493071
   0.0142685 -0.000692402  -0.00493071            0
Repeater1[0]<--->EndNode1[0]
REAL
     0.4278  -0.0226415 -0.00789281    0.266943
 -0.0226415     0.11471   0.0576408  -0.0234772
-0.00789281   0.0576408    0.165992 0.000234323
   0.266943  -0.0234772 0.000234323    0.291498
IMAGINARY
          0  0.00472868   0.0162241  0.00927522
-0.00472868           0  0.00335105    -0.02656
 -0.0162241 -0.00335105           0 -0.00860465
-0.00927522     0.02656  0.00860465           0
Repeater1[0]<--->HoM1[0]
REAL
   0.424731   -0.014021 -0.00225359    0.321952
  -0.014021    0.112903   0.0725846 -0.00473498
-0.00225359   0.0725846    0.107527   0.0159269
   0.321952 -0.00473498   0.0159269    0.354839
IMAGINARY
           0  -0.00322405   -0.0125256   -0.0142685
  0.00322405            0   -0.0162658   0.00493071
   0.0125256    0.0162658            0  0.000692402
   0.0142685  -0.00493071 -0.000692402            0
EndNode1[0]<--->Repeater1[0]
REAL
   0.462687 -0.00213155   0.0105387    0.259207
-0.00213155    0.135685   0.0592072  -0.0028661
  0.0105387   0.0592072    0.101764  0.00213155
   0.259207  -0.0028661  0.00213155    0.299864
IMAGINARY
          0   0.0206074 -0.00608797   0.0110789
 -0.0206074           0 -0.00338655  0.00349057
 0.00608797  0.00338655           0  0.00406794
 -0.0110789 -0.00349057 -0.00406794           0
EndNode2[0]<--->HoM1[0]
REAL
   0.419632 0.000204093  0.00323894    0.330211
0.000204093    0.131288   0.0612922  0.00525779
 0.00323894   0.0612922    0.120245   0.0122142
   0.330211  0.00525779   0.0122142    0.328834
IMAGINARY
           0   0.00394519    0.0178145  -0.00581991
 -0.00394519            0    0.0157537   0.00380716
  -0.0178145   -0.0157537            0  0.000108868
  0.00581991  -0.00380716 -0.000108868            0
Repeater1[0]<--->EndNode1[0]
REAL
   0.462687   0.0105387 -0.00213155    0.259207
  0.0105387    0.101764   0.0592072  0.00213155
-0.00213155   0.0592072    0.135685  -0.0028661
   0.259207  0.00213155  -0.0028661    0.299864
IMAGINARY
          0 -0.00608797   0.0206074   0.0110789
 0.00608797           0  0.00338655  0.00406794
 -0.0206074 -0.00338655           0  0.00349057
 -0.0110789 -0.00406794 -0.00349057           0
Repeater1[0]<--->HoM1[0]
REAL
   0.419632  0.00323894 0.000204093    0.330211
 0.00323894    0.120245   0.0612922   0.0122142
0.000204093   0.0612922    0.131288  0.00525779
   0.330211   0.0122142  0.00525779    0.328834
IMAGINARY
           0    0.0178145   0.00394519  -0.00581991
  -0.0178145            0   -0.0157537  0.000108868
 -0.00394519    0.0157537            0   0.00380716
  0.00581991 -0.000108868  -0.00380716            0
EndNode1[0]<--->Repeater1[0]
REAL
  0.436387  0.0025641  0.0146147   0.286617
 0.0025641   0.124682  0.0505625 0.00205193
 0.0146147  0.0505625   0.129771  0.0025641
  0.286617 0.00205193  0.0025641    0.30916
IMAGINARY
          0  0.00938559 -0.00829082  -0.0103491
-0.00938559           0  -0.0084576 -0.00191327
 0.00829082   0.0084576           0 -0.00190259
  0.0103491  0.00191327  0.00190259           0
EndNode2[0]<--->HoM1[0]
REAL
  0.416774  -0.014672 -0.0297616   0.341455
 -0.014672   0.107097  0.0627879 0.00976161
-0.0297616  0.0627879   0.123871 -0.0186613
  0.341455 0.00976161 -0.0186613   0.352258
IMAGINARY
           0    0.0141844 -0.000687664   -0.0158908
  -0.0141844            0   0.00698498  -0.00331234
 0.000687664  -0.00698498            0   -0.0048511
   0.0158908   0.00331234    0.0048511            0
Repeater1[0]<--->EndNode1[0]
REAL
  0.436387  0.0146147  0.0025641   0.286617
 0.0146147   0.129771  0.0505625  0.0025641
 0.0025641  0.0505625   0.124682 0.00205193
  0.286617  0.0025641 0.00205193    0.30916
IMAGINARY
          0 -0.00829082  0.00938559  -0.0103491
 0.00829082           0   0.0084576 -0.00190259
-0.00938559  -0.0084576           0 -0.00191327
  0.0103491  0.00190259  0.00191327           0
Repeater1[0]<--->HoM1[0]
REAL
  0.416774 -0.0297616  -0.014672   0.341455
-0.0297616   0.123871  0.0627879 -0.0186613
 -0.014672  0.0627879   0.107097 0.00976161
  0.341455 -0.0186613 0.00976161   0.352258
IMAGINARY
           0 -0.000687664    0.0141844   -0.0158908
 0.000687664            0  -0.00698498   -0.0048511
  -0.0141844   0.00698498            0  -0.00331234
   0.0158908    0.0048511   0.00331234            0
EndNode1[0]<--->Repeater1[0]
REAL
   0.383333   0.0127665 -0.00475817    0.295643
  0.0127665    0.152778   0.0537076   0.0112517
-0.00475817   0.0537076    0.115278   0.0171036
   0.295643   0.0112517   0.0171036    0.348611
IMAGINARY
          0  -0.0111051   -0.020496  -0.0115414
  0.0111051           0 -0.00756265  -0.0136975
   0.020496  0.00756265           0  0.00400829
  0.0115414   0.0136975 -0.00400829           0
EndNode2[0]<--->HoM1[0]
REAL
   0.414815 0.000410818  0.00479495    0.338615
0.000410818   0.0925926   0.0509706 -0.00918641
 0.00479495   0.0509706     0.12716 -0.00982111
   0.338615 -0.00918641 -0.00982111    0.365432
IMAGINARY
           0   -0.0146319   -0.0111384   0.00556857
   0.0146319            0  0.000908116  -0.00108813
