EndNode1[0]<--->Repeater1[0]
REAL
   0.383085 0.000600201  0.00346392   0.0417146
0.000600201    0.353234   0.0154662   0.0257914
 0.00346392   0.0154662     0.14801  0.00870831
  0.0417146   0.0257914  0.00870831    0.115672
IMAGINARY
          0  -0.0189845 -0.00955259  0.00150283
  0.0189845           0 -0.00526223 -0.00517212
 0.00955259  0.00526223           0  0.00297935
-0.00150283  0.00517212 -0.00297935           0
EndNode2[0]<--->HoM1[0]
REAL
   0.377072 -0.00664502 0.000647336    0.034571
-0.00664502    0.216851   0.0111142  0.00569784
0.000647336   0.0111142    0.273481 -0.00731437
   0.034571  0.00569784 -0.00731437    0.132597
IMAGINARY
           0   0.00132404    0.0208381 -0.000309023
 -0.00132404            0 -0.000309023   -0.0109616
  -0.0208381  0.000309023            0   -0.0309537
 0.000309023    0.0109616    0.0309537            0
Repeater1[0]<--->EndNode1[0]
REAL
   0.383085  0.00346392 0.000600201   0.0417146
 0.00346392     0.14801   0.0154662  0.00870831
0.000600201   0.0154662    0.353234   0.0257914
  0.0417146  0.00870831   0.0257914    0.115672
IMAGINARY
          0 -0.00955259  -0.0189845  0.00150283
 0.00955259           0  0.00526223  0.00297935
  0.0189845 -0.00526223           0 -0.00517212
-0.00150283 -0.00297935  0.00517212           0
Repeater1[0]<--->HoM1[0]
REAL
   0.377072 0.000647336 -0.00664502    0.034571
0.000647336    0.273481   0.0111142 -0.00731437
-0.00664502   0.0111142    0.216851  0.00569784
   0.034571 -0.00731437  0.00569784    0.132597
IMAGINARY
           0    0.0208381   0.00132404 -0.000309023
  -0.0208381            0  0.000309023   -0.0309537
 -0.00132404 -0.000309023            0   -0.0109616
 0.000309023    0.0309537    0.0109616            0
EndNode1[0]<--->Repeater1[0]
REAL
   0.403308   0.0163666 -0.00539663   0.0225737
  0.0163666    0.358779  -0.0112101 -0.00217913
-0.00539663  -0.0112101    0.117048 -0.00247767
  0.0225737 -0.00217913 -0.00247767    0.120865
IMAGINARY
           0    0.0119334 -0.000481599    0.0137688
  -0.0119334            0   0.00836663    0.0234546
 0.000481599  -0.00836663            0  -0.00923066
  -0.0137688   -0.0234546   0.00923066            0
EndNode2[0]<--->HoM1[0]
REAL
   0.407125   -0.010359 -0.00347497   0.0621402
  -0.010359    0.206107  0.00784723 -0.00724382
-0.00347497  0.00784723    0.267176  -0.0192753
  0.0621402 -0.00724382  -0.0192753    0.119593
IMAGINARY
          0  -0.0292043   0.0140423  0.00541345
  0.0292043           0   0.0015574  -0.0102544
 -0.0140423  -0.0015574           0 -0.00867449
-0.00541345   0.0102544  0.00867449           0
Repeater1[0]<--->EndNode1[0]
REAL
   0.403308 -0.00539663   0.0163666   0.0225737
-0.00539663    0.117048  -0.0112101 -0.00247767
  0.0163666  -0.0112101    0.358779 -0.00217913
  0.0225737 -0.00247767 -0.00217913    0.120865
IMAGINARY
           0 -0.000481599    0.0119334    0.0137688
 0.000481599            0  -0.00836663  -0.00923066
  -0.0119334   0.00836663            0    0.0234546
  -0.0137688   0.00923066   -0.0234546            0
Repeater1[0]<--->HoM1[0]
REAL
   0.407125 -0.00347497   -0.010359   0.0621402
-0.00347497    0.267176  0.00784723  -0.0192753
  -0.010359  0.00784723    0.206107 -0.00724382
  0.0621402  -0.0192753 -0.00724382    0.119593
IMAGINARY
          0   0.0140423  -0.0292043  0.00541345
 -0.0140423           0  -0.0015574 -0.00867449
  0.0292043   0.0015574           0  -0.0102544
-0.00541345  0.00867449   0.0102544           0
