EndNode1[0]<--->Repeater1[0]
REAL
  0.379085 0.00345747 -0.0134095   0.144352
0.00345747   0.202614   0.073632 -0.0179256
-0.0134095   0.073632   0.210458 0.00471692
  0.144352 -0.0179256 0.00471692   0.207843
IMAGINARY
          0 -0.00644895 -0.00483547  0.00672341
 0.00644895           0   0.0170861  0.00235408
 0.00483547  -0.0170861           0  -0.0134022
-0.00672341 -0.00235408   0.0134022           0
EndNode2[0]<--->HoM1[0]
REAL
   0.321809  -0.0171699   0.0129504    0.173305
 -0.0171699    0.214096   0.0860035 -0.00231211
  0.0129504   0.0860035    0.204787 -0.00277691
   0.173305 -0.00231211 -0.00277691    0.259309
IMAGINARY
          0   -0.011423 -0.00434594 -0.00349119
   0.011423           0  -0.0238057   0.0171664
 0.00434594   0.0238057           0 -0.00628156
 0.00349119  -0.0171664  0.00628156           0
Repeater1[0]<--->EndNode1[0]
REAL
  0.379085 -0.0134095 0.00345747   0.144352
-0.0134095   0.210458   0.073632 0.00471692
0.00345747   0.073632   0.202614 -0.0179256
  0.144352 0.00471692 -0.0179256   0.207843
IMAGINARY
          0 -0.00483547 -0.00644895  0.00672341
 0.00483547           0  -0.0170861  -0.0134022
 0.00644895   0.0170861           0  0.00235408
-0.00672341   0.0134022 -0.00235408           0
Repeater1[0]<--->HoM1[0]
REAL
   0.321809   0.0129504  -0.0171699    0.173305
  0.0129504    0.204787   0.0860035 -0.00277691
 -0.0171699   0.0860035    0.214096 -0.00231211
   0.173305 -0.00277691 -0.00231211    0.259309
IMAGINARY
          0 -0.00434594   -0.011423 -0.00349119
 0.00434594           0   0.0238057 -0.00628156
   0.011423  -0.0238057           0   0.0171664
 0.00349119  0.00628156  -0.0171664           0
EndNode1[0]<--->Repeater1[0]
REAL
   0.346649  0.00344498  -0.0118893    0.169548
 0.00344498    0.185567   0.0683286  0.00599151
 -0.0118893   0.0683286    0.222938 -0.00934275
   0.169548  0.00599151 -0.00934275    0.244845
IMAGINARY
          0   0.0107336  -0.0093142   -0.013724
 -0.0107336           0  0.00572396   -0.015076
  0.0093142 -0.00572396           0   0.0197542
   0.013724    0.015076  -0.0197542           0
EndNode2[0]<--->HoM1[0]
REAL
      0.35  0.0223253 -0.0189701   0.174169
 0.0223253   0.215278   0.109875 0.00727826
-0.0189701   0.109875   0.184722 -0.0326416
  0.174169 0.00727826 -0.0326416       0.25
IMAGINARY
          0   0.0109106   0.0128883 -0.00990306
 -0.0109106           0  0.00106468  0.00521411
 -0.0128883 -0.00106468           0  -0.0102864
 0.00990306 -0.00521411   0.0102864           0
Repeater1[0]<--->EndNode1[0]
REAL
   0.346649  -0.0118893  0.00344498    0.169548
 -0.0118893    0.222938   0.0683286 -0.00934275
 0.00344498   0.0683286    0.185567  0.00599151
   0.169548 -0.00934275  0.00599151    0.244845
IMAGINARY
          0  -0.0093142   0.0107336   -0.013724
  0.0093142           0 -0.00572396   0.0197542
 -0.0107336  0.00572396           0   -0.015076
   0.013724  -0.0197542    0.015076           0
Repeater1[0]<--->HoM1[0]
REAL
      0.35 -0.0189701  0.0223253   0.174169
-0.0189701   0.184722   0.109875 -0.0326416
 0.0223253   0.109875   0.215278 0.00727826
  0.174169 -0.0326416 0.00727826       0.25
IMAGINARY
          0   0.0128883   0.0109106 -0.00990306
 -0.0128883           0 -0.00106468  -0.0102864
 -0.0109106  0.00106468           0  0.00521411
 0.00990306   0.0102864 -0.00521411           0
