EndNode1[0]<--->Repeater1[0]
REAL
  0.509162 -0.0112093  0.0137406  0.0332106
-0.0112093   0.160995  0.0182406 0.00604831
 0.0137406  0.0182406   0.221204  0.0178056
 0.0332106 0.00604831  0.0178056   0.108639
IMAGINARY
           0    0.0103131   -0.0255833   -0.0143966
  -0.0103131            0  0.000715052  -0.00615324
   0.0255833 -0.000715052            0   0.00585453
   0.0143966   0.00615324  -0.00585453            0
EndNode2[0]<--->HoM1[0]
REAL
  0.416357  0.0011588 -0.0124111  0.0711415
 0.0011588   0.230483  0.0201981   0.015794
-0.0124111  0.0201981   0.200743 -0.0167204
 0.0711415   0.015794 -0.0167204   0.152416
IMAGINARY
          0    0.010125  0.00445669  -0.0137355
  -0.010125           0  0.00121901   0.0188137
-0.00445669 -0.00121901           0 -0.00949609
  0.0137355  -0.0188137  0.00949609           0
Repeater1[0]<--->EndNode1[0]
REAL
  0.509162  0.0137406 -0.0112093  0.0332106
 0.0137406   0.221204  0.0182406  0.0178056
-0.0112093  0.0182406   0.160995 0.00604831
 0.0332106  0.0178056 0.00604831   0.108639
IMAGINARY
           0   -0.0255833    0.0103131   -0.0143966
   0.0255833            0 -0.000715052   0.00585453
  -0.0103131  0.000715052            0  -0.00615324
   0.0143966  -0.00585453   0.00615324            0
Repeater1[0]<--->HoM1[0]
REAL
  0.416357 -0.0124111  0.0011588  0.0711415
-0.0124111   0.200743  0.0201981 -0.0167204
 0.0011588  0.0201981   0.230483   0.015794
 0.0711415 -0.0167204   0.015794   0.152416
IMAGINARY
          0  0.00445669    0.010125  -0.0137355
-0.00445669           0 -0.00121901 -0.00949609
  -0.010125  0.00121901           0   0.0188137
  0.0137355  0.00949609  -0.0188137           0
EndNode1[0]<--->Repeater1[0]
REAL
    0.48995 -0.00948279 -0.00206295    0.012549
-0.00948279    0.172111 -0.00109863   0.0160579
-0.00206295 -0.00109863    0.233668  0.00821053
   0.012549   0.0160579  0.00821053    0.104271
IMAGINARY
           0   0.00827291 -0.000463215     0.017634
 -0.00827291            0   -0.0039443  -0.00574026
 0.000463215    0.0039443            0   -0.0268833
   -0.017634   0.00574026    0.0268833            0
EndNode2[0]<--->HoM1[0]
REAL
   0.431078 -0.00356655  -0.0160458   0.0778137
-0.00356655    0.226817   0.0272818  0.00521782
 -0.0160458   0.0272818    0.181704  0.00547738
  0.0778137  0.00521782  0.00547738    0.160401
IMAGINARY
          0   0.0301974   0.0133396  -0.0114895
 -0.0301974           0  0.00641334   0.0185752
 -0.0133396 -0.00641334           0  0.00703664
  0.0114895  -0.0185752 -0.00703664           0
Repeater1[0]<--->EndNode1[0]
REAL
    0.48995 -0.00206295 -0.00948279    0.012549
-0.00206295    0.233668 -0.00109863  0.00821053
-0.00948279 -0.00109863    0.172111   0.0160579
   0.012549  0.00821053   0.0160579    0.104271
IMAGINARY
           0 -0.000463215   0.00827291     0.017634
 0.000463215            0    0.0039443   -0.0268833
 -0.00827291   -0.0039443            0  -0.00574026
   -0.017634    0.0268833   0.00574026            0
Repeater1[0]<--->HoM1[0]
REAL
   0.431078  -0.0160458 -0.00356655   0.0778137
 -0.0160458    0.181704   0.0272818  0.00547738
-0.00356655   0.0272818    0.226817  0.00521782
  0.0778137  0.00547738  0.00521782    0.160401
IMAGINARY
          0   0.0133396   0.0301974  -0.0114895
 -0.0133396           0 -0.00641334  0.00703664
 -0.0301974  0.00641334           0   0.0185752
  0.0114895 -0.00703664  -0.0185752           0
EndNode1[0]<--->Repeater1[0]
REAL
   0.501312 -0.00291935   0.0167157   0.0183692
-0.00291935    0.143045   0.0164534   0.0141647
  0.0167157   0.0164534    0.259843 -0.00562205
  0.0183692   0.0141647 -0.00562205   0.0958005
IMAGINARY
           0  -0.00966977    -0.021985 -0.000669975
  0.00966977            0   -0.0142184    0.0149608
    0.021985    0.0142184            0    0.0141398
 0.000669975   -0.0149608   -0.0141398            0
EndNode2[0]<--->HoM1[0]
REAL
  0.438303 -0.0098881 0.00207746   0.061254
-0.0098881   0.250643  0.0143203 0.00699146
0.00207746  0.0143203   0.176093 0.00565594
  0.061254 0.00699146 0.00565594   0.134961
IMAGINARY
          0 -0.00454098   0.0212766 -0.00978244
 0.00454098           0  -0.0117229   0.0156446
 -0.0212766   0.0117229           0  0.00266363
 0.00978244  -0.0156446 -0.00266363           0
Repeater1[0]<--->EndNode1[0]
REAL
   0.501312   0.0167157 -0.00291935   0.0183692
  0.0167157    0.259843   0.0164534 -0.00562205
-0.00291935   0.0164534    0.143045   0.0141647
  0.0183692 -0.00562205   0.0141647   0.0958005
IMAGINARY
           0    -0.021985  -0.00966977 -0.000669975
    0.021985            0    0.0142184    0.0141398
  0.00966977   -0.0142184            0    0.0149608
 0.000669975   -0.0141398   -0.0149608            0
Repeater1[0]<--->HoM1[0]
REAL
  0.438303 0.00207746 -0.0098881   0.061254
0.00207746   0.176093  0.0143203 0.00565594
-0.0098881  0.0143203   0.250643 0.00699146
  0.061254 0.00565594 0.00699146   0.134961
IMAGINARY
          0   0.0212766 -0.00454098 -0.00978244
 -0.0212766           0   0.0117229  0.00266363
 0.00454098  -0.0117229           0   0.0156446
 0.00978244 -0.00266363  -0.0156446           0
EndNode1[0]<--->Repeater1[0]
REAL
   0.520151  0.00739122 -0.00884689  0.00370165
 0.00739122    0.166247    0.010948  -0.0134461
-0.00884689    0.010948    0.234257    0.012354
 0.00370165  -0.0134461    0.012354   0.0793451
IMAGINARY
           0   -0.0113674    0.0111396  -0.00100244
   0.0113674            0   -0.0065925  5.93068e-05
  -0.0111396    0.0065925            0   0.00148602
  0.00100244 -5.93068e-05  -0.00148602            0
EndNode2[0]<--->HoM1[0]
REAL
   0.418848 -0.00953645 -0.00151424   0.0686628
-0.00953645     0.23822   0.0397472  0.00217127
-0.00151424   0.0397472    0.187173  0.00493724
  0.0686628  0.00217127  0.00493724    0.155759
IMAGINARY
          0  0.00192661  -0.0092682  -0.0075577
-0.00192661           0  0.00245566  -0.0112137
  0.0092682 -0.00245566           0 -0.00915553
  0.0075577   0.0112137  0.00915553           0
Repeater1[0]<--->EndNode1[0]
REAL
   0.520151 -0.00884689  0.00739122  0.00370165
-0.00884689    0.234257    0.010948    0.012354
 0.00739122    0.010948    0.166247  -0.0134461
 0.00370165    0.012354  -0.0134461   0.0793451
IMAGINARY
           0    0.0111396   -0.0113674  -0.00100244
  -0.0111396            0    0.0065925   0.00148602
   0.0113674   -0.0065925            0  5.93068e-05
  0.00100244  -0.00148602 -5.93068e-05            0
Repeater1[0]<--->HoM1[0]
REAL
   0.418848 -0.00151424 -0.00953645   0.0686628
-0.00151424    0.187173   0.0397472  0.00493724
-0.00953645   0.0397472     0.23822  0.00217127
  0.0686628  0.00493724  0.00217127    0.155759
IMAGINARY
          0  -0.0092682  0.00192661  -0.0075577
  0.0092682           0 -0.00245566 -0.00915553
-0.00192661  0.00245566           0  -0.0112137
  0.0075577  0.00915553   0.0112137           0
EndNode1[0]<--->Repeater1[0]
REAL
   0.504447 -0.00797721 0.000434838   0.0426097
-0.00797721    0.179161   0.0163647  0.00982157
0.000434838   0.0163647     0.23507   0.0105413
  0.0426097  0.00982157   0.0105413   0.0813215
IMAGINARY
          0   0.0036696   0.0093182  0.00621605
 -0.0036696           0  0.00161684   0.0048137
 -0.0093182 -0.00161684           0  -0.0124179
-0.00621605  -0.0048137   0.0124179           0
EndNode2[0]<--->HoM1[0]
REAL
    0.465054   0.00503648   -0.0165284    0.0505278
  0.00503648     0.217742    0.0100215  -0.00157394
  -0.0165284    0.0100215     0.166667 -0.000666942
   0.0505278  -0.00157394 -0.000666942     0.150538
IMAGINARY
           0  -0.00473603 -4.77069e-06   0.00683748
  0.00473603            0    0.0178621  -0.00126105
 4.77069e-06   -0.0178621            0     0.012331
 -0.00683748   0.00126105    -0.012331            0
Repeater1[0]<--->EndNode1[0]
REAL
   0.504447 0.000434838 -0.00797721   0.0426097
0.000434838     0.23507   0.0163647   0.0105413
-0.00797721   0.0163647    0.179161  0.00982157
  0.0426097   0.0105413  0.00982157   0.0813215
IMAGINARY
          0   0.0093182   0.0036696  0.00621605
 -0.0093182           0 -0.00161684  -0.0124179
 -0.0036696  0.00161684           0   0.0048137
-0.00621605   0.0124179  -0.0048137           0
Repeater1[0]<--->HoM1[0]
REAL
    0.465054   -0.0165284   0.00503648    0.0505278
  -0.0165284     0.166667    0.0100215 -0.000666942
  0.00503648    0.0100215     0.217742  -0.00157394
   0.0505278 -0.000666942  -0.00157394     0.150538
IMAGINARY
           0 -4.77069e-06  -0.00473603   0.00683748
 4.77069e-06            0   -0.0178621     0.012331
  0.00473603    0.0178621            0  -0.00126105
 -0.00683748    -0.012331   0.00126105            0
EndNode1[0]<--->Repeater1[0]
REAL
   0.516854  -0.0103896   0.0138971   0.0228735
 -0.0103896    0.168539   0.0134901 -0.00480617
  0.0138971   0.0134901    0.227528   0.0025974
  0.0228735 -0.00480617   0.0025974   0.0870787
IMAGINARY
           0   -0.0153822   -0.0141651   -0.0118058
   0.0153822            0  -0.00690386  0.000760274
   0.0141651   0.00690386            0  -0.00606548
   0.0118058 -0.000760274   0.00606548            0
EndNode2[0]<--->HoM1[0]
REAL
   0.433081 0.000154612  -0.0115052   0.0641089
0.000154612    0.251263   0.0316089  -0.0250187
 -0.0115052   0.0316089    0.195707  -0.0203057
  0.0641089  -0.0250187  -0.0203057    0.119949
IMAGINARY
          0  -0.0180566 -0.00366672 -0.00921864
  0.0180566           0  -0.0150401  0.00991672
 0.00366672   0.0150401           0  0.00930659
 0.00921864 -0.00991672 -0.00930659           0
Repeater1[0]<--->EndNode1[0]
REAL
   0.516854   0.0138971  -0.0103896   0.0228735
  0.0138971    0.227528   0.0134901   0.0025974
 -0.0103896   0.0134901    0.168539 -0.00480617
  0.0228735   0.0025974 -0.00480617   0.0870787
IMAGINARY
           0   -0.0141651   -0.0153822   -0.0118058
   0.0141651            0   0.00690386  -0.00606548
   0.0153822  -0.00690386            0  0.000760274
   0.0118058   0.00606548 -0.000760274            0
Repeater1[0]<--->HoM1[0]
REAL
   0.433081  -0.0115052 0.000154612   0.0641089
 -0.0115052    0.195707   0.0316089  -0.0203057
0.000154612   0.0316089    0.251263  -0.0250187
  0.0641089  -0.0203057  -0.0250187    0.119949
IMAGINARY
          0 -0.00366672  -0.0180566 -0.00921864
 0.00366672           0   0.0150401  0.00930659
  0.0180566  -0.0150401           0  0.00991672
 0.00921864 -0.00930659 -0.00991672           0
EndNode1[0]<--->Repeater1[0]
REAL
  0.508748  -0.016747  0.0352717  0.0598365
 -0.016747   0.162853  0.0101509 0.00571193
 0.0352717  0.0101509   0.242261 0.00350615
 0.0598365 0.00571193 0.00350615  0.0861373
IMAGINARY
          0   0.0125386 -0.00386951   0.0107647
 -0.0125386           0  0.00814008   0.0120456
 0.00386951 -0.00814008           0  0.00192684
 -0.0107647  -0.0120456 -0.00192684           0
EndNode2[0]<--->HoM1[0]
REAL
  0.432836 0.00255938 0.00761578  0.0598907
0.00255938    0.24152  0.0292002  0.0220812
0.00761578  0.0292002   0.192673 -0.0177109
 0.0598907  0.0220812 -0.0177109   0.132972
IMAGINARY
          0  0.00923558  -0.0147026 -0.00955336
-0.00923558           0  -0.0068724  -0.0134304
  0.0147026   0.0068724           0 -0.00284172
 0.00955336   0.0134304  0.00284172           0
Repeater1[0]<--->EndNode1[0]
REAL
  0.508748  0.0352717  -0.016747  0.0598365
 0.0352717   0.242261  0.0101509 0.00350615
 -0.016747  0.0101509   0.162853 0.00571193
 0.0598365 0.00350615 0.00571193  0.0861373
IMAGINARY
          0 -0.00386951   0.0125386   0.0107647
 0.00386951           0 -0.00814008  0.00192684
 -0.0125386  0.00814008           0   0.0120456
 -0.0107647 -0.00192684  -0.0120456           0
Repeater1[0]<--->HoM1[0]
REAL
  0.432836 0.00761578 0.00255938  0.0598907
0.00761578   0.192673  0.0292002 -0.0177109
0.00255938  0.0292002    0.24152  0.0220812
 0.0598907 -0.0177109  0.0220812   0.132972
IMAGINARY
          0  -0.0147026  0.00923558 -0.00955336
  0.0147026           0   0.0068724 -0.00284172
-0.00923558  -0.0068724           0  -0.0134304
 0.00955336  0.00284172   0.0134304           0
EndNode1[0]<--->Repeater1[0]
REAL
    0.493506   -0.0261211   0.00676138    0.0224515
  -0.0261211     0.172727   0.00326993    0.0289977
  0.00676138   0.00326993     0.235065 -0.000855102
   0.0224515    0.0289977 -0.000855102    0.0987013
IMAGINARY
           0 -0.000961945    -0.024724    0.0162568
 0.000961945            0 -0.000984567    0.0170514
    0.024724  0.000984567            0   0.00351949
  -0.0162568   -0.0170514  -0.00351949            0
EndNode2[0]<--->HoM1[0]
REAL
  0.417112 -0.0206204 -0.0130083  0.0508611
-0.0206204   0.217914   0.015102 0.00905052
-0.0130083   0.015102    0.19385 -0.0110419
 0.0508611 0.00905052 -0.0110419   0.171123
IMAGINARY
           0   0.00130846 -0.000726364  -0.00317151
 -0.00130846            0   -0.0194622  -0.00868392
 0.000726364    0.0194622            0   0.00559242
  0.00317151   0.00868392  -0.00559242            0
Repeater1[0]<--->EndNode1[0]
REAL
    0.493506   0.00676138   -0.0261211    0.0224515
  0.00676138     0.235065   0.00326993 -0.000855102
  -0.0261211   0.00326993     0.172727    0.0289977
   0.0224515 -0.000855102    0.0289977    0.0987013
IMAGINARY
           0    -0.024724 -0.000961945    0.0162568
    0.024724            0  0.000984567   0.00351949
 0.000961945 -0.000984567            0    0.0170514
  -0.0162568  -0.00351949   -0.0170514            0
Repeater1[0]<--->HoM1[0]
REAL
  0.417112 -0.0130083 -0.0206204  0.0508611
-0.0130083    0.19385   0.015102 -0.0110419
-0.0206204   0.015102   0.217914 0.00905052
 0.0508611 -0.0110419 0.00905052   0.171123
IMAGINARY
           0 -0.000726364   0.00130846  -0.00317151
 0.000726364            0    0.0194622   0.00559242
 -0.00130846   -0.0194622            0  -0.00868392
  0.00317151  -0.00559242   0.00868392            0
EndNode1[0]<--->Repeater1[0]
REAL
   0.521907  0.00479451 -0.00524934 -0.00992556
 0.00479451    0.148196   0.0136201  0.00524934
-0.00524934   0.0136201    0.238402  0.00875229
-0.00992556  0.00524934  0.00875229   0.0914948
IMAGINARY
          0  -0.0106181  0.00138331   0.0168541
  0.0106181           0    -0.01812   0.0138521
-0.00138331     0.01812           0  0.00923304
 -0.0168541  -0.0138521 -0.00923304           0
EndNode2[0]<--->HoM1[0]
REAL
   0.454429   0.0124851  -0.0152846   0.0527744
  0.0124851    0.214377  0.00835816  0.00949307
 -0.0152846  0.00835816    0.189987 -0.00154555
  0.0527744  0.00949307 -0.00154555    0.141207
IMAGINARY
          0 -0.00359478 -0.00805838  -0.0284719
 0.00359478           0  -0.0076648   0.0169416
 0.00805838   0.0076648           0  0.00613285
  0.0284719  -0.0169416 -0.00613285           0
Repeater1[0]<--->EndNode1[0]
REAL
   0.521907 -0.00524934  0.00479451 -0.00992556
-0.00524934    0.238402   0.0136201  0.00875229
 0.00479451   0.0136201    0.148196  0.00524934
-0.00992556  0.00875229  0.00524934   0.0914948
IMAGINARY
          0  0.00138331  -0.0106181   0.0168541
-0.00138331           0     0.01812  0.00923304
  0.0106181    -0.01812           0   0.0138521
 -0.0168541 -0.00923304  -0.0138521           0
Repeater1[0]<--->HoM1[0]
REAL
   0.454429  -0.0152846   0.0124851   0.0527744
 -0.0152846    0.189987  0.00835816 -0.00154555
  0.0124851  0.00835816    0.214377  0.00949307
  0.0527744 -0.00154555  0.00949307    0.141207
IMAGINARY
          0 -0.00805838 -0.00359478  -0.0284719
 0.00805838           0   0.0076648  0.00613285
 0.00359478  -0.0076648           0   0.0169416
  0.0284719 -0.00613285  -0.0169416           0
EndNode1[0]<--->Repeater1[0]
REAL
  0.530093  0.0112923 0.00077697  0.0439525
 0.0112923   0.155093 0.00720711 -0.0232872
0.00077697 0.00720711   0.228009 -0.0106101
 0.0439525 -0.0232872 -0.0106101  0.0868056
IMAGINARY
          0  -0.0117853  -0.0264417   0.0152702
  0.0117853           0  0.00219423   0.0106936
  0.0264417 -0.00219423           0  0.00784825
 -0.0152702  -0.0106936 -0.00784825           0
EndNode2[0]<--->HoM1[0]
REAL
  0.459495 0.00350041 0.00604446  0.0546159
0.00350041   0.217795   0.024668 0.00418572
0.00604446   0.024668   0.184595   0.005451
 0.0546159 0.00418572   0.005451   0.138114
IMAGINARY
          0 -0.00300965  0.00723016  0.00823972
 0.00300965           0  -0.0161345    0.010999
-0.00723016   0.0161345           0   0.0069159
-0.00823972   -0.010999  -0.0069159           0
Repeater1[0]<--->EndNode1[0]
REAL
  0.530093 0.00077697  0.0112923  0.0439525
0.00077697   0.228009 0.00720711 -0.0106101
 0.0112923 0.00720711   0.155093 -0.0232872
 0.0439525 -0.0106101 -0.0232872  0.0868056
IMAGINARY
          0  -0.0264417  -0.0117853   0.0152702
  0.0264417           0 -0.00219423  0.00784825
  0.0117853  0.00219423           0   0.0106936
 -0.0152702 -0.00784825  -0.0106936           0
Repeater1[0]<--->HoM1[0]
REAL
  0.459495 0.00604446 0.00350041  0.0546159
0.00604446   0.184595   0.024668   0.005451
0.00350041   0.024668   0.217795 0.00418572
 0.0546159   0.005451 0.00418572   0.138114
IMAGINARY
          0  0.00723016 -0.00300965  0.00823972
-0.00723016           0   0.0161345   0.0069159
 0.00300965  -0.0161345           0    0.010999
-0.00823972  -0.0069159   -0.010999           0
EndNode1[0]<--->Repeater1[0]
REAL
   0.498698  0.00215995 -0.00254933   0.0313082
 0.00215995    0.135417    0.023965 -0.00570988
-0.00254933    0.023965    0.272135   0.0175351
  0.0313082 -0.00570988   0.0175351     0.09375
IMAGINARY
          0  0.00235608  -0.0150731  0.00941712
-0.00235608           0 -0.00620788  -0.0176372
  0.0150731  0.00620788           0  -0.0270557
-0.00941712   0.0176372   0.0270557           0
EndNode2[0]<--->HoM1[0]
REAL
    0.45614 -0.00105874   0.0139172   0.0629535
-0.00105874    0.225564  0.00472059  0.00119452
  0.0139172  0.00472059    0.166667   0.0148564
  0.0629535  0.00119452   0.0148564    0.151629
IMAGINARY
           0   -0.0082801 -0.000389765   -0.0305053
   0.0082801            0    0.0106151  -0.00161827
 0.000389765   -0.0106151            0  -0.00309875
   0.0305053   0.00161827   0.00309875            0
Repeater1[0]<--->EndNode1[0]
REAL
   0.498698 -0.00254933  0.00215995   0.0313082
-0.00254933    0.272135    0.023965   0.0175351
 0.00215995    0.023965    0.135417 -0.00570988
  0.0313082   0.0175351 -0.00570988     0.09375
IMAGINARY
          0  -0.0150731  0.00235608  0.00941712
  0.0150731           0  0.00620788  -0.0270557
-0.00235608 -0.00620788           0  -0.0176372
-0.00941712   0.0270557   0.0176372           0
Repeater1[0]<--->HoM1[0]
REAL
    0.45614   0.0139172 -0.00105874   0.0629535
  0.0139172    0.166667  0.00472059   0.0148564
-0.00105874  0.00472059    0.225564  0.00119452
  0.0629535   0.0148564  0.00119452    0.151629
IMAGINARY
           0 -0.000389765   -0.0082801   -0.0305053
 0.000389765            0   -0.0106151  -0.00309875
   0.0082801    0.0106151            0  -0.00161827
   0.0305053   0.00309875   0.00161827            0
EndNode1[0]<--->Repeater1[0]
REAL
  0.508323  -0.025272  -0.017167  0.0228755
 -0.025272   0.144686  0.0120938 -0.0178023
 -0.017167  0.0120938   0.262484 -0.0011084
 0.0228755 -0.0178023 -0.0011084   0.084507
IMAGINARY
           0   0.00538359    0.0129105  -0.00745288
 -0.00538359            0   0.00237674   0.00191434
  -0.0129105  -0.00237674            0  7.24575e-06
  0.00745288  -0.00191434 -7.24575e-06            0
EndNode2[0]<--->HoM1[0]
REAL
   0.434066   0.0103813  0.00188679   0.0469108
  0.0103813    0.217033 -0.00603034 -0.00377358
 0.00188679 -0.00603034    0.193681  0.00911552
  0.0469108 -0.00377358  0.00911552     0.15522
IMAGINARY
          0   0.0165605  -0.0186986  0.00716607
 -0.0165605           0 -0.00587741   0.0193522
  0.0186986  0.00587741           0 -0.00414217
-0.00716607  -0.0193522  0.00414217           0
Repeater1[0]<--->EndNode1[0]
REAL
  0.508323  -0.017167  -0.025272  0.0228755
 -0.017167   0.262484  0.0120938 -0.0011084
 -0.025272  0.0120938   0.144686 -0.0178023
 0.0228755 -0.0011084 -0.0178023   0.084507
IMAGINARY
           0    0.0129105   0.00538359  -0.00745288
  -0.0129105            0  -0.00237674  7.24575e-06
 -0.00538359   0.00237674            0   0.00191434
  0.00745288 -7.24575e-06  -0.00191434            0
Repeater1[0]<--->HoM1[0]
REAL
   0.434066  0.00188679   0.0103813   0.0469108
 0.00188679    0.193681 -0.00603034  0.00911552
  0.0103813 -0.00603034    0.217033 -0.00377358
  0.0469108  0.00911552 -0.00377358     0.15522
IMAGINARY
          0  -0.0186986   0.0165605  0.00716607
  0.0186986           0  0.00587741 -0.00414217
 -0.0165605 -0.00587741           0   0.0193522
-0.00716607  0.00414217  -0.0193522           0
EndNode1[0]<--->Repeater1[0]
REAL
  0.538765 -0.0104604  0.0098424  0.0212084
-0.0104604   0.148489  0.0236715  0.0072246
 0.0098424  0.0236715   0.218134 0.00477139
 0.0212084  0.0072246 0.00477139  0.0946124
IMAGINARY
           0   0.00875073    0.0101985    0.0136473
 -0.00875073            0  0.000675609     -0.01143
  -0.0101985 -0.000675609            0    0.0220374
  -0.0136473      0.01143   -0.0220374            0
EndNode2[0]<--->HoM1[0]
REAL
  0.439901  0.0111925 0.00723523  0.0415575
 0.0111925   0.229244 0.00377408  0.0110327
0.00723523 0.00377408   0.189591 0.00166267
 0.0415575  0.0110327 0.00166267   0.141264
IMAGINARY
          0 -0.00591662  0.00317989  -0.0168812
 0.00591662           0  -0.0142496  -0.0157744
-0.00317989   0.0142496           0  -0.0104562
  0.0168812   0.0157744   0.0104562           0
Repeater1[0]<--->EndNode1[0]
REAL
  0.538765  0.0098424 -0.0104604  0.0212084
 0.0098424   0.218134  0.0236715 0.00477139
-0.0104604  0.0236715   0.148489  0.0072246
 0.0212084 0.00477139  0.0072246  0.0946124
IMAGINARY
           0    0.0101985   0.00875073    0.0136473
  -0.0101985            0 -0.000675609    0.0220374
 -0.00875073  0.000675609            0     -0.01143
  -0.0136473   -0.0220374      0.01143            0
Repeater1[0]<--->HoM1[0]
REAL
  0.439901 0.00723523  0.0111925  0.0415575
0.00723523   0.189591 0.00377408 0.00166267
 0.0111925 0.00377408   0.229244  0.0110327
 0.0415575 0.00166267  0.0110327   0.141264
IMAGINARY
          0  0.00317989 -0.00591662  -0.0168812
-0.00317989           0   0.0142496  -0.0104562
 0.00591662  -0.0142496           0  -0.0157744
  0.0168812   0.0104562   0.0157744           0
EndNode1[0]<--->Repeater1[0]
REAL
    0.505535   0.00552391 -0.000242564    0.0292732
  0.00552391     0.151292   0.00570627    0.0160176
-0.000242564   0.00570627     0.255843    0.0061359
   0.0292732    0.0160176    0.0061359    0.0873309
IMAGINARY
           0    0.0057577  -0.00307171  0.000978731
  -0.0057577            0   0.00031997    0.0291864
  0.00307171  -0.00031997            0    -0.014038
-0.000978731   -0.0291864     0.014038            0
EndNode2[0]<--->HoM1[0]
REAL
    0.425333    0.0190859 -0.000645995    0.0604982
   0.0190859     0.230667    0.0167964  0.000645995
-0.000645995    0.0167964        0.208   0.00989958
   0.0604982  0.000645995   0.00989958        0.136
IMAGINARY
           0   0.00765948   -0.0152389    0.0226527
 -0.00765948            0  0.000854312    0.0139536
   0.0152389 -0.000854312            0   -0.0128009
  -0.0226527   -0.0139536    0.0128009            0
Repeater1[0]<--->EndNode1[0]
REAL
    0.505535 -0.000242564   0.00552391    0.0292732
-0.000242564     0.255843   0.00570627    0.0061359
  0.00552391   0.00570627     0.151292    0.0160176
   0.0292732    0.0061359    0.0160176    0.0873309
IMAGINARY
           0  -0.00307171    0.0057577  0.000978731
  0.00307171            0  -0.00031997    -0.014038
  -0.0057577   0.00031997            0    0.0291864
-0.000978731     0.014038   -0.0291864            0
Repeater1[0]<--->HoM1[0]
REAL
    0.425333 -0.000645995    0.0190859    0.0604982
-0.000645995        0.208    0.0167964   0.00989958
   0.0190859    0.0167964     0.230667  0.000645995
   0.0604982   0.00989958  0.000645995        0.136
IMAGINARY
           0   -0.0152389   0.00765948    0.0226527
   0.0152389            0 -0.000854312   -0.0128009
 -0.00765948  0.000854312            0    0.0139536
  -0.0226527    0.0128009   -0.0139536            0
