EndNode1[0]<--->Repeater1[0]
REAL
   0.433687    0.014416  0.00889874    0.293305
   0.014416      0.1313   0.0433047  0.00461477
 0.00889874   0.0433047    0.122016 -0.00458796
   0.293305  0.00461477 -0.00458796    0.312997
IMAGINARY
          0  0.00382161 -0.00642075  0.00619099
-0.00382161           0  0.00103635   -0.020365
 0.00642075 -0.00103635           0  0.00510696
-0.00619099    0.020365 -0.00510696           0
EndNode2[0]<--->HoM1[0]
REAL
    0.423773   -0.0028286  -0.00632193     0.301082
  -0.0028286     0.118863    0.0352349 -7.19309e-05
 -0.00632193    0.0352349     0.112403  -0.00868035
    0.301082 -7.19309e-05  -0.00868035     0.344961
IMAGINARY
           0  -0.00855637   0.00121954  0.000933998
  0.00855637            0 -0.000933998    -0.018684
 -0.00121954  0.000933998            0    0.0092032
-0.000933998     0.018684   -0.0092032            0
Repeater1[0]<--->EndNode1[0]
REAL
   0.433687  0.00889874    0.014416    0.293305
 0.00889874    0.122016   0.0433047 -0.00458796
   0.014416   0.0433047      0.1313  0.00461477
   0.293305 -0.00458796  0.00461477    0.312997
IMAGINARY
          0 -0.00642075  0.00382161  0.00619099
 0.00642075           0 -0.00103635  0.00510696
-0.00382161  0.00103635           0   -0.020365
-0.00619099 -0.00510696    0.020365           0
Repeater1[0]<--->HoM1[0]
REAL
    0.423773  -0.00632193   -0.0028286     0.301082
 -0.00632193     0.112403    0.0352349  -0.00868035
  -0.0028286    0.0352349     0.118863 -7.19309e-05
    0.301082  -0.00868035 -7.19309e-05     0.344961
IMAGINARY
           0   0.00121954  -0.00855637  0.000933998
 -0.00121954            0  0.000933998    0.0092032
  0.00855637 -0.000933998            0    -0.018684
-0.000933998   -0.0092032     0.018684            0
EndNode1[0]<--->Repeater1[0]
REAL
   0.41067 0.00957398   0.010829   0.284687
0.00957398   0.110422  0.0384596   0.015829
  0.010829  0.0384596   0.143921 0.00147934
  0.284687   0.015829 0.00147934   0.334988
IMAGINARY
          0   0.0483317 -0.00721851 -0.00867793
 -0.0483317           0   0.0132293  -0.0154152
 0.00721851  -0.0132293           0  -0.0106087
 0.00867793   0.0154152   0.0106087           0
EndNode2[0]<--->HoM1[0]
REAL
    0.392613    -0.011856   0.00596997     0.294654
   -0.011856     0.134063    0.0386792 -0.000678965
  0.00596997    0.0386792     0.117647   0.00656502
    0.294654 -0.000678965   0.00656502     0.355677
IMAGINARY
          0  -0.0170651  0.00482817  -0.0125379
  0.0170651           0 -0.00395952 -0.00671496
-0.00482817  0.00395952           0 -0.00872107
  0.0125379  0.00671496  0.00872107           0
Repeater1[0]<--->EndNode1[0]
REAL
   0.41067   0.010829 0.00957398   0.284687
  0.010829   0.143921  0.0384596 0.00147934
0.00957398  0.0384596   0.110422   0.015829
  0.284687 0.00147934   0.015829   0.334988
IMAGINARY
          0 -0.00721851   0.0483317 -0.00867793
 0.00721851           0  -0.0132293  -0.0106087
 -0.0483317   0.0132293           0  -0.0154152
 0.00867793   0.0106087   0.0154152           0
Repeater1[0]<--->HoM1[0]
REAL
    0.392613   0.00596997    -0.011856     0.294654
  0.00596997     0.117647    0.0386792   0.00656502
   -0.011856    0.0386792     0.134063 -0.000678965
    0.294654   0.00656502 -0.000678965     0.355677
IMAGINARY
          0  0.00482817  -0.0170651  -0.0125379
-0.00482817           0  0.00395952 -0.00872107
  0.0170651 -0.00395952           0 -0.00671496
  0.0125379  0.00872107  0.00671496           0
EndNode1[0]<--->Repeater1[0]
REAL
   0.372774   0.0104548  0.00503386    0.273849
  0.0104548    0.115776   0.0444517  -0.0109162
 0.00503386   0.0444517    0.118321 -0.00457248
   0.273849  -0.0109162 -0.00457248     0.39313
IMAGINARY
          0  0.00244327 -0.00951469 -0.00613542
-0.00244327           0 -0.00302209  -0.0107805
 0.00951469  0.00302209           0  0.00309178
 0.00613542   0.0107805 -0.00309178           0
EndNode2[0]<--->HoM1[0]
REAL
   0.39875  0.0303167 0.00265888   0.305416
 0.0303167       0.12  0.0489398  -0.016313
0.00265888  0.0489398      0.125 -0.0153623
  0.305416  -0.016313 -0.0153623    0.35625
IMAGINARY
          0  0.00587214  -0.0187427  -0.0346201
-0.00587214           0  0.00852706  -0.0136407
  0.0187427 -0.00852706           0   0.0265113
  0.0346201   0.0136407  -0.0265113           0
Repeater1[0]<--->EndNode1[0]
REAL
   0.372774  0.00503386   0.0104548    0.273849
 0.00503386    0.118321   0.0444517 -0.00457248
  0.0104548   0.0444517    0.115776  -0.0109162
   0.273849 -0.00457248  -0.0109162     0.39313
IMAGINARY
          0 -0.00951469  0.00244327 -0.00613542
 0.00951469           0  0.00302209  0.00309178
-0.00244327 -0.00302209           0  -0.0107805
 0.00613542 -0.00309178   0.0107805           0
Repeater1[0]<--->HoM1[0]
REAL
   0.39875 0.00265888  0.0303167   0.305416
0.00265888      0.125  0.0489398 -0.0153623
 0.0303167  0.0489398       0.12  -0.016313
  0.305416 -0.0153623  -0.016313    0.35625
IMAGINARY
          0  -0.0187427  0.00587214  -0.0346201
  0.0187427           0 -0.00852706   0.0265113
-0.00587214  0.00852706           0  -0.0136407
  0.0346201  -0.0265113   0.0136407           0
EndNode1[0]<--->Repeater1[0]
REAL
  0.389628 0.00184674 0.00239483   0.284093
0.00184674   0.119681  0.0582247 0.00838684
0.00239483  0.0582247   0.136968 0.00489181
  0.284093 0.00838684 0.00489181   0.353723
IMAGINARY
          0 -0.00716393  -0.0114853  -0.0119652
 0.00716393           0  -0.0220662  0.00826779
  0.0114853   0.0220662           0  -0.0166456
  0.0119652 -0.00826779   0.0166456           0
EndNode2[0]<--->HoM1[0]
REAL
   0.407507 -0.00612609  0.00333366    0.305246
-0.00612609    0.121984   0.0502527  -0.0186789
 0.00333366   0.0502527    0.112601  -0.0309583
   0.305246  -0.0186789  -0.0309583    0.357909
IMAGINARY
           0   0.00610955  -0.00431795    0.0289064
 -0.00610955            0  0.000156435  -0.00300562
  0.00431795 -0.000156435            0    0.0331714
  -0.0289064   0.00300562   -0.0331714            0
Repeater1[0]<--->EndNode1[0]
REAL
  0.389628 0.00239483 0.00184674   0.284093
0.00239483   0.136968  0.0582247 0.00489181
0.00184674  0.0582247   0.119681 0.00838684
  0.284093 0.00489181 0.00838684   0.353723
IMAGINARY
          0  -0.0114853 -0.00716393  -0.0119652
  0.0114853           0   0.0220662  -0.0166456
 0.00716393  -0.0220662           0  0.00826779
  0.0119652   0.0166456 -0.00826779           0
Repeater1[0]<--->HoM1[0]
REAL
   0.407507  0.00333366 -0.00612609    0.305246
 0.00333366    0.112601   0.0502527  -0.0309583
-0.00612609   0.0502527    0.121984  -0.0186789
   0.305246  -0.0309583  -0.0186789    0.357909
IMAGINARY
           0  -0.00431795   0.00610955    0.0289064
  0.00431795            0 -0.000156435    0.0331714
 -0.00610955  0.000156435            0  -0.00300562
  -0.0289064   -0.0331714   0.00300562            0
EndNode1[0]<--->Repeater1[0]
REAL
  0.395755 -0.0208511 0.00519151   0.292267
-0.0208511   0.121099  0.0461732  0.0045578
0.00519151  0.0461732   0.106117 0.00553079
  0.292267  0.0045578 0.00553079   0.377029
IMAGINARY
          0   0.0110576   0.0106555   0.0270322
 -0.0110576           0   0.0251872 -0.00414505
 -0.0106555  -0.0251872           0  0.00717158
 -0.0270322  0.00414505 -0.00717158           0
EndNode2[0]<--->HoM1[0]
REAL
  0.439678  0.0147348 0.00620227   0.308772
 0.0147348   0.101877  0.0549844 -0.0101705
0.00620227  0.0549844   0.105898 -0.0253168
  0.308772 -0.0101705 -0.0253168   0.352547
IMAGINARY
          0   0.0110803  -0.0118074   -0.015417
 -0.0110803           0  -0.0206526  0.00675693
  0.0118074   0.0206526           0 -0.00729241
   0.015417 -0.00675693  0.00729241           0
Repeater1[0]<--->EndNode1[0]
REAL
  0.395755 0.00519151 -0.0208511   0.292267
0.00519151   0.106117  0.0461732 0.00553079
-0.0208511  0.0461732   0.121099  0.0045578
  0.292267 0.00553079  0.0045578   0.377029
IMAGINARY
          0   0.0106555   0.0110576   0.0270322
 -0.0106555           0  -0.0251872  0.00717158
 -0.0110576   0.0251872           0 -0.00414505
 -0.0270322 -0.00717158  0.00414505           0
Repeater1[0]<--->HoM1[0]
REAL
  0.439678 0.00620227  0.0147348   0.308772
0.00620227   0.105898  0.0549844 -0.0253168
 0.0147348  0.0549844   0.101877 -0.0101705
  0.308772 -0.0253168 -0.0101705   0.352547
IMAGINARY
          0  -0.0118074   0.0110803   -0.015417
  0.0118074           0   0.0206526 -0.00729241
 -0.0110803  -0.0206526           0  0.00675693
   0.015417  0.00729241 -0.00675693           0
EndNode1[0]<--->Repeater1[0]
REAL
   0.441103   0.0105994  0.00452861    0.276963
  0.0105994    0.101504   0.0507571  0.00583409
 0.00452861   0.0507571   0.0927318 -0.00930408
   0.276963  0.00583409 -0.00930408    0.364662
IMAGINARY
          0  0.00162973  0.00298769  -0.0104987
-0.00162973           0 -0.00150129 -0.00624714
-0.00298769  0.00150129           0  0.00162973
  0.0104987  0.00624714 -0.00162973           0
EndNode2[0]<--->HoM1[0]
REAL
  0.391034 -0.0219491 -0.0246544   0.287839
-0.0219491   0.115816  0.0561615 -0.0166789
-0.0246544  0.0561615   0.113325 -0.0207176
  0.287839 -0.0166789 -0.0207176   0.379826
IMAGINARY
           0   0.00670191 -0.000882554  -0.00425349
 -0.00670191            0   0.00768285  -0.00222304
 0.000882554  -0.00768285            0  -0.00856526
  0.00425349   0.00222304   0.00856526            0
Repeater1[0]<--->EndNode1[0]
REAL
   0.441103  0.00452861   0.0105994    0.276963
 0.00452861   0.0927318   0.0507571 -0.00930408
  0.0105994   0.0507571    0.101504  0.00583409
   0.276963 -0.00930408  0.00583409    0.364662
IMAGINARY
          0  0.00298769  0.00162973  -0.0104987
-0.00298769           0  0.00150129  0.00162973
-0.00162973 -0.00150129           0 -0.00624714
  0.0104987 -0.00162973  0.00624714           0
Repeater1[0]<--->HoM1[0]
REAL
  0.391034 -0.0246544 -0.0219491   0.287839
-0.0246544   0.113325  0.0561615 -0.0207176
-0.0219491  0.0561615   0.115816 -0.0166789
  0.287839 -0.0207176 -0.0166789   0.379826
IMAGINARY
           0 -0.000882554   0.00670191  -0.00425349
 0.000882554            0  -0.00768285  -0.00856526
 -0.00670191   0.00768285            0  -0.00222304
  0.00425349   0.00856526   0.00222304            0
EndNode1[0]<--->Repeater1[0]
REAL
  0.396487 -0.0049622  0.0157532   0.288664
-0.0049622    0.12798  0.0410132 0.00940806
 0.0157532  0.0410132   0.116688  0.0223816
  0.288664 0.00940806  0.0223816   0.358846
IMAGINARY
          0   0.0147571 -0.00878393   0.0245021
 -0.0147571           0  -0.0164375  0.00945507
 0.00878393   0.0164375           0   0.0248402
 -0.0245021 -0.00945507  -0.0248402           0
EndNode2[0]<--->HoM1[0]
REAL
   0.380769 -0.00924717   0.0136745    0.305972
-0.00924717    0.116667   0.0598178  -0.0281482
  0.0136745   0.0598178    0.137179 3.66467e-05
   0.305972  -0.0281482 3.66467e-05    0.365385
IMAGINARY
          0  0.00353593   0.0109883  0.00508658
-0.00353593           0  0.00571393  0.00311427
 -0.0109883 -0.00571393           0  -0.0125103
-0.00508658 -0.00311427   0.0125103           0
Repeater1[0]<--->EndNode1[0]
REAL
  0.396487  0.0157532 -0.0049622   0.288664
 0.0157532   0.116688  0.0410132  0.0223816
-0.0049622  0.0410132    0.12798 0.00940806
  0.288664  0.0223816 0.00940806   0.358846
IMAGINARY
          0 -0.00878393   0.0147571   0.0245021
 0.00878393           0   0.0164375   0.0248402
 -0.0147571  -0.0164375           0  0.00945507
 -0.0245021  -0.0248402 -0.00945507           0
Repeater1[0]<--->HoM1[0]
REAL
   0.380769   0.0136745 -0.00924717    0.305972
  0.0136745    0.137179   0.0598178 3.66467e-05
-0.00924717   0.0598178    0.116667  -0.0281482
   0.305972 3.66467e-05  -0.0281482    0.365385
IMAGINARY
          0   0.0109883  0.00353593  0.00508658
 -0.0109883           0 -0.00571393  -0.0125103
-0.00353593  0.00571393           0  0.00311427
-0.00508658   0.0125103 -0.00311427           0
EndNode1[0]<--->Repeater1[0]
REAL
    0.409149   -0.0082295    0.0113782     0.310086
  -0.0082295     0.129606    0.0427061  4.31536e-05
   0.0113782    0.0427061     0.109276 -0.000653746
    0.310086  4.31536e-05 -0.000653746      0.35197
IMAGINARY
           0   -0.0267563    0.0123139   -0.0146686
   0.0267563            0  -0.00747905  -0.00696631
  -0.0123139   0.00747905            0  1.83137e-05
   0.0146686   0.00696631 -1.83137e-05            0
EndNode2[0]<--->HoM1[0]
REAL
  0.440722  0.0153031 -0.0152923   0.298451
 0.0153031  0.0979381  0.0610639  0.0108223
-0.0152923  0.0610639   0.118557  0.0108783
  0.298451  0.0108223  0.0108783   0.342784
IMAGINARY
           0   -0.0203086      0.01176   -0.0092155
   0.0203086            0   0.00732394   0.00699809
    -0.01176  -0.00732394            0  0.000256903
   0.0092155  -0.00699809 -0.000256903            0
Repeater1[0]<--->EndNode1[0]
REAL
    0.409149    0.0113782   -0.0082295     0.310086
   0.0113782     0.109276    0.0427061 -0.000653746
  -0.0082295    0.0427061     0.129606  4.31536e-05
    0.310086 -0.000653746  4.31536e-05      0.35197
IMAGINARY
           0    0.0123139   -0.0267563   -0.0146686
  -0.0123139            0   0.00747905  1.83137e-05
   0.0267563  -0.00747905            0  -0.00696631
   0.0146686 -1.83137e-05   0.00696631            0
Repeater1[0]<--->HoM1[0]
REAL
  0.440722 -0.0152923  0.0153031   0.298451
-0.0152923   0.118557  0.0610639  0.0108783
 0.0153031  0.0610639  0.0979381  0.0108223
  0.298451  0.0108783  0.0108223   0.342784
IMAGINARY
           0      0.01176   -0.0203086   -0.0092155
    -0.01176            0  -0.00732394  0.000256903
   0.0203086   0.00732394            0   0.00699809
   0.0092155 -0.000256903  -0.00699809            0
EndNode1[0]<--->Repeater1[0]
REAL
  0.424433  -0.014491 0.00194313   0.292751
 -0.014491    0.11335  0.0350635 -0.0145259
0.00194313  0.0350635   0.117128  0.0151533
  0.292751 -0.0145259  0.0151533   0.345088
IMAGINARY
           0 -0.000868979   -0.0268985  -0.00175158
 0.000868979            0    0.0135937   0.00660335
   0.0268985   -0.0135937            0    0.0150141
  0.00175158  -0.00660335   -0.0150141            0
EndNode2[0]<--->HoM1[0]
REAL
 0.366324 -0.011346  0.010645  0.308097
-0.011346  0.122108 0.0501506 0.0125509
 0.010645 0.0501506  0.120823 0.0216553
 0.308097 0.0125509 0.0216553  0.390746
IMAGINARY
           0 -0.000858347   0.00660383   -0.0178251
 0.000858347            0  -0.00885071   -0.0237187
 -0.00660383   0.00885071            0    0.0204182
   0.0178251    0.0237187   -0.0204182            0
Repeater1[0]<--->EndNode1[0]
REAL
  0.424433 0.00194313  -0.014491   0.292751
0.00194313   0.117128  0.0350635  0.0151533
 -0.014491  0.0350635    0.11335 -0.0145259
  0.292751  0.0151533 -0.0145259   0.345088
IMAGINARY
           0   -0.0268985 -0.000868979  -0.00175158
   0.0268985            0   -0.0135937    0.0150141
 0.000868979    0.0135937            0   0.00660335
  0.00175158   -0.0150141  -0.00660335            0
Repeater1[0]<--->HoM1[0]
REAL
 0.366324  0.010645 -0.011346  0.308097
 0.010645  0.120823 0.0501506 0.0216553
-0.011346 0.0501506  0.122108 0.0125509
 0.308097 0.0216553 0.0125509  0.390746
IMAGINARY
           0   0.00660383 -0.000858347   -0.0178251
 -0.00660383            0   0.00885071    0.0204182
 0.000858347  -0.00885071            0   -0.0237187
   0.0178251   -0.0204182    0.0237187            0
EndNode1[0]<--->Repeater1[0]
REAL
  0.403846 -0.0268984  0.0100295   0.287873
-0.0268984   0.114011  0.0437193 -0.0426666
 0.0100295  0.0437193   0.122253 -0.0174881
  0.287873 -0.0426666 -0.0174881    0.35989
IMAGINARY
          0  -0.0325569  0.00261956   0.0186527
  0.0325569           0  0.00573756  -0.0019318
-0.00261956 -0.00573756           0 -0.00114326
 -0.0186527   0.0019318  0.00114326           0
EndNode2[0]<--->HoM1[0]
REAL
   0.404639  -0.0102787   0.0265527    0.276511
 -0.0102787    0.106959   0.0555499 -0.00492425
  0.0265527   0.0555499     0.10567   0.0140955
   0.276511 -0.00492425   0.0140955    0.382732
IMAGINARY
          0 -0.00978062  -0.0119497   0.0108928
 0.00978062           0 -0.00744457  0.00460658
  0.0119497  0.00744457           0  0.00510772
 -0.0108928 -0.00460658 -0.00510772           0
Repeater1[0]<--->EndNode1[0]
REAL
  0.403846  0.0100295 -0.0268984   0.287873
 0.0100295   0.122253  0.0437193 -0.0174881
-0.0268984  0.0437193   0.114011 -0.0426666
  0.287873 -0.0174881 -0.0426666    0.35989
IMAGINARY
          0  0.00261956  -0.0325569   0.0186527
-0.00261956           0 -0.00573756 -0.00114326
  0.0325569  0.00573756           0  -0.0019318
 -0.0186527  0.00114326   0.0019318           0
Repeater1[0]<--->HoM1[0]
REAL
   0.404639   0.0265527  -0.0102787    0.276511
  0.0265527     0.10567   0.0555499   0.0140955
 -0.0102787   0.0555499    0.106959 -0.00492425
   0.276511   0.0140955 -0.00492425    0.382732
IMAGINARY
          0  -0.0119497 -0.00978062   0.0108928
  0.0119497           0  0.00744457  0.00510772
 0.00978062 -0.00744457           0  0.00460658
 -0.0108928 -0.00510772 -0.00460658           0
EndNode1[0]<--->Repeater1[0]
REAL
   0.408322 -0.00164662 -0.00252466    0.285327
-0.00164662    0.136541   0.0299507 -0.00719756
-0.00252466   0.0299507    0.119636  -0.0261312
   0.285327 -0.00719756  -0.0261312    0.335501
IMAGINARY
          0 -0.00444382  0.00706377  -0.0109638
 0.00444382           0   0.0241713   -0.011096
-0.00706377  -0.0241713           0  0.00847608
  0.0109638    0.011096 -0.00847608           0
EndNode2[0]<--->HoM1[0]
REAL
   0.395808 -0.00964098 -0.00991372    0.303837
-0.00964098    0.108508    0.054467   0.0104944
-0.00991372    0.054467    0.122072    -0.01533
   0.303837   0.0104944    -0.01533    0.373613
IMAGINARY
           0   -0.0119395   0.00849532   0.00032069
   0.0119395            0    0.0135133 -0.000938644
 -0.00849532   -0.0135133            0  -0.00191442
 -0.00032069  0.000938644   0.00191442            0
Repeater1[0]<--->EndNode1[0]
REAL
   0.408322 -0.00252466 -0.00164662    0.285327
-0.00252466    0.119636   0.0299507  -0.0261312
-0.00164662   0.0299507    0.136541 -0.00719756
   0.285327  -0.0261312 -0.00719756    0.335501
IMAGINARY
          0  0.00706377 -0.00444382  -0.0109638
-0.00706377           0  -0.0241713  0.00847608
 0.00444382   0.0241713           0   -0.011096
  0.0109638 -0.00847608    0.011096           0
Repeater1[0]<--->HoM1[0]
REAL
   0.395808 -0.00991372 -0.00964098    0.303837
-0.00991372    0.122072    0.054467    -0.01533
-0.00964098    0.054467    0.108508   0.0104944
   0.303837    -0.01533   0.0104944    0.373613
IMAGINARY
           0   0.00849532   -0.0119395   0.00032069
 -0.00849532            0   -0.0135133  -0.00191442
   0.0119395    0.0135133            0 -0.000938644
 -0.00032069   0.00191442  0.000938644            0
EndNode1[0]<--->Repeater1[0]
REAL
     0.39974   0.00144815    0.0125711     0.287397
  0.00144815      0.13151     0.056628 -0.000621463
   0.0125711     0.056628     0.105469    0.0255959
    0.287397 -0.000621463    0.0255959     0.363281
IMAGINARY
          0  -0.0146654    0.026567  -0.0154031
  0.0146654           0  0.00956649  0.00804843
  -0.026567 -0.00956649           0   0.0133834
  0.0154031 -0.00804843  -0.0133834           0
EndNode2[0]<--->HoM1[0]
REAL
   0.404092 -0.00584278 0.000435135    0.323437
-0.00584278    0.117647   0.0610254 -0.00773925
0.000435135   0.0610254    0.106138  0.00252273
   0.323437 -0.00773925  0.00252273    0.372123
IMAGINARY
           0 -0.000105564  -0.00139245   0.00509828
 0.000105564            0  -0.00446456  -0.00924585
  0.00139245   0.00446456            0   -0.0140788
 -0.00509828   0.00924585    0.0140788            0
Repeater1[0]<--->EndNode1[0]
REAL
     0.39974    0.0125711   0.00144815     0.287397
   0.0125711     0.105469     0.056628    0.0255959
  0.00144815     0.056628      0.13151 -0.000621463
    0.287397    0.0255959 -0.000621463     0.363281
IMAGINARY
          0    0.026567  -0.0146654  -0.0154031
  -0.026567           0 -0.00956649   0.0133834
  0.0146654  0.00956649           0  0.00804843
  0.0154031  -0.0133834 -0.00804843           0
Repeater1[0]<--->HoM1[0]
REAL
   0.404092 0.000435135 -0.00584278    0.323437
0.000435135    0.106138   0.0610254  0.00252273
-0.00584278   0.0610254    0.117647 -0.00773925
   0.323437  0.00252273 -0.00773925    0.372123
IMAGINARY
           0  -0.00139245 -0.000105564   0.00509828
  0.00139245            0   0.00446456   -0.0140788
 0.000105564  -0.00446456            0  -0.00924585
 -0.00509828    0.0140788   0.00924585            0
EndNode1[0]<--->Repeater1[0]
REAL
  0.421255   -0.01511 -0.0112513    0.28257
  -0.01511     0.1242  0.0505441  0.0171646
-0.0112513  0.0505441   0.117798   0.014453
   0.28257  0.0171646   0.014453   0.336748
IMAGINARY
           0  -0.00688739   -0.0178751 -0.000362028
  0.00688739            0    0.0149509  -0.00107919
   0.0178751   -0.0149509            0   0.00361941
 0.000362028   0.00107919  -0.00361941            0
EndNode2[0]<--->HoM1[0]
REAL
   0.43342 -0.0129925 0.00111142   0.287604
-0.0129925   0.124021  0.0700979 -0.0259156
0.00111142  0.0700979   0.114883 -0.0209501
  0.287604 -0.0259156 -0.0209501   0.327676
IMAGINARY
           0  -0.00457331  -0.00501003 -0.000178757
  0.00457331            0   0.00457023  -0.00825257
  0.00501003  -0.00457023            0    0.0138571
 0.000178757   0.00825257   -0.0138571            0
Repeater1[0]<--->EndNode1[0]
REAL
  0.421255 -0.0112513   -0.01511    0.28257
-0.0112513   0.117798  0.0505441   0.014453
  -0.01511  0.0505441     0.1242  0.0171646
   0.28257   0.014453  0.0171646   0.336748
IMAGINARY
           0   -0.0178751  -0.00688739 -0.000362028
   0.0178751            0   -0.0149509   0.00361941
  0.00688739    0.0149509            0  -0.00107919
 0.000362028  -0.00361941   0.00107919            0
Repeater1[0]<--->HoM1[0]
REAL
   0.43342 0.00111142 -0.0129925   0.287604
0.00111142   0.114883  0.0700979 -0.0209501
-0.0129925  0.0700979   0.124021 -0.0259156
  0.287604 -0.0209501 -0.0259156   0.327676
IMAGINARY
           0  -0.00501003  -0.00457331 -0.000178757
  0.00501003            0  -0.00457023    0.0138571
  0.00457331   0.00457023            0  -0.00825257
 0.000178757   -0.0138571   0.00825257            0
EndNode1[0]<--->Repeater1[0]
REAL
   0.381818   0.0067525  -0.0087494    0.285674
  0.0067525    0.133766   0.0474545   0.0130439
 -0.0087494   0.0474545   0.0974026 -0.00245802
   0.285674   0.0130439 -0.00245802    0.387013
IMAGINARY
          0   0.0134825  -0.0117665  0.00737303
 -0.0134825           0 -0.00929364 -0.00917587
  0.0117665  0.00929364           0  0.00222426
-0.00737303  0.00917587 -0.00222426           0
EndNode2[0]<--->HoM1[0]
REAL
   0.411301  0.00236421  0.00869745     0.30714
 0.00236421     0.11958   0.0506969  0.00284569
 0.00869745   0.0506969     0.11958 -0.00175667
    0.30714  0.00284569 -0.00175667     0.34954
IMAGINARY
          0   0.0047199   0.0139514  0.00305198
 -0.0047199           0 -0.00496281   -0.026838
 -0.0139514  0.00496281           0  -0.0111632
-0.00305198    0.026838   0.0111632           0
Repeater1[0]<--->EndNode1[0]
REAL
   0.381818  -0.0087494   0.0067525    0.285674
 -0.0087494   0.0974026   0.0474545 -0.00245802
  0.0067525   0.0474545    0.133766   0.0130439
   0.285674 -0.00245802   0.0130439    0.387013
IMAGINARY
          0  -0.0117665   0.0134825  0.00737303
  0.0117665           0  0.00929364  0.00222426
 -0.0134825 -0.00929364           0 -0.00917587
-0.00737303 -0.00222426  0.00917587           0
Repeater1[0]<--->HoM1[0]
REAL
   0.411301  0.00869745  0.00236421     0.30714
 0.00869745     0.11958   0.0506969 -0.00175667
 0.00236421   0.0506969     0.11958  0.00284569
    0.30714 -0.00175667  0.00284569     0.34954
IMAGINARY
          0   0.0139514   0.0047199  0.00305198
 -0.0139514           0  0.00496281  -0.0111632
 -0.0047199 -0.00496281           0   -0.026838
-0.00305198   0.0111632    0.026838           0
EndNode1[0]<--->Repeater1[0]
REAL
   0.389447 -0.00371597  -0.0118815    0.297208
-0.00371597     0.15201   0.0487488  -0.0131506
 -0.0118815   0.0487488    0.123116  -0.0161813
   0.297208  -0.0131506  -0.0161813    0.335427
IMAGINARY
          0 -0.00385167 -0.00914303  -0.0241481
 0.00385167           0 -0.00257944    0.020857
 0.00914303  0.00257944           0  -0.0103284
  0.0241481   -0.020857   0.0103284           0
EndNode2[0]<--->HoM1[0]
REAL
   0.401998 -0.00525681 -0.00813583    0.309546
-0.00525681    0.123596   0.0767871 -0.00607256
-0.00813583   0.0767871    0.102372  -0.0116579
   0.309546 -0.00607256  -0.0116579    0.372035
IMAGINARY
          0  0.00214271 -0.00180168   0.0102835
-0.00214271           0  0.00774539   0.0128854
 0.00180168 -0.00774539           0 -0.00460576
 -0.0102835  -0.0128854  0.00460576           0
Repeater1[0]<--->EndNode1[0]
REAL
   0.389447  -0.0118815 -0.00371597    0.297208
 -0.0118815    0.123116   0.0487488  -0.0161813
-0.00371597   0.0487488     0.15201  -0.0131506
   0.297208  -0.0161813  -0.0131506    0.335427
IMAGINARY
          0 -0.00914303 -0.00385167  -0.0241481
 0.00914303           0  0.00257944  -0.0103284
 0.00385167 -0.00257944           0    0.020857
  0.0241481   0.0103284   -0.020857           0
Repeater1[0]<--->HoM1[0]
REAL
   0.401998 -0.00813583 -0.00525681    0.309546
-0.00813583    0.102372   0.0767871  -0.0116579
-0.00525681   0.0767871    0.123596 -0.00607256
   0.309546  -0.0116579 -0.00607256    0.372035
IMAGINARY
          0 -0.00180168  0.00214271   0.0102835
 0.00180168           0 -0.00774539 -0.00460576
-0.00214271  0.00774539           0   0.0128854
 -0.0102835  0.00460576  -0.0128854           0
