EndNode1[0]<--->Repeater1[0]
REAL
   0.435961  0.00323498 -0.00770254    0.375536
 0.00323498   0.0985222   0.0639416  0.00563927
-0.00770254   0.0639416    0.100985  0.00845691
   0.375536  0.00563927  0.00845691    0.364532
IMAGINARY
           0   -0.0133362   0.00487449  -0.00597128
   0.0133362            0 -0.000422578  -0.00948582
 -0.00487449  0.000422578            0    0.0271702
  0.00597128   0.00948582   -0.0271702            0
EndNode2[0]<--->HoM1[0]
REAL
  0.389542  0.0128767  0.0122466   0.394969
 0.0128767  0.0823529  0.0664734 0.00641007
 0.0122466  0.0664734   0.103268 0.00204867
  0.394969 0.00641007 0.00204867   0.424837
IMAGINARY
          0 -0.00145778 -0.00210231 -0.00897604
 0.00145778           0   0.0189098  0.00737936
 0.00210231  -0.0189098           0 -0.00645778
 0.00897604 -0.00737936  0.00645778           0
Repeater1[0]<--->EndNode1[0]
REAL
   0.435961 -0.00770254  0.00323498    0.375536
-0.00770254    0.100985   0.0639416  0.00845691
 0.00323498   0.0639416   0.0985222  0.00563927
   0.375536  0.00845691  0.00563927    0.364532
IMAGINARY
           0   0.00487449   -0.0133362  -0.00597128
 -0.00487449            0  0.000422578    0.0271702
   0.0133362 -0.000422578            0  -0.00948582
  0.00597128   -0.0271702   0.00948582            0
Repeater1[0]<--->HoM1[0]
REAL
  0.389542  0.0122466  0.0128767   0.394969
 0.0122466   0.103268  0.0664734 0.00204867
 0.0128767  0.0664734  0.0823529 0.00641007
  0.394969 0.00204867 0.00641007   0.424837
IMAGINARY
          0 -0.00210231 -0.00145778 -0.00897604
 0.00210231           0  -0.0189098 -0.00645778
 0.00145778   0.0189098           0  0.00737936
 0.00897604  0.00645778 -0.00737936           0
EndNode1[0]<--->Repeater1[0]
REAL
  0.397059 0.00329626 0.00472078   0.389551
0.00329626  0.0931373  0.0699633  0.0148474
0.00472078  0.0699633  0.0968137  0.0243691
  0.389551  0.0148474  0.0243691    0.41299
IMAGINARY
           0   -0.0110043    0.0217706 -0.000369603
   0.0110043            0  -0.00350637   0.00142531
  -0.0217706   0.00350637            0   0.00584965
 0.000369603  -0.00142531  -0.00584965            0
EndNode2[0]<--->HoM1[0]
REAL
   0.399748   0.0144095 -0.00112069    0.381895
  0.0144095   0.0996217   0.0756053   0.0161207
-0.00112069   0.0756053   0.0983607 0.000590452
   0.381895   0.0161207 0.000590452     0.40227
IMAGINARY
           0   0.00850982  -0.00474595    0.0162568
 -0.00850982            0    0.0155784  -0.00343016
  0.00474595   -0.0155784            0 -0.000333718
  -0.0162568   0.00343016  0.000333718            0
Repeater1[0]<--->EndNode1[0]
REAL
  0.397059 0.00472078 0.00329626   0.389551
0.00472078  0.0968137  0.0699633  0.0243691
0.00329626  0.0699633  0.0931373  0.0148474
  0.389551  0.0243691  0.0148474    0.41299
IMAGINARY
           0    0.0217706   -0.0110043 -0.000369603
  -0.0217706            0   0.00350637   0.00584965
   0.0110043  -0.00350637            0   0.00142531
 0.000369603  -0.00584965  -0.00142531            0
Repeater1[0]<--->HoM1[0]
REAL
   0.399748 -0.00112069   0.0144095    0.381895
-0.00112069   0.0983607   0.0756053 0.000590452
  0.0144095   0.0756053   0.0996217   0.0161207
   0.381895 0.000590452   0.0161207     0.40227
IMAGINARY
           0  -0.00474595   0.00850982    0.0162568
  0.00474595            0   -0.0155784 -0.000333718
 -0.00850982    0.0155784            0  -0.00343016
  -0.0162568  0.000333718   0.00343016            0
EndNode1[0]<--->Repeater1[0]
REAL
  0.397653  0.0123158 0.00836709   0.399646
 0.0123158   0.109518  0.0692661 0.00329094
0.00836709  0.0692661  0.0847458 0.00452359
  0.399646 0.00329094 0.00452359   0.408083
IMAGINARY
           0   0.00597388  -0.00534933    0.0143428
 -0.00597388            0  -0.00778111 -0.000979788
  0.00534933   0.00778111            0   0.00795017
  -0.0143428  0.000979788  -0.00795017            0
EndNode2[0]<--->HoM1[0]
REAL
    0.401752   0.00339143 -0.000737215     0.399029
  0.00339143    0.0863579    0.0502364  -0.00260057
-0.000737215    0.0502364    0.0838548    0.0199731
    0.399029  -0.00260057    0.0199731     0.428035
IMAGINARY
          0  -0.0123688  0.00502061  0.00763363
  0.0123688           0  0.00162562   0.0172157
-0.00502061 -0.00162562           0 -0.00605563
-0.00763363  -0.0172157  0.00605563           0
Repeater1[0]<--->EndNode1[0]
REAL
  0.397653 0.00836709  0.0123158   0.399646
0.00836709  0.0847458  0.0692661 0.00452359
 0.0123158  0.0692661   0.109518 0.00329094
  0.399646 0.00452359 0.00329094   0.408083
IMAGINARY
           0  -0.00534933   0.00597388    0.0143428
  0.00534933            0   0.00778111   0.00795017
 -0.00597388  -0.00778111            0 -0.000979788
  -0.0143428  -0.00795017  0.000979788            0
Repeater1[0]<--->HoM1[0]
REAL
    0.401752 -0.000737215   0.00339143     0.399029
-0.000737215    0.0838548    0.0502364    0.0199731
  0.00339143    0.0502364    0.0863579  -0.00260057
    0.399029    0.0199731  -0.00260057     0.428035
IMAGINARY
          0  0.00502061  -0.0123688  0.00763363
-0.00502061           0 -0.00162562 -0.00605563
  0.0123688  0.00162562           0   0.0172157
-0.00763363  0.00605563  -0.0172157           0
EndNode1[0]<--->Repeater1[0]
REAL
   0.406091 -0.00811846   0.0103187    0.393172
-0.00811846   0.0659898   0.0663215  -0.0077871
  0.0103187   0.0663215   0.0901015 0.000523519
   0.393172  -0.0077871 0.000523519    0.437817
IMAGINARY
           0     0.022438  -0.00900361    -0.010004
   -0.022438            0  0.000425452    -0.011699
  0.00900361 -0.000425452            0   0.00328345
    0.010004     0.011699  -0.00328345            0
EndNode2[0]<--->HoM1[0]
REAL
  0.426768  0.0120146 0.00831039   0.381636
 0.0120146  0.0770202  0.0648613  0.0063393
0.00831039  0.0648613  0.0770202 0.00773063
  0.381636  0.0063393 0.00773063   0.419192
IMAGINARY
          0 -0.00548387   0.0225076   0.0177015
 0.00548387           0   0.0077677   0.0168472
 -0.0225076  -0.0077677           0 -0.00548387
 -0.0177015  -0.0168472  0.00548387           0
Repeater1[0]<--->EndNode1[0]
REAL
   0.406091   0.0103187 -0.00811846    0.393172
  0.0103187   0.0901015   0.0663215 0.000523519
-0.00811846   0.0663215   0.0659898  -0.0077871
   0.393172 0.000523519  -0.0077871    0.437817
IMAGINARY
           0  -0.00900361     0.022438    -0.010004
  0.00900361            0 -0.000425452   0.00328345
   -0.022438  0.000425452            0    -0.011699
    0.010004  -0.00328345     0.011699            0
Repeater1[0]<--->HoM1[0]
REAL
  0.426768 0.00831039  0.0120146   0.381636
0.00831039  0.0770202  0.0648613 0.00773063
 0.0120146  0.0648613  0.0770202  0.0063393
  0.381636 0.00773063  0.0063393   0.419192
IMAGINARY
          0   0.0225076 -0.00548387   0.0177015
 -0.0225076           0  -0.0077677 -0.00548387
 0.00548387   0.0077677           0   0.0168472
 -0.0177015  0.00548387  -0.0168472           0
EndNode1[0]<--->Repeater1[0]
REAL
   0.454545  0.00251221   -0.015147    0.392591
 0.00251221    0.113636    0.075817    0.006034
  -0.015147    0.075817   0.0708556 0.000525456
   0.392591    0.006034 0.000525456    0.360963
IMAGINARY
           0    0.0131124    0.0146022    0.0212074
  -0.0131124            0  0.000264992    0.0105591
  -0.0146022 -0.000264992            0   -0.0150478
  -0.0212074   -0.0105591    0.0150478            0
EndNode2[0]<--->HoM1[0]
REAL
  0.436457 -0.0044195 0.00328031   0.392346
-0.0044195   0.084724  0.0684384 0.00390924
0.00328031  0.0684384  0.0962773 0.00115153
  0.392346 0.00390924 0.00115153   0.382542
IMAGINARY
          0  -0.0254531   0.0136898   0.0177168
  0.0254531           0 -0.00699802  0.00044898
 -0.0136898  0.00699802           0  0.00745827
 -0.0177168 -0.00044898 -0.00745827           0
Repeater1[0]<--->EndNode1[0]
REAL
   0.454545   -0.015147  0.00251221    0.392591
  -0.015147   0.0708556    0.075817 0.000525456
 0.00251221    0.075817    0.113636    0.006034
   0.392591 0.000525456    0.006034    0.360963
IMAGINARY
           0    0.0146022    0.0131124    0.0212074
  -0.0146022            0 -0.000264992   -0.0150478
  -0.0131124  0.000264992            0    0.0105591
  -0.0212074    0.0150478   -0.0105591            0
Repeater1[0]<--->HoM1[0]
REAL
  0.436457 0.00328031 -0.0044195   0.392346
0.00328031  0.0962773  0.0684384 0.00115153
-0.0044195  0.0684384   0.084724 0.00390924
  0.392346 0.00115153 0.00390924   0.382542
IMAGINARY
          0   0.0136898  -0.0254531   0.0177168
 -0.0136898           0  0.00699802  0.00745827
  0.0254531 -0.00699802           0  0.00044898
 -0.0177168 -0.00745827 -0.00044898           0
EndNode1[0]<--->Repeater1[0]
REAL
    0.41199 -0.00207446  -0.0120417    0.376171
-0.00207446   0.0867347   0.0647788   0.0126836
 -0.0120417   0.0647788   0.0943878   0.0078511
   0.376171   0.0126836   0.0078511    0.406888
IMAGINARY
          0  0.00432862  0.00847879  -0.0123429
-0.00432862           0 -0.00770718   0.0105086
-0.00847879  0.00770718           0  -0.0169868
  0.0123429  -0.0105086   0.0169868           0
EndNode2[0]<--->HoM1[0]
REAL
  0.409856  0.0132491 0.00440544   0.393561
 0.0132491  0.0817308  0.0629603 -0.0120781
0.00440544  0.0629603  0.0889423 -0.0158066
  0.393561 -0.0120781 -0.0158066   0.419471
IMAGINARY
           0   0.00574419   -0.0139949 -0.000334397
 -0.00574419            0   0.00162639  -0.00376469
   0.0139949  -0.00162639            0   0.00381865
 0.000334397   0.00376469  -0.00381865            0
Repeater1[0]<--->EndNode1[0]
REAL
    0.41199  -0.0120417 -0.00207446    0.376171
 -0.0120417   0.0943878   0.0647788   0.0078511
-0.00207446   0.0647788   0.0867347   0.0126836
   0.376171   0.0078511   0.0126836    0.406888
IMAGINARY
          0  0.00847879  0.00432862  -0.0123429
-0.00847879           0  0.00770718  -0.0169868
-0.00432862 -0.00770718           0   0.0105086
  0.0123429   0.0169868  -0.0105086           0
Repeater1[0]<--->HoM1[0]
REAL
  0.409856 0.00440544  0.0132491   0.393561
0.00440544  0.0889423  0.0629603 -0.0158066
 0.0132491  0.0629603  0.0817308 -0.0120781
  0.393561 -0.0158066 -0.0120781   0.419471
IMAGINARY
           0   -0.0139949   0.00574419 -0.000334397
   0.0139949            0  -0.00162639   0.00381865
 -0.00574419   0.00162639            0  -0.00376469
 0.000334397  -0.00381865   0.00376469            0
EndNode1[0]<--->Repeater1[0]
REAL
   0.410824  -0.0117479   0.0073958    0.390333
 -0.0117479   0.0922509   0.0597323 -0.00542471
  0.0073958   0.0597323   0.0934809  0.00320655
   0.390333 -0.00542471  0.00320655    0.403444
IMAGINARY
          0  -0.0408011  -0.0119066  -0.0132582
  0.0408011           0  -0.0119031  0.00234373
  0.0119066   0.0119031           0  0.00118362
  0.0132582 -0.00234373 -0.00118362           0
EndNode2[0]<--->HoM1[0]
REAL
   0.459948 0.000522208   0.0142376    0.403749
0.000522208   0.0917313   0.0623967  0.00919986
  0.0142376   0.0623967   0.0775194   0.0203111
   0.403749  0.00919986   0.0203111    0.370801
IMAGINARY
          0  0.00353855  0.00450616  -0.0206661
-0.00353855           0  0.00283257   0.0013456
-0.00450616 -0.00283257           0 -0.00678952
  0.0206661  -0.0013456  0.00678952           0
Repeater1[0]<--->EndNode1[0]
REAL
   0.410824   0.0073958  -0.0117479    0.390333
  0.0073958   0.0934809   0.0597323  0.00320655
 -0.0117479   0.0597323   0.0922509 -0.00542471
   0.390333  0.00320655 -0.00542471    0.403444
IMAGINARY
          0  -0.0119066  -0.0408011  -0.0132582
  0.0119066           0   0.0119031  0.00118362
  0.0408011  -0.0119031           0  0.00234373
  0.0132582 -0.00118362 -0.00234373           0
Repeater1[0]<--->HoM1[0]
REAL
   0.459948   0.0142376 0.000522208    0.403749
  0.0142376   0.0775194   0.0623967   0.0203111
0.000522208   0.0623967   0.0917313  0.00919986
   0.403749   0.0203111  0.00919986    0.370801
IMAGINARY
          0  0.00450616  0.00353855  -0.0206661
-0.00450616           0 -0.00283257 -0.00678952
-0.00353855  0.00283257           0   0.0013456
  0.0206661  0.00678952  -0.0013456           0
EndNode1[0]<--->Repeater1[0]
REAL
   0.398758  0.00495599  0.00343632    0.386727
 0.00495599   0.0757764   0.0671192 -0.00728247
 0.00343632   0.0671192   0.0857143 -0.00623804
   0.386727 -0.00728247 -0.00623804    0.439752
IMAGINARY
           0    0.0101026   0.00359818  0.000648754
  -0.0101026            0    0.0174085   0.00882012
 -0.00359818   -0.0174085            0  -0.00422028
-0.000648754  -0.00882012   0.00422028            0
EndNode2[0]<--->HoM1[0]
REAL
   0.416873 -0.00719487  0.00817478    0.395597
-0.00719487   0.0905707   0.0576854   0.0132899
 0.00817478   0.0576854    0.104218   0.0248716
   0.395597   0.0132899   0.0248716    0.388337
IMAGINARY
          0  0.00773196  -0.0126877  0.00220953
-0.00773196           0    0.010274  -0.0120375
  0.0126877   -0.010274           0 -0.00773196
-0.00220953   0.0120375  0.00773196           0
Repeater1[0]<--->EndNode1[0]
REAL
   0.398758  0.00343632  0.00495599    0.386727
 0.00343632   0.0857143   0.0671192 -0.00623804
 0.00495599   0.0671192   0.0757764 -0.00728247
   0.386727 -0.00623804 -0.00728247    0.439752
IMAGINARY
           0   0.00359818    0.0101026  0.000648754
 -0.00359818            0   -0.0174085  -0.00422028
  -0.0101026    0.0174085            0   0.00882012
-0.000648754   0.00422028  -0.00882012            0
Repeater1[0]<--->HoM1[0]
REAL
   0.416873  0.00817478 -0.00719487    0.395597
 0.00817478    0.104218   0.0576854   0.0248716
-0.00719487   0.0576854   0.0905707   0.0132899
   0.395597   0.0248716   0.0132899    0.388337
IMAGINARY
          0  -0.0126877  0.00773196  0.00220953
  0.0126877           0   -0.010274 -0.00773196
-0.00773196    0.010274           0  -0.0120375
-0.00220953  0.00773196   0.0120375           0
EndNode1[0]<--->Repeater1[0]
REAL
  0.409091  0.0148396  0.0241728   0.402975
 0.0148396  0.0842246  0.0635195 0.00804373
 0.0241728  0.0635195   0.106952  0.0070676
  0.402975 0.00804373  0.0070676   0.399733
IMAGINARY
           0 -1.67208e-05  -0.00919009   0.00100059
 1.67208e-05            0   0.00981671  -0.00101399
  0.00919009  -0.00981671            0 -0.000663551
 -0.00100059   0.00101399  0.000663551            0
EndNode2[0]<--->HoM1[0]
REAL
   0.454432 -0.00339057 -0.00690955    0.395977
-0.00339057   0.0749064   0.0675904  0.00690955
-0.00690955   0.0675904   0.0811486  0.00213429
   0.395977  0.00690955  0.00213429    0.389513
IMAGINARY
          0  0.00129032 -0.00260385   -0.022328
-0.00129032           0   -0.012988 -0.00191228
 0.00260385    0.012988           0  -0.0083871
   0.022328  0.00191228   0.0083871           0
Repeater1[0]<--->EndNode1[0]
REAL
  0.409091  0.0241728  0.0148396   0.402975
 0.0241728   0.106952  0.0635195  0.0070676
 0.0148396  0.0635195  0.0842246 0.00804373
  0.402975  0.0070676 0.00804373   0.399733
IMAGINARY
           0  -0.00919009 -1.67208e-05   0.00100059
  0.00919009            0  -0.00981671 -0.000663551
 1.67208e-05   0.00981671            0  -0.00101399
 -0.00100059  0.000663551   0.00101399            0
Repeater1[0]<--->HoM1[0]
REAL
   0.454432 -0.00690955 -0.00339057    0.395977
-0.00690955   0.0811486   0.0675904  0.00213429
-0.00339057   0.0675904   0.0749064  0.00690955
   0.395977  0.00213429  0.00690955    0.389513
IMAGINARY
          0 -0.00260385  0.00129032   -0.022328
 0.00260385           0    0.012988  -0.0083871
-0.00129032   -0.012988           0 -0.00191228
   0.022328   0.0083871  0.00191228           0
EndNode1[0]<--->Repeater1[0]
REAL
  0.420157 0.00758053 -0.0190746   0.391685
0.00758053  0.0811518  0.0579376  0.0152963
-0.0190746  0.0579376  0.0994764 -0.0113589
  0.391685  0.0152963 -0.0113589   0.399215
IMAGINARY
           0  -0.00662281   0.00477497   -0.0114712
  0.00662281            0    0.0171746  0.000187812
 -0.00477497   -0.0171746            0  -0.00330275
   0.0114712 -0.000187812   0.00330275            0
EndNode2[0]<--->HoM1[0]
REAL
   0.443734  0.00468956   0.0055575    0.394739
 0.00468956   0.0856777   0.0609658 -0.00488636
  0.0055575   0.0609658   0.0780051  -0.0053607
   0.394739 -0.00488636  -0.0053607    0.392583
IMAGINARY
          0   0.0119236  0.00989446 -0.00919271
 -0.0119236           0  -0.0129427  0.00989446
-0.00989446   0.0129427           0 -0.00268881
 0.00919271 -0.00989446  0.00268881           0
Repeater1[0]<--->EndNode1[0]
REAL
  0.420157 -0.0190746 0.00758053   0.391685
-0.0190746  0.0994764  0.0579376 -0.0113589
0.00758053  0.0579376  0.0811518  0.0152963
  0.391685 -0.0113589  0.0152963   0.399215
IMAGINARY
           0   0.00477497  -0.00662281   -0.0114712
 -0.00477497            0   -0.0171746  -0.00330275
  0.00662281    0.0171746            0  0.000187812
   0.0114712   0.00330275 -0.000187812            0
Repeater1[0]<--->HoM1[0]
REAL
   0.443734   0.0055575  0.00468956    0.394739
  0.0055575   0.0780051   0.0609658  -0.0053607
 0.00468956   0.0609658   0.0856777 -0.00488636
   0.394739  -0.0053607 -0.00488636    0.392583
IMAGINARY
          0  0.00989446   0.0119236 -0.00919271
-0.00989446           0   0.0129427 -0.00268881
 -0.0119236  -0.0129427           0  0.00989446
 0.00919271  0.00268881 -0.00989446           0
EndNode1[0]<--->Repeater1[0]
REAL
   0.404172 -0.00844394 -0.00926789    0.383545
-0.00844394   0.0938722   0.0577085   0.0105734
-0.00926789   0.0577085   0.0912647 -0.00983283
   0.383545   0.0105734 -0.00983283    0.410691
IMAGINARY
          0 -0.00605536   0.0100138 -0.00576425
 0.00605536           0  0.00266636  -0.0128973
 -0.0100138 -0.00266636           0 -0.00605536
 0.00576425   0.0128973  0.00605536           0
EndNode2[0]<--->HoM1[0]
REAL
   0.432855 -0.00910171 -0.00555556    0.389052
-0.00910171   0.0873533   0.0790033 -0.00555556
-0.00555556   0.0790033   0.0860495 -0.00339829
   0.389052 -0.00555556 -0.00339829    0.393742
IMAGINARY
           0  3.39975e-05    0.0202614   -0.0156574
-3.39975e-05            0    0.0131385   0.00915033
  -0.0202614   -0.0131385            0   -0.0135144
   0.0156574  -0.00915033    0.0135144            0
Repeater1[0]<--->EndNode1[0]
REAL
   0.404172 -0.00926789 -0.00844394    0.383545
-0.00926789   0.0912647   0.0577085 -0.00983283
-0.00844394   0.0577085   0.0938722   0.0105734
   0.383545 -0.00983283   0.0105734    0.410691
IMAGINARY
          0   0.0100138 -0.00605536 -0.00576425
 -0.0100138           0 -0.00266636 -0.00605536
 0.00605536  0.00266636           0  -0.0128973
 0.00576425  0.00605536   0.0128973           0
Repeater1[0]<--->HoM1[0]
REAL
   0.432855 -0.00555556 -0.00910171    0.389052
-0.00555556   0.0860495   0.0790033 -0.00339829
-0.00910171   0.0790033   0.0873533 -0.00555556
   0.389052 -0.00339829 -0.00555556    0.393742
IMAGINARY
           0    0.0202614  3.39975e-05   -0.0156574
  -0.0202614            0   -0.0131385   -0.0135144
-3.39975e-05    0.0131385            0   0.00915033
   0.0156574    0.0135144  -0.00915033            0
EndNode1[0]<--->Repeater1[0]
REAL
   0.428925   0.0296259   0.0258387    0.384402
  0.0296259   0.0976514    0.061264 -0.00708058
  0.0258387    0.061264   0.0815822  -0.0134551
   0.384402 -0.00708058  -0.0134551    0.391842
IMAGINARY
          0 -0.00497436  0.00663824 -0.00316701
 0.00497436           0  -0.0369332  0.00931921
-0.00663824   0.0369332           0 -0.00433415
 0.00316701 -0.00931921  0.00433415           0
EndNode2[0]<--->HoM1[0]
REAL
    0.425903  -0.00518095  -0.00483802     0.388434
 -0.00518095    0.0809465     0.063526   0.00420591
 -0.00483802     0.063526    0.0784558 -0.000508052
    0.388434   0.00420591 -0.000508052     0.414695
IMAGINARY
          0 -0.00460862  -0.0202834  0.00864027
 0.00460862           0   0.0130989   0.0122686
  0.0202834  -0.0130989           0  -0.0095714
-0.00864027  -0.0122686   0.0095714           0
Repeater1[0]<--->EndNode1[0]
REAL
   0.428925   0.0258387   0.0296259    0.384402
  0.0258387   0.0815822    0.061264  -0.0134551
  0.0296259    0.061264   0.0976514 -0.00708058
   0.384402  -0.0134551 -0.00708058    0.391842
IMAGINARY
          0  0.00663824 -0.00497436 -0.00316701
-0.00663824           0   0.0369332 -0.00433415
 0.00497436  -0.0369332           0  0.00931921
 0.00316701  0.00433415 -0.00931921           0
Repeater1[0]<--->HoM1[0]
REAL
    0.425903  -0.00483802  -0.00518095     0.388434
 -0.00483802    0.0784558     0.063526 -0.000508052
 -0.00518095     0.063526    0.0809465   0.00420591
    0.388434 -0.000508052   0.00420591     0.414695
IMAGINARY
          0  -0.0202834 -0.00460862  0.00864027
  0.0202834           0  -0.0130989  -0.0095714
 0.00460862   0.0130989           0   0.0122686
-0.00864027   0.0095714  -0.0122686           0
EndNode1[0]<--->Repeater1[0]
REAL
 0.395674  0.014339 0.0245882  0.391183
 0.014339 0.0852417  0.061563 0.0194731
0.0245882  0.061563   0.10687 0.0207823
 0.391183 0.0194731 0.0207823  0.412214
IMAGINARY
          0 -0.00056538  -0.0108186    0.009387
 0.00056538           0 -0.00437447 -0.00163225
  0.0108186  0.00437447           0  0.00515254
  -0.009387  0.00163225 -0.00515254           0
EndNode2[0]<--->HoM1[0]
REAL
    0.395674  0.000954612  -0.00424473     0.384586
 0.000954612      0.10687    0.0723211    0.0074133
 -0.00424473    0.0723211    0.0852417 -0.000320898
    0.384586    0.0074133 -0.000320898     0.412214
IMAGINARY
           0   -0.0047391  -0.00863098    0.0198646
   0.0047391            0  0.000557009   0.00675363
  0.00863098 -0.000557009            0 -0.000892943
  -0.0198646  -0.00675363  0.000892943            0
Repeater1[0]<--->EndNode1[0]
REAL
 0.395674 0.0245882  0.014339  0.391183
0.0245882   0.10687  0.061563 0.0207823
 0.014339  0.061563 0.0852417 0.0194731
 0.391183 0.0207823 0.0194731  0.412214
IMAGINARY
          0  -0.0108186 -0.00056538    0.009387
  0.0108186           0  0.00437447  0.00515254
 0.00056538 -0.00437447           0 -0.00163225
  -0.009387 -0.00515254  0.00163225           0
Repeater1[0]<--->HoM1[0]
REAL
    0.395674  -0.00424473  0.000954612     0.384586
 -0.00424473    0.0852417    0.0723211 -0.000320898
 0.000954612    0.0723211      0.10687    0.0074133
    0.384586 -0.000320898    0.0074133     0.412214
IMAGINARY
           0  -0.00863098   -0.0047391    0.0198646
  0.00863098            0 -0.000557009 -0.000892943
   0.0047391  0.000557009            0   0.00675363
  -0.0198646  0.000892943  -0.00675363            0
EndNode1[0]<--->Repeater1[0]
REAL
   0.444159 -0.00192308 -0.00382984     0.38488
-0.00192308    0.071887    0.065248 -0.00256402
-0.00382984    0.065248   0.0834403  0.00192308
    0.38488 -0.00256402  0.00192308    0.400513
IMAGINARY
          0 -0.00617834  -0.0189788  -0.0180156
 0.00617834           0   0.0186692   0.0294083
  0.0189788  -0.0186692           0  0.00924582
  0.0180156  -0.0294083 -0.00924582           0
EndNode2[0]<--->HoM1[0]
REAL
   0.416559  -0.0125238 -0.00579381    0.395275
 -0.0125238    0.100906    0.067782   0.0102524
-0.00579381    0.067782   0.0944373  0.00551743
   0.395275   0.0102524  0.00551743    0.388098
IMAGINARY
          0   0.0108818   0.0181113 -0.00586781
 -0.0108818           0  -0.0165596 -0.00193881
 -0.0181113   0.0165596           0 -0.00549098
 0.00586781  0.00193881  0.00549098           0
Repeater1[0]<--->EndNode1[0]
REAL
   0.444159 -0.00382984 -0.00192308     0.38488
-0.00382984   0.0834403    0.065248  0.00192308
-0.00192308    0.065248    0.071887 -0.00256402
    0.38488  0.00192308 -0.00256402    0.400513
IMAGINARY
          0  -0.0189788 -0.00617834  -0.0180156
  0.0189788           0  -0.0186692  0.00924582
 0.00617834   0.0186692           0   0.0294083
  0.0180156 -0.00924582  -0.0294083           0
Repeater1[0]<--->HoM1[0]
REAL
   0.416559 -0.00579381  -0.0125238    0.395275
-0.00579381   0.0944373    0.067782  0.00551743
 -0.0125238    0.067782    0.100906   0.0102524
   0.395275  0.00551743   0.0102524    0.388098
IMAGINARY
          0   0.0181113   0.0108818 -0.00586781
 -0.0181113           0   0.0165596 -0.00549098
 -0.0108818  -0.0165596           0 -0.00193881
 0.00586781  0.00549098  0.00193881           0
EndNode1[0]<--->Repeater1[0]
REAL
    0.40458   -0.010989 0.000686813     0.37979
  -0.010989    0.086514   0.0625181 0.000686813
0.000686813   0.0625181   0.0852417  0.00686813
    0.37979 0.000686813  0.00686813    0.423664
IMAGINARY
          0 -0.00886332   0.0245509  -0.0100331
 0.00886332           0  0.00121694  0.00235771
 -0.0245509 -0.00121694           0  -0.0205484
  0.0100331 -0.00235771   0.0205484           0
EndNode2[0]<--->HoM1[0]
REAL
   0.398315  -0.0213492  -0.0101145    0.391206
 -0.0213492   0.0926594   0.0702339  -0.0220192
 -0.0101145   0.0702339   0.0950662 -0.00307242
   0.391206  -0.0220192 -0.00307242    0.413959
IMAGINARY
          0   0.0110683   0.0034459  0.00260919
 -0.0110683           0  0.00584334   0.0157357
 -0.0034459 -0.00584334           0  -0.0200197
-0.00260919  -0.0157357   0.0200197           0
Repeater1[0]<--->EndNode1[0]
REAL
    0.40458 0.000686813   -0.010989     0.37979
0.000686813   0.0852417   0.0625181  0.00686813
  -0.010989   0.0625181    0.086514 0.000686813
    0.37979  0.00686813 0.000686813    0.423664
IMAGINARY
          0   0.0245509 -0.00886332  -0.0100331
 -0.0245509           0 -0.00121694  -0.0205484
 0.00886332  0.00121694           0  0.00235771
  0.0100331   0.0205484 -0.00235771           0
Repeater1[0]<--->HoM1[0]
REAL
   0.398315  -0.0101145  -0.0213492    0.391206
 -0.0101145   0.0950662   0.0702339 -0.00307242
 -0.0213492   0.0702339   0.0926594  -0.0220192
   0.391206 -0.00307242  -0.0220192    0.413959
IMAGINARY
          0   0.0034459   0.0110683  0.00260919
 -0.0034459           0 -0.00584334  -0.0200197
 -0.0110683  0.00584334           0   0.0157357
-0.00260919   0.0200197  -0.0157357           0
EndNode1[0]<--->Repeater1[0]
REAL
  0.414514 -0.0174192 -0.0076769   0.380981
-0.0174192  0.0725707  0.0739158  0.0076769
-0.0076769  0.0739158  0.0897909  0.0109759
  0.380981  0.0076769  0.0109759   0.423124
IMAGINARY
          0   0.0173003  0.00239204 -0.00790927
 -0.0173003           0  -0.0269745  -0.0186964
-0.00239204   0.0269745           0 -0.00914809
 0.00790927   0.0186964  0.00914809           0
EndNode2[0]<--->HoM1[0]
REAL
  0.394897  0.0104792 0.00955448   0.389362
 0.0104792   0.100851   0.055375  0.0128139
0.00955448   0.055375  0.0947752  0.0224155
  0.389362  0.0128139  0.0224155   0.409478
IMAGINARY
          0 -0.00966514  0.00588646   0.0146232
 0.00966514           0 -0.00270352   0.0222181
-0.00588646  0.00270352           0 -0.00144597
 -0.0146232  -0.0222181  0.00144597           0
Repeater1[0]<--->EndNode1[0]
REAL
  0.414514 -0.0076769 -0.0174192   0.380981
-0.0076769  0.0897909  0.0739158  0.0109759
-0.0174192  0.0739158  0.0725707  0.0076769
  0.380981  0.0109759  0.0076769   0.423124
IMAGINARY
          0  0.00239204   0.0173003 -0.00790927
-0.00239204           0   0.0269745 -0.00914809
 -0.0173003  -0.0269745           0  -0.0186964
 0.00790927  0.00914809   0.0186964           0
Repeater1[0]<--->HoM1[0]
REAL
  0.394897 0.00955448  0.0104792   0.389362
0.00955448  0.0947752   0.055375  0.0224155
 0.0104792   0.055375   0.100851  0.0128139
  0.389362  0.0224155  0.0128139   0.409478
IMAGINARY
          0  0.00588646 -0.00966514   0.0146232
-0.00588646           0  0.00270352 -0.00144597
 0.00966514 -0.00270352           0   0.0222181
 -0.0146232  0.00144597  -0.0222181           0
EndNode1[0]<--->Repeater1[0]
REAL
   0.425096  0.00653249 9.76636e-05    0.390286
 0.00653249   0.0755442   0.0626548  0.00839907
9.76636e-05   0.0626548   0.0909091    0.007193
   0.390286  0.00839907    0.007193    0.408451
IMAGINARY
          0  0.00802695  -0.0108229  -0.0232628
-0.00802695           0   0.0104094  0.00555977
  0.0108229  -0.0104094           0 -0.00407958
  0.0232628 -0.00555977  0.00407958           0
EndNode2[0]<--->HoM1[0]
REAL
  0.414439 0.00738478  0.0117096   0.396509
0.00738478  0.0989305  0.0733706  0.0135916
 0.0117096  0.0733706   0.100267 0.00948269
  0.396509  0.0135916 0.00948269   0.386364
IMAGINARY
           0   -0.0118434  -0.00402832   0.00856835
   0.0118434            0   0.00494516   0.00934747
  0.00402832  -0.00494516            0 -0.000124668
 -0.00856835  -0.00934747  0.000124668            0
Repeater1[0]<--->EndNode1[0]
REAL
   0.425096 9.76636e-05  0.00653249    0.390286
9.76636e-05   0.0909091   0.0626548    0.007193
 0.00653249   0.0626548   0.0755442  0.00839907
   0.390286    0.007193  0.00839907    0.408451
IMAGINARY
          0  -0.0108229  0.00802695  -0.0232628
  0.0108229           0  -0.0104094 -0.00407958
-0.00802695   0.0104094           0  0.00555977
  0.0232628  0.00407958 -0.00555977           0
Repeater1[0]<--->HoM1[0]
REAL
  0.414439  0.0117096 0.00738478   0.396509
 0.0117096   0.100267  0.0733706 0.00948269
0.00738478  0.0733706  0.0989305  0.0135916
  0.396509 0.00948269  0.0135916   0.386364
IMAGINARY
           0  -0.00402832   -0.0118434   0.00856835
  0.00402832            0  -0.00494516 -0.000124668
   0.0118434   0.00494516            0   0.00934747
 -0.00856835  0.000124668  -0.00934747            0
EndNode1[0]<--->Repeater1[0]
REAL
     0.4214 -0.00370767  0.00423755    0.377186
-0.00370767    0.101717   0.0789185  0.00742226
 0.00423755   0.0789185    0.113606    0.012624
   0.377186  0.00742226    0.012624    0.363276
IMAGINARY
           0  0.000740022    0.0269593   0.00188916
-0.000740022            0    0.0167775    0.0225457
  -0.0269593   -0.0167775            0   -0.0366311
 -0.00188916   -0.0225457    0.0366311            0
EndNode2[0]<--->HoM1[0]
REAL
  0.430615  0.0025498  0.0180814   0.384101
 0.0025498  0.0686695  0.0723651 -0.0123196
 0.0180814  0.0723651  0.0858369 0.00321205
  0.384101 -0.0123196 0.00321205   0.414878
IMAGINARY
          0  -0.0123879 -0.00358093   0.0120305
  0.0123879           0 -0.00694139   0.0096934
 0.00358093  0.00694139           0   0.0209454
 -0.0120305  -0.0096934  -0.0209454           0
Repeater1[0]<--->EndNode1[0]
REAL
     0.4214  0.00423755 -0.00370767    0.377186
 0.00423755    0.113606   0.0789185    0.012624
-0.00370767   0.0789185    0.101717  0.00742226
   0.377186    0.012624  0.00742226    0.363276
IMAGINARY
           0    0.0269593  0.000740022   0.00188916
  -0.0269593            0   -0.0167775   -0.0366311
-0.000740022    0.0167775            0    0.0225457
 -0.00188916    0.0366311   -0.0225457            0
Repeater1[0]<--->HoM1[0]
REAL
  0.430615  0.0180814  0.0025498   0.384101
 0.0180814  0.0858369  0.0723651 0.00321205
 0.0025498  0.0723651  0.0686695 -0.0123196
  0.384101 0.00321205 -0.0123196   0.414878
IMAGINARY
          0 -0.00358093  -0.0123879   0.0120305
 0.00358093           0  0.00694139   0.0209454
  0.0123879 -0.00694139           0   0.0096934
 -0.0120305  -0.0209454  -0.0096934           0
EndNode1[0]<--->Repeater1[0]
REAL
   0.44321  0.0219682  0.0041363   0.376384
 0.0219682  0.0975309  0.0726208  0.0157642
 0.0041363  0.0726208  0.0876543 0.00166364
  0.376384  0.0157642 0.00166364   0.371605
IMAGINARY
         0 -0.0195111  0.0176983  0.0047335
 0.0195111          0 -0.0149116  0.0105275
-0.0176983  0.0149116          0  -0.014091
-0.0047335 -0.0105275   0.014091          0
EndNode2[0]<--->HoM1[0]
REAL
  0.442688  0.0378196 0.00673121   0.385094
 0.0378196  0.0816864  0.0727453   0.020278
0.00673121  0.0727453  0.0843215 -0.0134454
  0.385094   0.020278 -0.0134454   0.391304
IMAGINARY
          0  0.00893671   0.0114542 -0.00125038
-0.00893671           0  -0.0103177 -0.00419032
 -0.0114542   0.0103177           0  -0.0125687
 0.00125038  0.00419032   0.0125687           0
Repeater1[0]<--->EndNode1[0]
REAL
   0.44321  0.0041363  0.0219682   0.376384
 0.0041363  0.0876543  0.0726208 0.00166364
 0.0219682  0.0726208  0.0975309  0.0157642
  0.376384 0.00166364  0.0157642   0.371605
IMAGINARY
         0  0.0176983 -0.0195111  0.0047335
-0.0176983          0  0.0149116  -0.014091
 0.0195111 -0.0149116          0  0.0105275
-0.0047335   0.014091 -0.0105275          0
Repeater1[0]<--->HoM1[0]
REAL
  0.442688 0.00673121  0.0378196   0.385094
0.00673121  0.0843215  0.0727453 -0.0134454
 0.0378196  0.0727453  0.0816864   0.020278
  0.385094 -0.0134454   0.020278   0.391304
IMAGINARY
          0   0.0114542  0.00893671 -0.00125038
 -0.0114542           0   0.0103177  -0.0125687
-0.00893671  -0.0103177           0 -0.00419032
 0.00125038   0.0125687  0.00419032           0
EndNode1[0]<--->Repeater1[0]
REAL
  0.410804 -0.0060198 0.00551502   0.382814
-0.0060198  0.0829146  0.0676545  0.0125573
0.00551502  0.0676545  0.0879397  0.0254308
  0.382814  0.0125573  0.0254308   0.418342
IMAGINARY
          0  0.00199468 -0.00552807 -0.00750972
-0.00199468           0  0.00995471  0.00818764
 0.00552807 -0.00995471           0  -0.0219415
 0.00750972 -0.00818764   0.0219415           0
EndNode2[0]<--->HoM1[0]
REAL
    0.39897  -0.0127514 -0.00311092    0.378822
 -0.0127514   0.0797941   0.0733795 -0.00758091
-0.00311092   0.0733795   0.0926641  0.00457532
   0.378822 -0.00758091  0.00457532    0.428571
IMAGINARY
           0   0.00224805   -0.0139633     0.006776
 -0.00224805            0 -0.000686688    0.0146436
   0.0139633  0.000686688            0    0.0174798
   -0.006776   -0.0146436   -0.0174798            0
Repeater1[0]<--->EndNode1[0]
REAL
  0.410804 0.00551502 -0.0060198   0.382814
0.00551502  0.0879397  0.0676545  0.0254308
-0.0060198  0.0676545  0.0829146  0.0125573
  0.382814  0.0254308  0.0125573   0.418342
IMAGINARY
          0 -0.00552807  0.00199468 -0.00750972
 0.00552807           0 -0.00995471  -0.0219415
-0.00199468  0.00995471           0  0.00818764
 0.00750972   0.0219415 -0.00818764           0
Repeater1[0]<--->HoM1[0]
REAL
    0.39897 -0.00311092  -0.0127514    0.378822
-0.00311092   0.0926641   0.0733795  0.00457532
 -0.0127514   0.0733795   0.0797941 -0.00758091
   0.378822  0.00457532 -0.00758091    0.428571
IMAGINARY
           0   -0.0139633   0.00224805     0.006776
   0.0139633            0  0.000686688    0.0174798
 -0.00224805 -0.000686688            0    0.0146436
   -0.006776   -0.0174798   -0.0146436            0
