EndNode1[0]<--->Repeater1[0]
REAL
   0.704516 -0.00424677  0.00930757  0.00619228
-0.00424677    0.105806   0.0242646   0.0173422
 0.00930757   0.0242646    0.178065   0.0105919
 0.00619228   0.0173422   0.0105919   0.0116129
IMAGINARY
           0  -0.00649038  -0.00871929  -0.00782995
  0.00649038            0  -0.00291594    -0.009353
  0.00871929   0.00291594            0 -0.000872403
  0.00782995     0.009353  0.000872403            0
EndNode2[0]<--->HoM1[0]
REAL
     0.61118 -0.000173479  0.000775299   0.00448469
-0.000173479     0.204969 -0.000200721   0.00595665
 0.000775299 -0.000200721     0.152795  -0.00411049
  0.00448469   0.00595665  -0.00411049    0.0310559
IMAGINARY
          0  -0.0108612 -0.00507333    0.025395
  0.0108612           0   0.0128636   0.0110974
 0.00507333  -0.0128636           0  0.00215968
  -0.025395  -0.0110974 -0.00215968           0
Repeater1[0]<--->EndNode1[0]
REAL
   0.704516  0.00930757 -0.00424677  0.00619228
 0.00930757    0.178065   0.0242646   0.0105919
-0.00424677   0.0242646    0.105806   0.0173422
 0.00619228   0.0105919   0.0173422   0.0116129
IMAGINARY
           0  -0.00871929  -0.00649038  -0.00782995
  0.00871929            0   0.00291594 -0.000872403
  0.00649038  -0.00291594            0    -0.009353
  0.00782995  0.000872403     0.009353            0
Repeater1[0]<--->HoM1[0]
REAL
     0.61118  0.000775299 -0.000173479   0.00448469
 0.000775299     0.152795 -0.000200721  -0.00411049
-0.000173479 -0.000200721     0.204969   0.00595665
  0.00448469  -0.00411049   0.00595665    0.0310559
IMAGINARY
          0 -0.00507333  -0.0108612    0.025395
 0.00507333           0  -0.0128636  0.00215968
  0.0108612   0.0128636           0   0.0110974
  -0.025395 -0.00215968  -0.0110974           0
