EndNode1[0]<--->Repeater1[0]
REAL
  0.613861 -0.0132827  0.0181107  0.0210513
-0.0132827    0.12005 -0.0178088 0.00588415
 0.0181107 -0.0178088   0.216584 0.00485205
 0.0210513 0.00588415 0.00485205   0.049505
IMAGINARY
           0   0.00631888   -0.0150718 -0.000386941
 -0.00631888            0   0.00100195    0.0176625
   0.0150718  -0.00100195            0  -0.00890955
 0.000386941   -0.0176625   0.00890955            0
EndNode2[0]<--->HoM1[0]
REAL
  0.537869 -0.0103866  0.0180498  0.0364875
-0.0103866   0.218228  0.0088493 -0.0038011
 0.0180498  0.0088493   0.166881 -0.0077481
 0.0364875 -0.0038011 -0.0077481  0.0770218
IMAGINARY
           0    0.0288756  0.000976367 -0.000198219
  -0.0288756            0  -0.00543382    0.0115864
-0.000976367   0.00543382            0    0.0213756
 0.000198219   -0.0115864   -0.0213756            0
Repeater1[0]<--->EndNode1[0]
REAL
  0.613861  0.0181107 -0.0132827  0.0210513
 0.0181107   0.216584 -0.0178088 0.00485205
-0.0132827 -0.0178088    0.12005 0.00588415
 0.0210513 0.00485205 0.00588415   0.049505
IMAGINARY
           0   -0.0150718   0.00631888 -0.000386941
   0.0150718            0  -0.00100195  -0.00890955
 -0.00631888   0.00100195            0    0.0176625
 0.000386941   0.00890955   -0.0176625            0
Repeater1[0]<--->HoM1[0]
REAL
  0.537869  0.0180498 -0.0103866  0.0364875
 0.0180498   0.166881  0.0088493 -0.0077481
-0.0103866  0.0088493   0.218228 -0.0038011
 0.0364875 -0.0077481 -0.0038011  0.0770218
IMAGINARY
           0  0.000976367    0.0288756 -0.000198219
-0.000976367            0   0.00543382    0.0213756
  -0.0288756  -0.00543382            0    0.0115864
 0.000198219   -0.0213756   -0.0115864            0
EndNode1[0]<--->Repeater1[0]
REAL
   0.621384  0.00544696  -0.0101972  -0.0114972
 0.00544696    0.119497 -0.00669606  -0.0230524
 -0.0101972 -0.00669606    0.233962   0.0252933
 -0.0114972  -0.0230524   0.0252933   0.0251572
IMAGINARY
           0  0.000707882    0.0157458   -0.0172316
-0.000707882            0    0.0082342    0.0151184
  -0.0157458   -0.0082342            0   0.00134973
   0.0172316   -0.0151184  -0.00134973            0
EndNode2[0]<--->HoM1[0]
REAL
    0.514628    0.0168678  -0.00648862    0.0202487
   0.0168678     0.246011   -0.0104703 -0.000682172
 -0.00648862   -0.0104703     0.174202   -0.0162159
   0.0202487 -0.000682172   -0.0162159    0.0651596
IMAGINARY
          0   0.0183092  0.00641366  0.00397503
 -0.0183092           0  -0.0148585   -0.012296
-0.00641366   0.0148585           0   0.0150241
-0.00397503    0.012296  -0.0150241           0
Repeater1[0]<--->EndNode1[0]
REAL
   0.621384  -0.0101972  0.00544696  -0.0114972
 -0.0101972    0.233962 -0.00669606   0.0252933
 0.00544696 -0.00669606    0.119497  -0.0230524
 -0.0114972   0.0252933  -0.0230524   0.0251572
IMAGINARY
           0    0.0157458  0.000707882   -0.0172316
  -0.0157458            0   -0.0082342   0.00134973
-0.000707882    0.0082342            0    0.0151184
   0.0172316  -0.00134973   -0.0151184            0
Repeater1[0]<--->HoM1[0]
REAL
    0.514628  -0.00648862    0.0168678    0.0202487
 -0.00648862     0.174202   -0.0104703   -0.0162159
   0.0168678   -0.0104703     0.246011 -0.000682172
   0.0202487   -0.0162159 -0.000682172    0.0651596
IMAGINARY
          0  0.00641366   0.0183092  0.00397503
-0.00641366           0   0.0148585   0.0150241
 -0.0183092  -0.0148585           0   -0.012296
-0.00397503  -0.0150241    0.012296           0
EndNode1[0]<--->Repeater1[0]
REAL
   0.605943    0.010582 -0.00352956    0.010873
   0.010582   0.0852713    0.020873 0.000884058
-0.00352956    0.020873    0.263566    0.010582
   0.010873 0.000884058    0.010582   0.0452196
IMAGINARY
          0  0.00174373 -0.00664063 -0.00688821
-0.00174373           0   0.0135874  -0.0183594
 0.00664063  -0.0135874           0   0.0182563
 0.00688821   0.0183594  -0.0182563           0
EndNode2[0]<--->HoM1[0]
REAL
   0.521088    0.006248  -0.0018799   0.0247101
   0.006248    0.247619   0.0165133 -0.00742861
 -0.0018799   0.0165133    0.164626  -0.0301842
  0.0247101 -0.00742861  -0.0301842   0.0666667
IMAGINARY
          0  -0.0159461  0.00468942  0.00586781
  0.0159461           0  0.00391214  -0.0040589
-0.00468942 -0.00391214           0   0.0203597
-0.00586781   0.0040589  -0.0203597           0
Repeater1[0]<--->EndNode1[0]
REAL
   0.605943 -0.00352956    0.010582    0.010873
-0.00352956    0.263566    0.020873    0.010582
   0.010582    0.020873   0.0852713 0.000884058
   0.010873    0.010582 0.000884058   0.0452196
IMAGINARY
          0 -0.00664063  0.00174373 -0.00688821
 0.00664063           0  -0.0135874   0.0182563
-0.00174373   0.0135874           0  -0.0183594
 0.00688821  -0.0182563   0.0183594           0
Repeater1[0]<--->HoM1[0]
REAL
   0.521088  -0.0018799    0.006248   0.0247101
 -0.0018799    0.164626   0.0165133  -0.0301842
   0.006248   0.0165133    0.247619 -0.00742861
  0.0247101  -0.0301842 -0.00742861   0.0666667
IMAGINARY
          0  0.00468942  -0.0159461  0.00586781
-0.00468942           0 -0.00391214   0.0203597
  0.0159461  0.00391214           0  -0.0040589
-0.00586781  -0.0203597   0.0040589           0
EndNode1[0]<--->Repeater1[0]
REAL
   0.587379  0.00833333  0.00289832  0.00366667
 0.00833333    0.120146  0.00633333   0.0158517
 0.00289832  0.00633333    0.241505 -0.00208333
 0.00366667   0.0158517 -0.00208333   0.0509709
IMAGINARY
          0  0.00494057   0.0112874   0.0210585
-0.00494057           0  0.00381712 -0.00595402
 -0.0112874 -0.00381712           0  -0.0196072
 -0.0210585  0.00595402   0.0196072           0
EndNode2[0]<--->HoM1[0]
REAL
   0.556804   0.0061591 -0.00603628   0.0258905
  0.0061591    0.247191   0.0133905 -0.00128729
-0.00603628   0.0133905    0.143571   0.0158116
  0.0258905 -0.00128729   0.0158116   0.0524345
IMAGINARY
          0    0.020751  0.00797348  0.00951368
  -0.020751           0 -0.00313612   0.0182765
-0.00797348  0.00313612           0    0.012999
-0.00951368  -0.0182765   -0.012999           0
Repeater1[0]<--->EndNode1[0]
REAL
   0.587379  0.00289832  0.00833333  0.00366667
 0.00289832    0.241505  0.00633333 -0.00208333
 0.00833333  0.00633333    0.120146   0.0158517
 0.00366667 -0.00208333   0.0158517   0.0509709
IMAGINARY
          0   0.0112874  0.00494057   0.0210585
 -0.0112874           0 -0.00381712  -0.0196072
-0.00494057  0.00381712           0 -0.00595402
 -0.0210585   0.0196072  0.00595402           0
Repeater1[0]<--->HoM1[0]
REAL
   0.556804 -0.00603628   0.0061591   0.0258905
-0.00603628    0.143571   0.0133905   0.0158116
  0.0061591   0.0133905    0.247191 -0.00128729
  0.0258905   0.0158116 -0.00128729   0.0524345
IMAGINARY
          0  0.00797348    0.020751  0.00951368
-0.00797348           0  0.00313612    0.012999
  -0.020751 -0.00313612           0   0.0182765
-0.00951368   -0.012999  -0.0182765           0
EndNode1[0]<--->Repeater1[0]
REAL
   0.609499 -0.00849907 -0.00910567   0.0318006
-0.00849907    0.113456   -0.016763 -0.00718506
-0.00910567   -0.016763    0.234828  -0.0165636
  0.0318006 -0.00718506  -0.0165636   0.0422164
IMAGINARY
           0  0.000111327   -0.0177621 -0.000343749
-0.000111327            0   -0.0187214   -0.0116496
   0.0177621    0.0187214            0  -0.00900326
 0.000343749    0.0116496   0.00900326            0
EndNode2[0]<--->HoM1[0]
REAL
   0.515625  0.00675527  0.00886628   0.0211969
 0.00675527    0.233073  0.00996839   0.0101039
 0.00886628  0.00996839    0.174479 -0.00404524
  0.0211969   0.0101039 -0.00404524   0.0768229
IMAGINARY
          0   0.0139811 -0.00962204  0.00757576
 -0.0139811           0 -0.00757576  -0.0187795
 0.00962204  0.00757576           0   0.0223466
-0.00757576   0.0187795  -0.0223466           0
Repeater1[0]<--->EndNode1[0]
REAL
   0.609499 -0.00910567 -0.00849907   0.0318006
-0.00910567    0.234828   -0.016763  -0.0165636
-0.00849907   -0.016763    0.113456 -0.00718506
  0.0318006  -0.0165636 -0.00718506   0.0422164
IMAGINARY
           0   -0.0177621  0.000111327 -0.000343749
   0.0177621            0    0.0187214  -0.00900326
-0.000111327   -0.0187214            0   -0.0116496
 0.000343749   0.00900326    0.0116496            0
Repeater1[0]<--->HoM1[0]
REAL
   0.515625  0.00886628  0.00675527   0.0211969
 0.00886628    0.174479  0.00996839 -0.00404524
 0.00675527  0.00996839    0.233073   0.0101039
  0.0211969 -0.00404524   0.0101039   0.0768229
IMAGINARY
          0 -0.00962204   0.0139811  0.00757576
 0.00962204           0  0.00757576   0.0223466
 -0.0139811 -0.00757576           0  -0.0187795
-0.00757576  -0.0223466   0.0187795           0
EndNode1[0]<--->Repeater1[0]
REAL
   0.596538 -0.00150912   0.0264322   0.0033241
-0.00150912    0.105193  -0.0052398 -0.00663656
  0.0264322  -0.0052398    0.258322  -0.0106237
  0.0033241 -0.00663656  -0.0106237   0.0399467
IMAGINARY
          0  0.00421992  0.00278979   0.0171595
-0.00421992           0  0.00452415  -0.0139887
-0.00278979 -0.00452415           0   -0.020689
 -0.0171595   0.0139887    0.020689           0
EndNode2[0]<--->HoM1[0]
REAL
   0.512755 -0.00858281  -0.0207287   0.0194135
-0.00858281    0.228316   0.0187495  0.00197065
 -0.0207287   0.0187495    0.183673  -0.0295802
  0.0194135  0.00197065  -0.0295802   0.0752551
IMAGINARY
          0  0.00193968 -0.00195646  -0.0101878
-0.00193968           0   0.0018223   0.0159007
 0.00195646  -0.0018223           0 -0.00791577
  0.0101878  -0.0159007  0.00791577           0
Repeater1[0]<--->EndNode1[0]
REAL
   0.596538   0.0264322 -0.00150912   0.0033241
  0.0264322    0.258322  -0.0052398  -0.0106237
-0.00150912  -0.0052398    0.105193 -0.00663656
  0.0033241  -0.0106237 -0.00663656   0.0399467
IMAGINARY
          0  0.00278979  0.00421992   0.0171595
-0.00278979           0 -0.00452415   -0.020689
-0.00421992  0.00452415           0  -0.0139887
 -0.0171595    0.020689   0.0139887           0
Repeater1[0]<--->HoM1[0]
REAL
   0.512755  -0.0207287 -0.00858281   0.0194135
 -0.0207287    0.183673   0.0187495  -0.0295802
-0.00858281   0.0187495    0.228316  0.00197065
  0.0194135  -0.0295802  0.00197065   0.0752551
IMAGINARY
          0 -0.00195646  0.00193968  -0.0101878
 0.00195646           0  -0.0018223 -0.00791577
-0.00193968   0.0018223           0   0.0159007
  0.0101878  0.00791577  -0.0159007           0
EndNode1[0]<--->Repeater1[0]
REAL
   0.579146 -0.00535928   0.0182746 -0.00653011
-0.00535928    0.135678  -0.0077556   0.0284787
  0.0182746  -0.0077556    0.248744   0.0157489
-0.00653011   0.0284787   0.0157489   0.0364322
IMAGINARY
          0   0.0171222   -0.027451   0.0251024
 -0.0171222           0 -0.00324811    0.022549
   0.027451  0.00324811           0  0.00126014
 -0.0251024   -0.022549 -0.00126014           0
EndNode2[0]<--->HoM1[0]
REAL
    0.522222   -0.0127309   -0.0233936    0.0225683
  -0.0127309     0.234568     0.037484    0.0168662
  -0.0233936     0.037484     0.183951 -0.000323941
   0.0225683    0.0168662 -0.000323941    0.0592593
IMAGINARY
           0  -0.00389105   0.00485877    0.0118362
  0.00389105            0  -0.00244949  -0.00291325
 -0.00485877   0.00244949            0  0.000648508
  -0.0118362   0.00291325 -0.000648508            0
Repeater1[0]<--->EndNode1[0]
REAL
   0.579146   0.0182746 -0.00535928 -0.00653011
  0.0182746    0.248744  -0.0077556   0.0157489
-0.00535928  -0.0077556    0.135678   0.0284787
-0.00653011   0.0157489   0.0284787   0.0364322
IMAGINARY
          0   -0.027451   0.0171222   0.0251024
   0.027451           0  0.00324811  0.00126014
 -0.0171222 -0.00324811           0    0.022549
 -0.0251024 -0.00126014   -0.022549           0
Repeater1[0]<--->HoM1[0]
REAL
    0.522222   -0.0233936   -0.0127309    0.0225683
  -0.0233936     0.183951     0.037484 -0.000323941
  -0.0127309     0.037484     0.234568    0.0168662
   0.0225683 -0.000323941    0.0168662    0.0592593
IMAGINARY
           0   0.00485877  -0.00389105    0.0118362
 -0.00485877            0   0.00244949  0.000648508
  0.00389105  -0.00244949            0  -0.00291325
  -0.0118362 -0.000648508   0.00291325            0
EndNode1[0]<--->Repeater1[0]
REAL
   0.560917  0.00299534  -0.0310502 -0.00135836
 0.00299534    0.137515 -0.00387725  -0.0199969
 -0.0310502 -0.00387725    0.261761  -0.0226288
-0.00135836  -0.0199969  -0.0226288    0.039807
IMAGINARY
           0 -0.000720261  -0.00724142    0.0175759
 0.000720261            0   -0.0133976  -0.00661249
  0.00724142    0.0133976            0   -0.0244687
  -0.0175759   0.00661249    0.0244687            0
EndNode2[0]<--->HoM1[0]
REAL
   0.530848 -0.00508238  0.00873081    0.018833
-0.00508238     0.25964   0.0376887  0.00307043
 0.00873081   0.0376887    0.147815  0.00321903
   0.018833  0.00307043  0.00321903   0.0616967
IMAGINARY
           0    0.0183755   0.00468465 -0.000718946
  -0.0183755            0    0.0154973   -0.0209395
 -0.00468465   -0.0154973            0  -0.00342104
 0.000718946    0.0209395   0.00342104            0
Repeater1[0]<--->EndNode1[0]
REAL
   0.560917  -0.0310502  0.00299534 -0.00135836
 -0.0310502    0.261761 -0.00387725  -0.0226288
 0.00299534 -0.00387725    0.137515  -0.0199969
-0.00135836  -0.0226288  -0.0199969    0.039807
IMAGINARY
           0  -0.00724142 -0.000720261    0.0175759
  0.00724142            0    0.0133976   -0.0244687
 0.000720261   -0.0133976            0  -0.00661249
  -0.0175759    0.0244687   0.00661249            0
Repeater1[0]<--->HoM1[0]
REAL
   0.530848  0.00873081 -0.00508238    0.018833
 0.00873081    0.147815   0.0376887  0.00321903
-0.00508238   0.0376887     0.25964  0.00307043
   0.018833  0.00321903  0.00307043   0.0616967
IMAGINARY
           0   0.00468465    0.0183755 -0.000718946
 -0.00468465            0   -0.0154973  -0.00342104
  -0.0183755    0.0154973            0   -0.0209395
 0.000718946   0.00342104    0.0209395            0
EndNode1[0]<--->Repeater1[0]
REAL
   0.625767 -0.00303261 -0.00965471  0.00128023
-0.00303261    0.110429   0.0032359  0.00126762
-0.00965471   0.0032359     0.22454  0.00238745
 0.00128023  0.00126762  0.00238745   0.0392638
IMAGINARY
          0  -0.0175855 -0.00814693   0.0112137
  0.0175855           0   0.0112137 -0.00554277
 0.00814693  -0.0112137           0  -0.0195723
 -0.0112137  0.00554277   0.0195723           0
EndNode2[0]<--->HoM1[0]
REAL
   0.561893   0.0097327    0.021319   0.0157139
  0.0097327    0.243932   0.0264057  -0.0145255
   0.021319   0.0264057    0.144417 -0.00429791
  0.0157139  -0.0145255 -0.00429791   0.0497573
IMAGINARY
          0  -0.0324822  0.00436631  0.00657636
  0.0324822           0  0.00196503  -0.0100267
-0.00436631 -0.00196503           0   0.0155011
-0.00657636   0.0100267  -0.0155011           0
Repeater1[0]<--->EndNode1[0]
REAL
   0.625767 -0.00965471 -0.00303261  0.00128023
-0.00965471     0.22454   0.0032359  0.00238745
-0.00303261   0.0032359    0.110429  0.00126762
 0.00128023  0.00238745  0.00126762   0.0392638
IMAGINARY
          0 -0.00814693  -0.0175855   0.0112137
 0.00814693           0  -0.0112137  -0.0195723
  0.0175855   0.0112137           0 -0.00554277
 -0.0112137   0.0195723  0.00554277           0
Repeater1[0]<--->HoM1[0]
REAL
   0.561893    0.021319   0.0097327   0.0157139
   0.021319    0.144417   0.0264057 -0.00429791
  0.0097327   0.0264057    0.243932  -0.0145255
  0.0157139 -0.00429791  -0.0145255   0.0497573
IMAGINARY
          0  0.00436631  -0.0324822  0.00657636
-0.00436631           0 -0.00196503   0.0155011
  0.0324822  0.00196503           0  -0.0100267
-0.00657636  -0.0155011   0.0100267           0
EndNode1[0]<--->Repeater1[0]
REAL
    0.60078   0.0182373 -0.00638321  0.00154389
  0.0182373    0.128739  -0.0128132   0.0164662
-0.00638321  -0.0128132    0.226268 0.000149429
 0.00154389   0.0164662 0.000149429   0.0442133
IMAGINARY
          0   0.0174816 -0.00401483  0.00465916
 -0.0174816           0   -0.005301  0.00963281
 0.00401483    0.005301           0  0.00311768
-0.00465916 -0.00963281 -0.00311768           0
EndNode2[0]<--->HoM1[0]
REAL
   0.530799 -0.00158955 -0.00468194   0.0166215
-0.00158955    0.225426   0.0121285  0.00968194
-0.00468194   0.0121285     0.17038   0.0128396
  0.0166215  0.00968194   0.0128396   0.0733945
IMAGINARY
          0   -0.010306   0.0231281 -0.00585006
   0.010306           0  0.00650365  0.00447139
 -0.0231281 -0.00650365           0   0.0237849
 0.00585006 -0.00447139  -0.0237849           0
Repeater1[0]<--->EndNode1[0]
REAL
    0.60078 -0.00638321   0.0182373  0.00154389
-0.00638321    0.226268  -0.0128132 0.000149429
  0.0182373  -0.0128132    0.128739   0.0164662
 0.00154389 0.000149429   0.0164662   0.0442133
IMAGINARY
          0 -0.00401483   0.0174816  0.00465916
 0.00401483           0    0.005301  0.00311768
 -0.0174816   -0.005301           0  0.00963281
-0.00465916 -0.00311768 -0.00963281           0
Repeater1[0]<--->HoM1[0]
REAL
   0.530799 -0.00468194 -0.00158955   0.0166215
-0.00468194     0.17038   0.0121285   0.0128396
-0.00158955   0.0121285    0.225426  0.00968194
  0.0166215   0.0128396  0.00968194   0.0733945
IMAGINARY
          0   0.0231281   -0.010306 -0.00585006
 -0.0231281           0 -0.00650365   0.0237849
   0.010306  0.00650365           0  0.00447139
 0.00585006  -0.0237849 -0.00447139           0
EndNode1[0]<--->Repeater1[0]
REAL
   0.583639 -0.00279403  -0.0157949   0.0204716
-0.00279403    0.113553 -0.00751823  0.00672758
 -0.0157949 -0.00751823    0.258852   0.0196334
  0.0204716  0.00672758   0.0196334    0.043956
IMAGINARY
          0  0.00395209 -0.00632541 -0.00872387
-0.00395209           0  -0.0145604  -0.0076695
 0.00632541   0.0145604           0   0.0138596
 0.00872387   0.0076695  -0.0138596           0
EndNode2[0]<--->HoM1[0]
REAL
  0.537676 0.00684225  0.0102035  0.0363502
0.00684225   0.222222  0.0147217  0.0068205
 0.0102035  0.0147217   0.176245 -0.0125169
 0.0363502  0.0068205 -0.0125169   0.063857
IMAGINARY
          0 -0.00141767   0.0102866  -0.0176264
 0.00141767           0    -0.00844 -0.00392528
 -0.0102866     0.00844           0    0.012868
  0.0176264  0.00392528   -0.012868           0
Repeater1[0]<--->EndNode1[0]
REAL
   0.583639  -0.0157949 -0.00279403   0.0204716
 -0.0157949    0.258852 -0.00751823   0.0196334
-0.00279403 -0.00751823    0.113553  0.00672758
  0.0204716   0.0196334  0.00672758    0.043956
IMAGINARY
          0 -0.00632541  0.00395209 -0.00872387
 0.00632541           0   0.0145604   0.0138596
-0.00395209  -0.0145604           0  -0.0076695
 0.00872387  -0.0138596   0.0076695           0
Repeater1[0]<--->HoM1[0]
REAL
  0.537676  0.0102035 0.00684225  0.0363502
 0.0102035   0.176245  0.0147217 -0.0125169
0.00684225  0.0147217   0.222222  0.0068205
 0.0363502 -0.0125169  0.0068205   0.063857
IMAGINARY
          0   0.0102866 -0.00141767  -0.0176264
 -0.0102866           0     0.00844    0.012868
 0.00141767    -0.00844           0 -0.00392528
  0.0176264   -0.012868  0.00392528           0
EndNode1[0]<--->Repeater1[0]
REAL
    0.59335  -0.0314306  0.00225157 0.000456733
 -0.0314306    0.130435   0.0102351  -0.0217484
 0.00225157   0.0102351    0.235294  0.00061296
0.000456733  -0.0217484  0.00061296   0.0409207
IMAGINARY
          0  0.00344357 -0.00619804   0.0293283
-0.00344357           0  0.00196514 -0.00879544
 0.00619804 -0.00196514           0 -0.00800681
 -0.0293283  0.00879544  0.00800681           0
EndNode2[0]<--->HoM1[0]
REAL
   0.514208 -0.00621854  -0.0155582  0.00556537
-0.00621854    0.236806 0.000410728 -0.00369807
 -0.0155582 0.000410728    0.182679  0.00821057
 0.00556537 -0.00369807  0.00821057   0.0663058
IMAGINARY
          0 -0.00585226  -0.0126309   0.0182098
 0.00585226           0  -0.0232475   0.0074763
  0.0126309   0.0232475           0 -0.00961166
 -0.0182098  -0.0074763  0.00961166           0
Repeater1[0]<--->EndNode1[0]
REAL
    0.59335  0.00225157  -0.0314306 0.000456733
 0.00225157    0.235294   0.0102351  0.00061296
 -0.0314306   0.0102351    0.130435  -0.0217484
0.000456733  0.00061296  -0.0217484   0.0409207
IMAGINARY
          0 -0.00619804  0.00344357   0.0293283
 0.00619804           0 -0.00196514 -0.00800681
-0.00344357  0.00196514           0 -0.00879544
 -0.0293283  0.00800681  0.00879544           0
Repeater1[0]<--->HoM1[0]
REAL
   0.514208  -0.0155582 -0.00621854  0.00556537
 -0.0155582    0.182679 0.000410728  0.00821057
-0.00621854 0.000410728    0.236806 -0.00369807
 0.00556537  0.00821057 -0.00369807   0.0663058
IMAGINARY
          0  -0.0126309 -0.00585226   0.0182098
  0.0126309           0   0.0232475 -0.00961166
 0.00585226  -0.0232475           0   0.0074763
 -0.0182098  0.00961166  -0.0074763           0
EndNode1[0]<--->Repeater1[0]
REAL
    0.61054    0.018206  0.00198939 -0.00287908
   0.018206    0.118252   0.0108366  0.00198939
 0.00198939   0.0108366    0.235219 -0.00229089
-0.00287908  0.00198939 -0.00229089   0.0359897
IMAGINARY
          0  0.00725761 -0.00441584   0.0162299
-0.00725761           0 -0.00285409   0.0143909
 0.00441584  0.00285409           0  0.00521122
 -0.0162299  -0.0143909 -0.00521122           0
EndNode2[0]<--->HoM1[0]
REAL
    0.51192 -0.00497187  -0.0115887   0.0293898
-0.00497187    0.233375   0.0248737 -0.00779119
 -0.0115887   0.0248737     0.19197   0.0101398
  0.0293898 -0.00779119   0.0101398   0.0627353
IMAGINARY
          0   0.0232993  0.00674524  0.00806716
 -0.0232993           0   0.0252662 -0.00222911
-0.00674524  -0.0252662           0  -0.0226541
-0.00806716  0.00222911   0.0226541           0
Repeater1[0]<--->EndNode1[0]
REAL
    0.61054  0.00198939    0.018206 -0.00287908
 0.00198939    0.235219   0.0108366 -0.00229089
   0.018206   0.0108366    0.118252  0.00198939
-0.00287908 -0.00229089  0.00198939   0.0359897
IMAGINARY
          0 -0.00441584  0.00725761   0.0162299
 0.00441584           0  0.00285409  0.00521122
-0.00725761 -0.00285409           0   0.0143909
 -0.0162299 -0.00521122  -0.0143909           0
Repeater1[0]<--->HoM1[0]
REAL
    0.51192  -0.0115887 -0.00497187   0.0293898
 -0.0115887     0.19197   0.0248737   0.0101398
-0.00497187   0.0248737    0.233375 -0.00779119
  0.0293898   0.0101398 -0.00779119   0.0627353
IMAGINARY
          0  0.00674524   0.0232993  0.00806716
-0.00674524           0  -0.0252662  -0.0226541
 -0.0232993   0.0252662           0 -0.00222911
-0.00806716   0.0226541  0.00222911           0
EndNode1[0]<--->Repeater1[0]
REAL
  0.583551  0.0107611 0.00387794 0.00424406
 0.0107611   0.116188 -0.0113226 -0.0186785
0.00387794 -0.0113226   0.259791 0.00532637
0.00424406 -0.0186785 0.00532637    0.04047
IMAGINARY
          0  -0.0103693 -0.00704553 -0.00713781
  0.0103693           0  -0.0236504   0.0126495
 0.00704553   0.0236504           0 -0.00644263
 0.00713781  -0.0126495  0.00644263           0
EndNode2[0]<--->HoM1[0]
REAL
    0.50125  -0.0103627  -0.0250475 -0.00529534
 -0.0103627     0.23375  0.00270466   0.0302289
 -0.0250475  0.00270466     0.19875  -0.0103627
-0.00529534   0.0302289  -0.0103627     0.06625
IMAGINARY
          0   0.0128818   0.0043767  -0.0185007
 -0.0128818           0 -0.00829665     0.01029
 -0.0043767  0.00829665           0   0.0351182
  0.0185007    -0.01029  -0.0351182           0
Repeater1[0]<--->EndNode1[0]
REAL
  0.583551 0.00387794  0.0107611 0.00424406
0.00387794   0.259791 -0.0113226 0.00532637
 0.0107611 -0.0113226   0.116188 -0.0186785
0.00424406 0.00532637 -0.0186785    0.04047
IMAGINARY
          0 -0.00704553  -0.0103693 -0.00713781
 0.00704553           0   0.0236504 -0.00644263
  0.0103693  -0.0236504           0   0.0126495
 0.00713781  0.00644263  -0.0126495           0
Repeater1[0]<--->HoM1[0]
REAL
    0.50125  -0.0250475  -0.0103627 -0.00529534
 -0.0250475     0.19875  0.00270466  -0.0103627
 -0.0103627  0.00270466     0.23375   0.0302289
-0.00529534  -0.0103627   0.0302289     0.06625
IMAGINARY
          0   0.0043767   0.0128818  -0.0185007
 -0.0043767           0  0.00829665   0.0351182
 -0.0128818 -0.00829665           0     0.01029
  0.0185007  -0.0351182    -0.01029           0
EndNode1[0]<--->Repeater1[0]
REAL
    0.610553   -0.0287281    0.0197155   0.00298137
  -0.0287281     0.121859   -0.0100056  -0.00119701
   0.0197155   -0.0100056     0.233668 -7.50278e-06
  0.00298137  -0.00119701 -7.50278e-06    0.0339196
IMAGINARY
          0 -0.00677594  -0.0147623  -0.0263689
 0.00677594           0   -0.013293   0.0186584
  0.0147623    0.013293           0  -0.0140033
  0.0263689  -0.0186584   0.0140033           0
EndNode2[0]<--->HoM1[0]
REAL
    0.512987  -0.00850813 -0.000447349    0.0287605
 -0.00850813     0.237662   0.00659302    0.0155989
-0.000447349   0.00659302     0.175325  -0.00916863
   0.0287605    0.0155989  -0.00916863     0.074026
IMAGINARY
          0   0.0082884 -0.00213149   0.0132633
 -0.0082884           0  -0.0138891  -0.0114153
 0.00213149   0.0138891           0 -0.00705687
 -0.0132633   0.0114153  0.00705687           0
Repeater1[0]<--->EndNode1[0]
REAL
    0.610553    0.0197155   -0.0287281   0.00298137
   0.0197155     0.233668   -0.0100056 -7.50278e-06
  -0.0287281   -0.0100056     0.121859  -0.00119701
  0.00298137 -7.50278e-06  -0.00119701    0.0339196
IMAGINARY
          0  -0.0147623 -0.00677594  -0.0263689
  0.0147623           0    0.013293  -0.0140033
 0.00677594   -0.013293           0   0.0186584
  0.0263689   0.0140033  -0.0186584           0
Repeater1[0]<--->HoM1[0]
REAL
    0.512987 -0.000447349  -0.00850813    0.0287605
-0.000447349     0.175325   0.00659302  -0.00916863
 -0.00850813   0.00659302     0.237662    0.0155989
   0.0287605  -0.00916863    0.0155989     0.074026
IMAGINARY
          0 -0.00213149   0.0082884   0.0132633
 0.00213149           0   0.0138891 -0.00705687
 -0.0082884  -0.0138891           0  -0.0114153
 -0.0132633  0.00705687   0.0114153           0
