EndNode1[0]<--->Repeater1[0]
REAL
   0.349614 -0.00757674 -0.00666673    0.192852
-0.00757674    0.196658   0.0860682   0.0246616
-0.00666673   0.0860682    0.201799  0.00500604
   0.192852   0.0246616  0.00500604    0.251928
IMAGINARY
          0   0.0179395  -0.0066317   0.0120699
 -0.0179395           0  0.00263596  0.00160658
  0.0066317 -0.00263596           0  -0.0141706
 -0.0120699 -0.00160658   0.0141706           0
EndNode2[0]<--->HoM1[0]
REAL
   0.368153 -0.00282402   0.0135711    0.237885
-0.00282402    0.180892    0.106236   0.0148305
  0.0135711    0.106236    0.197452  0.00216351
   0.237885   0.0148305  0.00216351    0.253503
IMAGINARY
          0 -0.00342143  -0.0151946 -0.00658635
 0.00342143           0   0.0111615  0.00322648
  0.0151946  -0.0111615           0   -0.012536
 0.00658635 -0.00322648    0.012536           0
Repeater1[0]<--->EndNode1[0]
REAL
   0.349614 -0.00666673 -0.00757674    0.192852
-0.00666673    0.201799   0.0860682  0.00500604
-0.00757674   0.0860682    0.196658   0.0246616
   0.192852  0.00500604   0.0246616    0.251928
IMAGINARY
          0  -0.0066317   0.0179395   0.0120699
  0.0066317           0 -0.00263596  -0.0141706
 -0.0179395  0.00263596           0  0.00160658
 -0.0120699   0.0141706 -0.00160658           0
Repeater1[0]<--->HoM1[0]
REAL
   0.368153   0.0135711 -0.00282402    0.237885
  0.0135711    0.197452    0.106236  0.00216351
-0.00282402    0.106236    0.180892   0.0148305
   0.237885  0.00216351   0.0148305    0.253503
IMAGINARY
          0  -0.0151946 -0.00342143 -0.00658635
  0.0151946           0  -0.0111615   -0.012536
 0.00342143   0.0111615           0  0.00322648
 0.00658635    0.012536 -0.00322648           0
EndNode1[0]<--->Repeater1[0]
REAL
   0.364706 -0.00790156 -0.00939865    0.192543
-0.00790156    0.207843   0.0894302 -0.00339064
-0.00939865   0.0894302    0.215686  -0.0207221
   0.192543 -0.00339064  -0.0207221    0.211765
IMAGINARY
          0  -0.0101586 -0.00584245  0.00470137
  0.0101586           0 -0.00877745  -0.0103703
 0.00584245  0.00877745           0   0.0108071
-0.00470137   0.0103703  -0.0108071           0
EndNode2[0]<--->HoM1[0]
REAL
   0.382872  -0.0143027  -0.0280441    0.203912
 -0.0143027     0.18262    0.102876 -0.00981492
 -0.0280441    0.102876    0.162469  0.00777525
   0.203912 -0.00981492  0.00777525     0.27204
IMAGINARY
           0  -0.00513616   0.00780238   -0.0158571
  0.00513616            0  2.59829e-05  -0.00391637
 -0.00780238 -2.59829e-05            0    0.0297476
   0.0158571   0.00391637   -0.0297476            0
Repeater1[0]<--->EndNode1[0]
REAL
   0.364706 -0.00939865 -0.00790156    0.192543
-0.00939865    0.215686   0.0894302  -0.0207221
-0.00790156   0.0894302    0.207843 -0.00339064
   0.192543  -0.0207221 -0.00339064    0.211765
IMAGINARY
          0 -0.00584245  -0.0101586  0.00470137
 0.00584245           0  0.00877745   0.0108071
  0.0101586 -0.00877745           0  -0.0103703
-0.00470137  -0.0108071   0.0103703           0
Repeater1[0]<--->HoM1[0]
REAL
   0.382872  -0.0280441  -0.0143027    0.203912
 -0.0280441    0.162469    0.102876  0.00777525
 -0.0143027    0.102876     0.18262 -0.00981492
   0.203912  0.00777525 -0.00981492     0.27204
IMAGINARY
           0   0.00780238  -0.00513616   -0.0158571
 -0.00780238            0 -2.59829e-05    0.0297476
  0.00513616  2.59829e-05            0  -0.00391637
   0.0158571   -0.0297476   0.00391637            0
