EndNode1[0]<--->Repeater1[0]
REAL
   0.41573 -0.0125649 0.00434084   0.361869
-0.0125649  0.0811486  0.0518563 -0.0180663
0.00434084  0.0518563  0.0861423 0.00145379
  0.361869 -0.0180663 0.00145379   0.416979
IMAGINARY
           0   0.00207028   -0.0257655    0.0189664
 -0.00207028            0  -0.00856245 -0.000550269
   0.0257655   0.00856245            0    0.0216781
  -0.0189664  0.000550269   -0.0216781            0
EndNode2[0]<--->HoM1[0]
REAL
   0.442623  0.00251216  0.00517123    0.370731
 0.00251216   0.0655738   0.0445237  -0.0110382
 0.00517123   0.0445237   0.0668348 -0.00968296
   0.370731  -0.0110382 -0.00968296    0.424968
IMAGINARY
          0  -0.0216828    0.026484  0.00987828
  0.0216828           0  -0.0187841   0.0252402
  -0.026484   0.0187841           0 -0.00521376
-0.00987828  -0.0252402  0.00521376           0
Repeater1[0]<--->EndNode1[0]
REAL
   0.41573 0.00434084 -0.0125649   0.361869
0.00434084  0.0861423  0.0518563 0.00145379
-0.0125649  0.0518563  0.0811486 -0.0180663
  0.361869 0.00145379 -0.0180663   0.416979
IMAGINARY
           0   -0.0257655   0.00207028    0.0189664
   0.0257655            0   0.00856245    0.0216781
 -0.00207028  -0.00856245            0 -0.000550269
  -0.0189664   -0.0216781  0.000550269            0
Repeater1[0]<--->HoM1[0]
REAL
   0.442623  0.00517123  0.00251216    0.370731
 0.00517123   0.0668348   0.0445237 -0.00968296
 0.00251216   0.0445237   0.0655738  -0.0110382
   0.370731 -0.00968296  -0.0110382    0.424968
IMAGINARY
          0    0.026484  -0.0216828  0.00987828
  -0.026484           0   0.0187841 -0.00521376
  0.0216828  -0.0187841           0   0.0252402
-0.00987828  0.00521376  -0.0252402           0
EndNode1[0]<--->Repeater1[0]
REAL
  0.408788 0.00395073 0.00447304   0.374968
0.00395073  0.0918775  0.0437822   0.014277
0.00447304  0.0437822  0.0679095  0.0185493
  0.374968   0.014277  0.0185493   0.431425
IMAGINARY
          0  0.00475073  0.00829403 -0.00336993
-0.00475073           0  -0.0111419   0.0136132
-0.00829403   0.0111419           0  -0.0176373
 0.00336993  -0.0136132   0.0176373           0
EndNode2[0]<--->HoM1[0]
REAL
  0.392944 -0.0194925  0.0106864   0.376203
-0.0194925  0.0754258  0.0448148 -0.0180492
 0.0106864  0.0448148  0.0851582 0.00275885
  0.376203 -0.0180492 0.00275885   0.446472
IMAGINARY
          0 -0.00322976  -0.0129415 -0.00629271
 0.00322976           0  -0.0177021 -0.00456826
  0.0129415   0.0177021           0 -0.00520085
 0.00629271  0.00456826  0.00520085           0
Repeater1[0]<--->EndNode1[0]
REAL
  0.408788 0.00447304 0.00395073   0.374968
0.00447304  0.0679095  0.0437822  0.0185493
0.00395073  0.0437822  0.0918775   0.014277
  0.374968  0.0185493   0.014277   0.431425
IMAGINARY
          0  0.00829403  0.00475073 -0.00336993
-0.00829403           0   0.0111419  -0.0176373
-0.00475073  -0.0111419           0   0.0136132
 0.00336993   0.0176373  -0.0136132           0
Repeater1[0]<--->HoM1[0]
REAL
  0.392944  0.0106864 -0.0194925   0.376203
 0.0106864  0.0851582  0.0448148 0.00275885
-0.0194925  0.0448148  0.0754258 -0.0180492
  0.376203 0.00275885 -0.0180492   0.446472
IMAGINARY
          0  -0.0129415 -0.00322976 -0.00629271
  0.0129415           0   0.0177021 -0.00520085
 0.00322976  -0.0177021           0 -0.00456826
 0.00629271  0.00520085  0.00456826           0
EndNode1[0]<--->Repeater1[0]
REAL
  0.420844 0.00184275 -0.0166389   0.387417
0.00184275  0.0686016  0.0302738 0.00926786
-0.0166389  0.0302738  0.0725594 0.00184275
  0.387417 0.00926786 0.00184275   0.437995
IMAGINARY
          0  0.00265984 -0.00503763   0.0136279
-0.00265984           0  0.00379833  0.00140567
 0.00503763 -0.00379833           0  0.00823605
 -0.0136279 -0.00140567 -0.00823605           0
EndNode2[0]<--->HoM1[0]
REAL
  0.433796 -0.0104247 -0.0015006   0.385118
-0.0104247  0.0643127  0.0473146 -0.0107844
-0.0015006  0.0473146  0.0680958  0.0116532
  0.385118 -0.0107844  0.0116532   0.433796
IMAGINARY
          0  0.00138583  -0.0246345  0.00401613
-0.00138583           0  1.6129e-05   0.0176102
  0.0246345 -1.6129e-05           0   0.0120241
-0.00401613  -0.0176102  -0.0120241           0
Repeater1[0]<--->EndNode1[0]
REAL
  0.420844 -0.0166389 0.00184275   0.387417
-0.0166389  0.0725594  0.0302738 0.00184275
0.00184275  0.0302738  0.0686016 0.00926786
  0.387417 0.00184275 0.00926786   0.437995
IMAGINARY
          0 -0.00503763  0.00265984   0.0136279
 0.00503763           0 -0.00379833  0.00823605
-0.00265984  0.00379833           0  0.00140567
 -0.0136279 -0.00823605 -0.00140567           0
Repeater1[0]<--->HoM1[0]
REAL
  0.433796 -0.0015006 -0.0104247   0.385118
-0.0015006  0.0680958  0.0473146  0.0116532
-0.0104247  0.0473146  0.0643127 -0.0107844
  0.385118  0.0116532 -0.0107844   0.433796
IMAGINARY
          0  -0.0246345  0.00138583  0.00401613
  0.0246345           0 -1.6129e-05   0.0120241
-0.00138583  1.6129e-05           0   0.0176102
-0.00401613  -0.0120241  -0.0176102           0
EndNode1[0]<--->Repeater1[0]
REAL
  0.402649  0.0165362 -0.0044757    0.38067
 0.0165362  0.0847682   0.045161 -0.0044757
-0.0044757   0.045161  0.0887417  -0.017815
   0.38067 -0.0044757  -0.017815   0.423841
IMAGINARY
          0  0.00479853   0.0154749  0.00654685
-0.00479853           0    -0.02362  -0.0141694
 -0.0154749     0.02362           0 -0.00871498
-0.00654685   0.0141694  0.00871498           0
EndNode2[0]<--->HoM1[0]
REAL
  0.435057  0.0113767  0.0140331   0.383849
 0.0113767    0.07314  0.0344139 0.00193116
 0.0140331  0.0344139  0.0580076  0.0199132
  0.383849 0.00193116  0.0199132   0.433796
IMAGINARY
          0  0.00658846  0.00793311 -0.00210924
-0.00658846           0  -0.0112956  -0.0135793
-0.00793311   0.0112956           0  -0.0034517
 0.00210924   0.0135793   0.0034517           0
Repeater1[0]<--->EndNode1[0]
REAL
  0.402649 -0.0044757  0.0165362    0.38067
-0.0044757  0.0887417   0.045161  -0.017815
 0.0165362   0.045161  0.0847682 -0.0044757
   0.38067  -0.017815 -0.0044757   0.423841
IMAGINARY
          0   0.0154749  0.00479853  0.00654685
 -0.0154749           0     0.02362 -0.00871498
-0.00479853    -0.02362           0  -0.0141694
-0.00654685  0.00871498   0.0141694           0
Repeater1[0]<--->HoM1[0]
REAL
  0.435057  0.0140331  0.0113767   0.383849
 0.0140331  0.0580076  0.0344139  0.0199132
 0.0113767  0.0344139    0.07314 0.00193116
  0.383849  0.0199132 0.00193116   0.433796
IMAGINARY
          0  0.00793311  0.00658846 -0.00210924
-0.00793311           0   0.0112956  -0.0034517
-0.00658846  -0.0112956           0  -0.0135793
 0.00210924   0.0034517   0.0135793           0
EndNode1[0]<--->Repeater1[0]
REAL
    0.411279  -0.00504943 -0.000735185     0.361792
 -0.00504943     0.088033    0.0576946   -0.0115169
-0.000735185    0.0576946     0.085282  -0.00836948
    0.361792   -0.0115169  -0.00836948     0.415406
IMAGINARY
         0  0.0215346 -0.0272184  0.0359113
-0.0215346          0  0.0116767 -0.0156753
 0.0272184 -0.0116767          0  0.0123962
-0.0359113  0.0156753 -0.0123962          0
EndNode2[0]<--->HoM1[0]
REAL
  0.424359 -0.0062273   -0.00943   0.382486
-0.0062273  0.0858974  0.0344956 -0.0125826
  -0.00943  0.0344956  0.0884615 -0.0132696
  0.382486 -0.0125826 -0.0132696   0.401282
IMAGINARY
           0   0.00891678 -0.000395616   -0.0091297
 -0.00891678            0    -0.005119   -0.0209612
 0.000395616     0.005119            0  -0.00891678
   0.0091297    0.0209612   0.00891678            0
Repeater1[0]<--->EndNode1[0]
REAL
    0.411279 -0.000735185  -0.00504943     0.361792
-0.000735185     0.085282    0.0576946  -0.00836948
 -0.00504943    0.0576946     0.088033   -0.0115169
    0.361792  -0.00836948   -0.0115169     0.415406
IMAGINARY
         0 -0.0272184  0.0215346  0.0359113
 0.0272184          0 -0.0116767  0.0123962
-0.0215346  0.0116767          0 -0.0156753
-0.0359113 -0.0123962  0.0156753          0
Repeater1[0]<--->HoM1[0]
REAL
  0.424359   -0.00943 -0.0062273   0.382486
  -0.00943  0.0884615  0.0344956 -0.0132696
-0.0062273  0.0344956  0.0858974 -0.0125826
  0.382486 -0.0132696 -0.0125826   0.401282
IMAGINARY
           0 -0.000395616   0.00891678   -0.0091297
 0.000395616            0     0.005119  -0.00891678
 -0.00891678    -0.005119            0   -0.0209612
   0.0091297   0.00891678    0.0209612            0
EndNode1[0]<--->Repeater1[0]
REAL
    0.401565 -0.000627943  -0.00634659     0.359522
-0.000627943    0.0769231    0.0422634    -0.005133
 -0.00634659    0.0422634    0.0704042   -0.0044741
    0.359522    -0.005133   -0.0044741     0.451108
IMAGINARY
          0 -0.00179421  -0.0019688  -0.0103084
 0.00179421           0 -0.00508649  0.00831398
  0.0019688  0.00508649           0 -0.00962711
  0.0103084 -0.00831398  0.00962711           0
EndNode2[0]<--->HoM1[0]
REAL
   0.386889  -0.0172771  -0.0195931    0.375297
 -0.0172771   0.0732648   0.0509535 -0.00415688
 -0.0195931   0.0509535   0.0758355 -0.00772293
   0.375297 -0.00415688 -0.00772293     0.46401
IMAGINARY
          0 -0.00117235   0.0062957   0.0171079
 0.00117235           0   0.0164742   0.0165259
 -0.0062957  -0.0164742           0   0.0101627
 -0.0171079  -0.0165259  -0.0101627           0
Repeater1[0]<--->EndNode1[0]
REAL
    0.401565  -0.00634659 -0.000627943     0.359522
 -0.00634659    0.0704042    0.0422634   -0.0044741
-0.000627943    0.0422634    0.0769231    -0.005133
    0.359522   -0.0044741    -0.005133     0.451108
IMAGINARY
          0  -0.0019688 -0.00179421  -0.0103084
  0.0019688           0  0.00508649 -0.00962711
 0.00179421 -0.00508649           0  0.00831398
  0.0103084  0.00962711 -0.00831398           0
Repeater1[0]<--->HoM1[0]
REAL
   0.386889  -0.0195931  -0.0172771    0.375297
 -0.0195931   0.0758355   0.0509535 -0.00772293
 -0.0172771   0.0509535   0.0732648 -0.00415688
   0.375297 -0.00772293 -0.00415688     0.46401
IMAGINARY
          0   0.0062957 -0.00117235   0.0171079
 -0.0062957           0  -0.0164742   0.0101627
 0.00117235   0.0164742           0   0.0165259
 -0.0171079  -0.0101627  -0.0165259           0
EndNode1[0]<--->Repeater1[0]
REAL
     0.42125   -0.0107369  -0.00439992     0.385065
  -0.0107369      0.06875    0.0371567  -0.00948897
 -0.00439992    0.0371567       0.0875 -0.000374208
    0.385065  -0.00948897 -0.000374208       0.4225
IMAGINARY
         0  0.0252844  0.0022567  0.0121285
-0.0252844          0  0.0190817 -0.0180995
-0.0022567 -0.0190817          0 -0.0246507
-0.0121285  0.0180995  0.0246507          0
EndNode2[0]<--->HoM1[0]
REAL
    0.41125 0.000303302   0.0150558    0.375959
0.000303302       0.085   0.0494689  -0.0260583
  0.0150558   0.0494689     0.07875  -0.0174182
   0.375959  -0.0260583  -0.0174182       0.425
IMAGINARY
          0  0.00879456  -0.0165266  -0.0116995
-0.00879456           0   0.0116995 -0.00532768
  0.0165266  -0.0116995           0  -0.0041588
  0.0116995  0.00532768   0.0041588           0
Repeater1[0]<--->EndNode1[0]
REAL
     0.42125  -0.00439992   -0.0107369     0.385065
 -0.00439992       0.0875    0.0371567 -0.000374208
  -0.0107369    0.0371567      0.06875  -0.00948897
    0.385065 -0.000374208  -0.00948897       0.4225
IMAGINARY
         0  0.0022567  0.0252844  0.0121285
-0.0022567          0 -0.0190817 -0.0246507
-0.0252844  0.0190817          0 -0.0180995
-0.0121285  0.0246507  0.0180995          0
Repeater1[0]<--->HoM1[0]
REAL
    0.41125   0.0150558 0.000303302    0.375959
  0.0150558     0.07875   0.0494689  -0.0174182
0.000303302   0.0494689       0.085  -0.0260583
   0.375959  -0.0174182  -0.0260583       0.425
IMAGINARY
          0  -0.0165266  0.00879456  -0.0116995
  0.0165266           0  -0.0116995  -0.0041588
-0.00879456   0.0116995           0 -0.00532768
  0.0116995   0.0041588  0.00532768           0
EndNode1[0]<--->Repeater1[0]
REAL
    0.412807   -0.0186107   -0.0293203     0.383165
  -0.0186107    0.0749319    0.0451462 -0.000448873
  -0.0293203    0.0451462    0.0790191   -0.0148036
    0.383165 -0.000448873   -0.0148036     0.433243
IMAGINARY
           0    0.0259446   -0.0167699 -0.000935258
  -0.0259446            0   0.00539386   -0.0187054
   0.0167699  -0.00539386            0    0.0108693
 0.000935258    0.0187054   -0.0108693            0
EndNode2[0]<--->HoM1[0]
REAL
   0.430189 -0.00687259  0.00468533    0.383527
-0.00687259   0.0867925   0.0473312   -0.013008
 0.00468533   0.0473312   0.0830189  0.00879321
   0.383527   -0.013008  0.00879321         0.4
IMAGINARY
          0   0.0183168 -0.00287979  -0.0218015
 -0.0183168           0  0.00237149  -0.0228798
 0.00287979 -0.00237149           0   0.0127268
  0.0218015   0.0228798  -0.0127268           0
Repeater1[0]<--->EndNode1[0]
REAL
    0.412807   -0.0293203   -0.0186107     0.383165
  -0.0293203    0.0790191    0.0451462   -0.0148036
  -0.0186107    0.0451462    0.0749319 -0.000448873
    0.383165   -0.0148036 -0.000448873     0.433243
IMAGINARY
           0   -0.0167699    0.0259446 -0.000935258
   0.0167699            0  -0.00539386    0.0108693
  -0.0259446   0.00539386            0   -0.0187054
 0.000935258   -0.0108693    0.0187054            0
Repeater1[0]<--->HoM1[0]
REAL
   0.430189  0.00468533 -0.00687259    0.383527
 0.00468533   0.0830189   0.0473312  0.00879321
-0.00687259   0.0473312   0.0867925   -0.013008
   0.383527  0.00879321   -0.013008         0.4
IMAGINARY
          0 -0.00287979   0.0183168  -0.0218015
 0.00287979           0 -0.00237149   0.0127268
 -0.0183168  0.00237149           0  -0.0228798
  0.0218015  -0.0127268   0.0228798           0
EndNode1[0]<--->Repeater1[0]
REAL
   0.383178 4.05359e-06  -0.0110822    0.377796
4.05359e-06   0.0841121   0.0402795 2.88976e-05
 -0.0110822   0.0402795   0.0867824  -0.0149585
   0.377796 2.88976e-05  -0.0149585    0.445928
IMAGINARY
          0   0.0183921  -0.0345982  0.00403625
 -0.0183921           0 -0.00148523 -0.00437146
  0.0345982  0.00148523           0  0.00604645
-0.00403625  0.00437146 -0.00604645           0
EndNode2[0]<--->HoM1[0]
REAL
   0.412214  -0.0138809  -0.0139449    0.375956
 -0.0138809   0.0966921   0.0402874 -0.00255253
 -0.0139449   0.0402874   0.0776081 -0.00769274
   0.375956 -0.00255253 -0.00769274    0.413486
IMAGINARY
           0   -0.0390311    0.0143214   0.00650126
   0.0390311            0  0.000540994    0.0194365
  -0.0143214 -0.000540994            0   -0.0189306
 -0.00650126   -0.0194365    0.0189306            0
Repeater1[0]<--->EndNode1[0]
REAL
   0.383178  -0.0110822 4.05359e-06    0.377796
 -0.0110822   0.0867824   0.0402795  -0.0149585
4.05359e-06   0.0402795   0.0841121 2.88976e-05
   0.377796  -0.0149585 2.88976e-05    0.445928
IMAGINARY
          0  -0.0345982   0.0183921  0.00403625
  0.0345982           0  0.00148523  0.00604645
 -0.0183921 -0.00148523           0 -0.00437146
-0.00403625 -0.00604645  0.00437146           0
Repeater1[0]<--->HoM1[0]
REAL
   0.412214  -0.0139449  -0.0138809    0.375956
 -0.0139449   0.0776081   0.0402874 -0.00769274
 -0.0138809   0.0402874   0.0966921 -0.00255253
   0.375956 -0.00769274 -0.00255253    0.413486
IMAGINARY
           0    0.0143214   -0.0390311   0.00650126
  -0.0143214            0 -0.000540994   -0.0189306
   0.0390311  0.000540994            0    0.0194365
 -0.00650126    0.0189306   -0.0194365            0
EndNode1[0]<--->Repeater1[0]
REAL
    0.426471   0.00222282 -0.000650737     0.380707
  0.00222282    0.0641711     0.037868    0.0108289
-0.000650737     0.037868    0.0641711    0.0079553
    0.380707    0.0108289    0.0079553     0.445187
IMAGINARY
          0 -0.00017177   0.0116064  -0.0141975
 0.00017177           0   0.0141975  -0.0185773
 -0.0116064  -0.0141975           0 -0.00806651
  0.0141975   0.0185773  0.00806651           0
EndNode2[0]<--->HoM1[0]
REAL
  0.422843 -0.0192508 -0.0293703   0.372303
-0.0192508  0.0801944   0.052021 -0.0219811
-0.0293703   0.052021   0.100851 -0.0104789
  0.372303 -0.0219811 -0.0104789   0.396112
IMAGINARY
          0  -0.0231821    0.019253 -0.00505595
  0.0231821           0   0.0148343   0.0186161
  -0.019253  -0.0148343           0   -0.014687
 0.00505595  -0.0186161    0.014687           0
Repeater1[0]<--->EndNode1[0]
REAL
    0.426471 -0.000650737   0.00222282     0.380707
-0.000650737    0.0641711     0.037868    0.0079553
  0.00222282     0.037868    0.0641711    0.0108289
    0.380707    0.0079553    0.0108289     0.445187
IMAGINARY
          0   0.0116064 -0.00017177  -0.0141975
 -0.0116064           0  -0.0141975 -0.00806651
 0.00017177   0.0141975           0  -0.0185773
  0.0141975  0.00806651   0.0185773           0
Repeater1[0]<--->HoM1[0]
REAL
  0.422843 -0.0293703 -0.0192508   0.372303
-0.0293703   0.100851   0.052021 -0.0104789
-0.0192508   0.052021  0.0801944 -0.0219811
  0.372303 -0.0104789 -0.0219811   0.396112
IMAGINARY
          0    0.019253  -0.0231821 -0.00505595
  -0.019253           0  -0.0148343   -0.014687
  0.0231821   0.0148343           0   0.0186161
 0.00505595    0.014687  -0.0186161           0
EndNode1[0]<--->Repeater1[0]
REAL
   0.44026 0.00520107  0.0126698    0.37773
0.00520107  0.0675325  0.0582306  0.0107293
 0.0126698  0.0582306   0.074026 0.00834573
   0.37773  0.0107293 0.00834573   0.418182
IMAGINARY
           0    -0.014099   0.00420535 -0.000548697
    0.014099            0   -0.0165981  -0.00354659
 -0.00420535    0.0165981            0  -0.00895763
 0.000548697   0.00354659   0.00895763            0
EndNode2[0]<--->HoM1[0]
REAL
   0.419226  -0.0030466 -0.00487267    0.379101
 -0.0030466    0.070761   0.0412973   0.0110916
-0.00487267   0.0412973    0.070761   0.0142406
   0.379101   0.0110916   0.0142406    0.439252
IMAGINARY
          0 -0.00192382 -0.00885542 -0.00912598
 0.00192382           0 -0.00846196  0.00438544
 0.00885542  0.00846196           0 -0.00510044
 0.00912598 -0.00438544  0.00510044           0
Repeater1[0]<--->EndNode1[0]
REAL
   0.44026  0.0126698 0.00520107    0.37773
 0.0126698   0.074026  0.0582306 0.00834573
0.00520107  0.0582306  0.0675325  0.0107293
   0.37773 0.00834573  0.0107293   0.418182
IMAGINARY
           0   0.00420535    -0.014099 -0.000548697
 -0.00420535            0    0.0165981  -0.00895763
    0.014099   -0.0165981            0  -0.00354659
 0.000548697   0.00895763   0.00354659            0
Repeater1[0]<--->HoM1[0]
REAL
   0.419226 -0.00487267  -0.0030466    0.379101
-0.00487267    0.070761   0.0412973   0.0142406
 -0.0030466   0.0412973    0.070761   0.0110916
   0.379101   0.0142406   0.0110916    0.439252
IMAGINARY
          0 -0.00885542 -0.00192382 -0.00912598
 0.00885542           0  0.00846196 -0.00510044
 0.00192382 -0.00846196           0  0.00438544
 0.00912598  0.00510044 -0.00438544           0
EndNode1[0]<--->Repeater1[0]
REAL
   0.408031  -0.0183552 -0.00423471    0.388682
 -0.0183552   0.0790155   0.0359212  -0.0222203
-0.00423471   0.0359212   0.0854922 -0.00148609
   0.388682  -0.0222203 -0.00148609    0.427461
IMAGINARY
          0   0.0186414  -0.0155563  -0.0106482
 -0.0186414           0  0.00870264  0.00267287
  0.0155563 -0.00870264           0    0.006512
  0.0106482 -0.00267287   -0.006512           0
EndNode2[0]<--->HoM1[0]
REAL
   0.389447 -0.00223378   -0.008925    0.388595
-0.00223378   0.0879397    0.046972  -0.0207142
  -0.008925    0.046972   0.0917085  -0.0145188
   0.388595  -0.0207142  -0.0145188    0.430905
IMAGINARY
          0 -0.00458115  0.00688938    0.012796
 0.00458115           0 -0.00457854  -0.0225962
-0.00688938  0.00457854           0  0.00589005
  -0.012796   0.0225962 -0.00589005           0
Repeater1[0]<--->EndNode1[0]
REAL
   0.408031 -0.00423471  -0.0183552    0.388682
-0.00423471   0.0854922   0.0359212 -0.00148609
 -0.0183552   0.0359212   0.0790155  -0.0222203
   0.388682 -0.00148609  -0.0222203    0.427461
IMAGINARY
          0  -0.0155563   0.0186414  -0.0106482
  0.0155563           0 -0.00870264    0.006512
 -0.0186414  0.00870264           0  0.00267287
  0.0106482   -0.006512 -0.00267287           0
Repeater1[0]<--->HoM1[0]
REAL
   0.389447   -0.008925 -0.00223378    0.388595
  -0.008925   0.0917085    0.046972  -0.0145188
-0.00223378    0.046972   0.0879397  -0.0207142
   0.388595  -0.0145188  -0.0207142    0.430905
IMAGINARY
          0  0.00688938 -0.00458115    0.012796
-0.00688938           0  0.00457854  0.00589005
 0.00458115 -0.00457854           0  -0.0225962
  -0.012796 -0.00589005   0.0225962           0
EndNode1[0]<--->Repeater1[0]
REAL
  0.444156 -0.0116772 0.00343066   0.365937
-0.0116772  0.0675325  0.0526379  0.0105643
0.00343066  0.0526379  0.0623377  0.0180385
  0.365937  0.0105643  0.0180385   0.425974
IMAGINARY
          0  0.00061956  -0.0094501   0.0081757
-0.00061956           0  0.00152676 -0.00333763
  0.0094501 -0.00152676           0  0.00449553
 -0.0081757  0.00333763 -0.00449553           0
EndNode2[0]<--->HoM1[0]
REAL
  0.406329 0.00291217 0.00308179   0.364407
0.00291217  0.0683544  0.0357265  0.0135627
0.00308179  0.0357265  0.0797468   0.017727
  0.364407  0.0135627   0.017727    0.44557
IMAGINARY
           0 -0.000563071    0.0305211    0.0280123
 0.000563071            0   0.00101999   -0.0127546
  -0.0305211  -0.00101999            0  -0.00324404
  -0.0280123    0.0127546   0.00324404            0
Repeater1[0]<--->EndNode1[0]
REAL
  0.444156 0.00343066 -0.0116772   0.365937
0.00343066  0.0623377  0.0526379  0.0180385
-0.0116772  0.0526379  0.0675325  0.0105643
  0.365937  0.0180385  0.0105643   0.425974
IMAGINARY
          0  -0.0094501  0.00061956   0.0081757
  0.0094501           0 -0.00152676  0.00449553
-0.00061956  0.00152676           0 -0.00333763
 -0.0081757 -0.00449553  0.00333763           0
Repeater1[0]<--->HoM1[0]
REAL
  0.406329 0.00308179 0.00291217   0.364407
0.00308179  0.0797468  0.0357265   0.017727
0.00291217  0.0357265  0.0683544  0.0135627
  0.364407   0.017727  0.0135627    0.44557
IMAGINARY
           0    0.0305211 -0.000563071    0.0280123
  -0.0305211            0  -0.00101999  -0.00324404
 0.000563071   0.00101999            0   -0.0127546
  -0.0280123   0.00324404    0.0127546            0
EndNode1[0]<--->Repeater1[0]
REAL
   0.424552 -0.00243563  -0.0204792    0.371502
-0.00243563    0.084399   0.0470067   0.0108107
 -0.0204792   0.0470067   0.0652174 -0.00308923
   0.371502   0.0108107 -0.00308923    0.425831
IMAGINARY
          0   0.0092161  0.00636253   0.0382648
 -0.0092161           0   0.0185117  -0.0290898
-0.00636253  -0.0185117           0   0.0198243
 -0.0382648   0.0290898  -0.0198243           0
EndNode2[0]<--->HoM1[0]
REAL
   0.430809   0.0116356  0.00679186    0.366974
  0.0116356   0.0744125   0.0622406 -0.00100035
 0.00679186   0.0622406    0.073107 -0.00198308
   0.366974 -0.00100035 -0.00198308    0.421671
IMAGINARY
          0   0.0113272  0.00061056 -0.00111311
 -0.0113272           0   0.0134757  -0.0165869
-0.00061056  -0.0134757           0   0.0200337
 0.00111311   0.0165869  -0.0200337           0
Repeater1[0]<--->EndNode1[0]
REAL
   0.424552  -0.0204792 -0.00243563    0.371502
 -0.0204792   0.0652174   0.0470067 -0.00308923
-0.00243563   0.0470067    0.084399   0.0108107
   0.371502 -0.00308923   0.0108107    0.425831
IMAGINARY
          0  0.00636253   0.0092161   0.0382648
-0.00636253           0  -0.0185117   0.0198243
 -0.0092161   0.0185117           0  -0.0290898
 -0.0382648  -0.0198243   0.0290898           0
Repeater1[0]<--->HoM1[0]
REAL
   0.430809  0.00679186   0.0116356    0.366974
 0.00679186    0.073107   0.0622406 -0.00198308
  0.0116356   0.0622406   0.0744125 -0.00100035
   0.366974 -0.00198308 -0.00100035    0.421671
IMAGINARY
          0  0.00061056   0.0113272 -0.00111311
-0.00061056           0  -0.0134757   0.0200337
 -0.0113272   0.0134757           0  -0.0165869
 0.00111311  -0.0200337   0.0165869           0
EndNode1[0]<--->Repeater1[0]
REAL
   0.438961 -0.00715239   0.0113086     0.36703
-0.00715239   0.0792208   0.0437314  -0.0126209
  0.0113086   0.0437314   0.0636364 -0.00465863
    0.36703  -0.0126209 -0.00465863    0.418182
IMAGINARY
          0  -0.0129744     0.02179  -0.0258576
  0.0129744           0 -0.00729162  -0.0191722
   -0.02179  0.00729162           0  0.00381213
  0.0258576   0.0191722 -0.00381213           0
EndNode2[0]<--->HoM1[0]
REAL
   0.425505  -0.0144242  -0.0190811    0.387702
 -0.0144242    0.084596   0.0311075  -0.0100122
 -0.0190811   0.0311075   0.0656566 -0.00655014
   0.387702  -0.0100122 -0.00655014    0.424242
IMAGINARY
           0   0.00997542   0.00524472  -0.00590617
 -0.00997542            0   -0.0266609 -0.000763288
 -0.00524472    0.0266609            0  0.000908063
  0.00590617  0.000763288 -0.000908063            0
Repeater1[0]<--->EndNode1[0]
REAL
   0.438961   0.0113086 -0.00715239     0.36703
  0.0113086   0.0636364   0.0437314 -0.00465863
-0.00715239   0.0437314   0.0792208  -0.0126209
    0.36703 -0.00465863  -0.0126209    0.418182
IMAGINARY
          0     0.02179  -0.0129744  -0.0258576
   -0.02179           0  0.00729162  0.00381213
  0.0129744 -0.00729162           0  -0.0191722
  0.0258576 -0.00381213   0.0191722           0
Repeater1[0]<--->HoM1[0]
REAL
   0.425505  -0.0190811  -0.0144242    0.387702
 -0.0190811   0.0656566   0.0311075 -0.00655014
 -0.0144242   0.0311075    0.084596  -0.0100122
   0.387702 -0.00655014  -0.0100122    0.424242
IMAGINARY
           0   0.00524472   0.00997542  -0.00590617
 -0.00524472            0    0.0266609  0.000908063
 -0.00997542   -0.0266609            0 -0.000763288
  0.00590617 -0.000908063  0.000763288            0
EndNode1[0]<--->Repeater1[0]
REAL
   0.452288 -0.00292078   0.0108546    0.375014
-0.00292078   0.0732026   0.0540181 -0.00375784
  0.0108546   0.0540181   0.0784314  0.00614658
   0.375014 -0.00375784  0.00614658    0.396078
IMAGINARY
         0  -0.035832  0.0129072  -0.011086
  0.035832          0  0.0258789  0.0281426
-0.0129072 -0.0258789          0 -0.0065637
  0.011086 -0.0281426  0.0065637          0
EndNode2[0]<--->HoM1[0]
REAL
   0.428382  0.00295367 -0.00392961    0.366983
 0.00295367   0.0848806   0.0458239 -0.00151998
-0.00392961   0.0458239   0.0557029 -0.00567847
   0.366983 -0.00151998 -0.00567847    0.431034
IMAGINARY
          0 -0.00942097  0.00746602 -0.00933082
 0.00942097           0  -0.0226642   0.0164635
-0.00746602   0.0226642           0 -0.00695183
 0.00933082  -0.0164635  0.00695183           0
Repeater1[0]<--->EndNode1[0]
REAL
   0.452288   0.0108546 -0.00292078    0.375014
  0.0108546   0.0784314   0.0540181  0.00614658
-0.00292078   0.0540181   0.0732026 -0.00375784
   0.375014  0.00614658 -0.00375784    0.396078
IMAGINARY
         0  0.0129072  -0.035832  -0.011086
-0.0129072          0 -0.0258789 -0.0065637
  0.035832  0.0258789          0  0.0281426
  0.011086  0.0065637 -0.0281426          0
Repeater1[0]<--->HoM1[0]
REAL
   0.428382 -0.00392961  0.00295367    0.366983
-0.00392961   0.0557029   0.0458239 -0.00567847
 0.00295367   0.0458239   0.0848806 -0.00151998
   0.366983 -0.00567847 -0.00151998    0.431034
IMAGINARY
          0  0.00746602 -0.00942097 -0.00933082
-0.00746602           0   0.0226642 -0.00695183
 0.00942097  -0.0226642           0   0.0164635
 0.00933082  0.00695183  -0.0164635           0
EndNode1[0]<--->Repeater1[0]
REAL
   0.438172  -0.0280864  -0.0108766     0.36665
 -0.0280864   0.0819892   0.0488259 -0.00698052
 -0.0108766   0.0488259   0.0752688   0.0114198
    0.36665 -0.00698052   0.0114198     0.40457
IMAGINARY
           0  -0.00440835  -0.00836217    0.0221972
  0.00440835            0 -0.000618934    0.0155706
  0.00836217  0.000618934            0   0.00113181
  -0.0221972   -0.0155706  -0.00113181            0
EndNode2[0]<--->HoM1[0]
REAL
    0.41769   0.0105152 -0.00957441    0.373292
  0.0105152   0.0884521   0.0513567  -0.0102212
-0.00957441   0.0513567   0.0823096  -0.0213709
   0.373292  -0.0102212  -0.0213709    0.411548
IMAGINARY
          0  -0.0181823   0.0315312 -0.00610751
  0.0181823           0    0.004832  -0.0102409
 -0.0315312   -0.004832           0  0.00463389
 0.00610751   0.0102409 -0.00463389           0
Repeater1[0]<--->EndNode1[0]
REAL
   0.438172  -0.0108766  -0.0280864     0.36665
 -0.0108766   0.0752688   0.0488259   0.0114198
 -0.0280864   0.0488259   0.0819892 -0.00698052
    0.36665   0.0114198 -0.00698052     0.40457
IMAGINARY
           0  -0.00836217  -0.00440835    0.0221972
  0.00836217            0  0.000618934   0.00113181
  0.00440835 -0.000618934            0    0.0155706
  -0.0221972  -0.00113181   -0.0155706            0
Repeater1[0]<--->HoM1[0]
REAL
    0.41769 -0.00957441   0.0105152    0.373292
-0.00957441   0.0823096   0.0513567  -0.0213709
  0.0105152   0.0513567   0.0884521  -0.0102212
   0.373292  -0.0213709  -0.0102212    0.411548
IMAGINARY
          0   0.0315312  -0.0181823 -0.00610751
 -0.0315312           0   -0.004832  0.00463389
  0.0181823    0.004832           0  -0.0102409
 0.00610751 -0.00463389   0.0102409           0
EndNode1[0]<--->Repeater1[0]
REAL
   0.438994 -0.00197547    0.015597    0.381401
-0.00197547   0.0805031   0.0498088  0.00287435
   0.015597   0.0498088   0.0704403   0.0153513
   0.381401  0.00287435   0.0153513    0.410063
IMAGINARY
           0 -0.000851965  -0.00852018  -0.00408027
 0.000851965            0   -0.0187079  -0.00322917
  0.00852018    0.0187079            0    0.0165178
  0.00408027   0.00322917   -0.0165178            0
EndNode2[0]<--->HoM1[0]
REAL
   0.420984 -0.00420826  -0.0133646    0.379925
-0.00420826   0.0790155   0.0470556    0.022028
 -0.0133646   0.0470556   0.0647668   0.0141092
   0.379925    0.022028   0.0141092    0.435233
IMAGINARY
          0  -0.0309418  -0.0106646  0.00814722
  0.0309418           0   -0.015432   0.0190211
  0.0106646    0.015432           0  0.00587214
-0.00814722  -0.0190211 -0.00587214           0
Repeater1[0]<--->EndNode1[0]
REAL
   0.438994    0.015597 -0.00197547    0.381401
   0.015597   0.0704403   0.0498088   0.0153513
-0.00197547   0.0498088   0.0805031  0.00287435
   0.381401   0.0153513  0.00287435    0.410063
IMAGINARY
           0  -0.00852018 -0.000851965  -0.00408027
  0.00852018            0    0.0187079    0.0165178
 0.000851965   -0.0187079            0  -0.00322917
  0.00408027   -0.0165178   0.00322917            0
Repeater1[0]<--->HoM1[0]
REAL
   0.420984  -0.0133646 -0.00420826    0.379925
 -0.0133646   0.0647668   0.0470556   0.0141092
-0.00420826   0.0470556   0.0790155    0.022028
   0.379925   0.0141092    0.022028    0.435233
IMAGINARY
          0  -0.0106646  -0.0309418  0.00814722
  0.0106646           0    0.015432  0.00587214
  0.0309418   -0.015432           0   0.0190211
-0.00814722 -0.00587214  -0.0190211           0
EndNode1[0]<--->Repeater1[0]
REAL
   0.430686   0.0128933   0.0176135    0.390615
  0.0128933   0.0713324   0.0437682  -0.0136765
  0.0176135   0.0437682   0.0874832 -0.00370696
   0.390615  -0.0136765 -0.00370696    0.410498
IMAGINARY
          0  0.00547327 -0.00654552 -0.00873862
-0.00547327           0  0.00182038  0.00204101
 0.00654552 -0.00182038           0 -0.00482976
 0.00873862 -0.00204101  0.00482976           0
EndNode2[0]<--->HoM1[0]
REAL
    0.428571   0.00359028 -0.000372512     0.375607
  0.00359028     0.075188    0.0463075   0.00666974
-0.000372512    0.0463075    0.0739348  -0.00736862
    0.375607   0.00666974  -0.00736862     0.422306
IMAGINARY
          0   0.0123889  0.00666607  0.00135501
 -0.0123889           0 -0.00135501 -0.00475525
-0.00666607  0.00135501           0  -0.0041086
-0.00135501  0.00475525   0.0041086           0
Repeater1[0]<--->EndNode1[0]
REAL
   0.430686   0.0176135   0.0128933    0.390615
  0.0176135   0.0874832   0.0437682 -0.00370696
  0.0128933   0.0437682   0.0713324  -0.0136765
   0.390615 -0.00370696  -0.0136765    0.410498
IMAGINARY
          0 -0.00654552  0.00547327 -0.00873862
 0.00654552           0 -0.00182038 -0.00482976
-0.00547327  0.00182038           0  0.00204101
 0.00873862  0.00482976 -0.00204101           0
Repeater1[0]<--->HoM1[0]
REAL
    0.428571 -0.000372512   0.00359028     0.375607
-0.000372512    0.0739348    0.0463075  -0.00736862
  0.00359028    0.0463075     0.075188   0.00666974
    0.375607  -0.00736862   0.00666974     0.422306
IMAGINARY
          0  0.00666607   0.0123889  0.00135501
-0.00666607           0  0.00135501  -0.0041086
 -0.0123889 -0.00135501           0 -0.00475525
-0.00135501   0.0041086  0.00475525           0
EndNode1[0]<--->Repeater1[0]
REAL
   0.418782  -0.0130854 -0.00590587    0.380979
 -0.0130854    0.071066   0.0586185  -0.0162418
-0.00590587   0.0586185   0.0888325  -0.0157736
   0.380979  -0.0162418  -0.0157736     0.42132
IMAGINARY
           0  -0.00180042    0.0145382   -0.0108447
  0.00180042            0   -0.0115052  0.000989782
  -0.0145382    0.0115052            0   0.00242154
   0.0108447 -0.000989782  -0.00242154            0
EndNode2[0]<--->HoM1[0]
REAL
   0.389105  -0.0163383 -0.00202829    0.380831
 -0.0163383   0.0972763   0.0443767  -0.0104371
-0.00202829   0.0443767   0.0635538  0.00664304
   0.380831  -0.0104371  0.00664304    0.450065
IMAGINARY
           0    0.0087784    0.0111805     0.011875
  -0.0087784            0    -0.009375 -0.000568806
  -0.0111805     0.009375            0   -0.0056573
   -0.011875  0.000568806    0.0056573            0
Repeater1[0]<--->EndNode1[0]
REAL
   0.418782 -0.00590587  -0.0130854    0.380979
-0.00590587   0.0888325   0.0586185  -0.0157736
 -0.0130854   0.0586185    0.071066  -0.0162418
   0.380979  -0.0157736  -0.0162418     0.42132
IMAGINARY
           0    0.0145382  -0.00180042   -0.0108447
  -0.0145382            0    0.0115052   0.00242154
  0.00180042   -0.0115052            0  0.000989782
   0.0108447  -0.00242154 -0.000989782            0
Repeater1[0]<--->HoM1[0]
REAL
   0.389105 -0.00202829  -0.0163383    0.380831
-0.00202829   0.0635538   0.0443767  0.00664304
 -0.0163383   0.0443767   0.0972763  -0.0104371
   0.380831  0.00664304  -0.0104371    0.450065
IMAGINARY
           0    0.0111805    0.0087784     0.011875
  -0.0111805            0     0.009375   -0.0056573
  -0.0087784    -0.009375            0 -0.000568806
   -0.011875    0.0056573  0.000568806            0
EndNode1[0]<--->Repeater1[0]
REAL
    0.4425 0.00616515  0.0134014   0.378722
0.00616515    0.06375  0.0438591 0.00401799
 0.0134014  0.0438591     0.0825  0.0112542
  0.378722 0.00401799  0.0112542    0.41125
IMAGINARY
          0 -0.00331373  0.00296751   0.0265047
 0.00331373           0  0.00123878  0.00555149
-0.00296751 -0.00123878           0 -0.00520528
 -0.0265047 -0.00555149  0.00520528           0
EndNode2[0]<--->HoM1[0]
REAL
   0.407307 -0.00278844  0.00286777    0.372344
-0.00278844    0.067659   0.0387953 -0.00349355
 0.00286777   0.0387953   0.0920162  -0.0116046
   0.372344 -0.00349355  -0.0116046    0.433018
IMAGINARY
           0  0.000960279  -0.00560018  -0.00736378
-0.000960279            0  -0.00409581    0.0114066
  0.00560018   0.00409581            0  -0.00289576
  0.00736378   -0.0114066   0.00289576            0
Repeater1[0]<--->EndNode1[0]
REAL
    0.4425  0.0134014 0.00616515   0.378722
 0.0134014     0.0825  0.0438591  0.0112542
0.00616515  0.0438591    0.06375 0.00401799
  0.378722  0.0112542 0.00401799    0.41125
IMAGINARY
          0  0.00296751 -0.00331373   0.0265047
-0.00296751           0 -0.00123878 -0.00520528
 0.00331373  0.00123878           0  0.00555149
 -0.0265047  0.00520528 -0.00555149           0
Repeater1[0]<--->HoM1[0]
REAL
   0.407307  0.00286777 -0.00278844    0.372344
 0.00286777   0.0920162   0.0387953  -0.0116046
-0.00278844   0.0387953    0.067659 -0.00349355
   0.372344  -0.0116046 -0.00349355    0.433018
IMAGINARY
           0  -0.00560018  0.000960279  -0.00736378
  0.00560018            0   0.00409581  -0.00289576
-0.000960279  -0.00409581            0    0.0114066
  0.00736378   0.00289576   -0.0114066            0
EndNode1[0]<--->Repeater1[0]
REAL
    0.424967  -0.00867618 -0.000642913     0.375389
 -0.00867618    0.0664011    0.0552544  1.23955e-05
-0.000642913    0.0552544    0.0876494   0.00174049
    0.375389  1.23955e-05   0.00174049     0.420983
IMAGINARY
           0  -0.00860963   0.00741728  -0.00760467
  0.00860963            0  2.89151e-05   0.00801896
 -0.00741728 -2.89151e-05            0  -0.00145748
  0.00760467  -0.00801896   0.00145748            0
EndNode2[0]<--->HoM1[0]
REAL
  0.449875 0.00336672  0.0396554   0.379888
0.00336672   0.056391  0.0444292 -0.0173229
 0.0396554  0.0444292  0.0877193  0.0276507
  0.379888 -0.0173229  0.0276507   0.406015
IMAGINARY
          0 -0.00525043 -0.00509608 -0.00894564
 0.00525043           0   0.0190128  0.00892261
 0.00509608  -0.0190128           0   0.0333117
 0.00894564 -0.00892261  -0.0333117           0
Repeater1[0]<--->EndNode1[0]
REAL
    0.424967 -0.000642913  -0.00867618     0.375389
-0.000642913    0.0876494    0.0552544   0.00174049
 -0.00867618    0.0552544    0.0664011  1.23955e-05
    0.375389   0.00174049  1.23955e-05     0.420983
IMAGINARY
           0   0.00741728  -0.00860963  -0.00760467
 -0.00741728            0 -2.89151e-05  -0.00145748
  0.00860963  2.89151e-05            0   0.00801896
  0.00760467   0.00145748  -0.00801896            0
Repeater1[0]<--->HoM1[0]
REAL
  0.449875  0.0396554 0.00336672   0.379888
 0.0396554  0.0877193  0.0444292  0.0276507
0.00336672  0.0444292   0.056391 -0.0173229
  0.379888  0.0276507 -0.0173229   0.406015
IMAGINARY
          0 -0.00509608 -0.00525043 -0.00894564
 0.00509608           0  -0.0190128   0.0333117
 0.00525043   0.0190128           0  0.00892261
 0.00894564  -0.0333117 -0.00892261           0
EndNode1[0]<--->Repeater1[0]
REAL
   0.432976 0.000544061  -0.0041795    0.377188
0.000544061    0.080429   0.0385211   0.0022638
 -0.0041795   0.0385211   0.0831099  -0.0101226
   0.377188   0.0022638  -0.0101226    0.403485
IMAGINARY
           0   0.00624407   -0.0035243  0.000224442
 -0.00624407            0  -0.00428006   -0.0124757
   0.0035243   0.00428006            0  0.000422596
-0.000224442    0.0124757 -0.000422596            0
EndNode2[0]<--->HoM1[0]
REAL
   0.421053  0.00895653   0.0018703    0.374169
 0.00895653   0.0701754   0.0546698  0.00249923
  0.0018703   0.0546698   0.0827068 -0.00333855
   0.374169  0.00249923 -0.00333855    0.426065
IMAGINARY
          0 -0.00662173  -0.0188117  -0.0155883
 0.00662173           0  0.00404519  0.00893026
  0.0188117 -0.00404519           0   0.0020104
  0.0155883 -0.00893026  -0.0020104           0
Repeater1[0]<--->EndNode1[0]
REAL
   0.432976  -0.0041795 0.000544061    0.377188
 -0.0041795   0.0831099   0.0385211  -0.0101226
0.000544061   0.0385211    0.080429   0.0022638
   0.377188  -0.0101226   0.0022638    0.403485
IMAGINARY
           0   -0.0035243   0.00624407  0.000224442
   0.0035243            0   0.00428006  0.000422596
 -0.00624407  -0.00428006            0   -0.0124757
-0.000224442 -0.000422596    0.0124757            0
Repeater1[0]<--->HoM1[0]
REAL
   0.421053   0.0018703  0.00895653    0.374169
  0.0018703   0.0827068   0.0546698 -0.00333855
 0.00895653   0.0546698   0.0701754  0.00249923
   0.374169 -0.00333855  0.00249923    0.426065
IMAGINARY
          0  -0.0188117 -0.00662173  -0.0155883
  0.0188117           0 -0.00404519   0.0020104
 0.00662173  0.00404519           0  0.00893026
  0.0155883  -0.0020104 -0.00893026           0
EndNode1[0]<--->Repeater1[0]
REAL
   0.417687 -0.00663723  -0.0072007    0.376105
-0.00663723    0.077551    0.036553  -0.0130525
 -0.0072007    0.036553   0.0829932 -0.00475517
   0.376105  -0.0130525 -0.00475517    0.421769
IMAGINARY
          0  0.00217393 -0.00391758  -0.0169856
-0.00217393           0   -0.014428  0.00143002
 0.00391758    0.014428           0  0.00155741
  0.0169856 -0.00143002 -0.00155741           0
EndNode2[0]<--->HoM1[0]
REAL
   0.445583 -0.00721889 -0.00127065    0.371025
-0.00721889    0.078105   0.0452186 1.61455e-06
-0.00127065   0.0452186   0.0921895  0.00848792
   0.371025 1.61455e-06  0.00848792    0.384123
IMAGINARY
