source<--->HoM
REAL
          1  0.00132172 0.000163235 -0.00333499
 0.00132172           0  0.00348253 -0.00296642
0.000163235  0.00348253           0  -0.0041249
-0.00333499 -0.00296642  -0.0041249           0
IMAGINARY
           0 -0.000315144  -0.00993054  0.000225924
 0.000315144            0 -0.000975999    0.0063042
  0.00993054  0.000975999            0  0.000750305
-0.000225924   -0.0063042 -0.000750305            0
target<--->HoM
REAL
          1 0.000163235  0.00132172 -0.00333499
0.000163235           0  0.00348253  -0.0041249
 0.00132172  0.00348253           0 -0.00296642
-0.00333499  -0.0041249 -0.00296642           0
IMAGINARY
           0  -0.00993054 -0.000315144  0.000225924
  0.00993054            0  0.000975999  0.000750305
 0.000315144 -0.000975999            0    0.0063042
-0.000225924 -0.000750305   -0.0063042            0
source<--->HoM
REAL
          1  0.00132172 0.000163235 -0.00333499
 0.00132172           0  0.00348253 -0.00296642
0.000163235  0.00348253           0  -0.0041249
-0.00333499 -0.00296642  -0.0041249           0
IMAGINARY
           0 -0.000315144  -0.00993054  0.000225924
 0.000315144            0 -0.000975999    0.0063042
  0.00993054  0.000975999            0  0.000750305
-0.000225924   -0.0063042 -0.000750305            0
target<--->HoM
REAL
          1 0.000163235  0.00132172 -0.00333499
0.000163235           0  0.00348253  -0.0041249
 0.00132172  0.00348253           0 -0.00296642
-0.00333499  -0.0041249 -0.00296642           0
IMAGINARY
           0  -0.00993054 -0.000315144  0.000225924
  0.00993054            0  0.000975999  0.000750305
 0.000315144 -0.000975999            0    0.0063042
-0.000225924 -0.000750305   -0.0063042            0
