source<--->HoM
REAL
   0.265537  0.00089534  0.00107486   0.0374566
 0.00089534    0.234909  0.00480534  -0.0100034
 0.00107486  0.00480534     0.23937 -0.00327629
  0.0374566  -0.0100034 -0.00327629    0.260184
IMAGINARY
           0 -0.000493099   0.00235595  -0.00548967
 0.000493099            0   -0.0101541  -0.00190455
 -0.00235595    0.0101541            0  -0.00567603
  0.00548967   0.00190455   0.00567603            0
target<--->HoM
REAL
   0.265537  0.00107486  0.00089534   0.0374566
 0.00107486     0.23937  0.00480534 -0.00327629
 0.00089534  0.00480534    0.234909  -0.0100034
  0.0374566 -0.00327629  -0.0100034    0.260184
IMAGINARY
           0   0.00235595 -0.000493099  -0.00548967
 -0.00235595            0    0.0101541  -0.00567603
 0.000493099   -0.0101541            0  -0.00190455
  0.00548967   0.00567603   0.00190455            0
source<--->HoM
REAL
    0.31384  0.00204488  0.00419701    0.123376
 0.00204488    0.185485  0.00350998 -0.00996454
 0.00419701  0.00350998    0.182186 -0.00707298
   0.123376 -0.00996454 -0.00707298    0.318489
IMAGINARY
           0  -0.00413463  -0.00297429   -0.0075032
  0.00413463            0  -0.00855805 -0.000237063
  0.00297429   0.00855805            0  -0.00535006
   0.0075032  0.000237063   0.00535006            0
target<--->HoM
REAL
    0.31384  0.00419701  0.00204488    0.123376
 0.00419701    0.182186  0.00350998 -0.00707298
 0.00204488  0.00350998    0.185485 -0.00996454
   0.123376 -0.00707298 -0.00996454    0.318489
IMAGINARY
           0  -0.00297429  -0.00413463   -0.0075032
  0.00297429            0   0.00855805  -0.00535006
  0.00413463  -0.00855805            0 -0.000237063
   0.0075032   0.00535006  0.000237063            0
source<--->HoM
REAL
   0.315671 0.000272796 -0.00140164    0.126357
0.000272796    0.187208  0.00372046  -0.0056644
-0.00140164  0.00372046     0.18181 -0.00467241
   0.126357  -0.0056644 -0.00467241    0.315311
IMAGINARY
           0   -0.0041075  -0.00518352  -0.00374691
   0.0041075            0  -0.00514218 -0.000399049
  0.00518352   0.00514218            0  -0.00192528
  0.00374691  0.000399049   0.00192528            0
target<--->HoM
REAL
   0.315671 -0.00140164 0.000272796    0.126357
-0.00140164     0.18181  0.00372046 -0.00467241
0.000272796  0.00372046    0.187208  -0.0056644
   0.126357 -0.00467241  -0.0056644    0.315311
IMAGINARY
           0  -0.00518352   -0.0041075  -0.00374691
  0.00518352            0   0.00514218  -0.00192528
   0.0041075  -0.00514218            0 -0.000399049
  0.00374691   0.00192528  0.000399049            0
source<--->HoM
REAL
   0.315671 0.000717201 -0.00140164    0.129713
0.000717201    0.187208  0.00356451  -0.0056644
-0.00140164  0.00356451    0.180101   -0.004228
   0.129713  -0.0056644   -0.004228    0.317021
IMAGINARY
           0   -0.0043326  -0.00518352  -0.00374691
   0.0043326            0  -0.00514218 -0.000399049
  0.00518352   0.00514218            0  -0.00215038
  0.00374691  0.000399049   0.00215038            0
target<--->HoM
REAL
   0.315671 -0.00140164 0.000717201    0.129713
-0.00140164    0.180101  0.00356451   -0.004228
0.000717201  0.00356451    0.187208  -0.0056644
   0.129713   -0.004228  -0.0056644    0.317021
IMAGINARY
           0  -0.00518352   -0.0043326  -0.00374691
  0.00518352            0   0.00514218  -0.00215038
   0.0043326  -0.00514218            0 -0.000399049
  0.00374691   0.00215038  0.000399049            0
