EndNode1[0]<--->Repeater1[0]
REAL
       0.4          0 -0.0441176   0.392857
         0  0.0666667   0.107143  0.0441176
-0.0441176   0.107143          0          0
  0.392857  0.0441176          0   0.533333
IMAGINARY
         0   0.115546 -0.0357143  0.0616246
 -0.115546          0  0.0854342   0.107143
 0.0357143 -0.0854342          0  0.0273109
-0.0616246  -0.107143 -0.0273109          0
EndNode2[0]<--->HoM1[0]
REAL
   0.463415 -0.00181818   -0.112727       0.405
-0.00181818   0.0243902       0.055  -0.0672727
  -0.112727       0.055   0.0243902   -0.138182
      0.405  -0.0672727   -0.138182    0.487805
IMAGINARY
         0  0.0232143     0.0625  0.0456885
-0.0232143          0  -0.021879    -0.0375
   -0.0625   0.021879          0 -0.0482143
-0.0456885     0.0375  0.0482143          0
Repeater1[0]<--->EndNode1[0]
REAL
       0.4 -0.0441176          0   0.392857
-0.0441176          0   0.107143          0
         0   0.107143  0.0666667  0.0441176
  0.392857          0  0.0441176   0.533333
IMAGINARY
         0 -0.0357143   0.115546  0.0616246
 0.0357143          0 -0.0854342  0.0273109
 -0.115546  0.0854342          0   0.107143
-0.0616246 -0.0273109  -0.107143          0
Repeater1[0]<--->HoM1[0]
REAL
   0.452381   -0.112727 -0.00181818    0.415897
  -0.112727    0.047619   0.0441026   -0.138182
-0.00181818   0.0441026   0.0238095  -0.0672727
   0.415897   -0.138182  -0.0672727     0.47619
IMAGINARY
         0  0.0564103  0.0164835  0.0456885
-0.0564103          0   0.021879 -0.0549451
-0.0164835  -0.021879          0 -0.0435897
-0.0456885  0.0549451  0.0435897          0
EndNode1[0]<--->Repeater1[0]
REAL
     0 -0.125  0.125  0.375
-0.125      0  0.125  0.125
 0.125  0.125      0  0.375
 0.375  0.125  0.375      1
IMAGINARY
         0   0.277778  -0.208333   0.166667
 -0.277778          0          0 -0.0416667
  0.208333          0          0   0.222222
 -0.166667  0.0416667  -0.222222          0
EndNode2[0]<--->HoM1[0]
REAL
       0.4  -0.344444  -0.230159        0.5
 -0.344444       0.05          0   -0.15873
 -0.230159          0       0.05 -0.0444444
       0.5   -0.15873 -0.0444444        0.5
IMAGINARY
          0    0.232143 -0.00714286   -0.127778
  -0.232143           0  -0.0722222   -0.207143
 0.00714286   0.0722222           0  -0.0178571
   0.127778    0.207143   0.0178571           0
Repeater1[0]<--->EndNode1[0]
REAL
     0  0.125 -0.125  0.375
 0.125      0  0.125  0.375
-0.125  0.125      0  0.125
 0.375  0.375  0.125      1
IMAGINARY
         0  -0.208333   0.277778   0.166667
  0.208333          0          0   0.222222
 -0.277778          0          0 -0.0416667
 -0.166667  -0.222222  0.0416667          0
Repeater1[0]<--->HoM1[0]
REAL
   0.421053   -0.230159   -0.344444      0.4375
  -0.230159   0.0526316      0.0625  -0.0444444
  -0.344444      0.0625 2.77556e-17    -0.15873
     0.4375  -0.0444444    -0.15873    0.526316
IMAGINARY
         0     0.0375       0.25  -0.127778
   -0.0375          0  0.0722222          0
     -0.25 -0.0722222          0    -0.1625
  0.127778          0     0.1625          0
