EndNode1[0]<--->Repeater1[0]
REAL
   0.465102 -0.00629687 -0.00115941    0.442429
-0.00629687    0.027621 -0.00343023   -0.010525
-0.00115941 -0.00343023    0.030591 -0.00265609
   0.442429   -0.010525 -0.00265609    0.476685
IMAGINARY
          0  -0.0046889 -0.00552111    0.013145
  0.0046889           0  0.00405405  0.00537478
 0.00552111 -0.00405405           0  0.00981035
  -0.013145 -0.00537478 -0.00981035           0
EndNode2[0]<--->HoM1[0]
REAL
   0.490572  0.00307671 -0.00271628    0.443133
 0.00307671   0.0264599 -0.00323604   0.0055855
-0.00271628 -0.00323604   0.0328467 -0.00292569
   0.443133   0.0055855 -0.00292569    0.450122
IMAGINARY
          0 -0.00628439  0.00957864 -0.00166921
 0.00628439           0  0.00106969 -0.00701762
-0.00957864 -0.00106969           0 -0.00169995
 0.00166921  0.00701762  0.00169995           0
Repeater1[0]<--->EndNode1[0]
REAL
   0.465102 -0.00115941 -0.00629687    0.442429
-0.00115941    0.030591 -0.00343023 -0.00265609
-0.00629687 -0.00343023    0.027621   -0.010525
   0.442429 -0.00265609   -0.010525    0.476685
IMAGINARY
          0 -0.00552111  -0.0046889    0.013145
 0.00552111           0 -0.00405405  0.00981035
  0.0046889  0.00405405           0  0.00537478
  -0.013145 -0.00981035 -0.00537478           0
Repeater1[0]<--->HoM1[0]
REAL
   0.490572 -0.00271628  0.00307671    0.443133
-0.00271628   0.0328467 -0.00323604 -0.00292569
 0.00307671 -0.00323604   0.0264599   0.0055855
   0.443133 -0.00292569   0.0055855    0.450122
IMAGINARY
          0  0.00957864 -0.00628439 -0.00166921
-0.00957864           0 -0.00106969 -0.00169995
 0.00628439  0.00106969           0 -0.00701762
 0.00166921  0.00169995  0.00701762           0
EndNode1[0]<--->Repeater1[0]
REAL
   0.489866  0.00550267 -0.00105678     0.42502
 0.00550267   0.0121609  0.00256901  0.00151508
-0.00105678  0.00256901   0.0143436 -0.00473885
    0.42502  0.00151508 -0.00473885     0.48363
IMAGINARY
           0   0.00212399  -0.00290867   0.00422447
 -0.00212399            0   0.00364002  0.000730339
  0.00290867  -0.00364002            0  0.000925672
 -0.00422447 -0.000730339 -0.000925672            0
EndNode2[0]<--->HoM1[0]
REAL
  0.490393   0.012128  0.0006095   0.423805
  0.012128  0.0131138 0.00623378 -0.0025446
 0.0006095 0.00623378  0.0112839 -0.0119791
  0.423805 -0.0025446 -0.0119791   0.485209
IMAGINARY
           0  1.38394e-05  -0.00889669    -0.014389
-1.38394e-05            0   0.00305628   -0.0114905
  0.00889669  -0.00305628            0    0.0124532
    0.014389    0.0114905   -0.0124532            0
Repeater1[0]<--->EndNode1[0]
REAL
   0.489866 -0.00105678  0.00550267     0.42502
-0.00105678   0.0143436  0.00256901 -0.00473885
 0.00550267  0.00256901   0.0121609  0.00151508
    0.42502 -0.00473885  0.00151508     0.48363
IMAGINARY
           0  -0.00290867   0.00212399   0.00422447
  0.00290867            0  -0.00364002  0.000925672
 -0.00212399   0.00364002            0  0.000730339
 -0.00422447 -0.000925672 -0.000730339            0
Repeater1[0]<--->HoM1[0]
REAL
  0.490393  0.0006095   0.012128   0.423805
 0.0006095  0.0112839 0.00623378 -0.0119791
  0.012128 0.00623378  0.0131138 -0.0025446
  0.423805 -0.0119791 -0.0025446   0.485209
IMAGINARY
           0  -0.00889669  1.38394e-05    -0.014389
  0.00889669            0  -0.00305628    0.0124532
-1.38394e-05   0.00305628            0   -0.0114905
    0.014389   -0.0124532    0.0114905            0
EndNode1[0]<--->Repeater1[0]
REAL
   0.498438  0.00646467  0.00181386    0.430236
 0.00646467   0.0062461  0.00863239 -0.00333454
 0.00181386  0.00863239  0.00437227 -0.00463986
   0.430236 -0.00333454 -0.00463986    0.490943
IMAGINARY
           0  -0.00320357 -0.000494952   0.00589486
  0.00320357            0   0.00778935   0.00378639
 0.000494952  -0.00778935            0  -0.00248165
 -0.00589486  -0.00378639   0.00248165            0
EndNode2[0]<--->HoM1[0]
REAL
   0.501193  0.00232996  0.00241869    0.437947
 0.00232996  0.00805009  0.00609595 0.000890574
 0.00241869  0.00609595  0.00745379  0.00218268
   0.437947 0.000890574  0.00218268    0.483304
IMAGINARY
           0   0.00207139   0.00105077   0.00527527
 -0.00207139            0 -0.000496297  -0.00470681
 -0.00105077  0.000496297            0   0.00480197
 -0.00527527   0.00470681  -0.00480197            0
Repeater1[0]<--->EndNode1[0]
REAL
   0.498438  0.00181386  0.00646467    0.430236
 0.00181386  0.00437227  0.00863239 -0.00463986
 0.00646467  0.00863239   0.0062461 -0.00333454
   0.430236 -0.00463986 -0.00333454    0.490943
IMAGINARY
           0 -0.000494952  -0.00320357   0.00589486
 0.000494952            0  -0.00778935  -0.00248165
  0.00320357   0.00778935            0   0.00378639
 -0.00589486   0.00248165  -0.00378639            0
Repeater1[0]<--->HoM1[0]
REAL
   0.501193  0.00241869  0.00232996    0.437947
 0.00241869  0.00745379  0.00609595  0.00218268
 0.00232996  0.00609595  0.00805009 0.000890574
   0.437947  0.00218268 0.000890574    0.483304
IMAGINARY
           0   0.00105077   0.00207139   0.00527527
 -0.00105077            0  0.000496297   0.00480197
 -0.00207139 -0.000496297            0  -0.00470681
 -0.00527527  -0.00480197   0.00470681            0
EndNode1[0]<--->Repeater1[0]
REAL
   0.470999 -0.00239095   0.0041388    0.409902
-0.00239095   0.0157911 -0.00494009  0.00292887
  0.0041388 -0.00494009   0.0194352 -0.00136845
   0.409902  0.00292887 -0.00136845    0.493775
IMAGINARY
          0   0.0106426  0.00219497 -0.00151537
 -0.0106426           0  0.00654433 -0.00924145
-0.00219497 -0.00654433           0  0.00360031
 0.00151537  0.00924145 -0.00360031           0
EndNode2[0]<--->HoM1[0]
REAL
    0.479852 -0.000448316  -0.00463896     0.409563
-0.000448316    0.0215318   0.00107248   0.00683645
 -0.00463896   0.00107248    0.0187635   0.00352479
    0.409563   0.00683645   0.00352479     0.479852
IMAGINARY
           0  -0.00112529   0.00150258  -0.00247576
  0.00112529            0   0.00277162  -0.00255269
 -0.00150258  -0.00277162            0  7.51876e-05
  0.00247576   0.00255269 -7.51876e-05            0
Repeater1[0]<--->EndNode1[0]
REAL
   0.470999   0.0041388 -0.00239095    0.409902
  0.0041388   0.0194352 -0.00494009 -0.00136845
-0.00239095 -0.00494009   0.0157911  0.00292887
   0.409902 -0.00136845  0.00292887    0.493775
IMAGINARY
          0  0.00219497   0.0106426 -0.00151537
-0.00219497           0 -0.00654433  0.00360031
 -0.0106426  0.00654433           0 -0.00924145
 0.00151537 -0.00360031  0.00924145           0
Repeater1[0]<--->HoM1[0]
REAL
    0.479852  -0.00463896 -0.000448316     0.409563
 -0.00463896    0.0187635   0.00107248   0.00352479
-0.000448316   0.00107248    0.0215318   0.00683645
    0.409563   0.00352479   0.00683645     0.479852
IMAGINARY
           0   0.00150258  -0.00112529  -0.00247576
 -0.00150258            0  -0.00277162  7.51876e-05
  0.00112529   0.00277162            0  -0.00255269
  0.00247576 -7.51876e-05   0.00255269            0
