EndNode1[0]<--->Repeater1[0]
REAL
   0.375162   0.0184112 -0.00706107     0.21413
  0.0184112    0.163001  0.00645814   0.0324621
-0.00706107  0.00645814    0.126779  0.00565298
    0.21413   0.0324621  0.00565298    0.335058
IMAGINARY
           0  0.000778089   0.00948194    0.0316132
-0.000778089            0    0.0128464   0.00506832
 -0.00948194   -0.0128464            0  -0.00342359
  -0.0316132  -0.00506832   0.00342359            0
EndNode2[0]<--->HoM1[0]
REAL
  0.382542  0.0270968  0.0161387   0.198277
 0.0270968   0.134788 0.00365861  0.0167645
 0.0161387 0.00365861   0.147625 0.00709677
  0.198277  0.0167645 0.00709677   0.335045
IMAGINARY
         0 -0.0103516  0.0118583 -0.0161339
 0.0103516          0  0.0105159  0.0137988
-0.0118583 -0.0105159          0   0.012229
 0.0161339 -0.0137988  -0.012229          0
Repeater1[0]<--->EndNode1[0]
REAL
   0.375162 -0.00706107   0.0184112     0.21413
-0.00706107    0.126779  0.00645814  0.00565298
  0.0184112  0.00645814    0.163001   0.0324621
    0.21413  0.00565298   0.0324621    0.335058
IMAGINARY
           0   0.00948194  0.000778089    0.0316132
 -0.00948194            0   -0.0128464  -0.00342359
-0.000778089    0.0128464            0   0.00506832
  -0.0316132   0.00342359  -0.00506832            0
Repeater1[0]<--->HoM1[0]
REAL
  0.382542  0.0161387  0.0270968   0.198277
 0.0161387   0.147625 0.00365861 0.00709677
 0.0270968 0.00365861   0.134788  0.0167645
  0.198277 0.00709677  0.0167645   0.335045
IMAGINARY
         0  0.0118583 -0.0103516 -0.0161339
-0.0118583          0 -0.0105159   0.012229
 0.0103516  0.0105159          0  0.0137988
 0.0161339  -0.012229 -0.0137988          0
EndNode1[0]<--->Repeater1[0]
REAL
    0.36129  0.00712088   0.0221281    0.202174
 0.00712088    0.125161  -0.0132847 -0.00186669
  0.0221281  -0.0132847    0.167742  -0.0103889
   0.202174 -0.00186669  -0.0103889    0.345806
IMAGINARY
          0  0.00321708   0.0184909   0.0109131
-0.00321708           0 -0.00541858 -0.00275906
 -0.0184909  0.00541858           0   -0.016213
 -0.0109131  0.00275906    0.016213           0
EndNode2[0]<--->HoM1[0]
REAL
    0.359173   -0.0128342    0.0120036      0.20801
  -0.0128342     0.167959  0.000964312 -0.000465183
   0.0120036  0.000964312     0.162791   0.00514186
     0.20801 -0.000465183   0.00514186     0.310078
IMAGINARY
          0 -0.00988875  0.00968894   0.0107961
 0.00988875           0   0.0207828  0.00576224
-0.00968894  -0.0207828           0    0.012979
 -0.0107961 -0.00576224   -0.012979           0
Repeater1[0]<--->EndNode1[0]
REAL
    0.36129   0.0221281  0.00712088    0.202174
  0.0221281    0.167742  -0.0132847  -0.0103889
 0.00712088  -0.0132847    0.125161 -0.00186669
   0.202174  -0.0103889 -0.00186669    0.345806
IMAGINARY
          0   0.0184909  0.00321708   0.0109131
 -0.0184909           0  0.00541858   -0.016213
-0.00321708 -0.00541858           0 -0.00275906
 -0.0109131    0.016213  0.00275906           0
Repeater1[0]<--->HoM1[0]
REAL
    0.359173    0.0120036   -0.0128342      0.20801
   0.0120036     0.162791  0.000964312   0.00514186
  -0.0128342  0.000964312     0.167959 -0.000465183
     0.20801   0.00514186 -0.000465183     0.310078
IMAGINARY
          0  0.00968894 -0.00988875   0.0107961
-0.00968894           0  -0.0207828    0.012979
 0.00988875   0.0207828           0  0.00576224
 -0.0107961   -0.012979 -0.00576224           0
