source<--->HoM
REAL
   0.381703   0.0199104     0.01381    0.376206
  0.0199104    0.132492    0.123794 0.000296535
    0.01381    0.123794    0.100946 -0.00580385
   0.376206 0.000296535 -0.00580385    0.384858
IMAGINARY
           0  0.000555151  -0.00385264    0.0222499
-0.000555151            0   0.00928162   0.00224492
  0.00385264  -0.00928162            0    0.0171297
  -0.0222499  -0.00224492   -0.0171297            0
target<--->HoM
REAL
   0.381703     0.01381   0.0199104    0.376206
    0.01381    0.100946    0.123794 -0.00580385
  0.0199104    0.123794    0.132492 0.000296535
   0.376206 -0.00580385 0.000296535    0.384858
IMAGINARY
           0  -0.00385264  0.000555151    0.0222499
  0.00385264            0  -0.00928162    0.0171297
-0.000555151   0.00928162            0   0.00224492
  -0.0222499   -0.0171297  -0.00224492            0
source<--->HoM
REAL
   0.318318 -0.00421587  -0.0224412    0.325879
-0.00421587    0.198198    0.174121  0.00659106
 -0.0224412    0.174121    0.162162  -0.0116343
   0.325879  0.00659106  -0.0116343    0.321321
IMAGINARY
          0  -0.0457571   0.0323137  -0.0403504
  0.0457571           0   0.0259147  0.00762237
 -0.0323137  -0.0259147           0  -0.0101534
  0.0403504 -0.00762237   0.0101534           0
target<--->HoM
REAL
   0.318318  -0.0224412 -0.00421587    0.325879
 -0.0224412    0.162162    0.174121  -0.0116343
-0.00421587    0.174121    0.198198  0.00659106
   0.325879  -0.0116343  0.00659106    0.321321
IMAGINARY
          0   0.0323137  -0.0457571  -0.0403504
 -0.0323137           0  -0.0259147  -0.0101534
  0.0457571   0.0259147           0  0.00762237
  0.0403504   0.0101534 -0.00762237           0
source<--->HoM
REAL
nan nan nan nan
nan nan nan nan
nan nan nan nan
nan nan nan nan
IMAGINARY
nan nan nan nan
nan nan nan nan
nan nan nan nan
nan nan nan nan
target<--->HoM
REAL
nan nan nan nan
nan nan nan nan
nan nan nan nan
nan nan nan nan
IMAGINARY
nan nan nan nan
nan nan nan nan
nan nan nan nan
nan nan nan nan
source<--->HoM
REAL
nan nan nan nan
nan nan nan nan
nan nan nan nan
nan nan nan nan
IMAGINARY
nan nan nan nan
nan nan nan nan
nan nan nan nan
nan nan nan nan
target<--->HoM
REAL
nan nan nan nan
nan nan nan nan
nan nan nan nan
nan nan nan nan
IMAGINARY
nan nan nan nan
nan nan nan nan
nan nan nan nan
nan nan nan nan
source<--->HoM
REAL
nan nan nan nan
nan nan nan nan
nan nan nan nan
nan nan nan nan
IMAGINARY
nan nan nan nan
nan nan nan nan
nan nan nan nan
nan nan nan nan
target<--->HoM
REAL
nan nan nan nan
nan nan nan nan
nan nan nan nan
nan nan nan nan
IMAGINARY
nan nan nan nan
nan nan nan nan
nan nan nan nan
nan nan nan nan
source<--->HoM
REAL
  0.515625  0.0118037  0.0145237        0.5
 0.0118037          0          0 0.00683612
 0.0145237          0          0 0.00955614
       0.5 0.00683612 0.00955614   0.484375
IMAGINARY
           0   0.00399538 -0.000724495  -0.00731934
 -0.00399538            0  -0.00498425  -0.00889686
 0.000724495   0.00498425            0   0.00562597
  0.00731934   0.00889686  -0.00562597            0
target<--->HoM
REAL
  0.515625  0.0145237  0.0118037        0.5
 0.0145237          0          0 0.00955614
 0.0118037          0          0 0.00683612
       0.5 0.00955614 0.00683612   0.484375
IMAGINARY
           0 -0.000724495   0.00399538  -0.00731934
 0.000724495            0   0.00498425   0.00562597
 -0.00399538  -0.00498425            0  -0.00889686
  0.00731934  -0.00562597   0.00889686            0
source<--->HoM
REAL
    0.409639  -0.00982173 -0.000295683     0.411036
 -0.00982173    0.0925654    0.0889636   0.00206978
-0.000295683    0.0889636    0.0910961    0.0115958
    0.411036   0.00206978    0.0115958       0.4067
IMAGINARY
           0  -0.00054806  0.000628919   0.00754978
  0.00054806            0  -0.00133309    0.0077783
-0.000628919   0.00133309            0   -0.0103049
 -0.00754978   -0.0077783    0.0103049            0
target<--->HoM
REAL
    0.409639 -0.000295683  -0.00982173     0.411036
-0.000295683    0.0910961    0.0889636    0.0115958
 -0.00982173    0.0889636    0.0925654   0.00206978
    0.411036    0.0115958   0.00206978       0.4067
IMAGINARY
           0  0.000628919  -0.00054806   0.00754978
-0.000628919            0   0.00133309   -0.0103049
  0.00054806  -0.00133309            0    0.0077783
 -0.00754978    0.0103049   -0.0077783            0
source<--->HoM
REAL
   0.404272 -0.00594148 -0.00442619    0.410454
-0.00594148   0.0914373   0.0895462 4.41453e-05
-0.00442619   0.0895462   0.0914373  0.00155944
   0.410454 4.41453e-05  0.00155944    0.412853
IMAGINARY
           0    0.0010753    0.0014099 -0.000146905
  -0.0010753            0 -0.000954514   0.00425185
  -0.0014099  0.000954514            0  -0.00755233
 0.000146905  -0.00425185   0.00755233            0
target<--->HoM
REAL
   0.404272 -0.00442619 -0.00594148    0.410454
-0.00442619   0.0914373   0.0895462  0.00155944
-0.00594148   0.0895462   0.0914373 4.41453e-05
   0.410454  0.00155944 4.41453e-05    0.412853
IMAGINARY
           0    0.0014099    0.0010753 -0.000146905
  -0.0014099            0  0.000954514  -0.00755233
  -0.0010753 -0.000954514            0   0.00425185
 0.000146905   0.00755233  -0.00425185            0
source<--->HoM
REAL
   0.404272 -0.00723821 -0.00442619    0.411331
-0.00723821   0.0914373  -0.0886693 4.41453e-05
-0.00442619  -0.0886693   0.0914373 0.000262709
   0.411331 4.41453e-05 0.000262709    0.412853
IMAGINARY
           0   0.00148294    0.0014099 -0.000146905
 -0.00148294            0 -0.000954514   0.00425185
  -0.0014099  0.000954514            0  -0.00714469
 0.000146905  -0.00425185   0.00714469            0
target<--->HoM
REAL
   0.404272 -0.00442619 -0.00723821    0.411331
-0.00442619   0.0914373  -0.0886693 0.000262709
-0.00723821  -0.0886693   0.0914373 4.41453e-05
   0.411331 0.000262709 4.41453e-05    0.412853
IMAGINARY
           0    0.0014099   0.00148294 -0.000146905
  -0.0014099            0  0.000954514  -0.00714469
 -0.00148294 -0.000954514            0   0.00425185
 0.000146905   0.00714469  -0.00425185            0
source<--->HoM
REAL
    0.49571 -0.00723821 -0.00442619    0.321785
-0.00723821           0 0.000876865 4.41453e-05
-0.00442619 0.000876865           0 0.000262709
   0.321785 4.41453e-05 0.000262709     0.50429
IMAGINARY
           0    0.0010753    0.0014099 -0.000146905
  -0.0010753            0 -0.000954514   0.00425185
  -0.0014099  0.000954514            0  -0.00755233
 0.000146905  -0.00425185   0.00755233            0
target<--->HoM
REAL
    0.49571 -0.00442619 -0.00723821    0.321785
-0.00442619           0 0.000876865 0.000262709
-0.00723821 0.000876865           0 4.41453e-05
   0.321785 0.000262709 4.41453e-05     0.50429
IMAGINARY
           0    0.0014099    0.0010753 -0.000146905
  -0.0014099            0  0.000954514  -0.00755233
  -0.0010753 -0.000954514            0   0.00425185
 0.000146905   0.00755233  -0.00425185            0
source<--->HoM
REAL
   0.337085   0.0030163   0.0114908    0.321834
  0.0030163    0.177133   -0.178166 -0.00173828
  0.0114908   -0.178166    0.173282 -0.00199738
   0.321834 -0.00173828 -0.00199738      0.3125
IMAGINARY
          0 -0.00885859 -0.00270678 -0.00569633
 0.00885859           0  0.00851951  0.00664618
 0.00270678 -0.00851951           0  0.00491919
 0.00569633 -0.00664618 -0.00491919           0
target<--->HoM
REAL
   0.337085   0.0114908   0.0030163    0.321834
  0.0114908    0.173282   -0.178166 -0.00199738
  0.0030163   -0.178166    0.177133 -0.00173828
   0.321834 -0.00199738 -0.00173828      0.3125
IMAGINARY
          0 -0.00270678 -0.00885859 -0.00569633
 0.00270678           0 -0.00851951  0.00491919
 0.00885859  0.00851951           0  0.00664618
 0.00569633 -0.00491919 -0.00664618           0
source<--->HoM
REAL
   0.337085  0.00738311   0.0114908    0.327879
 0.00738311    0.177133    0.172121 -0.00173828
  0.0114908    0.172121    0.173282  0.00236944
   0.327879 -0.00173828  0.00236944      0.3125
IMAGINARY
          0  -0.0100707 -0.00270678 -0.00569633
  0.0100707           0  0.00851951  0.00664618
 0.00270678 -0.00851951           0  0.00370707
 0.00569633 -0.00664618 -0.00370707           0
target<--->HoM
REAL
   0.337085   0.0114908  0.00738311    0.327879
  0.0114908    0.173282    0.172121  0.00236944
 0.00738311    0.172121    0.177133 -0.00173828
   0.327879  0.00236944 -0.00173828      0.3125
IMAGINARY
          0 -0.00270678  -0.0100707 -0.00569633
 0.00270678           0 -0.00851951  0.00370707
  0.0100707  0.00851951           0  0.00664618
 0.00569633 -0.00370707 -0.00664618           0
source<--->HoM
REAL
    0.390407   0.00953407   0.00248622     0.387286
  0.00953407     0.103825     0.112714 -0.000837044
  0.00248622     0.112714     0.107468  -0.00788489
    0.387286 -0.000837044  -0.00788489       0.3983
IMAGINARY
          0  0.00190354  -0.0014183 -0.00245511
-0.00190354           0 -0.00364064  0.00427373
  0.0014183  0.00364064           0  0.00726388
 0.00245511 -0.00427373 -0.00726388           0
target<--->HoM
REAL
    0.390407   0.00248622   0.00953407     0.387286
  0.00248622     0.107468     0.112714  -0.00788489
  0.00953407     0.112714     0.103825 -0.000837044
    0.387286  -0.00788489 -0.000837044       0.3983
IMAGINARY
          0  -0.0014183  0.00190354 -0.00245511
  0.0014183           0  0.00364064  0.00726388
-0.00190354 -0.00364064           0  0.00427373
 0.00245511 -0.00726388 -0.00427373           0
source<--->HoM
REAL
   0.337085  0.00738311   0.0114908    0.327879
 0.00738311    0.177133    0.172121 -0.00173828
  0.0114908    0.172121    0.173282  0.00236944
   0.327879 -0.00173828  0.00236944      0.3125
IMAGINARY
          0  -0.0100707 -0.00270678 -0.00569633
  0.0100707           0  0.00851951  0.00664618
 0.00270678 -0.00851951           0  0.00370707
 0.00569633 -0.00664618 -0.00370707           0
target<--->HoM
REAL
   0.337085   0.0114908  0.00738311    0.327879
  0.0114908    0.173282    0.172121  0.00236944
 0.00738311    0.172121    0.177133 -0.00173828
   0.327879  0.00236944 -0.00173828      0.3125
IMAGINARY
          0 -0.00270678  -0.0100707 -0.00569633
 0.00270678           0 -0.00851951  0.00370707
  0.0100707  0.00851951           0  0.00664618
 0.00569633 -0.00370707 -0.00664618           0
source<--->HoM
REAL
    0.390407   0.00953407   0.00248622     0.387286
  0.00953407     0.103825     0.112714 -0.000837044
  0.00248622     0.112714     0.107468  -0.00788489
    0.387286 -0.000837044  -0.00788489       0.3983
IMAGINARY
          0  0.00190354  -0.0014183 -0.00245511
-0.00190354           0 -0.00364064  0.00427373
  0.0014183  0.00364064           0  0.00726388
 0.00245511 -0.00427373 -0.00726388           0
target<--->HoM
REAL
    0.390407   0.00248622   0.00953407     0.387286
  0.00248622     0.107468     0.112714  -0.00788489
  0.00953407     0.112714     0.103825 -0.000837044
    0.387286  -0.00788489 -0.000837044       0.3983
IMAGINARY
          0  -0.0014183  0.00190354 -0.00245511
  0.0014183           0  0.00364064  0.00726388
-0.00190354 -0.00364064           0  0.00427373
 0.00245511 -0.00726388 -0.00427373           0
source<--->HoM
REAL
   0.497384  -0.0019366  -0.0051629         0.5
 -0.0019366           0           0 -0.00178154
 -0.0051629           0           0 -0.00500785
        0.5 -0.00178154 -0.00500785    0.502616
IMAGINARY
           0    0.0073253  -0.00501722  0.000776343
  -0.0073253            0   0.00446475   0.00215836
  0.00501722  -0.00446475            0  -0.00446643
-0.000776343  -0.00215836   0.00446643            0
target<--->HoM
REAL
   0.497384  -0.0051629  -0.0019366         0.5
 -0.0051629           0           0 -0.00500785
 -0.0019366           0           0 -0.00178154
        0.5 -0.00500785 -0.00178154    0.502616
IMAGINARY
           0  -0.00501722    0.0073253  0.000776343
  0.00501722            0  -0.00446475  -0.00446643
  -0.0073253   0.00446475            0   0.00215836
-0.000776343   0.00446643  -0.00215836            0
source<--->HoM
REAL
nan nan nan nan
nan nan nan nan
nan nan nan nan
nan nan nan nan
IMAGINARY
nan nan nan nan
nan nan nan nan
nan nan nan nan
nan nan nan nan
target<--->HoM
REAL
nan nan nan nan
nan nan nan nan
nan nan nan nan
nan nan nan nan
IMAGINARY
nan nan nan nan
nan nan nan nan
nan nan nan nan
nan nan nan nan
source<--->HoM
REAL
nan nan nan nan
nan nan nan nan
nan nan nan nan
nan nan nan nan
IMAGINARY
nan nan nan nan
nan nan nan nan
nan nan nan nan
nan nan nan nan
target<--->HoM
REAL
nan nan nan nan
nan nan nan nan
nan nan nan nan
nan nan nan nan
IMAGINARY
nan nan nan nan
nan nan nan nan
nan nan nan nan
nan nan nan nan
source<--->HoM
REAL
nan nan nan nan
nan nan nan nan
nan nan nan nan
nan nan nan nan
IMAGINARY
nan nan nan nan
nan nan nan nan
nan nan nan nan
nan nan nan nan
target<--->HoM
REAL
nan nan nan nan
nan nan nan nan
nan nan nan nan
nan nan nan nan
IMAGINARY
nan nan nan nan
nan nan nan nan
nan nan nan nan
nan nan nan nan
source<--->HoM
REAL
   0.256221   0.0148735 -0.00203894   0.0135165
  0.0148735    0.248541 0.000965427 -0.00527668
-0.00203894 0.000965427     0.24086  0.00767058
  0.0135165 -0.00527668  0.00767058    0.254378
IMAGINARY
           0   0.00601655    0.0020376    0.0107748
 -0.00601655            0   0.00521923   0.00671897
  -0.0020376  -0.00521923            0 -0.000762605
  -0.0107748  -0.00671897  0.000762605            0
target<--->HoM
REAL
   0.256221 -0.00203894   0.0148735   0.0135165
-0.00203894     0.24086 0.000965427  0.00767058
  0.0148735 0.000965427    0.248541 -0.00527668
  0.0135165  0.00767058 -0.00527668    0.254378
IMAGINARY
           0    0.0020376   0.00601655    0.0107748
  -0.0020376            0  -0.00521923 -0.000762605
 -0.00601655   0.00521923            0   0.00671897
  -0.0107748  0.000762605  -0.00671897            0
source<--->HoM
REAL
    0.49224  0.00330941 -0.00094851 -0.00314912
 0.00330941     0.50776  0.00769058  -0.0103319
-0.00094851  0.00769058           0  0.00269704
-0.00314912  -0.0103319  0.00269704           0
IMAGINARY
           0   0.00458795    -0.004406   0.00223454
 -0.00458795            0  -0.00388669  0.000283863
    0.004406   0.00388669            0   0.00777847
 -0.00223454 -0.000283863  -0.00777847            0
target<--->HoM
REAL
    0.49224 -0.00094851  0.00330941 -0.00314912
-0.00094851           0  0.00769058  0.00269704
 0.00330941  0.00769058     0.50776  -0.0103319
-0.00314912  0.00269704  -0.0103319           0
IMAGINARY
           0    -0.004406   0.00458795   0.00223454
    0.004406            0   0.00388669   0.00777847
 -0.00458795  -0.00388669            0  0.000283863
 -0.00223454  -0.00777847 -0.000283863            0
source<--->HoM
REAL
    0.495998   0.00153294   0.00393702     0.462196
  0.00153294    0.0204566 -0.000833406  -0.00408914
  0.00393702 -0.000833406    0.0210495  -0.00381465
    0.462196  -0.00408914  -0.00381465     0.462496
IMAGINARY
           0  -0.00206189  -0.00158818  -0.00766017
  0.00206189            0   0.00590167 -0.000966675
  0.00158818  -0.00590167            0   0.00551846
  0.00766017  0.000966675  -0.00551846            0
target<--->HoM
REAL
    0.495998   0.00393702   0.00153294     0.462196
  0.00393702    0.0210495 -0.000833406  -0.00381465
  0.00153294 -0.000833406    0.0204566  -0.00408914
    0.462196  -0.00381465  -0.00408914     0.462496
IMAGINARY
           0  -0.00158818  -0.00206189  -0.00766017
  0.00158818            0  -0.00590167   0.00551846
  0.00206189   0.00590167            0 -0.000966675
  0.00766017  -0.00551846  0.000966675            0
source<--->HoM
REAL
   0.497384  -0.0019366  -0.0051629         0.5
 -0.0019366           0           0 -0.00178154
 -0.0051629           0           0 -0.00500785
        0.5 -0.00178154 -0.00500785    0.502616
IMAGINARY
           0    0.0073253  -0.00501722  0.000776343
  -0.0073253            0   0.00446475   0.00215836
  0.00501722  -0.00446475            0  -0.00446643
-0.000776343  -0.00215836   0.00446643            0
target<--->HoM
REAL
   0.497384  -0.0051629  -0.0019366         0.5
 -0.0051629           0           0 -0.00500785
 -0.0019366           0           0 -0.00178154
        0.5 -0.00500785 -0.00178154    0.502616
IMAGINARY
           0  -0.00501722    0.0073253  0.000776343
  0.00501722            0  -0.00446475  -0.00446643
  -0.0073253   0.00446475            0   0.00215836
-0.000776343   0.00446643  -0.00215836            0
source<--->HoM
REAL
    0.34658   0.0126032 0.000975744    0.200996
  0.0126032    0.158965 -0.00217585 -0.00510554
0.000975744 -0.00217585    0.151879 -0.00935833
   0.200996 -0.00510554 -0.00935833    0.342575
IMAGINARY
           0  -0.00227576  -0.00333189 -0.000510508
  0.00227576            0    0.0130748   0.00632411
  0.00333189   -0.0130748            0   0.00945709
 0.000510508  -0.00632411  -0.00945709            0
target<--->HoM
REAL
    0.34658 0.000975744   0.0126032    0.200996
0.000975744    0.151879 -0.00217585 -0.00935833
  0.0126032 -0.00217585    0.158965 -0.00510554
   0.200996 -0.00935833 -0.00510554    0.342575
IMAGINARY
           0  -0.00333189  -0.00227576 -0.000510508
  0.00333189            0   -0.0130748   0.00945709
  0.00227576    0.0130748            0   0.00632411
 0.000510508  -0.00945709  -0.00632411            0
source<--->HoM
REAL
    0.435635 -0.000691217  -0.00211829     0.214864
-0.000691217    0.0672294   0.00402816   -0.0126368
 -0.00211829   0.00402816    0.0675309   -0.0158893
    0.214864   -0.0126368   -0.0158893     0.429605
IMAGINARY
           0   0.00977167   0.00410028  0.000614149
 -0.00977167            0   0.00559152   0.00679489
 -0.00410028  -0.00559152            0    0.0117242
-0.000614149  -0.00679489   -0.0117242            0
target<--->HoM
REAL
    0.435635  -0.00211829 -0.000691217     0.214864
 -0.00211829    0.0675309   0.00402816   -0.0158893
-0.000691217   0.00402816    0.0672294   -0.0126368
    0.214864   -0.0158893   -0.0126368     0.429605
IMAGINARY
           0   0.00410028   0.00977167  0.000614149
 -0.00410028            0  -0.00559152    0.0117242
 -0.00977167   0.00559152            0   0.00679489
-0.000614149   -0.0117242  -0.00679489            0
source<--->HoM
REAL
   0.373223  0.00636419   0.0114908    0.213872
 0.00636419    0.140995 0.000538574 -0.00173828
  0.0114908 0.000538574     0.13359  0.00135051
   0.213872 -0.00173828  0.00135051    0.352192
IMAGINARY
          0  -0.0121919 -0.00270678 -0.00569633
  0.0121919           0  0.00851951  0.00664618
 0.00270678 -0.00851951           0  0.00158586
 0.00569633 -0.00664618 -0.00158586           0
target<--->HoM
REAL
   0.373223   0.0114908  0.00636419    0.213872
  0.0114908     0.13359 0.000538574  0.00135051
 0.00636419 0.000538574    0.140995 -0.00173828
   0.213872  0.00135051 -0.00173828    0.352192
IMAGINARY
          0 -0.00270678  -0.0121919 -0.00569633
 0.00270678           0 -0.00851951  0.00158586
  0.0121919  0.00851951           0  0.00664618
 0.00569633 -0.00158586 -0.00664618           0
source<--->HoM
REAL
   0.530708  -0.0018531 -0.00399172    0.226669
 -0.0018531    0.115192   0.0042597  0.00724423
-0.00399172   0.0042597    0.104026  0.00569698
   0.226669  0.00724423  0.00569698    0.250073
IMAGINARY
           0 -0.000209303   0.00428711   0.00680462
 0.000209303            0  -0.00147602   0.00717728
 -0.00428711   0.00147602            0  -0.00636361
 -0.00680462  -0.00717728   0.00636361            0
target<--->HoM
REAL
   0.530708 -0.00399172  -0.0018531    0.226669
-0.00399172    0.104026   0.0042597  0.00569698
 -0.0018531   0.0042597    0.115192  0.00724423
   0.226669  0.00569698  0.00724423    0.250073
IMAGINARY
           0   0.00428711 -0.000209303   0.00680462
 -0.00428711            0   0.00147602  -0.00636361
 0.000209303  -0.00147602            0   0.00717728
 -0.00680462   0.00636361  -0.00717728            0
source<--->HoM
REAL
   0.550103 -0.00358975           0    0.261086
-0.00358975   0.0969733  0.00443701   0.0017741
          0  0.00443701   0.0896268  0.00211133
   0.261086   0.0017741  0.00211133    0.263297
IMAGINARY
          0  0.00116367  0.00306275  0.00754978
-0.00116367           0 -0.00133309  0.00534447
-0.00306275  0.00133309           0 -0.00529085
-0.00754978 -0.00534447  0.00529085           0
target<--->HoM
REAL
   0.550103           0 -0.00358975    0.261086
          0   0.0896268  0.00443701  0.00211133
-0.00358975  0.00443701   0.0969733   0.0017741
   0.261086  0.00211133   0.0017741    0.263297
IMAGINARY
          0  0.00306275  0.00116367  0.00754978
-0.00306275           0  0.00133309 -0.00529085
-0.00116367 -0.00133309           0  0.00534447
-0.00754978  0.00529085 -0.00534447           0
source<--->HoM
REAL
    0.55114   0.0161942  0.00912075    0.268585
  0.0161942   0.0945779 -0.00102097 -0.00326595
 0.00912075 -0.00102097   0.0961183 -0.00155724
   0.268585 -0.00326595 -0.00155724    0.258164
IMAGINARY
           0    0.0075556  -0.00052674   -0.0112459
  -0.0075556            0   0.00461538  0.000374161
  0.00052674  -0.00461538            0  -0.00587724
   0.0112459 -0.000374161   0.00587724            0
target<--->HoM
REAL
    0.55114  0.00912075   0.0161942    0.268585
 0.00912075   0.0961183 -0.00102097 -0.00155724
  0.0161942 -0.00102097   0.0945779 -0.00326595
   0.268585 -0.00155724 -0.00326595    0.258164
IMAGINARY
           0  -0.00052674    0.0075556   -0.0112459
  0.00052674            0  -0.00461538  -0.00587724
  -0.0075556   0.00461538            0  0.000374161
   0.0112459   0.00587724 -0.000374161            0
source<--->HoM
REAL
    0.392175     0.014567   0.00625066     0.268585
    0.014567     0.110598  -0.00102097 -0.000395862
  0.00625066  -0.00102097     0.121072  6.99805e-05
    0.268585 -0.000395862  6.99805e-05     0.376155
IMAGINARY
          0  0.00770485 -0.00127749  -0.0112459
-0.00770485           0  0.00461538  0.00112491
 0.00127749 -0.00461538           0 -0.00602649
  0.0112459 -0.00112491  0.00602649           0
target<--->HoM
REAL
    0.392175   0.00625066     0.014567     0.268585
  0.00625066     0.121072  -0.00102097  6.99805e-05
    0.014567  -0.00102097     0.110598 -0.000395862
    0.268585  6.99805e-05 -0.000395862     0.376155
IMAGINARY
          0 -0.00127749  0.00770485  -0.0112459
 0.00127749           0 -0.00461538 -0.00602649
-0.00770485  0.00461538           0  0.00112491
  0.0112459  0.00602649 -0.00112491           0
source<--->HoM
REAL
   0.373929  0.00378308   0.0103011    0.249887
 0.00378308    0.121787  0.00174112 -0.00319634
  0.0103011  0.00174112    0.124847  -0.0176966
   0.249887 -0.00319634  -0.0176966    0.379437
IMAGINARY
          0 -0.00194728 -0.00370648  0.00247578
 0.00194728           0  0.00542216 -0.00385804
 0.00370648 -0.00542216           0  0.00980845
-0.00247578  0.00385804 -0.00980845           0
target<--->HoM
REAL
   0.373929   0.0103011  0.00378308    0.249887
  0.0103011    0.124847  0.00174112  -0.0176966
 0.00378308  0.00174112    0.121787 -0.00319634
   0.249887  -0.0176966 -0.00319634    0.379437
IMAGINARY
          0 -0.00370648 -0.00194728  0.00247578
 0.00370648           0 -0.00542216  0.00980845
 0.00194728  0.00542216           0 -0.00385804
-0.00247578 -0.00980845  0.00385804           0
source<--->HoM
REAL
   0.373929  0.00378308   0.0103011    0.249887
 0.00378308    0.121787  0.00174112 -0.00319634
  0.0103011  0.00174112    0.124847  -0.0176966
   0.249887 -0.00319634  -0.0176966    0.379437
IMAGINARY
          0 -0.00194728 -0.00370648  0.00247578
 0.00194728           0  0.00542216 -0.00385804
 0.00370648 -0.00542216           0  0.00980845
-0.00247578  0.00385804 -0.00980845           0
target<--->HoM
REAL
   0.373929   0.0103011  0.00378308    0.249887
  0.0103011    0.124847  0.00174112  -0.0176966
 0.00378308  0.00174112    0.121787 -0.00319634
   0.249887  -0.0176966 -0.00319634    0.379437
IMAGINARY
          0 -0.00370648 -0.00194728  0.00247578
 0.00370648           0 -0.00542216  0.00980845
 0.00194728  0.00542216           0 -0.00385804
-0.00247578 -0.00980845  0.00385804           0
source<--->HoM
REAL
   0.356077  0.00257025  0.00351915    0.243572
 0.00257025    0.139202 -0.00112112 3.32465e-05
 0.00351915 -0.00112112    0.129455 -0.00434645
   0.243572 3.32465e-05 -0.00434645    0.375267
IMAGINARY
          0  -0.0011053  0.00302452 -0.00835956
  0.0011053           0 -0.00283222  0.00257689
-0.00302452  0.00283222           0 -0.00272724
 0.00835956 -0.00257689  0.00272724           0
target<--->HoM
REAL
   0.356077  0.00351915  0.00257025    0.243572
 0.00351915    0.129455 -0.00112112 -0.00434645
 0.00257025 -0.00112112    0.139202 3.32465e-05
   0.243572 -0.00434645 3.32465e-05    0.375267
IMAGINARY
          0  0.00302452  -0.0011053 -0.00835956
-0.00302452           0  0.00283222 -0.00272724
  0.0011053 -0.00283222           0  0.00257689
 0.00835956  0.00272724 -0.00257689           0
source<--->HoM
REAL
     0.2623 -0.00734018 -0.00153904  0.00569633
-0.00734018    0.240869   0.0058468 -0.00301746
-0.00153904   0.0058468     0.24419 -0.00268412
 0.00569633 -0.00301746 -0.00268412    0.252641
IMAGINARY
           0  0.000598105  -0.00627019 -0.000668145
-0.000598105            0  -0.00523853    0.0106337
  0.00627019   0.00523853            0    0.0130943
 0.000668145   -0.0106337   -0.0130943            0
target<--->HoM
REAL
     0.2623 -0.00153904 -0.00734018  0.00569633
-0.00153904     0.24419   0.0058468 -0.00268412
-0.00734018   0.0058468    0.240869 -0.00301746
 0.00569633 -0.00268412 -0.00301746    0.252641
IMAGINARY
           0  -0.00627019  0.000598105 -0.000668145
  0.00627019            0   0.00523853    0.0130943
-0.000598105  -0.00523853            0    0.0106337
 0.000668145   -0.0130943   -0.0106337            0
source<--->HoM
REAL
   0.465441   0.0030089 -0.00154939    0.411041
  0.0030089   0.0450905  0.00359657  0.00440481
-0.00154939  0.00359657   0.0415307 -0.00376033
   0.411041  0.00440481 -0.00376033    0.447938
IMAGINARY
          0  0.00800984  -0.0108626  -0.0111906
-0.00800984           0  0.00419865   0.0092817
  0.0108626 -0.00419865           0 -0.00700381
  0.0111906  -0.0092817  0.00700381           0
target<--->HoM
REAL
   0.465441 -0.00154939   0.0030089    0.411041
-0.00154939   0.0415307  0.00359657 -0.00376033
  0.0030089  0.00359657   0.0450905  0.00440481
   0.411041 -0.00376033  0.00440481    0.447938
IMAGINARY
          0  -0.0108626  0.00800984  -0.0111906
  0.0108626           0 -0.00419865 -0.00700381
-0.00800984  0.00419865           0   0.0092817
  0.0111906  0.00700381  -0.0092817           0
source<--->HoM
REAL
  0.265456  0.0047826 0.00613504  0.0266961
 0.0047826   0.251099 0.00561987 0.00942451
0.00613504 0.00561987    0.22971 0.00628862
 0.0266961 0.00942451 0.00628862   0.253736
IMAGINARY
          0  0.00719618  0.00532803 -0.00232098
-0.00719618           0  0.00625561 -0.00368378
-0.00532803 -0.00625561           0   0.0102926
 0.00232098  0.00368378  -0.0102926           0
target<--->HoM
REAL
  0.265456 0.00613504  0.0047826  0.0266961
0.00613504    0.22971 0.00561987 0.00628862
 0.0047826 0.00561987   0.251099 0.00942451
 0.0266961 0.00628862 0.00942451   0.253736
IMAGINARY
          0  0.00532803  0.00719618 -0.00232098
-0.00532803           0 -0.00625561   0.0102926
-0.00719618  0.00625561           0 -0.00368378
 0.00232098  -0.0102926  0.00368378           0
source<--->HoM
REAL
     0.2522 -0.00431827 -0.00518373   0.0244301
-0.00431827    0.244613  -0.0138481  0.00459584
-0.00518373  -0.0138481    0.241882  0.00284855
  0.0244301  0.00459584  0.00284855    0.261305
IMAGINARY
           0   0.00781886  -0.00262053  0.000118364
 -0.00781886            0  -0.00296353   0.00366313
  0.00262053   0.00296353            0   0.00364971
-0.000118364  -0.00366313  -0.00364971            0
target<--->HoM
REAL
     0.2522 -0.00518373 -0.00431827   0.0244301
-0.00518373    0.241882  -0.0138481  0.00284855
-0.00431827  -0.0138481    0.244613  0.00459584
  0.0244301  0.00284855  0.00459584    0.261305
IMAGINARY
           0  -0.00262053   0.00781886  0.000118364
  0.00262053            0   0.00296353   0.00364971
 -0.00781886  -0.00296353            0   0.00366313
-0.000118364  -0.00364971  -0.00366313            0
source<--->HoM
REAL
   0.413361  0.00414781  0.00722634    0.345341
 0.00414781   0.0742619 -0.00258117 -0.00974336
 0.00722634 -0.00258117   0.0817179 -0.00163078
   0.345341 -0.00974336 -0.00163078    0.430659
IMAGINARY
          0  0.00309111  0.00293138 -0.00400824
-0.00309111           0  -0.0050552  0.00517354
-0.00293138   0.0050552           0 -0.00648044
 0.00400824 -0.00517354  0.00648044           0
target<--->HoM
REAL
   0.413361  0.00722634  0.00414781    0.345341
 0.00722634   0.0817179 -0.00258117 -0.00163078
 0.00414781 -0.00258117   0.0742619 -0.00974336
   0.345341 -0.00163078 -0.00974336    0.430659
IMAGINARY
          0  0.00293138  0.00309111 -0.00400824
-0.00293138           0   0.0050552 -0.00648044
-0.00309111  -0.0050552           0  0.00517354
 0.00400824  0.00648044 -0.00517354           0
source<--->HoM
REAL
    0.426719 -0.000553655   0.00215883     0.337313
-0.000553655    0.0560917  -0.00255659   -0.0039881
  0.00215883  -0.00255659    0.0591074  -0.00432439
    0.337313   -0.0039881  -0.00432439     0.458082
IMAGINARY
           0  -0.00761968  0.000350035    0.0104713
  0.00761968            0   0.00308953   0.00559174
-0.000350035  -0.00308953            0   0.00672842
  -0.0104713  -0.00559174  -0.00672842            0
target<--->HoM
REAL
    0.426719   0.00215883 -0.000553655     0.337313
  0.00215883    0.0591074  -0.00255659  -0.00432439
-0.000553655  -0.00255659    0.0560917   -0.0039881
    0.337313  -0.00432439   -0.0039881     0.458082
IMAGINARY
           0  0.000350035  -0.00761968    0.0104713
-0.000350035            0  -0.00308953   0.00672842
  0.00761968   0.00308953            0   0.00559174
  -0.0104713  -0.00672842  -0.00559174            0
source<--->HoM
REAL
  0.473684  0.0140165 0.00357255   0.443167
 0.0140165  0.0274725 0.00181887  0.0132461
0.00357255 0.00181887  0.0268942 0.00185896
  0.443167  0.0132461 0.00185896   0.471949
IMAGINARY
          0  0.00637597  0.00381251 -0.00579124
-0.00637597           0   0.0129739  0.00654641
-0.00381251  -0.0129739           0  -0.0146923
 0.00579124 -0.00654641   0.0146923           0
target<--->HoM
REAL
  0.473684 0.00357255  0.0140165   0.443167
0.00357255  0.0268942 0.00181887 0.00185896
 0.0140165 0.00181887  0.0274725  0.0132461
  0.443167 0.00185896  0.0132461   0.471949
IMAGINARY
          0  0.00381251  0.00637597 -0.00579124
-0.00381251           0  -0.0129739  -0.0146923
-0.00637597   0.0129739           0  0.00654641
 0.00579124   0.0146923 -0.00654641           0
source<--->HoM
REAL
  0.473684  0.0140165 0.00357255   0.443167
 0.0140165  0.0274725 0.00181887  0.0132461
0.00357255 0.00181887  0.0268942 0.00185896
  0.443167  0.0132461 0.00185896   0.471949
IMAGINARY
          0  0.00637597  0.00381251 -0.00579124
-0.00637597           0   0.0129739  0.00654641
-0.00381251  -0.0129739           0  -0.0146923
 0.00579124 -0.00654641   0.0146923           0
target<--->HoM
REAL
  0.473684 0.00357255  0.0140165   0.443167
0.00357255  0.0268942 0.00181887 0.00185896
 0.0140165 0.00181887  0.0274725  0.0132461
  0.443167 0.00185896  0.0132461   0.471949
IMAGINARY
          0  0.00381251  0.00637597 -0.00579124
-0.00381251           0  -0.0129739  -0.0146923
-0.00637597   0.0129739           0  0.00654641
 0.00579124   0.0146923 -0.00654641           0
source<--->HoM
REAL
    0.49571 -0.00723821 -0.00442619    0.321785
-0.00723821           0 0.000876865 4.41453e-05
-0.00442619 0.000876865           0 0.000262709
   0.321785 4.41453e-05 0.000262709     0.50429
IMAGINARY
           0    0.0010753    0.0014099 -0.000146905
  -0.0010753            0 -0.000954514   0.00425185
  -0.0014099  0.000954514            0  -0.00755233
 0.000146905  -0.00425185   0.00755233            0
target<--->HoM
REAL
    0.49571 -0.00442619 -0.00723821    0.321785
-0.00442619           0 0.000876865 0.000262709
-0.00723821 0.000876865           0 4.41453e-05
   0.321785 0.000262709 4.41453e-05     0.50429
IMAGINARY
           0    0.0014099    0.0010753 -0.000146905
  -0.0014099            0  0.000954514  -0.00755233
  -0.0010753 -0.000954514            0   0.00425185
 0.000146905   0.00755233  -0.00425185            0
source<--->HoM
REAL
    0.49571 -0.00723821 -0.00442619    0.321785
-0.00723821           0 0.000876865 4.41453e-05
-0.00442619 0.000876865           0 0.000262709
   0.321785 4.41453e-05 0.000262709     0.50429
IMAGINARY
           0    0.0010753    0.0014099 -0.000146905
  -0.0010753            0 -0.000954514   0.00425185
  -0.0014099  0.000954514            0  -0.00755233
 0.000146905  -0.00425185   0.00755233            0
target<--->HoM
REAL
    0.49571 -0.00442619 -0.00723821    0.321785
-0.00442619           0 0.000876865 0.000262709
-0.00723821 0.000876865           0 4.41453e-05
   0.321785 0.000262709 4.41453e-05     0.50429
IMAGINARY
           0    0.0014099    0.0010753 -0.000146905
  -0.0014099            0  0.000954514  -0.00755233
  -0.0010753 -0.000954514            0   0.00425185
 0.000146905   0.00755233  -0.00425185            0
