source<--->HoM
REAL
   0.381703   0.0199104     0.01381    0.376206
  0.0199104    0.132492    0.123794 0.000296535
    0.01381    0.123794    0.100946 -0.00580385
   0.376206 0.000296535 -0.00580385    0.384858
IMAGINARY
           0  0.000555151  -0.00385264    0.0222499
-0.000555151            0   0.00928162   0.00224492
  0.00385264  -0.00928162            0    0.0171297
  -0.0222499  -0.00224492   -0.0171297            0
target<--->HoM
REAL
   0.381703     0.01381   0.0199104    0.376206
    0.01381    0.100946    0.123794 -0.00580385
  0.0199104    0.123794    0.132492 0.000296535
   0.376206 -0.00580385 0.000296535    0.384858
IMAGINARY
           0  -0.00385264  0.000555151    0.0222499
  0.00385264            0  -0.00928162    0.0171297
-0.000555151   0.00928162            0   0.00224492
  -0.0222499   -0.0171297  -0.00224492            0
source<--->HoM
REAL
   0.318318 -0.00421587  -0.0224412    0.325879
-0.00421587    0.198198    0.174121  0.00659106
 -0.0224412    0.174121    0.162162  -0.0116343
   0.325879  0.00659106  -0.0116343    0.321321
IMAGINARY
          0  -0.0457571   0.0323137  -0.0403504
  0.0457571           0   0.0259147  0.00762237
 -0.0323137  -0.0259147           0  -0.0101534
  0.0403504 -0.00762237   0.0101534           0
target<--->HoM
REAL
   0.318318  -0.0224412 -0.00421587    0.325879
 -0.0224412    0.162162    0.174121  -0.0116343
-0.00421587    0.174121    0.198198  0.00659106
   0.325879  -0.0116343  0.00659106    0.321321
IMAGINARY
          0   0.0323137  -0.0457571  -0.0403504
 -0.0323137           0  -0.0259147  -0.0101534
  0.0457571   0.0259147           0  0.00762237
  0.0403504   0.0101534 -0.00762237           0
source<--->HoM
REAL
nan nan nan nan
nan nan nan nan
nan nan nan nan
nan nan nan nan
IMAGINARY
nan nan nan nan
nan nan nan nan
nan nan nan nan
nan nan nan nan
target<--->HoM
REAL
nan nan nan nan
nan nan nan nan
nan nan nan nan
nan nan nan nan
IMAGINARY
nan nan nan nan
nan nan nan nan
nan nan nan nan
nan nan nan nan
source<--->HoM
REAL
nan nan nan nan
nan nan nan nan
nan nan nan nan
nan nan nan nan
IMAGINARY
nan nan nan nan
nan nan nan nan
nan nan nan nan
nan nan nan nan
target<--->HoM
REAL
nan nan nan nan
nan nan nan nan
nan nan nan nan
nan nan nan nan
IMAGINARY
nan nan nan nan
nan nan nan nan
nan nan nan nan
nan nan nan nan
source<--->HoM
REAL
nan nan nan nan
nan nan nan nan
nan nan nan nan
nan nan nan nan
IMAGINARY
nan nan nan nan
nan nan nan nan
nan nan nan nan
nan nan nan nan
target<--->HoM
REAL
nan nan nan nan
nan nan nan nan
nan nan nan nan
nan nan nan nan
IMAGINARY
nan nan nan nan
nan nan nan nan
nan nan nan nan
nan nan nan nan
source<--->HoM
REAL
  0.515625  0.0118037  0.0145237        0.5
 0.0118037          0          0 0.00683612
 0.0145237          0          0 0.00955614
       0.5 0.00683612 0.00955614   0.484375
IMAGINARY
           0   0.00399538 -0.000724495  -0.00731934
 -0.00399538            0  -0.00498425  -0.00889686
 0.000724495   0.00498425            0   0.00562597
  0.00731934   0.00889686  -0.00562597            0
target<--->HoM
REAL
  0.515625  0.0145237  0.0118037        0.5
 0.0145237          0          0 0.00955614
 0.0118037          0          0 0.00683612
       0.5 0.00955614 0.00683612   0.484375
IMAGINARY
           0 -0.000724495   0.00399538  -0.00731934
 0.000724495            0   0.00498425   0.00562597
 -0.00399538  -0.00498425            0  -0.00889686
  0.00731934  -0.00562597   0.00889686            0
source<--->HoM
REAL
    0.409639  -0.00982173 -0.000295683     0.411036
 -0.00982173    0.0925654    0.0889636   0.00206978
-0.000295683    0.0889636    0.0910961    0.0115958
    0.411036   0.00206978    0.0115958       0.4067
IMAGINARY
           0  -0.00054806  0.000628919   0.00754978
  0.00054806            0  -0.00133309    0.0077783
-0.000628919   0.00133309            0   -0.0103049
 -0.00754978   -0.0077783    0.0103049            0
target<--->HoM
REAL
    0.409639 -0.000295683  -0.00982173     0.411036
-0.000295683    0.0910961    0.0889636    0.0115958
 -0.00982173    0.0889636    0.0925654   0.00206978
    0.411036    0.0115958   0.00206978       0.4067
IMAGINARY
           0  0.000628919  -0.00054806   0.00754978
-0.000628919            0   0.00133309   -0.0103049
  0.00054806  -0.00133309            0    0.0077783
 -0.00754978    0.0103049   -0.0077783            0
source<--->HoM
REAL
   0.404272 -0.00594148 -0.00442619    0.410454
-0.00594148   0.0914373   0.0895462 4.41453e-05
-0.00442619   0.0895462   0.0914373  0.00155944
   0.410454 4.41453e-05  0.00155944    0.412853
IMAGINARY
           0    0.0010753    0.0014099 -0.000146905
  -0.0010753            0 -0.000954514   0.00425185
  -0.0014099  0.000954514            0  -0.00755233
 0.000146905  -0.00425185   0.00755233            0
target<--->HoM
REAL
   0.404272 -0.00442619 -0.00594148    0.410454
-0.00442619   0.0914373   0.0895462  0.00155944
-0.00594148   0.0895462   0.0914373 4.41453e-05
   0.410454  0.00155944 4.41453e-05    0.412853
IMAGINARY
           0    0.0014099    0.0010753 -0.000146905
  -0.0014099            0  0.000954514  -0.00755233
  -0.0010753 -0.000954514            0   0.00425185
 0.000146905   0.00755233  -0.00425185            0
source<--->HoM
REAL
   0.404272 -0.00723821 -0.00442619    0.411331
-0.00723821   0.0914373  -0.0886693 4.41453e-05
-0.00442619  -0.0886693   0.0914373 0.000262709
   0.411331 4.41453e-05 0.000262709    0.412853
IMAGINARY
           0   0.00148294    0.0014099 -0.000146905
 -0.00148294            0 -0.000954514   0.00425185
  -0.0014099  0.000954514            0  -0.00714469
 0.000146905  -0.00425185   0.00714469            0
target<--->HoM
REAL
   0.404272 -0.00442619 -0.00723821    0.411331
-0.00442619   0.0914373  -0.0886693 0.000262709
-0.00723821  -0.0886693   0.0914373 4.41453e-05
   0.411331 0.000262709 4.41453e-05    0.412853
IMAGINARY
           0    0.0014099   0.00148294 -0.000146905
  -0.0014099            0  0.000954514  -0.00714469
 -0.00148294 -0.000954514            0   0.00425185
 0.000146905   0.00714469  -0.00425185            0
source<--->HoM
REAL
    0.49571 -0.00723821 -0.00442619    0.321785
-0.00723821           0 0.000876865 4.41453e-05
-0.00442619 0.000876865           0 0.000262709
   0.321785 4.41453e-05 0.000262709     0.50429
IMAGINARY
           0    0.0010753    0.0014099 -0.000146905
  -0.0010753            0 -0.000954514   0.00425185
  -0.0014099  0.000954514            0  -0.00755233
 0.000146905  -0.00425185   0.00755233            0
target<--->HoM
REAL
    0.49571 -0.00442619 -0.00723821    0.321785
-0.00442619           0 0.000876865 0.000262709
-0.00723821 0.000876865           0 4.41453e-05
   0.321785 0.000262709 4.41453e-05     0.50429
IMAGINARY
           0    0.0014099    0.0010753 -0.000146905
  -0.0014099            0  0.000954514  -0.00755233
  -0.0010753 -0.000954514            0   0.00425185
 0.000146905   0.00755233  -0.00425185            0
