repeater[0]<--->hom[0]
REAL
  0.441176  0.0208333 -0.0979167   0.133102
 0.0208333   0.147059 -0.0706019   -0.13125
-0.0979167 -0.0706019   0.147059  0.0208333
  0.133102   -0.13125  0.0208333   0.264706
IMAGINARY
           0   -0.0445445    0.0121528    0.0953742
   0.0445445            0  0.000779626    0.0434028
  -0.0121528 -0.000779626            0   -0.0850851
  -0.0953742   -0.0434028    0.0850851            0
repeater[0]<--->hom[1]
REAL
   0.269231   0.0692308 -0.00925926      0.0625
  0.0692308    0.192308      0.1375  0.00925926
-0.00925926      0.1375   0.0769231   0.0307692
     0.0625  0.00925926   0.0307692    0.461538
IMAGINARY
          0   0.0985294    -0.06875 -0.00310559
 -0.0985294           0    0.068323    -0.00625
    0.06875   -0.068323           0  -0.0485294
 0.00310559     0.00625   0.0485294           0
repeater[1]<--->hom[1]
REAL
  0.190476  0.0735931   0.107143  0.0647321
 0.0735931   0.142857 -0.0290179  0.0714286
  0.107143 -0.0290179   0.238095 -0.0021645
 0.0647321  0.0714286 -0.0021645   0.428571
IMAGINARY
         0  -0.117599  0.0920608  0.0407407
  0.117599          0 -0.0592593 -0.0295608
-0.0920608  0.0592593          0 -0.0386513
-0.0407407  0.0295608  0.0386513          0
repeater[1]<--->hom[2]
REAL
   0.408163   0.0372562 -0.00559927    0.136636
  0.0372562    0.122449  -0.0095176   0.0479722
-0.00559927  -0.0095176    0.142857  -0.0287816
   0.136636   0.0479722  -0.0287816    0.326531
IMAGINARY
          0   0.0104302  0.00105581  -0.0592992
 -0.0104302           0   0.0121294 -0.00874811
-0.00105581  -0.0121294           0  -0.0488918
  0.0592992  0.00874811   0.0488918           0
repeater[2]<--->hom[3]
REAL
   0.307692   0.0591398  -0.0669516 -0.00997151
  0.0591398    0.269231     0.02849    0.048433
 -0.0669516     0.02849    0.192308    0.107527
-0.00997151    0.048433    0.107527    0.230769
IMAGINARY
         0  0.0504808  0.0107692 -0.0772059
-0.0504808          0  0.0477941 -0.0492308
-0.0107692 -0.0477941          0 -0.0120192
 0.0772059  0.0492308  0.0120192          0
repeater[2]<--->hom[4]
REAL
  0.302632 -0.0380631  0.0432432  0.0444237
-0.0380631   0.197368  0.0501709 -0.0567568
 0.0432432  0.0501709  0.0526316  0.0786036
 0.0444237 -0.0567568  0.0786036   0.447368
IMAGINARY
          0 -0.00207273   0.0226293    0.067033
 0.00207273           0  0.00989011  -0.0398707
 -0.0226293 -0.00989011           0  -0.0266629
  -0.067033   0.0398707   0.0266629           0
repeater[3]<--->hom[4]
REAL
  0.333333  0.0183099 -0.0618545  0.0330506
 0.0183099  0.0512821  0.0444142  0.0548122
-0.0618545  0.0444142   0.192308 -0.0816901
 0.0330506  0.0548122 -0.0816901   0.423077
IMAGINARY
          0   0.0198864 -0.00475037    0.067033
 -0.0198864           0 -0.00989011  -0.0293405
 0.00475037  0.00989011           0  -0.0426136
  -0.067033   0.0293405   0.0426136           0
repeater[3]<--->hom[5]
REAL
  0.324675  -0.031736 -0.0598892   0.242378
 -0.031736   0.116883  0.0804065 -0.0223892
-0.0598892  0.0804065   0.168831  0.0254069
  0.242378 -0.0223892  0.0254069    0.38961
IMAGINARY
         0  0.0400235  -0.024052  0.0270244
-0.0400235          0  -0.046505  0.0451788
  0.024052   0.046505          0  0.0233568
-0.0270244 -0.0451788 -0.0233568          0
repeater[4]<--->hom[6]
REAL
     0.375 0.00956938 -0.0781145    0.10303
0.00956938   0.145833   0.069697  0.0144781
-0.0781145   0.069697   0.229167  0.0358852
   0.10303  0.0144781  0.0358852       0.25
IMAGINARY
          0 -0.00581395  -0.0611111   0.0428191
 0.00581395           0  -0.0321809   0.0611111
  0.0611111   0.0321809           0  0.00581395
 -0.0428191  -0.0611111 -0.00581395           0
repeater[4]<--->hom[7]
REAL
  0.196078    -0.0525  0.0918239  0.0784181
   -0.0525   0.196078 -0.0317514  -0.125157
 0.0918239 -0.0317514   0.215686     0.0725
 0.0784181  -0.125157     0.0725   0.392157
IMAGINARY
         0 -0.0480883 -0.0457307  0.0178253
 0.0480883          0  0.0276292   0.020307
 0.0457307 -0.0276292          0  0.0565629
-0.0178253  -0.020307 -0.0565629          0
repeater[5]<--->hom[7]
REAL
  0.196078  0.0918239    -0.0525  0.0784181
 0.0918239   0.215686 -0.0317514     0.0725
   -0.0525 -0.0317514   0.196078  -0.125157
 0.0784181     0.0725  -0.125157   0.392157
IMAGINARY
         0 -0.0457307 -0.0480883  0.0178253
 0.0457307          0 -0.0276292  0.0565629
 0.0480883  0.0276292          0   0.020307
-0.0178253 -0.0565629  -0.020307          0
repeater[5]<--->hom[8]
REAL
  0.293103 -0.0633383 -0.0280464   0.214514
-0.0633383   0.206897  0.0127592 -0.0174081
-0.0280464  0.0127592    0.12069   0.108793
  0.214514 -0.0174081   0.108793    0.37931
IMAGINARY
          0  -0.0519298    0.056212  -0.0669817
  0.0519298           0  0.00928944  0.00519155
  -0.056212 -0.00928944           0  0.00807018
  0.0669817 -0.00519155 -0.00807018           0
repeater[6]<--->hom[9]
REAL
   0.372881  -0.0549242  -0.0190374     0.25625
 -0.0549242    0.169492     0.05625 -0.00179598
 -0.0190374     0.05625    0.135593   0.0132576
    0.25625 -0.00179598   0.0132576    0.322034
IMAGINARY
          0   0.0656085  -0.0316159   0.0379944
 -0.0656085           0   0.0213277  -0.0398126
  0.0316159  -0.0213277           0 -0.00846561
 -0.0379944   0.0398126  0.00846561           0
repeater[6]<--->hom[10]
REAL
   0.372093   0.0472727  -0.0279933     0.11327
  0.0472727    0.186047 0.000366569  -0.0401885
 -0.0279933 0.000366569   0.0930233  -0.0927273
    0.11327  -0.0401885  -0.0927273    0.348837
IMAGINARY
          0   0.0599078   0.0212224  -0.0536398
 -0.0599078           0 -0.00191571 -0.00509338
 -0.0212224  0.00191571           0  -0.0115207
  0.0536398  0.00509338   0.0115207           0
repeater[7]<--->hom[10]
REAL
   0.372093  -0.0279933   0.0472727     0.11327
 -0.0279933   0.0930233 0.000366569  -0.0927273
  0.0472727 0.000366569    0.186047  -0.0401885
    0.11327  -0.0927273  -0.0401885    0.348837
IMAGINARY
          0   0.0212224   0.0599078  -0.0536398
 -0.0212224           0  0.00191571  -0.0115207
 -0.0599078 -0.00191571           0 -0.00509338
  0.0536398   0.0115207  0.00509338           0
repeater[7]<--->hom[11]
REAL
   0.33871  -0.126959 -0.0962854   0.254032
 -0.126959  0.0967742 0.00403226 -0.0811339
-0.0962854 0.00403226   0.241935  0.0301843
  0.254032 -0.0811339  0.0301843   0.322581
IMAGINARY
          0  -0.0212912  -0.0803571   0.0300945
  0.0212912           0  -0.0839406 -0.00892857
  0.0803571   0.0839406           0   0.0748626
 -0.0300945  0.00892857  -0.0748626           0
repeater[8]<--->hom[12]
REAL
  0.323077 -0.0307108  -0.015873   0.228517
-0.0307108   0.169231  -0.030104  0.0238095
 -0.015873  -0.030104        0.2 -0.0089717
  0.228517  0.0238095 -0.0089717   0.307692
IMAGINARY
         0  0.0271883  0.0431034      -0.03
-0.0271883          0      -0.03  0.0258621
-0.0431034       0.03          0  -0.165119
      0.03 -0.0258621   0.165119          0
repeater[8]<--->hom[13]
REAL
  0.339286 -0.0417512  0.0486337   0.177719
-0.0417512   0.232143 -0.0915119  0.0203318
 0.0486337 -0.0915119   0.160714 0.00726842
  0.177719  0.0203318 0.00726842   0.267857
IMAGINARY
         0 -0.0110089 -0.0653183   0.020342
 0.0110089          0   0.010908 -0.0308355
 0.0653183  -0.010908          0  0.0687012
 -0.020342  0.0308355 -0.0687012          0
repeater[9]<--->hom[13]
REAL
  0.339286  0.0486337 -0.0417512   0.177719
 0.0486337   0.160714 -0.0915119 0.00726842
-0.0417512 -0.0915119   0.232143  0.0203318
  0.177719 0.00726842  0.0203318   0.267857
IMAGINARY
         0 -0.0653183 -0.0110089   0.020342
 0.0653183          0  -0.010908  0.0687012
 0.0110089   0.010908          0 -0.0308355
 -0.020342 -0.0687012  0.0308355          0
repeater[9]<--->hom[14]
REAL
    0.295082   0.00324675  -0.00224618     0.199206
  0.00324675     0.180328 -0.000793651    0.0260557
 -0.00224618 -0.000793651     0.163934   -0.0270563
    0.199206    0.0260557   -0.0270563     0.360656
IMAGINARY
         0  0.0220588   0.020614 -0.0445392
-0.0220588          0  0.0524757   0.029386
 -0.020614 -0.0524757          0  -0.105392
 0.0445392  -0.029386   0.105392          0
repeater[10]<--->hom[15]
REAL
    0.40625    0.053877   0.0192577    0.170362
   0.053877    0.140625  -0.0527149 -0.00455182
  0.0192577  -0.0527149    0.140625 -0.00975936
   0.170362 -0.00455182 -0.00975936      0.3125
IMAGINARY
          0  -0.0623932   0.0152473  -0.0259091
  0.0623932           0   0.0940909  -0.0383242
 -0.0152473  -0.0940909           0 -0.00683761
  0.0259091   0.0383242  0.00683761           0
repeater[10]<--->hom[16]
REAL
  0.268293 -0.0586404 -0.0640344   0.141844
-0.0586404   0.121951 -0.0248227  0.0321195
-0.0640344 -0.0248227   0.243902  0.0267255
  0.141844  0.0321195  0.0267255   0.365854
IMAGINARY
         0  0.0111111 -0.0624738  -0.049776
-0.0111111          0  0.0599801  -0.015304
 0.0624738 -0.0599801          0 -0.0444444
  0.049776   0.015304  0.0444444          0
repeater[11]<--->hom[16]
REAL
  0.268293 -0.0640344 -0.0586404   0.141844
-0.0640344   0.243902 -0.0248227  0.0267255
-0.0586404 -0.0248227   0.121951  0.0321195
  0.141844  0.0267255  0.0321195   0.365854
IMAGINARY
         0 -0.0624738  0.0111111  -0.049776
 0.0624738          0 -0.0599801 -0.0444444
-0.0111111  0.0599801          0  -0.015304
  0.049776  0.0444444   0.015304          0
repeater[11]<--->hom[17]
REAL
  0.288136  0.0286885  -0.122845   0.229845
 0.0286885   0.152542  0.0115347 0.00215517
 -0.122845  0.0115347   0.135593 -0.0286885
  0.229845 0.00215517 -0.0286885   0.423729
IMAGINARY
         0  0.0380039 -0.0303068  0.0842173
-0.0380039          0 -0.0432337  0.0232646
 0.0303068  0.0432337          0 -0.0309616
-0.0842173 -0.0232646  0.0309616          0
repeater[12]<--->hom[18]
REAL
  0.421053  -0.138701 -0.0313927   0.236538
 -0.138701   0.175439  0.0134615 -0.0519406
-0.0313927  0.0134615   0.175439 0.00536723
  0.236538 -0.0519406 0.00536723    0.22807
IMAGINARY
          0  -0.0179971  -0.0715659 -0.00312989
  0.0179971           0  -0.0524257   0.0177198
  0.0715659   0.0524257           0   0.0103048
 0.00312989  -0.0177198  -0.0103048           0
repeater[12]<--->hom[19]
REAL
   0.204082  0.00454545   0.0144781    0.106452
 0.00454545    0.265306 -0.00645161  -0.0781145
  0.0144781 -0.00645161    0.102041  0.00454545
   0.106452  -0.0781145  0.00454545    0.428571
IMAGINARY
          0  -0.0273938  0.00806452  -0.0386681
  0.0273938           0   0.0123523  0.00806452
-0.00806452  -0.0123523           0   0.0757808
  0.0386681 -0.00806452  -0.0757808           0
repeater[13]<--->hom[19]
REAL
   0.204082   0.0144781  0.00454545    0.106452
  0.0144781    0.102041 -0.00645161  0.00454545
 0.00454545 -0.00645161    0.265306  -0.0781145
   0.106452  0.00454545  -0.0781145    0.428571
IMAGINARY
          0  0.00806452  -0.0273938  -0.0386681
-0.00806452           0  -0.0123523   0.0757808
  0.0273938   0.0123523           0  0.00806452
  0.0386681  -0.0757808 -0.00806452           0
repeater[13]<--->hom[20]
REAL
   0.366667 -0.00990462  -0.0850575     0.20936
-0.00990462    0.166667   0.0665025  -0.0183908
 -0.0850575   0.0665025         0.1  -0.0418195
    0.20936  -0.0183908  -0.0418195    0.366667
IMAGINARY
          0  -0.0579574  -0.0037594 -0.00454545
  0.0579574           0  0.00454545    0.075188
  0.0037594 -0.00454545           0  -0.0491855
 0.00454545   -0.075188   0.0491855           0
repeater[14]<--->hom[21]
REAL
  0.326923   0.110119 -0.0421769   0.119149
  0.110119   0.115385 -0.0191489 0.00884354
-0.0421769 -0.0191489       0.25  0.0565476
  0.119149 0.00884354  0.0565476   0.307692
IMAGINARY
           0    0.0102211   0.00762746    0.0927198
  -0.0102211            0  -0.00343407   -0.0395424
 -0.00762746   0.00343407            0  0.000417188
  -0.0927198    0.0395424 -0.000417188            0
repeater[14]<--->hom[22]
REAL
  0.322581  0.0293832 -0.0125658   0.242351
 0.0293832    0.16129 -0.0182127  0.0298071
-0.0125658 -0.0182127   0.193548  0.0223409
  0.242351  0.0298071  0.0223409   0.322581
IMAGINARY
         0  0.0450461 -0.0262484 -0.0103359
-0.0450461          0 -0.0452196  0.0192061
 0.0262484  0.0452196          0 -0.0239194
 0.0103359 -0.0192061  0.0239194          0
repeater[15]<--->hom[22]
REAL
  0.322581 -0.0125658  0.0293832   0.242351
-0.0125658   0.193548 -0.0182127  0.0223409
 0.0293832 -0.0182127    0.16129  0.0298071
  0.242351  0.0223409  0.0298071   0.322581
IMAGINARY
         0 -0.0262484  0.0450461 -0.0103359
 0.0262484          0  0.0452196 -0.0239194
-0.0450461 -0.0452196          0  0.0192061
 0.0103359  0.0239194 -0.0192061          0
repeater[15]<--->hom[23]
REAL
  0.171429 -0.0105988 -0.0183007   0.218795
-0.0105988   0.228571 -0.0129125   0.126144
-0.0183007 -0.0129125   0.285714    0.13805
  0.218795   0.126144    0.13805   0.314286
IMAGINARY
         0 -0.0767841   0.014384  0.0722973
 0.0767841          0 -0.0222973 -0.0753596
 -0.014384  0.0222973          0  0.0158085
-0.0722973  0.0753596 -0.0158085          0
repeater[16]<--->hom[24]
REAL
   0.339286   0.0133377   0.0931389   0.0948946
  0.0133377    0.160714   0.0654828   0.0295026
  0.0931389   0.0654828       0.125 -0.00390371
  0.0948946   0.0295026 -0.00390371       0.375
IMAGINARY
          0   0.0186435 -0.00665266  0.00900488
 -0.0186435           0  -0.0486874  -0.0423669
 0.00665266   0.0486874           0    0.108807
-0.00900488   0.0423669   -0.108807           0
repeater[16]<--->hom[25]
REAL
  0.362069 -0.0148148  0.0503226   0.207347
-0.0148148    0.12069 -0.0273469 -0.0303226
 0.0503226 -0.0273469  0.0689655   0.114815
  0.207347 -0.0303226   0.114815   0.448276
IMAGINARY
         0 -0.0181406  0.0918367  0.0477757
 0.0181406          0   0.101347  0.0204082
-0.0918367  -0.101347          0 -0.0736961
-0.0477757 -0.0204082  0.0736961          0
repeater[17]<--->hom[25]
REAL
  0.362069  0.0503226 -0.0148148   0.207347
 0.0503226  0.0689655 -0.0273469   0.114815
-0.0148148 -0.0273469    0.12069 -0.0303226
  0.207347   0.114815 -0.0303226   0.448276
IMAGINARY
         0  0.0918367 -0.0181406  0.0477757
-0.0918367          0  -0.101347 -0.0736961
 0.0181406   0.101347          0  0.0204082
-0.0477757  0.0736961 -0.0204082          0
repeater[17]<--->hom[26]
REAL
   0.492308   0.0507473   0.0331284    0.253867
  0.0507473    0.138462  -0.0489494 -0.00853825
  0.0331284  -0.0489494    0.107692   0.0066297
   0.253867 -0.00853825   0.0066297    0.261538
IMAGINARY
         0  -0.119901  0.0713354   0.027284
  0.119901          0  0.0150889  0.0342984
-0.0713354 -0.0150889          0  0.0424364
 -0.027284 -0.0342984 -0.0424364          0
repeater[18]<--->hom[27]
REAL
    0.394366 -0.000433877    0.0447761      0.26306
-0.000433877     0.140845    0.0130597   -0.0970149
   0.0447761    0.0130597     0.126761    0.0228219
     0.26306   -0.0970149    0.0228219     0.338028
IMAGINARY
          0   0.0368421   0.0527778   0.0228684
 -0.0368421           0   -0.042349 -0.00277778
 -0.0527778    0.042349           0   0.0631579
 -0.0228684  0.00277778  -0.0631579           0
repeater[18]<--->hom[28]
REAL
   0.308824   0.0918585  0.00333333    0.191877
  0.0918585   0.0882353   0.0728291 -0.00333333
 0.00333333   0.0728291    0.161765   0.0846121
   0.191877 -0.00333333   0.0846121    0.441176
IMAGINARY
          0   0.0178571  -0.0456349  -0.0698413
 -0.0178571           0   0.0301587  0.00992063
  0.0456349  -0.0301587           0   0.0178571
  0.0698413 -0.00992063  -0.0178571           0
repeater[19]<--->hom[28]
REAL
       0.3 -0.0312821  0.0613155   0.182805
-0.0312821   0.157143  0.0710407  0.0540691
 0.0613155  0.0710407  0.0857143 -0.0379487
  0.182805  0.0540691 -0.0379487   0.457143
IMAGINARY
         0 -0.0366013  0.0264706 -0.0698413
 0.0366013          0 -0.0301587  0.0264706
-0.0264706  0.0301587          0  0.0189542
 0.0698413 -0.0264706 -0.0189542          0
repeater[19]<--->hom[29]
REAL
       0.325    0.0356855 -0.000860215     0.248017
   0.0356855       0.1625  -0.00608144   -0.0475269
-0.000860215  -0.00608144          0.1   -0.0518145
    0.248017   -0.0475269   -0.0518145       0.4125
IMAGINARY
          0   0.0251224   0.0505167  -0.0362654
 -0.0251224           0 -0.00540123   0.0396472
 -0.0505167  0.00540123           0  -0.0333191
  0.0362654  -0.0396472   0.0333191           0
repeater[20]<--->hom[30]
REAL
      0.36 -0.0406593   -0.06083   0.172436
-0.0406593  0.0933333 -0.0108974  0.0839069
  -0.06083 -0.0108974   0.146667  0.0021978
  0.172436  0.0839069  0.0021978        0.4
IMAGINARY
          0   0.0566667  -0.0640351   0.0471933
 -0.0566667           0 -0.00665281   0.0807018
  0.0640351  0.00665281           0        0.01
 -0.0471933  -0.0807018       -0.01           0
repeater[20]<--->hom[31]
REAL
   0.302326 -0.00588235   0.0236185    0.190918
-0.00588235    0.162791  -0.0634675   0.0842246
  0.0236185  -0.0634675    0.139535   0.0941176
   0.190918   0.0842246   0.0941176    0.395349
IMAGINARY
          0   0.0245215   0.0844298  -0.0576441
 -0.0245215           0   0.0137845  -0.0405702
 -0.0844298  -0.0137845           0  0.00179426
  0.0576441   0.0405702 -0.00179426           0
repeater[21]<--->hom[31]
REAL
   0.302326   0.0236185 -0.00588235    0.190918
  0.0236185    0.139535  -0.0634675   0.0941176
-0.00588235  -0.0634675    0.162791   0.0842246
   0.190918   0.0941176   0.0842246    0.395349
IMAGINARY
          0   0.0844298   0.0245215  -0.0576441
 -0.0844298           0  -0.0137845  0.00179426
 -0.0245215   0.0137845           0  -0.0405702
  0.0576441 -0.00179426   0.0405702           0
repeater[21]<--->hom[32]
REAL
   0.309091  0.00352113   0.0269231    0.207707
 0.00352113    0.145455  -0.0291353  -0.0269231
  0.0269231  -0.0291353   0.0727273 -0.00352113
   0.207707  -0.0269231 -0.00352113    0.472727
IMAGINARY
          0   0.0171451   0.0526316   0.0344828
 -0.0171451           0  -0.0689655 -0.00877193
 -0.0526316   0.0689655           0  -0.0434609
 -0.0344828  0.00877193   0.0434609           0
repeater[22]<--->hom[33]
REAL
  0.444444  0.0835821  0.0184372   0.172905
 0.0835821   0.142857  0.0882893 -0.0109745
 0.0184372  0.0882893  0.0793651 -0.0164179
  0.172905 -0.0109745 -0.0164179   0.333333
IMAGINARY
         0 -0.0392573  0.0106101  0.0948718
 0.0392573          0 -0.0717949  0.0278515
-0.0106101  0.0717949          0  0.0469496
-0.0948718 -0.0278515 -0.0469496          0
repeater[22]<--->hom[34]
REAL
  0.291667 -0.0651042  0.0323661  0.0891827
-0.0651042  0.0972222 0.00456731  -0.110491
 0.0323661 0.00456731   0.180556  0.0182292
 0.0891827  -0.110491  0.0182292   0.430556
IMAGINARY
         0 -0.0166456 -0.0576923  0.0286885
 0.0166456          0 -0.0286885 -0.0576923
 0.0576923  0.0286885          0   0.024338
-0.0286885  0.0576923  -0.024338          0
repeater[23]<--->hom[34]
REAL
  0.291667  0.0323661 -0.0651042  0.0891827
 0.0323661   0.180556 0.00456731  0.0182292
-0.0651042 0.00456731  0.0972222  -0.110491
 0.0891827  0.0182292  -0.110491   0.430556
IMAGINARY
         0 -0.0576923 -0.0166456  0.0286885
 0.0576923          0  0.0286885   0.024338
 0.0166456 -0.0286885          0 -0.0576923
-0.0286885  -0.024338  0.0576923          0
repeater[23]<--->hom[35]
REAL
   0.21875  0.0150659 -0.0269841   0.299603
 0.0150659      0.125 -0.0218254  0.0507937
-0.0269841 -0.0218254       0.25  0.0404896
  0.299603  0.0507937  0.0404896    0.40625
IMAGINARY
          0   0.0446429  -0.0147425  -0.0152625
 -0.0446429           0    0.023199 -0.00311462
  0.0147425   -0.023199           0  -0.0267857
  0.0152625  0.00311462   0.0267857           0
repeater[24]<--->hom[36]
REAL
   0.301587 -0.00719697     0.03125    0.250548
-0.00719697    0.174603  -0.0213816  -0.0520833
    0.03125  -0.0213816    0.111111  -0.0344697
   0.250548  -0.0520833  -0.0344697    0.412698
IMAGINARY
          0   0.0263158  -0.0209704   0.0327483
 -0.0263158           0  0.00149829 -0.00534539
  0.0209704 -0.00149829           0  -0.0877193
 -0.0327483  0.00534539   0.0877193           0
repeater[24]<--->hom[37]
REAL
   0.382353   0.0264516   0.0664516    0.187826
  0.0264516    0.132353 -0.00782609  -0.0464516
  0.0664516 -0.00782609    0.117647  -0.0864516
   0.187826  -0.0464516  -0.0864516    0.367647
IMAGINARY
         0  0.0598592 -0.0112797 -0.0441645
-0.0598592          0  0.0096817   0.054758
 0.0112797 -0.0096817          0 -0.0598592
 0.0441645  -0.054758  0.0598592          0
repeater[25]<--->hom[37]
REAL
   0.382353   0.0664516   0.0264516    0.187826
  0.0664516    0.117647 -0.00782609  -0.0864516
  0.0264516 -0.00782609    0.132353  -0.0464516
   0.187826  -0.0864516  -0.0464516    0.367647
IMAGINARY
         0 -0.0112797  0.0598592 -0.0441645
 0.0112797          0 -0.0096817 -0.0598592
-0.0598592  0.0096817          0   0.054758
 0.0441645  0.0598592  -0.054758          0
repeater[25]<--->hom[38]
REAL
       0.4 -0.0179817  0.0928094   0.271304
-0.0179817     0.1375  0.0113043  0.0158863
 0.0928094  0.0113043      0.125  0.0252281
  0.271304  0.0158863  0.0252281     0.3375
IMAGINARY
          0   0.0254726  -0.0298413  -0.0212491
 -0.0254726           0  0.00905395  0.00984127
  0.0298413 -0.00905395           0   0.0478607
  0.0212491 -0.00984127  -0.0478607           0
repeater[26]<--->hom[39]
REAL
  0.287671 -0.0992063   0.002442   0.213868
-0.0992063   0.178082  -0.110693 -0.0103785
  0.002442  -0.110693   0.178082  0.0436508
  0.213868 -0.0103785  0.0436508   0.356164
IMAGINARY
          0   -0.075188   0.0636672 -0.00702576
   0.075188           0  -0.0644028   0.0152801
 -0.0636672   0.0644028           0  -0.0037594
 0.00702576  -0.0152801   0.0037594           0
repeater[26]<--->hom[40]
REAL
  0.291667 -0.0166667   -0.03026  0.0395299
-0.0166667   0.166667 -0.0950855   0.108038
  -0.03026 -0.0950855   0.166667 -0.0166667
 0.0395299   0.108038 -0.0166667      0.375
IMAGINARY
          0   0.0620464   0.0262821  -0.0929878
 -0.0620464           0   0.0320122 -0.00705128
 -0.0262821  -0.0320122           0   0.0148766
  0.0929878  0.00705128  -0.0148766           0
repeater[27]<--->hom[40]
REAL
  0.291667   -0.03026 -0.0166667  0.0395299
  -0.03026   0.166667 -0.0950855 -0.0166667
-0.0166667 -0.0950855   0.166667   0.108038
 0.0395299 -0.0166667   0.108038      0.375
IMAGINARY
          0   0.0262821   0.0620464  -0.0929878
 -0.0262821           0  -0.0320122   0.0148766
 -0.0620464   0.0320122           0 -0.00705128
  0.0929878  -0.0148766  0.00705128           0
repeater[27]<--->hom[41]
REAL
   0.340909  -0.0137255  -0.0508256    0.307621
 -0.0137255    0.227273 -0.00369959  0.00180599
 -0.0508256 -0.00369959   0.0909091   -0.113725
   0.307621  0.00180599   -0.113725    0.340909
IMAGINARY
         0 -0.0430189  0.0141509  0.0213249
 0.0430189          0  0.0476407  0.0141509
-0.0141509 -0.0476407          0 -0.0230189
-0.0213249 -0.0141509  0.0230189          0
repeater[28]<--->hom[42]
REAL
    0.275 0.0443459 0.0182927  0.211382
0.0443459     0.125 0.0447154 0.0182927
0.0182927 0.0447154     0.075 0.0898004
 0.211382 0.0182927 0.0898004     0.525
IMAGINARY
          0   0.0155303  -0.0805617  -0.0134615
 -0.0155303           0  -0.0634615  0.00480414
  0.0805617   0.0634615           0   0.0905303
  0.0134615 -0.00480414  -0.0905303           0
repeater[28]<--->hom[43]
REAL
      0.28  0.0172575 -0.0817308   0.203598
 0.0172575       0.14  0.0672348 -0.0432692
-0.0817308  0.0672348       0.16 -0.0797575
  0.203598 -0.0432692 -0.0797575       0.42
IMAGINARY
         0 -0.0594276  0.0374844  0.0766201
 0.0594276          0  0.0152166  0.0443337
-0.0374844 -0.0152166          0 -0.0223906
-0.0766201 -0.0443337  0.0223906          0
repeater[29]<--->hom[43]
REAL
      0.28 -0.0817308  0.0172575   0.203598
-0.0817308       0.16  0.0672348 -0.0797575
 0.0172575  0.0672348       0.14 -0.0432692
  0.203598 -0.0797575 -0.0432692       0.42
IMAGINARY
         0  0.0374844 -0.0594276  0.0766201
-0.0374844          0 -0.0152166 -0.0223906
 0.0594276  0.0152166          0  0.0443337
-0.0766201  0.0223906 -0.0443337          0
repeater[29]<--->hom[44]
REAL
    0.389831     0.020939   -0.0193939     0.260597
    0.020939     0.118644 -0.000597015    0.0260606
  -0.0193939 -0.000597015     0.118644   -0.0142723
    0.260597    0.0260606   -0.0142723     0.372881
IMAGINARY
          0  -0.0274278  0.00899612  -0.0330669
  0.0274278           0   0.0253746   0.0432427
-0.00899612  -0.0253746           0  0.00503974
  0.0330669  -0.0432427 -0.00503974           0
repeater[30]<--->hom[45]
REAL
  0.393443 0.00475146  0.0390625   0.231001
0.00475146   0.196721  0.0328878 -0.0390625
 0.0390625  0.0328878  0.0655738 -0.0741959
  0.231001 -0.0390625 -0.0741959   0.344262
IMAGINARY
          0  -0.0410834   0.0617074  -0.0214518
  0.0410834           0  -0.0137595  0.00433034
 -0.0617074   0.0137595           0  -0.0249544
  0.0214518 -0.00433034   0.0249544           0
repeater[30]<--->hom[46]
REAL
 0.311111 0.0434234 0.0262687  0.259375
0.0434234  0.111111  0.040625 0.0337313
0.0262687  0.040625  0.155556 0.0299099
 0.259375 0.0337313 0.0299099  0.422222
IMAGINARY
         0 -0.0176056  0.0823413  0.0607912
 0.0176056          0 -0.0166736  0.0426587
-0.0823413  0.0166736          0  0.0176056
-0.0607912 -0.0426587 -0.0176056          0
repeater[31]<--->hom[46]
REAL
 0.311111 0.0262687 0.0434234  0.259375
0.0262687  0.155556  0.040625 0.0299099
0.0434234  0.040625  0.111111 0.0337313
 0.259375 0.0299099 0.0337313  0.422222
IMAGINARY
         0  0.0823413 -0.0176056  0.0607912
-0.0823413          0  0.0166736  0.0176056
 0.0176056 -0.0166736          0  0.0426587
-0.0607912 -0.0176056 -0.0426587          0
repeater[31]<--->hom[47]
REAL
   0.376623 -0.00843023   0.0376429     0.25269
-0.00843023    0.142857 -0.00850399  -0.0725266
  0.0376429 -0.00850399   0.0649351   0.0665698
    0.25269  -0.0725266   0.0665698    0.415584
IMAGINARY
           0 -0.000236911   -0.0362624  -0.00249599
 0.000236911            0   -0.0467998  -0.00105108
   0.0362624    0.0467998            0    0.0076996
  0.00249599   0.00105108   -0.0076996            0
repeater[32]<--->hom[48]
REAL
   0.43662 -0.0329944   0.034359   0.245822
-0.0329944   0.112676  0.0275117 -0.0810256
  0.034359  0.0275117   0.112676  0.0263277
  0.245822 -0.0810256  0.0263277   0.338028
IMAGINARY
          0  -0.0432286 -0.00402414  0.00918964
  0.0432286           0  -0.0171261   0.0674044
 0.00402414   0.0171261           0  -0.0201517
-0.00918964  -0.0674044   0.0201517           0
repeater[32]<--->hom[49]
REAL
     0.375 -0.0444517   0.111618   0.256232
-0.0444517  0.0535714 -0.0171014 -0.0174147
  0.111618 -0.0171014   0.142857  0.0227125
  0.256232 -0.0174147  0.0227125   0.428571
IMAGINARY
         0 -0.0330055 -0.0365079 -0.0152804
 0.0330055          0 -0.0058464  0.0031746
 0.0365079  0.0058464          0   0.106339
 0.0152804 -0.0031746  -0.106339          0
repeater[33]<--->hom[49]
REAL
     0.375   0.111618 -0.0444517   0.256232
  0.111618   0.142857 -0.0171014  0.0227125
-0.0444517 -0.0171014  0.0535714 -0.0174147
  0.256232  0.0227125 -0.0174147   0.428571
IMAGINARY
         0 -0.0365079 -0.0330055 -0.0152804
 0.0365079          0  0.0058464   0.106339
 0.0330055 -0.0058464          0  0.0031746
 0.0152804  -0.106339 -0.0031746          0
repeater[33]<--->hom[50]
REAL
   0.411765  -0.0125652  -0.0860784    0.190183
 -0.0125652    0.117647 0.000993641   0.0272549
 -0.0860784 0.000993641    0.132353  -0.0315525
   0.190183   0.0272549  -0.0315525    0.338235
IMAGINARY
          0  -0.0135135   0.0426342   -0.104348
  0.0135135           0  0.00434783    0.106014
 -0.0426342 -0.00434783           0  -0.0135135
   0.104348   -0.106014   0.0135135           0
repeater[34]<--->hom[51]
REAL
  0.373333  0.0844298  -0.025776   0.178463
 0.0844298   0.186667   0.023291 -0.0180837
 -0.025776   0.023291   0.106667 -0.0405702
  0.178463 -0.0180837 -0.0405702   0.333333
IMAGINARY
          0  0.00407524    0.074227  -0.0417631
-0.00407524           0  -0.0261381  -0.0454913
  -0.074227   0.0261381           0   0.0131661
  0.0417631   0.0454913  -0.0131661           0
repeater[34]<--->hom[52]
REAL
      0.25   0.085669  0.0152363   0.173381
  0.085669   0.223684  0.0971103 0.00935391
 0.0152363  0.0971103   0.210526  0.0372819
  0.173381 0.00935391  0.0372819   0.315789
IMAGINARY
         0 -0.0993331  0.0194789   0.110269
 0.0993331          0 -0.0193603  0.0567923
-0.0194789  0.0193603          0  0.0400111
 -0.110269 -0.0567923 -0.0400111          0
repeater[35]<--->hom[52]
REAL
      0.25  0.0152363   0.085669   0.173381
 0.0152363   0.210526  0.0971103  0.0372819
  0.085669  0.0971103   0.223684 0.00935391
  0.173381  0.0372819 0.00935391   0.315789
IMAGINARY
         0  0.0194789 -0.0993331   0.110269
-0.0194789          0  0.0193603  0.0400111
 0.0993331 -0.0193603          0  0.0567923
 -0.110269 -0.0400111 -0.0567923          0
repeater[35]<--->hom[53]
REAL
  0.378049 -0.0805865 -0.0136986   0.197188
-0.0805865   0.158537 -0.0396539  0.0616438
-0.0136986 -0.0396539   0.121951  0.0600385
  0.197188  0.0616438  0.0600385   0.341463
IMAGINARY
          0  -0.0404272       -0.05  -0.0652722
  0.0404272           0 -0.00189195        0.05
       0.05  0.00189195           0  -0.0911518
  0.0652722       -0.05   0.0911518           0
repeater[36]<--->hom[54]
REAL
   0.387755  0.00261552 -0.00518018    0.190334
 0.00261552    0.122449   0.0123683  -0.0218468
-0.00518018   0.0123683    0.102041  -0.0296425
   0.190334  -0.0218468  -0.0296425    0.387755
IMAGINARY
          0   0.0621082  0.00423729   0.0369463
 -0.0621082           0   0.0862421  0.00423729
-0.00423729  -0.0862421           0    0.014163
 -0.0369463 -0.00423729   -0.014163           0
repeater[36]<--->hom[55]
REAL
   0.353846  -0.0350011 -0.00338153    0.271006
 -0.0350011    0.153846  -0.0993643  -0.0190065
-0.00338153  -0.0993643    0.107692   0.0424637
   0.271006  -0.0190065   0.0424637    0.384615
IMAGINARY
          0  -0.0636005 -0.00670498  0.00336538
  0.0636005           0   0.0658654   0.0622605
 0.00670498  -0.0658654           0   0.0265634
-0.00336538  -0.0622605  -0.0265634           0
repeater[37]<--->hom[55]
REAL
   0.353846 -0.00338153  -0.0350011    0.271006
-0.00338153    0.107692  -0.0993643   0.0424637
 -0.0350011  -0.0993643    0.153846  -0.0190065
   0.271006   0.0424637  -0.0190065    0.384615
IMAGINARY
          0 -0.00670498  -0.0636005  0.00336538
 0.00670498           0  -0.0658654   0.0265634
  0.0636005   0.0658654           0   0.0622605
-0.00336538  -0.0265634  -0.0622605           0
repeater[37]<--->hom[56]
REAL
   0.384615  0.00438596  -0.0205309    0.220588
 0.00438596    0.153846  -0.0294118  -0.0529985
 -0.0205309  -0.0294118    0.102564 -0.00438596
   0.220588  -0.0529985 -0.00438596    0.358974
IMAGINARY
         0  0.0243566 -0.0581597  -0.020011
-0.0243566          0  0.0720943  0.0112847
 0.0581597 -0.0720943          0  0.0537684
  0.020011 -0.0112847 -0.0537684          0
repeater[38]<--->hom[57]
REAL
   0.295775 -0.00386847    0.028971    0.136181
-0.00386847    0.140845  -0.0257911 -0.00949051
   0.028971  -0.0257911    0.253521    0.049323
   0.136181 -0.00949051    0.049323    0.309859
IMAGINARY
         0 -0.0251509  0.0115081  0.0388889
 0.0251509          0  0.0111111  0.0237032
-0.0115081 -0.0111111          0  0.0462777
-0.0388889 -0.0237032 -0.0462777          0
repeater[38]<--->hom[58]
REAL
  0.263889 -0.0760382 -0.0016835   0.147587
-0.0760382   0.263889 -0.0796857  -0.016835
-0.0016835 -0.0796857   0.236111   0.045174
  0.147587  -0.016835   0.045174   0.236111
IMAGINARY
          0  -0.0439267  0.00140693   0.0586885
  0.0439267           0 -0.00131148   0.0180736
-0.00140693  0.00131148           0  -0.0145149
 -0.0586885  -0.0180736   0.0145149           0
repeater[39]<--->hom[58]
REAL
  0.263889 -0.0016835 -0.0760382   0.147587
-0.0016835   0.236111 -0.0796857   0.045174
-0.0760382 -0.0796857   0.263889  -0.016835
  0.147587   0.045174  -0.016835   0.236111
IMAGINARY
          0  0.00140693  -0.0439267   0.0586885
-0.00140693           0  0.00131148  -0.0145149
  0.0439267 -0.00131148           0   0.0180736
 -0.0586885   0.0145149  -0.0180736           0
repeater[39]<--->hom[59]
REAL
  0.403509 -0.0036216  0.0281863   0.211621
-0.0036216  0.0701754  0.0530846 -0.0134804
 0.0281863  0.0530846   0.105263 -0.0110843
  0.211621 -0.0134804 -0.0110843   0.421053
IMAGINARY
         0  0.0019992 -0.0304878  0.0875391
-0.0019992          0  0.0180947 -0.0304878
 0.0304878 -0.0180947          0  0.0101959
-0.0875391  0.0304878 -0.0101959          0
repeater[40]<--->hom[60]
REAL
        0.4   0.0232752  -0.0211864    0.228692
  0.0232752    0.114286 0.000121065  -0.0211864
 -0.0211864 0.000121065         0.1  0.00214848
   0.228692  -0.0211864  0.00214848    0.385714
IMAGINARY
          0   0.0214286  -0.0352159  -0.0607398
 -0.0214286           0  0.00336276  -0.0933555
  0.0352159 -0.00336276           0  0.00714286
  0.0607398   0.0933555 -0.00714286           0
repeater[40]<--->hom[61]
REAL
    0.358209   -0.0343647   -0.0773399     0.258098
  -0.0343647     0.179104  0.000522466   0.00837438
  -0.0773399  0.000522466     0.134328 -0.000118092
    0.258098   0.00837438 -0.000118092     0.328358
IMAGINARY
          0  -0.0332675   0.0043153  -0.0270797
  0.0332675           0 -0.00165595   0.0865938
 -0.0043153  0.00165595           0  0.00296443
  0.0270797  -0.0865938 -0.00296443           0
repeater[41]<--->hom[61]
REAL
    0.358209   -0.0773399   -0.0343647     0.258098
  -0.0773399     0.134328  0.000522466 -0.000118092
  -0.0343647  0.000522466     0.179104   0.00837438
    0.258098 -0.000118092   0.00837438     0.328358
IMAGINARY
          0   0.0043153  -0.0332675  -0.0270797
 -0.0043153           0  0.00165595  0.00296443
  0.0332675 -0.00165595           0   0.0865938
  0.0270797 -0.00296443  -0.0865938           0
repeater[41]<--->hom[62]
REAL
      0.32 -0.0345345 -0.0138889    0.24409
-0.0345345   0.186667 -0.0218676 -0.0138889
-0.0138889 -0.0218676  0.0933333  -0.021021
   0.24409 -0.0138889  -0.021021        0.4
IMAGINARY
         0   0.121676   0.035807 -0.0165989
 -0.121676          0 -0.0443767 -0.0251687
 -0.035807  0.0443767          0  0.0591755
 0.0165989  0.0251687 -0.0591755          0
repeater[42]<--->hom[63]
REAL
  0.333333  0.0511364 -0.0879274   0.166667
 0.0511364   0.157895 -0.0833333 -0.0648504
-0.0879274 -0.0833333   0.157895 -0.0094697
  0.166667 -0.0648504 -0.0094697   0.350877
IMAGINARY
         0 -0.0347222  0.0366055 -0.0806826
 0.0347222          0   0.046436 -0.0227166
-0.0366055  -0.046436          0 -0.0347222
 0.0806826  0.0227166  0.0347222          0
repeater[42]<--->hom[64]
REAL
    0.369863 -0.000992063 -0.000251509     0.120536
-0.000992063     0.178082   -0.0669643   -0.0354628
-0.000251509   -0.0669643     0.150685    0.0545635
    0.120536   -0.0354628    0.0545635      0.30137
IMAGINARY
          0   0.0328125   0.0278253  -0.0368364
 -0.0328125           0  0.00162514   0.0346747
 -0.0278253 -0.00162514           0   -0.107812
  0.0368364  -0.0346747    0.107812           0
repeater[43]<--->hom[64]
REAL
    0.369863 -0.000251509 -0.000992063     0.120536
-0.000251509     0.150685   -0.0669643    0.0545635
-0.000992063   -0.0669643     0.178082   -0.0354628
    0.120536    0.0545635   -0.0354628      0.30137
IMAGINARY
          0   0.0278253   0.0328125  -0.0368364
 -0.0278253           0 -0.00162514   -0.107812
 -0.0328125  0.00162514           0   0.0346747
  0.0368364    0.107812  -0.0346747           0
repeater[43]<--->hom[65]
REAL
  0.320513  0.0620666 -0.0427226   0.257078
 0.0620666   0.179487  0.0237443 -0.0052226
-0.0427226  0.0237443   0.141026 -0.0552173
  0.257078 -0.0052226 -0.0552173   0.358974
IMAGINARY
           0   -0.0519444   -0.0130864   0.00868524
   0.0519444            0  0.000748727  -0.00691358
   0.0130864 -0.000748727            0    0.0452778
 -0.00868524   0.00691358   -0.0452778            0
repeater[44]<--->hom[66]
REAL
  0.359375  0.0263678 -0.0309145   0.189996
 0.0263678    0.09375 -0.0413473   0.044428
-0.0309145 -0.0413473      0.125  0.0141727
  0.189996   0.044428  0.0141727   0.421875
IMAGINARY
           0    0.0227325   -0.0363934  -0.00505051
  -0.0227325            0    0.0505051   -0.0158454
   0.0363934   -0.0505051            0 -0.000344432
  0.00505051    0.0158454  0.000344432            0
repeater[44]<--->hom[67]
REAL
   0.213333   0.0119565   0.0828157    0.196217
  0.0119565         0.2  -0.0440429   0.0113872
  0.0828157  -0.0440429    0.186667 -0.00471014
   0.196217   0.0113872 -0.00471014         0.4
IMAGINARY
          0  0.00865801   -0.038961  -0.0294202
-0.00865801           0  -0.0667336   0.0194805
   0.038961   0.0667336           0  -0.0151515
  0.0294202  -0.0194805   0.0151515           0
repeater[45]<--->hom[67]
REAL
   0.213333   0.0828157   0.0119565    0.196217
  0.0828157    0.186667  -0.0440429 -0.00471014
  0.0119565  -0.0440429         0.2   0.0113872
   0.196217 -0.00471014   0.0113872         0.4
IMAGINARY
          0   -0.038961  0.00865801  -0.0294202
   0.038961           0   0.0667336  -0.0151515
-0.00865801  -0.0667336           0   0.0194805
  0.0294202   0.0151515  -0.0194805           0
repeater[45]<--->hom[68]
REAL
   0.371795 -0.00223547    0.028481    0.265152
-0.00223547    0.115385   0.0378788   -0.028481
   0.028481   0.0378788    0.141026  -0.0432191
   0.265152   -0.028481  -0.0432191    0.371795
IMAGINARY
           0   0.00242295    0.0264586    0.0467708
 -0.00242295            0 -0.000104167    0.0189959
  -0.0264586  0.000104167            0   -0.0348905
  -0.0467708   -0.0189959    0.0348905            0
repeater[46]<--->hom[69]
REAL
  0.323529  0.0239316 -0.0101788   0.176698
 0.0239316   0.132353  0.0594136  0.0240677
-0.0101788  0.0594136   0.147059  0.0316239
  0.176698  0.0240677  0.0316239   0.397059
IMAGINARY
         0 -0.0964506 -0.0167549  0.0131579
 0.0964506          0 -0.0131579  0.0229277
 0.0167549  0.0131579          0  0.0285494
-0.0131579 -0.0229277 -0.0285494          0
repeater[46]<--->hom[70]
REAL
  0.313433   -0.06875 0.00902778   0.161688
  -0.06875   0.104478  0.0383117 -0.0465278
0.00902778  0.0383117   0.208955    0.05625
  0.161688 -0.0465278    0.05625   0.373134
IMAGINARY
          0   0.0190403  -0.0525541   0.0838662
 -0.0190403           0  -0.0103367 -0.00588745
  0.0525541   0.0103367           0   0.0783623
 -0.0838662  0.00588745  -0.0783623           0
repeater[47]<--->hom[70]
REAL
  0.313433 0.00902778   -0.06875   0.161688
0.00902778   0.208955  0.0383117    0.05625
  -0.06875  0.0383117   0.104478 -0.0465278
  0.161688    0.05625 -0.0465278   0.373134
IMAGINARY
          0  -0.0525541   0.0190403   0.0838662
  0.0525541           0   0.0103367   0.0783623
 -0.0190403  -0.0103367           0 -0.00588745
 -0.0838662  -0.0783623  0.00588745           0
repeater[47]<--->hom[71]
REAL
    0.311475    0.0303309    0.0204248     0.294118
   0.0303309     0.147541    0.0441176   -0.0351307
   0.0204248    0.0441176     0.131148 -0.000919118
    0.294118   -0.0351307 -0.000919118     0.409836
IMAGINARY
          0  -0.0941986   0.0158382  -0.0542646
  0.0941986           0  -0.0220066 -0.00268031
 -0.0158382   0.0220066           0  -0.0373804
  0.0542646  0.00268031   0.0373804           0
repeater[48]<--->hom[72]
REAL
   0.393939  -0.0546218 -0.00383632    0.299934
 -0.0546218    0.121212  0.00888938  -0.0255754
-0.00383632  0.00888938    0.121212  -0.0189076
   0.299934  -0.0255754  -0.0189076    0.363636
IMAGINARY
         0  0.0375503  -0.109207 -0.0662687
-0.0375503          0  0.0737313 -0.0176582
  0.109207 -0.0737313          0  0.0296138
 0.0662687  0.0176582 -0.0296138          0
repeater[48]<--->hom[73]
REAL
 0.384615 0.0894608  0.105204  0.107143
0.0894608  0.269231 -0.107143 -0.164027
 0.105204 -0.107143  0.115385 -0.118873
 0.107143 -0.164027 -0.118873  0.230769
IMAGINARY
         0  0.0445135 -0.0992063 -0.0393519
