source<--->HoM
REAL
   0.381703   0.0199104     0.01381    0.376206
  0.0199104    0.132492    0.123794 0.000296535
    0.01381    0.123794    0.100946 -0.00580385
   0.376206 0.000296535 -0.00580385    0.384858
IMAGINARY
           0  0.000555151  -0.00385264    0.0222499
-0.000555151            0   0.00928162   0.00224492
  0.00385264  -0.00928162            0    0.0171297
  -0.0222499  -0.00224492   -0.0171297            0
target<--->HoM
REAL
   0.381703     0.01381   0.0199104    0.376206
    0.01381    0.100946    0.123794 -0.00580385
  0.0199104    0.123794    0.132492 0.000296535
   0.376206 -0.00580385 0.000296535    0.384858
IMAGINARY
           0  -0.00385264  0.000555151    0.0222499
  0.00385264            0  -0.00928162    0.0171297
-0.000555151   0.00928162            0   0.00224492
  -0.0222499   -0.0171297  -0.00224492            0
source<--->HoM
REAL
   0.318318 -0.00421587  -0.0224412    0.325879
-0.00421587    0.198198    0.174121  0.00659106
 -0.0224412    0.174121    0.162162  -0.0116343
   0.325879  0.00659106  -0.0116343    0.321321
IMAGINARY
          0  -0.0457571   0.0323137  -0.0403504
  0.0457571           0   0.0259147  0.00762237
 -0.0323137  -0.0259147           0  -0.0101534
  0.0403504 -0.00762237   0.0101534           0
target<--->HoM
REAL
   0.318318  -0.0224412 -0.00421587    0.325879
 -0.0224412    0.162162    0.174121  -0.0116343
-0.00421587    0.174121    0.198198  0.00659106
   0.325879  -0.0116343  0.00659106    0.321321
IMAGINARY
          0   0.0323137  -0.0457571  -0.0403504
 -0.0323137           0  -0.0259147  -0.0101534
  0.0457571   0.0259147           0  0.00762237
  0.0403504   0.0101534 -0.00762237           0
