EndNode1[0]<--->Repeater1[0]
REAL
  0.356764 -0.0156658 -0.0163527   0.202562
-0.0156658   0.164456  0.0480906  0.0098253
-0.0163527  0.0480906   0.147215 -0.0313316
  0.202562  0.0098253 -0.0313316   0.331565
IMAGINARY
           0   -0.0015955   0.00289037    0.0311227
   0.0015955            0   0.00634503    0.0160798
 -0.00289037  -0.00634503            0  0.000240486
  -0.0311227   -0.0160798 -0.000240486            0
EndNode2[0]<--->BSA[0]
REAL
  0.378882  0.0104621  0.0218265   0.185755
 0.0104621   0.163975  0.0706707 -0.0150946
 0.0218265  0.0706707   0.151553   -0.02209
  0.185755 -0.0150946   -0.02209    0.30559
IMAGINARY
          0 -0.00583911  0.00523319  -0.0116168
 0.00583911           0   0.0167848  -0.0136857
-0.00523319  -0.0167848           0  0.00388852
  0.0116168   0.0136857 -0.00388852           0
Repeater1[0]<--->EndNode1[0]
REAL
  0.356764 -0.0163527 -0.0156658   0.202562
-0.0163527   0.147215  0.0480906 -0.0313316
-0.0156658  0.0480906   0.164456  0.0098253
  0.202562 -0.0313316  0.0098253   0.331565
IMAGINARY
           0   0.00289037   -0.0015955    0.0311227
 -0.00289037            0  -0.00634503  0.000240486
   0.0015955   0.00634503            0    0.0160798
  -0.0311227 -0.000240486   -0.0160798            0
Repeater1[0]<--->BSA[0]
REAL
  0.378882  0.0218265  0.0104621   0.185755
 0.0218265   0.151553  0.0706707   -0.02209
 0.0104621  0.0706707   0.163975 -0.0150946
  0.185755   -0.02209 -0.0150946    0.30559
IMAGINARY
          0  0.00523319 -0.00583911  -0.0116168
-0.00523319           0  -0.0167848  0.00388852
 0.00583911   0.0167848           0  -0.0136857
  0.0116168 -0.00388852   0.0136857           0
EndNode1[0]<--->Repeater1[0]
REAL
   0.343381  0.00611297 -0.00762531    0.213337
 0.00611297    0.167759   0.0558934   0.0101894
-0.00762531   0.0558934    0.174312 -0.00354887
   0.213337   0.0101894 -0.00354887    0.314548
IMAGINARY
          0   0.0122153  -0.0240631  0.00199215
 -0.0122153           0  -0.0194184  0.00100649
  0.0240631   0.0194184           0   0.0161114
-0.00199215 -0.00100649  -0.0161114           0
EndNode2[0]<--->BSA[0]
REAL
  0.352168  0.0171635 0.00346159   0.230247
 0.0171635     0.1682  0.0505083 0.00810966
0.00346159  0.0505083   0.162943  0.0114601
  0.230247 0.00810966  0.0114601   0.316689
IMAGINARY
          0   0.0235891  0.00906863 -0.00164902
 -0.0235891           0 -0.00673808   0.0164216
-0.00906863  0.00673808           0   0.0045155
 0.00164902  -0.0164216  -0.0045155           0
Repeater1[0]<--->EndNode1[0]
REAL
   0.343381 -0.00762531  0.00611297    0.213337
-0.00762531    0.174312   0.0558934 -0.00354887
 0.00611297   0.0558934    0.167759   0.0101894
   0.213337 -0.00354887   0.0101894    0.314548
IMAGINARY
          0  -0.0240631   0.0122153  0.00199215
  0.0240631           0   0.0194184   0.0161114
 -0.0122153  -0.0194184           0  0.00100649
-0.00199215  -0.0161114 -0.00100649           0
Repeater1[0]<--->BSA[0]
REAL
  0.352168 0.00346159  0.0171635   0.230247
0.00346159   0.162943  0.0505083  0.0114601
 0.0171635  0.0505083     0.1682 0.00810966
  0.230247  0.0114601 0.00810966   0.316689
IMAGINARY
          0  0.00906863   0.0235891 -0.00164902
-0.00906863           0  0.00673808   0.0045155
 -0.0235891 -0.00673808           0   0.0164216
 0.00164902  -0.0045155  -0.0164216           0
EndNode1[0]<--->Repeater1[0]
REAL
   0.355311 -0.00950759 -0.00364238    0.232886
-0.00950759    0.163614   0.0784837  0.00364238
-0.00364238   0.0784837    0.173382  -0.0189162
   0.232886  0.00364238  -0.0189162    0.307692
IMAGINARY
          0  0.00217822  -0.0115958   0.0143162
-0.00217822           0 -0.00790598  0.00436845
  0.0115958  0.00790598           0  -0.0120337
 -0.0143162 -0.00436845   0.0120337           0
EndNode2[0]<--->BSA[0]
REAL
   0.363636  0.00974685 -0.00793589    0.222155
 0.00974685    0.179221   0.0596391 -0.00344295
-0.00793589   0.0596391    0.144156    0.001632
   0.222155 -0.00344295    0.001632    0.312987
IMAGINARY
          0   0.0110082   0.0115675  -0.0248575
 -0.0110082           0 -0.00864127  -0.0146809
 -0.0115675  0.00864127           0  -0.0116309
  0.0248575   0.0146809   0.0116309           0
Repeater1[0]<--->EndNode1[0]
REAL
   0.355311 -0.00364238 -0.00950759    0.232886
-0.00364238    0.173382   0.0784837  -0.0189162
-0.00950759   0.0784837    0.163614  0.00364238
   0.232886  -0.0189162  0.00364238    0.307692
IMAGINARY
          0  -0.0115958  0.00217822   0.0143162
  0.0115958           0  0.00790598  -0.0120337
-0.00217822 -0.00790598           0  0.00436845
 -0.0143162   0.0120337 -0.00436845           0
Repeater1[0]<--->BSA[0]
REAL
   0.363636 -0.00793589  0.00974685    0.222155
-0.00793589    0.144156   0.0596391    0.001632
 0.00974685   0.0596391    0.179221 -0.00344295
   0.222155    0.001632 -0.00344295    0.312987
IMAGINARY
          0   0.0115675   0.0110082  -0.0248575
 -0.0115675           0  0.00864127  -0.0116309
 -0.0110082 -0.00864127           0  -0.0146809
  0.0248575   0.0116309   0.0146809           0
EndNode1[0]<--->Repeater1[0]
REAL
    0.327848   0.00692947 -0.000997511     0.196561
  0.00692947     0.165823     0.052779  -0.00164101
-0.000997511     0.052779     0.167089  -0.00956799
    0.196561  -0.00164101  -0.00956799     0.339241
IMAGINARY
           0  0.000841969    0.0110003   0.00356597
-0.000841969            0  -0.00161538   0.00324838
  -0.0110003   0.00161538            0    -0.024158
 -0.00356597  -0.00324838     0.024158            0
EndNode2[0]<--->BSA[0]
REAL
    0.293317  -0.00257747   0.00842671     0.185877
 -0.00257747     0.158416    0.0608766    0.0162486
  0.00842671    0.0608766     0.193069 -1.99289e-05
    0.185877    0.0162486 -1.99289e-05     0.355198
IMAGINARY
          0    0.006375   -0.027072   0.0116221
  -0.006375           0  0.00484699   0.0164337
   0.027072 -0.00484699           0    0.012242
 -0.0116221  -0.0164337   -0.012242           0
Repeater1[0]<--->EndNode1[0]
REAL
    0.327848 -0.000997511   0.00692947     0.196561
-0.000997511     0.167089     0.052779  -0.00956799
  0.00692947     0.052779     0.165823  -0.00164101
    0.196561  -0.00956799  -0.00164101     0.339241
IMAGINARY
           0    0.0110003  0.000841969   0.00356597
  -0.0110003            0   0.00161538    -0.024158
-0.000841969  -0.00161538            0   0.00324838
 -0.00356597     0.024158  -0.00324838            0
Repeater1[0]<--->BSA[0]
REAL
    0.293317   0.00842671  -0.00257747     0.185877
  0.00842671     0.193069    0.0608766 -1.99289e-05
 -0.00257747    0.0608766     0.158416    0.0162486
    0.185877 -1.99289e-05    0.0162486     0.355198
IMAGINARY
          0   -0.027072    0.006375   0.0116221
   0.027072           0 -0.00484699    0.012242
  -0.006375  0.00484699           0   0.0164337
 -0.0116221   -0.012242  -0.0164337           0
EndNode1[0]<--->Repeater1[0]
REAL
   0.340127 -0.00261097   -0.012407    0.235096
-0.00261097    0.187261   0.0390553   0.0137124
  -0.012407   0.0390553    0.168153 -0.00261097
   0.235096   0.0137124 -0.00261097    0.304459
IMAGINARY
           0   -0.0163943   0.00837697   0.00046757
   0.0163943            0    0.0054927 -7.55655e-05
 -0.00837697   -0.0054927            0      0.01831
 -0.00046757  7.55655e-05     -0.01831            0
EndNode2[0]<--->BSA[0]
REAL
  0.340617  0.0027252 0.00966944   0.213635
 0.0027252   0.192802   0.043122 0.00015857
0.00966944   0.043122   0.164524 0.00464581
  0.213635 0.00015857 0.00464581   0.302057
IMAGINARY
           0  -0.00483962    0.0112127  0.000588289
  0.00483962            0    0.0281473    0.0105822
  -0.0112127   -0.0281473            0   0.00227552
-0.000588289   -0.0105822  -0.00227552            0
Repeater1[0]<--->EndNode1[0]
REAL
   0.340127   -0.012407 -0.00261097    0.235096
  -0.012407    0.168153   0.0390553 -0.00261097
-0.00261097   0.0390553    0.187261   0.0137124
   0.235096 -0.00261097   0.0137124    0.304459
IMAGINARY
           0   0.00837697   -0.0163943   0.00046757
 -0.00837697            0   -0.0054927      0.01831
   0.0163943    0.0054927            0 -7.55655e-05
 -0.00046757     -0.01831  7.55655e-05            0
Repeater1[0]<--->BSA[0]
REAL
  0.340617 0.00966944  0.0027252   0.213635
0.00966944   0.164524   0.043122 0.00464581
 0.0027252   0.043122   0.192802 0.00015857
  0.213635 0.00464581 0.00015857   0.302057
IMAGINARY
           0    0.0112127  -0.00483962  0.000588289
  -0.0112127            0   -0.0281473   0.00227552
  0.00483962    0.0281473            0    0.0105822
-0.000588289  -0.00227552   -0.0105822            0
EndNode1[0]<--->Repeater1[0]
REAL
   0.345663    -0.01256  0.00118066    0.220298
   -0.01256    0.177296   0.0520055   -0.003178
 0.00118066   0.0520055    0.145408 -0.00142137
   0.220298   -0.003178 -0.00142137    0.331633
IMAGINARY
          0 -0.00625845  -0.0102298 -0.00195943
 0.00625845           0 -0.00132572 -0.00196533
  0.0102298  0.00132572           0  -0.0181318
 0.00195943  0.00196533   0.0181318           0
EndNode2[0]<--->BSA[0]
REAL
   0.349686  0.00872783 -0.00231408    0.188367
 0.00872783    0.176101    0.061633   0.0179391
-0.00231408    0.061633    0.158491 -0.00612366
   0.188367   0.0179391 -0.00612366    0.315723
IMAGINARY
           0  -0.00465525  0.000814106   -0.0030703
  0.00465525            0   -0.0111784  -0.00774979
-0.000814106    0.0111784            0    0.0166351
   0.0030703   0.00774979   -0.0166351            0
Repeater1[0]<--->EndNode1[0]
REAL
   0.345663  0.00118066    -0.01256    0.220298
 0.00118066    0.145408   0.0520055 -0.00142137
   -0.01256   0.0520055    0.177296   -0.003178
   0.220298 -0.00142137   -0.003178    0.331633
IMAGINARY
          0  -0.0102298 -0.00625845 -0.00195943
  0.0102298           0  0.00132572  -0.0181318
 0.00625845 -0.00132572           0 -0.00196533
 0.00195943   0.0181318  0.00196533           0
Repeater1[0]<--->BSA[0]
REAL
   0.349686 -0.00231408  0.00872783    0.188367
-0.00231408    0.158491    0.061633 -0.00612366
 0.00872783    0.061633    0.176101   0.0179391
   0.188367 -0.00612366   0.0179391    0.315723
IMAGINARY
           0  0.000814106  -0.00465525   -0.0030703
-0.000814106            0    0.0111784    0.0166351
  0.00465525   -0.0111784            0  -0.00774979
   0.0030703   -0.0166351   0.00774979            0
