EndNode1[0]<--->Repeater1[0]
REAL
   0.362759  0.00678131   0.0151771    0.208204
 0.00678131    0.143448     0.05316 -0.00507608
  0.0151771     0.05316    0.184828   0.0222591
   0.208204 -0.00507608   0.0222591    0.308966
IMAGINARY
          0  0.00417028   0.0127115   0.0300293
-0.00417028           0  -0.0188907 -0.00959819
 -0.0127115   0.0188907           0  -0.0110196
 -0.0300293  0.00959819   0.0110196           0
EndNode2[0]<--->BSA[0]
REAL
   0.322621  -0.0155009 -0.00520052    0.202456
 -0.0155009     0.15204   0.0835366 -0.00712114
-0.00520052   0.0835366    0.194067 -0.00330581
   0.202456 -0.00712114 -0.00330581    0.331273
IMAGINARY
          0 -0.00791557 -0.00671403 -0.00395304
 0.00791557           0  -0.0141817   0.0229302
 0.00671403   0.0141817           0  0.00791557
 0.00395304  -0.0229302 -0.00791557           0
Repeater1[0]<--->EndNode1[0]
REAL
   0.362759   0.0151771  0.00678131    0.208204
  0.0151771    0.184828     0.05316   0.0222591
 0.00678131     0.05316    0.143448 -0.00507608
   0.208204   0.0222591 -0.00507608    0.308966
IMAGINARY
          0   0.0127115  0.00417028   0.0300293
 -0.0127115           0   0.0188907  -0.0110196
-0.00417028  -0.0188907           0 -0.00959819
 -0.0300293   0.0110196  0.00959819           0
Repeater1[0]<--->BSA[0]
REAL
   0.322621 -0.00520052  -0.0155009    0.202456
-0.00520052    0.194067   0.0835366 -0.00330581
 -0.0155009   0.0835366     0.15204 -0.00712114
   0.202456 -0.00330581 -0.00712114    0.331273
IMAGINARY
          0 -0.00671403 -0.00791557 -0.00395304
 0.00671403           0   0.0141817  0.00791557
 0.00791557  -0.0141817           0   0.0229302
 0.00395304 -0.00791557  -0.0229302           0
EndNode1[0]<--->Repeater1[0]
REAL
    0.33462   0.0036286 -0.00868402    0.221208
  0.0036286    0.178893    0.067806  0.00556292
-0.00868402    0.067806    0.164736  -0.0129919
   0.221208  0.00556292  -0.0129919     0.32175
IMAGINARY
          0  0.00698095   0.0118664  0.00790256
-0.00698095           0  0.00235385  -0.0163594
 -0.0118664 -0.00235385           0  0.00521417
-0.00790256   0.0163594 -0.00521417           0
EndNode2[0]<--->BSA[0]
REAL
   0.335419 -0.00412076   0.0177186    0.203084
-0.00412076    0.186483   0.0478642 -0.00570846
  0.0177186   0.0478642    0.191489  0.00222442
   0.203084 -0.00570846  0.00222442    0.286608
IMAGINARY
           0   -0.0175964  -0.00299911 -0.000173479
   0.0175964            0  -0.00411049  -0.00112177
  0.00299911   0.00411049            0   0.00386009
 0.000173479   0.00112177  -0.00386009            0
Repeater1[0]<--->EndNode1[0]
REAL
    0.33462 -0.00868402   0.0036286    0.221208
-0.00868402    0.164736    0.067806  -0.0129919
  0.0036286    0.067806    0.178893  0.00556292
   0.221208  -0.0129919  0.00556292     0.32175
IMAGINARY
          0   0.0118664  0.00698095  0.00790256
 -0.0118664           0 -0.00235385  0.00521417
-0.00698095  0.00235385           0  -0.0163594
-0.00790256 -0.00521417   0.0163594           0
Repeater1[0]<--->BSA[0]
REAL
   0.335419   0.0177186 -0.00412076    0.203084
  0.0177186    0.191489   0.0478642  0.00222442
-0.00412076   0.0478642    0.186483 -0.00570846
   0.203084  0.00222442 -0.00570846    0.286608
IMAGINARY
           0  -0.00299911   -0.0175964 -0.000173479
  0.00299911            0   0.00411049   0.00386009
   0.0175964  -0.00411049            0  -0.00112177
 0.000173479  -0.00386009   0.00112177            0
EndNode1[0]<--->Repeater1[0]
REAL
   0.373626 -0.00836955 -0.00685716    0.212495
-0.00836955    0.157967   0.0719882  0.00069952
-0.00685716   0.0719882     0.15522 -0.00640877
   0.212495  0.00069952 -0.00640877    0.313187
IMAGINARY
          0   0.0115599   0.0123374 -0.00759658
 -0.0115599           0   0.0149137  0.00538415
 -0.0123374  -0.0149137           0  -0.0216865
 0.00759658 -0.00538415   0.0216865           0
EndNode2[0]<--->BSA[0]
REAL
   0.356061  -0.0164124  -0.0133174    0.204429
 -0.0164124    0.161616   0.0486915 -0.00956744
 -0.0133174   0.0486915    0.188131  0.00739713
   0.204429 -0.00956744  0.00739713    0.294192
IMAGINARY
          0  -0.0163903  0.00548748  0.00474338
  0.0163903           0   0.0280849   0.0102754
-0.00548748  -0.0280849           0  -0.0157661
-0.00474338  -0.0102754   0.0157661           0
Repeater1[0]<--->EndNode1[0]
REAL
   0.373626 -0.00685716 -0.00836955    0.212495
-0.00685716     0.15522   0.0719882 -0.00640877
-0.00836955   0.0719882    0.157967  0.00069952
   0.212495 -0.00640877  0.00069952    0.313187
IMAGINARY
          0   0.0123374   0.0115599 -0.00759658
 -0.0123374           0  -0.0149137  -0.0216865
 -0.0115599   0.0149137           0  0.00538415
 0.00759658   0.0216865 -0.00538415           0
Repeater1[0]<--->BSA[0]
REAL
   0.356061  -0.0133174  -0.0164124    0.204429
 -0.0133174    0.188131   0.0486915  0.00739713
 -0.0164124   0.0486915    0.161616 -0.00956744
   0.204429  0.00739713 -0.00956744    0.294192
IMAGINARY
          0  0.00548748  -0.0163903  0.00474338
-0.00548748           0  -0.0280849  -0.0157661
  0.0163903   0.0280849           0   0.0102754
-0.00474338   0.0157661  -0.0102754           0
EndNode1[0]<--->Repeater1[0]
REAL
  0.344504 0.00392186  -0.013223   0.195761
0.00392186   0.156836  0.0617746  0.0164996
 -0.013223  0.0617746   0.179625 0.00328653
  0.195761  0.0164996 0.00328653   0.319035
IMAGINARY
           0  0.000428018    -0.011216   -0.0179834
-0.000428018            0   0.00793316  -0.00250951
    0.011216  -0.00793316            0   -0.0128463
   0.0179834   0.00250951    0.0128463            0
EndNode2[0]<--->BSA[0]
REAL
   0.336828  0.00732625  -0.0270663    0.199834
 0.00732625    0.159895   0.0495029 0.000541082
 -0.0270663   0.0495029    0.158585  -0.0192626
   0.199834 0.000541082  -0.0192626    0.344692
IMAGINARY
          0   0.0178094  0.00608962  -0.0100351
 -0.0178094           0 -0.00177591  -0.0160234
-0.00608962  0.00177591           0   0.0133164
  0.0100351   0.0160234  -0.0133164           0
Repeater1[0]<--->EndNode1[0]
REAL
  0.344504  -0.013223 0.00392186   0.195761
 -0.013223   0.179625  0.0617746 0.00328653
0.00392186  0.0617746   0.156836  0.0164996
  0.195761 0.00328653  0.0164996   0.319035
IMAGINARY
           0    -0.011216  0.000428018   -0.0179834
    0.011216            0  -0.00793316   -0.0128463
-0.000428018   0.00793316            0  -0.00250951
   0.0179834    0.0128463   0.00250951            0
Repeater1[0]<--->BSA[0]
REAL
   0.336828  -0.0270663  0.00732625    0.199834
 -0.0270663    0.158585   0.0495029  -0.0192626
 0.00732625   0.0495029    0.159895 0.000541082
   0.199834  -0.0192626 0.000541082    0.344692
IMAGINARY
          0  0.00608962   0.0178094  -0.0100351
-0.00608962           0  0.00177591   0.0133164
 -0.0178094 -0.00177591           0  -0.0160234
  0.0100351  -0.0133164   0.0160234           0
EndNode1[0]<--->Repeater1[0]
REAL
   0.350649  -0.0158002   -0.010218    0.204025
 -0.0158002    0.175325   0.0555168    0.010218
  -0.010218   0.0555168    0.171429 -0.00328375
   0.204025    0.010218 -0.00328375    0.302597
IMAGINARY
           0 -0.000845915   0.00034542   -0.0162148
 0.000845915            0   0.00606247    -0.006182
 -0.00034542  -0.00606247            0   -0.0179608
   0.0162148     0.006182    0.0179608            0
EndNode2[0]<--->BSA[0]
REAL
   0.333333 -0.00450521  0.00663546    0.188762
-0.00450521    0.192402   0.0599357  -0.0170521
 0.00663546   0.0599357    0.170343 -0.00200521
   0.188762  -0.0170521 -0.00200521    0.303922
IMAGINARY
          0 -0.00055634   0.0109657  -0.0053524
 0.00055634           0 -0.00865491     0.01582
 -0.0109657  0.00865491           0  -0.0045457
  0.0053524    -0.01582   0.0045457           0
Repeater1[0]<--->EndNode1[0]
REAL
   0.350649   -0.010218  -0.0158002    0.204025
  -0.010218    0.171429   0.0555168 -0.00328375
 -0.0158002   0.0555168    0.175325    0.010218
   0.204025 -0.00328375    0.010218    0.302597
IMAGINARY
           0   0.00034542 -0.000845915   -0.0162148
 -0.00034542            0  -0.00606247   -0.0179608
 0.000845915   0.00606247            0    -0.006182
   0.0162148    0.0179608     0.006182            0
Repeater1[0]<--->BSA[0]
REAL
   0.333333  0.00663546 -0.00450521    0.188762
 0.00663546    0.170343   0.0599357 -0.00200521
-0.00450521   0.0599357    0.192402  -0.0170521
   0.188762 -0.00200521  -0.0170521    0.303922
IMAGINARY
          0   0.0109657 -0.00055634  -0.0053524
 -0.0109657           0  0.00865491  -0.0045457
 0.00055634 -0.00865491           0     0.01582
  0.0053524   0.0045457    -0.01582           0
