EndNode1[0]<--->Repeater1[0]
REAL
   0.473418  -0.0155401  -0.0196994    0.367464
 -0.0155401   0.0101266 0.000712248 -0.00759751
 -0.0196994 0.000712248   0.0253165   0.0162059
   0.367464 -0.00759751   0.0162059    0.491139
IMAGINARY
          0   0.0107965  -0.0114229  0.00582788
 -0.0107965           0 -0.00269112  -0.0101507
  0.0114229  0.00269112           0  0.00696998
-0.00582788   0.0101507 -0.00696998           0
EndNode2[0]<--->HoM1[0]
REAL
   0.491546   0.0129904 -0.00764524    0.353675
  0.0129904   0.0157005 -0.00601881    0.019364
-0.00764524 -0.00601881   0.0144928  -0.0103862
   0.353675    0.019364  -0.0103862    0.478261
IMAGINARY
          0   0.0213555 -0.00299614    0.016636
 -0.0213555           0  0.00254206 -0.00720794
 0.00299614 -0.00254206           0  0.00670577
  -0.016636  0.00720794 -0.00670577           0
Repeater1[0]<--->EndNode1[0]
REAL
   0.473418  -0.0196994  -0.0155401    0.367464
 -0.0196994   0.0253165 0.000712248   0.0162059
 -0.0155401 0.000712248   0.0101266 -0.00759751
   0.367464   0.0162059 -0.00759751    0.491139
IMAGINARY
          0  -0.0114229   0.0107965  0.00582788
  0.0114229           0  0.00269112  0.00696998
 -0.0107965 -0.00269112           0  -0.0101507
-0.00582788 -0.00696998   0.0101507           0
Repeater1[0]<--->HoM1[0]
REAL
   0.491546 -0.00764524   0.0129904    0.353675
-0.00764524   0.0144928 -0.00601881  -0.0103862
  0.0129904 -0.00601881   0.0157005    0.019364
   0.353675  -0.0103862    0.019364    0.478261
IMAGINARY
          0 -0.00299614   0.0213555    0.016636
 0.00299614           0 -0.00254206  0.00670577
 -0.0213555  0.00254206           0 -0.00720794
  -0.016636 -0.00670577  0.00720794           0
EndNode1[0]<--->Repeater1[0]
REAL
   0.465909   0.0194289  -0.0064899    0.367551
  0.0194289   0.0265152 -0.00362268   0.0251035
 -0.0064899 -0.00362268   0.0227273  0.00175212
   0.367551   0.0251035  0.00175212    0.484848
IMAGINARY
          0  -0.0083073 -0.00560696  0.00486679
  0.0083073           0   0.0109643   0.0209131
 0.00560696  -0.0109643           0 -0.00572332
-0.00486679  -0.0209131  0.00572332           0
EndNode2[0]<--->HoM1[0]
REAL
  0.473159 -0.0183463 -0.0207425   0.363985
-0.0183463   0.019975  0.0113399  0.0129503
-0.0207425  0.0113399  0.0162297 0.00276188
  0.363985  0.0129503 0.00276188   0.490637
IMAGINARY
          0   0.0126174 -0.00971984  0.00947092
 -0.0126174           0  -0.0140822 -0.00539351
 0.00971984   0.0140822           0    0.013831
-0.00947092  0.00539351   -0.013831           0
Repeater1[0]<--->EndNode1[0]
REAL
   0.465909  -0.0064899   0.0194289    0.367551
 -0.0064899   0.0227273 -0.00362268  0.00175212
  0.0194289 -0.00362268   0.0265152   0.0251035
   0.367551  0.00175212   0.0251035    0.484848
IMAGINARY
          0 -0.00560696  -0.0083073  0.00486679
 0.00560696           0  -0.0109643 -0.00572332
  0.0083073   0.0109643           0   0.0209131
-0.00486679  0.00572332  -0.0209131           0
Repeater1[0]<--->HoM1[0]
REAL
  0.473159 -0.0207425 -0.0183463   0.363985
-0.0207425  0.0162297  0.0113399 0.00276188
-0.0183463  0.0113399   0.019975  0.0129503
  0.363985 0.00276188  0.0129503   0.490637
IMAGINARY
          0 -0.00971984   0.0126174  0.00947092
 0.00971984           0   0.0140822    0.013831
 -0.0126174  -0.0140822           0 -0.00539351
-0.00947092   -0.013831  0.00539351           0
EndNode1[0]<--->Repeater1[0]
REAL
   0.485472  -0.0120827 -0.00908694     0.37362
 -0.0120827   0.0145278 -0.00998407  -0.0189879
-0.00908694 -0.00998407   0.0242131 -0.00262321
    0.37362  -0.0189879 -0.00262321    0.475787
IMAGINARY
          0  -0.0130055   0.0027939 -0.00301737
  0.0130055           0  0.00561477   0.0078444
 -0.0027939 -0.00561477           0   0.0236438
 0.00301737  -0.0078444  -0.0236438           0
EndNode2[0]<--->HoM1[0]
REAL
   0.454892  0.00851107  0.00122734    0.364768
 0.00851107    0.021601 -0.00130373   -0.010709
 0.00122734 -0.00130373   0.0190597  -0.0205212
   0.364768   -0.010709  -0.0205212    0.504447
IMAGINARY
          0  0.00777857 -0.00990199   0.0268136
-0.00777857           0   0.0208375   0.0239326
 0.00990199  -0.0208375           0 -0.00267653
 -0.0268136  -0.0239326  0.00267653           0
Repeater1[0]<--->EndNode1[0]
REAL
   0.485472 -0.00908694  -0.0120827     0.37362
-0.00908694   0.0242131 -0.00998407 -0.00262321
 -0.0120827 -0.00998407   0.0145278  -0.0189879
    0.37362 -0.00262321  -0.0189879    0.475787
IMAGINARY
          0   0.0027939  -0.0130055 -0.00301737
 -0.0027939           0 -0.00561477   0.0236438
  0.0130055  0.00561477           0   0.0078444
 0.00301737  -0.0236438  -0.0078444           0
Repeater1[0]<--->HoM1[0]
REAL
   0.454892  0.00122734  0.00851107    0.364768
 0.00122734   0.0190597 -0.00130373  -0.0205212
 0.00851107 -0.00130373    0.021601   -0.010709
   0.364768  -0.0205212   -0.010709    0.504447
IMAGINARY
          0 -0.00990199  0.00777857   0.0268136
 0.00990199           0  -0.0208375 -0.00267653
-0.00777857   0.0208375           0   0.0239326
 -0.0268136  0.00267653  -0.0239326           0
EndNode1[0]<--->Repeater1[0]
REAL
   0.503137 -0.00820403  -0.0129867    0.369283
-0.00820403   0.0200753  0.00113632 -0.00926461
 -0.0129867  0.00113632   0.0188206 -0.00750277
   0.369283 -0.00926461 -0.00750277    0.457967
IMAGINARY
          0  -0.0118523 -0.00228246 -0.00783276
  0.0118523           0  -0.0283807 -0.00555044
 0.00228246   0.0283807           0   0.0288236
 0.00783276  0.00555044  -0.0288236           0
EndNode2[0]<--->HoM1[0]
REAL
    0.486631 -0.000464913      0.01433     0.364588
-0.000464913     0.013369   0.00399796  -0.00244016
     0.01433   0.00399796    0.0254011    0.0111032
    0.364588  -0.00244016    0.0111032     0.474599
IMAGINARY
          0 -0.00381145  0.00594281   0.0109408
 0.00381145           0   0.0147002  -0.0273905
-0.00594281  -0.0147002           0   0.0118543
 -0.0109408   0.0273905  -0.0118543           0
Repeater1[0]<--->EndNode1[0]
REAL
   0.503137  -0.0129867 -0.00820403    0.369283
 -0.0129867   0.0188206  0.00113632 -0.00750277
-0.00820403  0.00113632   0.0200753 -0.00926461
   0.369283 -0.00750277 -0.00926461    0.457967
IMAGINARY
          0 -0.00228246  -0.0118523 -0.00783276
 0.00228246           0   0.0283807   0.0288236
  0.0118523  -0.0283807           0 -0.00555044
 0.00783276  -0.0288236  0.00555044           0
Repeater1[0]<--->HoM1[0]
REAL
    0.486631      0.01433 -0.000464913     0.364588
     0.01433    0.0254011   0.00399796    0.0111032
-0.000464913   0.00399796     0.013369  -0.00244016
    0.364588    0.0111032  -0.00244016     0.474599
IMAGINARY
          0  0.00594281 -0.00381145   0.0109408
-0.00594281           0  -0.0147002   0.0118543
 0.00381145   0.0147002           0  -0.0273905
 -0.0109408  -0.0118543   0.0273905           0
EndNode1[0]<--->Repeater1[0]
REAL
    0.47619  -0.0151399  0.00659082    0.375195
 -0.0151399    0.019305   -0.014259 -0.00595871
 0.00659082   -0.014259    0.028314  -0.0019271
   0.375195 -0.00595871  -0.0019271     0.47619
IMAGINARY
          0   0.0103744 -0.00857687   0.0134386
 -0.0103744           0  0.00446423 -0.00857687
 0.00857687 -0.00446423           0   0.0182152
 -0.0134386  0.00857687  -0.0182152           0
EndNode2[0]<--->HoM1[0]
REAL
   0.464187  -0.0083146 -0.00232408    0.377101
 -0.0083146   0.0220386  0.00316188 -0.00293908
-0.00232408  0.00316188   0.0165289  0.00173565
   0.377101 -0.00293908  0.00173565    0.497245
IMAGINARY
          0   0.0220299  -0.0103864 -0.00236068
 -0.0220299           0   0.0189847  -0.0180985
  0.0103864  -0.0189847           0 -0.00809054
 0.00236068   0.0180985  0.00809054           0
Repeater1[0]<--->EndNode1[0]
REAL
    0.47619  0.00659082  -0.0151399    0.375195
 0.00659082    0.028314   -0.014259  -0.0019271
 -0.0151399   -0.014259    0.019305 -0.00595871
   0.375195  -0.0019271 -0.00595871     0.47619
IMAGINARY
          0 -0.00857687   0.0103744   0.0134386
 0.00857687           0 -0.00446423   0.0182152
 -0.0103744  0.00446423           0 -0.00857687
 -0.0134386  -0.0182152  0.00857687           0
Repeater1[0]<--->HoM1[0]
REAL
   0.464187 -0.00232408  -0.0083146    0.377101
-0.00232408   0.0165289  0.00316188  0.00173565
 -0.0083146  0.00316188   0.0220386 -0.00293908
   0.377101  0.00173565 -0.00293908    0.497245
IMAGINARY
          0  -0.0103864   0.0220299 -0.00236068
  0.0103864           0  -0.0189847 -0.00809054
 -0.0220299   0.0189847           0  -0.0180985
 0.00236068  0.00809054   0.0180985           0
EndNode1[0]<--->Repeater1[0]
REAL
   0.455712 -0.00606585  0.00366692    0.366668
-0.00606585   0.0282413    0.009158  -0.0135745
 0.00366692    0.009158   0.0192555 -0.00119967
   0.366668  -0.0135745 -0.00119967    0.496791
IMAGINARY
           0    0.0141799   -0.0100658  0.000999898
  -0.0141799            0   -0.0169235  -0.00212931
   0.0100658    0.0169235            0   0.00956853
-0.000999898   0.00212931  -0.00956853            0
EndNode2[0]<--->HoM1[0]
REAL
  0.444444  0.0061357  0.0116433   0.369562
 0.0061357  0.0176768  0.0154508  0.0103205
 0.0116433  0.0154508  0.0214646 0.00420022
  0.369562  0.0103205 0.00420022   0.516414
IMAGINARY
          0   0.0119636 -0.00474552 -0.00439322
 -0.0119636           0  0.00901674  0.00607178
 0.00474552 -0.00901674           0 -0.00798487
 0.00439322 -0.00607178  0.00798487           0
Repeater1[0]<--->EndNode1[0]
REAL
   0.455712  0.00366692 -0.00606585    0.366668
 0.00366692   0.0192555    0.009158 -0.00119967
-0.00606585    0.009158   0.0282413  -0.0135745
   0.366668 -0.00119967  -0.0135745    0.496791
IMAGINARY
           0   -0.0100658    0.0141799  0.000999898
   0.0100658            0    0.0169235   0.00956853
  -0.0141799   -0.0169235            0  -0.00212931
-0.000999898  -0.00956853   0.00212931            0
Repeater1[0]<--->HoM1[0]
REAL
  0.444444  0.0116433  0.0061357   0.369562
 0.0116433  0.0214646  0.0154508 0.00420022
 0.0061357  0.0154508  0.0176768  0.0103205
  0.369562 0.00420022  0.0103205   0.516414
IMAGINARY
          0 -0.00474552   0.0119636 -0.00439322
 0.00474552           0 -0.00901674 -0.00798487
 -0.0119636  0.00901674           0  0.00607178
 0.00439322  0.00798487 -0.00607178           0
EndNode1[0]<--->Repeater1[0]
REAL
  0.484293 0.00805623  0.0314045   0.381853
0.00805623  0.0157068  0.0143367 -0.0281193
 0.0314045  0.0143367  0.0209424  0.0149398
  0.381853 -0.0281193  0.0149398   0.479058
IMAGINARY
           0    0.0122238   0.00477663   0.00424192
  -0.0122238            0   -0.0143685  -0.00413969
 -0.00477663    0.0143685            0 -0.000121884
 -0.00424192   0.00413969  0.000121884            0
EndNode2[0]<--->HoM1[0]
REAL
   0.474868 0.000890608 -0.00526992    0.379175
0.000890608   0.0185185  0.00072938 -0.00126992
-0.00526992  0.00072938   0.0277778  -0.0157539
   0.379175 -0.00126992  -0.0157539    0.478836
IMAGINARY
          0 -0.00129229   0.0213281  -0.0272089
 0.00129229           0  -0.0132275   0.0262909
 -0.0213281   0.0132275           0  -0.0325423
  0.0272089  -0.0262909   0.0325423           0
Repeater1[0]<--->EndNode1[0]
REAL
  0.484293  0.0314045 0.00805623   0.381853
 0.0314045  0.0209424  0.0143367  0.0149398
0.00805623  0.0143367  0.0157068 -0.0281193
  0.381853  0.0149398 -0.0281193   0.479058
IMAGINARY
           0   0.00477663    0.0122238   0.00424192
 -0.00477663            0    0.0143685 -0.000121884
  -0.0122238   -0.0143685            0  -0.00413969
 -0.00424192  0.000121884   0.00413969            0
Repeater1[0]<--->HoM1[0]
REAL
   0.474868 -0.00526992 0.000890608    0.379175
-0.00526992   0.0277778  0.00072938  -0.0157539
0.000890608  0.00072938   0.0185185 -0.00126992
   0.379175  -0.0157539 -0.00126992    0.478836
IMAGINARY
          0   0.0213281 -0.00129229  -0.0272089
 -0.0213281           0   0.0132275  -0.0325423
 0.00129229  -0.0132275           0   0.0262909
  0.0272089   0.0325423  -0.0262909           0
EndNode1[0]<--->Repeater1[0]
REAL
   0.465261   0.0156095   0.0066929    0.385465
  0.0156095   0.0136476 -0.00520175   0.0222545
  0.0066929 -0.00520175   0.0186104  0.00939055
   0.385465   0.0222545  0.00939055    0.502481
IMAGINARY
          0  -0.0149328  -0.0243191  0.00018033
  0.0149328           0   0.0232765   0.0243191
  0.0243191  -0.0232765           0 -0.00373386
-0.00018033  -0.0243191  0.00373386           0
EndNode2[0]<--->HoM1[0]
REAL
   0.481622   0.0131902   0.0121993    0.376682
  0.0131902   0.0152091 -0.00318035  0.00843987
  0.0121993 -0.00318035   0.0278834   0.0220961
   0.376682  0.00843987   0.0220961    0.475285
IMAGINARY
          0   0.0148032  0.00486638  0.00734678
 -0.0148032           0  -0.0115721   0.0100078
-0.00486638   0.0115721           0  -0.0239565
-0.00734678  -0.0100078   0.0239565           0
Repeater1[0]<--->EndNode1[0]
REAL
   0.465261   0.0066929   0.0156095    0.385465
  0.0066929   0.0186104 -0.00520175  0.00939055
  0.0156095 -0.00520175   0.0136476   0.0222545
   0.385465  0.00939055   0.0222545    0.502481
IMAGINARY
          0  -0.0243191  -0.0149328  0.00018033
  0.0243191           0  -0.0232765 -0.00373386
  0.0149328   0.0232765           0   0.0243191
-0.00018033  0.00373386  -0.0243191           0
Repeater1[0]<--->HoM1[0]
REAL
   0.481622   0.0121993   0.0131902    0.376682
  0.0121993   0.0278834 -0.00318035   0.0220961
  0.0131902 -0.00318035   0.0152091  0.00843987
   0.376682   0.0220961  0.00843987    0.475285
IMAGINARY
          0  0.00486638   0.0148032  0.00734678
-0.00486638           0   0.0115721  -0.0239565
 -0.0148032  -0.0115721           0   0.0100078
-0.00734678   0.0239565  -0.0100078           0
EndNode1[0]<--->Repeater1[0]
REAL
   0.486111 -0.00568606   0.0163123     0.36997
-0.00568606    0.020202  -0.0155886 -0.00986903
  0.0163123  -0.0155886   0.0265152    0.013418
    0.36997 -0.00986903    0.013418    0.467172
IMAGINARY
          0   0.0176675 -0.00756743 -0.00934475
 -0.0176675           0  0.00269581  0.00620503
 0.00756743 -0.00269581           0  -0.0272043
 0.00934475 -0.00620503   0.0272043           0
EndNode2[0]<--->HoM1[0]
REAL
   0.493316 -0.00201535   0.0178533    0.378018
-0.00201535   0.0147059   0.0101396 0.000567761
  0.0178533   0.0101396   0.0213904   0.0296469
   0.378018 0.000567761   0.0296469    0.470588
IMAGINARY
          0  0.00529419  0.00787507  0.00904434
-0.00529419           0  0.00446918  0.00848857
-0.00787507 -0.00446918           0 -0.00832449
-0.00904434 -0.00848857  0.00832449           0
Repeater1[0]<--->EndNode1[0]
REAL
   0.486111   0.0163123 -0.00568606     0.36997
  0.0163123   0.0265152  -0.0155886    0.013418
-0.00568606  -0.0155886    0.020202 -0.00986903
    0.36997    0.013418 -0.00986903    0.467172
IMAGINARY
          0 -0.00756743   0.0176675 -0.00934475
 0.00756743           0 -0.00269581  -0.0272043
 -0.0176675  0.00269581           0  0.00620503
 0.00934475   0.0272043 -0.00620503           0
Repeater1[0]<--->HoM1[0]
REAL
   0.493316   0.0178533 -0.00201535    0.378018
  0.0178533   0.0213904   0.0101396   0.0296469
-0.00201535   0.0101396   0.0147059 0.000567761
   0.378018   0.0296469 0.000567761    0.470588
IMAGINARY
          0  0.00787507  0.00529419  0.00904434
-0.00787507           0 -0.00446918 -0.00832449
-0.00529419  0.00446918           0  0.00848857
-0.00904434  0.00832449 -0.00848857           0
EndNode1[0]<--->Repeater1[0]
REAL
   0.464377  0.00692355 -0.00315062    0.364442
 0.00692355   0.0292621   0.0153602  0.00748767
-0.00315062   0.0153602   0.0216285 -0.00630397
   0.364442  0.00748767 -0.00630397    0.484733
IMAGINARY
          0  0.00789646  0.00972461 -0.00816462
-0.00789646           0  0.00881651  -0.0202233
-0.00972461 -0.00881651           0  -0.0092088
 0.00816462   0.0202233   0.0092088           0
EndNode2[0]<--->HoM1[0]
REAL
   0.503185  0.00577087  0.00922096    0.393616
 0.00577087   0.0127389 -0.00894827   -0.031609
 0.00922096 -0.00894827   0.0242038  -0.0105199
   0.393616   -0.031609  -0.0105199    0.459873
IMAGINARY
          0  0.00410922  -0.0176122  0.00351212
-0.00410922           0   0.0105544  0.00735579
  0.0176122  -0.0105544           0  0.00101899
-0.00351212 -0.00735579 -0.00101899           0
Repeater1[0]<--->EndNode1[0]
REAL
   0.464377 -0.00315062  0.00692355    0.364442
-0.00315062   0.0216285   0.0153602 -0.00630397
 0.00692355   0.0153602   0.0292621  0.00748767
   0.364442 -0.00630397  0.00748767    0.484733
IMAGINARY
          0  0.00972461  0.00789646 -0.00816462
-0.00972461           0 -0.00881651  -0.0092088
-0.00789646  0.00881651           0  -0.0202233
 0.00816462   0.0092088   0.0202233           0
Repeater1[0]<--->HoM1[0]
REAL
   0.503185  0.00922096  0.00577087    0.393616
 0.00922096   0.0242038 -0.00894827  -0.0105199
 0.00577087 -0.00894827   0.0127389   -0.031609
   0.393616  -0.0105199   -0.031609    0.459873
IMAGINARY
          0  -0.0176122  0.00410922  0.00351212
  0.0176122           0  -0.0105544  0.00101899
-0.00410922   0.0105544           0  0.00735579
-0.00351212 -0.00101899 -0.00735579           0
EndNode1[0]<--->Repeater1[0]
REAL
  0.469716   0.031891 -0.0128408   0.370564
  0.031891  0.0309023 0.00160685  0.0108434
-0.0128408 0.00160685  0.0210136 -0.0125834
  0.370564  0.0108434 -0.0125834   0.478368
IMAGINARY
          0 -0.00574117   0.0152413  -0.0166013
 0.00574117           0  0.00769541 -0.00506323
 -0.0152413 -0.00769541           0 -0.00825374
  0.0166013  0.00506323  0.00825374           0
EndNode2[0]<--->HoM1[0]
REAL
   0.477521  0.00297189  0.00311267     0.37329
 0.00297189   0.0170109  0.00644892 -0.00768784
 0.00311267  0.00644892   0.0157959 -0.00754705
    0.37329 -0.00768784 -0.00754705    0.489672
IMAGINARY
          0  0.00248209   0.0136306 -0.00243768
-0.00248209           0  0.00833545   0.0111736
 -0.0136306 -0.00833545           0  -0.0116205
 0.00243768  -0.0111736   0.0116205           0
Repeater1[0]<--->EndNode1[0]
REAL
  0.469716 -0.0128408   0.031891   0.370564
-0.0128408  0.0210136 0.00160685 -0.0125834
  0.031891 0.00160685  0.0309023  0.0108434
  0.370564 -0.0125834  0.0108434   0.478368
IMAGINARY
          0   0.0152413 -0.00574117  -0.0166013
 -0.0152413           0 -0.00769541 -0.00825374
 0.00574117  0.00769541           0 -0.00506323
  0.0166013  0.00825374  0.00506323           0
Repeater1[0]<--->HoM1[0]
REAL
   0.477521  0.00311267  0.00297189     0.37329
 0.00311267   0.0157959  0.00644892 -0.00754705
 0.00297189  0.00644892   0.0170109 -0.00768784
    0.37329 -0.00754705 -0.00768784    0.489672
IMAGINARY
          0   0.0136306  0.00248209 -0.00243768
 -0.0136306           0 -0.00833545  -0.0116205
-0.00248209  0.00833545           0   0.0111736
 0.00243768   0.0116205  -0.0111736           0
EndNode1[0]<--->Repeater1[0]
REAL
   0.475131 -0.00229434  0.00953717    0.360222
-0.00229434   0.0209424   0.0117371 -0.00249492
 0.00953717   0.0117371   0.0170157   0.0144582
   0.360222 -0.00249492   0.0144582    0.486911
IMAGINARY
          0  0.00807623   0.0152606   0.0173359
-0.00807623           0   -0.009983  -0.0266242
 -0.0152606    0.009983           0   0.0184389
 -0.0173359   0.0266242  -0.0184389           0
EndNode2[0]<--->HoM1[0]
REAL
   0.466408  0.00735998 -0.00877553    0.373038
 0.00735998   0.0167959  0.00757846   0.0158359
-0.00877553  0.00757846   0.0271318  0.00868624
   0.373038   0.0158359  0.00868624    0.489664
IMAGINARY
          0  0.00905231  -0.0218564  -0.0164316
-0.00905231           0     0.00275  0.00439199
  0.0218564    -0.00275           0  0.00841211
  0.0164316 -0.00439199 -0.00841211           0
Repeater1[0]<--->EndNode1[0]
REAL
   0.475131  0.00953717 -0.00229434    0.360222
 0.00953717   0.0170157   0.0117371   0.0144582
-0.00229434   0.0117371   0.0209424 -0.00249492
   0.360222   0.0144582 -0.00249492    0.486911
IMAGINARY
          0   0.0152606  0.00807623   0.0173359
 -0.0152606           0    0.009983   0.0184389
-0.00807623   -0.009983           0  -0.0266242
 -0.0173359  -0.0184389   0.0266242           0
Repeater1[0]<--->HoM1[0]
REAL
   0.466408 -0.00877553  0.00735998    0.373038
-0.00877553   0.0271318  0.00757846  0.00868624
 0.00735998  0.00757846   0.0167959   0.0158359
   0.373038  0.00868624   0.0158359    0.489664
IMAGINARY
          0  -0.0218564  0.00905231  -0.0164316
  0.0218564           0    -0.00275  0.00841211
-0.00905231     0.00275           0  0.00439199
  0.0164316 -0.00841211 -0.00439199           0
EndNode1[0]<--->Repeater1[0]
REAL
    0.463209  -0.00436425    0.0204627     0.357533
 -0.00436425    0.0120627    0.0151491 -6.71256e-05
   0.0204627    0.0151491    0.0193004   0.00869058
    0.357533 -6.71256e-05   0.00869058     0.505428
IMAGINARY
           0   0.00562914     0.010443    0.0146116
 -0.00562914            0    -0.019223  0.000815275
   -0.010443     0.019223            0   0.00562914
  -0.0146116 -0.000815275  -0.00562914            0
EndNode2[0]<--->HoM1[0]
REAL
   0.486945   -0.020323 -0.00500343    0.365349
  -0.020323   0.0156658 -0.00416311 -0.00308282
-0.00500343 -0.00416311   0.0234987  -0.0133697
   0.365349 -0.00308282  -0.0133697     0.47389
IMAGINARY
          0 -0.00345603 -0.00279239  0.00455205
 0.00345603           0 -0.00791678 -0.00818322
 0.00279239  0.00791678           0   0.0205292
-0.00455205  0.00818322  -0.0205292           0
Repeater1[0]<--->EndNode1[0]
REAL
    0.463209    0.0204627  -0.00436425     0.357533
   0.0204627    0.0193004    0.0151491   0.00869058
 -0.00436425    0.0151491    0.0120627 -6.71256e-05
    0.357533   0.00869058 -6.71256e-05     0.505428
IMAGINARY
           0     0.010443   0.00562914    0.0146116
   -0.010443            0     0.019223   0.00562914
 -0.00562914    -0.019223            0  0.000815275
  -0.0146116  -0.00562914 -0.000815275            0
Repeater1[0]<--->HoM1[0]
REAL
   0.486945 -0.00500343   -0.020323    0.365349
-0.00500343   0.0234987 -0.00416311  -0.0133697
  -0.020323 -0.00416311   0.0156658 -0.00308282
   0.365349  -0.0133697 -0.00308282     0.47389
IMAGINARY
          0 -0.00279239 -0.00345603  0.00455205
 0.00279239           0  0.00791678   0.0205292
 0.00345603 -0.00791678           0 -0.00818322
-0.00455205  -0.0205292  0.00818322           0
EndNode1[0]<--->Repeater1[0]
REAL
     0.44898   0.00345419   -0.0140946     0.365773
  0.00345419    0.0229592   0.00310126    0.0293264
  -0.0140946   0.00310126    0.0204082 -0.000142932
    0.365773    0.0293264 -0.000142932     0.507653
IMAGINARY
          0   0.0212637  0.00114371  -0.0208824
 -0.0212637           0  0.00928447  -0.0155008
-0.00114371 -0.00928447           0  -0.0168942
  0.0208824   0.0155008   0.0168942           0
EndNode2[0]<--->HoM1[0]
REAL
  0.498094 -0.0157786 0.00989734   0.381528
-0.0157786  0.0355781 0.00873233 -0.0133267
0.00989734 0.00873233  0.0177891 0.00411875
  0.381528 -0.0133267 0.00411875   0.448539
IMAGINARY
          0  0.00695281  -0.0285575   0.0199195
-0.00695281           0   0.0230098  0.00210915
  0.0285575  -0.0230098           0  0.00816054
 -0.0199195 -0.00210915 -0.00816054           0
Repeater1[0]<--->EndNode1[0]
REAL
     0.44898   -0.0140946   0.00345419     0.365773
  -0.0140946    0.0204082   0.00310126 -0.000142932
  0.00345419   0.00310126    0.0229592    0.0293264
    0.365773 -0.000142932    0.0293264     0.507653
IMAGINARY
          0  0.00114371   0.0212637  -0.0208824
-0.00114371           0 -0.00928447  -0.0168942
 -0.0212637  0.00928447           0  -0.0155008
  0.0208824   0.0168942   0.0155008           0
Repeater1[0]<--->HoM1[0]
REAL
  0.498094 0.00989734 -0.0157786   0.381528
0.00989734  0.0177891 0.00873233 0.00411875
-0.0157786 0.00873233  0.0355781 -0.0133267
  0.381528 0.00411875 -0.0133267   0.448539
IMAGINARY
          0  -0.0285575  0.00695281   0.0199195
  0.0285575           0  -0.0230098  0.00816054
-0.00695281   0.0230098           0  0.00210915
 -0.0199195 -0.00816054 -0.00210915           0
EndNode1[0]<--->Repeater1[0]
REAL
   0.473091  -0.0124742 -0.00814192    0.372324
 -0.0124742    0.028786  0.00619272 -0.00336703
-0.00814192  0.00619272   0.0162703  -0.0028711
   0.372324 -0.00336703  -0.0028711    0.481852
IMAGINARY
          0 -0.00992661  0.00376973  -0.0107698
 0.00992661           0 -0.00413532   0.0143026
-0.00376973  0.00413532           0  -0.0188552
  0.0107698  -0.0143026   0.0188552           0
EndNode2[0]<--->HoM1[0]
REAL
   0.490885  -0.0122389  0.00950644    0.366752
 -0.0122389   0.0169271 0.000344755  -0.0166032
 0.00950644 0.000344755   0.0221354   -0.027116
   0.366752  -0.0166032   -0.027116    0.470052
IMAGINARY
           0   -0.0119949   0.00746897   -0.0046388
   0.0119949            0 -0.000157365   0.00614971
 -0.00746897  0.000157365            0   -0.0107029
   0.0046388  -0.00614971    0.0107029            0
Repeater1[0]<--->EndNode1[0]
REAL
   0.473091 -0.00814192  -0.0124742    0.372324
-0.00814192   0.0162703  0.00619272  -0.0028711
 -0.0124742  0.00619272    0.028786 -0.00336703
   0.372324  -0.0028711 -0.00336703    0.481852
IMAGINARY
          0  0.00376973 -0.00992661  -0.0107698
-0.00376973           0  0.00413532  -0.0188552
 0.00992661 -0.00413532           0   0.0143026
  0.0107698   0.0188552  -0.0143026           0
Repeater1[0]<--->HoM1[0]
REAL
   0.490885  0.00950644  -0.0122389    0.366752
 0.00950644   0.0221354 0.000344755   -0.027116
 -0.0122389 0.000344755   0.0169271  -0.0166032
   0.366752   -0.027116  -0.0166032    0.470052
IMAGINARY
           0   0.00746897   -0.0119949   -0.0046388
 -0.00746897            0  0.000157365   -0.0107029
   0.0119949 -0.000157365            0   0.00614971
   0.0046388    0.0107029  -0.00614971            0
EndNode1[0]<--->Repeater1[0]
REAL
   0.460131 -0.00467423  0.00664125    0.361018
-0.00467423   0.0156863 -0.00930658   -0.016147
 0.00664125 -0.00930658   0.0196078  0.00911023
   0.361018   -0.016147  0.00911023    0.504575
IMAGINARY
          0    0.013845 -0.00103275  -0.0129364
  -0.013845           0  0.00109425   0.0110078
 0.00103275 -0.00109425           0 -0.00636365
  0.0129364  -0.0110078  0.00636365           0
EndNode2[0]<--->HoM1[0]
REAL
   0.467681   0.0192127   0.0156796    0.362395
  0.0192127   0.0253485  0.00306389 -0.00985808
  0.0156796  0.00306389   0.0215463  0.00471999
   0.362395 -0.00985808  0.00471999    0.485425
IMAGINARY
          0   0.0140784   0.0107047   0.0177295
 -0.0140784           0 -0.00851894  0.00879389
 -0.0107047  0.00851894           0  -0.0126856
 -0.0177295 -0.00879389   0.0126856           0
Repeater1[0]<--->EndNode1[0]
REAL
   0.460131  0.00664125 -0.00467423    0.361018
 0.00664125   0.0196078 -0.00930658  0.00911023
-0.00467423 -0.00930658   0.0156863   -0.016147
   0.361018  0.00911023   -0.016147    0.504575
IMAGINARY
          0 -0.00103275    0.013845  -0.0129364
 0.00103275           0 -0.00109425 -0.00636365
  -0.013845  0.00109425           0   0.0110078
  0.0129364  0.00636365  -0.0110078           0
Repeater1[0]<--->HoM1[0]
REAL
   0.467681   0.0156796   0.0192127    0.362395
  0.0156796   0.0215463  0.00306389  0.00471999
  0.0192127  0.00306389   0.0253485 -0.00985808
   0.362395  0.00471999 -0.00985808    0.485425
IMAGINARY
          0   0.0107047   0.0140784   0.0177295
 -0.0107047           0  0.00851894  -0.0126856
 -0.0140784 -0.00851894           0  0.00879389
 -0.0177295   0.0126856 -0.00879389           0
EndNode1[0]<--->Repeater1[0]
REAL
   0.478589 -0.00151407  -0.0167219    0.368256
-0.00151407   0.0176322    0.004058  0.00850447
 -0.0167219    0.004058   0.0251889 -0.00291071
   0.368256  0.00850447 -0.00291071    0.478589
IMAGINARY
           0  -0.00372581   0.00685111  -0.00830114
  0.00372581            0    0.0214755  0.000693473
 -0.00685111   -0.0214755            0  -0.00244703
  0.00830114 -0.000693473   0.00244703            0
EndNode2[0]<--->HoM1[0]
REAL
   0.492228 -0.00857105  -0.0254325    0.376259
-0.00857105   0.0220207 -0.00763634  -0.0013532
 -0.0254325 -0.00763634   0.0168394 -0.00673507
   0.376259  -0.0013532 -0.00673507    0.468912
IMAGINARY
          0   -0.017134  0.00637531  -0.0221878
   0.017134           0   0.0172859  0.00173955
-0.00637531  -0.0172859           0   0.0202551
  0.0221878 -0.00173955  -0.0202551           0
Repeater1[0]<--->EndNode1[0]
REAL
   0.478589  -0.0167219 -0.00151407    0.368256
 -0.0167219   0.0251889    0.004058 -0.00291071
-0.00151407    0.004058   0.0176322  0.00850447
   0.368256 -0.00291071  0.00850447    0.478589
IMAGINARY
           0   0.00685111  -0.00372581  -0.00830114
 -0.00685111            0   -0.0214755  -0.00244703
  0.00372581    0.0214755            0  0.000693473
  0.00830114   0.00244703 -0.000693473            0
Repeater1[0]<--->HoM1[0]
REAL
   0.492228  -0.0254325 -0.00857105    0.376259
 -0.0254325   0.0168394 -0.00763634 -0.00673507
-0.00857105 -0.00763634   0.0220207  -0.0013532
   0.376259 -0.00673507  -0.0013532    0.468912
IMAGINARY
          0  0.00637531   -0.017134  -0.0221878
-0.00637531           0  -0.0172859   0.0202551
   0.017134   0.0172859           0  0.00173955
  0.0221878  -0.0202551 -0.00173955           0
EndNode1[0]<--->Repeater1[0]
REAL
   0.456724  -0.0112135 -0.00456865    0.363189
 -0.0112135   0.0213049 -0.00221971  0.00711967
-0.00456865 -0.00221971   0.0279627  0.00483592
   0.363189  0.00711967  0.00483592    0.494008
IMAGINARY
           0  -0.00355645   0.00503617   -0.0224675
  0.00355645            0 -0.000728373   0.00691352
 -0.00503617  0.000728373            0    0.0004118
   0.0224675  -0.00691352   -0.0004118            0
EndNode2[0]<--->HoM1[0]
REAL
   0.480795 -0.00309415  0.00030297    0.366774
-0.00309415   0.0145695 -0.00330505 -0.00706804
 0.00030297 -0.00330505   0.0211921  0.00985922
   0.366774 -0.00706804  0.00985922    0.483444
IMAGINARY
           0  0.000305047   -0.0373112  -0.00612696
-0.000305047            0  -0.00282445    0.0176262
   0.0373112   0.00282445            0   0.00756897
  0.00612696   -0.0176262  -0.00756897            0
Repeater1[0]<--->EndNode1[0]
REAL
   0.456724 -0.00456865  -0.0112135    0.363189
-0.00456865   0.0279627 -0.00221971  0.00483592
 -0.0112135 -0.00221971   0.0213049  0.00711967
   0.363189  0.00483592  0.00711967    0.494008
IMAGINARY
           0   0.00503617  -0.00355645   -0.0224675
 -0.00503617            0  0.000728373    0.0004118
  0.00355645 -0.000728373            0   0.00691352
   0.0224675   -0.0004118  -0.00691352            0
Repeater1[0]<--->HoM1[0]
REAL
   0.480795  0.00030297 -0.00309415    0.366774
 0.00030297   0.0211921 -0.00330505  0.00985922
-0.00309415 -0.00330505   0.0145695 -0.00706804
   0.366774  0.00985922 -0.00706804    0.483444
IMAGINARY
           0   -0.0373112  0.000305047  -0.00612696
   0.0373112            0   0.00282445   0.00756897
-0.000305047  -0.00282445            0    0.0176262
  0.00612696  -0.00756897   -0.0176262            0
EndNode1[0]<--->Repeater1[0]
REAL
    0.50437 -0.00400625   0.0100013    0.377966
-0.00400625   0.0149813   0.0097488  -0.0225508
  0.0100013   0.0097488   0.0137328  -0.0151483
   0.377966  -0.0225508  -0.0151483    0.466916
IMAGINARY
          0 -0.00366143  -0.0127522  -0.0206222
 0.00366143           0 -0.00630089  0.00887626
  0.0127522  0.00630089           0 -0.00796648
  0.0206222 -0.00887626  0.00796648           0
EndNode2[0]<--->HoM1[0]
REAL
   0.484127  -0.0193755   -0.021115    0.378396
 -0.0193755    0.021164 -0.00141178    -0.00534
  -0.021115 -0.00141178   0.0185185  -0.0057568
   0.378396    -0.00534  -0.0057568     0.47619
IMAGINARY
           0   -0.0218409   -0.0032183    0.0225534
   0.0218409            0 -0.000485255    0.0176414
   0.0032183  0.000485255            0   0.00741785
  -0.0225534   -0.0176414  -0.00741785            0
Repeater1[0]<--->EndNode1[0]
REAL
    0.50437   0.0100013 -0.00400625    0.377966
  0.0100013   0.0137328   0.0097488  -0.0151483
-0.00400625   0.0097488   0.0149813  -0.0225508
   0.377966  -0.0151483  -0.0225508    0.466916
IMAGINARY
          0  -0.0127522 -0.00366143  -0.0206222
  0.0127522           0  0.00630089 -0.00796648
 0.00366143 -0.00630089           0  0.00887626
  0.0206222  0.00796648 -0.00887626           0
Repeater1[0]<--->HoM1[0]
REAL
   0.484127   -0.021115  -0.0193755    0.378396
  -0.021115   0.0185185 -0.00141178  -0.0057568
 -0.0193755 -0.00141178    0.021164    -0.00534
   0.378396  -0.0057568    -0.00534     0.47619
IMAGINARY
           0   -0.0032183   -0.0218409    0.0225534
   0.0032183            0  0.000485255   0.00741785
   0.0218409 -0.000485255            0    0.0176414
  -0.0225534  -0.00741785   -0.0176414            0
EndNode1[0]<--->Repeater1[0]
REAL
   0.489474 -0.00773394   0.0180206     0.37086
-0.00773394   0.0131579   -0.013903 -0.00566694
  0.0180206   -0.013903   0.0223684 -0.00592016
    0.37086 -0.00566694 -0.00592016       0.475
IMAGINARY
          0 -0.00858021  0.00263575  0.00627298
 0.00858021           0  0.00179154 -0.00711718
-0.00263575 -0.00179154           0  0.00537918
-0.00627298  0.00711718 -0.00537918           0
EndNode2[0]<--->HoM1[0]
REAL
    0.477064   0.00325959  -0.00701133     0.378738
  0.00325959    0.0222805 -0.000325904    0.0181776
 -0.00701133 -0.000325904    0.0183486  -0.00946306
    0.378738    0.0181776  -0.00946306     0.482307
IMAGINARY
           0  -0.00584171    0.0142766  0.000633129
  0.00584171            0   0.00260941   0.00717983
  -0.0142766  -0.00260941            0  -0.00391121
-0.000633129  -0.00717983   0.00391121            0
Repeater1[0]<--->EndNode1[0]
REAL
   0.489474   0.0180206 -0.00773394     0.37086
  0.0180206   0.0223684   -0.013903 -0.00592016
-0.00773394   -0.013903   0.0131579 -0.00566694
    0.37086 -0.00592016 -0.00566694       0.475
IMAGINARY
          0  0.00263575 -0.00858021  0.00627298
-0.00263575           0 -0.00179154  0.00537918
 0.00858021  0.00179154           0 -0.00711718
-0.00627298 -0.00537918  0.00711718           0
Repeater1[0]<--->HoM1[0]
REAL
    0.477064  -0.00701133   0.00325959     0.378738
 -0.00701133    0.0183486 -0.000325904  -0.00946306
  0.00325959 -0.000325904    0.0222805    0.0181776
    0.378738  -0.00946306    0.0181776     0.482307
IMAGINARY
           0    0.0142766  -0.00584171  0.000633129
  -0.0142766            0  -0.00260941  -0.00391121
  0.00584171   0.00260941            0   0.00717983
-0.000633129   0.00391121  -0.00717983            0
EndNode1[0]<--->Repeater1[0]
REAL
  0.484354 -0.0004034  0.0217332   0.354055
-0.0004034  0.0176871 0.00723092 0.00411801
 0.0217332 0.00723092  0.0231293  0.0262546
  0.354055 0.00411801  0.0262546    0.47483
IMAGINARY
          0  -0.0127284  0.00410408   0.0106503
  0.0127284           0   0.0167928  0.00149991
-0.00410408  -0.0167928           0  0.00587906
 -0.0106503 -0.00149991 -0.00587906           0
EndNode2[0]<--->HoM1[0]
REAL
    0.47625  -0.0128775  0.00855645    0.385521
 -0.0128775      0.0225   -0.004098 -0.00526264
 0.00855645   -0.004098      0.0175 -0.00754414
   0.385521 -0.00526264 -0.00754414     0.48375
IMAGINARY
          0  -0.0142174  -0.0129315  0.00701311
  0.0142174           0  -0.0141839   0.0135885
  0.0129315   0.0141839           0   0.0135604
-0.00701311  -0.0135885  -0.0135604           0
Repeater1[0]<--->EndNode1[0]
REAL
  0.484354  0.0217332 -0.0004034   0.354055
 0.0217332  0.0231293 0.00723092  0.0262546
-0.0004034 0.00723092  0.0176871 0.00411801
  0.354055  0.0262546 0.00411801    0.47483
IMAGINARY
          0  0.00410408  -0.0127284   0.0106503
-0.00410408           0  -0.0167928  0.00587906
  0.0127284   0.0167928           0  0.00149991
 -0.0106503 -0.00587906 -0.00149991           0
Repeater1[0]<--->HoM1[0]
REAL
    0.47625  0.00855645  -0.0128775    0.385521
 0.00855645      0.0175   -0.004098 -0.00754414
 -0.0128775   -0.004098      0.0225 -0.00526264
   0.385521 -0.00754414 -0.00526264     0.48375
IMAGINARY
          0  -0.0129315  -0.0142174  0.00701311
  0.0129315           0   0.0141839   0.0135604
  0.0142174  -0.0141839           0   0.0135885
-0.00701311  -0.0135604  -0.0135885           0
EndNode1[0]<--->Repeater1[0]
REAL
   0.463131 -0.00194967  -0.0111101    0.379941
-0.00194967   0.0219922  0.00233634 -0.00376699
 -0.0111101  0.00233634   0.0206986 -0.00904645
   0.379941 -0.00376699 -0.00904645    0.494179
IMAGINARY
          0  0.00967617  -0.0111229  -0.0264023
-0.00967617           0   0.0100625  -0.0136167
  0.0111229  -0.0100625           0  0.00204258
  0.0264023   0.0136167 -0.00204258           0
EndNode2[0]<--->HoM1[0]
REAL
    0.489004   0.00499311  -0.00801415     0.379006
  0.00499311    0.0258732  -0.00384385 -0.000438389
 -0.00801415  -0.00384385    0.0155239   -0.0264496
    0.379006 -0.000438389   -0.0264496     0.469599
IMAGINARY
           0   -0.0188822    0.0308684 -0.000220046
   0.0188822            0   0.00793213   -0.0163757
  -0.0308684  -0.00793213            0  -0.00889555
 0.000220046    0.0163757   0.00889555            0
Repeater1[0]<--->EndNode1[0]
REAL
   0.463131  -0.0111101 -0.00194967    0.379941
 -0.0111101   0.0206986  0.00233634 -0.00904645
-0.00194967  0.00233634   0.0219922 -0.00376699
   0.379941 -0.00904645 -0.00376699    0.494179
IMAGINARY
          0  -0.0111229  0.00967617  -0.0264023
  0.0111229           0  -0.0100625  0.00204258
-0.00967617   0.0100625           0  -0.0136167
  0.0264023 -0.00204258   0.0136167           0
Repeater1[0]<--->HoM1[0]
REAL
    0.489004  -0.00801415   0.00499311     0.379006
 -0.00801415    0.0155239  -0.00384385   -0.0264496
  0.00499311  -0.00384385    0.0258732 -0.000438389
    0.379006   -0.0264496 -0.000438389     0.469599
IMAGINARY
           0    0.0308684   -0.0188822 -0.000220046
  -0.0308684            0  -0.00793213  -0.00889555
   0.0188822   0.00793213            0   -0.0163757
 0.000220046   0.00889555    0.0163757            0
EndNode1[0]<--->Repeater1[0]
REAL
   0.493064  0.00622495  -0.0125361    0.359124
 0.00622495   0.0189155 -0.00549904   0.0173241
 -0.0125361 -0.00549904   0.0163934 -0.00827694
   0.359124   0.0173241 -0.00827694    0.471627
IMAGINARY
          0 -0.00509867  0.00245362   0.0116956
 0.00509867           0   0.0110316  -0.0133093
-0.00245362  -0.0110316           0 -0.00703415
 -0.0116956   0.0133093  0.00703415           0
EndNode2[0]<--->HoM1[0]
REAL
   0.531328   0.0133966 -0.00622584    0.366461
  0.0133966   0.0125313  0.00717172    0.017769
-0.00622584  0.00717172   0.0200501   0.0127273
   0.366461    0.017769   0.0127273     0.43609
IMAGINARY
           0   0.00240004  -0.00328375  -0.00317183
 -0.00240004            0  -0.00836663 -0.000814612
  0.00328375   0.00836663            0    -0.024258
  0.00317183  0.000814612     0.024258            0
Repeater1[0]<--->EndNode1[0]
REAL
   0.493064  -0.0125361  0.00622495    0.359124
 -0.0125361   0.0163934 -0.00549904 -0.00827694
 0.00622495 -0.00549904   0.0189155   0.0173241
   0.359124 -0.00827694   0.0173241    0.471627
IMAGINARY
          0  0.00245362 -0.00509867   0.0116956
-0.00245362           0  -0.0110316 -0.00703415
 0.00509867   0.0110316           0  -0.0133093
 -0.0116956  0.00703415   0.0133093           0
Repeater1[0]<--->HoM1[0]
REAL
   0.531328 -0.00622584   0.0133966    0.366461
-0.00622584   0.0200501  0.00717172   0.0127273
  0.0133966  0.00717172   0.0125313    0.017769
   0.366461   0.0127273    0.017769     0.43609
IMAGINARY
           0  -0.00328375   0.00240004  -0.00317183
  0.00328375            0   0.00836663    -0.024258
 -0.00240004  -0.00836663            0 -0.000814612
  0.00317183     0.024258  0.000814612            0
EndNode1[0]<--->Repeater1[0]
REAL
   0.483418  -0.0077725  0.00518894    0.380407
 -0.0077725   0.0191327   -0.015614 -0.00719698
 0.00518894   -0.015614   0.0140306  -0.0116385
   0.380407 -0.00719698  -0.0116385    0.483418
IMAGINARY
           0   0.00324134 -0.000664684   -0.0163964
 -0.00324134            0  -0.00338528  -0.00511195
 0.000664684   0.00338528            0     0.016656
   0.0163964   0.00511195    -0.016656            0
EndNode2[0]<--->HoM1[0]
REAL
