EndNode1[0]<--->Repeater1[0]
REAL
  0.474534 0.00282994 0.00261765   0.421684
0.00282994  0.0298137 0.00341466 0.00460968
0.00261765 0.00341466  0.0360248 0.00833958
  0.421684 0.00460968 0.00833958   0.459627
IMAGINARY
          0 -0.00377355  -0.0184451  -0.0133139
 0.00377355           0 -0.00449779   0.0100317
  0.0184451  0.00449779           0  0.00257163
  0.0133139  -0.0100317 -0.00257163           0
EndNode2[0]<--->HoM1[0]
REAL
    0.476074    -0.011221   0.00131644     0.417704
   -0.011221    0.0368098 -0.000930902   -0.0314061
  0.00131644 -0.000930902    0.0306748  -0.00734499
    0.417704   -0.0314061  -0.00734499     0.456442
IMAGINARY
          0   0.0137795  -0.0513701  -0.0016761
 -0.0137795           0 -0.00408574  0.00281369
  0.0513701  0.00408574           0   0.0137795
  0.0016761 -0.00281369  -0.0137795           0
Repeater1[0]<--->EndNode1[0]
REAL
  0.474534 0.00261765 0.00282994   0.421684
0.00261765  0.0360248 0.00341466 0.00833958
0.00282994 0.00341466  0.0298137 0.00460968
  0.421684 0.00833958 0.00460968   0.459627
IMAGINARY
          0  -0.0184451 -0.00377355  -0.0133139
  0.0184451           0  0.00449779  0.00257163
 0.00377355 -0.00449779           0   0.0100317
  0.0133139 -0.00257163  -0.0100317           0
Repeater1[0]<--->HoM1[0]
REAL
    0.476074   0.00131644    -0.011221     0.417704
  0.00131644    0.0306748 -0.000930902  -0.00734499
   -0.011221 -0.000930902    0.0368098   -0.0314061
    0.417704  -0.00734499   -0.0314061     0.456442
IMAGINARY
          0  -0.0513701   0.0137795  -0.0016761
  0.0513701           0  0.00408574   0.0137795
 -0.0137795 -0.00408574           0  0.00281369
  0.0016761  -0.0137795 -0.00281369           0
EndNode1[0]<--->Repeater1[0]
REAL
   0.472119 -0.00538319  0.00551859    0.412372
-0.00538319   0.0346964   0.0163816  -0.0195135
 0.00551859   0.0163816   0.0272615 -0.00606719
   0.412372  -0.0195135 -0.00606719    0.465923
IMAGINARY
           0   -0.0114377     0.021896   0.00237861
   0.0114377            0    0.0128498  0.000660435
   -0.021896   -0.0128498            0  -0.00234678
 -0.00237861 -0.000660435   0.00234678            0
EndNode2[0]<--->HoM1[0]
REAL
   0.449689  -0.0127992   0.0116347    0.417862
 -0.0127992   0.0360248   0.0104302 0.000751218
  0.0116347   0.0104302   0.0434783  0.00562836
   0.417862 0.000751218  0.00562836    0.470807
IMAGINARY
          0  -0.0183858   0.0169625   0.0240311
  0.0183858           0  0.00154434  -0.0150068
 -0.0169625 -0.00154434           0   0.0151263
 -0.0240311   0.0150068  -0.0151263           0
Repeater1[0]<--->EndNode1[0]
REAL
   0.472119  0.00551859 -0.00538319    0.412372
 0.00551859   0.0272615   0.0163816 -0.00606719
-0.00538319   0.0163816   0.0346964  -0.0195135
   0.412372 -0.00606719  -0.0195135    0.465923
IMAGINARY
           0     0.021896   -0.0114377   0.00237861
   -0.021896            0   -0.0128498  -0.00234678
   0.0114377    0.0128498            0  0.000660435
 -0.00237861   0.00234678 -0.000660435            0
Repeater1[0]<--->HoM1[0]
REAL
   0.449689   0.0116347  -0.0127992    0.417862
  0.0116347   0.0434783   0.0104302  0.00562836
 -0.0127992   0.0104302   0.0360248 0.000751218
   0.417862  0.00562836 0.000751218    0.470807
IMAGINARY
          0   0.0169625  -0.0183858   0.0240311
 -0.0169625           0 -0.00154434   0.0151263
  0.0183858  0.00154434           0  -0.0150068
 -0.0240311  -0.0151263   0.0150068           0
EndNode1[0]<--->Repeater1[0]
REAL
   0.460441 -0.00913716 -0.00714614    0.427663
-0.00913716   0.0337224   0.0103791  -0.0157783
-0.00714614   0.0103791   0.0376135   -0.003874
   0.427663  -0.0157783   -0.003874    0.468223
IMAGINARY
          0  -0.0117058  0.00036075  -0.0062954
  0.0117058           0  -0.0106759   0.0107504
-0.00036075   0.0106759           0  0.00923664
  0.0062954  -0.0107504 -0.00923664           0
EndNode2[0]<--->HoM1[0]
REAL
  0.478927 -0.0132045 -0.0117097   0.419499
-0.0132045  0.0293742  0.0196199  0.0130051
-0.0117097  0.0196199  0.0229885 0.00284176
  0.419499  0.0130051 0.00284176    0.46871
IMAGINARY
           0  -0.00652792  -0.00156419  -0.00638653
  0.00652792            0   0.00508445  0.000961058
  0.00156419  -0.00508445            0   0.00351224
  0.00638653 -0.000961058  -0.00351224            0
Repeater1[0]<--->EndNode1[0]
REAL
   0.460441 -0.00714614 -0.00913716    0.427663
-0.00714614   0.0376135   0.0103791   -0.003874
-0.00913716   0.0103791   0.0337224  -0.0157783
   0.427663   -0.003874  -0.0157783    0.468223
IMAGINARY
          0  0.00036075  -0.0117058  -0.0062954
-0.00036075           0   0.0106759  0.00923664
  0.0117058  -0.0106759           0   0.0107504
  0.0062954 -0.00923664  -0.0107504           0
Repeater1[0]<--->HoM1[0]
REAL
  0.478927 -0.0117097 -0.0132045   0.419499
-0.0117097  0.0229885  0.0196199 0.00284176
-0.0132045  0.0196199  0.0293742  0.0130051
  0.419499 0.00284176  0.0130051    0.46871
IMAGINARY
           0  -0.00156419  -0.00652792  -0.00638653
  0.00156419            0  -0.00508445   0.00351224
  0.00652792   0.00508445            0  0.000961058
  0.00638653  -0.00351224 -0.000961058            0
EndNode1[0]<--->Repeater1[0]
REAL
   0.496222   0.0043974   0.0117442    0.422457
  0.0043974   0.0251889    0.009302 -0.00649482
  0.0117442    0.009302   0.0314861   0.0113506
   0.422457 -0.00649482   0.0113506    0.447103
IMAGINARY
          0  0.00729076   0.0100934  0.00221705
-0.00729076           0  -0.0148433  -0.0235034
 -0.0100934   0.0148433           0   0.0112278
-0.00221705   0.0235034  -0.0112278           0
EndNode2[0]<--->HoM1[0]
REAL
   0.453024 -0.00547302    0.019321    0.412142
-0.00547302    0.030888   0.0226686  -0.0186692
   0.019321   0.0226686    0.041184  0.00612491
   0.412142  -0.0186692  0.00612491    0.474903
IMAGINARY
           0  -0.00412194  0.000418499   -0.0120802
  0.00412194            0   -0.0318254    0.0206341
-0.000418499    0.0318254            0  -0.00903595
   0.0120802   -0.0206341   0.00903595            0
Repeater1[0]<--->EndNode1[0]
REAL
   0.496222   0.0117442   0.0043974    0.422457
  0.0117442   0.0314861    0.009302   0.0113506
  0.0043974    0.009302   0.0251889 -0.00649482
   0.422457   0.0113506 -0.00649482    0.447103
IMAGINARY
          0   0.0100934  0.00729076  0.00221705
 -0.0100934           0   0.0148433   0.0112278
-0.00729076  -0.0148433           0  -0.0235034
-0.00221705  -0.0112278   0.0235034           0
Repeater1[0]<--->HoM1[0]
REAL
   0.453024    0.019321 -0.00547302    0.412142
   0.019321    0.041184   0.0226686  0.00612491
-0.00547302   0.0226686    0.030888  -0.0186692
   0.412142  0.00612491  -0.0186692    0.474903
IMAGINARY
           0  0.000418499  -0.00412194   -0.0120802
-0.000418499            0    0.0318254  -0.00903595
  0.00412194   -0.0318254            0    0.0206341
   0.0120802   0.00903595   -0.0206341            0
EndNode1[0]<--->Repeater1[0]
REAL
  0.454662 0.00711765  0.0107164     0.4218
0.00711765  0.0395913 0.00831418 -0.0113517
 0.0107164 0.00831418   0.037037 0.00114156
    0.4218 -0.0113517 0.00114156    0.46871
IMAGINARY
           0  -0.00956202    0.0225341  -0.00560601
  0.00956202            0   -0.0163012  0.000366638
  -0.0225341    0.0163012            0  -0.00824968
  0.00560601 -0.000366638   0.00824968            0
EndNode2[0]<--->HoM1[0]
REAL
   0.476671 -0.00261946   0.0156806     0.42656
-0.00261946   0.0340479   0.0169069   0.0169827
  0.0156806   0.0169069   0.0302648   0.0340265
    0.42656   0.0169827   0.0340265    0.459016
IMAGINARY
          0   0.0200093  0.00958369  0.00167273
 -0.0200093           0  0.00031403  -0.0219599
-0.00958369 -0.00031403           0 -0.00392018
-0.00167273   0.0219599  0.00392018           0
Repeater1[0]<--->EndNode1[0]
REAL
  0.454662  0.0107164 0.00711765     0.4218
 0.0107164   0.037037 0.00831418 0.00114156
0.00711765 0.00831418  0.0395913 -0.0113517
    0.4218 0.00114156 -0.0113517    0.46871
IMAGINARY
           0    0.0225341  -0.00956202  -0.00560601
  -0.0225341            0    0.0163012  -0.00824968
  0.00956202   -0.0163012            0  0.000366638
  0.00560601   0.00824968 -0.000366638            0
Repeater1[0]<--->HoM1[0]
REAL
   0.476671   0.0156806 -0.00261946     0.42656
  0.0156806   0.0302648   0.0169069   0.0340265
-0.00261946   0.0169069   0.0340479   0.0169827
    0.42656   0.0340265   0.0169827    0.459016
IMAGINARY
          0  0.00958369   0.0200093  0.00167273
-0.00958369           0 -0.00031403 -0.00392018
 -0.0200093  0.00031403           0  -0.0219599
-0.00167273  0.00392018   0.0219599           0
EndNode1[0]<--->Repeater1[0]
REAL
   0.471117   0.0124358 -0.00480886    0.422898
  0.0124358   0.0333761   0.0203274   0.0106153
-0.00480886   0.0203274   0.0346598 -0.00662937
   0.422898   0.0106153 -0.00662937    0.460847
IMAGINARY
          0 -0.00101488  -0.0080089  0.00206127
 0.00101488           0  0.00904984 -0.00619949
  0.0080089 -0.00904984           0 -0.00101488
-0.00206127  0.00619949  0.00101488           0
EndNode2[0]<--->HoM1[0]
REAL
    0.481156   0.00217764 -0.000558199     0.416732
  0.00217764    0.0263819    0.0222598    -0.020662
-0.000558199    0.0222598    0.0226131   -0.0233978
    0.416732    -0.020662   -0.0233978     0.469849
IMAGINARY
          0   -0.015393   0.0109415 -0.00812998
   0.015393           0   0.0068245   0.0141841
 -0.0109415  -0.0068245           0 -0.00973263
 0.00812998  -0.0141841  0.00973263           0
Repeater1[0]<--->EndNode1[0]
REAL
   0.471117 -0.00480886   0.0124358    0.422898
-0.00480886   0.0346598   0.0203274 -0.00662937
  0.0124358   0.0203274   0.0333761   0.0106153
   0.422898 -0.00662937   0.0106153    0.460847
IMAGINARY
          0  -0.0080089 -0.00101488  0.00206127
  0.0080089           0 -0.00904984 -0.00101488
 0.00101488  0.00904984           0 -0.00619949
-0.00206127  0.00101488  0.00619949           0
Repeater1[0]<--->HoM1[0]
REAL
    0.481156 -0.000558199   0.00217764     0.416732
-0.000558199    0.0226131    0.0222598   -0.0233978
  0.00217764    0.0222598    0.0263819    -0.020662
    0.416732   -0.0233978    -0.020662     0.469849
IMAGINARY
          0   0.0109415   -0.015393 -0.00812998
 -0.0109415           0  -0.0068245 -0.00973263
   0.015393   0.0068245           0   0.0141841
 0.00812998  0.00973263  -0.0141841           0
EndNode1[0]<--->Repeater1[0]
REAL
   0.47733 -0.0134067 -0.0143318   0.416408
-0.0134067  0.0188917  0.0107954 -0.0105724
-0.0143318  0.0107954  0.0327456 -0.0127746
  0.416408 -0.0105724 -0.0127746   0.471033
IMAGINARY
          0  -0.0233415  0.00637584   0.0184521
  0.0233415           0  -0.0024093 -0.00637584
-0.00637584   0.0024093           0   0.0233415
 -0.0184521  0.00637584  -0.0233415           0
EndNode2[0]<--->HoM1[0]
REAL
   0.448363 0.000368573    0.015205    0.419953
0.000368573   0.0440806   0.0168056   0.0355196
   0.015205   0.0168056   0.0302267   0.0345458
   0.419953   0.0355196   0.0345458     0.47733
IMAGINARY
          0  -0.0195794   0.0110787 -0.00230499
  0.0195794           0   -0.007596  0.00587041
 -0.0110787    0.007596           0 -0.00463371
 0.00230499 -0.00587041  0.00463371           0
Repeater1[0]<--->EndNode1[0]
REAL
   0.47733 -0.0143318 -0.0134067   0.416408
-0.0143318  0.0327456  0.0107954 -0.0127746
-0.0134067  0.0107954  0.0188917 -0.0105724
  0.416408 -0.0127746 -0.0105724   0.471033
IMAGINARY
          0  0.00637584  -0.0233415   0.0184521
-0.00637584           0   0.0024093   0.0233415
  0.0233415  -0.0024093           0 -0.00637584
 -0.0184521  -0.0233415  0.00637584           0
Repeater1[0]<--->HoM1[0]
REAL
   0.448363    0.015205 0.000368573    0.419953
   0.015205   0.0302267   0.0168056   0.0345458
0.000368573   0.0168056   0.0440806   0.0355196
   0.419953   0.0345458   0.0355196     0.47733
IMAGINARY
          0   0.0110787  -0.0195794 -0.00230499
 -0.0110787           0    0.007596 -0.00463371
  0.0195794   -0.007596           0  0.00587041
 0.00230499  0.00463371 -0.00587041           0
EndNode1[0]<--->Repeater1[0]
REAL
   0.471178 -0.00985755 -0.00842209    0.424565
-0.00985755   0.0338346  0.00510222  -0.0299411
-0.00842209  0.00510222   0.0438596   -0.037457
   0.424565  -0.0299411   -0.037457    0.451128
IMAGINARY
          0   0.0161459  0.00244451 -0.00972965
 -0.0161459           0  -0.0129976  -0.0111693
-0.00244451   0.0129976           0 -0.00742102
 0.00972965   0.0111693  0.00742102           0
EndNode2[0]<--->HoM1[0]
REAL
   0.477124  -0.0005744 -0.00959363    0.420588
 -0.0005744   0.0339869  0.00771896 -0.00709363
-0.00959363  0.00771896   0.0339869 -0.00622412
   0.420588 -0.00709363 -0.00622412    0.454902
IMAGINARY
          0   0.0106569 -0.00446772  0.00546793
 -0.0106569           0  0.00801246 -0.00759663
 0.00446772 -0.00801246           0  -0.0133379
-0.00546793  0.00759663   0.0133379           0
Repeater1[0]<--->EndNode1[0]
REAL
   0.471178 -0.00842209 -0.00985755    0.424565
-0.00842209   0.0438596  0.00510222   -0.037457
-0.00985755  0.00510222   0.0338346  -0.0299411
   0.424565   -0.037457  -0.0299411    0.451128
IMAGINARY
          0  0.00244451   0.0161459 -0.00972965
-0.00244451           0   0.0129976 -0.00742102
 -0.0161459  -0.0129976           0  -0.0111693
 0.00972965  0.00742102   0.0111693           0
Repeater1[0]<--->HoM1[0]
REAL
   0.477124 -0.00959363  -0.0005744    0.420588
-0.00959363   0.0339869  0.00771896 -0.00622412
 -0.0005744  0.00771896   0.0339869 -0.00709363
   0.420588 -0.00622412 -0.00709363    0.454902
IMAGINARY
          0 -0.00446772   0.0106569  0.00546793
 0.00446772           0 -0.00801246  -0.0133379
 -0.0106569  0.00801246           0 -0.00759663
-0.00546793   0.0133379  0.00759663           0
EndNode1[0]<--->Repeater1[0]
REAL
   0.472793 -0.00706941 -0.00372716    0.417152
-0.00706941   0.0374849  0.00829785  -0.0104117
-0.00372716  0.00829785   0.0326481 -0.00706941
   0.417152  -0.0104117 -0.00706941    0.457074
IMAGINARY
          0  0.00412058   0.0133193  0.00841649
-0.00412058           0 -0.00453048   0.0101182
 -0.0133193  0.00453048           0  -0.0171414
-0.00841649  -0.0101182   0.0171414           0
EndNode2[0]<--->HoM1[0]
REAL
   0.481771   0.0215147   0.0121666    0.426803
  0.0215147    0.046875 -0.00257925 -0.00160755
  0.0121666 -0.00257925   0.0338542 0.000224404
   0.426803 -0.00160755 0.000224404      0.4375
IMAGINARY
          0   -0.011655   0.0231822  0.00637807
   0.011655           0   0.0166345   0.0102352
 -0.0231822  -0.0166345           0  -0.0268065
-0.00637807  -0.0102352   0.0268065           0
Repeater1[0]<--->EndNode1[0]
REAL
   0.472793 -0.00372716 -0.00706941    0.417152
-0.00372716   0.0326481  0.00829785 -0.00706941
-0.00706941  0.00829785   0.0374849  -0.0104117
   0.417152 -0.00706941  -0.0104117    0.457074
IMAGINARY
          0   0.0133193  0.00412058  0.00841649
 -0.0133193           0  0.00453048  -0.0171414
-0.00412058 -0.00453048           0   0.0101182
-0.00841649   0.0171414  -0.0101182           0
Repeater1[0]<--->HoM1[0]
REAL
   0.481771   0.0121666   0.0215147    0.426803
  0.0121666   0.0338542 -0.00257925 0.000224404
  0.0215147 -0.00257925    0.046875 -0.00160755
   0.426803 0.000224404 -0.00160755      0.4375
IMAGINARY
          0   0.0231822   -0.011655  0.00637807
 -0.0231822           0  -0.0166345  -0.0268065
   0.011655   0.0166345           0   0.0102352
-0.00637807   0.0268065  -0.0102352           0
EndNode1[0]<--->Repeater1[0]
REAL
   0.465561 -0.00819273 -0.00758528    0.431791
-0.00819273   0.0331633   0.0132918   0.0133324
-0.00758528   0.0132918   0.0293367  0.00499988
   0.431791   0.0133324  0.00499988    0.471939
IMAGINARY
          0  -0.0089233  0.00626439  0.00359477
  0.0089233           0  0.00359477 -0.00949854
-0.00626439 -0.00359477           0  0.00568915
-0.00359477  0.00949854 -0.00568915           0
EndNode2[0]<--->HoM1[0]
REAL
  0.501951  0.0115832  0.0194886   0.415807
 0.0115832   0.029909 0.00717119 0.00297607
 0.0194886 0.00717119  0.0286086 0.00574667
  0.415807 0.00297607 0.00574667   0.439532
IMAGINARY
          0 -0.00428092  0.00123523  0.00157629
 0.00428092           0 -0.00157629  -0.0131251
-0.00123523  0.00157629           0  0.00240357
-0.00157629   0.0131251 -0.00240357           0
Repeater1[0]<--->EndNode1[0]
REAL
   0.465561 -0.00758528 -0.00819273    0.431791
-0.00758528   0.0293367   0.0132918  0.00499988
-0.00819273   0.0132918   0.0331633   0.0133324
   0.431791  0.00499988   0.0133324    0.471939
IMAGINARY
          0  0.00626439  -0.0089233  0.00359477
-0.00626439           0 -0.00359477  0.00568915
  0.0089233  0.00359477           0 -0.00949854
-0.00359477 -0.00568915  0.00949854           0
Repeater1[0]<--->HoM1[0]
REAL
  0.501951  0.0194886  0.0115832   0.415807
 0.0194886  0.0286086 0.00717119 0.00574667
 0.0115832 0.00717119   0.029909 0.00297607
  0.415807 0.00574667 0.00297607   0.439532
IMAGINARY
          0  0.00123523 -0.00428092  0.00157629
-0.00123523           0  0.00157629  0.00240357
 0.00428092 -0.00157629           0  -0.0131251
-0.00157629 -0.00240357   0.0131251           0
EndNode1[0]<--->Repeater1[0]
REAL
   0.45554 0.00431293  0.0220359   0.421311
0.00431293  0.0410397   0.014305 -0.0124469
 0.0220359   0.014305  0.0410397  0.0121254
  0.421311 -0.0124469  0.0121254    0.46238
IMAGINARY
          0  0.00606336  0.00116067  -0.0110876
-0.00606336           0  -0.0148947  -0.0030715
-0.00116067   0.0148947           0  0.00476466
  0.0110876   0.0030715 -0.00476466           0
EndNode2[0]<--->HoM1[0]
REAL
   0.448787 -0.00796178 -0.00475455    0.427624
-0.00796178   0.0350404   0.0201464 0.000295953
-0.00475455   0.0201464   0.0215633 -0.00796178
   0.427624 0.000295953 -0.00796178    0.494609
IMAGINARY
          0  0.00926564  0.00697085   0.0140316
-0.00926564           0 -0.00283753  0.00253485
-0.00697085  0.00283753           0  -0.0149691
 -0.0140316 -0.00253485   0.0149691           0
Repeater1[0]<--->EndNode1[0]
REAL
   0.45554  0.0220359 0.00431293   0.421311
 0.0220359  0.0410397   0.014305  0.0121254
0.00431293   0.014305  0.0410397 -0.0124469
  0.421311  0.0121254 -0.0124469    0.46238
IMAGINARY
          0  0.00116067  0.00606336  -0.0110876
-0.00116067           0   0.0148947  0.00476466
-0.00606336  -0.0148947           0  -0.0030715
  0.0110876 -0.00476466   0.0030715           0
Repeater1[0]<--->HoM1[0]
REAL
   0.448787 -0.00475455 -0.00796178    0.427624
-0.00475455   0.0215633   0.0201464 -0.00796178
-0.00796178   0.0201464   0.0350404 0.000295953
   0.427624 -0.00796178 0.000295953    0.494609
IMAGINARY
          0  0.00697085  0.00926564   0.0140316
-0.00697085           0  0.00283753  -0.0149691
-0.00926564 -0.00283753           0  0.00253485
 -0.0140316   0.0149691 -0.00253485           0
EndNode1[0]<--->Repeater1[0]
REAL
    0.477612    0.0143615  -0.00213336     0.424472
   0.0143615    0.0325645    0.0124526    0.0133029
 -0.00213336    0.0124526    0.0420624 -0.000563869
    0.424472    0.0133029 -0.000563869     0.447761
IMAGINARY
          0  0.00284926   0.0157901  -0.0189674
-0.00284926           0   0.0108928  -0.0015398
 -0.0157901  -0.0108928           0  -0.0158604
  0.0189674   0.0015398   0.0158604           0
EndNode2[0]<--->HoM1[0]
REAL
  0.485958  0.0247387 -0.0106772   0.417882
 0.0247387    0.02442  0.0103298 0.00312048
-0.0106772  0.0103298   0.030525 -0.0108848
  0.417882 0.00312048 -0.0108848   0.459096
IMAGINARY
          0  0.00571875  0.00375924 -0.00501742
-0.00571875           0  0.00242675  -0.0284988
-0.00375924 -0.00242675           0   0.0177187
 0.00501742   0.0284988  -0.0177187           0
Repeater1[0]<--->EndNode1[0]
REAL
    0.477612  -0.00213336    0.0143615     0.424472
 -0.00213336    0.0420624    0.0124526 -0.000563869
   0.0143615    0.0124526    0.0325645    0.0133029
    0.424472 -0.000563869    0.0133029     0.447761
IMAGINARY
          0   0.0157901  0.00284926  -0.0189674
 -0.0157901           0  -0.0108928  -0.0158604
-0.00284926   0.0108928           0  -0.0015398
  0.0189674   0.0158604   0.0015398           0
Repeater1[0]<--->HoM1[0]
REAL
  0.485958 -0.0106772  0.0247387   0.417882
-0.0106772   0.030525  0.0103298 -0.0108848
 0.0247387  0.0103298    0.02442 0.00312048
  0.417882 -0.0108848 0.00312048   0.459096
IMAGINARY
          0  0.00375924  0.00571875 -0.00501742
-0.00375924           0 -0.00242675   0.0177187
-0.00571875  0.00242675           0  -0.0284988
 0.00501742  -0.0177187   0.0284988           0
EndNode1[0]<--->Repeater1[0]
REAL
   0.477394 -0.00793007  -0.0246098    0.415453
-0.00793007   0.0332447  0.00580697 -0.00163687
 -0.0246098  0.00580697   0.0305851  -0.0104426
   0.415453 -0.00163687  -0.0104426    0.458777
IMAGINARY
           0    0.0126238  0.000852683  -0.00688041
  -0.0126238            0   -0.0105389  -0.00878919
-0.000852683    0.0105389            0  -0.00712929
  0.00688041   0.00878919   0.00712929            0
EndNode2[0]<--->HoM1[0]
REAL
    0.48249  0.00699709  0.00472371    0.415803
 0.00699709   0.0415045   0.0222389 -0.00906076
 0.00472371   0.0222389   0.0337224  -0.0113341
   0.415803 -0.00906076  -0.0113341    0.442283
IMAGINARY
          0   0.0103826  -0.0155729  -0.0190811
 -0.0103826           0 -0.00277679   0.0168105
  0.0155729  0.00277679           0 -0.00171927
  0.0190811  -0.0168105  0.00171927           0
Repeater1[0]<--->EndNode1[0]
REAL
   0.477394  -0.0246098 -0.00793007    0.415453
 -0.0246098   0.0305851  0.00580697  -0.0104426
-0.00793007  0.00580697   0.0332447 -0.00163687
   0.415453  -0.0104426 -0.00163687    0.458777
IMAGINARY
           0  0.000852683    0.0126238  -0.00688041
-0.000852683            0    0.0105389  -0.00712929
  -0.0126238   -0.0105389            0  -0.00878919
  0.00688041   0.00712929   0.00878919            0
Repeater1[0]<--->HoM1[0]
REAL
    0.48249  0.00472371  0.00699709    0.415803
 0.00472371   0.0337224   0.0222389  -0.0113341
 0.00699709   0.0222389   0.0415045 -0.00906076
   0.415803  -0.0113341 -0.00906076    0.442283
IMAGINARY
          0  -0.0155729   0.0103826  -0.0190811
  0.0155729           0  0.00277679 -0.00171927
 -0.0103826 -0.00277679           0   0.0168105
  0.0190811  0.00171927  -0.0168105           0
EndNode1[0]<--->Repeater1[0]
REAL
  0.457375 -0.0104692 0.00114614   0.414341
-0.0104692  0.0311231  0.0116863 -0.0189544
0.00114614  0.0116863    0.02977 -0.0155582
  0.414341 -0.0189544 -0.0155582   0.481732
IMAGINARY
          0  0.00211905  0.00562476  -0.0140453
-0.00211905           0  -0.0121393  -0.0113138
-0.00562476   0.0121393           0  0.00989107
  0.0140453   0.0113138 -0.00989107           0
EndNode2[0]<--->HoM1[0]
REAL
   0.462173  0.00406274 -0.00588293    0.427293
 0.00406274   0.0261348   0.0207271 0.000932435
-0.00588293   0.0207271   0.0412655 -0.00901323
   0.427293 0.000932435 -0.00901323    0.470426
IMAGINARY
          0  0.00571014  -0.0154944 -0.00836304
-0.00571014           0  -0.0202994  0.00539336
  0.0154944   0.0202994           0  0.00439087
 0.00836304 -0.00539336 -0.00439087           0
Repeater1[0]<--->EndNode1[0]
REAL
  0.457375 0.00114614 -0.0104692   0.414341
0.00114614    0.02977  0.0116863 -0.0155582
-0.0104692  0.0116863  0.0311231 -0.0189544
  0.414341 -0.0155582 -0.0189544   0.481732
IMAGINARY
          0  0.00562476  0.00211905  -0.0140453
-0.00562476           0   0.0121393  0.00989107
-0.00211905  -0.0121393           0  -0.0113138
  0.0140453 -0.00989107   0.0113138           0
Repeater1[0]<--->HoM1[0]
REAL
   0.462173 -0.00588293  0.00406274    0.427293
-0.00588293   0.0412655   0.0207271 -0.00901323
 0.00406274   0.0207271   0.0261348 0.000932435
   0.427293 -0.00901323 0.000932435    0.470426
IMAGINARY
          0  -0.0154944  0.00571014 -0.00836304
  0.0154944           0   0.0202994  0.00439087
-0.00571014  -0.0202994           0  0.00539336
 0.00836304 -0.00439087 -0.00539336           0
EndNode1[0]<--->Repeater1[0]
REAL
   0.477444   0.0175845  0.00414944    0.416333
  0.0175845   0.0313283   0.0109618 -0.00116971
 0.00414944   0.0109618   0.0350877  -0.0134128
   0.416333 -0.00116971  -0.0134128     0.45614
IMAGINARY
          0 -0.00618073   -0.002316    0.008203
 0.00618073           0  -0.0154878  0.00487354
   0.002316   0.0154878           0  0.00362319
  -0.008203 -0.00487354 -0.00362319           0
EndNode2[0]<--->HoM1[0]
REAL
   0.456274 -0.00204884 -0.00473785    0.429124
-0.00204884   0.0316857   0.0126894  0.00541444
-0.00473785   0.0126894   0.0418251  0.00407861
   0.429124  0.00541444  0.00407861    0.470215
IMAGINARY
           0   0.00428487   0.00829468  -0.00478698
 -0.00428487            0  0.000930938   0.00702565
 -0.00829468 -0.000930938            0 -0.000106598
  0.00478698  -0.00702565  0.000106598            0
Repeater1[0]<--->EndNode1[0]
REAL
   0.477444  0.00414944   0.0175845    0.416333
 0.00414944   0.0350877   0.0109618  -0.0134128
  0.0175845   0.0109618   0.0313283 -0.00116971
   0.416333  -0.0134128 -0.00116971     0.45614
IMAGINARY
          0   -0.002316 -0.00618073    0.008203
   0.002316           0   0.0154878  0.00362319
 0.00618073  -0.0154878           0  0.00487354
  -0.008203 -0.00362319 -0.00487354           0
Repeater1[0]<--->HoM1[0]
REAL
   0.456274 -0.00473785 -0.00204884    0.429124
-0.00473785   0.0418251   0.0126894  0.00407861
-0.00204884   0.0126894   0.0316857  0.00541444
   0.429124  0.00407861  0.00541444    0.470215
IMAGINARY
           0   0.00829468   0.00428487  -0.00478698
 -0.00829468            0 -0.000930938 -0.000106598
 -0.00428487  0.000930938            0   0.00702565
  0.00478698  0.000106598  -0.00702565            0
EndNode1[0]<--->Repeater1[0]
REAL
  0.482846 0.00610587  0.0191072   0.424052
0.00610587   0.025413  0.0172718 0.00149204
 0.0191072  0.0172718  0.0266836  0.0182387
  0.424052 0.00149204  0.0182387   0.465057
IMAGINARY
          0   -0.010723  -0.0140688 -0.00776624
   0.010723           0  -0.0153316   0.0249647
  0.0140688   0.0153316           0  -0.0038048
 0.00776624  -0.0249647   0.0038048           0
EndNode2[0]<--->HoM1[0]
REAL
    0.49729  -0.0203757  0.00153018     0.42743
 -0.0203757   0.0298103    0.010318 -0.00749044
 0.00153018    0.010318   0.0365854   0.0104419
    0.42743 -0.00749044   0.0104419    0.436314
IMAGINARY
          0  0.00225196  -0.0122848  0.00812743
-0.00225196           0   0.0112025 -0.00776867
  0.0122848  -0.0112025           0  0.00710633
-0.00812743  0.00776867 -0.00710633           0
Repeater1[0]<--->EndNode1[0]
REAL
  0.482846  0.0191072 0.00610587   0.424052
 0.0191072  0.0266836  0.0172718  0.0182387
0.00610587  0.0172718   0.025413 0.00149204
  0.424052  0.0182387 0.00149204   0.465057
IMAGINARY
          0  -0.0140688   -0.010723 -0.00776624
  0.0140688           0   0.0153316  -0.0038048
   0.010723  -0.0153316           0   0.0249647
 0.00776624   0.0038048  -0.0249647           0
Repeater1[0]<--->HoM1[0]
REAL
    0.49729  0.00153018  -0.0203757     0.42743
 0.00153018   0.0365854    0.010318   0.0104419
 -0.0203757    0.010318   0.0298103 -0.00749044
    0.42743   0.0104419 -0.00749044    0.436314
IMAGINARY
          0  -0.0122848  0.00225196  0.00812743
  0.0122848           0  -0.0112025  0.00710633
-0.00225196   0.0112025           0 -0.00776867
-0.00812743 -0.00710633  0.00776867           0
EndNode1[0]<--->Repeater1[0]
REAL
   0.481434   0.0182759  0.00482686    0.417877
  0.0182759   0.0473752   0.0120596  0.00854894
 0.00482686   0.0120596   0.0345711 -0.00617398
   0.417877  0.00854894 -0.00617398     0.43662
IMAGINARY
           0    0.0100959 -0.000454083  -0.00637162
  -0.0100959            0   0.00509936   0.00460921
 0.000454083  -0.00509936            0  -0.00871085
  0.00637162  -0.00460921   0.00871085            0
EndNode2[0]<--->HoM1[0]
REAL
   0.467463 -0.00566802  -0.0126214    0.426581
-0.00566802   0.0385126   0.0105918 -0.00570318
 -0.0126214   0.0105918   0.0411687  -0.0126566
   0.426581 -0.00570318  -0.0126566    0.452855
IMAGINARY
          0  -0.0133514  0.00635358   0.0145888
  0.0133514           0 -0.00374865   0.0166816
-0.00635358  0.00374865           0 -0.00697383
 -0.0145888  -0.0166816  0.00697383           0
Repeater1[0]<--->EndNode1[0]
REAL
   0.481434  0.00482686   0.0182759    0.417877
 0.00482686   0.0345711   0.0120596 -0.00617398
  0.0182759   0.0120596   0.0473752  0.00854894
   0.417877 -0.00617398  0.00854894     0.43662
IMAGINARY
           0 -0.000454083    0.0100959  -0.00637162
 0.000454083            0  -0.00509936  -0.00871085
  -0.0100959   0.00509936            0   0.00460921
  0.00637162   0.00871085  -0.00460921            0
Repeater1[0]<--->HoM1[0]
REAL
   0.467463  -0.0126214 -0.00566802    0.426581
 -0.0126214   0.0411687   0.0105918  -0.0126566
-0.00566802   0.0105918   0.0385126 -0.00570318
   0.426581  -0.0126566 -0.00570318    0.452855
IMAGINARY
          0  0.00635358  -0.0133514   0.0145888
-0.00635358           0  0.00374865 -0.00697383
  0.0133514 -0.00374865           0   0.0166816
 -0.0145888  0.00697383  -0.0166816           0
EndNode1[0]<--->Repeater1[0]
REAL
   0.483829  -0.0123609  0.00425385    0.422473
 -0.0123609   0.0426908  0.00954135 -0.00734409
 0.00425385  0.00954135   0.0504528   0.0105068
   0.422473 -0.00734409   0.0105068    0.423027
IMAGINARY
          0 -0.00539613 -0.00165001  -0.0153655
 0.00539613           0   0.0228895   0.0138139
 0.00165001  -0.0228895           0 -0.00164613
  0.0153655  -0.0138139  0.00164613           0
EndNode2[0]<--->HoM1[0]
REAL
   0.458281   0.0153297   0.0235814    0.408694
  0.0153297   0.0323786   0.0237734 -0.00280215
  0.0235814   0.0237734   0.0423412   0.0106443
   0.408694 -0.00280215   0.0106443    0.466999
IMAGINARY
          0 -0.00485734   0.0161715   0.0283104
 0.00485734           0   0.0124675    0.012929
 -0.0161715  -0.0124675           0  -0.0149839
 -0.0283104   -0.012929   0.0149839           0
Repeater1[0]<--->EndNode1[0]
REAL
   0.483829  0.00425385  -0.0123609    0.422473
 0.00425385   0.0504528  0.00954135   0.0105068
 -0.0123609  0.00954135   0.0426908 -0.00734409
   0.422473   0.0105068 -0.00734409    0.423027
IMAGINARY
          0 -0.00165001 -0.00539613  -0.0153655
 0.00165001           0  -0.0228895 -0.00164613
 0.00539613   0.0228895           0   0.0138139
  0.0153655  0.00164613  -0.0138139           0
Repeater1[0]<--->HoM1[0]
REAL
   0.458281   0.0235814   0.0153297    0.408694
  0.0235814   0.0423412   0.0237734   0.0106443
  0.0153297   0.0237734   0.0323786 -0.00280215
   0.408694   0.0106443 -0.00280215    0.466999
IMAGINARY
          0   0.0161715 -0.00485734   0.0283104
 -0.0161715           0  -0.0124675  -0.0149839
 0.00485734   0.0124675           0    0.012929
 -0.0283104   0.0149839   -0.012929           0
EndNode1[0]<--->Repeater1[0]
REAL
   0.452507   0.0069925 0.000482439    0.406776
  0.0069925   0.0448549   0.0139184  0.00509377
0.000482439   0.0139184   0.0329815 -0.00141629
   0.406776  0.00509377 -0.00141629    0.469657
IMAGINARY
           0  -0.00376373  -0.00478328 -0.000984765
  0.00376373            0  -0.00479187   -0.0112266
  0.00478328   0.00479187            0    0.0136159
 0.000984765    0.0112266   -0.0136159            0
EndNode2[0]<--->HoM1[0]
REAL
    0.467901 -0.000664491  -0.00226173     0.426556
-0.000664491    0.0296296   0.00267111   0.00029581
 -0.00226173   0.00267111    0.0382716  -0.00130143
    0.426556   0.00029581  -0.00130143     0.464198
IMAGINARY
           0    0.0168849  -0.00557439   0.00422752
  -0.0168849            0   0.00236879  -0.00623664
  0.00557439  -0.00236879            0  0.000175428
 -0.00422752   0.00623664 -0.000175428            0
Repeater1[0]<--->EndNode1[0]
REAL
   0.452507 0.000482439   0.0069925    0.406776
0.000482439   0.0329815   0.0139184 -0.00141629
  0.0069925   0.0139184   0.0448549  0.00509377
   0.406776 -0.00141629  0.00509377    0.469657
IMAGINARY
           0  -0.00478328  -0.00376373 -0.000984765
  0.00478328            0   0.00479187    0.0136159
  0.00376373  -0.00479187            0   -0.0112266
 0.000984765   -0.0136159    0.0112266            0
Repeater1[0]<--->HoM1[0]
REAL
    0.467901  -0.00226173 -0.000664491     0.426556
 -0.00226173    0.0382716   0.00267111  -0.00130143
-0.000664491   0.00267111    0.0296296   0.00029581
    0.426556  -0.00130143   0.00029581     0.464198
IMAGINARY
           0  -0.00557439    0.0168849   0.00422752
  0.00557439            0  -0.00236879  0.000175428
  -0.0168849   0.00236879            0  -0.00623664
 -0.00422752 -0.000175428   0.00623664            0
EndNode1[0]<--->Repeater1[0]
REAL
  0.449541 -0.0201485 0.00853199   0.397472
-0.0201485   0.034076  0.0231005 -0.0293653
0.00853199  0.0231005  0.0353866 0.00582555
  0.397472 -0.0293653 0.00582555   0.480996
IMAGINARY
          0   0.0272412  -0.0138536  0.00219827
 -0.0272412           0 -0.00461372  -0.0276036
  0.0138536  0.00461372           0  0.00165332
-0.00219827   0.0276036 -0.00165332           0
EndNode2[0]<--->HoM1[0]
REAL
  0.466033  0.0297545 0.00219024   0.419137
 0.0297545    0.03125  0.0157815 0.00219024
0.00219024  0.0157815  0.0475543 -0.0178646
  0.419137 0.00219024 -0.0178646   0.455163
IMAGINARY
          0   0.0159608   -0.001729  0.00118993
 -0.0159608           0  -0.0200456  -0.0110227
   0.001729   0.0200456           0   0.0102137
-0.00118993   0.0110227  -0.0102137           0
Repeater1[0]<--->EndNode1[0]
REAL
  0.449541 0.00853199 -0.0201485   0.397472
0.00853199  0.0353866  0.0231005 0.00582555
-0.0201485  0.0231005   0.034076 -0.0293653
  0.397472 0.00582555 -0.0293653   0.480996
IMAGINARY
          0  -0.0138536   0.0272412  0.00219827
  0.0138536           0  0.00461372  0.00165332
 -0.0272412 -0.00461372           0  -0.0276036
-0.00219827 -0.00165332   0.0276036           0
Repeater1[0]<--->HoM1[0]
REAL
  0.466033 0.00219024  0.0297545   0.419137
0.00219024  0.0475543  0.0157815 -0.0178646
 0.0297545  0.0157815    0.03125 0.00219024
  0.419137 -0.0178646 0.00219024   0.455163
IMAGINARY
          0   -0.001729   0.0159608  0.00118993
   0.001729           0   0.0200456   0.0102137
 -0.0159608  -0.0200456           0  -0.0110227
-0.00118993  -0.0102137   0.0110227           0
EndNode1[0]<--->Repeater1[0]
REAL
   0.484029 -0.00624255  -0.0118587    0.413387
-0.00624255    0.041769   0.0116461  0.00583461
 -0.0118587   0.0116461   0.0405405  0.00289583
   0.413387  0.00583461  0.00289583    0.433661
IMAGINARY
           0    0.0102838   0.00264621   0.00162168
  -0.0102838            0 -0.000298932   -0.0101089
 -0.00264621  0.000298932            0   0.00837294
 -0.00162168    0.0101089  -0.00837294            0
EndNode2[0]<--->HoM1[0]
REAL
    0.485751    0.0292601    0.0073363     0.410725
   0.0292601    0.0336788    0.0184782   0.00340959
   0.0073363    0.0184782    0.0336788 -0.000815091
    0.410725   0.00340959 -0.000815091     0.446891
IMAGINARY
          0 -0.00232264 -0.00512516 -0.00899045
 0.00232264           0   0.0130776   0.0162947
 0.00512516  -0.0130776           0 -0.00621875
 0.00899045  -0.0162947  0.00621875           0
Repeater1[0]<--->EndNode1[0]
REAL
   0.484029  -0.0118587 -0.00624255    0.413387
 -0.0118587   0.0405405   0.0116461  0.00289583
-0.00624255   0.0116461    0.041769  0.00583461
   0.413387  0.00289583  0.00583461    0.433661
IMAGINARY
           0   0.00264621    0.0102838   0.00162168
 -0.00264621            0  0.000298932   0.00837294
  -0.0102838 -0.000298932            0   -0.0101089
 -0.00162168  -0.00837294    0.0101089            0
Repeater1[0]<--->HoM1[0]
REAL
    0.485751    0.0073363    0.0292601     0.410725
   0.0073363    0.0336788    0.0184782 -0.000815091
   0.0292601    0.0184782    0.0336788   0.00340959
    0.410725 -0.000815091   0.00340959     0.446891
IMAGINARY
          0 -0.00512516 -0.00232264 -0.00899045
 0.00512516           0  -0.0130776 -0.00621875
 0.00232264   0.0130776           0   0.0162947
 0.00899045  0.00621875  -0.0162947           0
EndNode1[0]<--->Repeater1[0]
REAL
   0.458015 -0.00107723  -0.0111994    0.414756
-0.00107723   0.0394402   0.0117333 -0.00210854
 -0.0111994   0.0117333   0.0368957  -0.0198353
   0.414756 -0.00210854  -0.0198353    0.465649
IMAGINARY
          0  0.00907921  -0.0106617 -0.00674139
-0.00907921           0 -0.00424762   0.0144401
  0.0106617  0.00424762           0  0.00603414
 0.00674139  -0.0144401 -0.00603414           0
EndNode2[0]<--->HoM1[0]
REAL
  0.470588  -0.032761  -0.022596   0.419563
 -0.032761  0.0362954  0.0159637 -0.0181935
 -0.022596  0.0159637  0.0300375 -0.0067127
  0.419563 -0.0181935 -0.0067127   0.463079
IMAGINARY
           0   -0.0300159    0.0208391 -0.000970082
   0.0300159            0  -0.00294637    0.0125799
  -0.0208391   0.00294637            0  -0.00725912
 0.000970082   -0.0125799   0.00725912            0
Repeater1[0]<--->EndNode1[0]
REAL
   0.458015  -0.0111994 -0.00107723    0.414756
 -0.0111994   0.0368957   0.0117333  -0.0198353
-0.00107723   0.0117333   0.0394402 -0.00210854
   0.414756  -0.0198353 -0.00210854    0.465649
IMAGINARY
          0  -0.0106617  0.00907921 -0.00674139
  0.0106617           0  0.00424762  0.00603414
-0.00907921 -0.00424762           0   0.0144401
 0.00674139 -0.00603414  -0.0144401           0
Repeater1[0]<--->HoM1[0]
REAL
  0.470588  -0.022596  -0.032761   0.419563
 -0.022596  0.0300375  0.0159637 -0.0067127
 -0.032761  0.0159637  0.0362954 -0.0181935
  0.419563 -0.0067127 -0.0181935   0.463079
IMAGINARY
           0    0.0208391   -0.0300159 -0.000970082
  -0.0208391            0   0.00294637  -0.00725912
   0.0300159  -0.00294637            0    0.0125799
 0.000970082   0.00725912   -0.0125799            0
EndNode1[0]<--->Repeater1[0]
REAL
    0.46397  -0.0111984 -0.00318565    0.413549
 -0.0111984   0.0316056   0.0257684  -0.0391658
-0.00318565   0.0257684   0.0429836  -0.0286246
   0.413549  -0.0391658  -0.0286246    0.461441
IMAGINARY
          0 -0.00308204   0.0134685  0.00694354
 0.00308204           0  -0.0249991 -0.00723411
 -0.0134685   0.0249991           0 -0.00564614
-0.00694354  0.00723411  0.00564614           0
EndNode2[0]<--->HoM1[0]
REAL
   0.472798 -0.00439741  -0.0267829    0.417739
-0.00439741   0.0297927  0.00707268   0.0104922
 -0.0267829  0.00707268   0.0272021  -0.0269309
   0.417739   0.0104922  -0.0269309    0.470207
IMAGINARY
          0   0.0077543  0.00782897   0.0244212
 -0.0077543           0  -0.0163567  -0.0104956
-0.00782897   0.0163567           0 -0.00642096
 -0.0244212   0.0104956  0.00642096           0
Repeater1[0]<--->EndNode1[0]
REAL
    0.46397 -0.00318565  -0.0111984    0.413549
-0.00318565   0.0429836   0.0257684  -0.0286246
 -0.0111984   0.0257684   0.0316056  -0.0391658
   0.413549  -0.0286246  -0.0391658    0.461441
IMAGINARY
          0   0.0134685 -0.00308204  0.00694354
 -0.0134685           0   0.0249991 -0.00564614
 0.00308204  -0.0249991           0 -0.00723411
-0.00694354  0.00564614  0.00723411           0
Repeater1[0]<--->HoM1[0]
REAL
   0.472798  -0.0267829 -0.00439741    0.417739
 -0.0267829   0.0272021  0.00707268  -0.0269309
-0.00439741  0.00707268   0.0297927   0.0104922
   0.417739  -0.0269309   0.0104922    0.470207
IMAGINARY
          0  0.00782897   0.0077543   0.0244212
-0.00782897           0   0.0163567 -0.00642096
 -0.0077543  -0.0163567           0  -0.0104956
 -0.0244212  0.00642096   0.0104956           0
EndNode1[0]<--->Repeater1[0]
REAL
   0.477793  -0.0226099  -0.0156328     0.43224
 -0.0226099   0.0363392   0.0140097 -0.00936717
 -0.0156328   0.0140097   0.0336474   0.0213599
    0.43224 -0.00936717   0.0213599    0.452221
IMAGINARY
          0  0.00314498    0.013424 -0.00129779
-0.00314498           0  0.00193636   0.0147261
  -0.013424 -0.00193636           0  -0.0353166
 0.00129779  -0.0147261   0.0353166           0
EndNode2[0]<--->HoM1[0]
REAL
   0.442077 -0.00268925  0.00288889    0.419386
-0.00268925   0.0306258  0.00909578  -0.0273556
 0.00288889  0.00909578   0.0439414  -0.0205228
   0.419386  -0.0273556  -0.0205228    0.483356
IMAGINARY
