EndNode1[0]<--->Repeater1[0]
REAL
  0.474265 0.00529784 0.00606627   0.282309
0.00529784  0.0355392 -0.0187383 0.00539332
0.00606627 -0.0187383  0.0367647  0.0109868
  0.282309 0.00539332  0.0109868   0.453431
IMAGINARY
          0 -0.00397381   0.0228334  -0.0402282
 0.00397381           0    0.014759 -0.00712662
 -0.0228334   -0.014759           0  -0.0091152
  0.0402282  0.00712662   0.0091152           0
EndNode2[0]<--->HoM1[0]
REAL
   0.483916  -0.0147527  -0.0097269    0.282438
 -0.0147527   0.0405594  0.00158178 -0.00338172
 -0.0097269  0.00158178   0.0363636  -0.0220763
   0.282438 -0.00338172  -0.0220763    0.439161
IMAGINARY
           0   0.00697182   0.00680497  -0.00818131
 -0.00697182            0  -0.00433516  0.000751703
 -0.00680497   0.00433516            0  -0.00193403
  0.00818131 -0.000751703   0.00193403            0
Repeater1[0]<--->EndNode1[0]
REAL
  0.474265 0.00606627 0.00529784   0.282309
0.00606627  0.0367647 -0.0187383  0.0109868
0.00529784 -0.0187383  0.0355392 0.00539332
  0.282309  0.0109868 0.00539332   0.453431
IMAGINARY
          0   0.0228334 -0.00397381  -0.0402282
 -0.0228334           0   -0.014759  -0.0091152
 0.00397381    0.014759           0 -0.00712662
  0.0402282   0.0091152  0.00712662           0
Repeater1[0]<--->HoM1[0]
REAL
   0.483916  -0.0097269  -0.0147527    0.282438
 -0.0097269   0.0363636  0.00158178  -0.0220763
 -0.0147527  0.00158178   0.0405594 -0.00338172
   0.282438  -0.0220763 -0.00338172    0.439161
IMAGINARY
           0   0.00680497   0.00697182  -0.00818131
 -0.00680497            0   0.00433516  -0.00193403
 -0.00697182  -0.00433516            0  0.000751703
  0.00818131   0.00193403 -0.000751703            0
EndNode1[0]<--->Repeater1[0]
REAL
   0.460847 -0.00958112  -0.0137677    0.268738
-0.00958112   0.0397946   0.0220191  0.00285631
 -0.0137677   0.0220191   0.0282413  0.00252079
   0.268738  0.00285631  0.00252079    0.471117
IMAGINARY
          0  -0.0132808  -0.0058274 -0.00810122
  0.0132808           0  0.00873816  -0.0256687
  0.0058274 -0.00873816           0  0.00671916
 0.00810122   0.0256687 -0.00671916           0
EndNode2[0]<--->HoM1[0]
REAL
    0.496671   -0.0031742 -0.000280013     0.284587
  -0.0031742    0.0306258    0.0100901  -0.00415598
-0.000280013    0.0100901    0.0332889   0.00127306
    0.284587  -0.00415598   0.00127306     0.439414
IMAGINARY
          0   0.0171967  -0.0103178  0.00383632
 -0.0171967           0  0.00383632    0.016358
  0.0103178 -0.00383632           0 -0.00981413
-0.00383632   -0.016358  0.00981413           0
Repeater1[0]<--->EndNode1[0]
REAL
   0.460847  -0.0137677 -0.00958112    0.268738
 -0.0137677   0.0282413   0.0220191  0.00252079
-0.00958112   0.0220191   0.0397946  0.00285631
   0.268738  0.00252079  0.00285631    0.471117
IMAGINARY
          0  -0.0058274  -0.0132808 -0.00810122
  0.0058274           0 -0.00873816  0.00671916
  0.0132808  0.00873816           0  -0.0256687
 0.00810122 -0.00671916   0.0256687           0
Repeater1[0]<--->HoM1[0]
REAL
    0.496671 -0.000280013   -0.0031742     0.284587
-0.000280013    0.0332889    0.0100901   0.00127306
  -0.0031742    0.0100901    0.0306258  -0.00415598
    0.284587   0.00127306  -0.00415598     0.439414
IMAGINARY
          0  -0.0103178   0.0171967  0.00383632
  0.0103178           0 -0.00383632 -0.00981413
 -0.0171967  0.00383632           0    0.016358
-0.00383632  0.00981413   -0.016358           0
EndNode1[0]<--->Repeater1[0]
REAL
   0.473062 -0.00140853 -0.00301474    0.288727
-0.00140853   0.0328515   -0.010501  -0.0158025
-0.00301474   -0.010501   0.0354796  0.00544079
   0.288727  -0.0158025  0.00544079    0.458607
IMAGINARY
           0   0.00923783   0.00255761   -0.0118486
 -0.00923783            0    0.0220267 -0.000627106
 -0.00255761   -0.0220267            0    0.0274417
   0.0118486  0.000627106   -0.0274417            0
EndNode2[0]<--->HoM1[0]
REAL
    0.48808  0.00031755 -0.00488073    0.285304
 0.00031755   0.0313676 0.000965267  0.00229006
-0.00488073 0.000965267   0.0351317 -0.00938491
   0.285304  0.00229006 -0.00938491     0.44542
IMAGINARY
          0  0.00706705   0.0137997  0.00571894
-0.00706705           0 -0.00130532   0.0137997
 -0.0137997  0.00130532           0  -0.0269644
-0.00571894  -0.0137997   0.0269644           0
Repeater1[0]<--->EndNode1[0]
REAL
   0.473062 -0.00301474 -0.00140853    0.288727
-0.00301474   0.0354796   -0.010501  0.00544079
-0.00140853   -0.010501   0.0328515  -0.0158025
   0.288727  0.00544079  -0.0158025    0.458607
IMAGINARY
           0   0.00255761   0.00923783   -0.0118486
 -0.00255761            0   -0.0220267    0.0274417
 -0.00923783    0.0220267            0 -0.000627106
   0.0118486   -0.0274417  0.000627106            0
Repeater1[0]<--->HoM1[0]
REAL
    0.48808 -0.00488073  0.00031755    0.285304
-0.00488073   0.0351317 0.000965267 -0.00938491
 0.00031755 0.000965267   0.0313676  0.00229006
   0.285304 -0.00938491  0.00229006     0.44542
IMAGINARY
          0   0.0137997  0.00706705  0.00571894
 -0.0137997           0  0.00130532  -0.0269644
-0.00706705 -0.00130532           0   0.0137997
-0.00571894   0.0269644  -0.0137997           0
EndNode1[0]<--->Repeater1[0]
REAL
   0.487406  0.00318415   0.0343105    0.278679
 0.00318415   0.0352645 -0.00119539 -0.00980717
  0.0343105 -0.00119539   0.0264484  0.00807413
   0.278679 -0.00980717  0.00807413    0.450882
IMAGINARY
          0   0.0141567 -0.00408488 -0.00821325
 -0.0141567           0  -0.0116807 -0.00912267
 0.00408488   0.0116807           0 -0.00472273
 0.00821325  0.00912267  0.00472273           0
EndNode2[0]<--->HoM1[0]
REAL
    0.465894   -0.0145915  -0.00809943     0.269522
  -0.0145915     0.036036 -0.000991131   -0.0224597
 -0.00809943 -0.000991131    0.0514801   0.00483856
    0.269522   -0.0224597   0.00483856     0.446589
IMAGINARY
          0 -0.00857012   0.0170365  -0.0048924
 0.00857012           0   0.0194043   0.0060404
 -0.0170365  -0.0194043           0 -0.00553245
  0.0048924  -0.0060404  0.00553245           0
Repeater1[0]<--->EndNode1[0]
REAL
   0.487406   0.0343105  0.00318415    0.278679
  0.0343105   0.0264484 -0.00119539  0.00807413
 0.00318415 -0.00119539   0.0352645 -0.00980717
   0.278679  0.00807413 -0.00980717    0.450882
IMAGINARY
          0 -0.00408488   0.0141567 -0.00821325
 0.00408488           0   0.0116807 -0.00472273
 -0.0141567  -0.0116807           0 -0.00912267
 0.00821325  0.00472273  0.00912267           0
Repeater1[0]<--->HoM1[0]
REAL
    0.465894  -0.00809943   -0.0145915     0.269522
 -0.00809943    0.0514801 -0.000991131   0.00483856
  -0.0145915 -0.000991131     0.036036   -0.0224597
    0.269522   0.00483856   -0.0224597     0.446589
IMAGINARY
          0   0.0170365 -0.00857012  -0.0048924
 -0.0170365           0  -0.0194043 -0.00553245
 0.00857012   0.0194043           0   0.0060404
  0.0048924  0.00553245  -0.0060404           0
EndNode1[0]<--->Repeater1[0]
REAL
    0.44994  -0.0100473   0.0146743     0.27593
 -0.0100473   0.0349819 -0.00393536  -0.0190113
  0.0146743 -0.00393536   0.0361882 -0.00172467
    0.27593  -0.0190113 -0.00172467     0.47889
IMAGINARY
          0   0.0173942 -0.00468417  0.00425072
 -0.0173942           0   0.0100722 -0.00404067
 0.00468417  -0.0100722           0   0.0128071
-0.00425072  0.00404067  -0.0128071           0
EndNode2[0]<--->HoM1[0]
REAL
  0.451572 0.00372382 0.00183904   0.284582
0.00372382  0.0415094 -0.0204183  0.0106774
0.00183904 -0.0204183  0.0440252  0.0153803
  0.284582  0.0106774  0.0153803   0.462893
IMAGINARY
          0  0.00684812 -0.00726338   0.0179783
-0.00684812           0  0.00223029   0.0110134
 0.00726338 -0.00223029           0  -0.0280981
 -0.0179783  -0.0110134   0.0280981           0
Repeater1[0]<--->EndNode1[0]
REAL
    0.44994   0.0146743  -0.0100473     0.27593
  0.0146743   0.0361882 -0.00393536 -0.00172467
 -0.0100473 -0.00393536   0.0349819  -0.0190113
    0.27593 -0.00172467  -0.0190113     0.47889
IMAGINARY
          0 -0.00468417   0.0173942  0.00425072
 0.00468417           0  -0.0100722   0.0128071
 -0.0173942   0.0100722           0 -0.00404067
-0.00425072  -0.0128071  0.00404067           0
Repeater1[0]<--->HoM1[0]
REAL
  0.451572 0.00183904 0.00372382   0.284582
0.00183904  0.0440252 -0.0204183  0.0153803
0.00372382 -0.0204183  0.0415094  0.0106774
  0.284582  0.0153803  0.0106774   0.462893
IMAGINARY
          0 -0.00726338  0.00684812   0.0179783
 0.00726338           0 -0.00223029  -0.0280981
-0.00684812  0.00223029           0   0.0110134
 -0.0179783   0.0280981  -0.0110134           0
EndNode1[0]<--->Repeater1[0]
REAL
  0.481333 -0.0214158  0.0159897   0.274197
-0.0214158      0.024  0.0020456  0.0185407
 0.0159897  0.0020456  0.0373333 0.00622241
  0.274197  0.0185407 0.00622241   0.457333
IMAGINARY
          0  -0.0013151  -0.0104442  0.00886599
  0.0013151           0   0.0150085 -0.00980892
  0.0104442  -0.0150085           0 -0.00374819
-0.00886599  0.00980892  0.00374819           0
EndNode2[0]<--->HoM1[0]
REAL
   0.464241 -0.00623979 -0.00305314    0.273132
-0.00623979    0.033877 -0.00491993  -0.0188012
-0.00305314 -0.00491993   0.0401506 -0.00104498
   0.273132  -0.0188012 -0.00104498    0.461731
IMAGINARY
          0   0.0116252  -0.0140916  0.00791478
 -0.0116252           0 -0.00336342  -0.0173511
  0.0140916  0.00336342           0  -0.0097756
-0.00791478   0.0173511   0.0097756           0
Repeater1[0]<--->EndNode1[0]
REAL
  0.481333  0.0159897 -0.0214158   0.274197
 0.0159897  0.0373333  0.0020456 0.00622241
-0.0214158  0.0020456      0.024  0.0185407
  0.274197 0.00622241  0.0185407   0.457333
IMAGINARY
          0  -0.0104442  -0.0013151  0.00886599
  0.0104442           0  -0.0150085 -0.00374819
  0.0013151   0.0150085           0 -0.00980892
-0.00886599  0.00374819  0.00980892           0
Repeater1[0]<--->HoM1[0]
REAL
   0.464241 -0.00305314 -0.00623979    0.273132
-0.00305314   0.0401506 -0.00491993 -0.00104498
-0.00623979 -0.00491993    0.033877  -0.0188012
   0.273132 -0.00104498  -0.0188012    0.461731
IMAGINARY
          0  -0.0140916   0.0116252  0.00791478
  0.0140916           0  0.00336342  -0.0097756
 -0.0116252 -0.00336342           0  -0.0173511
-0.00791478   0.0097756   0.0173511           0
EndNode1[0]<--->Repeater1[0]
REAL
  0.446891 0.00203208  0.0260129   0.286807
0.00203208  0.0375648  0.0041983 -0.0154309
 0.0260129  0.0041983  0.0414508  0.0191319
  0.286807 -0.0154309  0.0191319   0.474093
IMAGINARY
          0 -0.00716377  -0.0158146   0.0167276
 0.00716377           0 -0.00865309   0.0226469
  0.0158146  0.00865309           0  0.00405818
 -0.0167276  -0.0226469 -0.00405818           0
EndNode2[0]<--->HoM1[0]
REAL
   0.459603 -0.00462656  -0.0244301    0.272722
-0.00462656   0.0397351   0.0063181   0.0168543
 -0.0244301   0.0063181   0.0225166 -0.00926233
   0.272722   0.0168543 -0.00926233    0.478146
IMAGINARY
          0 -0.00501104   0.0219012  0.00246937
 0.00501104           0  0.00186768  0.00303323
 -0.0219012 -0.00186768           0 -0.00942466
-0.00246937 -0.00303323  0.00942466           0
Repeater1[0]<--->EndNode1[0]
REAL
  0.446891  0.0260129 0.00203208   0.286807
 0.0260129  0.0414508  0.0041983  0.0191319
0.00203208  0.0041983  0.0375648 -0.0154309
  0.286807  0.0191319 -0.0154309   0.474093
IMAGINARY
          0  -0.0158146 -0.00716377   0.0167276
  0.0158146           0  0.00865309  0.00405818
 0.00716377 -0.00865309           0   0.0226469
 -0.0167276 -0.00405818  -0.0226469           0
Repeater1[0]<--->HoM1[0]
REAL
   0.459603  -0.0244301 -0.00462656    0.272722
 -0.0244301   0.0225166   0.0063181 -0.00926233
-0.00462656   0.0063181   0.0397351   0.0168543
   0.272722 -0.00926233   0.0168543    0.478146
IMAGINARY
          0   0.0219012 -0.00501104  0.00246937
 -0.0219012           0 -0.00186768 -0.00942466
 0.00501104  0.00186768           0  0.00303323
-0.00246937  0.00942466 -0.00303323           0
EndNode1[0]<--->Repeater1[0]
REAL
   0.459064 -0.00065549  -0.0116822    0.274308
-0.00065549   0.0409357  0.00578988   0.0116822
 -0.0116822  0.00578988   0.0438596    0.011712
   0.274308   0.0116822    0.011712     0.45614
IMAGINARY
          0  0.00664035 -0.00427959  -0.0148375
-0.00664035           0   0.0173189 -0.00365692
 0.00427959  -0.0173189           0  0.00261891
  0.0148375  0.00365692 -0.00261891           0
EndNode2[0]<--->HoM1[0]
REAL
   0.433653  -0.0109602   0.0043572    0.285217
 -0.0109602   0.0396717   0.0184238 -0.00630779
  0.0043572   0.0184238   0.0355677   0.0129108
   0.285217 -0.00630779   0.0129108    0.491108
IMAGINARY
          0   0.0188309  -0.0171364  -0.0020716
 -0.0188309           0  -0.0101865 -0.00250873
  0.0171364   0.0101865           0  0.00588392
  0.0020716  0.00250873 -0.00588392           0
Repeater1[0]<--->EndNode1[0]
REAL
   0.459064  -0.0116822 -0.00065549    0.274308
 -0.0116822   0.0438596  0.00578988    0.011712
-0.00065549  0.00578988   0.0409357   0.0116822
   0.274308    0.011712   0.0116822     0.45614
IMAGINARY
          0 -0.00427959  0.00664035  -0.0148375
 0.00427959           0  -0.0173189  0.00261891
-0.00664035   0.0173189           0 -0.00365692
  0.0148375 -0.00261891  0.00365692           0
Repeater1[0]<--->HoM1[0]
REAL
   0.433653   0.0043572  -0.0109602    0.285217
  0.0043572   0.0355677   0.0184238   0.0129108
 -0.0109602   0.0184238   0.0396717 -0.00630779
   0.285217   0.0129108 -0.00630779    0.491108
IMAGINARY
          0  -0.0171364   0.0188309  -0.0020716
  0.0171364           0   0.0101865  0.00588392
 -0.0188309  -0.0101865           0 -0.00250873
  0.0020716 -0.00588392  0.00250873           0
EndNode1[0]<--->Repeater1[0]
REAL
    0.443559  -0.00315657    0.0130144     0.296858
 -0.00315657    0.0332005 -0.000420626   -0.0282816
   0.0130144 -0.000420626    0.0318725   0.00315657
    0.296858   -0.0282816   0.00315657     0.491368
IMAGINARY
          0  0.00354062   0.0124139  0.00650672
-0.00354062           0  0.00777899   -0.022618
 -0.0124139 -0.00777899           0   0.0134662
-0.00650672    0.022618  -0.0134662           0
EndNode2[0]<--->HoM1[0]
REAL
   0.463904 -0.00107797  -0.0122358    0.293381
-0.00107797   0.0427807  0.00187507   0.0178538
 -0.0122358  0.00187507   0.0347594  0.00419907
   0.293381   0.0178538  0.00419907    0.458556
IMAGINARY
           0    -0.017707  -0.00484238    0.0127968
    0.017707            0  0.000786664  -0.00352312
  0.00484238 -0.000786664            0    0.0234985
  -0.0127968   0.00352312   -0.0234985            0
Repeater1[0]<--->EndNode1[0]
REAL
    0.443559    0.0130144  -0.00315657     0.296858
   0.0130144    0.0318725 -0.000420626   0.00315657
 -0.00315657 -0.000420626    0.0332005   -0.0282816
    0.296858   0.00315657   -0.0282816     0.491368
IMAGINARY
          0   0.0124139  0.00354062  0.00650672
 -0.0124139           0 -0.00777899   0.0134662
-0.00354062  0.00777899           0   -0.022618
-0.00650672  -0.0134662    0.022618           0
Repeater1[0]<--->HoM1[0]
REAL
   0.463904  -0.0122358 -0.00107797    0.293381
 -0.0122358   0.0347594  0.00187507  0.00419907
-0.00107797  0.00187507   0.0427807   0.0178538
   0.293381  0.00419907   0.0178538    0.458556
IMAGINARY
           0  -0.00484238    -0.017707    0.0127968
  0.00484238            0 -0.000786664    0.0234985
    0.017707  0.000786664            0  -0.00352312
  -0.0127968   -0.0234985   0.00352312            0
EndNode1[0]<--->Repeater1[0]
REAL
   0.475091 -0.00217003   0.0142412    0.269521
-0.00217003   0.0473876  0.00798231  -0.0148593
  0.0142412  0.00798231   0.0303767  -0.0132811
   0.269521  -0.0148593  -0.0132811    0.447145
IMAGINARY
          0 -0.00182843    0.013998   0.0114027
 0.00182843           0   -0.018702 -0.00502369
  -0.013998    0.018702           0  0.00823869
 -0.0114027  0.00502369 -0.00823869           0
EndNode2[0]<--->HoM1[0]
REAL
   0.472222  0.00533123 -0.00353541    0.279179
 0.00533123   0.0383598  -0.0125945   0.0170489
-0.00353541  -0.0125945   0.0224868 -0.00410273
   0.279179   0.0170489 -0.00410273    0.466931
IMAGINARY
           0    0.0153247  -0.00922003   -0.0226222
  -0.0153247            0     0.012572  -0.00363344
  0.00922003    -0.012572            0  9.94148e-05
   0.0226222   0.00363344 -9.94148e-05            0
Repeater1[0]<--->EndNode1[0]
REAL
   0.475091   0.0142412 -0.00217003    0.269521
  0.0142412   0.0303767  0.00798231  -0.0132811
-0.00217003  0.00798231   0.0473876  -0.0148593
   0.269521  -0.0132811  -0.0148593    0.447145
IMAGINARY
          0    0.013998 -0.00182843   0.0114027
  -0.013998           0    0.018702  0.00823869
 0.00182843   -0.018702           0 -0.00502369
 -0.0114027 -0.00823869  0.00502369           0
Repeater1[0]<--->HoM1[0]
REAL
   0.472222 -0.00353541  0.00533123    0.279179
-0.00353541   0.0224868  -0.0125945 -0.00410273
 0.00533123  -0.0125945   0.0383598   0.0170489
   0.279179 -0.00410273   0.0170489    0.466931
IMAGINARY
           0  -0.00922003    0.0153247   -0.0226222
  0.00922003            0    -0.012572  9.94148e-05
  -0.0153247     0.012572            0  -0.00363344
   0.0226222 -9.94148e-05   0.00363344            0
EndNode1[0]<--->Repeater1[0]
REAL
   0.486284 -0.00479852 -0.00815917    0.280489
-0.00479852   0.0511222 -0.00851402     0.01007
-0.00815917 -0.00851402   0.0274314 -0.00220785
   0.280489     0.01007 -0.00220785    0.435162
IMAGINARY
          0  -0.0190395   0.0164393  -0.0147435
  0.0190395           0   0.0107857  0.00402103
 -0.0164393  -0.0107857           0 -0.00269963
  0.0147435 -0.00402103  0.00269963           0
EndNode2[0]<--->HoM1[0]
REAL
  0.422336 -0.0169518  0.0167047   0.274181
-0.0169518  0.0308087  -0.011255  0.0104075
 0.0167047  -0.011255   0.042362 0.00875511
  0.274181  0.0104075 0.00875511   0.504493
IMAGINARY
          0 -0.00995704   0.0132304  0.00640315
 0.00995704           0   0.0129477   0.0173288
 -0.0132304  -0.0129477           0 -0.00109628
-0.00640315  -0.0173288  0.00109628           0
Repeater1[0]<--->EndNode1[0]
REAL
   0.486284 -0.00815917 -0.00479852    0.280489
-0.00815917   0.0274314 -0.00851402 -0.00220785
-0.00479852 -0.00851402   0.0511222     0.01007
   0.280489 -0.00220785     0.01007    0.435162
IMAGINARY
          0   0.0164393  -0.0190395  -0.0147435
 -0.0164393           0  -0.0107857 -0.00269963
  0.0190395   0.0107857           0  0.00402103
  0.0147435  0.00269963 -0.00402103           0
Repeater1[0]<--->HoM1[0]
REAL
  0.422336  0.0167047 -0.0169518   0.274181
 0.0167047   0.042362  -0.011255 0.00875511
-0.0169518  -0.011255  0.0308087  0.0104075
  0.274181 0.00875511  0.0104075   0.504493
IMAGINARY
          0   0.0132304 -0.00995704  0.00640315
 -0.0132304           0  -0.0129477 -0.00109628
 0.00995704   0.0129477           0   0.0173288
-0.00640315  0.00109628  -0.0173288           0
EndNode1[0]<--->Repeater1[0]
REAL
       0.49 -0.00160619  0.00184687    0.298554
-0.00160619     0.03375  -0.0164527   0.0130688
 0.00184687  -0.0164527     0.03125  0.00614575
   0.298554   0.0130688  0.00614575       0.445
IMAGINARY
           0  -0.00893413 -8.85492e-05    0.0132732
  0.00893413            0   -0.0112969    0.0227276
 8.85492e-05    0.0112969            0  0.000525331
  -0.0132732   -0.0227276 -0.000525331            0
EndNode2[0]<--->HoM1[0]
REAL
    0.423027   0.00630129 -9.38677e-05     0.257432
  0.00630129    0.0465718   0.00870718    0.0153192
-9.38677e-05   0.00870718    0.0323415   0.00161588
    0.257432    0.0153192   0.00161588      0.49806
IMAGINARY
          0   0.0246154  -0.0105266  0.00811486
 -0.0246154           0   0.0245083  -0.0124326
  0.0105266  -0.0245083           0  -0.0156868
-0.00811486   0.0124326   0.0156868           0
Repeater1[0]<--->EndNode1[0]
REAL
       0.49  0.00184687 -0.00160619    0.298554
 0.00184687     0.03125  -0.0164527  0.00614575
-0.00160619  -0.0164527     0.03375   0.0130688
   0.298554  0.00614575   0.0130688       0.445
IMAGINARY
           0 -8.85492e-05  -0.00893413    0.0132732
 8.85492e-05            0    0.0112969  0.000525331
  0.00893413   -0.0112969            0    0.0227276
  -0.0132732 -0.000525331   -0.0227276            0
Repeater1[0]<--->HoM1[0]
REAL
    0.423027 -9.38677e-05   0.00630129     0.257432
-9.38677e-05    0.0323415   0.00870718   0.00161588
  0.00630129   0.00870718    0.0465718    0.0153192
    0.257432   0.00161588    0.0153192      0.49806
IMAGINARY
          0  -0.0105266   0.0246154  0.00811486
  0.0105266           0  -0.0245083  -0.0156868
 -0.0246154   0.0245083           0  -0.0124326
-0.00811486   0.0156868   0.0124326           0
EndNode1[0]<--->Repeater1[0]
REAL
  0.456839 0.00415387 0.00688291    0.26876
0.00415387  0.0411687 0.00916918 -0.0245941
0.00688291 0.00916918  0.0305445 -0.0368514
   0.26876 -0.0245941 -0.0368514   0.471448
IMAGINARY
          0  -0.0116584  0.00158738   0.0155873
  0.0116584           0  -0.0174011  0.00736402
-0.00158738   0.0174011           0   0.0078221
 -0.0155873 -0.00736402  -0.0078221           0
EndNode2[0]<--->HoM1[0]
REAL
   0.458435   -0.030684  -0.0183243    0.250004
  -0.030684   0.0342298 0.000323041  -0.0228521
 -0.0183243 0.000323041   0.0501222 -0.00395651
   0.250004  -0.0228521 -0.00395651    0.457213
IMAGINARY
           0    0.0252007 -0.000291188   -0.0109888
  -0.0252007            0  -0.00593829  -0.00162452
 0.000291188   0.00593829            0   -0.0105136
   0.0109888   0.00162452    0.0105136            0
Repeater1[0]<--->EndNode1[0]
REAL
  0.456839 0.00688291 0.00415387    0.26876
0.00688291  0.0305445 0.00916918 -0.0368514
0.00415387 0.00916918  0.0411687 -0.0245941
   0.26876 -0.0368514 -0.0245941   0.471448
IMAGINARY
          0  0.00158738  -0.0116584   0.0155873
-0.00158738           0   0.0174011   0.0078221
  0.0116584  -0.0174011           0  0.00736402
 -0.0155873  -0.0078221 -0.00736402           0
Repeater1[0]<--->HoM1[0]
REAL
   0.458435  -0.0183243   -0.030684    0.250004
 -0.0183243   0.0501222 0.000323041 -0.00395651
  -0.030684 0.000323041   0.0342298  -0.0228521
   0.250004 -0.00395651  -0.0228521    0.457213
IMAGINARY
           0 -0.000291188    0.0252007   -0.0109888
 0.000291188            0   0.00593829   -0.0105136
  -0.0252007  -0.00593829            0  -0.00162452
   0.0109888    0.0105136   0.00162452            0
EndNode1[0]<--->Repeater1[0]
REAL
   0.465587  -0.0244083 -0.00737413    0.265926
 -0.0244083   0.0337382  -0.0172214  -0.0042839
-0.00737413  -0.0172214   0.0269906   0.0101596
   0.265926  -0.0042839   0.0101596    0.473684
IMAGINARY
         0 -0.0206408  0.0158724 -0.0163094
 0.0206408          0  0.0169352  0.0132478
-0.0158724 -0.0169352          0  0.0101079
 0.0163094 -0.0132478 -0.0101079          0
EndNode2[0]<--->HoM1[0]
REAL
   0.470199   0.0219785 0.000662076    0.273323
  0.0219785   0.0463576 -0.00213684   0.0162871
0.000662076 -0.00213684   0.0397351  -0.0022045
   0.273323   0.0162871  -0.0022045    0.443709
IMAGINARY
          0  0.00407922  0.00484789  -0.0103775
-0.00407922           0  0.00782643 -0.00546139
-0.00484789 -0.00782643           0 -0.00469271
  0.0103775  0.00546139  0.00469271           0
Repeater1[0]<--->EndNode1[0]
REAL
   0.465587 -0.00737413  -0.0244083    0.265926
-0.00737413   0.0269906  -0.0172214   0.0101596
 -0.0244083  -0.0172214   0.0337382  -0.0042839
   0.265926   0.0101596  -0.0042839    0.473684
IMAGINARY
         0  0.0158724 -0.0206408 -0.0163094
-0.0158724          0 -0.0169352  0.0101079
 0.0206408  0.0169352          0  0.0132478
 0.0163094 -0.0101079 -0.0132478          0
Repeater1[0]<--->HoM1[0]
REAL
   0.470199 0.000662076   0.0219785    0.273323
0.000662076   0.0397351 -0.00213684  -0.0022045
  0.0219785 -0.00213684   0.0463576   0.0162871
   0.273323  -0.0022045   0.0162871    0.443709
IMAGINARY
          0  0.00484789  0.00407922  -0.0103775
-0.00484789           0 -0.00782643 -0.00469271
-0.00407922  0.00782643           0 -0.00546139
  0.0103775  0.00469271  0.00546139           0
EndNode1[0]<--->Repeater1[0]
REAL
  0.457565 0.00504371  0.0349058   0.284448
0.00504371  0.0258303 -0.0135058  0.0109058
 0.0349058 -0.0135058  0.0344403  0.0211343
  0.284448  0.0109058  0.0211343   0.482165
IMAGINARY
          0   0.0179414 -0.00677211 -0.00412968
 -0.0179414           0 -0.00787032 -0.00473684
 0.00677211  0.00787032           0  -0.0115475
 0.00412968  0.00473684   0.0115475           0
EndNode2[0]<--->HoM1[0]
REAL
   0.486842   0.0173506  -0.0077826    0.285997
  0.0173506       0.025 -0.00123734   0.0104564
 -0.0077826 -0.00123734   0.0289474  -0.0133399
   0.285997   0.0104564  -0.0133399    0.459211
IMAGINARY
          0  0.00479612 -0.00233992   0.0182868
-0.00479612           0  -0.0129249  0.00171414
 0.00233992   0.0129249           0  -0.0191891
 -0.0182868 -0.00171414   0.0191891           0
Repeater1[0]<--->EndNode1[0]
REAL
  0.457565  0.0349058 0.00504371   0.284448
 0.0349058  0.0344403 -0.0135058  0.0211343
0.00504371 -0.0135058  0.0258303  0.0109058
  0.284448  0.0211343  0.0109058   0.482165
IMAGINARY
          0 -0.00677211   0.0179414 -0.00412968
 0.00677211           0  0.00787032  -0.0115475
 -0.0179414 -0.00787032           0 -0.00473684
 0.00412968   0.0115475  0.00473684           0
Repeater1[0]<--->HoM1[0]
REAL
   0.486842  -0.0077826   0.0173506    0.285997
 -0.0077826   0.0289474 -0.00123734  -0.0133399
  0.0173506 -0.00123734       0.025   0.0104564
   0.285997  -0.0133399   0.0104564    0.459211
IMAGINARY
          0 -0.00233992  0.00479612   0.0182868
 0.00233992           0   0.0129249  -0.0191891
-0.00479612  -0.0129249           0  0.00171414
 -0.0182868   0.0191891 -0.00171414           0
EndNode1[0]<--->Repeater1[0]
REAL
   0.453368  -0.0141818  0.00328934    0.278593
 -0.0141818   0.0336788 -0.00956451  0.00458468
 0.00328934 -0.00956451   0.0362694  0.00893251
   0.278593  0.00458468  0.00893251    0.476684
IMAGINARY
          0  0.00190533 -0.00602845  0.00382781
-0.00190533           0  0.00964928   0.0139232
 0.00602845 -0.00964928           0 -0.00848428
-0.00382781  -0.0139232  0.00848428           0
EndNode2[0]<--->HoM1[0]
REAL
   0.489144 -0.00535849  -0.0296637    0.278253
-0.00535849   0.0217114 -0.00923175   0.0228703
 -0.0296637 -0.00923175   0.0421456   0.0039998
   0.278253   0.0228703   0.0039998    0.446999
IMAGINARY
          0   -0.016204 -0.00176647  0.00742517
   0.016204           0   0.0093707   0.0153438
 0.00176647  -0.0093707           0  0.00734919
-0.00742517  -0.0153438 -0.00734919           0
Repeater1[0]<--->EndNode1[0]
REAL
   0.453368  0.00328934  -0.0141818    0.278593
 0.00328934   0.0362694 -0.00956451  0.00893251
 -0.0141818 -0.00956451   0.0336788  0.00458468
   0.278593  0.00893251  0.00458468    0.476684
IMAGINARY
          0 -0.00602845  0.00190533  0.00382781
 0.00602845           0 -0.00964928 -0.00848428
-0.00190533  0.00964928           0   0.0139232
-0.00382781  0.00848428  -0.0139232           0
Repeater1[0]<--->HoM1[0]
REAL
   0.489144  -0.0296637 -0.00535849    0.278253
 -0.0296637   0.0421456 -0.00923175   0.0039998
-0.00535849 -0.00923175   0.0217114   0.0228703
   0.278253   0.0039998   0.0228703    0.446999
IMAGINARY
          0 -0.00176647   -0.016204  0.00742517
 0.00176647           0  -0.0093707  0.00734919
   0.016204   0.0093707           0   0.0153438
-0.00742517 -0.00734919  -0.0153438           0
EndNode1[0]<--->Repeater1[0]
REAL
   0.443106 -0.00953778   0.0206263    0.282096
-0.00953778    0.042838 -0.00589913  -0.0186858
  0.0206263 -0.00589913   0.0334672   0.0127719
   0.282096  -0.0186858   0.0127719    0.480589
IMAGINARY
          0  0.00740612  -0.0141131 -0.00907094
-0.00740612           0  0.00218734 -0.00568252
  0.0141131 -0.00218734           0   0.0149438
 0.00907094  0.00568252  -0.0149438           0
EndNode2[0]<--->HoM1[0]
REAL
    0.453125    0.0157411 -0.000564516     0.274071
   0.0157411    0.0408654   -0.0103208    0.0155645
-0.000564516   -0.0103208    0.0432692    0.0130089
    0.274071    0.0155645    0.0130089      0.46274
IMAGINARY
          0  -0.0124692   0.0190326    -0.04888
  0.0124692           0   0.0146335 -0.00448229
 -0.0190326  -0.0146335           0  0.00982375
    0.04888  0.00448229 -0.00982375           0
Repeater1[0]<--->EndNode1[0]
REAL
   0.443106   0.0206263 -0.00953778    0.282096
  0.0206263   0.0334672 -0.00589913   0.0127719
-0.00953778 -0.00589913    0.042838  -0.0186858
   0.282096   0.0127719  -0.0186858    0.480589
IMAGINARY
          0  -0.0141131  0.00740612 -0.00907094
  0.0141131           0 -0.00218734   0.0149438
-0.00740612  0.00218734           0 -0.00568252
 0.00907094  -0.0149438  0.00568252           0
Repeater1[0]<--->HoM1[0]
REAL
    0.453125 -0.000564516    0.0157411     0.274071
-0.000564516    0.0432692   -0.0103208    0.0130089
   0.0157411   -0.0103208    0.0408654    0.0155645
    0.274071    0.0130089    0.0155645      0.46274
IMAGINARY
          0   0.0190326  -0.0124692    -0.04888
 -0.0190326           0  -0.0146335  0.00982375
  0.0124692   0.0146335           0 -0.00448229
    0.04888 -0.00982375  0.00448229           0
EndNode1[0]<--->Repeater1[0]
REAL
   0.446809  0.00394055   0.0258484    0.268942
 0.00394055   0.0362954  0.00762494 -0.00268761
  0.0258484  0.00762494   0.0425532  0.00832103
   0.268942 -0.00268761  0.00832103    0.474343
IMAGINARY
          0   0.0169933  0.00765965 -0.00653372
 -0.0169933           0 -0.00080124  -0.0220629
-0.00765965  0.00080124           0  -0.0108204
 0.00653372   0.0220629   0.0108204           0
EndNode2[0]<--->HoM1[0]
REAL
   0.439241 -0.00952565   0.0160975    0.283662
-0.00952565   0.0379747   0.0112743  -0.0110342
  0.0160975   0.0112743   0.0392405 -0.00819587
   0.283662  -0.0110342 -0.00819587    0.483544
IMAGINARY
          0  -0.0152564  0.00715832   0.0139839
  0.0152564           0   0.0170972 -0.00342698
-0.00715832  -0.0170972           0   0.0102813
 -0.0139839  0.00342698  -0.0102813           0
Repeater1[0]<--->EndNode1[0]
REAL
   0.446809   0.0258484  0.00394055    0.268942
  0.0258484   0.0425532  0.00762494  0.00832103
 0.00394055  0.00762494   0.0362954 -0.00268761
   0.268942  0.00832103 -0.00268761    0.474343
IMAGINARY
          0  0.00765965   0.0169933 -0.00653372
-0.00765965           0  0.00080124  -0.0108204
 -0.0169933 -0.00080124           0  -0.0220629
 0.00653372   0.0108204   0.0220629           0
Repeater1[0]<--->HoM1[0]
REAL
   0.439241   0.0160975 -0.00952565    0.283662
  0.0160975   0.0392405   0.0112743 -0.00819587
-0.00952565   0.0112743   0.0379747  -0.0110342
   0.283662 -0.00819587  -0.0110342    0.483544
IMAGINARY
          0  0.00715832  -0.0152564   0.0139839
-0.00715832           0  -0.0170972   0.0102813
  0.0152564   0.0170972           0 -0.00342698
 -0.0139839  -0.0102813  0.00342698           0
EndNode1[0]<--->Repeater1[0]
REAL
   0.444892 -0.00855591  0.00394229    0.278421
-0.00855591   0.0215054  -0.0165789   0.0328998
 0.00394229  -0.0165789   0.0376344   0.0151349
   0.278421   0.0328998   0.0151349    0.495968
IMAGINARY
          0    -0.00125  0.00321066  -0.0146284
    0.00125           0   0.0134029 -0.00821066
-0.00321066  -0.0134029           0    -0.00125
  0.0146284  0.00821066     0.00125           0
EndNode2[0]<--->HoM1[0]
REAL
   0.465995  -0.0027027  0.00245289     0.28412
 -0.0027027   0.0352645   0.0107206 -0.00490989
 0.00245289   0.0107206   0.0289673  0.00638821
    0.28412 -0.00490989  0.00638821    0.469773
IMAGINARY
           0    0.0203912   0.00090435 -0.000961795
  -0.0203912            0   -0.0174593   0.00771634
 -0.00090435    0.0174593            0  0.000544805
 0.000961795  -0.00771634 -0.000544805            0
Repeater1[0]<--->EndNode1[0]
REAL
   0.444892  0.00394229 -0.00855591    0.278421
 0.00394229   0.0376344  -0.0165789   0.0151349
-0.00855591  -0.0165789   0.0215054   0.0328998
   0.278421   0.0151349   0.0328998    0.495968
IMAGINARY
          0  0.00321066    -0.00125  -0.0146284
-0.00321066           0  -0.0134029    -0.00125
    0.00125   0.0134029           0 -0.00821066
  0.0146284     0.00125  0.00821066           0
Repeater1[0]<--->HoM1[0]
REAL
   0.465995  0.00245289  -0.0027027     0.28412
 0.00245289   0.0289673   0.0107206  0.00638821
 -0.0027027   0.0107206   0.0352645 -0.00490989
    0.28412  0.00638821 -0.00490989    0.469773
IMAGINARY
           0   0.00090435    0.0203912 -0.000961795
 -0.00090435            0    0.0174593  0.000544805
  -0.0203912   -0.0174593            0   0.00771634
 0.000961795 -0.000544805  -0.00771634            0
EndNode1[0]<--->Repeater1[0]
REAL
    0.455598    0.0248261   0.00178411     0.275697
   0.0248261     0.041184  -0.00706977    0.0210917
  0.00178411  -0.00706977     0.039897 -0.000643081
    0.275697    0.0210917 -0.000643081      0.46332
IMAGINARY
           0    0.0108747  -0.00185627    0.0127565
  -0.0108747            0   -0.0102249 -0.000570919
  0.00185627    0.0102249            0    0.0121836
  -0.0127565  0.000570919   -0.0121836            0
EndNode2[0]<--->HoM1[0]
REAL
    0.48249  0.00915967  0.00537435    0.273931
 0.00915967   0.0363165 -0.00126313  -0.0126017
 0.00537435 -0.00126313   0.0376135  -0.0203292
   0.273931  -0.0126017  -0.0203292     0.44358
IMAGINARY
          0   0.0100653  -0.0115883 -0.00524051
 -0.0100653           0   0.0212048 -0.00391562
  0.0115883  -0.0212048           0 -0.00489732
 0.00524051  0.00391562  0.00489732           0
Repeater1[0]<--->EndNode1[0]
REAL
    0.455598   0.00178411    0.0248261     0.275697
  0.00178411     0.039897  -0.00706977 -0.000643081
   0.0248261  -0.00706977     0.041184    0.0210917
    0.275697 -0.000643081    0.0210917      0.46332
IMAGINARY
           0  -0.00185627    0.0108747    0.0127565
  0.00185627            0    0.0102249    0.0121836
  -0.0108747   -0.0102249            0 -0.000570919
  -0.0127565   -0.0121836  0.000570919            0
Repeater1[0]<--->HoM1[0]
REAL
    0.48249  0.00537435  0.00915967    0.273931
 0.00537435   0.0376135 -0.00126313  -0.0203292
 0.00915967 -0.00126313   0.0363165  -0.0126017
   0.273931  -0.0203292  -0.0126017     0.44358
IMAGINARY
          0  -0.0115883   0.0100653 -0.00524051
  0.0115883           0  -0.0212048 -0.00489732
 -0.0100653   0.0212048           0 -0.00391562
 0.00524051  0.00489732  0.00391562           0
EndNode1[0]<--->Repeater1[0]
REAL
   0.500632 -0.00653429  -0.0100382    0.263961
-0.00653429   0.0366625 -0.00282758  -0.0230252
 -0.0100382 -0.00282758   0.0391909 -0.00898527
   0.263961  -0.0230252 -0.00898527    0.423515
IMAGINARY
          0 -0.00623055  -0.0180986 -0.00219254
 0.00623055           0  0.00546052  0.00527806
  0.0180986 -0.00546052           0  0.00317805
 0.00219254 -0.00527806 -0.00317805           0
EndNode2[0]<--->HoM1[0]
REAL
   0.455729  0.00888475 -0.00611257    0.262236
 0.00888475   0.0351562  -0.0112736 -0.00351516
-0.00611257  -0.0112736   0.0377604  -0.0108103
   0.262236 -0.00351516  -0.0108103    0.471354
IMAGINARY
          0  0.00496689 -0.00985513  0.00233171
-0.00496689           0   0.0234415  0.00389487
 0.00985513  -0.0234415           0  0.00496689
-0.00233171 -0.00389487 -0.00496689           0
Repeater1[0]<--->EndNode1[0]
REAL
   0.500632  -0.0100382 -0.00653429    0.263961
 -0.0100382   0.0391909 -0.00282758 -0.00898527
-0.00653429 -0.00282758   0.0366625  -0.0230252
   0.263961 -0.00898527  -0.0230252    0.423515
IMAGINARY
          0  -0.0180986 -0.00623055 -0.00219254
  0.0180986           0 -0.00546052  0.00317805
 0.00623055  0.00546052           0  0.00527806
 0.00219254 -0.00317805 -0.00527806           0
Repeater1[0]<--->HoM1[0]
REAL
   0.455729 -0.00611257  0.00888475    0.262236
-0.00611257   0.0377604  -0.0112736  -0.0108103
 0.00888475  -0.0112736   0.0351562 -0.00351516
   0.262236  -0.0108103 -0.00351516    0.471354
IMAGINARY
          0 -0.00985513  0.00496689  0.00233171
 0.00985513           0  -0.0234415  0.00496689
-0.00496689   0.0234415           0  0.00389487
-0.00233171 -0.00496689 -0.00389487           0
EndNode1[0]<--->Repeater1[0]
REAL
   0.477673 -0.00133225  -0.0116344    0.292488
-0.00133225   0.0338295  0.00432987  0.00367849
 -0.0116344  0.00432987   0.0433018  -0.0139676
   0.292488  0.00367849  -0.0139676    0.445196
IMAGINARY
           0   -0.0036154    0.0189879   0.00516994
   0.0036154            0  0.000606702  0.000748924
  -0.0189879 -0.000606702            0  0.000983816
 -0.00516994 -0.000748924 -0.000983816            0
EndNode2[0]<--->HoM1[0]
REAL
   0.501931  -0.0179315    0.022341    0.270543
 -0.0179315    0.041184   0.0043931 -0.00699573
   0.022341   0.0043931    0.032175   0.0256041
   0.270543 -0.00699573   0.0256041     0.42471
IMAGINARY
          0  0.00774524  -0.0164584 -0.00599245
-0.00774524           0 -0.00538639  -0.0132574
  0.0164584  0.00538639           0   0.0129266
 0.00599245   0.0132574  -0.0129266           0
Repeater1[0]<--->EndNode1[0]
REAL
   0.477673  -0.0116344 -0.00133225    0.292488
 -0.0116344   0.0433018  0.00432987  -0.0139676
-0.00133225  0.00432987   0.0338295  0.00367849
   0.292488  -0.0139676  0.00367849    0.445196
IMAGINARY
           0    0.0189879   -0.0036154   0.00516994
  -0.0189879            0 -0.000606702  0.000983816
   0.0036154  0.000606702            0  0.000748924
 -0.00516994 -0.000983816 -0.000748924            0
Repeater1[0]<--->HoM1[0]
REAL
   0.501931    0.022341  -0.0179315    0.270543
   0.022341    0.032175   0.0043931   0.0256041
 -0.0179315   0.0043931    0.041184 -0.00699573
   0.270543   0.0256041 -0.00699573     0.42471
IMAGINARY
          0  -0.0164584  0.00774524 -0.00599245
  0.0164584           0  0.00538639   0.0129266
-0.00774524 -0.00538639           0  -0.0132574
 0.00599245  -0.0129266   0.0132574           0
EndNode1[0]<--->Repeater1[0]
REAL
   0.451654  0.00149896 -0.00541495    0.294811
 0.00149896   0.0318066  -0.0019267 -0.00284426
-0.00541495  -0.0019267   0.0368957   0.0194667
   0.294811 -0.00284426   0.0194667    0.479644
IMAGINARY
          0  -0.0226768 -0.00930011  -0.0187334
  0.0226768           0  -0.0167929   0.0149463
 0.00930011   0.0167929           0   0.0220495
  0.0187334  -0.0149463  -0.0220495           0
EndNode2[0]<--->HoM1[0]
REAL
    0.479784    0.0147204 -0.000624642     0.301191
   0.0147204    0.0377358  0.000933551   0.00925678
-0.000624642  0.000933551    0.0296496   -0.0153844
    0.301191   0.00925678   -0.0153844      0.45283
IMAGINARY
          0 -0.00424383  0.00276041  -0.0299221
 0.00424383           0 -0.00768578 -0.00147175
-0.00276041  0.00768578           0  -0.0215294
  0.0299221  0.00147175   0.0215294           0
Repeater1[0]<--->EndNode1[0]
REAL
   0.451654 -0.00541495  0.00149896    0.294811
-0.00541495   0.0368957  -0.0019267   0.0194667
 0.00149896  -0.0019267   0.0318066 -0.00284426
   0.294811   0.0194667 -0.00284426    0.479644
IMAGINARY
          0 -0.00930011  -0.0226768  -0.0187334
 0.00930011           0   0.0167929   0.0220495
  0.0226768  -0.0167929           0   0.0149463
  0.0187334  -0.0220495  -0.0149463           0
Repeater1[0]<--->HoM1[0]
REAL
    0.479784 -0.000624642    0.0147204     0.301191
-0.000624642    0.0296496  0.000933551   -0.0153844
   0.0147204  0.000933551    0.0377358   0.00925678
    0.301191   -0.0153844   0.00925678      0.45283
IMAGINARY
          0  0.00276041 -0.00424383  -0.0299221
-0.00276041           0  0.00768578  -0.0215294
 0.00424383 -0.00768578           0 -0.00147175
  0.0299221   0.0215294  0.00147175           0
EndNode1[0]<--->Repeater1[0]
REAL
   0.491337  -0.0058684 -0.00247976    0.263109
 -0.0058684   0.0259901  0.00430186   0.0136493
-0.00247976  0.00430186   0.0445545  -0.0131855
   0.263109   0.0136493  -0.0131855    0.438119
IMAGINARY
          0   0.0127942 -0.00349197   0.0012178
 -0.0127942           0   -0.028194   0.0129771
 0.00349197    0.028194           0  0.00753102
 -0.0012178  -0.0129771 -0.00753102           0
EndNode2[0]<--->HoM1[0]
REAL
   0.467097   0.0023073    0.014957    0.286913
  0.0023073   0.0412903  0.00820192 -0.00206693
