EndNode1[0]<--->Repeater1[0]
REAL
   0.456839  0.00400066    0.020109    0.204882
 0.00400066   0.0571049   0.0276756   -0.013649
   0.020109   0.0276756    0.063745 -0.00658464
   0.204882   -0.013649 -0.00658464    0.422311
IMAGINARY
          0   -0.016419  0.00295841  -0.0260453
   0.016419           0  -0.0104787  0.00165292
-0.00295841   0.0104787           0  0.00258497
  0.0260453 -0.00165292 -0.00258497           0
EndNode2[0]<--->HoM1[0]
REAL
   0.474667  -0.0153353   0.0110446    0.201903
 -0.0153353       0.052   0.0014081 -0.00508438
  0.0110446   0.0014081       0.064  0.00275254
   0.201903 -0.00508438  0.00275254    0.409333
IMAGINARY
          0    0.011626  0.00734908 -0.00915936
  -0.011626           0  0.00206259  -0.0147748
-0.00734908 -0.00206259           0  -0.0215269
 0.00915936   0.0147748   0.0215269           0
Repeater1[0]<--->EndNode1[0]
REAL
   0.456839    0.020109  0.00400066    0.204882
   0.020109    0.063745   0.0276756 -0.00658464
 0.00400066   0.0276756   0.0571049   -0.013649
   0.204882 -0.00658464   -0.013649    0.422311
IMAGINARY
          0  0.00295841   -0.016419  -0.0260453
-0.00295841           0   0.0104787  0.00258497
   0.016419  -0.0104787           0  0.00165292
  0.0260453 -0.00258497 -0.00165292           0
Repeater1[0]<--->HoM1[0]
REAL
   0.474667   0.0110446  -0.0153353    0.201903
  0.0110446       0.064   0.0014081  0.00275254
 -0.0153353   0.0014081       0.052 -0.00508438
   0.201903  0.00275254 -0.00508438    0.409333
IMAGINARY
          0  0.00734908    0.011626 -0.00915936
-0.00734908           0 -0.00206259  -0.0215269
  -0.011626  0.00206259           0  -0.0147748
 0.00915936   0.0215269   0.0147748           0
EndNode1[0]<--->Repeater1[0]
REAL
   0.452107   0.0043954  0.00727373    0.211521
  0.0043954   0.0574713  0.00257524    0.025971
 0.00727373  0.00257524   0.0600255 -0.00705498
   0.211521    0.025971 -0.00705498    0.430396
IMAGINARY
           0   -0.0324834    0.0042998   -0.0221324
   0.0324834            0    0.0201561  0.000373098
  -0.0042998   -0.0201561            0   0.00110828
   0.0221324 -0.000373098  -0.00110828            0
EndNode2[0]<--->HoM1[0]
REAL
   0.425641 -0.00120586   0.0121723    0.189813
-0.00120586   0.0653846 -0.00518725  -0.0141434
  0.0121723 -0.00518725   0.0564103  -0.0217902
   0.189813  -0.0141434  -0.0217902    0.452564
IMAGINARY
          0  -0.0220153   0.0134766 -0.00308642
  0.0220153           0   -0.012963  0.00652339
 -0.0134766    0.012963           0  0.00451531
 0.00308642 -0.00652339 -0.00451531           0
Repeater1[0]<--->EndNode1[0]
REAL
   0.452107  0.00727373   0.0043954    0.211521
 0.00727373   0.0600255  0.00257524 -0.00705498
  0.0043954  0.00257524   0.0574713    0.025971
   0.211521 -0.00705498    0.025971    0.430396
IMAGINARY
           0    0.0042998   -0.0324834   -0.0221324
  -0.0042998            0   -0.0201561   0.00110828
   0.0324834    0.0201561            0  0.000373098
   0.0221324  -0.00110828 -0.000373098            0
Repeater1[0]<--->HoM1[0]
REAL
   0.425641   0.0121723 -0.00120586    0.189813
  0.0121723   0.0564103 -0.00518725  -0.0217902
-0.00120586 -0.00518725   0.0653846  -0.0141434
   0.189813  -0.0217902  -0.0141434    0.452564
IMAGINARY
          0   0.0134766  -0.0220153 -0.00308642
 -0.0134766           0    0.012963  0.00451531
  0.0220153   -0.012963           0  0.00652339
 0.00308642 -0.00451531 -0.00652339           0
EndNode1[0]<--->Repeater1[0]
REAL
    0.44591 -0.00692789 -0.00952808    0.191057
-0.00692789   0.0712401  -0.0162602  -0.0107971
-0.00952808  -0.0162602    0.055409  -0.0106873
   0.191057  -0.0107971  -0.0106873    0.427441
IMAGINARY
          0  0.00463025 -0.00330799 -0.00015721
-0.00463025           0  -0.0139187   0.0270564
 0.00330799   0.0139187           0 -0.00270471
 0.00015721  -0.0270564  0.00270471           0
EndNode2[0]<--->HoM1[0]
REAL
   0.418575   0.0104439   0.0176584    0.184963
  0.0104439   0.0610687 0.000415987  0.00322931
  0.0176584 0.000415987   0.0661578 -0.00913838
   0.184963  0.00322931 -0.00913838    0.454198
IMAGINARY
          0 -0.00183005  -0.0015818  -0.0119457
 0.00183005           0  0.00680431  0.00605179
  0.0015818 -0.00680431           0  0.00630003
  0.0119457 -0.00605179 -0.00630003           0
Repeater1[0]<--->EndNode1[0]
REAL
    0.44591 -0.00952808 -0.00692789    0.191057
-0.00952808    0.055409  -0.0162602  -0.0106873
-0.00692789  -0.0162602   0.0712401  -0.0107971
   0.191057  -0.0106873  -0.0107971    0.427441
IMAGINARY
          0 -0.00330799  0.00463025 -0.00015721
 0.00330799           0   0.0139187 -0.00270471
-0.00463025  -0.0139187           0   0.0270564
 0.00015721  0.00270471  -0.0270564           0
Repeater1[0]<--->HoM1[0]
REAL
   0.418575   0.0176584   0.0104439    0.184963
  0.0176584   0.0661578 0.000415987 -0.00913838
  0.0104439 0.000415987   0.0610687  0.00322931
   0.184963 -0.00913838  0.00322931    0.454198
IMAGINARY
          0  -0.0015818 -0.00183005  -0.0119457
  0.0015818           0 -0.00680431  0.00630003
 0.00183005  0.00680431           0  0.00605179
  0.0119457 -0.00630003 -0.00605179           0
EndNode1[0]<--->Repeater1[0]
REAL
  0.426295 0.00285402 -0.0193659   0.190459
0.00285402  0.0664011  0.0102121  0.0079565
-0.0193659  0.0102121  0.0717131 -0.0182903
  0.190459  0.0079565 -0.0182903   0.435591
IMAGINARY
          0  -0.0148651 -0.00633845   0.0257052
  0.0148651           0  0.00217581   0.0112767
 0.00633845 -0.00217581           0  -0.0234065
 -0.0257052  -0.0112767   0.0234065           0
EndNode2[0]<--->HoM1[0]
REAL
    0.442799   0.00395304 -0.000254449     0.203435
  0.00395304    0.0605653   0.00549141    0.0215999
-0.000254449   0.00549141    0.0565276  -0.00718719
    0.203435    0.0215999  -0.00718719     0.440108
IMAGINARY
           0   -0.0163507 -0.000759828   0.00577401
   0.0163507            0   0.00336437    0.0174693
 0.000759828  -0.00336437            0  -0.00421482
 -0.00577401   -0.0174693   0.00421482            0
Repeater1[0]<--->EndNode1[0]
REAL
  0.426295 -0.0193659 0.00285402   0.190459
-0.0193659  0.0717131  0.0102121 -0.0182903
0.00285402  0.0102121  0.0664011  0.0079565
  0.190459 -0.0182903  0.0079565   0.435591
IMAGINARY
          0 -0.00633845  -0.0148651   0.0257052
 0.00633845           0 -0.00217581  -0.0234065
  0.0148651  0.00217581           0   0.0112767
 -0.0257052   0.0234065  -0.0112767           0
Repeater1[0]<--->HoM1[0]
REAL
    0.442799 -0.000254449   0.00395304     0.203435
-0.000254449    0.0565276   0.00549141  -0.00718719
  0.00395304   0.00549141    0.0605653    0.0215999
    0.203435  -0.00718719    0.0215999     0.440108
IMAGINARY
           0 -0.000759828   -0.0163507   0.00577401
 0.000759828            0  -0.00336437  -0.00421482
   0.0163507   0.00336437            0    0.0174693
 -0.00577401   0.00421482   -0.0174693            0
EndNode1[0]<--->Repeater1[0]
REAL
    0.419974  -0.00568385 -0.000132664     0.197713
 -0.00568385    0.0704225   -0.0224363   -0.0127825
-0.000132664   -0.0224363    0.0640205   0.00506884
    0.197713   -0.0127825   0.00506884     0.445583
IMAGINARY
          0  0.00890164   0.0308556  0.00180478
-0.00890164           0  0.00639194  0.00770164
 -0.0308556 -0.00639194           0  -0.0163643
-0.00180478 -0.00770164   0.0163643           0
EndNode2[0]<--->HoM1[0]
REAL
   0.449393 0.000399577   -0.010671    0.197442
0.000399577   0.0661269 -0.00574255  0.00474211
  -0.010671 -0.00574255   0.0607287   -0.040584
   0.197442  0.00474211   -0.040584    0.423752
IMAGINARY
           0 -0.000257146   -0.0185402  -0.00399754
 0.000257146            0   0.00399754  -0.00502668
   0.0185402  -0.00399754            0    0.0123591
  0.00399754   0.00502668   -0.0123591            0
Repeater1[0]<--->EndNode1[0]
REAL
    0.419974 -0.000132664  -0.00568385     0.197713
-0.000132664    0.0640205   -0.0224363   0.00506884
 -0.00568385   -0.0224363    0.0704225   -0.0127825
    0.197713   0.00506884   -0.0127825     0.445583
IMAGINARY
          0   0.0308556  0.00890164  0.00180478
 -0.0308556           0 -0.00639194  -0.0163643
-0.00890164  0.00639194           0  0.00770164
-0.00180478   0.0163643 -0.00770164           0
Repeater1[0]<--->HoM1[0]
REAL
   0.449393   -0.010671 0.000399577    0.197442
  -0.010671   0.0607287 -0.00574255   -0.040584
0.000399577 -0.00574255   0.0661269  0.00474211
   0.197442   -0.040584  0.00474211    0.423752
IMAGINARY
           0   -0.0185402 -0.000257146  -0.00399754
   0.0185402            0  -0.00399754    0.0123591
 0.000257146   0.00399754            0  -0.00502668
  0.00399754   -0.0123591   0.00502668            0
EndNode1[0]<--->Repeater1[0]
REAL
  0.449541  0.0149702 -0.0191977   0.201211
 0.0149702  0.0484928 0.00880231 0.00684398
-0.0191977 0.00880231  0.0498034 -0.0130196
  0.201211 0.00684398 -0.0130196   0.452163
IMAGINARY
          0   0.0122025  0.00460123 -0.00547226
 -0.0122025           0  -0.0168207 -0.00460123
-0.00460123   0.0168207           0  -0.0108936
 0.00547226  0.00460123   0.0108936           0
EndNode2[0]<--->HoM1[0]
REAL
    0.428922  -0.00782456 -1.57898e-05     0.180854
 -0.00782456    0.0428922    0.0208541   0.00198688
-1.57898e-05    0.0208541     0.067402   -0.0177996
    0.180854   0.00198688   -0.0177996     0.460784
IMAGINARY
           0   0.00611838   0.00633837   -0.0139454
 -0.00611838            0   -0.0327896 -8.83676e-05
 -0.00633837    0.0327896            0   0.00263162
   0.0139454  8.83676e-05  -0.00263162            0
Repeater1[0]<--->EndNode1[0]
REAL
  0.449541 -0.0191977  0.0149702   0.201211
-0.0191977  0.0498034 0.00880231 -0.0130196
 0.0149702 0.00880231  0.0484928 0.00684398
  0.201211 -0.0130196 0.00684398   0.452163
IMAGINARY
          0  0.00460123   0.0122025 -0.00547226
-0.00460123           0   0.0168207  -0.0108936
 -0.0122025  -0.0168207           0 -0.00460123
 0.00547226   0.0108936  0.00460123           0
Repeater1[0]<--->HoM1[0]
REAL
    0.428922 -1.57898e-05  -0.00782456     0.180854
-1.57898e-05     0.067402    0.0208541   -0.0177996
 -0.00782456    0.0208541    0.0428922   0.00198688
    0.180854   -0.0177996   0.00198688     0.460784
IMAGINARY
           0   0.00633837   0.00611838   -0.0139454
 -0.00633837            0    0.0327896   0.00263162
 -0.00611838   -0.0327896            0 -8.83676e-05
   0.0139454  -0.00263162  8.83676e-05            0
EndNode1[0]<--->Repeater1[0]
REAL
    0.414541 -0.000792475  -0.00130558     0.197474
-0.000792475    0.0535714  -0.00329297  -0.00884327
 -0.00130558  -0.00329297       0.0625  -0.00935637
    0.197474  -0.00884327  -0.00935637     0.469388
IMAGINARY
          0  -0.0103867  -0.0236958   0.0103274
  0.0103867           0  -0.0159175  0.00579302
  0.0236958   0.0159175           0 -0.00495852
 -0.0103274 -0.00579302  0.00495852           0
EndNode2[0]<--->HoM1[0]
REAL
   0.467244  -0.0146758   0.0067171    0.199581
 -0.0146758   0.0444994 -0.00281523  0.00406458
  0.0067171 -0.00281523   0.0494438  0.00793726
   0.199581  0.00406458  0.00793726    0.438813
IMAGINARY
           0   -0.0111137 -0.000555555   0.00905674
   0.0111137            0   -0.0155334  -0.00385806
 0.000555555    0.0155334            0   0.00291695
 -0.00905674   0.00385806  -0.00291695            0
Repeater1[0]<--->EndNode1[0]
REAL
    0.414541  -0.00130558 -0.000792475     0.197474
 -0.00130558       0.0625  -0.00329297  -0.00935637
-0.000792475  -0.00329297    0.0535714  -0.00884327
    0.197474  -0.00935637  -0.00884327     0.469388
IMAGINARY
          0  -0.0236958  -0.0103867   0.0103274
  0.0236958           0   0.0159175 -0.00495852
  0.0103867  -0.0159175           0  0.00579302
 -0.0103274  0.00495852 -0.00579302           0
Repeater1[0]<--->HoM1[0]
REAL
   0.467244   0.0067171  -0.0146758    0.199581
  0.0067171   0.0494438 -0.00281523  0.00793726
 -0.0146758 -0.00281523   0.0444994  0.00406458
   0.199581  0.00793726  0.00406458    0.438813
IMAGINARY
           0 -0.000555555   -0.0111137   0.00905674
 0.000555555            0    0.0155334   0.00291695
   0.0111137   -0.0155334            0  -0.00385806
 -0.00905674  -0.00291695   0.00385806            0
EndNode1[0]<--->Repeater1[0]
REAL
    0.43389 -0.00403404   -0.010534    0.225645
-0.00403404   0.0564827 -0.00349354  0.00477214
  -0.010534 -0.00349354   0.0821566   0.0174783
   0.225645  0.00477214   0.0174783    0.427471
IMAGINARY
          0 -0.00192071 -0.00191356  -0.0122667
 0.00192071           0  0.00783072  -0.0138183
 0.00191356 -0.00783072           0 -0.00697122
  0.0122667   0.0138183  0.00697122           0
EndNode2[0]<--->HoM1[0]
REAL
   0.442645  -0.0308228  0.00449503    0.199901
 -0.0308228   0.0553306  0.00412971 -0.00701392
 0.00449503  0.00412971    0.074224   0.0270445
   0.199901 -0.00701392   0.0270445      0.4278
IMAGINARY
           0  0.000457052    0.0125177   8.4683e-05
-0.000457052            0   0.00250599   0.00999249
  -0.0125177  -0.00250599            0  -0.00523195
 -8.4683e-05  -0.00999249   0.00523195            0
Repeater1[0]<--->EndNode1[0]
REAL
    0.43389   -0.010534 -0.00403404    0.225645
  -0.010534   0.0821566 -0.00349354   0.0174783
-0.00403404 -0.00349354   0.0564827  0.00477214
   0.225645   0.0174783  0.00477214    0.427471
IMAGINARY
          0 -0.00191356 -0.00192071  -0.0122667
 0.00191356           0 -0.00783072 -0.00697122
 0.00192071  0.00783072           0  -0.0138183
  0.0122667  0.00697122   0.0138183           0
Repeater1[0]<--->HoM1[0]
REAL
   0.442645  0.00449503  -0.0308228    0.199901
 0.00449503    0.074224  0.00412971   0.0270445
 -0.0308228  0.00412971   0.0553306 -0.00701392
   0.199901   0.0270445 -0.00701392      0.4278
IMAGINARY
           0    0.0125177  0.000457052   8.4683e-05
  -0.0125177            0  -0.00250599  -0.00523195
-0.000457052   0.00250599            0   0.00999249
 -8.4683e-05   0.00523195  -0.00999249            0
EndNode1[0]<--->Repeater1[0]
REAL
     0.4437  -0.0110277  -0.0198591    0.213207
 -0.0110277   0.0697051  -0.0149099  0.00526054
 -0.0198591  -0.0149099   0.0428954 -0.00843702
   0.213207  0.00526054 -0.00843702      0.4437
IMAGINARY
          0   0.0101118  0.00198446  -0.0107282
 -0.0101118           0  -0.0107282   0.0112781
-0.00198446   0.0107282           0  0.00182452
  0.0107282  -0.0112781 -0.00182452           0
EndNode2[0]<--->HoM1[0]
REAL
   0.450578  0.00536116   0.0208213    0.187128
 0.00536116   0.0590501  -0.0200245 -0.00705979
  0.0208213  -0.0200245   0.0629012   0.0110215
   0.187128 -0.00705979   0.0110215    0.427471
IMAGINARY
          0  -0.0127424   0.0117985  -0.0028485
  0.0127424           0 -0.00528159   0.0104687
 -0.0117985  0.00528159           0  -0.0108744
  0.0028485  -0.0104687   0.0108744           0
Repeater1[0]<--->EndNode1[0]
REAL
     0.4437  -0.0198591  -0.0110277    0.213207
 -0.0198591   0.0428954  -0.0149099 -0.00843702
 -0.0110277  -0.0149099   0.0697051  0.00526054
   0.213207 -0.00843702  0.00526054      0.4437
IMAGINARY
          0  0.00198446   0.0101118  -0.0107282
-0.00198446           0   0.0107282  0.00182452
 -0.0101118  -0.0107282           0   0.0112781
  0.0107282 -0.00182452  -0.0112781           0
Repeater1[0]<--->HoM1[0]
REAL
   0.450578   0.0208213  0.00536116    0.187128
  0.0208213   0.0629012  -0.0200245   0.0110215
 0.00536116  -0.0200245   0.0590501 -0.00705979
   0.187128   0.0110215 -0.00705979    0.427471
IMAGINARY
          0   0.0117985  -0.0127424  -0.0028485
 -0.0117985           0  0.00528159  -0.0108744
  0.0127424 -0.00528159           0   0.0104687
  0.0028485   0.0108744  -0.0104687           0
EndNode1[0]<--->Repeater1[0]
REAL
    0.41457 -0.00476597 0.000713486    0.205308
-0.00476597   0.0582781  -0.0190088  0.00888959
0.000713486  -0.0190088   0.0622517 0.000284535
   0.205308  0.00888959 0.000284535    0.464901
IMAGINARY
          0  -0.0186649   0.0130014 -0.00142609
  0.0186649           0  0.00282665 -0.00714969
 -0.0130014 -0.00282665           0   0.0180147
 0.00142609  0.00714969  -0.0180147           0
EndNode2[0]<--->HoM1[0]
REAL
   0.451327  0.00189883  0.00944919    0.214488
 0.00189883   0.0556258 -0.00164134   -0.014487
 0.00944919 -0.00164134   0.0657396  0.00062006
   0.214488   -0.014487  0.00062006    0.427307
IMAGINARY
          0   0.0127285  -0.0142017    0.010103
 -0.0127285           0 -0.00103563  -0.0148306
  0.0142017  0.00103563           0   0.0188844
  -0.010103   0.0148306  -0.0188844           0
Repeater1[0]<--->EndNode1[0]
REAL
    0.41457 0.000713486 -0.00476597    0.205308
0.000713486   0.0622517  -0.0190088 0.000284535
-0.00476597  -0.0190088   0.0582781  0.00888959
   0.205308 0.000284535  0.00888959    0.464901
IMAGINARY
          0   0.0130014  -0.0186649 -0.00142609
 -0.0130014           0 -0.00282665   0.0180147
  0.0186649  0.00282665           0 -0.00714969
 0.00142609  -0.0180147  0.00714969           0
Repeater1[0]<--->HoM1[0]
REAL
   0.451327  0.00944919  0.00189883    0.214488
 0.00944919   0.0657396 -0.00164134  0.00062006
 0.00189883 -0.00164134   0.0556258   -0.014487
   0.214488  0.00062006   -0.014487    0.427307
IMAGINARY
          0  -0.0142017   0.0127285    0.010103
  0.0142017           0  0.00103563   0.0188844
 -0.0127285 -0.00103563           0  -0.0148306
  -0.010103  -0.0188844   0.0148306           0
EndNode1[0]<--->Repeater1[0]
REAL
   0.461752 0.000660161 -0.00504713    0.206537
0.000660161   0.0556328  -0.0270493   0.0127394
-0.00504713  -0.0270493   0.0458971  0.00190394
   0.206537   0.0127394  0.00190394    0.436718
IMAGINARY
          0 -0.00416265  -0.0142714  0.00564764
 0.00416265           0  -0.0190919  0.00543302
  0.0142714   0.0190919           0  0.00921315
-0.00564764 -0.00543302 -0.00921315           0
EndNode2[0]<--->HoM1[0]
REAL
  0.457862 0.00454023 -0.0224761   0.211833
0.00454023  0.0515723 0.00264954 0.00523473
-0.0224761 0.00264954  0.0553459 -0.0121264
  0.211833 0.00523473 -0.0121264    0.43522
IMAGINARY
          0  -0.0113781  0.00601335   0.0208938
  0.0113781           0   0.0312297   0.0297009
-0.00601335  -0.0312297           0  -0.0166831
 -0.0208938  -0.0297009   0.0166831           0
Repeater1[0]<--->EndNode1[0]
REAL
   0.461752 -0.00504713 0.000660161    0.206537
-0.00504713   0.0458971  -0.0270493  0.00190394
0.000660161  -0.0270493   0.0556328   0.0127394
   0.206537  0.00190394   0.0127394    0.436718
IMAGINARY
          0  -0.0142714 -0.00416265  0.00564764
  0.0142714           0   0.0190919  0.00921315
 0.00416265  -0.0190919           0  0.00543302
-0.00564764 -0.00921315 -0.00543302           0
Repeater1[0]<--->HoM1[0]
REAL
  0.457862 -0.0224761 0.00454023   0.211833
-0.0224761  0.0553459 0.00264954 -0.0121264
0.00454023 0.00264954  0.0515723 0.00523473
  0.211833 -0.0121264 0.00523473    0.43522
IMAGINARY
          0  0.00601335  -0.0113781   0.0208938
-0.00601335           0  -0.0312297  -0.0166831
  0.0113781   0.0312297           0   0.0297009
 -0.0208938   0.0166831  -0.0297009           0
EndNode1[0]<--->Repeater1[0]
REAL
   0.457516   0.0150002   0.0173679    0.196127
  0.0150002   0.0588235 -0.00762447   0.0280867
  0.0173679 -0.00762447   0.0562092   0.0130747
   0.196127   0.0280867   0.0130747    0.427451
IMAGINARY
          0 -0.00726164  0.00899346   0.0272043
 0.00726164           0  -0.0106648 -0.00317199
-0.00899346   0.0106648           0  0.00532114
 -0.0272043  0.00317199 -0.00532114           0
EndNode2[0]<--->HoM1[0]
REAL
  0.439948  0.0110566 0.00938662   0.201549
 0.0110566  0.0496084 -0.0239668  0.0246184
0.00938662 -0.0239668  0.0574413 0.00279735
  0.201549  0.0246184 0.00279735   0.453003
IMAGINARY
          0   0.0122213  0.00186567 -0.00580365
 -0.0122213           0  0.00902115 -0.00186567
-0.00186567 -0.00902115           0  -0.0109326
 0.00580365  0.00186567   0.0109326           0
Repeater1[0]<--->EndNode1[0]
REAL
   0.457516   0.0173679   0.0150002    0.196127
  0.0173679   0.0562092 -0.00762447   0.0130747
  0.0150002 -0.00762447   0.0588235   0.0280867
   0.196127   0.0130747   0.0280867    0.427451
IMAGINARY
          0  0.00899346 -0.00726164   0.0272043
-0.00899346           0   0.0106648  0.00532114
 0.00726164  -0.0106648           0 -0.00317199
 -0.0272043 -0.00532114  0.00317199           0
Repeater1[0]<--->HoM1[0]
REAL
  0.439948 0.00938662  0.0110566   0.201549
0.00938662  0.0574413 -0.0239668 0.00279735
 0.0110566 -0.0239668  0.0496084  0.0246184
  0.201549 0.00279735  0.0246184   0.453003
IMAGINARY
          0  0.00186567   0.0122213 -0.00580365
-0.00186567           0 -0.00902115  -0.0109326
 -0.0122213  0.00902115           0 -0.00186567
 0.00580365   0.0109326  0.00186567           0
EndNode1[0]<--->Repeater1[0]
REAL
    0.454777   -0.0057417   0.00798524     0.192099
  -0.0057417    0.0598726 -0.000309168    0.0169138
  0.00798524 -0.000309168    0.0713376   -0.0164656
    0.192099    0.0169138   -0.0164656     0.414013
IMAGINARY
          0  -0.0143979  0.00216797  -0.0123306
  0.0143979           0  -0.0104246  0.00961214
-0.00216797   0.0104246           0  -0.0143979
  0.0123306 -0.00961214   0.0143979           0
EndNode2[0]<--->HoM1[0]
REAL
   0.434263  -0.0106028   0.0113709    0.223922
 -0.0106028   0.0557769    0.020491 -0.00857761
  0.0113709    0.020491   0.0743692  0.00641288
   0.223922 -0.00857761  0.00641288    0.435591
IMAGINARY
           0   -0.0280826  0.000705119    0.0135063
   0.0280826            0  -0.00833835  -0.00683257
-0.000705119   0.00833835            0  -0.00500566
  -0.0135063   0.00683257   0.00500566            0
Repeater1[0]<--->EndNode1[0]
REAL
    0.454777   0.00798524   -0.0057417     0.192099
  0.00798524    0.0713376 -0.000309168   -0.0164656
  -0.0057417 -0.000309168    0.0598726    0.0169138
    0.192099   -0.0164656    0.0169138     0.414013
IMAGINARY
          0  0.00216797  -0.0143979  -0.0123306
-0.00216797           0   0.0104246  -0.0143979
  0.0143979  -0.0104246           0  0.00961214
  0.0123306   0.0143979 -0.00961214           0
Repeater1[0]<--->HoM1[0]
REAL
   0.434263   0.0113709  -0.0106028    0.223922
  0.0113709   0.0743692    0.020491  0.00641288
 -0.0106028    0.020491   0.0557769 -0.00857761
   0.223922  0.00641288 -0.00857761    0.435591
IMAGINARY
           0  0.000705119   -0.0280826    0.0135063
-0.000705119            0   0.00833835  -0.00500566
   0.0280826  -0.00833835            0  -0.00683257
  -0.0135063   0.00500566   0.00683257            0
EndNode1[0]<--->Repeater1[0]
REAL
   0.430952 -0.00191977   -0.011889    0.204172
-0.00191977   0.0642857  0.00608449  0.00419674
  -0.011889  0.00608449   0.0702381 -0.00320843
   0.204172  0.00419674 -0.00320843    0.434524
IMAGINARY
           0   0.00452108   0.00332795   0.00142793
 -0.00452108            0  -0.00738819  0.000770408
 -0.00332795   0.00738819            0   0.00640788
 -0.00142793 -0.000770408  -0.00640788            0
EndNode2[0]<--->HoM1[0]
REAL
    0.43593   0.0144184  0.00966495    0.199506
  0.0144184   0.0690955  -0.0181724 -0.00966495
 0.00966495  -0.0181724   0.0640704 0.000248313
   0.199506 -0.00966495 0.000248313    0.430905
IMAGINARY
          0  -0.0178818   0.0230871  0.00299861
  0.0178818           0  -0.0193714   0.0230871
 -0.0230871   0.0193714           0  -0.0256538
-0.00299861  -0.0230871   0.0256538           0
Repeater1[0]<--->EndNode1[0]
REAL
   0.430952   -0.011889 -0.00191977    0.204172
  -0.011889   0.0702381  0.00608449 -0.00320843
-0.00191977  0.00608449   0.0642857  0.00419674
   0.204172 -0.00320843  0.00419674    0.434524
IMAGINARY
           0   0.00332795   0.00452108   0.00142793
 -0.00332795            0   0.00738819   0.00640788
 -0.00452108  -0.00738819            0  0.000770408
 -0.00142793  -0.00640788 -0.000770408            0
Repeater1[0]<--->HoM1[0]
REAL
    0.43593  0.00966495   0.0144184    0.199506
 0.00966495   0.0640704  -0.0181724 0.000248313
  0.0144184  -0.0181724   0.0690955 -0.00966495
   0.199506 0.000248313 -0.00966495    0.430905
IMAGINARY
          0   0.0230871  -0.0178818  0.00299861
 -0.0230871           0   0.0193714  -0.0256538
  0.0178818  -0.0193714           0   0.0230871
-0.00299861   0.0256538  -0.0230871           0
EndNode1[0]<--->Repeater1[0]
REAL
   0.442359  -0.0143678  -0.0230189     0.20048
 -0.0143678   0.0563003 -0.00699382   0.0172717
 -0.0230189 -0.00699382   0.0589812  -0.0143678
    0.20048   0.0172717  -0.0143678    0.442359
IMAGINARY
           0   -0.0187352   -0.0196883    0.0222271
   0.0187352            0 -0.000648759 -0.000930236
   0.0196883  0.000648759            0   0.00713725
  -0.0222271  0.000930236  -0.00713725            0
EndNode2[0]<--->HoM1[0]
REAL
  0.452926  0.0145532 0.00567475   0.218179
 0.0145532  0.0776081 -0.0252761 0.00142202
0.00567475 -0.0252761  0.0559796  0.0209307
  0.218179 0.00142202  0.0209307   0.413486
IMAGINARY
          0  -0.0114124  0.00942259  -0.0035615
  0.0114124           0 -0.00419043  0.00497532
-0.00942259  0.00419043           0 -0.00298547
  0.0035615 -0.00497532  0.00298547           0
Repeater1[0]<--->EndNode1[0]
REAL
   0.442359  -0.0230189  -0.0143678     0.20048
 -0.0230189   0.0589812 -0.00699382  -0.0143678
 -0.0143678 -0.00699382   0.0563003   0.0172717
    0.20048  -0.0143678   0.0172717    0.442359
IMAGINARY
           0   -0.0196883   -0.0187352    0.0222271
   0.0196883            0  0.000648759   0.00713725
   0.0187352 -0.000648759            0 -0.000930236
  -0.0222271  -0.00713725  0.000930236            0
Repeater1[0]<--->HoM1[0]
REAL
  0.452926 0.00567475  0.0145532   0.218179
0.00567475  0.0559796 -0.0252761  0.0209307
 0.0145532 -0.0252761  0.0776081 0.00142202
  0.218179  0.0209307 0.00142202   0.413486
IMAGINARY
          0  0.00942259  -0.0114124  -0.0035615
-0.00942259           0  0.00419043 -0.00298547
  0.0114124 -0.00419043           0  0.00497532
  0.0035615  0.00298547 -0.00497532           0
EndNode1[0]<--->Repeater1[0]
REAL
   0.454432  0.00701324   0.0228904    0.202945
 0.00701324   0.0661673   -0.014702 -0.00637787
  0.0228904   -0.014702    0.062422  -0.0195628
   0.202945 -0.00637787  -0.0195628    0.416979
IMAGINARY
          0   0.0135608 -0.00523735  -0.0120204
 -0.0135608           0 -0.00808338  -0.0019522
 0.00523735  0.00808338           0 -0.00898563
  0.0120204   0.0019522  0.00898563           0
EndNode2[0]<--->HoM1[0]
REAL
  0.448925 0.00635162  0.0271463   0.202861
0.00635162  0.0456989 0.00171206  0.0142629
 0.0271463 0.00171206  0.0430108  0.0140439
  0.202861  0.0142629  0.0140439   0.462366
IMAGINARY
          0  -0.0119499  0.00557684  -0.0118405
  0.0119499           0  -0.0258218   0.0142188
-0.00557684   0.0258218           0  0.00237138
  0.0118405  -0.0142188 -0.00237138           0
Repeater1[0]<--->EndNode1[0]
REAL
   0.454432   0.0228904  0.00701324    0.202945
  0.0228904    0.062422   -0.014702  -0.0195628
 0.00701324   -0.014702   0.0661673 -0.00637787
   0.202945  -0.0195628 -0.00637787    0.416979
IMAGINARY
          0 -0.00523735   0.0135608  -0.0120204
 0.00523735           0  0.00808338 -0.00898563
 -0.0135608 -0.00808338           0  -0.0019522
  0.0120204  0.00898563   0.0019522           0
Repeater1[0]<--->HoM1[0]
REAL
  0.448925  0.0271463 0.00635162   0.202861
 0.0271463  0.0430108 0.00171206  0.0140439
0.00635162 0.00171206  0.0456989  0.0142629
  0.202861  0.0140439  0.0142629   0.462366
IMAGINARY
          0  0.00557684  -0.0119499  -0.0118405
-0.00557684           0   0.0258218  0.00237138
  0.0119499  -0.0258218           0   0.0142188
  0.0118405 -0.00237138  -0.0142188           0
EndNode1[0]<--->Repeater1[0]
REAL
   0.455844   -0.013474 -0.00300562    0.223327
  -0.013474   0.0623377  0.00629769  -0.0261018
-0.00300562  0.00629769   0.0584416  -0.0195143
   0.223327  -0.0261018  -0.0195143    0.423377
IMAGINARY
          0  -0.0102025 -0.00243166  0.00541257
  0.0102025           0 -0.00342581  -0.0199755
 0.00243166  0.00342581           0  0.00572107
-0.00541257   0.0199755 -0.00572107           0
EndNode2[0]<--->HoM1[0]
REAL
   0.443106 0.000891419  0.00727513    0.195253
0.000891419   0.0522088  -0.0232948  0.00727513
 0.00727513  -0.0232948   0.0709505  0.00572234
   0.195253  0.00727513  0.00572234    0.433735
IMAGINARY
          0   0.0066027 -0.00230271   0.0143324
 -0.0066027           0 -0.00677575   0.0146244
 0.00230271  0.00677575           0 -0.00725121
 -0.0143324  -0.0146244  0.00725121           0
Repeater1[0]<--->EndNode1[0]
REAL
   0.455844 -0.00300562   -0.013474    0.223327
-0.00300562   0.0584416  0.00629769  -0.0195143
  -0.013474  0.00629769   0.0623377  -0.0261018
   0.223327  -0.0195143  -0.0261018    0.423377
IMAGINARY
          0 -0.00243166  -0.0102025  0.00541257
 0.00243166           0  0.00342581  0.00572107
  0.0102025 -0.00342581           0  -0.0199755
-0.00541257 -0.00572107   0.0199755           0
Repeater1[0]<--->HoM1[0]
REAL
   0.443106  0.00727513 0.000891419    0.195253
 0.00727513   0.0709505  -0.0232948  0.00572234
0.000891419  -0.0232948   0.0522088  0.00727513
   0.195253  0.00572234  0.00727513    0.433735
IMAGINARY
          0 -0.00230271   0.0066027   0.0143324
 0.00230271           0  0.00677575 -0.00725121
 -0.0066027 -0.00677575           0   0.0146244
 -0.0143324  0.00725121  -0.0146244           0
EndNode1[0]<--->Repeater1[0]
REAL
   0.407843 -0.00823694  -0.0149998    0.191073
-0.00823694   0.0653595   0.0020086   0.0055658
 -0.0149998   0.0020086   0.0457516  -0.0112599
   0.191073   0.0055658  -0.0112599    0.481046
IMAGINARY
          0  -0.0182365  0.00843574 -0.00856197
  0.0182365           0 -0.00224884 -0.00777697
-0.00843574  0.00224884           0  0.00440254
 0.00856197  0.00777697 -0.00440254           0
EndNode2[0]<--->HoM1[0]
REAL
   0.45601   0.012201  0.0435067   0.197243
  0.012201  0.0483271 -0.0244196  -0.014483
 0.0435067 -0.0244196  0.0532838 0.00890719
  0.197243  -0.014483 0.00890719   0.442379
IMAGINARY
          0  0.00377834 -0.00624339   -0.014549
-0.00377834           0  -0.0063107  -0.0101294
 0.00624339   0.0063107           0  0.00377834
   0.014549   0.0101294 -0.00377834           0
Repeater1[0]<--->EndNode1[0]
REAL
   0.407843  -0.0149998 -0.00823694    0.191073
 -0.0149998   0.0457516   0.0020086  -0.0112599
-0.00823694   0.0020086   0.0653595   0.0055658
   0.191073  -0.0112599   0.0055658    0.481046
IMAGINARY
          0  0.00843574  -0.0182365 -0.00856197
-0.00843574           0  0.00224884  0.00440254
  0.0182365 -0.00224884           0 -0.00777697
 0.00856197 -0.00440254  0.00777697           0
Repeater1[0]<--->HoM1[0]
REAL
   0.45601  0.0435067   0.012201   0.197243
 0.0435067  0.0532838 -0.0244196 0.00890719
  0.012201 -0.0244196  0.0483271  -0.014483
  0.197243 0.00890719  -0.014483   0.442379
IMAGINARY
          0 -0.00624339  0.00377834   -0.014549
 0.00624339           0   0.0063107  0.00377834
-0.00377834  -0.0063107           0  -0.0101294
   0.014549 -0.00377834   0.0101294           0
EndNode1[0]<--->Repeater1[0]
REAL
  0.442513 0.00818348  0.0200504   0.211674
0.00818348  0.0561497  0.0104077  0.0180206
 0.0200504  0.0104077  0.0628342  0.0184663
  0.211674  0.0180206  0.0184663   0.438503
IMAGINARY
          0  0.00283493  0.00598926   0.0041088
-0.00283493           0 -0.00348614  0.00793479
-0.00598926  0.00348614           0 -0.00410076
 -0.0041088 -0.00793479  0.00410076           0
EndNode2[0]<--->HoM1[0]
REAL
   0.419108 -0.00867891  -0.0141943    0.172169
-0.00867891   0.0611465  -0.0124562   0.0148461
 -0.0141943  -0.0124562   0.0700637 0.000204336
   0.172169   0.0148461 0.000204336    0.449682
IMAGINARY
          0   0.0187074   0.0107679  0.00851648
 -0.0187074           0  -0.0155407   -0.012739
 -0.0107679   0.0155407           0   0.0148011
-0.00851648    0.012739  -0.0148011           0
Repeater1[0]<--->EndNode1[0]
REAL
  0.442513  0.0200504 0.00818348   0.211674
 0.0200504  0.0628342  0.0104077  0.0184663
0.00818348  0.0104077  0.0561497  0.0180206
  0.211674  0.0184663  0.0180206   0.438503
IMAGINARY
          0  0.00598926  0.00283493   0.0041088
-0.00598926           0  0.00348614 -0.00410076
-0.00283493 -0.00348614           0  0.00793479
 -0.0041088  0.00410076 -0.00793479           0
Repeater1[0]<--->HoM1[0]
REAL
   0.419108  -0.0141943 -0.00867891    0.172169
 -0.0141943   0.0700637  -0.0124562 0.000204336
-0.00867891  -0.0124562   0.0611465   0.0148461
   0.172169 0.000204336   0.0148461    0.449682
IMAGINARY
          0   0.0107679   0.0187074  0.00851648
 -0.0107679           0   0.0155407   0.0148011
 -0.0187074  -0.0155407           0   -0.012739
-0.00851648  -0.0148011    0.012739           0
EndNode1[0]<--->Repeater1[0]
REAL
   0.435074   -0.015052  -0.0117906     0.19516
  -0.015052    0.060241 -0.00295357 -0.00868499
 -0.0117906 -0.00295357   0.0575636   0.0170335
    0.19516 -0.00868499   0.0170335    0.447122
IMAGINARY
          0 -0.00363565  -0.0136541 -0.00433325
 0.00363565           0  -0.0250051   0.0105095
  0.0136541   0.0250051           0  -0.0284398
 0.00433325  -0.0105095   0.0284398           0
EndNode2[0]<--->HoM1[0]
REAL
    0.43173  0.00513255 -0.00908306    0.218497
 0.00513255    0.053316  -0.0272037   0.0130408
-0.00908306  -0.0272037   0.0546164   0.0146564
   0.218497   0.0130408   0.0146564    0.460338
IMAGINARY
           0   0.00143761  -0.00189517   -0.0151201
 -0.00143761            0    0.0214653 -0.000561835
  0.00189517   -0.0214653            0    0.0120759
   0.0151201  0.000561835   -0.0120759            0
Repeater1[0]<--->EndNode1[0]
REAL
   0.435074  -0.0117906   -0.015052     0.19516
 -0.0117906   0.0575636 -0.00295357   0.0170335
  -0.015052 -0.00295357    0.060241 -0.00868499
    0.19516   0.0170335 -0.00868499    0.447122
IMAGINARY
          0  -0.0136541 -0.00363565 -0.00433325
  0.0136541           0   0.0250051  -0.0284398
 0.00363565  -0.0250051           0   0.0105095
 0.00433325   0.0284398  -0.0105095           0
Repeater1[0]<--->HoM1[0]
REAL
    0.43173 -0.00908306  0.00513255    0.218497
-0.00908306   0.0546164  -0.0272037   0.0146564
 0.00513255  -0.0272037    0.053316   0.0130408
   0.218497   0.0146564   0.0130408    0.460338
IMAGINARY
           0  -0.00189517   0.00143761   -0.0151201
  0.00189517            0   -0.0214653    0.0120759
 -0.00143761    0.0214653            0 -0.000561835
   0.0151201   -0.0120759  0.000561835            0
EndNode1[0]<--->Repeater1[0]
REAL
   0.464241 0.000410243  -0.0162495    0.186254
0.000410243   0.0627353 -0.00479226  0.00450016
 -0.0162495 -0.00479226   0.0539523  -0.0121596
   0.186254  0.00450016  -0.0121596    0.419072
IMAGINARY
           0   0.00912741 -0.000996723   0.00396827
 -0.00912741            0   -0.0147414    0.0129765
 0.000996723    0.0147414            0   -0.0148021
 -0.00396827   -0.0129765    0.0148021            0
EndNode2[0]<--->HoM1[0]
REAL
   0.457364   0.0197366   -0.022976    0.175512
  0.0197366   0.0568475  -0.0174813 -0.00422604
  -0.022976  -0.0174813   0.0620155 -0.00289718
   0.175512 -0.00422604 -0.00289718    0.423773
IMAGINARY
          0 -0.00991322   0.0193541 -0.00595985
 0.00991322           0 -0.00595985   0.0105822
 -0.0193541  0.00595985           0  0.00418074
 0.00595985  -0.0105822 -0.00418074           0
Repeater1[0]<--->EndNode1[0]
REAL
   0.464241  -0.0162495 0.000410243    0.186254
 -0.0162495   0.0539523 -0.00479226  -0.0121596
0.000410243 -0.00479226   0.0627353  0.00450016
   0.186254  -0.0121596  0.00450016    0.419072
IMAGINARY
           0 -0.000996723   0.00912741   0.00396827
 0.000996723            0    0.0147414   -0.0148021
 -0.00912741   -0.0147414            0    0.0129765
 -0.00396827    0.0148021   -0.0129765            0
Repeater1[0]<--->HoM1[0]
REAL
   0.457364   -0.022976   0.0197366    0.175512
  -0.022976   0.0620155  -0.0174813 -0.00289718
  0.0197366  -0.0174813   0.0568475 -0.00422604
   0.175512 -0.00289718 -0.00422604    0.423773
IMAGINARY
          0   0.0193541 -0.00991322 -0.00595985
 -0.0193541           0  0.00595985  0.00418074
 0.00991322 -0.00595985           0   0.0105822
 0.00595985 -0.00418074  -0.0105822           0
EndNode1[0]<--->Repeater1[0]
REAL
   0.445722  0.00313089 -0.00170423     0.20358
 0.00313089   0.0625798  0.00906335   0.0112828
-0.00170423  0.00906335   0.0613027   0.0128333
    0.20358   0.0112828   0.0128333    0.430396
IMAGINARY
         0 -0.0024105 -0.0152317  0.0139001
 0.0024105          0  0.0191633 -0.0200164
 0.0152317 -0.0191633          0  0.0115489
-0.0139001  0.0200164 -0.0115489          0
EndNode2[0]<--->HoM1[0]
REAL
   0.446452   0.0207229   0.0146124    0.183699
  0.0207229   0.0606452 -0.00765945  0.00983749
  0.0146124 -0.00765945   0.0567742  0.00983943
   0.183699  0.00983749  0.00983943    0.436129
IMAGINARY
          0   0.0117759  -0.0037087  -0.0281544
 -0.0117759           0 -0.00568975   0.0111161
  0.0037087  0.00568975           0 -0.00683767
  0.0281544  -0.0111161  0.00683767           0
Repeater1[0]<--->EndNode1[0]
REAL
   0.445722 -0.00170423  0.00313089     0.20358
-0.00170423   0.0613027  0.00906335   0.0128333
 0.00313089  0.00906335   0.0625798   0.0112828
    0.20358   0.0128333   0.0112828    0.430396
IMAGINARY
         0 -0.0152317 -0.0024105  0.0139001
 0.0152317          0 -0.0191633  0.0115489
 0.0024105  0.0191633          0 -0.0200164
-0.0139001 -0.0115489  0.0200164          0
Repeater1[0]<--->HoM1[0]
REAL
   0.446452   0.0146124   0.0207229    0.183699
  0.0146124   0.0567742 -0.00765945  0.00983943
  0.0207229 -0.00765945   0.0606452  0.00983749
   0.183699  0.00983943  0.00983749    0.436129
IMAGINARY
          0  -0.0037087   0.0117759  -0.0281544
  0.0037087           0  0.00568975 -0.00683767
 -0.0117759 -0.00568975           0   0.0111161
  0.0281544  0.00683767  -0.0111161           0
EndNode1[0]<--->Repeater1[0]
REAL
   0.399009  0.00538498   0.0156381    0.201689
 0.00538498    0.070632 -0.00182892  0.00469855
  0.0156381 -0.00182892   0.0718711 0.000926381
   0.201689  0.00469855 0.000926381    0.458488
IMAGINARY
          0 -0.00564051 -0.00885803  -0.0134737
 0.00564051           0  0.00499917   0.0302148
 0.00885803 -0.00499917           0 -0.00817858
  0.0134737  -0.0302148  0.00817858           0
EndNode2[0]<--->HoM1[0]
REAL
   0.453488  -0.0248917  0.00559196    0.219628
 -0.0248917   0.0633075 -0.00497132  -0.0127255
 0.00559196 -0.00497132   0.0645995 -0.00818221
   0.219628  -0.0127255 -0.00818221    0.418605
IMAGINARY
           0  -0.00372164   0.00625919   0.00776323
  0.00372164            0  -0.00218702 -0.000911601
 -0.00625919   0.00218702            0   -0.0123211
 -0.00776323  0.000911601    0.0123211            0
Repeater1[0]<--->EndNode1[0]
REAL
   0.399009   0.0156381  0.00538498    0.201689
  0.0156381   0.0718711 -0.00182892 0.000926381
 0.00538498 -0.00182892    0.070632  0.00469855
   0.201689 0.000926381  0.00469855    0.458488
IMAGINARY
          0 -0.00885803 -0.00564051  -0.0134737
 0.00885803           0 -0.00499917 -0.00817858
 0.00564051  0.00499917           0   0.0302148
  0.0134737  0.00817858  -0.0302148           0
Repeater1[0]<--->HoM1[0]
REAL
   0.453488  0.00559196  -0.0248917    0.219628
 0.00559196   0.0645995 -0.00497132 -0.00818221
 -0.0248917 -0.00497132   0.0633075  -0.0127255
   0.219628 -0.00818221  -0.0127255    0.418605
IMAGINARY
           0   0.00625919  -0.00372164   0.00776323
 -0.00625919            0   0.00218702   -0.0123211
  0.00372164  -0.00218702            0 -0.000911601
 -0.00776323    0.0123211  0.000911601            0
EndNode1[0]<--->Repeater1[0]
REAL
   0.408788  0.00641805  -0.0205865     0.18851
 0.00641805   0.0639148  -0.0146559 -0.00501992
 -0.0205865  -0.0146559   0.0625832 0.000320492
    0.18851 -0.00501992 0.000320492    0.464714
IMAGINARY
          0 -0.00131926  -0.0232046 -0.00767444
 0.00131926           0  0.00508376  0.00605419
  0.0232046 -0.00508376           0 -0.00131926
 0.00767444 -0.00605419  0.00131926           0
EndNode2[0]<--->HoM1[0]
REAL
   0.451157  0.00481613 1.10779e-05    0.198466
 0.00481613   0.0578406   0.0152597  0.00848565
