EndNode1[0]<--->Repeater1[0]
REAL
   0.486019  -0.0232723 -0.00352187    0.319367
 -0.0232723   0.0186418  -0.0105819  0.00610585
-0.00352187  -0.0105819   0.0346205 -0.00515148
   0.319367  0.00610585 -0.00515148    0.460719
IMAGINARY
           0   0.00436661   0.00105308   0.00500361
 -0.00436661            0  -0.00245908  -0.00486019
 -0.00105308   0.00245908            0 -0.000559501
 -0.00500361   0.00486019  0.000559501            0
EndNode2[0]<--->HoM1[0]
REAL
    0.467433     0.020443   -0.0157602     0.330916
    0.020443    0.0217114 -5.17722e-05  -0.00522741
  -0.0157602 -5.17722e-05    0.0357599   -0.0377269
    0.330916  -0.00522741   -0.0377269     0.475096
IMAGINARY
          0   0.0206004 -0.00681478 -0.00946017
 -0.0206004           0  -0.0148365  -0.0286691
 0.00681478   0.0148365           0  0.00327053
 0.00946017   0.0286691 -0.00327053           0
Repeater1[0]<--->EndNode1[0]
REAL
   0.486019 -0.00352187  -0.0232723    0.319367
-0.00352187   0.0346205  -0.0105819 -0.00515148
 -0.0232723  -0.0105819   0.0186418  0.00610585
   0.319367 -0.00515148  0.00610585    0.460719
IMAGINARY
           0   0.00105308   0.00436661   0.00500361
 -0.00105308            0   0.00245908 -0.000559501
 -0.00436661  -0.00245908            0  -0.00486019
 -0.00500361  0.000559501   0.00486019            0
Repeater1[0]<--->HoM1[0]
REAL
    0.467433   -0.0157602     0.020443     0.330916
  -0.0157602    0.0357599 -5.17722e-05   -0.0377269
    0.020443 -5.17722e-05    0.0217114  -0.00522741
    0.330916   -0.0377269  -0.00522741     0.475096
IMAGINARY
          0 -0.00681478   0.0206004 -0.00946017
 0.00681478           0   0.0148365  0.00327053
 -0.0206004  -0.0148365           0  -0.0286691
 0.00946017 -0.00327053   0.0286691           0
EndNode1[0]<--->Repeater1[0]
REAL
     0.43625  -0.00132272  -0.00727343      0.32861
 -0.00132272       0.0275    0.0275901 -0.000642134
 -0.00727343    0.0275901      0.03625  -0.00263506
     0.32861 -0.000642134  -0.00263506          0.5
IMAGINARY
           0   -0.0145004   0.00559501  -0.00379534
   0.0145004            0 -0.000100761   -0.0119726
 -0.00559501  0.000100761            0   -0.0071833
  0.00379534    0.0119726    0.0071833            0
EndNode2[0]<--->HoM1[0]
REAL
   0.471627  -0.0075489  0.00416257    0.347476
 -0.0075489   0.0264817 0.000691157  -0.0224872
 0.00416257 0.000691157   0.0302648 -0.00815791
   0.347476  -0.0224872 -0.00815791    0.471627
IMAGINARY
          0  0.00870653  -0.0184931   0.0180444
-0.00870653           0  0.00436279 -0.00134272
  0.0184931 -0.00436279           0   0.0166013
 -0.0180444  0.00134272  -0.0166013           0
Repeater1[0]<--->EndNode1[0]
REAL
     0.43625  -0.00727343  -0.00132272      0.32861
 -0.00727343      0.03625    0.0275901  -0.00263506
 -0.00132272    0.0275901       0.0275 -0.000642134
     0.32861  -0.00263506 -0.000642134          0.5
IMAGINARY
           0   0.00559501   -0.0145004  -0.00379534
 -0.00559501            0  0.000100761   -0.0071833
   0.0145004 -0.000100761            0   -0.0119726
  0.00379534    0.0071833    0.0119726            0
Repeater1[0]<--->HoM1[0]
REAL
   0.471627  0.00416257  -0.0075489    0.347476
 0.00416257   0.0302648 0.000691157 -0.00815791
 -0.0075489 0.000691157   0.0264817  -0.0224872
   0.347476 -0.00815791  -0.0224872    0.471627
IMAGINARY
          0  -0.0184931  0.00870653   0.0180444
  0.0184931           0 -0.00436279   0.0166013
-0.00870653  0.00436279           0 -0.00134272
 -0.0180444  -0.0166013  0.00134272           0
EndNode1[0]<--->Repeater1[0]
REAL
    0.46625  -0.0133204 -0.00992324    0.312568
 -0.0133204      0.0275  0.00561369 -0.00604727
-0.00992324  0.00561369     0.02625  0.00472086
   0.312568 -0.00604727  0.00472086        0.48
IMAGINARY
          0  -0.0086038 -0.00147928  0.00662347
  0.0086038           0  -0.0368248 -0.00211785
 0.00147928   0.0368248           0  0.00140955
-0.00662347  0.00211785 -0.00140955           0
EndNode2[0]<--->HoM1[0]
REAL
   0.461632   0.0039238   0.0129713    0.326821
  0.0039238   0.0304507 -0.00247817  0.00985024
  0.0129713 -0.00247817   0.0255786   0.0175146
   0.326821  0.00985024   0.0175146    0.482339
IMAGINARY
          0   0.0352125  -0.0125601   0.0114857
 -0.0352125           0  -0.0109023  -0.0059112
  0.0125601   0.0109023           0  0.00618876
 -0.0114857   0.0059112 -0.00618876           0
Repeater1[0]<--->EndNode1[0]
REAL
    0.46625 -0.00992324  -0.0133204    0.312568
-0.00992324     0.02625  0.00561369  0.00472086
 -0.0133204  0.00561369      0.0275 -0.00604727
   0.312568  0.00472086 -0.00604727        0.48
IMAGINARY
          0 -0.00147928  -0.0086038  0.00662347
 0.00147928           0   0.0368248  0.00140955
  0.0086038  -0.0368248           0 -0.00211785
-0.00662347 -0.00140955  0.00211785           0
Repeater1[0]<--->HoM1[0]
REAL
   0.461632   0.0129713   0.0039238    0.326821
  0.0129713   0.0255786 -0.00247817   0.0175146
  0.0039238 -0.00247817   0.0304507  0.00985024
   0.326821   0.0175146  0.00985024    0.482339
IMAGINARY
          0  -0.0125601   0.0352125   0.0114857
  0.0125601           0   0.0109023  0.00618876
 -0.0352125  -0.0109023           0  -0.0059112
 -0.0114857 -0.00618876   0.0059112           0
EndNode1[0]<--->Repeater1[0]
REAL
   0.454433 -0.00829082   -0.025421    0.316435
-0.00829082   0.0221675   0.0126464 -0.00646675
  -0.025421   0.0126464   0.0197044 -0.00829082
   0.316435 -0.00646675 -0.00829082    0.503695
IMAGINARY
          0    0.015193   0.0108825   0.0203257
  -0.015193           0   0.0061138  -0.0102059
 -0.0108825  -0.0061138           0 -0.00910368
 -0.0203257   0.0102059  0.00910368           0
EndNode2[0]<--->HoM1[0]
REAL
    0.46123   0.0134107   0.0118084    0.318924
  0.0134107   0.0334225 -0.00536504  -0.0118084
  0.0118084 -0.00536504   0.0213904  0.00353846
   0.318924  -0.0118084  0.00353846    0.483957
IMAGINARY
          0   0.0106172  -0.0218278 -0.00384809
 -0.0106172           0   0.0123227  -0.0130559
  0.0218278  -0.0123227           0  0.00359471
 0.00384809   0.0130559 -0.00359471           0
Repeater1[0]<--->EndNode1[0]
REAL
   0.454433   -0.025421 -0.00829082    0.316435
  -0.025421   0.0197044   0.0126464 -0.00829082
-0.00829082   0.0126464   0.0221675 -0.00646675
   0.316435 -0.00829082 -0.00646675    0.503695
IMAGINARY
          0   0.0108825    0.015193   0.0203257
 -0.0108825           0  -0.0061138 -0.00910368
  -0.015193   0.0061138           0  -0.0102059
 -0.0203257  0.00910368   0.0102059           0
Repeater1[0]<--->HoM1[0]
REAL
    0.46123   0.0118084   0.0134107    0.318924
  0.0118084   0.0213904 -0.00536504  0.00353846
  0.0134107 -0.00536504   0.0334225  -0.0118084
   0.318924  0.00353846  -0.0118084    0.483957
IMAGINARY
          0  -0.0218278   0.0106172 -0.00384809
  0.0218278           0  -0.0123227  0.00359471
 -0.0106172   0.0123227           0  -0.0130559
 0.00384809 -0.00359471   0.0130559           0
EndNode1[0]<--->Repeater1[0]
REAL
  0.468387 0.00901666  0.0063459   0.308117
0.00901666  0.0180645 0.00679276  0.0283585
 0.0063459 0.00679276   0.036129  0.0102635
  0.308117  0.0283585  0.0102635   0.477419
IMAGINARY
          0   0.0104216   0.0182727  0.00727129
 -0.0104216           0 -0.00975267  -0.0123124
 -0.0182727  0.00975267           0  -0.0110838
-0.00727129   0.0123124   0.0110838           0
EndNode2[0]<--->HoM1[0]
REAL
    0.458162   0.00710095   -0.0174086     0.328425
  0.00710095    0.0192044 -3.77096e-05  -0.00904305
  -0.0174086 -3.77096e-05    0.0246914   0.00386679
    0.328425  -0.00904305   0.00386679     0.497942
IMAGINARY
          0   0.0256727  -0.0283455  -0.0124262
 -0.0256727           0  -0.0093129 -0.00913859
  0.0283455   0.0093129           0 -0.00470703
  0.0124262  0.00913859  0.00470703           0
Repeater1[0]<--->EndNode1[0]
REAL
  0.468387  0.0063459 0.00901666   0.308117
 0.0063459   0.036129 0.00679276  0.0102635
0.00901666 0.00679276  0.0180645  0.0283585
  0.308117  0.0102635  0.0283585   0.477419
IMAGINARY
          0   0.0182727   0.0104216  0.00727129
 -0.0182727           0  0.00975267  -0.0110838
 -0.0104216 -0.00975267           0  -0.0123124
-0.00727129   0.0110838   0.0123124           0
Repeater1[0]<--->HoM1[0]
REAL
    0.458162   -0.0174086   0.00710095     0.328425
  -0.0174086    0.0246914 -3.77096e-05   0.00386679
  0.00710095 -3.77096e-05    0.0192044  -0.00904305
    0.328425   0.00386679  -0.00904305     0.497942
IMAGINARY
          0  -0.0283455   0.0256727  -0.0124262
  0.0283455           0   0.0093129 -0.00470703
 -0.0256727  -0.0093129           0 -0.00913859
  0.0124262  0.00470703  0.00913859           0
EndNode1[0]<--->Repeater1[0]
REAL
  0.477612 0.00175956 0.00980384   0.321676
0.00175956  0.0352782  0.0132999 -0.0134984
0.00980384  0.0132999  0.0298507 0.00439808
  0.321676 -0.0134984 0.00439808   0.457259
IMAGINARY
           0   -0.0237526 -0.000279911  -0.00417202
   0.0237526            0   0.00417202   0.00281798
 0.000279911  -0.00417202            0   0.00725515
  0.00417202  -0.00281798  -0.00725515            0
EndNode2[0]<--->HoM1[0]
REAL
    0.46066  0.00259734  -0.0101918    0.326158
 0.00259734   0.0241117  0.00650612  0.00282902
 -0.0101918  0.00650612   0.0228426 -0.00594406
   0.326158  0.00282902 -0.00594406    0.492386
IMAGINARY
           0   0.00774899 -0.000465354   0.00493107
 -0.00774899            0  -0.00366844    0.0166345
 0.000465354   0.00366844            0    0.0121515
 -0.00493107   -0.0166345   -0.0121515            0
Repeater1[0]<--->EndNode1[0]
REAL
  0.477612 0.00980384 0.00175956   0.321676
0.00980384  0.0298507  0.0132999 0.00439808
0.00175956  0.0132999  0.0352782 -0.0134984
  0.321676 0.00439808 -0.0134984   0.457259
IMAGINARY
           0 -0.000279911   -0.0237526  -0.00417202
 0.000279911            0  -0.00417202   0.00725515
   0.0237526   0.00417202            0   0.00281798
  0.00417202  -0.00725515  -0.00281798            0
Repeater1[0]<--->HoM1[0]
REAL
    0.46066  -0.0101918  0.00259734    0.326158
 -0.0101918   0.0228426  0.00650612 -0.00594406
 0.00259734  0.00650612   0.0241117  0.00282902
   0.326158 -0.00594406  0.00282902    0.492386
IMAGINARY
           0 -0.000465354   0.00774899   0.00493107
 0.000465354            0   0.00366844    0.0121515
 -0.00774899  -0.00366844            0    0.0166345
 -0.00493107   -0.0121515   -0.0166345            0
EndNode1[0]<--->Repeater1[0]
REAL
   0.47125  0.0247582  0.0146259   0.318469
 0.0247582     0.0225 -0.0157482  0.0146259
 0.0146259 -0.0157482      0.025   0.003133
  0.318469  0.0146259   0.003133    0.48125
IMAGINARY
           0    0.0023921   0.00226441    0.0019346
  -0.0023921            0  0.000696978    -0.015527
 -0.00226441 -0.000696978            0   0.00954424
  -0.0019346     0.015527  -0.00954424            0
EndNode2[0]<--->HoM1[0]
REAL
   0.483117   0.0149955  0.00525507    0.328022
  0.0149955   0.0337662   0.0114844 -0.00319746
 0.00525507   0.0114844    0.025974 -0.00333571
   0.328022 -0.00319746 -0.00333571    0.457143
IMAGINARY
          0 -0.00625069   0.0115661 -0.00211528
 0.00625069           0 -0.00905097 -0.00769017
 -0.0115661  0.00905097           0  -0.0105452
 0.00211528  0.00769017   0.0105452           0
Repeater1[0]<--->EndNode1[0]
REAL
   0.47125  0.0146259  0.0247582   0.318469
 0.0146259      0.025 -0.0157482   0.003133
 0.0247582 -0.0157482     0.0225  0.0146259
  0.318469   0.003133  0.0146259    0.48125
IMAGINARY
           0   0.00226441    0.0023921    0.0019346
 -0.00226441            0 -0.000696978   0.00954424
  -0.0023921  0.000696978            0    -0.015527
  -0.0019346  -0.00954424     0.015527            0
Repeater1[0]<--->HoM1[0]
REAL
   0.483117  0.00525507   0.0149955    0.328022
 0.00525507    0.025974   0.0114844 -0.00333571
  0.0149955   0.0114844   0.0337662 -0.00319746
   0.328022 -0.00333571 -0.00319746    0.457143
IMAGINARY
          0   0.0115661 -0.00625069 -0.00211528
 -0.0115661           0  0.00905097  -0.0105452
 0.00625069 -0.00905097           0 -0.00769017
 0.00211528   0.0105452  0.00769017           0
EndNode1[0]<--->Repeater1[0]
REAL
  0.477099 -0.0062861 0.00786197   0.302077
-0.0062861  0.0267176  0.0013302 0.00852073
0.00786197  0.0013302  0.0267176 0.00694141
  0.302077 0.00852073 0.00694141   0.469466
IMAGINARY
          0   0.0197525  -0.0164038   0.0104442
 -0.0197525           0 -0.00980892  0.00581846
  0.0164038  0.00980892           0 -0.00169522
 -0.0104442 -0.00581846  0.00169522           0
EndNode2[0]<--->HoM1[0]
REAL
     0.46433  -0.00719404  -0.00536193     0.321213
 -0.00719404    0.0300375   0.00452476  -0.00536193
 -0.00536193   0.00452476    0.0225282 -0.000848859
    0.321213  -0.00536193 -0.000848859     0.483104
IMAGINARY
          0   0.0195432   0.0202268  0.00593129
 -0.0195432           0   0.0129735  -0.0183304
 -0.0202268  -0.0129735           0 -0.00500462
-0.00593129   0.0183304  0.00500462           0
Repeater1[0]<--->EndNode1[0]
REAL
  0.477099 0.00786197 -0.0062861   0.302077
0.00786197  0.0267176  0.0013302 0.00694141
-0.0062861  0.0013302  0.0267176 0.00852073
  0.302077 0.00694141 0.00852073   0.469466
IMAGINARY
          0  -0.0164038   0.0197525   0.0104442
  0.0164038           0  0.00980892 -0.00169522
 -0.0197525 -0.00980892           0  0.00581846
 -0.0104442  0.00169522 -0.00581846           0
Repeater1[0]<--->HoM1[0]
REAL
     0.46433  -0.00536193  -0.00719404     0.321213
 -0.00536193    0.0225282   0.00452476 -0.000848859
 -0.00719404   0.00452476    0.0300375  -0.00536193
    0.321213 -0.000848859  -0.00536193     0.483104
IMAGINARY
          0   0.0202268   0.0195432  0.00593129
 -0.0202268           0  -0.0129735 -0.00500462
 -0.0195432   0.0129735           0  -0.0183304
-0.00593129  0.00500462   0.0183304           0
EndNode1[0]<--->Repeater1[0]
REAL
   0.435669   0.0246652  -0.0028751    0.324661
  0.0246652   0.0267516 -0.00760496   0.0186935
 -0.0028751 -0.00760496   0.0267516 -0.00196919
   0.324661   0.0186935 -0.00196919    0.510828
IMAGINARY
           0    0.0133432  0.000604503    0.0106912
  -0.0133432            0  -0.00359447  -0.00636635
-0.000604503   0.00359447            0   -0.0114226
  -0.0106912   0.00636635    0.0114226            0
EndNode2[0]<--->HoM1[0]
REAL
    0.447781   -0.0149462 -0.000839267     0.320161
  -0.0149462    0.0221932   0.00411184  -0.00990662
-0.000839267   0.00411184    0.0300261  0.000407623
    0.320161  -0.00990662  0.000407623          0.5
IMAGINARY
          0 -0.00927773   0.0116528  -0.0171209
 0.00927773           0  0.00139762  -0.0153565
 -0.0116528 -0.00139762           0 -0.00553708
  0.0171209   0.0153565  0.00553708           0
Repeater1[0]<--->EndNode1[0]
REAL
   0.435669  -0.0028751   0.0246652    0.324661
 -0.0028751   0.0267516 -0.00760496 -0.00196919
  0.0246652 -0.00760496   0.0267516   0.0186935
   0.324661 -0.00196919   0.0186935    0.510828
IMAGINARY
           0  0.000604503    0.0133432    0.0106912
-0.000604503            0   0.00359447   -0.0114226
  -0.0133432  -0.00359447            0  -0.00636635
  -0.0106912    0.0114226   0.00636635            0
Repeater1[0]<--->HoM1[0]
REAL
    0.447781 -0.000839267   -0.0149462     0.320161
-0.000839267    0.0300261   0.00411184  0.000407623
  -0.0149462   0.00411184    0.0221932  -0.00990662
    0.320161  0.000407623  -0.00990662          0.5
IMAGINARY
          0   0.0116528 -0.00927773  -0.0171209
 -0.0116528           0 -0.00139762 -0.00553708
 0.00927773  0.00139762           0  -0.0153565
  0.0171209  0.00553708   0.0153565           0
EndNode1[0]<--->Repeater1[0]
REAL
   0.468625  -0.0116299   0.0147167    0.293163
 -0.0116299   0.0333778   0.0161012  0.00571927
  0.0147167   0.0161012   0.0186916 -0.00608123
   0.293163  0.00571927 -0.00608123    0.479306
IMAGINARY
           0    0.0201388  -0.00872971 -0.000628141
  -0.0201388            0    0.0194724   0.00744105
  0.00872971   -0.0194724            0  -0.00209755
 0.000628141  -0.00744105   0.00209755            0
EndNode2[0]<--->HoM1[0]
REAL
   0.479381    0.012012 -0.00732273    0.319539
   0.012012   0.0193299 -0.00170456  0.00923356
-0.00732273 -0.00170456   0.0244845  -0.0139228
   0.319539  0.00923356  -0.0139228    0.476804
IMAGINARY
          0  0.00905726 -0.00687162   0.0138159
-0.00905726           0 -0.00918015  -0.0112631
 0.00687162  0.00918015           0   0.0168495
 -0.0138159   0.0112631  -0.0168495           0
Repeater1[0]<--->EndNode1[0]
REAL
   0.468625   0.0147167  -0.0116299    0.293163
  0.0147167   0.0186916   0.0161012 -0.00608123
 -0.0116299   0.0161012   0.0333778  0.00571927
   0.293163 -0.00608123  0.00571927    0.479306
IMAGINARY
           0  -0.00872971    0.0201388 -0.000628141
  0.00872971            0   -0.0194724  -0.00209755
  -0.0201388    0.0194724            0   0.00744105
 0.000628141   0.00209755  -0.00744105            0
Repeater1[0]<--->HoM1[0]
REAL
   0.479381 -0.00732273    0.012012    0.319539
-0.00732273   0.0244845 -0.00170456  -0.0139228
   0.012012 -0.00170456   0.0193299  0.00923356
   0.319539  -0.0139228  0.00923356    0.476804
IMAGINARY
          0 -0.00687162  0.00905726   0.0138159
 0.00687162           0  0.00918015   0.0168495
-0.00905726 -0.00918015           0  -0.0112631
 -0.0138159  -0.0168495   0.0112631           0
EndNode1[0]<--->Repeater1[0]
REAL
   0.465322   0.0026178  0.00677993    0.312999
  0.0026178   0.0252207 -0.00279002   0.0141625
 0.00677993 -0.00279002   0.0302648   0.0117801
   0.312999   0.0141625   0.0117801    0.479193
IMAGINARY
           0  0.000923361   -0.0088139  -0.00697085
-0.000923361            0  -0.00760456  -0.00642156
   0.0088139   0.00760456            0    0.0184672
  0.00697085   0.00642156   -0.0184672            0
EndNode2[0]<--->HoM1[0]
REAL
       0.436   -0.0140674 -3.64535e-05     0.313943
  -0.0140674        0.032   -0.0160568   -0.0138341
-3.64535e-05   -0.0160568        0.024   -0.0116921
    0.313943   -0.0138341   -0.0116921        0.508
IMAGINARY
          0   -0.003125    0.001875  0.00621856
   0.003125           0   0.0159747    0.001875
  -0.001875  -0.0159747           0   -0.003125
-0.00621856   -0.001875    0.003125           0
Repeater1[0]<--->EndNode1[0]
REAL
   0.465322  0.00677993   0.0026178    0.312999
 0.00677993   0.0302648 -0.00279002   0.0117801
  0.0026178 -0.00279002   0.0252207   0.0141625
   0.312999   0.0117801   0.0141625    0.479193
IMAGINARY
           0   -0.0088139  0.000923361  -0.00697085
   0.0088139            0   0.00760456    0.0184672
-0.000923361  -0.00760456            0  -0.00642156
  0.00697085   -0.0184672   0.00642156            0
Repeater1[0]<--->HoM1[0]
REAL
       0.436 -3.64535e-05   -0.0140674     0.313943
-3.64535e-05        0.024   -0.0160568   -0.0116921
  -0.0140674   -0.0160568        0.032   -0.0138341
    0.313943   -0.0116921   -0.0138341        0.508
IMAGINARY
          0    0.001875   -0.003125  0.00621856
  -0.001875           0  -0.0159747   -0.003125
   0.003125   0.0159747           0    0.001875
-0.00621856    0.003125   -0.001875           0
EndNode1[0]<--->Repeater1[0]
REAL
   0.486264    0.011782 -0.00821466    0.329129
   0.011782   0.0260989   0.0180755    0.010078
-0.00821466   0.0180755   0.0260989 -0.00370747
   0.329129    0.010078 -0.00370747    0.461538
IMAGINARY
          0  0.00545159  0.00480761   0.0163081
-0.00545159           0   -0.018827  0.00547517
-0.00480761    0.018827           0  -0.0118783
 -0.0163081 -0.00547517   0.0118783           0
EndNode2[0]<--->HoM1[0]
REAL
    0.466091   0.00841318 -0.000672043     0.337899
  0.00841318    0.0308261   0.00129734  0.000672043
-0.000672043   0.00129734    0.0332922  -0.00338806
    0.337899  0.000672043  -0.00338806      0.46979
IMAGINARY
           0  -0.00233127   0.00164259 -0.000323415
  0.00233127            0 -0.000323415 -0.000988992
 -0.00164259  0.000323415            0  -0.00747265
 0.000323415  0.000988992   0.00747265            0
Repeater1[0]<--->EndNode1[0]
REAL
   0.486264 -0.00821466    0.011782    0.329129
-0.00821466   0.0260989   0.0180755 -0.00370747
   0.011782   0.0180755   0.0260989    0.010078
   0.329129 -0.00370747    0.010078    0.461538
IMAGINARY
          0  0.00480761  0.00545159   0.0163081
-0.00480761           0    0.018827  -0.0118783
-0.00545159   -0.018827           0  0.00547517
 -0.0163081   0.0118783 -0.00547517           0
Repeater1[0]<--->HoM1[0]
REAL
    0.466091 -0.000672043   0.00841318     0.337899
-0.000672043    0.0332922   0.00129734  -0.00338806
  0.00841318   0.00129734    0.0308261  0.000672043
    0.337899  -0.00338806  0.000672043      0.46979
IMAGINARY
           0   0.00164259  -0.00233127 -0.000323415
 -0.00164259            0  0.000323415  -0.00747265
  0.00233127 -0.000323415            0 -0.000988992
 0.000323415   0.00747265  0.000988992            0
EndNode1[0]<--->Repeater1[0]
REAL
   0.488342  -0.0301236  -0.0293633    0.316645
 -0.0301236   0.0284974  0.00551973 -0.00543054
 -0.0293633  0.00551973   0.0349741  -0.0124021
   0.316645 -0.00543054  -0.0124021    0.448187
IMAGINARY
          0  0.00812517  0.00432262 -0.00386737
-0.00812517           0  -0.0119755   -0.021787
-0.00432262   0.0119755           0 -0.00101003
 0.00386737    0.021787  0.00101003           0
EndNode2[0]<--->HoM1[0]
REAL
   0.472776  0.00949163  0.00899146    0.307633
 0.00949163   0.0225764   0.0111503 -0.00634596
 0.00899146   0.0111503   0.0265604  0.00241313
   0.307633 -0.00634596  0.00241313    0.478088
IMAGINARY
          0  -0.0142655  0.00221361   0.0180379
  0.0142655           0  0.00734276   0.0329623
-0.00221361 -0.00734276           0   -0.023423
 -0.0180379  -0.0329623    0.023423           0
Repeater1[0]<--->EndNode1[0]
REAL
   0.488342  -0.0293633  -0.0301236    0.316645
 -0.0293633   0.0349741  0.00551973  -0.0124021
 -0.0301236  0.00551973   0.0284974 -0.00543054
   0.316645  -0.0124021 -0.00543054    0.448187
IMAGINARY
          0  0.00432262  0.00812517 -0.00386737
-0.00432262           0   0.0119755 -0.00101003
-0.00812517  -0.0119755           0   -0.021787
 0.00386737  0.00101003    0.021787           0
Repeater1[0]<--->HoM1[0]
REAL
   0.472776  0.00899146  0.00949163    0.307633
 0.00899146   0.0265604   0.0111503  0.00241313
 0.00949163   0.0111503   0.0225764 -0.00634596
   0.307633  0.00241313 -0.00634596    0.478088
IMAGINARY
          0  0.00221361  -0.0142655   0.0180379
-0.00221361           0 -0.00734276   -0.023423
  0.0142655  0.00734276           0   0.0329623
 -0.0180379    0.023423  -0.0329623           0
EndNode1[0]<--->Repeater1[0]
REAL
    0.476636  0.000597881   0.00795832     0.314406
 0.000597881    0.0213618 -0.000888611  -0.00482941
  0.00795832 -0.000888611    0.0267023   0.00378259
    0.314406  -0.00482941   0.00378259       0.4753
IMAGINARY
          0   0.0179608  -0.0175188   0.0146932
 -0.0179608           0 -0.00494029 -0.00954005
  0.0175188  0.00494029           0   0.0126275
 -0.0146932  0.00954005  -0.0126275           0
EndNode2[0]<--->HoM1[0]
REAL
    0.463659  -0.00165769   -0.0186196     0.329442
 -0.00165769    0.0112782  0.000623813 -0.000334627
  -0.0186196  0.000623813    0.0238095  -0.00683904
    0.329442 -0.000334627  -0.00683904     0.501253
IMAGINARY
          0  0.00175607 -0.00547103   0.0081094
-0.00175607           0  0.00743464   0.0128602
 0.00547103 -0.00743464           0  0.00440157
 -0.0081094  -0.0128602 -0.00440157           0
Repeater1[0]<--->EndNode1[0]
REAL
    0.476636   0.00795832  0.000597881     0.314406
  0.00795832    0.0267023 -0.000888611   0.00378259
 0.000597881 -0.000888611    0.0213618  -0.00482941
    0.314406   0.00378259  -0.00482941       0.4753
IMAGINARY
          0  -0.0175188   0.0179608   0.0146932
  0.0175188           0  0.00494029   0.0126275
 -0.0179608 -0.00494029           0 -0.00954005
 -0.0146932  -0.0126275  0.00954005           0
Repeater1[0]<--->HoM1[0]
REAL
    0.463659   -0.0186196  -0.00165769     0.329442
  -0.0186196    0.0238095  0.000623813  -0.00683904
 -0.00165769  0.000623813    0.0112782 -0.000334627
    0.329442  -0.00683904 -0.000334627     0.501253
IMAGINARY
          0 -0.00547103  0.00175607   0.0081094
 0.00547103           0 -0.00743464  0.00440157
-0.00175607  0.00743464           0   0.0128602
 -0.0081094 -0.00440157  -0.0128602           0
EndNode1[0]<--->Repeater1[0]
REAL
    0.464525   -0.0278812   0.00655427     0.313703
  -0.0278812    0.0267738   0.00120342   -0.0109021
  0.00655427   0.00120342    0.0374833 -6.90984e-05
    0.313703   -0.0109021 -6.90984e-05     0.471218
IMAGINARY
           0   0.00510204    -0.002505  -0.00746643
 -0.00510204            0 -0.000709672   -0.0115256
    0.002505  0.000709672            0   0.00510204
  0.00746643    0.0115256  -0.00510204            0
EndNode2[0]<--->HoM1[0]
REAL
   0.442971  -0.0022979 -0.00666828    0.322918
 -0.0022979   0.0238727  0.00689764   0.0119453
-0.00666828  0.00689764   0.0212202 0.000978639
   0.322918   0.0119453 0.000978639    0.511936
IMAGINARY
          0  -0.0331289   0.0246912 -0.00739283
  0.0331289           0 -0.00354668   0.0184877
 -0.0246912  0.00354668           0 -0.00379221
 0.00739283  -0.0184877  0.00379221           0
Repeater1[0]<--->EndNode1[0]
REAL
    0.464525   0.00655427   -0.0278812     0.313703
  0.00655427    0.0374833   0.00120342 -6.90984e-05
  -0.0278812   0.00120342    0.0267738   -0.0109021
    0.313703 -6.90984e-05   -0.0109021     0.471218
IMAGINARY
           0    -0.002505   0.00510204  -0.00746643
    0.002505            0  0.000709672   0.00510204
 -0.00510204 -0.000709672            0   -0.0115256
  0.00746643  -0.00510204    0.0115256            0
Repeater1[0]<--->HoM1[0]
REAL
   0.442971 -0.00666828  -0.0022979    0.322918
-0.00666828   0.0212202  0.00689764 0.000978639
 -0.0022979  0.00689764   0.0238727   0.0119453
   0.322918 0.000978639   0.0119453    0.511936
IMAGINARY
          0   0.0246912  -0.0331289 -0.00739283
 -0.0246912           0  0.00354668 -0.00379221
  0.0331289 -0.00354668           0   0.0184877
 0.00739283  0.00379221  -0.0184877           0
EndNode1[0]<--->Repeater1[0]
REAL
   0.472661  0.00433604   0.0116463    0.322613
 0.00433604   0.0352369 -0.00188162  0.00664634
  0.0116463 -0.00188162   0.0255164 -0.00677507
   0.322613  0.00664634 -0.00677507    0.466586
IMAGINARY
          0   0.0151851   0.0136337 -0.00804336
 -0.0151851           0  0.00273832  -0.0262599
 -0.0136337 -0.00273832           0   0.0138553
 0.00804336   0.0262599  -0.0138553           0
EndNode2[0]<--->HoM1[0]
REAL
        0.5 -0.00162568  0.00568818    0.329594
-0.00162568   0.0351562  -0.0100635  -0.0137228
 0.00568818  -0.0100635   0.0234375  -0.0113533
   0.329594  -0.0137228  -0.0113533    0.441406
IMAGINARY
          0  -0.0149286   0.0227898 -0.00933829
  0.0149286           0  -0.0056162 -0.00014598
 -0.0227898   0.0056162           0 -0.00159527
 0.00933829  0.00014598  0.00159527           0
Repeater1[0]<--->EndNode1[0]
REAL
   0.472661   0.0116463  0.00433604    0.322613
  0.0116463   0.0255164 -0.00188162 -0.00677507
 0.00433604 -0.00188162   0.0352369  0.00664634
   0.322613 -0.00677507  0.00664634    0.466586
IMAGINARY
          0   0.0136337   0.0151851 -0.00804336
 -0.0136337           0 -0.00273832   0.0138553
 -0.0151851  0.00273832           0  -0.0262599
 0.00804336  -0.0138553   0.0262599           0
Repeater1[0]<--->HoM1[0]
REAL
        0.5  0.00568818 -0.00162568    0.329594
 0.00568818   0.0234375  -0.0100635  -0.0113533
-0.00162568  -0.0100635   0.0351562  -0.0137228
   0.329594  -0.0113533  -0.0137228    0.441406
IMAGINARY
          0   0.0227898  -0.0149286 -0.00933829
 -0.0227898           0   0.0056162 -0.00159527
  0.0149286  -0.0056162           0 -0.00014598
 0.00933829  0.00159527  0.00014598           0
EndNode1[0]<--->Repeater1[0]
REAL
  0.516255 -0.0078066  0.0157665   0.335337
-0.0078066  0.0338101 -0.0153892 -0.0170618
 0.0157665 -0.0153892  0.0286086  0.0103973
  0.335337 -0.0170618  0.0103973   0.421326
IMAGINARY
           0   -0.0205101 -0.000828947  -0.00260325
   0.0205101            0   0.00795084   0.00545246
 0.000828947  -0.00795084            0  -0.00392847
  0.00260325  -0.00545246   0.00392847            0
EndNode2[0]<--->HoM1[0]
REAL
  0.466754  -0.035096 -0.0186846    0.33006
 -0.035096  0.0325945  0.0060904  -0.013175
-0.0186846  0.0060904   0.029987 -0.0201706
   0.33006  -0.013175 -0.0201706   0.470665
IMAGINARY
          0   0.0218461 -0.00726409   0.0029789
 -0.0218461           0   0.0107711 -0.00334764
 0.00726409  -0.0107711           0   0.0224735
 -0.0029789  0.00334764  -0.0224735           0
Repeater1[0]<--->EndNode1[0]
REAL
  0.516255  0.0157665 -0.0078066   0.335337
 0.0157665  0.0286086 -0.0153892  0.0103973
-0.0078066 -0.0153892  0.0338101 -0.0170618
  0.335337  0.0103973 -0.0170618   0.421326
IMAGINARY
           0 -0.000828947   -0.0205101  -0.00260325
 0.000828947            0  -0.00795084  -0.00392847
   0.0205101   0.00795084            0   0.00545246
  0.00260325   0.00392847  -0.00545246            0
Repeater1[0]<--->HoM1[0]
REAL
  0.466754 -0.0186846  -0.035096    0.33006
-0.0186846   0.029987  0.0060904 -0.0201706
 -0.035096  0.0060904  0.0325945  -0.013175
   0.33006 -0.0201706  -0.013175   0.470665
IMAGINARY
          0 -0.00726409   0.0218461   0.0029789
 0.00726409           0  -0.0107711   0.0224735
 -0.0218461   0.0107711           0 -0.00334764
 -0.0029789  -0.0224735  0.00334764           0
EndNode1[0]<--->Repeater1[0]
REAL
   0.454777   0.0217768   0.0343297    0.311378
  0.0217768   0.0292994  0.00703007 -0.00821034
  0.0343297  0.00703007   0.0292994   0.0118053
   0.311378 -0.00821034   0.0118053    0.486624
IMAGINARY
          0  0.00819277 -0.00405782   0.0104288
-0.00819277           0 -0.00364707    0.029873
 0.00405782  0.00364707           0  -0.0177036
 -0.0104288   -0.029873   0.0177036           0
EndNode2[0]<--->HoM1[0]
REAL
   0.464912     0.01532   0.0115389    0.332185
    0.01532   0.0300752   0.0152092 -0.00285406
  0.0115389   0.0152092   0.0300752 -0.00787585
   0.332185 -0.00285406 -0.00787585    0.474937
IMAGINARY
           0   -0.0195118    0.0141215   0.00539375
   0.0195118            0   -0.0103813  0.000467382
  -0.0141215    0.0103813            0   -0.0136447
 -0.00539375 -0.000467382    0.0136447            0
Repeater1[0]<--->EndNode1[0]
REAL
   0.454777   0.0343297   0.0217768    0.311378
  0.0343297   0.0292994  0.00703007   0.0118053
  0.0217768  0.00703007   0.0292994 -0.00821034
   0.311378   0.0118053 -0.00821034    0.486624
IMAGINARY
          0 -0.00405782  0.00819277   0.0104288
 0.00405782           0  0.00364707  -0.0177036
-0.00819277 -0.00364707           0    0.029873
 -0.0104288   0.0177036   -0.029873           0
Repeater1[0]<--->HoM1[0]
REAL
   0.464912   0.0115389     0.01532    0.332185
  0.0115389   0.0300752   0.0152092 -0.00787585
    0.01532   0.0152092   0.0300752 -0.00285406
   0.332185 -0.00787585 -0.00285406    0.474937
IMAGINARY
           0    0.0141215   -0.0195118   0.00539375
  -0.0141215            0    0.0103813   -0.0136447
   0.0195118   -0.0103813            0  0.000467382
 -0.00539375    0.0136447 -0.000467382            0
EndNode1[0]<--->Repeater1[0]
REAL
   0.456274  -0.0108315 -0.00668363    0.319387
 -0.0108315   0.0291508   0.0161743   0.0133681
-0.00668363   0.0161743   0.0253485 0.000136277
   0.319387   0.0133681 0.000136277    0.489227
IMAGINARY
          0   0.0150355  -0.0154693  -0.0163785
 -0.0150355           0   0.0133185 -0.00929645
  0.0154693  -0.0133185           0  -0.0157048
  0.0163785  0.00929645   0.0157048           0
EndNode2[0]<--->HoM1[0]
REAL
    0.465296    0.0110377 -0.000308824     0.319064
   0.0110377    0.0347044  -0.00183157    0.0211966
-0.000308824  -0.00183157    0.0192802   0.00201711
    0.319064    0.0211966   0.00201711      0.48072
IMAGINARY
          0 -0.00204925  0.00589798  -0.0037624
 0.00204925           0  -0.0100915  0.00653983
-0.00589798   0.0100915           0   -0.007901
  0.0037624 -0.00653983    0.007901           0
Repeater1[0]<--->EndNode1[0]
REAL
   0.456274 -0.00668363  -0.0108315    0.319387
-0.00668363   0.0253485   0.0161743 0.000136277
 -0.0108315   0.0161743   0.0291508   0.0133681
   0.319387 0.000136277   0.0133681    0.489227
IMAGINARY
          0  -0.0154693   0.0150355  -0.0163785
  0.0154693           0  -0.0133185  -0.0157048
 -0.0150355   0.0133185           0 -0.00929645
  0.0163785   0.0157048  0.00929645           0
Repeater1[0]<--->HoM1[0]
REAL
    0.465296 -0.000308824    0.0110377     0.319064
-0.000308824    0.0192802  -0.00183157   0.00201711
   0.0110377  -0.00183157    0.0347044    0.0211966
    0.319064   0.00201711    0.0211966      0.48072
IMAGINARY
          0  0.00589798 -0.00204925  -0.0037624
-0.00589798           0   0.0100915   -0.007901
 0.00204925  -0.0100915           0  0.00653983
  0.0037624    0.007901 -0.00653983           0
EndNode1[0]<--->Repeater1[0]
REAL
    0.46817 -0.00637299  -0.0152927    0.319915
-0.00637299   0.0318302  0.00376588  0.00821424
 -0.0152927  0.00376588    0.035809 -0.00199252
   0.319915  0.00821424 -0.00199252    0.464191
IMAGINARY
          0 -0.00882853  0.00481934 -0.00237873
 0.00882853           0 -0.00562127 -0.00668269
-0.00481934  0.00562127           0   0.0131764
 0.00237873  0.00668269  -0.0131764           0
EndNode2[0]<--->HoM1[0]
REAL
    0.474227 -0.000443166      0.01198     0.332885
-0.000443166    0.0322165   0.00943307  0.000149372
     0.01198   0.00943307    0.0283505  -0.00494767
    0.332885  0.000149372  -0.00494767     0.465206
IMAGINARY
          0    0.010629  -0.0194395  0.00544051
  -0.010629           0    -0.01404  -0.0102047
  0.0194395     0.01404           0 -0.00997024
-0.00544051   0.0102047  0.00997024           0
Repeater1[0]<--->EndNode1[0]
REAL
    0.46817  -0.0152927 -0.00637299    0.319915
 -0.0152927    0.035809  0.00376588 -0.00199252
-0.00637299  0.00376588   0.0318302  0.00821424
   0.319915 -0.00199252  0.00821424    0.464191
IMAGINARY
          0  0.00481934 -0.00882853 -0.00237873
-0.00481934           0  0.00562127   0.0131764
 0.00882853 -0.00562127           0 -0.00668269
 0.00237873  -0.0131764  0.00668269           0
Repeater1[0]<--->HoM1[0]
REAL
    0.474227      0.01198 -0.000443166     0.332885
     0.01198    0.0283505   0.00943307  -0.00494767
-0.000443166   0.00943307    0.0322165  0.000149372
    0.332885  -0.00494767  0.000149372     0.465206
IMAGINARY
          0  -0.0194395    0.010629  0.00544051
  0.0194395           0     0.01404 -0.00997024
  -0.010629    -0.01404           0  -0.0102047
-0.00544051  0.00997024   0.0102047           0
EndNode1[0]<--->Repeater1[0]
REAL
   0.458385  0.00962721  -0.0016618    0.311008
 0.00962721   0.0298137  0.00331565 0.000335538
 -0.0016618  0.00331565   0.0285714   0.0155717
   0.311008 0.000335538   0.0155717     0.48323
IMAGINARY
           0   0.00214731  -0.00802858  0.000949717
 -0.00214731            0        0.011  -0.00992013
  0.00802858       -0.011            0    0.0158014
-0.000949717   0.00992013   -0.0158014            0
EndNode2[0]<--->HoM1[0]
REAL
   0.430108  0.00946985 -0.00218285    0.324687
 0.00946985   0.0228495 0.000344457  0.00409856
-0.00218285 0.000344457   0.0201613 -0.00116845
   0.324687  0.00409856 -0.00116845    0.526882
IMAGINARY
           0    0.0150105    0.0120939   0.00445512
  -0.0150105            0  0.000686272   -0.0100192
  -0.0120939 -0.000686272            0    -0.015702
 -0.00445512    0.0100192     0.015702            0
Repeater1[0]<--->EndNode1[0]
REAL
   0.458385  -0.0016618  0.00962721    0.311008
 -0.0016618   0.0285714  0.00331565   0.0155717
 0.00962721  0.00331565   0.0298137 0.000335538
   0.311008   0.0155717 0.000335538     0.48323
IMAGINARY
           0  -0.00802858   0.00214731  0.000949717
  0.00802858            0       -0.011    0.0158014
 -0.00214731        0.011            0  -0.00992013
-0.000949717   -0.0158014   0.00992013            0
Repeater1[0]<--->HoM1[0]
REAL
   0.430108 -0.00218285  0.00946985    0.324687
-0.00218285   0.0201613 0.000344457 -0.00116845
 0.00946985 0.000344457   0.0228495  0.00409856
   0.324687 -0.00116845  0.00409856    0.526882
IMAGINARY
           0    0.0120939    0.0150105   0.00445512
  -0.0120939            0 -0.000686272    -0.015702
  -0.0150105  0.000686272            0   -0.0100192
 -0.00445512     0.015702    0.0100192            0
EndNode1[0]<--->Repeater1[0]
REAL
  0.475741 0.00870646 0.00424192   0.322104
0.00870646  0.0336927 -0.0129343 -0.0222097
0.00424192 -0.0129343  0.0202156 -0.0291526
  0.322104 -0.0222097 -0.0291526    0.47035
IMAGINARY
          0   0.0101213  -0.0199057  0.00185027
 -0.0101213           0 -0.00868257 -0.00183342
  0.0199057  0.00868257           0  -0.0152363
-0.00185027  0.00183342   0.0152363           0
EndNode2[0]<--->HoM1[0]
REAL
  0.465306 0.00332751 0.00139251   0.337523
0.00332751  0.0244898 0.00683507  0.0161172
0.00139251 0.00683507  0.0176871  0.0193703
  0.337523  0.0161172  0.0193703   0.492517
IMAGINARY
          0  0.00560148   0.0126564  0.00726787
-0.00560148           0   0.0303261  -0.0153019
 -0.0126564  -0.0303261           0 -0.00295598
-0.00726787   0.0153019  0.00295598           0
Repeater1[0]<--->EndNode1[0]
REAL
  0.475741 0.00424192 0.00870646   0.322104
0.00424192  0.0202156 -0.0129343 -0.0291526
0.00870646 -0.0129343  0.0336927 -0.0222097
  0.322104 -0.0291526 -0.0222097    0.47035
IMAGINARY
          0  -0.0199057   0.0101213  0.00185027
  0.0199057           0  0.00868257  -0.0152363
 -0.0101213 -0.00868257           0 -0.00183342
-0.00185027   0.0152363  0.00183342           0
Repeater1[0]<--->HoM1[0]
REAL
  0.465306 0.00139251 0.00332751   0.337523
0.00139251  0.0176871 0.00683507  0.0193703
0.00332751 0.00683507  0.0244898  0.0161172
  0.337523  0.0193703  0.0161172   0.492517
IMAGINARY
          0   0.0126564  0.00560148  0.00726787
 -0.0126564           0  -0.0303261 -0.00295598
-0.00560148   0.0303261           0  -0.0153019
-0.00726787  0.00295598   0.0153019           0
EndNode1[0]<--->Repeater1[0]
REAL
   0.459391 -0.00358458   0.0100271    0.338834
-0.00358458   0.0304569  0.00398399   0.0211382
  0.0100271  0.00398399   0.0329949   0.0103596
   0.338834   0.0211382   0.0103596    0.477157
IMAGINARY
          0   0.0129829  -0.0037296  0.00656146
 -0.0129829           0  0.00894241  -0.0125253
  0.0037296 -0.00894241           0   0.0201771
-0.00656146   0.0125253  -0.0201771           0
EndNode2[0]<--->HoM1[0]
REAL
   0.460948   -0.020975  -0.0099978    0.318112
  -0.020975   0.0371319   0.0119011 -0.00527445
 -0.0099978   0.0119011   0.0243278 -0.00226535
   0.318112 -0.00527445 -0.00226535    0.477593
IMAGINARY
          0   0.0154988  0.00117152  0.00771114
 -0.0154988           0   0.0198177  -0.0104883
-0.00117152  -0.0198177           0  0.00375588
-0.00771114   0.0104883 -0.00375588           0
Repeater1[0]<--->EndNode1[0]
REAL
   0.459391   0.0100271 -0.00358458    0.338834
  0.0100271   0.0329949  0.00398399   0.0103596
-0.00358458  0.00398399   0.0304569   0.0211382
   0.338834   0.0103596   0.0211382    0.477157
IMAGINARY
          0  -0.0037296   0.0129829  0.00656146
  0.0037296           0 -0.00894241   0.0201771
 -0.0129829  0.00894241           0  -0.0125253
-0.00656146  -0.0201771   0.0125253           0
Repeater1[0]<--->HoM1[0]
REAL
   0.460948  -0.0099978   -0.020975    0.318112
 -0.0099978   0.0243278   0.0119011 -0.00226535
  -0.020975   0.0119011   0.0371319 -0.00527445
   0.318112 -0.00226535 -0.00527445    0.477593
IMAGINARY
          0  0.00117152   0.0154988  0.00771114
-0.00117152           0  -0.0198177  0.00375588
 -0.0154988   0.0198177           0  -0.0104883
-0.00771114 -0.00375588   0.0104883           0
EndNode1[0]<--->Repeater1[0]
REAL
   0.462406  -0.0382468 -0.00340768    0.335997
 -0.0382468   0.0288221  -0.0066994  0.00340768
-0.00340768  -0.0066994   0.0300752   0.0104018
   0.335997  0.00340768   0.0104018    0.478697
IMAGINARY
