EndNode1[0]<--->Repeater1[0]
REAL
  0.438303 0.00716379 -0.0091954   0.401588
0.00716379  0.0745501  0.0347511 -0.0040672
-0.0091954  0.0347511  0.0526992 -0.0177739
  0.401588 -0.0040672 -0.0177739   0.434447
IMAGINARY
           0  -0.00550021  0.000569517   0.00107077
  0.00550021            0   0.00680325  -0.00633136
-0.000569517  -0.00680325            0    0.0240662
 -0.00107077   0.00633136   -0.0240662            0
EndNode2[0]<--->HoM1[0]
REAL
   0.418421   0.0190746  0.00939883     0.40212
  0.0190746   0.0723684   0.0302294 -0.00386377
 0.00939883   0.0302294   0.0671053  0.00245059
    0.40212 -0.00386377  0.00245059    0.442105
IMAGINARY
           0   0.00037738  -0.00132616  -0.00196821
 -0.00037738            0  6.70687e-05   0.00256994
  0.00132616 -6.70687e-05            0  -0.00784007
  0.00196821  -0.00256994   0.00784007            0
Repeater1[0]<--->EndNode1[0]
REAL
  0.438303 -0.0091954 0.00716379   0.401588
-0.0091954  0.0526992  0.0347511 -0.0177739
0.00716379  0.0347511  0.0745501 -0.0040672
  0.401588 -0.0177739 -0.0040672   0.434447
IMAGINARY
           0  0.000569517  -0.00550021   0.00107077
-0.000569517            0  -0.00680325    0.0240662
  0.00550021   0.00680325            0  -0.00633136
 -0.00107077   -0.0240662   0.00633136            0
Repeater1[0]<--->HoM1[0]
REAL
   0.418421  0.00939883   0.0190746     0.40212
 0.00939883   0.0671053   0.0302294  0.00245059
  0.0190746   0.0302294   0.0723684 -0.00386377
    0.40212  0.00245059 -0.00386377    0.442105
IMAGINARY
           0  -0.00132616   0.00037738  -0.00196821
  0.00132616            0 -6.70687e-05  -0.00784007
 -0.00037738  6.70687e-05            0   0.00256994
  0.00196821   0.00784007  -0.00256994            0
EndNode1[0]<--->Repeater1[0]
REAL
    0.48652 0.000741416 -0.00721193    0.416062
0.000741416   0.0698529   0.0373954   0.0138609
-0.00721193   0.0373954   0.0465686  0.00457773
   0.416062   0.0138609  0.00457773    0.397059
IMAGINARY
          0  0.00166444   0.0129686   0.0117559
-0.00166444           0  0.00793913  -0.0103019
 -0.0129686 -0.00793913           0  0.00500223
 -0.0117559   0.0103019 -0.00500223           0
EndNode2[0]<--->HoM1[0]
REAL
     0.4379 -0.00268308 -0.00283653    0.389776
-0.00268308   0.0614597   0.0458305  0.00409916
-0.00283653   0.0458305   0.0550576  0.00773359
   0.389776  0.00409916  0.00773359    0.445583
IMAGINARY
         0 -0.0210933  0.0281688  0.0189048
 0.0210933          0  0.0156454  0.0211445
-0.0281688 -0.0156454          0 -0.0344623
-0.0189048 -0.0211445  0.0344623          0
Repeater1[0]<--->EndNode1[0]
REAL
    0.48652 -0.00721193 0.000741416    0.416062
-0.00721193   0.0465686   0.0373954  0.00457773
0.000741416   0.0373954   0.0698529   0.0138609
   0.416062  0.00457773   0.0138609    0.397059
IMAGINARY
          0   0.0129686  0.00166444   0.0117559
 -0.0129686           0 -0.00793913  0.00500223
-0.00166444  0.00793913           0  -0.0103019
 -0.0117559 -0.00500223   0.0103019           0
Repeater1[0]<--->HoM1[0]
REAL
     0.4379 -0.00283653 -0.00268308    0.389776
-0.00283653   0.0550576   0.0458305  0.00773359
-0.00268308   0.0458305   0.0614597  0.00409916
   0.389776  0.00773359  0.00409916    0.445583
IMAGINARY
         0  0.0281688 -0.0210933  0.0189048
-0.0281688          0 -0.0156454 -0.0344623
 0.0210933  0.0156454          0  0.0211445
-0.0189048  0.0344623 -0.0211445          0
EndNode1[0]<--->Repeater1[0]
REAL
   0.435443  -0.0227456 -0.00790984      0.4048
 -0.0227456   0.0670886   0.0379482 -0.00990187
-0.00790984   0.0379482   0.0556962   0.0138398
     0.4048 -0.00990187   0.0138398    0.441772
IMAGINARY
          0 -0.00778466  0.00934637  -0.0056808
 0.00778466           0   0.0148671 -0.00587896
-0.00934637  -0.0148671           0  0.00431725
  0.0056808  0.00587896 -0.00431725           0
EndNode2[0]<--->HoM1[0]
REAL
   0.429549 -0.00696332   0.0123345    0.412523
-0.00696332   0.0629275   0.0249773  0.00329054
  0.0123345   0.0249773   0.0547196   0.0147758
   0.412523  0.00329054   0.0147758    0.452804
IMAGINARY
          0 -0.00949861  0.00645546  -0.0086855
 0.00949861           0  -0.0213759 -0.00826925
-0.00645546   0.0213759           0     0.01494
  0.0086855  0.00826925    -0.01494           0
Repeater1[0]<--->EndNode1[0]
REAL
   0.435443 -0.00790984  -0.0227456      0.4048
-0.00790984   0.0556962   0.0379482   0.0138398
 -0.0227456   0.0379482   0.0670886 -0.00990187
     0.4048   0.0138398 -0.00990187    0.441772
IMAGINARY
          0  0.00934637 -0.00778466  -0.0056808
-0.00934637           0  -0.0148671  0.00431725
 0.00778466   0.0148671           0 -0.00587896
  0.0056808 -0.00431725  0.00587896           0
Repeater1[0]<--->HoM1[0]
REAL
   0.429549   0.0123345 -0.00696332    0.412523
  0.0123345   0.0547196   0.0249773   0.0147758
-0.00696332   0.0249773   0.0629275  0.00329054
   0.412523   0.0147758  0.00329054    0.452804
IMAGINARY
          0  0.00645546 -0.00949861  -0.0086855
-0.00645546           0   0.0213759     0.01494
 0.00949861  -0.0213759           0 -0.00826925
  0.0086855    -0.01494  0.00826925           0
EndNode1[0]<--->Repeater1[0]
REAL
  0.445443   0.010787 0.00679579   0.412058
  0.010787  0.0564827  0.0263434  0.0253143
0.00679579  0.0263434  0.0564827 0.00952755
  0.412058  0.0253143 0.00952755   0.441592
IMAGINARY
           0     0.012062   0.00491583  -0.00189481
   -0.012062            0 -4.06715e-05    -0.017841
 -0.00491583  4.06715e-05            0   -0.0127422
  0.00189481     0.017841    0.0127422            0
EndNode2[0]<--->HoM1[0]
REAL
   0.430274  0.00470322  0.00740537    0.405148
 0.00470322   0.0738975    0.021341  0.00210033
 0.00740537    0.021341   0.0691299 -0.00533694
   0.405148  0.00210033 -0.00533694    0.426698
IMAGINARY
          0  -0.0131253  0.00751142 -0.00417659
  0.0131253           0   -0.011385   0.0203007
-0.00751142    0.011385           0 -0.00974239
 0.00417659  -0.0203007  0.00974239           0
Repeater1[0]<--->EndNode1[0]
REAL
  0.445443 0.00679579   0.010787   0.412058
0.00679579  0.0564827  0.0263434 0.00952755
  0.010787  0.0263434  0.0564827  0.0253143
  0.412058 0.00952755  0.0253143   0.441592
IMAGINARY
           0   0.00491583     0.012062  -0.00189481
 -0.00491583            0  4.06715e-05   -0.0127422
   -0.012062 -4.06715e-05            0    -0.017841
  0.00189481    0.0127422     0.017841            0
Repeater1[0]<--->HoM1[0]
REAL
   0.430274  0.00740537  0.00470322    0.405148
 0.00740537   0.0691299    0.021341 -0.00533694
 0.00470322    0.021341   0.0738975  0.00210033
   0.405148 -0.00533694  0.00210033    0.426698
IMAGINARY
          0  0.00751142  -0.0131253 -0.00417659
-0.00751142           0    0.011385 -0.00974239
  0.0131253   -0.011385           0   0.0203007
 0.00417659  0.00974239  -0.0203007           0
EndNode1[0]<--->Repeater1[0]
REAL
   0.444844  -0.0242305 -0.00389581    0.399481
 -0.0242305   0.0695444   0.0448919 -0.00580664
-0.00389581   0.0448919   0.0695444 0.000297786
   0.399481 -0.00580664 0.000297786    0.416067
IMAGINARY
          0   0.0151967  -0.0209764  0.00758621
 -0.0151967           0  -0.0124138  -0.0189521
  0.0209764   0.0124138           0   0.0151967
-0.00758621   0.0189521  -0.0151967           0
EndNode2[0]<--->HoM1[0]
REAL
   0.415094  -0.0359176  -0.0173155     0.41111
 -0.0359176   0.0779874     0.02489  -0.0306845
 -0.0173155     0.02489   0.0490566 -0.00941578
    0.41111  -0.0306845 -0.00941578    0.457862
IMAGINARY
           0   -0.0179154 -5.37088e-05   0.00612642
   0.0179154            0  -0.00356887   0.00321427
 5.37088e-05   0.00356887            0   0.00464103
 -0.00612642  -0.00321427  -0.00464103            0
Repeater1[0]<--->EndNode1[0]
REAL
   0.444844 -0.00389581  -0.0242305    0.399481
-0.00389581   0.0695444   0.0448919 0.000297786
 -0.0242305   0.0448919   0.0695444 -0.00580664
   0.399481 0.000297786 -0.00580664    0.416067
IMAGINARY
          0  -0.0209764   0.0151967  0.00758621
  0.0209764           0   0.0124138   0.0151967
 -0.0151967  -0.0124138           0  -0.0189521
-0.00758621  -0.0151967   0.0189521           0
Repeater1[0]<--->HoM1[0]
REAL
   0.415094  -0.0173155  -0.0359176     0.41111
 -0.0173155   0.0490566     0.02489 -0.00941578
 -0.0359176     0.02489   0.0779874  -0.0306845
    0.41111 -0.00941578  -0.0306845    0.457862
IMAGINARY
           0 -5.37088e-05   -0.0179154   0.00612642
 5.37088e-05            0   0.00356887   0.00464103
   0.0179154  -0.00356887            0   0.00321427
 -0.00612642  -0.00464103  -0.00321427            0
EndNode1[0]<--->Repeater1[0]
REAL
   0.409623  0.00246186 -0.00282868    0.403906
 0.00246186   0.0637191   0.0263552 -0.00152998
-0.00282868   0.0263552   0.0884265  0.00314213
   0.403906 -0.00152998  0.00314213    0.438231
IMAGINARY
          0   0.0309394 -0.00989658   0.0155997
 -0.0309394           0    0.017992 -0.00923608
 0.00989658   -0.017992           0  -0.0118067
 -0.0155997  0.00923608   0.0118067           0
EndNode2[0]<--->HoM1[0]
REAL
    0.453283   0.00821857 -0.000392522     0.406735
  0.00821857    0.0542929    0.0330238    0.0117714
-0.000392522    0.0330238    0.0669192  -0.00621054
    0.406735    0.0117714  -0.00621054     0.425505
IMAGINARY
          0   0.0101909  0.00383294 -0.00318709
 -0.0101909           0  -0.0114254 -0.00898758
-0.00383294   0.0114254           0 -0.00245892
 0.00318709  0.00898758  0.00245892           0
Repeater1[0]<--->EndNode1[0]
REAL
   0.409623 -0.00282868  0.00246186    0.403906
-0.00282868   0.0884265   0.0263552  0.00314213
 0.00246186   0.0263552   0.0637191 -0.00152998
   0.403906  0.00314213 -0.00152998    0.438231
IMAGINARY
          0 -0.00989658   0.0309394   0.0155997
 0.00989658           0   -0.017992  -0.0118067
 -0.0309394    0.017992           0 -0.00923608
 -0.0155997   0.0118067  0.00923608           0
Repeater1[0]<--->HoM1[0]
REAL
    0.453283 -0.000392522   0.00821857     0.406735
-0.000392522    0.0669192    0.0330238  -0.00621054
  0.00821857    0.0330238    0.0542929    0.0117714
    0.406735  -0.00621054    0.0117714     0.425505
IMAGINARY
          0  0.00383294   0.0101909 -0.00318709
-0.00383294           0   0.0114254 -0.00245892
 -0.0101909  -0.0114254           0 -0.00898758
 0.00318709  0.00245892  0.00898758           0
EndNode1[0]<--->Repeater1[0]
REAL
   0.438867 -0.00818363  0.00319628    0.401801
-0.00818363   0.0501931   0.0380482 -0.00946195
 0.00319628   0.0380482    0.048906 -0.00309457
   0.401801 -0.00946195 -0.00309457    0.462033
IMAGINARY
          0   0.0361434  -0.0142523   0.0188133
 -0.0361434           0 -0.00828698  0.00782559
  0.0142523  0.00828698           0  -0.0142925
 -0.0188133 -0.00782559   0.0142925           0
EndNode2[0]<--->HoM1[0]
REAL
  0.403553  0.0119974 0.00150605   0.392859
 0.0119974  0.0634518  0.0372881 -0.0125355
0.00150605  0.0372881  0.0736041 -0.0119974
  0.392859 -0.0125355 -0.0119974   0.459391
IMAGINARY
          0  0.00435958  0.00733397  0.00592318
-0.00435958           0   -0.012894    0.012611
-0.00733397    0.012894           0   -0.014676
-0.00592318   -0.012611    0.014676           0
Repeater1[0]<--->EndNode1[0]
REAL
   0.438867  0.00319628 -0.00818363    0.401801
 0.00319628    0.048906   0.0380482 -0.00309457
-0.00818363   0.0380482   0.0501931 -0.00946195
   0.401801 -0.00309457 -0.00946195    0.462033
IMAGINARY
          0  -0.0142523   0.0361434   0.0188133
  0.0142523           0  0.00828698  -0.0142925
 -0.0361434 -0.00828698           0  0.00782559
 -0.0188133   0.0142925 -0.00782559           0
Repeater1[0]<--->HoM1[0]
REAL
  0.403553 0.00150605  0.0119974   0.392859
0.00150605  0.0736041  0.0372881 -0.0119974
 0.0119974  0.0372881  0.0634518 -0.0125355
  0.392859 -0.0119974 -0.0125355   0.459391
IMAGINARY
          0  0.00733397  0.00435958  0.00592318
-0.00733397           0    0.012894   -0.014676
-0.00435958   -0.012894           0    0.012611
-0.00592318    0.014676   -0.012611           0
EndNode1[0]<--->Repeater1[0]
REAL
   0.450633  0.00921569 -0.00533734    0.394605
 0.00921569   0.0746835   0.0445378 -0.00226985
-0.00533734   0.0445378   0.0607595 -0.00852413
   0.394605 -0.00226985 -0.00852413    0.413924
IMAGINARY
          0   -0.012533 -0.00843595  0.00195261
   0.012533           0  0.00449069   0.0157987
 0.00843595 -0.00449069           0   0.0132023
-0.00195261  -0.0157987  -0.0132023           0
EndNode2[0]<--->HoM1[0]
REAL
    0.435583 -0.000599297  -0.00663387      0.39904
-0.000599297    0.0699387    0.0369705    0.0172989
 -0.00663387    0.0369705    0.0650307   0.00499077
     0.39904    0.0172989   0.00499077     0.429448
IMAGINARY
          0  -0.0226172   0.0178623  -0.0040732
  0.0226172           0 -0.00148922  -0.0284724
 -0.0178623  0.00148922           0  0.00404951
  0.0040732   0.0284724 -0.00404951           0
Repeater1[0]<--->EndNode1[0]
REAL
   0.450633 -0.00533734  0.00921569    0.394605
-0.00533734   0.0607595   0.0445378 -0.00852413
 0.00921569   0.0445378   0.0746835 -0.00226985
   0.394605 -0.00852413 -0.00226985    0.413924
IMAGINARY
          0 -0.00843595   -0.012533  0.00195261
 0.00843595           0 -0.00449069   0.0132023
   0.012533  0.00449069           0   0.0157987
-0.00195261  -0.0132023  -0.0157987           0
Repeater1[0]<--->HoM1[0]
REAL
    0.435583  -0.00663387 -0.000599297      0.39904
 -0.00663387    0.0650307    0.0369705   0.00499077
-0.000599297    0.0369705    0.0699387    0.0172989
     0.39904   0.00499077    0.0172989     0.429448
IMAGINARY
          0   0.0178623  -0.0226172  -0.0040732
 -0.0178623           0  0.00148922  0.00404951
  0.0226172 -0.00148922           0  -0.0284724
  0.0040732 -0.00404951   0.0284724           0
EndNode1[0]<--->Repeater1[0]
REAL
   0.387399  -0.0183286 -0.00528757    0.386242
 -0.0183286   0.0723861   0.0455455 -0.00085158
-0.00528757   0.0455455    0.080429  0.00400391
   0.386242 -0.00085158  0.00400391    0.459786
IMAGINARY
          0  -0.0157874  0.00820092 -0.00408331
  0.0157874           0  0.00471066   0.0125487
-0.00820092 -0.00471066           0 -0.00362354
 0.00408331  -0.0125487  0.00362354           0
EndNode2[0]<--->HoM1[0]
REAL
    0.478535   -0.0308092    -0.031334     0.399554
  -0.0308092    0.0391414     0.037302   0.00942683
   -0.031334     0.037302    0.0542929 -0.000118649
    0.399554   0.00942683 -0.000118649      0.42803
IMAGINARY
           0  -0.00113174 -0.000275658 -0.000266457
  0.00113174            0     0.010645   0.00226241
 0.000275658    -0.010645            0     0.015039
 0.000266457  -0.00226241    -0.015039            0
Repeater1[0]<--->EndNode1[0]
REAL
   0.387399 -0.00528757  -0.0183286    0.386242
-0.00528757    0.080429   0.0455455  0.00400391
 -0.0183286   0.0455455   0.0723861 -0.00085158
   0.386242  0.00400391 -0.00085158    0.459786
IMAGINARY
          0  0.00820092  -0.0157874 -0.00408331
-0.00820092           0 -0.00471066 -0.00362354
  0.0157874  0.00471066           0   0.0125487
 0.00408331  0.00362354  -0.0125487           0
Repeater1[0]<--->HoM1[0]
REAL
    0.478535    -0.031334   -0.0308092     0.399554
   -0.031334    0.0542929     0.037302 -0.000118649
  -0.0308092     0.037302    0.0391414   0.00942683
    0.399554 -0.000118649   0.00942683      0.42803
IMAGINARY
           0 -0.000275658  -0.00113174 -0.000266457
 0.000275658            0    -0.010645     0.015039
  0.00113174     0.010645            0   0.00226241
 0.000266457    -0.015039  -0.00226241            0
EndNode1[0]<--->Repeater1[0]
REAL
    0.46125  0.00719697 -0.00175448    0.407135
 0.00719697     0.05375   0.0398667  -0.0240475
-0.00175448   0.0398667     0.05875  -0.0302095
   0.407135  -0.0240475  -0.0302095     0.42625
IMAGINARY
          0   0.0122472  0.00897921 -0.00891238
 -0.0122472           0   -0.022105  -0.0231545
-0.00897921    0.022105           0   0.0161033
 0.00891238   0.0231545  -0.0161033           0
EndNode2[0]<--->HoM1[0]
REAL
  0.408377   0.014411  0.0176885   0.404492
  0.014411  0.0719895  0.0165608 0.00486794
 0.0176885  0.0165608  0.0575916   0.014411
  0.404492 0.00486794   0.014411   0.462042
IMAGINARY
           0   -0.0333343    0.0160319   0.00261567
   0.0333343            0  -5.8126e-05   -0.0012536
  -0.0160319   5.8126e-05            0  8.30854e-05
 -0.00261567    0.0012536 -8.30854e-05            0
Repeater1[0]<--->EndNode1[0]
REAL
    0.46125 -0.00175448  0.00719697    0.407135
-0.00175448     0.05875   0.0398667  -0.0302095
 0.00719697   0.0398667     0.05375  -0.0240475
   0.407135  -0.0302095  -0.0240475     0.42625
IMAGINARY
          0  0.00897921   0.0122472 -0.00891238
-0.00897921           0    0.022105   0.0161033
 -0.0122472   -0.022105           0  -0.0231545
 0.00891238  -0.0161033   0.0231545           0
Repeater1[0]<--->HoM1[0]
REAL
  0.408377  0.0176885   0.014411   0.404492
 0.0176885  0.0575916  0.0165608   0.014411
  0.014411  0.0165608  0.0719895 0.00486794
  0.404492   0.014411 0.00486794   0.462042
IMAGINARY
           0    0.0160319   -0.0333343   0.00261567
  -0.0160319            0   5.8126e-05  8.30854e-05
   0.0333343  -5.8126e-05            0   -0.0012536
 -0.00261567 -8.30854e-05    0.0012536            0
EndNode1[0]<--->Repeater1[0]
REAL
    0.44898  -0.0130005 -0.00556747    0.401712
 -0.0130005    0.067602   0.0289162 -0.00621263
-0.00556747   0.0289162   0.0701531  0.00514714
   0.401712 -0.00621263  0.00514714    0.413265
IMAGINARY
           0   0.00437572  0.000575168  -0.00693389
 -0.00437572            0    0.0109233  -0.00561295
-0.000575168   -0.0109233            0   -0.0131918
  0.00693389   0.00561295    0.0131918            0
EndNode2[0]<--->HoM1[0]
REAL
   0.445019  0.00749984   0.0311292    0.402163
 0.00749984    0.068564   0.0384059 -0.00270541
  0.0311292   0.0384059   0.0737387     0.01834
   0.402163 -0.00270541     0.01834    0.412678
IMAGINARY
          0   0.0061817 -0.00335176  -0.0138509
 -0.0061817           0  0.00429677   0.0139338
 0.00335176 -0.00429677           0    -0.01015
  0.0138509  -0.0139338     0.01015           0
Repeater1[0]<--->EndNode1[0]
REAL
    0.44898 -0.00556747  -0.0130005    0.401712
-0.00556747   0.0701531   0.0289162  0.00514714
 -0.0130005   0.0289162    0.067602 -0.00621263
   0.401712  0.00514714 -0.00621263    0.413265
IMAGINARY
           0  0.000575168   0.00437572  -0.00693389
-0.000575168            0   -0.0109233   -0.0131918
 -0.00437572    0.0109233            0  -0.00561295
  0.00693389    0.0131918   0.00561295            0
Repeater1[0]<--->HoM1[0]
REAL
   0.445019   0.0311292  0.00749984    0.402163
  0.0311292   0.0737387   0.0384059     0.01834
 0.00749984   0.0384059    0.068564 -0.00270541
   0.402163     0.01834 -0.00270541    0.412678
IMAGINARY
          0 -0.00335176   0.0061817  -0.0138509
 0.00335176           0 -0.00429677    -0.01015
 -0.0061817  0.00429677           0   0.0139338
  0.0138509     0.01015  -0.0139338           0
EndNode1[0]<--->Repeater1[0]
REAL
    0.43643  -0.0141753 -0.00193299    0.397629
 -0.0141753   0.0660147   0.0443818 -0.00193299
-0.00193299   0.0443818   0.0721271   0.0141753
   0.397629 -0.00193299   0.0141753    0.425428
IMAGINARY
          0 -0.00726601  -0.0157218 -0.00709914
 0.00726601           0  -0.0100061  -0.0245379
  0.0157218   0.0100061           0   0.0358374
 0.00709914   0.0245379  -0.0358374           0
EndNode2[0]<--->HoM1[0]
REAL
   0.45125 0.00439814 0.00495376   0.400925
0.00439814       0.06  0.0515192 0.00495376
0.00495376  0.0515192    0.05375  0.0187194
  0.400925 0.00495376  0.0187194      0.435
IMAGINARY
           0   0.00230654   0.00104651   -0.0289515
 -0.00230654            0  -0.00369896   0.00754002
 -0.00104651   0.00369896            0 -0.000325037
   0.0289515  -0.00754002  0.000325037            0
Repeater1[0]<--->EndNode1[0]
REAL
    0.43643 -0.00193299  -0.0141753    0.397629
-0.00193299   0.0721271   0.0443818   0.0141753
 -0.0141753   0.0443818   0.0660147 -0.00193299
   0.397629   0.0141753 -0.00193299    0.425428
IMAGINARY
          0  -0.0157218 -0.00726601 -0.00709914
  0.0157218           0   0.0100061   0.0358374
 0.00726601  -0.0100061           0  -0.0245379
 0.00709914  -0.0358374   0.0245379           0
Repeater1[0]<--->HoM1[0]
REAL
   0.45125 0.00495376 0.00439814   0.400925
0.00495376    0.05375  0.0515192  0.0187194
0.00439814  0.0515192       0.06 0.00495376
  0.400925  0.0187194 0.00495376      0.435
IMAGINARY
           0   0.00104651   0.00230654   -0.0289515
 -0.00104651            0   0.00369896 -0.000325037
 -0.00230654  -0.00369896            0   0.00754002
   0.0289515  0.000325037  -0.00754002            0
EndNode1[0]<--->Repeater1[0]
REAL
   0.427596 -0.00165955  -0.0101811     0.39344
-0.00165955    0.079235   0.0443836  -0.0183163
 -0.0101811   0.0443836   0.0765027  -0.0138845
    0.39344  -0.0183163  -0.0138845    0.416667
IMAGINARY
          0  0.00721353  -0.0165712  0.00411407
-0.00721353           0  -0.0180214  0.00839508
  0.0165712   0.0180214           0  0.00599402
-0.00411407 -0.00839508 -0.00599402           0
EndNode2[0]<--->HoM1[0]
REAL
   0.402685  0.00377202 0.000245287    0.402271
 0.00377202   0.0644295   0.0396477   0.0161689
0.000245287   0.0396477   0.0724832 -0.00250939
   0.402271   0.0161689 -0.00250939    0.460403
IMAGINARY
          0   -0.026321   0.0240038   0.0142845
   0.026321           0  0.00958649   0.0069368
 -0.0240038 -0.00958649           0   0.0188953
 -0.0142845  -0.0069368  -0.0188953           0
Repeater1[0]<--->EndNode1[0]
REAL
   0.427596  -0.0101811 -0.00165955     0.39344
 -0.0101811   0.0765027   0.0443836  -0.0138845
-0.00165955   0.0443836    0.079235  -0.0183163
    0.39344  -0.0138845  -0.0183163    0.416667
IMAGINARY
          0  -0.0165712  0.00721353  0.00411407
  0.0165712           0   0.0180214  0.00599402
-0.00721353  -0.0180214           0  0.00839508
-0.00411407 -0.00599402 -0.00839508           0
Repeater1[0]<--->HoM1[0]
REAL
   0.402685 0.000245287  0.00377202    0.402271
0.000245287   0.0724832   0.0396477 -0.00250939
 0.00377202   0.0396477   0.0644295   0.0161689
   0.402271 -0.00250939   0.0161689    0.460403
IMAGINARY
          0   0.0240038   -0.026321   0.0142845
 -0.0240038           0 -0.00958649   0.0188953
   0.026321  0.00958649           0   0.0069368
 -0.0142845  -0.0188953  -0.0069368           0
EndNode1[0]<--->Repeater1[0]
REAL
   0.447402 -0.00357853  -0.0103491    0.408127
-0.00357853   0.0633714   0.0302743  0.00445137
 -0.0103491   0.0302743   0.0697085   0.0094763
   0.408127  0.00445137   0.0094763    0.419518
IMAGINARY
          0   -0.010922 -0.00628355   0.0106529
   0.010922           0   0.0118936  -0.0145218
 0.00628355  -0.0118936           0   0.0303851
 -0.0106529   0.0145218  -0.0303851           0
EndNode2[0]<--->HoM1[0]
REAL
   0.445187   -0.012358  0.00457333    0.413413
  -0.012358   0.0735294   0.0253626 -0.00967537
 0.00457333   0.0253626   0.0548128   0.0021539
   0.413413 -0.00967537   0.0021539    0.426471
IMAGINARY
          0  0.00164728  -0.0204071 -0.00821985
-0.00164728           0 -0.00512196 -0.00286329
  0.0204071  0.00512196           0   0.0103024
 0.00821985  0.00286329  -0.0103024           0
Repeater1[0]<--->EndNode1[0]
REAL
   0.447402  -0.0103491 -0.00357853    0.408127
 -0.0103491   0.0697085   0.0302743   0.0094763
-0.00357853   0.0302743   0.0633714  0.00445137
   0.408127   0.0094763  0.00445137    0.419518
IMAGINARY
          0 -0.00628355   -0.010922   0.0106529
 0.00628355           0  -0.0118936   0.0303851
   0.010922   0.0118936           0  -0.0145218
 -0.0106529  -0.0303851   0.0145218           0
Repeater1[0]<--->HoM1[0]
REAL
   0.445187  0.00457333   -0.012358    0.413413
 0.00457333   0.0548128   0.0253626   0.0021539
  -0.012358   0.0253626   0.0735294 -0.00967537
   0.413413   0.0021539 -0.00967537    0.426471
IMAGINARY
          0  -0.0204071  0.00164728 -0.00821985
  0.0204071           0  0.00512196   0.0103024
-0.00164728 -0.00512196           0 -0.00286329
 0.00821985  -0.0103024  0.00286329           0
EndNode1[0]<--->Repeater1[0]
REAL
  0.445443  0.0184139  0.0202399   0.405047
 0.0184139   0.071887  0.0321327 0.00540116
 0.0202399  0.0321327  0.0680359 0.00594507
  0.405047 0.00540116 0.00594507   0.414634
IMAGINARY
          0  0.00774998  0.00841129 -0.00131234
-0.00774998           0 -0.00131234 -0.00905314
-0.00841129  0.00131234           0  -0.0135266
 0.00131234  0.00905314   0.0135266           0
EndNode2[0]<--->HoM1[0]
REAL
   0.394531   0.0120251   0.0146384    0.383839
  0.0120251   0.0572917   0.0374944  0.00402829
  0.0146384   0.0374944   0.0729167 -0.00802506
   0.383839  0.00402829 -0.00802506     0.47526
IMAGINARY
           0  -0.00549475  -0.00577615    0.0138814
  0.00549475            0   -0.0329936  0.000199944
  0.00577615    0.0329936            0   -0.0137122
  -0.0138814 -0.000199944    0.0137122            0
Repeater1[0]<--->EndNode1[0]
REAL
  0.445443  0.0202399  0.0184139   0.405047
 0.0202399  0.0680359  0.0321327 0.00594507
 0.0184139  0.0321327   0.071887 0.00540116
  0.405047 0.00594507 0.00540116   0.414634
IMAGINARY
          0  0.00841129  0.00774998 -0.00131234
-0.00841129           0  0.00131234  -0.0135266
-0.00774998 -0.00131234           0 -0.00905314
 0.00131234   0.0135266  0.00905314           0
Repeater1[0]<--->HoM1[0]
REAL
   0.394531   0.0146384   0.0120251    0.383839
  0.0146384   0.0729167   0.0374944 -0.00802506
  0.0120251   0.0374944   0.0572917  0.00402829
   0.383839 -0.00802506  0.00402829     0.47526
IMAGINARY
           0  -0.00577615  -0.00549475    0.0138814
  0.00577615            0    0.0329936   -0.0137122
  0.00549475   -0.0329936            0  0.000199944
  -0.0138814    0.0137122 -0.000199944            0
EndNode1[0]<--->Repeater1[0]
REAL
  0.410691  0.0161416  0.0147616   0.402032
 0.0161416  0.0677966  0.0348235  0.0110116
 0.0147616  0.0348235  0.0795306 0.00318826
  0.402032  0.0110116 0.00318826   0.441982
IMAGINARY
          0  0.00081684  0.00168963  0.00125479
-0.00081684           0   0.0079703  0.00779546
-0.00168963  -0.0079703           0  0.00595823
-0.00125479 -0.00779546 -0.00595823           0
EndNode2[0]<--->HoM1[0]
REAL
   0.445583   0.0110941   0.0122838    0.411051
  0.0110941   0.0691421   0.0281899 -0.00342302
  0.0122838   0.0281899   0.0627401  0.00536161
   0.411051 -0.00342302  0.00536161    0.422535
IMAGINARY
          0   0.0315696  0.00266474  -0.0132011
 -0.0315696           0  -0.0119385   0.0238457
-0.00266474   0.0119385           0  -0.0272539
  0.0132011  -0.0238457   0.0272539           0
Repeater1[0]<--->EndNode1[0]
REAL
  0.410691  0.0147616  0.0161416   0.402032
 0.0147616  0.0795306  0.0348235 0.00318826
 0.0161416  0.0348235  0.0677966  0.0110116
  0.402032 0.00318826  0.0110116   0.441982
IMAGINARY
          0  0.00168963  0.00081684  0.00125479
-0.00168963           0  -0.0079703  0.00595823
-0.00081684   0.0079703           0  0.00779546
-0.00125479 -0.00595823 -0.00779546           0
Repeater1[0]<--->HoM1[0]
REAL
   0.445583   0.0122838   0.0110941    0.411051
  0.0122838   0.0627401   0.0281899  0.00536161
  0.0110941   0.0281899   0.0691421 -0.00342302
   0.411051  0.00536161 -0.00342302    0.422535
IMAGINARY
          0  0.00266474   0.0315696  -0.0132011
-0.00266474           0   0.0119385  -0.0272539
 -0.0315696  -0.0119385           0   0.0238457
  0.0132011   0.0272539  -0.0238457           0
EndNode1[0]<--->Repeater1[0]
REAL
  0.422983 0.00738562 0.00623211   0.394427
0.00738562  0.0733496  0.0309065 -0.0248988
0.00623211  0.0309065  0.0635697  -0.020719
  0.394427 -0.0248988  -0.020719   0.440098
IMAGINARY
          0  -0.0239659  0.00661054  -0.0035056
  0.0239659           0 -0.00535516   0.0252772
-0.00661054  0.00535516           0  -0.0219525
  0.0035056  -0.0252772   0.0219525           0
EndNode2[0]<--->HoM1[0]
REAL
    0.41255 -0.00327181  0.00752588    0.400727
-0.00327181   0.0654206   0.0254304 -0.00564853
 0.00752588   0.0254304   0.0667557   0.0164132
   0.400727 -0.00564853   0.0164132    0.455274
IMAGINARY
          0  -0.0079711  0.00145405   0.0340809
  0.0079711           0   0.0083356   0.0139854
-0.00145405  -0.0083356           0   0.0103464
 -0.0340809  -0.0139854  -0.0103464           0
Repeater1[0]<--->EndNode1[0]
REAL
  0.422983 0.00623211 0.00738562   0.394427
0.00623211  0.0635697  0.0309065  -0.020719
0.00738562  0.0309065  0.0733496 -0.0248988
  0.394427  -0.020719 -0.0248988   0.440098
IMAGINARY
          0  0.00661054  -0.0239659  -0.0035056
-0.00661054           0  0.00535516  -0.0219525
  0.0239659 -0.00535516           0   0.0252772
  0.0035056   0.0219525  -0.0252772           0
Repeater1[0]<--->HoM1[0]
REAL
    0.41255  0.00752588 -0.00327181    0.400727
 0.00752588   0.0667557   0.0254304   0.0164132
-0.00327181   0.0254304   0.0654206 -0.00564853
   0.400727   0.0164132 -0.00564853    0.455274
IMAGINARY
          0  0.00145405  -0.0079711   0.0340809
-0.00145405           0  -0.0083356   0.0103464
  0.0079711   0.0083356           0   0.0139854
 -0.0340809  -0.0103464  -0.0139854           0
EndNode1[0]<--->Repeater1[0]
REAL
  0.462604  0.0015071 -0.0143727   0.399192
 0.0015071  0.0498615  0.0342284 0.00653982
-0.0143727  0.0342284  0.0706371 -0.0158674
  0.399192 0.00653982 -0.0158674   0.416898
IMAGINARY
          0 -0.00878179  -0.0117283   0.0300161
 0.00878179           0  0.00540625 -0.00651992
  0.0117283 -0.00540625           0  -0.0106829
 -0.0300161  0.00651992   0.0106829           0
EndNode2[0]<--->HoM1[0]
REAL
   0.424204   0.0073057   0.0205273    0.388198
  0.0073057    0.077707   0.0474896 -0.00728643
  0.0205273   0.0474896    0.066242  0.00467412
   0.388198 -0.00728643  0.00467412    0.431847
IMAGINARY
          0  0.00380849  -0.0277609 -0.00665121
-0.00380849           0 -0.00935391  0.00437278
  0.0277609  0.00935391           0   0.0069374
 0.00665121 -0.00437278  -0.0069374           0
Repeater1[0]<--->EndNode1[0]
REAL
  0.462604 -0.0143727  0.0015071   0.399192
-0.0143727  0.0706371  0.0342284 -0.0158674
 0.0015071  0.0342284  0.0498615 0.00653982
  0.399192 -0.0158674 0.00653982   0.416898
IMAGINARY
          0  -0.0117283 -0.00878179   0.0300161
  0.0117283           0 -0.00540625  -0.0106829
 0.00878179  0.00540625           0 -0.00651992
 -0.0300161   0.0106829  0.00651992           0
Repeater1[0]<--->HoM1[0]
REAL
   0.424204   0.0205273   0.0073057    0.388198
  0.0205273    0.066242   0.0474896  0.00467412
  0.0073057   0.0474896    0.077707 -0.00728643
   0.388198  0.00467412 -0.00728643    0.431847
IMAGINARY
          0  -0.0277609  0.00380849 -0.00665121
  0.0277609           0  0.00935391   0.0069374
-0.00380849 -0.00935391           0  0.00437278
 0.00665121  -0.0069374 -0.00437278           0
EndNode1[0]<--->Repeater1[0]
REAL
  0.416554  -0.020255 -0.0117434   0.392479
 -0.020255  0.0678426  0.0478933 0.00242664
-0.0117434  0.0478933  0.0746269  0.0208761
  0.392479 0.00242664  0.0208761   0.440977
IMAGINARY
          0   0.0395612  -0.0219407  0.00654871
 -0.0395612           0  0.00351841   -0.014365
  0.0219407 -0.00351841           0  -0.0159943
-0.00654871    0.014365   0.0159943           0
EndNode2[0]<--->HoM1[0]
REAL
   0.458656  0.00752469  0.00268734    0.394789
 0.00752469   0.0581395   0.0393199 -0.00397933
 0.00268734   0.0393199   0.0736434 -0.00235673
   0.394789 -0.00397933 -0.00235673    0.409561
IMAGINARY
          0   0.0150023   0.0110677    0.018522
 -0.0150023           0  0.00818608   0.0240885
 -0.0110677 -0.00818608           0  -0.0176064
  -0.018522  -0.0240885   0.0176064           0
Repeater1[0]<--->EndNode1[0]
REAL
  0.416554 -0.0117434  -0.020255   0.392479
-0.0117434  0.0746269  0.0478933  0.0208761
 -0.020255  0.0478933  0.0678426 0.00242664
  0.392479  0.0208761 0.00242664   0.440977
IMAGINARY
          0  -0.0219407   0.0395612  0.00654871
  0.0219407           0 -0.00351841  -0.0159943
 -0.0395612  0.00351841           0   -0.014365
-0.00654871   0.0159943    0.014365           0
Repeater1[0]<--->HoM1[0]
REAL
   0.458656  0.00268734  0.00752469    0.394789
 0.00268734   0.0736434   0.0393199 -0.00235673
 0.00752469   0.0393199   0.0581395 -0.00397933
   0.394789 -0.00235673 -0.00397933    0.409561
IMAGINARY
          0   0.0110677   0.0150023    0.018522
 -0.0110677           0 -0.00818608  -0.0176064
 -0.0150023  0.00818608           0   0.0240885
  -0.018522   0.0176064  -0.0240885           0
EndNode1[0]<--->Repeater1[0]
REAL
   0.416887    0.010194  0.00257699    0.415534
   0.010194   0.0659631   0.0296028  0.00864495
 0.00257699   0.0296028   0.0725594 -0.00146581
   0.415534  0.00864495 -0.00146581    0.444591
IMAGINARY
          0   0.0212947  -0.0022627   0.0055252
 -0.0212947           0  -0.0123575 -0.00597557
  0.0022627   0.0123575           0  -0.0130564
 -0.0055252  0.00597557   0.0130564           0
EndNode2[0]<--->HoM1[0]
REAL
   0.426994  -0.0177736 -0.00047318     0.40269
 -0.0177736   0.0638037   0.0372077   -0.009757
-0.00047318   0.0372077   0.0613497  0.00882217
    0.40269   -0.009757  0.00882217    0.447853
IMAGINARY
          0   0.0122637   0.0121448 -0.00972145
 -0.0122637           0 -0.00729426  0.00435263
 -0.0121448  0.00729426           0   0.0169241
 0.00972145 -0.00435263  -0.0169241           0
Repeater1[0]<--->EndNode1[0]
REAL
   0.416887  0.00257699    0.010194    0.415534
 0.00257699   0.0725594   0.0296028 -0.00146581
   0.010194   0.0296028   0.0659631  0.00864495
   0.415534 -0.00146581  0.00864495    0.444591
IMAGINARY
          0  -0.0022627   0.0212947   0.0055252
  0.0022627           0   0.0123575  -0.0130564
 -0.0212947  -0.0123575           0 -0.00597557
 -0.0055252   0.0130564  0.00597557           0
Repeater1[0]<--->HoM1[0]
REAL
   0.426994 -0.00047318  -0.0177736     0.40269
-0.00047318   0.0613497   0.0372077  0.00882217
 -0.0177736   0.0372077   0.0638037   -0.009757
    0.40269  0.00882217   -0.009757    0.447853
IMAGINARY
          0   0.0121448   0.0122637 -0.00972145
 -0.0121448           0  0.00729426   0.0169241
 -0.0122637 -0.00729426           0  0.00435263
 0.00972145  -0.0169241 -0.00435263           0
EndNode1[0]<--->Repeater1[0]
REAL
   0.408805 -0.00890954 -0.00240356    0.412579
-0.00890954   0.0654088    0.035675  -0.0137672
-0.00240356    0.035675   0.0553459 0.000500746
   0.412579  -0.0137672 0.000500746     0.47044
IMAGINARY
          0  -0.0157107  0.00294657  -0.0049257
  0.0157107           0   0.0171522   0.0148199
-0.00294657  -0.0171522           0  0.00428934
  0.0049257  -0.0148199 -0.00428934           0
EndNode2[0]<--->HoM1[0]
REAL
   0.428571  0.00264706  0.00695503    0.396633
 0.00264706   0.0714286   0.0316645 -0.00759523
 0.00695503   0.0316645   0.0595238 -0.00584808
   0.396633 -0.00759523 -0.00584808    0.440476
IMAGINARY
          0  -0.0156295   0.0059434 -0.00696103
  0.0156295           0  0.00390853 -0.00785423
 -0.0059434 -0.00390853           0 -0.00284181
 0.00696103  0.00785423  0.00284181           0
Repeater1[0]<--->EndNode1[0]
REAL
   0.408805 -0.00240356 -0.00890954    0.412579
-0.00240356   0.0553459    0.035675 0.000500746
-0.00890954    0.035675   0.0654088  -0.0137672
   0.412579 0.000500746  -0.0137672     0.47044
IMAGINARY
          0  0.00294657  -0.0157107  -0.0049257
-0.00294657           0  -0.0171522  0.00428934
  0.0157107   0.0171522           0   0.0148199
  0.0049257 -0.00428934  -0.0148199           0
Repeater1[0]<--->HoM1[0]
REAL
   0.428571  0.00695503  0.00264706    0.396633
 0.00695503   0.0595238   0.0316645 -0.00584808
 0.00264706   0.0316645   0.0714286 -0.00759523
   0.396633 -0.00584808 -0.00759523    0.440476
IMAGINARY
          0   0.0059434  -0.0156295 -0.00696103
 -0.0059434           0 -0.00390853 -0.00284181
  0.0156295  0.00390853           0 -0.00785423
 0.00696103  0.00284181  0.00785423           0
EndNode1[0]<--->Repeater1[0]
REAL
   0.439744  -0.0163084   -0.027484    0.396716
 -0.0163084   0.0576923   0.0471479 -0.00384761
  -0.027484   0.0471479   0.0692308  -0.0137177
   0.396716 -0.00384761  -0.0137177    0.433333
IMAGINARY
          0 -0.00991742   0.0142082  -0.0203145
 0.00991742           0   0.0145081   0.0135353
 -0.0142082  -0.0145081           0 -0.00796175
  0.0203145  -0.0135353  0.00796175           0
EndNode2[0]<--->HoM1[0]
REAL
   0.438735   0.0125835 -0.00285323    0.412356
  0.0125835   0.0750988   0.0345931    0.006832
-0.00285323   0.0345931   0.0592885 -0.00329964
   0.412356    0.006832 -0.00329964    0.426877
IMAGINARY
           0  -0.00803574 -0.000891447    0.0204728
  0.00803574            0    0.0447446   0.00154164
 0.000891447   -0.0447446            0   0.00478477
  -0.0204728  -0.00154164  -0.00478477            0
Repeater1[0]<--->EndNode1[0]
REAL
   0.439744   -0.027484  -0.0163084    0.396716
  -0.027484   0.0692308   0.0471479  -0.0137177
 -0.0163084   0.0471479   0.0576923 -0.00384761
   0.396716  -0.0137177 -0.00384761    0.433333
IMAGINARY
          0   0.0142082 -0.00991742  -0.0203145
 -0.0142082           0  -0.0145081 -0.00796175
 0.00991742   0.0145081           0   0.0135353
  0.0203145  0.00796175  -0.0135353           0
Repeater1[0]<--->HoM1[0]
REAL
   0.438735 -0.00285323   0.0125835    0.412356
-0.00285323   0.0592885   0.0345931 -0.00329964
  0.0125835   0.0345931   0.0750988    0.006832
   0.412356 -0.00329964    0.006832    0.426877
IMAGINARY
           0 -0.000891447  -0.00803574    0.0204728
 0.000891447            0   -0.0447446   0.00478477
  0.00803574    0.0447446            0   0.00154164
  -0.0204728  -0.00478477  -0.00154164            0
EndNode1[0]<--->Repeater1[0]
REAL
 0.456576 0.0227583 0.0146341  0.404624
0.0227583 0.0707196 0.0255476 0.0202803
0.0146341 0.0255476  0.060794 0.0108386
 0.404624 0.0202803 0.0108386  0.411911
IMAGINARY
          0  -0.0287783   0.0144143  0.00215465
  0.0287783           0 -0.00961734   -0.002186
 -0.0144143  0.00961734           0 -0.00111299
-0.00215465    0.002186  0.00111299           0
EndNode2[0]<--->HoM1[0]
REAL
  0.423816 -0.0271085 -0.0121838   0.414196
-0.0271085  0.0729834  0.0327532 -0.0196465
-0.0121838  0.0327532  0.0588988 -0.0126793
  0.414196 -0.0196465 -0.0126793   0.444302
IMAGINARY
          0  -0.0161132  0.00623371   0.0240564
  0.0161132           0 -0.00379501   0.0221168
-0.00623371  0.00379501           0   -0.017392
 -0.0240564  -0.0221168    0.017392           0
Repeater1[0]<--->EndNode1[0]
REAL
 0.456576 0.0146341 0.0227583  0.404624
0.0146341  0.060794 0.0255476 0.0108386
0.0227583 0.0255476 0.0707196 0.0202803
 0.404624 0.0108386 0.0202803  0.411911
IMAGINARY
          0   0.0144143  -0.0287783  0.00215465
 -0.0144143           0  0.00961734 -0.00111299
  0.0287783 -0.00961734           0   -0.002186
-0.00215465  0.00111299    0.002186           0
Repeater1[0]<--->HoM1[0]
REAL
  0.423816 -0.0121838 -0.0271085   0.414196
-0.0121838  0.0588988  0.0327532 -0.0126793
-0.0271085  0.0327532  0.0729834 -0.0196465
  0.414196 -0.0126793 -0.0196465   0.444302
IMAGINARY
          0  0.00623371  -0.0161132   0.0240564
-0.00623371           0  0.00379501   -0.017392
  0.0161132 -0.00379501           0   0.0221168
 -0.0240564    0.017392  -0.0221168           0
EndNode1[0]<--->Repeater1[0]
REAL
   0.402159  0.00595063  -0.0235609    0.406988
 0.00595063    0.071525   0.0395038 -0.00319296
 -0.0235609   0.0395038   0.0782726  -0.0196248
   0.406988 -0.00319296  -0.0196248    0.448043
IMAGINARY
          0 -0.00758927 -0.00156648  -0.0035833
 0.00758927           0  0.00854608  0.00831494
 0.00156648 -0.00854608           0 -0.00161318
  0.0035833 -0.00831494  0.00161318           0
EndNode2[0]<--->HoM1[0]
REAL
    0.459727    0.0120665 -0.000381114     0.403542
   0.0120665     0.063197    0.0455022   0.00993525
-0.000381114    0.0455022    0.0755886   -0.0101557
    0.403542   0.00993525   -0.0101557     0.401487
IMAGINARY
          0  0.00425229 -0.00472159  0.00783672
-0.00425229           0  -0.0175643 -0.00658494
 0.00472159   0.0175643           0 -0.00173972
