EndNode1[0]<--->Repeater1[0]
REAL
   0.372903  0.00454945 -0.00702754     0.20904
 0.00454945    0.135484   0.0222479    0.017457
-0.00702754   0.0222479    0.141935  0.00710699
    0.20904    0.017457  0.00710699    0.349677
IMAGINARY
          0   0.0112181  0.00086094 -0.00161536
 -0.0112181           0 -0.00566941  0.00857302
-0.00086094  0.00566941           0  -0.0193942
 0.00161536 -0.00857302   0.0193942           0
EndNode2[0]<--->HoM1[0]
REAL
  0.388674  0.0167483  0.0169488   0.213828
 0.0167483    0.14157  0.0471612 -0.0128279
 0.0169488  0.0471612   0.104247 -0.0153746
  0.213828 -0.0128279 -0.0153746   0.365508
IMAGINARY
           0    0.0135984   -0.0159084     0.004827
  -0.0135984            0   -0.0260534   0.00133298
   0.0159084    0.0260534            0 -0.000290452
   -0.004827  -0.00133298  0.000290452            0
Repeater1[0]<--->EndNode1[0]
REAL
   0.372903 -0.00702754  0.00454945     0.20904
-0.00702754    0.141935   0.0222479  0.00710699
 0.00454945   0.0222479    0.135484    0.017457
    0.20904  0.00710699    0.017457    0.349677
IMAGINARY
          0  0.00086094   0.0112181 -0.00161536
-0.00086094           0  0.00566941  -0.0193942
 -0.0112181 -0.00566941           0  0.00857302
 0.00161536   0.0193942 -0.00857302           0
Repeater1[0]<--->HoM1[0]
REAL
  0.388674  0.0169488  0.0167483   0.213828
 0.0169488   0.104247  0.0471612 -0.0153746
 0.0167483  0.0471612    0.14157 -0.0128279
  0.213828 -0.0153746 -0.0128279   0.365508
IMAGINARY
           0   -0.0159084    0.0135984     0.004827
   0.0159084            0    0.0260534 -0.000290452
  -0.0135984   -0.0260534            0   0.00133298
   -0.004827  0.000290452  -0.00133298            0
EndNode1[0]<--->Repeater1[0]
REAL
   0.368633 0.000815651  0.00769761    0.197544
0.000815651    0.150134   0.0426524 -0.00402114
 0.00769761   0.0426524    0.117962   -0.014296
   0.197544 -0.00402114   -0.014296    0.363271
IMAGINARY
          0  -0.0116822 -0.00640843 -0.00918863
  0.0116822           0  0.00284345  -0.0207655
 0.00640843 -0.00284345           0  -0.0236439
 0.00918863   0.0207655   0.0236439           0
EndNode2[0]<--->HoM1[0]
REAL
   0.389286  -0.0324023  -0.0243705     0.21971
 -0.0324023    0.128571   0.0437956 -0.00384074
 -0.0243705   0.0437956    0.120238 -0.00901423
    0.21971 -0.00384074 -0.00901423    0.361905
IMAGINARY
          0  0.00448858  -0.0156453 -0.00532967
-0.00448858           0 -0.00671089   -0.011467
  0.0156453  0.00671089           0  0.00118607
 0.00532967    0.011467 -0.00118607           0
Repeater1[0]<--->EndNode1[0]
REAL
   0.368633  0.00769761 0.000815651    0.197544
 0.00769761    0.117962   0.0426524   -0.014296
0.000815651   0.0426524    0.150134 -0.00402114
   0.197544   -0.014296 -0.00402114    0.363271
IMAGINARY
          0 -0.00640843  -0.0116822 -0.00918863
 0.00640843           0 -0.00284345  -0.0236439
  0.0116822  0.00284345           0  -0.0207655
 0.00918863   0.0236439   0.0207655           0
Repeater1[0]<--->HoM1[0]
REAL
   0.389286  -0.0243705  -0.0324023     0.21971
 -0.0243705    0.120238   0.0437956 -0.00901423
 -0.0324023   0.0437956    0.128571 -0.00384074
    0.21971 -0.00901423 -0.00384074    0.361905
IMAGINARY
          0  -0.0156453  0.00448858 -0.00532967
  0.0156453           0  0.00671089  0.00118607
-0.00448858 -0.00671089           0   -0.011467
 0.00532967 -0.00118607    0.011467           0
EndNode1[0]<--->Repeater1[0]
REAL
   0.372236  -0.0171005 -0.00282906    0.212199
 -0.0171005    0.133907   0.0381247  0.00865053
-0.00282906   0.0381247    0.130221  -0.0145942
   0.212199  0.00865053  -0.0145942    0.363636
IMAGINARY
          0 -0.00145503 -0.00212404   0.0161982
 0.00145503           0 -0.00811193  0.00706231
 0.00212404  0.00811193           0  -0.0133598
 -0.0161982 -0.00706231   0.0133598           0
EndNode2[0]<--->HoM1[0]
REAL
   0.381378  -0.0286823  0.00646503    0.209063
 -0.0286823    0.131378   0.0321591 -0.00711522
 0.00646503   0.0321591    0.123724   0.0267317
   0.209063 -0.00711522   0.0267317     0.36352
IMAGINARY
          0   0.0110565  -0.0262817  0.00684181
 -0.0110565           0  -0.0181903 -0.00443082
  0.0262817   0.0181903           0   0.0110565
-0.00684181  0.00443082  -0.0110565           0
Repeater1[0]<--->EndNode1[0]
REAL
   0.372236 -0.00282906  -0.0171005    0.212199
-0.00282906    0.130221   0.0381247  -0.0145942
 -0.0171005   0.0381247    0.133907  0.00865053
   0.212199  -0.0145942  0.00865053    0.363636
IMAGINARY
          0 -0.00212404 -0.00145503   0.0161982
 0.00212404           0  0.00811193  -0.0133598
 0.00145503 -0.00811193           0  0.00706231
 -0.0161982   0.0133598 -0.00706231           0
Repeater1[0]<--->HoM1[0]
REAL
   0.381378  0.00646503  -0.0286823    0.209063
 0.00646503    0.123724   0.0321591   0.0267317
 -0.0286823   0.0321591    0.131378 -0.00711522
   0.209063   0.0267317 -0.00711522     0.36352
IMAGINARY
          0  -0.0262817   0.0110565  0.00684181
  0.0262817           0   0.0181903   0.0110565
 -0.0110565  -0.0181903           0 -0.00443082
-0.00684181  -0.0110565  0.00443082           0
EndNode1[0]<--->Repeater1[0]
REAL
   0.396552 -0.00149665  0.00498216    0.206047
-0.00149665    0.130542   0.0242897  0.00188426
 0.00498216   0.0242897     0.12931 -0.00412132
   0.206047  0.00188426 -0.00412132    0.343596
IMAGINARY
           0   0.00299335   -0.0105148   -0.0349427
 -0.00299335            0   -0.0126152   0.00452279
   0.0105148    0.0126152            0 -0.000996012
   0.0349427  -0.00452279  0.000996012            0
EndNode2[0]<--->HoM1[0]
REAL
   0.365691 -0.00575496  -0.0133104    0.230987
-0.00575496    0.143617    0.044663  -0.0106294
 -0.0133104    0.044663    0.107713 -0.00997691
   0.230987  -0.0106294 -0.00997691    0.382979
IMAGINARY
          0 -0.00915602  0.00836038  -0.0154974
 0.00915602           0  0.00874896 -0.00647833
-0.00836038 -0.00874896           0  0.00978337
  0.0154974  0.00647833 -0.00978337           0
Repeater1[0]<--->EndNode1[0]
REAL
   0.396552  0.00498216 -0.00149665    0.206047
 0.00498216     0.12931   0.0242897 -0.00412132
-0.00149665   0.0242897    0.130542  0.00188426
   0.206047 -0.00412132  0.00188426    0.343596
IMAGINARY
           0   -0.0105148   0.00299335   -0.0349427
   0.0105148            0    0.0126152 -0.000996012
 -0.00299335   -0.0126152            0   0.00452279
   0.0349427  0.000996012  -0.00452279            0
Repeater1[0]<--->HoM1[0]
REAL
   0.365691  -0.0133104 -0.00575496    0.230987
 -0.0133104    0.107713    0.044663 -0.00997691
-0.00575496    0.044663    0.143617  -0.0106294
   0.230987 -0.00997691  -0.0106294    0.382979
IMAGINARY
          0  0.00836038 -0.00915602  -0.0154974
-0.00836038           0 -0.00874896  0.00978337
 0.00915602  0.00874896           0 -0.00647833
  0.0154974 -0.00978337  0.00647833           0
EndNode1[0]<--->Repeater1[0]
REAL
      0.384  0.00548664 -0.00159641    0.205443
 0.00548664    0.113333   0.0603227  0.00223991
-0.00159641   0.0603227    0.118667 -0.00999115
   0.205443  0.00223991 -0.00999115       0.384
IMAGINARY
          0  0.00627945   -0.014061 -0.00376645
-0.00627945           0   0.0094411   0.0197644
   0.014061  -0.0094411           0 -0.00691316
 0.00376645  -0.0197644  0.00691316           0
EndNode2[0]<--->HoM1[0]
REAL
   0.398477 -0.00227651   0.0227628    0.188483
-0.00227651     0.10533   0.0372606  -0.0052984
  0.0227628   0.0372606    0.121827    0.004217
   0.188483  -0.0052984    0.004217    0.374365
IMAGINARY
          0   0.0130139 -0.00145821 -0.00588896
 -0.0130139           0  -0.0127726   0.0175457
 0.00145821   0.0127726           0  -0.0149444
 0.00588896  -0.0175457   0.0149444           0
Repeater1[0]<--->EndNode1[0]
REAL
      0.384 -0.00159641  0.00548664    0.205443
-0.00159641    0.118667   0.0603227 -0.00999115
 0.00548664   0.0603227    0.113333  0.00223991
   0.205443 -0.00999115  0.00223991       0.384
IMAGINARY
          0   -0.014061  0.00627945 -0.00376645
   0.014061           0  -0.0094411 -0.00691316
-0.00627945   0.0094411           0   0.0197644
 0.00376645  0.00691316  -0.0197644           0
Repeater1[0]<--->HoM1[0]
REAL
   0.398477   0.0227628 -0.00227651    0.188483
  0.0227628    0.121827   0.0372606    0.004217
-0.00227651   0.0372606     0.10533  -0.0052984
   0.188483    0.004217  -0.0052984    0.374365
IMAGINARY
          0 -0.00145821   0.0130139 -0.00588896
 0.00145821           0   0.0127726  -0.0149444
 -0.0130139  -0.0127726           0   0.0175457
 0.00588896   0.0149444  -0.0175457           0
EndNode1[0]<--->Repeater1[0]
REAL
   0.39559  0.0221813  0.0221681   0.197268
 0.0221813   0.151751  0.0209139 -0.0169733
 0.0221681  0.0209139   0.116732 -0.0156878
  0.197268 -0.0169733 -0.0156878   0.335927
IMAGINARY
          0  -0.0195819 -0.00850103 -0.00331357
  0.0195819           0  0.00456045   0.0118035
 0.00850103 -0.00456045           0 -0.00353568
 0.00331357  -0.0118035  0.00353568           0
EndNode2[0]<--->HoM1[0]
REAL
   0.370153 0.000939316 -0.00975145     0.19341
0.000939316    0.121034   0.0430243 -0.00446044
-0.00975145   0.0430243     0.12926  0.00293665
    0.19341 -0.00446044  0.00293665    0.379553
IMAGINARY
          0  0.00133551 -0.00870377  -0.0187582
-0.00133551           0  0.00328039  -0.0105764
 0.00870377 -0.00328039           0  -0.0206157
  0.0187582   0.0105764   0.0206157           0
Repeater1[0]<--->EndNode1[0]
REAL
   0.39559  0.0221681  0.0221813   0.197268
 0.0221681   0.116732  0.0209139 -0.0156878
 0.0221813  0.0209139   0.151751 -0.0169733
  0.197268 -0.0156878 -0.0169733   0.335927
IMAGINARY
          0 -0.00850103  -0.0195819 -0.00331357
 0.00850103           0 -0.00456045 -0.00353568
  0.0195819  0.00456045           0   0.0118035
 0.00331357  0.00353568  -0.0118035           0
Repeater1[0]<--->HoM1[0]
REAL
   0.370153 -0.00975145 0.000939316     0.19341
-0.00975145     0.12926   0.0430243  0.00293665
0.000939316   0.0430243    0.121034 -0.00446044
    0.19341  0.00293665 -0.00446044    0.379553
IMAGINARY
          0 -0.00870377  0.00133551  -0.0187582
 0.00870377           0 -0.00328039  -0.0206157
-0.00133551  0.00328039           0  -0.0105764
  0.0187582   0.0206157   0.0105764           0
EndNode1[0]<--->Repeater1[0]
REAL
   0.390957    0.016312 -0.00861895    0.208167
   0.016312     0.12766   0.0136871 -0.00131483
-0.00861895   0.0136871    0.135638  0.00819133
   0.208167 -0.00131483  0.00819133    0.345745
IMAGINARY
          0 -0.00251253  -0.0122191   0.0123129
 0.00251253           0  -0.0010629  0.00644244
  0.0122191   0.0010629           0 -0.00454781
 -0.0123129 -0.00644244  0.00454781           0
EndNode2[0]<--->HoM1[0]
REAL
    0.40192 -0.00153803 -0.00403865    0.205949
-0.00153803    0.130316   0.0484149  -0.0071833
-0.00403865   0.0484149    0.116598   0.0314632
   0.205949  -0.0071833   0.0314632    0.351166
IMAGINARY
          0 -0.00488662  -0.0101083   0.0241018
 0.00488662           0  0.00484553   0.0194483
  0.0101083 -0.00484553           0  0.00924528
 -0.0241018  -0.0194483 -0.00924528           0
Repeater1[0]<--->EndNode1[0]
REAL
   0.390957 -0.00861895    0.016312    0.208167
-0.00861895    0.135638   0.0136871  0.00819133
   0.016312   0.0136871     0.12766 -0.00131483
   0.208167  0.00819133 -0.00131483    0.345745
IMAGINARY
          0  -0.0122191 -0.00251253   0.0123129
  0.0122191           0   0.0010629 -0.00454781
 0.00251253  -0.0010629           0  0.00644244
 -0.0123129  0.00454781 -0.00644244           0
Repeater1[0]<--->HoM1[0]
REAL
    0.40192 -0.00403865 -0.00153803    0.205949
-0.00403865    0.116598   0.0484149   0.0314632
-0.00153803   0.0484149    0.130316  -0.0071833
   0.205949   0.0314632  -0.0071833    0.351166
IMAGINARY
          0  -0.0101083 -0.00488662   0.0241018
  0.0101083           0 -0.00484553  0.00924528
 0.00488662  0.00484553           0   0.0194483
 -0.0241018 -0.00924528  -0.0194483           0
EndNode1[0]<--->Repeater1[0]
REAL
   0.419185 -0.00154014   0.0316172    0.185465
-0.00154014    0.103811   0.0449586 -0.00273398
  0.0316172   0.0449586    0.115637  -0.0132224
   0.185465 -0.00273398  -0.0132224    0.361367
IMAGINARY
          0  0.00763399  0.00602099  0.00188116
-0.00763399           0  -0.0140763  -0.0110843
-0.00602099   0.0140763           0   0.0024926
-0.00188116   0.0110843  -0.0024926           0
EndNode2[0]<--->HoM1[0]
REAL
   0.382465  -0.0227681   -0.010931    0.229761
 -0.0227681    0.111817   0.0337082  -0.0160072
  -0.010931   0.0337082    0.133418 -0.00942634
   0.229761  -0.0160072 -0.00942634      0.3723
IMAGINARY
         0 -0.0123225 -0.0135674 -0.0172662
 0.0123225          0 -0.0160671  0.0109359
 0.0135674  0.0160671          0  0.0110067
 0.0172662 -0.0109359 -0.0110067          0
Repeater1[0]<--->EndNode1[0]
REAL
   0.419185   0.0316172 -0.00154014    0.185465
  0.0316172    0.115637   0.0449586  -0.0132224
-0.00154014   0.0449586    0.103811 -0.00273398
   0.185465  -0.0132224 -0.00273398    0.361367
IMAGINARY
          0  0.00602099  0.00763399  0.00188116
-0.00602099           0   0.0140763   0.0024926
-0.00763399  -0.0140763           0  -0.0110843
-0.00188116  -0.0024926   0.0110843           0
Repeater1[0]<--->HoM1[0]
REAL
   0.382465   -0.010931  -0.0227681    0.229761
  -0.010931    0.133418   0.0337082 -0.00942634
 -0.0227681   0.0337082    0.111817  -0.0160072
   0.229761 -0.00942634  -0.0160072      0.3723
IMAGINARY
         0 -0.0135674 -0.0123225 -0.0172662
 0.0135674          0  0.0160671  0.0110067
 0.0123225 -0.0160671          0  0.0109359
 0.0172662 -0.0110067 -0.0109359          0
EndNode1[0]<--->Repeater1[0]
REAL
   0.404337  -0.0108265   0.0125678    0.217588
 -0.0108265       0.125   0.0530887 -0.00379585
  0.0125678   0.0530887    0.123724 0.000801422
   0.217588 -0.00379585 0.000801422    0.346939
IMAGINARY
          0 -0.00552581  0.00150907  -0.0259443
 0.00552581           0   0.0185001   0.0134454
-0.00150907  -0.0185001           0 -0.00422711
  0.0259443  -0.0134454  0.00422711           0
EndNode2[0]<--->HoM1[0]
REAL
  0.382239 -0.0271283 -0.0164161    0.19936
-0.0271283   0.124839  0.0380916 0.00805062
-0.0164161  0.0380916   0.151866 -0.0069772
   0.19936 0.00805062 -0.0069772   0.341055
IMAGINARY
          0  0.00773786   0.0121985   -0.013388
-0.00773786           0   0.0209829 -0.00342654
 -0.0121985  -0.0209829           0 -0.00436405
   0.013388  0.00342654  0.00436405           0
Repeater1[0]<--->EndNode1[0]
REAL
   0.404337   0.0125678  -0.0108265    0.217588
  0.0125678    0.123724   0.0530887 0.000801422
 -0.0108265   0.0530887       0.125 -0.00379585
   0.217588 0.000801422 -0.00379585    0.346939
IMAGINARY
          0  0.00150907 -0.00552581  -0.0259443
-0.00150907           0  -0.0185001 -0.00422711
 0.00552581   0.0185001           0   0.0134454
  0.0259443  0.00422711  -0.0134454           0
Repeater1[0]<--->HoM1[0]
REAL
  0.382239 -0.0164161 -0.0271283    0.19936
-0.0164161   0.151866  0.0380916 -0.0069772
-0.0271283  0.0380916   0.124839 0.00805062
   0.19936 -0.0069772 0.00805062   0.341055
IMAGINARY
          0   0.0121985  0.00773786   -0.013388
 -0.0121985           0  -0.0209829 -0.00436405
-0.00773786   0.0209829           0 -0.00342654
   0.013388  0.00436405  0.00342654           0
EndNode1[0]<--->Repeater1[0]
REAL
  0.377863  0.0101666 0.00207548   0.205544
 0.0101666    0.13486  0.0375388   0.010441
0.00207548  0.0375388   0.125954 -0.0095078
  0.205544   0.010441 -0.0095078   0.361323
IMAGINARY
          0   0.0213503 -0.00479189  -0.0169901
 -0.0213503           0   0.0249852  0.00278386
 0.00479189  -0.0249852           0    0.018141
  0.0169901 -0.00278386   -0.018141           0
EndNode2[0]<--->HoM1[0]
REAL
   0.379052   0.0128007 -0.00492222    0.192647
  0.0128007    0.129676   0.0426471   0.0116067
-0.00492222   0.0426471    0.125935  -0.0141376
   0.192647   0.0116067  -0.0141376    0.365337
IMAGINARY
          0 -0.00934385 -0.00183895  -0.0137063
 0.00934385           0   -0.021263   0.0140341
 0.00183895    0.021263           0 -0.00163176
  0.0137063  -0.0140341  0.00163176           0
Repeater1[0]<--->EndNode1[0]
REAL
  0.377863 0.00207548  0.0101666   0.205544
0.00207548   0.125954  0.0375388 -0.0095078
 0.0101666  0.0375388    0.13486   0.010441
  0.205544 -0.0095078   0.010441   0.361323
IMAGINARY
          0 -0.00479189   0.0213503  -0.0169901
 0.00479189           0  -0.0249852    0.018141
 -0.0213503   0.0249852           0  0.00278386
  0.0169901   -0.018141 -0.00278386           0
Repeater1[0]<--->HoM1[0]
REAL
   0.379052 -0.00492222   0.0128007    0.192647
-0.00492222    0.125935   0.0426471  -0.0141376
  0.0128007   0.0426471    0.129676   0.0116067
   0.192647  -0.0141376   0.0116067    0.365337
IMAGINARY
          0 -0.00183895 -0.00934385  -0.0137063
 0.00183895           0    0.021263 -0.00163176
 0.00934385   -0.021263           0   0.0140341
  0.0137063  0.00163176  -0.0140341           0
EndNode1[0]<--->Repeater1[0]
REAL
  0.390244  0.0115934 0.00405576   0.193089
 0.0115934   0.136856  0.0490889  0.0078341
0.00405576  0.0490889   0.121951 -0.0147224
  0.193089  0.0078341 -0.0147224   0.350949
IMAGINARY
          0  -0.0244975  0.00490566  0.00358898
  0.0244975           0   0.0254433  0.00176101
-0.00490566  -0.0254433           0   0.0244975
-0.00358898 -0.00176101  -0.0244975           0
EndNode2[0]<--->HoM1[0]
REAL
  0.411192 0.00942274 0.00259315   0.214526
0.00942274   0.116788  0.0279971 0.00846017
0.00259315  0.0279971   0.139903  0.0120337
  0.214526 0.00846017  0.0120337   0.332117
IMAGINARY
          0  0.00579897   -0.014094    0.019773
-0.00579897           0  0.00745139 -0.00663135
   0.014094 -0.00745139           0 -0.00579897
  -0.019773  0.00663135  0.00579897           0
Repeater1[0]<--->EndNode1[0]
REAL
  0.390244 0.00405576  0.0115934   0.193089
0.00405576   0.121951  0.0490889 -0.0147224
 0.0115934  0.0490889   0.136856  0.0078341
  0.193089 -0.0147224  0.0078341   0.350949
IMAGINARY
          0  0.00490566  -0.0244975  0.00358898
-0.00490566           0  -0.0254433   0.0244975
  0.0244975   0.0254433           0  0.00176101
-0.00358898  -0.0244975 -0.00176101           0
Repeater1[0]<--->HoM1[0]
REAL
  0.411192 0.00259315 0.00942274   0.214526
0.00259315   0.139903  0.0279971  0.0120337
0.00942274  0.0279971   0.116788 0.00846017
  0.214526  0.0120337 0.00846017   0.332117
IMAGINARY
          0   -0.014094  0.00579897    0.019773
   0.014094           0 -0.00745139 -0.00579897
-0.00579897  0.00745139           0 -0.00663135
  -0.019773  0.00579897  0.00663135           0
EndNode1[0]<--->Repeater1[0]
REAL
   0.391927  -0.0115886 -0.00448183    0.184779
 -0.0115886    0.114583    0.029135   0.0142348
-0.00448183    0.029135    0.135417  0.00313609
   0.184779   0.0142348  0.00313609    0.358073
IMAGINARY
          0   0.0211826   0.0140007  0.00820367
 -0.0211826           0  0.00189054  -0.0145708
 -0.0140007 -0.00189054           0  -0.0160515
-0.00820367   0.0145708   0.0160515           0
EndNode2[0]<--->HoM1[0]
REAL
  0.393643   0.020283  0.0103027   0.218176
  0.020283   0.125917  0.0441735 0.00638623
 0.0103027  0.0441735   0.143032 -0.0116048
  0.218176 0.00638623 -0.0116048   0.337408
IMAGINARY
          0   0.0219658  0.00720977 -0.00708965
 -0.0219658           0 -0.00314228   0.0031066
-0.00720977  0.00314228           0  -0.0088984
 0.00708965  -0.0031066   0.0088984           0
Repeater1[0]<--->EndNode1[0]
REAL
   0.391927 -0.00448183  -0.0115886    0.184779
-0.00448183    0.135417    0.029135  0.00313609
 -0.0115886    0.029135    0.114583   0.0142348
   0.184779  0.00313609   0.0142348    0.358073
IMAGINARY
          0   0.0140007   0.0211826  0.00820367
 -0.0140007           0 -0.00189054  -0.0160515
 -0.0211826  0.00189054           0  -0.0145708
-0.00820367   0.0160515   0.0145708           0
Repeater1[0]<--->HoM1[0]
REAL
  0.393643  0.0103027   0.020283   0.218176
 0.0103027   0.143032  0.0441735 -0.0116048
  0.020283  0.0441735   0.125917 0.00638623
  0.218176 -0.0116048 0.00638623   0.337408
IMAGINARY
          0  0.00720977   0.0219658 -0.00708965
-0.00720977           0  0.00314228  -0.0088984
 -0.0219658 -0.00314228           0   0.0031066
 0.00708965   0.0088984  -0.0031066           0
EndNode1[0]<--->Repeater1[0]
REAL
    0.38896   0.0047598  0.00957287    0.205314
  0.0047598    0.133504   0.0408401 -0.00700877
 0.00957287   0.0408401    0.134788  -0.0201444
   0.205314 -0.00700877  -0.0201444    0.342747
IMAGINARY
          0   0.0159451   0.0028231  0.00435285
 -0.0159451           0  0.00139427  -0.0133494
 -0.0028231 -0.00139427           0  0.00116016
-0.00435285   0.0133494 -0.00116016           0
EndNode2[0]<--->HoM1[0]
REAL
  0.364116 0.00985377  0.0106863   0.217807
0.00985377   0.120053  0.0276475   0.036067
 0.0106863  0.0276475   0.154354  0.0317047
  0.217807   0.036067  0.0317047   0.361478
IMAGINARY
           0  0.000701647   0.00875231  -0.00112727
-0.000701647            0   -0.0162026  -0.00210337
 -0.00875231    0.0162026            0   0.00195793
  0.00112727   0.00210337  -0.00195793            0
Repeater1[0]<--->EndNode1[0]
REAL
    0.38896  0.00957287   0.0047598    0.205314
 0.00957287    0.134788   0.0408401  -0.0201444
  0.0047598   0.0408401    0.133504 -0.00700877
   0.205314  -0.0201444 -0.00700877    0.342747
IMAGINARY
          0   0.0028231   0.0159451  0.00435285
 -0.0028231           0 -0.00139427  0.00116016
 -0.0159451  0.00139427           0  -0.0133494
-0.00435285 -0.00116016   0.0133494           0
Repeater1[0]<--->HoM1[0]
REAL
  0.364116  0.0106863 0.00985377   0.217807
 0.0106863   0.154354  0.0276475  0.0317047
0.00985377  0.0276475   0.120053   0.036067
  0.217807  0.0317047   0.036067   0.361478
IMAGINARY
           0   0.00875231  0.000701647  -0.00112727
 -0.00875231            0    0.0162026   0.00195793
-0.000701647   -0.0162026            0  -0.00210337
  0.00112727  -0.00195793   0.00210337            0
EndNode1[0]<--->Repeater1[0]
REAL
  0.405648  0.0149789  0.0126565   0.215006
 0.0149789   0.133504 0.00950859 0.00433381
 0.0126565 0.00950859   0.134788 -0.0040566
  0.215006 0.00433381 -0.0040566   0.326059
IMAGINARY
          0 -0.00459135  0.00581675  0.00148137
 0.00459135           0  0.00867091  -0.0110523
-0.00581675 -0.00867091           0 -0.00718875
-0.00148137   0.0110523  0.00718875           0
EndNode2[0]<--->HoM1[0]
REAL
  0.376289 -0.0120145  0.0080951   0.209115
-0.0120145   0.128866  0.0391272 -0.0242695
 0.0080951  0.0391272   0.110825 0.00849832
  0.209115 -0.0242695 0.00849832   0.384021
IMAGINARY
          0   0.0129516  -0.0180573   0.0031017
 -0.0129516           0   0.0196256   -0.014944
  0.0180573  -0.0196256           0 -0.00610228
 -0.0031017    0.014944  0.00610228           0
Repeater1[0]<--->EndNode1[0]
REAL
  0.405648  0.0126565  0.0149789   0.215006
 0.0126565   0.134788 0.00950859 -0.0040566
 0.0149789 0.00950859   0.133504 0.00433381
  0.215006 -0.0040566 0.00433381   0.326059
IMAGINARY
          0  0.00581675 -0.00459135  0.00148137
-0.00581675           0 -0.00867091 -0.00718875
 0.00459135  0.00867091           0  -0.0110523
-0.00148137  0.00718875   0.0110523           0
Repeater1[0]<--->HoM1[0]
REAL
  0.376289  0.0080951 -0.0120145   0.209115
 0.0080951   0.110825  0.0391272 0.00849832
-0.0120145  0.0391272   0.128866 -0.0242695
  0.209115 0.00849832 -0.0242695   0.384021
IMAGINARY
          0  -0.0180573   0.0129516   0.0031017
  0.0180573           0  -0.0196256 -0.00610228
 -0.0129516   0.0196256           0   -0.014944
 -0.0031017  0.00610228    0.014944           0
EndNode1[0]<--->Repeater1[0]
REAL
    0.373711  -0.00394999 -0.000440371     0.186647
 -0.00394999     0.148196    0.0440717   -0.0237426
-0.000440371    0.0440717     0.131443   0.00329639
    0.186647   -0.0237426   0.00329639     0.346649
IMAGINARY
           0    0.0157687  -0.00461951  0.000933773
  -0.0157687            0  -0.00474088  -0.00655001
  0.00461951   0.00474088            0   0.00591327
-0.000933773   0.00655001  -0.00591327            0
EndNode2[0]<--->HoM1[0]
REAL
   0.364935  -0.0322325 -0.00807502    0.222598
 -0.0322325    0.128571   0.0295811  -0.0112276
-0.00807502   0.0295811    0.135065   -0.020694
   0.222598  -0.0112276   -0.020694    0.371429
IMAGINARY
          0  0.00393467  0.00426796 -0.00363148
-0.00393467           0   0.0100582  -0.0246896
-0.00426796  -0.0100582           0  0.00199418
 0.00363148   0.0246896 -0.00199418           0
Repeater1[0]<--->EndNode1[0]
REAL
    0.373711 -0.000440371  -0.00394999     0.186647
-0.000440371     0.131443    0.0440717   0.00329639
 -0.00394999    0.0440717     0.148196   -0.0237426
    0.186647   0.00329639   -0.0237426     0.346649
IMAGINARY
           0  -0.00461951    0.0157687  0.000933773
  0.00461951            0   0.00474088   0.00591327
  -0.0157687  -0.00474088            0  -0.00655001
-0.000933773  -0.00591327   0.00655001            0
Repeater1[0]<--->HoM1[0]
REAL
   0.364935 -0.00807502  -0.0322325    0.222598
-0.00807502    0.135065   0.0295811   -0.020694
 -0.0322325   0.0295811    0.128571  -0.0112276
   0.222598   -0.020694  -0.0112276    0.371429
IMAGINARY
          0  0.00426796  0.00393467 -0.00363148
-0.00426796           0  -0.0100582  0.00199418
-0.00393467   0.0100582           0  -0.0246896
 0.00363148 -0.00199418   0.0246896           0
EndNode1[0]<--->Repeater1[0]
REAL
   0.393342   0.0247476  0.00139105    0.218468
  0.0247476     0.12947   0.0426154 -0.00508563
 0.00139105   0.0426154    0.134402    -0.01859
   0.218468 -0.00508563    -0.01859    0.342787
IMAGINARY
          0  0.00650123  -0.0104294  0.00794236
-0.00650123           0  0.00600187   -0.022379
  0.0104294 -0.00600187           0  -0.0248739
-0.00794236    0.022379   0.0248739           0
EndNode2[0]<--->HoM1[0]
REAL
    0.361842 -0.000999353   -0.0163211     0.206592
-0.000999353     0.148684    0.0386909   0.00419172
  -0.0163211    0.0386909     0.123684  -0.00439148
    0.206592   0.00419172  -0.00439148     0.365789
IMAGINARY
           0   0.00112518   -0.0166897  0.000354695
 -0.00112518            0  -0.00349146   -0.0104708
   0.0166897   0.00349146            0   0.00998594
-0.000354695    0.0104708  -0.00998594            0
Repeater1[0]<--->EndNode1[0]
REAL
   0.393342  0.00139105   0.0247476    0.218468
 0.00139105    0.134402   0.0426154    -0.01859
  0.0247476   0.0426154     0.12947 -0.00508563
   0.218468    -0.01859 -0.00508563    0.342787
IMAGINARY
          0  -0.0104294  0.00650123  0.00794236
  0.0104294           0 -0.00600187  -0.0248739
-0.00650123  0.00600187           0   -0.022379
-0.00794236   0.0248739    0.022379           0
Repeater1[0]<--->HoM1[0]
REAL
    0.361842   -0.0163211 -0.000999353     0.206592
  -0.0163211     0.123684    0.0386909  -0.00439148
-0.000999353    0.0386909     0.148684   0.00419172
    0.206592  -0.00439148   0.00419172     0.365789
IMAGINARY
           0   -0.0166897   0.00112518  0.000354695
   0.0166897            0   0.00349146   0.00998594
 -0.00112518  -0.00349146            0   -0.0104708
-0.000354695  -0.00998594    0.0104708            0
EndNode1[0]<--->Repeater1[0]
REAL
   0.382353 -0.00894855  -0.0197364    0.197655
-0.00894855    0.172634   0.0482572  -0.0110812
 -0.0197364   0.0482572    0.120205  -0.0243848
   0.197655  -0.0110812  -0.0243848    0.324808
IMAGINARY
          0     0.01979 -0.00996349  -0.0246199
   -0.01979           0   0.0188874  -0.0020847
 0.00996349  -0.0188874           0   0.0103305
  0.0246199   0.0020847  -0.0103305           0
EndNode2[0]<--->HoM1[0]
REAL
     0.37546  -0.00291582   0.00117912     0.213285
 -0.00291582     0.127607    0.0502811    -0.019267
  0.00117912    0.0502811     0.133742 -0.000960149
    0.213285    -0.019267 -0.000960149      0.36319
IMAGINARY
          0    0.018754   0.0241176 -0.00763311
  -0.018754           0 -0.00125014  -0.0259491
 -0.0241176  0.00125014           0  -0.0095965
 0.00763311   0.0259491   0.0095965           0
Repeater1[0]<--->EndNode1[0]
REAL
   0.382353  -0.0197364 -0.00894855    0.197655
 -0.0197364    0.120205   0.0482572  -0.0243848
-0.00894855   0.0482572    0.172634  -0.0110812
   0.197655  -0.0243848  -0.0110812    0.324808
IMAGINARY
          0 -0.00996349     0.01979  -0.0246199
 0.00996349           0  -0.0188874   0.0103305
   -0.01979   0.0188874           0  -0.0020847
  0.0246199  -0.0103305   0.0020847           0
Repeater1[0]<--->HoM1[0]
REAL
     0.37546   0.00117912  -0.00291582     0.213285
  0.00117912     0.133742    0.0502811 -0.000960149
 -0.00291582    0.0502811     0.127607    -0.019267
    0.213285 -0.000960149    -0.019267      0.36319
IMAGINARY
          0   0.0241176    0.018754 -0.00763311
 -0.0241176           0  0.00125014  -0.0095965
  -0.018754 -0.00125014           0  -0.0259491
 0.00763311   0.0095965   0.0259491           0
EndNode1[0]<--->Repeater1[0]
REAL
  0.397985  0.0109328 0.00503809   0.201224
 0.0109328   0.100756  0.0370823 0.00317936
0.00503809  0.0370823   0.143577 0.00107733
  0.201224 0.00317936 0.00107733   0.357683
IMAGINARY
          0  0.00570375   -0.021121   0.0240785
-0.00570375           0   0.0133546  0.00470684
   0.021121  -0.0133546           0  0.00818514
 -0.0240785 -0.00470684 -0.00818514           0
EndNode2[0]<--->HoM1[0]
REAL
   0.410553 -0.00762176 -0.00127091    0.207465
-0.00762176    0.119691   0.0441111   0.0548649
-0.00127091   0.0441111    0.126126 -0.00561909
   0.207465   0.0548649 -0.00561909    0.343629
IMAGINARY
           0  0.000256425   -0.0115211 -0.000692056
-0.000256425            0    0.0158054   0.00220436
   0.0115211   -0.0158054            0   -0.0095732
 0.000692056  -0.00220436    0.0095732            0
Repeater1[0]<--->EndNode1[0]
REAL
  0.397985 0.00503809  0.0109328   0.201224
0.00503809   0.143577  0.0370823 0.00107733
 0.0109328  0.0370823   0.100756 0.00317936
  0.201224 0.00107733 0.00317936   0.357683
IMAGINARY
          0   -0.021121  0.00570375   0.0240785
   0.021121           0  -0.0133546  0.00818514
-0.00570375   0.0133546           0  0.00470684
 -0.0240785 -0.00818514 -0.00470684           0
Repeater1[0]<--->HoM1[0]
REAL
   0.410553 -0.00127091 -0.00762176    0.207465
-0.00127091    0.126126   0.0441111 -0.00561909
-0.00762176   0.0441111    0.119691   0.0548649
   0.207465 -0.00561909   0.0548649    0.343629
IMAGINARY
           0   -0.0115211  0.000256425 -0.000692056
   0.0115211            0   -0.0158054   -0.0095732
-0.000256425    0.0158054            0   0.00220436
 0.000692056    0.0095732  -0.00220436            0
EndNode1[0]<--->Repeater1[0]
REAL
    0.354545   0.00449829 -6.49724e-05     0.207459
  0.00449829     0.142857    0.0365083  -0.00261599
-6.49724e-05    0.0365083     0.135065 -0.000476838
    0.207459  -0.00261599 -0.000476838     0.367532
IMAGINARY
          0   0.0124496 -0.00904158 -0.00784202
 -0.0124496           0   0.0283176    0.018039
 0.00904158  -0.0283176           0  -0.0137349
 0.00784202   -0.018039   0.0137349           0
EndNode2[0]<--->HoM1[0]
REAL
   0.381953  -0.0175901 -0.00425425      0.2078
 -0.0175901    0.126082   0.0219293  -0.0227728
-0.00425425   0.0219293    0.124845  0.00776205
     0.2078  -0.0227728  0.00776205     0.36712
IMAGINARY
          0  0.00882062  -0.0350885   0.0259954
-0.00882062           0   0.0122699  -0.0108649
  0.0350885  -0.0122699           0 -0.00539127
 -0.0259954   0.0108649  0.00539127           0
Repeater1[0]<--->EndNode1[0]
REAL
    0.354545 -6.49724e-05   0.00449829     0.207459
-6.49724e-05     0.135065    0.0365083 -0.000476838
  0.00449829    0.0365083     0.142857  -0.00261599
    0.207459 -0.000476838  -0.00261599     0.367532
IMAGINARY
          0 -0.00904158   0.0124496 -0.00784202
 0.00904158           0  -0.0283176  -0.0137349
 -0.0124496   0.0283176           0    0.018039
 0.00784202   0.0137349   -0.018039           0
Repeater1[0]<--->HoM1[0]
REAL
   0.381953 -0.00425425  -0.0175901      0.2078
-0.00425425    0.124845   0.0219293  0.00776205
 -0.0175901   0.0219293    0.126082  -0.0227728
     0.2078  0.00776205  -0.0227728     0.36712
IMAGINARY
          0  -0.0350885  0.00882062   0.0259954
  0.0350885           0  -0.0122699 -0.00539127
-0.00882062   0.0122699           0  -0.0108649
 -0.0259954  0.00539127   0.0108649           0
EndNode1[0]<--->Repeater1[0]
REAL
   0.410053  -0.0127956 -0.00292511    0.197379
 -0.0127956    0.133598   0.0387494   -0.012488
-0.00292511   0.0387494     0.10582 -0.00261748
   0.197379   -0.012488 -0.00261748    0.350529
IMAGINARY
           0 -0.000785593  -0.00680539   -0.0133684
 0.000785593            0   0.00727079    0.0182267
  0.00680539  -0.00727079            0   -0.0245951
   0.0133684   -0.0182267    0.0245951            0
EndNode2[0]<--->HoM1[0]
REAL
   0.366271 -0.00327858   -0.014447    0.211357
-0.00327858     0.15942    0.035998   0.0118014
  -0.014447    0.035998    0.118577 -0.00862618
   0.211357   0.0118014 -0.00862618    0.355731
IMAGINARY
           0   0.00984363   0.00753277   0.00620437
 -0.00984363            0    0.0141409 -0.000361971
 -0.00753277   -0.0141409            0    0.0129725
 -0.00620437  0.000361971   -0.0129725            0
Repeater1[0]<--->EndNode1[0]
REAL
   0.410053 -0.00292511  -0.0127956    0.197379
-0.00292511     0.10582   0.0387494 -0.00261748
 -0.0127956   0.0387494    0.133598   -0.012488
   0.197379 -0.00261748   -0.012488    0.350529
IMAGINARY
           0  -0.00680539 -0.000785593   -0.0133684
  0.00680539            0  -0.00727079   -0.0245951
 0.000785593   0.00727079            0    0.0182267
   0.0133684    0.0245951   -0.0182267            0
Repeater1[0]<--->HoM1[0]
REAL
   0.366271   -0.014447 -0.00327858    0.211357
  -0.014447    0.118577    0.035998 -0.00862618
-0.00327858    0.035998     0.15942   0.0118014
   0.211357 -0.00862618   0.0118014    0.355731
IMAGINARY
           0   0.00753277   0.00984363   0.00620437
 -0.00753277            0   -0.0141409    0.0129725
 -0.00984363    0.0141409            0 -0.000361971
 -0.00620437   -0.0129725  0.000361971            0
EndNode1[0]<--->Repeater1[0]
REAL
   0.400266 -0.00916768 -0.00386051    0.201418
-0.00916768    0.107713   0.0413679  0.00574257
-0.00386051   0.0413679    0.144947 -0.00526143
   0.201418  0.00574257 -0.00526143    0.347074
IMAGINARY
          0  0.00265767   0.0234217  -0.0177619
-0.00265767           0 -0.00566513 -0.00357059
 -0.0234217  0.00566513           0 -0.00762045
  0.0177619  0.00357059  0.00762045           0
EndNode2[0]<--->HoM1[0]
REAL
   0.380519  -0.0154471  0.00889896    0.203421
 -0.0154471     0.11039   0.0338235  -0.0331337
 0.00889896   0.0338235    0.146753 -0.00623657
   0.203421  -0.0331337 -0.00623657    0.362338
IMAGINARY
          0  -0.0114354 -0.00775135  -0.0084756
  0.0114354           0  -0.0207021   0.0165453
 0.00775135   0.0207021           0  0.00138513
  0.0084756  -0.0165453 -0.00138513           0
Repeater1[0]<--->EndNode1[0]
REAL
   0.400266 -0.00386051 -0.00916768    0.201418
-0.00386051    0.144947   0.0413679 -0.00526143
-0.00916768   0.0413679    0.107713  0.00574257
   0.201418 -0.00526143  0.00574257    0.347074
IMAGINARY
          0   0.0234217  0.00265767  -0.0177619
 -0.0234217           0  0.00566513 -0.00762045
-0.00265767 -0.00566513           0 -0.00357059
  0.0177619  0.00762045  0.00357059           0
Repeater1[0]<--->HoM1[0]
REAL
   0.380519  0.00889896  -0.0154471    0.203421
 0.00889896    0.146753   0.0338235 -0.00623657
 -0.0154471   0.0338235     0.11039  -0.0331337
   0.203421 -0.00623657  -0.0331337    0.362338
IMAGINARY
          0 -0.00775135  -0.0114354  -0.0084756
 0.00775135           0   0.0207021  0.00138513
  0.0114354  -0.0207021           0   0.0165453
  0.0084756 -0.00138513  -0.0165453           0
EndNode1[0]<--->Repeater1[0]
REAL
   0.389116  0.00261445 -0.00542643    0.185872
 0.00261445    0.121088   0.0330094 -0.00226588
-0.00542643   0.0330094    0.141497  -0.0117054
   0.185872 -0.00226588  -0.0117054    0.348299
IMAGINARY
           0   -0.0106369    0.0094875   0.00194951
   0.0106369            0  -0.00835977    0.0179181
  -0.0094875   0.00835977            0 -0.000934398
 -0.00194951   -0.0179181  0.000934398            0
EndNode2[0]<--->HoM1[0]
REAL
   0.361979 -0.00749211 -0.00706901    0.212553
-0.00749211    0.135417   0.0201467  0.00367688
-0.00706901   0.0201467    0.117187 -0.00811169
   0.212553  0.00367688 -0.00811169    0.385417
IMAGINARY
          0  -0.0121205   0.0114509   0.0156323
  0.0121205           0   0.0150065 -0.00565938
 -0.0114509  -0.0150065           0   -0.025846
 -0.0156323  0.00565938    0.025846           0
Repeater1[0]<--->EndNode1[0]
REAL
   0.389116 -0.00542643  0.00261445    0.185872
-0.00542643    0.141497   0.0330094  -0.0117054
 0.00261445   0.0330094    0.121088 -0.00226588
   0.185872  -0.0117054 -0.00226588    0.348299
IMAGINARY
           0    0.0094875   -0.0106369   0.00194951
  -0.0094875            0   0.00835977 -0.000934398
   0.0106369  -0.00835977            0    0.0179181
 -0.00194951  0.000934398   -0.0179181            0
Repeater1[0]<--->HoM1[0]
REAL
   0.361979 -0.00706901 -0.00749211    0.212553
-0.00706901    0.117187   0.0201467 -0.00811169
-0.00749211   0.0201467    0.135417  0.00367688
   0.212553 -0.00811169  0.00367688    0.385417
IMAGINARY
          0   0.0114509  -0.0121205   0.0156323
 -0.0114509           0  -0.0150065   -0.025846
  0.0121205   0.0150065           0 -0.00565938
 -0.0156323    0.025846  0.00565938           0
EndNode1[0]<--->Repeater1[0]
REAL
   0.35206 0.00406082 0.00835582   0.212981
0.00406082   0.133583  0.0413396 0.00769357
0.00835582  0.0413396    0.15231  0.0132231
  0.212981 0.00769357  0.0132231   0.362047
IMAGINARY
          0   0.0150592 -0.00821149 -0.00206447
 -0.0150592           0  -0.0222801  0.00199259
 0.00821149   0.0222801           0  -0.0113278
 0.00206447 -0.00199259   0.0113278           0
EndNode2[0]<--->HoM1[0]
REAL
   0.403004  -0.0167727 -0.00990494     0.19784
 -0.0167727    0.100125   0.0465899  -0.0156521
-0.00990494   0.0465899    0.128911  -0.0205798
    0.19784  -0.0156521  -0.0205798     0.36796
IMAGINARY
          0  0.00728503  -0.0184197 -0.00965578
-0.00728503           0  -0.0261532 -0.00158031
  0.0184197   0.0261532           0  0.00396497
 0.00965578  0.00158031 -0.00396497           0
Repeater1[0]<--->EndNode1[0]
REAL
   0.35206 0.00835582 0.00406082   0.212981
0.00835582    0.15231  0.0413396  0.0132231
0.00406082  0.0413396   0.133583 0.00769357
  0.212981  0.0132231 0.00769357   0.362047
IMAGINARY
          0 -0.00821149   0.0150592 -0.00206447
 0.00821149           0   0.0222801  -0.0113278
 -0.0150592  -0.0222801           0  0.00199259
 0.00206447   0.0113278 -0.00199259           0
Repeater1[0]<--->HoM1[0]
REAL
   0.403004 -0.00990494  -0.0167727     0.19784
-0.00990494    0.128911   0.0465899  -0.0205798
 -0.0167727   0.0465899    0.100125  -0.0156521
    0.19784  -0.0205798  -0.0156521     0.36796
IMAGINARY
          0  -0.0184197  0.00728503 -0.00965578
  0.0184197           0   0.0261532  0.00396497
-0.00728503  -0.0261532           0 -0.00158031
 0.00965578 -0.00396497  0.00158031           0
EndNode1[0]<--->Repeater1[0]
REAL
   0.390212 0.000857704   0.0122758    0.210672
0.000857704    0.113757   0.0340093  -0.0179079
  0.0122758   0.0340093    0.134921   -0.011496
   0.210672  -0.0179079   -0.011496    0.361111
IMAGINARY
          0  0.00818171    0.019694  0.00728886
-0.00818171           0   0.0198716  -0.0216497
  -0.019694  -0.0198716           0  0.00941933
-0.00728886   0.0216497 -0.00941933           0
EndNode2[0]<--->HoM1[0]
REAL
   0.387648 -0.00827679 -0.00275006    0.199627
-0.00827679    0.131406   0.0634984  -0.0112915
-0.00275006   0.0634984     0.12615  -0.0253007
   0.199627  -0.0112915  -0.0253007    0.354796
IMAGINARY
           0   -0.0132333    0.0160005 -0.000993241
   0.0132333            0   0.00603102  -0.00890372
  -0.0160005  -0.00603102            0   -0.0016054
