EndNode1[0]<--->Repeater1[0]
REAL
   0.437741 -0.00851195 -0.00899495    0.357183
-0.00851195   0.0898588   0.0463368 -0.00339097
-0.00899495   0.0463368   0.0783055  -0.0116967
   0.357183 -0.00339097  -0.0116967    0.394095
IMAGINARY
           0   -0.0015025   -0.0161069  0.000713638
   0.0015025            0  -0.00975757   -0.0129936
   0.0161069   0.00975757            0    0.0160528
-0.000713638    0.0129936   -0.0160528            0
EndNode2[0]<--->HoM1[0]
REAL
   0.396178  -0.0236464  -0.0258367    0.370856
 -0.0236464   0.0917197   0.0537209 0.000479091
 -0.0258367   0.0537209   0.0815287 -0.00691278
   0.370856 0.000479091 -0.00691278    0.430573
IMAGINARY
          0  0.00715578   0.0143333  0.00746972
-0.00715578           0  -0.0111918  0.00484825
 -0.0143333   0.0111918           0 -0.00971332
-0.00746972 -0.00484825  0.00971332           0
Repeater1[0]<--->EndNode1[0]
REAL
   0.437741 -0.00899495 -0.00851195    0.357183
-0.00899495   0.0783055   0.0463368  -0.0116967
-0.00851195   0.0463368   0.0898588 -0.00339097
   0.357183  -0.0116967 -0.00339097    0.394095
IMAGINARY
           0   -0.0161069   -0.0015025  0.000713638
   0.0161069            0   0.00975757    0.0160528
   0.0015025  -0.00975757            0   -0.0129936
-0.000713638   -0.0160528    0.0129936            0
Repeater1[0]<--->HoM1[0]
REAL
   0.396178  -0.0258367  -0.0236464    0.370856
 -0.0258367   0.0815287   0.0537209 -0.00691278
 -0.0236464   0.0537209   0.0917197 0.000479091
   0.370856 -0.00691278 0.000479091    0.430573
IMAGINARY
          0   0.0143333  0.00715578  0.00746972
 -0.0143333           0   0.0111918 -0.00971332
-0.00715578  -0.0111918           0  0.00484825
-0.00746972  0.00971332 -0.00484825           0
EndNode1[0]<--->Repeater1[0]
REAL
   0.429858  -0.0199325 -0.00801393    0.363626
 -0.0199325   0.0772201   0.0508056 0.000989668
-0.00801393   0.0508056   0.0900901  0.00652253
   0.363626 0.000989668  0.00652253    0.402831
IMAGINARY
          0   0.0174983  -0.0158092 -0.00302293
 -0.0174983           0  -0.0127003 -0.00726777
  0.0158092   0.0127003           0  -0.0149342
 0.00302293  0.00726777   0.0149342           0
EndNode2[0]<--->HoM1[0]
REAL
   0.449612 -0.00689175  0.00382364    0.370821
-0.00689175   0.0904393    0.040032 -0.00123966
 0.00382364    0.040032   0.0891473  0.00301578
   0.370821 -0.00123966  0.00301578    0.370801
IMAGINARY
          0  -0.0140225 -0.00808973  -0.0122635
  0.0140225           0   0.0147635   0.0106343
 0.00808973  -0.0147635           0  0.00766118
  0.0122635  -0.0106343 -0.00766118           0
Repeater1[0]<--->EndNode1[0]
REAL
   0.429858 -0.00801393  -0.0199325    0.363626
-0.00801393   0.0900901   0.0508056  0.00652253
 -0.0199325   0.0508056   0.0772201 0.000989668
   0.363626  0.00652253 0.000989668    0.402831
IMAGINARY
          0  -0.0158092   0.0174983 -0.00302293
  0.0158092           0   0.0127003  -0.0149342
 -0.0174983  -0.0127003           0 -0.00726777
 0.00302293   0.0149342  0.00726777           0
Repeater1[0]<--->HoM1[0]
REAL
   0.449612  0.00382364 -0.00689175    0.370821
 0.00382364   0.0891473    0.040032  0.00301578
-0.00689175    0.040032   0.0904393 -0.00123966
   0.370821  0.00301578 -0.00123966    0.370801
IMAGINARY
          0 -0.00808973  -0.0140225  -0.0122635
 0.00808973           0  -0.0147635  0.00766118
  0.0140225   0.0147635           0   0.0106343
  0.0122635 -0.00766118  -0.0106343           0
EndNode1[0]<--->Repeater1[0]
REAL
    0.41488  0.00261975 -0.00504611    0.371488
 0.00261975   0.0819672   0.0536738  0.00182031
-0.00504611   0.0536738   0.0920555  -0.0161681
   0.371488  0.00182031  -0.0161681    0.411097
IMAGINARY
          0  -0.0032785  0.00340756  0.00818567
  0.0032785           0 -0.00289466   0.0175101
-0.00340756  0.00289466           0  -0.0162897
-0.00818567  -0.0175101   0.0162897           0
EndNode2[0]<--->HoM1[0]
REAL
   0.404337 -0.00400433  0.00190038    0.372306
-0.00400433   0.0816327   0.0342597 0.000624871
 0.00190038   0.0342597   0.0841837   0.0115801
   0.372306 0.000624871   0.0115801    0.429847
IMAGINARY
          0   -0.013333  0.00189411   0.0253207
   0.013333           0   0.0152536  0.00453263
-0.00189411  -0.0152536           0   0.0120477
 -0.0253207 -0.00453263  -0.0120477           0
Repeater1[0]<--->EndNode1[0]
REAL
    0.41488 -0.00504611  0.00261975    0.371488
-0.00504611   0.0920555   0.0536738  -0.0161681
 0.00261975   0.0536738   0.0819672  0.00182031
   0.371488  -0.0161681  0.00182031    0.411097
IMAGINARY
          0  0.00340756  -0.0032785  0.00818567
-0.00340756           0  0.00289466  -0.0162897
  0.0032785 -0.00289466           0   0.0175101
-0.00818567   0.0162897  -0.0175101           0
Repeater1[0]<--->HoM1[0]
REAL
   0.404337  0.00190038 -0.00400433    0.372306
 0.00190038   0.0841837   0.0342597   0.0115801
-0.00400433   0.0342597   0.0816327 0.000624871
   0.372306   0.0115801 0.000624871    0.429847
IMAGINARY
          0  0.00189411   -0.013333   0.0253207
-0.00189411           0  -0.0152536   0.0120477
   0.013333   0.0152536           0  0.00453263
 -0.0253207  -0.0120477 -0.00453263           0
EndNode1[0]<--->Repeater1[0]
REAL
  0.385572 0.00425731 -0.0122313    0.37009
0.00425731  0.0671642  0.0470227  0.0202527
-0.0122313  0.0470227   0.106965 0.00911168
   0.37009  0.0202527 0.00911168   0.440299
IMAGINARY
          0   0.0194277   -0.019286 -0.00468634
 -0.0194277           0 -0.00218008  0.00028211
   0.019286  0.00218008           0    0.013993
 0.00468634 -0.00028211   -0.013993           0
EndNode2[0]<--->HoM1[0]
REAL
  0.414938 -0.0266776  0.0161066   0.358489
-0.0266776  0.0982019    0.05521 -0.0284354
 0.0161066    0.05521  0.0760719 0.00749957
  0.358489 -0.0284354 0.00749957   0.410788
IMAGINARY
          0  0.00769168 -0.00381844   0.0266615
-0.00769168           0   0.0334938  0.00318793
 0.00381844  -0.0334938           0  -0.0196715
 -0.0266615 -0.00318793   0.0196715           0
Repeater1[0]<--->EndNode1[0]
REAL
  0.385572 -0.0122313 0.00425731    0.37009
-0.0122313   0.106965  0.0470227 0.00911168
0.00425731  0.0470227  0.0671642  0.0202527
   0.37009 0.00911168  0.0202527   0.440299
IMAGINARY
          0   -0.019286   0.0194277 -0.00468634
   0.019286           0  0.00218008    0.013993
 -0.0194277 -0.00218008           0  0.00028211
 0.00468634   -0.013993 -0.00028211           0
Repeater1[0]<--->HoM1[0]
REAL
  0.414938  0.0161066 -0.0266776   0.358489
 0.0161066  0.0760719    0.05521 0.00749957
-0.0266776    0.05521  0.0982019 -0.0284354
  0.358489 0.00749957 -0.0284354   0.410788
IMAGINARY
          0 -0.00381844  0.00769168   0.0266615
 0.00381844           0  -0.0334938  -0.0196715
-0.00769168   0.0334938           0  0.00318793
 -0.0266615   0.0196715 -0.00318793           0
EndNode1[0]<--->Repeater1[0]
REAL
   0.412145   0.0148108 -0.00651042    0.371506
  0.0148108   0.0904393   0.0529732    0.015625
-0.00651042   0.0529732   0.0775194 -0.00309203
   0.371506    0.015625 -0.00309203    0.419897
IMAGINARY
           0   -0.0163351    0.0209014  -0.00865279
   0.0163351            0 -0.000999724    0.0144911
  -0.0209014  0.000999724            0  -0.00747438
  0.00865279   -0.0144911   0.00747438            0
EndNode2[0]<--->HoM1[0]
REAL
   0.419355  -0.0091623 -0.00564082    0.366473
 -0.0091623   0.0682382   0.0474508  0.00310918
-0.00564082   0.0474508   0.0856079   0.0091623
   0.366473  0.00310918   0.0091623    0.426799
IMAGINARY
           0   -0.0119131   0.00918244   0.00414376
   0.0119131            0    0.0228104 -0.000595916
 -0.00918244   -0.0228104            0   0.00993158
 -0.00414376  0.000595916  -0.00993158            0
Repeater1[0]<--->EndNode1[0]
REAL
   0.412145 -0.00651042   0.0148108    0.371506
-0.00651042   0.0775194   0.0529732 -0.00309203
  0.0148108   0.0529732   0.0904393    0.015625
   0.371506 -0.00309203    0.015625    0.419897
IMAGINARY
           0    0.0209014   -0.0163351  -0.00865279
  -0.0209014            0  0.000999724  -0.00747438
   0.0163351 -0.000999724            0    0.0144911
  0.00865279   0.00747438   -0.0144911            0
Repeater1[0]<--->HoM1[0]
REAL
   0.419355 -0.00564082  -0.0091623    0.366473
-0.00564082   0.0856079   0.0474508   0.0091623
 -0.0091623   0.0474508   0.0682382  0.00310918
   0.366473   0.0091623  0.00310918    0.426799
IMAGINARY
           0   0.00918244   -0.0119131   0.00414376
 -0.00918244            0   -0.0228104   0.00993158
   0.0119131    0.0228104            0 -0.000595916
 -0.00414376  -0.00993158  0.000595916            0
EndNode1[0]<--->Repeater1[0]
REAL
     0.38089    0.0106872      0.02726     0.361594
   0.0106872    0.0890052    0.0439686 -0.000739974
     0.02726    0.0439686    0.0863874    0.0093645
    0.361594 -0.000739974    0.0093645     0.443717
IMAGINARY
          0  -0.0129699  -0.0131426 -0.00310636
  0.0129699           0   0.0131064  0.00396267
  0.0131426  -0.0131064           0   0.0111339
 0.00310636 -0.00396267  -0.0111339           0
EndNode2[0]<--->HoM1[0]
REAL
   0.409655  0.00807003   0.0100803     0.36846
 0.00807003   0.0813793   0.0539434 -0.00695136
  0.0100803   0.0539434   0.0993103 -0.00494112
    0.36846 -0.00695136 -0.00494112    0.409655
IMAGINARY
          0 -0.00166874    0.016576   0.0109631
 0.00166874           0   0.0334966   0.0116498
  -0.016576  -0.0334966           0 -0.00505169
 -0.0109631  -0.0116498  0.00505169           0
Repeater1[0]<--->EndNode1[0]
REAL
     0.38089      0.02726    0.0106872     0.361594
     0.02726    0.0863874    0.0439686    0.0093645
   0.0106872    0.0439686    0.0890052 -0.000739974
    0.361594    0.0093645 -0.000739974     0.443717
IMAGINARY
          0  -0.0131426  -0.0129699 -0.00310636
  0.0131426           0  -0.0131064   0.0111339
  0.0129699   0.0131064           0  0.00396267
 0.00310636  -0.0111339 -0.00396267           0
Repeater1[0]<--->HoM1[0]
REAL
   0.409655   0.0100803  0.00807003     0.36846
  0.0100803   0.0993103   0.0539434 -0.00494112
 0.00807003   0.0539434   0.0813793 -0.00695136
    0.36846 -0.00494112 -0.00695136    0.409655
IMAGINARY
          0    0.016576 -0.00166874   0.0109631
  -0.016576           0  -0.0334966 -0.00505169
 0.00166874   0.0334966           0   0.0116498
 -0.0109631  0.00505169  -0.0116498           0
EndNode1[0]<--->Repeater1[0]
REAL
   0.425974 -0.00650558  -0.0292763    0.365397
-0.00650558   0.0935065   0.0489953  0.00570311
 -0.0292763   0.0489953    0.105195  0.00650558
   0.365397  0.00570311  0.00650558    0.375325
IMAGINARY
          0  0.00332747  0.00859394  0.00823452
-0.00332747           0 -0.00823452  0.00792993
-0.00859394  0.00823452           0  -0.0198513
-0.00823452 -0.00792993   0.0198513           0
EndNode2[0]<--->HoM1[0]
REAL
    0.40613 -0.00552729  -0.0109797    0.372186
-0.00552729   0.0906769    0.042211 -0.00782708
 -0.0109797    0.042211   0.0893997 -0.00809139
   0.372186 -0.00782708 -0.00809139    0.413793
IMAGINARY
           0  -0.00225096    0.0316328   -0.0166223
  0.00225096            0  0.000664894    -0.026595
  -0.0316328 -0.000664894            0    0.0060293
   0.0166223     0.026595   -0.0060293            0
Repeater1[0]<--->EndNode1[0]
REAL
   0.425974  -0.0292763 -0.00650558    0.365397
 -0.0292763    0.105195   0.0489953  0.00650558
-0.00650558   0.0489953   0.0935065  0.00570311
   0.365397  0.00650558  0.00570311    0.375325
IMAGINARY
          0  0.00859394  0.00332747  0.00823452
-0.00859394           0  0.00823452  -0.0198513
-0.00332747 -0.00823452           0  0.00792993
-0.00823452   0.0198513 -0.00792993           0
Repeater1[0]<--->HoM1[0]
REAL
    0.40613  -0.0109797 -0.00552729    0.372186
 -0.0109797   0.0893997    0.042211 -0.00809139
-0.00552729    0.042211   0.0906769 -0.00782708
   0.372186 -0.00809139 -0.00782708    0.413793
IMAGINARY
           0    0.0316328  -0.00225096   -0.0166223
  -0.0316328            0 -0.000664894    0.0060293
  0.00225096  0.000664894            0    -0.026595
   0.0166223   -0.0060293     0.026595            0
EndNode1[0]<--->Repeater1[0]
REAL
  0.410738 0.00396203 0.00434652   0.362352
0.00396203  0.0724832  0.0460252  0.0126692
0.00434652  0.0460252   0.104698 0.00781807
  0.362352  0.0126692 0.00781807   0.412081
IMAGINARY
           0  -0.00384773   0.00994118 -0.000254261
  0.00384773            0  -0.00218476   0.00408943
 -0.00994118   0.00218476            0    0.0127763
 0.000254261  -0.00408943   -0.0127763            0
EndNode2[0]<--->HoM1[0]
REAL
    0.42625 0.000787074  -0.0102832    0.381787
0.000787074       0.075   0.0447223   0.0142202
 -0.0102832   0.0447223     0.09125  0.00577461
   0.381787   0.0142202  0.00577461      0.4075
IMAGINARY
          0 -0.00566425 -0.00176176  -0.0102819
 0.00566425           0  -0.0141084 -0.00818849
 0.00176176   0.0141084           0   0.0168583
  0.0102819  0.00818849  -0.0168583           0
Repeater1[0]<--->EndNode1[0]
REAL
  0.410738 0.00434652 0.00396203   0.362352
0.00434652   0.104698  0.0460252 0.00781807
0.00396203  0.0460252  0.0724832  0.0126692
  0.362352 0.00781807  0.0126692   0.412081
IMAGINARY
           0   0.00994118  -0.00384773 -0.000254261
 -0.00994118            0   0.00218476    0.0127763
  0.00384773  -0.00218476            0   0.00408943
 0.000254261   -0.0127763  -0.00408943            0
Repeater1[0]<--->HoM1[0]
REAL
    0.42625  -0.0102832 0.000787074    0.381787
 -0.0102832     0.09125   0.0447223  0.00577461
0.000787074   0.0447223       0.075   0.0142202
   0.381787  0.00577461   0.0142202      0.4075
IMAGINARY
          0 -0.00176176 -0.00566425  -0.0102819
 0.00176176           0   0.0141084   0.0168583
 0.00566425  -0.0141084           0 -0.00818849
  0.0102819  -0.0168583  0.00818849           0
EndNode1[0]<--->Repeater1[0]
REAL
   0.412894 0.000440488 -0.00643083    0.366703
0.000440488   0.0877915   0.0369427 -0.00398584
-0.00643083   0.0369427    0.079561 -0.00564882
   0.366703 -0.00398584 -0.00564882    0.419753
IMAGINARY
          0   0.0115087 -0.00304655   0.0206018
 -0.0115087           0   0.0339436  -0.0114553
 0.00304655  -0.0339436           0  -0.0134002
 -0.0206018   0.0114553   0.0134002           0
EndNode2[0]<--->HoM1[0]
REAL
  0.422111 -0.0145547 -0.0078552   0.353117
-0.0145547   0.080402  0.0596963 -0.0165834
-0.0078552  0.0596963  0.0979899 0.00332613
  0.353117 -0.0165834 0.00332613   0.399497
IMAGINARY
           0    0.0135852   0.00153234   0.00546645
  -0.0135852            0 -0.000325059  -0.00284813
 -0.00153234  0.000325059            0  -0.00832203
 -0.00546645   0.00284813   0.00832203            0
Repeater1[0]<--->EndNode1[0]
REAL
   0.412894 -0.00643083 0.000440488    0.366703
-0.00643083    0.079561   0.0369427 -0.00564882
0.000440488   0.0369427   0.0877915 -0.00398584
   0.366703 -0.00564882 -0.00398584    0.419753
IMAGINARY
          0 -0.00304655   0.0115087   0.0206018
 0.00304655           0  -0.0339436  -0.0134002
 -0.0115087   0.0339436           0  -0.0114553
 -0.0206018   0.0134002   0.0114553           0
Repeater1[0]<--->HoM1[0]
REAL
  0.422111 -0.0078552 -0.0145547   0.353117
-0.0078552  0.0979899  0.0596963 0.00332613
-0.0145547  0.0596963   0.080402 -0.0165834
  0.353117 0.00332613 -0.0165834   0.399497
IMAGINARY
           0   0.00153234    0.0135852   0.00546645
 -0.00153234            0  0.000325059  -0.00832203
  -0.0135852 -0.000325059            0  -0.00284813
 -0.00546645   0.00832203   0.00284813            0
EndNode1[0]<--->Repeater1[0]
REAL
    0.422104   0.00337838     0.014733     0.373718
  0.00337838    0.0918775    0.0559902 -0.000144121
    0.014733    0.0559902    0.0985353  -0.00337838
    0.373718 -0.000144121  -0.00337838     0.387483
IMAGINARY
           0  -0.00181283    0.0196081   0.00778049
  0.00181283            0    0.0058937  0.000991115
  -0.0196081   -0.0058937            0   -0.0137927
 -0.00778049 -0.000991115    0.0137927            0
EndNode2[0]<--->HoM1[0]
REAL
  0.402284 -0.0100685 0.00132616   0.367574
-0.0100685   0.069797  0.0450352   0.030509
0.00132616  0.0450352  0.0761421  0.0319162
  0.367574   0.030509  0.0319162   0.451777
IMAGINARY
          0   0.0120346  -0.0100525  0.00428277
 -0.0120346           0  -0.0100743   0.0191198
  0.0100525   0.0100743           0 -0.00426262
-0.00428277  -0.0191198  0.00426262           0
Repeater1[0]<--->EndNode1[0]
REAL
    0.422104     0.014733   0.00337838     0.373718
    0.014733    0.0985353    0.0559902  -0.00337838
  0.00337838    0.0559902    0.0918775 -0.000144121
    0.373718  -0.00337838 -0.000144121     0.387483
IMAGINARY
           0    0.0196081  -0.00181283   0.00778049
  -0.0196081            0   -0.0058937   -0.0137927
  0.00181283    0.0058937            0  0.000991115
 -0.00778049    0.0137927 -0.000991115            0
Repeater1[0]<--->HoM1[0]
REAL
  0.402284 0.00132616 -0.0100685   0.367574
0.00132616  0.0761421  0.0450352  0.0319162
-0.0100685  0.0450352   0.069797   0.030509
  0.367574  0.0319162   0.030509   0.451777
IMAGINARY
          0  -0.0100525   0.0120346  0.00428277
  0.0100525           0   0.0100743 -0.00426262
 -0.0120346  -0.0100743           0   0.0191198
-0.00428277  0.00426262  -0.0191198           0
EndNode1[0]<--->Repeater1[0]
REAL
   0.395913   0.0173953 -0.00554993    0.372327
  0.0173953    0.104725   0.0451991   0.0171479
-0.00554993   0.0451991   0.0970626  0.00451189
   0.372327   0.0171479  0.00451189    0.402299
IMAGINARY
          0 -0.00268011  0.00374583   0.0111518
 0.00268011           0 -0.00147442   0.0228499
-0.00374583  0.00147442           0  -0.0239156
 -0.0111518  -0.0228499   0.0239156           0
EndNode2[0]<--->HoM1[0]
REAL
    0.39726   0.0205374 0.000794857    0.359304
  0.0205374   0.0871731   0.0504612   0.0282534
0.000794857   0.0504612   0.0784558  0.00727476
   0.359304   0.0282534  0.00727476    0.437111
IMAGINARY
           0   -0.0103411   0.00743944  0.000923679
   0.0103411            0  -0.00156388  -0.00418847
 -0.00743944   0.00156388            0   -0.0124158
-0.000923679   0.00418847    0.0124158            0
Repeater1[0]<--->EndNode1[0]
REAL
   0.395913 -0.00554993   0.0173953    0.372327
-0.00554993   0.0970626   0.0451991  0.00451189
  0.0173953   0.0451991    0.104725   0.0171479
   0.372327  0.00451189   0.0171479    0.402299
IMAGINARY
          0  0.00374583 -0.00268011   0.0111518
-0.00374583           0  0.00147442  -0.0239156
 0.00268011 -0.00147442           0   0.0228499
 -0.0111518   0.0239156  -0.0228499           0
Repeater1[0]<--->HoM1[0]
REAL
    0.39726 0.000794857   0.0205374    0.359304
0.000794857   0.0784558   0.0504612  0.00727476
  0.0205374   0.0504612   0.0871731   0.0282534
   0.359304  0.00727476   0.0282534    0.437111
IMAGINARY
           0   0.00743944   -0.0103411  0.000923679
 -0.00743944            0   0.00156388   -0.0124158
   0.0103411  -0.00156388            0  -0.00418847
-0.000923679    0.0124158   0.00418847            0
EndNode1[0]<--->Repeater1[0]
REAL
   0.422078   0.0147039  0.00982709    0.371616
  0.0147039   0.0948052   0.0428578 -0.00587972
 0.00982709   0.0428578   0.0779221 -0.00154605
   0.371616 -0.00587972 -0.00154605    0.405195
IMAGINARY
          0   0.0183155 -0.00534964 -0.00034706
 -0.0183155           0  0.00479433    0.011232
 0.00534964 -0.00479433           0  0.00063874
 0.00034706   -0.011232 -0.00063874           0
EndNode2[0]<--->HoM1[0]
REAL
   0.409987  0.00296575   0.0166498    0.379805
 0.00296575   0.0749014   0.0485868 -0.00283071
  0.0166498   0.0485868   0.0854139   0.0146222
   0.379805 -0.00283071   0.0146222    0.429698
IMAGINARY
          0    0.016523 -0.00140123  0.00686019
  -0.016523           0  0.00294374  0.00901544
 0.00140123 -0.00294374           0  -0.0152539
-0.00686019 -0.00901544   0.0152539           0
Repeater1[0]<--->EndNode1[0]
REAL
   0.422078  0.00982709   0.0147039    0.371616
 0.00982709   0.0779221   0.0428578 -0.00154605
  0.0147039   0.0428578   0.0948052 -0.00587972
   0.371616 -0.00154605 -0.00587972    0.405195
IMAGINARY
          0 -0.00534964   0.0183155 -0.00034706
 0.00534964           0 -0.00479433  0.00063874
 -0.0183155  0.00479433           0    0.011232
 0.00034706 -0.00063874   -0.011232           0
Repeater1[0]<--->HoM1[0]
REAL
   0.409987   0.0166498  0.00296575    0.379805
  0.0166498   0.0854139   0.0485868   0.0146222
 0.00296575   0.0485868   0.0749014 -0.00283071
   0.379805   0.0146222 -0.00283071    0.429698
IMAGINARY
          0 -0.00140123    0.016523  0.00686019
 0.00140123           0 -0.00294374  -0.0152539
  -0.016523  0.00294374           0  0.00901544
-0.00686019   0.0152539 -0.00901544           0
EndNode1[0]<--->Repeater1[0]
REAL
 0.408397 0.0171593 0.0185061  0.377477
0.0171593 0.0928753 0.0458066 0.0185061
0.0185061 0.0458066 0.0941476 0.0158152
 0.377477 0.0185061 0.0158152   0.40458
IMAGINARY
          0  -0.0122983  0.00604209   0.0126241
  0.0122983           0   0.0180392   0.0188956
-0.00604209  -0.0180392           0 -0.00391119
 -0.0126241  -0.0188956  0.00391119           0
EndNode2[0]<--->HoM1[0]
REAL
   0.403974 -0.00800422  0.00996277    0.374677
-0.00800422   0.0834437   0.0449664 -0.00741175
 0.00996277   0.0449664   0.0860927  0.00927973
   0.374677 -0.00741175  0.00927973     0.42649
IMAGINARY
          0  0.00653272  -0.0204205  -0.0221979
-0.00653272           0   0.0101267  0.00351226
  0.0204205  -0.0101267           0  0.00192139
  0.0221979 -0.00351226 -0.00192139           0
Repeater1[0]<--->EndNode1[0]
REAL
 0.408397 0.0185061 0.0171593  0.377477
0.0185061 0.0941476 0.0458066 0.0158152
0.0171593 0.0458066 0.0928753 0.0185061
 0.377477 0.0158152 0.0185061   0.40458
IMAGINARY
          0  0.00604209  -0.0122983   0.0126241
-0.00604209           0  -0.0180392 -0.00391119
  0.0122983   0.0180392           0   0.0188956
 -0.0126241  0.00391119  -0.0188956           0
Repeater1[0]<--->HoM1[0]
REAL
   0.403974  0.00996277 -0.00800422    0.374677
 0.00996277   0.0860927   0.0449664  0.00927973
-0.00800422   0.0449664   0.0834437 -0.00741175
   0.374677  0.00927973 -0.00741175     0.42649
IMAGINARY
          0  -0.0204205  0.00653272  -0.0221979
  0.0204205           0  -0.0101267  0.00192139
-0.00653272   0.0101267           0  0.00351226
  0.0221979 -0.00192139 -0.00351226           0
EndNode1[0]<--->Repeater1[0]
REAL
   0.426564 0.000273201 -0.00556427    0.360298
0.000273201   0.0932312   0.0492839   0.0156857
-0.00556427   0.0492839   0.0817369 -0.00229749
   0.360298   0.0156857 -0.00229749    0.398467
IMAGINARY
          0  0.00736003 -0.00477489 -0.00218885
-0.00736003           0  -0.0287846  -0.0233853
 0.00477489   0.0287846           0   0.0020267
 0.00218885   0.0233853  -0.0020267           0
EndNode2[0]<--->HoM1[0]
REAL
   0.412533 -0.00154593  -0.0166688    0.365237
-0.00154593   0.0992167   0.0404951  -0.0132675
 -0.0166688   0.0404951   0.0861619  -0.0258426
   0.365237  -0.0132675  -0.0258426    0.402089
IMAGINARY
          0  0.00174714   0.0183472  0.00526241
-0.00174714           0  -0.0130144 -0.00674929
 -0.0183472   0.0130144           0  -0.0107678
-0.00526241  0.00674929   0.0107678           0
Repeater1[0]<--->EndNode1[0]
REAL
   0.426564 -0.00556427 0.000273201    0.360298
-0.00556427   0.0817369   0.0492839 -0.00229749
0.000273201   0.0492839   0.0932312   0.0156857
   0.360298 -0.00229749   0.0156857    0.398467
IMAGINARY
          0 -0.00477489  0.00736003 -0.00218885
 0.00477489           0   0.0287846   0.0020267
-0.00736003  -0.0287846           0  -0.0233853
 0.00218885  -0.0020267   0.0233853           0
Repeater1[0]<--->HoM1[0]
REAL
   0.412533  -0.0166688 -0.00154593    0.365237
 -0.0166688   0.0861619   0.0404951  -0.0258426
-0.00154593   0.0404951   0.0992167  -0.0132675
   0.365237  -0.0258426  -0.0132675    0.402089
IMAGINARY
          0   0.0183472  0.00174714  0.00526241
 -0.0183472           0   0.0130144  -0.0107678
-0.00174714  -0.0130144           0 -0.00674929
-0.00526241   0.0107678  0.00674929           0
EndNode1[0]<--->Repeater1[0]
REAL
  0.426617 0.00166942 -0.0067139   0.378231
0.00166942  0.0808458   0.055102  0.0169703
-0.0067139   0.055102   0.090796  0.0111511
  0.378231  0.0169703  0.0111511   0.401741
IMAGINARY
           0  -0.00827077   -0.0113946     0.015877
  0.00827077            0 -0.000252016   -0.0164966
   0.0113946  0.000252016            0    0.0279987
   -0.015877    0.0164966   -0.0279987            0
EndNode2[0]<--->HoM1[0]
REAL
   0.388535 0.000723862   0.0178934    0.368883
0.000723862   0.0968153   0.0421116  0.00566685
  0.0178934   0.0421116   0.0789809  0.00451174
   0.368883  0.00566685  0.00451174    0.435669
IMAGINARY
          0  -0.0121793  0.00484972 -0.00455294
  0.0121793           0   0.0220968 -0.00353738
-0.00484972  -0.0220968           0   0.0082423
 0.00455294  0.00353738  -0.0082423           0
Repeater1[0]<--->EndNode1[0]
REAL
  0.426617 -0.0067139 0.00166942   0.378231
-0.0067139   0.090796   0.055102  0.0111511
0.00166942   0.055102  0.0808458  0.0169703
  0.378231  0.0111511  0.0169703   0.401741
IMAGINARY
           0   -0.0113946  -0.00827077     0.015877
   0.0113946            0  0.000252016    0.0279987
  0.00827077 -0.000252016            0   -0.0164966
   -0.015877   -0.0279987    0.0164966            0
Repeater1[0]<--->HoM1[0]
REAL
   0.388535   0.0178934 0.000723862    0.368883
  0.0178934   0.0789809   0.0421116  0.00451174
0.000723862   0.0421116   0.0968153  0.00566685
   0.368883  0.00451174  0.00566685    0.435669
IMAGINARY
          0  0.00484972  -0.0121793 -0.00455294
-0.00484972           0  -0.0220968   0.0082423
  0.0121793   0.0220968           0 -0.00353738
 0.00455294  -0.0082423  0.00353738           0
EndNode1[0]<--->Repeater1[0]
REAL
   0.406579  0.00204057  0.00380535    0.380743
 0.00204057   0.0789474   0.0427329 -0.00445386
 0.00380535   0.0427329    0.105263 -0.00658012
   0.380743 -0.00445386 -0.00658012    0.409211
IMAGINARY
          0 -0.00744152 -0.00815233 -0.00649722
 0.00744152           0  -0.0189481  -0.0199089
 0.00815233   0.0189481           0  0.00361499
 0.00649722   0.0199089 -0.00361499           0
EndNode2[0]<--->HoM1[0]
REAL
   0.431694 -0.00339773   0.0152988    0.372911
-0.00339773   0.0696721   0.0416928  -0.0165364
  0.0152988   0.0416928   0.0915301  0.00587298
   0.372911  -0.0165364  0.00587298    0.407104
IMAGINARY
          0 -0.00440176 -0.00450763   0.0114569
 0.00440176           0   0.0220389  0.00450763
 0.00450763  -0.0220389           0 -0.00701956
 -0.0114569 -0.00450763  0.00701956           0
Repeater1[0]<--->EndNode1[0]
REAL
   0.406579  0.00380535  0.00204057    0.380743
 0.00380535    0.105263   0.0427329 -0.00658012
 0.00204057   0.0427329   0.0789474 -0.00445386
   0.380743 -0.00658012 -0.00445386    0.409211
IMAGINARY
          0 -0.00815233 -0.00744152 -0.00649722
 0.00815233           0   0.0189481  0.00361499
 0.00744152  -0.0189481           0  -0.0199089
 0.00649722 -0.00361499   0.0199089           0
Repeater1[0]<--->HoM1[0]
REAL
   0.431694   0.0152988 -0.00339773    0.372911
  0.0152988   0.0915301   0.0416928  0.00587298
-0.00339773   0.0416928   0.0696721  -0.0165364
   0.372911  0.00587298  -0.0165364    0.407104
IMAGINARY
          0 -0.00450763 -0.00440176   0.0114569
 0.00450763           0  -0.0220389 -0.00701956
 0.00440176   0.0220389           0  0.00450763
 -0.0114569  0.00701956 -0.00450763           0
EndNode1[0]<--->Repeater1[0]
REAL
   0.430946    0.028372 -0.00415717     0.38119
   0.028372   0.0754476   0.0338423   0.0113467
-0.00415717   0.0338423    0.101023  -0.0120321
    0.38119   0.0113467  -0.0120321    0.392583
IMAGINARY
          0   0.0200221  -0.0010521  -0.0144948
 -0.0200221           0  -0.0106585 -0.00994402
  0.0010521   0.0106585           0  -0.0219626
  0.0144948  0.00994402   0.0219626           0
EndNode2[0]<--->HoM1[0]
REAL
  0.407162 -0.0124848 -0.0340302   0.369211
-0.0124848  0.0875332  0.0462815  0.0129035
-0.0340302  0.0462815  0.0941645 -0.0137636
  0.369211  0.0129035 -0.0137636   0.411141
IMAGINARY
          0  0.00829479  -0.0172042  0.00020456
-0.00829479           0 -0.00870129   0.0216628
  0.0172042  0.00870129           0   0.0139982
-0.00020456  -0.0216628  -0.0139982           0
Repeater1[0]<--->EndNode1[0]
REAL
   0.430946 -0.00415717    0.028372     0.38119
-0.00415717    0.101023   0.0338423  -0.0120321
   0.028372   0.0338423   0.0754476   0.0113467
    0.38119  -0.0120321   0.0113467    0.392583
IMAGINARY
          0  -0.0010521   0.0200221  -0.0144948
  0.0010521           0   0.0106585  -0.0219626
 -0.0200221  -0.0106585           0 -0.00994402
  0.0144948   0.0219626  0.00994402           0
Repeater1[0]<--->HoM1[0]
REAL
  0.407162 -0.0340302 -0.0124848   0.369211
-0.0340302  0.0941645  0.0462815 -0.0137636
-0.0124848  0.0462815  0.0875332  0.0129035
  0.369211 -0.0137636  0.0129035   0.411141
IMAGINARY
          0  -0.0172042  0.00829479  0.00020456
  0.0172042           0  0.00870129   0.0139982
-0.00829479 -0.00870129           0   0.0216628
-0.00020456  -0.0139982  -0.0216628           0
EndNode1[0]<--->Repeater1[0]
REAL
   0.443445   0.0076239 -0.00650289    0.376588
  0.0076239   0.0771208   0.0528234  0.00192772
-0.00650289   0.0528234   0.0758355 -0.00435592
   0.376588  0.00192772 -0.00435592    0.403599
IMAGINARY
          0 -0.00667124  -0.0122088  -0.0137974
 0.00667124           0  -0.0181452   0.0115412
  0.0122088   0.0181452           0   0.0153495
  0.0137974  -0.0115412  -0.0153495           0
EndNode2[0]<--->HoM1[0]
REAL
   0.433378 -0.00877061  -0.0141686    0.376765
-0.00877061   0.0807537   0.0368149 -0.00311532
 -0.0141686   0.0368149   0.0794078  0.00630147
   0.376765 -0.00311532  0.00630147     0.40646
IMAGINARY
           0  -0.00208685  0.000973549 -0.000854686
  0.00208685            0     0.022433   0.00398923
-0.000973549    -0.022433            0  -0.00411662
 0.000854686  -0.00398923   0.00411662            0
Repeater1[0]<--->EndNode1[0]
REAL
   0.443445 -0.00650289   0.0076239    0.376588
-0.00650289   0.0758355   0.0528234 -0.00435592
  0.0076239   0.0528234   0.0771208  0.00192772
   0.376588 -0.00435592  0.00192772    0.403599
IMAGINARY
          0  -0.0122088 -0.00667124  -0.0137974
  0.0122088           0   0.0181452   0.0153495
 0.00667124  -0.0181452           0   0.0115412
  0.0137974  -0.0153495  -0.0115412           0
Repeater1[0]<--->HoM1[0]
REAL
   0.433378  -0.0141686 -0.00877061    0.376765
 -0.0141686   0.0794078   0.0368149  0.00630147
-0.00877061   0.0368149   0.0807537 -0.00311532
   0.376765  0.00630147 -0.00311532     0.40646
IMAGINARY
           0  0.000973549  -0.00208685 -0.000854686
-0.000973549            0    -0.022433  -0.00411662
  0.00208685     0.022433            0   0.00398923
 0.000854686   0.00411662  -0.00398923            0
EndNode1[0]<--->Repeater1[0]
REAL
  0.427807  0.0012148  0.0015739   0.371416
 0.0012148  0.0828877  0.0365288 0.00536178
 0.0015739  0.0365288  0.0735294  0.0145481
  0.371416 0.00536178  0.0145481   0.415775
IMAGINARY
          0  -0.0321289  0.00955532  0.00366844
  0.0321289           0  -0.0144792   0.0137469
-0.00955532   0.0144792           0 -0.00182585
-0.00366844  -0.0137469  0.00182585           0
EndNode2[0]<--->HoM1[0]
REAL
   0.413838 -0.00865652 -0.00445121    0.368215
-0.00865652    0.103133     0.05945 -0.00697011
-0.00445121     0.05945    0.078329   0.0111946
   0.368215 -0.00697011   0.0111946      0.4047
IMAGINARY
           0   -0.0176416   0.00162893   -0.0244398
   0.0176416            0    0.0270507  0.000363105
 -0.00162893   -0.0270507            0  -0.00825484
   0.0244398 -0.000363105   0.00825484            0
Repeater1[0]<--->EndNode1[0]
REAL
  0.427807  0.0015739  0.0012148   0.371416
 0.0015739  0.0735294  0.0365288  0.0145481
 0.0012148  0.0365288  0.0828877 0.00536178
  0.371416  0.0145481 0.00536178   0.415775
IMAGINARY
          0  0.00955532  -0.0321289  0.00366844
-0.00955532           0   0.0144792 -0.00182585
  0.0321289  -0.0144792           0   0.0137469
-0.00366844  0.00182585  -0.0137469           0
Repeater1[0]<--->HoM1[0]
REAL
   0.413838 -0.00445121 -0.00865652    0.368215
-0.00445121    0.078329     0.05945   0.0111946
-0.00865652     0.05945    0.103133 -0.00697011
   0.368215   0.0111946 -0.00697011      0.4047
IMAGINARY
           0   0.00162893   -0.0176416   -0.0244398
 -0.00162893            0   -0.0270507  -0.00825484
   0.0176416    0.0270507            0  0.000363105
   0.0244398   0.00825484 -0.000363105            0
EndNode1[0]<--->Repeater1[0]
REAL
   0.405096 2.47222e-05  -0.0069661    0.367122
2.47222e-05   0.0917197   0.0454259 -0.00634188
 -0.0069661   0.0454259   0.0929936 -0.00192586
   0.367122 -0.00634188 -0.00192586    0.410191
IMAGINARY
          0  0.00469122 -0.00802054   0.0168272
-0.00469122           0    0.006132   0.0117612
 0.00802054   -0.006132           0  0.00279008
 -0.0168272  -0.0117612 -0.00279008           0
EndNode2[0]<--->HoM1[0]
REAL
    0.390704 -0.000758397   0.00279465     0.366144
-0.000758397    0.0904523    0.0443618   -0.0319775
  0.00279465    0.0443618    0.0967337   -0.0219394
    0.366144   -0.0319775   -0.0219394     0.422111
IMAGINARY
          0   0.0120816 -0.00689307  -0.0200806
 -0.0120816           0  0.00508065  -0.0235171
 0.00689307 -0.00508065           0   0.0239863
  0.0200806   0.0235171  -0.0239863           0
Repeater1[0]<--->EndNode1[0]
REAL
   0.405096  -0.0069661 2.47222e-05    0.367122
 -0.0069661   0.0929936   0.0454259 -0.00192586
2.47222e-05   0.0454259   0.0917197 -0.00634188
   0.367122 -0.00192586 -0.00634188    0.410191
IMAGINARY
          0 -0.00802054  0.00469122   0.0168272
 0.00802054           0   -0.006132  0.00279008
-0.00469122    0.006132           0   0.0117612
 -0.0168272 -0.00279008  -0.0117612           0
Repeater1[0]<--->HoM1[0]
REAL
    0.390704   0.00279465 -0.000758397     0.366144
  0.00279465    0.0967337    0.0443618   -0.0219394
-0.000758397    0.0443618    0.0904523   -0.0319775
    0.366144   -0.0219394   -0.0319775     0.422111
IMAGINARY
          0 -0.00689307   0.0120816  -0.0200806
 0.00689307           0 -0.00508065   0.0239863
 -0.0120816  0.00508065           0  -0.0235171
  0.0200806  -0.0239863   0.0235171           0
EndNode1[0]<--->Repeater1[0]
REAL
  0.393359 0.00733605 0.00225637   0.366532
0.00733605   0.083014  0.0602031  0.0131678
0.00225637  0.0602031   0.106003 -0.0086214
  0.366532  0.0131678 -0.0086214   0.417625
IMAGINARY
          0  -0.0167799  0.00544461 -0.00921084
  0.0167799           0  0.00986273   0.0122769
-0.00544461 -0.00986273           0  0.00538754
 0.00921084  -0.0122769 -0.00538754           0
EndNode2[0]<--->HoM1[0]
REAL
 0.449682 0.0130256 0.0172341  0.367708
0.0130256  0.101911 0.0420667 0.0115879
0.0172341 0.0420667 0.0840764 0.0183027
 0.367708 0.0115879 0.0183027  0.364331
IMAGINARY
           0   0.00352933   -0.0193053  -0.00109543
 -0.00352933            0  -0.00299176  7.45379e-05
   0.0193053   0.00299176            0   0.00544503
  0.00109543 -7.45379e-05  -0.00544503            0
Repeater1[0]<--->EndNode1[0]
REAL
  0.393359 0.00225637 0.00733605   0.366532
0.00225637   0.106003  0.0602031 -0.0086214
0.00733605  0.0602031   0.083014  0.0131678
  0.366532 -0.0086214  0.0131678   0.417625
IMAGINARY
          0  0.00544461  -0.0167799 -0.00921084
-0.00544461           0 -0.00986273  0.00538754
  0.0167799  0.00986273           0   0.0122769
 0.00921084 -0.00538754  -0.0122769           0
Repeater1[0]<--->HoM1[0]
REAL
 0.449682 0.0172341 0.0130256  0.367708
0.0172341 0.0840764 0.0420667 0.0183027
0.0130256 0.0420667  0.101911 0.0115879
 0.367708 0.0183027 0.0115879  0.364331
IMAGINARY
           0   -0.0193053   0.00352933  -0.00109543
   0.0193053            0   0.00299176   0.00544503
 -0.00352933  -0.00299176            0  7.45379e-05
  0.00109543  -0.00544503 -7.45379e-05            0
EndNode1[0]<--->Repeater1[0]
REAL
  0.400788   0.004041 0.00788155    0.37357
  0.004041  0.0854139  0.0385318  0.0258764
0.00788155  0.0385318  0.0722733  0.0258953
   0.37357  0.0258764  0.0258953   0.441524
IMAGINARY
          0 -0.00375687 -0.00333352  0.00800681
 0.00375687           0 -0.00344357  -0.0120118
 0.00333352  0.00344357           0  0.00759319
-0.00800681   0.0120118 -0.00759319           0
EndNode2[0]<--->HoM1[0]
REAL
   0.406091 -0.00822063 -0.00105706    0.354634
-0.00822063   0.0736041   0.0495802  0.00808132
-0.00105706   0.0495802   0.0850254   0.0190763
   0.354634  0.00808132   0.0190763    0.435279
IMAGINARY
          0  0.00285839  0.00411044  -0.0022961
-0.00285839           0   0.0234771  -0.0119323
-0.00411044  -0.0234771           0   0.0169972
  0.0022961   0.0119323  -0.0169972           0
Repeater1[0]<--->EndNode1[0]
REAL
  0.400788 0.00788155   0.004041    0.37357
0.00788155  0.0722733  0.0385318  0.0258953
  0.004041  0.0385318  0.0854139  0.0258764
   0.37357  0.0258953  0.0258764   0.441524
IMAGINARY
          0 -0.00333352 -0.00375687  0.00800681
 0.00333352           0  0.00344357  0.00759319
 0.00375687 -0.00344357           0  -0.0120118
-0.00800681 -0.00759319   0.0120118           0
Repeater1[0]<--->HoM1[0]
REAL
   0.406091 -0.00105706 -0.00822063    0.354634
-0.00105706   0.0850254   0.0495802   0.0190763
-0.00822063   0.0495802   0.0736041  0.00808132
   0.354634   0.0190763  0.00808132    0.435279
IMAGINARY
          0  0.00411044  0.00285839  -0.0022961
-0.00411044           0  -0.0234771   0.0169972
-0.00285839   0.0234771           0  -0.0119323
  0.0022961  -0.0169972   0.0119323           0
EndNode1[0]<--->Repeater1[0]
REAL
   0.417186   0.0160903 -0.00498561    0.377711
  0.0160903   0.0946451   0.0393803   0.0113632
-0.00498561   0.0393803   0.0809465  -0.0135393
   0.377711   0.0113632  -0.0135393    0.407223
IMAGINARY
          0   -0.025766 -0.00168419  -0.0153541
   0.025766           0  0.00454325   0.0245004
 0.00168419 -0.00454325           0  0.00816491
  0.0153541  -0.0245004 -0.00816491           0
EndNode2[0]<--->HoM1[0]
REAL
    0.410579   -0.0156581    0.0155958     0.383304
  -0.0156581    0.0780856    0.0257873 -2.91874e-05
   0.0155958    0.0257873    0.0831234    0.0249981
    0.383304 -2.91874e-05    0.0249981     0.428212
IMAGINARY
          0   0.0030925  -0.0168404   0.0112045
 -0.0030925           0   0.0131056  -0.0112642
  0.0168404  -0.0131056           0  0.00801861
 -0.0112045   0.0112642 -0.00801861           0
Repeater1[0]<--->EndNode1[0]
REAL
   0.417186 -0.00498561   0.0160903    0.377711
-0.00498561   0.0809465   0.0393803  -0.0135393
  0.0160903   0.0393803   0.0946451   0.0113632
   0.377711  -0.0135393   0.0113632    0.407223
IMAGINARY
          0 -0.00168419   -0.025766  -0.0153541
 0.00168419           0 -0.00454325  0.00816491
   0.025766  0.00454325           0   0.0245004
  0.0153541 -0.00816491  -0.0245004           0
Repeater1[0]<--->HoM1[0]
REAL
    0.410579    0.0155958   -0.0156581     0.383304
   0.0155958    0.0831234    0.0257873    0.0249981
  -0.0156581    0.0257873    0.0780856 -2.91874e-05
    0.383304    0.0249981 -2.91874e-05     0.428212
IMAGINARY
          0  -0.0168404   0.0030925   0.0112045
  0.0168404           0  -0.0131056  0.00801861
 -0.0030925   0.0131056           0  -0.0112642
 -0.0112045 -0.00801861   0.0112642           0
EndNode1[0]<--->Repeater1[0]
REAL
   0.441524 -0.00611781  -0.0136243    0.372711
-0.00611781   0.0827858   0.0432238   0.0192705
 -0.0136243   0.0432238   0.0998686   0.0105093
   0.372711   0.0192705   0.0105093    0.375821
IMAGINARY
          0  -0.0205641  0.00669231   0.0352212
  0.0205641           0  0.00687066 -0.00797436
-0.00669231 -0.00687066           0   0.0154359
 -0.0352212  0.00797436  -0.0154359           0
EndNode2[0]<--->HoM1[0]
REAL
   0.451187   0.0146341  -0.0143787    0.369129
  0.0146341   0.0844327   0.0428203   0.0187812
 -0.0143787   0.0428203   0.0870712 -0.00771585
   0.369129   0.0187812 -0.00771585    0.377309
IMAGINARY
          0  -0.0220244  -0.0143357 -0.00834335
  0.0220244           0   0.0151553 -0.00545996
