EndNode1[0]<--->Repeater1[0]
REAL
   0.479452  -0.0237418  -0.0125487    0.445499
 -0.0237418   0.0261519  0.00862988  -0.0169402
 -0.0125487  0.00862988   0.0249066 0.000806012
   0.445499  -0.0169402 0.000806012    0.469489
IMAGINARY
          0  0.00252525  -0.0124232   0.0191269
-0.00252525           0  0.00927468  0.00232215
  0.0124232 -0.00927468           0  0.00252525
 -0.0191269 -0.00232215 -0.00252525           0
EndNode2[0]<--->HoM1[0]
REAL
   0.480255 -0.00274611 -0.00150199    0.446448
-0.00274611   0.0203822   0.0188926   0.0162645
-0.00150199   0.0188926   0.0242038  0.00595536
   0.446448   0.0162645  0.00595536    0.475159
IMAGINARY
          0   0.0155231 -0.00172843   0.0052897
 -0.0155231           0  -0.0167987   -0.011855
 0.00172843   0.0167987           0   -0.012289
 -0.0052897    0.011855    0.012289           0
Repeater1[0]<--->EndNode1[0]
REAL
   0.479452  -0.0125487  -0.0237418    0.445499
 -0.0125487   0.0249066  0.00862988 0.000806012
 -0.0237418  0.00862988   0.0261519  -0.0169402
   0.445499 0.000806012  -0.0169402    0.469489
IMAGINARY
          0  -0.0124232  0.00252525   0.0191269
  0.0124232           0 -0.00927468  0.00252525
-0.00252525  0.00927468           0  0.00232215
 -0.0191269 -0.00252525 -0.00232215           0
Repeater1[0]<--->HoM1[0]
REAL
   0.480255 -0.00150199 -0.00274611    0.446448
-0.00150199   0.0242038   0.0188926  0.00595536
-0.00274611   0.0188926   0.0203822   0.0162645
   0.446448  0.00595536   0.0162645    0.475159
IMAGINARY
          0 -0.00172843   0.0155231   0.0052897
 0.00172843           0   0.0167987   -0.012289
 -0.0155231  -0.0167987           0   -0.011855
 -0.0052897    0.012289    0.011855           0
EndNode1[0]<--->Repeater1[0]
REAL
   0.498744  0.00832546  -0.0020853    0.439839
 0.00832546   0.0351759 -0.00990298   0.0103656
 -0.0020853 -0.00990298   0.0251256  0.00122868
   0.439839   0.0103656  0.00122868    0.440955
IMAGINARY
          0  -0.0249125   0.0237843 -0.00786146
  0.0249125           0   0.0142066   0.0251848
 -0.0237843  -0.0142066           0   -0.015036
 0.00786146  -0.0251848    0.015036           0
EndNode2[0]<--->HoM1[0]
REAL
   0.515924  -0.0133715  -0.0139574    0.444682
 -0.0133715   0.0127389  0.00054062 -0.00960953
 -0.0139574  0.00054062   0.0229299   0.0114607
   0.444682 -0.00960953   0.0114607    0.448408
IMAGINARY
           0   -0.0198251   0.00874558   0.00976811
   0.0198251            0    0.0142267 -0.000571192
 -0.00874558   -0.0142267            0   0.00756348
 -0.00976811  0.000571192  -0.00756348            0
Repeater1[0]<--->EndNode1[0]
REAL
   0.498744  -0.0020853  0.00832546    0.439839
 -0.0020853   0.0251256 -0.00990298  0.00122868
 0.00832546 -0.00990298   0.0351759   0.0103656
   0.439839  0.00122868   0.0103656    0.440955
IMAGINARY
          0   0.0237843  -0.0249125 -0.00786146
 -0.0237843           0  -0.0142066   -0.015036
  0.0249125   0.0142066           0   0.0251848
 0.00786146    0.015036  -0.0251848           0
Repeater1[0]<--->HoM1[0]
REAL
   0.515924  -0.0139574  -0.0133715    0.444682
 -0.0139574   0.0229299  0.00054062   0.0114607
 -0.0133715  0.00054062   0.0127389 -0.00960953
   0.444682   0.0114607 -0.00960953    0.448408
IMAGINARY
           0   0.00874558   -0.0198251   0.00976811
 -0.00874558            0   -0.0142267   0.00756348
   0.0198251    0.0142267            0 -0.000571192
 -0.00976811  -0.00756348  0.000571192            0
EndNode1[0]<--->Repeater1[0]
REAL
  0.498721  0.0282917 -0.0125273   0.442048
 0.0282917  0.0230179  0.0108787  0.0163441
-0.0125273  0.0108787   0.028133 -0.0181136
  0.442048  0.0163441 -0.0181136   0.450128
IMAGINARY
          0   0.0155996  -0.0374777  0.00249297
 -0.0155996           0 -0.00562188 -0.00667818
  0.0374777  0.00562188           0   0.0272576
-0.00249297  0.00667818  -0.0272576           0
EndNode2[0]<--->HoM1[0]
REAL
   0.48267 0.00273966 -0.0146988   0.439721
0.00273966  0.0256739  0.0059457 0.00499629
-0.0146988  0.0059457  0.0385109 -0.0098548
  0.439721 0.00499629 -0.0098548   0.453145
IMAGINARY
          0  0.00793148  -0.0055392  -0.0118689
-0.00793148           0  0.00511219 -0.00307007
  0.0055392 -0.00511219           0  0.00597581
  0.0118689  0.00307007 -0.00597581           0
Repeater1[0]<--->EndNode1[0]
REAL
  0.498721 -0.0125273  0.0282917   0.442048
-0.0125273   0.028133  0.0108787 -0.0181136
 0.0282917  0.0108787  0.0230179  0.0163441
  0.442048 -0.0181136  0.0163441   0.450128
IMAGINARY
          0  -0.0374777   0.0155996  0.00249297
  0.0374777           0  0.00562188   0.0272576
 -0.0155996 -0.00562188           0 -0.00667818
-0.00249297  -0.0272576  0.00667818           0
Repeater1[0]<--->HoM1[0]
REAL
   0.48267 -0.0146988 0.00273966   0.439721
-0.0146988  0.0385109  0.0059457 -0.0098548
0.00273966  0.0059457  0.0256739 0.00499629
  0.439721 -0.0098548 0.00499629   0.453145
IMAGINARY
          0  -0.0055392  0.00793148  -0.0118689
  0.0055392           0 -0.00511219  0.00597581
-0.00793148  0.00511219           0 -0.00307007
  0.0118689 -0.00597581  0.00307007           0
EndNode1[0]<--->Repeater1[0]
REAL
   0.484237    0.027483   0.0124104    0.449941
   0.027483   0.0327869  0.00668801    0.010514
  0.0124104  0.00668801   0.0201765 -0.00827608
   0.449941    0.010514 -0.00827608    0.462799
IMAGINARY
          0 -0.00633351  0.00440122   0.0122528
 0.00633351           0  0.00371142  0.00505653
-0.00440122 -0.00371142           0  -0.0119515
 -0.0122528 -0.00505653   0.0119515           0
EndNode2[0]<--->HoM1[0]
REAL
  0.478544 0.00331537  0.0112156   0.447817
0.00331537  0.0156047 0.00751824 -0.0285854
 0.0112156 0.00751824   0.023407 -0.0132409
  0.447817 -0.0285854 -0.0132409   0.482445
IMAGINARY
          0  0.00805526   0.0149143  -0.0098503
-0.00805526           0  0.00788952 -0.00202421
 -0.0149143 -0.00788952           0  -0.0155179
  0.0098503  0.00202421   0.0155179           0
Repeater1[0]<--->EndNode1[0]
REAL
   0.484237   0.0124104    0.027483    0.449941
  0.0124104   0.0201765  0.00668801 -0.00827608
   0.027483  0.00668801   0.0327869    0.010514
   0.449941 -0.00827608    0.010514    0.462799
IMAGINARY
          0  0.00440122 -0.00633351   0.0122528
-0.00440122           0 -0.00371142  -0.0119515
 0.00633351  0.00371142           0  0.00505653
 -0.0122528   0.0119515 -0.00505653           0
Repeater1[0]<--->HoM1[0]
REAL
  0.478544  0.0112156 0.00331537   0.447817
 0.0112156   0.023407 0.00751824 -0.0132409
0.00331537 0.00751824  0.0156047 -0.0285854
  0.447817 -0.0132409 -0.0285854   0.482445
IMAGINARY
          0   0.0149143  0.00805526  -0.0098503
 -0.0149143           0 -0.00788952  -0.0155179
-0.00805526  0.00788952           0 -0.00202421
  0.0098503   0.0155179  0.00202421           0
EndNode1[0]<--->Repeater1[0]
REAL
    0.470588 -0.000646831   0.00426925     0.448915
-0.000646831    0.0300375   0.00968816  0.000258559
  0.00426925   0.00968816    0.0137672    0.0103493
    0.448915  0.000258559    0.0103493     0.485607
IMAGINARY
          0  -0.0017052 -0.00159949 -0.00527724
  0.0017052           0  0.00464831   0.0126492
 0.00159949 -0.00464831           0  0.00446764
 0.00527724  -0.0126492 -0.00446764           0
EndNode2[0]<--->HoM1[0]
REAL
   0.465736   0.0145092   0.0107053    0.447883
  0.0145092   0.0253807  0.00887393 -0.00529986
  0.0107053  0.00887393   0.0241117  -0.0118065
   0.447883 -0.00529986  -0.0118065    0.484772
IMAGINARY
          0   0.0163478 -0.00436669 -0.00694444
 -0.0163478           0 -0.00103428 -0.00770447
 0.00436669  0.00103428           0 -0.00935919
 0.00694444  0.00770447  0.00935919           0
Repeater1[0]<--->EndNode1[0]
REAL
    0.470588   0.00426925 -0.000646831     0.448915
  0.00426925    0.0137672   0.00968816    0.0103493
-0.000646831   0.00968816    0.0300375  0.000258559
    0.448915    0.0103493  0.000258559     0.485607
IMAGINARY
          0 -0.00159949  -0.0017052 -0.00527724
 0.00159949           0 -0.00464831  0.00446764
  0.0017052  0.00464831           0   0.0126492
 0.00527724 -0.00446764  -0.0126492           0
Repeater1[0]<--->HoM1[0]
REAL
   0.465736   0.0107053   0.0145092    0.447883
  0.0107053   0.0241117  0.00887393  -0.0118065
  0.0145092  0.00887393   0.0253807 -0.00529986
   0.447883  -0.0118065 -0.00529986    0.484772
IMAGINARY
          0 -0.00436669   0.0163478 -0.00694444
 0.00436669           0  0.00103428 -0.00935919
 -0.0163478 -0.00103428           0 -0.00770447
 0.00694444  0.00935919  0.00770447           0
EndNode1[0]<--->Repeater1[0]
REAL
   0.479791 -0.00242976 -0.00143262    0.455498
-0.00242976   0.0195567 -0.00766037  -0.0151068
-0.00143262 -0.00766037   0.0221643   -0.020471
   0.455498  -0.0151068   -0.020471    0.478488
IMAGINARY
           0 -0.000301787  -0.00799097     0.001321
 0.000301787            0   -0.0270806   0.00272782
  0.00799097    0.0270806            0    0.0134597
   -0.001321  -0.00272782   -0.0134597            0
EndNode2[0]<--->HoM1[0]
REAL
  0.475032 -0.0245358  0.0172932   0.439823
-0.0245358  0.0192061 0.00774743 -0.0326384
 0.0172932 0.00774743  0.0294494  0.0206995
  0.439823 -0.0326384  0.0206995   0.476312
IMAGINARY
         0 -0.0146748 -0.0108885 -0.0124119
 0.0146748          0 -0.0194183   0.006486
 0.0108885  0.0194183          0  0.0140458
 0.0124119  -0.006486 -0.0140458          0
Repeater1[0]<--->EndNode1[0]
REAL
   0.479791 -0.00143262 -0.00242976    0.455498
-0.00143262   0.0221643 -0.00766037   -0.020471
-0.00242976 -0.00766037   0.0195567  -0.0151068
   0.455498   -0.020471  -0.0151068    0.478488
IMAGINARY
           0  -0.00799097 -0.000301787     0.001321
  0.00799097            0    0.0270806    0.0134597
 0.000301787   -0.0270806            0   0.00272782
   -0.001321   -0.0134597  -0.00272782            0
Repeater1[0]<--->HoM1[0]
REAL
  0.475032  0.0172932 -0.0245358   0.439823
 0.0172932  0.0294494 0.00774743  0.0206995
-0.0245358 0.00774743  0.0192061 -0.0326384
  0.439823  0.0206995 -0.0326384   0.476312
IMAGINARY
         0 -0.0108885 -0.0146748 -0.0124119
 0.0108885          0  0.0194183  0.0140458
 0.0146748 -0.0194183          0   0.006486
 0.0124119 -0.0140458  -0.006486          0
EndNode1[0]<--->Repeater1[0]
REAL
  0.486624 0.00231613  0.0245284   0.450247
0.00231613  0.0229299  0.0113934 -0.0165919
 0.0245284  0.0113934  0.0267516 0.00165212
  0.450247 -0.0165919 0.00165212   0.463694
IMAGINARY
          0  -0.0157446 -0.00494583  0.00792142
  0.0157446           0 -0.00792142   0.0208694
 0.00494583  0.00792142           0   0.0202032
-0.00792142  -0.0208694  -0.0202032           0
EndNode2[0]<--->HoM1[0]
REAL
   0.491677  -0.0133328 -0.00225719    0.458394
 -0.0133328   0.0153649  0.00690155  -0.0144523
-0.00225719  0.00690155    0.021767 0.000479342
   0.458394  -0.0144523 0.000479342    0.471191
IMAGINARY
          0   -0.011241  -0.0145775    0.003756
   0.011241           0 -0.00621906   0.0108462
  0.0145775  0.00621906           0 -0.00368435
  -0.003756  -0.0108462  0.00368435           0
Repeater1[0]<--->EndNode1[0]
REAL
  0.486624  0.0245284 0.00231613   0.450247
 0.0245284  0.0267516  0.0113934 0.00165212
0.00231613  0.0113934  0.0229299 -0.0165919
  0.450247 0.00165212 -0.0165919   0.463694
IMAGINARY
          0 -0.00494583  -0.0157446  0.00792142
 0.00494583           0  0.00792142   0.0202032
  0.0157446 -0.00792142           0   0.0208694
-0.00792142  -0.0202032  -0.0208694           0
Repeater1[0]<--->HoM1[0]
REAL
   0.491677 -0.00225719  -0.0133328    0.458394
-0.00225719    0.021767  0.00690155 0.000479342
 -0.0133328  0.00690155   0.0153649  -0.0144523
   0.458394 0.000479342  -0.0144523    0.471191
IMAGINARY
          0  -0.0145775   -0.011241    0.003756
  0.0145775           0  0.00621906 -0.00368435
   0.011241 -0.00621906           0   0.0108462
  -0.003756  0.00368435  -0.0108462           0
EndNode1[0]<--->Repeater1[0]
REAL
   0.474515  0.00616013 -0.00943132    0.450445
 0.00616013   0.0242718   0.0127065   0.0164199
-0.00943132   0.0127065   0.0133495  0.00464038
   0.450445   0.0164199  0.00464038    0.487864
IMAGINARY
          0  -0.0188742  0.00879319  -0.0277305
  0.0188742           0  0.00653348    0.024879
-0.00879319 -0.00653348           0 -0.00844474
  0.0277305   -0.024879  0.00844474           0
EndNode2[0]<--->HoM1[0]
REAL
    0.48067  0.00380711   0.0188845    0.449504
 0.00380711   0.0193299 -0.00407222 -0.00492507
  0.0188845 -0.00407222   0.0231959  0.00380711
   0.449504 -0.00492507  0.00380711    0.476804
IMAGINARY
           0  -0.00321611   -0.0193113 -0.000927039
  0.00321611            0     0.025047   0.00488222
   0.0193113    -0.025047            0    0.0264282
 0.000927039  -0.00488222   -0.0264282            0
Repeater1[0]<--->EndNode1[0]
REAL
   0.474515 -0.00943132  0.00616013    0.450445
-0.00943132   0.0133495   0.0127065  0.00464038
 0.00616013   0.0127065   0.0242718   0.0164199
   0.450445  0.00464038   0.0164199    0.487864
IMAGINARY
          0  0.00879319  -0.0188742  -0.0277305
-0.00879319           0 -0.00653348 -0.00844474
  0.0188742  0.00653348           0    0.024879
  0.0277305  0.00844474   -0.024879           0
Repeater1[0]<--->HoM1[0]
REAL
    0.48067   0.0188845  0.00380711    0.449504
  0.0188845   0.0231959 -0.00407222  0.00380711
 0.00380711 -0.00407222   0.0193299 -0.00492507
   0.449504  0.00380711 -0.00492507    0.476804
IMAGINARY
           0   -0.0193113  -0.00321611 -0.000927039
   0.0193113            0    -0.025047    0.0264282
  0.00321611     0.025047            0   0.00488222
 0.000927039   -0.0264282  -0.00488222            0
EndNode1[0]<--->Repeater1[0]
REAL
    0.485075   -0.0205905   0.00914507     0.443194
  -0.0205905     0.028607   0.00930946    -0.026475
  0.00914507   0.00930946     0.011194 -0.000590501
    0.443194    -0.026475 -0.000590501     0.475124
IMAGINARY
           0   0.00383498  -0.00175633 -0.000331175
 -0.00383498            0    0.0215812  -0.00237591
  0.00175633   -0.0215812            0  0.000297248
 0.000331175   0.00237591 -0.000297248            0
EndNode2[0]<--->HoM1[0]
REAL
    0.487469   -0.0156404   0.00283484     0.447607
  -0.0156404    0.0200501     0.002106   -0.0200762
  0.00283484     0.002106    0.0250627 -0.000164204
    0.447607   -0.0200762 -0.000164204     0.467419
IMAGINARY
          0 -0.00285171 -0.00165567 -0.00319093
 0.00285171           0  0.00506828   0.0187659
 0.00165567 -0.00506828           0 -0.00285171
 0.00319093  -0.0187659  0.00285171           0
Repeater1[0]<--->EndNode1[0]
REAL
    0.485075   0.00914507   -0.0205905     0.443194
  0.00914507     0.011194   0.00930946 -0.000590501
  -0.0205905   0.00930946     0.028607    -0.026475
    0.443194 -0.000590501    -0.026475     0.475124
IMAGINARY
           0  -0.00175633   0.00383498 -0.000331175
  0.00175633            0   -0.0215812  0.000297248
 -0.00383498    0.0215812            0  -0.00237591
 0.000331175 -0.000297248   0.00237591            0
Repeater1[0]<--->HoM1[0]
REAL
    0.487469   0.00283484   -0.0156404     0.447607
  0.00283484    0.0250627     0.002106 -0.000164204
  -0.0156404     0.002106    0.0200501   -0.0200762
    0.447607 -0.000164204   -0.0200762     0.467419
IMAGINARY
          0 -0.00165567 -0.00285171 -0.00319093
 0.00165567           0 -0.00506828 -0.00285171
 0.00285171  0.00506828           0   0.0187659
 0.00319093  0.00285171  -0.0187659           0
EndNode1[0]<--->Repeater1[0]
REAL
    0.492734  -0.00688467    0.0150513     0.443759
 -0.00688467    0.0237781   0.00495873 -0.000948718
   0.0150513   0.00495873    0.0198151    0.0184231
    0.443759 -0.000948718    0.0184231     0.463672
IMAGINARY
          0   0.0163487 -0.00451511   0.0165539
 -0.0163487           0  0.00596861  0.00267913
 0.00451511 -0.00596861           0 -0.00961672
 -0.0165539 -0.00267913  0.00961672           0
EndNode2[0]<--->HoM1[0]
REAL
  0.540136   0.011334  0.0109014   0.443145
  0.011334  0.0176871  0.0143889 0.00827671
 0.0109014  0.0143889  0.0231293  0.0119536
  0.443145 0.00827671  0.0119536   0.419048
IMAGINARY
           0  0.000992813    -0.011203  -0.00265181
-0.000992813            0    0.0109958   -0.0159991
    0.011203   -0.0109958            0    0.0119606
  0.00265181    0.0159991   -0.0119606            0
Repeater1[0]<--->EndNode1[0]
REAL
    0.492734    0.0150513  -0.00688467     0.443759
   0.0150513    0.0198151   0.00495873    0.0184231
 -0.00688467   0.00495873    0.0237781 -0.000948718
    0.443759    0.0184231 -0.000948718     0.463672
IMAGINARY
          0 -0.00451511   0.0163487   0.0165539
 0.00451511           0 -0.00596861 -0.00961672
 -0.0163487  0.00596861           0  0.00267913
 -0.0165539  0.00961672 -0.00267913           0
Repeater1[0]<--->HoM1[0]
REAL
  0.540136  0.0109014   0.011334   0.443145
 0.0109014  0.0231293  0.0143889  0.0119536
  0.011334  0.0143889  0.0176871 0.00827671
  0.443145  0.0119536 0.00827671   0.419048
IMAGINARY
           0    -0.011203  0.000992813  -0.00265181
    0.011203            0   -0.0109958    0.0119606
-0.000992813    0.0109958            0   -0.0159991
  0.00265181   -0.0119606    0.0159991            0
EndNode1[0]<--->Repeater1[0]
REAL
   0.482984   0.0122573 -0.00242695    0.452185
  0.0122573   0.0274869  0.00106195  0.00632305
-0.00242695  0.00106195    0.026178 -0.00836123
   0.452185  0.00632305 -0.00836123    0.463351
IMAGINARY
           0   -0.0102595  0.000791937   -0.0199793
   0.0102595            0  -0.00103986    0.0196836
-0.000791937   0.00103986            0   -0.0168211
   0.0199793   -0.0196836    0.0168211            0
EndNode2[0]<--->HoM1[0]
REAL
     0.44621  -0.00223429  -0.00937344      0.44384
 -0.00223429    0.0256724   0.00539904  -0.00331691
 -0.00937344   0.00539904    0.0110024 -0.000303785
     0.44384  -0.00331691 -0.000303785     0.517115
IMAGINARY
           0    0.0112142   0.00215335   -0.0262072
  -0.0112142            0   -0.0193578  -0.00967729
 -0.00215335    0.0193578            0  0.000413699
   0.0262072   0.00967729 -0.000413699            0
Repeater1[0]<--->EndNode1[0]
REAL
   0.482984 -0.00242695   0.0122573    0.452185
-0.00242695    0.026178  0.00106195 -0.00836123
  0.0122573  0.00106195   0.0274869  0.00632305
   0.452185 -0.00836123  0.00632305    0.463351
IMAGINARY
           0  0.000791937   -0.0102595   -0.0199793
-0.000791937            0   0.00103986   -0.0168211
   0.0102595  -0.00103986            0    0.0196836
   0.0199793    0.0168211   -0.0196836            0
Repeater1[0]<--->HoM1[0]
REAL
     0.44621  -0.00937344  -0.00223429      0.44384
 -0.00937344    0.0110024   0.00539904 -0.000303785
 -0.00223429   0.00539904    0.0256724  -0.00331691
     0.44384 -0.000303785  -0.00331691     0.517115
IMAGINARY
           0   0.00215335    0.0112142   -0.0262072
 -0.00215335            0    0.0193578  0.000413699
  -0.0112142   -0.0193578            0  -0.00967729
   0.0262072 -0.000413699   0.00967729            0
EndNode1[0]<--->Repeater1[0]
REAL
   0.494163  0.00200678  0.00615151    0.451564
 0.00200678   0.0181582 -0.00517948  0.00881108
 0.00615151 -0.00517948   0.0220493  0.00921517
   0.451564  0.00881108  0.00921517    0.465629
IMAGINARY
          0   -0.018823    0.011476 -0.00935376
   0.018823           0  0.00549772   0.0165138
  -0.011476 -0.00549772           0 -0.00407773
 0.00935376  -0.0165138  0.00407773           0
EndNode2[0]<--->HoM1[0]
REAL
  0.468137 0.00626295  0.0144147   0.444524
0.00626295  0.0232843  0.0128164  0.0163256
 0.0144147  0.0128164  0.0220588 0.00691146
  0.444524  0.0163256 0.00691146    0.48652
IMAGINARY
          0 -0.00103806    0.010718  -0.0173691
 0.00103806           0   0.0328887  0.00269662
  -0.010718  -0.0328887           0  -0.0050595
  0.0173691 -0.00269662   0.0050595           0
Repeater1[0]<--->EndNode1[0]
REAL
   0.494163  0.00615151  0.00200678    0.451564
 0.00615151   0.0220493 -0.00517948  0.00921517
 0.00200678 -0.00517948   0.0181582  0.00881108
   0.451564  0.00921517  0.00881108    0.465629
IMAGINARY
          0    0.011476   -0.018823 -0.00935376
  -0.011476           0 -0.00549772 -0.00407773
   0.018823  0.00549772           0   0.0165138
 0.00935376  0.00407773  -0.0165138           0
Repeater1[0]<--->HoM1[0]
REAL
  0.468137  0.0144147 0.00626295   0.444524
 0.0144147  0.0220588  0.0128164 0.00691146
0.00626295  0.0128164  0.0232843  0.0163256
  0.444524 0.00691146  0.0163256    0.48652
IMAGINARY
          0    0.010718 -0.00103806  -0.0173691
  -0.010718           0  -0.0328887  -0.0050595
 0.00103806   0.0328887           0  0.00269662
  0.0173691   0.0050595 -0.00269662           0
EndNode1[0]<--->Repeater1[0]
REAL
    0.489254   0.00780437   0.00334813     0.447892
  0.00780437    0.0252845 -0.000589231    0.0160998
  0.00334813 -0.000589231    0.0290771   0.00913415
    0.447892    0.0160998   0.00913415     0.456384
IMAGINARY
           0 -0.000330251   -0.0119418   -0.0174154
 0.000330251            0  -0.00685642    0.0086393
   0.0119418   0.00685642            0 -0.000330251
   0.0174154   -0.0086393  0.000330251            0
EndNode2[0]<--->HoM1[0]
REAL
   0.465894   0.0178447 -0.00695266    0.455066
  0.0178447    0.023166  0.00493438  0.00320266
-0.00695266  0.00493438    0.016731  -0.0190947
   0.455066  0.00320266  -0.0190947    0.494208
IMAGINARY
           0    0.0182332  0.000480574    0.0157229
  -0.0182332            0   -0.0207354   -0.0136039
-0.000480574    0.0207354            0    0.0106382
  -0.0157229    0.0136039   -0.0106382            0
Repeater1[0]<--->EndNode1[0]
REAL
    0.489254   0.00334813   0.00780437     0.447892
  0.00334813    0.0290771 -0.000589231   0.00913415
  0.00780437 -0.000589231    0.0252845    0.0160998
    0.447892   0.00913415    0.0160998     0.456384
IMAGINARY
           0   -0.0119418 -0.000330251   -0.0174154
   0.0119418            0   0.00685642 -0.000330251
 0.000330251  -0.00685642            0    0.0086393
   0.0174154  0.000330251   -0.0086393            0
Repeater1[0]<--->HoM1[0]
REAL
   0.465894 -0.00695266   0.0178447    0.455066
-0.00695266    0.016731  0.00493438  -0.0190947
  0.0178447  0.00493438    0.023166  0.00320266
   0.455066  -0.0190947  0.00320266    0.494208
IMAGINARY
           0  0.000480574    0.0182332    0.0157229
-0.000480574            0    0.0207354    0.0106382
  -0.0182332   -0.0207354            0   -0.0136039
  -0.0157229   -0.0106382    0.0136039            0
EndNode1[0]<--->Repeater1[0]
REAL
   0.48125 -0.0100377 0.00971138   0.448114
-0.0100377    0.02375   0.011886 -0.0271307
0.00971138   0.011886    0.02125 0.00165061
  0.448114 -0.0271307 0.00165061    0.47375
IMAGINARY
          0   0.0203844  -0.0192136 -0.00122148
 -0.0203844           0 -0.00647083  -0.0113156
  0.0192136  0.00647083           0  0.00336048
 0.00122148   0.0113156 -0.00336048           0
EndNode2[0]<--->HoM1[0]
REAL
   0.453846 -0.00688375   -0.017086    0.447964
-0.00688375   0.0320513   0.0179023  0.00254747
  -0.017086   0.0179023   0.0217949 -0.00891903
   0.447964  0.00254747 -0.00891903    0.492308
IMAGINARY
          0   0.0080676 -0.00438545  -0.0151074
 -0.0080676           0  0.00758861  0.00131797
 0.00438545 -0.00758861           0 -0.00131913
  0.0151074 -0.00131797  0.00131913           0
Repeater1[0]<--->EndNode1[0]
REAL
   0.48125 0.00971138 -0.0100377   0.448114
0.00971138    0.02125   0.011886 0.00165061
-0.0100377   0.011886    0.02375 -0.0271307
  0.448114 0.00165061 -0.0271307    0.47375
IMAGINARY
          0  -0.0192136   0.0203844 -0.00122148
  0.0192136           0  0.00647083  0.00336048
 -0.0203844 -0.00647083           0  -0.0113156
 0.00122148 -0.00336048   0.0113156           0
Repeater1[0]<--->HoM1[0]
REAL
   0.453846   -0.017086 -0.00688375    0.447964
  -0.017086   0.0217949   0.0179023 -0.00891903
-0.00688375   0.0179023   0.0320513  0.00254747
   0.447964 -0.00891903  0.00254747    0.492308
IMAGINARY
          0 -0.00438545   0.0080676  -0.0151074
 0.00438545           0 -0.00758861 -0.00131913
 -0.0080676  0.00758861           0  0.00131797
  0.0151074  0.00131913 -0.00131797           0
EndNode1[0]<--->Repeater1[0]
REAL
   0.446292 -0.00861169   0.0184349    0.447941
-0.00861169   0.0217391  0.00244052  0.00828264
  0.0184349  0.00244052   0.0242967   0.0289679
   0.447941  0.00828264   0.0289679    0.507673
IMAGINARY
          0 -0.00522502  -0.0209209 -0.00629425
 0.00522502           0  0.00361328  0.00888038
  0.0209209 -0.00361328           0  0.00585873
 0.00629425 -0.00888038 -0.00585873           0
EndNode2[0]<--->HoM1[0]
REAL
     0.47995   0.00574624  -0.00189982     0.458772
  0.00574624     0.018797 -0.000810503    0.0127278
 -0.00189982 -0.000810503    0.0300752    0.0165468
    0.458772    0.0127278    0.0165468     0.471178
IMAGINARY
          0 -0.00164508  -0.0215233  -0.0131781
 0.00164508           0  0.00217568   0.0156562
  0.0215233 -0.00217568           0  0.00620832
  0.0131781  -0.0156562 -0.00620832           0
Repeater1[0]<--->EndNode1[0]
REAL
   0.446292   0.0184349 -0.00861169    0.447941
  0.0184349   0.0242967  0.00244052   0.0289679
-0.00861169  0.00244052   0.0217391  0.00828264
   0.447941   0.0289679  0.00828264    0.507673
IMAGINARY
          0  -0.0209209 -0.00522502 -0.00629425
  0.0209209           0 -0.00361328  0.00585873
 0.00522502  0.00361328           0  0.00888038
 0.00629425 -0.00585873 -0.00888038           0
Repeater1[0]<--->HoM1[0]
REAL
     0.47995  -0.00189982   0.00574624     0.458772
 -0.00189982    0.0300752 -0.000810503    0.0165468
  0.00574624 -0.000810503     0.018797    0.0127278
    0.458772    0.0165468    0.0127278     0.471178
IMAGINARY
          0  -0.0215233 -0.00164508  -0.0131781
  0.0215233           0 -0.00217568  0.00620832
 0.00164508  0.00217568           0   0.0156562
  0.0131781 -0.00620832  -0.0156562           0
EndNode1[0]<--->Repeater1[0]
REAL
   0.503759 -0.00278416 -0.00604388    0.443497
-0.00278416   0.0250627  0.00749669  0.00405713
-0.00604388  0.00749669   0.0275689  0.00741992
   0.443497  0.00405713  0.00741992    0.443609
IMAGINARY
          0  -0.0119618   -0.012566   0.0074142
  0.0119618           0   0.0106737  0.00189937
   0.012566  -0.0106737           0  0.00396178
 -0.0074142 -0.00189937 -0.00396178           0
EndNode2[0]<--->HoM1[0]
REAL
  0.496341   0.020169  0.0243425   0.446204
  0.020169  0.0231707  0.0111049  0.0073522
 0.0243425  0.0111049  0.0231707 0.00505735
  0.446204  0.0073522 0.00505735   0.457317
IMAGINARY
           0   0.00718634  0.000681652   -0.0025154
 -0.00718634            0    0.0107121  -0.00664192
-0.000681652   -0.0107121            0  -0.00519958
   0.0025154   0.00664192   0.00519958            0
Repeater1[0]<--->EndNode1[0]
REAL
   0.503759 -0.00604388 -0.00278416    0.443497
-0.00604388   0.0275689  0.00749669  0.00741992
-0.00278416  0.00749669   0.0250627  0.00405713
   0.443497  0.00741992  0.00405713    0.443609
IMAGINARY
          0   -0.012566  -0.0119618   0.0074142
   0.012566           0  -0.0106737  0.00396178
  0.0119618   0.0106737           0  0.00189937
 -0.0074142 -0.00396178 -0.00189937           0
Repeater1[0]<--->HoM1[0]
REAL
  0.496341  0.0243425   0.020169   0.446204
 0.0243425  0.0231707  0.0111049 0.00505735
  0.020169  0.0111049  0.0231707  0.0073522
  0.446204 0.00505735  0.0073522   0.457317
IMAGINARY
           0  0.000681652   0.00718634   -0.0025154
-0.000681652            0   -0.0107121  -0.00519958
 -0.00718634    0.0107121            0  -0.00664192
   0.0025154   0.00519958   0.00664192            0
EndNode1[0]<--->Repeater1[0]
REAL
   0.489717 -0.00391484 0.000137579    0.445344
-0.00391484    0.029563  0.00387463  -0.0105542
0.000137579  0.00387463   0.0205656 -0.00259558
   0.445344  -0.0105542 -0.00259558    0.460154
IMAGINARY
           0    0.0191269  -0.00688274  0.000927008
  -0.0191269            0   0.00360081    0.0199587
  0.00688274  -0.00360081            0   -0.0259762
-0.000927008   -0.0199587    0.0259762            0
EndNode2[0]<--->HoM1[0]
REAL
   0.479297  0.00963319 -0.00965926    0.444881
 0.00963319   0.0250941  0.00738065  -0.0066724
-0.00965926  0.00738065   0.0225847   -0.013402
   0.444881  -0.0066724   -0.013402    0.473024
IMAGINARY
           0 -0.000152125   0.00289582   0.00878163
 0.000152125            0  -0.00813312  -0.00162031
 -0.00289582   0.00813312            0    -0.012603
 -0.00878163   0.00162031     0.012603            0
Repeater1[0]<--->EndNode1[0]
REAL
   0.489717 0.000137579 -0.00391484    0.445344
0.000137579   0.0205656  0.00387463 -0.00259558
-0.00391484  0.00387463    0.029563  -0.0105542
   0.445344 -0.00259558  -0.0105542    0.460154
IMAGINARY
           0  -0.00688274    0.0191269  0.000927008
  0.00688274            0  -0.00360081   -0.0259762
  -0.0191269   0.00360081            0    0.0199587
-0.000927008    0.0259762   -0.0199587            0
Repeater1[0]<--->HoM1[0]
REAL
   0.479297 -0.00965926  0.00963319    0.444881
-0.00965926   0.0225847  0.00738065   -0.013402
 0.00963319  0.00738065   0.0250941  -0.0066724
   0.444881   -0.013402  -0.0066724    0.473024
IMAGINARY
           0   0.00289582 -0.000152125   0.00878163
 -0.00289582            0   0.00813312    -0.012603
 0.000152125  -0.00813312            0  -0.00162031
 -0.00878163     0.012603   0.00162031            0
EndNode1[0]<--->Repeater1[0]
REAL
   0.502513 -0.00465191 -0.00651129    0.449438
-0.00465191   0.0263819   0.0102397  0.00247903
-0.00651129   0.0102397   0.0150754   -0.010133
   0.449438  0.00247903   -0.010133     0.45603
IMAGINARY
           0   -0.0106353 -0.000663497   -0.0122588
   0.0106353            0  9.49068e-05  -0.00127699
 0.000663497 -9.49068e-05            0  0.000932833
   0.0122588   0.00127699 -0.000932833            0
EndNode2[0]<--->HoM1[0]
REAL
  0.477912  0.0191722  0.0113275   0.446215
 0.0191722  0.0321285 0.00436971  0.0374371
 0.0113275 0.00436971   0.021419    0.02179
  0.446215  0.0374371    0.02179   0.468541
IMAGINARY
         0 -0.0170774 -0.0110985 -0.0241593
 0.0170774          0 -0.0128528  0.0142591
 0.0110985  0.0128528          0  0.0139168
 0.0241593 -0.0142591 -0.0139168          0
Repeater1[0]<--->EndNode1[0]
REAL
   0.502513 -0.00651129 -0.00465191    0.449438
-0.00651129   0.0150754   0.0102397   -0.010133
-0.00465191   0.0102397   0.0263819  0.00247903
   0.449438   -0.010133  0.00247903     0.45603
IMAGINARY
           0 -0.000663497   -0.0106353   -0.0122588
 0.000663497            0 -9.49068e-05  0.000932833
   0.0106353  9.49068e-05            0  -0.00127699
   0.0122588 -0.000932833   0.00127699            0
Repeater1[0]<--->HoM1[0]
REAL
  0.477912  0.0113275  0.0191722   0.446215
 0.0113275   0.021419 0.00436971    0.02179
 0.0191722 0.00436971  0.0321285  0.0374371
  0.446215    0.02179  0.0374371   0.468541
IMAGINARY
         0 -0.0110985 -0.0170774 -0.0241593
 0.0110985          0  0.0128528  0.0139168
 0.0170774 -0.0128528          0  0.0142591
 0.0241593 -0.0139168 -0.0142591          0
EndNode1[0]<--->Repeater1[0]
REAL
   0.488402  0.00705967  0.00775558    0.438539
 0.00705967   0.0257732   0.0117714 -0.00961894
 0.00775558   0.0117714   0.0193299   0.0134372
   0.438539 -0.00961894   0.0134372    0.466495
IMAGINARY
          0  -0.0160936  0.00286961   0.0126056
  0.0160936           0   0.0199097 -0.00539486
-0.00286961  -0.0199097           0  0.00851782
 -0.0126056  0.00539486 -0.00851782           0
EndNode2[0]<--->HoM1[0]
REAL
     0.46735  -0.00395187 -0.000853766     0.440156
 -0.00395187    0.0230474   0.00289081   -0.0051065
-0.000853766   0.00289081    0.0153649 -0.000683894
    0.440156   -0.0051065 -0.000683894     0.494238
IMAGINARY
          0   0.0303584  -0.0221293  0.00750271
 -0.0303584           0  0.00812229  0.00770022
  0.0221293 -0.00812229           0 -0.00589162
-0.00750271 -0.00770022  0.00589162           0
Repeater1[0]<--->EndNode1[0]
REAL
   0.488402  0.00775558  0.00705967    0.438539
 0.00775558   0.0193299   0.0117714   0.0134372
 0.00705967   0.0117714   0.0257732 -0.00961894
   0.438539   0.0134372 -0.00961894    0.466495
IMAGINARY
          0  0.00286961  -0.0160936   0.0126056
-0.00286961           0  -0.0199097  0.00851782
  0.0160936   0.0199097           0 -0.00539486
 -0.0126056 -0.00851782  0.00539486           0
Repeater1[0]<--->HoM1[0]
REAL
     0.46735 -0.000853766  -0.00395187     0.440156
-0.000853766    0.0153649   0.00289081 -0.000683894
 -0.00395187   0.00289081    0.0230474   -0.0051065
    0.440156 -0.000683894   -0.0051065     0.494238
IMAGINARY
          0  -0.0221293   0.0303584  0.00750271
  0.0221293           0 -0.00812229 -0.00589162
 -0.0303584  0.00812229           0  0.00770022
-0.00750271  0.00589162 -0.00770022           0
EndNode1[0]<--->Repeater1[0]
REAL
    0.448953   0.00172035  -0.00801401     0.447332
  0.00172035    0.0143979    0.0174377 -0.000116073
 -0.00801401    0.0174377    0.0183246  -0.00714041
    0.447332 -0.000116073  -0.00714041     0.518325
IMAGINARY
          0   -0.005888 -0.00311791  -0.0121287
   0.005888           0  -0.0069068  0.00708617
 0.00311791   0.0069068           0    0.011179
  0.0121287 -0.00708617   -0.011179           0
EndNode2[0]<--->HoM1[0]
REAL
   0.508387  -0.0169046  -0.0177299    0.443752
 -0.0169046   0.0193548  0.00750174 -0.00873248
 -0.0177299  0.00750174   0.0206452  -0.0137361
   0.443752 -0.00873248  -0.0137361    0.451613
IMAGINARY
          0   0.0115522   0.0149409   0.0088891
 -0.0115522           0  0.00587342 -0.00869092
 -0.0149409 -0.00587342           0  -0.0090522
 -0.0088891  0.00869092   0.0090522           0
Repeater1[0]<--->EndNode1[0]
REAL
    0.448953  -0.00801401   0.00172035     0.447332
 -0.00801401    0.0183246    0.0174377  -0.00714041
  0.00172035    0.0174377    0.0143979 -0.000116073
    0.447332  -0.00714041 -0.000116073     0.518325
IMAGINARY
          0 -0.00311791   -0.005888  -0.0121287
 0.00311791           0   0.0069068    0.011179
   0.005888  -0.0069068           0  0.00708617
  0.0121287   -0.011179 -0.00708617           0
Repeater1[0]<--->HoM1[0]
REAL
   0.508387  -0.0177299  -0.0169046    0.443752
 -0.0177299   0.0206452  0.00750174  -0.0137361
 -0.0169046  0.00750174   0.0193548 -0.00873248
   0.443752  -0.0137361 -0.00873248    0.451613
IMAGINARY
          0   0.0149409   0.0115522   0.0088891
 -0.0149409           0 -0.00587342  -0.0090522
 -0.0115522  0.00587342           0 -0.00869092
 -0.0088891   0.0090522  0.00869092           0
EndNode1[0]<--->Repeater1[0]
REAL
  0.480793 0.00302277 -0.0084386   0.434826
0.00302277   0.016109  0.0145073  0.0257719
-0.0084386  0.0145073  0.0173482 0.00364389
  0.434826  0.0257719 0.00364389    0.48575
IMAGINARY
           0  0.000794209  -0.00916483   0.00162111
-0.000794209            0    0.0198979   0.00451676
  0.00916483   -0.0198979            0    0.0171341
 -0.00162111  -0.00451676   -0.0171341            0
EndNode2[0]<--->HoM1[0]
REAL
   0.468305  0.00950284 -0.00464316     0.44376
 0.00950284   0.0232859  0.00710277  -0.0132851
-0.00464316  0.00710277   0.0297542  -0.0287592
    0.44376  -0.0132851  -0.0287592    0.478655
IMAGINARY
           0   0.00317186  -0.00602875   -0.0243314
 -0.00317186            0  -0.00721219  0.000637916
  0.00602875   0.00721219            0    0.0062621
   0.0243314 -0.000637916   -0.0062621            0
Repeater1[0]<--->EndNode1[0]
REAL
  0.480793 -0.0084386 0.00302277   0.434826
-0.0084386  0.0173482  0.0145073 0.00364389
0.00302277  0.0145073   0.016109  0.0257719
  0.434826 0.00364389  0.0257719    0.48575
IMAGINARY
           0  -0.00916483  0.000794209   0.00162111
  0.00916483            0   -0.0198979    0.0171341
-0.000794209    0.0198979            0   0.00451676
 -0.00162111   -0.0171341  -0.00451676            0
Repeater1[0]<--->HoM1[0]
REAL
   0.468305 -0.00464316  0.00950284     0.44376
-0.00464316   0.0297542  0.00710277  -0.0287592
 0.00950284  0.00710277   0.0232859  -0.0132851
    0.44376  -0.0287592  -0.0132851    0.478655
IMAGINARY
           0  -0.00602875   0.00317186   -0.0243314
  0.00602875            0   0.00721219    0.0062621
 -0.00317186  -0.00721219            0  0.000637916
   0.0243314   -0.0062621 -0.000637916            0
EndNode1[0]<--->Repeater1[0]
REAL
   0.472919  -0.0195112 -0.00809432    0.444191
 -0.0195112   0.0237781  0.00669081  -0.0133163
-0.00809432  0.00669081   0.0303831  -0.0107155
   0.444191  -0.0133163  -0.0107155    0.472919
IMAGINARY
          0 -0.00586123    0.014536  -0.0214303
 0.00586123           0  0.00231809  0.00448574
  -0.014536 -0.00231809           0  -0.0131605
  0.0214303 -0.00448574   0.0131605           0
EndNode2[0]<--->HoM1[0]
REAL
  0.507692 0.00456772 -0.0195884   0.444548
0.00456772  0.0265734  0.0167918 0.00283583
-0.0195884  0.0167918  0.0237762 -0.0238976
  0.444548 0.00283583 -0.0238976   0.441958
IMAGINARY
           0  -0.00646538 -0.000944955   -0.0198907
  0.00646538            0    0.0276027    0.0079158
 0.000944955   -0.0276027            0  0.000761955
   0.0198907   -0.0079158 -0.000761955            0
Repeater1[0]<--->EndNode1[0]
REAL
   0.472919 -0.00809432  -0.0195112    0.444191
-0.00809432   0.0303831  0.00669081  -0.0107155
 -0.0195112  0.00669081   0.0237781  -0.0133163
   0.444191  -0.0107155  -0.0133163    0.472919
IMAGINARY
          0    0.014536 -0.00586123  -0.0214303
  -0.014536           0 -0.00231809  -0.0131605
 0.00586123  0.00231809           0  0.00448574
  0.0214303   0.0131605 -0.00448574           0
Repeater1[0]<--->HoM1[0]
REAL
  0.507692 -0.0195884 0.00456772   0.444548
-0.0195884  0.0237762  0.0167918 -0.0238976
0.00456772  0.0167918  0.0265734 0.00283583
  0.444548 -0.0238976 0.00283583   0.441958
IMAGINARY
           0 -0.000944955  -0.00646538   -0.0198907
 0.000944955            0   -0.0276027  0.000761955
  0.00646538    0.0276027            0    0.0079158
   0.0198907 -0.000761955   -0.0079158            0
EndNode1[0]<--->Repeater1[0]
REAL
   0.474093 -0.00734387  -0.0447391    0.450627
-0.00734387   0.0323834    0.013383   0.0138907
 -0.0447391    0.013383   0.0220207  -0.0312165
   0.450627   0.0138907  -0.0312165    0.471503
IMAGINARY
          0  -0.0118048  0.00599496  -0.0175515
  0.0118048           0   0.0082347   0.0110582
-0.00599496  -0.0082347           0  0.00293717
  0.0175515  -0.0110582 -0.00293717           0
EndNode2[0]<--->HoM1[0]
REAL
   0.464424  0.00599741   0.0222463    0.451791
 0.00599741   0.0129366   0.0054072 0.000451462
  0.0222463   0.0054072   0.0232859   0.0179974
   0.451791 0.000451462   0.0179974    0.499353
IMAGINARY
          0   0.0136813  0.00344291  0.00948803
 -0.0136813           0 -0.00643553 -0.00843044
-0.00344291  0.00643553           0  -0.0099407
-0.00948803  0.00843044   0.0099407           0
Repeater1[0]<--->EndNode1[0]
REAL
   0.474093  -0.0447391 -0.00734387    0.450627
 -0.0447391   0.0220207    0.013383  -0.0312165
-0.00734387    0.013383   0.0323834   0.0138907
   0.450627  -0.0312165   0.0138907    0.471503
IMAGINARY
          0  0.00599496  -0.0118048  -0.0175515
-0.00599496           0  -0.0082347  0.00293717
  0.0118048   0.0082347           0   0.0110582
  0.0175515 -0.00293717  -0.0110582           0
Repeater1[0]<--->HoM1[0]
REAL
   0.464424   0.0222463  0.00599741    0.451791
  0.0222463   0.0232859   0.0054072   0.0179974
 0.00599741   0.0054072   0.0129366 0.000451462
   0.451791   0.0179974 0.000451462    0.499353
IMAGINARY
          0  0.00344291   0.0136813  0.00948803
-0.00344291           0  0.00643553  -0.0099407
 -0.0136813 -0.00643553           0 -0.00843044
-0.00948803   0.0099407  0.00843044           0
EndNode1[0]<--->Repeater1[0]
REAL
   0.488095 -0.00128637 -0.00994063    0.450434
-0.00128637    0.015873  0.00780013 -0.00795913
-0.00994063  0.00780013    0.021164 -0.00587353
   0.450434 -0.00795913 -0.00587353    0.474868
IMAGINARY
          0   0.0114741  0.00560414  -0.0126919
 -0.0114741           0 -0.00403675 -0.00625603
-0.00560414  0.00403675           0 -0.00299955
  0.0126919  0.00625603  0.00299955           0
EndNode2[0]<--->HoM1[0]
REAL
