EndNode1[0]<--->Repeater1[0]
REAL
   0.420988  -0.0184353 -0.00259658    0.170436
 -0.0184353   0.0740741  0.00538129  0.00194298
-0.00259658  0.00538129   0.0814815  0.00732423
   0.170436  0.00194298  0.00732423    0.423457
IMAGINARY
           0  -0.00815696    -0.035425  -0.00965263
  0.00815696            0    0.0137849  0.000963115
    0.035425   -0.0137849            0  -0.00695792
  0.00965263 -0.000963115   0.00695792            0
EndNode2[0]<--->HoM1[0]
REAL
   0.421734 -0.00100308 5.02571e-05    0.175016
-0.00100308   0.0750323  -0.0166935   0.0155943
5.02571e-05  -0.0166935   0.0633894 -0.00963522
   0.175016   0.0155943 -0.00963522    0.439845
IMAGINARY
          0    0.014875  -0.0201061  -0.0057619
  -0.014875           0  0.00637092 -0.00320997
  0.0201061 -0.00637092           0   -0.007103
  0.0057619  0.00320997    0.007103           0
Repeater1[0]<--->EndNode1[0]
REAL
   0.420988 -0.00259658  -0.0184353    0.170436
-0.00259658   0.0814815  0.00538129  0.00732423
 -0.0184353  0.00538129   0.0740741  0.00194298
   0.170436  0.00732423  0.00194298    0.423457
IMAGINARY
           0    -0.035425  -0.00815696  -0.00965263
    0.035425            0   -0.0137849  -0.00695792
  0.00815696    0.0137849            0  0.000963115
  0.00965263   0.00695792 -0.000963115            0
Repeater1[0]<--->HoM1[0]
REAL
   0.421734 5.02571e-05 -0.00100308    0.175016
5.02571e-05   0.0633894  -0.0166935 -0.00963522
-0.00100308  -0.0166935   0.0750323   0.0155943
   0.175016 -0.00963522   0.0155943    0.439845
IMAGINARY
          0  -0.0201061    0.014875  -0.0057619
  0.0201061           0 -0.00637092   -0.007103
  -0.014875  0.00637092           0 -0.00320997
  0.0057619    0.007103  0.00320997           0
EndNode1[0]<--->Repeater1[0]
REAL
      0.4225   0.00202519   -0.0117377     0.194307
  0.00202519        0.075 -0.000456731   0.00772701
  -0.0117377 -0.000456731        0.065   -0.0153942
    0.194307   0.00772701   -0.0153942       0.4375
IMAGINARY
          0  0.00195103  -0.0111012 -0.00905267
-0.00195103           0   0.0146988   0.0296197
  0.0111012  -0.0146988           0  0.00124181
 0.00905267  -0.0296197 -0.00124181           0
EndNode2[0]<--->HoM1[0]
REAL
   0.443421 -0.00766807     0.01271    0.185175
-0.00766807   0.0710526   0.0056882   -0.018342
    0.01271   0.0056882   0.0710526 0.000784466
   0.185175   -0.018342 0.000784466    0.414474
IMAGINARY
          0   -0.018635 -0.00588086   0.0101195
   0.018635           0   0.0298045  0.00203471
 0.00588086  -0.0298045           0  -0.0236727
 -0.0101195 -0.00203471   0.0236727           0
Repeater1[0]<--->EndNode1[0]
REAL
      0.4225   -0.0117377   0.00202519     0.194307
  -0.0117377        0.065 -0.000456731   -0.0153942
  0.00202519 -0.000456731        0.075   0.00772701
    0.194307   -0.0153942   0.00772701       0.4375
IMAGINARY
          0  -0.0111012  0.00195103 -0.00905267
  0.0111012           0  -0.0146988  0.00124181
-0.00195103   0.0146988           0   0.0296197
 0.00905267 -0.00124181  -0.0296197           0
Repeater1[0]<--->HoM1[0]
REAL
   0.443421     0.01271 -0.00766807    0.185175
    0.01271   0.0710526   0.0056882 0.000784466
-0.00766807   0.0056882   0.0710526   -0.018342
   0.185175 0.000784466   -0.018342    0.414474
IMAGINARY
          0 -0.00588086   -0.018635   0.0101195
 0.00588086           0  -0.0298045  -0.0236727
   0.018635   0.0298045           0  0.00203471
 -0.0101195   0.0236727 -0.00203471           0
EndNode1[0]<--->Repeater1[0]
REAL
    0.454545    0.0186556 -0.000568404     0.170902
   0.0186556    0.0709838    0.0152478  -0.00642016
-0.000568404    0.0152478    0.0734745    -0.011667
    0.170902  -0.00642016    -0.011667     0.400996
IMAGINARY
          0 -0.00539191  0.00627392  0.00427879
 0.00539191           0  -0.0125171  -0.0145331
-0.00627392   0.0125171           0  0.00221529
-0.00427879   0.0145331 -0.00221529           0
EndNode2[0]<--->HoM1[0]
REAL
     0.4475   0.0200451  0.00392681    0.184868
  0.0200451        0.08  -0.0151316 2.05592e-05
 0.00392681  -0.0151316     0.06375   0.0194286
   0.184868 2.05592e-05   0.0194286     0.40875
IMAGINARY
          0  -0.0205768   0.0117284 -0.00673996
  0.0205768           0  -0.0149992   0.0104938
 -0.0117284   0.0149992           0 -0.00720099
 0.00673996  -0.0104938  0.00720099           0
Repeater1[0]<--->EndNode1[0]
REAL
    0.454545 -0.000568404    0.0186556     0.170902
-0.000568404    0.0734745    0.0152478    -0.011667
   0.0186556    0.0152478    0.0709838  -0.00642016
    0.170902    -0.011667  -0.00642016     0.400996
IMAGINARY
          0  0.00627392 -0.00539191  0.00427879
-0.00627392           0   0.0125171  0.00221529
 0.00539191  -0.0125171           0  -0.0145331
-0.00427879 -0.00221529   0.0145331           0
Repeater1[0]<--->HoM1[0]
REAL
     0.4475  0.00392681   0.0200451    0.184868
 0.00392681     0.06375  -0.0151316   0.0194286
  0.0200451  -0.0151316        0.08 2.05592e-05
   0.184868   0.0194286 2.05592e-05     0.40875
IMAGINARY
          0   0.0117284  -0.0205768 -0.00673996
 -0.0117284           0   0.0149992 -0.00720099
  0.0205768  -0.0149992           0   0.0104938
 0.00673996  0.00720099  -0.0104938           0
EndNode1[0]<--->Repeater1[0]
REAL
  0.425258 0.00826609   0.002268   0.181801
0.00826609  0.0721649  -0.020432 0.00628945
  0.002268  -0.020432  0.0773196  0.0186288
  0.181801 0.00628945  0.0186288   0.425258
IMAGINARY
          0 -0.00613785 -0.00714776   0.0190698
 0.00613785           0  0.00151453  0.00590707
 0.00714776 -0.00151453           0   -0.014954
 -0.0190698 -0.00590707    0.014954           0
EndNode2[0]<--->HoM1[0]
REAL
   0.426052 -0.00728771  -0.0119286    0.187656
-0.00728771   0.0773406   -0.026059 -0.00644912
 -0.0119286   -0.026059   0.0719132 -0.00728771
   0.187656 -0.00644912 -0.00728771    0.424695
IMAGINARY
          0  0.00103631  0.00949694   0.0245798
-0.00103631           0   0.0113054  0.00448441
-0.00949694  -0.0113054           0  0.00229259
 -0.0245798 -0.00448441 -0.00229259           0
Repeater1[0]<--->EndNode1[0]
REAL
  0.425258   0.002268 0.00826609   0.181801
  0.002268  0.0773196  -0.020432  0.0186288
0.00826609  -0.020432  0.0721649 0.00628945
  0.181801  0.0186288 0.00628945   0.425258
IMAGINARY
          0 -0.00714776 -0.00613785   0.0190698
 0.00714776           0 -0.00151453   -0.014954
 0.00613785  0.00151453           0  0.00590707
 -0.0190698    0.014954 -0.00590707           0
Repeater1[0]<--->HoM1[0]
REAL
   0.426052  -0.0119286 -0.00728771    0.187656
 -0.0119286   0.0719132   -0.026059 -0.00728771
-0.00728771   -0.026059   0.0773406 -0.00644912
   0.187656 -0.00728771 -0.00644912    0.424695
IMAGINARY
          0  0.00949694  0.00103631   0.0245798
-0.00949694           0  -0.0113054  0.00229259
-0.00103631   0.0113054           0  0.00448441
 -0.0245798 -0.00229259 -0.00448441           0
EndNode1[0]<--->Repeater1[0]
REAL
   0.433113 0.000245239  0.00655989    0.191421
0.000245239   0.0569536  0.00686612  -0.0151238
 0.00655989  0.00686612   0.0768212   0.0188588
   0.191421  -0.0151238   0.0188588    0.433113
IMAGINARY
         0  0.0135432  0.0234525  0.0191802
-0.0135432          0 -0.0101596  0.0118878
-0.0234525  0.0101596          0 -0.0213966
-0.0191802 -0.0118878  0.0213966          0
EndNode2[0]<--->HoM1[0]
REAL
   0.408797 -0.00701531   0.0163526    0.199709
-0.00701531   0.0737387 -0.00477254   -0.027745
  0.0163526 -0.00477254   0.0491591  0.00701531
   0.199709   -0.027745  0.00701531    0.468305
IMAGINARY
           0  -0.00757819   -0.0233334 -0.000427765
  0.00757819            0   -0.0090062    0.0275351
   0.0233334    0.0090062            0   0.00197595
 0.000427765   -0.0275351  -0.00197595            0
Repeater1[0]<--->EndNode1[0]
REAL
   0.433113  0.00655989 0.000245239    0.191421
 0.00655989   0.0768212  0.00686612   0.0188588
0.000245239  0.00686612   0.0569536  -0.0151238
   0.191421   0.0188588  -0.0151238    0.433113
IMAGINARY
         0  0.0234525  0.0135432  0.0191802
-0.0234525          0  0.0101596 -0.0213966
-0.0135432 -0.0101596          0  0.0118878
-0.0191802  0.0213966 -0.0118878          0
Repeater1[0]<--->HoM1[0]
REAL
   0.408797   0.0163526 -0.00701531    0.199709
  0.0163526   0.0491591 -0.00477254  0.00701531
-0.00701531 -0.00477254   0.0737387   -0.027745
   0.199709  0.00701531   -0.027745    0.468305
IMAGINARY
           0   -0.0233334  -0.00757819 -0.000427765
   0.0233334            0    0.0090062   0.00197595
  0.00757819   -0.0090062            0    0.0275351
 0.000427765  -0.00197595   -0.0275351            0
EndNode1[0]<--->Repeater1[0]
REAL
    0.42236  -0.0202203 -0.00525392    0.166982
 -0.0202203   0.0608696  0.00579325 -0.00652618
-0.00525392  0.00579325   0.0658385  -0.0098844
   0.166982 -0.00652618  -0.0098844    0.450932
IMAGINARY
          0  -0.0163416   0.0260296  -0.0161403
  0.0163416           0   0.0220227  0.00367965
 -0.0260296  -0.0220227           0  -0.0209529
  0.0161403 -0.00367965   0.0209529           0
EndNode2[0]<--->HoM1[0]
REAL
   0.442455 -0.00399132  -0.0227268    0.210353
-0.00399132     0.07289   0.0208725  0.00230524
 -0.0227268   0.0208725   0.0805627  -0.0137952
   0.210353  0.00230524  -0.0137952    0.404092
IMAGINARY
           0   0.00556013    0.0125129  -0.00707884
 -0.00556013            0 -0.000346898   0.00459735
  -0.0125129  0.000346898            0   -0.0112636
  0.00707884  -0.00459735    0.0112636            0
Repeater1[0]<--->EndNode1[0]
REAL
    0.42236 -0.00525392  -0.0202203    0.166982
-0.00525392   0.0658385  0.00579325  -0.0098844
 -0.0202203  0.00579325   0.0608696 -0.00652618
   0.166982  -0.0098844 -0.00652618    0.450932
IMAGINARY
          0   0.0260296  -0.0163416  -0.0161403
 -0.0260296           0  -0.0220227  -0.0209529
  0.0163416   0.0220227           0  0.00367965
  0.0161403   0.0209529 -0.00367965           0
Repeater1[0]<--->HoM1[0]
REAL
   0.442455  -0.0227268 -0.00399132    0.210353
 -0.0227268   0.0805627   0.0208725  -0.0137952
-0.00399132   0.0208725     0.07289  0.00230524
   0.210353  -0.0137952  0.00230524    0.404092
IMAGINARY
           0    0.0125129   0.00556013  -0.00707884
  -0.0125129            0  0.000346898   -0.0112636
 -0.00556013 -0.000346898            0   0.00459735
  0.00707884    0.0112636  -0.00459735            0
EndNode1[0]<--->Repeater1[0]
REAL
   0.452903 -0.00210735  0.00825282    0.194213
-0.00210735   0.0903226  0.00552211  0.00100644
 0.00825282  0.00552211        0.08  0.00739835
   0.194213  0.00100644  0.00739835    0.376774
IMAGINARY
          0  0.00839624  -0.0167337   0.0167532
-0.00839624           0   0.0180353  -0.0143972
  0.0167337  -0.0180353           0 -0.00140768
 -0.0167532   0.0143972  0.00140768           0
EndNode2[0]<--->HoM1[0]
REAL
   0.43257 0.00263108  0.0138643   0.168783
0.00263108  0.0737913  0.0160963  0.0185372
 0.0138643  0.0160963  0.0750636  0.0221466
  0.168783  0.0185372  0.0221466   0.418575
IMAGINARY
           0   -0.0134197   0.00538379   0.00373454
   0.0134197            0   -0.0119313    0.0188626
 -0.00538379    0.0119313            0  0.000968819
 -0.00373454   -0.0188626 -0.000968819            0
Repeater1[0]<--->EndNode1[0]
REAL
   0.452903  0.00825282 -0.00210735    0.194213
 0.00825282        0.08  0.00552211  0.00739835
-0.00210735  0.00552211   0.0903226  0.00100644
   0.194213  0.00739835  0.00100644    0.376774
IMAGINARY
          0  -0.0167337  0.00839624   0.0167532
  0.0167337           0  -0.0180353 -0.00140768
-0.00839624   0.0180353           0  -0.0143972
 -0.0167532  0.00140768   0.0143972           0
Repeater1[0]<--->HoM1[0]
REAL
   0.43257  0.0138643 0.00263108   0.168783
 0.0138643  0.0750636  0.0160963  0.0221466
0.00263108  0.0160963  0.0737913  0.0185372
  0.168783  0.0221466  0.0185372   0.418575
IMAGINARY
           0   0.00538379   -0.0134197   0.00373454
 -0.00538379            0    0.0119313  0.000968819
   0.0134197   -0.0119313            0    0.0188626
 -0.00373454 -0.000968819   -0.0188626            0
EndNode1[0]<--->Repeater1[0]
REAL
  0.414268  0.0306764  0.0215837   0.197682
 0.0306764  0.0638298 0.00231788  0.0203082
 0.0215837 0.00231788  0.0750939 0.00310743
  0.197682  0.0203082 0.00310743   0.446809
IMAGINARY
          0  0.00662864     0.01514  -0.0157067
-0.00662864           0   0.0144441  0.00936334
   -0.01514  -0.0144441           0   0.0112522
  0.0157067 -0.00936334  -0.0112522           0
EndNode2[0]<--->HoM1[0]
REAL
   0.410223   0.0102854  0.00868178    0.172979
  0.0102854   0.0760157 -0.00179683    0.028264
 0.00868178 -0.00179683   0.0799476   0.0081875
   0.172979    0.028264   0.0081875    0.433814
IMAGINARY
           0   -0.0157278     0.016305  0.000840389
   0.0157278            0    0.0137938   -0.0041411
   -0.016305   -0.0137938            0   -0.0118011
-0.000840389    0.0041411    0.0118011            0
Repeater1[0]<--->EndNode1[0]
REAL
  0.414268  0.0215837  0.0306764   0.197682
 0.0215837  0.0750939 0.00231788 0.00310743
 0.0306764 0.00231788  0.0638298  0.0203082
  0.197682 0.00310743  0.0203082   0.446809
IMAGINARY
          0     0.01514  0.00662864  -0.0157067
   -0.01514           0  -0.0144441   0.0112522
-0.00662864   0.0144441           0  0.00936334
  0.0157067  -0.0112522 -0.00936334           0
Repeater1[0]<--->HoM1[0]
REAL
   0.410223  0.00868178   0.0102854    0.172979
 0.00868178   0.0799476 -0.00179683   0.0081875
  0.0102854 -0.00179683   0.0760157    0.028264
   0.172979   0.0081875    0.028264    0.433814
IMAGINARY
           0     0.016305   -0.0157278  0.000840389
   -0.016305            0   -0.0137938   -0.0118011
   0.0157278    0.0137938            0   -0.0041411
-0.000840389    0.0118011    0.0041411            0
EndNode1[0]<--->Repeater1[0]
REAL
   0.415385  0.00804127   0.0237338    0.180459
 0.00804127   0.0538462 -0.00159235  0.00873377
  0.0237338 -0.00159235   0.0897436 -0.00154777
   0.180459  0.00873377 -0.00154777    0.441026
IMAGINARY
         0  0.0323053  0.0103896 -0.0164474
-0.0323053          0 -0.0164474 -0.0103896
-0.0103896  0.0164474          0 -0.0066643
 0.0164474  0.0103896  0.0066643          0
EndNode2[0]<--->HoM1[0]
REAL
   0.443871 -0.00054165  -0.0189054    0.193632
-0.00054165    0.076129   0.0126427  0.00755697
 -0.0189054   0.0126427   0.0645161 -0.00813659
   0.193632  0.00755697 -0.00813659    0.415484
IMAGINARY
          0 -0.00257476   0.0116943 -0.00091352
 0.00257476           0  0.00091352   0.0104411
 -0.0116943 -0.00091352           0  -0.0182586
 0.00091352  -0.0104411   0.0182586           0
Repeater1[0]<--->EndNode1[0]
REAL
   0.415385   0.0237338  0.00804127    0.180459
  0.0237338   0.0897436 -0.00159235 -0.00154777
 0.00804127 -0.00159235   0.0538462  0.00873377
   0.180459 -0.00154777  0.00873377    0.441026
IMAGINARY
         0  0.0103896  0.0323053 -0.0164474
-0.0103896          0  0.0164474 -0.0066643
-0.0323053 -0.0164474          0 -0.0103896
 0.0164474  0.0066643  0.0103896          0
Repeater1[0]<--->HoM1[0]
REAL
   0.443871  -0.0189054 -0.00054165    0.193632
 -0.0189054   0.0645161   0.0126427 -0.00813659
-0.00054165   0.0126427    0.076129  0.00755697
   0.193632 -0.00813659  0.00755697    0.415484
IMAGINARY
          0   0.0116943 -0.00257476 -0.00091352
 -0.0116943           0 -0.00091352  -0.0182586
 0.00257476  0.00091352           0   0.0104411
 0.00091352   0.0182586  -0.0104411           0
EndNode1[0]<--->Repeater1[0]
REAL
    0.460235  -0.00963012   0.00738916     0.171278
 -0.00963012    0.0612777   0.00332475  -0.00474366
  0.00738916   0.00332475    0.0599739 -0.000951886
    0.171278  -0.00474366 -0.000951886     0.418514
IMAGINARY
          0 -0.00539506  -0.0117195   0.0197555
 0.00539506           0   0.0117979 -0.00179398
  0.0117195  -0.0117979           0   0.0111866
 -0.0197555  0.00179398  -0.0111866           0
EndNode2[0]<--->HoM1[0]
REAL
   0.450704   0.0266414  -0.0104859    0.185021
  0.0266414   0.0640205    0.020861 -0.00323956
 -0.0104859    0.020861   0.0704225   0.0027704
   0.185021 -0.00323956   0.0027704    0.414853
IMAGINARY
           0 -0.000837561     0.010329   0.00127714
 0.000837561            0    0.0172414    0.0109742
   -0.010329   -0.0172414            0   -0.0104406
 -0.00127714   -0.0109742    0.0104406            0
Repeater1[0]<--->EndNode1[0]
REAL
    0.460235   0.00738916  -0.00963012     0.171278
  0.00738916    0.0599739   0.00332475 -0.000951886
 -0.00963012   0.00332475    0.0612777  -0.00474366
    0.171278 -0.000951886  -0.00474366     0.418514
IMAGINARY
          0  -0.0117195 -0.00539506   0.0197555
  0.0117195           0  -0.0117979   0.0111866
 0.00539506   0.0117979           0 -0.00179398
 -0.0197555  -0.0111866  0.00179398           0
Repeater1[0]<--->HoM1[0]
REAL
   0.450704  -0.0104859   0.0266414    0.185021
 -0.0104859   0.0704225    0.020861   0.0027704
  0.0266414    0.020861   0.0640205 -0.00323956
   0.185021   0.0027704 -0.00323956    0.414853
IMAGINARY
           0     0.010329 -0.000837561   0.00127714
   -0.010329            0   -0.0172414   -0.0104406
 0.000837561    0.0172414            0    0.0109742
 -0.00127714    0.0104406   -0.0109742            0
EndNode1[0]<--->Repeater1[0]
REAL
   0.412658   0.0136788   0.0117878    0.172572
  0.0136788   0.0708861 -0.00157059  0.00056588
  0.0117878 -0.00157059   0.0683544     0.01558
   0.172572  0.00056588     0.01558    0.448101
IMAGINARY
          0   0.0165097  0.00394742 -0.00290094
 -0.0165097           0  -0.0254009  0.00132962
-0.00394742   0.0254009           0 -0.00463631
 0.00290094 -0.00132962  0.00463631           0
EndNode2[0]<--->HoM1[0]
REAL
   0.429648    -0.00269  -0.0122632    0.167781
   -0.00269   0.0728643   0.0108823  -0.0198704
 -0.0122632   0.0108823   0.0703518 -0.00887812
   0.167781  -0.0198704 -0.00887812    0.427136
IMAGINARY
          0 -0.00930268  0.00592621   0.0198964
 0.00930268           0 -0.00641935  -0.0138627
-0.00592621  0.00641935           0  0.00869218
 -0.0198964   0.0138627 -0.00869218           0
Repeater1[0]<--->EndNode1[0]
REAL
   0.412658   0.0117878   0.0136788    0.172572
  0.0117878   0.0683544 -0.00157059     0.01558
  0.0136788 -0.00157059   0.0708861  0.00056588
   0.172572     0.01558  0.00056588    0.448101
IMAGINARY
          0  0.00394742   0.0165097 -0.00290094
-0.00394742           0   0.0254009 -0.00463631
 -0.0165097  -0.0254009           0  0.00132962
 0.00290094  0.00463631 -0.00132962           0
Repeater1[0]<--->HoM1[0]
REAL
   0.429648  -0.0122632    -0.00269    0.167781
 -0.0122632   0.0703518   0.0108823 -0.00887812
   -0.00269   0.0108823   0.0728643  -0.0198704
   0.167781 -0.00887812  -0.0198704    0.427136
IMAGINARY
          0  0.00592621 -0.00930268   0.0198964
-0.00592621           0  0.00641935  0.00869218
 0.00930268 -0.00641935           0  -0.0138627
 -0.0198964 -0.00869218   0.0138627           0
EndNode1[0]<--->Repeater1[0]
REAL
   0.439083 -0.00253949 -0.00723746    0.181257
-0.00253949   0.0675513   0.0220256 -0.00791405
-0.00723746   0.0220256   0.0747889 -0.00629889
   0.181257 -0.00791405 -0.00629889    0.418577
IMAGINARY
          0 -0.00493025   0.0175671    0.008366
 0.00493025           0 -0.00525268   0.0127922
 -0.0175671  0.00525268           0  -0.0117984
  -0.008366  -0.0127922   0.0117984           0
EndNode2[0]<--->HoM1[0]
REAL
    0.43807 -0.00573755  -0.0060889    0.194931
-0.00573755   0.0664928   0.0026235   0.0131674
 -0.0060889   0.0026235   0.0664928 -0.00391495
   0.194931   0.0131674 -0.00391495    0.428944
IMAGINARY
          0 -0.00162375  0.00445391  -0.0071152
 0.00162375           0  -0.0014262 -0.00843269
-0.00445391   0.0014262           0   0.0109076
  0.0071152  0.00843269  -0.0109076           0
Repeater1[0]<--->EndNode1[0]
REAL
   0.439083 -0.00723746 -0.00253949    0.181257
-0.00723746   0.0747889   0.0220256 -0.00629889
-0.00253949   0.0220256   0.0675513 -0.00791405
   0.181257 -0.00629889 -0.00791405    0.418577
IMAGINARY
          0   0.0175671 -0.00493025    0.008366
 -0.0175671           0  0.00525268  -0.0117984
 0.00493025 -0.00525268           0   0.0127922
  -0.008366   0.0117984  -0.0127922           0
Repeater1[0]<--->HoM1[0]
REAL
    0.43807  -0.0060889 -0.00573755    0.194931
 -0.0060889   0.0664928   0.0026235 -0.00391495
-0.00573755   0.0026235   0.0664928   0.0131674
   0.194931 -0.00391495   0.0131674    0.428944
IMAGINARY
          0  0.00445391 -0.00162375  -0.0071152
-0.00445391           0   0.0014262   0.0109076
 0.00162375  -0.0014262           0 -0.00843269
  0.0071152  -0.0109076  0.00843269           0
EndNode1[0]<--->Repeater1[0]
REAL
  0.429963 0.00917542 -0.0142313   0.167414
0.00917542  0.0718636 -0.0237213 0.00447838
-0.0142313 -0.0237213  0.0950061   0.012281
  0.167414 0.00447838   0.012281   0.403167
IMAGINARY
          0 -0.00529443    0.007491  -0.0183141
 0.00529443           0 -0.00376383  -0.0144162
  -0.007491  0.00376383           0   0.0108346
  0.0183141   0.0144162  -0.0108346           0
EndNode2[0]<--->HoM1[0]
REAL
   0.471483   0.0033377 -0.00107773    0.177538
  0.0033377   0.0608365  0.00832634  0.00369554
-0.00107773  0.00832634   0.0671736  -0.0216623
   0.177538  0.00369554  -0.0216623    0.400507
IMAGINARY
          0  0.00132459  -0.0129303 -0.00948534
-0.00132459           0    0.013496   0.0103858
  0.0129303   -0.013496           0 -0.00895818
 0.00948534  -0.0103858  0.00895818           0
Repeater1[0]<--->EndNode1[0]
REAL
  0.429963 -0.0142313 0.00917542   0.167414
-0.0142313  0.0950061 -0.0237213   0.012281
0.00917542 -0.0237213  0.0718636 0.00447838
  0.167414   0.012281 0.00447838   0.403167
IMAGINARY
          0    0.007491 -0.00529443  -0.0183141
  -0.007491           0  0.00376383   0.0108346
 0.00529443 -0.00376383           0  -0.0144162
  0.0183141  -0.0108346   0.0144162           0
Repeater1[0]<--->HoM1[0]
REAL
   0.471483 -0.00107773   0.0033377    0.177538
-0.00107773   0.0671736  0.00832634  -0.0216623
  0.0033377  0.00832634   0.0608365  0.00369554
   0.177538  -0.0216623  0.00369554    0.400507
IMAGINARY
          0  -0.0129303  0.00132459 -0.00948534
  0.0129303           0   -0.013496 -0.00895818
-0.00132459    0.013496           0   0.0103858
 0.00948534  0.00895818  -0.0103858           0
EndNode1[0]<--->Repeater1[0]
REAL
   0.419185  -0.0069434 0.000908284    0.193069
 -0.0069434   0.0696452 0.000361162  0.00152481
0.000908284 0.000361162   0.0827858  0.00207722
   0.193069  0.00152481  0.00207722    0.428384
IMAGINARY
          0  -0.0153859  -0.0255481  0.00940684
  0.0153859           0 -0.00012302  0.00731898
  0.0255481  0.00012302           0   0.0205942
-0.00940684 -0.00731898  -0.0205942           0
EndNode2[0]<--->HoM1[0]
REAL
   0.438992 -0.00861865  0.00726668    0.196924
-0.00861865   0.0702918 -0.00553361   0.0053161
 0.00726668 -0.00553361    0.071618 -0.00926215
   0.196924   0.0053161 -0.00926215    0.419098
IMAGINARY
          0  0.00885171  0.00695875   0.0107919
-0.00885171           0 -0.00950327   0.0221486
-0.00695875  0.00950327           0 -0.00691122
 -0.0107919  -0.0221486  0.00691122           0
Repeater1[0]<--->EndNode1[0]
REAL
   0.419185 0.000908284  -0.0069434    0.193069
0.000908284   0.0827858 0.000361162  0.00207722
 -0.0069434 0.000361162   0.0696452  0.00152481
   0.193069  0.00207722  0.00152481    0.428384
IMAGINARY
          0  -0.0255481  -0.0153859  0.00940684
  0.0255481           0  0.00012302   0.0205942
  0.0153859 -0.00012302           0  0.00731898
-0.00940684  -0.0205942 -0.00731898           0
Repeater1[0]<--->HoM1[0]
REAL
   0.438992  0.00726668 -0.00861865    0.196924
 0.00726668    0.071618 -0.00553361 -0.00926215
-0.00861865 -0.00553361   0.0702918   0.0053161
   0.196924 -0.00926215   0.0053161    0.419098
IMAGINARY
          0  0.00695875  0.00885171   0.0107919
-0.00695875           0  0.00950327 -0.00691122
-0.00885171 -0.00950327           0   0.0221486
 -0.0107919  0.00691122  -0.0221486           0
EndNode1[0]<--->Repeater1[0]
REAL
   0.448107  0.00395142   0.0125943    0.201496
 0.00395142   0.0659341   0.0182496   -0.015779
  0.0125943   0.0182496   0.0683761 -0.00204059
   0.201496   -0.015779 -0.00204059    0.417582
IMAGINARY
          0   0.0170316   0.0154055 -0.00288938
 -0.0170316           0 -0.00162675  -0.0101699
 -0.0154055  0.00162675           0 -0.00394264
 0.00288938   0.0101699  0.00394264           0
EndNode2[0]<--->HoM1[0]
REAL
    0.431058 -4.35248e-05  -0.00381679     0.192821
-4.35248e-05     0.104418  -0.00834296  -0.00381679
 -0.00381679  -0.00834296    0.0629183   0.00258805
    0.192821  -0.00381679   0.00258805     0.401606
IMAGINARY
           0   -0.0260061   0.00102444    0.0300333
   0.0260061            0   -0.0011388  -0.00296493
 -0.00102444    0.0011388            0  0.000779662
  -0.0300333   0.00296493 -0.000779662            0
Repeater1[0]<--->EndNode1[0]
REAL
   0.448107   0.0125943  0.00395142    0.201496
  0.0125943   0.0683761   0.0182496 -0.00204059
 0.00395142   0.0182496   0.0659341   -0.015779
   0.201496 -0.00204059   -0.015779    0.417582
IMAGINARY
          0   0.0154055   0.0170316 -0.00288938
 -0.0154055           0  0.00162675 -0.00394264
 -0.0170316 -0.00162675           0  -0.0101699
 0.00288938  0.00394264   0.0101699           0
Repeater1[0]<--->HoM1[0]
REAL
    0.431058  -0.00381679 -4.35248e-05     0.192821
 -0.00381679    0.0629183  -0.00834296   0.00258805
-4.35248e-05  -0.00834296     0.104418  -0.00381679
    0.192821   0.00258805  -0.00381679     0.401606
IMAGINARY
           0   0.00102444   -0.0260061    0.0300333
 -0.00102444            0    0.0011388  0.000779662
   0.0260061   -0.0011388            0  -0.00296493
  -0.0300333 -0.000779662   0.00296493            0
EndNode1[0]<--->Repeater1[0]
REAL
  0.441645 0.00532728 0.00151411   0.156384
0.00532728  0.0755968  0.0174195  0.0198965
0.00151411  0.0174195  0.0689655 0.00222939
  0.156384  0.0198965 0.00222939   0.413793
IMAGINARY
          0  0.00574722  0.00546939  -0.0151403
-0.00574722           0  -0.0452155  -0.0150062
-0.00546939   0.0452155           0  0.00242717
  0.0151403   0.0150062 -0.00242717           0
EndNode2[0]<--->HoM1[0]
REAL
   0.412739 -0.00123574  0.00945111    0.187259
-0.00123574   0.0700637  0.00808675 -0.00733546
 0.00945111  0.00808675   0.0636943   0.0202766
   0.187259 -0.00733546   0.0202766    0.453503
IMAGINARY
          0   0.0158058  0.00383393   0.0116279
 -0.0158058           0  -0.0116279  -0.0212983
-0.00383393   0.0116279           0   0.0145952
 -0.0116279   0.0212983  -0.0145952           0
Repeater1[0]<--->EndNode1[0]
REAL
  0.441645 0.00151411 0.00532728   0.156384
0.00151411  0.0689655  0.0174195 0.00222939
0.00532728  0.0174195  0.0755968  0.0198965
  0.156384 0.00222939  0.0198965   0.413793
IMAGINARY
          0  0.00546939  0.00574722  -0.0151403
-0.00546939           0   0.0452155  0.00242717
-0.00574722  -0.0452155           0  -0.0150062
  0.0151403 -0.00242717   0.0150062           0
Repeater1[0]<--->HoM1[0]
REAL
   0.412739  0.00945111 -0.00123574    0.187259
 0.00945111   0.0636943  0.00808675   0.0202766
-0.00123574  0.00808675   0.0700637 -0.00733546
   0.187259   0.0202766 -0.00733546    0.453503
IMAGINARY
          0  0.00383393   0.0158058   0.0116279
-0.00383393           0   0.0116279   0.0145952
 -0.0158058  -0.0116279           0  -0.0212983
 -0.0116279  -0.0145952   0.0212983           0
EndNode1[0]<--->Repeater1[0]
REAL
    0.438875   0.00966694    -0.005574     0.181182
  0.00966694    0.0599022  -0.00608671   0.00620611
   -0.005574  -0.00608671    0.0696822 -0.000185274
    0.181182   0.00620611 -0.000185274      0.43154
IMAGINARY
          0  -0.0399013 -0.00276499 -0.00584918
  0.0399013           0 -0.00253792   0.0392298
 0.00276499  0.00253792           0 -0.00768837
 0.00584918  -0.0392298  0.00768837           0
EndNode2[0]<--->HoM1[0]
REAL
   0.428931 -0.00636132  0.00177875    0.189241
-0.00636132   0.0654088 -0.00985139  0.00585484
 0.00177875 -0.00985139   0.0779874 -0.00636132
   0.189241  0.00585484 -0.00636132    0.427673
IMAGINARY
          0  -0.0107004  0.00495732   0.0274382
  0.0107004           0 -0.00818187 -0.00690285
-0.00495732  0.00818187           0  -0.0107004
 -0.0274382  0.00690285   0.0107004           0
Repeater1[0]<--->EndNode1[0]
REAL
    0.438875    -0.005574   0.00966694     0.181182
   -0.005574    0.0696822  -0.00608671 -0.000185274
  0.00966694  -0.00608671    0.0599022   0.00620611
    0.181182 -0.000185274   0.00620611      0.43154
IMAGINARY
          0 -0.00276499  -0.0399013 -0.00584918
 0.00276499           0  0.00253792 -0.00768837
  0.0399013 -0.00253792           0   0.0392298
 0.00584918  0.00768837  -0.0392298           0
Repeater1[0]<--->HoM1[0]
REAL
   0.428931  0.00177875 -0.00636132    0.189241
 0.00177875   0.0779874 -0.00985139 -0.00636132
-0.00636132 -0.00985139   0.0654088  0.00585484
   0.189241 -0.00636132  0.00585484    0.427673
IMAGINARY
          0  0.00495732  -0.0107004   0.0274382
-0.00495732           0  0.00818187  -0.0107004
  0.0107004 -0.00818187           0 -0.00690285
 -0.0274382   0.0107004  0.00690285           0
EndNode1[0]<--->Repeater1[0]
REAL
   0.473752   0.0143548  -0.0317679    0.183727
  0.0143548   0.0691421  0.00227545   0.0311374
 -0.0317679  0.00227545   0.0755442 -0.00615805
   0.183727   0.0311374 -0.00615805    0.381562
IMAGINARY
          0 -0.00336022   0.0259791  -0.0144178
 0.00336022           0 -0.00282359  -0.0152264
 -0.0259791  0.00282359           0 -0.00336022
  0.0144178   0.0152264  0.00336022           0
EndNode2[0]<--->HoM1[0]
REAL
   0.425641 -0.00661564  0.00663517    0.201497
-0.00661564   0.0769231   0.0124105  0.00727211
 0.00663517   0.0124105   0.0730769 -0.00596714
   0.201497  0.00727211 -0.00596714    0.424359
IMAGINARY
          0  0.00822188  0.00472068 -0.00418714
-0.00822188           0   0.0203162  -0.0136039
-0.00472068  -0.0203162           0 -0.00568381
 0.00418714   0.0136039  0.00568381           0
Repeater1[0]<--->EndNode1[0]
REAL
   0.473752  -0.0317679   0.0143548    0.183727
 -0.0317679   0.0755442  0.00227545 -0.00615805
  0.0143548  0.00227545   0.0691421   0.0311374
   0.183727 -0.00615805   0.0311374    0.381562
IMAGINARY
          0   0.0259791 -0.00336022  -0.0144178
 -0.0259791           0  0.00282359 -0.00336022
 0.00336022 -0.00282359           0  -0.0152264
  0.0144178  0.00336022   0.0152264           0
Repeater1[0]<--->HoM1[0]
REAL
   0.425641  0.00663517 -0.00661564    0.201497
 0.00663517   0.0730769   0.0124105 -0.00596714
-0.00661564   0.0124105   0.0769231  0.00727211
   0.201497 -0.00596714  0.00727211    0.424359
IMAGINARY
          0  0.00472068  0.00822188 -0.00418714
-0.00472068           0  -0.0203162 -0.00568381
-0.00822188   0.0203162           0  -0.0136039
 0.00418714  0.00568381   0.0136039           0
EndNode1[0]<--->Repeater1[0]
REAL
   0.426814   0.0278152  -0.0135406    0.165268
  0.0278152   0.0713407 -0.00555489    0.011585
 -0.0135406 -0.00555489   0.0688807  -0.0336822
   0.165268    0.011585  -0.0336822    0.432964
IMAGINARY
          0 -0.00327998   0.0191661    0.021814
 0.00327998           0    0.010186   0.0132528
 -0.0191661   -0.010186           0  -0.0216577
  -0.021814  -0.0132528   0.0216577           0
EndNode2[0]<--->HoM1[0]
REAL
  0.459816 -0.0198222 0.00154255   0.191243
-0.0198222  0.0671937 -0.0175197 0.00406144
0.00154255 -0.0175197  0.0750988 0.00799154
  0.191243 0.00406144 0.00799154   0.397892
IMAGINARY
          0   0.0122164  0.00964813   0.0255972
 -0.0122164           0  0.00826732   0.0122591
-0.00964813 -0.00826732           0  -0.0135051
 -0.0255972  -0.0122591   0.0135051           0
Repeater1[0]<--->EndNode1[0]
REAL
   0.426814  -0.0135406   0.0278152    0.165268
 -0.0135406   0.0688807 -0.00555489  -0.0336822
  0.0278152 -0.00555489   0.0713407    0.011585
   0.165268  -0.0336822    0.011585    0.432964
IMAGINARY
          0   0.0191661 -0.00327998    0.021814
 -0.0191661           0   -0.010186  -0.0216577
 0.00327998    0.010186           0   0.0132528
  -0.021814   0.0216577  -0.0132528           0
Repeater1[0]<--->HoM1[0]
REAL
  0.459816 0.00154255 -0.0198222   0.191243
0.00154255  0.0750988 -0.0175197 0.00799154
-0.0198222 -0.0175197  0.0671937 0.00406144
  0.191243 0.00799154 0.00406144   0.397892
IMAGINARY
          0  0.00964813   0.0122164   0.0255972
-0.00964813           0 -0.00826732  -0.0135051
 -0.0122164  0.00826732           0   0.0122591
 -0.0255972   0.0135051  -0.0122591           0
EndNode1[0]<--->Repeater1[0]
REAL
    0.437037   -0.0198836 -0.000428183     0.180323
  -0.0198836    0.0703704  -0.00160792    0.0265326
-0.000428183  -0.00160792    0.0691358  0.000472628
    0.180323    0.0265326  0.000472628     0.423457
IMAGINARY
          0 -0.00823773 -0.00180734   0.0124086
 0.00823773           0  0.00483281 -0.00933128
 0.00180734 -0.00483281           0  -0.0214652
 -0.0124086  0.00933128   0.0214652           0
EndNode2[0]<--->HoM1[0]
REAL
   0.453202  -0.0211783  0.00949894    0.171068
 -0.0211783   0.0615764  -0.0198183 -0.00324894
 0.00949894  -0.0198183   0.0665025   0.0111783
   0.171068 -0.00324894   0.0111783    0.418719
IMAGINARY
          0 -0.00743699  0.00700403 -0.00359261
 0.00743699           0  -0.0128764  -0.0180878
-0.00700403   0.0128764           0  0.00990004
 0.00359261   0.0180878 -0.00990004           0
Repeater1[0]<--->EndNode1[0]
REAL
    0.437037 -0.000428183   -0.0198836     0.180323
-0.000428183    0.0691358  -0.00160792  0.000472628
  -0.0198836  -0.00160792    0.0703704    0.0265326
    0.180323  0.000472628    0.0265326     0.423457
IMAGINARY
          0 -0.00180734 -0.00823773   0.0124086
 0.00180734           0 -0.00483281  -0.0214652
 0.00823773  0.00483281           0 -0.00933128
 -0.0124086   0.0214652  0.00933128           0
Repeater1[0]<--->HoM1[0]
REAL
   0.453202  0.00949894  -0.0211783    0.171068
 0.00949894   0.0665025  -0.0198183   0.0111783
 -0.0211783  -0.0198183   0.0615764 -0.00324894
   0.171068   0.0111783 -0.00324894    0.418719
IMAGINARY
          0  0.00700403 -0.00743699 -0.00359261
-0.00700403           0   0.0128764  0.00990004
 0.00743699  -0.0128764           0  -0.0180878
 0.00359261 -0.00990004   0.0180878           0
EndNode1[0]<--->Repeater1[0]
REAL
   0.435162   -0.013522 -0.00412435    0.196397
  -0.013522   0.0610973  0.00309799 -0.00345141
-0.00412435  0.00309799   0.0735661    0.013522
   0.196397 -0.00345141    0.013522    0.430175
IMAGINARY
          0 -0.00888609  -0.0104881  -0.0112889
 0.00888609           0 -0.00756679  0.00662214
  0.0104881  0.00756679           0  0.00759743
  0.0112889 -0.00662214 -0.00759743           0
EndNode2[0]<--->HoM1[0]
REAL
   0.401062   0.0131004    0.034688    0.187118
  0.0131004   0.0584329  -0.0148287 -0.00336272
   0.034688  -0.0148287   0.0756972   0.0326827
   0.187118 -0.00336272   0.0326827    0.464807
IMAGINARY
         0  0.0146861 -0.0159183 -0.0115705
-0.0146861          0  0.0102228 -0.0120622
 0.0159183 -0.0102228          0  0.0047786
 0.0115705  0.0120622 -0.0047786          0
Repeater1[0]<--->EndNode1[0]
REAL
   0.435162 -0.00412435   -0.013522    0.196397
-0.00412435   0.0735661  0.00309799    0.013522
  -0.013522  0.00309799   0.0610973 -0.00345141
   0.196397    0.013522 -0.00345141    0.430175
IMAGINARY
          0  -0.0104881 -0.00888609  -0.0112889
  0.0104881           0  0.00756679  0.00759743
 0.00888609 -0.00756679           0  0.00662214
  0.0112889 -0.00759743 -0.00662214           0
Repeater1[0]<--->HoM1[0]
REAL
   0.401062    0.034688   0.0131004    0.187118
   0.034688   0.0756972  -0.0148287   0.0326827
  0.0131004  -0.0148287   0.0584329 -0.00336272
   0.187118   0.0326827 -0.00336272    0.464807
IMAGINARY
         0 -0.0159183  0.0146861 -0.0115705
 0.0159183          0 -0.0102228  0.0047786
-0.0146861  0.0102228          0 -0.0120622
 0.0115705 -0.0047786  0.0120622          0
EndNode1[0]<--->Repeater1[0]
REAL
   0.414634  0.00356444  0.00190173    0.180927
 0.00356444   0.0795892  0.00907263  0.00381256
 0.00190173  0.00907263   0.0808729 -0.00499301
   0.180927  0.00381256 -0.00499301    0.424904
IMAGINARY
           0   -0.0113618  -0.00291829  -0.00275439
   0.0113618            0 -0.000886391  -0.00291829
  0.00291829  0.000886391            0    -0.010039
  0.00275439   0.00291829     0.010039            0
EndNode2[0]<--->HoM1[0]
REAL
   0.428385 -0.00484253  0.00110914    0.189426
-0.00484253      0.0625  0.00129517  -0.0088411
 0.00110914  0.00129517   0.0820312 -0.00546675
   0.189426  -0.0088411 -0.00546675    0.427083
IMAGINARY
          0 -0.00397557  0.00503147  0.00830525
 0.00397557           0 -0.00203958 -0.00250622
-0.00503147  0.00203958           0  -0.0174891
-0.00830525  0.00250622   0.0174891           0
Repeater1[0]<--->EndNode1[0]
REAL
   0.414634  0.00190173  0.00356444    0.180927
 0.00190173   0.0808729  0.00907263 -0.00499301
 0.00356444  0.00907263   0.0795892  0.00381256
   0.180927 -0.00499301  0.00381256    0.424904
IMAGINARY
           0  -0.00291829   -0.0113618  -0.00275439
  0.00291829            0  0.000886391    -0.010039
   0.0113618 -0.000886391            0  -0.00291829
  0.00275439     0.010039   0.00291829            0
Repeater1[0]<--->HoM1[0]
REAL
   0.428385  0.00110914 -0.00484253    0.189426
 0.00110914   0.0820312  0.00129517 -0.00546675
-0.00484253  0.00129517      0.0625  -0.0088411
   0.189426 -0.00546675  -0.0088411    0.427083
IMAGINARY
          0  0.00503147 -0.00397557  0.00830525
-0.00503147           0  0.00203958  -0.0174891
 0.00397557 -0.00203958           0 -0.00250622
-0.00830525   0.0174891  0.00250622           0
EndNode1[0]<--->Repeater1[0]
REAL
  0.435967  0.0339617  0.0137948    0.19935
 0.0339617  0.0708447 0.00887331 -0.0190999
 0.0137948 0.00887331  0.0735695 0.00317355
   0.19935 -0.0190999 0.00317355   0.419619
IMAGINARY
           0  -0.00541741 -0.000259755   0.00449769
  0.00541741            0    0.0327028  -0.00224651
 0.000259755   -0.0327028            0    0.0166956
 -0.00449769   0.00224651   -0.0166956            0
EndNode2[0]<--->HoM1[0]
REAL
    0.429463 -0.000341697    0.0250211      0.17704
-0.000341697    0.0674157   0.00426501 -0.000554349
   0.0250211   0.00426501    0.0636704  -0.00530448
     0.17704 -0.000554349  -0.00530448     0.439451
IMAGINARY
           0   -0.0135917   0.00910029   0.00272079
   0.0135917            0 -9.61147e-05   0.00660652
 -0.00910029  9.61147e-05            0   0.00573825
 -0.00272079  -0.00660652  -0.00573825            0
Repeater1[0]<--->EndNode1[0]
REAL
  0.435967  0.0137948  0.0339617    0.19935
 0.0137948  0.0735695 0.00887331 0.00317355
 0.0339617 0.00887331  0.0708447 -0.0190999
   0.19935 0.00317355 -0.0190999   0.419619
IMAGINARY
           0 -0.000259755  -0.00541741   0.00449769
 0.000259755            0   -0.0327028    0.0166956
  0.00541741    0.0327028            0  -0.00224651
 -0.00449769   -0.0166956   0.00224651            0
Repeater1[0]<--->HoM1[0]
REAL
    0.429463    0.0250211 -0.000341697      0.17704
   0.0250211    0.0636704   0.00426501  -0.00530448
-0.000341697   0.00426501    0.0674157 -0.000554349
     0.17704  -0.00530448 -0.000554349     0.439451
IMAGINARY
           0   0.00910029   -0.0135917   0.00272079
 -0.00910029            0  9.61147e-05   0.00573825
   0.0135917 -9.61147e-05            0   0.00660652
 -0.00272079  -0.00573825  -0.00660652            0
EndNode1[0]<--->Repeater1[0]
REAL
   0.431701 -0.00815767  -0.0140402    0.192688
-0.00815767    0.064433   0.0238898  0.00334504
 -0.0140402   0.0238898   0.0747423  0.00281007
   0.192688  0.00334504  0.00281007    0.429124
IMAGINARY
           0   0.00306373  -0.00127552     0.008125
 -0.00306373            0     0.008125 -3.25387e-06
  0.00127552    -0.008125            0  -0.00306373
   -0.008125  3.25387e-06   0.00306373            0
EndNode2[0]<--->HoM1[0]
REAL
   0.458231  0.00830309  0.00579172     0.18761
 0.00830309   0.0552826   0.0144586 -0.00234345
