EndNode1[0]<--->Repeater1[0]
REAL
  0.394417  0.0141262  0.0193101   0.347864
 0.0141262  0.0898058  0.0560324  0.0105601
 0.0193101  0.0560324  0.0716019 0.00535429
  0.347864  0.0105601 0.00535429   0.444175
IMAGINARY
          0 -0.00773165   0.0211554   0.0217252
 0.00773165           0 -0.00133142 -0.00732141
 -0.0211554  0.00133142           0  -0.0113724
 -0.0217252  0.00732141   0.0113724           0
EndNode2[0]<--->HoM1[0]
REAL
    0.418848 -5.41745e-05   0.00790093     0.381638
-5.41745e-05    0.0798429    0.0472009   -0.0135189
  0.00790093    0.0472009    0.0811518   -0.0143029
    0.381638   -0.0135189   -0.0143029     0.420157
IMAGINARY
          0 -0.00736033  -0.0200831 -0.00659014
 0.00736033           0   -0.016739   0.0167719
  0.0200831    0.016739           0  0.00404907
 0.00659014  -0.0167719 -0.00404907           0
Repeater1[0]<--->EndNode1[0]
REAL
  0.394417  0.0193101  0.0141262   0.347864
 0.0193101  0.0716019  0.0560324 0.00535429
 0.0141262  0.0560324  0.0898058  0.0105601
  0.347864 0.00535429  0.0105601   0.444175
IMAGINARY
          0   0.0211554 -0.00773165   0.0217252
 -0.0211554           0  0.00133142  -0.0113724
 0.00773165 -0.00133142           0 -0.00732141
 -0.0217252   0.0113724  0.00732141           0
Repeater1[0]<--->HoM1[0]
REAL
    0.418848   0.00790093 -5.41745e-05     0.381638
  0.00790093    0.0811518    0.0472009   -0.0143029
-5.41745e-05    0.0472009    0.0798429   -0.0135189
    0.381638   -0.0143029   -0.0135189     0.420157
IMAGINARY
          0  -0.0200831 -0.00736033 -0.00659014
  0.0200831           0    0.016739  0.00404907
 0.00736033   -0.016739           0   0.0167719
 0.00659014 -0.00404907  -0.0167719           0
EndNode1[0]<--->Repeater1[0]
REAL
   0.454771   -0.025584 -0.00302958    0.374791
  -0.025584   0.0830235   0.0354818  -0.0106245
-0.00302958   0.0354818   0.0570012   0.0106295
   0.374791  -0.0106245   0.0106295    0.405204
IMAGINARY
          0 -0.00627092   0.0107236   0.0127043
 0.00627092           0  -0.0114156   0.0138447
 -0.0107236   0.0114156           0  -0.0249376
 -0.0127043  -0.0138447   0.0249376           0
EndNode2[0]<--->HoM1[0]
REAL
    0.421555  -0.00486251    0.0123465     0.361688
 -0.00486251    0.0927694    0.0556982 -0.000632526
   0.0123465    0.0556982    0.0763984    0.0128773
    0.361688 -0.000632526    0.0128773     0.409277
IMAGINARY
           0  -0.00454717    0.0125619  0.000882387
  0.00454717            0   -0.0099733   0.00436518
  -0.0125619    0.0099733            0 -0.000661161
-0.000882387  -0.00436518  0.000661161            0
Repeater1[0]<--->EndNode1[0]
REAL
   0.454771 -0.00302958   -0.025584    0.374791
-0.00302958   0.0570012   0.0354818   0.0106295
  -0.025584   0.0354818   0.0830235  -0.0106245
   0.374791   0.0106295  -0.0106245    0.405204
IMAGINARY
          0   0.0107236 -0.00627092   0.0127043
 -0.0107236           0   0.0114156  -0.0249376
 0.00627092  -0.0114156           0   0.0138447
 -0.0127043   0.0249376  -0.0138447           0
Repeater1[0]<--->HoM1[0]
REAL
    0.421555    0.0123465  -0.00486251     0.361688
   0.0123465    0.0763984    0.0556982    0.0128773
 -0.00486251    0.0556982    0.0927694 -0.000632526
    0.361688    0.0128773 -0.000632526     0.409277
IMAGINARY
           0    0.0125619  -0.00454717  0.000882387
  -0.0125619            0    0.0099733 -0.000661161
  0.00454717   -0.0099733            0   0.00436518
-0.000882387  0.000661161  -0.00436518            0
EndNode1[0]<--->Repeater1[0]
REAL
   0.457895 -0.00267223  -0.0074337    0.362519
-0.00267223   0.0855263   0.0483594 -0.00239592
 -0.0074337   0.0483594   0.0631579  -0.0123999
   0.362519 -0.00239592  -0.0123999    0.393421
IMAGINARY
           0  -0.00385596    0.0109157  0.000537817
  0.00385596            0  -0.00324052  -0.00269821
  -0.0109157   0.00324052            0   0.00448807
-0.000537817   0.00269821  -0.00448807            0
EndNode2[0]<--->HoM1[0]
REAL
      0.4291   0.00257808   0.00635978     0.358016
  0.00257808    0.0776819    0.0754076 -0.000924993
  0.00635978    0.0754076    0.0912454  -0.00121939
    0.358016 -0.000924993  -0.00121939     0.401973
IMAGINARY
          0  0.00882597  -0.0162982  0.00836273
-0.00882597           0  0.00038727  -0.0182287
  0.0162982 -0.00038727           0   0.0129132
-0.00836273   0.0182287  -0.0129132           0
Repeater1[0]<--->EndNode1[0]
REAL
   0.457895  -0.0074337 -0.00267223    0.362519
 -0.0074337   0.0631579   0.0483594  -0.0123999
-0.00267223   0.0483594   0.0855263 -0.00239592
   0.362519  -0.0123999 -0.00239592    0.393421
IMAGINARY
           0    0.0109157  -0.00385596  0.000537817
  -0.0109157            0   0.00324052   0.00448807
  0.00385596  -0.00324052            0  -0.00269821
-0.000537817  -0.00448807   0.00269821            0
Repeater1[0]<--->HoM1[0]
REAL
      0.4291   0.00635978   0.00257808     0.358016
  0.00635978    0.0912454    0.0754076  -0.00121939
  0.00257808    0.0754076    0.0776819 -0.000924993
    0.358016  -0.00121939 -0.000924993     0.401973
IMAGINARY
          0  -0.0162982  0.00882597  0.00836273
  0.0162982           0 -0.00038727   0.0129132
-0.00882597  0.00038727           0  -0.0182287
-0.00836273  -0.0129132   0.0182287           0
EndNode1[0]<--->Repeater1[0]
REAL
   0.444994  -0.0103495  -0.0157458    0.373969
 -0.0103495    0.110012   0.0408461  0.00463466
 -0.0157458   0.0408461   0.0667491 -0.00199623
   0.373969  0.00463466 -0.00199623    0.378245
IMAGINARY
           0 -0.000338395   0.00177593    0.0212899
 0.000338395            0   -0.0119565   0.00517729
 -0.00177593    0.0119565            0  0.000970506
  -0.0212899  -0.00517729 -0.000970506            0
EndNode2[0]<--->HoM1[0]
REAL
   0.417092  0.00510507 -0.00800584    0.365371
 0.00510507   0.0841837   0.0309159  -0.0131209
-0.00800584   0.0309159   0.0841837  0.00833923
   0.365371  -0.0131209  0.00833923    0.414541
IMAGINARY
           0   -0.0271127    0.0397057   -0.0214464
   0.0271127            0   0.00325319   0.00134414
  -0.0397057  -0.00325319            0  0.000867791
   0.0214464  -0.00134414 -0.000867791            0
Repeater1[0]<--->EndNode1[0]
REAL
   0.444994  -0.0157458  -0.0103495    0.373969
 -0.0157458   0.0667491   0.0408461 -0.00199623
 -0.0103495   0.0408461    0.110012  0.00463466
   0.373969 -0.00199623  0.00463466    0.378245
IMAGINARY
           0   0.00177593 -0.000338395    0.0212899
 -0.00177593            0    0.0119565  0.000970506
 0.000338395   -0.0119565            0   0.00517729
  -0.0212899 -0.000970506  -0.00517729            0
Repeater1[0]<--->HoM1[0]
REAL
   0.417092 -0.00800584  0.00510507    0.365371
-0.00800584   0.0841837   0.0309159  0.00833923
 0.00510507   0.0309159   0.0841837  -0.0131209
   0.365371  0.00833923  -0.0131209    0.414541
IMAGINARY
           0    0.0397057   -0.0271127   -0.0214464
  -0.0397057            0  -0.00325319  0.000867791
   0.0271127   0.00325319            0   0.00134414
   0.0214464 -0.000867791  -0.00134414            0
EndNode1[0]<--->Repeater1[0]
REAL
   0.38342 -0.0025095  0.0254317   0.363873
-0.0025095  0.0971503  0.0584954  -0.017537
 0.0254317  0.0584954  0.0919689 0.00908844
  0.363873  -0.017537 0.00908844   0.427461
IMAGINARY
          0  0.00832266 -0.00625884  0.00695762
-0.00832266           0  -0.0159182  0.00689905
 0.00625884   0.0159182           0  0.00384123
-0.00695762 -0.00689905 -0.00384123           0
EndNode2[0]<--->HoM1[0]
REAL
   0.429287  0.00227568 -0.00799882    0.360295
 0.00227568   0.0788486   0.0657747  0.00475628
-0.00799882   0.0657747    0.068836 -0.00681523
   0.360295  0.00475628 -0.00681523    0.423029
IMAGINARY
          0   -0.019526  -0.0309098  0.00637512
   0.019526           0 -0.00190513  0.00538053
  0.0309098  0.00190513           0  -0.0109846
-0.00637512 -0.00538053   0.0109846           0
Repeater1[0]<--->EndNode1[0]
REAL
   0.38342  0.0254317 -0.0025095   0.363873
 0.0254317  0.0919689  0.0584954 0.00908844
-0.0025095  0.0584954  0.0971503  -0.017537
  0.363873 0.00908844  -0.017537   0.427461
IMAGINARY
          0 -0.00625884  0.00832266  0.00695762
 0.00625884           0   0.0159182  0.00384123
-0.00832266  -0.0159182           0  0.00689905
-0.00695762 -0.00384123 -0.00689905           0
Repeater1[0]<--->HoM1[0]
REAL
   0.429287 -0.00799882  0.00227568    0.360295
-0.00799882    0.068836   0.0657747 -0.00681523
 0.00227568   0.0657747   0.0788486  0.00475628
   0.360295 -0.00681523  0.00475628    0.423029
IMAGINARY
          0  -0.0309098   -0.019526  0.00637512
  0.0309098           0  0.00190513  -0.0109846
   0.019526 -0.00190513           0  0.00538053
-0.00637512   0.0109846 -0.00538053           0
EndNode1[0]<--->Repeater1[0]
REAL
   0.410824  0.00598233  0.00694747    0.370706
 0.00598233   0.0885609   0.0500336    -0.01025
 0.00694747   0.0500336   0.0688807 -0.00928484
   0.370706    -0.01025 -0.00928484    0.431734
IMAGINARY
          0 -0.00849996  0.00699923   0.0049666
 0.00849996           0  0.00626194 -0.00637657
-0.00699923 -0.00626194           0    0.010368
 -0.0049666  0.00637657   -0.010368           0
EndNode2[0]<--->HoM1[0]
REAL
   0.418848   0.0162567  0.00250548    0.357256
  0.0162567   0.0772251   0.0413671 0.000623427
 0.00250548   0.0413671   0.0876963  -0.0118763
   0.357256 0.000623427  -0.0118763     0.41623
IMAGINARY
          0  -0.0195052   0.0146135   0.0145101
  0.0195052           0  0.00435782  0.00871568
 -0.0146135 -0.00435782           0   0.0012202
 -0.0145101 -0.00871568  -0.0012202           0
Repeater1[0]<--->EndNode1[0]
REAL
   0.410824  0.00694747  0.00598233    0.370706
 0.00694747   0.0688807   0.0500336 -0.00928484
 0.00598233   0.0500336   0.0885609    -0.01025
   0.370706 -0.00928484    -0.01025    0.431734
IMAGINARY
          0  0.00699923 -0.00849996   0.0049666
-0.00699923           0 -0.00626194    0.010368
 0.00849996  0.00626194           0 -0.00637657
 -0.0049666   -0.010368  0.00637657           0
Repeater1[0]<--->HoM1[0]
REAL
   0.418848  0.00250548   0.0162567    0.357256
 0.00250548   0.0876963   0.0413671  -0.0118763
  0.0162567   0.0413671   0.0772251 0.000623427
   0.357256  -0.0118763 0.000623427     0.41623
IMAGINARY
          0   0.0146135  -0.0195052   0.0145101
 -0.0146135           0 -0.00435782   0.0012202
  0.0195052  0.00435782           0  0.00871568
 -0.0145101  -0.0012202 -0.00871568           0
EndNode1[0]<--->Repeater1[0]
REAL
   0.423927 -0.00121088  -0.0179729    0.369126
-0.00121088   0.0689207   0.0488036   0.0129224
 -0.0179729   0.0488036   0.0962289   -0.002577
   0.369126   0.0129224   -0.002577    0.410923
IMAGINARY
          0  -0.0174958   0.0209049 -0.00511501
  0.0174958           0 -0.00166674  0.00945449
 -0.0209049  0.00166674           0 -0.00666777
 0.00511501 -0.00945449  0.00666777           0
EndNode2[0]<--->HoM1[0]
REAL
   0.403704   0.0131424   0.0161016    0.369434
  0.0131424    0.082716   0.0538398 -0.00459265
  0.0161016   0.0538398   0.0864198 -0.00419096
   0.369434 -0.00459265 -0.00419096     0.42716
IMAGINARY
          0    0.012277   0.0176268  0.00559781
  -0.012277           0 -0.00363702  -0.0126763
 -0.0176268  0.00363702           0  -0.0258909
-0.00559781   0.0126763   0.0258909           0
Repeater1[0]<--->EndNode1[0]
REAL
   0.423927  -0.0179729 -0.00121088    0.369126
 -0.0179729   0.0962289   0.0488036   -0.002577
-0.00121088   0.0488036   0.0689207   0.0129224
   0.369126   -0.002577   0.0129224    0.410923
IMAGINARY
          0   0.0209049  -0.0174958 -0.00511501
 -0.0209049           0  0.00166674 -0.00666777
  0.0174958 -0.00166674           0  0.00945449
 0.00511501  0.00666777 -0.00945449           0
Repeater1[0]<--->HoM1[0]
REAL
   0.403704   0.0161016   0.0131424    0.369434
  0.0161016   0.0864198   0.0538398 -0.00419096
  0.0131424   0.0538398    0.082716 -0.00459265
   0.369434 -0.00419096 -0.00459265     0.42716
IMAGINARY
          0   0.0176268    0.012277  0.00559781
 -0.0176268           0  0.00363702  -0.0258909
  -0.012277 -0.00363702           0  -0.0126763
-0.00559781   0.0258909   0.0126763           0
EndNode1[0]<--->Repeater1[0]
REAL
  0.403681  0.0022826  0.0320905   0.373904
 0.0022826  0.0969325  0.0551121 -0.0215052
 0.0320905  0.0551121  0.0871166  0.0120387
  0.373904 -0.0215052  0.0120387    0.41227
IMAGINARY
           0 -0.000110976  -0.00759391  -0.00629548
 0.000110976            0  0.000746774   0.00558049
  0.00759391 -0.000746774            0    0.0195741
  0.00629548  -0.00558049   -0.0195741            0
EndNode2[0]<--->HoM1[0]
REAL
   0.432817   0.0158489   0.0014522    0.363418
  0.0158489   0.0788114   0.0341182 -0.00988281
  0.0014522   0.0341182   0.0904393  -0.0126064
   0.363418 -0.00988281  -0.0126064    0.397933
IMAGINARY
         0  0.0146208 -0.0356155 -0.0190789
-0.0146208          0 -0.0190789  -0.014703
 0.0356155  0.0190789          0  0.0178633
 0.0190789   0.014703 -0.0178633          0
Repeater1[0]<--->EndNode1[0]
REAL
  0.403681  0.0320905  0.0022826   0.373904
 0.0320905  0.0871166  0.0551121  0.0120387
 0.0022826  0.0551121  0.0969325 -0.0215052
  0.373904  0.0120387 -0.0215052    0.41227
IMAGINARY
           0  -0.00759391 -0.000110976  -0.00629548
  0.00759391            0 -0.000746774    0.0195741
 0.000110976  0.000746774            0   0.00558049
  0.00629548   -0.0195741  -0.00558049            0
Repeater1[0]<--->HoM1[0]
REAL
   0.432817   0.0014522   0.0158489    0.363418
  0.0014522   0.0904393   0.0341182  -0.0126064
  0.0158489   0.0341182   0.0788114 -0.00988281
   0.363418  -0.0126064 -0.00988281    0.397933
IMAGINARY
         0 -0.0356155  0.0146208 -0.0190789
 0.0356155          0  0.0190789  0.0178633
-0.0146208 -0.0190789          0  -0.014703
 0.0190789 -0.0178633   0.014703          0
EndNode1[0]<--->Repeater1[0]
REAL
   0.428392  -0.0132428 -0.00612745    0.383396
 -0.0132428   0.0678392   0.0455251 -0.00612745
-0.00612745   0.0455251   0.0904523  0.00588986
   0.383396 -0.00612745  0.00588986    0.413317
IMAGINARY
          0  0.00750053 -0.00372926   0.0128698
-0.00750053           0   0.0154807  0.00620451
 0.00372926  -0.0154807           0 -0.00378765
 -0.0128698 -0.00620451  0.00378765           0
EndNode2[0]<--->HoM1[0]
REAL
  0.396154 -0.0100796  0.0140671   0.356264
-0.0100796  0.0884615  0.0475568 -0.0186785
 0.0140671  0.0475568  0.0935897  0.0120559
  0.356264 -0.0186785  0.0120559   0.421795
IMAGINARY
           0 -0.000776423  0.000656397  -0.00760847
 0.000776423            0   -0.0292336    0.0178133
-0.000656397    0.0292336            0    0.0179268
  0.00760847   -0.0178133   -0.0179268            0
Repeater1[0]<--->EndNode1[0]
REAL
   0.428392 -0.00612745  -0.0132428    0.383396
-0.00612745   0.0904523   0.0455251  0.00588986
 -0.0132428   0.0455251   0.0678392 -0.00612745
   0.383396  0.00588986 -0.00612745    0.413317
IMAGINARY
          0 -0.00372926  0.00750053   0.0128698
 0.00372926           0  -0.0154807 -0.00378765
-0.00750053   0.0154807           0  0.00620451
 -0.0128698  0.00378765 -0.00620451           0
Repeater1[0]<--->HoM1[0]
REAL
  0.396154  0.0140671 -0.0100796   0.356264
 0.0140671  0.0935897  0.0475568  0.0120559
-0.0100796  0.0475568  0.0884615 -0.0186785
  0.356264  0.0120559 -0.0186785   0.421795
IMAGINARY
           0  0.000656397 -0.000776423  -0.00760847
-0.000656397            0    0.0292336    0.0179268
 0.000776423   -0.0292336            0    0.0178133
  0.00760847   -0.0179268   -0.0178133            0
EndNode1[0]<--->Repeater1[0]
REAL
   0.431759 -0.00470287   0.0067551    0.349683
-0.00470287    0.111549   0.0499313  0.00933242
  0.0067551   0.0499313   0.0643045   0.0156424
   0.349683  0.00933242   0.0156424    0.392388
IMAGINARY
          0   0.0180163  -0.0150306  -0.0171189
 -0.0180163           0   0.0247138  0.00508035
  0.0150306  -0.0247138           0  0.00312797
  0.0171189 -0.00508035 -0.00312797           0
EndNode2[0]<--->HoM1[0]
REAL
  0.438896 -0.0189999 -0.0237203   0.360222
-0.0189999  0.0801577   0.043377  0.0134375
-0.0237203   0.043377  0.0722733 0.00229041
  0.360222  0.0134375 0.00229041   0.408673
IMAGINARY
           0   0.00757352  -0.00194202 -0.000569696
 -0.00757352            0  -0.00805099   0.00595272
  0.00194202   0.00805099            0     0.024512
 0.000569696  -0.00595272    -0.024512            0
Repeater1[0]<--->EndNode1[0]
REAL
   0.431759   0.0067551 -0.00470287    0.349683
  0.0067551   0.0643045   0.0499313   0.0156424
-0.00470287   0.0499313    0.111549  0.00933242
   0.349683   0.0156424  0.00933242    0.392388
IMAGINARY
          0  -0.0150306   0.0180163  -0.0171189
  0.0150306           0  -0.0247138  0.00312797
 -0.0180163   0.0247138           0  0.00508035
  0.0171189 -0.00312797 -0.00508035           0
Repeater1[0]<--->HoM1[0]
REAL
  0.438896 -0.0237203 -0.0189999   0.360222
-0.0237203  0.0722733   0.043377 0.00229041
-0.0189999   0.043377  0.0801577  0.0134375
  0.360222 0.00229041  0.0134375   0.408673
IMAGINARY
           0  -0.00194202   0.00757352 -0.000569696
  0.00194202            0   0.00805099     0.024512
 -0.00757352  -0.00805099            0   0.00595272
 0.000569696    -0.024512  -0.00595272            0
EndNode1[0]<--->Repeater1[0]
REAL
    0.43467  0.00208502 -0.00959915    0.363478
 0.00208502   0.0750323   0.0438063 -0.00430814
-0.00959915   0.0438063    0.087969 -0.00539628
   0.363478 -0.00430814 -0.00539628    0.402329
IMAGINARY
          0   0.0115404  -0.0109176  -0.0128303
 -0.0115404           0  0.00287016  -0.0161946
  0.0109176 -0.00287016           0   0.0294432
  0.0128303   0.0161946  -0.0294432           0
EndNode2[0]<--->HoM1[0]
REAL
    0.425316   -0.0259471 -0.000871431     0.372693
  -0.0259471    0.0810127    0.0496369   -0.0178526
-0.000871431    0.0496369    0.0696203  -0.00109864
    0.372693   -0.0178526  -0.00109864     0.424051
IMAGINARY
          0 -0.00811697   0.0316589  -0.0198051
 0.00811697           0   0.0173954 -0.00753025
 -0.0316589  -0.0173954           0  -0.0160117
  0.0198051  0.00753025   0.0160117           0
Repeater1[0]<--->EndNode1[0]
REAL
    0.43467 -0.00959915  0.00208502    0.363478
-0.00959915    0.087969   0.0438063 -0.00539628
 0.00208502   0.0438063   0.0750323 -0.00430814
   0.363478 -0.00539628 -0.00430814    0.402329
IMAGINARY
          0  -0.0109176   0.0115404  -0.0128303
  0.0109176           0 -0.00287016   0.0294432
 -0.0115404  0.00287016           0  -0.0161946
  0.0128303  -0.0294432   0.0161946           0
Repeater1[0]<--->HoM1[0]
REAL
    0.425316 -0.000871431   -0.0259471     0.372693
-0.000871431    0.0696203    0.0496369  -0.00109864
  -0.0259471    0.0496369    0.0810127   -0.0178526
    0.372693  -0.00109864   -0.0178526     0.424051
IMAGINARY
          0   0.0316589 -0.00811697  -0.0198051
 -0.0316589           0  -0.0173954  -0.0160117
 0.00811697   0.0173954           0 -0.00753025
  0.0198051   0.0160117  0.00753025           0
EndNode1[0]<--->Repeater1[0]
REAL
   0.420986  0.00921085   0.0189487    0.362169
 0.00921085   0.0809102   0.0518237  -0.0208743
  0.0189487   0.0518237   0.0695322 0.000416879
   0.362169  -0.0208743 0.000416879    0.428571
IMAGINARY
          0  -0.0129752   0.0167215  0.00578959
  0.0129752           0   0.0117657 -0.00876394
 -0.0167215  -0.0117657           0 -0.00691869
-0.00578959  0.00876394  0.00691869           0
EndNode2[0]<--->HoM1[0]
REAL
  0.409091 -0.0173713  0.0106794    0.36862
-0.0173713  0.0842246  0.0368201   0.021704
 0.0106794  0.0368201  0.0828877  0.0225527
   0.36862   0.021704  0.0225527   0.423797
IMAGINARY
          0 -0.00387446  -0.0153285  -0.0136541
 0.00387446           0  0.00130846   0.0146715
  0.0153285 -0.00130846           0  -0.0112372
  0.0136541  -0.0146715   0.0112372           0
Repeater1[0]<--->EndNode1[0]
REAL
   0.420986   0.0189487  0.00921085    0.362169
  0.0189487   0.0695322   0.0518237 0.000416879
 0.00921085   0.0518237   0.0809102  -0.0208743
   0.362169 0.000416879  -0.0208743    0.428571
IMAGINARY
          0   0.0167215  -0.0129752  0.00578959
 -0.0167215           0  -0.0117657 -0.00691869
  0.0129752   0.0117657           0 -0.00876394
-0.00578959  0.00691869  0.00876394           0
Repeater1[0]<--->HoM1[0]
REAL
  0.409091  0.0106794 -0.0173713    0.36862
 0.0106794  0.0828877  0.0368201  0.0225527
-0.0173713  0.0368201  0.0842246   0.021704
   0.36862  0.0225527   0.021704   0.423797
IMAGINARY
          0  -0.0153285 -0.00387446  -0.0136541
  0.0153285           0 -0.00130846  -0.0112372
 0.00387446  0.00130846           0   0.0146715
  0.0136541   0.0112372  -0.0146715           0
EndNode1[0]<--->Repeater1[0]
REAL
  0.413333 -0.0116117 0.00098306   0.360131
-0.0116117  0.0866667  0.0447467 -0.0156172
0.00098306  0.0447467      0.108 -0.0152175
  0.360131 -0.0156172 -0.0152175      0.392
IMAGINARY
          0 -0.00914158 -0.00543749  0.00547006
 0.00914158           0 -0.00955726 -0.00738302
 0.00543749  0.00955726           0   0.0270903
-0.00547006  0.00738302  -0.0270903           0
EndNode2[0]<--->HoM1[0]
REAL
   0.435294  0.00047536   0.0186268    0.351602
 0.00047536   0.0901961   0.0541503  -0.0155668
  0.0186268   0.0541503   0.0705882 -0.00353534
   0.351602  -0.0155668 -0.00353534    0.403922
IMAGINARY
          0 -0.00741966  -0.0053824    0.013169
 0.00741966           0  0.00984892 -0.00417174
  0.0053824 -0.00984892           0   0.0106044
  -0.013169  0.00417174  -0.0106044           0
Repeater1[0]<--->EndNode1[0]
REAL
  0.413333 0.00098306 -0.0116117   0.360131
0.00098306      0.108  0.0447467 -0.0152175
-0.0116117  0.0447467  0.0866667 -0.0156172
  0.360131 -0.0152175 -0.0156172      0.392
IMAGINARY
          0 -0.00543749 -0.00914158  0.00547006
 0.00543749           0  0.00955726   0.0270903
 0.00914158 -0.00955726           0 -0.00738302
-0.00547006  -0.0270903  0.00738302           0
Repeater1[0]<--->HoM1[0]
REAL
   0.435294   0.0186268  0.00047536    0.351602
  0.0186268   0.0705882   0.0541503 -0.00353534
 0.00047536   0.0541503   0.0901961  -0.0155668
   0.351602 -0.00353534  -0.0155668    0.403922
IMAGINARY
          0  -0.0053824 -0.00741966    0.013169
  0.0053824           0 -0.00984892   0.0106044
 0.00741966  0.00984892           0 -0.00417174
  -0.013169  -0.0106044  0.00417174           0
EndNode1[0]<--->Repeater1[0]
REAL
    0.42153  -0.0122834  -0.0230336    0.352065
 -0.0122834   0.0907912   0.0468707 -0.00622168
 -0.0230336   0.0468707   0.0700389 -0.00367409
   0.352065 -0.00622168 -0.00367409    0.417639
IMAGINARY
          0   0.0265965 -0.00764645    0.020155
 -0.0265965           0 -0.00206718  -0.0196263
 0.00764645  0.00206718           0  0.00587107
  -0.020155   0.0196263 -0.00587107           0
EndNode2[0]<--->HoM1[0]
REAL
  0.405263  -0.011956 -0.0028259   0.372408
 -0.011956  0.0802632  0.0556793 0.00621803
-0.0028259  0.0556793  0.0789474  0.0248461
  0.372408 0.00621803  0.0248461   0.435526
IMAGINARY
          0 -0.00891986  0.00266282   0.0117181
 0.00891986           0   0.0266434 -0.00204781
-0.00266282  -0.0266434           0 -0.00522528
 -0.0117181  0.00204781  0.00522528           0
Repeater1[0]<--->EndNode1[0]
REAL
    0.42153  -0.0230336  -0.0122834    0.352065
 -0.0230336   0.0700389   0.0468707 -0.00367409
 -0.0122834   0.0468707   0.0907912 -0.00622168
   0.352065 -0.00367409 -0.00622168    0.417639
IMAGINARY
          0 -0.00764645   0.0265965    0.020155
 0.00764645           0  0.00206718  0.00587107
 -0.0265965 -0.00206718           0  -0.0196263
  -0.020155 -0.00587107   0.0196263           0
Repeater1[0]<--->HoM1[0]
REAL
  0.405263 -0.0028259  -0.011956   0.372408
-0.0028259  0.0789474  0.0556793  0.0248461
 -0.011956  0.0556793  0.0802632 0.00621803
  0.372408  0.0248461 0.00621803   0.435526
IMAGINARY
          0  0.00266282 -0.00891986   0.0117181
-0.00266282           0  -0.0266434 -0.00522528
 0.00891986   0.0266434           0 -0.00204781
 -0.0117181  0.00522528  0.00204781           0
EndNode1[0]<--->Repeater1[0]
REAL
   0.422222  0.00171477        0.02    0.360244
 0.00171477   0.0814815   0.0404009  -0.0129032
       0.02   0.0404009   0.0740741 -0.00881154
   0.360244  -0.0129032 -0.00881154    0.422222
IMAGINARY
          0  -0.0203285  -0.0151738 -4.2517e-05
  0.0203285           0  -0.0166241  0.00995185
  0.0151738   0.0166241           0 -0.00839214
 4.2517e-05 -0.00995185  0.00839214           0
EndNode2[0]<--->HoM1[0]
REAL
  0.428756  0.0286023  0.0103359   0.370027
 0.0286023  0.0829016  0.0434094  0.0103359
 0.0103359  0.0434094  0.0764249 0.00886543
  0.370027  0.0103359 0.00886543   0.411917
IMAGINARY
           0 -0.000213675   -0.0100733   0.00622726
 0.000213675            0  -0.00226947   -0.0100733
   0.0100733   0.00226947            0  -0.00405983
 -0.00622726    0.0100733   0.00405983            0
Repeater1[0]<--->EndNode1[0]
REAL
   0.422222        0.02  0.00171477    0.360244
       0.02   0.0740741   0.0404009 -0.00881154
 0.00171477   0.0404009   0.0814815  -0.0129032
   0.360244 -0.00881154  -0.0129032    0.422222
IMAGINARY
          0  -0.0151738  -0.0203285 -4.2517e-05
  0.0151738           0   0.0166241 -0.00839214
  0.0203285  -0.0166241           0  0.00995185
 4.2517e-05  0.00839214 -0.00995185           0
Repeater1[0]<--->HoM1[0]
REAL
  0.428756  0.0103359  0.0286023   0.370027
 0.0103359  0.0764249  0.0434094 0.00886543
 0.0286023  0.0434094  0.0829016  0.0103359
  0.370027 0.00886543  0.0103359   0.411917
IMAGINARY
           0   -0.0100733 -0.000213675   0.00622726
   0.0100733            0   0.00226947  -0.00405983
 0.000213675  -0.00226947            0   -0.0100733
 -0.00622726   0.00405983    0.0100733            0
EndNode1[0]<--->Repeater1[0]
REAL
  0.418768 0.00355954 -0.0022812   0.369438
0.00355954  0.0840336  0.0445012 -0.0140824
-0.0022812  0.0445012  0.0728291 -0.0162868
  0.369438 -0.0140824 -0.0162868    0.42437
IMAGINARY
          0   0.0072743 -0.00896581   0.0158359
 -0.0072743           0   0.0145439  -0.0212609
 0.00896581  -0.0145439           0  0.00154182
 -0.0158359   0.0212609 -0.00154182           0
EndNode2[0]<--->HoM1[0]
REAL
    0.42602 -0.00990626  0.00623596    0.368521
-0.00990626    0.065051   0.0566657  0.00747975
 0.00623596   0.0566657   0.0778061   0.0136469
   0.368521  0.00747975   0.0136469    0.431122
IMAGINARY
          0  -0.0123978   0.0158285  0.00392186
  0.0123978           0 -0.00848509   0.0189653
 -0.0158285  0.00848509           0  -0.0352826
-0.00392186  -0.0189653   0.0352826           0
Repeater1[0]<--->EndNode1[0]
REAL
  0.418768 -0.0022812 0.00355954   0.369438
-0.0022812  0.0728291  0.0445012 -0.0162868
0.00355954  0.0445012  0.0840336 -0.0140824
  0.369438 -0.0162868 -0.0140824    0.42437
IMAGINARY
          0 -0.00896581   0.0072743   0.0158359
 0.00896581           0  -0.0145439  0.00154182
 -0.0072743   0.0145439           0  -0.0212609
 -0.0158359 -0.00154182   0.0212609           0
Repeater1[0]<--->HoM1[0]
REAL
    0.42602  0.00623596 -0.00990626    0.368521
 0.00623596   0.0778061   0.0566657   0.0136469
-0.00990626   0.0566657    0.065051  0.00747975
   0.368521   0.0136469  0.00747975    0.431122
IMAGINARY
          0   0.0158285  -0.0123978  0.00392186
 -0.0158285           0  0.00848509  -0.0352826
  0.0123978 -0.00848509           0   0.0189653
-0.00392186   0.0352826  -0.0189653           0
EndNode1[0]<--->Repeater1[0]
REAL
   0.413965   0.0109956 -0.00466975    0.370842
  0.0109956   0.0860349   0.0441584 -0.00533025
-0.00466975   0.0441584   0.0997506  -0.0284956
   0.370842 -0.00533025  -0.0284956    0.400249
IMAGINARY
           0  -0.00125628  -0.00436409  0.000291203
  0.00125628            0  -0.00974896  -0.00436409
  0.00436409   0.00974896            0   0.00125628
-0.000291203   0.00436409  -0.00125628            0
EndNode2[0]<--->HoM1[0]
REAL
    0.426065   0.00126909  -0.00410567     0.363169
  0.00126909    0.0889724    0.0482557   -0.0247775
 -0.00410567    0.0482557    0.0789474 -0.000627243
    0.363169   -0.0247775 -0.000627243     0.406015
IMAGINARY
          0 -0.00305495 -0.00950963  -0.0255748
 0.00305495           0  -0.0172093   0.0101754
 0.00950963   0.0172093           0  0.00904696
  0.0255748  -0.0101754 -0.00904696           0
Repeater1[0]<--->EndNode1[0]
REAL
   0.413965 -0.00466975   0.0109956    0.370842
-0.00466975   0.0997506   0.0441584  -0.0284956
  0.0109956   0.0441584   0.0860349 -0.00533025
   0.370842  -0.0284956 -0.00533025    0.400249
IMAGINARY
           0  -0.00436409  -0.00125628  0.000291203
  0.00436409            0   0.00974896   0.00125628
  0.00125628  -0.00974896            0  -0.00436409
-0.000291203  -0.00125628   0.00436409            0
Repeater1[0]<--->HoM1[0]
REAL
    0.426065  -0.00410567   0.00126909     0.363169
 -0.00410567    0.0789474    0.0482557 -0.000627243
  0.00126909    0.0482557    0.0889724   -0.0247775
    0.363169 -0.000627243   -0.0247775     0.406015
IMAGINARY
          0 -0.00950963 -0.00305495  -0.0255748
 0.00950963           0   0.0172093  0.00904696
 0.00305495  -0.0172093           0   0.0101754
  0.0255748 -0.00904696  -0.0101754           0
EndNode1[0]<--->Repeater1[0]
REAL
   0.424767  -0.0105243  0.00838457     0.35927
 -0.0105243   0.0865513   0.0403623  -0.0285804
 0.00838457   0.0403623   0.0852197 -0.00232759
    0.35927  -0.0285804 -0.00232759    0.403462
IMAGINARY
          0  0.00834589  -0.0117554   0.0192025
-0.00834589           0  0.00731264  -0.0221993
  0.0117554 -0.00731264           0   0.0122933
 -0.0192025   0.0221993  -0.0122933           0
EndNode2[0]<--->HoM1[0]
REAL
   0.409488  -0.0139156 -0.00597301    0.373726
 -0.0139156   0.0948814   0.0344624  0.00101023
-0.00597301   0.0344624   0.0799001  0.00150861
   0.373726  0.00101023  0.00150861     0.41573
IMAGINARY
           0  -0.00559365    0.0257318  0.000678566
  0.00559365            0  -0.00131877  -0.00794038
  -0.0257318   0.00131877            0   -0.0232407
-0.000678566   0.00794038    0.0232407            0
Repeater1[0]<--->EndNode1[0]
REAL
   0.424767  0.00838457  -0.0105243     0.35927
 0.00838457   0.0852197   0.0403623 -0.00232759
 -0.0105243   0.0403623   0.0865513  -0.0285804
    0.35927 -0.00232759  -0.0285804    0.403462
IMAGINARY
          0  -0.0117554  0.00834589   0.0192025
  0.0117554           0 -0.00731264   0.0122933
-0.00834589  0.00731264           0  -0.0221993
 -0.0192025  -0.0122933   0.0221993           0
Repeater1[0]<--->HoM1[0]
REAL
   0.409488 -0.00597301  -0.0139156    0.373726
-0.00597301   0.0799001   0.0344624  0.00150861
 -0.0139156   0.0344624   0.0948814  0.00101023
   0.373726  0.00150861  0.00101023     0.41573
IMAGINARY
           0    0.0257318  -0.00559365  0.000678566
  -0.0257318            0   0.00131877   -0.0232407
  0.00559365  -0.00131877            0  -0.00794038
-0.000678566    0.0232407   0.00794038            0
EndNode1[0]<--->Repeater1[0]
REAL
    0.418758   -0.0191139 -0.000124484     0.354148
  -0.0191139    0.0805812    0.0414136  -0.00379197
-0.000124484    0.0414136    0.0977543    0.0125864
    0.354148  -0.00379197    0.0125864     0.402906
IMAGINARY
          0 -0.00861818 -0.00857123  -0.0110013
 0.00861818           0  0.00227308  -0.0220155
 0.00857123 -0.00227308           0   0.0192299
  0.0110013   0.0220155  -0.0192299           0
EndNode2[0]<--->HoM1[0]
REAL
   0.388489  0.00861753 0.000639238    0.369768
 0.00861753   0.0731415   0.0478497   0.0012619
0.000639238   0.0478497   0.0959233 -0.00544896
   0.369768   0.0012619 -0.00544896    0.442446
IMAGINARY
          0  0.00654875   0.0066289 -0.00227975
-0.00654875           0   0.0160052 -0.00799876
 -0.0066289  -0.0160052           0  -0.0133981
 0.00227975  0.00799876   0.0133981           0
Repeater1[0]<--->EndNode1[0]
REAL
    0.418758 -0.000124484   -0.0191139     0.354148
-0.000124484    0.0977543    0.0414136    0.0125864
  -0.0191139    0.0414136    0.0805812  -0.00379197
    0.354148    0.0125864  -0.00379197     0.402906
IMAGINARY
          0 -0.00857123 -0.00861818  -0.0110013
 0.00857123           0 -0.00227308   0.0192299
 0.00861818  0.00227308           0  -0.0220155
  0.0110013  -0.0192299   0.0220155           0
Repeater1[0]<--->HoM1[0]
REAL
   0.388489 0.000639238  0.00861753    0.369768
0.000639238   0.0959233   0.0478497 -0.00544896
 0.00861753   0.0478497   0.0731415   0.0012619
   0.369768 -0.00544896   0.0012619    0.442446
IMAGINARY
          0   0.0066289  0.00654875 -0.00227975
 -0.0066289           0  -0.0160052  -0.0133981
-0.00654875   0.0160052           0 -0.00799876
 0.00227975   0.0133981  0.00799876           0
EndNode1[0]<--->Repeater1[0]
REAL
    0.41118  0.00841681  -0.0051545    0.366423
 0.00841681   0.0968944   0.0426681 -0.00821448
 -0.0051545   0.0426681   0.0857143   -0.019112
   0.366423 -0.00821448   -0.019112    0.406211
IMAGINARY
          0   0.0240037   -0.001878 -0.00199468
 -0.0240037           0  0.00199468  -0.0166405
   0.001878 -0.00199468           0 -0.00548517
 0.00199468   0.0166405  0.00548517           0
EndNode2[0]<--->HoM1[0]
REAL
   0.427296    0.026815   0.0124528    0.369729
   0.026815   0.0612245   0.0509869   0.0118438
  0.0124528   0.0509869   0.0803571 -0.00251833
   0.369729   0.0118438 -0.00251833    0.431122
IMAGINARY
          0  -0.0107031  0.00233465   0.0156271
  0.0107031           0  -0.0201785   0.0167776
-0.00233465   0.0201785           0   0.0125527
 -0.0156271  -0.0167776  -0.0125527           0
Repeater1[0]<--->EndNode1[0]
REAL
    0.41118  -0.0051545  0.00841681    0.366423
 -0.0051545   0.0857143   0.0426681   -0.019112
 0.00841681   0.0426681   0.0968944 -0.00821448
   0.366423   -0.019112 -0.00821448    0.406211
IMAGINARY
          0   -0.001878   0.0240037 -0.00199468
   0.001878           0 -0.00199468 -0.00548517
 -0.0240037  0.00199468           0  -0.0166405
 0.00199468  0.00548517   0.0166405           0
Repeater1[0]<--->HoM1[0]
REAL
   0.427296   0.0124528    0.026815    0.369729
  0.0124528   0.0803571   0.0509869 -0.00251833
   0.026815   0.0509869   0.0612245   0.0118438
   0.369729 -0.00251833   0.0118438    0.431122
IMAGINARY
          0  0.00233465  -0.0107031   0.0156271
-0.00233465           0   0.0201785   0.0125527
  0.0107031  -0.0201785           0   0.0167776
 -0.0156271  -0.0125527  -0.0167776           0
EndNode1[0]<--->Repeater1[0]
REAL
     0.41573   -0.0108319 -0.000748079     0.361924
  -0.0108319    0.0911361    0.0487661  -0.00263487
-0.000748079    0.0487661    0.0861423  -0.00608288
    0.361924  -0.00263487  -0.00608288     0.406991
IMAGINARY
          0 -0.00296053  0.00531579  -0.0067559
 0.00296053           0 -0.00861925 -0.00268421
-0.00531579  0.00861925           0  -0.0154605
  0.0067559  0.00268421   0.0154605           0
EndNode2[0]<--->HoM1[0]
REAL
   0.394958  0.00906396 -0.00939751    0.362459
 0.00906396   0.0812325   0.0458541 -0.00404992
-0.00939751   0.0458541    0.102241  -0.0139539
   0.362459 -0.00404992  -0.0139539    0.421569
IMAGINARY
          0   0.0202718  0.00770409 -0.00129366
 -0.0202718           0   0.0174644  -0.0120411
-0.00770409  -0.0174644           0  -0.0109782
 0.00129366   0.0120411   0.0109782           0
Repeater1[0]<--->EndNode1[0]
REAL
     0.41573 -0.000748079   -0.0108319     0.361924
-0.000748079    0.0861423    0.0487661  -0.00608288
  -0.0108319    0.0487661    0.0911361  -0.00263487
    0.361924  -0.00608288  -0.00263487     0.406991
IMAGINARY
          0  0.00531579 -0.00296053  -0.0067559
-0.00531579           0  0.00861925  -0.0154605
 0.00296053 -0.00861925           0 -0.00268421
  0.0067559   0.0154605  0.00268421           0
Repeater1[0]<--->HoM1[0]
REAL
   0.394958 -0.00939751  0.00906396    0.362459
-0.00939751    0.102241   0.0458541  -0.0139539
 0.00906396   0.0458541   0.0812325 -0.00404992
   0.362459  -0.0139539 -0.00404992    0.421569
IMAGINARY
          0  0.00770409   0.0202718 -0.00129366
-0.00770409           0  -0.0174644  -0.0109782
 -0.0202718   0.0174644           0  -0.0120411
 0.00129366   0.0109782   0.0120411           0
EndNode1[0]<--->Repeater1[0]
REAL
   0.420233  -0.0146001  -0.0238875    0.365473
 -0.0146001    0.079118    0.047786 -0.00399357
 -0.0238875    0.047786   0.0920882  -0.0108026
   0.365473 -0.00399357  -0.0108026     0.40856
IMAGINARY
          0  -0.0236644  0.00371717 -0.00433508
  0.0236644           0 -0.00104127   0.0173713
-0.00371717  0.00104127           0   0.0161814
 0.00433508  -0.0173713  -0.0161814           0
EndNode2[0]<--->HoM1[0]
REAL
    0.419512    0.0026222 -0.000988142     0.373753
   0.0026222    0.0804878    0.0551005 -0.000988142
-0.000988142    0.0551005    0.0829268  0.000671611
    0.373753 -0.000988142  0.000671611     0.417073
IMAGINARY
          0  0.00171471 -0.00550897  0.00567095
-0.00171471           0   0.0204335 -0.00355839
 0.00550897  -0.0204335           0   0.0151247
-0.00567095  0.00355839  -0.0151247           0
Repeater1[0]<--->EndNode1[0]
REAL
   0.420233  -0.0238875  -0.0146001    0.365473
 -0.0238875   0.0920882    0.047786  -0.0108026
 -0.0146001    0.047786    0.079118 -0.00399357
   0.365473  -0.0108026 -0.00399357     0.40856
IMAGINARY
          0  0.00371717  -0.0236644 -0.00433508
-0.00371717           0  0.00104127   0.0161814
  0.0236644 -0.00104127           0   0.0173713
 0.00433508  -0.0161814  -0.0173713           0
Repeater1[0]<--->HoM1[0]
REAL
    0.419512 -0.000988142    0.0026222     0.373753
-0.000988142    0.0829268    0.0551005  0.000671611
   0.0026222    0.0551005    0.0804878 -0.000988142
    0.373753  0.000671611 -0.000988142     0.417073
IMAGINARY
          0 -0.00550897  0.00171471  0.00567095
 0.00550897           0  -0.0204335   0.0151247
-0.00171471   0.0204335           0 -0.00355839
-0.00567095  -0.0151247  0.00355839           0
EndNode1[0]<--->Repeater1[0]
REAL
   0.435074 -0.00281003 0.000699164    0.378232
-0.00281003    0.064257   0.0549391 -0.00373683
0.000699164   0.0549391     0.08166 0.000987434
   0.378232 -0.00373683 0.000987434    0.419009
IMAGINARY
          0  -0.0206026   0.0414848 -0.00647668
  0.0206026           0   0.0259067 -0.00199348
 -0.0414848  -0.0259067           0  -0.0242434
 0.00647668  0.00199348   0.0242434           0
EndNode2[0]<--->HoM1[0]
REAL
    0.395833  -0.00129479   0.00127131     0.366624
 -0.00129479    0.0755208    0.0493651    0.0109238
  0.00127131    0.0493651    0.0924479 -6.02228e-05
    0.366624    0.0109238 -6.02228e-05     0.436198
IMAGINARY
           0   -0.0111164   0.00136823  0.000398888
   0.0111164            0   0.00303047    0.0100531
 -0.00136823  -0.00303047            0   0.00223313
-0.000398888   -0.0100531  -0.00223313            0
Repeater1[0]<--->EndNode1[0]
REAL
   0.435074 0.000699164 -0.00281003    0.378232
0.000699164     0.08166   0.0549391 0.000987434
-0.00281003   0.0549391    0.064257 -0.00373683
   0.378232 0.000987434 -0.00373683    0.419009
IMAGINARY
          0   0.0414848  -0.0206026 -0.00647668
 -0.0414848           0  -0.0259067  -0.0242434
  0.0206026   0.0259067           0 -0.00199348
 0.00647668   0.0242434  0.00199348           0
Repeater1[0]<--->HoM1[0]
REAL
    0.395833   0.00127131  -0.00129479     0.366624
  0.00127131    0.0924479    0.0493651 -6.02228e-05
 -0.00129479    0.0493651    0.0755208    0.0109238
    0.366624 -6.02228e-05    0.0109238     0.436198
IMAGINARY
           0   0.00136823   -0.0111164  0.000398888
 -0.00136823            0  -0.00303047   0.00223313
   0.0111164   0.00303047            0    0.0100531
-0.000398888  -0.00223313   -0.0100531            0
EndNode1[0]<--->Repeater1[0]
REAL
   0.418023   0.0192895 -0.00351606    0.381606
  0.0192895   0.0938673   0.0345314   0.0346469
-0.00351606   0.0345314   0.0675845  0.00421745
   0.381606   0.0346469  0.00421745    0.420526
IMAGINARY
          0   0.0147127  -0.0148623 -0.00987731
 -0.0147127           0    0.016304  0.00954318
  0.0148623   -0.016304           0   0.0238511
 0.00987731 -0.00954318  -0.0238511           0
EndNode2[0]<--->HoM1[0]
REAL
  0.425478 -0.0089122 -0.0152277   0.361384
