EndNode1[0]<--->Repeater1[0]
REAL
   0.366915 -0.00592391  0.00619611    0.249626
-0.00592391    0.143035   0.0669997   -0.030646
 0.00619611   0.0669997    0.133085   -0.013636
   0.249626   -0.030646   -0.013636    0.356965
IMAGINARY
          0  -0.0151011 -0.00315802  0.00410673
  0.0151011           0  -0.0120223  0.00247402
 0.00315802   0.0120223           0   0.0130491
-0.00410673 -0.00247402  -0.0130491           0
EndNode2[0]<--->HoM1[0]
REAL
   0.346649  0.00363749  0.00748789    0.290532
 0.00363749    0.145619   0.0532967  0.00384712
 0.00748789   0.0532967    0.130155 -0.00741583
   0.290532  0.00384712 -0.00741583    0.377577
IMAGINARY
           0   -0.0150286   0.00741402  -0.00786338
   0.0150286            0  -0.00333557 -0.000564704
 -0.00741402   0.00333557            0  -0.00302864
  0.00786338  0.000564704   0.00302864            0
Repeater1[0]<--->EndNode1[0]
REAL
   0.366915  0.00619611 -0.00592391    0.249626
 0.00619611    0.133085   0.0669997   -0.013636
-0.00592391   0.0669997    0.143035   -0.030646
   0.249626   -0.013636   -0.030646    0.356965
IMAGINARY
          0 -0.00315802  -0.0151011  0.00410673
 0.00315802           0   0.0120223   0.0130491
  0.0151011  -0.0120223           0  0.00247402
-0.00410673  -0.0130491 -0.00247402           0
Repeater1[0]<--->HoM1[0]
REAL
   0.346649  0.00748789  0.00363749    0.290532
 0.00748789    0.130155   0.0532967 -0.00741583
 0.00363749   0.0532967    0.145619  0.00384712
   0.290532 -0.00741583  0.00384712    0.377577
IMAGINARY
           0   0.00741402   -0.0150286  -0.00786338
 -0.00741402            0   0.00333557  -0.00302864
   0.0150286  -0.00333557            0 -0.000564704
  0.00786338   0.00302864  0.000564704            0
EndNode1[0]<--->Repeater1[0]
REAL
   0.338275   0.0105221 0.000866578    0.278927
  0.0105221     0.12938   0.0598261  0.00861852
0.000866578   0.0598261     0.15903 0.000318013
   0.278927  0.00861852 0.000318013    0.373315
IMAGINARY
           0   0.00916883  -0.00981523    0.0183994
 -0.00916883            0   0.00898912    0.0141848
  0.00981523  -0.00898912            0  0.000194468
  -0.0183994   -0.0141848 -0.000194468            0
EndNode2[0]<--->HoM1[0]
REAL
    0.33871 -0.00431319 -0.00256728     0.28144
-0.00431319     0.14268   0.0573926  0.00510535
-0.00256728   0.0573926    0.138958 0.000506085
    0.28144  0.00510535 0.000506085    0.379653
IMAGINARY
          0   0.0127965 -0.00360498 -0.00307973
 -0.0127965           0 -0.00375087 -0.00625048
 0.00360498  0.00375087           0  -0.0134535
 0.00307973  0.00625048   0.0134535           0
Repeater1[0]<--->EndNode1[0]
REAL
   0.338275 0.000866578   0.0105221    0.278927
0.000866578     0.15903   0.0598261 0.000318013
  0.0105221   0.0598261     0.12938  0.00861852
   0.278927 0.000318013  0.00861852    0.373315
IMAGINARY
           0  -0.00981523   0.00916883    0.0183994
  0.00981523            0  -0.00898912  0.000194468
 -0.00916883   0.00898912            0    0.0141848
  -0.0183994 -0.000194468   -0.0141848            0
Repeater1[0]<--->HoM1[0]
REAL
    0.33871 -0.00256728 -0.00431319     0.28144
-0.00256728    0.138958   0.0573926 0.000506085
-0.00431319   0.0573926     0.14268  0.00510535
    0.28144 0.000506085  0.00510535    0.379653
IMAGINARY
          0 -0.00360498   0.0127965 -0.00307973
 0.00360498           0  0.00375087  -0.0134535
 -0.0127965 -0.00375087           0 -0.00625048
 0.00307973   0.0134535  0.00625048           0
EndNode1[0]<--->Repeater1[0]
REAL
   0.367008  -0.0230376  0.00354149    0.257168
 -0.0230376     0.12532   0.0545366 -0.00990281
 0.00354149   0.0545366    0.132992   0.0217653
   0.257168 -0.00990281   0.0217653     0.37468
IMAGINARY
           0    0.0219187    0.0167957   -0.0118347
  -0.0219187            0   0.00585861    -0.027322
  -0.0167957  -0.00585861            0 -0.000866089
   0.0118347     0.027322  0.000866089            0
EndNode2[0]<--->HoM1[0]
REAL
   0.380531  0.00908031  0.00013217     0.26275
 0.00908031    0.130215   0.0683057  -0.0181446
 0.00013217   0.0683057    0.144121 -0.00721695
    0.26275  -0.0181446 -0.00721695    0.345133
IMAGINARY
          0 -0.00449185 -0.00461212 -0.00308063
 0.00449185           0  -0.0209142  -0.0130647
 0.00461212   0.0209142           0   0.0070171
 0.00308063   0.0130647  -0.0070171           0
Repeater1[0]<--->EndNode1[0]
REAL
   0.367008  0.00354149  -0.0230376    0.257168
 0.00354149    0.132992   0.0545366   0.0217653
 -0.0230376   0.0545366     0.12532 -0.00990281
   0.257168   0.0217653 -0.00990281     0.37468
IMAGINARY
           0    0.0167957    0.0219187   -0.0118347
  -0.0167957            0  -0.00585861 -0.000866089
  -0.0219187   0.00585861            0    -0.027322
   0.0118347  0.000866089     0.027322            0
Repeater1[0]<--->HoM1[0]
REAL
   0.380531  0.00013217  0.00908031     0.26275
 0.00013217    0.144121   0.0683057 -0.00721695
 0.00908031   0.0683057    0.130215  -0.0181446
    0.26275 -0.00721695  -0.0181446    0.345133
IMAGINARY
          0 -0.00461212 -0.00449185 -0.00308063
 0.00461212           0   0.0209142   0.0070171
 0.00449185  -0.0209142           0  -0.0130647
 0.00308063  -0.0070171   0.0130647           0
EndNode1[0]<--->Repeater1[0]
REAL
   0.361111 -0.00501643  -0.0160553    0.265811
-0.00501643    0.153439   0.0538209 -0.00541705
 -0.0160553   0.0538209    0.150794  0.00685692
   0.265811 -0.00541705  0.00685692    0.334656
IMAGINARY
           0  -0.00501051    0.0184475    0.0124592
  0.00501051            0   -0.0200928   -0.0091768
  -0.0184475    0.0200928            0 -0.000551912
  -0.0124592    0.0091768  0.000551912            0
EndNode2[0]<--->HoM1[0]
REAL
  0.362176  0.0178323  0.0080414   0.266258
 0.0178323   0.145859   0.065348 0.00361663
 0.0080414   0.065348   0.134734 -0.0113556
  0.266258 0.00361663 -0.0113556   0.357231
IMAGINARY
          0 -0.00368502  0.00651199  0.00876984
 0.00368502           0  0.00248844  0.00844249
-0.00651199 -0.00248844           0   -0.016471
-0.00876984 -0.00844249    0.016471           0
Repeater1[0]<--->EndNode1[0]
REAL
   0.361111  -0.0160553 -0.00501643    0.265811
 -0.0160553    0.150794   0.0538209  0.00685692
-0.00501643   0.0538209    0.153439 -0.00541705
   0.265811  0.00685692 -0.00541705    0.334656
IMAGINARY
           0    0.0184475  -0.00501051    0.0124592
  -0.0184475            0    0.0200928 -0.000551912
  0.00501051   -0.0200928            0   -0.0091768
  -0.0124592  0.000551912    0.0091768            0
Repeater1[0]<--->HoM1[0]
REAL
  0.362176  0.0080414  0.0178323   0.266258
 0.0080414   0.134734   0.065348 -0.0113556
 0.0178323   0.065348   0.145859 0.00361663
  0.266258 -0.0113556 0.00361663   0.357231
IMAGINARY
          0  0.00651199 -0.00368502  0.00876984
-0.00651199           0 -0.00248844   -0.016471
 0.00368502  0.00248844           0  0.00844249
-0.00876984    0.016471 -0.00844249           0
EndNode1[0]<--->Repeater1[0]
REAL
  0.390041  0.0197183 0.00530046   0.282227
 0.0197183   0.128631  0.0758052 0.00279419
0.00530046  0.0758052   0.142462 0.00581099
  0.282227 0.00279419 0.00581099   0.338866
IMAGINARY
          0  -0.0304526  0.00351216  -0.0171359
  0.0304526           0  0.00713592  -0.0133418
-0.00351216 -0.00713592           0  -0.0147637
  0.0171359   0.0133418   0.0147637           0
EndNode2[0]<--->HoM1[0]
REAL
    0.32625  -0.0115222  0.00326289    0.279881
 -0.0115222     0.15125    0.071239 -0.00260413
 0.00326289    0.071239      0.1425   -0.012852
   0.279881 -0.00260413   -0.012852        0.38
IMAGINARY
          0 -0.00459256 -0.00210005  0.00974191
 0.00459256           0   0.0223682  0.00703833
 0.00210005  -0.0223682           0 -0.00775312
-0.00974191 -0.00703833  0.00775312           0
Repeater1[0]<--->EndNode1[0]
REAL
  0.390041 0.00530046  0.0197183   0.282227
0.00530046   0.142462  0.0758052 0.00581099
 0.0197183  0.0758052   0.128631 0.00279419
  0.282227 0.00581099 0.00279419   0.338866
IMAGINARY
          0  0.00351216  -0.0304526  -0.0171359
-0.00351216           0 -0.00713592  -0.0147637
  0.0304526  0.00713592           0  -0.0133418
  0.0171359   0.0147637   0.0133418           0
Repeater1[0]<--->HoM1[0]
REAL
    0.32625  0.00326289  -0.0115222    0.279881
 0.00326289      0.1425    0.071239   -0.012852
 -0.0115222    0.071239     0.15125 -0.00260413
   0.279881   -0.012852 -0.00260413        0.38
IMAGINARY
          0 -0.00210005 -0.00459256  0.00974191
 0.00210005           0  -0.0223682 -0.00775312
 0.00459256   0.0223682           0  0.00703833
-0.00974191  0.00775312 -0.00703833           0
EndNode1[0]<--->Repeater1[0]
REAL
   0.367168  0.00947547 -0.00738193    0.286002
 0.00947547    0.135338   0.0528352   0.0146474
-0.00738193   0.0528352    0.139098  0.00571607
   0.286002   0.0146474  0.00571607    0.358396
IMAGINARY
          0 -0.00621019 -0.00835378   0.0260608
 0.00621019           0   0.0170864   0.0220695
 0.00835378  -0.0170864           0 -0.00750552
 -0.0260608  -0.0220695  0.00750552           0
EndNode2[0]<--->HoM1[0]
REAL
  0.382212 0.00151498 -0.0131933   0.256275
0.00151498   0.161058  0.0718693  0.0138159
-0.0131933  0.0718693   0.115385  0.0165423
  0.256275  0.0138159  0.0165423   0.341346
IMAGINARY
           0 -0.000926084   0.00178425  -0.00637264
 0.000926084            0   0.00700316  -0.00673475
 -0.00178425  -0.00700316            0    -0.025064
  0.00637264   0.00673475     0.025064            0
Repeater1[0]<--->EndNode1[0]
REAL
   0.367168 -0.00738193  0.00947547    0.286002
-0.00738193    0.139098   0.0528352  0.00571607
 0.00947547   0.0528352    0.135338   0.0146474
   0.286002  0.00571607   0.0146474    0.358396
IMAGINARY
          0 -0.00835378 -0.00621019   0.0260608
 0.00835378           0  -0.0170864 -0.00750552
 0.00621019   0.0170864           0   0.0220695
 -0.0260608  0.00750552  -0.0220695           0
Repeater1[0]<--->HoM1[0]
REAL
  0.382212 -0.0131933 0.00151498   0.256275
-0.0131933   0.115385  0.0718693  0.0165423
0.00151498  0.0718693   0.161058  0.0138159
  0.256275  0.0165423  0.0138159   0.341346
IMAGINARY
           0   0.00178425 -0.000926084  -0.00637264
 -0.00178425            0  -0.00700316    -0.025064
 0.000926084   0.00700316            0  -0.00673475
  0.00637264     0.025064   0.00673475            0
EndNode1[0]<--->Repeater1[0]
REAL
  0.387097 0.00443203 0.00695604   0.289512
0.00443203   0.143921  0.0516091 0.00572754
0.00695604  0.0516091   0.153846 0.00958667
  0.289512 0.00572754 0.00958667   0.315136
IMAGINARY
         0  0.0194044 -0.0142307 -0.0135234
-0.0194044          0 -0.0228402  0.0115425
 0.0142307  0.0228402          0  0.0115096
 0.0135234 -0.0115425 -0.0115096          0
EndNode2[0]<--->HoM1[0]
REAL
   0.340144 -0.00323516  0.00276753    0.259835
-0.00323516    0.149038   0.0532027  0.00276753
 0.00276753   0.0532027    0.147837   0.0112302
   0.259835  0.00276753   0.0112302    0.362981
IMAGINARY
           0    0.0115382   0.00549913  -0.00167387
  -0.0115382            0 -0.000395097  -0.00932566
 -0.00549913  0.000395097            0   -0.0255688
  0.00167387   0.00932566    0.0255688            0
Repeater1[0]<--->EndNode1[0]
REAL
  0.387097 0.00695604 0.00443203   0.289512
0.00695604   0.153846  0.0516091 0.00958667
0.00443203  0.0516091   0.143921 0.00572754
  0.289512 0.00958667 0.00572754   0.315136
IMAGINARY
         0 -0.0142307  0.0194044 -0.0135234
 0.0142307          0  0.0228402  0.0115096
-0.0194044 -0.0228402          0  0.0115425
 0.0135234 -0.0115096 -0.0115425          0
Repeater1[0]<--->HoM1[0]
REAL
   0.340144  0.00276753 -0.00323516    0.259835
 0.00276753    0.147837   0.0532027   0.0112302
-0.00323516   0.0532027    0.149038  0.00276753
   0.259835   0.0112302  0.00276753    0.362981
IMAGINARY
           0   0.00549913    0.0115382  -0.00167387
 -0.00549913            0  0.000395097   -0.0255688
  -0.0115382 -0.000395097            0  -0.00932566
  0.00167387    0.0255688   0.00932566            0
EndNode1[0]<--->Repeater1[0]
REAL
    0.37578   0.0126277 -0.00417531    0.268506
  0.0126277    0.141074   0.0582137  0.00682081
-0.00417531   0.0582137    0.148564   -0.011305
   0.268506  0.00682081   -0.011305    0.334582
IMAGINARY
           0    0.0122106   -0.0028803   -0.0260741
  -0.0122106            0  0.000583901  -0.00029632
   0.0028803 -0.000583901            0  -0.00649266
   0.0260741   0.00029632   0.00649266            0
EndNode2[0]<--->HoM1[0]
REAL
  0.356858 -0.0352306 -0.0222364   0.282087
-0.0352306   0.157124  0.0650803 0.00840243
-0.0222364  0.0650803   0.153129 0.00295125
  0.282087 0.00840243 0.00295125   0.332889
IMAGINARY
          0  -0.0191017  0.00671079 -0.00521329
  0.0191017           0 -0.00459063  0.00349329
-0.00671079  0.00459063           0 -0.00198676
 0.00521329 -0.00349329  0.00198676           0
Repeater1[0]<--->EndNode1[0]
REAL
    0.37578 -0.00417531   0.0126277    0.268506
-0.00417531    0.148564   0.0582137   -0.011305
  0.0126277   0.0582137    0.141074  0.00682081
   0.268506   -0.011305  0.00682081    0.334582
IMAGINARY
           0   -0.0028803    0.0122106   -0.0260741
   0.0028803            0 -0.000583901  -0.00649266
  -0.0122106  0.000583901            0  -0.00029632
   0.0260741   0.00649266   0.00029632            0
Repeater1[0]<--->HoM1[0]
REAL
  0.356858 -0.0222364 -0.0352306   0.282087
-0.0222364   0.153129  0.0650803 0.00295125
-0.0352306  0.0650803   0.157124 0.00840243
  0.282087 0.00295125 0.00840243   0.332889
IMAGINARY
          0  0.00671079  -0.0191017 -0.00521329
-0.00671079           0  0.00459063 -0.00198676
  0.0191017 -0.00459063           0  0.00349329
 0.00521329  0.00198676 -0.00349329           0
EndNode1[0]<--->Repeater1[0]
REAL
  0.362245 0.00363872  0.0216641   0.265239
0.00363872   0.131378  0.0656339 0.00451037
 0.0216641  0.0656339   0.155612  0.0144821
  0.265239 0.00451037  0.0144821   0.350765
IMAGINARY
           0  -0.00242815    -0.024361  0.000652655
  0.00242815            0  -0.00580729   -0.0263637
    0.024361   0.00580729            0  -0.00745327
-0.000652655    0.0263637   0.00745327            0
EndNode2[0]<--->HoM1[0]
REAL
    0.341048  -0.00130089   -0.0187393     0.277009
 -0.00130089     0.132765    0.0399672     0.022718
  -0.0187393    0.0399672     0.157125 -2.53749e-05
    0.277009     0.022718 -2.53749e-05     0.369062
IMAGINARY
           0    0.0136385   -0.0217623    0.0239972
  -0.0136385            0 -0.000312954 -0.000361558
   0.0217623  0.000312954            0    0.0110138
  -0.0239972  0.000361558   -0.0110138            0
Repeater1[0]<--->EndNode1[0]
REAL
  0.362245  0.0216641 0.00363872   0.265239
 0.0216641   0.155612  0.0656339  0.0144821
0.00363872  0.0656339   0.131378 0.00451037
  0.265239  0.0144821 0.00451037   0.350765
IMAGINARY
           0    -0.024361  -0.00242815  0.000652655
    0.024361            0   0.00580729  -0.00745327
  0.00242815  -0.00580729            0   -0.0263637
-0.000652655   0.00745327    0.0263637            0
Repeater1[0]<--->HoM1[0]
REAL
    0.341048   -0.0187393  -0.00130089     0.277009
  -0.0187393     0.157125    0.0399672 -2.53749e-05
 -0.00130089    0.0399672     0.132765     0.022718
    0.277009 -2.53749e-05     0.022718     0.369062
IMAGINARY
           0   -0.0217623    0.0136385    0.0239972
   0.0217623            0  0.000312954    0.0110138
  -0.0136385 -0.000312954            0 -0.000361558
  -0.0239972   -0.0110138  0.000361558            0
EndNode1[0]<--->Repeater1[0]
REAL
    0.346991    0.0143741 -0.000970243     0.253338
   0.0143741     0.140845    0.0556941   0.00290573
-0.000970243    0.0556941     0.162612   -0.0227612
    0.253338   0.00290573   -0.0227612     0.349552
IMAGINARY
          0  -0.0159191   0.0141231  -0.0206078
  0.0159191           0 -0.00834973 -0.00496083
 -0.0141231  0.00834973           0 -0.00240555
  0.0206078  0.00496083  0.00240555           0
EndNode2[0]<--->HoM1[0]
REAL
   0.373134   0.0431389    0.027363    0.259185
  0.0431389    0.143826   0.0689191 -0.00212422
   0.027363   0.0689191    0.118046  -0.0233572
   0.259185 -0.00212422  -0.0233572    0.364993
IMAGINARY
          0    -0.02035   0.0181676 -0.00580025
    0.02035           0  0.00905123  -0.0162712
 -0.0181676 -0.00905123           0 -0.00809505
 0.00580025   0.0162712  0.00809505           0
Repeater1[0]<--->EndNode1[0]
REAL
    0.346991 -0.000970243    0.0143741     0.253338
-0.000970243     0.162612    0.0556941   -0.0227612
   0.0143741    0.0556941     0.140845   0.00290573
    0.253338   -0.0227612   0.00290573     0.349552
IMAGINARY
          0   0.0141231  -0.0159191  -0.0206078
 -0.0141231           0  0.00834973 -0.00240555
  0.0159191 -0.00834973           0 -0.00496083
  0.0206078  0.00240555  0.00496083           0
Repeater1[0]<--->HoM1[0]
REAL
   0.373134    0.027363   0.0431389    0.259185
   0.027363    0.118046   0.0689191  -0.0233572
  0.0431389   0.0689191    0.143826 -0.00212422
   0.259185  -0.0233572 -0.00212422    0.364993
IMAGINARY
          0   0.0181676    -0.02035 -0.00580025
 -0.0181676           0 -0.00905123 -0.00809505
    0.02035  0.00905123           0  -0.0162712
 0.00580025  0.00809505   0.0162712           0
EndNode1[0]<--->Repeater1[0]
REAL
   0.350438  0.00132626   0.0267736    0.269038
 0.00132626     0.14393   0.0399805 -0.00953218
  0.0267736   0.0399805    0.147685   0.0212202
   0.269038 -0.00953218   0.0212202    0.357947
IMAGINARY
           0    0.0038926    0.0176039  -0.00965358
  -0.0038926            0   0.00526211  0.000720745
  -0.0176039  -0.00526211            0    0.0026519
  0.00965358 -0.000720745   -0.0026519            0
EndNode2[0]<--->HoM1[0]
REAL
  0.357868  -0.011264  0.0131117   0.267636
 -0.011264   0.149746  0.0480208 -0.0194248
 0.0131117  0.0480208   0.142132  0.0150518
  0.267636 -0.0194248  0.0150518   0.350254
IMAGINARY
           0  -0.00139968  0.000794412  -0.00551484
  0.00139968            0   0.00940085   -0.0122264
-0.000794412  -0.00940085            0  -0.00281211
  0.00551484    0.0122264   0.00281211            0
Repeater1[0]<--->EndNode1[0]
REAL
   0.350438   0.0267736  0.00132626    0.269038
  0.0267736    0.147685   0.0399805   0.0212202
 0.00132626   0.0399805     0.14393 -0.00953218
   0.269038   0.0212202 -0.00953218    0.357947
IMAGINARY
           0    0.0176039    0.0038926  -0.00965358
  -0.0176039            0  -0.00526211    0.0026519
  -0.0038926   0.00526211            0  0.000720745
  0.00965358   -0.0026519 -0.000720745            0
Repeater1[0]<--->HoM1[0]
REAL
  0.357868  0.0131117  -0.011264   0.267636
 0.0131117   0.142132  0.0480208  0.0150518
 -0.011264  0.0480208   0.149746 -0.0194248
  0.267636  0.0150518 -0.0194248   0.350254
IMAGINARY
           0  0.000794412  -0.00139968  -0.00551484
-0.000794412            0  -0.00940085  -0.00281211
  0.00139968   0.00940085            0   -0.0122264
  0.00551484   0.00281211    0.0122264            0
EndNode1[0]<--->Repeater1[0]
REAL
    0.356955   0.00131234   0.00200355     0.247077
  0.00131234     0.144357    0.0631325   0.00323205
  0.00200355    0.0631325     0.149606 -3.44448e-06
    0.247077   0.00323205 -3.44448e-06     0.349081
IMAGINARY
           0   -0.0101718   0.00984288  -0.00832616
   0.0101718            0 -0.000170574 -0.000361206
 -0.00984288  0.000170574            0  -0.00689523
  0.00832616  0.000361206   0.00689523            0
EndNode2[0]<--->HoM1[0]
REAL
   0.350949  -0.0110582 -0.00965134    0.262303
 -0.0110582    0.138211   0.0773542  -0.0240084
-0.00965134   0.0773542    0.131436 -0.00913761
   0.262303  -0.0240084 -0.00913761    0.379404
IMAGINARY
          0   0.0127551  -0.0144629  0.00261228
 -0.0127551           0  -0.0245195   0.0157384
  0.0144629   0.0245195           0 -0.00510204
-0.00261228  -0.0157384  0.00510204           0
Repeater1[0]<--->EndNode1[0]
REAL
    0.356955   0.00200355   0.00131234     0.247077
  0.00200355     0.149606    0.0631325 -3.44448e-06
  0.00131234    0.0631325     0.144357   0.00323205
    0.247077 -3.44448e-06   0.00323205     0.349081
IMAGINARY
           0   0.00984288   -0.0101718  -0.00832616
 -0.00984288            0  0.000170574  -0.00689523
   0.0101718 -0.000170574            0 -0.000361206
  0.00832616   0.00689523  0.000361206            0
Repeater1[0]<--->HoM1[0]
REAL
   0.350949 -0.00965134  -0.0110582    0.262303
-0.00965134    0.131436   0.0773542 -0.00913761
 -0.0110582   0.0773542    0.138211  -0.0240084
   0.262303 -0.00913761  -0.0240084    0.379404
IMAGINARY
          0  -0.0144629   0.0127551  0.00261228
  0.0144629           0   0.0245195 -0.00510204
 -0.0127551  -0.0245195           0   0.0157384
-0.00261228  0.00510204  -0.0157384           0
EndNode1[0]<--->Repeater1[0]
REAL
   0.376214  -0.0152599   0.0030054    0.263651
 -0.0152599    0.134709   0.0497336 0.000212104
  0.0030054   0.0497336    0.133495   0.0171904
   0.263651 0.000212104   0.0171904    0.355583
IMAGINARY
          0   0.0188459  0.00642342   0.0101259
 -0.0188459           0 -0.00881353 -0.00900074
-0.00642342  0.00881353           0  0.00177269
 -0.0101259  0.00900074 -0.00177269           0
EndNode2[0]<--->HoM1[0]
REAL
  0.369018  0.0124388  0.0110903    0.26148
 0.0124388   0.161209  0.0550333 0.00791366
 0.0110903  0.0550333   0.115869  0.0170501
   0.26148 0.00791366  0.0170501   0.353904
IMAGINARY
          0 -0.00657976    0.020945  -0.0083928
 0.00657976           0  -0.0207997  0.00168872
  -0.020945   0.0207997           0 -0.00782354
  0.0083928 -0.00168872  0.00782354           0
Repeater1[0]<--->EndNode1[0]
REAL
   0.376214   0.0030054  -0.0152599    0.263651
  0.0030054    0.133495   0.0497336   0.0171904
 -0.0152599   0.0497336    0.134709 0.000212104
   0.263651   0.0171904 0.000212104    0.355583
IMAGINARY
          0  0.00642342   0.0188459   0.0101259
-0.00642342           0  0.00881353  0.00177269
 -0.0188459 -0.00881353           0 -0.00900074
 -0.0101259 -0.00177269  0.00900074           0
Repeater1[0]<--->HoM1[0]
REAL
  0.369018  0.0110903  0.0124388    0.26148
 0.0110903   0.115869  0.0550333  0.0170501
 0.0124388  0.0550333   0.161209 0.00791366
   0.26148  0.0170501 0.00791366   0.353904
IMAGINARY
          0    0.020945 -0.00657976  -0.0083928
  -0.020945           0   0.0207997 -0.00782354
 0.00657976  -0.0207997           0  0.00168872
  0.0083928  0.00782354 -0.00168872           0
EndNode1[0]<--->Repeater1[0]
REAL
  0.363524  0.0146599 -0.0039577   0.259152
 0.0146599   0.155087  0.0628372  0.0078844
-0.0039577  0.0628372   0.131514 -0.0185866
  0.259152  0.0078844 -0.0185866   0.349876
IMAGINARY
          0  0.00521219  -0.0123599  0.00591069
-0.00521219           0  0.00196332  0.00283001
  0.0123599 -0.00196332           0  -0.0122007
-0.00591069 -0.00283001   0.0122007           0
EndNode2[0]<--->HoM1[0]
REAL
    0.368421 -0.000683695    0.0125748     0.278574
-0.000683695     0.133504    0.0582134   0.00944591
   0.0125748    0.0582134     0.130937    0.0227044
    0.278574   0.00944591    0.0227044     0.367137
IMAGINARY
          0  -0.0177263   0.0145205  -0.0142177
  0.0177263           0 -0.00302367   0.0164073
 -0.0145205  0.00302367           0  -0.0170675
  0.0142177  -0.0164073   0.0170675           0
Repeater1[0]<--->EndNode1[0]
REAL
  0.363524 -0.0039577  0.0146599   0.259152
-0.0039577   0.131514  0.0628372 -0.0185866
 0.0146599  0.0628372   0.155087  0.0078844
  0.259152 -0.0185866  0.0078844   0.349876
IMAGINARY
          0  -0.0123599  0.00521219  0.00591069
  0.0123599           0 -0.00196332  -0.0122007
-0.00521219  0.00196332           0  0.00283001
-0.00591069   0.0122007 -0.00283001           0
Repeater1[0]<--->HoM1[0]
REAL
    0.368421    0.0125748 -0.000683695     0.278574
   0.0125748     0.130937    0.0582134    0.0227044
-0.000683695    0.0582134     0.133504   0.00944591
    0.278574    0.0227044   0.00944591     0.367137
IMAGINARY
          0   0.0145205  -0.0177263  -0.0142177
 -0.0145205           0  0.00302367  -0.0170675
  0.0177263 -0.00302367           0   0.0164073
  0.0142177   0.0170675  -0.0164073           0
EndNode1[0]<--->Repeater1[0]
REAL
   0.360677  -0.0162383 -0.00929234    0.275635
 -0.0162383    0.165365   0.0572888   0.0142063
-0.00929234   0.0572888    0.134115 -0.00341775
   0.275635   0.0142063 -0.00341775    0.339844
IMAGINARY
          0  -0.0161953   0.0211526  0.00384014
  0.0161953           0  -0.0263866  -0.0108167
 -0.0211526   0.0263866           0 -0.00447654
-0.00384014   0.0108167  0.00447654           0
EndNode2[0]<--->HoM1[0]
REAL
   0.378706     0.01702 -0.00535714    0.267186
    0.01702    0.123989   0.0560462   0.0167208
-0.00535714   0.0560462    0.144205 -0.00313112
   0.267186   0.0167208 -0.00313112      0.3531
IMAGINARY
          0  0.00115068  -0.0148156  0.00386183
-0.00115068           0  0.00450368 -0.00590977
  0.0148156 -0.00450368           0  -0.0128087
-0.00386183  0.00590977   0.0128087           0
Repeater1[0]<--->EndNode1[0]
REAL
   0.360677 -0.00929234  -0.0162383    0.275635
-0.00929234    0.134115   0.0572888 -0.00341775
 -0.0162383   0.0572888    0.165365   0.0142063
   0.275635 -0.00341775   0.0142063    0.339844
IMAGINARY
          0   0.0211526  -0.0161953  0.00384014
 -0.0211526           0   0.0263866 -0.00447654
  0.0161953  -0.0263866           0  -0.0108167
-0.00384014  0.00447654   0.0108167           0
Repeater1[0]<--->HoM1[0]
REAL
   0.378706 -0.00535714     0.01702    0.267186
-0.00535714    0.144205   0.0560462 -0.00313112
    0.01702   0.0560462    0.123989   0.0167208
   0.267186 -0.00313112   0.0167208      0.3531
IMAGINARY
          0  -0.0148156  0.00115068  0.00386183
  0.0148156           0 -0.00450368  -0.0128087
-0.00115068  0.00450368           0 -0.00590977
-0.00386183   0.0128087  0.00590977           0
EndNode1[0]<--->Repeater1[0]
REAL
  0.374317 0.00576717 0.00119512   0.265247
0.00576717   0.135246  0.0534054  0.0208256
0.00119512  0.0534054   0.146175  0.0110722
  0.265247  0.0208256  0.0110722   0.344262
IMAGINARY
          0  -0.0270504  0.00723684  0.00525696
  0.0270504           0  0.00844167  0.00723684
-0.00723684 -0.00844167           0   -0.001897
-0.00525696 -0.00723684    0.001897           0
EndNode2[0]<--->HoM1[0]
REAL
    0.37013  -0.0165398  0.00490045     0.26537
 -0.0165398    0.149351   0.0575345 -0.00194886
 0.00490045   0.0575345    0.133766   0.0124076
    0.26537 -0.00194886   0.0124076    0.346753
IMAGINARY
          0   0.0134307  -0.0186455 -0.00702811
 -0.0134307           0 -0.00702811 -0.00592287
  0.0186455  0.00702811           0 -0.00479851
 0.00702811  0.00592287  0.00479851           0
Repeater1[0]<--->EndNode1[0]
REAL
  0.374317 0.00119512 0.00576717   0.265247
0.00119512   0.146175  0.0534054  0.0110722
0.00576717  0.0534054   0.135246  0.0208256
  0.265247  0.0110722  0.0208256   0.344262
IMAGINARY
          0  0.00723684  -0.0270504  0.00525696
-0.00723684           0 -0.00844167   -0.001897
  0.0270504  0.00844167           0  0.00723684
-0.00525696    0.001897 -0.00723684           0
Repeater1[0]<--->HoM1[0]
REAL
    0.37013  0.00490045  -0.0165398     0.26537
 0.00490045    0.133766   0.0575345   0.0124076
 -0.0165398   0.0575345    0.149351 -0.00194886
    0.26537   0.0124076 -0.00194886    0.346753
IMAGINARY
          0  -0.0186455   0.0134307 -0.00702811
  0.0186455           0  0.00702811 -0.00479851
 -0.0134307 -0.00702811           0 -0.00592287
 0.00702811  0.00479851  0.00592287           0
EndNode1[0]<--->Repeater1[0]
REAL
   0.404365   0.0044252 -0.00198413    0.251577
  0.0044252    0.116816   0.0592694  -0.0205026
-0.00198413   0.0592694    0.151476  -0.0176527
   0.251577  -0.0205026  -0.0176527    0.327343
IMAGINARY
          0   0.0122024  0.00820827   0.0151058
 -0.0122024           0  0.00126702  0.00240181
-0.00820827 -0.00126702           0  0.00901772
 -0.0151058 -0.00240181 -0.00901772           0
EndNode2[0]<--->HoM1[0]
REAL
   0.382812  -0.0115461  0.00862315    0.285571
 -0.0115461    0.134115   0.0631469 -0.00734109
 0.00862315   0.0631469    0.126302   0.0128281
   0.285571 -0.00734109   0.0128281    0.356771
IMAGINARY
           0   -0.0101768    0.0229781  -0.00676532
   0.0101768            0 -0.000697363  -0.00297814
  -0.0229781  0.000697363            0  -0.00133838
  0.00676532   0.00297814   0.00133838            0
Repeater1[0]<--->EndNode1[0]
REAL
   0.404365 -0.00198413   0.0044252    0.251577
-0.00198413    0.151476   0.0592694  -0.0176527
  0.0044252   0.0592694    0.116816  -0.0205026
   0.251577  -0.0176527  -0.0205026    0.327343
IMAGINARY
          0  0.00820827   0.0122024   0.0151058
-0.00820827           0 -0.00126702  0.00901772
 -0.0122024  0.00126702           0  0.00240181
 -0.0151058 -0.00901772 -0.00240181           0
Repeater1[0]<--->HoM1[0]
REAL
   0.382812  0.00862315  -0.0115461    0.285571
 0.00862315    0.126302   0.0631469   0.0128281
 -0.0115461   0.0631469    0.134115 -0.00734109
   0.285571   0.0128281 -0.00734109    0.356771
IMAGINARY
           0    0.0229781   -0.0101768  -0.00676532
  -0.0229781            0  0.000697363  -0.00133838
   0.0101768 -0.000697363            0  -0.00297814
  0.00676532   0.00133838   0.00297814            0
EndNode1[0]<--->Repeater1[0]
REAL
  0.357057 0.00766284  0.0010701   0.273745
0.00766284    0.13269  0.0500097 -0.0106486
 0.0010701  0.0500097   0.131484  0.0108557
  0.273745 -0.0106486  0.0108557    0.37877
IMAGINARY
          0   0.0125211 -0.00137965   0.0106897
 -0.0125211           0  -0.0106897  -0.0226152
 0.00137965   0.0106897           0  0.00239456
 -0.0106897   0.0226152 -0.00239456           0
EndNode2[0]<--->HoM1[0]
REAL
   0.363171 0.000373712   0.0319316    0.280433
0.000373712    0.144501   0.0407587  0.00316778
  0.0319316   0.0407587    0.143223  0.00956006
   0.280433  0.00316778  0.00956006    0.349105
IMAGINARY
           0   -0.0120106    0.0025749   -0.0158045
   0.0120106            0 -0.000777155    0.0193275
  -0.0025749  0.000777155            0    0.0201458
   0.0158045   -0.0193275   -0.0201458            0
Repeater1[0]<--->EndNode1[0]
REAL
  0.357057  0.0010701 0.00766284   0.273745
 0.0010701   0.131484  0.0500097  0.0108557
0.00766284  0.0500097    0.13269 -0.0106486
  0.273745  0.0108557 -0.0106486    0.37877
IMAGINARY
          0 -0.00137965   0.0125211   0.0106897
 0.00137965           0   0.0106897  0.00239456
 -0.0125211  -0.0106897           0  -0.0226152
 -0.0106897 -0.00239456   0.0226152           0
Repeater1[0]<--->HoM1[0]
REAL
   0.363171   0.0319316 0.000373712    0.280433
  0.0319316    0.143223   0.0407587  0.00956006
0.000373712   0.0407587    0.144501  0.00316778
   0.280433  0.00956006  0.00316778    0.349105
IMAGINARY
           0    0.0025749   -0.0120106   -0.0158045
  -0.0025749            0  0.000777155    0.0201458
   0.0120106 -0.000777155            0    0.0193275
   0.0158045   -0.0201458   -0.0193275            0
EndNode1[0]<--->Repeater1[0]
REAL
    0.360852 -0.000946583   -0.0183866     0.264717
-0.000946583     0.133156    0.0420396  -0.00323505
  -0.0183866    0.0420396     0.115846   -0.0139183
    0.264717  -0.00323505   -0.0139183     0.390146
IMAGINARY
          0   0.0148665   -0.004652  -0.0106632
 -0.0148665           0 -0.00751858  -0.0335994
   0.004652  0.00751858           0  0.00835758
  0.0106632   0.0335994 -0.00835758           0
EndNode2[0]<--->HoM1[0]
REAL
   0.354967  0.00302948 -0.00705001    0.273444
 0.00302948    0.152318   0.0508637  0.00163485
-0.00705001   0.0508637    0.131126   0.0180295
   0.273444  0.00163485   0.0180295    0.361589
IMAGINARY
          0  -0.0100276  -0.0278535 -0.00544783
  0.0100276           0 -0.00681023  0.00140185
  0.0278535  0.00681023           0  0.00422113
 0.00544783 -0.00140185 -0.00422113           0
Repeater1[0]<--->EndNode1[0]
REAL
    0.360852   -0.0183866 -0.000946583     0.264717
  -0.0183866     0.115846    0.0420396   -0.0139183
-0.000946583    0.0420396     0.133156  -0.00323505
    0.264717   -0.0139183  -0.00323505     0.390146
IMAGINARY
          0   -0.004652   0.0148665  -0.0106632
   0.004652           0  0.00751858  0.00835758
 -0.0148665 -0.00751858           0  -0.0335994
  0.0106632 -0.00835758   0.0335994           0
Repeater1[0]<--->HoM1[0]
REAL
   0.354967 -0.00705001  0.00302948    0.273444
-0.00705001    0.131126   0.0508637   0.0180295
 0.00302948   0.0508637    0.152318  0.00163485
   0.273444   0.0180295  0.00163485    0.361589
IMAGINARY
          0  -0.0278535  -0.0100276 -0.00544783
  0.0278535           0  0.00681023  0.00422113
  0.0100276 -0.00681023           0  0.00140185
 0.00544783 -0.00422113 -0.00140185           0
EndNode1[0]<--->Repeater1[0]
REAL
  0.381868 -0.0140644 0.00254513   0.268547
-0.0140644   0.151099  0.0495176 0.00713229
0.00254513  0.0495176   0.138736  0.0121289
  0.268547 0.00713229  0.0121289   0.328297
IMAGINARY
           0   0.00238593    0.0083096    0.0100331
 -0.00238593            0  0.000822578   0.00510036
  -0.0083096 -0.000822578            0   -0.0157959
  -0.0100331  -0.00510036    0.0157959            0
EndNode2[0]<--->HoM1[0]
REAL
   0.347719  -0.0055469  0.00270753    0.257514
 -0.0055469    0.125771   0.0658717  -0.0118427
 0.00270753   0.0658717    0.154131 -0.00237028
   0.257514  -0.0118427 -0.00237028     0.37238
IMAGINARY
           0    0.0270479    0.0176895   -0.0136617
  -0.0270479            0   -0.0014068 -0.000398395
  -0.0176895    0.0014068            0    0.0017705
   0.0136617  0.000398395   -0.0017705            0
Repeater1[0]<--->EndNode1[0]
REAL
  0.381868 0.00254513 -0.0140644   0.268547
0.00254513   0.138736  0.0495176  0.0121289
-0.0140644  0.0495176   0.151099 0.00713229
  0.268547  0.0121289 0.00713229   0.328297
IMAGINARY
           0    0.0083096   0.00238593    0.0100331
  -0.0083096            0 -0.000822578   -0.0157959
 -0.00238593  0.000822578            0   0.00510036
  -0.0100331    0.0157959  -0.00510036            0
Repeater1[0]<--->HoM1[0]
REAL
   0.347719  0.00270753  -0.0055469    0.257514
 0.00270753    0.154131   0.0658717 -0.00237028
 -0.0055469   0.0658717    0.125771  -0.0118427
   0.257514 -0.00237028  -0.0118427     0.37238
IMAGINARY
           0    0.0176895    0.0270479   -0.0136617
  -0.0176895            0    0.0014068    0.0017705
  -0.0270479   -0.0014068            0 -0.000398395
   0.0136617   -0.0017705  0.000398395            0
EndNode1[0]<--->Repeater1[0]
REAL
   0.361842   0.0299283  -0.0224234    0.256533
  0.0299283    0.134211   0.0472166   0.0111734
 -0.0224234   0.0472166    0.128947 -0.00242827
   0.256533   0.0111734 -0.00242827       0.375
IMAGINARY
          0  -0.0156658 -0.00696971  0.00293299
  0.0156658           0  0.00494102  0.00883307
 0.00696971 -0.00494102           0  -0.0110423
-0.00293299 -0.00883307   0.0110423           0
EndNode2[0]<--->HoM1[0]
REAL
    0.35347  0.00556956  -0.0186405    0.265392
 0.00556956     0.12982   0.0494231   0.0052305
 -0.0186405   0.0494231    0.133676 -0.00748527
   0.265392   0.0052305 -0.00748527    0.383033
IMAGINARY
          0   0.0188325 -0.00893113 -0.00411875
 -0.0188325           0  0.00279949  -0.0251003
 0.00893113 -0.00279949           0    0.040068
 0.00411875   0.0251003   -0.040068           0
Repeater1[0]<--->EndNode1[0]
REAL
   0.361842  -0.0224234   0.0299283    0.256533
 -0.0224234    0.128947   0.0472166 -0.00242827
  0.0299283   0.0472166    0.134211   0.0111734
   0.256533 -0.00242827   0.0111734       0.375
IMAGINARY
          0 -0.00696971  -0.0156658  0.00293299
 0.00696971           0 -0.00494102  -0.0110423
  0.0156658  0.00494102           0  0.00883307
-0.00293299   0.0110423 -0.00883307           0
Repeater1[0]<--->HoM1[0]
REAL
    0.35347  -0.0186405  0.00556956    0.265392
 -0.0186405    0.133676   0.0494231 -0.00748527
 0.00556956   0.0494231     0.12982   0.0052305
   0.265392 -0.00748527   0.0052305    0.383033
IMAGINARY
          0 -0.00893113   0.0188325 -0.00411875
 0.00893113           0 -0.00279949    0.040068
 -0.0188325  0.00279949           0  -0.0251003
 0.00411875   -0.040068   0.0251003           0
EndNode1[0]<--->Repeater1[0]
REAL
   0.342711  0.00621744  0.00814508    0.255823
 0.00621744    0.150895   0.0752495 -0.00506247
 0.00814508   0.0752495    0.134271 -0.00436787
   0.255823 -0.00506247 -0.00436787    0.372123
IMAGINARY
          0   0.0181167   0.0137446  0.00596063
 -0.0181167           0   0.0104651  -0.0170041
 -0.0137446  -0.0104651           0 -0.00833833
-0.00596063   0.0170041  0.00833833           0
EndNode2[0]<--->HoM1[0]
REAL
  0.351064 0.00109171    0.01063   0.270299
0.00109171   0.132979  0.0641204 0.00566724
   0.01063  0.0641204   0.142287 0.00868665
  0.270299 0.00566724 0.00868665    0.37367
IMAGINARY
          0  -0.0184297   0.0144308  0.00981686
  0.0184297           0  -0.0416235  0.00763731
 -0.0144308   0.0416235           0 -0.00237737
-0.00981686 -0.00763731  0.00237737           0
Repeater1[0]<--->EndNode1[0]
REAL
   0.342711  0.00814508  0.00621744    0.255823
 0.00814508    0.134271   0.0752495 -0.00436787
 0.00621744   0.0752495    0.150895 -0.00506247
   0.255823 -0.00436787 -0.00506247    0.372123
IMAGINARY
          0   0.0137446   0.0181167  0.00596063
 -0.0137446           0  -0.0104651 -0.00833833
 -0.0181167   0.0104651           0  -0.0170041
-0.00596063  0.00833833   0.0170041           0
Repeater1[0]<--->HoM1[0]
REAL
  0.351064    0.01063 0.00109171   0.270299
   0.01063   0.142287  0.0641204 0.00868665
0.00109171  0.0641204   0.132979 0.00566724
  0.270299 0.00868665 0.00566724    0.37367
IMAGINARY
          0   0.0144308  -0.0184297  0.00981686
 -0.0144308           0   0.0416235 -0.00237737
  0.0184297  -0.0416235           0  0.00763731
-0.00981686  0.00237737 -0.00763731           0
EndNode1[0]<--->Repeater1[0]
REAL
   0.359164 -0.00209393 -0.00988651    0.269387
-0.00209393    0.157442   0.0495999  0.00735487
-0.00988651   0.0495999    0.143911 -0.00676683
   0.269387  0.00735487 -0.00676683    0.339483
IMAGINARY
          0  -0.0145757   0.0117515   0.0211261
  0.0145757           0 -0.00813912    0.018129
 -0.0117515  0.00813912           0  0.00992762
 -0.0211261   -0.018129 -0.00992762           0
EndNode2[0]<--->HoM1[0]
REAL
   0.335025 -0.00656769  -0.0258109    0.276992
-0.00656769    0.130711   0.0584833   0.0309523
 -0.0258109   0.0584833    0.156091   0.0117091
   0.276992   0.0309523   0.0117091    0.378173
IMAGINARY
           0    0.0102828   0.00258405    0.0199648
  -0.0102828            0    0.0029837 -1.33543e-05
 -0.00258405   -0.0029837            0  -0.00128535
  -0.0199648  1.33543e-05   0.00128535            0
Repeater1[0]<--->EndNode1[0]
REAL
   0.359164 -0.00988651 -0.00209393    0.269387
-0.00988651    0.143911   0.0495999 -0.00676683
-0.00209393   0.0495999    0.157442  0.00735487
   0.269387 -0.00676683  0.00735487    0.339483
IMAGINARY
          0   0.0117515  -0.0145757   0.0211261
 -0.0117515           0  0.00813912  0.00992762
  0.0145757 -0.00813912           0    0.018129
 -0.0211261 -0.00992762   -0.018129           0
Repeater1[0]<--->HoM1[0]
REAL
   0.335025  -0.0258109 -0.00656769    0.276992
 -0.0258109    0.156091   0.0584833   0.0117091
-0.00656769   0.0584833    0.130711   0.0309523
   0.276992   0.0117091   0.0309523    0.378173
IMAGINARY
           0   0.00258405    0.0102828    0.0199648
 -0.00258405            0   -0.0029837  -0.00128535
  -0.0102828    0.0029837            0 -1.33543e-05
  -0.0199648   0.00128535  1.33543e-05            0
EndNode1[0]<--->Repeater1[0]
REAL
  0.370027 -0.0324333 -0.0337336    0.27939
-0.0324333   0.151194  0.0607636  -0.018696
-0.0337336  0.0607636    0.15252 -0.0187176
   0.27939  -0.018696 -0.0187176    0.32626
IMAGINARY
          0  -0.0092255  0.00244091  -0.0157455
  0.0092255           0 -0.00075199   0.0272817
-0.00244091  0.00075199           0 -0.00596605
  0.0157455  -0.0272817  0.00596605           0
EndNode2[0]<--->HoM1[0]
REAL
    0.399485 -7.71605e-05  -0.00470022     0.265127
-7.71605e-05     0.126289    0.0533919   -0.0113492
