EndNode1[0]<--->Repeater1[0]
REAL
   0.477301  -0.0257649 -0.00885743    0.266473
 -0.0257649   0.0404908  -0.0082309 0.000920925
-0.00885743  -0.0082309   0.0429448 -0.00170766
   0.266473 0.000920925 -0.00170766    0.439264
IMAGINARY
          0  0.00831442 -0.00115561  0.00717044
-0.00831442           0   0.0230133   0.0255298
 0.00115561  -0.0230133           0   0.0107897
-0.00717044  -0.0255298  -0.0107897           0
EndNode2[0]<--->HoM1[0]
REAL
    0.474966   -0.0133138 -0.000169887     0.255273
  -0.0133138    0.0500677    0.0254753   0.00685438
-0.000169887    0.0254753    0.0500677  -0.00406592
    0.255273   0.00685438  -0.00406592     0.424899
IMAGINARY
          0   -0.035932   0.0160886   0.0182292
   0.035932           0  -0.0188777   0.0129518
 -0.0160886   0.0188777           0 -0.00320945
 -0.0182292  -0.0129518  0.00320945           0
Repeater1[0]<--->EndNode1[0]
REAL
   0.477301 -0.00885743  -0.0257649    0.266473
-0.00885743   0.0429448  -0.0082309 -0.00170766
 -0.0257649  -0.0082309   0.0404908 0.000920925
   0.266473 -0.00170766 0.000920925    0.439264
IMAGINARY
          0 -0.00115561  0.00831442  0.00717044
 0.00115561           0  -0.0230133   0.0107897
-0.00831442   0.0230133           0   0.0255298
-0.00717044  -0.0107897  -0.0255298           0
Repeater1[0]<--->HoM1[0]
REAL
    0.474966 -0.000169887   -0.0133138     0.255273
-0.000169887    0.0500677    0.0254753  -0.00406592
  -0.0133138    0.0254753    0.0500677   0.00685438
    0.255273  -0.00406592   0.00685438     0.424899
IMAGINARY
          0   0.0160886   -0.035932   0.0182292
 -0.0160886           0   0.0188777 -0.00320945
   0.035932  -0.0188777           0   0.0129518
 -0.0182292  0.00320945  -0.0129518           0
EndNode1[0]<--->Repeater1[0]
REAL
  0.465177 -0.0155694  0.0072739   0.262073
-0.0155694  0.0367937 0.00434109 -0.0300012
 0.0072739 0.00434109  0.0473062  0.0168321
  0.262073 -0.0300012  0.0168321   0.450723
IMAGINARY
           0 -5.13538e-05  -0.00159628  -0.00127814
 5.13538e-05            0  -0.00391666   -0.0241769
  0.00159628   0.00391666            0    0.0155153
  0.00127814    0.0241769   -0.0155153            0
EndNode2[0]<--->HoM1[0]
REAL
   0.468668 -0.00895987 -0.00865227    0.251127
-0.00895987   0.0483029   0.0210738   0.0324618
-0.00865227   0.0210738   0.0626632   0.0134644
   0.251127   0.0324618   0.0134644    0.420366
IMAGINARY
          0  0.00288009  -0.0142171 -0.00937042
-0.00288009           0  0.00434529  0.00490859
  0.0142171 -0.00434529           0   0.0104178
 0.00937042 -0.00490859  -0.0104178           0
Repeater1[0]<--->EndNode1[0]
REAL
  0.465177  0.0072739 -0.0155694   0.262073
 0.0072739  0.0473062 0.00434109  0.0168321
-0.0155694 0.00434109  0.0367937 -0.0300012
  0.262073  0.0168321 -0.0300012   0.450723
IMAGINARY
           0  -0.00159628 -5.13538e-05  -0.00127814
  0.00159628            0   0.00391666    0.0155153
 5.13538e-05  -0.00391666            0   -0.0241769
  0.00127814   -0.0155153    0.0241769            0
Repeater1[0]<--->HoM1[0]
REAL
   0.468668 -0.00865227 -0.00895987    0.251127
-0.00865227   0.0626632   0.0210738   0.0134644
-0.00895987   0.0210738   0.0483029   0.0324618
   0.251127   0.0134644   0.0324618    0.420366
IMAGINARY
          0  -0.0142171  0.00288009 -0.00937042
  0.0142171           0 -0.00434529   0.0104178
-0.00288009  0.00434529           0  0.00490859
 0.00937042  -0.0104178 -0.00490859           0
EndNode1[0]<--->Repeater1[0]
REAL
   0.474785 -0.00450162  0.00916504    0.260185
-0.00450162   0.0479705  0.00693827  -0.0146445
 0.00916504  0.00693827   0.0553506 -0.00645729
   0.260185  -0.0146445 -0.00645729    0.421894
IMAGINARY
           0    0.0022684   -0.0114833   0.00250627
  -0.0022684            0   0.00250627 -0.000205058
   0.0114833  -0.00250627            0    0.0276017
 -0.00250627  0.000205058   -0.0276017            0
EndNode2[0]<--->HoM1[0]
REAL
    0.435074   0.00486399 -0.000272391     0.244267
  0.00486399    0.0468541    0.0119833 -0.000977609
-0.000272391    0.0119833    0.0401606     0.012636
    0.244267 -0.000977609     0.012636     0.477912
IMAGINARY
          0  0.00852168  0.00375732  -0.0215156
-0.00852168           0 -0.00904676 -0.00113265
-0.00375732  0.00904676           0  0.00722635
  0.0215156  0.00113265 -0.00722635           0
Repeater1[0]<--->EndNode1[0]
REAL
   0.474785  0.00916504 -0.00450162    0.260185
 0.00916504   0.0553506  0.00693827 -0.00645729
-0.00450162  0.00693827   0.0479705  -0.0146445
   0.260185 -0.00645729  -0.0146445    0.421894
IMAGINARY
           0   -0.0114833    0.0022684   0.00250627
   0.0114833            0  -0.00250627    0.0276017
  -0.0022684   0.00250627            0 -0.000205058
 -0.00250627   -0.0276017  0.000205058            0
Repeater1[0]<--->HoM1[0]
REAL
    0.435074 -0.000272391   0.00486399     0.244267
-0.000272391    0.0401606    0.0119833     0.012636
  0.00486399    0.0119833    0.0468541 -0.000977609
    0.244267     0.012636 -0.000977609     0.477912
IMAGINARY
          0  0.00375732  0.00852168  -0.0215156
-0.00375732           0  0.00904676  0.00722635
-0.00852168 -0.00904676           0 -0.00113265
  0.0215156 -0.00722635  0.00113265           0
EndNode1[0]<--->Repeater1[0]
REAL
   0.443742  0.00253311 -0.00309223    0.252669
 0.00253311   0.0556258  0.00759631  -0.0161131
-0.00309223  0.00759631   0.0670038  -0.0124669
   0.252669  -0.0161131  -0.0124669    0.433628
IMAGINARY
          0  0.00393633  0.00175675    0.016311
-0.00393633           0  0.00613289   0.0343799
-0.00175675 -0.00613289           0  -0.0164199
  -0.016311  -0.0343799   0.0164199           0
EndNode2[0]<--->HoM1[0]
REAL
   0.44797 0.00210475 -0.0100605   0.258704
0.00210475  0.0393401 0.00184158  0.0261895
-0.0100605 0.00184158  0.0520305  0.0227091
  0.258704  0.0261895  0.0227091    0.46066
IMAGINARY
           0   0.00776949   0.00711175  -0.00155635
 -0.00776949            0   0.00350694  -0.00776535
 -0.00711175  -0.00350694            0  0.000727239
  0.00155635   0.00776535 -0.000727239            0
Repeater1[0]<--->EndNode1[0]
REAL
   0.443742 -0.00309223  0.00253311    0.252669
-0.00309223   0.0670038  0.00759631  -0.0124669
 0.00253311  0.00759631   0.0556258  -0.0161131
   0.252669  -0.0124669  -0.0161131    0.433628
IMAGINARY
          0  0.00175675  0.00393633    0.016311
-0.00175675           0 -0.00613289  -0.0164199
-0.00393633  0.00613289           0   0.0343799
  -0.016311   0.0164199  -0.0343799           0
Repeater1[0]<--->HoM1[0]
REAL
   0.44797 -0.0100605 0.00210475   0.258704
-0.0100605  0.0520305 0.00184158  0.0227091
0.00210475 0.00184158  0.0393401  0.0261895
  0.258704  0.0227091  0.0261895    0.46066
IMAGINARY
           0   0.00711175   0.00776949  -0.00155635
 -0.00711175            0  -0.00350694  0.000727239
 -0.00776949   0.00350694            0  -0.00776535
  0.00155635 -0.000727239   0.00776535            0
EndNode1[0]<--->Repeater1[0]
REAL
    0.47335  0.00809525   0.0103873    0.260176
 0.00809525    0.034264 -0.00678895 -0.00632224
  0.0103873 -0.00678895   0.0469543   0.0068099
   0.260176 -0.00632224   0.0068099    0.445431
IMAGINARY
           0  -0.00702828    0.0245251 -0.000855263
  0.00702828            0  -0.00835526    0.0132469
  -0.0245251   0.00835526            0   -0.0179397
 0.000855263   -0.0132469    0.0179397            0
EndNode2[0]<--->HoM1[0]
REAL
  0.458656 -0.0010416  0.0030193   0.255121
-0.0010416  0.0400517  0.0119519 -0.0249705
 0.0030193  0.0119519  0.0478036 -0.0172511
  0.255121 -0.0249705 -0.0172511   0.453488
IMAGINARY
          0  -0.0267461   -0.006027 -0.00171187
  0.0267461           0    0.012611  -0.0158309
   0.006027   -0.012611           0 -0.00330857
 0.00171187   0.0158309  0.00330857           0
Repeater1[0]<--->EndNode1[0]
REAL
    0.47335   0.0103873  0.00809525    0.260176
  0.0103873   0.0469543 -0.00678895   0.0068099
 0.00809525 -0.00678895    0.034264 -0.00632224
   0.260176   0.0068099 -0.00632224    0.445431
IMAGINARY
           0    0.0245251  -0.00702828 -0.000855263
  -0.0245251            0   0.00835526   -0.0179397
  0.00702828  -0.00835526            0    0.0132469
 0.000855263    0.0179397   -0.0132469            0
Repeater1[0]<--->HoM1[0]
REAL
  0.458656  0.0030193 -0.0010416   0.255121
 0.0030193  0.0478036  0.0119519 -0.0172511
-0.0010416  0.0119519  0.0400517 -0.0249705
  0.255121 -0.0172511 -0.0249705   0.453488
IMAGINARY
          0   -0.006027  -0.0267461 -0.00171187
   0.006027           0   -0.012611 -0.00330857
  0.0267461    0.012611           0  -0.0158309
 0.00171187  0.00330857   0.0158309           0
EndNode1[0]<--->Repeater1[0]
REAL
    0.468541    0.0132356  -0.00349503     0.258934
   0.0132356    0.0401606   -0.0107947 -0.000227055
 -0.00349503   -0.0107947    0.0481928   -0.0107543
    0.258934 -0.000227055   -0.0107543     0.443106
IMAGINARY
          0   0.0167996 -0.00137648  -0.0162223
 -0.0167996           0  0.00591307  -0.0173816
 0.00137648 -0.00591307           0  -0.0109782
  0.0162223   0.0173816   0.0109782           0
EndNode2[0]<--->HoM1[0]
REAL
  0.463415  0.0256034 0.00559508   0.245172
 0.0256034  0.0513479 0.00740535  0.0111575
0.00559508 0.00740535  0.0487805  0.0143451
  0.245172  0.0111575  0.0143451   0.436457
IMAGINARY
          0  -0.0137324    0.013866  0.00621128
  0.0137324           0 -0.00168346 -0.00320101
  -0.013866  0.00168346           0  -0.0032061
-0.00621128  0.00320101   0.0032061           0
Repeater1[0]<--->EndNode1[0]
REAL
    0.468541  -0.00349503    0.0132356     0.258934
 -0.00349503    0.0481928   -0.0107947   -0.0107543
   0.0132356   -0.0107947    0.0401606 -0.000227055
    0.258934   -0.0107543 -0.000227055     0.443106
IMAGINARY
          0 -0.00137648   0.0167996  -0.0162223
 0.00137648           0 -0.00591307  -0.0109782
 -0.0167996  0.00591307           0  -0.0173816
  0.0162223   0.0109782   0.0173816           0
Repeater1[0]<--->HoM1[0]
REAL
  0.463415 0.00559508  0.0256034   0.245172
0.00559508  0.0487805 0.00740535  0.0143451
 0.0256034 0.00740535  0.0513479  0.0111575
  0.245172  0.0143451  0.0111575   0.436457
IMAGINARY
          0    0.013866  -0.0137324  0.00621128
  -0.013866           0  0.00168346  -0.0032061
  0.0137324 -0.00168346           0 -0.00320101
-0.00621128   0.0032061  0.00320101           0
EndNode1[0]<--->Repeater1[0]
REAL
   0.453634  -0.0024109   -0.010946    0.262178
 -0.0024109   0.0526316  0.00520547 -0.00485674
  -0.010946  0.00520547   0.0526316  -0.0108634
   0.262178 -0.00485674  -0.0108634    0.441103
IMAGINARY
           0  -0.00394111   0.00320967 -0.000438888
  0.00394111            0    0.0103891   -0.0158259
 -0.00320967   -0.0103891            0 -0.000706961
 0.000438888    0.0158259  0.000706961            0
EndNode2[0]<--->HoM1[0]
REAL
  0.451482 0.00963496 -0.0262282   0.252713
0.00963496  0.0512129 0.00428489  0.0122333
-0.0262282 0.00428489  0.0485175  -0.014724
  0.252713  0.0122333  -0.014724   0.448787
IMAGINARY
          0  0.00471698  -0.0160042 -0.00212106
-0.00471698           0    0.010164  -0.0236184
  0.0160042   -0.010164           0  0.00471698
 0.00212106   0.0236184 -0.00471698           0
Repeater1[0]<--->EndNode1[0]
REAL
   0.453634   -0.010946  -0.0024109    0.262178
  -0.010946   0.0526316  0.00520547  -0.0108634
 -0.0024109  0.00520547   0.0526316 -0.00485674
   0.262178  -0.0108634 -0.00485674    0.441103
IMAGINARY
           0   0.00320967  -0.00394111 -0.000438888
 -0.00320967            0   -0.0103891 -0.000706961
  0.00394111    0.0103891            0   -0.0158259
 0.000438888  0.000706961    0.0158259            0
Repeater1[0]<--->HoM1[0]
REAL
  0.451482 -0.0262282 0.00963496   0.252713
-0.0262282  0.0485175 0.00428489  -0.014724
0.00963496 0.00428489  0.0512129  0.0122333
  0.252713  -0.014724  0.0122333   0.448787
IMAGINARY
          0  -0.0160042  0.00471698 -0.00212106
  0.0160042           0   -0.010164  0.00471698
-0.00471698    0.010164           0  -0.0236184
 0.00212106 -0.00471698   0.0236184           0
EndNode1[0]<--->Repeater1[0]
REAL
   0.485677  -0.0208421  -0.0106651    0.265353
 -0.0208421   0.0494792 -0.00686235 -2.6763e-05
 -0.0106651 -0.00686235   0.0416667  -0.0301013
   0.265353 -2.6763e-05  -0.0301013    0.423177
IMAGINARY
          0  0.00498302 -0.00569204  -0.0126306
-0.00498302           0  0.00430793  -0.0036947
 0.00569204 -0.00430793           0   0.0169194
  0.0126306   0.0036947  -0.0169194           0
EndNode2[0]<--->HoM1[0]
REAL
   0.498141   0.0120982  0.00741935    0.262348
  0.0120982   0.0458488  0.00719357 -0.00741935
 0.00741935  0.00719357    0.047088   0.0108129
   0.262348 -0.00741935   0.0108129    0.408922
IMAGINARY
          0   0.0155292  0.00316278  0.00247258
 -0.0155292           0  -0.0166114 -0.00445144
-0.00316278   0.0166114           0 -0.00135393
-0.00247258  0.00445144  0.00135393           0
Repeater1[0]<--->EndNode1[0]
REAL
   0.485677  -0.0106651  -0.0208421    0.265353
 -0.0106651   0.0416667 -0.00686235  -0.0301013
 -0.0208421 -0.00686235   0.0494792 -2.6763e-05
   0.265353  -0.0301013 -2.6763e-05    0.423177
IMAGINARY
          0 -0.00569204  0.00498302  -0.0126306
 0.00569204           0 -0.00430793   0.0169194
-0.00498302  0.00430793           0  -0.0036947
  0.0126306  -0.0169194   0.0036947           0
Repeater1[0]<--->HoM1[0]
REAL
   0.498141  0.00741935   0.0120982    0.262348
 0.00741935    0.047088  0.00719357   0.0108129
  0.0120982  0.00719357   0.0458488 -0.00741935
   0.262348   0.0108129 -0.00741935    0.408922
IMAGINARY
          0  0.00316278   0.0155292  0.00247258
-0.00316278           0   0.0166114 -0.00135393
 -0.0155292  -0.0166114           0 -0.00445144
-0.00247258  0.00135393  0.00445144           0
EndNode1[0]<--->Repeater1[0]
REAL
   0.433208  -0.0136419  0.00226942    0.267005
 -0.0136419   0.0461923  0.00496938 -0.00672801
 0.00226942  0.00496938   0.0536829  0.00281384
   0.267005 -0.00672801  0.00281384    0.466916
IMAGINARY
          0    0.010731  0.00312509   0.0184484
  -0.010731           0 -0.00772961 -0.00243733
-0.00312509  0.00772961           0 -0.00454121
 -0.0184484  0.00243733  0.00454121           0
EndNode2[0]<--->HoM1[0]
REAL
   0.428755 -0.00101076  -0.0115057    0.265859
-0.00101076   0.0590501  0.00146118  0.00170181
 -0.0115057  0.00146118   0.0436457  -0.0140219
   0.265859  0.00170181  -0.0140219    0.468549
IMAGINARY
          0   0.0023292  -0.0117291 -0.00268008
 -0.0023292           0   -0.011244   0.0012579
  0.0117291    0.011244           0   0.0107598
 0.00268008  -0.0012579  -0.0107598           0
Repeater1[0]<--->EndNode1[0]
REAL
   0.433208  0.00226942  -0.0136419    0.267005
 0.00226942   0.0536829  0.00496938  0.00281384
 -0.0136419  0.00496938   0.0461923 -0.00672801
   0.267005  0.00281384 -0.00672801    0.466916
IMAGINARY
          0  0.00312509    0.010731   0.0184484
-0.00312509           0  0.00772961 -0.00454121
  -0.010731 -0.00772961           0 -0.00243733
 -0.0184484  0.00454121  0.00243733           0
Repeater1[0]<--->HoM1[0]
REAL
   0.428755  -0.0115057 -0.00101076    0.265859
 -0.0115057   0.0436457  0.00146118  -0.0140219
-0.00101076  0.00146118   0.0590501  0.00170181
   0.265859  -0.0140219  0.00170181    0.468549
IMAGINARY
          0  -0.0117291   0.0023292 -0.00268008
  0.0117291           0    0.011244   0.0107598
 -0.0023292   -0.011244           0   0.0012579
 0.00268008  -0.0107598  -0.0012579           0
EndNode1[0]<--->Repeater1[0]
REAL
   0.453545  -0.0152541   0.0063988    0.267295
 -0.0152541   0.0550122  0.00963818 -0.00576509
  0.0063988  0.00963818   0.0452323   0.0133529
   0.267295 -0.00576509   0.0133529     0.44621
IMAGINARY
           0   0.00179651 -2.86538e-05   0.00823518
 -0.00179651            0    0.0122566   -0.0139527
 2.86538e-05   -0.0122566            0    0.0201742
 -0.00823518    0.0139527   -0.0201742            0
EndNode2[0]<--->HoM1[0]
REAL
   0.463263 -0.00864346   0.0272853     0.25594
-0.00864346   0.0460772  0.00322246  -0.0194319
  0.0272853  0.00322246   0.0572852   0.0138791
    0.25594  -0.0194319   0.0138791    0.433375
IMAGINARY
          0   0.0197722 -0.00847187 -0.00933822
 -0.0197722           0 -0.00225972   -0.018702
 0.00847187  0.00225972           0   0.0128365
 0.00933822    0.018702  -0.0128365           0
Repeater1[0]<--->EndNode1[0]
REAL
   0.453545   0.0063988  -0.0152541    0.267295
  0.0063988   0.0452323  0.00963818   0.0133529
 -0.0152541  0.00963818   0.0550122 -0.00576509
   0.267295   0.0133529 -0.00576509     0.44621
IMAGINARY
           0 -2.86538e-05   0.00179651   0.00823518
 2.86538e-05            0   -0.0122566    0.0201742
 -0.00179651    0.0122566            0   -0.0139527
 -0.00823518   -0.0201742    0.0139527            0
Repeater1[0]<--->HoM1[0]
REAL
   0.463263   0.0272853 -0.00864346     0.25594
  0.0272853   0.0572852  0.00322246   0.0138791
-0.00864346  0.00322246   0.0460772  -0.0194319
    0.25594   0.0138791  -0.0194319    0.433375
IMAGINARY
          0 -0.00847187   0.0197722 -0.00933822
 0.00847187           0  0.00225972   0.0128365
 -0.0197722 -0.00225972           0   -0.018702
 0.00933822  -0.0128365    0.018702           0
EndNode1[0]<--->Repeater1[0]
REAL
    0.459564    0.0086624 -0.000972763     0.254831
   0.0086624     0.055199  -0.00483092  0.000972763
-0.000972763  -0.00483092    0.0359435   -0.0061624
    0.254831  0.000972763   -0.0061624     0.449294
IMAGINARY
          0   0.0167698  -0.0137142  -0.0123627
 -0.0167698           0   0.0218478  0.00405233
  0.0137142  -0.0218478           0 -0.00590023
  0.0123627 -0.00405233  0.00590023           0
EndNode2[0]<--->HoM1[0]
REAL
   0.454188   0.0161275  0.00169289    0.255075
  0.0161275   0.0445026   0.0038185  -0.0102568
 0.00169289   0.0038185   0.0497382 -0.00229353
   0.255075  -0.0102568 -0.00229353    0.451571
IMAGINARY
          0  0.00338396   0.0186828 -0.00193654
-0.00338396           0  -0.0250905   -0.014914
 -0.0186828   0.0250905           0   0.0179728
 0.00193654    0.014914  -0.0179728           0
Repeater1[0]<--->EndNode1[0]
REAL
    0.459564 -0.000972763    0.0086624     0.254831
-0.000972763    0.0359435  -0.00483092   -0.0061624
   0.0086624  -0.00483092     0.055199  0.000972763
    0.254831   -0.0061624  0.000972763     0.449294
IMAGINARY
          0  -0.0137142   0.0167698  -0.0123627
  0.0137142           0  -0.0218478 -0.00590023
 -0.0167698   0.0218478           0  0.00405233
  0.0123627  0.00590023 -0.00405233           0
Repeater1[0]<--->HoM1[0]
REAL
   0.454188  0.00169289   0.0161275    0.255075
 0.00169289   0.0497382   0.0038185 -0.00229353
  0.0161275   0.0038185   0.0445026  -0.0102568
   0.255075 -0.00229353  -0.0102568    0.451571
IMAGINARY
          0   0.0186828  0.00338396 -0.00193654
 -0.0186828           0   0.0250905   0.0179728
-0.00338396  -0.0250905           0   -0.014914
 0.00193654  -0.0179728    0.014914           0
EndNode1[0]<--->Repeater1[0]
REAL
   0.457031 -0.00192631   0.0145915    0.259555
-0.00192631   0.0429688  0.00706782  0.00561712
  0.0145915  0.00706782   0.0651042   0.0025782
   0.259555  0.00561712   0.0025782    0.434896
IMAGINARY
          0  0.00543146  0.00509107 -0.00821288
-0.00543146           0 -0.00821288   0.0135656
-0.00509107  0.00821288           0  -0.0228444
 0.00821288  -0.0135656   0.0228444           0
EndNode2[0]<--->HoM1[0]
REAL
   0.442065  0.00459772   0.0194345    0.255965
 0.00459772   0.0465995 -0.00562417 -0.00783827
  0.0194345 -0.00562417   0.0516373   0.0110912
   0.255965 -0.00783827   0.0110912    0.459698
IMAGINARY
         0 -0.0125432 -0.0185725 -0.0306797
 0.0125432          0  0.0113995 -0.0350699
 0.0185725 -0.0113995          0  0.0396956
 0.0306797  0.0350699 -0.0396956          0
Repeater1[0]<--->EndNode1[0]
REAL
   0.457031   0.0145915 -0.00192631    0.259555
  0.0145915   0.0651042  0.00706782   0.0025782
-0.00192631  0.00706782   0.0429687  0.00561712
   0.259555   0.0025782  0.00561712    0.434896
IMAGINARY
          0  0.00509107  0.00543146 -0.00821288
-0.00509107           0  0.00821288  -0.0228444
-0.00543146 -0.00821288           0   0.0135656
 0.00821288   0.0228444  -0.0135656           0
Repeater1[0]<--->HoM1[0]
REAL
   0.442065   0.0194345  0.00459772    0.255965
  0.0194345   0.0516373 -0.00562417   0.0110912
 0.00459772 -0.00562417   0.0465995 -0.00783827
   0.255965   0.0110912 -0.00783827    0.459698
IMAGINARY
         0 -0.0185725 -0.0125432 -0.0306797
 0.0185725          0 -0.0113995  0.0396956
 0.0125432  0.0113995          0 -0.0350699
 0.0306797 -0.0396956  0.0350699          0
EndNode1[0]<--->Repeater1[0]
REAL
   0.450262  0.00907769 -0.00672891    0.261207
 0.00907769   0.0445026   0.0206108   0.0210146
-0.00672891   0.0206108   0.0589005  0.00780543
   0.261207   0.0210146  0.00780543    0.446335
IMAGINARY
          0 -0.00457262  0.00872825  -0.0253764
 0.00457262           0  -0.0080394  0.00748446
-0.00872825   0.0080394           0  0.00392411
  0.0253764 -0.00748446 -0.00392411           0
EndNode2[0]<--->HoM1[0]
REAL
   0.497525 -0.00836584  -0.0145701    0.248712
-0.00836584   0.0532178   0.0019585 -0.00285617
 -0.0145701   0.0019585   0.0519802  -0.0144224
   0.248712 -0.00285617  -0.0144224    0.397277
IMAGINARY
          0  0.00947604  0.00677156   0.0180358
-0.00947604           0  -0.0258016  -0.0171612
-0.00677156   0.0258016           0  0.00740708
 -0.0180358   0.0171612 -0.00740708           0
Repeater1[0]<--->EndNode1[0]
REAL
   0.450262 -0.00672891  0.00907769    0.261207
-0.00672891   0.0589005   0.0206108  0.00780543
 0.00907769   0.0206108   0.0445026   0.0210146
   0.261207  0.00780543   0.0210146    0.446335
IMAGINARY
          0  0.00872825 -0.00457262  -0.0253764
-0.00872825           0   0.0080394  0.00392411
 0.00457262  -0.0080394           0  0.00748446
  0.0253764 -0.00392411 -0.00748446           0
Repeater1[0]<--->HoM1[0]
REAL
   0.497525  -0.0145701 -0.00836584    0.248712
 -0.0145701   0.0519802   0.0019585  -0.0144224
-0.00836584   0.0019585   0.0532178 -0.00285617
   0.248712  -0.0144224 -0.00285617    0.397277
IMAGINARY
          0  0.00677156  0.00947604   0.0180358
-0.00677156           0   0.0258016  0.00740708
-0.00947604  -0.0258016           0  -0.0171612
 -0.0180358 -0.00740708   0.0171612           0
EndNode1[0]<--->Repeater1[0]
REAL
  0.441001 0.00130193 0.00497464   0.273757
0.00130193  0.0488677 0.00222141 -0.0272419
0.00497464 0.00222141  0.0488677 -0.0370644
  0.273757 -0.0272419 -0.0370644   0.461263
IMAGINARY
          0 -0.00238426   0.0012914   0.0129274
 0.00238426           0 -0.00974266    0.016811
 -0.0012914  0.00974266           0 -0.00448216
 -0.0129274   -0.016811  0.00448216           0
EndNode2[0]<--->HoM1[0]
REAL
   0.449809 -0.00266048  -0.0150361    0.274744
-0.00266048   0.0419314 -0.00459871   0.0143756
 -0.0150361 -0.00459871    0.047014  0.00199998
   0.274744   0.0143756  0.00199998    0.461245
IMAGINARY
           0  0.000302693 -0.000372606   0.00224399
-0.000302693            0   0.00353265   0.00624115
 0.000372606  -0.00353265            0   0.00556585
 -0.00224399  -0.00624115  -0.00556585            0
Repeater1[0]<--->EndNode1[0]
REAL
  0.441001 0.00497464 0.00130193   0.273757
0.00497464  0.0488677 0.00222141 -0.0370644
0.00130193 0.00222141  0.0488677 -0.0272419
  0.273757 -0.0370644 -0.0272419   0.461263
IMAGINARY
          0   0.0012914 -0.00238426   0.0129274
 -0.0012914           0  0.00974266 -0.00448216
 0.00238426 -0.00974266           0    0.016811
 -0.0129274  0.00448216   -0.016811           0
Repeater1[0]<--->HoM1[0]
REAL
   0.449809  -0.0150361 -0.00266048    0.274744
 -0.0150361    0.047014 -0.00459871  0.00199998
-0.00266048 -0.00459871   0.0419314   0.0143756
   0.274744  0.00199998   0.0143756    0.461245
IMAGINARY
           0 -0.000372606  0.000302693   0.00224399
 0.000372606            0  -0.00353265   0.00556585
-0.000302693   0.00353265            0   0.00624115
 -0.00224399  -0.00556585  -0.00624115            0
EndNode1[0]<--->Repeater1[0]
REAL
  0.472776  -0.005327 -0.0072327   0.240939
 -0.005327   0.061089  0.0137782 -0.0072327
-0.0072327  0.0137782   0.059761 0.00469807
  0.240939 -0.0072327 0.00469807   0.406375
IMAGINARY
          0  0.00149728 -0.00273701 -0.00425301
-0.00149728           0   0.0236329 -0.00713953
 0.00273701  -0.0236329           0   0.0145521
 0.00425301  0.00713953  -0.0145521           0
EndNode2[0]<--->HoM1[0]
REAL
   0.445816  0.00121349  0.00307081    0.251247
 0.00121349   0.0534979 -0.00970428   0.0233162
 0.00307081 -0.00970428   0.0548697    0.021114
   0.251247   0.0233162    0.021114    0.445816
IMAGINARY
          0    -0.00536 -0.00573223  -0.0222573
    0.00536           0   0.0216483  0.00760958
 0.00573223  -0.0216483           0  0.00473422
  0.0222573 -0.00760958 -0.00473422           0
Repeater1[0]<--->EndNode1[0]
REAL
  0.472776 -0.0072327  -0.005327   0.240939
-0.0072327   0.059761  0.0137782 0.00469807
 -0.005327  0.0137782   0.061089 -0.0072327
  0.240939 0.00469807 -0.0072327   0.406375
IMAGINARY
          0 -0.00273701  0.00149728 -0.00425301
 0.00273701           0  -0.0236329   0.0145521
-0.00149728   0.0236329           0 -0.00713953
 0.00425301  -0.0145521  0.00713953           0
Repeater1[0]<--->HoM1[0]
REAL
   0.445816  0.00307081  0.00121349    0.251247
 0.00307081   0.0548697 -0.00970428    0.021114
 0.00121349 -0.00970428   0.0534979   0.0233162
   0.251247    0.021114   0.0233162    0.445816
IMAGINARY
          0 -0.00573223    -0.00536  -0.0222573
 0.00573223           0  -0.0216483  0.00473422
    0.00536   0.0216483           0  0.00760958
  0.0222573 -0.00473422 -0.00760958           0
EndNode1[0]<--->Repeater1[0]
REAL
   0.429648   0.0111116  -0.0156403    0.251095
  0.0111116   0.0678392   0.0112676 0.000530437
 -0.0156403   0.0112676   0.0427136   0.0163609
   0.251095 0.000530437   0.0163609    0.459799
IMAGINARY
          0 -0.00171318 -0.00951066 -0.00643123
 0.00171318           0   -0.010856   0.0150594
 0.00951066    0.010856           0 -0.00753466
 0.00643123  -0.0150594  0.00753466           0
EndNode2[0]<--->HoM1[0]
REAL
  0.468712 0.00712559 0.00392329   0.261114
0.00712559  0.0355828 0.00882053 0.00326626
0.00392329 0.00882053  0.0515337 0.00267833
  0.261114 0.00326626 0.00267833   0.444172
IMAGINARY
           0   -0.0102878   0.00934275    0.0150207
   0.0102878            0   0.00597672  -0.00344498
 -0.00934275  -0.00597672            0  0.000458136
  -0.0150207   0.00344498 -0.000458136            0
Repeater1[0]<--->EndNode1[0]
REAL
   0.429648  -0.0156403   0.0111116    0.251095
 -0.0156403   0.0427136   0.0112676   0.0163609
  0.0111116   0.0112676   0.0678392 0.000530437
   0.251095   0.0163609 0.000530437    0.459799
IMAGINARY
          0 -0.00951066 -0.00171318 -0.00643123
 0.00951066           0    0.010856 -0.00753466
 0.00171318   -0.010856           0   0.0150594
 0.00643123  0.00753466  -0.0150594           0
Repeater1[0]<--->HoM1[0]
REAL
  0.468712 0.00392329 0.00712559   0.261114
0.00392329  0.0515337 0.00882053 0.00267833
0.00712559 0.00882053  0.0355828 0.00326626
  0.261114 0.00267833 0.00326626   0.444172
IMAGINARY
           0   0.00934275   -0.0102878    0.0150207
 -0.00934275            0  -0.00597672  0.000458136
   0.0102878   0.00597672            0  -0.00344498
  -0.0150207 -0.000458136   0.00344498            0
EndNode1[0]<--->Repeater1[0]
REAL
    0.43985  0.00128637  -0.0107565    0.254924
 0.00128637   0.0488722   0.0228537 -0.00520777
 -0.0107565   0.0228537   0.0413534 0.000629339
   0.254924 -0.00520777 0.000629339    0.469925
IMAGINARY
          0 -0.00129306  0.00739696 -0.00629845
 0.00129306           0 -0.00759044 -0.00942673
-0.00739696  0.00759044           0   0.0168546
 0.00629845  0.00942673  -0.0168546           0
EndNode2[0]<--->HoM1[0]
REAL
   0.466334    0.016411 -0.00784581     0.26008
   0.016411   0.0436409  0.00641784  0.00911484
-0.00784581  0.00641784   0.0673317 -0.00498973
    0.26008  0.00911484 -0.00498973    0.422693
IMAGINARY
           0   0.00228763   -0.0194268  -0.00531464
 -0.00228763            0   0.00328487  0.000119219
   0.0194268  -0.00328487            0    0.0103622
  0.00531464 -0.000119219   -0.0103622            0
Repeater1[0]<--->EndNode1[0]
REAL
    0.43985  -0.0107565  0.00128637    0.254924
 -0.0107565   0.0413534   0.0228537 0.000629339
 0.00128637   0.0228537   0.0488722 -0.00520777
   0.254924 0.000629339 -0.00520777    0.469925
IMAGINARY
          0  0.00739696 -0.00129306 -0.00629845
-0.00739696           0  0.00759044   0.0168546
 0.00129306 -0.00759044           0 -0.00942673
 0.00629845  -0.0168546  0.00942673           0
Repeater1[0]<--->HoM1[0]
REAL
   0.466334 -0.00784581    0.016411     0.26008
-0.00784581   0.0673317  0.00641784 -0.00498973
   0.016411  0.00641784   0.0436409  0.00911484
    0.26008 -0.00498973  0.00911484    0.422693
IMAGINARY
           0   -0.0194268   0.00228763  -0.00531464
   0.0194268            0  -0.00328487    0.0103622
 -0.00228763   0.00328487            0  0.000119219
  0.00531464   -0.0103622 -0.000119219            0
EndNode1[0]<--->Repeater1[0]
REAL
   0.461738 -0.00372376 -0.00988036    0.245699
-0.00372376   0.0466926   0.0175558 -0.00923185
-0.00988036   0.0175558   0.0440986 -0.00305799
   0.245699 -0.00923185 -0.00305799    0.447471
IMAGINARY
          0  0.00173723  0.00874173 -0.00766341
-0.00173723           0  0.00564457  0.00742594
-0.00874173 -0.00564457           0  -0.0119169
 0.00766341 -0.00742594   0.0119169           0
EndNode2[0]<--->HoM1[0]
REAL
       0.456  -0.00915291    -0.035831     0.252328
 -0.00915291        0.044   0.00453478 -0.000116713
   -0.035831   0.00453478    0.0506667  -0.00849415
    0.252328 -0.000116713  -0.00849415     0.449333
IMAGINARY
          0  -0.0257406  0.00647358   0.0045056
  0.0257406           0  0.00513295 -0.00836513
-0.00647358 -0.00513295           0   0.0200659
 -0.0045056  0.00836513  -0.0200659           0
Repeater1[0]<--->EndNode1[0]
REAL
   0.461738 -0.00988036 -0.00372376    0.245699
-0.00988036   0.0440986   0.0175558 -0.00305799
-0.00372376   0.0175558   0.0466926 -0.00923185
   0.245699 -0.00305799 -0.00923185    0.447471
IMAGINARY
          0  0.00874173  0.00173723 -0.00766341
-0.00874173           0 -0.00564457  -0.0119169
-0.00173723  0.00564457           0  0.00742594
 0.00766341   0.0119169 -0.00742594           0
Repeater1[0]<--->HoM1[0]
REAL
       0.456    -0.035831  -0.00915291     0.252328
   -0.035831    0.0506667   0.00453478  -0.00849415
 -0.00915291   0.00453478        0.044 -0.000116713
    0.252328  -0.00849415 -0.000116713     0.449333
IMAGINARY
          0  0.00647358  -0.0257406   0.0045056
-0.00647358           0 -0.00513295   0.0200659
  0.0257406  0.00513295           0 -0.00836513
 -0.0045056  -0.0200659  0.00836513           0
EndNode1[0]<--->Repeater1[0]
REAL
   0.454427 -0.00865541 -0.00312359    0.290124
-0.00865541   0.0429688    0.020085  0.00181469
-0.00312359    0.020085   0.0546875    0.013891
   0.290124  0.00181469    0.013891    0.447917
IMAGINARY
           0  -0.00933934   0.00386057  -0.00126582
  0.00933934            0  -0.00632911 -0.000575422
 -0.00386057   0.00632911            0    0.0126245
  0.00126582  0.000575422   -0.0126245            0
EndNode2[0]<--->HoM1[0]
REAL
   0.497268 -0.00319208  -0.0136523    0.241294
-0.00319208   0.0437158 -0.00465822  -0.0104676
 -0.0136523 -0.00465822   0.0437158 -0.00789006
   0.241294  -0.0104676 -0.00789006    0.415301
IMAGINARY
          0 -0.00793159 -0.00912897  0.00284406
 0.00793159           0 -0.00469363 -0.00145634
 0.00912897  0.00469363           0   -0.018843
-0.00284406  0.00145634    0.018843           0
Repeater1[0]<--->EndNode1[0]
REAL
   0.454427 -0.00312359 -0.00865541    0.290124
-0.00312359   0.0546875    0.020085    0.013891
-0.00865541    0.020085   0.0429688  0.00181469
   0.290124    0.013891  0.00181469    0.447917
IMAGINARY
           0   0.00386057  -0.00933934  -0.00126582
 -0.00386057            0   0.00632911    0.0126245
  0.00933934  -0.00632911            0 -0.000575422
  0.00126582   -0.0126245  0.000575422            0
Repeater1[0]<--->HoM1[0]
REAL
   0.497268  -0.0136523 -0.00319208    0.241294
 -0.0136523   0.0437158 -0.00465822 -0.00789006
-0.00319208 -0.00465822   0.0437158  -0.0104676
   0.241294 -0.00789006  -0.0104676    0.415301
IMAGINARY
          0 -0.00912897 -0.00793159  0.00284406
 0.00912897           0  0.00469363   -0.018843
 0.00793159 -0.00469363           0 -0.00145634
-0.00284406    0.018843  0.00145634           0
EndNode1[0]<--->Repeater1[0]
REAL
    0.430939  -0.00895626  -0.00626074     0.260576
 -0.00895626     0.051105 -0.000844888   0.00693188
 -0.00626074 -0.000844888    0.0469613   0.00828512
    0.260576   0.00693188   0.00828512     0.470994
IMAGINARY
          0  0.00611845   0.0262517  0.00541786
-0.00611845           0  0.00730941  -0.0110233
 -0.0262517 -0.00730941           0  -0.0137327
-0.00541786   0.0110233   0.0137327           0
EndNode2[0]<--->HoM1[0]
REAL
   0.460836  -0.0108029  -0.0143281    0.265948
 -0.0108029    0.037859   0.0244339   -0.002318
 -0.0143281   0.0244339   0.0391645 -0.00337714
   0.265948   -0.002318 -0.00337714    0.462141
IMAGINARY
           0   0.00230528   0.00520866 -0.000839541
 -0.00230528            0  -0.00536736    -0.019569
 -0.00520866   0.00536736            0    0.0068331
 0.000839541     0.019569   -0.0068331            0
Repeater1[0]<--->EndNode1[0]
REAL
    0.430939  -0.00626074  -0.00895626     0.260576
 -0.00626074    0.0469613 -0.000844888   0.00828512
 -0.00895626 -0.000844888     0.051105   0.00693188
    0.260576   0.00828512   0.00693188     0.470994
IMAGINARY
          0   0.0262517  0.00611845  0.00541786
 -0.0262517           0 -0.00730941  -0.0137327
-0.00611845  0.00730941           0  -0.0110233
-0.00541786   0.0137327   0.0110233           0
Repeater1[0]<--->HoM1[0]
REAL
   0.460836  -0.0143281  -0.0108029    0.265948
 -0.0143281   0.0391645   0.0244339 -0.00337714
 -0.0108029   0.0244339    0.037859   -0.002318
   0.265948 -0.00337714   -0.002318    0.462141
IMAGINARY
           0   0.00520866   0.00230528 -0.000839541
 -0.00520866            0   0.00536736    0.0068331
 -0.00230528  -0.00536736            0    -0.019569
 0.000839541   -0.0068331     0.019569            0
EndNode1[0]<--->Repeater1[0]
REAL
   0.459355 -0.00301748  -0.0101234    0.255397
-0.00301748   0.0425806 -0.00158976   0.0126614
 -0.0101234 -0.00158976   0.0348387  0.00809363
   0.255397   0.0126614  0.00809363    0.463226
IMAGINARY
          0 -0.00525948   0.0336191  0.00570687
 0.00525948           0   0.0390402  0.00101035
 -0.0336191  -0.0390402           0  0.00222181
-0.00570687 -0.00101035 -0.00222181           0
EndNode2[0]<--->HoM1[0]
REAL
   0.46871 0.00969686  0.0163402   0.265982
0.00969686  0.0434227  0.0100663 0.00342029
 0.0163402  0.0100663  0.0421456  0.0184469
  0.265982 0.00342029  0.0184469   0.445722
IMAGINARY
           0  -0.00750904   0.00388689  -0.00752471
  0.00750904            0    0.0194295 -0.000773564
 -0.00388689   -0.0194295            0   0.00439572
  0.00752471  0.000773564  -0.00439572            0
Repeater1[0]<--->EndNode1[0]
REAL
   0.459355  -0.0101234 -0.00301748    0.255397
 -0.0101234   0.0348387 -0.00158976  0.00809363
-0.00301748 -0.00158976   0.0425806   0.0126614
   0.255397  0.00809363   0.0126614    0.463226
IMAGINARY
          0   0.0336191 -0.00525948  0.00570687
 -0.0336191           0  -0.0390402  0.00222181
 0.00525948   0.0390402           0  0.00101035
-0.00570687 -0.00222181 -0.00101035           0
Repeater1[0]<--->HoM1[0]
REAL
   0.46871  0.0163402 0.00969686   0.265982
 0.0163402  0.0421456  0.0100663  0.0184469
0.00969686  0.0100663  0.0434227 0.00342029
  0.265982  0.0184469 0.00342029   0.445722
IMAGINARY
           0   0.00388689  -0.00750904  -0.00752471
 -0.00388689            0   -0.0194295   0.00439572
  0.00750904    0.0194295            0 -0.000773564
  0.00752471  -0.00439572  0.000773564            0
EndNode1[0]<--->Repeater1[0]
REAL
   0.426846   -0.012364  -0.0115241    0.256255
  -0.012364   0.0483221 -0.00236551 -0.00332738
 -0.0115241 -0.00236551   0.0563758  -0.0222895
   0.256255 -0.00332738  -0.0222895    0.468456
IMAGINARY
          0 -0.00562625   0.0124875   0.0320901
 0.00562625           0    0.016259   0.0175253
 -0.0124875   -0.016259           0   0.0126505
 -0.0320901  -0.0175253  -0.0126505           0
EndNode2[0]<--->HoM1[0]
REAL
   0.417303  -0.0052101   0.0155191    0.264502
 -0.0052101   0.0610687  0.00692641 -0.00123343
  0.0155191  0.00692641   0.0648855  -0.0012834
   0.264502 -0.00123343  -0.0012834    0.456743
IMAGINARY
          0   0.0179364  0.00992105  -0.0219889
 -0.0179364           0 -0.00118183 -0.00135715
-0.00992105  0.00118183           0   0.0288356
  0.0219889  0.00135715  -0.0288356           0
Repeater1[0]<--->EndNode1[0]
REAL
   0.426846  -0.0115241   -0.012364    0.256255
 -0.0115241   0.0563758 -0.00236551  -0.0222895
  -0.012364 -0.00236551   0.0483221 -0.00332738
   0.256255  -0.0222895 -0.00332738    0.468456
IMAGINARY
          0   0.0124875 -0.00562625   0.0320901
 -0.0124875           0   -0.016259   0.0126505
 0.00562625    0.016259           0   0.0175253
 -0.0320901  -0.0126505  -0.0175253           0
Repeater1[0]<--->HoM1[0]
REAL
   0.417303   0.0155191  -0.0052101    0.264502
  0.0155191   0.0648855  0.00692641  -0.0012834
 -0.0052101  0.00692641   0.0610687 -0.00123343
   0.264502  -0.0012834 -0.00123343    0.456743
IMAGINARY
          0  0.00992105   0.0179364  -0.0219889
-0.00992105           0  0.00118183   0.0288356
 -0.0179364 -0.00118183           0 -0.00135715
  0.0219889  -0.0288356  0.00135715           0
EndNode1[0]<--->Repeater1[0]
REAL
   0.454208 -0.00153713   0.0136473    0.238457
-0.00153713   0.0544554 -0.00462608   0.0149597
  0.0136473 -0.00462608   0.0507426 -0.00468178
   0.238457   0.0149597 -0.00468178    0.440594
IMAGINARY
          0  -0.0109794  0.00757576   0.0290237
  0.0109794           0  -0.0211082  0.00757576
-0.00757576   0.0211082           0  -0.0160299
 -0.0290237 -0.00757576   0.0160299           0
EndNode2[0]<--->HoM1[0]
REAL
   0.425061 0.000528112 -0.00771965    0.239463
0.000528112   0.0601966   0.0118319  -0.0104151
-0.00771965   0.0118319    0.044226  -0.0160722
   0.239463  -0.0104151  -0.0160722    0.470516
IMAGINARY
          0 -0.00471309  0.00492714  -0.0123377
 0.00471309           0  -0.0175325   0.0240202
-0.00492714   0.0175325           0    0.011292
  0.0123377  -0.0240202   -0.011292           0
Repeater1[0]<--->EndNode1[0]
REAL
   0.454208   0.0136473 -0.00153713    0.238457
  0.0136473   0.0507426 -0.00462608 -0.00468178
-0.00153713 -0.00462608   0.0544554   0.0149597
   0.238457 -0.00468178   0.0149597    0.440594
IMAGINARY
          0  0.00757576  -0.0109794   0.0290237
-0.00757576           0   0.0211082  -0.0160299
  0.0109794  -0.0211082           0  0.00757576
 -0.0290237   0.0160299 -0.00757576           0
Repeater1[0]<--->HoM1[0]
REAL
   0.425061 -0.00771965 0.000528112    0.239463
-0.00771965    0.044226   0.0118319  -0.0160722
0.000528112   0.0118319   0.0601966  -0.0104151
   0.239463  -0.0160722  -0.0104151    0.470516
IMAGINARY
          0  0.00492714 -0.00471309  -0.0123377
-0.00492714           0   0.0175325    0.011292
 0.00471309  -0.0175325           0   0.0240202
  0.0123377   -0.011292  -0.0240202           0
EndNode1[0]<--->Repeater1[0]
REAL
   0.480053 0.000953098  -0.0100186    0.268873
0.000953098   0.0478723   0.0201891   0.0217373
 -0.0100186   0.0201891   0.0452128  0.00816149
   0.268873   0.0217373  0.00816149    0.426862
IMAGINARY
          0   0.0046897  -0.0101542  0.00859308
 -0.0046897           0 -0.00544843  0.00752259
  0.0101542  0.00544843           0 -0.00600549
-0.00859308 -0.00752259  0.00600549           0
EndNode2[0]<--->HoM1[0]
REAL
    0.463054   0.00573723   -0.0111654     0.238089
  0.00573723    0.0554187 -0.000275934  -0.00266863
