EndNode1[0]<--->Repeater1[0]
REAL
   0.380228  0.00210217 -0.00792112    0.240093
 0.00210217    0.115336   0.0477855  -0.0173314
-0.00792112   0.0477855    0.121673 -0.00967793
   0.240093  -0.0173314 -0.00967793    0.382763
IMAGINARY
          0 -0.00124508 -0.00805953   0.0110721
 0.00124508           0   -0.004759 -0.00341146
 0.00805953    0.004759           0  -0.0196726
 -0.0110721  0.00341146   0.0196726           0
EndNode2[0]<--->HoM1[0]
REAL
    0.425614   0.00926899    0.0203152     0.259498
  0.00926899     0.111255    0.0414852 -0.000659135
   0.0203152    0.0414852     0.103493  -0.00435499
    0.259498 -0.000659135  -0.00435499     0.359638
IMAGINARY
          0   0.0121499  0.00721569  0.00429991
 -0.0121499           0  -0.0283505   -0.014048
-0.00721569   0.0283505           0  0.00337801
-0.00429991    0.014048 -0.00337801           0
Repeater1[0]<--->EndNode1[0]
REAL
   0.380228 -0.00792112  0.00210217    0.240093
-0.00792112    0.121673   0.0477855 -0.00967793
 0.00210217   0.0477855    0.115336  -0.0173314
   0.240093 -0.00967793  -0.0173314    0.382763
IMAGINARY
          0 -0.00805953 -0.00124508   0.0110721
 0.00805953           0    0.004759  -0.0196726
 0.00124508   -0.004759           0 -0.00341146
 -0.0110721   0.0196726  0.00341146           0
Repeater1[0]<--->HoM1[0]
REAL
    0.425614    0.0203152   0.00926899     0.259498
   0.0203152     0.103493    0.0414852  -0.00435499
  0.00926899    0.0414852     0.111255 -0.000659135
    0.259498  -0.00435499 -0.000659135     0.359638
IMAGINARY
          0  0.00721569   0.0121499  0.00429991
-0.00721569           0   0.0283505  0.00337801
 -0.0121499  -0.0283505           0   -0.014048
-0.00429991 -0.00337801    0.014048           0
EndNode1[0]<--->Repeater1[0]
REAL
   0.427842  0.00348546  -0.0254592    0.230524
 0.00348546   0.0983397   0.0275407 0.000645261
 -0.0254592   0.0275407    0.113665  -0.0171331
   0.230524 0.000645261  -0.0171331    0.360153
IMAGINARY
          0 -0.00985903   0.0138615 -0.00678003
 0.00985903           0   0.0022639  0.00494521
 -0.0138615  -0.0022639           0  -0.0128388
 0.00678003 -0.00494521   0.0128388           0
EndNode2[0]<--->HoM1[0]
REAL
    0.371007  -0.00801089  -0.00950726     0.259709
 -0.00801089      0.12285    0.0301171 -0.000532901
 -0.00950726    0.0301171     0.111794   -0.0194322
    0.259709 -0.000532901   -0.0194322     0.394349
IMAGINARY
          0 -0.00190669 -0.00349888   0.0196852
 0.00190669           0  -0.0102749 -0.00415418
 0.00349888   0.0102749           0 -0.00319535
 -0.0196852  0.00415418  0.00319535           0
Repeater1[0]<--->EndNode1[0]
REAL
   0.427842  -0.0254592  0.00348546    0.230524
 -0.0254592    0.113665   0.0275407  -0.0171331
 0.00348546   0.0275407   0.0983397 0.000645261
   0.230524  -0.0171331 0.000645261    0.360153
IMAGINARY
          0   0.0138615 -0.00985903 -0.00678003
 -0.0138615           0  -0.0022639  -0.0128388
 0.00985903   0.0022639           0  0.00494521
 0.00678003   0.0128388 -0.00494521           0
Repeater1[0]<--->HoM1[0]
REAL
    0.371007  -0.00950726  -0.00801089     0.259709
 -0.00950726     0.111794    0.0301171   -0.0194322
 -0.00801089    0.0301171      0.12285 -0.000532901
    0.259709   -0.0194322 -0.000532901     0.394349
IMAGINARY
          0 -0.00349888 -0.00190669   0.0196852
 0.00349888           0   0.0102749 -0.00319535
 0.00190669  -0.0102749           0 -0.00415418
 -0.0196852  0.00319535  0.00415418           0
EndNode1[0]<--->Repeater1[0]
REAL
   0.393401 -0.00346719  -0.0254741    0.251591
-0.00346719    0.106599   0.0522803  -0.0151711
 -0.0254741   0.0522803    0.128173  -0.0191135
   0.251591  -0.0151711  -0.0191135    0.371827
IMAGINARY
          0 -0.00101757  -0.0100304  0.00203864
 0.00101757           0    0.017264   0.0038235
  0.0100304   -0.017264           0  0.00170723
-0.00203864  -0.0038235 -0.00170723           0
EndNode2[0]<--->HoM1[0]
REAL
   0.397783   -0.010786 -0.00957577     0.25917
  -0.010786     0.10468   0.0344585  0.00819073
-0.00957577   0.0344585    0.105911   0.0163262
    0.25917  0.00819073   0.0163262    0.391626
IMAGINARY
          0  -0.0172674  0.00530576    0.015518
  0.0172674           0  -0.0217369   0.0145406
-0.00530576   0.0217369           0  -0.0243459
  -0.015518  -0.0145406   0.0243459           0
Repeater1[0]<--->EndNode1[0]
REAL
   0.393401  -0.0254741 -0.00346719    0.251591
 -0.0254741    0.128173   0.0522803  -0.0191135
-0.00346719   0.0522803    0.106599  -0.0151711
   0.251591  -0.0191135  -0.0151711    0.371827
IMAGINARY
          0  -0.0100304 -0.00101757  0.00203864
  0.0100304           0   -0.017264  0.00170723
 0.00101757    0.017264           0   0.0038235
-0.00203864 -0.00170723  -0.0038235           0
Repeater1[0]<--->HoM1[0]
REAL
   0.397783 -0.00957577   -0.010786     0.25917
-0.00957577    0.105911   0.0344585   0.0163262
  -0.010786   0.0344585     0.10468  0.00819073
    0.25917   0.0163262  0.00819073    0.391626
IMAGINARY
          0  0.00530576  -0.0172674    0.015518
-0.00530576           0   0.0217369  -0.0243459
  0.0172674  -0.0217369           0   0.0145406
  -0.015518   0.0243459  -0.0145406           0
EndNode1[0]<--->Repeater1[0]
REAL
    0.405542   -0.0123839  -0.00746359     0.250803
  -0.0123839     0.108312    0.0342677 -0.000901914
 -0.00746359    0.0342677     0.127204  -0.00756462
    0.250803 -0.000901914  -0.00756462     0.358942
IMAGINARY
          0 -0.00787402    0.015123 -0.00326526
 0.00787402           0  -0.0373107    0.016373
  -0.015123   0.0373107           0  -0.0209974
 0.00326526   -0.016373   0.0209974           0
EndNode2[0]<--->HoM1[0]
REAL
  0.425831  0.0192901 0.00345244   0.271604
 0.0192901  0.0997442  0.0488451 -0.0196619
0.00345244  0.0488451  0.0907928 -0.0180432
  0.271604 -0.0196619 -0.0180432   0.383632
IMAGINARY
          0 -0.00090395 -0.00202976  0.00891793
 0.00090395           0   0.0266577  -0.0110737
 0.00202976  -0.0266577           0  0.00711085
-0.00891793   0.0110737 -0.00711085           0
Repeater1[0]<--->EndNode1[0]
REAL
    0.405542  -0.00746359   -0.0123839     0.250803
 -0.00746359     0.127204    0.0342677  -0.00756462
  -0.0123839    0.0342677     0.108312 -0.000901914
    0.250803  -0.00756462 -0.000901914     0.358942
IMAGINARY
          0    0.015123 -0.00787402 -0.00326526
  -0.015123           0   0.0373107  -0.0209974
 0.00787402  -0.0373107           0    0.016373
 0.00326526   0.0209974   -0.016373           0
Repeater1[0]<--->HoM1[0]
REAL
  0.425831 0.00345244  0.0192901   0.271604
0.00345244  0.0907928  0.0488451 -0.0180432
 0.0192901  0.0488451  0.0997442 -0.0196619
  0.271604 -0.0180432 -0.0196619   0.383632
IMAGINARY
          0 -0.00202976 -0.00090395  0.00891793
 0.00202976           0  -0.0266577  0.00711085
 0.00090395   0.0266577           0  -0.0110737
-0.00891793 -0.00711085   0.0110737           0
EndNode1[0]<--->Repeater1[0]
REAL
  0.420079 0.00118983 0.00237405   0.254197
0.00118983   0.109643  0.0540734  0.0226886
0.00237405  0.0540734   0.120211 0.00507584
  0.254197  0.0226886 0.00507584   0.350066
IMAGINARY
           0   -0.0169976    0.0132277    0.0157661
   0.0169976            0   0.00232178 -0.000216575
  -0.0132277  -0.00232178            0    0.0188564
  -0.0157661  0.000216575   -0.0188564            0
EndNode2[0]<--->HoM1[0]
REAL
    0.397516    0.0200802     0.027095     0.240829
   0.0200802     0.100621    0.0272871 -8.57806e-05
    0.027095    0.0272871     0.126708    0.0174692
    0.240829 -8.57806e-05    0.0174692     0.375155
IMAGINARY
          0  -0.0127425  -0.0150046   0.0172115
  0.0127425           0  0.00971154  0.00849414
  0.0150046 -0.00971154           0   0.0114405
 -0.0172115 -0.00849414  -0.0114405           0
Repeater1[0]<--->EndNode1[0]
REAL
  0.420079 0.00237405 0.00118983   0.254197
0.00237405   0.120211  0.0540734 0.00507584
0.00118983  0.0540734   0.109643  0.0226886
  0.254197 0.00507584  0.0226886   0.350066
IMAGINARY
           0    0.0132277   -0.0169976    0.0157661
  -0.0132277            0  -0.00232178    0.0188564
   0.0169976   0.00232178            0 -0.000216575
  -0.0157661   -0.0188564  0.000216575            0
Repeater1[0]<--->HoM1[0]
REAL
    0.397516     0.027095    0.0200802     0.240829
    0.027095     0.126708    0.0272871    0.0174692
   0.0200802    0.0272871     0.100621 -8.57806e-05
    0.240829    0.0174692 -8.57806e-05     0.375155
IMAGINARY
          0  -0.0150046  -0.0127425   0.0172115
  0.0150046           0 -0.00971154   0.0114405
  0.0127425  0.00971154           0  0.00849414
 -0.0172115  -0.0114405 -0.00849414           0
EndNode1[0]<--->Repeater1[0]
REAL
    0.385965  -0.00193581  -0.00277295     0.240327
 -0.00193581     0.121554    0.0400652   -0.0201029
 -0.00277295    0.0400652     0.126566 -2.49781e-05
    0.240327   -0.0201029 -2.49781e-05     0.365915
IMAGINARY
          0 -0.00718612  -0.0135644 -0.00269542
 0.00718612           0  0.00269542  0.00701991
  0.0135644 -0.00269542           0   0.0124217
 0.00269542 -0.00701991  -0.0124217           0
EndNode2[0]<--->HoM1[0]
REAL
  0.390525  0.0112079  0.0175325    0.23347
 0.0112079   0.135723  0.0405563  0.0175325
 0.0175325  0.0405563  0.0973111 0.00307782
   0.23347  0.0175325 0.00307782    0.37644
IMAGINARY
          0 -0.00424677 -0.00116917  0.00416324
 0.00424677           0   0.0201207   0.0261036
 0.00116917  -0.0201207           0   0.0160578
-0.00416324  -0.0261036  -0.0160578           0
Repeater1[0]<--->EndNode1[0]
REAL
    0.385965  -0.00277295  -0.00193581     0.240327
 -0.00277295     0.126566    0.0400652 -2.49781e-05
 -0.00193581    0.0400652     0.121554   -0.0201029
    0.240327 -2.49781e-05   -0.0201029     0.365915
IMAGINARY
          0  -0.0135644 -0.00718612 -0.00269542
  0.0135644           0 -0.00269542   0.0124217
 0.00718612  0.00269542           0  0.00701991
 0.00269542  -0.0124217 -0.00701991           0
Repeater1[0]<--->HoM1[0]
REAL
  0.390525  0.0175325  0.0112079    0.23347
 0.0175325  0.0973111  0.0405563 0.00307782
 0.0112079  0.0405563   0.135723  0.0175325
   0.23347 0.00307782  0.0175325    0.37644
IMAGINARY
          0 -0.00116917 -0.00424677  0.00416324
 0.00116917           0  -0.0201207   0.0160578
 0.00424677   0.0201207           0   0.0261036
-0.00416324  -0.0160578  -0.0261036           0
EndNode1[0]<--->Repeater1[0]
REAL
   0.44106 -0.0124541 -0.0202032   0.243069
-0.0124541    0.10596   0.046552 0.00126916
-0.0202032   0.046552   0.108609 -0.0261153
  0.243069 0.00126916 -0.0261153   0.344371
IMAGINARY
           0   0.00775586  -0.00116664 -0.000991971
 -0.00775586            0  -0.00226748   -0.0100274
  0.00116664   0.00226748            0    0.0208511
 0.000991971    0.0100274   -0.0208511            0
EndNode2[0]<--->HoM1[0]
REAL
   0.384921  -0.0109272   0.0107196    0.269227
 -0.0109272    0.125661   0.0476923 0.000644035
  0.0107196   0.0476923    0.104497   0.0109272
   0.269227 0.000644035   0.0109272    0.384921
IMAGINARY
          0  0.00563717  -0.0185644  0.00927195
-0.00563717           0  -0.0118165  0.00618812
  0.0185644   0.0118165           0   0.0030262
-0.00927195 -0.00618812  -0.0030262           0
Repeater1[0]<--->EndNode1[0]
REAL
   0.44106 -0.0202032 -0.0124541   0.243069
-0.0202032   0.108609   0.046552 -0.0261153
-0.0124541   0.046552    0.10596 0.00126916
  0.243069 -0.0261153 0.00126916   0.344371
IMAGINARY
           0  -0.00116664   0.00775586 -0.000991971
  0.00116664            0   0.00226748    0.0208511
 -0.00775586  -0.00226748            0   -0.0100274
 0.000991971   -0.0208511    0.0100274            0
Repeater1[0]<--->HoM1[0]
REAL
   0.384921   0.0107196  -0.0109272    0.269227
  0.0107196    0.104497   0.0476923   0.0109272
 -0.0109272   0.0476923    0.125661 0.000644035
   0.269227   0.0109272 0.000644035    0.384921
IMAGINARY
          0  -0.0185644  0.00563717  0.00927195
  0.0185644           0   0.0118165   0.0030262
-0.00563717  -0.0118165           0  0.00618812
-0.00927195  -0.0030262 -0.00618812           0
EndNode1[0]<--->Repeater1[0]
REAL
  0.366791 0.00949127  0.0109485   0.244799
0.00949127   0.125155  0.0386922  0.0140853
 0.0109485  0.0386922   0.131351  0.0101298
  0.244799  0.0140853  0.0101298   0.376704
IMAGINARY
          0 -0.00475743 -0.00316801     0.02333
 0.00475743           0 -0.00113677   0.0209797
 0.00316801  0.00113677           0 -0.00414842
   -0.02333  -0.0209797  0.00414842           0
EndNode2[0]<--->HoM1[0]
REAL
    0.413702   -0.0102593    -0.022719     0.250618
  -0.0102593     0.114625    0.0517915 -0.000172574
   -0.022719    0.0517915    0.0895916  -0.00299375
    0.250618 -0.000172574  -0.00299375     0.382082
IMAGINARY
          0 -0.00655725  -0.0190224  0.00549214
 0.00655725           0  -0.0115749  0.00663644
  0.0190224   0.0115749           0   0.0228545
-0.00549214 -0.00663644  -0.0228545           0
Repeater1[0]<--->EndNode1[0]
REAL
  0.366791  0.0109485 0.00949127   0.244799
 0.0109485   0.131351  0.0386922  0.0101298
0.00949127  0.0386922   0.125155  0.0140853
  0.244799  0.0101298  0.0140853   0.376704
IMAGINARY
          0 -0.00316801 -0.00475743     0.02333
 0.00316801           0  0.00113677 -0.00414842
 0.00475743 -0.00113677           0   0.0209797
   -0.02333  0.00414842  -0.0209797           0
Repeater1[0]<--->HoM1[0]
REAL
    0.413702    -0.022719   -0.0102593     0.250618
   -0.022719    0.0895916    0.0517915  -0.00299375
  -0.0102593    0.0517915     0.114625 -0.000172574
    0.250618  -0.00299375 -0.000172574     0.382082
IMAGINARY
          0  -0.0190224 -0.00655725  0.00549214
  0.0190224           0   0.0115749   0.0228545
 0.00655725  -0.0115749           0  0.00663644
-0.00549214  -0.0228545 -0.00663644           0
EndNode1[0]<--->Repeater1[0]
REAL
   0.402174 0.000869655  -0.0040248    0.250285
0.000869655   0.0978261   0.0346889  -0.0218819
 -0.0040248   0.0346889    0.129227   -0.021595
   0.250285  -0.0218819   -0.021595    0.370773
IMAGINARY
           0   -0.0172868    0.0351965   -0.0263149
   0.0172868            0  -0.00656181  0.000845397
  -0.0351965   0.00656181            0   -0.0253082
   0.0263149 -0.000845397    0.0253082            0
EndNode2[0]<--->HoM1[0]
REAL
   0.414286  0.00533759 -0.00729638    0.266994
 0.00533759   0.0987013   0.0286076  -0.0166364
-0.00729638   0.0286076    0.123377  -0.0137464
   0.266994  -0.0166364  -0.0137464    0.363636
IMAGINARY
          0   0.0294867   0.0146396   0.0260159
 -0.0294867           0   0.0181211  0.00614283
 -0.0146396  -0.0181211           0  -0.0135943
 -0.0260159 -0.00614283   0.0135943           0
Repeater1[0]<--->EndNode1[0]
REAL
   0.402174  -0.0040248 0.000869655    0.250285
 -0.0040248    0.129227   0.0346889   -0.021595
0.000869655   0.0346889   0.0978261  -0.0218819
   0.250285   -0.021595  -0.0218819    0.370773
IMAGINARY
           0    0.0351965   -0.0172868   -0.0263149
  -0.0351965            0   0.00656181   -0.0253082
   0.0172868  -0.00656181            0  0.000845397
   0.0263149    0.0253082 -0.000845397            0
Repeater1[0]<--->HoM1[0]
REAL
   0.414286 -0.00729638  0.00533759    0.266994
-0.00729638    0.123377   0.0286076  -0.0137464
 0.00533759   0.0286076   0.0987013  -0.0166364
   0.266994  -0.0137464  -0.0166364    0.363636
IMAGINARY
          0   0.0146396   0.0294867   0.0260159
 -0.0146396           0  -0.0181211  -0.0135943
 -0.0294867   0.0181211           0  0.00614283
 -0.0260159   0.0135943 -0.00614283           0
EndNode1[0]<--->Repeater1[0]
REAL
  0.409152  0.0018087 -0.0269675    0.22557
 0.0018087   0.106326  0.0210243  0.0024443
-0.0269675  0.0210243  0.0995962 -0.0154327
   0.22557  0.0024443 -0.0154327   0.384926
IMAGINARY
          0   -0.011869  -0.0261955  0.00722826
   0.011869           0   0.0202717 -0.00370877
  0.0261955  -0.0202717           0 -0.00726977
-0.00722826  0.00370877  0.00726977           0
EndNode2[0]<--->HoM1[0]
REAL
   0.393377   0.0035006 -0.00738038     0.23887
  0.0035006    0.104636   0.0490846  0.00173421
-0.00738038   0.0490846     0.10596 -0.00538265
    0.23887  0.00173421 -0.00538265    0.396026
IMAGINARY
          0 -0.00130648  0.00679822  0.00382971
 0.00130648           0   0.0051217 -0.00364564
-0.00679822  -0.0051217           0  0.00319803
-0.00382971  0.00364564 -0.00319803           0
Repeater1[0]<--->EndNode1[0]
REAL
  0.409152 -0.0269675  0.0018087    0.22557
-0.0269675  0.0995962  0.0210243 -0.0154327
 0.0018087  0.0210243   0.106326  0.0024443
   0.22557 -0.0154327  0.0024443   0.384926
IMAGINARY
          0  -0.0261955   -0.011869  0.00722826
  0.0261955           0  -0.0202717 -0.00726977
   0.011869   0.0202717           0 -0.00370877
-0.00722826  0.00726977  0.00370877           0
Repeater1[0]<--->HoM1[0]
REAL
   0.393377 -0.00738038   0.0035006     0.23887
-0.00738038     0.10596   0.0490846 -0.00538265
  0.0035006   0.0490846    0.104636  0.00173421
    0.23887 -0.00538265  0.00173421    0.396026
IMAGINARY
          0  0.00679822 -0.00130648  0.00382971
-0.00679822           0  -0.0051217  0.00319803
 0.00130648   0.0051217           0 -0.00364564
-0.00382971 -0.00319803  0.00364564           0
EndNode1[0]<--->Repeater1[0]
REAL
  0.383312 -0.0036126 0.00531732   0.261375
-0.0036126   0.105606  0.0442172 0.00866404
0.00531732  0.0442172   0.126467 0.00694149
  0.261375 0.00866404 0.00694149   0.384615
IMAGINARY
           0   0.00117508   -0.0280662    0.0121197
 -0.00117508            0 -0.000956314   0.00259708
   0.0280662  0.000956314            0  -0.00653701
  -0.0121197  -0.00259708   0.00653701            0
EndNode2[0]<--->HoM1[0]
REAL
   0.423483 -0.00844535   0.0011238     0.25427
-0.00844535    0.105541   0.0437096  0.00897721
  0.0011238   0.0437096    0.102902  -0.0142819
    0.25427  0.00897721  -0.0142819    0.368074
IMAGINARY
          0  -0.0129873   0.0241208   0.0261118
  0.0129873           0  0.00278267 -0.00521596
 -0.0241208 -0.00278267           0 -0.00330992
 -0.0261118  0.00521596  0.00330992           0
Repeater1[0]<--->EndNode1[0]
REAL
  0.383312 0.00531732 -0.0036126   0.261375
0.00531732   0.126467  0.0442172 0.00694149
-0.0036126  0.0442172   0.105606 0.00866404
  0.261375 0.00694149 0.00866404   0.384615
IMAGINARY
           0   -0.0280662   0.00117508    0.0121197
   0.0280662            0  0.000956314  -0.00653701
 -0.00117508 -0.000956314            0   0.00259708
  -0.0121197   0.00653701  -0.00259708            0
Repeater1[0]<--->HoM1[0]
REAL
   0.423483   0.0011238 -0.00844535     0.25427
  0.0011238    0.102902   0.0437096  -0.0142819
-0.00844535   0.0437096    0.105541  0.00897721
    0.25427  -0.0142819  0.00897721    0.368074
IMAGINARY
          0   0.0241208  -0.0129873   0.0261118
 -0.0241208           0 -0.00278267 -0.00330992
  0.0129873  0.00278267           0 -0.00521596
 -0.0261118  0.00330992  0.00521596           0
EndNode1[0]<--->Repeater1[0]
REAL
    0.396078   -0.0199019 -0.000178711     0.240707
  -0.0199019     0.100654    0.0382684   -0.0159938
-0.000178711    0.0382684     0.126797   0.00103402
    0.240707   -0.0159938   0.00103402     0.376471
IMAGINARY
          0   0.0126566  -0.0230409   0.0293531
 -0.0126566           0 -0.00494764 -0.00012984
  0.0230409  0.00494764           0   0.0031971
 -0.0293531  0.00012984  -0.0031971           0
EndNode2[0]<--->HoM1[0]
REAL
   0.365823  0.00845929  0.00224647    0.267269
 0.00845929    0.111392    0.031933 -0.00224647
 0.00224647    0.031933    0.127848   0.0035088
   0.267269 -0.00224647   0.0035088    0.394937
IMAGINARY
           0  -0.00517306  -0.00723513 -1.28136e-05
  0.00517306            0    0.0110693  -0.00349448
  0.00723513   -0.0110693            0    0.0144721
 1.28136e-05   0.00349448   -0.0144721            0
Repeater1[0]<--->EndNode1[0]
REAL
    0.396078 -0.000178711   -0.0199019     0.240707
-0.000178711     0.126797    0.0382684   0.00103402
  -0.0199019    0.0382684     0.100654   -0.0159938
    0.240707   0.00103402   -0.0159938     0.376471
IMAGINARY
          0  -0.0230409   0.0126566   0.0293531
  0.0230409           0  0.00494764   0.0031971
 -0.0126566 -0.00494764           0 -0.00012984
 -0.0293531  -0.0031971  0.00012984           0
Repeater1[0]<--->HoM1[0]
REAL
   0.365823  0.00224647  0.00845929    0.267269
 0.00224647    0.127848    0.031933   0.0035088
 0.00845929    0.031933    0.111392 -0.00224647
   0.267269   0.0035088 -0.00224647    0.394937
IMAGINARY
           0  -0.00723513  -0.00517306 -1.28136e-05
  0.00723513            0   -0.0110693    0.0144721
  0.00517306    0.0110693            0  -0.00349448
 1.28136e-05   -0.0144721   0.00349448            0
EndNode1[0]<--->Repeater1[0]
REAL
    0.40873   0.0181538 -0.00381022    0.255559
  0.0181538    0.108466   0.0360015  -0.0128138
-0.00381022   0.0360015    0.111111  -0.0155962
   0.255559  -0.0128138  -0.0155962    0.371693
IMAGINARY
          0   0.0069846 -0.00466976  0.00403712
 -0.0069846           0   -0.008158  -0.0279256
 0.00466976    0.008158           0   0.0108506
-0.00403712   0.0279256  -0.0108506           0
EndNode2[0]<--->HoM1[0]
REAL
   0.383178  0.00297644   0.0103448    0.271087
 0.00297644    0.126836   0.0392576 -0.00503979
  0.0103448   0.0392576     0.11749  0.00365486
   0.271087 -0.00503979  0.00365486    0.372497
IMAGINARY
          0   -0.029931   0.0140467  -0.0131252
   0.029931           0  -0.0149794  0.00976278
 -0.0140467   0.0149794           0  0.00862776
  0.0131252 -0.00976278 -0.00862776           0
Repeater1[0]<--->EndNode1[0]
REAL
    0.40873 -0.00381022   0.0181538    0.255559
-0.00381022    0.111111   0.0360015  -0.0155962
  0.0181538   0.0360015    0.108466  -0.0128138
   0.255559  -0.0155962  -0.0128138    0.371693
IMAGINARY
          0 -0.00466976   0.0069846  0.00403712
 0.00466976           0    0.008158   0.0108506
 -0.0069846   -0.008158           0  -0.0279256
-0.00403712  -0.0108506   0.0279256           0
Repeater1[0]<--->HoM1[0]
REAL
   0.383178   0.0103448  0.00297644    0.271087
  0.0103448     0.11749   0.0392576  0.00365486
 0.00297644   0.0392576    0.126836 -0.00503979
   0.271087  0.00365486 -0.00503979    0.372497
IMAGINARY
          0   0.0140467   -0.029931  -0.0131252
 -0.0140467           0   0.0149794  0.00862776
   0.029931  -0.0149794           0  0.00976278
  0.0131252 -0.00862776 -0.00976278           0
EndNode1[0]<--->Repeater1[0]
REAL
  0.397972  0.0210817 0.00698843   0.276866
 0.0210817   0.107731  0.0241483  0.0139241
0.00698843  0.0241483   0.114068 -0.0141109
  0.276866  0.0139241 -0.0141109   0.380228
IMAGINARY
          0  -0.0104358 -0.00576503 -0.00330604
  0.0104358           0  -0.0205035 -0.00510453
 0.00576503   0.0205035           0    0.018588
 0.00330604  0.00510453   -0.018588           0
EndNode2[0]<--->HoM1[0]
REAL
   0.389294  0.00148237   0.0100099    0.247318
 0.00148237    0.108273   0.0447868 -0.00343096
  0.0100099   0.0447868    0.110706   0.0129913
   0.247318 -0.00343096   0.0129913    0.391727
IMAGINARY
           0   -0.0197539   -0.0171663    0.0112639
   0.0197539            0    0.0144814  -0.00182104
   0.0171663   -0.0144814            0 -0.000499253
  -0.0112639   0.00182104  0.000499253            0
Repeater1[0]<--->EndNode1[0]
REAL
  0.397972 0.00698843  0.0210817   0.276866
0.00698843   0.114068  0.0241483 -0.0141109
 0.0210817  0.0241483   0.107731  0.0139241
  0.276866 -0.0141109  0.0139241   0.380228
IMAGINARY
          0 -0.00576503  -0.0104358 -0.00330604
 0.00576503           0   0.0205035    0.018588
  0.0104358  -0.0205035           0 -0.00510453
 0.00330604   -0.018588  0.00510453           0
Repeater1[0]<--->HoM1[0]
REAL
   0.389294   0.0100099  0.00148237    0.247318
  0.0100099    0.110706   0.0447868   0.0129913
 0.00148237   0.0447868    0.108273 -0.00343096
   0.247318   0.0129913 -0.00343096    0.391727
IMAGINARY
           0   -0.0171663   -0.0197539    0.0112639
   0.0171663            0   -0.0144814 -0.000499253
   0.0197539    0.0144814            0  -0.00182104
  -0.0112639  0.000499253   0.00182104            0
EndNode1[0]<--->Repeater1[0]
REAL
   0.395561 -0.00759279  0.00597689     0.24816
-0.00759279   0.0992167   0.0590211  0.00732098
 0.00597689   0.0590211     0.10705 -0.00437529
    0.24816  0.00732098 -0.00437529    0.398172
IMAGINARY
           0   -0.0133866  -0.00592931 -0.000749318
   0.0133866            0     0.014439  -0.00468243
  0.00592931    -0.014439            0    0.0152592
 0.000749318   0.00468243   -0.0152592            0
EndNode2[0]<--->HoM1[0]
REAL
   0.395619 0.000637752  -0.0140463    0.251673
0.000637752    0.110825   0.0473027  0.00956484
 -0.0140463   0.0473027    0.106959 -0.00127796
   0.251673  0.00956484 -0.00127796    0.386598
IMAGINARY
          0   0.0101102 -0.00607462   0.0196782
 -0.0101102           0   0.0038887  0.00350392
 0.00607462  -0.0038887           0    0.005314
 -0.0196782 -0.00350392   -0.005314           0
Repeater1[0]<--->EndNode1[0]
REAL
   0.395561  0.00597689 -0.00759279     0.24816
 0.00597689     0.10705   0.0590211 -0.00437529
-0.00759279   0.0590211   0.0992167  0.00732098
    0.24816 -0.00437529  0.00732098    0.398172
IMAGINARY
           0  -0.00592931   -0.0133866 -0.000749318
  0.00592931            0    -0.014439    0.0152592
   0.0133866     0.014439            0  -0.00468243
 0.000749318   -0.0152592   0.00468243            0
Repeater1[0]<--->HoM1[0]
REAL
   0.395619  -0.0140463 0.000637752    0.251673
 -0.0140463    0.106959   0.0473027 -0.00127796
0.000637752   0.0473027    0.110825  0.00956484
   0.251673 -0.00127796  0.00956484    0.386598
IMAGINARY
          0 -0.00607462   0.0101102   0.0196782
 0.00607462           0  -0.0038887    0.005314
 -0.0101102   0.0038887           0  0.00350392
 -0.0196782   -0.005314 -0.00350392           0
EndNode1[0]<--->Repeater1[0]
REAL
   0.393782    0.011113 -0.00208868    0.253252
   0.011113    0.103627    0.059077 -0.00339077
-0.00208868    0.059077    0.106218  -0.0261815
   0.253252 -0.00339077  -0.0261815    0.396373
IMAGINARY
          0 -0.00871126 -0.00200535  0.00552848
 0.00871126           0   0.0269391  0.00200535
 0.00200535  -0.0269391           0  -0.0155606
-0.00552848 -0.00200535   0.0155606           0
EndNode2[0]<--->HoM1[0]
REAL
  0.364428  0.0158905  0.0259226   0.260892
 0.0158905   0.110697  0.0314651  0.0154787
 0.0259226  0.0314651   0.113184 -0.0139797
  0.260892  0.0154787 -0.0139797   0.411692
IMAGINARY
          0 -0.00134396  -0.0244803  -0.0164958
 0.00134396           0   0.0190798   0.0120114
  0.0244803  -0.0190798           0 -0.00738422
  0.0164958  -0.0120114  0.00738422           0
Repeater1[0]<--->EndNode1[0]
REAL
   0.393782 -0.00208868    0.011113    0.253252
-0.00208868    0.106218    0.059077  -0.0261815
   0.011113    0.059077    0.103627 -0.00339077
   0.253252  -0.0261815 -0.00339077    0.396373
IMAGINARY
          0 -0.00200535 -0.00871126  0.00552848
 0.00200535           0  -0.0269391  -0.0155606
 0.00871126   0.0269391           0  0.00200535
-0.00552848   0.0155606 -0.00200535           0
Repeater1[0]<--->HoM1[0]
REAL
  0.364428  0.0259226  0.0158905   0.260892
 0.0259226   0.113184  0.0314651 -0.0139797
 0.0158905  0.0314651   0.110697  0.0154787
  0.260892 -0.0139797  0.0154787   0.411692
IMAGINARY
          0  -0.0244803 -0.00134396  -0.0164958
  0.0244803           0  -0.0190798 -0.00738422
 0.00134396   0.0190798           0   0.0120114
  0.0164958  0.00738422  -0.0120114           0
EndNode1[0]<--->Repeater1[0]
REAL
   0.413098  0.00815971 -0.00184092    0.272959
 0.00815971    0.118388   0.0454556  -0.0198982
-0.00184092   0.0454556    0.110831 -0.00176585
   0.272959  -0.0198982 -0.00176585    0.357683
IMAGINARY
           0   -0.0023261    0.0140081   0.00609447
   0.0023261            0  -0.00878264  0.000567276
  -0.0140081   0.00878264            0   -0.0160516
 -0.00609447 -0.000567276    0.0160516            0
EndNode2[0]<--->HoM1[0]
REAL
    0.39922 -0.00825048  0.00122419    0.267262
-0.00825048    0.109233   0.0568719 -0.00186604
 0.00122419   0.0568719    0.111834  0.00632493
   0.267262 -0.00186604  0.00632493    0.379714
IMAGINARY
           0 -0.000199187  -0.00682818   -0.0191462
 0.000199187            0    0.0100316  -0.00615883
  0.00682818   -0.0100316            0   0.00409529
   0.0191462   0.00615883  -0.00409529            0
Repeater1[0]<--->EndNode1[0]
REAL
   0.413098 -0.00184092  0.00815971    0.272959
-0.00184092    0.110831   0.0454556 -0.00176585
 0.00815971   0.0454556    0.118388  -0.0198982
   0.272959 -0.00176585  -0.0198982    0.357683
IMAGINARY
           0    0.0140081   -0.0023261   0.00609447
  -0.0140081            0   0.00878264   -0.0160516
   0.0023261  -0.00878264            0  0.000567276
 -0.00609447    0.0160516 -0.000567276            0
Repeater1[0]<--->HoM1[0]
REAL
    0.39922  0.00122419 -0.00825048    0.267262
 0.00122419    0.111834   0.0568719  0.00632493
-0.00825048   0.0568719    0.109233 -0.00186604
   0.267262  0.00632493 -0.00186604    0.379714
IMAGINARY
           0  -0.00682818 -0.000199187   -0.0191462
  0.00682818            0   -0.0100316   0.00409529
 0.000199187    0.0100316            0  -0.00615883
   0.0191462  -0.00409529   0.00615883            0
EndNode1[0]<--->Repeater1[0]
REAL
   0.400788 -0.00816153  -0.0161975    0.283133
-0.00816153    0.110381   0.0415178  -0.0111214
 -0.0161975   0.0415178    0.105125  -0.0140748
   0.283133  -0.0111214  -0.0140748    0.383706
IMAGINARY
          0 -0.00130332 -0.00924516  -0.0114881
 0.00130332           0  0.00579912  0.00241287
 0.00924516 -0.00579912           0  0.00316667
  0.0114881 -0.00241287 -0.00316667           0
EndNode2[0]<--->HoM1[0]
REAL
  0.409623 0.00350152  0.0179164   0.244313
0.00350152   0.105332  0.0245251  0.0274221
 0.0179164  0.0245251   0.104031  0.0201256
  0.244313  0.0274221  0.0201256   0.381014
IMAGINARY
          0 -0.00529774  0.00586176   0.0312381
 0.00529774           0 -0.00424579  -0.0158219
-0.00586176  0.00424579           0 -0.00466242
 -0.0312381   0.0158219  0.00466242           0
Repeater1[0]<--->EndNode1[0]
REAL
   0.400788  -0.0161975 -0.00816153    0.283133
 -0.0161975    0.105125   0.0415178  -0.0140748
-0.00816153   0.0415178    0.110381  -0.0111214
   0.283133  -0.0140748  -0.0111214    0.383706
IMAGINARY
          0 -0.00924516 -0.00130332  -0.0114881
 0.00924516           0 -0.00579912  0.00316667
 0.00130332  0.00579912           0  0.00241287
  0.0114881 -0.00316667 -0.00241287           0
Repeater1[0]<--->HoM1[0]
REAL
  0.409623  0.0179164 0.00350152   0.244313
 0.0179164   0.104031  0.0245251  0.0201256
0.00350152  0.0245251   0.105332  0.0274221
  0.244313  0.0201256  0.0274221   0.381014
IMAGINARY
          0  0.00586176 -0.00529774   0.0312381
-0.00586176           0  0.00424579 -0.00466242
 0.00529774 -0.00424579           0  -0.0158219
 -0.0312381  0.00466242   0.0158219           0
EndNode1[0]<--->Repeater1[0]
REAL
  0.404794 -0.0246219 -0.0140207   0.262688
-0.0246219   0.115846  0.0399783 -0.0153127
-0.0140207  0.0399783   0.115846 -0.0233781
  0.262688 -0.0153127 -0.0233781   0.363515
IMAGINARY
          0  0.00664261  0.00330547  -0.0102735
-0.00664261           0 -0.00288437  0.00735952
-0.00330547  0.00288437           0   0.0215883
  0.0102735 -0.00735952  -0.0215883           0
EndNode2[0]<--->HoM1[0]
REAL
  0.352632  0.0110147   -0.01411   0.262005
 0.0110147   0.109211   0.034363  0.0212436
  -0.01411   0.034363      0.125 -0.0233364
  0.262005  0.0212436 -0.0233364   0.413158
IMAGINARY
          0 -0.00112976  -0.0122613  -0.0155076
 0.00112976           0 -0.00612088  0.00277625
  0.0122613  0.00612088           0  0.00925985
  0.0155076 -0.00277625 -0.00925985           0
Repeater1[0]<--->EndNode1[0]
REAL
  0.404794 -0.0140207 -0.0246219   0.262688
-0.0140207   0.115846  0.0399783 -0.0233781
-0.0246219  0.0399783   0.115846 -0.0153127
  0.262688 -0.0233781 -0.0153127   0.363515
IMAGINARY
          0  0.00330547  0.00664261  -0.0102735
-0.00330547           0  0.00288437   0.0215883
-0.00664261 -0.00288437           0  0.00735952
  0.0102735  -0.0215883 -0.00735952           0
Repeater1[0]<--->HoM1[0]
REAL
  0.352632   -0.01411  0.0110147   0.262005
  -0.01411      0.125   0.034363 -0.0233364
 0.0110147   0.034363   0.109211  0.0212436
  0.262005 -0.0233364  0.0212436   0.413158
IMAGINARY
          0  -0.0122613 -0.00112976  -0.0155076
  0.0122613           0  0.00612088  0.00925985
 0.00112976 -0.00612088           0  0.00277625
  0.0155076 -0.00925985 -0.00277625           0
EndNode1[0]<--->Repeater1[0]
REAL
    0.38375  0.00664969  0.00793866    0.256211
 0.00664969      0.0975   0.0529285   0.0122226
 0.00793866   0.0529285     0.15625 7.07414e-05
   0.256211   0.0122226 7.07414e-05      0.3625
IMAGINARY
          0  0.00682005  0.00731193   0.0148318
-0.00682005           0   0.0098935  -0.0123624
-0.00731193  -0.0098935           0 -0.00303217
 -0.0148318   0.0123624  0.00303217           0
EndNode2[0]<--->HoM1[0]
REAL
  0.398675  0.0187246 0.00110706   0.248639
 0.0187246   0.127152  0.0438647  0.0129492
0.00110706  0.0438647  0.0993377  0.0180893
  0.248639  0.0129492  0.0180893   0.374834
IMAGINARY
          0   0.0182836 -0.00452229 -0.00744408
 -0.0182836           0   0.0224067   0.0195977
 0.00452229  -0.0224067           0   0.0106109
 0.00744408  -0.0195977  -0.0106109           0
Repeater1[0]<--->EndNode1[0]
REAL
    0.38375  0.00793866  0.00664969    0.256211
 0.00793866     0.15625   0.0529285 7.07414e-05
 0.00664969   0.0529285      0.0975   0.0122226
   0.256211 7.07414e-05   0.0122226      0.3625
IMAGINARY
          0  0.00731193  0.00682005   0.0148318
-0.00731193           0  -0.0098935 -0.00303217
-0.00682005   0.0098935           0  -0.0123624
 -0.0148318  0.00303217   0.0123624           0
Repeater1[0]<--->HoM1[0]
REAL
  0.398675 0.00110706  0.0187246   0.248639
0.00110706  0.0993377  0.0438647  0.0180893
 0.0187246  0.0438647   0.127152  0.0129492
  0.248639  0.0180893  0.0129492   0.374834
IMAGINARY
          0 -0.00452229   0.0182836 -0.00744408
 0.00452229           0  -0.0224067   0.0106109
 -0.0182836   0.0224067           0   0.0195977
 0.00744408  -0.0106109  -0.0195977           0
EndNode1[0]<--->Repeater1[0]
REAL
   0.407643   0.0108192 -0.00433617    0.239168
  0.0108192   0.0942675   0.0654449  -0.0180519
-0.00433617   0.0654449    0.122293  0.00207089
   0.239168  -0.0180519  0.00207089    0.375796
IMAGINARY
           0 -0.000219529   0.00743579  3.46893e-05
 0.000219529            0   -0.0191469   -0.0130398
 -0.00743579    0.0191469            0  -0.00662979
-3.46893e-05    0.0130398   0.00662979            0
EndNode2[0]<--->HoM1[0]
REAL
   0.392231 0.000903572 -0.00468221    0.256623
0.000903572    0.126566   0.0325728  0.00797602
-0.00468221   0.0325728    0.102757  0.00766033
   0.256623  0.00797602  0.00766033    0.378446
IMAGINARY
          0 -0.00917602   0.0170969   0.0101232
 0.00917602           0   0.0157836 -0.00190703
 -0.0170969  -0.0157836           0  -0.0085455
 -0.0101232  0.00190703   0.0085455           0
Repeater1[0]<--->EndNode1[0]
REAL
   0.407643 -0.00433617   0.0108192    0.239168
-0.00433617    0.122293   0.0654449  0.00207089
  0.0108192   0.0654449   0.0942675  -0.0180519
   0.239168  0.00207089  -0.0180519    0.375796
IMAGINARY
           0   0.00743579 -0.000219529  3.46893e-05
 -0.00743579            0    0.0191469  -0.00662979
 0.000219529   -0.0191469            0   -0.0130398
-3.46893e-05   0.00662979    0.0130398            0
Repeater1[0]<--->HoM1[0]
REAL
   0.392231 -0.00468221 0.000903572    0.256623
-0.00468221    0.102757   0.0325728  0.00766033
0.000903572   0.0325728    0.126566  0.00797602
   0.256623  0.00766033  0.00797602    0.378446
IMAGINARY
          0   0.0170969 -0.00917602   0.0101232
 -0.0170969           0  -0.0157836  -0.0085455
 0.00917602   0.0157836           0 -0.00190703
 -0.0101232   0.0085455  0.00190703           0
EndNode1[0]<--->Repeater1[0]
REAL
   0.449256 -0.00608349  0.00282706    0.257337
-0.00608349    0.117727   0.0396454  -0.0309478
 0.00282706   0.0396454   0.0906631  -0.0247807
   0.257337  -0.0309478  -0.0247807    0.342355
IMAGINARY
          0  0.00748384   -0.005427 -0.00720349
-0.00748384           0  -0.0287862    0.016092
   0.005427   0.0287862           0  -0.0118753
 0.00720349   -0.016092   0.0118753           0
EndNode2[0]<--->HoM1[0]
REAL
   0.397946  0.00458115  0.00546126    0.246485
 0.00458115    0.106547   0.0282675  -0.0104118
 0.00546126   0.0282675    0.106547 -0.00458115
   0.246485  -0.0104118 -0.00458115     0.38896
IMAGINARY
          0   0.0101581 -0.00667916   -0.017752
 -0.0101581           0  0.00635964  0.00471324
 0.00667916 -0.00635964           0   0.0088458
   0.017752 -0.00471324  -0.0088458           0
Repeater1[0]<--->EndNode1[0]
REAL
   0.449256  0.00282706 -0.00608349    0.257337
 0.00282706   0.0906631   0.0396454  -0.0247807
-0.00608349   0.0396454    0.117727  -0.0309478
   0.257337  -0.0247807  -0.0309478    0.342355
IMAGINARY
          0   -0.005427  0.00748384 -0.00720349
   0.005427           0   0.0287862  -0.0118753
-0.00748384  -0.0287862           0    0.016092
 0.00720349   0.0118753   -0.016092           0
Repeater1[0]<--->HoM1[0]
REAL
   0.397946  0.00546126  0.00458115    0.246485
 0.00546126    0.106547   0.0282675 -0.00458115
 0.00458115   0.0282675    0.106547  -0.0104118
   0.246485 -0.00458115  -0.0104118     0.38896
IMAGINARY
          0 -0.00667916   0.0101581   -0.017752
 0.00667916           0 -0.00635964   0.0088458
 -0.0101581  0.00635964           0  0.00471324
   0.017752  -0.0088458 -0.00471324           0
EndNode1[0]<--->Repeater1[0]
REAL
    0.43061  -0.0019224  -0.0323489    0.241846
 -0.0019224    0.124514   0.0372707 -0.00848109
 -0.0323489   0.0372707     0.12192  -0.0215046
   0.241846 -0.00848109  -0.0215046    0.322957
IMAGINARY
           0   -0.0120837   0.00621675   0.00790245
   0.0120837            0 -3.40623e-05   0.00750874
 -0.00621675  3.40623e-05            0    0.0140445
 -0.00790245  -0.00750874   -0.0140445            0
EndNode2[0]<--->HoM1[0]
REAL
   0.401282  -0.0226127  -0.0189289    0.251428
 -0.0226127    0.111538   0.0300286  -0.0307399
 -0.0189289   0.0300286    0.107692 -0.00718858
   0.251428  -0.0307399 -0.00718858    0.379487
IMAGINARY
          0  0.00546822  0.00878144  0.00281134
-0.00546822           0  -0.0015582  -0.0067626
-0.00878144   0.0015582           0  0.00731779
-0.00281134   0.0067626 -0.00731779           0
Repeater1[0]<--->EndNode1[0]
REAL
    0.43061  -0.0323489  -0.0019224    0.241846
 -0.0323489     0.12192   0.0372707  -0.0215046
 -0.0019224   0.0372707    0.124514 -0.00848109
   0.241846  -0.0215046 -0.00848109    0.322957
IMAGINARY
           0   0.00621675   -0.0120837   0.00790245
 -0.00621675            0  3.40623e-05    0.0140445
   0.0120837 -3.40623e-05            0   0.00750874
 -0.00790245   -0.0140445  -0.00750874            0
Repeater1[0]<--->HoM1[0]
REAL
   0.401282  -0.0189289  -0.0226127    0.251428
 -0.0189289    0.107692   0.0300286 -0.00718858
 -0.0226127   0.0300286    0.111538  -0.0307399
   0.251428 -0.00718858  -0.0307399    0.379487
IMAGINARY
          0  0.00878144  0.00546822  0.00281134
-0.00878144           0   0.0015582  0.00731779
-0.00546822  -0.0015582           0  -0.0067626
-0.00281134 -0.00731779   0.0067626           0
EndNode1[0]<--->Repeater1[0]
REAL
  0.402906  0.0175549 -0.0017652   0.242625
 0.0175549  0.0977543  0.0488262 -0.0085975
-0.0017652  0.0488262   0.147952 0.00446586
  0.242625 -0.0085975 0.00446586   0.351387
IMAGINARY
          0   0.0132342 -0.00864117  0.00105456
 -0.0132342           0  0.00686101  -0.0171986
 0.00864117 -0.00686101           0  0.00872966
-0.00105456   0.0171986 -0.00872966           0
EndNode2[0]<--->HoM1[0]
REAL
   0.363158  0.00178148  0.00942754     0.24537
 0.00178148    0.114474    0.050144 -0.00151197
 0.00942754    0.050144    0.115789   0.0127304
    0.24537 -0.00151197   0.0127304    0.406579
IMAGINARY
