EndNode1[0]<--->Repeater1[0]
REAL
   0.446941   0.0183172   0.0110595    0.290672
  0.0183172   0.0449438 -0.00333042   -0.014857
  0.0110595 -0.00333042   0.0387016 0.000670141
   0.290672   -0.014857 0.000670141    0.469413
IMAGINARY
          0 -0.00919175  0.00642589   0.0127738
 0.00919175           0  -0.0248059 -0.00316644
-0.00642589   0.0248059           0 -0.00710552
 -0.0127738  0.00316644  0.00710552           0
EndNode2[0]<--->HoM1[0]
REAL
     0.4682 -0.00399754  -0.0144415     0.30656
-0.00399754   0.0311231 -0.00158668 -0.00126533
 -0.0144415 -0.00158668   0.0419486  -0.0130182
    0.30656 -0.00126533  -0.0130182    0.458728
IMAGINARY
          0  0.00454303  0.00697591  -0.0028111
-0.00454303           0 -0.00646964 -0.00369076
-0.00697591  0.00646964           0   0.0026843
  0.0028111  0.00369076  -0.0026843           0
Repeater1[0]<--->EndNode1[0]
REAL
   0.446941   0.0110595   0.0183172    0.290672
  0.0110595   0.0387016 -0.00333042 0.000670141
  0.0183172 -0.00333042   0.0449438   -0.014857
   0.290672 0.000670141   -0.014857    0.469413
IMAGINARY
          0  0.00642589 -0.00919175   0.0127738
-0.00642589           0   0.0248059 -0.00710552
 0.00919175  -0.0248059           0 -0.00316644
 -0.0127738  0.00710552  0.00316644           0
Repeater1[0]<--->HoM1[0]
REAL
     0.4682  -0.0144415 -0.00399754     0.30656
 -0.0144415   0.0419486 -0.00158668  -0.0130182
-0.00399754 -0.00158668   0.0311231 -0.00126533
    0.30656  -0.0130182 -0.00126533    0.458728
IMAGINARY
          0  0.00697591  0.00454303  -0.0028111
-0.00697591           0  0.00646964   0.0026843
-0.00454303 -0.00646964           0 -0.00369076
  0.0028111  -0.0026843  0.00369076           0
EndNode1[0]<--->Repeater1[0]
REAL
    0.461047   0.00862949 -0.000201018      0.28341
  0.00862949    0.0357599   -0.0230799    0.0112203
-0.000201018   -0.0230799     0.037037  -0.00311985
     0.28341    0.0112203  -0.00311985     0.466156
IMAGINARY
          0 -0.00845026 -0.00625321   0.0146059
 0.00845026           0   0.0127379   0.0230801
 0.00625321  -0.0127379           0 -0.00717474
 -0.0146059  -0.0230801  0.00717474           0
EndNode2[0]<--->HoM1[0]
REAL
   0.441989  0.00503638 -0.00161572    0.307176
 0.00503638   0.0345304  -0.0146764  0.00286572
-0.00161572  -0.0146764   0.0276243  0.00371362
   0.307176  0.00286572  0.00371362    0.495856
IMAGINARY
          0   0.0312371  -0.0264495  -0.0143043
 -0.0312371           0   0.0224804  0.00150888
  0.0264495  -0.0224804           0  0.00558002
  0.0143043 -0.00150888 -0.00558002           0
Repeater1[0]<--->EndNode1[0]
REAL
    0.461047 -0.000201018   0.00862949      0.28341
-0.000201018     0.037037   -0.0230799  -0.00311985
  0.00862949   -0.0230799    0.0357599    0.0112203
     0.28341  -0.00311985    0.0112203     0.466156
IMAGINARY
          0 -0.00625321 -0.00845026   0.0146059
 0.00625321           0  -0.0127379 -0.00717474
 0.00845026   0.0127379           0   0.0230801
 -0.0146059  0.00717474  -0.0230801           0
Repeater1[0]<--->HoM1[0]
REAL
   0.441989 -0.00161572  0.00503638    0.307176
-0.00161572   0.0276243  -0.0146764  0.00371362
 0.00503638  -0.0146764   0.0345304  0.00286572
   0.307176  0.00371362  0.00286572    0.495856
IMAGINARY
          0  -0.0264495   0.0312371  -0.0143043
  0.0264495           0  -0.0224804  0.00558002
 -0.0312371   0.0224804           0  0.00150888
  0.0143043 -0.00558002 -0.00150888           0
EndNode1[0]<--->Repeater1[0]
REAL
   0.488312 -0.00623829  0.00410777    0.305439
-0.00623829   0.0454545   0.0236431  0.00864733
 0.00410777   0.0236431   0.0363636  0.00368727
   0.305439  0.00864733  0.00368727     0.42987
IMAGINARY
          0   0.0200156 -0.00390619   0.0248253
 -0.0200156           0  0.00335293 -0.00108134
 0.00390619 -0.00335293           0 -0.00879364
 -0.0248253  0.00108134  0.00879364           0
EndNode2[0]<--->HoM1[0]
REAL
   0.465296  -0.0184003  -0.0129946     0.28977
 -0.0184003   0.0437018 -0.00303397  -0.0201654
 -0.0129946 -0.00303397   0.0398458 -0.00175579
    0.28977  -0.0201654 -0.00175579    0.451157
IMAGINARY
          0  -0.0113333 -0.00280869  0.00973792
  0.0113333           0  0.00359541 -0.00587617
 0.00280869 -0.00359541           0   0.0113333
-0.00973792  0.00587617  -0.0113333           0
Repeater1[0]<--->EndNode1[0]
REAL
   0.488312  0.00410777 -0.00623829    0.305439
 0.00410777   0.0363636   0.0236431  0.00368727
-0.00623829   0.0236431   0.0454545  0.00864733
   0.305439  0.00368727  0.00864733     0.42987
IMAGINARY
          0 -0.00390619   0.0200156   0.0248253
 0.00390619           0 -0.00335293 -0.00879364
 -0.0200156  0.00335293           0 -0.00108134
 -0.0248253  0.00879364  0.00108134           0
Repeater1[0]<--->HoM1[0]
REAL
   0.465296  -0.0129946  -0.0184003     0.28977
 -0.0129946   0.0398458 -0.00303397 -0.00175579
 -0.0184003 -0.00303397   0.0437018  -0.0201654
    0.28977 -0.00175579  -0.0201654    0.451157
IMAGINARY
          0 -0.00280869  -0.0113333  0.00973792
 0.00280869           0 -0.00359541   0.0113333
  0.0113333  0.00359541           0 -0.00587617
-0.00973792  -0.0113333  0.00587617           0
EndNode1[0]<--->Repeater1[0]
REAL
   0.471515 -0.00354075  -0.0206566    0.298454
-0.00354075   0.0448485 -0.00609743  -0.0143752
 -0.0206566 -0.00609743   0.0290909  -0.0276694
   0.298454  -0.0143752  -0.0276694    0.454545
IMAGINARY
          0  0.00681791 -0.00267738  -0.0345251
-0.00681791           0 -0.00453737   -0.019411
 0.00267738  0.00453737           0   0.0152704
  0.0345251    0.019411  -0.0152704           0
EndNode2[0]<--->HoM1[0]
REAL
    0.46402  0.00488992  0.00951783    0.284855
 0.00488992   0.0409429   0.0113404 -0.00136565
 0.00951783   0.0113404   0.0421836  0.00869703
   0.284855 -0.00136565  0.00869703    0.452854
IMAGINARY
          0 -0.00576425   0.0164805   -0.018004
 0.00576425           0 -0.00157824  0.00950962
 -0.0164805  0.00157824           0     0.01319
   0.018004 -0.00950962    -0.01319           0
Repeater1[0]<--->EndNode1[0]
REAL
   0.471515  -0.0206566 -0.00354075    0.298454
 -0.0206566   0.0290909 -0.00609743  -0.0276694
-0.00354075 -0.00609743   0.0448485  -0.0143752
   0.298454  -0.0276694  -0.0143752    0.454545
IMAGINARY
          0 -0.00267738  0.00681791  -0.0345251
 0.00267738           0  0.00453737   0.0152704
-0.00681791 -0.00453737           0   -0.019411
  0.0345251  -0.0152704    0.019411           0
Repeater1[0]<--->HoM1[0]
REAL
    0.46402  0.00951783  0.00488992    0.284855
 0.00951783   0.0421836   0.0113404  0.00869703
 0.00488992   0.0113404   0.0409429 -0.00136565
   0.284855  0.00869703 -0.00136565    0.452854
IMAGINARY
          0   0.0164805 -0.00576425   -0.018004
 -0.0164805           0  0.00157824     0.01319
 0.00576425 -0.00157824           0  0.00950962
   0.018004    -0.01319 -0.00950962           0
EndNode1[0]<--->Repeater1[0]
REAL
   0.486826  -0.0209307 -0.00986669    0.289598
 -0.0209307   0.0464241  0.00759567  -0.0130925
-0.00986669  0.00759567   0.0376412   0.0145532
   0.289598  -0.0130925   0.0145532    0.429109
IMAGINARY
           0  -0.00744173   -0.0119884    0.0238635
  0.00744173            0   -0.0104877 -5.21091e-05
   0.0119884    0.0104877            0    0.0144126
  -0.0238635  5.21091e-05   -0.0144126            0
EndNode2[0]<--->HoM1[0]
REAL
  0.473684 0.00611045 0.00778217   0.314802
0.00611045      0.025 0.00594094  0.0133446
0.00778217 0.00594094  0.0315789  0.0150163
  0.314802  0.0133446  0.0150163   0.469737
IMAGINARY
          0 -0.00452894 -0.00519921   0.0127451
 0.00452894           0   0.0127451   0.0178574
 0.00519921  -0.0127451           0 -0.00939512
 -0.0127451  -0.0178574  0.00939512           0
Repeater1[0]<--->EndNode1[0]
REAL
   0.486826 -0.00986669  -0.0209307    0.289598
-0.00986669   0.0376412  0.00759567   0.0145532
 -0.0209307  0.00759567   0.0464241  -0.0130925
   0.289598   0.0145532  -0.0130925    0.429109
IMAGINARY
           0   -0.0119884  -0.00744173    0.0238635
   0.0119884            0    0.0104877    0.0144126
  0.00744173   -0.0104877            0 -5.21091e-05
  -0.0238635   -0.0144126  5.21091e-05            0
Repeater1[0]<--->HoM1[0]
REAL
  0.473684 0.00778217 0.00611045   0.314802
0.00778217  0.0315789 0.00594094  0.0150163
0.00611045 0.00594094      0.025  0.0133446
  0.314802  0.0150163  0.0133446   0.469737
IMAGINARY
          0 -0.00519921 -0.00452894   0.0127451
 0.00519921           0  -0.0127451 -0.00939512
 0.00452894   0.0127451           0   0.0178574
 -0.0127451  0.00939512  -0.0178574           0
EndNode1[0]<--->Repeater1[0]
REAL
   0.485897   0.0166059 -0.00902085    0.292465
  0.0166059   0.0410256  0.00319285   0.0160451
-0.00902085  0.00319285   0.0423077 -0.00958166
   0.292465   0.0160451 -0.00958166    0.430769
IMAGINARY
          0 -0.00872599  0.00412847  0.00366021
 0.00872599           0 -0.00761799   0.0284386
-0.00412847  0.00761799           0 -0.00212969
-0.00366021  -0.0284386  0.00212969           0
EndNode2[0]<--->HoM1[0]
REAL
   0.486005  -0.0117863  -0.0135815    0.289768
 -0.0117863   0.0305344  0.00431342 -0.00429767
 -0.0135815  0.00431342   0.0292621  0.00253843
   0.289768 -0.00429767  0.00253843    0.454198
IMAGINARY
           0    0.0193075 -0.000773694   0.00917015
  -0.0193075            0   0.00199936    0.0098646
 0.000773694  -0.00199936            0  -0.00294384
 -0.00917015   -0.0098646   0.00294384            0
Repeater1[0]<--->EndNode1[0]
REAL
   0.485897 -0.00902085   0.0166059    0.292465
-0.00902085   0.0423077  0.00319285 -0.00958166
  0.0166059  0.00319285   0.0410256   0.0160451
   0.292465 -0.00958166   0.0160451    0.430769
IMAGINARY
          0  0.00412847 -0.00872599  0.00366021
-0.00412847           0  0.00761799 -0.00212969
 0.00872599 -0.00761799           0   0.0284386
-0.00366021  0.00212969  -0.0284386           0
Repeater1[0]<--->HoM1[0]
REAL
   0.486005  -0.0135815  -0.0117863    0.289768
 -0.0135815   0.0292621  0.00431342  0.00253843
 -0.0117863  0.00431342   0.0305344 -0.00429767
   0.289768  0.00253843 -0.00429767    0.454198
IMAGINARY
           0 -0.000773694    0.0193075   0.00917015
 0.000773694            0  -0.00199936  -0.00294384
  -0.0193075   0.00199936            0    0.0098646
 -0.00917015   0.00294384   -0.0098646            0
EndNode1[0]<--->Repeater1[0]
REAL
  0.460494  0.0308947  0.0176925   0.295438
 0.0308947  0.0333333  0.0110976   0.023484
 0.0176925  0.0110976  0.0518519 0.00766735
  0.295438   0.023484 0.00766735   0.454321
IMAGINARY
          0  0.00792965   0.0110975  -0.0110624
-0.00792965           0  -0.0116945  -0.0152183
 -0.0110975   0.0116945           0  0.00855387
  0.0110624   0.0152183 -0.00855387           0
EndNode2[0]<--->HoM1[0]
REAL
   0.466491  0.00886297   0.0108891    0.304832
 0.00886297    0.021025  -0.0104392 -0.00621618
  0.0108891  -0.0104392   0.0499343  -0.0068603
   0.304832 -0.00621618  -0.0068603    0.462549
IMAGINARY
           0   0.00100877    0.0182639 -0.000325639
 -0.00100877            0  -0.00221243   0.00390359
  -0.0182639   0.00221243            0   -0.0157871
 0.000325639  -0.00390359    0.0157871            0
Repeater1[0]<--->EndNode1[0]
REAL
  0.460494  0.0176925  0.0308947   0.295438
 0.0176925  0.0518519  0.0110976 0.00766735
 0.0308947  0.0110976  0.0333333   0.023484
  0.295438 0.00766735   0.023484   0.454321
IMAGINARY
          0   0.0110975  0.00792965  -0.0110624
 -0.0110975           0   0.0116945  0.00855387
-0.00792965  -0.0116945           0  -0.0152183
  0.0110624 -0.00855387   0.0152183           0
Repeater1[0]<--->HoM1[0]
REAL
   0.466491   0.0108891  0.00886297    0.304832
  0.0108891   0.0499343  -0.0104392  -0.0068603
 0.00886297  -0.0104392    0.021025 -0.00621618
   0.304832  -0.0068603 -0.00621618    0.462549
IMAGINARY
           0    0.0182639   0.00100877 -0.000325639
  -0.0182639            0   0.00221243   -0.0157871
 -0.00100877  -0.00221243            0   0.00390359
 0.000325639    0.0157871  -0.00390359            0
EndNode1[0]<--->Repeater1[0]
REAL
   0.478318  -0.0129114  -0.0203093     0.30743
 -0.0129114   0.0407359 -0.00715616 -0.00773446
 -0.0203093 -0.00715616   0.0262812 -0.00966042
    0.30743 -0.00773446 -0.00966042    0.454665
IMAGINARY
          0  0.00988875    0.014744  -0.0073768
-0.00988875           0   0.0246182  0.00317937
  -0.014744  -0.0246182           0  -0.0203956
  0.0073768 -0.00317937   0.0203956           0
EndNode2[0]<--->HoM1[0]
REAL
   0.487582  0.00112059  0.00130891    0.310024
 0.00112059   0.0405229 -0.00137375 0.000657017
 0.00130891 -0.00137375   0.0326797  -0.0227458
   0.310024 0.000657017  -0.0227458    0.439216
IMAGINARY
          0  0.00727682  0.00526696   0.0163182
-0.00727682           0   -0.011743   0.0116937
-0.00526696    0.011743           0  -0.0120258
 -0.0163182  -0.0116937   0.0120258           0
Repeater1[0]<--->EndNode1[0]
REAL
   0.478318  -0.0203093  -0.0129114     0.30743
 -0.0203093   0.0262812 -0.00715616 -0.00966042
 -0.0129114 -0.00715616   0.0407359 -0.00773446
    0.30743 -0.00966042 -0.00773446    0.454665
IMAGINARY
          0    0.014744  0.00988875  -0.0073768
  -0.014744           0  -0.0246182  -0.0203956
-0.00988875   0.0246182           0  0.00317937
  0.0073768   0.0203956 -0.00317937           0
Repeater1[0]<--->HoM1[0]
REAL
   0.487582  0.00130891  0.00112059    0.310024
 0.00130891   0.0326797 -0.00137375  -0.0227458
 0.00112059 -0.00137375   0.0405229 0.000657017
   0.310024  -0.0227458 0.000657017    0.439216
IMAGINARY
          0  0.00526696  0.00727682   0.0163182
-0.00526696           0    0.011743  -0.0120258
-0.00727682   -0.011743           0   0.0116937
 -0.0163182   0.0120258  -0.0116937           0
EndNode1[0]<--->Repeater1[0]
REAL
   0.473132 -0.00884173  0.00187142    0.299755
-0.00884173   0.0393185 -0.00154335 -0.00506427
 0.00187142 -0.00154335   0.0275229  0.00309461
   0.299755 -0.00506427  0.00309461    0.460026
IMAGINARY
          0  0.00698468   0.0167065  0.00734645
-0.00698468           0   0.0134589  0.00537145
 -0.0167065  -0.0134589           0  -0.0173743
-0.00734645 -0.00537145   0.0173743           0
EndNode2[0]<--->HoM1[0]
REAL
   0.476543   0.0158973 -0.00812154     0.29287
  0.0158973   0.0222222  0.00507119   0.0229221
-0.00812154  0.00507119   0.0345679  0.00533826
    0.29287   0.0229221  0.00533826    0.466667
IMAGINARY
           0    0.0157432   0.00464363  -0.00613093
  -0.0157432            0 -0.000839922   -0.0285163
 -0.00464363  0.000839922            0   -0.0104382
  0.00613093    0.0285163    0.0104382            0
Repeater1[0]<--->EndNode1[0]
REAL
   0.473132  0.00187142 -0.00884173    0.299755
 0.00187142   0.0275229 -0.00154335  0.00309461
-0.00884173 -0.00154335   0.0393185 -0.00506427
   0.299755  0.00309461 -0.00506427    0.460026
IMAGINARY
          0   0.0167065  0.00698468  0.00734645
 -0.0167065           0  -0.0134589  -0.0173743
-0.00698468   0.0134589           0  0.00537145
-0.00734645   0.0173743 -0.00537145           0
Repeater1[0]<--->HoM1[0]
REAL
   0.476543 -0.00812154   0.0158973     0.29287
-0.00812154   0.0345679  0.00507119  0.00533826
  0.0158973  0.00507119   0.0222222   0.0229221
    0.29287  0.00533826   0.0229221    0.466667
IMAGINARY
           0   0.00464363    0.0157432  -0.00613093
 -0.00464363            0  0.000839922   -0.0104382
  -0.0157432 -0.000839922            0   -0.0285163
  0.00613093    0.0104382    0.0285163            0
EndNode1[0]<--->Repeater1[0]
REAL
   0.465565 -0.00508951  -0.0163975    0.288054
-0.00508951   0.0399449 0.000585039 -0.00672007
 -0.0163975 0.000585039    0.030303   -0.010102
   0.288054 -0.00672007   -0.010102    0.464187
IMAGINARY
          0 -0.00160773  0.00408944 -0.00124712
 0.00160773           0   0.0165845   -0.027431
-0.00408944  -0.0165845           0   0.0114357
 0.00124712    0.027431  -0.0114357           0
EndNode2[0]<--->HoM1[0]
REAL
   0.444301  0.00451183  0.00564944    0.316141
 0.00451183   0.0284974   0.0121679 -0.00892598
 0.00564944   0.0121679   0.0375648 -0.00123529
   0.316141 -0.00892598 -0.00123529    0.489637
IMAGINARY
           0  0.000246222   0.00590738   0.00710968
-0.000246222            0  -0.00188775  -0.00392063
 -0.00590738   0.00188775            0  -0.00488198
 -0.00710968   0.00392063   0.00488198            0
Repeater1[0]<--->EndNode1[0]
REAL
   0.465565  -0.0163975 -0.00508951    0.288054
 -0.0163975    0.030303 0.000585039   -0.010102
-0.00508951 0.000585039   0.0399449 -0.00672007
   0.288054   -0.010102 -0.00672007    0.464187
IMAGINARY
          0  0.00408944 -0.00160773 -0.00124712
-0.00408944           0  -0.0165845   0.0114357
 0.00160773   0.0165845           0   -0.027431
 0.00124712  -0.0114357    0.027431           0
Repeater1[0]<--->HoM1[0]
REAL
   0.444301  0.00564944  0.00451183    0.316141
 0.00564944   0.0375648   0.0121679 -0.00123529
 0.00451183   0.0121679   0.0284974 -0.00892598
   0.316141 -0.00123529 -0.00892598    0.489637
IMAGINARY
           0   0.00590738  0.000246222   0.00710968
 -0.00590738            0   0.00188775  -0.00488198
-0.000246222  -0.00188775            0  -0.00392063
 -0.00710968   0.00488198   0.00392063            0
EndNode1[0]<--->Repeater1[0]
REAL
  0.442478 0.00829921   0.018685   0.303464
0.00829921  0.0379267 0.00654883  0.0140493
  0.018685 0.00654883  0.0252845  0.0270025
  0.303464  0.0140493  0.0270025   0.494311
IMAGINARY
          0   0.0135288  -0.0122442 -0.00705222
 -0.0135288           0 -0.00642487 -0.00575068
  0.0122442  0.00642487           0   0.0198902
 0.00705222  0.00575068  -0.0198902           0
EndNode2[0]<--->HoM1[0]
REAL
   0.457921 -0.00517781 -0.00281353    0.324919
-0.00517781   0.0309406  0.00161117   0.0130176
-0.00281353  0.00161117   0.0457921  -0.0101283
   0.324919   0.0130176  -0.0101283    0.465347
IMAGINARY
           0   -0.0101295   0.00281355    0.0123067
   0.0101295            0 -0.000618429   0.00345212
 -0.00281355  0.000618429            0    0.0176483
  -0.0123067  -0.00345212   -0.0176483            0
Repeater1[0]<--->EndNode1[0]
REAL
  0.442478   0.018685 0.00829921   0.303464
  0.018685  0.0252845 0.00654883  0.0270025
0.00829921 0.00654883  0.0379267  0.0140493
  0.303464  0.0270025  0.0140493   0.494311
IMAGINARY
          0  -0.0122442   0.0135288 -0.00705222
  0.0122442           0  0.00642487   0.0198902
 -0.0135288 -0.00642487           0 -0.00575068
 0.00705222  -0.0198902  0.00575068           0
Repeater1[0]<--->HoM1[0]
REAL
   0.457921 -0.00281353 -0.00517781    0.324919
-0.00281353   0.0457921  0.00161117  -0.0101283
-0.00517781  0.00161117   0.0309406   0.0130176
   0.324919  -0.0101283   0.0130176    0.465347
IMAGINARY
           0   0.00281355   -0.0101295    0.0123067
 -0.00281355            0  0.000618429    0.0176483
   0.0101295 -0.000618429            0   0.00345212
  -0.0123067   -0.0176483  -0.00345212            0
EndNode1[0]<--->Repeater1[0]
REAL
   0.448187 -0.00906958  -0.0173346     0.29557
-0.00906958   0.0388601  0.00546332 -0.00721317
 -0.0173346  0.00546332   0.0388601  -0.0103103
    0.29557 -0.00721317  -0.0103103    0.474093
IMAGINARY
          0  -0.0083436 -0.00165659  -0.0110671
  0.0083436           0 -0.00244641   0.0136887
 0.00165659  0.00244641           0 -0.00235159
  0.0110671  -0.0136887  0.00235159           0
EndNode2[0]<--->HoM1[0]
REAL
   0.433417  0.00720462 -0.00166176    0.291059
 0.00720462   0.0351759   0.0200666  -0.0119217
-0.00166176   0.0200666   0.0452261  -0.0026768
   0.291059  -0.0119217  -0.0026768    0.486181
IMAGINARY
          0  0.00428456   -0.014631 -0.00501919
-0.00428456           0    -0.01286   -0.014631
   0.014631     0.01286           0 -0.00810136
 0.00501919    0.014631  0.00810136           0
Repeater1[0]<--->EndNode1[0]
REAL
   0.448187  -0.0173346 -0.00906958     0.29557
 -0.0173346   0.0388601  0.00546332  -0.0103103
-0.00906958  0.00546332   0.0388601 -0.00721317
    0.29557  -0.0103103 -0.00721317    0.474093
IMAGINARY
          0 -0.00165659  -0.0083436  -0.0110671
 0.00165659           0  0.00244641 -0.00235159
  0.0083436 -0.00244641           0   0.0136887
  0.0110671  0.00235159  -0.0136887           0
Repeater1[0]<--->HoM1[0]
REAL
   0.433417 -0.00166176  0.00720462    0.291059
-0.00166176   0.0452261   0.0200666  -0.0026768
 0.00720462   0.0200666   0.0351759  -0.0119217
   0.291059  -0.0026768  -0.0119217    0.486181
IMAGINARY
          0   -0.014631  0.00428456 -0.00501919
   0.014631           0     0.01286 -0.00810136
-0.00428456    -0.01286           0   -0.014631
 0.00501919  0.00810136    0.014631           0
EndNode1[0]<--->Repeater1[0]
REAL
   0.488742 0.000934813 -0.00557845    0.297842
0.000934813   0.0278146   0.0118642   0.0164341
-0.00557845   0.0118642   0.0370861  0.00608945
   0.297842   0.0164341  0.00608945    0.446358
IMAGINARY
          0  -0.0082425  0.00810847 -0.00302439
  0.0082425           0  -0.0269008  0.00234663
-0.00810847   0.0269008           0  0.00516747
 0.00302439 -0.00234663 -0.00516747           0
EndNode2[0]<--->HoM1[0]
REAL
    0.461741    0.0260476    0.0257327     0.294886
   0.0260476    0.0369393    0.0147619 -0.000308969
   0.0257327    0.0147619    0.0382586   0.00459121
    0.294886 -0.000308969   0.00459121     0.463061
IMAGINARY
          0   0.0157559  -0.0158332  0.00441654
 -0.0157559           0    0.020022  -0.0146016
  0.0158332   -0.020022           0    0.030828
-0.00441654   0.0146016   -0.030828           0
Repeater1[0]<--->EndNode1[0]
REAL
   0.488742 -0.00557845 0.000934813    0.297842
-0.00557845   0.0370861   0.0118642  0.00608945
0.000934813   0.0118642   0.0278146   0.0164341
   0.297842  0.00608945   0.0164341    0.446358
IMAGINARY
          0  0.00810847  -0.0082425 -0.00302439
-0.00810847           0   0.0269008  0.00516747
  0.0082425  -0.0269008           0  0.00234663
 0.00302439 -0.00516747 -0.00234663           0
Repeater1[0]<--->HoM1[0]
REAL
    0.461741    0.0257327    0.0260476     0.294886
   0.0257327    0.0382586    0.0147619   0.00459121
   0.0260476    0.0147619    0.0369393 -0.000308969
    0.294886   0.00459121 -0.000308969     0.463061
IMAGINARY
          0  -0.0158332   0.0157559  0.00441654
  0.0158332           0   -0.020022    0.030828
 -0.0157559    0.020022           0  -0.0146016
-0.00441654   -0.030828   0.0146016           0
EndNode1[0]<--->Repeater1[0]
REAL
  0.456962  -0.012348 0.00872956   0.305458
 -0.012348   0.035443  0.0234732 -0.0219371
0.00872956  0.0234732  0.0468354 0.00668758
  0.305458 -0.0219371 0.00668758   0.460759
IMAGINARY
           0    0.0120312    0.0145041 -0.000102091
  -0.0120312            0  -0.00326265  -0.00406025
  -0.0145041   0.00326265            0   -0.0107257
 0.000102091   0.00406025    0.0107257            0
EndNode2[0]<--->HoM1[0]
REAL
   0.485795  -0.0109953 -0.00117502    0.303844
 -0.0109953   0.0454545 -0.00676192  -0.0187189
-0.00117502 -0.00676192   0.0440341  -0.0128774
   0.303844  -0.0187189  -0.0128774    0.424716
IMAGINARY
           0 -0.000345738    0.0125502  -0.00236113
 0.000345738            0    0.0118189   -0.0188634
  -0.0125502   -0.0118189            0   0.00918412
  0.00236113    0.0188634  -0.00918412            0
Repeater1[0]<--->EndNode1[0]
REAL
  0.456962 0.00872956  -0.012348   0.305458
0.00872956  0.0468354  0.0234732 0.00668758
 -0.012348  0.0234732   0.035443 -0.0219371
  0.305458 0.00668758 -0.0219371   0.460759
IMAGINARY
           0    0.0145041    0.0120312 -0.000102091
  -0.0145041            0   0.00326265   -0.0107257
  -0.0120312  -0.00326265            0  -0.00406025
 0.000102091    0.0107257   0.00406025            0
Repeater1[0]<--->HoM1[0]
REAL
   0.485795 -0.00117502  -0.0109953    0.303844
-0.00117502   0.0440341 -0.00676192  -0.0128774
 -0.0109953 -0.00676192   0.0454545  -0.0187189
   0.303844  -0.0128774  -0.0187189    0.424716
IMAGINARY
           0    0.0125502 -0.000345738  -0.00236113
  -0.0125502            0   -0.0118189   0.00918412
 0.000345738    0.0118189            0   -0.0188634
  0.00236113  -0.00918412    0.0188634            0
EndNode1[0]<--->Repeater1[0]
REAL
    0.48067 -0.00338845 -0.00936137    0.303802
-0.00338845   0.0386598   0.0011358  0.00442309
-0.00936137   0.0011358   0.0322165 -0.00401896
   0.303802  0.00442309 -0.00401896    0.448454
IMAGINARY
           0    0.0065187   -0.0179974   -0.0237467
  -0.0065187            0    0.0237467  0.000664093
   0.0179974   -0.0237467            0    0.0214813
   0.0237467 -0.000664093   -0.0214813            0
EndNode2[0]<--->HoM1[0]
REAL
   0.443734 -0.00675197   0.0290802    0.298043
-0.00675197   0.0460358   0.0114813 -0.00269669
  0.0290802   0.0114813   0.0370844   0.0279875
   0.298043 -0.00269669   0.0279875    0.473146
IMAGINARY
          0   0.0086028   0.0193022 -0.00422625
 -0.0086028           0  -0.0126569 -0.00283319
 -0.0193022   0.0126569           0  -0.0303419
 0.00422625  0.00283319   0.0303419           0
Repeater1[0]<--->EndNode1[0]
REAL
    0.48067 -0.00936137 -0.00338845    0.303802
-0.00936137   0.0322165   0.0011358 -0.00401896
-0.00338845   0.0011358   0.0386598  0.00442309
   0.303802 -0.00401896  0.00442309    0.448454
IMAGINARY
           0   -0.0179974    0.0065187   -0.0237467
   0.0179974            0   -0.0237467    0.0214813
  -0.0065187    0.0237467            0  0.000664093
   0.0237467   -0.0214813 -0.000664093            0
Repeater1[0]<--->HoM1[0]
REAL
   0.443734   0.0290802 -0.00675197    0.298043
  0.0290802   0.0370844   0.0114813   0.0279875
-0.00675197   0.0114813   0.0460358 -0.00269669
   0.298043   0.0279875 -0.00269669    0.473146
IMAGINARY
          0   0.0193022   0.0086028 -0.00422625
 -0.0193022           0   0.0126569  -0.0303419
 -0.0086028  -0.0126569           0 -0.00283319
 0.00422625   0.0303419  0.00283319           0
EndNode1[0]<--->Repeater1[0]
REAL
   0.464844  0.00533239 0.000504011    0.321409
 0.00533239   0.0325521  0.00621924  0.00927594
0.000504011  0.00621924   0.0299479    0.013005
   0.321409  0.00927594    0.013005    0.472656
IMAGINARY
          0  0.00150544 -0.00811764   0.0141143
-0.00150544           0  0.00655758  0.00432017
 0.00811764 -0.00655758           0  -0.0128978
 -0.0141143 -0.00432017   0.0128978           0
EndNode2[0]<--->HoM1[0]
REAL
   0.469849   0.0134096    0.015733    0.304942
  0.0134096   0.0414573   0.0239892 -0.00881478
   0.015733   0.0239892   0.0464824  0.00105585
   0.304942 -0.00881478  0.00105585    0.442211
IMAGINARY
          0  -0.0154994 -0.00164128  -0.0129543
  0.0154994           0   0.0142265  0.00912427
 0.00164128  -0.0142265           0  0.00121369
  0.0129543 -0.00912427 -0.00121369           0
Repeater1[0]<--->EndNode1[0]
REAL
   0.464844 0.000504011  0.00533239    0.321409
0.000504011   0.0299479  0.00621924    0.013005
 0.00533239  0.00621924   0.0325521  0.00927594
   0.321409    0.013005  0.00927594    0.472656
IMAGINARY
          0 -0.00811764  0.00150544   0.0141143
 0.00811764           0 -0.00655758  -0.0128978
-0.00150544  0.00655758           0  0.00432017
 -0.0141143   0.0128978 -0.00432017           0
Repeater1[0]<--->HoM1[0]
REAL
   0.469849    0.015733   0.0134096    0.304942
   0.015733   0.0464824   0.0239892  0.00105585
  0.0134096   0.0239892   0.0414573 -0.00881478
   0.304942  0.00105585 -0.00881478    0.442211
IMAGINARY
          0 -0.00164128  -0.0154994  -0.0129543
 0.00164128           0  -0.0142265  0.00121369
  0.0154994   0.0142265           0  0.00912427
  0.0129543 -0.00121369 -0.00912427           0
EndNode1[0]<--->Repeater1[0]
REAL
  0.486129 -0.0156832 -0.0159364   0.308967
-0.0156832  0.0330251 0.00896739 -0.0139549
-0.0159364 0.00896739  0.0449141 0.00481366
  0.308967 -0.0139549 0.00481366   0.435931
IMAGINARY
          0 -0.00686083  0.00974828   0.0127461
 0.00686083           0  0.00282053     0.00151
-0.00974828 -0.00282053           0 -0.00307295
 -0.0127461    -0.00151  0.00307295           0
EndNode2[0]<--->HoM1[0]
REAL
  0.485785  0.0175021 -0.0240983   0.313469
 0.0175021  0.0333745  0.0108202  0.0150544
-0.0240983  0.0108202  0.0309023   -0.02913
  0.313469  0.0150544   -0.02913   0.449938
IMAGINARY
          0  0.00860487  -0.0135762 -0.00180769
-0.00860487           0  0.00487518  -0.0135762
  0.0135762 -0.00487518           0   0.0119249
 0.00180769   0.0135762  -0.0119249           0
Repeater1[0]<--->EndNode1[0]
REAL
  0.486129 -0.0159364 -0.0156832   0.308967
-0.0159364  0.0449141 0.00896739 0.00481366
-0.0156832 0.00896739  0.0330251 -0.0139549
  0.308967 0.00481366 -0.0139549   0.435931
IMAGINARY
          0  0.00974828 -0.00686083   0.0127461
-0.00974828           0 -0.00282053 -0.00307295
 0.00686083  0.00282053           0     0.00151
 -0.0127461  0.00307295    -0.00151           0
Repeater1[0]<--->HoM1[0]
REAL
  0.485785 -0.0240983  0.0175021   0.313469
-0.0240983  0.0309023  0.0108202   -0.02913
 0.0175021  0.0108202  0.0333745  0.0150544
  0.313469   -0.02913  0.0150544   0.449938
IMAGINARY
          0  -0.0135762  0.00860487 -0.00180769
  0.0135762           0 -0.00487518   0.0119249
-0.00860487  0.00487518           0  -0.0135762
 0.00180769  -0.0119249   0.0135762           0
EndNode1[0]<--->Repeater1[0]
REAL
  0.452804 0.00201825 -0.0110028   0.307515
0.00201825  0.0396717 0.00206742 -0.0172528
-0.0110028 0.00206742  0.0328317 -0.0192173
  0.307515 -0.0172528 -0.0192173   0.474692
IMAGINARY
           0   -0.0116922    0.0403842  0.000179059
   0.0116922            0  -0.00579704   -0.0345477
  -0.0403842   0.00579704            0   -0.0123027
-0.000179059    0.0345477    0.0123027            0
EndNode2[0]<--->HoM1[0]
REAL
   0.453488 -0.00287885  0.00212942    0.290043
-0.00287885   0.0361757   0.0258457  0.00858937
 0.00212942   0.0258457   0.0361757 -0.00153477
   0.290043  0.00858937 -0.00153477     0.47416
IMAGINARY
           0   -0.0206913  0.000284159 -0.000460396
   0.0206913            0   -0.0132464    0.0256418
-0.000284159    0.0132464            0   -0.0114075
 0.000460396   -0.0256418    0.0114075            0
Repeater1[0]<--->EndNode1[0]
REAL
  0.452804 -0.0110028 0.00201825   0.307515
-0.0110028  0.0328317 0.00206742 -0.0192173
0.00201825 0.00206742  0.0396717 -0.0172528
  0.307515 -0.0192173 -0.0172528   0.474692
IMAGINARY
           0    0.0403842   -0.0116922  0.000179059
  -0.0403842            0   0.00579704   -0.0123027
   0.0116922  -0.00579704            0   -0.0345477
-0.000179059    0.0123027    0.0345477            0
Repeater1[0]<--->HoM1[0]
REAL
   0.453488  0.00212942 -0.00287885    0.290043
 0.00212942   0.0361757   0.0258457 -0.00153477
-0.00287885   0.0258457   0.0361757  0.00858937
   0.290043 -0.00153477  0.00858937     0.47416
IMAGINARY
           0  0.000284159   -0.0206913 -0.000460396
-0.000284159            0    0.0132464   -0.0114075
   0.0206913   -0.0132464            0    0.0256418
 0.000460396    0.0114075   -0.0256418            0
EndNode1[0]<--->Repeater1[0]
REAL
  0.433834 -0.0117091 0.00236622    0.31441
-0.0117091  0.0409277 0.00888811 -0.0141463
0.00236622 0.00888811  0.0395634 0.00123789
   0.31441 -0.0141463 0.00123789   0.485675
IMAGINARY
          0 -0.00463465 -0.00193384  0.00597557
 0.00463465           0  -0.0011212   0.0133384
 0.00193384   0.0011212           0 -0.00196799
-0.00597557  -0.0133384  0.00196799           0
EndNode2[0]<--->HoM1[0]
REAL
   0.429299 -0.00833597  -0.0060836    0.288742
-0.00833597   0.0267516  0.00741196 -0.00289076
 -0.0060836  0.00741196   0.0305732   0.0211565
   0.288742 -0.00289076   0.0211565    0.513376
IMAGINARY
           0   -0.0159082   0.00373383   -0.0105583
   0.0159082            0 -0.000805355    0.0154478
 -0.00373383  0.000805355            0    0.0133506
   0.0105583   -0.0154478   -0.0133506            0
Repeater1[0]<--->EndNode1[0]
REAL
  0.433834 0.00236622 -0.0117091    0.31441
0.00236622  0.0395634 0.00888811 0.00123789
-0.0117091 0.00888811  0.0409277 -0.0141463
   0.31441 0.00123789 -0.0141463   0.485675
IMAGINARY
          0 -0.00193384 -0.00463465  0.00597557
 0.00193384           0   0.0011212 -0.00196799
 0.00463465  -0.0011212           0   0.0133384
-0.00597557  0.00196799  -0.0133384           0
Repeater1[0]<--->HoM1[0]
REAL
   0.429299  -0.0060836 -0.00833597    0.288742
 -0.0060836   0.0305732  0.00741196   0.0211565
-0.00833597  0.00741196   0.0267516 -0.00289076
   0.288742   0.0211565 -0.00289076    0.513376
IMAGINARY
           0   0.00373383   -0.0159082   -0.0105583
 -0.00373383            0  0.000805355    0.0133506
   0.0159082 -0.000805355            0    0.0154478
   0.0105583   -0.0133506   -0.0154478            0
EndNode1[0]<--->Repeater1[0]
REAL
     0.46924 -0.000406362   -0.0113875     0.305537
-0.000406362    0.0410133   0.00128143    0.0101249
  -0.0113875   0.00128143     0.039807    0.0155579
    0.305537    0.0101249    0.0155579      0.44994
IMAGINARY
          0   0.0049889 -0.00941547   0.0110788
 -0.0049889           0  -0.0104402 -0.00689658
 0.00941547   0.0104402           0   0.0056494
 -0.0110788  0.00689658  -0.0056494           0
EndNode2[0]<--->HoM1[0]
REAL
   0.444162 -0.00476881 0.000593478    0.300973
-0.00476881   0.0507614   0.0139829   -0.012634
0.000593478   0.0139829    0.034264  -0.0098066
   0.300973   -0.012634  -0.0098066    0.470812
IMAGINARY
          0  0.00123342  0.00114308   -0.022112
-0.00123342           0  -0.0113932   0.0243671
-0.00114308   0.0113932           0   -0.015264
   0.022112  -0.0243671    0.015264           0
Repeater1[0]<--->EndNode1[0]
REAL
     0.46924   -0.0113875 -0.000406362     0.305537
  -0.0113875     0.039807   0.00128143    0.0155579
-0.000406362   0.00128143    0.0410133    0.0101249
    0.305537    0.0155579    0.0101249      0.44994
IMAGINARY
          0 -0.00941547   0.0049889   0.0110788
 0.00941547           0   0.0104402   0.0056494
 -0.0049889  -0.0104402           0 -0.00689658
 -0.0110788  -0.0056494  0.00689658           0
Repeater1[0]<--->HoM1[0]
REAL
   0.444162 0.000593478 -0.00476881    0.300973
0.000593478    0.034264   0.0139829  -0.0098066
-0.00476881   0.0139829   0.0507614   -0.012634
   0.300973  -0.0098066   -0.012634    0.470812
IMAGINARY
          0  0.00114308  0.00123342   -0.022112
-0.00114308           0   0.0113932   -0.015264
-0.00123342  -0.0113932           0   0.0243671
   0.022112    0.015264  -0.0243671           0
EndNode1[0]<--->Repeater1[0]
REAL
   0.463542  0.00557361  0.00397607    0.303605
 0.00557361   0.0442708 -0.00913871  -0.0138575
 0.00397607 -0.00913871   0.0234375  -0.0022798
   0.303605  -0.0138575  -0.0022798     0.46875
IMAGINARY
          0   0.0201722  0.00170382   -0.011889
 -0.0201722           0   0.0184335  -0.0101564
-0.00170382  -0.0184335           0 -0.00651815
   0.011889   0.0101564  0.00651815           0
EndNode2[0]<--->HoM1[0]
REAL
   0.472186  0.00985288 -0.00387233    0.296443
 0.00985288   0.0349288   0.0178068  -0.0342956
-0.00387233   0.0178068   0.0439845  -0.0327536
   0.296443  -0.0342956  -0.0327536      0.4489
IMAGINARY
          0   0.0096709  -0.0104112  -0.0101556
 -0.0096709           0 -0.00129481  -0.0185463
  0.0104112  0.00129481           0  0.00899062
  0.0101556   0.0185463 -0.00899062           0
Repeater1[0]<--->EndNode1[0]
REAL
   0.463542  0.00397607  0.00557361    0.303605
 0.00397607   0.0234375 -0.00913871  -0.0022798
 0.00557361 -0.00913871   0.0442708  -0.0138575
   0.303605  -0.0022798  -0.0138575     0.46875
IMAGINARY
          0  0.00170382   0.0201722   -0.011889
-0.00170382           0  -0.0184335 -0.00651815
 -0.0201722   0.0184335           0  -0.0101564
   0.011889  0.00651815   0.0101564           0
Repeater1[0]<--->HoM1[0]
REAL
   0.472186 -0.00387233  0.00985288    0.296443
-0.00387233   0.0439845   0.0178068  -0.0327536
 0.00985288   0.0178068   0.0349288  -0.0342956
   0.296443  -0.0327536  -0.0342956      0.4489
IMAGINARY
          0  -0.0104112   0.0096709  -0.0101556
  0.0104112           0  0.00129481  0.00899062
 -0.0096709 -0.00129481           0  -0.0185463
  0.0101556 -0.00899062   0.0185463           0
EndNode1[0]<--->Repeater1[0]
REAL
    0.46683 -0.00744257 -0.00468076    0.299043
-0.00744257    0.036855   0.0126355  0.00833039
-0.00468076   0.0126355   0.0380835   -0.016645
   0.299043  0.00833039   -0.016645    0.458231
IMAGINARY
          0   0.0209972 -0.00866808 -0.00134857
 -0.0209972           0  -0.0146566  -0.0156038
 0.00866808   0.0146566           0 -0.00227322
 0.00134857   0.0156038  0.00227322           0
EndNode2[0]<--->HoM1[0]
REAL
   0.495747 -0.00804941 -0.00113636    0.300032
-0.00804941   0.0376671  0.00253205    0.017803
-0.00113636  0.00253205   0.0291616   0.0118956
   0.300032    0.017803   0.0118956    0.437424
IMAGINARY
           0    0.0142935    0.0103117  0.000543569
  -0.0142935            0   -0.0154207   -0.0253117
  -0.0103117    0.0154207            0  0.000706522
-0.000543569    0.0253117 -0.000706522            0
Repeater1[0]<--->EndNode1[0]
REAL
    0.46683 -0.00468076 -0.00744257    0.299043
-0.00468076   0.0380835   0.0126355   -0.016645
-0.00744257   0.0126355    0.036855  0.00833039
   0.299043   -0.016645  0.00833039    0.458231
IMAGINARY
          0 -0.00866808   0.0209972 -0.00134857
 0.00866808           0   0.0146566 -0.00227322
 -0.0209972  -0.0146566           0  -0.0156038
 0.00134857  0.00227322   0.0156038           0
Repeater1[0]<--->HoM1[0]
REAL
   0.495747 -0.00113636 -0.00804941    0.300032
-0.00113636   0.0291616  0.00253205   0.0118956
-0.00804941  0.00253205   0.0376671    0.017803
   0.300032   0.0118956    0.017803    0.437424
IMAGINARY
           0    0.0103117    0.0142935  0.000543569
  -0.0103117            0    0.0154207  0.000706522
  -0.0142935   -0.0154207            0   -0.0253117
-0.000543569 -0.000706522    0.0253117            0
EndNode1[0]<--->Repeater1[0]
REAL
   0.426357 0.000713394 -0.00862954    0.307209
0.000713394   0.0465116   0.0155423 -0.00988898
-0.00862954   0.0155423   0.0322997  -0.0086499
   0.307209 -0.00988898  -0.0086499    0.494832
IMAGINARY
           0  -0.00856876    0.0141482   -0.0180469
  0.00856876            0  0.000677134   0.00601306
  -0.0141482 -0.000677134            0   -0.0290657
   0.0180469  -0.00601306    0.0290657            0
EndNode2[0]<--->HoM1[0]
REAL
   0.451572  -0.0204854 -0.00400706    0.306083
 -0.0204854   0.0540881   0.0105166 -0.00737179
-0.00400706   0.0105166    0.027673      0.0158
   0.306083 -0.00737179      0.0158    0.466667
IMAGINARY
           0   0.00214539   0.00484085  0.000372493
 -0.00214539            0    0.0134615   -0.0220822
 -0.00484085   -0.0134615            0   0.00278072
-0.000372493    0.0220822  -0.00278072            0
Repeater1[0]<--->EndNode1[0]
REAL
   0.426357 -0.00862954 0.000713394    0.307209
-0.00862954   0.0322997   0.0155423  -0.0086499
0.000713394   0.0155423   0.0465116 -0.00988898
   0.307209  -0.0086499 -0.00988898    0.494832
IMAGINARY
           0    0.0141482  -0.00856876   -0.0180469
  -0.0141482            0 -0.000677134   -0.0290657
  0.00856876  0.000677134            0   0.00601306
   0.0180469    0.0290657  -0.00601306            0
Repeater1[0]<--->HoM1[0]
REAL
   0.451572 -0.00400706  -0.0204854    0.306083
-0.00400706    0.027673   0.0105166      0.0158
 -0.0204854   0.0105166   0.0540881 -0.00737179
   0.306083      0.0158 -0.00737179    0.466667
IMAGINARY
           0   0.00484085   0.00214539  0.000372493
 -0.00484085            0   -0.0134615   0.00278072
 -0.00214539    0.0134615            0   -0.0220822
-0.000372493  -0.00278072    0.0220822            0
EndNode1[0]<--->Repeater1[0]
REAL
   0.452781   0.0099236 -0.00731509    0.296214
  0.0099236   0.0413972  0.00353099   0.0226212
-0.00731509  0.00353099   0.0439845   0.0219642
   0.296214   0.0226212   0.0219642    0.461837
IMAGINARY
          0  -0.0119678  0.00242847  -0.0235368
  0.0119678           0   0.0117648  -0.0105585
-0.00242847  -0.0117648           0   0.0106128
  0.0235368   0.0105585  -0.0106128           0
EndNode2[0]<--->HoM1[0]
REAL
  0.435631  0.0260738  0.0150288   0.304633
