EndNode1[0]<--->Repeater1[0]
REAL
   0.387648 -0.00126113 -0.00522853    0.116705
-0.00126113     0.11958  0.00529221  -0.0143669
-0.00522853  0.00529221    0.102497  -0.0195985
   0.116705  -0.0143669  -0.0195985    0.390276
IMAGINARY
          0 -0.00380089   0.0110714  0.00272873
 0.00380089           0     0.02077  0.00795032
 -0.0110714    -0.02077           0   0.0146705
-0.00272873 -0.00795032  -0.0146705           0
EndNode2[0]<--->HoM1[0]
REAL
   0.404027 0.000110816  -0.0013105     0.13231
0.000110816    0.095302 -0.00277315  -0.0130825
 -0.0013105 -0.00277315    0.107383   0.0105275
    0.13231  -0.0130825   0.0105275    0.393289
IMAGINARY
          0   0.0116303   0.0218115    0.016065
 -0.0116303           0  -0.0255466  0.00443694
 -0.0218115   0.0255466           0  -0.0161117
  -0.016065 -0.00443694   0.0161117           0
Repeater1[0]<--->EndNode1[0]
REAL
   0.387648 -0.00522853 -0.00126113    0.116705
-0.00522853    0.102497  0.00529221  -0.0195985
-0.00126113  0.00529221     0.11958  -0.0143669
   0.116705  -0.0195985  -0.0143669    0.390276
IMAGINARY
          0   0.0110714 -0.00380089  0.00272873
 -0.0110714           0    -0.02077   0.0146705
 0.00380089     0.02077           0  0.00795032
-0.00272873  -0.0146705 -0.00795032           0
Repeater1[0]<--->HoM1[0]
REAL
   0.404027  -0.0013105 0.000110816     0.13231
 -0.0013105    0.107383 -0.00277315   0.0105275
0.000110816 -0.00277315    0.095302  -0.0130825
    0.13231   0.0105275  -0.0130825    0.393289
IMAGINARY
          0   0.0218115   0.0116303    0.016065
 -0.0218115           0   0.0255466  -0.0161117
 -0.0116303  -0.0255466           0  0.00443694
  -0.016065   0.0161117 -0.00443694           0
EndNode1[0]<--->Repeater1[0]
REAL
   0.414975  -0.0115058 -0.00505128    0.122075
 -0.0115058   0.0799492 -0.00386989 -0.00948728
-0.00505128 -0.00386989   0.0964467 -0.00556124
   0.122075 -0.00948728 -0.00556124    0.408629
IMAGINARY
          0  -0.0269518  -0.0157383  0.00678518
  0.0269518           0 -0.00497139  -0.0170073
  0.0157383  0.00497139           0   0.0181357
-0.00678518   0.0170073  -0.0181357           0
EndNode2[0]<--->HoM1[0]
REAL
   0.389851  -0.0123165  0.00410686    0.126541
 -0.0123165   0.0977723 -0.00280313  -0.0116826
 0.00410686 -0.00280313   0.0977723  -0.0129361
   0.126541  -0.0116826  -0.0129361    0.414604
IMAGINARY
          0   0.0104162 -0.00109149  0.00316615
 -0.0104162           0 -0.00507212   -0.016283
 0.00109149  0.00507212           0  0.00695835
-0.00316615    0.016283 -0.00695835           0
Repeater1[0]<--->EndNode1[0]
REAL
   0.414975 -0.00505128  -0.0115058    0.122075
-0.00505128   0.0964467 -0.00386989 -0.00556124
 -0.0115058 -0.00386989   0.0799492 -0.00948728
   0.122075 -0.00556124 -0.00948728    0.408629
IMAGINARY
          0  -0.0157383  -0.0269518  0.00678518
  0.0157383           0  0.00497139   0.0181357
  0.0269518 -0.00497139           0  -0.0170073
-0.00678518  -0.0181357   0.0170073           0
Repeater1[0]<--->HoM1[0]
REAL
   0.389851  0.00410686  -0.0123165    0.126541
 0.00410686   0.0977723 -0.00280313  -0.0129361
 -0.0123165 -0.00280313   0.0977723  -0.0116826
   0.126541  -0.0129361  -0.0116826    0.414604
IMAGINARY
          0 -0.00109149   0.0104162  0.00316615
 0.00109149           0  0.00507212  0.00695835
 -0.0104162 -0.00507212           0   -0.016283
-0.00316615 -0.00695835    0.016283           0
EndNode1[0]<--->Repeater1[0]
REAL
   0.381389 -0.00297235    0.019764    0.115124
-0.00297235   0.0878113   0.0283889  0.00186118
   0.019764   0.0283889    0.108781  0.00100643
   0.115124  0.00186118  0.00100643    0.422018
IMAGINARY
          0   0.0142972 -0.00362083  0.00462963
 -0.0142972           0  0.00462963  -0.0129608
 0.00362083 -0.00462963           0  -0.0130217
-0.00462963   0.0129608   0.0130217           0
EndNode2[0]<--->HoM1[0]
REAL
    0.403101   0.00708359   -0.0162038     0.137992
  0.00708359    0.0917313    0.0134436 -0.000767519
  -0.0162038    0.0134436     0.103359    0.0111932
    0.137992 -0.000767519    0.0111932     0.401809
IMAGINARY
          0  -0.0194025  0.00448448 -0.00765425
  0.0194025           0  0.00701568  0.00694753
-0.00448448 -0.00701568           0  0.00556376
 0.00765425 -0.00694753 -0.00556376           0
Repeater1[0]<--->EndNode1[0]
REAL
   0.381389    0.019764 -0.00297235    0.115124
   0.019764    0.108781   0.0283889  0.00100643
-0.00297235   0.0283889   0.0878113  0.00186118
   0.115124  0.00100643  0.00186118    0.422018
IMAGINARY
          0 -0.00362083   0.0142972  0.00462963
 0.00362083           0 -0.00462963  -0.0130217
 -0.0142972  0.00462963           0  -0.0129608
-0.00462963   0.0130217   0.0129608           0
Repeater1[0]<--->HoM1[0]
REAL
    0.403101   -0.0162038   0.00708359     0.137992
  -0.0162038     0.103359    0.0134436    0.0111932
  0.00708359    0.0134436    0.0917313 -0.000767519
    0.137992    0.0111932 -0.000767519     0.401809
IMAGINARY
          0  0.00448448  -0.0194025 -0.00765425
-0.00448448           0 -0.00701568  0.00556376
  0.0194025  0.00701568           0  0.00694753
 0.00765425 -0.00556376 -0.00694753           0
EndNode1[0]<--->Repeater1[0]
REAL
  0.406524 -0.0145897  0.0119409   0.123189
-0.0145897  0.0853199 0.00852185 0.00116774
 0.0119409 0.00852185   0.114178 0.00397795
  0.123189 0.00116774 0.00397795   0.393977
IMAGINARY
          0 -0.00803932  0.00971368 -0.00554277
 0.00803932           0  -0.0141423   0.0116197
-0.00971368   0.0141423           0  0.00670599
 0.00554277  -0.0116197 -0.00670599           0
EndNode2[0]<--->HoM1[0]
REAL
   0.420624  -0.0130713 -0.00247887    0.130759
 -0.0130713   0.0949796 -0.00108169 -0.00590823
-0.00247887 -0.00108169   0.0868385 -0.00692875
   0.130759 -0.00590823 -0.00692875    0.397558
IMAGINARY
          0  0.00186567  0.00562276 -0.00184153
-0.00186567           0    0.006233  -0.0118417
-0.00562276   -0.006233           0  0.00186567
 0.00184153   0.0118417 -0.00186567           0
Repeater1[0]<--->EndNode1[0]
REAL
  0.406524  0.0119409 -0.0145897   0.123189
 0.0119409   0.114178 0.00852185 0.00397795
-0.0145897 0.00852185  0.0853199 0.00116774
  0.123189 0.00397795 0.00116774   0.393977
IMAGINARY
          0  0.00971368 -0.00803932 -0.00554277
-0.00971368           0   0.0141423  0.00670599
 0.00803932  -0.0141423           0   0.0116197
 0.00554277 -0.00670599  -0.0116197           0
Repeater1[0]<--->HoM1[0]
REAL
   0.420624 -0.00247887  -0.0130713    0.130759
-0.00247887   0.0868385 -0.00108169 -0.00692875
 -0.0130713 -0.00108169   0.0949796 -0.00590823
   0.130759 -0.00692875 -0.00590823    0.397558
IMAGINARY
          0  0.00562276  0.00186567 -0.00184153
-0.00562276           0   -0.006233  0.00186567
-0.00186567    0.006233           0  -0.0118417
 0.00184153 -0.00186567   0.0118417           0
EndNode1[0]<--->Repeater1[0]
REAL
   0.431217 -0.00277117  0.00788026    0.135305
-0.00277117   0.0806878   0.0218383   0.0103016
 0.00788026   0.0218383    0.100529   0.0183556
   0.135305   0.0103016   0.0183556    0.387566
IMAGINARY
          0 -0.00852926  0.00805628 -0.00330072
 0.00852926           0 -0.00967827    0.010647
-0.00805628  0.00967827           0 -0.00269268
 0.00330072   -0.010647  0.00269268           0
EndNode2[0]<--->HoM1[0]
REAL
   0.394089 -0.00061618  0.00333652    0.132563
-0.00061618   0.0972906  0.00333437 -0.00846472
 0.00333652  0.00333437    0.100985 -0.00707613
   0.132563 -0.00846472 -0.00707613    0.407635
IMAGINARY
          0    0.010454 -0.00946139  0.00603158
  -0.010454           0 -0.00538974 -0.00745336
 0.00946139  0.00538974           0  -0.0178965
-0.00603158  0.00745336   0.0178965           0
Repeater1[0]<--->EndNode1[0]
REAL
   0.431217  0.00788026 -0.00277117    0.135305
 0.00788026    0.100529   0.0218383   0.0183556
-0.00277117   0.0218383   0.0806878   0.0103016
   0.135305   0.0183556   0.0103016    0.387566
IMAGINARY
          0  0.00805628 -0.00852926 -0.00330072
-0.00805628           0  0.00967827 -0.00269268
 0.00852926 -0.00967827           0    0.010647
 0.00330072  0.00269268   -0.010647           0
Repeater1[0]<--->HoM1[0]
REAL
   0.394089  0.00333652 -0.00061618    0.132563
 0.00333652    0.100985  0.00333437 -0.00707613
-0.00061618  0.00333437   0.0972906 -0.00846472
   0.132563 -0.00707613 -0.00846472    0.407635
IMAGINARY
          0 -0.00946139    0.010454  0.00603158
 0.00946139           0  0.00538974  -0.0178965
  -0.010454 -0.00538974           0 -0.00745336
-0.00603158   0.0178965  0.00745336           0
EndNode1[0]<--->Repeater1[0]
REAL
     0.4311 -0.00873656 -0.00883686    0.121795
-0.00873656   0.0834387  -0.0035153  -0.0113244
-0.00883686  -0.0035153   0.0998736  0.00739247
   0.121795  -0.0113244  0.00739247    0.385588
IMAGINARY
          0   0.0228477 -0.00113368   -0.016921
 -0.0228477           0   0.0150483  -0.0038291
 0.00113368  -0.0150483           0  -0.0228477
   0.016921   0.0038291   0.0228477           0
EndNode2[0]<--->HoM1[0]
REAL
    0.39782    0.014436  -0.0188138    0.152299
   0.014436   0.0980926  -0.0152234 0.000537025
 -0.0188138  -0.0152234   0.0980926   0.0116736
   0.152299 0.000537025   0.0116736    0.405995
IMAGINARY
           0 -0.000578938   -0.0115287    -0.013719
 0.000578938            0    0.0181438  -0.00195014
   0.0115287   -0.0181438            0   -0.0154673
    0.013719   0.00195014    0.0154673            0
Repeater1[0]<--->EndNode1[0]
REAL
     0.4311 -0.00883686 -0.00873656    0.121795
-0.00883686   0.0998736  -0.0035153  0.00739247
-0.00873656  -0.0035153   0.0834387  -0.0113244
   0.121795  0.00739247  -0.0113244    0.385588
IMAGINARY
          0 -0.00113368   0.0228477   -0.016921
 0.00113368           0  -0.0150483  -0.0228477
 -0.0228477   0.0150483           0  -0.0038291
   0.016921   0.0228477   0.0038291           0
Repeater1[0]<--->HoM1[0]
REAL
    0.39782  -0.0188138    0.014436    0.152299
 -0.0188138   0.0980926  -0.0152234   0.0116736
   0.014436  -0.0152234   0.0980926 0.000537025
   0.152299   0.0116736 0.000537025    0.405995
IMAGINARY
           0   -0.0115287 -0.000578938    -0.013719
   0.0115287            0   -0.0181438   -0.0154673
 0.000578938    0.0181438            0  -0.00195014
    0.013719    0.0154673   0.00195014            0
EndNode1[0]<--->Repeater1[0]
REAL
    0.405405     0.026147    0.0123256     0.139762
    0.026147     0.110682   0.00282781 -0.000494939
   0.0123256   0.00282781    0.0900901  -0.00559904
    0.139762 -0.000494939  -0.00559904     0.393822
IMAGINARY
          0 -0.00118758  -0.0201673 -0.00580645
 0.00118758           0  0.00258065    0.010117
  0.0201673 -0.00258065           0 -0.00509383
 0.00580645   -0.010117  0.00509383           0
EndNode2[0]<--->HoM1[0]
REAL
   0.395778  -0.0181095 -0.00755179    0.143095
 -0.0181095   0.0897098  0.00879518 -0.00353035
-0.00755179  0.00879518   0.0989446   0.0109387
   0.143095 -0.00353035   0.0109387    0.415567
IMAGINARY
          0 -0.00389119  -0.0158092  0.00798526
 0.00389119           0 -0.00798526 -0.00247583
  0.0158092  0.00798526           0  -0.0181769
-0.00798526  0.00247583   0.0181769           0
Repeater1[0]<--->EndNode1[0]
REAL
    0.405405    0.0123256     0.026147     0.139762
   0.0123256    0.0900901   0.00282781  -0.00559904
    0.026147   0.00282781     0.110682 -0.000494939
    0.139762  -0.00559904 -0.000494939     0.393822
IMAGINARY
          0  -0.0201673 -0.00118758 -0.00580645
  0.0201673           0 -0.00258065 -0.00509383
 0.00118758  0.00258065           0    0.010117
 0.00580645  0.00509383   -0.010117           0
Repeater1[0]<--->HoM1[0]
REAL
   0.395778 -0.00755179  -0.0181095    0.143095
-0.00755179   0.0989446  0.00879518   0.0109387
 -0.0181095  0.00879518   0.0897098 -0.00353035
   0.143095   0.0109387 -0.00353035    0.415567
IMAGINARY
          0  -0.0158092 -0.00389119  0.00798526
  0.0158092           0  0.00798526  -0.0181769
 0.00389119 -0.00798526           0 -0.00247583
-0.00798526   0.0181769  0.00247583           0
EndNode1[0]<--->Repeater1[0]
REAL
   0.376079 -0.00282486   0.0145493    0.130015
-0.00282486    0.104809 -0.00289637   0.0278236
  0.0145493 -0.00289637   0.0937115   0.0209847
   0.130015   0.0278236   0.0209847    0.425401
IMAGINARY
           0     0.017981   0.00677321   -0.0289284
   -0.017981            0 -0.000483379    -0.015634
 -0.00677321  0.000483379            0   0.00353804
   0.0289284     0.015634  -0.00353804            0
EndNode2[0]<--->HoM1[0]
REAL
   0.41384  0.0141376   0.004122   0.122684
 0.0141376  0.0922659 0.00916336 0.00288437
  0.004122 0.00916336  0.0990502 -0.0135006
  0.122684 0.00288437 -0.0135006   0.394844
IMAGINARY
          0  0.00350324 -0.00732484 -0.00980857
-0.00350324           0   0.0162188  0.00732484
 0.00732484  -0.0162188           0  0.00287431
 0.00980857 -0.00732484 -0.00287431           0
Repeater1[0]<--->EndNode1[0]
REAL
   0.376079   0.0145493 -0.00282486    0.130015
  0.0145493   0.0937115 -0.00289637   0.0209847
-0.00282486 -0.00289637    0.104809   0.0278236
   0.130015   0.0209847   0.0278236    0.425401
IMAGINARY
           0   0.00677321     0.017981   -0.0289284
 -0.00677321            0  0.000483379   0.00353804
   -0.017981 -0.000483379            0    -0.015634
   0.0289284  -0.00353804     0.015634            0
Repeater1[0]<--->HoM1[0]
REAL
   0.41384   0.004122  0.0141376   0.122684
  0.004122  0.0990502 0.00916336 -0.0135006
 0.0141376 0.00916336  0.0922659 0.00288437
  0.122684 -0.0135006 0.00288437   0.394844
IMAGINARY
          0 -0.00732484  0.00350324 -0.00980857
 0.00732484           0  -0.0162188  0.00287431
-0.00350324   0.0162188           0  0.00732484
 0.00980857 -0.00287431 -0.00732484           0
EndNode1[0]<--->Repeater1[0]
REAL
   0.391083 -0.00178528 -0.00290634    0.129708
-0.00178528    0.113376 -0.00159857   0.0128566
-0.00290634 -0.00159857   0.0917197   0.0229296
   0.129708   0.0128566   0.0229296    0.403822
IMAGINARY
          0  0.00126203  -0.0220528   0.0120727
-0.00126203           0  0.00808334    0.017525
  0.0220528 -0.00808334           0  -0.0109645
 -0.0120727   -0.017525   0.0109645           0
EndNode2[0]<--->HoM1[0]
REAL
   0.41601  0.0181683  0.0123762   0.118804
 0.0181683  0.0931759  0.0141227 -0.0123762
 0.0123762  0.0141227  0.0813648 -0.0120708
  0.118804 -0.0123762 -0.0120708   0.409449
IMAGINARY
          0 -0.00292334  0.00651297 -0.00220109
 0.00292334           0  0.00595109 -0.00196161
-0.00651297 -0.00595109           0 -0.00682959
 0.00220109  0.00196161  0.00682959           0
Repeater1[0]<--->EndNode1[0]
REAL
   0.391083 -0.00290634 -0.00178528    0.129708
-0.00290634   0.0917197 -0.00159857   0.0229296
-0.00178528 -0.00159857    0.113376   0.0128566
   0.129708   0.0229296   0.0128566    0.403822
IMAGINARY
          0  -0.0220528  0.00126203   0.0120727
  0.0220528           0 -0.00808334  -0.0109645
-0.00126203  0.00808334           0    0.017525
 -0.0120727   0.0109645   -0.017525           0
Repeater1[0]<--->HoM1[0]
REAL
   0.41601  0.0123762  0.0181683   0.118804
 0.0123762  0.0813648  0.0141227 -0.0120708
 0.0181683  0.0141227  0.0931759 -0.0123762
  0.118804 -0.0120708 -0.0123762   0.409449
IMAGINARY
          0  0.00651297 -0.00292334 -0.00220109
-0.00651297           0 -0.00595109 -0.00682959
 0.00292334  0.00595109           0 -0.00196161
 0.00220109  0.00682959  0.00196161           0
EndNode1[0]<--->Repeater1[0]
REAL
  0.413748 0.00309359 0.00618088   0.133093
0.00309359   0.107652  0.0148663 -0.0151094
0.00618088  0.0148663  0.0881971 -0.0043691
  0.133093 -0.0151094 -0.0043691   0.390402
IMAGINARY
           0   0.00173326   -0.0136408  0.000111438
 -0.00173326            0  -0.00197479  -0.00360061
   0.0136408   0.00197479            0  -0.00912242
-0.000111438   0.00360061   0.00912242            0
EndNode2[0]<--->HoM1[0]
REAL
  0.402985  0.0275273 0.00446125    0.12568
 0.0275273   0.105721  0.0113759 0.00188393
0.00446125  0.0113759  0.0995025   0.016889
   0.12568 0.00188393   0.016889   0.391791
IMAGINARY
           0   0.00633974  -0.00555453  -0.00340478
 -0.00633974            0   -0.0100361 -0.000192598
  0.00555453    0.0100361            0    0.0249502
  0.00340478  0.000192598   -0.0249502            0
Repeater1[0]<--->EndNode1[0]
REAL
  0.413748 0.00618088 0.00309359   0.133093
0.00618088  0.0881971  0.0148663 -0.0043691
0.00309359  0.0148663   0.107652 -0.0151094
  0.133093 -0.0043691 -0.0151094   0.390402
IMAGINARY
           0   -0.0136408   0.00173326  0.000111438
   0.0136408            0   0.00197479  -0.00912242
 -0.00173326  -0.00197479            0  -0.00360061
-0.000111438   0.00912242   0.00360061            0
Repeater1[0]<--->HoM1[0]
REAL
  0.402985 0.00446125  0.0275273    0.12568
0.00446125  0.0995025  0.0113759   0.016889
 0.0275273  0.0113759   0.105721 0.00188393
   0.12568   0.016889 0.00188393   0.391791
IMAGINARY
           0  -0.00555453   0.00633974  -0.00340478
  0.00555453            0    0.0100361    0.0249502
 -0.00633974   -0.0100361            0 -0.000192598
  0.00340478   -0.0249502  0.000192598            0
EndNode1[0]<--->Repeater1[0]
REAL
   0.402632  0.00336121 -0.00907917     0.12763
 0.00336121   0.0934211  0.00342604   0.0146692
-0.00907917  0.00342604   0.0828947  -0.0064668
    0.12763   0.0146692  -0.0064668    0.421053
IMAGINARY
          0   0.0178408 -0.00488753  0.00202754
 -0.0178408           0   0.0206997  -0.0123099
 0.00488753  -0.0206997           0    0.018465
-0.00202754   0.0123099   -0.018465           0
EndNode2[0]<--->HoM1[0]
REAL
   0.404015   0.0308941  -0.0109548    0.140172
  0.0308941    0.104141 -0.00666379  0.00310141
 -0.0109548 -0.00666379   0.0928482   0.0136085
   0.140172  0.00310141   0.0136085    0.398996
IMAGINARY
          0   0.0226516 -0.00293655   0.0140599
 -0.0226516           0  -0.0153519  -0.0122533
 0.00293655   0.0153519           0 -0.00366422
 -0.0140599   0.0122533  0.00366422           0
Repeater1[0]<--->EndNode1[0]
REAL
   0.402632 -0.00907917  0.00336121     0.12763
-0.00907917   0.0828947  0.00342604  -0.0064668
 0.00336121  0.00342604   0.0934211   0.0146692
    0.12763  -0.0064668   0.0146692    0.421053
IMAGINARY
          0 -0.00488753   0.0178408  0.00202754
 0.00488753           0  -0.0206997    0.018465
 -0.0178408   0.0206997           0  -0.0123099
-0.00202754   -0.018465   0.0123099           0
Repeater1[0]<--->HoM1[0]
REAL
   0.404015  -0.0109548   0.0308941    0.140172
 -0.0109548   0.0928482 -0.00666379   0.0136085
  0.0308941 -0.00666379    0.104141  0.00310141
   0.140172   0.0136085  0.00310141    0.398996
IMAGINARY
          0 -0.00293655   0.0226516   0.0140599
 0.00293655           0   0.0153519 -0.00366422
 -0.0226516  -0.0153519           0  -0.0122533
 -0.0140599  0.00366422   0.0122533           0
EndNode1[0]<--->Repeater1[0]
REAL
   0.402314 -0.00630561 -0.00831202    0.123989
-0.00630561    0.101542  0.00680135  0.00831202
-0.00831202  0.00680135    0.104113  -0.0195799
   0.123989  0.00831202  -0.0195799    0.392031
IMAGINARY
          0  0.00228923  0.00300681  -0.0393401
-0.00228923           0  0.00634518 -0.00821514
-0.00300681 -0.00634518           0   0.0185441
  0.0393401  0.00821514  -0.0185441           0
EndNode2[0]<--->HoM1[0]
REAL
   0.417391 -0.00839088  -0.0148029    0.107057
-0.00839088    0.110559  0.00169301  -0.0114471
 -0.0148029  0.00169301    0.089441 -0.00160912
   0.107057  -0.0114471 -0.00160912    0.382609
IMAGINARY
           0    0.0106838 -0.000650834  -0.00198103
  -0.0106838            0    0.0205525   0.00895224
 0.000650834   -0.0205525            0    0.0027262
  0.00198103  -0.00895224   -0.0027262            0
Repeater1[0]<--->EndNode1[0]
REAL
   0.402314 -0.00831202 -0.00630561    0.123989
-0.00831202    0.104113  0.00680135  -0.0195799
-0.00630561  0.00680135    0.101542  0.00831202
   0.123989  -0.0195799  0.00831202    0.392031
IMAGINARY
          0  0.00300681  0.00228923  -0.0393401
-0.00300681           0 -0.00634518   0.0185441
-0.00228923  0.00634518           0 -0.00821514
  0.0393401  -0.0185441  0.00821514           0
Repeater1[0]<--->HoM1[0]
REAL
   0.417391  -0.0148029 -0.00839088    0.107057
 -0.0148029    0.089441  0.00169301 -0.00160912
-0.00839088  0.00169301    0.110559  -0.0114471
   0.107057 -0.00160912  -0.0114471    0.382609
IMAGINARY
           0 -0.000650834    0.0106838  -0.00198103
 0.000650834            0   -0.0205525    0.0027262
  -0.0106838    0.0205525            0   0.00895224
  0.00198103   -0.0027262  -0.00895224            0
EndNode1[0]<--->Repeater1[0]
REAL
   0.421519 -0.00154345   0.0145543    0.162255
-0.00154345         0.1  0.00690882 -0.00519096
  0.0145543  0.00690882   0.0835443   0.0121552
   0.162255 -0.00519096   0.0121552    0.394937
IMAGINARY
           0    0.0219523 -0.000442943   -0.0116333
  -0.0219523            0   0.00237402   -0.0127646
 0.000442943  -0.00237402            0   -0.0213234
   0.0116333    0.0127646    0.0213234            0
EndNode2[0]<--->HoM1[0]
REAL
   0.392405  0.00895804  -0.0192411    0.104386
 0.00895804   0.0898734    0.022796 -0.00943719
 -0.0192411    0.022796   0.0987342   0.0134859
   0.104386 -0.00943719   0.0134859    0.418987
IMAGINARY
          0 -0.00581483   0.0187766  0.00661409
 0.00581483           0  0.00598037   0.0153936
 -0.0187766 -0.00598037           0 -0.00325072
-0.00661409  -0.0153936  0.00325072           0
Repeater1[0]<--->EndNode1[0]
REAL
   0.421519   0.0145543 -0.00154345    0.162255
  0.0145543   0.0835443  0.00690882   0.0121552
-0.00154345  0.00690882         0.1 -0.00519096
   0.162255   0.0121552 -0.00519096    0.394937
IMAGINARY
           0 -0.000442943    0.0219523   -0.0116333
 0.000442943            0  -0.00237402   -0.0213234
  -0.0219523   0.00237402            0   -0.0127646
   0.0116333    0.0213234    0.0127646            0
Repeater1[0]<--->HoM1[0]
REAL
   0.392405  -0.0192411  0.00895804    0.104386
 -0.0192411   0.0987342    0.022796   0.0134859
 0.00895804    0.022796   0.0898734 -0.00943719
   0.104386   0.0134859 -0.00943719    0.418987
IMAGINARY
          0   0.0187766 -0.00581483  0.00661409
 -0.0187766           0 -0.00598037 -0.00325072
 0.00581483  0.00598037           0   0.0153936
-0.00661409  0.00325072  -0.0153936           0
EndNode1[0]<--->Repeater1[0]
REAL
    0.41875 -0.00280091 -0.00611407    0.117412
-0.00280091      0.0875   0.0191862  -0.0170818
-0.00611407   0.0191862      0.1025  -0.0100857
   0.117412  -0.0170818  -0.0100857     0.39125
IMAGINARY
          0  0.00190594 -0.00285734 -0.00350715
-0.00190594           0  0.00862223  0.00602591
 0.00285734 -0.00862223           0  0.00379749
 0.00350715 -0.00602591 -0.00379749           0
EndNode2[0]<--->HoM1[0]
REAL
   0.449553 -0.00448452  -0.0131156    0.107205
-0.00448452   0.0753512  0.00333444   0.0221131
 -0.0131156  0.00333444   0.0932312  0.00962591
   0.107205   0.0221131  0.00962591    0.381865
IMAGINARY
          0   0.0133637  0.00613153   0.0183576
 -0.0133637           0  -0.0165261  0.00225556
-0.00613153   0.0165261           0  -0.0411056
 -0.0183576 -0.00225556   0.0411056           0
Repeater1[0]<--->EndNode1[0]
REAL
    0.41875 -0.00611407 -0.00280091    0.117412
-0.00611407      0.1025   0.0191862  -0.0100857
-0.00280091   0.0191862      0.0875  -0.0170818
   0.117412  -0.0100857  -0.0170818     0.39125
IMAGINARY
          0 -0.00285734  0.00190594 -0.00350715
 0.00285734           0 -0.00862223  0.00379749
-0.00190594  0.00862223           0  0.00602591
 0.00350715 -0.00379749 -0.00602591           0
Repeater1[0]<--->HoM1[0]
REAL
   0.449553  -0.0131156 -0.00448452    0.107205
 -0.0131156   0.0932312  0.00333444  0.00962591
-0.00448452  0.00333444   0.0753512   0.0221131
   0.107205  0.00962591   0.0221131    0.381865
IMAGINARY
          0  0.00613153   0.0133637   0.0183576
-0.00613153           0   0.0165261  -0.0411056
 -0.0133637  -0.0165261           0  0.00225556
 -0.0183576   0.0411056 -0.00225556           0
EndNode1[0]<--->Repeater1[0]
REAL
  0.421245  0.0104684  0.0133325   0.125181
 0.0104684  0.0903541 -0.0184972  0.0239426
 0.0133325 -0.0184972  0.0989011 -0.0117538
  0.125181  0.0239426 -0.0117538   0.389499
IMAGINARY
          0 -0.00600304   0.0258658  -0.0108506
 0.00600304           0  -0.0067965 -0.00223875
 -0.0258658   0.0067965           0   0.0270758
  0.0108506  0.00223875  -0.0270758           0
EndNode2[0]<--->HoM1[0]
REAL
    0.397112  -0.00613591   -0.0224934     0.126039
 -0.00613591    0.0770156   0.00941685    0.0131301
  -0.0224934   0.00941685       0.1071 -0.000730506
    0.126039    0.0131301 -0.000730506     0.418773
IMAGINARY
          0   0.0179456  -0.0256726   0.0152904
 -0.0179456           0  -0.0274232   0.0189702
  0.0256726   0.0274232           0 -0.00320033
 -0.0152904  -0.0189702  0.00320033           0
Repeater1[0]<--->EndNode1[0]
REAL
  0.421245  0.0133325  0.0104684   0.125181
 0.0133325  0.0989011 -0.0184972 -0.0117538
 0.0104684 -0.0184972  0.0903541  0.0239426
  0.125181 -0.0117538  0.0239426   0.389499
IMAGINARY
          0   0.0258658 -0.00600304  -0.0108506
 -0.0258658           0   0.0067965   0.0270758
 0.00600304  -0.0067965           0 -0.00223875
  0.0108506  -0.0270758  0.00223875           0
Repeater1[0]<--->HoM1[0]
REAL
    0.397112   -0.0224934  -0.00613591     0.126039
  -0.0224934       0.1071   0.00941685 -0.000730506
 -0.00613591   0.00941685    0.0770156    0.0131301
    0.126039 -0.000730506    0.0131301     0.418773
IMAGINARY
          0  -0.0256726   0.0179456   0.0152904
  0.0256726           0   0.0274232 -0.00320033
 -0.0179456  -0.0274232           0   0.0189702
 -0.0152904  0.00320033  -0.0189702           0
EndNode1[0]<--->Repeater1[0]
REAL
    0.425781   -0.0112035    0.0219172     0.125287
  -0.0112035    0.0924479 -0.000915032   -0.0131232
   0.0219172 -0.000915032      0.10026   -0.0214599
    0.125287   -0.0131232   -0.0214599      0.38151
IMAGINARY
          0 -0.00449974   0.0143934   0.0129544
 0.00449974           0   0.0211511  0.00724123
 -0.0143934  -0.0211511           0   0.0129132
 -0.0129544 -0.00724123  -0.0129132           0
EndNode2[0]<--->HoM1[0]
REAL
        0.4   0.0159094   0.0207285    0.148222
  0.0159094    0.108974  -0.0158506 -0.00504469
  0.0207285  -0.0158506   0.0884615   0.0110668
   0.148222 -0.00504469   0.0110668    0.402564
IMAGINARY
           0   0.00692056  -0.00666775 -0.000706624
 -0.00692056            0   0.00132315    0.0202864
  0.00666775  -0.00132315            0  -0.00627205
 0.000706624   -0.0202864   0.00627205            0
Repeater1[0]<--->EndNode1[0]
REAL
    0.425781    0.0219172   -0.0112035     0.125287
   0.0219172      0.10026 -0.000915032   -0.0214599
  -0.0112035 -0.000915032    0.0924479   -0.0131232
    0.125287   -0.0214599   -0.0131232      0.38151
IMAGINARY
          0   0.0143934 -0.00449974   0.0129544
 -0.0143934           0  -0.0211511   0.0129132
 0.00449974   0.0211511           0  0.00724123
 -0.0129544  -0.0129132 -0.00724123           0
Repeater1[0]<--->HoM1[0]
REAL
        0.4   0.0207285   0.0159094    0.148222
  0.0207285   0.0884615  -0.0158506   0.0110668
  0.0159094  -0.0158506    0.108974 -0.00504469
   0.148222   0.0110668 -0.00504469    0.402564
IMAGINARY
           0  -0.00666775   0.00692056 -0.000706624
  0.00666775            0  -0.00132315  -0.00627205
 -0.00692056   0.00132315            0    0.0202864
 0.000706624   0.00627205   -0.0202864            0
EndNode1[0]<--->Repeater1[0]
REAL
   0.414305 -0.00787959  -0.0040085    0.129593
-0.00787959    0.109312  0.00918503 -0.00860771
 -0.0040085  0.00918503   0.0782726  0.00323152
   0.129593 -0.00860771  0.00323152    0.398111
IMAGINARY
           0    0.0206942 -0.000862119   0.00101903
  -0.0206942            0   -0.0230316  -0.00389979
 0.000862119    0.0230316            0   0.00175479
 -0.00101903   0.00389979  -0.00175479            0
EndNode2[0]<--->HoM1[0]
REAL
   0.408163   0.0150718  -0.0147379    0.143542
  0.0150718    0.117347  -0.0108887 -0.00694573
 -0.0147379  -0.0108887   0.0969388  -0.0291024
   0.143542 -0.00694573  -0.0291024    0.377551
IMAGINARY
          0 -0.00515394  0.00553652  -0.0108689
 0.00515394           0 -0.00114124 -0.00300487
-0.00553652  0.00114124           0  0.00135647
  0.0108689  0.00300487 -0.00135647           0
Repeater1[0]<--->EndNode1[0]
REAL
   0.414305  -0.0040085 -0.00787959    0.129593
 -0.0040085   0.0782726  0.00918503  0.00323152
-0.00787959  0.00918503    0.109312 -0.00860771
   0.129593  0.00323152 -0.00860771    0.398111
IMAGINARY
           0 -0.000862119    0.0206942   0.00101903
 0.000862119            0    0.0230316   0.00175479
  -0.0206942   -0.0230316            0  -0.00389979
 -0.00101903  -0.00175479   0.00389979            0
Repeater1[0]<--->HoM1[0]
REAL
   0.408163  -0.0147379   0.0150718    0.143542
 -0.0147379   0.0969388  -0.0108887  -0.0291024
  0.0150718  -0.0108887    0.117347 -0.00694573
   0.143542  -0.0291024 -0.00694573    0.377551
IMAGINARY
          0  0.00553652 -0.00515394  -0.0108689
-0.00553652           0  0.00114124  0.00135647
 0.00515394 -0.00114124           0 -0.00300487
  0.0108689 -0.00135647  0.00300487           0
EndNode1[0]<--->Repeater1[0]
REAL
  0.418792  0.0131248 0.00649715   0.115972
 0.0131248  0.0912752 0.00120641  0.0125213
0.00649715 0.00120641   0.095302 0.00343959
  0.115972  0.0125213 0.00343959   0.394631
IMAGINARY
           0 -0.000705869  0.000192498   0.00226283
 0.000705869            0 -0.000873937    0.0273243
-0.000192498  0.000873937            0  -0.00130755
 -0.00226283   -0.0273243   0.00130755            0
EndNode2[0]<--->HoM1[0]
REAL
   0.421813   0.0228707   0.0191996    0.121805
  0.0228707   0.0854139    0.014435 -0.00830041
  0.0191996    0.014435   0.0775296 0.000290059
   0.121805 -0.00830041 0.000290059    0.415243
IMAGINARY
          0  -0.0143908   0.0145082   0.0396947
  0.0143908           0  -0.0270593  -0.0113316
 -0.0145082   0.0270593           0 -0.00276292
 -0.0396947   0.0113316  0.00276292           0
Repeater1[0]<--->EndNode1[0]
REAL
  0.418792 0.00649715  0.0131248   0.115972
0.00649715   0.095302 0.00120641 0.00343959
 0.0131248 0.00120641  0.0912752  0.0125213
  0.115972 0.00343959  0.0125213   0.394631
IMAGINARY
           0  0.000192498 -0.000705869   0.00226283
-0.000192498            0  0.000873937  -0.00130755
 0.000705869 -0.000873937            0    0.0273243
 -0.00226283   0.00130755   -0.0273243            0
Repeater1[0]<--->HoM1[0]
REAL
   0.421813   0.0191996   0.0228707    0.121805
  0.0191996   0.0775296    0.014435 0.000290059
  0.0228707    0.014435   0.0854139 -0.00830041
   0.121805 0.000290059 -0.00830041    0.415243
IMAGINARY
          0   0.0145082  -0.0143908   0.0396947
 -0.0145082           0   0.0270593 -0.00276292
  0.0143908  -0.0270593           0  -0.0113316
 -0.0396947  0.00276292   0.0113316           0
EndNode1[0]<--->Repeater1[0]
REAL
     0.4114  0.00761031 -0.00526951    0.144906
 0.00761031   0.0954151  0.00293061  0.00286566
-0.00526951  0.00293061   0.0954151 -0.00640838
   0.144906  0.00286566 -0.00640838     0.39777
IMAGINARY
          0 -0.00489048 -0.00702263  -0.0044996
 0.00489048           0  -0.0262999   0.0354177
 0.00702263   0.0262999           0   0.0357547
  0.0044996  -0.0354177  -0.0357547           0
EndNode2[0]<--->HoM1[0]
REAL
    0.432718 -0.000844097  -0.00867276     0.136318
-0.000844097    0.0751979  -0.00197987   -0.0155736
 -0.00867276  -0.00197987     0.091029   -0.0168492
    0.136318   -0.0155736   -0.0168492     0.401055
IMAGINARY
          0  -0.0176802  -0.0226707  -0.0206824
  0.0176802           0  0.00668746 -0.00173477
  0.0226707 -0.00668746           0   0.0107966
  0.0206824  0.00173477  -0.0107966           0
Repeater1[0]<--->EndNode1[0]
REAL
     0.4114 -0.00526951  0.00761031    0.144906
-0.00526951   0.0954151  0.00293061 -0.00640838
 0.00761031  0.00293061   0.0954151  0.00286566
   0.144906 -0.00640838  0.00286566     0.39777
IMAGINARY
          0 -0.00702263 -0.00489048  -0.0044996
 0.00702263           0   0.0262999   0.0357547
 0.00489048  -0.0262999           0   0.0354177
  0.0044996  -0.0357547  -0.0354177           0
Repeater1[0]<--->HoM1[0]
REAL
    0.432718  -0.00867276 -0.000844097     0.136318
 -0.00867276     0.091029  -0.00197987   -0.0168492
-0.000844097  -0.00197987    0.0751979   -0.0155736
    0.136318   -0.0168492   -0.0155736     0.401055
IMAGINARY
          0  -0.0226707  -0.0176802  -0.0206824
  0.0226707           0 -0.00668746   0.0107966
  0.0176802  0.00668746           0 -0.00173477
  0.0206824  -0.0107966  0.00173477           0
EndNode1[0]<--->Repeater1[0]
REAL
    0.431345   0.00187994  -0.00715768      0.13385
  0.00187994    0.0721221  0.000598371  0.000342317
 -0.00715768  0.000598371    0.0859917 -2.12023e-05
     0.13385  0.000342317 -2.12023e-05     0.410541
IMAGINARY
          0 -0.00222081 -0.00110784   -0.027134
 0.00222081           0 -0.00411605  0.00966529
 0.00110784  0.00411605           0  0.00833328
   0.027134 -0.00966529 -0.00833328           0
EndNode2[0]<--->HoM1[0]
REAL
    0.41184  -0.0140791  0.00704171    0.118796
 -0.0140791   0.0965251 -0.00452878  -0.0050602
 0.00704171 -0.00452878     0.10296 -0.00507548
   0.118796  -0.0050602 -0.00507548    0.388674
IMAGINARY
           0   -0.0147182    0.0134048   -0.0094079
   0.0147182            0  0.000269519    0.0134048
  -0.0134048 -0.000269519            0  -0.00270808
   0.0094079   -0.0134048   0.00270808            0
Repeater1[0]<--->EndNode1[0]
REAL
    0.431345  -0.00715768   0.00187994      0.13385
 -0.00715768    0.0859917  0.000598371 -2.12023e-05
  0.00187994  0.000598371    0.0721221  0.000342317
     0.13385 -2.12023e-05  0.000342317     0.410541
IMAGINARY
          0 -0.00110784 -0.00222081   -0.027134
 0.00110784           0  0.00411605  0.00833328
 0.00222081 -0.00411605           0  0.00966529
   0.027134 -0.00833328 -0.00966529           0
Repeater1[0]<--->HoM1[0]
REAL
    0.41184  0.00704171  -0.0140791    0.118796
 0.00704171     0.10296 -0.00452878 -0.00507548
 -0.0140791 -0.00452878   0.0965251  -0.0050602
   0.118796 -0.00507548  -0.0050602    0.388674
IMAGINARY
           0    0.0134048   -0.0147182   -0.0094079
  -0.0134048            0 -0.000269519  -0.00270808
   0.0147182  0.000269519            0    0.0134048
   0.0094079   0.00270808   -0.0134048            0
EndNode1[0]<--->Repeater1[0]
REAL
   0.399504   0.0100797 -0.00705405    0.103133
  0.0100797   0.0880893  -0.0253253   0.0117902
-0.00705405  -0.0253253      0.1067  0.00818819
   0.103133   0.0117902  0.00818819    0.405707
IMAGINARY
          0 -0.00951475   0.0233287 -0.00855688
 0.00951475           0 -0.00419822    0.002363
 -0.0233287  0.00419822           0  0.00753846
 0.00855688   -0.002363 -0.00753846           0
EndNode2[0]<--->HoM1[0]
REAL
   0.392438    0.012718   0.0151407    0.124087
   0.012718   0.0912647  -0.0138233 -0.00196456
  0.0151407  -0.0138233   0.0899609   0.0101669
   0.124087 -0.00196456   0.0101669    0.426336
IMAGINARY
          0  -0.0133741  0.00256744  -0.0107323
  0.0133741           0   0.0107323   0.0114058
-0.00256744  -0.0107323           0  -0.0127499
  0.0107323  -0.0114058   0.0127499           0
Repeater1[0]<--->EndNode1[0]
REAL
   0.399504 -0.00705405   0.0100797    0.103133
-0.00705405      0.1067  -0.0253253  0.00818819
  0.0100797  -0.0253253   0.0880893   0.0117902
   0.103133  0.00818819   0.0117902    0.405707
IMAGINARY
          0   0.0233287 -0.00951475 -0.00855688
 -0.0233287           0  0.00419822  0.00753846
 0.00951475 -0.00419822           0    0.002363
 0.00855688 -0.00753846   -0.002363           0
Repeater1[0]<--->HoM1[0]
REAL
   0.392438   0.0151407    0.012718    0.124087
  0.0151407   0.0899609  -0.0138233   0.0101669
   0.012718  -0.0138233   0.0912647 -0.00196456
   0.124087   0.0101669 -0.00196456    0.426336
IMAGINARY
          0  0.00256744  -0.0133741  -0.0107323
-0.00256744           0  -0.0107323  -0.0127499
  0.0133741   0.0107323           0   0.0114058
  0.0107323   0.0127499  -0.0114058           0
EndNode1[0]<--->Repeater1[0]
REAL
   0.414765 -0.00897607   0.0127164    0.111902
-0.00897607   0.0939597  0.00776197 -0.00430758
  0.0127164  0.00776197    0.085906 -0.00590104
   0.111902 -0.00430758 -0.00590104    0.405369
IMAGINARY
           0    0.0130415    0.0207095   -0.0271135
  -0.0130415            0  0.000524673    0.0122789
  -0.0207095 -0.000524673            0  -0.00721998
   0.0271135   -0.0122789   0.00721998            0
EndNode2[0]<--->HoM1[0]
REAL
   0.413486 -0.00319244  -0.0296958    0.119258
-0.00319244   0.0839695   0.0205403  0.00954469
 -0.0296958   0.0205403   0.0966921 0.000673544
   0.119258  0.00954469 0.000673544    0.405852
IMAGINARY
          0  0.00357081  0.00954294    0.014185
-0.00357081           0 -0.00550009   -0.010825
-0.00954294  0.00550009           0  0.00155739
  -0.014185    0.010825 -0.00155739           0
Repeater1[0]<--->EndNode1[0]
REAL
   0.414765   0.0127164 -0.00897607    0.111902
  0.0127164    0.085906  0.00776197 -0.00590104
-0.00897607  0.00776197   0.0939597 -0.00430758
   0.111902 -0.00590104 -0.00430758    0.405369
IMAGINARY
           0    0.0207095    0.0130415   -0.0271135
  -0.0207095            0 -0.000524673  -0.00721998
  -0.0130415  0.000524673            0    0.0122789
   0.0271135   0.00721998   -0.0122789            0
Repeater1[0]<--->HoM1[0]
REAL
   0.413486  -0.0296958 -0.00319244    0.119258
 -0.0296958   0.0966921   0.0205403 0.000673544
-0.00319244   0.0205403   0.0839695  0.00954469
   0.119258 0.000673544  0.00954469    0.405852
IMAGINARY
          0  0.00954294  0.00357081    0.014185
-0.00954294           0  0.00550009  0.00155739
-0.00357081 -0.00550009           0   -0.010825
  -0.014185 -0.00155739    0.010825           0
EndNode1[0]<--->Repeater1[0]
REAL
   0.401042 -0.00985183  0.00949923    0.132791
-0.00985183   0.0755208   0.0190993   0.0289623
 0.00949923   0.0190993   0.0859375   0.0183264
   0.132791   0.0289623   0.0183264      0.4375
IMAGINARY
           0    0.0221231   0.00048126 -0.000275338
  -0.0221231            0    0.0048267    0.0080762
 -0.00048126   -0.0048267            0    0.0133292
 0.000275338   -0.0080762   -0.0133292            0
EndNode2[0]<--->HoM1[0]
REAL
   0.424691   0.0195655   0.0168516    0.108417
  0.0195655    0.106173 0.000854797 -0.00161977
  0.0168516 0.000854797    0.101235  0.00493783
   0.108417 -0.00161977  0.00493783    0.367901
IMAGINARY
          0  -0.0190296  0.00602756  0.00905776
  0.0190296           0   0.0168985 -0.00276811
-0.00602756  -0.0168985           0 -0.00639417
-0.00905776  0.00276811  0.00639417           0
Repeater1[0]<--->EndNode1[0]
REAL
   0.401042  0.00949923 -0.00985183    0.132791
 0.00949923   0.0859375   0.0190993   0.0183264
-0.00985183   0.0190993   0.0755208   0.0289623
   0.132791   0.0183264   0.0289623      0.4375
IMAGINARY
           0   0.00048126    0.0221231 -0.000275338
 -0.00048126            0   -0.0048267    0.0133292
  -0.0221231    0.0048267            0    0.0080762
 0.000275338   -0.0133292   -0.0080762            0
Repeater1[0]<--->HoM1[0]
REAL
   0.424691   0.0168516   0.0195655    0.108417
  0.0168516    0.101235 0.000854797  0.00493783
  0.0195655 0.000854797    0.106173 -0.00161977
   0.108417  0.00493783 -0.00161977    0.367901
IMAGINARY
          0  0.00602756  -0.0190296  0.00905776
-0.00602756           0  -0.0168985 -0.00639417
  0.0190296   0.0168985           0 -0.00276811
-0.00905776  0.00639417  0.00276811           0
EndNode1[0]<--->Repeater1[0]
REAL
   0.398684 -0.00792636  0.00107062    0.116238
-0.00792636    0.101316     0.01084 -0.00225827
 0.00107062     0.01084   0.0842105  0.00436342
   0.116238 -0.00225827  0.00436342    0.415789
IMAGINARY
          0  -0.0150859  0.00266667   0.0107312
  0.0150859           0  0.00340762 -0.00266667
-0.00266667 -0.00340762           0   0.0112299
 -0.0107312  0.00266667  -0.0112299           0
EndNode2[0]<--->HoM1[0]
REAL
