EndNode1[0]<--->Repeater1[0]
REAL
   0.499374   0.0199681 -0.00671259    0.164366
  0.0199681     0.12766 -0.00362886 -0.00408792
-0.00671259 -0.00362886    0.147685  -0.0117089
   0.164366 -0.00408792  -0.0117089    0.225282
IMAGINARY
          0  -0.0199265  0.00827081 -0.00845604
  0.0199265           0  -0.0180591  0.00567341
-0.00827081   0.0180591           0  -0.0152661
 0.00845604 -0.00567341   0.0152661           0
EndNode2[0]<--->HoM1[0]
REAL
    0.45614 -0.00534339  -0.0172922    0.263217
-0.00534339    0.119048  0.00571727  -0.0026051
 -0.0172922  0.00571727    0.110276  -0.0145539
   0.263217  -0.0026051  -0.0145539    0.314536
IMAGINARY
          0 -0.00323232  -0.0047835  0.00107865
 0.00323232           0  -0.0384498   0.0122835
  0.0047835   0.0384498           0   0.0182323
-0.00107865  -0.0122835  -0.0182323           0
Repeater1[0]<--->EndNode1[0]
REAL
   0.499374 -0.00671259   0.0199681    0.164366
-0.00671259    0.147685 -0.00362886  -0.0117089
  0.0199681 -0.00362886     0.12766 -0.00408792
   0.164366  -0.0117089 -0.00408792    0.225282
IMAGINARY
          0  0.00827081  -0.0199265 -0.00845604
-0.00827081           0   0.0180591  -0.0152661
  0.0199265  -0.0180591           0  0.00567341
 0.00845604   0.0152661 -0.00567341           0
Repeater1[0]<--->HoM1[0]
REAL
    0.45614  -0.0172922 -0.00534339    0.263217
 -0.0172922    0.110276  0.00571727  -0.0145539
-0.00534339  0.00571727    0.119048  -0.0026051
   0.263217  -0.0145539  -0.0026051    0.314536
IMAGINARY
          0  -0.0047835 -0.00323232  0.00107865
  0.0047835           0   0.0384498   0.0182323
 0.00323232  -0.0384498           0   0.0122835
-0.00107865  -0.0182323  -0.0122835           0
EndNode1[0]<--->Repeater1[0]
REAL
   0.498113  -0.0143981  -0.0210095    0.177854
 -0.0143981    0.135849 -0.00343586  -0.0164582
 -0.0210095 -0.00343586    0.150943 -0.00756576
   0.177854  -0.0164582 -0.00756576    0.215094
IMAGINARY
          0 -0.00548136  0.00316708  -0.0221106
 0.00548136           0    0.012281 -0.00252192
-0.00316708   -0.012281           0  -0.0067767
  0.0221106  0.00252192   0.0067767           0
EndNode2[0]<--->HoM1[0]
REAL
   0.484169  -0.0138252  -0.0106271    0.265236
 -0.0138252     0.12533   0.0135846 -0.00411822
 -0.0106271   0.0135846    0.110818 -0.00226058
   0.265236 -0.00411822 -0.00226058    0.279683
IMAGINARY
          0 -0.00495336   0.0105977   0.0125963
 0.00495336           0 -0.00628314  0.00855687
 -0.0105977  0.00628314           0  -0.0142012
 -0.0125963 -0.00855687   0.0142012           0
Repeater1[0]<--->EndNode1[0]
REAL
   0.498113  -0.0210095  -0.0143981    0.177854
 -0.0210095    0.150943 -0.00343586 -0.00756576
 -0.0143981 -0.00343586    0.135849  -0.0164582
   0.177854 -0.00756576  -0.0164582    0.215094
IMAGINARY
          0  0.00316708 -0.00548136  -0.0221106
-0.00316708           0   -0.012281  -0.0067767
 0.00548136    0.012281           0 -0.00252192
  0.0221106   0.0067767  0.00252192           0
Repeater1[0]<--->HoM1[0]
REAL
   0.484169  -0.0106271  -0.0138252    0.265236
 -0.0106271    0.110818   0.0135846 -0.00226058
 -0.0138252   0.0135846     0.12533 -0.00411822
   0.265236 -0.00226058 -0.00411822    0.279683
IMAGINARY
          0   0.0105977 -0.00495336   0.0125963
 -0.0105977           0  0.00628314  -0.0142012
 0.00495336 -0.00628314           0  0.00855687
 -0.0125963   0.0142012 -0.00855687           0
EndNode1[0]<--->Repeater1[0]
REAL
   0.516443   0.0147334   0.0236493    0.179093
  0.0147334    0.121803 -0.00715579  0.00467745
  0.0236493 -0.00715579    0.148599   0.0043707
   0.179093  0.00467745   0.0043707    0.213155
IMAGINARY
           0 -0.000656345    0.0195582  -0.00724705
 0.000656345            0    0.0194109  -0.00286926
  -0.0195582   -0.0194109            0    0.0200155
  0.00724705   0.00286926   -0.0200155            0
EndNode2[0]<--->HoM1[0]
REAL
  0.481386 -0.0240357 -0.0263763   0.271698
-0.0240357   0.110398 0.00304143  -0.025707
-0.0263763 0.00304143  0.0898588 -0.0111206
  0.271698  -0.025707 -0.0111206   0.318357
IMAGINARY
          0   0.0075591    0.012716 -0.00654434
 -0.0075591           0   0.0127632  -0.0201787
  -0.012716  -0.0127632           0  0.00239115
 0.00654434   0.0201787 -0.00239115           0
Repeater1[0]<--->EndNode1[0]
REAL
   0.516443   0.0236493   0.0147334    0.179093
  0.0236493    0.148599 -0.00715579   0.0043707
  0.0147334 -0.00715579    0.121803  0.00467745
   0.179093   0.0043707  0.00467745    0.213155
IMAGINARY
           0    0.0195582 -0.000656345  -0.00724705
  -0.0195582            0   -0.0194109    0.0200155
 0.000656345    0.0194109            0  -0.00286926
  0.00724705   -0.0200155   0.00286926            0
Repeater1[0]<--->HoM1[0]
REAL
  0.481386 -0.0263763 -0.0240357   0.271698
-0.0263763  0.0898588 0.00304143 -0.0111206
-0.0240357 0.00304143   0.110398  -0.025707
  0.271698 -0.0111206  -0.025707   0.318357
IMAGINARY
          0    0.012716   0.0075591 -0.00654434
  -0.012716           0  -0.0127632  0.00239115
 -0.0075591   0.0127632           0  -0.0201787
 0.00654434 -0.00239115   0.0201787           0
EndNode1[0]<--->Repeater1[0]
REAL
    0.496871   -0.0217477 -0.000669286     0.171656
  -0.0217477     0.125156   0.00713968   0.00129664
-0.000669286   0.00713968     0.156446    0.0198656
    0.171656   0.00129664    0.0198656     0.221527
IMAGINARY
          0 -0.00921371  0.00118759 -0.00215249
 0.00921371           0 -0.00988807   -0.014736
-0.00118759  0.00988807           0 -0.00046371
 0.00215249    0.014736  0.00046371           0
EndNode2[0]<--->HoM1[0]
REAL
   0.531034   0.0167788  -0.0139908    0.263927
  0.0167788    0.103448  -0.0177539   0.0190928
 -0.0139908  -0.0177539   0.0910345 -0.00529917
   0.263927   0.0190928 -0.00529917    0.274483
IMAGINARY
          0  0.00882566 -0.00966251  0.00196147
-0.00882566           0   0.0142512  -0.0185684
 0.00966251  -0.0142512           0  -0.0081983
-0.00196147   0.0185684   0.0081983           0
Repeater1[0]<--->EndNode1[0]
REAL
    0.496871 -0.000669286   -0.0217477     0.171656
-0.000669286     0.156446   0.00713968    0.0198656
  -0.0217477   0.00713968     0.125156   0.00129664
    0.171656    0.0198656   0.00129664     0.221527
IMAGINARY
          0  0.00118759 -0.00921371 -0.00215249
-0.00118759           0  0.00988807 -0.00046371
 0.00921371 -0.00988807           0   -0.014736
 0.00215249  0.00046371    0.014736           0
Repeater1[0]<--->HoM1[0]
REAL
   0.531034  -0.0139908   0.0167788    0.263927
 -0.0139908   0.0910345  -0.0177539 -0.00529917
  0.0167788  -0.0177539    0.103448   0.0190928
   0.263927 -0.00529917   0.0190928    0.274483
IMAGINARY
          0 -0.00966251  0.00882566  0.00196147
 0.00966251           0  -0.0142512  -0.0081983
-0.00882566   0.0142512           0  -0.0185684
-0.00196147   0.0081983   0.0185684           0
EndNode1[0]<--->Repeater1[0]
REAL
   0.480355   0.0146733 -0.00912391    0.165892
  0.0146733    0.144487    0.019897  -0.0110847
-0.00912391    0.019897    0.166033 -0.00228737
   0.165892  -0.0110847 -0.00228737    0.209125
IMAGINARY
          0   0.0151379 -0.00909466  0.00286024
 -0.0151379           0  -0.0170403 -0.00124126
 0.00909466   0.0170403           0   0.0107019
-0.00286024  0.00124126  -0.0107019           0
EndNode2[0]<--->HoM1[0]
REAL
   0.493064 -0.00394473  -0.0124546    0.283901
-0.00394473   0.0970996  0.00382308 -0.00544822
 -0.0124546  0.00382308    0.110971  -0.0139581
   0.283901 -0.00544822  -0.0139581    0.298865
IMAGINARY
           0    0.0198747  -0.00938838   -0.0105267
  -0.0198747            0  0.000923654  -0.00807604
  0.00938838 -0.000923654            0    0.0027644
   0.0105267   0.00807604   -0.0027644            0
Repeater1[0]<--->EndNode1[0]
REAL
   0.480355 -0.00912391   0.0146733    0.165892
-0.00912391    0.166033    0.019897 -0.00228737
  0.0146733    0.019897    0.144487  -0.0110847
   0.165892 -0.00228737  -0.0110847    0.209125
IMAGINARY
          0 -0.00909466   0.0151379  0.00286024
 0.00909466           0   0.0170403   0.0107019
 -0.0151379  -0.0170403           0 -0.00124126
-0.00286024  -0.0107019  0.00124126           0
Repeater1[0]<--->HoM1[0]
REAL
   0.493064  -0.0124546 -0.00394473    0.283901
 -0.0124546    0.110971  0.00382308  -0.0139581
-0.00394473  0.00382308   0.0970996 -0.00544822
   0.283901  -0.0139581 -0.00544822    0.298865
IMAGINARY
           0  -0.00938838    0.0198747   -0.0105267
  0.00938838            0 -0.000923654    0.0027644
  -0.0198747  0.000923654            0  -0.00807604
   0.0105267   -0.0027644   0.00807604            0
EndNode1[0]<--->Repeater1[0]
REAL
   0.516981  0.00473723  0.00573574    0.165852
 0.00473723    0.139623 -0.00545057 -0.00197634
 0.00573574 -0.00545057    0.137107  0.00278156
   0.165852 -0.00197634  0.00278156    0.206289
IMAGINARY
          0 -0.00697165  0.00505518   0.0144243
 0.00697165           0  -0.0150645   0.0145403
-0.00505518   0.0150645           0  0.00760376
 -0.0144243  -0.0145403 -0.00760376           0
EndNode2[0]<--->HoM1[0]
REAL
    0.47541 -0.00093089   0.0187198       0.265
-0.00093089    0.110971 -0.00029375  0.00443411
  0.0187198 -0.00029375     0.10971  0.00155667
      0.265  0.00443411  0.00155667    0.303909
IMAGINARY
           0   -0.0105078    0.0172057 -0.000970246
   0.0105078            0  0.000970246   0.00339355
  -0.0172057 -0.000970246            0 -0.000103909
 0.000970246  -0.00339355  0.000103909            0
Repeater1[0]<--->EndNode1[0]
REAL
   0.516981  0.00573574  0.00473723    0.165852
 0.00573574    0.137107 -0.00545057  0.00278156
 0.00473723 -0.00545057    0.139623 -0.00197634
   0.165852  0.00278156 -0.00197634    0.206289
IMAGINARY
          0  0.00505518 -0.00697165   0.0144243
-0.00505518           0   0.0150645  0.00760376
 0.00697165  -0.0150645           0   0.0145403
 -0.0144243 -0.00760376  -0.0145403           0
Repeater1[0]<--->HoM1[0]
REAL
    0.47541   0.0187198 -0.00093089       0.265
  0.0187198     0.10971 -0.00029375  0.00155667
-0.00093089 -0.00029375    0.110971  0.00443411
      0.265  0.00155667  0.00443411    0.303909
IMAGINARY
           0    0.0172057   -0.0105078 -0.000970246
  -0.0172057            0 -0.000970246 -0.000103909
   0.0105078  0.000970246            0   0.00339355
 0.000970246  0.000103909  -0.00339355            0
EndNode1[0]<--->Repeater1[0]
REAL
  0.503243 -0.0164655 0.00673709   0.157173
-0.0164655    0.14786 -0.0215903 0.00982733
0.00673709 -0.0215903   0.153048  0.0268949
  0.157173 0.00982733  0.0268949    0.19585
IMAGINARY
          0 -0.00385649   0.0105771   0.0100884
 0.00385649           0 -0.00561841  0.00555195
 -0.0105771  0.00561841           0  -0.0243693
 -0.0100884 -0.00555195   0.0243693           0
EndNode2[0]<--->HoM1[0]
REAL
   0.448928  -0.0120304  -0.0129076    0.281029
 -0.0120304    0.118537  0.00645483   -0.019035
 -0.0129076  0.00645483    0.104666 -0.00296306
   0.281029   -0.019035 -0.00296306    0.327869
IMAGINARY
          0  -0.0123105   0.0323126   0.0193428
  0.0123105           0  0.00990887  0.00503991
 -0.0323126 -0.00990887           0 -0.00407221
 -0.0193428 -0.00503991  0.00407221           0
Repeater1[0]<--->EndNode1[0]
REAL
  0.503243 0.00673709 -0.0164655   0.157173
0.00673709   0.153048 -0.0215903  0.0268949
-0.0164655 -0.0215903    0.14786 0.00982733
  0.157173  0.0268949 0.00982733    0.19585
IMAGINARY
          0   0.0105771 -0.00385649   0.0100884
 -0.0105771           0  0.00561841  -0.0243693
 0.00385649 -0.00561841           0  0.00555195
 -0.0100884   0.0243693 -0.00555195           0
Repeater1[0]<--->HoM1[0]
REAL
   0.448928  -0.0129076  -0.0120304    0.281029
 -0.0129076    0.104666  0.00645483 -0.00296306
 -0.0120304  0.00645483    0.118537   -0.019035
   0.281029 -0.00296306   -0.019035    0.327869
IMAGINARY
          0   0.0323126  -0.0123105   0.0193428
 -0.0323126           0 -0.00990887 -0.00407221
  0.0123105  0.00990887           0  0.00503991
 -0.0193428  0.00407221 -0.00503991           0
EndNode1[0]<--->Repeater1[0]
REAL
    0.519789    -0.012963 -0.000145099     0.139774
   -0.012963     0.154354    0.0108432  -0.00479317
-0.000145099    0.0108432     0.143799    -0.012963
    0.139774  -0.00479317    -0.012963     0.182058
IMAGINARY
          0  0.00237814 -0.00703282  0.00974843
-0.00237814           0 -0.00974843   -0.003659
 0.00703282  0.00974843           0 -0.00803852
-0.00974843    0.003659  0.00803852           0
EndNode2[0]<--->HoM1[0]
REAL
   0.481108  -0.0265874  0.00395665    0.257721
 -0.0265874    0.127204 -0.00254414  -0.0106558
 0.00395665 -0.00254414   0.0906801    0.011362
   0.257721  -0.0106558    0.011362    0.301008
IMAGINARY
          0  -0.0032297  0.00278766 -0.00958141
  0.0032297           0   0.0187437   0.0177421
-0.00278766  -0.0187437           0  -0.0186246
 0.00958141  -0.0177421   0.0186246           0
Repeater1[0]<--->EndNode1[0]
REAL
    0.519789 -0.000145099    -0.012963     0.139774
-0.000145099     0.143799    0.0108432    -0.012963
   -0.012963    0.0108432     0.154354  -0.00479317
    0.139774    -0.012963  -0.00479317     0.182058
IMAGINARY
          0 -0.00703282  0.00237814  0.00974843
 0.00703282           0  0.00974843 -0.00803852
-0.00237814 -0.00974843           0   -0.003659
-0.00974843  0.00803852    0.003659           0
Repeater1[0]<--->HoM1[0]
REAL
   0.481108  0.00395665  -0.0265874    0.257721
 0.00395665   0.0906801 -0.00254414    0.011362
 -0.0265874 -0.00254414    0.127204  -0.0106558
   0.257721    0.011362  -0.0106558    0.301008
IMAGINARY
          0  0.00278766  -0.0032297 -0.00958141
-0.00278766           0  -0.0187437  -0.0186246
  0.0032297   0.0187437           0   0.0177421
 0.00958141   0.0186246  -0.0177421           0
EndNode1[0]<--->Repeater1[0]
REAL
  0.539765  0.0083484 -0.0090545   0.167484
 0.0083484   0.131682  0.0133961 -0.0108905
-0.0090545  0.0133961   0.159061  0.0102211
  0.167484 -0.0108905  0.0102211   0.169492
IMAGINARY
          0  0.00337259  -0.0183445  -0.0127584
-0.00337259           0  0.00660076  0.00262121
  0.0183445 -0.00660076           0   0.0161243
  0.0127584 -0.00262121  -0.0161243           0
EndNode2[0]<--->HoM1[0]
REAL
   0.517808  -0.0452272 -0.00472202    0.262597
 -0.0452272    0.090411  0.00600951  -0.0176055
-0.00472202  0.00600951    0.110959 -0.00281072
   0.262597  -0.0176055 -0.00281072    0.280822
IMAGINARY
           0   0.00821457   -0.0122001  0.000321709
 -0.00821457            0    0.0259941  -0.00599316
   0.0122001   -0.0259941            0    0.0124881
-0.000321709   0.00599316   -0.0124881            0
Repeater1[0]<--->EndNode1[0]
REAL
  0.539765 -0.0090545  0.0083484   0.167484
-0.0090545   0.159061  0.0133961  0.0102211
 0.0083484  0.0133961   0.131682 -0.0108905
  0.167484  0.0102211 -0.0108905   0.169492
IMAGINARY
          0  -0.0183445  0.00337259  -0.0127584
  0.0183445           0 -0.00660076   0.0161243
-0.00337259  0.00660076           0  0.00262121
  0.0127584  -0.0161243 -0.00262121           0
Repeater1[0]<--->HoM1[0]
REAL
   0.517808 -0.00472202  -0.0452272    0.262597
-0.00472202    0.110959  0.00600951 -0.00281072
 -0.0452272  0.00600951    0.090411  -0.0176055
   0.262597 -0.00281072  -0.0176055    0.280822
IMAGINARY
           0   -0.0122001   0.00821457  0.000321709
   0.0122001            0   -0.0259941    0.0124881
 -0.00821457    0.0259941            0  -0.00599316
-0.000321709   -0.0124881   0.00599316            0
EndNode1[0]<--->Repeater1[0]
REAL
    0.489333 -0.000246761  -0.00856135     0.193349
-0.000246761     0.161333    0.0110108   0.00583656
 -0.00856135    0.0110108     0.161333    0.0125083
    0.193349   0.00583656    0.0125083        0.188
IMAGINARY
          0   -0.014821 -0.00472061  -0.0119269
   0.014821           0  -0.0022182   0.0167918
 0.00472061   0.0022182           0   0.0179976
  0.0119269  -0.0167918  -0.0179976           0
EndNode2[0]<--->HoM1[0]
REAL
   0.472727  -0.0101217 -0.00144515    0.271406
 -0.0101217    0.114286  0.00547597  -0.0227484
-0.00144515  0.00547597    0.111688  0.00743355
   0.271406  -0.0227484  0.00743355    0.301299
IMAGINARY
           0  -0.00300998   -0.0125442  0.000753247
  0.00300998            0  -0.00724675  -0.00891224
   0.0125442   0.00724675            0    0.0218656
-0.000753247   0.00891224   -0.0218656            0
Repeater1[0]<--->EndNode1[0]
REAL
    0.489333  -0.00856135 -0.000246761     0.193349
 -0.00856135     0.161333    0.0110108    0.0125083
-0.000246761    0.0110108     0.161333   0.00583656
    0.193349    0.0125083   0.00583656        0.188
IMAGINARY
          0 -0.00472061   -0.014821  -0.0119269
 0.00472061           0   0.0022182   0.0179976
   0.014821  -0.0022182           0   0.0167918
  0.0119269  -0.0179976  -0.0167918           0
Repeater1[0]<--->HoM1[0]
REAL
   0.472727 -0.00144515  -0.0101217    0.271406
-0.00144515    0.111688  0.00547597  0.00743355
 -0.0101217  0.00547597    0.114286  -0.0227484
   0.271406  0.00743355  -0.0227484    0.301299
IMAGINARY
           0   -0.0125442  -0.00300998  0.000753247
   0.0125442            0   0.00724675    0.0218656
  0.00300998  -0.00724675            0  -0.00891224
-0.000753247   -0.0218656   0.00891224            0
EndNode1[0]<--->Repeater1[0]
REAL
   0.52474 -0.0107466 0.00771042   0.160359
-0.0107466   0.128906 -0.0187554 -0.0189886
0.00771042 -0.0187554   0.148438   0.014506
  0.160359 -0.0189886   0.014506   0.197917
IMAGINARY
          0   0.0165994  -0.0128866 -0.00988503
 -0.0165994           0    0.025648  -0.0071687
  0.0128866   -0.025648           0   0.0172872
 0.00988503   0.0071687  -0.0172872           0
EndNode2[0]<--->HoM1[0]
REAL
    0.471483   0.00129029   0.00996847     0.259093
  0.00129029     0.095057  -0.00330901 -0.000971041
  0.00996847  -0.00330901     0.117871   0.00513644
    0.259093 -0.000971041   0.00513644     0.315589
IMAGINARY
           0    0.0145995  -0.00393712   0.00622554
  -0.0145995            0   -0.0166422  2.06673e-05
  0.00393712    0.0166422            0 -0.000239198
 -0.00622554 -2.06673e-05  0.000239198            0
Repeater1[0]<--->EndNode1[0]
REAL
   0.52474 0.00771042 -0.0107466   0.160359
0.00771042   0.148438 -0.0187554   0.014506
-0.0107466 -0.0187554   0.128906 -0.0189886
  0.160359   0.014506 -0.0189886   0.197917
IMAGINARY
          0  -0.0128866   0.0165994 -0.00988503
  0.0128866           0   -0.025648   0.0172872
 -0.0165994    0.025648           0  -0.0071687
 0.00988503  -0.0172872   0.0071687           0
Repeater1[0]<--->HoM1[0]
REAL
    0.471483   0.00996847   0.00129029     0.259093
  0.00996847     0.117871  -0.00330901   0.00513644
  0.00129029  -0.00330901     0.095057 -0.000971041
    0.259093   0.00513644 -0.000971041     0.315589
IMAGINARY
           0  -0.00393712    0.0145995   0.00622554
  0.00393712            0    0.0166422 -0.000239198
  -0.0145995   -0.0166422            0  2.06673e-05
 -0.00622554  0.000239198 -2.06673e-05            0
EndNode1[0]<--->Repeater1[0]
REAL
    0.541507    0.0159502    0.0170954     0.161373
   0.0159502       0.1341     0.016292 -0.000597927
   0.0170954     0.016292     0.158365   -0.0172193
    0.161373 -0.000597927   -0.0172193     0.166028
IMAGINARY
           0   0.00409132 -0.000514411  -0.00376621
 -0.00409132            0   -0.0125381  -0.00508957
 0.000514411    0.0125381            0   0.00275799
  0.00376621   0.00508957  -0.00275799            0
EndNode2[0]<--->HoM1[0]
REAL
    0.495495  -0.00957802 -0.000263559     0.286025
 -0.00957802     0.108108    0.0074924      0.01647
-0.000263559    0.0074924     0.101673   -0.0102299
    0.286025      0.01647   -0.0102299     0.294723
IMAGINARY
          0  0.00401291 -0.00285273   0.0244461
-0.00401291           0 -0.00408987  0.00828751
 0.00285273  0.00408987           0   -0.008089
 -0.0244461 -0.00828751    0.008089           0
Repeater1[0]<--->EndNode1[0]
REAL
    0.541507    0.0170954    0.0159502     0.161373
   0.0170954     0.158365     0.016292   -0.0172193
   0.0159502     0.016292       0.1341 -0.000597927
    0.161373   -0.0172193 -0.000597927     0.166028
IMAGINARY
           0 -0.000514411   0.00409132  -0.00376621
 0.000514411            0    0.0125381   0.00275799
 -0.00409132   -0.0125381            0  -0.00508957
  0.00376621  -0.00275799   0.00508957            0
Repeater1[0]<--->HoM1[0]
REAL
    0.495495 -0.000263559  -0.00957802     0.286025
-0.000263559     0.101673    0.0074924   -0.0102299
 -0.00957802    0.0074924     0.108108      0.01647
    0.286025   -0.0102299      0.01647     0.294723
IMAGINARY
          0 -0.00285273  0.00401291   0.0244461
 0.00285273           0  0.00408987   -0.008089
-0.00401291 -0.00408987           0  0.00828751
 -0.0244461    0.008089 -0.00828751           0
EndNode1[0]<--->Repeater1[0]
REAL
  0.509309  0.0160832   0.013936   0.177966
 0.0160832   0.121011 -0.0103946 0.00302461
  0.013936 -0.0103946    0.12367  0.0130892
  0.177966 0.00302461  0.0130892   0.246011
IMAGINARY
          0  0.00491154 -0.00996044 -0.00417665
-0.00491154           0  -0.0211152  -0.0119419
 0.00996044   0.0211152           0    0.010733
 0.00417665   0.0119419   -0.010733           0
EndNode2[0]<--->HoM1[0]
REAL
   0.508519  -0.0113395 -0.00457628    0.274036
 -0.0113395     0.10616  0.00403567  -0.0277883
-0.00457628  0.00403567    0.100917 0.000110924
   0.274036  -0.0277883 0.000110924    0.284404
IMAGINARY
          0 -0.00736229   0.0145331  -0.0068369
 0.00736229           0  -0.0265821 -0.00828308
 -0.0145331   0.0265821           0  0.00111229
  0.0068369  0.00828308 -0.00111229           0
Repeater1[0]<--->EndNode1[0]
REAL
  0.509309   0.013936  0.0160832   0.177966
  0.013936    0.12367 -0.0103946  0.0130892
 0.0160832 -0.0103946   0.121011 0.00302461
  0.177966  0.0130892 0.00302461   0.246011
IMAGINARY
          0 -0.00996044  0.00491154 -0.00417665
 0.00996044           0   0.0211152    0.010733
-0.00491154  -0.0211152           0  -0.0119419
 0.00417665   -0.010733   0.0119419           0
Repeater1[0]<--->HoM1[0]
REAL
   0.508519 -0.00457628  -0.0113395    0.274036
-0.00457628    0.100917  0.00403567 0.000110924
 -0.0113395  0.00403567     0.10616  -0.0277883
   0.274036 0.000110924  -0.0277883    0.284404
IMAGINARY
          0   0.0145331 -0.00736229  -0.0068369
 -0.0145331           0   0.0265821  0.00111229
 0.00736229  -0.0265821           0 -0.00828308
  0.0068369 -0.00111229  0.00828308           0
EndNode1[0]<--->Repeater1[0]
REAL
   0.535576   0.0059627 -0.00493045    0.170787
  0.0059627    0.124191  -0.0167897 -0.00227793
-0.00493045  -0.0167897    0.165589  -0.0105499
   0.170787 -0.00227793  -0.0105499    0.174644
IMAGINARY
          0   0.0157294  0.00688674   -0.020772
 -0.0157294           0   0.0158459 -0.00750175
-0.00688674  -0.0158459           0    0.021786
   0.020772  0.00750175   -0.021786           0
EndNode2[0]<--->HoM1[0]
REAL
   0.481732   0.0147602   0.0122476    0.278319
  0.0147602    0.121786 -0.00711112 -0.00839155
  0.0122476 -0.00711112   0.0947226  -0.0160455
   0.278319 -0.00839155  -0.0160455    0.301759
IMAGINARY
           0 -0.000362064   -0.0127345    0.0110789
 0.000362064            0  -0.00407257    0.0173702
   0.0127345   0.00407257            0  -0.00162469
  -0.0110789   -0.0173702   0.00162469            0
Repeater1[0]<--->EndNode1[0]
REAL
   0.535576 -0.00493045   0.0059627    0.170787
-0.00493045    0.165589  -0.0167897  -0.0105499
  0.0059627  -0.0167897    0.124191 -0.00227793
   0.170787  -0.0105499 -0.00227793    0.174644
IMAGINARY
          0  0.00688674   0.0157294   -0.020772
-0.00688674           0  -0.0158459    0.021786
 -0.0157294   0.0158459           0 -0.00750175
   0.020772   -0.021786  0.00750175           0
Repeater1[0]<--->HoM1[0]
REAL
   0.481732   0.0122476   0.0147602    0.278319
  0.0122476   0.0947226 -0.00711112  -0.0160455
  0.0147602 -0.00711112    0.121786 -0.00839155
   0.278319  -0.0160455 -0.00839155    0.301759
IMAGINARY
           0   -0.0127345 -0.000362064    0.0110789
   0.0127345            0   0.00407257  -0.00162469
 0.000362064  -0.00407257            0    0.0173702
  -0.0110789   0.00162469   -0.0173702            0
EndNode1[0]<--->Repeater1[0]
REAL
  0.506702 -0.0171878 0.00777567   0.170629
-0.0171878   0.124665 -0.0268941  0.0143374
0.00777567 -0.0268941   0.163539 0.00244575
  0.170629  0.0143374 0.00244575   0.205094
IMAGINARY
          0   -0.027129  0.00388224  0.00401684
   0.027129           0  0.00790285    0.030668
-0.00388224 -0.00790285           0   0.0056166
-0.00401684   -0.030668  -0.0056166           0
EndNode2[0]<--->HoM1[0]
REAL
   0.488432   0.0207471  0.00989364    0.267362
  0.0207471    0.092545   0.0114463 -0.00525788
 0.00989364   0.0114463    0.107969   0.0117032
   0.267362 -0.00525788   0.0117032    0.311054
IMAGINARY
          0  0.00521185   0.0057952 -0.00413667
-0.00521185           0   0.0161165  -0.0138898
 -0.0057952  -0.0161165           0   0.0128454
 0.00413667   0.0138898  -0.0128454           0
Repeater1[0]<--->EndNode1[0]
REAL
  0.506702 0.00777567 -0.0171878   0.170629
0.00777567   0.163539 -0.0268941 0.00244575
-0.0171878 -0.0268941   0.124665  0.0143374
  0.170629 0.00244575  0.0143374   0.205094
IMAGINARY
          0  0.00388224   -0.027129  0.00401684
-0.00388224           0 -0.00790285   0.0056166
   0.027129  0.00790285           0    0.030668
-0.00401684  -0.0056166   -0.030668           0
Repeater1[0]<--->HoM1[0]
REAL
   0.488432  0.00989364   0.0207471    0.267362
 0.00989364    0.107969   0.0114463   0.0117032
  0.0207471   0.0114463    0.092545 -0.00525788
   0.267362   0.0117032 -0.00525788    0.311054
IMAGINARY
          0   0.0057952  0.00521185 -0.00413667
 -0.0057952           0  -0.0161165   0.0128454
-0.00521185   0.0161165           0  -0.0138898
 0.00413667  -0.0128454   0.0138898           0
EndNode1[0]<--->Repeater1[0]
REAL
   0.531995   0.0316401 -0.00455718    0.170274
  0.0316401    0.111669  0.00533243  0.00519575
-0.00455718  0.00533243    0.166876  0.00475837
   0.170274  0.00519575  0.00475837     0.18946
IMAGINARY
          0  0.00186025   0.0138996   -0.024607
-0.00186025           0  -0.0376618  -0.0210147
 -0.0138996   0.0376618           0   0.0168978
   0.024607   0.0210147  -0.0168978           0
EndNode2[0]<--->HoM1[0]
REAL
   0.48366  0.0104863 -0.0142308   0.262192
 0.0104863   0.104575  0.0226635 0.00701923
-0.0142308  0.0226635  0.0993464  0.0051387
  0.262192 0.00701923  0.0051387   0.312418
IMAGINARY
           0  -0.00131758  -0.00723151   0.00500228
  0.00131758            0  -0.00886826  -0.00847529
  0.00723151   0.00886826            0  8.67971e-06
 -0.00500228   0.00847529 -8.67971e-06            0
Repeater1[0]<--->EndNode1[0]
REAL
   0.531995 -0.00455718   0.0316401    0.170274
-0.00455718    0.166876  0.00533243  0.00475837
  0.0316401  0.00533243    0.111669  0.00519575
   0.170274  0.00475837  0.00519575     0.18946
IMAGINARY
          0   0.0138996  0.00186025   -0.024607
 -0.0138996           0   0.0376618   0.0168978
-0.00186025  -0.0376618           0  -0.0210147
   0.024607  -0.0168978   0.0210147           0
Repeater1[0]<--->HoM1[0]
REAL
   0.48366 -0.0142308  0.0104863   0.262192
-0.0142308  0.0993464  0.0226635  0.0051387
 0.0104863  0.0226635   0.104575 0.00701923
  0.262192  0.0051387 0.00701923   0.312418
IMAGINARY
           0  -0.00723151  -0.00131758   0.00500228
  0.00723151            0   0.00886826  8.67971e-06
  0.00131758  -0.00886826            0  -0.00847529
 -0.00500228 -8.67971e-06   0.00847529            0
EndNode1[0]<--->Repeater1[0]
REAL
   0.473548   0.0077984  0.00932941    0.189265
  0.0077984    0.157419  -0.0192776 -0.00372542
 0.00932941  -0.0192776    0.157419  0.00652289
   0.189265 -0.00372542  0.00652289    0.211613
IMAGINARY
           0  0.000110259   -0.0108583  -0.00347246
-0.000110259            0    0.0253234   0.00960204
   0.0108583   -0.0253234            0   -0.0038791
  0.00347246  -0.00960204    0.0038791            0
EndNode2[0]<--->HoM1[0]
REAL
       0.472    0.0149256 -0.000541553     0.285236
   0.0149256     0.122667   -0.0240974   -0.0155476
-0.000541553   -0.0240974     0.105333  -0.00502457
    0.285236   -0.0155476  -0.00502457          0.3
IMAGINARY
          0   0.0276955  -0.0366422  -0.0100134
 -0.0276955           0  0.00810742   0.0046422
  0.0366422 -0.00810742           0  -0.0103622
  0.0100134  -0.0046422   0.0103622           0
Repeater1[0]<--->EndNode1[0]
REAL
   0.473548  0.00932941   0.0077984    0.189265
 0.00932941    0.157419  -0.0192776  0.00652289
  0.0077984  -0.0192776    0.157419 -0.00372542
   0.189265  0.00652289 -0.00372542    0.211613
IMAGINARY
           0   -0.0108583  0.000110259  -0.00347246
   0.0108583            0   -0.0253234   -0.0038791
-0.000110259    0.0253234            0   0.00960204
  0.00347246    0.0038791  -0.00960204            0
Repeater1[0]<--->HoM1[0]
REAL
       0.472 -0.000541553    0.0149256     0.285236
-0.000541553     0.105333   -0.0240974  -0.00502457
   0.0149256   -0.0240974     0.122667   -0.0155476
    0.285236  -0.00502457   -0.0155476          0.3
IMAGINARY
          0  -0.0366422   0.0276955  -0.0100134
  0.0366422           0 -0.00810742  -0.0103622
 -0.0276955  0.00810742           0   0.0046422
  0.0100134   0.0103622  -0.0046422           0
EndNode1[0]<--->Repeater1[0]
REAL
   0.493029   0.0146121 -0.00139701    0.161887
  0.0146121    0.154626 -0.00256049  0.00787369
-0.00139701 -0.00256049    0.143219   0.0268386
   0.161887  0.00787369   0.0268386    0.209125
IMAGINARY
          0 -0.00988721   0.0077814   0.0170466
 0.00988721           0 -0.00652028  -0.0111103
 -0.0077814  0.00652028           0  0.00256364
 -0.0170466   0.0111103 -0.00256364           0
EndNode2[0]<--->HoM1[0]
REAL
   0.496807 -0.00433865  0.00162738    0.270485
-0.00433865    0.104725  0.00483943  -0.0107183
 0.00162738  0.00483943   0.0996169  -0.0164406
   0.270485  -0.0107183  -0.0164406    0.298851
IMAGINARY
          0   0.0158859  0.00379979   0.0174042
 -0.0158859           0  -0.0111853 -0.00180245
-0.00379979   0.0111853           0  -0.0205463
 -0.0174042  0.00180245   0.0205463           0
Repeater1[0]<--->EndNode1[0]
REAL
   0.493029 -0.00139701   0.0146121    0.161887
-0.00139701    0.143219 -0.00256049   0.0268386
  0.0146121 -0.00256049    0.154626  0.00787369
   0.161887   0.0268386  0.00787369    0.209125
IMAGINARY
          0   0.0077814 -0.00988721   0.0170466
 -0.0077814           0  0.00652028  0.00256364
 0.00988721 -0.00652028           0  -0.0111103
 -0.0170466 -0.00256364   0.0111103           0
Repeater1[0]<--->HoM1[0]
REAL
   0.496807  0.00162738 -0.00433865    0.270485
 0.00162738   0.0996169  0.00483943  -0.0164406
-0.00433865  0.00483943    0.104725  -0.0107183
   0.270485  -0.0164406  -0.0107183    0.298851
IMAGINARY
          0  0.00379979   0.0158859   0.0174042
-0.00379979           0   0.0111853  -0.0205463
 -0.0158859  -0.0111853           0 -0.00180245
 -0.0174042   0.0205463  0.00180245           0
EndNode1[0]<--->Repeater1[0]
REAL
   0.482544  -0.0188091  -0.0133367    0.162132
 -0.0188091    0.143392 -0.00321721 -0.00216718
 -0.0133367 -0.00321721    0.149626   0.0136412
   0.162132 -0.00216718   0.0136412    0.224439
IMAGINARY
           0  8.53318e-05  -0.00103577    0.0117491
-8.53318e-05            0   -0.0258156    0.0056471
  0.00103577    0.0258156            0   -0.0284121
  -0.0117491   -0.0056471    0.0284121            0
EndNode2[0]<--->HoM1[0]
REAL
   0.462799  0.00303733  -0.0198182    0.278185
 0.00303733    0.102144   0.0161596 0.000538014
 -0.0198182   0.0161596    0.112232  -0.0120348
   0.278185 0.000538014  -0.0120348    0.322825
IMAGINARY
          0   0.0108307  0.00586705  -0.0266955
 -0.0108307           0    0.018759  -0.0033354
-0.00586705   -0.018759           0 -0.00323578
  0.0266955   0.0033354  0.00323578           0
Repeater1[0]<--->EndNode1[0]
REAL
   0.482544  -0.0133367  -0.0188091    0.162132
 -0.0133367    0.149626 -0.00321721   0.0136412
 -0.0188091 -0.00321721    0.143392 -0.00216718
   0.162132   0.0136412 -0.00216718    0.224439
IMAGINARY
           0  -0.00103577  8.53318e-05    0.0117491
  0.00103577            0    0.0258156   -0.0284121
-8.53318e-05   -0.0258156            0    0.0056471
  -0.0117491    0.0284121   -0.0056471            0
Repeater1[0]<--->HoM1[0]
REAL
   0.462799  -0.0198182  0.00303733    0.278185
 -0.0198182    0.112232   0.0161596  -0.0120348
 0.00303733   0.0161596    0.102144 0.000538014
   0.278185  -0.0120348 0.000538014    0.322825
IMAGINARY
          0  0.00586705   0.0108307  -0.0266955
-0.00586705           0   -0.018759 -0.00323578
 -0.0108307    0.018759           0  -0.0033354
  0.0266955  0.00323578   0.0033354           0
EndNode1[0]<--->Repeater1[0]
REAL
  0.543194  0.0133041 -0.0107512   0.170982
 0.0133041   0.117801  0.0190686 -0.0134835
-0.0107512  0.0190686   0.158377 -0.0107531
  0.170982 -0.0134835 -0.0107531   0.180628
IMAGINARY
          0  -0.0165931  0.00305878  -0.0108281
  0.0165931           0 -0.00650179  -0.0138243
-0.00305878  0.00650179           0   0.0118084
  0.0108281   0.0138243  -0.0118084           0
EndNode2[0]<--->HoM1[0]
REAL
   0.501323 -0.00727203  0.00699795    0.283422
-0.00727203   0.0925926  0.00812682  -0.0224909
 0.00699795  0.00812682    0.103175 -0.00540403
   0.283422  -0.0224909 -0.00540403     0.30291
IMAGINARY
           0   -0.0127495  -0.00194189 -8.05585e-05
   0.0127495            0   -0.0051826   0.00916922
  0.00194189    0.0051826            0    0.0252331
 8.05585e-05  -0.00916922   -0.0252331            0
Repeater1[0]<--->EndNode1[0]
REAL
  0.543194 -0.0107512  0.0133041   0.170982
-0.0107512   0.158377  0.0190686 -0.0107531
 0.0133041  0.0190686   0.117801 -0.0134835
  0.170982 -0.0107531 -0.0134835   0.180628
IMAGINARY
          0  0.00305878  -0.0165931  -0.0108281
-0.00305878           0  0.00650179   0.0118084
  0.0165931 -0.00650179           0  -0.0138243
  0.0108281  -0.0118084   0.0138243           0
Repeater1[0]<--->HoM1[0]
REAL
   0.501323  0.00699795 -0.00727203    0.283422
 0.00699795    0.103175  0.00812682 -0.00540403
-0.00727203  0.00812682   0.0925926  -0.0224909
   0.283422 -0.00540403  -0.0224909     0.30291
IMAGINARY
           0  -0.00194189   -0.0127495 -8.05585e-05
  0.00194189            0    0.0051826    0.0252331
   0.0127495   -0.0051826            0   0.00916922
 8.05585e-05   -0.0252331  -0.00916922            0
EndNode1[0]<--->Repeater1[0]
REAL
   0.519841  -0.0015948  0.00808251    0.190448
 -0.0015948    0.130952  -0.0033553 -0.00743062
 0.00808251  -0.0033553    0.165344 -0.00296843
   0.190448 -0.00743062 -0.00296843    0.183862
IMAGINARY
          0 -0.00738032  -0.0186934 -0.00804716
 0.00738032           0    0.017577   0.0107955
  0.0186934   -0.017577           0 -0.00416282
 0.00804716  -0.0107955  0.00416282           0
EndNode2[0]<--->HoM1[0]
REAL
   0.504831 -0.00652098 -0.00581312    0.258927
-0.00652098    0.111111  0.00213511   0.0178232
-0.00581312  0.00213511   0.0978261  -0.0206598
   0.258927   0.0178232  -0.0206598    0.286232
IMAGINARY
          0   0.0213429 -0.00931419 -0.00705315
 -0.0213429           0   0.0117136  -0.0133249
 0.00931419  -0.0117136           0   -0.016815
 0.00705315   0.0133249    0.016815           0
Repeater1[0]<--->EndNode1[0]
REAL
   0.519841  0.00808251  -0.0015948    0.190448
 0.00808251    0.165344  -0.0033553 -0.00296843
 -0.0015948  -0.0033553    0.130952 -0.00743062
   0.190448 -0.00296843 -0.00743062    0.183862
IMAGINARY
          0  -0.0186934 -0.00738032 -0.00804716
  0.0186934           0   -0.017577 -0.00416282
 0.00738032    0.017577           0   0.0107955
 0.00804716  0.00416282  -0.0107955           0
Repeater1[0]<--->HoM1[0]
REAL
   0.504831 -0.00581312 -0.00652098    0.258927
-0.00581312   0.0978261  0.00213511  -0.0206598
-0.00652098  0.00213511    0.111111   0.0178232
   0.258927  -0.0206598   0.0178232    0.286232
IMAGINARY
          0 -0.00931419   0.0213429 -0.00705315
 0.00931419           0  -0.0117136   -0.016815
 -0.0213429   0.0117136           0  -0.0133249
 0.00705315    0.016815   0.0133249           0
