EndNode1[0]<--->Repeater1[0]
REAL
    0.418275   0.00188452   -0.0051322     0.327477
  0.00188452    0.0913771    0.0705328   0.00388842
  -0.0051322    0.0705328     0.122265 -0.000640736
    0.327477   0.00388842 -0.000640736     0.368082
IMAGINARY
          0  -0.0237567  0.00629183 -0.00908257
  0.0237567           0  0.00400643   0.0159304
-0.00629183 -0.00400643           0  -0.0137433
 0.00908257  -0.0159304   0.0137433           0
EndNode2[0]<--->HoM1[0]
REAL
   0.379947  -0.0125238 -0.00774536    0.337551
 -0.0125238    0.124011   0.0766284 -0.00842379
-0.00774536   0.0766284    0.120053 -0.00986424
   0.337551 -0.00842379 -0.00986424    0.375989
IMAGINARY
          0 -0.00729976  0.00322038  -0.0256576
 0.00729976           0 -0.00647605  0.00648836
-0.00322038  0.00647605           0 -0.00604976
  0.0256576 -0.00648836  0.00604976           0
Repeater1[0]<--->EndNode1[0]
REAL
    0.418275   -0.0051322   0.00188452     0.327477
  -0.0051322     0.122265    0.0705328 -0.000640736
  0.00188452    0.0705328    0.0913771   0.00388842
    0.327477 -0.000640736   0.00388842     0.368082
IMAGINARY
          0  0.00629183  -0.0237567 -0.00908257
-0.00629183           0 -0.00400643  -0.0137433
  0.0237567  0.00400643           0   0.0159304
 0.00908257   0.0137433  -0.0159304           0
Repeater1[0]<--->HoM1[0]
REAL
   0.379947 -0.00774536  -0.0125238    0.337551
-0.00774536    0.120053   0.0766284 -0.00986424
 -0.0125238   0.0766284    0.124011 -0.00842379
   0.337551 -0.00986424 -0.00842379    0.375989
IMAGINARY
          0  0.00322038 -0.00729976  -0.0256576
-0.00322038           0  0.00647605 -0.00604976
 0.00729976 -0.00647605           0  0.00648836
  0.0256576  0.00604976 -0.00648836           0
EndNode1[0]<--->Repeater1[0]
REAL
   0.412596 -0.00201253  0.00886865    0.320368
-0.00201253    0.116967   0.0606779  -0.0029863
 0.00886865   0.0606779     0.11054   0.0144308
   0.320368  -0.0029863   0.0144308    0.359897
IMAGINARY
          0  -0.0158794  -0.0118175  0.00843314
  0.0158794           0  0.00906686  0.00406558
  0.0118175 -0.00906686           0   0.0003755
-0.00843314 -0.00406558  -0.0003755           0
EndNode2[0]<--->HoM1[0]
REAL
   0.400804  -0.0306943  0.00135816    0.345493
 -0.0306943     0.11126   0.0507831  -0.0199752
 0.00135816   0.0507831    0.107239 -0.00653973
   0.345493  -0.0199752 -0.00653973    0.380697
IMAGINARY
           0   -0.0190519    0.0137292  0.000352251
   0.0190519            0   0.00160853   -0.0137292
  -0.0137292  -0.00160853            0    0.0127547
-0.000352251    0.0137292   -0.0127547            0
Repeater1[0]<--->EndNode1[0]
REAL
   0.412596  0.00886865 -0.00201253    0.320368
 0.00886865     0.11054   0.0606779   0.0144308
-0.00201253   0.0606779    0.116967  -0.0029863
   0.320368   0.0144308  -0.0029863    0.359897
IMAGINARY
          0  -0.0118175  -0.0158794  0.00843314
  0.0118175           0 -0.00906686   0.0003755
  0.0158794  0.00906686           0  0.00406558
-0.00843314  -0.0003755 -0.00406558           0
Repeater1[0]<--->HoM1[0]
REAL
   0.400804  0.00135816  -0.0306943    0.345493
 0.00135816    0.107239   0.0507831 -0.00653973
 -0.0306943   0.0507831     0.11126  -0.0199752
   0.345493 -0.00653973  -0.0199752    0.380697
IMAGINARY
           0    0.0137292   -0.0190519  0.000352251
  -0.0137292            0  -0.00160853    0.0127547
   0.0190519   0.00160853            0   -0.0137292
-0.000352251   -0.0127547    0.0137292            0
EndNode1[0]<--->Repeater1[0]
REAL
   0.412615   0.0181399   0.0269123    0.312503
  0.0181399    0.114323   0.0717623 -0.00935708
  0.0269123   0.0717623    0.114323 -0.00708654
   0.312503 -0.00935708 -0.00708654    0.358739
IMAGINARY
          0 -0.00102021  -0.0173473  0.00301541
 0.00102021           0  -0.0212193   0.0218172
  0.0173473   0.0212193           0   0.0054902
-0.00301541  -0.0218172  -0.0054902           0
EndNode2[0]<--->HoM1[0]
REAL
   0.416141 -0.00819752 -0.00468892    0.343765
-0.00819752   0.0920555   0.0826472   0.0119162
-0.00468892   0.0826472    0.110971 -0.00560012
   0.343765   0.0119162 -0.00560012    0.380832
IMAGINARY
          0   0.0126675 -0.00698415 -0.00850481
 -0.0126675           0  -0.0103869  0.00761947
 0.00698415   0.0103869           0 -0.00822023
 0.00850481 -0.00761947  0.00822023           0
Repeater1[0]<--->EndNode1[0]
REAL
   0.412615   0.0269123   0.0181399    0.312503
  0.0269123    0.114323   0.0717623 -0.00708654
  0.0181399   0.0717623    0.114323 -0.00935708
   0.312503 -0.00708654 -0.00935708    0.358739
IMAGINARY
          0  -0.0173473 -0.00102021  0.00301541
  0.0173473           0   0.0212193   0.0054902
 0.00102021  -0.0212193           0   0.0218172
-0.00301541  -0.0054902  -0.0218172           0
Repeater1[0]<--->HoM1[0]
REAL
   0.416141 -0.00468892 -0.00819752    0.343765
-0.00468892    0.110971   0.0826472 -0.00560012
-0.00819752   0.0826472   0.0920555   0.0119162
   0.343765 -0.00560012   0.0119162    0.380832
IMAGINARY
          0 -0.00698415   0.0126675 -0.00850481
 0.00698415           0   0.0103869 -0.00822023
 -0.0126675  -0.0103869           0  0.00761947
 0.00850481  0.00822023 -0.00761947           0
EndNode1[0]<--->Repeater1[0]
REAL
    0.42125   0.0130008  0.00421587    0.341518
  0.0130008     0.09875   0.0523219  -0.0179773
 0.00421587   0.0523219     0.09375 -0.00710299
   0.341518  -0.0179773 -0.00710299     0.38625
IMAGINARY
           0    -0.012571 -0.000243385    0.0198985
    0.012571            0   0.00728229   0.00221967
 0.000243385  -0.00728229            0   -0.0157557
  -0.0198985  -0.00221967    0.0157557            0
EndNode2[0]<--->HoM1[0]
REAL
   0.397004 -0.00181988    0.013998    0.344277
-0.00181988    0.132335   0.0700837 -0.00675164
   0.013998   0.0700837    0.107366   0.0130188
   0.344277 -0.00675164   0.0130188    0.363296
IMAGINARY
          0  -0.0143976  0.00643903   0.0136385
  0.0143976           0  0.00046408     0.00969
-0.00643903 -0.00046408           0 -0.00917563
 -0.0136385    -0.00969  0.00917563           0
Repeater1[0]<--->EndNode1[0]
REAL
    0.42125  0.00421587   0.0130008    0.341518
 0.00421587     0.09375   0.0523219 -0.00710299
  0.0130008   0.0523219     0.09875  -0.0179773
   0.341518 -0.00710299  -0.0179773     0.38625
IMAGINARY
           0 -0.000243385    -0.012571    0.0198985
 0.000243385            0  -0.00728229   -0.0157557
    0.012571   0.00728229            0   0.00221967
  -0.0198985    0.0157557  -0.00221967            0
Repeater1[0]<--->HoM1[0]
REAL
   0.397004    0.013998 -0.00181988    0.344277
   0.013998    0.107366   0.0700837   0.0130188
-0.00181988   0.0700837    0.132335 -0.00675164
   0.344277   0.0130188 -0.00675164    0.363296
IMAGINARY
          0  0.00643903  -0.0143976   0.0136385
-0.00643903           0 -0.00046408 -0.00917563
  0.0143976  0.00046408           0     0.00969
 -0.0136385  0.00917563    -0.00969           0
EndNode1[0]<--->Repeater1[0]
REAL
   0.377953  -0.0148719  -0.0164353     0.32904
 -0.0148719    0.107612   0.0793662   0.0107891
 -0.0164353   0.0793662    0.136483 -0.00959485
    0.32904   0.0107891 -0.00959485    0.377953
IMAGINARY
           0  -0.00629126  -0.00130378   -0.0122796
  0.00629126            0     0.019286    0.0202086
  0.00130378    -0.019286            0  0.000424246
   0.0122796   -0.0202086 -0.000424246            0
EndNode2[0]<--->HoM1[0]
REAL
    0.401914   -0.0119712   0.00101045     0.349314
  -0.0119712    0.0980861    0.0781826 -0.000326452
  0.00101045    0.0781826      0.11244  -0.00239267
    0.349314 -0.000326452  -0.00239267      0.38756
IMAGINARY
          0  -0.0152263  0.00361437 -0.00485738
  0.0152263           0   0.0267083 -0.00816574
-0.00361437  -0.0267083           0  0.00417297
 0.00485738  0.00816574 -0.00417297           0
Repeater1[0]<--->EndNode1[0]
REAL
   0.377953  -0.0164353  -0.0148719     0.32904
 -0.0164353    0.136483   0.0793662 -0.00959485
 -0.0148719   0.0793662    0.107612   0.0107891
    0.32904 -0.00959485   0.0107891    0.377953
IMAGINARY
           0  -0.00130378  -0.00629126   -0.0122796
  0.00130378            0    -0.019286  0.000424246
  0.00629126     0.019286            0    0.0202086
   0.0122796 -0.000424246   -0.0202086            0
Repeater1[0]<--->HoM1[0]
REAL
    0.401914   0.00101045   -0.0119712     0.349314
  0.00101045      0.11244    0.0781826  -0.00239267
  -0.0119712    0.0781826    0.0980861 -0.000326452
    0.349314  -0.00239267 -0.000326452      0.38756
IMAGINARY
          0  0.00361437  -0.0152263 -0.00485738
-0.00361437           0  -0.0267083  0.00417297
  0.0152263   0.0267083           0 -0.00816574
 0.00485738 -0.00417297  0.00816574           0
EndNode1[0]<--->Repeater1[0]
REAL
   0.384123   0.0107628  0.00524246     0.33442
  0.0107628    0.119078   0.0620414 -0.00458716
 0.00524246   0.0620414    0.133163 -0.00617568
    0.33442 -0.00458716 -0.00617568    0.363636
IMAGINARY
          0  -0.0208034   0.0064033 -0.00563796
  0.0208034           0  -0.0209509   0.0230085
 -0.0064033   0.0209509           0 -0.00860832
 0.00563796  -0.0230085  0.00860832           0
EndNode2[0]<--->HoM1[0]
REAL
   0.402344 -0.00494087  0.00988234    0.341851
-0.00494087    0.110677    0.061588 -0.00459134
 0.00988234    0.061588    0.114583 -0.00167289
   0.341851 -0.00459134 -0.00167289    0.372396
IMAGINARY
          0  0.00158594 -0.00319641  -0.0020183
-0.00158594           0  -0.0058351 -0.00996148
 0.00319641   0.0058351           0  0.00762459
  0.0020183  0.00996148 -0.00762459           0
Repeater1[0]<--->EndNode1[0]
REAL
   0.384123  0.00524246   0.0107628     0.33442
 0.00524246    0.133163   0.0620414 -0.00617568
  0.0107628   0.0620414    0.119078 -0.00458716
    0.33442 -0.00617568 -0.00458716    0.363636
IMAGINARY
          0   0.0064033  -0.0208034 -0.00563796
 -0.0064033           0   0.0209509 -0.00860832
  0.0208034  -0.0209509           0   0.0230085
 0.00563796  0.00860832  -0.0230085           0
Repeater1[0]<--->HoM1[0]
REAL
   0.402344  0.00988234 -0.00494087    0.341851
 0.00988234    0.114583    0.061588 -0.00167289
-0.00494087    0.061588    0.110677 -0.00459134
   0.341851 -0.00167289 -0.00459134    0.372396
IMAGINARY
          0 -0.00319641  0.00158594  -0.0020183
 0.00319641           0   0.0058351  0.00762459
-0.00158594  -0.0058351           0 -0.00996148
  0.0020183 -0.00762459  0.00996148           0
EndNode1[0]<--->Repeater1[0]
REAL
    0.38177 -0.00581343    0.015051    0.327721
-0.00581343    0.128137   0.0558831  -0.0106705
   0.015051   0.0558831    0.121532  0.00143295
   0.327721  -0.0106705  0.00143295     0.36856
IMAGINARY
          0  -0.0195739   0.0219844   0.0164285
  0.0195739           0  -0.0256633  0.00474307
 -0.0219844   0.0256633           0 -0.00324225
 -0.0164285 -0.00474307  0.00324225           0
EndNode2[0]<--->HoM1[0]
REAL
   0.423659   0.0287238  0.00150822    0.332767
  0.0287238    0.101788   0.0748851   0.0301541
 0.00150822   0.0748851   0.0990371 0.000299987
   0.332767   0.0301541 0.000299987    0.375516
IMAGINARY
          0  -0.0251564  0.00662839   0.0228534
  0.0251564           0   0.0071466 -0.00599787
-0.00662839  -0.0071466           0 -0.00573893
 -0.0228534  0.00599787  0.00573893           0
Repeater1[0]<--->EndNode1[0]
REAL
    0.38177    0.015051 -0.00581343    0.327721
   0.015051    0.121532   0.0558831  0.00143295
-0.00581343   0.0558831    0.128137  -0.0106705
   0.327721  0.00143295  -0.0106705     0.36856
IMAGINARY
          0   0.0219844  -0.0195739   0.0164285
 -0.0219844           0   0.0256633 -0.00324225
  0.0195739  -0.0256633           0  0.00474307
 -0.0164285  0.00324225 -0.00474307           0
Repeater1[0]<--->HoM1[0]
REAL
   0.423659  0.00150822   0.0287238    0.332767
 0.00150822   0.0990371   0.0748851 0.000299987
  0.0287238   0.0748851    0.101788   0.0301541
   0.332767 0.000299987   0.0301541    0.375516
IMAGINARY
          0  0.00662839  -0.0251564   0.0228534
-0.00662839           0  -0.0071466 -0.00573893
  0.0251564   0.0071466           0 -0.00599787
 -0.0228534  0.00573893  0.00599787           0
EndNode1[0]<--->Repeater1[0]
REAL
  0.392421 0.00775803   0.016849   0.317304
0.00775803   0.111247  0.0593191  0.0234107
  0.016849  0.0593191   0.113692  0.0130212
  0.317304  0.0234107  0.0130212   0.382641
IMAGINARY
          0    0.016746 -0.00264413    0.018867
  -0.016746           0 -0.00787092 -0.00595538
 0.00264413  0.00787092           0 -0.00200399
  -0.018867  0.00595538  0.00200399           0
EndNode2[0]<--->HoM1[0]
REAL
   0.379135 -0.00309754  -0.0102982    0.332281
-0.00309754     0.12341   0.0819688 0.000840429
 -0.0102982   0.0819688    0.119593  -0.0189706
   0.332281 0.000840429  -0.0189706    0.377863
IMAGINARY
          0   0.0105123  -0.0109707   0.0230429
 -0.0105123           0 -0.00320708 -0.00838007
  0.0109707  0.00320708           0   0.0138323
 -0.0230429  0.00838007  -0.0138323           0
Repeater1[0]<--->EndNode1[0]
REAL
  0.392421   0.016849 0.00775803   0.317304
  0.016849   0.113692  0.0593191  0.0130212
0.00775803  0.0593191   0.111247  0.0234107
  0.317304  0.0130212  0.0234107   0.382641
IMAGINARY
          0 -0.00264413    0.016746    0.018867
 0.00264413           0  0.00787092 -0.00200399
  -0.016746 -0.00787092           0 -0.00595538
  -0.018867  0.00200399  0.00595538           0
Repeater1[0]<--->HoM1[0]
REAL
   0.379135  -0.0102982 -0.00309754    0.332281
 -0.0102982    0.119593   0.0819688  -0.0189706
-0.00309754   0.0819688     0.12341 0.000840429
   0.332281  -0.0189706 0.000840429    0.377863
IMAGINARY
          0  -0.0109707   0.0105123   0.0230429
  0.0109707           0  0.00320708   0.0138323
 -0.0105123 -0.00320708           0 -0.00838007
 -0.0230429  -0.0138323  0.00838007           0
EndNode1[0]<--->Repeater1[0]
REAL
   0.388375  0.00158176  0.00441621    0.339563
 0.00158176    0.128137   0.0609469 -0.00186519
 0.00441621   0.0609469    0.129458   0.0213774
   0.339563 -0.00186519   0.0213774    0.354029
IMAGINARY
           0   -0.0169923    0.0116747   0.00129534
   0.0169923            0  0.000650182    0.0103378
  -0.0116747 -0.000650182            0   -0.0125675
 -0.00129534   -0.0103378    0.0125675            0
EndNode2[0]<--->HoM1[0]
REAL
 0.387306 0.0165816 0.0146684  0.353702
0.0165816  0.111399 0.0659412 0.0146684
0.0146684 0.0659412  0.134715 0.0216837
 0.353702 0.0146684 0.0216837   0.36658
IMAGINARY
           0  -0.00585261   0.00565532   -0.0164732
  0.00585261            0  -0.00156804  -0.00305115
 -0.00565532   0.00156804            0 -0.000657806
   0.0164732   0.00305115  0.000657806            0
Repeater1[0]<--->EndNode1[0]
REAL
   0.388375  0.00441621  0.00158176    0.339563
 0.00441621    0.129458   0.0609469   0.0213774
 0.00158176   0.0609469    0.128137 -0.00186519
   0.339563   0.0213774 -0.00186519    0.354029
IMAGINARY
           0    0.0116747   -0.0169923   0.00129534
  -0.0116747            0 -0.000650182   -0.0125675
   0.0169923  0.000650182            0    0.0103378
 -0.00129534    0.0125675   -0.0103378            0
Repeater1[0]<--->HoM1[0]
REAL
 0.387306 0.0146684 0.0165816  0.353702
0.0146684  0.134715 0.0659412 0.0216837
0.0165816 0.0659412  0.111399 0.0146684
 0.353702 0.0216837 0.0146684   0.36658
IMAGINARY
           0   0.00565532  -0.00585261   -0.0164732
 -0.00565532            0   0.00156804 -0.000657806
  0.00585261  -0.00156804            0  -0.00305115
   0.0164732  0.000657806   0.00305115            0
EndNode1[0]<--->Repeater1[0]
REAL
    0.381885  0.000488333     0.008403     0.327414
 0.000488333     0.116279    0.0616149 -0.000206275
    0.008403    0.0616149     0.101591   0.00518632
    0.327414 -0.000206275   0.00518632     0.400245
IMAGINARY
          0 -0.00677449   0.0252474  -0.0144357
 0.00677449           0   0.0144357  -0.0085188
 -0.0252474  -0.0144357           0 -0.00871498
  0.0144357   0.0085188  0.00871498           0
EndNode2[0]<--->HoM1[0]
REAL
  0.420513 -0.0153885  0.0054354   0.338499
-0.0153885   0.110256  0.0670702 -0.0126993
 0.0054354  0.0670702   0.112821 0.00570329
  0.338499 -0.0126993 0.00570329    0.35641
IMAGINARY
         0  0.0036876  0.0130703  0.0134898
-0.0036876          0 -0.0114093  0.0258908
-0.0130703  0.0114093          0 -0.0218694
-0.0134898 -0.0258908  0.0218694          0
Repeater1[0]<--->EndNode1[0]
REAL
    0.381885     0.008403  0.000488333     0.327414
    0.008403     0.101591    0.0616149   0.00518632
 0.000488333    0.0616149     0.116279 -0.000206275
    0.327414   0.00518632 -0.000206275     0.400245
IMAGINARY
          0   0.0252474 -0.00677449  -0.0144357
 -0.0252474           0  -0.0144357 -0.00871498
 0.00677449   0.0144357           0  -0.0085188
  0.0144357  0.00871498   0.0085188           0
Repeater1[0]<--->HoM1[0]
REAL
  0.420513  0.0054354 -0.0153885   0.338499
 0.0054354   0.112821  0.0670702 0.00570329
-0.0153885  0.0670702   0.110256 -0.0126993
  0.338499 0.00570329 -0.0126993    0.35641
IMAGINARY
         0  0.0130703  0.0036876  0.0134898
-0.0130703          0  0.0114093 -0.0218694
-0.0036876 -0.0114093          0  0.0258908
-0.0134898  0.0218694 -0.0258908          0
EndNode1[0]<--->Repeater1[0]
REAL
   0.386393 -0.00228218 -0.00420896    0.327333
-0.00228218    0.106547   0.0637429 -0.00104039
-0.00420896   0.0637429    0.116816 -0.00165483
   0.327333 -0.00104039 -0.00165483    0.390244
IMAGINARY
          0  -0.0315837  0.00753922  -0.0017489
  0.0315837           0  -0.0115254  -0.0106998
-0.00753922   0.0115254           0    0.010724
  0.0017489   0.0106998   -0.010724           0
EndNode2[0]<--->HoM1[0]
REAL
   0.395561 -0.00252353   0.0373921      0.3326
-0.00252353     0.10705   0.0612775 -0.00405872
  0.0373921   0.0612775     0.10705  0.00864598
     0.3326 -0.00405872  0.00864598    0.390339
IMAGINARY
          0 -0.00864059  0.00525264 -0.00104232
 0.00864059           0 -0.00540098  0.00401807
-0.00525264  0.00540098           0  0.00307816
 0.00104232 -0.00401807 -0.00307816           0
Repeater1[0]<--->EndNode1[0]
REAL
   0.386393 -0.00420896 -0.00228218    0.327333
-0.00420896    0.116816   0.0637429 -0.00165483
-0.00228218   0.0637429    0.106547 -0.00104039
   0.327333 -0.00165483 -0.00104039    0.390244
IMAGINARY
          0  0.00753922  -0.0315837  -0.0017489
-0.00753922           0   0.0115254    0.010724
  0.0315837  -0.0115254           0  -0.0106998
  0.0017489   -0.010724   0.0106998           0
Repeater1[0]<--->HoM1[0]
REAL
   0.395561   0.0373921 -0.00252353      0.3326
  0.0373921     0.10705   0.0612775  0.00864598
-0.00252353   0.0612775     0.10705 -0.00405872
     0.3326  0.00864598 -0.00405872    0.390339
IMAGINARY
          0  0.00525264 -0.00864059 -0.00104232
-0.00525264           0  0.00540098  0.00307816
 0.00864059 -0.00540098           0  0.00401807
 0.00104232 -0.00307816 -0.00401807           0
EndNode1[0]<--->Repeater1[0]
REAL
     0.39924   0.00328031 -0.000233141     0.332968
  0.00328031     0.095057    0.0688405   -0.0152707
-0.000233141    0.0688405      0.12294   -0.0162002
    0.332968   -0.0152707   -0.0162002     0.382763
IMAGINARY
          0  0.00972291  0.00148697  0.00414013
-0.00972291           0  0.00414013  0.00465554
-0.00148697 -0.00414013           0  -0.0232364
-0.00414013 -0.00465554   0.0232364           0
EndNode2[0]<--->HoM1[0]
REAL
   0.373585 -0.00850499 -0.00647306    0.346329
-0.00850499    0.109434   0.0606151  -0.0171381
-0.00647306   0.0606151   0.0968553  -0.0053839
   0.346329  -0.0171381  -0.0053839    0.420126
IMAGINARY
          0 -0.00508906  -0.0189924 -0.00300582
 0.00508906           0  0.00113783 -0.00481713
  0.0189924 -0.00113783           0  0.00508906
 0.00300582  0.00481713 -0.00508906           0
Repeater1[0]<--->EndNode1[0]
REAL
     0.39924 -0.000233141   0.00328031     0.332968
-0.000233141      0.12294    0.0688405   -0.0162002
  0.00328031    0.0688405     0.095057   -0.0152707
    0.332968   -0.0162002   -0.0152707     0.382763
IMAGINARY
          0  0.00148697  0.00972291  0.00414013
-0.00148697           0 -0.00414013  -0.0232364
-0.00972291  0.00414013           0  0.00465554
-0.00414013   0.0232364 -0.00465554           0
Repeater1[0]<--->HoM1[0]
REAL
   0.373585 -0.00647306 -0.00850499    0.346329
-0.00647306   0.0968553   0.0606151  -0.0053839
-0.00850499   0.0606151    0.109434  -0.0171381
   0.346329  -0.0053839  -0.0171381    0.420126
IMAGINARY
          0  -0.0189924 -0.00508906 -0.00300582
  0.0189924           0 -0.00113783  0.00508906
 0.00508906  0.00113783           0 -0.00481713
 0.00300582 -0.00508906  0.00481713           0
EndNode1[0]<--->Repeater1[0]
REAL
   0.391635  -0.0041166  -0.0136848    0.321855
 -0.0041166    0.115336   0.0686086  0.00337554
 -0.0136848   0.0686086    0.120406 -0.00748134
   0.321855  0.00337554 -0.00748134    0.372624
IMAGINARY
           0   0.00854978   0.00228416  0.000307431
 -0.00854978            0   0.00156056  -0.00358286
 -0.00228416  -0.00156056            0    0.0161255
-0.000307431   0.00358286   -0.0161255            0
EndNode2[0]<--->HoM1[0]
REAL
  0.419562  0.0116792 -0.0107234    0.34927
 0.0116792   0.108108  0.0559368  0.0100558
-0.0107234  0.0559368   0.108108 -0.0163521
   0.34927  0.0100558 -0.0163521   0.364221
IMAGINARY
           0   -0.0068635   0.00296408   -0.0299072
   0.0068635            0   -0.0101182    0.0290359
 -0.00296408    0.0101182            0  0.000196834
   0.0299072   -0.0290359 -0.000196834            0
Repeater1[0]<--->EndNode1[0]
REAL
   0.391635  -0.0136848  -0.0041166    0.321855
 -0.0136848    0.120406   0.0686086 -0.00748134
 -0.0041166   0.0686086    0.115336  0.00337554
   0.321855 -0.00748134  0.00337554    0.372624
IMAGINARY
           0   0.00228416   0.00854978  0.000307431
 -0.00228416            0  -0.00156056    0.0161255
 -0.00854978   0.00156056            0  -0.00358286
-0.000307431   -0.0161255   0.00358286            0
Repeater1[0]<--->HoM1[0]
REAL
  0.419562 -0.0107234  0.0116792    0.34927
-0.0107234   0.108108  0.0559368 -0.0163521
 0.0116792  0.0559368   0.108108  0.0100558
   0.34927 -0.0163521  0.0100558   0.364221
IMAGINARY
           0   0.00296408   -0.0068635   -0.0299072
 -0.00296408            0    0.0101182  0.000196834
   0.0068635   -0.0101182            0    0.0290359
   0.0299072 -0.000196834   -0.0290359            0
EndNode1[0]<--->Repeater1[0]
REAL
    0.412467     -0.01899 -0.000589334     0.332093
    -0.01899      0.12069    0.0670013   -0.0117004
-0.000589334    0.0670013     0.116711   0.00928759
    0.332093   -0.0117004   0.00928759     0.350133
IMAGINARY
          0 -0.00161463  -0.0116681 -0.00993789
 0.00161463           0  -0.0118012  0.00773112
  0.0116681   0.0118012           0 -0.00101004
 0.00993789 -0.00773112  0.00101004           0
EndNode2[0]<--->HoM1[0]
REAL
  0.421488 0.00368053  0.0028445   0.335125
0.00368053  0.0991736  0.0687937  0.0028445
 0.0028445  0.0687937   0.107438  0.0095938
  0.335125  0.0028445  0.0095938   0.371901
IMAGINARY
          0  0.00346299  -0.0105381   0.0040485
-0.00346299           0   0.0213752    0.019332
  0.0105381  -0.0213752           0  0.00533098
 -0.0040485   -0.019332 -0.00533098           0
Repeater1[0]<--->EndNode1[0]
REAL
    0.412467 -0.000589334     -0.01899     0.332093
-0.000589334     0.116711    0.0670013   0.00928759
    -0.01899    0.0670013      0.12069   -0.0117004
    0.332093   0.00928759   -0.0117004     0.350133
IMAGINARY
          0  -0.0116681 -0.00161463 -0.00993789
  0.0116681           0   0.0118012 -0.00101004
 0.00161463  -0.0118012           0  0.00773112
 0.00993789  0.00101004 -0.00773112           0
Repeater1[0]<--->HoM1[0]
REAL
  0.421488  0.0028445 0.00368053   0.335125
 0.0028445   0.107438  0.0687937  0.0095938
0.00368053  0.0687937  0.0991736  0.0028445
  0.335125  0.0095938  0.0028445   0.371901
IMAGINARY
          0  -0.0105381  0.00346299   0.0040485
  0.0105381           0  -0.0213752  0.00533098
-0.00346299   0.0213752           0    0.019332
 -0.0040485 -0.00533098   -0.019332           0
EndNode1[0]<--->Repeater1[0]
REAL
   0.404309  0.00158278 -0.00583071    0.318059
 0.00158278    0.116603   0.0561545   0.0177804
-0.00583071   0.0561545    0.105196  0.00030401
   0.318059   0.0177804  0.00030401    0.373891
IMAGINARY
           0     0.006192    0.0208125   0.00444497
   -0.006192            0   0.00995293   0.00719867
  -0.0208125  -0.00995293            0 -0.000589755
 -0.00444497  -0.00719867  0.000589755            0
EndNode2[0]<--->HoM1[0]
REAL
    0.388594   -0.0087476    0.0168153     0.347672
  -0.0087476     0.123342    0.0775856   -0.0232586
   0.0168153    0.0775856     0.114058 -0.000273021
    0.347672   -0.0232586 -0.000273021     0.374005
IMAGINARY
           0   0.00745137   0.00176469  -0.00107075
 -0.00745137            0   -0.0253809    0.0149226
 -0.00176469    0.0253809            0  0.000583239
  0.00107075   -0.0149226 -0.000583239            0
Repeater1[0]<--->EndNode1[0]
REAL
   0.404309 -0.00583071  0.00158278    0.318059
-0.00583071    0.105196   0.0561545  0.00030401
 0.00158278   0.0561545    0.116603   0.0177804
   0.318059  0.00030401   0.0177804    0.373891
IMAGINARY
           0    0.0208125     0.006192   0.00444497
  -0.0208125            0  -0.00995293 -0.000589755
   -0.006192   0.00995293            0   0.00719867
 -0.00444497  0.000589755  -0.00719867            0
Repeater1[0]<--->HoM1[0]
REAL
    0.388594    0.0168153   -0.0087476     0.347672
   0.0168153     0.114058    0.0775856 -0.000273021
  -0.0087476    0.0775856     0.123342   -0.0232586
    0.347672 -0.000273021   -0.0232586     0.374005
IMAGINARY
           0   0.00176469   0.00745137  -0.00107075
 -0.00176469            0    0.0253809  0.000583239
 -0.00745137   -0.0253809            0    0.0149226
  0.00107075 -0.000583239   -0.0149226            0
EndNode1[0]<--->Repeater1[0]
REAL
    0.366577 -0.000110294    0.0147495     0.325473
-0.000110294     0.115903    0.0605565  -0.00494556
   0.0147495    0.0605565      0.12938    0.0111397
    0.325473  -0.00494556    0.0111397      0.38814
IMAGINARY
          0 -0.00420846 -0.00798913  0.00594886
 0.00420846           0 -0.00855303  0.00679581
 0.00798913  0.00855303           0  -0.0196579
-0.00594886 -0.00679581   0.0196579           0
EndNode2[0]<--->HoM1[0]
REAL
     0.38151   0.00932947 -0.000640709     0.317394
  0.00932947     0.127604    0.0792026   -0.0111394
-0.000640709    0.0792026     0.122396   -0.0355075
    0.317394   -0.0111394   -0.0355075      0.36849
IMAGINARY
          0  -0.0248285 -0.00433155  0.00707888
  0.0248285           0   0.0332634 -0.00309085
 0.00433155  -0.0332634           0   0.0268527
-0.00707888  0.00309085  -0.0268527           0
Repeater1[0]<--->EndNode1[0]
REAL
    0.366577    0.0147495 -0.000110294     0.325473
   0.0147495      0.12938    0.0605565    0.0111397
-0.000110294    0.0605565     0.115903  -0.00494556
    0.325473    0.0111397  -0.00494556      0.38814
IMAGINARY
          0 -0.00798913 -0.00420846  0.00594886
 0.00798913           0  0.00855303  -0.0196579
 0.00420846 -0.00855303           0  0.00679581
-0.00594886   0.0196579 -0.00679581           0
Repeater1[0]<--->HoM1[0]
REAL
     0.38151 -0.000640709   0.00932947     0.317394
-0.000640709     0.122396    0.0792026   -0.0355075
  0.00932947    0.0792026     0.127604   -0.0111394
    0.317394   -0.0355075   -0.0111394      0.36849
IMAGINARY
          0 -0.00433155  -0.0248285  0.00707888
 0.00433155           0  -0.0332634   0.0268527
  0.0248285   0.0332634           0 -0.00309085
-0.00707888  -0.0268527  0.00309085           0
EndNode1[0]<--->Repeater1[0]
REAL
   0.424779 -0.00960959 -0.00576425    0.325134
-0.00960959    0.107459   0.0705882 -0.00760474
-0.00576425   0.0705882    0.101138  -0.0171284
   0.325134 -0.00760474  -0.0171284    0.366625
IMAGINARY
           0   0.00733017    0.0165137  -0.00984093
 -0.00733017            0    0.0338357   0.00296686
  -0.0165137   -0.0338357            0  0.000462038
  0.00984093  -0.00296686 -0.000462038            0
EndNode2[0]<--->HoM1[0]
REAL
   0.403576 -0.00461186 -0.00251764    0.333344
-0.00461186     0.11622   0.0571014 -0.00448873
-0.00251764   0.0571014     0.11622   0.0154399
   0.333344 -0.00448873   0.0154399    0.363985
IMAGINARY
           0  -0.00690969 -0.000430379  0.000622558
  0.00690969            0   -0.0012595   0.00319281
 0.000430379    0.0012595            0    0.0179594
-0.000622558  -0.00319281   -0.0179594            0
Repeater1[0]<--->EndNode1[0]
REAL
   0.424779 -0.00576425 -0.00960959    0.325134
-0.00576425    0.101138   0.0705882  -0.0171284
-0.00960959   0.0705882    0.107459 -0.00760474
   0.325134  -0.0171284 -0.00760474    0.366625
IMAGINARY
           0    0.0165137   0.00733017  -0.00984093
  -0.0165137            0   -0.0338357  0.000462038
 -0.00733017    0.0338357            0   0.00296686
  0.00984093 -0.000462038  -0.00296686            0
Repeater1[0]<--->HoM1[0]
REAL
   0.403576 -0.00251764 -0.00461186    0.333344
-0.00251764     0.11622   0.0571014   0.0154399
-0.00461186   0.0571014     0.11622 -0.00448873
   0.333344   0.0154399 -0.00448873    0.363985
IMAGINARY
           0 -0.000430379  -0.00690969  0.000622558
 0.000430379            0    0.0012595    0.0179594
  0.00690969   -0.0012595            0   0.00319281
-0.000622558   -0.0179594  -0.00319281            0
EndNode1[0]<--->Repeater1[0]
REAL
    0.37037   0.0117379   0.0141582    0.327479
  0.0117379      0.1262   0.0691558 -0.00213902
  0.0141582   0.0691558    0.115226  0.00508899
   0.327479 -0.00213902  0.00508899    0.388203
IMAGINARY
          0    0.015165   0.0120575   -0.012456
  -0.015165           0  -0.0054674 -0.00527579
 -0.0120575   0.0054674           0  0.00271415
   0.012456  0.00527579 -0.00271415           0
EndNode2[0]<--->HoM1[0]
REAL
   0.385006  -0.0236015 -0.00626092    0.342183
 -0.0236015    0.113088   0.0662332  -0.0209668
-0.00626092   0.0662332    0.130877   -0.011052
   0.342183  -0.0209668   -0.011052    0.371029
IMAGINARY
           0     -0.01062   0.00914729  0.000931542
     0.01062            0   0.00223703  -0.00661564
 -0.00914729  -0.00223703            0    -0.018494
-0.000931542   0.00661564     0.018494            0
Repeater1[0]<--->EndNode1[0]
REAL
    0.37037   0.0141582   0.0117379    0.327479
  0.0141582    0.115226   0.0691558  0.00508899
  0.0117379   0.0691558      0.1262 -0.00213902
   0.327479  0.00508899 -0.00213902    0.388203
IMAGINARY
          0   0.0120575    0.015165   -0.012456
 -0.0120575           0   0.0054674  0.00271415
  -0.015165  -0.0054674           0 -0.00527579
   0.012456 -0.00271415  0.00527579           0
Repeater1[0]<--->HoM1[0]
REAL
   0.385006 -0.00626092  -0.0236015    0.342183
-0.00626092    0.130877   0.0662332   -0.011052
 -0.0236015   0.0662332    0.113088  -0.0209668
   0.342183   -0.011052  -0.0209668    0.371029
IMAGINARY
           0   0.00914729     -0.01062  0.000931542
 -0.00914729            0  -0.00223703    -0.018494
     0.01062   0.00223703            0  -0.00661564
-0.000931542     0.018494   0.00661564            0
EndNode1[0]<--->Repeater1[0]
REAL
   0.410501 -0.00699068 -0.00186785    0.331574
-0.00699068    0.102625   0.0719343  -0.0194354
-0.00186785   0.0719343    0.120525  0.00699068
   0.331574  -0.0194354  0.00699068    0.366348
IMAGINARY
          0 -0.00676813  0.00968809   0.0173292
 0.00676813           0 -0.00152644  0.00702142
-0.00968809  0.00152644           0  -0.0112267
 -0.0173292 -0.00702142   0.0112267           0
EndNode2[0]<--->HoM1[0]
REAL
    0.392405  -0.00671852  -0.00914668     0.350117
 -0.00671852     0.116456    0.0578587 -5.57724e-05
 -0.00914668    0.0578587     0.117722   0.00119705
    0.350117 -5.57724e-05   0.00119705     0.373418
IMAGINARY
          0 -0.00222874  0.00678001  0.00514737
 0.00222874           0  0.00959464   0.0158006
-0.00678001 -0.00959464           0  -0.0113196
-0.00514737  -0.0158006   0.0113196           0
Repeater1[0]<--->EndNode1[0]
REAL
   0.410501 -0.00186785 -0.00699068    0.331574
-0.00186785    0.120525   0.0719343  0.00699068
-0.00699068   0.0719343    0.102625  -0.0194354
   0.331574  0.00699068  -0.0194354    0.366348
IMAGINARY
          0  0.00968809 -0.00676813   0.0173292
-0.00968809           0  0.00152644  -0.0112267
 0.00676813 -0.00152644           0  0.00702142
 -0.0173292   0.0112267 -0.00702142           0
Repeater1[0]<--->HoM1[0]
REAL
    0.392405  -0.00914668  -0.00671852     0.350117
 -0.00914668     0.117722    0.0578587   0.00119705
 -0.00671852    0.0578587     0.116456 -5.57724e-05
    0.350117   0.00119705 -5.57724e-05     0.373418
IMAGINARY
          0  0.00678001 -0.00222874  0.00514737
-0.00678001           0 -0.00959464  -0.0113196
 0.00222874  0.00959464           0   0.0158006
-0.00514737   0.0113196  -0.0158006           0
EndNode1[0]<--->Repeater1[0]
REAL
  0.376904  0.0281213  0.0200763   0.346359
 0.0281213   0.137056  0.0506029 0.00568329
 0.0200763  0.0506029   0.110406 0.00292233
  0.346359 0.00568329 0.00292233   0.375635
IMAGINARY
          0   -0.022118   0.0148226  -0.0140208
   0.022118           0  -0.0216935 -0.00156005
 -0.0148226   0.0216935           0  0.00885543
  0.0140208  0.00156005 -0.00885543           0
EndNode2[0]<--->HoM1[0]
REAL
   0.37625  0.0205374 0.00376627   0.342999
 0.0205374        0.1  0.0667846 0.00703424
0.00376627  0.0667846    0.12125 0.00424019
  0.342999 0.00703424 0.00424019     0.4025
IMAGINARY
          0   0.0263404   0.0019448 -0.00221447
 -0.0263404           0   0.0103906  -0.0262415
 -0.0019448  -0.0103906           0  0.00179259
 0.00221447   0.0262415 -0.00179259           0
Repeater1[0]<--->EndNode1[0]
REAL
  0.376904  0.0200763  0.0281213   0.346359
 0.0200763   0.110406  0.0506029 0.00292233
 0.0281213  0.0506029   0.137056 0.00568329
  0.346359 0.00292233 0.00568329   0.375635
IMAGINARY
          0   0.0148226   -0.022118  -0.0140208
 -0.0148226           0   0.0216935  0.00885543
   0.022118  -0.0216935           0 -0.00156005
  0.0140208 -0.00885543  0.00156005           0
Repeater1[0]<--->HoM1[0]
REAL
   0.37625 0.00376627  0.0205374   0.342999
0.00376627    0.12125  0.0667846 0.00424019
 0.0205374  0.0667846        0.1 0.00703424
  0.342999 0.00424019 0.00703424     0.4025
IMAGINARY
          0   0.0019448   0.0263404 -0.00221447
 -0.0019448           0  -0.0103906  0.00179259
 -0.0263404   0.0103906           0  -0.0262415
 0.00221447 -0.00179259   0.0262415           0
EndNode1[0]<--->Repeater1[0]
REAL
  0.404703   0.013387 0.00205595   0.347425
  0.013387   0.115099   0.050771  0.0211399
0.00205595   0.050771   0.116337 0.00594286
  0.347425  0.0211399 0.00594286   0.363861
IMAGINARY
          0   0.0154165  0.00107193 -0.00701244
 -0.0154165           0   0.0128339  -0.0197334
-0.00107193  -0.0128339           0   0.0341331
 0.00701244   0.0197334  -0.0341331           0
EndNode2[0]<--->HoM1[0]
REAL
  0.418514  0.0101828 0.00124511   0.328061
 0.0101828   0.121252  0.0738997 0.00463724
0.00124511  0.0738997   0.095176 -0.0108364
  0.328061 0.00463724 -0.0108364   0.365059
IMAGINARY
          0  0.00216734  -0.0038039   0.0161944
-0.00216734           0  -0.0103879   0.0185286
  0.0038039   0.0103879           0 -0.00664878
 -0.0161944  -0.0185286  0.00664878           0
Repeater1[0]<--->EndNode1[0]
REAL
  0.404703 0.00205595   0.013387   0.347425
0.00205595   0.116337   0.050771 0.00594286
  0.013387   0.050771   0.115099  0.0211399
  0.347425 0.00594286  0.0211399   0.363861
IMAGINARY
          0  0.00107193   0.0154165 -0.00701244
-0.00107193           0  -0.0128339   0.0341331
 -0.0154165   0.0128339           0  -0.0197334
 0.00701244  -0.0341331   0.0197334           0
Repeater1[0]<--->HoM1[0]
REAL
  0.418514 0.00124511  0.0101828   0.328061
0.00124511   0.095176  0.0738997 -0.0108364
 0.0101828  0.0738997   0.121252 0.00463724
  0.328061 -0.0108364 0.00463724   0.365059
IMAGINARY
          0  -0.0038039  0.00216734   0.0161944
  0.0038039           0   0.0103879 -0.00664878
-0.00216734  -0.0103879           0   0.0185286
 -0.0161944  0.00664878  -0.0185286           0
EndNode1[0]<--->Repeater1[0]
REAL
  0.409214 0.00169226 -0.0164009   0.325273
0.00169226  0.0894309  0.0880934 0.00649989
-0.0164009  0.0880934   0.120596   -0.02892
  0.325273 0.00649989   -0.02892   0.380759
IMAGINARY
          0   0.0112945   0.0128205 -0.00193369
 -0.0112945           0  0.00856499   0.0128205
 -0.0128205 -0.00856499           0  -0.0125765
 0.00193369  -0.0128205   0.0125765           0
EndNode2[0]<--->HoM1[0]
REAL
   0.346753 -0.00122399  -0.0024278    0.360705
-0.00122399    0.116883   0.0566077   0.0140557
 -0.0024278   0.0566077     0.12987   0.0128519
   0.360705   0.0140557   0.0128519    0.406494
IMAGINARY
          0   0.0338053   0.0044708 -8.1973e-06
 -0.0338053           0 -0.00320105  -0.0038306
 -0.0044708  0.00320105           0  -0.0152393
 8.1973e-06   0.0038306   0.0152393           0
Repeater1[0]<--->EndNode1[0]
REAL
  0.409214 -0.0164009 0.00169226   0.325273
-0.0164009   0.120596  0.0880934   -0.02892
0.00169226  0.0880934  0.0894309 0.00649989
  0.325273   -0.02892 0.00649989   0.380759
IMAGINARY
          0   0.0128205   0.0112945 -0.00193369
 -0.0128205           0 -0.00856499  -0.0125765
 -0.0112945  0.00856499           0   0.0128205
 0.00193369   0.0125765  -0.0128205           0
Repeater1[0]<--->HoM1[0]
REAL
   0.346753  -0.0024278 -0.00122399    0.360705
 -0.0024278     0.12987   0.0566077   0.0128519
-0.00122399   0.0566077    0.116883   0.0140557
   0.360705   0.0128519   0.0140557    0.406494
IMAGINARY
          0   0.0044708   0.0338053 -8.1973e-06
 -0.0044708           0  0.00320105  -0.0152393
 -0.0338053 -0.00320105           0  -0.0038306
 8.1973e-06   0.0152393   0.0038306           0
EndNode1[0]<--->Repeater1[0]
REAL
   0.407595 -0.00787483 -0.00744704    0.333038
-0.00787483    0.107595   0.0555659 -0.00215603
-0.00744704   0.0555659    0.108861 -0.00300865
   0.333038 -0.00215603 -0.00300865    0.375949
IMAGINARY
          0   0.0060057   0.0186282  0.00364603
 -0.0060057           0  -0.0103846  -0.0241227
 -0.0186282   0.0103846           0  -0.0142475
-0.00364603   0.0241227   0.0142475           0
EndNode2[0]<--->HoM1[0]
REAL
   0.385135  0.00147767   -0.013533     0.33816
 0.00147767   0.0972973   0.0714934 -0.00626903
  -0.013533   0.0714934    0.108108  -0.0126163
    0.33816 -0.00626903  -0.0126163    0.409459
IMAGINARY
          0 -0.00677511 -0.00532807    0.008723
 0.00677511           0  0.00936485   0.0155845
 0.00532807 -0.00936485           0  -0.0034813
  -0.008723  -0.0155845   0.0034813           0
Repeater1[0]<--->EndNode1[0]
REAL
   0.407595 -0.00744704 -0.00787483    0.333038
-0.00744704    0.108861   0.0555659 -0.00300865
-0.00787483   0.0555659    0.107595 -0.00215603
   0.333038 -0.00300865 -0.00215603    0.375949
IMAGINARY
          0   0.0186282   0.0060057  0.00364603
 -0.0186282           0   0.0103846  -0.0142475
 -0.0060057  -0.0103846           0  -0.0241227
-0.00364603   0.0142475   0.0241227           0
Repeater1[0]<--->HoM1[0]
REAL
   0.385135   -0.013533  0.00147767     0.33816
  -0.013533    0.108108   0.0714934  -0.0126163
 0.00147767   0.0714934   0.0972973 -0.00626903
    0.33816  -0.0126163 -0.00626903    0.409459
IMAGINARY
          0 -0.00532807 -0.00677511    0.008723
 0.00532807           0 -0.00936485  -0.0034813
 0.00677511  0.00936485           0   0.0155845
  -0.008723   0.0034813  -0.0155845           0
EndNode1[0]<--->Repeater1[0]
REAL
   0.413043  0.00879753 -0.00518993    0.331498
 0.00879753    0.118207   0.0649164   0.0178061
-0.00518993   0.0649164    0.134511 -0.00414945
   0.331498   0.0178061 -0.00414945    0.334239
IMAGINARY
           0   -0.0119945    0.0217234  0.000722508
   0.0119945            0    0.0214251  -0.00131522
  -0.0217234   -0.0214251            0  -0.00458711
-0.000722508   0.00131522   0.00458711            0
EndNode2[0]<--->HoM1[0]
REAL
   0.416133 -0.00787383  0.00453949    0.346953
