EndNode1[0]<--->Repeater1[0]
REAL
   0.475888  0.00230548 0.000232009    0.277485
 0.00230548   0.0913706  -0.0114185 -0.00794409
0.000232009  -0.0114185   0.0913706  -0.0151589
   0.277485 -0.00794409  -0.0151589    0.341371
IMAGINARY
          0  0.00775559  -0.0067346  0.00169009
-0.00775559           0 -0.00480342  -0.0182992
  0.0067346  0.00480342           0  0.00104008
-0.00169009   0.0182992 -0.00104008           0
EndNode2[0]<--->HoM1[0]
REAL
   0.488491  -0.0172732  0.00467408    0.336475
 -0.0172732   0.0485934  0.00702674 0.000630957
 0.00467408  0.00702674   0.0664962  0.00931564
   0.336475 0.000630957  0.00931564    0.396419
IMAGINARY
          0 -0.00477657  -0.0068573  0.00193937
 0.00477657           0  0.00631984 -0.00357215
  0.0068573 -0.00631984           0  -0.0130148
-0.00193937  0.00357215   0.0130148           0
Repeater1[0]<--->EndNode1[0]
REAL
   0.475888 0.000232009  0.00230548    0.277485
0.000232009   0.0913706  -0.0114185  -0.0151589
 0.00230548  -0.0114185   0.0913706 -0.00794409
   0.277485  -0.0151589 -0.00794409    0.341371
IMAGINARY
          0  -0.0067346  0.00775559  0.00169009
  0.0067346           0  0.00480342  0.00104008
-0.00775559 -0.00480342           0  -0.0182992
-0.00169009 -0.00104008   0.0182992           0
Repeater1[0]<--->HoM1[0]
REAL
   0.488491  0.00467408  -0.0172732    0.336475
 0.00467408   0.0664962  0.00702674  0.00931564
 -0.0172732  0.00702674   0.0485934 0.000630957
   0.336475  0.00931564 0.000630957    0.396419
IMAGINARY
          0  -0.0068573 -0.00477657  0.00193937
  0.0068573           0 -0.00631984  -0.0130148
 0.00477657  0.00631984           0 -0.00357215
-0.00193937   0.0130148  0.00357215           0
