EndNode1[0]<--->Repeater1[0]
REAL
    0.53567  -0.0102838   0.0116249   0.0685674
 -0.0102838    0.155194  0.00656213 -0.00385289
  0.0116249  0.00656213    0.220275 -0.00266958
  0.0685674 -0.00385289 -0.00266958   0.0888611
IMAGINARY
          0   0.0122493   0.0179076  -0.0196819
 -0.0122493           0  0.00689415 -0.00339569
 -0.0179076 -0.00689415           0  0.00226259
  0.0196819  0.00339569 -0.00226259           0
EndNode2[0]<--->HoM1[0]
REAL
   0.47676 0.00504227  0.0230767    0.15139
0.00504227   0.191235   0.034396  0.0193173
 0.0230767   0.034396   0.142098 0.00992032
   0.15139  0.0193173 0.00992032   0.189907
IMAGINARY
           0  -0.00749936   -0.0262226  -0.00465525
  0.00749936            0  6.80954e-05  -0.00972513
   0.0262226 -6.80954e-05            0  -0.00230456
  0.00465525   0.00972513   0.00230456            0
Repeater1[0]<--->EndNode1[0]
REAL
    0.53567   0.0116249  -0.0102838   0.0685674
  0.0116249    0.220275  0.00656213 -0.00266958
 -0.0102838  0.00656213    0.155194 -0.00385289
  0.0685674 -0.00266958 -0.00385289   0.0888611
IMAGINARY
          0   0.0179076   0.0122493  -0.0196819
 -0.0179076           0 -0.00689415  0.00226259
 -0.0122493  0.00689415           0 -0.00339569
  0.0196819 -0.00226259  0.00339569           0
Repeater1[0]<--->HoM1[0]
REAL
   0.47676  0.0230767 0.00504227    0.15139
 0.0230767   0.142098   0.034396 0.00992032
0.00504227   0.034396   0.191235  0.0193173
   0.15139 0.00992032  0.0193173   0.189907
IMAGINARY
           0   -0.0262226  -0.00749936  -0.00465525
   0.0262226            0 -6.80954e-05  -0.00230456
  0.00749936  6.80954e-05            0  -0.00972513
  0.00465525   0.00230456   0.00972513            0
EndNode1[0]<--->Repeater1[0]
REAL
   0.526961   -0.018745 -0.00432753   0.0651811
  -0.018745    0.166667    0.035556 -0.00181497
-0.00432753    0.035556    0.210784 -0.00582506
  0.0651811 -0.00181497 -0.00582506   0.0955882
IMAGINARY
          0   0.0101662  0.00795425 -0.00200535
 -0.0101662           0  0.00200535   0.0119974
-0.00795425 -0.00200535           0 -0.00956165
 0.00200535  -0.0119974  0.00956165           0
EndNode2[0]<--->HoM1[0]
REAL
   0.463104   0.0273291  0.00973742     0.14964
  0.0273291    0.192112 0.000289808   0.0286168
 0.00973742 0.000289808    0.164122 -0.00431651
    0.14964   0.0286168 -0.00431651    0.180662
IMAGINARY
          0 -0.00725881   0.0066956  0.00179202
 0.00725881           0  -0.0222524   0.0127849
 -0.0066956   0.0222524           0  -0.0200139
-0.00179202  -0.0127849   0.0200139           0
Repeater1[0]<--->EndNode1[0]
REAL
   0.526961 -0.00432753   -0.018745   0.0651811
-0.00432753    0.210784    0.035556 -0.00582506
  -0.018745    0.035556    0.166667 -0.00181497
  0.0651811 -0.00582506 -0.00181497   0.0955882
IMAGINARY
          0  0.00795425   0.0101662 -0.00200535
-0.00795425           0 -0.00200535 -0.00956165
 -0.0101662  0.00200535           0   0.0119974
 0.00200535  0.00956165  -0.0119974           0
Repeater1[0]<--->HoM1[0]
REAL
   0.463104  0.00973742   0.0273291     0.14964
 0.00973742    0.164122 0.000289808 -0.00431651
  0.0273291 0.000289808    0.192112   0.0286168
    0.14964 -0.00431651   0.0286168    0.180662
IMAGINARY
          0   0.0066956 -0.00725881  0.00179202
 -0.0066956           0   0.0222524  -0.0200139
 0.00725881  -0.0222524           0   0.0127849
-0.00179202   0.0200139  -0.0127849           0
EndNode1[0]<--->Repeater1[0]
REAL
   0.527599  -0.0118419  0.00410283   0.0704262
 -0.0118419    0.138639  -0.0154593 -0.00211608
 0.00410283  -0.0154593    0.245186 -0.00206537
  0.0704262 -0.00211608 -0.00206537   0.0885751
IMAGINARY
          0   0.0123285  0.00459322 -0.00520728
 -0.0123285           0  -0.0187875   -0.005259
-0.00459322   0.0187875           0   0.0322787
 0.00520728    0.005259  -0.0322787           0
EndNode2[0]<--->HoM1[0]
REAL
   0.435294 -0.00408483  0.00850476    0.148077
-0.00408483    0.222222   0.0475748 -0.00521095
 0.00850476   0.0475748    0.172549   0.0403167
   0.148077 -0.00521095   0.0403167    0.169935
IMAGINARY
           0   -0.0166852   0.00681704 -0.000665685
   0.0166852            0   -0.0163315   -0.0181236
 -0.00681704    0.0163315            0  -0.00969667
 0.000665685    0.0181236   0.00969667            0
Repeater1[0]<--->EndNode1[0]
REAL
   0.527599  0.00410283  -0.0118419   0.0704262
 0.00410283    0.245186  -0.0154593 -0.00206537
 -0.0118419  -0.0154593    0.138639 -0.00211608
  0.0704262 -0.00206537 -0.00211608   0.0885751
IMAGINARY
          0  0.00459322   0.0123285 -0.00520728
-0.00459322           0   0.0187875   0.0322787
 -0.0123285  -0.0187875           0   -0.005259
 0.00520728  -0.0322787    0.005259           0
Repeater1[0]<--->HoM1[0]
REAL
   0.435294  0.00850476 -0.00408483    0.148077
 0.00850476    0.172549   0.0475748   0.0403167
-0.00408483   0.0475748    0.222222 -0.00521095
   0.148077   0.0403167 -0.00521095    0.169935
IMAGINARY
           0   0.00681704   -0.0166852 -0.000665685
 -0.00681704            0    0.0163315  -0.00969667
   0.0166852   -0.0163315            0   -0.0181236
 0.000665685   0.00969667    0.0181236            0
EndNode1[0]<--->Repeater1[0]
REAL
    0.53799 -0.00222113  0.00750096   0.0695497
-0.00222113    0.154412   0.0132404   0.0087963
 0.00750096   0.0132404    0.223039  0.00808815
  0.0695497   0.0087963  0.00808815   0.0845588
IMAGINARY
          0 -0.00535794  0.00387925  -0.0148467
 0.00535794           0   0.0122151   0.0144383
-0.00387925  -0.0122151           0  -0.0034616
  0.0148467  -0.0144383   0.0034616           0
EndNode2[0]<--->HoM1[0]
REAL
   0.504624   0.0113343 -0.00150126    0.134708
  0.0113343    0.198151   0.0285307   0.0194961
-0.00150126   0.0285307    0.140026 -0.00105157
   0.134708   0.0194961 -0.00105157    0.157199
IMAGINARY
           0  -0.00516544   -0.0029835 -0.000655003
  0.00516544            0    0.0165864     0.020358
   0.0029835   -0.0165864            0   0.00838295
 0.000655003    -0.020358  -0.00838295            0
Repeater1[0]<--->EndNode1[0]
REAL
    0.53799  0.00750096 -0.00222113   0.0695497
 0.00750096    0.223039   0.0132404  0.00808815
-0.00222113   0.0132404    0.154412   0.0087963
  0.0695497  0.00808815   0.0087963   0.0845588
IMAGINARY
          0  0.00387925 -0.00535794  -0.0148467
-0.00387925           0  -0.0122151  -0.0034616
 0.00535794   0.0122151           0   0.0144383
  0.0148467   0.0034616  -0.0144383           0
Repeater1[0]<--->HoM1[0]
REAL
   0.504624 -0.00150126   0.0113343    0.134708
-0.00150126    0.140026   0.0285307 -0.00105157
  0.0113343   0.0285307    0.198151   0.0194961
   0.134708 -0.00105157   0.0194961    0.157199
IMAGINARY
           0   -0.0029835  -0.00516544 -0.000655003
   0.0029835            0   -0.0165864   0.00838295
  0.00516544    0.0165864            0     0.020358
 0.000655003  -0.00838295    -0.020358            0
EndNode1[0]<--->Repeater1[0]
REAL
   0.534704   0.0118641  -0.0229636   0.0633715
  0.0118641     0.14653   0.0233444  -0.0108617
 -0.0229636   0.0233444    0.218509 -0.00632908
  0.0633715  -0.0108617 -0.00632908    0.100257
IMAGINARY
          0  -0.0037542 -0.00963186  0.00320798
  0.0037542           0  -0.0321846  0.00352603
 0.00963186   0.0321846           0  -0.0104927
-0.00320798 -0.00352603   0.0104927           0
EndNode2[0]<--->HoM1[0]
REAL
    0.439374   -0.0108041  -0.00807479      0.14073
  -0.0108041     0.239896    0.0456456 -0.000922642
 -0.00807479    0.0456456     0.151239 -0.000763981
     0.14073 -0.000922642 -0.000763981     0.169492
IMAGINARY
           0   -0.0226391   -0.0204215   0.00224006
   0.0226391            0  0.000977438  -0.00221759
   0.0204215 -0.000977438            0   -0.0103493
 -0.00224006   0.00221759    0.0103493            0
Repeater1[0]<--->EndNode1[0]
REAL
   0.534704  -0.0229636   0.0118641   0.0633715
 -0.0229636    0.218509   0.0233444 -0.00632908
  0.0118641   0.0233444     0.14653  -0.0108617
  0.0633715 -0.00632908  -0.0108617    0.100257
IMAGINARY
          0 -0.00963186  -0.0037542  0.00320798
 0.00963186           0   0.0321846  -0.0104927
  0.0037542  -0.0321846           0  0.00352603
-0.00320798   0.0104927 -0.00352603           0
Repeater1[0]<--->HoM1[0]
REAL
    0.439374  -0.00807479   -0.0108041      0.14073
 -0.00807479     0.151239    0.0456456 -0.000763981
  -0.0108041    0.0456456     0.239896 -0.000922642
     0.14073 -0.000763981 -0.000922642     0.169492
IMAGINARY
           0   -0.0204215   -0.0226391   0.00224006
   0.0204215            0 -0.000977438   -0.0103493
   0.0226391  0.000977438            0  -0.00221759
 -0.00224006    0.0103493   0.00221759            0
EndNode1[0]<--->Repeater1[0]
REAL
  0.541935 0.00624174 0.00124276  0.0715451
0.00624174   0.139355  0.0279209 -0.0125912
0.00124276  0.0279209   0.237419  0.0251334
 0.0715451 -0.0125912  0.0251334  0.0812903
IMAGINARY
           0   0.00167505   0.00140734 -0.000419371
 -0.00167505            0    0.0138293    0.0167135
 -0.00140734   -0.0138293            0  -0.00368848
 0.000419371   -0.0167135   0.00368848            0
EndNode2[0]<--->HoM1[0]
REAL
  0.443196 0.00421449 0.00709606   0.161689
0.00421449   0.233458  0.0493372  0.0138165
0.00709606  0.0493372   0.151061  0.0166981
  0.161689  0.0138165  0.0166981   0.172285
IMAGINARY
          0 -0.00142436   0.0156678   0.0107173
 0.00142436           0   0.0170948   0.0204689
 -0.0156678  -0.0170948           0  -0.0123733
 -0.0107173  -0.0204689   0.0123733           0
Repeater1[0]<--->EndNode1[0]
REAL
  0.541935 0.00124276 0.00624174  0.0715451
0.00124276   0.237419  0.0279209  0.0251334
0.00624174  0.0279209   0.139355 -0.0125912
 0.0715451  0.0251334 -0.0125912  0.0812903
IMAGINARY
           0   0.00140734   0.00167505 -0.000419371
 -0.00140734            0   -0.0138293  -0.00368848
 -0.00167505    0.0138293            0    0.0167135
 0.000419371   0.00368848   -0.0167135            0
Repeater1[0]<--->HoM1[0]
REAL
  0.443196 0.00709606 0.00421449   0.161689
0.00709606   0.151061  0.0493372  0.0166981
0.00421449  0.0493372   0.233458  0.0138165
  0.161689  0.0166981  0.0138165   0.172285
IMAGINARY
          0   0.0156678 -0.00142436   0.0107173
 -0.0156678           0  -0.0170948  -0.0123733
 0.00142436   0.0170948           0   0.0204689
 -0.0107173   0.0123733  -0.0204689           0
EndNode1[0]<--->Repeater1[0]
REAL
   0.549261  -0.0016716  -0.0165911   0.0599153
 -0.0016716    0.140394   0.0219487   0.0140722
 -0.0165911   0.0219487    0.235222 -0.00588508
  0.0599153   0.0140722 -0.00588508   0.0751232
IMAGINARY
          0  0.00526501  0.00265504   0.0208695
-0.00526501           0   0.0194327  -0.0123076
-0.00265504  -0.0194327           0   0.0236925
 -0.0208695   0.0123076  -0.0236925           0
EndNode2[0]<--->HoM1[0]
REAL
   0.466507  -0.0059262 -0.00290545    0.106105
 -0.0059262     0.20933   0.0264706 -0.00972081
-0.00290545   0.0264706    0.167464  0.00213832
   0.106105 -0.00972081  0.00213832    0.156699
IMAGINARY
          0  -0.0112573  0.00873656   0.0054167
  0.0112573           0   0.0101273 -0.00873656
-0.00873656  -0.0101273           0   0.0138683
 -0.0054167  0.00873656  -0.0138683           0
Repeater1[0]<--->EndNode1[0]
REAL
   0.549261  -0.0165911  -0.0016716   0.0599153
 -0.0165911    0.235222   0.0219487 -0.00588508
 -0.0016716   0.0219487    0.140394   0.0140722
  0.0599153 -0.00588508   0.0140722   0.0751232
IMAGINARY
          0  0.00265504  0.00526501   0.0208695
-0.00265504           0  -0.0194327   0.0236925
-0.00526501   0.0194327           0  -0.0123076
 -0.0208695  -0.0236925   0.0123076           0
Repeater1[0]<--->HoM1[0]
REAL
   0.466507 -0.00290545  -0.0059262    0.106105
-0.00290545    0.167464   0.0264706  0.00213832
 -0.0059262   0.0264706     0.20933 -0.00972081
   0.106105  0.00213832 -0.00972081    0.156699
IMAGINARY
          0  0.00873656  -0.0112573   0.0054167
-0.00873656           0  -0.0101273   0.0138683
  0.0112573   0.0101273           0 -0.00873656
 -0.0054167  -0.0138683  0.00873656           0
EndNode1[0]<--->Repeater1[0]
REAL
   0.488429  -0.0112387  0.00597552   0.0775937
 -0.0112387    0.188794   0.0204692 7.77484e-05
 0.00597552   0.0204692    0.233861 -0.00934239
  0.0775937 7.77484e-05 -0.00934239    0.088916
IMAGINARY
          0   0.0106296   0.0208634   0.0118444
 -0.0106296           0  -0.0166324    0.015722
 -0.0208634   0.0166324           0  0.00798405
 -0.0118444   -0.015722 -0.00798405           0
EndNode2[0]<--->HoM1[0]
REAL
    0.425258    0.0100237 -4.25274e-05     0.174689
   0.0100237     0.204897     0.041614  -0.00188302
-4.25274e-05     0.041614      0.16366  -0.00296334
    0.174689  -0.00188302  -0.00296334     0.206186
IMAGINARY
          0   0.0270885  -0.0125969   0.0141637
 -0.0270885           0  0.00516623   0.0151809
  0.0125969 -0.00516623           0 -0.00641666
 -0.0141637  -0.0151809  0.00641666           0
Repeater1[0]<--->EndNode1[0]
REAL
   0.488429  0.00597552  -0.0112387   0.0775937
 0.00597552    0.233861   0.0204692 -0.00934239
 -0.0112387   0.0204692    0.188794 7.77484e-05
  0.0775937 -0.00934239 7.77484e-05    0.088916
IMAGINARY
          0   0.0208634   0.0106296   0.0118444
 -0.0208634           0   0.0166324  0.00798405
 -0.0106296  -0.0166324           0    0.015722
 -0.0118444 -0.00798405   -0.015722           0
Repeater1[0]<--->HoM1[0]
REAL
    0.425258 -4.25274e-05    0.0100237     0.174689
-4.25274e-05      0.16366     0.041614  -0.00296334
   0.0100237     0.041614     0.204897  -0.00188302
    0.174689  -0.00296334  -0.00188302     0.206186
IMAGINARY
          0  -0.0125969   0.0270885   0.0141637
  0.0125969           0 -0.00516623 -0.00641666
 -0.0270885  0.00516623           0   0.0151809
 -0.0141637  0.00641666  -0.0151809           0
EndNode1[0]<--->Repeater1[0]
REAL
   0.505063  -0.0104409  0.00150407    0.067423
 -0.0104409    0.160759   0.0256003 -0.00667203
 0.00150407   0.0256003    0.250633  -0.0166909
   0.067423 -0.00667203  -0.0166909   0.0835443
IMAGINARY
          0  -0.0130544  0.00192661  0.00167738
  0.0130544           0   0.0211074  -0.0100415
-0.00192661  -0.0211074           0  -0.0075448
-0.00167738   0.0100415   0.0075448           0
EndNode2[0]<--->HoM1[0]
REAL
   0.438158 -0.00799003   -0.020208    0.140282
-0.00799003         0.2   0.0202559   -0.013031
  -0.020208   0.0202559    0.178947  0.00869724
   0.140282   -0.013031  0.00869724    0.182895
IMAGINARY
           0   0.00567642   -0.0174767  -0.00935955
 -0.00567642            0  -0.00672797  -0.00113687
   0.0174767   0.00672797            0  0.000100214
  0.00935955   0.00113687 -0.000100214            0
Repeater1[0]<--->EndNode1[0]
REAL
   0.505063  0.00150407  -0.0104409    0.067423
 0.00150407    0.250633   0.0256003  -0.0166909
 -0.0104409   0.0256003    0.160759 -0.00667203
   0.067423  -0.0166909 -0.00667203   0.0835443
IMAGINARY
          0  0.00192661  -0.0130544  0.00167738
-0.00192661           0  -0.0211074  -0.0075448
  0.0130544   0.0211074           0  -0.0100415
-0.00167738   0.0075448   0.0100415           0
Repeater1[0]<--->HoM1[0]
REAL
   0.438158   -0.020208 -0.00799003    0.140282
  -0.020208    0.178947   0.0202559  0.00869724
-0.00799003   0.0202559         0.2   -0.013031
   0.140282  0.00869724   -0.013031    0.182895
IMAGINARY
           0   -0.0174767   0.00567642  -0.00935955
   0.0174767            0   0.00672797  0.000100214
 -0.00567642  -0.00672797            0  -0.00113687
  0.00935955 -0.000100214   0.00113687            0
