EndNode1[0]<--->Repeater1[0]
REAL
    0.79974   0.0188875 -0.00334484   0.0230371
  0.0188875    0.076723  -0.0129106  -0.0257691
-0.00334484  -0.0129106    0.110533 -0.00116598
  0.0230371  -0.0257691 -0.00116598   0.0130039
IMAGINARY
           0   0.00760216   0.00163228   0.00802311
 -0.00760216            0  -0.00802311 -0.000978686
 -0.00163228   0.00802311            0  -0.00433418
 -0.00802311  0.000978686   0.00433418            0
EndNode2[0]<--->HoM1[0]
REAL
   0.639118  0.00802749  0.00586445   0.0590681
 0.00802749    0.174931  0.00351254 -0.00521929
 0.00586445  0.00351254    0.130854  0.00164993
  0.0590681 -0.00521929  0.00164993   0.0550964
IMAGINARY
           0    0.0273615   0.00469281    0.0229647
  -0.0273615            0  -0.00435426 -0.000816836
 -0.00469281   0.00435426            0   -0.0183175
  -0.0229647  0.000816836    0.0183175            0
Repeater1[0]<--->EndNode1[0]
REAL
    0.79974 -0.00334484   0.0188875   0.0230371
-0.00334484    0.110533  -0.0129106 -0.00116598
  0.0188875  -0.0129106    0.076723  -0.0257691
  0.0230371 -0.00116598  -0.0257691   0.0130039
IMAGINARY
           0   0.00163228   0.00760216   0.00802311
 -0.00163228            0   0.00802311  -0.00433418
 -0.00760216  -0.00802311            0 -0.000978686
 -0.00802311   0.00433418  0.000978686            0
Repeater1[0]<--->HoM1[0]
REAL
   0.639118  0.00586445  0.00802749   0.0590681
 0.00586445    0.130854  0.00351254  0.00164993
 0.00802749  0.00351254    0.174931 -0.00521929
  0.0590681  0.00164993 -0.00521929   0.0550964
IMAGINARY
           0   0.00469281    0.0273615    0.0229647
 -0.00469281            0   0.00435426   -0.0183175
  -0.0273615  -0.00435426            0 -0.000816836
  -0.0229647    0.0183175  0.000816836            0
EndNode1[0]<--->Repeater1[0]
REAL
   0.781699  0.00789258  -0.0243113 0.000976058
 0.00789258    0.100654  -0.0110432   -0.015286
 -0.0243113  -0.0110432    0.111111 0.000832249
0.000976058   -0.015286 0.000832249  0.00653595
IMAGINARY
          0   0.0184359 -0.00387026   0.0199872
 -0.0184359           0  -0.0231883  -0.0045432
 0.00387026   0.0231883           0 -0.00761864
 -0.0199872   0.0045432  0.00761864           0
EndNode2[0]<--->HoM1[0]
REAL
   0.656211    0.014524   0.0181198   0.0450846
   0.014524     0.14931  -0.0239036 -0.00592463
  0.0181198  -0.0239036    0.115433  -0.0164495
  0.0450846 -0.00592463  -0.0164495   0.0790464
IMAGINARY
          0  0.00210879 -0.00459921   0.0088356
-0.00210879           0 -0.00160827   0.0065703
 0.00459921  0.00160827           0   0.0195732
 -0.0088356  -0.0065703  -0.0195732           0
Repeater1[0]<--->EndNode1[0]
REAL
   0.781699  -0.0243113  0.00789258 0.000976058
 -0.0243113    0.111111  -0.0110432 0.000832249
 0.00789258  -0.0110432    0.100654   -0.015286
0.000976058 0.000832249   -0.015286  0.00653595
IMAGINARY
          0 -0.00387026   0.0184359   0.0199872
 0.00387026           0   0.0231883 -0.00761864
 -0.0184359  -0.0231883           0  -0.0045432
 -0.0199872  0.00761864   0.0045432           0
Repeater1[0]<--->HoM1[0]
REAL
   0.656211   0.0181198    0.014524   0.0450846
  0.0181198    0.115433  -0.0239036  -0.0164495
   0.014524  -0.0239036     0.14931 -0.00592463
  0.0450846  -0.0164495 -0.00592463   0.0790464
IMAGINARY
          0 -0.00459921  0.00210879   0.0088356
 0.00459921           0  0.00160827   0.0195732
-0.00210879 -0.00160827           0   0.0065703
 -0.0088356  -0.0195732  -0.0065703           0
EndNode1[0]<--->Repeater1[0]
REAL
   0.783712  0.00100362 -0.00836431 -0.00513774
 0.00100362    0.104139    -0.01283 -0.00836431
-0.00836431    -0.01283    0.105474 -0.00286236
-0.00513774 -0.00836431 -0.00286236  0.00667557
IMAGINARY
          0   0.0101103  -0.0270797  -0.0177584
 -0.0101103           0   0.0241197  0.00528486
  0.0270797  -0.0241197           0    0.021941
  0.0177584 -0.00528486   -0.021941           0
EndNode2[0]<--->HoM1[0]
REAL
   0.599496   -0.020911  0.00907114   0.0360269
  -0.020911    0.195214  0.00517854 -0.00722612
 0.00907114  0.00517854    0.123426  0.00184582
  0.0360269 -0.00722612  0.00184582    0.081864
IMAGINARY
          0 -0.00160499   0.0193306 -0.00521671
 0.00160499           0   0.0150447  -0.0090478
 -0.0193306  -0.0150447           0   0.0260266
 0.00521671   0.0090478  -0.0260266           0
Repeater1[0]<--->EndNode1[0]
REAL
   0.783712 -0.00836431  0.00100362 -0.00513774
-0.00836431    0.105474    -0.01283 -0.00286236
 0.00100362    -0.01283    0.104139 -0.00836431
-0.00513774 -0.00286236 -0.00836431  0.00667557
IMAGINARY
          0  -0.0270797   0.0101103  -0.0177584
  0.0270797           0  -0.0241197    0.021941
 -0.0101103   0.0241197           0  0.00528486
  0.0177584   -0.021941 -0.00528486           0
Repeater1[0]<--->HoM1[0]
REAL
   0.599496  0.00907114   -0.020911   0.0360269
 0.00907114    0.123426  0.00517854  0.00184582
  -0.020911  0.00517854    0.195214 -0.00722612
  0.0360269  0.00184582 -0.00722612    0.081864
IMAGINARY
          0   0.0193306 -0.00160499 -0.00521671
 -0.0193306           0  -0.0150447   0.0260266
 0.00160499   0.0150447           0  -0.0090478
 0.00521671  -0.0260266   0.0090478           0
EndNode1[0]<--->Repeater1[0]
REAL
   0.798942  -0.0104129  -0.0116808   0.0131037
 -0.0104129   0.0833333   0.0150293  0.00400816
 -0.0116808   0.0150293    0.109788 -0.00109609
  0.0131037  0.00400816 -0.00109609  0.00793651
IMAGINARY
           0    0.0210146  0.000408222   0.00318123
  -0.0210146            0   -0.0113573   -0.0190218
-0.000408222    0.0113573            0   -0.0113869
 -0.00318123    0.0190218    0.0113869            0
EndNode2[0]<--->HoM1[0]
REAL
   0.617685 -0.00286284  0.00864954   0.0609329
-0.00286284    0.187256  0.00920872 -0.00929304
 0.00864954  0.00920872    0.137841  0.00736734
  0.0609329 -0.00929304  0.00736734   0.0572172
IMAGINARY
          0 -0.00860487  0.00561523  0.00511221
 0.00860487           0   0.0234049   0.0157641
-0.00561523  -0.0234049           0   0.0051566
-0.00511221  -0.0157641  -0.0051566           0
Repeater1[0]<--->EndNode1[0]
REAL
   0.798942  -0.0116808  -0.0104129   0.0131037
 -0.0116808    0.109788   0.0150293 -0.00109609
 -0.0104129   0.0150293   0.0833333  0.00400816
  0.0131037 -0.00109609  0.00400816  0.00793651
IMAGINARY
           0  0.000408222    0.0210146   0.00318123
-0.000408222            0    0.0113573   -0.0113869
  -0.0210146   -0.0113573            0   -0.0190218
 -0.00318123    0.0113869    0.0190218            0
Repeater1[0]<--->HoM1[0]
REAL
   0.617685  0.00864954 -0.00286284   0.0609329
 0.00864954    0.137841  0.00920872  0.00736734
-0.00286284  0.00920872    0.187256 -0.00929304
  0.0609329  0.00736734 -0.00929304   0.0572172
IMAGINARY
          0  0.00561523 -0.00860487  0.00511221
-0.00561523           0  -0.0234049   0.0051566
 0.00860487   0.0234049           0   0.0157641
-0.00511221  -0.0051566  -0.0157641           0
