EndNode1[0]<--->Repeater1[0]
REAL
   0.445026 -0.00226241   -0.024478    0.328807
-0.00226241   0.0641361   0.0197164  0.00971552
  -0.024478   0.0197164   0.0890052   0.0131738
   0.328807  0.00971552   0.0131738    0.401832
IMAGINARY
          0  0.00777627  -0.0123574 -0.00306457
-0.00777627           0  0.00743411   0.0123574
  0.0123574 -0.00743411           0 -0.00388017
 0.00306457  -0.0123574  0.00388017           0
EndNode2[0]<--->HoM1[0]
REAL
   0.449495  -0.0182635 -0.00489638    0.382707
 -0.0182635   0.0517677   0.0111705  0.00285556
-0.00489638   0.0111705   0.0719697 -0.00554599
   0.382707  0.00285556 -0.00554599    0.426768
IMAGINARY
           0  0.000329059  -0.00879718   -0.0164094
-0.000329059            0  -0.00453296  -0.00127838
  0.00879718   0.00453296            0    0.0122654
   0.0164094   0.00127838   -0.0122654            0
Repeater1[0]<--->EndNode1[0]
REAL
   0.445026   -0.024478 -0.00226241    0.328807
  -0.024478   0.0890052   0.0197164   0.0131738
-0.00226241   0.0197164   0.0641361  0.00971552
   0.328807   0.0131738  0.00971552    0.401832
IMAGINARY
          0  -0.0123574  0.00777627 -0.00306457
  0.0123574           0 -0.00743411 -0.00388017
-0.00777627  0.00743411           0   0.0123574
 0.00306457  0.00388017  -0.0123574           0
Repeater1[0]<--->HoM1[0]
REAL
   0.449495 -0.00489638  -0.0182635    0.382707
-0.00489638   0.0719697   0.0111705 -0.00554599
 -0.0182635   0.0111705   0.0517677  0.00285556
   0.382707 -0.00554599  0.00285556    0.426768
IMAGINARY
           0  -0.00879718  0.000329059   -0.0164094
  0.00879718            0   0.00453296    0.0122654
-0.000329059  -0.00453296            0  -0.00127838
   0.0164094   -0.0122654   0.00127838            0
EndNode1[0]<--->Repeater1[0]
REAL
   0.451087   0.0148245  0.00113456    0.357845
  0.0148245    0.076087   0.0119849   0.0158971
 0.00113456   0.0119849   0.0665761 0.000990547
   0.357845   0.0158971 0.000990547     0.40625
IMAGINARY
          0   0.0114918   0.0169653  -0.0108489
 -0.0114918           0  -0.0205263  -0.0150544
 -0.0169653   0.0205263           0 -0.00958098
  0.0108489   0.0150544  0.00958098           0
EndNode2[0]<--->HoM1[0]
REAL
    0.417596    0.0102038  0.000948243     0.372398
   0.0102038    0.0681537   -0.0106827 -0.000308038
 0.000948243   -0.0106827    0.0619579    0.0058013
    0.372398 -0.000308038    0.0058013     0.452292
IMAGINARY
          0  0.00307633   0.0227054  0.00672194
-0.00307633           0 -0.00302736 -0.00276043
 -0.0227054  0.00302736           0  -0.0133927
-0.00672194  0.00276043   0.0133927           0
Repeater1[0]<--->EndNode1[0]
REAL
   0.451087  0.00113456   0.0148245    0.357845
 0.00113456   0.0665761   0.0119849 0.000990547
  0.0148245   0.0119849    0.076087   0.0158971
   0.357845 0.000990547   0.0158971     0.40625
IMAGINARY
          0   0.0169653   0.0114918  -0.0108489
 -0.0169653           0   0.0205263 -0.00958098
 -0.0114918  -0.0205263           0  -0.0150544
  0.0108489  0.00958098   0.0150544           0
Repeater1[0]<--->HoM1[0]
REAL
    0.417596  0.000948243    0.0102038     0.372398
 0.000948243    0.0619579   -0.0106827    0.0058013
   0.0102038   -0.0106827    0.0681537 -0.000308038
    0.372398    0.0058013 -0.000308038     0.452292
IMAGINARY
          0   0.0227054  0.00307633  0.00672194
 -0.0227054           0  0.00302736  -0.0133927
-0.00307633 -0.00302736           0 -0.00276043
-0.00672194   0.0133927  0.00276043           0
EndNode1[0]<--->Repeater1[0]
REAL
   0.448153 -0.00942584  -0.0104816    0.335907
-0.00942584   0.0595948  0.00451886  0.00915186
 -0.0104816  0.00451886   0.0643623 -0.00254224
   0.335907  0.00915186 -0.00254224     0.42789
IMAGINARY
          0   0.0010594  -0.0238507 -0.00256097
 -0.0010594           0   -0.016776 -0.00533218
  0.0238507    0.016776           0  0.00996525
 0.00256097  0.00533218 -0.00996525           0
EndNode2[0]<--->HoM1[0]
REAL
   0.465982 -0.00691034 -0.00558384    0.366308
-0.00691034    0.055199  -0.0067283 -0.00753952
-0.00558384  -0.0067283   0.0629012 -0.00752535
   0.366308 -0.00753952 -0.00752535    0.415918
IMAGINARY
          0   0.0138957 -0.00727313 -0.00400379
 -0.0138957           0 -0.00652905  -0.0110515
 0.00727313  0.00652905           0  0.00835557
 0.00400379   0.0110515 -0.00835557           0
Repeater1[0]<--->EndNode1[0]
REAL
   0.448153  -0.0104816 -0.00942584    0.335907
 -0.0104816   0.0643623  0.00451886 -0.00254224
-0.00942584  0.00451886   0.0595948  0.00915186
   0.335907 -0.00254224  0.00915186     0.42789
IMAGINARY
          0  -0.0238507   0.0010594 -0.00256097
  0.0238507           0    0.016776  0.00996525
 -0.0010594   -0.016776           0 -0.00533218
 0.00256097 -0.00996525  0.00533218           0
Repeater1[0]<--->HoM1[0]
REAL
   0.465982 -0.00558384 -0.00691034    0.366308
-0.00558384   0.0629012  -0.0067283 -0.00752535
-0.00691034  -0.0067283    0.055199 -0.00753952
   0.366308 -0.00752535 -0.00753952    0.415918
IMAGINARY
          0 -0.00727313   0.0138957 -0.00400379
 0.00727313           0  0.00652905  0.00835557
 -0.0138957 -0.00652905           0  -0.0110515
 0.00400379 -0.00835557   0.0110515           0
EndNode1[0]<--->Repeater1[0]
REAL
   0.479747 -0.00768104 -0.00186091    0.342515
-0.00768104   0.0696203  -0.0080599  0.00791744
-0.00186091  -0.0080599   0.0594937 -0.00106728
   0.342515  0.00791744 -0.00106728    0.391139
IMAGINARY
           0 -1.88055e-05   -0.0155565  0.000431836
 1.88055e-05            0    0.0182654  -0.00296203
   0.0155565   -0.0182654            0    0.0147059
-0.000431836   0.00296203   -0.0147059            0
EndNode2[0]<--->HoM1[0]
REAL
   0.449937  0.00609801  0.00809913     0.36993
 0.00609801   0.0760456  0.00444794 -0.00685535
 0.00809913  0.00444794   0.0494297  -0.0185358
    0.36993 -0.00685535  -0.0185358    0.424588
IMAGINARY
          0  -0.0215736   0.0239594   0.0024827
  0.0215736           0  0.00777371  0.00395939
 -0.0239594 -0.00777371           0  0.00634518
 -0.0024827 -0.00395939 -0.00634518           0
Repeater1[0]<--->EndNode1[0]
REAL
   0.479747 -0.00186091 -0.00768104    0.342515
-0.00186091   0.0594937  -0.0080599 -0.00106728
-0.00768104  -0.0080599   0.0696203  0.00791744
   0.342515 -0.00106728  0.00791744    0.391139
IMAGINARY
           0   -0.0155565 -1.88055e-05  0.000431836
   0.0155565            0   -0.0182654    0.0147059
 1.88055e-05    0.0182654            0  -0.00296203
-0.000431836   -0.0147059   0.00296203            0
Repeater1[0]<--->HoM1[0]
REAL
   0.449937  0.00809913  0.00609801     0.36993
 0.00809913   0.0494297  0.00444794  -0.0185358
 0.00609801  0.00444794   0.0760456 -0.00685535
    0.36993  -0.0185358 -0.00685535    0.424588
IMAGINARY
          0   0.0239594  -0.0215736   0.0024827
 -0.0239594           0 -0.00777371  0.00634518
  0.0215736  0.00777371           0  0.00395939
 -0.0024827 -0.00634518 -0.00395939           0
EndNode1[0]<--->Repeater1[0]
REAL
   0.493703 -0.00616765   0.0240288    0.335141
-0.00616765   0.0730479   0.0200048  -0.0170403
  0.0240288   0.0200048   0.0755668 -0.00209156
   0.335141  -0.0170403 -0.00209156    0.357683
IMAGINARY
          0   0.0185223   0.0262038    0.010967
 -0.0185223           0 -0.00153302 -0.00263058
 -0.0262038  0.00153302           0  -0.0259664
  -0.010967  0.00263058   0.0259664           0
EndNode2[0]<--->HoM1[0]
REAL
  0.475578 0.00074398 0.00975115   0.352203
0.00074398  0.0642674  0.0145497  0.0128879
0.00975115  0.0145497  0.0501285  0.0257761
  0.352203  0.0128879  0.0257761   0.410026
IMAGINARY
          0 -0.00342491 -0.00127112  0.00369331
 0.00342491           0   0.0106997   0.0183243
 0.00127112  -0.0106997           0  -0.0040785
-0.00369331  -0.0183243   0.0040785           0
Repeater1[0]<--->EndNode1[0]
REAL
   0.493703   0.0240288 -0.00616765    0.335141
  0.0240288   0.0755668   0.0200048 -0.00209156
-0.00616765   0.0200048   0.0730479  -0.0170403
   0.335141 -0.00209156  -0.0170403    0.357683
IMAGINARY
          0   0.0262038   0.0185223    0.010967
 -0.0262038           0  0.00153302  -0.0259664
 -0.0185223 -0.00153302           0 -0.00263058
  -0.010967   0.0259664  0.00263058           0
Repeater1[0]<--->HoM1[0]
REAL
  0.475578 0.00975115 0.00074398   0.352203
0.00975115  0.0501285  0.0145497  0.0257761
0.00074398  0.0145497  0.0642674  0.0128879
  0.352203  0.0257761  0.0128879   0.410026
IMAGINARY
          0 -0.00127112 -0.00342491  0.00369331
 0.00127112           0  -0.0106997  -0.0040785
 0.00342491   0.0106997           0   0.0183243
-0.00369331   0.0040785  -0.0183243           0
EndNode1[0]<--->Repeater1[0]
REAL
   0.426649 -0.00233877   0.0169213    0.329674
-0.00233877   0.0915209   0.0127913   0.0310239
  0.0169213   0.0127913   0.0820996   0.0269963
   0.329674   0.0310239   0.0269963    0.399731
IMAGINARY
          0   0.0126419  -0.0150199  -0.0070972
 -0.0126419           0    0.010738   -0.020045
  0.0150199   -0.010738           0  0.00813736
  0.0070972    0.020045 -0.00813736           0
EndNode2[0]<--->HoM1[0]
REAL
   0.443421   -0.023849  0.00814473    0.368131
  -0.023849   0.0710526   0.0120706 -0.00625318
 0.00814473   0.0120706   0.0565789   0.0219575
   0.368131 -0.00625318   0.0219575    0.428947
IMAGINARY
          0 -0.00748173 -0.00847191  -0.0148478
 0.00748173           0  -0.0187439   0.0122598
 0.00847191   0.0187439           0   0.0137949
  0.0148478  -0.0122598  -0.0137949           0
Repeater1[0]<--->EndNode1[0]
REAL
   0.426649   0.0169213 -0.00233877    0.329674
  0.0169213   0.0820996   0.0127913   0.0269963
-0.00233877   0.0127913   0.0915209   0.0310239
   0.329674   0.0269963   0.0310239    0.399731
IMAGINARY
          0  -0.0150199   0.0126419  -0.0070972
  0.0150199           0   -0.010738  0.00813736
 -0.0126419    0.010738           0   -0.020045
  0.0070972 -0.00813736    0.020045           0
Repeater1[0]<--->HoM1[0]
REAL
   0.443421  0.00814473   -0.023849    0.368131
 0.00814473   0.0565789   0.0120706   0.0219575
  -0.023849   0.0120706   0.0710526 -0.00625318
   0.368131   0.0219575 -0.00625318    0.428947
IMAGINARY
          0 -0.00847191 -0.00748173  -0.0148478
 0.00847191           0   0.0187439   0.0137949
 0.00748173  -0.0187439           0   0.0122598
  0.0148478  -0.0137949  -0.0122598           0
EndNode1[0]<--->Repeater1[0]
REAL
   0.503947   0.0142048 -0.00576205    0.343456
  0.0142048        0.05 -0.00944756  0.00778634
-0.00576205 -0.00944756   0.0723684 -0.00273377
   0.343456  0.00778634 -0.00273377    0.373684
IMAGINARY
          0   0.0153318  0.00178926 -0.00574304
 -0.0153318           0 -0.00894406 -0.00630539
-0.00178926  0.00894406           0 -0.00823505
 0.00574304  0.00630539  0.00823505           0
EndNode2[0]<--->HoM1[0]
REAL
    0.45568     0.00358 -0.00698819    0.366701
    0.00358   0.0811486 -0.00106776  0.00440421
-0.00698819 -0.00106776   0.0661673  0.00158796
   0.366701  0.00440421  0.00158796    0.397004
IMAGINARY
          0 -0.00046553  0.00863711   0.0039958
 0.00046553           0  0.00529788  0.00926922
-0.00863711 -0.00529788           0  0.00459776
 -0.0039958 -0.00926922 -0.00459776           0
Repeater1[0]<--->EndNode1[0]
REAL
   0.503947 -0.00576205   0.0142048    0.343456
-0.00576205   0.0723684 -0.00944756 -0.00273377
  0.0142048 -0.00944756        0.05  0.00778634
   0.343456 -0.00273377  0.00778634    0.373684
IMAGINARY
          0  0.00178926   0.0153318 -0.00574304
-0.00178926           0  0.00894406 -0.00823505
 -0.0153318 -0.00894406           0 -0.00630539
 0.00574304  0.00823505  0.00630539           0
Repeater1[0]<--->HoM1[0]
REAL
    0.45568 -0.00698819     0.00358    0.366701
-0.00698819   0.0661673 -0.00106776  0.00158796
    0.00358 -0.00106776   0.0811486  0.00440421
   0.366701  0.00158796  0.00440421    0.397004
IMAGINARY
          0  0.00863711 -0.00046553   0.0039958
-0.00863711           0 -0.00529788  0.00459776
 0.00046553  0.00529788           0  0.00926922
 -0.0039958 -0.00459776 -0.00926922           0
EndNode1[0]<--->Repeater1[0]
REAL
   0.452471  -0.0158934 -0.00202196     0.33355
 -0.0158934   0.0785805    0.011411 -0.00702196
-0.00202196    0.011411   0.0646388 -0.00348645
    0.33355 -0.00702196 -0.00348645    0.404309
IMAGINARY
           0 -0.000402201   0.00135362    0.0299104
 0.000402201            0   0.00622623  -0.00384118
 -0.00135362  -0.00622623            0   0.00910867
  -0.0299104   0.00384118  -0.00910867            0
EndNode2[0]<--->HoM1[0]
REAL
  0.459635 0.00120995  0.0019964   0.358329
0.00120995  0.0611979  0.0285134  0.0124773
 0.0019964  0.0285134  0.0703125  0.0211585
  0.358329  0.0124773  0.0211585   0.408854
IMAGINARY
          0  0.00394061  -0.0127461 -0.00891477
-0.00394061           0  -0.0070088   0.0114269
  0.0127461   0.0070088           0  0.00133644
 0.00891477  -0.0114269 -0.00133644           0
Repeater1[0]<--->EndNode1[0]
REAL
   0.452471 -0.00202196  -0.0158934     0.33355
-0.00202196   0.0646388    0.011411 -0.00348645
 -0.0158934    0.011411   0.0785805 -0.00702196
    0.33355 -0.00348645 -0.00702196    0.404309
IMAGINARY
           0   0.00135362 -0.000402201    0.0299104
 -0.00135362            0  -0.00622623   0.00910867
 0.000402201   0.00622623            0  -0.00384118
  -0.0299104  -0.00910867   0.00384118            0
Repeater1[0]<--->HoM1[0]
REAL
  0.459635  0.0019964 0.00120995   0.358329
 0.0019964  0.0703125  0.0285134  0.0211585
0.00120995  0.0285134  0.0611979  0.0124773
  0.358329  0.0211585  0.0124773   0.408854
IMAGINARY
          0  -0.0127461  0.00394061 -0.00891477
  0.0127461           0   0.0070088  0.00133644
-0.00394061  -0.0070088           0   0.0114269
 0.00891477 -0.00133644  -0.0114269           0
EndNode1[0]<--->Repeater1[0]
REAL
   0.451058 0.000439439  0.00850442    0.351357
0.000439439   0.0608466   0.0112084   0.0111291
 0.00850442   0.0112084   0.0820106   0.0100318
   0.351357   0.0111291   0.0100318    0.406085
IMAGINARY
           0  0.000594992   0.00130276   0.00598254
-0.000594992            0    -0.011804  -0.00440066
 -0.00130276     0.011804            0     0.011177
 -0.00598254   0.00440066    -0.011177            0
EndNode2[0]<--->HoM1[0]
REAL
    0.45108 -0.00368992 0.000727337    0.361373
-0.00368992   0.0584498  0.00459255  0.00518594
0.000727337  0.00459255    0.064803  0.00697507
   0.361373  0.00518594  0.00697507    0.425667
IMAGINARY
          0 -0.00535536  0.00506971   0.0299186
 0.00535536           0   -0.029265  0.00570342
-0.00506971    0.029265           0   0.0110588
 -0.0299186 -0.00570342  -0.0110588           0
Repeater1[0]<--->EndNode1[0]
REAL
   0.451058  0.00850442 0.000439439    0.351357
 0.00850442   0.0820106   0.0112084   0.0100318
0.000439439   0.0112084   0.0608466   0.0111291
   0.351357   0.0100318   0.0111291    0.406085
IMAGINARY
           0   0.00130276  0.000594992   0.00598254
 -0.00130276            0     0.011804     0.011177
-0.000594992    -0.011804            0  -0.00440066
 -0.00598254    -0.011177   0.00440066            0
Repeater1[0]<--->HoM1[0]
REAL
    0.45108 0.000727337 -0.00368992    0.361373
0.000727337    0.064803  0.00459255  0.00697507
-0.00368992  0.00459255   0.0584498  0.00518594
   0.361373  0.00697507  0.00518594    0.425667
IMAGINARY
          0  0.00506971 -0.00535536   0.0299186
-0.00506971           0    0.029265   0.0110588
 0.00535536   -0.029265           0  0.00570342
 -0.0299186  -0.0110588 -0.00570342           0
EndNode1[0]<--->Repeater1[0]
REAL
  0.467202 0.00952627  0.0081668   0.321059
0.00952627  0.0696118   0.011191   0.021092
 0.0081668   0.011191  0.0870147  0.0184321
  0.321059   0.021092  0.0184321   0.376171
IMAGINARY
          0   0.0052028  0.00524918  0.00859928
 -0.0052028           0   0.0175051   0.0109963
-0.00524918  -0.0175051           0 -0.00460112
-0.00859928  -0.0109963  0.00460112           0
EndNode2[0]<--->HoM1[0]
REAL
   0.457213 -0.00860538 -0.00398772    0.364054
-0.00860538   0.0537897   0.0220849  0.00770059
-0.00398772   0.0220849   0.0745721   0.0172687
   0.364054  0.00770059   0.0172687    0.414425
IMAGINARY
          0 -0.00695309 -0.00360107  0.00590132
 0.00695309           0  -0.0154555 -0.00676163
 0.00360107   0.0154555           0  0.00177174
-0.00590132  0.00676163 -0.00177174           0
Repeater1[0]<--->EndNode1[0]
REAL
  0.467202  0.0081668 0.00952627   0.321059
 0.0081668  0.0870147   0.011191  0.0184321
0.00952627   0.011191  0.0696118   0.021092
  0.321059  0.0184321   0.021092   0.376171
IMAGINARY
          0  0.00524918   0.0052028  0.00859928
-0.00524918           0  -0.0175051 -0.00460112
 -0.0052028   0.0175051           0   0.0109963
-0.00859928  0.00460112  -0.0109963           0
Repeater1[0]<--->HoM1[0]
REAL
   0.457213 -0.00398772 -0.00860538    0.364054
-0.00398772   0.0745721   0.0220849   0.0172687
-0.00860538   0.0220849   0.0537897  0.00770059
   0.364054   0.0172687  0.00770059    0.414425
IMAGINARY
          0 -0.00360107 -0.00695309  0.00590132
 0.00360107           0   0.0154555  0.00177174
 0.00695309  -0.0154555           0 -0.00676163
-0.00590132 -0.00177174  0.00676163           0
EndNode1[0]<--->Repeater1[0]
REAL
     0.46206 -0.000211559    0.0171998     0.335698
-0.000211559    0.0799458   0.00193132 -0.000447241
   0.0171998   0.00193132    0.0813008   0.00665486
    0.335698 -0.000447241   0.00665486     0.376694
IMAGINARY
          0  -0.0165146  0.00614993  -0.0136038
  0.0165146           0   0.0251371 -0.00355253
-0.00614993  -0.0251371           0    0.019112
  0.0136038  0.00355253   -0.019112           0
EndNode2[0]<--->HoM1[0]
REAL
 0.468514 0.0105939  0.026128  0.374589
0.0105939 0.0554156 0.0014738 0.0121466
 0.026128 0.0014738 0.0503778 0.0228204
 0.374589 0.0121466 0.0228204  0.425693
IMAGINARY
          0   0.0117275  -0.0134977  0.00218254
 -0.0117275           0  -0.0268579  0.00219121
  0.0134977   0.0268579           0 -0.00921492
-0.00218254 -0.00219121  0.00921492           0
Repeater1[0]<--->EndNode1[0]
REAL
     0.46206    0.0171998 -0.000211559     0.335698
   0.0171998    0.0813008   0.00193132   0.00665486
-0.000211559   0.00193132    0.0799458 -0.000447241
    0.335698   0.00665486 -0.000447241     0.376694
IMAGINARY
          0  0.00614993  -0.0165146  -0.0136038
-0.00614993           0  -0.0251371    0.019112
  0.0165146   0.0251371           0 -0.00355253
  0.0136038   -0.019112  0.00355253           0
Repeater1[0]<--->HoM1[0]
REAL
 0.468514  0.026128 0.0105939  0.374589
 0.026128 0.0503778 0.0014738 0.0228204
0.0105939 0.0014738 0.0554156 0.0121466
 0.374589 0.0228204 0.0121466  0.425693
IMAGINARY
          0  -0.0134977   0.0117275  0.00218254
  0.0134977           0   0.0268579 -0.00921492
 -0.0117275  -0.0268579           0  0.00219121
-0.00218254  0.00921492 -0.00219121           0
EndNode1[0]<--->Repeater1[0]
REAL
   0.465146  0.00684227   0.0114022    0.342999
 0.00684227   0.0671736 -0.00315505    0.006827
  0.0114022 -0.00315505   0.0709759   0.0100848
   0.342999    0.006827   0.0100848    0.396705
IMAGINARY
           0  0.000243708  0.000841162   -0.0127012
-0.000243708            0  -0.00591947   0.00660301
-0.000841162   0.00591947            0   -0.0176134
   0.0127012  -0.00660301    0.0176134            0
EndNode2[0]<--->HoM1[0]
REAL
  0.429173 -0.0148624 -0.0137126   0.369074
-0.0148624  0.0603086 0.00873147 -0.0124719
-0.0137126 0.00873147   0.058906  -0.023791
  0.369074 -0.0124719  -0.023791   0.451613
IMAGINARY
           0   0.00491009  0.000502781   0.00228323
 -0.00491009            0  -0.00738527   0.00410855
-0.000502781   0.00738527            0   0.00365381
 -0.00228323  -0.00410855  -0.00365381            0
Repeater1[0]<--->EndNode1[0]
REAL
   0.465146   0.0114022  0.00684227    0.342999
  0.0114022   0.0709759 -0.00315505   0.0100848
 0.00684227 -0.00315505   0.0671736    0.006827
   0.342999   0.0100848    0.006827    0.396705
IMAGINARY
           0  0.000841162  0.000243708   -0.0127012
-0.000841162            0   0.00591947   -0.0176134
-0.000243708  -0.00591947            0   0.00660301
   0.0127012    0.0176134  -0.00660301            0
Repeater1[0]<--->HoM1[0]
REAL
  0.429173 -0.0137126 -0.0148624   0.369074
-0.0137126   0.058906 0.00873147  -0.023791
-0.0148624 0.00873147  0.0603086 -0.0124719
  0.369074  -0.023791 -0.0124719   0.451613
IMAGINARY
           0  0.000502781   0.00491009   0.00228323
-0.000502781            0   0.00738527   0.00365381
 -0.00491009  -0.00738527            0   0.00410855
 -0.00228323  -0.00365381  -0.00410855            0
EndNode1[0]<--->Repeater1[0]
REAL
        0.5 -0.00268869  -0.0288087    0.322444
-0.00268869    0.066313   0.0176578 -0.00164818
 -0.0288087   0.0176578   0.0782493 -0.00746359
   0.322444 -0.00164818 -0.00746359    0.355438
IMAGINARY
           0    0.0022727  -0.00751899  0.000823661
  -0.0022727            0   -0.0219877 -3.76892e-05
  0.00751899    0.0219877            0    0.0115812
-0.000823661  3.76892e-05   -0.0115812            0
EndNode2[0]<--->HoM1[0]
REAL
   0.456522   0.0123166   -0.003832    0.367078
  0.0123166   0.0524297  0.00517959 -0.00584542
  -0.003832  0.00517959   0.0524297  -0.0103812
   0.367078 -0.00584542  -0.0103812    0.438619
IMAGINARY
           0   -0.0123827    0.0140303   0.00221117
   0.0123827            0  0.000366151  -0.00971463
  -0.0140303 -0.000366151            0    0.0154654
 -0.00221117   0.00971463   -0.0154654            0
Repeater1[0]<--->EndNode1[0]
REAL
        0.5  -0.0288087 -0.00268869    0.322444
 -0.0288087   0.0782493   0.0176578 -0.00746359
-0.00268869   0.0176578    0.066313 -0.00164818
   0.322444 -0.00746359 -0.00164818    0.355438
IMAGINARY
           0  -0.00751899    0.0022727  0.000823661
  0.00751899            0    0.0219877    0.0115812
  -0.0022727   -0.0219877            0 -3.76892e-05
-0.000823661   -0.0115812  3.76892e-05            0
Repeater1[0]<--->HoM1[0]
REAL
   0.456522   -0.003832   0.0123166    0.367078
  -0.003832   0.0524297  0.00517959  -0.0103812
  0.0123166  0.00517959   0.0524297 -0.00584542
   0.367078  -0.0103812 -0.00584542    0.438619
IMAGINARY
           0    0.0140303   -0.0123827   0.00221117
  -0.0140303            0 -0.000366151    0.0154654
   0.0123827  0.000366151            0  -0.00971463
 -0.00221117   -0.0154654   0.00971463            0
EndNode1[0]<--->Repeater1[0]
REAL
    0.464993 -0.000313676  0.000769224     0.340844
-0.000313676    0.0739762  -0.00771988    0.0249522
 0.000769224  -0.00771988    0.0594452 -0.000313676
    0.340844    0.0249522 -0.000313676     0.401585
IMAGINARY
          0   -0.012397 -0.00907844 -0.00293088
   0.012397           0 -0.00818023 -0.00397639
 0.00907844  0.00818023           0  -0.0111017
 0.00293088  0.00397639   0.0111017           0
EndNode2[0]<--->HoM1[0]
REAL
    0.46114  0.00776747 -0.00964937    0.362563
 0.00776747   0.0699482  0.00599417 0.000628748
-0.00964937  0.00599417   0.0556995  0.00383047
   0.362563 0.000628748  0.00383047    0.413212
IMAGINARY
           0   0.00189631    0.0102805 -0.000325618
 -0.00189631            0    0.0143443   0.00178381
  -0.0102805   -0.0143443            0   -0.0153011
 0.000325618  -0.00178381    0.0153011            0
Repeater1[0]<--->EndNode1[0]
REAL
    0.464993  0.000769224 -0.000313676     0.340844
 0.000769224    0.0594452  -0.00771988 -0.000313676
-0.000313676  -0.00771988    0.0739762    0.0249522
    0.340844 -0.000313676    0.0249522     0.401585
IMAGINARY
          0 -0.00907844   -0.012397 -0.00293088
 0.00907844           0  0.00818023  -0.0111017
   0.012397 -0.00818023           0 -0.00397639
 0.00293088   0.0111017  0.00397639           0
Repeater1[0]<--->HoM1[0]
REAL
    0.46114 -0.00964937  0.00776747    0.362563
-0.00964937   0.0556995  0.00599417  0.00383047
 0.00776747  0.00599417   0.0699482 0.000628748
   0.362563  0.00383047 0.000628748    0.413212
IMAGINARY
           0    0.0102805   0.00189631 -0.000325618
  -0.0102805            0   -0.0143443   -0.0153011
 -0.00189631    0.0143443            0   0.00178381
 0.000325618    0.0153011  -0.00178381            0
EndNode1[0]<--->Repeater1[0]
REAL
  0.473324 -0.0123885   0.013737   0.333936
-0.0123885  0.0766074  0.0115182 -0.0176331
  0.013737  0.0115182  0.0752394 0.00719372
  0.333936 -0.0176331 0.00719372   0.374829
IMAGINARY
          0   0.0233477   -0.023619  0.00704875
 -0.0233477           0   0.0167013  -0.0166833
   0.023619  -0.0167013           0   0.0106573
-0.00704875   0.0166833  -0.0106573           0
EndNode2[0]<--->HoM1[0]
REAL
   0.479087  -0.0267518 -0.00868375    0.374609
 -0.0267518   0.0456274 0.000712371 -0.00931111
-0.00868375 0.000712371   0.0519645   0.0151837
   0.374609 -0.00931111   0.0151837    0.423321
IMAGINARY
           0 -0.000305705   0.00476149     -0.01652
 0.000305705            0    0.0119568   0.00343523
 -0.00476149   -0.0119568            0   -0.0154572
     0.01652  -0.00343523    0.0154572            0
Repeater1[0]<--->EndNode1[0]
REAL
  0.473324   0.013737 -0.0123885   0.333936
  0.013737  0.0752394  0.0115182 0.00719372
-0.0123885  0.0115182  0.0766074 -0.0176331
  0.333936 0.00719372 -0.0176331   0.374829
IMAGINARY
          0   -0.023619   0.0233477  0.00704875
   0.023619           0  -0.0167013   0.0106573
 -0.0233477   0.0167013           0  -0.0166833
-0.00704875  -0.0106573   0.0166833           0
Repeater1[0]<--->HoM1[0]
REAL
   0.479087 -0.00868375  -0.0267518    0.374609
-0.00868375   0.0519645 0.000712371   0.0151837
 -0.0267518 0.000712371   0.0456274 -0.00931111
   0.374609   0.0151837 -0.00931111    0.423321
IMAGINARY
           0   0.00476149 -0.000305705     -0.01652
 -0.00476149            0   -0.0119568   -0.0154572
 0.000305705    0.0119568            0   0.00343523
     0.01652    0.0154572  -0.00343523            0
EndNode1[0]<--->Repeater1[0]
REAL
   0.478599  0.00983499 -0.00448511    0.340809
 0.00983499   0.0661479   0.0114485  0.00243313
-0.00448511   0.0114485   0.0726329 -0.00641501
   0.340809  0.00243313 -0.00641501     0.38262
IMAGINARY
          0 -0.00186284   0.0135934 -0.00585066
 0.00186284           0  -0.0110455 -0.00167374
 -0.0135934   0.0110455           0 -0.00252862
 0.00585066  0.00167374  0.00252862           0
EndNode2[0]<--->HoM1[0]
REAL
    0.47619 0.000256497   -0.018503    0.369491
0.000256497   0.0626566  0.00359095   0.0108321
  -0.018503  0.00359095   0.0614035 -0.00932205
   0.369491   0.0108321 -0.00932205    0.399749
IMAGINARY
          0   0.0136902  0.00824839  0.00342466
 -0.0136902           0  0.00342466  0.00133015
-0.00824839 -0.00342466           0 -0.00666598
-0.00342466 -0.00133015  0.00666598           0
Repeater1[0]<--->EndNode1[0]
REAL
   0.478599 -0.00448511  0.00983499    0.340809
-0.00448511   0.0726329   0.0114485 -0.00641501
 0.00983499   0.0114485   0.0661479  0.00243313
   0.340809 -0.00641501  0.00243313     0.38262
IMAGINARY
          0   0.0135934 -0.00186284 -0.00585066
 -0.0135934           0   0.0110455 -0.00252862
 0.00186284  -0.0110455           0 -0.00167374
 0.00585066  0.00252862  0.00167374           0
Repeater1[0]<--->HoM1[0]
REAL
    0.47619   -0.018503 0.000256497    0.369491
  -0.018503   0.0614035  0.00359095 -0.00932205
0.000256497  0.00359095   0.0626566   0.0108321
   0.369491 -0.00932205   0.0108321    0.399749
IMAGINARY
          0  0.00824839   0.0136902  0.00342466
-0.00824839           0 -0.00342466 -0.00666598
 -0.0136902  0.00342466           0  0.00133015
-0.00342466  0.00666598 -0.00133015           0
EndNode1[0]<--->Repeater1[0]
REAL
       0.49  0.00866677   0.0185124    0.341277
 0.00866677     0.07625  0.00663154  0.00113272
  0.0185124  0.00663154      0.0625 -0.00169592
   0.341277  0.00113272 -0.00169592     0.37125
IMAGINARY
          0    0.006917  0.00479468   0.0115064
  -0.006917           0  0.00446413   -0.010044
-0.00479468 -0.00446413           0   -0.006917
 -0.0115064    0.010044    0.006917           0
EndNode2[0]<--->HoM1[0]
REAL
   0.443559 -0.00350316   -0.018239    0.366503
-0.00350316   0.0557769   0.0039374  0.00628931
  -0.018239   0.0039374   0.0664011 -0.00718866
   0.366503  0.00628931 -0.00718866    0.434263
IMAGINARY
          0 -0.00752832  0.00950372  0.00741687
 0.00752832           0  0.00613152  0.00227639
-0.00950372 -0.00613152           0  -0.0107963
-0.00741687 -0.00227639   0.0107963           0
Repeater1[0]<--->EndNode1[0]
REAL
       0.49   0.0185124  0.00866677    0.341277
  0.0185124      0.0625  0.00663154 -0.00169592
 0.00866677  0.00663154     0.07625  0.00113272
   0.341277 -0.00169592  0.00113272     0.37125
IMAGINARY
          0  0.00479468    0.006917   0.0115064
-0.00479468           0 -0.00446413   -0.006917
  -0.006917  0.00446413           0   -0.010044
 -0.0115064    0.006917    0.010044           0
Repeater1[0]<--->HoM1[0]
REAL
   0.443559   -0.018239 -0.00350316    0.366503
  -0.018239   0.0664011   0.0039374 -0.00718866
-0.00350316   0.0039374   0.0557769  0.00628931
   0.366503 -0.00718866  0.00628931    0.434263
IMAGINARY
          0  0.00950372 -0.00752832  0.00741687
-0.00950372           0 -0.00613152  -0.0107963
 0.00752832  0.00613152           0  0.00227639
-0.00741687   0.0107963 -0.00227639           0
EndNode1[0]<--->Repeater1[0]
REAL
   0.473819   0.0159979   0.0119806    0.345468
  0.0159979   0.0613027   0.0164671  -0.0113355
  0.0119806   0.0164671   0.0766284 -0.00890114
   0.345468  -0.0113355 -0.00890114     0.38825
IMAGINARY
           0 -0.000971992  -0.00451898    0.0056652
 0.000971992            0   0.00502663     0.001099
  0.00451898  -0.00502663            0   0.00575995
  -0.0056652    -0.001099  -0.00575995            0
EndNode2[0]<--->HoM1[0]
REAL
    0.47263  0.00305454  -0.0104702    0.358066
 0.00305454   0.0560748   0.0233775  0.00144954
 -0.0104702   0.0233775   0.0520694 -0.00692052
   0.358066  0.00144954 -0.00692052    0.419226
IMAGINARY
          0   0.0169386  -0.0411987   0.0125477
 -0.0169386           0 -0.00236803   0.0100334
  0.0411987  0.00236803           0 -0.00474344
 -0.0125477  -0.0100334  0.00474344           0
Repeater1[0]<--->EndNode1[0]
REAL
   0.473819   0.0119806   0.0159979    0.345468
  0.0119806   0.0766284   0.0164671 -0.00890114
  0.0159979   0.0164671   0.0613027  -0.0113355
   0.345468 -0.00890114  -0.0113355     0.38825
IMAGINARY
           0  -0.00451898 -0.000971992    0.0056652
  0.00451898            0  -0.00502663   0.00575995
 0.000971992   0.00502663            0     0.001099
  -0.0056652  -0.00575995    -0.001099            0
Repeater1[0]<--->HoM1[0]
REAL
    0.47263  -0.0104702  0.00305454    0.358066
 -0.0104702   0.0520694   0.0233775 -0.00692052
 0.00305454   0.0233775   0.0560748  0.00144954
   0.358066 -0.00692052  0.00144954    0.419226
IMAGINARY
          0  -0.0411987   0.0169386   0.0125477
  0.0411987           0  0.00236803 -0.00474344
 -0.0169386 -0.00236803           0   0.0100334
 -0.0125477  0.00474344  -0.0100334           0
EndNode1[0]<--->Repeater1[0]
REAL
   0.466578  0.00527997 -0.00310874    0.344462
 0.00527997   0.0601604   0.0128694  -0.0107618
-0.00310874   0.0128694   0.0721925 -0.00329846
   0.344462  -0.0107618 -0.00329846     0.40107
IMAGINARY
          0    0.012853  0.00372399 -0.00417297
  -0.012853           0  -0.0152263 -0.00241851
-0.00372399   0.0152263           0  0.00281282
 0.00417297  0.00241851 -0.00281282           0
EndNode2[0]<--->HoM1[0]
REAL
   0.436129   0.0032812  -0.0058008    0.377939
  0.0032812   0.0529032   0.0115216 -0.00319663
 -0.0058008   0.0115216   0.0516129 -0.00199585
   0.377939 -0.00319663 -0.00199585    0.459355
IMAGINARY
          0  -0.0177332  0.00851965  0.00231194
  0.0177332           0    0.018185 -0.00290167
-0.00851965   -0.018185           0 -0.00411451
-0.00231194  0.00290167  0.00411451           0
Repeater1[0]<--->EndNode1[0]
REAL
   0.466578 -0.00310874  0.00527997    0.344462
-0.00310874   0.0721925   0.0128694 -0.00329846
 0.00527997   0.0128694   0.0601604  -0.0107618
   0.344462 -0.00329846  -0.0107618     0.40107
IMAGINARY
          0  0.00372399    0.012853 -0.00417297
-0.00372399           0   0.0152263  0.00281282
  -0.012853  -0.0152263           0 -0.00241851
 0.00417297 -0.00281282  0.00241851           0
Repeater1[0]<--->HoM1[0]
REAL
   0.436129  -0.0058008   0.0032812    0.377939
 -0.0058008   0.0516129   0.0115216 -0.00199585
  0.0032812   0.0115216   0.0529032 -0.00319663
   0.377939 -0.00199585 -0.00319663    0.459355
IMAGINARY
          0  0.00851965  -0.0177332  0.00231194
-0.00851965           0   -0.018185 -0.00411451
  0.0177332    0.018185           0 -0.00290167
-0.00231194  0.00411451  0.00290167           0
EndNode1[0]<--->Repeater1[0]
REAL
     0.4753   0.0133748  -0.0177778    0.339553
  0.0133748   0.0761015  0.00404346  0.00546255
 -0.0177778  0.00404346   0.0801068 -0.00229103
   0.339553  0.00546255 -0.00229103    0.368491
IMAGINARY
          0 -0.00138319 -0.00940589   0.0191389
 0.00138319           0  0.00414542 -0.00756539
 0.00940589 -0.00414542           0   0.0105216
 -0.0191389  0.00756539  -0.0105216           0
EndNode2[0]<--->HoM1[0]
REAL
  0.446589 0.00457513 -0.0176591   0.367922
0.00457513  0.0566281 0.00739915 0.00480561
-0.0176591 0.00739915  0.0733591 -0.0135726
  0.367922 0.00480561 -0.0135726   0.423423
IMAGINARY
          0  0.00643923  0.00251436   -0.017606
-0.00643923           0   0.0089045   -0.010609
-0.00251436  -0.0089045           0   0.0091274
   0.017606    0.010609  -0.0091274           0
Repeater1[0]<--->EndNode1[0]
REAL
     0.4753  -0.0177778   0.0133748    0.339553
 -0.0177778   0.0801068  0.00404346 -0.00229103
  0.0133748  0.00404346   0.0761015  0.00546255
   0.339553 -0.00229103  0.00546255    0.368491
IMAGINARY
          0 -0.00940589 -0.00138319   0.0191389
 0.00940589           0 -0.00414542   0.0105216
 0.00138319  0.00414542           0 -0.00756539
 -0.0191389  -0.0105216  0.00756539           0
Repeater1[0]<--->HoM1[0]
REAL
  0.446589 -0.0176591 0.00457513   0.367922
-0.0176591  0.0733591 0.00739915 -0.0135726
0.00457513 0.00739915  0.0566281 0.00480561
  0.367922 -0.0135726 0.00480561   0.423423
IMAGINARY
          0  0.00251436  0.00643923   -0.017606
-0.00251436           0  -0.0089045   0.0091274
-0.00643923   0.0089045           0   -0.010609
   0.017606  -0.0091274    0.010609           0
EndNode1[0]<--->Repeater1[0]
REAL
    0.465116 -0.000218254   -0.0165915     0.351671
-0.000218254    0.0594315    0.0120853  -0.00324973
  -0.0165915    0.0120853    0.0775194  -0.00771825
    0.351671  -0.00324973  -0.00771825     0.397933
IMAGINARY
          0   0.0181351 -0.00025703  -0.0103692
 -0.0181351           0  0.00418107 -0.00815177
 0.00025703 -0.00418107           0  -0.0174883
  0.0103692  0.00815177   0.0174883           0
EndNode2[0]<--->HoM1[0]
REAL
  0.483117 -0.0292121 -0.0117801   0.376302
-0.0292121  0.0597403   0.011133 -0.0065445
-0.0117801   0.011133  0.0649351 -0.0126727
  0.376302 -0.0065445 -0.0126727   0.392208
IMAGINARY
          0  0.00468165   0.0206395  0.00220442
-0.00468165           0 -0.00347024  -0.0175184
 -0.0206395  0.00347024           0  0.00468165
-0.00220442   0.0175184 -0.00468165           0
Repeater1[0]<--->EndNode1[0]
REAL
    0.465116   -0.0165915 -0.000218254     0.351671
  -0.0165915    0.0775194    0.0120853  -0.00771825
-0.000218254    0.0120853    0.0594315  -0.00324973
    0.351671  -0.00771825  -0.00324973     0.397933
IMAGINARY
          0 -0.00025703   0.0181351  -0.0103692
 0.00025703           0 -0.00418107  -0.0174883
 -0.0181351  0.00418107           0 -0.00815177
  0.0103692   0.0174883  0.00815177           0
Repeater1[0]<--->HoM1[0]
REAL
  0.483117 -0.0117801 -0.0292121   0.376302
-0.0117801  0.0649351   0.011133 -0.0126727
-0.0292121   0.011133  0.0597403 -0.0065445
  0.376302 -0.0126727 -0.0065445   0.392208
IMAGINARY
          0   0.0206395  0.00468165  0.00220442
 -0.0206395           0  0.00347024  0.00468165
-0.00468165 -0.00347024           0  -0.0175184
-0.00220442 -0.00468165   0.0175184           0
EndNode1[0]<--->Repeater1[0]
REAL
   0.431373  -0.0143153 -0.00981679     0.33021
 -0.0143153   0.0882353   0.0177904 -0.00218321
-0.00981679   0.0177904   0.0796569  -0.0136847
    0.33021 -0.00218321  -0.0136847    0.400735
IMAGINARY
          0  -0.0170408   0.0284782 -0.00965657
  0.0170408           0  0.00529792   0.0148595
 -0.0284782 -0.00529792           0 -0.00689194
 0.00965657  -0.0148595  0.00689194           0
EndNode2[0]<--->HoM1[0]
REAL
  0.448095 -0.0094611  0.0181276   0.374499
-0.0094611   0.064389 0.00133511 0.00123151
 0.0181276 0.00133511  0.0578187 0.00612332
  0.374499 0.00123151 0.00612332   0.429698
IMAGINARY
          0  -0.0141113   0.0342994  -0.0202014
  0.0141113           0  -0.0133005 -0.00425937
 -0.0342994   0.0133005           0  -0.0172639
  0.0202014  0.00425937   0.0172639           0
Repeater1[0]<--->EndNode1[0]
REAL
   0.431373 -0.00981679  -0.0143153     0.33021
-0.00981679   0.0796569   0.0177904  -0.0136847
 -0.0143153   0.0177904   0.0882353 -0.00218321
    0.33021  -0.0136847 -0.00218321    0.400735
IMAGINARY
          0   0.0284782  -0.0170408 -0.00965657
 -0.0284782           0 -0.00529792 -0.00689194
  0.0170408  0.00529792           0   0.0148595
 0.00965657  0.00689194  -0.0148595           0
Repeater1[0]<--->HoM1[0]
REAL
  0.448095  0.0181276 -0.0094611   0.374499
 0.0181276  0.0578187 0.00133511 0.00612332
-0.0094611 0.00133511   0.064389 0.00123151
  0.374499 0.00612332 0.00123151   0.429698
IMAGINARY
          0   0.0342994  -0.0141113  -0.0202014
 -0.0342994           0   0.0133005  -0.0172639
  0.0141113  -0.0133005           0 -0.00425937
  0.0202014   0.0172639  0.00425937           0
EndNode1[0]<--->Repeater1[0]
REAL
  0.476319 -0.0170391 -0.0112484   0.330262
-0.0170391  0.0771313  0.0134879  0.0124984
-0.0112484  0.0134879   0.082544 0.00453915
  0.330262  0.0124984 0.00453915   0.364005
IMAGINARY
          0   0.0103644 -0.00276126  -0.0104503
 -0.0103644           0 -0.00559592  0.00598706
 0.00276126  0.00559592           0 -0.00584829
  0.0104503 -0.00598706  0.00584829           0
EndNode2[0]<--->HoM1[0]
REAL
   0.458896 -0.00171715  0.00188343    0.363728
-0.00171715   0.0625767   0.0022509  -0.0173473
 0.00188343   0.0022509   0.0588957  0.00944911
   0.363728  -0.0173473  0.00944911    0.419632
IMAGINARY
           0  -0.00270058   0.00287356  0.000460754
  0.00270058            0   -0.0110725  -0.00287356
 -0.00287356    0.0110725            0   0.00401985
-0.000460754   0.00287356  -0.00401985            0
Repeater1[0]<--->EndNode1[0]
REAL
  0.476319 -0.0112484 -0.0170391   0.330262
-0.0112484   0.082544  0.0134879 0.00453915
-0.0170391  0.0134879  0.0771313  0.0124984
  0.330262 0.00453915  0.0124984   0.364005
IMAGINARY
          0 -0.00276126   0.0103644  -0.0104503
 0.00276126           0  0.00559592 -0.00584829
 -0.0103644 -0.00559592           0  0.00598706
  0.0104503  0.00584829 -0.00598706           0
Repeater1[0]<--->HoM1[0]
REAL
   0.458896  0.00188343 -0.00171715    0.363728
 0.00188343   0.0588957   0.0022509  0.00944911
-0.00171715   0.0022509   0.0625767  -0.0173473
   0.363728  0.00944911  -0.0173473    0.419632
IMAGINARY
           0   0.00287356  -0.00270058  0.000460754
 -0.00287356            0    0.0110725   0.00401985
  0.00270058   -0.0110725            0  -0.00287356
-0.000460754  -0.00401985   0.00287356            0
EndNode1[0]<--->Repeater1[0]
REAL
  0.438964 -0.0412228 -0.0256581   0.348068
-0.0412228   0.081381 0.00452168 -0.0175026
-0.0256581 0.00452168  0.0690506 -0.0192021
  0.348068 -0.0175026 -0.0192021   0.410604
IMAGINARY
           0  -0.00431608    0.0145962 -0.000499818
  0.00431608            0  -0.00888692    0.0186502
  -0.0145962   0.00888692            0   -0.0106774
 0.000499818   -0.0186502    0.0106774            0
EndNode2[0]<--->HoM1[0]
REAL
    0.48067 -0.00779481 -0.00201739    0.374083
-0.00779481   0.0528351   0.0027829   0.0194303
-0.00201739   0.0027829   0.0476804   0.0214764
   0.374083   0.0194303   0.0214764    0.418814
IMAGINARY
