EndNode1[0]<--->Repeater1[0]
REAL
  0.463787 0.00986001 0.00450238   0.202906
0.00986001   0.114358  0.0165085 -0.0018428
0.00450238  0.0165085  0.0736976 0.00210807
  0.202906 -0.0018428 0.00210807   0.348158
IMAGINARY
           0  0.000735972   -0.0248549  -0.00549656
-0.000735972            0   -0.0103865    0.0172982
   0.0248549    0.0103865            0  -0.00955209
  0.00549656   -0.0172982   0.00955209            0
EndNode2[0]<--->HoM1[0]
REAL
     0.4487   0.0184871 -0.00616952    0.230401
  0.0184871   0.0697674  -0.0141156   0.0239812
-0.00616952  -0.0141156   0.0615595    0.010775
   0.230401   0.0239812    0.010775    0.419973
IMAGINARY
          0  0.00458396   0.0272526   -0.011301
-0.00458396           0 -0.00575225  -0.0201558
 -0.0272526  0.00575225           0  0.00896443
   0.011301   0.0201558 -0.00896443           0
Repeater1[0]<--->EndNode1[0]
REAL
  0.463787 0.00450238 0.00986001   0.202906
0.00450238  0.0736976  0.0165085 0.00210807
0.00986001  0.0165085   0.114358 -0.0018428
  0.202906 0.00210807 -0.0018428   0.348158
IMAGINARY
           0   -0.0248549  0.000735972  -0.00549656
   0.0248549            0    0.0103865  -0.00955209
-0.000735972   -0.0103865            0    0.0172982
  0.00549656   0.00955209   -0.0172982            0
Repeater1[0]<--->HoM1[0]
REAL
     0.4487 -0.00616952   0.0184871    0.230401
-0.00616952   0.0615595  -0.0141156    0.010775
  0.0184871  -0.0141156   0.0697674   0.0239812
   0.230401    0.010775   0.0239812    0.419973
IMAGINARY
          0   0.0272526  0.00458396   -0.011301
 -0.0272526           0  0.00575225  0.00896443
-0.00458396 -0.00575225           0  -0.0201558
   0.011301 -0.00896443   0.0201558           0
