EndNode1[0]<--->Repeater1[0]
REAL
   0.476982 -0.00997991 0.000595919    0.264412
-0.00997991   0.0498721  0.00462057   0.0387589
0.000595919  0.00462057   0.0498721   0.0248186
   0.264412   0.0387589   0.0248186    0.423274
IMAGINARY
          0 -0.00396364  0.00109871   0.0148479
 0.00396364           0  0.00221249 -0.00762612
-0.00109871 -0.00221249           0   0.0261568
 -0.0148479  0.00762612  -0.0261568           0
EndNode2[0]<--->HoM1[0]
REAL
   0.44598 0.00124463 0.00124637   0.269657
0.00124463  0.0339196   0.004537 -0.0111719
0.00124637   0.004537  0.0414573 -0.0285399
  0.269657 -0.0111719 -0.0285399   0.478643
IMAGINARY
          0 -0.00648919 -0.00847518  -0.0131955
 0.00648919           0  0.00889751 -0.00910569
 0.00847518 -0.00889751           0 -0.00265287
  0.0131955  0.00910569  0.00265287           0
Repeater1[0]<--->EndNode1[0]
REAL
   0.476982 0.000595919 -0.00997991    0.264412
0.000595919   0.0498721  0.00462057   0.0248186
-0.00997991  0.00462057   0.0498721   0.0387589
   0.264412   0.0248186   0.0387589    0.423274
IMAGINARY
          0  0.00109871 -0.00396364   0.0148479
-0.00109871           0 -0.00221249   0.0261568
 0.00396364  0.00221249           0 -0.00762612
 -0.0148479  -0.0261568  0.00762612           0
Repeater1[0]<--->HoM1[0]
REAL
   0.44598 0.00124637 0.00124463   0.269657
0.00124637  0.0414573   0.004537 -0.0285399
0.00124463   0.004537  0.0339196 -0.0111719
  0.269657 -0.0285399 -0.0111719   0.478643
IMAGINARY
          0 -0.00847518 -0.00648919  -0.0131955
 0.00847518           0 -0.00889751 -0.00265287
 0.00648919  0.00889751           0 -0.00910569
  0.0131955  0.00265287  0.00910569           0
EndNode1[0]<--->Repeater1[0]
REAL
   0.463087  -0.0169248 -0.00343235    0.273226
 -0.0169248   0.0389262  0.00321319   0.0161499
-0.00343235  0.00321319   0.0550336  0.00688468
   0.273226   0.0161499  0.00688468    0.442953
IMAGINARY
          0 -0.00263796   0.0151656  0.00214797
 0.00263796           0   0.0046171   0.0210479
 -0.0151656  -0.0046171           0  0.00581458
-0.00214797  -0.0210479 -0.00581458           0
EndNode2[0]<--->HoM1[0]
REAL
   0.503001  0.00764951   -0.002793    0.294945
 0.00764951   0.0336134   0.0181266  -0.0096253
  -0.002793   0.0181266   0.0432173 -0.00307435
   0.294945  -0.0096253 -0.00307435    0.420168
IMAGINARY
           0  -0.00994725    0.0164203 -1.64801e-05
  0.00994725            0   0.00405961  -0.00470641
  -0.0164203  -0.00405961            0  -0.00546582
 1.64801e-05   0.00470641   0.00546582            0
Repeater1[0]<--->EndNode1[0]
REAL
   0.463087 -0.00343235  -0.0169248    0.273226
-0.00343235   0.0550336  0.00321319  0.00688468
 -0.0169248  0.00321319   0.0389262   0.0161499
   0.273226  0.00688468   0.0161499    0.442953
IMAGINARY
          0   0.0151656 -0.00263796  0.00214797
 -0.0151656           0  -0.0046171  0.00581458
 0.00263796   0.0046171           0   0.0210479
-0.00214797 -0.00581458  -0.0210479           0
Repeater1[0]<--->HoM1[0]
REAL
   0.503001   -0.002793  0.00764951    0.294945
  -0.002793   0.0432173   0.0181266 -0.00307435
 0.00764951   0.0181266   0.0336134  -0.0096253
   0.294945 -0.00307435  -0.0096253    0.420168
IMAGINARY
           0    0.0164203  -0.00994725 -1.64801e-05
  -0.0164203            0  -0.00405961  -0.00546582
  0.00994725   0.00405961            0  -0.00470641
 1.64801e-05   0.00546582   0.00470641            0
EndNode1[0]<--->Repeater1[0]
REAL
   0.430288  -0.0182905 -0.00849242    0.273626
 -0.0182905   0.0480769 -0.00991837  -0.0110898
-0.00849242 -0.00991837   0.0516827   -0.015652
   0.273626  -0.0110898   -0.015652    0.469952
IMAGINARY
          0  0.00974749  -0.0244858   0.0251991
-0.00974749           0  -0.0226151  0.00676424
  0.0244858   0.0226151           0  -0.0236715
 -0.0251991 -0.00676424   0.0236715           0
EndNode2[0]<--->HoM1[0]
REAL
   0.476127  -0.0127037  0.00395794    0.270892
 -0.0127037   0.0464191   0.0163937 -0.00518044
 0.00395794   0.0163937   0.0318302  -0.0154137
   0.270892 -0.00518044  -0.0154137    0.445623
IMAGINARY
           0   0.00352687    0.0325972  0.000299911
 -0.00352687            0    0.0148118   -0.0287411
  -0.0325972   -0.0148118            0  -0.00866826
-0.000299911    0.0287411   0.00866826            0
Repeater1[0]<--->EndNode1[0]
REAL
   0.430288 -0.00849242  -0.0182905    0.273626
-0.00849242   0.0516827 -0.00991837   -0.015652
 -0.0182905 -0.00991837   0.0480769  -0.0110898
   0.273626   -0.015652  -0.0110898    0.469952
IMAGINARY
          0  -0.0244858  0.00974749   0.0251991
  0.0244858           0   0.0226151  -0.0236715
-0.00974749  -0.0226151           0  0.00676424
 -0.0251991   0.0236715 -0.00676424           0
Repeater1[0]<--->HoM1[0]
REAL
   0.476127  0.00395794  -0.0127037    0.270892
 0.00395794   0.0318302   0.0163937  -0.0154137
 -0.0127037   0.0163937   0.0464191 -0.00518044
   0.270892  -0.0154137 -0.00518044    0.445623
IMAGINARY
           0    0.0325972   0.00352687  0.000299911
  -0.0325972            0   -0.0148118  -0.00866826
 -0.00352687    0.0148118            0   -0.0287411
-0.000299911   0.00866826    0.0287411            0
EndNode1[0]<--->Repeater1[0]
REAL
  0.478927 -0.0207442 -0.0154048   0.260796
-0.0207442  0.0357599 -0.0266695 0.00350003
-0.0154048 -0.0266695  0.0472542 -0.0136474
  0.260796 0.00350003 -0.0136474   0.438059
IMAGINARY
          0  0.00977782  -0.0160746   0.0039915
-0.00977782           0   0.0133782  0.00517541
  0.0160746  -0.0133782           0   0.0174701
 -0.0039915 -0.00517541  -0.0174701           0
EndNode2[0]<--->HoM1[0]
REAL
   0.461259  -0.0182267  -0.0118978    0.289849
 -0.0182267   0.0387409  -0.0114846  0.00662074
 -0.0118978  -0.0114846    0.031477 -0.00288146
   0.289849  0.00662074 -0.00288146    0.468523
IMAGINARY
          0 -0.00419048  -0.0141043   -0.018076
 0.00419048           0   0.0201058   0.0061043
  0.0141043  -0.0201058           0  -0.0184762
   0.018076  -0.0061043   0.0184762           0
Repeater1[0]<--->EndNode1[0]
REAL
  0.478927 -0.0154048 -0.0207442   0.260796
-0.0154048  0.0472542 -0.0266695 -0.0136474
-0.0207442 -0.0266695  0.0357599 0.00350003
  0.260796 -0.0136474 0.00350003   0.438059
IMAGINARY
          0  -0.0160746  0.00977782   0.0039915
  0.0160746           0  -0.0133782   0.0174701
-0.00977782   0.0133782           0  0.00517541
 -0.0039915  -0.0174701 -0.00517541           0
Repeater1[0]<--->HoM1[0]
REAL
   0.461259  -0.0118978  -0.0182267    0.289849
 -0.0118978    0.031477  -0.0114846 -0.00288146
 -0.0182267  -0.0114846   0.0387409  0.00662074
   0.289849 -0.00288146  0.00662074    0.468523
IMAGINARY
          0  -0.0141043 -0.00419048   -0.018076
  0.0141043           0  -0.0201058  -0.0184762
 0.00419048   0.0201058           0   0.0061043
   0.018076   0.0184762  -0.0061043           0
