EndNode1[0]<--->Repeater1[0]
REAL
   0.472362   0.0057743  0.00517142    0.343661
  0.0057743   0.0590452  0.00329131  0.00196218
 0.00517142  0.00329131   0.0791457 -0.00382877
   0.343661  0.00196218 -0.00382877    0.389447
IMAGINARY
           0  -0.00196674   -0.0102144    0.0104063
  0.00196674            0   -0.0156419  0.000979601
   0.0102144    0.0156419            0   0.00724379
  -0.0104063 -0.000979601  -0.00724379            0
EndNode2[0]<--->HoM1[0]
REAL
  0.486111 0.00648404 -0.0198846   0.388685
0.00648404  0.0782828 0.00748353   0.025447
-0.0198846 0.00748353  0.0542929 -0.0281157
  0.388685   0.025447 -0.0281157   0.381313
IMAGINARY
          0 -0.00504071  -0.0175551  0.00445454
 0.00504071           0  0.00572358 -0.00202715
  0.0175551 -0.00572358           0   0.0180955
-0.00445454  0.00202715  -0.0180955           0
Repeater1[0]<--->EndNode1[0]
REAL
   0.472362  0.00517142   0.0057743    0.343661
 0.00517142   0.0791457  0.00329131 -0.00382877
  0.0057743  0.00329131   0.0590452  0.00196218
   0.343661 -0.00382877  0.00196218    0.389447
IMAGINARY
           0   -0.0102144  -0.00196674    0.0104063
   0.0102144            0    0.0156419   0.00724379
  0.00196674   -0.0156419            0  0.000979601
  -0.0104063  -0.00724379 -0.000979601            0
Repeater1[0]<--->HoM1[0]
REAL
  0.486111 -0.0198846 0.00648404   0.388685
-0.0198846  0.0542929 0.00748353 -0.0281157
0.00648404 0.00748353  0.0782828   0.025447
  0.388685 -0.0281157   0.025447   0.381313
IMAGINARY
          0  -0.0175551 -0.00504071  0.00445454
  0.0175551           0 -0.00572358   0.0180955
 0.00504071  0.00572358           0 -0.00202715
-0.00445454  -0.0180955  0.00202715           0
