EndNode1[0]<--->Repeater1[0]
REAL
   0.417303 -0.00796965 1.00937e-05    0.299499
-0.00796965    0.110687 -0.00653004  0.00259407
1.00937e-05 -0.00653004    0.118321  0.00927173
   0.299499  0.00259407  0.00927173     0.35369
IMAGINARY
          0  0.00123242  0.00917431  0.00402193
-0.00123242           0 -0.00279343 -0.00196592
-0.00917431  0.00279343           0  -0.0136833
-0.00402193  0.00196592   0.0136833           0
EndNode2[0]<--->HoM1[0]
REAL
   0.455346   0.0231494   0.0169705    0.340556
  0.0231494    0.104403   0.0335176  0.00525174
  0.0169705   0.0335176   0.0893082 -0.00586545
   0.340556  0.00525174 -0.00586545    0.350943
IMAGINARY
          0  0.00391992  0.00712486  -0.0122447
-0.00391992           0   0.0075966   0.0147198
-0.00712486  -0.0075966           0  0.00457523
  0.0122447  -0.0147198 -0.00457523           0
Repeater1[0]<--->EndNode1[0]
REAL
   0.417303 1.00937e-05 -0.00796965    0.299499
1.00937e-05    0.118321 -0.00653004  0.00927173
-0.00796965 -0.00653004    0.110687  0.00259407
   0.299499  0.00927173  0.00259407     0.35369
IMAGINARY
          0  0.00917431  0.00123242  0.00402193
-0.00917431           0  0.00279343  -0.0136833
-0.00123242 -0.00279343           0 -0.00196592
-0.00402193   0.0136833  0.00196592           0
Repeater1[0]<--->HoM1[0]
REAL
   0.455346   0.0169705   0.0231494    0.340556
  0.0169705   0.0893082   0.0335176 -0.00586545
  0.0231494   0.0335176    0.104403  0.00525174
   0.340556 -0.00586545  0.00525174    0.350943
IMAGINARY
          0  0.00712486  0.00391992  -0.0122447
-0.00712486           0  -0.0075966  0.00457523
-0.00391992   0.0075966           0   0.0147198
  0.0122447 -0.00457523  -0.0147198           0
EndNode1[0]<--->Repeater1[0]
REAL
   0.441489 -0.00984924  0.00584331    0.286969
-0.00984924    0.101064   0.0189278 -0.00707182
 0.00584331   0.0189278    0.106383 -0.00120727
   0.286969 -0.00707182 -0.00120727    0.351064
IMAGINARY
           0  0.000300518  -0.00226978    0.0196706
-0.000300518            0   0.00176782   0.00226978
  0.00226978  -0.00176782            0    0.0022768
  -0.0196706  -0.00226978   -0.0022768            0
EndNode2[0]<--->HoM1[0]
REAL
   0.477593   0.0194863   0.0150862    0.342019
  0.0194863   0.0857875   0.0372023  0.00439435
  0.0150862   0.0372023    0.084507 -0.00390185
   0.342019  0.00439435 -0.00390185    0.352113
IMAGINARY
          0 -0.00350323 -0.00189881  -0.0104778
 0.00350323           0 -0.00248268  -0.0202812
 0.00189881  0.00248268           0   0.0358226
  0.0104778   0.0202812  -0.0358226           0
Repeater1[0]<--->EndNode1[0]
REAL
   0.441489  0.00584331 -0.00984924    0.286969
 0.00584331    0.106383   0.0189278 -0.00120727
-0.00984924   0.0189278    0.101064 -0.00707182
   0.286969 -0.00120727 -0.00707182    0.351064
IMAGINARY
           0  -0.00226978  0.000300518    0.0196706
  0.00226978            0  -0.00176782    0.0022768
-0.000300518   0.00176782            0   0.00226978
  -0.0196706   -0.0022768  -0.00226978            0
Repeater1[0]<--->HoM1[0]
REAL
   0.477593   0.0150862   0.0194863    0.342019
  0.0150862    0.084507   0.0372023 -0.00390185
  0.0194863   0.0372023   0.0857875  0.00439435
   0.342019 -0.00390185  0.00439435    0.352113
IMAGINARY
          0 -0.00189881 -0.00350323  -0.0104778
 0.00189881           0  0.00248268   0.0358226
 0.00350323 -0.00248268           0  -0.0202812
  0.0104778  -0.0358226   0.0202812           0
