EndNode1[0]<--->Repeater1[0]
REAL
   0.462392 -0.00286959   0.0122689    0.364397
-0.00286959   0.0591862   0.0272808  -0.0102874
  0.0122689   0.0272808   0.0517879   0.0074931
   0.364397  -0.0102874   0.0074931    0.426634
IMAGINARY
           0   -0.0116254 -1.86667e-05  -0.00448269
   0.0116254            0    0.0102593       -0.014
 1.86667e-05   -0.0102593            0    0.0176334
  0.00448269        0.014   -0.0176334            0
EndNode2[0]<--->HoM1[0]
REAL
  0.434032  0.0132549 0.00849057   0.374082
 0.0132549   0.054254  0.0202572 0.00849057
0.00849057  0.0202572  0.0591862  0.0112734
  0.374082 0.00849057  0.0112734   0.452528
IMAGINARY
          0  -0.0101754  -0.0151094  -0.0291851
  0.0101754           0   0.0083797  0.00827876
  0.0151094  -0.0083797           0  0.00744311
  0.0291851 -0.00827876 -0.00744311           0
Repeater1[0]<--->EndNode1[0]
REAL
   0.462392   0.0122689 -0.00286959    0.364397
  0.0122689   0.0517879   0.0272808   0.0074931
-0.00286959   0.0272808   0.0591862  -0.0102874
   0.364397   0.0074931  -0.0102874    0.426634
IMAGINARY
           0 -1.86667e-05   -0.0116254  -0.00448269
 1.86667e-05            0   -0.0102593    0.0176334
   0.0116254    0.0102593            0       -0.014
  0.00448269   -0.0176334        0.014            0
Repeater1[0]<--->HoM1[0]
REAL
  0.434032 0.00849057  0.0132549   0.374082
0.00849057  0.0591862  0.0202572  0.0112734
 0.0132549  0.0202572   0.054254 0.00849057
  0.374082  0.0112734 0.00849057   0.452528
IMAGINARY
          0  -0.0151094  -0.0101754  -0.0291851
  0.0151094           0  -0.0083797  0.00744311
  0.0101754   0.0083797           0  0.00827876
  0.0291851 -0.00744311 -0.00827876           0
EndNode1[0]<--->Repeater1[0]
REAL
   0.45953  0.0218385  0.0112348     0.3649
 0.0218385  0.0600522  0.0289622  0.0130619
 0.0112348  0.0289622  0.0718016 0.00629448
    0.3649  0.0130619 0.00629448   0.408616
IMAGINARY
          0   0.0165522 -0.00795313  -0.0177544
 -0.0165522           0 -0.00162541  0.00404688
 0.00795313  0.00162541           0 -0.00743766
  0.0177544 -0.00404688  0.00743766           0
EndNode2[0]<--->HoM1[0]
REAL
   0.465116 -0.00283019  -0.0237822    0.379261
-0.00283019   0.0607235   0.0163366  0.00680104
 -0.0237822   0.0163366   0.0594315 -0.00283019
   0.379261  0.00680104 -0.00283019    0.414729
IMAGINARY
           0   0.00445372   -0.0110293   -0.0189143
 -0.00445372            0  -0.00780322 -0.000720034
   0.0110293   0.00780322            0  0.000768214
   0.0189143  0.000720034 -0.000768214            0
Repeater1[0]<--->EndNode1[0]
REAL
   0.45953  0.0112348  0.0218385     0.3649
 0.0112348  0.0718016  0.0289622 0.00629448
 0.0218385  0.0289622  0.0600522  0.0130619
    0.3649 0.00629448  0.0130619   0.408616
IMAGINARY
          0 -0.00795313   0.0165522  -0.0177544
 0.00795313           0  0.00162541 -0.00743766
 -0.0165522 -0.00162541           0  0.00404688
  0.0177544  0.00743766 -0.00404688           0
Repeater1[0]<--->HoM1[0]
REAL
   0.465116  -0.0237822 -0.00283019    0.379261
 -0.0237822   0.0594315   0.0163366 -0.00283019
-0.00283019   0.0163366   0.0607235  0.00680104
   0.379261 -0.00283019  0.00680104    0.414729
IMAGINARY
           0   -0.0110293   0.00445372   -0.0189143
   0.0110293            0   0.00780322  0.000768214
 -0.00445372  -0.00780322            0 -0.000720034
   0.0189143 -0.000768214  0.000720034            0
EndNode1[0]<--->Repeater1[0]
REAL
    0.430233   0.00597642 -5.15318e-06      0.34699
  0.00597642    0.0620155    0.0157554   0.00196594
-5.15318e-06    0.0157554    0.0736434  -0.00270844
     0.34699   0.00196594  -0.00270844     0.434109
IMAGINARY
           0 -0.000240923  -0.00218511   0.00719879
 0.000240923            0    0.0323244  -0.00285267
  0.00218511   -0.0323244            0   -0.0173913
 -0.00719879   0.00285267    0.0173913            0
EndNode2[0]<--->HoM1[0]
REAL
   0.476623  -0.0266927  0.00836545    0.373793
 -0.0266927    0.074026   0.0120245  -0.0191828
 0.00836545   0.0120245   0.0571429 -0.00455729
   0.373793  -0.0191828 -0.00455729    0.392208
IMAGINARY
          0  0.00746217  0.00538319   0.0176758
-0.00746217           0 -0.00283706 -0.00226987
-0.00538319  0.00283706           0 -0.00434885
 -0.0176758  0.00226987  0.00434885           0
Repeater1[0]<--->EndNode1[0]
REAL
    0.430233 -5.15318e-06   0.00597642      0.34699
-5.15318e-06    0.0736434    0.0157554  -0.00270844
  0.00597642    0.0157554    0.0620155   0.00196594
     0.34699  -0.00270844   0.00196594     0.434109
IMAGINARY
           0  -0.00218511 -0.000240923   0.00719879
  0.00218511            0   -0.0323244   -0.0173913
 0.000240923    0.0323244            0  -0.00285267
 -0.00719879    0.0173913   0.00285267            0
Repeater1[0]<--->HoM1[0]
REAL
   0.476623  0.00836545  -0.0266927    0.373793
 0.00836545   0.0571429   0.0120245 -0.00455729
 -0.0266927   0.0120245    0.074026  -0.0191828
   0.373793 -0.00455729  -0.0191828    0.392208
IMAGINARY
          0  0.00538319  0.00746217   0.0176758
-0.00538319           0  0.00283706 -0.00434885
-0.00746217 -0.00283706           0 -0.00226987
 -0.0176758  0.00434885  0.00226987           0
EndNode1[0]<--->Repeater1[0]
REAL
   0.476129 -0.00535276 -0.00547352    0.363094
-0.00535276   0.0593548   0.0103708   -0.020325
-0.00547352   0.0103708   0.0619355  -0.0265883
   0.363094   -0.020325  -0.0265883    0.402581
IMAGINARY
          0 -0.00839851 -0.00130787    0.026882
 0.00839851           0 -0.00370315   0.0297732
 0.00130787  0.00370315           0 -0.00645298
  -0.026882  -0.0297732  0.00645298           0
EndNode2[0]<--->HoM1[0]
REAL
   0.443878 -0.00451188   0.0113552    0.366118
-0.00451188   0.0586735   0.0190434   0.0138061
  0.0113552   0.0190434      0.0625   0.0283829
   0.366118   0.0138061   0.0283829    0.434949
IMAGINARY
          0   0.0278685  -0.0290421  -0.0154733
 -0.0278685           0   -0.014161 -0.00686214
  0.0290421    0.014161           0 -0.00659187
  0.0154733  0.00686214  0.00659187           0
Repeater1[0]<--->EndNode1[0]
REAL
   0.476129 -0.00547352 -0.00535276    0.363094
-0.00547352   0.0619355   0.0103708  -0.0265883
-0.00535276   0.0103708   0.0593548   -0.020325
   0.363094  -0.0265883   -0.020325    0.402581
IMAGINARY
          0 -0.00130787 -0.00839851    0.026882
 0.00130787           0  0.00370315 -0.00645298
 0.00839851 -0.00370315           0   0.0297732
  -0.026882  0.00645298  -0.0297732           0
Repeater1[0]<--->HoM1[0]
REAL
   0.443878   0.0113552 -0.00451188    0.366118
  0.0113552      0.0625   0.0190434   0.0283829
-0.00451188   0.0190434   0.0586735   0.0138061
   0.366118   0.0283829   0.0138061    0.434949
IMAGINARY
          0  -0.0290421   0.0278685  -0.0154733
  0.0290421           0    0.014161 -0.00659187
 -0.0278685   -0.014161           0 -0.00686214
  0.0154733  0.00659187  0.00686214           0
EndNode1[0]<--->Repeater1[0]
REAL
   0.450135    0.025563   0.0205517    0.357879
   0.025563   0.0606469  0.00946809 -0.00141903
  0.0205517  0.00946809   0.0889488  0.00887575
   0.357879 -0.00141903  0.00887575     0.40027
IMAGINARY
          0   0.0066163  0.00620302 -0.00404663
 -0.0066163           0   0.0178657  -0.0123155
-0.00620302  -0.0178657           0 -0.00539381
 0.00404663   0.0123155  0.00539381           0
EndNode2[0]<--->HoM1[0]
REAL
   0.446292 -0.00161189  0.00588614    0.365505
-0.00161189   0.0639386   0.0102953    -0.01805
 0.00588614   0.0102953   0.0588235 -0.00414996
   0.365505    -0.01805 -0.00414996    0.430946
IMAGINARY
           0  -0.00516982    0.0284475    0.0106576
  0.00516982            0  0.000453515   0.00199909
  -0.0284475 -0.000453515            0   -0.0103918
  -0.0106576  -0.00199909    0.0103918            0
Repeater1[0]<--->EndNode1[0]
REAL
   0.450135   0.0205517    0.025563    0.357879
  0.0205517   0.0889488  0.00946809  0.00887575
   0.025563  0.00946809   0.0606469 -0.00141903
   0.357879  0.00887575 -0.00141903     0.40027
IMAGINARY
          0  0.00620302   0.0066163 -0.00404663
-0.00620302           0  -0.0178657 -0.00539381
 -0.0066163   0.0178657           0  -0.0123155
 0.00404663  0.00539381   0.0123155           0
Repeater1[0]<--->HoM1[0]
REAL
   0.446292  0.00588614 -0.00161189    0.365505
 0.00588614   0.0588235   0.0102953 -0.00414996
-0.00161189   0.0102953   0.0639386    -0.01805
   0.365505 -0.00414996    -0.01805    0.430946
IMAGINARY
           0    0.0284475  -0.00516982    0.0106576
  -0.0284475            0 -0.000453515   -0.0103918
  0.00516982  0.000453515            0   0.00199909
  -0.0106576    0.0103918  -0.00199909            0
