EndNode1[0]<--->Repeater1[0]
REAL
   0.389474  0.00638761 -0.00318611      0.2952
 0.00638761    0.139474   0.0855227  0.00680057
-0.00318611   0.0855227    0.142105 -0.00156833
     0.2952  0.00680057 -0.00156833    0.328947
IMAGINARY
          0   0.0032083  -0.0115584 -0.00148262
 -0.0032083           0   -0.018939  -0.0314523
  0.0115584    0.018939           0   0.0102326
 0.00148262   0.0314523  -0.0102326           0
EndNode2[0]<--->HoM1[0]
REAL
   0.38625 0.00502513  0.0120865   0.327748
0.00502513    0.12875  0.0918503 -0.0120865
 0.0120865  0.0918503    0.12625 -0.0125628
  0.327748 -0.0120865 -0.0125628    0.35875
IMAGINARY
          0   -0.024068  -0.0013751  -0.0074637
   0.024068           0   0.0166742  0.00265715
  0.0013751  -0.0166742           0  0.00483726
  0.0074637 -0.00265715 -0.00483726           0
Repeater1[0]<--->EndNode1[0]
REAL
   0.389474 -0.00318611  0.00638761      0.2952
-0.00318611    0.142105   0.0855227 -0.00156833
 0.00638761   0.0855227    0.139474  0.00680057
     0.2952 -0.00156833  0.00680057    0.328947
IMAGINARY
          0  -0.0115584   0.0032083 -0.00148262
  0.0115584           0    0.018939   0.0102326
 -0.0032083   -0.018939           0  -0.0314523
 0.00148262  -0.0102326   0.0314523           0
Repeater1[0]<--->HoM1[0]
REAL
   0.38625  0.0120865 0.00502513   0.327748
 0.0120865    0.12625  0.0918503 -0.0125628
0.00502513  0.0918503    0.12875 -0.0120865
  0.327748 -0.0125628 -0.0120865    0.35875
IMAGINARY
          0  -0.0013751   -0.024068  -0.0074637
  0.0013751           0  -0.0166742  0.00483726
   0.024068   0.0166742           0  0.00265715
  0.0074637 -0.00483726 -0.00265715           0
EndNode1[0]<--->Repeater1[0]
REAL
   0.376559   0.0157076   0.0155071    0.342307
  0.0157076    0.122195   0.0675077 -0.00754955
  0.0155071   0.0675077    0.109726   0.0187751
   0.342307 -0.00754955   0.0187751    0.391521
IMAGINARY
          0  -0.0119331   0.0188327 -0.00339692
  0.0119331           0 -0.00658977  0.00395555
 -0.0188327  0.00658977           0   -0.016217
 0.00339692 -0.00395555    0.016217           0
EndNode2[0]<--->HoM1[0]
REAL
   0.38806 -0.0218771  0.0105703   0.351381
-0.0218771   0.126866  0.0760281 -0.0237117
 0.0105703  0.0760281   0.131841 0.00372939
  0.351381 -0.0237117 0.00372939   0.353234
IMAGINARY
           0   -0.0109114  0.000544966  0.000799284
   0.0109114            0    0.0120212    -0.008889
-0.000544966   -0.0120212            0   -0.0205392
-0.000799284     0.008889    0.0205392            0
Repeater1[0]<--->EndNode1[0]
REAL
   0.376559   0.0155071   0.0157076    0.342307
  0.0155071    0.109726   0.0675077   0.0187751
  0.0157076   0.0675077    0.122195 -0.00754955
   0.342307   0.0187751 -0.00754955    0.391521
IMAGINARY
          0   0.0188327  -0.0119331 -0.00339692
 -0.0188327           0  0.00658977   -0.016217
  0.0119331 -0.00658977           0  0.00395555
 0.00339692    0.016217 -0.00395555           0
Repeater1[0]<--->HoM1[0]
REAL
   0.38806  0.0105703 -0.0218771   0.351381
 0.0105703   0.131841  0.0760281 0.00372939
-0.0218771  0.0760281   0.126866 -0.0237117
  0.351381 0.00372939 -0.0237117   0.353234
IMAGINARY
           0  0.000544966   -0.0109114  0.000799284
-0.000544966            0   -0.0120212   -0.0205392
   0.0109114    0.0120212            0    -0.008889
-0.000799284    0.0205392     0.008889            0
EndNode1[0]<--->Repeater1[0]
REAL
   0.388753 -0.00683978  -0.0231001    0.322454
-0.00683978    0.145477   0.0822454   0.0100452
 -0.0231001   0.0822454    0.127139 0.000312365
   0.322454   0.0100452 0.000312365    0.338631
IMAGINARY
           0  -0.00913838   -0.0127265  -0.00926364
  0.00913838            0 -0.000266215   0.00619905
   0.0127265  0.000266215            0  -0.00913838
  0.00926364  -0.00619905   0.00913838            0
EndNode2[0]<--->HoM1[0]
REAL
   0.399734  0.00165886 -0.00470653    0.329377
 0.00165886    0.112882   0.0813149  -0.0059853
-0.00470653   0.0813149    0.131474  -0.0110928
   0.329377  -0.0059853  -0.0110928     0.35591
IMAGINARY
          0 -0.00122739 -0.00972012  -0.0133412
 0.00122739           0   0.0108223  0.00196819
 0.00972012  -0.0108223           0   0.0154393
  0.0133412 -0.00196819  -0.0154393           0
Repeater1[0]<--->EndNode1[0]
REAL
   0.388753  -0.0231001 -0.00683978    0.322454
 -0.0231001    0.127139   0.0822454 0.000312365
-0.00683978   0.0822454    0.145477   0.0100452
   0.322454 0.000312365   0.0100452    0.338631
IMAGINARY
           0   -0.0127265  -0.00913838  -0.00926364
   0.0127265            0  0.000266215  -0.00913838
  0.00913838 -0.000266215            0   0.00619905
  0.00926364   0.00913838  -0.00619905            0
Repeater1[0]<--->HoM1[0]
REAL
   0.399734 -0.00470653  0.00165886    0.329377
-0.00470653    0.131474   0.0813149  -0.0110928
 0.00165886   0.0813149    0.112882  -0.0059853
   0.329377  -0.0110928  -0.0059853     0.35591
IMAGINARY
          0 -0.00972012 -0.00122739  -0.0133412
 0.00972012           0  -0.0108223   0.0154393
 0.00122739   0.0108223           0  0.00196819
  0.0133412  -0.0154393 -0.00196819           0
