EndNode1[0]<--->Repeater1[0]
REAL
   0.427657 -0.00830551 -0.00474118    0.377267
-0.00830551   0.0665813 -0.00456316  -0.0110068
-0.00474118 -0.00456316   0.0473752  0.00961785
   0.377267  -0.0110068  0.00961785    0.458387
IMAGINARY
           0 -0.000998015   0.00698356  -0.00632444
 0.000998015            0  -0.00761978   -0.0127015
 -0.00698356   0.00761978            0   0.00544528
  0.00632444    0.0127015  -0.00544528            0
EndNode2[0]<--->HoM1[0]
REAL
    0.45599 -0.00779549 -0.00965596    0.394932
-0.00779549   0.0427873   0.0215302  0.00474195
-0.00965596   0.0215302   0.0488998  -0.0118605
   0.394932  0.00474195  -0.0118605    0.452323
IMAGINARY
           0 -0.000396274    0.0152565    0.0105168
 0.000396274            0 -0.000831617   0.00136758
  -0.0152565  0.000831617            0   -0.0175065
  -0.0105168  -0.00136758    0.0175065            0
Repeater1[0]<--->EndNode1[0]
REAL
   0.427657 -0.00474118 -0.00830551    0.377267
-0.00474118   0.0473752 -0.00456316  0.00961785
-0.00830551 -0.00456316   0.0665813  -0.0110068
   0.377267  0.00961785  -0.0110068    0.458387
IMAGINARY
           0   0.00698356 -0.000998015  -0.00632444
 -0.00698356            0   0.00761978   0.00544528
 0.000998015  -0.00761978            0   -0.0127015
  0.00632444  -0.00544528    0.0127015            0
Repeater1[0]<--->HoM1[0]
REAL
    0.45599 -0.00965596 -0.00779549    0.394932
-0.00965596   0.0488998   0.0215302  -0.0118605
-0.00779549   0.0215302   0.0427873  0.00474195
   0.394932  -0.0118605  0.00474195    0.452323
IMAGINARY
           0    0.0152565 -0.000396274    0.0105168
  -0.0152565            0  0.000831617   -0.0175065
 0.000396274 -0.000831617            0   0.00136758
  -0.0105168    0.0175065  -0.00136758            0
EndNode1[0]<--->Repeater1[0]
REAL
   0.453473 -0.00338558  0.00304102     0.37828
-0.00338558   0.0471822  0.00673298 -0.00820898
 0.00304102  0.00673298   0.0642202   0.0124295
    0.37828 -0.00820898   0.0124295    0.435125
IMAGINARY
          0 -0.00708341  0.00155661 -0.00413573
 0.00708341           0    0.019481  0.00949312
-0.00155661   -0.019481           0  -0.0219221
 0.00413573 -0.00949312   0.0219221           0
EndNode2[0]<--->HoM1[0]
REAL
   0.467617   0.0174152  -0.0024693    0.393696
  0.0174152   0.0388601   0.0213289   0.0197107
 -0.0024693   0.0213289   0.0284974 -0.00633148
   0.393696   0.0197107 -0.00633148    0.465026
IMAGINARY
          0 -0.00743326 -0.00499251  0.00253433
 0.00743326           0  0.00384323 -0.00306201
 0.00499251 -0.00384323           0  0.00681368
-0.00253433  0.00306201 -0.00681368           0
Repeater1[0]<--->EndNode1[0]
REAL
   0.453473  0.00304102 -0.00338558     0.37828
 0.00304102   0.0642202  0.00673298   0.0124295
-0.00338558  0.00673298   0.0471822 -0.00820898
    0.37828   0.0124295 -0.00820898    0.435125
IMAGINARY
          0  0.00155661 -0.00708341 -0.00413573
-0.00155661           0   -0.019481  -0.0219221
 0.00708341    0.019481           0  0.00949312
 0.00413573   0.0219221 -0.00949312           0
Repeater1[0]<--->HoM1[0]
REAL
   0.467617  -0.0024693   0.0174152    0.393696
 -0.0024693   0.0284974   0.0213289 -0.00633148
  0.0174152   0.0213289   0.0388601   0.0197107
   0.393696 -0.00633148   0.0197107    0.465026
IMAGINARY
          0 -0.00499251 -0.00743326  0.00253433
 0.00499251           0 -0.00384323  0.00681368
 0.00743326  0.00384323           0 -0.00306201
-0.00253433 -0.00681368  0.00306201           0
EndNode1[0]<--->Repeater1[0]
REAL
   0.456724  -0.0037746 -0.00232563    0.386321
 -0.0037746   0.0479361  0.00681837 -0.00295141
-0.00232563  0.00681837   0.0585885    0.020925
   0.386321 -0.00295141    0.020925    0.436751
IMAGINARY
           0   -0.0229868    0.0245833  0.000828746
   0.0229868            0   0.00680484    0.0157894
  -0.0245833  -0.00680484            0   -0.0186281
-0.000828746   -0.0157894    0.0186281            0
EndNode2[0]<--->HoM1[0]
REAL
  0.467877 0.00494542 -0.0159118   0.391719
0.00494542  0.0446927  0.0174897 -0.0210532
-0.0159118  0.0174897  0.0391061 -0.0263462
  0.391719 -0.0210532 -0.0263462   0.448324
IMAGINARY
          0   0.0133729  0.00591232 -0.00662351
 -0.0133729           0  0.00468302 -0.00406275
-0.00591232 -0.00468302           0 -0.00782415
 0.00662351  0.00406275  0.00782415           0
Repeater1[0]<--->EndNode1[0]
REAL
   0.456724 -0.00232563  -0.0037746    0.386321
-0.00232563   0.0585885  0.00681837    0.020925
 -0.0037746  0.00681837   0.0479361 -0.00295141
   0.386321    0.020925 -0.00295141    0.436751
IMAGINARY
           0    0.0245833   -0.0229868  0.000828746
  -0.0245833            0  -0.00680484   -0.0186281
   0.0229868   0.00680484            0    0.0157894
-0.000828746    0.0186281   -0.0157894            0
Repeater1[0]<--->HoM1[0]
REAL
  0.467877 -0.0159118 0.00494542   0.391719
-0.0159118  0.0391061  0.0174897 -0.0263462
0.00494542  0.0174897  0.0446927 -0.0210532
  0.391719 -0.0263462 -0.0210532   0.448324
IMAGINARY
          0  0.00591232   0.0133729 -0.00662351
-0.00591232           0 -0.00468302 -0.00782415
 -0.0133729  0.00468302           0 -0.00406275
 0.00662351  0.00782415  0.00406275           0
EndNode1[0]<--->Repeater1[0]
REAL
   0.499403  0.00740381  -0.0140451     0.38857
 0.00740381   0.0454002   0.0026282   0.0128226
 -0.0140451   0.0026282   0.0621266 -0.00495882
    0.38857   0.0128226 -0.00495882     0.39307
IMAGINARY
          0  0.00141468  -0.0039546  -0.0145862
-0.00141468           0  -0.0139309 -0.00135044
  0.0039546   0.0139309           0  0.00654288
  0.0145862  0.00135044 -0.00654288           0
EndNode2[0]<--->HoM1[0]
REAL
   0.458449  -0.0104379 -0.00716577     0.38138
 -0.0104379   0.0443213   0.0126133   0.0195333
-0.00716577   0.0126133   0.0526316   0.0110268
    0.38138   0.0195333   0.0110268    0.444598
IMAGINARY
           0  6.97698e-05  -0.00618283 -0.000663055
-6.97698e-05            0  -0.00536104   0.00487049
  0.00618283   0.00536104            0   0.00386724
 0.000663055  -0.00487049  -0.00386724            0
Repeater1[0]<--->EndNode1[0]
REAL
   0.499403  -0.0140451  0.00740381     0.38857
 -0.0140451   0.0621266   0.0026282 -0.00495882
 0.00740381   0.0026282   0.0454002   0.0128226
    0.38857 -0.00495882   0.0128226     0.39307
IMAGINARY
          0  -0.0039546  0.00141468  -0.0145862
  0.0039546           0   0.0139309  0.00654288
-0.00141468  -0.0139309           0 -0.00135044
  0.0145862 -0.00654288  0.00135044           0
Repeater1[0]<--->HoM1[0]
REAL
   0.458449 -0.00716577  -0.0104379     0.38138
-0.00716577   0.0526316   0.0126133   0.0110268
 -0.0104379   0.0126133   0.0443213   0.0195333
    0.38138   0.0110268   0.0195333    0.444598
IMAGINARY
           0  -0.00618283  6.97698e-05 -0.000663055
  0.00618283            0   0.00536104   0.00386724
-6.97698e-05  -0.00536104            0   0.00487049
 0.000663055  -0.00386724  -0.00487049            0
EndNode1[0]<--->Repeater1[0]
REAL
   0.482399 -0.00427929  0.00440035    0.369501
-0.00427929   0.0482399   0.0134503  0.00577776
 0.00440035   0.0134503    0.053455  0.00936835
   0.369501  0.00577776  0.00936835    0.415906
IMAGINARY
          0  -0.0149399   0.0133658 -0.00981775
  0.0149399           0 -0.00222281   0.0140228
 -0.0133658  0.00222281           0 -0.00607917
 0.00981775  -0.0140228  0.00607917           0
EndNode2[0]<--->HoM1[0]
REAL
  0.451777  0.0111477  0.0230234   0.384323
 0.0111477  0.0482234 0.00719851  0.0318395
 0.0230234 0.00719851  0.0494924  0.0324932
  0.384323  0.0318395  0.0324932   0.450508
IMAGINARY
           0   -0.0104481    0.0295677   -0.0207046
   0.0104481            0 -0.000283023  -0.00930628
  -0.0295677  0.000283023            0   -0.0176565
   0.0207046   0.00930628    0.0176565            0
Repeater1[0]<--->EndNode1[0]
REAL
   0.482399  0.00440035 -0.00427929    0.369501
 0.00440035    0.053455   0.0134503  0.00936835
-0.00427929   0.0134503   0.0482399  0.00577776
   0.369501  0.00936835  0.00577776    0.415906
IMAGINARY
          0   0.0133658  -0.0149399 -0.00981775
 -0.0133658           0  0.00222281 -0.00607917
  0.0149399 -0.00222281           0   0.0140228
 0.00981775  0.00607917  -0.0140228           0
Repeater1[0]<--->HoM1[0]
REAL
  0.451777  0.0230234  0.0111477   0.384323
 0.0230234  0.0494924 0.00719851  0.0324932
 0.0111477 0.00719851  0.0482234  0.0318395
  0.384323  0.0324932  0.0318395   0.450508
IMAGINARY
           0    0.0295677   -0.0104481   -0.0207046
  -0.0295677            0  0.000283023   -0.0176565
   0.0104481 -0.000283023            0  -0.00930628
   0.0207046    0.0176565   0.00930628            0
EndNode1[0]<--->Repeater1[0]
REAL
    0.475716 -0.000186474   0.00566913     0.384829
-0.000186474    0.0386052    0.0111315    0.0133027
  0.00566913    0.0111315    0.0672478    0.0179343
    0.384829    0.0133027    0.0179343     0.418431
IMAGINARY
          0  0.00710594 -0.00340027  0.00825313
-0.00710594           0  0.00576556   0.0125149
 0.00340027 -0.00576556           0 -0.00710594
-0.00825313  -0.0125149  0.00710594           0
EndNode2[0]<--->HoM1[0]
REAL
   0.482337 -0.00580611   0.0230479    0.384016
-0.00580611   0.0339674  0.00280023  0.00182773
  0.0230479  0.00280023   0.0502717   0.0269504
   0.384016  0.00182773   0.0269504    0.433424
IMAGINARY
          0  0.00937204   0.0108947  0.00882206
-0.00937204           0   0.0130852 -0.00951347
 -0.0108947  -0.0130852           0   0.0030589
-0.00882206  0.00951347  -0.0030589           0
Repeater1[0]<--->EndNode1[0]
REAL
    0.475716   0.00566913 -0.000186474     0.384829
  0.00566913    0.0672478    0.0111315    0.0179343
-0.000186474    0.0111315    0.0386052    0.0133027
    0.384829    0.0179343    0.0133027     0.418431
IMAGINARY
          0 -0.00340027  0.00710594  0.00825313
 0.00340027           0 -0.00576556 -0.00710594
-0.00710594  0.00576556           0   0.0125149
-0.00825313  0.00710594  -0.0125149           0
Repeater1[0]<--->HoM1[0]
REAL
   0.482337   0.0230479 -0.00580611    0.384016
  0.0230479   0.0502717  0.00280023   0.0269504
-0.00580611  0.00280023   0.0339674  0.00182773
   0.384016   0.0269504  0.00182773    0.433424
IMAGINARY
          0   0.0108947  0.00937204  0.00882206
 -0.0108947           0  -0.0130852   0.0030589
-0.00937204   0.0130852           0 -0.00951347
-0.00882206  -0.0030589  0.00951347           0
EndNode1[0]<--->Repeater1[0]
REAL
   0.439894  0.00499326 -0.00192706    0.384229
 0.00499326   0.0488771   0.0060002  0.00132392
-0.00192706   0.0060002   0.0515192 -0.00439012
   0.384229  0.00132392 -0.00439012    0.459709
IMAGINARY
          0  0.00494686 -0.00267456   0.0261229
-0.00494686           0   0.0053732 -0.00655053
 0.00267456  -0.0053732           0   0.0005882
 -0.0261229  0.00655053  -0.0005882           0
EndNode2[0]<--->HoM1[0]
REAL
   0.455569 -0.00496324 -0.00311956    0.399212
-0.00496324   0.0425532 -0.00161423 -0.00636211
-0.00311956 -0.00161423   0.0550688  -0.0234818
   0.399212 -0.00636211  -0.0234818    0.446809
IMAGINARY
          0 -0.00735316   0.0155808  -0.0197762
 0.00735316           0  0.00489911   0.0174771
 -0.0155808 -0.00489911           0 -0.00917576
  0.0197762  -0.0174771  0.00917576           0
Repeater1[0]<--->EndNode1[0]
REAL
   0.439894 -0.00192706  0.00499326    0.384229
-0.00192706   0.0515192   0.0060002 -0.00439012
 0.00499326   0.0060002   0.0488771  0.00132392
   0.384229 -0.00439012  0.00132392    0.459709
IMAGINARY
          0 -0.00267456  0.00494686   0.0261229
 0.00267456           0  -0.0053732   0.0005882
-0.00494686   0.0053732           0 -0.00655053
 -0.0261229  -0.0005882  0.00655053           0
Repeater1[0]<--->HoM1[0]
REAL
   0.455569 -0.00311956 -0.00496324    0.399212
-0.00311956   0.0550688 -0.00161423  -0.0234818
-0.00496324 -0.00161423   0.0425532 -0.00636211
   0.399212  -0.0234818 -0.00636211    0.446809
IMAGINARY
          0   0.0155808 -0.00735316  -0.0197762
 -0.0155808           0 -0.00489911 -0.00917576
 0.00735316  0.00489911           0   0.0174771
  0.0197762  0.00917576  -0.0174771           0
EndNode1[0]<--->Repeater1[0]
REAL
   0.448635  0.00986061   0.0151334    0.385091
 0.00986061   0.0481144   0.0112055  -0.0138988
  0.0151334   0.0112055   0.0494148 -0.00368777
   0.385091  -0.0138988 -0.00368777    0.453836
IMAGINARY
          0 -0.00563698 -0.00403249 -0.00398534
 0.00563698           0    0.013256   0.0225038
 0.00403249   -0.013256           0  0.00117838
 0.00398534  -0.0225038 -0.00117838           0
EndNode2[0]<--->HoM1[0]
REAL
   0.452592 -0.00420014   0.0214818    0.390499
-0.00420014   0.0379267  0.00249934  0.00559874
  0.0214818  0.00249934   0.0417193   0.0114657
   0.390499  0.00559874   0.0114657    0.467762
IMAGINARY
           0  -0.00772152   -0.0119777  0.000304507
  0.00772152            0  0.000304507    -0.010689
   0.0119777 -0.000304507            0    0.0277215
-0.000304507     0.010689   -0.0277215            0
Repeater1[0]<--->EndNode1[0]
REAL
   0.448635   0.0151334  0.00986061    0.385091
  0.0151334   0.0494148   0.0112055 -0.00368777
 0.00986061   0.0112055   0.0481144  -0.0138988
   0.385091 -0.00368777  -0.0138988    0.453836
IMAGINARY
          0 -0.00403249 -0.00563698 -0.00398534
 0.00403249           0   -0.013256  0.00117838
 0.00563698    0.013256           0   0.0225038
 0.00398534 -0.00117838  -0.0225038           0
Repeater1[0]<--->HoM1[0]
REAL
   0.452592   0.0214818 -0.00420014    0.390499
  0.0214818   0.0417193  0.00249934   0.0114657
-0.00420014  0.00249934   0.0379267  0.00559874
   0.390499   0.0114657  0.00559874    0.467762
IMAGINARY
           0   -0.0119777  -0.00772152  0.000304507
   0.0119777            0 -0.000304507    0.0277215
  0.00772152  0.000304507            0    -0.010689
-0.000304507   -0.0277215     0.010689            0
EndNode1[0]<--->Repeater1[0]
REAL
   0.439055  -0.0109814  0.00161951    0.391373
 -0.0109814   0.0584577 -0.00606331  0.00611245
 0.00161951 -0.00606331   0.0472637  0.00453813
   0.391373  0.00611245  0.00453813    0.455224
IMAGINARY
           0    0.0118084  -0.00249271   0.00718365
  -0.0118084            0  -0.00328755 -7.13975e-05
  0.00249271   0.00328755            0  -0.00924426
 -0.00718365  7.13975e-05   0.00924426            0
EndNode2[0]<--->HoM1[0]
REAL
   0.469833   0.0194805   0.0342016    0.404413
  0.0194805   0.0308087   0.0178532 -0.00982739
  0.0342016   0.0178532   0.0410783   -0.004329
   0.404413 -0.00982739   -0.004329     0.45828
IMAGINARY
          0   0.0240661 -0.00625163  0.00135481
 -0.0240661           0  0.00978542   -0.025191
 0.00625163 -0.00978542           0  0.00244443
-0.00135481    0.025191 -0.00244443           0
Repeater1[0]<--->EndNode1[0]
REAL
   0.439055  0.00161951  -0.0109814    0.391373
 0.00161951   0.0472637 -0.00606331  0.00453813
 -0.0109814 -0.00606331   0.0584577  0.00611245
   0.391373  0.00453813  0.00611245    0.455224
IMAGINARY
           0  -0.00249271    0.0118084   0.00718365
  0.00249271            0   0.00328755  -0.00924426
  -0.0118084  -0.00328755            0 -7.13975e-05
 -0.00718365   0.00924426  7.13975e-05            0
Repeater1[0]<--->HoM1[0]
REAL
   0.469833   0.0342016   0.0194805    0.404413
  0.0342016   0.0410783   0.0178532   -0.004329
  0.0194805   0.0178532   0.0308087 -0.00982739
   0.404413   -0.004329 -0.00982739     0.45828
IMAGINARY
          0 -0.00625163   0.0240661  0.00135481
 0.00625163           0 -0.00978542  0.00244443
 -0.0240661  0.00978542           0   -0.025191
-0.00135481 -0.00244443    0.025191           0
