EndNode1[0]<--->Repeater1[0]
REAL
   0.45045  0.0193421 0.00366328   0.305878
 0.0193421   0.016731 -0.0045358 -0.0056767
0.00366328 -0.0045358   0.027027 -0.0052481
  0.305878 -0.0056767 -0.0052481   0.505792
IMAGINARY
          0 -0.00379751  0.00189722   0.0171762
 0.00379751           0  0.00878914  0.00811613
-0.00189722 -0.00878914           0   0.0204864
 -0.0171762 -0.00811613  -0.0204864           0
EndNode2[0]<--->HoM1[0]
REAL
   0.458839 -0.00272173  -0.0113099    0.304843
-0.00272173   0.0377868 -0.00997151  0.00489961
 -0.0113099 -0.00997151   0.0148448   0.0168243
   0.304843  0.00489961   0.0168243    0.488529
IMAGINARY
          0   0.0118217  0.00257335  0.00153189
 -0.0118217           0 -0.00872143 -0.00521886
-0.00257335  0.00872143           0 -0.00388515
-0.00153189  0.00521886  0.00388515           0
Repeater1[0]<--->EndNode1[0]
REAL
   0.45045 0.00366328  0.0193421   0.305878
0.00366328   0.027027 -0.0045358 -0.0052481
 0.0193421 -0.0045358   0.016731 -0.0056767
  0.305878 -0.0052481 -0.0056767   0.505792
IMAGINARY
          0  0.00189722 -0.00379751   0.0171762
-0.00189722           0 -0.00878914   0.0204864
 0.00379751  0.00878914           0  0.00811613
 -0.0171762  -0.0204864 -0.00811613           0
Repeater1[0]<--->HoM1[0]
REAL
   0.458839  -0.0113099 -0.00272173    0.304843
 -0.0113099   0.0148448 -0.00997151   0.0168243
-0.00272173 -0.00997151   0.0377868  0.00489961
   0.304843   0.0168243  0.00489961    0.488529
IMAGINARY
          0  0.00257335   0.0118217  0.00153189
-0.00257335           0  0.00872143 -0.00388515
 -0.0118217 -0.00872143           0 -0.00521886
-0.00153189  0.00388515  0.00521886           0
EndNode1[0]<--->Repeater1[0]
REAL
   0.468992 -0.00767279   0.0209583    0.291035
-0.00767279   0.0258398 9.56755e-06  -0.0216367
  0.0209583 9.56755e-06   0.0297158   0.0124218
   0.291035  -0.0216367   0.0124218    0.475452
IMAGINARY
          0   0.0132624  0.00825468  0.00381416
 -0.0132624           0 -0.00649512 -0.00953673
-0.00825468  0.00649512           0  0.00212219
-0.00381416  0.00953673 -0.00212219           0
EndNode2[0]<--->HoM1[0]
REAL
   0.481432  0.00622629  -0.0174675    0.309456
 0.00622629   0.0278515   0.0200485 -0.00369336
 -0.0174675   0.0200485   0.0185676  -0.0285963
   0.309456 -0.00369336  -0.0285963    0.472149
IMAGINARY
          0   0.0012514  -0.0088012 -0.00406292
 -0.0012514           0  0.00271883 -0.00191759
  0.0088012 -0.00271883           0  0.00316222
 0.00406292  0.00191759 -0.00316222           0
Repeater1[0]<--->EndNode1[0]
REAL
   0.468992   0.0209583 -0.00767279    0.291035
  0.0209583   0.0297158 9.56755e-06   0.0124218
-0.00767279 9.56755e-06   0.0258398  -0.0216367
   0.291035   0.0124218  -0.0216367    0.475452
IMAGINARY
          0  0.00825468   0.0132624  0.00381416
-0.00825468           0  0.00649512  0.00212219
 -0.0132624 -0.00649512           0 -0.00953673
-0.00381416 -0.00212219  0.00953673           0
Repeater1[0]<--->HoM1[0]
REAL
   0.481432  -0.0174675  0.00622629    0.309456
 -0.0174675   0.0185676   0.0200485  -0.0285963
 0.00622629   0.0200485   0.0278515 -0.00369336
   0.309456  -0.0285963 -0.00369336    0.472149
IMAGINARY
          0  -0.0088012   0.0012514 -0.00406292
  0.0088012           0 -0.00271883  0.00316222
 -0.0012514  0.00271883           0 -0.00191759
 0.00406292 -0.00316222  0.00191759           0
EndNode1[0]<--->Repeater1[0]
REAL
  0.503185  0.0199304  0.0117008   0.300292
 0.0199304  0.0229299 -0.0260171  0.0053232
 0.0117008 -0.0260171  0.0267516  0.0109649
  0.300292  0.0053232  0.0109649   0.447134
IMAGINARY
          0  0.00739553 -0.00352881 -0.00600473
-0.00739553           0  0.00725787 -0.00477259
 0.00352881 -0.00725787           0  -0.0016484
 0.00600473  0.00477259   0.0016484           0
EndNode2[0]<--->HoM1[0]
REAL
   0.500626  0.00964146   0.0382166    0.294142
 0.00964146   0.0262829 -0.00815433 -0.00955414
  0.0382166 -0.00815433   0.0212766   0.0139254
   0.294142 -0.00955414   0.0139254    0.451815
IMAGINARY
          0  0.00723098  0.00645339   0.0148055
-0.00723098           0   0.0115797  0.00375069
-0.00645339  -0.0115797           0  -0.0238126
 -0.0148055 -0.00375069   0.0238126           0
Repeater1[0]<--->EndNode1[0]
REAL
  0.503185  0.0117008  0.0199304   0.300292
 0.0117008  0.0267516 -0.0260171  0.0109649
 0.0199304 -0.0260171  0.0229299  0.0053232
  0.300292  0.0109649  0.0053232   0.447134
IMAGINARY
          0 -0.00352881  0.00739553 -0.00600473
 0.00352881           0 -0.00725787  -0.0016484
-0.00739553  0.00725787           0 -0.00477259
 0.00600473   0.0016484  0.00477259           0
Repeater1[0]<--->HoM1[0]
REAL
   0.500626   0.0382166  0.00964146    0.294142
  0.0382166   0.0212766 -0.00815433   0.0139254
 0.00964146 -0.00815433   0.0262829 -0.00955414
   0.294142   0.0139254 -0.00955414    0.451815
IMAGINARY
          0  0.00645339  0.00723098   0.0148055
-0.00645339           0  -0.0115797  -0.0238126
-0.00723098   0.0115797           0  0.00375069
 -0.0148055   0.0238126 -0.00375069           0
EndNode1[0]<--->Repeater1[0]
REAL
  0.492994  0.0272388  0.0328008   0.293275
 0.0272388  0.0203822 0.00801492 0.00655406
 0.0328008 0.00801492  0.0165605 0.00179348
  0.293275 0.00655406 0.00179348   0.470064
IMAGINARY
          0   0.0324746  0.00241472 -0.00752954
 -0.0324746           0  0.00939754  -0.0310043
-0.00241472 -0.00939754           0   0.0126334
 0.00752954   0.0310043  -0.0126334           0
EndNode2[0]<--->HoM1[0]
REAL
   0.484594 -0.00774217 -0.00298817    0.312768
-0.00774217   0.0182073 -0.00214166    0.012525
-0.00298817 -0.00214166   0.0308123   0.0186414
   0.312768    0.012525   0.0186414    0.466387
IMAGINARY
         0 -0.0240247  0.0154142 -0.0157574
 0.0240247          0  0.0113549  0.0231462
-0.0154142 -0.0113549          0 -0.0171064
 0.0157574 -0.0231462  0.0171064          0
Repeater1[0]<--->EndNode1[0]
REAL
  0.492994  0.0328008  0.0272388   0.293275
 0.0328008  0.0165605 0.00801492 0.00179348
 0.0272388 0.00801492  0.0203822 0.00655406
  0.293275 0.00179348 0.00655406   0.470064
IMAGINARY
          0  0.00241472   0.0324746 -0.00752954
-0.00241472           0 -0.00939754   0.0126334
 -0.0324746  0.00939754           0  -0.0310043
 0.00752954  -0.0126334   0.0310043           0
Repeater1[0]<--->HoM1[0]
REAL
   0.484594 -0.00298817 -0.00774217    0.312768
-0.00298817   0.0308123 -0.00214166   0.0186414
-0.00774217 -0.00214166   0.0182073    0.012525
   0.312768   0.0186414    0.012525    0.466387
IMAGINARY
         0  0.0154142 -0.0240247 -0.0157574
-0.0154142          0 -0.0113549 -0.0171064
 0.0240247  0.0113549          0  0.0231462
 0.0157574  0.0171064 -0.0231462          0
EndNode1[0]<--->Repeater1[0]
REAL
   0.506083 0.000160059   0.0217511    0.310955
0.000160059   0.0182482  -0.0101937 -0.00271561
  0.0217511  -0.0101937    0.026764   0.0226826
   0.310955 -0.00271561   0.0226826    0.448905
IMAGINARY
          0 -0.00997435   0.0261764  -0.0156451
 0.00997435           0  -0.0110216  0.00123874
 -0.0261764   0.0110216           0  -0.0187463
  0.0156451 -0.00123874   0.0187463           0
EndNode2[0]<--->HoM1[0]
REAL
  0.473822 -0.0169543 -0.0239012   0.289253
-0.0169543  0.0170157 -0.0137963 0.00692991
-0.0239012 -0.0137963  0.0209424 -0.0104608
  0.289253 0.00692991 -0.0104608    0.48822
IMAGINARY
           0 -0.000346395  -0.00190597   -0.0215126
 0.000346395            0    0.0189937  -0.00889454
  0.00190597   -0.0189937            0  -0.00537152
   0.0215126   0.00889454   0.00537152            0
Repeater1[0]<--->EndNode1[0]
REAL
   0.506083   0.0217511 0.000160059    0.310955
  0.0217511    0.026764  -0.0101937   0.0226826
0.000160059  -0.0101937   0.0182482 -0.00271561
   0.310955   0.0226826 -0.00271561    0.448905
IMAGINARY
          0   0.0261764 -0.00997435  -0.0156451
 -0.0261764           0   0.0110216  -0.0187463
 0.00997435  -0.0110216           0  0.00123874
  0.0156451   0.0187463 -0.00123874           0
Repeater1[0]<--->HoM1[0]
REAL
  0.473822 -0.0239012 -0.0169543   0.289253
-0.0239012  0.0209424 -0.0137963 -0.0104608
-0.0169543 -0.0137963  0.0170157 0.00692991
  0.289253 -0.0104608 0.00692991    0.48822
IMAGINARY
           0  -0.00190597 -0.000346395   -0.0215126
  0.00190597            0   -0.0189937  -0.00537152
 0.000346395    0.0189937            0  -0.00889454
   0.0215126   0.00537152   0.00889454            0
EndNode1[0]<--->Repeater1[0]
REAL
   0.482467  -0.0110762 -0.00853207    0.309754
 -0.0110762   0.0181378 -0.00185908 -0.00462582
-0.00853207 -0.00185908   0.0229746 -0.00734485
   0.309754 -0.00462582 -0.00734485    0.476421
IMAGINARY
          0  -0.0165591   0.0199543  0.00519545
  0.0165591           0   0.0159686  -0.0154382
 -0.0199543  -0.0159686           0  -0.0111828
-0.00519545   0.0154382   0.0111828           0
EndNode2[0]<--->HoM1[0]
REAL
    0.48852 0.000171601 -0.00770796     0.30946
0.000171601   0.0191327  0.00646719  0.00640247
-0.00770796  0.00646719   0.0165816  -0.0080045
    0.30946  0.00640247  -0.0080045    0.475765
IMAGINARY
          0  0.00043097 -0.00824514   0.0109746
-0.00043097           0  -0.0154106 -0.00422369
 0.00824514   0.0154106           0 -0.00292474
 -0.0109746  0.00422369  0.00292474           0
Repeater1[0]<--->EndNode1[0]
REAL
   0.482467 -0.00853207  -0.0110762    0.309754
-0.00853207   0.0229746 -0.00185908 -0.00734485
 -0.0110762 -0.00185908   0.0181378 -0.00462582
   0.309754 -0.00734485 -0.00462582    0.476421
IMAGINARY
          0   0.0199543  -0.0165591  0.00519545
 -0.0199543           0  -0.0159686  -0.0111828
  0.0165591   0.0159686           0  -0.0154382
-0.00519545   0.0111828   0.0154382           0
Repeater1[0]<--->HoM1[0]
REAL
    0.48852 -0.00770796 0.000171601     0.30946
-0.00770796   0.0165816  0.00646719  -0.0080045
0.000171601  0.00646719   0.0191327  0.00640247
    0.30946  -0.0080045  0.00640247    0.475765
IMAGINARY
          0 -0.00824514  0.00043097   0.0109746
 0.00824514           0   0.0154106 -0.00292474
-0.00043097  -0.0154106           0 -0.00422369
 -0.0109746  0.00292474  0.00422369           0
EndNode1[0]<--->Repeater1[0]
REAL
   0.490566   0.0181191 -0.00966401    0.299948
  0.0181191   0.0301887 -0.00617406 -0.00265765
-0.00966401 -0.00617406   0.0226415 -0.00839143
   0.299948 -0.00265765 -0.00839143    0.456604
IMAGINARY
          0   0.0211367  -0.0102853 -0.00570555
 -0.0211367           0   0.0154585 -0.00119434
  0.0102853  -0.0154585           0 -0.00455503
 0.00570555  0.00119434  0.00455503           0
EndNode2[0]<--->HoM1[0]
REAL
   0.466091   0.0115159  -0.0167976     0.29265
  0.0115159   0.0184957  0.00371828 -0.00979124
 -0.0167976  0.00371828   0.0234279  -0.0238376
    0.29265 -0.00979124  -0.0238376    0.491985
IMAGINARY
           0    0.0115648    0.0267421 -0.000205286
  -0.0115648            0  -0.00544089  -0.00808054
  -0.0267421   0.00544089            0  -0.00191229
 0.000205286   0.00808054   0.00191229            0
Repeater1[0]<--->EndNode1[0]
REAL
   0.490566 -0.00966401   0.0181191    0.299948
-0.00966401   0.0226415 -0.00617406 -0.00839143
  0.0181191 -0.00617406   0.0301887 -0.00265765
   0.299948 -0.00839143 -0.00265765    0.456604
IMAGINARY
          0  -0.0102853   0.0211367 -0.00570555
  0.0102853           0  -0.0154585 -0.00455503
 -0.0211367   0.0154585           0 -0.00119434
 0.00570555  0.00455503  0.00119434           0
Repeater1[0]<--->HoM1[0]
REAL
   0.466091  -0.0167976   0.0115159     0.29265
 -0.0167976   0.0234279  0.00371828  -0.0238376
  0.0115159  0.00371828   0.0184957 -0.00979124
    0.29265  -0.0238376 -0.00979124    0.491985
IMAGINARY
           0    0.0267421    0.0115648 -0.000205286
  -0.0267421            0   0.00544089  -0.00191229
  -0.0115648  -0.00544089            0  -0.00808054
 0.000205286   0.00191229   0.00808054            0
EndNode1[0]<--->Repeater1[0]
REAL
    0.477876   0.00666325    0.0113372     0.264355
  0.00666325    0.0328698 -0.000191656  -0.00277326
   0.0113372 -0.000191656    0.0240202   -0.0204972
    0.264355  -0.00277326   -0.0204972     0.465234
IMAGINARY
           0    0.0127642 -0.000302731  -0.00391673
  -0.0127642            0  -0.00075617  0.000979321
 0.000302731   0.00075617            0   -0.0107345
  0.00391673 -0.000979321    0.0107345            0
EndNode2[0]<--->HoM1[0]
REAL
  0.471143  0.0055673 -0.0267855   0.288404
 0.0055673  0.0282686 0.00336988 0.00364927
-0.0267855 0.00336988  0.0176678 -0.0029966
  0.288404 0.00364927 -0.0029966   0.482921
IMAGINARY
          0 -0.00769402 -0.00205585   0.0113805
 0.00769402           0  0.00177741 -0.00270605
 0.00205585 -0.00177741           0 -0.00114952
 -0.0113805  0.00270605  0.00114952           0
Repeater1[0]<--->EndNode1[0]
REAL
    0.477876    0.0113372   0.00666325     0.264355
   0.0113372    0.0240202 -0.000191656   -0.0204972
  0.00666325 -0.000191656    0.0328698  -0.00277326
    0.264355   -0.0204972  -0.00277326     0.465234
IMAGINARY
           0 -0.000302731    0.0127642  -0.00391673
 0.000302731            0   0.00075617   -0.0107345
  -0.0127642  -0.00075617            0  0.000979321
  0.00391673    0.0107345 -0.000979321            0
Repeater1[0]<--->HoM1[0]
REAL
  0.471143 -0.0267855  0.0055673   0.288404
-0.0267855  0.0176678 0.00336988 -0.0029966
 0.0055673 0.00336988  0.0282686 0.00364927
  0.288404 -0.0029966 0.00364927   0.482921
IMAGINARY
          0 -0.00205585 -0.00769402   0.0113805
 0.00205585           0 -0.00177741 -0.00114952
 0.00769402  0.00177741           0 -0.00270605
 -0.0113805  0.00114952  0.00270605           0
EndNode1[0]<--->Repeater1[0]
REAL
  0.509482 0.00202191 -0.0088348   0.294239
0.00202191  0.0189633 0.00852477 -0.0250848
-0.0088348 0.00852477   0.022756  0.0105409
  0.294239 -0.0250848  0.0105409   0.448799
IMAGINARY
          0  0.00633444  0.00813881  0.00253468
-0.00633444           0  -0.0149855  -0.0134298
-0.00813881   0.0149855           0   0.0148296
-0.00253468   0.0134298  -0.0148296           0
EndNode2[0]<--->HoM1[0]
REAL
    0.460719     0.033305   0.00943597     0.300164
    0.033305     0.023968  -0.00429815 -0.000392041
  0.00943597  -0.00429815     0.023968    0.0119146
    0.300164 -0.000392041    0.0119146     0.491345
IMAGINARY
          0  0.00459869   0.0050796  -0.0254887
-0.00459869           0    0.017292   0.0211671
 -0.0050796   -0.017292           0  -0.0164097
  0.0254887  -0.0211671   0.0164097           0
Repeater1[0]<--->EndNode1[0]
REAL
  0.509482 -0.0088348 0.00202191   0.294239
-0.0088348   0.022756 0.00852477  0.0105409
0.00202191 0.00852477  0.0189633 -0.0250848
  0.294239  0.0105409 -0.0250848   0.448799
IMAGINARY
          0  0.00813881  0.00633444  0.00253468
-0.00813881           0   0.0149855   0.0148296
-0.00633444  -0.0149855           0  -0.0134298
-0.00253468  -0.0148296   0.0134298           0
Repeater1[0]<--->HoM1[0]
REAL
    0.460719   0.00943597     0.033305     0.300164
  0.00943597     0.023968  -0.00429815    0.0119146
    0.033305  -0.00429815     0.023968 -0.000392041
    0.300164    0.0119146 -0.000392041     0.491345
IMAGINARY
          0   0.0050796  0.00459869  -0.0254887
 -0.0050796           0   -0.017292  -0.0164097
-0.00459869    0.017292           0   0.0211671
  0.0254887   0.0164097  -0.0211671           0
EndNode1[0]<--->Repeater1[0]
REAL
   0.484355 -0.00398773  -0.0115161    0.307827
-0.00398773   0.0175219    0.019167   0.0194916
 -0.0115161    0.019167   0.0262829 -0.00398773
   0.307827   0.0194916 -0.00398773     0.47184
IMAGINARY
          0  -0.0205345  0.00772012 -0.00122554
  0.0205345           0  0.00752277  0.00903246
-0.00772012 -0.00752277           0  0.00120462
 0.00122554 -0.00903246 -0.00120462           0
EndNode2[0]<--->HoM1[0]
REAL
   0.476829   0.0126138  0.00582733    0.294037
  0.0126138   0.0195122 -0.00962148 -0.00712603
 0.00582733 -0.00962148   0.0219512   0.0068667
   0.294037 -0.00712603   0.0068667    0.481707
IMAGINARY
          0 -0.00563344   0.0071912 -0.00717829
 0.00563344           0  -0.0145608 -0.00353266
 -0.0071912   0.0145608           0  -0.0187568
 0.00717829  0.00353266   0.0187568           0
Repeater1[0]<--->EndNode1[0]
REAL
   0.484355  -0.0115161 -0.00398773    0.307827
 -0.0115161   0.0262829    0.019167 -0.00398773
-0.00398773    0.019167   0.0175219   0.0194916
   0.307827 -0.00398773   0.0194916     0.47184
IMAGINARY
          0  0.00772012  -0.0205345 -0.00122554
-0.00772012           0 -0.00752277  0.00120462
  0.0205345  0.00752277           0  0.00903246
 0.00122554 -0.00120462 -0.00903246           0
Repeater1[0]<--->HoM1[0]
REAL
   0.476829  0.00582733   0.0126138    0.294037
 0.00582733   0.0219512 -0.00962148   0.0068667
  0.0126138 -0.00962148   0.0195122 -0.00712603
   0.294037   0.0068667 -0.00712603    0.481707
IMAGINARY
          0   0.0071912 -0.00563344 -0.00717829
 -0.0071912           0   0.0145608  -0.0187568
 0.00563344  -0.0145608           0 -0.00353266
 0.00717829   0.0187568  0.00353266           0
EndNode1[0]<--->Repeater1[0]
REAL
  0.510025 0.00107828  0.0338776   0.302434
0.00107828   0.018797 0.00418845 -0.0080498
 0.0338776 0.00418845  0.0150376 0.00620649
  0.302434 -0.0080498 0.00620649    0.45614
IMAGINARY
           0  0.000977836  -0.00192125   -0.0076409
-0.000977836            0  -0.00697155   -0.0168757
  0.00192125   0.00697155            0 -0.000977836
   0.0076409    0.0168757  0.000977836            0
EndNode2[0]<--->HoM1[0]
REAL
   0.452736   0.0281323 -0.00162038     0.28957
  0.0281323   0.0261194   0.0166718   0.0243772
-0.00162038   0.0166718   0.0223881  0.00892885
    0.28957   0.0243772  0.00892885    0.498756
IMAGINARY
           0  0.000903488   0.00166465 -0.000190938
-0.000903488            0  -0.00830579  -0.00856553
 -0.00166465   0.00830579            0   0.00223328
 0.000190938   0.00856553  -0.00223328            0
Repeater1[0]<--->EndNode1[0]
REAL
  0.510025  0.0338776 0.00107828   0.302434
 0.0338776  0.0150376 0.00418845 0.00620649
0.00107828 0.00418845   0.018797 -0.0080498
  0.302434 0.00620649 -0.0080498    0.45614
IMAGINARY
           0  -0.00192125  0.000977836   -0.0076409
  0.00192125            0   0.00697155 -0.000977836
-0.000977836  -0.00697155            0   -0.0168757
   0.0076409  0.000977836    0.0168757            0
Repeater1[0]<--->HoM1[0]
REAL
   0.452736 -0.00162038   0.0281323     0.28957
-0.00162038   0.0223881   0.0166718  0.00892885
  0.0281323   0.0166718   0.0261194   0.0243772
    0.28957  0.00892885   0.0243772    0.498756
IMAGINARY
           0   0.00166465  0.000903488 -0.000190938
 -0.00166465            0   0.00830579   0.00223328
-0.000903488  -0.00830579            0  -0.00856553
 0.000190938  -0.00223328   0.00856553            0
EndNode1[0]<--->Repeater1[0]
REAL
   0.478947  -0.0106519 -0.00154859    0.299966
 -0.0106519   0.0263158   0.0230429 -0.00540463
-0.00154859   0.0230429   0.0223684 -0.00135822
   0.299966 -0.00540463 -0.00135822    0.472368
IMAGINARY
          0 -0.00411971  0.00544243 -0.00842721
 0.00411971           0 -0.00908252  0.00609603
-0.00544243  0.00908252           0     0.01053
 0.00842721 -0.00609603    -0.01053           0
EndNode2[0]<--->HoM1[0]
REAL
  0.481912 -0.0160412 -0.0233881    0.28521
-0.0160412  0.0167959 -0.0152984  0.0164349
-0.0233881 -0.0152984  0.0271318 0.00150265
   0.28521  0.0164349 0.00150265    0.47416
IMAGINARY
           0   0.00753265 -4.12434e-05   -0.0218653
 -0.00753265            0   -0.0276271  -0.00694732
 4.12434e-05    0.0276271            0  -0.00943863
   0.0218653   0.00694732   0.00943863            0
Repeater1[0]<--->EndNode1[0]
REAL
   0.478947 -0.00154859  -0.0106519    0.299966
-0.00154859   0.0223684   0.0230429 -0.00135822
 -0.0106519   0.0230429   0.0263158 -0.00540463
   0.299966 -0.00135822 -0.00540463    0.472368
IMAGINARY
          0  0.00544243 -0.00411971 -0.00842721
-0.00544243           0  0.00908252     0.01053
 0.00411971 -0.00908252           0  0.00609603
 0.00842721    -0.01053 -0.00609603           0
Repeater1[0]<--->HoM1[0]
REAL
  0.481912 -0.0233881 -0.0160412    0.28521
-0.0233881  0.0271318 -0.0152984 0.00150265
-0.0160412 -0.0152984  0.0167959  0.0164349
   0.28521 0.00150265  0.0164349    0.47416
IMAGINARY
           0 -4.12434e-05   0.00753265   -0.0218653
 4.12434e-05            0    0.0276271  -0.00943863
 -0.00753265   -0.0276271            0  -0.00694732
   0.0218653   0.00943863   0.00694732            0
EndNode1[0]<--->Repeater1[0]
REAL
  0.466413 0.00557378 0.00296157   0.280832
0.00557378   0.026616 0.00488246  0.0142798
0.00296157 0.00488246   0.026616 0.00427844
  0.280832  0.0142798 0.00427844   0.480355
IMAGINARY
          0  0.00343017 -0.00797403 -0.00137009
-0.00343017           0 -0.00649829 -0.00215255
 0.00797403  0.00649829           0 -0.00975928
 0.00137009  0.00215255  0.00975928           0
EndNode2[0]<--->HoM1[0]
REAL
   0.465806  -0.0239277 -0.00844121    0.306058
 -0.0239277   0.0245161 -0.00168226  0.00136271
-0.00844121 -0.00168226   0.0283871   0.0219972
   0.306058  0.00136271   0.0219972     0.48129
IMAGINARY
           0   -0.0190789     0.000934  -0.00609302
   0.0190789            0   0.00136967 -0.000309781
   -0.000934  -0.00136967            0   -0.0165016
  0.00609302  0.000309781    0.0165016            0
Repeater1[0]<--->EndNode1[0]
REAL
  0.466413 0.00296157 0.00557378   0.280832
0.00296157   0.026616 0.00488246 0.00427844
0.00557378 0.00488246   0.026616  0.0142798
  0.280832 0.00427844  0.0142798   0.480355
IMAGINARY
          0 -0.00797403  0.00343017 -0.00137009
 0.00797403           0  0.00649829 -0.00975928
-0.00343017 -0.00649829           0 -0.00215255
 0.00137009  0.00975928  0.00215255           0
Repeater1[0]<--->HoM1[0]
REAL
   0.465806 -0.00844121  -0.0239277    0.306058
-0.00844121   0.0283871 -0.00168226   0.0219972
 -0.0239277 -0.00168226   0.0245161  0.00136271
   0.306058   0.0219972  0.00136271     0.48129
IMAGINARY
           0     0.000934   -0.0190789  -0.00609302
   -0.000934            0  -0.00136967   -0.0165016
   0.0190789   0.00136967            0 -0.000309781
  0.00609302    0.0165016  0.000309781            0
EndNode1[0]<--->Repeater1[0]
REAL
   0.447337  -0.0114529  -0.0193408    0.309582
 -0.0114529   0.0224852  0.00299793 -0.00825867
 -0.0193408  0.00299793   0.0224852 -0.00844444
   0.309582 -0.00825867 -0.00844444    0.507692
IMAGINARY
           0   0.00925926   0.00240055    0.0156821
 -0.00925926            0 -0.000488697   0.00240055
 -0.00240055  0.000488697            0   0.00925926
  -0.0156821  -0.00240055  -0.00925926            0
EndNode2[0]<--->HoM1[0]
REAL
    0.47331    0.015388  0.00584416    0.298141
   0.015388   0.0260973  -0.0124264  -0.0201299
 0.00584416  -0.0124264   0.0225386 0.000196435
   0.298141  -0.0201299 0.000196435    0.478055
IMAGINARY
           0    0.0127861  -0.00234749   0.00767345
  -0.0127861            0 -0.000502653   -0.0182711
  0.00234749  0.000502653            0   0.00396652
 -0.00767345    0.0182711  -0.00396652            0
Repeater1[0]<--->EndNode1[0]
REAL
   0.447337  -0.0193408  -0.0114529    0.309582
 -0.0193408   0.0224852  0.00299793 -0.00844444
 -0.0114529  0.00299793   0.0224852 -0.00825867
   0.309582 -0.00844444 -0.00825867    0.507692
IMAGINARY
           0   0.00240055   0.00925926    0.0156821
 -0.00240055            0  0.000488697   0.00925926
 -0.00925926 -0.000488697            0   0.00240055
  -0.0156821  -0.00925926  -0.00240055            0
Repeater1[0]<--->HoM1[0]
REAL
    0.47331  0.00584416    0.015388    0.298141
 0.00584416   0.0225386  -0.0124264 0.000196435
   0.015388  -0.0124264   0.0260973  -0.0201299
   0.298141 0.000196435  -0.0201299    0.478055
IMAGINARY
           0  -0.00234749    0.0127861   0.00767345
  0.00234749            0  0.000502653   0.00396652
  -0.0127861 -0.000502653            0   -0.0182711
 -0.00767345  -0.00396652    0.0182711            0
EndNode1[0]<--->Repeater1[0]
REAL
  0.485607   0.011442  -0.014179   0.305982
  0.011442  0.0150188 0.00984184 0.00315435
 -0.014179 0.00984184  0.0137672 -0.0172786
  0.305982 0.00315435 -0.0172786   0.485607
IMAGINARY
           0    0.0110013   -0.0166469  -0.00531909
  -0.0110013            0   -0.0254804 -0.000844086
   0.0166469    0.0254804            0   0.00528338
  0.00531909  0.000844086  -0.00528338            0
EndNode2[0]<--->HoM1[0]
REAL
   0.470588 -0.00301892  0.00380902    0.285026
-0.00301892   0.0250313 -0.00853995 -0.00897698
 0.00380902 -0.00853995   0.0262829 -0.00860898
   0.285026 -0.00897698 -0.00860898    0.478098
IMAGINARY
          0   0.0080519  -0.0034912 -0.00697639
 -0.0080519           0  0.00572011  -0.0139351
  0.0034912 -0.00572011           0  0.00133147
 0.00697639   0.0139351 -0.00133147           0
Repeater1[0]<--->EndNode1[0]
REAL
  0.485607  -0.014179   0.011442   0.305982
 -0.014179  0.0137672 0.00984184 -0.0172786
  0.011442 0.00984184  0.0150188 0.00315435
  0.305982 -0.0172786 0.00315435   0.485607
IMAGINARY
           0   -0.0166469    0.0110013  -0.00531909
   0.0166469            0    0.0254804   0.00528338
  -0.0110013   -0.0254804            0 -0.000844086
  0.00531909  -0.00528338  0.000844086            0
Repeater1[0]<--->HoM1[0]
REAL
   0.470588  0.00380902 -0.00301892    0.285026
 0.00380902   0.0262829 -0.00853995 -0.00860898
-0.00301892 -0.00853995   0.0250313 -0.00897698
   0.285026 -0.00860898 -0.00897698    0.478098
IMAGINARY
          0  -0.0034912   0.0080519 -0.00697639
  0.0034912           0 -0.00572011  0.00133147
 -0.0080519  0.00572011           0  -0.0139351
 0.00697639 -0.00133147   0.0139351           0
EndNode1[0]<--->Repeater1[0]
REAL
   0.47769 -0.0120865  0.0125851   0.307636
-0.0120865  0.0249344 0.00788519 -0.0189464
 0.0125851 0.00788519  0.0223097 0.00954198
  0.307636 -0.0189464 0.00954198   0.475066
IMAGINARY
          0   -0.014698   0.0198661  -0.0252849
   0.014698           0  0.00676638  0.00998466
 -0.0198661 -0.00676638           0  -0.0114214
  0.0252849 -0.00998466   0.0114214           0
EndNode2[0]<--->HoM1[0]
REAL
  0.479524 0.00206948 0.00630631   0.297001
0.00206948  0.0290621  0.0070528  0.0018018
0.00630631  0.0070528  0.0211361 0.00468728
  0.297001  0.0018018 0.00468728   0.470277
IMAGINARY
          0  0.00301972  0.00146153  0.00575606
-0.00301972           0   0.0201164  0.00755909
-0.00146153  -0.0201164           0  -0.0236383
-0.00575606 -0.00755909   0.0236383           0
Repeater1[0]<--->EndNode1[0]
REAL
   0.47769  0.0125851 -0.0120865   0.307636
 0.0125851  0.0223097 0.00788519 0.00954198
-0.0120865 0.00788519  0.0249344 -0.0189464
  0.307636 0.00954198 -0.0189464   0.475066
IMAGINARY
          0   0.0198661   -0.014698  -0.0252849
 -0.0198661           0 -0.00676638  -0.0114214
   0.014698  0.00676638           0  0.00998466
  0.0252849   0.0114214 -0.00998466           0
Repeater1[0]<--->HoM1[0]
REAL
  0.479524 0.00630631 0.00206948   0.297001
0.00630631  0.0211361  0.0070528 0.00468728
0.00206948  0.0070528  0.0290621  0.0018018
  0.297001 0.00468728  0.0018018   0.470277
IMAGINARY
          0  0.00146153  0.00301972  0.00575606
-0.00146153           0  -0.0201164  -0.0236383
-0.00301972   0.0201164           0  0.00755909
-0.00575606   0.0236383 -0.00755909           0
EndNode1[0]<--->Repeater1[0]
REAL
      0.452 -0.00348511  0.00480614     0.30508
-0.00348511       0.036 -0.00734105 0.000218985
 0.00480614 -0.00734105       0.032   0.0147916
    0.30508 0.000218985   0.0147916        0.48
IMAGINARY
          0   0.0301425  -0.0142853  0.00632172
 -0.0301425           0 -0.00498482  -0.0167667
  0.0142853  0.00498482           0  0.00851401
-0.00632172   0.0167667 -0.00851401           0
EndNode2[0]<--->HoM1[0]
REAL
   0.488169  -0.0182285  0.00436219    0.293222
 -0.0182285   0.0199253   -0.020554  -0.0155317
 0.00436219   -0.020554   0.0161893 -0.00213941
   0.293222  -0.0155317 -0.00213941    0.475716
IMAGINARY
          0  -0.0190439 -0.00465816  0.00745404
  0.0190439           0   0.0107392 -0.00809695
 0.00465816  -0.0107392           0   0.0113909
-0.00745404  0.00809695  -0.0113909           0
Repeater1[0]<--->EndNode1[0]
REAL
      0.452  0.00480614 -0.00348511     0.30508
 0.00480614       0.032 -0.00734105   0.0147916
-0.00348511 -0.00734105       0.036 0.000218985
    0.30508   0.0147916 0.000218985        0.48
IMAGINARY
          0  -0.0142853   0.0301425  0.00632172
  0.0142853           0  0.00498482  0.00851401
 -0.0301425 -0.00498482           0  -0.0167667
-0.00632172 -0.00851401   0.0167667           0
Repeater1[0]<--->HoM1[0]
REAL
   0.488169  0.00436219  -0.0182285    0.293222
 0.00436219   0.0161893   -0.020554 -0.00213941
 -0.0182285   -0.020554   0.0199253  -0.0155317
   0.293222 -0.00213941  -0.0155317    0.475716
IMAGINARY
          0 -0.00465816  -0.0190439  0.00745404
 0.00465816           0  -0.0107392   0.0113909
  0.0190439   0.0107392           0 -0.00809695
-0.00745404  -0.0113909  0.00809695           0
EndNode1[0]<--->Repeater1[0]
REAL
   0.486111  0.00357095   0.0260864    0.286774
 0.00357095   0.0176768 -0.00354839 -0.00221546
  0.0260864 -0.00354839   0.0138889 -0.00808708
   0.286774 -0.00221546 -0.00808708    0.482323
IMAGINARY
           0   -0.0173727  -0.00966155 -0.000357168
   0.0173727            0   0.00788111   0.00469877
  0.00966155  -0.00788111            0   0.00620647
 0.000357168  -0.00469877  -0.00620647            0
EndNode2[0]<--->HoM1[0]
REAL
    0.463226   0.00648971  0.000956099     0.301509
  0.00648971    0.0245161 -0.000281644 -0.000342602
 0.000956099 -0.000281644    0.0219355   -0.0132382
    0.301509 -0.000342602   -0.0132382     0.490323
IMAGINARY
           0    -0.011594   -0.0054533  -0.00430705
    0.011594            0    0.0190696  0.000338208
   0.0054533   -0.0190696            0    0.0128728
  0.00430705 -0.000338208   -0.0128728            0
Repeater1[0]<--->EndNode1[0]
REAL
   0.486111   0.0260864  0.00357095    0.286774
  0.0260864   0.0138889 -0.00354839 -0.00808708
 0.00357095 -0.00354839   0.0176768 -0.00221546
   0.286774 -0.00808708 -0.00221546    0.482323
IMAGINARY
           0  -0.00966155   -0.0173727 -0.000357168
  0.00966155            0  -0.00788111   0.00620647
   0.0173727   0.00788111            0   0.00469877
 0.000357168  -0.00620647  -0.00469877            0
Repeater1[0]<--->HoM1[0]
REAL
    0.463226  0.000956099   0.00648971     0.301509
 0.000956099    0.0219355 -0.000281644   -0.0132382
  0.00648971 -0.000281644    0.0245161 -0.000342602
    0.301509   -0.0132382 -0.000342602     0.490323
IMAGINARY
           0   -0.0054533    -0.011594  -0.00430705
   0.0054533            0   -0.0190696    0.0128728
    0.011594    0.0190696            0  0.000338208
  0.00430705   -0.0128728 -0.000338208            0
EndNode1[0]<--->Repeater1[0]
REAL
   0.477889  -0.0115734 -0.00738323    0.313041
 -0.0115734   0.0156919 -0.00320909  -0.0139622
-0.00738323 -0.00320909   0.0156919  0.00187092
   0.313041  -0.0139622  0.00187092    0.490728
IMAGINARY
          0 -0.00392476 -0.00385604  -0.0044823
 0.00392476           0  -0.0376422  0.00385604
 0.00385604   0.0376422           0  0.00767476
  0.0044823 -0.00385604 -0.00767476           0
EndNode2[0]<--->HoM1[0]
REAL
   0.483954  0.00107398 -0.00680265     0.29073
 0.00107398   0.0269576   0.0103035   0.0197225
-0.00680265   0.0103035   0.0192555  0.00667796
    0.29073   0.0197225  0.00667796    0.469833
IMAGINARY
           0 -0.000790865  -0.00238059   0.00781102
 0.000790865            0   0.00714346   0.00551735
  0.00238059  -0.00714346            0  -0.00611001
 -0.00781102  -0.00551735   0.00611001            0
Repeater1[0]<--->EndNode1[0]
REAL
   0.477889 -0.00738323  -0.0115734    0.313041
-0.00738323   0.0156919 -0.00320909  0.00187092
 -0.0115734 -0.00320909   0.0156919  -0.0139622
   0.313041  0.00187092  -0.0139622    0.490728
IMAGINARY
          0 -0.00385604 -0.00392476  -0.0044823
 0.00385604           0   0.0376422  0.00767476
 0.00392476  -0.0376422           0  0.00385604
  0.0044823 -0.00767476 -0.00385604           0
Repeater1[0]<--->HoM1[0]
REAL
   0.483954 -0.00680265  0.00107398     0.29073
-0.00680265   0.0192555   0.0103035  0.00667796
 0.00107398   0.0103035   0.0269576   0.0197225
    0.29073  0.00667796   0.0197225    0.469833
IMAGINARY
           0  -0.00238059 -0.000790865   0.00781102
  0.00238059            0  -0.00714346  -0.00611001
 0.000790865   0.00714346            0   0.00551735
 -0.00781102   0.00611001  -0.00551735            0
EndNode1[0]<--->Repeater1[0]
REAL
    0.48249  0.00639041  0.00530759    0.298875
 0.00639041   0.0129702   0.0060941 0.000282468
 0.00530759   0.0060941   0.0220493   0.0103798
   0.298875 0.000282468   0.0103798     0.48249
IMAGINARY
          0 -0.00606105   0.0376161  -0.0241799
 0.00606105           0 -0.00671545  -0.0229102
 -0.0376161  0.00671545           0 -0.00730793
  0.0241799   0.0229102  0.00730793           0
EndNode2[0]<--->HoM1[0]
REAL
  0.468523  0.0111155 0.00851347   0.304527
 0.0111155  0.0157385 0.00352622  0.0216879
0.00851347 0.00352622  0.0169492  0.0392201
  0.304527  0.0216879  0.0392201   0.498789
IMAGINARY
          0  -0.0183155  0.00816175  0.00714097
  0.0183155           0   0.0083786  0.00623124
-0.00816175  -0.0083786           0 -0.00483843
-0.00714097 -0.00623124  0.00483843           0
Repeater1[0]<--->EndNode1[0]
REAL
    0.48249  0.00530759  0.00639041    0.298875
 0.00530759   0.0220493   0.0060941   0.0103798
 0.00639041   0.0060941   0.0129702 0.000282468
   0.298875   0.0103798 0.000282468     0.48249
IMAGINARY
          0   0.0376161 -0.00606105  -0.0241799
 -0.0376161           0  0.00671545 -0.00730793
 0.00606105 -0.00671545           0  -0.0229102
  0.0241799  0.00730793   0.0229102           0
Repeater1[0]<--->HoM1[0]
REAL
  0.468523 0.00851347  0.0111155   0.304527
0.00851347  0.0169492 0.00352622  0.0392201
 0.0111155 0.00352622  0.0157385  0.0216879
  0.304527  0.0392201  0.0216879   0.498789
IMAGINARY
          0  0.00816175  -0.0183155  0.00714097
-0.00816175           0  -0.0083786 -0.00483843
  0.0183155   0.0083786           0  0.00623124
-0.00714097  0.00483843 -0.00623124           0
EndNode1[0]<--->Repeater1[0]
REAL
   0.494751  0.00351693   0.0110108    0.293885
 0.00351693   0.0131234  -0.0103026 -0.00479194
  0.0110108  -0.0103026   0.0393701 0.000214417
   0.293885 -0.00479194 0.000214417    0.452756
IMAGINARY
           0  -0.00174861 -0.000832348   0.00126979
  0.00174861            0    -0.020087  -0.00532529
 0.000832348     0.020087            0   0.00421166
 -0.00126979   0.00532529  -0.00421166            0
EndNode2[0]<--->HoM1[0]
REAL
  0.468111 0.00866382  0.0211763   0.284507
0.00866382  0.0180505  0.0258382 -0.0118925
 0.0211763  0.0258382  0.0216606 0.00459878
  0.284507 -0.0118925 0.00459878   0.492178
IMAGINARY
           0  -0.00697671  0.000562743  -0.00539498
  0.00697671            0   -0.0135098   0.00290466
-0.000562743    0.0135098            0  0.000735375
  0.00539498  -0.00290466 -0.000735375            0
Repeater1[0]<--->EndNode1[0]
REAL
   0.494751   0.0110108  0.00351693    0.293885
  0.0110108   0.0393701  -0.0103026 0.000214417
 0.00351693  -0.0103026   0.0131234 -0.00479194
   0.293885 0.000214417 -0.00479194    0.452756
IMAGINARY
           0 -0.000832348  -0.00174861   0.00126979
 0.000832348            0     0.020087   0.00421166
  0.00174861    -0.020087            0  -0.00532529
 -0.00126979  -0.00421166   0.00532529            0
Repeater1[0]<--->HoM1[0]
REAL
  0.468111  0.0211763 0.00866382   0.284507
 0.0211763  0.0216606  0.0258382 0.00459878
0.00866382  0.0258382  0.0180505 -0.0118925
  0.284507 0.00459878 -0.0118925   0.492178
IMAGINARY
           0  0.000562743  -0.00697671  -0.00539498
-0.000562743            0    0.0135098  0.000735375
  0.00697671   -0.0135098            0   0.00290466
  0.00539498 -0.000735375  -0.00290466            0
EndNode1[0]<--->Repeater1[0]
REAL
    0.49328   0.0116759   0.0101826    0.290775
  0.0116759   0.0228495 -0.00305169  -0.0063463
  0.0101826 -0.00305169   0.0282258  -0.0129547
   0.290775  -0.0063463  -0.0129547    0.455645
IMAGINARY
           0    0.0105692  0.000161202  -0.00927711
  -0.0105692            0  -0.00125572   0.00971534
-0.000161202   0.00125572            0   0.00548016
  0.00927711  -0.00971534  -0.00548016            0
EndNode2[0]<--->HoM1[0]
REAL
    0.50706   -0.011394  -0.0114468    0.319088
  -0.011394   0.0141207  -0.0038978 -0.00754055
 -0.0114468  -0.0038978   0.0256739  -0.0126566
   0.319088 -0.00754055  -0.0126566    0.453145
IMAGINARY
          0 -0.00739434  0.00407123  0.00734482
 0.00739434           0   0.0264994   0.0177253
-0.00407123  -0.0264994           0  0.00937585
-0.00734482  -0.0177253 -0.00937585           0
Repeater1[0]<--->EndNode1[0]
REAL
    0.49328   0.0101826   0.0116759    0.290775
  0.0101826   0.0282258 -0.00305169  -0.0129547
  0.0116759 -0.00305169   0.0228495  -0.0063463
   0.290775  -0.0129547  -0.0063463    0.455645
IMAGINARY
           0  0.000161202    0.0105692  -0.00927711
-0.000161202            0   0.00125572   0.00548016
  -0.0105692  -0.00125572            0   0.00971534
  0.00927711  -0.00548016  -0.00971534            0
Repeater1[0]<--->HoM1[0]
REAL
    0.50706  -0.0114468   -0.011394    0.319088
 -0.0114468   0.0256739  -0.0038978  -0.0126566
  -0.011394  -0.0038978   0.0141207 -0.00754055
   0.319088  -0.0126566 -0.00754055    0.453145
IMAGINARY
          0  0.00407123 -0.00739434  0.00734482
-0.00407123           0  -0.0264994  0.00937585
 0.00739434   0.0264994           0   0.0177253
-0.00734482 -0.00937585  -0.0177253           0
EndNode1[0]<--->Repeater1[0]
REAL
  0.461832  0.0164598  0.0109948   0.302619
 0.0164598  0.0279898 0.00620434 0.00237415
 0.0109948 0.00620434  0.0254453  0.0196364
  0.302619 0.00237415  0.0196364   0.484733
IMAGINARY
          0   0.0222594  0.00926905 -0.00498302
 -0.0222594           0  -0.0169194  -0.0124701
-0.00926905   0.0169194           0  0.00783026
 0.00498302   0.0124701 -0.00783026           0
EndNode2[0]<--->HoM1[0]
REAL
    0.5166 -0.0149234 -0.0165808   0.296834
-0.0149234  0.0278884 0.00342501  -0.012602
-0.0165808 0.00342501  0.0225764 -0.0142594
  0.296834  -0.012602 -0.0142594   0.432935
IMAGINARY
          0  0.00884849  0.00975066  -0.0142964
-0.00884849           0 -0.00529901  0.00102248
-0.00975066  0.00529901           0  0.00699435
  0.0142964 -0.00102248 -0.00699435           0
Repeater1[0]<--->EndNode1[0]
REAL
  0.461832  0.0109948  0.0164598   0.302619
 0.0109948  0.0254453 0.00620434  0.0196364
 0.0164598 0.00620434  0.0279898 0.00237415
  0.302619  0.0196364 0.00237415   0.484733
IMAGINARY
          0  0.00926905   0.0222594 -0.00498302
-0.00926905           0   0.0169194  0.00783026
 -0.0222594  -0.0169194           0  -0.0124701
 0.00498302 -0.00783026   0.0124701           0
Repeater1[0]<--->HoM1[0]
REAL
    0.5166 -0.0165808 -0.0149234   0.296834
-0.0165808  0.0225764 0.00342501 -0.0142594
-0.0149234 0.00342501  0.0278884  -0.012602
  0.296834 -0.0142594  -0.012602   0.432935
IMAGINARY
          0  0.00975066  0.00884849  -0.0142964
-0.00975066           0  0.00529901  0.00699435
-0.00884849 -0.00529901           0  0.00102248
  0.0142964 -0.00699435 -0.00102248           0
EndNode1[0]<--->Repeater1[0]
REAL
  0.493185 0.00540621 0.00773473   0.305663
0.00540621  0.0223048  0.0136438  0.0207306
0.00773473  0.0136438  0.0260223  0.0131581
  0.305663  0.0207306  0.0131581   0.458488
IMAGINARY
          0  0.00613879  -0.0249923  0.00304998
-0.00613879           0   0.0092398 -0.00342367
  0.0249923  -0.0092398           0    0.015022
-0.00304998  0.00342367   -0.015022           0
EndNode2[0]<--->HoM1[0]
REAL
   0.468869  -0.0086737 -0.00404732    0.298082
 -0.0086737   0.0368488  -0.0104826  0.00404732
-0.00404732  -0.0104826   0.0228717  0.00999296
   0.298082  0.00404732  0.00999296     0.47141
IMAGINARY
          0  0.00449779 -0.00945241  -0.0252369
-0.00449779           0   0.0138156  0.00945241
