EndNode1[0]<--->Repeater1[0]
REAL
    0.416783  0.000502144   -0.0215492     0.372257
 0.000502144     0.117483    0.0742397 -0.000743812
  -0.0215492    0.0742397    0.0867133   -0.0304384
    0.372257 -0.000743812   -0.0304384     0.379021
IMAGINARY
          0 -0.00215768 -0.00226281 -0.00303052
 0.00215768           0   0.0100369 -0.00950919
 0.00226281  -0.0100369           0 -0.00465768
 0.00303052  0.00950919  0.00465768           0
EndNode2[0]<--->HoM1[0]
REAL
   0.426683  0.00369142 -0.00582439    0.383696
 0.00369142   0.0817308   0.0724789   0.0197686
-0.00582439   0.0724789   0.0997596  0.00626874
   0.383696   0.0197686  0.00626874    0.391827
IMAGINARY
          0 -0.00345788 -0.00506225  0.00751687
 0.00345788           0  -0.0101764   0.0262661
 0.00506225   0.0101764           0   -0.012274
-0.00751687  -0.0262661    0.012274           0
Repeater1[0]<--->EndNode1[0]
REAL
    0.416783   -0.0215492  0.000502144     0.372257
  -0.0215492    0.0867133    0.0742397   -0.0304384
 0.000502144    0.0742397     0.117483 -0.000743812
    0.372257   -0.0304384 -0.000743812     0.379021
IMAGINARY
          0 -0.00226281 -0.00215768 -0.00303052
 0.00226281           0  -0.0100369 -0.00465768
 0.00215768   0.0100369           0 -0.00950919
 0.00303052  0.00465768  0.00950919           0
Repeater1[0]<--->HoM1[0]
REAL
   0.426683 -0.00582439  0.00369142    0.383696
-0.00582439   0.0997596   0.0724789  0.00626874
 0.00369142   0.0724789   0.0817308   0.0197686
   0.383696  0.00626874   0.0197686    0.391827
IMAGINARY
          0 -0.00506225 -0.00345788  0.00751687
 0.00506225           0   0.0101764   -0.012274
 0.00345788  -0.0101764           0   0.0262661
-0.00751687    0.012274  -0.0262661           0
EndNode1[0]<--->Repeater1[0]
REAL
   0.403462 -0.00529956  -0.0223512    0.371737
-0.00529956   0.0985353   0.0757634  -0.0126488
 -0.0223512   0.0757634    0.110519  -0.0122004
   0.371737  -0.0126488  -0.0122004    0.387483
IMAGINARY
          0    0.022049 -0.00925316   0.0133854
  -0.022049           0  0.00579922  0.00858202
 0.00925316 -0.00579922           0  -0.0160087
 -0.0133854 -0.00858202   0.0160087           0
EndNode2[0]<--->HoM1[0]
REAL
   0.418663  -0.0161741  -0.0191771    0.379202
 -0.0161741    0.105927   0.0767984 -0.00615625
 -0.0191771   0.0767984    0.103405 -0.00249254
   0.379202 -0.00615625 -0.00249254    0.372005
IMAGINARY
          0  -0.0190497 -0.00152226  0.00728352
  0.0190497           0   0.0168203   0.0128707
 0.00152226  -0.0168203           0  0.00236083
-0.00728352  -0.0128707 -0.00236083           0
Repeater1[0]<--->EndNode1[0]
REAL
   0.403462  -0.0223512 -0.00529956    0.371737
 -0.0223512    0.110519   0.0757634  -0.0122004
-0.00529956   0.0757634   0.0985353  -0.0126488
   0.371737  -0.0122004  -0.0126488    0.387483
IMAGINARY
          0 -0.00925316    0.022049   0.0133854
 0.00925316           0 -0.00579922  -0.0160087
  -0.022049  0.00579922           0  0.00858202
 -0.0133854   0.0160087 -0.00858202           0
Repeater1[0]<--->HoM1[0]
REAL
   0.418663  -0.0191771  -0.0161741    0.379202
 -0.0191771    0.103405   0.0767984 -0.00249254
 -0.0161741   0.0767984    0.105927 -0.00615625
   0.379202 -0.00249254 -0.00615625    0.372005
IMAGINARY
          0 -0.00152226  -0.0190497  0.00728352
 0.00152226           0  -0.0168203  0.00236083
  0.0190497   0.0168203           0   0.0128707
-0.00728352 -0.00236083  -0.0128707           0
EndNode1[0]<--->Repeater1[0]
REAL
    0.38825 0.000269404  -0.0146237    0.373584
0.000269404   0.0983397   0.0945287   0.0184502
 -0.0146237   0.0945287    0.121328  0.00483264
   0.373584   0.0184502  0.00483264    0.392082
IMAGINARY
           0 -0.000160478   0.00861578   -0.0197024
 0.000160478            0    0.0177818    0.0111799
 -0.00861578   -0.0177818            0   -0.0132495
   0.0197024   -0.0111799    0.0132495            0
EndNode2[0]<--->HoM1[0]
REAL
   0.404884   0.0275288   0.0228729    0.376719
  0.0275288   0.0989717   0.0736165 -0.00609437
  0.0228729   0.0736165   0.0951157 -0.00135434
   0.376719 -0.00609437 -0.00135434    0.401028
IMAGINARY
          0  -0.0349022  0.00725435  -0.0205597
  0.0349022           0   0.0167331  0.00348551
-0.00725435  -0.0167331           0  -0.0152171
  0.0205597 -0.00348551   0.0152171           0
Repeater1[0]<--->EndNode1[0]
REAL
    0.38825  -0.0146237 0.000269404    0.373584
 -0.0146237    0.121328   0.0945287  0.00483264
0.000269404   0.0945287   0.0983397   0.0184502
   0.373584  0.00483264   0.0184502    0.392082
IMAGINARY
           0   0.00861578 -0.000160478   -0.0197024
 -0.00861578            0   -0.0177818   -0.0132495
 0.000160478    0.0177818            0    0.0111799
   0.0197024    0.0132495   -0.0111799            0
Repeater1[0]<--->HoM1[0]
REAL
   0.404884   0.0228729   0.0275288    0.376719
  0.0228729   0.0951157   0.0736165 -0.00135434
  0.0275288   0.0736165   0.0989717 -0.00609437
   0.376719 -0.00135434 -0.00609437    0.401028
IMAGINARY
          0  0.00725435  -0.0349022  -0.0205597
-0.00725435           0  -0.0167331  -0.0152171
  0.0349022   0.0167331           0  0.00348551
  0.0205597   0.0152171 -0.00348551           0
EndNode1[0]<--->Repeater1[0]
REAL
   0.376712   0.0180604  0.00968134    0.377593
  0.0180604    0.110959   0.0785922   0.0122259
 0.00968134   0.0785922     0.10137 -0.00903983
   0.377593   0.0122259 -0.00903983    0.410959
IMAGINARY
           0    0.0245215  -0.00782788 -0.000955248
  -0.0245215            0   -0.0197995  -0.00652918
  0.00782788    0.0197995            0  -0.00641911
 0.000955248   0.00652918   0.00641911            0
EndNode2[0]<--->HoM1[0]
REAL
   0.357702   0.0143427   0.0160714    0.391332
  0.0143427   0.0966057   0.0830956 -0.00463126
  0.0160714   0.0830956    0.110966  0.00113512
   0.391332 -0.00463126  0.00113512    0.434726
IMAGINARY
          0   0.0168683  0.00896144  -0.0118792
 -0.0168683           0  0.00550607   0.0212831
-0.00896144 -0.00550607           0 -0.00978975
  0.0118792  -0.0212831  0.00978975           0
Repeater1[0]<--->EndNode1[0]
REAL
   0.376712  0.00968134   0.0180604    0.377593
 0.00968134     0.10137   0.0785922 -0.00903983
  0.0180604   0.0785922    0.110959   0.0122259
   0.377593 -0.00903983   0.0122259    0.410959
IMAGINARY
           0  -0.00782788    0.0245215 -0.000955248
  0.00782788            0    0.0197995  -0.00641911
  -0.0245215   -0.0197995            0  -0.00652918
 0.000955248   0.00641911   0.00652918            0
Repeater1[0]<--->HoM1[0]
REAL
   0.357702   0.0160714   0.0143427    0.391332
  0.0160714    0.110966   0.0830956  0.00113512
  0.0143427   0.0830956   0.0966057 -0.00463126
   0.391332  0.00113512 -0.00463126    0.434726
IMAGINARY
          0  0.00896144   0.0168683  -0.0118792
-0.00896144           0 -0.00550607 -0.00978975
 -0.0168683  0.00550607           0   0.0212831
  0.0118792  0.00978975  -0.0212831           0
EndNode1[0]<--->Repeater1[0]
REAL
   0.42428  0.0232459  0.0330529   0.371123
 0.0232459  0.0938673  0.0833621 0.00108362
 0.0330529  0.0833621   0.113892 0.00821325
  0.371123 0.00108362 0.00821325    0.36796
IMAGINARY
           0   0.00156446    -0.013471  -0.00703165
 -0.00156446            0 -0.000487147    0.0173773
    0.013471  0.000487147            0  -0.00156446
  0.00703165   -0.0173773   0.00156446            0
EndNode2[0]<--->HoM1[0]
REAL
    0.396597  -0.00688605  -0.00917213       0.3641
 -0.00688605    0.0981675    0.0743424   0.00540328
 -0.00917213    0.0743424     0.103403 -0.000651637
      0.3641   0.00540328 -0.000651637     0.401832
IMAGINARY
          0 -0.00181288  -0.0240168  0.00189215
 0.00181288           0  -0.0172673   0.0118874
  0.0240168   0.0172673           0   0.0193331
-0.00189215  -0.0118874  -0.0193331           0
Repeater1[0]<--->EndNode1[0]
REAL
   0.42428  0.0330529  0.0232459   0.371123
 0.0330529   0.113892  0.0833621 0.00821325
 0.0232459  0.0833621  0.0938673 0.00108362
  0.371123 0.00821325 0.00108362    0.36796
IMAGINARY
           0    -0.013471   0.00156446  -0.00703165
    0.013471            0  0.000487147  -0.00156446
 -0.00156446 -0.000487147            0    0.0173773
  0.00703165   0.00156446   -0.0173773            0
Repeater1[0]<--->HoM1[0]
REAL
    0.396597  -0.00917213  -0.00688605       0.3641
 -0.00917213     0.103403    0.0743424 -0.000651637
 -0.00688605    0.0743424    0.0981675   0.00540328
      0.3641 -0.000651637   0.00540328     0.401832
IMAGINARY
          0  -0.0240168 -0.00181288  0.00189215
  0.0240168           0   0.0172673   0.0193331
 0.00181288  -0.0172673           0   0.0118874
-0.00189215  -0.0193331  -0.0118874           0
EndNode1[0]<--->Repeater1[0]
REAL
  0.387097 0.00748912  0.0222309   0.364757
0.00748912   0.101737  0.0900171  0.0091761
 0.0222309  0.0900171   0.116625  0.0113551
  0.364757  0.0091761  0.0113551   0.394541
IMAGINARY
          0  0.00665754    0.019782   0.0110256
-0.00665754           0  0.00392886   0.0166764
  -0.019782 -0.00392886           0  -0.0183763
 -0.0110256  -0.0166764   0.0183763           0
EndNode2[0]<--->HoM1[0]
REAL
  0.386852  0.0125165 0.00959876   0.368906
 0.0125165    0.10493  0.0889328 0.00423523
0.00959876  0.0889328   0.115044 -0.0171278
  0.368906 0.00423523 -0.0171278   0.393173
IMAGINARY
           0    0.0246517   -0.0111877 -2.59646e-05
  -0.0246517            0    0.0203822   -0.0026463
   0.0111877   -0.0203822            0  -0.00159503
 2.59646e-05    0.0026463   0.00159503            0
Repeater1[0]<--->EndNode1[0]
REAL
  0.387097  0.0222309 0.00748912   0.364757
 0.0222309   0.116625  0.0900171  0.0113551
0.00748912  0.0900171   0.101737  0.0091761
  0.364757  0.0113551  0.0091761   0.394541
IMAGINARY
          0    0.019782  0.00665754   0.0110256
  -0.019782           0 -0.00392886  -0.0183763
-0.00665754  0.00392886           0   0.0166764
 -0.0110256   0.0183763  -0.0166764           0
Repeater1[0]<--->HoM1[0]
REAL
  0.386852 0.00959876  0.0125165   0.368906
0.00959876   0.115044  0.0889328 -0.0171278
 0.0125165  0.0889328    0.10493 0.00423523
  0.368906 -0.0171278 0.00423523   0.393173
IMAGINARY
           0   -0.0111877    0.0246517 -2.59646e-05
   0.0111877            0   -0.0203822  -0.00159503
  -0.0246517    0.0203822            0   -0.0026463
 2.59646e-05   0.00159503    0.0026463            0
EndNode1[0]<--->Repeater1[0]
REAL
 0.406579 0.0127609 0.0166773  0.364294
0.0127609 0.0934211 0.0695576 0.0280697
0.0166773 0.0695576 0.0947368 0.0306892
 0.364294 0.0280697 0.0306892  0.405263
IMAGINARY
           0  -0.00585921   0.00757869  -0.00188481
  0.00585921            0 -0.000602755 -0.000999742
 -0.00757869  0.000602755            0   0.00980658
  0.00188481  0.000999742  -0.00980658            0
EndNode2[0]<--->HoM1[0]
REAL
  0.369898 -0.0100658 -0.0119416   0.371067
-0.0100658   0.114796  0.0846852 0.00372418
-0.0119416  0.0846852   0.102041 0.00564101
  0.371067 0.00372418 0.00564101   0.413265
IMAGINARY
          0  0.00964813 -0.00481802  0.00885064
-0.00964813           0 -0.00703246  -0.0265571
 0.00481802  0.00703246           0   0.0270675
-0.00885064   0.0265571  -0.0270675           0
Repeater1[0]<--->EndNode1[0]
REAL
 0.406579 0.0166773 0.0127609  0.364294
0.0166773 0.0947368 0.0695576 0.0306892
0.0127609 0.0695576 0.0934211 0.0280697
 0.364294 0.0306892 0.0280697  0.405263
IMAGINARY
           0   0.00757869  -0.00585921  -0.00188481
 -0.00757869            0  0.000602755   0.00980658
  0.00585921 -0.000602755            0 -0.000999742
  0.00188481  -0.00980658  0.000999742            0
Repeater1[0]<--->HoM1[0]
REAL
  0.369898 -0.0119416 -0.0100658   0.371067
-0.0119416   0.102041  0.0846852 0.00564101
-0.0100658  0.0846852   0.114796 0.00372418
  0.371067 0.00564101 0.00372418   0.413265
IMAGINARY
          0 -0.00481802  0.00964813  0.00885064
 0.00481802           0  0.00703246   0.0270675
-0.00964813 -0.00703246           0  -0.0265571
-0.00885064  -0.0270675   0.0265571           0
EndNode1[0]<--->Repeater1[0]
REAL
   0.403531 -0.00342198  -0.0049805    0.387703
-0.00342198    0.114754   0.0729364 -0.00301458
 -0.0049805   0.0729364   0.0907945 -0.00211308
   0.387703 -0.00301458 -0.00211308    0.390921
IMAGINARY
           0 -0.000608217   -0.0119932   0.00320557
 0.000608217            0  -0.00254156   0.00551652
   0.0119932   0.00254156            0   0.00319889
 -0.00320557  -0.00551652  -0.00319889            0
EndNode2[0]<--->HoM1[0]
REAL
   0.412451 -0.00161518   0.0108654    0.375941
-0.00161518   0.0920882   0.0852122  -0.0208905
  0.0108654   0.0852122   0.0946822  -0.0171818
   0.375941  -0.0208905  -0.0171818    0.400778
IMAGINARY
          0 -0.00937313 -0.00229167  0.00800523
 0.00937313           0  0.00547359   0.0109009
 0.00229167 -0.00547359           0  0.00341287
-0.00800523  -0.0109009 -0.00341287           0
Repeater1[0]<--->EndNode1[0]
REAL
   0.403531  -0.0049805 -0.00342198    0.387703
 -0.0049805   0.0907945   0.0729364 -0.00211308
-0.00342198   0.0729364    0.114754 -0.00301458
   0.387703 -0.00211308 -0.00301458    0.390921
IMAGINARY
           0   -0.0119932 -0.000608217   0.00320557
   0.0119932            0   0.00254156   0.00319889
 0.000608217  -0.00254156            0   0.00551652
 -0.00320557  -0.00319889  -0.00551652            0
Repeater1[0]<--->HoM1[0]
REAL
   0.412451   0.0108654 -0.00161518    0.375941
  0.0108654   0.0946822   0.0852122  -0.0171818
-0.00161518   0.0852122   0.0920882  -0.0208905
   0.375941  -0.0171818  -0.0208905    0.400778
IMAGINARY
          0 -0.00229167 -0.00937313  0.00800523
 0.00229167           0 -0.00547359  0.00341287
 0.00937313  0.00547359           0   0.0109009
-0.00800523 -0.00341287  -0.0109009           0
EndNode1[0]<--->Repeater1[0]
REAL
   0.398551  0.00452196 -0.00593233    0.373524
 0.00452196   0.0978261   0.0696282   0.0123923
-0.00593233   0.0696282    0.100242  0.00452196
   0.373524   0.0123923  0.00452196    0.403382
IMAGINARY
          0  -0.0113573  0.00357353  0.00940938
  0.0113573           0   0.0127383  0.00681608
-0.00357353  -0.0127383           0 -0.00812318
-0.00940938 -0.00681608  0.00812318           0
EndNode2[0]<--->HoM1[0]
REAL
   0.440476  -0.0192308 0.000810533    0.383488
 -0.0192308   0.0965608   0.0712926 -0.00985446
0.000810533   0.0712926   0.0965608   0.0192308
   0.383488 -0.00985446   0.0192308    0.366402
IMAGINARY
          0 -0.00278049  -0.0148672  0.00393548
 0.00278049           0   0.0200645   0.0124281
  0.0148672  -0.0200645           0  0.00521951
-0.00393548  -0.0124281 -0.00521951           0
Repeater1[0]<--->EndNode1[0]
REAL
   0.398551 -0.00593233  0.00452196    0.373524
-0.00593233    0.100242   0.0696282  0.00452196
 0.00452196   0.0696282   0.0978261   0.0123923
   0.373524  0.00452196   0.0123923    0.403382
IMAGINARY
          0  0.00357353  -0.0113573  0.00940938
-0.00357353           0  -0.0127383 -0.00812318
  0.0113573   0.0127383           0  0.00681608
-0.00940938  0.00812318 -0.00681608           0
Repeater1[0]<--->HoM1[0]
REAL
   0.440476 0.000810533  -0.0192308    0.383488
0.000810533   0.0965608   0.0712926   0.0192308
 -0.0192308   0.0712926   0.0965608 -0.00985446
   0.383488   0.0192308 -0.00985446    0.366402
IMAGINARY
          0  -0.0148672 -0.00278049  0.00393548
  0.0148672           0  -0.0200645  0.00521951
 0.00278049   0.0200645           0   0.0124281
-0.00393548 -0.00521951  -0.0124281           0
EndNode1[0]<--->Repeater1[0]
REAL
   0.399204   0.0114076   0.0228863    0.380301
  0.0114076    0.108753   0.0746749 -0.00511374
  0.0228863   0.0746749    0.122016   0.0158436
   0.380301 -0.00511374   0.0158436    0.370027
IMAGINARY
          0 -0.00849057  -0.0109355  -0.0274141
 0.00849057           0  -0.0070462 -0.00696728
  0.0109355   0.0070462           0  0.00849057
  0.0274141  0.00696728 -0.00849057           0
EndNode2[0]<--->HoM1[0]
REAL
   0.413212  0.00796384  -0.0135516    0.376253
 0.00796384   0.0932642   0.0788333  0.00364412
 -0.0135516   0.0788333   0.0971503 -0.00730334
   0.376253  0.00364412 -0.00730334    0.396373
IMAGINARY
           0    0.0171848  -0.00774194 -0.000101131
  -0.0171848            0   -0.0102081  -0.00967742
  0.00774194    0.0102081            0   0.00668614
 0.000101131   0.00967742  -0.00668614            0
Repeater1[0]<--->EndNode1[0]
REAL
   0.399204   0.0228863   0.0114076    0.380301
  0.0228863    0.122016   0.0746749   0.0158436
  0.0114076   0.0746749    0.108753 -0.00511374
   0.380301   0.0158436 -0.00511374    0.370027
IMAGINARY
          0  -0.0109355 -0.00849057  -0.0274141
  0.0109355           0   0.0070462  0.00849057
 0.00849057  -0.0070462           0 -0.00696728
  0.0274141 -0.00849057  0.00696728           0
Repeater1[0]<--->HoM1[0]
REAL
   0.413212  -0.0135516  0.00796384    0.376253
 -0.0135516   0.0971503   0.0788333 -0.00730334
 0.00796384   0.0788333   0.0932642  0.00364412
   0.376253 -0.00730334  0.00364412    0.396373
IMAGINARY
           0  -0.00774194    0.0171848 -0.000101131
  0.00774194            0    0.0102081   0.00668614
  -0.0171848   -0.0102081            0  -0.00967742
 0.000101131  -0.00668614   0.00967742            0
EndNode1[0]<--->Repeater1[0]
REAL
    0.423027    0.0144888 -0.000817853     0.377369
   0.0144888    0.0996119    0.0820548    0.0139069
-0.000817853    0.0820548    0.0905563  -0.00270867
    0.377369    0.0139069  -0.00270867     0.386805
IMAGINARY
          0  -0.0173478  -0.0139068  0.00440714
  0.0173478           0   0.0134046 -0.00520537
  0.0139068  -0.0134046           0   0.0142651
-0.00440714  0.00520537  -0.0142651           0
EndNode2[0]<--->HoM1[0]
REAL
   0.38843 0.00189476  0.0242915   0.373754
0.00189476  0.0936639   0.072265  -0.011471
 0.0242915   0.072265   0.119835  0.0163239
  0.373754  -0.011471  0.0163239   0.398072
IMAGINARY
          0 -0.00793742   0.0246774  0.00984987
 0.00793742           0  -0.0131093  0.00633998
 -0.0246774   0.0131093           0  0.00669673
-0.00984987 -0.00633998 -0.00669673           0
Repeater1[0]<--->EndNode1[0]
REAL
    0.423027 -0.000817853    0.0144888     0.377369
-0.000817853    0.0905563    0.0820548  -0.00270867
   0.0144888    0.0820548    0.0996119    0.0139069
    0.377369  -0.00270867    0.0139069     0.386805
IMAGINARY
          0  -0.0139068  -0.0173478  0.00440714
  0.0139068           0  -0.0134046   0.0142651
  0.0173478   0.0134046           0 -0.00520537
-0.00440714  -0.0142651  0.00520537           0
Repeater1[0]<--->HoM1[0]
REAL
   0.38843  0.0242915 0.00189476   0.373754
 0.0242915   0.119835   0.072265  0.0163239
0.00189476   0.072265  0.0936639  -0.011471
  0.373754  0.0163239  -0.011471   0.398072
IMAGINARY
          0   0.0246774 -0.00793742  0.00984987
 -0.0246774           0   0.0131093  0.00669673
 0.00793742  -0.0131093           0  0.00633998
-0.00984987 -0.00669673 -0.00633998           0
EndNode1[0]<--->Repeater1[0]
REAL
   0.425974  0.00366748 -0.00741175    0.388058
 0.00366748   0.0961039    0.074045   0.0135242
-0.00741175    0.074045    0.120779  0.00366748
   0.388058   0.0135242  0.00366748    0.357143
IMAGINARY
          0  -0.0133505   0.0205468  0.00829696
  0.0133505           0  0.00960586 -0.00462325
 -0.0205468 -0.00960586           0   0.0025225
-0.00829696  0.00462325  -0.0025225           0
EndNode2[0]<--->HoM1[0]
REAL
   0.420366  -0.0141326  -0.0120096    0.374909
 -0.0141326   0.0887728   0.0652502  -0.0159159
 -0.0120096   0.0652502    0.114883 -0.00714402
   0.374909  -0.0159159 -0.00714402    0.375979
IMAGINARY
          0   -0.015496 -0.00342634    0.012738
   0.015496           0   -0.015798   0.0133695
 0.00342634    0.015798           0 -0.00581079
  -0.012738  -0.0133695  0.00581079           0
Repeater1[0]<--->EndNode1[0]
REAL
   0.425974 -0.00741175  0.00366748    0.388058
-0.00741175    0.120779    0.074045  0.00366748
 0.00366748    0.074045   0.0961039   0.0135242
   0.388058  0.00366748   0.0135242    0.357143
IMAGINARY
          0   0.0205468  -0.0133505  0.00829696
 -0.0205468           0 -0.00960586   0.0025225
  0.0133505  0.00960586           0 -0.00462325
-0.00829696  -0.0025225  0.00462325           0
Repeater1[0]<--->HoM1[0]
REAL
   0.420366  -0.0120096  -0.0141326    0.374909
 -0.0120096    0.114883   0.0652502 -0.00714402
 -0.0141326   0.0652502   0.0887728  -0.0159159
   0.374909 -0.00714402  -0.0159159    0.375979
IMAGINARY
          0 -0.00342634   -0.015496    0.012738
 0.00342634           0    0.015798 -0.00581079
   0.015496   -0.015798           0   0.0133695
  -0.012738  0.00581079  -0.0133695           0
EndNode1[0]<--->Repeater1[0]
REAL
   0.400513  -0.0148172 -0.00934569    0.384247
 -0.0148172    0.097561    0.083495  0.00482956
-0.00934569    0.083495    0.107831  0.00384946
   0.384247  0.00482956  0.00384946    0.394095
IMAGINARY
           0    0.0243148   -0.0303669   0.00449847
  -0.0243148            0  -0.00581081   0.00405112
   0.0303669   0.00581081            0  0.000747889
 -0.00449847  -0.00405112 -0.000747889            0
EndNode2[0]<--->HoM1[0]
REAL
    0.40201 -0.00106003 -0.00265604    0.377556
-0.00106003   0.0942211   0.0865878 0.000664011
-0.00265604   0.0865878    0.103015 -0.00491607
   0.377556 0.000664011 -0.00491607    0.400754
IMAGINARY
          0  -0.0187162  0.00919519 -0.00462745
  0.0187162           0  0.00587123 -0.00984035
-0.00919519 -0.00587123           0  -0.0193483
 0.00462745  0.00984035   0.0193483           0
Repeater1[0]<--->EndNode1[0]
REAL
   0.400513 -0.00934569  -0.0148172    0.384247
-0.00934569    0.107831    0.083495  0.00384946
 -0.0148172    0.083495    0.097561  0.00482956
   0.384247  0.00384946  0.00482956    0.394095
IMAGINARY
           0   -0.0303669    0.0243148   0.00449847
   0.0303669            0   0.00581081  0.000747889
  -0.0243148  -0.00581081            0   0.00405112
 -0.00449847 -0.000747889  -0.00405112            0
Repeater1[0]<--->HoM1[0]
REAL
    0.40201 -0.00265604 -0.00106003    0.377556
-0.00265604    0.103015   0.0865878 -0.00491607
-0.00106003   0.0865878   0.0942211 0.000664011
   0.377556 -0.00491607 0.000664011    0.400754
IMAGINARY
          0  0.00919519  -0.0187162 -0.00462745
-0.00919519           0 -0.00587123  -0.0193483
  0.0187162  0.00587123           0 -0.00984035
 0.00462745   0.0193483  0.00984035           0
EndNode1[0]<--->Repeater1[0]
REAL
   0.407035  -0.0193409 -0.00289482    0.357974
 -0.0193409   0.0917085   0.0804873 -0.00607954
-0.00289482   0.0804873   0.0954774 -0.00501803
   0.357974 -0.00607954 -0.00501803    0.405779
IMAGINARY
           0  -0.00461128    0.0142123  0.000697539
  0.00461128            0   0.00699477  -0.00243218
  -0.0142123  -0.00699477            0  -0.00716882
-0.000697539   0.00243218   0.00716882            0
EndNode2[0]<--->HoM1[0]
REAL
   0.392357 -0.00205771   0.0121642    0.377347
-0.00205771   0.0993631   0.0732233  0.00241124
  0.0121642   0.0732233    0.109554    0.010296
   0.377347  0.00241124    0.010296    0.398726
IMAGINARY
           0    -0.016731    0.0435243  -0.00754179
    0.016731            0    -0.015156  -0.00615314
  -0.0435243     0.015156            0 -2.15329e-05
  0.00754179   0.00615314  2.15329e-05            0
Repeater1[0]<--->EndNode1[0]
REAL
   0.407035 -0.00289482  -0.0193409    0.357974
-0.00289482   0.0954774   0.0804873 -0.00501803
 -0.0193409   0.0804873   0.0917085 -0.00607954
   0.357974 -0.00501803 -0.00607954    0.405779
IMAGINARY
           0    0.0142123  -0.00461128  0.000697539
  -0.0142123            0  -0.00699477  -0.00716882
  0.00461128   0.00699477            0  -0.00243218
-0.000697539   0.00716882   0.00243218            0
Repeater1[0]<--->HoM1[0]
REAL
   0.392357   0.0121642 -0.00205771    0.377347
  0.0121642    0.109554   0.0732233    0.010296
-0.00205771   0.0732233   0.0993631  0.00241124
   0.377347    0.010296  0.00241124    0.398726
IMAGINARY
           0    0.0435243    -0.016731  -0.00754179
  -0.0435243            0     0.015156 -2.15329e-05
    0.016731    -0.015156            0  -0.00615314
  0.00754179  2.15329e-05   0.00615314            0
EndNode1[0]<--->Repeater1[0]
REAL
   0.457405 -0.00168555 0.000815448    0.375804
-0.00168555    0.095675   0.0765766 -0.00660695
0.000815448   0.0765766   0.0812582 -0.00796696
   0.375804 -0.00660695 -0.00796696    0.365662
IMAGINARY
          0  0.00323139  0.00750053  0.00575287
-0.00323139           0  -0.0136063 -0.00814403
-0.00750053   0.0136063           0 -0.00516189
-0.00575287  0.00814403  0.00516189           0
EndNode2[0]<--->HoM1[0]
REAL
  0.425273 0.00961072  0.0148394   0.385883
0.00961072   0.115431   0.080869 0.00178461
 0.0148394   0.080869  0.0984204 0.00701332
  0.385883 0.00178461 0.00701332   0.360875
IMAGINARY
          0 -0.00859104   0.0110974 -0.00811086
 0.00859104           0  -0.0207944   0.0167578
 -0.0110974   0.0207944           0  -0.0136931
 0.00811086  -0.0167578   0.0136931           0
Repeater1[0]<--->EndNode1[0]
REAL
   0.457405 0.000815448 -0.00168555    0.375804
0.000815448   0.0812582   0.0765766 -0.00796696
-0.00168555   0.0765766    0.095675 -0.00660695
   0.375804 -0.00796696 -0.00660695    0.365662
IMAGINARY
          0  0.00750053  0.00323139  0.00575287
-0.00750053           0   0.0136063 -0.00516189
-0.00323139  -0.0136063           0 -0.00814403
-0.00575287  0.00516189  0.00814403           0
Repeater1[0]<--->HoM1[0]
REAL
  0.425273  0.0148394 0.00961072   0.385883
 0.0148394  0.0984204   0.080869 0.00701332
0.00961072   0.080869   0.115431 0.00178461
  0.385883 0.00701332 0.00178461   0.360875
IMAGINARY
          0   0.0110974 -0.00859104 -0.00811086
 -0.0110974           0   0.0207944  -0.0136931
 0.00859104  -0.0207944           0   0.0167578
 0.00811086   0.0136931  -0.0167578           0
EndNode1[0]<--->Repeater1[0]
REAL
   0.385733   0.0101386   0.0118422    0.380165
  0.0101386    0.108322   0.0739634 -0.00594439
  0.0118422   0.0739634    0.103038  0.00755467
   0.380165 -0.00594439  0.00755467    0.402906
IMAGINARY
          0  -0.0147455   0.0102365 -0.00442076
  0.0147455           0  -0.0100811  -0.0154045
 -0.0102365   0.0100811           0   0.0069936
 0.00442076   0.0154045  -0.0069936           0
EndNode2[0]<--->HoM1[0]
REAL
   0.364395   0.0127911   0.0012332    0.385964
  0.0127911   0.0890125   0.0816166 1.36853e-05
  0.0012332   0.0816166    0.115438 -0.00156918
   0.385964 1.36853e-05 -0.00156918    0.431154
IMAGINARY
          0   0.0206501  -0.0272521  0.00155768
 -0.0206501           0  -0.0173471  -0.0200625
  0.0272521   0.0173471           0   0.0151556
-0.00155768   0.0200625  -0.0151556           0
Repeater1[0]<--->EndNode1[0]
REAL
   0.385733   0.0118422   0.0101386    0.380165
  0.0118422    0.103038   0.0739634  0.00755467
  0.0101386   0.0739634    0.108322 -0.00594439
   0.380165  0.00755467 -0.00594439    0.402906
IMAGINARY
          0   0.0102365  -0.0147455 -0.00442076
 -0.0102365           0   0.0100811   0.0069936
  0.0147455  -0.0100811           0  -0.0154045
 0.00442076  -0.0069936   0.0154045           0
Repeater1[0]<--->HoM1[0]
REAL
   0.364395   0.0012332   0.0127911    0.385964
  0.0012332    0.115438   0.0816166 -0.00156918
  0.0127911   0.0816166   0.0890125 1.36853e-05
   0.385964 -0.00156918 1.36853e-05    0.431154
IMAGINARY
          0  -0.0272521   0.0206501  0.00155768
  0.0272521           0   0.0173471   0.0151556
 -0.0206501  -0.0173471           0  -0.0200625
-0.00155768  -0.0151556   0.0200625           0
EndNode1[0]<--->Repeater1[0]
REAL
    0.40052 0.000597413 -0.00351316    0.361464
0.000597413   0.0910273    0.102969   0.0110371
-0.00351316    0.102969   0.0949285  0.00692653
   0.361464   0.0110371  0.00692653    0.413524
IMAGINARY
          0  -0.0119971  0.00207042   0.0196907
  0.0119971           0    0.006001   0.0100655
-0.00207042   -0.006001           0 -0.00377963
 -0.0196907  -0.0100655  0.00377963           0
EndNode2[0]<--->HoM1[0]
REAL
   0.413123   0.0188362   0.0109363    0.376691
  0.0188362   0.0984204    0.074901  0.00753499
  0.0109363    0.074901    0.109356 -0.00546044
   0.376691  0.00753499 -0.00546044    0.379101
IMAGINARY
          0   0.0162445 -0.00331272 -0.00490782
 -0.0162445           0 -0.00744589    0.018658
 0.00331272  0.00744589           0  -0.0149657
 0.00490782   -0.018658   0.0149657           0
Repeater1[0]<--->EndNode1[0]
REAL
    0.40052 -0.00351316 0.000597413    0.361464
-0.00351316   0.0949285    0.102969  0.00692653
0.000597413    0.102969   0.0910273   0.0110371
   0.361464  0.00692653   0.0110371    0.413524
IMAGINARY
          0  0.00207042  -0.0119971   0.0196907
-0.00207042           0   -0.006001 -0.00377963
  0.0119971    0.006001           0   0.0100655
 -0.0196907  0.00377963  -0.0100655           0
Repeater1[0]<--->HoM1[0]
REAL
   0.413123   0.0109363   0.0188362    0.376691
  0.0109363    0.109356    0.074901 -0.00546044
  0.0188362    0.074901   0.0984204  0.00753499
   0.376691 -0.00546044  0.00753499    0.379101
IMAGINARY
          0 -0.00331272   0.0162445 -0.00490782
 0.00331272           0  0.00744589  -0.0149657
 -0.0162445 -0.00744589           0    0.018658
 0.00490782   0.0149657   -0.018658           0
EndNode1[0]<--->Repeater1[0]
REAL
  0.381496  0.0124571 0.00298494    0.36777
 0.0124571   0.107731  0.0792583  0.0163949
0.00298494  0.0792583   0.095057 0.00304679
   0.36777  0.0163949 0.00304679   0.415716
IMAGINARY
          0 -0.00862788   0.0194872   0.0069862
 0.00862788           0  -0.0197413   0.0222883
 -0.0194872   0.0197413           0  -0.0122598
 -0.0069862  -0.0222883   0.0122598           0
EndNode2[0]<--->HoM1[0]
REAL
    0.36399   0.0123768 -0.00422346    0.377616
  0.0123768     0.11658   0.0778546   0.0156738
-0.00422346   0.0778546    0.102332 -0.00219865
   0.377616   0.0156738 -0.00219865    0.417098
IMAGINARY
           0    0.0128406  0.000326482  -0.00057367
  -0.0128406            0  -0.00388493  -0.00688191
-0.000326482   0.00388493            0  -0.00628513
  0.00057367   0.00688191   0.00628513            0
Repeater1[0]<--->EndNode1[0]
REAL
  0.381496 0.00298494  0.0124571    0.36777
0.00298494   0.095057  0.0792583 0.00304679
 0.0124571  0.0792583   0.107731  0.0163949
   0.36777 0.00304679  0.0163949   0.415716
IMAGINARY
          0   0.0194872 -0.00862788   0.0069862
 -0.0194872           0   0.0197413  -0.0122598
 0.00862788  -0.0197413           0   0.0222883
 -0.0069862   0.0122598  -0.0222883           0
Repeater1[0]<--->HoM1[0]
REAL
    0.36399 -0.00422346   0.0123768    0.377616
-0.00422346    0.102332   0.0778546 -0.00219865
  0.0123768   0.0778546     0.11658   0.0156738
   0.377616 -0.00219865   0.0156738    0.417098
IMAGINARY
           0  0.000326482    0.0128406  -0.00057367
-0.000326482            0   0.00388493  -0.00628513
  -0.0128406  -0.00388493            0  -0.00688191
  0.00057367   0.00628513   0.00688191            0
EndNode1[0]<--->Repeater1[0]
REAL
  0.394495 -0.0170715  -0.013474    0.38315
-0.0170715  0.0917431  0.0808248 -0.0169608
 -0.013474  0.0808248   0.103539  -0.012121
   0.38315 -0.0169608  -0.012121   0.410223
IMAGINARY
          0 -0.00887166 -0.00159129  0.00635236
 0.00887166           0  0.00298762   0.0106352
 0.00159129 -0.00298762           0 -0.00146425
-0.00635236  -0.0106352  0.00146425           0
EndNode2[0]<--->HoM1[0]
REAL
  0.320449  0.0128871  0.0132635   0.367898
 0.0128871   0.103491  0.0866477 -0.0015752
 0.0132635  0.0866477   0.114713 -0.0024975
  0.367898 -0.0015752 -0.0024975   0.461347
IMAGINARY
          0   0.0157582 -0.00895833  -0.0017734
 -0.0157582           0  0.00760998  0.00145833
 0.00895833 -0.00760998           0 -0.00200825
  0.0017734 -0.00145833  0.00200825           0
Repeater1[0]<--->EndNode1[0]
REAL
  0.394495  -0.013474 -0.0170715    0.38315
 -0.013474   0.103539  0.0808248  -0.012121
-0.0170715  0.0808248  0.0917431 -0.0169608
   0.38315  -0.012121 -0.0169608   0.410223
IMAGINARY
          0 -0.00159129 -0.00887166  0.00635236
 0.00159129           0 -0.00298762 -0.00146425
 0.00887166  0.00298762           0   0.0106352
-0.00635236  0.00146425  -0.0106352           0
Repeater1[0]<--->HoM1[0]
REAL
  0.320449  0.0132635  0.0128871   0.367898
 0.0132635   0.114713  0.0866477 -0.0024975
 0.0128871  0.0866477   0.103491 -0.0015752
  0.367898 -0.0024975 -0.0015752   0.461347
IMAGINARY
          0 -0.00895833   0.0157582  -0.0017734
 0.00895833           0 -0.00760998 -0.00200825
 -0.0157582  0.00760998           0  0.00145833
  0.0017734  0.00200825 -0.00145833           0
EndNode1[0]<--->Repeater1[0]
REAL
   0.427673 -0.00866271  -0.0124018    0.378939
-0.00866271   0.0691824    0.078223 -0.00299316
 -0.0124018    0.078223   0.0981132 -0.00673221
   0.378939 -0.00299316 -0.00673221    0.405031
IMAGINARY
           0   0.00333003  5.01258e-05    0.0147278
 -0.00333003            0   0.00398189     -0.01079
-5.01258e-05  -0.00398189            0   0.00144324
  -0.0147278      0.01079  -0.00144324            0
EndNode2[0]<--->HoM1[0]
REAL
   0.412929  -0.0074304 -0.00511565    0.386006
 -0.0074304    0.100264   0.0627124 0.000392305
-0.00511565   0.0627124    0.085752 -0.00808916
   0.386006 0.000392305 -0.00808916    0.401055
IMAGINARY
          0   0.0112539  -0.0122176  0.00259358
 -0.0112539           0 -0.00198158 -0.00853208
  0.0122176  0.00198158           0   0.0202053
-0.00259358  0.00853208  -0.0202053           0
Repeater1[0]<--->EndNode1[0]
REAL
   0.427673  -0.0124018 -0.00866271    0.378939
 -0.0124018   0.0981132    0.078223 -0.00673221
-0.00866271    0.078223   0.0691824 -0.00299316
   0.378939 -0.00673221 -0.00299316    0.405031
IMAGINARY
           0  5.01258e-05   0.00333003    0.0147278
-5.01258e-05            0  -0.00398189   0.00144324
 -0.00333003   0.00398189            0     -0.01079
  -0.0147278  -0.00144324      0.01079            0
Repeater1[0]<--->HoM1[0]
REAL
   0.412929 -0.00511565  -0.0074304    0.386006
-0.00511565    0.085752   0.0627124 -0.00808916
 -0.0074304   0.0627124    0.100264 0.000392305
   0.386006 -0.00808916 0.000392305    0.401055
IMAGINARY
          0  -0.0122176   0.0112539  0.00259358
  0.0122176           0  0.00198158   0.0202053
 -0.0112539 -0.00198158           0 -0.00853208
-0.00259358  -0.0202053  0.00853208           0
EndNode1[0]<--->Repeater1[0]
REAL
   0.422018 -0.00173707 -0.00490398    0.369796
-0.00173707     0.10616   0.0851009   0.0100586
-0.00490398   0.0851009    0.100917    0.013335
   0.369796   0.0100586    0.013335    0.370904
IMAGINARY
           0 -0.000567137   0.00136731   0.00810994
 0.000567137            0  -0.00675493   0.00836032
 -0.00136731   0.00675493            0   0.00640371
 -0.00810994  -0.00836032  -0.00640371            0
EndNode2[0]<--->HoM1[0]
REAL
   0.425068   0.0179702   0.0122316    0.370799
  0.0179702    0.113079   0.0657679  0.00144996
  0.0122316   0.0657679    0.099455 -0.00801993
   0.370799  0.00144996 -0.00801993    0.362398
IMAGINARY
          0 -0.00290675  -0.0136346  -0.0122754
 0.00290675           0 -0.00368886  0.00420061
  0.0136346  0.00368886           0  0.00101995
  0.0122754 -0.00420061 -0.00101995           0
Repeater1[0]<--->EndNode1[0]
REAL
   0.422018 -0.00490398 -0.00173707    0.369796
-0.00490398    0.100917   0.0851009    0.013335
-0.00173707   0.0851009     0.10616   0.0100586
   0.369796    0.013335   0.0100586    0.370904
IMAGINARY
           0   0.00136731 -0.000567137   0.00810994
 -0.00136731            0   0.00675493   0.00640371
 0.000567137  -0.00675493            0   0.00836032
 -0.00810994  -0.00640371  -0.00836032            0
Repeater1[0]<--->HoM1[0]
REAL
   0.425068   0.0122316   0.0179702    0.370799
  0.0122316    0.099455   0.0657679 -0.00801993
  0.0179702   0.0657679    0.113079  0.00144996
   0.370799 -0.00801993  0.00144996    0.362398
IMAGINARY
          0  -0.0136346 -0.00290675  -0.0122754
  0.0136346           0  0.00368886  0.00101995
 0.00290675 -0.00368886           0  0.00420061
  0.0122754 -0.00101995 -0.00420061           0
EndNode1[0]<--->Repeater1[0]
REAL
   0.393484 -0.00620738  -0.0121003    0.376648
-0.00620738   0.0952381   0.0691105 -0.00528495
 -0.0121003   0.0691105     0.10401  -0.0125687
   0.376648 -0.00528495  -0.0125687    0.407268
IMAGINARY
          0  0.00430135  0.00429409   0.0093625
-0.00430135           0   0.0118015  0.00176244
-0.00429409  -0.0118015           0  -0.0117038
 -0.0093625 -0.00176244   0.0117038           0
EndNode2[0]<--->HoM1[0]
REAL
  0.379085  0.0110043  0.0219145   0.362905
 0.0110043  0.0954248  0.0867267 -0.0022585
 0.0219145  0.0867267   0.111111 0.00250918
  0.362905 -0.0022585 0.00250918   0.414379
IMAGINARY
         0  0.0136553 -0.0139856 -0.0128829
-0.0136553          0  0.0122189  0.0035144
 0.0139856 -0.0122189          0 -0.0385244
 0.0128829 -0.0035144  0.0385244          0
Repeater1[0]<--->EndNode1[0]
REAL
   0.393484  -0.0121003 -0.00620738    0.376648
 -0.0121003     0.10401   0.0691105  -0.0125687
-0.00620738   0.0691105   0.0952381 -0.00528495
   0.376648  -0.0125687 -0.00528495    0.407268
IMAGINARY
          0  0.00429409  0.00430135   0.0093625
-0.00429409           0  -0.0118015  -0.0117038
-0.00430135   0.0118015           0  0.00176244
 -0.0093625   0.0117038 -0.00176244           0
Repeater1[0]<--->HoM1[0]
REAL
  0.379085  0.0219145  0.0110043   0.362905
 0.0219145   0.111111  0.0867267 0.00250918
 0.0110043  0.0867267  0.0954248 -0.0022585
  0.362905 0.00250918 -0.0022585   0.414379
IMAGINARY
         0 -0.0139856  0.0136553 -0.0128829
 0.0139856          0 -0.0122189 -0.0385244
-0.0136553  0.0122189          0  0.0035144
 0.0128829  0.0385244 -0.0035144          0
EndNode1[0]<--->Repeater1[0]
REAL
   0.354167 -0.00678195 -0.00559825     0.38242
-0.00678195    0.117187   0.0875142   0.0245525
-0.00559825   0.0875142   0.0885417   0.0270434
    0.38242   0.0245525   0.0270434    0.440104
IMAGINARY
          0 -0.00900784   0.0241287  -0.0204193
 0.00900784           0 -0.00171609  0.00134048
 -0.0241287  0.00171609           0  -0.0178018
  0.0204193 -0.00134048   0.0178018           0
EndNode2[0]<--->HoM1[0]
REAL
   0.421185 -0.00488058  -0.0125852    0.386691
-0.00488058   0.0882724   0.0732586  -0.0093172
 -0.0125852   0.0732586   0.0996217  -0.0195249
   0.386691  -0.0093172  -0.0195249    0.390921
IMAGINARY
           0  -0.00106188  -0.00692964     0.013865
  0.00106188            0 -0.000210896    0.0168799
  0.00692964  0.000210896            0   0.00354945
   -0.013865   -0.0168799  -0.00354945            0
Repeater1[0]<--->EndNode1[0]
REAL
   0.354167 -0.00559825 -0.00678195     0.38242
-0.00559825   0.0885417   0.0875142   0.0270434
-0.00678195   0.0875142    0.117187   0.0245525
    0.38242   0.0270434   0.0245525    0.440104
IMAGINARY
          0   0.0241287 -0.00900784  -0.0204193
 -0.0241287           0  0.00171609  -0.0178018
 0.00900784 -0.00171609           0  0.00134048
  0.0204193   0.0178018 -0.00134048           0
Repeater1[0]<--->HoM1[0]
REAL
   0.421185  -0.0125852 -0.00488058    0.386691
 -0.0125852   0.0996217   0.0732586  -0.0195249
-0.00488058   0.0732586   0.0882724  -0.0093172
   0.386691  -0.0195249  -0.0093172    0.390921
IMAGINARY
           0  -0.00692964  -0.00106188     0.013865
  0.00692964            0  0.000210896   0.00354945
  0.00106188 -0.000210896            0    0.0168799
   -0.013865  -0.00354945   -0.0168799            0
EndNode1[0]<--->Repeater1[0]
REAL
   0.404891 -0.00468621  0.00753493    0.369984
-0.00468621   0.0923913    0.094258  -0.0130836
 0.00753493    0.094258   0.0951087 -0.00209554
   0.369984  -0.0130836 -0.00209554    0.407609
IMAGINARY
          0  0.00752677  0.00644631 -0.00220516
-0.00752677           0   -0.018048 -0.00776557
-0.00644631    0.018048           0 -0.00884603
 0.00220516  0.00776557  0.00884603           0
EndNode2[0]<--->HoM1[0]
REAL
        0.4  0.00899613  0.00765711    0.381772
 0.00899613    0.102532     0.08283 0.000560336
 0.00765711     0.08283    0.110127  0.00174976
   0.381772 0.000560336  0.00174976    0.387342
IMAGINARY
