EndNode1[0]<--->Repeater1[0]
REAL
    0.427867 -0.000581736   0.00306355         0.34
-0.000581736    0.0887793    -0.006871    -0.011039
  0.00306355    -0.006871    0.0838471  -0.00739372
        0.34    -0.011039  -0.00739372     0.399507
IMAGINARY
          0  0.00146557  -0.0167447  -0.0114069
-0.00146557           0  0.00578889  -0.0225362
  0.0167447 -0.00578889           0  0.00985267
  0.0114069   0.0225362 -0.00985267           0
EndNode2[0]<--->HoM1[0]
REAL
    0.446053  -0.00761735   -0.0260145     0.321664
 -0.00761735    0.0697368  -0.00948783   -0.0037782
  -0.0260145  -0.00948783     0.109211 -0.000154667
    0.321664   -0.0037782 -0.000154667        0.375
IMAGINARY
           0   0.00366907   0.00571128    0.0104625
 -0.00366907            0   -0.0314816  0.000833227
 -0.00571128    0.0314816            0   -0.0115225
  -0.0104625 -0.000833227    0.0115225            0
Repeater1[0]<--->EndNode1[0]
REAL
    0.427867   0.00306355 -0.000581736         0.34
  0.00306355    0.0838471    -0.006871  -0.00739372
-0.000581736    -0.006871    0.0887793    -0.011039
        0.34  -0.00739372    -0.011039     0.399507
IMAGINARY
          0  -0.0167447  0.00146557  -0.0114069
  0.0167447           0 -0.00578889  0.00985267
-0.00146557  0.00578889           0  -0.0225362
  0.0114069 -0.00985267   0.0225362           0
Repeater1[0]<--->HoM1[0]
REAL
    0.446053   -0.0260145  -0.00761735     0.321664
  -0.0260145     0.109211  -0.00948783 -0.000154667
 -0.00761735  -0.00948783    0.0697368   -0.0037782
    0.321664 -0.000154667   -0.0037782        0.375
IMAGINARY
           0   0.00571128   0.00366907    0.0104625
 -0.00571128            0    0.0314816   -0.0115225
 -0.00366907   -0.0314816            0  0.000833227
  -0.0104625    0.0115225 -0.000833227            0
EndNode1[0]<--->Repeater1[0]
REAL
   0.410959 -0.00311626 -0.00429006     0.32577
-0.00311626   0.0846824 -0.00323125  0.00947141
-0.00429006 -0.00323125   0.0996264   0.0121836
    0.32577  0.00947141   0.0121836    0.404732
IMAGINARY
           0  0.000333292   0.00473399   -0.0107618
-0.000333292            0   -0.0287295   -0.0149939
 -0.00473399    0.0287295            0  -0.00512125
   0.0107618    0.0149939   0.00512125            0
EndNode2[0]<--->HoM1[0]
REAL
   0.416993 -0.00845445   0.0169446    0.339684
-0.00845445   0.0810458 -0.00549372  -0.0323688
  0.0169446 -0.00549372   0.0915033 -0.00568437
   0.339684  -0.0323688 -0.00568437    0.410458
IMAGINARY
           0   -0.0191823     0.016927   0.00371583
   0.0191823            0    0.0193408  0.000839491
   -0.016927   -0.0193408            0   0.00395391
 -0.00371583 -0.000839491  -0.00395391            0
Repeater1[0]<--->EndNode1[0]
REAL
   0.410959 -0.00429006 -0.00311626     0.32577
-0.00429006   0.0996264 -0.00323125   0.0121836
-0.00311626 -0.00323125   0.0846824  0.00947141
    0.32577   0.0121836  0.00947141    0.404732
IMAGINARY
           0   0.00473399  0.000333292   -0.0107618
 -0.00473399            0    0.0287295  -0.00512125
-0.000333292   -0.0287295            0   -0.0149939
   0.0107618   0.00512125    0.0149939            0
Repeater1[0]<--->HoM1[0]
REAL
   0.416993   0.0169446 -0.00845445    0.339684
  0.0169446   0.0915033 -0.00549372 -0.00568437
-0.00845445 -0.00549372   0.0810458  -0.0323688
   0.339684 -0.00568437  -0.0323688    0.410458
IMAGINARY
           0     0.016927   -0.0191823   0.00371583
   -0.016927            0   -0.0193408   0.00395391
   0.0191823    0.0193408            0  0.000839491
 -0.00371583  -0.00395391 -0.000839491            0
EndNode1[0]<--->Repeater1[0]
REAL
    0.39433   0.0066134  0.00282183    0.300732
  0.0066134   0.0850515 -0.00178349  0.00703362
 0.00282183 -0.00178349    0.109536  0.00192799
   0.300732  0.00703362  0.00192799    0.411082
IMAGINARY
           0 -0.000834496  0.000128353  -0.00179893
 0.000834496            0  -0.00501643  -0.00327301
-0.000128353   0.00501643            0    0.0127842
  0.00179893   0.00327301   -0.0127842            0
EndNode2[0]<--->HoM1[0]
REAL
  0.395494 0.00127551 0.00406716   0.321796
0.00127551  0.0901126  0.0187655 -0.0104447
0.00406716  0.0187655  0.0788486 0.00127551
  0.321796 -0.0104447 0.00127551   0.435544
IMAGINARY
           0   -0.0108225  -0.00427587  -0.00870222
   0.0108225            0 -0.000950286     0.010589
  0.00427587  0.000950286            0   0.00703463
  0.00870222    -0.010589  -0.00703463            0
Repeater1[0]<--->EndNode1[0]
REAL
    0.39433  0.00282183   0.0066134    0.300732
 0.00282183    0.109536 -0.00178349  0.00192799
  0.0066134 -0.00178349   0.0850515  0.00703362
   0.300732  0.00192799  0.00703362    0.411082
IMAGINARY
           0  0.000128353 -0.000834496  -0.00179893
-0.000128353            0   0.00501643    0.0127842
 0.000834496  -0.00501643            0  -0.00327301
  0.00179893   -0.0127842   0.00327301            0
Repeater1[0]<--->HoM1[0]
REAL
  0.395494 0.00406716 0.00127551   0.321796
0.00406716  0.0788486  0.0187655 0.00127551
0.00127551  0.0187655  0.0901126 -0.0104447
  0.321796 0.00127551 -0.0104447   0.435544
IMAGINARY
           0  -0.00427587   -0.0108225  -0.00870222
  0.00427587            0  0.000950286   0.00703463
   0.0108225 -0.000950286            0     0.010589
  0.00870222  -0.00703463    -0.010589            0
EndNode1[0]<--->Repeater1[0]
REAL
    0.420179   -0.0258879   -0.0277389     0.327587
  -0.0258879    0.0970626    0.0113641  -0.00784161
  -0.0277389    0.0113641    0.0817369 -0.000953532
    0.327587  -0.00784161 -0.000953532     0.401022
IMAGINARY
           0 -0.000305746  -0.00631486  -0.00499307
 0.000305746            0    0.0192788    0.0158206
  0.00631486   -0.0192788            0   -0.0130022
  0.00499307   -0.0158206    0.0130022            0
EndNode2[0]<--->HoM1[0]
REAL
   0.416107  -0.0302666 -0.00592927    0.319728
 -0.0302666   0.0832215   0.0056889  -0.0178191
-0.00592927   0.0056889   0.0872483 -0.00375141
   0.319728  -0.0178191 -0.00375141    0.413423
IMAGINARY
          0  0.00128865 -0.00203483  -0.0232249
-0.00128865           0  0.00281675   0.0106555
 0.00203483 -0.00281675           0 -0.00621476
  0.0232249  -0.0106555  0.00621476           0
Repeater1[0]<--->EndNode1[0]
REAL
    0.420179   -0.0277389   -0.0258879     0.327587
  -0.0277389    0.0817369    0.0113641 -0.000953532
  -0.0258879    0.0113641    0.0970626  -0.00784161
    0.327587 -0.000953532  -0.00784161     0.401022
IMAGINARY
           0  -0.00631486 -0.000305746  -0.00499307
  0.00631486            0   -0.0192788   -0.0130022
 0.000305746    0.0192788            0    0.0158206
  0.00499307    0.0130022   -0.0158206            0
Repeater1[0]<--->HoM1[0]
REAL
   0.416107 -0.00592927  -0.0302666    0.319728
-0.00592927   0.0872483   0.0056889 -0.00375141
 -0.0302666   0.0056889   0.0832215  -0.0178191
   0.319728 -0.00375141  -0.0178191    0.413423
IMAGINARY
          0 -0.00203483  0.00128865  -0.0232249
 0.00203483           0 -0.00281675 -0.00621476
-0.00128865  0.00281675           0   0.0106555
  0.0232249  0.00621476  -0.0106555           0
EndNode1[0]<--->Repeater1[0]
REAL
   0.426862 -0.00130255  -0.0111703    0.327818
-0.00130255   0.0771277  0.00672313   0.0063394
 -0.0111703  0.00672313   0.0837766 -0.00956701
   0.327818   0.0063394 -0.00956701    0.412234
IMAGINARY
           0   0.00578679  0.000730386   0.00849947
 -0.00578679            0   0.00597422   0.00661274
-0.000730386  -0.00597422            0   -0.0158001
 -0.00849947  -0.00661274    0.0158001            0
EndNode2[0]<--->HoM1[0]
REAL
   0.450255   0.0128727  0.00246074    0.340368
  0.0128727    0.065051 -0.00173723   0.0256566
 0.00246074 -0.00173723    0.109694 -0.00920522
   0.340368   0.0256566 -0.00920522       0.375
IMAGINARY
           0   -0.0122391 -0.000408222    0.0279411
   0.0122391            0   -0.0113848    0.0190218
 0.000408222    0.0113848            0   -0.0102256
  -0.0279411   -0.0190218    0.0102256            0
Repeater1[0]<--->EndNode1[0]
REAL
   0.426862  -0.0111703 -0.00130255    0.327818
 -0.0111703   0.0837766  0.00672313 -0.00956701
-0.00130255  0.00672313   0.0771277   0.0063394
   0.327818 -0.00956701   0.0063394    0.412234
IMAGINARY
           0  0.000730386   0.00578679   0.00849947
-0.000730386            0  -0.00597422   -0.0158001
 -0.00578679   0.00597422            0   0.00661274
 -0.00849947    0.0158001  -0.00661274            0
Repeater1[0]<--->HoM1[0]
REAL
   0.450255  0.00246074   0.0128727    0.340368
 0.00246074    0.109694 -0.00173723 -0.00920522
  0.0128727 -0.00173723    0.065051   0.0256566
   0.340368 -0.00920522   0.0256566       0.375
IMAGINARY
           0 -0.000408222   -0.0122391    0.0279411
 0.000408222            0    0.0113848   -0.0102256
   0.0122391   -0.0113848            0    0.0190218
  -0.0279411    0.0102256   -0.0190218            0
EndNode1[0]<--->Repeater1[0]
REAL
  0.407008 0.00220094  0.0185498   0.331202
0.00220094  0.0943396  -0.022032 0.00437458
 0.0185498  -0.022032  0.0795148  0.0108102
  0.331202 0.00437458  0.0108102   0.419137
IMAGINARY
          0  -0.0120723    0.033944  0.00938279
  0.0120723           0   0.0126853   -0.005337
  -0.033944  -0.0126853           0 -0.00409685
-0.00938279    0.005337  0.00409685           0
EndNode2[0]<--->HoM1[0]
REAL
   0.405722 -0.00669897 -0.00564187    0.332313
-0.00669897   0.0897269 -0.00559864   0.0158705
-0.00564187 -0.00559864   0.0676203 -0.00473304
   0.332313   0.0158705 -0.00473304    0.436931
IMAGINARY
          0  -0.0208779  0.00359607  -0.0058691
  0.0208779           0  -0.0224085   0.0142611
-0.00359607   0.0224085           0  -0.0189573
  0.0058691  -0.0142611   0.0189573           0
Repeater1[0]<--->EndNode1[0]
REAL
  0.407008  0.0185498 0.00220094   0.331202
 0.0185498  0.0795148  -0.022032  0.0108102
0.00220094  -0.022032  0.0943396 0.00437458
  0.331202  0.0108102 0.00437458   0.419137
IMAGINARY
          0    0.033944  -0.0120723  0.00938279
  -0.033944           0  -0.0126853 -0.00409685
  0.0120723   0.0126853           0   -0.005337
-0.00938279  0.00409685    0.005337           0
Repeater1[0]<--->HoM1[0]
REAL
   0.405722 -0.00564187 -0.00669897    0.332313
-0.00564187   0.0676203 -0.00559864 -0.00473304
-0.00669897 -0.00559864   0.0897269   0.0158705
   0.332313 -0.00473304   0.0158705    0.436931
IMAGINARY
          0  0.00359607  -0.0208779  -0.0058691
-0.00359607           0   0.0224085  -0.0189573
  0.0208779  -0.0224085           0   0.0142611
  0.0058691   0.0189573  -0.0142611           0
EndNode1[0]<--->Repeater1[0]
REAL
   0.406329 -0.00531955   0.0205439    0.328841
-0.00531955   0.0936709     0.01803   0.0160739
  0.0205439     0.01803   0.0772152   0.0166378
   0.328841   0.0160739   0.0166378    0.422785
IMAGINARY
          0 -0.00654877  -0.0174928  0.00183741
 0.00654877           0  -0.0135868 -0.00374276
  0.0174928   0.0135868           0   0.0290713
-0.00183741  0.00374276  -0.0290713           0
EndNode2[0]<--->HoM1[0]
REAL
   0.432298  0.00076423 -0.00226614    0.321588
 0.00076423   0.0931677 -0.00735906   0.0213702
-0.00226614 -0.00735906   0.0919255  0.00648215
   0.321588   0.0213702  0.00648215    0.382609
IMAGINARY
          0 -0.00227183  0.00175995   0.0190117
 0.00227183           0  0.00491776   0.0258716
-0.00175995 -0.00491776           0 -0.00430711
 -0.0190117  -0.0258716  0.00430711           0
Repeater1[0]<--->EndNode1[0]
REAL
   0.406329   0.0205439 -0.00531955    0.328841
  0.0205439   0.0772152     0.01803   0.0166378
-0.00531955     0.01803   0.0936709   0.0160739
   0.328841   0.0166378   0.0160739    0.422785
IMAGINARY
          0  -0.0174928 -0.00654877  0.00183741
  0.0174928           0   0.0135868   0.0290713
 0.00654877  -0.0135868           0 -0.00374276
-0.00183741  -0.0290713  0.00374276           0
Repeater1[0]<--->HoM1[0]
REAL
   0.432298 -0.00226614  0.00076423    0.321588
-0.00226614   0.0919255 -0.00735906  0.00648215
 0.00076423 -0.00735906   0.0931677   0.0213702
   0.321588  0.00648215   0.0213702    0.382609
IMAGINARY
          0  0.00175995 -0.00227183   0.0190117
-0.00175995           0 -0.00491776 -0.00430711
 0.00227183  0.00491776           0   0.0258716
 -0.0190117  0.00430711  -0.0258716           0
EndNode1[0]<--->Repeater1[0]
REAL
   0.403042 -0.00131909  -0.0246374    0.321273
-0.00131909    0.086185 0.000662398   0.0149599
 -0.0246374 0.000662398    0.095057 -0.00577769
   0.321273   0.0149599 -0.00577769    0.415716
IMAGINARY
          0 -0.00986924 -0.00632928  -0.0046543
 0.00986924           0   0.0115552 -3.2047e-05
 0.00632928  -0.0115552           0  0.00732471
  0.0046543  3.2047e-05 -0.00732471           0
EndNode2[0]<--->HoM1[0]
REAL
   0.389303  0.00940641 -0.00183876    0.324751
 0.00940641    0.103234 -0.00528865  -0.0052035
-0.00183876 -0.00528865   0.0945274  0.00275748
   0.324751  -0.0052035  0.00275748    0.412935
IMAGINARY
          0  -0.0128023   0.0163749  0.00731973
  0.0128023           0 -0.00134364   0.0132693
 -0.0163749  0.00134364           0  0.00292092
-0.00731973  -0.0132693 -0.00292092           0
Repeater1[0]<--->EndNode1[0]
REAL
   0.403042  -0.0246374 -0.00131909    0.321273
 -0.0246374    0.095057 0.000662398 -0.00577769
-0.00131909 0.000662398    0.086185   0.0149599
   0.321273 -0.00577769   0.0149599    0.415716
IMAGINARY
          0 -0.00632928 -0.00986924  -0.0046543
 0.00632928           0  -0.0115552  0.00732471
 0.00986924   0.0115552           0 -3.2047e-05
  0.0046543 -0.00732471  3.2047e-05           0
Repeater1[0]<--->HoM1[0]
REAL
   0.389303 -0.00183876  0.00940641    0.324751
-0.00183876   0.0945274 -0.00528865  0.00275748
 0.00940641 -0.00528865    0.103234  -0.0052035
   0.324751  0.00275748  -0.0052035    0.412935
IMAGINARY
          0   0.0163749  -0.0128023  0.00731973
 -0.0163749           0  0.00134364  0.00292092
  0.0128023 -0.00134364           0   0.0132693
-0.00731973 -0.00292092  -0.0132693           0
EndNode1[0]<--->Repeater1[0]
REAL
   0.39924  0.0145827  0.0095975    0.31792
 0.0145827  0.0899873 -0.0171586 0.00436189
 0.0095975 -0.0171586  0.0849176  0.0057219
   0.31792 0.00436189  0.0057219   0.425856
IMAGINARY
           0   -0.0159766     0.026486  0.000560049
   0.0159766            0   0.00984387  -0.00292578
   -0.026486  -0.00984387            0     0.010741
-0.000560049   0.00292578    -0.010741            0
EndNode2[0]<--->HoM1[0]
REAL
   0.409836    0.010627  0.00614173    0.317774
   0.010627   0.0887978   0.0169666 -0.00674487
 0.00614173   0.0169666   0.0860656  -0.0100238
   0.317774 -0.00674487  -0.0100238    0.415301
IMAGINARY
          0  0.00150901   0.0150487   0.0154382
-0.00150901           0 -0.00340607  0.00446673
 -0.0150487  0.00340607           0  -0.0210245
 -0.0154382 -0.00446673   0.0210245           0
Repeater1[0]<--->EndNode1[0]
REAL
   0.39924  0.0095975  0.0145827    0.31792
 0.0095975  0.0849176 -0.0171586  0.0057219
 0.0145827 -0.0171586  0.0899873 0.00436189
   0.31792  0.0057219 0.00436189   0.425856
IMAGINARY
           0     0.026486   -0.0159766  0.000560049
   -0.026486            0  -0.00984387     0.010741
   0.0159766   0.00984387            0  -0.00292578
-0.000560049    -0.010741   0.00292578            0
Repeater1[0]<--->HoM1[0]
REAL
   0.409836  0.00614173    0.010627    0.317774
 0.00614173   0.0860656   0.0169666  -0.0100238
   0.010627   0.0169666   0.0887978 -0.00674487
   0.317774  -0.0100238 -0.00674487    0.415301
IMAGINARY
          0   0.0150487  0.00150901   0.0154382
 -0.0150487           0  0.00340607  -0.0210245
-0.00150901 -0.00340607           0  0.00446673
 -0.0154382   0.0210245 -0.00446673           0
EndNode1[0]<--->Repeater1[0]
REAL
  0.383266 0.00329675  0.0141328   0.308458
0.00329675   0.101215 0.00580874   0.013458
 0.0141328 0.00580874  0.0944669  0.0135269
  0.308458   0.013458  0.0135269   0.421053
IMAGINARY
          0 -0.00469806  -0.0063856  0.00051566
 0.00469806           0    0.012593   0.0110214
  0.0063856   -0.012593           0   0.0146318
-0.00051566  -0.0110214  -0.0146318           0
EndNode2[0]<--->HoM1[0]
REAL
   0.400783   0.0120792 -0.00820113    0.320519
  0.0120792   0.0861619  -0.0157699  0.00952039
-0.00820113  -0.0157699    0.101828  0.00770969
   0.320519  0.00952039  0.00770969    0.411227
IMAGINARY
          0  0.00602809 -0.00958336 -0.00758185
-0.00602809           0 -0.00820763  -0.0101984
 0.00958336  0.00820763           0 -0.00807447
 0.00758185   0.0101984  0.00807447           0
Repeater1[0]<--->EndNode1[0]
REAL
  0.383266  0.0141328 0.00329675   0.308458
 0.0141328  0.0944669 0.00580874  0.0135269
0.00329675 0.00580874   0.101215   0.013458
  0.308458  0.0135269   0.013458   0.421053
IMAGINARY
          0  -0.0063856 -0.00469806  0.00051566
  0.0063856           0   -0.012593   0.0146318
 0.00469806    0.012593           0   0.0110214
-0.00051566  -0.0146318  -0.0110214           0
Repeater1[0]<--->HoM1[0]
REAL
   0.400783 -0.00820113   0.0120792    0.320519
-0.00820113    0.101828  -0.0157699  0.00770969
  0.0120792  -0.0157699   0.0861619  0.00952039
   0.320519  0.00770969  0.00952039    0.411227
IMAGINARY
          0 -0.00958336  0.00602809 -0.00758185
 0.00958336           0  0.00820763 -0.00807447
-0.00602809 -0.00820763           0  -0.0101984
 0.00758185  0.00807447   0.0101984           0
EndNode1[0]<--->Repeater1[0]
REAL
   0.401282 -0.00529646 -0.00848059    0.324526
-0.00529646   0.0833333  0.00292452 -0.00916646
-0.00848059  0.00292452   0.0884615  0.00333568
   0.324526 -0.00916646  0.00333568    0.426923
IMAGINARY
          0  -0.0056272   0.0177572  -0.0216114
  0.0056272           0  0.00750882  -0.0165436
 -0.0177572 -0.00750882           0  0.00805439
  0.0216114   0.0165436 -0.00805439           0
EndNode2[0]<--->HoM1[0]
REAL
   0.406824   -0.002827 -0.00453232    0.321588
  -0.002827   0.0826772  0.00260109  -0.0204053
-0.00453232  0.00260109   0.0787402  0.00407388
   0.321588  -0.0204053  0.00407388    0.431759
IMAGINARY
          0  0.00299983   0.0235632 -0.00229741
-0.00299983           0  -0.0102339  0.00934816
 -0.0235632   0.0102339           0 -0.00932894
 0.00229741 -0.00934816  0.00932894           0
Repeater1[0]<--->EndNode1[0]
REAL
   0.401282 -0.00848059 -0.00529646    0.324526
-0.00848059   0.0884615  0.00292452  0.00333568
-0.00529646  0.00292452   0.0833333 -0.00916646
   0.324526  0.00333568 -0.00916646    0.426923
IMAGINARY
          0   0.0177572  -0.0056272  -0.0216114
 -0.0177572           0 -0.00750882  0.00805439
  0.0056272  0.00750882           0  -0.0165436
  0.0216114 -0.00805439   0.0165436           0
Repeater1[0]<--->HoM1[0]
REAL
   0.406824 -0.00453232   -0.002827    0.321588
-0.00453232   0.0787402  0.00260109  0.00407388
  -0.002827  0.00260109   0.0826772  -0.0204053
   0.321588  0.00407388  -0.0204053    0.431759
IMAGINARY
          0   0.0235632  0.00299983 -0.00229741
 -0.0235632           0   0.0102339 -0.00932894
-0.00299983  -0.0102339           0  0.00934816
 0.00229741  0.00932894 -0.00934816           0
EndNode1[0]<--->Repeater1[0]
REAL
    0.42401  -0.0245076  -0.0147502    0.325731
 -0.0245076   0.0906769 -0.00521823 -0.00960879
 -0.0147502 -0.00521823   0.0689655   0.0104051
   0.325731 -0.00960879   0.0104051    0.416347
IMAGINARY
           0 -0.000625526  -0.00162549  -0.00716051
 0.000625526            0   0.00917936  -0.00162549
  0.00162549  -0.00917936            0    0.0142796
  0.00716051   0.00162549   -0.0142796            0
EndNode2[0]<--->HoM1[0]
REAL
   0.405046   0.0170309   0.0427154    0.338058
  0.0170309   0.0916335 -0.00290853  0.00905569
  0.0427154 -0.00290853   0.0770252   0.0388274
   0.338058  0.00905569   0.0388274    0.426295
IMAGINARY
          0  -0.0117368  0.00166955  -0.0136337
  0.0117368           0  0.00422343  0.00596403
-0.00166955 -0.00422343           0 -0.00989174
  0.0136337 -0.00596403  0.00989174           0
Repeater1[0]<--->EndNode1[0]
REAL
    0.42401  -0.0147502  -0.0245076    0.325731
 -0.0147502   0.0689655 -0.00521823   0.0104051
 -0.0245076 -0.00521823   0.0906769 -0.00960879
   0.325731   0.0104051 -0.00960879    0.416347
IMAGINARY
           0  -0.00162549 -0.000625526  -0.00716051
  0.00162549            0  -0.00917936    0.0142796
 0.000625526   0.00917936            0  -0.00162549
  0.00716051   -0.0142796   0.00162549            0
Repeater1[0]<--->HoM1[0]
REAL
   0.405046   0.0427154   0.0170309    0.338058
  0.0427154   0.0770252 -0.00290853   0.0388274
  0.0170309 -0.00290853   0.0916335  0.00905569
   0.338058   0.0388274  0.00905569    0.426295
IMAGINARY
          0  0.00166955  -0.0117368  -0.0136337
-0.00166955           0 -0.00422343 -0.00989174
  0.0117368  0.00422343           0  0.00596403
  0.0136337  0.00989174 -0.00596403           0
EndNode1[0]<--->Repeater1[0]
REAL
   0.422627 -0.00714726 -0.00903614    0.334735
-0.00714726   0.0910273   0.0139928 -0.00903614
-0.00903614   0.0139928   0.0923277  -0.0176185
   0.334735 -0.00903614  -0.0176185    0.394018
IMAGINARY
          0  0.00352113 -0.00573383  0.00905598
-0.00352113           0  0.00349356  -0.0166733
 0.00573383 -0.00349356           0  0.00352113
-0.00905598   0.0166733 -0.00352113           0
EndNode2[0]<--->HoM1[0]
REAL
    0.417293  -0.00392478   -0.0103823     0.335676
 -0.00392478     0.066416 -0.000663806  -0.00976882
  -0.0103823 -0.000663806     0.105263   0.00770312
    0.335676  -0.00976882   0.00770312     0.411028
IMAGINARY
           0  -0.00329911  -0.00925926   0.00112629
  0.00329911            0    -0.031793   0.00925926
  0.00925926     0.031793            0 -0.000566869
 -0.00112629  -0.00925926  0.000566869            0
Repeater1[0]<--->EndNode1[0]
REAL
   0.422627 -0.00903614 -0.00714726    0.334735
-0.00903614   0.0923277   0.0139928  -0.0176185
-0.00714726   0.0139928   0.0910273 -0.00903614
   0.334735  -0.0176185 -0.00903614    0.394018
IMAGINARY
          0 -0.00573383  0.00352113  0.00905598
 0.00573383           0 -0.00349356  0.00352113
-0.00352113  0.00349356           0  -0.0166733
-0.00905598 -0.00352113   0.0166733           0
Repeater1[0]<--->HoM1[0]
REAL
    0.417293   -0.0103823  -0.00392478     0.335676
  -0.0103823     0.105263 -0.000663806   0.00770312
 -0.00392478 -0.000663806     0.066416  -0.00976882
    0.335676   0.00770312  -0.00976882     0.411028
IMAGINARY
           0  -0.00925926  -0.00329911   0.00112629
  0.00925926            0     0.031793 -0.000566869
  0.00329911    -0.031793            0   0.00925926
 -0.00112629  0.000566869  -0.00925926            0
EndNode1[0]<--->Repeater1[0]
REAL
   0.437838 -0.00932218 -0.00314639    0.315211
-0.00932218   0.0716216 -0.00450085  0.00127839
-0.00314639 -0.00450085   0.0797297  0.00496353
   0.315211  0.00127839  0.00496353    0.410811
IMAGINARY
          0  0.00484047  0.00425113 -0.00785847
-0.00484047           0  0.00283335  -0.0102607
-0.00425113 -0.00283335           0 -0.00844624
 0.00785847   0.0102607  0.00844624           0
EndNode2[0]<--->HoM1[0]
REAL
   0.379135   0.0138709   0.0156299    0.307371
  0.0138709   0.0916031   0.0129414 -0.00260908
  0.0156299   0.0129414   0.0954198 -0.00866258
   0.307371 -0.00260908 -0.00866258    0.433842
IMAGINARY
          0 -0.00770381   0.0263866 -0.00981483
 0.00770381           0   0.0185868 -0.00384014
 -0.0263866  -0.0185868           0  0.00505129
 0.00981483  0.00384014 -0.00505129           0
Repeater1[0]<--->EndNode1[0]
REAL
   0.437838 -0.00314639 -0.00932218    0.315211
-0.00314639   0.0797297 -0.00450085  0.00496353
-0.00932218 -0.00450085   0.0716216  0.00127839
   0.315211  0.00496353  0.00127839    0.410811
IMAGINARY
          0  0.00425113  0.00484047 -0.00785847
-0.00425113           0 -0.00283335 -0.00844624
-0.00484047  0.00283335           0  -0.0102607
 0.00785847  0.00844624   0.0102607           0
Repeater1[0]<--->HoM1[0]
REAL
   0.379135   0.0156299   0.0138709    0.307371
  0.0156299   0.0954198   0.0129414 -0.00866258
  0.0138709   0.0129414   0.0916031 -0.00260908
   0.307371 -0.00866258 -0.00260908    0.433842
IMAGINARY
          0   0.0263866 -0.00770381 -0.00981483
 -0.0263866           0  -0.0185868  0.00505129
 0.00770381   0.0185868           0 -0.00384014
 0.00981483 -0.00505129  0.00384014           0
EndNode1[0]<--->Repeater1[0]
REAL
    0.43346  0.00768245   0.0160494    0.335442
 0.00768245   0.0975919  0.00849536 -0.00464485
  0.0160494  0.00849536   0.0836502    0.010925
   0.335442 -0.00464485    0.010925    0.385298
IMAGINARY
           0   0.00859846   0.00599597   -0.0318326
 -0.00859846            0    0.0140731   -0.0214471
 -0.00599597   -0.0140731            0 -0.000563847
   0.0318326    0.0214471  0.000563847            0
EndNode2[0]<--->HoM1[0]
REAL
   0.387421 -0.00155443  0.00718386    0.332261
-0.00155443   0.0943396  0.00129288  0.00536568
 0.00718386  0.00129288   0.0855346    0.019388
   0.332261  0.00536568    0.019388    0.432704
IMAGINARY
          0   -0.020074   0.0269723  0.00781677
   0.020074           0 -0.00527224   0.0162535
 -0.0269723  0.00527224           0  -0.0167002
-0.00781677  -0.0162535   0.0167002           0
Repeater1[0]<--->EndNode1[0]
REAL
    0.43346   0.0160494  0.00768245    0.335442
  0.0160494   0.0836502  0.00849536    0.010925
 0.00768245  0.00849536   0.0975919 -0.00464485
   0.335442    0.010925 -0.00464485    0.385298
IMAGINARY
           0   0.00599597   0.00859846   -0.0318326
 -0.00599597            0   -0.0140731 -0.000563847
 -0.00859846    0.0140731            0   -0.0214471
   0.0318326  0.000563847    0.0214471            0
Repeater1[0]<--->HoM1[0]
REAL
   0.387421  0.00718386 -0.00155443    0.332261
 0.00718386   0.0855346  0.00129288    0.019388
-0.00155443  0.00129288   0.0943396  0.00536568
   0.332261    0.019388  0.00536568    0.432704
IMAGINARY
          0   0.0269723   -0.020074  0.00781677
 -0.0269723           0  0.00527224  -0.0167002
   0.020074 -0.00527224           0   0.0162535
-0.00781677   0.0167002  -0.0162535           0
EndNode1[0]<--->Repeater1[0]
REAL
    0.391026  0.000521783  -0.00331421     0.337287
 0.000521783     0.112821 -0.000230004    0.0052853
 -0.00331421 -0.000230004    0.0974359   -0.0195757
    0.337287    0.0052853   -0.0195757     0.398718
IMAGINARY
          0 -0.00168542  -0.0153421   0.0027592
 0.00168542           0  -0.0275634  0.00279259
  0.0153421   0.0275634           0    0.015556
 -0.0027592 -0.00279259   -0.015556           0
EndNode2[0]<--->HoM1[0]
REAL
   0.451362  -0.0142205  -0.0169008    0.343755
 -0.0142205   0.0933852 0.000689376  -0.0138182
 -0.0169008 0.000689376   0.0687419   0.0031094
   0.343755  -0.0138182   0.0031094    0.386511
IMAGINARY
          0 -0.00179696  -0.0184625 -0.00514124
 0.00179696           0   0.0211055    0.019679
  0.0184625  -0.0211055           0 -0.00306922
 0.00514124   -0.019679  0.00306922           0
Repeater1[0]<--->EndNode1[0]
REAL
    0.391026  -0.00331421  0.000521783     0.337287
 -0.00331421    0.0974359 -0.000230004   -0.0195757
 0.000521783 -0.000230004     0.112821    0.0052853
    0.337287   -0.0195757    0.0052853     0.398718
IMAGINARY
          0  -0.0153421 -0.00168542   0.0027592
  0.0153421           0   0.0275634    0.015556
 0.00168542  -0.0275634           0  0.00279259
 -0.0027592   -0.015556 -0.00279259           0
Repeater1[0]<--->HoM1[0]
REAL
   0.451362  -0.0169008  -0.0142205    0.343755
 -0.0169008   0.0687419 0.000689376   0.0031094
 -0.0142205 0.000689376   0.0933852  -0.0138182
   0.343755   0.0031094  -0.0138182    0.386511
IMAGINARY
          0  -0.0184625 -0.00179696 -0.00514124
  0.0184625           0  -0.0211055 -0.00306922
 0.00179696   0.0211055           0    0.019679
 0.00514124  0.00306922   -0.019679           0
EndNode1[0]<--->Repeater1[0]
REAL
   0.413978  -0.0102124 -0.00685227     0.34391
 -0.0102124   0.0819892  -0.0134219 -0.00168431
-0.00685227  -0.0134219    0.102151   0.0175295
    0.34391 -0.00168431   0.0175295    0.401882
IMAGINARY
          0 -0.00921737  0.00525388 -0.00134437
 0.00921737           0  -0.0166505  0.00465364
-0.00525388   0.0166505           0  -0.0112582
 0.00134437 -0.00465364   0.0112582           0
EndNode2[0]<--->HoM1[0]
REAL
   0.425503  0.00850705 -0.00533237    0.313971
 0.00850705   0.0818792  -0.0182436 -0.00735121
-0.00533237  -0.0182436   0.0912752   0.0175277
   0.313971 -0.00735121   0.0175277    0.401342
IMAGINARY
           0   -0.0138984  -0.00468067   -0.0182737
   0.0138984            0 -0.000244836    0.0174323
  0.00468067  0.000244836            0   -0.0189875
   0.0182737   -0.0174323    0.0189875            0
Repeater1[0]<--->EndNode1[0]
REAL
   0.413978 -0.00685227  -0.0102124     0.34391
-0.00685227    0.102151  -0.0134219   0.0175295
 -0.0102124  -0.0134219   0.0819892 -0.00168431
    0.34391   0.0175295 -0.00168431    0.401882
IMAGINARY
          0  0.00525388 -0.00921737 -0.00134437
-0.00525388           0   0.0166505  -0.0112582
 0.00921737  -0.0166505           0  0.00465364
 0.00134437   0.0112582 -0.00465364           0
Repeater1[0]<--->HoM1[0]
REAL
   0.425503 -0.00533237  0.00850705    0.313971
-0.00533237   0.0912752  -0.0182436   0.0175277
 0.00850705  -0.0182436   0.0818792 -0.00735121
   0.313971   0.0175277 -0.00735121    0.401342
IMAGINARY
           0  -0.00468067   -0.0138984   -0.0182737
  0.00468067            0  0.000244836   -0.0189875
   0.0138984 -0.000244836            0    0.0174323
   0.0182737    0.0189875   -0.0174323            0
EndNode1[0]<--->Repeater1[0]
REAL
   0.451138  -0.0164941 -0.00363728    0.328678
 -0.0164941   0.0937082  -0.0100317  -0.0187127
-0.00363728  -0.0100317   0.0883534 -0.00585582
   0.328678  -0.0187127 -0.00585582    0.366801
IMAGINARY
          0   0.0176321  -0.0107383 -0.00642465
 -0.0176321           0  -0.0095852 -0.00539072
  0.0107383   0.0095852           0  0.00494853
 0.00642465  0.00539072 -0.00494853           0
EndNode2[0]<--->HoM1[0]
REAL
     0.42953   0.00775169   0.00982207     0.329059
  0.00775169    0.0845638 -0.000701097    0.0212725
  0.00982207 -0.000701097    0.0966443   0.00841747
    0.329059    0.0212725   0.00841747     0.389262
IMAGINARY
          0 -0.00988532 -0.00395037   0.0115532
 0.00988532           0   0.0226934  0.00710295
 0.00395037  -0.0226934           0     0.01556
 -0.0115532 -0.00710295    -0.01556           0
Repeater1[0]<--->EndNode1[0]
REAL
   0.451138 -0.00363728  -0.0164941    0.328678
-0.00363728   0.0883534  -0.0100317 -0.00585582
 -0.0164941  -0.0100317   0.0937082  -0.0187127
   0.328678 -0.00585582  -0.0187127    0.366801
IMAGINARY
          0  -0.0107383   0.0176321 -0.00642465
  0.0107383           0   0.0095852  0.00494853
 -0.0176321  -0.0095852           0 -0.00539072
 0.00642465 -0.00494853  0.00539072           0
Repeater1[0]<--->HoM1[0]
REAL
     0.42953   0.00982207   0.00775169     0.329059
  0.00982207    0.0966443 -0.000701097   0.00841747
  0.00775169 -0.000701097    0.0845638    0.0212725
    0.329059   0.00841747    0.0212725     0.389262
IMAGINARY
          0 -0.00395037 -0.00988532   0.0115532
 0.00395037           0  -0.0226934     0.01556
 0.00988532   0.0226934           0  0.00710295
 -0.0115532    -0.01556 -0.00710295           0
EndNode1[0]<--->Repeater1[0]
REAL
   0.403246 0.000332804  0.00689019    0.331651
0.000332804    0.104869 -0.00379248 -0.00623316
 0.00689019 -0.00379248   0.0873908  0.00163829
   0.331651 -0.00623316  0.00163829    0.404494
IMAGINARY
          0  -0.0229643  0.00382808  -0.0157699
  0.0229643           0  0.00137689   0.0250046
-0.00382808 -0.00137689           0 -0.00164888
  0.0157699  -0.0250046  0.00164888           0
EndNode2[0]<--->HoM1[0]
REAL
   0.390909  -0.0235329  -0.0212437    0.331453
 -0.0235329   0.0896104  0.00934337 -0.00238809
 -0.0212437  0.00934337   0.0805195  -0.0125368
   0.331453 -0.00238809  -0.0125368    0.438961
IMAGINARY
          0 -0.00289233  -0.0133661 -0.00603633
 0.00289233           0  0.00228633  -0.0037876
  0.0133661 -0.00228633           0   0.0073396
 0.00603633   0.0037876  -0.0073396           0
Repeater1[0]<--->EndNode1[0]
REAL
   0.403246  0.00689019 0.000332804    0.331651
 0.00689019   0.0873908 -0.00379248  0.00163829
0.000332804 -0.00379248    0.104869 -0.00623316
   0.331651  0.00163829 -0.00623316    0.404494
IMAGINARY
          0  0.00382808  -0.0229643  -0.0157699
-0.00382808           0 -0.00137689 -0.00164888
  0.0229643  0.00137689           0   0.0250046
  0.0157699  0.00164888  -0.0250046           0
Repeater1[0]<--->HoM1[0]
REAL
   0.390909  -0.0212437  -0.0235329    0.331453
 -0.0212437   0.0805195  0.00934337  -0.0125368
 -0.0235329  0.00934337   0.0896104 -0.00238809
   0.331453  -0.0125368 -0.00238809    0.438961
IMAGINARY
          0  -0.0133661 -0.00289233 -0.00603633
  0.0133661           0 -0.00228633   0.0073396
 0.00289233  0.00228633           0  -0.0037876
 0.00603633  -0.0073396   0.0037876           0
EndNode1[0]<--->Repeater1[0]
REAL
   0.407979  -0.0208135 -0.00906108     0.31773
 -0.0208135   0.0900901 -0.00998493   -0.019293
-0.00906108 -0.00998493   0.0888031 -0.00892367
    0.31773   -0.019293 -0.00892367    0.413127
IMAGINARY
          0  -0.0044808   0.0186997  0.00133873
  0.0044808           0    -0.01291    0.014384
 -0.0186997     0.01291           0   -0.026106
-0.00133873   -0.014384    0.026106           0
EndNode2[0]<--->HoM1[0]
REAL
  0.401035 0.00307168  0.0174615   0.333723
0.00307168  0.0866753 0.00236555  0.0142189
 0.0174615 0.00236555   0.107374 0.00243796
  0.333723  0.0142189 0.00243796   0.404916
IMAGINARY
          0  -0.0006873   0.0106501   0.0131927
  0.0006873           0     0.01187   0.0150416
 -0.0106501    -0.01187           0 -0.00128898
 -0.0131927  -0.0150416  0.00128898           0
Repeater1[0]<--->EndNode1[0]
REAL
   0.407979 -0.00906108  -0.0208135     0.31773
-0.00906108   0.0888031 -0.00998493 -0.00892367
 -0.0208135 -0.00998493   0.0900901   -0.019293
    0.31773 -0.00892367   -0.019293    0.413127
IMAGINARY
          0   0.0186997  -0.0044808  0.00133873
 -0.0186997           0     0.01291   -0.026106
  0.0044808    -0.01291           0    0.014384
-0.00133873    0.026106   -0.014384           0
Repeater1[0]<--->HoM1[0]
REAL
  0.401035  0.0174615 0.00307168   0.333723
 0.0174615   0.107374 0.00236555 0.00243796
0.00307168 0.00236555  0.0866753  0.0142189
  0.333723 0.00243796  0.0142189   0.404916
IMAGINARY
          0   0.0106501  -0.0006873   0.0131927
 -0.0106501           0    -0.01187 -0.00128898
  0.0006873     0.01187           0   0.0150416
 -0.0131927  0.00128898  -0.0150416           0
EndNode1[0]<--->Repeater1[0]
REAL
  0.409326  0.0153024  0.0222379   0.328349
 0.0153024  0.0984456 -0.0210569 0.00771004
 0.0222379 -0.0210569  0.0751295  0.0198538
  0.328349 0.00771004  0.0198538   0.417098
IMAGINARY
          0  0.00164665  0.00733676   0.0168506
-0.00164665           0  -0.0162233  -0.0106393
-0.00733676   0.0162233           0  -0.0141962
 -0.0168506   0.0106393   0.0141962           0
EndNode2[0]<--->HoM1[0]
REAL
   0.409091   0.0271779  0.00585577    0.318501
  0.0271779   0.0884521 -0.00152461   0.0312795
 0.00585577 -0.00152461   0.0945946   0.0258725
   0.318501   0.0312795   0.0258725    0.407862
IMAGINARY
          0  0.00615468   0.0209975   0.0266966
-0.00615468           0  -0.0158565 -0.00135241
 -0.0209975   0.0158565           0  -0.0131255
 -0.0266966  0.00135241   0.0131255           0
Repeater1[0]<--->EndNode1[0]
REAL
  0.409326  0.0222379  0.0153024   0.328349
 0.0222379  0.0751295 -0.0210569  0.0198538
 0.0153024 -0.0210569  0.0984456 0.00771004
  0.328349  0.0198538 0.00771004   0.417098
IMAGINARY
          0  0.00733676  0.00164665   0.0168506
-0.00733676           0   0.0162233  -0.0141962
-0.00164665  -0.0162233           0  -0.0106393
 -0.0168506   0.0141962   0.0106393           0
Repeater1[0]<--->HoM1[0]
REAL
   0.409091  0.00585577   0.0271779    0.318501
 0.00585577   0.0945946 -0.00152461   0.0258725
  0.0271779 -0.00152461   0.0884521   0.0312795
   0.318501   0.0258725   0.0312795    0.407862
IMAGINARY
          0   0.0209975  0.00615468   0.0266966
 -0.0209975           0   0.0158565  -0.0131255
-0.00615468  -0.0158565           0 -0.00135241
 -0.0266966   0.0131255  0.00135241           0
EndNode1[0]<--->Repeater1[0]
REAL
   0.438231   0.0166475   0.0112851    0.308523
  0.0166475   0.0988296 -0.00467717 -0.00743892
  0.0112851 -0.00467717   0.0936281  -0.0063911
   0.308523 -0.00743892  -0.0063911    0.369311
IMAGINARY
           0   0.00344108  0.000284427  -0.00643025
 -0.00344108            0    0.0181796  -0.00588841
-0.000284427   -0.0181796            0  -0.00032776
  0.00643025   0.00588841   0.00032776            0
EndNode2[0]<--->HoM1[0]
REAL
   0.444444  0.00685732  0.00171245    0.328879
 0.00685732    0.083014 0.000936112   0.0154379
 0.00171245 0.000936112    0.083014  0.00369677
   0.328879   0.0154379  0.00369677    0.389527
IMAGINARY
          0  0.00269329 -0.00191219 -0.00297289
-0.00269329           0 -0.00620704  0.00902732
 0.00191219  0.00620704           0  -0.0136894
 0.00297289 -0.00902732   0.0136894           0
Repeater1[0]<--->EndNode1[0]
REAL
   0.438231   0.0112851   0.0166475    0.308523
  0.0112851   0.0936281 -0.00467717  -0.0063911
  0.0166475 -0.00467717   0.0988296 -0.00743892
   0.308523  -0.0063911 -0.00743892    0.369311
IMAGINARY
           0  0.000284427   0.00344108  -0.00643025
-0.000284427            0   -0.0181796  -0.00032776
 -0.00344108    0.0181796            0  -0.00588841
  0.00643025   0.00032776   0.00588841            0
Repeater1[0]<--->HoM1[0]
REAL
   0.444444  0.00171245  0.00685732    0.328879
 0.00171245    0.083014 0.000936112  0.00369677
 0.00685732 0.000936112    0.083014   0.0154379
   0.328879  0.00369677   0.0154379    0.389527
IMAGINARY
          0 -0.00191219  0.00269329 -0.00297289
 0.00191219           0  0.00620704  -0.0136894
-0.00269329 -0.00620704           0  0.00902732
 0.00297289   0.0136894 -0.00902732           0
EndNode1[0]<--->Repeater1[0]
REAL
  0.397683 -0.0122323 -0.0194553   0.326829
-0.0122323  0.0862291  0.0227174 -0.0162127
-0.0194553  0.0227174  0.0862291 -0.0208416
  0.326829 -0.0162127 -0.0208416   0.429858
IMAGINARY
           0 -0.000906892    0.0197437   0.00874277
 0.000906892            0    -0.015767  -0.00825635
  -0.0197437     0.015767            0 -0.000906892
 -0.00874277   0.00825635  0.000906892            0
EndNode2[0]<--->HoM1[0]
REAL
   0.385109   0.0110042   0.0135804    0.317134
  0.0110042    0.112965    0.010139  -0.0122817
  0.0135804    0.010139   0.0629012 -0.00840679
   0.317134  -0.0122817 -0.00840679    0.439024
IMAGINARY
           0  -0.00482868   -0.0138175  0.000702001
  0.00482868            0    0.0103545   0.00475014
   0.0138175   -0.0103545            0      0.01001
-0.000702001  -0.00475014     -0.01001            0
Repeater1[0]<--->EndNode1[0]
REAL
  0.397683 -0.0194553 -0.0122323   0.326829
-0.0194553  0.0862291  0.0227174 -0.0208416
-0.0122323  0.0227174  0.0862291 -0.0162127
  0.326829 -0.0208416 -0.0162127   0.429858
IMAGINARY
           0    0.0197437 -0.000906892   0.00874277
  -0.0197437            0     0.015767 -0.000906892
 0.000906892    -0.015767            0  -0.00825635
 -0.00874277  0.000906892   0.00825635            0
Repeater1[0]<--->HoM1[0]
REAL
   0.385109   0.0135804   0.0110042    0.317134
  0.0135804   0.0629012    0.010139 -0.00840679
  0.0110042    0.010139    0.112965  -0.0122817
   0.317134 -0.00840679  -0.0122817    0.439024
IMAGINARY
           0   -0.0138175  -0.00482868  0.000702001
   0.0138175            0   -0.0103545      0.01001
  0.00482868    0.0103545            0   0.00475014
-0.000702001     -0.01001  -0.00475014            0
EndNode1[0]<--->Repeater1[0]
REAL
   0.405694 0.000343863 -0.00561583    0.324524
0.000343863   0.0901542 -0.00468068  0.00300486
-0.00561583 -0.00468068   0.0854093  -0.0264535
   0.324524  0.00300486  -0.0264535    0.418743
IMAGINARY
          0   0.0159383  -0.0205252  0.00409699
 -0.0159383           0    0.017084  -0.0062023
