EndNode1[0]<--->Repeater1[0]
REAL
    0.495495    -0.011852   -0.0170732     0.360392
   -0.011852     0.015444   -0.0170028   0.00487805
  -0.0170732   -0.0170028     0.020592 -0.000343085
    0.360392   0.00487805 -0.000343085     0.468468
IMAGINARY
          0  0.00195547  -0.0133508 -0.00306794
-0.00195547           0  -0.0209962   -0.016662
  0.0133508   0.0209962           0   0.0050688
 0.00306794    0.016662  -0.0050688           0
EndNode2[0]<--->HoM1[0]
REAL
  0.467202 -0.0134562  0.0078278   0.370362
-0.0134562  0.0200803 0.00942656 -0.0203773
 0.0078278 0.00942656  0.0120482 0.00222764
  0.370362 -0.0203773 0.00222764   0.500669
IMAGINARY
          0 -0.00507731  0.00442478  -0.0190424
 0.00507731           0   0.0110473 -0.00505689
-0.00442478  -0.0110473           0 -0.00440436
  0.0190424  0.00505689  0.00440436           0
Repeater1[0]<--->EndNode1[0]
REAL
    0.495495   -0.0170732    -0.011852     0.360392
  -0.0170732     0.020592   -0.0170028 -0.000343085
   -0.011852   -0.0170028     0.015444   0.00487805
    0.360392 -0.000343085   0.00487805     0.468468
IMAGINARY
          0  -0.0133508  0.00195547 -0.00306794
  0.0133508           0   0.0209962   0.0050688
-0.00195547  -0.0209962           0   -0.016662
 0.00306794  -0.0050688    0.016662           0
Repeater1[0]<--->HoM1[0]
REAL
  0.467202  0.0078278 -0.0134562   0.370362
 0.0078278  0.0120482 0.00942656 0.00222764
-0.0134562 0.00942656  0.0200803 -0.0203773
  0.370362 0.00222764 -0.0203773   0.500669
IMAGINARY
          0  0.00442478 -0.00507731  -0.0190424
-0.00442478           0  -0.0110473 -0.00440436
 0.00507731   0.0110473           0 -0.00505689
  0.0190424  0.00440436  0.00505689           0
EndNode1[0]<--->Repeater1[0]
REAL
   0.470812 -0.00214189   0.0146538     0.36199
-0.00214189   0.0177665  0.00790748   0.0108564
  0.0146538  0.00790748   0.0126904   0.0302031
    0.36199   0.0108564   0.0302031    0.498731
IMAGINARY
          0 -0.00779085 -0.00124628  0.00807131
 0.00779085           0  -0.0105902  0.00994775
 0.00124628   0.0105902           0  -0.0129588
-0.00807131 -0.00994775   0.0129588           0
EndNode2[0]<--->HoM1[0]
REAL
   0.480896  -0.0200898  0.00758084    0.355262
 -0.0200898   0.0210804 -0.00336321  -0.0101125
 0.00758084 -0.00336321   0.0210804  -0.0039608
   0.355262  -0.0101125  -0.0039608    0.476943
IMAGINARY
          0  0.00252224  -0.0232379  0.00820826
-0.00252224           0  0.00333021  0.00702522
  0.0232379 -0.00333021           0   -0.023923
-0.00820826 -0.00702522    0.023923           0
Repeater1[0]<--->EndNode1[0]
REAL
   0.470812   0.0146538 -0.00214189     0.36199
  0.0146538   0.0126904  0.00790748   0.0302031
-0.00214189  0.00790748   0.0177665   0.0108564
    0.36199   0.0302031   0.0108564    0.498731
IMAGINARY
          0 -0.00124628 -0.00779085  0.00807131
 0.00124628           0   0.0105902  -0.0129588
 0.00779085  -0.0105902           0  0.00994775
-0.00807131   0.0129588 -0.00994775           0
Repeater1[0]<--->HoM1[0]
REAL
   0.480896  0.00758084  -0.0200898    0.355262
 0.00758084   0.0210804 -0.00336321  -0.0039608
 -0.0200898 -0.00336321   0.0210804  -0.0101125
   0.355262  -0.0039608  -0.0101125    0.476943
IMAGINARY
          0  -0.0232379  0.00252224  0.00820826
  0.0232379           0 -0.00333021   -0.023923
-0.00252224  0.00333021           0  0.00702522
-0.00820826    0.023923 -0.00702522           0
EndNode1[0]<--->Repeater1[0]
REAL
   0.503886  -0.0100378 -0.00577564    0.369111
 -0.0100378   0.0194301  0.00963767 -0.00139516
-0.00577564  0.00963767   0.0103627 -0.00625946
   0.369111 -0.00139516 -0.00625946    0.466321
IMAGINARY
          0   0.0077286   0.0201148   0.0041961
 -0.0077286           0   0.0159149  0.00435191
 -0.0201148  -0.0159149           0  -0.0321954
 -0.0041961 -0.00435191   0.0321954           0
EndNode2[0]<--->HoM1[0]
REAL
   0.488127 -0.00288215  -0.0148126    0.356569
-0.00288215   0.0131926 -0.00756191   0.0247464
 -0.0148126 -0.00756191   0.0118734  0.00221989
   0.356569   0.0247464  0.00221989    0.486807
IMAGINARY
          0  0.00778416 -0.00528259  -0.0246046
-0.00778416           0  0.00915339 -0.00966306
 0.00528259 -0.00915339           0  0.00716149
  0.0246046  0.00966306 -0.00716149           0
Repeater1[0]<--->EndNode1[0]
REAL
   0.503886 -0.00577564  -0.0100378    0.369111
-0.00577564   0.0103627  0.00963767 -0.00625946
 -0.0100378  0.00963767   0.0194301 -0.00139516
   0.369111 -0.00625946 -0.00139516    0.466321
IMAGINARY
          0   0.0201148   0.0077286   0.0041961
 -0.0201148           0  -0.0159149  -0.0321954
 -0.0077286   0.0159149           0  0.00435191
 -0.0041961   0.0321954 -0.00435191           0
Repeater1[0]<--->HoM1[0]
REAL
   0.488127  -0.0148126 -0.00288215    0.356569
 -0.0148126   0.0118734 -0.00756191  0.00221989
-0.00288215 -0.00756191   0.0131926   0.0247464
   0.356569  0.00221989   0.0247464    0.486807
IMAGINARY
          0 -0.00528259  0.00778416  -0.0246046
 0.00528259           0 -0.00915339  0.00716149
-0.00778416  0.00915339           0 -0.00966306
  0.0246046 -0.00716149  0.00966306           0
EndNode1[0]<--->Repeater1[0]
REAL
    0.485258 -0.000609872   0.00694289     0.356231
-0.000609872    0.0233415   0.00168532  0.000499595
  0.00694289   0.00168532     0.014742   0.00128646
    0.356231  0.000499595   0.00128646     0.476658
IMAGINARY
          0   0.0278286  -0.0123444   0.0187606
 -0.0278286           0   0.0143133  -0.0149284
  0.0123444  -0.0143133           0  0.00983374
 -0.0187606   0.0149284 -0.00983374           0
EndNode2[0]<--->HoM1[0]
REAL
   0.489276  -0.0137882   0.0101903    0.365201
 -0.0137882   0.0107239  0.00218733 -0.00545421
  0.0101903  0.00218733   0.0160858   0.0104053
   0.365201 -0.00545421   0.0104053    0.483914
IMAGINARY
          0   0.0038087   -0.012802  -0.0154674
 -0.0038087           0   0.0115914  0.00719801
   0.012802  -0.0115914           0  0.00179528
  0.0154674 -0.00719801 -0.00179528           0
Repeater1[0]<--->EndNode1[0]
REAL
    0.485258   0.00694289 -0.000609872     0.356231
  0.00694289     0.014742   0.00168532   0.00128646
-0.000609872   0.00168532    0.0233415  0.000499595
    0.356231   0.00128646  0.000499595     0.476658
IMAGINARY
          0  -0.0123444   0.0278286   0.0187606
  0.0123444           0  -0.0143133  0.00983374
 -0.0278286   0.0143133           0  -0.0149284
 -0.0187606 -0.00983374   0.0149284           0
Repeater1[0]<--->HoM1[0]
REAL
   0.489276   0.0101903  -0.0137882    0.365201
  0.0101903   0.0160858  0.00218733   0.0104053
 -0.0137882  0.00218733   0.0107239 -0.00545421
   0.365201   0.0104053 -0.00545421    0.483914
IMAGINARY
          0   -0.012802   0.0038087  -0.0154674
   0.012802           0  -0.0115914  0.00179528
 -0.0038087   0.0115914           0  0.00719801
  0.0154674 -0.00179528 -0.00719801           0
EndNode1[0]<--->Repeater1[0]
REAL
   0.478599   0.0261982  0.00108938    0.363698
  0.0261982   0.0129702 -0.00314572   0.0240362
 0.00108938 -0.00314572   0.0181582    0.010234
   0.363698   0.0240362    0.010234    0.490272
IMAGINARY
           0 -0.000987046  -0.00433545   0.00372391
 0.000987046            0   0.00568469  -0.00565124
  0.00433545  -0.00568469            0    0.0189631
 -0.00372391   0.00565124   -0.0189631            0
EndNode2[0]<--->HoM1[0]
REAL
  0.500639 0.00464689  0.0042591   0.358542
0.00464689  0.0102171 -0.0117787  0.0215005
 0.0042591 -0.0117787 0.00766284  0.0105447
  0.358542  0.0215005  0.0105447   0.481481
IMAGINARY
          0   0.0101881  -0.0194347 -0.00363055
 -0.0101881           0   0.0149371  -0.0206723
  0.0194347  -0.0149371           0  0.00184403
 0.00363055   0.0206723 -0.00184403           0
Repeater1[0]<--->EndNode1[0]
REAL
   0.478599  0.00108938   0.0261982    0.363698
 0.00108938   0.0181582 -0.00314572    0.010234
  0.0261982 -0.00314572   0.0129702   0.0240362
   0.363698    0.010234   0.0240362    0.490272
IMAGINARY
           0  -0.00433545 -0.000987046   0.00372391
  0.00433545            0  -0.00568469    0.0189631
 0.000987046   0.00568469            0  -0.00565124
 -0.00372391   -0.0189631   0.00565124            0
Repeater1[0]<--->HoM1[0]
REAL
  0.500639  0.0042591 0.00464689   0.358542
 0.0042591 0.00766284 -0.0117787  0.0105447
0.00464689 -0.0117787  0.0102171  0.0215005
  0.358542  0.0105447  0.0215005   0.481481
IMAGINARY
          0  -0.0194347   0.0101881 -0.00363055
  0.0194347           0  -0.0149371  0.00184403
 -0.0101881   0.0149371           0  -0.0206723
 0.00363055 -0.00184403   0.0206723           0
EndNode1[0]<--->Repeater1[0]
REAL
   0.469543  0.00960142  -0.0068634    0.360905
 0.00960142   0.0126904  -0.0126287 -0.00486073
 -0.0068634  -0.0126287   0.0152284  -0.0240842
   0.360905 -0.00486073  -0.0240842    0.502538
IMAGINARY
          0 -0.00727449 -0.00412114  0.00188442
 0.00727449           0   0.0031407   0.0112919
 0.00412114  -0.0031407           0   0.0118377
-0.00188442  -0.0112919  -0.0118377           0
EndNode2[0]<--->HoM1[0]
REAL
   0.477454 -0.00384683 0.000765733    0.356862
-0.00384683   0.0198939 0.000628384 -0.00990093
0.000765733 0.000628384   0.0145889  -0.0065064
   0.356862 -0.00990093  -0.0065064    0.488064
IMAGINARY
          0 -0.00994424  0.00501451 -0.00936256
 0.00994424           0 -0.00235619   0.0115249
-0.00501451  0.00235619           0  0.00231066
 0.00936256  -0.0115249 -0.00231066           0
Repeater1[0]<--->EndNode1[0]
REAL
   0.469543  -0.0068634  0.00960142    0.360905
 -0.0068634   0.0152284  -0.0126287  -0.0240842
 0.00960142  -0.0126287   0.0126904 -0.00486073
   0.360905  -0.0240842 -0.00486073    0.502538
IMAGINARY
          0 -0.00412114 -0.00727449  0.00188442
 0.00412114           0  -0.0031407   0.0118377
 0.00727449   0.0031407           0   0.0112919
-0.00188442  -0.0118377  -0.0112919           0
Repeater1[0]<--->HoM1[0]
REAL
   0.477454 0.000765733 -0.00384683    0.356862
0.000765733   0.0145889 0.000628384  -0.0065064
-0.00384683 0.000628384   0.0198939 -0.00990093
   0.356862  -0.0065064 -0.00990093    0.488064
IMAGINARY
          0  0.00501451 -0.00994424 -0.00936256
-0.00501451           0  0.00235619  0.00231066
 0.00994424 -0.00235619           0   0.0115249
 0.00936256 -0.00231066  -0.0115249           0
EndNode1[0]<--->Repeater1[0]
REAL
    0.495364   0.00597848  -0.00460627     0.362494
  0.00597848    0.0198675 -0.000608604   0.00527028
 -0.00460627 -0.000608604    0.0198675 -2.38281e-06
    0.362494   0.00527028 -2.38281e-06     0.464901
IMAGINARY
          0 -0.00774899  0.00460938   0.0170589
 0.00774899           0  0.00160775   0.0116879
-0.00460938 -0.00160775           0  -0.0124596
 -0.0170589  -0.0116879   0.0124596           0
EndNode2[0]<--->HoM1[0]
REAL
   0.454208  0.00101937 -0.00189302    0.355925
 0.00101937   0.0222772   0.0130133  -0.0223534
-0.00189302   0.0130133  0.00990099 -0.00691714
   0.355925  -0.0223534 -0.00691714    0.513614
IMAGINARY
          0  0.00323828  0.00196702   0.0143098
-0.00323828           0  -0.0149419  0.00505725
-0.00196702   0.0149419           0 -0.00387685
 -0.0143098 -0.00505725  0.00387685           0
Repeater1[0]<--->EndNode1[0]
REAL
    0.495364  -0.00460627   0.00597848     0.362494
 -0.00460627    0.0198675 -0.000608604 -2.38281e-06
  0.00597848 -0.000608604    0.0198675   0.00527028
    0.362494 -2.38281e-06   0.00527028     0.464901
IMAGINARY
          0  0.00460938 -0.00774899   0.0170589
-0.00460938           0 -0.00160775  -0.0124596
 0.00774899  0.00160775           0   0.0116879
 -0.0170589   0.0124596  -0.0116879           0
Repeater1[0]<--->HoM1[0]
REAL
   0.454208 -0.00189302  0.00101937    0.355925
-0.00189302  0.00990099   0.0130133 -0.00691714
 0.00101937   0.0130133   0.0222772  -0.0223534
   0.355925 -0.00691714  -0.0223534    0.513614
IMAGINARY
          0  0.00196702  0.00323828   0.0143098
-0.00196702           0   0.0149419 -0.00387685
-0.00323828  -0.0149419           0  0.00505725
 -0.0143098  0.00387685 -0.00505725           0
EndNode1[0]<--->Repeater1[0]
REAL
   0.47861  0.0120484 0.00364096    0.35726
 0.0120484  0.0227273  0.0118174  0.0150623
0.00364096  0.0118174  0.0147059 0.00042046
   0.35726  0.0150623 0.00042046   0.483957
IMAGINARY
          0 -0.00301578   0.0151628 -0.00724222
 0.00301578           0  0.00413663  -0.0065763
 -0.0151628 -0.00413663           0 -0.00689175
 0.00724222   0.0065763  0.00689175           0
EndNode2[0]<--->HoM1[0]
REAL
  0.469599   0.010413  0.0112853   0.373188
  0.010413  0.0142303 0.00423131 0.00871465
 0.0112853 0.00423131  0.0206986   0.013458
  0.373188 0.00871465   0.013458   0.495472
IMAGINARY
          0   0.0224093  -0.0203665  0.00581055
 -0.0224093           0 -0.00264198  0.00382705
  0.0203665  0.00264198           0  -0.0122312
-0.00581055 -0.00382705   0.0122312           0
Repeater1[0]<--->EndNode1[0]
REAL
   0.47861 0.00364096  0.0120484    0.35726
0.00364096  0.0147059  0.0118174 0.00042046
 0.0120484  0.0118174  0.0227273  0.0150623
   0.35726 0.00042046  0.0150623   0.483957
IMAGINARY
          0   0.0151628 -0.00301578 -0.00724222
 -0.0151628           0 -0.00413663 -0.00689175
 0.00301578  0.00413663           0  -0.0065763
 0.00724222  0.00689175   0.0065763           0
Repeater1[0]<--->HoM1[0]
REAL
  0.469599  0.0112853   0.010413   0.373188
 0.0112853  0.0206986 0.00423131   0.013458
  0.010413 0.00423131  0.0142303 0.00871465
  0.373188   0.013458 0.00871465   0.495472
IMAGINARY
          0  -0.0203665   0.0224093  0.00581055
  0.0203665           0  0.00264198  -0.0122312
 -0.0224093 -0.00264198           0  0.00382705
-0.00581055   0.0122312 -0.00382705           0
EndNode1[0]<--->Repeater1[0]
REAL
    0.474074 -0.000727882   0.00994218     0.366905
-0.000727882    0.0135802   0.00554413  -0.00739116
  0.00994218   0.00554413    0.0209877   -0.0094762
    0.366905  -0.00739116   -0.0094762     0.491358
IMAGINARY
           0    0.0151475   -0.0330412    0.0179788
  -0.0151475            0   -0.0199094   -0.0112463
   0.0330412    0.0199094            0  0.000898754
  -0.0179788    0.0112463 -0.000898754            0
EndNode2[0]<--->HoM1[0]
REAL
  0.479675  0.0137488 -0.0102271   0.362078
 0.0137488  0.0121951 0.00984913  0.0238105
-0.0102271 0.00984913  0.0149051 -0.0118083
  0.362078  0.0238105 -0.0118083   0.493225
IMAGINARY
          0  0.00740122   0.0134785   0.0141418
-0.00740122           0   -0.024613  -0.0026505
 -0.0134785    0.024613           0   -0.020777
 -0.0141418   0.0026505    0.020777           0
Repeater1[0]<--->EndNode1[0]
REAL
    0.474074   0.00994218 -0.000727882     0.366905
  0.00994218    0.0209877   0.00554413   -0.0094762
-0.000727882   0.00554413    0.0135802  -0.00739116
    0.366905   -0.0094762  -0.00739116     0.491358
IMAGINARY
           0   -0.0330412    0.0151475    0.0179788
   0.0330412            0    0.0199094  0.000898754
  -0.0151475   -0.0199094            0   -0.0112463
  -0.0179788 -0.000898754    0.0112463            0
Repeater1[0]<--->HoM1[0]
REAL
  0.479675 -0.0102271  0.0137488   0.362078
-0.0102271  0.0149051 0.00984913 -0.0118083
 0.0137488 0.00984913  0.0121951  0.0238105
  0.362078 -0.0118083  0.0238105   0.493225
IMAGINARY
          0   0.0134785  0.00740122   0.0141418
 -0.0134785           0    0.024613   -0.020777
-0.00740122   -0.024613           0  -0.0026505
 -0.0141418    0.020777   0.0026505           0
EndNode1[0]<--->Repeater1[0]
REAL
   0.485714   0.0180883 0.000863344    0.363784
  0.0180883   0.0154762   0.0101889   0.0142051
0.000863344   0.0101889   0.0166667 -0.00301984
   0.363784   0.0142051 -0.00301984    0.482143
IMAGINARY
           0  0.000423222   -0.0304613    0.0209877
-0.000423222            0            0    0.0128143
   0.0304613            0            0    0.0224526
  -0.0209877   -0.0128143   -0.0224526            0
EndNode2[0]<--->HoM1[0]
REAL
  0.494681 -0.0123706 -0.0202295   0.362346
-0.0123706  0.0159574  0.0102157   -0.01163
-0.0202295  0.0102157  0.0106383 -0.0116866
  0.362346   -0.01163 -0.0116866   0.478723
IMAGINARY
          0 -0.00790613   0.0206598 -0.00984017
 0.00790613           0  -0.0104644 -0.00186277
 -0.0206598   0.0104644           0   0.0141718
 0.00984017  0.00186277  -0.0141718           0
Repeater1[0]<--->EndNode1[0]
REAL
   0.485714 0.000863344   0.0180883    0.363784
0.000863344   0.0166667   0.0101889 -0.00301984
  0.0180883   0.0101889   0.0154762   0.0142051
   0.363784 -0.00301984   0.0142051    0.482143
IMAGINARY
           0   -0.0304613  0.000423222    0.0209877
   0.0304613            0            0    0.0224526
-0.000423222            0            0    0.0128143
  -0.0209877   -0.0224526   -0.0128143            0
Repeater1[0]<--->HoM1[0]
REAL
  0.494681 -0.0202295 -0.0123706   0.362346
-0.0202295  0.0106383  0.0102157 -0.0116866
-0.0123706  0.0102157  0.0159574   -0.01163
  0.362346 -0.0116866   -0.01163   0.478723
IMAGINARY
          0   0.0206598 -0.00790613 -0.00984017
 -0.0206598           0   0.0104644   0.0141718
 0.00790613  -0.0104644           0 -0.00186277
 0.00984017  -0.0141718  0.00186277           0
EndNode1[0]<--->Repeater1[0]
REAL
   0.468549 -0.00923969  0.00943659     0.36552
-0.00923969   0.0166881  -0.0111382 0.000872689
 0.00943659  -0.0111382   0.0192555   0.0182603
    0.36552 0.000872689   0.0182603    0.495507
IMAGINARY
           0   -0.0171972   0.00365791    0.0135526
   0.0171972            0 -0.000662493    0.0135835
 -0.00365791  0.000662493            0   -0.0146331
  -0.0135526   -0.0135835    0.0146331            0
EndNode2[0]<--->HoM1[0]
REAL
   0.479115   -0.017734  -0.0170528    0.353949
  -0.017734   0.0184275  0.00576809  -0.0170528
 -0.0170528  0.00576809   0.0135135 -0.00221448
   0.353949  -0.0170528 -0.00221448    0.488943
IMAGINARY
          0 -0.00234445    0.003366  -0.0066814
 0.00234445           0   0.0100281   0.0185913
  -0.003366  -0.0100281           0 -0.00832054
  0.0066814  -0.0185913  0.00832054           0
Repeater1[0]<--->EndNode1[0]
REAL
   0.468549  0.00943659 -0.00923969     0.36552
 0.00943659   0.0192555  -0.0111382   0.0182603
-0.00923969  -0.0111382   0.0166881 0.000872689
    0.36552   0.0182603 0.000872689    0.495507
IMAGINARY
           0   0.00365791   -0.0171972    0.0135526
 -0.00365791            0  0.000662493   -0.0146331
   0.0171972 -0.000662493            0    0.0135835
  -0.0135526    0.0146331   -0.0135835            0
Repeater1[0]<--->HoM1[0]
REAL
   0.479115  -0.0170528   -0.017734    0.353949
 -0.0170528   0.0135135  0.00576809 -0.00221448
  -0.017734  0.00576809   0.0184275  -0.0170528
   0.353949 -0.00221448  -0.0170528    0.488943
IMAGINARY
          0    0.003366 -0.00234445  -0.0066814
  -0.003366           0  -0.0100281 -0.00832054
 0.00234445   0.0100281           0   0.0185913
  0.0066814  0.00832054  -0.0185913           0
EndNode1[0]<--->Repeater1[0]
REAL
   0.483909  0.00218892   0.0203223    0.370148
 0.00218892   0.0154946 0.000410767  0.00632742
  0.0203223 0.000410767  0.00953516   0.0193847
   0.370148  0.00632742   0.0193847    0.491061
IMAGINARY
          0  0.00919298  -0.0163522  -0.0161724
-0.00919298           0   0.0253347 -0.00601625
  0.0163522  -0.0253347           0   0.0118596
  0.0161724  0.00601625  -0.0118596           0
EndNode2[0]<--->HoM1[0]
REAL
   0.487582 -0.00436725  0.00104942    0.361665
-0.00436725   0.0222222   0.0028264 -0.00418618
 0.00104942   0.0028264   0.0130719 -0.00629775
   0.361665 -0.00418618 -0.00629775    0.477124
IMAGINARY
          0  0.00239742 -0.00135975   0.0113458
-0.00239742           0 -0.00230186 -0.00391729
 0.00135975  0.00230186           0  0.00947593
 -0.0113458  0.00391729 -0.00947593           0
Repeater1[0]<--->EndNode1[0]
REAL
   0.483909   0.0203223  0.00218892    0.370148
  0.0203223  0.00953516 0.000410767   0.0193847
 0.00218892 0.000410767   0.0154946  0.00632742
   0.370148   0.0193847  0.00632742    0.491061
IMAGINARY
          0  -0.0163522  0.00919298  -0.0161724
  0.0163522           0  -0.0253347   0.0118596
-0.00919298   0.0253347           0 -0.00601625
  0.0161724  -0.0118596  0.00601625           0
Repeater1[0]<--->HoM1[0]
REAL
   0.487582  0.00104942 -0.00436725    0.361665
 0.00104942   0.0130719   0.0028264 -0.00629775
-0.00436725   0.0028264   0.0222222 -0.00418618
   0.361665 -0.00629775 -0.00418618    0.477124
IMAGINARY
          0 -0.00135975  0.00239742   0.0113458
 0.00135975           0  0.00230186  0.00947593
-0.00239742 -0.00230186           0 -0.00391729
 -0.0113458 -0.00947593  0.00391729           0
EndNode1[0]<--->Repeater1[0]
REAL
    0.478261 -0.000945586    -0.018947     0.364354
-0.000945586    0.0118577  -0.00331162   0.00529938
   -0.018947  -0.00331162    0.0171278   0.00714906
    0.364354   0.00529938   0.00714906     0.492754
IMAGINARY
          0  -0.0180783   0.0150051   0.0141846
  0.0180783           0  -0.0167888  0.00933942
 -0.0150051   0.0167888           0  0.00122434
 -0.0141846 -0.00933942 -0.00122434           0
EndNode2[0]<--->HoM1[0]
REAL
    0.527704     0.040074   0.00897121     0.357517
    0.040074    0.0171504 -1.36883e-05    0.0206631
  0.00897121 -1.36883e-05    0.0118734  0.000909558
    0.357517    0.0206631  0.000909558     0.443272
IMAGINARY
          0 -0.00245019  -0.0139504  0.00250763
 0.00245019           0    0.009323  0.00784452
  0.0139504   -0.009323           0  0.00177176
-0.00250763 -0.00784452 -0.00177176           0
Repeater1[0]<--->EndNode1[0]
REAL
    0.478261    -0.018947 -0.000945586     0.364354
   -0.018947    0.0171278  -0.00331162   0.00714906
-0.000945586  -0.00331162    0.0118577   0.00529938
    0.364354   0.00714906   0.00529938     0.492754
IMAGINARY
          0   0.0150051  -0.0180783   0.0141846
 -0.0150051           0   0.0167888  0.00122434
  0.0180783  -0.0167888           0  0.00933942
 -0.0141846 -0.00122434 -0.00933942           0
Repeater1[0]<--->HoM1[0]
REAL
    0.527704   0.00897121     0.040074     0.357517
  0.00897121    0.0118734 -1.36883e-05  0.000909558
    0.040074 -1.36883e-05    0.0171504    0.0206631
    0.357517  0.000909558    0.0206631     0.443272
IMAGINARY
          0  -0.0139504 -0.00245019  0.00250763
  0.0139504           0   -0.009323  0.00177176
 0.00245019    0.009323           0  0.00784452
-0.00250763 -0.00177176 -0.00784452           0
EndNode1[0]<--->Repeater1[0]
REAL
  0.457541  0.0029208  0.0113784   0.362257
 0.0029208  0.0164766 0.00380317  0.0113784
 0.0113784 0.00380317  0.0278834  0.0107333
  0.362257  0.0113784  0.0107333   0.498099
IMAGINARY
          0  0.00941985  0.00263932  0.00971503
-0.00941985           0  0.00194301  -0.0111583
-0.00263932 -0.00194301           0  0.00696285
-0.00971503   0.0111583 -0.00696285           0
EndNode2[0]<--->HoM1[0]
REAL
    0.50941 -0.00970543    0.019295    0.363391
-0.00970543   0.0138018 0.000413039  -0.0260435
   0.019295 0.000413039   0.0163112 -0.00317801
   0.363391  -0.0260435 -0.00317801    0.460477
IMAGINARY
          0  -0.0193371   -0.011239 -0.00433035
  0.0193371           0  -0.0124655 -0.00786513
   0.011239   0.0124655           0  0.00155058
 0.00433035  0.00786513 -0.00155058           0
Repeater1[0]<--->EndNode1[0]
REAL
  0.457541  0.0113784  0.0029208   0.362257
 0.0113784  0.0278834 0.00380317  0.0107333
 0.0029208 0.00380317  0.0164766  0.0113784
  0.362257  0.0107333  0.0113784   0.498099
IMAGINARY
          0  0.00263932  0.00941985  0.00971503
-0.00263932           0 -0.00194301  0.00696285
-0.00941985  0.00194301           0  -0.0111583
-0.00971503 -0.00696285   0.0111583           0
Repeater1[0]<--->HoM1[0]
REAL
    0.50941    0.019295 -0.00970543    0.363391
   0.019295   0.0163112 0.000413039 -0.00317801
-0.00970543 0.000413039   0.0138018  -0.0260435
   0.363391 -0.00317801  -0.0260435    0.460477
IMAGINARY
          0   -0.011239  -0.0193371 -0.00433035
   0.011239           0   0.0124655  0.00155058
  0.0193371  -0.0124655           0 -0.00786513
 0.00433035 -0.00155058  0.00786513           0
EndNode1[0]<--->Repeater1[0]
REAL
    0.509186  -0.00250141 -0.000552021     0.364146
 -0.00250141    0.0170604  -0.00661147  -0.00766716
-0.000552021  -0.00661147    0.0144357   -0.0166767
    0.364146  -0.00766716   -0.0166767     0.459318
IMAGINARY
           0  -0.00920801    0.0190187  -0.00479614
  0.00920801            0  0.000280007   0.00970193
  -0.0190187 -0.000280007            0  -0.00254134
  0.00479614  -0.00970193   0.00254134            0
EndNode2[0]<--->HoM1[0]
REAL
  0.525292 0.00351037 0.00790855   0.350608
0.00351037  0.0129702  0.0168456 -0.0184072
0.00790855  0.0168456 0.00907912 -0.0179461
  0.350608 -0.0184072 -0.0179461   0.452659
IMAGINARY
           0    0.0317139   -0.0200046  0.000520132
  -0.0317139            0   -0.0115766   -0.0160779
   0.0200046    0.0115766            0    0.0133892
-0.000520132    0.0160779   -0.0133892            0
Repeater1[0]<--->EndNode1[0]
REAL
    0.509186 -0.000552021  -0.00250141     0.364146
-0.000552021    0.0144357  -0.00661147   -0.0166767
 -0.00250141  -0.00661147    0.0170604  -0.00766716
    0.364146   -0.0166767  -0.00766716     0.459318
IMAGINARY
           0    0.0190187  -0.00920801  -0.00479614
  -0.0190187            0 -0.000280007  -0.00254134
  0.00920801  0.000280007            0   0.00970193
  0.00479614   0.00254134  -0.00970193            0
Repeater1[0]<--->HoM1[0]
REAL
  0.525292 0.00790855 0.00351037   0.350608
0.00790855 0.00907912  0.0168456 -0.0179461
0.00351037  0.0168456  0.0129702 -0.0184072
  0.350608 -0.0179461 -0.0184072   0.452659
IMAGINARY
           0   -0.0200046    0.0317139  0.000520132
   0.0200046            0    0.0115766    0.0133892
  -0.0317139   -0.0115766            0   -0.0160779
-0.000520132   -0.0133892    0.0160779            0
EndNode1[0]<--->Repeater1[0]
REAL
   0.481386  -0.0054096   0.0116705    0.366808
 -0.0054096   0.0192555 -0.00643104  0.00656848
  0.0116705 -0.00643104   0.0154044   0.0148436
   0.366808  0.00656848   0.0148436    0.483954
IMAGINARY
           0 -0.000832955    0.0199925    0.0051117
 0.000832955            0    0.0123012   -0.0116698
  -0.0199925   -0.0123012            0   -0.0062093
  -0.0051117    0.0116698    0.0062093            0
EndNode2[0]<--->HoM1[0]
REAL
    0.479087  -0.00646255    0.0107221     0.374698
 -0.00646255    0.0152091   0.00727361  -0.00877654
   0.0107221   0.00727361    0.0126743 -0.000671043
    0.374698  -0.00877654 -0.000671043     0.493029
IMAGINARY
          0  0.00442869  0.00662998  0.00719361
-0.00442869           0  -0.0310614  0.00852153
-0.00662998   0.0310614           0  0.00693495
-0.00719361 -0.00852153 -0.00693495           0
Repeater1[0]<--->EndNode1[0]
REAL
   0.481386   0.0116705  -0.0054096    0.366808
  0.0116705   0.0154044 -0.00643104   0.0148436
 -0.0054096 -0.00643104   0.0192555  0.00656848
   0.366808   0.0148436  0.00656848    0.483954
IMAGINARY
           0    0.0199925 -0.000832955    0.0051117
  -0.0199925            0   -0.0123012   -0.0062093
 0.000832955    0.0123012            0   -0.0116698
  -0.0051117    0.0062093    0.0116698            0
Repeater1[0]<--->HoM1[0]
REAL
    0.479087    0.0107221  -0.00646255     0.374698
   0.0107221    0.0126743   0.00727361 -0.000671043
 -0.00646255   0.00727361    0.0152091  -0.00877654
    0.374698 -0.000671043  -0.00877654     0.493029
IMAGINARY
          0  0.00662998  0.00442869  0.00719361
-0.00662998           0   0.0310614  0.00693495
-0.00442869  -0.0310614           0  0.00852153
-0.00719361 -0.00693495 -0.00852153           0
EndNode1[0]<--->Repeater1[0]
REAL
   0.481258   0.0413241  0.00249081    0.357276
  0.0413241   0.0205562 -0.00695359   0.0265414
 0.00249081 -0.00695359   0.0120919  -0.0122919
   0.357276   0.0265414  -0.0122919    0.486094
IMAGINARY
          0   0.0198182  -0.0295825 -0.00533971
 -0.0198182           0  0.00331542  0.00608376
  0.0295825 -0.00331542           0 -0.00937434
 0.00533971 -0.00608376  0.00937434           0
EndNode2[0]<--->HoM1[0]
REAL
     0.51178    0.0288029    0.0305598     0.382095
   0.0288029    0.0104712 -0.000869418    0.0020073
   0.0305598 -0.000869418    0.0157068   0.00248706
    0.382095    0.0020073   0.00248706     0.462042
IMAGINARY
          0 -0.00202028  -0.0126139 -0.00286409
 0.00202028           0  0.00800548  -0.0231468
  0.0126139 -0.00800548           0   0.0351802
 0.00286409   0.0231468  -0.0351802           0
Repeater1[0]<--->EndNode1[0]
REAL
   0.481258  0.00249081   0.0413241    0.357276
 0.00249081   0.0120919 -0.00695359  -0.0122919
  0.0413241 -0.00695359   0.0205562   0.0265414
   0.357276  -0.0122919   0.0265414    0.486094
IMAGINARY
          0  -0.0295825   0.0198182 -0.00533971
  0.0295825           0 -0.00331542 -0.00937434
 -0.0198182  0.00331542           0  0.00608376
 0.00533971  0.00937434 -0.00608376           0
Repeater1[0]<--->HoM1[0]
REAL
     0.51178    0.0305598    0.0288029     0.382095
   0.0305598    0.0157068 -0.000869418   0.00248706
   0.0288029 -0.000869418    0.0104712    0.0020073
    0.382095   0.00248706    0.0020073     0.462042
IMAGINARY
          0  -0.0126139 -0.00202028 -0.00286409
  0.0126139           0 -0.00800548   0.0351802
 0.00202028  0.00800548           0  -0.0231468
 0.00286409  -0.0351802   0.0231468           0
EndNode1[0]<--->Repeater1[0]
REAL
   0.495507 -0.00886494  0.00805633    0.368284
-0.00886494   0.0141207 -0.00911075  -0.0390641
 0.00805633 -0.00911075   0.0154044  0.00498897
   0.368284  -0.0390641  0.00498897    0.474968
IMAGINARY
          0   0.0173782  0.00182414  0.00253496
 -0.0173782           0  0.00940138  -0.0101255
-0.00182414 -0.00940138           0 -0.00907681
-0.00253496   0.0101255  0.00907681           0
EndNode2[0]<--->HoM1[0]
REAL
   0.496193   0.0196117 -0.00246001    0.356471
  0.0196117   0.0177665 -0.00192527  0.00635611
-0.00246001 -0.00192527   0.0190355 -0.00532597
   0.356471  0.00635611 -0.00532597    0.467005
IMAGINARY
           0  -0.00381445 -0.000266452    0.0144614
  0.00381445            0   -0.0125309    0.0190634
 0.000266452    0.0125309            0   -0.0212482
  -0.0144614   -0.0190634    0.0212482            0
Repeater1[0]<--->EndNode1[0]
REAL
   0.495507  0.00805633 -0.00886494    0.368284
 0.00805633   0.0154044 -0.00911075  0.00498897
-0.00886494 -0.00911075   0.0141207  -0.0390641
   0.368284  0.00498897  -0.0390641    0.474968
IMAGINARY
          0  0.00182414   0.0173782  0.00253496
-0.00182414           0 -0.00940138 -0.00907681
 -0.0173782  0.00940138           0  -0.0101255
-0.00253496  0.00907681   0.0101255           0
Repeater1[0]<--->HoM1[0]
REAL
   0.496193 -0.00246001   0.0196117    0.356471
-0.00246001   0.0190355 -0.00192527 -0.00532597
  0.0196117 -0.00192527   0.0177665  0.00635611
   0.356471 -0.00532597  0.00635611    0.467005
IMAGINARY
           0 -0.000266452  -0.00381445    0.0144614
 0.000266452            0    0.0125309   -0.0212482
  0.00381445   -0.0125309            0    0.0190634
  -0.0144614    0.0212482   -0.0190634            0
EndNode1[0]<--->Repeater1[0]
REAL
    0.47139  0.00979375  0.00454875    0.366071
 0.00979375    0.020436 -0.00892857 -0.00770931
 0.00454875 -0.00892857   0.0163488  0.00853747
   0.366071 -0.00770931  0.00853747    0.491826
IMAGINARY
          0 -0.00568942   0.0126341  0.00849172
 0.00568942           0 -0.00126438 -0.00221741
 -0.0126341  0.00126438           0  0.00568942
-0.00849172  0.00221741 -0.00568942           0
EndNode2[0]<--->HoM1[0]
REAL
    0.45756  -0.0218435 -0.00580982    0.356617
 -0.0218435   0.0145889 -0.00719619  0.00130532
-0.00580982 -0.00719619   0.0172414  0.00575599
   0.356617  0.00130532  0.00575599     0.51061
IMAGINARY
          0   0.0120178  -0.0208894  -0.0146711
 -0.0120178           0  0.00282895 -0.00569949
  0.0208894 -0.00282895           0   0.0132741
  0.0146711  0.00569949  -0.0132741           0
Repeater1[0]<--->EndNode1[0]
REAL
    0.47139  0.00454875  0.00979375    0.366071
 0.00454875   0.0163488 -0.00892857  0.00853747
 0.00979375 -0.00892857    0.020436 -0.00770931
   0.366071  0.00853747 -0.00770931    0.491826
IMAGINARY
          0   0.0126341 -0.00568942  0.00849172
 -0.0126341           0  0.00126438  0.00568942
 0.00568942 -0.00126438           0 -0.00221741
-0.00849172 -0.00568942  0.00221741           0
Repeater1[0]<--->HoM1[0]
REAL
    0.45756 -0.00580982  -0.0218435    0.356617
-0.00580982   0.0172414 -0.00719619  0.00575599
 -0.0218435 -0.00719619   0.0145889  0.00130532
   0.356617  0.00575599  0.00130532     0.51061
IMAGINARY
          0  -0.0208894   0.0120178  -0.0146711
  0.0208894           0 -0.00282895   0.0132741
 -0.0120178  0.00282895           0 -0.00569949
  0.0146711  -0.0132741  0.00569949           0
EndNode1[0]<--->Repeater1[0]
REAL
   0.497462 -0.00960646  -0.0133069    0.381948
-0.00960646  0.00761421 -0.00580715  -0.0108131
 -0.0133069 -0.00580715   0.0114213  0.00504322
   0.381948  -0.0108131  0.00504322    0.483503
IMAGINARY
          0   0.0063906  0.00460707 -0.00529077
 -0.0063906           0  -0.0127333   0.0158011
-0.00460707   0.0127333           0 -0.00383958
 0.00529077  -0.0158011  0.00383958           0
EndNode2[0]<--->HoM1[0]
REAL
   0.499394  0.00940857  -0.0139402    0.353004
 0.00940857   0.0157576   0.0135782 0.000598377
 -0.0139402   0.0135782   0.0181818 -0.00877325
   0.353004 0.000598377 -0.00877325    0.466667
IMAGINARY
          0    0.023153 -0.00267173  -0.0278545
  -0.023153           0 -0.00566126  0.00397721
 0.00267173  0.00566126           0  -0.0100982
  0.0278545 -0.00397721   0.0100982           0
Repeater1[0]<--->EndNode1[0]
REAL
   0.497462  -0.0133069 -0.00960646    0.381948
 -0.0133069   0.0114213 -0.00580715  0.00504322
-0.00960646 -0.00580715  0.00761421  -0.0108131
   0.381948  0.00504322  -0.0108131    0.483503
IMAGINARY
          0  0.00460707   0.0063906 -0.00529077
-0.00460707           0   0.0127333 -0.00383958
 -0.0063906  -0.0127333           0   0.0158011
 0.00529077  0.00383958  -0.0158011           0
Repeater1[0]<--->HoM1[0]
REAL
   0.499394  -0.0139402  0.00940857    0.353004
 -0.0139402   0.0181818   0.0135782 -0.00877325
 0.00940857   0.0135782   0.0157576 0.000598377
   0.353004 -0.00877325 0.000598377    0.466667
IMAGINARY
          0 -0.00267173    0.023153  -0.0278545
 0.00267173           0  0.00566126  -0.0100982
  -0.023153 -0.00566126           0  0.00397721
  0.0278545   0.0100982 -0.00397721           0
EndNode1[0]<--->Repeater1[0]
REAL
  0.488251 -0.0191224  0.0217767    0.34967
-0.0191224  0.0182768 -0.0167557 0.00586154
 0.0217767 -0.0167557  0.0169713  0.0379667
   0.34967 0.00586154  0.0379667   0.476501
IMAGINARY
           0   -0.0136758 -0.000206482  -0.00546513
   0.0136758            0   -0.0149708    0.0188587
 0.000206482    0.0149708            0   -0.0206202
  0.00546513   -0.0188587    0.0206202            0
EndNode2[0]<--->HoM1[0]
REAL
   0.482143  -0.0151128  -0.0120769    0.373041
 -0.0151128   0.0107143 -0.00898895   0.0205736
 -0.0120769 -0.00898895    0.022619  0.00530884
   0.373041   0.0205736  0.00530884    0.484524
IMAGINARY
          0 -0.00761308   0.0150215 -0.00354117
 0.00761308           0   0.0224329 -0.00610522
 -0.0150215  -0.0224329           0  -0.0095337
 0.00354117  0.00610522   0.0095337           0
Repeater1[0]<--->EndNode1[0]
REAL
  0.488251  0.0217767 -0.0191224    0.34967
 0.0217767  0.0169713 -0.0167557  0.0379667
-0.0191224 -0.0167557  0.0182768 0.00586154
   0.34967  0.0379667 0.00586154   0.476501
IMAGINARY
           0 -0.000206482   -0.0136758  -0.00546513
 0.000206482            0    0.0149708   -0.0206202
   0.0136758   -0.0149708            0    0.0188587
  0.00546513    0.0206202   -0.0188587            0
Repeater1[0]<--->HoM1[0]
REAL
   0.482143  -0.0120769  -0.0151128    0.373041
 -0.0120769    0.022619 -0.00898895  0.00530884
 -0.0151128 -0.00898895   0.0107143   0.0205736
   0.373041  0.00530884   0.0205736    0.484524
IMAGINARY
          0   0.0150215 -0.00761308 -0.00354117
 -0.0150215           0  -0.0224329  -0.0095337
 0.00761308   0.0224329           0 -0.00610522
 0.00354117   0.0095337  0.00610522           0
EndNode1[0]<--->Repeater1[0]
REAL
   0.466667  -0.0291452  -0.0145174    0.360371
 -0.0291452   0.0148148  -0.0104361 -0.00941534
 -0.0145174  -0.0104361   0.0111111 -0.00254948
   0.360371 -0.00941534 -0.00254948    0.507407
IMAGINARY
           0   -0.0109129 -0.000483003   0.00949424
   0.0109129            0   0.00237911   0.00979977
 0.000483003  -0.00237911            0   0.00408059
 -0.00949424  -0.00979977  -0.00408059            0
EndNode2[0]<--->HoM1[0]
REAL
   0.481752  0.00524934 -0.00529126    0.369746
 0.00524934   0.0145985 -0.00900283 -0.00399256
-0.00529126 -0.00900283    0.013382 -0.00524934
   0.369746 -0.00399256 -0.00524934    0.490268
IMAGINARY
           0   -0.0149818    0.0275856   -0.0384219
   0.0149818            0   -0.0228164   -0.0112884
  -0.0275856    0.0228164            0 -1.17106e-05
   0.0384219    0.0112884  1.17106e-05            0
Repeater1[0]<--->EndNode1[0]
REAL
   0.466667  -0.0145174  -0.0291452    0.360371
 -0.0145174   0.0111111  -0.0104361 -0.00254948
 -0.0291452  -0.0104361   0.0148148 -0.00941534
   0.360371 -0.00254948 -0.00941534    0.507407
IMAGINARY
           0 -0.000483003   -0.0109129   0.00949424
 0.000483003            0  -0.00237911   0.00408059
   0.0109129   0.00237911            0   0.00979977
 -0.00949424  -0.00408059  -0.00979977            0
Repeater1[0]<--->HoM1[0]
REAL
   0.481752 -0.00529126  0.00524934    0.369746
-0.00529126    0.013382 -0.00900283 -0.00524934
 0.00524934 -0.00900283   0.0145985 -0.00399256
   0.369746 -0.00524934 -0.00399256    0.490268
IMAGINARY
           0    0.0275856   -0.0149818   -0.0384219
  -0.0275856            0    0.0228164 -1.17106e-05
   0.0149818   -0.0228164            0   -0.0112884
   0.0384219  1.17106e-05    0.0112884            0
EndNode1[0]<--->Repeater1[0]
REAL
   0.507673   0.0157217   0.0259325    0.357091
  0.0157217    0.016624   0.0127072 -0.00512716
  0.0259325   0.0127072   0.0179028    0.011795
   0.357091 -0.00512716    0.011795    0.457801
IMAGINARY
           0  -0.00735905 -0.000385913  -0.00561864
  0.00735905            0  0.000995121   0.00512204
 0.000385913 -0.000995121            0   0.00668246
  0.00561864  -0.00512204  -0.00668246            0
EndNode2[0]<--->HoM1[0]
REAL
   0.501896  -0.0100419 0.000149464    0.365515
 -0.0100419   0.0101138  0.00566673  -0.0127657
0.000149464  0.00566673   0.0139064 -0.00124626
   0.365515  -0.0127657 -0.00124626    0.474083
IMAGINARY
          0 -0.00348803 -0.00772541  -0.0115676
 0.00348803           0 -0.00343242 -0.00363822
 0.00772541  0.00343242           0 -0.00156248
  0.0115676  0.00363822  0.00156248           0
Repeater1[0]<--->EndNode1[0]
REAL
   0.507673   0.0259325   0.0157217    0.357091
  0.0259325   0.0179028   0.0127072    0.011795
  0.0157217   0.0127072    0.016624 -0.00512716
   0.357091    0.011795 -0.00512716    0.457801
IMAGINARY
           0 -0.000385913  -0.00735905  -0.00561864
 0.000385913            0 -0.000995121   0.00668246
  0.00735905  0.000995121            0   0.00512204
  0.00561864  -0.00668246  -0.00512204            0
Repeater1[0]<--->HoM1[0]
REAL
   0.501896 0.000149464  -0.0100419    0.365515
0.000149464   0.0139064  0.00566673 -0.00124626
 -0.0100419  0.00566673   0.0101138  -0.0127657
   0.365515 -0.00124626  -0.0127657    0.474083
IMAGINARY
          0 -0.00772541 -0.00348803  -0.0115676
 0.00772541           0  0.00343242 -0.00156248
 0.00348803 -0.00343242           0 -0.00363822
  0.0115676  0.00156248  0.00363822           0
EndNode1[0]<--->Repeater1[0]
REAL
    0.482803   0.00884486 -0.000193631     0.359071
  0.00884486    0.0203822  -0.00509453   0.00475686
-0.000193631  -0.00509453    0.0254777    0.0113637
    0.359071   0.00475686    0.0113637     0.471338
IMAGINARY
          0  -0.0109919 -0.00604512  0.00195652
  0.0109919           0  0.00130293   0.0248032
 0.00604512 -0.00130293           0  -0.0116472
-0.00195652  -0.0248032   0.0116472           0
