EndNode1[0]<--->Repeater1[0]
REAL
  0.391139  0.0157828  0.0132217   0.344651
 0.0157828   0.113924   0.068228 0.00698034
 0.0132217   0.068228   0.105063 0.00820707
  0.344651 0.00698034 0.00820707   0.389873
IMAGINARY
           0    0.0151677    0.0160579 -0.000978385
  -0.0151677            0  -0.00224742   -0.0187679
  -0.0160579   0.00224742            0    0.0214177
 0.000978385    0.0187679   -0.0214177            0
EndNode2[0]<--->HoM1[0]
REAL
   0.378897 -0.00166464   0.0123919    0.350573
-0.00166464    0.133094   0.0598161 -0.00849581
  0.0123919   0.0598161    0.116307 -0.00872497
   0.350573 -0.00849581 -0.00872497    0.371703
IMAGINARY
          0  -0.0109802 -0.00160462  -0.0164875
  0.0109802           0   0.0177407 -0.00160462
 0.00160462  -0.0177407           0 -0.00763344
  0.0164875  0.00160462  0.00763344           0
Repeater1[0]<--->EndNode1[0]
REAL
  0.391139  0.0132217  0.0157828   0.344651
 0.0132217   0.105063   0.068228 0.00820707
 0.0157828   0.068228   0.113924 0.00698034
  0.344651 0.00820707 0.00698034   0.389873
IMAGINARY
           0    0.0160579    0.0151677 -0.000978385
  -0.0160579            0   0.00224742    0.0214177
  -0.0151677  -0.00224742            0   -0.0187679
 0.000978385   -0.0214177    0.0187679            0
Repeater1[0]<--->HoM1[0]
REAL
   0.378897   0.0123919 -0.00166464    0.350573
  0.0123919    0.116307   0.0598161 -0.00872497
-0.00166464   0.0598161    0.133094 -0.00849581
   0.350573 -0.00872497 -0.00849581    0.371703
IMAGINARY
          0 -0.00160462  -0.0109802  -0.0164875
 0.00160462           0  -0.0177407 -0.00763344
  0.0109802   0.0177407           0 -0.00160462
  0.0164875  0.00763344  0.00160462           0
EndNode1[0]<--->Repeater1[0]
REAL
  0.416974 0.00760505  -0.019743   0.349635
0.00760505   0.113161  0.0589669   0.021087
 -0.019743  0.0589669   0.115621 0.00449172
  0.349635   0.021087 0.00449172   0.354244
IMAGINARY
          0 -0.00502589  -0.0119459  -0.0266898
 0.00502589           0  0.00522512   0.0176205
  0.0119459 -0.00522512           0  0.00943951
  0.0266898  -0.0176205 -0.00943951           0
EndNode2[0]<--->HoM1[0]
REAL
   0.393462 -0.00521083  -0.0144472    0.355844
-0.00521083    0.110169   0.0658953   0.0175528
 -0.0144472   0.0658953   0.0956416  0.00707418
   0.355844   0.0175528  0.00707418    0.400726
IMAGINARY
           0  -0.00809038  0.000867925  -0.00555556
  0.00809038            0   0.00203938   0.00815269
-0.000867925  -0.00203938            0    0.0106677
  0.00555556  -0.00815269   -0.0106677            0
Repeater1[0]<--->EndNode1[0]
REAL
  0.416974  -0.019743 0.00760505   0.349635
 -0.019743   0.115621  0.0589669 0.00449172
0.00760505  0.0589669   0.113161   0.021087
  0.349635 0.00449172   0.021087   0.354244
IMAGINARY
          0  -0.0119459 -0.00502589  -0.0266898
  0.0119459           0 -0.00522512  0.00943951
 0.00502589  0.00522512           0   0.0176205
  0.0266898 -0.00943951  -0.0176205           0
Repeater1[0]<--->HoM1[0]
REAL
   0.393462  -0.0144472 -0.00521083    0.355844
 -0.0144472   0.0956416   0.0658953  0.00707418
-0.00521083   0.0658953    0.110169   0.0175528
   0.355844  0.00707418   0.0175528    0.400726
IMAGINARY
           0  0.000867925  -0.00809038  -0.00555556
-0.000867925            0  -0.00203938    0.0106677
  0.00809038   0.00203938            0   0.00815269
  0.00555556   -0.0106677  -0.00815269            0
EndNode1[0]<--->Repeater1[0]
REAL
   0.423957 -0.00945695  -0.0026263    0.357288
-0.00945695    0.115747   0.0688266 -0.00947561
 -0.0026263   0.0688266   0.0888291 -0.00264496
   0.357288 -0.00947561 -0.00264496    0.371467
IMAGINARY
          0  0.00505481   4.995e-05 -0.00872758
-0.00505481           0   0.0130115 -0.00774226
 -4.995e-05  -0.0130115           0  -0.0140292
 0.00872758  0.00774226   0.0140292           0
EndNode2[0]<--->HoM1[0]
REAL
   0.411613  -0.0159426  -0.0175459    0.344872
 -0.0159426    0.112258   0.0690098 -0.00430502
 -0.0175459   0.0690098   0.0993548  0.00823047
   0.344872 -0.00430502  0.00823047    0.376774
IMAGINARY
          0   0.0110406  0.00757475   0.0207489
 -0.0110406           0   0.0118882  -0.0181848
-0.00757475  -0.0118882           0  -0.0070618
 -0.0207489   0.0181848   0.0070618           0
Repeater1[0]<--->EndNode1[0]
REAL
   0.423957  -0.0026263 -0.00945695    0.357288
 -0.0026263   0.0888291   0.0688266 -0.00264496
-0.00945695   0.0688266    0.115747 -0.00947561
   0.357288 -0.00264496 -0.00947561    0.371467
IMAGINARY
          0   4.995e-05  0.00505481 -0.00872758
 -4.995e-05           0  -0.0130115  -0.0140292
-0.00505481   0.0130115           0 -0.00774226
 0.00872758   0.0140292  0.00774226           0
Repeater1[0]<--->HoM1[0]
REAL
   0.411613  -0.0175459  -0.0159426    0.344872
 -0.0175459   0.0993548   0.0690098  0.00823047
 -0.0159426   0.0690098    0.112258 -0.00430502
   0.344872  0.00823047 -0.00430502    0.376774
IMAGINARY
          0  0.00757475   0.0110406   0.0207489
-0.00757475           0  -0.0118882  -0.0070618
 -0.0110406   0.0118882           0  -0.0181848
 -0.0207489   0.0070618   0.0181848           0
EndNode1[0]<--->Repeater1[0]
REAL
   0.392991  -0.0139404  -0.0130432    0.355757
 -0.0139404    0.115144   0.0576287 -0.00795416
 -0.0130432   0.0576287    0.110138  -0.0018076
   0.355757 -0.00795416  -0.0018076    0.381727
IMAGINARY
          0  -0.0131207  0.00323084   0.0069422
  0.0131207           0  -0.0255081   -0.013926
-0.00323084   0.0255081           0  0.00376241
 -0.0069422    0.013926 -0.00376241           0
EndNode2[0]<--->HoM1[0]
REAL
  0.408696 0.00839527  0.0117858    0.35963
0.00839527   0.101863  0.0654381 -0.0199602
 0.0117858  0.0654381   0.104348 -0.0233816
   0.35963 -0.0199602 -0.0233816   0.385093
IMAGINARY
          0  0.00608943  0.00220283  0.00851508
-0.00608943           0   0.0247278 -0.00851596
-0.00220283  -0.0247278           0  0.00906208
-0.00851508  0.00851596 -0.00906208           0
Repeater1[0]<--->EndNode1[0]
REAL
   0.392991  -0.0130432  -0.0139404    0.355757
 -0.0130432    0.110138   0.0576287  -0.0018076
 -0.0139404   0.0576287    0.115144 -0.00795416
   0.355757  -0.0018076 -0.00795416    0.381727
IMAGINARY
          0  0.00323084  -0.0131207   0.0069422
-0.00323084           0   0.0255081  0.00376241
  0.0131207  -0.0255081           0   -0.013926
 -0.0069422 -0.00376241    0.013926           0
Repeater1[0]<--->HoM1[0]
REAL
  0.408696  0.0117858 0.00839527    0.35963
 0.0117858   0.104348  0.0654381 -0.0233816
0.00839527  0.0654381   0.101863 -0.0199602
   0.35963 -0.0233816 -0.0199602   0.385093
IMAGINARY
          0  0.00220283  0.00608943  0.00851508
-0.00220283           0  -0.0247278  0.00906208
-0.00608943   0.0247278           0 -0.00851596
-0.00851508 -0.00906208  0.00851596           0
EndNode1[0]<--->Repeater1[0]
REAL
   0.422785  0.00735407 -0.00410401    0.357286
 0.00735407   0.0974684   0.0724759   0.0195802
-0.00410401   0.0724759    0.120253   0.0140745
   0.357286   0.0195802   0.0140745    0.359494
IMAGINARY
          0     0.00135  0.00742594  0.00189576
   -0.00135           0  -0.0148828  -0.0137551
-0.00742594   0.0148828           0   -0.015274
-0.00189576   0.0137551    0.015274           0
EndNode2[0]<--->HoM1[0]
REAL
   0.394495 -0.00511161  0.00237303    0.344133
-0.00511161    0.120577   0.0821696  -0.0157148
 0.00237303   0.0821696    0.116645   0.0146415
   0.344133  -0.0157148   0.0146415    0.368283
IMAGINARY
          0   0.0111216  0.00785276  0.00334225
 -0.0111216           0   0.0140374  -0.0121472
-0.00785276  -0.0140374           0 -0.00682712
-0.00334225   0.0121472  0.00682712           0
Repeater1[0]<--->EndNode1[0]
REAL
   0.422785 -0.00410401  0.00735407    0.357286
-0.00410401    0.120253   0.0724759   0.0140745
 0.00735407   0.0724759   0.0974684   0.0195802
   0.357286   0.0140745   0.0195802    0.359494
IMAGINARY
          0  0.00742594     0.00135  0.00189576
-0.00742594           0   0.0148828   -0.015274
   -0.00135  -0.0148828           0  -0.0137551
-0.00189576    0.015274   0.0137551           0
Repeater1[0]<--->HoM1[0]
REAL
   0.394495  0.00237303 -0.00511161    0.344133
 0.00237303    0.116645   0.0821696   0.0146415
-0.00511161   0.0821696    0.120577  -0.0157148
   0.344133   0.0146415  -0.0157148    0.368283
IMAGINARY
          0  0.00785276   0.0111216  0.00334225
-0.00785276           0  -0.0140374 -0.00682712
 -0.0111216   0.0140374           0  -0.0121472
-0.00334225  0.00682712   0.0121472           0
EndNode1[0]<--->Repeater1[0]
REAL
   0.433673  0.00430711 0.000758326    0.362627
 0.00430711   0.0969388   0.0651946  0.00974036
0.000758326   0.0651946   0.0969388   0.0101286
   0.362627  0.00974036   0.0101286    0.372449
IMAGINARY
           0    0.0188004  -0.00565401    0.0260373
  -0.0188004            0  0.000209452  -0.00504499
  0.00565401 -0.000209452            0    0.0033109
  -0.0260373   0.00504499   -0.0033109            0
EndNode2[0]<--->HoM1[0]
REAL
  0.407703 -0.0307977 -0.0325484   0.360246
-0.0307977    0.10757  0.0720252 -0.0159244
-0.0325484  0.0720252  0.0956175 -0.0269712
  0.360246 -0.0159244 -0.0269712    0.38911
IMAGINARY
          0   0.0130929  -0.0388918  -0.0165958
 -0.0130929           0  0.00283429  0.00505723
  0.0388918 -0.00283429           0  0.00445094
  0.0165958 -0.00505723 -0.00445094           0
Repeater1[0]<--->EndNode1[0]
REAL
   0.433673 0.000758326  0.00430711    0.362627
0.000758326   0.0969388   0.0651946   0.0101286
 0.00430711   0.0651946   0.0969388  0.00974036
   0.362627   0.0101286  0.00974036    0.372449
IMAGINARY
           0  -0.00565401    0.0188004    0.0260373
  0.00565401            0 -0.000209452    0.0033109
  -0.0188004  0.000209452            0  -0.00504499
  -0.0260373   -0.0033109   0.00504499            0
Repeater1[0]<--->HoM1[0]
REAL
  0.407703 -0.0325484 -0.0307977   0.360246
-0.0325484  0.0956175  0.0720252 -0.0269712
-0.0307977  0.0720252    0.10757 -0.0159244
  0.360246 -0.0269712 -0.0159244    0.38911
IMAGINARY
          0  -0.0388918   0.0130929  -0.0165958
  0.0388918           0 -0.00283429  0.00445094
 -0.0130929  0.00283429           0  0.00505723
  0.0165958 -0.00445094 -0.00505723           0
EndNode1[0]<--->Repeater1[0]
REAL
   0.424205  -0.0101993 -0.00334174    0.366313
 -0.0101993    0.099022   0.0718965  -0.0187264
-0.00334174   0.0718965   0.0977995 -0.00556358
   0.366313  -0.0187264 -0.00556358    0.378973
IMAGINARY
          0  -0.0183019 -0.00682459 -0.00462889
  0.0183019           0 -0.00398038  0.00428652
 0.00682459  0.00398038           0  0.00814966
 0.00462889 -0.00428652 -0.00814966           0
EndNode2[0]<--->HoM1[0]
REAL
   0.371314 -0.00817871  -0.0204791    0.353742
-0.00817871   0.0991957   0.0718991   0.0166329
 -0.0204791   0.0718991    0.101877  0.00689666
   0.353742   0.0166329  0.00689666    0.427614
IMAGINARY
          0 -0.00758808 -0.00637062 -0.00689965
 0.00758808           0 -0.00246365 -0.00446948
 0.00637062  0.00246365           0  -0.0100271
 0.00689965  0.00446948   0.0100271           0
Repeater1[0]<--->EndNode1[0]
REAL
   0.424205 -0.00334174  -0.0101993    0.366313
-0.00334174   0.0977995   0.0718965 -0.00556358
 -0.0101993   0.0718965    0.099022  -0.0187264
   0.366313 -0.00556358  -0.0187264    0.378973
IMAGINARY
          0 -0.00682459  -0.0183019 -0.00462889
 0.00682459           0  0.00398038  0.00814966
  0.0183019 -0.00398038           0  0.00428652
 0.00462889 -0.00814966 -0.00428652           0
Repeater1[0]<--->HoM1[0]
REAL
   0.371314  -0.0204791 -0.00817871    0.353742
 -0.0204791    0.101877   0.0718991  0.00689666
-0.00817871   0.0718991   0.0991957   0.0166329
   0.353742  0.00689666   0.0166329    0.427614
IMAGINARY
          0 -0.00637062 -0.00758808 -0.00689965
 0.00637062           0  0.00246365  -0.0100271
 0.00758808 -0.00246365           0 -0.00446948
 0.00689965   0.0100271  0.00446948           0
EndNode1[0]<--->Repeater1[0]
REAL
   0.386632 0.000353749  -0.0188496    0.356864
0.000353749    0.110092   0.0663148   0.0181874
 -0.0188496   0.0663148    0.110092 -0.00896302
   0.356864   0.0181874 -0.00896302    0.393185
IMAGINARY
           0   -0.0180575    0.0231469  -0.00576924
   0.0180575            0    0.0272257  0.000480204
  -0.0231469   -0.0272257            0  -0.00301534
  0.00576924 -0.000480204   0.00301534            0
EndNode2[0]<--->HoM1[0]
REAL
  0.399488 -0.0190149  0.0195342   0.366945
-0.0190149   0.104994  0.0649015 -0.0151971
 0.0195342  0.0649015   0.103713  0.0146778
  0.366945 -0.0151971  0.0146778   0.391805
IMAGINARY
          0  -0.0121148   0.0208463  -0.0067793
  0.0121148           0  0.00878733 -0.00871346
 -0.0208463 -0.00878733           0  -0.0191751
  0.0067793  0.00871346   0.0191751           0
Repeater1[0]<--->EndNode1[0]
REAL
   0.386632  -0.0188496 0.000353749    0.356864
 -0.0188496    0.110092   0.0663148 -0.00896302
0.000353749   0.0663148    0.110092   0.0181874
   0.356864 -0.00896302   0.0181874    0.393185
IMAGINARY
           0    0.0231469   -0.0180575  -0.00576924
  -0.0231469            0   -0.0272257  -0.00301534
   0.0180575    0.0272257            0  0.000480204
  0.00576924   0.00301534 -0.000480204            0
Repeater1[0]<--->HoM1[0]
REAL
  0.399488  0.0195342 -0.0190149   0.366945
 0.0195342   0.103713  0.0649015  0.0146778
-0.0190149  0.0649015   0.104994 -0.0151971
  0.366945  0.0146778 -0.0151971   0.391805
IMAGINARY
          0   0.0208463  -0.0121148  -0.0067793
 -0.0208463           0 -0.00878733  -0.0191751
  0.0121148  0.00878733           0 -0.00871346
  0.0067793   0.0191751  0.00871346           0
EndNode1[0]<--->Repeater1[0]
REAL
   0.401786  -0.0288547 -0.00768475     0.35897
 -0.0288547   0.0994898   0.0776403   0.0122126
-0.00768475   0.0776403    0.104592   0.0320889
    0.35897   0.0122126   0.0320889    0.394133
IMAGINARY
          0  -0.0109423  -0.0231613 -0.00394274
  0.0109423           0  -0.0136452   0.0142099
  0.0231613   0.0136452           0  0.00326963
 0.00394274  -0.0142099 -0.00326963           0
EndNode2[0]<--->HoM1[0]
REAL
  0.398448 -0.0234781 -0.0238964   0.339221
-0.0234781  0.0996119  0.0759229 -0.0270175
-0.0238964  0.0759229  0.0970246 -0.0287412
  0.339221 -0.0270175 -0.0287412   0.404916
IMAGINARY
         0  0.0118102 -0.0119681  0.0200229
-0.0118102          0   0.012863 -0.0132979
 0.0119681  -0.012863          0  0.0161153
-0.0200229  0.0132979 -0.0161153          0
Repeater1[0]<--->EndNode1[0]
REAL
   0.401786 -0.00768475  -0.0288547     0.35897
-0.00768475    0.104592   0.0776403   0.0320889
 -0.0288547   0.0776403   0.0994898   0.0122126
    0.35897   0.0320889   0.0122126    0.394133
IMAGINARY
          0  -0.0231613  -0.0109423 -0.00394274
  0.0231613           0   0.0136452  0.00326963
  0.0109423  -0.0136452           0   0.0142099
 0.00394274 -0.00326963  -0.0142099           0
Repeater1[0]<--->HoM1[0]
REAL
  0.398448 -0.0238964 -0.0234781   0.339221
-0.0238964  0.0970246  0.0759229 -0.0287412
-0.0234781  0.0759229  0.0996119 -0.0270175
  0.339221 -0.0287412 -0.0270175   0.404916
IMAGINARY
         0 -0.0119681  0.0118102  0.0200229
 0.0119681          0  -0.012863  0.0161153
-0.0118102   0.012863          0 -0.0132979
-0.0200229 -0.0161153  0.0132979          0
EndNode1[0]<--->Repeater1[0]
REAL
   0.420912   0.0032778 -0.00339903    0.348957
  0.0032778    0.113941   0.0752073   0.0188232
-0.00339903   0.0752073   0.0965147  0.00829033
   0.348957   0.0188232  0.00829033    0.368633
IMAGINARY
          0   0.0144845 -0.00927709  -0.0122723
 -0.0144845           0  0.00679287   0.0155271
 0.00927709 -0.00679287           0 -0.00198452
  0.0122723  -0.0155271  0.00198452           0
EndNode2[0]<--->HoM1[0]
REAL
    0.424354 -0.000677663  0.000846565      0.34883
-0.000677663    0.0922509    0.0604901    0.0230829
 0.000846565    0.0604901     0.104551    0.0296449
     0.34883    0.0230829    0.0296449     0.378844
IMAGINARY
           0   0.00415106   0.00447841   0.00538181
 -0.00415106            0  0.000658461    -0.016519
 -0.00447841 -0.000658461            0    0.0142266
 -0.00538181     0.016519   -0.0142266            0
Repeater1[0]<--->EndNode1[0]
REAL
   0.420912 -0.00339903   0.0032778    0.348957
-0.00339903   0.0965147   0.0752073  0.00829033
  0.0032778   0.0752073    0.113941   0.0188232
   0.348957  0.00829033   0.0188232    0.368633
IMAGINARY
          0 -0.00927709   0.0144845  -0.0122723
 0.00927709           0 -0.00679287 -0.00198452
 -0.0144845  0.00679287           0   0.0155271
  0.0122723  0.00198452  -0.0155271           0
Repeater1[0]<--->HoM1[0]
REAL
    0.424354  0.000846565 -0.000677663      0.34883
 0.000846565     0.104551    0.0604901    0.0296449
-0.000677663    0.0604901    0.0922509    0.0230829
     0.34883    0.0296449    0.0230829     0.378844
IMAGINARY
           0   0.00447841   0.00415106   0.00538181
 -0.00447841            0 -0.000658461    0.0142266
 -0.00415106  0.000658461            0    -0.016519
 -0.00538181   -0.0142266     0.016519            0
EndNode1[0]<--->Repeater1[0]
REAL
   0.412067  -0.0197989 -0.00751905    0.355065
 -0.0197989   0.0898588   0.0580351   0.0172467
-0.00751905   0.0580351   0.0924262   0.0100713
   0.355065   0.0172467   0.0100713    0.405648
IMAGINARY
          0  -0.0122348   0.0077203   0.0196411
  0.0122348           0  -0.0208636  0.00836881
 -0.0077203   0.0208636           0 -0.00137909
 -0.0196411 -0.00836881  0.00137909           0
EndNode2[0]<--->HoM1[0]
REAL
    0.391892   -0.0226219 -5.45431e-05     0.345567
  -0.0226219     0.109459    0.0673618   -0.0052225
-5.45431e-05    0.0673618          0.1   0.00942933
    0.345567   -0.0052225   0.00942933     0.398649
IMAGINARY
           0   0.00938315   0.00854461   0.00283137
 -0.00938315            0   -0.0363214  0.000429751
 -0.00854461    0.0363214            0   -0.0170755
 -0.00283137 -0.000429751    0.0170755            0
Repeater1[0]<--->EndNode1[0]
REAL
   0.412067 -0.00751905  -0.0197989    0.355065
-0.00751905   0.0924262   0.0580351   0.0100713
 -0.0197989   0.0580351   0.0898588   0.0172467
   0.355065   0.0100713   0.0172467    0.405648
IMAGINARY
          0   0.0077203  -0.0122348   0.0196411
 -0.0077203           0   0.0208636 -0.00137909
  0.0122348  -0.0208636           0  0.00836881
 -0.0196411  0.00137909 -0.00836881           0
Repeater1[0]<--->HoM1[0]
REAL
    0.391892 -5.45431e-05   -0.0226219     0.345567
-5.45431e-05          0.1    0.0673618   0.00942933
  -0.0226219    0.0673618     0.109459   -0.0052225
    0.345567   0.00942933   -0.0052225     0.398649
IMAGINARY
           0   0.00854461   0.00938315   0.00283137
 -0.00854461            0    0.0363214   -0.0170755
 -0.00938315   -0.0363214            0  0.000429751
 -0.00283137    0.0170755 -0.000429751            0
EndNode1[0]<--->Repeater1[0]
REAL
   0.350717 -0.00178219  0.00946036     0.36636
-0.00178219    0.121252   0.0640195  -0.0221186
 0.00946036   0.0640195    0.125163  -0.0248001
    0.36636  -0.0221186  -0.0248001    0.402868
IMAGINARY
           0   -0.0107917   -0.0077374   -0.0026374
   0.0107917            0   0.00451475  0.000585259
   0.0077374  -0.00451475            0    0.0179439
   0.0026374 -0.000585259   -0.0179439            0
EndNode2[0]<--->HoM1[0]
REAL
   0.375312   0.0197645   0.0203555    0.361123
  0.0197645    0.120948   0.0551333   0.0079696
  0.0203555   0.0551333    0.112219 -0.00621773
   0.361123   0.0079696 -0.00621773    0.391521
IMAGINARY
           0   -0.0158882  0.000659631  -0.00337656
   0.0158882            0   0.00462344 -0.000659631
-0.000659631  -0.00462344            0   0.00937777
  0.00337656  0.000659631  -0.00937777            0
Repeater1[0]<--->EndNode1[0]
REAL
   0.350717  0.00946036 -0.00178219     0.36636
 0.00946036    0.125163   0.0640195  -0.0248001
-0.00178219   0.0640195    0.121252  -0.0221186
    0.36636  -0.0248001  -0.0221186    0.402868
IMAGINARY
           0   -0.0077374   -0.0107917   -0.0026374
   0.0077374            0  -0.00451475    0.0179439
   0.0107917   0.00451475            0  0.000585259
   0.0026374   -0.0179439 -0.000585259            0
Repeater1[0]<--->HoM1[0]
REAL
   0.375312   0.0203555   0.0197645    0.361123
  0.0203555    0.112219   0.0551333 -0.00621773
  0.0197645   0.0551333    0.120948   0.0079696
   0.361123 -0.00621773   0.0079696    0.391521
IMAGINARY
           0  0.000659631   -0.0158882  -0.00337656
-0.000659631            0  -0.00462344   0.00937777
   0.0158882   0.00462344            0 -0.000659631
  0.00337656  -0.00937777  0.000659631            0
EndNode1[0]<--->Repeater1[0]
REAL
   0.357143  0.00587248 -0.00642596    0.359871
 0.00587248    0.111529   0.0625204 -0.00375216
-0.00642596   0.0625204    0.114035  -0.0147783
   0.359871 -0.00375216  -0.0147783    0.417293
IMAGINARY
          0  0.00306467  -0.0122701  0.00345358
-0.00306467           0 -0.00950685 -0.00296164
  0.0122701  0.00950685           0   0.0161406
-0.00345358  0.00296164  -0.0161406           0
EndNode2[0]<--->HoM1[0]
REAL
  0.422973  0.0189039 0.00744519   0.361363
 0.0189039  0.0986486  0.0705135  0.0195471
0.00744519  0.0705135  0.0932432  0.0170858
  0.361363  0.0195471  0.0170858   0.385135
IMAGINARY
          0  -0.0117767  -0.0061614    0.029663
  0.0117767           0 -0.00432963   0.0198869
  0.0061614  0.00432963           0 -0.00717752
  -0.029663  -0.0198869  0.00717752           0
Repeater1[0]<--->EndNode1[0]
REAL
   0.357143 -0.00642596  0.00587248    0.359871
-0.00642596    0.114035   0.0625204  -0.0147783
 0.00587248   0.0625204    0.111529 -0.00375216
   0.359871  -0.0147783 -0.00375216    0.417293
IMAGINARY
          0  -0.0122701  0.00306467  0.00345358
  0.0122701           0  0.00950685   0.0161406
-0.00306467 -0.00950685           0 -0.00296164
-0.00345358  -0.0161406  0.00296164           0
Repeater1[0]<--->HoM1[0]
REAL
  0.422973 0.00744519  0.0189039   0.361363
0.00744519  0.0932432  0.0705135  0.0170858
 0.0189039  0.0705135  0.0986486  0.0195471
  0.361363  0.0170858  0.0195471   0.385135
IMAGINARY
          0  -0.0061614  -0.0117767    0.029663
  0.0061614           0  0.00432963 -0.00717752
  0.0117767 -0.00432963           0   0.0198869
  -0.029663  0.00717752  -0.0198869           0
EndNode1[0]<--->Repeater1[0]
REAL
   0.391626 1.19852e-05 -0.00665322     0.35883
1.19852e-05    0.112069    0.064153 -0.00190424
-0.00665322    0.064153    0.116995 -0.00979194
    0.35883 -0.00190424 -0.00979194     0.37931
IMAGINARY
          0 -0.00889522   0.0166385 -0.00385136
 0.00889522           0   0.0232105  0.00680889
 -0.0166385  -0.0232105           0  -0.0272264
 0.00385136 -0.00680889   0.0272264           0
EndNode2[0]<--->HoM1[0]
REAL
   0.401022 -0.00997849  -0.0130143    0.356222
-0.00997849    0.128991   0.0702297 -0.00440504
 -0.0130143   0.0702297   0.0881226  -0.0113118
   0.356222 -0.00440504  -0.0113118    0.381865
IMAGINARY
          0   -0.010154  0.00906177  -0.0226176
   0.010154           0 -0.00789294  0.00715094
-0.00906177  0.00789294           0  0.00302041
  0.0226176 -0.00715094 -0.00302041           0
Repeater1[0]<--->EndNode1[0]
REAL
   0.391626 -0.00665322 1.19852e-05     0.35883
-0.00665322    0.116995    0.064153 -0.00979194
1.19852e-05    0.064153    0.112069 -0.00190424
    0.35883 -0.00979194 -0.00190424     0.37931
IMAGINARY
          0   0.0166385 -0.00889522 -0.00385136
 -0.0166385           0  -0.0232105  -0.0272264
 0.00889522   0.0232105           0  0.00680889
 0.00385136   0.0272264 -0.00680889           0
Repeater1[0]<--->HoM1[0]
REAL
   0.401022  -0.0130143 -0.00997849    0.356222
 -0.0130143   0.0881226   0.0702297  -0.0113118
-0.00997849   0.0702297    0.128991 -0.00440504
   0.356222  -0.0113118 -0.00440504    0.381865
IMAGINARY
          0  0.00906177   -0.010154  -0.0226176
-0.00906177           0  0.00789294  0.00302041
   0.010154 -0.00789294           0  0.00715094
  0.0226176 -0.00302041 -0.00715094           0
EndNode1[0]<--->Repeater1[0]
REAL
   0.394631  -0.0101711   0.0108463     0.34769
 -0.0101711    0.107383   0.0805148 -0.00571811
  0.0108463   0.0805148   0.0966443  0.00247875
    0.34769 -0.00571811  0.00247875    0.401342
IMAGINARY
           0    0.0051116 -0.000979988   0.00587059
  -0.0051116            0   0.00841512   0.00352452
 0.000979988  -0.00841512            0    0.0139724
 -0.00587059  -0.00352452   -0.0139724            0
EndNode2[0]<--->HoM1[0]
REAL
   0.381418  -0.0036909 -0.00100121    0.366184
 -0.0036909    0.118582   0.0651234  -0.0168323
-0.00100121   0.0651234    0.129584  -0.0379207
   0.366184  -0.0168323  -0.0379207    0.370416
IMAGINARY
          0  0.00411394  0.00205525  0.00928882
-0.00411394           0  0.00865989   0.0231437
-0.00205525 -0.00865989           0  -0.0054402
-0.00928882  -0.0231437   0.0054402           0
Repeater1[0]<--->EndNode1[0]
REAL
   0.394631   0.0108463  -0.0101711     0.34769
  0.0108463   0.0966443   0.0805148  0.00247875
 -0.0101711   0.0805148    0.107383 -0.00571811
    0.34769  0.00247875 -0.00571811    0.401342
IMAGINARY
           0 -0.000979988    0.0051116   0.00587059
 0.000979988            0  -0.00841512    0.0139724
  -0.0051116   0.00841512            0   0.00352452
 -0.00587059   -0.0139724  -0.00352452            0
Repeater1[0]<--->HoM1[0]
REAL
   0.381418 -0.00100121  -0.0036909    0.366184
-0.00100121    0.129584   0.0651234  -0.0379207
 -0.0036909   0.0651234    0.118582  -0.0168323
   0.366184  -0.0379207  -0.0168323    0.370416
IMAGINARY
          0  0.00205525  0.00411394  0.00928882
-0.00205525           0 -0.00865989  -0.0054402
-0.00411394  0.00865989           0   0.0231437
-0.00928882   0.0054402  -0.0231437           0
EndNode1[0]<--->Repeater1[0]
REAL
 0.413102 0.0172924 0.0193984   0.34769
0.0172924  0.101604 0.0704685 0.0138497
0.0193984 0.0704685  0.128342 0.0210708
  0.34769 0.0138497 0.0210708  0.356952
IMAGINARY
          0 -0.00844806  0.00674704 -0.00633035
 0.00844806           0   0.0124197   0.0176585
-0.00674704  -0.0124197           0 -0.00844806
 0.00633035  -0.0176585  0.00844806           0
EndNode2[0]<--->HoM1[0]
REAL
   0.397531 -0.00709278  -0.0314836    0.333297
-0.00709278    0.104938   0.0845467 -0.00510173
 -0.0314836   0.0845467    0.112346  -0.0166556
   0.333297 -0.00510173  -0.0166556    0.385185
IMAGINARY
           0 -0.000449051  -0.00183862   -0.0124622
 0.000449051            0  -0.00910646  -0.00316138
  0.00183862   0.00910646            0   -0.0133009
   0.0124622   0.00316138    0.0133009            0
Repeater1[0]<--->EndNode1[0]
REAL
 0.413102 0.0193984 0.0172924   0.34769
0.0193984  0.128342 0.0704685 0.0210708
0.0172924 0.0704685  0.101604 0.0138497
  0.34769 0.0210708 0.0138497  0.356952
IMAGINARY
          0  0.00674704 -0.00844806 -0.00633035
-0.00674704           0  -0.0124197 -0.00844806
 0.00844806   0.0124197           0   0.0176585
 0.00633035  0.00844806  -0.0176585           0
Repeater1[0]<--->HoM1[0]
REAL
   0.397531  -0.0314836 -0.00709278    0.333297
 -0.0314836    0.112346   0.0845467  -0.0166556
-0.00709278   0.0845467    0.104938 -0.00510173
   0.333297  -0.0166556 -0.00510173    0.385185
IMAGINARY
           0  -0.00183862 -0.000449051   -0.0124622
  0.00183862            0   0.00910646   -0.0133009
 0.000449051  -0.00910646            0  -0.00316138
   0.0124622    0.0133009   0.00316138            0
EndNode1[0]<--->Repeater1[0]
REAL
   0.39589  0.0073465  0.0206104   0.354786
 0.0073465    0.10411  0.0593316 0.00174251
 0.0206104  0.0593316        0.1  0.0255947
  0.354786 0.00174251  0.0255947        0.4
IMAGINARY
          0  0.00421414   0.0196892 -0.00390713
-0.00421414           0 -0.00450166  0.00704876
 -0.0196892  0.00450166           0  -0.0162462
 0.00390713 -0.00704876   0.0162462           0
EndNode2[0]<--->HoM1[0]
REAL
   0.393487 -0.00966982  0.00880389      0.3532
-0.00966982    0.101764   0.0679563  0.00762186
 0.00880389   0.0679563    0.119403   0.0182112
     0.3532  0.00762186   0.0182112    0.385346
IMAGINARY
          0 -0.00590568   0.0143234 -0.00921048
 0.00590568           0   0.0123472  -0.0255224
 -0.0143234  -0.0123472           0  -0.0184685
 0.00921048   0.0255224   0.0184685           0
Repeater1[0]<--->EndNode1[0]
REAL
   0.39589  0.0206104  0.0073465   0.354786
 0.0206104        0.1  0.0593316  0.0255947
 0.0073465  0.0593316    0.10411 0.00174251
  0.354786  0.0255947 0.00174251        0.4
IMAGINARY
          0   0.0196892  0.00421414 -0.00390713
 -0.0196892           0  0.00450166  -0.0162462
-0.00421414 -0.00450166           0  0.00704876
 0.00390713   0.0162462 -0.00704876           0
Repeater1[0]<--->HoM1[0]
REAL
   0.393487  0.00880389 -0.00966982      0.3532
 0.00880389    0.119403   0.0679563   0.0182112
-0.00966982   0.0679563    0.101764  0.00762186
     0.3532   0.0182112  0.00762186    0.385346
IMAGINARY
          0   0.0143234 -0.00590568 -0.00921048
 -0.0143234           0  -0.0123472  -0.0184685
 0.00590568   0.0123472           0  -0.0255224
 0.00921048   0.0184685   0.0255224           0
EndNode1[0]<--->Repeater1[0]
REAL
   0.407652 0.000898248 -0.00538889    0.350397
0.000898248   0.0897098   0.0644964   0.0122725
-0.00538889   0.0644964    0.104222  0.00348223
   0.350397   0.0122725  0.00348223    0.398417
IMAGINARY
           0  -0.00840632  0.000645889   0.00344531
  0.00840632            0    0.0150732   0.00327056
-0.000645889   -0.0150732            0  -0.00334303
 -0.00344531  -0.00327056   0.00334303            0
EndNode2[0]<--->HoM1[0]
REAL
   0.407862 -0.00510323  0.00767974    0.361538
-0.00510323    0.104423   0.0615385  -0.0243464
 0.00767974   0.0615385   0.0921376 -0.00899933
   0.361538  -0.0243464 -0.00899933    0.395577
IMAGINARY
          0 -0.00620411 -0.00228462    0.010559
 0.00620411           0  0.00869565  0.00542927
 0.00228462 -0.00869565           0   0.0143802
  -0.010559 -0.00542927  -0.0143802           0
Repeater1[0]<--->EndNode1[0]
REAL
   0.407652 -0.00538889 0.000898248    0.350397
-0.00538889    0.104222   0.0644964  0.00348223
0.000898248   0.0644964   0.0897098   0.0122725
   0.350397  0.00348223   0.0122725    0.398417
IMAGINARY
           0  0.000645889  -0.00840632   0.00344531
-0.000645889            0   -0.0150732  -0.00334303
  0.00840632    0.0150732            0   0.00327056
 -0.00344531   0.00334303  -0.00327056            0
Repeater1[0]<--->HoM1[0]
REAL
   0.407862  0.00767974 -0.00510323    0.361538
 0.00767974   0.0921376   0.0615385 -0.00899933
-0.00510323   0.0615385    0.104423  -0.0243464
   0.361538 -0.00899933  -0.0243464    0.395577
IMAGINARY
          0 -0.00228462 -0.00620411    0.010559
 0.00228462           0 -0.00869565   0.0143802
 0.00620411  0.00869565           0  0.00542927
  -0.010559  -0.0143802 -0.00542927           0
EndNode1[0]<--->Repeater1[0]
REAL
   0.406536 -0.00641745   0.0208364    0.350459
-0.00641745   0.0915033   0.0578211  0.00145657
  0.0208364   0.0578211   0.0954248   0.0134238
   0.350459  0.00145657   0.0134238    0.406536
IMAGINARY
           0     0.015682 -0.000658366  -0.00800418
   -0.015682            0   -0.0147526   4.4869e-05
 0.000658366    0.0147526            0   0.00333636
  0.00800418  -4.4869e-05  -0.00333636            0
EndNode2[0]<--->HoM1[0]
REAL
   0.385298   0.0247012 -0.00604257    0.349121
  0.0247012    0.108999   0.0801721   0.0199315
-0.00604257   0.0801721    0.112801 -0.00828711
   0.349121   0.0199315 -0.00828711    0.392902
IMAGINARY
           0    -0.018766     0.015783 -5.06073e-05
    0.018766            0   0.00389676   -0.0280079
   -0.015783  -0.00389676            0    0.0150985
 5.06073e-05    0.0280079   -0.0150985            0
Repeater1[0]<--->EndNode1[0]
REAL
   0.406536   0.0208364 -0.00641745    0.350459
  0.0208364   0.0954248   0.0578211   0.0134238
-0.00641745   0.0578211   0.0915033  0.00145657
   0.350459   0.0134238  0.00145657    0.406536
IMAGINARY
           0 -0.000658366     0.015682  -0.00800418
 0.000658366            0    0.0147526   0.00333636
   -0.015682   -0.0147526            0   4.4869e-05
  0.00800418  -0.00333636  -4.4869e-05            0
Repeater1[0]<--->HoM1[0]
REAL
   0.385298 -0.00604257   0.0247012    0.349121
-0.00604257    0.112801   0.0801721 -0.00828711
  0.0247012   0.0801721    0.108999   0.0199315
   0.349121 -0.00828711   0.0199315    0.392902
IMAGINARY
           0     0.015783    -0.018766 -5.06073e-05
   -0.015783            0  -0.00389676    0.0150985
    0.018766   0.00389676            0   -0.0280079
 5.06073e-05   -0.0150985    0.0280079            0
EndNode1[0]<--->Repeater1[0]
REAL
  0.380893 0.00434335 0.00356708   0.340145
0.00434335   0.114144  0.0712156 -0.0129304
0.00356708  0.0712156   0.104218 0.00501994
  0.340145 -0.0129304 0.00501994   0.400744
IMAGINARY
           0    0.0231866 -0.000957854   -0.0128184
  -0.0231866            0  -0.00796401  0.000957854
 0.000957854   0.00796401            0   -0.0166592
   0.0128184 -0.000957854    0.0166592            0
EndNode2[0]<--->HoM1[0]
REAL
  0.395437 0.00700258 -0.0161966   0.355894
0.00700258   0.102662  0.0713783 0.00710568
-0.0161966  0.0713783   0.102662 -0.0136693
  0.355894 0.00710568 -0.0136693    0.39924
IMAGINARY
          0   0.0320343  0.00751967   0.0174433
 -0.0320343           0  0.00860495  0.00215774
-0.00751967 -0.00860495           0  -0.0146149
 -0.0174433 -0.00215774   0.0146149           0
Repeater1[0]<--->EndNode1[0]
REAL
  0.380893 0.00356708 0.00434335   0.340145
0.00356708   0.104218  0.0712156 0.00501994
0.00434335  0.0712156   0.114144 -0.0129304
  0.340145 0.00501994 -0.0129304   0.400744
IMAGINARY
           0 -0.000957854    0.0231866   -0.0128184
 0.000957854            0   0.00796401   -0.0166592
  -0.0231866  -0.00796401            0  0.000957854
   0.0128184    0.0166592 -0.000957854            0
Repeater1[0]<--->HoM1[0]
REAL
  0.395437 -0.0161966 0.00700258   0.355894
-0.0161966   0.102662  0.0713783 -0.0136693
0.00700258  0.0713783   0.102662 0.00710568
  0.355894 -0.0136693 0.00710568    0.39924
IMAGINARY
          0  0.00751967   0.0320343   0.0174433
-0.00751967           0 -0.00860495  -0.0146149
 -0.0320343  0.00860495           0  0.00215774
 -0.0174433   0.0146149 -0.00215774           0
EndNode1[0]<--->Repeater1[0]
REAL
   0.373057 0.000838886   0.0192056    0.340722
0.000838886    0.117876   0.0754939  -0.0110975
  0.0192056   0.0754939    0.102332 -0.00354159
   0.340722  -0.0110975 -0.00354159    0.406736
IMAGINARY
          0   0.0140891  0.00416597  -0.0173908
 -0.0140891           0  0.00992812  0.00217921
-0.00416597 -0.00992812           0  -0.0140891
  0.0173908 -0.00217921   0.0140891           0
EndNode2[0]<--->HoM1[0]
REAL
   0.394673  -0.0261569  -0.0485002     0.35941
 -0.0261569    0.107748   0.0630897 -0.00774984
 -0.0485002   0.0630897    0.104116  -0.0175931
    0.35941 -0.00774984  -0.0175931    0.393462
IMAGINARY
           0   -0.0116663    0.0045346    0.0093693
   0.0116663            0   -0.0150872  6.46122e-05
  -0.0045346    0.0150872            0   0.00575304
  -0.0093693 -6.46122e-05  -0.00575304            0
Repeater1[0]<--->EndNode1[0]
REAL
   0.373057   0.0192056 0.000838886    0.340722
  0.0192056    0.102332   0.0754939 -0.00354159
0.000838886   0.0754939    0.117876  -0.0110975
   0.340722 -0.00354159  -0.0110975    0.406736
IMAGINARY
          0  0.00416597   0.0140891  -0.0173908
-0.00416597           0 -0.00992812  -0.0140891
 -0.0140891  0.00992812           0  0.00217921
  0.0173908   0.0140891 -0.00217921           0
Repeater1[0]<--->HoM1[0]
REAL
   0.394673  -0.0485002  -0.0261569     0.35941
 -0.0485002    0.104116   0.0630897  -0.0175931
 -0.0261569   0.0630897    0.107748 -0.00774984
    0.35941  -0.0175931 -0.00774984    0.393462
IMAGINARY
           0    0.0045346   -0.0116663    0.0093693
  -0.0045346            0    0.0150872   0.00575304
   0.0116663   -0.0150872            0  6.46122e-05
  -0.0093693  -0.00575304 -6.46122e-05            0
EndNode1[0]<--->Repeater1[0]
REAL
    0.384242  -0.00955763 -0.000368952     0.351385
 -0.00955763     0.116364     0.054374   0.00298675
-0.000368952     0.054374    0.0945455   0.00693983
    0.351385   0.00298675   0.00693983     0.404848
IMAGINARY
          0   0.0189601 -0.00516057  0.00349122
 -0.0189601           0  -0.0028701 -0.00791539
 0.00516057   0.0028701           0 -0.00214811
-0.00349122  0.00791539  0.00214811           0
EndNode2[0]<--->HoM1[0]
REAL
 0.388021 0.0218713 0.0125797  0.357156
0.0218713  0.119792  0.061186 0.0138022
0.0125797  0.061186  0.108073 0.0032543
 0.357156 0.0138022 0.0032543  0.384115
IMAGINARY
           0   0.00572593   -0.0256544  -0.00467565
 -0.00572593            0    0.0116642   -0.0108695
   0.0256544   -0.0116642            0  0.000571295
  0.00467565    0.0108695 -0.000571295            0
Repeater1[0]<--->EndNode1[0]
REAL
    0.384242 -0.000368952  -0.00955763     0.351385
-0.000368952    0.0945455     0.054374   0.00693983
 -0.00955763     0.054374     0.116364   0.00298675
    0.351385   0.00693983   0.00298675     0.404848
IMAGINARY
          0 -0.00516057   0.0189601  0.00349122
 0.00516057           0   0.0028701 -0.00214811
 -0.0189601  -0.0028701           0 -0.00791539
-0.00349122  0.00214811  0.00791539           0
Repeater1[0]<--->HoM1[0]
REAL
 0.388021 0.0125797 0.0218713  0.357156
0.0125797  0.108073  0.061186 0.0032543
0.0218713  0.061186  0.119792 0.0138022
 0.357156 0.0032543 0.0138022  0.384115
IMAGINARY
           0   -0.0256544   0.00572593  -0.00467565
   0.0256544            0   -0.0116642  0.000571295
 -0.00572593    0.0116642            0   -0.0108695
  0.00467565 -0.000571295    0.0108695            0
EndNode1[0]<--->Repeater1[0]
REAL
   0.418405 -0.00567601  -0.0127675     0.35002
-0.00567601   0.0957055   0.0710996  -0.0215836
 -0.0127675   0.0710996    0.109202   -0.013408
    0.35002  -0.0215836   -0.013408    0.376687
IMAGINARY
          0  -0.0189742   0.0195637  0.00240055
  0.0189742           0 -0.00240055  0.00485786
 -0.0195637  0.00240055           0  0.00483535
-0.00240055 -0.00485786 -0.00483535           0
EndNode2[0]<--->HoM1[0]
REAL
   0.409379 -0.00071688  0.00868494    0.341656
-0.00071688    0.103929   0.0668572 -0.00677897
 0.00868494   0.0668572    0.108999   0.0153293
   0.341656 -0.00677897   0.0153293    0.377693
IMAGINARY
          0  0.00668079  -0.0189278  0.00493915
-0.00668079           0  0.00367012  0.00820396
  0.0189278 -0.00367012           0   0.0228098
-0.00493915 -0.00820396  -0.0228098           0
Repeater1[0]<--->EndNode1[0]
REAL
   0.418405  -0.0127675 -0.00567601     0.35002
 -0.0127675    0.109202   0.0710996   -0.013408
-0.00567601   0.0710996   0.0957055  -0.0215836
    0.35002   -0.013408  -0.0215836    0.376687
IMAGINARY
          0   0.0195637  -0.0189742  0.00240055
 -0.0195637           0  0.00240055  0.00483535
  0.0189742 -0.00240055           0  0.00485786
-0.00240055 -0.00483535 -0.00485786           0
Repeater1[0]<--->HoM1[0]
REAL
   0.409379  0.00868494 -0.00071688    0.341656
 0.00868494    0.108999   0.0668572   0.0153293
-0.00071688   0.0668572    0.103929 -0.00677897
   0.341656   0.0153293 -0.00677897    0.377693
IMAGINARY
          0  -0.0189278  0.00668079  0.00493915
  0.0189278           0 -0.00367012   0.0228098
-0.00668079  0.00367012           0  0.00820396
-0.00493915  -0.0228098 -0.00820396           0
EndNode1[0]<--->Repeater1[0]
REAL
    0.37037 3.76233e-05 -0.00622431    0.357543
3.76233e-05    0.111111   0.0641654   0.0151211
-0.00622431   0.0641654    0.116402   0.0112317
   0.357543   0.0151211   0.0112317    0.402116
IMAGINARY
          0  -0.0134988 -0.00528021 -0.00435178
  0.0134988           0   0.0106809   0.0377305
 0.00528021  -0.0106809           0 -0.00570655
 0.00435178  -0.0377305  0.00570655           0
EndNode2[0]<--->HoM1[0]
REAL
   0.422368  0.00867474  0.00637521    0.349499
 0.00867474    0.109211   0.0622653  0.00298308
 0.00637521   0.0622653    0.103947 -0.00199025
   0.349499  0.00298308 -0.00199025    0.364474
IMAGINARY
