EndNode1[0]<--->Repeater1[0]
REAL
   0.439744 -0.00446155  -0.0150968    0.394642
-0.00446155   0.0564103   0.0546424  0.00144267
 -0.0150968   0.0546424   0.0589744 -0.00269059
   0.394642  0.00144267 -0.00269059    0.444872
IMAGINARY
           0   -0.0109988    0.0233715  0.000329695
   0.0109988            0   0.00411757     0.010822
  -0.0233715  -0.00411757            0   -0.0102916
-0.000329695    -0.010822    0.0102916            0
EndNode2[0]<--->HoM1[0]
REAL
   0.424566    0.017781 0.000823101    0.395624
   0.017781   0.0680908   0.0404607   0.0184845
0.000823101   0.0404607   0.0801068  -0.0117889
   0.395624   0.0184845  -0.0117889    0.427236
IMAGINARY
          0   0.0109275 -0.00124669  -0.0042749
 -0.0109275           0   0.0121078 -0.00630998
 0.00124669  -0.0121078           0  -0.0121869
  0.0042749  0.00630998   0.0121869           0
Repeater1[0]<--->EndNode1[0]
REAL
   0.439744  -0.0150968 -0.00446155    0.394642
 -0.0150968   0.0589744   0.0546424 -0.00269059
-0.00446155   0.0546424   0.0564103  0.00144267
   0.394642 -0.00269059  0.00144267    0.444872
IMAGINARY
           0    0.0233715   -0.0109988  0.000329695
  -0.0233715            0  -0.00411757   -0.0102916
   0.0109988   0.00411757            0     0.010822
-0.000329695    0.0102916    -0.010822            0
Repeater1[0]<--->HoM1[0]
REAL
   0.424566 0.000823101    0.017781    0.395624
0.000823101   0.0801068   0.0404607  -0.0117889
   0.017781   0.0404607   0.0680908   0.0184845
   0.395624  -0.0117889   0.0184845    0.427236
IMAGINARY
          0 -0.00124669   0.0109275  -0.0042749
 0.00124669           0  -0.0121078  -0.0121869
 -0.0109275   0.0121078           0 -0.00630998
  0.0042749   0.0121869  0.00630998           0
EndNode1[0]<--->Repeater1[0]
REAL
  0.441741  0.0108236  0.0120335   0.391541
 0.0108236  0.0768246  0.0604788 0.00185539
 0.0120335  0.0604788  0.0768246  0.0156915
  0.391541 0.00185539  0.0156915   0.404609
IMAGINARY
          0  0.00875345 -0.00241424  0.00367197
-0.00875345           0  -0.0226438 -0.00303535
 0.00241424   0.0226438           0  -0.0223774
-0.00367197  0.00303535   0.0223774           0
EndNode2[0]<--->HoM1[0]
REAL
    0.448187  -0.00451744   0.00805551     0.415337
 -0.00451744    0.0712435    0.0429965   0.00135309
  0.00805551    0.0429965    0.0673575 -0.000858904
    0.415337   0.00135309 -0.000858904     0.413212
IMAGINARY
           0 -0.000706449   0.00851288   -0.0299404
 0.000706449            0   -0.0101384 -0.000534161
 -0.00851288    0.0101384            0   -0.0046127
   0.0299404  0.000534161    0.0046127            0
Repeater1[0]<--->EndNode1[0]
REAL
  0.441741  0.0120335  0.0108236   0.391541
 0.0120335  0.0768246  0.0604788  0.0156915
 0.0108236  0.0604788  0.0768246 0.00185539
  0.391541  0.0156915 0.00185539   0.404609
IMAGINARY
          0 -0.00241424  0.00875345  0.00367197
 0.00241424           0   0.0226438  -0.0223774
-0.00875345  -0.0226438           0 -0.00303535
-0.00367197   0.0223774  0.00303535           0
Repeater1[0]<--->HoM1[0]
REAL
    0.448187   0.00805551  -0.00451744     0.415337
  0.00805551    0.0673575    0.0429965 -0.000858904
 -0.00451744    0.0429965    0.0712435   0.00135309
    0.415337 -0.000858904   0.00135309     0.413212
IMAGINARY
           0   0.00851288 -0.000706449   -0.0299404
 -0.00851288            0    0.0101384   -0.0046127
 0.000706449   -0.0101384            0 -0.000534161
   0.0299404    0.0046127  0.000534161            0
EndNode1[0]<--->Repeater1[0]
REAL
   0.408505 -0.00590418  0.00628876    0.408139
-0.00590418   0.0966495   0.0583985   0.0136598
 0.00628876   0.0583985   0.0670103   0.0232787
   0.408139   0.0136598   0.0232787    0.427835
IMAGINARY
          0  -0.0156051  0.00962056   0.0203234
  0.0156051           0  -0.0145909  -0.0225739
-0.00962056   0.0145909           0   0.0156051
 -0.0203234   0.0225739  -0.0156051           0
EndNode2[0]<--->HoM1[0]
REAL
    0.413072  -0.00367129 -0.000375309     0.405815
 -0.00367129    0.0862745    0.0445205  -0.00432268
-0.000375309    0.0445205    0.0666667   0.00836927
    0.405815  -0.00432268   0.00836927     0.433987
IMAGINARY
           0   -0.0123004  0.000990753   -0.0206543
   0.0123004            0   0.00297754  0.000990753
-0.000990753  -0.00297754            0    0.0142819
   0.0206543 -0.000990753   -0.0142819            0
Repeater1[0]<--->EndNode1[0]
REAL
   0.408505  0.00628876 -0.00590418    0.408139
 0.00628876   0.0670103   0.0583985   0.0232787
-0.00590418   0.0583985   0.0966495   0.0136598
   0.408139   0.0232787   0.0136598    0.427835
IMAGINARY
          0  0.00962056  -0.0156051   0.0203234
-0.00962056           0   0.0145909   0.0156051
  0.0156051  -0.0145909           0  -0.0225739
 -0.0203234  -0.0156051   0.0225739           0
Repeater1[0]<--->HoM1[0]
REAL
    0.413072 -0.000375309  -0.00367129     0.405815
-0.000375309    0.0666667    0.0445205   0.00836927
 -0.00367129    0.0445205    0.0862745  -0.00432268
    0.405815   0.00836927  -0.00432268     0.433987
IMAGINARY
           0  0.000990753   -0.0123004   -0.0206543
-0.000990753            0  -0.00297754    0.0142819
   0.0123004   0.00297754            0  0.000990753
   0.0206543   -0.0142819 -0.000990753            0
EndNode1[0]<--->Repeater1[0]
REAL
  0.455556 -0.0114627  -0.015724   0.411933
-0.0114627  0.0708333  0.0400375 0.00340869
 -0.015724  0.0400375  0.0708333 0.00776809
  0.411933 0.00340869 0.00776809   0.402778
IMAGINARY
           0    0.0117939    0.0113617    0.0112154
  -0.0117939            0   0.00677943   -0.0237801
  -0.0113617  -0.00677943            0  0.000624393
  -0.0112154    0.0237801 -0.000624393            0
EndNode2[0]<--->HoM1[0]
REAL
   0.415484   0.0170658  0.00688338    0.388105
  0.0170658   0.0670968   0.0493952  -0.0118834
 0.00688338   0.0493952   0.0696774 -0.00456582
   0.388105  -0.0118834 -0.00456582    0.447742
IMAGINARY
           0  -0.00509896    0.0103754  -0.00498966
  0.00509896            0    0.0240252  -0.00327866
  -0.0103754   -0.0240252            0 -0.000707492
  0.00498966   0.00327866  0.000707492            0
Repeater1[0]<--->EndNode1[0]
REAL
  0.455556  -0.015724 -0.0114627   0.411933
 -0.015724  0.0708333  0.0400375 0.00776809
-0.0114627  0.0400375  0.0708333 0.00340869
  0.411933 0.00776809 0.00340869   0.402778
IMAGINARY
           0    0.0113617    0.0117939    0.0112154
  -0.0113617            0  -0.00677943  0.000624393
  -0.0117939   0.00677943            0   -0.0237801
  -0.0112154 -0.000624393    0.0237801            0
Repeater1[0]<--->HoM1[0]
REAL
   0.415484  0.00688338   0.0170658    0.388105
 0.00688338   0.0696774   0.0493952 -0.00456582
  0.0170658   0.0493952   0.0670968  -0.0118834
   0.388105 -0.00456582  -0.0118834    0.447742
IMAGINARY
           0    0.0103754  -0.00509896  -0.00498966
  -0.0103754            0   -0.0240252 -0.000707492
  0.00509896    0.0240252            0  -0.00327866
  0.00498966  0.000707492   0.00327866            0
EndNode1[0]<--->Repeater1[0]
REAL
   0.423575 0.000830836 -0.00190726    0.407632
0.000830836   0.0829016   0.0410536   0.0100424
-0.00190726   0.0410536   0.0893782  0.00605277
   0.407632   0.0100424  0.00605277    0.404145
IMAGINARY
           0    0.0191505   0.00594452   -0.0153001
  -0.0191505            0   0.00288176 -3.46945e-18
 -0.00594452  -0.00288176            0    -0.013206
   0.0153001  3.46945e-18     0.013206            0
EndNode2[0]<--->HoM1[0]
REAL
    0.411465   0.00251884   0.00550566     0.402283
  0.00251884    0.0675159    0.0444014 -0.000954291
  0.00550566    0.0444014    0.0878981   -0.0070702
    0.402283 -0.000954291   -0.0070702     0.433121
IMAGINARY
           0 -4.14412e-05   -0.0150671   -0.0111829
 4.14412e-05            0   -0.0124392   -0.0107727
   0.0150671    0.0124392            0    0.0207133
   0.0111829    0.0107727   -0.0207133            0
Repeater1[0]<--->EndNode1[0]
REAL
   0.423575 -0.00190726 0.000830836    0.407632
-0.00190726   0.0893782   0.0410536  0.00605277
0.000830836   0.0410536   0.0829016   0.0100424
   0.407632  0.00605277   0.0100424    0.404145
IMAGINARY
           0   0.00594452    0.0191505   -0.0153001
 -0.00594452            0  -0.00288176    -0.013206
  -0.0191505   0.00288176            0 -3.46945e-18
   0.0153001     0.013206  3.46945e-18            0
Repeater1[0]<--->HoM1[0]
REAL
    0.411465   0.00550566   0.00251884     0.402283
  0.00550566    0.0878981    0.0444014   -0.0070702
  0.00251884    0.0444014    0.0675159 -0.000954291
    0.402283   -0.0070702 -0.000954291     0.433121
IMAGINARY
           0   -0.0150671 -4.14412e-05   -0.0111829
   0.0150671            0    0.0124392    0.0207133
 4.14412e-05   -0.0124392            0   -0.0107727
   0.0111829   -0.0207133    0.0107727            0
EndNode1[0]<--->Repeater1[0]
REAL
  0.387618 -0.0055476 0.00871542   0.397094
-0.0055476  0.0794078  0.0364039 -0.0111785
0.00871542  0.0364039  0.0995962 0.00308454
  0.397094 -0.0111785 0.00308454   0.433378
IMAGINARY
           0  0.000522215    -0.015248  -0.00688623
-0.000522215            0  -0.00688623   0.00490315
    0.015248   0.00688623            0   0.00292606
  0.00688623  -0.00490315  -0.00292606            0
EndNode2[0]<--->HoM1[0]
REAL
   0.429882 -0.00670498  -0.0240214         0.4
-0.00670498   0.0694626   0.0501921 -0.00343708
 -0.0240214   0.0501921   0.0747051 -0.00670498
        0.4 -0.00343708 -0.00670498     0.42595
IMAGINARY
           0   -0.0191948  0.000320924   -0.0157744
   0.0191948            0  0.000108652  0.000320924
-0.000320924 -0.000108652            0   0.00443228
   0.0157744 -0.000320924  -0.00443228            0
Repeater1[0]<--->EndNode1[0]
REAL
  0.387618 0.00871542 -0.0055476   0.397094
0.00871542  0.0995962  0.0364039 0.00308454
-0.0055476  0.0364039  0.0794078 -0.0111785
  0.397094 0.00308454 -0.0111785   0.433378
IMAGINARY
           0    -0.015248  0.000522215  -0.00688623
    0.015248            0   0.00688623   0.00292606
-0.000522215  -0.00688623            0   0.00490315
  0.00688623  -0.00292606  -0.00490315            0
Repeater1[0]<--->HoM1[0]
REAL
   0.429882  -0.0240214 -0.00670498         0.4
 -0.0240214   0.0747051   0.0501921 -0.00670498
-0.00670498   0.0501921   0.0694626 -0.00343708
        0.4 -0.00670498 -0.00343708     0.42595
IMAGINARY
           0  0.000320924   -0.0191948   -0.0157744
-0.000320924            0 -0.000108652   0.00443228
   0.0191948  0.000108652            0  0.000320924
   0.0157744  -0.00443228 -0.000320924            0
EndNode1[0]<--->Repeater1[0]
REAL
   0.428198 -0.00935695 -0.00770879    0.391812
-0.00935695    0.075718   0.0633161  0.00514468
-0.00770879   0.0633161   0.0835509 -0.00474562
   0.391812  0.00514468 -0.00474562    0.412533
IMAGINARY
          0  0.00485481  0.00798234  0.00757539
-0.00485481           0   0.0138254 -0.00930161
-0.00798234  -0.0138254           0   0.0228497
-0.00757539  0.00930161  -0.0228497           0
EndNode2[0]<--->HoM1[0]
REAL
   0.419948 -0.00373377 -0.00219573    0.396005
-0.00373377   0.0774278   0.0481507  0.00219573
-0.00219573   0.0481507   0.0682415  0.00762987
   0.396005  0.00219573  0.00762987    0.434383
IMAGINARY
          0  -0.0046124  0.00886233  -0.0206549
  0.0046124           0  -0.0137366 -0.00561135
-0.00886233   0.0137366           0 -0.00774131
  0.0206549  0.00561135  0.00774131           0
Repeater1[0]<--->EndNode1[0]
REAL
   0.428198 -0.00770879 -0.00935695    0.391812
-0.00770879   0.0835509   0.0633161 -0.00474562
-0.00935695   0.0633161    0.075718  0.00514468
   0.391812 -0.00474562  0.00514468    0.412533
IMAGINARY
          0  0.00798234  0.00485481  0.00757539
-0.00798234           0  -0.0138254   0.0228497
-0.00485481   0.0138254           0 -0.00930161
-0.00757539  -0.0228497  0.00930161           0
Repeater1[0]<--->HoM1[0]
REAL
   0.419948 -0.00219573 -0.00373377    0.396005
-0.00219573   0.0682415   0.0481507  0.00762987
-0.00373377   0.0481507   0.0774278  0.00219573
   0.396005  0.00762987  0.00219573    0.434383
IMAGINARY
          0  0.00886233  -0.0046124  -0.0206549
-0.00886233           0   0.0137366 -0.00774131
  0.0046124  -0.0137366           0 -0.00561135
  0.0206549  0.00774131  0.00561135           0
EndNode1[0]<--->Repeater1[0]
REAL
  0.392996 -0.0125047 0.00380402    0.40633
-0.0125047  0.0869001  0.0318009 0.00124648
0.00380402  0.0318009   0.079118   0.011242
   0.40633 0.00124648   0.011242   0.440986
IMAGINARY
           0  -0.00997849   0.00782207  0.000612745
  0.00997849            0  0.000612745   -0.0134682
 -0.00782207 -0.000612745            0    0.0106058
-0.000612745    0.0134682   -0.0106058            0
EndNode2[0]<--->HoM1[0]
REAL
   0.426295  -0.0184749 -0.00759158    0.409126
 -0.0184749   0.0796813   0.0498294 -0.00111489
-0.00759158   0.0498294   0.0783533   0.0110122
   0.409126 -0.00111489   0.0110122    0.415671
IMAGINARY
           0    0.0122186   -0.0216537    0.0137679
  -0.0122186            0 -0.000807488   -0.0034719
   0.0216537  0.000807488            0   0.00536931
  -0.0137679    0.0034719  -0.00536931            0
Repeater1[0]<--->EndNode1[0]
REAL
  0.392996 0.00380402 -0.0125047    0.40633
0.00380402   0.079118  0.0318009   0.011242
-0.0125047  0.0318009  0.0869001 0.00124648
   0.40633   0.011242 0.00124648   0.440986
IMAGINARY
           0   0.00782207  -0.00997849  0.000612745
 -0.00782207            0 -0.000612745    0.0106058
  0.00997849  0.000612745            0   -0.0134682
-0.000612745   -0.0106058    0.0134682            0
Repeater1[0]<--->HoM1[0]
REAL
   0.426295 -0.00759158  -0.0184749    0.409126
-0.00759158   0.0783533   0.0498294   0.0110122
 -0.0184749   0.0498294   0.0796813 -0.00111489
   0.409126   0.0110122 -0.00111489    0.415671
IMAGINARY
           0   -0.0216537    0.0122186    0.0137679
   0.0216537            0  0.000807488   0.00536931
  -0.0122186 -0.000807488            0   -0.0034719
  -0.0137679  -0.00536931    0.0034719            0
EndNode1[0]<--->Repeater1[0]
REAL
   0.401797  0.00208666 -0.00552404    0.408072
 0.00208666   0.0860077   0.0402483  0.00423205
-0.00552404   0.0402483   0.0872914  -0.0214665
   0.408072  0.00423205  -0.0214665    0.424904
IMAGINARY
           0   0.00757689 -0.000152294  -0.00278935
 -0.00757689            0    0.0198497  -0.00585572
 0.000152294   -0.0198497            0    -0.002904
  0.00278935   0.00585572     0.002904            0
EndNode2[0]<--->HoM1[0]
REAL
   0.408673 -0.00682244 0.000630661    0.404786
-0.00682244   0.0749014   0.0427171 9.54343e-06
0.000630661   0.0427171   0.0762155  0.00362142
   0.404786 9.54343e-06  0.00362142     0.44021
IMAGINARY
          0  0.00796935  0.00842912  -0.0215752
-0.00796935           0   0.0221979 -0.00498084
-0.00842912  -0.0221979           0 -0.00314176
  0.0215752  0.00498084  0.00314176           0
Repeater1[0]<--->EndNode1[0]
REAL
   0.401797 -0.00552404  0.00208666    0.408072
-0.00552404   0.0872914   0.0402483  -0.0214665
 0.00208666   0.0402483   0.0860077  0.00423205
   0.408072  -0.0214665  0.00423205    0.424904
IMAGINARY
           0 -0.000152294   0.00757689  -0.00278935
 0.000152294            0   -0.0198497    -0.002904
 -0.00757689    0.0198497            0  -0.00585572
  0.00278935     0.002904   0.00585572            0
Repeater1[0]<--->HoM1[0]
REAL
   0.408673 0.000630661 -0.00682244    0.404786
0.000630661   0.0762155   0.0427171  0.00362142
-0.00682244   0.0427171   0.0749014 9.54343e-06
   0.404786  0.00362142 9.54343e-06     0.44021
IMAGINARY
          0  0.00842912  0.00796935  -0.0215752
-0.00842912           0  -0.0221979 -0.00314176
-0.00796935   0.0221979           0 -0.00498084
  0.0215752  0.00314176  0.00498084           0
EndNode1[0]<--->Repeater1[0]
REAL
   0.428752   0.0291549     0.02814    0.393242
  0.0291549   0.0781841   0.0378804 -0.00135433
    0.02814   0.0378804   0.0794451   0.0052839
   0.393242 -0.00135433   0.0052839    0.413619
IMAGINARY
          0  0.00674402 -0.00318629  0.00946115
-0.00674402           0 -0.00682957  -0.0105294
 0.00318629  0.00682957           0   0.0194405
-0.00946115   0.0105294  -0.0194405           0
EndNode2[0]<--->HoM1[0]
REAL
   0.421189  0.00728791 -0.00449956    0.404857
 0.00728791   0.0710594   0.0526719 -0.00257895
-0.00449956   0.0526719   0.0710594  -0.0233754
   0.404857 -0.00257895  -0.0233754    0.436693
IMAGINARY
          0   0.0162473  -0.0118924  0.00314077
 -0.0162473           0 -0.00113274 -0.00738785
  0.0118924  0.00113274           0  0.00688898
-0.00314077  0.00738785 -0.00688898           0
Repeater1[0]<--->EndNode1[0]
REAL
   0.428752     0.02814   0.0291549    0.393242
    0.02814   0.0794451   0.0378804   0.0052839
  0.0291549   0.0378804   0.0781841 -0.00135433
   0.393242   0.0052839 -0.00135433    0.413619
IMAGINARY
          0 -0.00318629  0.00674402  0.00946115
 0.00318629           0  0.00682957   0.0194405
-0.00674402 -0.00682957           0  -0.0105294
-0.00946115  -0.0194405   0.0105294           0
Repeater1[0]<--->HoM1[0]
REAL
   0.421189 -0.00449956  0.00728791    0.404857
-0.00449956   0.0710594   0.0526719  -0.0233754
 0.00728791   0.0526719   0.0710594 -0.00257895
   0.404857  -0.0233754 -0.00257895    0.436693
IMAGINARY
          0  -0.0118924   0.0162473  0.00314077
  0.0118924           0  0.00113274  0.00688898
 -0.0162473 -0.00113274           0 -0.00738785
-0.00314077 -0.00688898  0.00738785           0
EndNode1[0]<--->Repeater1[0]
REAL
    0.449086   0.00642231  -0.00543737     0.398593
  0.00642231    0.0704961    0.0537875   0.00919677
 -0.00543737    0.0537875    0.0900783 -0.000156642
    0.398593   0.00919677 -0.000156642     0.390339
IMAGINARY
          0  0.00674855  -0.0133804 -0.00677203
-0.00674855           0   0.0138324   0.0102515
  0.0133804  -0.0138324           0  0.00138662
 0.00677203  -0.0102515 -0.00138662           0
EndNode2[0]<--->HoM1[0]
REAL
   0.428937  0.00306062 -0.00569053    0.405228
 0.00306062   0.0614597   0.0522479  0.00500466
-0.00569053   0.0522479   0.0857875 -0.00786171
   0.405228  0.00500466 -0.00786171    0.423816
IMAGINARY
          0  -0.0205479    0.022146 -0.00122144
  0.0205479           0  0.00443894  0.00633087
  -0.022146 -0.00443894           0  -0.0224985
 0.00122144 -0.00633087   0.0224985           0
Repeater1[0]<--->EndNode1[0]
REAL
    0.449086  -0.00543737   0.00642231     0.398593
 -0.00543737    0.0900783    0.0537875 -0.000156642
  0.00642231    0.0537875    0.0704961   0.00919677
    0.398593 -0.000156642   0.00919677     0.390339
IMAGINARY
          0  -0.0133804  0.00674855 -0.00677203
  0.0133804           0  -0.0138324  0.00138662
-0.00674855   0.0138324           0   0.0102515
 0.00677203 -0.00138662  -0.0102515           0
Repeater1[0]<--->HoM1[0]
REAL
   0.428937 -0.00569053  0.00306062    0.405228
-0.00569053   0.0857875   0.0522479 -0.00786171
 0.00306062   0.0522479   0.0614597  0.00500466
   0.405228 -0.00786171  0.00500466    0.423816
IMAGINARY
          0    0.022146  -0.0205479 -0.00122144
  -0.022146           0 -0.00443894  -0.0224985
  0.0205479  0.00443894           0  0.00633087
 0.00122144   0.0224985 -0.00633087           0
EndNode1[0]<--->Repeater1[0]
REAL
   0.40824  0.0027937 0.00798258    0.40517
 0.0027937  0.0574282   0.039885 0.00483793
0.00798258   0.039885  0.0736579  0.0112478
   0.40517 0.00483793  0.0112478   0.460674
IMAGINARY
          0   0.0124398  -0.0075949  0.00529156
 -0.0124398           0 -0.00137511 -0.00147245
  0.0075949  0.00137511           0  0.00699023
-0.00529156  0.00147245 -0.00699023           0
EndNode2[0]<--->HoM1[0]
REAL
  0.401062  0.0227722  0.0131349   0.405947
 0.0227722  0.0810093  0.0394587  0.0261461
 0.0131349  0.0394587  0.0876494 0.00718782
  0.405947  0.0261461 0.00718782   0.430279
IMAGINARY
           0  0.000399856   -0.0280797    0.0134135
-0.000399856            0   0.00198145  -0.00196033
   0.0280797  -0.00198145            0   0.00293793
  -0.0134135   0.00196033  -0.00293793            0
Repeater1[0]<--->EndNode1[0]
REAL
   0.40824 0.00798258  0.0027937    0.40517
0.00798258  0.0736579   0.039885  0.0112478
 0.0027937   0.039885  0.0574282 0.00483793
   0.40517  0.0112478 0.00483793   0.460674
IMAGINARY
          0  -0.0075949   0.0124398  0.00529156
  0.0075949           0  0.00137511  0.00699023
 -0.0124398 -0.00137511           0 -0.00147245
-0.00529156 -0.00699023  0.00147245           0
Repeater1[0]<--->HoM1[0]
REAL
  0.401062  0.0131349  0.0227722   0.405947
 0.0131349  0.0876494  0.0394587 0.00718782
 0.0227722  0.0394587  0.0810093  0.0261461
  0.405947 0.00718782  0.0261461   0.430279
IMAGINARY
           0   -0.0280797  0.000399856    0.0134135
   0.0280797            0  -0.00198145   0.00293793
-0.000399856   0.00198145            0  -0.00196033
  -0.0134135  -0.00293793   0.00196033            0
EndNode1[0]<--->Repeater1[0]
REAL
   0.413486 0.000657547 0.000624195    0.396686
0.000657547   0.0928753   0.0607884  0.00453044
0.000624195   0.0607884    0.086514  0.00578575
   0.396686  0.00453044  0.00578575    0.407125
IMAGINARY
          0  0.00933842  -0.0119856 -0.00662589
-0.00933842           0  -0.0221699 -0.00339904
  0.0119856   0.0221699           0   0.0111744
 0.00662589  0.00339904  -0.0111744           0
EndNode2[0]<--->HoM1[0]
REAL
  0.412234 0.00970925 -0.0120755    0.40255
0.00970925   0.081117  0.0534937 0.00291799
-0.0120755  0.0534937  0.0744681 -0.0115408
   0.40255 0.00291799 -0.0115408   0.432181
IMAGINARY
          0 -0.00526357   0.0195393  0.00550235
 0.00526357           0  -0.0172825 -0.00507391
 -0.0195393   0.0172825           0   0.0134397
-0.00550235  0.00507391  -0.0134397           0
Repeater1[0]<--->EndNode1[0]
REAL
   0.413486 0.000624195 0.000657547    0.396686
0.000624195    0.086514   0.0607884  0.00578575
0.000657547   0.0607884   0.0928753  0.00453044
   0.396686  0.00578575  0.00453044    0.407125
IMAGINARY
          0  -0.0119856  0.00933842 -0.00662589
  0.0119856           0   0.0221699   0.0111744
-0.00933842  -0.0221699           0 -0.00339904
 0.00662589  -0.0111744  0.00339904           0
Repeater1[0]<--->HoM1[0]
REAL
  0.412234 -0.0120755 0.00970925    0.40255
-0.0120755  0.0744681  0.0534937 -0.0115408
0.00970925  0.0534937   0.081117 0.00291799
   0.40255 -0.0115408 0.00291799   0.432181
IMAGINARY
          0   0.0195393 -0.00526357  0.00550235
 -0.0195393           0   0.0172825   0.0134397
 0.00526357  -0.0172825           0 -0.00507391
-0.00550235  -0.0134397  0.00507391           0
EndNode1[0]<--->Repeater1[0]
REAL
   0.451316  -0.0179603   -0.011221    0.406791
 -0.0179603   0.0605263   0.0432735 -0.00734499
  -0.011221   0.0432735   0.0921053 -0.00444683
   0.406791 -0.00734499 -0.00444683    0.396053
IMAGINARY
           0   0.00262467  -0.00513094   -0.0299948
 -0.00262467            0   0.00042846 -0.000118406
  0.00513094  -0.00042846            0   0.00262467
   0.0299948  0.000118406  -0.00262467            0
EndNode2[0]<--->HoM1[0]
REAL
    0.43956 -0.00453802 -0.00642833     0.38638
-0.00453802   0.0598291   0.0541746  0.00312582
-0.00642833   0.0541746   0.0732601   0.0157666
    0.38638  0.00312582   0.0157666     0.42735
IMAGINARY
          0  0.00795016 -0.00372124  0.00588294
-0.00795016           0 -0.00779865 -0.00372124
 0.00372124  0.00779865           0 -0.00592039
-0.00588294  0.00372124  0.00592039           0
Repeater1[0]<--->EndNode1[0]
REAL
   0.451316   -0.011221  -0.0179603    0.406791
  -0.011221   0.0921053   0.0432735 -0.00444683
 -0.0179603   0.0432735   0.0605263 -0.00734499
   0.406791 -0.00444683 -0.00734499    0.396053
IMAGINARY
           0  -0.00513094   0.00262467   -0.0299948
  0.00513094            0  -0.00042846   0.00262467
 -0.00262467   0.00042846            0 -0.000118406
   0.0299948  -0.00262467  0.000118406            0
Repeater1[0]<--->HoM1[0]
REAL
    0.43956 -0.00642833 -0.00453802     0.38638
-0.00642833   0.0732601   0.0541746   0.0157666
-0.00453802   0.0541746   0.0598291  0.00312582
    0.38638   0.0157666  0.00312582     0.42735
IMAGINARY
          0 -0.00372124  0.00795016  0.00588294
 0.00372124           0  0.00779865 -0.00592039
-0.00795016 -0.00779865           0 -0.00372124
-0.00588294  0.00592039  0.00372124           0
EndNode1[0]<--->Repeater1[0]
REAL
  0.429129   0.002969 0.00064433   0.401191
  0.002969  0.0715215   0.040819  0.0225515
0.00064433   0.040819  0.0806242 0.00605162
  0.401191  0.0225515 0.00605162   0.418726
IMAGINARY
          0   -0.010062  -0.0076765  -0.0117264
   0.010062           0   0.0129732  0.00368714
  0.0076765  -0.0129732           0  0.00740242
  0.0117264 -0.00368714 -0.00740242           0
EndNode2[0]<--->HoM1[0]
REAL
   0.438642   0.0136364   -0.016573     0.38611
  0.0136364   0.0704961   0.0450588   0.0269626
  -0.016573   0.0450588   0.0535248 -0.00714286
    0.38611   0.0269626 -0.00714286    0.437337
IMAGINARY
          0  -0.0158683 -0.00697425   0.0265631
  0.0158683           0  -0.0149919   0.0050969
 0.00697425   0.0149919           0   0.0064816
 -0.0265631  -0.0050969  -0.0064816           0
Repeater1[0]<--->EndNode1[0]
REAL
  0.429129 0.00064433   0.002969   0.401191
0.00064433  0.0806242   0.040819 0.00605162
  0.002969   0.040819  0.0715215  0.0225515
  0.401191 0.00605162  0.0225515   0.418726
IMAGINARY
          0  -0.0076765   -0.010062  -0.0117264
  0.0076765           0  -0.0129732  0.00740242
   0.010062   0.0129732           0  0.00368714
  0.0117264 -0.00740242 -0.00368714           0
Repeater1[0]<--->HoM1[0]
REAL
   0.438642   -0.016573   0.0136364     0.38611
  -0.016573   0.0535248   0.0450588 -0.00714286
  0.0136364   0.0450588   0.0704961   0.0269626
    0.38611 -0.00714286   0.0269626    0.437337
IMAGINARY
          0 -0.00697425  -0.0158683   0.0265631
 0.00697425           0   0.0149919   0.0064816
  0.0158683  -0.0149919           0   0.0050969
 -0.0265631  -0.0064816  -0.0050969           0
EndNode1[0]<--->Repeater1[0]
REAL
  0.419437 0.00727281   0.023588   0.410557
0.00727281  0.0716113  0.0505321 -0.0112663
  0.023588  0.0505321  0.0664962   0.015425
  0.410557 -0.0112663   0.015425   0.442455
IMAGINARY
         0  0.0179058 -0.0063439  0.0227774
-0.0179058          0  0.0189411  0.0145406
 0.0063439 -0.0189411          0 -0.0122312
-0.0227774 -0.0145406  0.0122312          0
EndNode2[0]<--->HoM1[0]
REAL
  0.425096  0.0050687 -0.0033753   0.411603
 0.0050687  0.0768246  0.0411429  0.0257252
-0.0033753  0.0411429  0.0883483 0.00323271
  0.411603  0.0257252 0.00323271   0.409731
IMAGINARY
          0 -0.00830963  -0.0231373  -0.0140901
 0.00830963           0 -0.00816123 -0.00955035
  0.0231373  0.00816123           0   0.0276801
  0.0140901  0.00955035  -0.0276801           0
Repeater1[0]<--->EndNode1[0]
REAL
  0.419437   0.023588 0.00727281   0.410557
  0.023588  0.0664962  0.0505321   0.015425
0.00727281  0.0505321  0.0716113 -0.0112663
  0.410557   0.015425 -0.0112663   0.442455
IMAGINARY
         0 -0.0063439  0.0179058  0.0227774
 0.0063439          0 -0.0189411 -0.0122312
-0.0179058  0.0189411          0  0.0145406
-0.0227774  0.0122312 -0.0145406          0
Repeater1[0]<--->HoM1[0]
REAL
  0.425096 -0.0033753  0.0050687   0.411603
-0.0033753  0.0883483  0.0411429 0.00323271
 0.0050687  0.0411429  0.0768246  0.0257252
  0.411603 0.00323271  0.0257252   0.409731
IMAGINARY
          0  -0.0231373 -0.00830963  -0.0140901
  0.0231373           0  0.00816123   0.0276801
 0.00830963 -0.00816123           0 -0.00955035
  0.0140901  -0.0276801  0.00955035           0
EndNode1[0]<--->Repeater1[0]
REAL
   0.399497   0.0116242 -0.00299178      0.3979
  0.0116242   0.0967337   0.0564207  0.00175721
-0.00299178   0.0564207   0.0728643 -0.00915504
     0.3979  0.00175721 -0.00915504    0.430905
IMAGINARY
           0  0.000764344   -0.0174049   -0.0137076
-0.000764344            0    0.0137076    0.0154234
   0.0174049   -0.0137076            0   -0.0172769
   0.0137076   -0.0154234    0.0172769            0
EndNode2[0]<--->HoM1[0]
REAL
   0.425974 -0.00687188  -0.0207661    0.404586
-0.00687188   0.0688312   0.0491642  0.00826613
 -0.0207661   0.0491642   0.0662338 -0.00437812
   0.404586  0.00826613 -0.00437812    0.438961
IMAGINARY
           0     0.002603   -0.0163427  0.000346741
   -0.002603            0 -0.000346741  -0.00306832
   0.0163427  0.000346741            0   0.00877584
-0.000346741   0.00306832  -0.00877584            0
Repeater1[0]<--->EndNode1[0]
REAL
   0.399497 -0.00299178   0.0116242      0.3979
-0.00299178   0.0728643   0.0564207 -0.00915504
  0.0116242   0.0564207   0.0967337  0.00175721
     0.3979 -0.00915504  0.00175721    0.430905
IMAGINARY
           0   -0.0174049  0.000764344   -0.0137076
   0.0174049            0   -0.0137076   -0.0172769
-0.000764344    0.0137076            0    0.0154234
   0.0137076    0.0172769   -0.0154234            0
Repeater1[0]<--->HoM1[0]
REAL
   0.425974  -0.0207661 -0.00687188    0.404586
 -0.0207661   0.0662338   0.0491642 -0.00437812
-0.00687188   0.0491642   0.0688312  0.00826613
   0.404586 -0.00437812  0.00826613    0.438961
IMAGINARY
           0   -0.0163427     0.002603  0.000346741
   0.0163427            0  0.000346741   0.00877584
   -0.002603 -0.000346741            0  -0.00306832
-0.000346741  -0.00877584   0.00306832            0
EndNode1[0]<--->Repeater1[0]
REAL
     0.43909  -0.00897558 -0.000175386      0.40344
 -0.00897558    0.0736278    0.0449625  -0.00473862
-0.000175386    0.0449625    0.0562249    0.0114326
     0.40344  -0.00473862    0.0114326     0.431058
IMAGINARY
          0 -0.00505313  0.00892931    0.013185
 0.00505313           0   0.0125365   0.0171054
-0.00892931  -0.0125365           0 -0.00763045
  -0.013185  -0.0171054  0.00763045           0
EndNode2[0]<--->HoM1[0]
REAL
   0.401565   0.0162708  0.00257238    0.399994
  0.0162708    0.071708   0.0527722 -0.00189761
 0.00257238   0.0527722    0.083442  0.00194785
   0.399994 -0.00189761  0.00194785    0.443286
IMAGINARY
         0  0.0125777 -0.0020475  0.0035732
-0.0125777          0 -0.0112655  -0.013104
 0.0020475  0.0112655          0   0.018988
-0.0035732   0.013104  -0.018988          0
Repeater1[0]<--->EndNode1[0]
REAL
     0.43909 -0.000175386  -0.00897558      0.40344
-0.000175386    0.0562249    0.0449625    0.0114326
 -0.00897558    0.0449625    0.0736278  -0.00473862
     0.40344    0.0114326  -0.00473862     0.431058
IMAGINARY
          0  0.00892931 -0.00505313    0.013185
-0.00892931           0  -0.0125365 -0.00763045
 0.00505313   0.0125365           0   0.0171054
  -0.013185  0.00763045  -0.0171054           0
Repeater1[0]<--->HoM1[0]
REAL
   0.401565  0.00257238   0.0162708    0.399994
 0.00257238    0.083442   0.0527722  0.00194785
  0.0162708   0.0527722    0.071708 -0.00189761
   0.399994  0.00194785 -0.00189761    0.443286
IMAGINARY
         0 -0.0020475  0.0125777  0.0035732
 0.0020475          0  0.0112655   0.018988
-0.0125777 -0.0112655          0  -0.013104
-0.0035732  -0.018988   0.013104          0
EndNode1[0]<--->Repeater1[0]
REAL
    0.460948   0.00474861 -0.000762262     0.392814
  0.00474861    0.0704225    0.0538528    0.0147017
-0.000762262    0.0538528    0.0627401     0.011615
    0.392814    0.0147017     0.011615      0.40589
IMAGINARY
          0   0.0110762   0.0212662  0.00751816
 -0.0110762           0   -0.010711  0.00340909
 -0.0212662    0.010711           0  -0.0175697
-0.00751816 -0.00340909   0.0175697           0
EndNode2[0]<--->HoM1[0]
REAL
   0.434128 -0.00474108   0.0189538    0.397187
-0.00474108   0.0752823   0.0585995 -0.00790045
  0.0189538   0.0585995   0.0439147   0.0183952
   0.397187 -0.00790045   0.0183952    0.446675
IMAGINARY
          0  0.00889046  -0.0117907   0.0060781
-0.00889046           0 -0.00934607  0.00359395
  0.0117907  0.00934607           0 -0.00825994
 -0.0060781 -0.00359395  0.00825994           0
Repeater1[0]<--->EndNode1[0]
REAL
    0.460948 -0.000762262   0.00474861     0.392814
-0.000762262    0.0627401    0.0538528     0.011615
  0.00474861    0.0538528    0.0704225    0.0147017
    0.392814     0.011615    0.0147017      0.40589
IMAGINARY
          0   0.0212662   0.0110762  0.00751816
 -0.0212662           0    0.010711  -0.0175697
 -0.0110762   -0.010711           0  0.00340909
-0.00751816   0.0175697 -0.00340909           0
Repeater1[0]<--->HoM1[0]
REAL
   0.434128   0.0189538 -0.00474108    0.397187
  0.0189538   0.0439147   0.0585995   0.0183952
-0.00474108   0.0585995   0.0752823 -0.00790045
   0.397187   0.0183952 -0.00790045    0.446675
IMAGINARY
          0  -0.0117907  0.00889046   0.0060781
  0.0117907           0  0.00934607 -0.00825994
-0.00889046 -0.00934607           0  0.00359395
 -0.0060781  0.00825994 -0.00359395           0
EndNode1[0]<--->Repeater1[0]
REAL
    0.44186  0.00349421 -0.00577642    0.396315
 0.00349421   0.0723514   0.0456205 -0.00648164
-0.00577642   0.0456205   0.0633075 -0.00413937
   0.396315 -0.00648164 -0.00413937    0.422481
IMAGINARY
          0  -0.0110077 -0.00225672  -0.0141592
  0.0110077           0   0.0122958   0.0138308
 0.00225672  -0.0122958           0 -0.00172383
  0.0141592  -0.0138308  0.00172383           0
EndNode2[0]<--->HoM1[0]
REAL
     0.4325   -0.032458 -0.00705128    0.393518
  -0.032458       0.065   0.0500716 -0.00705128
-0.00705128   0.0500716       0.075   0.0132273
   0.393518 -0.00705128   0.0132273      0.4275
IMAGINARY
          0  -0.0237124 -0.00400738 -0.00580152
  0.0237124           0  -0.0115782   0.0246385
 0.00400738   0.0115782           0  -0.0102681
 0.00580152  -0.0246385   0.0102681           0
Repeater1[0]<--->EndNode1[0]
REAL
    0.44186 -0.00577642  0.00349421    0.396315
-0.00577642   0.0633075   0.0456205 -0.00413937
 0.00349421   0.0456205   0.0723514 -0.00648164
   0.396315 -0.00413937 -0.00648164    0.422481
IMAGINARY
          0 -0.00225672  -0.0110077  -0.0141592
 0.00225672           0  -0.0122958 -0.00172383
  0.0110077   0.0122958           0   0.0138308
  0.0141592  0.00172383  -0.0138308           0
Repeater1[0]<--->HoM1[0]
REAL
     0.4325 -0.00705128   -0.032458    0.393518
-0.00705128       0.075   0.0500716   0.0132273
  -0.032458   0.0500716       0.065 -0.00705128
   0.393518   0.0132273 -0.00705128      0.4275
IMAGINARY
          0 -0.00400738  -0.0237124 -0.00580152
 0.00400738           0   0.0115782  -0.0102681
  0.0237124  -0.0115782           0   0.0246385
 0.00580152   0.0102681  -0.0246385           0
EndNode1[0]<--->Repeater1[0]
REAL
   0.436341 0.000970857  0.00730649         0.4
0.000970857   0.0754017    0.045098  -0.0066529
 0.00730649    0.045098   0.0692213  0.00229712
        0.4  -0.0066529  0.00229712    0.419036
IMAGINARY
           0  -0.00784314   -0.0150032  0.000373865
  0.00784314            0  -0.00475434    -0.010487
   0.0150032   0.00475434            0   0.00326797
-0.000373865     0.010487  -0.00326797            0
EndNode2[0]<--->HoM1[0]
REAL
  0.449553 -0.0182382  0.0140407   0.402986
-0.0182382  0.0676884  0.0489252 -0.0220555
 0.0140407  0.0489252  0.0817369  0.0213208
  0.402986 -0.0220555  0.0213208   0.401022
IMAGINARY
          0  -0.0110252  0.00821047   0.0028008
  0.0110252           0  -0.0101244  0.00067278
-0.00821047   0.0101244           0 -0.00674127
 -0.0028008 -0.00067278  0.00674127           0
Repeater1[0]<--->EndNode1[0]
REAL
   0.436341  0.00730649 0.000970857         0.4
 0.00730649   0.0692213    0.045098  0.00229712
0.000970857    0.045098   0.0754017  -0.0066529
        0.4  0.00229712  -0.0066529    0.419036
IMAGINARY
           0   -0.0150032  -0.00784314  0.000373865
   0.0150032            0   0.00475434   0.00326797
  0.00784314  -0.00475434            0    -0.010487
-0.000373865  -0.00326797     0.010487            0
Repeater1[0]<--->HoM1[0]
REAL
  0.449553  0.0140407 -0.0182382   0.402986
 0.0140407  0.0817369  0.0489252  0.0213208
-0.0182382  0.0489252  0.0676884 -0.0220555
  0.402986  0.0213208 -0.0220555   0.401022
IMAGINARY
          0  0.00821047  -0.0110252   0.0028008
-0.00821047           0   0.0101244 -0.00674127
  0.0110252  -0.0101244           0  0.00067278
 -0.0028008  0.00674127 -0.00067278           0
EndNode1[0]<--->Repeater1[0]
REAL
   0.442602  -0.0170577 -0.00367559    0.399615
 -0.0170577   0.0637755   0.0457687  -0.0138797
-0.00367559   0.0457687   0.0586735 -0.00309833
   0.399615  -0.0138797 -0.00309833    0.434949
IMAGINARY
           0     0.002849   -0.0125682 -0.000388199
   -0.002849            0   0.00521579  -0.00794465
   0.0125682  -0.00521579            0    0.0176638
 0.000388199   0.00794465   -0.0176638            0
EndNode2[0]<--->HoM1[0]
REAL
    0.43607  -0.0055358  -0.0066469    0.403836
 -0.0055358   0.0794078   0.0344955 -0.00363122
 -0.0066469   0.0344955   0.0794078 -0.00353313
   0.403836 -0.00363122 -0.00353313    0.405114
IMAGINARY
          0  -0.0108314  0.00131033  0.00463219
  0.0108314           0 -0.00192949  0.00192382
-0.00131033  0.00192949           0   0.0114783
-0.00463219 -0.00192382  -0.0114783           0
Repeater1[0]<--->EndNode1[0]
REAL
   0.442602 -0.00367559  -0.0170577    0.399615
-0.00367559   0.0586735   0.0457687 -0.00309833
 -0.0170577   0.0457687   0.0637755  -0.0138797
   0.399615 -0.00309833  -0.0138797    0.434949
IMAGINARY
           0   -0.0125682     0.002849 -0.000388199
   0.0125682            0  -0.00521579    0.0176638
   -0.002849   0.00521579            0  -0.00794465
 0.000388199   -0.0176638   0.00794465            0
Repeater1[0]<--->HoM1[0]
REAL
    0.43607  -0.0066469  -0.0055358    0.403836
 -0.0066469   0.0794078   0.0344955 -0.00353313
 -0.0055358   0.0344955   0.0794078 -0.00363122
   0.403836 -0.00353313 -0.00363122    0.405114
IMAGINARY
          0  0.00131033  -0.0108314  0.00463219
-0.00131033           0  0.00192949   0.0114783
  0.0108314 -0.00192949           0  0.00192382
-0.00463219  -0.0114783 -0.00192382           0
EndNode1[0]<--->Repeater1[0]
REAL
    0.428765 -0.000352029  -0.00448314     0.409571
-0.000352029    0.0624152    0.0497464    0.0110448
 -0.00448314    0.0497464     0.082768  -0.00227264
    0.409571    0.0110448  -0.00227264     0.426052
IMAGINARY
          0 -0.00694115 -0.00269916   0.0157629
 0.00694115           0   0.0138714  0.00332494
 0.00269916  -0.0138714           0 -0.00119402
 -0.0157629 -0.00332494  0.00119402           0
EndNode2[0]<--->HoM1[0]
REAL
   0.426376 -0.00348054  -0.0147159    0.401604
-0.00348054   0.0665813    0.051667 -0.00731347
 -0.0147159    0.051667   0.0768246  -0.0198839
   0.401604 -0.00731347  -0.0198839    0.430218
IMAGINARY
          0   0.0134278  0.00477367  0.00685595
 -0.0134278           0  -0.0134586  -0.0180145
-0.00477367   0.0134586           0  0.00107409
-0.00685595   0.0180145 -0.00107409           0
Repeater1[0]<--->EndNode1[0]
REAL
    0.428765  -0.00448314 -0.000352029     0.409571
 -0.00448314     0.082768    0.0497464  -0.00227264
-0.000352029    0.0497464    0.0624152    0.0110448
    0.409571  -0.00227264    0.0110448     0.426052
IMAGINARY
          0 -0.00269916 -0.00694115   0.0157629
 0.00269916           0  -0.0138714 -0.00119402
 0.00694115   0.0138714           0  0.00332494
 -0.0157629  0.00119402 -0.00332494           0
Repeater1[0]<--->HoM1[0]
REAL
   0.426376  -0.0147159 -0.00348054    0.401604
 -0.0147159   0.0768246    0.051667  -0.0198839
-0.00348054    0.051667   0.0665813 -0.00731347
   0.401604  -0.0198839 -0.00731347    0.430218
IMAGINARY
          0  0.00477367   0.0134278  0.00685595
-0.00477367           0   0.0134586  0.00107409
 -0.0134278  -0.0134586           0  -0.0180145
-0.00685595 -0.00107409   0.0180145           0
EndNode1[0]<--->Repeater1[0]
REAL
    0.42953  0.00586441 -0.00426603    0.393922
 0.00586441   0.0604027   0.0423592    0.014019
-0.00426603   0.0423592   0.0684564    0.015592
   0.393922    0.014019    0.015592    0.441611
IMAGINARY
           0   -0.0100532 -0.000787009  -0.00652542
   0.0100532            0  -0.00518852     0.016412
 0.000787009   0.00518852            0  -0.00557178
  0.00652542    -0.016412   0.00557178            0
