EndNode1[0]<--->Repeater1[0]
REAL
         0  0.0197228 0.00376137 0.00174907
 0.0197228   0.488947   0.494529 0.00244211
0.00376137   0.494529   0.511053   -0.01476
0.00174907 0.00244211   -0.01476          0
IMAGINARY
          0 -0.00168328  0.00375173  -0.0393522
 0.00168328           0  -0.0193522 -0.00555678
-0.00375173   0.0193522           0  0.00228497
  0.0393522  0.00555678 -0.00228497           0
EndNode2[0]<--->HoM1[0]
REAL
    0.241814  -0.00416053 -7.84656e-05     0.248978
 -0.00416053     0.287154      0.24199   -0.0108893
-7.84656e-05      0.24199     0.229219  -0.00809754
    0.248978   -0.0108893  -0.00809754     0.241814
IMAGINARY
          0   0.0178586  0.00933763 -0.00150641
 -0.0178586           0  0.00660845  -0.0188675
-0.00933763 -0.00660845           0  0.00691906
 0.00150641   0.0188675 -0.00691906           0
Repeater1[0]<--->EndNode1[0]
REAL
         0 0.00376137  0.0197228 0.00174907
0.00376137   0.511053   0.494529   -0.01476
 0.0197228   0.494529   0.488947 0.00244211
0.00174907   -0.01476 0.00244211          0
IMAGINARY
          0  0.00375173 -0.00168328  -0.0393522
-0.00375173           0   0.0193522  0.00228497
 0.00168328  -0.0193522           0 -0.00555678
  0.0393522 -0.00228497  0.00555678           0
Repeater1[0]<--->HoM1[0]
REAL
    0.241814 -7.84656e-05  -0.00416053     0.248978
-7.84656e-05     0.229219      0.24199  -0.00809754
 -0.00416053      0.24199     0.287154   -0.0108893
    0.248978  -0.00809754   -0.0108893     0.241814
IMAGINARY
          0  0.00933763   0.0178586 -0.00150641
-0.00933763           0 -0.00660845  0.00691906
 -0.0178586  0.00660845           0  -0.0188675
 0.00150641 -0.00691906   0.0188675           0
EndNode1[0]<--->Repeater1[0]
REAL
          0  0.00741375  -0.0194254 0.000660502
 0.00741375    0.488281    0.499339 -0.00236499
 -0.0194254    0.499339    0.511719  -0.0292041
0.000660502 -0.00236499  -0.0292041           0
IMAGINARY
          0  0.00369094  0.00637964  -0.0175303
-0.00369094           0   0.0206053   0.0207009
-0.00637964  -0.0206053           0   0.0220686
  0.0175303  -0.0207009  -0.0220686           0
EndNode2[0]<--->HoM1[0]
REAL
    0.268293  -0.00816644  -0.00653368     0.258355
 -0.00816644     0.237484     0.241645  -0.00253368
 -0.00653368     0.241645     0.234917 -0.000900918
    0.258355  -0.00253368 -0.000900918     0.259307
IMAGINARY
           0  0.000584977  -0.00112729   -0.0161819
-0.000584977            0   -0.0194844    -0.022009
  0.00112729    0.0194844            0  -0.00315567
   0.0161819     0.022009   0.00315567            0
Repeater1[0]<--->EndNode1[0]
REAL
          0  -0.0194254  0.00741375 0.000660502
 -0.0194254    0.511719    0.499339  -0.0292041
 0.00741375    0.499339    0.488281 -0.00236499
0.000660502  -0.0292041 -0.00236499           0
IMAGINARY
          0  0.00637964  0.00369094  -0.0175303
-0.00637964           0  -0.0206053   0.0220686
-0.00369094   0.0206053           0   0.0207009
  0.0175303  -0.0220686  -0.0207009           0
Repeater1[0]<--->HoM1[0]
REAL
    0.268293  -0.00653368  -0.00816644     0.258355
 -0.00653368     0.234917     0.241645 -0.000900918
 -0.00816644     0.241645     0.237484  -0.00253368
    0.258355 -0.000900918  -0.00253368     0.259307
IMAGINARY
           0  -0.00112729  0.000584977   -0.0161819
  0.00112729            0    0.0194844  -0.00315567
-0.000584977   -0.0194844            0    -0.022009
   0.0161819   0.00315567     0.022009            0
EndNode1[0]<--->Repeater1[0]
REAL
   0.488281  0.00741375  -0.0194254    0.499339
 0.00741375           0 0.000660502 -0.00236499
 -0.0194254 0.000660502           0  -0.0292041
   0.499339 -0.00236499  -0.0292041    0.511719
IMAGINARY
          0  -0.0220686  0.00637964  -0.0175303
  0.0220686           0   0.0206053   0.0207009
-0.00637964  -0.0206053           0 -0.00369094
  0.0175303  -0.0207009  0.00369094           0
EndNode2[0]<--->HoM1[0]
REAL
    0.503209  -0.00816644  -0.00653368     0.498715
 -0.00816644    0.0012837   0.00128535  -0.00253368
 -0.00653368   0.00128535            0 -0.000900918
    0.498715  -0.00253368 -0.000900918     0.495507
IMAGINARY
           0  0.000584977    0.0130115   -0.0161819
-0.000584977            0   -0.0194844  -0.00787014
  -0.0130115    0.0194844            0  -0.00315567
   0.0161819   0.00787014   0.00315567            0
Repeater1[0]<--->EndNode1[0]
REAL
   0.488281  -0.0194254  0.00741375    0.499339
 -0.0194254           0 0.000660502  -0.0292041
 0.00741375 0.000660502           0 -0.00236499
   0.499339  -0.0292041 -0.00236499    0.511719
IMAGINARY
          0  0.00637964  -0.0220686  -0.0175303
-0.00637964           0  -0.0206053 -0.00369094
  0.0220686   0.0206053           0   0.0207009
  0.0175303  0.00369094  -0.0207009           0
Repeater1[0]<--->HoM1[0]
REAL
    0.503209  -0.00653368  -0.00816644     0.498715
 -0.00653368            0   0.00128535 -0.000900918
 -0.00816644   0.00128535    0.0012837  -0.00253368
    0.498715 -0.000900918  -0.00253368     0.495507
IMAGINARY
           0    0.0130115  0.000584977   -0.0161819
  -0.0130115            0    0.0194844  -0.00315567
-0.000584977   -0.0194844            0  -0.00787014
   0.0161819   0.00315567   0.00787014            0
EndNode1[0]<--->Repeater1[0]
REAL
   0.488281  0.00741375  -0.0194254    0.499339
 0.00741375           0 0.000660502 -0.00236499
 -0.0194254 0.000660502           0  -0.0292041
   0.499339 -0.00236499  -0.0292041    0.511719
IMAGINARY
          0  -0.0220686  0.00637964  -0.0175303
  0.0220686           0   0.0206053   0.0207009
-0.00637964  -0.0206053           0 -0.00369094
  0.0175303  -0.0207009  0.00369094           0
EndNode2[0]<--->HoM1[0]
REAL
    0.503209  -0.00816644  -0.00653368     0.498715
 -0.00816644    0.0012837   0.00128535  -0.00253368
 -0.00653368   0.00128535            0 -0.000900918
    0.498715  -0.00253368 -0.000900918     0.495507
IMAGINARY
           0  0.000584977    0.0130115   -0.0161819
-0.000584977            0   -0.0194844  -0.00787014
  -0.0130115    0.0194844            0  -0.00315567
   0.0161819   0.00787014   0.00315567            0
Repeater1[0]<--->EndNode1[0]
REAL
   0.488281  -0.0194254  0.00741375    0.499339
 -0.0194254           0 0.000660502  -0.0292041
 0.00741375 0.000660502           0 -0.00236499
   0.499339  -0.0292041 -0.00236499    0.511719
IMAGINARY
          0  0.00637964  -0.0220686  -0.0175303
-0.00637964           0  -0.0206053 -0.00369094
  0.0220686   0.0206053           0   0.0207009
  0.0175303  0.00369094  -0.0207009           0
Repeater1[0]<--->HoM1[0]
REAL
    0.503209  -0.00653368  -0.00816644     0.498715
 -0.00653368            0   0.00128535 -0.000900918
 -0.00816644   0.00128535    0.0012837  -0.00253368
    0.498715 -0.000900918  -0.00253368     0.495507
IMAGINARY
           0    0.0130115  0.000584977   -0.0161819
  -0.0130115            0    0.0194844  -0.00315567
-0.000584977   -0.0194844            0  -0.00787014
   0.0161819   0.00315567   0.00787014            0
EndNode1[0]<--->Repeater1[0]
REAL
   0.488281  0.00741375  -0.0194254    0.499339
 0.00741375           0 0.000660502 -0.00236499
 -0.0194254 0.000660502           0  -0.0292041
   0.499339 -0.00236499  -0.0292041    0.511719
IMAGINARY
          0  -0.0220686  0.00637964  -0.0175303
  0.0220686           0   0.0206053   0.0207009
-0.00637964  -0.0206053           0 -0.00369094
  0.0175303  -0.0207009  0.00369094           0
EndNode2[0]<--->HoM1[0]
REAL
    0.503209  -0.00816644  -0.00653368     0.498715
 -0.00816644    0.0012837   0.00128535  -0.00253368
 -0.00653368   0.00128535            0 -0.000900918
    0.498715  -0.00253368 -0.000900918     0.495507
IMAGINARY
           0  0.000584977    0.0130115   -0.0161819
-0.000584977            0   -0.0194844  -0.00787014
  -0.0130115    0.0194844            0  -0.00315567
   0.0161819   0.00787014   0.00315567            0
Repeater1[0]<--->EndNode1[0]
REAL
   0.488281  -0.0194254  0.00741375    0.499339
 -0.0194254           0 0.000660502  -0.0292041
 0.00741375 0.000660502           0 -0.00236499
   0.499339  -0.0292041 -0.00236499    0.511719
IMAGINARY
          0  0.00637964  -0.0220686  -0.0175303
-0.00637964           0  -0.0206053 -0.00369094
  0.0220686   0.0206053           0   0.0207009
  0.0175303  0.00369094  -0.0207009           0
Repeater1[0]<--->HoM1[0]
REAL
    0.503209  -0.00653368  -0.00816644     0.498715
 -0.00653368            0   0.00128535 -0.000900918
 -0.00816644   0.00128535    0.0012837  -0.00253368
    0.498715 -0.000900918  -0.00253368     0.495507
IMAGINARY
           0    0.0130115  0.000584977   -0.0161819
  -0.0130115            0    0.0194844  -0.00315567
-0.000584977   -0.0194844            0  -0.00787014
   0.0161819   0.00315567   0.00787014            0
EndNode1[0]<--->Repeater1[0]
REAL
     0.496 0.00546737 0.00436971        0.5
0.00546737          0          0  0.0115033
0.00436971          0          0  0.0104056
       0.5  0.0115033  0.0104056      0.504
IMAGINARY
          0  0.00215314  0.00799364 -0.00275699
-0.00215314           0   0.0163757 -0.00541632
-0.00799364  -0.0163757           0 -0.00473046
 0.00275699  0.00541632  0.00473046           0
EndNode2[0]<--->HoM1[0]
REAL
   0.482895  0.00659347 -0.00392478         0.5
 0.00659347           0           0  0.00770312
-0.00392478           0           0 -0.00281513
        0.5  0.00770312 -0.00281513    0.517105
IMAGINARY
          0  -0.0100645   0.0107008   0.0182484
  0.0100645           0  0.00476954   0.0100539
 -0.0107008 -0.00476954           0  -0.0106902
 -0.0182484  -0.0100539   0.0106902           0
Repeater1[0]<--->EndNode1[0]
REAL
     0.496 0.00436971 0.00546737        0.5
0.00436971          0          0  0.0104056
0.00546737          0          0  0.0115033
       0.5  0.0104056  0.0115033      0.504
IMAGINARY
          0  0.00799364  0.00215314 -0.00275699
-0.00799364           0  -0.0163757 -0.00473046
-0.00215314   0.0163757           0 -0.00541632
 0.00275699  0.00473046  0.00541632           0
Repeater1[0]<--->HoM1[0]
REAL
   0.482895 -0.00392478  0.00659347         0.5
-0.00392478           0           0 -0.00281513
 0.00659347           0           0  0.00770312
        0.5 -0.00281513  0.00770312    0.517105
IMAGINARY
          0   0.0107008  -0.0100645   0.0182484
 -0.0107008           0 -0.00476954  -0.0106902
  0.0100645  0.00476954           0   0.0100539
 -0.0182484   0.0106902  -0.0100539           0
EndNode1[0]<--->Repeater1[0]
REAL
         0 0.00546737 0.00436971          0
0.00546737      0.496        0.5  0.0115033
0.00436971        0.5      0.504  0.0104056
         0  0.0115033  0.0104056          0
IMAGINARY
          0  0.00473046  0.00799364 -0.00275699
-0.00473046           0   0.0163757 -0.00541632
-0.00799364  -0.0163757           0 -0.00215314
 0.00275699  0.00541632  0.00215314           0
EndNode2[0]<--->HoM1[0]
REAL
   0.252632  0.00659347 -0.00392478    0.237107
 0.00659347    0.247368    0.262893  0.00770312
-0.00392478    0.262893    0.230263 -0.00281513
   0.237107  0.00770312 -0.00281513    0.269737
IMAGINARY
          0  -0.0100645  0.00189574   0.0182484
  0.0100645           0  0.00476954  0.00124891
-0.00189574 -0.00476954           0  -0.0106902
 -0.0182484 -0.00124891   0.0106902           0
Repeater1[0]<--->EndNode1[0]
REAL
         0 0.00436971 0.00546737          0
0.00436971      0.504        0.5  0.0104056
0.00546737        0.5      0.496  0.0115033
         0  0.0104056  0.0115033          0
IMAGINARY
          0  0.00799364  0.00473046 -0.00275699
-0.00799364           0  -0.0163757 -0.00215314
-0.00473046   0.0163757           0 -0.00541632
 0.00275699  0.00215314  0.00541632           0
Repeater1[0]<--->HoM1[0]
REAL
   0.252632 -0.00392478  0.00659347    0.237107
-0.00392478    0.230263    0.262893 -0.00281513
 0.00659347    0.262893    0.247368  0.00770312
   0.237107 -0.00281513  0.00770312    0.269737
IMAGINARY
          0  0.00189574  -0.0100645   0.0182484
-0.00189574           0 -0.00476954  -0.0106902
  0.0100645  0.00476954           0  0.00124891
 -0.0182484   0.0106902 -0.00124891           0
EndNode1[0]<--->Repeater1[0]
REAL
  0.245333 0.00546737 0.00436971   0.239046
0.00546737   0.250667   0.260954  0.0115033
0.00436971   0.260954   0.253333  0.0104056
  0.239046  0.0115033  0.0104056   0.250667
IMAGINARY
          0  0.00795211  0.00799364 -0.00275699
-0.00795211           0   0.0163757 -0.00541632
-0.00799364  -0.0163757           0  0.00106851
 0.00275699  0.00541632 -0.00106851           0
EndNode2[0]<--->HoM1[0]
REAL
   0.252632  0.00659347 -0.00392478    0.237107
 0.00659347    0.247368    0.262893  0.00770312
-0.00392478    0.262893    0.230263 -0.00281513
   0.237107  0.00770312 -0.00281513    0.269737
IMAGINARY
          0  -0.0100645  0.00189574   0.0182484
  0.0100645           0  0.00476954  0.00124891
-0.00189574 -0.00476954           0  -0.0106902
 -0.0182484 -0.00124891   0.0106902           0
Repeater1[0]<--->EndNode1[0]
REAL
  0.245333 0.00436971 0.00546737   0.239046
0.00436971   0.253333   0.260954  0.0104056
0.00546737   0.260954   0.250667  0.0115033
  0.239046  0.0104056  0.0115033   0.250667
IMAGINARY
          0  0.00799364  0.00795211 -0.00275699
-0.00799364           0  -0.0163757  0.00106851
-0.00795211   0.0163757           0 -0.00541632
 0.00275699 -0.00106851  0.00541632           0
Repeater1[0]<--->HoM1[0]
REAL
   0.252632 -0.00392478  0.00659347    0.237107
-0.00392478    0.230263    0.262893 -0.00281513
 0.00659347    0.262893    0.247368  0.00770312
   0.237107 -0.00281513  0.00770312    0.269737
IMAGINARY
          0  0.00189574  -0.0100645   0.0182484
-0.00189574           0 -0.00476954  -0.0106902
  0.0100645  0.00476954           0  0.00124891
 -0.0182484   0.0106902 -0.00124891           0
EndNode1[0]<--->Repeater1[0]
REAL
  0.245333 0.00546737 0.00436971   0.239046
0.00546737   0.250667   0.260954  0.0115033
0.00436971   0.260954   0.253333  0.0104056
  0.239046  0.0115033  0.0104056   0.250667
IMAGINARY
          0  0.00795211  0.00799364 -0.00275699
-0.00795211           0   0.0163757 -0.00541632
-0.00799364  -0.0163757           0  0.00106851
 0.00275699  0.00541632 -0.00106851           0
EndNode2[0]<--->HoM1[0]
REAL
   0.252632  0.00659347 -0.00392478    0.237107
 0.00659347    0.247368    0.262893  0.00770312
-0.00392478    0.262893    0.230263 -0.00281513
   0.237107  0.00770312 -0.00281513    0.269737
IMAGINARY
          0  -0.0100645  0.00189574   0.0182484
  0.0100645           0  0.00476954  0.00124891
-0.00189574 -0.00476954           0  -0.0106902
 -0.0182484 -0.00124891   0.0106902           0
Repeater1[0]<--->EndNode1[0]
REAL
  0.245333 0.00436971 0.00546737   0.239046
0.00436971   0.253333   0.260954  0.0104056
0.00546737   0.260954   0.250667  0.0115033
  0.239046  0.0104056  0.0115033   0.250667
IMAGINARY
          0  0.00799364  0.00795211 -0.00275699
-0.00799364           0  -0.0163757  0.00106851
-0.00795211   0.0163757           0 -0.00541632
 0.00275699 -0.00106851  0.00541632           0
Repeater1[0]<--->HoM1[0]
REAL
   0.252632 -0.00392478  0.00659347    0.237107
-0.00392478    0.230263    0.262893 -0.00281513
 0.00659347    0.262893    0.247368  0.00770312
   0.237107 -0.00281513  0.00770312    0.269737
IMAGINARY
          0  0.00189574  -0.0100645   0.0182484
-0.00189574           0 -0.00476954  -0.0106902
  0.0100645  0.00476954           0  0.00124891
 -0.0182484   0.0106902 -0.00124891           0
EndNode1[0]<--->Repeater1[0]
REAL
  0.245333 0.00546737 0.00436971   0.239046
0.00546737   0.250667   0.260954  0.0115033
0.00436971   0.260954   0.253333  0.0104056
  0.239046  0.0115033  0.0104056   0.250667
IMAGINARY
          0  0.00795211  0.00799364 -0.00275699
-0.00795211           0   0.0163757 -0.00541632
-0.00799364  -0.0163757           0  0.00106851
 0.00275699  0.00541632 -0.00106851           0
EndNode2[0]<--->HoM1[0]
REAL
   0.252632  0.00659347 -0.00392478    0.237107
 0.00659347    0.247368    0.262893  0.00770312
-0.00392478    0.262893    0.230263 -0.00281513
   0.237107  0.00770312 -0.00281513    0.269737
IMAGINARY
          0  -0.0100645  0.00189574   0.0182484
  0.0100645           0  0.00476954  0.00124891
-0.00189574 -0.00476954           0  -0.0106902
 -0.0182484 -0.00124891   0.0106902           0
Repeater1[0]<--->EndNode1[0]
REAL
  0.245333 0.00436971 0.00546737   0.239046
0.00436971   0.253333   0.260954  0.0104056
0.00546737   0.260954   0.250667  0.0115033
  0.239046  0.0104056  0.0115033   0.250667
IMAGINARY
          0  0.00799364  0.00795211 -0.00275699
-0.00799364           0  -0.0163757  0.00106851
-0.00795211   0.0163757           0 -0.00541632
 0.00275699 -0.00106851  0.00541632           0
Repeater1[0]<--->HoM1[0]
REAL
   0.252632 -0.00392478  0.00659347    0.237107
-0.00392478    0.230263    0.262893 -0.00281513
 0.00659347    0.262893    0.247368  0.00770312
   0.237107 -0.00281513  0.00770312    0.269737
IMAGINARY
          0  0.00189574  -0.0100645   0.0182484
-0.00189574           0 -0.00476954  -0.0106902
  0.0100645  0.00476954           0  0.00124891
 -0.0182484   0.0106902 -0.00124891           0
EndNode1[0]<--->Repeater1[0]
REAL
  0.245333 0.00546737 0.00436971   0.239046
0.00546737   0.250667   0.260954  0.0115033
0.00436971   0.260954   0.253333  0.0104056
  0.239046  0.0115033  0.0104056   0.250667
IMAGINARY
          0  0.00795211  0.00799364 -0.00275699
-0.00795211           0   0.0163757 -0.00541632
-0.00799364  -0.0163757           0  0.00106851
 0.00275699  0.00541632 -0.00106851           0
EndNode2[0]<--->HoM1[0]
REAL
   0.252632  0.00659347 -0.00392478    0.237107
 0.00659347    0.247368    0.262893  0.00770312
-0.00392478    0.262893    0.230263 -0.00281513
   0.237107  0.00770312 -0.00281513    0.269737
IMAGINARY
          0  -0.0100645  0.00189574   0.0182484
  0.0100645           0  0.00476954  0.00124891
-0.00189574 -0.00476954           0  -0.0106902
 -0.0182484 -0.00124891   0.0106902           0
Repeater1[0]<--->EndNode1[0]
REAL
  0.245333 0.00436971 0.00546737   0.239046
0.00436971   0.253333   0.260954  0.0104056
0.00546737   0.260954   0.250667  0.0115033
  0.239046  0.0104056  0.0115033   0.250667
IMAGINARY
          0  0.00799364  0.00795211 -0.00275699
-0.00799364           0  -0.0163757  0.00106851
-0.00795211   0.0163757           0 -0.00541632
 0.00275699 -0.00106851  0.00541632           0
Repeater1[0]<--->HoM1[0]
REAL
   0.252632 -0.00392478  0.00659347    0.237107
-0.00392478    0.230263    0.262893 -0.00281513
 0.00659347    0.262893    0.247368  0.00770312
   0.237107 -0.00281513  0.00770312    0.269737
IMAGINARY
          0  0.00189574  -0.0100645   0.0182484
-0.00189574           0 -0.00476954  -0.0106902
  0.0100645  0.00476954           0  0.00124891
 -0.0182484   0.0106902 -0.00124891           0
