EndNode1[0]<--->Repeater1[0]
REAL
    0.470968    0.0105798     0.012169     0.389236
   0.0105798    0.0412903  -0.00717831 -0.000249301
    0.012169  -0.00717831    0.0541935  -0.00116953
    0.389236 -0.000249301  -0.00116953     0.433548
IMAGINARY
          0  -0.0231925   0.0349481   0.0220567
  0.0231925           0   -0.018316 -0.00639561
 -0.0349481    0.018316           0  -0.0159841
 -0.0220567  0.00639561   0.0159841           0
EndNode2[0]<--->HoM1[0]
REAL
   0.460759  0.00162973   0.0251465    0.399417
 0.00162973   0.0392405   0.0166235 -0.00634954
  0.0251465   0.0166235   0.0443038 -0.00162973
   0.399417 -0.00634954 -0.00162973    0.455696
IMAGINARY
          0  -0.0142405   0.0137713 -0.00563741
  0.0142405           0   0.0130598 -0.00379625
 -0.0137713  -0.0130598           0 -0.00321586
 0.00563741  0.00379625  0.00321586           0
Repeater1[0]<--->EndNode1[0]
REAL
    0.470968     0.012169    0.0105798     0.389236
    0.012169    0.0541935  -0.00717831  -0.00116953
   0.0105798  -0.00717831    0.0412903 -0.000249301
    0.389236  -0.00116953 -0.000249301     0.433548
IMAGINARY
          0   0.0349481  -0.0231925   0.0220567
 -0.0349481           0    0.018316  -0.0159841
  0.0231925   -0.018316           0 -0.00639561
 -0.0220567   0.0159841  0.00639561           0
Repeater1[0]<--->HoM1[0]
REAL
   0.460759   0.0251465  0.00162973    0.399417
  0.0251465   0.0443038   0.0166235 -0.00162973
 0.00162973   0.0166235   0.0392405 -0.00634954
   0.399417 -0.00162973 -0.00634954    0.455696
IMAGINARY
          0   0.0137713  -0.0142405 -0.00563741
 -0.0137713           0  -0.0130598 -0.00321586
  0.0142405   0.0130598           0 -0.00379625
 0.00563741  0.00321586  0.00379625           0
EndNode1[0]<--->Repeater1[0]
REAL
    0.418251 -0.000787798   -0.0126215     0.390867
-0.000787798    0.0443599   0.00212684    0.0030674
  -0.0126215   0.00212684    0.0494297   -0.0113141
    0.390867    0.0030674   -0.0113141     0.487959
IMAGINARY
          0   0.0113941  -0.0111781  0.00947318
 -0.0113941           0  0.00512536 -0.00222671
  0.0111781 -0.00512536           0   0.0113941
-0.00947318  0.00222671  -0.0113941           0
EndNode2[0]<--->HoM1[0]
REAL
   0.45895  0.0136993 0.00997954   0.410675
 0.0136993  0.0417227 0.00632676 0.00809275
0.00997954 0.00632676  0.0417227 0.00705036
  0.410675 0.00809275 0.00705036   0.457604
IMAGINARY
         0   0.010153 -0.0274479 -0.0112968
 -0.010153          0 -0.0137659 -0.0178937
 0.0274479  0.0137659          0  0.0264929
 0.0112968  0.0178937 -0.0264929          0
Repeater1[0]<--->EndNode1[0]
REAL
    0.418251   -0.0126215 -0.000787798     0.390867
  -0.0126215    0.0494297   0.00212684   -0.0113141
-0.000787798   0.00212684    0.0443599    0.0030674
    0.390867   -0.0113141    0.0030674     0.487959
IMAGINARY
          0  -0.0111781   0.0113941  0.00947318
  0.0111781           0 -0.00512536   0.0113941
 -0.0113941  0.00512536           0 -0.00222671
-0.00947318  -0.0113941  0.00222671           0
Repeater1[0]<--->HoM1[0]
REAL
   0.45895 0.00997954  0.0136993   0.410675
0.00997954  0.0417227 0.00632676 0.00705036
 0.0136993 0.00632676  0.0417227 0.00809275
  0.410675 0.00705036 0.00809275   0.457604
IMAGINARY
         0 -0.0274479   0.010153 -0.0112968
 0.0274479          0  0.0137659  0.0264929
 -0.010153 -0.0137659          0 -0.0178937
 0.0112968 -0.0264929  0.0178937          0
EndNode1[0]<--->Repeater1[0]
REAL
    0.445638  -0.00574384 -0.000586536     0.392471
 -0.00574384    0.0362416   0.00192324   -0.0196221
-0.000586536   0.00192324    0.0348993   -0.0340215
    0.392471   -0.0196221   -0.0340215     0.483221
IMAGINARY
          0   0.0218408  -0.0179365 -0.00176588
 -0.0218408           0   -0.010398   0.0241554
  0.0179365    0.010398           0  -0.0081592
 0.00176588  -0.0241554   0.0081592           0
EndNode2[0]<--->HoM1[0]
REAL
    0.48226  0.00795425 -0.00883523    0.379723
 0.00795425   0.0328515 -0.00887447   0.0106802
-0.00883523 -0.00887447   0.0367937 -0.00241919
   0.379723   0.0106802 -0.00241919    0.448095
IMAGINARY
          0  -0.0168466    0.013923 -0.00360577
  0.0168466           0   0.0255082  -0.0237526
  -0.013923  -0.0255082           0   0.0201231
 0.00360577   0.0237526  -0.0201231           0
Repeater1[0]<--->EndNode1[0]
REAL
    0.445638 -0.000586536  -0.00574384     0.392471
-0.000586536    0.0348993   0.00192324   -0.0340215
 -0.00574384   0.00192324    0.0362416   -0.0196221
    0.392471   -0.0340215   -0.0196221     0.483221
IMAGINARY
          0  -0.0179365   0.0218408 -0.00176588
  0.0179365           0    0.010398  -0.0081592
 -0.0218408   -0.010398           0   0.0241554
 0.00176588   0.0081592  -0.0241554           0
Repeater1[0]<--->HoM1[0]
REAL
    0.48226 -0.00883523  0.00795425    0.379723
-0.00883523   0.0367937 -0.00887447 -0.00241919
 0.00795425 -0.00887447   0.0328515   0.0106802
   0.379723 -0.00241919   0.0106802    0.448095
IMAGINARY
          0    0.013923  -0.0168466 -0.00360577
  -0.013923           0  -0.0255082   0.0201231
  0.0168466   0.0255082           0  -0.0237526
 0.00360577  -0.0201231   0.0237526           0
EndNode1[0]<--->Repeater1[0]
REAL
   0.440217 -0.00775352  0.00859058    0.387942
-0.00775352   0.0366848   0.0173835  -0.0198332
 0.00859058   0.0173835   0.0584239 -0.00112222
   0.387942  -0.0198332 -0.00112222    0.464674
IMAGINARY
          0   0.0228091 -0.00944487   0.0128281
 -0.0228091           0 -0.00839208  -0.0146668
 0.00944487  0.00839208           0    0.013993
 -0.0128281   0.0146668   -0.013993           0
EndNode2[0]<--->HoM1[0]
REAL
   0.467312 -0.00131548  0.00447969    0.387401
-0.00131548   0.0411622  0.00536366   0.0110242
 0.00447969  0.00536366   0.0581114  0.00777543
   0.387401   0.0110242  0.00777543    0.433414
IMAGINARY
           0    0.0136012   -0.0135235    0.0182215
  -0.0136012            0   0.00420278  -0.00524325
   0.0135235  -0.00420278            0 -0.000196404
  -0.0182215   0.00524325  0.000196404            0
Repeater1[0]<--->EndNode1[0]
REAL
   0.440217  0.00859058 -0.00775352    0.387942
 0.00859058   0.0584239   0.0173835 -0.00112222
-0.00775352   0.0173835   0.0366848  -0.0198332
   0.387942 -0.00112222  -0.0198332    0.464674
IMAGINARY
          0 -0.00944487   0.0228091   0.0128281
 0.00944487           0  0.00839208    0.013993
 -0.0228091 -0.00839208           0  -0.0146668
 -0.0128281   -0.013993   0.0146668           0
Repeater1[0]<--->HoM1[0]
REAL
   0.467312  0.00447969 -0.00131548    0.387401
 0.00447969   0.0581114  0.00536366  0.00777543
-0.00131548  0.00536366   0.0411622   0.0110242
   0.387401  0.00777543   0.0110242    0.433414
IMAGINARY
           0   -0.0135235    0.0136012    0.0182215
   0.0135235            0  -0.00420278 -0.000196404
  -0.0136012   0.00420278            0  -0.00524325
  -0.0182215  0.000196404   0.00524325            0
EndNode1[0]<--->Repeater1[0]
REAL
   0.471338  0.00124592 -0.00343825    0.388579
 0.00124592   0.0407643   0.0236795    0.010535
-0.00343825   0.0236795   0.0394904  0.00327021
   0.388579    0.010535  0.00327021    0.448408
IMAGINARY
           0   -0.0210623    0.0178988   -0.0153361
   0.0210623            0  -0.00592753 -0.000222019
  -0.0178988   0.00592753            0  -0.00292759
   0.0153361  0.000222019   0.00292759            0
EndNode2[0]<--->HoM1[0]
REAL
    0.47749  0.00295839  0.00237024     0.39538
 0.00295839   0.0491132   0.0132557   0.0120228
 0.00237024   0.0132557   0.0395634 -0.00233261
    0.39538   0.0120228 -0.00233261    0.433834
IMAGINARY
          0  0.00388601  0.00441759   0.0184917
-0.00388601           0  -0.0226126   0.0020591
-0.00441759   0.0226126           0 -0.00647668
 -0.0184917  -0.0020591  0.00647668           0
Repeater1[0]<--->EndNode1[0]
REAL
   0.471338 -0.00343825  0.00124592    0.388579
-0.00343825   0.0394904   0.0236795  0.00327021
 0.00124592   0.0236795   0.0407643    0.010535
   0.388579  0.00327021    0.010535    0.448408
IMAGINARY
           0    0.0178988   -0.0210623   -0.0153361
  -0.0178988            0   0.00592753  -0.00292759
   0.0210623  -0.00592753            0 -0.000222019
   0.0153361   0.00292759  0.000222019            0
Repeater1[0]<--->HoM1[0]
REAL
    0.47749  0.00237024  0.00295839     0.39538
 0.00237024   0.0395634   0.0132557 -0.00233261
 0.00295839   0.0132557   0.0491132   0.0120228
    0.39538 -0.00233261   0.0120228    0.433834
IMAGINARY
          0  0.00441759  0.00388601   0.0184917
-0.00441759           0   0.0226126 -0.00647668
-0.00388601  -0.0226126           0   0.0020591
 -0.0184917  0.00647668  -0.0020591           0
EndNode1[0]<--->Repeater1[0]
REAL
   0.480818  0.00629896    0.016949    0.400079
 0.00629896   0.0409207  0.00667787 -0.00748956
   0.016949  0.00667787    0.028133   0.0207281
   0.400079 -0.00748956   0.0207281    0.450128
IMAGINARY
          0    -0.01079   0.0145181  -0.0270658
    0.01079           0 -0.00601312  0.00705546
 -0.0145181  0.00601312           0  -0.0082455
  0.0270658 -0.00705546   0.0082455           0
EndNode2[0]<--->HoM1[0]
REAL
   0.456233  -0.0059725  -0.0036706    0.390939
 -0.0059725   0.0490716  0.00998616 -0.00887894
 -0.0036706  0.00998616   0.0490716 -0.00789804
   0.390939 -0.00887894 -0.00789804    0.445623
IMAGINARY
           0    0.0057523   0.00394748   0.00717502
  -0.0057523            0    0.0141282  2.07762e-05
 -0.00394748   -0.0141282            0   -0.0176571
 -0.00717502 -2.07762e-05    0.0176571            0
Repeater1[0]<--->EndNode1[0]
REAL
   0.480818    0.016949  0.00629896    0.400079
   0.016949    0.028133  0.00667787   0.0207281
 0.00629896  0.00667787   0.0409207 -0.00748956
   0.400079   0.0207281 -0.00748956    0.450128
IMAGINARY
          0   0.0145181    -0.01079  -0.0270658
 -0.0145181           0  0.00601312  -0.0082455
    0.01079 -0.00601312           0  0.00705546
  0.0270658   0.0082455 -0.00705546           0
Repeater1[0]<--->HoM1[0]
REAL
   0.456233  -0.0036706  -0.0059725    0.390939
 -0.0036706   0.0490716  0.00998616 -0.00789804
 -0.0059725  0.00998616   0.0490716 -0.00887894
   0.390939 -0.00789804 -0.00887894    0.445623
IMAGINARY
           0   0.00394748    0.0057523   0.00717502
 -0.00394748            0   -0.0141282   -0.0176571
  -0.0057523    0.0141282            0  2.07762e-05
 -0.00717502    0.0176571 -2.07762e-05            0
EndNode1[0]<--->Repeater1[0]
REAL
  0.464935 0.00580919 -0.0133189   0.385991
0.00580919  0.0311688  0.0211612 0.00641798
-0.0133189  0.0211612  0.0363636 -0.0102007
  0.385991 0.00641798 -0.0102007   0.467532
IMAGINARY
          0  -0.0118076   0.0243283   0.0343335
  0.0118076           0  0.00382951  0.00585541
 -0.0243283 -0.00382951           0  -0.0144391
 -0.0343335 -0.00585541   0.0144391           0
EndNode2[0]<--->HoM1[0]
REAL
     0.465  0.0101091 0.00727627   0.390306
 0.0101091    0.05625  0.0267925  0.0134491
0.00727627  0.0267925      0.045   0.013207
  0.390306  0.0134491   0.013207    0.43375
IMAGINARY
          0  0.00237268  0.00815687  0.00266198
-0.00237268           0 -0.00408648  -0.0176163
-0.00815687  0.00408648           0  -0.0104808
-0.00266198   0.0176163   0.0104808           0
Repeater1[0]<--->EndNode1[0]
REAL
  0.464935 -0.0133189 0.00580919   0.385991
-0.0133189  0.0363636  0.0211612 -0.0102007
0.00580919  0.0211612  0.0311688 0.00641798
  0.385991 -0.0102007 0.00641798   0.467532
IMAGINARY
          0   0.0243283  -0.0118076   0.0343335
 -0.0243283           0 -0.00382951  -0.0144391
  0.0118076  0.00382951           0  0.00585541
 -0.0343335   0.0144391 -0.00585541           0
Repeater1[0]<--->HoM1[0]
REAL
     0.465 0.00727627  0.0101091   0.390306
0.00727627      0.045  0.0267925   0.013207
 0.0101091  0.0267925    0.05625  0.0134491
  0.390306   0.013207  0.0134491    0.43375
IMAGINARY
          0  0.00815687  0.00237268  0.00266198
-0.00815687           0  0.00408648  -0.0104808
-0.00237268 -0.00408648           0  -0.0176163
-0.00266198   0.0104808   0.0176163           0
EndNode1[0]<--->Repeater1[0]
REAL
   0.469974 -0.00169626 -0.00620403    0.403693
-0.00169626   0.0483029 -0.00141686 -0.00919089
-0.00620403 -0.00141686   0.0430809 -0.00432784
   0.403693 -0.00919089 -0.00432784    0.438642
IMAGINARY
         0  0.0195898 -0.0205457 -0.0171968
-0.0195898          0  0.0298231 -0.0050017
 0.0205457 -0.0298231          0 -0.0037747
 0.0171968  0.0050017  0.0037747          0
EndNode2[0]<--->HoM1[0]
REAL
   0.469833 -0.00695784   -0.018137    0.388483
-0.00695784    0.042362  0.00832305   0.0242795
  -0.018137  0.00832305   0.0603338  0.00327234
   0.388483   0.0242795  0.00327234    0.427471
IMAGINARY
          0  0.00500442   0.0181664  0.00309509
-0.00500442           0  -0.0233565  -0.0294846
 -0.0181664   0.0233565           0   0.0302819
-0.00309509   0.0294846  -0.0302819           0
Repeater1[0]<--->EndNode1[0]
REAL
   0.469974 -0.00620403 -0.00169626    0.403693
-0.00620403   0.0430809 -0.00141686 -0.00432784
-0.00169626 -0.00141686   0.0483029 -0.00919089
   0.403693 -0.00432784 -0.00919089    0.438642
IMAGINARY
         0 -0.0205457  0.0195898 -0.0171968
 0.0205457          0 -0.0298231 -0.0037747
-0.0195898  0.0298231          0 -0.0050017
 0.0171968  0.0037747  0.0050017          0
Repeater1[0]<--->HoM1[0]
REAL
   0.469833   -0.018137 -0.00695784    0.388483
  -0.018137   0.0603338  0.00832305  0.00327234
-0.00695784  0.00832305    0.042362   0.0242795
   0.388483  0.00327234   0.0242795    0.427471
IMAGINARY
          0   0.0181664  0.00500442  0.00309509
 -0.0181664           0   0.0233565   0.0302819
-0.00500442  -0.0233565           0  -0.0294846
-0.00309509  -0.0302819   0.0294846           0
EndNode1[0]<--->Repeater1[0]
REAL
   0.427995 -0.00926254   -0.014373    0.401986
-0.00926254   0.0672948   0.0121241 -0.00464539
  -0.014373   0.0121241   0.0430686  -0.0195718
   0.401986 -0.00464539  -0.0195718    0.461642
IMAGINARY
          0 -0.00844098   0.0223443   0.0293319
 0.00844098           0  -0.0012273  -0.0142092
 -0.0223443   0.0012273           0  -0.0122098
 -0.0293319   0.0142092   0.0122098           0
EndNode2[0]<--->HoM1[0]
REAL
   0.465823  -0.0075038   0.0195445    0.391338
 -0.0075038   0.0468354   0.0103221 -0.00230316
  0.0195445   0.0103221   0.0341772   0.0132509
   0.391338 -0.00230316   0.0132509    0.453165
IMAGINARY
          0  0.00313507  -0.0149021   0.0109232
-0.00313507           0  -0.0115768 -0.00114066
  0.0149021   0.0115768           0   0.0302874
 -0.0109232  0.00114066  -0.0302874           0
Repeater1[0]<--->EndNode1[0]
REAL
   0.427995   -0.014373 -0.00926254    0.401986
  -0.014373   0.0430686   0.0121241  -0.0195718
-0.00926254   0.0121241   0.0672948 -0.00464539
   0.401986  -0.0195718 -0.00464539    0.461642
IMAGINARY
          0   0.0223443 -0.00844098   0.0293319
 -0.0223443           0   0.0012273  -0.0122098
 0.00844098  -0.0012273           0  -0.0142092
 -0.0293319   0.0122098   0.0142092           0
Repeater1[0]<--->HoM1[0]
REAL
   0.465823   0.0195445  -0.0075038    0.391338
  0.0195445   0.0341772   0.0103221   0.0132509
 -0.0075038   0.0103221   0.0468354 -0.00230316
   0.391338   0.0132509 -0.00230316    0.453165
IMAGINARY
          0  -0.0149021  0.00313507   0.0109232
  0.0149021           0   0.0115768   0.0302874
-0.00313507  -0.0115768           0 -0.00114066
 -0.0109232  -0.0302874  0.00114066           0
EndNode1[0]<--->Repeater1[0]
REAL
    0.46625 -0.00836021  -0.0223967    0.401541
-0.00836021       0.045   0.0040711  0.00709053
 -0.0223967   0.0040711     0.05125 0.000707148
   0.401541  0.00709053 0.000707148      0.4375
IMAGINARY
          0   -0.014881  0.00133245  0.00524442
   0.014881           0   0.0314928  0.00066489
-0.00133245  -0.0314928           0 -0.00975281
-0.00524442 -0.00066489  0.00975281           0
EndNode2[0]<--->HoM1[0]
REAL
    0.466667    0.0233586    0.0102588     0.399964
   0.0233586     0.036478    0.0116522 -0.000157828
   0.0102588    0.0116522    0.0477987   -0.0208333
    0.399964 -0.000157828   -0.0208333     0.449057
IMAGINARY
          0   0.0191683  -0.0191684  -0.0218943
 -0.0191683           0  0.00394554  -0.0197926
  0.0191684 -0.00394554           0  0.00680569
  0.0218943   0.0197926 -0.00680569           0
Repeater1[0]<--->EndNode1[0]
REAL
    0.46625  -0.0223967 -0.00836021    0.401541
 -0.0223967     0.05125   0.0040711 0.000707148
-0.00836021   0.0040711       0.045  0.00709053
   0.401541 0.000707148  0.00709053      0.4375
IMAGINARY
          0  0.00133245   -0.014881  0.00524442
-0.00133245           0  -0.0314928 -0.00975281
   0.014881   0.0314928           0  0.00066489
-0.00524442  0.00975281 -0.00066489           0
Repeater1[0]<--->HoM1[0]
REAL
    0.466667    0.0102588    0.0233586     0.399964
   0.0102588    0.0477987    0.0116522   -0.0208333
   0.0233586    0.0116522     0.036478 -0.000157828
    0.399964   -0.0208333 -0.000157828     0.449057
IMAGINARY
          0  -0.0191684   0.0191683  -0.0218943
  0.0191684           0 -0.00394554  0.00680569
 -0.0191683  0.00394554           0  -0.0197926
  0.0218943 -0.00680569   0.0197926           0
EndNode1[0]<--->Repeater1[0]
REAL
   0.446835   0.0183663   0.0196636    0.396726
  0.0183663   0.0379747  0.00940191  -0.0124928
  0.0196636  0.00940191   0.0405063 -0.00337282
   0.396726  -0.0124928 -0.00337282    0.474684
IMAGINARY
          0  0.00187193  0.00891417  -0.0314435
-0.00187193           0  -0.0186884  -0.0185172
-0.00891417   0.0186884           0 -0.00763377
  0.0314435   0.0185172  0.00763377           0
EndNode2[0]<--->HoM1[0]
REAL
   0.444744  0.00890655  0.00491226    0.395564
 0.00890655   0.0269542   0.0135267 -0.00238701
 0.00491226   0.0135267   0.0377358  0.00119446
   0.395564 -0.00238701  0.00119446    0.490566
IMAGINARY
           0   0.00438494   0.00100762     0.006922
 -0.00438494            0   -0.0163054  0.000332859
 -0.00100762    0.0163054            0   0.00499844
   -0.006922 -0.000332859  -0.00499844            0
Repeater1[0]<--->EndNode1[0]
REAL
   0.446835   0.0196636   0.0183663    0.396726
  0.0196636   0.0405063  0.00940191 -0.00337282
  0.0183663  0.00940191   0.0379747  -0.0124928
   0.396726 -0.00337282  -0.0124928    0.474684
IMAGINARY
          0  0.00891417  0.00187193  -0.0314435
-0.00891417           0   0.0186884 -0.00763377
-0.00187193  -0.0186884           0  -0.0185172
  0.0314435  0.00763377   0.0185172           0
Repeater1[0]<--->HoM1[0]
REAL
   0.444744  0.00491226  0.00890655    0.395564
 0.00491226   0.0377358   0.0135267  0.00119446
 0.00890655   0.0135267   0.0269542 -0.00238701
   0.395564  0.00119446 -0.00238701    0.490566
IMAGINARY
           0   0.00100762   0.00438494     0.006922
 -0.00100762            0    0.0163054   0.00499844
 -0.00438494   -0.0163054            0  0.000332859
   -0.006922  -0.00499844 -0.000332859            0
EndNode1[0]<--->Repeater1[0]
REAL
   0.442728 -0.00786122 -0.00623507     0.39236
-0.00786122    0.037323  0.00882582 -0.00232882
-0.00623507  0.00882582     0.03861  0.00324989
    0.39236 -0.00232882  0.00324989    0.481338
IMAGINARY
          0   0.0127552  0.00905501   -0.027599
 -0.0127552           0  -0.0018128  -0.0204339
-0.00905501   0.0018128           0 -0.00539245
   0.027599   0.0204339  0.00539245           0
EndNode2[0]<--->HoM1[0]
REAL
    0.464474  -0.00289084  0.000358145     0.386129
 -0.00289084    0.0407895    0.0133555    0.0189718
 0.000358145    0.0133555    0.0447368 -0.000975135
    0.386129    0.0189718 -0.000975135         0.45
IMAGINARY
          0  -0.0116613  -0.0140144  0.00976594
  0.0116613           0  -0.0237392  0.00129174
  0.0140144   0.0237392           0  0.00402768
-0.00976594 -0.00129174 -0.00402768           0
Repeater1[0]<--->EndNode1[0]
REAL
   0.442728 -0.00623507 -0.00786122     0.39236
-0.00623507     0.03861  0.00882582  0.00324989
-0.00786122  0.00882582    0.037323 -0.00232882
    0.39236  0.00324989 -0.00232882    0.481338
IMAGINARY
          0  0.00905501   0.0127552   -0.027599
-0.00905501           0   0.0018128 -0.00539245
 -0.0127552  -0.0018128           0  -0.0204339
   0.027599  0.00539245   0.0204339           0
Repeater1[0]<--->HoM1[0]
REAL
    0.464474  0.000358145  -0.00289084     0.386129
 0.000358145    0.0447368    0.0133555 -0.000975135
 -0.00289084    0.0133555    0.0407895    0.0189718
    0.386129 -0.000975135    0.0189718         0.45
IMAGINARY
          0  -0.0140144  -0.0116613  0.00976594
  0.0140144           0   0.0237392  0.00402768
  0.0116613  -0.0237392           0  0.00129174
-0.00976594 -0.00402768 -0.00129174           0
EndNode1[0]<--->Repeater1[0]
REAL
     0.42804   0.00654685  -0.00662344     0.388329
  0.00654685    0.0322581    0.0128267    0.0111164
 -0.00662344    0.0128267    0.0397022 -0.000770218
    0.388329    0.0111164 -0.000770218          0.5
IMAGINARY
           0  -0.00578282  -0.00752617   -0.0151499
  0.00578282            0 -0.000117248    0.0095342
  0.00752617  0.000117248            0   -0.0109508
   0.0151499   -0.0095342    0.0109508            0
EndNode2[0]<--->HoM1[0]
REAL
   0.478316  -0.0183397   0.0016071    0.392512
 -0.0183397   0.0395408 -0.00176655  0.00224894
  0.0016071 -0.00176655   0.0497449   0.0106276
   0.392512  0.00224894   0.0106276    0.432398
IMAGINARY
           0   0.00800529   -0.0120848   -0.0117801
 -0.00800529            0   -0.0117801  -0.00532809
   0.0120848    0.0117801            0  0.000701175
   0.0117801   0.00532809 -0.000701175            0
Repeater1[0]<--->EndNode1[0]
REAL
     0.42804  -0.00662344   0.00654685     0.388329
 -0.00662344    0.0397022    0.0128267 -0.000770218
  0.00654685    0.0128267    0.0322581    0.0111164
    0.388329 -0.000770218    0.0111164          0.5
IMAGINARY
           0  -0.00752617  -0.00578282   -0.0151499
  0.00752617            0  0.000117248   -0.0109508
  0.00578282 -0.000117248            0    0.0095342
   0.0151499    0.0109508   -0.0095342            0
Repeater1[0]<--->HoM1[0]
REAL
   0.478316   0.0016071  -0.0183397    0.392512
  0.0016071   0.0497449 -0.00176655   0.0106276
 -0.0183397 -0.00176655   0.0395408  0.00224894
   0.392512   0.0106276  0.00224894    0.432398
IMAGINARY
           0   -0.0120848   0.00800529   -0.0117801
   0.0120848            0    0.0117801  0.000701175
 -0.00800529   -0.0117801            0  -0.00532809
   0.0117801 -0.000701175   0.00532809            0
EndNode1[0]<--->Repeater1[0]
REAL
    0.43909  -0.0104497  -0.0106928    0.391206
 -0.0104497    0.038822   0.0167062 -0.00681688
 -0.0106928   0.0167062   0.0414993  0.00201911
   0.391206 -0.00681688  0.00201911    0.480589
IMAGINARY
          0  -0.0178743  0.00167512  0.00136986
  0.0178743           0 -0.00971389   0.0110085
-0.00167512  0.00971389           0  0.00786097
-0.00136986  -0.0110085 -0.00786097           0
EndNode2[0]<--->HoM1[0]
REAL
  0.430233 0.00873563  0.0116235   0.408491
0.00873563  0.0465116 0.00954133  0.0142277
 0.0116235 0.00954133  0.0387597  0.0309869
  0.408491  0.0142277  0.0309869   0.484496
IMAGINARY
          0  0.00530332  0.00736649   0.0153649
-0.00530332           0 -0.00704225  -0.0270515
-0.00736649  0.00704225           0   0.0104447
 -0.0153649   0.0270515  -0.0104447           0
Repeater1[0]<--->EndNode1[0]
REAL
    0.43909  -0.0106928  -0.0104497    0.391206
 -0.0106928   0.0414993   0.0167062  0.00201911
 -0.0104497   0.0167062    0.038822 -0.00681688
   0.391206  0.00201911 -0.00681688    0.480589
IMAGINARY
          0  0.00167512  -0.0178743  0.00136986
-0.00167512           0  0.00971389  0.00786097
  0.0178743 -0.00971389           0   0.0110085
-0.00136986 -0.00786097  -0.0110085           0
Repeater1[0]<--->HoM1[0]
REAL
  0.430233  0.0116235 0.00873563   0.408491
 0.0116235  0.0387597 0.00954133  0.0309869
0.00873563 0.00954133  0.0465116  0.0142277
  0.408491  0.0309869  0.0142277   0.484496
IMAGINARY
          0  0.00736649  0.00530332   0.0153649
-0.00736649           0  0.00704225   0.0104447
-0.00530332 -0.00704225           0  -0.0270515
 -0.0153649  -0.0104447   0.0270515           0
EndNode1[0]<--->Repeater1[0]
REAL
   0.450932  0.00283506 -0.00107555    0.405621
 0.00283506   0.0559006   0.0134772 -0.00688201
-0.00107555   0.0134772   0.0546584   0.0144063
   0.405621 -0.00688201   0.0144063    0.438509
IMAGINARY
          0 -0.00960546  0.00565189   0.0142347
 0.00960546           0  -0.0129258  -0.0103123
-0.00565189   0.0129258           0   0.0209237
 -0.0142347   0.0103123  -0.0209237           0
EndNode2[0]<--->HoM1[0]
REAL
   0.484733  0.00332151 -0.00880975    0.398245
 0.00332151   0.0279898   0.0064584   0.0261365
-0.00880975   0.0064584   0.0356234   0.0102924
   0.398245   0.0261365   0.0102924    0.451654
IMAGINARY
          0  0.00144587   0.0166232 -0.00377204
-0.00144587           0   0.0153402   0.0166232
 -0.0166232  -0.0153402           0  -0.0203507
 0.00377204  -0.0166232   0.0203507           0
Repeater1[0]<--->EndNode1[0]
REAL
   0.450932 -0.00107555  0.00283506    0.405621
-0.00107555   0.0546584   0.0134772   0.0144063
 0.00283506   0.0134772   0.0559006 -0.00688201
   0.405621   0.0144063 -0.00688201    0.438509
IMAGINARY
          0  0.00565189 -0.00960546   0.0142347
-0.00565189           0   0.0129258   0.0209237
 0.00960546  -0.0129258           0  -0.0103123
 -0.0142347  -0.0209237   0.0103123           0
Repeater1[0]<--->HoM1[0]
REAL
   0.484733 -0.00880975  0.00332151    0.398245
-0.00880975   0.0356234   0.0064584   0.0102924
 0.00332151   0.0064584   0.0279898   0.0261365
   0.398245   0.0102924   0.0261365    0.451654
IMAGINARY
          0   0.0166232  0.00144587 -0.00377204
 -0.0166232           0  -0.0153402  -0.0203507
-0.00144587   0.0153402           0   0.0166232
 0.00377204   0.0203507  -0.0166232           0
EndNode1[0]<--->Repeater1[0]
REAL
   0.477932  0.00762175  -0.0209007    0.395017
 0.00762175   0.0479193  0.00887875    0.019602
 -0.0209007  0.00887875   0.0302648 -0.00112825
   0.395017    0.019602 -0.00112825    0.443884
IMAGINARY
           0   0.00405217   0.00853385  -0.00782757
 -0.00405217            0      0.01753    -0.014722
 -0.00853385     -0.01753            0 -0.000339298
  0.00782757     0.014722  0.000339298            0
EndNode2[0]<--->HoM1[0]
REAL
   0.463226   0.0115203  0.00172804    0.392893
  0.0115203   0.0412903   0.0240839   0.0199572
 0.00172804   0.0240839   0.0387097 -0.00594411
   0.392893   0.0199572 -0.00594411    0.456774
IMAGINARY
          0 -0.00690859  0.00861058   0.0270956
 0.00690859           0   0.0132067   0.0174938
-0.00861058  -0.0132067           0   0.0129327
 -0.0270956  -0.0174938  -0.0129327           0
Repeater1[0]<--->EndNode1[0]
REAL
   0.477932  -0.0209007  0.00762175    0.395017
 -0.0209007   0.0302648  0.00887875 -0.00112825
 0.00762175  0.00887875   0.0479193    0.019602
   0.395017 -0.00112825    0.019602    0.443884
IMAGINARY
           0   0.00853385   0.00405217  -0.00782757
 -0.00853385            0     -0.01753 -0.000339298
 -0.00405217      0.01753            0    -0.014722
  0.00782757  0.000339298     0.014722            0
Repeater1[0]<--->HoM1[0]
REAL
   0.463226  0.00172804   0.0115203    0.392893
 0.00172804   0.0387097   0.0240839 -0.00594411
  0.0115203   0.0240839   0.0412903   0.0199572
   0.392893 -0.00594411   0.0199572    0.456774
IMAGINARY
          0  0.00861058 -0.00690859   0.0270956
-0.00861058           0  -0.0132067   0.0129327
 0.00690859   0.0132067           0   0.0174938
 -0.0270956  -0.0129327  -0.0174938           0
EndNode1[0]<--->Repeater1[0]
REAL
    0.465538 -0.000373371  -0.00547893     0.387167
-0.000373371    0.0459492   0.00983399    0.0126497
 -0.00547893   0.00983399    0.0399033   0.00624039
    0.387167    0.0126497   0.00624039     0.448609
IMAGINARY
           0    0.0208116   -0.0220232   0.00525991
  -0.0208116            0  0.000732098  -0.00464349
   0.0220232 -0.000732098            0   0.00852178
 -0.00525991   0.00464349  -0.00852178            0
EndNode2[0]<--->HoM1[0]
REAL
   0.435323  0.00103394  -0.0147868     0.40469
 0.00103394    0.039801 -0.00315553   0.0147868
 -0.0147868 -0.00315553   0.0385572 -0.00998535
    0.40469   0.0147868 -0.00998535    0.486318
IMAGINARY
          0  0.00232121  0.00856604  -0.0193167
-0.00232121           0  0.00846105  -0.0116794
-0.00856604 -0.00846105           0 -0.00418921
  0.0193167   0.0116794  0.00418921           0
Repeater1[0]<--->EndNode1[0]
REAL
    0.465538  -0.00547893 -0.000373371     0.387167
 -0.00547893    0.0399033   0.00983399   0.00624039
-0.000373371   0.00983399    0.0459492    0.0126497
    0.387167   0.00624039    0.0126497     0.448609
IMAGINARY
           0   -0.0220232    0.0208116   0.00525991
   0.0220232            0 -0.000732098   0.00852178
  -0.0208116  0.000732098            0  -0.00464349
 -0.00525991  -0.00852178   0.00464349            0
Repeater1[0]<--->HoM1[0]
REAL
   0.435323  -0.0147868  0.00103394     0.40469
 -0.0147868   0.0385572 -0.00315553 -0.00998535
 0.00103394 -0.00315553    0.039801   0.0147868
    0.40469 -0.00998535   0.0147868    0.486318
IMAGINARY
          0  0.00856604  0.00232121  -0.0193167
-0.00856604           0 -0.00846105 -0.00418921
-0.00232121  0.00846105           0  -0.0116794
  0.0193167  0.00418921   0.0116794           0
EndNode1[0]<--->Repeater1[0]
REAL
   0.467532  0.00736313  0.00386158    0.396864
 0.00736313   0.0350649   0.0097669 -0.00589135
 0.00386158   0.0097669   0.0428571 -0.00533336
   0.396864 -0.00589135 -0.00533336    0.454545
IMAGINARY
          0   0.0105403 -0.00774455  -0.0167787
 -0.0105403           0  0.00597816  0.00278177
 0.00774455 -0.00597816           0 -0.00433681
  0.0167787 -0.00278177  0.00433681           0
EndNode2[0]<--->HoM1[0]
REAL
   0.462516 0.000301659  -0.0115995     0.38965
0.000301659   0.0495553 -0.00247086   -0.001221
 -0.0115995 -0.00247086   0.0292249  0.00226244
    0.38965   -0.001221  0.00226244    0.458704
IMAGINARY
          0  -0.0151053 -0.00824521  -0.0145206
  0.0151053           0   0.0210995 -0.00569419
 0.00824521  -0.0210995           0   0.0181357
  0.0145206  0.00569419  -0.0181357           0
Repeater1[0]<--->EndNode1[0]
REAL
   0.467532  0.00386158  0.00736313    0.396864
 0.00386158   0.0428571   0.0097669 -0.00533336
 0.00736313   0.0097669   0.0350649 -0.00589135
   0.396864 -0.00533336 -0.00589135    0.454545
IMAGINARY
          0 -0.00774455   0.0105403  -0.0167787
 0.00774455           0 -0.00597816 -0.00433681
 -0.0105403  0.00597816           0  0.00278177
  0.0167787  0.00433681 -0.00278177           0
Repeater1[0]<--->HoM1[0]
REAL
   0.462516  -0.0115995 0.000301659     0.38965
 -0.0115995   0.0292249 -0.00247086  0.00226244
0.000301659 -0.00247086   0.0495553   -0.001221
    0.38965  0.00226244   -0.001221    0.458704
IMAGINARY
          0 -0.00824521  -0.0151053  -0.0145206
 0.00824521           0  -0.0210995   0.0181357
  0.0151053   0.0210995           0 -0.00569419
  0.0145206  -0.0181357  0.00569419           0
EndNode1[0]<--->Repeater1[0]
REAL
  0.471545 -0.0153061 -0.0053909   0.393383
-0.0153061  0.0311653 0.00316846  0.0186535
-0.0053909 0.00316846  0.0528455  0.0153061
  0.393383  0.0186535  0.0153061   0.444444
IMAGINARY
          0 -0.00770889   0.0108595  0.00349679
 0.00770889           0   0.0110535  0.00584696
 -0.0108595  -0.0110535           0 -0.00899755
-0.00349679 -0.00584696  0.00899755           0
EndNode2[0]<--->HoM1[0]
REAL
    0.459596    -0.017757  -0.00675261     0.394322
   -0.017757    0.0492424 -0.000838791  -0.00953812
 -0.00675261 -0.000838791    0.0340909   -0.0022931
    0.394322  -0.00953812   -0.0022931     0.457071
IMAGINARY
          0  0.00115057  -0.0206122 -0.00727671
-0.00115057           0  -0.0141431   0.0300208
  0.0206122   0.0141431           0  -0.0132473
 0.00727671  -0.0300208   0.0132473           0
Repeater1[0]<--->EndNode1[0]
REAL
  0.471545 -0.0053909 -0.0153061   0.393383
-0.0053909  0.0528455 0.00316846  0.0153061
-0.0153061 0.00316846  0.0311653  0.0186535
  0.393383  0.0153061  0.0186535   0.444444
IMAGINARY
          0   0.0108595 -0.00770889  0.00349679
 -0.0108595           0  -0.0110535 -0.00899755
 0.00770889   0.0110535           0  0.00584696
-0.00349679  0.00899755 -0.00584696           0
Repeater1[0]<--->HoM1[0]
REAL
    0.459596  -0.00675261    -0.017757     0.394322
 -0.00675261    0.0340909 -0.000838791   -0.0022931
   -0.017757 -0.000838791    0.0492424  -0.00953812
    0.394322   -0.0022931  -0.00953812     0.457071
IMAGINARY
          0  -0.0206122  0.00115057 -0.00727671
  0.0206122           0   0.0141431  -0.0132473
-0.00115057  -0.0141431           0   0.0300208
 0.00727671   0.0132473  -0.0300208           0
EndNode1[0]<--->Repeater1[0]
REAL
  0.466667 0.00614384  0.0129573   0.383527
0.00614384  0.0440252 0.00226016 -0.0104193
 0.0129573 0.00226016   0.045283 -0.0010677
  0.383527 -0.0104193 -0.0010677   0.444025
IMAGINARY
          0   0.0187301  -0.0102195   0.0230648
 -0.0187301           0   -0.010614   -0.017485
  0.0102195    0.010614           0  0.00369738
 -0.0230648    0.017485 -0.00369738           0
EndNode2[0]<--->HoM1[0]
REAL
   0.455882   0.0136159 4.13821e-05    0.406096
  0.0136159    0.040107 -0.00396309  -0.0144705
4.13821e-05 -0.00396309   0.0387701   -0.015498
   0.406096  -0.0144705   -0.015498    0.465241
IMAGINARY
           0  0.000613542  -0.00771323  0.000693326
-0.000613542            0     0.011056   0.00238778
  0.00771323    -0.011056            0    0.0047119
-0.000693326  -0.00238778   -0.0047119            0
Repeater1[0]<--->EndNode1[0]
REAL
  0.466667  0.0129573 0.00614384   0.383527
 0.0129573   0.045283 0.00226016 -0.0010677
0.00614384 0.00226016  0.0440252 -0.0104193
  0.383527 -0.0010677 -0.0104193   0.444025
IMAGINARY
          0  -0.0102195   0.0187301   0.0230648
  0.0102195           0    0.010614  0.00369738
 -0.0187301   -0.010614           0   -0.017485
 -0.0230648 -0.00369738    0.017485           0
Repeater1[0]<--->HoM1[0]
REAL
   0.455882 4.13821e-05   0.0136159    0.406096
4.13821e-05   0.0387701 -0.00396309   -0.015498
  0.0136159 -0.00396309    0.040107  -0.0144705
   0.406096   -0.015498  -0.0144705    0.465241
IMAGINARY
           0  -0.00771323  0.000613542  0.000693326
  0.00771323            0    -0.011056    0.0047119
-0.000613542     0.011056            0   0.00238778
-0.000693326   -0.0047119  -0.00238778            0
EndNode1[0]<--->Repeater1[0]
REAL
   0.450535   0.0133133  0.00847809     0.40061
  0.0133133   0.0441176  0.00765917 -0.00977008
 0.00847809  0.00765917   0.0467914  -0.0029774
    0.40061 -0.00977008  -0.0029774    0.458556
IMAGINARY
          0 -0.00283078 -0.00293355  0.00101759
 0.00283078           0  -0.0156065 -0.00228839
 0.00293355   0.0156065           0  0.00805271
-0.00101759  0.00228839 -0.00805271           0
EndNode2[0]<--->HoM1[0]
REAL
   0.448101   0.0236611 -0.00650761    0.392404
  0.0236611   0.0455696  0.00149506  0.00385509
-0.00650761  0.00149506   0.0392405 -0.00774596
   0.392404  0.00385509 -0.00774596    0.467089
IMAGINARY
          0   0.0134987 -0.00421694  -0.0153429
 -0.0134987           0   0.0108384 -0.00487397
 0.00421694  -0.0108384           0   0.0241637
  0.0153429  0.00487397  -0.0241637           0
Repeater1[0]<--->EndNode1[0]
REAL
   0.450535  0.00847809   0.0133133     0.40061
 0.00847809   0.0467914  0.00765917  -0.0029774
  0.0133133  0.00765917   0.0441176 -0.00977008
    0.40061  -0.0029774 -0.00977008    0.458556
IMAGINARY
          0 -0.00293355 -0.00283078  0.00101759
 0.00293355           0   0.0156065  0.00805271
 0.00283078  -0.0156065           0 -0.00228839
-0.00101759 -0.00805271  0.00228839           0
Repeater1[0]<--->HoM1[0]
REAL
   0.448101 -0.00650761   0.0236611    0.392404
-0.00650761   0.0392405  0.00149506 -0.00774596
  0.0236611  0.00149506   0.0455696  0.00385509
   0.392404 -0.00774596  0.00385509    0.467089
IMAGINARY
          0 -0.00421694   0.0134987  -0.0153429
 0.00421694           0  -0.0108384   0.0241637
 -0.0134987   0.0108384           0 -0.00487397
  0.0153429  -0.0241637  0.00487397           0
EndNode1[0]<--->Repeater1[0]
REAL
    0.441215  -0.00397709  -0.00127504     0.396709
 -0.00397709    0.0409511   0.00419195 -0.000655462
 -0.00127504   0.00419195    0.0568032    0.0110556
    0.396709 -0.000655462    0.0110556      0.46103
IMAGINARY
           0    -0.028227  -0.00160442  0.000313719
    0.028227            0    0.0235541   0.00908741
  0.00160442   -0.0235541            0   0.00577803
-0.000313719  -0.00908741  -0.00577803            0
EndNode2[0]<--->HoM1[0]
REAL
  0.444444 -0.0161844 0.00741197   0.397573
-0.0161844  0.0358025  0.0184265 -0.0220786
0.00741197  0.0184265  0.0493827  0.0028511
  0.397573 -0.0220786  0.0028511    0.47037
IMAGINARY
          0  0.00810946 -0.00438772   0.0066464
-0.00810946           0  0.00340385 -0.00509095
 0.00438772 -0.00340385           0 -0.00337013
 -0.0066464  0.00509095  0.00337013           0
Repeater1[0]<--->EndNode1[0]
REAL
    0.441215  -0.00127504  -0.00397709     0.396709
 -0.00127504    0.0568032   0.00419195    0.0110556
 -0.00397709   0.00419195    0.0409511 -0.000655462
    0.396709    0.0110556 -0.000655462      0.46103
IMAGINARY
           0  -0.00160442    -0.028227  0.000313719
  0.00160442            0   -0.0235541   0.00577803
    0.028227    0.0235541            0   0.00908741
-0.000313719  -0.00577803  -0.00908741            0
Repeater1[0]<--->HoM1[0]
REAL
  0.444444 0.00741197 -0.0161844   0.397573
0.00741197  0.0493827  0.0184265  0.0028511
-0.0161844  0.0184265  0.0358025 -0.0220786
  0.397573  0.0028511 -0.0220786    0.47037
IMAGINARY
          0 -0.00438772  0.00810946   0.0066464
 0.00438772           0 -0.00340385 -0.00337013
-0.00810946  0.00340385           0 -0.00509095
 -0.0066464  0.00337013  0.00509095           0
EndNode1[0]<--->Repeater1[0]
REAL
   0.482927   -0.010126 -0.00666098    0.409929
  -0.010126   0.0439024  0.00493548  -0.0190147
-0.00666098  0.00493548   0.0560976 -0.00338748
   0.409929  -0.0190147 -0.00338748    0.417073
IMAGINARY
          0  0.00758773  -0.0177203   -0.014455
-0.00758773           0 -0.00386965  0.00614905
  0.0177203  0.00386965           0  0.00154747
   0.014455 -0.00614905 -0.00154747           0
EndNode2[0]<--->HoM1[0]
REAL
   0.461634  -0.0307907  0.00413259    0.384597
 -0.0307907   0.0519802   0.0102067  -0.0250451
 0.00413259   0.0102067   0.0507426 -0.00152865
   0.384597  -0.0250451 -0.00152865    0.435644
IMAGINARY
          0  -0.0100769 -0.00290274 -0.00469337
  0.0100769           0 -0.00469337   0.0126588
 0.00290274  0.00469337           0  0.00397933
 0.00469337  -0.0126588 -0.00397933           0
Repeater1[0]<--->EndNode1[0]
REAL
   0.482927 -0.00666098   -0.010126    0.409929
-0.00666098   0.0560976  0.00493548 -0.00338748
  -0.010126  0.00493548   0.0439024  -0.0190147
   0.409929 -0.00338748  -0.0190147    0.417073
IMAGINARY
          0  -0.0177203  0.00758773   -0.014455
  0.0177203           0  0.00386965  0.00154747
-0.00758773 -0.00386965           0  0.00614905
   0.014455 -0.00154747 -0.00614905           0
Repeater1[0]<--->HoM1[0]
REAL
   0.461634  0.00413259  -0.0307907    0.384597
 0.00413259   0.0507426   0.0102067 -0.00152865
 -0.0307907   0.0102067   0.0519802  -0.0250451
   0.384597 -0.00152865  -0.0250451    0.435644
IMAGINARY
          0 -0.00290274  -0.0100769 -0.00469337
 0.00290274           0  0.00469337  0.00397933
  0.0100769 -0.00469337           0   0.0126588
 0.00469337 -0.00397933  -0.0126588           0
EndNode1[0]<--->Repeater1[0]
REAL
   0.445623  -0.0191472  -0.0299274    0.391077
 -0.0191472   0.0530504   0.0126171 -0.00569268
 -0.0299274   0.0126171   0.0596817 -0.00987652
   0.391077 -0.00569268 -0.00987652    0.441645
IMAGINARY
          0  -0.0252968  0.00631649   0.0119397
  0.0252968           0   0.0054797   0.0255728
-0.00631649  -0.0054797           0  -0.0174228
 -0.0119397  -0.0255728   0.0174228           0
EndNode2[0]<--->HoM1[0]
REAL
   0.443312 -0.00191636  -0.0155299    0.383792
