EndNode1[0]<--->Repeater1[0]
REAL
   0.457944   0.0215205  0.00400475     0.42552
  0.0215205   0.0453939  0.00286841   0.0164556
 0.00400475  0.00286841    0.034713 -0.00106014
    0.42552   0.0164556 -0.00106014    0.461949
IMAGINARY
          0  -0.0158309   0.0112967  -0.0132948
  0.0158309           0  -0.0095165   0.0149464
 -0.0112967   0.0095165           0  0.00339992
  0.0132948  -0.0149464 -0.00339992           0
EndNode2[0]<--->HoM1[0]
REAL
    0.47543  -0.0164026 -0.00502511    0.416369
 -0.0164026    0.041769  0.00215957  0.00173996
-0.00502511  0.00215957    0.034398  -0.0105356
   0.416369  0.00173996  -0.0105356    0.448403
IMAGINARY
           0  4.84929e-05  -0.00194301    0.0104852
-4.84929e-05            0    -0.021177   0.00194301
  0.00194301     0.021177            0   0.00263247
  -0.0104852  -0.00194301  -0.00263247            0
Repeater1[0]<--->EndNode1[0]
REAL
   0.457944  0.00400475   0.0215205     0.42552
 0.00400475    0.034713  0.00286841 -0.00106014
  0.0215205  0.00286841   0.0453939   0.0164556
    0.42552 -0.00106014   0.0164556    0.461949
IMAGINARY
          0   0.0112967  -0.0158309  -0.0132948
 -0.0112967           0   0.0095165  0.00339992
  0.0158309  -0.0095165           0   0.0149464
  0.0132948 -0.00339992  -0.0149464           0
Repeater1[0]<--->HoM1[0]
REAL
    0.47543 -0.00502511  -0.0164026    0.416369
-0.00502511    0.034398  0.00215957  -0.0105356
 -0.0164026  0.00215957    0.041769  0.00173996
   0.416369  -0.0105356  0.00173996    0.448403
IMAGINARY
           0  -0.00194301  4.84929e-05    0.0104852
  0.00194301            0     0.021177   0.00263247
-4.84929e-05    -0.021177            0   0.00194301
  -0.0104852  -0.00263247  -0.00194301            0
EndNode1[0]<--->Repeater1[0]
REAL
     0.45297   -0.0061526   -0.0174074     0.420317
  -0.0061526    0.0334158   -0.0013297      0.01361
  -0.0174074   -0.0013297    0.0346535 -0.000176509
    0.420317      0.01361 -0.000176509      0.47896
IMAGINARY
          0 -0.00708975  0.00499159  0.00887038
 0.00708975           0  0.00511098   0.0248889
-0.00499159 -0.00511098           0  -0.0267748
-0.00887038  -0.0248889   0.0267748           0
EndNode2[0]<--->HoM1[0]
REAL
   0.455696 -0.00154017  0.00577489    0.414066
-0.00154017   0.0405063  0.00280759  -0.0107377
 0.00577489  0.00280759   0.0443038  0.00774365
   0.414066  -0.0107377  0.00774365    0.459494
IMAGINARY
           0    0.0119423    0.0107337  -0.00436404
  -0.0119423            0   0.00501934   -0.0233165
  -0.0107337  -0.00501934            0 -0.000683992
  0.00436404    0.0233165  0.000683992            0
Repeater1[0]<--->EndNode1[0]
REAL
     0.45297   -0.0174074   -0.0061526     0.420317
  -0.0174074    0.0346535   -0.0013297 -0.000176509
  -0.0061526   -0.0013297    0.0334158      0.01361
    0.420317 -0.000176509      0.01361      0.47896
IMAGINARY
          0  0.00499159 -0.00708975  0.00887038
-0.00499159           0 -0.00511098  -0.0267748
 0.00708975  0.00511098           0   0.0248889
-0.00887038   0.0267748  -0.0248889           0
Repeater1[0]<--->HoM1[0]
REAL
   0.455696  0.00577489 -0.00154017    0.414066
 0.00577489   0.0443038  0.00280759  0.00774365
-0.00154017  0.00280759   0.0405063  -0.0107377
   0.414066  0.00774365  -0.0107377    0.459494
IMAGINARY
           0    0.0107337    0.0119423  -0.00436404
  -0.0107337            0  -0.00501934 -0.000683992
  -0.0119423   0.00501934            0   -0.0233165
  0.00436404  0.000683992    0.0233165            0
EndNode1[0]<--->Repeater1[0]
REAL
  0.461942 0.00176698  0.0110385   0.428482
0.00176698  0.0433071 0.00192117 0.00910801
 0.0110385 0.00192117  0.0406824  0.0196005
  0.428482 0.00910801  0.0196005   0.454068
IMAGINARY
          0   0.0126784 -0.00612221   0.0205021
 -0.0126784           0  0.00602846 -0.00550569
 0.00612221 -0.00602846           0  0.00874141
 -0.0205021  0.00550569 -0.00874141           0
EndNode2[0]<--->HoM1[0]
REAL
   0.451398   0.0127628  -0.0147599    0.420187
  0.0127628   0.0306258  0.00140528  0.00209404
 -0.0147599  0.00140528   0.0372836 -0.00250946
   0.420187  0.00209404 -0.00250946    0.480692
IMAGINARY
          0   0.0252295 -0.00517156  0.00748808
 -0.0252295           0  -0.0131627  -0.0202092
 0.00517156   0.0131627           0 -0.00238682
-0.00748808   0.0202092  0.00238682           0
Repeater1[0]<--->EndNode1[0]
REAL
  0.461942  0.0110385 0.00176698   0.428482
 0.0110385  0.0406824 0.00192117  0.0196005
0.00176698 0.00192117  0.0433071 0.00910801
  0.428482  0.0196005 0.00910801   0.454068
IMAGINARY
          0 -0.00612221   0.0126784   0.0205021
 0.00612221           0 -0.00602846  0.00874141
 -0.0126784  0.00602846           0 -0.00550569
 -0.0205021 -0.00874141  0.00550569           0
Repeater1[0]<--->HoM1[0]
REAL
   0.451398  -0.0147599   0.0127628    0.420187
 -0.0147599   0.0372836  0.00140528 -0.00250946
  0.0127628  0.00140528   0.0306258  0.00209404
   0.420187 -0.00250946  0.00209404    0.480692
IMAGINARY
          0 -0.00517156   0.0252295  0.00748808
 0.00517156           0   0.0131627 -0.00238682
 -0.0252295  -0.0131627           0  -0.0202092
-0.00748808  0.00238682   0.0202092           0
EndNode1[0]<--->Repeater1[0]
REAL
   0.490272  -0.0165956 -0.00485632    0.416711
 -0.0165956   0.0350195   0.0167111  -0.0171144
-0.00485632   0.0167111   0.0246433 -0.00803818
   0.416711  -0.0171144 -0.00803818    0.450065
IMAGINARY
          0 -0.00168782 -0.00609282   0.0116351
 0.00168782           0 -0.00710731  0.00879552
 0.00609282  0.00710731           0 -0.00371759
 -0.0116351 -0.00879552  0.00371759           0
EndNode2[0]<--->HoM1[0]
REAL
   0.470828  -0.0046871 -0.00105788    0.421251
 -0.0046871   0.0393487 -0.00356081  -0.0136841
-0.00105788 -0.00356081    0.036635  -0.0112834
   0.421251  -0.0136841  -0.0112834    0.453189
IMAGINARY
          0 -0.00396355   0.0050971   0.0333618
 0.00396355           0  0.00836183  -0.0163753
 -0.0050971 -0.00836183           0   0.0152417
 -0.0333618   0.0163753  -0.0152417           0
Repeater1[0]<--->EndNode1[0]
REAL
   0.490272 -0.00485632  -0.0165956    0.416711
-0.00485632   0.0246433   0.0167111 -0.00803818
 -0.0165956   0.0167111   0.0350195  -0.0171144
   0.416711 -0.00803818  -0.0171144    0.450065
IMAGINARY
          0 -0.00609282 -0.00168782   0.0116351
 0.00609282           0  0.00710731 -0.00371759
 0.00168782 -0.00710731           0  0.00879552
 -0.0116351  0.00371759 -0.00879552           0
Repeater1[0]<--->HoM1[0]
REAL
   0.470828 -0.00105788  -0.0046871    0.421251
-0.00105788    0.036635 -0.00356081  -0.0112834
 -0.0046871 -0.00356081   0.0393487  -0.0136841
   0.421251  -0.0112834  -0.0136841    0.453189
IMAGINARY
          0   0.0050971 -0.00396355   0.0333618
 -0.0050971           0 -0.00836183   0.0152417
 0.00396355  0.00836183           0  -0.0163753
 -0.0333618  -0.0152417   0.0163753           0
EndNode1[0]<--->Repeater1[0]
REAL
   0.451613 -0.00892244   0.0064143    0.417567
-0.00892244    0.041816  0.00111141  -0.0286506
  0.0064143  0.00111141   0.0394265  -0.0133139
   0.417567  -0.0286506  -0.0133139    0.467145
IMAGINARY
          0  -0.0146138  0.00706536 -0.00345402
  0.0146138           0   0.0181037   0.0131878
-0.00706536  -0.0181037           0  -0.0056394
 0.00345402  -0.0131878   0.0056394           0
EndNode2[0]<--->HoM1[0]
REAL
   0.462821   -0.013067   0.0102665    0.416164
  -0.013067   0.0384615 -0.00323166  0.00573865
  0.0102665 -0.00323166   0.0269231    0.016268
   0.416164  0.00573865    0.016268    0.471795
IMAGINARY
          0   -0.025505   0.0311096  0.00896889
   0.025505           0 -0.00444107   0.0205276
 -0.0311096  0.00444107           0  -0.0236134
-0.00896889  -0.0205276   0.0236134           0
Repeater1[0]<--->EndNode1[0]
REAL
   0.451613   0.0064143 -0.00892244    0.417567
  0.0064143   0.0394265  0.00111141  -0.0133139
-0.00892244  0.00111141    0.041816  -0.0286506
   0.417567  -0.0133139  -0.0286506    0.467145
IMAGINARY
          0  0.00706536  -0.0146138 -0.00345402
-0.00706536           0  -0.0181037  -0.0056394
  0.0146138   0.0181037           0   0.0131878
 0.00345402   0.0056394  -0.0131878           0
Repeater1[0]<--->HoM1[0]
REAL
   0.462821   0.0102665   -0.013067    0.416164
  0.0102665   0.0269231 -0.00323166    0.016268
  -0.013067 -0.00323166   0.0384615  0.00573865
   0.416164    0.016268  0.00573865    0.471795
IMAGINARY
          0   0.0311096   -0.025505  0.00896889
 -0.0311096           0  0.00444107  -0.0236134
   0.025505 -0.00444107           0   0.0205276
-0.00896889   0.0236134  -0.0205276           0
EndNode1[0]<--->Repeater1[0]
REAL
   0.462898  -0.0117445  0.00280687    0.417945
 -0.0117445   0.0365135   0.0187304 -0.00148761
 0.00280687   0.0187304   0.0447585  0.00778673
   0.417945 -0.00148761  0.00778673     0.45583
IMAGINARY
          0 -0.00759981  -0.0108312    0.014904
 0.00759981           0   0.0103878 -0.00749341
  0.0108312  -0.0103878           0  0.00105531
  -0.014904  0.00749341 -0.00105531           0
EndNode2[0]<--->HoM1[0]
REAL
   0.470968  -0.0277111   0.0145191     0.42127
 -0.0277111   0.0374194 -0.00346148 -0.00219037
  0.0145191 -0.00346148   0.0322581   0.0236015
    0.42127 -0.00219037   0.0236015    0.459355
IMAGINARY
          0   0.0161862 -0.00180622  -0.0254502
 -0.0161862           0   0.0119731  -0.0223873
 0.00180622  -0.0119731           0   0.0268245
  0.0254502   0.0223873  -0.0268245           0
Repeater1[0]<--->EndNode1[0]
REAL
   0.462898  0.00280687  -0.0117445    0.417945
 0.00280687   0.0447585   0.0187304  0.00778673
 -0.0117445   0.0187304   0.0365135 -0.00148761
   0.417945  0.00778673 -0.00148761     0.45583
IMAGINARY
          0  -0.0108312 -0.00759981    0.014904
  0.0108312           0  -0.0103878  0.00105531
 0.00759981   0.0103878           0 -0.00749341
  -0.014904 -0.00105531  0.00749341           0
Repeater1[0]<--->HoM1[0]
REAL
   0.470968   0.0145191  -0.0277111     0.42127
  0.0145191   0.0322581 -0.00346148   0.0236015
 -0.0277111 -0.00346148   0.0374194 -0.00219037
    0.42127   0.0236015 -0.00219037    0.459355
IMAGINARY
          0 -0.00180622   0.0161862  -0.0254502
 0.00180622           0  -0.0119731   0.0268245
 -0.0161862   0.0119731           0  -0.0223873
  0.0254502  -0.0268245   0.0223873           0
EndNode1[0]<--->Repeater1[0]
REAL
  0.464901 0.00588818 0.00783463   0.411987
0.00588818  0.0450331 0.00489633  0.0103472
0.00783463 0.00489633  0.0516556 0.00709883
  0.411987  0.0103472 0.00709883   0.438411
IMAGINARY
           0  -0.00994185 -0.000412729  -0.00195804
  0.00994185            0   -0.0052693   0.00408021
 0.000412729    0.0052693            0   0.00627437
  0.00195804  -0.00408021  -0.00627437            0
EndNode2[0]<--->HoM1[0]
REAL
   0.476323   0.0104529  0.00109666    0.426048
  0.0104529   0.0376045  0.00366803  0.00691814
 0.00109666  0.00366803   0.0306407 -0.00120509
   0.426048  0.00691814 -0.00120509    0.455432
IMAGINARY
          0 -0.00881603  -0.0056665 -0.00875231
 0.00881603           0  -0.0156532  0.00631333
  0.0056665   0.0156532           0  0.00558188
 0.00875231 -0.00631333 -0.00558188           0
Repeater1[0]<--->EndNode1[0]
REAL
  0.464901 0.00783463 0.00588818   0.411987
0.00783463  0.0516556 0.00489633 0.00709883
0.00588818 0.00489633  0.0450331  0.0103472
  0.411987 0.00709883  0.0103472   0.438411
IMAGINARY
           0 -0.000412729  -0.00994185  -0.00195804
 0.000412729            0    0.0052693   0.00627437
  0.00994185   -0.0052693            0   0.00408021
  0.00195804  -0.00627437  -0.00408021            0
Repeater1[0]<--->HoM1[0]
REAL
   0.476323  0.00109666   0.0104529    0.426048
 0.00109666   0.0306407  0.00366803 -0.00120509
  0.0104529  0.00366803   0.0376045  0.00691814
   0.426048 -0.00120509  0.00691814    0.455432
IMAGINARY
          0  -0.0056665 -0.00881603 -0.00875231
  0.0056665           0   0.0156532  0.00558188
 0.00881603  -0.0156532           0  0.00631333
 0.00875231 -0.00558188 -0.00631333           0
EndNode1[0]<--->Repeater1[0]
REAL
   0.470366   0.0129804  0.00909091    0.424755
  0.0129804   0.0327869  0.00198017 -0.00909091
 0.00909091  0.00198017   0.0390921  0.00115842
   0.424755 -0.00909091  0.00115842    0.457755
IMAGINARY
          0   0.0114931  -0.0105952  0.00695227
 -0.0114931           0   0.0122293 -0.00118491
  0.0105952  -0.0122293           0 -0.00102185
-0.00695227  0.00118491  0.00102185           0
EndNode2[0]<--->HoM1[0]
REAL
   0.451571 0.000733684    0.029264    0.408534
0.000733684   0.0379581  0.00430489 -0.00276219
   0.029264  0.00430489   0.0379581 -0.00250047
   0.408534 -0.00276219 -0.00250047    0.472513
IMAGINARY
          0  0.00311299 -0.00663884 -0.00117378
-0.00311299           0   0.0124803  -0.0182368
 0.00663884  -0.0124803           0   0.0130562
 0.00117378   0.0182368  -0.0130562           0
Repeater1[0]<--->EndNode1[0]
REAL
   0.470366  0.00909091   0.0129804    0.424755
 0.00909091   0.0390921  0.00198017  0.00115842
  0.0129804  0.00198017   0.0327869 -0.00909091
   0.424755  0.00115842 -0.00909091    0.457755
IMAGINARY
          0  -0.0105952   0.0114931  0.00695227
  0.0105952           0  -0.0122293 -0.00102185
 -0.0114931   0.0122293           0 -0.00118491
-0.00695227  0.00102185  0.00118491           0
Repeater1[0]<--->HoM1[0]
REAL
   0.451571    0.029264 0.000733684    0.408534
   0.029264   0.0379581  0.00430489 -0.00250047
0.000733684  0.00430489   0.0379581 -0.00276219
   0.408534 -0.00250047 -0.00276219    0.472513
IMAGINARY
          0 -0.00663884  0.00311299 -0.00117378
 0.00663884           0  -0.0124803   0.0130562
-0.00311299   0.0124803           0  -0.0182368
 0.00117378  -0.0130562   0.0182368           0
EndNode1[0]<--->Repeater1[0]
REAL
   0.462338  0.00604234   0.0144123    0.413307
 0.00604234   0.0415584   0.0118802  0.00429089
  0.0144123   0.0118802   0.0493506 -0.00230169
   0.413307  0.00429089 -0.00230169    0.446753
IMAGINARY
          0  0.00195312   0.0157426  -0.0176071
-0.00195312           0   0.0456683  -0.0163911
 -0.0157426  -0.0456683           0 -0.00389864
  0.0176071   0.0163911  0.00389864           0
EndNode2[0]<--->HoM1[0]
REAL
  0.477477 -0.0042707 0.00499291    0.41967
-0.0042707   0.037323 0.00280001 -0.0148484
0.00499291 0.00280001   0.042471 -0.0042707
   0.41967 -0.0148484 -0.0042707   0.442728
IMAGINARY
          0 -0.00506865   0.0107114   0.0203725
 0.00506865           0 -0.00808275  -0.0131564
 -0.0107114  0.00808275           0  0.00262366
 -0.0203725   0.0131564 -0.00262366           0
Repeater1[0]<--->EndNode1[0]
REAL
   0.462338   0.0144123  0.00604234    0.413307
  0.0144123   0.0493506   0.0118802 -0.00230169
 0.00604234   0.0118802   0.0415584  0.00429089
   0.413307 -0.00230169  0.00429089    0.446753
IMAGINARY
          0   0.0157426  0.00195312  -0.0176071
 -0.0157426           0  -0.0456683 -0.00389864
-0.00195312   0.0456683           0  -0.0163911
  0.0176071  0.00389864   0.0163911           0
Repeater1[0]<--->HoM1[0]
REAL
  0.477477 0.00499291 -0.0042707    0.41967
0.00499291   0.042471 0.00280001 -0.0042707
-0.0042707 0.00280001   0.037323 -0.0148484
   0.41967 -0.0042707 -0.0148484   0.442728
IMAGINARY
          0   0.0107114 -0.00506865   0.0203725
 -0.0107114           0  0.00808275  0.00262366
 0.00506865 -0.00808275           0  -0.0131564
 -0.0203725 -0.00262366   0.0131564           0
EndNode1[0]<--->Repeater1[0]
REAL
  0.455826 0.00333512  0.0121232   0.415928
0.00333512  0.0409731  0.0106779  0.0121232
 0.0121232  0.0106779  0.0307298 0.00780511
  0.415928  0.0121232 0.00780511   0.472471
IMAGINARY
           0  -0.00886292 -0.000910161  -0.00403522
  0.00886292            0   -0.0294805  -0.00613209
 0.000910161    0.0294805            0    0.0133444
  0.00403522   0.00613209   -0.0133444            0
EndNode2[0]<--->HoM1[0]
REAL
   0.464332 -0.00761843 -0.00856596    0.413242
-0.00761843   0.0505837 -0.00593818   0.0127794
-0.00856596 -0.00593818   0.0363165 -0.00221303
   0.413242   0.0127794 -0.00221303    0.448768
IMAGINARY
          0  0.00571565  -0.0107949  -0.0202073
-0.00571565           0  0.00360218 -0.00548982
  0.0107949 -0.00360218           0  0.00695022
  0.0202073  0.00548982 -0.00695022           0
Repeater1[0]<--->EndNode1[0]
REAL
  0.455826  0.0121232 0.00333512   0.415928
 0.0121232  0.0307298  0.0106779 0.00780511
0.00333512  0.0106779  0.0409731  0.0121232
  0.415928 0.00780511  0.0121232   0.472471
IMAGINARY
           0 -0.000910161  -0.00886292  -0.00403522
 0.000910161            0    0.0294805    0.0133444
  0.00886292   -0.0294805            0  -0.00613209
  0.00403522   -0.0133444   0.00613209            0
Repeater1[0]<--->HoM1[0]
REAL
   0.464332 -0.00856596 -0.00761843    0.413242
-0.00856596   0.0363165 -0.00593818 -0.00221303
-0.00761843 -0.00593818   0.0505837   0.0127794
   0.413242 -0.00221303   0.0127794    0.448768
IMAGINARY
          0  -0.0107949  0.00571565  -0.0202073
  0.0107949           0 -0.00360218  0.00695022
-0.00571565  0.00360218           0 -0.00548982
  0.0202073 -0.00695022  0.00548982           0
EndNode1[0]<--->Repeater1[0]
REAL
   0.493455  -0.0208549 -0.00998909    0.421214
 -0.0208549   0.0405759  -0.0109895  0.00126091
-0.00998909  -0.0109895   0.0379581   0.0121267
   0.421214  0.00126091   0.0121267     0.42801
IMAGINARY
          0  0.00355939 -0.00815134 -0.00131926
-0.00355939           0  0.00131926 -0.00162702
 0.00815134 -0.00131926           0  0.00621897
 0.00131926  0.00162702 -0.00621897           0
EndNode2[0]<--->HoM1[0]
REAL
   0.456274  -0.0178393  -0.0145378    0.410238
 -0.0178393   0.0430925  -0.0013777 0.000613732
 -0.0145378  -0.0013777   0.0481622 -0.00621136
   0.410238 0.000613732 -0.00621136    0.452471
IMAGINARY
          0  -0.0161069   0.0199398   0.0163153
  0.0161069           0  -0.0207967  0.00783793
 -0.0199398   0.0207967           0  -0.0116709
 -0.0163153 -0.00783793   0.0116709           0
Repeater1[0]<--->EndNode1[0]
REAL
   0.493455 -0.00998909  -0.0208549    0.421214
-0.00998909   0.0379581  -0.0109895   0.0121267
 -0.0208549  -0.0109895   0.0405759  0.00126091
   0.421214   0.0121267  0.00126091     0.42801
IMAGINARY
          0 -0.00815134  0.00355939 -0.00131926
 0.00815134           0 -0.00131926  0.00621897
-0.00355939  0.00131926           0 -0.00162702
 0.00131926 -0.00621897  0.00162702           0
Repeater1[0]<--->HoM1[0]
REAL
   0.456274  -0.0145378  -0.0178393    0.410238
 -0.0145378   0.0481622  -0.0013777 -0.00621136
 -0.0178393  -0.0013777   0.0430925 0.000613732
   0.410238 -0.00621136 0.000613732    0.452471
IMAGINARY
          0   0.0199398  -0.0161069   0.0163153
 -0.0199398           0   0.0207967  -0.0116709
  0.0161069  -0.0207967           0  0.00783793
 -0.0163153   0.0116709 -0.00783793           0
EndNode1[0]<--->Repeater1[0]
REAL
    0.507042      0.01571 -0.000648605     0.418016
     0.01571    0.0204866    0.0100881    0.0235244
-0.000648605    0.0100881    0.0384123  -0.00982764
    0.418016    0.0235244  -0.00982764     0.434059
IMAGINARY
          0  0.00643501  0.00902373   0.0022257
-0.00643501           0   0.0257327  -0.0192539
-0.00902373  -0.0257327           0  0.00891026
 -0.0022257   0.0192539 -0.00891026           0
EndNode2[0]<--->HoM1[0]
REAL
    0.430769  -0.00494511   0.00386057     0.407579
 -0.00494511    0.0461538   0.00569261 -0.000575422
  0.00386057   0.00569261    0.0525641  0.000345897
    0.407579 -0.000575422  0.000345897     0.470513
IMAGINARY
          0  -0.0269974 -0.00542919  0.00672397
  0.0269974           0   0.0175348  0.00605812
 0.00542919  -0.0175348           0   0.0112742
-0.00672397 -0.00605812  -0.0112742           0
Repeater1[0]<--->EndNode1[0]
REAL
    0.507042 -0.000648605      0.01571     0.418016
-0.000648605    0.0384123    0.0100881  -0.00982764
     0.01571    0.0100881    0.0204866    0.0235244
    0.418016  -0.00982764    0.0235244     0.434059
IMAGINARY
          0  0.00902373  0.00643501   0.0022257
-0.00902373           0  -0.0257327  0.00891026
-0.00643501   0.0257327           0  -0.0192539
 -0.0022257 -0.00891026   0.0192539           0
Repeater1[0]<--->HoM1[0]
REAL
    0.430769   0.00386057  -0.00494511     0.407579
  0.00386057    0.0525641   0.00569261  0.000345897
 -0.00494511   0.00569261    0.0461538 -0.000575422
    0.407579  0.000345897 -0.000575422     0.470513
IMAGINARY
          0 -0.00542919  -0.0269974  0.00672397
 0.00542919           0  -0.0175348   0.0112742
  0.0269974   0.0175348           0  0.00605812
-0.00672397  -0.0112742 -0.00605812           0
EndNode1[0]<--->Repeater1[0]
REAL
   0.510204 -0.00103307  -0.0128575    0.398717
-0.00103307   0.0326531 -0.00220799  0.00662305
 -0.0128575 -0.00220799   0.0408163 -0.00644823
   0.398717  0.00662305 -0.00644823    0.416327
IMAGINARY
           0  -0.00880937    0.0174451   -0.0101911
  0.00880937            0   0.00511499 -0.000932572
  -0.0174451  -0.00511499            0   0.00154385
   0.0101911  0.000932572  -0.00154385            0
EndNode2[0]<--->HoM1[0]
REAL
   0.472258   0.0161148 -0.00124691    0.416354
  0.0161148   0.0309677   0.0154644   0.0151358
-0.00124691   0.0154644   0.0270968 -0.00980172
   0.416354   0.0151358 -0.00980172    0.469677
IMAGINARY
          0 -0.00539296  0.00702884   0.0263359
 0.00539296           0 -0.00239973  0.00250102
-0.00702884  0.00239973           0 -0.00921949
 -0.0263359 -0.00250102  0.00921949           0
Repeater1[0]<--->EndNode1[0]
REAL
   0.510204  -0.0128575 -0.00103307    0.398717
 -0.0128575   0.0408163 -0.00220799 -0.00644823
-0.00103307 -0.00220799   0.0326531  0.00662305
   0.398717 -0.00644823  0.00662305    0.416327
IMAGINARY
           0    0.0174451  -0.00880937   -0.0101911
  -0.0174451            0  -0.00511499   0.00154385
  0.00880937   0.00511499            0 -0.000932572
   0.0101911  -0.00154385  0.000932572            0
Repeater1[0]<--->HoM1[0]
REAL
   0.472258 -0.00124691   0.0161148    0.416354
-0.00124691   0.0270968   0.0154644 -0.00980172
  0.0161148   0.0154644   0.0309677   0.0151358
   0.416354 -0.00980172   0.0151358    0.469677
IMAGINARY
          0  0.00702884 -0.00539296   0.0263359
-0.00702884           0  0.00239973 -0.00921949
 0.00539296 -0.00239973           0  0.00250102
 -0.0263359  0.00921949 -0.00250102           0
EndNode1[0]<--->Repeater1[0]
REAL
   0.453581  -0.0183899  -0.0289577    0.404585
 -0.0183899   0.0384615 -0.00519874 -0.00478465
 -0.0289577 -0.00519874    0.035809 -0.00553645
   0.404585 -0.00478465 -0.00553645    0.472149
IMAGINARY
          0  0.00275475 -0.00682537   0.0212494
-0.00275475           0   0.0143311 -0.00270449
 0.00682537  -0.0143311           0  0.00804576
 -0.0212494  0.00270449 -0.00804576           0
EndNode2[0]<--->HoM1[0]
REAL
   0.434278  -0.0187351  0.00722949    0.418828
 -0.0187351   0.0386598 -0.00590301   -0.031039
 0.00722949 -0.00590301   0.0412371 -0.00779555
   0.418828   -0.031039 -0.00779555    0.485825
IMAGINARY
          0   0.0146608  -0.0175224 -0.00451784
 -0.0146608           0   0.0219372   0.0049776
  0.0175224  -0.0219372           0   0.0086367
 0.00451784  -0.0049776  -0.0086367           0
Repeater1[0]<--->EndNode1[0]
REAL
   0.453581  -0.0289577  -0.0183899    0.404585
 -0.0289577    0.035809 -0.00519874 -0.00553645
 -0.0183899 -0.00519874   0.0384615 -0.00478465
   0.404585 -0.00553645 -0.00478465    0.472149
IMAGINARY
          0 -0.00682537  0.00275475   0.0212494
 0.00682537           0  -0.0143311  0.00804576
-0.00275475   0.0143311           0 -0.00270449
 -0.0212494 -0.00804576  0.00270449           0
Repeater1[0]<--->HoM1[0]
REAL
   0.434278  0.00722949  -0.0187351    0.418828
 0.00722949   0.0412371 -0.00590301 -0.00779555
 -0.0187351 -0.00590301   0.0386598   -0.031039
   0.418828 -0.00779555   -0.031039    0.485825
IMAGINARY
          0  -0.0175224   0.0146608 -0.00451784
  0.0175224           0  -0.0219372   0.0086367
 -0.0146608   0.0219372           0   0.0049776
 0.00451784  -0.0086367  -0.0049776           0
EndNode1[0]<--->Repeater1[0]
REAL
   0.458543   0.0127906 0.000948863    0.412362
  0.0127906   0.0464824  0.00327092 0.000291832
0.000948863  0.00327092    0.031407  0.00581979
   0.412362 0.000291832  0.00581979    0.463568
IMAGINARY
          0   0.0015383  0.00102454  0.00440345
 -0.0015383           0  0.00239003 -0.00662852
-0.00102454 -0.00239003           0  0.00282035
-0.00440345  0.00662852 -0.00282035           0
EndNode2[0]<--->HoM1[0]
REAL
  0.482024 0.00300888  0.0074193   0.422229
0.00300888  0.0319574  0.0106068 -0.0235885
 0.0074193  0.0106068  0.0426099 -0.0266407
  0.422229 -0.0235885 -0.0266407   0.443409
IMAGINARY
           0  -0.00557765  -0.00833333   -0.0139915
  0.00557765            0  -0.00365557   0.00833333
  0.00833333   0.00365557            0 -0.000475614
   0.0139915  -0.00833333  0.000475614            0
Repeater1[0]<--->EndNode1[0]
REAL
   0.458543 0.000948863   0.0127906    0.412362
0.000948863    0.031407  0.00327092  0.00581979
  0.0127906  0.00327092   0.0464824 0.000291832
   0.412362  0.00581979 0.000291832    0.463568
IMAGINARY
          0  0.00102454   0.0015383  0.00440345
-0.00102454           0 -0.00239003  0.00282035
 -0.0015383  0.00239003           0 -0.00662852
-0.00440345 -0.00282035  0.00662852           0
Repeater1[0]<--->HoM1[0]
REAL
  0.482024  0.0074193 0.00300888   0.422229
 0.0074193  0.0426099  0.0106068 -0.0266407
0.00300888  0.0106068  0.0319574 -0.0235885
  0.422229 -0.0266407 -0.0235885   0.443409
IMAGINARY
           0  -0.00833333  -0.00557765   -0.0139915
  0.00833333            0   0.00365557 -0.000475614
  0.00557765  -0.00365557            0   0.00833333
   0.0139915  0.000475614  -0.00833333            0
EndNode1[0]<--->Repeater1[0]
REAL
   0.485906  -0.0165825  -0.0057614    0.415024
 -0.0165825    0.033557  0.00981691  -0.0114361
 -0.0057614  0.00981691   0.0469799 0.000658906
   0.415024  -0.0114361 0.000658906    0.433557
IMAGINARY
          0   -0.014123   0.0210015 -0.00310687
   0.014123           0   -0.015075 -0.00164234
 -0.0210015    0.015075           0  0.00945015
 0.00310687  0.00164234 -0.00945015           0
EndNode2[0]<--->HoM1[0]
REAL
   0.458493  -0.0156213 -0.00165237     0.42094
 -0.0156213   0.0395913  0.00714687  -0.0288768
-0.00165237  0.00714687   0.0357599 -0.00269617
    0.42094  -0.0288768 -0.00269617    0.466156
IMAGINARY
          0   0.0375114  0.00145317   0.0101744
 -0.0375114           0 -0.00371447  -0.0359359
-0.00145317  0.00371447           0  0.00360265
 -0.0101744   0.0359359 -0.00360265           0
Repeater1[0]<--->EndNode1[0]
REAL
   0.485906  -0.0057614  -0.0165825    0.415024
 -0.0057614   0.0469799  0.00981691 0.000658906
 -0.0165825  0.00981691    0.033557  -0.0114361
   0.415024 0.000658906  -0.0114361    0.433557
IMAGINARY
          0   0.0210015   -0.014123 -0.00310687
 -0.0210015           0    0.015075  0.00945015
   0.014123   -0.015075           0 -0.00164234
 0.00310687 -0.00945015  0.00164234           0
Repeater1[0]<--->HoM1[0]
REAL
   0.458493 -0.00165237  -0.0156213     0.42094
-0.00165237   0.0357599  0.00714687 -0.00269617
 -0.0156213  0.00714687   0.0395913  -0.0288768
    0.42094 -0.00269617  -0.0288768    0.466156
IMAGINARY
          0  0.00145317   0.0375114   0.0101744
-0.00145317           0  0.00371447  0.00360265
 -0.0375114 -0.00371447           0  -0.0359359
 -0.0101744 -0.00360265   0.0359359           0
EndNode1[0]<--->Repeater1[0]
REAL
   0.477632   0.0224758   0.0160714     0.41336
  0.0224758   0.0276316  0.00568766  0.00178571
  0.0160714  0.00568766   0.0421053 0.000143271
    0.41336  0.00178571 0.000143271    0.452632
IMAGINARY
           0  -0.00325098   0.00790829  -0.00360677
  0.00325098            0 -0.000330234   -0.0124597
 -0.00790829  0.000330234            0    0.0117035
  0.00360677    0.0124597   -0.0117035            0
EndNode2[0]<--->HoM1[0]
REAL
   0.449239  0.00320201  0.00195822    0.427084
 0.00320201   0.0507614  0.00372587 -0.00195822
 0.00195822  0.00372587   0.0380711 0.000714443
   0.427084 -0.00195822 0.000714443    0.461929
IMAGINARY
           0  0.000163311  -0.00789259    0.0333295
-0.000163311            0   -0.0197793   0.00180987
  0.00789259    0.0197793            0   0.00470287
  -0.0333295  -0.00180987  -0.00470287            0
Repeater1[0]<--->EndNode1[0]
REAL
   0.477632   0.0160714   0.0224758     0.41336
  0.0160714   0.0421053  0.00568766 0.000143271
  0.0224758  0.00568766   0.0276316  0.00178571
    0.41336 0.000143271  0.00178571    0.452632
IMAGINARY
           0   0.00790829  -0.00325098  -0.00360677
 -0.00790829            0  0.000330234    0.0117035
  0.00325098 -0.000330234            0   -0.0124597
  0.00360677   -0.0117035    0.0124597            0
Repeater1[0]<--->HoM1[0]
REAL
   0.449239  0.00195822  0.00320201    0.427084
 0.00195822   0.0380711  0.00372587 0.000714443
 0.00320201  0.00372587   0.0507614 -0.00195822
   0.427084 0.000714443 -0.00195822    0.461929
IMAGINARY
           0  -0.00789259  0.000163311    0.0333295
  0.00789259            0    0.0197793   0.00470287
-0.000163311   -0.0197793            0   0.00180987
  -0.0333295  -0.00470287  -0.00180987            0
EndNode1[0]<--->Repeater1[0]
REAL
    0.483668   -0.0142478   0.00167668     0.421765
  -0.0142478    0.0351759  -0.00583044  -0.00983227
  0.00167668  -0.00583044    0.0339196 -0.000181306
    0.421765  -0.00983227 -0.000181306     0.447236
IMAGINARY
          0 -0.00621198  0.00227516   0.0116121
 0.00621198           0   0.0122573  0.00728769
-0.00227516  -0.0122573           0  -0.0156459
 -0.0116121 -0.00728769   0.0156459           0
EndNode2[0]<--->HoM1[0]
REAL
   0.479349 -0.00816054 -0.00197871    0.434968
-0.00816054   0.0275344   0.0104156  0.00522968
-0.00197871   0.0104156   0.0350438  0.00881074
   0.434968  0.00522968  0.00881074    0.458073
IMAGINARY
          0   0.0152999 -0.00880059  -0.0107187
 -0.0152999           0  -0.0266338 -0.00142959
 0.00880059   0.0266338           0  0.00643919
  0.0107187  0.00142959 -0.00643919           0
Repeater1[0]<--->EndNode1[0]
REAL
    0.483668   0.00167668   -0.0142478     0.421765
  0.00167668    0.0339196  -0.00583044 -0.000181306
  -0.0142478  -0.00583044    0.0351759  -0.00983227
    0.421765 -0.000181306  -0.00983227     0.447236
IMAGINARY
          0  0.00227516 -0.00621198   0.0116121
-0.00227516           0  -0.0122573  -0.0156459
 0.00621198   0.0122573           0  0.00728769
 -0.0116121   0.0156459 -0.00728769           0
Repeater1[0]<--->HoM1[0]
REAL
   0.479349 -0.00197871 -0.00816054    0.434968
-0.00197871   0.0350438   0.0104156  0.00881074
-0.00816054   0.0104156   0.0275344  0.00522968
   0.434968  0.00881074  0.00522968    0.458073
IMAGINARY
          0 -0.00880059   0.0152999  -0.0107187
 0.00880059           0   0.0266338  0.00643919
 -0.0152999  -0.0266338           0 -0.00142959
  0.0107187 -0.00643919  0.00142959           0
EndNode1[0]<--->Repeater1[0]
REAL
    0.455137   0.00875451    0.0090622     0.415635
  0.00875451    0.0364109   -0.0039834  -0.00201994
   0.0090622   -0.0039834    0.0364109 -0.000431844
    0.415635  -0.00201994 -0.000431844     0.472042
IMAGINARY
          0 -0.00762277 -0.00743089  0.00736834
 0.00762277           0  0.00931893  -0.0116427
 0.00743089 -0.00931893           0   0.0335083
-0.00736834   0.0116427  -0.0335083           0
EndNode2[0]<--->HoM1[0]
REAL
   0.483871 -0.00625373  0.00554543    0.415129
-0.00625373   0.0372208 6.06901e-05  -0.0093429
 0.00554543 6.06901e-05   0.0334988  0.00119044
   0.415129  -0.0093429  0.00119044    0.445409
IMAGINARY
          0  -0.0117999   0.0100414  -0.0124296
  0.0117999           0 -0.00126009    0.015986
 -0.0100414  0.00126009           0 -0.00600836
  0.0124296   -0.015986  0.00600836           0
Repeater1[0]<--->EndNode1[0]
REAL
    0.455137    0.0090622   0.00875451     0.415635
   0.0090622    0.0364109   -0.0039834 -0.000431844
  0.00875451   -0.0039834    0.0364109  -0.00201994
    0.415635 -0.000431844  -0.00201994     0.472042
IMAGINARY
          0 -0.00743089 -0.00762277  0.00736834
 0.00743089           0 -0.00931893   0.0335083
 0.00762277  0.00931893           0  -0.0116427
-0.00736834  -0.0335083   0.0116427           0
Repeater1[0]<--->HoM1[0]
REAL
   0.483871  0.00554543 -0.00625373    0.415129
 0.00554543   0.0334988 6.06901e-05  0.00119044
-0.00625373 6.06901e-05   0.0372208  -0.0093429
   0.415129  0.00119044  -0.0093429    0.445409
IMAGINARY
          0   0.0100414  -0.0117999  -0.0124296
 -0.0100414           0  0.00126009 -0.00600836
  0.0117999 -0.00126009           0    0.015986
  0.0124296  0.00600836   -0.015986           0
EndNode1[0]<--->Repeater1[0]
REAL
   0.452685 -0.00448113  0.00413567      0.4153
-0.00448113   0.0421995 0.000267301 -0.00941272
 0.00413567 0.000267301   0.0383632   0.0203123
     0.4153 -0.00941272   0.0203123    0.466752
IMAGINARY
          0  -0.0130628 -0.00771696   0.0197834
  0.0130628           0  -0.0137154  0.00837056
 0.00771696   0.0137154           0  -0.0124274
 -0.0197834 -0.00837056   0.0124274           0
EndNode2[0]<--->HoM1[0]
REAL
   0.454777 -0.00129534  -0.0226277    0.419452
-0.00129534   0.0394904 0.000334225   0.0146063
 -0.0226277 0.000334225   0.0343949  0.00129534
   0.419452   0.0146063  0.00129534    0.471338
IMAGINARY
           0    -0.010398    0.0211386   -0.0318085
    0.010398            0  0.000277015    0.0217536
  -0.0211386 -0.000277015            0   -0.0300431
   0.0318085   -0.0217536    0.0300431            0
Repeater1[0]<--->EndNode1[0]
REAL
   0.452685  0.00413567 -0.00448113      0.4153
 0.00413567   0.0383632 0.000267301   0.0203123
-0.00448113 0.000267301   0.0421995 -0.00941272
     0.4153   0.0203123 -0.00941272    0.466752
IMAGINARY
          0 -0.00771696  -0.0130628   0.0197834
 0.00771696           0   0.0137154  -0.0124274
  0.0130628  -0.0137154           0  0.00837056
 -0.0197834   0.0124274 -0.00837056           0
Repeater1[0]<--->HoM1[0]
REAL
   0.454777  -0.0226277 -0.00129534    0.419452
 -0.0226277   0.0343949 0.000334225  0.00129534
-0.00129534 0.000334225   0.0394904   0.0146063
   0.419452  0.00129534   0.0146063    0.471338
IMAGINARY
           0    0.0211386    -0.010398   -0.0318085
  -0.0211386            0 -0.000277015   -0.0300431
    0.010398  0.000277015            0    0.0217536
   0.0318085    0.0300431   -0.0217536            0
EndNode1[0]<--->Repeater1[0]
REAL
    0.47541  0.00620022   0.0115136    0.416326
 0.00620022     0.03657  0.00548956 -0.00709999
  0.0115136  0.00548956    0.035309   0.0108237
   0.416326 -0.00709999   0.0108237    0.452711
IMAGINARY
          0  -0.0134724  0.00193868  0.00522624
  0.0134724           0  0.00187053 -0.00262455
-0.00193868 -0.00187053           0     0.01553
-0.00522624  0.00262455    -0.01553           0
EndNode2[0]<--->HoM1[0]
REAL
   0.466752  -0.0117097  0.00339576    0.419456
 -0.0117097   0.0485934  0.00743656  -0.0164506
 0.00339576  0.00743656   0.0485934 -0.00917804
   0.419456  -0.0164506 -0.00917804    0.436061
IMAGINARY
          0  0.00648664 -0.00948963   0.0038757
-0.00648664           0   0.0287748  0.00267426
 0.00948963  -0.0287748           0 -0.00586706
 -0.0038757 -0.00267426  0.00586706           0
Repeater1[0]<--->EndNode1[0]
REAL
    0.47541   0.0115136  0.00620022    0.416326
  0.0115136    0.035309  0.00548956   0.0108237
 0.00620022  0.00548956     0.03657 -0.00709999
   0.416326   0.0108237 -0.00709999    0.452711
IMAGINARY
          0  0.00193868  -0.0134724  0.00522624
-0.00193868           0 -0.00187053     0.01553
  0.0134724  0.00187053           0 -0.00262455
-0.00522624    -0.01553  0.00262455           0
Repeater1[0]<--->HoM1[0]
REAL
   0.466752  0.00339576  -0.0117097    0.419456
 0.00339576   0.0485934  0.00743656 -0.00917804
 -0.0117097  0.00743656   0.0485934  -0.0164506
   0.419456 -0.00917804  -0.0164506    0.436061
IMAGINARY
          0 -0.00948963  0.00648664   0.0038757
 0.00948963           0  -0.0287748 -0.00586706
-0.00648664   0.0287748           0  0.00267426
 -0.0038757  0.00586706 -0.00267426           0
EndNode1[0]<--->Repeater1[0]
REAL
     0.45679   0.00414699    0.0054693     0.424832
  0.00414699    0.0320988   0.00328925  -0.00357775
   0.0054693   0.00328925    0.0320988 -0.000994402
    0.424832  -0.00357775 -0.000994402     0.479012
IMAGINARY
          0   0.0107897    0.017047    0.019556
 -0.0107897           0  -0.0229028  -0.0130577
  -0.017047   0.0229028           0 -0.00547051
  -0.019556   0.0130577  0.00547051           0
EndNode2[0]<--->HoM1[0]
REAL
   0.487646 -0.00578563   -0.029728    0.424588
-0.00578563   0.0377113  0.00111218   0.0169387
  -0.029728  0.00111218   0.0286086 -0.00578563
   0.424588   0.0169387 -0.00578563    0.446034
IMAGINARY
          0   0.0174593  -0.0211373  0.00222816
 -0.0174593           0  0.00288693   0.0101127
  0.0211373 -0.00288693           0  0.00264447
-0.00222816  -0.0101127 -0.00264447           0
Repeater1[0]<--->EndNode1[0]
REAL
     0.45679    0.0054693   0.00414699     0.424832
   0.0054693    0.0320988   0.00328925 -0.000994402
  0.00414699   0.00328925    0.0320988  -0.00357775
    0.424832 -0.000994402  -0.00357775     0.479012
IMAGINARY
          0    0.017047   0.0107897    0.019556
  -0.017047           0   0.0229028 -0.00547051
 -0.0107897  -0.0229028           0  -0.0130577
  -0.019556  0.00547051   0.0130577           0
Repeater1[0]<--->HoM1[0]
REAL
   0.487646   -0.029728 -0.00578563    0.424588
  -0.029728   0.0286086  0.00111218 -0.00578563
-0.00578563  0.00111218   0.0377113   0.0169387
   0.424588 -0.00578563   0.0169387    0.446034
IMAGINARY
          0  -0.0211373   0.0174593  0.00222816
  0.0211373           0 -0.00288693  0.00264447
 -0.0174593  0.00288693           0   0.0101127
-0.00222816 -0.00264447  -0.0101127           0
EndNode1[0]<--->Repeater1[0]
REAL
   0.498168 0.000984677  -0.0025681    0.412832
0.000984677    0.028083  0.00722009  0.00322341
 -0.0025681  0.00722009    0.039072  0.00360248
   0.412832  0.00322341  0.00360248    0.434676
IMAGINARY
          0   0.0102933    0.019218  0.00365135
 -0.0102933           0    0.026708 -0.00263634
  -0.019218   -0.026708           0 -0.00136473
-0.00365135  0.00263634  0.00136473           0
EndNode2[0]<--->HoM1[0]
REAL
   0.426768  -0.0108635 -0.00602067    0.411851
 -0.0108635   0.0315657  0.00825206  0.00473201
-0.00602067  0.00825206   0.0416667   0.0147295
   0.411851  0.00473201   0.0147295         0.5
IMAGINARY
           0  -0.00680003   0.00695077  0.000281745
  0.00680003            0   0.00599966  -0.00566543
 -0.00695077  -0.00599966            0   0.00937073
-0.000281745   0.00566543  -0.00937073            0
Repeater1[0]<--->EndNode1[0]
REAL
   0.498168  -0.0025681 0.000984677    0.412832
 -0.0025681    0.039072  0.00722009  0.00360248
0.000984677  0.00722009    0.028083  0.00322341
   0.412832  0.00360248  0.00322341    0.434676
IMAGINARY
          0    0.019218   0.0102933  0.00365135
  -0.019218           0   -0.026708 -0.00136473
 -0.0102933    0.026708           0 -0.00263634
-0.00365135  0.00136473  0.00263634           0
Repeater1[0]<--->HoM1[0]
REAL
   0.426768 -0.00602067  -0.0108635    0.411851
-0.00602067   0.0416667  0.00825206   0.0147295
 -0.0108635  0.00825206   0.0315657  0.00473201
   0.411851   0.0147295  0.00473201         0.5
IMAGINARY
           0   0.00695077  -0.00680003  0.000281745
 -0.00695077            0  -0.00599966   0.00937073
  0.00680003   0.00599966            0  -0.00566543
-0.000281745  -0.00937073   0.00566543            0
EndNode1[0]<--->Repeater1[0]
REAL
    0.44385  0.00726473  0.00623655    0.413725
 0.00726473   0.0374332  0.00392157 -0.00166139
 0.00623655  0.00392157   0.0307487   0.0116895
   0.413725 -0.00166139   0.0116895    0.487968
IMAGINARY
           0   0.00162142    0.0143236   -0.0198718
 -0.00162142            0    0.0198718   -0.0306635
  -0.0143236   -0.0198718            0  0.000339367
   0.0198718    0.0306635 -0.000339367            0
EndNode2[0]<--->HoM1[0]
REAL
