EndNode1[0]<--->Repeater1[0]
REAL
   0.435644 -0.00681044   0.0203182    0.340025
-0.00681044   0.0730198   0.0186415   0.0316818
  0.0203182   0.0186415   0.0631188   0.0374771
   0.340025   0.0316818   0.0374771    0.428218
IMAGINARY
           0  2.52921e-05   0.00439062  -0.00489001
-2.52921e-05            0   -0.0159433    0.0138484
 -0.00439062    0.0159433            0   0.00940867
  0.00489001   -0.0138484  -0.00940867            0
EndNode2[0]<--->HoM1[0]
REAL
   0.445623   0.0019084  0.00340845    0.341224
  0.0019084   0.0583554   0.0359474 -0.00216776
 0.00340845   0.0359474   0.0822281  -0.0019084
   0.341224 -0.00216776  -0.0019084    0.413793
IMAGINARY
           0   0.00126098    0.0281869  -0.00134665
 -0.00126098            0 -0.000645385 -0.000548721
  -0.0281869  0.000645385            0   0.00250786
  0.00134665  0.000548721  -0.00250786            0
Repeater1[0]<--->EndNode1[0]
REAL
   0.435644   0.0203182 -0.00681044    0.340025
  0.0203182   0.0631188   0.0186415   0.0374771
-0.00681044   0.0186415   0.0730198   0.0316818
   0.340025   0.0374771   0.0316818    0.428218
IMAGINARY
           0   0.00439062  2.52921e-05  -0.00489001
 -0.00439062            0    0.0159433   0.00940867
-2.52921e-05   -0.0159433            0    0.0138484
  0.00489001  -0.00940867   -0.0138484            0
Repeater1[0]<--->HoM1[0]
REAL
   0.445623  0.00340845   0.0019084    0.341224
 0.00340845   0.0822281   0.0359474  -0.0019084
  0.0019084   0.0359474   0.0583554 -0.00216776
   0.341224  -0.0019084 -0.00216776    0.413793
IMAGINARY
           0    0.0281869   0.00126098  -0.00134665
  -0.0281869            0  0.000645385   0.00250786
 -0.00126098 -0.000645385            0 -0.000548721
  0.00134665  -0.00250786  0.000548721            0
EndNode1[0]<--->Repeater1[0]
REAL
    0.472471    0.0122951 -0.000865297     0.351282
   0.0122951    0.0473752    0.0131244    0.0106437
-0.000865297    0.0131244     0.056338  -0.00512428
    0.351282    0.0106437  -0.00512428     0.423816
IMAGINARY
          0  0.00492619   0.0090801  -0.0269361
-0.00492619           0  -0.0281768   0.0172357
 -0.0090801   0.0281768           0  0.00428434
  0.0269361  -0.0172357 -0.00428434           0
EndNode2[0]<--->HoM1[0]
REAL
   0.427408  0.00761316  -0.0176039     0.34615
 0.00761316   0.0556309   0.0280793   0.0169873
 -0.0176039   0.0280793   0.0678426 -0.00822968
    0.34615   0.0169873 -0.00822968    0.449118
IMAGINARY
          0 -0.00196528  0.00802672 -0.00843628
 0.00196528           0   0.0130114  -0.0257312
-0.00802672  -0.0130114           0  0.00135478
 0.00843628   0.0257312 -0.00135478           0
Repeater1[0]<--->EndNode1[0]
REAL
    0.472471 -0.000865297    0.0122951     0.351282
-0.000865297     0.056338    0.0131244  -0.00512428
   0.0122951    0.0131244    0.0473752    0.0106437
    0.351282  -0.00512428    0.0106437     0.423816
IMAGINARY
          0   0.0090801  0.00492619  -0.0269361
 -0.0090801           0   0.0281768  0.00428434
-0.00492619  -0.0281768           0   0.0172357
  0.0269361 -0.00428434  -0.0172357           0
Repeater1[0]<--->HoM1[0]
REAL
   0.427408  -0.0176039  0.00761316     0.34615
 -0.0176039   0.0678426   0.0280793 -0.00822968
 0.00761316   0.0280793   0.0556309   0.0169873
    0.34615 -0.00822968   0.0169873    0.449118
IMAGINARY
          0  0.00802672 -0.00196528 -0.00843628
-0.00802672           0  -0.0130114  0.00135478
 0.00196528   0.0130114           0  -0.0257312
 0.00843628 -0.00135478   0.0257312           0
EndNode1[0]<--->Repeater1[0]
REAL
   0.424936  -0.0186354  -0.0135021    0.331465
 -0.0186354   0.0687023   0.0249711 -0.00382466
 -0.0135021   0.0249711   0.0610687  0.00873442
   0.331465 -0.00382466  0.00873442    0.445293
IMAGINARY
          0  -0.0117147   0.0030069  -0.0237346
  0.0117147           0  0.00854472   0.0216684
 -0.0030069 -0.00854472           0  -0.0142593
  0.0237346  -0.0216684   0.0142593           0
EndNode2[0]<--->HoM1[0]
REAL
   0.436157  0.00753524   0.0085612    0.343047
 0.00753524   0.0935525     0.02136  0.00252093
  0.0085612     0.02136   0.0657396 -0.00427579
   0.343047  0.00252093 -0.00427579    0.404551
IMAGINARY
          0  -0.0129871  0.00248818   0.0243348
  0.0129871           0  -0.0115143  0.00835519
-0.00248818   0.0115143           0  0.00696301
 -0.0243348 -0.00835519 -0.00696301           0
Repeater1[0]<--->EndNode1[0]
REAL
   0.424936  -0.0135021  -0.0186354    0.331465
 -0.0135021   0.0610687   0.0249711  0.00873442
 -0.0186354   0.0249711   0.0687023 -0.00382466
   0.331465  0.00873442 -0.00382466    0.445293
IMAGINARY
          0   0.0030069  -0.0117147  -0.0237346
 -0.0030069           0 -0.00854472  -0.0142593
  0.0117147  0.00854472           0   0.0216684
  0.0237346   0.0142593  -0.0216684           0
Repeater1[0]<--->HoM1[0]
REAL
   0.436157   0.0085612  0.00753524    0.343047
  0.0085612   0.0657396     0.02136 -0.00427579
 0.00753524     0.02136   0.0935525  0.00252093
   0.343047 -0.00427579  0.00252093    0.404551
IMAGINARY
          0  0.00248818  -0.0129871   0.0243348
-0.00248818           0   0.0115143  0.00696301
  0.0129871  -0.0115143           0  0.00835519
 -0.0243348 -0.00696301 -0.00835519           0
EndNode1[0]<--->Repeater1[0]
REAL
   0.405674  0.00365205 -0.00743359    0.352184
 0.00365205   0.0808511  0.00344482  0.00942034
-0.00743359  0.00344482   0.0638298  -0.0109368
   0.352184  0.00942034  -0.0109368    0.449645
IMAGINARY
          0 -0.00306858 -0.00466357 -0.00546231
 0.00306858           0  0.00482046   0.0160681
 0.00466357 -0.00482046           0  -0.0011331
 0.00546231  -0.0160681   0.0011331           0
EndNode2[0]<--->HoM1[0]
REAL
   0.429114  -0.0204089  -0.0149135    0.340083
 -0.0204089   0.0594937   0.0104634 0.000940195
 -0.0149135   0.0104634   0.0835443 -0.00693009
   0.340083 0.000940195 -0.00693009    0.427848
IMAGINARY
          0  0.00319253  -0.0205017 -0.00378835
-0.00319253           0   0.0153157   0.0080508
  0.0205017  -0.0153157           0   -0.016954
 0.00378835  -0.0080508    0.016954           0
Repeater1[0]<--->EndNode1[0]
REAL
   0.405674 -0.00743359  0.00365205    0.352184
-0.00743359   0.0638298  0.00344482  -0.0109368
 0.00365205  0.00344482   0.0808511  0.00942034
   0.352184  -0.0109368  0.00942034    0.449645
IMAGINARY
          0 -0.00466357 -0.00306858 -0.00546231
 0.00466357           0 -0.00482046  -0.0011331
 0.00306858  0.00482046           0   0.0160681
 0.00546231   0.0011331  -0.0160681           0
Repeater1[0]<--->HoM1[0]
REAL
   0.429114  -0.0149135  -0.0204089    0.340083
 -0.0149135   0.0835443   0.0104634 -0.00693009
 -0.0204089   0.0104634   0.0594937 0.000940195
   0.340083 -0.00693009 0.000940195    0.427848
IMAGINARY
          0  -0.0205017  0.00319253 -0.00378835
  0.0205017           0  -0.0153157   -0.016954
-0.00319253   0.0153157           0   0.0080508
 0.00378835    0.016954  -0.0080508           0
EndNode1[0]<--->Repeater1[0]
REAL
   0.436224 -0.00825199 -0.00197951    0.332141
-0.00825199   0.0548469   0.0347896   -0.010537
-0.00197951   0.0347896    0.059949 -0.00294695
   0.332141   -0.010537 -0.00294695     0.44898
IMAGINARY
          0   0.0107981  0.00298716  0.00371293
 -0.0107981           0 -0.00308558 -0.00762292
-0.00298716  0.00308558           0 -0.00218887
-0.00371293  0.00762292  0.00218887           0
EndNode2[0]<--->HoM1[0]
REAL
    0.447781   0.00861159 -0.000268568      0.36031
  0.00861159     0.073107    0.0234113    0.0180164
-0.000268568    0.0234113    0.0652742  -0.00922359
     0.36031    0.0180164  -0.00922359     0.413838
IMAGINARY
           0  -0.00401604  0.000661281   -0.0117957
  0.00401604            0    0.0054018   0.00602321
-0.000661281   -0.0054018            0  -0.00801604
   0.0117957  -0.00602321   0.00801604            0
Repeater1[0]<--->EndNode1[0]
REAL
   0.436224 -0.00197951 -0.00825199    0.332141
-0.00197951    0.059949   0.0347896 -0.00294695
-0.00825199   0.0347896   0.0548469   -0.010537
   0.332141 -0.00294695   -0.010537     0.44898
IMAGINARY
          0  0.00298716   0.0107981  0.00371293
-0.00298716           0  0.00308558 -0.00218887
 -0.0107981 -0.00308558           0 -0.00762292
-0.00371293  0.00218887  0.00762292           0
Repeater1[0]<--->HoM1[0]
REAL
    0.447781 -0.000268568   0.00861159      0.36031
-0.000268568    0.0652742    0.0234113  -0.00922359
  0.00861159    0.0234113     0.073107    0.0180164
     0.36031  -0.00922359    0.0180164     0.413838
IMAGINARY
           0  0.000661281  -0.00401604   -0.0117957
-0.000661281            0   -0.0054018  -0.00801604
  0.00401604    0.0054018            0   0.00602321
   0.0117957   0.00801604  -0.00602321            0
EndNode1[0]<--->Repeater1[0]
REAL
   0.418342   0.0113865   0.0156436    0.348715
  0.0113865   0.0665829   0.0144688 -0.00693709
  0.0156436   0.0144688   0.0640704 -0.00268001
   0.348715 -0.00693709 -0.00268001    0.451005
IMAGINARY
           0   0.00561117  -0.00885116    0.0264504
 -0.00561117            0 -0.000893369   0.00611143
  0.00885116  0.000893369            0   0.00945732
  -0.0264504  -0.00611143  -0.00945732            0
EndNode2[0]<--->HoM1[0]
REAL
   0.454429 -0.00444006  -0.0298757    0.331513
-0.00444006   0.0795892   0.0272803   0.0163968
 -0.0298757   0.0272803   0.0834403  0.00379821
   0.331513   0.0163968  0.00379821    0.382542
IMAGINARY
          0  -0.0217896   0.0244468  -0.0160587
  0.0217896           0  0.00330047   0.0218494
 -0.0244468 -0.00330047           0  0.00459388
  0.0160587  -0.0218494 -0.00459388           0
Repeater1[0]<--->EndNode1[0]
REAL
   0.418342   0.0156436   0.0113865    0.348715
  0.0156436   0.0640704   0.0144688 -0.00268001
  0.0113865   0.0144688   0.0665829 -0.00693709
   0.348715 -0.00268001 -0.00693709    0.451005
IMAGINARY
           0  -0.00885116   0.00561117    0.0264504
  0.00885116            0  0.000893369   0.00945732
 -0.00561117 -0.000893369            0   0.00611143
  -0.0264504  -0.00945732  -0.00611143            0
Repeater1[0]<--->HoM1[0]
REAL
   0.454429  -0.0298757 -0.00444006    0.331513
 -0.0298757   0.0834403   0.0272803  0.00379821
-0.00444006   0.0272803   0.0795892   0.0163968
   0.331513  0.00379821   0.0163968    0.382542
IMAGINARY
          0   0.0244468  -0.0217896  -0.0160587
 -0.0244468           0 -0.00330047  0.00459388
  0.0217896  0.00330047           0   0.0218494
  0.0160587 -0.00459388  -0.0218494           0
EndNode1[0]<--->Repeater1[0]
REAL
   0.396684 -0.00147103 -0.00674922    0.362311
-0.00147103   0.0535714   0.0219418  0.00473037
-0.00674922   0.0219418   0.0854592 -0.00862318
   0.362311  0.00473037 -0.00862318    0.464286
IMAGINARY
           0 -0.000519054    0.0163113   -0.0176573
 0.000519054            0   -0.0223427  -0.00311872
  -0.0163113    0.0223427            0  -0.00871577
   0.0176573   0.00311872   0.00871577            0
EndNode2[0]<--->HoM1[0]
REAL
  0.430311 0.00431485 0.00861084   0.341143
0.00431485  0.0608931  0.0161754 0.00799432
0.00861084  0.0161754  0.0784844  0.0122903
  0.341143 0.00799432  0.0122903   0.430311
IMAGINARY
           0  0.000415965   -0.0207655   -0.0166209
-0.000415965            0   0.00410446    -0.003044
   0.0207655  -0.00410446            0  -0.00234647
   0.0166209     0.003044   0.00234647            0
Repeater1[0]<--->EndNode1[0]
REAL
   0.396684 -0.00674922 -0.00147103    0.362311
-0.00674922   0.0854592   0.0219418 -0.00862318
-0.00147103   0.0219418   0.0535714  0.00473037
   0.362311 -0.00862318  0.00473037    0.464286
IMAGINARY
           0    0.0163113 -0.000519054   -0.0176573
  -0.0163113            0    0.0223427  -0.00871577
 0.000519054   -0.0223427            0  -0.00311872
   0.0176573   0.00871577   0.00311872            0
Repeater1[0]<--->HoM1[0]
REAL
  0.430311 0.00861084 0.00431485   0.341143
0.00861084  0.0784844  0.0161754  0.0122903
0.00431485  0.0161754  0.0608931 0.00799432
  0.341143  0.0122903 0.00799432   0.430311
IMAGINARY
           0   -0.0207655  0.000415965   -0.0166209
   0.0207655            0  -0.00410446  -0.00234647
-0.000415965   0.00410446            0    -0.003044
   0.0166209   0.00234647     0.003044            0
EndNode1[0]<--->Repeater1[0]
REAL
  0.394095   0.011258 0.00853373   0.347126
  0.011258   0.055199  0.0195402 -0.0104205
0.00853373  0.0195402  0.0757381 0.00194952
  0.347126 -0.0104205 0.00194952   0.474968
IMAGINARY
          0   0.0189764  -0.0139408   0.0017682
 -0.0189764           0  0.00309798 -0.00453215
  0.0139408 -0.00309798           0   0.0093487
 -0.0017682  0.00453215  -0.0093487           0
EndNode2[0]<--->HoM1[0]
REAL
   0.451783  -0.0134099  -0.0400663     0.33131
 -0.0134099   0.0594452   0.0178176 -0.00357461
 -0.0400663   0.0178176   0.0581242  -0.0115278
    0.33131 -0.00357461  -0.0115278    0.430647
IMAGINARY
          0  0.00280248   0.0075859  0.00339782
-0.00280248           0  0.00530865   0.0109326
 -0.0075859 -0.00530865           0  -0.0147072
-0.00339782  -0.0109326   0.0147072           0
Repeater1[0]<--->EndNode1[0]
REAL
  0.394095 0.00853373   0.011258   0.347126
0.00853373  0.0757381  0.0195402 0.00194952
  0.011258  0.0195402   0.055199 -0.0104205
  0.347126 0.00194952 -0.0104205   0.474968
IMAGINARY
          0  -0.0139408   0.0189764   0.0017682
  0.0139408           0 -0.00309798   0.0093487
 -0.0189764  0.00309798           0 -0.00453215
 -0.0017682  -0.0093487  0.00453215           0
Repeater1[0]<--->HoM1[0]
REAL
   0.451783  -0.0400663  -0.0134099     0.33131
 -0.0400663   0.0581242   0.0178176  -0.0115278
 -0.0134099   0.0178176   0.0594452 -0.00357461
    0.33131  -0.0115278 -0.00357461    0.430647
IMAGINARY
          0   0.0075859  0.00280248  0.00339782
 -0.0075859           0 -0.00530865  -0.0147072
-0.00280248  0.00530865           0   0.0109326
-0.00339782   0.0147072  -0.0109326           0
EndNode1[0]<--->Repeater1[0]
REAL
    0.46242 -0.00777378  -0.0125913    0.343072
-0.00777378   0.0649682    0.029705 -0.00861253
 -0.0125913    0.029705   0.0636943   -0.014798
   0.343072 -0.00861253   -0.014798    0.408917
IMAGINARY
          0   0.0163863  -0.0129401 -0.00936729
 -0.0163863           0   0.0363281  -0.0103891
  0.0129401  -0.0363281           0    0.014509
 0.00936729   0.0103891   -0.014509           0
EndNode2[0]<--->HoM1[0]
REAL
   0.395232  -0.0195281 -0.00897436    0.327806
 -0.0195281   0.0702635   0.0225774  0.00897436
-0.00897436   0.0225774   0.0677541   0.0105767
   0.327806  0.00897436   0.0105767     0.46675
IMAGINARY
          0   -0.001492 -0.00975724  0.00899743
   0.001492           0 -0.00899743 -0.00135387
 0.00975724  0.00899743           0   0.0191391
-0.00899743  0.00135387  -0.0191391           0
Repeater1[0]<--->EndNode1[0]
REAL
    0.46242  -0.0125913 -0.00777378    0.343072
 -0.0125913   0.0636943    0.029705   -0.014798
-0.00777378    0.029705   0.0649682 -0.00861253
   0.343072   -0.014798 -0.00861253    0.408917
IMAGINARY
          0  -0.0129401   0.0163863 -0.00936729
  0.0129401           0  -0.0363281    0.014509
 -0.0163863   0.0363281           0  -0.0103891
 0.00936729   -0.014509   0.0103891           0
Repeater1[0]<--->HoM1[0]
REAL
   0.395232 -0.00897436  -0.0195281    0.327806
-0.00897436   0.0677541   0.0225774   0.0105767
 -0.0195281   0.0225774   0.0702635  0.00897436
   0.327806   0.0105767  0.00897436     0.46675
IMAGINARY
          0 -0.00975724   -0.001492  0.00899743
 0.00975724           0  0.00899743   0.0191391
   0.001492 -0.00899743           0 -0.00135387
-0.00899743  -0.0191391  0.00135387           0
EndNode1[0]<--->Repeater1[0]
REAL
   0.432032  -0.0070199  -0.0129236    0.331032
 -0.0070199   0.0592194   0.0270858 -0.00412962
 -0.0129236   0.0270858   0.0713324  -0.0182188
   0.331032 -0.00412962  -0.0182188    0.437416
IMAGINARY
          0  -0.0226241   0.0151731   0.0211136
  0.0226241           0    0.011632  -0.0145566
 -0.0151731   -0.011632           0 -0.00881857
 -0.0211136   0.0145566  0.00881857           0
EndNode2[0]<--->HoM1[0]
REAL
   0.454791  0.00943697  0.00419293    0.351334
 0.00943697   0.0593792   0.0135308 -0.00173593
 0.00419293   0.0135308   0.0755735   -0.016808
   0.351334 -0.00173593   -0.016808    0.410256
IMAGINARY
           0    -0.031159    0.0251103  -0.00811481
    0.031159            0   0.00681948 -0.000206121
  -0.0251103  -0.00681948            0   0.00497765
  0.00811481  0.000206121  -0.00497765            0
Repeater1[0]<--->EndNode1[0]
REAL
   0.432032  -0.0129236  -0.0070199    0.331032
 -0.0129236   0.0713324   0.0270858  -0.0182188
 -0.0070199   0.0270858   0.0592194 -0.00412962
   0.331032  -0.0182188 -0.00412962    0.437416
IMAGINARY
          0   0.0151731  -0.0226241   0.0211136
 -0.0151731           0   -0.011632 -0.00881857
  0.0226241    0.011632           0  -0.0145566
 -0.0211136  0.00881857   0.0145566           0
Repeater1[0]<--->HoM1[0]
REAL
   0.454791  0.00419293  0.00943697    0.351334
 0.00419293   0.0755735   0.0135308   -0.016808
 0.00943697   0.0135308   0.0593792 -0.00173593
   0.351334   -0.016808 -0.00173593    0.410256
IMAGINARY
           0    0.0251103    -0.031159  -0.00811481
  -0.0251103            0  -0.00681948   0.00497765
    0.031159   0.00681948            0 -0.000206121
  0.00811481  -0.00497765  0.000206121            0
EndNode1[0]<--->Repeater1[0]
REAL
   0.441558  0.00803234   0.0239269    0.335766
 0.00803234    0.074026   0.0248475 -0.00218776
  0.0239269   0.0248475   0.0688312   0.0149856
   0.335766 -0.00218776   0.0149856    0.415584
IMAGINARY
          0 -0.00088077  0.00903474  -0.0189056
 0.00088077           0  0.00458432   0.0195938
-0.00903474 -0.00458432           0   0.0095359
  0.0189056  -0.0195938  -0.0095359           0
EndNode2[0]<--->HoM1[0]
REAL
    0.416561    -0.013873   0.00243108     0.347259
   -0.013873    0.0789809    0.0202109  -0.00979386
  0.00243108    0.0202109    0.0802548 -0.000183262
    0.347259  -0.00979386 -0.000183262     0.424204
IMAGINARY
           0   0.00491496  -0.00970511  0.000862514
 -0.00491496            0    0.0060039   0.00255296
  0.00970511   -0.0060039            0  -0.00166399
-0.000862514  -0.00255296   0.00166399            0
Repeater1[0]<--->EndNode1[0]
REAL
   0.441558   0.0239269  0.00803234    0.335766
  0.0239269   0.0688312   0.0248475   0.0149856
 0.00803234   0.0248475    0.074026 -0.00218776
   0.335766   0.0149856 -0.00218776    0.415584
IMAGINARY
          0  0.00903474 -0.00088077  -0.0189056
-0.00903474           0 -0.00458432   0.0095359
 0.00088077  0.00458432           0   0.0195938
  0.0189056  -0.0095359  -0.0195938           0
Repeater1[0]<--->HoM1[0]
REAL
    0.416561   0.00243108    -0.013873     0.347259
  0.00243108    0.0802548    0.0202109 -0.000183262
   -0.013873    0.0202109    0.0789809  -0.00979386
    0.347259 -0.000183262  -0.00979386     0.424204
IMAGINARY
           0  -0.00970511   0.00491496  0.000862514
  0.00970511            0   -0.0060039  -0.00166399
 -0.00491496    0.0060039            0   0.00255296
-0.000862514   0.00166399  -0.00255296            0
EndNode1[0]<--->Repeater1[0]
REAL
    0.447268  0.000310559   -0.0230129     0.335014
 0.000310559    0.0609911  -0.00729374   0.00358285
  -0.0230129  -0.00729374    0.0787802 -0.000310559
    0.335014   0.00358285 -0.000310559     0.412961
IMAGINARY
           0  -0.00738541   0.00288255 -0.000139502
  0.00738541            0   -0.0180423   0.00352771
 -0.00288255    0.0180423            0   -0.0003069
 0.000139502  -0.00352771    0.0003069            0
EndNode2[0]<--->HoM1[0]
REAL
   0.438551  0.00359278  0.00452176    0.357365
 0.00359278   0.0517464   0.0264155 -0.00899175
 0.00452176   0.0264155   0.0711514  -0.0144485
   0.357365 -0.00899175  -0.0144485    0.438551
IMAGINARY
          0   -0.006638   0.0231201  0.00491847
   0.006638           0  -0.0198068  0.00353788
 -0.0231201   0.0198068           0    -0.02002
-0.00491847 -0.00353788     0.02002           0
Repeater1[0]<--->EndNode1[0]
REAL
    0.447268   -0.0230129  0.000310559     0.335014
  -0.0230129    0.0787802  -0.00729374 -0.000310559
 0.000310559  -0.00729374    0.0609911   0.00358285
    0.335014 -0.000310559   0.00358285     0.412961
IMAGINARY
           0   0.00288255  -0.00738541 -0.000139502
 -0.00288255            0    0.0180423   -0.0003069
  0.00738541   -0.0180423            0   0.00352771
 0.000139502    0.0003069  -0.00352771            0
Repeater1[0]<--->HoM1[0]
REAL
   0.438551  0.00452176  0.00359278    0.357365
 0.00452176   0.0711514   0.0264155  -0.0144485
 0.00359278   0.0264155   0.0517464 -0.00899175
   0.357365  -0.0144485 -0.00899175    0.438551
IMAGINARY
          0   0.0231201   -0.006638  0.00491847
 -0.0231201           0   0.0198068    -0.02002
   0.006638  -0.0198068           0  0.00353788
-0.00491847     0.02002 -0.00353788           0
EndNode1[0]<--->Repeater1[0]
REAL
   0.403774   0.0285061  0.00936315    0.327235
  0.0285061   0.0578616   0.0241858   0.0113087
 0.00936315   0.0241858   0.0716981 -0.00137435
   0.327235   0.0113087 -0.00137435    0.466667
IMAGINARY
           0   0.00495753    0.0093291    0.0201181
 -0.00495753            0    0.0138367   -0.0226709
  -0.0093291   -0.0138367            0 -0.000510266
  -0.0201181    0.0226709  0.000510266            0
EndNode2[0]<--->HoM1[0]
REAL
    0.401258  -0.00222363 -0.000249977     0.347391
 -0.00222363    0.0679245     0.014722    0.0221572
-0.000249977     0.014722    0.0666667   0.00222363
    0.347391    0.0221572   0.00222363     0.464151
IMAGINARY
           0   -0.0215707  -0.00990934  -0.00160713
   0.0215707            0  0.000328356    0.0145574
  0.00990934 -0.000328356            0   -0.0069818
  0.00160713   -0.0145574    0.0069818            0
Repeater1[0]<--->EndNode1[0]
REAL
   0.403774  0.00936315   0.0285061    0.327235
 0.00936315   0.0716981   0.0241858 -0.00137435
  0.0285061   0.0241858   0.0578616   0.0113087
   0.327235 -0.00137435   0.0113087    0.466667
IMAGINARY
           0    0.0093291   0.00495753    0.0201181
  -0.0093291            0   -0.0138367 -0.000510266
 -0.00495753    0.0138367            0   -0.0226709
  -0.0201181  0.000510266    0.0226709            0
Repeater1[0]<--->HoM1[0]
REAL
    0.401258 -0.000249977  -0.00222363     0.347391
-0.000249977    0.0666667     0.014722   0.00222363
 -0.00222363     0.014722    0.0679245    0.0221572
    0.347391   0.00222363    0.0221572     0.464151
IMAGINARY
           0  -0.00990934   -0.0215707  -0.00160713
  0.00990934            0 -0.000328356   -0.0069818
   0.0215707  0.000328356            0    0.0145574
  0.00160713    0.0069818   -0.0145574            0
EndNode1[0]<--->Repeater1[0]
REAL
   0.427273 -0.00402419 -0.00548887    0.343644
-0.00402419   0.0792208   0.0336173 -0.00872302
-0.00548887   0.0336173   0.0675325  -0.0218156
   0.343644 -0.00872302  -0.0218156    0.425974
IMAGINARY
           0   -0.0146377   0.00228451 -0.000904255
   0.0146377            0   0.00840426   0.00035401
 -0.00228451  -0.00840426            0  -0.00119342
 0.000904255  -0.00035401   0.00119342            0
EndNode2[0]<--->HoM1[0]
REAL
    0.429114    0.0238751 -4.73238e-05     0.344232
   0.0238751    0.0632911    0.0356673    0.0133217
-4.73238e-05    0.0356673    0.0670886   -0.0143934
    0.344232    0.0133217   -0.0143934     0.440506
IMAGINARY
          0  -0.0112596 -0.00436907   0.0189655
  0.0112596           0  0.00108467   0.0081474
 0.00436907 -0.00108467           0   0.0225946
 -0.0189655  -0.0081474  -0.0225946           0
Repeater1[0]<--->EndNode1[0]
REAL
   0.427273 -0.00548887 -0.00402419    0.343644
-0.00548887   0.0675325   0.0336173  -0.0218156
-0.00402419   0.0336173   0.0792208 -0.00872302
   0.343644  -0.0218156 -0.00872302    0.425974
IMAGINARY
           0   0.00228451   -0.0146377 -0.000904255
 -0.00228451            0  -0.00840426  -0.00119342
   0.0146377   0.00840426            0   0.00035401
 0.000904255   0.00119342  -0.00035401            0
Repeater1[0]<--->HoM1[0]
REAL
    0.429114 -4.73238e-05    0.0238751     0.344232
-4.73238e-05    0.0670886    0.0356673   -0.0143934
   0.0238751    0.0356673    0.0632911    0.0133217
    0.344232   -0.0143934    0.0133217     0.440506
IMAGINARY
          0 -0.00436907  -0.0112596   0.0189655
 0.00436907           0 -0.00108467   0.0225946
  0.0112596  0.00108467           0   0.0081474
 -0.0189655  -0.0225946  -0.0081474           0
EndNode1[0]<--->Repeater1[0]
REAL
   0.453384  -0.0058344  -0.0166914    0.333025
 -0.0058344   0.0753512  0.00887767 -0.00258882
 -0.0166914  0.00887767   0.0574713 0.000693013
   0.333025 -0.00258882 0.000693013    0.413793
IMAGINARY
           0    0.0203845   -0.0138815  -0.00645339
  -0.0203845            0  0.000414742   -0.0294256
   0.0138815 -0.000414742            0   0.00979921
  0.00645339    0.0294256  -0.00979921            0
EndNode2[0]<--->HoM1[0]
REAL
  0.425729 0.00814558 0.00913163   0.336572
0.00814558  0.0596817  0.0248513 0.00397699
0.00913163  0.0248513  0.0702918  0.0236896
  0.336572 0.00397699  0.0236896   0.444297
IMAGINARY
           0   -0.0183269    0.0131964   0.00751605
   0.0183269            0   -0.0132632 -0.000727611
  -0.0131964    0.0132632            0   0.00959868
 -0.00751605  0.000727611  -0.00959868            0
Repeater1[0]<--->EndNode1[0]
REAL
   0.453384  -0.0166914  -0.0058344    0.333025
 -0.0166914   0.0574713  0.00887767 0.000693013
 -0.0058344  0.00887767   0.0753512 -0.00258882
   0.333025 0.000693013 -0.00258882    0.413793
IMAGINARY
           0   -0.0138815    0.0203845  -0.00645339
   0.0138815            0 -0.000414742   0.00979921
  -0.0203845  0.000414742            0   -0.0294256
  0.00645339  -0.00979921    0.0294256            0
Repeater1[0]<--->HoM1[0]
REAL
  0.425729 0.00913163 0.00814558   0.336572
0.00913163  0.0702918  0.0248513  0.0236896
0.00814558  0.0248513  0.0596817 0.00397699
  0.336572  0.0236896 0.00397699   0.444297
IMAGINARY
           0    0.0131964   -0.0183269   0.00751605
  -0.0131964            0    0.0132632   0.00959868
   0.0183269   -0.0132632            0 -0.000727611
 -0.00751605  -0.00959868  0.000727611            0
EndNode1[0]<--->Repeater1[0]
REAL
   0.444305 -0.00315261   0.0127662    0.335487
-0.00315261   0.0838548    0.024947    0.004849
  0.0127662    0.024947   0.0763454  0.00586264
   0.335487    0.004849  0.00586264    0.395494
IMAGINARY
          0    0.013661  0.00809424 -0.00774302
  -0.013661           0  0.00454199   0.0113537
-0.00809424 -0.00454199           0  0.00578696
 0.00774302  -0.0113537 -0.00578696           0
EndNode2[0]<--->HoM1[0]
REAL
  0.465385 0.00308646 0.00559452   0.348851
0.00308646  0.0666667  0.0300501 0.00626566
0.00559452  0.0300501  0.0769231  0.0100222
  0.348851 0.00626566  0.0100222   0.391026
IMAGINARY
          0 -0.00939597  0.00264601   0.0112524
 0.00939597           0   0.0275073  0.00144119
-0.00264601  -0.0275073           0 -0.00422801
 -0.0112524 -0.00144119  0.00422801           0
Repeater1[0]<--->EndNode1[0]
REAL
   0.444305   0.0127662 -0.00315261    0.335487
  0.0127662   0.0763454    0.024947  0.00586264
-0.00315261    0.024947   0.0838548    0.004849
   0.335487  0.00586264    0.004849    0.395494
IMAGINARY
          0  0.00809424    0.013661 -0.00774302
-0.00809424           0 -0.00454199  0.00578696
  -0.013661  0.00454199           0   0.0113537
 0.00774302 -0.00578696  -0.0113537           0
Repeater1[0]<--->HoM1[0]
REAL
  0.465385 0.00559452 0.00308646   0.348851
0.00559452  0.0769231  0.0300501  0.0100222
0.00308646  0.0300501  0.0666667 0.00626566
  0.348851  0.0100222 0.00626566   0.391026
IMAGINARY
          0  0.00264601 -0.00939597   0.0112524
-0.00264601           0  -0.0275073 -0.00422801
 0.00939597   0.0275073           0  0.00144119
 -0.0112524  0.00422801 -0.00144119           0
EndNode1[0]<--->Repeater1[0]
REAL
   0.439206 3.83672e-05  0.00711544    0.351433
3.83672e-05   0.0719603   0.0264009   0.0105168
 0.00711544   0.0264009   0.0632754   0.0112966
   0.351433   0.0105168   0.0112966    0.425558
IMAGINARY
           0  0.000341521    0.0140823   0.00293927
-0.000341521            0   -0.0130659    0.0184848
  -0.0140823    0.0130659            0   -0.0239686
 -0.00293927   -0.0184848    0.0239686            0
EndNode2[0]<--->HoM1[0]
REAL
   0.460772  -0.0144814   -0.011245    0.334906
 -0.0144814   0.0597758   0.0111514   -0.011909
  -0.011245   0.0111514   0.0672478 -0.00742102
   0.334906   -0.011909 -0.00742102    0.412204
IMAGINARY
          0  -0.0324669    0.018412   0.0043213
  0.0324669           0 -0.00566539  0.00649226
  -0.018412  0.00566539           0  -0.0128715
 -0.0043213 -0.00649226   0.0128715           0
Repeater1[0]<--->EndNode1[0]
REAL
   0.439206  0.00711544 3.83672e-05    0.351433
 0.00711544   0.0632754   0.0264009   0.0112966
3.83672e-05   0.0264009   0.0719603   0.0105168
   0.351433   0.0112966   0.0105168    0.425558
IMAGINARY
           0    0.0140823  0.000341521   0.00293927
  -0.0140823            0    0.0130659   -0.0239686
-0.000341521   -0.0130659            0    0.0184848
 -0.00293927    0.0239686   -0.0184848            0
Repeater1[0]<--->HoM1[0]
REAL
   0.460772   -0.011245  -0.0144814    0.334906
  -0.011245   0.0672478   0.0111514 -0.00742102
 -0.0144814   0.0111514   0.0597758   -0.011909
   0.334906 -0.00742102   -0.011909    0.412204
IMAGINARY
          0    0.018412  -0.0324669   0.0043213
  -0.018412           0  0.00566539  -0.0128715
  0.0324669 -0.00566539           0  0.00649226
 -0.0043213   0.0128715 -0.00649226           0
EndNode1[0]<--->Repeater1[0]
REAL
  0.428571 -0.0118804  0.0192439   0.326579
-0.0118804  0.0708181  0.0161468 -0.0159674
 0.0192439  0.0161468  0.0805861 0.00991447
  0.326579 -0.0159674 0.00991447   0.420024
IMAGINARY
          0 -0.00743306   0.0239052  -0.0223593
 0.00743306           0 -0.00225208  -0.0111825
 -0.0239052  0.00225208           0 -0.00147279
  0.0223593   0.0111825  0.00147279           0
EndNode2[0]<--->HoM1[0]
REAL
   0.451372  -0.0105459  -0.0164242    0.341856
 -0.0105459   0.0760599    0.029112 -0.00466762
 -0.0164242    0.029112   0.0760599  -0.0105459
   0.341856 -0.00466762  -0.0105459    0.396509
IMAGINARY
          0  -0.0136793   -0.010792   0.0112662
  0.0136793           0 -0.00597519  0.00884146
   0.010792  0.00597519           0  -0.0233818
 -0.0112662 -0.00884146   0.0233818           0
Repeater1[0]<--->EndNode1[0]
REAL
  0.428571  0.0192439 -0.0118804   0.326579
 0.0192439  0.0805861  0.0161468 0.00991447
-0.0118804  0.0161468  0.0708181 -0.0159674
  0.326579 0.00991447 -0.0159674   0.420024
IMAGINARY
          0   0.0239052 -0.00743306  -0.0223593
 -0.0239052           0  0.00225208 -0.00147279
 0.00743306 -0.00225208           0  -0.0111825
  0.0223593  0.00147279   0.0111825           0
Repeater1[0]<--->HoM1[0]
REAL
   0.451372  -0.0164242  -0.0105459    0.341856
 -0.0164242   0.0760599    0.029112  -0.0105459
 -0.0105459    0.029112   0.0760599 -0.00466762
   0.341856  -0.0105459 -0.00466762    0.396509
IMAGINARY
          0   -0.010792  -0.0136793   0.0112662
   0.010792           0  0.00597519  -0.0233818
  0.0136793 -0.00597519           0  0.00884146
 -0.0112662   0.0233818 -0.00884146           0
EndNode1[0]<--->Repeater1[0]
REAL
  0.439735   0.014086 0.00637483   0.346598
  0.014086  0.0794702 0.00920989 0.00764386
0.00637483 0.00920989  0.0622517   0.015954
  0.346598 0.00764386   0.015954   0.418543
IMAGINARY
          0  0.00337961  -0.0131561  0.00316134
-0.00337961           0  0.00134316  -0.0105315
  0.0131561 -0.00134316           0   0.0139059
-0.00316134   0.0105315  -0.0139059           0
EndNode2[0]<--->HoM1[0]
REAL
  0.445333 0.00417717 0.00685533   0.328027
0.00417717  0.0666667  0.0248776  -0.016126
0.00685533  0.0248776      0.052 -0.0171562
  0.328027  -0.016126 -0.0171562      0.436
IMAGINARY
           0   0.00170668  -0.00529847  -0.00751527
 -0.00170668            0   0.00210011  4.91249e-05
  0.00529847  -0.00210011            0   0.00354266
  0.00751527 -4.91249e-05  -0.00354266            0
Repeater1[0]<--->EndNode1[0]
REAL
  0.439735 0.00637483   0.014086   0.346598
0.00637483  0.0622517 0.00920989   0.015954
  0.014086 0.00920989  0.0794702 0.00764386
  0.346598   0.015954 0.00764386   0.418543
IMAGINARY
          0  -0.0131561  0.00337961  0.00316134
  0.0131561           0 -0.00134316   0.0139059
-0.00337961  0.00134316           0  -0.0105315
-0.00316134  -0.0139059   0.0105315           0
Repeater1[0]<--->HoM1[0]
REAL
  0.445333 0.00685533 0.00417717   0.328027
0.00685533      0.052  0.0248776 -0.0171562
0.00417717  0.0248776  0.0666667  -0.016126
  0.328027 -0.0171562  -0.016126      0.436
IMAGINARY
           0  -0.00529847   0.00170668  -0.00751527
  0.00529847            0  -0.00210011   0.00354266
 -0.00170668   0.00210011            0  4.91249e-05
  0.00751527  -0.00354266 -4.91249e-05            0
EndNode1[0]<--->Repeater1[0]
REAL
   0.420786  0.00990603  0.00718011    0.323485
 0.00990603   0.0621039   0.0113087 -0.00154807
 0.00718011   0.0113087   0.0557668 -0.00427399
   0.323485 -0.00154807 -0.00427399    0.461343
IMAGINARY
           0   0.00211211   0.00287075  5.36942e-05
 -0.00211211            0     0.010363   -0.0106428
 -0.00287075    -0.010363            0   -0.0241328
-5.36942e-05    0.0106428    0.0241328            0
EndNode2[0]<--->HoM1[0]
REAL
   0.418327 9.52193e-05 -0.00516573    0.352127
9.52193e-05    0.061089   0.0108363  -0.0108836
-0.00516573   0.0108363   0.0690571 -0.00256436
   0.352127  -0.0108836 -0.00256436    0.451527
IMAGINARY
          0   0.0262652    0.014813  0.00979049
 -0.0262652           0   -0.024784 -0.00513555
  -0.014813    0.024784           0  0.00147677
-0.00979049  0.00513555 -0.00147677           0
Repeater1[0]<--->EndNode1[0]
REAL
   0.420786  0.00718011  0.00990603    0.323485
 0.00718011   0.0557668   0.0113087 -0.00427399
 0.00990603   0.0113087   0.0621039 -0.00154807
   0.323485 -0.00427399 -0.00154807    0.461343
IMAGINARY
           0   0.00287075   0.00211211  5.36942e-05
 -0.00287075            0    -0.010363   -0.0241328
 -0.00211211     0.010363            0   -0.0106428
-5.36942e-05    0.0241328    0.0106428            0
Repeater1[0]<--->HoM1[0]
REAL
   0.418327 -0.00516573 9.52193e-05    0.352127
-0.00516573   0.0690571   0.0108363 -0.00256436
9.52193e-05   0.0108363    0.061089  -0.0108836
   0.352127 -0.00256436  -0.0108836    0.451527
IMAGINARY
          0    0.014813   0.0262652  0.00979049
  -0.014813           0    0.024784  0.00147677
 -0.0262652   -0.024784           0 -0.00513555
-0.00979049 -0.00147677  0.00513555           0
EndNode1[0]<--->Repeater1[0]
REAL
  0.453939  0.0109335  0.0177578   0.334782
 0.0109335  0.0747664  0.0227521  0.0110093
 0.0177578  0.0227521  0.0547397 0.00413499
  0.334782  0.0110093 0.00413499   0.416555
IMAGINARY
          0    0.016922  -0.0109614 -0.00407505
  -0.016922           0  0.00670663 -0.00908873
  0.0109614 -0.00670663           0   0.0131532
 0.00407505  0.00908873  -0.0131532           0
EndNode2[0]<--->HoM1[0]
REAL
   0.451316  0.00660723   0.0113194    0.350021
 0.00660723   0.0631579    0.010235  -0.0100374
  0.0113194    0.010235   0.0605263 -0.00147902
   0.350021  -0.0100374 -0.00147902       0.425
IMAGINARY
          0  0.00336638 -0.00839829   0.0180273
-0.00336638           0  0.00272742  0.00773074
 0.00839829 -0.00272742           0  -0.0107095
 -0.0180273 -0.00773074   0.0107095           0
Repeater1[0]<--->EndNode1[0]
REAL
  0.453939  0.0177578  0.0109335   0.334782
 0.0177578  0.0547397  0.0227521 0.00413499
 0.0109335  0.0227521  0.0747664  0.0110093
  0.334782 0.00413499  0.0110093   0.416555
IMAGINARY
          0  -0.0109614    0.016922 -0.00407505
  0.0109614           0 -0.00670663   0.0131532
  -0.016922  0.00670663           0 -0.00908873
 0.00407505  -0.0131532  0.00908873           0
Repeater1[0]<--->HoM1[0]
REAL
   0.451316   0.0113194  0.00660723    0.350021
  0.0113194   0.0605263    0.010235 -0.00147902
 0.00660723    0.010235   0.0631579  -0.0100374
   0.350021 -0.00147902  -0.0100374       0.425
IMAGINARY
          0 -0.00839829  0.00336638   0.0180273
 0.00839829           0 -0.00272742  -0.0107095
-0.00336638  0.00272742           0  0.00773074
 -0.0180273   0.0107095 -0.00773074           0
EndNode1[0]<--->Repeater1[0]
REAL
   0.419236  0.00620309 -0.00364254    0.348394
 0.00620309    0.054254   0.0154799   0.0154226
-0.00364254   0.0154799   0.0863132   0.0134304
   0.348394   0.0154226   0.0134304    0.440197
IMAGINARY
           0  -0.00479418   -0.0166353   0.00123282
  0.00479418            0   -0.0179217    0.0178916
   0.0166353    0.0179217            0 -0.000230946
 -0.00123282   -0.0178916  0.000230946            0
EndNode2[0]<--->HoM1[0]
REAL
    0.421192 -0.000510359   0.00223558     0.323962
-0.000510359    0.0701987    0.0218925  -0.00741693
  0.00223558    0.0218925    0.0728477   -0.0266917
    0.323962  -0.00741693   -0.0266917     0.435762
IMAGINARY
          0  -0.0093614  0.00375662   0.0142281
  0.0093614           0   0.0103621 -0.00310979
-0.00375662  -0.0103621           0  -0.0184523
 -0.0142281  0.00310979   0.0184523           0
Repeater1[0]<--->EndNode1[0]
REAL
   0.419236 -0.00364254  0.00620309    0.348394
-0.00364254   0.0863132   0.0154799   0.0134304
 0.00620309   0.0154799    0.054254   0.0154226
   0.348394   0.0134304   0.0154226    0.440197
IMAGINARY
           0   -0.0166353  -0.00479418   0.00123282
   0.0166353            0    0.0179217 -0.000230946
  0.00479418   -0.0179217            0    0.0178916
 -0.00123282  0.000230946   -0.0178916            0
Repeater1[0]<--->HoM1[0]
REAL
    0.421192   0.00223558 -0.000510359     0.323962
  0.00223558    0.0728477    0.0218925   -0.0266917
-0.000510359    0.0218925    0.0701987  -0.00741693
    0.323962   -0.0266917  -0.00741693     0.435762
IMAGINARY
          0  0.00375662  -0.0093614   0.0142281
-0.00375662           0  -0.0103621  -0.0184523
  0.0093614   0.0103621           0 -0.00310979
 -0.0142281   0.0184523  0.00310979           0
EndNode1[0]<--->Repeater1[0]
REAL
   0.416244  -0.0176884  -0.0171134    0.341223
 -0.0176884    0.072335   0.0171837 -0.00880316
 -0.0171134   0.0171837   0.0786802   -0.018342
   0.341223 -0.00880316   -0.018342    0.432741
IMAGINARY
           0   -0.0143017    0.0195498   -0.0168136
   0.0143017            0 -0.000516324    0.0170053
  -0.0195498  0.000516324            0  -0.00738351
   0.0168136   -0.0170053   0.00738351            0
EndNode2[0]<--->HoM1[0]
REAL
   0.464194 -0.00132057   0.0112537    0.338815
-0.00132057   0.0754476   0.0264696 -0.00995839
  0.0112537   0.0264696   0.0677749   0.0181599
   0.338815 -0.00995839   0.0181599    0.392583
IMAGINARY
          0  -0.0138472   0.0162352  0.00123646
  0.0138472           0 -0.00817214  0.00969071
 -0.0162352  0.00817214           0  -0.0219553
-0.00123646 -0.00969071   0.0219553           0
Repeater1[0]<--->EndNode1[0]
REAL
   0.416244  -0.0171134  -0.0176884    0.341223
 -0.0171134   0.0786802   0.0171837   -0.018342
 -0.0176884   0.0171837    0.072335 -0.00880316
   0.341223   -0.018342 -0.00880316    0.432741
IMAGINARY
           0    0.0195498   -0.0143017   -0.0168136
  -0.0195498            0  0.000516324  -0.00738351
   0.0143017 -0.000516324            0    0.0170053
   0.0168136   0.00738351   -0.0170053            0
Repeater1[0]<--->HoM1[0]
REAL
   0.464194   0.0112537 -0.00132057    0.338815
  0.0112537   0.0677749   0.0264696   0.0181599
-0.00132057   0.0264696   0.0754476 -0.00995839
   0.338815   0.0181599 -0.00995839    0.392583
IMAGINARY
          0   0.0162352  -0.0138472  0.00123646
 -0.0162352           0  0.00817214  -0.0219553
  0.0138472 -0.00817214           0  0.00969071
-0.00123646   0.0219553 -0.00969071           0
EndNode1[0]<--->Repeater1[0]
REAL
   0.423027 -0.00297739  -0.0270946    0.353588
-0.00297739   0.0659767   0.0357398  0.00140285
 -0.0270946   0.0357398   0.0633894 -0.00953907
   0.353588  0.00140285 -0.00953907    0.447607
IMAGINARY
