EndNode1[0]<--->Repeater1[0]
REAL
   0.373212  0.00310463   0.0202098    0.279316
 0.00310463    0.107932  -0.0123506  0.00219737
  0.0202098  -0.0123506    0.122237 -0.00630566
   0.279316  0.00219737 -0.00630566    0.396619
IMAGINARY
           0 -0.000709344   -0.0009275   0.00160678
 0.000709344            0   0.00626723   -0.0159996
   0.0009275  -0.00626723            0  -0.00319691
 -0.00160678    0.0159996   0.00319691            0
EndNode2[0]<--->HoM1[0]
REAL
  0.398207 -0.0279805 0.00964106   0.294164
-0.0279805   0.111396   -0.01898 -0.0120981
0.00964106   -0.01898  0.0947503   0.009553
  0.294164 -0.0120981   0.009553   0.395647
IMAGINARY
           0  -0.00150808   -0.0189074 -0.000955418
  0.00150808            0  -0.00887259   -0.0120204
   0.0189074   0.00887259            0   0.00795138
 0.000955418    0.0120204  -0.00795138            0
Repeater1[0]<--->EndNode1[0]
REAL
   0.373212   0.0202098  0.00310463    0.279316
  0.0202098    0.122237  -0.0123506 -0.00630566
 0.00310463  -0.0123506    0.107932  0.00219737
   0.279316 -0.00630566  0.00219737    0.396619
IMAGINARY
           0   -0.0009275 -0.000709344   0.00160678
   0.0009275            0  -0.00626723  -0.00319691
 0.000709344   0.00626723            0   -0.0159996
 -0.00160678   0.00319691    0.0159996            0
Repeater1[0]<--->HoM1[0]
REAL
  0.398207 0.00964106 -0.0279805   0.294164
0.00964106  0.0947503   -0.01898   0.009553
-0.0279805   -0.01898   0.111396 -0.0120981
  0.294164   0.009553 -0.0120981   0.395647
IMAGINARY
           0   -0.0189074  -0.00150808 -0.000955418
   0.0189074            0   0.00887259   0.00795138
  0.00150808  -0.00887259            0   -0.0120204
 0.000955418  -0.00795138    0.0120204            0
EndNode1[0]<--->Repeater1[0]
REAL
   0.389677   0.0054822  -0.0100209    0.263476
  0.0054822    0.103226  0.00913369  0.00226892
 -0.0100209  0.00913369    0.110968 -0.00806618
   0.263476  0.00226892 -0.00806618    0.396129
IMAGINARY
           0   0.00193548   0.00376758 -0.000194904
 -0.00193548            0   -0.0108584   -0.0124524
 -0.00376758    0.0108584            0    0.0141935
 0.000194904    0.0124524   -0.0141935            0
EndNode2[0]<--->HoM1[0]
REAL
   0.390968 -0.00630931  -0.0212844    0.272246
-0.00630931    0.113548  0.00656146  -0.0124904
 -0.0212844  0.00656146    0.108387 -0.00759797
   0.272246  -0.0124904 -0.00759797    0.387097
IMAGINARY
           0  -0.00611853   -0.0159623 -0.000719003
  0.00611853            0   0.00501348    0.0114808
   0.0159623  -0.00501348            0 -0.000923724
 0.000719003   -0.0114808  0.000923724            0
Repeater1[0]<--->EndNode1[0]
REAL
   0.389677  -0.0100209   0.0054822    0.263476
 -0.0100209    0.110968  0.00913369 -0.00806618
  0.0054822  0.00913369    0.103226  0.00226892
   0.263476 -0.00806618  0.00226892    0.396129
IMAGINARY
           0   0.00376758   0.00193548 -0.000194904
 -0.00376758            0    0.0108584    0.0141935
 -0.00193548   -0.0108584            0   -0.0124524
 0.000194904   -0.0141935    0.0124524            0
Repeater1[0]<--->HoM1[0]
REAL
   0.390968  -0.0212844 -0.00630931    0.272246
 -0.0212844    0.108387  0.00656146 -0.00759797
-0.00630931  0.00656146    0.113548  -0.0124904
   0.272246 -0.00759797  -0.0124904    0.387097
IMAGINARY
           0   -0.0159623  -0.00611853 -0.000719003
   0.0159623            0  -0.00501348 -0.000923724
  0.00611853   0.00501348            0    0.0114808
 0.000719003  0.000923724   -0.0114808            0
EndNode1[0]<--->Repeater1[0]
REAL
   0.387137  0.00328702 -0.00922589    0.292665
 0.00328702    0.107188   0.0147427  0.00428762
-0.00922589   0.0147427    0.113493  0.00658953
   0.292665  0.00428762  0.00658953    0.392182
IMAGINARY
          0   0.0147335  -0.0171595    -0.01242
 -0.0147335           0  0.00513525  0.00676993
  0.0171595 -0.00513525           0  0.00734438
    0.01242 -0.00676993 -0.00734438           0
EndNode2[0]<--->HoM1[0]
REAL
   0.381616  0.00965233  0.00238968    0.294109
 0.00965233    0.101671 -0.00304432 -0.00567483
 0.00238968 -0.00304432     0.10585   0.0172859
   0.294109 -0.00567483   0.0172859    0.410864
IMAGINARY
           0    0.0116086   -0.0113884  -0.00793858
  -0.0116086            0  0.000362824   0.00960901
   0.0113884 -0.000362824            0  -0.00627054
  0.00793858  -0.00960901   0.00627054            0
Repeater1[0]<--->EndNode1[0]
REAL
   0.387137 -0.00922589  0.00328702    0.292665
-0.00922589    0.113493   0.0147427  0.00658953
 0.00328702   0.0147427    0.107188  0.00428762
   0.292665  0.00658953  0.00428762    0.392182
IMAGINARY
          0  -0.0171595   0.0147335    -0.01242
  0.0171595           0 -0.00513525  0.00734438
 -0.0147335  0.00513525           0  0.00676993
    0.01242 -0.00734438 -0.00676993           0
Repeater1[0]<--->HoM1[0]
REAL
   0.381616  0.00238968  0.00965233    0.294109
 0.00238968     0.10585 -0.00304432   0.0172859
 0.00965233 -0.00304432    0.101671 -0.00567483
   0.294109   0.0172859 -0.00567483    0.410864
IMAGINARY
           0   -0.0113884    0.0116086  -0.00793858
   0.0113884            0 -0.000362824  -0.00627054
  -0.0116086  0.000362824            0   0.00960901
  0.00793858   0.00627054  -0.00960901            0
EndNode1[0]<--->Repeater1[0]
REAL
   0.394495  -0.0173037  -0.0207313    0.272683
 -0.0173037    0.114024  -0.0100838 0.000837364
 -0.0207313  -0.0100838    0.104849  -0.0251366
   0.272683 0.000837364  -0.0251366    0.386632
IMAGINARY
          0  0.00266222  -0.0118863 -0.00352789
-0.00266222           0 -0.00162675  0.00945911
  0.0118863  0.00162675           0 -0.00873018
 0.00352789 -0.00945911  0.00873018           0
EndNode2[0]<--->HoM1[0]
REAL
   0.391805   0.0236006    0.037478    0.297536
  0.0236006    0.107554   0.0181062 -0.00395846
   0.037478   0.0181062    0.111396  0.00991898
   0.297536 -0.00395846  0.00991898    0.389245
IMAGINARY
          0 -0.00390691 -0.00594424  0.00269417
 0.00390691           0   0.0225977  0.00904213
 0.00594424  -0.0225977           0  0.00328733
-0.00269417 -0.00904213 -0.00328733           0
Repeater1[0]<--->EndNode1[0]
REAL
   0.394495  -0.0207313  -0.0173037    0.272683
 -0.0207313    0.104849  -0.0100838  -0.0251366
 -0.0173037  -0.0100838    0.114024 0.000837364
   0.272683  -0.0251366 0.000837364    0.386632
IMAGINARY
          0  -0.0118863  0.00266222 -0.00352789
  0.0118863           0  0.00162675 -0.00873018
-0.00266222 -0.00162675           0  0.00945911
 0.00352789  0.00873018 -0.00945911           0
Repeater1[0]<--->HoM1[0]
REAL
   0.391805    0.037478   0.0236006    0.297536
   0.037478    0.111396   0.0181062  0.00991898
  0.0236006   0.0181062    0.107554 -0.00395846
   0.297536  0.00991898 -0.00395846    0.389245
IMAGINARY
          0 -0.00594424 -0.00390691  0.00269417
 0.00594424           0  -0.0225977  0.00328733
 0.00390691   0.0225977           0  0.00904213
-0.00269417 -0.00328733 -0.00904213           0
EndNode1[0]<--->Repeater1[0]
REAL
   0.415601  0.00217982 -0.00310945    0.286433
 0.00217982    0.126598  -0.0252385 -0.00310945
-0.00310945  -0.0252385   0.0984655  -0.0158614
   0.286433 -0.00310945  -0.0158614    0.359335
IMAGINARY
           0  -0.00211666  0.000333761  -0.00177877
  0.00211666            0    0.0106395   0.00364502
-0.000333761   -0.0106395            0  -0.00716716
  0.00177877  -0.00364502   0.00716716            0
EndNode2[0]<--->HoM1[0]
REAL
     0.42394    0.0216242    0.0287101     0.290914
   0.0216242     0.109726  -0.00362456    0.0134429
   0.0287101  -0.00362456    0.0972569 -0.000223456
    0.290914    0.0134429 -0.000223456     0.369077
IMAGINARY
           0  0.000324251    -0.017626  -0.00946166
-0.000324251            0    0.0134299   -0.0155339
    0.017626   -0.0134299            0   0.00162633
  0.00946166    0.0155339  -0.00162633            0
Repeater1[0]<--->EndNode1[0]
REAL
   0.415601 -0.00310945  0.00217982    0.286433
-0.00310945   0.0984655  -0.0252385  -0.0158614
 0.00217982  -0.0252385    0.126598 -0.00310945
   0.286433  -0.0158614 -0.00310945    0.359335
IMAGINARY
           0  0.000333761  -0.00211666  -0.00177877
-0.000333761            0   -0.0106395  -0.00716716
  0.00211666    0.0106395            0   0.00364502
  0.00177877   0.00716716  -0.00364502            0
Repeater1[0]<--->HoM1[0]
REAL
     0.42394    0.0287101    0.0216242     0.290914
   0.0287101    0.0972569  -0.00362456 -0.000223456
   0.0216242  -0.00362456     0.109726    0.0134429
    0.290914 -0.000223456    0.0134429     0.369077
IMAGINARY
           0    -0.017626  0.000324251  -0.00946166
    0.017626            0   -0.0134299   0.00162633
-0.000324251    0.0134299            0   -0.0155339
  0.00946166  -0.00162633    0.0155339            0
EndNode1[0]<--->Repeater1[0]
REAL
   0.395804 -0.00599657  -0.0120322    0.287217
-0.00599657    0.137063  0.00628933 -0.00874703
 -0.0120322  0.00628933   0.0965035  -0.0108865
   0.287217 -0.00874703  -0.0108865    0.370629
IMAGINARY
          0   0.0106002  -0.0209431   0.0119165
 -0.0106002           0  -0.0270282  0.00676779
  0.0209431   0.0270282           0   0.0267709
 -0.0119165 -0.00676779  -0.0267709           0
EndNode2[0]<--->HoM1[0]
REAL
  0.352708  0.0135576 0.00967166   0.286948
 0.0135576   0.114927   0.023619 0.00836958
0.00967166   0.023619   0.117569 0.00319494
  0.286948 0.00836958 0.00319494   0.414795
IMAGINARY
           0 -0.000192771  0.000638929   -0.0135495
 0.000192771            0    0.0190592    0.0130152
-0.000638929   -0.0190592            0   0.00734492
   0.0135495   -0.0130152  -0.00734492            0
Repeater1[0]<--->EndNode1[0]
REAL
   0.395804  -0.0120322 -0.00599657    0.287217
 -0.0120322   0.0965035  0.00628933  -0.0108865
-0.00599657  0.00628933    0.137063 -0.00874703
   0.287217  -0.0108865 -0.00874703    0.370629
IMAGINARY
          0  -0.0209431   0.0106002   0.0119165
  0.0209431           0   0.0270282   0.0267709
 -0.0106002  -0.0270282           0  0.00676779
 -0.0119165  -0.0267709 -0.00676779           0
Repeater1[0]<--->HoM1[0]
REAL
  0.352708 0.00967166  0.0135576   0.286948
0.00967166   0.117569   0.023619 0.00319494
 0.0135576   0.023619   0.114927 0.00836958
  0.286948 0.00319494 0.00836958   0.414795
IMAGINARY
           0  0.000638929 -0.000192771   -0.0135495
-0.000638929            0   -0.0190592   0.00734492
 0.000192771    0.0190592            0    0.0130152
   0.0135495  -0.00734492   -0.0130152            0
EndNode1[0]<--->Repeater1[0]
REAL
   0.392902   0.0037879 -0.00699774    0.280822
  0.0037879    0.086185 -0.00838157 4.45149e-05
-0.00699774 -0.00838157   0.0975919   0.0019011
   0.280822 4.45149e-05   0.0019011    0.423321
IMAGINARY
          0  -0.0181703  -0.0124143   0.0100384
  0.0181703           0  -0.0133497  0.00341685
  0.0124143   0.0133497           0 -0.00110992
 -0.0100384 -0.00341685  0.00110992           0
EndNode2[0]<--->HoM1[0]
REAL
    0.388747   0.00187779  -0.00126263     0.292512
  0.00187779     0.103581 -0.000845633  -0.00126263
 -0.00126263 -0.000845633     0.118926   0.00443534
    0.292512  -0.00126263   0.00443534     0.388747
IMAGINARY
           0  -0.00559809   0.00721581 -0.000741416
  0.00559809            0  -0.00457773  -0.00291077
 -0.00721581   0.00457773            0    -0.003627
 0.000741416   0.00291077     0.003627            0
Repeater1[0]<--->EndNode1[0]
REAL
   0.392902 -0.00699774   0.0037879    0.280822
-0.00699774   0.0975919 -0.00838157   0.0019011
  0.0037879 -0.00838157    0.086185 4.45149e-05
   0.280822   0.0019011 4.45149e-05    0.423321
IMAGINARY
          0  -0.0124143  -0.0181703   0.0100384
  0.0124143           0   0.0133497 -0.00110992
  0.0181703  -0.0133497           0  0.00341685
 -0.0100384  0.00110992 -0.00341685           0
Repeater1[0]<--->HoM1[0]
REAL
    0.388747  -0.00126263   0.00187779     0.292512
 -0.00126263     0.118926 -0.000845633   0.00443534
  0.00187779 -0.000845633     0.103581  -0.00126263
    0.292512   0.00443534  -0.00126263     0.388747
IMAGINARY
           0   0.00721581  -0.00559809 -0.000741416
 -0.00721581            0   0.00457773    -0.003627
  0.00559809  -0.00457773            0  -0.00291077
 0.000741416     0.003627   0.00291077            0
EndNode1[0]<--->Repeater1[0]
REAL
   0.422572  0.00428759  -0.0044648    0.273147
 0.00428759    0.106299  0.00705827 -0.00710332
 -0.0044648  0.00705827     0.10105  -0.0222825
   0.273147 -0.00710332  -0.0222825    0.370079
IMAGINARY
           0  0.000181708    0.0122131   0.00427603
-0.000181708            0  -0.00937807    0.0199651
  -0.0122131   0.00937807            0   -0.0113203
 -0.00427603   -0.0199651    0.0113203            0
EndNode2[0]<--->HoM1[0]
REAL
   0.417808 -0.00576991  0.00206884    0.288907
-0.00576991   0.0986301   0.0145006 -0.00665599
 0.00206884   0.0145006    0.105479  0.00642521
   0.288907 -0.00665599  0.00642521    0.378082
IMAGINARY
          0   0.0134941   0.0169299   0.0278397
 -0.0134941           0  -0.0122342  0.00417825
 -0.0169299   0.0122342           0 -0.00162076
 -0.0278397 -0.00417825  0.00162076           0
Repeater1[0]<--->EndNode1[0]
REAL
   0.422572  -0.0044648  0.00428759    0.273147
 -0.0044648     0.10105  0.00705827  -0.0222825
 0.00428759  0.00705827    0.106299 -0.00710332
   0.273147  -0.0222825 -0.00710332    0.370079
IMAGINARY
           0    0.0122131  0.000181708   0.00427603
  -0.0122131            0   0.00937807   -0.0113203
-0.000181708  -0.00937807            0    0.0199651
 -0.00427603    0.0113203   -0.0199651            0
Repeater1[0]<--->HoM1[0]
REAL
   0.417808  0.00206884 -0.00576991    0.288907
 0.00206884    0.105479   0.0145006  0.00642521
-0.00576991   0.0145006   0.0986301 -0.00665599
   0.288907  0.00642521 -0.00665599    0.378082
IMAGINARY
          0   0.0169299   0.0134941   0.0278397
 -0.0169299           0   0.0122342 -0.00162076
 -0.0134941  -0.0122342           0  0.00417825
 -0.0278397  0.00162076 -0.00417825           0
EndNode1[0]<--->Repeater1[0]
REAL
    0.38966 -0.00566526  0.00418329    0.268835
-0.00566526    0.114754    0.016441   0.0111541
 0.00418329    0.016441    0.126103  0.00995974
   0.268835   0.0111541  0.00995974    0.369483
IMAGINARY
          0   0.0241487 -0.00111263  0.00419479
 -0.0241487           0 -0.00546705  -0.0077793
 0.00111263  0.00546705           0  0.00252708
-0.00419479   0.0077793 -0.00252708           0
EndNode2[0]<--->HoM1[0]
REAL
   0.390686  -0.0106227  -0.0111346     0.29342
 -0.0106227    0.104787  0.00530621 -0.00988455
 -0.0111346  0.00530621   0.0996119   0.0201768
    0.29342 -0.00988455   0.0201768    0.404916
IMAGINARY
           0   -0.0150425    0.0187473   -0.0120401
   0.0150425            0  -0.00603214    0.0135525
  -0.0187473   0.00603214            0  0.000830565
   0.0120401   -0.0135525 -0.000830565            0
Repeater1[0]<--->EndNode1[0]
REAL
    0.38966  0.00418329 -0.00566526    0.268835
 0.00418329    0.126103    0.016441  0.00995974
-0.00566526    0.016441    0.114754   0.0111541
   0.268835  0.00995974   0.0111541    0.369483
IMAGINARY
          0 -0.00111263   0.0241487  0.00419479
 0.00111263           0  0.00546705  0.00252708
 -0.0241487 -0.00546705           0  -0.0077793
-0.00419479 -0.00252708   0.0077793           0
Repeater1[0]<--->HoM1[0]
REAL
   0.390686  -0.0111346  -0.0106227     0.29342
 -0.0111346   0.0996119  0.00530621   0.0201768
 -0.0106227  0.00530621    0.104787 -0.00988455
    0.29342   0.0201768 -0.00988455    0.404916
IMAGINARY
           0    0.0187473   -0.0150425   -0.0120401
  -0.0187473            0   0.00603214  0.000830565
   0.0150425  -0.00603214            0    0.0135525
   0.0120401 -0.000830565   -0.0135525            0
EndNode1[0]<--->Repeater1[0]
REAL
   0.420854   0.0119316 -0.00676635    0.286408
  0.0119316     0.10804   0.0168711 -0.00552873
-0.00676635   0.0168711    0.103015 0.000363479
   0.286408 -0.00552873 0.000363479     0.36809
IMAGINARY
           0  -0.00322594 -0.000466029   0.00740785
  0.00322594            0   0.00200244  -0.00416973
 0.000466029  -0.00200244            0    0.0184577
 -0.00740785   0.00416973   -0.0184577            0
EndNode2[0]<--->HoM1[0]
REAL
   0.357654  -0.0176952 0.000442725    0.270875
 -0.0176952    0.105866   0.0126048 -0.00857789
0.000442725   0.0126048   0.0901288  0.00330219
   0.270875 -0.00857789  0.00330219    0.446352
IMAGINARY
          0   0.0061719   0.0130989  0.00559484
 -0.0061719           0  -0.0030373    0.014891
 -0.0130989   0.0030373           0 -0.00871643
-0.00559484   -0.014891  0.00871643           0
Repeater1[0]<--->EndNode1[0]
REAL
   0.420854 -0.00676635   0.0119316    0.286408
-0.00676635    0.103015   0.0168711 0.000363479
  0.0119316   0.0168711     0.10804 -0.00552873
   0.286408 0.000363479 -0.00552873     0.36809
IMAGINARY
           0 -0.000466029  -0.00322594   0.00740785
 0.000466029            0  -0.00200244    0.0184577
  0.00322594   0.00200244            0  -0.00416973
 -0.00740785   -0.0184577   0.00416973            0
Repeater1[0]<--->HoM1[0]
REAL
   0.357654 0.000442725  -0.0176952    0.270875
0.000442725   0.0901288   0.0126048  0.00330219
 -0.0176952   0.0126048    0.105866 -0.00857789
   0.270875  0.00330219 -0.00857789    0.446352
IMAGINARY
          0   0.0130989   0.0061719  0.00559484
 -0.0130989           0   0.0030373 -0.00871643
 -0.0061719  -0.0030373           0    0.014891
-0.00559484  0.00871643   -0.014891           0
EndNode1[0]<--->Repeater1[0]
REAL
   0.411692   0.0174762   0.0183306    0.282258
  0.0174762    0.090796  0.00317275 -0.00839687
  0.0183306  0.00317275    0.119403   0.0136496
   0.282258 -0.00839687   0.0136496    0.378109
IMAGINARY
          0  0.00243576  0.00459243  -0.0177942
-0.00243576           0   0.0190197  0.00128992
-0.00459243  -0.0190197           0 -0.00439654
  0.0177942 -0.00128992  0.00439654           0
EndNode2[0]<--->HoM1[0]
REAL
    0.405685   0.00980208    0.0201427     0.269667
  0.00980208     0.105943    0.0124342   0.00514917
   0.0201427    0.0124342     0.113695 -7.44584e-05
    0.269667   0.00514917 -7.44584e-05     0.374677
IMAGINARY
           0   -0.0114646  -0.00159106    0.0104948
   0.0114646            0  0.000587304 -0.000295728
  0.00159106 -0.000587304            0     0.017125
  -0.0104948  0.000295728    -0.017125            0
Repeater1[0]<--->EndNode1[0]
REAL
   0.411692   0.0183306   0.0174762    0.282258
  0.0183306    0.119403  0.00317275   0.0136496
  0.0174762  0.00317275    0.090796 -0.00839687
   0.282258   0.0136496 -0.00839687    0.378109
IMAGINARY
          0  0.00459243  0.00243576  -0.0177942
-0.00459243           0  -0.0190197 -0.00439654
-0.00243576   0.0190197           0  0.00128992
  0.0177942  0.00439654 -0.00128992           0
Repeater1[0]<--->HoM1[0]
REAL
    0.405685    0.0201427   0.00980208     0.269667
   0.0201427     0.113695    0.0124342 -7.44584e-05
  0.00980208    0.0124342     0.105943   0.00514917
    0.269667 -7.44584e-05   0.00514917     0.374677
IMAGINARY
           0  -0.00159106   -0.0114646    0.0104948
  0.00159106            0 -0.000587304     0.017125
   0.0114646  0.000587304            0 -0.000295728
  -0.0104948    -0.017125  0.000295728            0
EndNode1[0]<--->Repeater1[0]
REAL
   0.405229 -0.00254591  -0.0265117     0.28728
-0.00254591    0.121569   0.0174385  0.00226529
 -0.0265117   0.0174385    0.113725  0.00320122
    0.28728  0.00226529  0.00320122    0.359477
IMAGINARY
          0 -0.00324244  -0.0116189  -0.0134219
 0.00324244           0 -0.00359385  0.00500514
  0.0116189  0.00359385           0   0.0204382
  0.0134219 -0.00500514  -0.0204382           0
EndNode2[0]<--->HoM1[0]
REAL
   0.392082  0.00662282 -0.00465895    0.289382
 0.00662282    0.103448 -0.00545625  0.00136514
-0.00465895 -0.00545625    0.103448 -0.00991662
   0.289382  0.00136514 -0.00991662    0.401022
IMAGINARY
           0    0.0104116   -0.0111813    -0.011893
  -0.0104116            0   -0.0197055  -0.00365738
   0.0111813    0.0197055            0  0.000556144
    0.011893   0.00365738 -0.000556144            0
Repeater1[0]<--->EndNode1[0]
REAL
   0.405229  -0.0265117 -0.00254591     0.28728
 -0.0265117    0.113725   0.0174385  0.00320122
-0.00254591   0.0174385    0.121569  0.00226529
    0.28728  0.00320122  0.00226529    0.359477
IMAGINARY
          0  -0.0116189 -0.00324244  -0.0134219
  0.0116189           0  0.00359385   0.0204382
 0.00324244 -0.00359385           0  0.00500514
  0.0134219  -0.0204382 -0.00500514           0
Repeater1[0]<--->HoM1[0]
REAL
   0.392082 -0.00465895  0.00662282    0.289382
-0.00465895    0.103448 -0.00545625 -0.00991662
 0.00662282 -0.00545625    0.103448  0.00136514
   0.289382 -0.00991662  0.00136514    0.401022
IMAGINARY
           0   -0.0111813    0.0104116    -0.011893
   0.0111813            0    0.0197055  0.000556144
  -0.0104116   -0.0197055            0  -0.00365738
    0.011893 -0.000556144   0.00365738            0
EndNode1[0]<--->Repeater1[0]
REAL
   0.401009  0.00537281 -0.00977444    0.261802
 0.00537281     0.10971  0.00925081 -0.00601504
-0.00977444  0.00925081    0.105927   0.0262061
   0.261802 -0.00601504   0.0262061    0.383354
IMAGINARY
          0  -0.0189184  -0.0114089   0.0132792
  0.0189184           0   0.0081772 -0.00899926
  0.0114089  -0.0081772           0   0.0112653
 -0.0132792  0.00899926  -0.0112653           0
EndNode2[0]<--->HoM1[0]
REAL
   0.394705  0.00446591  0.00316549    0.290069
 0.00446591    0.119134 -0.00911675  0.00567805
 0.00316549 -0.00911675    0.102286  0.00573817
   0.290069  0.00567805  0.00573817    0.383875
IMAGINARY
          0  0.00355981  -0.0236974 -0.00292164
-0.00355981           0  0.00943206 -0.00140439
  0.0236974 -0.00943206           0  0.00797343
 0.00292164  0.00140439 -0.00797343           0
Repeater1[0]<--->EndNode1[0]
REAL
   0.401009 -0.00977444  0.00537281    0.261802
-0.00977444    0.105927  0.00925081   0.0262061
 0.00537281  0.00925081     0.10971 -0.00601504
   0.261802   0.0262061 -0.00601504    0.383354
IMAGINARY
          0  -0.0114089  -0.0189184   0.0132792
  0.0114089           0  -0.0081772   0.0112653
  0.0189184   0.0081772           0 -0.00899926
 -0.0132792  -0.0112653  0.00899926           0
Repeater1[0]<--->HoM1[0]
REAL
   0.394705  0.00316549  0.00446591    0.290069
 0.00316549    0.102286 -0.00911675  0.00573817
 0.00446591 -0.00911675    0.119134  0.00567805
   0.290069  0.00573817  0.00567805    0.383875
IMAGINARY
          0  -0.0236974  0.00355981 -0.00292164
  0.0236974           0 -0.00943206  0.00797343
-0.00355981  0.00943206           0 -0.00140439
 0.00292164 -0.00797343  0.00140439           0
EndNode1[0]<--->Repeater1[0]
REAL
    0.397059 -0.000640212     0.010751     0.275777
-0.000640212     0.116422   -0.0191632  -0.00413729
    0.010751   -0.0191632    0.0882353  -0.00597354
    0.275777  -0.00413729  -0.00597354     0.398284
IMAGINARY
           0    0.0264111   0.00267783  -0.00693649
  -0.0264111            0 -0.000639264   -0.0166592
 -0.00267783  0.000639264            0   -0.0124298
  0.00693649    0.0166592    0.0124298            0
EndNode2[0]<--->HoM1[0]
REAL
    0.39555  0.00437416  -0.0118969     0.28014
 0.00437416     0.10136  0.00586224 0.000456799
 -0.0118969  0.00586224    0.119901  0.00437416
    0.28014 0.000456799  0.00437416    0.383189
IMAGINARY
          0 -0.00359492 -0.00230046    -0.02077
 0.00359492           0  -0.0182825 -0.00819823
 0.00230046   0.0182825           0 -0.00165443
    0.02077  0.00819823  0.00165443           0
Repeater1[0]<--->EndNode1[0]
REAL
    0.397059     0.010751 -0.000640212     0.275777
    0.010751    0.0882353   -0.0191632  -0.00597354
-0.000640212   -0.0191632     0.116422  -0.00413729
    0.275777  -0.00597354  -0.00413729     0.398284
IMAGINARY
           0   0.00267783    0.0264111  -0.00693649
 -0.00267783            0  0.000639264   -0.0124298
  -0.0264111 -0.000639264            0   -0.0166592
  0.00693649    0.0124298    0.0166592            0
Repeater1[0]<--->HoM1[0]
REAL
    0.39555  -0.0118969  0.00437416     0.28014
 -0.0118969    0.119901  0.00586224  0.00437416
 0.00437416  0.00586224     0.10136 0.000456799
    0.28014  0.00437416 0.000456799    0.383189
IMAGINARY
          0 -0.00230046 -0.00359492    -0.02077
 0.00230046           0   0.0182825 -0.00165443
 0.00359492  -0.0182825           0 -0.00819823
    0.02077  0.00165443  0.00819823           0
EndNode1[0]<--->Repeater1[0]
REAL
   0.367937 -0.00485651   0.0240016    0.276781
-0.00485651    0.110381  0.00576969  -0.0085654
  0.0240016  0.00576969    0.116951   0.0176082
   0.276781  -0.0085654   0.0176082    0.404731
IMAGINARY
           0    0.0270627 -3.22554e-05    -0.020229
  -0.0270627            0  -0.00480483    0.0018593
 3.22554e-05   0.00480483            0   0.00521501
    0.020229   -0.0018593  -0.00521501            0
EndNode2[0]<--->HoM1[0]
REAL
   0.370089   -0.034801 -0.00144761    0.279973
  -0.034801    0.129278  0.00135679 -0.00878257
-0.00144761  0.00135679    0.117871 -0.00484095
   0.279973 -0.00878257 -0.00484095    0.382763
IMAGINARY
           0   -0.0172681    0.0145235     -0.01614
   0.0172681            0  -0.00237853    0.0087469
  -0.0145235   0.00237853            0 -0.000970866
     0.01614   -0.0087469  0.000970866            0
Repeater1[0]<--->EndNode1[0]
REAL
   0.367937   0.0240016 -0.00485651    0.276781
  0.0240016    0.116951  0.00576969   0.0176082
-0.00485651  0.00576969    0.110381  -0.0085654
   0.276781   0.0176082  -0.0085654    0.404731
IMAGINARY
           0 -3.22554e-05    0.0270627    -0.020229
 3.22554e-05            0   0.00480483   0.00521501
  -0.0270627  -0.00480483            0    0.0018593
    0.020229  -0.00521501   -0.0018593            0
Repeater1[0]<--->HoM1[0]
REAL
   0.370089 -0.00144761   -0.034801    0.279973
-0.00144761    0.117871  0.00135679 -0.00484095
  -0.034801  0.00135679    0.129278 -0.00878257
   0.279973 -0.00484095 -0.00878257    0.382763
IMAGINARY
           0    0.0145235   -0.0172681     -0.01614
  -0.0145235            0   0.00237853 -0.000970866
   0.0172681  -0.00237853            0    0.0087469
     0.01614  0.000970866   -0.0087469            0
EndNode1[0]<--->Repeater1[0]
REAL
  0.401028  0.0202833    0.01353   0.269947
 0.0202833   0.111825 0.00366379  0.0128589
   0.01353 0.00366379   0.111825 0.00471669
  0.269947  0.0128589 0.00471669   0.375321
IMAGINARY
          0  -0.0112997 -0.00422818 -0.00476927
  0.0112997           0  -0.0011285 -0.00790465
 0.00422818   0.0011285           0  0.00172114
 0.00476927  0.00790465 -0.00172114           0
EndNode2[0]<--->HoM1[0]
REAL
   0.395317   0.0270441 -0.00345869     0.28043
  0.0270441   0.0991736 -0.00279542  0.00217335
-0.00345869 -0.00279542   0.0895317  -0.0219027
    0.28043  0.00217335  -0.0219027    0.415978
IMAGINARY
          0  0.00549451 -0.00128023  -0.0059256
-0.00549451           0  0.00530293  -0.0032359
 0.00128023 -0.00530293           0  0.00676355
  0.0059256   0.0032359 -0.00676355           0
Repeater1[0]<--->EndNode1[0]
REAL
  0.401028    0.01353  0.0202833   0.269947
   0.01353   0.111825 0.00366379 0.00471669
 0.0202833 0.00366379   0.111825  0.0128589
  0.269947 0.00471669  0.0128589   0.375321
IMAGINARY
          0 -0.00422818  -0.0112997 -0.00476927
 0.00422818           0   0.0011285  0.00172114
  0.0112997  -0.0011285           0 -0.00790465
 0.00476927 -0.00172114  0.00790465           0
Repeater1[0]<--->HoM1[0]
REAL
   0.395317 -0.00345869   0.0270441     0.28043
-0.00345869   0.0895317 -0.00279542  -0.0219027
  0.0270441 -0.00279542   0.0991736  0.00217335
    0.28043  -0.0219027  0.00217335    0.415978
IMAGINARY
          0 -0.00128023  0.00549451  -0.0059256
 0.00128023           0 -0.00530293  0.00676355
-0.00549451  0.00530293           0  -0.0032359
  0.0059256 -0.00676355   0.0032359           0
EndNode1[0]<--->Repeater1[0]
REAL
    0.37516   0.0344278   0.0091425    0.296285
  0.0344278   0.0896287   0.0082549   0.0091425
  0.0091425   0.0082549    0.128041 0.000250611
   0.296285   0.0091425 0.000250611     0.40717
IMAGINARY
           0  0.000186053    0.0186329   0.00576592
-0.000186053            0  -0.00452214   -0.0261142
  -0.0186329   0.00452214            0  -0.00766735
 -0.00576592    0.0261142   0.00766735            0
EndNode2[0]<--->HoM1[0]
REAL
   0.387808 0.000509783    0.015055     0.26004
0.000509783    0.103761 -0.00496598  0.00997884
   0.015055 -0.00496598   0.0933852 -0.00389273
    0.26004  0.00997884 -0.00389273    0.415045
IMAGINARY
          0   0.0138648  -0.0132893 -0.00773674
 -0.0138648           0   -0.017687  -0.0205549
  0.0132893    0.017687           0   0.0301965
 0.00773674   0.0205549  -0.0301965           0
Repeater1[0]<--->EndNode1[0]
REAL
    0.37516   0.0091425   0.0344278    0.296285
  0.0091425    0.128041   0.0082549 0.000250611
  0.0344278   0.0082549   0.0896287   0.0091425
   0.296285 0.000250611   0.0091425     0.40717
IMAGINARY
           0    0.0186329  0.000186053   0.00576592
  -0.0186329            0   0.00452214  -0.00766735
-0.000186053  -0.00452214            0   -0.0261142
 -0.00576592   0.00766735    0.0261142            0
Repeater1[0]<--->HoM1[0]
REAL
   0.387808    0.015055 0.000509783     0.26004
   0.015055   0.0933852 -0.00496598 -0.00389273
0.000509783 -0.00496598    0.103761  0.00997884
    0.26004 -0.00389273  0.00997884    0.415045
IMAGINARY
          0  -0.0132893   0.0138648 -0.00773674
  0.0132893           0    0.017687   0.0301965
 -0.0138648   -0.017687           0  -0.0205549
 0.00773674  -0.0301965   0.0205549           0
EndNode1[0]<--->Repeater1[0]
REAL
   0.386617 -0.00441741  0.00499957    0.283556
-0.00441741    0.106568   0.0125337  0.00757026
 0.00499957   0.0125337    0.104089   0.0253671
   0.283556  0.00757026   0.0253671    0.402726
IMAGINARY
          0   0.0234123  -0.0194125  -0.0247645
 -0.0234123           0  0.00652546  -0.0135759
  0.0194125 -0.00652546           0  0.00310774
  0.0247645   0.0135759 -0.00310774           0
EndNode2[0]<--->HoM1[0]
REAL
    0.37018 -0.00641467  -0.0253415    0.283125
-0.00641467    0.114396 -0.00016846  -0.0179341
 -0.0253415 -0.00016846     0.11054  -0.0328663
   0.283125  -0.0179341  -0.0328663    0.404884
IMAGINARY
          0 -0.00935367  -0.0086879 -0.00568233
 0.00935367           0 -0.00098434  0.00626659
  0.0086879  0.00098434           0  0.00572171
 0.00568233 -0.00626659 -0.00572171           0
Repeater1[0]<--->EndNode1[0]
REAL
   0.386617  0.00499957 -0.00441741    0.283556
 0.00499957    0.104089   0.0125337   0.0253671
-0.00441741   0.0125337    0.106568  0.00757026
   0.283556   0.0253671  0.00757026    0.402726
IMAGINARY
          0  -0.0194125   0.0234123  -0.0247645
  0.0194125           0 -0.00652546  0.00310774
 -0.0234123  0.00652546           0  -0.0135759
  0.0247645 -0.00310774   0.0135759           0
Repeater1[0]<--->HoM1[0]
REAL
    0.37018  -0.0253415 -0.00641467    0.283125
 -0.0253415     0.11054 -0.00016846  -0.0328663
-0.00641467 -0.00016846    0.114396  -0.0179341
   0.283125  -0.0328663  -0.0179341    0.404884
IMAGINARY
          0  -0.0086879 -0.00935367 -0.00568233
  0.0086879           0  0.00098434  0.00572171
 0.00935367 -0.00098434           0  0.00626659
 0.00568233 -0.00572171 -0.00626659           0
EndNode1[0]<--->Repeater1[0]
REAL
   0.402887 -0.00477696   0.0030654    0.276342
-0.00477696    0.106299  0.00584999   0.0202223
  0.0030654  0.00584999    0.114173   0.0157359
   0.276342   0.0202223   0.0157359     0.37664
IMAGINARY
           0  0.000981782   0.00445591  0.000222291
-0.000981782            0   0.00394438     0.010046
 -0.00445591  -0.00394438            0   -0.0104395
-0.000222291    -0.010046    0.0104395            0
EndNode2[0]<--->HoM1[0]
REAL
   0.374346  0.00029718  0.00282309    0.280375
 0.00029718     0.10733   0.0132148 -0.00282309
 0.00282309   0.0132148   0.0968586  -0.0118356
   0.280375 -0.00282309  -0.0118356    0.421466
IMAGINARY
          0  -0.0157679   0.0238064   0.0105793
  0.0157679           0  0.00926701   0.0212811
 -0.0238064 -0.00926701           0  -0.0145148
 -0.0105793  -0.0212811   0.0145148           0
Repeater1[0]<--->EndNode1[0]
REAL
   0.402887   0.0030654 -0.00477696    0.276342
  0.0030654    0.114173  0.00584999   0.0157359
-0.00477696  0.00584999    0.106299   0.0202223
   0.276342   0.0157359   0.0202223     0.37664
IMAGINARY
           0   0.00445591  0.000981782  0.000222291
 -0.00445591            0  -0.00394438   -0.0104395
-0.000981782   0.00394438            0     0.010046
-0.000222291    0.0104395    -0.010046            0
Repeater1[0]<--->HoM1[0]
REAL
   0.374346  0.00282309  0.00029718    0.280375
 0.00282309   0.0968586   0.0132148  -0.0118356
 0.00029718   0.0132148     0.10733 -0.00282309
   0.280375  -0.0118356 -0.00282309    0.421466
IMAGINARY
          0   0.0238064  -0.0157679   0.0105793
 -0.0238064           0 -0.00926701  -0.0145148
  0.0157679  0.00926701           0   0.0212811
 -0.0105793   0.0145148  -0.0212811           0
EndNode1[0]<--->Repeater1[0]
REAL
    0.414062  -0.00156127     0.013315     0.289176
 -0.00156127     0.102865  0.000836567   -0.0203572
    0.013315  0.000836567    0.0963542 -0.000359346
    0.289176   -0.0203572 -0.000359346     0.386719
IMAGINARY
          0 -0.00282015  0.00888456  0.00330688
 0.00282015           0  0.00330688   0.0234348
-0.00888456 -0.00330688           0  -0.0180924
-0.00330688  -0.0234348   0.0180924           0
EndNode2[0]<--->HoM1[0]
REAL
   0.369771  0.00386751 -0.00123349    0.285372
 0.00386751    0.124157 -0.00428354 -0.00653853
-0.00123349 -0.00428354    0.125506   0.0181532
   0.285372 -0.00653853   0.0181532    0.380567
IMAGINARY
          0  -0.0146185   0.0100436  0.00847656
  0.0146185           0   0.0150903 -0.00544588
 -0.0100436  -0.0150903           0   0.0088714
-0.00847656  0.00544588  -0.0088714           0
Repeater1[0]<--->EndNode1[0]
REAL
    0.414062     0.013315  -0.00156127     0.289176
    0.013315    0.0963542  0.000836567 -0.000359346
 -0.00156127  0.000836567     0.102865   -0.0203572
    0.289176 -0.000359346   -0.0203572     0.386719
IMAGINARY
          0  0.00888456 -0.00282015  0.00330688
-0.00888456           0 -0.00330688  -0.0180924
 0.00282015  0.00330688           0   0.0234348
-0.00330688   0.0180924  -0.0234348           0
Repeater1[0]<--->HoM1[0]
REAL
   0.369771 -0.00123349  0.00386751    0.285372
-0.00123349    0.125506 -0.00428354   0.0181532
 0.00386751 -0.00428354    0.124157 -0.00653853
   0.285372   0.0181532 -0.00653853    0.380567
IMAGINARY
          0   0.0100436  -0.0146185  0.00847656
 -0.0100436           0  -0.0150903   0.0088714
  0.0146185   0.0150903           0 -0.00544588
-0.00847656  -0.0088714  0.00544588           0
EndNode1[0]<--->Repeater1[0]
REAL
   0.399235 -0.00868627  -0.0148475    0.288462
-0.00868627    0.104592  0.00409881  -0.0173413
 -0.0148475  0.00409881    0.128827  0.00940158
   0.288462  -0.0173413  0.00940158    0.367347
IMAGINARY
          0   0.0126144  0.00443712  0.00674342
 -0.0126144           0  -0.0129934  0.00754271
-0.00443712   0.0129934           0   0.0119758
-0.00674342 -0.00754271  -0.0119758           0
EndNode2[0]<--->HoM1[0]
REAL
   0.384801   0.0188181   0.0108018    0.267007
  0.0188181    0.112183  -0.0136379 -0.00541094
  0.0108018  -0.0136379    0.109771 -0.00399327
   0.267007 -0.00541094 -0.00399327    0.393245
IMAGINARY
           0   0.00329981 -0.000483871   -0.0108918
 -0.00329981            0    0.0134824   -0.0104839
 0.000483871   -0.0134824            0 -7.40064e-05
   0.0108918    0.0104839  7.40064e-05            0
Repeater1[0]<--->EndNode1[0]
REAL
   0.399235  -0.0148475 -0.00868627    0.288462
 -0.0148475    0.128827  0.00409881  0.00940158
-0.00868627  0.00409881    0.104592  -0.0173413
   0.288462  0.00940158  -0.0173413    0.367347
IMAGINARY
          0  0.00443712   0.0126144  0.00674342
-0.00443712           0   0.0129934   0.0119758
 -0.0126144  -0.0129934           0  0.00754271
-0.00674342  -0.0119758 -0.00754271           0
Repeater1[0]<--->HoM1[0]
REAL
   0.384801   0.0108018   0.0188181    0.267007
  0.0108018    0.109771  -0.0136379 -0.00399327
  0.0188181  -0.0136379    0.112183 -0.00541094
   0.267007 -0.00399327 -0.00541094    0.393245
IMAGINARY
           0 -0.000483871   0.00329981   -0.0108918
 0.000483871            0   -0.0134824 -7.40064e-05
 -0.00329981    0.0134824            0   -0.0104839
   0.0108918  7.40064e-05    0.0104839            0
EndNode1[0]<--->Repeater1[0]
REAL
   0.385287  0.00112181  0.00480819    0.289544
 0.00112181   0.0985037  0.00201246 -0.00744671
 0.00480819  0.00201246   0.0935162  -0.0143144
   0.289544 -0.00744671  -0.0143144    0.422693
IMAGINARY
           0    0.0194592  -0.00674524  0.000486157
  -0.0194592            0  -0.00385089   -0.0161555
  0.00674524   0.00385089            0   0.00471386
-0.000486157    0.0161555  -0.00471386            0
EndNode2[0]<--->HoM1[0]
REAL
   0.407068  0.00557792 -0.00243917    0.268645
 0.00557792    0.091623 -0.00686505 -0.00672313
-0.00243917 -0.00686505   0.0890052 0.000966586
   0.268645 -0.00672313 0.000966586    0.412304
IMAGINARY
          0   -0.010512 -0.00664467 -0.00654373
   0.010512           0  -0.0158837   0.0142977
 0.00664467   0.0158837           0  -0.0047941
 0.00654373  -0.0142977   0.0047941           0
Repeater1[0]<--->EndNode1[0]
REAL
   0.385287  0.00480819  0.00112181    0.289544
 0.00480819   0.0935162  0.00201246  -0.0143144
 0.00112181  0.00201246   0.0985037 -0.00744671
   0.289544  -0.0143144 -0.00744671    0.422693
IMAGINARY
           0  -0.00674524    0.0194592  0.000486157
  0.00674524            0   0.00385089   0.00471386
  -0.0194592  -0.00385089            0   -0.0161555
-0.000486157  -0.00471386    0.0161555            0
Repeater1[0]<--->HoM1[0]
REAL
   0.407068 -0.00243917  0.00557792    0.268645
-0.00243917   0.0890052 -0.00686505 0.000966586
 0.00557792 -0.00686505    0.091623 -0.00672313
   0.268645 0.000966586 -0.00672313    0.412304
IMAGINARY
          0 -0.00664467   -0.010512 -0.00654373
 0.00664467           0   0.0158837  -0.0047941
   0.010512  -0.0158837           0   0.0142977
 0.00654373   0.0047941  -0.0142977           0
EndNode1[0]<--->Repeater1[0]
REAL
   0.390244  0.00901867  -0.0198698    0.275586
 0.00901867    0.107831 -0.00994026 -0.00875869
 -0.0198698 -0.00994026    0.106547  -0.0136791
   0.275586 -0.00875869  -0.0136791    0.395379
IMAGINARY
          0    0.031817  0.00267972 -0.00218909
  -0.031817           0  0.00154226   -0.019785
-0.00267972 -0.00154226           0   0.0208146
 0.00218909    0.019785  -0.0208146           0
EndNode2[0]<--->HoM1[0]
REAL
   0.399745   0.0123322  -0.0141063    0.295385
  0.0123322    0.100894   0.0128344 -0.00395098
 -0.0141063   0.0128344     0.10728  -0.0154456
   0.295385 -0.00395098  -0.0154456    0.392082
IMAGINARY
          0 -0.00839134  -0.0218694   -0.015857
 0.00839134           0   0.0233197 -0.00967425
  0.0218694  -0.0233197           0   0.0318813
   0.015857  0.00967425  -0.0318813           0
Repeater1[0]<--->EndNode1[0]
REAL
   0.390244  -0.0198698  0.00901867    0.275586
 -0.0198698    0.106547 -0.00994026  -0.0136791
 0.00901867 -0.00994026    0.107831 -0.00875869
   0.275586  -0.0136791 -0.00875869    0.395379
IMAGINARY
          0  0.00267972    0.031817 -0.00218909
-0.00267972           0 -0.00154226   0.0208146
  -0.031817  0.00154226           0   -0.019785
 0.00218909  -0.0208146    0.019785           0
Repeater1[0]<--->HoM1[0]
REAL
   0.399745  -0.0141063   0.0123322    0.295385
 -0.0141063     0.10728   0.0128344  -0.0154456
  0.0123322   0.0128344    0.100894 -0.00395098
   0.295385  -0.0154456 -0.00395098    0.392082
IMAGINARY
          0  -0.0218694 -0.00839134   -0.015857
  0.0218694           0  -0.0233197   0.0318813
 0.00839134   0.0233197           0 -0.00967425
   0.015857  -0.0318813  0.00967425           0
EndNode1[0]<--->Repeater1[0]
REAL
  0.417639 -0.0179865 -0.0220246   0.285236
