EndNode1[0]<--->Repeater1[0]
REAL
   0.478203 -0.00570105  0.00713921    0.334967
-0.00570105   0.0369881 0.000756536  0.00915805
 0.00713921 0.000756536   0.0356671   0.0193907
   0.334967  0.00915805   0.0193907    0.449141
IMAGINARY
          0  -0.0144519  0.00387851   -0.014856
  0.0144519           0  0.00655459   0.0158583
-0.00387851 -0.00655459           0  -0.0131797
   0.014856  -0.0158583   0.0131797           0
EndNode2[0]<--->HoM1[0]
REAL
   0.462252 0.000613312  0.00258699    0.330148
0.000613312   0.0357616  0.00676769 0.000573567
 0.00258699  0.00676769   0.0344371 -0.00124542
   0.330148 0.000573567 -0.00124542     0.46755
IMAGINARY
          0  -0.0142347  -0.0158615 -0.00439761
  0.0142347           0  -0.0261367  -0.0101868
  0.0158615   0.0261367           0   0.0263058
 0.00439761   0.0101868  -0.0263058           0
Repeater1[0]<--->EndNode1[0]
REAL
   0.478203  0.00713921 -0.00570105    0.334967
 0.00713921   0.0356671 0.000756536   0.0193907
-0.00570105 0.000756536   0.0369881  0.00915805
   0.334967   0.0193907  0.00915805    0.449141
IMAGINARY
          0  0.00387851  -0.0144519   -0.014856
-0.00387851           0 -0.00655459  -0.0131797
  0.0144519  0.00655459           0   0.0158583
   0.014856   0.0131797  -0.0158583           0
Repeater1[0]<--->HoM1[0]
REAL
   0.462252  0.00258699 0.000613312    0.330148
 0.00258699   0.0344371  0.00676769 -0.00124542
0.000613312  0.00676769   0.0357616 0.000573567
   0.330148 -0.00124542 0.000573567     0.46755
IMAGINARY
          0  -0.0158615  -0.0142347 -0.00439761
  0.0158615           0   0.0261367   0.0263058
  0.0142347  -0.0261367           0  -0.0101868
 0.00439761  -0.0263058   0.0101868           0
EndNode1[0]<--->Repeater1[0]
REAL
   0.478856 -0.00181841  -0.0136157    0.338543
-0.00181841   0.0447761   0.0155453 -0.00713902
 -0.0136157   0.0155453   0.0248756  -0.0289992
   0.338543 -0.00713902  -0.0289992    0.451493
IMAGINARY
           0   -0.0024147 -0.000448396   0.00553477
   0.0024147            0   0.00949255    0.0211202
 0.000448396  -0.00949255            0  -0.00921321
 -0.00553477   -0.0211202   0.00921321            0
EndNode2[0]<--->HoM1[0]
REAL
   0.462033  0.00389389 -0.00365628    0.341885
 0.00389389    0.045045   0.0068332 -0.00916423
-0.00365628   0.0068332    0.033462  0.00123432
   0.341885 -0.00916423  0.00123432    0.459459
IMAGINARY
           0   0.00456823  0.000720884   -0.0278353
 -0.00456823            0   -0.0115506   0.00443376
-0.000720884    0.0115506            0   0.00316373
   0.0278353  -0.00443376  -0.00316373            0
Repeater1[0]<--->EndNode1[0]
REAL
   0.478856  -0.0136157 -0.00181841    0.338543
 -0.0136157   0.0248756   0.0155453  -0.0289992
-0.00181841   0.0155453   0.0447761 -0.00713902
   0.338543  -0.0289992 -0.00713902    0.451493
IMAGINARY
           0 -0.000448396   -0.0024147   0.00553477
 0.000448396            0  -0.00949255  -0.00921321
   0.0024147   0.00949255            0    0.0211202
 -0.00553477   0.00921321   -0.0211202            0
Repeater1[0]<--->HoM1[0]
REAL
   0.462033 -0.00365628  0.00389389    0.341885
-0.00365628    0.033462   0.0068332  0.00123432
 0.00389389   0.0068332    0.045045 -0.00916423
   0.341885  0.00123432 -0.00916423    0.459459
IMAGINARY
           0  0.000720884   0.00456823   -0.0278353
-0.000720884            0    0.0115506   0.00316373
 -0.00456823   -0.0115506            0   0.00443376
   0.0278353  -0.00316373  -0.00443376            0
EndNode1[0]<--->Repeater1[0]
REAL
  0.465789  -0.013198 0.00350575   0.338071
 -0.013198  0.0355263 0.00537592 -0.0192825
0.00350575 0.00537592  0.0447368 0.00348927
  0.338071 -0.0192825 0.00348927   0.453947
IMAGINARY
           0    0.0012796    0.0032203   0.00337263
  -0.0012796            0    0.0103171   -0.0115217
  -0.0032203   -0.0103171            0  0.000636104
 -0.00337263    0.0115217 -0.000636104            0
EndNode2[0]<--->HoM1[0]
REAL
   0.459603    0.021138  0.00721539    0.330409
   0.021138   0.0357616 -0.00821507 -0.00406281
 0.00721539 -0.00821507   0.0344371  -0.0142023
   0.330409 -0.00406281  -0.0142023    0.470199
IMAGINARY
          0    0.021712  -0.0242598  -0.0121139
  -0.021712           0  -0.0140055  0.00441852
  0.0242598   0.0140055           0  0.00606576
  0.0121139 -0.00441852 -0.00606576           0
Repeater1[0]<--->EndNode1[0]
REAL
  0.465789 0.00350575  -0.013198   0.338071
0.00350575  0.0447368 0.00537592 0.00348927
 -0.013198 0.00537592  0.0355263 -0.0192825
  0.338071 0.00348927 -0.0192825   0.453947
IMAGINARY
           0    0.0032203    0.0012796   0.00337263
  -0.0032203            0   -0.0103171  0.000636104
  -0.0012796    0.0103171            0   -0.0115217
 -0.00337263 -0.000636104    0.0115217            0
Repeater1[0]<--->HoM1[0]
REAL
   0.459603  0.00721539    0.021138    0.330409
 0.00721539   0.0344371 -0.00821507  -0.0142023
   0.021138 -0.00821507   0.0357616 -0.00406281
   0.330409  -0.0142023 -0.00406281    0.470199
IMAGINARY
          0  -0.0242598    0.021712  -0.0121139
  0.0242598           0   0.0140055  0.00606576
  -0.021712  -0.0140055           0  0.00441852
  0.0121139 -0.00606576 -0.00441852           0
EndNode1[0]<--->Repeater1[0]
REAL
   0.448447  -0.0327555  0.00702539    0.319069
 -0.0327555    0.042236 -0.00430404  -0.0251462
 0.00702539 -0.00430404   0.0434783  0.00121188
   0.319069  -0.0251462  0.00121188    0.465839
IMAGINARY
           0   -0.0140532    0.0161687   0.00959666
   0.0140532            0  0.000279887    0.0137117
  -0.0161687 -0.000279887            0  -0.00387508
 -0.00959666   -0.0137117   0.00387508            0
EndNode2[0]<--->HoM1[0]
REAL
   0.465649 -0.00837313  -0.0010399    0.353348
-0.00837313   0.0381679    0.010755   0.0164245
 -0.0010399    0.010755   0.0470738   0.0160654
   0.353348   0.0164245   0.0160654    0.449109
IMAGINARY
          0   0.0243427  0.00629808  0.00643667
 -0.0243427           0  0.00129529  -0.0102663
-0.00629808 -0.00129529           0 -0.00582418
-0.00643667   0.0102663  0.00582418           0
Repeater1[0]<--->EndNode1[0]
REAL
   0.448447  0.00702539  -0.0327555    0.319069
 0.00702539   0.0434783 -0.00430404  0.00121188
 -0.0327555 -0.00430404    0.042236  -0.0251462
   0.319069  0.00121188  -0.0251462    0.465839
IMAGINARY
           0    0.0161687   -0.0140532   0.00959666
  -0.0161687            0 -0.000279887  -0.00387508
   0.0140532  0.000279887            0    0.0137117
 -0.00959666   0.00387508   -0.0137117            0
Repeater1[0]<--->HoM1[0]
REAL
   0.465649  -0.0010399 -0.00837313    0.353348
 -0.0010399   0.0470738    0.010755   0.0160654
-0.00837313    0.010755   0.0381679   0.0164245
   0.353348   0.0160654   0.0164245    0.449109
IMAGINARY
          0  0.00629808   0.0243427  0.00643667
-0.00629808           0 -0.00129529 -0.00582418
 -0.0243427  0.00129529           0  -0.0102663
-0.00643667  0.00582418   0.0102663           0
EndNode1[0]<--->Repeater1[0]
REAL
    0.46789 -0.00353264 -0.00560468    0.320038
-0.00353264   0.0471822  0.00152825  0.00367914
-0.00560468  0.00152825   0.0353866 0.000323399
   0.320038  0.00367914 0.000323399    0.449541
IMAGINARY
           0 -0.000473097    0.0187981   -0.0138343
 0.000473097            0    0.0151131    0.0100481
  -0.0187981   -0.0151131            0  -0.00313267
   0.0138343   -0.0100481   0.00313267            0
EndNode2[0]<--->HoM1[0]
REAL
   0.462287   0.0123166   0.0171108    0.313642
  0.0123166   0.0510949   0.0182164   0.0113342
  0.0171108   0.0182164   0.0425791 -0.00283492
   0.313642   0.0113342 -0.00283492    0.444039
IMAGINARY
          0  0.00891863   0.0107668 -0.00979528
-0.00891863           0 -0.00523204   -0.019026
 -0.0107668  0.00523204           0   0.0184003
 0.00979528    0.019026  -0.0184003           0
Repeater1[0]<--->EndNode1[0]
REAL
    0.46789 -0.00560468 -0.00353264    0.320038
-0.00560468   0.0353866  0.00152825 0.000323399
-0.00353264  0.00152825   0.0471822  0.00367914
   0.320038 0.000323399  0.00367914    0.449541
IMAGINARY
           0    0.0187981 -0.000473097   -0.0138343
  -0.0187981            0   -0.0151131  -0.00313267
 0.000473097    0.0151131            0    0.0100481
   0.0138343   0.00313267   -0.0100481            0
Repeater1[0]<--->HoM1[0]
REAL
   0.462287   0.0171108   0.0123166    0.313642
  0.0171108   0.0425791   0.0182164 -0.00283492
  0.0123166   0.0182164   0.0510949   0.0113342
   0.313642 -0.00283492   0.0113342    0.444039
IMAGINARY
          0   0.0107668  0.00891863 -0.00979528
 -0.0107668           0  0.00523204   0.0184003
-0.00891863 -0.00523204           0   -0.019026
 0.00979528  -0.0184003    0.019026           0
EndNode1[0]<--->Repeater1[0]
REAL
  0.445055 -0.0207542 -0.0310323   0.331435
-0.0207542  0.0384615  0.0033694 0.00518114
-0.0310323  0.0033694  0.0494505 0.00373029
  0.331435 0.00518114 0.00373029   0.467033
IMAGINARY
           0  -0.00941329    0.0112688  0.000306748
  0.00941329            0  0.000306748   -0.0043156
  -0.0112688 -0.000306748            0   0.00246006
-0.000306748    0.0043156  -0.00246006            0
EndNode2[0]<--->HoM1[0]
REAL
   0.477302   -0.023109 -0.00116404    0.331055
  -0.023109   0.0518807   0.0044372 -0.00919865
-0.00116404   0.0044372   0.0505837   0.0088603
   0.331055 -0.00919865   0.0088603    0.420233
IMAGINARY
          0 -0.00742084  0.00417994  -0.0102175
 0.00742084           0  0.00470787  -0.0108954
-0.00417994 -0.00470787           0  0.00436834
  0.0102175   0.0108954 -0.00436834           0
Repeater1[0]<--->EndNode1[0]
REAL
  0.445055 -0.0310323 -0.0207542   0.331435
-0.0310323  0.0494505  0.0033694 0.00373029
-0.0207542  0.0033694  0.0384615 0.00518114
  0.331435 0.00373029 0.00518114   0.467033
IMAGINARY
           0    0.0112688  -0.00941329  0.000306748
  -0.0112688            0 -0.000306748   0.00246006
  0.00941329  0.000306748            0   -0.0043156
-0.000306748  -0.00246006    0.0043156            0
Repeater1[0]<--->HoM1[0]
REAL
   0.477302 -0.00116404   -0.023109    0.331055
-0.00116404   0.0505837   0.0044372   0.0088603
  -0.023109   0.0044372   0.0518807 -0.00919865
   0.331055   0.0088603 -0.00919865    0.420233
IMAGINARY
          0  0.00417994 -0.00742084  -0.0102175
-0.00417994           0 -0.00470787  0.00436834
 0.00742084  0.00470787           0  -0.0108954
  0.0102175 -0.00436834   0.0108954           0
EndNode1[0]<--->Repeater1[0]
REAL
    0.463291  -0.00452781 -0.000655421     0.330639
 -0.00452781    0.0556962  -0.00787044  8.59005e-06
-0.000655421  -0.00787044     0.035443   -0.0232859
    0.330639  8.59005e-06   -0.0232859      0.44557
IMAGINARY
          0   -0.010933 -0.00307642  -0.0060377
   0.010933           0  0.00352514  0.00866648
 0.00307642 -0.00352514           0  -0.0219863
  0.0060377 -0.00866648   0.0219863           0
EndNode2[0]<--->HoM1[0]
REAL
   0.465385 -0.00083763  1.9725e-05    0.334342
-0.00083763   0.0371795   0.0104422 -0.00256425
 1.9725e-05   0.0104422   0.0423077   0.0135603
   0.334342 -0.00256425   0.0135603    0.455128
IMAGINARY
          0  0.00325981  -0.0092136  -0.0133183
-0.00325981           0  0.00643474  0.00229536
  0.0092136 -0.00643474           0   0.0187528
  0.0133183 -0.00229536  -0.0187528           0
Repeater1[0]<--->EndNode1[0]
REAL
    0.463291 -0.000655421  -0.00452781     0.330639
-0.000655421     0.035443  -0.00787044   -0.0232859
 -0.00452781  -0.00787044    0.0556962  8.59005e-06
    0.330639   -0.0232859  8.59005e-06      0.44557
IMAGINARY
          0 -0.00307642   -0.010933  -0.0060377
 0.00307642           0 -0.00352514  -0.0219863
   0.010933  0.00352514           0  0.00866648
  0.0060377   0.0219863 -0.00866648           0
Repeater1[0]<--->HoM1[0]
REAL
   0.465385  1.9725e-05 -0.00083763    0.334342
 1.9725e-05   0.0423077   0.0104422   0.0135603
-0.00083763   0.0104422   0.0371795 -0.00256425
   0.334342   0.0135603 -0.00256425    0.455128
IMAGINARY
          0  -0.0092136  0.00325981  -0.0133183
  0.0092136           0 -0.00643474   0.0187528
-0.00325981  0.00643474           0  0.00229536
  0.0133183  -0.0187528 -0.00229536           0
EndNode1[0]<--->Repeater1[0]
REAL
   0.463284  -0.0103184 -0.00205794    0.333911
 -0.0103184   0.0453939  0.00455072  -0.0120446
-0.00205794  0.00455072   0.0427236  -0.0140405
   0.333911  -0.0120446  -0.0140405    0.448598
IMAGINARY
           0   1.2269e-05  -0.00415732  -0.00363598
 -1.2269e-05            0   -0.0168768   -0.0228188
  0.00415732    0.0168768            0 -0.000639622
  0.00363598    0.0228188  0.000639622            0
EndNode2[0]<--->HoM1[0]
REAL
   0.457801 -0.00805093  -0.0230109    0.336096
-0.00805093   0.0460358  0.00925084  0.00662824
 -0.0230109  0.00925084   0.0421995  0.00215315
   0.336096  0.00662824  0.00215315    0.453964
IMAGINARY
           0   0.00533818  0.000687216  -0.00145525
 -0.00533818            0  -0.00714425    0.0120645
-0.000687216   0.00714425            0   0.00204437
  0.00145525   -0.0120645  -0.00204437            0
Repeater1[0]<--->EndNode1[0]
REAL
   0.463284 -0.00205794  -0.0103184    0.333911
-0.00205794   0.0427236  0.00455072  -0.0140405
 -0.0103184  0.00455072   0.0453939  -0.0120446
   0.333911  -0.0140405  -0.0120446    0.448598
IMAGINARY
           0  -0.00415732   1.2269e-05  -0.00363598
  0.00415732            0    0.0168768 -0.000639622
 -1.2269e-05   -0.0168768            0   -0.0228188
  0.00363598  0.000639622    0.0228188            0
Repeater1[0]<--->HoM1[0]
REAL
   0.457801  -0.0230109 -0.00805093    0.336096
 -0.0230109   0.0421995  0.00925084  0.00215315
-0.00805093  0.00925084   0.0460358  0.00662824
   0.336096  0.00215315  0.00662824    0.453964
IMAGINARY
           0  0.000687216   0.00533818  -0.00145525
-0.000687216            0   0.00714425   0.00204437
 -0.00533818  -0.00714425            0    0.0120645
  0.00145525  -0.00204437   -0.0120645            0
EndNode1[0]<--->Repeater1[0]
REAL
   0.472401 6.74221e-05  -0.0112158    0.316146
6.74221e-05   0.0346598 -0.00662231   0.0186988
 -0.0112158 -0.00662231   0.0346598  0.00197339
   0.316146   0.0186988  0.00197339     0.45828
IMAGINARY
           0  -0.00579407 -0.000282038  -0.00627177
  0.00579407            0    0.0181024  -0.00942042
 0.000282038   -0.0181024            0   0.00126626
  0.00627177   0.00942042  -0.00126626            0
EndNode2[0]<--->HoM1[0]
REAL
   0.459854 -0.00368812  0.00357607    0.319818
-0.00368812   0.0377129  0.00234714 -0.00357607
 0.00357607  0.00234714   0.0352798  -0.0143531
   0.319818 -0.00357607  -0.0143531    0.467153
IMAGINARY
          0  -0.0178224  0.00602397 -0.00601733
  0.0178224           0  -0.0125963   0.0193998
-0.00602397   0.0125963           0 -0.00238618
 0.00601733  -0.0193998  0.00238618           0
Repeater1[0]<--->EndNode1[0]
REAL
   0.472401  -0.0112158 6.74221e-05    0.316146
 -0.0112158   0.0346598 -0.00662231  0.00197339
6.74221e-05 -0.00662231   0.0346598   0.0186988
   0.316146  0.00197339   0.0186988     0.45828
IMAGINARY
           0 -0.000282038  -0.00579407  -0.00627177
 0.000282038            0   -0.0181024   0.00126626
  0.00579407    0.0181024            0  -0.00942042
  0.00627177  -0.00126626   0.00942042            0
Repeater1[0]<--->HoM1[0]
REAL
   0.459854  0.00357607 -0.00368812    0.319818
 0.00357607   0.0352798  0.00234714  -0.0143531
-0.00368812  0.00234714   0.0377129 -0.00357607
   0.319818  -0.0143531 -0.00357607    0.467153
IMAGINARY
          0  0.00602397  -0.0178224 -0.00601733
-0.00602397           0   0.0125963 -0.00238618
  0.0178224  -0.0125963           0   0.0193998
 0.00601733  0.00238618  -0.0193998           0
EndNode1[0]<--->Repeater1[0]
REAL
  0.464698 0.00855388 -0.0129628   0.327779
0.00855388  0.0269576 -0.0119557  0.0291755
-0.0129628 -0.0119557  0.0372272  0.0154409
  0.327779  0.0291755  0.0154409   0.471117
IMAGINARY
          0   0.0162881  -0.0105368 -0.00136963
 -0.0162881           0 -0.00932556  0.00457654
  0.0105368  0.00932556           0  0.00953967
 0.00136963 -0.00457654 -0.00953967           0
EndNode2[0]<--->HoM1[0]
REAL
   0.443726 -0.00711417  -0.0138615    0.328734
-0.00711417   0.0297542 0.000630698  -0.0112708
 -0.0138615 0.000630698   0.0439845  -0.0140499
   0.328734  -0.0112708  -0.0140499    0.482536
IMAGINARY
          0   0.0124748 -0.00136338  -0.0162633
 -0.0124748           0   0.0271329  -0.0129613
 0.00136338  -0.0271329           0  0.00730688
  0.0162633   0.0129613 -0.00730688           0
Repeater1[0]<--->EndNode1[0]
REAL
  0.464698 -0.0129628 0.00855388   0.327779
-0.0129628  0.0372272 -0.0119557  0.0154409
0.00855388 -0.0119557  0.0269576  0.0291755
  0.327779  0.0154409  0.0291755   0.471117
IMAGINARY
          0  -0.0105368   0.0162881 -0.00136963
  0.0105368           0  0.00932556  0.00953967
 -0.0162881 -0.00932556           0  0.00457654
 0.00136963 -0.00953967 -0.00457654           0
Repeater1[0]<--->HoM1[0]
REAL
   0.443726  -0.0138615 -0.00711417    0.328734
 -0.0138615   0.0439845 0.000630698  -0.0140499
-0.00711417 0.000630698   0.0297542  -0.0112708
   0.328734  -0.0140499  -0.0112708    0.482536
IMAGINARY
          0 -0.00136338   0.0124748  -0.0162633
 0.00136338           0  -0.0271329  0.00730688
 -0.0124748   0.0271329           0  -0.0129613
  0.0162633 -0.00730688   0.0129613           0
EndNode1[0]<--->Repeater1[0]
REAL
   0.454305 -0.00309942   0.0013118    0.322188
-0.00309942   0.0291391   0.0282559  -0.0158872
  0.0013118   0.0282559   0.0370861  -0.0140108
   0.322188  -0.0158872  -0.0140108     0.47947
IMAGINARY
          0 -0.00439215 -0.00121393  0.00531837
 0.00439215           0 -0.00805061  0.00184604
 0.00121393  0.00805061           0 -0.00761796
-0.00531837 -0.00184604  0.00761796           0
EndNode2[0]<--->HoM1[0]
REAL
  0.455433 0.00410558 0.00584037   0.327016
0.00410558    0.03663  0.0109239  0.0217978
0.00584037  0.0109239   0.040293  0.0273015
  0.327016  0.0217978  0.0273015   0.467643
IMAGINARY
           0  -0.00875611    0.0209899   0.00514884
  0.00875611            0 -0.000399861    0.0256257
  -0.0209899  0.000399861            0   -0.0327509
 -0.00514884   -0.0256257    0.0327509            0
Repeater1[0]<--->EndNode1[0]
REAL
   0.454305   0.0013118 -0.00309942    0.322188
  0.0013118   0.0370861   0.0282559  -0.0140108
-0.00309942   0.0282559   0.0291391  -0.0158872
   0.322188  -0.0140108  -0.0158872     0.47947
IMAGINARY
          0 -0.00121393 -0.00439215  0.00531837
 0.00121393           0  0.00805061 -0.00761796
 0.00439215 -0.00805061           0  0.00184604
-0.00531837  0.00761796 -0.00184604           0
Repeater1[0]<--->HoM1[0]
REAL
  0.455433 0.00584037 0.00410558   0.327016
0.00584037   0.040293  0.0109239  0.0273015
0.00410558  0.0109239    0.03663  0.0217978
  0.327016  0.0273015  0.0217978   0.467643
IMAGINARY
           0    0.0209899  -0.00875611   0.00514884
  -0.0209899            0  0.000399861   -0.0327509
  0.00875611 -0.000399861            0    0.0256257
 -0.00514884    0.0327509   -0.0256257            0
EndNode1[0]<--->Repeater1[0]
REAL
   0.461235   0.0100627   0.0161673    0.334466
  0.0100627   0.0341656  0.00314077   0.0088632
  0.0161673  0.00314077    0.043364 -0.00334723
   0.334466   0.0088632 -0.00334723    0.461235
IMAGINARY
          0  0.00850041  0.00870978 -0.00590095
-0.00850041           0 -0.00905354   0.0173946
-0.00870978  0.00905354           0 -0.00515369
 0.00590095  -0.0173946  0.00515369           0
EndNode2[0]<--->HoM1[0]
REAL
   0.469072 -0.00241384  -0.0205945    0.328473
-0.00241384   0.0425258 -0.00650284   0.0104935
 -0.0205945 -0.00650284   0.0360825 -0.00642454
   0.328473   0.0104935 -0.00642454     0.45232
IMAGINARY
           0   -0.0205486   0.00559089   -0.0103134
   0.0205486            0   -0.0216015  -0.00435936
 -0.00559089    0.0216015            0 -0.000387335
   0.0103134   0.00435936  0.000387335            0
Repeater1[0]<--->EndNode1[0]
REAL
   0.461235   0.0161673   0.0100627    0.334466
  0.0161673    0.043364  0.00314077 -0.00334723
  0.0100627  0.00314077   0.0341656   0.0088632
   0.334466 -0.00334723   0.0088632    0.461235
IMAGINARY
          0  0.00870978  0.00850041 -0.00590095
-0.00870978           0  0.00905354 -0.00515369
-0.00850041 -0.00905354           0   0.0173946
 0.00590095  0.00515369  -0.0173946           0
Repeater1[0]<--->HoM1[0]
REAL
   0.469072  -0.0205945 -0.00241384    0.328473
 -0.0205945   0.0360825 -0.00650284 -0.00642454
-0.00241384 -0.00650284   0.0425258   0.0104935
   0.328473 -0.00642454   0.0104935     0.45232
IMAGINARY
           0   0.00559089   -0.0205486   -0.0103134
 -0.00559089            0    0.0216015 -0.000387335
   0.0205486   -0.0216015            0  -0.00435936
   0.0103134  0.000387335   0.00435936            0
EndNode1[0]<--->Repeater1[0]
REAL
   0.478149  -0.0110853  -0.0224806    0.342042
 -0.0110853   0.0488432  0.00827242  -0.0108527
 -0.0224806  0.00827242   0.0437018 -0.00841153
   0.342042  -0.0108527 -0.00841153    0.429306
IMAGINARY
           0    0.0215837 -0.000952238   -0.0206157
  -0.0215837            0    0.0109632    0.0140412
 0.000952238   -0.0109632            0   -0.0124214
   0.0206157   -0.0140412    0.0124214            0
EndNode2[0]<--->HoM1[0]
REAL
    0.458442  -0.00934175 -0.000630517      0.32555
 -0.00934175    0.0441558   -0.0210106  -0.00630517
-0.000630517   -0.0210106    0.0428571    0.0213216
     0.32555  -0.00630517    0.0213216     0.454545
IMAGINARY
          0   0.0211124 -0.00939582  0.00686464
 -0.0211124           0 -0.00427397   -0.028964
 0.00939582  0.00427397           0   0.0146019
-0.00686464    0.028964  -0.0146019           0
Repeater1[0]<--->EndNode1[0]
REAL
   0.478149  -0.0224806  -0.0110853    0.342042
 -0.0224806   0.0437018  0.00827242 -0.00841153
 -0.0110853  0.00827242   0.0488432  -0.0108527
   0.342042 -0.00841153  -0.0108527    0.429306
IMAGINARY
           0 -0.000952238    0.0215837   -0.0206157
 0.000952238            0   -0.0109632   -0.0124214
  -0.0215837    0.0109632            0    0.0140412
   0.0206157    0.0124214   -0.0140412            0
Repeater1[0]<--->HoM1[0]
REAL
    0.458442 -0.000630517  -0.00934175      0.32555
-0.000630517    0.0428571   -0.0210106    0.0213216
 -0.00934175   -0.0210106    0.0441558  -0.00630517
     0.32555    0.0213216  -0.00630517     0.454545
IMAGINARY
          0 -0.00939582   0.0211124  0.00686464
 0.00939582           0  0.00427397   0.0146019
 -0.0211124 -0.00427397           0   -0.028964
-0.00686464  -0.0146019    0.028964           0
EndNode1[0]<--->Repeater1[0]
REAL
   0.477124  -0.0122797 -0.00779907    0.341414
 -0.0122797   0.0418301   0.0096769   -0.017233
-0.00779907   0.0096769   0.0418301 -0.00761765
   0.341414   -0.017233 -0.00761765    0.439216
IMAGINARY
          0   0.0121305   0.0176451 -0.00152768
 -0.0121305           0 -0.00651521   0.0103987
 -0.0176451  0.00651521           0  -0.0196544
 0.00152768  -0.0103987   0.0196544           0
EndNode2[0]<--->HoM1[0]
REAL
   0.457179   0.0213037  0.00382663    0.338331
  0.0213037   0.0377834  0.00782269 1.95236e-05
 0.00382663  0.00782269   0.0465995 -0.00207293
   0.338331 1.95236e-05 -0.00207293    0.458438
IMAGINARY
          0  0.00625621  -0.0127351  0.00592105
-0.00625621           0 -0.00592105  -0.0087773
  0.0127351  0.00592105           0   0.0204713
-0.00592105   0.0087773  -0.0204713           0
Repeater1[0]<--->EndNode1[0]
REAL
   0.477124 -0.00779907  -0.0122797    0.341414
-0.00779907   0.0418301   0.0096769 -0.00761765
 -0.0122797   0.0096769   0.0418301   -0.017233
   0.341414 -0.00761765   -0.017233    0.439216
IMAGINARY
          0   0.0176451   0.0121305 -0.00152768
 -0.0176451           0  0.00651521  -0.0196544
 -0.0121305 -0.00651521           0   0.0103987
 0.00152768   0.0196544  -0.0103987           0
Repeater1[0]<--->HoM1[0]
REAL
   0.457179  0.00382663   0.0213037    0.338331
 0.00382663   0.0465995  0.00782269 -0.00207293
  0.0213037  0.00782269   0.0377834 1.95236e-05
   0.338331 -0.00207293 1.95236e-05    0.458438
IMAGINARY
          0  -0.0127351  0.00625621  0.00592105
  0.0127351           0  0.00592105   0.0204713
-0.00625621 -0.00592105           0  -0.0087773
-0.00592105  -0.0204713   0.0087773           0
EndNode1[0]<--->Repeater1[0]
REAL
  0.449393 0.00661139   -0.02405   0.336277
0.00661139  0.0458839 0.00604131 0.00113893
  -0.02405 0.00604131  0.0404858 -0.0120022
  0.336277 0.00113893 -0.0120022   0.464238
IMAGINARY
          0  0.00992799   0.0252093   0.0196629
-0.00992799           0   0.0196629 -0.00600241
 -0.0252093  -0.0196629           0  -0.0105476
 -0.0196629  0.00600241   0.0105476           0
EndNode2[0]<--->HoM1[0]
REAL
    0.49441  0.00326282  0.00756524    0.319693
 0.00326282   0.0397516   0.0138554  -0.0198233
 0.00756524   0.0138554   0.0347826 -0.00390798
   0.319693  -0.0198233 -0.00390798    0.431056
IMAGINARY
          0   0.0223631 -0.00913244   0.0316898
 -0.0223631           0  0.00257591  0.00278726
 0.00913244 -0.00257591           0 -0.00205851
 -0.0316898 -0.00278726  0.00205851           0
Repeater1[0]<--->EndNode1[0]
REAL
  0.449393   -0.02405 0.00661139   0.336277
  -0.02405  0.0404858 0.00604131 -0.0120022
0.00661139 0.00604131  0.0458839 0.00113893
  0.336277 -0.0120022 0.00113893   0.464238
IMAGINARY
          0   0.0252093  0.00992799   0.0196629
 -0.0252093           0  -0.0196629  -0.0105476
-0.00992799   0.0196629           0 -0.00600241
 -0.0196629   0.0105476  0.00600241           0
Repeater1[0]<--->HoM1[0]
REAL
    0.49441  0.00756524  0.00326282    0.319693
 0.00756524   0.0347826   0.0138554 -0.00390798
 0.00326282   0.0138554   0.0397516  -0.0198233
   0.319693 -0.00390798  -0.0198233    0.431056
IMAGINARY
          0 -0.00913244   0.0223631   0.0316898
 0.00913244           0 -0.00257591 -0.00205851
 -0.0223631  0.00257591           0  0.00278726
 -0.0316898  0.00205851 -0.00278726           0
EndNode1[0]<--->Repeater1[0]
REAL
   0.484252  0.00296041  -0.0062017    0.330626
 0.00296041   0.0314961     0.01634 -0.00303313
 -0.0062017     0.01634   0.0459318  -0.0174723
   0.330626 -0.00303313  -0.0174723     0.43832
IMAGINARY
          0 -0.00347153   0.0142857  0.00617398
 0.00347153           0  0.00496625 -0.00909091
 -0.0142857 -0.00496625           0  0.00477023
-0.00617398  0.00909091 -0.00477023           0
EndNode2[0]<--->HoM1[0]
REAL
   0.467806   0.0126593  -0.0118016    0.335081
  0.0126593   0.0420499 -0.00790453 -0.00402956
 -0.0118016 -0.00790453   0.0302234  -0.0192556
   0.335081 -0.00402956  -0.0192556    0.459921
IMAGINARY
          0 -0.00266776  0.00644905 -0.00937444
 0.00266776           0  -0.0024562   0.0173605
-0.00644905   0.0024562           0 -0.00827175
 0.00937444  -0.0173605  0.00827175           0
Repeater1[0]<--->EndNode1[0]
REAL
   0.484252  -0.0062017  0.00296041    0.330626
 -0.0062017   0.0459318     0.01634  -0.0174723
 0.00296041     0.01634   0.0314961 -0.00303313
   0.330626  -0.0174723 -0.00303313     0.43832
IMAGINARY
          0   0.0142857 -0.00347153  0.00617398
 -0.0142857           0 -0.00496625  0.00477023
 0.00347153  0.00496625           0 -0.00909091
-0.00617398 -0.00477023  0.00909091           0
Repeater1[0]<--->HoM1[0]
REAL
   0.467806  -0.0118016   0.0126593    0.335081
 -0.0118016   0.0302234 -0.00790453  -0.0192556
  0.0126593 -0.00790453   0.0420499 -0.00402956
   0.335081  -0.0192556 -0.00402956    0.459921
IMAGINARY
          0  0.00644905 -0.00266776 -0.00937444
-0.00644905           0   0.0024562 -0.00827175
 0.00266776  -0.0024562           0   0.0173605
 0.00937444  0.00827175  -0.0173605           0
EndNode1[0]<--->Repeater1[0]
REAL
    0.488281 -0.000145827   0.00665618     0.329006
-0.000145827    0.0247396   0.00495582   -0.0211216
  0.00665618   0.00495582    0.0403646   -0.0118039
    0.329006   -0.0211216   -0.0118039     0.446615
IMAGINARY
          0 -0.00202217 -0.00582311 -0.00884192
 0.00202217           0  0.00120833   0.0108864
 0.00582311 -0.00120833           0  0.00835128
 0.00884192  -0.0108864 -0.00835128           0
EndNode2[0]<--->HoM1[0]
REAL
  0.431034 -0.0191573 -0.0153664   0.325385
-0.0191573  0.0437666 0.00659319 -0.0103789
-0.0153664 0.00659319  0.0477454 0.00696214
  0.325385 -0.0103789 0.00696214   0.477454
IMAGINARY
           0  -0.00178385  -0.00532519  0.000924784
  0.00178385            0 -0.000924784  -0.00339964
  0.00532519  0.000924784            0    0.0172201
-0.000924784   0.00339964   -0.0172201            0
Repeater1[0]<--->EndNode1[0]
REAL
    0.488281   0.00665618 -0.000145827     0.329006
  0.00665618    0.0403646   0.00495582   -0.0118039
-0.000145827   0.00495582    0.0247396   -0.0211216
    0.329006   -0.0118039   -0.0211216     0.446615
IMAGINARY
          0 -0.00582311 -0.00202217 -0.00884192
 0.00582311           0 -0.00120833  0.00835128
 0.00202217  0.00120833           0   0.0108864
 0.00884192 -0.00835128  -0.0108864           0
Repeater1[0]<--->HoM1[0]
REAL
  0.431034 -0.0153664 -0.0191573   0.325385
-0.0153664  0.0477454 0.00659319 0.00696214
-0.0191573 0.00659319  0.0437666 -0.0103789
  0.325385 0.00696214 -0.0103789   0.477454
IMAGINARY
           0  -0.00532519  -0.00178385  0.000924784
  0.00532519            0  0.000924784    0.0172201
  0.00178385 -0.000924784            0  -0.00339964
-0.000924784   -0.0172201   0.00339964            0
EndNode1[0]<--->Repeater1[0]
REAL
    0.476389    0.0119544    0.0134908     0.328594
   0.0119544    0.0347222   0.00684921  -0.00463002
   0.0134908   0.00684921    0.0416667 -0.000562032
    0.328594  -0.00463002 -0.000562032     0.447222
IMAGINARY
          0  -0.0151434  0.00181306   0.0155468
  0.0151434           0  0.00455066 -0.00118095
-0.00181306 -0.00455066           0  0.00313332
 -0.0155468  0.00118095 -0.00313332           0
EndNode2[0]<--->HoM1[0]
REAL
   0.456117 -0.00197023  0.00281479    0.329789
-0.00197023   0.0452128  0.00114131   -0.030993
 0.00281479  0.00114131   0.0359043  0.00131492
   0.329789   -0.030993  0.00131492    0.462766
IMAGINARY
           0  -0.00596348  -0.00688468   -0.0151255
  0.00596348            0  0.000458874    0.0169248
  0.00688468 -0.000458874            0  -0.00407668
   0.0151255   -0.0169248   0.00407668            0
Repeater1[0]<--->EndNode1[0]
REAL
    0.476389    0.0134908    0.0119544     0.328594
   0.0134908    0.0416667   0.00684921 -0.000562032
   0.0119544   0.00684921    0.0347222  -0.00463002
    0.328594 -0.000562032  -0.00463002     0.447222
IMAGINARY
          0  0.00181306  -0.0151434   0.0155468
-0.00181306           0 -0.00455066  0.00313332
  0.0151434  0.00455066           0 -0.00118095
 -0.0155468 -0.00313332  0.00118095           0
Repeater1[0]<--->HoM1[0]
REAL
   0.456117  0.00281479 -0.00197023    0.329789
 0.00281479   0.0359043  0.00114131  0.00131492
-0.00197023  0.00114131   0.0452128   -0.030993
   0.329789  0.00131492   -0.030993    0.462766
IMAGINARY
           0  -0.00688468  -0.00596348   -0.0151255
  0.00688468            0 -0.000458874  -0.00407668
  0.00596348  0.000458874            0    0.0169248
   0.0151255   0.00407668   -0.0169248            0
EndNode1[0]<--->Repeater1[0]
REAL
  0.469105  0.0150539  0.0170283   0.324656
 0.0150539  0.0479193 0.00354915 0.00989474
 0.0170283 0.00354915   0.037831  0.0118692
  0.324656 0.00989474  0.0118692   0.445145
IMAGINARY
          0   0.0103618  0.00997426  0.00853576
 -0.0103618           0  0.00725371  0.00997426
-0.00997426 -0.00725371           0  -0.0161533
-0.00853576 -0.00997426   0.0161533           0
EndNode2[0]<--->HoM1[0]
REAL
   0.484293 -0.00460526   0.0152839    0.330026
-0.00460526   0.0405759 -0.00502577 0.000505574
  0.0152839 -0.00502577   0.0458115   0.0296053
   0.330026 0.000505574   0.0296053    0.429319
IMAGINARY
          0 -0.00530605 -0.00766484  0.00348279
 0.00530605           0  -0.0070713  -0.0206857
 0.00766484   0.0070713           0   0.0181926
-0.00348279   0.0206857  -0.0181926           0
Repeater1[0]<--->EndNode1[0]
REAL
  0.469105  0.0170283  0.0150539   0.324656
 0.0170283   0.037831 0.00354915  0.0118692
 0.0150539 0.00354915  0.0479193 0.00989474
  0.324656  0.0118692 0.00989474   0.445145
IMAGINARY
          0  0.00997426   0.0103618  0.00853576
-0.00997426           0 -0.00725371  -0.0161533
 -0.0103618  0.00725371           0  0.00997426
-0.00853576   0.0161533 -0.00997426           0
Repeater1[0]<--->HoM1[0]
REAL
   0.484293   0.0152839 -0.00460526    0.330026
  0.0152839   0.0458115 -0.00502577   0.0296053
-0.00460526 -0.00502577   0.0405759 0.000505574
   0.330026   0.0296053 0.000505574    0.429319
IMAGINARY
          0 -0.00766484 -0.00530605  0.00348279
 0.00766484           0   0.0070713   0.0181926
 0.00530605  -0.0070713           0  -0.0206857
-0.00348279  -0.0181926   0.0206857           0
EndNode1[0]<--->Repeater1[0]
REAL
  0.464156 -0.0146117 0.00405789   0.333249
-0.0146117  0.0522479 0.00118801  0.0098494
0.00405789 0.00118801  0.0315917  0.0165985
  0.333249  0.0098494  0.0165985   0.452005
IMAGINARY
          0  -0.0232709   0.0121696   0.0184697
  0.0232709           0  0.00674556  0.00564214
 -0.0121696 -0.00674556           0   0.0130928
 -0.0184697 -0.00564214  -0.0130928           0
EndNode2[0]<--->HoM1[0]
REAL
   0.440428 -0.00407608 -0.00873721    0.347746
-0.00407608   0.0414993  0.00199465  -0.0119882
-0.00873721  0.00199465    0.042838  -0.0244213
   0.347746  -0.0119882  -0.0244213    0.475234
IMAGINARY
           0    0.0112383  -0.00974663  0.000685267
  -0.0112383            0   0.00984757   -0.0170508
  0.00974663  -0.00984757            0    0.0260166
-0.000685267    0.0170508   -0.0260166            0
Repeater1[0]<--->EndNode1[0]
REAL
  0.464156 0.00405789 -0.0146117   0.333249
0.00405789  0.0315917 0.00118801  0.0165985
-0.0146117 0.00118801  0.0522479  0.0098494
  0.333249  0.0165985  0.0098494   0.452005
IMAGINARY
          0   0.0121696  -0.0232709   0.0184697
 -0.0121696           0 -0.00674556   0.0130928
  0.0232709  0.00674556           0  0.00564214
 -0.0184697  -0.0130928 -0.00564214           0
Repeater1[0]<--->HoM1[0]
REAL
   0.440428 -0.00873721 -0.00407608    0.347746
-0.00873721    0.042838  0.00199465  -0.0244213
-0.00407608  0.00199465   0.0414993  -0.0119882
   0.347746  -0.0244213  -0.0119882    0.475234
IMAGINARY
           0  -0.00974663    0.0112383  0.000685267
  0.00974663            0  -0.00984757    0.0260166
  -0.0112383   0.00984757            0   -0.0170508
-0.000685267   -0.0260166    0.0170508            0
EndNode1[0]<--->Repeater1[0]
REAL
   0.475387  -0.0167476 0.000228326    0.329706
 -0.0167476   0.0379747  0.00726452  -0.0175582
0.000228326  0.00726452   0.0421941  -0.0198378
   0.329706  -0.0175582  -0.0198378    0.444444
IMAGINARY
          0  0.00119506   0.0150141  -0.0260641
-0.00119506           0 -0.00132448  -0.0143976
 -0.0150141  0.00132448           0   0.0031206
  0.0260641   0.0143976  -0.0031206           0
EndNode2[0]<--->HoM1[0]
REAL
    0.430809  -0.00803026   -0.0069713     0.321343
 -0.00803026    0.0300261 -0.000503963   -0.0089118
  -0.0069713 -0.000503963    0.0430809   -0.0040409
    0.321343   -0.0089118   -0.0040409     0.496084
IMAGINARY
          0  -0.0116017   0.0168005  -0.0122108
  0.0116017           0  -0.0279737   0.0293633
 -0.0168005   0.0279737           0 -0.00725392
  0.0122108  -0.0293633  0.00725392           0
Repeater1[0]<--->EndNode1[0]
REAL
   0.475387 0.000228326  -0.0167476    0.329706
0.000228326   0.0421941  0.00726452  -0.0198378
 -0.0167476  0.00726452   0.0379747  -0.0175582
   0.329706  -0.0198378  -0.0175582    0.444444
IMAGINARY
          0   0.0150141  0.00119506  -0.0260641
 -0.0150141           0  0.00132448   0.0031206
-0.00119506 -0.00132448           0  -0.0143976
  0.0260641  -0.0031206   0.0143976           0
Repeater1[0]<--->HoM1[0]
REAL
    0.430809   -0.0069713  -0.00803026     0.321343
  -0.0069713    0.0430809 -0.000503963   -0.0040409
 -0.00803026 -0.000503963    0.0300261   -0.0089118
    0.321343   -0.0040409   -0.0089118     0.496084
IMAGINARY
          0   0.0168005  -0.0116017  -0.0122108
 -0.0168005           0   0.0279737 -0.00725392
  0.0116017  -0.0279737           0   0.0293633
  0.0122108  0.00725392  -0.0293633           0
EndNode1[0]<--->Repeater1[0]
REAL
   0.475389 -0.00120219   0.0219777    0.316968
-0.00120219   0.0362694  0.00685917 -0.00993717
  0.0219777  0.00685917   0.0427461  -0.0159081
   0.316968 -0.00993717  -0.0159081    0.445596
IMAGINARY
          0  -0.0163666 -0.00226122   0.0129776
  0.0163666           0  -0.0219061   0.0241191
 0.00226122   0.0219061           0  -0.0150542
 -0.0129776  -0.0241191   0.0150542           0
EndNode2[0]<--->HoM1[0]
REAL
   0.479306 -0.00427317  0.00915543    0.331005
-0.00427317   0.0280374   0.0141219 -0.00181231
 0.00915543   0.0141219   0.0400534  0.00360562
   0.331005 -0.00181231  0.00360562    0.452603
IMAGINARY
          0   0.0254692   -0.013958 -0.00569283
 -0.0254692           0   0.0369428   0.0334385
   0.013958  -0.0369428           0 -0.00728734
 0.00569283  -0.0334385  0.00728734           0
Repeater1[0]<--->EndNode1[0]
REAL
   0.475389   0.0219777 -0.00120219    0.316968
  0.0219777   0.0427461  0.00685917  -0.0159081
-0.00120219  0.00685917   0.0362694 -0.00993717
   0.316968  -0.0159081 -0.00993717    0.445596
IMAGINARY
          0 -0.00226122  -0.0163666   0.0129776
 0.00226122           0   0.0219061  -0.0150542
  0.0163666  -0.0219061           0   0.0241191
 -0.0129776   0.0150542  -0.0241191           0
Repeater1[0]<--->HoM1[0]
REAL
   0.479306  0.00915543 -0.00427317    0.331005
 0.00915543   0.0400534   0.0141219  0.00360562
-0.00427317   0.0141219   0.0280374 -0.00181231
   0.331005  0.00360562 -0.00181231    0.452603
IMAGINARY
          0   -0.013958   0.0254692 -0.00569283
   0.013958           0  -0.0369428 -0.00728734
 -0.0254692   0.0369428           0   0.0334385
 0.00569283  0.00728734  -0.0334385           0
EndNode1[0]<--->Repeater1[0]
REAL
  0.433661 -0.0165821 0.00477836   0.336485
-0.0165821  0.0405405  0.0186609 0.00602214
0.00477836  0.0186609    0.04914  0.0197587
  0.336485 0.00602214  0.0197587   0.476658
IMAGINARY
          0 -0.00774388  0.00176681   0.0127233
 0.00774388           0  -0.0101526   0.0133053
-0.00176681   0.0101526           0  -0.0112601
 -0.0127233  -0.0133053   0.0112601           0
EndNode2[0]<--->HoM1[0]
REAL
   0.483954   0.0206938  -0.0121577     0.34158
  0.0206938   0.0385109 -0.00225174  0.00856055
 -0.0121577 -0.00225174   0.0320924 -0.00750431
    0.34158  0.00856055 -0.00750431    0.445443
IMAGINARY
           0   0.00591244    0.0173199    0.0049504
 -0.00591244            0 -0.000738604  -0.00157183
  -0.0173199  0.000738604            0   0.00327391
  -0.0049504   0.00157183  -0.00327391            0
Repeater1[0]<--->EndNode1[0]
REAL
  0.433661 0.00477836 -0.0165821   0.336485
0.00477836    0.04914  0.0186609  0.0197587
-0.0165821  0.0186609  0.0405405 0.00602214
  0.336485  0.0197587 0.00602214   0.476658
IMAGINARY
          0  0.00176681 -0.00774388   0.0127233
-0.00176681           0   0.0101526  -0.0112601
 0.00774388  -0.0101526           0   0.0133053
 -0.0127233   0.0112601  -0.0133053           0
Repeater1[0]<--->HoM1[0]
REAL
   0.483954  -0.0121577   0.0206938     0.34158
 -0.0121577   0.0320924 -0.00225174 -0.00750431
  0.0206938 -0.00225174   0.0385109  0.00856055
    0.34158 -0.00750431  0.00856055    0.445443
IMAGINARY
           0    0.0173199   0.00591244    0.0049504
  -0.0173199            0  0.000738604   0.00327391
 -0.00591244 -0.000738604            0  -0.00157183
  -0.0049504  -0.00327391   0.00157183            0
EndNode1[0]<--->Repeater1[0]
REAL
    0.454545    -0.015688  -0.00591957     0.311413
   -0.015688    0.0435339   0.00409547 -0.000764926
 -0.00591957   0.00409547     0.056338   -0.0150607
    0.311413 -0.000764926   -0.0150607     0.445583
IMAGINARY
          0    0.020995  -0.0231189 -0.00676454
  -0.020995           0  -0.0219561  -0.0134664
  0.0231189   0.0219561           0   0.0107123
 0.00676454   0.0134664  -0.0107123           0
