EndNode1[0]<--->Repeater1[0]
REAL
   0.409669  0.00890003 -0.00931989    0.360019
 0.00890003   0.0750636   0.0396051  0.00869253
-0.00931989   0.0396051   0.0877863 -0.00199915
   0.360019  0.00869253 -0.00199915    0.427481
IMAGINARY
           0   -0.0237356   0.00139979  0.000595581
   0.0237356            0   -0.0112057   -0.0181957
 -0.00139979    0.0112057            0    0.0133997
-0.000595581    0.0181957   -0.0133997            0
EndNode2[0]<--->HoM1[0]
REAL
   0.412107 -0.00469959 -0.00589065    0.360765
-0.00469959   0.0710128   0.0542352   0.0221406
-0.00589065   0.0542352   0.0745052   0.0284496
   0.360765   0.0221406   0.0284496    0.442375
IMAGINARY
          0 -0.00503118  -0.0171659   0.0189235
 0.00503118           0  0.00501626 -0.00641326
  0.0171659 -0.00501626           0  0.00442658
 -0.0189235  0.00641326 -0.00442658           0
Repeater1[0]<--->EndNode1[0]
REAL
   0.409669 -0.00931989  0.00890003    0.360019
-0.00931989   0.0877863   0.0396051 -0.00199915
 0.00890003   0.0396051   0.0750636  0.00869253
   0.360019 -0.00199915  0.00869253    0.427481
IMAGINARY
           0   0.00139979   -0.0237356  0.000595581
 -0.00139979            0    0.0112057    0.0133997
   0.0237356   -0.0112057            0   -0.0181957
-0.000595581   -0.0133997    0.0181957            0
Repeater1[0]<--->HoM1[0]
REAL
   0.412107 -0.00589065 -0.00469959    0.360765
-0.00589065   0.0745052   0.0542352   0.0284496
-0.00469959   0.0542352   0.0710128   0.0221406
   0.360765   0.0284496   0.0221406    0.442375
IMAGINARY
          0  -0.0171659 -0.00503118   0.0189235
  0.0171659           0 -0.00501626  0.00442658
 0.00503118  0.00501626           0 -0.00641326
 -0.0189235 -0.00442658  0.00641326           0
EndNode1[0]<--->Repeater1[0]
REAL
   0.410853  -0.0113743 -0.00277795    0.365667
 -0.0113743   0.0994832   0.0418395 -0.00794591
-0.00277795   0.0418395   0.0723514   0.0046719
   0.365667 -0.00794591   0.0046719    0.417313
IMAGINARY
           0    0.0037039  -0.00352729   -0.0141425
  -0.0037039            0   -0.0041425  0.000358721
  0.00352729    0.0041425            0    0.0134064
   0.0141425 -0.000358721   -0.0134064            0
EndNode2[0]<--->HoM1[0]
REAL
   0.412615  -0.0149856 -0.00185138    0.362701
 -0.0149856   0.0775296   0.0337189  -0.0083788
-0.00185138   0.0337189   0.0801577   0.0162644
   0.362701  -0.0083788   0.0162644    0.429698
IMAGINARY
          0  -0.0102797   0.0062058  0.00777544
  0.0102797           0   0.0186035  0.00554355
 -0.0062058  -0.0186035           0  0.00505775
-0.00777544 -0.00554355 -0.00505775           0
Repeater1[0]<--->EndNode1[0]
REAL
   0.410853 -0.00277795  -0.0113743    0.365667
-0.00277795   0.0723514   0.0418395   0.0046719
 -0.0113743   0.0418395   0.0994832 -0.00794591
   0.365667   0.0046719 -0.00794591    0.417313
IMAGINARY
           0  -0.00352729    0.0037039   -0.0141425
  0.00352729            0    0.0041425    0.0134064
  -0.0037039   -0.0041425            0  0.000358721
   0.0141425   -0.0134064 -0.000358721            0
Repeater1[0]<--->HoM1[0]
REAL
   0.412615 -0.00185138  -0.0149856    0.362701
-0.00185138   0.0801577   0.0337189   0.0162644
 -0.0149856   0.0337189   0.0775296  -0.0083788
   0.362701   0.0162644  -0.0083788    0.429698
IMAGINARY
          0   0.0062058  -0.0102797  0.00777544
 -0.0062058           0  -0.0186035  0.00505775
  0.0102797   0.0186035           0  0.00554355
-0.00777544 -0.00505775 -0.00554355           0
EndNode1[0]<--->Repeater1[0]
REAL
  0.426582 -0.0163616 -0.0158655   0.364922
-0.0163616  0.0898734  0.0190777 -0.0228012
-0.0158655  0.0190777  0.0873418 -0.0103051
  0.364922 -0.0228012 -0.0103051   0.396203
IMAGINARY
          0  -0.0152077 -0.00881931   -0.015366
  0.0152077           0   0.0166853   0.0208837
 0.00881931  -0.0166853           0  -0.0116019
   0.015366  -0.0208837   0.0116019           0
EndNode2[0]<--->HoM1[0]
REAL
  0.447837  0.0222853  0.0171145   0.361913
 0.0222853  0.0648855   0.037851 -0.0253692
 0.0171145   0.037851  0.0814249 -0.0057759
  0.361913 -0.0253692 -0.0057759   0.405852
IMAGINARY
          0 -0.00577362  0.00115383  -0.0117128
 0.00577362           0 -0.00823573  -0.0108563
-0.00115383  0.00823573           0  -0.0103971
  0.0117128   0.0108563   0.0103971           0
Repeater1[0]<--->EndNode1[0]
REAL
  0.426582 -0.0158655 -0.0163616   0.364922
-0.0158655  0.0873418  0.0190777 -0.0103051
-0.0163616  0.0190777  0.0898734 -0.0228012
  0.364922 -0.0103051 -0.0228012   0.396203
IMAGINARY
          0 -0.00881931  -0.0152077   -0.015366
 0.00881931           0  -0.0166853  -0.0116019
  0.0152077   0.0166853           0   0.0208837
   0.015366   0.0116019  -0.0208837           0
Repeater1[0]<--->HoM1[0]
REAL
  0.447837  0.0171145  0.0222853   0.361913
 0.0171145  0.0814249   0.037851 -0.0057759
 0.0222853   0.037851  0.0648855 -0.0253692
  0.361913 -0.0057759 -0.0253692   0.405852
IMAGINARY
          0  0.00115383 -0.00577362  -0.0117128
-0.00115383           0  0.00823573  -0.0103971
 0.00577362 -0.00823573           0  -0.0108563
  0.0117128   0.0103971   0.0108563           0
EndNode1[0]<--->Repeater1[0]
REAL
    0.414343    0.0141921    0.0124281     0.364617
   0.0141921    0.0783533    0.0299814   0.00404097
   0.0124281    0.0299814    0.0889774 -0.000358136
    0.364617   0.00404097 -0.000358136     0.418327
IMAGINARY
          0  -0.0261431   0.0183259 -0.00182963
  0.0261431           0  -0.0216852  0.00771579
 -0.0183259   0.0216852           0  0.00400767
 0.00182963 -0.00771579 -0.00400767           0
EndNode2[0]<--->HoM1[0]
REAL
  0.425901 0.00273638 -0.0192758   0.366989
0.00273638  0.0680908  0.0502773  0.0180768
-0.0192758  0.0502773   0.113485 0.00205979
  0.366989  0.0180768 0.00205979   0.392523
IMAGINARY
          0 -0.00434092 -0.00199097   0.0167641
 0.00434092           0  0.00244282   0.0168158
 0.00199097 -0.00244282           0  -0.0131793
 -0.0167641  -0.0168158   0.0131793           0
Repeater1[0]<--->EndNode1[0]
REAL
    0.414343    0.0124281    0.0141921     0.364617
   0.0124281    0.0889774    0.0299814 -0.000358136
   0.0141921    0.0299814    0.0783533   0.00404097
    0.364617 -0.000358136   0.00404097     0.418327
IMAGINARY
          0   0.0183259  -0.0261431 -0.00182963
 -0.0183259           0   0.0216852  0.00400767
  0.0261431  -0.0216852           0  0.00771579
 0.00182963 -0.00400767 -0.00771579           0
Repeater1[0]<--->HoM1[0]
REAL
  0.425901 -0.0192758 0.00273638   0.366989
-0.0192758   0.113485  0.0502773 0.00205979
0.00273638  0.0502773  0.0680908  0.0180768
  0.366989 0.00205979  0.0180768   0.392523
IMAGINARY
          0 -0.00199097 -0.00434092   0.0167641
 0.00199097           0 -0.00244282  -0.0131793
 0.00434092  0.00244282           0   0.0168158
 -0.0167641   0.0131793  -0.0168158           0
EndNode1[0]<--->Repeater1[0]
REAL
   0.448363  0.00260557  0.00216119    0.385193
 0.00260557    0.081864   0.0447261 -0.00620432
 0.00216119   0.0447261   0.0654912 -0.00934412
   0.385193 -0.00620432 -0.00934412    0.404282
IMAGINARY
           0    0.0260581   -0.0183321  -0.00262839
  -0.0260581            0 -0.000682866   -0.0108508
   0.0183321  0.000682866            0   -0.0111424
  0.00262839    0.0108508    0.0111424            0
EndNode2[0]<--->HoM1[0]
REAL
   0.412783   0.0103066  -0.0170303    0.361986
  0.0103066   0.0865513   0.0487716 -0.00130707
 -0.0170303   0.0487716   0.0852197  -0.0298665
   0.361986 -0.00130707  -0.0298665    0.415446
IMAGINARY
          0  0.00350275 -0.00477088 -0.00777707
-0.00350275           0  0.00388096  -0.0301719
 0.00477088 -0.00388096           0   0.0301694
 0.00777707   0.0301719  -0.0301694           0
Repeater1[0]<--->EndNode1[0]
REAL
   0.448363  0.00216119  0.00260557    0.385193
 0.00216119   0.0654912   0.0447261 -0.00934412
 0.00260557   0.0447261    0.081864 -0.00620432
   0.385193 -0.00934412 -0.00620432    0.404282
IMAGINARY
           0   -0.0183321    0.0260581  -0.00262839
   0.0183321            0  0.000682866   -0.0111424
  -0.0260581 -0.000682866            0   -0.0108508
  0.00262839    0.0111424    0.0108508            0
Repeater1[0]<--->HoM1[0]
REAL
   0.412783  -0.0170303   0.0103066    0.361986
 -0.0170303   0.0852197   0.0487716  -0.0298665
  0.0103066   0.0487716   0.0865513 -0.00130707
   0.361986  -0.0298665 -0.00130707    0.415446
IMAGINARY
          0 -0.00477088  0.00350275 -0.00777707
 0.00477088           0 -0.00388096   0.0301694
-0.00350275  0.00388096           0  -0.0301719
 0.00777707  -0.0301694   0.0301719           0
EndNode1[0]<--->Repeater1[0]
REAL
   0.452055   0.0153113   0.0212419    0.365114
  0.0153113   0.0921544    0.040345  0.00206034
  0.0212419    0.040345   0.0684932 -0.00931927
   0.365114  0.00206034 -0.00931927    0.387298
IMAGINARY
           0   -0.0159737    0.0148221   0.00857206
   0.0159737            0 -0.000333788    0.0148221
  -0.0148221  0.000333788            0  0.000822175
 -0.00857206   -0.0148221 -0.000822175            0
EndNode2[0]<--->HoM1[0]
REAL
   0.429698 -0.00795502  -0.0196678    0.355341
-0.00795502   0.0722733   0.0272352 -0.00684732
 -0.0196678   0.0272352   0.0775296   -0.022348
   0.355341 -0.00684732   -0.022348    0.420499
IMAGINARY
          0   0.0143511 -0.00465321   0.0028981
 -0.0143511           0  -0.0160067  0.00528056
 0.00465321   0.0160067           0  -0.0137238
 -0.0028981 -0.00528056   0.0137238           0
Repeater1[0]<--->EndNode1[0]
REAL
   0.452055   0.0212419   0.0153113    0.365114
  0.0212419   0.0684932    0.040345 -0.00931927
  0.0153113    0.040345   0.0921544  0.00206034
   0.365114 -0.00931927  0.00206034    0.387298
IMAGINARY
           0    0.0148221   -0.0159737   0.00857206
  -0.0148221            0  0.000333788  0.000822175
   0.0159737 -0.000333788            0    0.0148221
 -0.00857206 -0.000822175   -0.0148221            0
Repeater1[0]<--->HoM1[0]
REAL
   0.429698  -0.0196678 -0.00795502    0.355341
 -0.0196678   0.0775296   0.0272352   -0.022348
-0.00795502   0.0272352   0.0722733 -0.00684732
   0.355341   -0.022348 -0.00684732    0.420499
IMAGINARY
          0 -0.00465321   0.0143511   0.0028981
 0.00465321           0   0.0160067  -0.0137238
 -0.0143511  -0.0160067           0  0.00528056
 -0.0028981   0.0137238 -0.00528056           0
EndNode1[0]<--->Repeater1[0]
REAL
  0.445302  0.0274719  0.0199599   0.361068
 0.0274719  0.0823681  0.0368645 0.00975584
 0.0199599  0.0368645  0.0797941 0.00095186
  0.361068 0.00975584 0.00095186   0.392535
IMAGINARY
           0    -0.016445     0.021515  1.60638e-06
    0.016445            0  0.000633718    0.0020519
   -0.021515 -0.000633718            0   0.00816479
-1.60638e-06   -0.0020519  -0.00816479            0
EndNode2[0]<--->HoM1[0]
REAL
   0.41184  0.0132466 -0.0195943    0.35752
 0.0132466  0.0900901  0.0455099  0.0153519
-0.0195943  0.0455099  0.0785071 -0.0199133
   0.35752  0.0153519 -0.0199133   0.419562
IMAGINARY
          0   0.0298375  -0.0149991 -0.00930222
 -0.0298375           0   0.0162908  -0.0215545
  0.0149991  -0.0162908           0  0.00671607
 0.00930222   0.0215545 -0.00671607           0
Repeater1[0]<--->EndNode1[0]
REAL
  0.445302  0.0199599  0.0274719   0.361068
 0.0199599  0.0797941  0.0368645 0.00095186
 0.0274719  0.0368645  0.0823681 0.00975584
  0.361068 0.00095186 0.00975584   0.392535
IMAGINARY
           0     0.021515    -0.016445  1.60638e-06
   -0.021515            0 -0.000633718   0.00816479
    0.016445  0.000633718            0    0.0020519
-1.60638e-06  -0.00816479   -0.0020519            0
Repeater1[0]<--->HoM1[0]
REAL
   0.41184 -0.0195943  0.0132466    0.35752
-0.0195943  0.0785071  0.0455099 -0.0199133
 0.0132466  0.0455099  0.0900901  0.0153519
   0.35752 -0.0199133  0.0153519   0.419562
IMAGINARY
          0  -0.0149991   0.0298375 -0.00930222
  0.0149991           0  -0.0162908  0.00671607
 -0.0298375   0.0162908           0  -0.0215545
 0.00930222 -0.00671607   0.0215545           0
EndNode1[0]<--->Repeater1[0]
REAL
  0.428758 0.00443983 -0.0180115   0.358801
0.00443983  0.0771242  0.0469585 0.00361363
-0.0180115  0.0469585  0.0771242 -0.0109843
  0.358801 0.00361363 -0.0109843   0.416993
IMAGINARY
          0  -0.0142089   0.0106834   0.0112049
  0.0142089           0 -0.00360994 -0.00673599
 -0.0106834  0.00360994           0   0.0115773
 -0.0112049  0.00673599  -0.0115773           0
EndNode2[0]<--->HoM1[0]
REAL
   0.423226   -0.035859   -0.020198    0.363044
  -0.035859        0.08   0.0261283 0.000452795
  -0.020198   0.0261283   0.0748387   0.0173877
   0.363044 0.000452795   0.0173877    0.421935
IMAGINARY
          0  0.00855584  0.00762871  -0.0225661
-0.00855584           0 -0.00361188 -0.00952504
-0.00762871  0.00361188           0  0.00724694
  0.0225661  0.00952504 -0.00724694           0
Repeater1[0]<--->EndNode1[0]
REAL
  0.428758 -0.0180115 0.00443983   0.358801
-0.0180115  0.0771242  0.0469585 -0.0109843
0.00443983  0.0469585  0.0771242 0.00361363
  0.358801 -0.0109843 0.00361363   0.416993
IMAGINARY
          0   0.0106834  -0.0142089   0.0112049
 -0.0106834           0  0.00360994   0.0115773
  0.0142089 -0.00360994           0 -0.00673599
 -0.0112049  -0.0115773  0.00673599           0
Repeater1[0]<--->HoM1[0]
REAL
   0.423226   -0.020198   -0.035859    0.363044
  -0.020198   0.0748387   0.0261283   0.0173877
  -0.035859   0.0261283        0.08 0.000452795
   0.363044   0.0173877 0.000452795    0.421935
IMAGINARY
          0  0.00762871  0.00855584  -0.0225661
-0.00762871           0  0.00361188  0.00724694
-0.00855584 -0.00361188           0 -0.00952504
  0.0225661 -0.00724694  0.00952504           0
EndNode1[0]<--->Repeater1[0]
REAL
        0.4  0.00401426  -0.0120215    0.359663
 0.00401426   0.0757396   0.0377086 -0.00862934
 -0.0120215   0.0377086   0.0698225  -0.0296713
   0.359663 -0.00862934  -0.0296713    0.454438
IMAGINARY
          0  0.00851251 -0.00714645   0.0130486
-0.00851251           0  0.00770104 -0.00289371
 0.00714645 -0.00770104           0  0.00286634
 -0.0130486  0.00289371 -0.00286634           0
EndNode2[0]<--->HoM1[0]
REAL
   0.410526 -0.00299276  0.00740533    0.349857
-0.00299276   0.0986842   0.0529026  -0.0264592
 0.00740533   0.0529026   0.0828947  -0.0213174
   0.349857  -0.0264592  -0.0213174    0.407895
IMAGINARY
          0 -0.00737597  0.00187934 -0.00853759
 0.00737597           0   0.0184386   0.0209633
-0.00187934  -0.0184386           0   0.0175282
 0.00853759  -0.0209633  -0.0175282           0
Repeater1[0]<--->EndNode1[0]
REAL
        0.4  -0.0120215  0.00401426    0.359663
 -0.0120215   0.0698225   0.0377086  -0.0296713
 0.00401426   0.0377086   0.0757396 -0.00862934
   0.359663  -0.0296713 -0.00862934    0.454438
IMAGINARY
          0 -0.00714645  0.00851251   0.0130486
 0.00714645           0 -0.00770104  0.00286634
-0.00851251  0.00770104           0 -0.00289371
 -0.0130486 -0.00286634  0.00289371           0
Repeater1[0]<--->HoM1[0]
REAL
   0.410526  0.00740533 -0.00299276    0.349857
 0.00740533   0.0828947   0.0529026  -0.0213174
-0.00299276   0.0529026   0.0986842  -0.0264592
   0.349857  -0.0213174  -0.0264592    0.407895
IMAGINARY
          0  0.00187934 -0.00737597 -0.00853759
-0.00187934           0  -0.0184386   0.0175282
 0.00737597   0.0184386           0   0.0209633
 0.00853759  -0.0175282  -0.0209633           0
EndNode1[0]<--->Repeater1[0]
REAL
   0.425096  0.00271823  0.00457072    0.350936
 0.00271823   0.0973111   0.0344805  0.00714803
 0.00457072   0.0344805   0.0755442 -0.00402031
   0.350936  0.00714803 -0.00402031    0.402049
IMAGINARY
          0  -0.0119614   0.0166458 -0.00315341
  0.0119614           0  0.00188437  0.00613901
 -0.0166458 -0.00188437           0  -0.0146209
 0.00315341 -0.00613901   0.0146209           0
EndNode2[0]<--->HoM1[0]
REAL
   0.425876 -0.00500862  0.00796013    0.351138
-0.00500862   0.0862534   0.0311376  0.00923564
 0.00796013   0.0311376   0.0768194   0.0155906
   0.351138  0.00923564   0.0155906    0.411051
IMAGINARY
          0   0.0167296  -0.0100346  -0.0076825
 -0.0167296           0   0.0137652 -0.00871537
  0.0100346  -0.0137652           0  -0.0129796
  0.0076825  0.00871537   0.0129796           0
Repeater1[0]<--->EndNode1[0]
REAL
   0.425096  0.00457072  0.00271823    0.350936
 0.00457072   0.0755442   0.0344805 -0.00402031
 0.00271823   0.0344805   0.0973111  0.00714803
   0.350936 -0.00402031  0.00714803    0.402049
IMAGINARY
          0   0.0166458  -0.0119614 -0.00315341
 -0.0166458           0 -0.00188437  -0.0146209
  0.0119614  0.00188437           0  0.00613901
 0.00315341   0.0146209 -0.00613901           0
Repeater1[0]<--->HoM1[0]
REAL
   0.425876  0.00796013 -0.00500862    0.351138
 0.00796013   0.0768194   0.0311376   0.0155906
-0.00500862   0.0311376   0.0862534  0.00923564
   0.351138   0.0155906  0.00923564    0.411051
IMAGINARY
          0  -0.0100346   0.0167296  -0.0076825
  0.0100346           0  -0.0137652  -0.0129796
 -0.0167296   0.0137652           0 -0.00871537
  0.0076825   0.0129796  0.00871537           0
EndNode1[0]<--->Repeater1[0]
REAL
   0.387548   0.0241501   0.0047611    0.369718
  0.0241501   0.0889454   0.0388911 -0.00674785
  0.0047611   0.0388911   0.0813215  -0.0142163
   0.369718 -0.00674785  -0.0142163    0.442186
IMAGINARY
          0  0.00325521 -0.00284491  0.00311573
-0.00325521           0    0.027471  -0.0109396
 0.00284491   -0.027471           0 -0.00325521
-0.00311573   0.0109396  0.00325521           0
EndNode2[0]<--->HoM1[0]
REAL
    0.423445   -0.0148654   -0.0128525     0.373148
  -0.0148654    0.0598086    0.0413598 -0.000100845
  -0.0128525    0.0413598    0.0849282  -0.00326927
    0.373148 -0.000100845  -0.00326927     0.431818
IMAGINARY
           0    0.0140679 -8.16587e-07   -0.0101836
  -0.0140679            0   -0.0108355     -0.01788
 8.16587e-07    0.0108355            0   0.00778645
   0.0101836      0.01788  -0.00778645            0
Repeater1[0]<--->EndNode1[0]
REAL
   0.387548   0.0047611   0.0241501    0.369718
  0.0047611   0.0813215   0.0388911  -0.0142163
  0.0241501   0.0388911   0.0889454 -0.00674785
   0.369718  -0.0142163 -0.00674785    0.442186
IMAGINARY
          0 -0.00284491  0.00325521  0.00311573
 0.00284491           0   -0.027471 -0.00325521
-0.00325521    0.027471           0  -0.0109396
-0.00311573  0.00325521   0.0109396           0
Repeater1[0]<--->HoM1[0]
REAL
    0.423445   -0.0128525   -0.0148654     0.373148
  -0.0128525    0.0849282    0.0413598  -0.00326927
  -0.0148654    0.0413598    0.0598086 -0.000100845
    0.373148  -0.00326927 -0.000100845     0.431818
IMAGINARY
           0 -8.16587e-07    0.0140679   -0.0101836
 8.16587e-07            0    0.0108355   0.00778645
  -0.0140679   -0.0108355            0     -0.01788
   0.0101836  -0.00778645      0.01788            0
EndNode1[0]<--->Repeater1[0]
REAL
   0.415049 -0.00808073  -0.0155113    0.356698
-0.00808073   0.0958738   0.0478039 -0.00563472
 -0.0155113   0.0478039   0.0910194 -0.00487971
   0.356698 -0.00563472 -0.00487971    0.398058
IMAGINARY
           0  0.000480129   0.00596072  -0.00278865
-0.000480129            0    -0.016337  -0.00716264
 -0.00596072     0.016337            0   0.00913526
  0.00278865   0.00716264  -0.00913526            0
EndNode2[0]<--->HoM1[0]
REAL
   0.416562  -0.0185329 -0.00885359    0.357405
 -0.0185329   0.0840652   0.0290179  -0.0146451
-0.00885359   0.0290179   0.0740276  0.00678355
   0.357405  -0.0146451  0.00678355    0.425345
IMAGINARY
           0   0.00596379   0.00210758   -0.0159737
 -0.00596379            0  0.000822175    0.0101505
 -0.00210758 -0.000822175            0   -0.0246735
   0.0159737   -0.0101505    0.0246735            0
Repeater1[0]<--->EndNode1[0]
REAL
   0.415049  -0.0155113 -0.00808073    0.356698
 -0.0155113   0.0910194   0.0478039 -0.00487971
-0.00808073   0.0478039   0.0958738 -0.00563472
   0.356698 -0.00487971 -0.00563472    0.398058
IMAGINARY
           0   0.00596072  0.000480129  -0.00278865
 -0.00596072            0     0.016337   0.00913526
-0.000480129    -0.016337            0  -0.00716264
  0.00278865  -0.00913526   0.00716264            0
Repeater1[0]<--->HoM1[0]
REAL
   0.416562 -0.00885359  -0.0185329    0.357405
-0.00885359   0.0740276   0.0290179  0.00678355
 -0.0185329   0.0290179   0.0840652  -0.0146451
   0.357405  0.00678355  -0.0146451    0.425345
IMAGINARY
           0   0.00210758   0.00596379   -0.0159737
 -0.00210758            0 -0.000822175   -0.0246735
 -0.00596379  0.000822175            0    0.0101505
   0.0159737    0.0246735   -0.0101505            0
EndNode1[0]<--->Repeater1[0]
REAL
   0.434032 -0.00532352   0.0220996    0.359105
-0.00532352   0.0789149   0.0428818  0.00770171
  0.0220996   0.0428818    0.080148   0.0139328
   0.359105  0.00770171   0.0139328    0.406905
IMAGINARY
           0   -0.0251451    0.0172734    0.0355137
   0.0251451            0   0.00625842   0.00110427
  -0.0172734  -0.00625842            0  0.000430309
  -0.0355137  -0.00110427 -0.000430309            0
EndNode2[0]<--->HoM1[0]
REAL
    0.43083  -0.0130101 -0.00441447    0.345663
 -0.0130101   0.0869565   0.0381208 -0.00504499
-0.00441447   0.0381208   0.0645586 -0.00455752
   0.345663 -0.00504499 -0.00455752    0.417655
IMAGINARY
           0  -0.00764994   -0.0120629  4.10789e-05
  0.00764994            0    0.0126765 -0.000290856
   0.0120629   -0.0126765            0   0.00699974
-4.10789e-05  0.000290856  -0.00699974            0
Repeater1[0]<--->EndNode1[0]
REAL
   0.434032   0.0220996 -0.00532352    0.359105
  0.0220996    0.080148   0.0428818   0.0139328
-0.00532352   0.0428818   0.0789149  0.00770171
   0.359105   0.0139328  0.00770171    0.406905
IMAGINARY
           0    0.0172734   -0.0251451    0.0355137
  -0.0172734            0  -0.00625842  0.000430309
   0.0251451   0.00625842            0   0.00110427
  -0.0355137 -0.000430309  -0.00110427            0
Repeater1[0]<--->HoM1[0]
REAL
    0.43083 -0.00441447  -0.0130101    0.345663
-0.00441447   0.0645586   0.0381208 -0.00455752
 -0.0130101   0.0381208   0.0869565 -0.00504499
   0.345663 -0.00455752 -0.00504499    0.417655
IMAGINARY
           0   -0.0120629  -0.00764994  4.10789e-05
   0.0120629            0   -0.0126765   0.00699974
  0.00764994    0.0126765            0 -0.000290856
-4.10789e-05  -0.00699974  0.000290856            0
EndNode1[0]<--->Repeater1[0]
REAL
  0.450128  0.0178516 0.00523336   0.370032
 0.0178516  0.0818414  0.0230029 0.00720445
0.00523336  0.0230029  0.0805627 0.00204886
  0.370032 0.00720445 0.00204886   0.387468
IMAGINARY
          0 -0.00549483  -0.0122065  -0.0156511
 0.00549483           0 -0.00402322 -0.00106786
  0.0122065  0.00402322           0   0.0250903
  0.0156511  0.00106786  -0.0250903           0
EndNode2[0]<--->HoM1[0]
REAL
   0.437656  0.00825424    0.014275    0.359938
 0.00825424   0.0773067    0.043037 -0.00198519
   0.014275    0.043037   0.0785536 -0.00502009
   0.359938 -0.00198519 -0.00502009    0.406484
IMAGINARY
          0    0.011459   0.0233341  0.00208069
  -0.011459           0 -0.00456825  -0.0111702
 -0.0233341  0.00456825           0 -0.00953838
-0.00208069   0.0111702  0.00953838           0
Repeater1[0]<--->EndNode1[0]
REAL
  0.450128 0.00523336  0.0178516   0.370032
0.00523336  0.0805627  0.0230029 0.00204886
 0.0178516  0.0230029  0.0818414 0.00720445
  0.370032 0.00204886 0.00720445   0.387468
IMAGINARY
          0  -0.0122065 -0.00549483  -0.0156511
  0.0122065           0  0.00402322   0.0250903
 0.00549483 -0.00402322           0 -0.00106786
  0.0156511  -0.0250903  0.00106786           0
Repeater1[0]<--->HoM1[0]
REAL
   0.437656    0.014275  0.00825424    0.359938
   0.014275   0.0785536    0.043037 -0.00502009
 0.00825424    0.043037   0.0773067 -0.00198519
   0.359938 -0.00502009 -0.00198519    0.406484
IMAGINARY
          0   0.0233341    0.011459  0.00208069
 -0.0233341           0  0.00456825 -0.00953838
  -0.011459 -0.00456825           0  -0.0111702
-0.00208069  0.00953838   0.0111702           0
EndNode1[0]<--->Repeater1[0]
REAL
   0.436709  0.00161386   0.0100691    0.358235
 0.00161386   0.0721519   0.0161301  0.00642834
  0.0100691   0.0161301   0.0822785 0.000924208
   0.358235  0.00642834 0.000924208    0.408861
IMAGINARY
           0   0.00753604    0.0114081   0.00550896
 -0.00753604            0 -0.000419898   -0.0114081
  -0.0114081  0.000419898            0  -0.00753604
 -0.00550896    0.0114081   0.00753604            0
EndNode2[0]<--->HoM1[0]
REAL
    0.43295  0.00240738  0.00895165    0.367068
 0.00240738   0.0893997   0.0292984 -0.00558691
 0.00895165   0.0292984    0.083014  -0.0138475
   0.367068 -0.00558691  -0.0138475    0.394636
IMAGINARY
         0  -0.001336  0.0106103   0.019224
  0.001336          0 -0.0179047  -0.011244
-0.0106103  0.0179047          0  0.0247834
 -0.019224   0.011244 -0.0247834          0
Repeater1[0]<--->EndNode1[0]
REAL
   0.436709   0.0100691  0.00161386    0.358235
  0.0100691   0.0822785   0.0161301 0.000924208
 0.00161386   0.0161301   0.0721519  0.00642834
   0.358235 0.000924208  0.00642834    0.408861
IMAGINARY
           0    0.0114081   0.00753604   0.00550896
  -0.0114081            0  0.000419898  -0.00753604
 -0.00753604 -0.000419898            0   -0.0114081
 -0.00550896   0.00753604    0.0114081            0
Repeater1[0]<--->HoM1[0]
REAL
    0.43295  0.00895165  0.00240738    0.367068
 0.00895165    0.083014   0.0292984  -0.0138475
 0.00240738   0.0292984   0.0893997 -0.00558691
   0.367068  -0.0138475 -0.00558691    0.394636
IMAGINARY
         0  0.0106103  -0.001336   0.019224
-0.0106103          0  0.0179047  0.0247834
  0.001336 -0.0179047          0  -0.011244
 -0.019224 -0.0247834   0.011244          0
EndNode1[0]<--->Repeater1[0]
REAL
    0.40146  0.00277652 0.000110407    0.364776
 0.00277652    0.080292   0.0427867  0.00529175
0.000110407   0.0427867   0.0778589  0.00142516
   0.364776  0.00529175  0.00142516    0.440389
IMAGINARY
          0 -0.00780204   0.0250231 -0.00457534
 0.00780204           0  -0.0219499   0.0103172
 -0.0250231   0.0219499           0  -0.0432451
 0.00457534  -0.0103172   0.0432451           0
EndNode2[0]<--->HoM1[0]
REAL
   0.385034 -0.00291829  -0.0108466    0.358514
-0.00291829   0.0843537   0.0299426  0.00241599
 -0.0108466   0.0299426    0.102041 -0.00291829
   0.358514  0.00241599 -0.00291829    0.428571
IMAGINARY
          0   0.0196766   0.0114755   -0.017346
 -0.0196766           0 -0.00121692  0.00156797
 -0.0114755  0.00121692           0  -0.0227822
   0.017346 -0.00156797   0.0227822           0
Repeater1[0]<--->EndNode1[0]
REAL
    0.40146 0.000110407  0.00277652    0.364776
0.000110407   0.0778589   0.0427867  0.00142516
 0.00277652   0.0427867    0.080292  0.00529175
   0.364776  0.00142516  0.00529175    0.440389
IMAGINARY
          0   0.0250231 -0.00780204 -0.00457534
 -0.0250231           0   0.0219499  -0.0432451
 0.00780204  -0.0219499           0   0.0103172
 0.00457534   0.0432451  -0.0103172           0
Repeater1[0]<--->HoM1[0]
REAL
   0.385034  -0.0108466 -0.00291829    0.358514
 -0.0108466    0.102041   0.0299426 -0.00291829
-0.00291829   0.0299426   0.0843537  0.00241599
   0.358514 -0.00291829  0.00241599    0.428571
IMAGINARY
          0   0.0114755   0.0196766   -0.017346
 -0.0114755           0  0.00121692  -0.0227822
 -0.0196766 -0.00121692           0  0.00156797
   0.017346   0.0227822 -0.00156797           0
EndNode1[0]<--->Repeater1[0]
REAL
   0.426799 -0.00516619   0.0120244    0.366437
-0.00516619   0.0719603   0.0471757  -0.0133333
  0.0120244   0.0471757    0.073201 -0.00137831
   0.366437  -0.0133333 -0.00137831     0.42804
IMAGINARY
          0   0.0106855  -0.0115284  0.00923399
 -0.0106855           0   -0.031622 -0.00694125
  0.0115284    0.031622           0 -0.00936624
-0.00923399  0.00694125  0.00936624           0
EndNode2[0]<--->HoM1[0]
REAL
   0.427261   0.0273875   0.0135348    0.357017
  0.0273875   0.0707733   0.0452676  0.00676975
  0.0135348   0.0452676   0.0733945 -0.00327583
   0.357017  0.00676975 -0.00327583    0.428571
IMAGINARY
          0   0.0140006   -0.013275  -0.0105915
 -0.0140006           0   0.0160115  0.00593191
   0.013275  -0.0160115           0  0.00535859
  0.0105915 -0.00593191 -0.00535859           0
Repeater1[0]<--->EndNode1[0]
REAL
   0.426799   0.0120244 -0.00516619    0.366437
  0.0120244    0.073201   0.0471757 -0.00137831
-0.00516619   0.0471757   0.0719603  -0.0133333
   0.366437 -0.00137831  -0.0133333     0.42804
IMAGINARY
          0  -0.0115284   0.0106855  0.00923399
  0.0115284           0    0.031622 -0.00936624
 -0.0106855   -0.031622           0 -0.00694125
-0.00923399  0.00936624  0.00694125           0
Repeater1[0]<--->HoM1[0]
REAL
   0.427261   0.0135348   0.0273875    0.357017
  0.0135348   0.0733945   0.0452676 -0.00327583
  0.0273875   0.0452676   0.0707733  0.00676975
   0.357017 -0.00327583  0.00676975    0.428571
IMAGINARY
          0   -0.013275   0.0140006  -0.0105915
   0.013275           0  -0.0160115  0.00535859
 -0.0140006   0.0160115           0  0.00593191
  0.0105915 -0.00535859 -0.00593191           0
EndNode1[0]<--->Repeater1[0]
REAL
  0.422721  0.0137922  0.0202721   0.363234
 0.0137922  0.0739762  0.0402142 0.00662445
 0.0202721  0.0402142  0.0858653  0.0131044
  0.363234 0.00662445  0.0131044   0.417437
IMAGINARY
          0   0.0132518  0.00306053  0.00907749
 -0.0132518           0   0.0109225  -0.0104863
-0.00306053  -0.0109225           0  -0.0120142
-0.00907749   0.0104863   0.0120142           0
EndNode2[0]<--->HoM1[0]
REAL
  0.401709  0.0261081  0.0111768   0.355899
 0.0261081  0.0927961   0.049737 0.00389527
 0.0111768   0.049737  0.0842491 -0.0136572
  0.355899 0.00389527 -0.0136572   0.421245
IMAGINARY
          0  0.00472292  0.00951888  -0.0185674
-0.00472292           0    0.014241   0.0142295
-0.00951888   -0.014241           0  -0.0143506
  0.0185674  -0.0142295   0.0143506           0
Repeater1[0]<--->EndNode1[0]
REAL
  0.422721  0.0202721  0.0137922   0.363234
 0.0202721  0.0858653  0.0402142  0.0131044
 0.0137922  0.0402142  0.0739762 0.00662445
  0.363234  0.0131044 0.00662445   0.417437
IMAGINARY
          0  0.00306053   0.0132518  0.00907749
-0.00306053           0  -0.0109225  -0.0120142
 -0.0132518   0.0109225           0  -0.0104863
-0.00907749   0.0120142   0.0104863           0
Repeater1[0]<--->HoM1[0]
REAL
  0.401709  0.0111768  0.0261081   0.355899
 0.0111768  0.0842491   0.049737 -0.0136572
 0.0261081   0.049737  0.0927961 0.00389527
  0.355899 -0.0136572 0.00389527   0.421245
IMAGINARY
          0  0.00951888  0.00472292  -0.0185674
-0.00951888           0   -0.014241  -0.0143506
-0.00472292    0.014241           0   0.0142295
  0.0185674   0.0143506  -0.0142295           0
EndNode1[0]<--->Repeater1[0]
REAL
    0.416332   -0.0147352  -0.00692695     0.359112
  -0.0147352    0.0669344    0.0388726  -0.00692695
 -0.00692695    0.0388726    0.0789826 -0.000378148
    0.359112  -0.00692695 -0.000378148     0.437751
IMAGINARY
           0  -0.00436073  7.79741e-05    0.0118937
  0.00436073            0    0.0227217   0.00458248
-7.79741e-05   -0.0227217            0   0.00635806
  -0.0118937  -0.00458248  -0.00635806            0
EndNode2[0]<--->HoM1[0]
REAL
   0.404891  -0.0178292 -0.00921385    0.374653
 -0.0178292   0.0815217   0.0441223  -0.0167515
-0.00921385   0.0441223   0.0665761 -0.00680459
   0.374653  -0.0167515 -0.00680459    0.447011
IMAGINARY
          0  0.00442957  0.00859314  -0.0127806
-0.00442957           0  0.00186913  -0.0079463
-0.00859314 -0.00186913           0   0.0013919
  0.0127806   0.0079463  -0.0013919           0
Repeater1[0]<--->EndNode1[0]
REAL
    0.416332  -0.00692695   -0.0147352     0.359112
 -0.00692695    0.0789826    0.0388726 -0.000378148
  -0.0147352    0.0388726    0.0669344  -0.00692695
    0.359112 -0.000378148  -0.00692695     0.437751
IMAGINARY
           0  7.79741e-05  -0.00436073    0.0118937
-7.79741e-05            0   -0.0227217   0.00635806
  0.00436073    0.0227217            0   0.00458248
  -0.0118937  -0.00635806  -0.00458248            0
Repeater1[0]<--->HoM1[0]
REAL
   0.404891 -0.00921385  -0.0178292    0.374653
-0.00921385   0.0665761   0.0441223 -0.00680459
 -0.0178292   0.0441223   0.0815217  -0.0167515
   0.374653 -0.00680459  -0.0167515    0.447011
IMAGINARY
          0  0.00859314  0.00442957  -0.0127806
-0.00859314           0 -0.00186913   0.0013919
-0.00442957  0.00186913           0  -0.0079463
  0.0127806  -0.0013919   0.0079463           0
EndNode1[0]<--->Repeater1[0]
REAL
   0.421508 -0.00958189 -0.00445682    0.354921
-0.00958189   0.0865266   0.0478563  -0.0163765
-0.00445682   0.0478563   0.0716934 -0.00569588
   0.354921  -0.0163765 -0.00569588    0.420272
IMAGINARY
          0   0.0203535  0.00865782  0.00162973
 -0.0203535           0 -0.00162973  -0.0331143
-0.00865782  0.00162973           0 -0.00133176
-0.00162973   0.0331143  0.00133176           0
EndNode2[0]<--->HoM1[0]
REAL
    0.449728  -0.00569264   -0.0027248     0.350033
 -0.00569264    0.0733696    0.0462054   0.00207629
  -0.0027248    0.0462054    0.0638587 -0.000143935
    0.350033   0.00207629 -0.000143935     0.413043
IMAGINARY
           0  0.000576366   -0.0104312  -0.00743855
-0.000576366            0  -0.00743855   0.00923505
   0.0104312   0.00743855            0  -0.00655723
  0.00743855  -0.00923505   0.00655723            0
Repeater1[0]<--->EndNode1[0]
REAL
   0.421508 -0.00445682 -0.00958189    0.354921
-0.00445682   0.0716934   0.0478563 -0.00569588
-0.00958189   0.0478563   0.0865266  -0.0163765
   0.354921 -0.00569588  -0.0163765    0.420272
IMAGINARY
          0  0.00865782   0.0203535  0.00162973
-0.00865782           0  0.00162973 -0.00133176
 -0.0203535 -0.00162973           0  -0.0331143
-0.00162973  0.00133176   0.0331143           0
Repeater1[0]<--->HoM1[0]
REAL
    0.449728   -0.0027248  -0.00569264     0.350033
  -0.0027248    0.0638587    0.0462054 -0.000143935
 -0.00569264    0.0462054    0.0733696   0.00207629
    0.350033 -0.000143935   0.00207629     0.413043
IMAGINARY
           0   -0.0104312  0.000576366  -0.00743855
   0.0104312            0   0.00743855  -0.00655723
-0.000576366  -0.00743855            0   0.00923505
  0.00743855   0.00655723  -0.00923505            0
EndNode1[0]<--->Repeater1[0]
REAL
   0.385806  -0.0147046 -0.00442279    0.361352
 -0.0147046   0.0619355   0.0515833  -0.0117464
-0.00442279   0.0515833   0.0993548  0.00599808
   0.361352  -0.0117464  0.00599808    0.452903
IMAGINARY
          0  0.00161785   0.0164241   0.0086309
-0.00161785           0  0.00474489   0.0131389
 -0.0164241 -0.00474489           0  -0.0157567
 -0.0086309  -0.0131389   0.0157567           0
EndNode2[0]<--->HoM1[0]
REAL
   0.413564 -0.00633872  -0.0109973    0.361983
-0.00633872   0.0571809   0.0204462 -0.00967454
 -0.0109973   0.0204462   0.0837766  -0.0130411
   0.361983 -0.00967454  -0.0130411    0.445479
IMAGINARY
           0   -0.0094111 -0.000548045 -0.000672229
   0.0094111            0   -0.0119222    -0.012057
 0.000548045    0.0119222            0   -0.0139983
 0.000672229     0.012057    0.0139983            0
Repeater1[0]<--->EndNode1[0]
REAL
   0.385806 -0.00442279  -0.0147046    0.361352
-0.00442279   0.0993548   0.0515833  0.00599808
 -0.0147046   0.0515833   0.0619355  -0.0117464
   0.361352  0.00599808  -0.0117464    0.452903
IMAGINARY
          0   0.0164241  0.00161785   0.0086309
 -0.0164241           0 -0.00474489  -0.0157567
-0.00161785  0.00474489           0   0.0131389
 -0.0086309   0.0157567  -0.0131389           0
Repeater1[0]<--->HoM1[0]
REAL
   0.413564  -0.0109973 -0.00633872    0.361983
 -0.0109973   0.0837766   0.0204462  -0.0130411
-0.00633872   0.0204462   0.0571809 -0.00967454
   0.361983  -0.0130411 -0.00967454    0.445479
IMAGINARY
           0 -0.000548045   -0.0094111 -0.000672229
 0.000548045            0    0.0119222   -0.0139983
   0.0094111   -0.0119222            0    -0.012057
 0.000672229    0.0139983     0.012057            0
EndNode1[0]<--->Repeater1[0]
REAL
  0.418605  0.0169673  0.0133773    0.35151
 0.0169673  0.0656635  0.0438669 0.00243779
 0.0133773  0.0438669  0.0875513  0.0207456
   0.35151 0.00243779  0.0207456   0.428181
IMAGINARY
          0  0.00935081   -0.015414   0.0159431
-0.00935081           0 -0.00103799  0.00458599
   0.015414  0.00103799           0     0.01549
 -0.0159431 -0.00458599    -0.01549           0
EndNode2[0]<--->HoM1[0]
REAL
   0.444444  -0.0119322   -0.010936    0.353989
 -0.0119322   0.0701058   0.0491114 -0.00585986
  -0.010936   0.0491114   0.0820106 -0.00615561
   0.353989 -0.00585986 -0.00615561    0.403439
IMAGINARY
           0  -0.00064433  -0.00832295  -0.00733052
  0.00064433            0   -0.0130776  0.000192867
  0.00832295    0.0130776            0   0.00064433
  0.00733052 -0.000192867  -0.00064433            0
Repeater1[0]<--->EndNode1[0]
REAL
  0.418605  0.0133773  0.0169673    0.35151
 0.0133773  0.0875513  0.0438669  0.0207456
 0.0169673  0.0438669  0.0656635 0.00243779
   0.35151  0.0207456 0.00243779   0.428181
IMAGINARY
          0   -0.015414  0.00935081   0.0159431
   0.015414           0  0.00103799     0.01549
-0.00935081 -0.00103799           0  0.00458599
 -0.0159431    -0.01549 -0.00458599           0
Repeater1[0]<--->HoM1[0]
REAL
   0.444444   -0.010936  -0.0119322    0.353989
  -0.010936   0.0820106   0.0491114 -0.00615561
 -0.0119322   0.0491114   0.0701058 -0.00585986
   0.353989 -0.00615561 -0.00585986    0.403439
IMAGINARY
           0  -0.00832295  -0.00064433  -0.00733052
  0.00832295            0    0.0130776   0.00064433
  0.00064433   -0.0130776            0  0.000192867
  0.00733052  -0.00064433 -0.000192867            0
EndNode1[0]<--->Repeater1[0]
REAL
   0.442623  -0.0118662 -0.00557623    0.364107
 -0.0118662   0.0794451    0.025197 -0.00686158
-0.00557623    0.025197   0.0794451   -0.026691
   0.364107 -0.00686158   -0.026691    0.398487
IMAGINARY
           0  -0.00709028  -0.00230934   -0.0112666
  0.00709028            0  9.70613e-05    0.0128422
  0.00230934 -9.70613e-05            0  -0.00839918
   0.0112666   -0.0128422   0.00839918            0
EndNode2[0]<--->HoM1[0]
REAL
    0.42428  0.00230984 0.000427815    0.372566
 0.00230984   0.0613267   0.0332132  -0.0117343
0.000427815   0.0332132   0.0851064  -0.0123601
   0.372566  -0.0117343  -0.0123601    0.429287
IMAGINARY
          0  -0.0074753  0.00378876  -0.0114533
  0.0074753           0  0.00357933   0.0292125
-0.00378876 -0.00357933           0  -0.0168086
  0.0114533  -0.0292125   0.0168086           0
Repeater1[0]<--->EndNode1[0]
REAL
   0.442623 -0.00557623  -0.0118662    0.364107
-0.00557623   0.0794451    0.025197   -0.026691
 -0.0118662    0.025197   0.0794451 -0.00686158
   0.364107   -0.026691 -0.00686158    0.398487
IMAGINARY
           0  -0.00230934  -0.00709028   -0.0112666
  0.00230934            0 -9.70613e-05  -0.00839918
  0.00709028  9.70613e-05            0    0.0128422
   0.0112666   0.00839918   -0.0128422            0
Repeater1[0]<--->HoM1[0]
REAL
    0.42428 0.000427815  0.00230984    0.372566
0.000427815   0.0851064   0.0332132  -0.0123601
 0.00230984   0.0332132   0.0613267  -0.0117343
   0.372566  -0.0123601  -0.0117343    0.429287
IMAGINARY
          0  0.00378876  -0.0074753  -0.0114533
-0.00378876           0 -0.00357933  -0.0168086
  0.0074753  0.00357933           0   0.0292125
  0.0114533   0.0168086  -0.0292125           0
EndNode1[0]<--->Repeater1[0]
REAL
   0.434177  -0.0117155  -0.0176699    0.347691
 -0.0117155   0.0746835   0.0528192  0.00108823
 -0.0176699   0.0528192   0.0962025 -0.00486616
   0.347691  0.00108823 -0.00486616    0.394937
IMAGINARY
           0 -0.000975902   0.00628415 -0.000482133
 0.000975902            0   0.00611417    0.0103825
 -0.00628415  -0.00611417            0   -0.0233831
 0.000482133   -0.0103825    0.0233831            0
EndNode2[0]<--->HoM1[0]
REAL
   0.434724  0.00964223  0.00292836    0.362192
