EndNode1[0]<--->Repeater1[0]
REAL
   0.419632   0.0116141   0.0166628     0.37462
  0.0116141    0.103067   0.0738073 -0.00597096
  0.0166628   0.0738073    0.105521  0.00788276
    0.37462 -0.00597096  0.00788276    0.371779
IMAGINARY
          0  -0.0104147  -0.0195776  0.00775669
  0.0104147           0  0.00966266 -0.00616765
  0.0195776 -0.00966266           0   0.0348049
-0.00775669  0.00616765  -0.0348049           0
EndNode2[0]<--->HoM1[0]
REAL
     0.41623  -0.00973916   -0.0140942     0.390667
 -0.00973916    0.0994764    0.0402829  -0.00378494
  -0.0140942    0.0402829    0.0837696 -0.000741729
    0.390667  -0.00378494 -0.000741729     0.400524
IMAGINARY
          0  0.00188004  -0.0175282   0.0174144
-0.00188004           0  0.00633228 -0.00421097
  0.0175282 -0.00633228           0  0.00323505
 -0.0174144  0.00421097 -0.00323505           0
Repeater1[0]<--->EndNode1[0]
REAL
   0.419632   0.0166628   0.0116141     0.37462
  0.0166628    0.105521   0.0738073  0.00788276
  0.0116141   0.0738073    0.103067 -0.00597096
    0.37462  0.00788276 -0.00597096    0.371779
IMAGINARY
          0  -0.0195776  -0.0104147  0.00775669
  0.0195776           0 -0.00966266   0.0348049
  0.0104147  0.00966266           0 -0.00616765
-0.00775669  -0.0348049  0.00616765           0
Repeater1[0]<--->HoM1[0]
REAL
     0.41623   -0.0140942  -0.00973916     0.390667
  -0.0140942    0.0837696    0.0402829 -0.000741729
 -0.00973916    0.0402829    0.0994764  -0.00378494
    0.390667 -0.000741729  -0.00378494     0.400524
IMAGINARY
          0  -0.0175282  0.00188004   0.0174144
  0.0175282           0 -0.00633228  0.00323505
-0.00188004  0.00633228           0 -0.00421097
 -0.0174144 -0.00323505  0.00421097           0
EndNode1[0]<--->Repeater1[0]
REAL
  0.457393 -0.0185938   0.014886   0.383363
-0.0185938   0.085213  0.0429936 -0.0213459
  0.014886  0.0429936  0.0927318  0.0134259
  0.383363 -0.0213459  0.0134259   0.364662
IMAGINARY
          0  0.00585079 -0.00542801  0.00955947
-0.00585079           0  -0.0324353  -0.0104031
 0.00542801   0.0324353           0 -0.00717005
-0.00955947   0.0104031  0.00717005           0
EndNode2[0]<--->HoM1[0]
REAL
   0.424364 -0.00931414  -0.0165193    0.375522
-0.00931414   0.0950469   0.0488891  0.00722562
 -0.0165193   0.0488891   0.0963855 -0.00865364
   0.375522  0.00722562 -0.00865364    0.384203
IMAGINARY
           0  -0.00125628   -0.0296113    0.0274065
  0.00125628            0  -0.00641884  -0.00179578
   0.0296113   0.00641884            0 -6.93889e-18
  -0.0274065   0.00179578  6.93889e-18            0
Repeater1[0]<--->EndNode1[0]
REAL
  0.457393   0.014886 -0.0185938   0.383363
  0.014886  0.0927318  0.0429936  0.0134259
-0.0185938  0.0429936   0.085213 -0.0213459
  0.383363  0.0134259 -0.0213459   0.364662
IMAGINARY
          0 -0.00542801  0.00585079  0.00955947
 0.00542801           0   0.0324353 -0.00717005
-0.00585079  -0.0324353           0  -0.0104031
-0.00955947  0.00717005   0.0104031           0
Repeater1[0]<--->HoM1[0]
REAL
   0.424364  -0.0165193 -0.00931414    0.375522
 -0.0165193   0.0963855   0.0488891 -0.00865364
-0.00931414   0.0488891   0.0950469  0.00722562
   0.375522 -0.00865364  0.00722562    0.384203
IMAGINARY
           0   -0.0296113  -0.00125628    0.0274065
   0.0296113            0   0.00641884 -6.93889e-18
  0.00125628  -0.00641884            0  -0.00179578
  -0.0274065  6.93889e-18   0.00179578            0
EndNode1[0]<--->Repeater1[0]
REAL
  0.419154  0.0249502 0.00200373   0.365937
 0.0249502  0.0870647  0.0497416  0.0184179
0.00200373  0.0497416  0.0758706 0.00337657
  0.365937  0.0184179 0.00337657    0.41791
IMAGINARY
          0 -0.00409651  0.00321337  0.00933573
 0.00409651           0  0.00605919  0.00321337
-0.00321337 -0.00605919           0 -0.00875696
-0.00933573 -0.00321337  0.00875696           0
EndNode2[0]<--->HoM1[0]
REAL
   0.432099  0.00294106 -0.00216611    0.361702
 0.00294106   0.0814815   0.0531081  0.00282142
-0.00216611   0.0531081   0.0950617  0.00426732
   0.361702  0.00282142  0.00426732    0.391358
IMAGINARY
          0  0.00748485 -0.00546587 -0.00552367
-0.00748485           0    0.014272  -0.0140654
 0.00546587   -0.014272           0  0.00814015
 0.00552367   0.0140654 -0.00814015           0
Repeater1[0]<--->EndNode1[0]
REAL
  0.419154 0.00200373  0.0249502   0.365937
0.00200373  0.0758706  0.0497416 0.00337657
 0.0249502  0.0497416  0.0870647  0.0184179
  0.365937 0.00337657  0.0184179    0.41791
IMAGINARY
          0  0.00321337 -0.00409651  0.00933573
-0.00321337           0 -0.00605919 -0.00875696
 0.00409651  0.00605919           0  0.00321337
-0.00933573  0.00875696 -0.00321337           0
Repeater1[0]<--->HoM1[0]
REAL
   0.432099 -0.00216611  0.00294106    0.361702
-0.00216611   0.0950617   0.0531081  0.00426732
 0.00294106   0.0531081   0.0814815  0.00282142
   0.361702  0.00426732  0.00282142    0.391358
IMAGINARY
          0 -0.00546587  0.00748485 -0.00552367
 0.00546587           0   -0.014272  0.00814015
-0.00748485    0.014272           0  -0.0140654
 0.00552367 -0.00814015   0.0140654           0
EndNode1[0]<--->Repeater1[0]
REAL
   0.435279  0.00596141 -0.00411347    0.371641
 0.00596141    0.109137   0.0503536  0.00539224
-0.00411347   0.0503536   0.0824873   -0.013634
   0.371641  0.00539224   -0.013634    0.373096
IMAGINARY
          0 -0.00426552 -0.00179571   -0.024765
 0.00426552           0  -0.0254255   0.0103371
 0.00179571   0.0254255           0  0.00360849
   0.024765  -0.0103371 -0.00360849           0
EndNode2[0]<--->HoM1[0]
REAL
   0.404421 -0.00268076 -0.00065189    0.371347
-0.00268076   0.0910273   0.0478181  0.00912647
-0.00065189   0.0478181   0.0858257  0.00854777
   0.371347  0.00912647  0.00854777    0.418726
IMAGINARY
          0 -0.00121009  0.00727302 -0.00379967
 0.00121009           0 -0.00818015 -0.00359655
-0.00727302  0.00818015           0 -0.00246638
 0.00379967  0.00359655  0.00246638           0
Repeater1[0]<--->EndNode1[0]
REAL
   0.435279 -0.00411347  0.00596141    0.371641
-0.00411347   0.0824873   0.0503536   -0.013634
 0.00596141   0.0503536    0.109137  0.00539224
   0.371641   -0.013634  0.00539224    0.373096
IMAGINARY
          0 -0.00179571 -0.00426552   -0.024765
 0.00179571           0   0.0254255  0.00360849
 0.00426552  -0.0254255           0   0.0103371
   0.024765 -0.00360849  -0.0103371           0
Repeater1[0]<--->HoM1[0]
REAL
   0.404421 -0.00065189 -0.00268076    0.371347
-0.00065189   0.0858257   0.0478181  0.00854777
-0.00268076   0.0478181   0.0910273  0.00912647
   0.371347  0.00854777  0.00912647    0.418726
IMAGINARY
          0  0.00727302 -0.00121009 -0.00379967
-0.00727302           0  0.00818015 -0.00246638
 0.00121009 -0.00818015           0 -0.00359655
 0.00379967  0.00246638  0.00359655           0
EndNode1[0]<--->Repeater1[0]
REAL
   0.393531 -0.00725413  -0.0200921    0.356989
-0.00725413   0.0929919   0.0610443 -0.00828112
 -0.0200921   0.0610443   0.0781671 -0.00220363
   0.356989 -0.00828112 -0.00220363     0.43531
IMAGINARY
          0  -0.0194854    0.013329   0.0245521
  0.0194854           0  -0.0058489  0.00504872
  -0.013329   0.0058489           0  -0.0102991
 -0.0245521 -0.00504872   0.0102991           0
EndNode2[0]<--->HoM1[0]
REAL
   0.364221  -0.0194534 -0.00772748    0.371975
 -0.0194534   0.0926641   0.0489781  -0.0217581
-0.00772748   0.0489781   0.0939511  -0.0238339
   0.371975  -0.0217581  -0.0238339    0.449163
IMAGINARY
          0 -0.00645995  0.00736646 -0.00551224
 0.00645995           0 -0.00614757  0.00167746
-0.00736646  0.00614757           0 -0.00645995
 0.00551224 -0.00167746  0.00645995           0
Repeater1[0]<--->EndNode1[0]
REAL
   0.393531  -0.0200921 -0.00725413    0.356989
 -0.0200921   0.0781671   0.0610443 -0.00220363
-0.00725413   0.0610443   0.0929919 -0.00828112
   0.356989 -0.00220363 -0.00828112     0.43531
IMAGINARY
          0    0.013329  -0.0194854   0.0245521
  -0.013329           0   0.0058489  -0.0102991
  0.0194854  -0.0058489           0  0.00504872
 -0.0245521   0.0102991 -0.00504872           0
Repeater1[0]<--->HoM1[0]
REAL
   0.364221 -0.00772748  -0.0194534    0.371975
-0.00772748   0.0939511   0.0489781  -0.0238339
 -0.0194534   0.0489781   0.0926641  -0.0217581
   0.371975  -0.0238339  -0.0217581    0.449163
IMAGINARY
          0  0.00736646 -0.00645995 -0.00551224
-0.00736646           0  0.00614757 -0.00645995
 0.00645995 -0.00614757           0  0.00167746
 0.00551224  0.00645995 -0.00167746           0
EndNode1[0]<--->Repeater1[0]
REAL
  0.439949 -0.0113162 -0.0144734   0.363874
-0.0113162  0.0821745  0.0478538 0.00879878
-0.0144734  0.0478538  0.0922882 0.00311949
  0.363874 0.00879878 0.00311949   0.385588
IMAGINARY
          0  -0.0101735   0.0131518  0.00868345
  0.0101735           0    0.022197   -0.021287
 -0.0131518   -0.022197           0 -0.00046478
-0.00868345    0.021287  0.00046478           0
EndNode2[0]<--->HoM1[0]
REAL
 0.409091 0.0327472 0.0201637  0.366637
0.0327472 0.0896465 0.0444145 0.0189199
0.0201637 0.0444145 0.0744949 0.0144226
 0.366637 0.0189199 0.0144226  0.426768
IMAGINARY
          0  0.00915718  -0.0231283 -0.00652944
-0.00915718           0  0.00897443  -0.0199273
  0.0231283 -0.00897443           0   0.0172317
 0.00652944   0.0199273  -0.0172317           0
Repeater1[0]<--->EndNode1[0]
REAL
  0.439949 -0.0144734 -0.0113162   0.363874
-0.0144734  0.0922882  0.0478538 0.00311949
-0.0113162  0.0478538  0.0821745 0.00879878
  0.363874 0.00311949 0.00879878   0.385588
IMAGINARY
          0   0.0131518  -0.0101735  0.00868345
 -0.0131518           0   -0.022197 -0.00046478
  0.0101735    0.022197           0   -0.021287
-0.00868345  0.00046478    0.021287           0
Repeater1[0]<--->HoM1[0]
REAL
 0.409091 0.0201637 0.0327472  0.366637
0.0201637 0.0744949 0.0444145 0.0144226
0.0327472 0.0444145 0.0896465 0.0189199
 0.366637 0.0144226 0.0189199  0.426768
IMAGINARY
          0  -0.0231283  0.00915718 -0.00652944
  0.0231283           0 -0.00897443   0.0172317
-0.00915718  0.00897443           0  -0.0199273
 0.00652944  -0.0172317   0.0199273           0
EndNode1[0]<--->Repeater1[0]
REAL
    0.42462 -0.00399701  -0.0110139    0.359002
-0.00399701   0.0802213   0.0555836   0.0313818
 -0.0110139   0.0555836   0.0885201  0.00991028
   0.359002   0.0313818  0.00991028    0.406639
IMAGINARY
          0 -0.00562614   -0.024037  0.00377046
 0.00562614           0   0.0146539  0.00144846
   0.024037  -0.0146539           0   0.0123416
-0.00377046 -0.00144846  -0.0123416           0
EndNode2[0]<--->HoM1[0]
REAL
   0.411477  -0.0081202   0.0007302    0.376651
 -0.0081202   0.0842491   0.0496791 -0.00959787
  0.0007302   0.0496791   0.0805861 -0.00620449
   0.376651 -0.00959787 -0.00620449    0.423687
IMAGINARY
          0  -0.0292062  0.00284537   0.0144095
  0.0292062           0 -0.00645191  0.00224369
-0.00284537  0.00645191           0  0.00376087
 -0.0144095 -0.00224369 -0.00376087           0
Repeater1[0]<--->EndNode1[0]
REAL
    0.42462  -0.0110139 -0.00399701    0.359002
 -0.0110139   0.0885201   0.0555836  0.00991028
-0.00399701   0.0555836   0.0802213   0.0313818
   0.359002  0.00991028   0.0313818    0.406639
IMAGINARY
          0   -0.024037 -0.00562614  0.00377046
   0.024037           0  -0.0146539   0.0123416
 0.00562614   0.0146539           0  0.00144846
-0.00377046  -0.0123416 -0.00144846           0
Repeater1[0]<--->HoM1[0]
REAL
   0.411477   0.0007302  -0.0081202    0.376651
  0.0007302   0.0805861   0.0496791 -0.00620449
 -0.0081202   0.0496791   0.0842491 -0.00959787
   0.376651 -0.00620449 -0.00959787    0.423687
IMAGINARY
          0  0.00284537  -0.0292062   0.0144095
-0.00284537           0  0.00645191  0.00376087
  0.0292062 -0.00645191           0  0.00224369
 -0.0144095 -0.00376087 -0.00224369           0
EndNode1[0]<--->Repeater1[0]
REAL
   0.423181   0.0025016  0.00797786    0.367097
  0.0025016    0.097035   0.0497894 -0.00533933
 0.00797786   0.0497894   0.0781671 -0.00909791
   0.367097 -0.00533933 -0.00909791    0.401617
IMAGINARY
          0  -0.0242957   0.0107161   -0.012406
  0.0242957           0 -0.00350916   0.0167564
 -0.0107161  0.00350916           0 -0.00455047
   0.012406  -0.0167564  0.00455047           0
EndNode2[0]<--->HoM1[0]
REAL
   0.418792 -0.00222338   0.0111135     0.37229
-0.00222338     0.10604   0.0522384  0.00236354
  0.0111135   0.0522384   0.0845638    0.013005
    0.37229  0.00236354    0.013005    0.390604
IMAGINARY
          0  -0.0118965   0.0012765   0.0183554
  0.0118965           0 -0.00782259   0.0244304
 -0.0012765  0.00782259           0 -0.00095698
 -0.0183554  -0.0244304  0.00095698           0
Repeater1[0]<--->EndNode1[0]
REAL
   0.423181  0.00797786   0.0025016    0.367097
 0.00797786   0.0781671   0.0497894 -0.00909791
  0.0025016   0.0497894    0.097035 -0.00533933
   0.367097 -0.00909791 -0.00533933    0.401617
IMAGINARY
          0   0.0107161  -0.0242957   -0.012406
 -0.0107161           0  0.00350916 -0.00455047
  0.0242957 -0.00350916           0   0.0167564
   0.012406  0.00455047  -0.0167564           0
Repeater1[0]<--->HoM1[0]
REAL
   0.418792   0.0111135 -0.00222338     0.37229
  0.0111135   0.0845638   0.0522384    0.013005
-0.00222338   0.0522384     0.10604  0.00236354
    0.37229    0.013005  0.00236354    0.390604
IMAGINARY
          0   0.0012765  -0.0118965   0.0183554
 -0.0012765           0  0.00782259 -0.00095698
  0.0118965 -0.00782259           0   0.0244304
 -0.0183554  0.00095698  -0.0244304           0
EndNode1[0]<--->Repeater1[0]
REAL
   0.422446 -0.00719658  -0.0248897      0.3668
-0.00719658    0.117276   0.0608481  -0.0190379
 -0.0248897   0.0608481   0.0807062  -0.0212272
     0.3668  -0.0190379  -0.0212272    0.379571
IMAGINARY
           0   -0.0109073    0.0294346    0.0117044
   0.0109073            0    0.0096524  0.000327265
  -0.0294346   -0.0096524            0   -0.0176641
  -0.0117044 -0.000327265    0.0176641            0
EndNode2[0]<--->HoM1[0]
REAL
   0.406436  0.00952694  -0.0136682    0.371619
 0.00952694   0.0786651   0.0561739   0.0123058
 -0.0136682   0.0561739    0.079857 -0.00952694
   0.371619   0.0123058 -0.00952694    0.435042
IMAGINARY
          0  0.00270128  -0.0126697   0.0068066
-0.00270128           0  -0.0156006  0.00743408
  0.0126697   0.0156006           0  0.00907883
 -0.0068066 -0.00743408 -0.00907883           0
Repeater1[0]<--->EndNode1[0]
REAL
   0.422446  -0.0248897 -0.00719658      0.3668
 -0.0248897   0.0807062   0.0608481  -0.0212272
-0.00719658   0.0608481    0.117276  -0.0190379
     0.3668  -0.0212272  -0.0190379    0.379571
IMAGINARY
           0    0.0294346   -0.0109073    0.0117044
  -0.0294346            0   -0.0096524   -0.0176641
   0.0109073    0.0096524            0  0.000327265
  -0.0117044    0.0176641 -0.000327265            0
Repeater1[0]<--->HoM1[0]
REAL
   0.406436  -0.0136682  0.00952694    0.371619
 -0.0136682    0.079857   0.0561739 -0.00952694
 0.00952694   0.0561739   0.0786651   0.0123058
   0.371619 -0.00952694   0.0123058    0.435042
IMAGINARY
          0  -0.0126697  0.00270128   0.0068066
  0.0126697           0   0.0156006  0.00907883
-0.00270128  -0.0156006           0  0.00743408
 -0.0068066 -0.00907883 -0.00743408           0
EndNode1[0]<--->Repeater1[0]
REAL
   0.430348   -0.001368 -0.00242684    0.365945
  -0.001368   0.0820896   0.0425684  -0.0134563
-0.00242684   0.0425684   0.0820896 -0.00943251
   0.365945  -0.0134563 -0.00943251    0.405473
IMAGINARY
          0  -0.0272085    0.015145   0.0115404
  0.0272085           0  0.00825525  0.00563418
  -0.015145 -0.00825525           0 -0.00655771
 -0.0115404 -0.00563418  0.00655771           0
EndNode2[0]<--->HoM1[0]
REAL
    0.44403  0.00357896 -0.00881524     0.39014
 0.00357896    0.079602   0.0398858  -0.0102687
-0.00881524   0.0398858   0.0883085 -0.00612349
    0.39014  -0.0102687 -0.00612349     0.38806
IMAGINARY
          0  -0.0066058   0.0130006  -0.0118484
  0.0066058           0 -0.00695838   0.0136491
 -0.0130006  0.00695838           0  0.00026062
  0.0118484  -0.0136491 -0.00026062           0
Repeater1[0]<--->EndNode1[0]
REAL
   0.430348 -0.00242684   -0.001368    0.365945
-0.00242684   0.0820896   0.0425684 -0.00943251
  -0.001368   0.0425684   0.0820896  -0.0134563
   0.365945 -0.00943251  -0.0134563    0.405473
IMAGINARY
          0    0.015145  -0.0272085   0.0115404
  -0.015145           0 -0.00825525 -0.00655771
  0.0272085  0.00825525           0  0.00563418
 -0.0115404  0.00655771 -0.00563418           0
Repeater1[0]<--->HoM1[0]
REAL
    0.44403 -0.00881524  0.00357896     0.39014
-0.00881524   0.0883085   0.0398858 -0.00612349
 0.00357896   0.0398858    0.079602  -0.0102687
    0.39014 -0.00612349  -0.0102687     0.38806
IMAGINARY
          0   0.0130006  -0.0066058  -0.0118484
 -0.0130006           0  0.00695838  0.00026062
  0.0066058 -0.00695838           0   0.0136491
  0.0118484 -0.00026062  -0.0136491           0
EndNode1[0]<--->Repeater1[0]
REAL
   0.390987  0.00969483 -0.00241715    0.378975
 0.00969483   0.0950061   0.0634909 -0.00306231
-0.00241715   0.0634909    0.091352  -0.0151743
   0.378975 -0.00306231  -0.0151743    0.422655
IMAGINARY
          0  -0.0156274 -0.00293625  0.00732484
  0.0156274           0 -0.00732484  0.00100076
 0.00293625  0.00732484           0   0.0240145
-0.00732484 -0.00100076  -0.0240145           0
EndNode2[0]<--->HoM1[0]
REAL
   0.407979   0.0108273  -0.0140887    0.379795
  0.0108273   0.0990991   0.0498721   0.0230401
 -0.0140887   0.0498721   0.0823681 -0.00571218
   0.379795   0.0230401 -0.00571218    0.410553
IMAGINARY
          0  -0.0208929  0.00765948  0.00608236
  0.0208929           0 -0.00934181   0.0128009
-0.00765948  0.00934181           0  -0.0289792
-0.00608236  -0.0128009   0.0289792           0
Repeater1[0]<--->EndNode1[0]
REAL
   0.390987 -0.00241715  0.00969483    0.378975
-0.00241715    0.091352   0.0634909  -0.0151743
 0.00969483   0.0634909   0.0950061 -0.00306231
   0.378975  -0.0151743 -0.00306231    0.422655
IMAGINARY
          0 -0.00293625  -0.0156274  0.00732484
 0.00293625           0  0.00732484   0.0240145
  0.0156274 -0.00732484           0  0.00100076
-0.00732484  -0.0240145 -0.00100076           0
Repeater1[0]<--->HoM1[0]
REAL
   0.407979  -0.0140887   0.0108273    0.379795
 -0.0140887   0.0823681   0.0498721 -0.00571218
  0.0108273   0.0498721   0.0990991   0.0230401
   0.379795 -0.00571218   0.0230401    0.410553
IMAGINARY
          0  0.00765948  -0.0208929  0.00608236
-0.00765948           0  0.00934181  -0.0289792
  0.0208929 -0.00934181           0   0.0128009
-0.00608236   0.0289792  -0.0128009           0
EndNode1[0]<--->Repeater1[0]
REAL
   0.411921 -0.00817628 -0.00869046    0.375652
-0.00817628   0.0715232   0.0420857  -0.0131604
-0.00869046   0.0420857   0.0900662   0.0120323
   0.375652  -0.0131604   0.0120323     0.42649
IMAGINARY
          0 -0.00668744   0.0157143  0.00565953
 0.00668744           0 -0.00249898   0.0143556
 -0.0157143  0.00249898           0 -0.00240347
-0.00565953  -0.0143556  0.00240347           0
EndNode2[0]<--->HoM1[0]
REAL
   0.397619  -0.0101736 -0.00842742    0.380633
 -0.0101736   0.0892857   0.0477453    0.025995
-0.00842742   0.0477453   0.0964286   0.0182817
   0.380633    0.025995   0.0182817    0.416667
IMAGINARY
          0   0.0197399 -0.00075878 -0.00161007
 -0.0197399           0   0.0117589  -0.0179578
 0.00075878  -0.0117589           0  0.00298735
 0.00161007   0.0179578 -0.00298735           0
Repeater1[0]<--->EndNode1[0]
REAL
   0.411921 -0.00869046 -0.00817628    0.375652
-0.00869046   0.0900662   0.0420857   0.0120323
-0.00817628   0.0420857   0.0715232  -0.0131604
   0.375652   0.0120323  -0.0131604     0.42649
IMAGINARY
          0   0.0157143 -0.00668744  0.00565953
 -0.0157143           0  0.00249898 -0.00240347
 0.00668744 -0.00249898           0   0.0143556
-0.00565953  0.00240347  -0.0143556           0
Repeater1[0]<--->HoM1[0]
REAL
   0.397619 -0.00842742  -0.0101736    0.380633
-0.00842742   0.0964286   0.0477453   0.0182817
 -0.0101736   0.0477453   0.0892857    0.025995
   0.380633   0.0182817    0.025995    0.416667
IMAGINARY
          0 -0.00075878   0.0197399 -0.00161007
 0.00075878           0  -0.0117589  0.00298735
 -0.0197399   0.0117589           0  -0.0179578
 0.00161007 -0.00298735   0.0179578           0
EndNode1[0]<--->Repeater1[0]
REAL
   0.40875 0.00093417  0.0150264   0.368367
0.00093417       0.08  0.0552086 0.00958502
 0.0150264  0.0552086     0.0825  0.0223819
  0.368367 0.00958502  0.0223819    0.42875
IMAGINARY
           0   -0.0314039 -5.37901e-05   0.00478684
   0.0314039            0 -0.000328245    0.0118959
 5.37901e-05  0.000328245            0    0.0142987
 -0.00478684   -0.0118959   -0.0142987            0
EndNode2[0]<--->HoM1[0]
REAL
   0.402887  -0.0180652 -0.00990824    0.371555
 -0.0180652   0.0761155   0.0480993 -0.00925121
-0.00990824   0.0480993   0.0997375 -0.00480257
   0.371555 -0.00925121 -0.00480257     0.42126
IMAGINARY
          0   -0.018246 -0.00621092 -0.00666842
   0.018246           0   0.0124155   0.0144076
 0.00621092  -0.0124155           0   0.0075272
 0.00666842  -0.0144076  -0.0075272           0
Repeater1[0]<--->EndNode1[0]
REAL
   0.40875  0.0150264 0.00093417   0.368367
 0.0150264     0.0825  0.0552086  0.0223819
0.00093417  0.0552086       0.08 0.00958502
  0.368367  0.0223819 0.00958502    0.42875
IMAGINARY
           0 -5.37901e-05   -0.0314039   0.00478684
 5.37901e-05            0  0.000328245    0.0142987
   0.0314039 -0.000328245            0    0.0118959
 -0.00478684   -0.0142987   -0.0118959            0
Repeater1[0]<--->HoM1[0]
REAL
   0.402887 -0.00990824  -0.0180652    0.371555
-0.00990824   0.0997375   0.0480993 -0.00480257
 -0.0180652   0.0480993   0.0761155 -0.00925121
   0.371555 -0.00480257 -0.00925121     0.42126
IMAGINARY
          0 -0.00621092   -0.018246 -0.00666842
 0.00621092           0  -0.0124155   0.0075272
   0.018246   0.0124155           0   0.0144076
 0.00666842  -0.0075272  -0.0144076           0
EndNode1[0]<--->Repeater1[0]
REAL
   0.425505  -0.0114803 -0.00369458    0.366918
 -0.0114803    0.107323   0.0419488 -0.00369458
-0.00369458   0.0419488   0.0782828   0.0139434
   0.366918 -0.00369458   0.0139434    0.388889
IMAGINARY
          0  -0.0119017  -0.0127956  0.00234077
  0.0119017           0  0.00492475 -0.00372826
  0.0127956 -0.00492475           0   0.0296496
-0.00234077  0.00372826  -0.0296496           0
EndNode2[0]<--->HoM1[0]
REAL
   0.387306 -0.00647514 -0.00720179    0.374322
-0.00647514    0.119171   0.0587636 -0.00457021
-0.00720179   0.0587636   0.0984456  -0.0102535
   0.374322 -0.00457021  -0.0102535    0.395078
IMAGINARY
          0  -0.0035381   0.0028855 -0.00189088
  0.0035381           0 -0.00692866 -0.00476756
 -0.0028855  0.00692866           0   0.0116937
 0.00189088  0.00476756  -0.0116937           0
Repeater1[0]<--->EndNode1[0]
REAL
   0.425505 -0.00369458  -0.0114803    0.366918
-0.00369458   0.0782828   0.0419488   0.0139434
 -0.0114803   0.0419488    0.107323 -0.00369458
   0.366918   0.0139434 -0.00369458    0.388889
IMAGINARY
          0  -0.0127956  -0.0119017  0.00234077
  0.0127956           0 -0.00492475   0.0296496
  0.0119017  0.00492475           0 -0.00372826
-0.00234077  -0.0296496  0.00372826           0
Repeater1[0]<--->HoM1[0]
REAL
   0.387306 -0.00720179 -0.00647514    0.374322
-0.00720179   0.0984456   0.0587636  -0.0102535
-0.00647514   0.0587636    0.119171 -0.00457021
   0.374322  -0.0102535 -0.00457021    0.395078
IMAGINARY
          0   0.0028855  -0.0035381 -0.00189088
 -0.0028855           0  0.00692866   0.0116937
  0.0035381 -0.00692866           0 -0.00476756
 0.00189088  -0.0116937  0.00476756           0
EndNode1[0]<--->Repeater1[0]
REAL
   0.411168 -0.00884159 0.000312363    0.366195
-0.00884159   0.0901015   0.0560844   0.0139363
0.000312363   0.0560844   0.0926396   0.0308623
   0.366195   0.0139363   0.0308623    0.406091
IMAGINARY
          0  -0.0220046  -0.0190157  -0.0102891
  0.0220046           0  -0.0011982   0.0183992
  0.0190157   0.0011982           0 -0.00697195
  0.0102891  -0.0183992  0.00697195           0
EndNode2[0]<--->HoM1[0]
REAL
    0.44878 -0.00287523  0.00696467    0.373832
-0.00287523   0.0829268   0.0617346  -0.0121193
 0.00696467   0.0617346   0.0768293 -0.00485673
   0.373832  -0.0121193 -0.00485673    0.391463
IMAGINARY
           0   0.00611821  0.000296744    0.0126018
 -0.00611821            0   0.00566612   0.00806876
-0.000296744  -0.00566612            0   0.00868231
  -0.0126018  -0.00806876  -0.00868231            0
Repeater1[0]<--->EndNode1[0]
REAL
   0.411168 0.000312363 -0.00884159    0.366195
0.000312363   0.0926396   0.0560844   0.0308623
-0.00884159   0.0560844   0.0901015   0.0139363
   0.366195   0.0308623   0.0139363    0.406091
IMAGINARY
          0  -0.0190157  -0.0220046  -0.0102891
  0.0190157           0   0.0011982 -0.00697195
  0.0220046  -0.0011982           0   0.0183992
  0.0102891  0.00697195  -0.0183992           0
Repeater1[0]<--->HoM1[0]
REAL
    0.44878  0.00696467 -0.00287523    0.373832
 0.00696467   0.0768293   0.0617346 -0.00485673
-0.00287523   0.0617346   0.0829268  -0.0121193
   0.373832 -0.00485673  -0.0121193    0.391463
IMAGINARY
           0  0.000296744   0.00611821    0.0126018
-0.000296744            0  -0.00566612   0.00868231
 -0.00611821   0.00566612            0   0.00806876
  -0.0126018  -0.00868231  -0.00806876            0
EndNode1[0]<--->Repeater1[0]
REAL
   0.430295 -0.00905305  0.00736076    0.379263
-0.00905305    0.103217   0.0484937   0.0046798
 0.00736076   0.0484937   0.0884718   0.0147565
   0.379263   0.0046798   0.0147565    0.378016
IMAGINARY
          0  0.00961211 -0.00175375 -0.00310181
-0.00961211           0 -0.00184868   -0.017477
 0.00175375  0.00184868           0  0.00705456
 0.00310181    0.017477 -0.00705456           0
EndNode2[0]<--->HoM1[0]
REAL
   0.430108  -0.0174568 0.000214572     0.36594
 -0.0174568   0.0860215   0.0434987  0.00488747
0.000214572   0.0434987   0.0806452   0.0110792
    0.36594  0.00488747   0.0110792    0.403226
IMAGINARY
          0   0.0020035 -0.00487028  0.00631532
 -0.0020035           0  0.00114736  0.00918594
 0.00487028 -0.00114736           0 -0.00631916
-0.00631532 -0.00918594  0.00631916           0
Repeater1[0]<--->EndNode1[0]
REAL
   0.430295  0.00736076 -0.00905305    0.379263
 0.00736076   0.0884718   0.0484937   0.0147565
-0.00905305   0.0484937    0.103217   0.0046798
   0.379263   0.0147565   0.0046798    0.378016
IMAGINARY
          0 -0.00175375  0.00961211 -0.00310181
 0.00175375           0  0.00184868  0.00705456
-0.00961211 -0.00184868           0   -0.017477
 0.00310181 -0.00705456    0.017477           0
Repeater1[0]<--->HoM1[0]
REAL
   0.430108 0.000214572  -0.0174568     0.36594
0.000214572   0.0806452   0.0434987   0.0110792
 -0.0174568   0.0434987   0.0860215  0.00488747
    0.36594   0.0110792  0.00488747    0.403226
IMAGINARY
          0 -0.00487028   0.0020035  0.00631532
 0.00487028           0 -0.00114736 -0.00631916
 -0.0020035  0.00114736           0  0.00918594
-0.00631532  0.00631916 -0.00918594           0
EndNode1[0]<--->Repeater1[0]
REAL
  0.398964  0.0244909 0.00936448   0.368222
 0.0244909  0.0686528  0.0423575  0.0158244
0.00936448  0.0423575  0.0816062 0.00195743
  0.368222  0.0158244 0.00195743   0.450777
IMAGINARY
          0  0.00462872  0.00708867   0.0121901
-0.00462872           0  0.00895591  -0.0154113
-0.00708867 -0.00895591           0   0.0139372
 -0.0121901   0.0154113  -0.0139372           0
EndNode2[0]<--->HoM1[0]
REAL
   0.407595  0.00733974 -0.00211831    0.363536
 0.00733974   0.0860759   0.0527982  0.00543836
-0.00211831   0.0527982   0.0873418  0.00527646
   0.363536  0.00543836  0.00527646    0.418987
IMAGINARY
          0 -0.00550606  -0.0259433   0.0051274
 0.00550606           0 -0.00211898 -0.00425804
  0.0259433  0.00211898           0   0.0209423
 -0.0051274  0.00425804  -0.0209423           0
Repeater1[0]<--->EndNode1[0]
REAL
  0.398964 0.00936448  0.0244909   0.368222
0.00936448  0.0816062  0.0423575 0.00195743
 0.0244909  0.0423575  0.0686528  0.0158244
  0.368222 0.00195743  0.0158244   0.450777
IMAGINARY
          0  0.00708867  0.00462872   0.0121901
-0.00708867           0 -0.00895591   0.0139372
-0.00462872  0.00895591           0  -0.0154113
 -0.0121901  -0.0139372   0.0154113           0
Repeater1[0]<--->HoM1[0]
REAL
   0.407595 -0.00211831  0.00733974    0.363536
-0.00211831   0.0873418   0.0527982  0.00527646
 0.00733974   0.0527982   0.0860759  0.00543836
   0.363536  0.00527646  0.00543836    0.418987
IMAGINARY
          0  -0.0259433 -0.00550606   0.0051274
  0.0259433           0  0.00211898   0.0209423
 0.00550606 -0.00211898           0 -0.00425804
 -0.0051274  -0.0209423  0.00425804           0
EndNode1[0]<--->Repeater1[0]
REAL
   0.427481 -0.00646127 -0.00171862    0.375328
-0.00646127   0.0687023   0.0509112  -0.0109779
-0.00171862   0.0509112   0.0890585  -0.0146995
   0.375328  -0.0109779  -0.0146995    0.414758
IMAGINARY
          0  -0.0136445 -0.00223461   0.0083733
  0.0136445           0    0.020092   0.0138944
 0.00223461   -0.020092           0  0.00472819
 -0.0083733  -0.0138944 -0.00472819           0
EndNode2[0]<--->HoM1[0]
REAL
   0.471627   0.0159133  0.00505903    0.371614
  0.0159133   0.0769231   0.0619751 -0.00186618
 0.00505903   0.0619751   0.0882724  0.00260527
   0.371614 -0.00186618  0.00260527    0.363178
IMAGINARY
          0  -0.0277046 -0.00747218  0.00915731
  0.0277046           0 -0.00435621  0.00626736
 0.00747218  0.00435621           0   0.0192709
-0.00915731 -0.00626736  -0.0192709           0
Repeater1[0]<--->EndNode1[0]
REAL
   0.427481 -0.00171862 -0.00646127    0.375328
-0.00171862   0.0890585   0.0509112  -0.0146995
-0.00646127   0.0509112   0.0687023  -0.0109779
   0.375328  -0.0146995  -0.0109779    0.414758
IMAGINARY
          0 -0.00223461  -0.0136445   0.0083733
 0.00223461           0   -0.020092  0.00472819
  0.0136445    0.020092           0   0.0138944
 -0.0083733 -0.00472819  -0.0138944           0
Repeater1[0]<--->HoM1[0]
REAL
   0.471627  0.00505903   0.0159133    0.371614
 0.00505903   0.0882724   0.0619751  0.00260527
  0.0159133   0.0619751   0.0769231 -0.00186618
   0.371614  0.00260527 -0.00186618    0.363178
IMAGINARY
          0 -0.00747218  -0.0277046  0.00915731
 0.00747218           0  0.00435621   0.0192709
  0.0277046 -0.00435621           0  0.00626736
-0.00915731  -0.0192709 -0.00626736           0
EndNode1[0]<--->Repeater1[0]
REAL
   0.373096 0.000497793   0.0260718    0.366957
0.000497793    0.119289   0.0425976 -0.00760042
  0.0260718   0.0425976   0.0964467   0.0141519
   0.366957 -0.00760042   0.0141519    0.411168
IMAGINARY
           0  7.30703e-05    0.0236045   0.00704685
-7.30703e-05            0  -0.00250729    0.0046006
  -0.0236045   0.00250729            0   -0.0141756
 -0.00704685   -0.0046006    0.0141756            0
EndNode2[0]<--->HoM1[0]
REAL
   0.415918  0.00213301 -0.00739247    0.371072
 0.00213301    0.071887   0.0455945 -0.00739247
-0.00739247   0.0455945   0.0988447  -0.0196061
   0.371072 -0.00739247  -0.0196061     0.41335
IMAGINARY
           0 -0.000380729    0.0104455   0.00813789
 0.000380729            0    0.0112129   0.00420418
  -0.0104455   -0.0112129            0  -0.00789953
 -0.00813789  -0.00420418   0.00789953            0
Repeater1[0]<--->EndNode1[0]
REAL
   0.373096   0.0260718 0.000497793    0.366957
  0.0260718   0.0964467   0.0425976   0.0141519
0.000497793   0.0425976    0.119289 -0.00760042
   0.366957   0.0141519 -0.00760042    0.411168
IMAGINARY
           0    0.0236045  7.30703e-05   0.00704685
  -0.0236045            0   0.00250729   -0.0141756
-7.30703e-05  -0.00250729            0    0.0046006
 -0.00704685    0.0141756   -0.0046006            0
Repeater1[0]<--->HoM1[0]
REAL
   0.415918 -0.00739247  0.00213301    0.371072
-0.00739247   0.0988447   0.0455945  -0.0196061
 0.00213301   0.0455945    0.071887 -0.00739247
   0.371072  -0.0196061 -0.00739247     0.41335
IMAGINARY
           0    0.0104455 -0.000380729   0.00813789
  -0.0104455            0   -0.0112129  -0.00789953
 0.000380729    0.0112129            0   0.00420418
 -0.00813789   0.00789953  -0.00420418            0
EndNode1[0]<--->Repeater1[0]
REAL
    0.383399    0.0140637    0.0155577     0.378114
   0.0140637     0.100132    0.0333302 -0.000571328
   0.0155577    0.0333302     0.114625   0.00773463
    0.378114 -0.000571328   0.00773463     0.401845
IMAGINARY
          0 -0.00192772   0.0129474  -0.0214714
 0.00192772           0  -0.0122007 -0.00913056
 -0.0129474   0.0122007           0 -0.00952266
  0.0214714  0.00913056  0.00952266           0
EndNode2[0]<--->HoM1[0]
REAL
  0.405149 0.00614149  0.0231218   0.386104
0.00614149  0.0691057  0.0498093  0.0137585
 0.0231218  0.0498093  0.0826558  0.0295296
  0.386104  0.0137585  0.0295296   0.443089
IMAGINARY
           0  0.000506984    0.0118549   -0.0291748
-0.000506984            0 -0.000315778     0.022409
  -0.0118549  0.000315778            0   -0.0106593
   0.0291748    -0.022409    0.0106593            0
Repeater1[0]<--->EndNode1[0]
REAL
    0.383399    0.0155577    0.0140637     0.378114
   0.0155577     0.114625    0.0333302   0.00773463
   0.0140637    0.0333302     0.100132 -0.000571328
    0.378114   0.00773463 -0.000571328     0.401845
IMAGINARY
          0   0.0129474 -0.00192772  -0.0214714
 -0.0129474           0   0.0122007 -0.00952266
 0.00192772  -0.0122007           0 -0.00913056
  0.0214714  0.00952266  0.00913056           0
Repeater1[0]<--->HoM1[0]
REAL
  0.405149  0.0231218 0.00614149   0.386104
 0.0231218  0.0826558  0.0498093  0.0295296
0.00614149  0.0498093  0.0691057  0.0137585
  0.386104  0.0295296  0.0137585   0.443089
IMAGINARY
           0    0.0118549  0.000506984   -0.0291748
  -0.0118549            0  0.000315778   -0.0106593
-0.000506984 -0.000315778            0     0.022409
   0.0291748    0.0106593    -0.022409            0
EndNode1[0]<--->Repeater1[0]
REAL
   0.406291    0.010657 -0.00680357    0.361732
   0.010657   0.0969856   0.0688402  0.00497653
-0.00680357   0.0688402   0.0878113   -0.013702
   0.361732  0.00497653   -0.013702    0.408912
IMAGINARY
           0   0.00623365   0.00593729   -0.0228623
 -0.00623365            0     0.009588  0.000190162
 -0.00593729    -0.009588            0  -0.00133169
   0.0228623 -0.000190162   0.00133169            0
EndNode2[0]<--->HoM1[0]
REAL
    0.44352  -0.0268372   0.0177556    0.378346
 -0.0268372   0.0749108    0.044135  -0.0306755
  0.0177556    0.044135   0.0915577 -0.00417054
   0.378346  -0.0306755 -0.00417054    0.390012
IMAGINARY
          0 -0.00747715 -0.00440739  0.00883639
 0.00747715           0  0.00361446   0.0123021
 0.00440739 -0.00361446           0 -0.00568074
-0.00883639  -0.0123021  0.00568074           0
Repeater1[0]<--->EndNode1[0]
REAL
   0.406291 -0.00680357    0.010657    0.361732
-0.00680357   0.0878113   0.0688402   -0.013702
   0.010657   0.0688402   0.0969856  0.00497653
   0.361732   -0.013702  0.00497653    0.408912
IMAGINARY
           0   0.00593729   0.00623365   -0.0228623
 -0.00593729            0    -0.009588  -0.00133169
 -0.00623365     0.009588            0  0.000190162
   0.0228623   0.00133169 -0.000190162            0
Repeater1[0]<--->HoM1[0]
REAL
    0.44352   0.0177556  -0.0268372    0.378346
  0.0177556   0.0915577    0.044135 -0.00417054
 -0.0268372    0.044135   0.0749108  -0.0306755
   0.378346 -0.00417054  -0.0306755    0.390012
IMAGINARY
          0 -0.00440739 -0.00747715  0.00883639
 0.00440739           0 -0.00361446 -0.00568074
 0.00747715  0.00361446           0   0.0123021
-0.00883639  0.00568074  -0.0123021           0
EndNode1[0]<--->Repeater1[0]
REAL
    0.41701 -0.00817656 -0.00926291    0.371022
-0.00817656   0.0946502   0.0339847  0.00733736
-0.00926291   0.0339847    0.079561  0.00368362
   0.371022  0.00733736  0.00368362    0.408779
IMAGINARY
           0  -0.00600471    0.0112054   0.00762379
  0.00600471            0    0.0102554   0.00484403
  -0.0112054   -0.0102554            0 -0.000168132
 -0.00762379  -0.00484403  0.000168132            0
EndNode2[0]<--->HoM1[0]
REAL
   0.438048  0.00210304  -0.0239842    0.378282
 0.00210304   0.0838548   0.0360424   0.0152828
 -0.0239842   0.0360424   0.0876095 -0.00812714
   0.378282   0.0152828 -0.00812714    0.390488
IMAGINARY
           0   -0.0129403    -0.010929   -0.0141677
   0.0129403            0  -0.00388959     0.010929
    0.010929   0.00388959            0  0.000217624
   0.0141677    -0.010929 -0.000217624            0
Repeater1[0]<--->EndNode1[0]
REAL
    0.41701 -0.00926291 -0.00817656    0.371022
-0.00926291    0.079561   0.0339847  0.00368362
-0.00817656   0.0339847   0.0946502  0.00733736
   0.371022  0.00368362  0.00733736    0.408779
IMAGINARY
           0    0.0112054  -0.00600471   0.00762379
  -0.0112054            0   -0.0102554 -0.000168132
  0.00600471    0.0102554            0   0.00484403
 -0.00762379  0.000168132  -0.00484403            0
Repeater1[0]<--->HoM1[0]
REAL
   0.438048  -0.0239842  0.00210304    0.378282
 -0.0239842   0.0876095   0.0360424 -0.00812714
 0.00210304   0.0360424   0.0838548   0.0152828
   0.378282 -0.00812714   0.0152828    0.390488
IMAGINARY
           0    -0.010929   -0.0129403   -0.0141677
    0.010929            0   0.00388959  0.000217624
   0.0129403  -0.00388959            0     0.010929
   0.0141677 -0.000217624    -0.010929            0
EndNode1[0]<--->Repeater1[0]
REAL
   0.422336   0.0151806   0.0142087    0.357476
  0.0151806   0.0898588   0.0406719 -0.00230389
  0.0142087   0.0406719   0.0783055   0.0112744
   0.357476 -0.00230389   0.0112744    0.409499
IMAGINARY
          0  0.00764665  0.00569578   0.0111838
-0.00764665           0  -0.0251571  0.00119127
-0.00569578   0.0251571           0   0.0199016
 -0.0111838 -0.00119127  -0.0199016           0
EndNode2[0]<--->HoM1[0]
REAL
   0.397135  0.00413303 -0.00793697    0.367432
 0.00413303    0.078125   0.0429575   0.0105344
-0.00793697   0.0429575    0.078125 -0.00802913
   0.367432   0.0105344 -0.00802913    0.446615
IMAGINARY
          0   0.0101847  -0.0160731  0.00220904
 -0.0101847           0 -0.00349438  -0.0129752
  0.0160731  0.00349438           0   0.0287523
-0.00220904   0.0129752  -0.0287523           0
Repeater1[0]<--->EndNode1[0]
REAL
   0.422336   0.0142087   0.0151806    0.357476
  0.0142087   0.0783055   0.0406719   0.0112744
  0.0151806   0.0406719   0.0898588 -0.00230389
   0.357476   0.0112744 -0.00230389    0.409499
IMAGINARY
          0  0.00569578  0.00764665   0.0111838
-0.00569578           0   0.0251571   0.0199016
-0.00764665  -0.0251571           0  0.00119127
 -0.0111838  -0.0199016 -0.00119127           0
Repeater1[0]<--->HoM1[0]
REAL
   0.397135 -0.00793697  0.00413303    0.367432
-0.00793697    0.078125   0.0429575 -0.00802913
 0.00413303   0.0429575    0.078125   0.0105344
   0.367432 -0.00802913   0.0105344    0.446615
IMAGINARY
          0  -0.0160731   0.0101847  0.00220904
  0.0160731           0  0.00349438   0.0287523
 -0.0101847 -0.00349438           0  -0.0129752
-0.00220904  -0.0287523   0.0129752           0
EndNode1[0]<--->Repeater1[0]
REAL
 0.422572 0.0226864 0.0176387  0.371268
0.0226864   0.10105  0.047049 0.0108267
0.0176387  0.047049 0.0708661   0.01568
 0.371268 0.0108267   0.01568  0.405512
IMAGINARY
           0    0.0136359   0.00995755    0.0171057
  -0.0136359            0   -0.0123887 -0.000842962
 -0.00995755    0.0123887            0   -0.0240526
  -0.0171057  0.000842962    0.0240526            0
EndNode2[0]<--->HoM1[0]
REAL
   0.422343  -0.0157811   0.0170815    0.373147
 -0.0157811   0.0708447   0.0501269 0.000821325
  0.0170815   0.0501269   0.0858311   0.0285688
   0.373147 0.000821325   0.0285688    0.420981
IMAGINARY
          0  -0.0224473  0.00426965  -0.0206806
