EndNode1[0]<--->Repeater1[0]
REAL
    0.47619   0.0268215   0.0129285    0.360988
  0.0268215   0.0501931 -0.00514352  0.00135723
  0.0129285 -0.00514352   0.0604891  -0.0242241
   0.360988  0.00135723  -0.0242241    0.413127
IMAGINARY
          0   0.0119919  -0.0120791 -0.00453623
 -0.0119919           0  0.00128525  -0.0167027
  0.0120791 -0.00128525           0  0.00875776
 0.00453623   0.0167027 -0.00875776           0
EndNode2[0]<--->HoM1[0]
REAL
   0.44389 0.00868726  0.0308323   0.354961
0.00868726  0.0486284 0.00861669 0.00198619
 0.0308323 0.00861669  0.0386534 0.00868726
  0.354961 0.00198619 0.00868726   0.468828
IMAGINARY
          0  0.00366694  0.00836431   0.0170644
-0.00366694           0   0.0176949  0.00836431
-0.00836431  -0.0176949           0   0.0118225
 -0.0170644 -0.00836431  -0.0118225           0
Repeater1[0]<--->EndNode1[0]
REAL
    0.47619   0.0129285   0.0268215    0.360988
  0.0129285   0.0604891 -0.00514352  -0.0242241
  0.0268215 -0.00514352   0.0501931  0.00135723
   0.360988  -0.0242241  0.00135723    0.413127
IMAGINARY
          0  -0.0120791   0.0119919 -0.00453623
  0.0120791           0 -0.00128525  0.00875776
 -0.0119919  0.00128525           0  -0.0167027
 0.00453623 -0.00875776   0.0167027           0
Repeater1[0]<--->HoM1[0]
REAL
   0.44389  0.0308323 0.00868726   0.354961
 0.0308323  0.0386534 0.00861669 0.00868726
0.00868726 0.00861669  0.0486284 0.00198619
  0.354961 0.00868726 0.00198619   0.468828
IMAGINARY
          0  0.00836431  0.00366694   0.0170644
-0.00836431           0  -0.0176949   0.0118225
-0.00366694   0.0176949           0  0.00836431
 -0.0170644  -0.0118225 -0.00836431           0
EndNode1[0]<--->Repeater1[0]
REAL
  0.471033  0.0211666 0.00205479   0.351746
 0.0211666  0.0453401 -0.0161296 0.00205479
0.00205479 -0.0161296  0.0453401 -0.0143173
  0.351746 0.00205479 -0.0143173   0.438287
IMAGINARY
           0  4.78489e-05    -0.006422    0.0252913
-4.78489e-05            0   0.00366618   0.00383132
    0.006422  -0.00366618            0   -0.0052292
  -0.0252913  -0.00383132    0.0052292            0
EndNode2[0]<--->HoM1[0]
REAL
   0.475369  -0.0239789  0.00379265    0.353686
 -0.0239789   0.0394089 -0.00772672  0.00757099
 0.00379265 -0.00772672   0.0332512  0.00756474
   0.353686  0.00757099  0.00756474     0.45197
IMAGINARY
         0  0.0108704 -0.0222161 -0.0211059
-0.0108704          0  0.0125869 -0.0144687
 0.0222161 -0.0125869          0   0.023097
 0.0211059  0.0144687  -0.023097          0
Repeater1[0]<--->EndNode1[0]
REAL
  0.471033 0.00205479  0.0211666   0.351746
0.00205479  0.0453401 -0.0161296 -0.0143173
 0.0211666 -0.0161296  0.0453401 0.00205479
  0.351746 -0.0143173 0.00205479   0.438287
IMAGINARY
           0    -0.006422  4.78489e-05    0.0252913
    0.006422            0  -0.00366618   -0.0052292
-4.78489e-05   0.00366618            0   0.00383132
  -0.0252913    0.0052292  -0.00383132            0
Repeater1[0]<--->HoM1[0]
REAL
   0.475369  0.00379265  -0.0239789    0.353686
 0.00379265   0.0332512 -0.00772672  0.00756474
 -0.0239789 -0.00772672   0.0394089  0.00757099
   0.353686  0.00756474  0.00757099     0.45197
IMAGINARY
         0 -0.0222161  0.0108704 -0.0211059
 0.0222161          0 -0.0125869   0.023097
-0.0108704  0.0125869          0 -0.0144687
 0.0211059  -0.023097  0.0144687          0
EndNode1[0]<--->Repeater1[0]
REAL
   0.470361   0.0116005 -0.00920366     0.35592
  0.0116005   0.0451031    -0.01178  0.00546301
-0.00920366    -0.01178   0.0502577  0.00834957
    0.35592  0.00546301  0.00834957    0.434278
IMAGINARY
          0  0.00943129 -0.00437284   0.0133827
-0.00943129           0   0.0152887 -0.00695016
 0.00437284  -0.0152887           0   0.0221539
 -0.0133827  0.00695016  -0.0221539           0
EndNode2[0]<--->HoM1[0]
REAL
   0.477212 6.25966e-05  -0.0078878    0.353454
6.25966e-05   0.0375335 -0.00665012    0.013316
 -0.0078878 -0.00665012   0.0576408  -0.0103159
   0.353454    0.013316  -0.0103159    0.427614
IMAGINARY
          0  0.00250443 -0.00753375   0.0103997
-0.00250443           0    0.012977   -0.014487
 0.00753375   -0.012977           0   0.0246976
 -0.0103997    0.014487  -0.0246976           0
Repeater1[0]<--->EndNode1[0]
REAL
   0.470361 -0.00920366   0.0116005     0.35592
-0.00920366   0.0502577    -0.01178  0.00834957
  0.0116005    -0.01178   0.0451031  0.00546301
    0.35592  0.00834957  0.00546301    0.434278
IMAGINARY
          0 -0.00437284  0.00943129   0.0133827
 0.00437284           0  -0.0152887   0.0221539
-0.00943129   0.0152887           0 -0.00695016
 -0.0133827  -0.0221539  0.00695016           0
Repeater1[0]<--->HoM1[0]
REAL
   0.477212  -0.0078878 6.25966e-05    0.353454
 -0.0078878   0.0576408 -0.00665012  -0.0103159
6.25966e-05 -0.00665012   0.0375335    0.013316
   0.353454  -0.0103159    0.013316    0.427614
IMAGINARY
          0 -0.00753375  0.00250443   0.0103997
 0.00753375           0   -0.012977   0.0246976
-0.00250443    0.012977           0   -0.014487
 -0.0103997  -0.0246976    0.014487           0
EndNode1[0]<--->Repeater1[0]
REAL
   0.48708  0.0165083 0.00183476   0.341061
 0.0165083  0.0529716 0.00387991 0.00933476
0.00183476 0.00387991  0.0439276 0.00780183
  0.341061 0.00933476 0.00780183   0.416021
IMAGINARY
           0   -0.0241876 -0.000908915   0.00490974
   0.0241876            0  -0.00358699   -0.0179246
 0.000908915   0.00358699            0   0.00170884
 -0.00490974    0.0179246  -0.00170884            0
EndNode2[0]<--->HoM1[0]
REAL
   0.446941 0.000714833    0.026184    0.358387
0.000714833   0.0586767   0.0090368  0.00159381
   0.026184   0.0090368   0.0349563   0.0182246
   0.358387  0.00159381   0.0182246    0.459426
IMAGINARY
          0 -0.00480648   0.0236875  0.00905445
 0.00480648           0  -0.0103565 -0.00290826
 -0.0236875   0.0103565           0  -0.0159727
-0.00905445  0.00290826   0.0159727           0
Repeater1[0]<--->EndNode1[0]
REAL
   0.48708 0.00183476  0.0165083   0.341061
0.00183476  0.0439276 0.00387991 0.00780183
 0.0165083 0.00387991  0.0529716 0.00933476
  0.341061 0.00780183 0.00933476   0.416021
IMAGINARY
           0 -0.000908915   -0.0241876   0.00490974
 0.000908915            0   0.00358699   0.00170884
   0.0241876  -0.00358699            0   -0.0179246
 -0.00490974  -0.00170884    0.0179246            0
Repeater1[0]<--->HoM1[0]
REAL
   0.446941    0.026184 0.000714833    0.358387
   0.026184   0.0349563   0.0090368   0.0182246
0.000714833   0.0090368   0.0586767  0.00159381
   0.358387   0.0182246  0.00159381    0.459426
IMAGINARY
          0   0.0236875 -0.00480648  0.00905445
 -0.0236875           0   0.0103565  -0.0159727
 0.00480648  -0.0103565           0 -0.00290826
-0.00905445   0.0159727  0.00290826           0
EndNode1[0]<--->Repeater1[0]
REAL
  0.458488 0.00666011 0.00994162   0.333005
0.00666011  0.0582404 -0.0100325  0.0184368
0.00994162 -0.0100325  0.0594796  0.0149615
  0.333005  0.0184368  0.0149615   0.423792
IMAGINARY
          0   -0.016188   0.0170291  0.00362666
   0.016188           0 -0.00165038   0.0209456
 -0.0170291  0.00165038           0  -0.0116601
-0.00362666  -0.0209456   0.0116601           0
EndNode2[0]<--->HoM1[0]
REAL
   0.456323   0.0125468 -0.00312666    0.347721
  0.0125468   0.0482399   0.0121042   0.0112618
-0.00312666   0.0121042   0.0430248  -0.0144242
   0.347721   0.0112618  -0.0144242    0.452412
IMAGINARY
          0  0.00271819   0.0255883 -0.00474882
-0.00271819           0  -0.0178902   0.0127678
 -0.0255883   0.0178902           0 -0.00545791
 0.00474882  -0.0127678  0.00545791           0
Repeater1[0]<--->EndNode1[0]
REAL
  0.458488 0.00994162 0.00666011   0.333005
0.00994162  0.0594796 -0.0100325  0.0149615
0.00666011 -0.0100325  0.0582404  0.0184368
  0.333005  0.0149615  0.0184368   0.423792
IMAGINARY
          0   0.0170291   -0.016188  0.00362666
 -0.0170291           0  0.00165038  -0.0116601
   0.016188 -0.00165038           0   0.0209456
-0.00362666   0.0116601  -0.0209456           0
Repeater1[0]<--->HoM1[0]
REAL
   0.456323 -0.00312666   0.0125468    0.347721
-0.00312666   0.0430248   0.0121042  -0.0144242
  0.0125468   0.0121042   0.0482399   0.0112618
   0.347721  -0.0144242   0.0112618    0.452412
IMAGINARY
          0   0.0255883  0.00271819 -0.00474882
 -0.0255883           0   0.0178902 -0.00545791
-0.00271819  -0.0178902           0   0.0127678
 0.00474882  0.00545791  -0.0127678           0
EndNode1[0]<--->Repeater1[0]
REAL
   0.447016  0.00779605 -0.00293415    0.344805
 0.00779605   0.0499391   0.0090819  0.00159367
-0.00293415   0.0090819    0.043849 -0.00243412
   0.344805  0.00159367 -0.00243412    0.459196
IMAGINARY
          0  0.00294709  -0.0136949   0.0118378
-0.00294709           0   0.0112008  -0.0130326
  0.0136949  -0.0112008           0   0.0237804
 -0.0118378   0.0130326  -0.0237804           0
EndNode2[0]<--->HoM1[0]
REAL
   0.488943    0.032471 -0.00950097    0.370592
   0.032471   0.0454545  0.00185065   0.0462037
-0.00950097  0.00185065   0.0331695   0.0114519
   0.370592   0.0462037   0.0114519    0.432432
IMAGINARY
          0   0.0165947 -5.6308e-05  0.00104678
 -0.0165947           0  -0.0215596 -0.00467982
 5.6308e-05   0.0215596           0  0.00843912
-0.00104678  0.00467982 -0.00843912           0
Repeater1[0]<--->EndNode1[0]
REAL
   0.447016 -0.00293415  0.00779605    0.344805
-0.00293415    0.043849   0.0090819 -0.00243412
 0.00779605   0.0090819   0.0499391  0.00159367
   0.344805 -0.00243412  0.00159367    0.459196
IMAGINARY
          0  -0.0136949  0.00294709   0.0118378
  0.0136949           0  -0.0112008   0.0237804
-0.00294709   0.0112008           0  -0.0130326
 -0.0118378  -0.0237804   0.0130326           0
Repeater1[0]<--->HoM1[0]
REAL
   0.488943 -0.00950097    0.032471    0.370592
-0.00950097   0.0331695  0.00185065   0.0114519
   0.032471  0.00185065   0.0454545   0.0462037
   0.370592   0.0114519   0.0462037    0.432432
IMAGINARY
          0 -5.6308e-05   0.0165947  0.00104678
 5.6308e-05           0   0.0215596  0.00843912
 -0.0165947  -0.0215596           0 -0.00467982
-0.00104678 -0.00843912  0.00467982           0
EndNode1[0]<--->Repeater1[0]
REAL
  0.447028 0.00539298  -0.010851   0.360367
0.00539298  0.0503876 0.00892252 -0.0132607
 -0.010851 0.00892252  0.0555556 -0.0231595
  0.360367 -0.0132607 -0.0231595   0.447028
IMAGINARY
          0  -0.0146462  0.00333545 -0.00509843
  0.0146462           0 -0.00387593   0.0111075
-0.00333545  0.00387593           0 -0.00804985
 0.00509843  -0.0111075  0.00804985           0
EndNode2[0]<--->HoM1[0]
REAL
    0.44664 -0.00440626 0.000205128    0.369526
-0.00440626    0.055336  0.00514068   0.0104615
0.000205128  0.00514068   0.0500659  -0.0062604
   0.369526   0.0104615  -0.0062604    0.447958
IMAGINARY
          0  0.00639976 -0.00351372 -0.00257056
-0.00639976           0  -0.0044717  0.00541486
 0.00351372   0.0044717           0  0.00310595
 0.00257056 -0.00541486 -0.00310595           0
Repeater1[0]<--->EndNode1[0]
REAL
  0.447028  -0.010851 0.00539298   0.360367
 -0.010851  0.0555556 0.00892252 -0.0231595
0.00539298 0.00892252  0.0503876 -0.0132607
  0.360367 -0.0231595 -0.0132607   0.447028
IMAGINARY
          0  0.00333545  -0.0146462 -0.00509843
-0.00333545           0  0.00387593 -0.00804985
  0.0146462 -0.00387593           0   0.0111075
 0.00509843  0.00804985  -0.0111075           0
Repeater1[0]<--->HoM1[0]
REAL
    0.44664 0.000205128 -0.00440626    0.369526
0.000205128   0.0500659  0.00514068  -0.0062604
-0.00440626  0.00514068    0.055336   0.0104615
   0.369526  -0.0062604   0.0104615    0.447958
IMAGINARY
          0 -0.00351372  0.00639976 -0.00257056
 0.00351372           0   0.0044717  0.00310595
-0.00639976  -0.0044717           0  0.00541486
 0.00257056 -0.00310595 -0.00541486           0
EndNode1[0]<--->Repeater1[0]
REAL
  0.459288 -0.0080683 0.00749395   0.340321
-0.0080683  0.0483461  0.0152875 0.00205259
0.00749395  0.0152875  0.0330789 0.00926161
  0.340321 0.00205259 0.00926161   0.459288
IMAGINARY
          0 -0.00669836  0.00858376  -0.0263613
 0.00669836           0   0.0071544  -0.0146403
-0.00858376  -0.0071544           0 -0.00339585
  0.0263613   0.0146403  0.00339585           0
EndNode2[0]<--->HoM1[0]
REAL
   0.452575 -0.00296256 -0.00360586    0.322997
-0.00296256   0.0420054  -0.0232567  0.00555644
-0.00360586  -0.0232567   0.0420054 -0.00809076
   0.322997  0.00555644 -0.00809076    0.463415
IMAGINARY
           0    0.0139248  0.000690412   -0.0166268
  -0.0139248            0   0.00922439  -0.00715036
-0.000690412  -0.00922439            0    0.0015791
   0.0166268   0.00715036   -0.0015791            0
Repeater1[0]<--->EndNode1[0]
REAL
  0.459288 0.00749395 -0.0080683   0.340321
0.00749395  0.0330789  0.0152875 0.00926161
-0.0080683  0.0152875  0.0483461 0.00205259
  0.340321 0.00926161 0.00205259   0.459288
IMAGINARY
          0  0.00858376 -0.00669836  -0.0263613
-0.00858376           0  -0.0071544 -0.00339585
 0.00669836   0.0071544           0  -0.0146403
  0.0263613  0.00339585   0.0146403           0
Repeater1[0]<--->HoM1[0]
REAL
   0.452575 -0.00360586 -0.00296256    0.322997
-0.00360586   0.0420054  -0.0232567 -0.00809076
-0.00296256  -0.0232567   0.0420054  0.00555644
   0.322997 -0.00809076  0.00555644    0.463415
IMAGINARY
           0  0.000690412    0.0139248   -0.0166268
-0.000690412            0  -0.00922439    0.0015791
  -0.0139248   0.00922439            0  -0.00715036
   0.0166268   -0.0015791   0.00715036            0
EndNode1[0]<--->Repeater1[0]
REAL
   0.466667  0.00497714   0.0076423    0.339555
 0.00497714   0.0448718 -0.00821386 -0.00166621
  0.0076423 -0.00821386   0.0589744 -0.00829719
   0.339555 -0.00166621 -0.00829719    0.429487
IMAGINARY
          0 -0.00576023   0.0105724 -0.00614512
 0.00576023           0  -0.0116666  0.00255098
 -0.0105724   0.0116666           0  0.00838491
 0.00614512 -0.00255098 -0.00838491           0
EndNode2[0]<--->HoM1[0]
REAL
    0.489529   0.00399215 -0.000761204     0.356943
  0.00399215    0.0471204   -0.0139054   0.00329285
-0.000761204   -0.0139054    0.0445026    0.0187927
    0.356943   0.00329285    0.0187927     0.418848
IMAGINARY
          0  0.00832371 -0.00357278  -0.0210557
-0.00832371           0  -0.0164443 -0.00811234
 0.00357278   0.0164443           0  0.00705144
  0.0210557  0.00811234 -0.00705144           0
Repeater1[0]<--->EndNode1[0]
REAL
   0.466667   0.0076423  0.00497714    0.339555
  0.0076423   0.0589744 -0.00821386 -0.00829719
 0.00497714 -0.00821386   0.0448718 -0.00166621
   0.339555 -0.00829719 -0.00166621    0.429487
IMAGINARY
          0   0.0105724 -0.00576023 -0.00614512
 -0.0105724           0   0.0116666  0.00838491
 0.00576023  -0.0116666           0  0.00255098
 0.00614512 -0.00838491 -0.00255098           0
Repeater1[0]<--->HoM1[0]
REAL
    0.489529 -0.000761204   0.00399215     0.356943
-0.000761204    0.0445026   -0.0139054    0.0187927
  0.00399215   -0.0139054    0.0471204   0.00329285
    0.356943    0.0187927   0.00329285     0.418848
IMAGINARY
          0 -0.00357278  0.00832371  -0.0210557
 0.00357278           0   0.0164443  0.00705144
-0.00832371  -0.0164443           0 -0.00811234
  0.0210557 -0.00705144  0.00811234           0
EndNode1[0]<--->Repeater1[0]
REAL
    0.450128    0.0136542   0.00613794     0.345115
   0.0136542    0.0588235    0.0156278 -0.000832905
  0.00613794    0.0156278    0.0409207   0.00358713
    0.345115 -0.000832905   0.00358713     0.450128
IMAGINARY
          0 -0.00151515  0.00837309  0.00365064
 0.00151515           0  0.00491326 -0.00196283
-0.00837309 -0.00491326           0  0.00151515
-0.00365064  0.00196283 -0.00151515           0
EndNode2[0]<--->HoM1[0]
REAL
     0.47019 -9.93825e-06   0.00154859     0.350281
-9.93825e-06    0.0338753  -0.00580778  -0.00540463
  0.00154859  -0.00580778    0.0501355   0.00772202
    0.350281  -0.00540463   0.00772202     0.445799
IMAGINARY
           0  -0.00524051    0.0172711  0.000860993
  0.00524051            0    0.0202118   0.00302413
  -0.0172711   -0.0202118            0   -0.0212048
-0.000860993  -0.00302413    0.0212048            0
Repeater1[0]<--->EndNode1[0]
REAL
    0.450128   0.00613794    0.0136542     0.345115
  0.00613794    0.0409207    0.0156278   0.00358713
   0.0136542    0.0156278    0.0588235 -0.000832905
    0.345115   0.00358713 -0.000832905     0.450128
IMAGINARY
          0  0.00837309 -0.00151515  0.00365064
-0.00837309           0 -0.00491326  0.00151515
 0.00151515  0.00491326           0 -0.00196283
-0.00365064 -0.00151515  0.00196283           0
Repeater1[0]<--->HoM1[0]
REAL
     0.47019   0.00154859 -9.93825e-06     0.350281
  0.00154859    0.0501355  -0.00580778   0.00772202
-9.93825e-06  -0.00580778    0.0338753  -0.00540463
    0.350281   0.00772202  -0.00540463     0.445799
IMAGINARY
           0    0.0172711  -0.00524051  0.000860993
  -0.0172711            0   -0.0202118   -0.0212048
  0.00524051    0.0202118            0   0.00302413
-0.000860993    0.0212048  -0.00302413            0
EndNode1[0]<--->Repeater1[0]
REAL
   0.475342  0.00402376  0.00511312    0.354844
 0.00402376   0.0410959  0.00693505  -0.0183343
 0.00511312  0.00693505    0.039726 -0.00883145
   0.354844  -0.0183343 -0.00883145    0.443836
IMAGINARY
          0   0.0124153  0.00975422  -0.0188168
 -0.0124153           0  0.00190859 -0.00658565
-0.00975422 -0.00190859           0  -0.0206535
  0.0188168  0.00658565   0.0206535           0
EndNode2[0]<--->HoM1[0]
REAL
   0.472656   0.0142796   0.0105921    0.360471
  0.0142796   0.0416667 -0.00503335  0.00134425
  0.0105921 -0.00503335   0.0416667  -0.0116271
   0.360471  0.00134425  -0.0116271     0.44401
IMAGINARY
          0  0.00908621  0.00211232  0.00181549
-0.00908621           0  0.00524484  0.00473699
-0.00211232 -0.00524484           0   0.0139524
-0.00181549 -0.00473699  -0.0139524           0
Repeater1[0]<--->EndNode1[0]
REAL
   0.475342  0.00511312  0.00402376    0.354844
 0.00511312    0.039726  0.00693505 -0.00883145
 0.00402376  0.00693505   0.0410959  -0.0183343
   0.354844 -0.00883145  -0.0183343    0.443836
IMAGINARY
          0  0.00975422   0.0124153  -0.0188168
-0.00975422           0 -0.00190859  -0.0206535
 -0.0124153  0.00190859           0 -0.00658565
  0.0188168   0.0206535  0.00658565           0
Repeater1[0]<--->HoM1[0]
REAL
   0.472656   0.0105921   0.0142796    0.360471
  0.0105921   0.0416667 -0.00503335  -0.0116271
  0.0142796 -0.00503335   0.0416667  0.00134425
   0.360471  -0.0116271  0.00134425     0.44401
IMAGINARY
          0  0.00211232  0.00908621  0.00181549
-0.00211232           0 -0.00524484   0.0139524
-0.00908621  0.00524484           0  0.00473699
-0.00181549  -0.0139524 -0.00473699           0
EndNode1[0]<--->Repeater1[0]
REAL
   0.438202 -0.00203523  0.00629521    0.350449
-0.00203523   0.0411985 -0.00861183  -0.0152238
 0.00629521 -0.00861183   0.0499376  -0.0119954
   0.350449  -0.0152238  -0.0119954    0.470662
IMAGINARY
           0     0.015336   -0.0026431  -0.00710787
   -0.015336            0   0.00960164 -0.000712601
   0.0026431  -0.00960164            0    -0.010638
  0.00710787  0.000712601     0.010638            0
EndNode2[0]<--->HoM1[0]
REAL
    0.479755 -0.000263009   0.00627768     0.366347
-0.000263009    0.0552147   -0.0043199  -0.00444618
  0.00627768   -0.0043199    0.0441718  -0.00156849
    0.366347  -0.00444618  -0.00156849     0.420859
IMAGINARY
          0   0.0224192 -0.00511803   0.0150803
 -0.0224192           0 -0.00348409  -0.0135486
 0.00511803  0.00348409           0   0.0135808
 -0.0150803   0.0135486  -0.0135808           0
Repeater1[0]<--->EndNode1[0]
REAL
   0.438202  0.00629521 -0.00203523    0.350449
 0.00629521   0.0499376 -0.00861183  -0.0119954
-0.00203523 -0.00861183   0.0411985  -0.0152238
   0.350449  -0.0119954  -0.0152238    0.470662
IMAGINARY
           0   -0.0026431     0.015336  -0.00710787
   0.0026431            0  -0.00960164    -0.010638
   -0.015336   0.00960164            0 -0.000712601
  0.00710787     0.010638  0.000712601            0
Repeater1[0]<--->HoM1[0]
REAL
    0.479755   0.00627768 -0.000263009     0.366347
  0.00627768    0.0441718   -0.0043199  -0.00156849
-0.000263009   -0.0043199    0.0552147  -0.00444618
    0.366347  -0.00156849  -0.00444618     0.420859
IMAGINARY
          0 -0.00511803   0.0224192   0.0150803
 0.00511803           0  0.00348409   0.0135808
 -0.0224192 -0.00348409           0  -0.0135486
 -0.0150803  -0.0135808   0.0135486           0
EndNode1[0]<--->Repeater1[0]
REAL
  0.467564  0.0131936  0.0138607   0.354606
 0.0131936  0.0403917  0.0149594 0.00129084
 0.0138607  0.0149594  0.0685435 0.00854553
  0.354606 0.00129084 0.00854553   0.423501
IMAGINARY
          0   0.0170826 -0.00105573  -0.0023972
 -0.0170826           0  -0.0165076 -0.00525741
 0.00105573   0.0165076           0 -0.00698158
  0.0023972  0.00525741  0.00698158           0
EndNode2[0]<--->HoM1[0]
REAL
   0.468905  -0.0137334 -0.00801751    0.361104
 -0.0137334    0.039801 -0.00669746  -0.0130553
-0.00801751 -0.00669746   0.0422886   -0.012448
   0.361104  -0.0130553   -0.012448    0.449005
IMAGINARY
           0   -0.0027442   0.00254727 -0.000630381
   0.0027442            0    0.0147149   -0.0300342
 -0.00254727   -0.0147149            0    0.0105976
 0.000630381    0.0300342   -0.0105976            0
Repeater1[0]<--->EndNode1[0]
REAL
  0.467564  0.0138607  0.0131936   0.354606
 0.0138607  0.0685435  0.0149594 0.00854553
 0.0131936  0.0149594  0.0403917 0.00129084
  0.354606 0.00854553 0.00129084   0.423501
IMAGINARY
          0 -0.00105573   0.0170826  -0.0023972
 0.00105573           0   0.0165076 -0.00698158
 -0.0170826  -0.0165076           0 -0.00525741
  0.0023972  0.00698158  0.00525741           0
Repeater1[0]<--->HoM1[0]
REAL
   0.468905 -0.00801751  -0.0137334    0.361104
-0.00801751   0.0422886 -0.00669746   -0.012448
 -0.0137334 -0.00669746    0.039801  -0.0130553
   0.361104   -0.012448  -0.0130553    0.449005
IMAGINARY
           0   0.00254727   -0.0027442 -0.000630381
 -0.00254727            0   -0.0147149    0.0105976
   0.0027442    0.0147149            0   -0.0300342
 0.000630381   -0.0105976    0.0300342            0
EndNode1[0]<--->Repeater1[0]
REAL
   0.472258 -0.00616689  0.00290958    0.337427
-0.00616689   0.0567742  0.00195133  -0.0288163
 0.00290958  0.00195133   0.0541935  -0.0041958
   0.337427  -0.0288163  -0.0041958    0.416774
IMAGINARY
          0  -0.0161793 -0.00578903   0.0234782
  0.0161793           0  -0.0139725 -0.00192305
 0.00578903   0.0139725           0   0.0213207
 -0.0234782  0.00192305  -0.0213207           0
EndNode2[0]<--->HoM1[0]
REAL
   0.460859   0.0022414  -0.0117142    0.357431
  0.0022414   0.0416667 -0.00782669   0.0209491
 -0.0117142 -0.00782669   0.0454545   0.0175475
   0.357431   0.0209491   0.0175475     0.45202
IMAGINARY
          0  -0.0155332  0.00782811  -0.0122812
  0.0155332           0  -0.0228402  -0.0045256
-0.00782811   0.0228402           0  0.00166261
  0.0122812   0.0045256 -0.00166261           0
Repeater1[0]<--->EndNode1[0]
REAL
   0.472258  0.00290958 -0.00616689    0.337427
 0.00290958   0.0541935  0.00195133  -0.0041958
-0.00616689  0.00195133   0.0567742  -0.0288163
   0.337427  -0.0041958  -0.0288163    0.416774
IMAGINARY
          0 -0.00578903  -0.0161793   0.0234782
 0.00578903           0   0.0139725   0.0213207
  0.0161793  -0.0139725           0 -0.00192305
 -0.0234782  -0.0213207  0.00192305           0
Repeater1[0]<--->HoM1[0]
REAL
   0.460859  -0.0117142   0.0022414    0.357431
 -0.0117142   0.0454545 -0.00782669   0.0175475
  0.0022414 -0.00782669   0.0416667   0.0209491
   0.357431   0.0175475   0.0209491     0.45202
IMAGINARY
          0  0.00782811  -0.0155332  -0.0122812
-0.00782811           0   0.0228402  0.00166261
  0.0155332  -0.0228402           0  -0.0045256
  0.0122812 -0.00166261   0.0045256           0
EndNode1[0]<--->Repeater1[0]
REAL
   0.485564   0.0023712   0.0193656    0.344133
  0.0023712   0.0472441  -0.0117229   0.0249557
  0.0193656  -0.0117229   0.0524934 -0.00375625
   0.344133   0.0249557 -0.00375625    0.414698
IMAGINARY
          0   0.0148125  -0.0124556   0.0191525
 -0.0148125           0 -0.00471683 -0.00749287
  0.0124556  0.00471683           0 -0.00773396
 -0.0191525  0.00749287  0.00773396           0
EndNode2[0]<--->HoM1[0]
REAL
  0.480964  0.0105081 -0.0119261   0.346619
 0.0105081  0.0456853 0.00251286  0.0179341
-0.0119261 0.00251286  0.0494924 -0.0218565
  0.346619  0.0179341 -0.0218565   0.423858
IMAGINARY
         0 -0.0042049  0.0227162 -0.0102414
 0.0042049          0  0.0168904 -0.0157453
-0.0227162 -0.0168904          0 -0.0192425
 0.0102414  0.0157453  0.0192425          0
Repeater1[0]<--->EndNode1[0]
REAL
   0.485564   0.0193656   0.0023712    0.344133
  0.0193656   0.0524934  -0.0117229 -0.00375625
  0.0023712  -0.0117229   0.0472441   0.0249557
   0.344133 -0.00375625   0.0249557    0.414698
IMAGINARY
          0  -0.0124556   0.0148125   0.0191525
  0.0124556           0  0.00471683 -0.00773396
 -0.0148125 -0.00471683           0 -0.00749287
 -0.0191525  0.00773396  0.00749287           0
Repeater1[0]<--->HoM1[0]
REAL
  0.480964 -0.0119261  0.0105081   0.346619
-0.0119261  0.0494924 0.00251286 -0.0218565
 0.0105081 0.00251286  0.0456853  0.0179341
  0.346619 -0.0218565  0.0179341   0.423858
IMAGINARY
         0  0.0227162 -0.0042049 -0.0102414
-0.0227162          0 -0.0168904 -0.0192425
 0.0042049  0.0168904          0 -0.0157453
 0.0102414  0.0192425  0.0157453          0
EndNode1[0]<--->Repeater1[0]
REAL
   0.482077 -0.00995983 0.000441577    0.341462
-0.00995983   0.0494438 0.000293161  0.00487757
0.000441577 0.000293161   0.0420272   0.0219279
   0.341462  0.00487757   0.0219279    0.426452
IMAGINARY
          0  -0.0126754 -0.00853256   0.0102951
  0.0126754           0  -0.0221553   0.0129798
 0.00853256   0.0221553           0  0.00187488
 -0.0102951  -0.0129798 -0.00187488           0
EndNode2[0]<--->HoM1[0]
REAL
   0.461322  0.00888261 0.000346891    0.370469
 0.00888261    0.045007  -0.0174178 -0.00346022
0.000346891  -0.0174178   0.0407876  -0.0194679
   0.370469 -0.00346022  -0.0194679    0.452883
IMAGINARY
          0   0.0154245  -0.0205076  0.00253241
 -0.0154245           0    0.023572  0.00117768
  0.0205076   -0.023572           0  0.00777141
-0.00253241 -0.00117768 -0.00777141           0
Repeater1[0]<--->EndNode1[0]
REAL
   0.482077 0.000441577 -0.00995983    0.341462
0.000441577   0.0420272 0.000293161   0.0219279
-0.00995983 0.000293161   0.0494438  0.00487757
   0.341462   0.0219279  0.00487757    0.426452
IMAGINARY
          0 -0.00853256  -0.0126754   0.0102951
 0.00853256           0   0.0221553  0.00187488
  0.0126754  -0.0221553           0   0.0129798
 -0.0102951 -0.00187488  -0.0129798           0
Repeater1[0]<--->HoM1[0]
REAL
   0.461322 0.000346891  0.00888261    0.370469
0.000346891   0.0407876  -0.0174178  -0.0194679
 0.00888261  -0.0174178    0.045007 -0.00346022
   0.370469  -0.0194679 -0.00346022    0.452883
IMAGINARY
          0  -0.0205076   0.0154245  0.00253241
  0.0205076           0   -0.023572  0.00777141
 -0.0154245    0.023572           0  0.00117768
-0.00253241 -0.00777141 -0.00117768           0
EndNode1[0]<--->Repeater1[0]
REAL
   0.452545  -0.0216462  -0.0216038    0.349837
 -0.0216462   0.0440165 0.000485966  -0.0074285
 -0.0216038 0.000485966   0.0563961 -0.00480537
   0.349837  -0.0074285 -0.00480537    0.447043
IMAGINARY
           0   0.00584416  0.000128161   -0.0187704
 -0.00584416            0  0.000775585   -0.0196087
-0.000128161 -0.000775585            0   0.00584416
   0.0187704    0.0196087  -0.00584416            0
EndNode2[0]<--->HoM1[0]
REAL
   0.480296 -0.00429836   -0.020288    0.354532
-0.00429836   0.0357143  -0.0037464  0.00719895
  -0.020288  -0.0037464   0.0529557   -0.016644
   0.354532  0.00719895   -0.016644    0.431034
IMAGINARY
           0   0.00861553  -0.00473356 -0.000657751
 -0.00861553            0    0.0025351    0.0159918
  0.00473356   -0.0025351            0   0.00794076
 0.000657751   -0.0159918  -0.00794076            0
Repeater1[0]<--->EndNode1[0]
REAL
   0.452545  -0.0216038  -0.0216462    0.349837
 -0.0216038   0.0563961 0.000485966 -0.00480537
 -0.0216462 0.000485966   0.0440165  -0.0074285
   0.349837 -0.00480537  -0.0074285    0.447043
IMAGINARY
           0  0.000128161   0.00584416   -0.0187704
-0.000128161            0 -0.000775585   0.00584416
 -0.00584416  0.000775585            0   -0.0196087
   0.0187704  -0.00584416    0.0196087            0
Repeater1[0]<--->HoM1[0]
REAL
   0.480296   -0.020288 -0.00429836    0.354532
  -0.020288   0.0529557  -0.0037464   -0.016644
-0.00429836  -0.0037464   0.0357143  0.00719895
   0.354532   -0.016644  0.00719895    0.431034
IMAGINARY
           0  -0.00473356   0.00861553 -0.000657751
  0.00473356            0   -0.0025351   0.00794076
 -0.00861553    0.0025351            0    0.0159918
 0.000657751  -0.00794076   -0.0159918            0
EndNode1[0]<--->Repeater1[0]
REAL
   0.482895 -0.00893956 -0.00118321    0.366211
-0.00893956   0.0473684 -0.00372767  -0.0101653
-0.00118321 -0.00372767   0.0447368  -0.0170951
   0.366211  -0.0101653  -0.0170951       0.425
IMAGINARY
          0  0.00346159 -0.00211619  -0.0075186
-0.00346159           0  0.00950536  0.00395668
 0.00211619 -0.00950536           0  0.00942185
  0.0075186 -0.00395668 -0.00942185           0
EndNode2[0]<--->HoM1[0]
REAL
   0.448735 -0.00341804 -0.00255754    0.368064
-0.00341804   0.0652463 -0.00489231 -0.00255754
-0.00255754 -0.00489231   0.0359521  0.00469681
   0.368064 -0.00255754  0.00469681    0.450067
IMAGINARY
          0 -0.00105514 -0.00974843   0.0105611
 0.00105514           0  -0.0151603 -0.00974843
 0.00974843   0.0151603           0   0.0167784
 -0.0105611  0.00974843  -0.0167784           0
Repeater1[0]<--->EndNode1[0]
REAL
   0.482895 -0.00118321 -0.00893956    0.366211
-0.00118321   0.0447368 -0.00372767  -0.0170951
-0.00893956 -0.00372767   0.0473684  -0.0101653
   0.366211  -0.0170951  -0.0101653       0.425
IMAGINARY
          0 -0.00211619  0.00346159  -0.0075186
 0.00211619           0 -0.00950536  0.00942185
-0.00346159  0.00950536           0  0.00395668
  0.0075186 -0.00942185 -0.00395668           0
Repeater1[0]<--->HoM1[0]
REAL
   0.448735 -0.00255754 -0.00341804    0.368064
-0.00255754   0.0359521 -0.00489231  0.00469681
-0.00341804 -0.00489231   0.0652463 -0.00255754
   0.368064  0.00469681 -0.00255754    0.450067
IMAGINARY
          0 -0.00974843 -0.00105514   0.0105611
 0.00974843           0   0.0151603   0.0167784
 0.00105514  -0.0151603           0 -0.00974843
 -0.0105611  -0.0167784  0.00974843           0
EndNode1[0]<--->Repeater1[0]
REAL
    0.430248   0.00123782 -0.000679569     0.354144
  0.00123782    0.0573664  0.000424402  -0.00768594
-0.000679569  0.000424402    0.0495437  -0.00831632
    0.354144  -0.00768594  -0.00831632     0.462842
IMAGINARY
           0  -0.00611244  0.000100136   0.00937465
  0.00611244            0    0.0143129    0.0169238
-0.000100136   -0.0143129            0    0.0143092
 -0.00937465   -0.0169238   -0.0143092            0
EndNode2[0]<--->HoM1[0]
REAL
    0.460836  -0.00857773  -0.00659382     0.364005
 -0.00857773    0.0391645   0.00830866 -0.000359405
 -0.00659382   0.00830866    0.0443864   0.00541718
    0.364005 -0.000359405   0.00541718     0.455614
IMAGINARY
          0  0.00376619  0.00470586 -0.00237193
-0.00376619           0   0.0152585  0.00162325
-0.00470586  -0.0152585           0  -0.0176902
 0.00237193 -0.00162325   0.0176902           0
Repeater1[0]<--->EndNode1[0]
REAL
    0.430248 -0.000679569   0.00123782     0.354144
-0.000679569    0.0495437  0.000424402  -0.00831632
  0.00123782  0.000424402    0.0573664  -0.00768594
    0.354144  -0.00831632  -0.00768594     0.462842
IMAGINARY
           0  0.000100136  -0.00611244   0.00937465
-0.000100136            0   -0.0143129    0.0143092
  0.00611244    0.0143129            0    0.0169238
 -0.00937465   -0.0143092   -0.0169238            0
Repeater1[0]<--->HoM1[0]
REAL
    0.460836  -0.00659382  -0.00857773     0.364005
 -0.00659382    0.0443864   0.00830866   0.00541718
 -0.00857773   0.00830866    0.0391645 -0.000359405
    0.364005   0.00541718 -0.000359405     0.455614
IMAGINARY
          0  0.00470586  0.00376619 -0.00237193
-0.00470586           0  -0.0152585  -0.0176902
-0.00376619   0.0152585           0  0.00162325
 0.00237193   0.0176902 -0.00162325           0
EndNode1[0]<--->Repeater1[0]
REAL
  0.483376 -0.0136376 -0.0330556   0.357699
-0.0136376  0.0473146 -0.0123652 0.00772229
-0.0330556 -0.0123652   0.056266 -0.0223624
  0.357699 0.00772229 -0.0223624   0.413043
IMAGINARY
          0   0.0122935  -0.0139422  0.00967279
 -0.0122935           0  -0.0134041   0.0107574
  0.0139422   0.0134041           0   0.0036301
-0.00967279  -0.0107574  -0.0036301           0
EndNode2[0]<--->HoM1[0]
REAL
    0.46926  0.00839688 0.000347838     0.35132
 0.00839688   0.0451694  0.00619306  -0.0120059
0.000347838  0.00619306   0.0388959  -0.0148736
    0.35132  -0.0120059  -0.0148736    0.446675
IMAGINARY
          0  0.00433467  0.00399267  0.00375465
-0.00433467           0   0.0184967 -0.00866556
-0.00399267  -0.0184967           0   -0.002332
-0.00375465  0.00866556    0.002332           0
Repeater1[0]<--->EndNode1[0]
REAL
  0.483376 -0.0330556 -0.0136376   0.357699
-0.0330556   0.056266 -0.0123652 -0.0223624
-0.0136376 -0.0123652  0.0473146 0.00772229
  0.357699 -0.0223624 0.00772229   0.413043
IMAGINARY
          0  -0.0139422   0.0122935  0.00967279
  0.0139422           0   0.0134041   0.0036301
 -0.0122935  -0.0134041           0   0.0107574
-0.00967279  -0.0036301  -0.0107574           0
Repeater1[0]<--->HoM1[0]
REAL
    0.46926 0.000347838  0.00839688     0.35132
0.000347838   0.0388959  0.00619306  -0.0148736
 0.00839688  0.00619306   0.0451694  -0.0120059
    0.35132  -0.0148736  -0.0120059    0.446675
IMAGINARY
          0  0.00399267  0.00433467  0.00375465
-0.00399267           0  -0.0184967   -0.002332
-0.00433467   0.0184967           0 -0.00866556
-0.00375465    0.002332  0.00866556           0
EndNode1[0]<--->Repeater1[0]
REAL
  0.500645 -0.0105731 0.00373179   0.354515
-0.0105731       0.04 -0.0124099 -0.0172106
0.00373179 -0.0124099   0.043871 -0.0195937
  0.354515 -0.0172106 -0.0195937   0.415484
IMAGINARY
           0   -0.0019178   0.00284865    0.0238595
   0.0019178            0   -0.0232143 -0.000264673
 -0.00284865    0.0232143            0  -0.00712613
  -0.0238595  0.000264673   0.00712613            0
EndNode2[0]<--->HoM1[0]
REAL
   0.454068  -0.0028445  0.00192802    0.374187
 -0.0028445   0.0511811  -0.0133627 -0.00192802
 0.00192802  -0.0133627   0.0393701   0.0028445
   0.374187 -0.00192802   0.0028445    0.455381
IMAGINARY
          0  0.00125673  0.00562233  -0.0205198
-0.00125673           0  0.00889193 -0.00227561
-0.00562233 -0.00889193           0   0.0114608
  0.0205198  0.00227561  -0.0114608           0
Repeater1[0]<--->EndNode1[0]
REAL
  0.500645 0.00373179 -0.0105731   0.354515
0.00373179   0.043871 -0.0124099 -0.0195937
-0.0105731 -0.0124099       0.04 -0.0172106
  0.354515 -0.0195937 -0.0172106   0.415484
IMAGINARY
           0   0.00284865   -0.0019178    0.0238595
 -0.00284865            0    0.0232143  -0.00712613
   0.0019178   -0.0232143            0 -0.000264673
  -0.0238595   0.00712613  0.000264673            0
Repeater1[0]<--->HoM1[0]
REAL
   0.454068  0.00192802  -0.0028445    0.374187
 0.00192802   0.0393701  -0.0133627   0.0028445
 -0.0028445  -0.0133627   0.0511811 -0.00192802
   0.374187   0.0028445 -0.00192802    0.455381
IMAGINARY
          0  0.00562233  0.00125673  -0.0205198
-0.00562233           0 -0.00889193   0.0114608
-0.00125673  0.00889193           0 -0.00227561
  0.0205198  -0.0114608  0.00227561           0
EndNode1[0]<--->Repeater1[0]
REAL
   0.463694 -0.00591491 -0.00932565    0.360498
-0.00591491    0.044586 -0.00143754    0.030131
-0.00932565 -0.00143754   0.0535032 -0.00146764
   0.360498    0.030131 -0.00146764    0.438217
IMAGINARY
          0  -0.0220464   0.0151489   0.0241094
  0.0220464           0 -0.00156298  0.00872212
 -0.0151489  0.00156298           0  -0.0392439
 -0.0241094 -0.00872212   0.0392439           0
EndNode2[0]<--->HoM1[0]
REAL
     0.47416   0.00727591   0.00217043     0.349142
  0.00727591    0.0581395    -0.020211   -0.0128623
  0.00217043    -0.020211    0.0374677 -0.000357674
    0.349142   -0.0128623 -0.000357674     0.430233
IMAGINARY
          0  -0.0279178  0.00536735     0.02928
  0.0279178           0   0.0185342  0.00989516
-0.00536735  -0.0185342           0  0.00410831
   -0.02928 -0.00989516 -0.00410831           0
Repeater1[0]<--->EndNode1[0]
REAL
   0.463694 -0.00932565 -0.00591491    0.360498
-0.00932565   0.0535032 -0.00143754 -0.00146764
-0.00591491 -0.00143754    0.044586    0.030131
   0.360498 -0.00146764    0.030131    0.438217
IMAGINARY
          0   0.0151489  -0.0220464   0.0241094
 -0.0151489           0  0.00156298  -0.0392439
  0.0220464 -0.00156298           0  0.00872212
 -0.0241094   0.0392439 -0.00872212           0
Repeater1[0]<--->HoM1[0]
REAL
     0.47416   0.00217043   0.00727591     0.349142
  0.00217043    0.0374677    -0.020211 -0.000357674
  0.00727591    -0.020211    0.0581395   -0.0128623
    0.349142 -0.000357674   -0.0128623     0.430233
IMAGINARY
          0  0.00536735  -0.0279178     0.02928
-0.00536735           0  -0.0185342  0.00410831
  0.0279178   0.0185342           0  0.00989516
   -0.02928 -0.00410831 -0.00989516           0
EndNode1[0]<--->Repeater1[0]
REAL
    0.48153  0.00913441 -0.00372827    0.329369
 0.00913441   0.0514512   -0.015644  0.00617926
-0.00372827   -0.015644   0.0435356  0.00557147
   0.329369  0.00617926  0.00557147    0.423483
IMAGINARY
         0 -0.0106743  0.0215319  0.0178398
 0.0106743          0  0.0185238  0.0108131
-0.0215319 -0.0185238          0 -0.0176276
-0.0178398 -0.0108131  0.0176276          0
EndNode2[0]<--->HoM1[0]
REAL
   0.458278 -0.00509358  0.00933513    0.354119
-0.00509358   0.0476821   0.0017014   0.0118289
 0.00933513   0.0017014   0.0357616  0.00112533
   0.354119   0.0118289  0.00112533    0.458278
IMAGINARY
          0  -0.0147971 -0.00713389 -0.00417164
  0.0147971           0  -0.0224106 -0.00177196
 0.00713389   0.0224106           0  -0.0017423
 0.00417164  0.00177196   0.0017423           0
Repeater1[0]<--->EndNode1[0]
REAL
    0.48153 -0.00372827  0.00913441    0.329369
-0.00372827   0.0435356   -0.015644  0.00557147
 0.00913441   -0.015644   0.0514512  0.00617926
   0.329369  0.00557147  0.00617926    0.423483
IMAGINARY
         0  0.0215319 -0.0106743  0.0178398
-0.0215319          0 -0.0185238 -0.0176276
 0.0106743  0.0185238          0  0.0108131
-0.0178398  0.0176276 -0.0108131          0
Repeater1[0]<--->HoM1[0]
REAL
   0.458278  0.00933513 -0.00509358    0.354119
 0.00933513   0.0357616   0.0017014  0.00112533
-0.00509358   0.0017014   0.0476821   0.0118289
   0.354119  0.00112533   0.0118289    0.458278
IMAGINARY
          0 -0.00713389  -0.0147971 -0.00417164
 0.00713389           0   0.0224106  -0.0017423
  0.0147971  -0.0224106           0 -0.00177196
 0.00417164   0.0017423  0.00177196           0
EndNode1[0]<--->Repeater1[0]
REAL
    0.47526  0.00459915  -0.0169428    0.331501
 0.00459915   0.0507812  -0.0113378 -0.00894278
 -0.0169428  -0.0113378   0.0533854   0.0212864
   0.331501 -0.00894278   0.0212864    0.420573
IMAGINARY
          0 -0.00838816  -0.0255296    0.015697
 0.00838816           0  0.00713954 -0.00172008
  0.0255296 -0.00713954           0   0.0254984
  -0.015697  0.00172008  -0.0254984           0
EndNode2[0]<--->HoM1[0]
REAL
    0.464286   0.00491006  -0.00129163      0.34834
  0.00491006    0.0489418 -0.000542993  0.000624076
 -0.00129163 -0.000542993    0.0410053  -0.00824784
     0.34834  0.000624076  -0.00824784     0.445767
IMAGINARY
