EndNode1[0]<--->Repeater1[0]
REAL
   0.484496  -0.0042641  0.00135501    0.348903
 -0.0042641   0.0516796 -0.00202001  -0.0162602
 0.00135501 -0.00202001   0.0594315  -0.0119961
   0.348903  -0.0162602  -0.0119961    0.404393
IMAGINARY
           0  -0.00971335    0.0219948  -0.00416392
  0.00971335            0  0.000938117    0.0109867
  -0.0219948 -0.000938117            0   -0.0298645
  0.00416392   -0.0109867    0.0298645            0
EndNode2[0]<--->HoM1[0]
REAL
  0.466926 0.00144849 0.00317429   0.374693
0.00144849  0.0531777 0.00743632 0.00252913
0.00317429 0.00743632  0.0492866  -0.022361
  0.374693 0.00252913  -0.022361    0.43061
IMAGINARY
          0 -0.00884161   0.0150941  -0.0109845
 0.00884161           0 -0.00787117 -0.00687663
 -0.0150941  0.00787117           0 -0.00569695
  0.0109845  0.00687663  0.00569695           0
Repeater1[0]<--->EndNode1[0]
REAL
   0.484496  0.00135501  -0.0042641    0.348903
 0.00135501   0.0594315 -0.00202001  -0.0119961
 -0.0042641 -0.00202001   0.0516796  -0.0162602
   0.348903  -0.0119961  -0.0162602    0.404393
IMAGINARY
           0    0.0219948  -0.00971335  -0.00416392
  -0.0219948            0 -0.000938117   -0.0298645
  0.00971335  0.000938117            0    0.0109867
  0.00416392    0.0298645   -0.0109867            0
Repeater1[0]<--->HoM1[0]
REAL
  0.466926 0.00317429 0.00144849   0.374693
0.00317429  0.0492866 0.00743632  -0.022361
0.00144849 0.00743632  0.0531777 0.00252913
  0.374693  -0.022361 0.00252913    0.43061
IMAGINARY
          0   0.0150941 -0.00884161  -0.0109845
 -0.0150941           0  0.00787117 -0.00569695
 0.00884161 -0.00787117           0 -0.00687663
  0.0109845  0.00569695  0.00687663           0
EndNode1[0]<--->Repeater1[0]
REAL
  0.488064 0.00625092   0.010915   0.347788
0.00625092  0.0570292 -0.0184544  0.0024183
  0.010915 -0.0184544  0.0517241 -0.0115843
  0.347788  0.0024183 -0.0115843   0.403183
IMAGINARY
          0  0.00946864  -0.0146792   0.0161834
-0.00946864           0  0.00319642 -0.00888769
  0.0146792 -0.00319642           0   0.0230154
 -0.0161834  0.00888769  -0.0230154           0
EndNode2[0]<--->HoM1[0]
REAL
   0.463636  0.00714371 -0.00110964     0.37599
 0.00714371    0.038961 -0.00448841   0.0201936
-0.00110964 -0.00448841   0.0454545 -0.00459918
    0.37599   0.0201936 -0.00459918    0.451948
IMAGINARY
           0   -0.0118379    0.0100434    0.0207327
   0.0118379            0    0.0167004 -8.32115e-05
  -0.0100434   -0.0167004            0   0.00187778
  -0.0207327  8.32115e-05  -0.00187778            0
Repeater1[0]<--->EndNode1[0]
REAL
  0.488064   0.010915 0.00625092   0.347788
  0.010915  0.0517241 -0.0184544 -0.0115843
0.00625092 -0.0184544  0.0570292  0.0024183
  0.347788 -0.0115843  0.0024183   0.403183
IMAGINARY
          0  -0.0146792  0.00946864   0.0161834
  0.0146792           0 -0.00319642   0.0230154
-0.00946864  0.00319642           0 -0.00888769
 -0.0161834  -0.0230154  0.00888769           0
Repeater1[0]<--->HoM1[0]
REAL
   0.463636 -0.00110964  0.00714371     0.37599
-0.00110964   0.0454545 -0.00448841 -0.00459918
 0.00714371 -0.00448841    0.038961   0.0201936
    0.37599 -0.00459918   0.0201936    0.451948
IMAGINARY
           0    0.0100434   -0.0118379    0.0207327
  -0.0100434            0   -0.0167004   0.00187778
   0.0118379    0.0167004            0 -8.32115e-05
  -0.0207327  -0.00187778  8.32115e-05            0
EndNode1[0]<--->Repeater1[0]
REAL
    0.473132   -0.0165233 -0.000349668     0.360399
  -0.0165233    0.0707733  -0.00289239   0.00416646
-0.000349668  -0.00289239    0.0563565   -0.0101942
    0.360399   0.00416646   -0.0101942     0.399738
IMAGINARY
          0   0.0133754 -0.00444966  0.00297102
 -0.0133754           0 -0.00680734   0.0107788
 0.00444966  0.00680734           0 -0.00704625
-0.00297102  -0.0107788  0.00704625           0
EndNode2[0]<--->HoM1[0]
REAL
   0.462435   0.0112236   -0.013786    0.376596
  0.0112236   0.0427461 -0.00751864 -0.00865784
  -0.013786 -0.00751864   0.0544041 -0.00498915
   0.376596 -0.00865784 -0.00498915    0.440415
IMAGINARY
          0  0.00716146  -0.0142892 -0.00616668
-0.00716146           0  0.00215598  -0.0130546
  0.0142892 -0.00215598           0    0.031901
 0.00616668   0.0130546   -0.031901           0
Repeater1[0]<--->EndNode1[0]
REAL
    0.473132 -0.000349668   -0.0165233     0.360399
-0.000349668    0.0563565  -0.00289239   -0.0101942
  -0.0165233  -0.00289239    0.0707733   0.00416646
    0.360399   -0.0101942   0.00416646     0.399738
IMAGINARY
          0 -0.00444966   0.0133754  0.00297102
 0.00444966           0  0.00680734 -0.00704625
 -0.0133754 -0.00680734           0   0.0107788
-0.00297102  0.00704625  -0.0107788           0
Repeater1[0]<--->HoM1[0]
REAL
   0.462435   -0.013786   0.0112236    0.376596
  -0.013786   0.0544041 -0.00751864 -0.00498915
  0.0112236 -0.00751864   0.0427461 -0.00865784
   0.376596 -0.00498915 -0.00865784    0.440415
IMAGINARY
          0  -0.0142892  0.00716146 -0.00616668
  0.0142892           0 -0.00215598    0.031901
-0.00716146  0.00215598           0  -0.0130546
 0.00616668   -0.031901   0.0130546           0
EndNode1[0]<--->Repeater1[0]
REAL
   0.458015  -0.0108158  -0.0046724    0.357183
 -0.0108158   0.0419847 -0.00427807  0.00652654
 -0.0046724 -0.00427807   0.0496183  -0.0108158
   0.357183  0.00652654  -0.0108158    0.450382
IMAGINARY
          0 -0.00263924   0.0145508  -0.0174432
 0.00263924           0   0.0079375 -0.00321574
 -0.0145508  -0.0079375           0 -0.00869577
  0.0174432  0.00321574  0.00869577           0
EndNode2[0]<--->HoM1[0]
REAL
   0.464151  0.00985508 0.000742463    0.376025
 0.00985508   0.0465409  0.00338989  -0.0171858
0.000742463  0.00338989   0.0377358  -0.0129001
   0.376025  -0.0171858  -0.0129001    0.451572
IMAGINARY
          0 -0.00381652  0.00828958  -0.0240275
 0.00381652           0  0.00228833  -0.0152253
-0.00828958 -0.00228833           0 -0.00311917
  0.0240275   0.0152253  0.00311917           0
Repeater1[0]<--->EndNode1[0]
REAL
   0.458015  -0.0046724  -0.0108158    0.357183
 -0.0046724   0.0496183 -0.00427807  -0.0108158
 -0.0108158 -0.00427807   0.0419847  0.00652654
   0.357183  -0.0108158  0.00652654    0.450382
IMAGINARY
          0   0.0145508 -0.00263924  -0.0174432
 -0.0145508           0  -0.0079375 -0.00869577
 0.00263924   0.0079375           0 -0.00321574
  0.0174432  0.00869577  0.00321574           0
Repeater1[0]<--->HoM1[0]
REAL
   0.464151 0.000742463  0.00985508    0.376025
0.000742463   0.0377358  0.00338989  -0.0129001
 0.00985508  0.00338989   0.0465409  -0.0171858
   0.376025  -0.0129001  -0.0171858    0.451572
IMAGINARY
          0  0.00828958 -0.00381652  -0.0240275
-0.00828958           0 -0.00228833 -0.00311917
 0.00381652  0.00228833           0  -0.0152253
  0.0240275  0.00311917   0.0152253           0
EndNode1[0]<--->Repeater1[0]
REAL
   0.463145  0.00208338 -0.00246805    0.349973
 0.00208338   0.0589681 -0.00144786   0.0105109
-0.00246805 -0.00144786   0.0614251  -0.0114668
   0.349973   0.0105109  -0.0114668    0.416462
IMAGINARY
           0   0.00483045    0.0089448   -0.0152894
 -0.00483045            0    0.0223862   -0.0102368
  -0.0089448   -0.0223862            0  0.000337509
   0.0152894    0.0102368 -0.000337509            0
EndNode2[0]<--->HoM1[0]
REAL
  0.484549  0.0211883  0.0149301   0.358529
 0.0211883  0.0407911 0.00932313  0.0149301
 0.0149301 0.00932313  0.0346106  0.0112132
  0.358529  0.0149301  0.0112132   0.440049
IMAGINARY
           0   -0.0154261 -0.000988142   0.00468655
   0.0154261            0    0.0184842  0.000988142
 0.000988142   -0.0184842            0   0.00484413
 -0.00468655 -0.000988142  -0.00484413            0
Repeater1[0]<--->EndNode1[0]
REAL
   0.463145 -0.00246805  0.00208338    0.349973
-0.00246805   0.0614251 -0.00144786  -0.0114668
 0.00208338 -0.00144786   0.0589681   0.0105109
   0.349973  -0.0114668   0.0105109    0.416462
IMAGINARY
           0    0.0089448   0.00483045   -0.0152894
  -0.0089448            0   -0.0223862  0.000337509
 -0.00483045    0.0223862            0   -0.0102368
   0.0152894 -0.000337509    0.0102368            0
Repeater1[0]<--->HoM1[0]
REAL
  0.484549  0.0149301  0.0211883   0.358529
 0.0149301  0.0346106 0.00932313  0.0112132
 0.0211883 0.00932313  0.0407911  0.0149301
  0.358529  0.0112132  0.0149301   0.440049
IMAGINARY
           0 -0.000988142   -0.0154261   0.00468655
 0.000988142            0   -0.0184842   0.00484413
   0.0154261    0.0184842            0  0.000988142
 -0.00468655  -0.00484413 -0.000988142            0
EndNode1[0]<--->Repeater1[0]
REAL
   0.467363 -0.00456846   -0.011117    0.350575
-0.00456846   0.0417755  0.00151882  -0.0124432
  -0.011117  0.00151882   0.0535248  -0.0124472
   0.350575  -0.0124432  -0.0124472    0.437337
IMAGINARY
          0  0.00814863 -0.00104416 -0.00606509
-0.00814863           0 -0.00547337 -0.00434667
 0.00104416  0.00547337           0 -0.00814863
 0.00606509  0.00434667  0.00814863           0
EndNode2[0]<--->HoM1[0]
REAL
   0.474692  0.00605518   0.0348629    0.370739
 0.00605518   0.0506156   0.0163577 -0.00260482
  0.0348629   0.0163577   0.0533516   0.0199994
   0.370739 -0.00260482   0.0199994    0.421341
IMAGINARY
           0 -0.000216952    0.0102382   -0.0123118
 0.000216952            0   -0.0110649   0.00522569
  -0.0102382    0.0110649            0   -0.0242676
   0.0123118  -0.00522569    0.0242676            0
Repeater1[0]<--->EndNode1[0]
REAL
   0.467363   -0.011117 -0.00456846    0.350575
  -0.011117   0.0535248  0.00151882  -0.0124472
-0.00456846  0.00151882   0.0417755  -0.0124432
   0.350575  -0.0124472  -0.0124432    0.437337
IMAGINARY
          0 -0.00104416  0.00814863 -0.00606509
 0.00104416           0  0.00547337 -0.00814863
-0.00814863 -0.00547337           0 -0.00434667
 0.00606509  0.00814863  0.00434667           0
Repeater1[0]<--->HoM1[0]
REAL
   0.474692   0.0348629  0.00605518    0.370739
  0.0348629   0.0533516   0.0163577   0.0199994
 0.00605518   0.0163577   0.0506156 -0.00260482
   0.370739   0.0199994 -0.00260482    0.421341
IMAGINARY
           0    0.0102382 -0.000216952   -0.0123118
  -0.0102382            0    0.0110649   -0.0242676
 0.000216952   -0.0110649            0   0.00522569
   0.0123118    0.0242676  -0.00522569            0
EndNode1[0]<--->Repeater1[0]
REAL
   0.417092   0.0138433   0.0243239    0.339883
  0.0138433    0.059949  0.00214759 -0.00669345
  0.0243239  0.00214759      0.0625  -0.0187798
   0.339883 -0.00669345  -0.0187798    0.460459
IMAGINARY
           0 -0.000533101  -0.00114096   -0.0130477
 0.000533101            0    0.0155047    0.0143485
  0.00114096   -0.0155047            0   -0.0114166
   0.0130477   -0.0143485    0.0114166            0
EndNode2[0]<--->HoM1[0]
REAL
   0.469281  0.00526008   -0.012641    0.370524
 0.00526008   0.0575163   0.0137529   0.0283643
  -0.012641   0.0137529    0.048366 -0.00714687
   0.370524   0.0283643 -0.00714687    0.424837
IMAGINARY
           0   0.00550739   0.00380872   -0.0176049
 -0.00550739            0    0.0239501    0.0144205
 -0.00380872   -0.0239501            0 -0.000299059
   0.0176049   -0.0144205  0.000299059            0
Repeater1[0]<--->EndNode1[0]
REAL
   0.417092   0.0243239   0.0138433    0.339883
  0.0243239      0.0625  0.00214759  -0.0187798
  0.0138433  0.00214759    0.059949 -0.00669345
   0.339883  -0.0187798 -0.00669345    0.460459
IMAGINARY
           0  -0.00114096 -0.000533101   -0.0130477
  0.00114096            0   -0.0155047   -0.0114166
 0.000533101    0.0155047            0    0.0143485
   0.0130477    0.0114166   -0.0143485            0
Repeater1[0]<--->HoM1[0]
REAL
   0.469281   -0.012641  0.00526008    0.370524
  -0.012641    0.048366   0.0137529 -0.00714687
 0.00526008   0.0137529   0.0575163   0.0283643
   0.370524 -0.00714687   0.0283643    0.424837
IMAGINARY
           0   0.00380872   0.00550739   -0.0176049
 -0.00380872            0   -0.0239501 -0.000299059
 -0.00550739    0.0239501            0    0.0144205
   0.0176049  0.000299059   -0.0144205            0
EndNode1[0]<--->Repeater1[0]
REAL
  0.459119 0.00823349  0.0110576   0.345399
0.00823349  0.0540881 0.00336243 -0.0077981
 0.0110576 0.00336243  0.0754717 -0.0075816
  0.345399 -0.0077981 -0.0075816   0.411321
IMAGINARY
          0  0.00645956  0.00251841 -0.00577526
-0.00645956           0    0.027176 -0.00121293
-0.00251841   -0.027176           0  0.00398431
 0.00577526  0.00121293 -0.00398431           0
EndNode2[0]<--->HoM1[0]
REAL
   0.455243  -0.0071708 -0.00224292    0.370837
 -0.0071708   0.0409207  0.00399982 -0.00883922
-0.00224292  0.00399982    0.044757    0.011734
   0.370837 -0.00883922    0.011734    0.459079
IMAGINARY
           0  -0.00499421  6.09719e-05   0.00290323
  0.00499421            0   0.00290323   -0.0237486
-6.09719e-05  -0.00290323            0   0.00819524
 -0.00290323    0.0237486  -0.00819524            0
Repeater1[0]<--->EndNode1[0]
REAL
  0.459119  0.0110576 0.00823349   0.345399
 0.0110576  0.0754717 0.00336243 -0.0075816
0.00823349 0.00336243  0.0540881 -0.0077981
  0.345399 -0.0075816 -0.0077981   0.411321
IMAGINARY
          0  0.00251841  0.00645956 -0.00577526
-0.00251841           0   -0.027176  0.00398431
-0.00645956    0.027176           0 -0.00121293
 0.00577526 -0.00398431  0.00121293           0
Repeater1[0]<--->HoM1[0]
REAL
   0.455243 -0.00224292  -0.0071708    0.370837
-0.00224292    0.044757  0.00399982    0.011734
 -0.0071708  0.00399982   0.0409207 -0.00883922
   0.370837    0.011734 -0.00883922    0.459079
IMAGINARY
           0  6.09719e-05  -0.00499421   0.00290323
-6.09719e-05            0  -0.00290323   0.00819524
  0.00499421   0.00290323            0   -0.0237486
 -0.00290323  -0.00819524    0.0237486            0
EndNode1[0]<--->Repeater1[0]
REAL
   0.48708  0.0142637 0.00784296   0.360119
 0.0142637  0.0671835 0.00506422 0.00917275
0.00784296 0.00506422  0.0645995 0.00144315
  0.360119 0.00917275 0.00144315   0.381137
IMAGINARY
           0   0.00412094    0.0130129    0.0229568
 -0.00412094            0   -0.0184523    -0.018494
  -0.0130129    0.0184523            0  0.000142157
  -0.0229568     0.018494 -0.000142157            0
EndNode2[0]<--->HoM1[0]
REAL
   0.497494  -0.0107815  -0.0354314    0.371914
 -0.0107815   0.0300752  -0.0166866 -0.00746409
 -0.0354314  -0.0166866    0.047619   -0.026752
   0.371914 -0.00746409   -0.026752    0.424812
IMAGINARY
          0  0.00390604  0.00202931  0.00633825
-0.00390604           0  0.00892892 -0.00980133
-0.00202931 -0.00892892           0    0.011638
-0.00633825  0.00980133   -0.011638           0
Repeater1[0]<--->EndNode1[0]
REAL
   0.48708 0.00784296  0.0142637   0.360119
0.00784296  0.0645995 0.00506422 0.00144315
 0.0142637 0.00506422  0.0671835 0.00917275
  0.360119 0.00144315 0.00917275   0.381137
IMAGINARY
           0    0.0130129   0.00412094    0.0229568
  -0.0130129            0    0.0184523  0.000142157
 -0.00412094   -0.0184523            0    -0.018494
  -0.0229568 -0.000142157     0.018494            0
Repeater1[0]<--->HoM1[0]
REAL
   0.497494  -0.0354314  -0.0107815    0.371914
 -0.0354314    0.047619  -0.0166866   -0.026752
 -0.0107815  -0.0166866   0.0300752 -0.00746409
   0.371914   -0.026752 -0.00746409    0.424812
IMAGINARY
          0  0.00202931  0.00390604  0.00633825
-0.00202931           0 -0.00892892    0.011638
-0.00390604  0.00892892           0 -0.00980133
-0.00633825   -0.011638  0.00980133           0
EndNode1[0]<--->Repeater1[0]
REAL
   0.471795   0.0178173   0.0107991    0.354227
  0.0178173   0.0384615  0.00514762  -0.0016845
  0.0107991  0.00514762   0.0628205 -0.00870273
   0.354227  -0.0016845 -0.00870273    0.426923
IMAGINARY
          0  0.00722759   -0.005626 -0.00661926
-0.00722759           0   0.0020441 -0.00234946
   0.005626  -0.0020441           0   0.0117908
 0.00661926  0.00234946  -0.0117908           0
EndNode2[0]<--->HoM1[0]
REAL
    0.45664 -0.00452623 -0.00170043    0.359548
-0.00452623   0.0433604   0.0100719  -0.0147553
-0.00170043   0.0100719   0.0460705   -0.008132
   0.359548  -0.0147553   -0.008132     0.45393
IMAGINARY
          0   0.0109058   -0.016129   0.0028212
 -0.0109058           0 -0.00875005    0.016129
   0.016129  0.00875005           0 -0.00436134
 -0.0028212   -0.016129  0.00436134           0
Repeater1[0]<--->EndNode1[0]
REAL
   0.471795   0.0107991   0.0178173    0.354227
  0.0107991   0.0628205  0.00514762 -0.00870273
  0.0178173  0.00514762   0.0384615  -0.0016845
   0.354227 -0.00870273  -0.0016845    0.426923
IMAGINARY
          0   -0.005626  0.00722759 -0.00661926
   0.005626           0  -0.0020441   0.0117908
-0.00722759   0.0020441           0 -0.00234946
 0.00661926  -0.0117908  0.00234946           0
Repeater1[0]<--->HoM1[0]
REAL
    0.45664 -0.00170043 -0.00452623    0.359548
-0.00170043   0.0460705   0.0100719   -0.008132
-0.00452623   0.0100719   0.0433604  -0.0147553
   0.359548   -0.008132  -0.0147553     0.45393
IMAGINARY
          0   -0.016129   0.0109058   0.0028212
   0.016129           0  0.00875005 -0.00436134
 -0.0109058 -0.00875005           0    0.016129
 -0.0028212  0.00436134   -0.016129           0
EndNode1[0]<--->Repeater1[0]
REAL
  0.459424 0.00868697  0.0162605   0.352224
0.00868697  0.0471204 -0.0201441  -0.021273
 0.0162605 -0.0201441  0.0628272 0.00384436
  0.352224  -0.021273 0.00384436   0.430628
IMAGINARY
          0  -0.0234127   0.0186163  -0.0286027
  0.0234127           0   -0.018616  0.00506791
 -0.0186163    0.018616           0  -0.0252715
  0.0286027 -0.00506791   0.0252715           0
EndNode2[0]<--->HoM1[0]
REAL
   0.467463  0.00550028   0.0140699     0.37321
 0.00550028   0.0411687  0.00131947 -0.00967846
  0.0140699  0.00131947   0.0504648 -0.00612763
    0.37321 -0.00967846 -0.00612763    0.440903
IMAGINARY
          0  0.00767433   0.0118924 -0.00792221
-0.00767433           0 -0.00927356 -0.00318597
 -0.0118924  0.00927356           0   -0.015137
 0.00792221  0.00318597    0.015137           0
Repeater1[0]<--->EndNode1[0]
REAL
  0.459424  0.0162605 0.00868697   0.352224
 0.0162605  0.0628272 -0.0201441 0.00384436
0.00868697 -0.0201441  0.0471204  -0.021273
  0.352224 0.00384436  -0.021273   0.430628
IMAGINARY
          0   0.0186163  -0.0234127  -0.0286027
 -0.0186163           0    0.018616  -0.0252715
  0.0234127   -0.018616           0  0.00506791
  0.0286027   0.0252715 -0.00506791           0
Repeater1[0]<--->HoM1[0]
REAL
   0.467463   0.0140699  0.00550028     0.37321
  0.0140699   0.0504648  0.00131947 -0.00612763
 0.00550028  0.00131947   0.0411687 -0.00967846
    0.37321 -0.00612763 -0.00967846    0.440903
IMAGINARY
          0   0.0118924  0.00767433 -0.00792221
 -0.0118924           0  0.00927356   -0.015137
-0.00767433 -0.00927356           0 -0.00318597
 0.00792221    0.015137  0.00318597           0
EndNode1[0]<--->Repeater1[0]
REAL
   0.435125  0.00451223 -0.00567472    0.352324
 0.00451223   0.0432503 -0.00559957  0.00258449
-0.00567472 -0.00559957   0.0655308   -0.015019
   0.352324  0.00258449   -0.015019    0.456094
IMAGINARY
         0 -0.0257452  0.0331345 -0.0155874
 0.0257452          0  0.0101196  0.0242426
-0.0331345 -0.0101196          0 -0.0152384
 0.0155874 -0.0242426  0.0152384          0
EndNode2[0]<--->HoM1[0]
REAL
   0.469816  -0.0182297  -0.0135741    0.363754
 -0.0182297   0.0564304    0.020511 -0.00918268
 -0.0135741    0.020511   0.0459318  -0.0188314
   0.363754 -0.00918268  -0.0188314    0.427822
IMAGINARY
          0   0.0192568  -0.0124237   0.0235773
 -0.0192568           0  0.00486766 -0.00919791
  0.0124237 -0.00486766           0 -0.00574324
 -0.0235773  0.00919791  0.00574324           0
Repeater1[0]<--->EndNode1[0]
REAL
   0.435125 -0.00567472  0.00451223    0.352324
-0.00567472   0.0655308 -0.00559957   -0.015019
 0.00451223 -0.00559957   0.0432503  0.00258449
   0.352324   -0.015019  0.00258449    0.456094
IMAGINARY
         0  0.0331345 -0.0257452 -0.0155874
-0.0331345          0 -0.0101196 -0.0152384
 0.0257452  0.0101196          0  0.0242426
 0.0155874  0.0152384 -0.0242426          0
Repeater1[0]<--->HoM1[0]
REAL
   0.469816  -0.0135741  -0.0182297    0.363754
 -0.0135741   0.0459318    0.020511  -0.0188314
 -0.0182297    0.020511   0.0564304 -0.00918268
   0.363754  -0.0188314 -0.00918268    0.427822
IMAGINARY
          0  -0.0124237   0.0192568   0.0235773
  0.0124237           0 -0.00486766 -0.00574324
 -0.0192568  0.00486766           0 -0.00919791
 -0.0235773  0.00574324  0.00919791           0
EndNode1[0]<--->Repeater1[0]
REAL
   0.460859  -0.0169714  0.00489027    0.341038
 -0.0169714   0.0530303  -0.0161046  -0.0314155
 0.00489027  -0.0161046   0.0505051 -0.00424876
   0.341038  -0.0314155 -0.00424876    0.435606
IMAGINARY
          0  0.00276313  0.00841911   0.0320646
-0.00276313           0 -0.00521042  0.00640569
-0.00841911  0.00521042           0 -0.00680625
 -0.0320646 -0.00640569  0.00680625           0
EndNode2[0]<--->HoM1[0]
REAL
   0.494898  0.00288965  -0.0116989    0.376221
 0.00288965   0.0382653 -0.00299978   0.0162267
 -0.0116989 -0.00299978   0.0382653   0.0145748
   0.376221   0.0162267   0.0145748    0.428571
IMAGINARY
          0 -0.00295595  -0.0153098 -0.00993695
 0.00295595           0  -0.0060205   -0.002872
  0.0153098   0.0060205           0   0.0250339
 0.00993695    0.002872  -0.0250339           0
Repeater1[0]<--->EndNode1[0]
REAL
   0.460859  0.00489027  -0.0169714    0.341038
 0.00489027   0.0505051  -0.0161046 -0.00424876
 -0.0169714  -0.0161046   0.0530303  -0.0314155
   0.341038 -0.00424876  -0.0314155    0.435606
IMAGINARY
          0  0.00841911  0.00276313   0.0320646
-0.00841911           0  0.00521042 -0.00680625
-0.00276313 -0.00521042           0  0.00640569
 -0.0320646  0.00680625 -0.00640569           0
Repeater1[0]<--->HoM1[0]
REAL
   0.494898  -0.0116989  0.00288965    0.376221
 -0.0116989   0.0382653 -0.00299978   0.0145748
 0.00288965 -0.00299978   0.0382653   0.0162267
   0.376221   0.0145748   0.0162267    0.428571
IMAGINARY
          0  -0.0153098 -0.00295595 -0.00993695
  0.0153098           0   0.0060205   0.0250339
 0.00295595  -0.0060205           0   -0.002872
 0.00993695  -0.0250339    0.002872           0
EndNode1[0]<--->Repeater1[0]
REAL
  0.506649 0.00496078  0.0170884   0.365412
0.00496078  0.0452128 0.00368371 0.00787787
 0.0170884 0.00368371  0.0585106  0.0159569
  0.365412 0.00787787  0.0159569   0.389628
IMAGINARY
          0  -0.0151481   0.0256551  0.00213898
  0.0151481           0   -0.013389  0.00520905
 -0.0256551    0.013389           0 -0.00583957
-0.00213898 -0.00520905  0.00583957           0
EndNode2[0]<--->HoM1[0]
REAL
    0.462988   0.00668524   0.00683683     0.375933
  0.00668524    0.0497981 -0.000932836 -0.000116397
  0.00683683 -0.000932836     0.039031   0.00406744
    0.375933 -0.000116397   0.00406744     0.448183
IMAGINARY
           0    0.0182116 -0.000215902    0.0112993
  -0.0182116            0   0.00512646    -0.017197
 0.000215902  -0.00512646            0  0.000445109
  -0.0112993     0.017197 -0.000445109            0
Repeater1[0]<--->EndNode1[0]
REAL
  0.506649  0.0170884 0.00496078   0.365412
 0.0170884  0.0585106 0.00368371  0.0159569
0.00496078 0.00368371  0.0452128 0.00787787
  0.365412  0.0159569 0.00787787   0.389628
IMAGINARY
          0   0.0256551  -0.0151481  0.00213898
 -0.0256551           0    0.013389 -0.00583957
  0.0151481   -0.013389           0  0.00520905
-0.00213898  0.00583957 -0.00520905           0
Repeater1[0]<--->HoM1[0]
REAL
    0.462988   0.00683683   0.00668524     0.375933
  0.00683683     0.039031 -0.000932836   0.00406744
  0.00668524 -0.000932836    0.0497981 -0.000116397
    0.375933   0.00406744 -0.000116397     0.448183
IMAGINARY
           0 -0.000215902    0.0182116    0.0112993
 0.000215902            0  -0.00512646  0.000445109
  -0.0182116   0.00512646            0    -0.017197
  -0.0112993 -0.000445109     0.017197            0
EndNode1[0]<--->Repeater1[0]
REAL
   0.475325 -0.00215109  -0.0122697    0.344944
-0.00215109   0.0363636  -0.0146813 -0.00351974
 -0.0122697  -0.0146813   0.0545455  0.00346688
   0.344944 -0.00351974  0.00346688    0.433766
IMAGINARY
           0   -0.0103859 -0.000753414  -0.00254131
   0.0103859            0    0.0012658    0.0154593
 0.000753414   -0.0012658            0   0.00503829
  0.00254131   -0.0154593  -0.00503829            0
EndNode2[0]<--->HoM1[0]
REAL
   0.487569   0.0113726  0.00146157    0.360045
  0.0113726   0.0400552 -0.00324605  0.00275023
 0.00146157 -0.00324605   0.0455801 -0.00114391
   0.360045  0.00275023 -0.00114391    0.426796
IMAGINARY
          0  0.00382646 -0.00917118  0.00147461
-0.00382646           0  0.00216617  -0.0123478
 0.00917118 -0.00216617           0 -0.00762393
-0.00147461   0.0123478  0.00762393           0
Repeater1[0]<--->EndNode1[0]
REAL
   0.475325  -0.0122697 -0.00215109    0.344944
 -0.0122697   0.0545455  -0.0146813  0.00346688
-0.00215109  -0.0146813   0.0363636 -0.00351974
   0.344944  0.00346688 -0.00351974    0.433766
IMAGINARY
           0 -0.000753414   -0.0103859  -0.00254131
 0.000753414            0   -0.0012658   0.00503829
   0.0103859    0.0012658            0    0.0154593
  0.00254131  -0.00503829   -0.0154593            0
Repeater1[0]<--->HoM1[0]
REAL
   0.487569  0.00146157   0.0113726    0.360045
 0.00146157   0.0455801 -0.00324605 -0.00114391
  0.0113726 -0.00324605   0.0400552  0.00275023
   0.360045 -0.00114391  0.00275023    0.426796
IMAGINARY
          0 -0.00917118  0.00382646  0.00147461
 0.00917118           0 -0.00216617 -0.00762393
-0.00382646  0.00216617           0  -0.0123478
-0.00147461  0.00762393   0.0123478           0
EndNode1[0]<--->Repeater1[0]
REAL
   0.454672  0.00245097 -0.00275766    0.356936
 0.00245097   0.0585774 -0.00271284    0.010932
-0.00275766 -0.00271284   0.0711297 -0.00926296
   0.356936    0.010932 -0.00926296    0.415621
IMAGINARY
          0 -0.00912186   0.0084272 -0.00865539
 0.00912186           0  0.00986312  -0.0222117
 -0.0084272 -0.00986312           0    0.010375
 0.00865539   0.0222117   -0.010375           0
EndNode2[0]<--->HoM1[0]
REAL
   0.463183   0.0220092   0.0169059    0.368597
  0.0220092   0.0475059 -0.00759331   0.0120516
  0.0169059 -0.00759331   0.0380048  -0.0110697
   0.368597   0.0120516  -0.0110697    0.451306
IMAGINARY
          0  0.00682446 -0.00442136 -0.00741573
-0.00682446           0  -0.0253185     0.00102
 0.00442136   0.0253185           0   0.0088218
 0.00741573    -0.00102  -0.0088218           0
Repeater1[0]<--->EndNode1[0]
REAL
   0.454672 -0.00275766  0.00245097    0.356936
-0.00275766   0.0711297 -0.00271284 -0.00926296
 0.00245097 -0.00271284   0.0585774    0.010932
   0.356936 -0.00926296    0.010932    0.415621
IMAGINARY
          0   0.0084272 -0.00912186 -0.00865539
 -0.0084272           0 -0.00986312    0.010375
 0.00912186  0.00986312           0  -0.0222117
 0.00865539   -0.010375   0.0222117           0
Repeater1[0]<--->HoM1[0]
REAL
   0.463183   0.0169059   0.0220092    0.368597
  0.0169059   0.0380048 -0.00759331  -0.0110697
  0.0220092 -0.00759331   0.0475059   0.0120516
   0.368597  -0.0110697   0.0120516    0.451306
IMAGINARY
          0 -0.00442136  0.00682446 -0.00741573
 0.00442136           0   0.0253185   0.0088218
-0.00682446  -0.0253185           0     0.00102
 0.00741573  -0.0088218    -0.00102           0
EndNode1[0]<--->Repeater1[0]
REAL
  0.440506 0.00621118  0.0147588     0.3488
0.00621118  0.0531646 0.00710089 0.00573814
 0.0147588 0.00710089  0.0594937  0.0118012
    0.3488 0.00573814  0.0118012   0.446835
IMAGINARY
          0   0.0204142  -0.0324527 -0.00447011
 -0.0204142           0   0.0209536  0.00864318
  0.0324527  -0.0209536           0  0.00468233
 0.00447011 -0.00864318 -0.00468233           0
EndNode2[0]<--->HoM1[0]
REAL
    0.481156    0.0127877  -0.00657271     0.378483
   0.0127877    0.0565327 -0.000958186  0.000259583
 -0.00657271 -0.000958186    0.0238693   -0.0127877
    0.378483  0.000259583   -0.0127877     0.438442
IMAGINARY
          0  0.00637945   0.0194694   0.0136047
-0.00637945           0  0.00252435 -0.00677902
 -0.0194694 -0.00252435           0  -0.0127246
 -0.0136047  0.00677902   0.0127246           0
Repeater1[0]<--->EndNode1[0]
REAL
  0.440506  0.0147588 0.00621118     0.3488
 0.0147588  0.0594937 0.00710089  0.0118012
0.00621118 0.00710089  0.0531646 0.00573814
    0.3488  0.0118012 0.00573814   0.446835
IMAGINARY
          0  -0.0324527   0.0204142 -0.00447011
  0.0324527           0  -0.0209536  0.00468233
 -0.0204142   0.0209536           0  0.00864318
 0.00447011 -0.00468233 -0.00864318           0
Repeater1[0]<--->HoM1[0]
REAL
    0.481156  -0.00657271    0.0127877     0.378483
 -0.00657271    0.0238693 -0.000958186   -0.0127877
   0.0127877 -0.000958186    0.0565327  0.000259583
    0.378483   -0.0127877  0.000259583     0.438442
IMAGINARY
          0   0.0194694  0.00637945   0.0136047
 -0.0194694           0 -0.00252435  -0.0127246
-0.00637945  0.00252435           0 -0.00677902
 -0.0136047   0.0127246  0.00677902           0
EndNode1[0]<--->Repeater1[0]
REAL
   0.471867   0.0124515 -0.00194341     0.35723
  0.0124515   0.0588235  0.00810308   0.0192767
-0.00194341  0.00810308   0.0664962 -0.00978484
    0.35723   0.0192767 -0.00978484    0.402813
IMAGINARY
          0  -0.0109144   0.0193643  -0.0153111
  0.0109144           0  0.00881759  0.00931403
 -0.0193643 -0.00881759           0  -0.0115294
  0.0153111 -0.00931403   0.0115294           0
EndNode2[0]<--->HoM1[0]
REAL
    0.486146    0.0187554    0.0136879     0.360715
   0.0187554    0.0604534   0.00195124    0.0143121
   0.0136879   0.00195124    0.0277078 -8.87772e-05
    0.360715    0.0143121 -8.87772e-05     0.425693
IMAGINARY
           0    -0.027188    0.0174459  0.000234741
    0.027188            0   -0.0167038  -0.00672712
  -0.0174459    0.0167038            0  -0.00370734
-0.000234741   0.00672712   0.00370734            0
Repeater1[0]<--->EndNode1[0]
REAL
   0.471867 -0.00194341   0.0124515     0.35723
-0.00194341   0.0664962  0.00810308 -0.00978484
  0.0124515  0.00810308   0.0588235   0.0192767
    0.35723 -0.00978484   0.0192767    0.402813
IMAGINARY
          0   0.0193643  -0.0109144  -0.0153111
 -0.0193643           0 -0.00881759  -0.0115294
  0.0109144  0.00881759           0  0.00931403
  0.0153111   0.0115294 -0.00931403           0
Repeater1[0]<--->HoM1[0]
REAL
    0.486146    0.0136879    0.0187554     0.360715
   0.0136879    0.0277078   0.00195124 -8.87772e-05
   0.0187554   0.00195124    0.0604534    0.0143121
    0.360715 -8.87772e-05    0.0143121     0.425693
IMAGINARY
           0    0.0174459    -0.027188  0.000234741
  -0.0174459            0    0.0167038  -0.00370734
    0.027188   -0.0167038            0  -0.00672712
-0.000234741   0.00370734   0.00672712            0
EndNode1[0]<--->Repeater1[0]
REAL
   0.464752  0.00191974 -0.00886201    0.350958
 0.00191974   0.0483029 0.000564571  0.00251684
-0.00886201 0.000564571   0.0652742 -0.00445781
   0.350958  0.00251684 -0.00445781    0.421671
IMAGINARY
          0  0.00308082 -0.00658251  0.00166956
-0.00308082           0   0.0157002 -0.00129151
 0.00658251  -0.0157002           0  0.00741787
-0.00166956  0.00129151 -0.00741787           0
EndNode2[0]<--->HoM1[0]
REAL
   0.475904 -0.00495649  -0.0167237    0.375553
-0.00495649   0.0433735 -0.00729714  0.00856812
 -0.0167237 -0.00729714   0.0433735 -0.00947262
   0.375553  0.00856812 -0.00947262    0.437349
IMAGINARY
           0  0.000979714    0.0095974    0.0108285
-0.000979714            0    0.0121073  -0.00476648
  -0.0095974   -0.0121073            0   -0.0287575
  -0.0108285   0.00476648    0.0287575            0
Repeater1[0]<--->EndNode1[0]
REAL
   0.464752 -0.00886201  0.00191974    0.350958
-0.00886201   0.0652742 0.000564571 -0.00445781
 0.00191974 0.000564571   0.0483029  0.00251684
   0.350958 -0.00445781  0.00251684    0.421671
IMAGINARY
          0 -0.00658251  0.00308082  0.00166956
 0.00658251           0  -0.0157002  0.00741787
-0.00308082   0.0157002           0 -0.00129151
-0.00166956 -0.00741787  0.00129151           0
Repeater1[0]<--->HoM1[0]
REAL
   0.475904  -0.0167237 -0.00495649    0.375553
 -0.0167237   0.0433735 -0.00729714 -0.00947262
-0.00495649 -0.00729714   0.0433735  0.00856812
   0.375553 -0.00947262  0.00856812    0.437349
IMAGINARY
           0    0.0095974  0.000979714    0.0108285
  -0.0095974            0   -0.0121073   -0.0287575
-0.000979714    0.0121073            0  -0.00476648
  -0.0108285    0.0287575   0.00476648            0
EndNode1[0]<--->Repeater1[0]
REAL
   0.475096 -0.00360526  0.00987214    0.339358
-0.00360526   0.0587484  -0.0105175 -0.00178589
 0.00987214  -0.0105175   0.0561941   0.0130392
   0.339358 -0.00178589   0.0130392    0.409962
IMAGINARY
          0  -0.0184284 -0.00974669 -0.00148253
  0.0184284           0  -0.0118865   0.0184316
 0.00974669   0.0118865           0  0.00602146
 0.00148253  -0.0184316 -0.00602146           0
EndNode2[0]<--->HoM1[0]
REAL
   0.480519  -0.0205734 -0.00514789    0.378148
 -0.0205734   0.0428571   0.0124767  -0.0117792
-0.00514789   0.0124767   0.0506494 -0.00937449
   0.378148  -0.0117792 -0.00937449    0.425974
IMAGINARY
          0   0.0178756  -0.0147735  0.00278238
 -0.0178756           0   0.0185209  -0.0062577
  0.0147735  -0.0185209           0   0.0126536
-0.00278238   0.0062577  -0.0126536           0
Repeater1[0]<--->EndNode1[0]
REAL
   0.475096  0.00987214 -0.00360526    0.339358
 0.00987214   0.0561941  -0.0105175   0.0130392
-0.00360526  -0.0105175   0.0587484 -0.00178589
   0.339358   0.0130392 -0.00178589    0.409962
IMAGINARY
          0 -0.00974669  -0.0184284 -0.00148253
 0.00974669           0   0.0118865  0.00602146
  0.0184284  -0.0118865           0   0.0184316
 0.00148253 -0.00602146  -0.0184316           0
Repeater1[0]<--->HoM1[0]
REAL
   0.480519 -0.00514789  -0.0205734    0.378148
-0.00514789   0.0506494   0.0124767 -0.00937449
 -0.0205734   0.0124767   0.0428571  -0.0117792
   0.378148 -0.00937449  -0.0117792    0.425974
IMAGINARY
          0  -0.0147735   0.0178756  0.00278238
  0.0147735           0  -0.0185209   0.0126536
 -0.0178756   0.0185209           0  -0.0062577
-0.00278238  -0.0126536   0.0062577           0
EndNode1[0]<--->Repeater1[0]
REAL
  0.482072 -0.0160621 -0.0225692   0.362002
-0.0160621  0.0464807  0.0182524 -0.0264754
-0.0225692  0.0182524  0.0424967 -0.0202437
  0.362002 -0.0264754 -0.0202437   0.428951
IMAGINARY
          0 -0.00784677  0.00954943   0.0174776
 0.00784677           0   0.0135302  -0.0212682
-0.00954943  -0.0135302           0 -0.00126782
 -0.0174776   0.0212682  0.00126782           0
EndNode2[0]<--->HoM1[0]
REAL
   0.489227 0.000178609 -0.00479338    0.384578
0.000178609   0.0570342  0.00359661  0.00350803
-0.00479338  0.00359661   0.0430925   0.0101042
   0.384578  0.00350803   0.0101042    0.410646
IMAGINARY
           0   0.00376432   0.00213167    0.0019632
 -0.00376432            0    -0.017317   -0.0150151
 -0.00213167     0.017317            0  0.000530163
  -0.0019632    0.0150151 -0.000530163            0
Repeater1[0]<--->EndNode1[0]
REAL
  0.482072 -0.0225692 -0.0160621   0.362002
-0.0225692  0.0424967  0.0182524 -0.0202437
-0.0160621  0.0182524  0.0464807 -0.0264754
  0.362002 -0.0202437 -0.0264754   0.428951
IMAGINARY
          0  0.00954943 -0.00784677   0.0174776
-0.00954943           0  -0.0135302 -0.00126782
 0.00784677   0.0135302           0  -0.0212682
 -0.0174776  0.00126782   0.0212682           0
Repeater1[0]<--->HoM1[0]
REAL
   0.489227 -0.00479338 0.000178609    0.384578
-0.00479338   0.0430925  0.00359661   0.0101042
0.000178609  0.00359661   0.0570342  0.00350803
   0.384578   0.0101042  0.00350803    0.410646
IMAGINARY
           0   0.00213167   0.00376432    0.0019632
 -0.00213167            0     0.017317  0.000530163
 -0.00376432    -0.017317            0   -0.0150151
  -0.0019632 -0.000530163    0.0150151            0
EndNode1[0]<--->Repeater1[0]
REAL
    0.46979  0.00403503 -0.00710071    0.342841
 0.00403503   0.0456227  0.00490112   0.0038749
-0.00710071  0.00490112   0.0678175   -0.027906
   0.342841   0.0038749   -0.027906    0.416769
IMAGINARY
          0    0.026366  -0.0152431   0.0125031
  -0.026366           0   0.0214775  0.00519286
  0.0152431  -0.0214775           0 -0.00500919
 -0.0125031 -0.00519286  0.00500919           0
EndNode2[0]<--->HoM1[0]
REAL
    0.48535  0.00293528   0.0198765    0.390276
 0.00293528   0.0573248 -0.00182952  0.00336391
  0.0198765 -0.00182952   0.0458599  0.00171279
   0.390276  0.00336391  0.00171279    0.411465
IMAGINARY
           0   0.00228697    -0.019568  -0.00397699
 -0.00228697            0   -0.0240842 -0.000168797
    0.019568    0.0240842            0   -0.0114975
  0.00397699  0.000168797    0.0114975            0
Repeater1[0]<--->EndNode1[0]
REAL
    0.46979 -0.00710071  0.00403503    0.342841
-0.00710071   0.0678175  0.00490112   -0.027906
 0.00403503  0.00490112   0.0456227   0.0038749
   0.342841   -0.027906   0.0038749    0.416769
IMAGINARY
          0  -0.0152431    0.026366   0.0125031
  0.0152431           0  -0.0214775 -0.00500919
  -0.026366   0.0214775           0  0.00519286
 -0.0125031  0.00500919 -0.00519286           0
Repeater1[0]<--->HoM1[0]
REAL
    0.48535   0.0198765  0.00293528    0.390276
  0.0198765   0.0458599 -0.00182952  0.00171279
 0.00293528 -0.00182952   0.0573248  0.00336391
   0.390276  0.00171279  0.00336391    0.411465
IMAGINARY
           0    -0.019568   0.00228697  -0.00397699
    0.019568            0    0.0240842   -0.0114975
 -0.00228697   -0.0240842            0 -0.000168797
  0.00397699    0.0114975  0.000168797            0
EndNode1[0]<--->Repeater1[0]
REAL
   0.467681  -0.0124516 -0.00154296    0.352529
 -0.0124516   0.0544994  0.00442791   0.0099955
-0.00154296  0.00442791   0.0608365 9.79158e-05
   0.352529   0.0099955 9.79158e-05    0.416984
IMAGINARY
          0  -0.0111508 -0.00299028   0.0154236
  0.0111508           0  0.00979161   0.0042561
 0.00299028 -0.00979161           0  0.00229005
 -0.0154236  -0.0042561 -0.00229005           0
EndNode2[0]<--->HoM1[0]
REAL
   0.502513 -0.00117592  -0.0161618    0.371798
-0.00117592   0.0376884  0.00504304   0.0114764
 -0.0161618  0.00504304   0.0389447  0.00987739
   0.371798   0.0114764  0.00987739    0.420854
IMAGINARY
          0  -0.0191153   0.0177818 -0.00488921
  0.0191153           0  0.00294369    0.011242
 -0.0177818 -0.00294369           0  -0.0296973
 0.00488921   -0.011242   0.0296973           0
Repeater1[0]<--->EndNode1[0]
REAL
   0.467681 -0.00154296  -0.0124516    0.352529
-0.00154296   0.0608365  0.00442791 9.79158e-05
 -0.0124516  0.00442791   0.0544994   0.0099955
   0.352529 9.79158e-05   0.0099955    0.416984
IMAGINARY
          0 -0.00299028  -0.0111508   0.0154236
 0.00299028           0 -0.00979161  0.00229005
  0.0111508  0.00979161           0   0.0042561
 -0.0154236 -0.00229005  -0.0042561           0
Repeater1[0]<--->HoM1[0]
REAL
   0.502513  -0.0161618 -0.00117592    0.371798
 -0.0161618   0.0389447  0.00504304  0.00987739
-0.00117592  0.00504304   0.0376884   0.0114764
   0.371798  0.00987739   0.0114764    0.420854
IMAGINARY
          0   0.0177818  -0.0191153 -0.00488921
 -0.0177818           0 -0.00294369  -0.0296973
  0.0191153  0.00294369           0    0.011242
 0.00488921   0.0296973   -0.011242           0
EndNode1[0]<--->Repeater1[0]
REAL
  0.470085 -0.0035973 0.00500298   0.357636
-0.0035973   0.046398  0.0134628 -0.0206068
0.00500298  0.0134628  0.0561661  0.0246285
  0.357636 -0.0206068  0.0246285    0.42735
IMAGINARY
          0   0.0177287 -0.00089655  -0.0287384
 -0.0177287           0   0.0103141   0.0103816
 0.00089655  -0.0103141           0 -0.00417854
  0.0287384  -0.0103816  0.00417854           0
EndNode2[0]<--->HoM1[0]
REAL
   0.476923 -0.00234219 -0.00677476    0.361223
-0.00234219   0.0461538  -0.0115502   0.0021996
