EndNode1[0]<--->Repeater1[0]
REAL
   0.424479  0.00988523 -0.00753592    0.338164
 0.00988523    0.109375   0.0442706   0.0179094
-0.00753592   0.0442706    0.109375  0.00740384
   0.338164   0.0179094  0.00740384    0.356771
IMAGINARY
           0   -0.0104665   -0.0203744 -0.000631268
   0.0104665            0  -0.00130422   0.00637948
   0.0203744   0.00130422            0    0.0219169
 0.000631268  -0.00637948   -0.0219169            0
EndNode2[0]<--->HoM1[0]
REAL
    0.40192 -0.00210519  -0.0164483    0.375794
-0.00210519    0.116598   0.0486664  0.00805501
 -0.0164483   0.0486664   0.0877915  -0.0122833
   0.375794  0.00805501  -0.0122833     0.39369
IMAGINARY
           0  -0.00903368   0.00335647    0.0324705
  0.00903368            0 -0.000192803  -0.00867562
 -0.00335647  0.000192803            0   -0.0122429
  -0.0324705   0.00867562    0.0122429            0
Repeater1[0]<--->EndNode1[0]
REAL
   0.424479 -0.00753592  0.00988523    0.338164
-0.00753592    0.109375   0.0442706  0.00740384
 0.00988523   0.0442706    0.109375   0.0179094
   0.338164  0.00740384   0.0179094    0.356771
IMAGINARY
           0   -0.0203744   -0.0104665 -0.000631268
   0.0203744            0   0.00130422    0.0219169
   0.0104665  -0.00130422            0   0.00637948
 0.000631268   -0.0219169  -0.00637948            0
Repeater1[0]<--->HoM1[0]
REAL
    0.40192  -0.0164483 -0.00210519    0.375794
 -0.0164483   0.0877915   0.0486664  -0.0122833
-0.00210519   0.0486664    0.116598  0.00805501
   0.375794  -0.0122833  0.00805501     0.39369
IMAGINARY
           0   0.00335647  -0.00903368    0.0324705
 -0.00335647            0  0.000192803   -0.0122429
  0.00903368 -0.000192803            0  -0.00867562
  -0.0324705    0.0122429   0.00867562            0
EndNode1[0]<--->Repeater1[0]
REAL
   0.397972  0.00113221  0.00142621    0.348487
 0.00113221    0.112801   0.0661174     0.01095
 0.00142621   0.0661174    0.117871 -0.00732033
   0.348487     0.01095 -0.00732033    0.371356
IMAGINARY
           0  0.000586404  -0.00377558   -0.0169935
-0.000586404            0   0.00588235   0.00515299
  0.00377558  -0.00588235            0  -0.00471864
   0.0169935  -0.00515299   0.00471864            0
EndNode2[0]<--->HoM1[0]
REAL
   0.412987  -0.0198268  0.00330688      0.3611
 -0.0198268    0.102597   0.0498945 -0.00330688
 0.00330688   0.0498945   0.0948052   0.0145912
     0.3611 -0.00330688   0.0145912     0.38961
IMAGINARY
          0 -0.00869951   0.0147714  -0.0259941
 0.00869951           0  0.00262957  -0.0263427
 -0.0147714 -0.00262957           0   -0.012616
  0.0259941   0.0263427    0.012616           0
Repeater1[0]<--->EndNode1[0]
REAL
   0.397972  0.00142621  0.00113221    0.348487
 0.00142621    0.117871   0.0661174 -0.00732033
 0.00113221   0.0661174    0.112801     0.01095
   0.348487 -0.00732033     0.01095    0.371356
IMAGINARY
           0  -0.00377558  0.000586404   -0.0169935
  0.00377558            0  -0.00588235  -0.00471864
-0.000586404   0.00588235            0   0.00515299
   0.0169935   0.00471864  -0.00515299            0
Repeater1[0]<--->HoM1[0]
REAL
   0.412987  0.00330688  -0.0198268      0.3611
 0.00330688   0.0948052   0.0498945   0.0145912
 -0.0198268   0.0498945    0.102597 -0.00330688
     0.3611   0.0145912 -0.00330688     0.38961
IMAGINARY
          0   0.0147714 -0.00869951  -0.0259941
 -0.0147714           0 -0.00262957   -0.012616
 0.00869951  0.00262957           0  -0.0263427
  0.0259941    0.012616   0.0263427           0
EndNode1[0]<--->Repeater1[0]
REAL
   0.440252  0.00539213   0.0044334    0.344629
 0.00539213   0.0805031   0.0505115   -0.012106
  0.0044334   0.0505115    0.109434 -0.00794967
   0.344629   -0.012106 -0.00794967    0.369811
IMAGINARY
          0    0.011073 -0.00706788  0.00523232
  -0.011073           0  -0.0110993  -0.0249014
 0.00706788   0.0110993           0  0.00171472
-0.00523232   0.0249014 -0.00171472           0
EndNode2[0]<--->HoM1[0]
REAL
   0.399491  0.00200463  0.00344068    0.358629
 0.00200463   0.0992366   0.0507956 0.000843282
 0.00344068   0.0507956    0.109415   0.0169672
   0.358629 0.000843282   0.0169672    0.391858
IMAGINARY
           0   0.00979623   -0.0245145   -0.0180029
 -0.00979623            0   0.00742086  0.000646741
   0.0245145  -0.00742086            0  -0.00428828
   0.0180029 -0.000646741   0.00428828            0
Repeater1[0]<--->EndNode1[0]
REAL
   0.440252   0.0044334  0.00539213    0.344629
  0.0044334    0.109434   0.0505115 -0.00794967
 0.00539213   0.0505115   0.0805031   -0.012106
   0.344629 -0.00794967   -0.012106    0.369811
IMAGINARY
          0 -0.00706788    0.011073  0.00523232
 0.00706788           0   0.0110993  0.00171472
  -0.011073  -0.0110993           0  -0.0249014
-0.00523232 -0.00171472   0.0249014           0
Repeater1[0]<--->HoM1[0]
REAL
   0.399491  0.00344068  0.00200463    0.358629
 0.00344068    0.109415   0.0507956   0.0169672
 0.00200463   0.0507956   0.0992366 0.000843282
   0.358629   0.0169672 0.000843282    0.391858
IMAGINARY
           0   -0.0245145   0.00979623   -0.0180029
   0.0245145            0  -0.00742086  -0.00428828
 -0.00979623   0.00742086            0  0.000646741
   0.0180029   0.00428828 -0.000646741            0
EndNode1[0]<--->Repeater1[0]
REAL
   0.411082 -0.00226978  -0.0119596    0.336201
-0.00226978   0.0992268   0.0730077 -0.00295605
 -0.0119596   0.0730077   0.0902062 -0.00226978
   0.336201 -0.00295605 -0.00226978    0.399485
IMAGINARY
          0  -0.0153573    0.020191 -0.00246555
  0.0153573           0  -0.0192181  0.00619605
  -0.020191   0.0192181           0 -0.00697019
 0.00246555 -0.00619605  0.00697019           0
EndNode2[0]<--->HoM1[0]
REAL
   0.396129  0.00603713 -0.00485061    0.370608
 0.00603713    0.112258   0.0532502   -0.017992
-0.00485061   0.0532502   0.0980645  -0.0111133
   0.370608   -0.017992  -0.0111133    0.393548
IMAGINARY
          0 -0.00488324   0.0123423   0.0270473
 0.00488324           0 -0.00525243   -0.038249
 -0.0123423  0.00525243           0 -0.00677479
 -0.0270473    0.038249  0.00677479           0
Repeater1[0]<--->EndNode1[0]
REAL
   0.411082  -0.0119596 -0.00226978    0.336201
 -0.0119596   0.0902062   0.0730077 -0.00226978
-0.00226978   0.0730077   0.0992268 -0.00295605
   0.336201 -0.00226978 -0.00295605    0.399485
IMAGINARY
          0    0.020191  -0.0153573 -0.00246555
  -0.020191           0   0.0192181 -0.00697019
  0.0153573  -0.0192181           0  0.00619605
 0.00246555  0.00697019 -0.00619605           0
Repeater1[0]<--->HoM1[0]
REAL
   0.396129 -0.00485061  0.00603713    0.370608
-0.00485061   0.0980645   0.0532502  -0.0111133
 0.00603713   0.0532502    0.112258   -0.017992
   0.370608  -0.0111133   -0.017992    0.393548
IMAGINARY
          0   0.0123423 -0.00488324   0.0270473
 -0.0123423           0  0.00525243 -0.00677479
 0.00488324 -0.00525243           0   -0.038249
 -0.0270473  0.00677479    0.038249           0
EndNode1[0]<--->Repeater1[0]
REAL
   0.445557 -0.00831117    0.031775    0.343883
-0.00831117   0.0901126   0.0557255  -0.0167815
   0.031775   0.0557255    0.117647   0.0063555
   0.343883  -0.0167815   0.0063555    0.346683
IMAGINARY
          0   0.0135255 -0.00166633  -0.0030473
 -0.0135255           0  0.00803483 -0.00359683
 0.00166633 -0.00803483           0  -0.0122098
  0.0030473  0.00359683   0.0122098           0
EndNode2[0]<--->HoM1[0]
REAL
    0.425187 -0.000186001   0.00717302     0.348974
-0.000186001     0.112219    0.0611382   0.00843247
  0.00717302    0.0611382     0.102244    0.0182884
    0.348974   0.00843247    0.0182884     0.360349
IMAGINARY
          0 -0.00561013  -0.0135378  0.00546332
 0.00561013           0  0.00482475   0.0227316
  0.0135378 -0.00482475           0   0.0105606
-0.00546332  -0.0227316  -0.0105606           0
Repeater1[0]<--->EndNode1[0]
REAL
   0.445557    0.031775 -0.00831117    0.343883
   0.031775    0.117647   0.0557255   0.0063555
-0.00831117   0.0557255   0.0901126  -0.0167815
   0.343883   0.0063555  -0.0167815    0.346683
IMAGINARY
          0 -0.00166633   0.0135255  -0.0030473
 0.00166633           0 -0.00803483  -0.0122098
 -0.0135255  0.00803483           0 -0.00359683
  0.0030473   0.0122098  0.00359683           0
Repeater1[0]<--->HoM1[0]
REAL
    0.425187   0.00717302 -0.000186001     0.348974
  0.00717302     0.102244    0.0611382    0.0182884
-0.000186001    0.0611382     0.112219   0.00843247
    0.348974    0.0182884   0.00843247     0.360349
IMAGINARY
          0  -0.0135378 -0.00561013  0.00546332
  0.0135378           0 -0.00482475   0.0105606
 0.00561013  0.00482475           0   0.0227316
-0.00546332  -0.0105606  -0.0227316           0
EndNode1[0]<--->Repeater1[0]
REAL
  0.423575 -0.0199442  0.0129824   0.330971
-0.0199442   0.107513  0.0513103  -0.020264
 0.0129824  0.0513103  0.0906736 0.00416749
  0.330971  -0.020264 0.00416749   0.378238
IMAGINARY
          0  0.00852202  -0.0193848  0.00354257
-0.00852202           0 -0.00290073 -0.00473513
  0.0193848  0.00290073           0   -0.014389
-0.00354257  0.00473513    0.014389           0
EndNode2[0]<--->HoM1[0]
REAL
    0.383142 -0.000645995   0.00146217     0.367083
-0.000645995     0.114943    0.0348246   0.00398742
  0.00146217    0.0348246     0.108557  0.000645995
    0.367083   0.00398742  0.000645995     0.393359
IMAGINARY
          0  -0.0182611   0.0263199  -0.0151552
  0.0182611           0   0.0038487   0.0130349
 -0.0263199  -0.0038487           0 -0.00302927
  0.0151552  -0.0130349  0.00302927           0
Repeater1[0]<--->EndNode1[0]
REAL
  0.423575  0.0129824 -0.0199442   0.330971
 0.0129824  0.0906736  0.0513103 0.00416749
-0.0199442  0.0513103   0.107513  -0.020264
  0.330971 0.00416749  -0.020264   0.378238
IMAGINARY
          0  -0.0193848  0.00852202  0.00354257
  0.0193848           0  0.00290073   -0.014389
-0.00852202 -0.00290073           0 -0.00473513
-0.00354257    0.014389  0.00473513           0
Repeater1[0]<--->HoM1[0]
REAL
    0.383142   0.00146217 -0.000645995     0.367083
  0.00146217     0.108557    0.0348246  0.000645995
-0.000645995    0.0348246     0.114943   0.00398742
    0.367083  0.000645995   0.00398742     0.393359
IMAGINARY
          0   0.0263199  -0.0182611  -0.0151552
 -0.0263199           0  -0.0038487 -0.00302927
  0.0182611   0.0038487           0   0.0130349
  0.0151552  0.00302927  -0.0130349           0
EndNode1[0]<--->Repeater1[0]
REAL
   0.394057  -0.0158632  0.00916423    0.346525
 -0.0158632    0.120155   0.0506596 -0.00365628
 0.00916423   0.0506596    0.116279  0.00668325
   0.346525 -0.00365628  0.00668325    0.369509
IMAGINARY
           0  -0.00292566   0.00977382   0.00642864
  0.00292566            0  0.000934139   -0.0226937
 -0.00977382 -0.000934139            0   0.00809362
 -0.00642864    0.0226937  -0.00809362            0
EndNode2[0]<--->HoM1[0]
REAL
   0.405405  -0.0042294 -0.00462464    0.349042
 -0.0042294    0.109395   0.0498197   0.0027283
-0.00462464   0.0498197   0.0913771  0.00486151
   0.349042   0.0027283  0.00486151    0.393822
IMAGINARY
          0   0.0157602   -0.017521   0.0124021
 -0.0157602           0 -0.00911692  -0.0122717
   0.017521  0.00911692           0   0.0308719
 -0.0124021   0.0122717  -0.0308719           0
Repeater1[0]<--->EndNode1[0]
REAL
   0.394057  0.00916423  -0.0158632    0.346525
 0.00916423    0.116279   0.0506596  0.00668325
 -0.0158632   0.0506596    0.120155 -0.00365628
   0.346525  0.00668325 -0.00365628    0.369509
IMAGINARY
           0   0.00977382  -0.00292566   0.00642864
 -0.00977382            0 -0.000934139   0.00809362
  0.00292566  0.000934139            0   -0.0226937
 -0.00642864  -0.00809362    0.0226937            0
Repeater1[0]<--->HoM1[0]
REAL
   0.405405 -0.00462464  -0.0042294    0.349042
-0.00462464   0.0913771   0.0498197  0.00486151
 -0.0042294   0.0498197    0.109395   0.0027283
   0.349042  0.00486151   0.0027283    0.393822
IMAGINARY
          0   -0.017521   0.0157602   0.0124021
   0.017521           0  0.00911692   0.0308719
 -0.0157602 -0.00911692           0  -0.0122717
 -0.0124021  -0.0308719   0.0122717           0
EndNode1[0]<--->Repeater1[0]
REAL
    0.40589   -0.011665 0.000285728    0.322334
  -0.011665   0.0832266   0.0611016  0.00155476
0.000285728   0.0611016    0.117798  0.00737053
   0.322334  0.00155476  0.00737053    0.393086
IMAGINARY
           0   0.00647905   0.00567411    0.0163153
 -0.00647905            0   -0.0123471    0.0103721
 -0.00567411    0.0123471            0  0.000581281
  -0.0163153   -0.0103721 -0.000581281            0
EndNode2[0]<--->HoM1[0]
REAL
  0.397019 -0.0015781  0.0033051   0.356249
-0.0015781   0.113821  0.0527223 0.00856825
 0.0033051  0.0527223   0.113821  0.0174092
  0.356249 0.00856825  0.0174092   0.375339
IMAGINARY
          0  -0.0169698    0.014842 -0.00648847
  0.0169698           0   0.0109245   0.0128658
  -0.014842  -0.0109245           0  -0.0132569
 0.00648847  -0.0128658   0.0132569           0
Repeater1[0]<--->EndNode1[0]
REAL
    0.40589 0.000285728   -0.011665    0.322334
0.000285728    0.117798   0.0611016  0.00737053
  -0.011665   0.0611016   0.0832266  0.00155476
   0.322334  0.00737053  0.00155476    0.393086
IMAGINARY
           0   0.00567411   0.00647905    0.0163153
 -0.00567411            0    0.0123471  0.000581281
 -0.00647905   -0.0123471            0    0.0103721
  -0.0163153 -0.000581281   -0.0103721            0
Repeater1[0]<--->HoM1[0]
REAL
  0.397019  0.0033051 -0.0015781   0.356249
 0.0033051   0.113821  0.0527223  0.0174092
-0.0015781  0.0527223   0.113821 0.00856825
  0.356249  0.0174092 0.00856825   0.375339
IMAGINARY
          0    0.014842  -0.0169698 -0.00648847
  -0.014842           0  -0.0109245  -0.0132569
  0.0169698   0.0109245           0   0.0128658
 0.00648847   0.0132569  -0.0128658           0
EndNode1[0]<--->Repeater1[0]
REAL
  0.451034 0.00142906 -0.0181974   0.350953
0.00142906  0.0993103  0.0639403  0.0168676
-0.0181974  0.0639403   0.124138  0.0158582
  0.350953  0.0168676  0.0158582   0.325517
IMAGINARY
          0   0.0120766 -0.00214601  -0.0157904
 -0.0120766           0  0.00719093   -0.023828
 0.00214601 -0.00719093           0  0.00091038
  0.0157904    0.023828 -0.00091038           0
EndNode2[0]<--->HoM1[0]
REAL
   0.409722   0.0300719   0.0240293    0.343652
  0.0300719    0.101389   0.0590367   0.0034995
  0.0240293   0.0590367    0.113889 -0.00510394
   0.343652   0.0034995 -0.00510394       0.375
IMAGINARY
          0  0.00932141 -0.00958333  -0.0027789
-0.00932141           0  -0.0199779 -0.00708333
 0.00958333   0.0199779           0   0.0176017
  0.0027789  0.00708333  -0.0176017           0
Repeater1[0]<--->EndNode1[0]
REAL
  0.451034 -0.0181974 0.00142906   0.350953
-0.0181974   0.124138  0.0639403  0.0158582
0.00142906  0.0639403  0.0993103  0.0168676
  0.350953  0.0158582  0.0168676   0.325517
IMAGINARY
          0 -0.00214601   0.0120766  -0.0157904
 0.00214601           0 -0.00719093  0.00091038
 -0.0120766  0.00719093           0   -0.023828
  0.0157904 -0.00091038    0.023828           0
Repeater1[0]<--->HoM1[0]
REAL
   0.409722   0.0240293   0.0300719    0.343652
  0.0240293    0.113889   0.0590367 -0.00510394
  0.0300719   0.0590367    0.101389   0.0034995
   0.343652 -0.00510394   0.0034995       0.375
IMAGINARY
          0 -0.00958333  0.00932141  -0.0027789
 0.00958333           0   0.0199779   0.0176017
-0.00932141  -0.0199779           0 -0.00708333
  0.0027789  -0.0176017  0.00708333           0
EndNode1[0]<--->Repeater1[0]
REAL
   0.412292  -0.0131724   0.0149957    0.327963
 -0.0131724    0.101152   0.0638607  -0.0131089
  0.0149957   0.0638607    0.099872 -0.00758233
   0.327963  -0.0131089 -0.00758233    0.386684
IMAGINARY
           0   -0.0035195     0.016995    0.0039808
   0.0035195            0 -0.000729829   0.00479987
   -0.016995  0.000729829            0 -0.000326653
  -0.0039808  -0.00479987  0.000326653            0
EndNode2[0]<--->HoM1[0]
REAL
   0.429687 -0.00169557   0.0144163    0.354844
-0.00169557   0.0963542    0.062803  0.00715235
  0.0144163    0.062803     0.10026   0.0402577
   0.354844  0.00715235   0.0402577    0.373698
IMAGINARY
          0   0.0137819  -0.0153658  0.00687819
 -0.0137819           0 -0.00373354  -0.0173685
  0.0153658  0.00373354           0   0.0112502
-0.00687819   0.0173685  -0.0112502           0
Repeater1[0]<--->EndNode1[0]
REAL
   0.412292   0.0149957  -0.0131724    0.327963
  0.0149957    0.099872   0.0638607 -0.00758233
 -0.0131724   0.0638607    0.101152  -0.0131089
   0.327963 -0.00758233  -0.0131089    0.386684
IMAGINARY
           0     0.016995   -0.0035195    0.0039808
   -0.016995            0  0.000729829 -0.000326653
   0.0035195 -0.000729829            0   0.00479987
  -0.0039808  0.000326653  -0.00479987            0
Repeater1[0]<--->HoM1[0]
REAL
   0.429687   0.0144163 -0.00169557    0.354844
  0.0144163     0.10026    0.062803   0.0402577
-0.00169557    0.062803   0.0963542  0.00715235
   0.354844   0.0402577  0.00715235    0.373698
IMAGINARY
          0  -0.0153658   0.0137819  0.00687819
  0.0153658           0  0.00373354   0.0112502
 -0.0137819 -0.00373354           0  -0.0173685
-0.00687819  -0.0112502   0.0173685           0
EndNode1[0]<--->Repeater1[0]
REAL
  0.432468  -0.015358  0.0131724    0.32657
 -0.015358   0.112987  0.0493889 -0.0118936
 0.0131724  0.0493889   0.109091 0.00257028
   0.32657 -0.0118936 0.00257028   0.345455
IMAGINARY
          0  0.00450551  -0.0133714 -0.00558912
-0.00450551           0  0.00303157 -0.00206485
  0.0133714 -0.00303157           0  0.00824616
 0.00558912  0.00206485 -0.00824616           0
EndNode2[0]<--->HoM1[0]
REAL
   0.383863  -0.0102943 -0.00632382    0.337632
 -0.0102943    0.132029   0.0555974  -0.0132074
-0.00632382   0.0555974   0.0855746 -0.00402863
   0.337632  -0.0132074 -0.00402863    0.398533
IMAGINARY
           0  -0.00477968 -0.000563184   -0.0105798
  0.00477968            0  -0.00122148  -0.00670234
 0.000563184   0.00122148            0    0.0107242
   0.0105798   0.00670234   -0.0107242            0
Repeater1[0]<--->EndNode1[0]
REAL
  0.432468  0.0131724  -0.015358    0.32657
 0.0131724   0.109091  0.0493889 0.00257028
 -0.015358  0.0493889   0.112987 -0.0118936
   0.32657 0.00257028 -0.0118936   0.345455
IMAGINARY
          0  -0.0133714  0.00450551 -0.00558912
  0.0133714           0 -0.00303157  0.00824616
-0.00450551  0.00303157           0 -0.00206485
 0.00558912 -0.00824616  0.00206485           0
Repeater1[0]<--->HoM1[0]
REAL
   0.383863 -0.00632382  -0.0102943    0.337632
-0.00632382   0.0855746   0.0555974 -0.00402863
 -0.0102943   0.0555974    0.132029  -0.0132074
   0.337632 -0.00402863  -0.0132074    0.398533
IMAGINARY
           0 -0.000563184  -0.00477968   -0.0105798
 0.000563184            0   0.00122148    0.0107242
  0.00477968  -0.00122148            0  -0.00670234
   0.0105798   -0.0107242   0.00670234            0
EndNode1[0]<--->Repeater1[0]
REAL
   0.429677  0.00187987  -0.0107495    0.333331
 0.00187987   0.0993548   0.0711197  0.00420499
 -0.0107495   0.0711197    0.112258 -0.00449768
   0.333331  0.00420499 -0.00449768     0.35871
IMAGINARY
           0  -0.00574501    -0.011291     0.015299
  0.00574501            0     0.024902  -0.00670385
    0.011291    -0.024902            0 -0.000681722
   -0.015299   0.00670385  0.000681722            0
EndNode2[0]<--->HoM1[0]
REAL
   0.419643  0.00329991   0.0135417    0.348939
 0.00329991   0.0943878   0.0514545 -0.00502268
  0.0135417   0.0514545   0.0969388  -0.0026446
   0.348939 -0.00502268  -0.0026446    0.389031
IMAGINARY
          0 -0.00236358   0.0169651   0.0140214
 0.00236358           0 -0.00202139 -0.00249966
 -0.0169651  0.00202139           0  -0.0133597
 -0.0140214  0.00249966   0.0133597           0
Repeater1[0]<--->EndNode1[0]
REAL
   0.429677  -0.0107495  0.00187987    0.333331
 -0.0107495    0.112258   0.0711197 -0.00449768
 0.00187987   0.0711197   0.0993548  0.00420499
   0.333331 -0.00449768  0.00420499     0.35871
IMAGINARY
           0    -0.011291  -0.00574501     0.015299
    0.011291            0    -0.024902 -0.000681722
  0.00574501     0.024902            0  -0.00670385
   -0.015299  0.000681722   0.00670385            0
Repeater1[0]<--->HoM1[0]
REAL
   0.419643   0.0135417  0.00329991    0.348939
  0.0135417   0.0969388   0.0514545  -0.0026446
 0.00329991   0.0514545   0.0943878 -0.00502268
   0.348939  -0.0026446 -0.00502268    0.389031
IMAGINARY
          0   0.0169651 -0.00236358   0.0140214
 -0.0169651           0  0.00202139  -0.0133597
 0.00236358 -0.00202139           0 -0.00249966
 -0.0140214   0.0133597  0.00249966           0
EndNode1[0]<--->Repeater1[0]
REAL
   0.42047 -0.0256036 -0.0227653    0.33248
-0.0256036    0.11065  0.0469436 -0.0381784
-0.0227653  0.0469436   0.107884 -0.0327188
   0.33248 -0.0381784 -0.0327188   0.360996
IMAGINARY
           0   0.00467076    0.0135628   0.00397668
 -0.00467076            0   -0.0160734  0.000152875
  -0.0135628    0.0160734            0  -0.00342388
 -0.00397668 -0.000152875   0.00342388            0
EndNode2[0]<--->HoM1[0]
REAL
   0.418485  -0.0130541  0.00563087    0.353136
 -0.0130541   0.0911425   0.0620535  -0.0208207
 0.00563087   0.0620535   0.0885751 -0.00340159
   0.353136  -0.0208207 -0.00340159    0.401797
IMAGINARY
          0  0.00100281  0.00500643  0.00983616
-0.00100281           0 -0.00848845   0.0147388
-0.00500643  0.00848845           0 -0.00291364
-0.00983616  -0.0147388  0.00291364           0
Repeater1[0]<--->EndNode1[0]
REAL
   0.42047 -0.0227653 -0.0256036    0.33248
-0.0227653   0.107884  0.0469436 -0.0327188
-0.0256036  0.0469436    0.11065 -0.0381784
   0.33248 -0.0327188 -0.0381784   0.360996
IMAGINARY
           0    0.0135628   0.00467076   0.00397668
  -0.0135628            0    0.0160734  -0.00342388
 -0.00467076   -0.0160734            0  0.000152875
 -0.00397668   0.00342388 -0.000152875            0
Repeater1[0]<--->HoM1[0]
REAL
   0.418485  0.00563087  -0.0130541    0.353136
 0.00563087   0.0885751   0.0620535 -0.00340159
 -0.0130541   0.0620535   0.0911425  -0.0208207
   0.353136 -0.00340159  -0.0208207    0.401797
IMAGINARY
          0  0.00500643  0.00100281  0.00983616
-0.00500643           0  0.00848845 -0.00291364
-0.00100281 -0.00848845           0   0.0147388
-0.00983616  0.00291364  -0.0147388           0
EndNode1[0]<--->Repeater1[0]
REAL
   0.423957   0.0118649   0.0106863     0.33888
  0.0118649    0.113055   0.0567021 -0.00600093
  0.0106863   0.0567021   0.0995962 -0.00182477
    0.33888 -0.00600093 -0.00182477    0.363392
IMAGINARY
          0  0.00983516 -0.00769899  0.00523242
-0.00983516           0 -0.00851758  0.00398612
 0.00769899  0.00851758           0 -0.00612229
-0.00523242 -0.00398612  0.00612229           0
EndNode2[0]<--->HoM1[0]
REAL
  0.423483 0.00503108  0.0049657   0.367508
0.00503108  0.0923483  0.0478957  0.0164989
 0.0049657  0.0478957   0.121372 0.00759518
  0.367508  0.0164989 0.00759518   0.362797
IMAGINARY
          0   0.0010647  -0.0065301  -0.0215914
 -0.0010647           0   0.0209344   0.0113727
  0.0065301  -0.0209344           0  0.00740988
  0.0215914  -0.0113727 -0.00740988           0
Repeater1[0]<--->EndNode1[0]
REAL
   0.423957   0.0106863   0.0118649     0.33888
  0.0106863   0.0995962   0.0567021 -0.00182477
  0.0118649   0.0567021    0.113055 -0.00600093
    0.33888 -0.00182477 -0.00600093    0.363392
IMAGINARY
          0 -0.00769899  0.00983516  0.00523242
 0.00769899           0  0.00851758 -0.00612229
-0.00983516 -0.00851758           0  0.00398612
-0.00523242  0.00612229 -0.00398612           0
Repeater1[0]<--->HoM1[0]
REAL
  0.423483  0.0049657 0.00503108   0.367508
 0.0049657   0.121372  0.0478957 0.00759518
0.00503108  0.0478957  0.0923483  0.0164989
  0.367508 0.00759518  0.0164989   0.362797
IMAGINARY
          0  -0.0065301   0.0010647  -0.0215914
  0.0065301           0  -0.0209344  0.00740988
 -0.0010647   0.0209344           0   0.0113727
  0.0215914 -0.00740988  -0.0113727           0
EndNode1[0]<--->Repeater1[0]
REAL
   0.409035 -0.00571718   0.0185735    0.331306
-0.00571718    0.106227   0.0578795 -0.00321974
  0.0185735   0.0578795    0.125763  0.00638473
   0.331306 -0.00321974  0.00638473    0.358974
IMAGINARY
           0  -0.00900006    0.0112492   -0.0118756
  0.00900006            0 -0.000879492    0.0174221
  -0.0112492  0.000879492            0   -0.0168741
   0.0118756   -0.0174221    0.0168741            0
EndNode2[0]<--->HoM1[0]
REAL
   0.421958  -0.0218908  -0.0100774    0.357521
 -0.0218908   0.0886243   0.0572663 -0.00746645
 -0.0100774   0.0572663    0.103175 -0.00567811
   0.357521 -0.00746645 -0.00567811    0.386243
IMAGINARY
           0  -0.00763037  0.000684932   -0.0050557
  0.00763037            0    0.0158288 -0.000684932
-0.000684932   -0.0158288            0  -0.00636454
   0.0050557  0.000684932   0.00636454            0
Repeater1[0]<--->EndNode1[0]
REAL
   0.409035   0.0185735 -0.00571718    0.331306
  0.0185735    0.125763   0.0578795  0.00638473
-0.00571718   0.0578795    0.106227 -0.00321974
   0.331306  0.00638473 -0.00321974    0.358974
IMAGINARY
           0    0.0112492  -0.00900006   -0.0118756
  -0.0112492            0  0.000879492   -0.0168741
  0.00900006 -0.000879492            0    0.0174221
   0.0118756    0.0168741   -0.0174221            0
Repeater1[0]<--->HoM1[0]
REAL
   0.421958  -0.0100774  -0.0218908    0.357521
 -0.0100774    0.103175   0.0572663 -0.00567811
 -0.0218908   0.0572663   0.0886243 -0.00746645
   0.357521 -0.00567811 -0.00746645    0.386243
IMAGINARY
           0  0.000684932  -0.00763037   -0.0050557
-0.000684932            0   -0.0158288  -0.00636454
  0.00763037    0.0158288            0 -0.000684932
   0.0050557   0.00636454  0.000684932            0
EndNode1[0]<--->Repeater1[0]
REAL
   0.419009 -0.00651494  0.00553597    0.335002
-0.00651494    0.115127   0.0583656 -0.00878695
 0.00553597   0.0583656     0.10174 -0.00713916
   0.335002 -0.00878695 -0.00713916    0.364123
IMAGINARY
          0  -0.0151601   0.0140841  0.00572685
  0.0151601           0  0.00329376  0.00838064
 -0.0140841 -0.00329376           0  -0.0278437
-0.00572685 -0.00838064   0.0278437           0
EndNode2[0]<--->HoM1[0]
REAL
  0.411765 0.00583334 0.00788581   0.356259
0.00583334  0.0954248  0.0433643 0.00152448
0.00788581  0.0433643   0.109804 0.00859577
  0.356259 0.00152448 0.00859577   0.383007
IMAGINARY
          0  -0.0204383   0.0115887   -0.015177
  0.0204383           0  0.00863251  -0.0122208
 -0.0115887 -0.00863251           0  0.00337126
   0.015177   0.0122208 -0.00337126           0
Repeater1[0]<--->EndNode1[0]
REAL
   0.419009  0.00553597 -0.00651494    0.335002
 0.00553597     0.10174   0.0583656 -0.00713916
-0.00651494   0.0583656    0.115127 -0.00878695
   0.335002 -0.00713916 -0.00878695    0.364123
IMAGINARY
          0   0.0140841  -0.0151601  0.00572685
 -0.0140841           0 -0.00329376  -0.0278437
  0.0151601  0.00329376           0  0.00838064
-0.00572685   0.0278437 -0.00838064           0
Repeater1[0]<--->HoM1[0]
REAL
  0.411765 0.00788581 0.00583334   0.356259
0.00788581   0.109804  0.0433643 0.00859577
0.00583334  0.0433643  0.0954248 0.00152448
  0.356259 0.00859577 0.00152448   0.383007
IMAGINARY
          0   0.0115887  -0.0204383   -0.015177
 -0.0115887           0 -0.00863251  0.00337126
  0.0204383  0.00863251           0  -0.0122208
   0.015177 -0.00337126   0.0122208           0
EndNode1[0]<--->Repeater1[0]
REAL
   0.446053  0.00126257  0.00803265    0.349154
 0.00126257   0.0960526   0.0613935 -0.00335975
 0.00803265   0.0613935   0.0907895 -0.00326524
   0.349154 -0.00335975 -0.00326524    0.367105
IMAGINARY
          0 -0.00937044  -0.0180116  0.00665344
 0.00937044           0  0.00603692 -0.00282173
  0.0180116 -0.00603692           0   0.0262975
-0.00665344  0.00282173  -0.0262975           0
EndNode2[0]<--->HoM1[0]
REAL
   0.391095 -0.00384427   0.0037895      0.3508
-0.00384427    0.111913   0.0565358   -0.014729
  0.0037895   0.0565358    0.105897 -0.00709524
     0.3508   -0.014729 -0.00709524    0.391095
IMAGINARY
          0  -0.0336452 -0.00521662   0.0146016
  0.0336452           0   0.0126711  0.00396973
 0.00521662  -0.0126711           0   0.0211764
 -0.0146016 -0.00396973  -0.0211764           0
Repeater1[0]<--->EndNode1[0]
REAL
   0.446053  0.00803265  0.00126257    0.349154
 0.00803265   0.0907895   0.0613935 -0.00326524
 0.00126257   0.0613935   0.0960526 -0.00335975
   0.349154 -0.00326524 -0.00335975    0.367105
IMAGINARY
          0  -0.0180116 -0.00937044  0.00665344
  0.0180116           0 -0.00603692   0.0262975
 0.00937044  0.00603692           0 -0.00282173
-0.00665344  -0.0262975  0.00282173           0
Repeater1[0]<--->HoM1[0]
REAL
   0.391095   0.0037895 -0.00384427      0.3508
  0.0037895    0.105897   0.0565358 -0.00709524
-0.00384427   0.0565358    0.111913   -0.014729
     0.3508 -0.00709524   -0.014729    0.391095
IMAGINARY
          0 -0.00521662  -0.0336452   0.0146016
 0.00521662           0  -0.0126711   0.0211764
  0.0336452   0.0126711           0  0.00396973
 -0.0146016  -0.0211764 -0.00396973           0
EndNode1[0]<--->Repeater1[0]
REAL
   0.405096  -0.0112128  -0.0112628    0.332991
 -0.0112128    0.107006   0.0622348 -0.00995734
 -0.0112628   0.0622348    0.101911 -0.00868113
   0.332991 -0.00995734 -0.00868113    0.385987
IMAGINARY
          0   0.0159585  0.00992439  0.00376072
 -0.0159585           0   0.0211737  0.00928255
-0.00992439  -0.0211737           0   -0.016578
-0.00376072 -0.00928255    0.016578           0
EndNode2[0]<--->HoM1[0]
REAL
   0.403417  0.00691621 -0.00092893    0.362112
 0.00691621    0.088042   0.0559208 -0.00474572
-0.00092893   0.0559208    0.113009  0.00884671
   0.362112 -0.00474572  0.00884671    0.395532
IMAGINARY
           0     0.005867  0.000150949    -0.016276
   -0.005867            0   -0.0227865  -0.00486158
-0.000150949    0.0227865            0  -0.00653995
    0.016276   0.00486158   0.00653995            0
Repeater1[0]<--->EndNode1[0]
REAL
   0.405096  -0.0112628  -0.0112128    0.332991
 -0.0112628    0.101911   0.0622348 -0.00868113
 -0.0112128   0.0622348    0.107006 -0.00995734
   0.332991 -0.00868113 -0.00995734    0.385987
IMAGINARY
          0  0.00992439   0.0159585  0.00376072
-0.00992439           0  -0.0211737   -0.016578
 -0.0159585   0.0211737           0  0.00928255
-0.00376072    0.016578 -0.00928255           0
Repeater1[0]<--->HoM1[0]
REAL
   0.403417 -0.00092893  0.00691621    0.362112
-0.00092893    0.113009   0.0559208  0.00884671
 0.00691621   0.0559208    0.088042 -0.00474572
   0.362112  0.00884671 -0.00474572    0.395532
IMAGINARY
           0  0.000150949     0.005867    -0.016276
-0.000150949            0    0.0227865  -0.00653995
   -0.005867   -0.0227865            0  -0.00486158
    0.016276   0.00653995   0.00486158            0
EndNode1[0]<--->Repeater1[0]
REAL
   0.42027 0.00237674 0.00963679   0.331168
0.00237674   0.104054  0.0438321 -0.0122141
0.00963679  0.0438321   0.116216 -0.0113974
  0.331168 -0.0122141 -0.0113974   0.359459
IMAGINARY
           0    0.0117312    0.0135412   -0.0151736
  -0.0117312            0 -0.000211011  -0.00338588
  -0.0135412  0.000211011            0  -0.00277066
   0.0151736   0.00338588   0.00277066            0
EndNode2[0]<--->HoM1[0]
REAL
  0.413127 0.00968205  0.0103016   0.351842
0.00968205   0.110682  0.0694655  0.0018049
 0.0103016  0.0694655   0.101673  -0.013314
  0.351842  0.0018049  -0.013314   0.374517
IMAGINARY
          0  0.00173683  -0.0128721  -0.0105291
-0.00173683           0   0.0238624   0.0228855
  0.0128721  -0.0238624           0 -0.00774484
  0.0105291  -0.0228855  0.00774484           0
Repeater1[0]<--->EndNode1[0]
REAL
   0.42027 0.00963679 0.00237674   0.331168
0.00963679   0.116216  0.0438321 -0.0113974
0.00237674  0.0438321   0.104054 -0.0122141
  0.331168 -0.0113974 -0.0122141   0.359459
IMAGINARY
           0    0.0135412    0.0117312   -0.0151736
  -0.0135412            0  0.000211011  -0.00277066
  -0.0117312 -0.000211011            0  -0.00338588
   0.0151736   0.00277066   0.00338588            0
Repeater1[0]<--->HoM1[0]
REAL
  0.413127  0.0103016 0.00968205   0.351842
 0.0103016   0.101673  0.0694655  -0.013314
0.00968205  0.0694655   0.110682  0.0018049
  0.351842  -0.013314  0.0018049   0.374517
IMAGINARY
          0  -0.0128721  0.00173683  -0.0105291
  0.0128721           0  -0.0238624 -0.00774484
-0.00173683   0.0238624           0   0.0228855
  0.0105291  0.00774484  -0.0228855           0
EndNode1[0]<--->Repeater1[0]
REAL
   0.410977 -0.00185422 0.000321658    0.338218
-0.00185422    0.104418   0.0645602 -0.00284691
0.000321658   0.0645602    0.100402   0.0132179
   0.338218 -0.00284691   0.0132179    0.384203
IMAGINARY
           0 -0.000800209   0.00101972    0.0127185
 0.000800209            0 -0.000234897   -0.0125287
 -0.00101972  0.000234897            0    0.0059153
  -0.0127185    0.0125287   -0.0059153            0
EndNode2[0]<--->HoM1[0]
REAL
  0.411311 0.00188393   0.015094   0.351815
0.00188393   0.114396  0.0413152 0.00271773
  0.015094  0.0413152  0.0642674 0.00829419
  0.351815 0.00271773 0.00829419   0.410026
IMAGINARY
          0   0.0166956 -0.00754404 -0.00429211
 -0.0166956           0  -0.0304018  -0.0161435
 0.00754404   0.0304018           0 -0.00325125
 0.00429211   0.0161435  0.00325125           0
Repeater1[0]<--->EndNode1[0]
REAL
   0.410977 0.000321658 -0.00185422    0.338218
0.000321658    0.100402   0.0645602   0.0132179
-0.00185422   0.0645602    0.104418 -0.00284691
   0.338218   0.0132179 -0.00284691    0.384203
IMAGINARY
           0   0.00101972 -0.000800209    0.0127185
 -0.00101972            0  0.000234897    0.0059153
 0.000800209 -0.000234897            0   -0.0125287
  -0.0127185   -0.0059153    0.0125287            0
Repeater1[0]<--->HoM1[0]
REAL
  0.411311   0.015094 0.00188393   0.351815
  0.015094  0.0642674  0.0413152 0.00829419
0.00188393  0.0413152   0.114396 0.00271773
  0.351815 0.00829419 0.00271773   0.410026
IMAGINARY
          0 -0.00754404   0.0166956 -0.00429211
 0.00754404           0   0.0304018 -0.00325125
 -0.0166956  -0.0304018           0  -0.0161435
 0.00429211  0.00325125   0.0161435           0
EndNode1[0]<--->Repeater1[0]
REAL
 0.445006 0.0192278  0.025049  0.351086
0.0192278 0.0948167 0.0564773 0.0155673
 0.025049 0.0564773  0.109987 0.0101839
 0.351086 0.0155673 0.0101839   0.35019
IMAGINARY
          0   0.0227129   -0.015412   0.0043955
 -0.0227129           0 -0.00190173  -0.0147549
   0.015412  0.00190173           0   0.0151562
 -0.0043955   0.0147549  -0.0151562           0
EndNode2[0]<--->HoM1[0]
REAL
  0.414698  0.0184374 0.00367958   0.358899
 0.0184374    0.12336  0.0519288  0.0249828
0.00367958  0.0519288   0.104987 0.00512945
  0.358899  0.0249828 0.00512945   0.356955
IMAGINARY
          0 -0.00912435  -0.0059573  0.00392405
 0.00912435           0  -0.0239241   0.0126597
  0.0059573   0.0239241           0  0.00778386
-0.00392405  -0.0126597 -0.00778386           0
Repeater1[0]<--->EndNode1[0]
REAL
 0.445006  0.025049 0.0192278  0.351086
 0.025049  0.109987 0.0564773 0.0101839
0.0192278 0.0564773 0.0948167 0.0155673
 0.351086 0.0101839 0.0155673   0.35019
IMAGINARY
          0   -0.015412   0.0227129   0.0043955
   0.015412           0  0.00190173   0.0151562
 -0.0227129 -0.00190173           0  -0.0147549
 -0.0043955  -0.0151562   0.0147549           0
Repeater1[0]<--->HoM1[0]
REAL
  0.414698 0.00367958  0.0184374   0.358899
0.00367958   0.104987  0.0519288 0.00512945
 0.0184374  0.0519288    0.12336  0.0249828
  0.358899 0.00512945  0.0249828   0.356955
IMAGINARY
          0  -0.0059573 -0.00912435  0.00392405
  0.0059573           0   0.0239241  0.00778386
 0.00912435  -0.0239241           0   0.0126597
-0.00392405 -0.00778386  -0.0126597           0
EndNode1[0]<--->Repeater1[0]
REAL
    0.419786    -0.025449   -0.0266873     0.346295
   -0.025449    0.0989305    0.0472942 -0.000235732
  -0.0266873    0.0472942     0.104278    0.0126284
    0.346295 -0.000235732    0.0126284     0.377005
IMAGINARY
           0    0.0132567   0.00691811  -0.00448547
  -0.0132567            0   0.00642596   -0.0137845
 -0.00691811  -0.00642596            0 -0.000148106
  0.00448547    0.0137845  0.000148106            0
EndNode2[0]<--->HoM1[0]
REAL
   0.402778 -0.00510692  -0.0101753    0.372602
-0.00510692   0.0997475   0.0466284  0.00761123
 -0.0101753   0.0466284    0.108586  -0.0192521
   0.372602  0.00761123  -0.0192521    0.388889
IMAGINARY
           0    0.0102731  -0.00160772    -0.016373
  -0.0102731            0    -0.010365 -0.000989678
  0.00160772     0.010365            0  -0.00767566
    0.016373  0.000989678   0.00767566            0
Repeater1[0]<--->EndNode1[0]
REAL
    0.419786   -0.0266873    -0.025449     0.346295
  -0.0266873     0.104278    0.0472942    0.0126284
   -0.025449    0.0472942    0.0989305 -0.000235732
    0.346295    0.0126284 -0.000235732     0.377005
IMAGINARY
           0   0.00691811    0.0132567  -0.00448547
 -0.00691811            0  -0.00642596 -0.000148106
  -0.0132567   0.00642596            0   -0.0137845
  0.00448547  0.000148106    0.0137845            0
Repeater1[0]<--->HoM1[0]
REAL
   0.402778  -0.0101753 -0.00510692    0.372602
 -0.0101753    0.108586   0.0466284  -0.0192521
-0.00510692   0.0466284   0.0997475  0.00761123
   0.372602  -0.0192521  0.00761123    0.388889
IMAGINARY
           0  -0.00160772    0.0102731    -0.016373
  0.00160772            0     0.010365  -0.00767566
  -0.0102731    -0.010365            0 -0.000989678
    0.016373   0.00767566  0.000989678            0
EndNode1[0]<--->Repeater1[0]
REAL
   0.410323 -0.00923103  -0.0291535    0.325528
-0.00923103    0.109677   0.0465807    0.023031
 -0.0291535   0.0465807    0.109677  -0.0104969
   0.325528    0.023031  -0.0104969    0.370323
IMAGINARY
          0  0.00208374  0.00936989 -0.00928231
-0.00208374           0 -0.00203593  -0.0185804
-0.00936989  0.00203593           0 -0.00603111
 0.00928231   0.0185804  0.00603111           0
EndNode2[0]<--->HoM1[0]
REAL
   0.445844    0.017488  0.00734005    0.364375
   0.017488   0.0869018   0.0417945   0.0145108
 0.00734005   0.0417945   0.0957179 0.000506863
   0.364375   0.0145108 0.000506863    0.371537
IMAGINARY
          0   0.0189941  -0.0158031   0.0297661
 -0.0189941           0 -0.00460483   -0.016455
  0.0158031  0.00460483           0   0.0169861
 -0.0297661    0.016455  -0.0169861           0
Repeater1[0]<--->EndNode1[0]
REAL
   0.410323  -0.0291535 -0.00923103    0.325528
 -0.0291535    0.109677   0.0465807  -0.0104969
-0.00923103   0.0465807    0.109677    0.023031
   0.325528  -0.0104969    0.023031    0.370323
IMAGINARY
          0  0.00936989  0.00208374 -0.00928231
-0.00936989           0  0.00203593 -0.00603111
-0.00208374 -0.00203593           0  -0.0185804
 0.00928231  0.00603111   0.0185804           0
Repeater1[0]<--->HoM1[0]
REAL
   0.445844  0.00734005    0.017488    0.364375
 0.00734005   0.0957179   0.0417945 0.000506863
   0.017488   0.0417945   0.0869018   0.0145108
   0.364375 0.000506863   0.0145108    0.371537
IMAGINARY
          0  -0.0158031   0.0189941   0.0297661
  0.0158031           0  0.00460483   0.0169861
 -0.0189941 -0.00460483           0   -0.016455
 -0.0297661  -0.0169861    0.016455           0
EndNode1[0]<--->Repeater1[0]
REAL
      0.44   0.014667  0.0134047    0.33518
  0.014667    0.10375  0.0515388 0.00742862
 0.0134047  0.0515388       0.12 0.00226007
   0.33518 0.00742862 0.00226007    0.33625
IMAGINARY
          0   0.0257034   -0.017182  -0.0205462
 -0.0257034           0  0.00828815 -0.00920325
   0.017182 -0.00828815           0 -0.00987227
  0.0205462  0.00920325  0.00987227           0
EndNode2[0]<--->HoM1[0]
REAL
    0.405442  -0.00148094 -0.000519502     0.349822
 -0.00148094     0.092517    0.0596214    0.0270396
-0.000519502    0.0596214    0.0870748    0.0176517
