EndNode1[0]<--->Repeater1[0]
REAL
   0.447667 -0.00136556  0.00660025     0.32005
-0.00136556   0.0567465    0.001868 -0.00846824
 0.00660025    0.001868   0.0466583 -0.00672909
    0.32005 -0.00846824 -0.00672909    0.448928
IMAGINARY
          0 -0.00504243    0.015843 -0.00924552
 0.00504243           0  -0.0118429  -0.0145803
  -0.015843   0.0118429           0  -0.0063212
 0.00924552   0.0145803   0.0063212           0
EndNode2[0]<--->HoM1[0]
REAL
  0.446541  0.0092903 0.00951192   0.319369
 0.0092903  0.0515723 0.00703671 0.00149053
0.00951192 0.00703671   0.045283 0.00660212
  0.319369 0.00149053 0.00660212   0.456604
IMAGINARY
          0 -0.00318385 -0.00246061  0.00179356
 0.00318385           0 -0.00761504  -0.0230086
 0.00246061  0.00761504           0 -0.00619953
-0.00179356   0.0230086  0.00619953           0
Repeater1[0]<--->EndNode1[0]
REAL
   0.447667  0.00660025 -0.00136556     0.32005
 0.00660025   0.0466583    0.001868 -0.00672909
-0.00136556    0.001868   0.0567465 -0.00846824
    0.32005 -0.00672909 -0.00846824    0.448928
IMAGINARY
          0    0.015843 -0.00504243 -0.00924552
  -0.015843           0   0.0118429  -0.0063212
 0.00504243  -0.0118429           0  -0.0145803
 0.00924552   0.0063212   0.0145803           0
Repeater1[0]<--->HoM1[0]
REAL
  0.446541 0.00951192  0.0092903   0.319369
0.00951192   0.045283 0.00703671 0.00660212
 0.0092903 0.00703671  0.0515723 0.00149053
  0.319369 0.00660212 0.00149053   0.456604
IMAGINARY
          0 -0.00246061 -0.00318385  0.00179356
 0.00246061           0  0.00761504 -0.00619953
 0.00318385 -0.00761504           0  -0.0230086
-0.00179356  0.00619953   0.0230086           0
EndNode1[0]<--->Repeater1[0]
REAL
   0.449257   0.0112881 -0.00516509    0.305609
  0.0112881   0.0544554 -0.00158892   0.0152153
-0.00516509 -0.00158892   0.0606436  0.00127473
   0.305609   0.0152153  0.00127473    0.435644
IMAGINARY
          0 -0.00093265  0.00314141 -0.00710007
 0.00093265           0 -0.00773864  -0.0108535
-0.00314141  0.00773864           0  0.00350334
 0.00710007   0.0108535 -0.00350334           0
EndNode2[0]<--->HoM1[0]
REAL
     0.46087 -0.000360765   -0.0223826     0.300688
-0.000360765    0.0559006    0.0155846   -0.0038641
  -0.0223826    0.0155846    0.0360248  -0.00488858
    0.300688   -0.0038641  -0.00488858     0.447205
IMAGINARY
           0   -0.0161614  -0.00318132  -0.00824649
   0.0161614            0   -0.0364578    0.0184438
  0.00318132    0.0364578            0  0.000898926
  0.00824649   -0.0184438 -0.000898926            0
Repeater1[0]<--->EndNode1[0]
REAL
   0.449257 -0.00516509   0.0112881    0.305609
-0.00516509   0.0606436 -0.00158892  0.00127473
  0.0112881 -0.00158892   0.0544554   0.0152153
   0.305609  0.00127473   0.0152153    0.435644
IMAGINARY
          0  0.00314141 -0.00093265 -0.00710007
-0.00314141           0  0.00773864  0.00350334
 0.00093265 -0.00773864           0  -0.0108535
 0.00710007 -0.00350334   0.0108535           0
Repeater1[0]<--->HoM1[0]
REAL
     0.46087   -0.0223826 -0.000360765     0.300688
  -0.0223826    0.0360248    0.0155846  -0.00488858
-0.000360765    0.0155846    0.0559006   -0.0038641
    0.300688  -0.00488858   -0.0038641     0.447205
IMAGINARY
           0  -0.00318132   -0.0161614  -0.00824649
  0.00318132            0    0.0364578  0.000898926
   0.0161614   -0.0364578            0    0.0184438
  0.00824649 -0.000898926   -0.0184438            0
EndNode1[0]<--->Repeater1[0]
REAL
   0.461333  -0.0113011   -0.011079     0.31136
 -0.0113011   0.0426667  -0.0079622 -0.00348409
  -0.011079  -0.0079622   0.0533333 -0.00811638
    0.31136 -0.00348409 -0.00811638    0.442667
IMAGINARY
          0  0.00494528 -0.00606495  -0.0282235
-0.00494528           0  -0.0115995   0.0217488
 0.00606495   0.0115995           0  -0.0105914
  0.0282235  -0.0217488   0.0105914           0
EndNode2[0]<--->HoM1[0]
REAL
  0.462033 0.00672938 -0.0138366   0.312704
0.00672938  0.0553411 -0.0037445 -0.0144902
-0.0138366 -0.0037445  0.0604891 -0.0100232
  0.312704 -0.0144902 -0.0100232   0.422136
IMAGINARY
           0  -0.00198177    0.0115206    0.0293261
  0.00198177            0   -0.0202115  0.000994291
  -0.0115206    0.0202115            0    0.0061534
  -0.0293261 -0.000994291   -0.0061534            0
Repeater1[0]<--->EndNode1[0]
REAL
   0.461333   -0.011079  -0.0113011     0.31136
  -0.011079   0.0533333  -0.0079622 -0.00811638
 -0.0113011  -0.0079622   0.0426667 -0.00348409
    0.31136 -0.00811638 -0.00348409    0.442667
IMAGINARY
          0 -0.00606495  0.00494528  -0.0282235
 0.00606495           0   0.0115995  -0.0105914
-0.00494528  -0.0115995           0   0.0217488
  0.0282235   0.0105914  -0.0217488           0
Repeater1[0]<--->HoM1[0]
REAL
  0.462033 -0.0138366 0.00672938   0.312704
-0.0138366  0.0604891 -0.0037445 -0.0100232
0.00672938 -0.0037445  0.0553411 -0.0144902
  0.312704 -0.0100232 -0.0144902   0.422136
IMAGINARY
           0    0.0115206  -0.00198177    0.0293261
  -0.0115206            0    0.0202115    0.0061534
  0.00198177   -0.0202115            0  0.000994291
  -0.0293261   -0.0061534 -0.000994291            0
EndNode1[0]<--->Repeater1[0]
REAL
   0.459079 -0.00252083   0.0207001    0.294168
-0.00252083   0.0434783   0.0276641  -0.0075257
  0.0207001   0.0276641   0.0537084 -0.00187064
   0.294168  -0.0075257 -0.00187064    0.443734
IMAGINARY
           0  -0.00380743   0.00884827    0.0123565
  0.00380743            0   -0.0149405    0.0107116
 -0.00884827    0.0149405            0  0.000139943
  -0.0123565   -0.0107116 -0.000139943            0
EndNode2[0]<--->HoM1[0]
REAL
   0.421185  0.00184163   0.0085473    0.307926
 0.00184163   0.0617907  0.00159735 0.000224633
  0.0085473  0.00159735   0.0542245  0.00943657
   0.307926 0.000224633  0.00943657    0.462799
IMAGINARY
           0  -0.00631257  3.03867e-05   -0.0134089
  0.00631257            0     0.010158   -0.0253468
-3.03867e-05    -0.010158            0    0.0126417
   0.0134089    0.0253468   -0.0126417            0
Repeater1[0]<--->EndNode1[0]
REAL
   0.459079   0.0207001 -0.00252083    0.294168
  0.0207001   0.0537084   0.0276641 -0.00187064
-0.00252083   0.0276641   0.0434783  -0.0075257
   0.294168 -0.00187064  -0.0075257    0.443734
IMAGINARY
           0   0.00884827  -0.00380743    0.0123565
 -0.00884827            0    0.0149405  0.000139943
  0.00380743   -0.0149405            0    0.0107116
  -0.0123565 -0.000139943   -0.0107116            0
Repeater1[0]<--->HoM1[0]
REAL
   0.421185   0.0085473  0.00184163    0.307926
  0.0085473   0.0542245  0.00159735  0.00943657
 0.00184163  0.00159735   0.0617907 0.000224633
   0.307926  0.00943657 0.000224633    0.462799
IMAGINARY
           0  3.03867e-05  -0.00631257   -0.0134089
-3.03867e-05            0    -0.010158    0.0126417
  0.00631257     0.010158            0   -0.0253468
   0.0134089   -0.0126417    0.0253468            0
EndNode1[0]<--->Repeater1[0]
REAL
  0.432466 -0.0259901  0.0121263   0.296651
-0.0259901  0.0421314  0.0116389  -0.022489
 0.0121263  0.0116389  0.0458488  0.0259901
  0.296651  -0.022489  0.0259901   0.479554
IMAGINARY
          0 -0.00565371  0.00764044 -0.00777311
 0.00565371           0   0.0303795 -0.00149794
-0.00764044  -0.0303795           0  -0.0189163
 0.00777311  0.00149794   0.0189163           0
EndNode2[0]<--->HoM1[0]
REAL
    0.436318  -0.00431387  0.000708705     0.290623
 -0.00431387    0.0542245  -0.00135647    0.0110714
 0.000708705  -0.00135647    0.0517024 -0.000921736
    0.290623    0.0110714 -0.000921736     0.457755
IMAGINARY
          0 -0.00102757 -0.00432084   0.0208863
 0.00102757           0   0.0098042  -0.0144762
 0.00432084  -0.0098042           0   0.0123058
 -0.0208863   0.0144762  -0.0123058           0
Repeater1[0]<--->EndNode1[0]
REAL
  0.432466  0.0121263 -0.0259901   0.296651
 0.0121263  0.0458488  0.0116389  0.0259901
-0.0259901  0.0116389  0.0421314  -0.022489
  0.296651  0.0259901  -0.022489   0.479554
IMAGINARY
          0  0.00764044 -0.00565371 -0.00777311
-0.00764044           0  -0.0303795  -0.0189163
 0.00565371   0.0303795           0 -0.00149794
 0.00777311   0.0189163  0.00149794           0
Repeater1[0]<--->HoM1[0]
REAL
    0.436318  0.000708705  -0.00431387     0.290623
 0.000708705    0.0517024  -0.00135647 -0.000921736
 -0.00431387  -0.00135647    0.0542245    0.0110714
    0.290623 -0.000921736    0.0110714     0.457755
IMAGINARY
          0 -0.00432084 -0.00102757   0.0208863
 0.00432084           0  -0.0098042   0.0123058
 0.00102757   0.0098042           0  -0.0144762
 -0.0208863  -0.0123058   0.0144762           0
EndNode1[0]<--->Repeater1[0]
REAL
    0.48974 -0.00137934  0.00298436    0.281732
-0.00137934   0.0424077  0.00971156  0.00236324
 0.00298436  0.00971156   0.0533516 -0.00931585
   0.281732  0.00236324 -0.00931585    0.414501
IMAGINARY
           0  -0.00323834  -0.00658306 -0.000122213
  0.00323834            0   0.00751138    0.0324898
  0.00658306  -0.00751138            0   -0.0148964
 0.000122213   -0.0324898    0.0148964            0
EndNode2[0]<--->HoM1[0]
REAL
   0.478599   0.0127473  -0.0204403    0.293515
  0.0127473   0.0557717 -0.00914843  -0.0172956
 -0.0204403 -0.00914843   0.0453956 -0.00735646
   0.293515  -0.0172956 -0.00735646    0.420233
IMAGINARY
          0   0.0192829  -0.0141426 -0.00285181
 -0.0192829           0 -0.00614562 -0.00764913
  0.0141426  0.00614562           0     0.02309
 0.00285181  0.00764913    -0.02309           0
Repeater1[0]<--->EndNode1[0]
REAL
    0.48974  0.00298436 -0.00137934    0.281732
 0.00298436   0.0533516  0.00971156 -0.00931585
-0.00137934  0.00971156   0.0424077  0.00236324
   0.281732 -0.00931585  0.00236324    0.414501
IMAGINARY
           0  -0.00658306  -0.00323834 -0.000122213
  0.00658306            0  -0.00751138   -0.0148964
  0.00323834   0.00751138            0    0.0324898
 0.000122213    0.0148964   -0.0324898            0
Repeater1[0]<--->HoM1[0]
REAL
   0.478599  -0.0204403   0.0127473    0.293515
 -0.0204403   0.0453956 -0.00914843 -0.00735646
  0.0127473 -0.00914843   0.0557717  -0.0172956
   0.293515 -0.00735646  -0.0172956    0.420233
IMAGINARY
          0  -0.0141426   0.0192829 -0.00285181
  0.0141426           0  0.00614562     0.02309
 -0.0192829 -0.00614562           0 -0.00764913
 0.00285181    -0.02309  0.00764913           0
EndNode1[0]<--->Repeater1[0]
REAL
   0.453086 -0.00949328 -0.00609348    0.300329
-0.00949328   0.0407407  -0.0105851 -0.00544498
-0.00609348  -0.0105851   0.0641975  -0.0174298
   0.300329 -0.00544498  -0.0174298    0.441975
IMAGINARY
          0   0.0155397 -0.00412721  0.00648787
 -0.0155397           0  -0.0207366   -0.003487
 0.00412721   0.0207366           0  0.00603395
-0.00648787    0.003487 -0.00603395           0
EndNode2[0]<--->HoM1[0]
REAL
   0.453086 -0.00179001  -0.0291144     0.29969
-0.00179001   0.0506173   0.0272584   0.0073178
 -0.0291144   0.0272584   0.0666667 -0.00547551
    0.29969   0.0073178 -0.00547551     0.42963
IMAGINARY
          0   0.0189433 -0.00491984   0.0144928
 -0.0189433           0   0.0111989  -0.0152362
 0.00491984  -0.0111989           0 -0.00268838
 -0.0144928   0.0152362  0.00268838           0
Repeater1[0]<--->EndNode1[0]
REAL
   0.453086 -0.00609348 -0.00949328    0.300329
-0.00609348   0.0641975  -0.0105851  -0.0174298
-0.00949328  -0.0105851   0.0407407 -0.00544498
   0.300329  -0.0174298 -0.00544498    0.441975
IMAGINARY
          0 -0.00412721   0.0155397  0.00648787
 0.00412721           0   0.0207366  0.00603395
 -0.0155397  -0.0207366           0   -0.003487
-0.00648787 -0.00603395    0.003487           0
Repeater1[0]<--->HoM1[0]
REAL
   0.453086  -0.0291144 -0.00179001     0.29969
 -0.0291144   0.0666667   0.0272584 -0.00547551
-0.00179001   0.0272584   0.0506173   0.0073178
    0.29969 -0.00547551   0.0073178     0.42963
IMAGINARY
          0 -0.00491984   0.0189433   0.0144928
 0.00491984           0  -0.0111989 -0.00268838
 -0.0189433   0.0111989           0  -0.0152362
 -0.0144928  0.00268838   0.0152362           0
EndNode1[0]<--->Repeater1[0]
REAL
    0.427441 -0.000645902    -0.014831     0.306452
-0.000645902     0.055409    0.0198028   -0.0269965
   -0.014831    0.0198028    0.0540897   -0.0193026
    0.306452   -0.0269965   -0.0193026     0.463061
IMAGINARY
          0   0.0194662  -0.0196855   0.0259688
 -0.0194662           0 -0.00745025  0.00790537
  0.0196855  0.00745025           0   0.0119474
 -0.0259688 -0.00790537  -0.0119474           0
EndNode2[0]<--->HoM1[0]
REAL
    0.455939   0.00156938  -0.00770532     0.300246
  0.00156938    0.0332056  -0.00197882  -0.00219567
 -0.00770532  -0.00197882     0.045977 -0.000331758
    0.300246  -0.00219567 -0.000331758     0.464879
IMAGINARY
           0   0.00730678    0.0105877   0.00840223
 -0.00730678            0   0.00905412  -0.00131703
  -0.0105877  -0.00905412            0  0.000727832
 -0.00840223   0.00131703 -0.000727832            0
Repeater1[0]<--->EndNode1[0]
REAL
    0.427441    -0.014831 -0.000645902     0.306452
   -0.014831    0.0540897    0.0198028   -0.0193026
-0.000645902    0.0198028     0.055409   -0.0269965
    0.306452   -0.0193026   -0.0269965     0.463061
IMAGINARY
          0  -0.0196855   0.0194662   0.0259688
  0.0196855           0  0.00745025   0.0119474
 -0.0194662 -0.00745025           0  0.00790537
 -0.0259688  -0.0119474 -0.00790537           0
Repeater1[0]<--->HoM1[0]
REAL
    0.455939  -0.00770532   0.00156938     0.300246
 -0.00770532     0.045977  -0.00197882 -0.000331758
  0.00156938  -0.00197882    0.0332056  -0.00219567
    0.300246 -0.000331758  -0.00219567     0.464879
IMAGINARY
           0    0.0105877   0.00730678   0.00840223
  -0.0105877            0  -0.00905412  0.000727832
 -0.00730678   0.00905412            0  -0.00131703
 -0.00840223 -0.000727832   0.00131703            0
EndNode1[0]<--->Repeater1[0]
REAL
    0.43734 -0.00687741 -0.00226471    0.297421
-0.00687741   0.0485934   0.0124748  0.00486888
-0.00226471   0.0124748   0.0460358  -0.0139559
   0.297421  0.00486888  -0.0139559    0.468031
IMAGINARY
          0   0.0220743   -0.031653   0.0104293
 -0.0220743           0  0.00179719  -0.0113578
   0.031653 -0.00179719           0   0.0128719
 -0.0104293   0.0113578  -0.0128719           0
EndNode2[0]<--->HoM1[0]
REAL
    0.46312  0.00465404   0.0114972    0.292081
 0.00465404   0.0556227   0.0186946   0.0101848
  0.0114972   0.0186946   0.0423216 -0.00925325
   0.292081   0.0101848 -0.00925325    0.438936
IMAGINARY
          0  0.00428195   -0.030303  -0.0132553
-0.00428195           0   0.0193678   0.0191041
   0.030303  -0.0193678           0  0.00428195
  0.0132553  -0.0191041 -0.00428195           0
Repeater1[0]<--->EndNode1[0]
REAL
    0.43734 -0.00226471 -0.00687741    0.297421
-0.00226471   0.0460358   0.0124748  -0.0139559
-0.00687741   0.0124748   0.0485934  0.00486888
   0.297421  -0.0139559  0.00486888    0.468031
IMAGINARY
          0   -0.031653   0.0220743   0.0104293
   0.031653           0 -0.00179719   0.0128719
 -0.0220743  0.00179719           0  -0.0113578
 -0.0104293  -0.0128719   0.0113578           0
Repeater1[0]<--->HoM1[0]
REAL
    0.46312   0.0114972  0.00465404    0.292081
  0.0114972   0.0423216   0.0186946 -0.00925325
 0.00465404   0.0186946   0.0556227   0.0101848
   0.292081 -0.00925325   0.0101848    0.438936
IMAGINARY
          0   -0.030303  0.00428195  -0.0132553
   0.030303           0  -0.0193678  0.00428195
-0.00428195   0.0193678           0   0.0191041
  0.0132553 -0.00428195  -0.0191041           0
EndNode1[0]<--->Repeater1[0]
REAL
  0.465116  0.0150678  0.0168314     0.2955
 0.0150678  0.0594315 0.00152993 0.00915873
 0.0168314 0.00152993  0.0503876 0.00349655
    0.2955 0.00915873 0.00349655   0.425065
IMAGINARY
           0  -0.00884666     0.011702  0.000440853
  0.00884666            0   -0.0100194    0.0209613
   -0.011702    0.0100194            0   0.00884666
-0.000440853   -0.0209613  -0.00884666            0
EndNode2[0]<--->HoM1[0]
REAL
  0.440308  0.0115599 -0.0127014    0.28549
 0.0115599   0.055199 0.00757097 -0.0127014
-0.0127014 0.00757097  0.0487805 0.00888615
   0.28549 -0.0127014 0.00888615   0.455712
IMAGINARY
           0   -0.0013624 -6.49506e-05   0.00437441
   0.0013624            0    0.0230841   0.00387206
 6.49506e-05   -0.0230841            0    0.0013624
 -0.00437441  -0.00387206   -0.0013624            0
Repeater1[0]<--->EndNode1[0]
REAL
  0.465116  0.0168314  0.0150678     0.2955
 0.0168314  0.0503876 0.00152993 0.00349655
 0.0150678 0.00152993  0.0594315 0.00915873
    0.2955 0.00349655 0.00915873   0.425065
IMAGINARY
           0     0.011702  -0.00884666  0.000440853
   -0.011702            0    0.0100194   0.00884666
  0.00884666   -0.0100194            0    0.0209613
-0.000440853  -0.00884666   -0.0209613            0
Repeater1[0]<--->HoM1[0]
REAL
  0.440308 -0.0127014  0.0115599    0.28549
-0.0127014  0.0487805 0.00757097 0.00888615
 0.0115599 0.00757097   0.055199 -0.0127014
   0.28549 0.00888615 -0.0127014   0.455712
IMAGINARY
           0 -6.49506e-05   -0.0013624   0.00437441
 6.49506e-05            0   -0.0230841    0.0013624
   0.0013624    0.0230841            0   0.00387206
 -0.00437441   -0.0013624  -0.00387206            0
EndNode1[0]<--->Repeater1[0]
REAL
   0.429129  0.00301205  0.00347363    0.309659
 0.00301205    0.053316 -0.00243022  0.00736974
 0.00347363 -0.00243022   0.0507152  0.00301205
   0.309659  0.00736974  0.00301205     0.46684
IMAGINARY
          0  0.00874533 -0.00813418 -0.00165942
-0.00874533           0  0.00473445  -0.0109197
 0.00813418 -0.00473445           0 -0.00940236
 0.00165942   0.0109197  0.00940236           0
EndNode2[0]<--->HoM1[0]
REAL
    0.434893    0.0115223    0.0199237      0.30547
   0.0115223    0.0632111   0.00671953 -2.31555e-05
   0.0199237   0.00671953      0.05689    0.0170847
     0.30547 -2.31555e-05    0.0170847     0.445006
IMAGINARY
           0    0.0101414   0.00351382  -0.00134409
  -0.0101414            0   0.00537634   -0.0247638
 -0.00351382  -0.00537634            0 -0.000141388
  0.00134409    0.0247638  0.000141388            0
Repeater1[0]<--->EndNode1[0]
REAL
   0.429129  0.00347363  0.00301205    0.309659
 0.00347363   0.0507152 -0.00243022  0.00301205
 0.00301205 -0.00243022    0.053316  0.00736974
   0.309659  0.00301205  0.00736974     0.46684
IMAGINARY
          0 -0.00813418  0.00874533 -0.00165942
 0.00813418           0 -0.00473445 -0.00940236
-0.00874533  0.00473445           0  -0.0109197
 0.00165942  0.00940236   0.0109197           0
Repeater1[0]<--->HoM1[0]
REAL
    0.434893    0.0199237    0.0115223      0.30547
   0.0199237      0.05689   0.00671953    0.0170847
   0.0115223   0.00671953    0.0632111 -2.31555e-05
     0.30547    0.0170847 -2.31555e-05     0.445006
IMAGINARY
           0   0.00351382    0.0101414  -0.00134409
 -0.00351382            0  -0.00537634 -0.000141388
  -0.0101414   0.00537634            0   -0.0247638
  0.00134409  0.000141388    0.0247638            0
EndNode1[0]<--->Repeater1[0]
REAL
    0.480649  -0.00126864 -0.000882114     0.301509
 -0.00126864    0.0436954   0.00845164     0.013333
-0.000882114   0.00845164    0.0436954    0.0307575
    0.301509     0.013333    0.0307575      0.43196
IMAGINARY
          0  -0.0100652 -0.00655071   0.0113095
  0.0100652           0  0.00313341   0.0178992
 0.00655071 -0.00313341           0  -0.0132993
 -0.0113095  -0.0178992   0.0132993           0
EndNode2[0]<--->HoM1[0]
REAL
   0.460976 -0.00145049  -0.0230121    0.290874
-0.00145049   0.0463415  0.00486556  0.00296195
 -0.0230121  0.00486556   0.0682927   -0.012334
   0.290874  0.00296195   -0.012334     0.42439
IMAGINARY
           0  -0.00414683  -0.00436537   0.00261503
  0.00414683            0 -0.000139787    0.0132817
  0.00436537  0.000139787            0  -0.00476949
 -0.00261503   -0.0132817   0.00476949            0
Repeater1[0]<--->EndNode1[0]
REAL
    0.480649 -0.000882114  -0.00126864     0.301509
-0.000882114    0.0436954   0.00845164    0.0307575
 -0.00126864   0.00845164    0.0436954     0.013333
    0.301509    0.0307575     0.013333      0.43196
IMAGINARY
          0 -0.00655071  -0.0100652   0.0113095
 0.00655071           0 -0.00313341  -0.0132993
  0.0100652  0.00313341           0   0.0178992
 -0.0113095   0.0132993  -0.0178992           0
Repeater1[0]<--->HoM1[0]
REAL
   0.460976  -0.0230121 -0.00145049    0.290874
 -0.0230121   0.0682927  0.00486556   -0.012334
-0.00145049  0.00486556   0.0463415  0.00296195
   0.290874   -0.012334  0.00296195     0.42439
IMAGINARY
           0  -0.00436537  -0.00414683   0.00261503
  0.00436537            0  0.000139787  -0.00476949
  0.00414683 -0.000139787            0    0.0132817
 -0.00261503   0.00476949   -0.0132817            0
EndNode1[0]<--->Repeater1[0]
REAL
   0.472868  0.00269237 0.000354662      0.3036
 0.00269237   0.0452196  -0.0103244 -0.00222266
0.000354662  -0.0103244   0.0516796  -0.0120323
     0.3036 -0.00222266  -0.0120323    0.430233
IMAGINARY
          0   0.0106267  -0.0271137  -0.0319415
 -0.0106267           0   0.0259813 -0.00706354
  0.0271137  -0.0259813           0   0.0222847
  0.0319415  0.00706354  -0.0222847           0
EndNode2[0]<--->HoM1[0]
REAL
   0.434194  -0.0214674  0.00767384    0.293894
 -0.0214674   0.0430504   0.0050746  -0.0295811
 0.00767384   0.0050746   0.0541205 -0.00559442
   0.293894  -0.0295811 -0.00559442    0.468635
IMAGINARY
          0   0.0118577  -0.0229215  -0.0108377
 -0.0118577           0 -0.00281635  0.00118235
  0.0229215  0.00281635           0  0.00988142
  0.0108377 -0.00118235 -0.00988142           0
Repeater1[0]<--->EndNode1[0]
REAL
   0.472868 0.000354662  0.00269237      0.3036
0.000354662   0.0516796  -0.0103244  -0.0120323
 0.00269237  -0.0103244   0.0452196 -0.00222266
     0.3036  -0.0120323 -0.00222266    0.430233
IMAGINARY
          0  -0.0271137   0.0106267  -0.0319415
  0.0271137           0  -0.0259813   0.0222847
 -0.0106267   0.0259813           0 -0.00706354
  0.0319415  -0.0222847  0.00706354           0
Repeater1[0]<--->HoM1[0]
REAL
   0.434194  0.00767384  -0.0214674    0.293894
 0.00767384   0.0541205   0.0050746 -0.00559442
 -0.0214674   0.0050746   0.0430504  -0.0295811
   0.293894 -0.00559442  -0.0295811    0.468635
IMAGINARY
          0  -0.0229215   0.0118577  -0.0108377
  0.0229215           0  0.00281635  0.00988142
 -0.0118577 -0.00281635           0  0.00118235
  0.0108377 -0.00988142 -0.00118235           0
EndNode1[0]<--->Repeater1[0]
REAL
  0.456163  0.0186139  0.0210998   0.290987
 0.0186139  0.0546379 0.00394984 0.00421667
 0.0210998 0.00394984  0.0660737 0.00417095
  0.290987 0.00421667 0.00417095   0.423126
IMAGINARY
          0 -0.00711549 -0.00562823 -0.00828154
 0.00711549           0   0.0370585 -0.00892204
 0.00562823  -0.0370585           0   -0.016694
 0.00828154  0.00892204    0.016694           0
EndNode2[0]<--->HoM1[0]
REAL
    0.443409 -0.000690026    0.0107005     0.289646
-0.000690026    0.0519308  0.000555048   -0.0069317
   0.0107005  0.000555048    0.0532623  -0.00684766
    0.289646   -0.0069317  -0.00684766     0.451398
IMAGINARY
          0  0.00681637  -0.0127143  -0.0144911
-0.00681637           0 -0.00661708   0.0133204
  0.0127143  0.00661708           0  -0.0243921
  0.0144911  -0.0133204   0.0243921           0
Repeater1[0]<--->EndNode1[0]
REAL
  0.456163  0.0210998  0.0186139   0.290987
 0.0210998  0.0660737 0.00394984 0.00417095
 0.0186139 0.00394984  0.0546379 0.00421667
  0.290987 0.00417095 0.00421667   0.423126
IMAGINARY
          0 -0.00562823 -0.00711549 -0.00828154
 0.00562823           0  -0.0370585   -0.016694
 0.00711549   0.0370585           0 -0.00892204
 0.00828154    0.016694  0.00892204           0
Repeater1[0]<--->HoM1[0]
REAL
    0.443409    0.0107005 -0.000690026     0.289646
   0.0107005    0.0532623  0.000555048  -0.00684766
-0.000690026  0.000555048    0.0519308   -0.0069317
    0.289646  -0.00684766   -0.0069317     0.451398
IMAGINARY
          0  -0.0127143  0.00681637  -0.0144911
  0.0127143           0  0.00661708  -0.0243921
-0.00681637 -0.00661708           0   0.0133204
  0.0144911   0.0243921  -0.0133204           0
EndNode1[0]<--->Repeater1[0]
REAL
   0.409499   0.0123037 -0.00588765    0.286319
  0.0123037   0.0603338   -0.016498   0.0135603
-0.00588765   -0.016498   0.0346598  -0.0174188
   0.286319   0.0135603  -0.0174188    0.495507
IMAGINARY
          0  0.00853926 -0.00966815   0.0162516
-0.00853926           0  0.00260401   0.0205516
 0.00966815 -0.00260401           0  -0.0245444
 -0.0162516  -0.0205516   0.0245444           0
EndNode2[0]<--->HoM1[0]
REAL
    0.475888   0.00954372 -0.000993631     0.297279
  0.00954372    0.0507614  0.000236259     -0.02323
-0.000993631  0.000236259    0.0456853   -0.0250717
    0.297279     -0.02323   -0.0250717     0.427665
IMAGINARY
           0 -0.000814446     0.008707   -0.0176303
 0.000814446            0    0.0136197   -0.0100511
   -0.008707   -0.0136197            0    0.0196317
   0.0176303    0.0100511   -0.0196317            0
Repeater1[0]<--->EndNode1[0]
REAL
   0.409499 -0.00588765   0.0123037    0.286319
-0.00588765   0.0346598   -0.016498  -0.0174188
  0.0123037   -0.016498   0.0603338   0.0135603
   0.286319  -0.0174188   0.0135603    0.495507
IMAGINARY
          0 -0.00966815  0.00853926   0.0162516
 0.00966815           0 -0.00260401  -0.0245444
-0.00853926  0.00260401           0   0.0205516
 -0.0162516   0.0245444  -0.0205516           0
Repeater1[0]<--->HoM1[0]
REAL
    0.475888 -0.000993631   0.00954372     0.297279
-0.000993631    0.0456853  0.000236259   -0.0250717
  0.00954372  0.000236259    0.0507614     -0.02323
    0.297279   -0.0250717     -0.02323     0.427665
IMAGINARY
           0     0.008707 -0.000814446   -0.0176303
   -0.008707            0   -0.0136197    0.0196317
 0.000814446    0.0136197            0   -0.0100511
   0.0176303   -0.0196317    0.0100511            0
EndNode1[0]<--->Repeater1[0]
REAL
   0.441509   0.0191497 -0.00394191    0.322238
  0.0191497    0.045283 0.000103735  0.00865255
-0.00394191 0.000103735   0.0566038 -0.00367189
   0.322238  0.00865255 -0.00367189    0.456604
IMAGINARY
           0   -0.0164226   -0.0209431 -0.000318443
   0.0164226            0  -0.00473206   0.00052152
   0.0209431   0.00473206            0    0.0249865
 0.000318443  -0.00052152   -0.0249865            0
EndNode2[0]<--->HoM1[0]
REAL
   0.444444 -0.00829674  0.00360644    0.310218
-0.00829674   0.0638889  0.00700036  -0.0161892
 0.00360644  0.00700036   0.0597222 -0.00428604
   0.310218  -0.0161892 -0.00428604    0.431944
IMAGINARY
          0 -0.00689999 -0.00678424  -0.0109244
 0.00689999           0   0.0084055 -0.00311675
 0.00678424  -0.0084055           0  0.00813761
  0.0109244  0.00311675 -0.00813761           0
Repeater1[0]<--->EndNode1[0]
REAL
   0.441509 -0.00394191   0.0191497    0.322238
-0.00394191   0.0566038 0.000103735 -0.00367189
  0.0191497 0.000103735    0.045283  0.00865255
   0.322238 -0.00367189  0.00865255    0.456604
IMAGINARY
           0   -0.0209431   -0.0164226 -0.000318443
   0.0209431            0   0.00473206    0.0249865
   0.0164226  -0.00473206            0   0.00052152
 0.000318443   -0.0249865  -0.00052152            0
Repeater1[0]<--->HoM1[0]
REAL
   0.444444  0.00360644 -0.00829674    0.310218
 0.00360644   0.0597222  0.00700036 -0.00428604
-0.00829674  0.00700036   0.0638889  -0.0161892
   0.310218 -0.00428604  -0.0161892    0.431944
IMAGINARY
          0 -0.00678424 -0.00689999  -0.0109244
 0.00678424           0  -0.0084055  0.00813761
 0.00689999   0.0084055           0 -0.00311675
  0.0109244 -0.00813761  0.00311675           0
EndNode1[0]<--->Repeater1[0]
REAL
   0.448549  -0.0116098 -0.00534872    0.294049
 -0.0116098   0.0474934   0.0148115 -0.00730951
-0.00534872   0.0148115    0.060686 -0.00737759
   0.294049 -0.00730951 -0.00737759    0.443272
IMAGINARY
          0  0.00597752  -0.0271638   0.0278329
-0.00597752           0   -0.011493  0.00416777
  0.0271638    0.011493           0   0.0222748
 -0.0278329 -0.00416777  -0.0222748           0
EndNode2[0]<--->HoM1[0]
REAL
    0.470052    0.0138215 -0.000940175     0.311044
   0.0138215    0.0546875    0.0064464    0.0142482
-0.000940175    0.0064464    0.0429688   -0.0131878
    0.311044    0.0142482   -0.0131878     0.432292
IMAGINARY
           0    0.0166229  0.000254455   -0.0164712
  -0.0166229            0  -0.00458138   -0.0200501
-0.000254455   0.00458138            0  -0.00321294
   0.0164712    0.0200501   0.00321294            0
Repeater1[0]<--->EndNode1[0]
REAL
   0.448549 -0.00534872  -0.0116098    0.294049
-0.00534872    0.060686   0.0148115 -0.00737759
 -0.0116098   0.0148115   0.0474934 -0.00730951
   0.294049 -0.00737759 -0.00730951    0.443272
IMAGINARY
          0  -0.0271638  0.00597752   0.0278329
  0.0271638           0    0.011493   0.0222748
-0.00597752   -0.011493           0  0.00416777
 -0.0278329  -0.0222748 -0.00416777           0
Repeater1[0]<--->HoM1[0]
REAL
    0.470052 -0.000940175    0.0138215     0.311044
-0.000940175    0.0429688    0.0064464   -0.0131878
   0.0138215    0.0064464    0.0546875    0.0142482
    0.311044   -0.0131878    0.0142482     0.432292
IMAGINARY
           0  0.000254455    0.0166229   -0.0164712
-0.000254455            0   0.00458138  -0.00321294
  -0.0166229  -0.00458138            0   -0.0200501
   0.0164712   0.00321294    0.0200501            0
EndNode1[0]<--->Repeater1[0]
REAL
   0.427673  -0.0100388   0.0196538    0.282861
 -0.0100388   0.0540881  0.00423541 0.000346205
  0.0196538  0.00423541   0.0540881  0.00552272
   0.282861 0.000346205  0.00552272    0.464151
IMAGINARY
           0   -0.0241569  6.77638e-06    0.0120096
   0.0241569            0   -0.0044338    0.0139881
-6.77638e-06    0.0044338            0   -0.0178278
  -0.0120096   -0.0139881    0.0178278            0
EndNode2[0]<--->HoM1[0]
REAL
   0.447433    0.031385   0.0156897    0.274301
   0.031385   0.0550122   0.0056731    0.007367
  0.0156897   0.0056731   0.0525672 -0.00437575
   0.274301    0.007367 -0.00437575    0.444988
IMAGINARY
          0 -0.00773957   0.0148326  -0.0284068
 0.00773957           0  0.00369197  -0.0128719
 -0.0148326 -0.00369197           0  -0.0190578
  0.0284068   0.0128719   0.0190578           0
Repeater1[0]<--->EndNode1[0]
REAL
   0.427673   0.0196538  -0.0100388    0.282861
  0.0196538   0.0540881  0.00423541  0.00552272
 -0.0100388  0.00423541   0.0540881 0.000346205
   0.282861  0.00552272 0.000346205    0.464151
IMAGINARY
           0  6.77638e-06   -0.0241569    0.0120096
-6.77638e-06            0    0.0044338   -0.0178278
   0.0241569   -0.0044338            0    0.0139881
  -0.0120096    0.0178278   -0.0139881            0
Repeater1[0]<--->HoM1[0]
REAL
   0.447433   0.0156897    0.031385    0.274301
  0.0156897   0.0525672   0.0056731 -0.00437575
   0.031385   0.0056731   0.0550122    0.007367
   0.274301 -0.00437575    0.007367    0.444988
IMAGINARY
          0   0.0148326 -0.00773957  -0.0284068
 -0.0148326           0 -0.00369197  -0.0190578
 0.00773957  0.00369197           0  -0.0128719
  0.0284068   0.0190578   0.0128719           0
EndNode1[0]<--->Repeater1[0]
REAL
   0.456897 -0.00967314    0.012667    0.283061
-0.00967314   0.0640394   0.0104452  0.00551484
   0.012667   0.0104452   0.0652709   0.0161666
   0.283061  0.00551484   0.0161666    0.413793
IMAGINARY
          0 -0.00130276  0.00744792  -0.0126525
 0.00130276           0 -0.00201418 -0.00500293
-0.00744792  0.00201418           0  0.00374775
  0.0126525  0.00500293 -0.00374775           0
EndNode2[0]<--->HoM1[0]
REAL
   0.468956  0.00832574 -0.00345314    0.299082
 0.00832574   0.0488771  0.00334245 0.000422833
-0.00345314  0.00334245   0.0501982  -0.0101439
   0.299082 0.000422833  -0.0101439    0.431968
IMAGINARY
          0   -0.011389  0.00706289  -0.0101578
   0.011389           0   0.0232612   0.0154935
-0.00706289  -0.0232612           0  -0.0224455
  0.0101578  -0.0154935   0.0224455           0
Repeater1[0]<--->EndNode1[0]
REAL
   0.456897    0.012667 -0.00967314    0.283061
   0.012667   0.0652709   0.0104452   0.0161666
-0.00967314   0.0104452   0.0640394  0.00551484
   0.283061   0.0161666  0.00551484    0.413793
IMAGINARY
          0  0.00744792 -0.00130276  -0.0126525
-0.00744792           0  0.00201418  0.00374775
 0.00130276 -0.00201418           0 -0.00500293
  0.0126525 -0.00374775  0.00500293           0
Repeater1[0]<--->HoM1[0]
REAL
   0.468956 -0.00345314  0.00832574    0.299082
-0.00345314   0.0501982  0.00334245  -0.0101439
 0.00832574  0.00334245   0.0488771 0.000422833
   0.299082  -0.0101439 0.000422833    0.431968
IMAGINARY
          0  0.00706289   -0.011389  -0.0101578
-0.00706289           0  -0.0232612  -0.0224455
   0.011389   0.0232612           0   0.0154935
  0.0101578   0.0224455  -0.0154935           0
EndNode1[0]<--->Repeater1[0]
REAL
   0.446565  0.00116078  -0.0180305    0.296438
 0.00116078   0.0458015 0.000544224 -0.00185975
 -0.0180305 0.000544224   0.0597964  -0.0128206
   0.296438 -0.00185975  -0.0128206    0.447837
IMAGINARY
          0 -0.00602318  0.00322267  0.00382653
 0.00602318           0  0.00892857  -0.0044304
-0.00322267 -0.00892857           0   0.0253469
-0.00382653   0.0044304  -0.0253469           0
EndNode2[0]<--->HoM1[0]
REAL
   0.452055 -0.00798723 -0.00860204    0.288874
-0.00798723   0.0572852   0.0096054 -0.00470594
-0.00860204   0.0096054   0.0610212  0.00355123
   0.288874 -0.00470594  0.00355123    0.429639
IMAGINARY
          0   0.0255989    0.007632  -0.0211736
 -0.0255989           0  0.00561207 -0.00885151
  -0.007632 -0.00561207           0   0.0109865
  0.0211736  0.00885151  -0.0109865           0
Repeater1[0]<--->EndNode1[0]
REAL
   0.446565  -0.0180305  0.00116078    0.296438
 -0.0180305   0.0597964 0.000544224  -0.0128206
 0.00116078 0.000544224   0.0458015 -0.00185975
   0.296438  -0.0128206 -0.00185975    0.447837
IMAGINARY
          0  0.00322267 -0.00602318  0.00382653
-0.00322267           0 -0.00892857   0.0253469
 0.00602318  0.00892857           0  -0.0044304
-0.00382653  -0.0253469   0.0044304           0
Repeater1[0]<--->HoM1[0]
REAL
   0.452055 -0.00860204 -0.00798723    0.288874
-0.00860204   0.0610212   0.0096054  0.00355123
-0.00798723   0.0096054   0.0572852 -0.00470594
   0.288874  0.00355123 -0.00470594    0.429639
IMAGINARY
          0    0.007632   0.0255989  -0.0211736
  -0.007632           0 -0.00561207   0.0109865
 -0.0255989  0.00561207           0 -0.00885151
  0.0211736  -0.0109865  0.00885151           0
EndNode1[0]<--->Repeater1[0]
REAL
    0.479849  -0.00389517    0.0113754     0.281301
 -0.00389517    0.0478589 -0.000565429   0.00826977
   0.0113754 -0.000565429    0.0516373   0.00706374
    0.281301   0.00826977   0.00706374     0.420655
IMAGINARY
          0 -0.00138238  -0.0033202  -0.0025855
 0.00138238           0  -0.0298335  0.00660535
  0.0033202   0.0298335           0 -0.00715901
  0.0025855 -0.00660535  0.00715901           0
EndNode2[0]<--->HoM1[0]
REAL
  0.475716  0.0227173  0.0243532   0.306161
 0.0227173  0.0423412 0.00336241  0.0107345
 0.0243532 0.00336241  0.0460772 -0.0101859
  0.306161  0.0107345 -0.0101859   0.435866
IMAGINARY
          0  -7.931e-05 -0.00417095  0.00189521
  7.931e-05           0  -0.0198439  -0.0200021
 0.00417095   0.0198439           0   0.0077129
-0.00189521   0.0200021  -0.0077129           0
Repeater1[0]<--->EndNode1[0]
REAL
    0.479849    0.0113754  -0.00389517     0.281301
   0.0113754    0.0516373 -0.000565429   0.00706374
 -0.00389517 -0.000565429    0.0478589   0.00826977
    0.281301   0.00706374   0.00826977     0.420655
IMAGINARY
          0  -0.0033202 -0.00138238  -0.0025855
  0.0033202           0   0.0298335 -0.00715901
 0.00138238  -0.0298335           0  0.00660535
  0.0025855  0.00715901 -0.00660535           0
Repeater1[0]<--->HoM1[0]
REAL
  0.475716  0.0243532  0.0227173   0.306161
 0.0243532  0.0460772 0.00336241 -0.0101859
 0.0227173 0.00336241  0.0423412  0.0107345
  0.306161 -0.0101859  0.0107345   0.435866
IMAGINARY
          0 -0.00417095  -7.931e-05  0.00189521
 0.00417095           0   0.0198439   0.0077129
  7.931e-05  -0.0198439           0  -0.0200021
-0.00189521  -0.0077129   0.0200021           0
EndNode1[0]<--->Repeater1[0]
REAL
   0.449933   0.0190356  0.00405703    0.277599
  0.0190356   0.0360481 -0.00227477 -0.00275833
 0.00405703 -0.00227477   0.0440587 -0.00345118
   0.277599 -0.00275833 -0.00345118     0.46996
IMAGINARY
          0  -0.0112822   0.0111248  -0.0110705
  0.0112822           0    0.026994  0.00711415
 -0.0111248   -0.026994           0 -0.00821469
  0.0110705 -0.00711415  0.00821469           0
EndNode2[0]<--->HoM1[0]
REAL
  0.463694  0.0124417  0.0137029   0.302011
 0.0124417  0.0420382  0.0230207 -0.0092329
 0.0137029  0.0230207   0.056051  0.0239568
  0.302011 -0.0092329  0.0239568   0.438217
IMAGINARY
          0   0.0124142  0.00719682   -0.011738
 -0.0124142           0 -0.00872234  0.00985639
-0.00719682  0.00872234           0 -0.00763929
   0.011738 -0.00985639  0.00763929           0
Repeater1[0]<--->EndNode1[0]
REAL
   0.449933  0.00405703   0.0190356    0.277599
 0.00405703   0.0440587 -0.00227477 -0.00345118
  0.0190356 -0.00227477   0.0360481 -0.00275833
   0.277599 -0.00345118 -0.00275833     0.46996
IMAGINARY
          0   0.0111248  -0.0112822  -0.0110705
 -0.0111248           0   -0.026994 -0.00821469
  0.0112822    0.026994           0  0.00711415
  0.0110705  0.00821469 -0.00711415           0
Repeater1[0]<--->HoM1[0]
REAL
  0.463694  0.0137029  0.0124417   0.302011
 0.0137029   0.056051  0.0230207  0.0239568
 0.0124417  0.0230207  0.0420382 -0.0092329
  0.302011  0.0239568 -0.0092329   0.438217
IMAGINARY
          0  0.00719682   0.0124142   -0.011738
-0.00719682           0  0.00872234 -0.00763929
 -0.0124142 -0.00872234           0  0.00985639
   0.011738  0.00763929 -0.00985639           0
EndNode1[0]<--->Repeater1[0]
REAL
   0.443618  0.00562574 -0.00194393    0.305649
 0.00562574   0.0545229 -0.00791031 0.000687649
-0.00194393 -0.00791031   0.0520446  -0.0282388
   0.305649 0.000687649  -0.0282388    0.449814
IMAGINARY
           0   0.00244098  0.000460967  -0.00408719
 -0.00244098            0   0.00408719   0.00317099
-0.000460967  -0.00408719            0   0.00119098
  0.00408719  -0.00317099  -0.00119098            0
EndNode2[0]<--->HoM1[0]
REAL
   0.466749 -0.00470133   0.0123341    0.308055
-0.00470133    0.046798 0.000618275  -0.0212627
  0.0123341 0.000618275   0.0492611   0.0136299
   0.308055  -0.0212627   0.0136299    0.437192
IMAGINARY
          0  -0.0127228   0.0059486  -0.0141932
  0.0127228           0  -0.0305331  0.00533958
 -0.0059486   0.0305331           0   0.0133868
  0.0141932 -0.00533958  -0.0133868           0
Repeater1[0]<--->EndNode1[0]
REAL
   0.443618 -0.00194393  0.00562574    0.305649
-0.00194393   0.0520446 -0.00791031  -0.0282388
 0.00562574 -0.00791031   0.0545229 0.000687649
   0.305649  -0.0282388 0.000687649    0.449814
IMAGINARY
           0  0.000460967   0.00244098  -0.00408719
-0.000460967            0  -0.00408719   0.00119098
 -0.00244098   0.00408719            0   0.00317099
  0.00408719  -0.00119098  -0.00317099            0
Repeater1[0]<--->HoM1[0]
REAL
   0.466749   0.0123341 -0.00470133    0.308055
  0.0123341   0.0492611 0.000618275   0.0136299
-0.00470133 0.000618275    0.046798  -0.0212627
   0.308055   0.0136299  -0.0212627    0.437192
IMAGINARY
          0   0.0059486  -0.0127228  -0.0141932
 -0.0059486           0   0.0305331   0.0133868
  0.0127228  -0.0305331           0  0.00533958
  0.0141932  -0.0133868 -0.00533958           0
EndNode1[0]<--->Repeater1[0]
REAL
   0.453678   0.0036728 0.000427313    0.300166
  0.0036728   0.0449591   0.0168764  -0.0117055
0.000427313   0.0168764   0.0490463    0.022643
   0.300166  -0.0117055    0.022643    0.452316
IMAGINARY
          0  0.00392138  0.00207904 -0.00189354
