EndNode1[0]<--->Repeater1[0]
REAL
  0.390146 0.00624353 0.00352751   0.321199
0.00624353  0.0785619  0.0156433  0.0135778
0.00352751  0.0156433  0.0852197 0.00296699
  0.321199  0.0135778 0.00296699   0.446072
IMAGINARY
          0  -0.0116662    -0.01096 -0.00992021
  0.0116662           0 -0.00428817 -0.00166629
    0.01096  0.00428817           0   0.0091409
 0.00992021  0.00166629  -0.0091409           0
EndNode2[0]<--->HoM1[0]
REAL
   0.435484  -0.0113596 -0.00869408     0.32316
 -0.0113596   0.0752688   0.0336208 -0.00334648
-0.00869408   0.0336208   0.0819892  0.00565614
    0.32316 -0.00334648  0.00565614    0.407258
IMAGINARY
           0   -0.0111218   -0.0170724   0.00791058
   0.0111218            0   0.00416058 -0.000984885
   0.0170724  -0.00416058            0    0.0129898
 -0.00791058  0.000984885   -0.0129898            0
Repeater1[0]<--->EndNode1[0]
REAL
  0.390146 0.00352751 0.00624353   0.321199
0.00352751  0.0852197  0.0156433 0.00296699
0.00624353  0.0156433  0.0785619  0.0135778
  0.321199 0.00296699  0.0135778   0.446072
IMAGINARY
          0    -0.01096  -0.0116662 -0.00992021
    0.01096           0  0.00428817   0.0091409
  0.0116662 -0.00428817           0 -0.00166629
 0.00992021  -0.0091409  0.00166629           0
Repeater1[0]<--->HoM1[0]
REAL
   0.435484 -0.00869408  -0.0113596     0.32316
-0.00869408   0.0819892   0.0336208  0.00565614
 -0.0113596   0.0336208   0.0752688 -0.00334648
    0.32316  0.00565614 -0.00334648    0.407258
IMAGINARY
           0   -0.0170724   -0.0111218   0.00791058
   0.0170724            0  -0.00416058    0.0129898
   0.0111218   0.00416058            0 -0.000984885
 -0.00791058   -0.0129898  0.000984885            0
EndNode1[0]<--->Repeater1[0]
REAL
  0.406417 0.00872883  0.0126071   0.323718
0.00872883  0.0548128  0.0178665  0.0022444
 0.0126071  0.0178665  0.0935829 0.00117216
  0.323718  0.0022444 0.00117216   0.445187
IMAGINARY
          0  0.00288838  0.00210368  -0.0191751
-0.00288838           0 -0.00739497 -0.00609304
-0.00210368  0.00739497           0   0.0170584
  0.0191751  0.00609304  -0.0170584           0
EndNode2[0]<--->HoM1[0]
REAL
   0.453836 -0.00276558   0.0015387    0.326437
-0.00276558   0.0663199   0.0147321  0.00290857
  0.0015387   0.0147321   0.0689207   0.0135661
   0.326437  0.00290857   0.0135661    0.410923
IMAGINARY
          0  0.00518135  -0.0187372 -0.00989374
-0.00518135           0 -0.00299286   0.0263708
  0.0187372  0.00299286           0 -0.00518135
 0.00989374  -0.0263708  0.00518135           0
Repeater1[0]<--->EndNode1[0]
REAL
  0.406417  0.0126071 0.00872883   0.323718
 0.0126071  0.0935829  0.0178665 0.00117216
0.00872883  0.0178665  0.0548128  0.0022444
  0.323718 0.00117216  0.0022444   0.445187
IMAGINARY
          0  0.00210368  0.00288838  -0.0191751
-0.00210368           0  0.00739497   0.0170584
-0.00288838 -0.00739497           0 -0.00609304
  0.0191751  -0.0170584  0.00609304           0
Repeater1[0]<--->HoM1[0]
REAL
   0.453836   0.0015387 -0.00276558    0.326437
  0.0015387   0.0689207   0.0147321   0.0135661
-0.00276558   0.0147321   0.0663199  0.00290857
   0.326437   0.0135661  0.00290857    0.410923
IMAGINARY
          0  -0.0187372  0.00518135 -0.00989374
  0.0187372           0  0.00299286 -0.00518135
-0.00518135 -0.00299286           0   0.0263708
 0.00989374  0.00518135  -0.0263708           0
EndNode1[0]<--->Repeater1[0]
REAL
   0.391129  -0.0129734 -0.00973204    0.312346
 -0.0129734   0.0887097  0.00780667  0.00207898
-0.00973204  0.00780667   0.0819892 -0.00871029
   0.312346  0.00207898 -0.00871029    0.438172
IMAGINARY
          0  -0.0104432   -0.012366  -0.0124528
  0.0104432           0    0.010423 -0.00213586
   0.012366   -0.010423           0  -0.0141469
  0.0124528  0.00213586   0.0141469           0
EndNode2[0]<--->HoM1[0]
REAL
   0.424364 -0.00542294 -0.00377461    0.319048
-0.00542294   0.0910308   0.0172691 -0.00645557
-0.00377461   0.0172691   0.0896921   0.0130956
   0.319048 -0.00645557   0.0130956    0.394913
IMAGINARY
          0  -0.0151935  0.00934025 -0.00373831
  0.0151935           0   0.0266627 -0.00616363
-0.00934025  -0.0266627           0  -0.0286438
 0.00373831  0.00616363   0.0286438           0
Repeater1[0]<--->EndNode1[0]
REAL
   0.391129 -0.00973204  -0.0129734    0.312346
-0.00973204   0.0819892  0.00780667 -0.00871029
 -0.0129734  0.00780667   0.0887097  0.00207898
   0.312346 -0.00871029  0.00207898    0.438172
IMAGINARY
          0   -0.012366  -0.0104432  -0.0124528
   0.012366           0   -0.010423  -0.0141469
  0.0104432    0.010423           0 -0.00213586
  0.0124528   0.0141469  0.00213586           0
Repeater1[0]<--->HoM1[0]
REAL
   0.424364 -0.00377461 -0.00542294    0.319048
-0.00377461   0.0896921   0.0172691   0.0130956
-0.00542294   0.0172691   0.0910308 -0.00645557
   0.319048   0.0130956 -0.00645557    0.394913
IMAGINARY
          0  0.00934025  -0.0151935 -0.00373831
-0.00934025           0  -0.0266627  -0.0286438
  0.0151935   0.0266627           0 -0.00616363
 0.00373831   0.0286438  0.00616363           0
EndNode1[0]<--->Repeater1[0]
REAL
  0.422167  0.0126107 -0.0131671   0.313428
 0.0126107  0.0722291  0.0248643 0.00734567
-0.0131671  0.0248643  0.0821918 0.00873472
  0.313428 0.00734567 0.00873472   0.423412
IMAGINARY
          0 -0.00424778   0.0109581   0.0029819
 0.00424778           0 -0.00542689 -0.00430912
 -0.0109581  0.00542689           0  -0.0143692
 -0.0029819  0.00430912   0.0143692           0
EndNode2[0]<--->HoM1[0]
REAL
   0.419314  0.00473509  -0.0111608    0.301282
 0.00473509   0.0800508   0.0358974  0.00987878
 -0.0111608   0.0358974   0.0825921 -0.00217099
   0.301282  0.00987878 -0.00217099    0.418043
IMAGINARY
          0  0.00657157  -0.0224657   0.0369567
-0.00657157           0    0.010307  -0.0147138
  0.0224657   -0.010307           0   0.0165053
 -0.0369567   0.0147138  -0.0165053           0
Repeater1[0]<--->EndNode1[0]
REAL
  0.422167 -0.0131671  0.0126107   0.313428
-0.0131671  0.0821918  0.0248643 0.00873472
 0.0126107  0.0248643  0.0722291 0.00734567
  0.313428 0.00873472 0.00734567   0.423412
IMAGINARY
          0   0.0109581 -0.00424778   0.0029819
 -0.0109581           0  0.00542689  -0.0143692
 0.00424778 -0.00542689           0 -0.00430912
 -0.0029819   0.0143692  0.00430912           0
Repeater1[0]<--->HoM1[0]
REAL
   0.419314  -0.0111608  0.00473509    0.301282
 -0.0111608   0.0825921   0.0358974 -0.00217099
 0.00473509   0.0358974   0.0800508  0.00987878
   0.301282 -0.00217099  0.00987878    0.418043
IMAGINARY
          0  -0.0224657  0.00657157   0.0369567
  0.0224657           0   -0.010307   0.0165053
-0.00657157    0.010307           0  -0.0147138
 -0.0369567  -0.0165053   0.0147138           0
EndNode1[0]<--->Repeater1[0]
REAL
   0.410596    0.009292  -0.0028883    0.321651
   0.009292   0.0834437   0.0232212 -0.00480401
 -0.0028883   0.0232212   0.0980132  0.00481057
   0.321651 -0.00480401  0.00481057    0.407947
IMAGINARY
          0 -0.00281541   -0.005564  -0.0034519
 0.00281541           0   0.0279617   0.0225797
   0.005564  -0.0279617           0  -0.0194359
  0.0034519  -0.0225797   0.0194359           0
EndNode2[0]<--->HoM1[0]
REAL
   0.407359  -0.0259673  -0.0112774    0.297656
 -0.0259673   0.0630749   0.0227196  0.00323449
 -0.0112774   0.0227196    0.086728 -0.00352336
   0.297656  0.00323449 -0.00352336    0.442838
IMAGINARY
          0   0.0111409 -0.00947712  0.00790862
 -0.0111409           0  0.00264547  0.00947712
 0.00947712 -0.00264547           0   0.0195497
-0.00790862 -0.00947712  -0.0195497           0
Repeater1[0]<--->EndNode1[0]
REAL
   0.410596  -0.0028883    0.009292    0.321651
 -0.0028883   0.0980132   0.0232212  0.00481057
   0.009292   0.0232212   0.0834437 -0.00480401
   0.321651  0.00481057 -0.00480401    0.407947
IMAGINARY
          0   -0.005564 -0.00281541  -0.0034519
   0.005564           0  -0.0279617  -0.0194359
 0.00281541   0.0279617           0   0.0225797
  0.0034519   0.0194359  -0.0225797           0
Repeater1[0]<--->HoM1[0]
REAL
   0.407359  -0.0112774  -0.0259673    0.297656
 -0.0112774    0.086728   0.0227196 -0.00352336
 -0.0259673   0.0227196   0.0630749  0.00323449
   0.297656 -0.00352336  0.00323449    0.442838
IMAGINARY
          0 -0.00947712   0.0111409  0.00790862
 0.00947712           0 -0.00264547   0.0195497
 -0.0111409  0.00264547           0  0.00947712
-0.00790862  -0.0195497 -0.00947712           0
EndNode1[0]<--->Repeater1[0]
REAL
  0.410872 -0.0116504 -0.0215491   0.296358
-0.0116504  0.0771176  0.0175004  -0.013777
-0.0215491  0.0175004   0.091024  -0.022317
  0.296358  -0.013777  -0.022317   0.420986
IMAGINARY
          0  -0.0101313 -0.00683118  -0.0113189
  0.0101313           0   0.0170079  0.00622365
 0.00683118  -0.0170079           0  0.00587856
  0.0113189 -0.00622365 -0.00587856           0
EndNode2[0]<--->HoM1[0]
REAL
    0.43555  -0.0239524  0.00640511    0.325073
 -0.0239524   0.0759837 0.000303725 -0.00766139
 0.00640511 0.000303725   0.0786974  0.00133938
   0.325073 -0.00766139  0.00133938    0.409769
IMAGINARY
          0  0.00296012  0.00322142 -0.00638079
-0.00296012           0 -0.00764982  0.00138991
-0.00322142  0.00764982           0  0.00165122
 0.00638079 -0.00138991 -0.00165122           0
Repeater1[0]<--->EndNode1[0]
REAL
  0.410872 -0.0215491 -0.0116504   0.296358
-0.0215491   0.091024  0.0175004  -0.022317
-0.0116504  0.0175004  0.0771176  -0.013777
  0.296358  -0.022317  -0.013777   0.420986
IMAGINARY
          0 -0.00683118  -0.0101313  -0.0113189
 0.00683118           0  -0.0170079  0.00587856
  0.0101313   0.0170079           0  0.00622365
  0.0113189 -0.00587856 -0.00622365           0
Repeater1[0]<--->HoM1[0]
REAL
    0.43555  0.00640511  -0.0239524    0.325073
 0.00640511   0.0786974 0.000303725  0.00133938
 -0.0239524 0.000303725   0.0759837 -0.00766139
   0.325073  0.00133938 -0.00766139    0.409769
IMAGINARY
          0  0.00322142  0.00296012 -0.00638079
-0.00322142           0  0.00764982  0.00165122
-0.00296012 -0.00764982           0  0.00138991
 0.00638079 -0.00165122 -0.00138991           0
EndNode1[0]<--->Repeater1[0]
REAL
    0.415829   -0.0143431  -0.00297488     0.326286
  -0.0143431    0.0615578    0.0110153 -0.000993374
 -0.00297488    0.0110153    0.0879397   0.00640658
    0.326286 -0.000993374   0.00640658     0.434673
IMAGINARY
           0   -0.0117274    0.0129433  -0.00520751
   0.0117274            0  0.000583996    0.0104557
  -0.0129433 -0.000583996            0  -0.00920853
  0.00520751   -0.0104557   0.00920853            0
EndNode2[0]<--->HoM1[0]
REAL
    0.45108 1.55409e-05  0.00794485    0.314016
1.55409e-05   0.0762389 0.000213583   0.0230169
 0.00794485 0.000213583   0.0698856  0.00591331
   0.314016   0.0230169  0.00591331    0.402795
IMAGINARY
           0  -0.00481208   0.00254934   -0.0137783
  0.00481208            0   0.00612522    0.0130757
 -0.00254934  -0.00612522            0  0.000905833
   0.0137783   -0.0130757 -0.000905833            0
Repeater1[0]<--->EndNode1[0]
REAL
    0.415829  -0.00297488   -0.0143431     0.326286
 -0.00297488    0.0879397    0.0110153   0.00640658
  -0.0143431    0.0110153    0.0615578 -0.000993374
    0.326286   0.00640658 -0.000993374     0.434673
IMAGINARY
           0    0.0129433   -0.0117274  -0.00520751
  -0.0129433            0 -0.000583996  -0.00920853
   0.0117274  0.000583996            0    0.0104557
  0.00520751   0.00920853   -0.0104557            0
Repeater1[0]<--->HoM1[0]
REAL
    0.45108  0.00794485 1.55409e-05    0.314016
 0.00794485   0.0698856 0.000213583  0.00591331
1.55409e-05 0.000213583   0.0762389   0.0230169
   0.314016  0.00591331   0.0230169    0.402795
IMAGINARY
           0   0.00254934  -0.00481208   -0.0137783
 -0.00254934            0  -0.00612522  0.000905833
  0.00481208   0.00612522            0    0.0130757
   0.0137783 -0.000905833   -0.0130757            0
EndNode1[0]<--->Repeater1[0]
REAL
   0.400513 0.000299846 -0.00507614     0.31679
0.000299846   0.0731707  0.00935261 -0.00507614
-0.00507614  0.00935261   0.0667522  0.00096919
    0.31679 -0.00507614  0.00096919    0.459564
IMAGINARY
          0  -0.0180067 -0.00954644 -0.00114229
  0.0180067           0  -0.0157408 -0.00306976
 0.00954644   0.0157408           0   0.0133586
 0.00114229  0.00306976  -0.0133586           0
EndNode2[0]<--->HoM1[0]
REAL
   0.421384  0.00692521  -0.0184935    0.305267
 0.00692521   0.0981132  0.00894772   0.0147529
 -0.0184935  0.00894772   0.0792453 -0.00692521
   0.305267   0.0147529 -0.00692521    0.401258
IMAGINARY
          0 -0.00279431  0.00853842   0.0105153
 0.00279431           0  0.00292905    0.011707
-0.00853842 -0.00292905           0  0.00218081
 -0.0105153   -0.011707 -0.00218081           0
Repeater1[0]<--->EndNode1[0]
REAL
   0.400513 -0.00507614 0.000299846     0.31679
-0.00507614   0.0667522  0.00935261  0.00096919
0.000299846  0.00935261   0.0731707 -0.00507614
    0.31679  0.00096919 -0.00507614    0.459564
IMAGINARY
          0 -0.00954644  -0.0180067 -0.00114229
 0.00954644           0   0.0157408   0.0133586
  0.0180067  -0.0157408           0 -0.00306976
 0.00114229  -0.0133586  0.00306976           0
Repeater1[0]<--->HoM1[0]
REAL
   0.421384  -0.0184935  0.00692521    0.305267
 -0.0184935   0.0792453  0.00894772 -0.00692521
 0.00692521  0.00894772   0.0981132   0.0147529
   0.305267 -0.00692521   0.0147529    0.401258
IMAGINARY
          0  0.00853842 -0.00279431   0.0105153
-0.00853842           0 -0.00292905  0.00218081
 0.00279431  0.00292905           0    0.011707
 -0.0105153 -0.00218081   -0.011707           0
EndNode1[0]<--->Repeater1[0]
REAL
   0.436637  -0.0175849  -0.0140328    0.307617
 -0.0175849   0.0865747   0.0307141 -0.00878341
 -0.0140328   0.0307141   0.0740276 -0.00523123
   0.307617 -0.00878341 -0.00523123     0.40276
IMAGINARY
           0    0.0221052   -0.0118315    0.0115116
  -0.0221052            0  0.000683548   -0.0170399
   0.0118315 -0.000683548            0   -0.0168558
  -0.0115116    0.0170399    0.0168558            0
EndNode2[0]<--->HoM1[0]
REAL
  0.415671 0.00555896  0.0183402   0.318266
0.00555896  0.0836653   0.028593  0.0039111
 0.0183402   0.028593  0.0876494 0.00753005
  0.318266  0.0039111 0.00753005   0.413015
IMAGINARY
          0  -0.0327758  0.00921176 -0.00972932
  0.0327758           0  0.00452099  -0.0117307
-0.00921176 -0.00452099           0 -0.00878591
 0.00972932   0.0117307  0.00878591           0
Repeater1[0]<--->EndNode1[0]
REAL
   0.436637  -0.0140328  -0.0175849    0.307617
 -0.0140328   0.0740276   0.0307141 -0.00523123
 -0.0175849   0.0307141   0.0865747 -0.00878341
   0.307617 -0.00523123 -0.00878341     0.40276
IMAGINARY
           0   -0.0118315    0.0221052    0.0115116
   0.0118315            0 -0.000683548   -0.0168558
  -0.0221052  0.000683548            0   -0.0170399
  -0.0115116    0.0168558    0.0170399            0
Repeater1[0]<--->HoM1[0]
REAL
  0.415671  0.0183402 0.00555896   0.318266
 0.0183402  0.0876494   0.028593 0.00753005
0.00555896   0.028593  0.0836653  0.0039111
  0.318266 0.00753005  0.0039111   0.413015
IMAGINARY
          0  0.00921176  -0.0327758 -0.00972932
-0.00921176           0 -0.00452099 -0.00878591
  0.0327758  0.00452099           0  -0.0117307
 0.00972932  0.00878591   0.0117307           0
EndNode1[0]<--->Repeater1[0]
REAL
   0.406494  0.00775894   -0.015829     0.30934
 0.00775894   0.0753247   0.0398142 -0.00432701
  -0.015829   0.0398142   0.0922078  -0.0149111
    0.30934 -0.00432701  -0.0149111    0.425974
IMAGINARY
           0  -0.00100669     0.008328    0.0124107
  0.00100669            0  -0.00743561 -5.33504e-06
   -0.008328   0.00743561            0  -0.00219434
  -0.0124107  5.33504e-06   0.00219434            0
EndNode2[0]<--->HoM1[0]
REAL
       0.4 -0.0116479 0.00581788    0.31531
-0.0116479  0.0675676  0.0368206 -0.0133367
0.00581788  0.0368206  0.0702703 -0.0134147
   0.31531 -0.0133367 -0.0134147   0.462162
IMAGINARY
           0    0.0274937   -0.0044536  -0.00303875
  -0.0274937            0  -0.00754326  -0.00642988
   0.0044536   0.00754326            0  3.51581e-05
  0.00303875   0.00642988 -3.51581e-05            0
Repeater1[0]<--->EndNode1[0]
REAL
   0.406494   -0.015829  0.00775894     0.30934
  -0.015829   0.0922078   0.0398142  -0.0149111
 0.00775894   0.0398142   0.0753247 -0.00432701
    0.30934  -0.0149111 -0.00432701    0.425974
IMAGINARY
           0     0.008328  -0.00100669    0.0124107
   -0.008328            0   0.00743561  -0.00219434
  0.00100669  -0.00743561            0 -5.33504e-06
  -0.0124107   0.00219434  5.33504e-06            0
Repeater1[0]<--->HoM1[0]
REAL
       0.4 0.00581788 -0.0116479    0.31531
0.00581788  0.0702703  0.0368206 -0.0134147
-0.0116479  0.0368206  0.0675676 -0.0133367
   0.31531 -0.0134147 -0.0133367   0.462162
IMAGINARY
           0   -0.0044536    0.0274937  -0.00303875
   0.0044536            0   0.00754326  3.51581e-05
  -0.0274937  -0.00754326            0  -0.00642988
  0.00303875 -3.51581e-05   0.00642988            0
EndNode1[0]<--->Repeater1[0]
REAL
   0.428205   0.0106904   0.0212332    0.326417
  0.0106904   0.0679487   0.0147288 -0.00560822
  0.0212332   0.0147288   0.0858974 -0.00548209
   0.326417 -0.00560822 -0.00548209    0.417949
IMAGINARY
          0  0.00599191  0.00522044 -0.00884959
-0.00599191           0   0.0186792  0.00127307
-0.00522044  -0.0186792           0   0.0018003
 0.00884959 -0.00127307  -0.0018003           0
EndNode2[0]<--->HoM1[0]
REAL
   0.427136   0.0105896  0.00359828    0.313045
  0.0105896   0.0879397   0.0185062  -0.0169673
 0.00359828   0.0185062   0.0615578 -0.00256825
   0.313045  -0.0169673 -0.00256825    0.423367
IMAGINARY
          0  -0.0153728   -0.010792  -0.0127208
  0.0153728           0  -0.0145981  0.00884146
   0.010792   0.0145981           0  -0.0034829
  0.0127208 -0.00884146   0.0034829           0
Repeater1[0]<--->EndNode1[0]
REAL
   0.428205   0.0212332   0.0106904    0.326417
  0.0212332   0.0858974   0.0147288 -0.00548209
  0.0106904   0.0147288   0.0679487 -0.00560822
   0.326417 -0.00548209 -0.00560822    0.417949
IMAGINARY
          0  0.00522044  0.00599191 -0.00884959
-0.00522044           0  -0.0186792   0.0018003
-0.00599191   0.0186792           0  0.00127307
 0.00884959  -0.0018003 -0.00127307           0
Repeater1[0]<--->HoM1[0]
REAL
   0.427136  0.00359828   0.0105896    0.313045
 0.00359828   0.0615578   0.0185062 -0.00256825
  0.0105896   0.0185062   0.0879397  -0.0169673
   0.313045 -0.00256825  -0.0169673    0.423367
IMAGINARY
          0   -0.010792  -0.0153728  -0.0127208
   0.010792           0   0.0145981  -0.0034829
  0.0153728  -0.0145981           0  0.00884146
  0.0127208   0.0034829 -0.00884146           0
EndNode1[0]<--->Repeater1[0]
REAL
  0.434109 -0.0226889 0.00527364   0.304853
-0.0226889  0.0801034 0.00991338 -0.0117503
0.00527364 0.00991338  0.0852713 0.00196348
  0.304853 -0.0117503 0.00196348   0.400517
IMAGINARY
           0    0.0176061   0.00195898  -0.00109132
  -0.0176061            0   0.00437648  3.83611e-05
 -0.00195898  -0.00437648            0 -0.000961583
  0.00109132 -3.83611e-05  0.000961583            0
EndNode2[0]<--->HoM1[0]
REAL
  0.420308 0.00647939  0.0045941   0.292447
0.00647939  0.0642674  0.0203604 0.00525811
 0.0045941  0.0203604  0.0771208 0.00583589
  0.292447 0.00525811 0.00583589   0.438303
IMAGINARY
          0  0.00875574 -0.00769799  0.00499564
-0.00875574           0   0.0215195   0.0313856
 0.00769799  -0.0215195           0  0.00340815
-0.00499564  -0.0313856 -0.00340815           0
Repeater1[0]<--->EndNode1[0]
REAL
  0.434109 0.00527364 -0.0226889   0.304853
0.00527364  0.0852713 0.00991338 0.00196348
-0.0226889 0.00991338  0.0801034 -0.0117503
  0.304853 0.00196348 -0.0117503   0.400517
IMAGINARY
           0   0.00195898    0.0176061  -0.00109132
 -0.00195898            0  -0.00437648 -0.000961583
  -0.0176061   0.00437648            0  3.83611e-05
  0.00109132  0.000961583 -3.83611e-05            0
Repeater1[0]<--->HoM1[0]
REAL
  0.420308  0.0045941 0.00647939   0.292447
 0.0045941  0.0771208  0.0203604 0.00583589
0.00647939  0.0203604  0.0642674 0.00525811
  0.292447 0.00583589 0.00525811   0.438303
IMAGINARY
          0 -0.00769799  0.00875574  0.00499564
 0.00769799           0  -0.0215195  0.00340815
-0.00875574   0.0215195           0   0.0313856
-0.00499564 -0.00340815  -0.0313856           0
EndNode1[0]<--->Repeater1[0]
REAL
    0.41039   0.0166249 -0.00247888    0.326231
  0.0166249   0.0844156   0.0312627 -0.00120662
-0.00247888   0.0312627   0.0727273 -0.00556835
   0.326231 -0.00120662 -0.00556835    0.432468
IMAGINARY
           0 -5.57922e-05   0.00504899   -0.0095664
 5.57922e-05            0  -0.00639784   0.00438498
 -0.00504899   0.00639784            0  -0.00812031
   0.0095664  -0.00438498   0.00812031            0
EndNode2[0]<--->HoM1[0]
REAL
  0.421189 0.00308947  0.0145552   0.317283
0.00308947  0.0813953  0.0220698  0.0072381
 0.0145552  0.0220698  0.0878553 0.00500518
  0.317283  0.0072381 0.00500518   0.409561
IMAGINARY
           0   0.00721101  0.000700064  -0.00962752
 -0.00721101            0     0.010321   0.00195951
-0.000700064    -0.010321            0  0.000767712
  0.00962752  -0.00195951 -0.000767712            0
Repeater1[0]<--->EndNode1[0]
REAL
    0.41039 -0.00247888   0.0166249    0.326231
-0.00247888   0.0727273   0.0312627 -0.00556835
  0.0166249   0.0312627   0.0844156 -0.00120662
   0.326231 -0.00556835 -0.00120662    0.432468
IMAGINARY
           0   0.00504899 -5.57922e-05   -0.0095664
 -0.00504899            0   0.00639784  -0.00812031
 5.57922e-05  -0.00639784            0   0.00438498
   0.0095664   0.00812031  -0.00438498            0
Repeater1[0]<--->HoM1[0]
REAL
  0.421189  0.0145552 0.00308947   0.317283
 0.0145552  0.0878553  0.0220698 0.00500518
0.00308947  0.0220698  0.0813953  0.0072381
  0.317283 0.00500518  0.0072381   0.409561
IMAGINARY
           0  0.000700064   0.00721101  -0.00962752
-0.000700064            0    -0.010321  0.000767712
 -0.00721101     0.010321            0   0.00195951
  0.00962752 -0.000767712  -0.00195951            0
EndNode1[0]<--->Repeater1[0]
REAL
   0.415789    0.010854  0.00752668    0.316131
   0.010854   0.0657895   0.0119532  0.00165967
 0.00752668   0.0119532   0.0644737 -0.00297999
   0.316131  0.00165967 -0.00297999    0.453947
IMAGINARY
          0  0.00596319  -0.0193027  -0.0114018
-0.00596319           0  -0.0126037   0.0153863
  0.0193027   0.0126037           0 -0.00987964
  0.0114018  -0.0153863  0.00987964           0
EndNode2[0]<--->HoM1[0]
REAL
   0.390663  -0.0253072 -0.00197889    0.311265
 -0.0253072   0.0835381   0.0288885  0.00197889
-0.00197889   0.0288885   0.0798526 -0.00921967
   0.311265  0.00197889 -0.00921967    0.445946
IMAGINARY
           0   -0.0184705    0.0168236  0.000269049
   0.0184705            0  -0.00290757   0.00654085
  -0.0168236   0.00290757            0   -0.0115696
-0.000269049  -0.00654085    0.0115696            0
Repeater1[0]<--->EndNode1[0]
REAL
   0.415789  0.00752668    0.010854    0.316131
 0.00752668   0.0644737   0.0119532 -0.00297999
   0.010854   0.0119532   0.0657895  0.00165967
   0.316131 -0.00297999  0.00165967    0.453947
IMAGINARY
          0  -0.0193027  0.00596319  -0.0114018
  0.0193027           0   0.0126037 -0.00987964
-0.00596319  -0.0126037           0   0.0153863
  0.0114018  0.00987964  -0.0153863           0
Repeater1[0]<--->HoM1[0]
REAL
   0.390663 -0.00197889  -0.0253072    0.311265
-0.00197889   0.0798526   0.0288885 -0.00921967
 -0.0253072   0.0288885   0.0835381  0.00197889
   0.311265 -0.00921967  0.00197889    0.445946
IMAGINARY
           0    0.0168236   -0.0184705  0.000269049
  -0.0168236            0   0.00290757   -0.0115696
   0.0184705  -0.00290757            0   0.00654085
-0.000269049    0.0115696  -0.00654085            0
EndNode1[0]<--->Repeater1[0]
REAL
  0.420983 0.00490502 0.00618973   0.326175
0.00490502  0.0796813  0.0272407 0.00685374
0.00618973  0.0272407  0.0743692  0.0106229
  0.326175 0.00685374  0.0106229   0.424967
IMAGINARY
           0    0.0270631   -0.0168142    0.0165634
  -0.0270631            0   -0.0345875   -0.0118142
   0.0168142    0.0345875            0  0.000233835
  -0.0165634    0.0118142 -0.000233835            0
EndNode2[0]<--->HoM1[0]
REAL
  0.421914 0.00574588 0.00414619   0.314525
0.00574588  0.0717884  0.0155488  0.0105237
0.00414619  0.0155488  0.0755668 0.00770155
  0.314525  0.0105237 0.00770155    0.43073
IMAGINARY
          0  -0.0132796   0.0198112  -0.0016078
  0.0132796           0   0.0049367  -0.0076473
 -0.0198112  -0.0049367           0 -0.00272552
  0.0016078   0.0076473  0.00272552           0
Repeater1[0]<--->EndNode1[0]
REAL
  0.420983 0.00618973 0.00490502   0.326175
0.00618973  0.0743692  0.0272407  0.0106229
0.00490502  0.0272407  0.0796813 0.00685374
  0.326175  0.0106229 0.00685374   0.424967
IMAGINARY
           0   -0.0168142    0.0270631    0.0165634
   0.0168142            0    0.0345875  0.000233835
  -0.0270631   -0.0345875            0   -0.0118142
  -0.0165634 -0.000233835    0.0118142            0
Repeater1[0]<--->HoM1[0]
REAL
  0.421914 0.00414619 0.00574588   0.314525
0.00414619  0.0755668  0.0155488 0.00770155
0.00574588  0.0155488  0.0717884  0.0105237
  0.314525 0.00770155  0.0105237    0.43073
IMAGINARY
          0   0.0198112  -0.0132796  -0.0016078
 -0.0198112           0  -0.0049367 -0.00272552
  0.0132796   0.0049367           0  -0.0076473
  0.0016078  0.00272552   0.0076473           0
EndNode1[0]<--->Repeater1[0]
REAL
    0.43389 -0.00554929 -0.00632022    0.316229
-0.00554929   0.0783055   0.0294645  0.00632022
-0.00632022   0.0294645   0.0731707  0.00913781
   0.316229  0.00632022  0.00913781    0.414634
IMAGINARY
          0  0.00183824 -0.00422641   0.0128413
-0.00183824           0  0.00895528  0.00300092
 0.00422641 -0.00895528           0  0.00183824
 -0.0128413 -0.00300092 -0.00183824           0
EndNode2[0]<--->HoM1[0]
REAL
  0.417639  0.0122891 0.00776395   0.312021
 0.0122891   0.107652 0.00931862  0.0232534
0.00776395 0.00931862  0.0726329  0.0162469
  0.312021  0.0232534  0.0162469   0.402075
IMAGINARY
          0   0.0122378  0.00838776   0.0116157
 -0.0122378           0 -0.00713428 -0.00703641
-0.00838776  0.00713428           0 -0.00818378
 -0.0116157  0.00703641  0.00818378           0
Repeater1[0]<--->EndNode1[0]
REAL
    0.43389 -0.00632022 -0.00554929    0.316229
-0.00632022   0.0731707   0.0294645  0.00913781
-0.00554929   0.0294645   0.0783055  0.00632022
   0.316229  0.00913781  0.00632022    0.414634
IMAGINARY
          0 -0.00422641  0.00183824   0.0128413
 0.00422641           0 -0.00895528  0.00183824
-0.00183824  0.00895528           0  0.00300092
 -0.0128413 -0.00183824 -0.00300092           0
Repeater1[0]<--->HoM1[0]
REAL
  0.417639 0.00776395  0.0122891   0.312021
0.00776395  0.0726329 0.00931862  0.0162469
 0.0122891 0.00931862   0.107652  0.0232534
  0.312021  0.0162469  0.0232534   0.402075
IMAGINARY
          0  0.00838776   0.0122378   0.0116157
-0.00838776           0  0.00713428 -0.00818378
 -0.0122378 -0.00713428           0 -0.00703641
 -0.0116157  0.00818378  0.00703641           0
EndNode1[0]<--->Repeater1[0]
REAL
    0.413474   0.00094585   -0.0237355     0.303057
  0.00094585    0.0819022    0.0412768   0.00318757
  -0.0237355    0.0412768    0.0898283 -0.000323185
    0.303057   0.00318757 -0.000323185     0.414795
IMAGINARY
           0    0.0171804   0.00356602  0.000604148
  -0.0171804            0   0.00252476   0.00821409
 -0.00356602  -0.00252476            0  -0.00540027
-0.000604148  -0.00821409   0.00540027            0
EndNode2[0]<--->HoM1[0]
REAL
   0.455635 -0.00259537  -0.0206497    0.303257
-0.00259537   0.0779376    0.019728 -0.00246788
 -0.0206497    0.019728   0.0731415 0.000613868
   0.303257 -0.00246788 0.000613868    0.393285
IMAGINARY
          0  -0.0119868  -0.0141933 -0.00575977
  0.0119868           0  -0.0216833  0.00948738
  0.0141933   0.0216833           0  0.00492796
 0.00575977 -0.00948738 -0.00492796           0
Repeater1[0]<--->EndNode1[0]
REAL
    0.413474   -0.0237355   0.00094585     0.303057
  -0.0237355    0.0898283    0.0412768 -0.000323185
  0.00094585    0.0412768    0.0819022   0.00318757
    0.303057 -0.000323185   0.00318757     0.414795
IMAGINARY
           0   0.00356602    0.0171804  0.000604148
 -0.00356602            0  -0.00252476  -0.00540027
  -0.0171804   0.00252476            0   0.00821409
-0.000604148   0.00540027  -0.00821409            0
Repeater1[0]<--->HoM1[0]
REAL
   0.455635  -0.0206497 -0.00259537    0.303257
 -0.0206497   0.0731415    0.019728 0.000613868
-0.00259537    0.019728   0.0779376 -0.00246788
   0.303257 0.000613868 -0.00246788    0.393285
IMAGINARY
          0  -0.0141933  -0.0119868 -0.00575977
  0.0141933           0   0.0216833  0.00492796
  0.0119868  -0.0216833           0  0.00948738
 0.00575977 -0.00492796 -0.00948738           0
EndNode1[0]<--->Repeater1[0]
REAL
   0.433584  -0.0055602  0.00474581    0.304455
 -0.0055602   0.0714286   0.0104581  -0.0080747
 0.00474581   0.0104581   0.0776942 0.000899748
   0.304455  -0.0080747 0.000899748    0.417293
IMAGINARY
          0   0.0232189  0.00251355  0.00921981
 -0.0232189           0 -0.00488276  -0.0086527
-0.00251355  0.00488276           0 -0.00207293
-0.00921981   0.0086527  0.00207293           0
EndNode2[0]<--->HoM1[0]
REAL
   0.416361  -0.0343761 -0.00687675    0.315631
 -0.0343761   0.0952381   0.0321112 -0.00280067
-0.00687675   0.0321112   0.0732601  0.00147292
   0.315631 -0.00280067  0.00147292     0.41514
IMAGINARY
           0   -0.0237958    0.0109013    0.0047934
   0.0237958            0  0.000334803    0.0128418
  -0.0109013 -0.000334803            0   -0.0292769
  -0.0047934   -0.0128418    0.0292769            0
Repeater1[0]<--->EndNode1[0]
REAL
   0.433584  0.00474581  -0.0055602    0.304455
 0.00474581   0.0776942   0.0104581 0.000899748
 -0.0055602   0.0104581   0.0714286  -0.0080747
   0.304455 0.000899748  -0.0080747    0.417293
IMAGINARY
          0  0.00251355   0.0232189  0.00921981
-0.00251355           0  0.00488276 -0.00207293
 -0.0232189 -0.00488276           0  -0.0086527
-0.00921981  0.00207293   0.0086527           0
Repeater1[0]<--->HoM1[0]
REAL
   0.416361 -0.00687675  -0.0343761    0.315631
-0.00687675   0.0732601   0.0321112  0.00147292
 -0.0343761   0.0321112   0.0952381 -0.00280067
   0.315631  0.00147292 -0.00280067     0.41514
IMAGINARY
           0    0.0109013   -0.0237958    0.0047934
  -0.0109013            0 -0.000334803   -0.0292769
   0.0237958  0.000334803            0    0.0128418
  -0.0047934    0.0292769   -0.0128418            0
EndNode1[0]<--->Repeater1[0]
REAL
   0.411168  0.00790376 -0.00431124    0.312652
 0.00790376   0.0875635   0.0092662 -0.00938739
-0.00431124   0.0092662   0.0736041 -0.00242431
   0.312652 -0.00938739 -0.00242431    0.427665
IMAGINARY
          0  -0.0256539   0.0313947   -0.016705
  0.0256539           0   0.0193646   0.0128762
 -0.0313947  -0.0193646           0  0.00351845
   0.016705  -0.0128762 -0.00351845           0
EndNode2[0]<--->HoM1[0]
REAL
    0.41721 -0.00793923  -0.0152958    0.313261
-0.00793923    0.083442   0.0218038  -0.0041847
 -0.0152958   0.0218038   0.0677966 0.000147023
   0.313261  -0.0041847 0.000147023    0.431551
IMAGINARY
           0   -0.0100119   -0.0118691 -5.50108e-05
   0.0100119            0  -0.00556297    0.0307133
   0.0118691   0.00556297            0   0.00624302
 5.50108e-05   -0.0307133  -0.00624302            0
Repeater1[0]<--->EndNode1[0]
REAL
   0.411168 -0.00431124  0.00790376    0.312652
-0.00431124   0.0736041   0.0092662 -0.00242431
 0.00790376   0.0092662   0.0875635 -0.00938739
   0.312652 -0.00242431 -0.00938739    0.427665
IMAGINARY
          0   0.0313947  -0.0256539   -0.016705
 -0.0313947           0  -0.0193646  0.00351845
  0.0256539   0.0193646           0   0.0128762
   0.016705 -0.00351845  -0.0128762           0
Repeater1[0]<--->HoM1[0]
REAL
    0.41721  -0.0152958 -0.00793923    0.313261
 -0.0152958   0.0677966   0.0218038 0.000147023
-0.00793923   0.0218038    0.083442  -0.0041847
   0.313261 0.000147023  -0.0041847    0.431551
IMAGINARY
           0   -0.0118691   -0.0100119 -5.50108e-05
   0.0118691            0   0.00556297   0.00624302
   0.0100119  -0.00556297            0    0.0307133
 5.50108e-05  -0.00624302   -0.0307133            0
EndNode1[0]<--->Repeater1[0]
REAL
    0.430538   0.00561284 -0.000768245     0.317231
  0.00561284    0.0851064    0.0286237   0.00854027
-0.000768245    0.0286237    0.0675845  -0.00949885
    0.317231   0.00854027  -0.00949885     0.416771
IMAGINARY
          0  -0.0104507  0.00235105   0.0227531
  0.0104507           0  -0.0170927  -0.0251359
-0.00235105   0.0170927           0   0.0015899
 -0.0227531   0.0251359  -0.0015899           0
EndNode2[0]<--->HoM1[0]
REAL
    0.416771    0.0135806    0.0161033     0.299528
   0.0135806    0.0801001  -0.00395484 -0.000478316
   0.0161033  -0.00395484    0.0763454   -0.0070702
    0.299528 -0.000478316   -0.0070702     0.426783
IMAGINARY
          0   0.0019475  -0.0333354  -0.0153214
 -0.0019475           0  0.00740585   0.0196538
  0.0333354 -0.00740585           0   0.0216843
  0.0153214  -0.0196538  -0.0216843           0
Repeater1[0]<--->EndNode1[0]
REAL
    0.430538 -0.000768245   0.00561284     0.317231
-0.000768245    0.0675845    0.0286237  -0.00949885
  0.00561284    0.0286237    0.0851064   0.00854027
    0.317231  -0.00949885   0.00854027     0.416771
IMAGINARY
          0  0.00235105  -0.0104507   0.0227531
-0.00235105           0   0.0170927   0.0015899
  0.0104507  -0.0170927           0  -0.0251359
 -0.0227531  -0.0015899   0.0251359           0
Repeater1[0]<--->HoM1[0]
REAL
    0.416771    0.0161033    0.0135806     0.299528
   0.0161033    0.0763454  -0.00395484   -0.0070702
   0.0135806  -0.00395484    0.0801001 -0.000478316
    0.299528   -0.0070702 -0.000478316     0.426783
IMAGINARY
          0  -0.0333354   0.0019475  -0.0153214
  0.0333354           0 -0.00740585   0.0216843
 -0.0019475  0.00740585           0   0.0196538
  0.0153214  -0.0216843  -0.0196538           0
EndNode1[0]<--->Repeater1[0]
REAL
   0.424603 -0.00620561  0.00662943    0.302049
-0.00620561   0.0767196   0.0293832  0.00921341
 0.00662943   0.0293832   0.0714286   0.0283856
   0.302049  0.00921341   0.0283856    0.427249
IMAGINARY
          0  0.00627294   0.0177697  0.00566148
-0.00627294           0  0.00311045  -0.0143867
 -0.0177697 -0.00311045           0  0.00928863
-0.00566148   0.0143867 -0.00928863           0
EndNode2[0]<--->HoM1[0]
REAL
   0.428941   0.0054878  0.00799526    0.317634
  0.0054878   0.0891473 0.000658278  0.00176084
 0.00799526 0.000658278   0.0697674   0.0054878
   0.317634  0.00176084   0.0054878    0.412145
IMAGINARY
          0  0.00437416   0.0146001   -0.011506
-0.00437416           0  0.00424205  -0.0225577
 -0.0146001 -0.00424205           0 -0.00437416
   0.011506   0.0225577  0.00437416           0
Repeater1[0]<--->EndNode1[0]
REAL
   0.424603  0.00662943 -0.00620561    0.302049
 0.00662943   0.0714286   0.0293832   0.0283856
-0.00620561   0.0293832   0.0767196  0.00921341
   0.302049   0.0283856  0.00921341    0.427249
IMAGINARY
          0   0.0177697  0.00627294  0.00566148
 -0.0177697           0 -0.00311045  0.00928863
-0.00627294  0.00311045           0  -0.0143867
-0.00566148 -0.00928863   0.0143867           0
Repeater1[0]<--->HoM1[0]
REAL
   0.428941  0.00799526   0.0054878    0.317634
 0.00799526   0.0697674 0.000658278   0.0054878
  0.0054878 0.000658278   0.0891473  0.00176084
   0.317634   0.0054878  0.00176084    0.412145
IMAGINARY
          0   0.0146001  0.00437416   -0.011506
 -0.0146001           0 -0.00424205 -0.00437416
-0.00437416  0.00424205           0  -0.0225577
   0.011506  0.00437416   0.0225577           0
EndNode1[0]<--->Repeater1[0]
REAL
   0.430079  -0.0083057  -0.0149517    0.319619
 -0.0083057   0.0725594   0.0292756 -0.00961835
 -0.0149517   0.0292756   0.0989446 -0.00520781
   0.319619 -0.00961835 -0.00520781    0.398417
IMAGINARY
          0  -0.0295912 -0.00591432 -0.00354033
  0.0295912           0  -0.0153514   0.0129029
 0.00591432   0.0153514           0 -0.00408098
 0.00354033  -0.0129029  0.00408098           0
EndNode2[0]<--->HoM1[0]
REAL
  0.411051  -0.031441 -0.0050075   0.321825
 -0.031441  0.0929919   0.014963 -0.0273759
-0.0050075   0.014963  0.0673854 -0.0164865
  0.321825 -0.0273759 -0.0164865   0.428571
IMAGINARY
          0 -0.00134174  -0.0209418  0.00452944
 0.00134174           0   0.0173829  -0.0178129
  0.0209418  -0.0173829           0   0.0248487
-0.00452944   0.0178129  -0.0248487           0
Repeater1[0]<--->EndNode1[0]
REAL
   0.430079  -0.0149517  -0.0083057    0.319619
 -0.0149517   0.0989446   0.0292756 -0.00520781
 -0.0083057   0.0292756   0.0725594 -0.00961835
   0.319619 -0.00520781 -0.00961835    0.398417
IMAGINARY
          0 -0.00591432  -0.0295912 -0.00354033
 0.00591432           0   0.0153514 -0.00408098
  0.0295912  -0.0153514           0   0.0129029
 0.00354033  0.00408098  -0.0129029           0
Repeater1[0]<--->HoM1[0]
REAL
  0.411051 -0.0050075  -0.031441   0.321825
-0.0050075  0.0673854   0.014963 -0.0164865
 -0.031441   0.014963  0.0929919 -0.0273759
  0.321825 -0.0164865 -0.0273759   0.428571
IMAGINARY
          0  -0.0209418 -0.00134174  0.00452944
  0.0209418           0  -0.0173829   0.0248487
 0.00134174   0.0173829           0  -0.0178129
-0.00452944  -0.0248487   0.0178129           0
EndNode1[0]<--->Repeater1[0]
REAL
   0.431242  -0.0193544 0.000512852    0.317718
 -0.0193544   0.0640854   0.0133442  -0.0141368
0.000512852   0.0133442   0.0774366     0.01118
   0.317718  -0.0141368     0.01118    0.427236
IMAGINARY
           0   0.00101872   -0.0318714  -0.00336721
 -0.00101872            0  -0.00204795 -0.000327823
   0.0318714   0.00204795            0    0.0105244
  0.00336721  0.000327823   -0.0105244            0
EndNode2[0]<--->HoM1[0]
REAL
    0.454545   -0.0037346  -0.00298805     0.323954
  -0.0037346    0.0585305    0.0237025   0.00298805
 -0.00298805    0.0237025    0.0884184 -0.000171652
    0.323954   0.00298805 -0.000171652     0.398506
IMAGINARY
          0 -0.00440697  0.00311673   0.0176982
 0.00440697           0   0.0240274  0.00693352
-0.00311673  -0.0240274           0  0.00817581
 -0.0176982 -0.00693352 -0.00817581           0
Repeater1[0]<--->EndNode1[0]
REAL
   0.431242 0.000512852  -0.0193544    0.317718
0.000512852   0.0774366   0.0133442     0.01118
 -0.0193544   0.0133442   0.0640854  -0.0141368
   0.317718     0.01118  -0.0141368    0.427236
IMAGINARY
           0   -0.0318714   0.00101872  -0.00336721
   0.0318714            0   0.00204795    0.0105244
 -0.00101872  -0.00204795            0 -0.000327823
  0.00336721   -0.0105244  0.000327823            0
Repeater1[0]<--->HoM1[0]
REAL
    0.454545  -0.00298805   -0.0037346     0.323954
 -0.00298805    0.0884184    0.0237025 -0.000171652
  -0.0037346    0.0237025    0.0585305   0.00298805
    0.323954 -0.000171652   0.00298805     0.398506
IMAGINARY
          0  0.00311673 -0.00440697   0.0176982
-0.00311673           0  -0.0240274  0.00817581
 0.00440697   0.0240274           0  0.00693352
 -0.0176982 -0.00817581 -0.00693352           0
EndNode1[0]<--->Repeater1[0]
REAL
   0.408642  -0.0192521  -0.0142011     0.30868
 -0.0192521   0.0851852   0.0183982 -0.00992759
 -0.0142011   0.0183982   0.0654321   0.0152307
    0.30868 -0.00992759   0.0152307    0.440741
IMAGINARY
          0   -0.023463 -0.00669958  -0.0286659
   0.023463           0 -0.00866585  0.00286326
 0.00669958  0.00866585           0   0.0145116
  0.0286659 -0.00286326  -0.0145116           0
EndNode2[0]<--->HoM1[0]
REAL
   0.383929  -0.0204552 -0.00957556     0.28654
 -0.0204552   0.0778061   0.0204337   0.0114436
-0.00957556   0.0204337   0.0867347   0.0160965
