EndNode1[0]<--->Repeater1[0]
REAL
   0.487245 -0.00226878 -0.00208861    0.250164
-0.00226878   0.0459184 0.000488498  0.00992151
-0.00208861 0.000488498   0.0306122 -0.00164767
   0.250164  0.00992151 -0.00164767    0.436224
IMAGINARY
          0 -0.00819285   0.0116732   0.0151076
 0.00819285           0   0.0106376 -0.00453956
 -0.0116732  -0.0106376           0   0.0101384
 -0.0151076  0.00453956  -0.0101384           0
EndNode2[0]<--->HoM1[0]
REAL
   0.463068   0.0167817 -0.00117881    0.263232
  0.0167817   0.0539773   0.0157442  0.00926506
-0.00117881   0.0157442   0.0497159  0.00478167
   0.263232  0.00926506  0.00478167    0.433239
IMAGINARY
           0   -0.0197428 -3.80691e-05   -0.0126914
   0.0197428            0    0.0176297    0.0151134
 3.80691e-05   -0.0176297            0   0.00341114
   0.0126914   -0.0151134  -0.00341114            0
Repeater1[0]<--->EndNode1[0]
REAL
   0.487245 -0.00208861 -0.00226878    0.250164
-0.00208861   0.0306122 0.000488498 -0.00164767
-0.00226878 0.000488498   0.0459184  0.00992151
   0.250164 -0.00164767  0.00992151    0.436224
IMAGINARY
          0   0.0116732 -0.00819285   0.0151076
 -0.0116732           0  -0.0106376   0.0101384
 0.00819285   0.0106376           0 -0.00453956
 -0.0151076  -0.0101384  0.00453956           0
Repeater1[0]<--->HoM1[0]
REAL
   0.463068 -0.00117881   0.0167817    0.263232
-0.00117881   0.0497159   0.0157442  0.00478167
  0.0167817   0.0157442   0.0539773  0.00926506
   0.263232  0.00478167  0.00926506    0.433239
IMAGINARY
           0 -3.80691e-05   -0.0197428   -0.0126914
 3.80691e-05            0   -0.0176297   0.00341114
   0.0197428    0.0176297            0    0.0151134
   0.0126914  -0.00341114   -0.0151134            0
EndNode1[0]<--->Repeater1[0]
REAL
   0.428205  0.00503626 0.000754442    0.269985
 0.00503626        0.05  0.00481371  0.00326701
0.000754442  0.00481371   0.0512821  -0.0090577
   0.269985  0.00326701  -0.0090577    0.470513
IMAGINARY
           0    0.0294491  0.000680191    0.0126184
  -0.0294491            0  -0.00318441   0.00327759
-0.000680191   0.00318441            0   -0.0149373
  -0.0126184  -0.00327759    0.0149373            0
EndNode2[0]<--->HoM1[0]
REAL
    0.452564  -0.00412645    0.0190718     0.255381
 -0.00412645    0.0487179 -0.000811884    0.0122598
   0.0190718 -0.000811884    0.0576923    0.0119593
    0.255381    0.0122598    0.0119593     0.441026
IMAGINARY
           0 -0.000265945   0.00959723  -0.00735892
 0.000265945            0    0.0079785   -0.0102491
 -0.00959723   -0.0079785            0   0.00222162
  0.00735892    0.0102491  -0.00222162            0
Repeater1[0]<--->EndNode1[0]
REAL
   0.428205 0.000754442  0.00503626    0.269985
0.000754442   0.0512821  0.00481371  -0.0090577
 0.00503626  0.00481371        0.05  0.00326701
   0.269985  -0.0090577  0.00326701    0.470513
IMAGINARY
           0  0.000680191    0.0294491    0.0126184
-0.000680191            0   0.00318441   -0.0149373
  -0.0294491  -0.00318441            0   0.00327759
  -0.0126184    0.0149373  -0.00327759            0
Repeater1[0]<--->HoM1[0]
REAL
    0.452564    0.0190718  -0.00412645     0.255381
   0.0190718    0.0576923 -0.000811884    0.0119593
 -0.00412645 -0.000811884    0.0487179    0.0122598
    0.255381    0.0119593    0.0122598     0.441026
IMAGINARY
           0   0.00959723 -0.000265945  -0.00735892
 -0.00959723            0   -0.0079785   0.00222162
 0.000265945    0.0079785            0   -0.0102491
  0.00735892  -0.00222162    0.0102491            0
EndNode1[0]<--->Repeater1[0]
REAL
   0.443337   0.0176247  0.00900653    0.246081
  0.0176247   0.0547945  0.00359771 -0.00708099
 0.00900653  0.00359771   0.0410959   0.0163932
   0.246081 -0.00708099   0.0163932    0.460772
IMAGINARY
          0 -0.00943117  0.00145379  0.00939022
 0.00943117           0  0.00296349  -0.0125649
-0.00145379 -0.00296349           0   0.0140063
-0.00939022   0.0125649  -0.0140063           0
EndNode2[0]<--->HoM1[0]
REAL
    0.48329 -0.00868443  0.00499839    0.250425
-0.00868443   0.0475578  0.00206292  -0.0137049
 0.00499839  0.00206292   0.0449871  -0.0112161
   0.250425  -0.0137049  -0.0112161    0.424165
IMAGINARY
          0  -0.0061657   -0.032617   0.0022823
  0.0061657           0   0.0236831 -0.00997798
   0.032617  -0.0236831           0   0.0120635
 -0.0022823  0.00997798  -0.0120635           0
Repeater1[0]<--->EndNode1[0]
REAL
   0.443337  0.00900653   0.0176247    0.246081
 0.00900653   0.0410959  0.00359771   0.0163932
  0.0176247  0.00359771   0.0547945 -0.00708099
   0.246081   0.0163932 -0.00708099    0.460772
IMAGINARY
          0  0.00145379 -0.00943117  0.00939022
-0.00145379           0 -0.00296349   0.0140063
 0.00943117  0.00296349           0  -0.0125649
-0.00939022  -0.0140063   0.0125649           0
Repeater1[0]<--->HoM1[0]
REAL
    0.48329  0.00499839 -0.00868443    0.250425
 0.00499839   0.0449871  0.00206292  -0.0112161
-0.00868443  0.00206292   0.0475578  -0.0137049
   0.250425  -0.0112161  -0.0137049    0.424165
IMAGINARY
          0   -0.032617  -0.0061657   0.0022823
   0.032617           0  -0.0236831   0.0120635
  0.0061657   0.0236831           0 -0.00997798
 -0.0022823  -0.0120635  0.00997798           0
EndNode1[0]<--->Repeater1[0]
REAL
   0.45086  0.0109123  0.0318832   0.243998
 0.0109123  0.0503686  0.0108408 0.00489095
 0.0318832  0.0108408  0.0503686  0.0129587
  0.243998 0.00489095  0.0129587   0.448403
IMAGINARY
          0 -0.00343963 -0.00395451 -0.00784944
 0.00343963           0    0.010488 -0.00331101
 0.00395451   -0.010488           0  0.00542113
 0.00784944  0.00331101 -0.00542113           0
EndNode2[0]<--->HoM1[0]
REAL
   0.436498 0.000357444   0.0119576    0.245843
0.000357444   0.0431566   0.0129166   -0.014653
  0.0119576   0.0129166   0.0419236 -0.00979141
   0.245843   -0.014653 -0.00979141    0.478422
IMAGINARY
          0   0.0050581  0.00186027  0.00805857
 -0.0050581           0   0.0129605   0.0103348
-0.00186027  -0.0129605           0  -0.0160337
-0.00805857  -0.0103348   0.0160337           0
Repeater1[0]<--->EndNode1[0]
REAL
   0.45086  0.0318832  0.0109123   0.243998
 0.0318832  0.0503686  0.0108408  0.0129587
 0.0109123  0.0108408  0.0503686 0.00489095
  0.243998  0.0129587 0.00489095   0.448403
IMAGINARY
          0 -0.00395451 -0.00343963 -0.00784944
 0.00395451           0   -0.010488  0.00542113
 0.00343963    0.010488           0 -0.00331101
 0.00784944 -0.00542113  0.00331101           0
Repeater1[0]<--->HoM1[0]
REAL
   0.436498   0.0119576 0.000357444    0.245843
  0.0119576   0.0419236   0.0129166 -0.00979141
0.000357444   0.0129166   0.0431566   -0.014653
   0.245843 -0.00979141   -0.014653    0.478422
IMAGINARY
          0  0.00186027   0.0050581  0.00805857
-0.00186027           0  -0.0129605  -0.0160337
 -0.0050581   0.0129605           0   0.0103348
-0.00805857   0.0160337  -0.0103348           0
EndNode1[0]<--->Repeater1[0]
REAL
  0.448539 -0.0182852 -0.0133606   0.243888
-0.0182852  0.0635324  0.0175329 0.00193928
-0.0133606  0.0175329   0.043202 -0.0109026
  0.243888 0.00193928 -0.0109026   0.444727
IMAGINARY
          0  -0.0264505  -0.0091596    0.012216
  0.0264505           0  -0.0263479  0.00852908
  0.0091596   0.0263479           0   0.0182538
  -0.012216 -0.00852908  -0.0182538           0
EndNode2[0]<--->HoM1[0]
REAL
   0.429792   0.0121287  0.00333056    0.250643
  0.0121287    0.046398 1.32225e-05  -0.0217033
 0.00333056 1.32225e-05    0.046398   0.0114934
   0.250643  -0.0217033   0.0114934    0.477411
IMAGINARY
          0   0.0163019  0.00821768 -0.00794816
 -0.0163019           0  0.00172926  -0.0107366
-0.00821768 -0.00172926           0  0.00636813
 0.00794816   0.0107366 -0.00636813           0
Repeater1[0]<--->EndNode1[0]
REAL
  0.448539 -0.0133606 -0.0182852   0.243888
-0.0133606   0.043202  0.0175329 -0.0109026
-0.0182852  0.0175329  0.0635324 0.00193928
  0.243888 -0.0109026 0.00193928   0.444727
IMAGINARY
          0  -0.0091596  -0.0264505    0.012216
  0.0091596           0   0.0263479   0.0182538
  0.0264505  -0.0263479           0  0.00852908
  -0.012216  -0.0182538 -0.00852908           0
Repeater1[0]<--->HoM1[0]
REAL
   0.429792  0.00333056   0.0121287    0.250643
 0.00333056    0.046398 1.32225e-05   0.0114934
  0.0121287 1.32225e-05    0.046398  -0.0217033
   0.250643   0.0114934  -0.0217033    0.477411
IMAGINARY
          0  0.00821768   0.0163019 -0.00794816
-0.00821768           0 -0.00172926  0.00636813
 -0.0163019  0.00172926           0  -0.0107366
 0.00794816 -0.00636813   0.0107366           0
EndNode1[0]<--->Repeater1[0]
REAL
   0.448635 -0.00254264  0.00395209    0.264448
-0.00254264   0.0442133  -0.0167599  -0.0138596
 0.00395209  -0.0167599   0.0481144  0.00188214
   0.264448  -0.0138596  0.00188214    0.459038
IMAGINARY
          0  0.00188471   0.0073588  0.00280974
-0.00188471           0   0.0226561  0.00539288
 -0.0073588  -0.0226561           0  -0.0186632
-0.00280974 -0.00539288   0.0186632           0
EndNode2[0]<--->HoM1[0]
REAL
   0.451613  -0.0180668  -0.0110185    0.235874
 -0.0180668    0.043871   0.0188687  -0.0160818
 -0.0110185   0.0188687   0.0541935 0.000451671
   0.235874  -0.0160818 0.000451671    0.450323
IMAGINARY
           0    -0.044768   0.00590404   0.00819224
    0.044768            0    0.0268955 -0.000827902
 -0.00590404   -0.0268955            0   -0.0148767
 -0.00819224  0.000827902    0.0148767            0
Repeater1[0]<--->EndNode1[0]
REAL
   0.448635  0.00395209 -0.00254264    0.264448
 0.00395209   0.0481144  -0.0167599  0.00188214
-0.00254264  -0.0167599   0.0442133  -0.0138596
   0.264448  0.00188214  -0.0138596    0.459038
IMAGINARY
          0   0.0073588  0.00188471  0.00280974
 -0.0073588           0  -0.0226561  -0.0186632
-0.00188471   0.0226561           0  0.00539288
-0.00280974   0.0186632 -0.00539288           0
Repeater1[0]<--->HoM1[0]
REAL
   0.451613  -0.0110185  -0.0180668    0.235874
 -0.0110185   0.0541935   0.0188687 0.000451671
 -0.0180668   0.0188687    0.043871  -0.0160818
   0.235874 0.000451671  -0.0160818    0.450323
IMAGINARY
           0   0.00590404    -0.044768   0.00819224
 -0.00590404            0   -0.0268955   -0.0148767
    0.044768    0.0268955            0 -0.000827902
 -0.00819224    0.0148767  0.000827902            0
EndNode1[0]<--->Repeater1[0]
REAL
   0.430851  -0.0029555   0.0118831    0.257467
 -0.0029555   0.0571809   0.0185113 -0.00581022
  0.0118831   0.0185113   0.0611702 -0.00176785
   0.257467 -0.00581022 -0.00176785    0.450798
IMAGINARY
          0  0.00238606 -0.00383757  0.00314566
-0.00238606           0  -0.0213389 -0.00754128
 0.00383757   0.0213389           0  0.00497673
-0.00314566  0.00754128 -0.00497673           0
EndNode2[0]<--->HoM1[0]
REAL
    0.44625  -0.0187384  -0.0158357    0.254269
 -0.0187384     0.04875   0.0259778  0.00595916
 -0.0158357   0.0259778      0.0525 -0.00842206
   0.254269  0.00595916 -0.00842206      0.4525
IMAGINARY
           0  -0.00976831   0.00294951   -0.0122494
  0.00976831            0   -0.0102731 -0.000148386
 -0.00294951    0.0102731            0   -0.0182429
   0.0122494  0.000148386    0.0182429            0
Repeater1[0]<--->EndNode1[0]
REAL
   0.430851   0.0118831  -0.0029555    0.257467
  0.0118831   0.0611702   0.0185113 -0.00176785
 -0.0029555   0.0185113   0.0571809 -0.00581022
   0.257467 -0.00176785 -0.00581022    0.450798
IMAGINARY
          0 -0.00383757  0.00238606  0.00314566
 0.00383757           0   0.0213389  0.00497673
-0.00238606  -0.0213389           0 -0.00754128
-0.00314566 -0.00497673  0.00754128           0
Repeater1[0]<--->HoM1[0]
REAL
    0.44625  -0.0158357  -0.0187384    0.254269
 -0.0158357      0.0525   0.0259778 -0.00842206
 -0.0187384   0.0259778     0.04875  0.00595916
   0.254269 -0.00842206  0.00595916      0.4525
IMAGINARY
           0   0.00294951  -0.00976831   -0.0122494
 -0.00294951            0    0.0102731   -0.0182429
  0.00976831   -0.0102731            0 -0.000148386
   0.0122494    0.0182429  0.000148386            0
EndNode1[0]<--->Repeater1[0]
REAL
  0.454427 -0.0063441 -0.0135053   0.248063
-0.0063441  0.0494792  0.0041606 -0.0188962
-0.0135053  0.0041606  0.0455729 -0.0069977
  0.248063 -0.0188962 -0.0069977   0.450521
IMAGINARY
          0   0.0024397   0.0248964  -0.0312582
 -0.0024397           0 -0.00199299  -0.0140563
 -0.0248964  0.00199299           0 -0.00379471
  0.0312582   0.0140563  0.00379471           0
EndNode2[0]<--->HoM1[0]
REAL
    0.45977  -0.0221534  -0.0124854    0.270499
 -0.0221534   0.0625798   0.0121097 -0.00246029
 -0.0124854   0.0121097   0.0408685  0.00177297
   0.270499 -0.00246029  0.00177297    0.436782
IMAGINARY
          0 -0.00167785   0.0102121 -0.00103104
 0.00167785           0 -0.00479044 -0.00954097
 -0.0102121  0.00479044           0 -0.00167785
 0.00103104  0.00954097  0.00167785           0
Repeater1[0]<--->EndNode1[0]
REAL
  0.454427 -0.0135053 -0.0063441   0.248063
-0.0135053  0.0455729  0.0041606 -0.0069977
-0.0063441  0.0041606  0.0494792 -0.0188962
  0.248063 -0.0069977 -0.0188962   0.450521
IMAGINARY
          0   0.0248964   0.0024397  -0.0312582
 -0.0248964           0  0.00199299 -0.00379471
 -0.0024397 -0.00199299           0  -0.0140563
  0.0312582  0.00379471   0.0140563           0
Repeater1[0]<--->HoM1[0]
REAL
    0.45977  -0.0124854  -0.0221534    0.270499
 -0.0124854   0.0408685   0.0121097  0.00177297
 -0.0221534   0.0121097   0.0625798 -0.00246029
   0.270499  0.00177297 -0.00246029    0.436782
IMAGINARY
          0   0.0102121 -0.00167785 -0.00103104
 -0.0102121           0  0.00479044 -0.00167785
 0.00167785 -0.00479044           0 -0.00954097
 0.00103104  0.00167785  0.00954097           0
EndNode1[0]<--->Repeater1[0]
REAL
   0.436709  -0.0239464  0.00279178    0.241962
 -0.0239464   0.0481013   0.0163206  0.00886466
 0.00279178   0.0163206   0.0455696 -0.00243399
   0.241962  0.00886466 -0.00243399     0.46962
IMAGINARY
          0 -2.4846e-05  -0.0131277   0.0158809
 2.4846e-05           0   0.0203509  -0.0112313
  0.0131277  -0.0203509           0   0.0064351
 -0.0158809   0.0112313  -0.0064351           0
EndNode2[0]<--->HoM1[0]
REAL
   0.452477 -0.00512729   0.0176023    0.260645
-0.00512729   0.0455154   0.0148387   0.0101396
  0.0176023   0.0148387   0.0468541  -0.0084211
   0.260645   0.0101396  -0.0084211    0.455154
IMAGINARY
          0   0.0116288  -0.0104673  0.00483362
 -0.0116288           0  0.00610589    0.017564
  0.0104673 -0.00610589           0 -0.00195141
-0.00483362   -0.017564  0.00195141           0
Repeater1[0]<--->EndNode1[0]
REAL
   0.436709  0.00279178  -0.0239464    0.241962
 0.00279178   0.0455696   0.0163206 -0.00243399
 -0.0239464   0.0163206   0.0481013  0.00886466
   0.241962 -0.00243399  0.00886466     0.46962
IMAGINARY
          0  -0.0131277 -2.4846e-05   0.0158809
  0.0131277           0  -0.0203509   0.0064351
 2.4846e-05   0.0203509           0  -0.0112313
 -0.0158809  -0.0064351   0.0112313           0
Repeater1[0]<--->HoM1[0]
REAL
   0.452477   0.0176023 -0.00512729    0.260645
  0.0176023   0.0468541   0.0148387  -0.0084211
-0.00512729   0.0148387   0.0455154   0.0101396
   0.260645  -0.0084211   0.0101396    0.455154
IMAGINARY
          0  -0.0104673   0.0116288  0.00483362
  0.0104673           0 -0.00610589 -0.00195141
 -0.0116288  0.00610589           0    0.017564
-0.00483362  0.00195141   -0.017564           0
EndNode1[0]<--->Repeater1[0]
REAL
   0.435705   -0.005603 -0.00299599    0.274724
  -0.005603    0.051186 -0.00672427 -0.00900401
-0.00299599 -0.00672427   0.0499376 -0.00373034
   0.274724 -0.00900401 -0.00373034    0.463171
IMAGINARY
           0   -0.0322306  0.000107273   0.00430251
   0.0322306            0   -0.0210551    0.0145052
-0.000107273    0.0210551            0   -0.0154187
 -0.00430251   -0.0145052    0.0154187            0
EndNode2[0]<--->HoM1[0]
REAL
    0.45917  -0.0159978 -0.00636588    0.252379
 -0.0159978   0.0669344  -0.0176603   0.0124783
-0.00636588  -0.0176603   0.0374833   0.0257777
   0.252379   0.0124783   0.0257777    0.436412
IMAGINARY
          0   0.0163265  -0.0133129   0.0112299
 -0.0163265           0   0.0225364  -0.0215097
  0.0133129  -0.0225364           0  0.00404146
 -0.0112299   0.0215097 -0.00404146           0
Repeater1[0]<--->EndNode1[0]
REAL
   0.435705 -0.00299599   -0.005603    0.274724
-0.00299599   0.0499376 -0.00672427 -0.00373034
  -0.005603 -0.00672427    0.051186 -0.00900401
   0.274724 -0.00373034 -0.00900401    0.463171
IMAGINARY
           0  0.000107273   -0.0322306   0.00430251
-0.000107273            0    0.0210551   -0.0154187
   0.0322306   -0.0210551            0    0.0145052
 -0.00430251    0.0154187   -0.0145052            0
Repeater1[0]<--->HoM1[0]
REAL
    0.45917 -0.00636588  -0.0159978    0.252379
-0.00636588   0.0374833  -0.0176603   0.0257777
 -0.0159978  -0.0176603   0.0669344   0.0124783
   0.252379   0.0257777   0.0124783    0.436412
IMAGINARY
          0  -0.0133129   0.0163265   0.0112299
  0.0133129           0  -0.0225364  0.00404146
 -0.0163265   0.0225364           0  -0.0215097
 -0.0112299 -0.00404146   0.0215097           0
EndNode1[0]<--->Repeater1[0]
REAL
   0.443054  0.00416826  0.00518118    0.271766
 0.00416826    0.057572  0.00601218  0.00773872
 0.00518118  0.00601218   0.0425532 0.000999695
   0.271766  0.00773872 0.000999695    0.456821
IMAGINARY
          0  -0.0169199   0.0277807  -0.0115674
  0.0169199           0  -0.0198027  0.00783573
 -0.0277807   0.0198027           0 -0.00910745
  0.0115674 -0.00783573  0.00910745           0
EndNode2[0]<--->HoM1[0]
REAL
  0.450508 0.00607466 0.00254654   0.234621
0.00607466  0.0317259 0.00558831 -0.0221288
0.00254654 0.00558831  0.0596447  0.0122021
  0.234621 -0.0221288  0.0122021   0.458122
IMAGINARY
           0  -0.00772935  -0.00922946  -0.00355531
  0.00772935            0  0.000487821   0.00987462
  0.00922946 -0.000487821            0   -0.0109803
  0.00355531  -0.00987462    0.0109803            0
Repeater1[0]<--->EndNode1[0]
REAL
   0.443054  0.00518118  0.00416826    0.271766
 0.00518118   0.0425532  0.00601218 0.000999695
 0.00416826  0.00601218    0.057572  0.00773872
   0.271766 0.000999695  0.00773872    0.456821
IMAGINARY
          0   0.0277807  -0.0169199  -0.0115674
 -0.0277807           0   0.0198027 -0.00910745
  0.0169199  -0.0198027           0  0.00783573
  0.0115674  0.00910745 -0.00783573           0
Repeater1[0]<--->HoM1[0]
REAL
  0.450508 0.00254654 0.00607466   0.234621
0.00254654  0.0596447 0.00558831  0.0122021
0.00607466 0.00558831  0.0317259 -0.0221288
  0.234621  0.0122021 -0.0221288   0.458122
IMAGINARY
           0  -0.00922946  -0.00772935  -0.00355531
  0.00922946            0 -0.000487821   -0.0109803
  0.00772935  0.000487821            0   0.00987462
  0.00355531    0.0109803  -0.00987462            0
EndNode1[0]<--->Repeater1[0]
REAL
   0.483912   0.0236134 -0.00458975    0.280119
  0.0236134    0.043758  0.00455763  0.00392925
-0.00458975  0.00455763    0.046332 0.000825185
   0.280119  0.00392925 0.000825185    0.425997
IMAGINARY
          0  0.00591622 -0.00492233  0.00657937
-0.00591622           0  -0.0327607  -0.0212622
 0.00492233   0.0327607           0  0.00530572
-0.00657937   0.0212622 -0.00530572           0
EndNode2[0]<--->HoM1[0]
REAL
  0.439644  0.0236443 0.00879942   0.262877
 0.0236443  0.0546379  0.0199048  0.0236509
0.00879942  0.0199048  0.0419314  -0.012386
  0.262877  0.0236509  -0.012386   0.463787
IMAGINARY
          0 -0.00487481   0.0138401  0.00562951
 0.00487481           0 -0.00307196 -0.00112253
 -0.0138401  0.00307196           0  -0.0131975
-0.00562951  0.00112253   0.0131975           0
Repeater1[0]<--->EndNode1[0]
REAL
   0.483912 -0.00458975   0.0236134    0.280119
-0.00458975    0.046332  0.00455763 0.000825185
  0.0236134  0.00455763    0.043758  0.00392925
   0.280119 0.000825185  0.00392925    0.425997
IMAGINARY
          0 -0.00492233  0.00591622  0.00657937
 0.00492233           0   0.0327607  0.00530572
-0.00591622  -0.0327607           0  -0.0212622
-0.00657937 -0.00530572   0.0212622           0
Repeater1[0]<--->HoM1[0]
REAL
  0.439644 0.00879942  0.0236443   0.262877
0.00879942  0.0419314  0.0199048  -0.012386
 0.0236443  0.0199048  0.0546379  0.0236509
  0.262877  -0.012386  0.0236509   0.463787
IMAGINARY
          0   0.0138401 -0.00487481  0.00562951
 -0.0138401           0  0.00307196  -0.0131975
 0.00487481 -0.00307196           0 -0.00112253
-0.00562951   0.0131975  0.00112253           0
EndNode1[0]<--->Repeater1[0]
REAL
   0.446292 -0.00463281  0.00127173    0.251069
-0.00463281   0.0537084  -0.0120548 -0.00193751
 0.00127173  -0.0120548   0.0549872 -0.00402231
   0.251069 -0.00193751 -0.00402231    0.445013
IMAGINARY
           0  0.000159841   0.00351705   0.00743189
-0.000159841            0     -0.00678   0.00224479
 -0.00351705      0.00678            0   -0.0123237
 -0.00743189  -0.00224479    0.0123237            0
EndNode2[0]<--->HoM1[0]
REAL
   0.470514   0.0118141 -0.00226815    0.250184
  0.0118141   0.0489335  0.00646517   0.0075873
-0.00226815  0.00646517   0.0526976  -0.0291013
   0.250184   0.0075873  -0.0291013    0.427854
IMAGINARY
          0  0.00283493  0.00824898  0.00678867
-0.00283493           0  0.00678867   0.0193892
-0.00824898 -0.00678867           0  -0.0103726
-0.00678867  -0.0193892   0.0103726           0
Repeater1[0]<--->EndNode1[0]
REAL
   0.446292  0.00127173 -0.00463281    0.251069
 0.00127173   0.0549872  -0.0120548 -0.00402231
-0.00463281  -0.0120548   0.0537084 -0.00193751
   0.251069 -0.00402231 -0.00193751    0.445013
IMAGINARY
           0   0.00351705  0.000159841   0.00743189
 -0.00351705            0      0.00678   -0.0123237
-0.000159841     -0.00678            0   0.00224479
 -0.00743189    0.0123237  -0.00224479            0
Repeater1[0]<--->HoM1[0]
REAL
   0.470514 -0.00226815   0.0118141    0.250184
-0.00226815   0.0526976  0.00646517  -0.0291013
  0.0118141  0.00646517   0.0489335   0.0075873
   0.250184  -0.0291013   0.0075873    0.427854
IMAGINARY
          0  0.00824898  0.00283493  0.00678867
-0.00824898           0 -0.00678867  -0.0103726
-0.00283493  0.00678867           0   0.0193892
-0.00678867   0.0103726  -0.0193892           0
EndNode1[0]<--->Repeater1[0]
REAL
   0.442559 -0.00348845  0.00565345    0.247577
-0.00348845   0.0469974   0.0130408   0.0220171
 0.00565345   0.0130408   0.0548303 0.000270948
   0.247577   0.0220171 0.000270948    0.455614
IMAGINARY
           0  -0.00288598     0.023286   0.00840011
  0.00288598            0   0.00316451   -0.0116881
   -0.023286  -0.00316451            0 -0.000980004
 -0.00840011    0.0116881  0.000980004            0
EndNode2[0]<--->HoM1[0]
REAL
   0.458333  -0.0109746 -0.00189119    0.264692
 -0.0109746   0.0429688   0.0133625  -0.0205527
-0.00189119   0.0133625    0.046875 -0.00648171
   0.264692  -0.0205527 -0.00648171    0.451823
IMAGINARY
           0 -0.000852798   -0.0213193    0.0168433
 0.000852798            0   -0.0028018    0.0146704
   0.0213193    0.0028018            0    0.0168102
  -0.0168433   -0.0146704   -0.0168102            0
Repeater1[0]<--->EndNode1[0]
REAL
   0.442559  0.00565345 -0.00348845    0.247577
 0.00565345   0.0548303   0.0130408 0.000270948
-0.00348845   0.0130408   0.0469974   0.0220171
   0.247577 0.000270948   0.0220171    0.455614
IMAGINARY
           0     0.023286  -0.00288598   0.00840011
   -0.023286            0  -0.00316451 -0.000980004
  0.00288598   0.00316451            0   -0.0116881
 -0.00840011  0.000980004    0.0116881            0
Repeater1[0]<--->HoM1[0]
REAL
   0.458333 -0.00189119  -0.0109746    0.264692
-0.00189119    0.046875   0.0133625 -0.00648171
 -0.0109746   0.0133625   0.0429688  -0.0205527
   0.264692 -0.00648171  -0.0205527    0.451823
IMAGINARY
           0   -0.0213193 -0.000852798    0.0168433
   0.0213193            0    0.0028018    0.0168102
 0.000852798   -0.0028018            0    0.0146704
  -0.0168433   -0.0168102   -0.0146704            0
EndNode1[0]<--->Repeater1[0]
REAL
   0.449086   0.0141356   -0.002141    0.246938
  0.0141356   0.0652742   0.0033817  -0.0113033
  -0.002141   0.0033817   0.0313316 -0.00581293
   0.246938  -0.0113033 -0.00581293    0.454308
IMAGINARY
          0   -0.006602  0.00577529 -0.00699348
   0.006602           0 -0.00634832  0.00839996
-0.00577529  0.00634832           0    0.014334
 0.00699348 -0.00839996   -0.014334           0
EndNode2[0]<--->HoM1[0]
REAL
  0.417219  0.0119986  0.0217183   0.260047
 0.0119986  0.0503311 0.00481114  0.0247933
 0.0217183 0.00481114  0.0463576  0.0267611
  0.260047  0.0247933  0.0267611   0.486093
IMAGINARY
          0 -0.00718204  0.00381679   0.0297159
 0.00718204           0 -0.00410943 -0.00381679
-0.00381679  0.00410943           0 -0.00459806
 -0.0297159  0.00381679  0.00459806           0
Repeater1[0]<--->EndNode1[0]
REAL
   0.449086   -0.002141   0.0141356    0.246938
  -0.002141   0.0313316   0.0033817 -0.00581293
  0.0141356   0.0033817   0.0652742  -0.0113033
   0.246938 -0.00581293  -0.0113033    0.454308
IMAGINARY
          0  0.00577529   -0.006602 -0.00699348
-0.00577529           0  0.00634832    0.014334
   0.006602 -0.00634832           0  0.00839996
 0.00699348   -0.014334 -0.00839996           0
Repeater1[0]<--->HoM1[0]
REAL
  0.417219  0.0217183  0.0119986   0.260047
 0.0217183  0.0463576 0.00481114  0.0267611
 0.0119986 0.00481114  0.0503311  0.0247933
  0.260047  0.0267611  0.0247933   0.486093
IMAGINARY
          0  0.00381679 -0.00718204   0.0297159
-0.00381679           0  0.00410943 -0.00459806
 0.00718204 -0.00410943           0 -0.00381679
 -0.0297159  0.00459806  0.00381679           0
EndNode1[0]<--->Repeater1[0]
REAL
   0.443213 -0.00366639   0.0344431    0.222963
-0.00366639   0.0526316   0.0123683 -0.00135941
  0.0344431   0.0123683   0.0512465  -0.0106907
   0.222963 -0.00135941  -0.0106907    0.452909
IMAGINARY
           0    0.0200055  -0.00933824  -0.00419379
  -0.0200055            0  -0.00281258   0.00546227
  0.00933824   0.00281258            0 -0.000625611
  0.00419379  -0.00546227  0.000625611            0
EndNode2[0]<--->HoM1[0]
REAL
   0.462745  -0.0033002  -0.0122546    0.266427
 -0.0033002   0.0470588 -0.00157269 -0.00354816
 -0.0122546 -0.00157269   0.0470588  0.00519653
   0.266427 -0.00354816  0.00519653    0.443137
IMAGINARY
          0   0.0144346 -0.00119452  0.00259581
 -0.0144346           0 -0.00908931  -0.0294722
 0.00119452  0.00908931           0  -0.0104346
-0.00259581   0.0294722   0.0104346           0
Repeater1[0]<--->EndNode1[0]
REAL
   0.443213   0.0344431 -0.00366639    0.222963
  0.0344431   0.0512465   0.0123683  -0.0106907
-0.00366639   0.0123683   0.0526316 -0.00135941
   0.222963  -0.0106907 -0.00135941    0.452909
IMAGINARY
           0  -0.00933824    0.0200055  -0.00419379
  0.00933824            0   0.00281258 -0.000625611
  -0.0200055  -0.00281258            0   0.00546227
  0.00419379  0.000625611  -0.00546227            0
Repeater1[0]<--->HoM1[0]
REAL
   0.462745  -0.0122546  -0.0033002    0.266427
 -0.0122546   0.0470588 -0.00157269  0.00519653
 -0.0033002 -0.00157269   0.0470588 -0.00354816
   0.266427  0.00519653 -0.00354816    0.443137
IMAGINARY
          0 -0.00119452   0.0144346  0.00259581
 0.00119452           0  0.00908931  -0.0104346
 -0.0144346 -0.00908931           0  -0.0294722
-0.00259581   0.0104346   0.0294722           0
EndNode1[0]<--->Repeater1[0]
REAL
   0.449819  -0.0176517 -0.00715864    0.262852
 -0.0176517   0.0495768   0.0196451  -0.0140769
-0.00715864   0.0196451    0.050786  0.00542521
   0.262852  -0.0140769  0.00542521    0.449819
IMAGINARY
          0   0.0175073  -0.0118696  0.00757392
 -0.0175073           0   0.0164902 -0.00171734
  0.0118696  -0.0164902           0  0.00287314
-0.00757392  0.00171734 -0.00287314           0
EndNode2[0]<--->HoM1[0]
REAL
   0.494595  -0.0157976   -0.024513    0.250388
 -0.0157976   0.0594595   0.0168753   0.0168404
  -0.024513   0.0168753   0.0432432 0.000452366
   0.250388   0.0168404 0.000452366    0.402703
IMAGINARY
           0  -0.00837982  -0.00573097   0.00308534
  0.00837982            0  0.000692997 -0.000325561
  0.00573097 -0.000692997            0    0.0144363
 -0.00308534  0.000325561   -0.0144363            0
Repeater1[0]<--->EndNode1[0]
REAL
   0.449819 -0.00715864  -0.0176517    0.262852
-0.00715864    0.050786   0.0196451  0.00542521
 -0.0176517   0.0196451   0.0495768  -0.0140769
   0.262852  0.00542521  -0.0140769    0.449819
IMAGINARY
          0  -0.0118696   0.0175073  0.00757392
  0.0118696           0  -0.0164902  0.00287314
 -0.0175073   0.0164902           0 -0.00171734
-0.00757392 -0.00287314  0.00171734           0
Repeater1[0]<--->HoM1[0]
REAL
   0.494595   -0.024513  -0.0157976    0.250388
  -0.024513   0.0432432   0.0168753 0.000452366
 -0.0157976   0.0168753   0.0594595   0.0168404
   0.250388 0.000452366   0.0168404    0.402703
IMAGINARY
           0  -0.00573097  -0.00837982   0.00308534
  0.00573097            0 -0.000692997    0.0144363
  0.00837982  0.000692997            0 -0.000325561
 -0.00308534   -0.0144363  0.000325561            0
EndNode1[0]<--->Repeater1[0]
REAL
   0.444444 -0.00322428  0.00562466    0.259263
-0.00322428   0.0444444  -0.0114373  -0.0112147
 0.00562466  -0.0114373   0.0339869  0.00632987
   0.259263  -0.0112147  0.00632987    0.477124
IMAGINARY
          0   0.0140576 -0.00254858   0.0146662
 -0.0140576           0   0.0153338  -0.0031839
 0.00254858  -0.0153338           0  -0.0032296
 -0.0146662   0.0031839   0.0032296           0
EndNode2[0]<--->HoM1[0]
REAL
   0.454075   0.0128138 -0.00551624    0.275811
  0.0128138   0.0672704   0.0121083  -0.0139468
-0.00551624   0.0121083   0.0556274  -0.0242232
   0.275811  -0.0139468  -0.0242232    0.423027
IMAGINARY
          0  0.00109843    0.015231   0.0204651
-0.00109843           0  -0.0242819  0.00121234
  -0.015231   0.0242819           0 -0.00536152
 -0.0204651 -0.00121234  0.00536152           0
Repeater1[0]<--->EndNode1[0]
REAL
   0.444444  0.00562466 -0.00322428    0.259263
 0.00562466   0.0339869  -0.0114373  0.00632987
-0.00322428  -0.0114373   0.0444444  -0.0112147
   0.259263  0.00632987  -0.0112147    0.477124
IMAGINARY
          0 -0.00254858   0.0140576   0.0146662
 0.00254858           0  -0.0153338  -0.0032296
 -0.0140576   0.0153338           0  -0.0031839
 -0.0146662   0.0032296   0.0031839           0
Repeater1[0]<--->HoM1[0]
REAL
   0.454075 -0.00551624   0.0128138    0.275811
-0.00551624   0.0556274   0.0121083  -0.0242232
  0.0128138   0.0121083   0.0672704  -0.0139468
   0.275811  -0.0242232  -0.0139468    0.423027
IMAGINARY
          0    0.015231  0.00109843   0.0204651
  -0.015231           0   0.0242819 -0.00536152
-0.00109843  -0.0242819           0  0.00121234
 -0.0204651  0.00536152 -0.00121234           0
EndNode1[0]<--->Repeater1[0]
REAL
  0.458333 0.00460705 0.00819703   0.268575
0.00460705  0.0490196 -0.0178973 -0.0109071
0.00819703 -0.0178973  0.0477941  0.0143631
  0.268575 -0.0109071  0.0143631   0.444853
IMAGINARY
          0  -0.0217831   0.0069952  0.00455718
  0.0217831           0  0.00265121   0.0102462
 -0.0069952 -0.00265121           0  -0.0180047
-0.00455718  -0.0102462   0.0180047           0
EndNode2[0]<--->HoM1[0]
REAL
   0.436183 -0.00101924 -0.00998675    0.287322
-0.00101924   0.0508055   0.0134801   0.0166712
-0.00998675   0.0134801   0.0433705 -0.00165456
   0.287322   0.0166712 -0.00165456    0.469641
IMAGINARY
          0 -0.00478059 -0.00117889 -0.00915333
 0.00478059           0   0.0204033 -0.00972029
 0.00117889  -0.0204033           0   0.0156798
 0.00915333  0.00972029  -0.0156798           0
Repeater1[0]<--->EndNode1[0]
REAL
  0.458333 0.00819703 0.00460705   0.268575
0.00819703  0.0477941 -0.0178973  0.0143631
0.00460705 -0.0178973  0.0490196 -0.0109071
  0.268575  0.0143631 -0.0109071   0.444853
IMAGINARY
          0   0.0069952  -0.0217831  0.00455718
 -0.0069952           0 -0.00265121  -0.0180047
  0.0217831  0.00265121           0   0.0102462
-0.00455718   0.0180047  -0.0102462           0
Repeater1[0]<--->HoM1[0]
REAL
   0.436183 -0.00998675 -0.00101924    0.287322
-0.00998675   0.0433705   0.0134801 -0.00165456
-0.00101924   0.0134801   0.0508055   0.0166712
   0.287322 -0.00165456   0.0166712    0.469641
IMAGINARY
          0 -0.00117889 -0.00478059 -0.00915333
 0.00117889           0  -0.0204033   0.0156798
 0.00478059   0.0204033           0 -0.00972029
 0.00915333  -0.0156798  0.00972029           0
EndNode1[0]<--->Repeater1[0]
REAL
   0.440701 -0.00527753  -0.0249446    0.264522
-0.00527753   0.0377358   0.0100002  -0.0113611
 -0.0249446   0.0100002   0.0552561  -0.0195632
   0.264522  -0.0113611  -0.0195632    0.466307
IMAGINARY
          0  0.00360397 -0.00417257  -0.0114796
-0.00360397           0  -0.0229592  -0.0177913
 0.00417257   0.0229592           0  0.00543996
  0.0114796   0.0177913 -0.00543996           0
EndNode2[0]<--->HoM1[0]
REAL
    0.444589   0.00328482   -0.0152714     0.278249
  0.00328482    0.0443286   0.00243011 -0.000394347
  -0.0152714   0.00243011    0.0391134   0.00193711
    0.278249 -0.000394347   0.00193711     0.471969
IMAGINARY
          0  -0.0252417 -0.00124978  -0.0134127
  0.0252417           0 -0.00787763 -0.00252855
 0.00124978  0.00787763           0  -0.0112823
  0.0134127  0.00252855   0.0112823           0
Repeater1[0]<--->EndNode1[0]
REAL
   0.440701  -0.0249446 -0.00527753    0.264522
 -0.0249446   0.0552561   0.0100002  -0.0195632
-0.00527753   0.0100002   0.0377358  -0.0113611
   0.264522  -0.0195632  -0.0113611    0.466307
IMAGINARY
          0 -0.00417257  0.00360397  -0.0114796
 0.00417257           0   0.0229592  0.00543996
-0.00360397  -0.0229592           0  -0.0177913
  0.0114796 -0.00543996   0.0177913           0
Repeater1[0]<--->HoM1[0]
REAL
    0.444589   -0.0152714   0.00328482     0.278249
  -0.0152714    0.0391134   0.00243011   0.00193711
  0.00328482   0.00243011    0.0443286 -0.000394347
    0.278249   0.00193711 -0.000394347     0.471969
IMAGINARY
          0 -0.00124978  -0.0252417  -0.0134127
 0.00124978           0  0.00787763  -0.0112823
  0.0252417 -0.00787763           0 -0.00252855
  0.0134127   0.0112823  0.00252855           0
EndNode1[0]<--->Repeater1[0]
REAL
   0.443734  0.00297637 -0.00791632    0.261184
 0.00297637   0.0588235 -0.00745309  0.00667254
-0.00791632 -0.00745309   0.0434783  -0.0141704
   0.261184  0.00667254  -0.0141704    0.453964
IMAGINARY
          0  -0.0263868 -0.00387126  -0.0120944
  0.0263868           0  0.00340951 -0.00255547
 0.00387126 -0.00340951           0   0.0148186
  0.0120944  0.00255547  -0.0148186           0
EndNode2[0]<--->HoM1[0]
REAL
    0.470968  -0.00872837   -0.0128661     0.273439
 -0.00872837    0.0387097  -0.00888247   -0.0187794
  -0.0128661  -0.00888247    0.0606452 -0.000132385
    0.273439   -0.0187794 -0.000132385     0.429677
IMAGINARY
          0 -0.00473871 -0.00192924   0.0226177
 0.00473871           0   0.0207497 -0.00730559
 0.00192924  -0.0207497           0   0.0179313
 -0.0226177  0.00730559  -0.0179313           0
Repeater1[0]<--->EndNode1[0]
REAL
   0.443734 -0.00791632  0.00297637    0.261184
-0.00791632   0.0434783 -0.00745309  -0.0141704
 0.00297637 -0.00745309   0.0588235  0.00667254
   0.261184  -0.0141704  0.00667254    0.453964
IMAGINARY
          0 -0.00387126  -0.0263868  -0.0120944
 0.00387126           0 -0.00340951   0.0148186
  0.0263868  0.00340951           0 -0.00255547
  0.0120944  -0.0148186  0.00255547           0
Repeater1[0]<--->HoM1[0]
REAL
    0.470968   -0.0128661  -0.00872837     0.273439
  -0.0128661    0.0606452  -0.00888247 -0.000132385
 -0.00872837  -0.00888247    0.0387097   -0.0187794
    0.273439 -0.000132385   -0.0187794     0.429677
IMAGINARY
          0 -0.00192924 -0.00473871   0.0226177
 0.00192924           0  -0.0207497   0.0179313
 0.00473871   0.0207497           0 -0.00730559
 -0.0226177  -0.0179313  0.00730559           0
EndNode1[0]<--->Repeater1[0]
REAL
  0.438462 0.00685345 0.00325141    0.25828
0.00685345  0.0551282 0.00109944 0.00515738
0.00325141 0.00109944  0.0448718 -0.0165559
   0.25828 0.00515738 -0.0165559   0.461538
IMAGINARY
           0 -1.52986e-05   0.00477961   -0.0134255
 1.52986e-05            0   -0.0012616   0.00958071
 -0.00477961    0.0012616            0    -0.011734
   0.0134255  -0.00958071     0.011734            0
EndNode2[0]<--->HoM1[0]
REAL
    0.447334  -0.00254694   -0.0134839     0.258041
 -0.00254694    0.0572172   -0.0101939  -0.00312124
  -0.0134839   -0.0101939    0.0377113 -0.000528094
    0.258041  -0.00312124 -0.000528094     0.457737
IMAGINARY
           0   -0.0188699   -0.0078019  -0.00546364
   0.0188699            0 -0.000268839    0.0078019
   0.0078019  0.000268839            0  -0.00113009
  0.00546364   -0.0078019   0.00113009            0
Repeater1[0]<--->EndNode1[0]
REAL
  0.438462 0.00325141 0.00685345    0.25828
0.00325141  0.0448718 0.00109944 -0.0165559
0.00685345 0.00109944  0.0551282 0.00515738
   0.25828 -0.0165559 0.00515738   0.461538
IMAGINARY
           0   0.00477961 -1.52986e-05   -0.0134255
 -0.00477961            0    0.0012616    -0.011734
 1.52986e-05   -0.0012616            0   0.00958071
   0.0134255     0.011734  -0.00958071            0
Repeater1[0]<--->HoM1[0]
REAL
    0.447334   -0.0134839  -0.00254694     0.258041
  -0.0134839    0.0377113   -0.0101939 -0.000528094
 -0.00254694   -0.0101939    0.0572172  -0.00312124
    0.258041 -0.000528094  -0.00312124     0.457737
IMAGINARY
           0   -0.0078019   -0.0188699  -0.00546364
   0.0078019            0  0.000268839  -0.00113009
   0.0188699 -0.000268839            0    0.0078019
  0.00546364   0.00113009   -0.0078019            0
EndNode1[0]<--->Repeater1[0]
REAL
    0.470952   -0.0154269 -0.000287557     0.252373
  -0.0154269    0.0482077  -0.00667791    0.0128703
-0.000287557  -0.00667791    0.0618047   0.00416859
    0.252373    0.0128703   0.00416859     0.419036
IMAGINARY
          0 -0.00931094   0.0256037  -0.0136563
 0.00931094           0   0.0162138  0.00248616
 -0.0256037  -0.0162138           0  -0.0125367
  0.0136563 -0.00248616   0.0125367           0
EndNode2[0]<--->HoM1[0]
REAL
   0.467485   0.0225884 -0.00171683    0.257313
  0.0225884   0.0503067   0.0151665  0.00716642
-0.00171683   0.0151665   0.0478528  -0.0157764
   0.257313  0.00716642  -0.0157764    0.434356
IMAGINARY
           0  -0.00484144    0.0133479   0.00261579
  0.00484144            0    0.0110029  -0.00156779
  -0.0133479   -0.0110029            0 -0.000394167
 -0.00261579   0.00156779  0.000394167            0
Repeater1[0]<--->EndNode1[0]
REAL
    0.470952 -0.000287557   -0.0154269     0.252373
-0.000287557    0.0618047  -0.00667791   0.00416859
  -0.0154269  -0.00667791    0.0482077    0.0128703
    0.252373   0.00416859    0.0128703     0.419036
IMAGINARY
          0   0.0256037 -0.00931094  -0.0136563
 -0.0256037           0  -0.0162138  -0.0125367
 0.00931094   0.0162138           0  0.00248616
  0.0136563   0.0125367 -0.00248616           0
Repeater1[0]<--->HoM1[0]
REAL
   0.467485 -0.00171683   0.0225884    0.257313
-0.00171683   0.0478528   0.0151665  -0.0157764
  0.0225884   0.0151665   0.0503067  0.00716642
   0.257313  -0.0157764  0.00716642    0.434356
IMAGINARY
           0    0.0133479  -0.00484144   0.00261579
  -0.0133479            0   -0.0110029 -0.000394167
  0.00484144    0.0110029            0  -0.00156779
 -0.00261579  0.000394167   0.00156779            0
EndNode1[0]<--->Repeater1[0]
REAL
   0.447122  0.00517118 -0.00384131    0.262901
 0.00517118   0.0495315   0.0112924  0.00190582
-0.00384131   0.0112924   0.0348059  0.00708689
   0.262901  0.00190582  0.00708689    0.468541
IMAGINARY
          0   0.0109056  -0.0261906   0.0252421
 -0.0109056           0 -0.00733932  0.00881604
  0.0261906  0.00733932           0  -0.0154101
 -0.0252421 -0.00881604   0.0154101           0
