EndNode1[0]<--->Repeater1[0]
REAL
   0.426768  0.00365014   0.0016712    0.322486
 0.00365014    0.102273   0.0718436 -0.00553718
  0.0016712   0.0718436   0.0909091 -0.00751612
   0.322486 -0.00553718 -0.00751612    0.380051
IMAGINARY
          0   0.0032034 -0.00514139  -0.0146312
 -0.0032034           0   0.0100441  0.00514139
 0.00514139  -0.0100441           0  0.00707937
  0.0146312 -0.00514139 -0.00707937           0
EndNode2[0]<--->HoM1[0]
REAL
    0.394839   0.00664648    0.0140499     0.330447
  0.00664648    0.0967742    0.0740035   0.00951033
   0.0140499    0.0740035     0.114839 -0.000101982
    0.330447   0.00951033 -0.000101982     0.393548
IMAGINARY
          0  0.00604195  -0.0241393 -0.00147507
-0.00604195           0  -0.0231587  -0.0222525
  0.0241393   0.0231587           0   0.0235972
 0.00147507   0.0222525  -0.0235972           0
Repeater1[0]<--->EndNode1[0]
REAL
   0.426768   0.0016712  0.00365014    0.322486
  0.0016712   0.0909091   0.0718436 -0.00751612
 0.00365014   0.0718436    0.102273 -0.00553718
   0.322486 -0.00751612 -0.00553718    0.380051
IMAGINARY
          0 -0.00514139   0.0032034  -0.0146312
 0.00514139           0  -0.0100441  0.00707937
 -0.0032034   0.0100441           0  0.00514139
  0.0146312 -0.00707937 -0.00514139           0
Repeater1[0]<--->HoM1[0]
REAL
    0.394839    0.0140499   0.00664648     0.330447
   0.0140499     0.114839    0.0740035 -0.000101982
  0.00664648    0.0740035    0.0967742   0.00951033
    0.330447 -0.000101982   0.00951033     0.393548
IMAGINARY
          0  -0.0241393  0.00604195 -0.00147507
  0.0241393           0   0.0231587   0.0235972
-0.00604195  -0.0231587           0  -0.0222525
 0.00147507  -0.0235972   0.0222525           0
EndNode1[0]<--->Repeater1[0]
REAL
   0.393939    0.011061   0.0164579    0.325667
   0.011061   0.0934343   0.0480307 -0.00473913
  0.0164579   0.0480307    0.106061  0.00977234
   0.325667 -0.00473913  0.00977234    0.406566
IMAGINARY
          0  0.00683231   0.0178453 -0.00801022
-0.00683231           0 -0.00667688  -0.0095861
 -0.0178453  0.00667688           0   0.0014269
 0.00801022   0.0095861  -0.0014269           0
EndNode2[0]<--->HoM1[0]
REAL
    0.379001   0.00328621  -0.00617855     0.322434
  0.00328621     0.103713    0.0551704   0.00357438
 -0.00617855    0.0551704     0.104994 -0.000682044
    0.322434   0.00357438 -0.000682044     0.412292
IMAGINARY
           0    0.0086848  -0.00391419  -0.00876868
  -0.0086848            0  0.000984247   -0.0127099
  0.00391419 -0.000984247            0    0.0130543
  0.00876868    0.0127099   -0.0130543            0
Repeater1[0]<--->EndNode1[0]
REAL
   0.393939   0.0164579    0.011061    0.325667
  0.0164579    0.106061   0.0480307  0.00977234
   0.011061   0.0480307   0.0934343 -0.00473913
   0.325667  0.00977234 -0.00473913    0.406566
IMAGINARY
          0   0.0178453  0.00683231 -0.00801022
 -0.0178453           0  0.00667688   0.0014269
-0.00683231 -0.00667688           0  -0.0095861
 0.00801022  -0.0014269   0.0095861           0
Repeater1[0]<--->HoM1[0]
REAL
    0.379001  -0.00617855   0.00328621     0.322434
 -0.00617855     0.104994    0.0551704 -0.000682044
  0.00328621    0.0551704     0.103713   0.00357438
    0.322434 -0.000682044   0.00357438     0.412292
IMAGINARY
           0  -0.00391419    0.0086848  -0.00876868
  0.00391419            0 -0.000984247    0.0130543
  -0.0086848  0.000984247            0   -0.0127099
  0.00876868   -0.0130543    0.0127099            0
EndNode1[0]<--->Repeater1[0]
REAL
   0.420126 -0.00176914  -0.0121869    0.340615
-0.00176914   0.0893082   0.0687079  0.00899408
 -0.0121869   0.0687079    0.116981 -0.00780941
   0.340615  0.00899408 -0.00780941    0.373585
IMAGINARY
          0  0.00226547  0.00613984  0.00897762
-0.00226547           0 -0.00098254  -0.0228924
-0.00613984  0.00098254           0  0.00546649
-0.00897762   0.0228924 -0.00546649           0
EndNode2[0]<--->HoM1[0]
REAL
   0.359395  0.00470494 -0.00490333    0.333026
 0.00470494    0.105927   0.0551053  -0.0148784
-0.00490333   0.0551053     0.10971 -0.00811558
   0.333026  -0.0148784 -0.00811558    0.424968
IMAGINARY
          0  -0.0142584 -0.00632546 -0.00252996
  0.0142584           0   0.0018287  -0.0135718
 0.00632546  -0.0018287           0  0.00719805
 0.00252996   0.0135718 -0.00719805           0
Repeater1[0]<--->EndNode1[0]
REAL
   0.420126  -0.0121869 -0.00176914    0.340615
 -0.0121869    0.116981   0.0687079 -0.00780941
-0.00176914   0.0687079   0.0893082  0.00899408
   0.340615 -0.00780941  0.00899408    0.373585
IMAGINARY
          0  0.00613984  0.00226547  0.00897762
-0.00613984           0  0.00098254  0.00546649
-0.00226547 -0.00098254           0  -0.0228924
-0.00897762 -0.00546649   0.0228924           0
Repeater1[0]<--->HoM1[0]
REAL
   0.359395 -0.00490333  0.00470494    0.333026
-0.00490333     0.10971   0.0551053 -0.00811558
 0.00470494   0.0551053    0.105927  -0.0148784
   0.333026 -0.00811558  -0.0148784    0.424968
IMAGINARY
          0 -0.00632546  -0.0142584 -0.00252996
 0.00632546           0  -0.0018287  0.00719805
  0.0142584   0.0018287           0  -0.0135718
 0.00252996 -0.00719805   0.0135718           0
EndNode1[0]<--->Repeater1[0]
REAL
    0.38543  -0.0216691  -0.0159722    0.334108
 -0.0216691   0.0887417   0.0471181  -0.0165949
 -0.0159722   0.0471181     0.10596 -0.00451225
   0.334108  -0.0165949 -0.00451225    0.419868
IMAGINARY
          0   0.0202325   -0.010052  -0.0102217
 -0.0202325           0  0.00273872   0.0023989
   0.010052 -0.00273872           0 -0.00875296
  0.0102217  -0.0023989  0.00875296           0
EndNode2[0]<--->HoM1[0]
REAL
    0.394602   -0.0164652   -0.0167923     0.322385
  -0.0164652     0.100257    0.0458417  -0.00168061
  -0.0167923    0.0458417     0.101542 -0.000776215
    0.322385  -0.00168061 -0.000776215     0.403599
IMAGINARY
          0  -0.0109602  0.00779541   0.0226321
  0.0109602           0  -0.0150563  0.00208113
-0.00779541   0.0150563           0   0.0196022
 -0.0226321 -0.00208113  -0.0196022           0
Repeater1[0]<--->EndNode1[0]
REAL
    0.38543  -0.0159722  -0.0216691    0.334108
 -0.0159722     0.10596   0.0471181 -0.00451225
 -0.0216691   0.0471181   0.0887417  -0.0165949
   0.334108 -0.00451225  -0.0165949    0.419868
IMAGINARY
          0   -0.010052   0.0202325  -0.0102217
   0.010052           0 -0.00273872 -0.00875296
 -0.0202325  0.00273872           0   0.0023989
  0.0102217  0.00875296  -0.0023989           0
Repeater1[0]<--->HoM1[0]
REAL
    0.394602   -0.0167923   -0.0164652     0.322385
  -0.0167923     0.101542    0.0458417 -0.000776215
  -0.0164652    0.0458417     0.100257  -0.00168061
    0.322385 -0.000776215  -0.00168061     0.403599
IMAGINARY
          0  0.00779541  -0.0109602   0.0226321
-0.00779541           0   0.0150563   0.0196022
  0.0109602  -0.0150563           0  0.00208113
 -0.0226321  -0.0196022 -0.00208113           0
EndNode1[0]<--->Repeater1[0]
REAL
   0.413702  0.00762202   0.0159046    0.323035
 0.00762202    0.088274   0.0698219 -0.00482082
  0.0159046   0.0698219    0.104084  0.00961936
   0.323035 -0.00482082  0.00961936    0.393939
IMAGINARY
          0   0.0178783  0.00659003   0.0069747
 -0.0178783           0 -0.00570888 -0.00787538
-0.00659003  0.00570888           0  0.00654329
 -0.0069747  0.00787538 -0.00654329           0
EndNode2[0]<--->HoM1[0]
REAL
   0.381471 -0.00832947  -0.0319867    0.321288
-0.00832947    0.113079   0.0690182 9.89032e-05
 -0.0319867   0.0690182   0.0926431  -0.0159052
   0.321288 9.89032e-05  -0.0159052    0.412807
IMAGINARY
          0   0.0116081 -0.00446956 -0.00883122
 -0.0116081           0   -0.014729   0.0129002
 0.00446956    0.014729           0   0.0175747
 0.00883122  -0.0129002  -0.0175747           0
Repeater1[0]<--->EndNode1[0]
REAL
   0.413702   0.0159046  0.00762202    0.323035
  0.0159046    0.104084   0.0698219  0.00961936
 0.00762202   0.0698219    0.088274 -0.00482082
   0.323035  0.00961936 -0.00482082    0.393939
IMAGINARY
          0  0.00659003   0.0178783   0.0069747
-0.00659003           0  0.00570888  0.00654329
 -0.0178783 -0.00570888           0 -0.00787538
 -0.0069747 -0.00654329  0.00787538           0
Repeater1[0]<--->HoM1[0]
REAL
   0.381471  -0.0319867 -0.00832947    0.321288
 -0.0319867   0.0926431   0.0690182  -0.0159052
-0.00832947   0.0690182    0.113079 9.89032e-05
   0.321288  -0.0159052 9.89032e-05    0.412807
IMAGINARY
          0 -0.00446956   0.0116081 -0.00883122
 0.00446956           0    0.014729   0.0175747
 -0.0116081   -0.014729           0   0.0129002
 0.00883122  -0.0175747  -0.0129002           0
EndNode1[0]<--->Repeater1[0]
REAL
  0.399513 0.00989453 0.00326065    0.32086
0.00989453   0.103532  0.0744739  0.0225905
0.00326065  0.0744739   0.115713  0.0146956
   0.32086  0.0225905  0.0146956   0.381242
IMAGINARY
           0  -0.00416147   -0.0114887   -0.0169382
  0.00416147            0    0.0201229   -0.0101933
   0.0114887   -0.0201229            0  0.000876316
   0.0169382    0.0101933 -0.000876316            0
EndNode2[0]<--->HoM1[0]
REAL
  0.386768  -0.024109 0.00608546    0.33197
 -0.024109  0.0979644  0.0603959   -0.02173
0.00608546  0.0603959  0.0966921  0.0134707
   0.33197   -0.02173  0.0134707   0.418575
IMAGINARY
           0  0.000628108   -0.0111173 -0.000660488
-0.000628108            0    0.0013158   -0.0180705
   0.0111173   -0.0013158            0  -0.00189714
 0.000660488    0.0180705   0.00189714            0
Repeater1[0]<--->EndNode1[0]
REAL
  0.399513 0.00326065 0.00989453    0.32086
0.00326065   0.115713  0.0744739  0.0146956
0.00989453  0.0744739   0.103532  0.0225905
   0.32086  0.0146956  0.0225905   0.381242
IMAGINARY
           0   -0.0114887  -0.00416147   -0.0169382
   0.0114887            0   -0.0201229  0.000876316
  0.00416147    0.0201229            0   -0.0101933
   0.0169382 -0.000876316    0.0101933            0
Repeater1[0]<--->HoM1[0]
REAL
  0.386768 0.00608546  -0.024109    0.33197
0.00608546  0.0966921  0.0603959  0.0134707
 -0.024109  0.0603959  0.0979644   -0.02173
   0.33197  0.0134707   -0.02173   0.418575
IMAGINARY
           0   -0.0111173  0.000628108 -0.000660488
   0.0111173            0   -0.0013158  -0.00189714
-0.000628108    0.0013158            0   -0.0180705
 0.000660488   0.00189714    0.0180705            0
EndNode1[0]<--->Repeater1[0]
REAL
   0.376302  0.00206925  0.00695364    0.323728
 0.00206925    0.113281    0.052895 -0.00695364
 0.00695364    0.052895    0.110677 -0.00596536
   0.323728 -0.00695364 -0.00596536     0.39974
IMAGINARY
          0  -0.0159281  0.00227654   -0.011759
  0.0159281           0 -0.00125218  0.00162971
-0.00227654  0.00125218           0   0.0198344
   0.011759 -0.00162971  -0.0198344           0
EndNode2[0]<--->HoM1[0]
REAL
   0.374324  -0.0154692  0.00140902    0.316877
 -0.0154692    0.124324   0.0709858  -0.0159209
 0.00140902   0.0709858    0.110811 -0.00300041
   0.316877  -0.0159209 -0.00300041    0.390541
IMAGINARY
           0    0.0119497  -0.00620119 -8.80902e-05
  -0.0119497            0  -0.00766385     -0.01213
  0.00620119   0.00766385            0   0.00511735
 8.80902e-05      0.01213  -0.00511735            0
Repeater1[0]<--->EndNode1[0]
REAL
   0.376302  0.00695364  0.00206925    0.323728
 0.00695364    0.110677    0.052895 -0.00596536
 0.00206925    0.052895    0.113281 -0.00695364
   0.323728 -0.00596536 -0.00695364     0.39974
IMAGINARY
          0  0.00227654  -0.0159281   -0.011759
-0.00227654           0  0.00125218   0.0198344
  0.0159281 -0.00125218           0  0.00162971
   0.011759  -0.0198344 -0.00162971           0
Repeater1[0]<--->HoM1[0]
REAL
   0.374324  0.00140902  -0.0154692    0.316877
 0.00140902    0.110811   0.0709858 -0.00300041
 -0.0154692   0.0709858    0.124324  -0.0159209
   0.316877 -0.00300041  -0.0159209    0.390541
IMAGINARY
           0  -0.00620119    0.0119497 -8.80902e-05
  0.00620119            0   0.00766385   0.00511735
  -0.0119497  -0.00766385            0     -0.01213
 8.80902e-05  -0.00511735      0.01213            0
EndNode1[0]<--->Repeater1[0]
REAL
  0.410959   0.012375  0.0103304   0.329531
  0.012375   0.103362  0.0520314 -0.0146039
 0.0103304  0.0520314   0.113325 -0.0178695
  0.329531 -0.0146039 -0.0178695   0.372354
IMAGINARY
          0   0.0137358 -0.00773493  -0.0271131
 -0.0137358           0   0.0163943  0.00148493
 0.00773493  -0.0163943           0   0.0175142
  0.0271131 -0.00148493  -0.0175142           0
EndNode2[0]<--->HoM1[0]
REAL
   0.400726  -0.0130031 -0.00362802    0.318931
 -0.0130031    0.101695    0.066673  0.00491337
-0.00362802    0.066673    0.100484 -0.00242108
   0.318931  0.00491337 -0.00242108    0.397094
IMAGINARY
          0  -0.0120652  0.00596954  -0.0018387
  0.0120652           0  2.9293e-05   0.0101595
-0.00596954 -2.9293e-05           0 -0.00148319
  0.0018387  -0.0101595  0.00148319           0
Repeater1[0]<--->EndNode1[0]
REAL
  0.410959  0.0103304   0.012375   0.329531
 0.0103304   0.113325  0.0520314 -0.0178695
  0.012375  0.0520314   0.103362 -0.0146039
  0.329531 -0.0178695 -0.0146039   0.372354
IMAGINARY
          0 -0.00773493   0.0137358  -0.0271131
 0.00773493           0  -0.0163943   0.0175142
 -0.0137358   0.0163943           0  0.00148493
  0.0271131  -0.0175142 -0.00148493           0
Repeater1[0]<--->HoM1[0]
REAL
   0.400726 -0.00362802  -0.0130031    0.318931
-0.00362802    0.100484    0.066673 -0.00242108
 -0.0130031    0.066673    0.101695  0.00491337
   0.318931 -0.00242108  0.00491337    0.397094
IMAGINARY
          0  0.00596954  -0.0120652  -0.0018387
-0.00596954           0 -2.9293e-05 -0.00148319
  0.0120652  2.9293e-05           0   0.0101595
  0.0018387  0.00148319  -0.0101595           0
EndNode1[0]<--->Repeater1[0]
REAL
   0.397226   0.0380773    0.034498     0.34477
  0.0380773   0.0945776   0.0439784 0.000268145
   0.034498   0.0439784   0.0958386 -0.00078277
    0.34477 0.000268145 -0.00078277    0.412358
IMAGINARY
           0    0.0270241   0.00853874 -0.000424648
  -0.0270241            0    -0.012298   -0.0190928
 -0.00853874     0.012298            0    0.0217885
 0.000424648    0.0190928   -0.0217885            0
EndNode2[0]<--->HoM1[0]
REAL
   0.386684  -0.0143898    0.012604    0.333739
 -0.0143898   0.0717029   0.0512874  -0.0179516
   0.012604   0.0512874    0.104994 -0.00700061
   0.333739  -0.0179516 -0.00700061     0.43662
IMAGINARY
          0 -0.00816112 -0.00719369  0.00355757
 0.00816112           0 -0.00355757 -0.00843131
 0.00719369  0.00355757           0    0.024988
-0.00355757  0.00843131   -0.024988           0
Repeater1[0]<--->EndNode1[0]
REAL
   0.397226    0.034498   0.0380773     0.34477
   0.034498   0.0958386   0.0439784 -0.00078277
  0.0380773   0.0439784   0.0945776 0.000268145
    0.34477 -0.00078277 0.000268145    0.412358
IMAGINARY
           0   0.00853874    0.0270241 -0.000424648
 -0.00853874            0     0.012298    0.0217885
  -0.0270241    -0.012298            0   -0.0190928
 0.000424648   -0.0217885    0.0190928            0
Repeater1[0]<--->HoM1[0]
REAL
   0.386684    0.012604  -0.0143898    0.333739
   0.012604    0.104994   0.0512874 -0.00700061
 -0.0143898   0.0512874   0.0717029  -0.0179516
   0.333739 -0.00700061  -0.0179516     0.43662
IMAGINARY
          0 -0.00719369 -0.00816112  0.00355757
 0.00719369           0  0.00355757    0.024988
 0.00816112 -0.00355757           0 -0.00843131
-0.00355757   -0.024988  0.00843131           0
EndNode1[0]<--->Repeater1[0]
REAL
   0.392991   -0.006833  0.00877996    0.328474
  -0.006833    0.113892   0.0618489 -0.00813479
 0.00877996   0.0618489    0.107635  0.00618784
   0.328474 -0.00813479  0.00618784    0.385482
IMAGINARY
          0  0.00240122  -0.0195058 -0.00344232
-0.00240122           0  0.00949885  -0.0137439
  0.0195058 -0.00949885           0 -0.00428327
 0.00344232   0.0137439  0.00428327           0
EndNode2[0]<--->HoM1[0]
REAL
   0.396825   0.0355475 -0.00482121    0.313323
  0.0355475    0.101852   0.0716774   0.0110712
-0.00482121   0.0716774    0.100529  0.00320249
   0.313323   0.0110712  0.00320249    0.400794
IMAGINARY
          0   0.0241758  0.00385604  -0.0241572
 -0.0241758           0   0.0152286  -0.0269923
-0.00385604  -0.0152286           0   0.0310941
  0.0241572   0.0269923  -0.0310941           0
Repeater1[0]<--->EndNode1[0]
REAL
   0.392991  0.00877996   -0.006833    0.328474
 0.00877996    0.107635   0.0618489  0.00618784
  -0.006833   0.0618489    0.113892 -0.00813479
   0.328474  0.00618784 -0.00813479    0.385482
IMAGINARY
          0  -0.0195058  0.00240122 -0.00344232
  0.0195058           0 -0.00949885 -0.00428327
-0.00240122  0.00949885           0  -0.0137439
 0.00344232  0.00428327   0.0137439           0
Repeater1[0]<--->HoM1[0]
REAL
   0.396825 -0.00482121   0.0355475    0.313323
-0.00482121    0.100529   0.0716774  0.00320249
  0.0355475   0.0716774    0.101852   0.0110712
   0.313323  0.00320249   0.0110712    0.400794
IMAGINARY
          0  0.00385604   0.0241758  -0.0241572
-0.00385604           0  -0.0152286   0.0310941
 -0.0241758   0.0152286           0  -0.0269923
  0.0241572  -0.0310941   0.0269923           0
EndNode1[0]<--->Repeater1[0]
REAL
   0.396936 -0.00964535 -0.00178783    0.318206
-0.00964535    0.111421   0.0613428  -0.0101319
-0.00178783   0.0613428    0.108635 -0.00227435
   0.318206  -0.0101319 -0.00227435    0.383008
IMAGINARY
          0  0.00227734  -0.0152462  -0.0168601
-0.00227734           0  -0.0110983   0.0211286
  0.0152462   0.0110983           0  -0.0133885
  0.0168601  -0.0211286   0.0133885           0
EndNode2[0]<--->HoM1[0]
REAL
    0.37877 -0.00662222  -0.0188249    0.334026
-0.00662222    0.102533   0.0355963 -0.00790259
 -0.0188249   0.0355963    0.117008  -0.0122826
   0.334026 -0.00790259  -0.0122826    0.401689
IMAGINARY
           0  0.000819182   0.00748249    0.0154508
-0.000819182            0  -0.00816598   -0.0114092
 -0.00748249   0.00816598            0   0.00834312
  -0.0154508    0.0114092  -0.00834312            0
Repeater1[0]<--->EndNode1[0]
REAL
   0.396936 -0.00178783 -0.00964535    0.318206
-0.00178783    0.108635   0.0613428 -0.00227435
-0.00964535   0.0613428    0.111421  -0.0101319
   0.318206 -0.00227435  -0.0101319    0.383008
IMAGINARY
          0  -0.0152462  0.00227734  -0.0168601
  0.0152462           0   0.0110983  -0.0133885
-0.00227734  -0.0110983           0   0.0211286
  0.0168601   0.0133885  -0.0211286           0
Repeater1[0]<--->HoM1[0]
REAL
    0.37877  -0.0188249 -0.00662222    0.334026
 -0.0188249    0.117008   0.0355963  -0.0122826
-0.00662222   0.0355963    0.102533 -0.00790259
   0.334026  -0.0122826 -0.00790259    0.401689
IMAGINARY
           0   0.00748249  0.000819182    0.0154508
 -0.00748249            0   0.00816598   0.00834312
-0.000819182  -0.00816598            0   -0.0114092
  -0.0154508  -0.00834312    0.0114092            0
EndNode1[0]<--->Repeater1[0]
REAL
  0.406869 -0.0126257  0.0118844   0.330106
-0.0126257  0.0937913  0.0634833 -0.0106024
 0.0118844  0.0634833   0.103038  0.0151898
  0.330106 -0.0106024  0.0151898   0.396301
IMAGINARY
          0 -0.00674604   -0.026402 -0.00400579
 0.00674604           0  0.00639813   0.0153199
   0.026402 -0.00639813           0   0.0165244
 0.00400579  -0.0153199  -0.0165244           0
EndNode2[0]<--->HoM1[0]
REAL
   0.387056  0.00885291 -0.00912898    0.317044
 0.00885291    0.109137   0.0614608  0.00979654
-0.00912898   0.0614608   0.0977157 -0.00150979
   0.317044  0.00979654 -0.00150979    0.406091
IMAGINARY
           0 -0.000776643    0.0205761   -0.0133266
 0.000776643            0  -0.00190523   0.00795989
  -0.0205761   0.00190523            0   -0.0215559
   0.0133266  -0.00795989    0.0215559            0
Repeater1[0]<--->EndNode1[0]
REAL
  0.406869  0.0118844 -0.0126257   0.330106
 0.0118844   0.103038  0.0634833  0.0151898
-0.0126257  0.0634833  0.0937913 -0.0106024
  0.330106  0.0151898 -0.0106024   0.396301
IMAGINARY
          0   -0.026402 -0.00674604 -0.00400579
   0.026402           0 -0.00639813   0.0165244
 0.00674604  0.00639813           0   0.0153199
 0.00400579  -0.0165244  -0.0153199           0
Repeater1[0]<--->HoM1[0]
REAL
   0.387056 -0.00912898  0.00885291    0.317044
-0.00912898   0.0977157   0.0614608 -0.00150979
 0.00885291   0.0614608    0.109137  0.00979654
   0.317044 -0.00150979  0.00979654    0.406091
IMAGINARY
           0    0.0205761 -0.000776643   -0.0133266
  -0.0205761            0   0.00190523   -0.0215559
 0.000776643  -0.00190523            0   0.00795989
   0.0133266    0.0215559  -0.00795989            0
EndNode1[0]<--->Repeater1[0]
REAL
   0.392287 -0.00777649   -0.013371    0.315662
-0.00777649    0.113032   0.0688589 -0.00137101
  -0.013371   0.0688589    0.107713 -0.00450852
   0.315662 -0.00137101 -0.00450852    0.386968
IMAGINARY
           0   0.00149411    0.0188485  -0.00823313
 -0.00149411            0  0.000695441    0.0118421
  -0.0188485 -0.000695441            0   -0.0321846
  0.00823313   -0.0118421    0.0321846            0
EndNode2[0]<--->HoM1[0]
REAL
  0.417437  0.0080965  0.0268941    0.34439
 0.0080965  0.0937913  0.0418897 0.00709846
 0.0268941  0.0418897  0.0871863  0.0209517
   0.34439 0.00709846  0.0209517   0.401585
IMAGINARY
          0 -0.00176418  -0.0154726   0.0039219
 0.00176418           0  0.00644079 -0.00327744
  0.0154726 -0.00644079           0  0.00801418
 -0.0039219  0.00327744 -0.00801418           0
Repeater1[0]<--->EndNode1[0]
REAL
   0.392287   -0.013371 -0.00777649    0.315662
  -0.013371    0.107713   0.0688589 -0.00450852
-0.00777649   0.0688589    0.113032 -0.00137101
   0.315662 -0.00450852 -0.00137101    0.386968
IMAGINARY
           0    0.0188485   0.00149411  -0.00823313
  -0.0188485            0 -0.000695441   -0.0321846
 -0.00149411  0.000695441            0    0.0118421
  0.00823313    0.0321846   -0.0118421            0
Repeater1[0]<--->HoM1[0]
REAL
  0.417437  0.0268941  0.0080965    0.34439
 0.0268941  0.0871863  0.0418897  0.0209517
 0.0080965  0.0418897  0.0937913 0.00709846
   0.34439  0.0209517 0.00709846   0.401585
IMAGINARY
          0  -0.0154726 -0.00176418   0.0039219
  0.0154726           0 -0.00644079  0.00801418
 0.00176418  0.00644079           0 -0.00327744
 -0.0039219 -0.00801418  0.00327744           0
EndNode1[0]<--->Repeater1[0]
REAL
    0.420708   -0.0209748   -0.0193236     0.323892
  -0.0209748    0.0865007    0.0702687  -0.00865693
  -0.0193236    0.0702687     0.110092 -0.000923032
    0.323892  -0.00865693 -0.000923032       0.3827
IMAGINARY
           0  -0.00552327  0.000610248  -0.00467524
  0.00552327            0   0.00590677     0.029034
-0.000610248  -0.00590677            0   -0.0175334
  0.00467524    -0.029034    0.0175334            0
EndNode2[0]<--->HoM1[0]
REAL
   0.391645 -0.00887348 -0.00764706    0.335375
-0.00887348   0.0979112   0.0686253 -0.00568627
-0.00764706   0.0686253    0.118799 -0.00445986
   0.335375 -0.00568627 -0.00445986    0.391645
IMAGINARY
           0   0.00271316   0.00597075  -0.00533633
 -0.00271316            0 -0.000561437    0.0238059
 -0.00597075  0.000561437            0   -0.0225643
  0.00533633   -0.0238059    0.0225643            0
Repeater1[0]<--->EndNode1[0]
REAL
    0.420708   -0.0193236   -0.0209748     0.323892
  -0.0193236     0.110092    0.0702687 -0.000923032
  -0.0209748    0.0702687    0.0865007  -0.00865693
    0.323892 -0.000923032  -0.00865693       0.3827
IMAGINARY
           0  0.000610248  -0.00552327  -0.00467524
-0.000610248            0  -0.00590677   -0.0175334
  0.00552327   0.00590677            0     0.029034
  0.00467524    0.0175334    -0.029034            0
Repeater1[0]<--->HoM1[0]
REAL
   0.391645 -0.00764706 -0.00887348    0.335375
-0.00764706    0.118799   0.0686253 -0.00445986
-0.00887348   0.0686253   0.0979112 -0.00568627
   0.335375 -0.00445986 -0.00568627    0.391645
IMAGINARY
           0   0.00597075   0.00271316  -0.00533633
 -0.00597075            0  0.000561437   -0.0225643
 -0.00271316 -0.000561437            0    0.0238059
  0.00533633    0.0225643   -0.0238059            0
EndNode1[0]<--->Repeater1[0]
REAL
   0.388278  -0.0147296 -0.00362101    0.340274
 -0.0147296   0.0976801   0.0532016 -0.00237101
-0.00362101   0.0532016   0.0964591 0.000748217
   0.340274 -0.00237101 0.000748217    0.417582
IMAGINARY
          0   0.0156198  -0.0247148   0.0068969
 -0.0156198           0  0.00308979  0.00887199
  0.0247148 -0.00308979           0   0.0078276
 -0.0068969 -0.00887199  -0.0078276           0
EndNode2[0]<--->HoM1[0]
REAL
   0.427261  0.00561292 -0.00510473    0.329242
 0.00561292    0.095675   0.0702358  -0.0001172
-0.00510473   0.0702358    0.103539 -0.00691841
   0.329242  -0.0001172 -0.00691841    0.373526
IMAGINARY
           0 -0.000798925   0.00663707   -0.0244032
 0.000798925            0   -0.0140584    0.0262822
 -0.00663707    0.0140584            0  -0.00727561
   0.0244032   -0.0262822   0.00727561            0
Repeater1[0]<--->EndNode1[0]
REAL
   0.388278 -0.00362101  -0.0147296    0.340274
-0.00362101   0.0964591   0.0532016 0.000748217
 -0.0147296   0.0532016   0.0976801 -0.00237101
   0.340274 0.000748217 -0.00237101    0.417582
IMAGINARY
          0  -0.0247148   0.0156198   0.0068969
  0.0247148           0 -0.00308979   0.0078276
 -0.0156198  0.00308979           0  0.00887199
 -0.0068969  -0.0078276 -0.00887199           0
Repeater1[0]<--->HoM1[0]
REAL
   0.427261 -0.00510473  0.00561292    0.329242
-0.00510473    0.103539   0.0702358 -0.00691841
 0.00561292   0.0702358    0.095675  -0.0001172
   0.329242 -0.00691841  -0.0001172    0.373526
IMAGINARY
           0   0.00663707 -0.000798925   -0.0244032
 -0.00663707            0    0.0140584  -0.00727561
 0.000798925   -0.0140584            0    0.0262822
   0.0244032   0.00727561   -0.0262822            0
EndNode1[0]<--->Repeater1[0]
REAL
   0.403101 -0.00442208  0.00408193    0.333176
-0.00442208   0.0801034   0.0491765  -0.0102379
 0.00408193   0.0491765    0.102067    0.014682
   0.333176  -0.0102379    0.014682    0.414729
IMAGINARY
          0  0.00269169 -0.00442984 -0.00818535
-0.00269169           0  -0.0326952   0.0164298
 0.00442984   0.0326952           0 -0.00669169
 0.00818535  -0.0164298  0.00669169           0
EndNode2[0]<--->HoM1[0]
REAL
   0.426893    0.010008  0.00572637    0.323827
   0.010008   0.0913838   0.0789157 -0.00198572
 0.00572637   0.0789157   0.0939948  0.00121399
   0.323827 -0.00198572  0.00121399    0.387728
IMAGINARY
           0   0.00214025    0.0205654   0.00255994
 -0.00214025            0  0.000682598 -0.000891041
  -0.0205654 -0.000682598            0  -0.00553238
 -0.00255994  0.000891041   0.00553238            0
Repeater1[0]<--->EndNode1[0]
REAL
   0.403101  0.00408193 -0.00442208    0.333176
 0.00408193    0.102067   0.0491765    0.014682
-0.00442208   0.0491765   0.0801034  -0.0102379
   0.333176    0.014682  -0.0102379    0.414729
IMAGINARY
          0 -0.00442984  0.00269169 -0.00818535
 0.00442984           0   0.0326952 -0.00669169
-0.00269169  -0.0326952           0   0.0164298
 0.00818535  0.00669169  -0.0164298           0
Repeater1[0]<--->HoM1[0]
REAL
   0.426893  0.00572637    0.010008    0.323827
 0.00572637   0.0939948   0.0789157  0.00121399
   0.010008   0.0789157   0.0913838 -0.00198572
   0.323827  0.00121399 -0.00198572    0.387728
IMAGINARY
           0    0.0205654   0.00214025   0.00255994
  -0.0205654            0 -0.000682598  -0.00553238
 -0.00214025  0.000682598            0 -0.000891041
 -0.00255994   0.00553238  0.000891041            0
EndNode1[0]<--->Repeater1[0]
REAL
   0.396914   0.0134997  0.00405549    0.328735
  0.0134997    0.100982   0.0531443 -0.00204207
 0.00405549   0.0531443    0.100982  -0.0141708
   0.328735 -0.00204207  -0.0141708    0.401122
IMAGINARY
          0 -0.00590551 -0.00840951  0.00726392
 0.00590551           0 -0.00726392   0.0241575
 0.00840951  0.00726392           0  -0.0137795
-0.00726392  -0.0241575   0.0137795           0
EndNode2[0]<--->HoM1[0]
REAL
   0.392374 0.000877022 -0.00557031    0.342586
0.000877022    0.113161   0.0457114 0.000251163
-0.00557031   0.0457114   0.0885609  -0.0035366
   0.342586 0.000251163  -0.0035366    0.405904
IMAGINARY
          0 -0.00392628  0.00126181  0.00726968
 0.00392628           0  0.00526165 -0.00647015
-0.00126181 -0.00526165           0 -0.00649038
-0.00726968  0.00647015  0.00649038           0
Repeater1[0]<--->EndNode1[0]
REAL
   0.396914  0.00405549   0.0134997    0.328735
 0.00405549    0.100982   0.0531443  -0.0141708
  0.0134997   0.0531443    0.100982 -0.00204207
   0.328735  -0.0141708 -0.00204207    0.401122
IMAGINARY
          0 -0.00840951 -0.00590551  0.00726392
 0.00840951           0  0.00726392  -0.0137795
 0.00590551 -0.00726392           0   0.0241575
-0.00726392   0.0137795  -0.0241575           0
Repeater1[0]<--->HoM1[0]
REAL
   0.392374 -0.00557031 0.000877022    0.342586
-0.00557031   0.0885609   0.0457114  -0.0035366
0.000877022   0.0457114    0.113161 0.000251163
   0.342586  -0.0035366 0.000251163    0.405904
IMAGINARY
          0  0.00126181 -0.00392628  0.00726968
-0.00126181           0 -0.00526165 -0.00649038
 0.00392628  0.00526165           0 -0.00647015
-0.00726968  0.00649038  0.00647015           0
EndNode1[0]<--->Repeater1[0]
REAL
    0.416773   0.00600432    0.0100296     0.333134
  0.00600432     0.094028    0.0572946     0.011381
   0.0100296    0.0572946    0.0965693 -0.000966533
    0.333134     0.011381 -0.000966533      0.39263
IMAGINARY
          0    0.010298  -0.0193027   0.0110113
  -0.010298           0   0.0116278   0.0105778
  0.0193027  -0.0116278           0  0.00782278
 -0.0110113  -0.0105778 -0.00782278           0
EndNode2[0]<--->HoM1[0]
REAL
   0.37421 -0.0171798 -0.0170144   0.325888
-0.0171798   0.101138  0.0417968  0.0157421
-0.0170144  0.0417968  0.0872314  0.0235411
  0.325888  0.0157421  0.0235411   0.437421
IMAGINARY
           0    0.0252846  0.000643939   -0.0111342
  -0.0252846            0   0.00311278   0.00314394
-0.000643939  -0.00311278            0    0.0125942
   0.0111342  -0.00314394   -0.0125942            0
Repeater1[0]<--->EndNode1[0]
REAL
    0.416773    0.0100296   0.00600432     0.333134
   0.0100296    0.0965693    0.0572946 -0.000966533
  0.00600432    0.0572946     0.094028     0.011381
    0.333134 -0.000966533     0.011381      0.39263
IMAGINARY
          0  -0.0193027    0.010298   0.0110113
  0.0193027           0  -0.0116278  0.00782278
  -0.010298   0.0116278           0   0.0105778
 -0.0110113 -0.00782278  -0.0105778           0
Repeater1[0]<--->HoM1[0]
REAL
   0.37421 -0.0170144 -0.0171798   0.325888
-0.0170144  0.0872314  0.0417968  0.0235411
-0.0171798  0.0417968   0.101138  0.0157421
  0.325888  0.0235411  0.0157421   0.437421
IMAGINARY
           0  0.000643939    0.0252846   -0.0111342
-0.000643939            0  -0.00311278    0.0125942
  -0.0252846   0.00311278            0   0.00314394
   0.0111342   -0.0125942  -0.00314394            0
EndNode1[0]<--->Repeater1[0]
REAL
   0.36849  0.0153459 -0.0106587   0.330804
 0.0153459   0.114583  0.0746752  0.0133985
-0.0106587  0.0746752    0.10026 -0.0112363
  0.330804  0.0133985 -0.0112363   0.416667
IMAGINARY
          0 -0.00421836  0.00767868  -0.0348877
 0.00421836           0   0.0125378   0.0174826
-0.00767868  -0.0125378           0  -0.0119107
  0.0348877  -0.0174826   0.0119107           0
EndNode2[0]<--->HoM1[0]
REAL
    0.43213 0.000502434   0.0155659     0.31216
0.000502434   0.0971357   0.0646232    0.014914
  0.0155659   0.0646232   0.0958904  0.00792818
    0.31216    0.014914  0.00792818    0.374844
IMAGINARY
          0  0.00344371 -0.00315451 -0.00277506
-0.00344371           0   0.0120099  -0.0153184
 0.00315451  -0.0120099           0    0.028576
 0.00277506   0.0153184   -0.028576           0
Repeater1[0]<--->EndNode1[0]
REAL
   0.36849 -0.0106587  0.0153459   0.330804
-0.0106587    0.10026  0.0746752 -0.0112363
 0.0153459  0.0746752   0.114583  0.0133985
  0.330804 -0.0112363  0.0133985   0.416667
IMAGINARY
          0  0.00767868 -0.00421836  -0.0348877
-0.00767868           0  -0.0125378  -0.0119107
 0.00421836   0.0125378           0   0.0174826
  0.0348877   0.0119107  -0.0174826           0
Repeater1[0]<--->HoM1[0]
REAL
    0.43213   0.0155659 0.000502434     0.31216
  0.0155659   0.0958904   0.0646232  0.00792818
0.000502434   0.0646232   0.0971357    0.014914
    0.31216  0.00792818    0.014914    0.374844
IMAGINARY
          0 -0.00315451  0.00344371 -0.00277506
 0.00315451           0  -0.0120099    0.028576
-0.00344371   0.0120099           0  -0.0153184
 0.00277506   -0.028576   0.0153184           0
EndNode1[0]<--->Repeater1[0]
REAL
    0.392996   -0.0105214   0.00247131     0.326382
  -0.0105214     0.128405    0.0549134 -7.32239e-05
  0.00247131    0.0549134    0.0972763  -0.00266802
    0.326382 -7.32239e-05  -0.00266802     0.381323
IMAGINARY
           0    0.0112145  -0.00244499    0.0126503
  -0.0112145            0  0.000296636  -0.00309518
  0.00244499 -0.000296636            0  -0.00428933
  -0.0126503   0.00309518   0.00428933            0
EndNode2[0]<--->HoM1[0]
REAL
  0.392422  0.0110827 -0.0114701   0.324284
 0.0110827  0.0933694  0.0595786  0.0224725
-0.0114701  0.0595786  0.0933694  0.0231471
  0.324284  0.0224725  0.0231471   0.420839
IMAGINARY
           0  0.000478941   0.00620928   0.00123508
-0.000478941            0    -0.013642   -0.0100456
 -0.00620928     0.013642            0    0.0135876
 -0.00123508    0.0100456   -0.0135876            0
Repeater1[0]<--->EndNode1[0]
REAL
    0.392996   0.00247131   -0.0105214     0.326382
  0.00247131    0.0972763    0.0549134  -0.00266802
  -0.0105214    0.0549134     0.128405 -7.32239e-05
    0.326382  -0.00266802 -7.32239e-05     0.381323
IMAGINARY
           0  -0.00244499    0.0112145    0.0126503
  0.00244499            0 -0.000296636  -0.00428933
  -0.0112145  0.000296636            0  -0.00309518
  -0.0126503   0.00428933   0.00309518            0
Repeater1[0]<--->HoM1[0]
REAL
  0.392422 -0.0114701  0.0110827   0.324284
-0.0114701  0.0933694  0.0595786  0.0231471
 0.0110827  0.0595786  0.0933694  0.0224725
  0.324284  0.0231471  0.0224725   0.420839
IMAGINARY
           0   0.00620928  0.000478941   0.00123508
 -0.00620928            0     0.013642    0.0135876
-0.000478941    -0.013642            0   -0.0100456
 -0.00123508   -0.0135876    0.0100456            0
EndNode1[0]<--->Repeater1[0]
REAL
   0.370886  0.00934179 -0.00409215    0.319958
 0.00934179    0.102532   0.0563441  -0.0232516
-0.00409215   0.0563441    0.124051   -0.027571
   0.319958  -0.0232516   -0.027571    0.402532
IMAGINARY
           0  -0.00214058  0.000970624  -0.00912263
  0.00214058            0  -0.00974529    0.0225442
-0.000970624   0.00974529            0  -0.00280992
  0.00912263   -0.0225442   0.00280992            0
EndNode2[0]<--->HoM1[0]
REAL
  0.393939  0.0111048  0.0105204   0.331684
 0.0111048   0.107323  0.0428095 0.00634873
 0.0105204  0.0428095  0.0921717 0.00981284
  0.331684 0.00634873 0.00981284   0.406566
IMAGINARY
           0    0.0121627    0.0287858   0.00199822
  -0.0121627            0   0.00333512   -0.0117188
  -0.0287858  -0.00333512            0 -0.000152579
 -0.00199822    0.0117188  0.000152579            0
Repeater1[0]<--->EndNode1[0]
REAL
   0.370886 -0.00409215  0.00934179    0.319958
-0.00409215    0.124051   0.0563441   -0.027571
 0.00934179   0.0563441    0.102532  -0.0232516
   0.319958   -0.027571  -0.0232516    0.402532
IMAGINARY
           0  0.000970624  -0.00214058  -0.00912263
-0.000970624            0   0.00974529  -0.00280992
  0.00214058  -0.00974529            0    0.0225442
  0.00912263   0.00280992   -0.0225442            0
Repeater1[0]<--->HoM1[0]
REAL
  0.393939  0.0105204  0.0111048   0.331684
 0.0105204  0.0921717  0.0428095 0.00981284
 0.0111048  0.0428095   0.107323 0.00634873
  0.331684 0.00981284 0.00634873   0.406566
IMAGINARY
           0    0.0287858    0.0121627   0.00199822
  -0.0287858            0  -0.00333512 -0.000152579
  -0.0121627   0.00333512            0   -0.0117188
 -0.00199822  0.000152579    0.0117188            0
EndNode1[0]<--->Repeater1[0]
REAL
    0.395473   0.00303294 -8.05737e-05     0.317876
  0.00303294      0.10253    0.0643993  -0.00388768
-8.05737e-05    0.0643993     0.103862   0.00754907
    0.317876  -0.00388768   0.00754907     0.398136
IMAGINARY
          0 -0.00968645 -0.00134809  -0.0102527
 0.00968645           0  -0.0127652   0.0146224
 0.00134809   0.0127652           0 -0.00232366
  0.0102527  -0.0146224  0.00232366           0
EndNode2[0]<--->HoM1[0]
REAL
    0.396927   0.00849669 -0.000334672     0.322503
  0.00849669     0.113956     0.046306 -0.000334672
-0.000334672     0.046306     0.104994   0.00154347
    0.322503 -0.000334672   0.00154347     0.384123
IMAGINARY
           0   -0.0236386  -0.00115045 -0.000925456
   0.0236386            0   -0.0125534    0.0043846
  0.00115045    0.0125534            0    0.0216981
 0.000925456   -0.0043846   -0.0216981            0
Repeater1[0]<--->EndNode1[0]
REAL
    0.395473 -8.05737e-05   0.00303294     0.317876
-8.05737e-05     0.103862    0.0643993   0.00754907
  0.00303294    0.0643993      0.10253  -0.00388768
    0.317876   0.00754907  -0.00388768     0.398136
IMAGINARY
          0 -0.00134809 -0.00968645  -0.0102527
 0.00134809           0   0.0127652 -0.00232366
 0.00968645  -0.0127652           0   0.0146224
  0.0102527  0.00232366  -0.0146224           0
Repeater1[0]<--->HoM1[0]
REAL
    0.396927 -0.000334672   0.00849669     0.322503
-0.000334672     0.104994     0.046306   0.00154347
  0.00849669     0.046306     0.113956 -0.000334672
    0.322503   0.00154347 -0.000334672     0.384123
IMAGINARY
           0  -0.00115045   -0.0236386 -0.000925456
  0.00115045            0    0.0125534    0.0216981
   0.0236386   -0.0125534            0    0.0043846
 0.000925456   -0.0216981   -0.0043846            0
EndNode1[0]<--->Repeater1[0]
REAL
   0.416555 -0.00687908 -0.00908276    0.328414
-0.00687908   0.0921228   0.0586209  -0.0185167
-0.00908276   0.0586209    0.110814  -0.0130182
   0.328414  -0.0185167  -0.0130182    0.380507
IMAGINARY
           0   0.00532438   0.00963896 -0.000894681
 -0.00532438            0   -0.0139058   -0.0273004
 -0.00963896    0.0139058            0   -0.0132416
 0.000894681    0.0273004    0.0132416            0
EndNode2[0]<--->HoM1[0]
REAL
   0.378517 -0.00998045 -0.00983629    0.333312
-0.00998045   0.0959079   0.0568258 0.000472991
-0.00983629   0.0568258    0.101023  -0.0118672
   0.333312 0.000472991  -0.0118672    0.424552
IMAGINARY
           0   -0.0148897 -0.000351904   0.00958843
   0.0148897            0   0.00765295    0.0145638
 0.000351904  -0.00765295            0   0.00972172
 -0.00958843   -0.0145638  -0.00972172            0
Repeater1[0]<--->EndNode1[0]
REAL
   0.416555 -0.00908276 -0.00687908    0.328414
-0.00908276    0.110814   0.0586209  -0.0130182
-0.00687908   0.0586209   0.0921228  -0.0185167
   0.328414  -0.0130182  -0.0185167    0.380507
IMAGINARY
           0   0.00963896   0.00532438 -0.000894681
 -0.00963896            0    0.0139058   -0.0132416
 -0.00532438   -0.0139058            0   -0.0273004
 0.000894681    0.0132416    0.0273004            0
Repeater1[0]<--->HoM1[0]
REAL
   0.378517 -0.00983629 -0.00998045    0.333312
-0.00983629    0.101023   0.0568258  -0.0118672
-0.00998045   0.0568258   0.0959079 0.000472991
   0.333312  -0.0118672 0.000472991    0.424552
IMAGINARY
           0 -0.000351904   -0.0148897   0.00958843
 0.000351904            0  -0.00765295   0.00972172
   0.0148897   0.00765295            0    0.0145638
 -0.00958843  -0.00972172   -0.0145638            0
EndNode1[0]<--->Repeater1[0]
REAL
   0.396203 -0.00845937 -0.00462174    0.329952
-0.00845937   0.0974684   0.0397329   0.0135381
-0.00462174   0.0397329   0.0911392  0.00228653
