EndNode1[0]<--->Repeater1[0]
REAL
   0.403037 -0.00590514 -0.00585652    0.307142
-0.00590514   0.0969626  0.00425074  0.00205905
-0.00585652  0.00425074   0.0957944  -0.0244746
   0.307142  0.00205905  -0.0244746    0.404206
IMAGINARY
           0  -0.00964891   0.00272472      0.02556
  0.00964891            0 -0.000755806   -0.0217786
 -0.00272472  0.000755806            0   0.00767782
    -0.02556    0.0217786  -0.00767782            0
EndNode2[0]<--->HoM1[0]
REAL
    0.391515    0.0115034   0.00554554      0.30881
   0.0115034    0.0945455     0.014429   -0.0135801
  0.00554554     0.014429     0.101818 -0.000996601
     0.30881   -0.0135801 -0.000996601     0.412121
IMAGINARY
          0  0.00767729 -0.00979056   0.0318399
-0.00767729           0  0.00288235  0.00404343
 0.00979056 -0.00288235           0  0.00956409
 -0.0318399 -0.00404343 -0.00956409           0
Repeater1[0]<--->EndNode1[0]
REAL
   0.403037 -0.00585652 -0.00590514    0.307142
-0.00585652   0.0957944  0.00425074  -0.0244746
-0.00590514  0.00425074   0.0969626  0.00205905
   0.307142  -0.0244746  0.00205905    0.404206
IMAGINARY
           0   0.00272472  -0.00964891      0.02556
 -0.00272472            0  0.000755806   0.00767782
  0.00964891 -0.000755806            0   -0.0217786
    -0.02556  -0.00767782    0.0217786            0
Repeater1[0]<--->HoM1[0]
REAL
    0.391515   0.00554554    0.0115034      0.30881
  0.00554554     0.101818     0.014429 -0.000996601
   0.0115034     0.014429    0.0945455   -0.0135801
     0.30881 -0.000996601   -0.0135801     0.412121
IMAGINARY
          0 -0.00979056  0.00767729   0.0318399
 0.00979056           0 -0.00288235  0.00956409
-0.00767729  0.00288235           0  0.00404343
 -0.0318399 -0.00956409 -0.00404343           0
EndNode1[0]<--->Repeater1[0]
REAL
  0.399494 0.00374949  0.0106314   0.301386
0.00374949  0.0707965 0.00966752 0.00736344
 0.0106314 0.00966752  0.0986094    0.01296
  0.301386 0.00736344    0.01296     0.4311
IMAGINARY
          0   0.0399546  -0.0206746  -0.0125906
 -0.0399546           0   0.0106798  -0.0238674
  0.0206746  -0.0106798           0 -0.00294082
  0.0125906   0.0238674  0.00294082           0
EndNode2[0]<--->HoM1[0]
REAL
  0.370277 -0.0247096 0.00826047   0.296791
-0.0247096  0.0894207 -0.0197463  -0.010899
0.00826047 -0.0197463   0.112091  0.0154748
  0.296791  -0.010899  0.0154748   0.428212
IMAGINARY
           0 -0.000935078   -0.0203916  0.000940558
 0.000935078            0    0.0112233    0.0190997
   0.0203916   -0.0112233            0    0.0203149
-0.000940558   -0.0190997   -0.0203149            0
Repeater1[0]<--->EndNode1[0]
REAL
  0.399494  0.0106314 0.00374949   0.301386
 0.0106314  0.0986094 0.00966752    0.01296
0.00374949 0.00966752  0.0707965 0.00736344
  0.301386    0.01296 0.00736344     0.4311
IMAGINARY
          0  -0.0206746   0.0399546  -0.0125906
  0.0206746           0  -0.0106798 -0.00294082
 -0.0399546   0.0106798           0  -0.0238674
  0.0125906  0.00294082   0.0238674           0
Repeater1[0]<--->HoM1[0]
REAL
  0.370277 0.00826047 -0.0247096   0.296791
0.00826047   0.112091 -0.0197463  0.0154748
-0.0247096 -0.0197463  0.0894207  -0.010899
  0.296791  0.0154748  -0.010899   0.428212
IMAGINARY
           0   -0.0203916 -0.000935078  0.000940558
   0.0203916            0   -0.0112233    0.0203149
 0.000935078    0.0112233            0    0.0190997
-0.000940558   -0.0203149   -0.0190997            0
EndNode1[0]<--->Repeater1[0]
REAL
   0.428212  0.00276912  -0.0010799    0.323652
 0.00276912   0.0831234 -0.00488555  0.00750663
 -0.0010799 -0.00488555   0.0869018   0.0177964
   0.323652  0.00750663   0.0177964    0.401763
IMAGINARY
          0 -0.00437813   -0.015418  0.00378096
 0.00437813           0  -0.0268579  0.00942278
   0.015418   0.0268579           0 -0.00761228
-0.00378096 -0.00942278  0.00761228           0
EndNode2[0]<--->HoM1[0]
REAL
  0.405874  0.0199711 0.00488418   0.316556
 0.0199711  0.0814419  0.0122376 0.00614046
0.00488418  0.0122376   0.101469 -0.0141345
  0.316556 0.00614046 -0.0141345   0.411215
IMAGINARY
          0  -0.0180331  0.00113015 -0.00146492
  0.0180331           0 -0.00881786   0.0035932
-0.00113015  0.00881786           0   0.0227564
 0.00146492  -0.0035932  -0.0227564           0
Repeater1[0]<--->EndNode1[0]
REAL
   0.428212  -0.0010799  0.00276912    0.323652
 -0.0010799   0.0869018 -0.00488555   0.0177964
 0.00276912 -0.00488555   0.0831234  0.00750663
   0.323652   0.0177964  0.00750663    0.401763
IMAGINARY
          0   -0.015418 -0.00437813  0.00378096
   0.015418           0   0.0268579 -0.00761228
 0.00437813  -0.0268579           0  0.00942278
-0.00378096  0.00761228 -0.00942278           0
Repeater1[0]<--->HoM1[0]
REAL
  0.405874 0.00488418  0.0199711   0.316556
0.00488418   0.101469  0.0122376 -0.0141345
 0.0199711  0.0122376  0.0814419 0.00614046
  0.316556 -0.0141345 0.00614046   0.411215
IMAGINARY
          0  0.00113015  -0.0180331 -0.00146492
-0.00113015           0  0.00881786   0.0227564
  0.0180331 -0.00881786           0   0.0035932
 0.00146492  -0.0227564  -0.0035932           0
EndNode1[0]<--->Repeater1[0]
REAL
   0.408978  -0.0195514   -0.012023    0.320101
 -0.0195514    0.084788  -0.0141308 -0.00663375
  -0.012023  -0.0141308   0.0798005  0.00089469
   0.320101 -0.00663375  0.00089469    0.426434
IMAGINARY
           0   0.00920404  0.000668391   0.00064731
 -0.00920404            0    0.0039762   0.00472244
-0.000668391   -0.0039762            0  -0.00785633
 -0.00064731  -0.00472244   0.00785633            0
EndNode2[0]<--->HoM1[0]
REAL
   0.403941 -0.00138382   0.0183673    0.302177
-0.00138382   0.0960591  0.00110171  0.00748386
  0.0183673  0.00110171    0.102217   0.0196688
   0.302177  0.00748386   0.0196688    0.397783
IMAGINARY
           0    0.0119974 -0.000268817   -0.0268234
  -0.0119974            0  -0.00126644   -0.0293011
 0.000268817   0.00126644            0   -0.0119974
   0.0268234    0.0293011    0.0119974            0
Repeater1[0]<--->EndNode1[0]
REAL
   0.408978   -0.012023  -0.0195514    0.320101
  -0.012023   0.0798005  -0.0141308  0.00089469
 -0.0195514  -0.0141308    0.084788 -0.00663375
   0.320101  0.00089469 -0.00663375    0.426434
IMAGINARY
           0  0.000668391   0.00920404   0.00064731
-0.000668391            0   -0.0039762  -0.00785633
 -0.00920404    0.0039762            0   0.00472244
 -0.00064731   0.00785633  -0.00472244            0
Repeater1[0]<--->HoM1[0]
REAL
   0.403941   0.0183673 -0.00138382    0.302177
  0.0183673    0.102217  0.00110171   0.0196688
-0.00138382  0.00110171   0.0960591  0.00748386
   0.302177   0.0196688  0.00748386    0.397783
IMAGINARY
           0 -0.000268817    0.0119974   -0.0268234
 0.000268817            0   0.00126644   -0.0119974
  -0.0119974  -0.00126644            0   -0.0293011
   0.0268234    0.0119974    0.0293011            0
EndNode1[0]<--->Repeater1[0]
REAL
   0.370518  -0.0208057   0.0282311    0.315207
 -0.0208057    0.106242 -0.00840243  -0.0276236
  0.0282311 -0.00840243   0.0996016 -0.00167304
   0.315207  -0.0276236 -0.00167304    0.423639
IMAGINARY
          0   0.0115438   0.0118346   -0.018125
 -0.0115438           0    0.013125 -0.00030134
 -0.0118346   -0.013125           0 -0.00408116
   0.018125  0.00030134  0.00408116           0
EndNode2[0]<--->HoM1[0]
REAL
   0.408912 -0.00879162  0.00946663    0.300162
-0.00879162   0.0943644  -0.0134623   0.0175095
 0.00946663  -0.0134623    0.104849 -0.00187338
   0.300162   0.0175095 -0.00187338    0.391874
IMAGINARY
           0   -0.0196578 -0.000322577  -0.00583067
   0.0196578            0  9.81848e-05   0.00160792
 0.000322577 -9.81848e-05            0 -0.000907776
  0.00583067  -0.00160792  0.000907776            0
Repeater1[0]<--->EndNode1[0]
REAL
   0.370518   0.0282311  -0.0208057    0.315207
  0.0282311   0.0996016 -0.00840243 -0.00167304
 -0.0208057 -0.00840243    0.106242  -0.0276236
   0.315207 -0.00167304  -0.0276236    0.423639
IMAGINARY
          0   0.0118346   0.0115438   -0.018125
 -0.0118346           0   -0.013125 -0.00408116
 -0.0115438    0.013125           0 -0.00030134
   0.018125  0.00408116  0.00030134           0
Repeater1[0]<--->HoM1[0]
REAL
   0.408912  0.00946663 -0.00879162    0.300162
 0.00946663    0.104849  -0.0134623 -0.00187338
-0.00879162  -0.0134623   0.0943644   0.0175095
   0.300162 -0.00187338   0.0175095    0.391874
IMAGINARY
           0 -0.000322577   -0.0196578  -0.00583067
 0.000322577            0 -9.81848e-05 -0.000907776
   0.0196578  9.81848e-05            0   0.00160792
  0.00583067  0.000907776  -0.00160792            0
EndNode1[0]<--->Repeater1[0]
REAL
   0.438158  -0.0165976  -0.0079585    0.312789
 -0.0165976   0.0868421 -0.00433146  -0.0106982
 -0.0079585 -0.00433146         0.1   0.0352543
   0.312789  -0.0106982   0.0352543       0.375
IMAGINARY
          0 -0.00713867  0.00804508    0.018583
 0.00713867           0   0.0137168   0.0185438
-0.00804508  -0.0137168           0 -0.00518299
  -0.018583  -0.0185438  0.00518299           0
EndNode2[0]<--->HoM1[0]
REAL
    0.40239 -0.00369114 -0.00317292     0.30867
-0.00369114   0.0982736   0.0120375 -0.00187758
-0.00317292   0.0120375   0.0982736  0.00621639
    0.30867 -0.00187758  0.00621639    0.401062
IMAGINARY
           0   -0.0143977    0.0102473   0.00383816
   0.0143977            0  0.000701398  -0.00247531
  -0.0102473 -0.000701398            0    0.0131023
 -0.00383816   0.00247531   -0.0131023            0
Repeater1[0]<--->EndNode1[0]
REAL
   0.438158  -0.0079585  -0.0165976    0.312789
 -0.0079585         0.1 -0.00433146   0.0352543
 -0.0165976 -0.00433146   0.0868421  -0.0106982
   0.312789   0.0352543  -0.0106982       0.375
IMAGINARY
          0  0.00804508 -0.00713867    0.018583
-0.00804508           0  -0.0137168 -0.00518299
 0.00713867   0.0137168           0   0.0185438
  -0.018583  0.00518299  -0.0185438           0
Repeater1[0]<--->HoM1[0]
REAL
    0.40239 -0.00317292 -0.00369114     0.30867
-0.00317292   0.0982736   0.0120375  0.00621639
-0.00369114   0.0120375   0.0982736 -0.00187758
    0.30867  0.00621639 -0.00187758    0.401062
IMAGINARY
           0    0.0102473   -0.0143977   0.00383816
  -0.0102473            0 -0.000701398    0.0131023
   0.0143977  0.000701398            0  -0.00247531
 -0.00383816   -0.0131023   0.00247531            0
EndNode1[0]<--->Repeater1[0]
REAL
    0.36988  -0.0221637  0.00544688    0.319751
 -0.0221637    0.101205 -0.00301768  -0.0233752
 0.00544688 -0.00301768   0.0975904 -0.00638871
   0.319751  -0.0233752 -0.00638871    0.431325
IMAGINARY
          0  -0.0103535  -0.0110842 -0.00248278
  0.0103535           0  -0.0211443   0.0169056
  0.0110842   0.0211443           0 -0.00711094
 0.00248278  -0.0169056  0.00711094           0
EndNode2[0]<--->HoM1[0]
REAL
   0.403246  -0.0187014 -0.00762896    0.311582
 -0.0187014     0.10362 -0.00880044   0.0171106
-0.00762896 -0.00880044   0.0998752   0.0231262
   0.311582   0.0171106   0.0231262    0.393258
IMAGINARY
          0  0.00913434 -0.00887404 -0.00609756
-0.00913434           0  0.00609756 -0.00322787
 0.00887404 -0.00609756           0  -0.0135929
 0.00609756  0.00322787   0.0135929           0
Repeater1[0]<--->EndNode1[0]
REAL
    0.36988  0.00544688  -0.0221637    0.319751
 0.00544688   0.0975904 -0.00301768 -0.00638871
 -0.0221637 -0.00301768    0.101205  -0.0233752
   0.319751 -0.00638871  -0.0233752    0.431325
IMAGINARY
          0  -0.0110842  -0.0103535 -0.00248278
  0.0110842           0   0.0211443 -0.00711094
  0.0103535  -0.0211443           0   0.0169056
 0.00248278  0.00711094  -0.0169056           0
Repeater1[0]<--->HoM1[0]
REAL
   0.403246 -0.00762896  -0.0187014    0.311582
-0.00762896   0.0998752 -0.00880044   0.0231262
 -0.0187014 -0.00880044     0.10362   0.0171106
   0.311582   0.0231262   0.0171106    0.393258
IMAGINARY
          0 -0.00887404  0.00913434 -0.00609756
 0.00887404           0 -0.00609756  -0.0135929
-0.00913434  0.00609756           0 -0.00322787
 0.00609756   0.0135929  0.00322787           0
EndNode1[0]<--->Repeater1[0]
REAL
   0.448183 -0.00809636  -0.0117981    0.309065
-0.00809636   0.0995962  0.00112627 -0.00412547
 -0.0117981  0.00112627   0.0753701  0.00108999
   0.309065 -0.00412547  0.00108999    0.376851
IMAGINARY
           0  0.000801117  -0.00783366   0.00945241
-0.000801117            0  -0.00945241   0.00975428
  0.00783366   0.00945241            0   0.00752155
 -0.00945241  -0.00975428  -0.00752155            0
EndNode2[0]<--->HoM1[0]
REAL
   0.435262   0.0191144   0.0195672    0.322825
  0.0191144    0.084022  -0.0100763  0.00898522
  0.0195672  -0.0100763   0.0991736 -0.00251412
   0.322825  0.00898522 -0.00251412    0.381543
IMAGINARY
          0  -0.0158375 -0.00571528   0.0139061
  0.0158375           0   0.0139061 -0.00205674
 0.00571528  -0.0139061           0   0.0145422
 -0.0139061  0.00205674  -0.0145422           0
Repeater1[0]<--->EndNode1[0]
REAL
   0.448183  -0.0117981 -0.00809636    0.309065
 -0.0117981   0.0753701  0.00112627  0.00108999
-0.00809636  0.00112627   0.0995962 -0.00412547
   0.309065  0.00108999 -0.00412547    0.376851
IMAGINARY
           0  -0.00783366  0.000801117   0.00945241
  0.00783366            0   0.00945241   0.00752155
-0.000801117  -0.00945241            0   0.00975428
 -0.00945241  -0.00752155  -0.00975428            0
Repeater1[0]<--->HoM1[0]
REAL
   0.435262   0.0195672   0.0191144    0.322825
  0.0195672   0.0991736  -0.0100763 -0.00251412
  0.0191144  -0.0100763    0.084022  0.00898522
   0.322825 -0.00251412  0.00898522    0.381543
IMAGINARY
          0 -0.00571528  -0.0158375   0.0139061
 0.00571528           0  -0.0139061   0.0145422
  0.0158375   0.0139061           0 -0.00205674
 -0.0139061  -0.0145422  0.00205674           0
EndNode1[0]<--->Repeater1[0]
REAL
  0.393782 -0.0010948  0.0027142   0.306611
-0.0010948  0.0893782 0.00553581  0.0071728
 0.0027142 0.00553581   0.108808   0.018044
  0.306611  0.0071728   0.018044   0.408031
IMAGINARY
           0   0.00483922  3.75252e-05  -0.00703901
 -0.00483922            0  -0.00640529   0.00130656
-3.75252e-05   0.00640529            0 -0.000806958
  0.00703901  -0.00130656  0.000806958            0
EndNode2[0]<--->HoM1[0]
REAL
   0.392039  -0.0180483  -0.0241206    0.315095
 -0.0180483   0.0989144 -0.00796144 -0.00560204
 -0.0241206 -0.00796144    0.079614 -0.00639027
   0.315095 -0.00560204 -0.00639027    0.429433
IMAGINARY
           0  -0.00320266   0.00472812    -0.020941
  0.00320266            0   -0.0262289 -0.000706667
 -0.00472812    0.0262289            0     0.015267
    0.020941  0.000706667    -0.015267            0
Repeater1[0]<--->EndNode1[0]
REAL
  0.393782  0.0027142 -0.0010948   0.306611
 0.0027142   0.108808 0.00553581   0.018044
-0.0010948 0.00553581  0.0893782  0.0071728
  0.306611   0.018044  0.0071728   0.408031
IMAGINARY
           0  3.75252e-05   0.00483922  -0.00703901
-3.75252e-05            0   0.00640529 -0.000806958
 -0.00483922  -0.00640529            0   0.00130656
  0.00703901  0.000806958  -0.00130656            0
Repeater1[0]<--->HoM1[0]
REAL
   0.392039  -0.0241206  -0.0180483    0.315095
 -0.0241206    0.079614 -0.00796144 -0.00639027
 -0.0180483 -0.00796144   0.0989144 -0.00560204
   0.315095 -0.00639027 -0.00560204    0.429433
IMAGINARY
           0   0.00472812  -0.00320266    -0.020941
 -0.00472812            0    0.0262289     0.015267
  0.00320266   -0.0262289            0 -0.000706667
    0.020941    -0.015267  0.000706667            0
EndNode1[0]<--->Repeater1[0]
REAL
     0.4025  0.00336524  0.00867576    0.319914
 0.00336524     0.10375 -0.00987326 -0.00528363
 0.00867576 -0.00987326     0.09375   0.0135954
   0.319914 -0.00528363   0.0135954         0.4
IMAGINARY
          0  -0.0229623    0.018095  -0.0222748
  0.0229623           0  -0.0139182  0.00756212
  -0.018095   0.0139182           0  -0.0102041
  0.0222748 -0.00756212   0.0102041           0
EndNode2[0]<--->HoM1[0]
REAL
  0.394279 -0.0150649  -0.023915   0.305121
-0.0150649  0.0957711  0.0263813 -0.0108835
 -0.023915  0.0263813  0.0982587 0.00712835
  0.305121 -0.0108835 0.00712835   0.411692
IMAGINARY
           0   0.00717648  0.000176814   -0.0203765
 -0.00717648            0   0.00538305  -0.00697533
-0.000176814  -0.00538305            0   0.00333032
   0.0203765   0.00697533  -0.00333032            0
Repeater1[0]<--->EndNode1[0]
REAL
     0.4025  0.00867576  0.00336524    0.319914
 0.00867576     0.09375 -0.00987326   0.0135954
 0.00336524 -0.00987326     0.10375 -0.00528363
   0.319914   0.0135954 -0.00528363         0.4
IMAGINARY
          0    0.018095  -0.0229623  -0.0222748
  -0.018095           0   0.0139182  -0.0102041
  0.0229623  -0.0139182           0  0.00756212
  0.0222748   0.0102041 -0.00756212           0
Repeater1[0]<--->HoM1[0]
REAL
  0.394279  -0.023915 -0.0150649   0.305121
 -0.023915  0.0982587  0.0263813 0.00712835
-0.0150649  0.0263813  0.0957711 -0.0108835
  0.305121 0.00712835 -0.0108835   0.411692
IMAGINARY
           0  0.000176814   0.00717648   -0.0203765
-0.000176814            0  -0.00538305   0.00333032
 -0.00717648   0.00538305            0  -0.00697533
   0.0203765  -0.00333032   0.00697533            0
EndNode1[0]<--->Repeater1[0]
REAL
  0.426166  0.0262988  0.0157969   0.295945
 0.0262988  0.0906736 0.00654111   0.028402
 0.0157969 0.00654111  0.0764249  0.0165189
  0.295945   0.028402  0.0165189   0.406736
IMAGINARY
           0   -0.0199786   0.00782899   0.00563353
   0.0199786            0   0.00434154 -0.000544219
 -0.00782899  -0.00434154            0    0.0166674
 -0.00563353  0.000544219   -0.0166674            0
EndNode2[0]<--->HoM1[0]
REAL
   0.398207 -0.00493211   -0.013089    0.301506
-0.00493211    0.113956 0.000239907   0.0105952
  -0.013089 0.000239907   0.0973111    0.006179
   0.301506   0.0105952    0.006179    0.390525
IMAGINARY
           0  -0.00156459    0.0136188  -0.00959172
  0.00156459            0   -0.0176562    0.0142293
  -0.0136188    0.0176562            0  0.000298766
  0.00959172   -0.0142293 -0.000298766            0
Repeater1[0]<--->EndNode1[0]
REAL
  0.426166  0.0157969  0.0262988   0.295945
 0.0157969  0.0764249 0.00654111  0.0165189
 0.0262988 0.00654111  0.0906736   0.028402
  0.295945  0.0165189   0.028402   0.406736
IMAGINARY
           0   0.00782899   -0.0199786   0.00563353
 -0.00782899            0  -0.00434154    0.0166674
   0.0199786   0.00434154            0 -0.000544219
 -0.00563353   -0.0166674  0.000544219            0
Repeater1[0]<--->HoM1[0]
REAL
   0.398207   -0.013089 -0.00493211    0.301506
  -0.013089   0.0973111 0.000239907    0.006179
-0.00493211 0.000239907    0.113956   0.0105952
   0.301506    0.006179   0.0105952    0.390525
IMAGINARY
           0    0.0136188  -0.00156459  -0.00959172
  -0.0136188            0    0.0176562  0.000298766
  0.00156459   -0.0176562            0    0.0142293
  0.00959172 -0.000298766   -0.0142293            0
EndNode1[0]<--->Repeater1[0]
REAL
   0.378768   0.0204236   0.0152812    0.308246
  0.0204236    0.111402 -0.00850785  0.00435227
  0.0152812 -0.00850785   0.0825688 -0.00209896
   0.308246  0.00435227 -0.00209896    0.427261
IMAGINARY
          0  0.00683922 -0.00494089  0.00234806
-0.00683922           0 -0.00785602 -0.00945702
 0.00494089  0.00785602           0  0.00232309
-0.00234806  0.00945702 -0.00232309           0
EndNode2[0]<--->HoM1[0]
REAL
  0.395349  0.0105905  0.0140755    0.32891
 0.0105905   0.111111 0.00420909 0.00967294
 0.0140755 0.00420909   0.102067  0.0105905
   0.32891 0.00967294  0.0105905   0.391473
IMAGINARY
           0  0.000245341   -0.0130772  -0.00479734
-0.000245341            0   -0.0129941  -0.00352306
   0.0130772    0.0129941            0   -0.0155176
  0.00479734   0.00352306    0.0155176            0
Repeater1[0]<--->EndNode1[0]
REAL
   0.378768   0.0152812   0.0204236    0.308246
  0.0152812   0.0825688 -0.00850785 -0.00209896
  0.0204236 -0.00850785    0.111402  0.00435227
   0.308246 -0.00209896  0.00435227    0.427261
IMAGINARY
          0 -0.00494089  0.00683922  0.00234806
 0.00494089           0  0.00785602  0.00232309
-0.00683922 -0.00785602           0 -0.00945702
-0.00234806 -0.00232309  0.00945702           0
Repeater1[0]<--->HoM1[0]
REAL
  0.395349  0.0140755  0.0105905    0.32891
 0.0140755   0.102067 0.00420909  0.0105905
 0.0105905 0.00420909   0.111111 0.00967294
   0.32891  0.0105905 0.00967294   0.391473
IMAGINARY
           0   -0.0130772  0.000245341  -0.00479734
   0.0130772            0    0.0129941   -0.0155176
-0.000245341   -0.0129941            0  -0.00352306
  0.00479734    0.0155176   0.00352306            0
EndNode1[0]<--->Repeater1[0]
REAL
   0.385621  -0.0170598 -0.00241244     0.30072
 -0.0170598    0.115033 -0.00779067  -0.0152643
-0.00241244 -0.00779067   0.0954248 -0.00566743
    0.30072  -0.0152643 -0.00566743    0.403922
IMAGINARY
          0  0.00821809  -0.0265122 -0.00852747
-0.00821809           0  0.00112504   -0.016041
  0.0265122 -0.00112504           0   0.0157181
 0.00852747    0.016041  -0.0157181           0
EndNode2[0]<--->HoM1[0]
REAL
   0.383477  -0.0103443  -0.0110155     0.31697
 -0.0103443    0.110974   0.0046378   -0.009085
 -0.0110155   0.0046378   0.0949445 0.000294023
    0.31697   -0.009085 0.000294023    0.410604
IMAGINARY
          0  -0.0211177 -0.00175694   0.0159169
  0.0211177           0   0.0145871  0.00309743
 0.00175694  -0.0145871           0   0.0144153
 -0.0159169 -0.00309743  -0.0144153           0
Repeater1[0]<--->EndNode1[0]
REAL
   0.385621 -0.00241244  -0.0170598     0.30072
-0.00241244   0.0954248 -0.00779067 -0.00566743
 -0.0170598 -0.00779067    0.115033  -0.0152643
    0.30072 -0.00566743  -0.0152643    0.403922
IMAGINARY
          0  -0.0265122  0.00821809 -0.00852747
  0.0265122           0 -0.00112504   0.0157181
-0.00821809  0.00112504           0   -0.016041
 0.00852747  -0.0157181    0.016041           0
Repeater1[0]<--->HoM1[0]
REAL
   0.383477  -0.0110155  -0.0103443     0.31697
 -0.0110155   0.0949445   0.0046378 0.000294023
 -0.0103443   0.0046378    0.110974   -0.009085
    0.31697 0.000294023   -0.009085    0.410604
IMAGINARY
          0 -0.00175694  -0.0211177   0.0159169
 0.00175694           0  -0.0145871   0.0144153
  0.0211177   0.0145871           0  0.00309743
 -0.0159169  -0.0144153 -0.00309743           0
EndNode1[0]<--->Repeater1[0]
REAL
   0.389527  0.00639589 -0.00545405    0.303725
 0.00639589    0.108557 -0.00218805   0.0137767
-0.00545405 -0.00218805   0.0983397   0.0160113
   0.303725   0.0137767   0.0160113    0.403576
IMAGINARY
          0  0.00537039 -0.00224731   -0.011654
-0.00537039           0   0.0269993 -0.00160874
 0.00224731  -0.0269993           0  -0.0233652
   0.011654  0.00160874   0.0233652           0
EndNode2[0]<--->HoM1[0]
REAL
   0.397574  0.00541223  0.00833245    0.300304
 0.00541223   0.0902965 -0.00780077  0.00438508
 0.00833245 -0.00780077   0.0902965   0.0139988
   0.300304  0.00438508   0.0139988    0.421833
IMAGINARY
          0   0.0010147 -0.00721045  0.00231788
 -0.0010147           0 -0.00231788 -0.00411256
 0.00721045  0.00231788           0  0.00673262
-0.00231788  0.00411256 -0.00673262           0
Repeater1[0]<--->EndNode1[0]
REAL
   0.389527 -0.00545405  0.00639589    0.303725
-0.00545405   0.0983397 -0.00218805   0.0160113
 0.00639589 -0.00218805    0.108557   0.0137767
   0.303725   0.0160113   0.0137767    0.403576
IMAGINARY
          0 -0.00224731  0.00537039   -0.011654
 0.00224731           0  -0.0269993  -0.0233652
-0.00537039   0.0269993           0 -0.00160874
   0.011654   0.0233652  0.00160874           0
Repeater1[0]<--->HoM1[0]
REAL
   0.397574  0.00833245  0.00541223    0.300304
 0.00833245   0.0902965 -0.00780077   0.0139988
 0.00541223 -0.00780077   0.0902965  0.00438508
   0.300304   0.0139988  0.00438508    0.421833
IMAGINARY
          0 -0.00721045   0.0010147  0.00231788
 0.00721045           0  0.00231788  0.00673262
 -0.0010147 -0.00231788           0 -0.00411256
-0.00231788 -0.00673262  0.00411256           0
EndNode1[0]<--->Repeater1[0]
REAL
   0.419571  0.00212325  -0.0307692    0.309056
 0.00212325   0.0951743   0.0217137 -0.00512821
 -0.0307692   0.0217137   0.0965147  -0.0149438
   0.309056 -0.00512821  -0.0149438     0.38874
IMAGINARY
           0    -0.024422   -0.0113554  -0.00576934
    0.024422            0    0.0193563    0.0126212
   0.0113554   -0.0193563            0  0.000371378
  0.00576934   -0.0126212 -0.000371378            0
EndNode2[0]<--->HoM1[0]
REAL
    0.39295   0.0144357   0.0127946    0.302264
  0.0144357   0.0953003 -0.00418734 -0.00558308
  0.0127946 -0.00418734   0.0887728  -0.0144357
   0.302264 -0.00558308  -0.0144357    0.422977
IMAGINARY
           0   0.00928033  -0.00818154  -0.00167782
 -0.00928033            0  -0.00231154   -0.0195604
  0.00818154   0.00231154            0  0.000397085
  0.00167782    0.0195604 -0.000397085            0
Repeater1[0]<--->EndNode1[0]
REAL
   0.419571  -0.0307692  0.00212325    0.309056
 -0.0307692   0.0965147   0.0217137  -0.0149438
 0.00212325   0.0217137   0.0951743 -0.00512821
   0.309056  -0.0149438 -0.00512821     0.38874
IMAGINARY
           0   -0.0113554    -0.024422  -0.00576934
   0.0113554            0   -0.0193563  0.000371378
    0.024422    0.0193563            0    0.0126212
  0.00576934 -0.000371378   -0.0126212            0
Repeater1[0]<--->HoM1[0]
REAL
    0.39295   0.0127946   0.0144357    0.302264
  0.0127946   0.0887728 -0.00418734  -0.0144357
  0.0144357 -0.00418734   0.0953003 -0.00558308
   0.302264  -0.0144357 -0.00558308    0.422977
IMAGINARY
           0  -0.00818154   0.00928033  -0.00167782
  0.00818154            0   0.00231154  0.000397085
 -0.00928033  -0.00231154            0   -0.0195604
  0.00167782 -0.000397085    0.0195604            0
EndNode1[0]<--->Repeater1[0]
REAL
   0.422594  0.00863916 -0.00142015    0.298449
 0.00863916   0.0906555  -0.0139664   0.0125039
-0.00142015  -0.0139664   0.0822873  0.00613916
   0.298449   0.0125039  0.00613916    0.404463
IMAGINARY
          0 -0.00615565  -0.0135926  0.00711741
 0.00615565           0   0.0134305   0.0129179
  0.0135926  -0.0134305           0 -0.00801439
-0.00711741  -0.0129179  0.00801439           0
EndNode2[0]<--->HoM1[0]
REAL
   0.404412  0.00769022  0.00181613    0.305401
 0.00769022    0.105392 -0.00752875 -0.00713528
 0.00181613 -0.00752875   0.0845588  -0.0209881
   0.305401 -0.00713528  -0.0209881    0.405637
IMAGINARY
           0   -0.0169199   0.00490241   -0.0226922
   0.0169199            0 -0.000734851    0.0260467
 -0.00490241  0.000734851            0    0.0134811
   0.0226922   -0.0260467   -0.0134811            0
Repeater1[0]<--->EndNode1[0]
REAL
   0.422594 -0.00142015  0.00863916    0.298449
-0.00142015   0.0822873  -0.0139664  0.00613916
 0.00863916  -0.0139664   0.0906555   0.0125039
   0.298449  0.00613916   0.0125039    0.404463
IMAGINARY
          0  -0.0135926 -0.00615565  0.00711741
  0.0135926           0  -0.0134305 -0.00801439
 0.00615565   0.0134305           0   0.0129179
-0.00711741  0.00801439  -0.0129179           0
Repeater1[0]<--->HoM1[0]
REAL
   0.404412  0.00181613  0.00769022    0.305401
 0.00181613   0.0845588 -0.00752875  -0.0209881
 0.00769022 -0.00752875    0.105392 -0.00713528
   0.305401  -0.0209881 -0.00713528    0.405637
IMAGINARY
           0   0.00490241   -0.0169199   -0.0226922
 -0.00490241            0  0.000734851    0.0134811
   0.0169199 -0.000734851            0    0.0260467
   0.0226922   -0.0134811   -0.0260467            0
EndNode1[0]<--->Repeater1[0]
REAL
   0.408377   0.0228243 0.000826121    0.310602
  0.0228243   0.0824607  0.00281284  0.00405193
0.000826121  0.00281284   0.0994764   0.0125415
   0.310602  0.00405193   0.0125415    0.409686
IMAGINARY
          0 -0.00717068   0.0101419 -0.00128811
 0.00717068           0 -0.00196287  0.00493352
 -0.0101419  0.00196287           0  -0.0192112
 0.00128811 -0.00493352   0.0192112           0
EndNode2[0]<--->HoM1[0]
REAL
     0.43662   -0.0154848 -0.000318124     0.309217
  -0.0154848     0.112676  -0.00697828 -0.000925657
-0.000318124  -0.00697828     0.084507   0.00802215
    0.309217 -0.000925657   0.00802215     0.366197
IMAGINARY
          0 -0.00739364   0.0101362  0.00558753
 0.00739364           0  0.00237003  -0.0114215
 -0.0101362 -0.00237003           0 -0.00288914
-0.00558753   0.0114215  0.00288914           0
Repeater1[0]<--->EndNode1[0]
REAL
   0.408377 0.000826121   0.0228243    0.310602
0.000826121   0.0994764  0.00281284   0.0125415
  0.0228243  0.00281284   0.0824607  0.00405193
   0.310602   0.0125415  0.00405193    0.409686
IMAGINARY
          0   0.0101419 -0.00717068 -0.00128811
 -0.0101419           0  0.00196287  -0.0192112
 0.00717068 -0.00196287           0  0.00493352
 0.00128811   0.0192112 -0.00493352           0
Repeater1[0]<--->HoM1[0]
REAL
     0.43662 -0.000318124   -0.0154848     0.309217
-0.000318124     0.084507  -0.00697828   0.00802215
  -0.0154848  -0.00697828     0.112676 -0.000925657
    0.309217   0.00802215 -0.000925657     0.366197
IMAGINARY
          0   0.0101362 -0.00739364  0.00558753
 -0.0101362           0 -0.00237003 -0.00288914
 0.00739364  0.00237003           0  -0.0114215
-0.00558753  0.00288914   0.0114215           0
EndNode1[0]<--->Repeater1[0]
REAL
   0.383673  -0.0141799  0.00297896    0.315329
 -0.0141799   0.0857143 -0.00505274  -0.0141779
 0.00297896 -0.00505274    0.112925   0.0108861
   0.315329  -0.0141779   0.0108861    0.417687
IMAGINARY
          0 -0.00317905  0.00234878 -0.00590928
 0.00317905           0  0.00220558    0.011027
-0.00234878 -0.00220558           0  0.00126822
 0.00590928   -0.011027 -0.00126822           0
EndNode2[0]<--->HoM1[0]
REAL
  0.423816 -0.0159096 -0.0199885    0.30769
-0.0159096  0.0921895 0.00160657 -0.0139805
-0.0199885 0.00160657  0.0909091 -0.0132918
   0.30769 -0.0139805 -0.0132918   0.393086
IMAGINARY
          0  0.00271277  0.00217443 -0.00797538
-0.00271277           0  -0.0144521 -0.00407557
-0.00217443   0.0144521           0  0.00806036
 0.00797538  0.00407557 -0.00806036           0
Repeater1[0]<--->EndNode1[0]
REAL
   0.383673  0.00297896  -0.0141799    0.315329
 0.00297896    0.112925 -0.00505274   0.0108861
 -0.0141799 -0.00505274   0.0857143  -0.0141779
   0.315329   0.0108861  -0.0141779    0.417687
IMAGINARY
          0  0.00234878 -0.00317905 -0.00590928
-0.00234878           0 -0.00220558  0.00126822
 0.00317905  0.00220558           0    0.011027
 0.00590928 -0.00126822   -0.011027           0
Repeater1[0]<--->HoM1[0]
REAL
  0.423816 -0.0199885 -0.0159096    0.30769
-0.0199885  0.0909091 0.00160657 -0.0132918
-0.0159096 0.00160657  0.0921895 -0.0139805
   0.30769 -0.0132918 -0.0139805   0.393086
IMAGINARY
          0  0.00217443  0.00271277 -0.00797538
-0.00217443           0   0.0144521  0.00806036
-0.00271277  -0.0144521           0 -0.00407557
 0.00797538 -0.00806036  0.00407557           0
EndNode1[0]<--->Repeater1[0]
REAL
    0.38403  -0.0209802 -0.00950514    0.327395
 -0.0209802    0.102662  0.00181326  -0.0177226
-0.00950514  0.00181326    0.108999  -0.0285248
   0.327395  -0.0177226  -0.0285248    0.404309
IMAGINARY
           0    0.0125732   0.00690869   -0.0168176
  -0.0125732            0    0.0187581   -0.0185366
 -0.00690869   -0.0187581            0  0.000346692
   0.0168176    0.0185366 -0.000346692            0
EndNode2[0]<--->HoM1[0]
REAL
   0.398438 -0.00375077 0.000587273    0.291363
-0.00375077    0.117188 -0.00372881   0.0155418
0.000587273 -0.00372881   0.0859375   0.0171916
   0.291363   0.0155418   0.0171916    0.398438
IMAGINARY
          0  0.00183198  -0.0128039   0.0235394
-0.00183198           0  -0.0113443  0.00482839
  0.0128039   0.0113443           0   0.0024625
 -0.0235394 -0.00482839  -0.0024625           0
Repeater1[0]<--->EndNode1[0]
REAL
    0.38403 -0.00950514  -0.0209802    0.327395
-0.00950514    0.108999  0.00181326  -0.0285248
 -0.0209802  0.00181326    0.102662  -0.0177226
   0.327395  -0.0285248  -0.0177226    0.404309
IMAGINARY
           0   0.00690869    0.0125732   -0.0168176
 -0.00690869            0   -0.0187581  0.000346692
  -0.0125732    0.0187581            0   -0.0185366
   0.0168176 -0.000346692    0.0185366            0
Repeater1[0]<--->HoM1[0]
REAL
   0.398438 0.000587273 -0.00375077    0.291363
0.000587273   0.0859375 -0.00372881   0.0171916
-0.00375077 -0.00372881    0.117188   0.0155418
   0.291363   0.0171916   0.0155418    0.398438
IMAGINARY
          0  -0.0128039  0.00183198   0.0235394
  0.0128039           0   0.0113443   0.0024625
-0.00183198  -0.0113443           0  0.00482839
 -0.0235394  -0.0024625 -0.00482839           0
EndNode1[0]<--->Repeater1[0]
REAL
    0.393789   0.00701444 -0.000304768     0.298511
  0.00701444      0.10559   0.00506027   0.00285579
-0.000304768   0.00506027    0.0832298   -0.0248716
    0.298511   0.00285579   -0.0248716     0.417391
IMAGINARY
          0  -0.0181638  0.00147097   0.0068796
  0.0181638           0 -0.00941767   0.0111235
-0.00147097  0.00941767           0   0.0181638
 -0.0068796  -0.0111235  -0.0181638           0
EndNode2[0]<--->HoM1[0]
REAL
    0.426582 -0.000517313    0.0163015     0.298126
-0.000517313    0.0898734  -0.00212642   -0.0136348
   0.0163015  -0.00212642    0.0860759  -0.00614935
    0.298126   -0.0136348  -0.00614935     0.397468
IMAGINARY
          0 -0.00719891  0.00954039   0.0157596
 0.00719891           0 -0.00196194  0.00373394
-0.00954039  0.00196194           0   -0.026303
 -0.0157596 -0.00373394    0.026303           0
Repeater1[0]<--->EndNode1[0]
REAL
    0.393789 -0.000304768   0.00701444     0.298511
-0.000304768    0.0832298   0.00506027   -0.0248716
  0.00701444   0.00506027      0.10559   0.00285579
    0.298511   -0.0248716   0.00285579     0.417391
IMAGINARY
          0  0.00147097  -0.0181638   0.0068796
-0.00147097           0  0.00941767   0.0181638
  0.0181638 -0.00941767           0   0.0111235
 -0.0068796  -0.0181638  -0.0111235           0
Repeater1[0]<--->HoM1[0]
REAL
    0.426582    0.0163015 -0.000517313     0.298126
   0.0163015    0.0860759  -0.00212642  -0.00614935
-0.000517313  -0.00212642    0.0898734   -0.0136348
    0.298126  -0.00614935   -0.0136348     0.397468
IMAGINARY
          0  0.00954039 -0.00719891   0.0157596
-0.00954039           0  0.00196194   -0.026303
 0.00719891 -0.00196194           0  0.00373394
 -0.0157596    0.026303 -0.00373394           0
EndNode1[0]<--->Repeater1[0]
REAL
   0.418726   0.0125917  -0.0242942    0.312853
  0.0125917   0.0910273 -0.00326771   0.0165222
 -0.0242942 -0.00326771   0.0975293  0.00424767
   0.312853   0.0165222  0.00424767    0.392718
IMAGINARY
          0  -0.0324491 -0.00377834  0.00278906
  0.0324491           0  0.00411181 -0.00377834
 0.00377834 -0.00411181           0    0.012298
-0.00278906  0.00377834   -0.012298           0
EndNode2[0]<--->HoM1[0]
REAL
   0.408575  0.00656641 -0.00465781    0.312862
 0.00656641   0.0958386  0.00205132 -0.00399731
-0.00465781  0.00205132   0.0933165 -0.00323751
   0.312862 -0.00399731 -0.00323751     0.40227
IMAGINARY
          0  0.00252422   0.0168407  -0.0210809
-0.00252422           0  -0.0249469   0.0020782
 -0.0168407   0.0249469           0  -0.0295512
  0.0210809  -0.0020782   0.0295512           0
Repeater1[0]<--->EndNode1[0]
REAL
   0.418726  -0.0242942   0.0125917    0.312853
 -0.0242942   0.0975293 -0.00326771  0.00424767
  0.0125917 -0.00326771   0.0910273   0.0165222
   0.312853  0.00424767   0.0165222    0.392718
IMAGINARY
          0 -0.00377834  -0.0324491  0.00278906
 0.00377834           0 -0.00411181    0.012298
  0.0324491  0.00411181           0 -0.00377834
-0.00278906   -0.012298  0.00377834           0
Repeater1[0]<--->HoM1[0]
REAL
   0.408575 -0.00465781  0.00656641    0.312862
-0.00465781   0.0933165  0.00205132 -0.00323751
 0.00656641  0.00205132   0.0958386 -0.00399731
   0.312862 -0.00323751 -0.00399731     0.40227
IMAGINARY
          0   0.0168407  0.00252422  -0.0210809
 -0.0168407           0   0.0249469  -0.0295512
-0.00252422  -0.0249469           0   0.0020782
  0.0210809   0.0295512  -0.0020782           0
EndNode1[0]<--->Repeater1[0]
REAL
   0.413366 -0.00931036 -0.00612868    0.305621
-0.00931036   0.0965347  -0.0211502  -0.0373787
-0.00612868  -0.0211502   0.0866337 -0.00608455
   0.305621  -0.0373787 -0.00608455    0.403465
IMAGINARY
           0  -0.00575609   0.00420079   0.00723553
  0.00575609            0   0.00588783   -0.0133871
 -0.00420079  -0.00588783            0 -0.000805592
 -0.00723553    0.0133871  0.000805592            0
EndNode2[0]<--->HoM1[0]
REAL
  0.408917 0.00118064  0.0407019   0.307799
0.00118064  0.0738854  0.0115727  0.0286698
 0.0407019  0.0115727   0.100637  0.0263063
  0.307799  0.0286698  0.0263063   0.416561
IMAGINARY
           0   -0.0136057    0.0202047    0.0149564
   0.0136057            0   -0.0215353 -0.000707846
  -0.0202047    0.0215353            0  -0.00337548
  -0.0149564  0.000707846   0.00337548            0
Repeater1[0]<--->EndNode1[0]
REAL
   0.413366 -0.00612868 -0.00931036    0.305621
-0.00612868   0.0866337  -0.0211502 -0.00608455
-0.00931036  -0.0211502   0.0965347  -0.0373787
   0.305621 -0.00608455  -0.0373787    0.403465
IMAGINARY
           0   0.00420079  -0.00575609   0.00723553
 -0.00420079            0  -0.00588783 -0.000805592
  0.00575609   0.00588783            0   -0.0133871
 -0.00723553  0.000805592    0.0133871            0
Repeater1[0]<--->HoM1[0]
REAL
  0.408917  0.0407019 0.00118064   0.307799
 0.0407019   0.100637  0.0115727  0.0263063
0.00118064  0.0115727  0.0738854  0.0286698
  0.307799  0.0263063  0.0286698   0.416561
IMAGINARY
           0    0.0202047   -0.0136057    0.0149564
  -0.0202047            0    0.0215353  -0.00337548
   0.0136057   -0.0215353            0 -0.000707846
  -0.0149564   0.00337548  0.000707846            0
EndNode1[0]<--->Repeater1[0]
REAL
   0.413366 -0.00466629  0.00892586    0.295234
-0.00466629   0.0928218   0.0103582 -0.00559696
 0.00892586   0.0103582   0.0977723   0.0159845
   0.295234 -0.00559696   0.0159845     0.39604
IMAGINARY
          0  0.00320147  0.00762883  -0.0122814
-0.00320147           0  0.00384765  -0.0213185
-0.00762883 -0.00384765           0  -0.0012458
  0.0122814   0.0213185   0.0012458           0
EndNode2[0]<--->HoM1[0]
REAL
   0.356962  -0.0212069    0.003873    0.311149
 -0.0212069   0.0962025 -0.00748431  -0.0012552
   0.003873 -0.00748431    0.106329   0.0107357
   0.311149  -0.0012552   0.0107357    0.440506
IMAGINARY
          0  0.00625976 -0.00194059 -0.00982121
-0.00625976           0   -0.026828  -0.0111029
 0.00194059    0.026828           0  0.00926819
 0.00982121   0.0111029 -0.00926819           0
Repeater1[0]<--->EndNode1[0]
REAL
   0.413366  0.00892586 -0.00466629    0.295234
 0.00892586   0.0977723   0.0103582   0.0159845
-0.00466629   0.0103582   0.0928218 -0.00559696
   0.295234   0.0159845 -0.00559696     0.39604
IMAGINARY
          0  0.00762883  0.00320147  -0.0122814
-0.00762883           0 -0.00384765  -0.0012458
-0.00320147  0.00384765           0  -0.0213185
  0.0122814   0.0012458   0.0213185           0
Repeater1[0]<--->HoM1[0]
REAL
   0.356962    0.003873  -0.0212069    0.311149
   0.003873    0.106329 -0.00748431   0.0107357
 -0.0212069 -0.00748431   0.0962025  -0.0012552
   0.311149   0.0107357  -0.0012552    0.440506
IMAGINARY
          0 -0.00194059  0.00625976 -0.00982121
 0.00194059           0    0.026828  0.00926819
-0.00625976   -0.026828           0  -0.0111029
 0.00982121 -0.00926819   0.0111029           0
EndNode1[0]<--->Repeater1[0]
REAL
    0.414392  -0.00301095   0.00905838     0.313581
 -0.00301095    0.0918114   0.00891246 -0.000928302
  0.00905838   0.00891246    0.0930521   -0.0118942
    0.313581 -0.000928302   -0.0118942     0.400744
IMAGINARY
          0   0.0191401  0.00181925  0.00964863
 -0.0191401           0    0.013408  0.00309476
