EndNode1[0]<--->Repeater1[0]
REAL
     0.37715  -0.00704698 -0.000653979     0.128977
 -0.00704698    0.0921376   0.00860676     -0.01344
-0.000653979   0.00860676     0.101966  -0.00704698
    0.128977     -0.01344  -0.00704698     0.428747
IMAGINARY
           0    0.0203797   -0.0024736    0.0013369
  -0.0203797            0    0.0013369   -0.0120767
   0.0024736   -0.0013369            0  0.000784286
  -0.0013369    0.0120767 -0.000784286            0
EndNode2[0]<--->HoM1[0]
REAL
    0.3675  0.0100055 0.00176269   0.144047
 0.0100055    0.11125 -0.0206162  0.0268287
0.00176269 -0.0206162     0.1025 0.00742822
  0.144047  0.0268287 0.00742822    0.41875
IMAGINARY
          0  0.00750271  0.00362694  -0.0115971
-0.00750271           0  -0.0218272  -0.0108385
-0.00362694   0.0218272           0  0.00812229
  0.0115971   0.0108385 -0.00812229           0
Repeater1[0]<--->EndNode1[0]
REAL
     0.37715 -0.000653979  -0.00704698     0.128977
-0.000653979     0.101966   0.00860676  -0.00704698
 -0.00704698   0.00860676    0.0921376     -0.01344
    0.128977  -0.00704698     -0.01344     0.428747
IMAGINARY
           0   -0.0024736    0.0203797    0.0013369
   0.0024736            0   -0.0013369  0.000784286
  -0.0203797    0.0013369            0   -0.0120767
  -0.0013369 -0.000784286    0.0120767            0
Repeater1[0]<--->HoM1[0]
REAL
    0.3675 0.00176269  0.0100055   0.144047
0.00176269     0.1025 -0.0206162 0.00742822
 0.0100055 -0.0206162    0.11125  0.0268287
  0.144047 0.00742822  0.0268287    0.41875
IMAGINARY
          0  0.00362694  0.00750271  -0.0115971
-0.00362694           0   0.0218272  0.00812229
-0.00750271  -0.0218272           0  -0.0108385
  0.0115971 -0.00812229   0.0108385           0
EndNode1[0]<--->Repeater1[0]
REAL
    0.41625  0.00644729 -0.00315278    0.139568
 0.00644729      0.0875  -0.0253741   0.0179915
-0.00315278  -0.0253741       0.085  -0.0290279
   0.139568   0.0179915  -0.0290279     0.41125
IMAGINARY
          0  0.00803856  -0.0229859  -0.0176423
-0.00803856           0  -0.0163503   0.0132835
  0.0229859   0.0163503           0   0.0107195
  0.0176423  -0.0132835  -0.0107195           0
EndNode2[0]<--->HoM1[0]
REAL
   0.416342  0.00082602  -0.0143861    0.136486
 0.00082602   0.0972763   0.0283784 -0.00047879
 -0.0143861   0.0283784   0.0933852 -0.00758278
   0.136486 -0.00047879 -0.00758278    0.392996
IMAGINARY
          0  -0.0249564 -0.00859951   0.0200025
  0.0249564           0 -0.00687918 -0.00859951
 0.00859951  0.00687918           0   0.0237279
 -0.0200025  0.00859951  -0.0237279           0
Repeater1[0]<--->EndNode1[0]
REAL
    0.41625 -0.00315278  0.00644729    0.139568
-0.00315278       0.085  -0.0253741  -0.0290279
 0.00644729  -0.0253741      0.0875   0.0179915
   0.139568  -0.0290279   0.0179915     0.41125
IMAGINARY
          0  -0.0229859  0.00803856  -0.0176423
  0.0229859           0   0.0163503   0.0107195
-0.00803856  -0.0163503           0   0.0132835
  0.0176423  -0.0107195  -0.0132835           0
Repeater1[0]<--->HoM1[0]
REAL
   0.416342  -0.0143861  0.00082602    0.136486
 -0.0143861   0.0933852   0.0283784 -0.00758278
 0.00082602   0.0283784   0.0972763 -0.00047879
   0.136486 -0.00758278 -0.00047879    0.392996
IMAGINARY
          0 -0.00859951  -0.0249564   0.0200025
 0.00859951           0  0.00687918   0.0237279
  0.0249564 -0.00687918           0 -0.00859951
 -0.0200025  -0.0237279  0.00859951           0
EndNode1[0]<--->Repeater1[0]
REAL
   0.385787  -0.0151409  0.00596745    0.116851
 -0.0151409    0.102792 -0.00288476 -0.00135612
 0.00596745 -0.00288476   0.0951777   0.0157997
   0.116851 -0.00135612   0.0157997    0.416244
IMAGINARY
           0  0.000559592   0.00403428    0.0143539
-0.000559592            0   -0.0162312   -0.0106528
 -0.00403428    0.0162312            0   0.00124546
  -0.0143539    0.0106528  -0.00124546            0
EndNode2[0]<--->HoM1[0]
REAL
  0.409511 0.00765583 -0.0192308   0.141292
0.00765583   0.113606 -0.0159658  0.0192308
-0.0192308 -0.0159658  0.0792602 -0.0141832
  0.141292  0.0192308 -0.0141832   0.397622
IMAGINARY
           0  -0.00743767   -0.0128653  4.25961e-05
  0.00743767            0  0.000641398   -0.0193927
   0.0128653 -0.000641398            0    0.0168463
-4.25961e-05    0.0193927   -0.0168463            0
Repeater1[0]<--->EndNode1[0]
REAL
   0.385787  0.00596745  -0.0151409    0.116851
 0.00596745   0.0951777 -0.00288476   0.0157997
 -0.0151409 -0.00288476    0.102792 -0.00135612
   0.116851   0.0157997 -0.00135612    0.416244
IMAGINARY
           0   0.00403428  0.000559592    0.0143539
 -0.00403428            0    0.0162312   0.00124546
-0.000559592   -0.0162312            0   -0.0106528
  -0.0143539  -0.00124546    0.0106528            0
Repeater1[0]<--->HoM1[0]
REAL
  0.409511 -0.0192308 0.00765583   0.141292
-0.0192308  0.0792602 -0.0159658 -0.0141832
0.00765583 -0.0159658   0.113606  0.0192308
  0.141292 -0.0141832  0.0192308   0.397622
IMAGINARY
           0   -0.0128653  -0.00743767  4.25961e-05
   0.0128653            0 -0.000641398    0.0168463
  0.00743767  0.000641398            0   -0.0193927
-4.25961e-05   -0.0168463    0.0193927            0
EndNode1[0]<--->Repeater1[0]
REAL
  0.391927  0.0055469 0.00530848   0.136898
 0.0055469  0.0976562 -0.0012598 0.00931918
0.00530848 -0.0012598   0.101562 -0.0201746
  0.136898 0.00931918 -0.0201746   0.408854
IMAGINARY
           0   -0.0127096  -0.00581299  0.000605114
   0.0127096            0  -0.00125362  -0.00339753
  0.00581299   0.00125362            0   0.00744644
-0.000605114   0.00339753  -0.00744644            0
EndNode2[0]<--->HoM1[0]
REAL
  0.390026 0.00400632 0.00477168    0.12934
0.00400632  0.0869565 -0.0171778 -0.0209879
0.00477168 -0.0171778   0.107417  0.0216694
   0.12934 -0.0209879  0.0216694   0.415601
IMAGINARY
          0 -0.00787633   0.0184685 -0.00647811
 0.00787633           0   0.0239878  -0.0191255
 -0.0184685  -0.0239878           0  -0.0164338
 0.00647811   0.0191255   0.0164338           0
Repeater1[0]<--->EndNode1[0]
REAL
  0.391927 0.00530848  0.0055469   0.136898
0.00530848   0.101562 -0.0012598 -0.0201746
 0.0055469 -0.0012598  0.0976562 0.00931918
  0.136898 -0.0201746 0.00931918   0.408854
IMAGINARY
           0  -0.00581299   -0.0127096  0.000605114
  0.00581299            0   0.00125362   0.00744644
   0.0127096  -0.00125362            0  -0.00339753
-0.000605114  -0.00744644   0.00339753            0
Repeater1[0]<--->HoM1[0]
REAL
  0.390026 0.00477168 0.00400632    0.12934
0.00477168   0.107417 -0.0171778  0.0216694
0.00400632 -0.0171778  0.0869565 -0.0209879
   0.12934  0.0216694 -0.0209879   0.415601
IMAGINARY
          0   0.0184685 -0.00787633 -0.00647811
 -0.0184685           0  -0.0239878  -0.0164338
 0.00787633   0.0239878           0  -0.0191255
 0.00647811   0.0164338   0.0191255           0
EndNode1[0]<--->Repeater1[0]
REAL
   0.385086 -0.00384747 -0.00675245   0.0905459
-0.00384747    0.110024 -0.00721254 -0.00550245
-0.00675245 -0.00721254    0.102689  -0.0182114
  0.0905459 -0.00550245  -0.0182114      0.4022
IMAGINARY
           0  -0.00467576   0.00213213   -0.0206801
  0.00467576            0 -0.000838859   -0.0214347
 -0.00213213  0.000838859            0  0.000317106
   0.0206801    0.0214347 -0.000317106            0
EndNode2[0]<--->HoM1[0]
REAL
  0.383085 -0.0142281  0.0155534   0.131671
-0.0142281  0.0982587 -0.0156108 0.00765865
 0.0155534 -0.0156108  0.0945274 -0.0102387
  0.131671 0.00765865 -0.0102387   0.424129
IMAGINARY
          0  0.00746191   0.0120929  0.00544748
-0.00746191           0  0.00737303  0.00118146
 -0.0120929 -0.00737303           0 -0.00177291
-0.00544748 -0.00118146  0.00177291           0
Repeater1[0]<--->EndNode1[0]
REAL
   0.385086 -0.00675245 -0.00384747   0.0905459
-0.00675245    0.102689 -0.00721254  -0.0182114
-0.00384747 -0.00721254    0.110024 -0.00550245
  0.0905459  -0.0182114 -0.00550245      0.4022
IMAGINARY
           0   0.00213213  -0.00467576   -0.0206801
 -0.00213213            0  0.000838859  0.000317106
  0.00467576 -0.000838859            0   -0.0214347
   0.0206801 -0.000317106    0.0214347            0
Repeater1[0]<--->HoM1[0]
REAL
  0.383085  0.0155534 -0.0142281   0.131671
 0.0155534  0.0945274 -0.0156108 -0.0102387
-0.0142281 -0.0156108  0.0982587 0.00765865
  0.131671 -0.0102387 0.00765865   0.424129
IMAGINARY
          0   0.0120929  0.00746191  0.00544748
 -0.0120929           0 -0.00737303 -0.00177291
-0.00746191  0.00737303           0  0.00118146
-0.00544748  0.00177291 -0.00118146           0
EndNode1[0]<--->Repeater1[0]
REAL
   0.415584   0.0100385   0.0232781    0.143884
  0.0100385   0.0987013 0.000647588  0.00797194
  0.0232781 0.000647588    0.109091 -0.00613226
   0.143884  0.00797194 -0.00613226    0.376623
IMAGINARY
          0  0.00909461  0.00656449  0.00897082
-0.00909461           0  -0.0126028  0.00404559
-0.00656449   0.0126028           0  -0.0104209
-0.00897082 -0.00404559   0.0104209           0
EndNode2[0]<--->HoM1[0]
REAL
   0.442446 -0.00688364  -0.0143736    0.149328
-0.00688364   0.0983213  0.00441908   0.0182496
 -0.0143736  0.00441908   0.0899281 -0.00216029
   0.149328   0.0182496 -0.00216029    0.369305
IMAGINARY
          0 -0.00423303 -0.00862193 -0.00801436
 0.00423303           0 -0.00677058 -0.00312742
 0.00862193  0.00677058           0   0.0107604
 0.00801436  0.00312742  -0.0107604           0
Repeater1[0]<--->EndNode1[0]
REAL
   0.415584   0.0232781   0.0100385    0.143884
  0.0232781    0.109091 0.000647588 -0.00613226
  0.0100385 0.000647588   0.0987013  0.00797194
   0.143884 -0.00613226  0.00797194    0.376623
IMAGINARY
          0  0.00656449  0.00909461  0.00897082
-0.00656449           0   0.0126028  -0.0104209
-0.00909461  -0.0126028           0  0.00404559
-0.00897082   0.0104209 -0.00404559           0
Repeater1[0]<--->HoM1[0]
REAL
   0.442446  -0.0143736 -0.00688364    0.149328
 -0.0143736   0.0899281  0.00441908 -0.00216029
-0.00688364  0.00441908   0.0983213   0.0182496
   0.149328 -0.00216029   0.0182496    0.369305
IMAGINARY
          0 -0.00862193 -0.00423303 -0.00801436
 0.00862193           0  0.00677058   0.0107604
 0.00423303 -0.00677058           0 -0.00312742
 0.00801436  -0.0107604  0.00312742           0
EndNode1[0]<--->Repeater1[0]
REAL
  0.430248 0.00598217 0.00429143   0.130709
0.00598217  0.0925684 -0.0123391  0.0286969
0.00429143 -0.0123391  0.0769231 -0.0208593
  0.130709  0.0286969 -0.0208593   0.400261
IMAGINARY
          0   -0.016601 -0.00564357  0.00830255
   0.016601           0  0.00238928  0.00430668
 0.00564357 -0.00238928           0   0.0246224
-0.00830255 -0.00430668  -0.0246224           0
EndNode2[0]<--->HoM1[0]
REAL
   0.419655  0.00227816   0.0114785    0.126471
 0.00227816   0.0942895   0.0197435   0.0146311
  0.0114785   0.0197435     0.10093 -0.00880558
   0.126471   0.0146311 -0.00880558    0.385126
IMAGINARY
          0 -0.00286607  -0.0107106   0.0175136
 0.00286607           0  -0.0188613  0.00100815
  0.0107106   0.0188613           0  0.00480656
 -0.0175136 -0.00100815 -0.00480656           0
Repeater1[0]<--->EndNode1[0]
REAL
  0.430248 0.00429143 0.00598217   0.130709
0.00429143  0.0769231 -0.0123391 -0.0208593
0.00598217 -0.0123391  0.0925684  0.0286969
  0.130709 -0.0208593  0.0286969   0.400261
IMAGINARY
          0 -0.00564357   -0.016601  0.00830255
 0.00564357           0 -0.00238928   0.0246224
   0.016601  0.00238928           0  0.00430668
-0.00830255  -0.0246224 -0.00430668           0
Repeater1[0]<--->HoM1[0]
REAL
   0.419655   0.0114785  0.00227816    0.126471
  0.0114785     0.10093   0.0197435 -0.00880558
 0.00227816   0.0197435   0.0942895   0.0146311
   0.126471 -0.00880558   0.0146311    0.385126
IMAGINARY
          0  -0.0107106 -0.00286607   0.0175136
  0.0107106           0   0.0188613  0.00480656
 0.00286607  -0.0188613           0  0.00100815
 -0.0175136 -0.00480656 -0.00100815           0
EndNode1[0]<--->Repeater1[0]
REAL
   0.395202 -0.00828711 -0.00897391    0.126252
-0.00828711   0.0959596  0.00664423  0.00241849
-0.00897391  0.00664423    0.112374  -0.0221062
   0.126252  0.00241849  -0.0221062    0.396465
IMAGINARY
           0   0.00137901 -0.000434911 -0.000202232
 -0.00137901            0    0.0100577  -0.00544744
 0.000434911   -0.0100577            0   -0.0151045
 0.000202232   0.00544744    0.0151045            0
EndNode2[0]<--->HoM1[0]
REAL
   0.429521  -0.0183741 -0.00317467    0.116132
 -0.0183741     0.12367  0.00243727 -0.00749033
-0.00317467  0.00243727    0.087766  -0.0123661
   0.116132 -0.00749033  -0.0123661    0.359043
IMAGINARY
          0   0.0162203 -0.00114807 -0.00542026
 -0.0162203           0   0.0202208    0.012776
 0.00114807  -0.0202208           0  -0.0110524
 0.00542026   -0.012776   0.0110524           0
Repeater1[0]<--->EndNode1[0]
REAL
   0.395202 -0.00897391 -0.00828711    0.126252
-0.00897391    0.112374  0.00664423  -0.0221062
-0.00828711  0.00664423   0.0959596  0.00241849
   0.126252  -0.0221062  0.00241849    0.396465
IMAGINARY
           0 -0.000434911   0.00137901 -0.000202232
 0.000434911            0   -0.0100577   -0.0151045
 -0.00137901    0.0100577            0  -0.00544744
 0.000202232    0.0151045   0.00544744            0
Repeater1[0]<--->HoM1[0]
REAL
   0.429521 -0.00317467  -0.0183741    0.116132
-0.00317467    0.087766  0.00243727  -0.0123661
 -0.0183741  0.00243727     0.12367 -0.00749033
   0.116132  -0.0123661 -0.00749033    0.359043
IMAGINARY
          0 -0.00114807   0.0162203 -0.00542026
 0.00114807           0  -0.0202208  -0.0110524
 -0.0162203   0.0202208           0    0.012776
 0.00542026   0.0110524   -0.012776           0
EndNode1[0]<--->Repeater1[0]
REAL
   0.404639  0.00175831 -0.00250191    0.149106
 0.00175831    0.100515   -0.017979  0.00127642
-0.00250191   -0.017979    0.100515  0.00559463
   0.149106  0.00127642  0.00559463     0.39433
IMAGINARY
          0  0.00264999 -0.00378235 -0.00834489
-0.00264999           0   0.0109627  -0.0225996
 0.00378235  -0.0109627           0   0.0174505
 0.00834489   0.0225996  -0.0174505           0
EndNode2[0]<--->HoM1[0]
REAL
   0.413924 -0.00338132 -0.00306614     0.13718
-0.00338132   0.0886076  -0.0112974   0.0124779
-0.00306614  -0.0112974    0.078481   0.0127931
    0.13718   0.0124779   0.0127931    0.418987
IMAGINARY
           0  -0.00483165    0.0098528  -0.00301642
  0.00483165            0    0.0062674    0.0117208
  -0.0098528   -0.0062674            0 -0.000244493
  0.00301642   -0.0117208  0.000244493            0
Repeater1[0]<--->EndNode1[0]
REAL
   0.404639 -0.00250191  0.00175831    0.149106
-0.00250191    0.100515   -0.017979  0.00559463
 0.00175831   -0.017979    0.100515  0.00127642
   0.149106  0.00559463  0.00127642     0.39433
IMAGINARY
          0 -0.00378235  0.00264999 -0.00834489
 0.00378235           0  -0.0109627   0.0174505
-0.00264999   0.0109627           0  -0.0225996
 0.00834489  -0.0174505   0.0225996           0
Repeater1[0]<--->HoM1[0]
REAL
   0.413924 -0.00306614 -0.00338132     0.13718
-0.00306614    0.078481  -0.0112974   0.0127931
-0.00338132  -0.0112974   0.0886076   0.0124779
    0.13718   0.0127931   0.0124779    0.418987
IMAGINARY
           0    0.0098528  -0.00483165  -0.00301642
  -0.0098528            0   -0.0062674 -0.000244493
  0.00483165    0.0062674            0    0.0117208
  0.00301642  0.000244493   -0.0117208            0
EndNode1[0]<--->Repeater1[0]
REAL
   0.412678 -0.00685125 -0.00812478    0.143846
-0.00685125   0.0918499  0.00272644   0.0116709
-0.00812478  0.00272644    0.103493  0.00212311
   0.143846   0.0116709  0.00212311    0.391979
IMAGINARY
          0 -0.00646036  -0.0205502 -0.00456919
 0.00646036           0 -0.00456919   0.0169005
  0.0205502  0.00456919           0  0.00889345
 0.00456919  -0.0169005 -0.00889345           0
EndNode2[0]<--->HoM1[0]
REAL
   0.39759 -0.0097035 0.00536721   0.127134
-0.0097035  0.0987952  0.0106023 -0.0311534
0.00536721  0.0106023   0.106024   0.014106
  0.127134 -0.0311534   0.014106    0.39759
IMAGINARY
          0  0.00222159   0.0199514  0.00157068
-0.00222159           0 -0.00284294  -0.0145314
 -0.0199514  0.00284294           0  0.00997353
-0.00157068   0.0145314 -0.00997353           0
Repeater1[0]<--->EndNode1[0]
REAL
   0.412678 -0.00812478 -0.00685125    0.143846
-0.00812478    0.103493  0.00272644  0.00212311
-0.00685125  0.00272644   0.0918499   0.0116709
   0.143846  0.00212311   0.0116709    0.391979
IMAGINARY
          0  -0.0205502 -0.00646036 -0.00456919
  0.0205502           0  0.00456919  0.00889345
 0.00646036 -0.00456919           0   0.0169005
 0.00456919 -0.00889345  -0.0169005           0
Repeater1[0]<--->HoM1[0]
REAL
   0.39759 0.00536721 -0.0097035   0.127134
0.00536721   0.106024  0.0106023   0.014106
-0.0097035  0.0106023  0.0987952 -0.0311534
  0.127134   0.014106 -0.0311534    0.39759
IMAGINARY
          0   0.0199514  0.00222159  0.00157068
 -0.0199514           0  0.00284294  0.00997353
-0.00222159 -0.00284294           0  -0.0145314
-0.00157068 -0.00997353   0.0145314           0
EndNode1[0]<--->Repeater1[0]
REAL
   0.443995  0.00706536  -0.0165824    0.109369
 0.00706536   0.0877193 -0.00420787  0.00819527
 -0.0165824 -0.00420787   0.0931174   0.0051927
   0.109369  0.00819527   0.0051927    0.375169
IMAGINARY
          0   0.0142789  -0.0153143  0.00743189
 -0.0142789           0    -0.00678   0.0231472
  0.0153143     0.00678           0  -0.0168899
-0.00743189  -0.0231472   0.0168899           0
EndNode2[0]<--->HoM1[0]
REAL
     0.38966 -0.000726703    0.0109221     0.114411
-0.000726703    0.0907945  0.000267489  -0.00764555
   0.0109221  0.000267489    0.0920555   -0.0143454
    0.114411  -0.00764555   -0.0143454     0.427491
IMAGINARY
          0 -0.00814234 -0.00423613   0.0140992
 0.00814234           0  -0.0314737   -0.015615
 0.00423613   0.0314737           0   0.0168272
 -0.0140992    0.015615  -0.0168272           0
Repeater1[0]<--->EndNode1[0]
REAL
   0.443995  -0.0165824  0.00706536    0.109369
 -0.0165824   0.0931174 -0.00420787   0.0051927
 0.00706536 -0.00420787   0.0877193  0.00819527
   0.109369   0.0051927  0.00819527    0.375169
IMAGINARY
          0  -0.0153143   0.0142789  0.00743189
  0.0153143           0     0.00678  -0.0168899
 -0.0142789    -0.00678           0   0.0231472
-0.00743189   0.0168899  -0.0231472           0
Repeater1[0]<--->HoM1[0]
REAL
     0.38966    0.0109221 -0.000726703     0.114411
   0.0109221    0.0920555  0.000267489   -0.0143454
-0.000726703  0.000267489    0.0907945  -0.00764555
    0.114411   -0.0143454  -0.00764555     0.427491
IMAGINARY
          0 -0.00423613 -0.00814234   0.0140992
 0.00423613           0   0.0314737   0.0168272
 0.00814234  -0.0314737           0   -0.015615
 -0.0140992  -0.0168272    0.015615           0
EndNode1[0]<--->Repeater1[0]
REAL
   0.404617   0.0144763  -0.0192756     0.12049
  0.0144763    0.106926   0.0102588  -0.0116048
 -0.0192756   0.0102588   0.0862697 -0.00199273
    0.12049  -0.0116048 -0.00199273    0.402187
IMAGINARY
          0  0.00532326  0.00256811  0.00658741
-0.00532326           0 -0.00594391   0.0102212
-0.00256811  0.00594391           0  0.00137589
-0.00658741  -0.0102212 -0.00137589           0
EndNode2[0]<--->HoM1[0]
REAL
  0.384896 0.00188713  0.0144471   0.116266
0.00188713   0.091352  0.0327244 -0.0131845
 0.0144471  0.0327244  0.0864799  0.0221028
  0.116266 -0.0131845  0.0221028   0.437272
IMAGINARY
           0    0.0097485    0.0166296   0.00554409
  -0.0097485            0   0.00763032  0.000826789
  -0.0166296  -0.00763032            0    -0.014736
 -0.00554409 -0.000826789     0.014736            0
Repeater1[0]<--->EndNode1[0]
REAL
   0.404617  -0.0192756   0.0144763     0.12049
 -0.0192756   0.0862697   0.0102588 -0.00199273
  0.0144763   0.0102588    0.106926  -0.0116048
    0.12049 -0.00199273  -0.0116048    0.402187
IMAGINARY
          0  0.00256811  0.00532326  0.00658741
-0.00256811           0  0.00594391  0.00137589
-0.00532326 -0.00594391           0   0.0102212
-0.00658741 -0.00137589  -0.0102212           0
Repeater1[0]<--->HoM1[0]
REAL
  0.384896  0.0144471 0.00188713   0.116266
 0.0144471  0.0864799  0.0327244  0.0221028
0.00188713  0.0327244   0.091352 -0.0131845
  0.116266  0.0221028 -0.0131845   0.437272
IMAGINARY
           0    0.0166296    0.0097485   0.00554409
  -0.0166296            0  -0.00763032    -0.014736
  -0.0097485   0.00763032            0  0.000826789
 -0.00554409     0.014736 -0.000826789            0
EndNode1[0]<--->Repeater1[0]
REAL
    0.39313   0.0101595   0.0097641    0.142428
  0.0101595   0.0763359 -0.00900817   0.0226193
  0.0097641 -0.00900817   0.0839695  0.00538457
   0.142428   0.0226193  0.00538457    0.446565
IMAGINARY
          0 -0.00436483  0.00292435  -0.0109525
 0.00436483           0 -0.00637737  -0.0107572
-0.00292435  0.00637737           0   0.0213361
  0.0109525   0.0107572  -0.0213361           0
EndNode2[0]<--->HoM1[0]
REAL
  0.395729 0.00790022  0.0148118   0.125944
0.00790022   0.106784 -0.0106573  0.0227678
 0.0148118 -0.0106573   0.100503  0.0169405
  0.125944  0.0227678  0.0169405   0.396985
IMAGINARY
          0  -0.0127554  0.00196078   0.0141866
  0.0127554           0  0.00545847   0.0313725
-0.00196078 -0.00545847           0 -0.00750605
 -0.0141866  -0.0313725  0.00750605           0
Repeater1[0]<--->EndNode1[0]
REAL
    0.39313   0.0097641   0.0101595    0.142428
  0.0097641   0.0839695 -0.00900817  0.00538457
  0.0101595 -0.00900817   0.0763359   0.0226193
   0.142428  0.00538457   0.0226193    0.446565
IMAGINARY
          0  0.00292435 -0.00436483  -0.0109525
-0.00292435           0  0.00637737   0.0213361
 0.00436483 -0.00637737           0  -0.0107572
  0.0109525  -0.0213361   0.0107572           0
Repeater1[0]<--->HoM1[0]
REAL
  0.395729  0.0148118 0.00790022   0.125944
 0.0148118   0.100503 -0.0106573  0.0169405
0.00790022 -0.0106573   0.106784  0.0227678
  0.125944  0.0169405  0.0227678   0.396985
IMAGINARY
          0  0.00196078  -0.0127554   0.0141866
-0.00196078           0 -0.00545847 -0.00750605
  0.0127554  0.00545847           0   0.0313725
 -0.0141866  0.00750605  -0.0313725           0
EndNode1[0]<--->Repeater1[0]
REAL
   0.369418   -0.013959  -0.0169253    0.129126
  -0.013959    0.116373  0.00976275 -0.00453936
 -0.0169253  0.00976275    0.106901  -0.0201319
   0.129126 -0.00453936  -0.0201319    0.407307
IMAGINARY
          0  -0.0190024  0.00829644   0.0104879
  0.0190024           0  0.00193042  0.00894494
-0.00829644 -0.00193042           0  -0.0075228
 -0.0104879 -0.00894494   0.0075228           0
EndNode2[0]<--->HoM1[0]
REAL
  0.389873  0.0128866 0.00404393   0.134165
 0.0128866   0.102532 0.00333549 -0.0140439
0.00404393 0.00333549   0.111392 0.00211343
  0.134165 -0.0140439 0.00211343   0.396203
IMAGINARY
          0   0.0122796  0.00551063 -0.00959146
 -0.0122796           0   0.0201243   0.0139194
-0.00551063  -0.0201243           0  0.00326439
 0.00959146  -0.0139194 -0.00326439           0
Repeater1[0]<--->EndNode1[0]
REAL
   0.369418  -0.0169253   -0.013959    0.129126
 -0.0169253    0.106901  0.00976275  -0.0201319
  -0.013959  0.00976275    0.116373 -0.00453936
   0.129126  -0.0201319 -0.00453936    0.407307
IMAGINARY
          0  0.00829644  -0.0190024   0.0104879
-0.00829644           0 -0.00193042  -0.0075228
  0.0190024  0.00193042           0  0.00894494
 -0.0104879   0.0075228 -0.00894494           0
Repeater1[0]<--->HoM1[0]
REAL
  0.389873 0.00404393  0.0128866   0.134165
0.00404393   0.111392 0.00333549 0.00211343
 0.0128866 0.00333549   0.102532 -0.0140439
  0.134165 0.00211343 -0.0140439   0.396203
IMAGINARY
          0  0.00551063   0.0122796 -0.00959146
-0.00551063           0  -0.0201243  0.00326439
 -0.0122796   0.0201243           0   0.0139194
 0.00959146 -0.00326439  -0.0139194           0
EndNode1[0]<--->Repeater1[0]
REAL
    0.396273    -0.014713    -0.005997     0.134114
   -0.014713     0.114286   0.00719064   0.00358154
   -0.005997   0.00719064    0.0931677 -0.000987496
    0.134114   0.00358154 -0.000987496     0.396273
IMAGINARY
          0   0.0114943  -0.0120011    0.010791
 -0.0114943           0  -0.0228878  0.00815495
  0.0120011   0.0228878           0  -0.0243148
  -0.010791 -0.00815495   0.0243148           0
EndNode2[0]<--->HoM1[0]
REAL
   0.380892  -0.0173089   0.0173605    0.121243
 -0.0173089    0.122293 -0.00344205 -0.00950711
  0.0173605 -0.00344205   0.0828025   0.0146911
   0.121243 -0.00950711   0.0146911    0.414013
IMAGINARY
          0   0.0069142 -0.00243182   0.0203314
 -0.0069142           0   0.0190087  0.00621016
 0.00243182  -0.0190087           0   0.0119775
 -0.0203314 -0.00621016  -0.0119775           0
Repeater1[0]<--->EndNode1[0]
REAL
    0.396273    -0.005997    -0.014713     0.134114
   -0.005997    0.0931677   0.00719064 -0.000987496
   -0.014713   0.00719064     0.114286   0.00358154
    0.134114 -0.000987496   0.00358154     0.396273
IMAGINARY
          0  -0.0120011   0.0114943    0.010791
  0.0120011           0   0.0228878  -0.0243148
 -0.0114943  -0.0228878           0  0.00815495
  -0.010791   0.0243148 -0.00815495           0
Repeater1[0]<--->HoM1[0]
REAL
   0.380892   0.0173605  -0.0173089    0.121243
  0.0173605   0.0828025 -0.00344205   0.0146911
 -0.0173089 -0.00344205    0.122293 -0.00950711
   0.121243   0.0146911 -0.00950711    0.414013
IMAGINARY
          0 -0.00243182   0.0069142   0.0203314
 0.00243182           0  -0.0190087   0.0119775
 -0.0069142   0.0190087           0  0.00621016
 -0.0203314  -0.0119775 -0.00621016           0
EndNode1[0]<--->Repeater1[0]
REAL
   0.372272 -0.00144202 -0.00649876     0.13724
-0.00144202   0.0937099 -0.00552687  0.00521999
-0.00649876 -0.00552687    0.105263    0.012951
    0.13724  0.00521999    0.012951    0.428755
IMAGINARY
          0   0.0071992 -0.00213966   0.0195554
 -0.0071992           0   -0.002991  -0.0072943
 0.00213966    0.002991           0 -0.00782813
 -0.0195554   0.0072943  0.00782813           0
EndNode2[0]<--->HoM1[0]
REAL
    0.405722    0.0250076    0.0132258     0.140975
   0.0250076     0.076723   0.00197628  -0.00597946
   0.0132258   0.00197628     0.113134 -0.000633425
    0.140975  -0.00597946 -0.000633425     0.404421
IMAGINARY
           0    0.0120984   -0.0131865    0.0039771
  -0.0120984            0 -0.000447683  -0.00460002
   0.0131865  0.000447683            0   0.00568815
  -0.0039771   0.00460002  -0.00568815            0
Repeater1[0]<--->EndNode1[0]
REAL
   0.372272 -0.00649876 -0.00144202     0.13724
-0.00649876    0.105263 -0.00552687    0.012951
-0.00144202 -0.00552687   0.0937099  0.00521999
    0.13724    0.012951  0.00521999    0.428755
IMAGINARY
          0 -0.00213966   0.0071992   0.0195554
 0.00213966           0    0.002991 -0.00782813
 -0.0071992   -0.002991           0  -0.0072943
 -0.0195554  0.00782813   0.0072943           0
Repeater1[0]<--->HoM1[0]
REAL
    0.405722    0.0132258    0.0250076     0.140975
   0.0132258     0.113134   0.00197628 -0.000633425
   0.0250076   0.00197628     0.076723  -0.00597946
    0.140975 -0.000633425  -0.00597946     0.404421
IMAGINARY
           0   -0.0131865    0.0120984    0.0039771
   0.0131865            0  0.000447683   0.00568815
  -0.0120984 -0.000447683            0  -0.00460002
  -0.0039771  -0.00568815   0.00460002            0
EndNode1[0]<--->Repeater1[0]
REAL
   0.432161 -0.00937832  -0.0258557    0.128341
-0.00937832   0.0992462   0.0179353  0.00457909
 -0.0258557   0.0179353   0.0866834   -0.019877
   0.128341  0.00457909   -0.019877     0.38191
IMAGINARY
           0   -0.0167413  2.12355e-05   -0.0144851
   0.0167413            0   0.00747873    0.0114001
-2.12355e-05  -0.00747873            0    0.0218175
   0.0144851   -0.0114001   -0.0218175            0
EndNode2[0]<--->HoM1[0]
REAL
   0.435864 0.000998847   0.0162925    0.135615
0.000998847   0.0759162 -0.00250282  -0.0209283
  0.0162925 -0.00250282   0.0863874   0.0168819
   0.135615  -0.0209283   0.0168819    0.401832
IMAGINARY
          0   0.0159352 -0.00406252 -0.00377118
 -0.0159352           0 -0.00311587  0.00466566
 0.00406252  0.00311587           0   0.0172373
 0.00377118 -0.00466566  -0.0172373           0
Repeater1[0]<--->EndNode1[0]
REAL
   0.432161  -0.0258557 -0.00937832    0.128341
 -0.0258557   0.0866834   0.0179353   -0.019877
-0.00937832   0.0179353   0.0992462  0.00457909
   0.128341   -0.019877  0.00457909     0.38191
IMAGINARY
           0  2.12355e-05   -0.0167413   -0.0144851
-2.12355e-05            0  -0.00747873    0.0218175
   0.0167413   0.00747873            0    0.0114001
   0.0144851   -0.0218175   -0.0114001            0
Repeater1[0]<--->HoM1[0]
REAL
   0.435864   0.0162925 0.000998847    0.135615
  0.0162925   0.0863874 -0.00250282   0.0168819
0.000998847 -0.00250282   0.0759162  -0.0209283
   0.135615   0.0168819  -0.0209283    0.401832
IMAGINARY
          0 -0.00406252   0.0159352 -0.00377118
 0.00406252           0  0.00311587   0.0172373
 -0.0159352 -0.00311587           0  0.00466566
 0.00377118  -0.0172373 -0.00466566           0
EndNode1[0]<--->Repeater1[0]
REAL
   0.438596 -0.00064927   -0.011171     0.13988
-0.00064927   0.0863698   0.0157926  -0.0152142
  -0.011171   0.0157926    0.074224  0.00196853
    0.13988  -0.0152142  0.00196853     0.40081
IMAGINARY
          0  0.00140087  0.00133211  -0.0124611
-0.00140087           0  0.00933218  -0.0147141
-0.00133211 -0.00933218           0 -0.00870014
  0.0124611   0.0147141  0.00870014           0
EndNode2[0]<--->HoM1[0]
REAL
  0.433417 -0.0117338  0.0250783   0.124764
-0.0117338  0.0791457 -0.0111272   0.017851
 0.0250783 -0.0111272  0.0967337 0.00920858
  0.124764   0.017851 0.00920858   0.390704
IMAGINARY
          0 -0.00290035   0.0149834   0.0152344
 0.00290035           0   0.0138975  0.00387227
 -0.0149834  -0.0138975           0  -0.0107537
 -0.0152344 -0.00387227   0.0107537           0
Repeater1[0]<--->EndNode1[0]
REAL
   0.438596   -0.011171 -0.00064927     0.13988
  -0.011171    0.074224   0.0157926  0.00196853
-0.00064927   0.0157926   0.0863698  -0.0152142
    0.13988  0.00196853  -0.0152142     0.40081
IMAGINARY
          0  0.00133211  0.00140087  -0.0124611
-0.00133211           0 -0.00933218 -0.00870014
-0.00140087  0.00933218           0  -0.0147141
  0.0124611  0.00870014   0.0147141           0
Repeater1[0]<--->HoM1[0]
REAL
  0.433417  0.0250783 -0.0117338   0.124764
 0.0250783  0.0967337 -0.0111272 0.00920858
-0.0117338 -0.0111272  0.0791457   0.017851
  0.124764 0.00920858   0.017851   0.390704
IMAGINARY
          0   0.0149834 -0.00290035   0.0152344
 -0.0149834           0  -0.0138975  -0.0107537
 0.00290035   0.0138975           0  0.00387227
 -0.0152344   0.0107537 -0.00387227           0
EndNode1[0]<--->Repeater1[0]
REAL
   0.383394   0.0154653 -0.00243467    0.124741
  0.0154653   0.0891331 -0.00240027   0.0277006
-0.00243467 -0.00240027    0.114774  -0.0221143
   0.124741   0.0277006  -0.0221143    0.412698
IMAGINARY
          0 -0.00154338  0.00121312  0.00652882
 0.00154338           0  -0.0133223  -0.0031894
-0.00121312   0.0133223           0   0.0127423
-0.00652882   0.0031894  -0.0127423           0
EndNode2[0]<--->HoM1[0]
REAL
  0.419518  0.0119243 0.00828761   0.115243
 0.0119243   0.105196 -0.0200658 -0.0184399
0.00828761 -0.0200658  0.0899873  0.0248777
  0.115243 -0.0184399  0.0248777   0.385298
IMAGINARY
           0   0.00166023 -0.000742701   0.00513452
 -0.00166023            0   -0.0107385   -0.0160099
 0.000742701    0.0107385            0  -0.00423755
 -0.00513452    0.0160099   0.00423755            0
Repeater1[0]<--->EndNode1[0]
REAL
   0.383394 -0.00243467   0.0154653    0.124741
-0.00243467    0.114774 -0.00240027  -0.0221143
  0.0154653 -0.00240027   0.0891331   0.0277006
   0.124741  -0.0221143   0.0277006    0.412698
IMAGINARY
          0  0.00121312 -0.00154338  0.00652882
-0.00121312           0   0.0133223   0.0127423
 0.00154338  -0.0133223           0  -0.0031894
-0.00652882  -0.0127423   0.0031894           0
Repeater1[0]<--->HoM1[0]
REAL
  0.419518 0.00828761  0.0119243   0.115243
0.00828761  0.0899873 -0.0200658  0.0248777
 0.0119243 -0.0200658   0.105196 -0.0184399
  0.115243  0.0248777 -0.0184399   0.385298
IMAGINARY
           0 -0.000742701   0.00166023   0.00513452
 0.000742701            0    0.0107385  -0.00423755
 -0.00166023   -0.0107385            0   -0.0160099
 -0.00513452   0.00423755    0.0160099            0
EndNode1[0]<--->Repeater1[0]
REAL
  0.415167 0.00795162  0.0137537   0.109131
0.00795162   0.096401  0.0227954  0.0205471
 0.0137537  0.0227954   0.092545  0.0197529
  0.109131  0.0205471  0.0197529   0.395887
IMAGINARY
          0   0.0120995  -0.0111569 -0.00816621
 -0.0120995           0   0.0164676  -0.0205202
  0.0111569  -0.0164676           0   0.0357266
 0.00816621   0.0205202  -0.0357266           0
EndNode2[0]<--->HoM1[0]
REAL
   0.387909   -0.011543   0.0112639    0.112239
  -0.011543   0.0843829    0.016229 -0.00342316
  0.0112639    0.016229    0.109572 -0.00956674
   0.112239 -0.00342316 -0.00956674    0.418136
IMAGINARY
           0 -0.000107839  -0.00930276   -0.0210701
 0.000107839            0  -0.00964882   0.00556211
  0.00930276   0.00964882            0    0.0188111
   0.0210701  -0.00556211   -0.0188111            0
Repeater1[0]<--->EndNode1[0]
REAL
  0.415167  0.0137537 0.00795162   0.109131
 0.0137537   0.092545  0.0227954  0.0197529
0.00795162  0.0227954   0.096401  0.0205471
  0.109131  0.0197529  0.0205471   0.395887
IMAGINARY
          0  -0.0111569   0.0120995 -0.00816621
  0.0111569           0  -0.0164676   0.0357266
 -0.0120995   0.0164676           0  -0.0205202
 0.00816621  -0.0357266   0.0205202           0
Repeater1[0]<--->HoM1[0]
REAL
   0.387909   0.0112639   -0.011543    0.112239
  0.0112639    0.109572    0.016229 -0.00956674
  -0.011543    0.016229   0.0843829 -0.00342316
   0.112239 -0.00956674 -0.00342316    0.418136
IMAGINARY
           0  -0.00930276 -0.000107839   -0.0210701
  0.00930276            0   0.00964882    0.0188111
 0.000107839  -0.00964882            0   0.00556211
   0.0210701   -0.0188111  -0.00556211            0
EndNode1[0]<--->Repeater1[0]
REAL
   0.433594 -0.00551736   0.0203409    0.111072
-0.00551736   0.0924479  -0.0169469 -0.00899243
  0.0203409  -0.0169469   0.0950521  -0.0205174
   0.111072 -0.00899243  -0.0205174    0.378906
IMAGINARY
          0  -0.0165977  -0.0237252 -0.00914569
  0.0165977           0  -0.0148491 -0.00767579
  0.0237252   0.0148491           0   0.0262595
 0.00914569  0.00767579  -0.0262595           0
EndNode2[0]<--->HoM1[0]
REAL
    0.413972  -0.00650027    -0.013365     0.138598
 -0.00650027    0.0996119   0.00119368 -0.000289066
   -0.013365   0.00119368     0.108668  -0.00585344
    0.138598 -0.000289066  -0.00585344     0.377749
IMAGINARY
           0   -0.0136198  8.70497e-05      0.01263
   0.0136198            0   0.00702602  -0.00517611
-8.70497e-05  -0.00702602            0     0.014892
    -0.01263   0.00517611    -0.014892            0
Repeater1[0]<--->EndNode1[0]
REAL
   0.433594   0.0203409 -0.00551736    0.111072
  0.0203409   0.0950521  -0.0169469  -0.0205174
-0.00551736  -0.0169469   0.0924479 -0.00899243
   0.111072  -0.0205174 -0.00899243    0.378906
IMAGINARY
          0  -0.0237252  -0.0165977 -0.00914569
  0.0237252           0   0.0148491   0.0262595
  0.0165977  -0.0148491           0 -0.00767579
 0.00914569  -0.0262595  0.00767579           0
Repeater1[0]<--->HoM1[0]
REAL
    0.413972    -0.013365  -0.00650027     0.138598
   -0.013365     0.108668   0.00119368  -0.00585344
 -0.00650027   0.00119368    0.0996119 -0.000289066
    0.138598  -0.00585344 -0.000289066     0.377749
IMAGINARY
           0  8.70497e-05   -0.0136198      0.01263
-8.70497e-05            0  -0.00702602     0.014892
   0.0136198   0.00702602            0  -0.00517611
    -0.01263    -0.014892   0.00517611            0
EndNode1[0]<--->Repeater1[0]
REAL
    0.396907  0.000714357  -0.00108326      0.12135
 0.000714357    0.0953608 -0.000956798   0.00354026
 -0.00108326 -0.000956798    0.0953608   0.00788515
     0.12135   0.00354026   0.00788515     0.412371
IMAGINARY
          0  -0.0164519   0.0184707   0.0103072
  0.0164519           0  0.00657589  0.00624416
 -0.0184707 -0.00657589           0 -0.00572806
 -0.0103072 -0.00624416  0.00572806           0
EndNode2[0]<--->HoM1[0]
REAL
   0.405063   0.0199395   0.0155562    0.131493
  0.0199395    0.101266 -0.00230971  0.00519349
  0.0155562 -0.00230971   0.0949367  0.00482619
   0.131493  0.00519349  0.00482619    0.398734
IMAGINARY
          0  0.00866702   0.0127673  0.00131576
-0.00866702           0 -0.00262125  -0.0159683
 -0.0127673  0.00262125           0  -0.0105876
-0.00131576   0.0159683   0.0105876           0
Repeater1[0]<--->EndNode1[0]
REAL
    0.396907  -0.00108326  0.000714357      0.12135
 -0.00108326    0.0953608 -0.000956798   0.00788515
 0.000714357 -0.000956798    0.0953608   0.00354026
     0.12135   0.00788515   0.00354026     0.412371
IMAGINARY
          0   0.0184707  -0.0164519   0.0103072
 -0.0184707           0 -0.00657589 -0.00572806
  0.0164519  0.00657589           0  0.00624416
 -0.0103072  0.00572806 -0.00624416           0
Repeater1[0]<--->HoM1[0]
REAL
   0.405063   0.0155562   0.0199395    0.131493
  0.0155562   0.0949367 -0.00230971  0.00482619
  0.0199395 -0.00230971    0.101266  0.00519349
   0.131493  0.00482619  0.00519349    0.398734
IMAGINARY
          0   0.0127673  0.00866702  0.00131576
 -0.0127673           0  0.00262125  -0.0105876
-0.00866702 -0.00262125           0  -0.0159683
-0.00131576   0.0105876   0.0159683           0
EndNode1[0]<--->Repeater1[0]
REAL
   0.401042  -0.0256389  0.00150908    0.148664
 -0.0256389   0.0898438 -0.00980959  -0.0282837
 0.00150908 -0.00980959    0.101562 -0.00362634
   0.148664  -0.0282837 -0.00362634    0.407552
IMAGINARY
          0   0.0153659  0.00841313  -0.0154121
 -0.0153659           0  0.00967966  -0.0103536
-0.00841313 -0.00967966           0  -0.0082508
  0.0154121   0.0103536   0.0082508           0
EndNode2[0]<--->HoM1[0]
REAL
   0.399249  0.00578668 0.000876437    0.114832
 0.00578668   0.0951189  -0.0175584   0.0121347
0.000876437  -0.0175584    0.110138   0.0134203
   0.114832   0.0121347   0.0134203    0.395494
IMAGINARY
          0  0.00326612  -0.0131603 -0.00360157
-0.00326612           0  -0.0105373  -0.0176881
  0.0131603   0.0105373           0    0.012158
 0.00360157   0.0176881   -0.012158           0
Repeater1[0]<--->EndNode1[0]
REAL
   0.401042  0.00150908  -0.0256389    0.148664
 0.00150908    0.101562 -0.00980959 -0.00362634
 -0.0256389 -0.00980959   0.0898438  -0.0282837
   0.148664 -0.00362634  -0.0282837    0.407552
IMAGINARY
          0  0.00841313   0.0153659  -0.0154121
-0.00841313           0 -0.00967966  -0.0082508
 -0.0153659  0.00967966           0  -0.0103536
  0.0154121   0.0082508   0.0103536           0
Repeater1[0]<--->HoM1[0]
REAL
   0.399249 0.000876437  0.00578668    0.114832
0.000876437    0.110138  -0.0175584   0.0134203
 0.00578668  -0.0175584   0.0951189   0.0121347
   0.114832   0.0134203   0.0121347    0.395494
IMAGINARY
          0  -0.0131603  0.00326612 -0.00360157
  0.0131603           0   0.0105373    0.012158
-0.00326612  -0.0105373           0  -0.0176881
 0.00360157   -0.012158   0.0176881           0
EndNode1[0]<--->Repeater1[0]
REAL
  0.408262  0.0156395 0.00628073    0.11354
 0.0156395  0.0826245 -0.0303128 -0.0208932
0.00628073 -0.0303128  0.0972053 0.00786748
   0.11354 -0.0208932 0.00786748   0.411908
IMAGINARY
          0  -0.0197828 -0.00383798  -0.0138314
  0.0197828           0   0.0103267  0.00320427
 0.00383798  -0.0103267           0 -0.00619941
  0.0138314 -0.00320427  0.00619941           0
EndNode2[0]<--->HoM1[0]
REAL
  0.434177 -0.0139405 -0.0138544   0.129693
-0.0139405  0.0924051  0.0164611 0.00103391
-0.0138544  0.0164611  0.0886076  0.0139405
  0.129693 0.00103391  0.0139405    0.38481
IMAGINARY
