EndNode1[0]<--->Repeater1[0]
REAL
  0.424623 -0.0283383 0.00103552   0.308985
-0.0283383  0.0841709  0.0528241 -0.0286737
0.00103552  0.0528241  0.0992462 -0.0168879
  0.308985 -0.0286737 -0.0168879    0.39196
IMAGINARY
          0  0.00929442  -0.0233463   -0.016669
-0.00929442           0   0.0348386 -0.00583658
  0.0233463  -0.0348386           0   0.0172944
   0.016669  0.00583658  -0.0172944           0
EndNode2[0]<--->HoM1[0]
REAL
   0.420988 -0.00688505  -0.0111036    0.332296
-0.00688505   0.0753086   0.0454109  -0.0162849
 -0.0111036   0.0454109   0.0728395  -0.0306946
   0.332296  -0.0162849  -0.0306946    0.430864
IMAGINARY
           0  0.000339192    0.0137927   -0.0124473
-0.000339192            0   -0.0197904  -0.00181283
  -0.0137927    0.0197904            0 -0.000969709
   0.0124473   0.00181283  0.000969709            0
Repeater1[0]<--->EndNode1[0]
REAL
  0.424623 0.00103552 -0.0283383   0.308985
0.00103552  0.0992462  0.0528241 -0.0168879
-0.0283383  0.0528241  0.0841709 -0.0286737
  0.308985 -0.0168879 -0.0286737    0.39196
IMAGINARY
          0  -0.0233463  0.00929442   -0.016669
  0.0233463           0  -0.0348386   0.0172944
-0.00929442   0.0348386           0 -0.00583658
   0.016669  -0.0172944  0.00583658           0
Repeater1[0]<--->HoM1[0]
REAL
   0.420988  -0.0111036 -0.00688505    0.332296
 -0.0111036   0.0728395   0.0454109  -0.0306946
-0.00688505   0.0454109   0.0753086  -0.0162849
   0.332296  -0.0306946  -0.0162849    0.430864
IMAGINARY
           0    0.0137927  0.000339192   -0.0124473
  -0.0137927            0    0.0197904 -0.000969709
-0.000339192   -0.0197904            0  -0.00181283
   0.0124473  0.000969709   0.00181283            0
EndNode1[0]<--->Repeater1[0]
REAL
   0.429134 -0.00349574  0.00529039    0.338981
-0.00349574   0.0643045   0.0599825    0.019321
 0.00529039   0.0599825   0.0918635   0.0306978
   0.338981    0.019321   0.0306978    0.414698
IMAGINARY
          0   0.0119048  0.00841178   0.0114504
 -0.0119048           0   0.0114504  -0.0187903
-0.00841178  -0.0114504           0   0.0119048
 -0.0114504   0.0187903  -0.0119048           0
EndNode2[0]<--->HoM1[0]
REAL
   0.422872 -0.00841332 -0.00737737    0.323677
-0.00841332   0.0651596   0.0419774  0.00504093
-0.00737737   0.0419774   0.0797872  0.00958154
   0.323677  0.00504093  0.00958154    0.432181
IMAGINARY
          0  0.00549906 -0.00369929   0.0115096
-0.00549906           0   0.0231947  -0.0178693
 0.00369929  -0.0231947           0    0.012148
 -0.0115096   0.0178693   -0.012148           0
Repeater1[0]<--->EndNode1[0]
REAL
   0.429134  0.00529039 -0.00349574    0.338981
 0.00529039   0.0918635   0.0599825   0.0306978
-0.00349574   0.0599825   0.0643045    0.019321
   0.338981   0.0306978    0.019321    0.414698
IMAGINARY
          0  0.00841178   0.0119048   0.0114504
-0.00841178           0  -0.0114504   0.0119048
 -0.0119048   0.0114504           0  -0.0187903
 -0.0114504  -0.0119048   0.0187903           0
Repeater1[0]<--->HoM1[0]
REAL
   0.422872 -0.00737737 -0.00841332    0.323677
-0.00737737   0.0797872   0.0419774  0.00958154
-0.00841332   0.0419774   0.0651596  0.00504093
   0.323677  0.00958154  0.00504093    0.432181
IMAGINARY
          0 -0.00369929  0.00549906   0.0115096
 0.00369929           0  -0.0231947    0.012148
-0.00549906   0.0231947           0  -0.0178693
 -0.0115096   -0.012148   0.0178693           0
EndNode1[0]<--->Repeater1[0]
REAL
    0.421795 -0.000190925   0.00225699     0.347909
-0.000190925    0.0807692    0.0439144   -0.0154645
  0.00225699    0.0439144    0.0717949   -0.0180481
    0.347909   -0.0154645   -0.0180481     0.425641
IMAGINARY
          0   -0.030514  0.00994344 -0.00592453
   0.030514           0 -0.00460178   0.0131527
-0.00994344  0.00460178           0  -0.0113087
 0.00592453  -0.0131527   0.0113087           0
EndNode2[0]<--->HoM1[0]
REAL
   0.414358  0.00752342   -0.014321    0.319213
 0.00752342    0.070529   0.0437834 -0.00552534
  -0.014321   0.0437834   0.0780856  -0.0235285
   0.319213 -0.00552534  -0.0235285    0.437028
IMAGINARY
           0  -0.00364499 -0.000959974  -0.00613097
  0.00364499            0   0.00486515  0.000299472
 0.000959974  -0.00486515            0    0.0148735
  0.00613097 -0.000299472   -0.0148735            0
Repeater1[0]<--->EndNode1[0]
REAL
    0.421795   0.00225699 -0.000190925     0.347909
  0.00225699    0.0717949    0.0439144   -0.0180481
-0.000190925    0.0439144    0.0807692   -0.0154645
    0.347909   -0.0180481   -0.0154645     0.425641
IMAGINARY
          0  0.00994344   -0.030514 -0.00592453
-0.00994344           0  0.00460178  -0.0113087
   0.030514 -0.00460178           0   0.0131527
 0.00592453   0.0113087  -0.0131527           0
Repeater1[0]<--->HoM1[0]
REAL
   0.414358   -0.014321  0.00752342    0.319213
  -0.014321   0.0780856   0.0437834  -0.0235285
 0.00752342   0.0437834    0.070529 -0.00552534
   0.319213  -0.0235285 -0.00552534    0.437028
IMAGINARY
           0 -0.000959974  -0.00364499  -0.00613097
 0.000959974            0  -0.00486515    0.0148735
  0.00364499   0.00486515            0  0.000299472
  0.00613097   -0.0148735 -0.000299472            0
EndNode1[0]<--->Repeater1[0]
REAL
   0.444015  0.00360839 0.000977751    0.324412
 0.00360839   0.0797941   0.0487713 -0.00295926
0.000977751   0.0487713   0.0630631  0.00233613
   0.324412 -0.00295926  0.00233613    0.413127
IMAGINARY
          0 -0.00897436   0.0144161  -0.0164562
 0.00897436           0  0.00156785   0.0253275
 -0.0144161 -0.00156785           0 -0.00897436
  0.0164562  -0.0253275  0.00897436           0
EndNode2[0]<--->HoM1[0]
REAL
  0.433424 -0.0262694 0.00827819   0.330203
-0.0262694  0.0896739  0.0401905 -0.0228906
0.00827819  0.0401905   0.076087  0.0243635
  0.330203 -0.0228906  0.0243635   0.400815
IMAGINARY
          0  0.00835573 -0.00287846 -0.00230567
-0.00835573           0 -0.00230567 -0.00672461
 0.00287846  0.00230567           0  0.00636898
 0.00230567  0.00672461 -0.00636898           0
Repeater1[0]<--->EndNode1[0]
REAL
   0.444015 0.000977751  0.00360839    0.324412
0.000977751   0.0630631   0.0487713  0.00233613
 0.00360839   0.0487713   0.0797941 -0.00295926
   0.324412  0.00233613 -0.00295926    0.413127
IMAGINARY
          0   0.0144161 -0.00897436  -0.0164562
 -0.0144161           0 -0.00156785 -0.00897436
 0.00897436  0.00156785           0   0.0253275
  0.0164562  0.00897436  -0.0253275           0
Repeater1[0]<--->HoM1[0]
REAL
  0.433424 0.00827819 -0.0262694   0.330203
0.00827819   0.076087  0.0401905  0.0243635
-0.0262694  0.0401905  0.0896739 -0.0228906
  0.330203  0.0243635 -0.0228906   0.400815
IMAGINARY
          0 -0.00287846  0.00835573 -0.00230567
 0.00287846           0  0.00230567  0.00636898
-0.00835573 -0.00230567           0 -0.00672461
 0.00230567 -0.00636898  0.00672461           0
EndNode1[0]<--->Repeater1[0]
REAL
   0.410977  -0.0087273   0.0117433    0.323942
 -0.0087273   0.0990629   0.0468717 -0.00337007
  0.0117433   0.0468717   0.0709505   0.0171005
   0.323942 -0.00337007   0.0171005    0.419009
IMAGINARY
           0   0.00633819   -0.0133724   0.00500135
 -0.00633819            0  0.000990658 -3.40611e-06
   0.0133724 -0.000990658            0  -0.00442736
 -0.00500135  3.40611e-06   0.00442736            0
EndNode2[0]<--->HoM1[0]
REAL
  0.431551 0.00743144 0.00579897   0.307895
0.00743144  0.0756193  0.0464867 0.00579897
0.00579897  0.0464867  0.0756193 0.00545516
  0.307895 0.00579897 0.00545516    0.41721
IMAGINARY
          0  -0.0162923  0.00575174  0.00637721
  0.0162923           0   0.0207751   0.0118493
-0.00575174  -0.0207751           0   0.0104253
-0.00637721  -0.0118493  -0.0104253           0
Repeater1[0]<--->EndNode1[0]
REAL
   0.410977   0.0117433  -0.0087273    0.323942
  0.0117433   0.0709505   0.0468717   0.0171005
 -0.0087273   0.0468717   0.0990629 -0.00337007
   0.323942   0.0171005 -0.00337007    0.419009
IMAGINARY
           0   -0.0133724   0.00633819   0.00500135
   0.0133724            0 -0.000990658  -0.00442736
 -0.00633819  0.000990658            0 -3.40611e-06
 -0.00500135   0.00442736  3.40611e-06            0
Repeater1[0]<--->HoM1[0]
REAL
  0.431551 0.00579897 0.00743144   0.307895
0.00579897  0.0756193  0.0464867 0.00545516
0.00743144  0.0464867  0.0756193 0.00579897
  0.307895 0.00545516 0.00579897    0.41721
IMAGINARY
          0  0.00575174  -0.0162923  0.00637721
-0.00575174           0  -0.0207751   0.0104253
  0.0162923   0.0207751           0   0.0118493
-0.00637721  -0.0104253  -0.0118493           0
EndNode1[0]<--->Repeater1[0]
REAL
  0.425584 0.00432094  0.0290227   0.314998
0.00432094  0.0824108   0.047071 0.00678634
 0.0290227   0.047071   0.095941  0.0129204
  0.314998 0.00678634  0.0129204   0.396064
IMAGINARY
          0  -0.0108236  0.00708485  0.00255195
  0.0108236           0   0.0261687   0.0170351
-0.00708485  -0.0261687           0 -0.00286607
-0.00255195  -0.0170351  0.00286607           0
EndNode2[0]<--->HoM1[0]
REAL
  0.375162 -0.0119975 -0.0175411   0.342323
-0.0119975  0.0944373  0.0310022 0.00475186
-0.0175411  0.0310022  0.0737387 -0.0227163
  0.342323 0.00475186 -0.0227163   0.456662
IMAGINARY
          0  -0.0027939   -0.008952  0.00349935
  0.0027939           0  -0.0241712  0.00760429
   0.008952   0.0241712           0 -0.00664006
-0.00349935 -0.00760429  0.00664006           0
Repeater1[0]<--->EndNode1[0]
REAL
  0.425584  0.0290227 0.00432094   0.314998
 0.0290227   0.095941   0.047071  0.0129204
0.00432094   0.047071  0.0824108 0.00678634
  0.314998  0.0129204 0.00678634   0.396064
IMAGINARY
          0  0.00708485  -0.0108236  0.00255195
-0.00708485           0  -0.0261687 -0.00286607
  0.0108236   0.0261687           0   0.0170351
-0.00255195  0.00286607  -0.0170351           0
Repeater1[0]<--->HoM1[0]
REAL
  0.375162 -0.0175411 -0.0119975   0.342323
-0.0175411  0.0737387  0.0310022 -0.0227163
-0.0119975  0.0310022  0.0944373 0.00475186
  0.342323 -0.0227163 0.00475186   0.456662
IMAGINARY
          0   -0.008952  -0.0027939  0.00349935
   0.008952           0   0.0241712 -0.00664006
  0.0027939  -0.0241712           0  0.00760429
-0.00349935  0.00664006 -0.00760429           0
EndNode1[0]<--->Repeater1[0]
REAL
    0.419108    0.0250069   0.00081394     0.326489
   0.0250069    0.0802548     0.056235   0.00990485
  0.00081394     0.056235     0.089172 -0.000416782
    0.326489   0.00990485 -0.000416782     0.411465
IMAGINARY
          0  -0.0111061 -0.00326497  0.00834108
  0.0111061           0    0.011609 -0.00459476
 0.00326497   -0.011609           0  0.00445551
-0.00834108  0.00459476 -0.00445551           0
EndNode2[0]<--->HoM1[0]
REAL
   0.405738  -0.0013415 -0.00500989    0.329169
 -0.0013415   0.0833333   0.0283277   0.0167819
-0.00500989   0.0283277   0.0846995  0.00691771
   0.329169   0.0167819  0.00691771     0.42623
IMAGINARY
          0   0.0178433   -0.023832   0.0081864
 -0.0178433           0  0.00440806 -0.00632228
   0.023832 -0.00440806           0  0.00109075
 -0.0081864  0.00632228 -0.00109075           0
Repeater1[0]<--->EndNode1[0]
REAL
    0.419108   0.00081394    0.0250069     0.326489
  0.00081394     0.089172     0.056235 -0.000416782
   0.0250069     0.056235    0.0802548   0.00990485
    0.326489 -0.000416782   0.00990485     0.411465
IMAGINARY
          0 -0.00326497  -0.0111061  0.00834108
 0.00326497           0   -0.011609  0.00445551
  0.0111061    0.011609           0 -0.00459476
-0.00834108 -0.00445551  0.00459476           0
Repeater1[0]<--->HoM1[0]
REAL
   0.405738 -0.00500989  -0.0013415    0.329169
-0.00500989   0.0846995   0.0283277  0.00691771
 -0.0013415   0.0283277   0.0833333   0.0167819
   0.329169  0.00691771   0.0167819     0.42623
IMAGINARY
          0   -0.023832   0.0178433   0.0081864
   0.023832           0 -0.00440806  0.00109075
 -0.0178433  0.00440806           0 -0.00632228
 -0.0081864 -0.00109075  0.00632228           0
EndNode1[0]<--->Repeater1[0]
REAL
  0.430946 0.00401979 0.00850597   0.331067
0.00401979  0.0639386  0.0431472 0.00721731
0.00850597  0.0431472  0.0677749 0.00918775
  0.331067 0.00721731 0.00918775    0.43734
IMAGINARY
          0 -0.00644909  -0.0167694   0.0202427
 0.00644909           0  -0.0130906  0.00804453
  0.0167694   0.0130906           0 -0.00898716
 -0.0202427 -0.00804453  0.00898716           0
EndNode2[0]<--->HoM1[0]
REAL
   0.410714 -0.00654638  -0.0082117    0.309681
-0.00654638    0.065051   0.0474618  -0.0151649
 -0.0082117   0.0474618   0.0943878  -0.0116354
   0.309681  -0.0151649  -0.0116354    0.429847
IMAGINARY
          0 -0.00631388   0.0168333 -0.00606952
 0.00631388           0   0.0137816   0.0155313
 -0.0168333  -0.0137816           0  -0.0260507
 0.00606952  -0.0155313   0.0260507           0
Repeater1[0]<--->EndNode1[0]
REAL
  0.430946 0.00850597 0.00401979   0.331067
0.00850597  0.0677749  0.0431472 0.00918775
0.00401979  0.0431472  0.0639386 0.00721731
  0.331067 0.00918775 0.00721731    0.43734
IMAGINARY
          0  -0.0167694 -0.00644909   0.0202427
  0.0167694           0   0.0130906 -0.00898716
 0.00644909  -0.0130906           0  0.00804453
 -0.0202427  0.00898716 -0.00804453           0
Repeater1[0]<--->HoM1[0]
REAL
   0.410714  -0.0082117 -0.00654638    0.309681
 -0.0082117   0.0943878   0.0474618  -0.0116354
-0.00654638   0.0474618    0.065051  -0.0151649
   0.309681  -0.0116354  -0.0151649    0.429847
IMAGINARY
          0   0.0168333 -0.00631388 -0.00606952
 -0.0168333           0  -0.0137816  -0.0260507
 0.00631388   0.0137816           0   0.0155313
 0.00606952   0.0260507  -0.0155313           0
EndNode1[0]<--->Repeater1[0]
REAL
  0.383598 0.00903193  0.0107737   0.303555
0.00903193  0.0912698  0.0528923  0.0147737
 0.0107737  0.0528923  0.0873016  0.0140824
  0.303555  0.0147737  0.0140824   0.437831
IMAGINARY
          0  0.00109789  -0.0126621   0.0121173
-0.00109789           0  0.00664948  0.00868331
  0.0126621 -0.00664948           0  -0.0103817
 -0.0121173 -0.00868331   0.0103817           0
EndNode2[0]<--->HoM1[0]
REAL
   0.431322  -0.0119765 -0.00535504    0.341882
 -0.0119765    0.084724   0.0235775  0.00858919
-0.00535504   0.0235775   0.0808729    0.010036
   0.341882  0.00858919    0.010036    0.403081
IMAGINARY
          0 -0.00109587   -0.017456  0.00268291
 0.00109587           0  -0.0052536    0.018129
   0.017456   0.0052536           0 -0.00361476
-0.00268291   -0.018129  0.00361476           0
Repeater1[0]<--->EndNode1[0]
REAL
  0.383598  0.0107737 0.00903193   0.303555
 0.0107737  0.0873016  0.0528923  0.0140824
0.00903193  0.0528923  0.0912698  0.0147737
  0.303555  0.0140824  0.0147737   0.437831
IMAGINARY
          0  -0.0126621  0.00109789   0.0121173
  0.0126621           0 -0.00664948  -0.0103817
-0.00109789  0.00664948           0  0.00868331
 -0.0121173   0.0103817 -0.00868331           0
Repeater1[0]<--->HoM1[0]
REAL
   0.431322 -0.00535504  -0.0119765    0.341882
-0.00535504   0.0808729   0.0235775    0.010036
 -0.0119765   0.0235775    0.084724  0.00858919
   0.341882    0.010036  0.00858919    0.403081
IMAGINARY
          0   -0.017456 -0.00109587  0.00268291
   0.017456           0   0.0052536 -0.00361476
 0.00109587  -0.0052536           0    0.018129
-0.00268291  0.00361476   -0.018129           0
EndNode1[0]<--->Repeater1[0]
REAL
  0.435504  0.0148221 0.00965626   0.322539
 0.0148221  0.0842912  0.0351682  0.0331632
0.00965626  0.0351682  0.0881226  0.0148221
  0.322539  0.0331632  0.0148221   0.392082
IMAGINARY
          0 -0.00449689 -0.00850642 -0.00985558
 0.00449689           0   0.0139539   0.0136611
 0.00850642  -0.0139539           0 -0.00710105
 0.00985558  -0.0136611  0.00710105           0
EndNode2[0]<--->HoM1[0]
REAL
   0.405204 -0.00130776 -0.00513791    0.328424
-0.00130776   0.0780669   0.0317915  -0.0136793
-0.00513791   0.0317915    0.086741  -0.0148213
   0.328424  -0.0136793  -0.0148213    0.429988
IMAGINARY
          0  0.00230211  -0.0250864 -0.00708169
-0.00230211           0  0.00831322  0.00824698
  0.0250864 -0.00831322           0  -0.0100741
 0.00708169 -0.00824698   0.0100741           0
Repeater1[0]<--->EndNode1[0]
REAL
  0.435504 0.00965626  0.0148221   0.322539
0.00965626  0.0881226  0.0351682  0.0148221
 0.0148221  0.0351682  0.0842912  0.0331632
  0.322539  0.0148221  0.0331632   0.392082
IMAGINARY
          0 -0.00850642 -0.00449689 -0.00985558
 0.00850642           0  -0.0139539 -0.00710105
 0.00449689   0.0139539           0   0.0136611
 0.00985558  0.00710105  -0.0136611           0
Repeater1[0]<--->HoM1[0]
REAL
   0.405204 -0.00513791 -0.00130776    0.328424
-0.00513791    0.086741   0.0317915  -0.0148213
-0.00130776   0.0317915   0.0780669  -0.0136793
   0.328424  -0.0148213  -0.0136793    0.429988
IMAGINARY
          0  -0.0250864  0.00230211 -0.00708169
  0.0250864           0 -0.00831322  -0.0100741
-0.00230211  0.00831322           0  0.00824698
 0.00708169   0.0100741 -0.00824698           0
EndNode1[0]<--->Repeater1[0]
REAL
   0.369863 -0.00387589   -0.019823    0.332965
-0.00387589    0.102117   0.0394581  0.00951373
  -0.019823   0.0394581   0.0896638 -0.00772205
   0.332965  0.00951373 -0.00772205    0.438356
IMAGINARY
           0  0.000591076   0.00516427   -0.0049073
-0.000591076            0   -0.0231365   0.00392664
 -0.00516427    0.0231365            0  -0.00838328
   0.0049073  -0.00392664   0.00838328            0
EndNode2[0]<--->HoM1[0]
REAL
  0.438931  0.0172176  0.0051268   0.336222
 0.0172176  0.0750636  0.0378138  0.0231508
 0.0051268  0.0378138  0.0750636 0.00848938
  0.336222  0.0231508 0.00848938   0.410941
IMAGINARY
          0   0.0243399  -0.0065225  -0.0105258
 -0.0243399           0  0.00116251  0.00519625
  0.0065225 -0.00116251           0 -0.00975102
  0.0105258 -0.00519625  0.00975102           0
Repeater1[0]<--->EndNode1[0]
REAL
   0.369863   -0.019823 -0.00387589    0.332965
  -0.019823   0.0896638   0.0394581 -0.00772205
-0.00387589   0.0394581    0.102117  0.00951373
   0.332965 -0.00772205  0.00951373    0.438356
IMAGINARY
           0   0.00516427  0.000591076   -0.0049073
 -0.00516427            0    0.0231365  -0.00838328
-0.000591076   -0.0231365            0   0.00392664
   0.0049073   0.00838328  -0.00392664            0
Repeater1[0]<--->HoM1[0]
REAL
  0.438931  0.0051268  0.0172176   0.336222
 0.0051268  0.0750636  0.0378138 0.00848938
 0.0172176  0.0378138  0.0750636  0.0231508
  0.336222 0.00848938  0.0231508   0.410941
IMAGINARY
          0  -0.0065225   0.0243399  -0.0105258
  0.0065225           0 -0.00116251 -0.00975102
 -0.0243399  0.00116251           0  0.00519625
  0.0105258  0.00975102 -0.00519625           0
EndNode1[0]<--->Repeater1[0]
REAL
   0.418902  -0.0128709   0.0110747    0.325768
 -0.0128709   0.0906769   0.0440171 -0.00917842
  0.0110747   0.0440171   0.0625798  0.00338925
   0.325768 -0.00917842  0.00338925    0.427842
IMAGINARY
           0   0.00591657  0.000193989   -0.0210609
 -0.00591657            0   0.00879932   -0.0119079
-0.000193989  -0.00879932            0    0.0193609
   0.0210609    0.0119079   -0.0193609            0
EndNode2[0]<--->HoM1[0]
REAL
   0.425197  0.00376633 -0.00343541    0.330494
 0.00376633   0.0892388   0.0331427  0.00223924
-0.00343541   0.0331427   0.0748031 -0.00974719
   0.330494  0.00223924 -0.00974719    0.410761
IMAGINARY
           0    0.0104421   -0.0192061  0.000661345
  -0.0104421            0  -0.00131494  8.20634e-07
   0.0192061   0.00131494            0   0.00214069
-0.000661345 -8.20634e-07  -0.00214069            0
Repeater1[0]<--->EndNode1[0]
REAL
   0.418902   0.0110747  -0.0128709    0.325768
  0.0110747   0.0625798   0.0440171  0.00338925
 -0.0128709   0.0440171   0.0906769 -0.00917842
   0.325768  0.00338925 -0.00917842    0.427842
IMAGINARY
           0  0.000193989   0.00591657   -0.0210609
-0.000193989            0  -0.00879932    0.0193609
 -0.00591657   0.00879932            0   -0.0119079
   0.0210609   -0.0193609    0.0119079            0
Repeater1[0]<--->HoM1[0]
REAL
   0.425197 -0.00343541  0.00376633    0.330494
-0.00343541   0.0748031   0.0331427 -0.00974719
 0.00376633   0.0331427   0.0892388  0.00223924
   0.330494 -0.00974719  0.00223924    0.410761
IMAGINARY
           0   -0.0192061    0.0104421  0.000661345
   0.0192061            0   0.00131494   0.00214069
  -0.0104421  -0.00131494            0  8.20634e-07
-0.000661345  -0.00214069 -8.20634e-07            0
EndNode1[0]<--->Repeater1[0]
REAL
   0.40641 0.00662109 0.00179084   0.344578
0.00662109  0.0884615  0.0483757  0.0225994
0.00179084  0.0483757  0.0833333 -0.0161062
  0.344578  0.0225994 -0.0161062   0.421795
IMAGINARY
           0   -0.0105768   0.00324471    0.0027733
   0.0105768            0    0.0225185 -0.000713069
 -0.00324471   -0.0225185            0  -0.00587885
  -0.0027733  0.000713069   0.00587885            0
EndNode2[0]<--->HoM1[0]
REAL
   0.419689  -0.0114215  0.00962326    0.330144
 -0.0114215   0.0764249   0.0458052  -0.0172182
 0.00962326   0.0458052   0.0712435 -0.00376841
   0.330144  -0.0172182 -0.00376841    0.432642
IMAGINARY
         0  0.0221648 -0.0179042  0.0195066
-0.0221648          0  0.0142434  -0.010979
 0.0179042 -0.0142434          0  0.0246901
-0.0195066   0.010979 -0.0246901          0
Repeater1[0]<--->EndNode1[0]
REAL
   0.40641 0.00179084 0.00662109   0.344578
0.00179084  0.0833333  0.0483757 -0.0161062
0.00662109  0.0483757  0.0884615  0.0225994
  0.344578 -0.0161062  0.0225994   0.421795
IMAGINARY
           0   0.00324471   -0.0105768    0.0027733
 -0.00324471            0   -0.0225185  -0.00587885
   0.0105768    0.0225185            0 -0.000713069
  -0.0027733   0.00587885  0.000713069            0
Repeater1[0]<--->HoM1[0]
REAL
   0.419689  0.00962326  -0.0114215    0.330144
 0.00962326   0.0712435   0.0458052 -0.00376841
 -0.0114215   0.0458052   0.0764249  -0.0172182
   0.330144 -0.00376841  -0.0172182    0.432642
IMAGINARY
         0 -0.0179042  0.0221648  0.0195066
 0.0179042          0 -0.0142434  0.0246901
-0.0221648  0.0142434          0  -0.010979
-0.0195066 -0.0246901   0.010979          0
EndNode1[0]<--->Repeater1[0]
REAL
   0.429825 -0.00223973   -0.014452    0.325156
-0.00223973   0.0776942  0.00616898  -0.0156685
  -0.014452  0.00616898   0.0977444  -0.0278808
   0.325156  -0.0156685  -0.0278808    0.394737
IMAGINARY
          0   0.0148268  0.00667184  -0.0235808
 -0.0148268           0  0.00567798   -0.026925
-0.00667184 -0.00567798           0   0.0168188
  0.0235808    0.026925  -0.0168188           0
EndNode2[0]<--->HoM1[0]
REAL
  0.429894 0.00534342 0.00011399   0.325821
0.00534342  0.0820106  0.0501795 0.00788601
0.00011399  0.0501795  0.0859788  0.0173232
  0.325821 0.00788601  0.0173232   0.402116
IMAGINARY
          0  0.00232964 -0.00390443  -0.0132136
-0.00232964           0    0.020621  0.00518648
 0.00390443   -0.020621           0  -0.0125861
  0.0132136 -0.00518648   0.0125861           0
Repeater1[0]<--->EndNode1[0]
REAL
   0.429825   -0.014452 -0.00223973    0.325156
  -0.014452   0.0977444  0.00616898  -0.0278808
-0.00223973  0.00616898   0.0776942  -0.0156685
   0.325156  -0.0278808  -0.0156685    0.394737
IMAGINARY
          0  0.00667184   0.0148268  -0.0235808
-0.00667184           0 -0.00567798   0.0168188
 -0.0148268  0.00567798           0   -0.026925
  0.0235808  -0.0168188    0.026925           0
Repeater1[0]<--->HoM1[0]
REAL
  0.429894 0.00011399 0.00534342   0.325821
0.00011399  0.0859788  0.0501795  0.0173232
0.00534342  0.0501795  0.0820106 0.00788601
  0.325821  0.0173232 0.00788601   0.402116
IMAGINARY
          0 -0.00390443  0.00232964  -0.0132136
 0.00390443           0   -0.020621  -0.0125861
-0.00232964    0.020621           0  0.00518648
  0.0132136   0.0125861 -0.00518648           0
EndNode1[0]<--->Repeater1[0]
REAL
  0.445596  0.0013114  0.0188529   0.319572
 0.0013114  0.0660622  0.0413904 0.00788511
 0.0188529  0.0413904  0.0790155 0.00403619
  0.319572 0.00788511 0.00403619   0.409326
IMAGINARY
           0  0.000292077  -0.00311688   -0.0232891
-0.000292077            0  0.000271153  -0.00961039
  0.00311688 -0.000271153            0  -0.00332238
   0.0232891   0.00961039   0.00332238            0
EndNode2[0]<--->HoM1[0]
REAL
   0.413965 0.000824159  0.00128917    0.335382
0.000824159   0.0760599   0.0299295   0.0158646
 0.00128917   0.0299295   0.0922693 -0.00908337
   0.335382   0.0158646 -0.00908337    0.417706
IMAGINARY
          0  -0.0355526 -0.00799805  -0.0111623
  0.0355526           0   0.0071623   0.0160526
 0.00799805  -0.0071623           0    0.018824
  0.0111623  -0.0160526   -0.018824           0
Repeater1[0]<--->EndNode1[0]
REAL
  0.445596  0.0188529  0.0013114   0.319572
 0.0188529  0.0790155  0.0413904 0.00403619
 0.0013114  0.0413904  0.0660622 0.00788511
  0.319572 0.00403619 0.00788511   0.409326
IMAGINARY
           0  -0.00311688  0.000292077   -0.0232891
  0.00311688            0 -0.000271153  -0.00332238
-0.000292077  0.000271153            0  -0.00961039
   0.0232891   0.00332238   0.00961039            0
Repeater1[0]<--->HoM1[0]
REAL
   0.413965  0.00128917 0.000824159    0.335382
 0.00128917   0.0922693   0.0299295 -0.00908337
0.000824159   0.0299295   0.0760599   0.0158646
   0.335382 -0.00908337   0.0158646    0.417706
IMAGINARY
          0 -0.00799805  -0.0355526  -0.0111623
 0.00799805           0  -0.0071623    0.018824
  0.0355526   0.0071623           0   0.0160526
  0.0111623   -0.018824  -0.0160526           0
EndNode1[0]<--->Repeater1[0]
REAL
  0.412385 -0.0183711 -0.0410138   0.328146
-0.0183711   0.083004  0.0594204 -0.0198328
-0.0410138  0.0594204  0.0843215 -0.0279252
  0.328146 -0.0198328 -0.0279252    0.42029
IMAGINARY
          0   0.0126976  -0.0144963    0.011199
 -0.0126976           0  0.00929788   0.0190955
  0.0144963 -0.00929788           0  -0.0251812
  -0.011199  -0.0190955   0.0251812           0
EndNode2[0]<--->HoM1[0]
REAL
   0.427273  -0.0048826  0.00558081    0.320697
 -0.0048826   0.0805195   0.0436438 -0.00945678
 0.00558081   0.0436438   0.0935065  -0.0132053
   0.320697 -0.00945678  -0.0132053    0.398701
IMAGINARY
           0  -0.00321556    0.0246084  -0.00839672
  0.00321556            0  0.000266643   -0.0252603
  -0.0246084 -0.000266643            0    0.0129939
  0.00839672    0.0252603   -0.0129939            0
Repeater1[0]<--->EndNode1[0]
REAL
  0.412385 -0.0410138 -0.0183711   0.328146
-0.0410138  0.0843215  0.0594204 -0.0279252
-0.0183711  0.0594204   0.083004 -0.0198328
  0.328146 -0.0279252 -0.0198328    0.42029
IMAGINARY
          0  -0.0144963   0.0126976    0.011199
  0.0144963           0 -0.00929788  -0.0251812
 -0.0126976  0.00929788           0   0.0190955
  -0.011199   0.0251812  -0.0190955           0
Repeater1[0]<--->HoM1[0]
REAL
   0.427273  0.00558081  -0.0048826    0.320697
 0.00558081   0.0935065   0.0436438  -0.0132053
 -0.0048826   0.0436438   0.0805195 -0.00945678
   0.320697  -0.0132053 -0.00945678    0.398701
IMAGINARY
           0    0.0246084  -0.00321556  -0.00839672
  -0.0246084            0 -0.000266643    0.0129939
  0.00321556  0.000266643            0   -0.0252603
  0.00839672   -0.0129939    0.0252603            0
EndNode1[0]<--->Repeater1[0]
REAL
   0.414062 -0.00711035 -0.00150784    0.328358
-0.00711035   0.0716146    0.044983 -0.00150784
-0.00150784    0.044983   0.0846354 0.000475854
   0.328358 -0.00150784 0.000475854    0.429688
IMAGINARY
           0 -0.000982306  -0.00873503   0.00557724
 0.000982306            0   0.00110725   -0.0277889
  0.00873503  -0.00110725            0    0.0173551
 -0.00557724    0.0277889   -0.0173551            0
EndNode2[0]<--->HoM1[0]
REAL
    0.42394  0.00520375  0.00145698    0.325119
 0.00520375   0.0885287   0.0441537 -0.00819553
 0.00145698   0.0441537   0.0872818 -0.00250833
   0.325119 -0.00819553 -0.00250833    0.400249
IMAGINARY
          0 -0.00959139 -0.00802833  -0.0310197
 0.00959139           0  0.00537872   0.0347558
 0.00802833 -0.00537872           0  -0.0197437
  0.0310197  -0.0347558   0.0197437           0
Repeater1[0]<--->EndNode1[0]
REAL
   0.414062 -0.00150784 -0.00711035    0.328358
-0.00150784   0.0846354    0.044983 0.000475854
-0.00711035    0.044983   0.0716146 -0.00150784
   0.328358 0.000475854 -0.00150784    0.429688
IMAGINARY
           0  -0.00873503 -0.000982306   0.00557724
  0.00873503            0  -0.00110725    0.0173551
 0.000982306   0.00110725            0   -0.0277889
 -0.00557724   -0.0173551    0.0277889            0
Repeater1[0]<--->HoM1[0]
REAL
    0.42394  0.00145698  0.00520375    0.325119
 0.00145698   0.0872818   0.0441537 -0.00250833
 0.00520375   0.0441537   0.0885287 -0.00819553
   0.325119 -0.00250833 -0.00819553    0.400249
IMAGINARY
          0 -0.00802833 -0.00959139  -0.0310197
 0.00802833           0 -0.00537872  -0.0197437
 0.00959139  0.00537872           0   0.0347558
  0.0310197   0.0197437  -0.0347558           0
EndNode1[0]<--->Repeater1[0]
REAL
  0.396641 0.00734527 0.00673996   0.306112
0.00734527  0.0762274  0.0442717  0.0149992
0.00673996  0.0442717  0.0865633  0.0233453
  0.306112  0.0149992  0.0233453   0.440568
IMAGINARY
           0    0.0161513   -0.0180628 -0.000160912
  -0.0161513            0   0.00688134   -0.0150901
   0.0180628  -0.00688134            0    0.0061762
 0.000160912    0.0150901   -0.0061762            0
EndNode2[0]<--->HoM1[0]
REAL
   0.427835 -0.00815794 -0.00725779     0.31778
-0.00815794   0.0760309   0.0291722 -0.00246983
-0.00725779   0.0291722   0.0811856  -0.0119458
    0.31778 -0.00246983  -0.0119458    0.414948
IMAGINARY
          0   0.0153965  -0.0247721   0.0101591
 -0.0153965           0   0.0139955    0.010848
  0.0247721  -0.0139955           0 -0.00273824
 -0.0101591   -0.010848  0.00273824           0
Repeater1[0]<--->EndNode1[0]
REAL
  0.396641 0.00673996 0.00734527   0.306112
0.00673996  0.0865633  0.0442717  0.0233453
0.00734527  0.0442717  0.0762274  0.0149992
  0.306112  0.0233453  0.0149992   0.440568
IMAGINARY
           0   -0.0180628    0.0161513 -0.000160912
   0.0180628            0  -0.00688134    0.0061762
  -0.0161513   0.00688134            0   -0.0150901
 0.000160912   -0.0061762    0.0150901            0
Repeater1[0]<--->HoM1[0]
REAL
   0.427835 -0.00725779 -0.00815794     0.31778
-0.00725779   0.0811856   0.0291722  -0.0119458
-0.00815794   0.0291722   0.0760309 -0.00246983
    0.31778  -0.0119458 -0.00246983    0.414948
IMAGINARY
          0  -0.0247721   0.0153965   0.0101591
  0.0247721           0  -0.0139955 -0.00273824
 -0.0153965   0.0139955           0    0.010848
 -0.0101591  0.00273824   -0.010848           0
EndNode1[0]<--->Repeater1[0]
REAL
   0.417513 -0.00931265  -0.0184918    0.333945
-0.00931265   0.0862944   0.0334432 -0.00654207
 -0.0184918   0.0334432   0.0939086  0.00863606
   0.333945 -0.00654207  0.00863606    0.402284
IMAGINARY
           0 -0.000229441   0.00348621    0.0103039
 0.000229441            0  -0.00327959   -0.0128965
 -0.00348621   0.00327959            0  -0.00918085
  -0.0103039    0.0128965   0.00918085            0
EndNode2[0]<--->HoM1[0]
REAL
   0.433784  0.00524904  0.00540402    0.331124
 0.00524904   0.0594595    0.031648 -0.00132793
 0.00540402    0.031648   0.0851351 0.000185746
   0.331124 -0.00132793 0.000185746    0.421622
IMAGINARY
          0  -0.0163481   0.0232386  -0.0130024
  0.0163481           0   0.0212616  -0.0147196
 -0.0232386  -0.0212616           0  0.00389727
  0.0130024   0.0147196 -0.00389727           0
Repeater1[0]<--->EndNode1[0]
REAL
   0.417513  -0.0184918 -0.00931265    0.333945
 -0.0184918   0.0939086   0.0334432  0.00863606
-0.00931265   0.0334432   0.0862944 -0.00654207
   0.333945  0.00863606 -0.00654207    0.402284
IMAGINARY
           0   0.00348621 -0.000229441    0.0103039
 -0.00348621            0   0.00327959  -0.00918085
 0.000229441  -0.00327959            0   -0.0128965
  -0.0103039   0.00918085    0.0128965            0
Repeater1[0]<--->HoM1[0]
REAL
   0.433784  0.00540402  0.00524904    0.331124
 0.00540402   0.0851351    0.031648 0.000185746
 0.00524904    0.031648   0.0594595 -0.00132793
   0.331124 0.000185746 -0.00132793    0.421622
IMAGINARY
          0   0.0232386  -0.0163481  -0.0130024
 -0.0232386           0  -0.0212616  0.00389727
  0.0163481   0.0212616           0  -0.0147196
  0.0130024 -0.00389727   0.0147196           0
EndNode1[0]<--->Repeater1[0]
REAL
   0.401035   0.0247036  0.00494071    0.334777
  0.0247036   0.0698577   0.0402228 -0.00494071
 0.00494071   0.0402228   0.0827943  -0.0182603
   0.334777 -0.00494071  -0.0182603    0.446313
IMAGINARY
          0   0.0106108  -0.0119872 -0.00153061
 -0.0106108           0  -0.0270408  0.00827428
  0.0119872   0.0270408           0  -0.0143236
 0.00153061 -0.00827428   0.0143236           0
EndNode2[0]<--->HoM1[0]
REAL
   0.383905 0.000993414  -0.0181785     0.33359
0.000993414   0.0870712   0.0383774  0.00874456
 -0.0181785   0.0383774   0.0712401  -0.0144705
    0.33359  0.00874456  -0.0144705    0.457784
IMAGINARY
          0  -0.0275735  0.00146548   0.0105477
  0.0275735           0   0.0249362  0.00784303
-0.00146548  -0.0249362           0   0.0156054
 -0.0105477 -0.00784303  -0.0156054           0
Repeater1[0]<--->EndNode1[0]
REAL
   0.401035  0.00494071   0.0247036    0.334777
 0.00494071   0.0827943   0.0402228  -0.0182603
  0.0247036   0.0402228   0.0698577 -0.00494071
   0.334777  -0.0182603 -0.00494071    0.446313
IMAGINARY
          0  -0.0119872   0.0106108 -0.00153061
  0.0119872           0   0.0270408  -0.0143236
 -0.0106108  -0.0270408           0  0.00827428
 0.00153061   0.0143236 -0.00827428           0
Repeater1[0]<--->HoM1[0]
REAL
   0.383905  -0.0181785 0.000993414     0.33359
 -0.0181785   0.0712401   0.0383774  -0.0144705
0.000993414   0.0383774   0.0870712  0.00874456
    0.33359  -0.0144705  0.00874456    0.457784
IMAGINARY
          0  0.00146548  -0.0275735   0.0105477
-0.00146548           0  -0.0249362   0.0156054
  0.0275735   0.0249362           0  0.00784303
 -0.0105477  -0.0156054 -0.00784303           0
EndNode1[0]<--->Repeater1[0]
REAL
  0.400754  0.0195396 0.00769765   0.338161
 0.0195396   0.116834  0.0329664 0.00903098
0.00769765  0.0329664  0.0791457 0.00462394
  0.338161 0.00903098 0.00462394   0.403266
IMAGINARY
          0   0.0125859 -0.00114213   -0.015168
 -0.0125859           0 -0.00135586 -0.00665008
 0.00114213  0.00135586           0 -0.00479374
   0.015168  0.00665008  0.00479374           0
EndNode2[0]<--->HoM1[0]
REAL
   0.432143  0.00930888 -0.00401301     0.31139
 0.00930888   0.0869048   0.0313357   0.0269488
-0.00401301   0.0313357   0.0714286 -0.00472173
    0.31139   0.0269488 -0.00472173    0.409524
IMAGINARY
          0 -0.00565339  0.00104759 -0.00456252
 0.00565339           0  -0.0227102  -0.0106104
-0.00104759   0.0227102           0   0.0193146
 0.00456252   0.0106104  -0.0193146           0
Repeater1[0]<--->EndNode1[0]
REAL
  0.400754 0.00769765  0.0195396   0.338161
0.00769765  0.0791457  0.0329664 0.00462394
 0.0195396  0.0329664   0.116834 0.00903098
  0.338161 0.00462394 0.00903098   0.403266
IMAGINARY
          0 -0.00114213   0.0125859   -0.015168
 0.00114213           0  0.00135586 -0.00479374
 -0.0125859 -0.00135586           0 -0.00665008
   0.015168  0.00479374  0.00665008           0
Repeater1[0]<--->HoM1[0]
REAL
   0.432143 -0.00401301  0.00930888     0.31139
-0.00401301   0.0714286   0.0313357 -0.00472173
 0.00930888   0.0313357   0.0869048   0.0269488
    0.31139 -0.00472173   0.0269488    0.409524
IMAGINARY
          0  0.00104759 -0.00565339 -0.00456252
-0.00104759           0   0.0227102   0.0193146
 0.00565339  -0.0227102           0  -0.0106104
 0.00456252  -0.0193146   0.0106104           0
EndNode1[0]<--->Repeater1[0]
REAL
    0.435424  -0.00888854   -0.0195616     0.325885
 -0.00888854    0.0651907    0.0451714  -0.00855913
  -0.0195616    0.0451714    0.0836408 -2.77821e-05
    0.325885  -0.00855913 -2.77821e-05     0.415744
IMAGINARY
           0 -0.000737265   -0.0140192   -0.0130856
 0.000737265            0  -0.00754545    0.0252478
   0.0140192   0.00754545            0  -0.00520725
   0.0130856   -0.0252478   0.00520725            0
EndNode2[0]<--->HoM1[0]
REAL
   0.418573  0.00540529  0.00384771    0.322399
 0.00540529   0.0888291   0.0374389 -0.00115229
 0.00384771   0.0374389   0.0780619   0.0107672
   0.322399 -0.00115229   0.0107672    0.414536
IMAGINARY
          0 -0.00660056 -0.00440669  0.00458198
 0.00660056           0   -0.016354 -0.00746666
 0.00440669    0.016354           0   0.0224317
-0.00458198  0.00746666  -0.0224317           0
Repeater1[0]<--->EndNode1[0]
REAL
    0.435424   -0.0195616  -0.00888854     0.325885
  -0.0195616    0.0836408    0.0451714 -2.77821e-05
 -0.00888854    0.0451714    0.0651907  -0.00855913
    0.325885 -2.77821e-05  -0.00855913     0.415744
IMAGINARY
           0   -0.0140192 -0.000737265   -0.0130856
   0.0140192            0   0.00754545  -0.00520725
 0.000737265  -0.00754545            0    0.0252478
   0.0130856   0.00520725   -0.0252478            0
Repeater1[0]<--->HoM1[0]
REAL
   0.418573  0.00384771  0.00540529    0.322399
 0.00384771   0.0780619   0.0374389   0.0107672
 0.00540529   0.0374389   0.0888291 -0.00115229
   0.322399   0.0107672 -0.00115229    0.414536
IMAGINARY
          0 -0.00440669 -0.00660056  0.00458198
 0.00440669           0    0.016354   0.0224317
 0.00660056   -0.016354           0 -0.00746666
-0.00458198  -0.0224317  0.00746666           0
EndNode1[0]<--->Repeater1[0]
REAL
    0.436364  -0.00360081  -0.00328602     0.324006
 -0.00360081    0.0727273    0.0523101 -0.000661348
 -0.00328602    0.0523101     0.087013  -0.00297814
    0.324006 -0.000661348  -0.00297814     0.403896
IMAGINARY
          0  -0.0215047   0.0100899 -0.00412275
  0.0215047           0   0.0135095 -0.00942232
 -0.0100899  -0.0135095           0   0.0141615
 0.00412275  0.00942232  -0.0141615           0
EndNode2[0]<--->HoM1[0]
REAL
  0.391582  0.0123096  0.0135587   0.311943
 0.0123096  0.0956633  0.0493434  0.0236418
 0.0135587  0.0493434  0.0829082 0.00975854
  0.311943  0.0236418 0.00975854   0.429847
IMAGINARY
           0    -0.021891   0.00465241    -0.020315
    0.021891            0   -0.0104336   0.00861019
 -0.00465241    0.0104336            0 -0.000655449
    0.020315  -0.00861019  0.000655449            0
Repeater1[0]<--->EndNode1[0]
REAL
    0.436364  -0.00328602  -0.00360081     0.324006
 -0.00328602     0.087013    0.0523101  -0.00297814
 -0.00360081    0.0523101    0.0727273 -0.000661348
    0.324006  -0.00297814 -0.000661348     0.403896
IMAGINARY
          0   0.0100899  -0.0215047 -0.00412275
 -0.0100899           0  -0.0135095   0.0141615
  0.0215047   0.0135095           0 -0.00942232
 0.00412275  -0.0141615  0.00942232           0
Repeater1[0]<--->HoM1[0]
REAL
  0.391582  0.0135587  0.0123096   0.311943
 0.0135587  0.0829082  0.0493434 0.00975854
 0.0123096  0.0493434  0.0956633  0.0236418
  0.311943 0.00975854  0.0236418   0.429847
IMAGINARY
           0   0.00465241    -0.021891    -0.020315
 -0.00465241            0    0.0104336 -0.000655449
    0.021891   -0.0104336            0   0.00861019
    0.020315  0.000655449  -0.00861019            0
EndNode1[0]<--->Repeater1[0]
REAL
    0.43295 -0.00183936   0.0102779    0.328844
-0.00183936   0.0906769   0.0217306  -0.0058079
  0.0102779   0.0217306    0.083014  -0.0102935
   0.328844  -0.0058079  -0.0102935    0.393359
IMAGINARY
          0   0.0187914  -0.0100735  0.00629417
 -0.0187914           0   0.0247655  0.00938955
  0.0100735  -0.0247655           0 -0.00305951
-0.00629417 -0.00938955  0.00305951           0
EndNode2[0]<--->HoM1[0]
REAL
   0.426829 -0.00312631   0.0145768    0.311404
-0.00312631   0.0853659   0.0358935  0.00569351
  0.0145768   0.0358935   0.0799458  0.00853172
   0.311404  0.00569351  0.00853172    0.407859
IMAGINARY
           0   0.00245799  0.000888417  -0.00860187
 -0.00245799            0   -0.0165594    0.0105161
