EndNode1[0]<--->Repeater1[0]
REAL
   0.430556 -0.00100516  0.00800341    0.389567
-0.00100516   0.0593434   0.0506154 -0.00605282
 0.00800341   0.0506154   0.0568182  0.00555652
   0.389567 -0.00605282  0.00555652    0.453283
IMAGINARY
           0  -0.00400709 -0.000240568   0.00683493
  0.00400709            0   0.00482151   -0.0166134
 0.000240568  -0.00482151            0    0.0121219
 -0.00683493    0.0166134   -0.0121219            0
EndNode2[0]<--->HoM1[0]
REAL
   0.437811  0.00420924  -0.0134611    0.384566
 0.00420924   0.0472637   0.0319933 -0.00386879
 -0.0134611   0.0319933   0.0572139  -0.0151207
   0.384566 -0.00386879  -0.0151207    0.457711
IMAGINARY
           0 -0.000189828  0.000779432   0.00582603
 0.000189828            0    0.0146868   -0.0056473
-0.000779432   -0.0146868            0     0.010621
 -0.00582603    0.0056473    -0.010621            0
Repeater1[0]<--->EndNode1[0]
REAL
   0.430556  0.00800341 -0.00100516    0.389567
 0.00800341   0.0568182   0.0506154  0.00555652
-0.00100516   0.0506154   0.0593434 -0.00605282
   0.389567  0.00555652 -0.00605282    0.453283
IMAGINARY
           0 -0.000240568  -0.00400709   0.00683493
 0.000240568            0  -0.00482151    0.0121219
  0.00400709   0.00482151            0   -0.0166134
 -0.00683493   -0.0121219    0.0166134            0
Repeater1[0]<--->HoM1[0]
REAL
   0.437811  -0.0134611  0.00420924    0.384566
 -0.0134611   0.0572139   0.0319933  -0.0151207
 0.00420924   0.0319933   0.0472637 -0.00386879
   0.384566  -0.0151207 -0.00386879    0.457711
IMAGINARY
           0  0.000779432 -0.000189828   0.00582603
-0.000779432            0   -0.0146868     0.010621
 0.000189828    0.0146868            0   -0.0056473
 -0.00582603    -0.010621    0.0056473            0
EndNode1[0]<--->Repeater1[0]
REAL
   0.420732 -0.00891439 -0.00495239    0.401947
-0.00891439   0.0463415   0.0325445 -0.00975349
-0.00495239   0.0325445   0.0682927  -0.0017808
   0.401947 -0.00975349  -0.0017808    0.464634
IMAGINARY
          0 -0.00681231   0.0149974 -0.00586604
 0.00681231           0  -0.0171726  0.00490314
 -0.0149974   0.0171726           0 -0.00935684
 0.00586604 -0.00490314  0.00935684           0
EndNode2[0]<--->HoM1[0]
REAL
   0.453503 -0.00859642  0.00370709    0.383942
-0.00859642   0.0535032   0.0293746  -0.0137573
 0.00370709   0.0293746   0.0649682  0.00231501
   0.383942  -0.0137573  0.00231501    0.428025
IMAGINARY
          0  0.00739719  0.00769803 -0.00137744
-0.00739719           0  -0.0261816  -0.0161115
-0.00769803   0.0261816           0  -0.0025895
 0.00137744   0.0161115   0.0025895           0
Repeater1[0]<--->EndNode1[0]
REAL
   0.420732 -0.00495239 -0.00891439    0.401947
-0.00495239   0.0682927   0.0325445  -0.0017808
-0.00891439   0.0325445   0.0463415 -0.00975349
   0.401947  -0.0017808 -0.00975349    0.464634
IMAGINARY
          0   0.0149974 -0.00681231 -0.00586604
 -0.0149974           0   0.0171726 -0.00935684
 0.00681231  -0.0171726           0  0.00490314
 0.00586604  0.00935684 -0.00490314           0
Repeater1[0]<--->HoM1[0]
REAL
   0.453503  0.00370709 -0.00859642    0.383942
 0.00370709   0.0649682   0.0293746  0.00231501
-0.00859642   0.0293746   0.0535032  -0.0137573
   0.383942  0.00231501  -0.0137573    0.428025
IMAGINARY
          0  0.00769803  0.00739719 -0.00137744
-0.00769803           0   0.0261816  -0.0025895
-0.00739719  -0.0261816           0  -0.0161115
 0.00137744   0.0025895   0.0161115           0
EndNode1[0]<--->Repeater1[0]
REAL
   0.436061  0.00320938 -0.00331318    0.366367
 0.00320938   0.0434783   0.0520817 -0.00203441
-0.00331318   0.0520817   0.0677749 -0.00722007
   0.366367 -0.00203441 -0.00722007    0.452685
IMAGINARY
           0  0.000629319    0.0137045   0.00278227
-0.000629319            0   0.00796362  0.000581177
  -0.0137045  -0.00796362            0  -0.00322672
 -0.00278227 -0.000581177   0.00322672            0
EndNode2[0]<--->HoM1[0]
REAL
   0.416555  0.00533571  0.00315567    0.389948
 0.00533571   0.0654206    0.037607 -0.00897715
 0.00315567    0.037607    0.058745 -0.00598254
   0.389948 -0.00897715 -0.00598254    0.459279
IMAGINARY
          0  0.00284965   0.0152819   0.0148002
-0.00284965           0  0.00283208  -0.0170827
 -0.0152819 -0.00283208           0 -0.00705134
 -0.0148002   0.0170827  0.00705134           0
Repeater1[0]<--->EndNode1[0]
REAL
   0.436061 -0.00331318  0.00320938    0.366367
-0.00331318   0.0677749   0.0520817 -0.00722007
 0.00320938   0.0520817   0.0434783 -0.00203441
   0.366367 -0.00722007 -0.00203441    0.452685
IMAGINARY
           0    0.0137045  0.000629319   0.00278227
  -0.0137045            0  -0.00796362  -0.00322672
-0.000629319   0.00796362            0  0.000581177
 -0.00278227   0.00322672 -0.000581177            0
Repeater1[0]<--->HoM1[0]
REAL
   0.416555  0.00315567  0.00533571    0.389948
 0.00315567    0.058745    0.037607 -0.00598254
 0.00533571    0.037607   0.0654206 -0.00897715
   0.389948 -0.00598254 -0.00897715    0.459279
IMAGINARY
          0   0.0152819  0.00284965   0.0148002
 -0.0152819           0 -0.00283208 -0.00705134
-0.00284965  0.00283208           0  -0.0170827
 -0.0148002  0.00705134   0.0170827           0
EndNode1[0]<--->Repeater1[0]
REAL
   0.428212   -0.013937  -0.0218069    0.383555
  -0.013937   0.0478589   0.0351546  0.00309727
 -0.0218069   0.0351546   0.0541562 -0.00606299
   0.383555  0.00309727 -0.00606299    0.469773
IMAGINARY
          0  -0.0205433  0.00805234  0.00403472
  0.0205433           0  -0.0275089   0.0385401
-0.00805234   0.0275089           0  -0.0218767
-0.00403472  -0.0385401   0.0218767           0
EndNode2[0]<--->HoM1[0]
REAL
   0.444444   0.0106221   0.0196364    0.383057
  0.0106221   0.0555556   0.0179581 -0.00821507
  0.0196364   0.0179581    0.042328  0.00333731
   0.383057 -0.00821507  0.00333731    0.457672
IMAGINARY
          0  0.00774867  -0.0105781   0.0221252
-0.00774867           0  0.00728653    0.014291
  0.0105781 -0.00728653           0  0.00462757
 -0.0221252   -0.014291 -0.00462757           0
Repeater1[0]<--->EndNode1[0]
REAL
   0.428212  -0.0218069   -0.013937    0.383555
 -0.0218069   0.0541562   0.0351546 -0.00606299
  -0.013937   0.0351546   0.0478589  0.00309727
   0.383555 -0.00606299  0.00309727    0.469773
IMAGINARY
          0  0.00805234  -0.0205433  0.00403472
-0.00805234           0   0.0275089  -0.0218767
  0.0205433  -0.0275089           0   0.0385401
-0.00403472   0.0218767  -0.0385401           0
Repeater1[0]<--->HoM1[0]
REAL
   0.444444   0.0196364   0.0106221    0.383057
  0.0196364    0.042328   0.0179581  0.00333731
  0.0106221   0.0179581   0.0555556 -0.00821507
   0.383057  0.00333731 -0.00821507    0.457672
IMAGINARY
          0  -0.0105781  0.00774867   0.0221252
  0.0105781           0 -0.00728653  0.00462757
-0.00774867  0.00728653           0    0.014291
 -0.0221252 -0.00462757   -0.014291           0
EndNode1[0]<--->Repeater1[0]
REAL
    0.442804    0.0120362 -0.000742455     0.385231
   0.0120362    0.0553506    0.0313269    0.0339889
-0.000742455    0.0313269    0.0504305    0.0107799
    0.385231    0.0339889    0.0107799     0.451415
IMAGINARY
          0   0.0147385  -0.0123115   0.0186768
 -0.0147385           0  -0.0306566   -0.011618
  0.0123115   0.0306566           0  0.00415319
 -0.0186768    0.011618 -0.00415319           0
EndNode2[0]<--->HoM1[0]
REAL
   0.444586   0.0103333 -0.00832175    0.398731
  0.0103333   0.0458599   0.0271947   0.0181983
-0.00832175   0.0271947   0.0624204  0.00448153
   0.398731   0.0181983  0.00448153    0.447134
IMAGINARY
          0  0.00513592  0.00417181 -0.00263505
-0.00513592           0   0.0191041 -0.00543126
-0.00417181  -0.0191041           0 -0.00135758
 0.00263505  0.00543126  0.00135758           0
Repeater1[0]<--->EndNode1[0]
REAL
    0.442804 -0.000742455    0.0120362     0.385231
-0.000742455    0.0504305    0.0313269    0.0107799
   0.0120362    0.0313269    0.0553506    0.0339889
    0.385231    0.0107799    0.0339889     0.451415
IMAGINARY
          0  -0.0123115   0.0147385   0.0186768
  0.0123115           0   0.0306566  0.00415319
 -0.0147385  -0.0306566           0   -0.011618
 -0.0186768 -0.00415319    0.011618           0
Repeater1[0]<--->HoM1[0]
REAL
   0.444586 -0.00832175   0.0103333    0.398731
-0.00832175   0.0624204   0.0271947  0.00448153
  0.0103333   0.0271947   0.0458599   0.0181983
   0.398731  0.00448153   0.0181983    0.447134
IMAGINARY
          0  0.00417181  0.00513592 -0.00263505
-0.00417181           0  -0.0191041 -0.00135758
-0.00513592   0.0191041           0 -0.00543126
 0.00263505  0.00135758  0.00543126           0
EndNode1[0]<--->Repeater1[0]
REAL
   0.433814  -0.0137453  -0.0195476    0.399536
 -0.0137453    0.061599    0.032515  -0.0176319
 -0.0195476    0.032515    0.061599 -0.00933165
   0.399536  -0.0176319 -0.00933165    0.442988
IMAGINARY
           0   0.00740572   0.00456266 -0.000376335
 -0.00740572            0   0.00162634  -0.00589245
 -0.00456266  -0.00162634            0   -0.0167142
 0.000376335   0.00589245    0.0167142            0
EndNode2[0]<--->HoM1[0]
REAL
  0.465517 0.00411501  -0.024899   0.396542
0.00411501  0.0689655  0.0285221 0.00422719
 -0.024899  0.0285221  0.0543767 -0.0144509
  0.396542 0.00422719 -0.0144509   0.411141
IMAGINARY
          0   0.0073476 -0.00958663  0.00485115
 -0.0073476           0  -0.0112779 -0.00183469
 0.00958663   0.0112779           0 -0.00861664
-0.00485115  0.00183469  0.00861664           0
Repeater1[0]<--->EndNode1[0]
REAL
   0.433814  -0.0195476  -0.0137453    0.399536
 -0.0195476    0.061599    0.032515 -0.00933165
 -0.0137453    0.032515    0.061599  -0.0176319
   0.399536 -0.00933165  -0.0176319    0.442988
IMAGINARY
           0   0.00456266   0.00740572 -0.000376335
 -0.00456266            0  -0.00162634   -0.0167142
 -0.00740572   0.00162634            0  -0.00589245
 0.000376335    0.0167142   0.00589245            0
Repeater1[0]<--->HoM1[0]
REAL
  0.465517  -0.024899 0.00411501   0.396542
 -0.024899  0.0543767  0.0285221 -0.0144509
0.00411501  0.0285221  0.0689655 0.00422719
  0.396542 -0.0144509 0.00422719   0.411141
IMAGINARY
          0 -0.00958663   0.0073476  0.00485115
 0.00958663           0   0.0112779 -0.00861664
 -0.0073476  -0.0112779           0 -0.00183469
-0.00485115  0.00861664  0.00183469           0
EndNode1[0]<--->Repeater1[0]
REAL
   0.461441 -0.00848564 -0.00913838    0.381812
-0.00848564    0.068268   0.0307207 -0.00913838
-0.00913838   0.0307207   0.0391909 -0.00848564
   0.381812 -0.00913838 -0.00848564      0.4311
IMAGINARY
          0 -0.00489679  0.00580148 -0.00932494
 0.00489679           0   0.0186334 -0.00387594
-0.00580148  -0.0186334           0    0.020943
 0.00932494  0.00387594   -0.020943           0
EndNode2[0]<--->HoM1[0]
REAL
    0.45298 0.000265228   0.0117428    0.380183
0.000265228   0.0476821   0.0493943 -0.00470055
  0.0117428   0.0493943   0.0569536  0.00805744
   0.380183 -0.00470055  0.00805744    0.442384
IMAGINARY
          0   0.0134175  0.00501524   0.0265667
 -0.0134175           0    0.010901  -0.0151934
-0.00501524   -0.010901           0 -0.00196712
 -0.0265667   0.0151934  0.00196712           0
Repeater1[0]<--->EndNode1[0]
REAL
   0.461441 -0.00913838 -0.00848564    0.381812
-0.00913838   0.0391909   0.0307207 -0.00848564
-0.00848564   0.0307207    0.068268 -0.00913838
   0.381812 -0.00848564 -0.00913838      0.4311
IMAGINARY
          0  0.00580148 -0.00489679 -0.00932494
-0.00580148           0  -0.0186334    0.020943
 0.00489679   0.0186334           0 -0.00387594
 0.00932494   -0.020943  0.00387594           0
Repeater1[0]<--->HoM1[0]
REAL
    0.45298   0.0117428 0.000265228    0.380183
  0.0117428   0.0569536   0.0493943  0.00805744
0.000265228   0.0493943   0.0476821 -0.00470055
   0.380183  0.00805744 -0.00470055    0.442384
IMAGINARY
          0  0.00501524   0.0134175   0.0265667
-0.00501524           0   -0.010901 -0.00196712
 -0.0134175    0.010901           0  -0.0151934
 -0.0265667  0.00196712   0.0151934           0
EndNode1[0]<--->Repeater1[0]
REAL
  0.465177  0.0114474  0.0204229   0.401641
 0.0114474  0.0683311  0.0289871 0.00313734
 0.0204229  0.0289871  0.0381078  0.0108039
  0.401641 0.00313734  0.0108039   0.428384
IMAGINARY
           0 -0.000938673    0.0387894  -0.00185622
 0.000938673            0   0.00374777   -0.0320869
  -0.0387894  -0.00374777            0  0.000938673
  0.00185622    0.0320869 -0.000938673            0
EndNode2[0]<--->HoM1[0]
REAL
  0.439451 0.00197738  -0.001178    0.38406
0.00197738  0.0649189  0.0430927  0.0111118
 -0.001178  0.0430927  0.0524345 0.00133388
   0.38406  0.0111118 0.00133388   0.443196
IMAGINARY
          0 -0.00318392  0.00628086 -0.00176203
 0.00318392           0  -0.0137418 -0.00755313
-0.00628086   0.0137418           0 -0.00190514
 0.00176203  0.00755313  0.00190514           0
Repeater1[0]<--->EndNode1[0]
REAL
  0.465177  0.0204229  0.0114474   0.401641
 0.0204229  0.0381078  0.0289871  0.0108039
 0.0114474  0.0289871  0.0683311 0.00313734
  0.401641  0.0108039 0.00313734   0.428384
IMAGINARY
           0    0.0387894 -0.000938673  -0.00185622
  -0.0387894            0  -0.00374777  0.000938673
 0.000938673   0.00374777            0   -0.0320869
  0.00185622 -0.000938673    0.0320869            0
Repeater1[0]<--->HoM1[0]
REAL
  0.439451  -0.001178 0.00197738    0.38406
 -0.001178  0.0524345  0.0430927 0.00133388
0.00197738  0.0430927  0.0649189  0.0111118
   0.38406 0.00133388  0.0111118   0.443196
IMAGINARY
          0  0.00628086 -0.00318392 -0.00176203
-0.00628086           0   0.0137418 -0.00190514
 0.00318392  -0.0137418           0 -0.00755313
 0.00176203  0.00190514  0.00755313           0
EndNode1[0]<--->Repeater1[0]
REAL
   0.475497 -0.00831202 -0.00684998    0.386962
-0.00831202   0.0556291   0.0307441 -0.00811261
-0.00684998   0.0307441   0.0569536  0.00831202
   0.386962 -0.00811261  0.00831202    0.411921
IMAGINARY
          0  0.00614907  0.00452693 -0.00795891
-0.00614907           0   0.0199995   0.0071311
-0.00452693  -0.0199995           0   0.0119856
 0.00795891  -0.0071311  -0.0119856           0
EndNode2[0]<--->HoM1[0]
REAL
   0.431515  0.00593887  -0.0128054    0.384333
 0.00593887   0.0448485   0.0283016 -0.00332368
 -0.0128054   0.0283016   0.0533333  0.00346973
   0.384333 -0.00332368  0.00346973    0.470303
IMAGINARY
           0  -0.00776439   0.00875486 -0.000763737
  0.00776439            0  -0.00470074   0.00875486
 -0.00875486   0.00470074            0   -0.0214185
 0.000763737  -0.00875486    0.0214185            0
Repeater1[0]<--->EndNode1[0]
REAL
   0.475497 -0.00684998 -0.00831202    0.386962
-0.00684998   0.0569536   0.0307441  0.00831202
-0.00831202   0.0307441   0.0556291 -0.00811261
   0.386962  0.00831202 -0.00811261    0.411921
IMAGINARY
          0  0.00452693  0.00614907 -0.00795891
-0.00452693           0  -0.0199995   0.0119856
-0.00614907   0.0199995           0   0.0071311
 0.00795891  -0.0119856  -0.0071311           0
Repeater1[0]<--->HoM1[0]
REAL
   0.431515  -0.0128054  0.00593887    0.384333
 -0.0128054   0.0533333   0.0283016  0.00346973
 0.00593887   0.0283016   0.0448485 -0.00332368
   0.384333  0.00346973 -0.00332368    0.470303
IMAGINARY
           0   0.00875486  -0.00776439 -0.000763737
 -0.00875486            0   0.00470074   -0.0214185
  0.00776439  -0.00470074            0   0.00875486
 0.000763737    0.0214185  -0.00875486            0
EndNode1[0]<--->Repeater1[0]
REAL
   0.427704  0.00932455  0.00772335    0.393258
 0.00932455   0.0449575   0.0303341   0.0110434
 0.00772335   0.0303341   0.0583232 -0.00530311
   0.393258   0.0110434 -0.00530311    0.469016
IMAGINARY
           0   -0.0214427   0.00464932   0.00285575
   0.0214427            0   -0.0100641     0.012322
 -0.00464932    0.0100641            0  0.000554947
 -0.00285575    -0.012322 -0.000554947            0
EndNode2[0]<--->HoM1[0]
REAL
   0.441576 -0.00951289    0.010568    0.380539
-0.00951289   0.0380435   0.0428427 -0.00330251
   0.010568   0.0428427   0.0557065  0.00621038
   0.380539 -0.00330251  0.00621038    0.464674
IMAGINARY
          0 -0.00965374   0.0008483  -0.0128711
 0.00965374           0  -0.0141211   0.0122407
 -0.0008483   0.0141211           0  -0.0139065
  0.0128711  -0.0122407   0.0139065           0
Repeater1[0]<--->EndNode1[0]
REAL
   0.427704  0.00772335  0.00932455    0.393258
 0.00772335   0.0583232   0.0303341 -0.00530311
 0.00932455   0.0303341   0.0449575   0.0110434
   0.393258 -0.00530311   0.0110434    0.469016
IMAGINARY
           0   0.00464932   -0.0214427   0.00285575
 -0.00464932            0    0.0100641  0.000554947
   0.0214427   -0.0100641            0     0.012322
 -0.00285575 -0.000554947    -0.012322            0
Repeater1[0]<--->HoM1[0]
REAL
   0.441576    0.010568 -0.00951289    0.380539
   0.010568   0.0557065   0.0428427  0.00621038
-0.00951289   0.0428427   0.0380435 -0.00330251
   0.380539  0.00621038 -0.00330251    0.464674
IMAGINARY
          0   0.0008483 -0.00965374  -0.0128711
 -0.0008483           0   0.0141211  -0.0139065
 0.00965374  -0.0141211           0   0.0122407
  0.0128711   0.0139065  -0.0122407           0
EndNode1[0]<--->Repeater1[0]
REAL
   0.44723     0.0125   0.013898   0.377569
    0.0125   0.055409  0.0331244  0.0113664
  0.013898  0.0331244  0.0527704 0.00806402
  0.377569  0.0113664 0.00806402   0.444591
IMAGINARY
          0   0.0120375   0.0181749  -0.0127882
 -0.0120375           0  -0.0327882 -0.00706382
 -0.0181749   0.0327882           0 -0.00876954
  0.0127882  0.00706382  0.00876954           0
EndNode2[0]<--->HoM1[0]
REAL
   0.453691  -0.0110208 -0.00158248    0.380538
 -0.0110208   0.0778523   0.0308044 -0.00949966
-0.00158248   0.0308044    0.052349 -0.00788403
   0.380538 -0.00949966 -0.00788403    0.416107
IMAGINARY
           0   0.00474098   0.00644223   -0.0192616
 -0.00474098            0 -0.000168487  -0.00910181
 -0.00644223  0.000168487            0  -0.00341119
   0.0192616   0.00910181   0.00341119            0
Repeater1[0]<--->EndNode1[0]
REAL
   0.44723   0.013898     0.0125   0.377569
  0.013898  0.0527704  0.0331244 0.00806402
    0.0125  0.0331244   0.055409  0.0113664
  0.377569 0.00806402  0.0113664   0.444591
IMAGINARY
          0   0.0181749   0.0120375  -0.0127882
 -0.0181749           0   0.0327882 -0.00876954
 -0.0120375  -0.0327882           0 -0.00706382
  0.0127882  0.00876954  0.00706382           0
Repeater1[0]<--->HoM1[0]
REAL
   0.453691 -0.00158248  -0.0110208    0.380538
-0.00158248    0.052349   0.0308044 -0.00788403
 -0.0110208   0.0308044   0.0778523 -0.00949966
   0.380538 -0.00788403 -0.00949966    0.416107
IMAGINARY
           0   0.00644223   0.00474098   -0.0192616
 -0.00644223            0  0.000168487  -0.00341119
 -0.00474098 -0.000168487            0  -0.00910181
   0.0192616   0.00341119   0.00910181            0
EndNode1[0]<--->Repeater1[0]
REAL
   0.440447  0.00723832 -0.00904708    0.385617
 0.00723832    0.057072   0.0252743 -0.00332916
-0.00904708   0.0252743   0.0521092  -0.0146641
   0.385617 -0.00332916  -0.0146641    0.450372
IMAGINARY
          0   0.0282698  -0.0151812 -0.00543614
 -0.0282698           0  0.00916748  -0.0039229
  0.0151812 -0.00916748           0   0.0066446
 0.00543614   0.0039229  -0.0066446           0
EndNode2[0]<--->HoM1[0]
REAL
  0.436129 -0.0174069  0.0146385   0.378726
-0.0174069  0.0451613  0.0372942 -0.0107626
 0.0146385  0.0372942  0.0593548 0.00965496
  0.378726 -0.0107626 0.00965496   0.459355
IMAGINARY
          0   0.0169301 -0.00792839  0.00152453
 -0.0169301           0   0.0226885  -0.0138107
 0.00792839  -0.0226885           0  -0.0156513
-0.00152453   0.0138107   0.0156513           0
Repeater1[0]<--->EndNode1[0]
REAL
   0.440447 -0.00904708  0.00723832    0.385617
-0.00904708   0.0521092   0.0252743  -0.0146641
 0.00723832   0.0252743    0.057072 -0.00332916
   0.385617  -0.0146641 -0.00332916    0.450372
IMAGINARY
          0  -0.0151812   0.0282698 -0.00543614
  0.0151812           0 -0.00916748   0.0066446
 -0.0282698  0.00916748           0  -0.0039229
 0.00543614  -0.0066446   0.0039229           0
Repeater1[0]<--->HoM1[0]
REAL
  0.436129  0.0146385 -0.0174069   0.378726
 0.0146385  0.0593548  0.0372942 0.00965496
-0.0174069  0.0372942  0.0451613 -0.0107626
  0.378726 0.00965496 -0.0107626   0.459355
IMAGINARY
          0 -0.00792839   0.0169301  0.00152453
 0.00792839           0  -0.0226885  -0.0156513
 -0.0169301   0.0226885           0  -0.0138107
-0.00152453   0.0156513   0.0138107           0
EndNode1[0]<--->Repeater1[0]
REAL
   0.410072   0.0156311  -0.0131372    0.381384
  0.0156311   0.0779376   0.0256508 -0.00193822
 -0.0131372   0.0256508   0.0611511  -0.0181437
   0.381384 -0.00193822  -0.0181437    0.450839
IMAGINARY
          0 -0.00821921  0.00532319 -0.00988485
 0.00821921           0  0.00718215  0.00269161
-0.00532319 -0.00718215           0  0.00636965
 0.00988485 -0.00269161 -0.00636965           0
EndNode2[0]<--->HoM1[0]
REAL
   0.470812  0.00571227   0.0146732    0.387254
 0.00571227    0.072335   0.0287763    -0.01849
  0.0146732   0.0287763   0.0444162 -0.00444001
   0.387254    -0.01849 -0.00444001    0.412437
IMAGINARY
          0   0.0255711  -0.0166762   0.0390812
 -0.0255711           0   0.0207085 -0.00401802
  0.0166762  -0.0207085           0 -0.00220665
 -0.0390812  0.00401802  0.00220665           0
Repeater1[0]<--->EndNode1[0]
REAL
   0.410072  -0.0131372   0.0156311    0.381384
 -0.0131372   0.0611511   0.0256508  -0.0181437
  0.0156311   0.0256508   0.0779376 -0.00193822
   0.381384  -0.0181437 -0.00193822    0.450839
IMAGINARY
          0  0.00532319 -0.00821921 -0.00988485
-0.00532319           0 -0.00718215  0.00636965
 0.00821921  0.00718215           0  0.00269161
 0.00988485 -0.00636965 -0.00269161           0
Repeater1[0]<--->HoM1[0]
REAL
   0.470812   0.0146732  0.00571227    0.387254
  0.0146732   0.0444162   0.0287763 -0.00444001
 0.00571227   0.0287763    0.072335    -0.01849
   0.387254 -0.00444001    -0.01849    0.412437
IMAGINARY
          0  -0.0166762   0.0255711   0.0390812
  0.0166762           0  -0.0207085 -0.00220665
 -0.0255711   0.0207085           0 -0.00401802
 -0.0390812  0.00220665  0.00401802           0
EndNode1[0]<--->Repeater1[0]
REAL
   0.419355  0.00196026 -0.00566287    0.406442
 0.00196026   0.0657568   0.0287071    -0.02352
-0.00566287   0.0287071    0.060794   -0.020767
   0.406442    -0.02352   -0.020767    0.454094
IMAGINARY
          0  0.00592234   0.0180327   -0.024473
-0.00592234           0 -0.00920579   0.0199338
 -0.0180327  0.00920579           0  -0.0348799
   0.024473  -0.0199338   0.0348799           0
EndNode2[0]<--->HoM1[0]
REAL
  0.449163 0.00323251 -0.0181672   0.386581
0.00323251  0.0566281  0.0231222 -0.0141778
-0.0181672  0.0231222  0.0682111 -0.0207527
  0.386581 -0.0141778 -0.0207527   0.425997
IMAGINARY
           0   0.00491847  0.000968537  -0.00584777
 -0.00491847            0   -0.0140034  -0.00942107
-0.000968537    0.0140034            0    0.0178384
  0.00584777   0.00942107   -0.0178384            0
Repeater1[0]<--->EndNode1[0]
REAL
   0.419355 -0.00566287  0.00196026    0.406442
-0.00566287    0.060794   0.0287071   -0.020767
 0.00196026   0.0287071   0.0657568    -0.02352
   0.406442   -0.020767    -0.02352    0.454094
IMAGINARY
          0   0.0180327  0.00592234   -0.024473
 -0.0180327           0  0.00920579  -0.0348799
-0.00592234 -0.00920579           0   0.0199338
   0.024473   0.0348799  -0.0199338           0
Repeater1[0]<--->HoM1[0]
REAL
  0.449163 -0.0181672 0.00323251   0.386581
-0.0181672  0.0682111  0.0231222 -0.0207527
0.00323251  0.0231222  0.0566281 -0.0141778
  0.386581 -0.0207527 -0.0141778   0.425997
IMAGINARY
           0  0.000968537   0.00491847  -0.00584777
-0.000968537            0    0.0140034    0.0178384
 -0.00491847   -0.0140034            0  -0.00942107
  0.00584777   -0.0178384   0.00942107            0
EndNode1[0]<--->Repeater1[0]
REAL
   0.431322  -0.0175868 4.44953e-05    0.398656
 -0.0175868   0.0616175   0.0300066 -0.00577698
4.44953e-05   0.0300066   0.0603338   0.0194976
   0.398656 -0.00577698   0.0194976    0.446727
IMAGINARY
           0  -0.00681374  -0.00063237  -0.00505804
  0.00681374            0   -0.0220737  1.27913e-05
  0.00063237    0.0220737            0    0.0148683
  0.00505804 -1.27913e-05   -0.0148683            0
EndNode2[0]<--->HoM1[0]
REAL
   0.462435 0.000717949  -0.0126036    0.382278
0.000717949   0.0518135     0.02926  0.00619337
 -0.0126036     0.02926   0.0492228 -0.00328205
   0.382278  0.00619337 -0.00328205    0.436528
IMAGINARY
          0  0.00984252   0.0307312  -0.0213017
-0.00984252           0   0.0135173 -0.00842152
 -0.0307312  -0.0135173           0  0.00984252
  0.0213017  0.00842152 -0.00984252           0
Repeater1[0]<--->EndNode1[0]
REAL
   0.431322 4.44953e-05  -0.0175868    0.398656
4.44953e-05   0.0603338   0.0300066   0.0194976
 -0.0175868   0.0300066   0.0616175 -0.00577698
   0.398656   0.0194976 -0.00577698    0.446727
IMAGINARY
           0  -0.00063237  -0.00681374  -0.00505804
  0.00063237            0    0.0220737    0.0148683
  0.00681374   -0.0220737            0  1.27913e-05
  0.00505804   -0.0148683 -1.27913e-05            0
Repeater1[0]<--->HoM1[0]
REAL
   0.462435  -0.0126036 0.000717949    0.382278
 -0.0126036   0.0492228     0.02926 -0.00328205
0.000717949     0.02926   0.0518135  0.00619337
   0.382278 -0.00328205  0.00619337    0.436528
IMAGINARY
          0   0.0307312  0.00984252  -0.0213017
 -0.0307312           0  -0.0135173  0.00984252
-0.00984252   0.0135173           0 -0.00842152
  0.0213017 -0.00984252  0.00842152           0
EndNode1[0]<--->Repeater1[0]
REAL
   0.439024  -0.0123281 -0.00303226    0.384988
 -0.0123281   0.0641849   0.0324314  0.00496774
-0.00303226   0.0324314   0.0641849   0.0168442
   0.384988  0.00496774   0.0168442    0.432606
IMAGINARY
          0  0.00568482  0.00418727   0.0242264
-0.00568482           0  -0.0159881  -0.0166724
-0.00418727   0.0159881           0  0.00442219
 -0.0242264   0.0166724 -0.00442219           0
EndNode2[0]<--->HoM1[0]
REAL
  0.423412  0.0040573 -0.0061232   0.391848
 0.0040573  0.0635118  0.0420459  0.0157386
-0.0061232  0.0420459  0.0622665 0.00676001
  0.391848  0.0157386 0.00676001   0.450809
IMAGINARY
           0  -0.00631808  0.000622499 -0.000222295
  0.00631808            0   -0.0083984    -0.013139
-0.000622499    0.0083984            0   0.00829437
 0.000222295     0.013139  -0.00829437            0
Repeater1[0]<--->EndNode1[0]
REAL
   0.439024 -0.00303226  -0.0123281    0.384988
-0.00303226   0.0641849   0.0324314   0.0168442
 -0.0123281   0.0324314   0.0641849  0.00496774
   0.384988   0.0168442  0.00496774    0.432606
IMAGINARY
          0  0.00418727  0.00568482   0.0242264
-0.00418727           0   0.0159881  0.00442219
-0.00568482  -0.0159881           0  -0.0166724
 -0.0242264 -0.00442219   0.0166724           0
Repeater1[0]<--->HoM1[0]
REAL
  0.423412 -0.0061232  0.0040573   0.391848
-0.0061232  0.0622665  0.0420459 0.00676001
 0.0040573  0.0420459  0.0635118  0.0157386
  0.391848 0.00676001  0.0157386   0.450809
IMAGINARY
           0  0.000622499  -0.00631808 -0.000222295
-0.000622499            0    0.0083984   0.00829437
  0.00631808   -0.0083984            0    -0.013139
 0.000222295  -0.00829437     0.013139            0
EndNode1[0]<--->Repeater1[0]
REAL
  0.437666 0.00389433  0.0133836   0.377704
0.00389433  0.0490716  0.0441504  0.0177422
 0.0133836  0.0441504  0.0649867   0.036503
  0.377704  0.0177422   0.036503   0.448276
IMAGINARY
          0    0.011895  0.00863152  -0.0050386
  -0.011895           0 -0.00303593   -0.011934
-0.00863152  0.00303593           0   0.0125435
  0.0050386    0.011934  -0.0125435           0
EndNode2[0]<--->HoM1[0]
REAL
   0.438662  -0.0078953  0.00155571    0.379369
 -0.0078953   0.0619579    0.029948 -0.00714577
 0.00155571    0.029948   0.0619579 -0.00390594
   0.379369 -0.00714577 -0.00390594    0.437423
IMAGINARY
          0   0.0181669 -0.00516315  0.00493738
 -0.0181669           0 -0.00240574 -0.00320236
 0.00516315  0.00240574           0  0.00950358
-0.00493738  0.00320236 -0.00950358           0
Repeater1[0]<--->EndNode1[0]
REAL
  0.437666  0.0133836 0.00389433   0.377704
 0.0133836  0.0649867  0.0441504   0.036503
0.00389433  0.0441504  0.0490716  0.0177422
  0.377704   0.036503  0.0177422   0.448276
IMAGINARY
          0  0.00863152    0.011895  -0.0050386
-0.00863152           0  0.00303593   0.0125435
  -0.011895 -0.00303593           0   -0.011934
  0.0050386  -0.0125435    0.011934           0
Repeater1[0]<--->HoM1[0]
REAL
   0.438662  0.00155571  -0.0078953    0.379369
 0.00155571   0.0619579    0.029948 -0.00390594
 -0.0078953    0.029948   0.0619579 -0.00714577
   0.379369 -0.00390594 -0.00714577    0.437423
IMAGINARY
          0 -0.00516315   0.0181669  0.00493738
 0.00516315           0  0.00240574  0.00950358
 -0.0181669 -0.00240574           0 -0.00320236
-0.00493738 -0.00950358  0.00320236           0
EndNode1[0]<--->Repeater1[0]
REAL
  0.469657 0.00970397 0.00254403   0.373335
0.00970397  0.0488127  0.0474047  0.0166105
0.00254403  0.0474047  0.0422164  0.0173766
  0.373335  0.0166105  0.0173766   0.439314
IMAGINARY
           0   0.00119369  -0.00536775   0.00198627
 -0.00119369            0    0.0143625 -3.44138e-05
  0.00536775   -0.0143625            0    0.0150128
 -0.00198627  3.44138e-05   -0.0150128            0
EndNode2[0]<--->HoM1[0]
REAL
  0.424566  0.0294389 -0.0130366   0.381258
 0.0294389   0.046729  0.0202194  0.0216573
-0.0130366  0.0202194  0.0667557 -0.0183552
  0.381258  0.0216573 -0.0183552   0.461949
IMAGINARY
           0   -0.0212862    0.0315184  0.000798654
   0.0212862            0   0.00391198  -0.00684309
  -0.0315184  -0.00391198            0  0.000507027
-0.000798654   0.00684309 -0.000507027            0
Repeater1[0]<--->EndNode1[0]
REAL
  0.469657 0.00254403 0.00970397   0.373335
0.00254403  0.0422164  0.0474047  0.0173766
0.00970397  0.0474047  0.0488127  0.0166105
  0.373335  0.0173766  0.0166105   0.439314
IMAGINARY
           0  -0.00536775   0.00119369   0.00198627
  0.00536775            0   -0.0143625    0.0150128
 -0.00119369    0.0143625            0 -3.44138e-05
 -0.00198627   -0.0150128  3.44138e-05            0
Repeater1[0]<--->HoM1[0]
REAL
  0.424566 -0.0130366  0.0294389   0.381258
-0.0130366  0.0667557  0.0202194 -0.0183552
 0.0294389  0.0202194   0.046729  0.0216573
  0.381258 -0.0183552  0.0216573   0.461949
IMAGINARY
           0    0.0315184   -0.0212862  0.000798654
  -0.0315184            0  -0.00391198  0.000507027
   0.0212862   0.00391198            0  -0.00684309
-0.000798654 -0.000507027   0.00684309            0
EndNode1[0]<--->Repeater1[0]
REAL
  0.451656 0.00624961 0.00446998   0.380086
0.00624961  0.0463576  0.0316402 -0.0169865
0.00446998  0.0316402  0.0543046 0.00363181
  0.380086 -0.0169865 0.00363181   0.447682
IMAGINARY
          0  -0.0159164  0.00517298  -0.0133129
  0.0159164           0  0.00285783 -0.00128697
-0.00517298 -0.00285783           0  0.00296302
  0.0133129  0.00128697 -0.00296302           0
EndNode2[0]<--->HoM1[0]
REAL
     0.43202    0.0223689 -0.000149192      0.39966
   0.0223689    0.0622618    0.0278009   0.00662588
-0.000149192    0.0278009    0.0673443  -0.00293887
     0.39966   0.00662588  -0.00293887     0.438374
IMAGINARY
           0    0.0149984  0.000319996   0.00158096
  -0.0149984            0   0.00286631  -0.00911397
-0.000319996  -0.00286631            0   0.00887095
 -0.00158096   0.00911397  -0.00887095            0
Repeater1[0]<--->EndNode1[0]
REAL
  0.451656 0.00446998 0.00624961   0.380086
0.00446998  0.0543046  0.0316402 0.00363181
0.00624961  0.0316402  0.0463576 -0.0169865
  0.380086 0.00363181 -0.0169865   0.447682
IMAGINARY
          0  0.00517298  -0.0159164  -0.0133129
-0.00517298           0 -0.00285783  0.00296302
  0.0159164  0.00285783           0 -0.00128697
  0.0133129 -0.00296302  0.00128697           0
Repeater1[0]<--->HoM1[0]
REAL
     0.43202 -0.000149192    0.0223689      0.39966
-0.000149192    0.0673443    0.0278009  -0.00293887
   0.0223689    0.0278009    0.0622618   0.00662588
     0.39966  -0.00293887   0.00662588     0.438374
IMAGINARY
           0  0.000319996    0.0149984   0.00158096
-0.000319996            0  -0.00286631   0.00887095
  -0.0149984   0.00286631            0  -0.00911397
 -0.00158096  -0.00887095   0.00911397            0
EndNode1[0]<--->Repeater1[0]
REAL
   0.409035  -0.0143535  0.00444004    0.402187
 -0.0143535    0.047619   0.0281926 0.000623249
 0.00444004   0.0281926   0.0500611   0.0156193
   0.402187 0.000623249   0.0156193    0.493284
IMAGINARY
           0  -0.00562401  -0.00754524 -0.000333783
  0.00562401            0   -0.0108325   0.00620476
  0.00754524    0.0108325            0   0.00428352
 0.000333783  -0.00620476  -0.00428352            0
EndNode2[0]<--->HoM1[0]
REAL
   0.447761 -0.00885895  0.00441301    0.384601
-0.00885895   0.0583446   0.0396011  -0.0177109
 0.00441301   0.0396011   0.0705563 -0.00576871
   0.384601  -0.0177109 -0.00576871    0.423338
IMAGINARY
          0 -0.00557365  -0.0135894 -0.00507424
 0.00557365           0 -0.00875975 -0.00766057
  0.0135894  0.00875975           0   0.0143237
 0.00507424  0.00766057  -0.0143237           0
Repeater1[0]<--->EndNode1[0]
REAL
   0.409035  0.00444004  -0.0143535    0.402187
 0.00444004   0.0500611   0.0281926   0.0156193
 -0.0143535   0.0281926    0.047619 0.000623249
   0.402187   0.0156193 0.000623249    0.493284
IMAGINARY
           0  -0.00754524  -0.00562401 -0.000333783
  0.00754524            0    0.0108325   0.00428352
  0.00562401   -0.0108325            0   0.00620476
 0.000333783  -0.00428352  -0.00620476            0
Repeater1[0]<--->HoM1[0]
REAL
   0.447761  0.00441301 -0.00885895    0.384601
 0.00441301   0.0705563   0.0396011 -0.00576871
-0.00885895   0.0396011   0.0583446  -0.0177109
   0.384601 -0.00576871  -0.0177109    0.423338
IMAGINARY
          0  -0.0135894 -0.00557365 -0.00507424
  0.0135894           0  0.00875975   0.0143237
 0.00557365 -0.00875975           0 -0.00766057
 0.00507424  -0.0143237  0.00766057           0
EndNode1[0]<--->Repeater1[0]
REAL
   0.443559 -0.00594312 -0.00194675    0.376691
-0.00594312   0.0517928   0.0388534 -0.00845717
-0.00194675   0.0388534   0.0557769  0.00410713
   0.376691 -0.00845717  0.00410713    0.448871
IMAGINARY
           0   -0.0125557    0.0193014    0.0134022
   0.0125557            0  -0.00319809    0.0239418
  -0.0193014   0.00319809            0 -0.000957788
  -0.0134022   -0.0239418  0.000957788            0
EndNode2[0]<--->HoM1[0]
REAL
  0.475754 0.00242689   -0.02103   0.383149
0.00242689   0.051114  0.0338519  0.0297314
  -0.02103  0.0338519  0.0694626  0.0116293
  0.383149  0.0297314  0.0116293    0.40367
IMAGINARY
          0  0.00240892  0.00273064 -0.00755333
-0.00240892           0  -0.0164366   0.0145107
-0.00273064   0.0164366           0 -0.00943319
 0.00755333  -0.0145107  0.00943319           0
Repeater1[0]<--->EndNode1[0]
REAL
   0.443559 -0.00194675 -0.00594312    0.376691
-0.00194675   0.0557769   0.0388534  0.00410713
-0.00594312   0.0388534   0.0517928 -0.00845717
   0.376691  0.00410713 -0.00845717    0.448871
IMAGINARY
           0    0.0193014   -0.0125557    0.0134022
  -0.0193014            0   0.00319809 -0.000957788
   0.0125557  -0.00319809            0    0.0239418
  -0.0134022  0.000957788   -0.0239418            0
Repeater1[0]<--->HoM1[0]
REAL
  0.475754   -0.02103 0.00242689   0.383149
  -0.02103  0.0694626  0.0338519  0.0116293
0.00242689  0.0338519   0.051114  0.0297314
  0.383149  0.0116293  0.0297314    0.40367
IMAGINARY
          0  0.00273064  0.00240892 -0.00755333
-0.00273064           0   0.0164366 -0.00943319
-0.00240892  -0.0164366           0   0.0145107
 0.00755333  0.00943319  -0.0145107           0
EndNode1[0]<--->Repeater1[0]
REAL
   0.471795   -0.013843 -0.00868845    0.378038
  -0.013843   0.0551282   0.0393286  0.00728789
-0.00868845   0.0393286   0.0435897 -0.00856596
   0.378038  0.00728789 -0.00856596    0.429487
IMAGINARY
          0 -0.00515275 -0.00412547 -0.00518637
 0.00515275           0 -0.00452236  0.00089966
 0.00412547  0.00452236           0   -0.005815
 0.00518637 -0.00089966    0.005815           0
EndNode2[0]<--->HoM1[0]
REAL
    0.42915 -0.00990598 -0.00453925    0.396842
-0.00990598   0.0607287   0.0232644  -0.0107737
-0.00453925   0.0232644   0.0553306  0.00524553
   0.396842  -0.0107737  0.00524553    0.454791
IMAGINARY
           0  -0.00404166    0.0126422  -0.00611921
  0.00404166            0    0.0021822   -0.0132743
  -0.0126422   -0.0021822            0 -0.000383121
  0.00611921    0.0132743  0.000383121            0
Repeater1[0]<--->EndNode1[0]
REAL
   0.471795 -0.00868845   -0.013843    0.378038
-0.00868845   0.0435897   0.0393286 -0.00856596
  -0.013843   0.0393286   0.0551282  0.00728789
   0.378038 -0.00856596  0.00728789    0.429487
IMAGINARY
          0 -0.00412547 -0.00515275 -0.00518637
 0.00412547           0  0.00452236   -0.005815
 0.00515275 -0.00452236           0  0.00089966
 0.00518637    0.005815 -0.00089966           0
Repeater1[0]<--->HoM1[0]
REAL
    0.42915 -0.00453925 -0.00990598    0.396842
-0.00453925   0.0553306   0.0232644  0.00524553
-0.00990598   0.0232644   0.0607287  -0.0107737
   0.396842  0.00524553  -0.0107737    0.454791
IMAGINARY
           0    0.0126422  -0.00404166  -0.00611921
  -0.0126422            0   -0.0021822 -0.000383121
  0.00404166    0.0021822            0   -0.0132743
  0.00611921  0.000383121    0.0132743            0
EndNode1[0]<--->Repeater1[0]
REAL
   0.437741  -0.0126181  0.00372294    0.382657
 -0.0126181   0.0629012   0.0328542 -0.00309242
 0.00372294   0.0328542   0.0436457   0.0220758
   0.382657 -0.00309242   0.0220758    0.455712
IMAGINARY
          0  0.00751038   0.0110026  0.00164222
-0.00751038           0  0.00528299   0.0304994
 -0.0110026 -0.00528299           0  -0.0332021
-0.00164222  -0.0304994   0.0332021           0
EndNode2[0]<--->HoM1[0]
REAL
    0.461337   0.00380389 -3.55378e-05     0.393446
  0.00380389    0.0524246    0.0242753   0.00130136
-3.55378e-05    0.0242753    0.0458716  -0.00127225
    0.393446   0.00130136  -0.00127225     0.440367
IMAGINARY
          0  -0.0128014  0.00825116  -0.0193608
  0.0128014           0  0.00306349  -0.0134325
-0.00825116 -0.00306349           0   0.0166874
  0.0193608   0.0134325  -0.0166874           0
Repeater1[0]<--->EndNode1[0]
REAL
   0.437741  0.00372294  -0.0126181    0.382657
 0.00372294   0.0436457   0.0328542   0.0220758
 -0.0126181   0.0328542   0.0629012 -0.00309242
   0.382657   0.0220758 -0.00309242    0.455712
IMAGINARY
          0   0.0110026  0.00751038  0.00164222
 -0.0110026           0 -0.00528299  -0.0332021
-0.00751038  0.00528299           0   0.0304994
-0.00164222   0.0332021  -0.0304994           0
Repeater1[0]<--->HoM1[0]
REAL
    0.461337 -3.55378e-05   0.00380389     0.393446
-3.55378e-05    0.0458716    0.0242753  -0.00127225
  0.00380389    0.0242753    0.0524246   0.00130136
    0.393446  -0.00127225   0.00130136     0.440367
IMAGINARY
          0  0.00825116  -0.0128014  -0.0193608
-0.00825116           0 -0.00306349   0.0166874
  0.0128014  0.00306349           0  -0.0134325
  0.0193608  -0.0166874   0.0134325           0
EndNode1[0]<--->Repeater1[0]
REAL
    0.440758    0.0120861 -0.000595102     0.391051
   0.0120861     0.056872    0.0402075   -0.0143206
-0.000595102    0.0402075    0.0746445   -0.0334868
    0.391051   -0.0143206   -0.0334868     0.427725
IMAGINARY
         0 -0.0234731 -0.0146458  0.0266229
 0.0234731          0 -0.0119358 -0.0119431
 0.0146458  0.0119358          0  0.0254187
-0.0266229  0.0119431 -0.0254187          0
EndNode2[0]<--->HoM1[0]
REAL
  0.441214  0.0154944  0.0273376   0.395188
 0.0154944  0.0543616  0.0277035 0.00157804
