EndNode1[0]<--->Repeater1[0]
REAL
   0.427097 -0.00201315 -0.00219327    0.360406
-0.00201315   0.0877419   0.0370975 0.000222184
-0.00219327   0.0370975   0.0825806 -0.00521418
   0.360406 0.000222184 -0.00521418    0.402581
IMAGINARY
          0   0.0090491  -0.0132212   0.0226327
 -0.0090491           0  0.00552747    0.010715
  0.0132212 -0.00552747           0    0.019773
 -0.0226327   -0.010715   -0.019773           0
EndNode2[0]<--->HoM1[0]
REAL
   0.405928   0.0117613   0.0037036    0.354674
  0.0117613   0.0695876   0.0284779  -0.0145732
  0.0037036   0.0284779   0.0708763 -0.00632654
   0.354674  -0.0145732 -0.00632654    0.453608
IMAGINARY
          0  0.00725808  -0.0016241 -0.00356464
-0.00725808           0   0.0041873  -0.0223054
  0.0016241  -0.0041873           0  0.00659583
 0.00356464   0.0223054 -0.00659583           0
Repeater1[0]<--->EndNode1[0]
REAL
   0.427097 -0.00219327 -0.00201315    0.360406
-0.00219327   0.0825806   0.0370975 -0.00521418
-0.00201315   0.0370975   0.0877419 0.000222184
   0.360406 -0.00521418 0.000222184    0.402581
IMAGINARY
          0  -0.0132212   0.0090491   0.0226327
  0.0132212           0 -0.00552747    0.019773
 -0.0090491  0.00552747           0    0.010715
 -0.0226327   -0.019773   -0.010715           0
Repeater1[0]<--->HoM1[0]
REAL
   0.405928   0.0037036   0.0117613    0.354674
  0.0037036   0.0708763   0.0284779 -0.00632654
  0.0117613   0.0284779   0.0695876  -0.0145732
   0.354674 -0.00632654  -0.0145732    0.453608
IMAGINARY
          0  -0.0016241  0.00725808 -0.00356464
  0.0016241           0  -0.0041873  0.00659583
-0.00725808   0.0041873           0  -0.0223054
 0.00356464 -0.00659583   0.0223054           0
EndNode1[0]<--->Repeater1[0]
REAL
  0.427665 0.00382242  0.0302606   0.367048
0.00382242   0.071066  0.0363395 -0.0120674
 0.0302606  0.0363395  0.0774112  0.0131161
  0.367048 -0.0120674  0.0131161   0.423858
IMAGINARY
           0  -0.00296916   0.00703881 -0.000314949
  0.00296916            0 -0.000973711   -0.0254115
 -0.00703881  0.000973711            0   0.00953084
 0.000314949    0.0254115  -0.00953084            0
EndNode2[0]<--->HoM1[0]
REAL
   0.408083   0.0182454   0.0198082     0.36302
  0.0182454   0.0730117   0.0288361  0.00889676
  0.0198082   0.0288361   0.0808344 -0.00155653
    0.36302  0.00889676 -0.00155653     0.43807
IMAGINARY
           0  0.000279068    -0.011943   -0.0177814
-0.000279068            0    0.0047054  -0.00208758
    0.011943   -0.0047054            0  -0.00665662
   0.0177814   0.00208758   0.00665662            0
Repeater1[0]<--->EndNode1[0]
REAL
  0.427665  0.0302606 0.00382242   0.367048
 0.0302606  0.0774112  0.0363395  0.0131161
0.00382242  0.0363395   0.071066 -0.0120674
  0.367048  0.0131161 -0.0120674   0.423858
IMAGINARY
           0   0.00703881  -0.00296916 -0.000314949
 -0.00703881            0  0.000973711   0.00953084
  0.00296916 -0.000973711            0   -0.0254115
 0.000314949  -0.00953084    0.0254115            0
Repeater1[0]<--->HoM1[0]
REAL
   0.408083   0.0198082   0.0182454     0.36302
  0.0198082   0.0808344   0.0288361 -0.00155653
  0.0182454   0.0288361   0.0730117  0.00889676
    0.36302 -0.00155653  0.00889676     0.43807
IMAGINARY
           0    -0.011943  0.000279068   -0.0177814
    0.011943            0   -0.0047054  -0.00665662
-0.000279068    0.0047054            0  -0.00208758
   0.0177814   0.00665662   0.00208758            0
EndNode1[0]<--->Repeater1[0]
REAL
    0.42629   0.0101991 -0.00993278    0.373702
  0.0101991   0.0761671   0.0392193  -0.0223706
-0.00993278   0.0392193   0.0724816  -0.0284575
   0.373702  -0.0223706  -0.0284575    0.425061
IMAGINARY
           0   -0.0118161     0.013238  0.000634494
   0.0118161            0   0.00315339    0.0205551
   -0.013238  -0.00315339            0   0.00285057
-0.000634494   -0.0205551  -0.00285057            0
EndNode2[0]<--->HoM1[0]
REAL
    0.42801  0.00953365 -0.00190516    0.365953
 0.00953365   0.0746073   0.0521228   0.0155593
-0.00190516   0.0521228   0.0863874  0.00542084
   0.365953   0.0155593  0.00542084    0.410995
IMAGINARY
          0   0.0132276 -0.00859978  -0.0222834
 -0.0132276           0   0.0282216   -0.011347
 0.00859978  -0.0282216           0 -0.00391913
  0.0222834    0.011347  0.00391913           0
Repeater1[0]<--->EndNode1[0]
REAL
    0.42629 -0.00993278   0.0101991    0.373702
-0.00993278   0.0724816   0.0392193  -0.0284575
  0.0101991   0.0392193   0.0761671  -0.0223706
   0.373702  -0.0284575  -0.0223706    0.425061
IMAGINARY
           0     0.013238   -0.0118161  0.000634494
   -0.013238            0  -0.00315339   0.00285057
   0.0118161   0.00315339            0    0.0205551
-0.000634494  -0.00285057   -0.0205551            0
Repeater1[0]<--->HoM1[0]
REAL
    0.42801 -0.00190516  0.00953365    0.365953
-0.00190516   0.0863874   0.0521228  0.00542084
 0.00953365   0.0521228   0.0746073   0.0155593
   0.365953  0.00542084   0.0155593    0.410995
IMAGINARY
          0 -0.00859978   0.0132276  -0.0222834
 0.00859978           0  -0.0282216 -0.00391913
 -0.0132276   0.0282216           0   -0.011347
  0.0222834  0.00391913    0.011347           0
EndNode1[0]<--->Repeater1[0]
REAL
   0.426052 -0.00281006 -0.00933583     0.36595
-0.00281006   0.0719132   0.0159499  -0.0002919
-0.00933583   0.0159499   0.0759837 0.000884518
    0.36595  -0.0002919 0.000884518    0.426052
IMAGINARY
          0    0.024309  0.00947044   0.0187789
  -0.024309           0  0.00418032  0.00206802
-0.00947044 -0.00418032           0  -0.0140525
 -0.0187789 -0.00206802   0.0140525           0
EndNode2[0]<--->HoM1[0]
REAL
    0.442257    0.0147205 -6.54121e-05     0.355139
   0.0147205    0.0774278    0.0354461    0.0127881
-6.54121e-05    0.0354461    0.0734908    -0.012176
    0.355139    0.0127881    -0.012176     0.406824
IMAGINARY
          0 -0.00767263 -0.00629265  0.00323612
 0.00767263           0  -0.0210478  0.00501388
 0.00629265   0.0210478           0   0.0127877
-0.00323612 -0.00501388  -0.0127877           0
Repeater1[0]<--->EndNode1[0]
REAL
   0.426052 -0.00933583 -0.00281006     0.36595
-0.00933583   0.0759837   0.0159499 0.000884518
-0.00281006   0.0159499   0.0719132  -0.0002919
    0.36595 0.000884518  -0.0002919    0.426052
IMAGINARY
          0  0.00947044    0.024309   0.0187789
-0.00947044           0 -0.00418032  -0.0140525
  -0.024309  0.00418032           0  0.00206802
 -0.0187789   0.0140525 -0.00206802           0
Repeater1[0]<--->HoM1[0]
REAL
    0.442257 -6.54121e-05    0.0147205     0.355139
-6.54121e-05    0.0734908    0.0354461    -0.012176
   0.0147205    0.0354461    0.0774278    0.0127881
    0.355139    -0.012176    0.0127881     0.406824
IMAGINARY
          0 -0.00629265 -0.00767263  0.00323612
 0.00629265           0   0.0210478   0.0127877
 0.00767263  -0.0210478           0  0.00501388
-0.00323612  -0.0127877 -0.00501388           0
EndNode1[0]<--->Repeater1[0]
REAL
   0.429521 -0.00789405 -0.00537621    0.367923
-0.00789405   0.0731383   0.0284497   0.0014902
-0.00537621   0.0284497   0.0904255  0.00659871
   0.367923   0.0014902  0.00659871    0.406915
IMAGINARY
          0  0.00228705   0.0119903   -0.026509
-0.00228705           0  0.00691351 -0.00409553
 -0.0119903 -0.00691351           0  -0.0101818
   0.026509  0.00409553   0.0101818           0
EndNode2[0]<--->HoM1[0]
REAL
   0.441718  -0.0145916 -0.00173815    0.364583
 -0.0145916   0.0687117   0.0208333   0.0056444
-0.00173815   0.0208333   0.0625767   0.0132895
   0.364583   0.0056444   0.0132895    0.426994
IMAGINARY
           0  4.02706e-05   0.00234477  -0.00392041
-4.02706e-05            0    0.0134989   -0.0179698
 -0.00234477   -0.0134989            0   0.00777223
  0.00392041    0.0179698  -0.00777223            0
Repeater1[0]<--->EndNode1[0]
REAL
   0.429521 -0.00537621 -0.00789405    0.367923
-0.00537621   0.0904255   0.0284497  0.00659871
-0.00789405   0.0284497   0.0731383   0.0014902
   0.367923  0.00659871   0.0014902    0.406915
IMAGINARY
          0   0.0119903  0.00228705   -0.026509
 -0.0119903           0 -0.00691351  -0.0101818
-0.00228705  0.00691351           0 -0.00409553
   0.026509   0.0101818  0.00409553           0
Repeater1[0]<--->HoM1[0]
REAL
   0.441718 -0.00173815  -0.0145916    0.364583
-0.00173815   0.0625767   0.0208333   0.0132895
 -0.0145916   0.0208333   0.0687117   0.0056444
   0.364583   0.0132895   0.0056444    0.426994
IMAGINARY
           0   0.00234477  4.02706e-05  -0.00392041
 -0.00234477            0   -0.0134989   0.00777223
-4.02706e-05    0.0134989            0   -0.0179698
  0.00392041  -0.00777223    0.0179698            0
EndNode1[0]<--->Repeater1[0]
REAL
   0.411012   0.0015982   0.0159685    0.362173
  0.0015982   0.0768246   0.0368171  -0.0134433
  0.0159685   0.0368171   0.0819462 0.000927056
   0.362173  -0.0134433 0.000927056    0.430218
IMAGINARY
           0    0.0149802  0.000221599  -0.00201682
  -0.0149802            0  -0.00451059   0.00948086
-0.000221599   0.00451059            0   -0.0130397
  0.00201682  -0.00948086    0.0130397            0
EndNode2[0]<--->HoM1[0]
REAL
  0.418449  0.0145049 0.00895921   0.374721
 0.0145049  0.0748663  0.0244069 0.00536209
0.00895921  0.0244069  0.0842246 -0.0113915
  0.374721 0.00536209 -0.0113915    0.42246
IMAGINARY
          0   0.0188409  -0.0141149   0.0135145
 -0.0188409           0 -0.00350118  -0.0204763
  0.0141149  0.00350118           0  0.00191382
 -0.0135145   0.0204763 -0.00191382           0
Repeater1[0]<--->EndNode1[0]
REAL
   0.411012   0.0159685   0.0015982    0.362173
  0.0159685   0.0819462   0.0368171 0.000927056
  0.0015982   0.0368171   0.0768246  -0.0134433
   0.362173 0.000927056  -0.0134433    0.430218
IMAGINARY
           0  0.000221599    0.0149802  -0.00201682
-0.000221599            0   0.00451059   -0.0130397
  -0.0149802  -0.00451059            0   0.00948086
  0.00201682    0.0130397  -0.00948086            0
Repeater1[0]<--->HoM1[0]
REAL
  0.418449 0.00895921  0.0145049   0.374721
0.00895921  0.0842246  0.0244069 -0.0113915
 0.0145049  0.0244069  0.0748663 0.00536209
  0.374721 -0.0113915 0.00536209    0.42246
IMAGINARY
          0  -0.0141149   0.0188409   0.0135145
  0.0141149           0  0.00350118  0.00191382
 -0.0188409 -0.00350118           0  -0.0204763
 -0.0135145 -0.00191382   0.0204763           0
EndNode1[0]<--->Repeater1[0]
REAL
   0.395442 -0.00871221 0.000150256    0.359005
-0.00871221   0.0857909   0.0323559   0.0116298
0.000150256   0.0323559   0.0871314 -0.00175899
   0.359005   0.0116298 -0.00175899    0.431635
IMAGINARY
          0  0.00402573   0.0134774  0.00470878
-0.00402573           0 -0.00404122   0.0091617
 -0.0134774  0.00404122           0  -0.0266648
-0.00470878  -0.0091617   0.0266648           0
EndNode2[0]<--->HoM1[0]
REAL
   0.397222  1.5541e-05 -0.00152115    0.362678
 1.5541e-05   0.0805556   0.0339193   0.0119924
-0.00152115   0.0339193   0.0638889 -0.00394224
   0.362678   0.0119924 -0.00394224    0.458333
IMAGINARY
          0  -0.0110359 -0.00152964 -0.00539264
  0.0110359           0 -0.00360479  0.00218323
 0.00152964  0.00360479           0 -0.00661114
 0.00539264 -0.00218323  0.00661114           0
Repeater1[0]<--->EndNode1[0]
REAL
   0.395442 0.000150256 -0.00871221    0.359005
0.000150256   0.0871314   0.0323559 -0.00175899
-0.00871221   0.0323559   0.0857909   0.0116298
   0.359005 -0.00175899   0.0116298    0.431635
IMAGINARY
          0   0.0134774  0.00402573  0.00470878
 -0.0134774           0  0.00404122  -0.0266648
-0.00402573 -0.00404122           0   0.0091617
-0.00470878   0.0266648  -0.0091617           0
Repeater1[0]<--->HoM1[0]
REAL
   0.397222 -0.00152115  1.5541e-05    0.362678
-0.00152115   0.0638889   0.0339193 -0.00394224
 1.5541e-05   0.0339193   0.0805556   0.0119924
   0.362678 -0.00394224   0.0119924    0.458333
IMAGINARY
          0 -0.00152964  -0.0110359 -0.00539264
 0.00152964           0  0.00360479 -0.00661114
  0.0110359 -0.00360479           0  0.00218323
 0.00539264  0.00661114 -0.00218323           0
EndNode1[0]<--->Repeater1[0]
REAL
    0.430925 -0.000469814  -0.00360967     0.363272
-0.000469814    0.0633714    0.0269086    0.0139456
 -0.00360967    0.0269086    0.0760456    0.0146817
    0.363272    0.0139456    0.0146817     0.429658
IMAGINARY
          0  0.00650405   0.0121085 -0.00387405
-0.00650405           0  0.00318629  -0.0173033
 -0.0121085 -0.00318629           0 -0.00910145
 0.00387405   0.0173033  0.00910145           0
EndNode2[0]<--->HoM1[0]
REAL
    0.417834   -0.0112402   0.00259498     0.364939
  -0.0112402    0.0789809    0.0346754 -0.000664475
  0.00259498    0.0346754    0.0649682   0.00544871
    0.364939 -0.000664475   0.00544871     0.438217
IMAGINARY
          0   0.0144334  0.00324857 -0.00563194
 -0.0144334           0   -0.011222 -0.00193278
-0.00324857    0.011222           0   0.0118824
 0.00563194  0.00193278  -0.0118824           0
Repeater1[0]<--->EndNode1[0]
REAL
    0.430925  -0.00360967 -0.000469814     0.363272
 -0.00360967    0.0760456    0.0269086    0.0146817
-0.000469814    0.0269086    0.0633714    0.0139456
    0.363272    0.0146817    0.0139456     0.429658
IMAGINARY
          0   0.0121085  0.00650405 -0.00387405
 -0.0121085           0 -0.00318629 -0.00910145
-0.00650405  0.00318629           0  -0.0173033
 0.00387405  0.00910145   0.0173033           0
Repeater1[0]<--->HoM1[0]
REAL
    0.417834   0.00259498   -0.0112402     0.364939
  0.00259498    0.0649682    0.0346754   0.00544871
  -0.0112402    0.0346754    0.0789809 -0.000664475
    0.364939   0.00544871 -0.000664475     0.438217
IMAGINARY
          0  0.00324857   0.0144334 -0.00563194
-0.00324857           0    0.011222   0.0118824
 -0.0144334   -0.011222           0 -0.00193278
 0.00563194  -0.0118824  0.00193278           0
EndNode1[0]<--->Repeater1[0]
REAL
  0.431788 -0.0104349 0.00828382   0.360483
-0.0104349  0.0807947  0.0312142 -0.0100889
0.00828382  0.0312142   0.104636  0.0230703
  0.360483 -0.0100889  0.0230703   0.382781
IMAGINARY
           0 -0.000939739    0.0132301  -0.00184323
 0.000939739            0   -0.0119955  -0.00645499
  -0.0132301    0.0119955            0   0.00500478
  0.00184323   0.00645499  -0.00500478            0
EndNode2[0]<--->HoM1[0]
REAL
   0.42987 -0.0207667 0.00451145   0.351377
-0.0207667  0.0935065  0.0372404 -0.0161394
0.00451145  0.0372404  0.0649351  0.0128108
  0.351377 -0.0161394  0.0128108   0.411688
IMAGINARY
          0  -0.0230817  0.00102081   0.0069263
  0.0230817           0    0.020066   0.0264661
-0.00102081   -0.020066           0 -0.00964083
 -0.0069263  -0.0264661  0.00964083           0
Repeater1[0]<--->EndNode1[0]
REAL
  0.431788 0.00828382 -0.0104349   0.360483
0.00828382   0.104636  0.0312142  0.0230703
-0.0104349  0.0312142  0.0807947 -0.0100889
  0.360483  0.0230703 -0.0100889   0.382781
IMAGINARY
           0    0.0132301 -0.000939739  -0.00184323
  -0.0132301            0    0.0119955   0.00500478
 0.000939739   -0.0119955            0  -0.00645499
  0.00184323  -0.00500478   0.00645499            0
Repeater1[0]<--->HoM1[0]
REAL
   0.42987 0.00451145 -0.0207667   0.351377
0.00451145  0.0649351  0.0372404  0.0128108
-0.0207667  0.0372404  0.0935065 -0.0161394
  0.351377  0.0128108 -0.0161394   0.411688
IMAGINARY
          0  0.00102081  -0.0230817   0.0069263
-0.00102081           0   -0.020066 -0.00964083
  0.0230817    0.020066           0   0.0264661
 -0.0069263  0.00964083  -0.0264661           0
EndNode1[0]<--->Repeater1[0]
REAL
    0.41697 0.000933998  0.00203826     0.37646
0.000933998   0.0618182   0.0326311 -0.00390626
 0.00203826   0.0326311   0.0945455 0.000933998
    0.37646 -0.00390626 0.000933998    0.426667
IMAGINARY
           0    0.0146316  -0.00119035 -9.38934e-05
  -0.0146316            0   -0.0138302    0.0125254
  0.00119035    0.0138302            0  -0.00329664
 9.38934e-05   -0.0125254   0.00329664            0
EndNode2[0]<--->HoM1[0]
REAL
   0.433376  -0.0131308 -0.00732892    0.344394
 -0.0131308    0.068564    0.023555  0.00604687
-0.00732892    0.023555   0.0827943  0.00287436
   0.344394  0.00604687  0.00287436    0.415265
IMAGINARY
          0 -0.00956394  0.00135894  -0.0114835
 0.00956394           0  -0.0252812  0.00817092
-0.00135894   0.0252812           0  0.00384602
  0.0114835 -0.00817092 -0.00384602           0
Repeater1[0]<--->EndNode1[0]
REAL
    0.41697  0.00203826 0.000933998     0.37646
 0.00203826   0.0945455   0.0326311 0.000933998
0.000933998   0.0326311   0.0618182 -0.00390626
    0.37646 0.000933998 -0.00390626    0.426667
IMAGINARY
           0  -0.00119035    0.0146316 -9.38934e-05
  0.00119035            0    0.0138302  -0.00329664
  -0.0146316   -0.0138302            0    0.0125254
 9.38934e-05   0.00329664   -0.0125254            0
Repeater1[0]<--->HoM1[0]
REAL
   0.433376 -0.00732892  -0.0131308    0.344394
-0.00732892   0.0827943    0.023555  0.00287436
 -0.0131308    0.023555    0.068564  0.00604687
   0.344394  0.00287436  0.00604687    0.415265
IMAGINARY
          0  0.00135894 -0.00956394  -0.0114835
-0.00135894           0   0.0252812  0.00384602
 0.00956394  -0.0252812           0  0.00817092
  0.0114835 -0.00384602 -0.00817092           0
EndNode1[0]<--->Repeater1[0]
REAL
  0.439678 0.00176752   0.006196   0.354196
0.00176752  0.0898123  0.0384743 -0.0140494
  0.006196  0.0384743  0.0656836 -0.0148565
  0.354196 -0.0140494 -0.0148565   0.404826
IMAGINARY
          0   -0.017149  0.00587467 -0.00723684
   0.017149           0  0.00723684 -0.00587467
-0.00587467 -0.00723684           0  0.00812841
 0.00723684  0.00587467 -0.00812841           0
EndNode2[0]<--->HoM1[0]
REAL
   0.416149  0.00673954 -0.00189396    0.353337
 0.00673954   0.0881988  0.00958714   0.0188652
-0.00189396  0.00958714    0.089441  0.00109336
   0.353337   0.0188652  0.00109336    0.406211
IMAGINARY
          0  -0.0197922   0.0186533 -0.00943657
  0.0197922           0 -0.00184163   0.0125967
 -0.0186533  0.00184163           0  -0.0171396
 0.00943657  -0.0125967   0.0171396           0
Repeater1[0]<--->EndNode1[0]
REAL
  0.439678   0.006196 0.00176752   0.354196
  0.006196  0.0656836  0.0384743 -0.0148565
0.00176752  0.0384743  0.0898123 -0.0140494
  0.354196 -0.0148565 -0.0140494   0.404826
IMAGINARY
          0  0.00587467   -0.017149 -0.00723684
-0.00587467           0 -0.00723684  0.00812841
   0.017149  0.00723684           0 -0.00587467
 0.00723684 -0.00812841  0.00587467           0
Repeater1[0]<--->HoM1[0]
REAL
   0.416149 -0.00189396  0.00673954    0.353337
-0.00189396    0.089441  0.00958714  0.00109336
 0.00673954  0.00958714   0.0881988   0.0188652
   0.353337  0.00109336   0.0188652    0.406211
IMAGINARY
          0   0.0186533  -0.0197922 -0.00943657
 -0.0186533           0  0.00184163  -0.0171396
  0.0197922 -0.00184163           0   0.0125967
 0.00943657   0.0171396  -0.0125967           0
EndNode1[0]<--->Repeater1[0]
REAL
  0.412451  0.0097913 0.00876949   0.361264
 0.0097913  0.0881971  0.0323806 0.00744323
0.00876949  0.0323806  0.0674449  0.0116095
  0.361264 0.00744323  0.0116095   0.431907
IMAGINARY
          0   0.0060942  0.00984147  -0.0172659
 -0.0060942           0 -0.00412447  0.00593522
-0.00984147  0.00412447           0  -0.0182301
  0.0172659 -0.00593522   0.0182301           0
EndNode2[0]<--->HoM1[0]
REAL
   0.427867 -0.00367178 -0.00647708    0.360009
-0.00367178   0.0900123    0.027719  -5.034e-05
-0.00647708    0.027719   0.0789149  -0.0132995
   0.360009  -5.034e-05  -0.0132995    0.403206
IMAGINARY
          0  0.00846612 -0.00712158 -0.00355248
-0.00846612           0  -0.0256304   0.0140052
 0.00712158   0.0256304           0    0.017191
 0.00355248  -0.0140052   -0.017191           0
Repeater1[0]<--->EndNode1[0]
REAL
  0.412451 0.00876949  0.0097913   0.361264
0.00876949  0.0674449  0.0323806  0.0116095
 0.0097913  0.0323806  0.0881971 0.00744323
  0.361264  0.0116095 0.00744323   0.431907
IMAGINARY
          0  0.00984147   0.0060942  -0.0172659
-0.00984147           0  0.00412447  -0.0182301
 -0.0060942 -0.00412447           0  0.00593522
  0.0172659   0.0182301 -0.00593522           0
Repeater1[0]<--->HoM1[0]
REAL
   0.427867 -0.00647708 -0.00367178    0.360009
-0.00647708   0.0789149    0.027719  -0.0132995
-0.00367178    0.027719   0.0900123  -5.034e-05
   0.360009  -0.0132995  -5.034e-05    0.403206
IMAGINARY
          0 -0.00712158  0.00846612 -0.00355248
 0.00712158           0   0.0256304    0.017191
-0.00846612  -0.0256304           0   0.0140052
 0.00355248   -0.017191  -0.0140052           0
EndNode1[0]<--->Repeater1[0]
REAL
   0.432258 -0.00272317 0.000248447    0.350976
-0.00272317   0.0670968    0.047161   0.0202484
0.000248447    0.047161    0.076129   0.0182511
   0.350976   0.0202484   0.0182511    0.424516
IMAGINARY
           0   -0.0170555    0.0267465    0.0306439
   0.0170555            0   0.00923336 -0.000860902
  -0.0267465  -0.00923336            0   -0.0197293
  -0.0306439  0.000860902    0.0197293            0
EndNode2[0]<--->HoM1[0]
REAL
  0.442133 0.00199446 -0.0152727   0.375322
0.00199446  0.0793238  0.0282629 -0.0249004
-0.0152727  0.0282629  0.0663199 -0.0347509
  0.375322 -0.0249004 -0.0347509   0.412224
IMAGINARY
          0 -0.00100125    0.025722   0.0136374
 0.00100125           0  0.00378195  -0.0146109
  -0.025722 -0.00378195           0  -0.0166458
 -0.0136374   0.0146109   0.0166458           0
Repeater1[0]<--->EndNode1[0]
REAL
   0.432258 0.000248447 -0.00272317    0.350976
0.000248447    0.076129    0.047161   0.0182511
-0.00272317    0.047161   0.0670968   0.0202484
   0.350976   0.0182511   0.0202484    0.424516
IMAGINARY
           0    0.0267465   -0.0170555    0.0306439
  -0.0267465            0  -0.00923336   -0.0197293
   0.0170555   0.00923336            0 -0.000860902
  -0.0306439    0.0197293  0.000860902            0
Repeater1[0]<--->HoM1[0]
REAL
  0.442133 -0.0152727 0.00199446   0.375322
-0.0152727  0.0663199  0.0282629 -0.0347509
0.00199446  0.0282629  0.0793238 -0.0249004
  0.375322 -0.0347509 -0.0249004   0.412224
IMAGINARY
          0    0.025722 -0.00100125   0.0136374
  -0.025722           0 -0.00378195  -0.0166458
 0.00100125  0.00378195           0  -0.0146109
 -0.0136374   0.0166458   0.0146109           0
EndNode1[0]<--->Repeater1[0]
REAL
   0.420844 -0.00608195  -0.0100797    0.368279
-0.00608195   0.0778364   0.0369703 -0.00464496
 -0.0100797   0.0369703    0.101583 -0.00608195
   0.368279 -0.00464496 -0.00608195    0.399736
IMAGINARY
           0  4.70765e-05   -0.0116126   0.00086418
-4.70765e-05            0    0.0219724   0.00419019
   0.0116126   -0.0219724            0     0.014123
 -0.00086418  -0.00419019    -0.014123            0
EndNode2[0]<--->HoM1[0]
REAL
   0.446053   0.0104354  0.00334723    0.355976
  0.0104354   0.0526316   0.0292245 -0.00680505
 0.00334723   0.0292245   0.0697368 -0.00697756
   0.355976 -0.00680505 -0.00697756    0.431579
IMAGINARY
          0 -0.00351757  0.00371892     0.01175
 0.00351757           0  0.00919243    0.019848
-0.00371892 -0.00919243           0   0.0105239
   -0.01175   -0.019848  -0.0105239           0
Repeater1[0]<--->EndNode1[0]
REAL
   0.420844  -0.0100797 -0.00608195    0.368279
 -0.0100797    0.101583   0.0369703 -0.00608195
-0.00608195   0.0369703   0.0778364 -0.00464496
   0.368279 -0.00608195 -0.00464496    0.399736
IMAGINARY
           0   -0.0116126  4.70765e-05   0.00086418
   0.0116126            0   -0.0219724     0.014123
-4.70765e-05    0.0219724            0   0.00419019
 -0.00086418    -0.014123  -0.00419019            0
Repeater1[0]<--->HoM1[0]
REAL
   0.446053  0.00334723   0.0104354    0.355976
 0.00334723   0.0697368   0.0292245 -0.00697756
  0.0104354   0.0292245   0.0526316 -0.00680505
   0.355976 -0.00697756 -0.00680505    0.431579
IMAGINARY
          0  0.00371892 -0.00351757     0.01175
-0.00371892           0 -0.00919243   0.0105239
 0.00351757  0.00919243           0    0.019848
   -0.01175  -0.0105239   -0.019848           0
EndNode1[0]<--->Repeater1[0]
REAL
  0.454545  0.0141865 0.00097617    0.37104
 0.0141865   0.087013  0.0217249  0.0429515
0.00097617  0.0217249  0.0753247  0.0181132
   0.37104  0.0429515  0.0181132   0.383117
IMAGINARY
          0   0.0191863  0.00857406  -0.0183172
 -0.0191863           0  -0.0295755  -0.0116874
-0.00857406   0.0295755           0  0.00758833
  0.0183172   0.0116874 -0.00758833           0
EndNode2[0]<--->HoM1[0]
REAL
   0.423969 -0.00264336 0.000388438    0.368674
-0.00264336   0.0850515   0.0207864  -0.0145273
0.000388438   0.0207864   0.0902062 -0.00892477
   0.368674  -0.0145273 -0.00892477    0.400773
IMAGINARY
          0  -0.0131579 -0.00285565  -0.0182338
  0.0131579           0  -0.0195496  -0.0112289
 0.00285565   0.0195496           0   0.0131579
  0.0182338   0.0112289  -0.0131579           0
Repeater1[0]<--->EndNode1[0]
REAL
  0.454545 0.00097617  0.0141865    0.37104
0.00097617  0.0753247  0.0217249  0.0181132
 0.0141865  0.0217249   0.087013  0.0429515
   0.37104  0.0181132  0.0429515   0.383117
IMAGINARY
          0  0.00857406   0.0191863  -0.0183172
-0.00857406           0   0.0295755  0.00758833
 -0.0191863  -0.0295755           0  -0.0116874
  0.0183172 -0.00758833   0.0116874           0
Repeater1[0]<--->HoM1[0]
REAL
   0.423969 0.000388438 -0.00264336    0.368674
0.000388438   0.0902062   0.0207864 -0.00892477
-0.00264336   0.0207864   0.0850515  -0.0145273
   0.368674 -0.00892477  -0.0145273    0.400773
IMAGINARY
          0 -0.00285565  -0.0131579  -0.0182338
 0.00285565           0   0.0195496   0.0131579
  0.0131579  -0.0195496           0  -0.0112289
  0.0182338  -0.0131579   0.0112289           0
EndNode1[0]<--->Repeater1[0]
REAL
    0.44125  -0.0190837  -0.0298919    0.364019
 -0.0190837      0.0775   0.0349705  -0.0105121
 -0.0298919   0.0349705      0.0775 -0.00869408
   0.364019  -0.0105121 -0.00869408     0.40375
IMAGINARY
          0 -0.00642674 -0.00764926 -0.00252277
 0.00642674           0 -0.00434537   0.0115053
 0.00764926  0.00434537           0  0.00128535
 0.00252277  -0.0115053 -0.00128535           0
EndNode2[0]<--->HoM1[0]
REAL
   0.414013   0.0131121 -0.00411325    0.352985
  0.0131121   0.0853503   0.0192377  0.00550214
-0.00411325   0.0192377   0.0815287  0.00772125
   0.352985  0.00550214  0.00772125    0.419108
IMAGINARY
          0 -0.00543811  -0.0015613   0.0110328
 0.00543811           0   0.0230126  0.00404269
  0.0015613  -0.0230126           0  -0.0119316
 -0.0110328 -0.00404269   0.0119316           0
Repeater1[0]<--->EndNode1[0]
REAL
    0.44125  -0.0298919  -0.0190837    0.364019
 -0.0298919      0.0775   0.0349705 -0.00869408
 -0.0190837   0.0349705      0.0775  -0.0105121
   0.364019 -0.00869408  -0.0105121     0.40375
IMAGINARY
          0 -0.00764926 -0.00642674 -0.00252277
 0.00764926           0  0.00434537  0.00128535
 0.00642674 -0.00434537           0   0.0115053
 0.00252277 -0.00128535  -0.0115053           0
Repeater1[0]<--->HoM1[0]
REAL
   0.414013 -0.00411325   0.0131121    0.352985
-0.00411325   0.0815287   0.0192377  0.00772125
  0.0131121   0.0192377   0.0853503  0.00550214
   0.352985  0.00772125  0.00550214    0.419108
IMAGINARY
          0  -0.0015613 -0.00543811   0.0110328
  0.0015613           0  -0.0230126  -0.0119316
 0.00543811   0.0230126           0  0.00404269
 -0.0110328   0.0119316 -0.00404269           0
EndNode1[0]<--->Repeater1[0]
REAL
   0.441892   0.0148677 -0.00315957    0.376087
  0.0148677   0.0594595   0.0157374 -0.00250081
-0.00315957   0.0157374   0.0743243  -0.0154967
   0.376087 -0.00250081  -0.0154967    0.424324
IMAGINARY
           0   -0.0074813    0.0040649  0.000196042
   0.0074813            0   -0.0155807   0.00341639
  -0.0040649    0.0155807            0   -0.0074813
-0.000196042  -0.00341639    0.0074813            0
EndNode2[0]<--->HoM1[0]
REAL
    0.45655  -0.0134614  -0.0138293     0.34376
 -0.0134614   0.0531777   0.0410963 -0.00431841
 -0.0138293   0.0410963   0.0869001 -0.00969255
    0.34376 -0.00431841 -0.00969255    0.403372
IMAGINARY
           0  -0.00582093   0.00698798   0.00131981
  0.00582093            0  0.000682864   0.00632921
 -0.00698798 -0.000682864            0    0.0179275
 -0.00131981  -0.00632921   -0.0179275            0
Repeater1[0]<--->EndNode1[0]
REAL
   0.441892 -0.00315957   0.0148677    0.376087
-0.00315957   0.0743243   0.0157374  -0.0154967
  0.0148677   0.0157374   0.0594595 -0.00250081
   0.376087  -0.0154967 -0.00250081    0.424324
IMAGINARY
           0    0.0040649   -0.0074813  0.000196042
  -0.0040649            0    0.0155807   -0.0074813
   0.0074813   -0.0155807            0   0.00341639
-0.000196042    0.0074813  -0.00341639            0
Repeater1[0]<--->HoM1[0]
REAL
    0.45655  -0.0138293  -0.0134614     0.34376
 -0.0138293   0.0869001   0.0410963 -0.00969255
 -0.0134614   0.0410963   0.0531777 -0.00431841
    0.34376 -0.00969255 -0.00431841    0.403372
IMAGINARY
           0   0.00698798  -0.00582093   0.00131981
 -0.00698798            0 -0.000682864    0.0179275
  0.00582093  0.000682864            0   0.00632921
 -0.00131981   -0.0179275  -0.00632921            0
EndNode1[0]<--->Repeater1[0]
REAL
  0.445264 -0.0156396   0.021425   0.351414
-0.0156396  0.0774908  0.0224483 -0.0324783
  0.021425  0.0224483  0.0725707 -0.0201211
  0.351414 -0.0324783 -0.0201211   0.404674
IMAGINARY
           0   0.00799489    -0.007667   -0.0121428
 -0.00799489            0 -0.000836227   0.00697735
    0.007667  0.000836227            0  0.000970626
   0.0121428  -0.00697735 -0.000970626            0
EndNode2[0]<--->HoM1[0]
REAL
   0.475508 -0.00849293   0.0266661    0.368786
-0.00849293   0.0585424   0.0429791  0.00764766
  0.0266661   0.0429791    0.078853   0.0428067
   0.368786  0.00764766   0.0428067    0.387097
IMAGINARY
          0  -0.0162979  0.00279869   0.0308111
  0.0162979           0    0.040245   0.0146207
-0.00279869   -0.040245           0 -0.00757307
 -0.0308111  -0.0146207  0.00757307           0
Repeater1[0]<--->EndNode1[0]
REAL
  0.445264   0.021425 -0.0156396   0.351414
  0.021425  0.0725707  0.0224483 -0.0201211
-0.0156396  0.0224483  0.0774908 -0.0324783
  0.351414 -0.0201211 -0.0324783   0.404674
IMAGINARY
           0    -0.007667   0.00799489   -0.0121428
    0.007667            0  0.000836227  0.000970626
 -0.00799489 -0.000836227            0   0.00697735
   0.0121428 -0.000970626  -0.00697735            0
Repeater1[0]<--->HoM1[0]
REAL
   0.475508   0.0266661 -0.00849293    0.368786
  0.0266661    0.078853   0.0429791   0.0428067
-0.00849293   0.0429791   0.0585424  0.00764766
   0.368786   0.0428067  0.00764766    0.387097
IMAGINARY
          0  0.00279869  -0.0162979   0.0308111
-0.00279869           0   -0.040245 -0.00757307
  0.0162979    0.040245           0   0.0146207
 -0.0308111  0.00757307  -0.0146207           0
EndNode1[0]<--->Repeater1[0]
REAL
   0.409439  0.00577918 -0.00213644    0.358963
 0.00577918   0.0790816   0.0302053   0.0109526
-0.00213644   0.0302053   0.0841837   0.0156314
   0.358963   0.0109526   0.0156314    0.427296
IMAGINARY
          0 -0.00739698  0.00301964  0.00871459
 0.00739698           0  0.00604792  -0.0141308
-0.00301964 -0.00604792           0 -0.00109975
-0.00871459   0.0141308  0.00109975           0
EndNode2[0]<--->HoM1[0]
REAL
   0.418421  -0.0101441 -0.00893575    0.354141
 -0.0101441   0.0789474   0.0178908  0.00365871
-0.00893575   0.0178908   0.0763158 0.000909244
   0.354141  0.00365871 0.000909244    0.426316
IMAGINARY
          0 -0.00283369  0.00382653 -0.00457007
 0.00283369           0  -0.0172283 -0.00382653
-0.00382653   0.0172283           0 -0.00591631
 0.00457007  0.00382653  0.00591631           0
Repeater1[0]<--->EndNode1[0]
REAL
   0.409439 -0.00213644  0.00577918    0.358963
-0.00213644   0.0841837   0.0302053   0.0156314
 0.00577918   0.0302053   0.0790816   0.0109526
   0.358963   0.0156314   0.0109526    0.427296
IMAGINARY
          0  0.00301964 -0.00739698  0.00871459
-0.00301964           0 -0.00604792 -0.00109975
 0.00739698  0.00604792           0  -0.0141308
-0.00871459  0.00109975   0.0141308           0
Repeater1[0]<--->HoM1[0]
REAL
   0.418421 -0.00893575  -0.0101441    0.354141
-0.00893575   0.0763158   0.0178908 0.000909244
 -0.0101441   0.0178908   0.0789474  0.00365871
   0.354141 0.000909244  0.00365871    0.426316
IMAGINARY
          0  0.00382653 -0.00283369 -0.00457007
-0.00382653           0   0.0172283 -0.00591631
 0.00283369  -0.0172283           0 -0.00382653
 0.00457007  0.00591631  0.00382653           0
EndNode1[0]<--->Repeater1[0]
REAL
    0.419924    0.0114985   0.00196645     0.351956
   0.0114985    0.0781841    0.0252367  -0.00572585
  0.00196645    0.0252367    0.0794451 -0.000220277
    0.351956  -0.00572585 -0.000220277     0.422446
IMAGINARY
           0  -0.00733549  0.000108475    0.0166248
  0.00733549            0   -0.0166248  -0.00539948
-0.000108475    0.0166248            0    0.0298223
  -0.0166248   0.00539948   -0.0298223            0
EndNode2[0]<--->HoM1[0]
REAL
   0.427815 -0.00720904   0.0118272    0.352438
-0.00720904   0.0688742   0.0301289 -0.00577389
  0.0118272   0.0301289   0.0821192    0.014473
   0.352438 -0.00577389    0.014473    0.421192
IMAGINARY
          0   0.0104188 -0.00903414 -0.00221181
 -0.0104188           0 -0.00289023 -0.00588155
 0.00903414  0.00289023           0 -0.00198817
 0.00221181  0.00588155  0.00198817           0
Repeater1[0]<--->EndNode1[0]
REAL
    0.419924   0.00196645    0.0114985     0.351956
  0.00196645    0.0794451    0.0252367 -0.000220277
   0.0114985    0.0252367    0.0781841  -0.00572585
    0.351956 -0.000220277  -0.00572585     0.422446
IMAGINARY
           0  0.000108475  -0.00733549    0.0166248
-0.000108475            0    0.0166248    0.0298223
  0.00733549   -0.0166248            0  -0.00539948
  -0.0166248   -0.0298223   0.00539948            0
Repeater1[0]<--->HoM1[0]
REAL
   0.427815   0.0118272 -0.00720904    0.352438
  0.0118272   0.0821192   0.0301289    0.014473
-0.00720904   0.0301289   0.0688742 -0.00577389
   0.352438    0.014473 -0.00577389    0.421192
IMAGINARY
          0 -0.00903414   0.0104188 -0.00221181
 0.00903414           0  0.00289023 -0.00198817
 -0.0104188 -0.00289023           0 -0.00588155
 0.00221181  0.00198817  0.00588155           0
EndNode1[0]<--->Repeater1[0]
REAL
  0.431877 0.00904121  0.0314034   0.366963
0.00904121  0.0809769  0.0250611  0.0109279
 0.0314034  0.0250611  0.0706941  0.0308361
  0.366963  0.0109279  0.0308361   0.416452
IMAGINARY
          0 -0.00196023 -0.00979601  -0.0166385
 0.00196023           0  0.00680889 -0.00305746
 0.00979601 -0.00680889           0  -0.0044665
  0.0166385  0.00305746   0.0044665           0
EndNode2[0]<--->HoM1[0]
REAL
   0.411458 -0.00879183  -0.0064748    0.351449
-0.00879183   0.0716146   0.0220528 -0.00218032
 -0.0064748   0.0220528   0.0898438   0.0121207
   0.351449 -0.00218032   0.0121207    0.427083
IMAGINARY
           0    0.0157357  -0.00099628     0.013862
  -0.0157357            0   -0.0078217  -0.00162839
  0.00099628    0.0078217            0  1.23805e-05
   -0.013862   0.00162839 -1.23805e-05            0
Repeater1[0]<--->EndNode1[0]
REAL
  0.431877  0.0314034 0.00904121   0.366963
 0.0314034  0.0706941  0.0250611  0.0308361
0.00904121  0.0250611  0.0809769  0.0109279
  0.366963  0.0308361  0.0109279   0.416452
IMAGINARY
          0 -0.00979601 -0.00196023  -0.0166385
 0.00979601           0 -0.00680889  -0.0044665
 0.00196023  0.00680889           0 -0.00305746
  0.0166385   0.0044665  0.00305746           0
Repeater1[0]<--->HoM1[0]
REAL
   0.411458  -0.0064748 -0.00879183    0.351449
 -0.0064748   0.0898438   0.0220528   0.0121207
-0.00879183   0.0220528   0.0716146 -0.00218032
   0.351449   0.0121207 -0.00218032    0.427083
IMAGINARY
           0  -0.00099628    0.0157357     0.013862
  0.00099628            0    0.0078217  1.23805e-05
  -0.0157357   -0.0078217            0  -0.00162839
   -0.013862 -1.23805e-05   0.00162839            0
EndNode1[0]<--->Repeater1[0]
REAL
    0.399748    0.0301551 -0.000662598      0.34977
   0.0301551    0.0882724    0.0340139    0.0141761
-0.000662598    0.0340139    0.0895334    0.0130881
     0.34977    0.0141761    0.0130881     0.422446
IMAGINARY
           0    0.0140813  -0.00595156  -0.00461807
  -0.0140813            0     0.011197    0.0129401
  0.00595156    -0.011197            0  0.000531158
  0.00461807   -0.0129401 -0.000531158            0
EndNode2[0]<--->HoM1[0]
REAL
  0.409207  0.0171733  0.0104132   0.346884
 0.0171733  0.0895141  0.0380607 -0.0110252
 0.0104132  0.0380607  0.0971867 -0.0202332
  0.346884 -0.0110252 -0.0202332   0.404092
IMAGINARY
           0   0.00024246    0.0170335   -0.0396672
 -0.00024246            0  -0.00150929  0.000346205
  -0.0170335   0.00150929            0   -0.0136114
   0.0396672 -0.000346205    0.0136114            0
Repeater1[0]<--->EndNode1[0]
REAL
    0.399748 -0.000662598    0.0301551      0.34977
-0.000662598    0.0895334    0.0340139    0.0130881
   0.0301551    0.0340139    0.0882724    0.0141761
     0.34977    0.0130881    0.0141761     0.422446
IMAGINARY
           0  -0.00595156    0.0140813  -0.00461807
  0.00595156            0    -0.011197  0.000531158
  -0.0140813     0.011197            0    0.0129401
  0.00461807 -0.000531158   -0.0129401            0
Repeater1[0]<--->HoM1[0]
REAL
  0.409207  0.0104132  0.0171733   0.346884
 0.0104132  0.0971867  0.0380607 -0.0202332
 0.0171733  0.0380607  0.0895141 -0.0110252
  0.346884 -0.0202332 -0.0110252   0.404092
IMAGINARY
           0    0.0170335   0.00024246   -0.0396672
  -0.0170335            0   0.00150929   -0.0136114
 -0.00024246  -0.00150929            0  0.000346205
   0.0396672    0.0136114 -0.000346205            0
EndNode1[0]<--->Repeater1[0]
REAL
  0.422078  0.0202806 0.00440287   0.353085
 0.0202806  0.0779221  0.0217451 0.00308012
0.00440287  0.0217451  0.0805195    0.00625
  0.353085 0.00308012    0.00625   0.419481
IMAGINARY
          0  0.00636014  0.00570787  0.00139468
-0.00636014           0 -0.00792209  0.00505768
-0.00570787  0.00792209           0  -0.0135372
-0.00139468 -0.00505768   0.0135372           0
EndNode2[0]<--->HoM1[0]
REAL
    0.430488   -0.0145823   -0.0062473     0.359575
  -0.0145823    0.0780488    0.0253918  -0.00878538
  -0.0062473    0.0253918    0.0682927 -0.000450391
    0.359575  -0.00878538 -0.000450391     0.423171
IMAGINARY
          0  0.00127165  -0.0178226 -0.00544918
-0.00127165           0   0.0123173 -0.00131005
  0.0178226  -0.0123173           0    0.012759
 0.00544918  0.00131005   -0.012759           0
Repeater1[0]<--->EndNode1[0]
REAL
  0.422078 0.00440287  0.0202806   0.353085
0.00440287  0.0805195  0.0217451    0.00625
 0.0202806  0.0217451  0.0779221 0.00308012
  0.353085    0.00625 0.00308012   0.419481
IMAGINARY
          0  0.00570787  0.00636014  0.00139468
-0.00570787           0  0.00792209  -0.0135372
-0.00636014 -0.00792209           0  0.00505768
-0.00139468   0.0135372 -0.00505768           0
Repeater1[0]<--->HoM1[0]
REAL
    0.430488   -0.0062473   -0.0145823     0.359575
  -0.0062473    0.0682927    0.0253918 -0.000450391
  -0.0145823    0.0253918    0.0780488  -0.00878538
    0.359575 -0.000450391  -0.00878538     0.423171
IMAGINARY
          0  -0.0178226  0.00127165 -0.00544918
  0.0178226           0  -0.0123173    0.012759
-0.00127165   0.0123173           0 -0.00131005
 0.00544918   -0.012759  0.00131005           0
EndNode1[0]<--->Repeater1[0]
REAL
    0.42698 -0.00686973 -0.00580956    0.360651
-0.00686973   0.0866337   0.0292336 -0.00891515
-0.00580956   0.0292336   0.0804455  -0.0180983
   0.360651 -0.00891515  -0.0180983    0.405941
IMAGINARY
           0  -0.00962327     0.011124    0.0117934
  0.00962327            0    0.0131057 -0.000268361
   -0.011124   -0.0131057            0  -0.00378669
  -0.0117934  0.000268361   0.00378669            0
EndNode2[0]<--->HoM1[0]
REAL
