EndNode1[0]<--->Repeater1[0]
REAL
  0.373698 -0.0242799 0.00526443   0.357194
-0.0242799   0.104167  0.0597917 -0.0301686
0.00526443  0.0597917   0.109375 0.00320706
  0.357194 -0.0301686 0.00320706    0.41276
IMAGINARY
           0   0.00927128 -0.000589102  -0.00488468
 -0.00927128            0     0.014248    0.0148748
 0.000589102    -0.014248            0    -0.023557
  0.00488468   -0.0148748     0.023557            0
EndNode2[0]<--->HoM1[0]
REAL
    0.397698   -0.0108942  -0.00290303     0.354873
  -0.0108942     0.108696    0.0781229 -0.000257527
 -0.00290303    0.0781229     0.116368  -0.00111588
    0.354873 -0.000257527  -0.00111588     0.377238
IMAGINARY
         0  -0.010304  0.0108447   0.016867
  0.010304          0  -0.010875 -0.0115052
-0.0108447   0.010875          0  0.0254955
 -0.016867  0.0115052 -0.0254955          0
Repeater1[0]<--->EndNode1[0]
REAL
  0.373698 0.00526443 -0.0242799   0.357194
0.00526443   0.109375  0.0597917 0.00320706
-0.0242799  0.0597917   0.104167 -0.0301686
  0.357194 0.00320706 -0.0301686    0.41276
IMAGINARY
           0 -0.000589102   0.00927128  -0.00488468
 0.000589102            0    -0.014248    -0.023557
 -0.00927128     0.014248            0    0.0148748
  0.00488468     0.023557   -0.0148748            0
Repeater1[0]<--->HoM1[0]
REAL
    0.397698  -0.00290303   -0.0108942     0.354873
 -0.00290303     0.116368    0.0781229  -0.00111588
  -0.0108942    0.0781229     0.108696 -0.000257527
    0.354873  -0.00111588 -0.000257527     0.377238
IMAGINARY
         0  0.0108447  -0.010304   0.016867
-0.0108447          0   0.010875  0.0254955
  0.010304  -0.010875          0 -0.0115052
 -0.016867 -0.0254955  0.0115052          0
EndNode1[0]<--->Repeater1[0]
REAL
   0.413838  -0.0240983  -0.0289779    0.338773
 -0.0240983    0.104439   0.0723946  -0.0192455
 -0.0289779   0.0723946   0.0939948 -0.00635852
   0.338773  -0.0192455 -0.00635852    0.387728
IMAGINARY
           0  -0.00736751    0.0158677   -0.0153068
  0.00736751            0   -0.0106833   0.00700004
  -0.0158677    0.0106833            0  0.000568996
   0.0153068  -0.00700004 -0.000568996            0
EndNode2[0]<--->HoM1[0]
REAL
   0.373832 -0.00239008 -0.00173882     0.36254
-0.00239008    0.110814   0.0727309  -0.0279838
-0.00173882   0.0727309   0.0974633  -0.0207275
    0.36254  -0.0279838  -0.0207275    0.417891
IMAGINARY
          0  -0.0171975  0.00282574   -0.027537
  0.0171975           0  -0.0190625 -0.00091491
-0.00282574   0.0190625           0   -0.011465
   0.027537  0.00091491    0.011465           0
Repeater1[0]<--->EndNode1[0]
REAL
   0.413838  -0.0289779  -0.0240983    0.338773
 -0.0289779   0.0939948   0.0723946 -0.00635852
 -0.0240983   0.0723946    0.104439  -0.0192455
   0.338773 -0.00635852  -0.0192455    0.387728
IMAGINARY
           0    0.0158677  -0.00736751   -0.0153068
  -0.0158677            0    0.0106833  0.000568996
  0.00736751   -0.0106833            0   0.00700004
   0.0153068 -0.000568996  -0.00700004            0
Repeater1[0]<--->HoM1[0]
REAL
   0.373832 -0.00173882 -0.00239008     0.36254
-0.00173882   0.0974633   0.0727309  -0.0207275
-0.00239008   0.0727309    0.110814  -0.0279838
    0.36254  -0.0207275  -0.0279838    0.417891
IMAGINARY
          0  0.00282574  -0.0171975   -0.027537
-0.00282574           0   0.0190625   -0.011465
  0.0171975  -0.0190625           0 -0.00091491
   0.027537    0.011465  0.00091491           0
EndNode1[0]<--->Repeater1[0]
REAL
   0.41761 -0.0119109  0.0168075    0.35131
-0.0119109  0.0867925  0.0663223  -0.027747
 0.0168075  0.0663223    0.10566 0.00869345
   0.35131  -0.027747 0.00869345   0.389937
IMAGINARY
           0 -0.000702569   -0.0182241    0.0249032
 0.000702569            0  -0.00869368   0.00295691
   0.0182241   0.00869368            0   0.00451936
  -0.0249032  -0.00295691  -0.00451936            0
EndNode2[0]<--->HoM1[0]
REAL
    0.38862 -0.00983177  -0.0140186    0.349953
-0.00983177    0.135593   0.0646198   -0.019901
 -0.0140186   0.0646198    0.108959   0.0010378
   0.349953   -0.019901   0.0010378    0.366828
IMAGINARY
           0 -0.000390984     0.019875   0.00780663
 0.000390984            0    0.0116234    -0.023875
   -0.019875   -0.0116234            0  -0.00494235
 -0.00780663     0.023875   0.00494235            0
Repeater1[0]<--->EndNode1[0]
REAL
   0.41761  0.0168075 -0.0119109    0.35131
 0.0168075    0.10566  0.0663223 0.00869345
-0.0119109  0.0663223  0.0867925  -0.027747
   0.35131 0.00869345  -0.027747   0.389937
IMAGINARY
           0   -0.0182241 -0.000702569    0.0249032
   0.0182241            0   0.00869368   0.00451936
 0.000702569  -0.00869368            0   0.00295691
  -0.0249032  -0.00451936  -0.00295691            0
Repeater1[0]<--->HoM1[0]
REAL
    0.38862  -0.0140186 -0.00983177    0.349953
 -0.0140186    0.108959   0.0646198   0.0010378
-0.00983177   0.0646198    0.135593   -0.019901
   0.349953   0.0010378   -0.019901    0.366828
IMAGINARY
           0     0.019875 -0.000390984   0.00780663
   -0.019875            0   -0.0116234  -0.00494235
 0.000390984    0.0116234            0    -0.023875
 -0.00780663   0.00494235     0.023875            0
EndNode1[0]<--->Repeater1[0]
REAL
   0.397933 -0.00617154  -0.0260821    0.360078
-0.00617154   0.0917313   0.0660366  0.00633686
 -0.0260821   0.0660366    0.130491  -0.0110259
   0.360078  0.00633686  -0.0110259    0.379845
IMAGINARY
          0 -0.00332756  0.00937982  -0.0039453
 0.00332756           0  -0.0209166   0.0152316
-0.00937982   0.0209166           0  -0.0148072
  0.0039453  -0.0152316   0.0148072           0
EndNode2[0]<--->HoM1[0]
REAL
    0.383005   0.00547721   0.00853704      0.34774
  0.00547721    0.0997537    0.0765421    -0.011148
  0.00853704    0.0765421     0.126847 -0.000255276
     0.34774    -0.011148 -0.000255276     0.390394
IMAGINARY
          0  -0.0167418  -0.0151512  -0.0111054
  0.0167418           0  -0.0195579 -0.00301838
  0.0151512   0.0195579           0  -0.0135408
  0.0111054  0.00301838   0.0135408           0
Repeater1[0]<--->EndNode1[0]
REAL
   0.397933  -0.0260821 -0.00617154    0.360078
 -0.0260821    0.130491   0.0660366  -0.0110259
-0.00617154   0.0660366   0.0917313  0.00633686
   0.360078  -0.0110259  0.00633686    0.379845
IMAGINARY
          0  0.00937982 -0.00332756  -0.0039453
-0.00937982           0   0.0209166  -0.0148072
 0.00332756  -0.0209166           0   0.0152316
  0.0039453   0.0148072  -0.0152316           0
Repeater1[0]<--->HoM1[0]
REAL
    0.383005   0.00853704   0.00547721      0.34774
  0.00853704     0.126847    0.0765421 -0.000255276
  0.00547721    0.0765421    0.0997537    -0.011148
     0.34774 -0.000255276    -0.011148     0.390394
IMAGINARY
          0  -0.0151512  -0.0167418  -0.0111054
  0.0151512           0   0.0195579  -0.0135408
  0.0167418  -0.0195579           0 -0.00301838
  0.0111054   0.0135408  0.00301838           0
EndNode1[0]<--->Repeater1[0]
REAL
  0.375648 0.00473419 -0.0060359   0.344861
0.00473419   0.123057  0.0821277   0.017118
-0.0060359  0.0821277   0.103627 -0.0171201
  0.344861   0.017118 -0.0171201   0.397668
IMAGINARY
          0   0.0186667  -0.0293203    0.015158
 -0.0186667           0  0.00256353   0.0100656
  0.0293203 -0.00256353           0  -0.0105921
  -0.015158  -0.0100656   0.0105921           0
EndNode2[0]<--->HoM1[0]
REAL
   0.382038  0.00762906   0.0081548     0.35832
 0.00762906    0.119303   0.0578248 -0.00752902
  0.0081548   0.0578248   0.0938338  -0.0182674
    0.35832 -0.00752902  -0.0182674    0.404826
IMAGINARY
           0     0.013503   0.00183025    0.0100812
   -0.013503            0  -0.00343229   0.00374596
 -0.00183025   0.00343229            0 -0.000491879
  -0.0100812  -0.00374596  0.000491879            0
Repeater1[0]<--->EndNode1[0]
REAL
  0.375648 -0.0060359 0.00473419   0.344861
-0.0060359   0.103627  0.0821277 -0.0171201
0.00473419  0.0821277   0.123057   0.017118
  0.344861 -0.0171201   0.017118   0.397668
IMAGINARY
          0  -0.0293203   0.0186667    0.015158
  0.0293203           0 -0.00256353  -0.0105921
 -0.0186667  0.00256353           0   0.0100656
  -0.015158   0.0105921  -0.0100656           0
Repeater1[0]<--->HoM1[0]
REAL
   0.382038   0.0081548  0.00762906     0.35832
  0.0081548   0.0938338   0.0578248  -0.0182674
 0.00762906   0.0578248    0.119303 -0.00752902
    0.35832  -0.0182674 -0.00752902    0.404826
IMAGINARY
           0   0.00183025     0.013503    0.0100812
 -0.00183025            0   0.00343229 -0.000491879
   -0.013503  -0.00343229            0   0.00374596
  -0.0100812  0.000491879  -0.00374596            0
EndNode1[0]<--->Repeater1[0]
REAL
   0.391076 -0.00547157  0.00297153    0.343833
-0.00547157    0.128609   0.0935108 -0.00673093
 0.00297153   0.0935108    0.115486  -0.0108192
   0.343833 -0.00673093  -0.0108192    0.364829
IMAGINARY
           0   -0.0014625 -0.000503505    0.0108491
   0.0014625            0   0.00273429   0.00629501
 0.000503505  -0.00273429            0     0.013689
  -0.0108491  -0.00629501    -0.013689            0
EndNode2[0]<--->HoM1[0]
REAL
  0.416667  0.0130959   0.018559    0.35476
 0.0130959   0.113636  0.0714489 0.00306952
  0.018559  0.0714489   0.109848 0.00853263
   0.35476 0.00306952 0.00853263   0.359848
IMAGINARY
          0    0.025088   -0.021502  0.00615576
  -0.025088           0  0.00875993  -0.0249314
   0.021502 -0.00875993           0   0.0280749
-0.00615576   0.0249314  -0.0280749           0
Repeater1[0]<--->EndNode1[0]
REAL
   0.391076  0.00297153 -0.00547157    0.343833
 0.00297153    0.115486   0.0935108  -0.0108192
-0.00547157   0.0935108    0.128609 -0.00673093
   0.343833  -0.0108192 -0.00673093    0.364829
IMAGINARY
           0 -0.000503505   -0.0014625    0.0108491
 0.000503505            0  -0.00273429     0.013689
   0.0014625   0.00273429            0   0.00629501
  -0.0108491    -0.013689  -0.00629501            0
Repeater1[0]<--->HoM1[0]
REAL
  0.416667   0.018559  0.0130959    0.35476
  0.018559   0.109848  0.0714489 0.00853263
 0.0130959  0.0714489   0.113636 0.00306952
   0.35476 0.00853263 0.00306952   0.359848
IMAGINARY
          0   -0.021502    0.025088  0.00615576
   0.021502           0 -0.00875993   0.0280749
  -0.025088  0.00875993           0  -0.0249314
-0.00615576  -0.0280749   0.0249314           0
EndNode1[0]<--->Repeater1[0]
REAL
   0.369594   0.0116965  0.00302707    0.357407
  0.0116965    0.116645   0.0750609 -0.00692318
 0.00302707   0.0750609    0.102228 -0.00780038
   0.357407 -0.00692318 -0.00780038    0.411533
IMAGINARY
           0  -0.00390303   0.00466936   -0.0114311
  0.00390303            0  0.000987218   0.00198119
 -0.00466936 -0.000987218            0    0.0117628
   0.0114311  -0.00198119   -0.0117628            0
EndNode2[0]<--->HoM1[0]
REAL
  0.395031  0.0336824 0.00150911    0.34247
 0.0336824   0.130435  0.0776869    0.02336
0.00150911  0.0776869   0.109317 0.00034904
   0.34247    0.02336 0.00034904   0.365217
IMAGINARY
           0   0.00550064   0.00521508  0.000713245
 -0.00550064            0  -0.00665776    -0.024269
 -0.00521508   0.00665776            0    0.0122392
-0.000713245     0.024269   -0.0122392            0
Repeater1[0]<--->EndNode1[0]
REAL
   0.369594  0.00302707   0.0116965    0.357407
 0.00302707    0.102228   0.0750609 -0.00780038
  0.0116965   0.0750609    0.116645 -0.00692318
   0.357407 -0.00780038 -0.00692318    0.411533
IMAGINARY
           0   0.00466936  -0.00390303   -0.0114311
 -0.00466936            0 -0.000987218    0.0117628
  0.00390303  0.000987218            0   0.00198119
   0.0114311   -0.0117628  -0.00198119            0
Repeater1[0]<--->HoM1[0]
REAL
  0.395031 0.00150911  0.0336824    0.34247
0.00150911   0.109317  0.0776869 0.00034904
 0.0336824  0.0776869   0.130435    0.02336
   0.34247 0.00034904    0.02336   0.365217
IMAGINARY
           0   0.00521508   0.00550064  0.000713245
 -0.00521508            0   0.00665776    0.0122392
 -0.00550064  -0.00665776            0    -0.024269
-0.000713245   -0.0122392     0.024269            0
EndNode1[0]<--->Repeater1[0]
REAL
   0.423707  -0.0178103 -0.00421703    0.339633
 -0.0178103   0.0882724   0.0514431 -0.00103232
-0.00421703   0.0514431    0.114754  0.00599925
   0.339633 -0.00103232  0.00599925    0.373266
IMAGINARY
           0   0.00932147    0.0101374  -0.00614749
 -0.00932147            0  -0.00551054  0.000774065
  -0.0101374   0.00551054            0    0.0118595
  0.00614749 -0.000774065   -0.0118595            0
EndNode2[0]<--->HoM1[0]
REAL
  0.411921 -0.0173988 -0.0076418   0.355748
-0.0173988  0.0966887  0.0583457 0.00697066
-0.0076418  0.0583457   0.115232 0.00598936
  0.355748 0.00697066 0.00598936   0.376159
IMAGINARY
           0 -0.000702989   0.00609951  -0.00864209
 0.000702989            0  -0.00355303    0.0042901
 -0.00609951   0.00355303            0      0.01369
  0.00864209   -0.0042901     -0.01369            0
Repeater1[0]<--->EndNode1[0]
REAL
   0.423707 -0.00421703  -0.0178103    0.339633
-0.00421703    0.114754   0.0514431  0.00599925
 -0.0178103   0.0514431   0.0882724 -0.00103232
   0.339633  0.00599925 -0.00103232    0.373266
IMAGINARY
           0    0.0101374   0.00932147  -0.00614749
  -0.0101374            0   0.00551054    0.0118595
 -0.00932147  -0.00551054            0  0.000774065
  0.00614749   -0.0118595 -0.000774065            0
Repeater1[0]<--->HoM1[0]
REAL
  0.411921 -0.0076418 -0.0173988   0.355748
-0.0076418   0.115232  0.0583457 0.00598936
-0.0173988  0.0583457  0.0966887 0.00697066
  0.355748 0.00598936 0.00697066   0.376159
IMAGINARY
           0   0.00609951 -0.000702989  -0.00864209
 -0.00609951            0   0.00355303      0.01369
 0.000702989  -0.00355303            0    0.0042901
  0.00864209     -0.01369   -0.0042901            0
EndNode1[0]<--->Repeater1[0]
REAL
  0.383706 0.00373563 0.00341803   0.352621
0.00373563   0.114323  0.0668163 0.00809092
0.00341803  0.0668163   0.105125  0.0116096
  0.352621 0.00809092  0.0116096   0.396846
IMAGINARY
           0   0.00982256 -0.000316857    0.0239378
 -0.00982256            0   0.00532424 -0.000316857
 0.000316857  -0.00532424            0   0.00982256
  -0.0239378  0.000316857  -0.00982256            0
EndNode2[0]<--->HoM1[0]
REAL
  0.376963 -0.0119909  -0.022998   0.360001
-0.0119909   0.133508  0.0618355  0.0019062
 -0.022998  0.0618355   0.132199 0.00206533
  0.360001  0.0019062 0.00206533    0.35733
IMAGINARY
           0     0.006905  -0.00771772   -0.0134195
   -0.006905            0  0.000296176    0.0149261
  0.00771772 -0.000296176            0     0.001614
   0.0134195   -0.0149261    -0.001614            0
Repeater1[0]<--->EndNode1[0]
REAL
  0.383706 0.00341803 0.00373563   0.352621
0.00341803   0.105125  0.0668163  0.0116096
0.00373563  0.0668163   0.114323 0.00809092
  0.352621  0.0116096 0.00809092   0.396846
IMAGINARY
           0 -0.000316857   0.00982256    0.0239378
 0.000316857            0  -0.00532424   0.00982256
 -0.00982256   0.00532424            0 -0.000316857
  -0.0239378  -0.00982256  0.000316857            0
Repeater1[0]<--->HoM1[0]
REAL
  0.376963  -0.022998 -0.0119909   0.360001
 -0.022998   0.132199  0.0618355 0.00206533
-0.0119909  0.0618355   0.133508  0.0019062
  0.360001 0.00206533  0.0019062    0.35733
IMAGINARY
           0  -0.00771772     0.006905   -0.0134195
  0.00771772            0 -0.000296176     0.001614
   -0.006905  0.000296176            0    0.0149261
   0.0134195    -0.001614   -0.0149261            0
EndNode1[0]<--->Repeater1[0]
REAL
   0.402174  0.00746269 -0.00496569    0.341338
 0.00746269    0.108696   0.0687888    -0.01149
-0.00496569   0.0687888    0.127717 -0.00746269
   0.341338    -0.01149 -0.00746269    0.361413
IMAGINARY
           0   -0.0317007   0.00959868   0.00459329
   0.0317007            0    0.0123452   0.00151243
 -0.00959868   -0.0123452            0 -0.000325488
 -0.00459329  -0.00151243  0.000325488            0
EndNode2[0]<--->HoM1[0]
REAL
   0.37468 0.00619342  0.0166048   0.336917
0.00619342   0.108696  0.0942051  0.0140074
 0.0166048  0.0942051   0.139386  0.0193168
  0.336917  0.0140074  0.0193168   0.377238
IMAGINARY
          0  0.00340328  0.00243209 -0.00504608
-0.00340328           0   0.0230585   0.0159456
-0.00243209  -0.0230585           0 -0.00276956
 0.00504608  -0.0159456  0.00276956           0
Repeater1[0]<--->EndNode1[0]
REAL
   0.402174 -0.00496569  0.00746269    0.341338
-0.00496569    0.127717   0.0687888 -0.00746269
 0.00746269   0.0687888    0.108696    -0.01149
   0.341338 -0.00746269    -0.01149    0.361413
IMAGINARY
           0   0.00959868   -0.0317007   0.00459329
 -0.00959868            0   -0.0123452 -0.000325488
   0.0317007    0.0123452            0   0.00151243
 -0.00459329  0.000325488  -0.00151243            0
Repeater1[0]<--->HoM1[0]
REAL
   0.37468  0.0166048 0.00619342   0.336917
 0.0166048   0.139386  0.0942051  0.0193168
0.00619342  0.0942051   0.108696  0.0140074
  0.336917  0.0193168  0.0140074   0.377238
IMAGINARY
          0  0.00243209  0.00340328 -0.00504608
-0.00243209           0  -0.0230585 -0.00276956
-0.00340328   0.0230585           0   0.0159456
 0.00504608  0.00276956  -0.0159456           0
EndNode1[0]<--->Repeater1[0]
REAL
   0.396999  0.00659343  -0.0118847    0.351403
 0.00659343    0.117326   0.0677622   0.0112328
 -0.0118847   0.0677622   0.0968622 -0.00724532
   0.351403   0.0112328 -0.00724532    0.388813
IMAGINARY
          0   -0.005828  0.00890891  0.00652888
   0.005828           0   0.0116309     0.01088
-0.00890891  -0.0116309           0   -0.019238
-0.00652888    -0.01088    0.019238           0
EndNode2[0]<--->HoM1[0]
REAL
   0.377834   0.0015144  0.00885818    0.361873
  0.0015144    0.112091   0.0717819  0.00380768
 0.00885818   0.0717819    0.109572 -0.00935517
   0.361873  0.00380768 -0.00935517    0.400504
IMAGINARY
          0   0.0065189   0.0197419  0.00813007
 -0.0065189           0   0.0185197 -0.00865972
 -0.0197419  -0.0185197           0    0.017601
-0.00813007  0.00865972   -0.017601           0
Repeater1[0]<--->EndNode1[0]
REAL
   0.396999  -0.0118847  0.00659343    0.351403
 -0.0118847   0.0968622   0.0677622 -0.00724532
 0.00659343   0.0677622    0.117326   0.0112328
   0.351403 -0.00724532   0.0112328    0.388813
IMAGINARY
          0  0.00890891   -0.005828  0.00652888
-0.00890891           0  -0.0116309   -0.019238
   0.005828   0.0116309           0     0.01088
-0.00652888    0.019238    -0.01088           0
Repeater1[0]<--->HoM1[0]
REAL
   0.377834  0.00885818   0.0015144    0.361873
 0.00885818    0.109572   0.0717819 -0.00935517
  0.0015144   0.0717819    0.112091  0.00380768
   0.361873 -0.00935517  0.00380768    0.400504
IMAGINARY
          0   0.0197419   0.0065189  0.00813007
 -0.0197419           0  -0.0185197    0.017601
 -0.0065189   0.0185197           0 -0.00865972
-0.00813007   -0.017601  0.00865972           0
EndNode1[0]<--->Repeater1[0]
REAL
  0.417892 0.00489843 -0.0147066   0.356996
0.00489843  0.0992647  0.0777579 -0.0325637
-0.0147066  0.0777579   0.116422 -0.0375216
  0.356996 -0.0325637 -0.0375216   0.366422
IMAGINARY
          0 -0.00361453  0.00189394  0.00740936
 0.00361453           0  -0.0153459 -0.00649315
-0.00189394   0.0153459           0 -0.00492686
-0.00740936  0.00649315  0.00492686           0
EndNode2[0]<--->HoM1[0]
REAL
   0.385109 -0.00386244 -0.00738819    0.341978
-0.00386244    0.114249   0.0785513  0.00142793
-0.00738819   0.0785513    0.111682  0.00055118
   0.341978  0.00142793  0.00055118     0.38896
IMAGINARY
          0  -0.0211296 -0.00745038 -0.00099517
  0.0211296           0 -0.00037095   0.0215169
 0.00745038  0.00037095           0  -0.0172335
 0.00099517  -0.0215169   0.0172335           0
Repeater1[0]<--->EndNode1[0]
REAL
  0.417892 -0.0147066 0.00489843   0.356996
-0.0147066   0.116422  0.0777579 -0.0375216
0.00489843  0.0777579  0.0992647 -0.0325637
  0.356996 -0.0375216 -0.0325637   0.366422
IMAGINARY
          0  0.00189394 -0.00361453  0.00740936
-0.00189394           0   0.0153459 -0.00492686
 0.00361453  -0.0153459           0 -0.00649315
-0.00740936  0.00492686  0.00649315           0
Repeater1[0]<--->HoM1[0]
REAL
   0.385109 -0.00738819 -0.00386244    0.341978
-0.00738819    0.111682   0.0785513  0.00055118
-0.00386244   0.0785513    0.114249  0.00142793
   0.341978  0.00055118  0.00142793     0.38896
IMAGINARY
          0 -0.00745038  -0.0211296 -0.00099517
 0.00745038           0  0.00037095  -0.0172335
  0.0211296 -0.00037095           0   0.0215169
 0.00099517   0.0172335  -0.0215169           0
EndNode1[0]<--->Repeater1[0]
REAL
    0.3925  0.0203468 0.00499788   0.344792
 0.0203468    0.11625  0.0762274  0.0236645
0.00499788  0.0762274     0.1125  0.0134111
  0.344792  0.0236645  0.0134111    0.37875
IMAGINARY
          0  -0.0210255   0.0133851  0.00474528
  0.0210255           0  -0.0115946  0.00889214
 -0.0133851   0.0115946           0  -0.0222913
-0.00474528 -0.00889214   0.0222913           0
EndNode2[0]<--->HoM1[0]
REAL
   0.405405   0.0130642  0.00681511    0.351188
  0.0130642     0.11583   0.0715058 -0.00806199
 0.00681511   0.0715058    0.119691 -0.00682974
   0.351188 -0.00806199 -0.00682974    0.359073
IMAGINARY
          0  0.00699549  0.00657637 -0.00974213
-0.00699549           0   0.0013981 -0.00963634
-0.00657637  -0.0013981           0  0.00830439
 0.00974213  0.00963634 -0.00830439           0
Repeater1[0]<--->EndNode1[0]
REAL
    0.3925 0.00499788  0.0203468   0.344792
0.00499788     0.1125  0.0762274  0.0134111
 0.0203468  0.0762274    0.11625  0.0236645
  0.344792  0.0134111  0.0236645    0.37875
IMAGINARY
          0   0.0133851  -0.0210255  0.00474528
 -0.0133851           0   0.0115946  -0.0222913
  0.0210255  -0.0115946           0  0.00889214
-0.00474528   0.0222913 -0.00889214           0
Repeater1[0]<--->HoM1[0]
REAL
   0.405405  0.00681511   0.0130642    0.351188
 0.00681511    0.119691   0.0715058 -0.00682974
  0.0130642   0.0715058     0.11583 -0.00806199
   0.351188 -0.00682974 -0.00806199    0.359073
IMAGINARY
          0  0.00657637  0.00699549 -0.00974213
-0.00657637           0  -0.0013981  0.00830439
-0.00699549   0.0013981           0 -0.00963634
 0.00974213 -0.00830439  0.00963634           0
EndNode1[0]<--->Repeater1[0]
REAL
  0.383166  0.0101632  0.0158619   0.345191
 0.0101632   0.109296  0.0573123 -0.0178382
 0.0158619  0.0573123   0.119347 -0.0147745
  0.345191 -0.0178382 -0.0147745   0.388191
IMAGINARY
          0  -0.0298231   0.0107468 -0.00722153
  0.0298231           0   0.0097596  0.00692999
 -0.0107468  -0.0097596           0   0.0171968
 0.00722153 -0.00692999  -0.0171968           0
EndNode2[0]<--->HoM1[0]
REAL
   0.39816 0.00181604  0.0163551   0.356269
0.00181604  0.0959264  0.0814697 -0.0106372
 0.0163551  0.0814697  0.0998686 0.00771382
  0.356269 -0.0106372 0.00771382   0.406045
IMAGINARY
           0  0.000833675  -0.00810636    0.0194983
-0.000833675            0  -0.00320106   0.00810636
  0.00810636   0.00320106            0   0.00452826
  -0.0194983  -0.00810636  -0.00452826            0
Repeater1[0]<--->EndNode1[0]
REAL
  0.383166  0.0158619  0.0101632   0.345191
 0.0158619   0.119347  0.0573123 -0.0147745
 0.0101632  0.0573123   0.109296 -0.0178382
  0.345191 -0.0147745 -0.0178382   0.388191
IMAGINARY
          0   0.0107468  -0.0298231 -0.00722153
 -0.0107468           0  -0.0097596   0.0171968
  0.0298231   0.0097596           0  0.00692999
 0.00722153  -0.0171968 -0.00692999           0
Repeater1[0]<--->HoM1[0]
REAL
   0.39816  0.0163551 0.00181604   0.356269
 0.0163551  0.0998686  0.0814697 0.00771382
0.00181604  0.0814697  0.0959264 -0.0106372
  0.356269 0.00771382 -0.0106372   0.406045
IMAGINARY
           0  -0.00810636  0.000833675    0.0194983
  0.00810636            0   0.00320106   0.00452826
-0.000833675  -0.00320106            0   0.00810636
  -0.0194983  -0.00452826  -0.00810636            0
EndNode1[0]<--->Repeater1[0]
REAL
   0.402632 -0.00908638  0.00774685    0.344169
-0.00908638   0.0986842   0.0808632 -0.00838218
 0.00774685   0.0808632       0.125  0.00463911
   0.344169 -0.00838218  0.00463911    0.373684
IMAGINARY
          0   -0.011174  -0.0107215  0.00925949
   0.011174           0  0.00281166  0.00651985
  0.0107215 -0.00281166           0   0.0167763
-0.00925949 -0.00651985  -0.0167763           0
EndNode2[0]<--->HoM1[0]
REAL
  0.381258 0.00643163  0.0130858   0.359903
0.00643163   0.110398  0.0544205 -0.0110778
 0.0130858  0.0544205   0.109114 0.00896328
  0.359903 -0.0110778 0.00896328    0.39923
IMAGINARY
          0  0.00311213  0.00588128 -0.00857607
-0.00311213           0 -0.00730703  -0.0137142
-0.00588128  0.00730703           0 -0.00963955
 0.00857607   0.0137142  0.00963955           0
Repeater1[0]<--->EndNode1[0]
REAL
   0.402632  0.00774685 -0.00908638    0.344169
 0.00774685       0.125   0.0808632  0.00463911
-0.00908638   0.0808632   0.0986842 -0.00838218
   0.344169  0.00463911 -0.00838218    0.373684
IMAGINARY
          0  -0.0107215   -0.011174  0.00925949
  0.0107215           0 -0.00281166   0.0167763
   0.011174  0.00281166           0  0.00651985
-0.00925949  -0.0167763 -0.00651985           0
Repeater1[0]<--->HoM1[0]
REAL
  0.381258  0.0130858 0.00643163   0.359903
 0.0130858   0.109114  0.0544205 0.00896328
0.00643163  0.0544205   0.110398 -0.0110778
  0.359903 0.00896328 -0.0110778    0.39923
IMAGINARY
          0  0.00588128  0.00311213 -0.00857607
-0.00588128           0  0.00730703 -0.00963955
-0.00311213 -0.00730703           0  -0.0137142
 0.00857607  0.00963955   0.0137142           0
EndNode1[0]<--->Repeater1[0]
REAL
   0.387755   -0.012888 -0.00585106    0.347873
  -0.012888    0.107143   0.0764445 -0.00779658
-0.00585106   0.0764445    0.105867 0.000481018
   0.347873 -0.00779658 0.000481018    0.399235
IMAGINARY
          0  0.00564529  -0.0103467  0.00666011
-0.00564529           0 -0.00484192 -0.00766573
  0.0103467  0.00484192           0   0.0198205
-0.00666011  0.00766573  -0.0198205           0
EndNode2[0]<--->HoM1[0]
REAL
   0.417143 -0.00587055 -0.00831472    0.339448
-0.00587055    0.105714   0.0750501  0.00769514
-0.00831472   0.0750501    0.127143  -0.0108581
   0.339448  0.00769514  -0.0108581        0.35
IMAGINARY
          0   0.0207528  -0.0240663  -0.0100119
 -0.0207528           0  -0.0145164  -0.0165096
  0.0240663   0.0145164           0  0.00673411
  0.0100119   0.0165096 -0.00673411           0
Repeater1[0]<--->EndNode1[0]
REAL
   0.387755 -0.00585106   -0.012888    0.347873
-0.00585106    0.105867   0.0764445 0.000481018
  -0.012888   0.0764445    0.107143 -0.00779658
   0.347873 0.000481018 -0.00779658    0.399235
IMAGINARY
          0  -0.0103467  0.00564529  0.00666011
  0.0103467           0  0.00484192   0.0198205
-0.00564529 -0.00484192           0 -0.00766573
-0.00666011  -0.0198205  0.00766573           0
Repeater1[0]<--->HoM1[0]
REAL
   0.417143 -0.00831472 -0.00587055    0.339448
-0.00831472    0.127143   0.0750501  -0.0108581
-0.00587055   0.0750501    0.105714  0.00769514
   0.339448  -0.0108581  0.00769514        0.35
IMAGINARY
          0  -0.0240663   0.0207528  -0.0100119
  0.0240663           0   0.0145164  0.00673411
 -0.0207528  -0.0145164           0  -0.0165096
  0.0100119 -0.00673411   0.0165096           0
EndNode1[0]<--->Repeater1[0]
REAL
   0.417625   0.0196483   0.0140206    0.339927
  0.0196483    0.117497   0.0750727 -0.00402062
  0.0140206   0.0750727   0.0957854 -0.00464834
   0.339927 -0.00402062 -0.00464834    0.369093
IMAGINARY
           0    0.0176164  -0.00577317  -0.00484908
  -0.0176164            0 -0.000138449  -0.00244428
  0.00577317  0.000138449            0  -0.00181364
  0.00484908   0.00244428   0.00181364            0
EndNode2[0]<--->HoM1[0]
REAL
  0.371162 0.00555243 0.00713515   0.349437
0.00555243    0.11215  0.0761211 0.00775319
0.00713515  0.0761211   0.100134 0.00685452
  0.349437 0.00775319 0.00685452   0.416555
IMAGINARY
          0   0.0117734 -0.00995454  -0.0259998
 -0.0117734           0  0.00525017 -0.00429416
 0.00995454 -0.00525017           0    0.024496
  0.0259998  0.00429416   -0.024496           0
Repeater1[0]<--->EndNode1[0]
REAL
   0.417625   0.0140206   0.0196483    0.339927
  0.0140206   0.0957854   0.0750727 -0.00464834
  0.0196483   0.0750727    0.117497 -0.00402062
   0.339927 -0.00464834 -0.00402062    0.369093
IMAGINARY
           0  -0.00577317    0.0176164  -0.00484908
  0.00577317            0  0.000138449  -0.00181364
  -0.0176164 -0.000138449            0  -0.00244428
  0.00484908   0.00181364   0.00244428            0
Repeater1[0]<--->HoM1[0]
REAL
  0.371162 0.00713515 0.00555243   0.349437
0.00713515   0.100134  0.0761211 0.00685452
0.00555243  0.0761211    0.11215 0.00775319
  0.349437 0.00685452 0.00775319   0.416555
IMAGINARY
          0 -0.00995454   0.0117734  -0.0259998
 0.00995454           0 -0.00525017    0.024496
 -0.0117734  0.00525017           0 -0.00429416
  0.0259998   -0.024496  0.00429416           0
EndNode1[0]<--->Repeater1[0]
REAL
   0.401525 -0.00730741  0.00386258    0.351304
-0.00730741    0.105464   0.0897147 0.000158872
 0.00386258   0.0897147    0.120712  0.00596693
   0.351304 0.000158872  0.00596693      0.3723
IMAGINARY
          0  0.00756114 -0.00503072 -0.00590587
-0.00756114           0   0.0162418  0.00701747
 0.00503072  -0.0162418           0 -0.00424988
 0.00590587 -0.00701747  0.00424988           0
EndNode2[0]<--->HoM1[0]
REAL
   0.395078  -0.0017601  0.00256374    0.355271
 -0.0017601    0.107513   0.0690112 -0.00648019
 0.00256374   0.0690112    0.106218  -0.0126002
   0.355271 -0.00648019  -0.0126002    0.391192
IMAGINARY
           0   -0.0178117    0.0305733    0.0118935
   0.0178117            0  0.000208397 -3.89469e-05
  -0.0305733 -0.000208397            0   -0.0178117
  -0.0118935  3.89469e-05    0.0178117            0
Repeater1[0]<--->EndNode1[0]
REAL
   0.401525  0.00386258 -0.00730741    0.351304
 0.00386258    0.120712   0.0897147  0.00596693
-0.00730741   0.0897147    0.105464 0.000158872
   0.351304  0.00596693 0.000158872      0.3723
IMAGINARY
          0 -0.00503072  0.00756114 -0.00590587
 0.00503072           0  -0.0162418 -0.00424988
-0.00756114   0.0162418           0  0.00701747
 0.00590587  0.00424988 -0.00701747           0
Repeater1[0]<--->HoM1[0]
REAL
   0.395078  0.00256374  -0.0017601    0.355271
 0.00256374    0.106218   0.0690112  -0.0126002
 -0.0017601   0.0690112    0.107513 -0.00648019
   0.355271  -0.0126002 -0.00648019    0.391192
IMAGINARY
           0    0.0305733   -0.0178117    0.0118935
  -0.0305733            0 -0.000208397   -0.0178117
   0.0178117  0.000208397            0 -3.89469e-05
  -0.0118935    0.0178117  3.89469e-05            0
EndNode1[0]<--->Repeater1[0]
REAL
    0.37414 -0.00915764 -0.00785077    0.354835
-0.00915764    0.116919   0.0640501    0.016089
-0.00785077   0.0640501    0.126547   0.0072565
   0.354835    0.016089   0.0072565    0.382393
IMAGINARY
          0  0.00592151   -0.010049 -0.00319155
-0.00592151           0   0.0112064 -0.00427233
   0.010049  -0.0112064           0   0.0158718
 0.00319155  0.00427233  -0.0158718           0
EndNode2[0]<--->HoM1[0]
REAL
  0.392258 0.00837003  0.0107541   0.351578
0.00837003   0.113548  0.0652984 0.00687814
 0.0107541  0.0652984   0.105806  0.0193378
  0.351578 0.00687814  0.0193378   0.388387
IMAGINARY
           0  -0.00440423   0.00848931 -0.000387943
  0.00440423            0   -0.0284079  -0.00453152
 -0.00848931    0.0284079            0   -0.0101076
 0.000387943   0.00453152    0.0101076            0
Repeater1[0]<--->EndNode1[0]
REAL
    0.37414 -0.00785077 -0.00915764    0.354835
-0.00785077    0.126547   0.0640501   0.0072565
-0.00915764   0.0640501    0.116919    0.016089
   0.354835   0.0072565    0.016089    0.382393
IMAGINARY
          0   -0.010049  0.00592151 -0.00319155
   0.010049           0  -0.0112064   0.0158718
-0.00592151   0.0112064           0 -0.00427233
 0.00319155  -0.0158718  0.00427233           0
Repeater1[0]<--->HoM1[0]
REAL
  0.392258  0.0107541 0.00837003   0.351578
 0.0107541   0.105806  0.0652984  0.0193378
0.00837003  0.0652984   0.113548 0.00687814
  0.351578  0.0193378 0.00687814   0.388387
IMAGINARY
           0   0.00848931  -0.00440423 -0.000387943
 -0.00848931            0    0.0284079   -0.0101076
  0.00440423   -0.0284079            0  -0.00453152
 0.000387943    0.0101076   0.00453152            0
EndNode1[0]<--->Repeater1[0]
REAL
   0.386684  0.00150762 -0.00629012    0.334734
 0.00150762    0.108835   0.0985136  0.00949936
-0.00629012   0.0985136    0.110115 -0.00856795
   0.334734  0.00949936 -0.00856795    0.394366
IMAGINARY
          0    0.015187  -0.0162858 -0.00424604
  -0.015187           0  -0.0143216 -0.00339922
  0.0162858   0.0143216           0 -0.00731299
 0.00424604  0.00339922  0.00731299           0
EndNode2[0]<--->HoM1[0]
REAL
   0.440874  0.00122198  0.00405717     0.34271
 0.00122198    0.106684   0.0816709 -0.00992419
 0.00405717   0.0816709    0.114396 -0.00448144
    0.34271 -0.00992419 -0.00448144    0.338046
IMAGINARY
          0  0.00578556   -0.018794 -0.00884532
-0.00578556           0  -0.0165574  0.00450827
   0.018794   0.0165574           0   0.0162924
 0.00884532 -0.00450827  -0.0162924           0
Repeater1[0]<--->EndNode1[0]
REAL
   0.386684 -0.00629012  0.00150762    0.334734
-0.00629012    0.110115   0.0985136 -0.00856795
 0.00150762   0.0985136    0.108835  0.00949936
   0.334734 -0.00856795  0.00949936    0.394366
IMAGINARY
          0  -0.0162858    0.015187 -0.00424604
  0.0162858           0   0.0143216 -0.00731299
  -0.015187  -0.0143216           0 -0.00339922
 0.00424604  0.00731299  0.00339922           0
Repeater1[0]<--->HoM1[0]
REAL
   0.440874  0.00405717  0.00122198     0.34271
 0.00405717    0.114396   0.0816709 -0.00448144
 0.00122198   0.0816709    0.106684 -0.00992419
    0.34271 -0.00448144 -0.00992419    0.338046
IMAGINARY
          0   -0.018794  0.00578556 -0.00884532
   0.018794           0   0.0165574   0.0162924
-0.00578556  -0.0165574           0  0.00450827
 0.00884532  -0.0162924 -0.00450827           0
EndNode1[0]<--->Repeater1[0]
REAL
  0.385333 0.00624169 -0.0113316   0.353196
0.00624169      0.108  0.0685428  0.0119527
-0.0113316  0.0685428      0.084 0.00555956
  0.353196  0.0119527 0.00555956   0.422667
IMAGINARY
          0  0.00853913  -0.0047757  0.00458276
-0.00853913           0 -0.00722826  0.00972619
  0.0047757  0.00722826           0 -0.00111338
-0.00458276 -0.00972619  0.00111338           0
EndNode2[0]<--->HoM1[0]
REAL
   0.405779 -0.00783561 -0.00748778    0.334846
-0.00783561    0.116834   0.0887124 -0.00253728
-0.00748778   0.0887124    0.121859  -0.0134676
   0.334846 -0.00253728  -0.0134676    0.355528
IMAGINARY
           0  0.000849967    0.0113142    0.0285678
-0.000849967            0    0.0133763   0.00672704
  -0.0113142   -0.0133763            0   -0.0124479
  -0.0285678  -0.00672704    0.0124479            0
Repeater1[0]<--->EndNode1[0]
REAL
  0.385333 -0.0113316 0.00624169   0.353196
-0.0113316      0.084  0.0685428 0.00555956
0.00624169  0.0685428      0.108  0.0119527
  0.353196 0.00555956  0.0119527   0.422667
IMAGINARY
          0  -0.0047757  0.00853913  0.00458276
  0.0047757           0  0.00722826 -0.00111338
-0.00853913 -0.00722826           0  0.00972619
-0.00458276  0.00111338 -0.00972619           0
Repeater1[0]<--->HoM1[0]
REAL
   0.405779 -0.00748778 -0.00783561    0.334846
-0.00748778    0.121859   0.0887124  -0.0134676
-0.00783561   0.0887124    0.116834 -0.00253728
   0.334846  -0.0134676 -0.00253728    0.355528
IMAGINARY
           0    0.0113142  0.000849967    0.0285678
  -0.0113142            0   -0.0133763   -0.0124479
-0.000849967    0.0133763            0   0.00672704
  -0.0285678    0.0124479  -0.00672704            0
EndNode1[0]<--->Repeater1[0]
REAL
    0.3753 0.00238248 0.00650838   0.353713
0.00238248   0.109113  0.0741216  0.0128215
0.00650838  0.0741216   0.119904  0.0117928
  0.353713  0.0128215  0.0117928   0.395683
IMAGINARY
          0   0.0157557 -0.00901451 -0.00606513
 -0.0157557           0   0.0263183  0.00561315
 0.00901451  -0.0263183           0 -0.00419109
 0.00606513 -0.00561315  0.00419109           0
EndNode2[0]<--->HoM1[0]
REAL
   0.382426   0.0143284 -0.00451031    0.351816
  0.0143284    0.112624   0.0790886  0.00451031
-0.00451031   0.0790886    0.116337  -0.0231223
   0.351816  0.00451031  -0.0231223    0.388614
IMAGINARY
          0 -0.00737101  0.00479512  -0.0105736
 0.00737101           0  0.00321084  0.00626139
-0.00479512 -0.00321084           0 -0.00737101
  0.0105736 -0.00626139  0.00737101           0
Repeater1[0]<--->EndNode1[0]
REAL
    0.3753 0.00650838 0.00238248   0.353713
0.00650838   0.119904  0.0741216  0.0117928
0.00238248  0.0741216   0.109113  0.0128215
  0.353713  0.0117928  0.0128215   0.395683
IMAGINARY
          0 -0.00901451   0.0157557 -0.00606513
 0.00901451           0  -0.0263183 -0.00419109
 -0.0157557   0.0263183           0  0.00561315
 0.00606513  0.00419109 -0.00561315           0
Repeater1[0]<--->HoM1[0]
REAL
   0.382426 -0.00451031   0.0143284    0.351816
-0.00451031    0.116337   0.0790886  -0.0231223
  0.0143284   0.0790886    0.112624  0.00451031
   0.351816  -0.0231223  0.00451031    0.388614
IMAGINARY
          0  0.00479512 -0.00737101  -0.0105736
-0.00479512           0 -0.00321084 -0.00737101
 0.00737101  0.00321084           0  0.00626139
  0.0105736  0.00737101 -0.00626139           0
EndNode1[0]<--->Repeater1[0]
REAL
  0.383354 0.00906058 -0.0184656   0.353004
0.00906058   0.134931  0.0683882  0.0068677
-0.0184656  0.0683882    0.12232 -0.0219472
  0.353004  0.0068677 -0.0219472   0.359395
IMAGINARY
          0  0.00512821  0.00311579  0.00430216
-0.00512821           0 -0.00493267 -0.00055169
-0.00311579  0.00493267           0  0.00512821
-0.00430216  0.00055169 -0.00512821           0
EndNode2[0]<--->HoM1[0]
REAL
  0.414729  -0.027893 -0.0199974   0.348379
 -0.027893   0.111111  0.0842896 -0.0124216
-0.0199974  0.0842896  0.0994832 0.00295534
  0.348379 -0.0124216 0.00295534   0.374677
IMAGINARY
           0    0.0129129   -0.0149054     0.019888
  -0.0129129            0  -0.00560224   0.00114396
   0.0149054   0.00560224            0  0.000848562
   -0.019888  -0.00114396 -0.000848562            0
Repeater1[0]<--->EndNode1[0]
REAL
  0.383354 -0.0184656 0.00906058   0.353004
-0.0184656    0.12232  0.0683882 -0.0219472
0.00906058  0.0683882   0.134931  0.0068677
  0.353004 -0.0219472  0.0068677   0.359395
IMAGINARY
          0  0.00311579  0.00512821  0.00430216
-0.00311579           0  0.00493267  0.00512821
-0.00512821 -0.00493267           0 -0.00055169
-0.00430216 -0.00512821  0.00055169           0
Repeater1[0]<--->HoM1[0]
REAL
  0.414729 -0.0199974  -0.027893   0.348379
-0.0199974  0.0994832  0.0842896 0.00295534
 -0.027893  0.0842896   0.111111 -0.0124216
  0.348379 0.00295534 -0.0124216   0.374677
IMAGINARY
           0   -0.0149054    0.0129129     0.019888
   0.0149054            0   0.00560224  0.000848562
  -0.0129129  -0.00560224            0   0.00114396
   -0.019888 -0.000848562  -0.00114396            0
EndNode1[0]<--->Repeater1[0]
REAL
    0.382857    0.0174919  -0.00858879     0.354778
   0.0174919     0.125714      0.08517  -0.00316056
 -0.00858879      0.08517    0.0942857 -0.000520571
    0.354778  -0.00316056 -0.000520571     0.397143
IMAGINARY
           0    0.0201488 -0.000458789     0.010817
  -0.0201488            0   0.00897195   -0.0130216
 0.000458789  -0.00897195            0   -0.0140214
   -0.010817    0.0130216    0.0140214            0
EndNode2[0]<--->HoM1[0]
REAL
    0.40932   0.0138653 -0.00174341    0.356462
  0.0138653   0.0944584   0.0712185  -0.0144661
-0.00174341   0.0712185    0.122166  -0.0101246
   0.356462  -0.0144661  -0.0101246    0.374055
IMAGINARY
          0  -0.0128652 -0.00252396  0.00403069
  0.0128652           0   0.0136461   0.0255806
