EndNode1[0]<--->Repeater1[0]
REAL
   0.451527  0.00504223  -0.0311789    0.398167
 0.00504223   0.0557769   0.0153328 -0.00486308
 -0.0311789   0.0153328   0.0571049  -0.0227355
   0.398167 -0.00486308  -0.0227355    0.435591
IMAGINARY
          0 -0.00597865   0.0118329   0.0119238
 0.00597865           0 -0.00746518  0.00451585
 -0.0118329  0.00746518           0  -0.0103701
 -0.0119238 -0.00451585   0.0103701           0
EndNode2[0]<--->HoM1[0]
REAL
  0.420984 -0.0179246 -0.0400682   0.354522
-0.0179246  0.0582902  0.0167522 0.00619288
-0.0400682  0.0167522  0.0556995 -0.0145957
  0.354522 0.00619288 -0.0145957   0.465026
IMAGINARY
           0  -0.00541977  1.46806e-05    0.0188209
  0.00541977            0   0.00810214  -0.00191582
-1.46806e-05  -0.00810214            0    0.0149255
  -0.0188209   0.00191582   -0.0149255            0
Repeater1[0]<--->EndNode1[0]
REAL
   0.451527  -0.0311789  0.00504223    0.398167
 -0.0311789   0.0571049   0.0153328  -0.0227355
 0.00504223   0.0153328   0.0557769 -0.00486308
   0.398167  -0.0227355 -0.00486308    0.435591
IMAGINARY
          0   0.0118329 -0.00597865   0.0119238
 -0.0118329           0  0.00746518  -0.0103701
 0.00597865 -0.00746518           0  0.00451585
 -0.0119238   0.0103701 -0.00451585           0
Repeater1[0]<--->HoM1[0]
REAL
  0.420984 -0.0400682 -0.0179246   0.354522
-0.0400682  0.0556995  0.0167522 -0.0145957
-0.0179246  0.0167522  0.0582902 0.00619288
  0.354522 -0.0145957 0.00619288   0.465026
IMAGINARY
           0  1.46806e-05  -0.00541977    0.0188209
-1.46806e-05            0  -0.00810214    0.0149255
  0.00541977   0.00810214            0  -0.00191582
  -0.0188209   -0.0149255   0.00191582            0
EndNode1[0]<--->Repeater1[0]
REAL
   0.407635 -0.00497797   0.0267233    0.372576
-0.00497797   0.0714286   0.0156074 -0.00448693
  0.0267233   0.0156074   0.0578818   0.0195904
   0.372576 -0.00448693   0.0195904    0.463054
IMAGINARY
           0  0.000143626   0.00725306   0.00496689
-0.000143626            0   0.00496689    0.0184193
 -0.00725306  -0.00496689            0  -0.00258861
 -0.00496689   -0.0184193   0.00258861            0
EndNode2[0]<--->HoM1[0]
REAL
      0.455 -0.00164985  -0.0370205    0.376224
-0.00164985     0.04875   0.0354679 -0.00153667
 -0.0370205   0.0354679        0.07  -0.0083004
   0.376224 -0.00153667  -0.0083004     0.42625
IMAGINARY
           0   -0.0126209     0.019857  0.000924784
   0.0126209            0  0.000924784     0.011857
   -0.019857 -0.000924784            0  -0.00289867
-0.000924784    -0.011857   0.00289867            0
Repeater1[0]<--->EndNode1[0]
REAL
   0.407635   0.0267233 -0.00497797    0.372576
  0.0267233   0.0578818   0.0156074   0.0195904
-0.00497797   0.0156074   0.0714286 -0.00448693
   0.372576   0.0195904 -0.00448693    0.463054
IMAGINARY
           0   0.00725306  0.000143626   0.00496689
 -0.00725306            0  -0.00496689  -0.00258861
-0.000143626   0.00496689            0    0.0184193
 -0.00496689   0.00258861   -0.0184193            0
Repeater1[0]<--->HoM1[0]
REAL
      0.455  -0.0370205 -0.00164985    0.376224
 -0.0370205        0.07   0.0354679  -0.0083004
-0.00164985   0.0354679     0.04875 -0.00153667
   0.376224  -0.0083004 -0.00153667     0.42625
IMAGINARY
           0     0.019857   -0.0126209  0.000924784
   -0.019857            0 -0.000924784  -0.00289867
   0.0126209  0.000924784            0     0.011857
-0.000924784   0.00289867    -0.011857            0
EndNode1[0]<--->Repeater1[0]
REAL
    0.44586 0.000859273  -0.0117053    0.380577
0.000859273    0.056051   0.0180293   0.0123391
 -0.0117053   0.0180293   0.0598726   0.0149836
   0.380577   0.0123391   0.0149836    0.438217
IMAGINARY
          0  -0.0173651   0.0226584   0.0171053
  0.0173651           0  0.00921053   0.0120201
 -0.0226584 -0.00921053           0  -0.0210964
 -0.0171053  -0.0120201   0.0210964           0
EndNode2[0]<--->HoM1[0]
REAL
  0.475754 0.00193301 -0.0035668   0.358157
0.00193301  0.0445609  0.0147356 -0.0035668
-0.0035668  0.0147356   0.068152 -0.0012845
  0.358157 -0.0035668 -0.0012845   0.411533
IMAGINARY
          0  -0.0013261  0.00291236  0.00733496
  0.0013261           0  0.00611247  0.00103501
-0.00291236 -0.00611247           0 -0.00393706
-0.00733496 -0.00103501  0.00393706           0
Repeater1[0]<--->EndNode1[0]
REAL
    0.44586  -0.0117053 0.000859273    0.380577
 -0.0117053   0.0598726   0.0180293   0.0149836
0.000859273   0.0180293    0.056051   0.0123391
   0.380577   0.0149836   0.0123391    0.438217
IMAGINARY
          0   0.0226584  -0.0173651   0.0171053
 -0.0226584           0 -0.00921053  -0.0210964
  0.0173651  0.00921053           0   0.0120201
 -0.0171053   0.0210964  -0.0120201           0
Repeater1[0]<--->HoM1[0]
REAL
  0.475754 -0.0035668 0.00193301   0.358157
-0.0035668   0.068152  0.0147356 -0.0012845
0.00193301  0.0147356  0.0445609 -0.0035668
  0.358157 -0.0012845 -0.0035668   0.411533
IMAGINARY
          0  0.00291236  -0.0013261  0.00733496
-0.00291236           0 -0.00611247 -0.00393706
  0.0013261  0.00611247           0  0.00103501
-0.00733496  0.00393706 -0.00103501           0
EndNode1[0]<--->Repeater1[0]
REAL
  0.423501 -0.0020362 -0.0178638    0.38656
-0.0020362  0.0611995  0.0168792 0.00463624
-0.0178638  0.0168792  0.0636475 -0.0151596
   0.38656 0.00463624 -0.0151596   0.451652
IMAGINARY
          0  -0.0102524  -0.0101347  0.00384462
  0.0102524           0  -0.0106939   0.0141241
  0.0101347   0.0106939           0 -0.00703487
-0.00384462  -0.0141241  0.00703487           0
EndNode2[0]<--->HoM1[0]
REAL
  0.454425 -0.0179912 0.00267753   0.372181
-0.0179912  0.0501982  0.0254172 0.00806836
0.00267753  0.0254172  0.0541612  0.0198876
  0.372181 0.00806836  0.0198876   0.441215
IMAGINARY
          0   0.0164351 -0.00378666 -0.00370548
 -0.0164351           0   0.0226103  -0.0100839
 0.00378666  -0.0226103           0  0.00271942
 0.00370548   0.0100839 -0.00271942           0
Repeater1[0]<--->EndNode1[0]
REAL
  0.423501 -0.0178638 -0.0020362    0.38656
-0.0178638  0.0636475  0.0168792 -0.0151596
-0.0020362  0.0168792  0.0611995 0.00463624
   0.38656 -0.0151596 0.00463624   0.451652
IMAGINARY
          0  -0.0101347  -0.0102524  0.00384462
  0.0101347           0   0.0106939 -0.00703487
  0.0102524  -0.0106939           0   0.0141241
-0.00384462  0.00703487  -0.0141241           0
Repeater1[0]<--->HoM1[0]
REAL
  0.454425 0.00267753 -0.0179912   0.372181
0.00267753  0.0541612  0.0254172  0.0198876
-0.0179912  0.0254172  0.0501982 0.00806836
  0.372181  0.0198876 0.00806836   0.441215
IMAGINARY
          0 -0.00378666   0.0164351 -0.00370548
 0.00378666           0  -0.0226103  0.00271942
 -0.0164351   0.0226103           0  -0.0100839
 0.00370548 -0.00271942   0.0100839           0
EndNode1[0]<--->Repeater1[0]
REAL
  0.441772 -0.0137953 -0.0213307   0.368258
-0.0137953  0.0518987  0.0182577 -0.0193902
-0.0213307  0.0182577  0.0658228 -0.0282607
  0.368258 -0.0193902 -0.0282607   0.440506
IMAGINARY
          0   0.0151921  -0.0113485  -0.0231783
 -0.0151921           0   0.0116102 -0.00816374
  0.0113485  -0.0116102           0   0.0055396
  0.0231783  0.00816374  -0.0055396           0
EndNode2[0]<--->HoM1[0]
REAL
   0.445893    0.019436  -0.0176017    0.377337
   0.019436   0.0560626    0.020194   0.0151326
 -0.0176017    0.020194   0.0782269 -0.00585579
   0.377337   0.0151326 -0.00585579    0.419817
IMAGINARY
          0  -0.0074847   0.0145982  -0.0156262
  0.0074847           0  0.00968164 -0.00161123
 -0.0145982 -0.00968164           0 -0.00809971
  0.0156262  0.00161123  0.00809971           0
Repeater1[0]<--->EndNode1[0]
REAL
  0.441772 -0.0213307 -0.0137953   0.368258
-0.0213307  0.0658228  0.0182577 -0.0282607
-0.0137953  0.0182577  0.0518987 -0.0193902
  0.368258 -0.0282607 -0.0193902   0.440506
IMAGINARY
          0  -0.0113485   0.0151921  -0.0231783
  0.0113485           0  -0.0116102   0.0055396
 -0.0151921   0.0116102           0 -0.00816374
  0.0231783  -0.0055396  0.00816374           0
Repeater1[0]<--->HoM1[0]
REAL
   0.445893  -0.0176017    0.019436    0.377337
 -0.0176017   0.0782269    0.020194 -0.00585579
   0.019436    0.020194   0.0560626   0.0151326
   0.377337 -0.00585579   0.0151326    0.419817
IMAGINARY
          0   0.0145982  -0.0074847  -0.0156262
 -0.0145982           0 -0.00968164 -0.00809971
  0.0074847  0.00968164           0 -0.00161123
  0.0156262  0.00809971  0.00161123           0
EndNode1[0]<--->Repeater1[0]
REAL
  0.431012  0.0005952 -0.0104869   0.379637
 0.0005952  0.0565046  0.0125321  0.0136961
-0.0104869  0.0125321  0.0709593 0.00261404
  0.379637  0.0136961 0.00261404   0.441524
IMAGINARY
          0  0.00921053  -0.0147691 -0.00338464
-0.00921053           0    0.018463  0.00819012
  0.0147691   -0.018463           0  0.00921053
 0.00338464 -0.00819012 -0.00921053           0
EndNode2[0]<--->HoM1[0]
REAL
   0.421935  0.00287249 -0.00288317    0.373639
 0.00287249   0.0787097   0.0201439   0.0132459
-0.00288317   0.0201439   0.0541935   0.0100809
   0.373639   0.0132459   0.0100809    0.445161
IMAGINARY
           0  0.000948965    0.0166071   -0.0158682
-0.000948965            0  -0.00506773   0.00758646
  -0.0166071   0.00506773            0   -0.0103576
   0.0158682  -0.00758646    0.0103576            0
Repeater1[0]<--->EndNode1[0]
REAL
  0.431012 -0.0104869  0.0005952   0.379637
-0.0104869  0.0709593  0.0125321 0.00261404
 0.0005952  0.0125321  0.0565046  0.0136961
  0.379637 0.00261404  0.0136961   0.441524
IMAGINARY
          0  -0.0147691  0.00921053 -0.00338464
  0.0147691           0   -0.018463  0.00921053
-0.00921053    0.018463           0  0.00819012
 0.00338464 -0.00921053 -0.00819012           0
Repeater1[0]<--->HoM1[0]
REAL
   0.421935 -0.00288317  0.00287249    0.373639
-0.00288317   0.0541935   0.0201439   0.0100809
 0.00287249   0.0201439   0.0787097   0.0132459
   0.373639   0.0100809   0.0132459    0.445161
IMAGINARY
           0    0.0166071  0.000948965   -0.0158682
  -0.0166071            0   0.00506773   -0.0103576
-0.000948965  -0.00506773            0   0.00758646
   0.0158682    0.0103576  -0.00758646            0
EndNode1[0]<--->Repeater1[0]
REAL
   0.427822  -0.0136265  -0.0111234    0.378785
 -0.0136265   0.0643045   0.0122769 -0.00423976
 -0.0111234   0.0122769   0.0616798 -0.00173663
   0.378785 -0.00423976 -0.00173663    0.446194
IMAGINARY
          0  -0.0038875   0.0212129  0.00961538
  0.0038875           0 -0.00705128  -0.0134656
 -0.0212129  0.00705128           0  0.00567534
-0.00961538   0.0134656 -0.00567534           0
EndNode2[0]<--->HoM1[0]
REAL
   0.439433  -0.0204237 -0.00920623    0.373381
 -0.0204237   0.0502577   0.0132585 -0.00496381
-0.00920623   0.0132585   0.0528351   0.0116518
   0.373381 -0.00496381   0.0116518    0.457474
IMAGINARY
           0   0.00670193 -0.000529732  -0.00605338
 -0.00670193            0    -0.016082  -0.00621873
 0.000529732     0.016082            0   0.00986249
  0.00605338   0.00621873  -0.00986249            0
Repeater1[0]<--->EndNode1[0]
REAL
   0.427822  -0.0111234  -0.0136265    0.378785
 -0.0111234   0.0616798   0.0122769 -0.00173663
 -0.0136265   0.0122769   0.0643045 -0.00423976
   0.378785 -0.00173663 -0.00423976    0.446194
IMAGINARY
          0   0.0212129  -0.0038875  0.00961538
 -0.0212129           0  0.00705128  0.00567534
  0.0038875 -0.00705128           0  -0.0134656
-0.00961538 -0.00567534   0.0134656           0
Repeater1[0]<--->HoM1[0]
REAL
   0.439433 -0.00920623  -0.0204237    0.373381
-0.00920623   0.0528351   0.0132585   0.0116518
 -0.0204237   0.0132585   0.0502577 -0.00496381
   0.373381   0.0116518 -0.00496381    0.457474
IMAGINARY
           0 -0.000529732   0.00670193  -0.00605338
 0.000529732            0     0.016082   0.00986249
 -0.00670193    -0.016082            0  -0.00621873
  0.00605338  -0.00986249   0.00621873            0
EndNode1[0]<--->Repeater1[0]
REAL
    0.430693  0.000733709   0.00184275     0.388557
 0.000733709    0.0680693    0.0145108 -2.26383e-06
  0.00184275    0.0145108    0.0544554   0.00478776
    0.388557 -2.26383e-06   0.00478776     0.446782
IMAGINARY
          0  -0.0291334  0.00130208  -0.0164001
  0.0291334           0 -0.00669768 -0.00130208
-0.00130208  0.00669768           0    0.022772
  0.0164001  0.00130208   -0.022772           0
EndNode2[0]<--->HoM1[0]
REAL
   0.416031 -0.00333403 -0.00728988     0.36569
-0.00333403   0.0610687   0.0310843  0.00019311
-0.00728988   0.0310843   0.0725191   0.0246244
    0.36569  0.00019311   0.0246244    0.450382
IMAGINARY
          0  -0.0141942  -0.0041076 -0.00267103
  0.0141942           0 -0.00833141   0.0244638
  0.0041076  0.00833141           0  0.00147158
 0.00267103  -0.0244638 -0.00147158           0
Repeater1[0]<--->EndNode1[0]
REAL
    0.430693   0.00184275  0.000733709     0.388557
  0.00184275    0.0544554    0.0145108   0.00478776
 0.000733709    0.0145108    0.0680693 -2.26383e-06
    0.388557   0.00478776 -2.26383e-06     0.446782
IMAGINARY
          0  0.00130208  -0.0291334  -0.0164001
-0.00130208           0  0.00669768    0.022772
  0.0291334 -0.00669768           0 -0.00130208
  0.0164001   -0.022772  0.00130208           0
Repeater1[0]<--->HoM1[0]
REAL
   0.416031 -0.00728988 -0.00333403     0.36569
-0.00728988   0.0725191   0.0310843   0.0246244
-0.00333403   0.0310843   0.0610687  0.00019311
    0.36569   0.0246244  0.00019311    0.450382
IMAGINARY
          0  -0.0041076  -0.0141942 -0.00267103
  0.0041076           0  0.00833141  0.00147158
  0.0141942 -0.00833141           0   0.0244638
 0.00267103 -0.00147158  -0.0244638           0
EndNode1[0]<--->Repeater1[0]
REAL
    0.411921  -0.00796966    0.0139306     0.382044
 -0.00796966    0.0662252    0.0135873  -0.00786266
   0.0139306    0.0135873    0.0649007 -0.000525488
    0.382044  -0.00786266 -0.000525488     0.456954
IMAGINARY
           0   0.00603235   -0.0154046    0.0289513
 -0.00603235            0 -0.000142075  -0.00137396
   0.0154046  0.000142075            0   0.00537704
  -0.0289513   0.00137396  -0.00537704            0
EndNode2[0]<--->HoM1[0]
REAL
   0.458869  -0.0215014 -0.00781383    0.377049
 -0.0215014   0.0694087  0.00628398  -0.0116306
-0.00781383  0.00628398   0.0475578  0.00761252
   0.377049  -0.0116306  0.00761252    0.424165
IMAGINARY
          0  0.00227056  0.00999042  0.00494898
-0.00227056           0   0.0259464  -0.0168913
-0.00999042  -0.0259464           0  0.00588502
-0.00494898   0.0168913 -0.00588502           0
Repeater1[0]<--->EndNode1[0]
REAL
    0.411921    0.0139306  -0.00796966     0.382044
   0.0139306    0.0649007    0.0135873 -0.000525488
 -0.00796966    0.0135873    0.0662252  -0.00786266
    0.382044 -0.000525488  -0.00786266     0.456954
IMAGINARY
           0   -0.0154046   0.00603235    0.0289513
   0.0154046            0  0.000142075   0.00537704
 -0.00603235 -0.000142075            0  -0.00137396
  -0.0289513  -0.00537704   0.00137396            0
Repeater1[0]<--->HoM1[0]
REAL
   0.458869 -0.00781383  -0.0215014    0.377049
-0.00781383   0.0475578  0.00628398  0.00761252
 -0.0215014  0.00628398   0.0694087  -0.0116306
   0.377049  0.00761252  -0.0116306    0.424165
IMAGINARY
          0  0.00999042  0.00227056  0.00494898
-0.00999042           0  -0.0259464  0.00588502
-0.00227056   0.0259464           0  -0.0168913
-0.00494898 -0.00588502   0.0168913           0
EndNode1[0]<--->Repeater1[0]
REAL
   0.428208  0.00683312 -0.00217688    0.360583
 0.00683312   0.0508259   0.0216222 -0.00283565
-0.00217688   0.0216222   0.0482846 -0.00933939
   0.360583 -0.00283565 -0.00933939    0.472681
IMAGINARY
          0   -0.009065   0.0074586  0.00820423
   0.009065           0  -0.0181793  0.00942452
 -0.0074586   0.0181793           0 -0.00781812
-0.00820423 -0.00942452  0.00781812           0
EndNode2[0]<--->HoM1[0]
REAL
   0.456774 -0.00122382  0.00171534    0.386858
-0.00122382   0.0464516   0.0161565  -0.0102343
 0.00171534   0.0161565   0.0425806  -0.0177801
   0.386858  -0.0102343  -0.0177801    0.454194
IMAGINARY
           0  -0.00396514   0.00298742 -0.000480173
  0.00396514            0   0.00881351   -0.0119283
 -0.00298742  -0.00881351            0   0.00190187
 0.000480173    0.0119283  -0.00190187            0
Repeater1[0]<--->EndNode1[0]
REAL
   0.428208 -0.00217688  0.00683312    0.360583
-0.00217688   0.0482846   0.0216222 -0.00933939
 0.00683312   0.0216222   0.0508259 -0.00283565
   0.360583 -0.00933939 -0.00283565    0.472681
IMAGINARY
          0   0.0074586   -0.009065  0.00820423
 -0.0074586           0   0.0181793 -0.00781812
   0.009065  -0.0181793           0  0.00942452
-0.00820423  0.00781812 -0.00942452           0
Repeater1[0]<--->HoM1[0]
REAL
   0.456774  0.00171534 -0.00122382    0.386858
 0.00171534   0.0425806   0.0161565  -0.0177801
-0.00122382   0.0161565   0.0464516  -0.0102343
   0.386858  -0.0177801  -0.0102343    0.454194
IMAGINARY
           0   0.00298742  -0.00396514 -0.000480173
 -0.00298742            0  -0.00881351   0.00190187
  0.00396514   0.00881351            0   -0.0119283
 0.000480173  -0.00190187    0.0119283            0
EndNode1[0]<--->Repeater1[0]
REAL
   0.444444  0.00362141  0.00203768    0.378254
 0.00362141   0.0561798   0.0170344  0.00450682
 0.00203768   0.0170344   0.0661673 -0.00754811
   0.378254  0.00450682 -0.00754811    0.433208
IMAGINARY
           0   -0.0053562   -0.0152936  6.79117e-05
   0.0053562            0   -0.0263837   0.00556602
   0.0152936    0.0263837            0   0.00081664
-6.79117e-05  -0.00556602  -0.00081664            0
EndNode2[0]<--->HoM1[0]
REAL
  0.452316 0.00815298  0.0139938   0.370893
0.00815298  0.0531335 0.00895233 -0.0101179
 0.0139938 0.00895233  0.0817439 -0.0184889
  0.370893 -0.0101179 -0.0184889   0.412807
IMAGINARY
          0  -0.0117928 -0.00038218 -0.00143376
  0.0117928           0 -0.00480758 -0.00583673
 0.00038218  0.00480758           0  0.00681765
 0.00143376  0.00583673 -0.00681765           0
Repeater1[0]<--->EndNode1[0]
REAL
   0.444444  0.00203768  0.00362141    0.378254
 0.00203768   0.0661673   0.0170344 -0.00754811
 0.00362141   0.0170344   0.0561798  0.00450682
   0.378254 -0.00754811  0.00450682    0.433208
IMAGINARY
           0   -0.0152936   -0.0053562  6.79117e-05
   0.0152936            0    0.0263837   0.00081664
   0.0053562   -0.0263837            0   0.00556602
-6.79117e-05  -0.00081664  -0.00556602            0
Repeater1[0]<--->HoM1[0]
REAL
  0.452316  0.0139938 0.00815298   0.370893
 0.0139938  0.0817439 0.00895233 -0.0184889
0.00815298 0.00895233  0.0531335 -0.0101179
  0.370893 -0.0184889 -0.0101179   0.412807
IMAGINARY
          0 -0.00038218  -0.0117928 -0.00143376
 0.00038218           0  0.00480758  0.00681765
  0.0117928 -0.00480758           0 -0.00583673
 0.00143376 -0.00681765  0.00583673           0
EndNode1[0]<--->Repeater1[0]
REAL
  0.414343 0.00390552  0.0257068   0.360792
0.00390552  0.0584329  0.0276646  -0.004306
 0.0257068  0.0276646  0.0464807 0.00452509
  0.360792  -0.004306 0.00452509   0.480744
IMAGINARY
          0   0.0117404  0.00389826   0.0154644
 -0.0117404           0  -0.0198892  -0.0119329
-0.00389826   0.0198892           0  0.00494689
 -0.0154644   0.0119329 -0.00494689           0
EndNode2[0]<--->HoM1[0]
REAL
  0.426099  0.0196607  0.0206193    0.38456
 0.0196607  0.0679095  0.0143026   0.015411
 0.0206193  0.0143026  0.0679095 0.00625587
   0.38456   0.015411 0.00625587   0.438083
IMAGINARY
           0  0.000926345  -0.00735635     0.021179
-0.000926345            0  -0.00533616  -0.00059959
  0.00735635   0.00533616            0  -0.00031435
   -0.021179   0.00059959   0.00031435            0
Repeater1[0]<--->EndNode1[0]
REAL
  0.414343  0.0257068 0.00390552   0.360792
 0.0257068  0.0464807  0.0276646 0.00452509
0.00390552  0.0276646  0.0584329  -0.004306
  0.360792 0.00452509  -0.004306   0.480744
IMAGINARY
          0  0.00389826   0.0117404   0.0154644
-0.00389826           0   0.0198892  0.00494689
 -0.0117404  -0.0198892           0  -0.0119329
 -0.0154644 -0.00494689   0.0119329           0
Repeater1[0]<--->HoM1[0]
REAL
  0.426099  0.0206193  0.0196607    0.38456
 0.0206193  0.0679095  0.0143026 0.00625587
 0.0196607  0.0143026  0.0679095   0.015411
   0.38456 0.00625587   0.015411   0.438083
IMAGINARY
           0  -0.00735635  0.000926345     0.021179
  0.00735635            0   0.00533616  -0.00031435
-0.000926345  -0.00533616            0  -0.00059959
   -0.021179   0.00031435   0.00059959            0
EndNode1[0]<--->Repeater1[0]
REAL
    0.433041 -6.81733e-06   0.00396772      0.37694
-6.81733e-06    0.0588235    0.0256577  -0.00656512
  0.00396772    0.0256577    0.0700876   0.00130552
     0.37694  -0.00656512   0.00130552     0.438048
IMAGINARY
          0 -0.00187835 -0.00779859  -0.0040283
 0.00187835           0  0.00852124   0.0129268
 0.00779859 -0.00852124           0  -0.0135063
  0.0040283  -0.0129268   0.0135063           0
EndNode2[0]<--->HoM1[0]
REAL
   0.428188   0.0115716   0.0159836    0.372831
  0.0115716   0.0590604   0.0119728 -0.00985617
  0.0159836   0.0119728   0.0644295 -0.00544413
   0.372831 -0.00985617 -0.00544413    0.448322
IMAGINARY
           0  -0.00256771 -0.000977819  -0.00125749
  0.00256771            0  -0.00191108  -0.00227316
 0.000977819   0.00191108            0    0.0123206
  0.00125749   0.00227316   -0.0123206            0
Repeater1[0]<--->EndNode1[0]
REAL
    0.433041   0.00396772 -6.81733e-06      0.37694
  0.00396772    0.0700876    0.0256577   0.00130552
-6.81733e-06    0.0256577    0.0588235  -0.00656512
     0.37694   0.00130552  -0.00656512     0.438048
IMAGINARY
          0 -0.00779859 -0.00187835  -0.0040283
 0.00779859           0 -0.00852124  -0.0135063
 0.00187835  0.00852124           0   0.0129268
  0.0040283   0.0135063  -0.0129268           0
Repeater1[0]<--->HoM1[0]
REAL
   0.428188   0.0159836   0.0115716    0.372831
  0.0159836   0.0644295   0.0119728 -0.00544413
  0.0115716   0.0119728   0.0590604 -0.00985617
   0.372831 -0.00544413 -0.00985617    0.448322
IMAGINARY
           0 -0.000977819  -0.00256771  -0.00125749
 0.000977819            0   0.00191108    0.0123206
  0.00256771  -0.00191108            0  -0.00227316
  0.00125749   -0.0123206   0.00227316            0
EndNode1[0]<--->Repeater1[0]
REAL
   0.444302    0.011494  0.00744951    0.385966
   0.011494   0.0486556   0.0297571 -0.00807844
 0.00744951   0.0297571   0.0576184  0.00674501
   0.385966 -0.00807844  0.00674501    0.449424
IMAGINARY
          0  -0.0123757   0.0152552   0.0163876
  0.0123757           0   0.0119629 -0.00414407
 -0.0152552  -0.0119629           0  -0.0170361
 -0.0163876  0.00414407   0.0170361           0
EndNode2[0]<--->HoM1[0]
REAL
   0.435606 0.000790014 -0.00163832    0.363902
0.000790014   0.0656566   0.0260983  0.00413832
-0.00163832   0.0260983   0.0505051  0.00420999
   0.363902  0.00413832  0.00420999    0.448232
IMAGINARY
           0  -0.00788263   -0.0139068   0.00776806
  0.00788263            0   0.00844465 -0.000780305
   0.0139068  -0.00844465            0    0.0136298
 -0.00776806  0.000780305   -0.0136298            0
Repeater1[0]<--->EndNode1[0]
REAL
   0.444302  0.00744951    0.011494    0.385966
 0.00744951   0.0576184   0.0297571  0.00674501
   0.011494   0.0297571   0.0486556 -0.00807844
   0.385966  0.00674501 -0.00807844    0.449424
IMAGINARY
          0   0.0152552  -0.0123757   0.0163876
 -0.0152552           0  -0.0119629  -0.0170361
  0.0123757   0.0119629           0 -0.00414407
 -0.0163876   0.0170361  0.00414407           0
Repeater1[0]<--->HoM1[0]
REAL
   0.435606 -0.00163832 0.000790014    0.363902
-0.00163832   0.0505051   0.0260983  0.00420999
0.000790014   0.0260983   0.0656566  0.00413832
   0.363902  0.00420999  0.00413832    0.448232
IMAGINARY
           0   -0.0139068  -0.00788263   0.00776806
   0.0139068            0  -0.00844465    0.0136298
  0.00788263   0.00844465            0 -0.000780305
 -0.00776806   -0.0136298  0.000780305            0
EndNode1[0]<--->Repeater1[0]
REAL
   0.458122 -0.00662341  0.00357269    0.385621
-0.00662341   0.0532995   0.0184333 -0.00492404
 0.00357269   0.0184333   0.0545685   0.0120288
   0.385621 -0.00492404   0.0120288     0.43401
IMAGINARY
          0  0.00929381  -0.0196594  -0.0276075
-0.00929381           0  -0.0164135    0.013149
  0.0196594   0.0164135           0 -0.00799172
  0.0276075   -0.013149  0.00799172           0
EndNode2[0]<--->HoM1[0]
REAL
   0.453761  -0.0267697  -0.0129952    0.371098
 -0.0267697   0.0505549   0.0110211  -0.0194551
 -0.0129952   0.0110211    0.054254 -0.00170708
   0.371098  -0.0194551 -0.00170708     0.44143
IMAGINARY
          0  -0.0042496  -0.0163671 -0.00875684
  0.0042496           0  -0.0199788  -0.0163671
  0.0163671   0.0199788           0   0.0177284
 0.00875684   0.0163671  -0.0177284           0
Repeater1[0]<--->EndNode1[0]
REAL
   0.458122  0.00357269 -0.00662341    0.385621
 0.00357269   0.0545685   0.0184333   0.0120288
-0.00662341   0.0184333   0.0532995 -0.00492404
   0.385621   0.0120288 -0.00492404     0.43401
IMAGINARY
          0  -0.0196594  0.00929381  -0.0276075
  0.0196594           0   0.0164135 -0.00799172
-0.00929381  -0.0164135           0    0.013149
  0.0276075  0.00799172   -0.013149           0
Repeater1[0]<--->HoM1[0]
REAL
   0.453761  -0.0129952  -0.0267697    0.371098
 -0.0129952    0.054254   0.0110211 -0.00170708
 -0.0267697   0.0110211   0.0505549  -0.0194551
   0.371098 -0.00170708  -0.0194551     0.44143
IMAGINARY
          0  -0.0163671  -0.0042496 -0.00875684
  0.0163671           0   0.0199788   0.0177284
  0.0042496  -0.0199788           0  -0.0163671
 0.00875684  -0.0177284   0.0163671           0
EndNode1[0]<--->Repeater1[0]
REAL
  0.502506 0.00024368 -0.0043297   0.388536
0.00024368  0.0701754  0.0119616 -0.0205459
-0.0043297  0.0119616   0.047619 -0.0126815
  0.388536 -0.0205459 -0.0126815   0.379699
IMAGINARY
          0  -0.0122907  0.00959222 -0.00677773
  0.0122907           0  -0.0410598   0.0168561
-0.00959222   0.0410598           0  -0.0116388
 0.00677773  -0.0168561   0.0116388           0
EndNode2[0]<--->HoM1[0]
REAL
    0.435006   -0.0146701 -0.000861055     0.380461
  -0.0146701    0.0630631    0.0179763    0.0125798
-0.000861055    0.0179763    0.0579151    0.0185763
    0.380461    0.0125798    0.0185763     0.444015
IMAGINARY
          0 -0.00193216 -0.00255799  0.00119413
 0.00193216           0   0.0231648 -0.00528278
 0.00255799  -0.0231648           0   0.0121855
-0.00119413  0.00528278  -0.0121855           0
Repeater1[0]<--->EndNode1[0]
REAL
  0.502506 -0.0043297 0.00024368   0.388536
-0.0043297   0.047619  0.0119616 -0.0126815
0.00024368  0.0119616  0.0701754 -0.0205459
  0.388536 -0.0126815 -0.0205459   0.379699
IMAGINARY
          0  0.00959222  -0.0122907 -0.00677773
-0.00959222           0   0.0410598  -0.0116388
  0.0122907  -0.0410598           0   0.0168561
 0.00677773   0.0116388  -0.0168561           0
Repeater1[0]<--->HoM1[0]
REAL
    0.435006 -0.000861055   -0.0146701     0.380461
-0.000861055    0.0579151    0.0179763    0.0185763
  -0.0146701    0.0179763    0.0630631    0.0125798
    0.380461    0.0185763    0.0125798     0.444015
IMAGINARY
          0 -0.00255799 -0.00193216  0.00119413
 0.00255799           0  -0.0231648   0.0121855
 0.00193216   0.0231648           0 -0.00528278
-0.00119413  -0.0121855  0.00528278           0
EndNode1[0]<--->Repeater1[0]
REAL
   0.463385 -0.00211177  0.00406269     0.36446
-0.00211177    0.060024   0.0135279  -0.0147545
 0.00406269   0.0135279   0.0708283    0.017835
    0.36446  -0.0147545    0.017835    0.405762
IMAGINARY
          0  0.00093749 -0.00985544  -0.0226841
-0.00093749           0 -0.00590553  -0.0193371
 0.00985544  0.00590553           0   0.0183172
  0.0226841   0.0193371  -0.0183172           0
EndNode2[0]<--->HoM1[0]
REAL
   0.43593  0.0226778  0.0166397   0.362993
 0.0226778  0.0527638    0.02631 -0.0141521
 0.0166397    0.02631  0.0565327 -0.0139714
  0.362993 -0.0141521 -0.0139714   0.454774
IMAGINARY
          0  0.00119989    0.011398  0.00201776
-0.00119989           0    0.027319  0.00870254
  -0.011398   -0.027319           0  -0.0137627
-0.00201776 -0.00870254   0.0137627           0
Repeater1[0]<--->EndNode1[0]
REAL
   0.463385  0.00406269 -0.00211177     0.36446
 0.00406269   0.0708283   0.0135279    0.017835
-0.00211177   0.0135279    0.060024  -0.0147545
    0.36446    0.017835  -0.0147545    0.405762
IMAGINARY
          0 -0.00985544  0.00093749  -0.0226841
 0.00985544           0  0.00590553   0.0183172
-0.00093749 -0.00590553           0  -0.0193371
  0.0226841  -0.0183172   0.0193371           0
Repeater1[0]<--->HoM1[0]
REAL
   0.43593  0.0166397  0.0226778   0.362993
 0.0166397  0.0565327    0.02631 -0.0139714
 0.0226778    0.02631  0.0527638 -0.0141521
  0.362993 -0.0139714 -0.0141521   0.454774
IMAGINARY
          0    0.011398  0.00119989  0.00201776
  -0.011398           0   -0.027319  -0.0137627
-0.00119989    0.027319           0  0.00870254
-0.00201776   0.0137627 -0.00870254           0
EndNode1[0]<--->Repeater1[0]
REAL
  0.413838  0.0213913 -0.0155534   0.375865
 0.0213913  0.0639687  0.0179969 -0.0189734
-0.0155534  0.0179969  0.0744125 -0.0239488
  0.375865 -0.0189734 -0.0239488   0.447781
IMAGINARY
           0    0.0194457   -0.0167822   -0.0163691
  -0.0194457            0   -0.0137513  0.000284771
   0.0167822    0.0137513            0    0.0224325
   0.0163691 -0.000284771   -0.0224325            0
EndNode2[0]<--->HoM1[0]
REAL
   0.468992   0.0126772    0.010504    0.381794
  0.0126772   0.0620155   0.0127316 -0.00449599
   0.010504   0.0127316   0.0671835  -0.0106745
   0.381794 -0.00449599  -0.0106745    0.401809
IMAGINARY
          0 -0.00706033  0.00361296   0.0129552
 0.00706033           0  -0.0227591  0.00729846
-0.00361296   0.0227591           0 -0.00898588
 -0.0129552 -0.00729846  0.00898588           0
Repeater1[0]<--->EndNode1[0]
REAL
  0.413838 -0.0155534  0.0213913   0.375865
-0.0155534  0.0744125  0.0179969 -0.0239488
 0.0213913  0.0179969  0.0639687 -0.0189734
  0.375865 -0.0239488 -0.0189734   0.447781
IMAGINARY
           0   -0.0167822    0.0194457   -0.0163691
   0.0167822            0    0.0137513    0.0224325
  -0.0194457   -0.0137513            0  0.000284771
   0.0163691   -0.0224325 -0.000284771            0
Repeater1[0]<--->HoM1[0]
REAL
   0.468992    0.010504   0.0126772    0.381794
   0.010504   0.0671835   0.0127316  -0.0106745
  0.0126772   0.0127316   0.0620155 -0.00449599
   0.381794  -0.0106745 -0.00449599    0.401809
IMAGINARY
          0  0.00361296 -0.00706033   0.0129552
-0.00361296           0   0.0227591 -0.00898588
 0.00706033  -0.0227591           0  0.00729846
 -0.0129552  0.00898588 -0.00729846           0
EndNode1[0]<--->Repeater1[0]
REAL
  0.441524 -0.0203381 -0.0136753   0.372635
-0.0203381  0.0525624  0.0245501 0.00694331
-0.0136753  0.0245501  0.0538765 0.00871015
  0.372635 0.00694331 0.00871015   0.452037
IMAGINARY
          0   0.0321422  -0.0143373   0.0167551
 -0.0321422           0  -0.0128891   0.0149978
  0.0143373   0.0128891           0 -0.00770359
 -0.0167551  -0.0149978  0.00770359           0
EndNode2[0]<--->HoM1[0]
REAL
   0.430065 -0.00731242 -0.00586373    0.360849
-0.00731242   0.0562092   0.0127971  -0.0416694
-0.00586373   0.0127971    0.048366  -0.0293903
   0.360849  -0.0416694  -0.0293903    0.465359
IMAGINARY
          0 -0.00401212  0.00619781  -0.0182677
 0.00401212           0  0.00623561   0.0210749
-0.00619781 -0.00623561           0  -0.0089749
  0.0182677  -0.0210749   0.0089749           0
Repeater1[0]<--->EndNode1[0]
REAL
  0.441524 -0.0136753 -0.0203381   0.372635
-0.0136753  0.0538765  0.0245501 0.00871015
-0.0203381  0.0245501  0.0525624 0.00694331
  0.372635 0.00871015 0.00694331   0.452037
IMAGINARY
          0  -0.0143373   0.0321422   0.0167551
  0.0143373           0   0.0128891 -0.00770359
 -0.0321422  -0.0128891           0   0.0149978
 -0.0167551  0.00770359  -0.0149978           0
Repeater1[0]<--->HoM1[0]
REAL
   0.430065 -0.00586373 -0.00731242    0.360849
-0.00586373    0.048366   0.0127971  -0.0293903
-0.00731242   0.0127971   0.0562092  -0.0416694
   0.360849  -0.0293903  -0.0416694    0.465359
IMAGINARY
          0  0.00619781 -0.00401212  -0.0182677
-0.00619781           0 -0.00623561  -0.0089749
 0.00401212  0.00623561           0   0.0210749
  0.0182677   0.0089749  -0.0210749           0
EndNode1[0]<--->Repeater1[0]
REAL
   0.470735 0.000130513   -0.011805    0.359626
0.000130513   0.0709838   0.0122365  -0.0218806
  -0.011805   0.0122365   0.0647572  -0.0245691
   0.359626  -0.0218806  -0.0245691    0.393524
IMAGINARY
          0  0.00506718 -0.00362933  -0.0164026
-0.00506718           0 -0.00490061 -0.00239476
 0.00362933  0.00490061           0  -0.0204621
  0.0164026  0.00239476   0.0204621           0
EndNode2[0]<--->HoM1[0]
REAL
  0.449612  0.0186564 0.00554543    0.37059
 0.0186564  0.0633075  0.0165069  0.0093429
0.00554543  0.0165069  0.0490956 0.00739816
   0.37059  0.0093429 0.00739816   0.437984
IMAGINARY
          0  0.00585326  -0.0162468 -0.00359132
-0.00585326           0   0.0126587  -0.0111963
  0.0162468  -0.0126587           0   0.0202512
 0.00359132   0.0111963  -0.0202512           0
Repeater1[0]<--->EndNode1[0]
REAL
   0.470735   -0.011805 0.000130513    0.359626
  -0.011805   0.0647572   0.0122365  -0.0245691
0.000130513   0.0122365   0.0709838  -0.0218806
   0.359626  -0.0245691  -0.0218806    0.393524
IMAGINARY
          0 -0.00362933  0.00506718  -0.0164026
 0.00362933           0  0.00490061  -0.0204621
-0.00506718 -0.00490061           0 -0.00239476
  0.0164026   0.0204621  0.00239476           0
Repeater1[0]<--->HoM1[0]
REAL
  0.449612 0.00554543  0.0186564    0.37059
0.00554543  0.0490956  0.0165069 0.00739816
 0.0186564  0.0165069  0.0633075  0.0093429
   0.37059 0.00739816  0.0093429   0.437984
IMAGINARY
          0  -0.0162468  0.00585326 -0.00359132
  0.0162468           0  -0.0126587   0.0202512
-0.00585326   0.0126587           0  -0.0111963
 0.00359132  -0.0202512   0.0111963           0
EndNode1[0]<--->Repeater1[0]
REAL
   0.443445   0.0236563   0.0125329    0.374253
  0.0236563    0.059126  0.00468776 -0.00433619
  0.0125329  0.00468776   0.0552699  0.00471694
   0.374253 -0.00433619  0.00471694    0.442159
IMAGINARY
           0    0.0130653 -0.000518248    0.0119394
  -0.0130653            0    0.0184839   -0.0212209
 0.000518248   -0.0184839            0   0.00867383
  -0.0119394    0.0212209  -0.00867383            0
EndNode2[0]<--->HoM1[0]
REAL
   0.445722  0.00708315   0.0111847    0.367041
 0.00708315   0.0651341   0.0240097  -0.0118332
  0.0111847   0.0240097   0.0587484 -0.00773166
   0.367041  -0.0118332 -0.00773166    0.430396
IMAGINARY
           0    0.0163493  0.000686867   -0.0158351
  -0.0163493            0    0.0145882   -0.0284271
-0.000686867   -0.0145882            0    0.0222163
   0.0158351    0.0284271   -0.0222163            0
Repeater1[0]<--->EndNode1[0]
REAL
   0.443445   0.0125329   0.0236563    0.374253
  0.0125329   0.0552699  0.00468776  0.00471694
  0.0236563  0.00468776    0.059126 -0.00433619
   0.374253  0.00471694 -0.00433619    0.442159
IMAGINARY
           0 -0.000518248    0.0130653    0.0119394
 0.000518248            0   -0.0184839   0.00867383
  -0.0130653    0.0184839            0   -0.0212209
  -0.0119394  -0.00867383    0.0212209            0
Repeater1[0]<--->HoM1[0]
REAL
   0.445722   0.0111847  0.00708315    0.367041
  0.0111847   0.0587484   0.0240097 -0.00773166
 0.00708315   0.0240097   0.0651341  -0.0118332
   0.367041 -0.00773166  -0.0118332    0.430396
IMAGINARY
           0  0.000686867    0.0163493   -0.0158351
-0.000686867            0   -0.0145882    0.0222163
  -0.0163493    0.0145882            0   -0.0284271
   0.0158351   -0.0222163    0.0284271            0
EndNode1[0]<--->Repeater1[0]
REAL
   0.43364  0.0146517 -0.0073561   0.368066
 0.0146517  0.0512484  0.0191712 0.00549737
-0.0073561  0.0191712  0.0525624 -0.0103146
  0.368066 0.00549737 -0.0103146   0.462549
IMAGINARY
          0  -0.0075236  0.00423744  0.00349576
  0.0075236           0  -0.0184115 -0.00300894
-0.00423744   0.0184115           0  -0.0195034
-0.00349576  0.00300894   0.0195034           0
EndNode2[0]<--->HoM1[0]
REAL
  0.444887 -0.0146362 -0.0123539    0.36838
-0.0146362  0.0664011  0.0149093 -0.0168239
-0.0123539  0.0149093  0.0531208  -0.011889
   0.36838 -0.0168239  -0.011889   0.435591
IMAGINARY
          0  0.00478225 -0.00413124 -0.00020968
-0.00478225           0 -0.00392255 -0.00101014
 0.00413124  0.00392255           0 -0.00992364
 0.00020968  0.00101014  0.00992364           0
Repeater1[0]<--->EndNode1[0]
REAL
   0.43364 -0.0073561  0.0146517   0.368066
-0.0073561  0.0525624  0.0191712 -0.0103146
 0.0146517  0.0191712  0.0512484 0.00549737
  0.368066 -0.0103146 0.00549737   0.462549
IMAGINARY
          0  0.00423744  -0.0075236  0.00349576
-0.00423744           0   0.0184115  -0.0195034
  0.0075236  -0.0184115           0 -0.00300894
-0.00349576   0.0195034  0.00300894           0
Repeater1[0]<--->HoM1[0]
REAL
  0.444887 -0.0123539 -0.0146362    0.36838
-0.0123539  0.0531208  0.0149093  -0.011889
-0.0146362  0.0149093  0.0664011 -0.0168239
   0.36838  -0.011889 -0.0168239   0.435591
IMAGINARY
          0 -0.00413124  0.00478225 -0.00020968
 0.00413124           0  0.00392255 -0.00992364
-0.00478225 -0.00392255           0 -0.00101014
 0.00020968  0.00992364  0.00101014           0
EndNode1[0]<--->Repeater1[0]
REAL
  0.426376 -0.0118816 -0.0182311   0.360676
-0.0118816  0.0653009  0.0157567  0.0226897
-0.0182311  0.0157567  0.0678617  0.0227096
  0.360676  0.0226897  0.0227096   0.440461
IMAGINARY
          0  0.00204627   -0.011712  -0.0109979
-0.00204627           0 -0.00830971  -0.0123522
   0.011712  0.00830971           0  0.00864891
  0.0109979   0.0123522 -0.00864891           0
EndNode2[0]<--->HoM1[0]
REAL
   0.409922 -0.00339391   0.0054245    0.371036
-0.00339391   0.0548303   0.0333004 -0.00159797
  0.0054245   0.0333004   0.0548303  0.00849595
   0.371036 -0.00159797  0.00849595    0.480418
IMAGINARY
           0     0.020609 -3.06221e-05   -0.0241049
   -0.020609            0   -0.0162924  -0.00814548
 3.06221e-05    0.0162924            0   -0.0086593
   0.0241049   0.00814548    0.0086593            0
Repeater1[0]<--->EndNode1[0]
REAL
  0.426376 -0.0182311 -0.0118816   0.360676
-0.0182311  0.0678617  0.0157567  0.0227096
-0.0118816  0.0157567  0.0653009  0.0226897
  0.360676  0.0227096  0.0226897   0.440461
IMAGINARY
          0   -0.011712  0.00204627  -0.0109979
   0.011712           0  0.00830971  0.00864891
-0.00204627 -0.00830971           0  -0.0123522
  0.0109979 -0.00864891   0.0123522           0
Repeater1[0]<--->HoM1[0]
REAL
   0.409922   0.0054245 -0.00339391    0.371036
  0.0054245   0.0548303   0.0333004  0.00849595
-0.00339391   0.0333004   0.0548303 -0.00159797
   0.371036  0.00849595 -0.00159797    0.480418
IMAGINARY
           0 -3.06221e-05     0.020609   -0.0241049
 3.06221e-05            0    0.0162924   -0.0086593
   -0.020609   -0.0162924            0  -0.00814548
   0.0241049    0.0086593   0.00814548            0
EndNode1[0]<--->Repeater1[0]
REAL
   0.454198   0.0179533 -0.00327559    0.370419
  0.0179533   0.0559796   0.0209424   0.0202913
-0.00327559   0.0209424    0.062341   0.0134603
   0.370419   0.0202913   0.0134603    0.427481
IMAGINARY
           0 -0.000628549   0.00366165    0.0141506
 0.000628549            0  -0.00657482  -0.00758835
 -0.00366165   0.00657482            0  -0.00722485
  -0.0141506   0.00758835   0.00722485            0
EndNode2[0]<--->HoM1[0]
REAL
      0.445 -0.00970203  -0.0222249      0.3645
-0.00970203       0.055 -0.00646768  0.00665828
 -0.0222249 -0.00646768       0.065   0.0065887
     0.3645  0.00665828   0.0065887       0.435
IMAGINARY
          0 -0.00508108   0.0135411  -0.0224945
