EndNode1[0]<--->Repeater1[0]
REAL
  0.472727 -0.0127259 -0.0163443   0.383783
-0.0127259  0.0519481 0.00925826 0.00345769
-0.0163443 0.00925826   0.061039 0.00112798
  0.383783 0.00345769 0.00112798   0.414286
IMAGINARY
           0    0.0174781  0.000566297  -0.00389942
  -0.0174781            0   0.00712522    -0.010072
-0.000566297  -0.00712522            0  -0.00670494
  0.00389942     0.010072   0.00670494            0
EndNode2[0]<--->HoM1[0]
REAL
  0.457831 0.00702811  0.0105446   0.394528
0.00702811  0.0414993 0.00908647  0.0142211
 0.0105446 0.00908647  0.0629183 0.00702811
  0.394528  0.0142211 0.00702811   0.437751
IMAGINARY
           0  0.000940546    0.0141921   -0.0188094
-0.000940546            0   -0.0102229   -0.0106121
  -0.0141921    0.0102229            0   -0.0212269
   0.0188094    0.0106121    0.0212269            0
Repeater1[0]<--->EndNode1[0]
REAL
  0.472727 -0.0163443 -0.0127259   0.383783
-0.0163443   0.061039 0.00925826 0.00112798
-0.0127259 0.00925826  0.0519481 0.00345769
  0.383783 0.00112798 0.00345769   0.414286
IMAGINARY
           0  0.000566297    0.0174781  -0.00389942
-0.000566297            0  -0.00712522  -0.00670494
  -0.0174781   0.00712522            0    -0.010072
  0.00389942   0.00670494     0.010072            0
Repeater1[0]<--->HoM1[0]
REAL
  0.457831  0.0105446 0.00702811   0.394528
 0.0105446  0.0629183 0.00908647 0.00702811
0.00702811 0.00908647  0.0414993  0.0142211
  0.394528 0.00702811  0.0142211   0.437751
IMAGINARY
           0    0.0141921  0.000940546   -0.0188094
  -0.0141921            0    0.0102229   -0.0212269
-0.000940546   -0.0102229            0   -0.0106121
   0.0188094    0.0212269    0.0106121            0
EndNode1[0]<--->Repeater1[0]
REAL
   0.491094 0.000437857  0.00174047    0.390204
0.000437857   0.0534351  0.00719884  -0.0121301
 0.00174047  0.00719884   0.0496183  -0.0199184
   0.390204  -0.0121301  -0.0199184    0.405852
IMAGINARY
          0   0.0171114 -0.00911553 -0.00730739
 -0.0171114           0  -0.0310574  -0.0142835
 0.00911553   0.0310574           0 -0.00233306
 0.00730739   0.0142835  0.00233306           0
EndNode2[0]<--->HoM1[0]
REAL
  0.466491  0.0202419 0.00696779   0.391467
 0.0202419  0.0394218   0.019672   0.022444
0.00696779   0.019672   0.065703 0.00291202
  0.391467   0.022444 0.00291202   0.428384
IMAGINARY
          0   0.0126916  -0.0284542   0.0254649
 -0.0126916           0 -0.00119308  -0.0061612
  0.0284542  0.00119308           0    0.027052
 -0.0254649   0.0061612   -0.027052           0
Repeater1[0]<--->EndNode1[0]
REAL
   0.491094  0.00174047 0.000437857    0.390204
 0.00174047   0.0496183  0.00719884  -0.0199184
0.000437857  0.00719884   0.0534351  -0.0121301
   0.390204  -0.0199184  -0.0121301    0.405852
IMAGINARY
          0 -0.00911553   0.0171114 -0.00730739
 0.00911553           0   0.0310574 -0.00233306
 -0.0171114  -0.0310574           0  -0.0142835
 0.00730739  0.00233306   0.0142835           0
Repeater1[0]<--->HoM1[0]
REAL
  0.466491 0.00696779  0.0202419   0.391467
0.00696779   0.065703   0.019672 0.00291202
 0.0202419   0.019672  0.0394218   0.022444
  0.391467 0.00291202   0.022444   0.428384
IMAGINARY
          0  -0.0284542   0.0126916   0.0254649
  0.0284542           0  0.00119308    0.027052
 -0.0126916 -0.00119308           0  -0.0061612
 -0.0254649   -0.027052   0.0061612           0
EndNode1[0]<--->Repeater1[0]
REAL
   0.445013  -0.0180241  -0.0398809    0.392243
 -0.0180241    0.056266  0.00377706 0.000728189
 -0.0398809  0.00377706   0.0741688 -0.00444063
   0.392243 0.000728189 -0.00444063    0.424552
IMAGINARY
          0    0.008407 -0.00180738 -0.00475764
  -0.008407           0  -0.0131232  -0.0064309
 0.00180738   0.0131232           0   -0.012843
 0.00475764   0.0064309    0.012843           0
EndNode2[0]<--->HoM1[0]
REAL
   0.47765 -0.0167335  0.0086006   0.408992
-0.0167335  0.0561941  0.0141851 -0.0177152
 0.0086006  0.0141851  0.0536398 0.00371263
  0.408992 -0.0177152 0.00371263   0.412516
IMAGINARY
          0   0.0245954   -0.028074 -0.00277727
 -0.0245954           0   0.0109124 -0.00588076
   0.028074  -0.0109124           0  0.00536464
 0.00277727  0.00588076 -0.00536464           0
Repeater1[0]<--->EndNode1[0]
REAL
   0.445013  -0.0398809  -0.0180241    0.392243
 -0.0398809   0.0741688  0.00377706 -0.00444063
 -0.0180241  0.00377706    0.056266 0.000728189
   0.392243 -0.00444063 0.000728189    0.424552
IMAGINARY
          0 -0.00180738    0.008407 -0.00475764
 0.00180738           0   0.0131232   -0.012843
  -0.008407  -0.0131232           0  -0.0064309
 0.00475764    0.012843   0.0064309           0
Repeater1[0]<--->HoM1[0]
REAL
   0.47765  0.0086006 -0.0167335   0.408992
 0.0086006  0.0536398  0.0141851 0.00371263
-0.0167335  0.0141851  0.0561941 -0.0177152
  0.408992 0.00371263 -0.0177152   0.412516
IMAGINARY
          0   -0.028074   0.0245954 -0.00277727
   0.028074           0  -0.0109124  0.00536464
 -0.0245954   0.0109124           0 -0.00588076
 0.00277727 -0.00536464  0.00588076           0
EndNode1[0]<--->Repeater1[0]
REAL
    0.441592  -0.00127374  0.000963606     0.380397
 -0.00127374    0.0564827  0.000893608 -0.000318445
 0.000963606  0.000893608     0.055199 -0.000661744
    0.380397 -0.000318445 -0.000661744     0.446727
IMAGINARY
          0  -0.0117097   0.0028422  0.00590602
  0.0117097           0   0.0294047 -0.00222109
 -0.0028422  -0.0294047           0   0.0023929
-0.00590602  0.00222109  -0.0023929           0
EndNode2[0]<--->HoM1[0]
REAL
  0.474279 -0.0105675  0.0101727   0.392326
-0.0105675  0.0828105 0.00300814  0.0219837
 0.0101727 0.00300814  0.0388959  0.0162422
  0.392326  0.0219837  0.0162422   0.404015
IMAGINARY
           0  -0.00687347   0.00950401  0.000595533
  0.00687347            0    0.0142432    0.0040095
 -0.00950401   -0.0142432            0   0.00622997
-0.000595533   -0.0040095  -0.00622997            0
Repeater1[0]<--->EndNode1[0]
REAL
    0.441592  0.000963606  -0.00127374     0.380397
 0.000963606     0.055199  0.000893608 -0.000661744
 -0.00127374  0.000893608    0.0564827 -0.000318445
    0.380397 -0.000661744 -0.000318445     0.446727
IMAGINARY
          0   0.0028422  -0.0117097  0.00590602
 -0.0028422           0  -0.0294047   0.0023929
  0.0117097   0.0294047           0 -0.00222109
-0.00590602  -0.0023929  0.00222109           0
Repeater1[0]<--->HoM1[0]
REAL
  0.474279  0.0101727 -0.0105675   0.392326
 0.0101727  0.0388959 0.00300814  0.0162422
-0.0105675 0.00300814  0.0828105  0.0219837
  0.392326  0.0162422  0.0219837   0.404015
IMAGINARY
           0   0.00950401  -0.00687347  0.000595533
 -0.00950401            0   -0.0142432   0.00622997
  0.00687347    0.0142432            0    0.0040095
-0.000595533  -0.00622997   -0.0040095            0
EndNode1[0]<--->Repeater1[0]
REAL
  0.451613  0.0159835 0.00763612   0.375216
 0.0159835  0.0573477  0.0105746 0.00763612
0.00763612  0.0105746  0.0716846 -0.0033673
  0.375216 0.00763612 -0.0033673   0.419355
IMAGINARY
          0  -0.0391881 -0.00960672 -0.00542968
  0.0391881           0   0.0041734   0.0206564
 0.00960672  -0.0041734           0 -0.00501084
 0.00542968  -0.0206564  0.00501084           0
EndNode2[0]<--->HoM1[0]
REAL
   0.457604  0.00348471           0    0.400082
 0.00348471   0.0538358 -0.00305951 -0.00248139
          0 -0.00305951   0.0524899  -0.0245765
   0.400082 -0.00248139  -0.0245765     0.43607
IMAGINARY
          0    0.013328   -0.014202  0.00621639
  -0.013328           0 -0.00363907  -0.0237561
   0.014202  0.00363907           0  0.00106992
-0.00621639   0.0237561 -0.00106992           0
Repeater1[0]<--->EndNode1[0]
REAL
  0.451613 0.00763612  0.0159835   0.375216
0.00763612  0.0716846  0.0105746 -0.0033673
 0.0159835  0.0105746  0.0573477 0.00763612
  0.375216 -0.0033673 0.00763612   0.419355
IMAGINARY
          0 -0.00960672  -0.0391881 -0.00542968
 0.00960672           0  -0.0041734 -0.00501084
  0.0391881   0.0041734           0   0.0206564
 0.00542968  0.00501084  -0.0206564           0
Repeater1[0]<--->HoM1[0]
REAL
   0.457604           0  0.00348471    0.400082
          0   0.0524899 -0.00305951  -0.0245765
 0.00348471 -0.00305951   0.0538358 -0.00248139
   0.400082  -0.0245765 -0.00248139     0.43607
IMAGINARY
          0   -0.014202    0.013328  0.00621639
   0.014202           0  0.00363907  0.00106992
  -0.013328 -0.00363907           0  -0.0237561
-0.00621639 -0.00106992   0.0237561           0
EndNode1[0]<--->Repeater1[0]
REAL
   0.470665 0.000205311 -0.00552721    0.394252
0.000205311   0.0560626 -0.00508606  0.00988586
-0.00552721 -0.00508606   0.0443286  0.00290801
   0.394252  0.00988586  0.00290801    0.428944
IMAGINARY
           0   -0.0119425   -0.0189776    0.0126153
   0.0119425            0    0.0119548 -0.000227649
   0.0189776   -0.0119548            0   0.00465775
  -0.0126153  0.000227649  -0.00465775            0
EndNode2[0]<--->HoM1[0]
REAL
   0.496766 -0.00270304   0.0107104    0.401342
-0.00270304   0.0452781   0.0180532  -0.0157482
  0.0107104   0.0180532   0.0465718  0.00774082
   0.401342  -0.0157482  0.00774082    0.411384
IMAGINARY
          0  -0.0113442 -0.00348622 -0.00323043
  0.0113442           0 -0.00567542  0.00215996
 0.00348622  0.00567542           0  0.00736545
 0.00323043 -0.00215996 -0.00736545           0
Repeater1[0]<--->EndNode1[0]
REAL
   0.470665 -0.00552721 0.000205311    0.394252
-0.00552721   0.0443286 -0.00508606  0.00290801
0.000205311 -0.00508606   0.0560626  0.00988586
   0.394252  0.00290801  0.00988586    0.428944
IMAGINARY
           0   -0.0189776   -0.0119425    0.0126153
   0.0189776            0   -0.0119548   0.00465775
   0.0119425    0.0119548            0 -0.000227649
  -0.0126153  -0.00465775  0.000227649            0
Repeater1[0]<--->HoM1[0]
REAL
   0.496766   0.0107104 -0.00270304    0.401342
  0.0107104   0.0465718   0.0180532  0.00774082
-0.00270304   0.0180532   0.0452781  -0.0157482
   0.401342  0.00774082  -0.0157482    0.411384
IMAGINARY
          0 -0.00348622  -0.0113442 -0.00323043
 0.00348622           0  0.00567542  0.00736545
  0.0113442 -0.00567542           0  0.00215996
 0.00323043 -0.00736545 -0.00215996           0
EndNode1[0]<--->Repeater1[0]
REAL
    0.467681  0.000737976 -0.000110924     0.378413
 0.000737976    0.0532319     0.021078   -0.0113395
-0.000110924     0.021078    0.0671736   0.00689561
    0.378413   -0.0113395   0.00689561     0.411914
IMAGINARY
          0  0.00445402  -0.0127335  -0.0147727
-0.00445402           0  0.00824524 -0.00139844
  0.0127335 -0.00824524           0 -0.00916465
  0.0147727  0.00139844  0.00916465           0
EndNode2[0]<--->HoM1[0]
REAL
   0.470511  0.00939325 -0.00221393    0.395099
 0.00939325   0.0668414   0.0007057 0.000184156
-0.00221393   0.0007057   0.0471822  -0.0100698
   0.395099 0.000184156  -0.0100698    0.415465
IMAGINARY
           0 -0.000993194    0.0156388   0.00188994
 0.000993194            0 -0.000102095  -0.00194912
  -0.0156388  0.000102095            0   0.00686021
 -0.00188994   0.00194912  -0.00686021            0
Repeater1[0]<--->EndNode1[0]
REAL
    0.467681 -0.000110924  0.000737976     0.378413
-0.000110924    0.0671736     0.021078   0.00689561
 0.000737976     0.021078    0.0532319   -0.0113395
    0.378413   0.00689561   -0.0113395     0.411914
IMAGINARY
          0  -0.0127335  0.00445402  -0.0147727
  0.0127335           0 -0.00824524 -0.00916465
-0.00445402  0.00824524           0 -0.00139844
  0.0147727  0.00916465  0.00139844           0
Repeater1[0]<--->HoM1[0]
REAL
   0.470511 -0.00221393  0.00939325    0.395099
-0.00221393   0.0471822   0.0007057  -0.0100698
 0.00939325   0.0007057   0.0668414 0.000184156
   0.395099  -0.0100698 0.000184156    0.415465
IMAGINARY
           0    0.0156388 -0.000993194   0.00188994
  -0.0156388            0  0.000102095   0.00686021
 0.000993194 -0.000102095            0  -0.00194912
 -0.00188994  -0.00686021   0.00194912            0
EndNode1[0]<--->Repeater1[0]
REAL
  0.459494  0.0121445  0.0115277   0.392817
 0.0121445   0.064557 0.00867916   0.012163
 0.0115277 0.00867916  0.0632911  0.0102994
  0.392817   0.012163  0.0102994   0.412658
IMAGINARY
           0 -0.000746674    0.0205631   -0.0233501
 0.000746674            0   -0.0122663   -0.0198734
  -0.0205631    0.0122663            0   -0.0164947
   0.0233501    0.0198734    0.0164947            0
EndNode2[0]<--->HoM1[0]
REAL
   0.473819  0.00740717  0.00999517    0.393321
 0.00740717   0.0446999 0.000637575   0.0140492
 0.00999517 0.000637575   0.0446999 -0.00309151
   0.393321   0.0140492 -0.00309151    0.436782
IMAGINARY
          0   0.0128831  0.00134051    0.011651
 -0.0128831           0   -0.013519  -0.0208527
-0.00134051    0.013519           0  -0.0153221
  -0.011651   0.0208527   0.0153221           0
Repeater1[0]<--->EndNode1[0]
REAL
  0.459494  0.0115277  0.0121445   0.392817
 0.0115277  0.0632911 0.00867916  0.0102994
 0.0121445 0.00867916   0.064557   0.012163
  0.392817  0.0102994   0.012163   0.412658
IMAGINARY
           0    0.0205631 -0.000746674   -0.0233501
  -0.0205631            0    0.0122663   -0.0164947
 0.000746674   -0.0122663            0   -0.0198734
   0.0233501    0.0164947    0.0198734            0
Repeater1[0]<--->HoM1[0]
REAL
   0.473819  0.00999517  0.00740717    0.393321
 0.00999517   0.0446999 0.000637575 -0.00309151
 0.00740717 0.000637575   0.0446999   0.0140492
   0.393321 -0.00309151   0.0140492    0.436782
IMAGINARY
          0  0.00134051   0.0128831    0.011651
-0.00134051           0    0.013519  -0.0153221
 -0.0128831   -0.013519           0  -0.0208527
  -0.011651   0.0153221   0.0208527           0
EndNode1[0]<--->Repeater1[0]
REAL
  0.471178 0.00606988 0.00385577   0.377074
0.00606988  0.0526316  0.0122755 0.00513455
0.00385577  0.0122755  0.0639098  0.0139854
  0.377074 0.00513455  0.0139854   0.412281
IMAGINARY
          0  0.00607039 -0.00910858   0.0103724
-0.00607039           0 -0.00915883 -0.00977083
 0.00910858  0.00915883           0  0.00671889
 -0.0103724  0.00977083 -0.00671889           0
EndNode2[0]<--->HoM1[0]
REAL
   0.465234  0.00441915  -0.0130328    0.405368
 0.00441915   0.0530973 -0.00118493   0.0150571
 -0.0130328 -0.00118493   0.0594185 -0.00104533
   0.405368   0.0150571 -0.00104533     0.42225
IMAGINARY
           0   -0.0255943    0.0136704  0.000273737
   0.0255943            0   0.00216529    0.0130286
  -0.0136704  -0.00216529            0  -0.00959987
-0.000273737   -0.0130286   0.00959987            0
Repeater1[0]<--->EndNode1[0]
REAL
  0.471178 0.00385577 0.00606988   0.377074
0.00385577  0.0639098  0.0122755  0.0139854
0.00606988  0.0122755  0.0526316 0.00513455
  0.377074  0.0139854 0.00513455   0.412281
IMAGINARY
          0 -0.00910858  0.00607039   0.0103724
 0.00910858           0  0.00915883  0.00671889
-0.00607039 -0.00915883           0 -0.00977083
 -0.0103724 -0.00671889  0.00977083           0
Repeater1[0]<--->HoM1[0]
REAL
   0.465234  -0.0130328  0.00441915    0.405368
 -0.0130328   0.0594185 -0.00118493 -0.00104533
 0.00441915 -0.00118493   0.0530973   0.0150571
   0.405368 -0.00104533   0.0150571     0.42225
IMAGINARY
           0    0.0136704   -0.0255943  0.000273737
  -0.0136704            0  -0.00216529  -0.00959987
   0.0255943   0.00216529            0    0.0130286
-0.000273737   0.00959987   -0.0130286            0
EndNode1[0]<--->Repeater1[0]
REAL
    0.485788    0.0156614 -0.000355694      0.38175
   0.0156614    0.0607235   0.00642507  -0.00350035
-0.000355694   0.00642507    0.0607235     -0.01052
     0.38175  -0.00350035     -0.01052     0.392765
IMAGINARY
           0   -0.0206639    0.0227849   0.00120252
   0.0206639            0    0.0204827  0.000591706
  -0.0227849   -0.0204827            0  -0.00531011
 -0.00120252 -0.000591706   0.00531011            0
EndNode2[0]<--->HoM1[0]
REAL
   0.50062  -0.015484 -0.0129133   0.398384
 -0.015484  0.0433705 0.00357693 0.00441659
-0.0129133 0.00357693  0.0495663 0.00568005
  0.398384 0.00441659 0.00568005   0.406444
IMAGINARY
          0 -0.00777207 -0.00295367  -0.0170951
 0.00777207           0  0.00866448 -0.00170678
 0.00295367 -0.00866448           0  0.00577473
  0.0170951  0.00170678 -0.00577473           0
Repeater1[0]<--->EndNode1[0]
REAL
    0.485788 -0.000355694    0.0156614      0.38175
-0.000355694    0.0607235   0.00642507     -0.01052
   0.0156614   0.00642507    0.0607235  -0.00350035
     0.38175     -0.01052  -0.00350035     0.392765
IMAGINARY
           0    0.0227849   -0.0206639   0.00120252
  -0.0227849            0   -0.0204827  -0.00531011
   0.0206639    0.0204827            0  0.000591706
 -0.00120252   0.00531011 -0.000591706            0
Repeater1[0]<--->HoM1[0]
REAL
   0.50062 -0.0129133  -0.015484   0.398384
-0.0129133  0.0495663 0.00357693 0.00568005
 -0.015484 0.00357693  0.0433705 0.00441659
  0.398384 0.00568005 0.00441659   0.406444
IMAGINARY
          0 -0.00295367 -0.00777207  -0.0170951
 0.00295367           0 -0.00866448  0.00577473
 0.00777207  0.00866448           0 -0.00170678
  0.0170951 -0.00577473  0.00170678           0
EndNode1[0]<--->Repeater1[0]
REAL
   0.430809 -0.00351538  -0.0132574    0.399583
-0.00351538   0.0639687 -0.00841741   0.0164584
 -0.0132574 -0.00841741   0.0535248  -0.0124897
   0.399583   0.0164584  -0.0124897    0.451697
IMAGINARY
          0  0.00504943  -0.0171556 -0.00155762
-0.00504943           0 -0.00221122 -0.00151106
  0.0171556  0.00221122           0  0.00695057
 0.00155762  0.00151106 -0.00695057           0
EndNode2[0]<--->HoM1[0]
REAL
   0.463568 -0.00168687   0.0124107    0.397231
-0.00168687   0.0439698  0.00428402  0.00021557
  0.0124107  0.00428402   0.0540201   0.0143131
   0.397231  0.00021557   0.0143131    0.438442
IMAGINARY
          0   0.0118432  -0.0288673  0.00380682
 -0.0118432           0  -0.0011683 -0.00261887
  0.0288673   0.0011683           0   0.0158646
-0.00380682  0.00261887  -0.0158646           0
Repeater1[0]<--->EndNode1[0]
REAL
   0.430809  -0.0132574 -0.00351538    0.399583
 -0.0132574   0.0535248 -0.00841741  -0.0124897
-0.00351538 -0.00841741   0.0639687   0.0164584
   0.399583  -0.0124897   0.0164584    0.451697
IMAGINARY
          0  -0.0171556  0.00504943 -0.00155762
  0.0171556           0  0.00221122  0.00695057
-0.00504943 -0.00221122           0 -0.00151106
 0.00155762 -0.00695057  0.00151106           0
Repeater1[0]<--->HoM1[0]
REAL
   0.463568   0.0124107 -0.00168687    0.397231
  0.0124107   0.0540201  0.00428402   0.0143131
-0.00168687  0.00428402   0.0439698  0.00021557
   0.397231   0.0143131  0.00021557    0.438442
IMAGINARY
          0  -0.0288673   0.0118432  0.00380682
  0.0288673           0   0.0011683   0.0158646
 -0.0118432  -0.0011683           0 -0.00261887
-0.00380682  -0.0158646  0.00261887           0
EndNode1[0]<--->Repeater1[0]
REAL
   0.485388  -0.0140061  -0.0170272    0.374856
 -0.0140061   0.0597205  0.00568544  0.00471193
 -0.0170272  0.00568544   0.0520966 0.000459305
   0.374856  0.00471193 0.000459305    0.402795
IMAGINARY
          0   0.0183544  0.00851464  0.00667755
 -0.0183544           0   -0.020403 -0.00980997
-0.00851464    0.020403           0  -0.0105824
-0.00667755  0.00980997   0.0105824           0
EndNode2[0]<--->HoM1[0]
REAL
    0.490956  -0.00831202   -0.0248163     0.391154
 -0.00831202    0.0529716  -0.00240715 -0.000759115
  -0.0248163  -0.00240715    0.0400517  -0.00831202
    0.391154 -0.000759115  -0.00831202     0.416021
IMAGINARY
          0  0.00597959  0.00132608 -0.00365162
-0.00597959           0  -0.0181902  0.00590125
-0.00132608   0.0181902           0 -0.00663662
 0.00365162 -0.00590125  0.00663662           0
Repeater1[0]<--->EndNode1[0]
REAL
   0.485388  -0.0170272  -0.0140061    0.374856
 -0.0170272   0.0520966  0.00568544 0.000459305
 -0.0140061  0.00568544   0.0597205  0.00471193
   0.374856 0.000459305  0.00471193    0.402795
IMAGINARY
          0  0.00851464   0.0183544  0.00667755
-0.00851464           0    0.020403  -0.0105824
 -0.0183544   -0.020403           0 -0.00980997
-0.00667755   0.0105824  0.00980997           0
Repeater1[0]<--->HoM1[0]
REAL
    0.490956   -0.0248163  -0.00831202     0.391154
  -0.0248163    0.0400517  -0.00240715  -0.00831202
 -0.00831202  -0.00240715    0.0529716 -0.000759115
    0.391154  -0.00831202 -0.000759115     0.416021
IMAGINARY
          0  0.00132608  0.00597959 -0.00365162
-0.00132608           0   0.0181902 -0.00663662
-0.00597959  -0.0181902           0  0.00590125
 0.00365162  0.00663662 -0.00590125           0
EndNode1[0]<--->Repeater1[0]
REAL
   0.456274  0.00432341  -0.0262692     0.38177
 0.00432341   0.0468948 -0.00788491   0.0141673
 -0.0262692 -0.00788491   0.0583016  -0.0126037
    0.38177   0.0141673  -0.0126037     0.43853
IMAGINARY
          0   0.0130331 -0.00177841  0.00417202
 -0.0130331           0  0.00417202  -0.0223595
 0.00177841 -0.00417202           0  0.00282899
-0.00417202   0.0223595 -0.00282899           0
EndNode2[0]<--->HoM1[0]
REAL
   0.441767  0.00430117 -0.00742853    0.407443
 0.00430117    0.038822  0.00953374   0.0216788
-0.00742853  0.00953374   0.0722892  0.00623167
   0.407443   0.0216788  0.00623167    0.447122
IMAGINARY
           0  -0.00631475  0.000922509  -0.00887222
  0.00631475            0   0.00689071  0.000922509
-0.000922509  -0.00689071            0    0.0253799
  0.00887222 -0.000922509   -0.0253799            0
Repeater1[0]<--->EndNode1[0]
REAL
   0.456274  -0.0262692  0.00432341     0.38177
 -0.0262692   0.0583016 -0.00788491  -0.0126037
 0.00432341 -0.00788491   0.0468948   0.0141673
    0.38177  -0.0126037   0.0141673     0.43853
IMAGINARY
          0 -0.00177841   0.0130331  0.00417202
 0.00177841           0 -0.00417202  0.00282899
 -0.0130331  0.00417202           0  -0.0223595
-0.00417202 -0.00282899   0.0223595           0
Repeater1[0]<--->HoM1[0]
REAL
   0.441767 -0.00742853  0.00430117    0.407443
-0.00742853   0.0722892  0.00953374  0.00623167
 0.00430117  0.00953374    0.038822   0.0216788
   0.407443  0.00623167   0.0216788    0.447122
IMAGINARY
           0  0.000922509  -0.00631475  -0.00887222
-0.000922509            0  -0.00689071    0.0253799
  0.00631475   0.00689071            0  0.000922509
  0.00887222   -0.0253799 -0.000922509            0
EndNode1[0]<--->Repeater1[0]
REAL
    0.46281  0.00188261  0.00183162    0.378517
 0.00188261    0.053719  0.00935798  -0.0168251
 0.00183162  0.00935798   0.0606061 -0.00123072
   0.378517  -0.0168251 -0.00123072    0.422865
IMAGINARY
          0 -0.00121076   0.0110342  -0.0123447
 0.00121076           0  -0.0272331  -0.0103666
 -0.0110342   0.0272331           0  -0.0208186
  0.0123447   0.0103666   0.0208186           0
EndNode2[0]<--->HoM1[0]
REAL
   0.472441   0.0107584   0.0101381    0.388049
  0.0107584   0.0446194   0.0051666  0.00744988
  0.0101381   0.0051666   0.0564304 -0.00698951
   0.388049  0.00744988 -0.00698951    0.426509
IMAGINARY
          0  -0.0230289  0.00532328    0.013411
  0.0230289           0   0.0108857   0.0223472
-0.00532328  -0.0108857           0 -0.00335459
  -0.013411  -0.0223472  0.00335459           0
Repeater1[0]<--->EndNode1[0]
REAL
    0.46281  0.00183162  0.00188261    0.378517
 0.00183162   0.0606061  0.00935798 -0.00123072
 0.00188261  0.00935798    0.053719  -0.0168251
   0.378517 -0.00123072  -0.0168251    0.422865
IMAGINARY
          0   0.0110342 -0.00121076  -0.0123447
 -0.0110342           0   0.0272331  -0.0208186
 0.00121076  -0.0272331           0  -0.0103666
  0.0123447   0.0208186   0.0103666           0
Repeater1[0]<--->HoM1[0]
REAL
   0.472441   0.0101381   0.0107584    0.388049
  0.0101381   0.0564304   0.0051666 -0.00698951
  0.0107584   0.0051666   0.0446194  0.00744988
   0.388049 -0.00698951  0.00744988    0.426509
IMAGINARY
          0  0.00532328  -0.0230289    0.013411
-0.00532328           0  -0.0108857 -0.00335459
  0.0230289   0.0108857           0   0.0223472
  -0.013411  0.00335459  -0.0223472           0
EndNode1[0]<--->Repeater1[0]
REAL
     0.47493 -0.000209644    0.0232704     0.384581
-0.000209644    0.0571031    0.0147897   -0.0100629
   0.0232704    0.0147897    0.0557103    0.0109015
    0.384581   -0.0100629    0.0109015     0.412256
IMAGINARY
          0 -0.00208752 -0.00428678  -0.0057098
 0.00208752           0   0.0282098 -0.00873405
 0.00428678  -0.0282098           0  0.00729586
  0.0057098  0.00873405 -0.00729586           0
EndNode2[0]<--->HoM1[0]
REAL
  0.445443 0.00652585  0.0103214   0.410476
0.00652585  0.0616175 0.00377399  0.0142688
 0.0103214 0.00377399  0.0436457  0.0180643
  0.410476  0.0142688  0.0180643   0.449294
IMAGINARY
          0   0.0149364  -0.0079259  0.00124554
 -0.0149364           0   0.0038565   -0.012442
  0.0079259  -0.0038565           0 -0.00376686
-0.00124554    0.012442  0.00376686           0
Repeater1[0]<--->EndNode1[0]
REAL
     0.47493    0.0232704 -0.000209644     0.384581
   0.0232704    0.0557103    0.0147897    0.0109015
-0.000209644    0.0147897    0.0571031   -0.0100629
    0.384581    0.0109015   -0.0100629     0.412256
IMAGINARY
          0 -0.00428678 -0.00208752  -0.0057098
 0.00428678           0  -0.0282098  0.00729586
 0.00208752   0.0282098           0 -0.00873405
  0.0057098 -0.00729586  0.00873405           0
Repeater1[0]<--->HoM1[0]
REAL
  0.445443  0.0103214 0.00652585   0.410476
 0.0103214  0.0436457 0.00377399  0.0180643
0.00652585 0.00377399  0.0616175  0.0142688
  0.410476  0.0180643  0.0142688   0.449294
IMAGINARY
          0  -0.0079259   0.0149364  0.00124554
  0.0079259           0  -0.0038565 -0.00376686
 -0.0149364   0.0038565           0   -0.012442
-0.00124554  0.00376686    0.012442           0
EndNode1[0]<--->Repeater1[0]
REAL
   0.481781 -0.00472471  -0.0150365    0.378583
-0.00472471   0.0674764    0.010162   0.0260326
 -0.0150365    0.010162   0.0445344  0.00795887
   0.378583   0.0260326  0.00795887    0.406208
IMAGINARY
          0 -0.00776834   0.0166922  -0.0167532
 0.00776834           0  0.00567105   0.0030446
 -0.0166922 -0.00567105           0 -0.00407376
  0.0167532  -0.0030446  0.00407376           0
EndNode2[0]<--->HoM1[0]
REAL
  0.466321 0.00575605 0.00823004   0.384682
0.00575605  0.0505181  0.0044804  0.0028537
0.00823004  0.0044804  0.0518135  0.0274952
  0.384682  0.0028537  0.0274952   0.431347
IMAGINARY
          0  0.00429252 -0.00914725   0.0112325
-0.00429252           0 -0.00282371  -0.0116598
 0.00914725  0.00282371           0   0.0202976
 -0.0112325   0.0116598  -0.0202976           0
Repeater1[0]<--->EndNode1[0]
REAL
   0.481781  -0.0150365 -0.00472471    0.378583
 -0.0150365   0.0445344    0.010162  0.00795887
-0.00472471    0.010162   0.0674764   0.0260326
   0.378583  0.00795887   0.0260326    0.406208
IMAGINARY
          0   0.0166922 -0.00776834  -0.0167532
 -0.0166922           0 -0.00567105 -0.00407376
 0.00776834  0.00567105           0   0.0030446
  0.0167532  0.00407376  -0.0030446           0
Repeater1[0]<--->HoM1[0]
REAL
  0.466321 0.00823004 0.00575605   0.384682
0.00823004  0.0518135  0.0044804  0.0274952
0.00575605  0.0044804  0.0505181  0.0028537
  0.384682  0.0274952  0.0028537   0.431347
IMAGINARY
          0 -0.00914725  0.00429252   0.0112325
 0.00914725           0  0.00282371   0.0202976
-0.00429252 -0.00282371           0  -0.0116598
 -0.0112325  -0.0202976   0.0116598           0
EndNode1[0]<--->Repeater1[0]
REAL
   0.492042   0.0113879  0.00690622    0.383958
  0.0113879   0.0530504   0.0242179  0.00881705
 0.00690622   0.0242179   0.0397878 -0.00195392
   0.383958  0.00881705 -0.00195392    0.415119
IMAGINARY
           0  0.000963027   -0.0184926   -0.0153016
-0.000963027            0  -0.00973053   0.00420684
   0.0184926   0.00973053            0  0.000335674
   0.0153016  -0.00420684 -0.000335674            0
EndNode2[0]<--->HoM1[0]
REAL
  0.477064  0.0191719  0.0198979   0.395074
 0.0191719  0.0432503 0.00605246 0.00575913
 0.0198979 0.00605246   0.051114 -0.0022758
  0.395074 0.00575913 -0.0022758   0.428571
IMAGINARY
           0    0.0110324 -0.000913286    0.0145693
  -0.0110324            0    0.0191807  -0.00624662
 0.000913286   -0.0191807            0   -0.0169989
  -0.0145693   0.00624662    0.0169989            0
Repeater1[0]<--->EndNode1[0]
REAL
   0.492042  0.00690622   0.0113879    0.383958
 0.00690622   0.0397878   0.0242179 -0.00195392
  0.0113879   0.0242179   0.0530504  0.00881705
   0.383958 -0.00195392  0.00881705    0.415119
IMAGINARY
           0   -0.0184926  0.000963027   -0.0153016
   0.0184926            0   0.00973053  0.000335674
-0.000963027  -0.00973053            0   0.00420684
   0.0153016 -0.000335674  -0.00420684            0
Repeater1[0]<--->HoM1[0]
REAL
  0.477064  0.0198979  0.0191719   0.395074
 0.0198979   0.051114 0.00605246 -0.0022758
 0.0191719 0.00605246  0.0432503 0.00575913
  0.395074 -0.0022758 0.00575913   0.428571
IMAGINARY
           0 -0.000913286    0.0110324    0.0145693
 0.000913286            0   -0.0191807   -0.0169989
  -0.0110324    0.0191807            0  -0.00624662
  -0.0145693    0.0169989   0.00624662            0
EndNode1[0]<--->Repeater1[0]
REAL
    0.464632 -0.000820014   0.00970226     0.385218
-0.000820014    0.0540915   0.00787164   -0.0194806
  0.00970226   0.00787164    0.0485437   -0.0115659
    0.385218   -0.0194806   -0.0115659     0.432732
IMAGINARY
           0    0.0153887  -0.00373487 -0.000174907
  -0.0153887            0  -0.00763759  -0.00690343
  0.00373487   0.00763759            0   0.00526212
 0.000174907   0.00690343  -0.00526212            0
EndNode2[0]<--->HoM1[0]
REAL
      0.48 0.00886416  0.0251365   0.391386
0.00886416  0.0466667   0.011022 -0.0118285
 0.0251365   0.011022  0.0333333 0.00824611
  0.391386 -0.0118285 0.00824611       0.44
IMAGINARY
           0 -7.43552e-06    0.0061242  0.000264925
 7.43552e-06            0   -0.0100179  -0.00287323
  -0.0061242    0.0100179            0  -0.00064276
-0.000264925   0.00287323   0.00064276            0
Repeater1[0]<--->EndNode1[0]
REAL
    0.464632   0.00970226 -0.000820014     0.385218
  0.00970226    0.0485437   0.00787164   -0.0115659
-0.000820014   0.00787164    0.0540915   -0.0194806
    0.385218   -0.0115659   -0.0194806     0.432732
IMAGINARY
           0  -0.00373487    0.0153887 -0.000174907
  0.00373487            0   0.00763759   0.00526212
  -0.0153887  -0.00763759            0  -0.00690343
 0.000174907  -0.00526212   0.00690343            0
Repeater1[0]<--->HoM1[0]
REAL
      0.48  0.0251365 0.00886416   0.391386
 0.0251365  0.0333333   0.011022 0.00824611
0.00886416   0.011022  0.0466667 -0.0118285
  0.391386 0.00824611 -0.0118285       0.44
IMAGINARY
           0    0.0061242 -7.43552e-06  0.000264925
  -0.0061242            0    0.0100179  -0.00064276
 7.43552e-06   -0.0100179            0  -0.00287323
-0.000264925   0.00064276   0.00287323            0
EndNode1[0]<--->Repeater1[0]
REAL
   0.422167  -0.0199465  -0.0078702    0.378703
 -0.0199465   0.0784558  0.00453922 -0.00723969
 -0.0078702  0.00453922   0.0647572  -0.0212623
   0.378703 -0.00723969  -0.0212623     0.43462
IMAGINARY
          0 -0.00968295  0.00407653 -0.00229496
 0.00968295           0  -0.0199563  -0.0141167
-0.00407653   0.0199563           0  0.00365885
 0.00229496   0.0141167 -0.00365885           0
EndNode2[0]<--->HoM1[0]
REAL
  0.447268  0.0162969  0.0140669   0.397123
 0.0162969  0.0444727 0.00751269 0.00513836
 0.0140669 0.00751269  0.0520966  0.0214515
  0.397123 0.00513836  0.0214515   0.456163
IMAGINARY
          0  -0.0062326  0.00845491  0.00891415
  0.0062326           0   0.0115319   0.0110256
-0.00845491  -0.0115319           0   -0.017144
-0.00891415  -0.0110256    0.017144           0
Repeater1[0]<--->EndNode1[0]
REAL
   0.422167  -0.0078702  -0.0199465    0.378703
 -0.0078702   0.0647572  0.00453922  -0.0212623
 -0.0199465  0.00453922   0.0784558 -0.00723969
   0.378703  -0.0212623 -0.00723969     0.43462
IMAGINARY
          0  0.00407653 -0.00968295 -0.00229496
-0.00407653           0   0.0199563  0.00365885
 0.00968295  -0.0199563           0  -0.0141167
 0.00229496 -0.00365885   0.0141167           0
Repeater1[0]<--->HoM1[0]
REAL
  0.447268  0.0140669  0.0162969   0.397123
 0.0140669  0.0520966 0.00751269  0.0214515
 0.0162969 0.00751269  0.0444727 0.00513836
  0.397123  0.0214515 0.00513836   0.456163
IMAGINARY
          0  0.00845491  -0.0062326  0.00891415
-0.00845491           0  -0.0115319   -0.017144
  0.0062326   0.0115319           0   0.0110256
-0.00891415    0.017144  -0.0110256           0
EndNode1[0]<--->Repeater1[0]
REAL
    0.477273  -0.00316602   0.00446554     0.381007
 -0.00316602    0.0628342   0.00385714   -0.0115807
  0.00446554   0.00385714    0.0441176 -6.81296e-05
    0.381007   -0.0115807 -6.81296e-05     0.415775
IMAGINARY
          0   0.0036855  -0.0110747 -0.00298896
 -0.0036855           0 -0.00441346  -0.0036673
  0.0110747  0.00441346           0   0.0036855
 0.00298896   0.0036673  -0.0036855           0
EndNode2[0]<--->HoM1[0]
REAL
   0.481061  0.00744363   0.0283918    0.402367
 0.00744363   0.0328283   0.0121859 -0.00502727
  0.0283918   0.0121859   0.0530303   0.0105804
   0.402367 -0.00502727   0.0105804    0.433081
IMAGINARY
          0  -0.0057742   0.0224578    0.018165
  0.0057742           0  -0.0239268 -0.00695394
 -0.0224578   0.0239268           0  0.00448221
  -0.018165  0.00695394 -0.00448221           0
Repeater1[0]<--->EndNode1[0]
REAL
    0.477273   0.00446554  -0.00316602     0.381007
  0.00446554    0.0441176   0.00385714 -6.81296e-05
 -0.00316602   0.00385714    0.0628342   -0.0115807
    0.381007 -6.81296e-05   -0.0115807     0.415775
IMAGINARY
          0  -0.0110747   0.0036855 -0.00298896
  0.0110747           0  0.00441346   0.0036855
 -0.0036855 -0.00441346           0  -0.0036673
 0.00298896  -0.0036855   0.0036673           0
Repeater1[0]<--->HoM1[0]
REAL
   0.481061   0.0283918  0.00744363    0.402367
  0.0283918   0.0530303   0.0121859   0.0105804
 0.00744363   0.0121859   0.0328283 -0.00502727
   0.402367   0.0105804 -0.00502727    0.433081
IMAGINARY
          0   0.0224578  -0.0057742    0.018165
 -0.0224578           0   0.0239268  0.00448221
  0.0057742  -0.0239268           0 -0.00695394
  -0.018165 -0.00448221  0.00695394           0
EndNode1[0]<--->Repeater1[0]
REAL
   0.466579  -0.0120716  -0.0177621    0.382542
 -0.0120716   0.0498034 2.87071e-05    -0.01005
 -0.0177621 2.87071e-05   0.0576671  -0.0243932
   0.382542    -0.01005  -0.0243932     0.42595
IMAGINARY
          0 -0.00476149  -0.0270694   0.0129092
 0.00476149           0 -0.00109814   0.0161405
  0.0270694  0.00109814           0 -0.00343523
 -0.0129092  -0.0161405  0.00343523           0
EndNode2[0]<--->HoM1[0]
REAL
  0.477108   0.028557  0.0424664   0.391895
  0.028557  0.0385542 0.00632335 0.00460739
 0.0424664 0.00632335  0.0481928  0.0185168
  0.391895 0.00460739  0.0185168   0.436145
IMAGINARY
           0   0.00622993 -0.000638519    0.0106764
 -0.00622993            0   0.00532876   -0.0180182
 0.000638519  -0.00532876            0    0.0049641
  -0.0106764    0.0180182   -0.0049641            0
Repeater1[0]<--->EndNode1[0]
REAL
   0.466579  -0.0177621  -0.0120716    0.382542
 -0.0177621   0.0576671 2.87071e-05  -0.0243932
 -0.0120716 2.87071e-05   0.0498034    -0.01005
   0.382542  -0.0243932    -0.01005     0.42595
IMAGINARY
          0  -0.0270694 -0.00476149   0.0129092
  0.0270694           0  0.00109814 -0.00343523
 0.00476149 -0.00109814           0   0.0161405
 -0.0129092  0.00343523  -0.0161405           0
Repeater1[0]<--->HoM1[0]
REAL
  0.477108  0.0424664   0.028557   0.391895
 0.0424664  0.0481928 0.00632335  0.0185168
  0.028557 0.00632335  0.0385542 0.00460739
  0.391895  0.0185168 0.00460739   0.436145
IMAGINARY
           0 -0.000638519   0.00622993    0.0106764
 0.000638519            0  -0.00532876    0.0049641
 -0.00622993   0.00532876            0   -0.0180182
  -0.0106764   -0.0049641    0.0180182            0
EndNode1[0]<--->Repeater1[0]
REAL
   0.464508  -0.0117284  0.00527289    0.381086
 -0.0117284   0.0473225   0.0127314 -0.00661697
 0.00527289   0.0127314   0.0572852   0.0117284
   0.381086 -0.00661697   0.0117284    0.430884
IMAGINARY
           0  -0.00853481  -0.00735487  -0.00533277
  0.00853481            0  0.000269475   0.00988651
  0.00735487 -0.000269475            0   -0.0091867
  0.00533277  -0.00988651    0.0091867            0
EndNode2[0]<--->HoM1[0]
REAL
    0.48977  -0.0184915  -0.0017711    0.397078
 -0.0184915   0.0358056 -0.00403648   0.0107917
 -0.0017711 -0.00403648   0.0511509  0.00302753
   0.397078   0.0107917  0.00302753    0.423274
IMAGINARY
           0   0.00158293   0.00631612  -0.00970677
 -0.00158293            0  0.000343478   0.00761146
 -0.00631612 -0.000343478            0   -0.0224743
  0.00970677  -0.00761146    0.0224743            0
Repeater1[0]<--->EndNode1[0]
REAL
   0.464508  0.00527289  -0.0117284    0.381086
 0.00527289   0.0572852   0.0127314   0.0117284
 -0.0117284   0.0127314   0.0473225 -0.00661697
   0.381086   0.0117284 -0.00661697    0.430884
IMAGINARY
           0  -0.00735487  -0.00853481  -0.00533277
  0.00735487            0 -0.000269475   -0.0091867
  0.00853481  0.000269475            0   0.00988651
  0.00533277    0.0091867  -0.00988651            0
Repeater1[0]<--->HoM1[0]
REAL
    0.48977  -0.0017711  -0.0184915    0.397078
 -0.0017711   0.0511509 -0.00403648  0.00302753
 -0.0184915 -0.00403648   0.0358056   0.0107917
   0.397078  0.00302753   0.0107917    0.423274
IMAGINARY
           0   0.00631612   0.00158293  -0.00970677
 -0.00631612            0 -0.000343478   -0.0224743
 -0.00158293  0.000343478            0   0.00761146
  0.00970677    0.0224743  -0.00761146            0
EndNode1[0]<--->Repeater1[0]
REAL
   0.461441 -0.00346781  0.00419747    0.381463
-0.00346781   0.0518331  0.00912241  -0.0207369
 0.00419747  0.00912241   0.0480405  -0.0334279
   0.381463  -0.0207369  -0.0334279    0.438685
IMAGINARY
          0  -0.0156684   0.0240474 -0.00980523
  0.0156684           0  0.00462388 -0.00840289
 -0.0240474 -0.00462388           0  -0.0124918
 0.00980523  0.00840289   0.0124918           0
EndNode2[0]<--->HoM1[0]
REAL
  0.445813 0.00357269  0.0236244   0.387654
0.00357269  0.0541872  0.0110473 -0.0145335
 0.0236244  0.0110473  0.0652709 0.00551822
  0.387654 -0.0145335 0.00551822   0.434729
IMAGINARY
          0  0.00995616  -0.0142523 -0.00393819
-0.00995616           0 -0.00267557  0.00782559
  0.0142523  0.00267557           0  0.00932405
 0.00393819 -0.00782559 -0.00932405           0
Repeater1[0]<--->EndNode1[0]
REAL
   0.461441  0.00419747 -0.00346781    0.381463
 0.00419747   0.0480405  0.00912241  -0.0334279
-0.00346781  0.00912241   0.0518331  -0.0207369
   0.381463  -0.0334279  -0.0207369    0.438685
IMAGINARY
          0   0.0240474  -0.0156684 -0.00980523
 -0.0240474           0 -0.00462388  -0.0124918
  0.0156684  0.00462388           0 -0.00840289
 0.00980523   0.0124918  0.00840289           0
Repeater1[0]<--->HoM1[0]
REAL
  0.445813  0.0236244 0.00357269   0.387654
 0.0236244  0.0652709  0.0110473 0.00551822
0.00357269  0.0110473  0.0541872 -0.0145335
  0.387654 0.00551822 -0.0145335   0.434729
IMAGINARY
          0  -0.0142523  0.00995616 -0.00393819
  0.0142523           0  0.00267557  0.00932405
-0.00995616 -0.00267557           0  0.00782559
 0.00393819 -0.00932405 -0.00782559           0
EndNode1[0]<--->Repeater1[0]
REAL
  0.432911   -0.01193 -0.0197427   0.377131
  -0.01193  0.0594937  0.0150622  0.0030141
-0.0197427  0.0150622  0.0708861  0.0113104
  0.377131  0.0030141  0.0113104   0.436709
IMAGINARY
          0  -0.0019523  0.00940816  -0.0172811
  0.0019523           0 -0.00814267  -0.0266495
-0.00940816  0.00814267           0   0.0191937
  0.0172811   0.0266495  -0.0191937           0
EndNode2[0]<--->HoM1[0]
REAL
   0.431425 -0.00709381  -0.0134975    0.395297
-0.00709381   0.0652463  0.00668958   0.0260803
 -0.0134975  0.00668958   0.0545939   0.0143786
