EndNode1[0]<--->Repeater1[0]
REAL
   0.456774 -0.00158644 -0.00265905    0.332023
-0.00158644   0.0929032  -0.0190934   0.0102244
-0.00265905  -0.0190934   0.0941935  -0.0101054
   0.332023   0.0102244  -0.0101054    0.356129
IMAGINARY
          0   0.0188517  -0.0025844   0.0193833
 -0.0188517           0 -0.00847186   0.0149914
  0.0025844  0.00847186           0 -0.00892611
 -0.0193833  -0.0149914  0.00892611           0
EndNode2[0]<--->HoM1[0]
REAL
   0.434177 -2.7548e-05  0.00286869    0.371765
-2.7548e-05   0.0772152 -0.00934463  0.00158991
 0.00286869 -0.00934463   0.0607595  0.00193838
   0.371765  0.00158991  0.00193838    0.427848
IMAGINARY
          0  0.00480569  0.00266724  -0.0258886
-0.00480569           0  -0.0296669   0.0217713
-0.00266724   0.0296669           0  -0.0213182
  0.0258886  -0.0217713   0.0213182           0
Repeater1[0]<--->EndNode1[0]
REAL
   0.456774 -0.00265905 -0.00158644    0.332023
-0.00265905   0.0941935  -0.0190934  -0.0101054
-0.00158644  -0.0190934   0.0929032   0.0102244
   0.332023  -0.0101054   0.0102244    0.356129
IMAGINARY
          0  -0.0025844   0.0188517   0.0193833
  0.0025844           0  0.00847186 -0.00892611
 -0.0188517 -0.00847186           0   0.0149914
 -0.0193833  0.00892611  -0.0149914           0
Repeater1[0]<--->HoM1[0]
REAL
   0.434177  0.00286869 -2.7548e-05    0.371765
 0.00286869   0.0607595 -0.00934463  0.00193838
-2.7548e-05 -0.00934463   0.0772152  0.00158991
   0.371765  0.00193838  0.00158991    0.427848
IMAGINARY
          0  0.00266724  0.00480569  -0.0258886
-0.00266724           0   0.0296669  -0.0213182
-0.00480569  -0.0296669           0   0.0217713
  0.0258886   0.0213182  -0.0217713           0
EndNode1[0]<--->Repeater1[0]
REAL
   0.449864   0.0337572 -0.00433031    0.338865
  0.0337572   0.0826558 -0.00177236  -0.0132136
-0.00433031 -0.00177236   0.0555556  -0.0137071
   0.338865  -0.0132136  -0.0137071    0.411924
IMAGINARY
          0  0.00207262  0.00638258   0.0142586
-0.00207262           0  -0.0142586 -0.00439055
-0.00638258   0.0142586           0  -0.0173449
 -0.0142586  0.00439055   0.0173449           0
EndNode2[0]<--->HoM1[0]
REAL
  0.455939 -0.0129032 -0.0192283   0.371791
-0.0129032  0.0587484 0.00949973 0.00309922
-0.0192283 0.00949973  0.0715198 -0.0135484
  0.371791 0.00309922 -0.0135484   0.413793
IMAGINARY
          0 -0.00505763 -0.00294371  0.00712679
 0.00505763           0  -0.0116313   0.0138832
 0.00294371   0.0116313           0  -0.0226129
-0.00712679  -0.0138832   0.0226129           0
Repeater1[0]<--->EndNode1[0]
REAL
   0.449864 -0.00433031   0.0337572    0.338865
-0.00433031   0.0555556 -0.00177236  -0.0137071
  0.0337572 -0.00177236   0.0826558  -0.0132136
   0.338865  -0.0137071  -0.0132136    0.411924
IMAGINARY
          0  0.00638258  0.00207262   0.0142586
-0.00638258           0   0.0142586  -0.0173449
-0.00207262  -0.0142586           0 -0.00439055
 -0.0142586   0.0173449  0.00439055           0
Repeater1[0]<--->HoM1[0]
REAL
  0.455939 -0.0192283 -0.0129032   0.371791
-0.0192283  0.0715198 0.00949973 -0.0135484
-0.0129032 0.00949973  0.0587484 0.00309922
  0.371791 -0.0135484 0.00309922   0.413793
IMAGINARY
          0 -0.00294371 -0.00505763  0.00712679
 0.00294371           0   0.0116313  -0.0226129
 0.00505763  -0.0116313           0   0.0138832
-0.00712679   0.0226129  -0.0138832           0
EndNode1[0]<--->Repeater1[0]
REAL
   0.431701  0.00654087  -0.0103262    0.339727
 0.00654087   0.0721649 -0.00852168  -0.0116596
 -0.0103262 -0.00852168   0.0940722  -0.0129238
   0.339727  -0.0116596  -0.0129238    0.402062
IMAGINARY
           0    0.0134275    -0.012345   -0.0103697
  -0.0134275            0 -0.000541708   -0.0168379
    0.012345  0.000541708            0    0.0196464
   0.0103697    0.0168379   -0.0196464            0
EndNode2[0]<--->HoM1[0]
REAL
     0.47389  0.000701611 -0.000375353      0.36113
 0.000701611    0.0561358  -0.00181429   0.00988106
-0.000375353  -0.00181429    0.0574413    0.0126064
     0.36113   0.00988106    0.0126064     0.412533
IMAGINARY
          0 -0.00349264   0.0113832  0.00777339
 0.00349264           0  -0.0205285  0.00638325
 -0.0113832   0.0205285           0 -0.00412157
-0.00777339 -0.00638325  0.00412157           0
Repeater1[0]<--->EndNode1[0]
REAL
   0.431701  -0.0103262  0.00654087    0.339727
 -0.0103262   0.0940722 -0.00852168  -0.0129238
 0.00654087 -0.00852168   0.0721649  -0.0116596
   0.339727  -0.0129238  -0.0116596    0.402062
IMAGINARY
           0    -0.012345    0.0134275   -0.0103697
    0.012345            0  0.000541708    0.0196464
  -0.0134275 -0.000541708            0   -0.0168379
   0.0103697   -0.0196464    0.0168379            0
Repeater1[0]<--->HoM1[0]
REAL
     0.47389 -0.000375353  0.000701611      0.36113
-0.000375353    0.0574413  -0.00181429    0.0126064
 0.000701611  -0.00181429    0.0561358   0.00988106
     0.36113    0.0126064   0.00988106     0.412533
IMAGINARY
          0   0.0113832 -0.00349264  0.00777339
 -0.0113832           0   0.0205285 -0.00412157
 0.00349264  -0.0205285           0  0.00638325
-0.00777339  0.00412157 -0.00638325           0
EndNode1[0]<--->Repeater1[0]
REAL
   0.468165 -0.00708401  0.00700351    0.331684
-0.00708401    0.082397   0.0203634     0.01083
 0.00700351   0.0203634   0.0961298   0.0196335
   0.331684     0.01083   0.0196335    0.353308
IMAGINARY
          0  -0.0239552    0.012071   0.0116093
  0.0239552           0   0.0226915  0.00140605
  -0.012071  -0.0226915           0   0.0131735
 -0.0116093 -0.00140605  -0.0131735           0
EndNode2[0]<--->HoM1[0]
REAL
    0.467172  0.000278738 -0.000116097      0.37112
 0.000278738    0.0606061   -0.0189462   0.00322169
-0.000116097   -0.0189462    0.0631313    0.0164914
     0.37112   0.00322169    0.0164914     0.409091
IMAGINARY
           0  -0.00201399   0.00694839   0.00849088
  0.00201399            0    0.0142973 -0.000988122
 -0.00694839   -0.0142973            0   0.00797426
 -0.00849088  0.000988122  -0.00797426            0
Repeater1[0]<--->EndNode1[0]
REAL
   0.468165  0.00700351 -0.00708401    0.331684
 0.00700351   0.0961298   0.0203634   0.0196335
-0.00708401   0.0203634    0.082397     0.01083
   0.331684   0.0196335     0.01083    0.353308
IMAGINARY
          0    0.012071  -0.0239552   0.0116093
  -0.012071           0  -0.0226915   0.0131735
  0.0239552   0.0226915           0  0.00140605
 -0.0116093  -0.0131735 -0.00140605           0
Repeater1[0]<--->HoM1[0]
REAL
    0.467172 -0.000116097  0.000278738      0.37112
-0.000116097    0.0631313   -0.0189462    0.0164914
 0.000278738   -0.0189462    0.0606061   0.00322169
     0.37112    0.0164914   0.00322169     0.409091
IMAGINARY
           0   0.00694839  -0.00201399   0.00849088
 -0.00694839            0   -0.0142973   0.00797426
  0.00201399    0.0142973            0 -0.000988122
 -0.00849088  -0.00797426  0.000988122            0
EndNode1[0]<--->Repeater1[0]
REAL
   0.44402  0.0112306 0.00356317   0.343173
 0.0112306  0.0966921 0.00184007  0.0274341
0.00356317 0.00184007  0.0725191  0.0157236
  0.343173  0.0274341  0.0157236   0.386768
IMAGINARY
          0  -0.0300891   0.0159355   0.0208754
  0.0300891           0 -0.00876887 -0.00793548
 -0.0159355  0.00876887           0  0.00208911
 -0.0208754  0.00793548 -0.00208911           0
EndNode2[0]<--->HoM1[0]
REAL
   0.494778   0.0042591 -0.00967855    0.377509
  0.0042591   0.0587467  -0.0018682   0.0109606
-0.00967855  -0.0018682   0.0548303   0.0111255
   0.377509   0.0109606   0.0111255    0.391645
IMAGINARY
          0 -0.00713359   0.0056011  -0.0021228
 0.00713359           0   0.0102309  -0.0114377
 -0.0056011  -0.0102309           0   0.0116732
  0.0021228   0.0114377  -0.0116732           0
Repeater1[0]<--->EndNode1[0]
REAL
   0.44402 0.00356317  0.0112306   0.343173
0.00356317  0.0725191 0.00184007  0.0157236
 0.0112306 0.00184007  0.0966921  0.0274341
  0.343173  0.0157236  0.0274341   0.386768
IMAGINARY
          0   0.0159355  -0.0300891   0.0208754
 -0.0159355           0  0.00876887  0.00208911
  0.0300891 -0.00876887           0 -0.00793548
 -0.0208754 -0.00208911  0.00793548           0
Repeater1[0]<--->HoM1[0]
REAL
   0.494778 -0.00967855   0.0042591    0.377509
-0.00967855   0.0548303  -0.0018682   0.0111255
  0.0042591  -0.0018682   0.0587467   0.0109606
   0.377509   0.0111255   0.0109606    0.391645
IMAGINARY
          0   0.0056011 -0.00713359  -0.0021228
 -0.0056011           0  -0.0102309   0.0116732
 0.00713359   0.0102309           0  -0.0114377
  0.0021228  -0.0116732   0.0114377           0
EndNode1[0]<--->Repeater1[0]
REAL
   0.461832 0.000907636   0.0024291    0.333216
0.000907636   0.0839695   0.0061192   0.0252717
  0.0024291   0.0061192    0.086514   0.0267932
   0.333216   0.0252717   0.0267932    0.367684
IMAGINARY
          0  0.00873841  0.00157939   -0.016361
-0.00873841           0  -0.0227385    0.011969
-0.00157939   0.0227385           0  -0.0119642
   0.016361   -0.011969   0.0119642           0
EndNode2[0]<--->HoM1[0]
REAL
   0.440986  0.00659127 -0.00243056    0.363875
 0.00659127    0.079118  0.00402637 -0.00868056
-0.00243056  0.00402637   0.0596628  -0.0115295
   0.363875 -0.00868056  -0.0115295    0.420233
IMAGINARY
          0   0.0140682 -0.00947452 -0.00294696
 -0.0140682           0  -0.0130992 -0.00820225
 0.00947452   0.0130992           0   0.0174975
 0.00294696  0.00820225  -0.0174975           0
Repeater1[0]<--->EndNode1[0]
REAL
   0.461832   0.0024291 0.000907636    0.333216
  0.0024291    0.086514   0.0061192   0.0267932
0.000907636   0.0061192   0.0839695   0.0252717
   0.333216   0.0267932   0.0252717    0.367684
IMAGINARY
          0  0.00157939  0.00873841   -0.016361
-0.00157939           0   0.0227385  -0.0119642
-0.00873841  -0.0227385           0    0.011969
   0.016361   0.0119642   -0.011969           0
Repeater1[0]<--->HoM1[0]
REAL
   0.440986 -0.00243056  0.00659127    0.363875
-0.00243056   0.0596628  0.00402637  -0.0115295
 0.00659127  0.00402637    0.079118 -0.00868056
   0.363875  -0.0115295 -0.00868056    0.420233
IMAGINARY
          0 -0.00947452   0.0140682 -0.00294696
 0.00947452           0   0.0130992   0.0174975
 -0.0140682  -0.0130992           0 -0.00820225
 0.00294696  -0.0174975  0.00820225           0
EndNode1[0]<--->Repeater1[0]
REAL
   0.464619 -0.00481208  -0.0201207    0.343943
-0.00481208   0.0761015 -0.00695672  0.00779193
 -0.0201207 -0.00695672    0.082777  -0.0253249
   0.343943  0.00779193  -0.0253249    0.376502
IMAGINARY
          0  0.00739033 -0.00457126  -0.0151808
-0.00739033           0  0.00219375  -0.0211357
 0.00457126 -0.00219375           0  0.00803383
  0.0151808   0.0211357 -0.00803383           0
EndNode2[0]<--->HoM1[0]
REAL
   0.487959  0.00259758 -0.00826168    0.381209
 0.00259758   0.0633714  -0.0106503 -0.00315964
-0.00826168  -0.0106503   0.0747782   -0.016557
   0.381209 -0.00315964   -0.016557    0.373891
IMAGINARY
           0    0.0046336 -0.000180639    -0.012537
  -0.0046336            0  -0.00203836   0.00807857
 0.000180639   0.00203836            0   -0.0113165
    0.012537  -0.00807857    0.0113165            0
Repeater1[0]<--->EndNode1[0]
REAL
   0.464619  -0.0201207 -0.00481208    0.343943
 -0.0201207    0.082777 -0.00695672  -0.0253249
-0.00481208 -0.00695672   0.0761015  0.00779193
   0.343943  -0.0253249  0.00779193    0.376502
IMAGINARY
          0 -0.00457126  0.00739033  -0.0151808
 0.00457126           0 -0.00219375  0.00803383
-0.00739033  0.00219375           0  -0.0211357
  0.0151808 -0.00803383   0.0211357           0
Repeater1[0]<--->HoM1[0]
REAL
   0.487959 -0.00826168  0.00259758    0.381209
-0.00826168   0.0747782  -0.0106503   -0.016557
 0.00259758  -0.0106503   0.0633714 -0.00315964
   0.381209   -0.016557 -0.00315964    0.373891
IMAGINARY
           0 -0.000180639    0.0046336    -0.012537
 0.000180639            0   0.00203836   -0.0113165
  -0.0046336  -0.00203836            0   0.00807857
    0.012537    0.0113165  -0.00807857            0
EndNode1[0]<--->Repeater1[0]
REAL
   0.423773  -0.0121137  0.00437633    0.341507
 -0.0121137   0.0865633   0.0175906  -0.0201082
 0.00437633   0.0175906   0.0878553 -0.00772219
   0.341507  -0.0201082 -0.00772219    0.401809
IMAGINARY
          0   0.0156867   0.0244922  0.00912229
 -0.0156867           0   0.0214121  -0.0185789
 -0.0244922  -0.0214121           0   0.0125656
-0.00912229   0.0185789  -0.0125656           0
EndNode2[0]<--->HoM1[0]
REAL
  0.468401  0.0259742   0.008457   0.380518
 0.0259742  0.0570012 0.00748168   0.003543
  0.008457 0.00748168  0.0644362 -0.0139742
  0.380518   0.003543 -0.0139742   0.410161
IMAGINARY
          0  -0.0130433  0.00672895 -0.00147524
  0.0130433           0   0.0153641 -0.00411115
-0.00672895  -0.0153641           0   0.0117344
 0.00147524  0.00411115  -0.0117344           0
Repeater1[0]<--->EndNode1[0]
REAL
   0.423773  0.00437633  -0.0121137    0.341507
 0.00437633   0.0878553   0.0175906 -0.00772219
 -0.0121137   0.0175906   0.0865633  -0.0201082
   0.341507 -0.00772219  -0.0201082    0.401809
IMAGINARY
          0   0.0244922   0.0156867  0.00912229
 -0.0244922           0  -0.0214121   0.0125656
 -0.0156867   0.0214121           0  -0.0185789
-0.00912229  -0.0125656   0.0185789           0
Repeater1[0]<--->HoM1[0]
REAL
  0.468401   0.008457  0.0259742   0.380518
  0.008457  0.0644362 0.00748168 -0.0139742
 0.0259742 0.00748168  0.0570012   0.003543
  0.380518 -0.0139742   0.003543   0.410161
IMAGINARY
          0  0.00672895  -0.0130433 -0.00147524
-0.00672895           0  -0.0153641   0.0117344
  0.0130433   0.0153641           0 -0.00411115
 0.00147524  -0.0117344  0.00411115           0
EndNode1[0]<--->Repeater1[0]
REAL
   0.470509   0.0134719  0.00808198     0.34167
  0.0134719   0.0831099 -0.00878552 -0.00269115
 0.00808198 -0.00878552   0.0790885  -0.0161673
    0.34167 -0.00269115  -0.0161673    0.367292
IMAGINARY
          0 -0.00459729  0.00978305   0.0124733
 0.00459729           0  -0.0213912   0.0155746
-0.00978305   0.0213912           0 -0.00645603
 -0.0124733  -0.0155746  0.00645603           0
EndNode2[0]<--->HoM1[0]
REAL
  0.486945 0.00648994 -0.0112144   0.380666
0.00648994  0.0652742 0.00566644  0.0227164
-0.0112144 0.00566644  0.0718016 0.00771845
  0.380666  0.0227164 0.00771845   0.375979
IMAGINARY
          0 -0.00884036 -0.00766642  -0.0018156
 0.00884036           0 -0.00820946   0.0116138
 0.00766642  0.00820946           0   0.0167351
  0.0018156  -0.0116138  -0.0167351           0
Repeater1[0]<--->EndNode1[0]
REAL
   0.470509  0.00808198   0.0134719     0.34167
 0.00808198   0.0790885 -0.00878552  -0.0161673
  0.0134719 -0.00878552   0.0831099 -0.00269115
    0.34167  -0.0161673 -0.00269115    0.367292
IMAGINARY
          0  0.00978305 -0.00459729   0.0124733
-0.00978305           0   0.0213912 -0.00645603
 0.00459729  -0.0213912           0   0.0155746
 -0.0124733  0.00645603  -0.0155746           0
Repeater1[0]<--->HoM1[0]
REAL
  0.486945 -0.0112144 0.00648994   0.380666
-0.0112144  0.0718016 0.00566644 0.00771845
0.00648994 0.00566644  0.0652742  0.0227164
  0.380666 0.00771845  0.0227164   0.375979
IMAGINARY
          0 -0.00766642 -0.00884036  -0.0018156
 0.00766642           0  0.00820946   0.0167351
 0.00884036 -0.00820946           0   0.0116138
  0.0018156  -0.0167351  -0.0116138           0
EndNode1[0]<--->Repeater1[0]
REAL
    0.479705  -0.00150236  -0.00735863     0.332406
 -0.00150236    0.0725707  -0.00261907 -0.000620089
 -0.00735863  -0.00261907    0.0824108  -0.00913594
    0.332406 -0.000620089  -0.00913594     0.365314
IMAGINARY
          0 -0.00773551   0.0205145   0.0173888
 0.00773551           0    0.028647   0.0137494
 -0.0205145   -0.028647           0  -0.0239904
 -0.0173888  -0.0137494   0.0239904           0
EndNode2[0]<--->HoM1[0]
REAL
   0.452575  0.00411015   0.0180288      0.3927
 0.00411015   0.0691057 -0.00310648   0.0200422
  0.0180288 -0.00310648   0.0596206  0.00731117
     0.3927   0.0200422  0.00731117    0.418699
IMAGINARY
          0  -0.0046361  -0.0286533  0.00646853
  0.0046361           0  0.00262238  0.00133441
  0.0286533 -0.00262238           0   0.0243311
-0.00646853 -0.00133441  -0.0243311           0
Repeater1[0]<--->EndNode1[0]
REAL
    0.479705  -0.00735863  -0.00150236     0.332406
 -0.00735863    0.0824108  -0.00261907  -0.00913594
 -0.00150236  -0.00261907    0.0725707 -0.000620089
    0.332406  -0.00913594 -0.000620089     0.365314
IMAGINARY
          0   0.0205145 -0.00773551   0.0173888
 -0.0205145           0   -0.028647  -0.0239904
 0.00773551    0.028647           0   0.0137494
 -0.0173888   0.0239904  -0.0137494           0
Repeater1[0]<--->HoM1[0]
REAL
   0.452575   0.0180288  0.00411015      0.3927
  0.0180288   0.0596206 -0.00310648  0.00731117
 0.00411015 -0.00310648   0.0691057   0.0200422
     0.3927  0.00731117   0.0200422    0.418699
IMAGINARY
          0  -0.0286533  -0.0046361  0.00646853
  0.0286533           0 -0.00262238   0.0243311
  0.0046361  0.00262238           0  0.00133441
-0.00646853  -0.0243311 -0.00133441           0
EndNode1[0]<--->Repeater1[0]
REAL
   0.445557  0.00968531  0.00960239    0.338073
 0.00968531   0.0963705 -0.00579825 -0.00896707
 0.00960239 -0.00579825   0.0750939  -0.0115913
   0.338073 -0.00896707  -0.0115913    0.382979
IMAGINARY
          0 -0.00460567  0.00616255  0.00609871
 0.00460567           0  0.00734559 -0.00422706
-0.00616255 -0.00734559           0 -0.00894272
-0.00609871  0.00422706  0.00894272           0
EndNode2[0]<--->HoM1[0]
REAL
   0.483019   0.0170761 -0.00462605    0.391458
  0.0170761   0.0654088   0.0152441   0.0157956
-0.00462605   0.0152441   0.0603774 -0.00722061
   0.391458   0.0157956 -0.00722061    0.391195
IMAGINARY
           0    0.0102892  -0.00792922   -0.0200425
  -0.0102892            0   0.00147652  -0.00663389
  0.00792922  -0.00147652            0 -0.000580414
   0.0200425   0.00663389  0.000580414            0
Repeater1[0]<--->EndNode1[0]
REAL
   0.445557  0.00960239  0.00968531    0.338073
 0.00960239   0.0750939 -0.00579825  -0.0115913
 0.00968531 -0.00579825   0.0963705 -0.00896707
   0.338073  -0.0115913 -0.00896707    0.382979
IMAGINARY
          0  0.00616255 -0.00460567  0.00609871
-0.00616255           0 -0.00734559 -0.00894272
 0.00460567  0.00734559           0 -0.00422706
-0.00609871  0.00894272  0.00422706           0
Repeater1[0]<--->HoM1[0]
REAL
   0.483019 -0.00462605   0.0170761    0.391458
-0.00462605   0.0603774   0.0152441 -0.00722061
  0.0170761   0.0152441   0.0654088   0.0157956
   0.391458 -0.00722061   0.0157956    0.391195
IMAGINARY
           0  -0.00792922    0.0102892   -0.0200425
  0.00792922            0  -0.00147652 -0.000580414
  -0.0102892   0.00147652            0  -0.00663389
   0.0200425  0.000580414   0.00663389            0
EndNode1[0]<--->Repeater1[0]
REAL
    0.488402  -0.00349505 -0.000778562     0.346154
 -0.00349505    0.0798969    0.0106272   -0.0150643
-0.000778562    0.0106272    0.0747423   -0.0186849
    0.346154   -0.0150643   -0.0186849     0.356959
IMAGINARY
           0   0.00569521  0.000611014     -0.02201
 -0.00569521            0    0.0020615   -0.0124531
-0.000611014   -0.0020615            0    0.0206206
     0.02201    0.0124531   -0.0206206            0
EndNode2[0]<--->HoM1[0]
REAL
    0.46798  0.00751347 0.000753135    0.366458
 0.00751347   0.0591133  0.00620138  -0.0101164
0.000753135  0.00620138   0.0652709  -0.0168768
   0.366458  -0.0101164  -0.0168768    0.407635
IMAGINARY
          0  0.00597074 -0.00894153   0.0156017
-0.00597074           0 -0.00089579  -0.0102892
 0.00894153  0.00089579           0   0.0324908
 -0.0156017   0.0102892  -0.0324908           0
Repeater1[0]<--->EndNode1[0]
REAL
    0.488402 -0.000778562  -0.00349505     0.346154
-0.000778562    0.0747423    0.0106272   -0.0186849
 -0.00349505    0.0106272    0.0798969   -0.0150643
    0.346154   -0.0186849   -0.0150643     0.356959
IMAGINARY
           0  0.000611014   0.00569521     -0.02201
-0.000611014            0   -0.0020615    0.0206206
 -0.00569521    0.0020615            0   -0.0124531
     0.02201   -0.0206206    0.0124531            0
Repeater1[0]<--->HoM1[0]
REAL
    0.46798 0.000753135  0.00751347    0.366458
0.000753135   0.0652709  0.00620138  -0.0168768
 0.00751347  0.00620138   0.0591133  -0.0101164
   0.366458  -0.0168768  -0.0101164    0.407635
IMAGINARY
          0 -0.00894153  0.00597074   0.0156017
 0.00894153           0  0.00089579   0.0324908
-0.00597074 -0.00089579           0  -0.0102892
 -0.0156017  -0.0324908   0.0102892           0
EndNode1[0]<--->Repeater1[0]
REAL
   0.496831 -0.00704698  0.00239434    0.337584
-0.00704698   0.0887199 -0.00134228  -0.0111192
 0.00239434 -0.00134228   0.0557668 -0.00704698
   0.337584  -0.0111192 -0.00704698    0.358682
IMAGINARY
           0   -0.0107479  0.000255107   -0.0172081
   0.0107479            0   0.00981893    0.0111543
-0.000255107  -0.00981893            0   -0.0113998
   0.0172081   -0.0111543    0.0113998            0
EndNode2[0]<--->HoM1[0]
REAL
    0.48811  0.00043473 -0.00921581    0.371989
 0.00043473    0.068836 -0.00695835  -0.0085756
-0.00921581 -0.00695835    0.068836  -0.0280421
   0.371989  -0.0085756  -0.0280421    0.374218
IMAGINARY
           0    0.0181403  -0.00920649    0.0105231
  -0.0181403            0   0.00323835 -4.03616e-06
  0.00920649  -0.00323835            0  -0.00629823
  -0.0105231  4.03616e-06   0.00629823            0
Repeater1[0]<--->EndNode1[0]
REAL
   0.496831  0.00239434 -0.00704698    0.337584
 0.00239434   0.0557668 -0.00134228 -0.00704698
-0.00704698 -0.00134228   0.0887199  -0.0111192
   0.337584 -0.00704698  -0.0111192    0.358682
IMAGINARY
           0  0.000255107   -0.0107479   -0.0172081
-0.000255107            0  -0.00981893   -0.0113998
   0.0107479   0.00981893            0    0.0111543
   0.0172081    0.0113998   -0.0111543            0
Repeater1[0]<--->HoM1[0]
REAL
    0.48811 -0.00921581  0.00043473    0.371989
-0.00921581    0.068836 -0.00695835  -0.0280421
 0.00043473 -0.00695835    0.068836  -0.0085756
   0.371989  -0.0280421  -0.0085756    0.374218
IMAGINARY
           0  -0.00920649    0.0181403    0.0105231
  0.00920649            0  -0.00323835  -0.00629823
  -0.0181403   0.00323835            0 -4.03616e-06
  -0.0105231   0.00629823  4.03616e-06            0
EndNode1[0]<--->Repeater1[0]
REAL
   0.480818 -0.00150311   0.0154207     0.32167
-0.00150311   0.0767263  0.00591593 0.000543569
  0.0154207  0.00591593   0.0639386   0.0161902
    0.32167 0.000543569   0.0161902    0.378517
IMAGINARY
          0   0.0197644  0.00954692   0.0139759
 -0.0197644           0 -0.00592139  0.00313666
-0.00954692  0.00592139           0 -0.00574576
 -0.0139759 -0.00313666  0.00574576           0
EndNode2[0]<--->HoM1[0]
REAL
   0.466398   0.0257097  0.00521132    0.363199
  0.0257097   0.0712366    0.010407 -0.00335258
 0.00521132    0.010407   0.0430108   0.0133238
   0.363199 -0.00335258   0.0133238    0.419355
IMAGINARY
          0 -0.00623112    0.010596  0.00327681
 0.00623112           0   0.0164182  -0.0194792
  -0.010596  -0.0164182           0  0.00242401
-0.00327681   0.0194792 -0.00242401           0
Repeater1[0]<--->EndNode1[0]
REAL
   0.480818   0.0154207 -0.00150311     0.32167
  0.0154207   0.0639386  0.00591593   0.0161902
-0.00150311  0.00591593   0.0767263 0.000543569
    0.32167   0.0161902 0.000543569    0.378517
IMAGINARY
          0  0.00954692   0.0197644   0.0139759
-0.00954692           0  0.00592139 -0.00574576
 -0.0197644 -0.00592139           0  0.00313666
 -0.0139759  0.00574576 -0.00313666           0
Repeater1[0]<--->HoM1[0]
REAL
   0.466398  0.00521132   0.0257097    0.363199
 0.00521132   0.0430108    0.010407   0.0133238
  0.0257097    0.010407   0.0712366 -0.00335258
   0.363199   0.0133238 -0.00335258    0.419355
IMAGINARY
          0    0.010596 -0.00623112  0.00327681
  -0.010596           0  -0.0164182  0.00242401
 0.00623112   0.0164182           0  -0.0194792
-0.00327681 -0.00242401   0.0194792           0
EndNode1[0]<--->Repeater1[0]
REAL
    0.45125 -0.00166614     0.01459    0.317943
-0.00166614     0.08375  0.00677303   0.0112612
    0.01459  0.00677303     0.09375   0.0186901
   0.317943   0.0112612   0.0186901     0.37125
IMAGINARY
           0   -0.0197464   0.00270103 -0.000488106
   0.0197464            0    0.0128098   0.00394791
 -0.00270103   -0.0128098            0  -0.00020039
 0.000488106  -0.00394791   0.00020039            0
EndNode2[0]<--->HoM1[0]
REAL
    0.485461   0.00687192  -0.00955671      0.37772
  0.00687192     0.045512   -0.0145487 -0.000673465
 -0.00955671   -0.0145487    0.0758534  -0.00303561
     0.37772 -0.000673465  -0.00303561     0.393173
IMAGINARY
           0  0.000898586   -0.0103504   -0.0169587
-0.000898586            0   -0.0162894     0.013519
   0.0103504    0.0162894            0   0.00480484
   0.0169587    -0.013519  -0.00480484            0
Repeater1[0]<--->EndNode1[0]
REAL
    0.45125     0.01459 -0.00166614    0.317943
    0.01459     0.09375  0.00677303   0.0186901
-0.00166614  0.00677303     0.08375   0.0112612
   0.317943   0.0186901   0.0112612     0.37125
IMAGINARY
           0   0.00270103   -0.0197464 -0.000488106
 -0.00270103            0   -0.0128098  -0.00020039
   0.0197464    0.0128098            0   0.00394791
 0.000488106   0.00020039  -0.00394791            0
Repeater1[0]<--->HoM1[0]
REAL
    0.485461  -0.00955671   0.00687192      0.37772
 -0.00955671    0.0758534   -0.0145487  -0.00303561
  0.00687192   -0.0145487     0.045512 -0.000673465
     0.37772  -0.00303561 -0.000673465     0.393173
IMAGINARY
           0   -0.0103504  0.000898586   -0.0169587
   0.0103504            0    0.0162894   0.00480484
-0.000898586   -0.0162894            0     0.013519
   0.0169587  -0.00480484    -0.013519            0
EndNode1[0]<--->Repeater1[0]
REAL
    0.487531   0.00785295 -0.000651042     0.346812
  0.00785295    0.0785536 -0.000126846  0.000651042
-0.000651042 -0.000126846     0.084788  -0.00647174
    0.346812  0.000651042  -0.00647174     0.349127
IMAGINARY
          0 -0.00845773  -0.0138864  0.00755471
 0.00845773           0   0.0131171  0.00495782
  0.0138864  -0.0131171           0   0.0199373
-0.00755471 -0.00495782  -0.0199373           0
EndNode2[0]<--->HoM1[0]
REAL
    0.443864   -0.0135492   -0.0210513     0.370914
  -0.0135492    0.0496084  -0.00487848    0.0163152
  -0.0210513  -0.00487848    0.0652742 -0.000659147
    0.370914    0.0163152 -0.000659147     0.441253
IMAGINARY
          0  0.00102237  -0.0119186   0.0219628
-0.00102237           0  0.00374416   0.0201569
  0.0119186 -0.00374416           0  0.00594848
 -0.0219628  -0.0201569 -0.00594848           0
Repeater1[0]<--->EndNode1[0]
REAL
    0.487531 -0.000651042   0.00785295     0.346812
-0.000651042     0.084788 -0.000126846  -0.00647174
  0.00785295 -0.000126846    0.0785536  0.000651042
    0.346812  -0.00647174  0.000651042     0.349127
IMAGINARY
          0  -0.0138864 -0.00845773  0.00755471
  0.0138864           0  -0.0131171   0.0199373
 0.00845773   0.0131171           0  0.00495782
-0.00755471  -0.0199373 -0.00495782           0
Repeater1[0]<--->HoM1[0]
REAL
    0.443864   -0.0210513   -0.0135492     0.370914
  -0.0210513    0.0652742  -0.00487848 -0.000659147
  -0.0135492  -0.00487848    0.0496084    0.0163152
    0.370914 -0.000659147    0.0163152     0.441253
IMAGINARY
          0  -0.0119186  0.00102237   0.0219628
  0.0119186           0 -0.00374416  0.00594848
-0.00102237  0.00374416           0   0.0201569
 -0.0219628 -0.00594848  -0.0201569           0
EndNode1[0]<--->Repeater1[0]
REAL
    0.482984  -0.00485867  -0.00208243     0.348441
 -0.00485867    0.0719895 -0.000615258    -0.023493
 -0.00208243 -0.000615258    0.0798429   0.00613745
    0.348441    -0.023493   0.00613745     0.365183
IMAGINARY
          0   0.0133372 -0.00140133  0.00343066
 -0.0133372           0   0.0105643 -0.00803263
 0.00140133  -0.0105643           0 -0.00138751
-0.00343066  0.00803263  0.00138751           0
EndNode2[0]<--->HoM1[0]
REAL
   0.446328  0.00105161   0.0163372    0.368378
 0.00105161   0.0734463 0.000804066  0.00441751
  0.0163372 0.000804066   0.0564972  0.00712449
   0.368378  0.00441751  0.00712449    0.423729
IMAGINARY
           0    0.0080476  -0.00531206  0.000948488
  -0.0080476            0   -0.0167913 -0.000876062
  0.00531206    0.0167913            0   0.00927913
-0.000948488  0.000876062  -0.00927913            0
Repeater1[0]<--->EndNode1[0]
REAL
    0.482984  -0.00208243  -0.00485867     0.348441
 -0.00208243    0.0798429 -0.000615258   0.00613745
 -0.00485867 -0.000615258    0.0719895    -0.023493
    0.348441   0.00613745    -0.023493     0.365183
IMAGINARY
          0 -0.00140133   0.0133372  0.00343066
 0.00140133           0  -0.0105643 -0.00138751
 -0.0133372   0.0105643           0 -0.00803263
-0.00343066  0.00138751  0.00803263           0
Repeater1[0]<--->HoM1[0]
REAL
   0.446328   0.0163372  0.00105161    0.368378
  0.0163372   0.0564972 0.000804066  0.00712449
 0.00105161 0.000804066   0.0734463  0.00441751
   0.368378  0.00712449  0.00441751    0.423729
IMAGINARY
           0  -0.00531206    0.0080476  0.000948488
  0.00531206            0    0.0167913   0.00927913
  -0.0080476   -0.0167913            0 -0.000876062
-0.000948488  -0.00927913  0.000876062            0
EndNode1[0]<--->Repeater1[0]
REAL
   0.458667  0.00434345  -0.0101562     0.32487
 0.00434345   0.0826667  0.00846354  0.00234375
 -0.0101562  0.00846354   0.0853333 -0.00173928
    0.32487  0.00234375 -0.00173928    0.373333
IMAGINARY
           0    0.0078125   0.00159207    0.0182839
  -0.0078125            0  -0.00962875 -0.000289987
 -0.00159207   0.00962875            0    0.0078125
  -0.0182839  0.000289987   -0.0078125            0
EndNode2[0]<--->HoM1[0]
REAL
    0.48977  0.00521255 0.000122399    0.385102
 0.00521255   0.0652174  0.00831883 -0.00538556
0.000122399  0.00831883   0.0549872   0.0013664
   0.385102 -0.00538556   0.0013664    0.390026
IMAGINARY
          0 -0.00555097  0.00234174  0.00617756
 0.00555097           0  -0.0227592  -0.0198515
-0.00234174   0.0227592           0   0.0113875
-0.00617756   0.0198515  -0.0113875           0
Repeater1[0]<--->EndNode1[0]
REAL
   0.458667  -0.0101562  0.00434345     0.32487
 -0.0101562   0.0853333  0.00846354 -0.00173928
 0.00434345  0.00846354   0.0826667  0.00234375
    0.32487 -0.00173928  0.00234375    0.373333
IMAGINARY
           0   0.00159207    0.0078125    0.0182839
 -0.00159207            0   0.00962875    0.0078125
  -0.0078125  -0.00962875            0 -0.000289987
  -0.0182839   -0.0078125  0.000289987            0
Repeater1[0]<--->HoM1[0]
REAL
    0.48977 0.000122399  0.00521255    0.385102
0.000122399   0.0549872  0.00831883   0.0013664
 0.00521255  0.00831883   0.0652174 -0.00538556
   0.385102   0.0013664 -0.00538556    0.390026
IMAGINARY
          0  0.00234174 -0.00555097  0.00617756
-0.00234174           0   0.0227592   0.0113875
 0.00555097  -0.0227592           0  -0.0198515
-0.00617756  -0.0113875   0.0198515           0
EndNode1[0]<--->Repeater1[0]
REAL
   0.487549   0.0220515 -0.00536101    0.344839
  0.0220515   0.0550459  0.00583398   0.0169889
-0.00536101  0.00583398   0.0917431  -0.0153196
   0.344839   0.0169889  -0.0153196    0.365662
IMAGINARY
           0  -0.00731957  -0.00196335  0.000666421
  0.00731957            0  -0.00327059  -0.00850785
  0.00196335   0.00327059            0  0.000775071
-0.000666421   0.00850785 -0.000775071            0
EndNode2[0]<--->HoM1[0]
REAL
   0.496847   0.0172849  0.00973574    0.378205
  0.0172849   0.0680958 -0.00554624  0.00586976
 0.00973574 -0.00554624   0.0453972 -0.00917009
   0.378205  0.00586976 -0.00917009     0.38966
IMAGINARY
          0 -0.00488276  0.00130505   -0.010245
 0.00488276           0   0.0058425  0.00331847
-0.00130505  -0.0058425           0 -0.00238276
   0.010245 -0.00331847  0.00238276           0
Repeater1[0]<--->EndNode1[0]
REAL
   0.487549 -0.00536101   0.0220515    0.344839
-0.00536101   0.0917431  0.00583398  -0.0153196
  0.0220515  0.00583398   0.0550459   0.0169889
   0.344839  -0.0153196   0.0169889    0.365662
IMAGINARY
           0  -0.00196335  -0.00731957  0.000666421
  0.00196335            0   0.00327059  0.000775071
  0.00731957  -0.00327059            0  -0.00850785
-0.000666421 -0.000775071   0.00850785            0
Repeater1[0]<--->HoM1[0]
REAL
   0.496847  0.00973574   0.0172849    0.378205
 0.00973574   0.0453972 -0.00554624 -0.00917009
  0.0172849 -0.00554624   0.0680958  0.00586976
   0.378205 -0.00917009  0.00586976     0.38966
IMAGINARY
          0  0.00130505 -0.00488276   -0.010245
-0.00130505           0  -0.0058425 -0.00238276
 0.00488276   0.0058425           0  0.00331847
   0.010245  0.00238276 -0.00331847           0
EndNode1[0]<--->Repeater1[0]
REAL
    0.486737    0.0321433 -0.000604676     0.316446
   0.0321433    0.0782493   0.00723515    0.0295622
-0.000604676   0.00723515    0.0809019  -0.00447282
    0.316446    0.0295622  -0.00447282     0.354111
IMAGINARY
           0     0.017584     0.014011   0.00725982
   -0.017584            0    0.0286796  0.000462649
   -0.014011   -0.0286796            0   -0.0149525
 -0.00725982 -0.000462649    0.0149525            0
EndNode2[0]<--->HoM1[0]
REAL
   0.472431 -0.00552419 -0.00891376     0.38305
-0.00552419   0.0538847   0.0130887  -0.0050676
-0.00891376   0.0130887   0.0614035  -0.0137834
    0.38305  -0.0050676  -0.0137834    0.412281
IMAGINARY
          0 -0.00784872 -0.00568065   0.0110994
 0.00784872           0   0.0153522   0.0206351
 0.00568065  -0.0153522           0  -0.0019042
 -0.0110994  -0.0206351   0.0019042           0
Repeater1[0]<--->EndNode1[0]
REAL
    0.486737 -0.000604676    0.0321433     0.316446
-0.000604676    0.0809019   0.00723515  -0.00447282
   0.0321433   0.00723515    0.0782493    0.0295622
    0.316446  -0.00447282    0.0295622     0.354111
IMAGINARY
           0     0.014011     0.017584   0.00725982
   -0.014011            0   -0.0286796   -0.0149525
   -0.017584    0.0286796            0  0.000462649
 -0.00725982    0.0149525 -0.000462649            0
Repeater1[0]<--->HoM1[0]
REAL
   0.472431 -0.00891376 -0.00552419     0.38305
-0.00891376   0.0614035   0.0130887  -0.0137834
-0.00552419   0.0130887   0.0538847  -0.0050676
    0.38305  -0.0137834  -0.0050676    0.412281
IMAGINARY
          0 -0.00568065 -0.00784872   0.0110994
 0.00568065           0  -0.0153522  -0.0019042
 0.00784872   0.0153522           0   0.0206351
 -0.0110994   0.0019042  -0.0206351           0
EndNode1[0]<--->Repeater1[0]
REAL
   0.492372  0.00395578 -0.00908149    0.333545
 0.00395578   0.0776699   0.0101652  0.00463422
-0.00908149   0.0101652   0.0818308   -0.012215
   0.333545  0.00463422   -0.012215    0.348128
IMAGINARY
           0   0.00927885 -0.000967963  0.000384826
 -0.00927885            0  -0.00298899  -0.00220866
 0.000967963   0.00298899            0  -0.00483158
-0.000384826   0.00220866   0.00483158            0
EndNode2[0]<--->HoM1[0]
REAL
    0.450189   -0.0278621   -0.0336956     0.374125
  -0.0278621    0.0554855  -0.00660901     -0.02554
  -0.0336956  -0.00660901    0.0630517 -0.000800282
    0.374125     -0.02554 -0.000800282     0.431274
IMAGINARY
          0  0.00964479  0.00910084  -0.0216388
-0.00964479           0 -0.00663882  -0.0189305
-0.00910084  0.00663882           0   0.0224653
  0.0216388   0.0189305  -0.0224653           0
Repeater1[0]<--->EndNode1[0]
REAL
   0.492372 -0.00908149  0.00395578    0.333545
-0.00908149   0.0818308   0.0101652   -0.012215
 0.00395578   0.0101652   0.0776699  0.00463422
   0.333545   -0.012215  0.00463422    0.348128
IMAGINARY
           0 -0.000967963   0.00927885  0.000384826
 0.000967963            0   0.00298899  -0.00483158
 -0.00927885  -0.00298899            0  -0.00220866
-0.000384826   0.00483158   0.00220866            0
Repeater1[0]<--->HoM1[0]
REAL
    0.450189   -0.0336956   -0.0278621     0.374125
  -0.0336956    0.0630517  -0.00660901 -0.000800282
  -0.0278621  -0.00660901    0.0554855     -0.02554
    0.374125 -0.000800282     -0.02554     0.431274
IMAGINARY
          0  0.00910084  0.00964479  -0.0216388
-0.00910084           0  0.00663882   0.0224653
-0.00964479 -0.00663882           0  -0.0189305
  0.0216388  -0.0224653   0.0189305           0
EndNode1[0]<--->Repeater1[0]
REAL
     0.48129    0.0104697  0.000331525     0.345471
   0.0104697     0.083871 -0.000578117   0.00156003
 0.000331525 -0.000578117    0.0954839   -0.0224495
    0.345471   0.00156003   -0.0224495     0.339355
IMAGINARY
           0    0.0149162  0.000868439    0.0218482
  -0.0149162            0  0.000795594    0.0100307
-0.000868439 -0.000795594            0    -0.010829
  -0.0218482   -0.0100307     0.010829            0
EndNode2[0]<--->HoM1[0]
REAL
    0.456117 -0.000755643    -0.011308     0.370195
-0.000755643       0.0625    0.0143161    0.0140254
   -0.011308    0.0143161    0.0678191    0.0129839
    0.370195    0.0140254    0.0129839     0.413564
IMAGINARY
           0 -7.35964e-06    0.0107292  -0.00797312
 7.35964e-06            0   0.00662542   0.00633777
  -0.0107292  -0.00662542            0  0.000639471
  0.00797312  -0.00633777 -0.000639471            0
Repeater1[0]<--->EndNode1[0]
REAL
     0.48129  0.000331525    0.0104697     0.345471
 0.000331525    0.0954839 -0.000578117   -0.0224495
   0.0104697 -0.000578117     0.083871   0.00156003
    0.345471   -0.0224495   0.00156003     0.339355
IMAGINARY
           0  0.000868439    0.0149162    0.0218482
-0.000868439            0 -0.000795594    -0.010829
  -0.0149162  0.000795594            0    0.0100307
  -0.0218482     0.010829   -0.0100307            0
Repeater1[0]<--->HoM1[0]
REAL
    0.456117    -0.011308 -0.000755643     0.370195
   -0.011308    0.0678191    0.0143161    0.0129839
-0.000755643    0.0143161       0.0625    0.0140254
    0.370195    0.0129839    0.0140254     0.413564
IMAGINARY
           0    0.0107292 -7.35964e-06  -0.00797312
  -0.0107292            0  -0.00662542  0.000639471
 7.35964e-06   0.00662542            0   0.00633777
  0.00797312 -0.000639471  -0.00633777            0
EndNode1[0]<--->Repeater1[0]
REAL
   0.476248 -0.00169647  0.00406602    0.336954
-0.00169647   0.0621194 -0.00248985  0.00339667
 0.00406602 -0.00248985   0.0828258  0.00373175
   0.336954  0.00339667  0.00373175    0.378806
IMAGINARY
           0   0.00771292   -0.0173153 -0.000314079
 -0.00771292            0  0.000974581     0.015419
   0.0173153 -0.000974581            0  0.000504529
 0.000314079    -0.015419 -0.000504529            0
EndNode2[0]<--->HoM1[0]
REAL
   0.483356 -0.00141461 -0.00737843    0.385092
-0.00141461   0.0505992  0.00118717  0.00676039
-0.00737843  0.00118717   0.0665779  0.00821312
   0.385092  0.00676039  0.00821312    0.399467
IMAGINARY
          0  -0.0184243  0.00124196  0.00915165
  0.0184243           0 -0.00722115  -0.0104768
-0.00124196  0.00722115           0   0.0197436
-0.00915165   0.0104768  -0.0197436           0
Repeater1[0]<--->EndNode1[0]
REAL
   0.476248  0.00406602 -0.00169647    0.336954
 0.00406602   0.0828258 -0.00248985  0.00373175
-0.00169647 -0.00248985   0.0621194  0.00339667
   0.336954  0.00373175  0.00339667    0.378806
IMAGINARY
           0   -0.0173153   0.00771292 -0.000314079
   0.0173153            0 -0.000974581  0.000504529
 -0.00771292  0.000974581            0     0.015419
 0.000314079 -0.000504529    -0.015419            0
Repeater1[0]<--->HoM1[0]
REAL
   0.483356 -0.00737843 -0.00141461    0.385092
-0.00737843   0.0665779  0.00118717  0.00821312
-0.00141461  0.00118717   0.0505992  0.00676039
   0.385092  0.00821312  0.00676039    0.399467
IMAGINARY
          0  0.00124196  -0.0184243  0.00915165
-0.00124196           0  0.00722115   0.0197436
  0.0184243 -0.00722115           0  -0.0104768
-0.00915165  -0.0197436   0.0104768           0
EndNode1[0]<--->Repeater1[0]
