EndNode1[0]<--->Repeater1[0]
REAL
   0.380051   -0.004241 0.000948317    0.285893
  -0.004241    0.126263    -0.03276 0.000304816
0.000948317    -0.03276    0.135101  -0.0158091
   0.285893 0.000304816  -0.0158091    0.358586
IMAGINARY
           0   -0.0100292    0.0137821 -0.000711864
   0.0100292            0  -0.00989822   -0.0189635
  -0.0137821   0.00989822            0   0.00484788
 0.000711864    0.0189635  -0.00484788            0
EndNode2[0]<--->HoM1[0]
REAL
  0.363265 -0.0102378 0.00125272   0.297676
-0.0102378   0.104762 -0.0590978 0.00382342
0.00125272 -0.0590978   0.127891  0.0102378
  0.297676 0.00382342  0.0102378   0.404082
IMAGINARY
          0 -0.00705695  -0.0106369 -0.00751417
 0.00705695           0 -0.00999556 -0.00807279
  0.0106369  0.00999556           0  0.00899243
 0.00751417  0.00807279 -0.00899243           0
Repeater1[0]<--->EndNode1[0]
REAL
   0.380051 0.000948317   -0.004241    0.285893
0.000948317    0.135101    -0.03276  -0.0158091
  -0.004241    -0.03276    0.126263 0.000304816
   0.285893  -0.0158091 0.000304816    0.358586
IMAGINARY
           0    0.0137821   -0.0100292 -0.000711864
  -0.0137821            0   0.00989822   0.00484788
   0.0100292  -0.00989822            0   -0.0189635
 0.000711864  -0.00484788    0.0189635            0
Repeater1[0]<--->HoM1[0]
REAL
  0.363265 0.00125272 -0.0102378   0.297676
0.00125272   0.127891 -0.0590978  0.0102378
-0.0102378 -0.0590978   0.104762 0.00382342
  0.297676  0.0102378 0.00382342   0.404082
IMAGINARY
          0  -0.0106369 -0.00705695 -0.00751417
  0.0106369           0  0.00999556  0.00899243
 0.00705695 -0.00999556           0 -0.00807279
 0.00751417 -0.00899243  0.00807279           0
EndNode1[0]<--->Repeater1[0]
REAL
   0.395722 -0.00862402  0.00553383    0.299425
-0.00862402    0.139037  -0.0341187 -0.00808485
 0.00553383  -0.0341187    0.137701 -0.00413108
   0.299425 -0.00808485 -0.00413108     0.32754
IMAGINARY
          0  0.00386985   0.0105788   -0.011543
-0.00386985           0  -0.0177158  -0.0137314
 -0.0105788   0.0177158           0  -0.0133276
   0.011543   0.0137314   0.0133276           0
EndNode2[0]<--->HoM1[0]
REAL
   0.381963   0.0107639 -0.00355757    0.295732
  0.0107639    0.115385  -0.0424679  0.00355757
-0.00355757  -0.0424679    0.116711 0.000985495
   0.295732  0.00355757 0.000985495    0.385942
IMAGINARY
          0  0.00479961   0.0125124  0.00870899
-0.00479961           0    0.019291 -0.00156349
 -0.0125124   -0.019291           0 -0.00966579
-0.00870899  0.00156349  0.00966579           0
Repeater1[0]<--->EndNode1[0]
REAL
   0.395722  0.00553383 -0.00862402    0.299425
 0.00553383    0.137701  -0.0341187 -0.00413108
-0.00862402  -0.0341187    0.139037 -0.00808485
   0.299425 -0.00413108 -0.00808485     0.32754
IMAGINARY
          0   0.0105788  0.00386985   -0.011543
 -0.0105788           0   0.0177158  -0.0133276
-0.00386985  -0.0177158           0  -0.0137314
   0.011543   0.0133276   0.0137314           0
Repeater1[0]<--->HoM1[0]
REAL
   0.381963 -0.00355757   0.0107639    0.295732
-0.00355757    0.116711  -0.0424679 0.000985495
  0.0107639  -0.0424679    0.115385  0.00355757
   0.295732 0.000985495  0.00355757    0.385942
IMAGINARY
          0   0.0125124  0.00479961  0.00870899
 -0.0125124           0   -0.019291 -0.00966579
-0.00479961    0.019291           0 -0.00156349
-0.00870899  0.00966579  0.00156349           0
EndNode1[0]<--->Repeater1[0]
REAL
   0.358515  0.00445263   0.0195665    0.300974
 0.00445263    0.122919  -0.0518873 -0.00555916
  0.0195665  -0.0518873    0.128041  0.00955467
   0.300974 -0.00555916  0.00955467    0.390525
IMAGINARY
          0 -0.00237644    0.026803  -0.0252999
 0.00237644           0  -0.0110512  0.00725696
  -0.026803   0.0110512           0  -0.0289587
  0.0252999 -0.00725696   0.0289587           0
EndNode2[0]<--->HoM1[0]
REAL
   0.35535 -0.0150606  0.0111209   0.309038
-0.0150606   0.120211 -0.0354063 0.00131694
 0.0111209 -0.0354063   0.126816  0.0175481
  0.309038 0.00131694  0.0175481   0.397622
IMAGINARY
           0   0.00568584 -0.000213675  -0.00759377
 -0.00568584            0  -0.00824907    0.0113248
 0.000213675   0.00824907            0  -0.00938954
  0.00759377   -0.0113248   0.00938954            0
Repeater1[0]<--->EndNode1[0]
REAL
   0.358515   0.0195665  0.00445263    0.300974
  0.0195665    0.128041  -0.0518873  0.00955467
 0.00445263  -0.0518873    0.122919 -0.00555916
   0.300974  0.00955467 -0.00555916    0.390525
IMAGINARY
          0    0.026803 -0.00237644  -0.0252999
  -0.026803           0   0.0110512  -0.0289587
 0.00237644  -0.0110512           0  0.00725696
  0.0252999   0.0289587 -0.00725696           0
Repeater1[0]<--->HoM1[0]
REAL
   0.35535  0.0111209 -0.0150606   0.309038
 0.0111209   0.126816 -0.0354063  0.0175481
-0.0150606 -0.0354063   0.120211 0.00131694
  0.309038  0.0175481 0.00131694   0.397622
IMAGINARY
           0 -0.000213675   0.00568584  -0.00759377
 0.000213675            0   0.00824907  -0.00938954
 -0.00568584  -0.00824907            0    0.0113248
  0.00759377   0.00938954   -0.0113248            0
EndNode1[0]<--->Repeater1[0]
REAL
   0.374684  -0.0119711  0.00088835    0.299061
 -0.0119711    0.113924  -0.0217072 -0.00852194
 0.00088835  -0.0217072    0.116456   0.0106989
   0.299061 -0.00852194   0.0106989    0.394937
IMAGINARY
          0   0.0153499   0.0022515  -0.0158482
 -0.0153499           0   0.0106669 -0.00723017
 -0.0022515  -0.0106669           0  0.00954343
  0.0158482  0.00723017 -0.00954343           0
EndNode2[0]<--->HoM1[0]
REAL
    0.38403 -0.00704392   0.0126319    0.292427
-0.00704392    0.124208  -0.0219357 -0.00443514
  0.0126319  -0.0219357    0.121673 0.000108229
   0.292427 -0.00443514 0.000108229    0.370089
IMAGINARY
          0  0.00387058 -0.00411123 -0.00360213
-0.00387058           0  -0.0124854 -0.00537386
 0.00411123   0.0124854           0   0.0123896
 0.00360213  0.00537386  -0.0123896           0
Repeater1[0]<--->EndNode1[0]
REAL
   0.374684  0.00088835  -0.0119711    0.299061
 0.00088835    0.116456  -0.0217072   0.0106989
 -0.0119711  -0.0217072    0.113924 -0.00852194
   0.299061   0.0106989 -0.00852194    0.394937
IMAGINARY
          0   0.0022515   0.0153499  -0.0158482
 -0.0022515           0  -0.0106669  0.00954343
 -0.0153499   0.0106669           0 -0.00723017
  0.0158482 -0.00954343  0.00723017           0
Repeater1[0]<--->HoM1[0]
REAL
    0.38403   0.0126319 -0.00704392    0.292427
  0.0126319    0.121673  -0.0219357 0.000108229
-0.00704392  -0.0219357    0.124208 -0.00443514
   0.292427 0.000108229 -0.00443514    0.370089
IMAGINARY
          0 -0.00411123  0.00387058 -0.00360213
 0.00411123           0   0.0124854   0.0123896
-0.00387058  -0.0124854           0 -0.00537386
 0.00360213  -0.0123896  0.00537386           0
EndNode1[0]<--->Repeater1[0]
REAL
   0.395778 -0.00845088   0.0142419    0.289207
-0.00845088    0.101583  -0.0576636  0.00522123
  0.0142419  -0.0576636    0.114776  0.00643746
   0.289207  0.00522123  0.00643746    0.387863
IMAGINARY
           0   -0.0116334 -0.000880703    0.0030599
   0.0116334            0   -0.0135862   0.00154648
 0.000880703    0.0135862            0    0.0176254
  -0.0030599  -0.00154648   -0.0176254            0
EndNode2[0]<--->HoM1[0]
REAL
   0.370277 -0.00392551  0.00957199    0.296862
-0.00392551    0.120907  -0.0207059   0.0062431
 0.00957199  -0.0207059   0.0994962  -0.0070234
   0.296862   0.0062431  -0.0070234     0.40932
IMAGINARY
           0 -0.000902099    0.0125746    0.0121646
 0.000902099            0   -0.0170907 -0.000412425
  -0.0125746    0.0170907            0   -0.0288276
  -0.0121646  0.000412425    0.0288276            0
Repeater1[0]<--->EndNode1[0]
REAL
   0.395778   0.0142419 -0.00845088    0.289207
  0.0142419    0.114776  -0.0576636  0.00643746
-0.00845088  -0.0576636    0.101583  0.00522123
   0.289207  0.00643746  0.00522123    0.387863
IMAGINARY
           0 -0.000880703   -0.0116334    0.0030599
 0.000880703            0    0.0135862    0.0176254
   0.0116334   -0.0135862            0   0.00154648
  -0.0030599   -0.0176254  -0.00154648            0
Repeater1[0]<--->HoM1[0]
REAL
   0.370277  0.00957199 -0.00392551    0.296862
 0.00957199   0.0994962  -0.0207059  -0.0070234
-0.00392551  -0.0207059    0.120907   0.0062431
   0.296862  -0.0070234   0.0062431     0.40932
IMAGINARY
           0    0.0125746 -0.000902099    0.0121646
  -0.0125746            0    0.0170907   -0.0288276
 0.000902099   -0.0170907            0 -0.000412425
  -0.0121646    0.0288276  0.000412425            0
EndNode1[0]<--->Repeater1[0]
REAL
   0.382206 -0.00591628 -0.00646643    0.286278
-0.00591628    0.106516  -0.0560398    0.014622
-0.00646643  -0.0560398    0.114035  -0.0198052
   0.286278    0.014622  -0.0198052    0.397243
IMAGINARY
          0  -0.0228878  0.00852279   0.0084088
  0.0228878           0 -0.00646831   0.0265176
-0.00852279  0.00646831           0 -0.00810949
 -0.0084088  -0.0265176  0.00810949           0
EndNode2[0]<--->HoM1[0]
REAL
   0.371812  0.00676087 -0.00658762    0.282422
 0.00676087    0.120805  -0.0407336  -0.0151515
-0.00658762  -0.0407336    0.102013 -0.00803964
   0.282422  -0.0151515 -0.00803964    0.405369
IMAGINARY
           0  -0.00214912    0.0164627  0.000749168
  0.00214912            0    0.0139567  -0.00882912
  -0.0164627   -0.0139567            0  -0.00930126
-0.000749168   0.00882912   0.00930126            0
Repeater1[0]<--->EndNode1[0]
REAL
   0.382206 -0.00646643 -0.00591628    0.286278
-0.00646643    0.114035  -0.0560398  -0.0198052
-0.00591628  -0.0560398    0.106516    0.014622
   0.286278  -0.0198052    0.014622    0.397243
IMAGINARY
          0  0.00852279  -0.0228878   0.0084088
-0.00852279           0  0.00646831 -0.00810949
  0.0228878 -0.00646831           0   0.0265176
 -0.0084088  0.00810949  -0.0265176           0
Repeater1[0]<--->HoM1[0]
REAL
   0.371812 -0.00658762  0.00676087    0.282422
-0.00658762    0.102013  -0.0407336 -0.00803964
 0.00676087  -0.0407336    0.120805  -0.0151515
   0.282422 -0.00803964  -0.0151515    0.405369
IMAGINARY
           0    0.0164627  -0.00214912  0.000749168
  -0.0164627            0   -0.0139567  -0.00930126
  0.00214912    0.0139567            0  -0.00882912
-0.000749168   0.00930126   0.00882912            0
EndNode1[0]<--->Repeater1[0]
REAL
   0.357607 -0.00608195  -0.0104389    0.299407
-0.00608195    0.120936  -0.0306903  -0.0122884
 -0.0104389  -0.0306903    0.120936  0.00608195
   0.299407  -0.0122884  0.00608195     0.40052
IMAGINARY
          0   0.0167742    -0.01185 -0.00604839
 -0.0167742           0  0.00604839  -0.0197034
    0.01185 -0.00604839           0  0.00992486
 0.00604839   0.0197034 -0.00992486           0
EndNode2[0]<--->HoM1[0]
REAL
   0.384718  0.00894418 -0.00649087     0.30869
 0.00894418    0.127346   -0.040537  0.00712781
-0.00649087   -0.040537    0.120643  0.00188385
    0.30869  0.00712781  0.00188385    0.367292
IMAGINARY
          0  0.00238638 -0.00133433 -0.00966886
-0.00238638           0   0.0176264 -0.00639762
 0.00133433  -0.0176264           0   0.0143662
 0.00966886  0.00639762  -0.0143662           0
Repeater1[0]<--->EndNode1[0]
REAL
   0.357607  -0.0104389 -0.00608195    0.299407
 -0.0104389    0.120936  -0.0306903  0.00608195
-0.00608195  -0.0306903    0.120936  -0.0122884
   0.299407  0.00608195  -0.0122884     0.40052
IMAGINARY
          0    -0.01185   0.0167742 -0.00604839
    0.01185           0 -0.00604839  0.00992486
 -0.0167742  0.00604839           0  -0.0197034
 0.00604839 -0.00992486   0.0197034           0
Repeater1[0]<--->HoM1[0]
REAL
   0.384718 -0.00649087  0.00894418     0.30869
-0.00649087    0.120643   -0.040537  0.00188385
 0.00894418   -0.040537    0.127346  0.00712781
    0.30869  0.00188385  0.00712781    0.367292
IMAGINARY
          0 -0.00133433  0.00238638 -0.00966886
 0.00133433           0  -0.0176264   0.0143662
-0.00238638   0.0176264           0 -0.00639762
 0.00966886  -0.0143662  0.00639762           0
EndNode1[0]<--->Repeater1[0]
REAL
  0.371648  0.0347889  0.0171804   0.298709
 0.0347889    0.11622 -0.0275454  0.0158884
 0.0171804 -0.0275454   0.123883 0.00753918
  0.298709  0.0158884 0.00753918    0.38825
IMAGINARY
          0  0.00790484   0.0135791   0.0109545
-0.00790484           0  0.00513302  0.00508239
 -0.0135791 -0.00513302           0  0.00046067
 -0.0109545 -0.00508239 -0.00046067           0
EndNode2[0]<--->HoM1[0]
REAL
   0.379128  -0.0068652 -0.00473934    0.324557
 -0.0068652    0.125495  -0.0283481 -0.00473934
-0.00473934  -0.0283481    0.114927 -0.00498314
   0.324557 -0.00473934 -0.00498314    0.380449
IMAGINARY
          0  0.00839289  -0.0124353   0.0124879
-0.00839289           0   0.0118222  0.00192854
  0.0124353  -0.0118222           0  0.00582219
 -0.0124879 -0.00192854 -0.00582219           0
Repeater1[0]<--->EndNode1[0]
REAL
  0.371648  0.0171804  0.0347889   0.298709
 0.0171804   0.123883 -0.0275454 0.00753918
 0.0347889 -0.0275454    0.11622  0.0158884
  0.298709 0.00753918  0.0158884    0.38825
IMAGINARY
          0   0.0135791  0.00790484   0.0109545
 -0.0135791           0 -0.00513302  0.00046067
-0.00790484  0.00513302           0  0.00508239
 -0.0109545 -0.00046067 -0.00508239           0
Repeater1[0]<--->HoM1[0]
REAL
   0.379128 -0.00473934  -0.0068652    0.324557
-0.00473934    0.114927  -0.0283481 -0.00498314
 -0.0068652  -0.0283481    0.125495 -0.00473934
   0.324557 -0.00498314 -0.00473934    0.380449
IMAGINARY
          0  -0.0124353  0.00839289   0.0124879
  0.0124353           0  -0.0118222  0.00582219
-0.00839289   0.0118222           0  0.00192854
 -0.0124879 -0.00582219 -0.00192854           0
EndNode1[0]<--->Repeater1[0]
REAL
   0.357233  0.00862055 -0.00570182    0.308766
 0.00862055    0.143396  -0.0471014  0.00507131
-0.00570182  -0.0471014    0.128302  -0.0105121
   0.308766  0.00507131  -0.0105121    0.371069
IMAGINARY
          0   0.0205748  -0.0166143  -0.0017307
 -0.0205748           0   0.0149582 -0.00379383
  0.0166143  -0.0149582           0  0.00621091
  0.0017307  0.00379383 -0.00621091           0
EndNode2[0]<--->HoM1[0]
REAL
   0.366234 -0.00683951  -0.0245458    0.316579
-0.00683951    0.135065  -0.0271713 -0.00130541
 -0.0245458  -0.0271713    0.114286  -0.0127065
   0.316579 -0.00130541  -0.0127065    0.384416
IMAGINARY
          0   0.0227268  -0.0128348  -0.0070051
 -0.0227268           0   0.0141759  0.00502232
  0.0128348  -0.0141759           0   0.0111273
  0.0070051 -0.00502232  -0.0111273           0
Repeater1[0]<--->EndNode1[0]
REAL
   0.357233 -0.00570182  0.00862055    0.308766
-0.00570182    0.128302  -0.0471014  -0.0105121
 0.00862055  -0.0471014    0.143396  0.00507131
   0.308766  -0.0105121  0.00507131    0.371069
IMAGINARY
          0  -0.0166143   0.0205748  -0.0017307
  0.0166143           0  -0.0149582  0.00621091
 -0.0205748   0.0149582           0 -0.00379383
  0.0017307 -0.00621091  0.00379383           0
Repeater1[0]<--->HoM1[0]
REAL
   0.366234  -0.0245458 -0.00683951    0.316579
 -0.0245458    0.114286  -0.0271713  -0.0127065
-0.00683951  -0.0271713    0.135065 -0.00130541
   0.316579  -0.0127065 -0.00130541    0.384416
IMAGINARY
          0  -0.0128348   0.0227268  -0.0070051
  0.0128348           0  -0.0141759   0.0111273
 -0.0227268   0.0141759           0  0.00502232
  0.0070051  -0.0111273 -0.00502232           0
EndNode1[0]<--->Repeater1[0]
REAL
  0.394057  0.0011616  0.0126514   0.283681
 0.0011616   0.107235 -0.0496523  0.0166837
 0.0126514 -0.0496523   0.108527  0.0177432
  0.283681  0.0166837  0.0177432   0.390181
IMAGINARY
          0  0.00178407 -0.00164241  -0.0135006
-0.00178407           0  -0.0055834   -0.014751
 0.00164241   0.0055834           0  0.00368041
  0.0135006    0.014751 -0.00368041           0
EndNode2[0]<--->HoM1[0]
REAL
   0.382353   0.0114075   0.0152897     0.30592
  0.0114075    0.120205  -0.0488141  0.00538215
  0.0152897  -0.0488141     0.12532 -0.00623955
    0.30592  0.00538215 -0.00623955    0.372123
IMAGINARY
          0 -0.00775319 -0.00708887  -0.0201041
 0.00775319           0   0.0120296 -0.00134174
 0.00708887  -0.0120296           0 -0.00456847
  0.0201041  0.00134174  0.00456847           0
Repeater1[0]<--->EndNode1[0]
REAL
  0.394057  0.0126514  0.0011616   0.283681
 0.0126514   0.108527 -0.0496523  0.0177432
 0.0011616 -0.0496523   0.107235  0.0166837
  0.283681  0.0177432  0.0166837   0.390181
IMAGINARY
          0 -0.00164241  0.00178407  -0.0135006
 0.00164241           0   0.0055834  0.00368041
-0.00178407  -0.0055834           0   -0.014751
  0.0135006 -0.00368041    0.014751           0
Repeater1[0]<--->HoM1[0]
REAL
   0.382353   0.0152897   0.0114075     0.30592
  0.0152897     0.12532  -0.0488141 -0.00623955
  0.0114075  -0.0488141    0.120205  0.00538215
    0.30592 -0.00623955  0.00538215    0.372123
IMAGINARY
          0 -0.00708887 -0.00775319  -0.0201041
 0.00708887           0  -0.0120296 -0.00456847
 0.00775319   0.0120296           0 -0.00134174
  0.0201041  0.00456847  0.00134174           0
EndNode1[0]<--->Repeater1[0]
REAL
  0.401487 -0.0225128 0.00116716   0.304722
-0.0225128   0.136307 -0.0462878 -0.0180363
0.00116716 -0.0462878    0.11772  0.0177895
  0.304722 -0.0180363  0.0177895   0.344486
IMAGINARY
           0    0.0144413   0.00754751 -0.000957854
  -0.0144413            0  -0.00889436   -0.0365879
 -0.00754751   0.00889436            0    0.0196496
 0.000957854    0.0365879   -0.0196496            0
EndNode2[0]<--->HoM1[0]
REAL
   0.384088  0.00052468  -0.0230867    0.292749
 0.00052468    0.106996   -0.042447   0.0116271
 -0.0230867   -0.042447    0.124829 -0.00354036
   0.292749   0.0116271 -0.00354036    0.384088
IMAGINARY
           0    0.0133788  3.46945e-18   0.00834651
  -0.0133788            0   0.00641601  3.46945e-18
-3.46945e-18  -0.00641601            0   -0.0049989
 -0.00834651 -3.46945e-18    0.0049989            0
Repeater1[0]<--->EndNode1[0]
REAL
  0.401487 0.00116716 -0.0225128   0.304722
0.00116716    0.11772 -0.0462878  0.0177895
-0.0225128 -0.0462878   0.136307 -0.0180363
  0.304722  0.0177895 -0.0180363   0.344486
IMAGINARY
           0   0.00754751    0.0144413 -0.000957854
 -0.00754751            0   0.00889436    0.0196496
  -0.0144413  -0.00889436            0   -0.0365879
 0.000957854   -0.0196496    0.0365879            0
Repeater1[0]<--->HoM1[0]
REAL
   0.384088  -0.0230867  0.00052468    0.292749
 -0.0230867    0.124829   -0.042447 -0.00354036
 0.00052468   -0.042447    0.106996   0.0116271
   0.292749 -0.00354036   0.0116271    0.384088
IMAGINARY
           0 -1.04083e-17    0.0133788   0.00834651
 1.04083e-17            0  -0.00641601   -0.0049989
  -0.0133788   0.00641601            0 -1.04083e-17
 -0.00834651    0.0049989  1.04083e-17            0
EndNode1[0]<--->Repeater1[0]
REAL
  0.372475 -0.0268696 -0.0235495   0.314248
-0.0268696   0.118687  -0.039085 -0.0254701
-0.0235495  -0.039085   0.132576 -0.0143068
  0.314248 -0.0254701 -0.0143068   0.376263
IMAGINARY
          0 -0.00780952  0.00786701   0.0164661
 0.00780952           0 -0.00686303 -0.00120035
-0.00786701  0.00686303           0  0.00647619
 -0.0164661  0.00120035 -0.00647619           0
EndNode2[0]<--->HoM1[0]
REAL
    0.379442     0.003663 -0.000978274     0.297776
    0.003663      0.11802   -0.0537861  -0.00983903
-0.000978274   -0.0537861     0.107868    0.0155678
    0.297776  -0.00983903    0.0155678      0.39467
IMAGINARY
          0  -0.0163746  0.00477227    0.024938
  0.0163746           0  0.00137779   0.0121548
-0.00477227 -0.00137779           0  -0.0109692
  -0.024938  -0.0121548   0.0109692           0
Repeater1[0]<--->EndNode1[0]
REAL
  0.372475 -0.0235495 -0.0268696   0.314248
-0.0235495   0.132576  -0.039085 -0.0143068
-0.0268696  -0.039085   0.118687 -0.0254701
  0.314248 -0.0143068 -0.0254701   0.376263
IMAGINARY
          0  0.00786701 -0.00780952   0.0164661
-0.00786701           0  0.00686303  0.00647619
 0.00780952 -0.00686303           0 -0.00120035
 -0.0164661 -0.00647619  0.00120035           0
Repeater1[0]<--->HoM1[0]
REAL
    0.379442 -0.000978274     0.003663     0.297776
-0.000978274     0.107868   -0.0537861    0.0155678
    0.003663   -0.0537861      0.11802  -0.00983903
    0.297776    0.0155678  -0.00983903      0.39467
IMAGINARY
          0  0.00477227  -0.0163746    0.024938
-0.00477227           0 -0.00137779  -0.0109692
  0.0163746  0.00137779           0   0.0121548
  -0.024938   0.0109692  -0.0121548           0
EndNode1[0]<--->Repeater1[0]
REAL
   0.376289 -0.00214164   0.0222319    0.308151
-0.00214164    0.106959  -0.0500865  0.00196164
  0.0222319  -0.0500865    0.127577   0.0263352
   0.308151  0.00196164   0.0263352    0.389175
IMAGINARY
          0   -0.025565  0.00451471  0.00118416
   0.025565           0    0.026628 -0.00132186
-0.00451471   -0.026628           0  -0.0197735
-0.00118416  0.00132186   0.0197735           0
EndNode2[0]<--->HoM1[0]
REAL
  0.370027 -0.0093729 0.00763359   0.291363
-0.0093729   0.123342 -0.0458162 0.00763359
0.00763359 -0.0458162    0.12069  0.0119174
  0.291363 0.00763359  0.0119174   0.385942
IMAGINARY
           0  -0.00137247 -6.33425e-05  -0.00865048
  0.00137247            0    0.0158778   -0.0191674
 6.33425e-05   -0.0158778            0    -0.011448
  0.00865048    0.0191674     0.011448            0
Repeater1[0]<--->EndNode1[0]
REAL
   0.376289   0.0222319 -0.00214164    0.308151
  0.0222319    0.127577  -0.0500865   0.0263352
-0.00214164  -0.0500865    0.106959  0.00196164
   0.308151   0.0263352  0.00196164    0.389175
IMAGINARY
          0  0.00451471   -0.025565  0.00118416
-0.00451471           0   -0.026628  -0.0197735
   0.025565    0.026628           0 -0.00132186
-0.00118416   0.0197735  0.00132186           0
Repeater1[0]<--->HoM1[0]
REAL
  0.370027 0.00763359 -0.0093729   0.291363
0.00763359    0.12069 -0.0458162  0.0119174
-0.0093729 -0.0458162   0.123342 0.00763359
  0.291363  0.0119174 0.00763359   0.385942
IMAGINARY
           0 -6.33425e-05  -0.00137247  -0.00865048
 6.33425e-05            0   -0.0158778    -0.011448
  0.00137247    0.0158778            0   -0.0191674
  0.00865048     0.011448    0.0191674            0
EndNode1[0]<--->Repeater1[0]
REAL
   0.375303   0.0264407   0.0169693    0.289739
  0.0264407    0.117433  -0.0445467  -0.0025462
  0.0169693  -0.0445467    0.121065 -0.00961375
   0.289739  -0.0025462 -0.00961375    0.386199
IMAGINARY
          0 -0.00358053 -0.00571893  0.00687001
 0.00358053           0 -0.00379498  0.00143322
 0.00571893  0.00379498           0  0.00215196
-0.00687001 -0.00143322 -0.00215196           0
EndNode2[0]<--->HoM1[0]
REAL
  0.361575 -0.0049561  0.0127026   0.308149
-0.0049561   0.127685 -0.0165928 -0.0153411
 0.0127026 -0.0165928   0.116945 -0.0135136
  0.308149 -0.0153411 -0.0135136   0.393795
IMAGINARY
          0 -0.00235901  -0.0141129  -0.0187976
 0.00235901           0  0.00587771   0.0141129
  0.0141129 -0.00587771           0  -0.0131049
  0.0187976  -0.0141129   0.0131049           0
Repeater1[0]<--->EndNode1[0]
REAL
   0.375303   0.0169693   0.0264407    0.289739
  0.0169693    0.121065  -0.0445467 -0.00961375
  0.0264407  -0.0445467    0.117433  -0.0025462
   0.289739 -0.00961375  -0.0025462    0.386199
IMAGINARY
          0 -0.00571893 -0.00358053  0.00687001
 0.00571893           0  0.00379498  0.00215196
 0.00358053 -0.00379498           0  0.00143322
-0.00687001 -0.00215196 -0.00143322           0
Repeater1[0]<--->HoM1[0]
REAL
  0.361575  0.0127026 -0.0049561   0.308149
 0.0127026   0.116945 -0.0165928 -0.0135136
-0.0049561 -0.0165928   0.127685 -0.0153411
  0.308149 -0.0135136 -0.0153411   0.393795
IMAGINARY
          0  -0.0141129 -0.00235901  -0.0187976
  0.0141129           0 -0.00587771  -0.0131049
 0.00235901  0.00587771           0   0.0141129
  0.0187976   0.0131049  -0.0141129           0
EndNode1[0]<--->Repeater1[0]
REAL
   0.392947  -0.0152492 -0.00746389    0.297571
 -0.0152492     0.11335  -0.0244517  -0.0326101
-0.00746389  -0.0244517    0.107053  -0.0124944
   0.297571  -0.0326101  -0.0124944     0.38665
IMAGINARY
          0 -0.00328409  -0.0159564  0.00280596
 0.00328409           0  -0.0119205 -0.00645073
  0.0159564   0.0119205           0   0.0039243
-0.00280596  0.00645073  -0.0039243           0
EndNode2[0]<--->HoM1[0]
REAL
   0.352778 -0.00196151  -0.0130125     0.29206
-0.00196151    0.141667  -0.0511275 -0.00253158
 -0.0130125  -0.0511275    0.109722   0.0123242
    0.29206 -0.00253158   0.0123242    0.395833
IMAGINARY
          0 -0.00270853  0.00171759   0.0103469
 0.00270853           0  0.00844095   0.0149919
-0.00171759 -0.00844095           0  0.00399388
 -0.0103469  -0.0149919 -0.00399388           0
Repeater1[0]<--->EndNode1[0]
REAL
   0.392947 -0.00746389  -0.0152492    0.297571
-0.00746389    0.107053  -0.0244517  -0.0124944
 -0.0152492  -0.0244517     0.11335  -0.0326101
   0.297571  -0.0124944  -0.0326101     0.38665
IMAGINARY
          0  -0.0159564 -0.00328409  0.00280596
  0.0159564           0   0.0119205   0.0039243
 0.00328409  -0.0119205           0 -0.00645073
-0.00280596  -0.0039243  0.00645073           0
Repeater1[0]<--->HoM1[0]
REAL
   0.352778  -0.0130125 -0.00196151     0.29206
 -0.0130125    0.109722  -0.0511275   0.0123242
-0.00196151  -0.0511275    0.141667 -0.00253158
    0.29206   0.0123242 -0.00253158    0.395833
IMAGINARY
          0  0.00171759 -0.00270853   0.0103469
-0.00171759           0 -0.00844095  0.00399388
 0.00270853  0.00844095           0   0.0149919
 -0.0103469 -0.00399388  -0.0149919           0
EndNode1[0]<--->Repeater1[0]
REAL
   0.381963  0.00613894 -0.00965536    0.293049
 0.00613894    0.143236   -0.035596   0.0191405
-0.00965536   -0.035596    0.107427   0.0074112
   0.293049   0.0191405   0.0074112    0.367374
IMAGINARY
          0  -0.0110472 -0.00380703   0.0210632
  0.0110472           0  0.00551912  0.00764335
 0.00380703 -0.00551912           0  0.00465331
 -0.0210632 -0.00764335 -0.00465331           0
EndNode2[0]<--->HoM1[0]
REAL
   0.384518  -0.0125261   0.0182463    0.295762
 -0.0125261    0.107868  -0.0345486  -0.0156078
  0.0182463  -0.0345486    0.129442 -0.00990138
   0.295762  -0.0156078 -0.00990138    0.378173
IMAGINARY
          0  -0.0133017 -0.00104937  -0.0120722
  0.0133017           0   0.0071094 -0.00413198
 0.00104937  -0.0071094           0  -0.0113097
  0.0120722  0.00413198   0.0113097           0
Repeater1[0]<--->EndNode1[0]
REAL
   0.381963 -0.00965536  0.00613894    0.293049
-0.00965536    0.107427   -0.035596   0.0074112
 0.00613894   -0.035596    0.143236   0.0191405
   0.293049   0.0074112   0.0191405    0.367374
IMAGINARY
          0 -0.00380703  -0.0110472   0.0210632
 0.00380703           0 -0.00551912  0.00465331
  0.0110472  0.00551912           0  0.00764335
 -0.0210632 -0.00465331 -0.00764335           0
Repeater1[0]<--->HoM1[0]
REAL
   0.384518   0.0182463  -0.0125261    0.295762
  0.0182463    0.129442  -0.0345486 -0.00990138
 -0.0125261  -0.0345486    0.107868  -0.0156078
   0.295762 -0.00990138  -0.0156078    0.378173
IMAGINARY
          0 -0.00104937  -0.0133017  -0.0120722
 0.00104937           0  -0.0071094  -0.0113097
  0.0133017   0.0071094           0 -0.00413198
  0.0120722   0.0113097  0.00413198           0
EndNode1[0]<--->Repeater1[0]
REAL
   0.390789  -0.0197495 -0.00156048    0.300743
 -0.0197495    0.122368  -0.0455072   -0.018073
-0.00156048  -0.0455072    0.109211   0.0118961
   0.300743   -0.018073   0.0118961    0.377632
IMAGINARY
           0  -0.00931796    0.0103169   0.00348886
  0.00931796            0 -0.000924758   0.00968314
  -0.0103169  0.000924758            0   0.00306796
 -0.00348886  -0.00968314  -0.00306796            0
EndNode2[0]<--->HoM1[0]
REAL
   0.370667    0.014436  0.00318979    0.297859
   0.014436        0.14  -0.0384608  -0.0119617
 0.00318979  -0.0384608       0.128 -0.00817036
   0.297859  -0.0119617 -0.00817036    0.361333
IMAGINARY
          0   0.0151133   -0.012183  -0.0051505
 -0.0151133           0 -0.00321501 -0.00514076
   0.012183  0.00321501           0   0.0105737
  0.0051505  0.00514076  -0.0105737           0
Repeater1[0]<--->EndNode1[0]
REAL
   0.390789 -0.00156048  -0.0197495    0.300743
-0.00156048    0.109211  -0.0455072   0.0118961
 -0.0197495  -0.0455072    0.122368   -0.018073
   0.300743   0.0118961   -0.018073    0.377632
IMAGINARY
           0    0.0103169  -0.00931796   0.00348886
  -0.0103169            0  0.000924758   0.00306796
  0.00931796 -0.000924758            0   0.00968314
 -0.00348886  -0.00306796  -0.00968314            0
Repeater1[0]<--->HoM1[0]
REAL
   0.370667  0.00318979    0.014436    0.297859
 0.00318979       0.128  -0.0384608 -0.00817036
   0.014436  -0.0384608        0.14  -0.0119617
   0.297859 -0.00817036  -0.0119617    0.361333
IMAGINARY
          0   -0.012183   0.0151133  -0.0051505
   0.012183           0  0.00321501   0.0105737
 -0.0151133 -0.00321501           0 -0.00514076
  0.0051505  -0.0105737  0.00514076           0
EndNode1[0]<--->Repeater1[0]
REAL
   0.395494   0.0180094 -0.00993875    0.309797
  0.0180094     0.12015  -0.0452399  0.00360964
-0.00993875  -0.0452399    0.110138  0.00604127
   0.309797  0.00360964  0.00604127    0.374218
IMAGINARY
          0  0.00557101  0.00492795  0.00570259
-0.00557101           0   0.0120639   0.0122711
-0.00492795  -0.0120639           0   -0.017856
-0.00570259  -0.0122711    0.017856           0
EndNode2[0]<--->HoM1[0]
REAL
   0.376302   0.0049889 -0.00682484    0.294585
  0.0049889    0.117188  -0.0409237   0.0168115
-0.00682484  -0.0409237     0.13151   0.0116556
   0.294585   0.0168115   0.0116556       0.375
IMAGINARY
          0  0.00771514 -0.00424889   0.0101842
-0.00771514           0  -0.0108132   0.0199147
 0.00424889   0.0108132           0  -0.0103261
 -0.0101842  -0.0199147   0.0103261           0
Repeater1[0]<--->EndNode1[0]
REAL
   0.395494 -0.00993875   0.0180094    0.309797
-0.00993875    0.110138  -0.0452399  0.00604127
  0.0180094  -0.0452399     0.12015  0.00360964
   0.309797  0.00604127  0.00360964    0.374218
IMAGINARY
          0  0.00492795  0.00557101  0.00570259
-0.00492795           0  -0.0120639   -0.017856
-0.00557101   0.0120639           0   0.0122711
-0.00570259    0.017856  -0.0122711           0
Repeater1[0]<--->HoM1[0]
REAL
   0.376302 -0.00682484   0.0049889    0.294585
-0.00682484     0.13151  -0.0409237   0.0116556
  0.0049889  -0.0409237    0.117188   0.0168115
   0.294585   0.0116556   0.0168115       0.375
IMAGINARY
          0 -0.00424889  0.00771514   0.0101842
 0.00424889           0   0.0108132  -0.0103261
-0.00771514  -0.0108132           0   0.0199147
 -0.0101842   0.0103261  -0.0199147           0
EndNode1[0]<--->Repeater1[0]
REAL
   0.379177 -0.00434503  0.00168341    0.304507
-0.00434503    0.114396  -0.0522948 -0.00357975
 0.00168341  -0.0522948    0.113111 -0.00766508
   0.304507 -0.00357975 -0.00766508    0.393316
IMAGINARY
           0   0.00398104   0.00640008    -0.005582
 -0.00398104            0 -0.000667998   -0.0123667
 -0.00640008  0.000667998            0   0.00675882
    0.005582    0.0123667  -0.00675882            0
EndNode2[0]<--->HoM1[0]
REAL
   0.360931  -0.0111096 -0.00667471    0.285495
 -0.0111096    0.126779  -0.0437732 0.000714449
-0.00667471  -0.0437732    0.113842   0.0276659
   0.285495 0.000714449   0.0276659    0.398448
IMAGINARY
          0  -0.0133786 -0.00434819 -0.00399836
  0.0133786           0   0.0156867  0.00370634
 0.00434819  -0.0156867           0  -0.0078024
 0.00399836 -0.00370634   0.0078024           0
Repeater1[0]<--->EndNode1[0]
REAL
   0.379177  0.00168341 -0.00434503    0.304507
 0.00168341    0.113111  -0.0522948 -0.00766508
-0.00434503  -0.0522948    0.114396 -0.00357975
   0.304507 -0.00766508 -0.00357975    0.393316
IMAGINARY
           0   0.00640008   0.00398104    -0.005582
 -0.00640008            0  0.000667998   0.00675882
 -0.00398104 -0.000667998            0   -0.0123667
    0.005582  -0.00675882    0.0123667            0
Repeater1[0]<--->HoM1[0]
REAL
   0.360931 -0.00667471  -0.0111096    0.285495
-0.00667471    0.113842  -0.0437732   0.0276659
 -0.0111096  -0.0437732    0.126779 0.000714449
   0.285495   0.0276659 0.000714449    0.398448
IMAGINARY
          0 -0.00434819  -0.0133786 -0.00399836
 0.00434819           0  -0.0156867  -0.0078024
  0.0133786   0.0156867           0  0.00370634
 0.00399836   0.0078024 -0.00370634           0
EndNode1[0]<--->Repeater1[0]
REAL
   0.362003 -0.00235407 -0.00374778    0.307886
-0.00235407     0.12837  -0.0578859 -0.00894258
-0.00374778  -0.0578859    0.125802  0.00869925
   0.307886 -0.00894258  0.00869925    0.383825
IMAGINARY
           0  0.000687427   -0.0166891    0.0073647
-0.000687427            0   0.00145142    0.0307831
   0.0166891  -0.00145142            0     0.001326
  -0.0073647   -0.0307831    -0.001326            0
EndNode2[0]<--->HoM1[0]
REAL
   0.390645 -0.00660502  -0.0118047    0.302467
-0.00660502    0.131479  -0.0508153 -0.00470789
 -0.0118047  -0.0508153     0.11378  -0.0310436
   0.302467 -0.00470789  -0.0310436    0.364096
IMAGINARY
          0  -0.0088169   0.0112369  0.00106083
  0.0088169           0 -0.00891423  -0.0080194
 -0.0112369  0.00891423           0   0.0081734
-0.00106083   0.0080194  -0.0081734           0
Repeater1[0]<--->EndNode1[0]
REAL
   0.362003 -0.00374778 -0.00235407    0.307886
-0.00374778    0.125802  -0.0578859  0.00869925
-0.00235407  -0.0578859     0.12837 -0.00894258
   0.307886  0.00869925 -0.00894258    0.383825
IMAGINARY
           0   -0.0166891  0.000687427    0.0073647
   0.0166891            0  -0.00145142     0.001326
-0.000687427   0.00145142            0    0.0307831
  -0.0073647    -0.001326   -0.0307831            0
Repeater1[0]<--->HoM1[0]
REAL
   0.390645  -0.0118047 -0.00660502    0.302467
 -0.0118047     0.11378  -0.0508153  -0.0310436
-0.00660502  -0.0508153    0.131479 -0.00470789
   0.302467  -0.0310436 -0.00470789    0.364096
IMAGINARY
          0   0.0112369  -0.0088169  0.00106083
 -0.0112369           0  0.00891423   0.0081734
  0.0088169 -0.00891423           0  -0.0080194
-0.00106083  -0.0081734   0.0080194           0
EndNode1[0]<--->Repeater1[0]
REAL
  0.381727 -0.0178182 -0.0030413   0.289641
-0.0178182   0.111389 -0.0377326 -0.0249485
-0.0030413 -0.0377326   0.121402 -0.0165329
  0.289641 -0.0249485 -0.0165329   0.385482
IMAGINARY
          0  -0.0195832  -0.0138871 -0.00332547
  0.0195832           0    -0.04139    0.024368
  0.0138871     0.04139           0 -0.00569427
 0.00332547   -0.024368  0.00569427           0
EndNode2[0]<--->HoM1[0]
REAL
   0.358302  0.00191246 0.000187436    0.300495
 0.00191246    0.124844  -0.0157814 -0.00846769
0.000187436  -0.0157814    0.122347  0.00127225
   0.300495 -0.00846769  0.00127225    0.394507
IMAGINARY
           0   0.00242086    0.0220573   -0.0175968
 -0.00242086            0   -0.0122634  0.000754043
  -0.0220573    0.0122634            0   -0.0166009
   0.0175968 -0.000754043    0.0166009            0
Repeater1[0]<--->EndNode1[0]
REAL
  0.381727 -0.0030413 -0.0178182   0.289641
-0.0030413   0.121402 -0.0377326 -0.0165329
-0.0178182 -0.0377326   0.111389 -0.0249485
  0.289641 -0.0165329 -0.0249485   0.385482
IMAGINARY
          0  -0.0138871  -0.0195832 -0.00332547
  0.0138871           0     0.04139 -0.00569427
  0.0195832    -0.04139           0    0.024368
 0.00332547  0.00569427   -0.024368           0
Repeater1[0]<--->HoM1[0]
REAL
   0.358302 0.000187436  0.00191246    0.300495
0.000187436    0.122347  -0.0157814  0.00127225
 0.00191246  -0.0157814    0.124844 -0.00846769
   0.300495  0.00127225 -0.00846769    0.394507
IMAGINARY
           0    0.0220573   0.00242086   -0.0175968
  -0.0220573            0    0.0122634   -0.0166009
 -0.00242086   -0.0122634            0  0.000754043
   0.0175968    0.0166009 -0.000754043            0
EndNode1[0]<--->Repeater1[0]
REAL
   0.356423 1.60327e-05  -0.0172884    0.296792
1.60327e-05    0.118388  -0.0338092  0.00730174
 -0.0172884  -0.0338092    0.107053 0.000649746
   0.296792  0.00730174 0.000649746    0.418136
IMAGINARY
          0   0.0186369  0.00637404 -0.00799447
 -0.0186369           0 -0.00990529  0.00182268
-0.00637404  0.00990529           0  0.00595329
 0.00799447 -0.00182268 -0.00595329           0
EndNode2[0]<--->HoM1[0]
REAL
   0.368421 -0.00823635  -0.0132082    0.306201
-0.00823635    0.142105   -0.043799  0.00929178
 -0.0132082   -0.043799       0.125   -0.003513
   0.306201  0.00929178   -0.003513    0.364474
IMAGINARY
          0  0.00777244 -0.00572704   0.0105907
-0.00777244           0 -0.00432501  0.00447704
 0.00572704  0.00432501           0  -0.0140224
 -0.0105907 -0.00447704   0.0140224           0
Repeater1[0]<--->EndNode1[0]
REAL
   0.356423  -0.0172884 1.60327e-05    0.296792
 -0.0172884    0.107053  -0.0338092 0.000649746
1.60327e-05  -0.0338092    0.118388  0.00730174
   0.296792 0.000649746  0.00730174    0.418136
IMAGINARY
          0  0.00637404   0.0186369 -0.00799447
-0.00637404           0  0.00990529  0.00595329
 -0.0186369 -0.00990529           0  0.00182268
 0.00799447 -0.00595329 -0.00182268           0
Repeater1[0]<--->HoM1[0]
REAL
   0.368421  -0.0132082 -0.00823635    0.306201
 -0.0132082       0.125   -0.043799   -0.003513
-0.00823635   -0.043799    0.142105  0.00929178
   0.306201   -0.003513  0.00929178    0.364474
IMAGINARY
          0 -0.00572704  0.00777244   0.0105907
 0.00572704           0  0.00432501  -0.0140224
-0.00777244 -0.00432501           0  0.00447704
 -0.0105907   0.0140224 -0.00447704           0
EndNode1[0]<--->Repeater1[0]
REAL
  0.386243 0.00417199  0.0114669   0.306614
0.00417199   0.115079  -0.049994 0.00429607
 0.0114669  -0.049994    0.12037  0.0254623
  0.306614 0.00429607  0.0254623   0.378307
IMAGINARY
          0  0.00397912  -0.0174145  -0.0154653
-0.00397912           0   0.0070347   0.0161676
  0.0174145  -0.0070347           0 -0.00148536
  0.0154653  -0.0161676  0.00148536           0
EndNode2[0]<--->HoM1[0]
REAL
  0.372215 -0.0100214  0.0174289   0.294701
-0.0100214   0.107471 -0.0352735 0.00662835
 0.0174289 -0.0352735   0.114024 -0.0062335
  0.294701 0.00662835 -0.0062335   0.406291
IMAGINARY
          0   0.0104808   0.0149547   0.0110099
 -0.0104808           0    0.023081  -0.0162141
 -0.0149547   -0.023081           0 -0.00292408
 -0.0110099   0.0162141  0.00292408           0
Repeater1[0]<--->EndNode1[0]
REAL
  0.386243  0.0114669 0.00417199   0.306614
 0.0114669    0.12037  -0.049994  0.0254623
0.00417199  -0.049994   0.115079 0.00429607
  0.306614  0.0254623 0.00429607   0.378307
IMAGINARY
          0  -0.0174145  0.00397912  -0.0154653
  0.0174145           0  -0.0070347 -0.00148536
-0.00397912   0.0070347           0   0.0161676
  0.0154653  0.00148536  -0.0161676           0
Repeater1[0]<--->HoM1[0]
REAL
  0.372215  0.0174289 -0.0100214   0.294701
 0.0174289   0.114024 -0.0352735 -0.0062335
-0.0100214 -0.0352735   0.107471 0.00662835
  0.294701 -0.0062335 0.00662835   0.406291
IMAGINARY
          0   0.0149547   0.0104808   0.0110099
 -0.0149547           0   -0.023081 -0.00292408
 -0.0104808    0.023081           0  -0.0162141
 -0.0110099  0.00292408   0.0162141           0
EndNode1[0]<--->Repeater1[0]
REAL
   0.380826 -0.00746884   0.0148171      0.2954
-0.00746884    0.118509  -0.0359724  -0.0154672
  0.0148171  -0.0359724    0.130493 -0.00488486
     0.2954  -0.0154672 -0.00488486    0.370173
IMAGINARY
          0  0.00685505  -0.0161752   0.0131731
-0.00685505           0   0.0144651   -0.023694
  0.0161752  -0.0144651           0   0.0186352
 -0.0131731    0.023694  -0.0186352           0
EndNode2[0]<--->HoM1[0]
REAL
    0.343188     0.012884 -0.000699787       0.2749
    0.012884     0.115681   -0.0393294   0.00539777
-0.000699787   -0.0393294     0.142674    -0.017582
      0.2749   0.00539777    -0.017582     0.398458
IMAGINARY
           0   -0.0180205   -0.0120271   -0.0102122
