EndNode1[0]<--->Repeater1[0]
REAL
   0.387013 -0.00978368  0.00637211    0.364011
-0.00978368    0.127273   0.0650293 -0.00440102
 0.00637211   0.0650293    0.112987  0.00387041
   0.364011 -0.00440102  0.00387041    0.372727
IMAGINARY
          0  0.00508419  -0.0085923   0.0047647
-0.00508419           0  -0.0192301 -0.00794714
  0.0085923   0.0192301           0  0.00891072
 -0.0047647  0.00794714 -0.00891072           0
EndNode2[0]<--->HoM1[0]
REAL
   0.375451  -0.0064358  -0.0116693    0.367534
 -0.0064358    0.116727   0.0606843  0.00548114
 -0.0116693   0.0606843    0.101083 -0.00965331
   0.367534  0.00548114 -0.00965331    0.406739
IMAGINARY
          0  0.00386977 -0.00335536   0.0264239
-0.00386977           0  0.00170908   -0.013083
 0.00335536 -0.00170908           0  -0.0107191
 -0.0264239    0.013083   0.0107191           0
Repeater1[0]<--->EndNode1[0]
REAL
   0.387013  0.00637211 -0.00978368    0.364011
 0.00637211    0.112987   0.0650293  0.00387041
-0.00978368   0.0650293    0.127273 -0.00440102
   0.364011  0.00387041 -0.00440102    0.372727
IMAGINARY
          0  -0.0085923  0.00508419   0.0047647
  0.0085923           0   0.0192301  0.00891072
-0.00508419  -0.0192301           0 -0.00794714
 -0.0047647 -0.00891072  0.00794714           0
Repeater1[0]<--->HoM1[0]
REAL
   0.375451  -0.0116693  -0.0064358    0.367534
 -0.0116693    0.101083   0.0606843 -0.00965331
 -0.0064358   0.0606843    0.116727  0.00548114
   0.367534 -0.00965331  0.00548114    0.406739
IMAGINARY
          0 -0.00335536  0.00386977   0.0264239
 0.00335536           0 -0.00170908  -0.0107191
-0.00386977  0.00170908           0   -0.013083
 -0.0264239   0.0107191    0.013083           0
EndNode1[0]<--->Repeater1[0]
REAL
   0.394595 0.000596724   -0.012164     0.37452
0.000596724   0.0986486   0.0501293 3.11497e-05
  -0.012164   0.0501293    0.110811  0.00387326
    0.37452 3.11497e-05  0.00387326    0.395946
IMAGINARY
          0 -0.00533616   0.0117104 -0.00729936
 0.00533616           0 -0.00535887  0.00658224
 -0.0117104  0.00535887           0  -0.0105175
 0.00729936 -0.00658224   0.0105175           0
EndNode2[0]<--->HoM1[0]
REAL
    0.410977  -0.00224794   0.00415878     0.361925
 -0.00224794    0.0990629    0.0707303   -0.0111473
  0.00415878    0.0707303      0.10174 -0.000928679
    0.361925   -0.0111473 -0.000928679      0.38822
IMAGINARY
          0  -0.0115607  -0.0024887  0.00522048
  0.0115607           0   0.0358838   0.0144384
  0.0024887  -0.0358838           0   0.0172211
-0.00522048  -0.0144384  -0.0172211           0
Repeater1[0]<--->EndNode1[0]
REAL
   0.394595   -0.012164 0.000596724     0.37452
  -0.012164    0.110811   0.0501293  0.00387326
0.000596724   0.0501293   0.0986486 3.11497e-05
    0.37452  0.00387326 3.11497e-05    0.395946
IMAGINARY
          0   0.0117104 -0.00533616 -0.00729936
 -0.0117104           0  0.00535887  -0.0105175
 0.00533616 -0.00535887           0  0.00658224
 0.00729936   0.0105175 -0.00658224           0
Repeater1[0]<--->HoM1[0]
REAL
    0.410977   0.00415878  -0.00224794     0.361925
  0.00415878      0.10174    0.0707303 -0.000928679
 -0.00224794    0.0707303    0.0990629   -0.0111473
    0.361925 -0.000928679   -0.0111473      0.38822
IMAGINARY
          0  -0.0024887  -0.0115607  0.00522048
  0.0024887           0  -0.0358838   0.0172211
  0.0115607   0.0358838           0   0.0144384
-0.00522048  -0.0172211  -0.0144384           0
EndNode1[0]<--->Repeater1[0]
REAL
   0.42298  0.0142966  0.0268636   0.373172
 0.0142966   0.084596   0.049417 0.00359321
 0.0268636   0.049417    0.10101 0.00981512
  0.373172 0.00359321 0.00981512   0.391414
IMAGINARY
           0  0.000922658    0.0150928  -0.00960183
-0.000922658            0   0.00202607  -0.00423711
  -0.0150928  -0.00202607            0   0.00354733
  0.00960183   0.00423711  -0.00354733            0
EndNode2[0]<--->HoM1[0]
REAL
  0.416667 0.00724772  0.0116785   0.358824
0.00724772  0.0963542  0.0648605 0.00279522
 0.0116785  0.0648605   0.105469  0.0361733
  0.358824 0.00279522  0.0361733    0.38151
IMAGINARY
          0  0.00593046  0.00461395   0.0103702
-0.00593046           0  0.00771767 -0.00330162
-0.00461395 -0.00771767           0  -0.0111798
 -0.0103702  0.00330162   0.0111798           0
Repeater1[0]<--->EndNode1[0]
REAL
   0.42298  0.0268636  0.0142966   0.373172
 0.0268636    0.10101   0.049417 0.00981512
 0.0142966   0.049417   0.084596 0.00359321
  0.373172 0.00981512 0.00359321   0.391414
IMAGINARY
           0    0.0150928  0.000922658  -0.00960183
  -0.0150928            0  -0.00202607   0.00354733
-0.000922658   0.00202607            0  -0.00423711
  0.00960183  -0.00354733   0.00423711            0
Repeater1[0]<--->HoM1[0]
REAL
  0.416667  0.0116785 0.00724772   0.358824
 0.0116785   0.105469  0.0648605  0.0361733
0.00724772  0.0648605  0.0963542 0.00279522
  0.358824  0.0361733 0.00279522    0.38151
IMAGINARY
          0  0.00461395  0.00593046   0.0103702
-0.00461395           0 -0.00771767  -0.0111798
-0.00593046  0.00771767           0 -0.00330162
 -0.0103702   0.0111798  0.00330162           0
EndNode1[0]<--->Repeater1[0]
REAL
   0.399513  -0.0170005  -0.0096577    0.355936
 -0.0170005    0.103532   0.0683256 -0.00382112
 -0.0096577   0.0683256   0.0803898    0.015075
   0.355936 -0.00382112    0.015075    0.416565
IMAGINARY
           0   0.00557635   0.00195218  -0.00363025
 -0.00557635            0   -0.0178421 -5.58492e-05
 -0.00195218    0.0178421            0   0.00769799
  0.00363025  5.58492e-05  -0.00769799            0
EndNode2[0]<--->HoM1[0]
REAL
   0.42764  0.0097342 -0.0132278   0.365834
 0.0097342  0.0808344  0.0551833  0.0125584
-0.0132278  0.0551833   0.101695 -0.0037101
  0.365834  0.0125584 -0.0037101   0.389831
IMAGINARY
          0  0.00492647   -0.011941  -0.0172699
-0.00492647           0 -0.00109742   0.0137161
   0.011941  0.00109742           0    0.016967
  0.0172699  -0.0137161   -0.016967           0
Repeater1[0]<--->EndNode1[0]
REAL
   0.399513  -0.0096577  -0.0170005    0.355936
 -0.0096577   0.0803898   0.0683256    0.015075
 -0.0170005   0.0683256    0.103532 -0.00382112
   0.355936    0.015075 -0.00382112    0.416565
IMAGINARY
           0   0.00195218   0.00557635  -0.00363025
 -0.00195218            0    0.0178421   0.00769799
 -0.00557635   -0.0178421            0 -5.58492e-05
  0.00363025  -0.00769799  5.58492e-05            0
Repeater1[0]<--->HoM1[0]
REAL
   0.42764 -0.0132278  0.0097342   0.365834
-0.0132278   0.101695  0.0551833 -0.0037101
 0.0097342  0.0551833  0.0808344  0.0125584
  0.365834 -0.0037101  0.0125584   0.389831
IMAGINARY
          0   -0.011941  0.00492647  -0.0172699
   0.011941           0  0.00109742    0.016967
-0.00492647 -0.00109742           0   0.0137161
  0.0172699   -0.016967  -0.0137161           0
EndNode1[0]<--->Repeater1[0]
REAL
    0.41906  -0.0182975  -0.0187908    0.364664
 -0.0182975   0.0887728     0.05074 -0.00898693
 -0.0187908     0.05074   0.0953003 -0.00569243
   0.364664 -0.00898693 -0.00569243    0.396867
IMAGINARY
          0  -0.0117613  0.00117089  -0.0151761
  0.0117613           0   0.0194392  -0.0138291
-0.00117089  -0.0194392           0   0.0206221
  0.0151761   0.0138291  -0.0206221           0
EndNode2[0]<--->HoM1[0]
REAL
   0.421973 -0.00584468  0.00464002    0.385223
-0.00584468   0.0898876    0.058421  0.00912145
 0.00464002    0.058421   0.0986267   0.0156743
   0.385223  0.00912145   0.0156743    0.389513
IMAGINARY
          0  0.00957135  -0.0286789  0.00490519
-0.00957135           0   0.0118234   0.0128761
  0.0286789  -0.0118234           0    0.015081
-0.00490519  -0.0128761   -0.015081           0
Repeater1[0]<--->EndNode1[0]
REAL
    0.41906  -0.0187908  -0.0182975    0.364664
 -0.0187908   0.0953003     0.05074 -0.00569243
 -0.0182975     0.05074   0.0887728 -0.00898693
   0.364664 -0.00569243 -0.00898693    0.396867
IMAGINARY
          0  0.00117089  -0.0117613  -0.0151761
-0.00117089           0  -0.0194392   0.0206221
  0.0117613   0.0194392           0  -0.0138291
  0.0151761  -0.0206221   0.0138291           0
Repeater1[0]<--->HoM1[0]
REAL
   0.421973  0.00464002 -0.00584468    0.385223
 0.00464002   0.0986267    0.058421   0.0156743
-0.00584468    0.058421   0.0898876  0.00912145
   0.385223   0.0156743  0.00912145    0.389513
IMAGINARY
          0  -0.0286789  0.00957135  0.00490519
  0.0286789           0  -0.0118234    0.015081
-0.00957135   0.0118234           0   0.0128761
-0.00490519   -0.015081  -0.0128761           0
EndNode1[0]<--->Repeater1[0]
REAL
   0.422572 0.000363782   0.0211321    0.363729
0.000363782   0.0905512   0.0546382  -0.0122886
  0.0211321   0.0546382   0.0984252  0.00303758
   0.363729  -0.0122886  0.00303758    0.388451
IMAGINARY
           0   -0.0157917    0.0327152  0.000370528
   0.0157917            0    -0.014481    0.0283237
  -0.0327152     0.014481            0   -0.0257668
-0.000370528   -0.0283237    0.0257668            0
EndNode2[0]<--->HoM1[0]
REAL
  0.396619  0.0085752 0.00549986   0.352825
 0.0085752  0.0975293   0.050869  0.0235239
0.00549986   0.050869   0.111834  0.0085752
  0.352825  0.0235239  0.0085752   0.394018
IMAGINARY
           0  0.000381037    0.0325081    0.0109787
-0.000381037            0    0.0109787    0.0066117
  -0.0325081   -0.0109787            0    -0.012606
  -0.0109787   -0.0066117     0.012606            0
Repeater1[0]<--->EndNode1[0]
REAL
   0.422572   0.0211321 0.000363782    0.363729
  0.0211321   0.0984252   0.0546382  0.00303758
0.000363782   0.0546382   0.0905512  -0.0122886
   0.363729  0.00303758  -0.0122886    0.388451
IMAGINARY
           0    0.0327152   -0.0157917  0.000370528
  -0.0327152            0     0.014481   -0.0257668
   0.0157917    -0.014481            0    0.0283237
-0.000370528    0.0257668   -0.0283237            0
Repeater1[0]<--->HoM1[0]
REAL
  0.396619 0.00549986  0.0085752   0.352825
0.00549986   0.111834   0.050869  0.0085752
 0.0085752   0.050869  0.0975293  0.0235239
  0.352825  0.0085752  0.0235239   0.394018
IMAGINARY
           0    0.0325081  0.000381037    0.0109787
  -0.0325081            0   -0.0109787    -0.012606
-0.000381037    0.0109787            0    0.0066117
  -0.0109787     0.012606   -0.0066117            0
EndNode1[0]<--->Repeater1[0]
REAL
  0.416133 -0.0176069 -0.0204781   0.359714
-0.0176069   0.103713  0.0673304 -0.0141131
-0.0204781  0.0673304  0.0985915 -0.0169843
  0.359714 -0.0141131 -0.0169843   0.381562
IMAGINARY
           0    0.0076855   0.00864302    0.0247489
  -0.0076855            0 -0.000220624   -0.0172425
 -0.00864302  0.000220624            0 -0.000314496
  -0.0247489    0.0172425  0.000314496            0
EndNode2[0]<--->HoM1[0]
REAL
   0.393316 -0.00135701 -0.00417919    0.371607
-0.00135701    0.109254   0.0585352 -0.00552327
-0.00417919   0.0585352    0.092545  -0.0031708
   0.371607 -0.00552327  -0.0031708    0.404884
IMAGINARY
          0   0.0067248  -0.0119167  0.00126176
 -0.0067248           0   5.403e-05   0.0177991
  0.0119167  -5.403e-05           0  -0.0139143
-0.00126176  -0.0177991   0.0139143           0
Repeater1[0]<--->EndNode1[0]
REAL
  0.416133 -0.0204781 -0.0176069   0.359714
-0.0204781  0.0985915  0.0673304 -0.0169843
-0.0176069  0.0673304   0.103713 -0.0141131
  0.359714 -0.0169843 -0.0141131   0.381562
IMAGINARY
           0   0.00864302    0.0076855    0.0247489
 -0.00864302            0  0.000220624 -0.000314496
  -0.0076855 -0.000220624            0   -0.0172425
  -0.0247489  0.000314496    0.0172425            0
Repeater1[0]<--->HoM1[0]
REAL
   0.393316 -0.00417919 -0.00135701    0.371607
-0.00417919    0.092545   0.0585352  -0.0031708
-0.00135701   0.0585352    0.109254 -0.00552327
   0.371607  -0.0031708 -0.00552327    0.404884
IMAGINARY
          0  -0.0119167   0.0067248  0.00126176
  0.0119167           0  -5.403e-05  -0.0139143
 -0.0067248   5.403e-05           0   0.0177991
-0.00126176   0.0139143  -0.0177991           0
EndNode1[0]<--->Repeater1[0]
REAL
   0.426724 0.000373337  0.00245389    0.366899
0.000373337   0.0818966    0.062904  0.00493528
 0.00245389    0.062904   0.0977011  0.00824735
   0.366899  0.00493528  0.00824735    0.393678
IMAGINARY
           0  -0.00781835  -0.00902766    0.0134303
  0.00781835            0 -0.000476958   -0.0165653
  0.00902766  0.000476958            0    0.0171816
  -0.0134303    0.0165653   -0.0171816            0
EndNode2[0]<--->HoM1[0]
REAL
   0.395349   0.0003705  0.00547556     0.36112
  0.0003705   0.0916553   0.0577992 -0.00354506
 0.00547556   0.0577992   0.0971272  0.00542101
    0.36112 -0.00354506  0.00542101    0.415869
IMAGINARY
          0  0.00288998  0.00591992  -0.0106295
-0.00288998           0  0.00117174 -0.00911276
-0.00591992 -0.00117174           0 -0.00225141
  0.0106295  0.00911276  0.00225141           0
Repeater1[0]<--->EndNode1[0]
REAL
   0.426724  0.00245389 0.000373337    0.366899
 0.00245389   0.0977011    0.062904  0.00824735
0.000373337    0.062904   0.0818966  0.00493528
   0.366899  0.00824735  0.00493528    0.393678
IMAGINARY
           0  -0.00902766  -0.00781835    0.0134303
  0.00902766            0  0.000476958    0.0171816
  0.00781835 -0.000476958            0   -0.0165653
  -0.0134303   -0.0171816    0.0165653            0
Repeater1[0]<--->HoM1[0]
REAL
   0.395349  0.00547556   0.0003705     0.36112
 0.00547556   0.0971272   0.0577992  0.00542101
  0.0003705   0.0577992   0.0916553 -0.00354506
    0.36112  0.00542101 -0.00354506    0.415869
IMAGINARY
          0  0.00591992  0.00288998  -0.0106295
-0.00591992           0 -0.00117174 -0.00225141
-0.00288998  0.00117174           0 -0.00911276
  0.0106295  0.00225141  0.00911276           0
EndNode1[0]<--->Repeater1[0]
REAL
   0.374194   0.0106784   -0.019915    0.356028
  0.0106784   0.0890323   0.0555102 0.000684241
  -0.019915   0.0555102   0.0929032  -0.0234989
   0.356028 0.000684241  -0.0234989    0.443871
IMAGINARY
          0  0.00361746  -0.0173691   0.0111805
-0.00361746           0 -0.00684349 -0.00465159
  0.0173691  0.00684349           0   0.0158126
 -0.0111805  0.00465159  -0.0158126           0
EndNode2[0]<--->HoM1[0]
REAL
   0.404172   0.0224007   0.0261221    0.374758
  0.0224007   0.0964798   0.0605985 -0.00237535
  0.0261221   0.0605985   0.0977836   0.0211349
   0.374758 -0.00237535   0.0211349    0.401565
IMAGINARY
          0   0.0105304  0.00600506   0.0158331
 -0.0105304           0  -0.0102152  0.00600506
-0.00600506   0.0102152           0  -0.0212763
 -0.0158331 -0.00600506   0.0212763           0
Repeater1[0]<--->EndNode1[0]
REAL
   0.374194   -0.019915   0.0106784    0.356028
  -0.019915   0.0929032   0.0555102  -0.0234989
  0.0106784   0.0555102   0.0890323 0.000684241
   0.356028  -0.0234989 0.000684241    0.443871
IMAGINARY
          0  -0.0173691  0.00361746   0.0111805
  0.0173691           0  0.00684349   0.0158126
-0.00361746 -0.00684349           0 -0.00465159
 -0.0111805  -0.0158126  0.00465159           0
Repeater1[0]<--->HoM1[0]
REAL
   0.404172   0.0261221   0.0224007    0.374758
  0.0261221   0.0977836   0.0605985   0.0211349
  0.0224007   0.0605985   0.0964798 -0.00237535
   0.374758   0.0211349 -0.00237535    0.401565
IMAGINARY
          0  0.00600506   0.0105304   0.0158331
-0.00600506           0   0.0102152  -0.0212763
 -0.0105304  -0.0102152           0  0.00600506
 -0.0158331   0.0212763 -0.00600506           0
EndNode1[0]<--->Repeater1[0]
REAL
    0.38036  0.00602146 -0.00417793    0.364856
 0.00602146   0.0968188   0.0599463   0.0186898
-0.00417793   0.0599463   0.0885201   0.0124482
   0.364856   0.0186898   0.0124482    0.434302
IMAGINARY
          0  0.00498843   0.0155893  -0.0106869
-0.00498843           0   0.0100384  0.00508252
 -0.0155893  -0.0100384           0 -0.00369644
  0.0106869 -0.00508252  0.00369644           0
EndNode2[0]<--->HoM1[0]
REAL
   0.409946   0.0105767    0.017354    0.373929
  0.0105767   0.0806452   0.0577725 0.000687285
   0.017354   0.0577725   0.0833333  -0.0015561
   0.373929 0.000687285  -0.0015561    0.426075
IMAGINARY
           0  0.000897915  -0.00267574   -0.0217127
-0.000897915            0   -0.0043917   0.00963953
  0.00267574    0.0043917            0   0.00606587
   0.0217127  -0.00963953  -0.00606587            0
Repeater1[0]<--->EndNode1[0]
REAL
    0.38036 -0.00417793  0.00602146    0.364856
-0.00417793   0.0885201   0.0599463   0.0124482
 0.00602146   0.0599463   0.0968188   0.0186898
   0.364856   0.0124482   0.0186898    0.434302
IMAGINARY
          0   0.0155893  0.00498843  -0.0106869
 -0.0155893           0  -0.0100384 -0.00369644
-0.00498843   0.0100384           0  0.00508252
  0.0106869  0.00369644 -0.00508252           0
Repeater1[0]<--->HoM1[0]
REAL
   0.409946    0.017354   0.0105767    0.373929
   0.017354   0.0833333   0.0577725  -0.0015561
  0.0105767   0.0577725   0.0806452 0.000687285
   0.373929  -0.0015561 0.000687285    0.426075
IMAGINARY
           0  -0.00267574  0.000897915   -0.0217127
  0.00267574            0    0.0043917   0.00606587
-0.000897915   -0.0043917            0   0.00963953
   0.0217127  -0.00606587  -0.00963953            0
EndNode1[0]<--->Repeater1[0]
REAL
  0.380661 -0.0164293 -0.0165819   0.365576
-0.0164293  0.0881273  0.0548345 0.00310311
-0.0165819  0.0548345   0.118727 0.00295051
  0.365576 0.00310311 0.00295051   0.412485
IMAGINARY
          0 -0.00670212 -0.00548965  0.00745432
 0.00670212           0  -0.0149731  0.00676842
 0.00548965   0.0149731           0 -0.00736437
-0.00745432 -0.00676842  0.00736437           0
EndNode2[0]<--->HoM1[0]
REAL
   0.405966  0.00434744 -0.00523114    0.354975
 0.00434744    0.107652   0.0610356   0.0117928
-0.00523114   0.0610356    0.080415 -0.00303511
   0.354975   0.0117928 -0.00303511    0.405966
IMAGINARY
           0  0.000882096   -0.0185361    0.0207783
-0.000882096            0  -0.00240056   0.00702093
   0.0185361   0.00240056            0      0.02033
  -0.0207783  -0.00702093     -0.02033            0
Repeater1[0]<--->EndNode1[0]
REAL
  0.380661 -0.0165819 -0.0164293   0.365576
-0.0165819   0.118727  0.0548345 0.00295051
-0.0164293  0.0548345  0.0881273 0.00310311
  0.365576 0.00295051 0.00310311   0.412485
IMAGINARY
          0 -0.00548965 -0.00670212  0.00745432
 0.00548965           0   0.0149731 -0.00736437
 0.00670212  -0.0149731           0  0.00676842
-0.00745432  0.00736437 -0.00676842           0
Repeater1[0]<--->HoM1[0]
REAL
   0.405966 -0.00523114  0.00434744    0.354975
-0.00523114    0.080415   0.0610356 -0.00303511
 0.00434744   0.0610356    0.107652   0.0117928
   0.354975 -0.00303511   0.0117928    0.405966
IMAGINARY
           0   -0.0185361  0.000882096    0.0207783
   0.0185361            0   0.00240056      0.02033
-0.000882096  -0.00240056            0   0.00702093
  -0.0207783     -0.02033  -0.00702093            0
EndNode1[0]<--->Repeater1[0]
REAL
    0.445431  -0.00403662   0.00661135     0.374609
 -0.00403662     0.101523    0.0604725   0.00400038
  0.00661135    0.0604725    0.0913706 -0.000332917
    0.374609   0.00400038 -0.000332917     0.361675
IMAGINARY
           0 -0.000325939   0.00291737   -0.0183538
 0.000325939            0   -0.0298628  -0.00553517
 -0.00291737    0.0298628            0  -0.00229186
   0.0183538   0.00553517   0.00229186            0
EndNode2[0]<--->HoM1[0]
REAL
   0.442536   0.0152568  0.00153166    0.373311
  0.0152568   0.0805812   0.0489693   -0.002827
 0.00153166   0.0489693   0.0977543 -0.00359881
   0.373311   -0.002827 -0.00359881    0.379128
IMAGINARY
           0   -0.0141432  0.000987963    -0.010554
   0.0141432            0   0.00317147    0.0159506
-0.000987963  -0.00317147            0  -0.00781411
    0.010554   -0.0159506   0.00781411            0
Repeater1[0]<--->EndNode1[0]
REAL
    0.445431   0.00661135  -0.00403662     0.374609
  0.00661135    0.0913706    0.0604725 -0.000332917
 -0.00403662    0.0604725     0.101523   0.00400038
    0.374609 -0.000332917   0.00400038     0.361675
IMAGINARY
           0   0.00291737 -0.000325939   -0.0183538
 -0.00291737            0    0.0298628  -0.00229186
 0.000325939   -0.0298628            0  -0.00553517
   0.0183538   0.00229186   0.00553517            0
Repeater1[0]<--->HoM1[0]
REAL
   0.442536  0.00153166   0.0152568    0.373311
 0.00153166   0.0977543   0.0489693 -0.00359881
  0.0152568   0.0489693   0.0805812   -0.002827
   0.373311 -0.00359881   -0.002827    0.379128
IMAGINARY
           0  0.000987963   -0.0141432    -0.010554
-0.000987963            0  -0.00317147  -0.00781411
   0.0141432   0.00317147            0    0.0159506
    0.010554   0.00781411   -0.0159506            0
EndNode1[0]<--->Repeater1[0]
REAL
   0.426144 -0.00483871 -0.00844795    0.369666
-0.00483871    0.104575   0.0542048  -0.0102617
-0.00844795   0.0542048   0.0980392 -0.00483871
   0.369666  -0.0102617 -0.00483871    0.371242
IMAGINARY
          0  0.00186095  -0.0153494 -0.00286536
-0.00186095           0   0.0116849   0.0128557
  0.0153494  -0.0116849           0  0.00562035
 0.00286536  -0.0128557 -0.00562035           0
EndNode2[0]<--->HoM1[0]
REAL
    0.40256 -0.00377602 -0.00716986    0.367935
-0.00377602   0.0981508   0.0630566   0.0165801
-0.00716986   0.0630566   0.0967283   0.0219692
   0.367935   0.0165801   0.0219692     0.40256
IMAGINARY
           0    0.0151074  -0.00147572   -0.0179905
  -0.0151074            0  0.000480805   0.00853606
  0.00147572 -0.000480805            0   -0.0221677
   0.0179905  -0.00853606    0.0221677            0
Repeater1[0]<--->EndNode1[0]
REAL
   0.426144 -0.00844795 -0.00483871    0.369666
-0.00844795   0.0980392   0.0542048 -0.00483871
-0.00483871   0.0542048    0.104575  -0.0102617
   0.369666 -0.00483871  -0.0102617    0.371242
IMAGINARY
          0  -0.0153494  0.00186095 -0.00286536
  0.0153494           0  -0.0116849  0.00562035
-0.00186095   0.0116849           0   0.0128557
 0.00286536 -0.00562035  -0.0128557           0
Repeater1[0]<--->HoM1[0]
REAL
    0.40256 -0.00716986 -0.00377602    0.367935
-0.00716986   0.0967283   0.0630566   0.0219692
-0.00377602   0.0630566   0.0981508   0.0165801
   0.367935   0.0219692   0.0165801     0.40256
IMAGINARY
           0  -0.00147572    0.0151074   -0.0179905
  0.00147572            0 -0.000480805   -0.0221677
  -0.0151074  0.000480805            0   0.00853606
   0.0179905    0.0221677  -0.00853606            0
EndNode1[0]<--->Repeater1[0]
REAL
   0.378897  0.00966323   -0.014248     0.35746
 0.00966323    0.104317   0.0726827 -0.00968475
  -0.014248   0.0726827     0.11271  -0.0206593
    0.35746 -0.00968475  -0.0206593    0.404077
IMAGINARY
          0  -0.0104987   0.0268806   0.0165742
  0.0104987           0  0.00642189  0.00986485
 -0.0268806 -0.00642189           0  -0.0104987
 -0.0165742 -0.00986485   0.0104987           0
EndNode2[0]<--->HoM1[0]
REAL
  0.391304  0.0127077  0.0106617   0.362735
 0.0127077   0.117647  0.0690239 0.00639864
 0.0106617  0.0690239  0.0792839 0.00960206
  0.362735 0.00639864 0.00960206   0.411765
IMAGINARY
          0  -0.0156624 -0.00816111   0.0122842
  0.0156624           0   0.0122842  0.00375859
 0.00816111  -0.0122842           0   0.0150334
 -0.0122842 -0.00375859  -0.0150334           0
Repeater1[0]<--->EndNode1[0]
REAL
   0.378897   -0.014248  0.00966323     0.35746
  -0.014248     0.11271   0.0726827  -0.0206593
 0.00966323   0.0726827    0.104317 -0.00968475
    0.35746  -0.0206593 -0.00968475    0.404077
IMAGINARY
          0   0.0268806  -0.0104987   0.0165742
 -0.0268806           0 -0.00642189  -0.0104987
  0.0104987  0.00642189           0  0.00986485
 -0.0165742   0.0104987 -0.00986485           0
Repeater1[0]<--->HoM1[0]
REAL
  0.391304  0.0106617  0.0127077   0.362735
 0.0106617  0.0792839  0.0690239 0.00960206
 0.0127077  0.0690239   0.117647 0.00639864
  0.362735 0.00960206 0.00639864   0.411765
IMAGINARY
          0 -0.00816111  -0.0156624   0.0122842
 0.00816111           0  -0.0122842   0.0150334
  0.0156624   0.0122842           0  0.00375859
 -0.0122842  -0.0150334 -0.00375859           0
EndNode1[0]<--->Repeater1[0]
REAL
   0.401333  0.00608968  -0.0128238     0.35592
 0.00608968    0.106667   0.0606444 -0.00742162
 -0.0128238   0.0606444    0.114667  -0.0214271
    0.35592 -0.00742162  -0.0214271    0.377333
IMAGINARY
          0 -0.00301523  -0.0100819 -0.00695999
 0.00301523           0 -0.00819152  0.00220788
  0.0100819  0.00819152           0   0.0056399
 0.00695999 -0.00220788  -0.0056399           0
EndNode2[0]<--->HoM1[0]
REAL
   0.425693 -0.00482209 -0.00313748    0.368415
-0.00482209    0.102015   0.0661762 -0.00503862
-0.00313748   0.0661762    0.081864  0.00419316
   0.368415 -0.00503862  0.00419316    0.390428
IMAGINARY
          0  0.00256161   0.0149547  -0.0211192
-0.00256161           0  0.00275181  -0.0112233
 -0.0149547 -0.00275181           0   -0.017487
  0.0211192   0.0112233    0.017487           0
Repeater1[0]<--->EndNode1[0]
REAL
   0.401333  -0.0128238  0.00608968     0.35592
 -0.0128238    0.114667   0.0606444  -0.0214271
 0.00608968   0.0606444    0.106667 -0.00742162
    0.35592  -0.0214271 -0.00742162    0.377333
IMAGINARY
          0  -0.0100819 -0.00301523 -0.00695999
  0.0100819           0  0.00819152   0.0056399
 0.00301523 -0.00819152           0  0.00220788
 0.00695999  -0.0056399 -0.00220788           0
Repeater1[0]<--->HoM1[0]
REAL
   0.425693 -0.00313748 -0.00482209    0.368415
-0.00313748    0.081864   0.0661762  0.00419316
-0.00482209   0.0661762    0.102015 -0.00503862
   0.368415  0.00419316 -0.00503862    0.390428
IMAGINARY
          0   0.0149547  0.00256161  -0.0211192
 -0.0149547           0 -0.00275181   -0.017487
-0.00256161  0.00275181           0  -0.0112233
  0.0211192    0.017487   0.0112233           0
EndNode1[0]<--->Repeater1[0]
REAL
    0.421671  -0.00141485   -0.0028905     0.354771
 -0.00141485     0.105744    0.0507708 -0.000887834
  -0.0028905    0.0507708    0.0861619    0.0140093
    0.354771 -0.000887834    0.0140093     0.386423
IMAGINARY
          0   0.0289783  -0.0141928 -0.00754221
 -0.0289783           0  0.00170563  -0.0178072
  0.0141928 -0.00170563           0 -0.00364492
 0.00754221   0.0178072  0.00364492           0
EndNode2[0]<--->HoM1[0]
REAL
   0.379397  0.00362402 -0.00998443    0.359853
 0.00362402   0.0967337   0.0643686  0.00118876
-0.00998443   0.0643686    0.116834  -0.0178324
   0.359853  0.00118876  -0.0178324    0.407035
IMAGINARY
          0 -0.00834838  -0.0104761  0.00955197
 0.00834838           0  0.00147744  0.00715609
  0.0104761 -0.00147744           0 -0.00957991
-0.00955197 -0.00715609  0.00957991           0
Repeater1[0]<--->EndNode1[0]
REAL
    0.421671   -0.0028905  -0.00141485     0.354771
  -0.0028905    0.0861619    0.0507708    0.0140093
 -0.00141485    0.0507708     0.105744 -0.000887834
    0.354771    0.0140093 -0.000887834     0.386423
IMAGINARY
          0  -0.0141928   0.0289783 -0.00754221
  0.0141928           0 -0.00170563 -0.00364492
 -0.0289783  0.00170563           0  -0.0178072
 0.00754221  0.00364492   0.0178072           0
Repeater1[0]<--->HoM1[0]
REAL
   0.379397 -0.00998443  0.00362402    0.359853
-0.00998443    0.116834   0.0643686  -0.0178324
 0.00362402   0.0643686   0.0967337  0.00118876
   0.359853  -0.0178324  0.00118876    0.407035
IMAGINARY
          0  -0.0104761 -0.00834838  0.00955197
  0.0104761           0 -0.00147744 -0.00957991
 0.00834838  0.00147744           0  0.00715609
-0.00955197  0.00957991 -0.00715609           0
EndNode1[0]<--->Repeater1[0]
REAL
   0.385542  0.00319772 -0.00551224    0.342405
 0.00319772   0.0937082   0.0788147  0.00614757
-0.00551224   0.0788147   0.0923695 -0.00510369
   0.342405  0.00614757 -0.00510369     0.42838
IMAGINARY
           0  -0.00993024    0.0036704  -0.00068096
  0.00993024            0     -0.01681    0.0260388
  -0.0036704      0.01681            0 -0.000815654
  0.00068096   -0.0260388  0.000815654            0
EndNode2[0]<--->HoM1[0]
REAL
   0.409326  0.00337828  0.00824622    0.362166
 0.00337828    0.101036    0.070195  0.00236386
 0.00824622    0.070195    0.104922 0.000600501
   0.362166  0.00236386 0.000600501    0.384715
IMAGINARY
          0 -0.00100596  -0.0258099  -0.0125939
 0.00100596           0   0.0034555  -0.0131195
  0.0258099  -0.0034555           0  0.00708869
  0.0125939   0.0131195 -0.00708869           0
Repeater1[0]<--->EndNode1[0]
REAL
   0.385542 -0.00551224  0.00319772    0.342405
-0.00551224   0.0923695   0.0788147 -0.00510369
 0.00319772   0.0788147   0.0937082  0.00614757
   0.342405 -0.00510369  0.00614757     0.42838
IMAGINARY
           0    0.0036704  -0.00993024  -0.00068096
  -0.0036704            0      0.01681 -0.000815654
  0.00993024     -0.01681            0    0.0260388
  0.00068096  0.000815654   -0.0260388            0
Repeater1[0]<--->HoM1[0]
REAL
   0.409326  0.00824622  0.00337828    0.362166
 0.00824622    0.104922    0.070195 0.000600501
 0.00337828    0.070195    0.101036  0.00236386
   0.362166 0.000600501  0.00236386    0.384715
IMAGINARY
          0  -0.0258099 -0.00100596  -0.0125939
  0.0258099           0  -0.0034555  0.00708869
 0.00100596   0.0034555           0  -0.0131195
  0.0125939 -0.00708869   0.0131195           0
EndNode1[0]<--->Repeater1[0]
REAL
  0.390909  -0.004403 -0.0248738   0.364365
 -0.004403   0.105195  0.0708323 0.00899072
-0.0248738  0.0708323  0.0896104 -0.0102095
  0.364365 0.00899072 -0.0102095   0.414286
IMAGINARY
          0 -0.00046881   0.0125699  0.00523499
 0.00046881           0 -0.00397554  -0.0138137
 -0.0125699  0.00397554           0  -0.0107252
-0.00523499   0.0138137   0.0107252           0
EndNode2[0]<--->HoM1[0]
REAL
   0.401266  -0.0088271   0.0123698    0.362909
 -0.0088271   0.0873418   0.0555822  -0.0123698
  0.0123698   0.0555822   0.0898734 0.000311283
   0.362909  -0.0123698 0.000311283    0.421519
IMAGINARY
          0 -0.00449078 -0.00883534  0.00355763
 0.00449078           0   0.0129662 -0.00948217
 0.00883534  -0.0129662           0    0.025522
-0.00355763  0.00948217   -0.025522           0
Repeater1[0]<--->EndNode1[0]
REAL
  0.390909 -0.0248738  -0.004403   0.364365
-0.0248738  0.0896104  0.0708323 -0.0102095
 -0.004403  0.0708323   0.105195 0.00899072
  0.364365 -0.0102095 0.00899072   0.414286
IMAGINARY
          0   0.0125699 -0.00046881  0.00523499
 -0.0125699           0  0.00397554  -0.0107252
 0.00046881 -0.00397554           0  -0.0138137
-0.00523499   0.0107252   0.0138137           0
Repeater1[0]<--->HoM1[0]
REAL
   0.401266   0.0123698  -0.0088271    0.362909
  0.0123698   0.0898734   0.0555822 0.000311283
 -0.0088271   0.0555822   0.0873418  -0.0123698
   0.362909 0.000311283  -0.0123698    0.421519
IMAGINARY
          0 -0.00883534 -0.00449078  0.00355763
 0.00883534           0  -0.0129662    0.025522
 0.00449078   0.0129662           0 -0.00948217
-0.00355763   -0.025522  0.00948217           0
EndNode1[0]<--->Repeater1[0]
REAL
  0.401809  -0.010942  0.0165397   0.363334
 -0.010942  0.0930233  0.0532252 -0.0133304
 0.0165397  0.0532252   0.109819  0.0128675
  0.363334 -0.0133304  0.0128675   0.395349
IMAGINARY
          0  0.00414055  0.00947269   0.0277683
-0.00414055           0    0.020744  -0.0285984
-0.00947269   -0.020744           0  -0.0109711
 -0.0277683   0.0285984   0.0109711           0
EndNode2[0]<--->HoM1[0]
REAL
   0.404678   0.0144737 0.000705774    0.357494
  0.0144737   0.0877193   0.0661899 -0.00333735
0.000705774   0.0661899   0.0947368 -0.00921053
   0.357494 -0.00333735 -0.00921053    0.412865
IMAGINARY
          0   0.0175923 -0.00480902   0.0120805
 -0.0175923           0  0.00279664  -0.0119612
 0.00480902 -0.00279664           0  -0.0182134
 -0.0120805   0.0119612   0.0182134           0
Repeater1[0]<--->EndNode1[0]
REAL
  0.401809  0.0165397  -0.010942   0.363334
 0.0165397   0.109819  0.0532252  0.0128675
 -0.010942  0.0532252  0.0930233 -0.0133304
  0.363334  0.0128675 -0.0133304   0.395349
IMAGINARY
          0  0.00947269  0.00414055   0.0277683
-0.00947269           0   -0.020744  -0.0109711
-0.00414055    0.020744           0  -0.0285984
 -0.0277683   0.0109711   0.0285984           0
Repeater1[0]<--->HoM1[0]
REAL
   0.404678 0.000705774   0.0144737    0.357494
0.000705774   0.0947368   0.0661899 -0.00921053
  0.0144737   0.0661899   0.0877193 -0.00333735
   0.357494 -0.00921053 -0.00333735    0.412865
IMAGINARY
          0 -0.00480902   0.0175923   0.0120805
 0.00480902           0 -0.00279664  -0.0182134
 -0.0175923  0.00279664           0  -0.0119612
 -0.0120805   0.0182134   0.0119612           0
EndNode1[0]<--->Repeater1[0]
REAL
    0.421189 -5.59117e-05     -0.01071      0.37172
-5.59117e-05     0.103359    0.0523814    0.0273545
    -0.01071    0.0523814     0.108527    0.0180319
     0.37172    0.0273545    0.0180319     0.366925
IMAGINARY
          0 -0.00668871  -0.0257719  -0.0127864
 0.00668871           0   0.0121224  -0.0238464
  0.0257719  -0.0121224           0  0.00796097
  0.0127864   0.0238464 -0.00796097           0
EndNode2[0]<--->HoM1[0]
REAL
   0.401035  -0.0219502  -0.0199193    0.359978
 -0.0219502   0.0983182   0.0619984  0.00626522
 -0.0199193   0.0619984    0.104787 0.000493727
   0.359978  0.00626522 0.000493727     0.39586
IMAGINARY
          0 -0.00665143  0.00568023 -0.00611416
 0.00665143           0 -0.00857116  0.00442078
-0.00568023  0.00857116           0 -0.00597484
 0.00611416 -0.00442078  0.00597484           0
Repeater1[0]<--->EndNode1[0]
REAL
    0.421189     -0.01071 -5.59117e-05      0.37172
    -0.01071     0.108527    0.0523814    0.0180319
-5.59117e-05    0.0523814     0.103359    0.0273545
     0.37172    0.0180319    0.0273545     0.366925
IMAGINARY
          0  -0.0257719 -0.00668871  -0.0127864
  0.0257719           0  -0.0121224  0.00796097
 0.00668871   0.0121224           0  -0.0238464
  0.0127864 -0.00796097   0.0238464           0
Repeater1[0]<--->HoM1[0]
REAL
   0.401035  -0.0199193  -0.0219502    0.359978
 -0.0199193    0.104787   0.0619984 0.000493727
 -0.0219502   0.0619984   0.0983182  0.00626522
   0.359978 0.000493727  0.00626522     0.39586
IMAGINARY
          0  0.00568023 -0.00665143 -0.00611416
-0.00568023           0  0.00857116 -0.00597484
 0.00665143 -0.00857116           0  0.00442078
 0.00611416  0.00597484 -0.00442078           0
EndNode1[0]<--->Repeater1[0]
REAL
   0.414179  0.00489827 -0.00334225    0.355493
 0.00489827    0.105721   0.0709772   0.0100267
-0.00334225   0.0709772    0.103234  0.00312312
   0.355493   0.0100267  0.00312312    0.376866
IMAGINARY
          0 -0.00273173  0.00794749 -0.00169523
 0.00273173           0  -0.0165339 -0.00343136
-0.00794749   0.0165339           0   0.0149898
 0.00169523  0.00343136  -0.0149898           0
EndNode2[0]<--->HoM1[0]
REAL
   0.427196   0.0153104   0.0128005    0.374809
  0.0153104   0.0998797   0.0524401 -0.00618679
  0.0128005   0.0524401    0.102286  -0.0232469
   0.374809 -0.00618679  -0.0232469    0.370638
IMAGINARY
           0   0.00527016   -0.0133201   0.00223897
 -0.00527016            0 -0.000995186  -0.00510094
   0.0133201  0.000995186            0   0.00394037
 -0.00223897   0.00510094  -0.00394037            0
Repeater1[0]<--->EndNode1[0]
REAL
   0.414179 -0.00334225  0.00489827    0.355493
-0.00334225    0.103234   0.0709772  0.00312312
 0.00489827   0.0709772    0.105721   0.0100267
   0.355493  0.00312312   0.0100267    0.376866
IMAGINARY
          0  0.00794749 -0.00273173 -0.00169523
-0.00794749           0   0.0165339   0.0149898
 0.00273173  -0.0165339           0 -0.00343136
 0.00169523  -0.0149898  0.00343136           0
Repeater1[0]<--->HoM1[0]
REAL
   0.427196   0.0128005   0.0153104    0.374809
  0.0128005    0.102286   0.0524401  -0.0232469
  0.0153104   0.0524401   0.0998797 -0.00618679
   0.374809  -0.0232469 -0.00618679    0.370638
IMAGINARY
           0   -0.0133201   0.00527016   0.00223897
   0.0133201            0  0.000995186   0.00394037
 -0.00527016 -0.000995186            0  -0.00510094
 -0.00223897  -0.00394037   0.00510094            0
EndNode1[0]<--->Repeater1[0]
REAL
    0.406824  -0.00243648   -0.0107645     0.363345
 -0.00243648    0.0944882    0.0564482 -0.000231641
  -0.0107645    0.0564482    0.0931759    0.0121389
    0.363345 -0.000231641    0.0121389     0.405512
IMAGINARY
          0   0.0077498  -0.0116526   -0.010803
 -0.0077498           0 -0.00442544   0.0123422
  0.0116526  0.00442544           0   0.0108709
   0.010803  -0.0123422  -0.0108709           0
EndNode2[0]<--->HoM1[0]
REAL
   0.401198 -0.00499325   0.0103425    0.370698
-0.00499325    0.105389   0.0577772  -0.0029201
  0.0103425   0.0577772    0.100599 -0.00242915
   0.370698  -0.0029201 -0.00242915    0.392814
IMAGINARY
           0   0.00356276    0.0124274   -0.0129956
 -0.00356276            0  -0.00653565 -0.000987263
  -0.0124274   0.00653565            0    0.0105691
   0.0129956  0.000987263   -0.0105691            0
Repeater1[0]<--->EndNode1[0]
REAL
    0.406824   -0.0107645  -0.00243648     0.363345
  -0.0107645    0.0931759    0.0564482    0.0121389
 -0.00243648    0.0564482    0.0944882 -0.000231641
    0.363345    0.0121389 -0.000231641     0.405512
IMAGINARY
          0  -0.0116526   0.0077498   -0.010803
  0.0116526           0  0.00442544   0.0108709
 -0.0077498 -0.00442544           0   0.0123422
   0.010803  -0.0108709  -0.0123422           0
Repeater1[0]<--->HoM1[0]
REAL
   0.401198   0.0103425 -0.00499325    0.370698
  0.0103425    0.100599   0.0577772 -0.00242915
-0.00499325   0.0577772    0.105389  -0.0029201
   0.370698 -0.00242915  -0.0029201    0.392814
IMAGINARY
           0    0.0124274   0.00356276   -0.0129956
  -0.0124274            0   0.00653565    0.0105691
 -0.00356276  -0.00653565            0 -0.000987263
   0.0129956   -0.0105691  0.000987263            0
EndNode1[0]<--->Repeater1[0]
REAL
   0.432396  0.00514609  -0.0146044    0.372155
 0.00514609   0.0950469   0.0531562 -0.00268469
 -0.0146044   0.0531562   0.0923695 -0.00860391
   0.372155 -0.00268469 -0.00860391    0.380187
IMAGINARY
          0 -0.00700466  -0.0125518 -0.00833048
 0.00700466           0   0.0139625   0.0221795
  0.0125518  -0.0139625           0 -0.00390677
 0.00833048  -0.0221795  0.00390677           0
EndNode2[0]<--->HoM1[0]
REAL
   0.403599 -0.00606564 -0.00375532    0.357455
-0.00606564    0.101542   0.0615631   0.0129578
-0.00375532   0.0615631   0.0976864   0.0103601
   0.357455   0.0129578   0.0103601    0.397172
IMAGINARY
          0 -0.00884777  -0.0147827   0.0051592
 0.00884777           0  0.00578031  -0.0128168
  0.0147827 -0.00578031           0   0.0197592
 -0.0051592   0.0128168  -0.0197592           0
Repeater1[0]<--->EndNode1[0]
REAL
   0.432396  -0.0146044  0.00514609    0.372155
 -0.0146044   0.0923695   0.0531562 -0.00860391
 0.00514609   0.0531562   0.0950469 -0.00268469
   0.372155 -0.00860391 -0.00268469    0.380187
IMAGINARY
          0  -0.0125518 -0.00700466 -0.00833048
  0.0125518           0  -0.0139625 -0.00390677
 0.00700466   0.0139625           0   0.0221795
 0.00833048  0.00390677  -0.0221795           0
Repeater1[0]<--->HoM1[0]
REAL
   0.403599 -0.00375532 -0.00606564    0.357455
-0.00375532   0.0976864   0.0615631   0.0103601
-0.00606564   0.0615631    0.101542   0.0129578
   0.357455   0.0103601   0.0129578    0.397172
IMAGINARY
          0  -0.0147827 -0.00884777   0.0051592
  0.0147827           0 -0.00578031   0.0197592
 0.00884777  0.00578031           0  -0.0128168
 -0.0051592  -0.0197592   0.0128168           0
EndNode1[0]<--->Repeater1[0]
REAL
   0.411012  -0.0179576  -0.0261491    0.359934
 -0.0179576   0.0883483   0.0556675  0.00441002
 -0.0261491   0.0556675    0.116517 -0.00122399
   0.359934  0.00441002 -0.00122399    0.384123
IMAGINARY
           0    0.0211525   0.00893838    0.0079387
  -0.0211525            0 -0.000191382   -0.0158393
 -0.00893838  0.000191382            0   -0.0117422
  -0.0079387    0.0158393    0.0117422            0
EndNode2[0]<--->HoM1[0]
REAL
