EndNode1[0]<--->Repeater1[0]
REAL
   0.417425   0.0069763 0.000699272    0.355261
  0.0069763     0.10013   0.0316515 -0.00387589
0.000699272   0.0316515   0.0923277   0.0089068
   0.355261 -0.00387589   0.0089068    0.390117
IMAGINARY
          0  0.00391064 -0.00284074  -0.0109285
-0.00391064           0  0.00018261  -0.0086925
 0.00284074 -0.00018261           0 -0.00323222
  0.0109285   0.0086925  0.00323222           0
EndNode2[0]<--->HoM1[0]
REAL
   0.418136 0.000155556 -0.00802195    0.357696
0.000155556   0.0869018   0.0237475  -0.0100193
-0.00802195   0.0237475   0.0856423  -0.0233514
   0.357696  -0.0100193  -0.0233514     0.40932
IMAGINARY
          0 -0.00975224  -0.0200436   0.0150928
 0.00975224           0 -0.00423711   0.0169685
  0.0200436  0.00423711           0   0.0140573
 -0.0150928  -0.0169685  -0.0140573           0
Repeater1[0]<--->EndNode1[0]
REAL
   0.417425 0.000699272   0.0069763    0.355261
0.000699272   0.0923277   0.0316515   0.0089068
  0.0069763   0.0316515     0.10013 -0.00387589
   0.355261   0.0089068 -0.00387589    0.390117
IMAGINARY
          0 -0.00284074  0.00391064  -0.0109285
 0.00284074           0 -0.00018261 -0.00323222
-0.00391064  0.00018261           0  -0.0086925
  0.0109285  0.00323222   0.0086925           0
Repeater1[0]<--->HoM1[0]
REAL
   0.418136 -0.00802195 0.000155556    0.357696
-0.00802195   0.0856423   0.0237475  -0.0233514
0.000155556   0.0237475   0.0869018  -0.0100193
   0.357696  -0.0233514  -0.0100193     0.40932
IMAGINARY
          0  -0.0200436 -0.00975224   0.0150928
  0.0200436           0  0.00423711   0.0140573
 0.00975224 -0.00423711           0   0.0169685
 -0.0150928  -0.0140573  -0.0169685           0
EndNode1[0]<--->Repeater1[0]
REAL
   0.43522 -0.0028792 -0.0114139   0.356829
-0.0028792  0.0943396  0.0293829  0.0147606
-0.0114139  0.0293829  0.0893082 0.00220986
  0.356829  0.0147606 0.00220986   0.381132
IMAGINARY
           0  -0.00543478   0.00672964 -0.000151453
  0.00543478            0    0.0102525    0.0163682
 -0.00672964   -0.0102525            0  -0.00543478
 0.000151453   -0.0163682   0.00543478            0
EndNode2[0]<--->HoM1[0]
REAL
   0.386364   0.0141281  0.00619296    0.335317
  0.0141281   0.0959596   0.0382159  0.00619296
 0.00619296   0.0382159    0.112374 -0.00565357
   0.335317  0.00619296 -0.00565357    0.405303
IMAGINARY
          0 -0.00617462  -0.0060867  -0.0265162
 0.00617462           0  0.00221948  0.00850216
  0.0060867 -0.00221948           0  0.00375916
  0.0265162 -0.00850216 -0.00375916           0
Repeater1[0]<--->EndNode1[0]
REAL
   0.43522 -0.0114139 -0.0028792   0.356829
-0.0114139  0.0893082  0.0293829 0.00220986
-0.0028792  0.0293829  0.0943396  0.0147606
  0.356829 0.00220986  0.0147606   0.381132
IMAGINARY
           0   0.00672964  -0.00543478 -0.000151453
 -0.00672964            0   -0.0102525  -0.00543478
  0.00543478    0.0102525            0    0.0163682
 0.000151453   0.00543478   -0.0163682            0
Repeater1[0]<--->HoM1[0]
REAL
   0.386364  0.00619296   0.0141281    0.335317
 0.00619296    0.112374   0.0382159 -0.00565357
  0.0141281   0.0382159   0.0959596  0.00619296
   0.335317 -0.00565357  0.00619296    0.405303
IMAGINARY
          0  -0.0060867 -0.00617462  -0.0265162
  0.0060867           0 -0.00221948  0.00375916
 0.00617462  0.00221948           0  0.00850216
  0.0265162 -0.00375916 -0.00850216           0
EndNode1[0]<--->Repeater1[0]
REAL
   0.435606  0.00620568 -0.00964863    0.341452
 0.00620568   0.0808081   0.0282223    0.013408
-0.00964863   0.0282223   0.0997475 -0.00996508
   0.341452    0.013408 -0.00996508    0.383838
IMAGINARY
          0   0.0061659  0.00741009 -0.00240196
 -0.0061659           0  0.00740196  -0.0171377
-0.00741009 -0.00740196           0  0.00356173
 0.00240196   0.0171377 -0.00356173           0
EndNode2[0]<--->HoM1[0]
REAL
   0.391688   0.0187489 -0.00897595    0.347478
  0.0187489   0.0944584   0.0391883   0.0116426
-0.00897595   0.0391883    0.124685  -0.0120822
   0.347478   0.0116426  -0.0120822    0.389169
IMAGINARY
          0 -0.00521476   0.0313521  0.00538552
 0.00521476           0   -0.009766 -0.00155932
 -0.0313521    0.009766           0 -0.00644327
-0.00538552  0.00155932  0.00644327           0
Repeater1[0]<--->EndNode1[0]
REAL
   0.435606 -0.00964863  0.00620568    0.341452
-0.00964863   0.0997475   0.0282223 -0.00996508
 0.00620568   0.0282223   0.0808081    0.013408
   0.341452 -0.00996508    0.013408    0.383838
IMAGINARY
          0  0.00741009   0.0061659 -0.00240196
-0.00741009           0 -0.00740196  0.00356173
 -0.0061659  0.00740196           0  -0.0171377
 0.00240196 -0.00356173   0.0171377           0
Repeater1[0]<--->HoM1[0]
REAL
   0.391688 -0.00897595   0.0187489    0.347478
-0.00897595    0.124685   0.0391883  -0.0120822
  0.0187489   0.0391883   0.0944584   0.0116426
   0.347478  -0.0120822   0.0116426    0.389169
IMAGINARY
          0   0.0313521 -0.00521476  0.00538552
 -0.0313521           0    0.009766 -0.00644327
 0.00521476   -0.009766           0 -0.00155932
-0.00538552  0.00644327  0.00155932           0
EndNode1[0]<--->Repeater1[0]
REAL
  0.437824 -0.0129793 -0.0103178   0.355866
-0.0129793   0.128238  0.0265665 0.00626379
-0.0103178  0.0265665  0.0764249  0.0102766
  0.355866 0.00626379  0.0102766   0.357513
IMAGINARY
          0  -0.0122826  0.00658227 -0.00909867
  0.0122826           0  -0.0238046  -0.0084931
-0.00658227   0.0238046           0   0.0167412
 0.00909867   0.0084931  -0.0167412           0
EndNode2[0]<--->HoM1[0]
REAL
    0.41337   0.0138575 -0.00880975    0.352648
  0.0138575   0.0873124   0.0372032   0.0261365
-0.00880975   0.0372032    0.103683   0.0220336
   0.352648   0.0261365   0.0220336    0.395634
IMAGINARY
           0   -0.0230611    0.0251708   -0.0212212
   0.0230611            0   -0.0199259   0.00100722
  -0.0251708    0.0199259            0  0.000809829
   0.0212212  -0.00100722 -0.000809829            0
Repeater1[0]<--->EndNode1[0]
REAL
  0.437824 -0.0103178 -0.0129793   0.355866
-0.0103178  0.0764249  0.0265665  0.0102766
-0.0129793  0.0265665   0.128238 0.00626379
  0.355866  0.0102766 0.00626379   0.357513
IMAGINARY
          0  0.00658227  -0.0122826 -0.00909867
-0.00658227           0   0.0238046   0.0167412
  0.0122826  -0.0238046           0  -0.0084931
 0.00909867  -0.0167412   0.0084931           0
Repeater1[0]<--->HoM1[0]
REAL
    0.41337 -0.00880975   0.0138575    0.352648
-0.00880975    0.103683   0.0372032   0.0220336
  0.0138575   0.0372032   0.0873124   0.0261365
   0.352648   0.0220336   0.0261365    0.395634
IMAGINARY
           0    0.0251708   -0.0230611   -0.0212212
  -0.0251708            0    0.0199259  0.000809829
   0.0230611   -0.0199259            0   0.00100722
   0.0212212 -0.000809829  -0.00100722            0
EndNode1[0]<--->Repeater1[0]
REAL
   0.395172  0.00467603 -0.00613637    0.345954
 0.00467603    0.102922   0.0265822 -0.00240502
-0.00613637   0.0265822   0.0876747  0.00123724
   0.345954 -0.00240502  0.00123724    0.414231
IMAGINARY
           0 -0.000744807   -0.0161594   0.00660051
 0.000744807            0  -0.00339949   0.00568824
   0.0161594   0.00339949            0    0.0321584
 -0.00660051  -0.00568824   -0.0321584            0
EndNode2[0]<--->HoM1[0]
REAL
   0.437267  -0.0113949 -0.00666653    0.349915
 -0.0113949    0.084472   0.0317336  -0.0132803
-0.00666653   0.0317336   0.0993789 -0.00456257
   0.349915  -0.0132803 -0.00456257    0.378882
IMAGINARY
           0    0.0244202    0.0127076 -0.000383971
  -0.0244202            0   0.00740824  -0.00585831
  -0.0127076  -0.00740824            0   -0.0138349
 0.000383971   0.00585831    0.0138349            0
Repeater1[0]<--->EndNode1[0]
REAL
   0.395172 -0.00613637  0.00467603    0.345954
-0.00613637   0.0876747   0.0265822  0.00123724
 0.00467603   0.0265822    0.102922 -0.00240502
   0.345954  0.00123724 -0.00240502    0.414231
IMAGINARY
           0   -0.0161594 -0.000744807   0.00660051
   0.0161594            0   0.00339949    0.0321584
 0.000744807  -0.00339949            0   0.00568824
 -0.00660051   -0.0321584  -0.00568824            0
Repeater1[0]<--->HoM1[0]
REAL
   0.437267 -0.00666653  -0.0113949    0.349915
-0.00666653   0.0993789   0.0317336 -0.00456257
 -0.0113949   0.0317336    0.084472  -0.0132803
   0.349915 -0.00456257  -0.0132803    0.378882
IMAGINARY
           0    0.0127076    0.0244202 -0.000383971
  -0.0127076            0  -0.00740824   -0.0138349
  -0.0244202   0.00740824            0  -0.00585831
 0.000383971    0.0138349   0.00585831            0
EndNode1[0]<--->Repeater1[0]
REAL
    0.395473 -0.000820947  -0.00467681     0.361516
-0.000820947     0.114514    0.0154633   -0.0190747
 -0.00467681    0.0154633     0.109188   -0.0144044
    0.361516   -0.0190747   -0.0144044     0.380826
IMAGINARY
          0  -0.0184749   0.0133264  -0.0217934
  0.0184749           0 -0.00725482 -0.00543167
 -0.0133264  0.00725482           0   0.0224222
  0.0217934  0.00543167  -0.0224222           0
EndNode2[0]<--->HoM1[0]
REAL
    0.40448  0.00952044   0.0176833    0.340817
 0.00952044    0.100132   0.0420905 -0.00489732
  0.0176833   0.0420905    0.108037  -0.0142311
   0.340817 -0.00489732  -0.0142311    0.387352
IMAGINARY
          0 -0.00409273   0.0151032   -0.016447
 0.00409273           0   0.0144172    0.027572
 -0.0151032  -0.0144172           0 -0.00800918
   0.016447   -0.027572  0.00800918           0
Repeater1[0]<--->EndNode1[0]
REAL
    0.395473  -0.00467681 -0.000820947     0.361516
 -0.00467681     0.109188    0.0154633   -0.0144044
-0.000820947    0.0154633     0.114514   -0.0190747
    0.361516   -0.0144044   -0.0190747     0.380826
IMAGINARY
          0   0.0133264  -0.0184749  -0.0217934
 -0.0133264           0  0.00725482   0.0224222
  0.0184749 -0.00725482           0 -0.00543167
  0.0217934  -0.0224222  0.00543167           0
Repeater1[0]<--->HoM1[0]
REAL
    0.40448   0.0176833  0.00952044    0.340817
  0.0176833    0.108037   0.0420905  -0.0142311
 0.00952044   0.0420905    0.100132 -0.00489732
   0.340817  -0.0142311 -0.00489732    0.387352
IMAGINARY
          0   0.0151032 -0.00409273   -0.016447
 -0.0151032           0  -0.0144172 -0.00800918
 0.00409273   0.0144172           0    0.027572
   0.016447  0.00800918   -0.027572           0
EndNode1[0]<--->Repeater1[0]
REAL
   0.389809 -0.00755539 -0.00506121    0.326146
-0.00755539     0.10828   0.0379563   0.0127535
-0.00506121   0.0379563    0.117197 -0.00270102
   0.326146   0.0127535 -0.00270102    0.384713
IMAGINARY
          0 -0.00501307   0.0155995 -0.00330512
 0.00501307           0  0.00528141  -0.0123903
 -0.0155995 -0.00528141           0   0.0107897
 0.00330512   0.0123903  -0.0107897           0
EndNode2[0]<--->HoM1[0]
REAL
  0.400783 -0.0187139  -0.016834   0.350286
-0.0187139  0.0966057  0.0439203 -0.0108738
 -0.016834  0.0439203  0.0822454 0.00108171
  0.350286 -0.0108738 0.00108171   0.420366
IMAGINARY
          0  0.00806646  0.00583609 -0.00262168
-0.00806646           0 -0.00521909 -0.00848861
-0.00583609  0.00521909           0 -0.00541394
 0.00262168  0.00848861  0.00541394           0
Repeater1[0]<--->EndNode1[0]
REAL
   0.389809 -0.00506121 -0.00755539    0.326146
-0.00506121    0.117197   0.0379563 -0.00270102
-0.00755539   0.0379563     0.10828   0.0127535
   0.326146 -0.00270102   0.0127535    0.384713
IMAGINARY
          0   0.0155995 -0.00501307 -0.00330512
 -0.0155995           0 -0.00528141   0.0107897
 0.00501307  0.00528141           0  -0.0123903
 0.00330512  -0.0107897   0.0123903           0
Repeater1[0]<--->HoM1[0]
REAL
  0.400783  -0.016834 -0.0187139   0.350286
 -0.016834  0.0822454  0.0439203 0.00108171
-0.0187139  0.0439203  0.0966057 -0.0108738
  0.350286 0.00108171 -0.0108738   0.420366
IMAGINARY
          0  0.00583609  0.00806646 -0.00262168
-0.00583609           0  0.00521909 -0.00541394
-0.00806646 -0.00521909           0 -0.00848861
 0.00262168  0.00541394  0.00848861           0
EndNode1[0]<--->Repeater1[0]
REAL
  0.420979 0.00568566 0.00578093   0.343185
0.00568566  0.0979021  0.0434388 -0.0191567
0.00578093  0.0434388  0.0951049  -0.012692
  0.343185 -0.0191567  -0.012692   0.386014
IMAGINARY
          0  -0.0234748 -0.00634793  0.00382666
  0.0234748           0  -0.0110382 -0.00569262
 0.00634793   0.0110382           0  -0.0126468
-0.00382666  0.00569262   0.0126468           0
EndNode2[0]<--->HoM1[0]
REAL
   0.418367 -0.00159234 -0.00250821    0.347117
-0.00159234    0.105867   0.0378387 -0.00570924
-0.00250821   0.0378387   0.0880102  0.00222445
   0.347117 -0.00570924  0.00222445    0.387755
IMAGINARY
           0  -0.00902062     0.013273  0.000481362
  0.00902062            0  -0.00489498   0.00219089
   -0.013273   0.00489498            0  -0.00902062
-0.000481362  -0.00219089   0.00902062            0
Repeater1[0]<--->EndNode1[0]
REAL
  0.420979 0.00578093 0.00568566   0.343185
0.00578093  0.0951049  0.0434388  -0.012692
0.00568566  0.0434388  0.0979021 -0.0191567
  0.343185  -0.012692 -0.0191567   0.386014
IMAGINARY
          0 -0.00634793  -0.0234748  0.00382666
 0.00634793           0   0.0110382  -0.0126468
  0.0234748  -0.0110382           0 -0.00569262
-0.00382666   0.0126468  0.00569262           0
Repeater1[0]<--->HoM1[0]
REAL
   0.418367 -0.00250821 -0.00159234    0.347117
-0.00250821   0.0880102   0.0378387  0.00222445
-0.00159234   0.0378387    0.105867 -0.00570924
   0.347117  0.00222445 -0.00570924    0.387755
IMAGINARY
           0     0.013273  -0.00902062  0.000481362
   -0.013273            0   0.00489498  -0.00902062
  0.00902062  -0.00489498            0   0.00219089
-0.000481362   0.00902062  -0.00219089            0
EndNode1[0]<--->Repeater1[0]
REAL
    0.40448  -0.0173777 -0.00699701    0.348859
 -0.0173777   0.0961792   0.0295367  -0.0221104
-0.00699701   0.0295367   0.0895916 -0.00396772
   0.348859  -0.0221104 -0.00396772     0.40975
IMAGINARY
           0   -0.0342211    0.0219279  -0.00219539
   0.0342211            0   0.00666537   0.00630293
  -0.0219279  -0.00666537            0  0.000971438
  0.00219539  -0.00630293 -0.000971438            0
EndNode2[0]<--->HoM1[0]
REAL
   0.40448 -0.0104525 0.00561193   0.351433
-0.0104525   0.085639  0.0387783 0.00497008
0.00561193  0.0387783  0.0909091 0.00912975
  0.351433 0.00497008 0.00912975   0.418972
IMAGINARY
          0    -0.01032  0.00222349  -0.0143265
    0.01032           0  0.00385531  -0.0146304
-0.00222349 -0.00385531           0  0.00907928
  0.0143265   0.0146304 -0.00907928           0
Repeater1[0]<--->EndNode1[0]
REAL
    0.40448 -0.00699701  -0.0173777    0.348859
-0.00699701   0.0895916   0.0295367 -0.00396772
 -0.0173777   0.0295367   0.0961792  -0.0221104
   0.348859 -0.00396772  -0.0221104     0.40975
IMAGINARY
           0    0.0219279   -0.0342211  -0.00219539
  -0.0219279            0  -0.00666537  0.000971438
   0.0342211   0.00666537            0   0.00630293
  0.00219539 -0.000971438  -0.00630293            0
Repeater1[0]<--->HoM1[0]
REAL
   0.40448 0.00561193 -0.0104525   0.351433
0.00561193  0.0909091  0.0387783 0.00912975
-0.0104525  0.0387783   0.085639 0.00497008
  0.351433 0.00912975 0.00497008   0.418972
IMAGINARY
          0  0.00222349    -0.01032  -0.0143265
-0.00222349           0 -0.00385531  0.00907928
    0.01032  0.00385531           0  -0.0146304
  0.0143265 -0.00907928   0.0146304           0
EndNode1[0]<--->Repeater1[0]
REAL
    0.419722 -0.000318312  -0.00621453     0.334697
-0.000318312    0.0948167    0.0615421    0.0146451
 -0.00621453    0.0615421    0.0847029  -0.00162721
    0.334697    0.0146451  -0.00162721     0.400759
IMAGINARY
          0 -0.00324787  0.00154193  -0.0134753
 0.00324787           0  0.00781497   0.0192634
-0.00154193 -0.00781497           0  -0.0135306
  0.0134753  -0.0192634   0.0135306           0
EndNode2[0]<--->HoM1[0]
REAL
   0.424528   0.0112082   0.0205392     0.35687
  0.0112082    0.103774   0.0352991   0.0198973
  0.0205392   0.0352991   0.0889488 -0.00671521
    0.35687   0.0198973 -0.00671521    0.382749
IMAGINARY
          0 -0.00265907  0.00305464 -0.00731844
 0.00265907           0  0.00293797 -0.00372042
-0.00305464 -0.00293797           0   0.0113142
 0.00731844  0.00372042  -0.0113142           0
Repeater1[0]<--->EndNode1[0]
REAL
    0.419722  -0.00621453 -0.000318312     0.334697
 -0.00621453    0.0847029    0.0615421  -0.00162721
-0.000318312    0.0615421    0.0948167    0.0146451
    0.334697  -0.00162721    0.0146451     0.400759
IMAGINARY
          0  0.00154193 -0.00324787  -0.0134753
-0.00154193           0 -0.00781497  -0.0135306
 0.00324787  0.00781497           0   0.0192634
  0.0134753   0.0135306  -0.0192634           0
Repeater1[0]<--->HoM1[0]
REAL
   0.424528   0.0205392   0.0112082     0.35687
  0.0205392   0.0889488   0.0352991 -0.00671521
  0.0112082   0.0352991    0.103774   0.0198973
    0.35687 -0.00671521   0.0198973    0.382749
IMAGINARY
          0  0.00305464 -0.00265907 -0.00731844
-0.00305464           0 -0.00293797   0.0113142
 0.00265907  0.00293797           0 -0.00372042
 0.00731844  -0.0113142  0.00372042           0
EndNode1[0]<--->Repeater1[0]
REAL
   0.384516   0.0218376 -0.00193688    0.336167
  0.0218376    0.103226   0.0388333   0.0143131
-0.00193688   0.0388333   0.0980645   -0.010699
   0.336167   0.0143131   -0.010699    0.414194
IMAGINARY
          0  -0.0175513   0.0104374   0.0185245
  0.0175513           0  0.00666437    0.014896
 -0.0104374 -0.00666437           0  0.00288465
 -0.0185245   -0.014896 -0.00288465           0
EndNode2[0]<--->HoM1[0]
REAL
   0.407947 -0.00315995  0.00921507    0.347576
-0.00315995   0.0953642   0.0417632   -0.017987
 0.00921507   0.0417632    0.103311  -0.0245054
   0.347576   -0.017987  -0.0245054    0.393377
IMAGINARY
           0   0.00145913    0.0105046   -0.0141963
 -0.00145913            0  0.000879093   -0.0217331
  -0.0105046 -0.000879093            0   -0.0232557
   0.0141963    0.0217331    0.0232557            0
Repeater1[0]<--->EndNode1[0]
REAL
   0.384516 -0.00193688   0.0218376    0.336167
-0.00193688   0.0980645   0.0388333   -0.010699
  0.0218376   0.0388333    0.103226   0.0143131
   0.336167   -0.010699   0.0143131    0.414194
IMAGINARY
          0   0.0104374  -0.0175513   0.0185245
 -0.0104374           0 -0.00666437  0.00288465
  0.0175513  0.00666437           0    0.014896
 -0.0185245 -0.00288465   -0.014896           0
Repeater1[0]<--->HoM1[0]
REAL
   0.407947  0.00921507 -0.00315995    0.347576
 0.00921507    0.103311   0.0417632  -0.0245054
-0.00315995   0.0417632   0.0953642   -0.017987
   0.347576  -0.0245054   -0.017987    0.393377
IMAGINARY
           0    0.0105046   0.00145913   -0.0141963
  -0.0105046            0 -0.000879093   -0.0232557
 -0.00145913  0.000879093            0   -0.0217331
   0.0141963    0.0232557    0.0217331            0
EndNode1[0]<--->Repeater1[0]
REAL
   0.416779 -0.00135802    0.024885    0.363988
-0.00135802    0.097429   0.0378443 -0.00917823
   0.024885   0.0378443   0.0879567 -0.00256868
   0.363988 -0.00917823 -0.00256868    0.397835
IMAGINARY
         0 -0.0323308  0.0353535 -0.0099577
 0.0323308          0 -0.0240603   0.020202
-0.0353535  0.0240603          0  0.0016118
 0.0099577  -0.020202 -0.0016118          0
EndNode2[0]<--->HoM1[0]
REAL
   0.431347   0.0314666    0.032563    0.348392
  0.0314666   0.0841969   0.0250092 -0.00315126
   0.032563   0.0250092   0.0984456  0.00945407
   0.348392 -0.00315126  0.00945407     0.38601
IMAGINARY
          0  0.00965261  -0.0200336   0.0094116
-0.00965261           0 -0.00169951  0.00137693
  0.0200336  0.00169951           0   0.0090041
 -0.0094116 -0.00137693  -0.0090041           0
Repeater1[0]<--->EndNode1[0]
REAL
   0.416779    0.024885 -0.00135802    0.363988
   0.024885   0.0879567   0.0378443 -0.00256868
-0.00135802   0.0378443    0.097429 -0.00917823
   0.363988 -0.00256868 -0.00917823    0.397835
IMAGINARY
         0  0.0353535 -0.0323308 -0.0099577
-0.0353535          0  0.0240603  0.0016118
 0.0323308 -0.0240603          0   0.020202
 0.0099577 -0.0016118  -0.020202          0
Repeater1[0]<--->HoM1[0]
REAL
   0.431347    0.032563   0.0314666    0.348392
   0.032563   0.0984456   0.0250092  0.00945407
  0.0314666   0.0250092   0.0841969 -0.00315126
   0.348392  0.00945407 -0.00315126     0.38601
IMAGINARY
          0  -0.0200336  0.00965261   0.0094116
  0.0200336           0  0.00169951   0.0090041
-0.00965261 -0.00169951           0  0.00137693
 -0.0094116  -0.0090041 -0.00137693           0
EndNode1[0]<--->Repeater1[0]
REAL
  0.410012 0.00854737 0.00129006   0.350746
0.00854737  0.0750894  0.0448948 0.00597547
0.00129006  0.0448948  0.0822408 -0.0210969
  0.350746 0.00597547 -0.0210969   0.432658
IMAGINARY
          0 -0.00568028 -0.00395025 -0.00101153
 0.00568028           0  -0.0129479  -0.0186561
 0.00395025   0.0129479           0  0.00701007
 0.00101153   0.0186561 -0.00701007           0
EndNode2[0]<--->HoM1[0]
REAL
   0.404172 -0.00105668  0.00126994     0.34058
-0.00105668   0.0912647   0.0386597 -0.00330522
 0.00126994   0.0386597    0.116037 -0.00233545
    0.34058 -0.00330522 -0.00233545    0.388527
IMAGINARY
           0 -0.000145039  -0.00313459   0.00534601
 0.000145039            0   -0.0186439  0.000133387
  0.00313459    0.0186439            0   0.00914864
 -0.00534601 -0.000133387  -0.00914864            0
Repeater1[0]<--->EndNode1[0]
REAL
  0.410012 0.00129006 0.00854737   0.350746
0.00129006  0.0822408  0.0448948 -0.0210969
0.00854737  0.0448948  0.0750894 0.00597547
  0.350746 -0.0210969 0.00597547   0.432658
IMAGINARY
          0 -0.00395025 -0.00568028 -0.00101153
 0.00395025           0   0.0129479  0.00701007
 0.00568028  -0.0129479           0  -0.0186561
 0.00101153 -0.00701007   0.0186561           0
Repeater1[0]<--->HoM1[0]
REAL
   0.404172  0.00126994 -0.00105668     0.34058
 0.00126994    0.116037   0.0386597 -0.00233545
-0.00105668   0.0386597   0.0912647 -0.00330522
    0.34058 -0.00233545 -0.00330522    0.388527
IMAGINARY
           0  -0.00313459 -0.000145039   0.00534601
  0.00313459            0    0.0186439   0.00914864
 0.000145039   -0.0186439            0  0.000133387
 -0.00534601  -0.00914864 -0.000133387            0
EndNode1[0]<--->Repeater1[0]
REAL
   0.404674 -0.00887623  0.00206224    0.345823
-0.00887623   0.0885609   0.0418774 -0.00607293
 0.00206224   0.0418774    0.100861   0.0209083
   0.345823 -0.00607293   0.0209083    0.405904
IMAGINARY
          0 -0.00347226    0.014892  -0.0133816
 0.00347226           0   0.0165663   0.0029872
  -0.014892  -0.0165663           0  -0.0205721
  0.0133816  -0.0029872   0.0205721           0
EndNode2[0]<--->HoM1[0]
REAL
   0.418065  0.00117137 -0.00952449    0.343775
 0.00117137   0.0851613   0.0331685  -0.0150869
-0.00952449   0.0331685    0.101935  -0.0244874
   0.343775  -0.0150869  -0.0244874    0.394839
IMAGINARY
           0   0.00615079  0.000864413    0.0205638
 -0.00615079            0   0.00227882   -0.0299048
-0.000864413  -0.00227882            0    0.0178391
  -0.0205638    0.0299048   -0.0178391            0
Repeater1[0]<--->EndNode1[0]
REAL
   0.404674  0.00206224 -0.00887623    0.345823
 0.00206224    0.100861   0.0418774   0.0209083
-0.00887623   0.0418774   0.0885609 -0.00607293
   0.345823   0.0209083 -0.00607293    0.405904
IMAGINARY
          0    0.014892 -0.00347226  -0.0133816
  -0.014892           0  -0.0165663  -0.0205721
 0.00347226   0.0165663           0   0.0029872
  0.0133816   0.0205721  -0.0029872           0
Repeater1[0]<--->HoM1[0]
REAL
   0.418065 -0.00952449  0.00117137    0.343775
-0.00952449    0.101935   0.0331685  -0.0244874
 0.00117137   0.0331685   0.0851613  -0.0150869
   0.343775  -0.0244874  -0.0150869    0.394839
IMAGINARY
           0  0.000864413   0.00615079    0.0205638
-0.000864413            0  -0.00227882    0.0178391
 -0.00615079   0.00227882            0   -0.0299048
  -0.0205638   -0.0178391    0.0299048            0
EndNode1[0]<--->Repeater1[0]
REAL
   0.428208 -0.00137448   -0.012421    0.343028
-0.00137448    0.105464   0.0412489   0.0067606
  -0.012421   0.0412489   0.0800508  0.00326128
   0.343028   0.0067606  0.00326128    0.386277
IMAGINARY
           0    -0.018639   -0.0141793  0.000387168
    0.018639            0   -0.0128872    0.0224385
   0.0141793    0.0128872            0   0.00529718
-0.000387168   -0.0224385  -0.00529718            0
EndNode2[0]<--->HoM1[0]
REAL
   0.412224   0.0115635   0.0183788      0.3289
  0.0115635   0.0793238   0.0134769  0.00229302
  0.0183788   0.0134769   0.0871261 -0.00381161
     0.3289  0.00229302 -0.00381161    0.421326
IMAGINARY
          0  -0.0177274   0.0261851  0.00291874
  0.0177274           0 -0.00802078  0.00984524
 -0.0261851  0.00802078           0   -0.013246
-0.00291874 -0.00984524    0.013246           0
Repeater1[0]<--->EndNode1[0]
REAL
   0.428208   -0.012421 -0.00137448    0.343028
  -0.012421   0.0800508   0.0412489  0.00326128
-0.00137448   0.0412489    0.105464   0.0067606
   0.343028  0.00326128   0.0067606    0.386277
IMAGINARY
           0   -0.0141793    -0.018639  0.000387168
   0.0141793            0    0.0128872   0.00529718
    0.018639   -0.0128872            0    0.0224385
-0.000387168  -0.00529718   -0.0224385            0
Repeater1[0]<--->HoM1[0]
REAL
   0.412224   0.0183788   0.0115635      0.3289
  0.0183788   0.0871261   0.0134769 -0.00381161
  0.0115635   0.0134769   0.0793238  0.00229302
     0.3289 -0.00381161  0.00229302    0.421326
IMAGINARY
          0   0.0261851  -0.0177274  0.00291874
 -0.0261851           0  0.00802078   -0.013246
  0.0177274 -0.00802078           0  0.00984524
-0.00291874    0.013246 -0.00984524           0
EndNode1[0]<--->Repeater1[0]
REAL
   0.413836  0.00961068   0.0057987    0.351973
 0.00961068    0.103145   0.0241673  -0.0116657
  0.0057987   0.0241673   0.0880503 -0.00895879
   0.351973  -0.0116657 -0.00895879    0.394969
IMAGINARY
           0  -0.00366215    0.0117297   -0.0071504
  0.00366215            0   0.00398984 -0.000250116
  -0.0117297  -0.00398984            0    -0.014195
   0.0071504  0.000250116     0.014195            0
EndNode2[0]<--->HoM1[0]
REAL
  0.396766  0.0125218   0.015507   0.346494
 0.0125218   0.104478  0.0225691 0.00824144
  0.015507  0.0225691  0.0920398   0.013794
  0.346494 0.00824144   0.013794   0.406716
IMAGINARY
          0  0.00816634   0.0193863  0.00353565
-0.00816634           0  0.00485144 -0.00863362
 -0.0193863 -0.00485144           0 -0.00951043
-0.00353565  0.00863362  0.00951043           0
Repeater1[0]<--->EndNode1[0]
REAL
   0.413836   0.0057987  0.00961068    0.351973
  0.0057987   0.0880503   0.0241673 -0.00895879
 0.00961068   0.0241673    0.103145  -0.0116657
   0.351973 -0.00895879  -0.0116657    0.394969
IMAGINARY
           0    0.0117297  -0.00366215   -0.0071504
  -0.0117297            0  -0.00398984    -0.014195
  0.00366215   0.00398984            0 -0.000250116
   0.0071504     0.014195  0.000250116            0
Repeater1[0]<--->HoM1[0]
REAL
  0.396766   0.015507  0.0125218   0.346494
  0.015507  0.0920398  0.0225691   0.013794
 0.0125218  0.0225691   0.104478 0.00824144
  0.346494   0.013794 0.00824144   0.406716
IMAGINARY
          0   0.0193863  0.00816634  0.00353565
 -0.0193863           0 -0.00485144 -0.00951043
-0.00816634  0.00485144           0 -0.00863362
-0.00353565  0.00951043  0.00863362           0
EndNode1[0]<--->Repeater1[0]
REAL
   0.386733 -0.00217391 -0.00266671    0.334541
-0.00217391     0.10388   0.0288128   0.0132257
-0.00266671   0.0288128    0.105131 -0.00217391
   0.334541   0.0132257 -0.00217391    0.404255
IMAGINARY
           0    0.0104763  0.000106224  -0.00244726
  -0.0104763            0   0.00701049  -0.00197422
-0.000106224  -0.00701049            0     0.003845
  0.00244726   0.00197422    -0.003845            0
EndNode2[0]<--->HoM1[0]
REAL
   0.396966   0.0202762   0.0234191    0.341589
  0.0202762   0.0948167   0.0410776 -0.00875246
  0.0234191   0.0410776     0.10493 -0.00827623
   0.341589 -0.00875246 -0.00827623    0.403287
IMAGINARY
           0 -3.89474e-05    0.0118978   0.00781367
 3.89474e-05            0   0.00593633    0.0239079
  -0.0118978  -0.00593633            0   -0.0101912
 -0.00781367   -0.0239079    0.0101912            0
Repeater1[0]<--->EndNode1[0]
REAL
   0.386733 -0.00266671 -0.00217391    0.334541
-0.00266671    0.105131   0.0288128 -0.00217391
-0.00217391   0.0288128     0.10388   0.0132257
   0.334541 -0.00217391   0.0132257    0.404255
IMAGINARY
           0  0.000106224    0.0104763  -0.00244726
-0.000106224            0  -0.00701049     0.003845
  -0.0104763   0.00701049            0  -0.00197422
  0.00244726    -0.003845   0.00197422            0
Repeater1[0]<--->HoM1[0]
REAL
   0.396966   0.0234191   0.0202762    0.341589
  0.0234191     0.10493   0.0410776 -0.00827623
  0.0202762   0.0410776   0.0948167 -0.00875246
   0.341589 -0.00827623 -0.00875246    0.403287
IMAGINARY
           0    0.0118978 -3.89474e-05   0.00781367
  -0.0118978            0  -0.00593633   -0.0101912
 3.89474e-05   0.00593633            0    0.0239079
 -0.00781367    0.0101912   -0.0239079            0
EndNode1[0]<--->Repeater1[0]
REAL
  0.368758  0.0137446   0.009722   0.348938
 0.0137446   0.107554  0.0208538 -0.0149303
  0.009722  0.0208538  0.0985915 -0.0215571
  0.348938 -0.0149303 -0.0215571   0.425096
IMAGINARY
          0   0.0242564 -0.00292777 -0.00676763
 -0.0242564           0 -0.00303629  -0.0206943
 0.00292777  0.00303629           0   0.0138013
 0.00676763   0.0206943  -0.0138013           0
EndNode2[0]<--->HoM1[0]
REAL
    0.400984 -8.41515e-05   0.00164819      0.35189
-8.41515e-05    0.0885609    0.0423032  -0.00616431
  0.00164819    0.0423032     0.099631  -0.00443198
     0.35189  -0.00616431  -0.00443198     0.410824
IMAGINARY
          0   0.0208536  -0.0175751  -0.0192613
 -0.0208536           0  -0.0305395   0.0155778
  0.0175751   0.0305395           0 -0.00420909
  0.0192613  -0.0155778  0.00420909           0
Repeater1[0]<--->EndNode1[0]
REAL
  0.368758   0.009722  0.0137446   0.348938
  0.009722  0.0985915  0.0208538 -0.0215571
 0.0137446  0.0208538   0.107554 -0.0149303
  0.348938 -0.0215571 -0.0149303   0.425096
IMAGINARY
          0 -0.00292777   0.0242564 -0.00676763
 0.00292777           0  0.00303629   0.0138013
 -0.0242564 -0.00303629           0  -0.0206943
 0.00676763  -0.0138013   0.0206943           0
Repeater1[0]<--->HoM1[0]
REAL
    0.400984   0.00164819 -8.41515e-05      0.35189
  0.00164819     0.099631    0.0423032  -0.00443198
-8.41515e-05    0.0423032    0.0885609  -0.00616431
     0.35189  -0.00443198  -0.00616431     0.410824
IMAGINARY
          0  -0.0175751   0.0208536  -0.0192613
  0.0175751           0   0.0305395 -0.00420909
 -0.0208536  -0.0305395           0   0.0155778
  0.0192613  0.00420909  -0.0155778           0
EndNode1[0]<--->Repeater1[0]
REAL
    0.40721  -0.0136719    -0.02381    0.351149
 -0.0136719   0.0867824     0.04208 -0.00223168
   -0.02381     0.04208    0.100134  -0.0175781
   0.351149 -0.00223168  -0.0175781    0.405874
IMAGINARY
          0   0.0190311   -0.012182  -0.0151544
 -0.0190311           0 -0.00312234   0.0109887
   0.012182  0.00312234           0 -0.00829127
  0.0151544  -0.0109887  0.00829127           0
EndNode2[0]<--->HoM1[0]
REAL
   0.399215   0.0102501 -0.00228257     0.34762
  0.0102501    0.102094   0.0450563  0.00101994
-0.00228257   0.0450563   0.0824607  0.00237612
    0.34762  0.00101994  0.00237612     0.41623
IMAGINARY
          0   0.0100291  0.00218206   0.0020297
 -0.0100291           0  -0.0065342 -0.00346411
-0.00218206   0.0065342           0 -0.00105469
 -0.0020297  0.00346411  0.00105469           0
Repeater1[0]<--->EndNode1[0]
REAL
    0.40721    -0.02381  -0.0136719    0.351149
   -0.02381    0.100134     0.04208  -0.0175781
 -0.0136719     0.04208   0.0867824 -0.00223168
   0.351149  -0.0175781 -0.00223168    0.405874
IMAGINARY
          0   -0.012182   0.0190311  -0.0151544
   0.012182           0  0.00312234 -0.00829127
 -0.0190311 -0.00312234           0   0.0109887
  0.0151544  0.00829127  -0.0109887           0
Repeater1[0]<--->HoM1[0]
REAL
   0.399215 -0.00228257   0.0102501     0.34762
-0.00228257   0.0824607   0.0450563  0.00237612
  0.0102501   0.0450563    0.102094  0.00101994
    0.34762  0.00237612  0.00101994     0.41623
IMAGINARY
          0  0.00218206   0.0100291   0.0020297
-0.00218206           0   0.0065342 -0.00105469
 -0.0100291  -0.0065342           0 -0.00346411
 -0.0020297  0.00105469  0.00346411           0
EndNode1[0]<--->Repeater1[0]
REAL
    0.40266  0.00235331   0.0138342    0.348342
 0.00235331      0.1052   0.0430789 -0.00445081
  0.0138342   0.0430789    0.095526  0.00300862
   0.348342 -0.00445081  0.00300862    0.396614
IMAGINARY
          0   0.0261559 -0.00157996 -0.00359551
 -0.0261559           0  0.00182455  0.00421154
 0.00157996 -0.00182455           0  0.00279144
 0.00359551 -0.00421154 -0.00279144           0
EndNode2[0]<--->HoM1[0]
REAL
   0.375465  0.00502008 -0.00642642    0.359277
 0.00502008   0.0991326   0.0496919   0.0137892
-0.00642642   0.0496919    0.104089  0.00502008
   0.359277   0.0137892  0.00502008    0.421314
IMAGINARY
          0  0.00422702 -0.00798323  -0.0195301
-0.00422702           0  0.00165092  0.00539256
 0.00798323 -0.00165092           0   0.0307471
  0.0195301 -0.00539256  -0.0307471           0
Repeater1[0]<--->EndNode1[0]
REAL
    0.40266   0.0138342  0.00235331    0.348342
  0.0138342    0.095526   0.0430789  0.00300862
 0.00235331   0.0430789      0.1052 -0.00445081
   0.348342  0.00300862 -0.00445081    0.396614
IMAGINARY
          0 -0.00157996   0.0261559 -0.00359551
 0.00157996           0 -0.00182455  0.00279144
 -0.0261559  0.00182455           0  0.00421154
 0.00359551 -0.00279144 -0.00421154           0
Repeater1[0]<--->HoM1[0]
REAL
   0.375465 -0.00642642  0.00502008    0.359277
-0.00642642    0.104089   0.0496919  0.00502008
 0.00502008   0.0496919   0.0991326   0.0137892
   0.359277  0.00502008   0.0137892    0.421314
IMAGINARY
          0 -0.00798323  0.00422702  -0.0195301
 0.00798323           0 -0.00165092   0.0307471
-0.00422702  0.00165092           0  0.00539256
  0.0195301  -0.0307471 -0.00539256           0
EndNode1[0]<--->Repeater1[0]
REAL
   0.396552  -0.0115262 -0.00296761    0.324054
 -0.0115262   0.0822281   0.0222971  -0.0181592
-0.00296761   0.0222971    0.100796 -0.00960061
   0.324054  -0.0181592 -0.00960061    0.420424
IMAGINARY
          0   0.0125699  9.1106e-05 -0.00706802
 -0.0125699           0 -0.00117025  -0.0120108
-9.1106e-05  0.00117025           0 -0.00566906
 0.00706802   0.0120108  0.00566906           0
EndNode2[0]<--->HoM1[0]
REAL
   0.40285    0.01368  0.0123673   0.356084
   0.01368  0.0997409  0.0426507 0.00788587
 0.0123673  0.0426507  0.0984456 0.00910482
  0.356084 0.00788587 0.00910482   0.398964
IMAGINARY
           0   -0.0075295  -0.00566557   -0.0206064
   0.0075295            0 -0.000709082   -0.0030409
  0.00566557  0.000709082            0  -0.00615209
   0.0206064    0.0030409   0.00615209            0
Repeater1[0]<--->EndNode1[0]
REAL
   0.396552 -0.00296761  -0.0115262    0.324054
-0.00296761    0.100796   0.0222971 -0.00960061
 -0.0115262   0.0222971   0.0822281  -0.0181592
   0.324054 -0.00960061  -0.0181592    0.420424
IMAGINARY
          0  9.1106e-05   0.0125699 -0.00706802
-9.1106e-05           0  0.00117025 -0.00566906
 -0.0125699 -0.00117025           0  -0.0120108
 0.00706802  0.00566906   0.0120108           0
Repeater1[0]<--->HoM1[0]
REAL
   0.40285  0.0123673    0.01368   0.356084
 0.0123673  0.0984456  0.0426507 0.00910482
   0.01368  0.0426507  0.0997409 0.00788587
  0.356084 0.00910482 0.00788587   0.398964
IMAGINARY
           0  -0.00566557   -0.0075295   -0.0206064
  0.00566557            0  0.000709082  -0.00615209
   0.0075295 -0.000709082            0   -0.0030409
   0.0206064   0.00615209    0.0030409            0
EndNode1[0]<--->Repeater1[0]
REAL
   0.412145 -0.00571359    0.010461     0.34762
-0.00571359   0.0826873   0.0283589 -0.00262805
   0.010461   0.0283589    0.100775    0.014852
    0.34762 -0.00262805    0.014852    0.404393
IMAGINARY
          0  0.00822202  -0.0197545  0.00473555
-0.00822202           0 -0.00276445  -0.0132271
  0.0197545  0.00276445           0  -0.0055835
-0.00473555   0.0132271   0.0055835           0
EndNode2[0]<--->HoM1[0]
REAL
   0.419231  -0.0174959 -0.00405163     0.36092
 -0.0174959   0.0935897   0.0359868 0.000185654
-0.00405163   0.0359868    0.102564   0.0136299
    0.36092 0.000185654   0.0136299    0.384615
IMAGINARY
          0  -0.0109835 -0.00280815  0.00380473
  0.0109835           0  0.00191318   0.0227021
 0.00280815 -0.00191318           0  -0.0115629
-0.00380473  -0.0227021   0.0115629           0
Repeater1[0]<--->EndNode1[0]
REAL
   0.412145    0.010461 -0.00571359     0.34762
   0.010461    0.100775   0.0283589    0.014852
-0.00571359   0.0283589   0.0826873 -0.00262805
    0.34762    0.014852 -0.00262805    0.404393
IMAGINARY
          0  -0.0197545  0.00822202  0.00473555
  0.0197545           0  0.00276445  -0.0055835
-0.00822202 -0.00276445           0  -0.0132271
-0.00473555   0.0055835   0.0132271           0
Repeater1[0]<--->HoM1[0]
REAL
   0.419231 -0.00405163  -0.0174959     0.36092
-0.00405163    0.102564   0.0359868   0.0136299
 -0.0174959   0.0359868   0.0935897 0.000185654
    0.36092   0.0136299 0.000185654    0.384615
IMAGINARY
          0 -0.00280815  -0.0109835  0.00380473
 0.00280815           0 -0.00191318  -0.0115629
  0.0109835  0.00191318           0   0.0227021
-0.00380473   0.0115629  -0.0227021           0
EndNode1[0]<--->Repeater1[0]
REAL
    0.38543 -0.00471053  -0.0085388    0.344692
-0.00471053    0.112583   0.0485884   0.0105151
 -0.0085388   0.0485884    0.108609   -0.013076
   0.344692   0.0105151   -0.013076    0.393377
IMAGINARY
          0   0.0228408  -0.0339238  -0.0328045
 -0.0228408           0  0.00790026  -0.0141281
  0.0339238 -0.00790026           0  0.00573058
  0.0328045   0.0141281 -0.00573058           0
EndNode2[0]<--->HoM1[0]
REAL
    0.406849  -0.00191139 -6.39117e-05     0.353922
 -0.00191139    0.0767123    0.0372965   -0.0163188
-6.39117e-05    0.0372965     0.106849   -0.0157819
    0.353922   -0.0163188   -0.0157819     0.409589
IMAGINARY
          0   0.0216469 -0.00178326  0.00646683
 -0.0216469           0   0.0113449  -0.0153317
 0.00178326  -0.0113449           0   0.0101379
-0.00646683   0.0153317  -0.0101379           0
Repeater1[0]<--->EndNode1[0]
REAL
    0.38543  -0.0085388 -0.00471053    0.344692
 -0.0085388    0.108609   0.0485884   -0.013076
-0.00471053   0.0485884    0.112583   0.0105151
   0.344692   -0.013076   0.0105151    0.393377
IMAGINARY
          0  -0.0339238   0.0228408  -0.0328045
  0.0339238           0 -0.00790026  0.00573058
 -0.0228408  0.00790026           0  -0.0141281
  0.0328045 -0.00573058   0.0141281           0
Repeater1[0]<--->HoM1[0]
REAL
    0.406849 -6.39117e-05  -0.00191139     0.353922
-6.39117e-05     0.106849    0.0372965   -0.0157819
 -0.00191139    0.0372965    0.0767123   -0.0163188
    0.353922   -0.0157819   -0.0163188     0.409589
IMAGINARY
          0 -0.00178326   0.0216469  0.00646683
 0.00178326           0  -0.0113449   0.0101379
 -0.0216469   0.0113449           0  -0.0153317
-0.00646683  -0.0101379   0.0153317           0
EndNode1[0]<--->Repeater1[0]
REAL
  0.425614 0.00671348  0.0153856   0.345182
0.00671348  0.0918499  0.0399189 0.00102854
 0.0153856  0.0399189  0.0892626  0.0134885
  0.345182 0.00102854  0.0134885   0.393273
IMAGINARY
          0 -0.00294147  0.00975451   0.0107054
 0.00294147           0  -0.0132894 -0.00843872
-0.00975451   0.0132894           0  -0.0167954
 -0.0107054  0.00843872   0.0167954           0
EndNode2[0]<--->HoM1[0]
REAL
    0.407713    0.0217834    0.0194169     0.348333
   0.0217834      0.11157    0.0480756 -7.99194e-05
