EndNode1[0]<--->Repeater1[0]
REAL
  0.440367 0.00405223 0.00434528   0.388449
0.00405223   0.068152  0.0210103 0.00106013
0.00434528  0.0210103  0.0576671 0.00270452
  0.388449 0.00106013 0.00270452   0.433814
IMAGINARY
           0   -0.0134641   -0.0129065    0.0138004
   0.0134641            0   -0.0112623     0.014837
   0.0129065    0.0112623            0 -4.94397e-05
  -0.0138004    -0.014837  4.94397e-05            0
EndNode2[0]<--->HoM1[0]
REAL
   0.433071 -0.00328947  0.00419642    0.404726
-0.00328947   0.0682415   0.0162549   0.0121524
 0.00419642   0.0162549   0.0577428  0.00328947
   0.404726   0.0121524  0.00328947    0.440945
IMAGINARY
          0    0.006653 -0.00330903  0.00494833
  -0.006653           0   0.0231416  -0.0092223
 0.00330903  -0.0231416           0  -0.0154249
-0.00494833   0.0092223   0.0154249           0
Repeater1[0]<--->EndNode1[0]
REAL
  0.440367 0.00434528 0.00405223   0.388449
0.00434528  0.0576671  0.0210103 0.00270452
0.00405223  0.0210103   0.068152 0.00106013
  0.388449 0.00270452 0.00106013   0.433814
IMAGINARY
           0   -0.0129065   -0.0134641    0.0138004
   0.0129065            0    0.0112623 -4.94397e-05
   0.0134641   -0.0112623            0     0.014837
  -0.0138004  4.94397e-05    -0.014837            0
Repeater1[0]<--->HoM1[0]
REAL
   0.433071  0.00419642 -0.00328947    0.404726
 0.00419642   0.0577428   0.0162549  0.00328947
-0.00328947   0.0162549   0.0682415   0.0121524
   0.404726  0.00328947   0.0121524    0.440945
IMAGINARY
          0 -0.00330903    0.006653  0.00494833
 0.00330903           0  -0.0231416  -0.0154249
  -0.006653   0.0231416           0  -0.0092223
-0.00494833   0.0154249   0.0092223           0
EndNode1[0]<--->Repeater1[0]
REAL
   0.457181  0.00577994  0.00477029    0.398934
 0.00577994    0.055336   0.0239344 -0.00138734
 0.00477029   0.0239344   0.0540184  0.00707527
   0.398934 -0.00138734  0.00707527    0.433465
IMAGINARY
          0   0.0193756  -0.0128098  -0.0128276
 -0.0193756           0  -0.0084361  -0.0108744
  0.0128098   0.0084361           0  0.00299286
  0.0128276   0.0108744 -0.00299286           0
EndNode2[0]<--->HoM1[0]
REAL
   0.443734  -0.0047934 -0.00943396    0.408396
 -0.0047934   0.0601023   0.0342063  0.00943396
-0.00943396   0.0342063   0.0575448 -0.00158415
   0.408396  0.00943396 -0.00158415    0.438619
IMAGINARY
          0   0.0204226  -0.0202022  0.00715025
 -0.0204226           0  -0.0148623  0.00658352
  0.0202022   0.0148623           0  -0.0158831
-0.00715025 -0.00658352   0.0158831           0
Repeater1[0]<--->EndNode1[0]
REAL
   0.457181  0.00477029  0.00577994    0.398934
 0.00477029   0.0540184   0.0239344  0.00707527
 0.00577994   0.0239344    0.055336 -0.00138734
   0.398934  0.00707527 -0.00138734    0.433465
IMAGINARY
          0  -0.0128098   0.0193756  -0.0128276
  0.0128098           0   0.0084361  0.00299286
 -0.0193756  -0.0084361           0  -0.0108744
  0.0128276 -0.00299286   0.0108744           0
Repeater1[0]<--->HoM1[0]
REAL
   0.443734 -0.00943396  -0.0047934    0.408396
-0.00943396   0.0575448   0.0342063 -0.00158415
 -0.0047934   0.0342063   0.0601023  0.00943396
   0.408396 -0.00158415  0.00943396    0.438619
IMAGINARY
          0  -0.0202022   0.0204226  0.00715025
  0.0202022           0   0.0148623  -0.0158831
 -0.0204226  -0.0148623           0  0.00658352
-0.00715025   0.0158831 -0.00658352           0
EndNode1[0]<--->Repeater1[0]
REAL
   0.412054  -0.0268097    0.022837    0.397567
 -0.0268097   0.0738007   0.0115237 -0.00725261
   0.022837   0.0115237   0.0688807   0.0268097
   0.397567 -0.00725261   0.0268097    0.445264
IMAGINARY
           0  -0.00832266   0.00254347    -0.013843
  0.00832266            0  0.000259561    0.0070596
 -0.00254347 -0.000259561            0  -0.00768246
    0.013843   -0.0070596   0.00768246            0
EndNode2[0]<--->HoM1[0]
REAL
   0.460403 -0.00947554 -0.00390197    0.393031
-0.00947554   0.0469799   0.0123093  -0.0130883
-0.00390197   0.0123093   0.0697987 -0.00751475
   0.393031  -0.0130883 -0.00751475    0.422819
IMAGINARY
           0   -0.0115908   0.00527115    0.0235693
   0.0115908            0  0.000240197   0.00651803
 -0.00527115 -0.000240197            0 -0.000198388
  -0.0235693  -0.00651803  0.000198388            0
Repeater1[0]<--->EndNode1[0]
REAL
   0.412054    0.022837  -0.0268097    0.397567
   0.022837   0.0688807   0.0115237   0.0268097
 -0.0268097   0.0115237   0.0738007 -0.00725261
   0.397567   0.0268097 -0.00725261    0.445264
IMAGINARY
           0   0.00254347  -0.00832266    -0.013843
 -0.00254347            0 -0.000259561  -0.00768246
  0.00832266  0.000259561            0    0.0070596
    0.013843   0.00768246   -0.0070596            0
Repeater1[0]<--->HoM1[0]
REAL
   0.460403 -0.00390197 -0.00947554    0.393031
-0.00390197   0.0697987   0.0123093 -0.00751475
-0.00947554   0.0123093   0.0469799  -0.0130883
   0.393031 -0.00751475  -0.0130883    0.422819
IMAGINARY
           0   0.00527115   -0.0115908    0.0235693
 -0.00527115            0 -0.000240197 -0.000198388
   0.0115908  0.000240197            0   0.00651803
  -0.0235693  0.000198388  -0.00651803            0
EndNode1[0]<--->Repeater1[0]
REAL
   0.446404   0.0145419  0.00230984    0.389787
  0.0145419   0.0651289   0.0287882  -0.0073989
 0.00230984   0.0287882   0.0597015 -0.00945288
   0.389787  -0.0073989 -0.00945288    0.428765
IMAGINARY
          0  0.00344683 -0.00645587  -0.0136318
-0.00344683           0  -0.0076715   0.0152278
 0.00645587   0.0076715           0 -0.00277207
  0.0136318  -0.0152278  0.00277207           0
EndNode2[0]<--->HoM1[0]
REAL
   0.442988  -0.0212796 -0.00853375    0.393648
 -0.0212796   0.0760157   0.0154429  -0.0269582
-0.00853375   0.0154429    0.061599  -0.0279109
   0.393648  -0.0269582  -0.0279109    0.419397
IMAGINARY
          0  0.00220556  0.00226634  -0.0157322
-0.00220556           0  -0.0113297 -0.00483044
-0.00226634   0.0113297           0   0.0067688
  0.0157322  0.00483044  -0.0067688           0
Repeater1[0]<--->EndNode1[0]
REAL
   0.446404  0.00230984   0.0145419    0.389787
 0.00230984   0.0597015   0.0287882 -0.00945288
  0.0145419   0.0287882   0.0651289  -0.0073989
   0.389787 -0.00945288  -0.0073989    0.428765
IMAGINARY
          0 -0.00645587  0.00344683  -0.0136318
 0.00645587           0   0.0076715 -0.00277207
-0.00344683  -0.0076715           0   0.0152278
  0.0136318  0.00277207  -0.0152278           0
Repeater1[0]<--->HoM1[0]
REAL
   0.442988 -0.00853375  -0.0212796    0.393648
-0.00853375    0.061599   0.0154429  -0.0279109
 -0.0212796   0.0154429   0.0760157  -0.0269582
   0.393648  -0.0279109  -0.0269582    0.419397
IMAGINARY
          0  0.00226634  0.00220556  -0.0157322
-0.00226634           0   0.0113297   0.0067688
-0.00220556  -0.0113297           0 -0.00483044
  0.0157322  -0.0067688  0.00483044           0
EndNode1[0]<--->Repeater1[0]
REAL
  0.448107 -0.0194724 -0.0382713   0.387541
-0.0194724   0.046398  0.0107003  0.0081205
-0.0382713  0.0107003  0.0512821 -0.0194724
  0.387541  0.0081205 -0.0194724   0.454212
IMAGINARY
           0   0.00398632  -0.00727616 -0.000325091
 -0.00398632            0   0.00226558  -8.6621e-05
  0.00727616  -0.00226558            0  -0.00465566
 0.000325091   8.6621e-05   0.00465566            0
EndNode2[0]<--->HoM1[0]
REAL
   0.448931  -0.0173959 -0.00689675    0.392448
 -0.0173959   0.0712589   0.0290676  -0.0221966
-0.00689675   0.0290676    0.067696 -0.00628477
   0.392448  -0.0221966 -0.00628477    0.412114
IMAGINARY
          0  -0.0103418  0.00693418   0.0175381
  0.0103418           0   0.0155408   -0.025244
-0.00693418  -0.0155408           0    0.035694
 -0.0175381    0.025244   -0.035694           0
Repeater1[0]<--->EndNode1[0]
REAL
  0.448107 -0.0382713 -0.0194724   0.387541
-0.0382713  0.0512821  0.0107003 -0.0194724
-0.0194724  0.0107003   0.046398  0.0081205
  0.387541 -0.0194724  0.0081205   0.454212
IMAGINARY
           0  -0.00727616   0.00398632 -0.000325091
  0.00727616            0  -0.00226558  -0.00465566
 -0.00398632   0.00226558            0  -8.6621e-05
 0.000325091   0.00465566   8.6621e-05            0
Repeater1[0]<--->HoM1[0]
REAL
   0.448931 -0.00689675  -0.0173959    0.392448
-0.00689675    0.067696   0.0290676 -0.00628477
 -0.0173959   0.0290676   0.0712589  -0.0221966
   0.392448 -0.00628477  -0.0221966    0.412114
IMAGINARY
          0  0.00693418  -0.0103418   0.0175381
-0.00693418           0  -0.0155408    0.035694
  0.0103418   0.0155408           0   -0.025244
 -0.0175381   -0.035694    0.025244           0
EndNode1[0]<--->Repeater1[0]
REAL
   0.434501 0.000707141   0.0176355    0.389447
0.000707141   0.0596628  0.00965868 0.000882971
  0.0176355  0.00965868   0.0674449   0.0241971
   0.389447 0.000882971   0.0241971    0.438392
IMAGINARY
           0    0.0241548  -0.00923853   0.00695043
  -0.0241548            0  -0.00282793  -0.00859503
  0.00923853   0.00282793            0  0.000283803
 -0.00695043   0.00859503 -0.000283803            0
EndNode2[0]<--->HoM1[0]
REAL
   0.433511   0.0203912  0.00898802    0.397666
  0.0203912   0.0691489   0.0184455  0.00898802
 0.00898802   0.0184455   0.0691489 -0.00374673
   0.397666  0.00898802 -0.00374673    0.428191
IMAGINARY
          0  -0.0108426  0.00159992  0.00714183
  0.0108426           0  -0.0149263 -0.00030122
-0.00159992   0.0149263           0   0.0108426
-0.00714183  0.00030122  -0.0108426           0
Repeater1[0]<--->EndNode1[0]
REAL
   0.434501   0.0176355 0.000707141    0.389447
  0.0176355   0.0674449  0.00965868   0.0241971
0.000707141  0.00965868   0.0596628 0.000882971
   0.389447   0.0241971 0.000882971    0.438392
IMAGINARY
           0  -0.00923853    0.0241548   0.00695043
  0.00923853            0   0.00282793  0.000283803
  -0.0241548  -0.00282793            0  -0.00859503
 -0.00695043 -0.000283803   0.00859503            0
Repeater1[0]<--->HoM1[0]
REAL
   0.433511  0.00898802   0.0203912    0.397666
 0.00898802   0.0691489   0.0184455 -0.00374673
  0.0203912   0.0184455   0.0691489  0.00898802
   0.397666 -0.00374673  0.00898802    0.428191
IMAGINARY
          0  0.00159992  -0.0108426  0.00714183
-0.00159992           0   0.0149263   0.0108426
  0.0108426  -0.0149263           0 -0.00030122
-0.00714183  -0.0108426  0.00030122           0
EndNode1[0]<--->Repeater1[0]
REAL
  0.438247 0.00431449 -0.0288451   0.395258
0.00431449  0.0478088  0.0231355 0.00423374
-0.0288451  0.0231355  0.0743692 -0.0198585
  0.395258 0.00423374 -0.0198585   0.439575
IMAGINARY
          0   0.0150516 -0.00253471 -0.00889021
 -0.0150516           0  0.00435065   0.0153224
 0.00253471 -0.00435065           0   0.0105238
 0.00889021  -0.0153224  -0.0105238           0
EndNode2[0]<--->HoM1[0]
REAL
    0.448441   0.00187909 -0.000675297     0.401555
  0.00187909    0.0503597    0.0146888   0.00575144
-0.000675297    0.0146888    0.0551559   0.00573513
    0.401555   0.00575144   0.00573513     0.446043
IMAGINARY
           0 -0.000423927  -0.00053265    0.0158635
 0.000423927            0  -0.00119685    0.0076848
  0.00053265   0.00119685            0   0.00757607
  -0.0158635   -0.0076848  -0.00757607            0
Repeater1[0]<--->EndNode1[0]
REAL
  0.438247 -0.0288451 0.00431449   0.395258
-0.0288451  0.0743692  0.0231355 -0.0198585
0.00431449  0.0231355  0.0478088 0.00423374
  0.395258 -0.0198585 0.00423374   0.439575
IMAGINARY
          0 -0.00253471   0.0150516 -0.00889021
 0.00253471           0 -0.00435065   0.0105238
 -0.0150516  0.00435065           0   0.0153224
 0.00889021  -0.0105238  -0.0153224           0
Repeater1[0]<--->HoM1[0]
REAL
    0.448441 -0.000675297   0.00187909     0.401555
-0.000675297    0.0551559    0.0146888   0.00573513
  0.00187909    0.0146888    0.0503597   0.00575144
    0.401555   0.00573513   0.00575144     0.446043
IMAGINARY
           0  -0.00053265 -0.000423927    0.0158635
  0.00053265            0   0.00119685   0.00757607
 0.000423927  -0.00119685            0    0.0076848
  -0.0158635  -0.00757607   -0.0076848            0
EndNode1[0]<--->Repeater1[0]
REAL
  0.409898 0.00677312  0.0206246   0.400045
0.00677312  0.0672589  0.0188033 -0.0075356
 0.0206246  0.0188033  0.0659898 0.00369809
  0.400045 -0.0075356 0.00369809   0.456853
IMAGINARY
           0 -0.000966306   0.00316679   -0.0253964
 0.000966306            0    0.0109673   0.00695467
 -0.00316679   -0.0109673            0   -0.0145533
   0.0253964  -0.00695467    0.0145533            0
EndNode2[0]<--->HoM1[0]
REAL
   0.437077 0.000793918  0.00535484    0.391804
0.000793918   0.0581867   0.0239046 -0.00343913
 0.00535484   0.0239046   0.0568336 -0.00654104
   0.391804 -0.00343913 -0.00654104    0.447903
IMAGINARY
          0  -0.0115355   0.0166205   0.0036206
  0.0115355           0 -0.00295835 -0.00274996
 -0.0166205  0.00295835           0 -0.00761905
 -0.0036206  0.00274996  0.00761905           0
Repeater1[0]<--->EndNode1[0]
REAL
  0.409898  0.0206246 0.00677312   0.400045
 0.0206246  0.0659898  0.0188033 0.00369809
0.00677312  0.0188033  0.0672589 -0.0075356
  0.400045 0.00369809 -0.0075356   0.456853
IMAGINARY
           0   0.00316679 -0.000966306   -0.0253964
 -0.00316679            0   -0.0109673   -0.0145533
 0.000966306    0.0109673            0   0.00695467
   0.0253964    0.0145533  -0.00695467            0
Repeater1[0]<--->HoM1[0]
REAL
   0.437077  0.00535484 0.000793918    0.391804
 0.00535484   0.0568336   0.0239046 -0.00654104
0.000793918   0.0239046   0.0581867 -0.00343913
   0.391804 -0.00654104 -0.00343913    0.447903
IMAGINARY
          0   0.0166205  -0.0115355   0.0036206
 -0.0166205           0  0.00295835 -0.00761905
  0.0115355 -0.00295835           0 -0.00274996
 -0.0036206  0.00761905  0.00274996           0
EndNode1[0]<--->Repeater1[0]
REAL
    0.434903    0.0145457   0.00344421     0.391696
   0.0145457    0.0526316    0.0293227 -0.000259495
  0.00344421    0.0293227    0.0526316    -0.011361
    0.391696 -0.000259495    -0.011361     0.459834
IMAGINARY
          0  0.00814632  -0.0113259 -0.00200535
-0.00814632           0 -0.00200535 -0.00635082
  0.0113259  0.00200535           0 -0.00940895
 0.00200535  0.00635082  0.00940895           0
EndNode2[0]<--->HoM1[0]
REAL
   0.422078   0.0134088  0.00407421    0.402558
  0.0134088    0.061039   0.0327127   0.0243274
 0.00407421   0.0327127   0.0662338 0.000461781
   0.402558   0.0243274 0.000461781    0.450649
IMAGINARY
          0   0.0125552  -0.0199593 -0.00443548
 -0.0125552           0 -0.00766129  -0.0083912
  0.0199593  0.00766129           0   0.0119294
 0.00443548   0.0083912  -0.0119294           0
Repeater1[0]<--->EndNode1[0]
REAL
    0.434903   0.00344421    0.0145457     0.391696
  0.00344421    0.0526316    0.0293227    -0.011361
   0.0145457    0.0293227    0.0526316 -0.000259495
    0.391696    -0.011361 -0.000259495     0.459834
IMAGINARY
          0  -0.0113259  0.00814632 -0.00200535
  0.0113259           0  0.00200535 -0.00940895
-0.00814632 -0.00200535           0 -0.00635082
 0.00200535  0.00940895  0.00635082           0
Repeater1[0]<--->HoM1[0]
REAL
   0.422078  0.00407421   0.0134088    0.402558
 0.00407421   0.0662338   0.0327127 0.000461781
  0.0134088   0.0327127    0.061039   0.0243274
   0.402558 0.000461781   0.0243274    0.450649
IMAGINARY
          0  -0.0199593   0.0125552 -0.00443548
  0.0199593           0  0.00766129   0.0119294
 -0.0125552 -0.00766129           0  -0.0083912
 0.00443548  -0.0119294   0.0083912           0
EndNode1[0]<--->Repeater1[0]
REAL
   0.458065 -0.00241569    0.014652    0.395484
-0.00241569   0.0619355   0.0358348   0.0018315
   0.014652   0.0358348   0.0774194    0.016152
   0.395484   0.0018315    0.016152    0.402581
IMAGINARY
          0   0.0150423  -0.0119048   0.0124912
 -0.0150423           0 -0.00204735  -0.0119048
  0.0119048  0.00204735           0   0.0187923
 -0.0124912   0.0119048  -0.0187923           0
EndNode2[0]<--->HoM1[0]
REAL
  0.417303 0.00692753 0.00724374   0.393562
0.00692753  0.0381679   0.018396 0.00786796
0.00724374   0.018396  0.0776081 0.00949822
  0.393562 0.00786796 0.00949822   0.466921
IMAGINARY
          0 -0.00994421   0.0185998   0.0241491
 0.00994421           0  -0.0112939 -0.00199949
 -0.0185998   0.0112939           0  -0.0093121
 -0.0241491  0.00199949   0.0093121           0
Repeater1[0]<--->EndNode1[0]
REAL
   0.458065    0.014652 -0.00241569    0.395484
   0.014652   0.0774194   0.0358348    0.016152
-0.00241569   0.0358348   0.0619355   0.0018315
   0.395484    0.016152   0.0018315    0.402581
IMAGINARY
          0  -0.0119048   0.0150423   0.0124912
  0.0119048           0  0.00204735   0.0187923
 -0.0150423 -0.00204735           0  -0.0119048
 -0.0124912  -0.0187923   0.0119048           0
Repeater1[0]<--->HoM1[0]
REAL
  0.417303 0.00724374 0.00692753   0.393562
0.00724374  0.0776081   0.018396 0.00949822
0.00692753   0.018396  0.0381679 0.00786796
  0.393562 0.00949822 0.00786796   0.466921
IMAGINARY
          0   0.0185998 -0.00994421   0.0241491
 -0.0185998           0   0.0112939  -0.0093121
 0.00994421  -0.0112939           0 -0.00199949
 -0.0241491   0.0093121  0.00199949           0
EndNode1[0]<--->Repeater1[0]
REAL
   0.478685  -0.0130739  -0.0231243    0.399166
 -0.0130739   0.0560292   0.0279045 -0.00716003
 -0.0231243   0.0279045   0.0706456 -0.00855776
   0.399166 -0.00716003 -0.00855776    0.394641
IMAGINARY
          0   -0.010064   0.0198844   0.0153965
   0.010064           0  -0.0240057 -0.00753072
 -0.0198844   0.0240057           0  -0.0087917
 -0.0153965  0.00753072   0.0087917           0
EndNode2[0]<--->HoM1[0]
REAL
   0.505305  -0.0367763  -0.0159335    0.396134
 -0.0367763   0.0543767   0.0209714  -0.0209086
 -0.0159335   0.0209714   0.0517241 -0.00927632
   0.396134  -0.0209086 -0.00927632    0.388594
IMAGINARY
          0 -0.00525521  0.00556026  -0.0308031
 0.00525521           0  -0.0198636   0.0158962
-0.00556026   0.0198636           0   -0.018802
  0.0308031  -0.0158962    0.018802           0
Repeater1[0]<--->EndNode1[0]
REAL
   0.478685  -0.0231243  -0.0130739    0.399166
 -0.0231243   0.0706456   0.0279045 -0.00855776
 -0.0130739   0.0279045   0.0560292 -0.00716003
   0.399166 -0.00855776 -0.00716003    0.394641
IMAGINARY
          0   0.0198844   -0.010064   0.0153965
 -0.0198844           0   0.0240057  -0.0087917
   0.010064  -0.0240057           0 -0.00753072
 -0.0153965   0.0087917  0.00753072           0
Repeater1[0]<--->HoM1[0]
REAL
   0.505305  -0.0159335  -0.0367763    0.396134
 -0.0159335   0.0517241   0.0209714 -0.00927632
 -0.0367763   0.0209714   0.0543767  -0.0209086
   0.396134 -0.00927632  -0.0209086    0.388594
IMAGINARY
          0  0.00556026 -0.00525521  -0.0308031
-0.00556026           0   0.0198636   -0.018802
 0.00525521  -0.0198636           0   0.0158962
  0.0308031    0.018802  -0.0158962           0
EndNode1[0]<--->Repeater1[0]
REAL
  0.453875 0.00982682 0.00127547   0.384199
0.00982682  0.0713407  0.0171915  0.0208484
0.00127547  0.0171915  0.0639606 0.00471173
  0.384199  0.0208484 0.00471173   0.410824
IMAGINARY
          0  -0.0147746   0.0162002   0.0162264
  0.0147746           0  0.00136154 -0.00469121
 -0.0162002 -0.00136154           0 -0.00184944
 -0.0162264  0.00469121  0.00184944           0
EndNode2[0]<--->HoM1[0]
REAL
   0.489446  0.00348305 -0.00253857     0.39931
 0.00348305    0.060686   0.0333583   0.0199949
-0.00253857   0.0333583   0.0461741   0.0189608
    0.39931   0.0199949   0.0189608    0.403694
IMAGINARY
           0  0.000505207  -0.00670241  -0.00483244
-0.000505207            0   0.00979522  -0.00670241
  0.00670241  -0.00979522            0    0.0155806
  0.00483244   0.00670241   -0.0155806            0
Repeater1[0]<--->EndNode1[0]
REAL
  0.453875 0.00127547 0.00982682   0.384199
0.00127547  0.0639606  0.0171915 0.00471173
0.00982682  0.0171915  0.0713407  0.0208484
  0.384199 0.00471173  0.0208484   0.410824
IMAGINARY
          0   0.0162002  -0.0147746   0.0162264
 -0.0162002           0 -0.00136154 -0.00184944
  0.0147746  0.00136154           0 -0.00469121
 -0.0162264  0.00184944  0.00469121           0
Repeater1[0]<--->HoM1[0]
REAL
   0.489446 -0.00253857  0.00348305     0.39931
-0.00253857   0.0461741   0.0333583   0.0189608
 0.00348305   0.0333583    0.060686   0.0199949
    0.39931   0.0189608   0.0199949    0.403694
IMAGINARY
           0  -0.00670241  0.000505207  -0.00483244
  0.00670241            0  -0.00979522    0.0155806
-0.000505207   0.00979522            0  -0.00670241
  0.00483244   -0.0155806   0.00670241            0
EndNode1[0]<--->Repeater1[0]
REAL
   0.420786   0.0095044  0.00742776    0.397355
  0.0095044   0.0608365   0.0318962 -0.00674749
 0.00742776   0.0318962   0.0646388  0.00206023
   0.397355 -0.00674749  0.00206023    0.453739
IMAGINARY
           0   -0.0185215    0.0140087    0.0234181
   0.0185215            0   -0.0051889   0.00474941
  -0.0140087    0.0051889            0 -0.000236546
  -0.0234181  -0.00474941  0.000236546            0
EndNode2[0]<--->HoM1[0]
REAL
   0.427362   0.0185881   0.0196489     0.39798
  0.0185881   0.0550071   0.0131313 -0.00113035
  0.0196489   0.0131313   0.0620592 -0.00253869
    0.39798 -0.00113035 -0.00253869    0.455571
IMAGINARY
           0 -0.000732323   0.00348463  -0.00619606
 0.000732323            0   0.00106786   0.00560627
 -0.00348463  -0.00106786            0  -0.00957071
  0.00619606  -0.00560627   0.00957071            0
Repeater1[0]<--->EndNode1[0]
REAL
   0.420786  0.00742776   0.0095044    0.397355
 0.00742776   0.0646388   0.0318962  0.00206023
  0.0095044   0.0318962   0.0608365 -0.00674749
   0.397355  0.00206023 -0.00674749    0.453739
IMAGINARY
           0    0.0140087   -0.0185215    0.0234181
  -0.0140087            0    0.0051889 -0.000236546
   0.0185215   -0.0051889            0   0.00474941
  -0.0234181  0.000236546  -0.00474941            0
Repeater1[0]<--->HoM1[0]
REAL
   0.427362   0.0196489   0.0185881     0.39798
  0.0196489   0.0620592   0.0131313 -0.00253869
  0.0185881   0.0131313   0.0550071 -0.00113035
    0.39798 -0.00253869 -0.00113035    0.455571
IMAGINARY
           0   0.00348463 -0.000732323  -0.00619606
 -0.00348463            0  -0.00106786  -0.00957071
 0.000732323   0.00106786            0   0.00560627
  0.00619606   0.00957071  -0.00560627            0
EndNode1[0]<--->Repeater1[0]
REAL
    0.44664    0.014374  0.00635519     0.39924
   0.014374   0.0592885   0.0160568  0.00186225
 0.00635519   0.0160568   0.0632411 -0.00742082
    0.39924  0.00186225 -0.00742082     0.43083
IMAGINARY
           0   0.00959365   0.00647905    0.0223601
 -0.00959365            0   -0.0020898  0.000581281
 -0.00647905    0.0020898            0   0.00516887
  -0.0223601 -0.000581281  -0.00516887            0
EndNode2[0]<--->HoM1[0]
REAL
   0.451482 -0.00279761  0.00729443    0.390768
-0.00279761   0.0485175   0.0296566 -0.00331565
 0.00729443   0.0296566   0.0727763  0.00942891
   0.390768 -0.00331565  0.00942891    0.427224
IMAGINARY
          0  -0.0180211  -0.0260972 -0.00300843
  0.0180211           0   0.0131607  0.00918904
  0.0260972  -0.0131607           0   0.0143979
 0.00300843 -0.00918904  -0.0143979           0
Repeater1[0]<--->EndNode1[0]
REAL
    0.44664  0.00635519    0.014374     0.39924
 0.00635519   0.0632411   0.0160568 -0.00742082
   0.014374   0.0160568   0.0592885  0.00186225
    0.39924 -0.00742082  0.00186225     0.43083
IMAGINARY
           0   0.00647905   0.00959365    0.0223601
 -0.00647905            0    0.0020898   0.00516887
 -0.00959365   -0.0020898            0  0.000581281
  -0.0223601  -0.00516887 -0.000581281            0
Repeater1[0]<--->HoM1[0]
REAL
   0.451482  0.00729443 -0.00279761    0.390768
 0.00729443   0.0727763   0.0296566  0.00942891
-0.00279761   0.0296566   0.0485175 -0.00331565
   0.390768  0.00942891 -0.00331565    0.427224
IMAGINARY
          0  -0.0260972  -0.0180211 -0.00300843
  0.0260972           0  -0.0131607   0.0143979
  0.0180211   0.0131607           0  0.00918904
 0.00300843  -0.0143979 -0.00918904           0
EndNode1[0]<--->Repeater1[0]
REAL
   0.451058  0.00359872    0.015133    0.373993
 0.00359872   0.0529101   0.0353242  -0.0120275
   0.015133   0.0353242   0.0529101 -0.00670431
   0.373993  -0.0120275 -0.00670431    0.443122
IMAGINARY
           0   0.00862797   -0.0265651   -0.0065704
 -0.00862797            0 -2.59017e-05   0.00031666
   0.0265651  2.59017e-05            0    0.0304245
   0.0065704  -0.00031666   -0.0304245            0
EndNode2[0]<--->HoM1[0]
REAL
 0.416667 0.0142192 0.0185842  0.394535
0.0142192 0.0752688 0.0285423 0.0236604
0.0185842 0.0285423 0.0537634 0.0166762
 0.394535 0.0236604 0.0166762  0.454301
IMAGINARY
           0   -0.0153038 -0.000561264    0.0254697
   0.0153038            0  -0.00724056   0.00877871
 0.000561264   0.00724056            0    0.0020295
  -0.0254697  -0.00877871   -0.0020295            0
Repeater1[0]<--->EndNode1[0]
REAL
   0.451058    0.015133  0.00359872    0.373993
   0.015133   0.0529101   0.0353242 -0.00670431
 0.00359872   0.0353242   0.0529101  -0.0120275
   0.373993 -0.00670431  -0.0120275    0.443122
IMAGINARY
           0   -0.0265651   0.00862797   -0.0065704
   0.0265651            0  2.59017e-05    0.0304245
 -0.00862797 -2.59017e-05            0   0.00031666
   0.0065704   -0.0304245  -0.00031666            0
Repeater1[0]<--->HoM1[0]
REAL
 0.416667 0.0185842 0.0142192  0.394535
0.0185842 0.0537634 0.0285423 0.0166762
0.0142192 0.0285423 0.0752688 0.0236604
 0.394535 0.0166762 0.0236604  0.454301
IMAGINARY
           0 -0.000561264   -0.0153038    0.0254697
 0.000561264            0   0.00724056    0.0020295
   0.0153038  -0.00724056            0   0.00877871
  -0.0254697   -0.0020295  -0.00877871            0
EndNode1[0]<--->Repeater1[0]
REAL
   0.446194 -0.00215477  -0.0086854    0.381392
-0.00215477   0.0603675   0.0334231 -0.00366028
 -0.0086854   0.0334231   0.0551181  -0.0114255
   0.381392 -0.00366028  -0.0114255     0.43832
IMAGINARY
          0    0.010281  0.00356909  -0.0161308
  -0.010281           0   0.0329702  0.00101807
-0.00356909  -0.0329702           0  -0.0070045
  0.0161308 -0.00101807   0.0070045           0
EndNode2[0]<--->HoM1[0]
REAL
  0.436767 0.00509338 0.00782456   0.382779
0.00509338  0.0691004  0.0254528  0.0184912
0.00782456  0.0254528  0.0638853  0.0212224
  0.382779  0.0184912  0.0212224   0.430248
IMAGINARY
          0 -0.00171673  -0.0105716   0.0248604
 0.00171673           0  0.00572779   0.0067156
  0.0105716 -0.00572779           0 -0.00856605
 -0.0248604  -0.0067156  0.00856605           0
Repeater1[0]<--->EndNode1[0]
REAL
   0.446194  -0.0086854 -0.00215477    0.381392
 -0.0086854   0.0551181   0.0334231  -0.0114255
-0.00215477   0.0334231   0.0603675 -0.00366028
   0.381392  -0.0114255 -0.00366028     0.43832
IMAGINARY
          0  0.00356909    0.010281  -0.0161308
-0.00356909           0  -0.0329702  -0.0070045
  -0.010281   0.0329702           0  0.00101807
  0.0161308   0.0070045 -0.00101807           0
Repeater1[0]<--->HoM1[0]
REAL
  0.436767 0.00782456 0.00509338   0.382779
0.00782456  0.0638853  0.0254528  0.0212224
0.00509338  0.0254528  0.0691004  0.0184912
  0.382779  0.0212224  0.0184912   0.430248
IMAGINARY
          0  -0.0105716 -0.00171673   0.0248604
  0.0105716           0 -0.00572779 -0.00856605
 0.00171673  0.00572779           0   0.0067156
 -0.0248604  0.00856605  -0.0067156           0
EndNode1[0]<--->Repeater1[0]
REAL
   0.441333 -0.00623953  0.00353513    0.395855
-0.00623953   0.0746667   0.0210215 -0.00101624
 0.00353513   0.0210215   0.0586667  0.00372063
   0.395855 -0.00101624  0.00372063    0.425333
IMAGINARY
           0    -0.014871   0.00106664   0.00158056
    0.014871            0   -0.0148336   0.00892004
 -0.00106664    0.0148336            0 -0.000441903
 -0.00158056  -0.00892004  0.000441903            0
EndNode2[0]<--->HoM1[0]
REAL
   0.422925   0.0177458   0.0123942    0.403332
  0.0177458   0.0671937   0.0196407 -0.00023205
  0.0123942   0.0196407   0.0750988 -0.00423225
   0.403332 -0.00023205 -0.00423225    0.434783
IMAGINARY
          0  -0.0105058  0.00500156  -0.0228063
  0.0105058           0   0.0247171   0.0145939
-0.00500156  -0.0247171           0  -0.0141466
  0.0228063  -0.0145939   0.0141466           0
Repeater1[0]<--->EndNode1[0]
REAL
   0.441333  0.00353513 -0.00623953    0.395855
 0.00353513   0.0586667   0.0210215  0.00372063
-0.00623953   0.0210215   0.0746667 -0.00101624
   0.395855  0.00372063 -0.00101624    0.425333
IMAGINARY
           0   0.00106664    -0.014871   0.00158056
 -0.00106664            0    0.0148336 -0.000441903
    0.014871   -0.0148336            0   0.00892004
 -0.00158056  0.000441903  -0.00892004            0
Repeater1[0]<--->HoM1[0]
REAL
   0.422925   0.0123942   0.0177458    0.403332
  0.0123942   0.0750988   0.0196407 -0.00423225
  0.0177458   0.0196407   0.0671937 -0.00023205
   0.403332 -0.00423225 -0.00023205    0.434783
IMAGINARY
          0  0.00500156  -0.0105058  -0.0228063
-0.00500156           0  -0.0247171  -0.0141466
  0.0105058   0.0247171           0   0.0145939
  0.0228063   0.0141466  -0.0145939           0
EndNode1[0]<--->Repeater1[0]
REAL
   0.425587   0.0151339    0.028452    0.390719
  0.0151339   0.0522193   0.0361737 -0.00103686
   0.028452   0.0361737   0.0613577  0.00705934
   0.390719 -0.00103686  0.00705934    0.460836
IMAGINARY
           0    0.0116015   0.00258281 -0.000379355
  -0.0116015            0  -0.00226615   -0.0142711
 -0.00258281   0.00226615            0    -0.005108
 0.000379355    0.0142711     0.005108            0
EndNode2[0]<--->HoM1[0]
REAL
   0.437746 -0.00336022  -0.0032182    0.408186
-0.00336022   0.0773263   0.0138566 -0.00887858
 -0.0032182   0.0138566   0.0419397 -0.00336022
   0.408186 -0.00887858 -0.00336022    0.442988
IMAGINARY
          0   0.0131322  0.00348734   0.0102887
 -0.0131322           0  0.00167941  -0.0137966
-0.00348734 -0.00167941           0   0.0023317
 -0.0102887   0.0137966  -0.0023317           0
Repeater1[0]<--->EndNode1[0]
REAL
   0.425587    0.028452   0.0151339    0.390719
   0.028452   0.0613577   0.0361737  0.00705934
  0.0151339   0.0361737   0.0522193 -0.00103686
   0.390719  0.00705934 -0.00103686    0.460836
IMAGINARY
           0   0.00258281    0.0116015 -0.000379355
 -0.00258281            0   0.00226615    -0.005108
  -0.0116015  -0.00226615            0   -0.0142711
 0.000379355     0.005108    0.0142711            0
Repeater1[0]<--->HoM1[0]
REAL
   0.437746  -0.0032182 -0.00336022    0.408186
 -0.0032182   0.0419397   0.0138566 -0.00336022
-0.00336022   0.0138566   0.0773263 -0.00887858
   0.408186 -0.00336022 -0.00887858    0.442988
IMAGINARY
          0  0.00348734   0.0131322   0.0102887
-0.00348734           0 -0.00167941   0.0023317
 -0.0131322  0.00167941           0  -0.0137966
 -0.0102887  -0.0023317   0.0137966           0
EndNode1[0]<--->Repeater1[0]
REAL
    0.46283  -0.0164578 -0.00616368    0.398637
 -0.0164578   0.0527578   0.0167275 -0.00685716
-0.00616368   0.0167275   0.0503597 -0.00828174
   0.398637 -0.00685716 -0.00828174    0.434053
IMAGINARY
          0 -0.00318865   0.0228892   -0.015252
 0.00318865           0    0.015252  -0.0015324
 -0.0228892   -0.015252           0  0.00444493
   0.015252   0.0015324 -0.00444493           0
EndNode2[0]<--->HoM1[0]
REAL
   0.450249  0.00932999  0.00625936     0.39301
 0.00932999   0.0609453   0.0104293   0.0029999
 0.00625936   0.0104293   0.0534826 -0.00403899
    0.39301   0.0029999 -0.00403899    0.435323
IMAGINARY
          0  0.00594343 -0.00269788  0.00159616
-0.00594343           0  0.00484714  0.00205272
 0.00269788 -0.00484714           0  -0.0117499
-0.00159616 -0.00205272   0.0117499           0
Repeater1[0]<--->EndNode1[0]
REAL
    0.46283 -0.00616368  -0.0164578    0.398637
-0.00616368   0.0503597   0.0167275 -0.00828174
 -0.0164578   0.0167275   0.0527578 -0.00685716
   0.398637 -0.00828174 -0.00685716    0.434053
IMAGINARY
          0   0.0228892 -0.00318865   -0.015252
 -0.0228892           0   -0.015252  0.00444493
 0.00318865    0.015252           0  -0.0015324
   0.015252 -0.00444493   0.0015324           0
Repeater1[0]<--->HoM1[0]
REAL
   0.450249  0.00625936  0.00932999     0.39301
 0.00625936   0.0534826   0.0104293 -0.00403899
 0.00932999   0.0104293   0.0609453   0.0029999
    0.39301 -0.00403899   0.0029999    0.435323
IMAGINARY
          0 -0.00269788  0.00594343  0.00159616
 0.00269788           0 -0.00484714  -0.0117499
-0.00594343  0.00484714           0  0.00205272
-0.00159616   0.0117499 -0.00205272           0
EndNode1[0]<--->Repeater1[0]
REAL
   0.459864   0.0118873 -0.00613301    0.391838
  0.0118873   0.0598639   0.0227147  0.00947079
-0.00613301   0.0227147   0.0748299 -0.00587924
   0.391838  0.00947079 -0.00587924    0.405442
IMAGINARY
          0    0.010297 -0.00590675  0.00530498
  -0.010297           0   0.0113002  0.00400078
 0.00590675  -0.0113002           0   -0.012203
-0.00530498 -0.00400078    0.012203           0
EndNode2[0]<--->HoM1[0]
REAL
   0.436869 -0.00170048 -0.00697218    0.387308
-0.00170048   0.0719697   0.0233622  0.00945357
-0.00697218   0.0233622   0.0694444  0.00418187
   0.387308  0.00945357  0.00418187    0.421717
IMAGINARY
           0     0.010004   0.00570054    0.0100305
   -0.010004            0 -0.000476329     0.003143
 -0.00570054  0.000476329            0   0.00020008
  -0.0100305    -0.003143  -0.00020008            0
Repeater1[0]<--->EndNode1[0]
REAL
   0.459864 -0.00613301   0.0118873    0.391838
-0.00613301   0.0748299   0.0227147 -0.00587924
  0.0118873   0.0227147   0.0598639  0.00947079
   0.391838 -0.00587924  0.00947079    0.405442
IMAGINARY
          0 -0.00590675    0.010297  0.00530498
 0.00590675           0  -0.0113002   -0.012203
  -0.010297   0.0113002           0  0.00400078
-0.00530498    0.012203 -0.00400078           0
Repeater1[0]<--->HoM1[0]
REAL
   0.436869 -0.00697218 -0.00170048    0.387308
-0.00697218   0.0694444   0.0233622  0.00418187
-0.00170048   0.0233622   0.0719697  0.00945357
   0.387308  0.00418187  0.00945357    0.421717
IMAGINARY
           0   0.00570054     0.010004    0.0100305
 -0.00570054            0  0.000476329   0.00020008
   -0.010004 -0.000476329            0     0.003143
  -0.0100305  -0.00020008    -0.003143            0
EndNode1[0]<--->Repeater1[0]
REAL
   0.439374   0.0162359 -0.00126256    0.395746
  0.0162359    0.065189   0.0251722  0.00381358
-0.00126256   0.0251722   0.0756193  -0.0111339
   0.395746  0.00381358  -0.0111339    0.419817
IMAGINARY
          0  -0.0019831 -0.00665555   0.0168991
  0.0019831           0  -0.0129517  0.00482405
 0.00665555   0.0129517           0   0.0013726
 -0.0168991 -0.00482405  -0.0013726           0
EndNode2[0]<--->HoM1[0]
REAL
   0.420219  -0.0137615 -0.00682403     0.40106
 -0.0137615   0.0572473   0.0123153  0.00109154
-0.00682403   0.0123153   0.0682095 -0.00216203
    0.40106  0.00109154 -0.00216203    0.454324
IMAGINARY
           0  -0.00612306     0.011177  0.000942072
  0.00612306            0   -0.0139736   -0.0157048
   -0.011177    0.0139736            0  -0.00487306
-0.000942072    0.0157048   0.00487306            0
Repeater1[0]<--->EndNode1[0]
REAL
   0.439374 -0.00126256   0.0162359    0.395746
-0.00126256   0.0756193   0.0251722  -0.0111339
  0.0162359   0.0251722    0.065189  0.00381358
   0.395746  -0.0111339  0.00381358    0.419817
IMAGINARY
          0 -0.00665555  -0.0019831   0.0168991
 0.00665555           0   0.0129517   0.0013726
  0.0019831  -0.0129517           0  0.00482405
 -0.0168991  -0.0013726 -0.00482405           0
Repeater1[0]<--->HoM1[0]
REAL
   0.420219 -0.00682403  -0.0137615     0.40106
-0.00682403   0.0682095   0.0123153 -0.00216203
 -0.0137615   0.0123153   0.0572473  0.00109154
    0.40106 -0.00216203  0.00109154    0.454324
IMAGINARY
           0     0.011177  -0.00612306  0.000942072
   -0.011177            0    0.0139736  -0.00487306
  0.00612306   -0.0139736            0   -0.0157048
-0.000942072   0.00487306    0.0157048            0
EndNode1[0]<--->Repeater1[0]
REAL
   0.432193  -0.0092376 -0.00991505    0.392075
 -0.0092376   0.0481622   0.0260831 -0.00926654
-0.00991505   0.0260831   0.0836502  -0.0150591
   0.392075 -0.00926654  -0.0150591    0.435995
IMAGINARY
           0   0.00482986    0.0183512  0.000137623
 -0.00482986            0    -0.032946   -0.0139265
  -0.0183512     0.032946            0  -0.00925464
-0.000137623    0.0139265   0.00925464            0
EndNode2[0]<--->HoM1[0]
REAL
   0.423707   0.0130242  0.00303439    0.400337
  0.0130242   0.0718789   0.0180585 0.000423424
 0.00303439   0.0180585   0.0504414  -0.0247807
   0.400337 0.000423424  -0.0247807    0.453972
IMAGINARY
           0    0.0171387 -0.000767889   -0.0106247
  -0.0171387            0  -0.00460062    -0.014422
 0.000767889   0.00460062            0   -0.0133412
   0.0106247     0.014422    0.0133412            0
Repeater1[0]<--->EndNode1[0]
REAL
   0.432193 -0.00991505  -0.0092376    0.392075
-0.00991505   0.0836502   0.0260831  -0.0150591
 -0.0092376   0.0260831   0.0481622 -0.00926654
   0.392075  -0.0150591 -0.00926654    0.435995
IMAGINARY
           0    0.0183512   0.00482986  0.000137623
  -0.0183512            0     0.032946  -0.00925464
 -0.00482986    -0.032946            0   -0.0139265
-0.000137623   0.00925464    0.0139265            0
Repeater1[0]<--->HoM1[0]
REAL
   0.423707  0.00303439   0.0130242    0.400337
 0.00303439   0.0504414   0.0180585  -0.0247807
  0.0130242   0.0180585   0.0718789 0.000423424
   0.400337  -0.0247807 0.000423424    0.453972
IMAGINARY
           0 -0.000767889    0.0171387   -0.0106247
 0.000767889            0   0.00460062   -0.0133412
  -0.0171387  -0.00460062            0    -0.014422
   0.0106247    0.0133412     0.014422            0
EndNode1[0]<--->Repeater1[0]
REAL
       0.435 -0.000625215    0.0218349     0.394479
-0.000625215      0.06625     0.025627   0.00546207
   0.0218349     0.025627      0.06375    0.0146066
    0.394479   0.00546207    0.0146066        0.435
IMAGINARY
           0  -0.00330802     0.019507   0.00463263
  0.00330802            0 -0.000835166  -0.00626617
   -0.019507  0.000835166            0   -0.0200211
 -0.00463263   0.00626617    0.0200211            0
EndNode2[0]<--->HoM1[0]
REAL
   0.414787  -0.0179963  -0.0111751    0.400115
 -0.0179963   0.0701754   0.0280834 -0.00449065
 -0.0111751   0.0280834   0.0651629  0.00885792
   0.400115 -0.00449065  0.00885792    0.449875
IMAGINARY
          0    0.016959 -0.00252995 -0.00133369
  -0.016959           0 -0.00826938  0.00121069
 0.00252995  0.00826938           0 -0.00376639
 0.00133369 -0.00121069  0.00376639           0
Repeater1[0]<--->EndNode1[0]
REAL
       0.435    0.0218349 -0.000625215     0.394479
   0.0218349      0.06375     0.025627    0.0146066
-0.000625215     0.025627      0.06625   0.00546207
    0.394479    0.0146066   0.00546207        0.435
IMAGINARY
           0     0.019507  -0.00330802   0.00463263
   -0.019507            0  0.000835166   -0.0200211
  0.00330802 -0.000835166            0  -0.00626617
 -0.00463263    0.0200211   0.00626617            0
Repeater1[0]<--->HoM1[0]
REAL
   0.414787  -0.0111751  -0.0179963    0.400115
 -0.0111751   0.0651629   0.0280834  0.00885792
 -0.0179963   0.0280834   0.0701754 -0.00449065
   0.400115  0.00885792 -0.00449065    0.449875
IMAGINARY
          0 -0.00252995    0.016959 -0.00133369
 0.00252995           0  0.00826938 -0.00376639
  -0.016959 -0.00826938           0  0.00121069
 0.00133369  0.00376639 -0.00121069           0
EndNode1[0]<--->Repeater1[0]
REAL
  0.456376  0.0136668 -0.0131407   0.389297
 0.0136668  0.0456376   0.017039  0.0172729
-0.0131407   0.017039  0.0630872 -0.0122894
  0.389297  0.0172729 -0.0122894   0.434899
IMAGINARY
          0 -0.00667166  0.00970889  0.00301984
 0.00667166           0  0.00420749    0.021904
-0.00970889 -0.00420749           0  -0.0262316
