source<--->HoM
REAL
    0.450597 -0.000478818  -0.00102858     0.454615
-0.000478818    0.0462944    0.0453848   0.00033234
 -0.00102858    0.0453848    0.0464878 -0.000217425
    0.454615   0.00033234 -0.000217425     0.456621
IMAGINARY
           0  -0.00250541   0.00064086  0.000792358
  0.00250541            0  0.000551322   0.00239582
 -0.00064086 -0.000551322            0 -0.000170478
-0.000792358  -0.00239582  0.000170478            0
target<--->HoM
REAL
    0.450597  -0.00102858 -0.000478818     0.454615
 -0.00102858    0.0464878    0.0453848 -0.000217425
-0.000478818    0.0453848    0.0462944   0.00033234
    0.454615 -0.000217425   0.00033234     0.456621
IMAGINARY
           0   0.00064086  -0.00250541  0.000792358
 -0.00064086            0 -0.000551322 -0.000170478
  0.00250541  0.000551322            0   0.00239582
-0.000792358  0.000170478  -0.00239582            0
source<--->HoM
REAL
   0.468755  0.00791066 -0.00163129    0.444609
 0.00791066   0.0286723 0.000590139   0.0050274
-0.00163129 0.000590139   0.0282311 -0.00466891
   0.444609   0.0050274 -0.00466891    0.474342
IMAGINARY
           0 -0.000903523   0.00315629  -0.00302163
 0.000903523            0    0.0120936   0.00391501
 -0.00315629   -0.0120936            0  -0.00646242
  0.00302163  -0.00391501   0.00646242            0
target<--->HoM
REAL
   0.468755 -0.00163129  0.00791066    0.444609
-0.00163129   0.0282311 0.000590139 -0.00466891
 0.00791066 0.000590139   0.0286723   0.0050274
   0.444609 -0.00466891   0.0050274    0.474342
IMAGINARY
           0   0.00315629 -0.000903523  -0.00302163
 -0.00315629            0   -0.0120936  -0.00646242
 0.000903523    0.0120936            0   0.00391501
  0.00302163   0.00646242  -0.00391501            0
source<--->HoM
REAL
   0.296948 0.000667222  0.00677631    0.104889
0.000667222    0.201473  0.00146098 -0.00327356
 0.00677631  0.00146098    0.202225  -0.0050643
   0.104889 -0.00327356  -0.0050643    0.299353
IMAGINARY
           0   0.00735205  0.000233225  -0.00249468
 -0.00735205            0 -0.000330178   0.00334353
-0.000233225  0.000330178            0   0.00352724
  0.00249468  -0.00334353  -0.00352724            0
target<--->HoM
REAL
   0.296948  0.00677631 0.000667222    0.104889
 0.00677631    0.202225  0.00146098  -0.0050643
0.000667222  0.00146098    0.201473 -0.00327356
   0.104889  -0.0050643 -0.00327356    0.299353
IMAGINARY
           0  0.000233225   0.00735205  -0.00249468
-0.000233225            0  0.000330178   0.00352724
 -0.00735205 -0.000330178            0   0.00334353
  0.00249468  -0.00352724  -0.00334353            0
source<--->HoM
REAL
   0.296948 0.000667222  0.00677631    0.104889
0.000667222    0.201473  0.00146098 -0.00327356
 0.00677631  0.00146098    0.202225  -0.0050643
   0.104889 -0.00327356  -0.0050643    0.299353
IMAGINARY
           0   0.00735205  0.000233225  -0.00249468
 -0.00735205            0 -0.000330178   0.00334353
-0.000233225  0.000330178            0   0.00352724
  0.00249468  -0.00334353  -0.00352724            0
target<--->HoM
REAL
   0.296948  0.00677631 0.000667222    0.104889
 0.00677631    0.202225  0.00146098  -0.0050643
0.000667222  0.00146098    0.201473 -0.00327356
   0.104889  -0.0050643 -0.00327356    0.299353
IMAGINARY
           0  0.000233225   0.00735205  -0.00249468
-0.000233225            0  0.000330178   0.00352724
 -0.00735205 -0.000330178            0   0.00334353
  0.00249468  -0.00352724  -0.00334353            0
source<--->HoM
REAL
     0.50278 -4.94991e-06 -0.000941174          0.5
-4.94991e-06            0            0    0.0023661
-0.000941174            0            0   0.00142988
         0.5    0.0023661   0.00142988      0.49722
IMAGINARY
          0 -0.00113423 -0.00644196  0.00400426
 0.00113423           0 -0.00408059  0.00279676
 0.00644196  0.00408059           0  0.00477943
-0.00400426 -0.00279676 -0.00477943           0
target<--->HoM
REAL
     0.50278 -0.000941174 -4.94991e-06          0.5
-0.000941174            0            0   0.00142988
-4.94991e-06            0            0    0.0023661
         0.5   0.00142988    0.0023661      0.49722
IMAGINARY
          0 -0.00644196 -0.00113423  0.00400426
 0.00644196           0  0.00408059  0.00477943
 0.00113423 -0.00408059           0  0.00279676
-0.00400426 -0.00477943 -0.00279676           0
