EndNode1[0]<--->Repeater1[0]
REAL
    0.272329  0.000913386 -8.73673e-05    0.0432928
 0.000913386       0.2271   0.00137327   0.00119524
-8.73673e-05   0.00137327     0.228368  0.000545758
   0.0432928   0.00119524  0.000545758     0.272203
IMAGINARY
           0  0.000358478 -0.000184826  -0.00070011
-0.000358478            0 -0.000578524  0.000369652
 0.000184826  0.000578524            0 -0.000651495
  0.00070011 -0.000369652  0.000651495            0
EndNode2[0]<--->HoM1[0]
REAL
   0.272562  0.00152748 2.87256e-06   0.0440506
 0.00152748    0.228104  0.00106815 0.000895907
2.87256e-06  0.00106815    0.227357   0.0013576
  0.0440506 0.000895907   0.0013576    0.271977
IMAGINARY
           0   0.00197004   0.00135285   0.00100974
 -0.00197004            0  0.000116539  0.000380492
 -0.00135285 -0.000116539            0 -0.000362759
 -0.00100974 -0.000380492  0.000362759            0
Repeater1[0]<--->EndNode1[0]
REAL
    0.272329 -8.73673e-05  0.000913386    0.0432928
-8.73673e-05     0.228368   0.00137327  0.000545758
 0.000913386   0.00137327       0.2271   0.00119524
   0.0432928  0.000545758   0.00119524     0.272203
IMAGINARY
           0 -0.000184826  0.000358478  -0.00070011
 0.000184826            0  0.000578524 -0.000651495
-0.000358478 -0.000578524            0  0.000369652
  0.00070011  0.000651495 -0.000369652            0
Repeater1[0]<--->HoM1[0]
REAL
   0.272562 2.87256e-06  0.00152748   0.0440506
2.87256e-06    0.227357  0.00106815   0.0013576
 0.00152748  0.00106815    0.228104 0.000895907
  0.0440506   0.0013576 0.000895907    0.271977
IMAGINARY
           0   0.00135285   0.00197004   0.00100974
 -0.00135285            0 -0.000116539 -0.000362759
 -0.00197004  0.000116539            0  0.000380492
 -0.00100974  0.000362759 -0.000380492            0
