EndNode[0]<--->HoM[0]
REAL
   0.515933  -0.0129598 -0.00697414         0.5
 -0.0129598           0           0  -0.0124949
-0.00697414           0           0 -0.00650919
        0.5  -0.0124949 -0.00650919    0.484067
IMAGINARY
          0  -0.0028402  0.00345874 -0.00462044
  0.0028402           0   0.0032871    0.001625
-0.00345874  -0.0032871           0 -0.00224354
 0.00462044   -0.001625  0.00224354           0
EndNode[1]<--->HoM[9]
REAL
   0.501516 0.000147474  0.00339491         0.5
0.000147474           0           0 -0.00400467
 0.00339491           0           0 -0.00075723
        0.5 -0.00400467 -0.00075723    0.498484
IMAGINARY
           0  0.000523215  -0.00658902   -0.0133728
-0.000523215            0  -0.00761554   0.00612535
  0.00658902   0.00761554            0  -5.9536e-05
   0.0133728  -0.00612535   5.9536e-05            0
repeater[0]<--->HoM[0]
REAL
   0.515933 -0.00697414  -0.0129598         0.5
-0.00697414           0           0 -0.00650919
 -0.0129598           0           0  -0.0124949
        0.5 -0.00650919  -0.0124949    0.484067
IMAGINARY
          0  0.00345874  -0.0028402 -0.00462044
-0.00345874           0  -0.0032871 -0.00224354
  0.0028402   0.0032871           0    0.001625
 0.00462044  0.00224354   -0.001625           0
repeater[0]<--->HoM[1]
REAL
    0.504681 -0.000833176   0.00254896          0.5
-0.000833176            0            0   0.00163265
  0.00254896            0            0   0.00501478
         0.5   0.00163265   0.00501478     0.495319
IMAGINARY
          0   0.0102182  0.00437596 -0.00100515
 -0.0102182           0 -0.00190985 -0.00542796
-0.00437596  0.00190985           0 -0.00916622
 0.00100515  0.00542796  0.00916622           0
repeater[1]<--->HoM[1]
REAL
    0.504681   0.00254896 -0.000833176          0.5
  0.00254896            0            0   0.00501478
-0.000833176            0            0   0.00163265
         0.5   0.00501478   0.00163265     0.495319
IMAGINARY
          0  0.00437596   0.0102182 -0.00100515
-0.00437596           0  0.00190985 -0.00916622
 -0.0102182 -0.00190985           0 -0.00542796
 0.00100515  0.00916622  0.00542796           0
repeater[1]<--->HoM[2]
REAL
   0.494968 -0.00310027 -0.00126904         0.5
-0.00310027           0           0 -0.00126904
-0.00126904           0           0 0.000562198
        0.5 -0.00126904 0.000562198    0.505032
IMAGINARY
           0  0.000103993   0.00436252   0.00371917
-0.000103993            0   0.00180909   0.00406614
 -0.00436252  -0.00180909            0  -0.00853265
 -0.00371917  -0.00406614   0.00853265            0
repeater[2]<--->HoM[2]
REAL
   0.494968 -0.00126904 -0.00310027         0.5
-0.00126904           0           0 0.000562198
-0.00310027           0           0 -0.00126904
        0.5 0.000562198 -0.00126904    0.505032
IMAGINARY
           0   0.00436252  0.000103993   0.00371917
 -0.00436252            0  -0.00180909  -0.00853265
-0.000103993   0.00180909            0   0.00406614
 -0.00371917   0.00853265  -0.00406614            0
repeater[2]<--->HoM[3]
REAL
   0.500451 -0.00446333  0.00219673         0.5
-0.00446333           0           0  0.00424232
 0.00219673           0           0   0.0109024
        0.5  0.00424232   0.0109024    0.499549
IMAGINARY
          0 -0.00794996  0.00243395 -0.00657444
 0.00794996           0 -0.00568476 -0.00527231
-0.00243395  0.00568476           0   0.0107883
 0.00657444  0.00527231  -0.0107883           0
repeater[3]<--->HoM[3]
REAL
   0.500451  0.00219673 -0.00446333         0.5
 0.00219673           0           0   0.0109024
-0.00446333           0           0  0.00424232
        0.5   0.0109024  0.00424232    0.499549
IMAGINARY
          0  0.00243395 -0.00794996 -0.00657444
-0.00243395           0  0.00568476   0.0107883
 0.00794996 -0.00568476           0 -0.00527231
 0.00657444  -0.0107883  0.00527231           0
repeater[3]<--->HoM[4]
REAL
     0.4997 1.36108e-05 -0.00114671         0.5
1.36108e-05           0           0 -0.00429136
-0.00114671           0           0 -0.00545168
        0.5 -0.00429136 -0.00545168      0.5003
IMAGINARY
           0  0.000346366   0.00782684   -0.0131122
-0.000346366            0  -0.00496006  -0.00540846
 -0.00782684   0.00496006            0  -0.00276475
   0.0131122   0.00540846   0.00276475            0
repeater[4]<--->HoM[4]
REAL
     0.4997 -0.00114671 1.36108e-05         0.5
-0.00114671           0           0 -0.00545168
1.36108e-05           0           0 -0.00429136
        0.5 -0.00545168 -0.00429136      0.5003
IMAGINARY
           0   0.00782684  0.000346366   -0.0131122
 -0.00782684            0   0.00496006  -0.00276475
-0.000346366  -0.00496006            0  -0.00540846
   0.0131122   0.00276475   0.00540846            0
repeater[4]<--->HoM[5]
REAL
    0.510204  -0.00111441 -0.000918581          0.5
 -0.00111441            0            0   0.00121426
-0.000918581            0            0   0.00141009
         0.5   0.00121426   0.00141009     0.489796
IMAGINARY
          0 -0.00554832 -0.00165501   0.0102825
 0.00554832           0 -0.00459574  0.00348094
 0.00165501  0.00459574           0  0.00372239
 -0.0102825 -0.00348094 -0.00372239           0
repeater[5]<--->HoM[5]
REAL
    0.510204 -0.000918581  -0.00111441          0.5
-0.000918581            0            0   0.00141009
 -0.00111441            0            0   0.00121426
         0.5   0.00141009   0.00121426     0.489796
IMAGINARY
          0 -0.00165501 -0.00554832   0.0102825
 0.00165501           0  0.00459574  0.00372239
 0.00554832 -0.00459574           0  0.00348094
 -0.0102825 -0.00372239 -0.00348094           0
repeater[5]<--->HoM[6]
REAL
    0.511649  -0.00609627  0.000221497          0.5
 -0.00609627            0            0 -6.83579e-05
 0.000221497            0            0   0.00624941
         0.5 -6.83579e-05   0.00624941     0.488351
IMAGINARY
          0 -0.00539809 -0.00410309  -0.0039312
 0.00539809           0 -0.00148172   0.0123837
 0.00410309  0.00148172           0 -0.00288255
  0.0039312  -0.0123837  0.00288255           0
repeater[6]<--->HoM[6]
REAL
    0.511649  0.000221497  -0.00609627          0.5
 0.000221497            0            0   0.00624941
 -0.00609627            0            0 -6.83579e-05
         0.5   0.00624941 -6.83579e-05     0.488351
IMAGINARY
          0 -0.00410309 -0.00539809  -0.0039312
 0.00410309           0  0.00148172 -0.00288255
 0.00539809 -0.00148172           0   0.0123837
  0.0039312  0.00288255  -0.0123837           0
repeater[6]<--->HoM[7]
REAL
   0.494013 -0.00480123  0.00484525         0.5
-0.00480123           0           0 -0.00235331
 0.00484525           0           0  0.00729317
        0.5 -0.00235331  0.00729317    0.505987
IMAGINARY
           0  0.000277204   -0.0035644    0.0067804
-0.000277204            0   0.00538505    0.0080635
   0.0035644  -0.00538505            0   -0.0047763
  -0.0067804   -0.0080635    0.0047763            0
repeater[7]<--->HoM[7]
REAL
   0.494013  0.00484525 -0.00480123         0.5
 0.00484525           0           0  0.00729317
-0.00480123           0           0 -0.00235331
        0.5  0.00729317 -0.00235331    0.505987
IMAGINARY
           0   -0.0035644  0.000277204    0.0067804
   0.0035644            0  -0.00538505   -0.0047763
-0.000277204   0.00538505            0    0.0080635
  -0.0067804    0.0047763   -0.0080635            0
repeater[7]<--->HoM[8]
REAL
        0.5  -0.0045372  0.00931313         0.5
 -0.0045372           0           0 -0.00752741
 0.00931313           0           0  0.00632292
        0.5 -0.00752741  0.00632292         0.5
IMAGINARY
           0  -0.00266499   0.00172562  0.000423892
  0.00266499            0   0.00321027  0.000676778
 -0.00172562  -0.00321027            0  0.000262589
-0.000423892 -0.000676778 -0.000262589            0
repeater[8]<--->HoM[8]
REAL
        0.5  0.00931313  -0.0045372         0.5
 0.00931313           0           0  0.00632292
 -0.0045372           0           0 -0.00752741
        0.5  0.00632292 -0.00752741         0.5
IMAGINARY
           0   0.00172562  -0.00266499  0.000423892
 -0.00172562            0  -0.00321027  0.000262589
  0.00266499   0.00321027            0  0.000676778
-0.000423892 -0.000262589 -0.000676778            0
repeater[8]<--->HoM[9]
REAL
   0.501516  0.00339491 0.000147474         0.5
 0.00339491           0           0 -0.00075723
0.000147474           0           0 -0.00400467
        0.5 -0.00075723 -0.00400467    0.498484
IMAGINARY
           0  -0.00658902  0.000523215   -0.0133728
  0.00658902            0   0.00761554  -5.9536e-05
-0.000523215  -0.00761554            0   0.00612535
   0.0133728   5.9536e-05  -0.00612535            0
