Router1[0]<--->Router2[0]
REAL
    0.426895   0.00134055     0.014652     0.335791
  0.00134055    0.0875451   0.00612072 -0.000865238
    0.014652   0.00612072    0.0676895     0.010608
    0.335791 -0.000865238     0.010608      0.41787
IMAGINARY
          0  -0.0134842  0.00693129 -0.00253951
  0.0134842           0   0.0139342 -0.00235253
-0.00693129  -0.0139342           0  0.00524242
 0.00253951  0.00235253 -0.00524242           0
Router1[0]<--->Router3[0]
REAL
   0.396396  -0.0166241 -0.00906771    0.338831
 -0.0166241   0.0801802  -0.0112123  -0.0219796
-0.00906771  -0.0112123   0.0873874  -0.0218374
   0.338831  -0.0219796  -0.0218374    0.436036
IMAGINARY
           0   -0.0189287    0.0069836    0.0153853
   0.0189287            0  0.000337989  -0.00655515
  -0.0069836 -0.000337989            0    0.0056468
  -0.0153853   0.00655515   -0.0056468            0
Router1[0]<--->Router4[0]
REAL
    0.416376  -0.00797219  -0.00743364     0.324091
 -0.00797219    0.0783972  -0.00318182   0.00379727
 -0.00743364  -0.00318182    0.0801394 -0.000209631
    0.324091   0.00379727 -0.000209631     0.425087
IMAGINARY
           0  0.000404687  0.000333447   0.00489248
-0.000404687            0   0.00792804   -0.0212425
-0.000333447  -0.00792804            0    0.0186862
 -0.00489248    0.0212425   -0.0186862            0
Router1[0]<--->Router5[0]
REAL
   0.402408 -0.00206584  -0.0106499    0.316659
-0.00206584    0.105761 -0.00907093   0.0156182
 -0.0106499 -0.00907093    0.094583  0.00613088
   0.316659   0.0156182  0.00613088    0.397248
IMAGINARY
          0    0.020431  0.00379126 -0.00798889
  -0.020431           0 -0.00452269 -0.00379126
-0.00379126  0.00452269           0  -0.0231682
 0.00798889  0.00379126   0.0231682           0
Router2[0]<--->HoM1[0]
REAL
   0.418295 -0.00539502 -0.00158628    0.327307
-0.00539502   0.0825933  0.00200617  -0.0104731
-0.00158628  0.00200617    0.079929  0.00261209
   0.327307  -0.0104731  0.00261209    0.419183
IMAGINARY
          0  0.00567655  0.00396875  -0.0203228
-0.00567655           0   0.0117873 -0.00999285
-0.00396875  -0.0117873           0   0.0029293
  0.0203228  0.00999285  -0.0029293           0
Router2[0]<--->Router5[0]
REAL
   0.432056   0.0149743  -0.0046997    0.336805
  0.0149743   0.0827526 0.000425378 -0.00789022
 -0.0046997 0.000425378   0.0722997   -0.014075
   0.336805 -0.00789022   -0.014075    0.412892
IMAGINARY
          0  0.00838663  0.00964304  0.00260217
-0.00838663           0 -0.00661644 -0.00746723
-0.00964304  0.00661644           0 -0.00882179
-0.00260217  0.00746723  0.00882179           0
Router2[0]<--->Router1[0]
REAL
    0.426895     0.014652   0.00134055     0.335791
    0.014652    0.0676895   0.00612072     0.010608
  0.00134055   0.00612072    0.0875451 -0.000865238
    0.335791     0.010608 -0.000865238      0.41787
IMAGINARY
          0  0.00693129  -0.0134842 -0.00253951
-0.00693129           0  -0.0139342  0.00524242
  0.0134842   0.0139342           0 -0.00235253
 0.00253951 -0.00524242  0.00235253           0
Router3[0]<--->Router1[0]
REAL
   0.396396 -0.00906771  -0.0166241    0.338831
-0.00906771   0.0873874  -0.0112123  -0.0218374
 -0.0166241  -0.0112123   0.0801802  -0.0219796
   0.338831  -0.0218374  -0.0219796    0.436036
IMAGINARY
           0    0.0069836   -0.0189287    0.0153853
  -0.0069836            0 -0.000337989    0.0056468
   0.0189287  0.000337989            0  -0.00655515
  -0.0153853   -0.0056468   0.00655515            0
Router3[0]<--->HoM1[0]
REAL
   0.418295 -0.00158628 -0.00539502    0.327307
-0.00158628    0.079929  0.00200617  0.00261209
-0.00539502  0.00200617   0.0825933  -0.0104731
   0.327307  0.00261209  -0.0104731    0.419183
IMAGINARY
          0  0.00396875  0.00567655  -0.0203228
-0.00396875           0  -0.0117873   0.0029293
-0.00567655   0.0117873           0 -0.00999285
  0.0203228  -0.0029293  0.00999285           0
Router3[0]<--->Router4[0]
REAL
   0.351986   -0.011588  0.00995268    0.242283
  -0.011588    0.142599  0.00109581  -0.0104093
 0.00995268  0.00109581    0.134477 -0.00439375
   0.242283  -0.0104093 -0.00439375    0.370939
IMAGINARY
          0   0.0175912 -0.00836716  0.00960855
 -0.0175912           0   0.0163714  0.00558423
 0.00836716  -0.0163714           0 -0.00645945
-0.00960855 -0.00558423  0.00645945           0
Router5[0]<--->Router1[0]
REAL
   0.402408  -0.0106499 -0.00206584    0.316659
 -0.0106499    0.094583 -0.00907093  0.00613088
-0.00206584 -0.00907093    0.105761   0.0156182
   0.316659  0.00613088   0.0156182    0.397248
IMAGINARY
          0  0.00379126    0.020431 -0.00798889
-0.00379126           0  0.00452269  -0.0231682
  -0.020431 -0.00452269           0 -0.00379126
 0.00798889   0.0231682  0.00379126           0
Router5[0]<--->Router2[0]
REAL
   0.432056  -0.0046997   0.0149743    0.336805
 -0.0046997   0.0722997 0.000425378   -0.014075
  0.0149743 0.000425378   0.0827526 -0.00789022
   0.336805   -0.014075 -0.00789022    0.412892
IMAGINARY
          0  0.00964304  0.00838663  0.00260217
-0.00964304           0  0.00661644 -0.00882179
-0.00838663 -0.00661644           0 -0.00746723
-0.00260217  0.00882179  0.00746723           0
Router5[0]<--->Router4[0]
REAL
   0.42633 -0.0110571 0.00729634   0.326506
-0.0110571  0.0749782  0.0126614 -0.0106076
0.00729634  0.0126614    0.07585 -0.0149599
  0.326506 -0.0106076 -0.0149599   0.422842
IMAGINARY
           0  -0.00402932   -0.0261463  0.000702433
  0.00402932            0   0.00160171   0.00884041
   0.0261463  -0.00160171            0   0.00730341
-0.000702433  -0.00884041  -0.00730341            0
Router4[0]<--->Router5[0]
REAL
   0.42633 0.00729634 -0.0110571   0.326506
0.00729634    0.07585  0.0126614 -0.0149599
-0.0110571  0.0126614  0.0749782 -0.0106076
  0.326506 -0.0149599 -0.0106076   0.422842
IMAGINARY
           0   -0.0261463  -0.00402932  0.000702433
   0.0261463            0  -0.00160171   0.00730341
  0.00402932   0.00160171            0   0.00884041
-0.000702433  -0.00730341  -0.00884041            0
Router4[0]<--->Router1[0]
REAL
    0.416376  -0.00743364  -0.00797219     0.324091
 -0.00743364    0.0801394  -0.00318182 -0.000209631
 -0.00797219  -0.00318182    0.0783972   0.00379727
    0.324091 -0.000209631   0.00379727     0.425087
IMAGINARY
           0  0.000333447  0.000404687   0.00489248
-0.000333447            0  -0.00792804    0.0186862
-0.000404687   0.00792804            0   -0.0212425
 -0.00489248   -0.0186862    0.0212425            0
Router4[0]<--->Router3[0]
REAL
   0.351986  0.00995268   -0.011588    0.242283
 0.00995268    0.134477  0.00109581 -0.00439375
  -0.011588  0.00109581    0.142599  -0.0104093
   0.242283 -0.00439375  -0.0104093    0.370939
IMAGINARY
          0 -0.00836716   0.0175912  0.00960855
 0.00836716           0  -0.0163714 -0.00645945
 -0.0175912   0.0163714           0  0.00558423
-0.00960855  0.00645945 -0.00558423           0





