EndNode1[0]<--->Repeater1[0]
REAL
  0.463938 0.00169173  0.0180081   0.353576
0.00169173  0.0623782 0.00920555 -0.0104893
 0.0180081 0.00920555  0.0662768  0.0227444
  0.353576 -0.0104893  0.0227444   0.407407
IMAGINARY
          0    0.033125  -0.0119942  -0.0152038
  -0.033125           0  -0.0109156  -0.0211183
  0.0119942   0.0109156           0 -0.00332364
  0.0152038   0.0211183  0.00332364           0
EndNode2[0]<--->HoM1[0]
REAL
   0.435701 -0.00763632   0.0246352    0.348548
-0.00763632   0.0786948 -0.00751274  0.00586387
  0.0246352 -0.00751274   0.0479846  0.00486368
   0.348548  0.00586387  0.00486368     0.43762
IMAGINARY
          0  -0.0139678 -0.00220513  -0.0150274
  0.0139678           0 -0.00497258   0.0154627
 0.00220513  0.00497258           0   0.0120739
  0.0150274  -0.0154627  -0.0120739           0
Repeater1[0]<--->EndNode1[0]
REAL
  0.463938  0.0180081 0.00169173   0.353576
 0.0180081  0.0662768 0.00920555  0.0227444
0.00169173 0.00920555  0.0623782 -0.0104893
  0.353576  0.0227444 -0.0104893   0.407407
IMAGINARY
          0  -0.0119942    0.033125  -0.0152038
  0.0119942           0   0.0109156 -0.00332364
  -0.033125  -0.0109156           0  -0.0211183
  0.0152038  0.00332364   0.0211183           0
Repeater1[0]<--->HoM1[0]
REAL
   0.435701   0.0246352 -0.00763632    0.348548
  0.0246352   0.0479846 -0.00751274  0.00486368
-0.00763632 -0.00751274   0.0786948  0.00586387
   0.348548  0.00486368  0.00586387     0.43762
IMAGINARY
          0 -0.00220513  -0.0139678  -0.0150274
 0.00220513           0  0.00497258   0.0120739
  0.0139678 -0.00497258           0   0.0154627
  0.0150274  -0.0120739  -0.0154627           0
EndNode1[0]<--->Repeater1[0]
REAL
   0.456998   0.0158303 -0.00783577    0.348921
  0.0158303   0.0623946  0.00877885 -0.00873343
-0.00783577  0.00877885   0.0674536  -0.0148556
   0.348921 -0.00873343  -0.0148556    0.413153
IMAGINARY
          0  -0.0340573   0.0230624 -0.00842017
  0.0340573           0   0.0176021  -0.0115171
 -0.0230624  -0.0176021           0    0.022512
 0.00842017   0.0115171   -0.022512           0
EndNode2[0]<--->HoM1[0]
REAL
  0.430034 0.00925926  0.0178124   0.340456
0.00925926  0.0580205 0.00944604  0.0046048
 0.0178124 0.00944604  0.0853242  0.0268031
  0.340456  0.0046048  0.0268031   0.426621
IMAGINARY
          0  -0.0133397 -0.00909672 -0.00938384
  0.0133397           0 -0.00761079  -0.0118092
 0.00909672  0.00761079           0   0.0220505
 0.00938384   0.0118092  -0.0220505           0
Repeater1[0]<--->EndNode1[0]
REAL
   0.456998 -0.00783577   0.0158303    0.348921
-0.00783577   0.0674536  0.00877885  -0.0148556
  0.0158303  0.00877885   0.0623946 -0.00873343
   0.348921  -0.0148556 -0.00873343    0.413153
IMAGINARY
          0   0.0230624  -0.0340573 -0.00842017
 -0.0230624           0  -0.0176021    0.022512
  0.0340573   0.0176021           0  -0.0115171
 0.00842017   -0.022512   0.0115171           0
Repeater1[0]<--->HoM1[0]
REAL
  0.430034  0.0178124 0.00925926   0.340456
 0.0178124  0.0853242 0.00944604  0.0268031
0.00925926 0.00944604  0.0580205  0.0046048
  0.340456  0.0268031  0.0046048   0.426621
IMAGINARY
          0 -0.00909672  -0.0133397 -0.00938384
 0.00909672           0  0.00761079   0.0220505
  0.0133397 -0.00761079           0  -0.0118092
 0.00938384  -0.0220505   0.0118092           0
EndNode1[0]<--->Repeater1[0]
REAL
    0.42487 -0.00617042   0.0192799    0.350666
-0.00617042   0.0759931  -0.0254405 -0.00576643
  0.0192799  -0.0254405   0.0777202  -0.0145503
   0.350666 -0.00576643  -0.0145503    0.421416
IMAGINARY
          0   0.0100105    0.017177   0.0162894
 -0.0100105           0 -0.00568866  0.00140706
  -0.017177  0.00568866           0  -0.0108954
 -0.0162894 -0.00140706   0.0108954           0
EndNode2[0]<--->HoM1[0]
REAL
  0.420074 -0.0165626 -0.0040395   0.352958
-0.0165626  0.0669145 -0.0199236 -0.0040395
-0.0040395 -0.0199236  0.0762082  -0.022037
  0.352958 -0.0040395  -0.022037   0.436803
IMAGINARY
           0    0.0154807  -0.00474696   -0.0131604
  -0.0154807            0   0.00636425 -0.000337787
  0.00474696  -0.00636425            0   -0.0188705
   0.0131604  0.000337787    0.0188705            0
Repeater1[0]<--->EndNode1[0]
REAL
    0.42487   0.0192799 -0.00617042    0.350666
  0.0192799   0.0777202  -0.0254405  -0.0145503
-0.00617042  -0.0254405   0.0759931 -0.00576643
   0.350666  -0.0145503 -0.00576643    0.421416
IMAGINARY
          0    0.017177   0.0100105   0.0162894
  -0.017177           0  0.00568866  -0.0108954
 -0.0100105 -0.00568866           0  0.00140706
 -0.0162894   0.0108954 -0.00140706           0
Repeater1[0]<--->HoM1[0]
REAL
  0.420074 -0.0040395 -0.0165626   0.352958
-0.0040395  0.0762082 -0.0199236  -0.022037
-0.0165626 -0.0199236  0.0669145 -0.0040395
  0.352958  -0.022037 -0.0040395   0.436803
IMAGINARY
           0  -0.00474696    0.0154807   -0.0131604
  0.00474696            0  -0.00636425   -0.0188705
  -0.0154807   0.00636425            0 -0.000337787
   0.0131604    0.0188705  0.000337787            0
EndNode1[0]<--->Repeater1[0]
REAL
  0.463196 0.00407598 -0.0131333   0.360688
0.00407598  0.0610413 -0.0131698  0.0166794
-0.0131333 -0.0131698  0.0789946  0.0136545
  0.360688  0.0166794  0.0136545   0.396768
IMAGINARY
           0    0.0123959   -0.0120241   -0.0127605
  -0.0123959            0 -0.000701085   -0.0163123
   0.0120241  0.000701085            0  -0.00051289
   0.0127605    0.0163123   0.00051289            0
EndNode2[0]<--->HoM1[0]
REAL
   0.451098   0.0171753   0.0244239    0.364009
  0.0171753   0.0578842 -0.00265742  0.00590539
  0.0244239 -0.00265742   0.0698603 -0.00417702
   0.364009  0.00590539 -0.00417702    0.421158
IMAGINARY
           0   -0.0152054   -0.0138462 -0.000449983
   0.0152054            0  -0.00325372   0.00615385
   0.0138462   0.00325372            0  -0.00445272
 0.000449983  -0.00615385   0.00445272            0
Repeater1[0]<--->EndNode1[0]
REAL
  0.463196 -0.0131333 0.00407598   0.360688
-0.0131333  0.0789946 -0.0131698  0.0136545
0.00407598 -0.0131698  0.0610413  0.0166794
  0.360688  0.0136545  0.0166794   0.396768
IMAGINARY
           0   -0.0120241    0.0123959   -0.0127605
   0.0120241            0  0.000701085  -0.00051289
  -0.0123959 -0.000701085            0   -0.0163123
   0.0127605   0.00051289    0.0163123            0
Repeater1[0]<--->HoM1[0]
REAL
   0.451098   0.0244239   0.0171753    0.364009
  0.0244239   0.0698603 -0.00265742 -0.00417702
  0.0171753 -0.00265742   0.0578842  0.00590539
   0.364009 -0.00417702  0.00590539    0.421158
IMAGINARY
           0   -0.0138462   -0.0152054 -0.000449983
   0.0138462            0   0.00325372  -0.00445272
   0.0152054  -0.00325372            0   0.00615385
 0.000449983   0.00445272  -0.00615385            0
EndNode1[0]<--->Repeater1[0]
REAL
   0.441331   0.0114502  0.00366447    0.347905
  0.0114502    0.112084 -0.00273224   0.0154612
 0.00366447 -0.00273224   0.0823117  0.00949703
   0.347905   0.0154612  0.00949703    0.364273
IMAGINARY
          0  -0.0259346  0.00450878    0.016297
  0.0259346           0  0.00743178   0.0291889
-0.00450878 -0.00743178           0  0.00316593
  -0.016297  -0.0291889 -0.00316593           0
EndNode2[0]<--->HoM1[0]
REAL
   0.441121  -0.0280284  -0.0144818    0.363615
 -0.0280284   0.0766355   0.0101225 -0.00066968
 -0.0144818   0.0101225   0.0747664   0.0179274
   0.363615 -0.00066968   0.0179274    0.407477
IMAGINARY
          0 -0.00530552   0.0107502  -0.0328173
 0.00530552           0 -0.00838121 -0.00649122
 -0.0107502  0.00838121           0  0.00104657
  0.0328173  0.00649122 -0.00104657           0
Repeater1[0]<--->EndNode1[0]
REAL
   0.441331  0.00366447   0.0114502    0.347905
 0.00366447   0.0823117 -0.00273224  0.00949703
  0.0114502 -0.00273224    0.112084   0.0154612
   0.347905  0.00949703   0.0154612    0.364273
IMAGINARY
          0  0.00450878  -0.0259346    0.016297
-0.00450878           0 -0.00743178  0.00316593
  0.0259346  0.00743178           0   0.0291889
  -0.016297 -0.00316593  -0.0291889           0
Repeater1[0]<--->HoM1[0]
REAL
   0.441121  -0.0144818  -0.0280284    0.363615
 -0.0144818   0.0747664   0.0101225   0.0179274
 -0.0280284   0.0101225   0.0766355 -0.00066968
   0.363615   0.0179274 -0.00066968    0.407477
IMAGINARY
          0   0.0107502 -0.00530552  -0.0328173
 -0.0107502           0  0.00838121  0.00104657
 0.00530552 -0.00838121           0 -0.00649122
  0.0328173 -0.00104657  0.00649122           0
EndNode1[0]<--->Repeater1[0]
REAL
     0.40106  -0.00313043   0.00579583     0.358933
 -0.00313043    0.0742049 -0.000586011   0.00853806
  0.00579583 -0.000586011    0.0865724  0.000600916
    0.358933   0.00853806  0.000600916     0.438163
IMAGINARY
          0  -0.0295324 -0.00640593  -0.0166103
  0.0295324           0  0.00279817 -0.00376043
 0.00640593 -0.00279817           0    0.032305
  0.0166103  0.00376043   -0.032305           0
EndNode2[0]<--->HoM1[0]
REAL
   0.415027   0.0192175 -0.00994316    0.350158
  0.0192175   0.0822898  0.00221491   0.0125794
-0.00994316  0.00221491    0.078712 -0.00252159
   0.350158   0.0125794 -0.00252159    0.423971
IMAGINARY
           0    0.0142975    0.0133395 -0.000720791
  -0.0142975            0   -0.0223846    -0.014234
  -0.0133395    0.0223846            0   -0.0116142
 0.000720791     0.014234    0.0116142            0
Repeater1[0]<--->EndNode1[0]
REAL
     0.40106   0.00579583  -0.00313043     0.358933
  0.00579583    0.0865724 -0.000586011  0.000600916
 -0.00313043 -0.000586011    0.0742049   0.00853806
    0.358933  0.000600916   0.00853806     0.438163
IMAGINARY
          0 -0.00640593  -0.0295324  -0.0166103
 0.00640593           0 -0.00279817    0.032305
  0.0295324  0.00279817           0 -0.00376043
  0.0166103   -0.032305  0.00376043           0
Repeater1[0]<--->HoM1[0]
REAL
   0.415027 -0.00994316   0.0192175    0.350158
-0.00994316    0.078712  0.00221491 -0.00252159
  0.0192175  0.00221491   0.0822898   0.0125794
   0.350158 -0.00252159   0.0125794    0.423971
IMAGINARY
           0    0.0133395    0.0142975 -0.000720791
  -0.0133395            0    0.0223846   -0.0116142
  -0.0142975   -0.0223846            0    -0.014234
 0.000720791    0.0116142     0.014234            0
EndNode1[0]<--->Repeater1[0]
REAL
    0.408935  -0.00174824    0.0186436     0.374082
 -0.00174824     0.103093 -0.000192393   -0.0142031
   0.0186436 -0.000192393    0.0652921    0.0186221
    0.374082   -0.0142031    0.0186221      0.42268
IMAGINARY
          0   0.0333008 -0.00660244  -0.0203956
 -0.0333008           0   0.0448965  0.00563532
 0.00660244  -0.0448965           0  -0.0226625
  0.0203956 -0.00563532   0.0226625           0
EndNode2[0]<--->HoM1[0]
REAL
    0.420593    0.0214664 -0.000825359     0.343618
   0.0214664    0.0715532   0.00620537  -0.00447499
-0.000825359   0.00620537    0.0890052   -0.0285336
    0.343618  -0.00447499   -0.0285336     0.418848
IMAGINARY
          0  -0.0356904   0.0478065   0.0116719
  0.0356904           0 -0.00241262  0.00464104
 -0.0478065  0.00241262           0  -0.0115124
 -0.0116719 -0.00464104   0.0115124           0
Repeater1[0]<--->EndNode1[0]
REAL
    0.408935    0.0186436  -0.00174824     0.374082
   0.0186436    0.0652921 -0.000192393    0.0186221
 -0.00174824 -0.000192393     0.103093   -0.0142031
    0.374082    0.0186221   -0.0142031      0.42268
IMAGINARY
          0 -0.00660244   0.0333008  -0.0203956
 0.00660244           0  -0.0448965  -0.0226625
 -0.0333008   0.0448965           0  0.00563532
  0.0203956   0.0226625 -0.00563532           0
Repeater1[0]<--->HoM1[0]
REAL
    0.420593 -0.000825359    0.0214664     0.343618
-0.000825359    0.0890052   0.00620537   -0.0285336
   0.0214664   0.00620537    0.0715532  -0.00447499
    0.343618   -0.0285336  -0.00447499     0.418848
IMAGINARY
          0   0.0478065  -0.0356904   0.0116719
 -0.0478065           0  0.00241262  -0.0115124
  0.0356904 -0.00241262           0  0.00464104
 -0.0116719   0.0115124 -0.00464104           0
EndNode1[0]<--->Repeater1[0]
REAL
   0.425308  0.00726716  0.00117381    0.351116
 0.00726716   0.0650264  -0.0220721 -0.00485028
 0.00117381  -0.0220721   0.0702988  0.00560049
   0.351116 -0.00485028  0.00560049    0.439367
IMAGINARY
          0   0.0159216  -0.0146184  0.00754077
 -0.0159216           0   0.0172684   0.0200532
  0.0146184  -0.0172684           0  -0.0104868
-0.00754077  -0.0200532   0.0104868           0
EndNode2[0]<--->HoM1[0]
REAL
   0.425287 -0.00388737  0.00140564    0.336258
-0.00388737   0.0881226  0.00142856 -0.00886833
 0.00140564  0.00142856   0.0823755   0.0281411
   0.336258 -0.00886833   0.0281411    0.404215
IMAGINARY
           0 -0.000843467   0.00347193  -0.00268518
 0.000843467            0   -0.0129656  -0.00975559
 -0.00347193    0.0129656            0   -0.0215982
  0.00268518   0.00975559    0.0215982            0
Repeater1[0]<--->EndNode1[0]
REAL
   0.425308  0.00117381  0.00726716    0.351116
 0.00117381   0.0702988  -0.0220721  0.00560049
 0.00726716  -0.0220721   0.0650264 -0.00485028
   0.351116  0.00560049 -0.00485028    0.439367
IMAGINARY
          0  -0.0146184   0.0159216  0.00754077
  0.0146184           0  -0.0172684  -0.0104868
 -0.0159216   0.0172684           0   0.0200532
-0.00754077   0.0104868  -0.0200532           0
Repeater1[0]<--->HoM1[0]
REAL
   0.425287  0.00140564 -0.00388737    0.336258
 0.00140564   0.0823755  0.00142856   0.0281411
-0.00388737  0.00142856   0.0881226 -0.00886833
   0.336258   0.0281411 -0.00886833    0.404215
IMAGINARY
           0   0.00347193 -0.000843467  -0.00268518
 -0.00347193            0    0.0129656   -0.0215982
 0.000843467   -0.0129656            0  -0.00975559
  0.00268518    0.0215982   0.00975559            0
EndNode1[0]<--->Repeater1[0]
REAL
   0.405607  -0.0202958  -0.0273859    0.356568
 -0.0202958    0.071028  -0.0120834 -0.00606803
 -0.0273859  -0.0120834   0.0803738  -0.0167747
   0.356568 -0.00606803  -0.0167747    0.442991
IMAGINARY
          0   0.0134242  -0.0255103 -0.00739695
 -0.0134242           0  -0.0109181 -0.00338639
  0.0255103   0.0109181           0  -0.0107972
 0.00739695  0.00338639   0.0107972           0
EndNode2[0]<--->HoM1[0]
REAL
   0.426136  0.00534294    0.021835    0.348652
 0.00534294   0.0492424 -0.00952967 -0.00629568
   0.021835 -0.00952967   0.0643939 -0.00808518
   0.348652 -0.00629568 -0.00808518    0.460227
IMAGINARY
          0 -0.00303901 -0.00664101    0.014508
 0.00303901           0  0.00222064  0.00482283
 0.00664101 -0.00222064           0   0.0194026
  -0.014508 -0.00482283  -0.0194026           0
Repeater1[0]<--->EndNode1[0]
REAL
   0.405607  -0.0273859  -0.0202958    0.356568
 -0.0273859   0.0803738  -0.0120834  -0.0167747
 -0.0202958  -0.0120834    0.071028 -0.00606803
   0.356568  -0.0167747 -0.00606803    0.442991
IMAGINARY
          0  -0.0255103   0.0134242 -0.00739695
  0.0255103           0   0.0109181  -0.0107972
 -0.0134242  -0.0109181           0 -0.00338639
 0.00739695   0.0107972  0.00338639           0
Repeater1[0]<--->HoM1[0]
REAL
   0.426136    0.021835  0.00534294    0.348652
   0.021835   0.0643939 -0.00952967 -0.00808518
 0.00534294 -0.00952967   0.0492424 -0.00629568
   0.348652 -0.00808518 -0.00629568    0.460227
IMAGINARY
          0 -0.00664101 -0.00303901    0.014508
 0.00664101           0 -0.00222064   0.0194026
 0.00303901  0.00222064           0  0.00482283
  -0.014508  -0.0194026 -0.00482283           0
EndNode1[0]<--->Repeater1[0]
REAL
   0.428322  0.00608108 -0.00473214    0.345169
 0.00608108   0.0716783 -0.00628019   0.0306581
-0.00473214 -0.00628019   0.0751748   0.0105856
   0.345169   0.0306581   0.0105856    0.424825
IMAGINARY
          0 -0.00635352  -0.0208148   0.0102758
 0.00635352           0   0.0296128   0.0353076
  0.0208148  -0.0296128           0 -0.00813923
 -0.0102758  -0.0353076  0.00813923           0
EndNode2[0]<--->HoM1[0]
REAL
    0.424354    0.0171965   -0.0110909     0.359822
   0.0171965    0.0608856   -0.0103794 -6.15023e-05
  -0.0110909   -0.0103794    0.0904059   -0.0153378
    0.359822 -6.15023e-05   -0.0153378     0.424354
IMAGINARY
           0    0.0141935   0.00316556   0.00357184
  -0.0141935            0 -3.82697e-05    0.0160301
 -0.00316556  3.82697e-05            0   0.00865843
 -0.00357184   -0.0160301  -0.00865843            0
Repeater1[0]<--->EndNode1[0]
REAL
   0.428322 -0.00473214  0.00608108    0.345169
-0.00473214   0.0751748 -0.00628019   0.0105856
 0.00608108 -0.00628019   0.0716783   0.0306581
   0.345169   0.0105856   0.0306581    0.424825
IMAGINARY
          0  -0.0208148 -0.00635352   0.0102758
  0.0208148           0  -0.0296128 -0.00813923
 0.00635352   0.0296128           0   0.0353076
 -0.0102758  0.00813923  -0.0353076           0
Repeater1[0]<--->HoM1[0]
REAL
    0.424354   -0.0110909    0.0171965     0.359822
  -0.0110909    0.0904059   -0.0103794   -0.0153378
   0.0171965   -0.0103794    0.0608856 -6.15023e-05
    0.359822   -0.0153378 -6.15023e-05     0.424354
IMAGINARY
           0   0.00316556    0.0141935   0.00357184
 -0.00316556            0  3.82697e-05   0.00865843
  -0.0141935 -3.82697e-05            0    0.0160301
 -0.00357184  -0.00865843   -0.0160301            0
EndNode1[0]<--->Repeater1[0]
REAL
    0.426549  -0.00383723   -0.0180392     0.362961
 -0.00383723    0.0955752 -0.000437004  -0.00173483
  -0.0180392 -0.000437004     0.100885  -0.00652059
    0.362961  -0.00173483  -0.00652059     0.376991
IMAGINARY
          0  -0.0035134  -0.0134031   0.0155363
  0.0035134           0  0.00559051  0.00727355
  0.0134031 -0.00559051           0  0.00263774
 -0.0155363 -0.00727355 -0.00263774           0
EndNode2[0]<--->HoM1[0]
REAL
    0.409982    0.0090626   -0.0109605      0.36331
   0.0090626    0.0677362   0.00925616 -0.000543879
  -0.0109605   0.00925616     0.087344    -0.020567
     0.36331 -0.000543879    -0.020567     0.434938
IMAGINARY
          0 -0.00924092    0.023758  0.00379828
 0.00924092           0 -0.00199323   0.0113771
  -0.023758  0.00199323           0  -0.0240924
-0.00379828  -0.0113771   0.0240924           0
Repeater1[0]<--->EndNode1[0]
REAL
    0.426549   -0.0180392  -0.00383723     0.362961
  -0.0180392     0.100885 -0.000437004  -0.00652059
 -0.00383723 -0.000437004    0.0955752  -0.00173483
    0.362961  -0.00652059  -0.00173483     0.376991
IMAGINARY
          0  -0.0134031  -0.0035134   0.0155363
  0.0134031           0 -0.00559051  0.00263774
  0.0035134  0.00559051           0  0.00727355
 -0.0155363 -0.00263774 -0.00727355           0
Repeater1[0]<--->HoM1[0]
REAL
    0.409982   -0.0109605    0.0090626      0.36331
  -0.0109605     0.087344   0.00925616    -0.020567
   0.0090626   0.00925616    0.0677362 -0.000543879
     0.36331    -0.020567 -0.000543879     0.434938
IMAGINARY
          0    0.023758 -0.00924092  0.00379828
  -0.023758           0  0.00199323  -0.0240924
 0.00924092 -0.00199323           0   0.0113771
-0.00379828   0.0240924  -0.0113771           0
EndNode1[0]<--->Repeater1[0]
REAL
   0.425331 -0.00445385  -0.0100917    0.353473
-0.00445385    0.094518 -0.00393137  -0.0238532
 -0.0100917 -0.00393137   0.0699433  -0.0258214
   0.353473  -0.0238532  -0.0258214    0.410208
IMAGINARY
         0  0.0190897 -0.0210997 -0.0188558
-0.0190897          0 -0.0144775  -0.034659
 0.0210997  0.0144775          0  0.0403253
 0.0188558   0.034659 -0.0403253          0
EndNode2[0]<--->HoM1[0]
REAL
   0.433213  0.00910067   0.0126116    0.328189
 0.00910067   0.0830325 -0.00950751   0.0240184
  0.0126116 -0.00950751   0.0722022   0.0366869
   0.328189   0.0240184   0.0366869    0.411552
IMAGINARY
           0  -0.00185309 -0.000923387     0.020812
  0.00185309            0    0.0287207   0.00877679
 0.000923387   -0.0287207            0   -0.0182167
   -0.020812  -0.00877679    0.0182167            0
Repeater1[0]<--->EndNode1[0]
REAL
   0.425331  -0.0100917 -0.00445385    0.353473
 -0.0100917   0.0699433 -0.00393137  -0.0258214
-0.00445385 -0.00393137    0.094518  -0.0238532
   0.353473  -0.0258214  -0.0238532    0.410208
IMAGINARY
         0 -0.0210997  0.0190897 -0.0188558
 0.0210997          0  0.0144775  0.0403253
-0.0190897 -0.0144775          0  -0.034659
 0.0188558 -0.0403253   0.034659          0
Repeater1[0]<--->HoM1[0]
REAL
   0.433213   0.0126116  0.00910067    0.328189
  0.0126116   0.0722022 -0.00950751   0.0366869
 0.00910067 -0.00950751   0.0830325   0.0240184
   0.328189   0.0366869   0.0240184    0.411552
IMAGINARY
           0 -0.000923387  -0.00185309     0.020812
 0.000923387            0   -0.0287207   -0.0182167
  0.00185309    0.0287207            0   0.00877679
   -0.020812    0.0182167  -0.00877679            0
EndNode1[0]<--->Repeater1[0]
REAL
  0.427509 -0.0127737 0.00802235   0.361701
-0.0127737  0.0501859 -0.0139562 0.00889495
0.00802235 -0.0139562   0.063197  0.0127737
  0.361701 0.00889495  0.0127737   0.459108
IMAGINARY
           0  0.000902497   0.00100833   -0.0373168
-0.000902497            0   0.00544064   -0.0141432
 -0.00100833  -0.00544064            0     0.010481
   0.0373168    0.0141432    -0.010481            0
EndNode2[0]<--->HoM1[0]
REAL
   0.451499  0.00740285 3.53514e-05    0.363397
 0.00740285   0.0846561 -0.00132853   0.0114589
3.53514e-05 -0.00132853   0.0705467 0.000259989
   0.363397   0.0114589 0.000259989    0.393298
IMAGINARY
          0 -0.00804316 -0.00526477  -0.0111222
 0.00804316           0 -0.00687776   0.0395113
 0.00526477  0.00687776           0  -0.0176418
  0.0111222  -0.0395113   0.0176418           0
Repeater1[0]<--->EndNode1[0]
REAL
  0.427509 0.00802235 -0.0127737   0.361701
0.00802235   0.063197 -0.0139562  0.0127737
-0.0127737 -0.0139562  0.0501859 0.00889495
  0.361701  0.0127737 0.00889495   0.459108
IMAGINARY
           0   0.00100833  0.000902497   -0.0373168
 -0.00100833            0  -0.00544064     0.010481
-0.000902497   0.00544064            0   -0.0141432
   0.0373168    -0.010481    0.0141432            0
Repeater1[0]<--->HoM1[0]
REAL
   0.451499 3.53514e-05  0.00740285    0.363397
3.53514e-05   0.0705467 -0.00132853 0.000259989
 0.00740285 -0.00132853   0.0846561   0.0114589
   0.363397 0.000259989   0.0114589    0.393298
IMAGINARY
          0 -0.00526477 -0.00804316  -0.0111222
 0.00526477           0  0.00687776  -0.0176418
 0.00804316 -0.00687776           0   0.0395113
  0.0111222   0.0176418  -0.0395113           0
EndNode1[0]<--->Repeater1[0]
REAL
   0.451499 -0.00151163  0.00828046     0.37508
-0.00151163   0.0793651  0.00273956  -0.0233181
 0.00828046  0.00273956   0.0705467 -0.00788686
    0.37508  -0.0233181 -0.00788686    0.398589
IMAGINARY
           0   -0.0269025   0.00396219  -0.00592415
   0.0269025            0  0.000642457 -0.000416092
 -0.00396219 -0.000642457            0    0.0198103
  0.00592415  0.000416092   -0.0198103            0
EndNode2[0]<--->HoM1[0]
REAL
   0.422794 3.41577e-06  0.00383773    0.343507
3.41577e-06   0.0753676  -0.0146613     0.01347
 0.00383773  -0.0146613   0.0919118  -0.0115419
   0.343507     0.01347  -0.0115419    0.409926
IMAGINARY
          0   0.0123992  -0.0128461  0.00445633
 -0.0123992           0   0.0231729  0.00656242
  0.0128461  -0.0231729           0  -0.0150922
-0.00445633 -0.00656242   0.0150922           0
Repeater1[0]<--->EndNode1[0]
REAL
   0.451499  0.00828046 -0.00151163     0.37508
 0.00828046   0.0705467  0.00273956 -0.00788686
-0.00151163  0.00273956   0.0793651  -0.0233181
    0.37508 -0.00788686  -0.0233181    0.398589
IMAGINARY
           0   0.00396219   -0.0269025  -0.00592415
 -0.00396219            0 -0.000642457    0.0198103
   0.0269025  0.000642457            0 -0.000416092
  0.00592415   -0.0198103  0.000416092            0
Repeater1[0]<--->HoM1[0]
REAL
   0.422794  0.00383773 3.41577e-06    0.343507
 0.00383773   0.0919118  -0.0146613  -0.0115419
3.41577e-06  -0.0146613   0.0753676     0.01347
   0.343507  -0.0115419     0.01347    0.409926
IMAGINARY
          0  -0.0128461   0.0123992  0.00445633
  0.0128461           0  -0.0231729  -0.0150922
 -0.0123992   0.0231729           0  0.00656242
-0.00445633   0.0150922 -0.00656242           0
EndNode1[0]<--->Repeater1[0]
REAL
   0.465662  0.00363346  -0.0202151    0.360964
 0.00363346    0.100503  0.00709116 -0.00582659
 -0.0202151  0.00709116   0.0703518   -0.012314
   0.360964 -0.00582659   -0.012314    0.363484
IMAGINARY
          0  0.00230885  0.00897567 -0.00369722
-0.00230885           0  -0.0122038 -0.00193342
-0.00897567   0.0122038           0 -0.00054829
 0.00369722  0.00193342  0.00054829           0
EndNode2[0]<--->HoM1[0]
REAL
  0.434095 0.00540232  0.0145603   0.345743
0.00540232  0.0966608 0.00804714 0.00349022
 0.0145603 0.00804714  0.0773286 0.00362296
  0.345743 0.00349022 0.00362296   0.391916
IMAGINARY
           0   0.00611966 -0.000469497    0.0164072
 -0.00611966            0  -0.00624086    0.0013421
 0.000469497   0.00624086            0   -0.0192087
  -0.0164072   -0.0013421    0.0192087            0
Repeater1[0]<--->EndNode1[0]
REAL
   0.465662  -0.0202151  0.00363346    0.360964
 -0.0202151   0.0703518  0.00709116   -0.012314
 0.00363346  0.00709116    0.100503 -0.00582659
   0.360964   -0.012314 -0.00582659    0.363484
IMAGINARY
          0  0.00897567  0.00230885 -0.00369722
-0.00897567           0   0.0122038 -0.00054829
-0.00230885  -0.0122038           0 -0.00193342
 0.00369722  0.00054829  0.00193342           0
Repeater1[0]<--->HoM1[0]
REAL
  0.434095  0.0145603 0.00540232   0.345743
 0.0145603  0.0773286 0.00804714 0.00362296
0.00540232 0.00804714  0.0966608 0.00349022
  0.345743 0.00362296 0.00349022   0.391916
IMAGINARY
           0 -0.000469497   0.00611966    0.0164072
 0.000469497            0   0.00624086   -0.0192087
 -0.00611966  -0.00624086            0    0.0013421
  -0.0164072    0.0192087   -0.0013421            0
EndNode1[0]<--->Repeater1[0]
REAL
   0.426598 -0.00462727   0.0274535    0.359178
-0.00462727   0.0829016 -0.00497267  -0.0153039
  0.0274535 -0.00497267   0.0984456 -0.00191479
   0.359178  -0.0153039 -0.00191479    0.392055
IMAGINARY
          0   0.0162313  -0.0151669  0.00117898
 -0.0162313           0  0.00533871  -0.0074746
  0.0151669 -0.00533871           0   0.0290518
-0.00117898   0.0074746  -0.0290518           0
EndNode2[0]<--->HoM1[0]
REAL
    0.44086  0.00594115 -0.00625056    0.321209
 0.00594115    0.062724  -0.0146987 -0.00369519
-0.00625056  -0.0146987   0.0716846  -0.0176952
   0.321209 -0.00369519  -0.0176952    0.424731
IMAGINARY
          0 -0.00675676    0.011348  -0.0287314
 0.00675676           0  -0.0039789 -0.00169548
  -0.011348   0.0039789           0   0.0106178
  0.0287314  0.00169548  -0.0106178           0
Repeater1[0]<--->EndNode1[0]
REAL
   0.426598   0.0274535 -0.00462727    0.359178
  0.0274535   0.0984456 -0.00497267 -0.00191479
-0.00462727 -0.00497267   0.0829016  -0.0153039
   0.359178 -0.00191479  -0.0153039    0.392055
IMAGINARY
          0  -0.0151669   0.0162313  0.00117898
  0.0151669           0 -0.00533871   0.0290518
 -0.0162313  0.00533871           0  -0.0074746
-0.00117898  -0.0290518   0.0074746           0
Repeater1[0]<--->HoM1[0]
REAL
    0.44086 -0.00625056  0.00594115    0.321209
-0.00625056   0.0716846  -0.0146987  -0.0176952
 0.00594115  -0.0146987    0.062724 -0.00369519
   0.321209  -0.0176952 -0.00369519    0.424731
IMAGINARY
          0    0.011348 -0.00675676  -0.0287314
  -0.011348           0   0.0039789   0.0106178
 0.00675676  -0.0039789           0 -0.00169548
  0.0287314  -0.0106178  0.00169548           0
EndNode1[0]<--->Repeater1[0]
REAL
   0.405354    0.012846   0.0241745    0.345729
   0.012846   0.0783939 1.51976e-05  -0.0206284
  0.0241745 1.51976e-05   0.0650096  0.00311147
   0.345729  -0.0206284  0.00311147    0.451243
IMAGINARY
          0 -0.00726737  0.00520216   0.0163032
 0.00726737           0  -0.0490618 -0.00234501
-0.00520216   0.0490618           0    0.013934
 -0.0163032  0.00234501   -0.013934           0
EndNode2[0]<--->HoM1[0]
REAL
   0.440917  -0.0178684 -0.00482364    0.345436
 -0.0178684   0.0758377 -0.00536288   0.0158531
-0.00482364 -0.00536288   0.0776014 -0.00602868
   0.345436   0.0158531 -0.00602868    0.405644
IMAGINARY
          0  -0.0261189  0.00403668 -0.00277658
  0.0261189           0 -0.00187891    0.028823
-0.00403668  0.00187891           0  0.00391642
 0.00277658   -0.028823 -0.00391642           0
Repeater1[0]<--->EndNode1[0]
REAL
   0.405354   0.0241745    0.012846    0.345729
  0.0241745   0.0650096 1.51976e-05  0.00311147
   0.012846 1.51976e-05   0.0783939  -0.0206284
   0.345729  0.00311147  -0.0206284    0.451243
IMAGINARY
          0  0.00520216 -0.00726737   0.0163032
-0.00520216           0   0.0490618    0.013934
 0.00726737  -0.0490618           0 -0.00234501
 -0.0163032   -0.013934  0.00234501           0
Repeater1[0]<--->HoM1[0]
REAL
   0.440917 -0.00482364  -0.0178684    0.345436
-0.00482364   0.0776014 -0.00536288 -0.00602868
 -0.0178684 -0.00536288   0.0758377   0.0158531
   0.345436 -0.00602868   0.0158531    0.405644
IMAGINARY
          0  0.00403668  -0.0261189 -0.00277658
-0.00403668           0  0.00187891  0.00391642
  0.0261189 -0.00187891           0    0.028823
 0.00277658 -0.00391642   -0.028823           0
EndNode1[0]<--->Repeater1[0]
REAL
    0.42984 -0.00688115    0.019429    0.340167
-0.00688115   0.0959147  0.00398918  0.00932797
   0.019429  0.00398918   0.0763766  0.00224293
   0.340167  0.00932797  0.00224293    0.397869
IMAGINARY
           0     0.010821 -0.000313642   0.00347288
   -0.010821            0    0.0149773  -0.00821878
 0.000313642   -0.0149773            0   0.00453735
 -0.00347288   0.00821878  -0.00453735            0
EndNode2[0]<--->HoM1[0]
REAL
   0.410866  -0.0161546  -0.0124035    0.336957
 -0.0161546   0.0628183  -0.0199056  0.00441063
 -0.0124035  -0.0199056   0.0882852 -0.00427164
   0.336957  0.00441063 -0.00427164    0.438031
IMAGINARY
           0  -0.00151673    0.0029497    0.0055159
  0.00151673            0 -8.11162e-05    0.0107758
  -0.0029497  8.11162e-05            0  -0.00240483
  -0.0055159   -0.0107758   0.00240483            0
Repeater1[0]<--->EndNode1[0]
REAL
    0.42984    0.019429 -0.00688115    0.340167
   0.019429   0.0763766  0.00398918  0.00224293
-0.00688115  0.00398918   0.0959147  0.00932797
   0.340167  0.00224293  0.00932797    0.397869
IMAGINARY
           0 -0.000313642     0.010821   0.00347288
 0.000313642            0   -0.0149773   0.00453735
   -0.010821    0.0149773            0  -0.00821878
 -0.00347288  -0.00453735   0.00821878            0
Repeater1[0]<--->HoM1[0]
REAL
   0.410866  -0.0124035  -0.0161546    0.336957
 -0.0124035   0.0882852  -0.0199056 -0.00427164
 -0.0161546  -0.0199056   0.0628183  0.00441063
   0.336957 -0.00427164  0.00441063    0.438031
IMAGINARY
           0    0.0029497  -0.00151673    0.0055159
  -0.0029497            0  8.11162e-05  -0.00240483
  0.00151673 -8.11162e-05            0    0.0107758
  -0.0055159   0.00240483   -0.0107758            0
EndNode1[0]<--->Repeater1[0]
REAL
      0.4375    0.0145639   0.00668482     0.346173
   0.0145639    0.0680147   -0.0131424 -0.000332728
  0.00668482   -0.0131424    0.0753676   -0.0154714
    0.346173 -0.000332728   -0.0154714     0.419118
IMAGINARY
          0   0.0253859 -0.00683587 -0.00857224
 -0.0253859           0 -0.00489577    0.022045
 0.00683587  0.00489577           0 -0.00637451
 0.00857224   -0.022045  0.00637451           0
EndNode2[0]<--->HoM1[0]
REAL
   0.409574 -0.00575292  -0.0137725    0.322346
-0.00575292   0.0886525   0.0161299   0.0110502
 -0.0137725   0.0161299   0.0691489  0.00121572
   0.322346   0.0110502  0.00121572    0.432624
IMAGINARY
           0  -0.00702933  0.000537692    0.0200285
  0.00702933            0    0.0122296   -0.0288741
-0.000537692   -0.0122296            0    0.0317094
  -0.0200285    0.0288741   -0.0317094            0
Repeater1[0]<--->EndNode1[0]
REAL
      0.4375   0.00668482    0.0145639     0.346173
  0.00668482    0.0753676   -0.0131424   -0.0154714
   0.0145639   -0.0131424    0.0680147 -0.000332728
    0.346173   -0.0154714 -0.000332728     0.419118
IMAGINARY
          0 -0.00683587   0.0253859 -0.00857224
 0.00683587           0  0.00489577 -0.00637451
 -0.0253859 -0.00489577           0    0.022045
 0.00857224  0.00637451   -0.022045           0
Repeater1[0]<--->HoM1[0]
REAL
   0.409574  -0.0137725 -0.00575292    0.322346
 -0.0137725   0.0691489   0.0161299  0.00121572
-0.00575292   0.0161299   0.0886525   0.0110502
   0.322346  0.00121572   0.0110502    0.432624
IMAGINARY
           0  0.000537692  -0.00702933    0.0200285
-0.000537692            0   -0.0122296    0.0317094
  0.00702933    0.0122296            0   -0.0288741
  -0.0200285   -0.0317094    0.0288741            0
EndNode1[0]<--->Repeater1[0]
REAL
  0.434708 0.00381507 -0.0324397   0.349357
0.00381507   0.080756 0.00473551  0.0182048
-0.0324397 0.00473551  0.0876289 -0.0216087
  0.349357  0.0182048 -0.0216087   0.396907
IMAGINARY
          0   0.0353477  -0.0166801 -0.00586865
 -0.0353477           0  -0.0321844  -0.0211685
  0.0166801   0.0321844           0  0.00250095
 0.00586865   0.0211685 -0.00250095           0
EndNode2[0]<--->HoM1[0]
REAL
    0.439338 -0.000949198   -0.0173434     0.344529
-0.000949198    0.0827206  -0.00261686    -0.001039
  -0.0173434  -0.00261686    0.0661765  -0.00640374
    0.344529    -0.001039  -0.00640374     0.411765
IMAGINARY
          0  0.00219431   0.0208001 -0.00141797
-0.00219431           0  -0.0339722 -0.00882955
 -0.0208001   0.0339722           0   0.0134595
 0.00141797  0.00882955  -0.0134595           0
Repeater1[0]<--->EndNode1[0]
REAL
  0.434708 -0.0324397 0.00381507   0.349357
-0.0324397  0.0876289 0.00473551 -0.0216087
0.00381507 0.00473551   0.080756  0.0182048
  0.349357 -0.0216087  0.0182048   0.396907
IMAGINARY
          0  -0.0166801   0.0353477 -0.00586865
  0.0166801           0   0.0321844  0.00250095
 -0.0353477  -0.0321844           0  -0.0211685
 0.00586865 -0.00250095   0.0211685           0
Repeater1[0]<--->HoM1[0]
REAL
    0.439338   -0.0173434 -0.000949198     0.344529
  -0.0173434    0.0661765  -0.00261686  -0.00640374
-0.000949198  -0.00261686    0.0827206    -0.001039
    0.344529  -0.00640374    -0.001039     0.411765
IMAGINARY
          0   0.0208001  0.00219431 -0.00141797
 -0.0208001           0   0.0339722   0.0134595
-0.00219431  -0.0339722           0 -0.00882955
 0.00141797  -0.0134595  0.00882955           0
EndNode1[0]<--->Repeater1[0]
REAL
   0.419929  -0.0300833    0.014136     0.34611
 -0.0300833   0.0836299  0.00327729 -0.00975776
   0.014136  0.00327729   0.0871886   0.0274564
    0.34611 -0.00975776   0.0274564    0.409253
IMAGINARY
         0   0.004835 -0.0214014 -0.0224709
 -0.004835          0  0.0143334 -0.0122773
 0.0214014 -0.0143334          0  0.0271166
 0.0224709  0.0122773 -0.0271166          0
EndNode2[0]<--->HoM1[0]
REAL
  0.388298  0.0122685  0.0187771   0.344497
 0.0122685  0.0762411 0.00292959 -0.0114242
 0.0187771 0.00292959  0.0851064 0.00427561
  0.344497 -0.0114242 0.00427561   0.450355
IMAGINARY
          0 -0.00970465  0.00908273  0.00274725
 0.00970465           0  0.00274725  0.00199053
-0.00908273 -0.00274725           0  0.00714928
-0.00274725 -0.00199053 -0.00714928           0
Repeater1[0]<--->EndNode1[0]
REAL
   0.419929    0.014136  -0.0300833     0.34611
   0.014136   0.0871886  0.00327729   0.0274564
 -0.0300833  0.00327729   0.0836299 -0.00975776
    0.34611   0.0274564 -0.00975776    0.409253
IMAGINARY
         0 -0.0214014   0.004835 -0.0224709
 0.0214014          0 -0.0143334  0.0271166
 -0.004835  0.0143334          0 -0.0122773
 0.0224709 -0.0271166  0.0122773          0
Repeater1[0]<--->HoM1[0]
REAL
  0.388298  0.0187771  0.0122685   0.344497
 0.0187771  0.0851064 0.00292959 0.00427561
 0.0122685 0.00292959  0.0762411 -0.0114242
  0.344497 0.00427561 -0.0114242   0.450355
IMAGINARY
          0  0.00908273 -0.00970465  0.00274725
-0.00908273           0 -0.00274725  0.00714928
 0.00970465  0.00274725           0  0.00199053
-0.00274725 -0.00714928 -0.00199053           0
EndNode1[0]<--->Repeater1[0]
REAL
 0.425688 0.0035303 0.0097507  0.345692
0.0035303 0.0715596 0.0141699 0.0248514
0.0097507 0.0141699  0.066055 0.0155008
 0.345692 0.0248514 0.0155008  0.436697
IMAGINARY
          0   0.0374552  -0.0166584 -0.00679559
 -0.0374552           0   0.0333913  -0.0322547
  0.0166584  -0.0333913           0  0.00239986
 0.00679559   0.0322547 -0.00239986           0
EndNode2[0]<--->HoM1[0]
REAL
   0.417722 -0.00638158  -0.0094704    0.358412
-0.00638158   0.0886076  0.00126871   0.0139109
 -0.0094704  0.00126871   0.0831826  -0.0229257
   0.358412   0.0139109  -0.0229257    0.410488
IMAGINARY
          0  -0.0136905   0.0135568   0.0107669
  0.0136905           0   0.0178591 -0.00308064
 -0.0135568  -0.0178591           0   0.0279762
 -0.0107669  0.00308064  -0.0279762           0
Repeater1[0]<--->EndNode1[0]
REAL
 0.425688 0.0097507 0.0035303  0.345692
0.0097507  0.066055 0.0141699 0.0155008
0.0035303 0.0141699 0.0715596 0.0248514
 0.345692 0.0155008 0.0248514  0.436697
IMAGINARY
          0  -0.0166584   0.0374552 -0.00679559
  0.0166584           0  -0.0333913  0.00239986
 -0.0374552   0.0333913           0  -0.0322547
 0.00679559 -0.00239986   0.0322547           0
Repeater1[0]<--->HoM1[0]
REAL
   0.417722  -0.0094704 -0.00638158    0.358412
 -0.0094704   0.0831826  0.00126871  -0.0229257
-0.00638158  0.00126871   0.0886076   0.0139109
   0.358412  -0.0229257   0.0139109    0.410488
IMAGINARY
          0   0.0135568  -0.0136905   0.0107669
 -0.0135568           0  -0.0178591   0.0279762
  0.0136905   0.0178591           0 -0.00308064
 -0.0107669  -0.0279762  0.00308064           0
EndNode1[0]<--->Repeater1[0]
REAL
    0.440208  -0.00282841    0.0174228      0.34603
 -0.00282841    0.0727903 -0.000123472  -0.00538425
   0.0174228 -0.000123472    0.0519931   0.00523611
     0.34603  -0.00538425   0.00523611     0.435009
IMAGINARY
           0  -0.00717364   0.00474745 -0.000707851
  0.00717364            0  -0.00701416  -0.00841045
 -0.00474745   0.00701416            0    0.0108366
 0.000707851   0.00841045   -0.0108366            0
EndNode2[0]<--->HoM1[0]
REAL
   0.363636 -0.00494065  -0.0266508    0.362886
-0.00494065   0.0781818   0.0203256   0.0102274
 -0.0266508   0.0203256   0.0818182  -0.0114827
   0.362886   0.0102274  -0.0114827    0.476364
IMAGINARY
          0  0.00351427   0.0215974  0.00856074
-0.00351427           0  -0.0165289 -0.00256621
 -0.0215974   0.0165289           0  -0.0277357
-0.00856074  0.00256621   0.0277357           0
Repeater1[0]<--->EndNode1[0]
REAL
    0.440208    0.0174228  -0.00282841      0.34603
   0.0174228    0.0519931 -0.000123472   0.00523611
 -0.00282841 -0.000123472    0.0727903  -0.00538425
     0.34603   0.00523611  -0.00538425     0.435009
IMAGINARY
           0   0.00474745  -0.00717364 -0.000707851
 -0.00474745            0   0.00701416    0.0108366
  0.00717364  -0.00701416            0  -0.00841045
 0.000707851   -0.0108366   0.00841045            0
Repeater1[0]<--->HoM1[0]
REAL
   0.363636  -0.0266508 -0.00494065    0.362886
 -0.0266508   0.0818182   0.0203256  -0.0114827
-0.00494065   0.0203256   0.0781818   0.0102274
   0.362886  -0.0114827   0.0102274    0.476364
IMAGINARY
          0   0.0215974  0.00351427  0.00856074
 -0.0215974           0   0.0165289  -0.0277357
-0.00351427  -0.0165289           0 -0.00256621
-0.00856074   0.0277357  0.00256621           0
EndNode1[0]<--->Repeater1[0]
REAL
   0.425094 -0.00259981 -0.00166392    0.360832
-0.00259981    0.088015     0.01651 -0.00259502
-0.00166392     0.01651   0.0599251  0.00174802
   0.360832 -0.00259502  0.00174802    0.426966
IMAGINARY
          0  -0.0234857  0.00556319   -0.023296
  0.0234857           0 -0.00107376   0.0109203
-0.00556319  0.00107376           0  0.00883369
   0.023296  -0.0109203 -0.00883369           0
EndNode2[0]<--->HoM1[0]
REAL
