





EndNode[0]<--->repeater[0]
REAL
  0.247595 0.00566408 0.00526989   0.248297
0.00566408   0.251295   0.251703 0.00959051
0.00526989   0.251703   0.245079 0.00919632
  0.248297 0.00959051 0.00919632   0.256031
IMAGINARY
           0  -0.00674596 -0.000575775   0.00157895
  0.00674596            0  -0.00233083   0.00723212
 0.000575775   0.00233083            0  -0.00269677
 -0.00157895  -0.00723212   0.00269677            0
EndNode[1]<--->repeater[1]
REAL
    0.504061  -0.00380605   -0.0025591     0.497272
 -0.00380605   0.00180505 -7.55289e-05   0.00403447
  -0.0025591 -7.55289e-05   0.00135379   0.00424866
    0.497272   0.00403447   0.00424866      0.49278
IMAGINARY
           0  -0.00290459     0.003785 -0.000692301
  0.00290459            0  -0.00146319  -0.00400601
   -0.003785   0.00146319            0   0.00194688
 0.000692301   0.00400601  -0.00194688            0
repeater[0]<--->HoM[0]
REAL
    0.486658  -0.00487466   0.00141992 -0.000110041
 -0.00487466            0   0.00886098   0.00030035
  0.00141992   0.00886098            0   0.00719328
-0.000110041   0.00030035   0.00719328     0.513342
IMAGINARY
           0  -0.00133285 -0.000680936  -0.00202708
  0.00133285            0  -0.00128809  -0.00706328
 0.000680936   0.00128809            0   0.00554999
  0.00202708   0.00706328  -0.00554999            0
repeater[1]<--->HoM[0]
REAL
    0.486658   0.00141992  -0.00487466 -0.000110041
  0.00141992            0   0.00886098   0.00719328
 -0.00487466   0.00886098            0   0.00030035
-0.000110041   0.00719328   0.00030035     0.513342
IMAGINARY
           0 -0.000680936  -0.00133285  -0.00202708
 0.000680936            0   0.00128809   0.00554999
  0.00133285  -0.00128809            0  -0.00706328
  0.00202708  -0.00554999   0.00706328            0
repeater[1]<--->HoM[1]
REAL
    0.507709 -9.25904e-05 -0.000619084  -0.00326825
-9.25904e-05 -2.77556e-17  -0.00296983   -0.0062061
-0.000619084  -0.00296983 -2.77556e-17  -0.00365025
 -0.00326825   -0.0062061  -0.00365025     0.492291
IMAGINARY
           0 -0.000785876  -0.00363791   0.00199609
 0.000785876            0   0.00154374   0.00483158
  0.00363791  -0.00154374            0   0.00451611
 -0.00199609  -0.00483158  -0.00451611            0
repeater[2]<--->HoM[1]
REAL
    0.507709 -0.000619084 -9.25904e-05  -0.00326825
-0.000619084            0  -0.00296983  -0.00365025
-9.25904e-05  -0.00296983            0   -0.0062061
 -0.00326825  -0.00365025   -0.0062061     0.492291
IMAGINARY
           0  -0.00363791 -0.000785876   0.00199609
  0.00363791            0  -0.00154374   0.00451611
 0.000785876   0.00154374            0   0.00483158
 -0.00199609  -0.00451611  -0.00483158            0
