EndNode[0]<--->HoM[0]
REAL
   0.369636  -0.0129006 -0.00815951    0.366796
 -0.0129006    0.126073    0.133204  -0.0120611
-0.00815951    0.133204    0.127553 -0.00731995
   0.366796  -0.0120611 -0.00731995    0.376739
IMAGINARY
           0  -0.00529515    0.0010368   -0.0092124
  0.00529515            0   0.00545752  0.000156518
  -0.0010368  -0.00545752            0  -0.00574304
   0.0092124 -0.000156518   0.00574304            0
EndNode[1]<--->HoM[1]
REAL
   0.382152 -0.00270086 -0.00608486    0.390343
-0.00270086    0.110584    0.109657  0.00173704
-0.00608486    0.109657    0.112956 -0.00164696
   0.390343  0.00173704 -0.00164696    0.394308
IMAGINARY
          0     0.01197 -0.00770181 -0.00327593
   -0.01197           0  0.00387581 -0.00887759
 0.00770181 -0.00387581           0  0.00751806
 0.00327593  0.00887759 -0.00751806           0
repeater[0]<--->HoM[0]
REAL
   0.369636 -0.00815951  -0.0129006    0.366796
-0.00815951    0.127553    0.133204 -0.00731995
 -0.0129006    0.133204    0.126073  -0.0120611
   0.366796 -0.00731995  -0.0120611    0.376739
IMAGINARY
           0    0.0010368  -0.00529515   -0.0092124
  -0.0010368            0  -0.00545752  -0.00574304
  0.00529515   0.00545752            0  0.000156518
   0.0092124   0.00574304 -0.000156518            0
repeater[0]<--->HoM[1]
REAL
   0.382152 -0.00608486 -0.00270086    0.390343
-0.00608486    0.112956    0.109657 -0.00164696
-0.00270086    0.109657    0.110584  0.00173704
   0.390343 -0.00164696  0.00173704    0.394308
IMAGINARY
          0 -0.00770181     0.01197 -0.00327593
 0.00770181           0 -0.00387581  0.00751806
   -0.01197  0.00387581           0 -0.00887759
 0.00327593 -0.00751806  0.00887759           0
