EndNode1[0]<--->Repeater1[0]
REAL
    0.44335 -0.00543938   0.0056124    0.347464
-0.00543938   0.0682618  0.00797082 -0.00416312
  0.0056124  0.00797082   0.0672062  0.00725097
   0.347464 -0.00416312  0.00725097    0.421182
IMAGINARY
           0  0.000216444  0.000243268  -0.00162873
-0.000216444            0   0.00180956   0.00274864
-0.000243268  -0.00180956            0  -0.00954415
  0.00162873  -0.00274864   0.00954415            0
EndNode2[0]<--->HoM1[0]
REAL
   0.440716  0.00154474    0.010889     0.34655
 0.00154474    0.082774  0.00260947 -0.00212348
   0.010889  0.00260947   0.0663684  0.00101188
    0.34655 -0.00212348  0.00101188    0.410142
IMAGINARY
           0  -0.00152992   0.00329285  -0.00141618
  0.00152992            0   0.00447484    0.0019211
 -0.00329285  -0.00447484            0 -0.000807373
  0.00141618   -0.0019211  0.000807373            0
Repeater1[0]<--->EndNode1[0]
REAL
    0.44335   0.0056124 -0.00543938    0.347464
  0.0056124   0.0672062  0.00797082  0.00725097
-0.00543938  0.00797082   0.0682618 -0.00416312
   0.347464  0.00725097 -0.00416312    0.421182
IMAGINARY
           0  0.000243268  0.000216444  -0.00162873
-0.000243268            0  -0.00180956  -0.00954415
-0.000216444   0.00180956            0   0.00274864
  0.00162873   0.00954415  -0.00274864            0
Repeater1[0]<--->HoM1[0]
REAL
   0.440716    0.010889  0.00154474     0.34655
   0.010889   0.0663684  0.00260947  0.00101188
 0.00154474  0.00260947    0.082774 -0.00212348
    0.34655  0.00101188 -0.00212348    0.410142
IMAGINARY
           0   0.00329285  -0.00152992  -0.00141618
 -0.00329285            0  -0.00447484 -0.000807373
  0.00152992   0.00447484            0    0.0019211
  0.00141618  0.000807373   -0.0019211            0
EndNode1[0]<--->Repeater1[0]
REAL
    0.43609 -0.00844087  0.00284776    0.350135
-0.00844087   0.0694594  0.00523846  -0.0172376
 0.00284776  0.00523846   0.0748299 -0.00412743
   0.350135  -0.0172376 -0.00412743     0.41962
IMAGINARY
           0  -0.00272199 -0.000839448  -0.00342928
  0.00272199            0  -0.00746746   0.00973883
 0.000839448   0.00746746            0   0.00363009
  0.00342928  -0.00973883  -0.00363009            0
EndNode2[0]<--->HoM1[0]
REAL
   0.415795 -0.00213774  0.00772074    0.345452
-0.00213774   0.0746484 -0.00594621 -0.00808385
 0.00772074 -0.00594621    0.075009  0.00322707
   0.345452 -0.00808385  0.00322707    0.434547
IMAGINARY
          0  -0.0129496 -0.00479256  0.00116435
  0.0129496           0  0.00319612  0.00898836
 0.00479256 -0.00319612           0  0.00490759
-0.00116435 -0.00898836 -0.00490759           0
Repeater1[0]<--->EndNode1[0]
REAL
    0.43609  0.00284776 -0.00844087    0.350135
 0.00284776   0.0748299  0.00523846 -0.00412743
-0.00844087  0.00523846   0.0694594  -0.0172376
   0.350135 -0.00412743  -0.0172376     0.41962
IMAGINARY
           0 -0.000839448  -0.00272199  -0.00342928
 0.000839448            0   0.00746746   0.00363009
  0.00272199  -0.00746746            0   0.00973883
  0.00342928  -0.00363009  -0.00973883            0
Repeater1[0]<--->HoM1[0]
REAL
   0.415795  0.00772074 -0.00213774    0.345452
 0.00772074    0.075009 -0.00594621  0.00322707
-0.00213774 -0.00594621   0.0746484 -0.00808385
   0.345452  0.00322707 -0.00808385    0.434547
IMAGINARY
          0 -0.00479256  -0.0129496  0.00116435
 0.00479256           0 -0.00319612  0.00490759
  0.0129496  0.00319612           0  0.00898836
-0.00116435 -0.00490759 -0.00898836           0
EndNode1[0]<--->Repeater1[0]
REAL
    0.423499  -0.00315315 -6.74471e-06     0.345607
 -0.00315315    0.0691801  -0.00560675  -0.00125452
-6.74471e-06  -0.00560675    0.0779649  -0.00315315
    0.345607  -0.00125452  -0.00315315     0.429356
IMAGINARY
           0  -0.00122952 -0.000621405  0.000969394
  0.00122952            0  0.000788693    0.0036112
 0.000621405 -0.000788693            0  -0.00140854
-0.000969394   -0.0036112   0.00140854            0
EndNode2[0]<--->HoM1[0]
REAL
    0.428152 -0.000132535  -0.00752855     0.350722
-0.000132535    0.0832111  -0.00681924   0.00648325
 -0.00752855  -0.00681924    0.0777126  -0.00509395
    0.350722   0.00648325  -0.00509395     0.410924
IMAGINARY
           0  5.78842e-05  0.000291478  -0.00698776
-5.78842e-05            0   0.00734981   -0.0025555
-0.000291478  -0.00734981            0   0.00673417
  0.00698776    0.0025555  -0.00673417            0
Repeater1[0]<--->EndNode1[0]
REAL
    0.423499 -6.74471e-06  -0.00315315     0.345607
-6.74471e-06    0.0779649  -0.00560675  -0.00315315
 -0.00315315  -0.00560675    0.0691801  -0.00125452
    0.345607  -0.00315315  -0.00125452     0.429356
IMAGINARY
           0 -0.000621405  -0.00122952  0.000969394
 0.000621405            0 -0.000788693  -0.00140854
  0.00122952  0.000788693            0    0.0036112
-0.000969394   0.00140854   -0.0036112            0
Repeater1[0]<--->HoM1[0]
REAL
    0.428152  -0.00752855 -0.000132535     0.350722
 -0.00752855    0.0777126  -0.00681924  -0.00509395
-0.000132535  -0.00681924    0.0832111   0.00648325
    0.350722  -0.00509395   0.00648325     0.410924
IMAGINARY
           0  0.000291478  5.78842e-05  -0.00698776
-0.000291478            0  -0.00734981   0.00673417
-5.78842e-05   0.00734981            0   -0.0025555
  0.00698776  -0.00673417    0.0025555            0
EndNode1[0]<--->Repeater1[0]
REAL
    0.406306  -0.00307649   0.00712213     0.341903
 -0.00307649    0.0763167 -0.000604703   0.00984248
  0.00712213 -0.000604703    0.0852741   0.00654238
    0.341903   0.00984248   0.00654238     0.432103
IMAGINARY
           0  0.000647438  -0.00770913  -0.00433252
-0.000647438            0   0.00504023  0.000600122
  0.00770913  -0.00504023            0  -0.00374624
  0.00433252 -0.000600122   0.00374624            0
EndNode2[0]<--->HoM1[0]
REAL
  0.436442 0.00530385 0.00783311   0.347321
0.00530385  0.0694995 0.00373555 0.00519506
0.00783311 0.00373555  0.0698596 0.00244262
  0.347321 0.00519506 0.00244262   0.424199
IMAGINARY
          0  -0.0035306  -0.0145063  0.00407192
  0.0035306           0 -0.00921898 -0.00254113
  0.0145063  0.00921898           0   0.0131967
-0.00407192  0.00254113  -0.0131967           0
Repeater1[0]<--->EndNode1[0]
REAL
    0.406306   0.00712213  -0.00307649     0.341903
  0.00712213    0.0852741 -0.000604703   0.00654238
 -0.00307649 -0.000604703    0.0763167   0.00984248
    0.341903   0.00654238   0.00984248     0.432103
IMAGINARY
           0  -0.00770913  0.000647438  -0.00433252
  0.00770913            0  -0.00504023  -0.00374624
-0.000647438   0.00504023            0  0.000600122
  0.00433252   0.00374624 -0.000600122            0
Repeater1[0]<--->HoM1[0]
REAL
  0.436442 0.00783311 0.00530385   0.347321
0.00783311  0.0698596 0.00373555 0.00244262
0.00530385 0.00373555  0.0694995 0.00519506
  0.347321 0.00244262 0.00519506   0.424199
IMAGINARY
          0  -0.0145063  -0.0035306  0.00407192
  0.0145063           0  0.00921898   0.0131967
  0.0035306 -0.00921898           0 -0.00254113
-0.00407192  -0.0131967  0.00254113           0
EndNode1[0]<--->Repeater1[0]
REAL
   0.427646 -0.00607935  0.00179495    0.341052
-0.00607935   0.0737941 -0.00317498 0.000357133
 0.00179495 -0.00317498   0.0683945 -0.00396369
   0.341052 0.000357133 -0.00396369    0.430166
IMAGINARY
          0 -0.00799474  0.00418155 -0.00609816
 0.00799474           0 -0.00207475 -0.00381845
-0.00418155  0.00207475           0 -0.00144607
 0.00609816  0.00381845  0.00144607           0
EndNode2[0]<--->HoM1[0]
REAL
   0.441007 -0.00438009 -0.00626026    0.355115
-0.00438009   0.0791367  0.00544853  0.00907716
-0.00626026  0.00544853   0.0830935  0.00226741
   0.355115  0.00907716  0.00226741    0.396763
IMAGINARY
          0 -0.00378134  0.00129146 -0.00192566
 0.00378134           0 -0.00599371  0.00309913
-0.00129146  0.00599371           0  0.00079574
 0.00192566 -0.00309913 -0.00079574           0
Repeater1[0]<--->EndNode1[0]
REAL
   0.427646  0.00179495 -0.00607935    0.341052
 0.00179495   0.0683945 -0.00317498 -0.00396369
-0.00607935 -0.00317498   0.0737941 0.000357133
   0.341052 -0.00396369 0.000357133    0.430166
IMAGINARY
          0  0.00418155 -0.00799474 -0.00609816
-0.00418155           0  0.00207475 -0.00144607
 0.00799474 -0.00207475           0 -0.00381845
 0.00609816  0.00144607  0.00381845           0
Repeater1[0]<--->HoM1[0]
REAL
   0.441007 -0.00626026 -0.00438009    0.355115
-0.00626026   0.0830935  0.00544853  0.00226741
-0.00438009  0.00544853   0.0791367  0.00907716
   0.355115  0.00226741  0.00907716    0.396763
IMAGINARY
          0  0.00129146 -0.00378134 -0.00192566
-0.00129146           0  0.00599371  0.00079574
 0.00378134 -0.00599371           0  0.00309913
 0.00192566 -0.00079574 -0.00309913           0
EndNode1[0]<--->Repeater1[0]
REAL
    0.43171 5.92877e-05  0.00259815    0.348398
5.92877e-05   0.0768949  0.00322705  0.00101196
 0.00259815  0.00322705   0.0772611 -0.00547445
   0.348398  0.00101196 -0.00547445    0.414134
IMAGINARY
           0  -0.00929668   0.00619656 -0.000966865
  0.00929668            0  -0.00292346   0.00339151
 -0.00619656   0.00292346            0   0.00468021
 0.000966865  -0.00339151  -0.00468021            0
EndNode2[0]<--->HoM1[0]
REAL
   0.426183  0.00271792  0.00055065    0.345262
 0.00271792   0.0736393 -0.00452222 -0.00321684
 0.00055065 -0.00452222   0.0690146 -0.00182919
   0.345262 -0.00321684 -0.00182919    0.431163
IMAGINARY
          0   0.0129074  0.00773885  0.00840699
 -0.0129074           0 -0.00239992 -0.00557746
-0.00773885  0.00239992           0 -0.00678346
-0.00840699  0.00557746  0.00678346           0
Repeater1[0]<--->EndNode1[0]
REAL
    0.43171  0.00259815 5.92877e-05    0.348398
 0.00259815   0.0772611  0.00322705 -0.00547445
5.92877e-05  0.00322705   0.0768949  0.00101196
   0.348398 -0.00547445  0.00101196    0.414134
IMAGINARY
           0   0.00619656  -0.00929668 -0.000966865
 -0.00619656            0   0.00292346   0.00468021
  0.00929668  -0.00292346            0   0.00339151
 0.000966865  -0.00468021  -0.00339151            0
Repeater1[0]<--->HoM1[0]
REAL
   0.426183  0.00055065  0.00271792    0.345262
 0.00055065   0.0690146 -0.00452222 -0.00182919
 0.00271792 -0.00452222   0.0736393 -0.00321684
   0.345262 -0.00182919 -0.00321684    0.431163
IMAGINARY
          0  0.00773885   0.0129074  0.00840699
-0.00773885           0  0.00239992 -0.00678346
 -0.0129074 -0.00239992           0 -0.00557746
-0.00840699  0.00678346  0.00557746           0
EndNode1[0]<--->Repeater1[0]
REAL
   0.417916  0.00365364  0.00154409    0.354138
 0.00365364   0.0824411 -0.00101416 0.000100046
 0.00154409 -0.00101416   0.0770878 0.000913409
   0.354138 0.000100046 0.000913409    0.422555
IMAGINARY
           0   0.00422414 -0.000866484   -0.0034476
 -0.00422414            0     0.019565  -0.00445071
 0.000866484    -0.019565            0  -0.00147387
   0.0034476   0.00445071   0.00147387            0
EndNode2[0]<--->HoM1[0]
REAL
   0.425763  0.00724347  0.00256255    0.347854
 0.00724347   0.0744121  0.00430437 -0.00508054
 0.00256255  0.00430437   0.0694981  -0.0079629
   0.347854 -0.00508054  -0.0079629    0.430326
IMAGINARY
           0 -0.000636733    0.0117232  -0.00403317
 0.000636733            0  -0.00225381  -0.00245731
  -0.0117232   0.00225381            0  0.000993112
  0.00403317   0.00245731 -0.000993112            0
Repeater1[0]<--->EndNode1[0]
REAL
   0.417916  0.00154409  0.00365364    0.354138
 0.00154409   0.0770878 -0.00101416 0.000913409
 0.00365364 -0.00101416   0.0824411 0.000100046
   0.354138 0.000913409 0.000100046    0.422555
IMAGINARY
           0 -0.000866484   0.00422414   -0.0034476
 0.000866484            0    -0.019565  -0.00147387
 -0.00422414     0.019565            0  -0.00445071
   0.0034476   0.00147387   0.00445071            0
Repeater1[0]<--->HoM1[0]
REAL
   0.425763  0.00256255  0.00724347    0.347854
 0.00256255   0.0694981  0.00430437  -0.0079629
 0.00724347  0.00430437   0.0744121 -0.00508054
   0.347854  -0.0079629 -0.00508054    0.430326
IMAGINARY
           0    0.0117232 -0.000636733  -0.00403317
  -0.0117232            0   0.00225381  0.000993112
 0.000636733  -0.00225381            0  -0.00245731
  0.00403317 -0.000993112   0.00245731            0
EndNode1[0]<--->Repeater1[0]
REAL
    0.417894  -0.00127747 -0.000176849     0.346243
 -0.00127747    0.0747395  -0.00745192  0.000356769
-0.000176849  -0.00745192    0.0794107   0.00289676
    0.346243  0.000356769   0.00289676     0.427955
IMAGINARY
           0 -0.000285748   0.00242459  -0.00312961
 0.000285748            0   -0.0145883   0.00295974
 -0.00242459    0.0145883            0  -0.00509858
  0.00312961  -0.00295974   0.00509858            0
EndNode2[0]<--->HoM1[0]
REAL
   0.425328 -0.00433118 -0.00955234    0.349668
-0.00433118   0.0847818 -0.00498324 -0.00179901
-0.00955234 -0.00498324   0.0755587 -0.00161477
   0.349668 -0.00179901 -0.00161477    0.414331
IMAGINARY
           0  0.000934666  0.000262564   0.00181357
-0.000934666            0  -0.00754423   0.00627813
-0.000262564   0.00754423            0   -0.0132893
 -0.00181357  -0.00627813    0.0132893            0
Repeater1[0]<--->EndNode1[0]
REAL
    0.417894 -0.000176849  -0.00127747     0.346243
-0.000176849    0.0794107  -0.00745192   0.00289676
 -0.00127747  -0.00745192    0.0747395  0.000356769
    0.346243   0.00289676  0.000356769     0.427955
IMAGINARY
           0   0.00242459 -0.000285748  -0.00312961
 -0.00242459            0    0.0145883  -0.00509858
 0.000285748   -0.0145883            0   0.00295974
  0.00312961   0.00509858  -0.00295974            0
Repeater1[0]<--->HoM1[0]
REAL
   0.425328 -0.00955234 -0.00433118    0.349668
-0.00955234   0.0755587 -0.00498324 -0.00161477
-0.00433118 -0.00498324   0.0847818 -0.00179901
   0.349668 -0.00161477 -0.00179901    0.414331
IMAGINARY
           0  0.000262564  0.000934666   0.00181357
-0.000262564            0   0.00754423   -0.0132893
-0.000934666  -0.00754423            0   0.00627813
 -0.00181357    0.0132893  -0.00627813            0
EndNode1[0]<--->Repeater1[0]
REAL
   0.422383   0.0128999 0.000945777     0.35185
  0.0128999   0.0750903 -0.00127572  0.00803411
0.000945777 -0.00127572   0.0768953 -0.00751193
    0.35185  0.00803411 -0.00751193    0.425632
IMAGINARY
           0  0.000630757  -0.00323858  -0.00147594
-0.000630757            0   0.00804787   0.00379352
  0.00323858  -0.00804787            0  -0.00969476
  0.00147594  -0.00379352   0.00969476            0
EndNode2[0]<--->HoM1[0]
REAL
    0.431337  -0.00351666   0.00613633     0.349566
 -0.00351666    0.0697589  -0.00446925 -0.000192789
  0.00613633  -0.00446925    0.0646457   0.00388813
    0.349566 -0.000192789   0.00388813     0.434259
IMAGINARY
           0 -0.000286503  -0.00082038  0.000720331
 0.000286503            0  -0.00036036   0.00327652
  0.00082038   0.00036036            0   -0.0042749
-0.000720331  -0.00327652    0.0042749            0
Repeater1[0]<--->EndNode1[0]
REAL
   0.422383 0.000945777   0.0128999     0.35185
0.000945777   0.0768953 -0.00127572 -0.00751193
  0.0128999 -0.00127572   0.0750903  0.00803411
    0.35185 -0.00751193  0.00803411    0.425632
IMAGINARY
           0  -0.00323858  0.000630757  -0.00147594
  0.00323858            0  -0.00804787  -0.00969476
-0.000630757   0.00804787            0   0.00379352
  0.00147594   0.00969476  -0.00379352            0
Repeater1[0]<--->HoM1[0]
REAL
    0.431337   0.00613633  -0.00351666     0.349566
  0.00613633    0.0646457  -0.00446925   0.00388813
 -0.00351666  -0.00446925    0.0697589 -0.000192789
    0.349566   0.00388813 -0.000192789     0.434259
IMAGINARY
           0  -0.00082038 -0.000286503  0.000720331
  0.00082038            0   0.00036036   -0.0042749
 0.000286503  -0.00036036            0   0.00327652
-0.000720331    0.0042749  -0.00327652            0
EndNode1[0]<--->Repeater1[0]
REAL
   0.429033 -0.00535266  -0.0135763    0.352382
-0.00535266   0.0768954   0.0023461 -0.00206553
 -0.0135763   0.0023461   0.0718649  -0.0102892
   0.352382 -0.00206553  -0.0102892    0.422206
IMAGINARY
           0  0.000599445   0.00972744 -0.000267386
-0.000599445            0   0.00652659   0.00334446
 -0.00972744  -0.00652659            0   -0.0031412
 0.000267386  -0.00334446    0.0031412            0
EndNode2[0]<--->HoM1[0]
REAL
   0.417567  0.00388814 -0.00650833     0.34981
 0.00388814   0.0697107 -0.00212093    0.003366
-0.00650833 -0.00212093   0.0822586 -0.00185486
    0.34981    0.003366 -0.00185486    0.430464
IMAGINARY
          0 -0.00792075  0.00107296   0.0102839
 0.00792075           0  0.00610359  0.00786838
-0.00107296 -0.00610359           0  0.00184064
 -0.0102839 -0.00786838 -0.00184064           0
Repeater1[0]<--->EndNode1[0]
REAL
   0.429033  -0.0135763 -0.00535266    0.352382
 -0.0135763   0.0718649   0.0023461  -0.0102892
-0.00535266   0.0023461   0.0768954 -0.00206553
   0.352382  -0.0102892 -0.00206553    0.422206
IMAGINARY
           0   0.00972744  0.000599445 -0.000267386
 -0.00972744            0  -0.00652659   -0.0031412
-0.000599445   0.00652659            0   0.00334446
 0.000267386    0.0031412  -0.00334446            0
Repeater1[0]<--->HoM1[0]
REAL
   0.417567 -0.00650833  0.00388814     0.34981
-0.00650833   0.0822586 -0.00212093 -0.00185486
 0.00388814 -0.00212093   0.0697107    0.003366
    0.34981 -0.00185486    0.003366    0.430464
IMAGINARY
          0  0.00107296 -0.00792075   0.0102839
-0.00107296           0 -0.00610359  0.00184064
 0.00792075  0.00610359           0  0.00786838
 -0.0102839 -0.00184064 -0.00786838           0
EndNode1[0]<--->Repeater1[0]
REAL
    0.41628 -0.00754357 -0.00368458    0.354179
-0.00754357   0.0778293 -0.00102749 -0.00276241
-0.00368458 -0.00102749   0.0817565 -0.00391775
   0.354179 -0.00276241 -0.00391775    0.424134
IMAGINARY
           0 -5.04921e-06 -0.000875767  -0.00839018
 5.04921e-06            0   -0.0133795    -0.011963
 0.000875767    0.0133795            0   0.00856425
  0.00839018     0.011963  -0.00856425            0
EndNode2[0]<--->HoM1[0]
REAL
   0.418512  0.00184977 -0.00103107    0.351589
 0.00184977   0.0700544   0.0021388  0.00406354
-0.00103107   0.0021388   0.0722323  -0.0123742
   0.351589  0.00406354  -0.0123742    0.439201
IMAGINARY
          0 -0.00932573   0.0116407  0.00976303
 0.00932573           0 -0.00572369 -0.00284948
 -0.0116407  0.00572369           0  0.00602902
-0.00976303  0.00284948 -0.00602902           0
Repeater1[0]<--->EndNode1[0]
REAL
    0.41628 -0.00368458 -0.00754357    0.354179
-0.00368458   0.0817565 -0.00102749 -0.00391775
-0.00754357 -0.00102749   0.0778293 -0.00276241
   0.354179 -0.00391775 -0.00276241    0.424134
IMAGINARY
           0 -0.000875767 -5.04921e-06  -0.00839018
 0.000875767            0    0.0133795   0.00856425
 5.04921e-06   -0.0133795            0    -0.011963
  0.00839018  -0.00856425     0.011963            0
Repeater1[0]<--->HoM1[0]
REAL
   0.418512 -0.00103107  0.00184977    0.351589
-0.00103107   0.0722323   0.0021388  -0.0123742
 0.00184977   0.0021388   0.0700544  0.00406354
   0.351589  -0.0123742  0.00406354    0.439201
IMAGINARY
          0   0.0116407 -0.00932573  0.00976303
 -0.0116407           0  0.00572369  0.00602902
 0.00932573 -0.00572369           0 -0.00284948
-0.00976303 -0.00602902  0.00284948           0
EndNode1[0]<--->Repeater1[0]
REAL
   0.435576 -0.00320461  0.00780785    0.345808
-0.00320461   0.0819613  0.00143863 -0.00336735
 0.00780785  0.00143863   0.0737294 -0.00159113
   0.345808 -0.00336735 -0.00159113    0.408733
IMAGINARY
          0 -0.00926938  0.00692605 -0.00440921
 0.00926938           0 -0.00942478  0.00223968
-0.00692605  0.00942478           0  0.00384477
 0.00440921 -0.00223968 -0.00384477           0
EndNode2[0]<--->HoM1[0]
REAL
   0.417758 -0.00218002  0.00501798    0.344313
-0.00218002   0.0673217 -0.00422738  0.00663494
 0.00501798 -0.00422738   0.0811499   0.0138329
   0.344313  0.00663494   0.0138329     0.43377
IMAGINARY
           0  -0.00762058    0.0111455   0.00810017
  0.00762058            0    0.0148617  0.000860407
  -0.0111455   -0.0148617            0  -0.00512415
 -0.00810017 -0.000860407   0.00512415            0
Repeater1[0]<--->EndNode1[0]
REAL
   0.435576  0.00780785 -0.00320461    0.345808
 0.00780785   0.0737294  0.00143863 -0.00159113
-0.00320461  0.00143863   0.0819613 -0.00336735
   0.345808 -0.00159113 -0.00336735    0.408733
IMAGINARY
          0  0.00692605 -0.00926938 -0.00440921
-0.00692605           0  0.00942478  0.00384477
 0.00926938 -0.00942478           0  0.00223968
 0.00440921 -0.00384477 -0.00223968           0
Repeater1[0]<--->HoM1[0]
REAL
   0.417758  0.00501798 -0.00218002    0.344313
 0.00501798   0.0811499 -0.00422738   0.0138329
-0.00218002 -0.00422738   0.0673217  0.00663494
   0.344313   0.0138329  0.00663494     0.43377
IMAGINARY
           0    0.0111455  -0.00762058   0.00810017
  -0.0111455            0   -0.0148617  -0.00512415
  0.00762058    0.0148617            0  0.000860407
 -0.00810017   0.00512415 -0.000860407            0
EndNode1[0]<--->Repeater1[0]
REAL
   0.423584  0.00594511 -0.00707608    0.352755
 0.00594511   0.0773067  -0.0041825   0.0108708
-0.00707608  -0.0041825   0.0719629  0.00760747
   0.352755   0.0108708  0.00760747    0.427146
IMAGINARY
          0  0.00111722 -0.00012672  -0.0108653
-0.00111722           0    0.012436  -0.0135325
 0.00012672   -0.012436           0  0.00535295
  0.0108653   0.0135325 -0.00535295           0
EndNode2[0]<--->HoM1[0]
REAL
   0.434084 -0.00120524  0.00408567    0.352766
-0.00120524   0.0782422 -0.00732494 -0.00556825
 0.00408567 -0.00732494   0.0710968 -0.00138927
   0.352766 -0.00556825 -0.00138927    0.416577
IMAGINARY
           0  0.000111456  -0.00041771  -0.00468664
-0.000111456            0   0.00198003   0.00339078
  0.00041771  -0.00198003            0  -0.00238498
  0.00468664  -0.00339078   0.00238498            0
Repeater1[0]<--->EndNode1[0]
REAL
   0.423584 -0.00707608  0.00594511    0.352755
-0.00707608   0.0719629  -0.0041825  0.00760747
 0.00594511  -0.0041825   0.0773067   0.0108708
   0.352755  0.00760747   0.0108708    0.427146
IMAGINARY
          0 -0.00012672  0.00111722  -0.0108653
 0.00012672           0   -0.012436  0.00535295
-0.00111722    0.012436           0  -0.0135325
  0.0108653 -0.00535295   0.0135325           0
Repeater1[0]<--->HoM1[0]
REAL
   0.434084  0.00408567 -0.00120524    0.352766
 0.00408567   0.0710968 -0.00732494 -0.00138927
-0.00120524 -0.00732494   0.0782422 -0.00556825
   0.352766 -0.00138927 -0.00556825    0.416577
IMAGINARY
           0  -0.00041771  0.000111456  -0.00468664
  0.00041771            0  -0.00198003  -0.00238498
-0.000111456   0.00198003            0   0.00339078
  0.00468664   0.00238498  -0.00339078            0
EndNode1[0]<--->Repeater1[0]
REAL
   0.436848 0.000287635   0.0109284    0.359889
0.000287635   0.0762864 -0.00409898  -0.0116567
  0.0109284 -0.00409898   0.0669306  0.00408236
   0.359889  -0.0116567  0.00408236    0.419935
IMAGINARY
           0  -0.00291185  -0.00191415   -0.0110853
  0.00291185            0  -0.00651157 -0.000850319
  0.00191415   0.00651157            0   0.00235896
   0.0110853  0.000850319  -0.00235896            0
EndNode2[0]<--->HoM1[0]
REAL
   0.439729 -0.00108459   0.0175253    0.343693
-0.00108459     0.07097 -0.00704814 -0.00722362
  0.0175253 -0.00704814   0.0741797  0.00697127
   0.343693 -0.00722362  0.00697127    0.415121
IMAGINARY
          0   0.0041528  -0.0107382 -0.00278996
 -0.0041528           0   0.0119265  -0.0049828
  0.0107382  -0.0119265           0  0.00108753
 0.00278996   0.0049828 -0.00108753           0
Repeater1[0]<--->EndNode1[0]
REAL
   0.436848   0.0109284 0.000287635    0.359889
  0.0109284   0.0669306 -0.00409898  0.00408236
0.000287635 -0.00409898   0.0762864  -0.0116567
   0.359889  0.00408236  -0.0116567    0.419935
IMAGINARY
           0  -0.00191415  -0.00291185   -0.0110853
  0.00191415            0   0.00651157   0.00235896
  0.00291185  -0.00651157            0 -0.000850319
   0.0110853  -0.00235896  0.000850319            0
Repeater1[0]<--->HoM1[0]
REAL
   0.439729   0.0175253 -0.00108459    0.343693
  0.0175253   0.0741797 -0.00704814  0.00697127
-0.00108459 -0.00704814     0.07097 -0.00722362
   0.343693  0.00697127 -0.00722362    0.415121
IMAGINARY
          0  -0.0107382   0.0041528 -0.00278996
  0.0107382           0  -0.0119265  0.00108753
 -0.0041528   0.0119265           0  -0.0049828
 0.00278996 -0.00108753   0.0049828           0
EndNode1[0]<--->Repeater1[0]
REAL
  0.439683 0.00238644 0.00156026   0.348321
0.00238644  0.0731005 0.00194632  0.0157303
0.00156026 0.00194632  0.0684192 0.00777399
  0.348321  0.0157303 0.00777399   0.418797
IMAGINARY
           0    0.0110304  -0.00641194  -0.00731925
  -0.0110304            0 -0.000594421  -0.00112575
  0.00641194  0.000594421            0  -0.00995363
  0.00731925   0.00112575   0.00995363            0
EndNode2[0]<--->HoM1[0]
REAL
   0.431248   0.0115362  0.00546065     0.35187
  0.0115362   0.0813008 -0.00376394  0.00097554
 0.00546065 -0.00376394   0.0791799  0.00924346
    0.35187  0.00097554  0.00924346    0.408271
IMAGINARY
          0   0.0101887  0.00639405   0.0126615
 -0.0101887           0  0.00300902 -0.00111236
-0.00639405 -0.00300902           0 -0.00631544
 -0.0126615  0.00111236  0.00631544           0
Repeater1[0]<--->EndNode1[0]
REAL
  0.439683 0.00156026 0.00238644   0.348321
0.00156026  0.0684192 0.00194632 0.00777399
0.00238644 0.00194632  0.0731005  0.0157303
  0.348321 0.00777399  0.0157303   0.418797
IMAGINARY
           0  -0.00641194    0.0110304  -0.00731925
  0.00641194            0  0.000594421  -0.00995363
  -0.0110304 -0.000594421            0  -0.00112575
  0.00731925   0.00995363   0.00112575            0
Repeater1[0]<--->HoM1[0]
REAL
   0.431248  0.00546065   0.0115362     0.35187
 0.00546065   0.0791799 -0.00376394  0.00924346
  0.0115362 -0.00376394   0.0813008  0.00097554
    0.35187  0.00924346  0.00097554    0.408271
IMAGINARY
          0  0.00639405   0.0101887   0.0126615
-0.00639405           0 -0.00300902 -0.00631544
 -0.0101887  0.00300902           0 -0.00111236
 -0.0126615  0.00631544  0.00111236           0
EndNode1[0]<--->Repeater1[0]
REAL
   0.435049 -0.00551244  -0.0027278    0.353325
-0.00551244   0.0712487 -0.00241609 -0.00309038
 -0.0027278 -0.00241609   0.0672904 -0.00830574
   0.353325 -0.00309038 -0.00830574    0.426412
IMAGINARY
           0   0.00649065  -0.00960269  -0.00164542
 -0.00649065            0   0.00731516  0.000881762
  0.00960269  -0.00731516            0 -0.000313323
  0.00164542 -0.000881762  0.000313323            0
EndNode2[0]<--->HoM1[0]
REAL
   0.433333 -0.00139744 -0.00805971    0.343362
-0.00139744   0.0709677 -0.00566024  0.00536671
-0.00805971 -0.00566024   0.0770609 -0.00775876
   0.343362  0.00536671 -0.00775876    0.418638
IMAGINARY
          0 -0.00597975  0.00346732  0.00443497
 0.00597975           0   0.0054988   0.0117391
-0.00346732  -0.0054988           0 -0.00451989
-0.00443497  -0.0117391  0.00451989           0
Repeater1[0]<--->EndNode1[0]
REAL
   0.435049  -0.0027278 -0.00551244    0.353325
 -0.0027278   0.0672904 -0.00241609 -0.00830574
-0.00551244 -0.00241609   0.0712487 -0.00309038
   0.353325 -0.00830574 -0.00309038    0.426412
IMAGINARY
           0  -0.00960269   0.00649065  -0.00164542
  0.00960269            0  -0.00731516 -0.000313323
 -0.00649065   0.00731516            0  0.000881762
  0.00164542  0.000313323 -0.000881762            0
Repeater1[0]<--->HoM1[0]
REAL
   0.433333 -0.00805971 -0.00139744    0.343362
-0.00805971   0.0770609 -0.00566024 -0.00775876
-0.00139744 -0.00566024   0.0709677  0.00536671
   0.343362 -0.00775876  0.00536671    0.418638
IMAGINARY
          0  0.00346732 -0.00597975  0.00443497
-0.00346732           0  -0.0054988 -0.00451989
 0.00597975   0.0054988           0   0.0117391
-0.00443497  0.00451989  -0.0117391           0
EndNode1[0]<--->Repeater1[0]
REAL
    0.42826  0.00287927  0.00284355    0.346567
 0.00287927   0.0737377  0.00128285  0.00211786
 0.00284355  0.00128285    0.083182 0.000612093
   0.346567  0.00211786 0.000612093     0.41482
IMAGINARY
           0   0.00664321   0.00201869  -0.00334213
 -0.00664321            0 -0.000307502  -0.00219531
 -0.00201869  0.000307502            0   0.00271744
  0.00334213   0.00219531  -0.00271744            0
EndNode2[0]<--->HoM1[0]
REAL
   0.419678  -0.0174052 -0.00877424    0.352862
 -0.0174052   0.0794275 -0.00676248 -0.00611937
-0.00877424 -0.00676248   0.0697674 -0.00387138
   0.352862 -0.00611937 -0.00387138    0.431127
IMAGINARY
           0  -0.00310838  -0.00168403   0.00519315
  0.00310838            0 -0.000714472    0.0181675
  0.00168403  0.000714472            0  -0.00132267
 -0.00519315   -0.0181675   0.00132267            0
Repeater1[0]<--->EndNode1[0]
REAL
    0.42826  0.00284355  0.00287927    0.346567
 0.00284355    0.083182  0.00128285 0.000612093
 0.00287927  0.00128285   0.0737377  0.00211786
   0.346567 0.000612093  0.00211786     0.41482
IMAGINARY
           0   0.00201869   0.00664321  -0.00334213
 -0.00201869            0  0.000307502   0.00271744
 -0.00664321 -0.000307502            0  -0.00219531
  0.00334213  -0.00271744   0.00219531            0
Repeater1[0]<--->HoM1[0]
REAL
   0.419678 -0.00877424  -0.0174052    0.352862
-0.00877424   0.0697674 -0.00676248 -0.00387138
 -0.0174052 -0.00676248   0.0794275 -0.00611937
   0.352862 -0.00387138 -0.00611937    0.431127
IMAGINARY
           0  -0.00168403  -0.00310838   0.00519315
  0.00168403            0  0.000714472  -0.00132267
  0.00310838 -0.000714472            0    0.0181675
 -0.00519315   0.00132267   -0.0181675            0
EndNode1[0]<--->Repeater1[0]
REAL
   0.419216 9.92128e-05 -0.00895968    0.352569
9.92128e-05   0.0737675 -0.00102825 -0.00714677
-0.00895968 -0.00102825   0.0734077 -0.00780229
   0.352569 -0.00714677 -0.00780229    0.433609
IMAGINARY
           0   0.00531434   0.00176772  0.000617668
 -0.00531434            0   0.00554647   -0.0104008
 -0.00176772  -0.00554647            0  -0.00423521
-0.000617668    0.0104008   0.00423521            0
EndNode2[0]<--->HoM1[0]
REAL
   0.433492  0.00378356 -0.00551165    0.343435
 0.00378356   0.0696226  0.00206787  0.00921536
-0.00551165  0.00206787   0.0747527  0.00626935
   0.343435  0.00921536  0.00626935    0.422133
IMAGINARY
           0   0.00676337  -0.00601533  -0.00815837
 -0.00676337            0  0.000193123   0.00493619
  0.00601533 -0.000193123            0   0.00258914
  0.00815837  -0.00493619  -0.00258914            0
Repeater1[0]<--->EndNode1[0]
REAL
   0.419216 -0.00895968 9.92128e-05    0.352569
-0.00895968   0.0734077 -0.00102825 -0.00780229
9.92128e-05 -0.00102825   0.0737675 -0.00714677
   0.352569 -0.00780229 -0.00714677    0.433609
IMAGINARY
           0   0.00176772   0.00531434  0.000617668
 -0.00176772            0  -0.00554647  -0.00423521
 -0.00531434   0.00554647            0   -0.0104008
-0.000617668   0.00423521    0.0104008            0
Repeater1[0]<--->HoM1[0]
REAL
   0.433492 -0.00551165  0.00378356    0.343435
-0.00551165   0.0747527  0.00206787  0.00626935
 0.00378356  0.00206787   0.0696226  0.00921536
   0.343435  0.00626935  0.00921536    0.422133
IMAGINARY
           0  -0.00601533   0.00676337  -0.00815837
  0.00601533            0 -0.000193123   0.00258914
 -0.00676337  0.000193123            0   0.00493619
  0.00815837  -0.00258914  -0.00493619            0
EndNode1[0]<--->Repeater1[0]
REAL
   0.423929  -0.0131236  0.00603148    0.347668
 -0.0131236   0.0703571 -0.00243882    0.003801
 0.00603148 -0.00243882   0.0782143  0.00219866
   0.347668    0.003801  0.00219866      0.4275
IMAGINARY
          0 -0.00758994   0.0107191  0.00280707
 0.00758994           0  -0.0154306  0.00926665
 -0.0107191   0.0154306           0 -0.00811313
-0.00280707 -0.00926665  0.00811313           0
EndNode2[0]<--->HoM1[0]
REAL
    0.427564   0.00515381  0.000815579     0.337508
  0.00515381    0.0740219   0.00465476 -8.98898e-05
 0.000815579   0.00465476    0.0722594   0.00319162
    0.337508 -8.98898e-05   0.00319162     0.426154
IMAGINARY
          0   0.0144448 -0.00120332   0.0100304
 -0.0144448           0 -0.00249642  -0.0121252
 0.00120332  0.00249642           0   0.0104111
 -0.0100304   0.0121252  -0.0104111           0
Repeater1[0]<--->EndNode1[0]
REAL
   0.423929  0.00603148  -0.0131236    0.347668
 0.00603148   0.0782143 -0.00243882  0.00219866
 -0.0131236 -0.00243882   0.0703571    0.003801
   0.347668  0.00219866    0.003801      0.4275
IMAGINARY
          0   0.0107191 -0.00758994  0.00280707
 -0.0107191           0   0.0154306 -0.00811313
 0.00758994  -0.0154306           0  0.00926665
-0.00280707  0.00811313 -0.00926665           0
Repeater1[0]<--->HoM1[0]
REAL
    0.427564  0.000815579   0.00515381     0.337508
 0.000815579    0.0722594   0.00465476   0.00319162
  0.00515381   0.00465476    0.0740219 -8.98898e-05
    0.337508   0.00319162 -8.98898e-05     0.426154
IMAGINARY
          0 -0.00120332   0.0144448   0.0100304
 0.00120332           0  0.00249642   0.0104111
 -0.0144448 -0.00249642           0  -0.0121252
 -0.0100304  -0.0104111   0.0121252           0
EndNode1[0]<--->Repeater1[0]
REAL
   0.414123  0.00218739 -0.00875092    0.351861
 0.00218739   0.0741661  0.00741686 -0.00893045
-0.00875092  0.00741686   0.0709723  -0.0176814
   0.351861 -0.00893045  -0.0176814    0.440738
IMAGINARY
           0  0.000335094  -0.00253261    -0.006161
-0.000335094            0   0.00151483   -0.0059859
  0.00253261  -0.00151483            0    0.0022575
    0.006161    0.0059859   -0.0022575            0
EndNode2[0]<--->HoM1[0]
REAL
   0.421244 -0.00663857 -0.00507217    0.346102
-0.00663857   0.0811204 -0.00046447 -0.00238496
-0.00507217 -0.00046447   0.0727537  0.00514714
   0.346102 -0.00238496  0.00514714    0.424882
IMAGINARY
           0   0.00129257 -0.000276299  6.10214e-06
 -0.00129257            0  -0.00675546   -0.0043732
 0.000276299   0.00675546            0   0.00943704
-6.10214e-06    0.0043732  -0.00943704            0
Repeater1[0]<--->EndNode1[0]
REAL
   0.414123 -0.00875092  0.00218739    0.351861
-0.00875092   0.0709723  0.00741686  -0.0176814
 0.00218739  0.00741686   0.0741661 -0.00893045
   0.351861  -0.0176814 -0.00893045    0.440738
IMAGINARY
           0  -0.00253261  0.000335094    -0.006161
  0.00253261            0  -0.00151483    0.0022575
-0.000335094   0.00151483            0   -0.0059859
    0.006161   -0.0022575    0.0059859            0
Repeater1[0]<--->HoM1[0]
REAL
   0.421244 -0.00507217 -0.00663857    0.346102
-0.00507217   0.0727537 -0.00046447  0.00514714
-0.00663857 -0.00046447   0.0811204 -0.00238496
   0.346102  0.00514714 -0.00238496    0.424882
IMAGINARY
           0 -0.000276299   0.00129257  6.10214e-06
 0.000276299            0   0.00675546   0.00943704
 -0.00129257  -0.00675546            0   -0.0043732
-6.10214e-06  -0.00943704    0.0043732            0
EndNode1[0]<--->Repeater1[0]
REAL
     0.40635 -0.000281902  -0.00252117     0.345908
-0.000281902    0.0727792  -0.00173821   0.00488223
 -0.00252117  -0.00173821    0.0795576   0.00445916
    0.345908   0.00488223   0.00445916     0.441313
IMAGINARY
          0  0.00592463 -0.00932872  -0.0101661
-0.00592463           0   0.0110417  0.00339986
 0.00932872  -0.0110417           0 -0.00215173
  0.0101661 -0.00339986  0.00215173           0
EndNode2[0]<--->HoM1[0]
REAL
   0.413592 -0.00121297  0.00777672      0.3489
-0.00121297   0.0748995  0.00491328  -0.0158982
 0.00777672  0.00491328   0.0774571 -0.00620228
     0.3489  -0.0158982 -0.00620228    0.434052
IMAGINARY
           0  0.000181288    0.0153157   0.00594464
-0.000181288            0   0.00538681   0.00147738
  -0.0153157  -0.00538681            0  -0.00180642
 -0.00594464  -0.00147738   0.00180642            0
Repeater1[0]<--->EndNode1[0]
REAL
     0.40635  -0.00252117 -0.000281902     0.345908
 -0.00252117    0.0795576  -0.00173821   0.00445916
-0.000281902  -0.00173821    0.0727792   0.00488223
    0.345908   0.00445916   0.00488223     0.441313
IMAGINARY
          0 -0.00932872  0.00592463  -0.0101661
 0.00932872           0  -0.0110417 -0.00215173
-0.00592463   0.0110417           0  0.00339986
  0.0101661  0.00215173 -0.00339986           0
Repeater1[0]<--->HoM1[0]
REAL
   0.413592  0.00777672 -0.00121297      0.3489
 0.00777672   0.0774571  0.00491328 -0.00620228
-0.00121297  0.00491328   0.0748995  -0.0158982
     0.3489 -0.00620228  -0.0158982    0.434052
IMAGINARY
           0    0.0153157  0.000181288   0.00594464
  -0.0153157            0  -0.00538681  -0.00180642
-0.000181288   0.00538681            0   0.00147738
 -0.00594464   0.00180642  -0.00147738            0

 
 
 EndNode1[0]<--->Repeater1[0]
REAL
    0.430897  -0.00197741  -0.00470381      0.33468
 -0.00197741    0.0767004 -0.000468712   0.00663567
 -0.00470381 -0.000468712    0.0625904   0.00390927
     0.33468   0.00663567   0.00390927     0.429812
IMAGINARY
           0   0.00259259 -0.000304719   0.00273308
 -0.00259259            0   0.00810173   0.00974553
 0.000304719  -0.00810173            0  -0.00259259
 -0.00273308  -0.00974553   0.00259259            0
EndNode2[0]<--->HoM1[0]
REAL
    0.419659  -0.00633959    0.0086328      0.35073
 -0.00633959    0.0790715 -0.000947901   -0.0115356
   0.0086328 -0.000947901    0.0768952   -0.0103513
     0.35073   -0.0115356   -0.0103513     0.424374
IMAGINARY
           0  -0.00528996  -0.00234073   0.00863889
  0.00528996            0   0.00102468 -0.000365869
  0.00234073  -0.00102468            0   0.00691392
 -0.00863889  0.000365869  -0.00691392            0
Repeater1[0]<--->EndNode1[0]
REAL
    0.430897  -0.00470381  -0.00197741      0.33468
 -0.00470381    0.0625904 -0.000468712   0.00390927
 -0.00197741 -0.000468712    0.0767004   0.00663567
     0.33468   0.00390927   0.00663567     0.429812
IMAGINARY
           0 -0.000304719   0.00259259   0.00273308
 0.000304719            0  -0.00810173  -0.00259259
 -0.00259259   0.00810173            0   0.00974553
 -0.00273308   0.00259259  -0.00974553            0
Repeater1[0]<--->HoM1[0]
REAL
    0.419659    0.0086328  -0.00633959      0.35073
   0.0086328    0.0768952 -0.000947901   -0.0103513
 -0.00633959 -0.000947901    0.0790715   -0.0115356
     0.35073   -0.0103513   -0.0115356     0.424374
IMAGINARY
           0  -0.00234073  -0.00528996   0.00863889
  0.00234073            0  -0.00102468   0.00691392
  0.00528996   0.00102468            0 -0.000365869
 -0.00863889  -0.00691392  0.000365869            0
EndNode1[0]<--->Repeater1[0]
REAL
   0.428835  0.00175331 -0.00292855    0.355421
 0.00175331   0.0654344  0.00484608 -0.00485499
-0.00292855  0.00484608   0.0724584 -0.00694234
   0.355421 -0.00485499 -0.00694234    0.433272
IMAGINARY
          0  0.00720722  0.00344702 -0.00948093
-0.00720722           0 -0.00585649 -0.00344702
-0.00344702  0.00585649           0 -0.00577043
 0.00948093  0.00344702  0.00577043           0
EndNode2[0]<--->HoM1[0]
REAL
    0.409382  -0.00390922   -0.0161779     0.354797
 -0.00390922    0.0703625   0.00635459 -0.000950381
  -0.0161779   0.00635459    0.0696517  -0.00119282
    0.354797 -0.000950381  -0.00119282     0.450604
IMAGINARY
          0   0.0123844 -0.00240276  0.00559567
 -0.0123844           0 -0.00559567 -0.00442259
 0.00240276  0.00559567           0  -0.0157095
-0.00559567  0.00442259   0.0157095           0
Repeater1[0]<--->EndNode1[0]
REAL
   0.428835 -0.00292855  0.00175331    0.355421
-0.00292855   0.0724584  0.00484608 -0.00694234
 0.00175331  0.00484608   0.0654344 -0.00485499
   0.355421 -0.00694234 -0.00485499    0.433272
IMAGINARY
          0  0.00344702  0.00720722 -0.00948093
-0.00344702           0  0.00585649 -0.00577043
-0.00720722 -0.00585649           0 -0.00344702
 0.00948093  0.00577043  0.00344702           0
Repeater1[0]<--->HoM1[0]
REAL
