EndNode[0]<--->HoM[0]
REAL
   0.491651 0.000661492 0.000302577         0.5
0.000661492           0           0  -0.0159136
0.000302577           0           0  -0.0162726
        0.5  -0.0159136  -0.0162726    0.508349
IMAGINARY
          0 -0.00286028  0.00759472  0.00936169
 0.00286028           0  0.00708275 -0.00850546
-0.00759472 -0.00708275           0  0.00377102
-0.00936169  0.00850546 -0.00377102           0
EndNode[1]<--->HoM[1]
REAL
    0.522085  0.000689686  -0.00581593          0.5
 0.000689686            0            0 -0.000400767
 -0.00581593            0            0  -0.00690638
         0.5 -0.000400767  -0.00690638     0.477915
IMAGINARY
          0  -0.0251699   0.0111235   0.0119715
  0.0251699           0  0.00920396   0.0116038
 -0.0111235 -0.00920396           0  0.00244265
 -0.0119715  -0.0116038 -0.00244265           0
repeater[0]<--->HoM[0]
REAL
   0.491651 0.000302577 0.000661492         0.5
0.000302577           0           0  -0.0162726
0.000661492           0           0  -0.0159136
        0.5  -0.0162726  -0.0159136    0.508349
IMAGINARY
          0  0.00759472 -0.00286028  0.00936169
-0.00759472           0 -0.00708275  0.00377102
 0.00286028  0.00708275           0 -0.00850546
-0.00936169 -0.00377102  0.00850546           0
repeater[0]<--->HoM[1]
REAL
    0.522085  -0.00581593  0.000689686          0.5
 -0.00581593            0            0  -0.00690638
 0.000689686            0            0 -0.000400767
         0.5  -0.00690638 -0.000400767     0.477915
IMAGINARY
          0   0.0111235  -0.0251699   0.0119715
 -0.0111235           0 -0.00920396  0.00244265
  0.0251699  0.00920396           0   0.0116038
 -0.0119715 -0.00244265  -0.0116038           0
EndNode[0]<--->HoM[0]
REAL
   0.491651 0.000661492 0.000302577         0.5
0.000661492           0           0  -0.0159136
0.000302577           0           0  -0.0162726
        0.5  -0.0159136  -0.0162726    0.508349
IMAGINARY
          0 -0.00286028  0.00759472  0.00936169
 0.00286028           0  0.00708275 -0.00850546
-0.00759472 -0.00708275           0  0.00377102
-0.00936169  0.00850546 -0.00377102           0
EndNode[1]<--->HoM[1]
REAL
    0.522085  0.000689686  -0.00581593          0.5
 0.000689686            0            0 -0.000400767
 -0.00581593            0            0  -0.00690638
         0.5 -0.000400767  -0.00690638     0.477915
IMAGINARY
          0  -0.0251699   0.0111235   0.0119715
  0.0251699           0  0.00920396   0.0116038
 -0.0111235 -0.00920396           0  0.00244265
 -0.0119715  -0.0116038 -0.00244265           0
repeater[0]<--->HoM[0]
REAL
   0.491651 0.000302577 0.000661492         0.5
0.000302577           0           0  -0.0162726
0.000661492           0           0  -0.0159136
        0.5  -0.0162726  -0.0159136    0.508349
IMAGINARY
          0  0.00759472 -0.00286028  0.00936169
-0.00759472           0 -0.00708275  0.00377102
 0.00286028  0.00708275           0 -0.00850546
-0.00936169 -0.00377102  0.00850546           0
repeater[0]<--->HoM[1]
REAL
    0.522085  -0.00581593  0.000689686          0.5
 -0.00581593            0            0  -0.00690638
 0.000689686            0            0 -0.000400767
         0.5  -0.00690638 -0.000400767     0.477915
IMAGINARY
          0   0.0111235  -0.0251699   0.0119715
 -0.0111235           0 -0.00920396  0.00244265
  0.0251699  0.00920396           0   0.0116038
 -0.0119715 -0.00244265  -0.0116038           0
EndNode[0]<--->HoM[0]
REAL
   0.495868  -0.0101384 -0.00637782         0.5
 -0.0101384           0           0 -0.00996205
-0.00637782           0           0 -0.00620143
        0.5 -0.00996205 -0.00620143    0.504132
IMAGINARY
          0 -0.00472625 -0.00485021 -0.00691087
 0.00472625           0 -0.00509599  0.00299836
 0.00485021  0.00509599           0   0.0065781
 0.00691087 -0.00299836  -0.0065781           0
EndNode[1]<--->HoM[1]
REAL
   0.503208  0.00346719  0.00646194         0.5
 0.00346719           0           0 -0.00924487
 0.00646194           0           0 -0.00625012
        0.5 -0.00924487 -0.00625012    0.496792
IMAGINARY
           0    0.0018472 -0.000857203  -0.00790722
  -0.0018472            0   0.00596924   0.00729497
 0.000857203  -0.00596924            0  -0.00828496
  0.00790722  -0.00729497   0.00828496            0
repeater[0]<--->HoM[0]
REAL
   0.495868 -0.00637782  -0.0101384         0.5
-0.00637782           0           0 -0.00620143
 -0.0101384           0           0 -0.00996205
        0.5 -0.00620143 -0.00996205    0.504132
IMAGINARY
          0 -0.00485021 -0.00472625 -0.00691087
 0.00485021           0  0.00509599   0.0065781
 0.00472625 -0.00509599           0  0.00299836
 0.00691087  -0.0065781 -0.00299836           0
repeater[0]<--->HoM[1]
REAL
   0.503208  0.00646194  0.00346719         0.5
 0.00646194           0           0 -0.00625012
 0.00346719           0           0 -0.00924487
        0.5 -0.00625012 -0.00924487    0.496792
IMAGINARY
           0 -0.000857203    0.0018472  -0.00790722
 0.000857203            0  -0.00596924  -0.00828496
  -0.0018472   0.00596924            0   0.00729497
  0.00790722   0.00828496  -0.00729497            0
