EndNode1[0]<--->Repeater1[0]
REAL
    0.43772   0.0107679  0.00911335    0.339939
  0.0107679   0.0710928 -0.00315413    0.006721
 0.00911335 -0.00315413   0.0640423  0.00263043
   0.339939    0.006721  0.00263043    0.427145
IMAGINARY
           0     0.010826  -0.00204974  -0.00422092
   -0.010826            0    0.0057556  5.99689e-05
  0.00204974   -0.0057556            0  -0.00315116
  0.00422092 -5.99689e-05   0.00315116            0
EndNode2[0]<--->HoM1[0]
REAL
     0.42839 -0.000859643    0.0126401     0.345033
-0.000859643    0.0874525  -0.00168189   0.00223545
   0.0126401  -0.00168189    0.0602028   0.00237755
    0.345033   0.00223545   0.00237755     0.423954
IMAGINARY
           0  0.000150312   0.00671846 -0.000700931
-0.000150312            0    0.0108562   0.00240563
 -0.00671846   -0.0108562            0  -0.00562476
 0.000700931  -0.00240563   0.00562476            0
Repeater1[0]<--->EndNode1[0]
REAL
    0.43772  0.00911335   0.0107679    0.339939
 0.00911335   0.0640423 -0.00315413  0.00263043
  0.0107679 -0.00315413   0.0710928    0.006721
   0.339939  0.00263043    0.006721    0.427145
IMAGINARY
           0  -0.00204974     0.010826  -0.00422092
  0.00204974            0   -0.0057556  -0.00315116
   -0.010826    0.0057556            0  5.99689e-05
  0.00422092   0.00315116 -5.99689e-05            0
Repeater1[0]<--->HoM1[0]
REAL
     0.42839    0.0126401 -0.000859643     0.345033
   0.0126401    0.0602028  -0.00168189   0.00237755
-0.000859643  -0.00168189    0.0874525   0.00223545
    0.345033   0.00237755   0.00223545     0.423954
IMAGINARY
           0   0.00671846  0.000150312 -0.000700931
 -0.00671846            0   -0.0108562  -0.00562476
-0.000150312    0.0108562            0   0.00240563
 0.000700931   0.00562476  -0.00240563            0
EndNode1[0]<--->Repeater1[0]
REAL
   0.414067  -0.0016014  0.00628759    0.338941
 -0.0016014   0.0721713  0.00683643 -0.00751158
 0.00628759  0.00683643   0.0770642 -0.00451855
   0.338941 -0.00751158 -0.00451855    0.436697
IMAGINARY
          0 -0.00959542  0.00436066  0.00684241
 0.00959542           0  -0.0041332    0.014641
-0.00436066   0.0041332           0   0.0144167
-0.00684241   -0.014641  -0.0144167           0
EndNode2[0]<--->HoM1[0]
REAL
   0.416566  0.00505522   0.0199021    0.344712
 0.00505522   0.0737606 -0.00410551 -0.00535661
  0.0199021 -0.00410551   0.0737606   0.0137327
   0.344712 -0.00535661   0.0137327    0.435913
IMAGINARY
          0  -0.0159169 -0.00492004 -0.00226671
  0.0159169           0  0.00826911  0.00636262
 0.00492004 -0.00826911           0   0.0121662
 0.00226671 -0.00636262  -0.0121662           0
Repeater1[0]<--->EndNode1[0]
REAL
   0.414067  0.00628759  -0.0016014    0.338941
 0.00628759   0.0770642  0.00683643 -0.00451855
 -0.0016014  0.00683643   0.0721713 -0.00751158
   0.338941 -0.00451855 -0.00751158    0.436697
IMAGINARY
          0  0.00436066 -0.00959542  0.00684241
-0.00436066           0   0.0041332   0.0144167
 0.00959542  -0.0041332           0    0.014641
-0.00684241  -0.0144167   -0.014641           0
Repeater1[0]<--->HoM1[0]
REAL
   0.416566   0.0199021  0.00505522    0.344712
  0.0199021   0.0737606 -0.00410551   0.0137327
 0.00505522 -0.00410551   0.0737606 -0.00535661
   0.344712   0.0137327 -0.00535661    0.435913
IMAGINARY
          0 -0.00492004  -0.0159169 -0.00226671
 0.00492004           0 -0.00826911   0.0121662
  0.0159169  0.00826911           0  0.00636262
 0.00226671  -0.0121662 -0.00636262           0
EndNode1[0]<--->Repeater1[0]
REAL
   0.428657  0.00492802  0.00494668    0.346894
 0.00492802   0.0761391 -0.00791624  -0.0117797
 0.00494668 -0.00791624   0.0791367 -0.00760181
   0.346894  -0.0117797 -0.00760181    0.416067
IMAGINARY
          0 -0.00622005 -0.00135501  -0.0194214
 0.00622005           0  0.00393191   0.0127253
 0.00135501 -0.00393191           0 -0.00223476
  0.0194214  -0.0127253  0.00223476           0
EndNode2[0]<--->HoM1[0]
REAL
    0.42437  -0.0109433  -0.0104283    0.353905
 -0.0109433   0.0768307 -0.00348758  0.00804456
 -0.0104283 -0.00348758   0.0810324 -0.00633921
   0.353905  0.00804456 -0.00633921    0.417767
IMAGINARY
           0  0.000573864  -0.00600406  -0.00718858
-0.000573864            0    0.0145505  0.000183334
  0.00600406   -0.0145505            0    0.0023365
  0.00718858 -0.000183334   -0.0023365            0
Repeater1[0]<--->EndNode1[0]
REAL
   0.428657  0.00494668  0.00492802    0.346894
 0.00494668   0.0791367 -0.00791624 -0.00760181
 0.00492802 -0.00791624   0.0761391  -0.0117797
   0.346894 -0.00760181  -0.0117797    0.416067
IMAGINARY
          0 -0.00135501 -0.00622005  -0.0194214
 0.00135501           0 -0.00393191 -0.00223476
 0.00622005  0.00393191           0   0.0127253
  0.0194214  0.00223476  -0.0127253           0
Repeater1[0]<--->HoM1[0]
REAL
    0.42437  -0.0104283  -0.0109433    0.353905
 -0.0104283   0.0810324 -0.00348758 -0.00633921
 -0.0109433 -0.00348758   0.0768307  0.00804456
   0.353905 -0.00633921  0.00804456    0.417767
IMAGINARY
           0  -0.00600406  0.000573864  -0.00718858
  0.00600406            0   -0.0145505    0.0023365
-0.000573864    0.0145505            0  0.000183334
  0.00718858   -0.0023365 -0.000183334            0
EndNode1[0]<--->Repeater1[0]
REAL
    0.416213 -0.000137313   0.00223938     0.347059
-0.000137313    0.0756201  -0.00522798    0.0110862
  0.00223938  -0.00522798    0.0780399    0.0105661
    0.347059    0.0110862    0.0105661     0.430127
IMAGINARY
          0 -0.00414821 -0.00128206 -0.00994968
 0.00414821           0  0.00388907 -0.00242622
 0.00128206 -0.00388907           0 -0.00265031
 0.00994968  0.00242622  0.00265031           0
EndNode2[0]<--->HoM1[0]
REAL
    0.434019     0.015177    0.0202137     0.353119
    0.015177    0.0696126 -0.000879004    0.0149812
   0.0202137 -0.000879004     0.066586    0.0107101
    0.353119    0.0149812    0.0107101     0.429782
IMAGINARY
           0  -0.00749438   -0.0119393   0.00459545
  0.00749438            0  -0.00803081 -0.000227574
   0.0119393   0.00803081            0   0.00459751
 -0.00459545  0.000227574  -0.00459751            0
Repeater1[0]<--->EndNode1[0]
REAL
    0.416213   0.00223938 -0.000137313     0.347059
  0.00223938    0.0780399  -0.00522798    0.0105661
-0.000137313  -0.00522798    0.0756201    0.0110862
    0.347059    0.0105661    0.0110862     0.430127
IMAGINARY
          0 -0.00128206 -0.00414821 -0.00994968
 0.00128206           0 -0.00388907 -0.00265031
 0.00414821  0.00388907           0 -0.00242622
 0.00994968  0.00265031  0.00242622           0
Repeater1[0]<--->HoM1[0]
REAL
    0.434019    0.0202137     0.015177     0.353119
   0.0202137     0.066586 -0.000879004    0.0107101
    0.015177 -0.000879004    0.0696126    0.0149812
    0.353119    0.0107101    0.0149812     0.429782
IMAGINARY
           0   -0.0119393  -0.00749438   0.00459545
   0.0119393            0   0.00803081   0.00459751
  0.00749438  -0.00803081            0 -0.000227574
 -0.00459545  -0.00459751  0.000227574            0
EndNode1[0]<--->Repeater1[0]
REAL
   0.416667  0.00898041  0.00403027    0.344379
 0.00898041   0.0780142  0.00330316 -0.00252515
 0.00403027  0.00330316    0.070922 -0.00687325
   0.344379 -0.00252515 -0.00687325    0.434397
IMAGINARY
          0 -0.00907696 -0.00353681  0.00279955
 0.00907696           0   -0.011123  0.00903804
 0.00353681    0.011123           0  0.00602073
-0.00279955 -0.00903804 -0.00602073           0
EndNode2[0]<--->HoM1[0]
REAL
  0.427208 -0.0139946 -0.0141797   0.358911
-0.0139946  0.0835322 0.00539616 0.00208533
-0.0141797 0.00539616  0.0877088 0.00544003
  0.358911 0.00208533 0.00544003   0.401551
IMAGINARY
           0   0.00607948   -0.0022157  -0.00935657
 -0.00607948            0  -0.00215557  -0.00457698
   0.0022157   0.00215557            0 -0.000468139
  0.00935657   0.00457698  0.000468139            0
Repeater1[0]<--->EndNode1[0]
REAL
   0.416667  0.00403027  0.00898041    0.344379
 0.00403027    0.070922  0.00330316 -0.00687325
 0.00898041  0.00330316   0.0780142 -0.00252515
   0.344379 -0.00687325 -0.00252515    0.434397
IMAGINARY
          0 -0.00353681 -0.00907696  0.00279955
 0.00353681           0    0.011123  0.00602073
 0.00907696   -0.011123           0  0.00903804
-0.00279955 -0.00602073 -0.00903804           0
Repeater1[0]<--->HoM1[0]
REAL
  0.427208 -0.0141797 -0.0139946   0.358911
-0.0141797  0.0877088 0.00539616 0.00544003
-0.0139946 0.00539616  0.0835322 0.00208533
  0.358911 0.00544003 0.00208533   0.401551
IMAGINARY
           0   -0.0022157   0.00607948  -0.00935657
   0.0022157            0   0.00215557 -0.000468139
 -0.00607948  -0.00215557            0  -0.00457698
  0.00935657  0.000468139   0.00457698            0
EndNode1[0]<--->Repeater1[0]
REAL
    0.416616  -0.00434936  -0.00150613     0.351611
 -0.00434936    0.0770164    0.0102913 -0.000613801
 -0.00150613    0.0102913    0.0709521  -0.00140472
    0.351611 -0.000613801  -0.00140472     0.435415
IMAGINARY
           0   -0.0159293   0.00789042   -0.0010447
   0.0159293            0  -0.00483037 -0.000111951
 -0.00789042   0.00483037            0   0.00503942
   0.0010447  0.000111951  -0.00503942            0
EndNode2[0]<--->HoM1[0]
REAL
   0.419668  0.00317093 -0.00210572    0.345787
 0.00317093   0.0726129 -0.00213094 -0.00180288
-0.00210572 -0.00213094   0.0668954 -0.00347159
   0.345787 -0.00180288 -0.00347159    0.440823
IMAGINARY
          0  0.00451033   0.0165416  0.00277377
-0.00451033           0  0.00128656  -0.0102048
 -0.0165416 -0.00128656           0  -0.0120541
-0.00277377   0.0102048   0.0120541           0
Repeater1[0]<--->EndNode1[0]
REAL
    0.416616  -0.00150613  -0.00434936     0.351611
 -0.00150613    0.0709521    0.0102913  -0.00140472
 -0.00434936    0.0102913    0.0770164 -0.000613801
    0.351611  -0.00140472 -0.000613801     0.435415
IMAGINARY
           0   0.00789042   -0.0159293   -0.0010447
 -0.00789042            0   0.00483037   0.00503942
   0.0159293  -0.00483037            0 -0.000111951
   0.0010447  -0.00503942  0.000111951            0
Repeater1[0]<--->HoM1[0]
REAL
   0.419668 -0.00210572  0.00317093    0.345787
-0.00210572   0.0668954 -0.00213094 -0.00347159
 0.00317093 -0.00213094   0.0726129 -0.00180288
   0.345787 -0.00347159 -0.00180288    0.440823
IMAGINARY
          0   0.0165416  0.00451033  0.00277377
 -0.0165416           0 -0.00128656  -0.0120541
-0.00451033  0.00128656           0  -0.0102048
-0.00277377   0.0120541   0.0102048           0
EndNode1[0]<--->Repeater1[0]
REAL
   0.435758 -0.00707448  -0.0074432    0.355712
-0.00707448   0.0787879 -0.00337588 -0.00595244
 -0.0074432 -0.00337588   0.0660606   0.0105013
   0.355712 -0.00595244   0.0105013    0.419394
IMAGINARY
          0   0.0165034   0.0175904  -0.0223034
 -0.0165034           0   0.0202626 -0.00900539
 -0.0175904  -0.0202626           0  -0.0191677
  0.0223034  0.00900539   0.0191677           0
EndNode2[0]<--->HoM1[0]
REAL
  0.420382 0.00922036 0.00327365   0.346066
0.00922036  0.0735379  0.0174092 -0.0115479
0.00327365  0.0174092  0.0729589 -0.0169036
  0.346066 -0.0115479 -0.0169036   0.433121
IMAGINARY
          0 -0.00644339   0.0113793  0.00993617
 0.00644339           0   0.0013512  0.00802364
 -0.0113793  -0.0013512           0 -0.00400437
-0.00993617 -0.00802364  0.00400437           0
Repeater1[0]<--->EndNode1[0]
REAL
   0.435758  -0.0074432 -0.00707448    0.355712
 -0.0074432   0.0660606 -0.00337588   0.0105013
-0.00707448 -0.00337588   0.0787879 -0.00595244
   0.355712   0.0105013 -0.00595244    0.419394
IMAGINARY
          0   0.0175904   0.0165034  -0.0223034
 -0.0175904           0  -0.0202626  -0.0191677
 -0.0165034   0.0202626           0 -0.00900539
  0.0223034   0.0191677  0.00900539           0
Repeater1[0]<--->HoM1[0]
REAL
  0.420382 0.00327365 0.00922036   0.346066
0.00327365  0.0729589  0.0174092 -0.0169036
0.00922036  0.0174092  0.0735379 -0.0115479
  0.346066 -0.0169036 -0.0115479   0.433121
IMAGINARY
          0   0.0113793 -0.00644339  0.00993617
 -0.0113793           0  -0.0013512 -0.00400437
 0.00644339   0.0013512           0  0.00802364
-0.00993617  0.00400437 -0.00802364           0
EndNode1[0]<--->Repeater1[0]
REAL
    0.428998 -0.000911303   -0.0038054     0.346945
-0.000911303    0.0721957   -0.0069202  -0.00410214
  -0.0038054   -0.0069202     0.076969 -0.000305242
    0.346945  -0.00410214 -0.000305242     0.421838
IMAGINARY
          0 -0.00344962 -0.00259014   0.0137576
 0.00344962           0  -0.0128446  0.00862878
 0.00259014   0.0128446           0 -0.00258903
 -0.0137576 -0.00862878  0.00258903           0
EndNode2[0]<--->HoM1[0]
REAL
  0.435191 0.00917456 -0.0024044   0.347284
0.00917456  0.0879765 -0.0102022 0.00878738
-0.0024044 -0.0102022  0.0780059  0.0130139
  0.347284 0.00878738  0.0130139   0.398827
IMAGINARY
           0  -0.00735132   0.00537195 -0.000830955
  0.00735132            0  -0.00269431  0.000941942
 -0.00537195   0.00269431            0  -0.00918506
 0.000830955 -0.000941942   0.00918506            0
Repeater1[0]<--->EndNode1[0]
REAL
    0.428998   -0.0038054 -0.000911303     0.346945
  -0.0038054     0.076969   -0.0069202 -0.000305242
-0.000911303   -0.0069202    0.0721957  -0.00410214
    0.346945 -0.000305242  -0.00410214     0.421838
IMAGINARY
          0 -0.00259014 -0.00344962   0.0137576
 0.00259014           0   0.0128446 -0.00258903
 0.00344962  -0.0128446           0  0.00862878
 -0.0137576  0.00258903 -0.00862878           0
Repeater1[0]<--->HoM1[0]
REAL
  0.435191 -0.0024044 0.00917456   0.347284
-0.0024044  0.0780059 -0.0102022  0.0130139
0.00917456 -0.0102022  0.0879765 0.00878738
  0.347284  0.0130139 0.00878738   0.398827
IMAGINARY
           0   0.00537195  -0.00735132 -0.000830955
 -0.00537195            0   0.00269431  -0.00918506
  0.00735132  -0.00269431            0  0.000941942
 0.000830955   0.00918506 -0.000941942            0
EndNode1[0]<--->Repeater1[0]
REAL
      0.435 -0.00284189 -0.00565698     0.34647
-0.00284189    0.073125  -0.0108459  -0.0107806
-0.00565698  -0.0108459     0.07375  -0.0118025
    0.34647  -0.0107806  -0.0118025    0.418125
IMAGINARY
          0 -0.00167303  -0.0121731   -0.009616
 0.00167303           0    0.002507 -0.00695263
  0.0121731   -0.002507           0  0.00197661
   0.009616  0.00695263 -0.00197661           0
EndNode2[0]<--->HoM1[0]
REAL
   0.416058   -0.008766  0.00250856    0.355171
  -0.008766   0.0711679 -0.00529459 -0.00498994
 0.00250856 -0.00529459     0.06691 -0.00240026
   0.355171 -0.00498994 -0.00240026    0.445864
IMAGINARY
          0 -0.00869955 -0.00612188  0.00330223
 0.00869955           0   0.0051315  0.00403482
 0.00612188  -0.0051315           0 -0.00233205
-0.00330223 -0.00403482  0.00233205           0
Repeater1[0]<--->EndNode1[0]
REAL
      0.435 -0.00565698 -0.00284189     0.34647
-0.00565698     0.07375  -0.0108459  -0.0118025
-0.00284189  -0.0108459    0.073125  -0.0107806
    0.34647  -0.0118025  -0.0107806    0.418125
IMAGINARY
          0  -0.0121731 -0.00167303   -0.009616
  0.0121731           0   -0.002507  0.00197661
 0.00167303    0.002507           0 -0.00695263
   0.009616 -0.00197661  0.00695263           0
Repeater1[0]<--->HoM1[0]
REAL
   0.416058  0.00250856   -0.008766    0.355171
 0.00250856     0.06691 -0.00529459 -0.00240026
  -0.008766 -0.00529459   0.0711679 -0.00498994
   0.355171 -0.00240026 -0.00498994    0.445864
IMAGINARY
          0 -0.00612188 -0.00869955  0.00330223
 0.00612188           0  -0.0051315 -0.00233205
 0.00869955   0.0051315           0  0.00403482
-0.00330223  0.00233205 -0.00403482           0
EndNode1[0]<--->Repeater1[0]
REAL
   0.426635 -0.00361071  -0.0215909    0.354328
-0.00361071   0.0777843 -0.00366331 -0.00984802
 -0.0215909 -0.00366331   0.0701237  -0.0175501
   0.354328 -0.00984802  -0.0175501    0.425457
IMAGINARY
          0  -0.0062385  -0.0118314  -0.0173674
  0.0062385           0  0.00758747  0.00915764
  0.0118314 -0.00758747           0   0.0154482
  0.0173674 -0.00915764  -0.0154482           0
EndNode2[0]<--->HoM1[0]
REAL
    0.42971  0.00214025  -0.0148103     0.34869
 0.00214025   0.0648833  0.00167945 -0.00181528
 -0.0148103  0.00167945   0.0836653 -0.00952941
    0.34869 -0.00181528 -0.00952941    0.421742
IMAGINARY
           0  -0.00848718   0.00635451   0.00981122
  0.00848718            0   0.00465032  9.33253e-05
 -0.00635451  -0.00465032            0   0.00731485
 -0.00981122 -9.33253e-05  -0.00731485            0
Repeater1[0]<--->EndNode1[0]
REAL
   0.426635  -0.0215909 -0.00361071    0.354328
 -0.0215909   0.0701237 -0.00366331  -0.0175501
-0.00361071 -0.00366331   0.0777843 -0.00984802
   0.354328  -0.0175501 -0.00984802    0.425457
IMAGINARY
          0  -0.0118314  -0.0062385  -0.0173674
  0.0118314           0 -0.00758747   0.0154482
  0.0062385  0.00758747           0  0.00915764
  0.0173674  -0.0154482 -0.00915764           0
Repeater1[0]<--->HoM1[0]
REAL
    0.42971  -0.0148103  0.00214025     0.34869
 -0.0148103   0.0836653  0.00167945 -0.00952941
 0.00214025  0.00167945   0.0648833 -0.00181528
    0.34869 -0.00952941 -0.00181528    0.421742
IMAGINARY
           0   0.00635451  -0.00848718   0.00981122
 -0.00635451            0  -0.00465032   0.00731485
  0.00848718   0.00465032            0  9.33253e-05
 -0.00981122  -0.00731485 -9.33253e-05            0
EndNode1[0]<--->Repeater1[0]
REAL
   0.414437 -0.00644854  0.00257099    0.362665
-0.00644854   0.0821406 -0.00132063  -0.0109744
 0.00257099 -0.00132063   0.0802738 -0.00375554
   0.362665  -0.0109744 -0.00375554    0.423149
IMAGINARY
          0  0.00908075  -0.0122525 -0.00159533
-0.00908075           0 -0.00924239   -0.013472
  0.0122525  0.00924239           0   0.0201919
 0.00159533    0.013472  -0.0201919           0
EndNode2[0]<--->HoM1[0]
REAL
   0.420798  0.00629902 -0.00582924    0.351472
 0.00629902   0.0755744  0.00517767  0.00554138
-0.00582924  0.00517767   0.0749698  -0.0094654
   0.351472  0.00554138  -0.0094654    0.428658
IMAGINARY
           0  -0.00392946    0.0143327   0.00943634
  0.00392946            0  8.47204e-05  -0.00400467
  -0.0143327 -8.47204e-05            0  -0.00214587
 -0.00943634   0.00400467   0.00214587            0
Repeater1[0]<--->EndNode1[0]
REAL
   0.414437  0.00257099 -0.00644854    0.362665
 0.00257099   0.0802738 -0.00132063 -0.00375554
-0.00644854 -0.00132063   0.0821406  -0.0109744
   0.362665 -0.00375554  -0.0109744    0.423149
IMAGINARY
          0  -0.0122525  0.00908075 -0.00159533
  0.0122525           0  0.00924239   0.0201919
-0.00908075 -0.00924239           0   -0.013472
 0.00159533  -0.0201919    0.013472           0
Repeater1[0]<--->HoM1[0]
REAL
   0.420798 -0.00582924  0.00629902    0.351472
-0.00582924   0.0749698  0.00517767  -0.0094654
 0.00629902  0.00517767   0.0755744  0.00554138
   0.351472  -0.0094654  0.00554138    0.428658
IMAGINARY
           0    0.0143327  -0.00392946   0.00943634
  -0.0143327            0 -8.47204e-05  -0.00214587
  0.00392946  8.47204e-05            0  -0.00400467
 -0.00943634   0.00214587   0.00400467            0
EndNode1[0]<--->Repeater1[0]
REAL
     0.42217  -0.00285875  0.000326406     0.335849
 -0.00285875    0.0831368 -0.000117282  -0.00152545
 0.000326406 -0.000117282    0.0795991   -0.0151269
    0.335849  -0.00152545   -0.0151269     0.415094
IMAGINARY
           0  0.000734025   0.00486581   -0.0116621
-0.000734025            0    -0.015897  -0.00425828
 -0.00486581     0.015897            0   0.00716391
   0.0116621   0.00425828  -0.00716391            0
EndNode2[0]<--->HoM1[0]
REAL
   0.41976 0.00406651  0.0101652   0.340086
0.00406651  0.0718563 -0.0058318   0.012855
 0.0101652 -0.0058318  0.0778443  0.0214092
  0.340086   0.012855  0.0214092   0.430539
IMAGINARY
          0  -0.0145705   0.0114356  0.00974333
  0.0145705           0   0.0171705  0.00360429
 -0.0114356  -0.0171705           0 -0.00476655
-0.00974333 -0.00360429  0.00476655           0
Repeater1[0]<--->EndNode1[0]
REAL
     0.42217  0.000326406  -0.00285875     0.335849
 0.000326406    0.0795991 -0.000117282   -0.0151269
 -0.00285875 -0.000117282    0.0831368  -0.00152545
    0.335849   -0.0151269  -0.00152545     0.415094
IMAGINARY
           0   0.00486581  0.000734025   -0.0116621
 -0.00486581            0     0.015897   0.00716391
-0.000734025    -0.015897            0  -0.00425828
   0.0116621  -0.00716391   0.00425828            0
Repeater1[0]<--->HoM1[0]
REAL
   0.41976  0.0101652 0.00406651   0.340086
 0.0101652  0.0778443 -0.0058318  0.0214092
0.00406651 -0.0058318  0.0718563   0.012855
  0.340086  0.0214092   0.012855   0.430539
IMAGINARY
          0   0.0114356  -0.0145705  0.00974333
 -0.0114356           0  -0.0171705 -0.00476655
  0.0145705   0.0171705           0  0.00360429
-0.00974333  0.00476655 -0.00360429           0
EndNode1[0]<--->Repeater1[0]
REAL
   0.423216 0.000496011  0.00347465    0.347289
0.000496011   0.0804111  -0.0079816 0.000233634
 0.00347465  -0.0079816   0.0689238  0.00197618
   0.347289 0.000233634  0.00197618    0.427449
IMAGINARY
          0   0.0016908 -0.00197233   -0.012656
 -0.0016908           0  0.00297858 -0.00845054
 0.00197233 -0.00297858           0  0.00813648
   0.012656  0.00845054 -0.00813648           0
EndNode2[0]<--->HoM1[0]
REAL
   0.441425  0.00440194  0.00719445    0.352821
 0.00440194   0.0742754  -0.0122769 -0.00843055
 0.00719445  -0.0122769   0.0615942 -0.00440194
   0.352821 -0.00843055 -0.00440194    0.422705
IMAGINARY
           0  0.000688205   0.00991803  -0.00470078
-0.000688205            0  -0.00264316   0.00902571
 -0.00991803   0.00264316            0  -0.00987305
  0.00470078  -0.00902571   0.00987305            0
Repeater1[0]<--->EndNode1[0]
REAL
   0.423216  0.00347465 0.000496011    0.347289
 0.00347465   0.0689238  -0.0079816  0.00197618
0.000496011  -0.0079816   0.0804111 0.000233634
   0.347289  0.00197618 0.000233634    0.427449
IMAGINARY
          0 -0.00197233   0.0016908   -0.012656
 0.00197233           0 -0.00297858  0.00813648
 -0.0016908  0.00297858           0 -0.00845054
   0.012656 -0.00813648  0.00845054           0
Repeater1[0]<--->HoM1[0]
REAL
   0.441425  0.00719445  0.00440194    0.352821
 0.00719445   0.0615942  -0.0122769 -0.00440194
 0.00440194  -0.0122769   0.0742754 -0.00843055
   0.352821 -0.00440194 -0.00843055    0.422705
IMAGINARY
           0   0.00991803  0.000688205  -0.00470078
 -0.00991803            0   0.00264316  -0.00987305
-0.000688205  -0.00264316            0   0.00902571
  0.00470078   0.00987305  -0.00902571            0
EndNode1[0]<--->Repeater1[0]
REAL
  0.447321  0.0112416  0.0154946   0.348932
 0.0112416  0.0782661 0.00565697 -0.0143027
 0.0154946 0.00565697  0.0692354 -0.0219687
  0.348932 -0.0143027 -0.0219687   0.405178
IMAGINARY
          0  0.00554639 -0.00173492  0.00590917
-0.00554639           0 -0.00832463 -0.00411304
 0.00173492  0.00832463           0  0.00614952
-0.00590917  0.00411304 -0.00614952           0
EndNode2[0]<--->HoM1[0]
REAL
   0.436494  0.00168853   0.0166059    0.343641
 0.00168853   0.0691711 -0.00919167 -0.00412871
  0.0166059 -0.00919167   0.0769231  0.00348494
   0.343641 -0.00412871  0.00348494    0.417412
IMAGINARY
          0  0.00926433 -0.00193005 -0.00134221
-0.00926433           0   0.0103135  -0.0073064
 0.00193005  -0.0103135           0  0.00181942
 0.00134221   0.0073064 -0.00181942           0
Repeater1[0]<--->EndNode1[0]
REAL
  0.447321  0.0154946  0.0112416   0.348932
 0.0154946  0.0692354 0.00565697 -0.0219687
 0.0112416 0.00565697  0.0782661 -0.0143027
  0.348932 -0.0219687 -0.0143027   0.405178
IMAGINARY
          0 -0.00173492  0.00554639  0.00590917
 0.00173492           0  0.00832463  0.00614952
-0.00554639 -0.00832463           0 -0.00411304
-0.00590917 -0.00614952  0.00411304           0
Repeater1[0]<--->HoM1[0]
REAL
   0.436494   0.0166059  0.00168853    0.343641
  0.0166059   0.0769231 -0.00919167  0.00348494
 0.00168853 -0.00919167   0.0691711 -0.00412871
   0.343641  0.00348494 -0.00412871    0.417412
IMAGINARY
          0 -0.00193005  0.00926433 -0.00134221
 0.00193005           0  -0.0103135  0.00181942
-0.00926433   0.0103135           0  -0.0073064
 0.00134221 -0.00181942   0.0073064           0
EndNode1[0]<--->Repeater1[0]
REAL
   0.429145  -0.0120624  -0.0292753    0.348745
 -0.0120624   0.0768789  0.00110297 -0.00871866
 -0.0292753  0.00110297   0.0619621   -0.016813
   0.348745 -0.00871866   -0.016813    0.432014
IMAGINARY
          0  -0.0113483  0.00995298 -0.00307706
  0.0113483           0  0.00971295   0.0045573
-0.00995298 -0.00971295           0  -0.0104172
 0.00307706  -0.0045573   0.0104172           0
EndNode2[0]<--->HoM1[0]
REAL
   0.432836   0.0132463  0.00541131    0.353395
  0.0132463   0.0809414  0.00169534 -0.00260056
 0.00541131  0.00169534   0.0780712  0.00205665
   0.353395 -0.00260056  0.00205665    0.408152
IMAGINARY
          0  0.00762201  0.00621455  0.00736452
-0.00762201           0  0.00471278 -0.00269755
-0.00621455 -0.00471278           0 -0.00938051
-0.00736452  0.00269755  0.00938051           0
Repeater1[0]<--->EndNode1[0]
REAL
   0.429145  -0.0292753  -0.0120624    0.348745
 -0.0292753   0.0619621  0.00110297   -0.016813
 -0.0120624  0.00110297   0.0768789 -0.00871866
   0.348745   -0.016813 -0.00871866    0.432014
IMAGINARY
          0  0.00995298  -0.0113483 -0.00307706
-0.00995298           0 -0.00971295  -0.0104172
  0.0113483  0.00971295           0   0.0045573
 0.00307706   0.0104172  -0.0045573           0
Repeater1[0]<--->HoM1[0]
REAL
   0.432836  0.00541131   0.0132463    0.353395
 0.00541131   0.0780712  0.00169534  0.00205665
  0.0132463  0.00169534   0.0809414 -0.00260056
   0.353395  0.00205665 -0.00260056    0.408152
IMAGINARY
          0  0.00621455  0.00762201  0.00736452
-0.00621455           0 -0.00471278 -0.00938051
-0.00762201  0.00471278           0 -0.00269755
-0.00736452  0.00938051  0.00269755           0
EndNode1[0]<--->Repeater1[0]
REAL
    0.43901 -0.00519793   0.0074343    0.357077
-0.00519793   0.0765247  0.00366724 -0.00683406
  0.0074343  0.00366724   0.0788262  0.00339721
   0.357077 -0.00683406  0.00339721    0.405639
IMAGINARY
          0 -0.00396926  0.00105257   0.0158473
 0.00396926           0  0.00802124    0.010101
-0.00105257 -0.00802124           0 -0.00336025
 -0.0158473   -0.010101  0.00336025           0
EndNode2[0]<--->HoM1[0]
REAL
    0.439781  -0.00141892  -0.00775059     0.338823
 -0.00141892    0.0705596   0.00131519 -1.24935e-05
 -0.00775059   0.00131519    0.0784672  -0.00749425
    0.338823 -1.24935e-05  -0.00749425     0.411192
IMAGINARY
           0   0.00350508  0.000668165   0.00200155
 -0.00350508            0   0.00791171     0.010633
-0.000668165  -0.00791171            0  -0.00136702
 -0.00200155    -0.010633   0.00136702            0
Repeater1[0]<--->EndNode1[0]
REAL
    0.43901   0.0074343 -0.00519793    0.357077
  0.0074343   0.0788262  0.00366724  0.00339721
-0.00519793  0.00366724   0.0765247 -0.00683406
   0.357077  0.00339721 -0.00683406    0.405639
IMAGINARY
          0  0.00105257 -0.00396926   0.0158473
-0.00105257           0 -0.00802124 -0.00336025
 0.00396926  0.00802124           0    0.010101
 -0.0158473  0.00336025   -0.010101           0
Repeater1[0]<--->HoM1[0]
REAL
    0.439781  -0.00775059  -0.00141892     0.338823
 -0.00775059    0.0784672   0.00131519  -0.00749425
 -0.00141892   0.00131519    0.0705596 -1.24935e-05
    0.338823  -0.00749425 -1.24935e-05     0.411192
IMAGINARY
           0  0.000668165   0.00350508   0.00200155
-0.000668165            0  -0.00791171  -0.00136702
 -0.00350508   0.00791171            0     0.010633
 -0.00200155   0.00136702    -0.010633            0
EndNode1[0]<--->Repeater1[0]
REAL
  0.412377 0.00320463  0.0169763   0.338874
0.00320463  0.0778186 0.00124622 0.00338295
 0.0169763 0.00124622  0.0704657 0.00937022
  0.338874 0.00338295 0.00937022   0.439338
IMAGINARY
          0 -0.00252735  0.00465362 -0.00197325
 0.00252735           0  -0.0188471  0.00643087
-0.00465362   0.0188471           0 -0.00556133
 0.00197325 -0.00643087  0.00556133           0
EndNode2[0]<--->HoM1[0]
REAL
   0.430696   -0.022266 -0.00625074    0.354013
  -0.022266   0.0838786 -0.00635491 -0.00175164
-0.00625074 -0.00635491    0.066627 -0.00411217
   0.354013 -0.00175164 -0.00411217    0.418798
IMAGINARY
          0 -0.00132765  0.00330118  0.00407075
 0.00132765           0  0.00108389   0.0237339
-0.00330118 -0.00108389           0 -0.00372286
-0.00407075  -0.0237339  0.00372286           0
Repeater1[0]<--->EndNode1[0]
REAL
  0.412377  0.0169763 0.00320463   0.338874
 0.0169763  0.0704657 0.00124622 0.00937022
0.00320463 0.00124622  0.0778186 0.00338295
  0.338874 0.00937022 0.00338295   0.439338
IMAGINARY
          0  0.00465362 -0.00252735 -0.00197325
-0.00465362           0   0.0188471 -0.00556133
 0.00252735  -0.0188471           0  0.00643087
 0.00197325  0.00556133 -0.00643087           0
Repeater1[0]<--->HoM1[0]
REAL
   0.430696 -0.00625074   -0.022266    0.354013
-0.00625074    0.066627 -0.00635491 -0.00411217
  -0.022266 -0.00635491   0.0838786 -0.00175164
   0.354013 -0.00411217 -0.00175164    0.418798
IMAGINARY
          0  0.00330118 -0.00132765  0.00407075
-0.00330118           0 -0.00108389 -0.00372286
 0.00132765  0.00108389           0   0.0237339
-0.00407075  0.00372286  -0.0237339           0
EndNode1[0]<--->Repeater1[0]
REAL
   0.426763   0.0118402   0.0153123    0.348623
  0.0118402   0.0753466 -0.00137655 -0.00199081
  0.0153123 -0.00137655   0.0801688 0.000297112
   0.348623 -0.00199081 0.000297112    0.417722
IMAGINARY
          0  0.00928761  -0.0147271  0.00506555
-0.00928761           0  0.00506555 -0.00350819
  0.0147271 -0.00506555           0  0.00718298
-0.00506555  0.00350819 -0.00718298           0
EndNode2[0]<--->HoM1[0]
REAL
    0.43571 -0.00677553  -0.0129173    0.344901
-0.00677553   0.0609385 -0.00111376  0.00167471
 -0.0129173 -0.00111376   0.0773918  0.00145009
   0.344901  0.00167471  0.00145009     0.42596
IMAGINARY
           0   0.00742743   -0.0031748 -0.000890123
 -0.00742743            0   0.00424583  -0.00346771
   0.0031748  -0.00424583            0   0.00344214
 0.000890123   0.00346771  -0.00344214            0
Repeater1[0]<--->EndNode1[0]
REAL
   0.426763   0.0153123   0.0118402    0.348623
  0.0153123   0.0801688 -0.00137655 0.000297112
  0.0118402 -0.00137655   0.0753466 -0.00199081
   0.348623 0.000297112 -0.00199081    0.417722
IMAGINARY
          0  -0.0147271  0.00928761  0.00506555
  0.0147271           0 -0.00506555  0.00718298
-0.00928761  0.00506555           0 -0.00350819
-0.00506555 -0.00718298  0.00350819           0
Repeater1[0]<--->HoM1[0]
REAL
    0.43571  -0.0129173 -0.00677553    0.344901
 -0.0129173   0.0773918 -0.00111376  0.00145009
-0.00677553 -0.00111376   0.0609385  0.00167471
   0.344901  0.00145009  0.00167471     0.42596
IMAGINARY
           0   -0.0031748   0.00742743 -0.000890123
   0.0031748            0  -0.00424583   0.00344214
 -0.00742743   0.00424583            0  -0.00346771
 0.000890123  -0.00344214   0.00346771            0
EndNode1[0]<--->Repeater1[0]
REAL
   0.415836  0.00108062  0.00108368    0.353418
 0.00108062   0.0697947 -0.00755787   0.0129291
 0.00108368 -0.00755787   0.0797654 -0.00490228
   0.353418   0.0129291 -0.00490228    0.434604
IMAGINARY
           0  -0.00251727   0.00349039   0.00799942
  0.00251727            0  -0.00324318  0.000777908
 -0.00349039   0.00324318            0   0.00190751
 -0.00799942 -0.000777908  -0.00190751            0
EndNode2[0]<--->HoM1[0]
REAL
   0.429561   0.0066989  -0.0076095    0.337857
  0.0066989   0.0790993  0.00542171  0.00791089
 -0.0076095  0.00542171   0.0692841 -0.00157533
   0.337857  0.00791089 -0.00157533    0.422055
IMAGINARY
          0    0.012572  0.00216366   0.0124819
  -0.012572           0 -0.00279669  -0.0198178
-0.00216366  0.00279669           0  0.00867277
 -0.0124819   0.0198178 -0.00867277           0
Repeater1[0]<--->EndNode1[0]
REAL
   0.415836  0.00108368  0.00108062    0.353418
 0.00108368   0.0797654 -0.00755787 -0.00490228
 0.00108062 -0.00755787   0.0697947   0.0129291
   0.353418 -0.00490228   0.0129291    0.434604
IMAGINARY
           0   0.00349039  -0.00251727   0.00799942
 -0.00349039            0   0.00324318   0.00190751
  0.00251727  -0.00324318            0  0.000777908
 -0.00799942  -0.00190751 -0.000777908            0
Repeater1[0]<--->HoM1[0]
REAL
   0.429561  -0.0076095   0.0066989    0.337857
 -0.0076095   0.0692841  0.00542171 -0.00157533
  0.0066989  0.00542171   0.0790993  0.00791089
   0.337857 -0.00157533  0.00791089    0.422055
IMAGINARY
          0  0.00216366    0.012572   0.0124819
-0.00216366           0  0.00279669  0.00867277
  -0.012572 -0.00279669           0  -0.0198178
 -0.0124819 -0.00867277   0.0198178           0
EndNode1[0]<--->Repeater1[0]
REAL
    0.40012  0.00474554 -0.00143586    0.347235
 0.00474554   0.0771531 2.07347e-05  0.00262918
-0.00143586 2.07347e-05   0.0663876  -0.0166787
   0.347235  0.00262918  -0.0166787     0.45634
IMAGINARY
          0  0.00273232  0.00406774   0.0133618
-0.00273232           0  -0.0218984  -0.0115573
-0.00406774   0.0218984           0    0.007753
 -0.0133618   0.0115573   -0.007753           0
EndNode2[0]<--->HoM1[0]
REAL
   0.437387 -0.00454445 -0.00241241    0.342903
-0.00454445   0.0786449 -0.00282852  0.00272355
-0.00241241 -0.00282852   0.0725953  0.00921153
   0.342903  0.00272355  0.00921153    0.411373
IMAGINARY
           0  -0.00174447  0.000127653  0.000281195
  0.00174447            0   -0.0135342  -0.00195692
-0.000127653    0.0135342            0   0.00662252
-0.000281195   0.00195692  -0.00662252            0
Repeater1[0]<--->EndNode1[0]
REAL
    0.40012 -0.00143586  0.00474554    0.347235
-0.00143586   0.0663876 2.07347e-05  -0.0166787
 0.00474554 2.07347e-05   0.0771531  0.00262918
   0.347235  -0.0166787  0.00262918     0.45634
IMAGINARY
          0  0.00406774  0.00273232   0.0133618
-0.00406774           0   0.0218984    0.007753
-0.00273232  -0.0218984           0  -0.0115573
 -0.0133618   -0.007753   0.0115573           0
Repeater1[0]<--->HoM1[0]
REAL
   0.437387 -0.00241241 -0.00454445    0.342903
-0.00241241   0.0725953 -0.00282852  0.00921153
-0.00454445 -0.00282852   0.0786449  0.00272355
   0.342903  0.00921153  0.00272355    0.411373
IMAGINARY
           0  0.000127653  -0.00174447  0.000281195
-0.000127653            0    0.0135342   0.00662252
  0.00174447   -0.0135342            0  -0.00195692
-0.000281195  -0.00662252   0.00195692            0
EndNode1[0]<--->Repeater1[0]
REAL
   0.402007 0.000591078  -0.0141208    0.344326
0.000591078   0.0702479 -0.00121234   0.0147196
 -0.0141208 -0.00121234   0.0808737  0.00120533
   0.344326   0.0147196  0.00120533    0.446871
IMAGINARY
          0   0.0122713  -0.0106946 -0.00968947
 -0.0122713           0  0.00880659 -0.00253613
  0.0106946 -0.00880659           0 -0.00088664
 0.00968947  0.00253613  0.00088664           0
EndNode2[0]<--->HoM1[0]
REAL
   0.397311  0.00327342  0.00907307    0.349831
 0.00327342   0.0788509  0.00583864  -0.0170914
 0.00907307  0.00583864   0.0837408 -0.00441889
   0.349831  -0.0170914 -0.00441889    0.440098
IMAGINARY
           0   0.00452328    0.0186129   0.00847676
 -0.00452328            0    0.0205173 -0.000382187
  -0.0186129   -0.0205173            0  -0.00661533
 -0.00847676  0.000382187   0.00661533            0
Repeater1[0]<--->EndNode1[0]
REAL
   0.402007  -0.0141208 0.000591078    0.344326
 -0.0141208   0.0808737 -0.00121234  0.00120533
0.000591078 -0.00121234   0.0702479   0.0147196
   0.344326  0.00120533   0.0147196    0.446871
IMAGINARY
          0  -0.0106946   0.0122713 -0.00968947
  0.0106946           0 -0.00880659 -0.00088664
 -0.0122713  0.00880659           0 -0.00253613
 0.00968947  0.00088664  0.00253613           0
Repeater1[0]<--->HoM1[0]
REAL
   0.397311  0.00907307  0.00327342    0.349831
 0.00907307   0.0837408  0.00583864 -0.00441889
 0.00327342  0.00583864   0.0788509  -0.0170914
   0.349831 -0.00441889  -0.0170914    0.440098
IMAGINARY
           0    0.0186129   0.00452328   0.00847676
  -0.0186129            0   -0.0205173  -0.00661533
 -0.00452328    0.0205173            0 -0.000382187
 -0.00847676   0.00661533  0.000382187            0
EndNode1[0]<--->Repeater1[0]
REAL
   0.424261  0.00721622   0.0062727    0.344878
 0.00721622   0.0814725 -0.00349491   0.0160887
  0.0062727 -0.00349491     0.07242   0.0199156
   0.344878   0.0160887   0.0199156    0.421847
IMAGINARY
           0  -0.00575655  -0.00158768  0.000751639
  0.00575655            0    0.0112244   0.00680561
  0.00158768   -0.0112244            0  -0.00253074
-0.000751639  -0.00680561   0.00253074            0
EndNode2[0]<--->HoM1[0]
REAL
   0.414136   -0.017137  0.00736077     0.35262
  -0.017137    0.078271 -0.00409838   -0.020336
 0.00736077 -0.00409838   0.0806075  -0.0109258
    0.35262   -0.020336  -0.0109258    0.426986
IMAGINARY
          0 -0.00198635 -0.00506059   0.0160686
 0.00198635           0  0.00730725  0.00684418
 0.00506059 -0.00730725           0    0.015066
 -0.0160686 -0.00684418   -0.015066           0
Repeater1[0]<--->EndNode1[0]
REAL
   0.424261   0.0062727  0.00721622    0.344878
  0.0062727     0.07242 -0.00349491   0.0199156
 0.00721622 -0.00349491   0.0814725   0.0160887
   0.344878   0.0199156   0.0160887    0.421847
IMAGINARY
           0  -0.00158768  -0.00575655  0.000751639
  0.00158768            0   -0.0112244  -0.00253074
  0.00575655    0.0112244            0   0.00680561
-0.000751639   0.00253074  -0.00680561            0
Repeater1[0]<--->HoM1[0]
REAL
   0.414136  0.00736077   -0.017137     0.35262
 0.00736077   0.0806075 -0.00409838  -0.0109258
  -0.017137 -0.00409838    0.078271   -0.020336
    0.35262  -0.0109258   -0.020336    0.426986
IMAGINARY
          0 -0.00506059 -0.00198635   0.0160686
 0.00506059           0 -0.00730725    0.015066
 0.00198635  0.00730725           0  0.00684418
 -0.0160686   -0.015066 -0.00684418           0
EndNode1[0]<--->Repeater1[0]
REAL
    0.441932  0.000452042  -0.00103367     0.351444
 0.000452042    0.0715159 -0.000180404   0.00132761
 -0.00103367 -0.000180404    0.0672372  -0.00662488
    0.351444   0.00132761  -0.00662488     0.419315
IMAGINARY
           0   0.00841493  -0.00197158 -4.70416e-05
 -0.00841493            0   -0.0100943   -0.0105974
  0.00197158    0.0100943            0   0.00170156
 4.70416e-05    0.0105974  -0.00170156            0
EndNode2[0]<--->HoM1[0]
REAL
   0.392857  -0.0063707  -0.0179505    0.352392
 -0.0063707   0.0761124  0.00509571 -0.00197703
 -0.0179505  0.00509571   0.0755269 -0.00993365
   0.352392 -0.00197703 -0.00993365    0.455504
IMAGINARY
          0   0.0113096  0.00632523  0.00179421
 -0.0113096           0   -0.014663  -0.0167233
-0.00632523    0.014663           0  -0.0145776
-0.00179421   0.0167233   0.0145776           0
Repeater1[0]<--->EndNode1[0]
REAL
    0.441932  -0.00103367  0.000452042     0.351444
 -0.00103367    0.0672372 -0.000180404  -0.00662488
 0.000452042 -0.000180404    0.0715159   0.00132761
    0.351444  -0.00662488   0.00132761     0.419315
IMAGINARY
           0  -0.00197158   0.00841493 -4.70416e-05
  0.00197158            0    0.0100943   0.00170156
 -0.00841493   -0.0100943            0   -0.0105974
 4.70416e-05  -0.00170156    0.0105974            0
Repeater1[0]<--->HoM1[0]
REAL
   0.392857  -0.0179505  -0.0063707    0.352392
 -0.0179505   0.0755269  0.00509571 -0.00993365
 -0.0063707  0.00509571   0.0761124 -0.00197703
   0.352392 -0.00993365 -0.00197703    0.455504
IMAGINARY
          0  0.00632523   0.0113096  0.00179421
-0.00632523           0    0.014663  -0.0145776
 -0.0113096   -0.014663           0  -0.0167233
-0.00179421   0.0145776   0.0167233           0
EndNode1[0]<--->Repeater1[0]
REAL
   0.425468  0.00785023  0.00677608    0.352787
 0.00785023    0.076041  0.00182279 -0.00322998
 0.00677608  0.00182279   0.0838865  0.00633416
