EndNode[0]<--->HoM[0]
REAL
   0.208791 -0.00678664    0.011955    0.256944
-0.00678664    0.197802    0.243056  -0.0436006
   0.011955    0.243056     0.32967  -0.0248589
   0.256944  -0.0436006  -0.0248589    0.263736
IMAGINARY
          0  0.00823643   0.0441419  0.00859934
-0.00823643           0  0.00227023   0.0391914
 -0.0441419 -0.00227023           0  -0.0499031
-0.00859934  -0.0391914   0.0499031           0
EndNode[1]<--->HoM[1]
REAL
  0.291667 -0.0431034 -0.0464368   0.272727
-0.0431034      0.125   0.227273 -0.0397701
-0.0464368   0.227273       0.25 -0.0431034
  0.272727 -0.0397701 -0.0431034   0.333333
IMAGINARY
          0 -0.00461936   -0.061651  0.00796197
 0.00461936           0   0.0332145  -0.0444096
   0.061651  -0.0332145           0   0.0197709
-0.00796197   0.0444096  -0.0197709           0
repeater[0]<--->HoM[0]
REAL
   0.208791    0.011955 -0.00678664    0.256944
   0.011955     0.32967    0.243056  -0.0248589
-0.00678664    0.243056    0.197802  -0.0436006
   0.256944  -0.0248589  -0.0436006    0.263736
IMAGINARY
          0   0.0441419  0.00823643  0.00859934
 -0.0441419           0 -0.00227023  -0.0499031
-0.00823643  0.00227023           0   0.0391914
-0.00859934   0.0499031  -0.0391914           0
repeater[0]<--->HoM[1]
REAL
  0.291667 -0.0464368 -0.0431034   0.272727
-0.0464368       0.25   0.227273 -0.0431034
-0.0431034   0.227273      0.125 -0.0397701
  0.272727 -0.0431034 -0.0397701   0.333333
IMAGINARY
          0   -0.061651 -0.00461936  0.00796197
   0.061651           0  -0.0332145   0.0197709
 0.00461936   0.0332145           0  -0.0444096
-0.00796197  -0.0197709   0.0444096           0
