EndNode[0]<--->repeater[0]
REAL
   0.266031 0.000158128  -0.0181698    0.208873
0.000158128    0.257366     0.18107  0.00868209
 -0.0181698     0.18107    0.240901 -0.00964579
   0.208873  0.00868209 -0.00964579    0.235702
IMAGINARY
          0  0.00199112  0.00299074 -0.00672931
-0.00199112           0  0.00627518   0.0120503
-0.00299074 -0.00627518           0 -0.00427006
 0.00672931  -0.0120503  0.00427006           0
EndNode[1]<--->repeater[1]
REAL
   0.470009   0.0177931   0.0171145    0.460887
  0.0177931   0.0161146 -0.00516774   0.0234759
  0.0171145 -0.00516774   0.0161146   0.0246424
   0.460887   0.0234759   0.0246424    0.497762
IMAGINARY
           0  -0.00319242   0.00297724   0.00393524
  0.00319242            0    0.0101741 -0.000224951
 -0.00297724   -0.0101741            0   -0.0133213
 -0.00393524  0.000224951    0.0133213            0
EndNode[2]<--->repeater[0]
REAL
    0.478927   0.00571057   0.00582203     0.465171
  0.00571057    0.0220307 -5.46424e-05   0.00401697
  0.00582203 -5.46424e-05    0.0162835  -0.00392166
    0.465171   0.00401697  -0.00392166     0.482759
IMAGINARY
          0  -0.0121063   0.0105235  0.00730578
  0.0121063           0  -0.0183579 -0.00958369
 -0.0105235   0.0183579           0   0.0158657
-0.00730578  0.00958369  -0.0158657           0
EndNode[3]<--->repeater[0]
REAL
   0.413825  -0.0201347  -0.0118657    0.355436
 -0.0201347    0.083871 0.000427567  -0.0127538
 -0.0118657 0.000427567    0.075576  -0.0214946
   0.355436  -0.0127538  -0.0214946    0.426728
IMAGINARY
          0 -0.00458233  0.00857397   0.0169368
 0.00458233           0  0.00476455  0.00987946
-0.00857397 -0.00476455           0  0.00106739
 -0.0169368 -0.00987946 -0.00106739           0
EndNode[4]<--->HoM[2]
REAL
   0.297148   0.0244534   0.0169183    0.150886
  0.0244534    0.181233 -0.00883592   0.0182685
  0.0169183 -0.00883592    0.195952  -0.0049052
   0.150886   0.0182685  -0.0049052    0.325667
IMAGINARY
          0    0.013147   -0.016227 -0.00318554
  -0.013147           0 -0.00578519 -0.00547435
   0.016227  0.00578519           0   0.0154988
 0.00318554  0.00547435  -0.0154988           0
EndNode[5]<--->HoM[3]
REAL
   0.309392  -0.0154064  0.00116525    0.131669
 -0.0154064    0.178637  -0.0107993 -0.00464351
 0.00116525  -0.0107993    0.173112  -0.0106805
   0.131669 -0.00464351  -0.0106805    0.338858
IMAGINARY
          0 -0.00776202   0.0074124  -0.0137668
 0.00776202           0  0.00913722  -0.0074124
 -0.0074124 -0.00913722           0  0.00413225
  0.0137668   0.0074124 -0.00413225           0
repeater[0]<--->HoM[0]
REAL
   0.352632 -0.00385007  0.00859341 -0.00876036
-0.00385007    0.153509 -0.00150083   0.0072648
 0.00859341 -0.00150083    0.170175   -0.012941
-0.00876036   0.0072648   -0.012941    0.323684
IMAGINARY
           0    0.0123628  -0.00522451    -0.010583
  -0.0123628            0   0.00159016  -0.00657222
  0.00522451  -0.00159016            0  0.000341401
    0.010583   0.00657222 -0.000341401            0
repeater[1]<--->HoM[0]
REAL
   0.352632  0.00859341 -0.00385007 -0.00876036
 0.00859341    0.170175 -0.00150083   -0.012941
-0.00385007 -0.00150083    0.153509   0.0072648
-0.00876036   -0.012941   0.0072648    0.323684
IMAGINARY
           0  -0.00522451    0.0123628    -0.010583
  0.00522451            0  -0.00159016  0.000341401
  -0.0123628   0.00159016            0  -0.00657222
    0.010583 -0.000341401   0.00657222            0
repeater[1]<--->HoM[1]
REAL
   0.352074  0.00678856   0.0377435  -0.0138245
 0.00678856    0.160369 -0.00577441 -0.00994041
  0.0377435 -0.00577441    0.153917 -0.00815593
 -0.0138245 -0.00994041 -0.00815593    0.333641
IMAGINARY
          0  0.00245635   -0.011236 -0.00524978
-0.00245635           0 -0.00245648  -0.0200699
   0.011236  0.00245648           0 -0.00513972
 0.00524978   0.0200699  0.00513972           0
repeater[2]<--->HoM[1]
REAL
   0.352074   0.0377435  0.00678856  -0.0138245
  0.0377435    0.153917 -0.00577441 -0.00815593
 0.00678856 -0.00577441    0.160369 -0.00994041
 -0.0138245 -0.00815593 -0.00994041    0.333641
IMAGINARY
          0   -0.011236  0.00245635 -0.00524978
   0.011236           0  0.00245648 -0.00513972
-0.00245635 -0.00245648           0  -0.0200699
 0.00524978  0.00513972   0.0200699           0
repeater[3]<--->HoM[2]
REAL
   0.297148   0.0169183   0.0244534    0.150886
  0.0169183    0.195952 -0.00883592  -0.0049052
  0.0244534 -0.00883592    0.181233   0.0182685
   0.150886  -0.0049052   0.0182685    0.325667
IMAGINARY
          0   -0.016227    0.013147 -0.00318554
   0.016227           0  0.00578519   0.0154988
  -0.013147 -0.00578519           0 -0.00547435
 0.00318554  -0.0154988  0.00547435           0
repeater[3]<--->HoM[3]
REAL
   0.309392  0.00116525  -0.0154064    0.131669
 0.00116525    0.173112  -0.0107993  -0.0106805
 -0.0154064  -0.0107993    0.178637 -0.00464351
   0.131669  -0.0106805 -0.00464351    0.338858
IMAGINARY
          0   0.0074124 -0.00776202  -0.0137668
 -0.0074124           0 -0.00913722  0.00413225
 0.00776202  0.00913722           0  -0.0074124
  0.0137668 -0.00413225   0.0074124           0
