EndNode[0]<--->HoM[0]
REAL
  0.486866 0.00095791 -0.0134299   0.494179
0.00095791 0.00477612  0.0058209 0.00660549
-0.0134299  0.0058209 0.00358209 -0.0077823
  0.494179 0.00660549 -0.0077823   0.504776
IMAGINARY
           0 -0.000868196  -0.00866815 -0.000999579
 0.000868196            0  -0.00238377  0.000906955
  0.00866815   0.00238377            0   0.00534581
 0.000999579 -0.000906955  -0.00534581            0
EndNode[1]<--->HoM[1]
REAL
  0.492927  0.0057058 0.00234991   0.495773
 0.0057058 0.00522755 0.00422705 0.00515309
0.00234991 0.00422705 0.00461255  0.0017972
  0.495773 0.00515309  0.0017972   0.497232
IMAGINARY
           0  -0.00233047   0.00174343  0.000339824
  0.00233047            0  -0.00365308   0.00459714
 -0.00174343   0.00365308            0 -0.000990786
-0.000339824  -0.00459714  0.000990786            0
repeater[0]<--->HoM[0]
REAL
  0.486866 -0.0134299 0.00095791   0.494179
-0.0134299 0.00358209  0.0058209 -0.0077823
0.00095791  0.0058209 0.00477612 0.00660549
  0.494179 -0.0077823 0.00660549   0.504776
IMAGINARY
           0  -0.00866815 -0.000868196 -0.000999579
  0.00866815            0   0.00238377   0.00534581
 0.000868196  -0.00238377            0  0.000906955
 0.000999579  -0.00534581 -0.000906955            0
repeater[0]<--->HoM[1]
REAL
  0.492927 0.00234991  0.0057058   0.495773
0.00234991 0.00461255 0.00422705  0.0017972
 0.0057058 0.00422705 0.00522755 0.00515309
  0.495773  0.0017972 0.00515309   0.497232
IMAGINARY
           0   0.00174343  -0.00233047  0.000339824
 -0.00174343            0   0.00365308 -0.000990786
  0.00233047  -0.00365308            0   0.00459714
-0.000339824  0.000990786  -0.00459714            0
EndNode[0]<--->HoM[0]
REAL
     0.49877   0.00210305 -0.000272079     0.495685
  0.00210305   0.00535934   0.00431499   0.00218604
-0.000272079   0.00431499   0.00483219 -0.000189086
    0.495685   0.00218604 -0.000189086     0.491038
IMAGINARY
          0 -0.00122932  0.00177886  0.00150123
 0.00122932           0  0.00372305 -0.00222834
-0.00177886 -0.00372305           0  0.00149901
-0.00150123  0.00222834 -0.00149901           0
EndNode[1]<--->HoM[1]
REAL
  0.494463 0.00686981 0.00774703   0.494914
0.00686981 0.00535585 0.00508597 0.00170228
0.00774703 0.00508597 0.00499274  0.0025795
  0.494914 0.00170228  0.0025795   0.495189
IMAGINARY
           0  -0.00098219   0.00470336  -0.00129969
  0.00098219            0   0.00267246 -0.000607581
 -0.00470336  -0.00267246            0  -0.00338364
  0.00129969  0.000607581   0.00338364            0
repeater[0]<--->HoM[0]
REAL
     0.49877 -0.000272079   0.00210305     0.495685
-0.000272079   0.00483219   0.00431499 -0.000189086
  0.00210305   0.00431499   0.00535934   0.00218604
    0.495685 -0.000189086   0.00218604     0.491038
IMAGINARY
          0  0.00177886 -0.00122932  0.00150123
-0.00177886           0 -0.00372305  0.00149901
 0.00122932  0.00372305           0 -0.00222834
-0.00150123 -0.00149901  0.00222834           0
repeater[0]<--->HoM[1]
REAL
  0.494463 0.00774703 0.00686981   0.494914
0.00774703 0.00499274 0.00508597  0.0025795
0.00686981 0.00508597 0.00535585 0.00170228
  0.494914  0.0025795 0.00170228   0.495189
IMAGINARY
           0   0.00470336  -0.00098219  -0.00129969
 -0.00470336            0  -0.00267246  -0.00338364
  0.00098219   0.00267246            0 -0.000607581
  0.00129969   0.00338364  0.000607581            0
