
[Config Layer2_MIM]
seed-set = 1
network = Layer2_MIM_tomography
**.tomography_output_filename = "Layer2_MIM_memchange"
**.buffers = uniform(100,100)
**.num_measure = 30000 #max measurement for tomography accumulation

**.emission_error_rate = 0 # per shot.
**.emission_Z_error_ratio = 0 #ratio. Not the error rate!! By default the ratio is 1:1:1
**.emission_X_error_ratio = 0 #ratio. Not the error rate!!
**.emission_Y_error_ratio = 0 #ratio. Not the error rate!!

**.channel_error_rate = 0.005 #per km. Max = 1 = 100%
**.photon_loss_ratio = 1 # per km. 1% = 0.01
**.Z_error_ratio = 1 #ratio. Not the error rate!! By default the ratio is 1:1:1
**.X_error_ratio = 1 #ratio. Not the error rate!!
**.Y_error_ratio = 1 #ratio. Not the error rate!!

**.memory_error_rate = 0.0001 #per μs
**.memory_X_error_ratio = 1 #ratio. Not the error rate!!
**.memory_Y_error_ratio = 1 #ratio. Not the error rate!!
**.memory_Z_error_ratio = 1 #ratio. Not the error rate!! By default the ratio is 1:1:1
**.memory_energy_excitation_ratio = 1
**.memory_energy_relaxation_ratio = 1

**.hom_photon_detection_per_sec = 1000000000
**.hom_darkcount_probability = 0.01 #1%

**.link_tomography = true



EndNode[0]<--->HoM[0]
REAL
    0.467471 -0.000822415  -0.00909822     0.442705
-0.000822415    0.0276715 -0.000939921  -0.00864518
 -0.00909822 -0.000939921    0.0297321  -0.00782181
    0.442705  -0.00864518  -0.00782181     0.475125
IMAGINARY
           0   -0.0034685   0.00135043  -0.00531649
   0.0034685            0  -0.00192115   0.00164717
 -0.00135043   0.00192115            0  0.000470896
  0.00531649  -0.00164717 -0.000470896            0
EndNode[1]<--->HoM[9]
REAL
    0.471077 -0.000928429 -0.000922157     0.440234
-0.000928429    0.0290715   0.00223829   -0.0100938
-0.000922157   0.00223829    0.0281815  -0.00519152
    0.440234   -0.0100938  -0.00519152      0.47167
IMAGINARY
          0  0.00572874  0.00125324  0.00840299
-0.00572874           0   0.0128409 -0.00610191
-0.00125324  -0.0128409           0  0.00587867
-0.00840299  0.00610191 -0.00587867           0
repeater[0]<--->HoM[0]
REAL
    0.467471  -0.00909822 -0.000822415     0.442705
 -0.00909822    0.0297321 -0.000939921  -0.00782181
-0.000822415 -0.000939921    0.0276715  -0.00864518
    0.442705  -0.00782181  -0.00864518     0.475125
IMAGINARY
           0   0.00135043   -0.0034685  -0.00531649
 -0.00135043            0   0.00192115  0.000470896
   0.0034685  -0.00192115            0   0.00164717
  0.00531649 -0.000470896  -0.00164717            0
repeater[0]<--->HoM[1]
REAL
   0.474012  0.00193909  0.00149312    0.442364
 0.00193909    0.033264  0.00131041 -0.00751722
 0.00149312  0.00131041     0.02673 -0.00464994
   0.442364 -0.00751722 -0.00464994    0.465993
IMAGINARY
           0  0.000434215   0.00284183   -0.0130271
-0.000434215            0  -0.00996141  -0.00954025
 -0.00284183   0.00996141            0  0.000905469
   0.0130271   0.00954025 -0.000905469            0
repeater[1]<--->HoM[1]
REAL
   0.474012  0.00149312  0.00193909    0.442364
 0.00149312     0.02673  0.00131041 -0.00464994
 0.00193909  0.00131041    0.033264 -0.00751722
   0.442364 -0.00464994 -0.00751722    0.465993
IMAGINARY
           0   0.00284183  0.000434215   -0.0130271
 -0.00284183            0   0.00996141  0.000905469
-0.000434215  -0.00996141            0  -0.00954025
   0.0130271 -0.000905469   0.00954025            0
repeater[1]<--->HoM[2]
REAL
   0.488704  0.00487487  0.00414272    0.442389
 0.00487487   0.0267539 -0.00334717  0.00383987
 0.00414272 -0.00334717    0.030321  0.00426881
   0.442389  0.00383987  0.00426881    0.454221
IMAGINARY
          0  0.00298439 -0.00333579 -0.00731743
-0.00298439           0  -0.0048019  0.00393209
 0.00333579   0.0048019           0 -0.00298439
 0.00731743 -0.00393209  0.00298439           0
repeater[2]<--->HoM[2]
REAL
   0.488704  0.00414272  0.00487487    0.442389
 0.00414272    0.030321 -0.00334717  0.00426881
 0.00487487 -0.00334717   0.0267539  0.00383987
   0.442389  0.00426881  0.00383987    0.454221
IMAGINARY
          0 -0.00333579  0.00298439 -0.00731743
 0.00333579           0   0.0048019 -0.00298439
-0.00298439  -0.0048019           0  0.00393209
 0.00731743  0.00298439 -0.00393209           0
repeater[2]<--->HoM[3]
REAL
    0.475244  -0.00285459    0.0045803     0.437063
 -0.00285459     0.028423 -0.000361906   0.00656383
   0.0045803 -0.000361906    0.0256724    0.0119185
    0.437063   0.00656383    0.0119185      0.47066
IMAGINARY
          0  0.00108375  -0.0168411 -0.00355339
-0.00108375           0 -0.00580768   0.0144458
  0.0168411  0.00580768           0 -0.00497596
 0.00355339  -0.0144458  0.00497596           0
repeater[3]<--->HoM[3]
REAL
    0.475244    0.0045803  -0.00285459     0.437063
   0.0045803    0.0256724 -0.000361906    0.0119185
 -0.00285459 -0.000361906     0.028423   0.00656383
    0.437063    0.0119185   0.00656383      0.47066
IMAGINARY
          0  -0.0168411  0.00108375 -0.00355339
  0.0168411           0  0.00580768 -0.00497596
-0.00108375 -0.00580768           0   0.0144458
 0.00355339  0.00497596  -0.0144458           0
repeater[3]<--->HoM[4]
REAL
    0.468779   0.00190937  -0.00233708     0.438452
  0.00190937    0.0307645 -0.000764346   0.00685243
 -0.00233708 -0.000764346    0.0328967  -0.00311346
    0.438452   0.00685243  -0.00311346      0.46756
IMAGINARY
           0  -0.00705303   0.00476902  -0.00367177
  0.00705303            0    0.0042695 -0.000385619
 -0.00476902   -0.0042695            0  0.000916271
  0.00367177  0.000385619 -0.000916271            0
repeater[4]<--->HoM[4]
REAL
    0.468779  -0.00233708   0.00190937     0.438452
 -0.00233708    0.0328967 -0.000764346  -0.00311346
  0.00190937 -0.000764346    0.0307645   0.00685243
    0.438452  -0.00311346   0.00685243      0.46756
IMAGINARY
           0   0.00476902  -0.00705303  -0.00367177
 -0.00476902            0   -0.0042695  0.000916271
  0.00705303    0.0042695            0 -0.000385619
  0.00367177 -0.000916271  0.000385619            0
repeater[4]<--->HoM[5]
REAL
  0.465109 0.00219101 0.00692782   0.439026
0.00219101  0.0344414 0.00430904 0.00158657
0.00692782 0.00430904  0.0302486 0.00955297
  0.439026 0.00158657 0.00955297   0.470201
IMAGINARY
           0   0.00834713  -0.00949698   0.00522723
 -0.00834713            0 -0.000879408  -0.00464261
  0.00949698  0.000879408            0   0.00910173
 -0.00522723   0.00464261  -0.00910173            0
repeater[5]<--->HoM[5]
REAL
  0.465109 0.00692782 0.00219101   0.439026
0.00692782  0.0302486 0.00430904 0.00955297
0.00219101 0.00430904  0.0344414 0.00158657
  0.439026 0.00955297 0.00158657   0.470201
IMAGINARY
           0  -0.00949698   0.00834713   0.00522723
  0.00949698            0  0.000879408   0.00910173
 -0.00834713 -0.000879408            0  -0.00464261
 -0.00522723  -0.00910173   0.00464261            0
repeater[5]<--->HoM[6]
REAL
   0.485316 -0.00944118 -0.00410324    0.440316
-0.00944118   0.0281562 -0.00386484  -0.0111845
-0.00410324 -0.00386484   0.0317893  -0.0100432
   0.440316  -0.0111845  -0.0100432    0.454738
IMAGINARY
          0   0.0103851 -0.00469192  -0.0105895
 -0.0103851           0  -0.0171882 -0.00213706
 0.00469192   0.0171882           0  -0.0023685
  0.0105895  0.00213706   0.0023685           0
repeater[6]<--->HoM[6]
REAL
   0.485316 -0.00410324 -0.00944118    0.440316
-0.00410324   0.0317893 -0.00386484  -0.0100432
-0.00944118 -0.00386484   0.0281562  -0.0111845
   0.440316  -0.0100432  -0.0111845    0.454738
IMAGINARY
          0 -0.00469192   0.0103851  -0.0105895
 0.00469192           0   0.0171882  -0.0023685
 -0.0103851  -0.0171882           0 -0.00213706
  0.0105895   0.0023685  0.00213706           0
repeater[6]<--->HoM[7]
REAL
   0.474048 -0.00481649  -0.0100052    0.439763
-0.00481649   0.0264234 -0.00521067  0.00499336
 -0.0100052 -0.00521067   0.0261088   0.0051113
   0.439763  0.00499336   0.0051113    0.473419
IMAGINARY
           0   0.00297657  -0.00259898  0.000760423
 -0.00297657            0   0.00875332  -0.00037544
  0.00259898  -0.00875332            0   0.00267482
-0.000760423   0.00037544  -0.00267482            0
repeater[7]<--->HoM[7]
REAL
   0.474048  -0.0100052 -0.00481649    0.439763
 -0.0100052   0.0261088 -0.00521067   0.0051113
-0.00481649 -0.00521067   0.0264234  0.00499336
   0.439763   0.0051113  0.00499336    0.473419
IMAGINARY
           0  -0.00259898   0.00297657  0.000760423
  0.00259898            0  -0.00875332   0.00267482
 -0.00297657   0.00875332            0  -0.00037544
-0.000760423  -0.00267482   0.00037544            0
repeater[7]<--->HoM[8]
REAL
   0.478574 -0.00263104  0.00109369    0.435889
-0.00263104   0.0293677  0.00261528   0.0143575
 0.00109369  0.00261528   0.0296674   0.0140649
   0.435889   0.0143575   0.0140649    0.462391
IMAGINARY
          0 -0.00278348 -0.00804553 -0.00928736
 0.00278348           0 -0.00340146  0.00432196
 0.00804553  0.00340146           0   0.0130605
 0.00928736 -0.00432196  -0.0130605           0
repeater[8]<--->HoM[8]
REAL
   0.478574  0.00109369 -0.00263104    0.435889
 0.00109369   0.0296674  0.00261528   0.0140649
-0.00263104  0.00261528   0.0293677   0.0143575
   0.435889   0.0140649   0.0143575    0.462391
IMAGINARY
          0 -0.00804553 -0.00278348 -0.00928736
 0.00804553           0  0.00340146   0.0130605
 0.00278348 -0.00340146           0  0.00432196
 0.00928736  -0.0130605 -0.00432196           0
repeater[8]<--->HoM[9]
REAL
    0.471077 -0.000922157 -0.000928429     0.440234
-0.000922157    0.0281815   0.00223829  -0.00519152
-0.000928429   0.00223829    0.0290715   -0.0100938
    0.440234  -0.00519152   -0.0100938      0.47167
IMAGINARY
          0  0.00125324  0.00572874  0.00840299
-0.00125324           0  -0.0128409  0.00587867
-0.00572874   0.0128409           0 -0.00610191
-0.00840299 -0.00587867  0.00610191           0




[Config Layer2_MIM]
seed-set = 1
network = Layer2_MIM_tomography
**.tomography_output_filename = "Layer2_MIM_memchange"
**.buffers = uniform(100,100)
**.num_measure = 30000 #max measurement for tomography accumulation

**.emission_error_rate = 0 # per shot.
**.emission_Z_error_ratio = 0 #ratio. Not the error rate!! By default the ratio is 1:1:1
**.emission_X_error_ratio = 0 #ratio. Not the error rate!!
**.emission_Y_error_ratio = 0 #ratio. Not the error rate!!

**.channel_error_rate = 0.005 #per km. Max = 1 = 100%
**.photon_loss_ratio = 1 # per km. 1% = 0.01
**.Z_error_ratio = 1 #ratio. Not the error rate!! By default the ratio is 1:1:1
**.X_error_ratio = 1 #ratio. Not the error rate!!
**.Y_error_ratio = 1 #ratio. Not the error rate!!

**.memory_error_rate = 0.0005 #per μs
**.memory_X_error_ratio = 1 #ratio. Not the error rate!!
**.memory_Y_error_ratio = 1 #ratio. Not the error rate!!
**.memory_Z_error_ratio = 1 #ratio. Not the error rate!! By default the ratio is 1:1:1
**.memory_energy_excitation_ratio = 1
**.memory_energy_relaxation_ratio = 1

**.hom_photon_detection_per_sec = 1000000000
**.hom_darkcount_probability = 0.01 #1%

**.link_tomography = true



EndNode[0]<--->HoM[0]
REAL
   0.454518  0.00346939 -0.00708104    0.394337
 0.00346939   0.0489343 -0.00128068   0.0104908
-0.00708104 -0.00128068   0.0534374  0.00211028
   0.394337   0.0104908  0.00211028     0.44311
IMAGINARY
           0  -0.00215731 -0.000379358     0.011236
  0.00215731            0   0.00510383   0.00707443
 0.000379358  -0.00510383            0  -0.00545072
   -0.011236  -0.00707443   0.00545072            0
EndNode[1]<--->HoM[9]
REAL
    0.435974   0.00295228  0.000833784     0.409368
  0.00295228    0.0527099 -0.000167242  0.000982196
 0.000833784 -0.000167242    0.0449672  7.43593e-05
    0.409368  0.000982196  7.43593e-05     0.466349
IMAGINARY
          0  0.00206501  0.00466796  0.00119738
-0.00206501           0 -0.00747842 -0.00313985
-0.00466796  0.00747842           0 -0.00359312
-0.00119738  0.00313985  0.00359312           0
repeater[0]<--->HoM[0]
REAL
   0.454518 -0.00708104  0.00346939    0.394337
-0.00708104   0.0534374 -0.00128068  0.00211028
 0.00346939 -0.00128068   0.0489343   0.0104908
   0.394337  0.00211028   0.0104908     0.44311
IMAGINARY
           0 -0.000379358  -0.00215731     0.011236
 0.000379358            0  -0.00510383  -0.00545072
  0.00215731   0.00510383            0   0.00707443
   -0.011236   0.00545072  -0.00707443            0
repeater[0]<--->HoM[1]
REAL
   0.436508  -0.0033327  0.00773171    0.406961
 -0.0033327   0.0502646  -0.0016517 -0.00271696
 0.00773171  -0.0016517   0.0499706   -0.002567
   0.406961 -0.00271696   -0.002567    0.463257
IMAGINARY
          0  0.00593774 -0.00484717 -0.00353042
-0.00593774           0   0.0134702  0.00470118
 0.00484717  -0.0134702           0 -0.00316402
 0.00353042 -0.00470118  0.00316402           0
repeater[1]<--->HoM[1]
REAL
   0.436508  0.00773171  -0.0033327    0.406961
 0.00773171   0.0499706  -0.0016517   -0.002567
 -0.0033327  -0.0016517   0.0502646 -0.00271696
   0.406961   -0.002567 -0.00271696    0.463257
IMAGINARY
          0 -0.00484717  0.00593774 -0.00353042
 0.00484717           0  -0.0134702 -0.00316402
-0.00593774   0.0134702           0  0.00470118
 0.00353042  0.00316402 -0.00470118           0
repeater[1]<--->HoM[2]
REAL
    0.448824   0.00331817  -0.00537225      0.40041
  0.00331817    0.0485793 -0.000379271   0.00128258
 -0.00537225 -0.000379271    0.0491903   -0.0122549
     0.40041   0.00128258   -0.0122549     0.453407
IMAGINARY
          0   0.0106353  -0.0143356  0.00151966
 -0.0106353           0   0.0128001  0.00128944
  0.0143356  -0.0128001           0  0.00332105
-0.00151966 -0.00128944 -0.00332105           0
repeater[2]<--->HoM[2]
REAL
    0.448824  -0.00537225   0.00331817      0.40041
 -0.00537225    0.0491903 -0.000379271   -0.0122549
  0.00331817 -0.000379271    0.0485793   0.00128258
     0.40041   -0.0122549   0.00128258     0.453407
IMAGINARY
          0  -0.0143356   0.0106353  0.00151966
  0.0143356           0  -0.0128001  0.00332105
 -0.0106353   0.0128001           0  0.00128944
-0.00151966 -0.00332105 -0.00128944           0
repeater[2]<--->HoM[3]
REAL
    0.456214   0.00265395 -0.000540101     0.408009
  0.00265395    0.0442371   0.00512767    -0.001441
-0.000540101   0.00512767    0.0475474  -0.00676855
    0.408009    -0.001441  -0.00676855     0.452001
IMAGINARY
          0  -0.0029931 -0.00063166   -0.010997
  0.0029931           0 -0.00436653  0.00167116
 0.00063166  0.00436653           0   0.0147246
   0.010997 -0.00167116  -0.0147246           0
repeater[3]<--->HoM[3]
REAL
    0.456214 -0.000540101   0.00265395     0.408009
-0.000540101    0.0475474   0.00512767  -0.00676855
  0.00265395   0.00512767    0.0442371    -0.001441
    0.408009  -0.00676855    -0.001441     0.452001
IMAGINARY
          0 -0.00063166  -0.0029931   -0.010997
 0.00063166           0  0.00436653   0.0147246
  0.0029931 -0.00436653           0  0.00167116
   0.010997  -0.0147246 -0.00167116           0
repeater[3]<--->HoM[4]
REAL
   0.452648   0.0106272  0.00699596    0.398647
  0.0106272   0.0505295 0.000858201  0.00509259
 0.00699596 0.000858201   0.0423601 -0.00116029
   0.398647  0.00509259 -0.00116029    0.454463
IMAGINARY
          0   0.0106763  0.00223459   0.0150092
 -0.0106763           0  0.00671677 -0.00791301
-0.00223459 -0.00671677           0 -0.00021601
 -0.0150092  0.00791301  0.00021601           0
repeater[4]<--->HoM[4]
REAL
   0.452648  0.00699596   0.0106272    0.398647
 0.00699596   0.0423601 0.000858201 -0.00116029
  0.0106272 0.000858201   0.0505295  0.00509259
   0.398647 -0.00116029  0.00509259    0.454463
IMAGINARY
          0  0.00223459   0.0106763   0.0150092
-0.00223459           0 -0.00671677 -0.00021601
 -0.0106763  0.00671677           0 -0.00791301
 -0.0150092  0.00021601  0.00791301           0
repeater[4]<--->HoM[5]
REAL
   0.453967 -0.00705518 -0.00894556    0.399766
-0.00705518   0.0502726 0.000265065  -0.0092446
-0.00894556 0.000265065   0.0523925   -0.017555
   0.399766  -0.0092446   -0.017555    0.443368
IMAGINARY
          0 -0.00392094 -0.00262644 -0.00447635
 0.00392094           0  -0.0105758 -0.00545466
 0.00262644   0.0105758           0  0.00847575
 0.00447635  0.00545466 -0.00847575           0
repeater[5]<--->HoM[5]
REAL
   0.453967 -0.00894556 -0.00705518    0.399766
-0.00894556   0.0523925 0.000265065   -0.017555
-0.00705518 0.000265065   0.0502726  -0.0092446
   0.399766   -0.017555  -0.0092446    0.443368
IMAGINARY
          0 -0.00262644 -0.00392094 -0.00447635
 0.00262644           0   0.0105758  0.00847575
 0.00392094  -0.0105758           0 -0.00545466
 0.00447635 -0.00847575  0.00545466           0
repeater[5]<--->HoM[6]
REAL
    0.44301 -0.00243572  0.00603623    0.398483
-0.00243572    0.038728 -0.00266219 0.000829444
 0.00603623 -0.00266219   0.0494332  0.00542079
   0.398483 0.000829444  0.00542079    0.468829
IMAGINARY
          0  -0.0039908 -0.00444339   0.0011073
  0.0039908           0   0.0028856  -0.0024885
 0.00444339  -0.0028856           0   0.0175532
 -0.0011073   0.0024885  -0.0175532           0
repeater[6]<--->HoM[6]
REAL
    0.44301  0.00603623 -0.00243572    0.398483
 0.00603623   0.0494332 -0.00266219  0.00542079
-0.00243572 -0.00266219    0.038728 0.000829444
   0.398483  0.00542079 0.000829444    0.468829
IMAGINARY
          0 -0.00444339  -0.0039908   0.0011073
 0.00444339           0  -0.0028856   0.0175532
  0.0039908   0.0028856           0  -0.0024885
 -0.0011073  -0.0175532   0.0024885           0
repeater[6]<--->HoM[7]
REAL
   0.453242 -0.00100355  0.00460334    0.402414
-0.00100355   0.0510905 -0.00232058  -0.0013455
 0.00460334 -0.00232058    0.047804   0.0030203
   0.402414  -0.0013455   0.0030203    0.447864
IMAGINARY
           0  -0.00564087   0.00482475    -0.011259
  0.00564087            0  0.000704152  0.000838919
 -0.00482475 -0.000704152            0  0.000558098
    0.011259 -0.000838919 -0.000558098            0
repeater[7]<--->HoM[7]
REAL
   0.453242  0.00460334 -0.00100355    0.402414
 0.00460334    0.047804 -0.00232058   0.0030203
-0.00100355 -0.00232058   0.0510905  -0.0013455
   0.402414   0.0030203  -0.0013455    0.447864
IMAGINARY
           0   0.00482475  -0.00564087    -0.011259
 -0.00482475            0 -0.000704152  0.000558098
  0.00564087  0.000704152            0  0.000838919
    0.011259 -0.000558098 -0.000838919            0
repeater[7]<--->HoM[8]
REAL
    0.468477   -0.0049316 -0.000213122     0.406815
  -0.0049316    0.0494721  -0.00429581   -0.0114845
-0.000213122  -0.00429581     0.053092 -0.000467317
    0.406815   -0.0114845 -0.000467317     0.428959
IMAGINARY
           0  -0.00895988   0.00642457  -0.00344688
  0.00895988            0  0.000988366  -0.00272086
 -0.00642457 -0.000988366            0   0.00821914
  0.00344688   0.00272086  -0.00821914            0
repeater[8]<--->HoM[8]
REAL
    0.468477 -0.000213122   -0.0049316     0.406815
-0.000213122     0.053092  -0.00429581 -0.000467317
  -0.0049316  -0.00429581    0.0494721   -0.0114845
    0.406815 -0.000467317   -0.0114845     0.428959
IMAGINARY
           0   0.00642457  -0.00895988  -0.00344688
 -0.00642457            0 -0.000988366   0.00821914
  0.00895988  0.000988366            0  -0.00272086
  0.00344688  -0.00821914   0.00272086            0
repeater[8]<--->HoM[9]
REAL
    0.435974  0.000833784   0.00295228     0.409368
 0.000833784    0.0449672 -0.000167242  7.43593e-05
  0.00295228 -0.000167242    0.0527099  0.000982196
    0.409368  7.43593e-05  0.000982196     0.466349
IMAGINARY
          0  0.00466796  0.00206501  0.00119738
-0.00466796           0  0.00747842 -0.00359312
-0.00206501 -0.00747842           0 -0.00313985
-0.00119738  0.00359312  0.00313985           0



[Config Layer2_MIM]
seed-set = 1
network = Layer2_MIM_tomography
**.tomography_output_filename = "Layer2_MIM_memchange"
**.buffers = uniform(100,100)
**.num_measure = 30000 #max measurement for tomography accumulation

**.emission_error_rate = 0 # per shot.
**.emission_Z_error_ratio = 0 #ratio. Not the error rate!! By default the ratio is 1:1:1
**.emission_X_error_ratio = 0 #ratio. Not the error rate!!
**.emission_Y_error_ratio = 0 #ratio. Not the error rate!!

**.channel_error_rate = 0.005 #per km. Max = 1 = 100%
**.photon_loss_ratio = 1 # per km. 1% = 0.01
**.Z_error_ratio = 1 #ratio. Not the error rate!! By default the ratio is 1:1:1
**.X_error_ratio = 1 #ratio. Not the error rate!!
**.Y_error_ratio = 1 #ratio. Not the error rate!!

**.memory_error_rate = 0.001 #per μs
**.memory_X_error_ratio = 1 #ratio. Not the error rate!!
**.memory_Y_error_ratio = 1 #ratio. Not the error rate!!
**.memory_Z_error_ratio = 1 #ratio. Not the error rate!! By default the ratio is 1:1:1
**.memory_energy_excitation_ratio = 1
**.memory_energy_relaxation_ratio = 1

**.hom_photon_detection_per_sec = 1000000000
**.hom_darkcount_probability = 0.01 #1%

**.link_tomography = true





EndNode[0]<--->HoM[0]
REAL
    0.414203   -0.0122826  -0.00842648     0.356802
  -0.0122826    0.0819872 -0.000809548   -0.0076737
 -0.00842648 -0.000809548    0.0743676  -0.00411568
    0.356802   -0.0076737  -0.00411568     0.429442
IMAGINARY
          0 -0.00324675  0.00674413 -0.00250737
 0.00324675           0  0.00250737 -0.00704264
-0.00674413 -0.00250737           0  0.00324675
 0.00250737  0.00704264 -0.00324675           0
EndNode[1]<--->HoM[9]
REAL
   0.441337  0.00116963  0.00548027    0.348239
 0.00116963   0.0753799 -0.00527575 -0.00829509
 0.00548027 -0.00527575   0.0674772  0.00194148
   0.348239 -0.00829509  0.00194148    0.415805
IMAGINARY
           0 -0.000594912  -0.00767972   0.00684197
 0.000594912            0  -0.00384617  -0.00413362
  0.00767972   0.00384617            0   0.00827359
 -0.00684197   0.00413362  -0.00827359            0
repeater[0]<--->HoM[0]
REAL
    0.414203  -0.00842648   -0.0122826     0.356802
 -0.00842648    0.0743676 -0.000809548  -0.00411568
  -0.0122826 -0.000809548    0.0819872   -0.0076737
    0.356802  -0.00411568   -0.0076737     0.429442
IMAGINARY
          0  0.00674413 -0.00324675 -0.00250737
-0.00674413           0 -0.00250737  0.00324675
 0.00324675  0.00250737           0 -0.00704264
 0.00250737 -0.00324675  0.00704264           0
repeater[0]<--->HoM[1]
REAL
   0.440568 -0.00077173 0.000520039    0.362634
-0.00077173   0.0647546  -0.0104314  0.00317491
0.000520039  -0.0104314   0.0777646  0.00505787
   0.362634  0.00317491  0.00505787    0.416913
IMAGINARY
           0   0.00820319  -0.00498301  -0.00735623
 -0.00820319            0   -0.0032313  0.000648647
  0.00498301    0.0032313            0   0.00727669
  0.00735623 -0.000648647  -0.00727669            0
repeater[1]<--->HoM[1]
REAL
   0.440568 0.000520039 -0.00077173    0.362634
0.000520039   0.0777646  -0.0104314  0.00505787
-0.00077173  -0.0104314   0.0647546  0.00317491
   0.362634  0.00505787  0.00317491    0.416913
IMAGINARY
           0  -0.00498301   0.00820319  -0.00735623
  0.00498301            0    0.0032313   0.00727669
 -0.00820319   -0.0032313            0  0.000648647
  0.00735623  -0.00727669 -0.000648647            0
repeater[1]<--->HoM[2]
REAL
   0.449907  -0.0111016 -0.00685828    0.365577
 -0.0111016   0.0655535  0.00188611 -0.00567903
-0.00685828  0.00188611   0.0649351  -0.0020327
   0.365577 -0.00567903  -0.0020327    0.419604
IMAGINARY
          0  0.00995869 -0.00883466 -0.00846643
-0.00995869           0 -0.00447117 -0.00604629
 0.00883466  0.00447117           0  0.00432703
 0.00846643  0.00604629 -0.00432703           0
repeater[2]<--->HoM[2]
REAL
   0.449907 -0.00685828  -0.0111016    0.365577
-0.00685828   0.0649351  0.00188611  -0.0020327
 -0.0111016  0.00188611   0.0655535 -0.00567903
   0.365577  -0.0020327 -0.00567903    0.419604
IMAGINARY
          0 -0.00883466  0.00995869 -0.00846643
 0.00883466           0  0.00447117  0.00432703
-0.00995869 -0.00447117           0 -0.00604629
 0.00846643 -0.00432703  0.00604629           0
repeater[2]<--->HoM[3]
REAL
   0.422035  -0.0119405 0.000334481    0.354125
 -0.0119405   0.0710415  0.00163215 -0.00518297
0.000334481  0.00163215   0.0722456  0.00345563
   0.354125 -0.00518297  0.00345563    0.434678
IMAGINARY
           0  -0.00450182    0.0016865 -0.000815347
  0.00450182            0   0.00171517  -0.00571755
  -0.0016865  -0.00171517            0   0.00315814
 0.000815347   0.00571755  -0.00315814            0
repeater[3]<--->HoM[3]
REAL
   0.422035 0.000334481  -0.0119405    0.354125
0.000334481   0.0722456  0.00163215  0.00345563
 -0.0119405  0.00163215   0.0710415 -0.00518297
   0.354125  0.00345563 -0.00518297    0.434678
IMAGINARY
           0    0.0016865  -0.00450182 -0.000815347
  -0.0016865            0  -0.00171517   0.00315814
  0.00450182   0.00171517            0  -0.00571755
 0.000815347  -0.00315814   0.00571755            0
repeater[3]<--->HoM[4]
REAL
    0.42365  -0.0025021  -0.0024752     0.35168
 -0.0025021   0.0686131 0.000105483 -0.00217526
 -0.0024752 0.000105483   0.0794161 0.000251876
    0.35168 -0.00217526 0.000251876    0.428321
IMAGINARY
           0   -0.0129204  -0.00162907    0.0068868
   0.0129204            0  -0.00777019   0.00507734
  0.00162907   0.00777019            0  0.000176722
  -0.0068868  -0.00507734 -0.000176722            0
repeater[4]<--->HoM[4]
REAL
    0.42365  -0.0024752  -0.0025021     0.35168
 -0.0024752   0.0794161 0.000105483 0.000251876
 -0.0025021 0.000105483   0.0686131 -0.00217526
    0.35168 0.000251876 -0.00217526    0.428321
IMAGINARY
           0  -0.00162907   -0.0129204    0.0068868
  0.00162907            0   0.00777019  0.000176722
   0.0129204  -0.00777019            0   0.00507734
  -0.0068868 -0.000176722  -0.00507734            0
repeater[4]<--->HoM[5]
REAL
    0.423694 -0.000109549  -0.00600356       0.3561
-0.000109549    0.0733373    0.0114577   0.00600356
 -0.00600356    0.0114577    0.0703682  -0.00718085
      0.3561   0.00600356  -0.00718085     0.432601
IMAGINARY
           0 -0.000958714   0.00215862    0.0075972
 0.000958714            0  -0.00328814   0.00321442
 -0.00215862   0.00328814            0   -0.0123971
  -0.0075972  -0.00321442    0.0123971            0
repeater[5]<--->HoM[5]
REAL
    0.423694  -0.00600356 -0.000109549       0.3561
 -0.00600356    0.0703682    0.0114577  -0.00718085
-0.000109549    0.0114577    0.0733373   0.00600356
      0.3561  -0.00718085   0.00600356     0.432601
IMAGINARY
           0   0.00215862 -0.000958714    0.0075972
 -0.00215862            0   0.00328814   -0.0123971
 0.000958714  -0.00328814            0   0.00321442
  -0.0075972    0.0123971  -0.00321442            0
repeater[5]<--->HoM[6]
REAL
   0.424821 0.000184019  0.00202802    0.346775
0.000184019    0.074284  0.00080417  -0.0103962
 0.00202802  0.00080417   0.0707041 -0.00735676
   0.346775  -0.0103962 -0.00735676    0.430191
IMAGINARY
           0   0.00424862   0.00140613 -7.18882e-05
 -0.00424862            0   0.00929475  -0.00244687
 -0.00140613  -0.00929475            0 -0.000234346
 7.18882e-05   0.00244687  0.000234346            0
repeater[6]<--->HoM[6]
REAL
   0.424821  0.00202802 0.000184019    0.346775
 0.00202802   0.0707041  0.00080417 -0.00735676
0.000184019  0.00080417    0.074284  -0.0103962
   0.346775 -0.00735676  -0.0103962    0.430191
IMAGINARY
           0   0.00140613   0.00424862 -7.18882e-05
 -0.00140613            0  -0.00929475 -0.000234346
 -0.00424862   0.00929475            0  -0.00244687
 7.18882e-05  0.000234346   0.00244687            0
repeater[6]<--->HoM[7]
REAL
   0.436684   0.0122356  0.00338833    0.354327
  0.0122356   0.0753113 -0.00600858 -0.00338833
 0.00338833 -0.00600858    0.064379 -0.00550779
   0.354327 -0.00338833 -0.00550779    0.423626
IMAGINARY
           0  -0.00482173   0.00506307  -0.00416543
  0.00482173            0 -3.71803e-06   0.00655116
 -0.00506307  3.71803e-06            0   0.00820309
  0.00416543  -0.00655116  -0.00820309            0
repeater[7]<--->HoM[7]
REAL
   0.436684  0.00338833   0.0122356    0.354327
 0.00338833    0.064379 -0.00600858 -0.00550779
  0.0122356 -0.00600858   0.0753113 -0.00338833
   0.354327 -0.00550779 -0.00338833    0.423626
IMAGINARY
           0   0.00506307  -0.00482173  -0.00416543
 -0.00506307            0  3.71803e-06   0.00820309
  0.00482173 -3.71803e-06            0   0.00655116
  0.00416543  -0.00820309  -0.00655116            0
repeater[7]<--->HoM[8]
REAL
   0.418358   0.0053955  0.00173983     0.36412
  0.0053955   0.0751287  0.00454918  0.00679963
 0.00173983  0.00454918   0.0757346 -0.00156746
    0.36412  0.00679963 -0.00156746    0.430779
IMAGINARY
           0   -0.0176014    0.0130451  0.000950427
   0.0176014            0  -0.00356984    0.0117014
  -0.0130451   0.00356984            0 -0.000884033
-0.000950427   -0.0117014  0.000884033            0
repeater[8]<--->HoM[8]
REAL
   0.418358  0.00173983   0.0053955     0.36412
 0.00173983   0.0757346  0.00454918 -0.00156746
  0.0053955  0.00454918   0.0751287  0.00679963
    0.36412 -0.00156746  0.00679963    0.430779
IMAGINARY
           0    0.0130451   -0.0176014  0.000950427
  -0.0130451            0   0.00356984 -0.000884033
   0.0176014  -0.00356984            0    0.0117014
-0.000950427  0.000884033   -0.0117014            0
repeater[8]<--->HoM[9]
REAL
   0.441337  0.00548027  0.00116963    0.348239
 0.00548027   0.0674772 -0.00527575  0.00194148
 0.00116963 -0.00527575   0.0753799 -0.00829509
   0.348239  0.00194148 -0.00829509    0.415805
IMAGINARY
           0  -0.00767972 -0.000594912   0.00684197
  0.00767972            0   0.00384617   0.00827359
 0.000594912  -0.00384617            0  -0.00413362
 -0.00684197  -0.00827359   0.00413362            0

 

[Config Layer2_MIM]
seed-set = 1
network = Layer2_MIM_tomography
**.tomography_output_filename = "Layer2_MIM_memchange"
**.buffers = uniform(100,100)
**.num_measure = 30000 #max measurement for tomography accumulation

**.emission_error_rate = 0 # per shot.
**.emission_Z_error_ratio = 0 #ratio. Not the error rate!! By default the ratio is 1:1:1
**.emission_X_error_ratio = 0 #ratio. Not the error rate!!
**.emission_Y_error_ratio = 0 #ratio. Not the error rate!!

**.channel_error_rate = 0.005 #per km. Max = 1 = 100%
**.photon_loss_ratio = 1 # per km. 1% = 0.01
**.Z_error_ratio = 1 #ratio. Not the error rate!! By default the ratio is 1:1:1
**.X_error_ratio = 1 #ratio. Not the error rate!!
**.Y_error_ratio = 1 #ratio. Not the error rate!!

**.memory_error_rate = 0.002 #per μs
**.memory_X_error_ratio = 1 #ratio. Not the error rate!!
**.memory_Y_error_ratio = 1 #ratio. Not the error rate!!
**.memory_Z_error_ratio = 1 #ratio. Not the error rate!! By default the ratio is 1:1:1
**.memory_energy_excitation_ratio = 1
**.memory_energy_relaxation_ratio = 1

**.hom_photon_detection_per_sec = 1000000000
**.hom_darkcount_probability = 0.01 #1%

**.link_tomography = true
 
 EndNode[0]<--->HoM[0]
REAL
    0.39316 -0.00988627   0.0010825    0.282757
-0.00988627    0.120725 -0.00614868 -0.00312929
  0.0010825 -0.00614868    0.114002 -0.00502601
   0.282757 -0.00312929 -0.00502601    0.372113
IMAGINARY
          0 -0.00720423 -0.00757947  0.00152341
 0.00720423           0  0.00107201  0.00233209
 0.00757947 -0.00107201           0  0.00585491
-0.00152341 -0.00233209 -0.00585491           0
EndNode[1]<--->HoM[9]
REAL
   0.409217 -0.00446509 -0.00764773    0.286732
-0.00446509    0.106605  0.00156527  0.00838281
-0.00764773  0.00156527    0.109063  0.00578823
   0.286732  0.00838281  0.00578823    0.375115
IMAGINARY
          0  -0.0119736  0.00700081  -0.0082507
  0.0119736           0  0.00912381 -0.00562171
-0.00700081 -0.00912381           0 -0.00564826
  0.0082507  0.00562171  0.00564826           0
repeater[0]<--->HoM[0]
REAL
    0.39316   0.0010825 -0.00988627    0.282757
  0.0010825    0.114002 -0.00614868 -0.00502601
-0.00988627 -0.00614868    0.120725 -0.00312929
   0.282757 -0.00502601 -0.00312929    0.372113
IMAGINARY
          0 -0.00757947 -0.00720423  0.00152341
 0.00757947           0 -0.00107201  0.00585491
 0.00720423  0.00107201           0  0.00233209
-0.00152341 -0.00585491 -0.00233209           0
repeater[0]<--->HoM[1]
REAL
  0.409678 0.00922608 0.00513567   0.285007
0.00922608   0.107304 0.00507858 0.00220827
0.00513567 0.00507858   0.103697 0.00423781
  0.285007 0.00220827 0.00423781   0.379321
IMAGINARY
           0     0.013269  -0.00396816  -0.00340091
   -0.013269            0 -0.000331545  -0.00794369
  0.00396816  0.000331545            0   0.00370537
  0.00340091   0.00794369  -0.00370537            0
repeater[1]<--->HoM[1]
REAL
  0.409678 0.00513567 0.00922608   0.285007
0.00513567   0.103697 0.00507858 0.00423781
0.00922608 0.00507858   0.107304 0.00220827
  0.285007 0.00423781 0.00220827   0.379321
IMAGINARY
           0  -0.00396816     0.013269  -0.00340091
  0.00396816            0  0.000331545   0.00370537
   -0.013269 -0.000331545            0  -0.00794369
  0.00340091  -0.00370537   0.00794369            0
repeater[1]<--->HoM[2]
REAL
   0.384206  0.00923897  0.00175882    0.282947
 0.00923897    0.110914 -0.00294063 -0.00130303
 0.00175882 -0.00294063     0.10766 -0.00756775
   0.282947 -0.00130303 -0.00756775     0.39722
IMAGINARY
           0  -0.00912134  -0.00685543  0.000481358
  0.00912134            0   0.00620151   0.00867252
  0.00685543  -0.00620151            0    0.0082128
-0.000481358  -0.00867252   -0.0082128            0
repeater[2]<--->HoM[2]
REAL
   0.384206  0.00175882  0.00923897    0.282947
 0.00175882     0.10766 -0.00294063 -0.00756775
 0.00923897 -0.00294063    0.110914 -0.00130303
   0.282947 -0.00756775 -0.00130303     0.39722
IMAGINARY
           0  -0.00685543  -0.00912134  0.000481358
  0.00685543            0  -0.00620151    0.0082128
  0.00912134   0.00620151            0   0.00867252
-0.000481358   -0.0082128  -0.00867252            0
repeater[2]<--->HoM[3]
REAL
   0.380728  0.00399347 0.000438833    0.277918
 0.00399347    0.107659  0.00894299 -0.00697867
0.000438833  0.00894299    0.100126 -0.00191261
   0.277918 -0.00697867 -0.00191261    0.411488
IMAGINARY
           0  -0.00328563   0.00449721  -0.00175868
  0.00328563            0  -0.00281449 -0.000414963
 -0.00449721   0.00281449            0 -0.000796615
  0.00175868  0.000414963  0.000796615            0
repeater[3]<--->HoM[3]
REAL
   0.380728 0.000438833  0.00399347    0.277918
0.000438833    0.100126  0.00894299 -0.00191261
 0.00399347  0.00894299    0.107659 -0.00697867
   0.277918 -0.00191261 -0.00697867    0.411488
IMAGINARY
           0   0.00449721  -0.00328563  -0.00175868
 -0.00449721            0   0.00281449 -0.000796615
  0.00328563  -0.00281449            0 -0.000414963
  0.00175868  0.000796615  0.000414963            0
repeater[3]<--->HoM[4]
REAL
   0.384333 6.23543e-05  -0.0016777    0.278705
6.23543e-05    0.103121 -0.00707451   0.0113893
 -0.0016777 -0.00707451    0.117503   0.0120036
   0.278705   0.0113893   0.0120036    0.395043
IMAGINARY
           0   -0.0030036    -0.001031   0.00139584
   0.0030036            0   -0.0100087  0.000879075
    0.001031    0.0100087            0   0.00345939
 -0.00139584 -0.000879075  -0.00345939            0
repeater[4]<--->HoM[4]
REAL
   0.384333  -0.0016777 6.23543e-05    0.278705
 -0.0016777    0.117503 -0.00707451   0.0120036
6.23543e-05 -0.00707451    0.103121   0.0113893
   0.278705   0.0120036   0.0113893    0.395043
IMAGINARY
           0    -0.001031   -0.0030036   0.00139584
    0.001031            0    0.0100087   0.00345939
   0.0030036   -0.0100087            0  0.000879075
 -0.00139584  -0.00345939 -0.000879075            0
repeater[4]<--->HoM[5]
REAL
   0.388122  0.00311135   0.0021423    0.285208
 0.00311135    0.106779  0.00173603  0.00349568
  0.0021423  0.00173603    0.108878 -0.00222114
   0.285208  0.00349568 -0.00222114    0.396221
IMAGINARY
          0 -0.00654473   0.0036284  -0.0017468
 0.00654473           0 -0.00974917  0.00377681
 -0.0036284  0.00974917           0  0.00476748
  0.0017468 -0.00377681 -0.00476748           0
repeater[5]<--->HoM[5]
REAL
   0.388122   0.0021423  0.00311135    0.285208
  0.0021423    0.108878  0.00173603 -0.00222114
 0.00311135  0.00173603    0.106779  0.00349568
   0.285208 -0.00222114  0.00349568    0.396221
IMAGINARY
          0   0.0036284 -0.00654473  -0.0017468
 -0.0036284           0  0.00974917  0.00476748
 0.00654473 -0.00974917           0  0.00377681
  0.0017468 -0.00476748 -0.00377681           0
repeater[5]<--->HoM[6]
REAL
   0.401767 -0.00044444  0.00809193    0.280248
-0.00044444   0.0974718  0.00256995 -0.00223432
 0.00809193  0.00256995    0.107219 -0.00180849
   0.280248 -0.00223432 -0.00180849    0.393542
IMAGINARY
           0  0.000881783  -0.00282983 -0.000647159
-0.000881783            0   -0.0152329  0.000579601
  0.00282983    0.0152329            0   0.00226853
 0.000647159 -0.000579601  -0.00226853            0
repeater[6]<--->HoM[6]
REAL
   0.401767  0.00809193 -0.00044444    0.280248
 0.00809193    0.107219  0.00256995 -0.00180849
-0.00044444  0.00256995   0.0974718 -0.00223432
   0.280248 -0.00180849 -0.00223432    0.393542
IMAGINARY
           0  -0.00282983  0.000881783 -0.000647159
  0.00282983            0    0.0152329   0.00226853
-0.000881783   -0.0152329            0  0.000579601
 0.000647159  -0.00226853 -0.000579601            0
repeater[6]<--->HoM[7]
REAL
     0.39552  0.000402154  0.000380749     0.281382
 0.000402154     0.112585   0.00533992 -8.69774e-05
 0.000380749   0.00533992     0.115237   0.00282934
    0.281382 -8.69774e-05   0.00282934     0.376658
IMAGINARY
          0  0.00867838  0.00683527  0.00676811
-0.00867838           0 -0.00527824 -0.00972879
-0.00683527  0.00527824           0 -0.00289135
-0.00676811  0.00972879  0.00289135           0
repeater[7]<--->HoM[7]
REAL
     0.39552  0.000380749  0.000402154     0.281382
 0.000380749     0.115237   0.00533992   0.00282934
 0.000402154   0.00533992     0.112585 -8.69774e-05
    0.281382   0.00282934 -8.69774e-05     0.376658
IMAGINARY
          0  0.00683527  0.00867838  0.00676811
-0.00683527           0  0.00527824 -0.00289135
-0.00867838 -0.00527824           0 -0.00972879
-0.00676811  0.00289135  0.00972879           0
repeater[7]<--->HoM[8]
REAL
   0.391816 -0.00413392 -0.00682625    0.281763
-0.00413392    0.111569  0.00167487  0.00101749
-0.00682625  0.00167487     0.10892 -0.00673888
   0.281763  0.00101749 -0.00673888    0.387695
IMAGINARY
           0   0.00108094  0.000695023   0.00363188
 -0.00108094            0  -0.00170937  -0.00259839
-0.000695023   0.00170937            0    0.0017009
 -0.00363188   0.00259839   -0.0017009            0
repeater[8]<--->HoM[8]
REAL
   0.391816 -0.00682625 -0.00413392    0.281763
-0.00682625     0.10892  0.00167487 -0.00673888
-0.00413392  0.00167487    0.111569  0.00101749
   0.281763 -0.00673888  0.00101749    0.387695
IMAGINARY
           0  0.000695023   0.00108094   0.00363188
-0.000695023            0   0.00170937    0.0017009
 -0.00108094  -0.00170937            0  -0.00259839
 -0.00363188   -0.0017009   0.00259839            0
repeater[8]<--->HoM[9]
REAL
   0.409217 -0.00764773 -0.00446509    0.286732
-0.00764773    0.109063  0.00156527  0.00578823
-0.00446509  0.00156527    0.106605  0.00838281
   0.286732  0.00578823  0.00838281    0.375115
IMAGINARY
          0  0.00700081  -0.0119736  -0.0082507
-0.00700081           0 -0.00912381 -0.00564826
  0.0119736  0.00912381           0 -0.00562171
  0.0082507  0.00564826  0.00562171           0

  
  [Config Layer2_MIM]
seed-set = 1
network = Layer2_MIM_tomography
**.tomography_output_filename = "Layer2_MIM_memchange"
**.buffers = uniform(100,100)
**.num_measure = 30000 #max measurement for tomography accumulation

**.emission_error_rate = 0 # per shot.
**.emission_Z_error_ratio = 0 #ratio. Not the error rate!! By default the ratio is 1:1:1
**.emission_X_error_ratio = 0 #ratio. Not the error rate!!
**.emission_Y_error_ratio = 0 #ratio. Not the error rate!!

**.channel_error_rate = 0.005 #per km. Max = 1 = 100%
