EndNode1[0]<--->Repeater1[0]
REAL
   0.435101  -0.0100123  0.00474218    0.349692
 -0.0100123   0.0702823 -0.00193008 -0.00740438
 0.00474218 -0.00193008   0.0737355   0.0018285
   0.349692 -0.00740438   0.0018285    0.420882
IMAGINARY
          0 -0.00530892  0.00656105  0.00108936
 0.00530892           0 -0.00118922  0.00565361
-0.00656105  0.00118922           0  -0.0047031
-0.00108936 -0.00565361   0.0047031           0
EndNode2[0]<--->HoM1[0]
REAL
    0.424117 -0.000635969   0.00768167     0.348093
-0.000635969    0.0780508 -0.000245843  -0.00202803
  0.00768167 -0.000245843    0.0683461   -0.0018437
    0.348093  -0.00202803   -0.0018437     0.429486
IMAGINARY
          0 -0.00331694  0.00356847  0.00548133
 0.00331694           0  0.00243007  0.00103337
-0.00356847 -0.00243007           0  0.00271669
-0.00548133 -0.00103337 -0.00271669           0
Repeater1[0]<--->EndNode1[0]
REAL
   0.435101  0.00474218  -0.0100123    0.349692
 0.00474218   0.0737355 -0.00193008   0.0018285
 -0.0100123 -0.00193008   0.0702823 -0.00740438
   0.349692   0.0018285 -0.00740438    0.420882
IMAGINARY
          0  0.00656105 -0.00530892  0.00108936
-0.00656105           0  0.00118922  -0.0047031
 0.00530892 -0.00118922           0  0.00565361
-0.00108936   0.0047031 -0.00565361           0
Repeater1[0]<--->HoM1[0]
REAL
    0.424117   0.00768167 -0.000635969     0.348093
  0.00768167    0.0683461 -0.000245843   -0.0018437
-0.000635969 -0.000245843    0.0780508  -0.00202803
    0.348093   -0.0018437  -0.00202803     0.429486
IMAGINARY
          0  0.00356847 -0.00331694  0.00548133
-0.00356847           0 -0.00243007  0.00271669
 0.00331694  0.00243007           0  0.00103337
-0.00548133 -0.00271669 -0.00103337           0
EndNode1[0]<--->Repeater1[0]
REAL
   0.436772 0.000702927  0.00320864    0.349487
0.000702927   0.0694586  0.00505125 -0.00665272
 0.00320864  0.00505125   0.0772217 -0.00698332
   0.349487 -0.00665272 -0.00698332    0.416547
IMAGINARY
          0 -0.00868253  0.00140138 -0.00311994
 0.00868253           0  -0.0058335   0.0101662
-0.00140138   0.0058335           0 -0.00487949
 0.00311994  -0.0101662  0.00487949           0
EndNode2[0]<--->HoM1[0]
REAL
     0.42158 -0.000806108   0.00207068      0.34673
-0.000806108     0.073205 -0.000607088  -0.00287004
  0.00207068 -0.000607088     0.073205   0.00160547
     0.34673  -0.00287004   0.00160547      0.43201
IMAGINARY
          0 -0.00280324 -0.00939257  0.00121163
 0.00280324           0 -0.00201678  0.00209474
 0.00939257  0.00201678           0  0.00536734
-0.00121163 -0.00209474 -0.00536734           0
Repeater1[0]<--->EndNode1[0]
REAL
   0.436772  0.00320864 0.000702927    0.349487
 0.00320864   0.0772217  0.00505125 -0.00698332
0.000702927  0.00505125   0.0694586 -0.00665272
   0.349487 -0.00698332 -0.00665272    0.416547
IMAGINARY
          0  0.00140138 -0.00868253 -0.00311994
-0.00140138           0   0.0058335 -0.00487949
 0.00868253  -0.0058335           0   0.0101662
 0.00311994  0.00487949  -0.0101662           0
Repeater1[0]<--->HoM1[0]
REAL
     0.42158   0.00207068 -0.000806108      0.34673
  0.00207068     0.073205 -0.000607088   0.00160547
-0.000806108 -0.000607088     0.073205  -0.00287004
     0.34673   0.00160547  -0.00287004      0.43201
IMAGINARY
          0 -0.00939257 -0.00280324  0.00121163
 0.00939257           0  0.00201678  0.00536734
 0.00280324 -0.00201678           0  0.00209474
-0.00121163 -0.00536734 -0.00209474           0
EndNode1[0]<--->Repeater1[0]
REAL
    0.421547  -0.00159019   0.00180012     0.351114
 -0.00159019    0.0795523  -0.00285378  -0.00239988
  0.00180012  -0.00285378    0.0711573 -9.16629e-06
    0.351114  -0.00239988 -9.16629e-06     0.427743
IMAGINARY
           0   0.00218636  -0.00194007 -0.000891315
 -0.00218636            0  -0.00157478 -0.000639292
  0.00194007   0.00157478            0  -0.00198794
 0.000891315  0.000639292   0.00198794            0
EndNode2[0]<--->HoM1[0]
REAL
     0.42518   0.00491115  -0.00733597     0.351205
  0.00491115    0.0794094 -0.000221028   0.00871392
 -0.00733597 -0.000221028    0.0806065  -0.00412375
    0.351205   0.00871392  -0.00412375     0.414804
IMAGINARY
           0 -0.000991755   0.00252824 -0.000596183
 0.000991755            0    0.0026874  0.000245135
 -0.00252824   -0.0026874            0 -0.000593031
 0.000596183 -0.000245135  0.000593031            0
Repeater1[0]<--->EndNode1[0]
REAL
    0.421547   0.00180012  -0.00159019     0.351114
  0.00180012    0.0711573  -0.00285378 -9.16629e-06
 -0.00159019  -0.00285378    0.0795523  -0.00239988
    0.351114 -9.16629e-06  -0.00239988     0.427743
IMAGINARY
           0  -0.00194007   0.00218636 -0.000891315
  0.00194007            0   0.00157478  -0.00198794
 -0.00218636  -0.00157478            0 -0.000639292
 0.000891315   0.00198794  0.000639292            0
Repeater1[0]<--->HoM1[0]
REAL
     0.42518  -0.00733597   0.00491115     0.351205
 -0.00733597    0.0806065 -0.000221028  -0.00412375
  0.00491115 -0.000221028    0.0794094   0.00871392
    0.351205  -0.00412375   0.00871392     0.414804
IMAGINARY
           0   0.00252824 -0.000991755 -0.000596183
 -0.00252824            0   -0.0026874 -0.000593031
 0.000991755    0.0026874            0  0.000245135
 0.000596183  0.000593031 -0.000245135            0
EndNode1[0]<--->Repeater1[0]
REAL
   0.421916  0.00229521  0.00556778    0.344241
 0.00229521   0.0747417 -0.00262697  0.00305117
 0.00556778 -0.00262697   0.0708933  0.00733772
   0.344241  0.00305117  0.00733772    0.432449
IMAGINARY
           0  -0.00297621  -0.00181219  0.000679867
  0.00297621            0 -0.000781267  -0.00322634
  0.00181219  0.000781267            0   0.00149429
-0.000679867   0.00322634  -0.00149429            0
EndNode2[0]<--->HoM1[0]
REAL
    0.432059 -8.36267e-05   0.00318112     0.344936
-8.36267e-05    0.0708425    0.0025783   0.00713525
  0.00318112    0.0025783    0.0744447   0.00607695
    0.344936   0.00713525   0.00607695     0.422654
IMAGINARY
           0  0.000559047   -0.0108453   0.00138293
-0.000559047            0  -0.00279308   0.00135479
   0.0108453   0.00279308            0   0.00473566
 -0.00138293  -0.00135479  -0.00473566            0
Repeater1[0]<--->EndNode1[0]
REAL
   0.421916  0.00556778  0.00229521    0.344241
 0.00556778   0.0708933 -0.00262697  0.00733772
 0.00229521 -0.00262697   0.0747417  0.00305117
   0.344241  0.00733772  0.00305117    0.432449
IMAGINARY
           0  -0.00181219  -0.00297621  0.000679867
  0.00181219            0  0.000781267   0.00149429
  0.00297621 -0.000781267            0  -0.00322634
-0.000679867  -0.00149429   0.00322634            0
Repeater1[0]<--->HoM1[0]
REAL
    0.432059   0.00318112 -8.36267e-05     0.344936
  0.00318112    0.0744447    0.0025783   0.00607695
-8.36267e-05    0.0025783    0.0708425   0.00713525
    0.344936   0.00607695   0.00713525     0.422654
IMAGINARY
           0   -0.0108453  0.000559047   0.00138293
   0.0108453            0   0.00279308   0.00473566
-0.000559047  -0.00279308            0   0.00135479
 -0.00138293  -0.00473566  -0.00135479            0
EndNode1[0]<--->Repeater1[0]
REAL
    0.43299  0.00388415  0.00294011    0.353681
 0.00388415   0.0735527  0.00137362  0.00353441
 0.00294011  0.00137362   0.0713719 -0.00158674
   0.353681  0.00353441 -0.00158674    0.422086
IMAGINARY
          0  -0.0047353  0.00566965 -0.00114433
  0.0047353           0 -0.00234242 -0.00254654
-0.00566965  0.00234242           0 -0.00342508
 0.00114433  0.00254654  0.00342508           0
EndNode2[0]<--->HoM1[0]
REAL
   0.434834 -0.00434057 -0.00571155    0.353189
-0.00434057    0.075977  0.00647684  0.00474106
-0.00571155  0.00647684   0.0811347  0.00317597
   0.353189  0.00474106  0.00317597    0.408054
IMAGINARY
           0  -0.00811501 -0.000441222 -0.000252229
  0.00811501            0 -0.000353587   0.00269834
 0.000441222  0.000353587            0   0.00173621
 0.000252229  -0.00269834  -0.00173621            0
Repeater1[0]<--->EndNode1[0]
REAL
    0.43299  0.00294011  0.00388415    0.353681
 0.00294011   0.0713719  0.00137362 -0.00158674
 0.00388415  0.00137362   0.0735527  0.00353441
   0.353681 -0.00158674  0.00353441    0.422086
IMAGINARY
          0  0.00566965  -0.0047353 -0.00114433
-0.00566965           0  0.00234242 -0.00342508
  0.0047353 -0.00234242           0 -0.00254654
 0.00114433  0.00342508  0.00254654           0
Repeater1[0]<--->HoM1[0]
REAL
   0.434834 -0.00571155 -0.00434057    0.353189
-0.00571155   0.0811347  0.00647684  0.00317597
-0.00434057  0.00647684    0.075977  0.00474106
   0.353189  0.00317597  0.00474106    0.408054
IMAGINARY
           0 -0.000441222  -0.00811501 -0.000252229
 0.000441222            0  0.000353587   0.00173621
  0.00811501 -0.000353587            0   0.00269834
 0.000252229  -0.00173621  -0.00269834            0
EndNode1[0]<--->Repeater1[0]
REAL
   0.436701  0.00358248  0.00183618    0.354189
 0.00358248   0.0716853 -0.00380295  0.00697047
 0.00183618 -0.00380295     0.08127  0.00997383
   0.354189  0.00697047  0.00997383    0.410343
IMAGINARY
          0 -0.00700947   0.0097085 -0.00989595
 0.00700947           0 -0.00670997  0.00299642
 -0.0097085  0.00670997           0 -0.00590037
 0.00989595 -0.00299642  0.00590037           0
EndNode2[0]<--->HoM1[0]
REAL
   0.422703 -0.00151704 0.000997928    0.348517
-0.00151704   0.0740226 0.000746586 -0.00398479
0.000997928 0.000746586   0.0714427 0.000720548
   0.348517 -0.00398479 0.000720548    0.431832
IMAGINARY
          0  0.00932937  0.00419932  0.00208153
-0.00932937           0 -0.00049988 -0.00905561
-0.00419932  0.00049988           0   0.0026627
-0.00208153  0.00905561  -0.0026627           0
Repeater1[0]<--->EndNode1[0]
REAL
   0.436701  0.00183618  0.00358248    0.354189
 0.00183618     0.08127 -0.00380295  0.00997383
 0.00358248 -0.00380295   0.0716853  0.00697047
   0.354189  0.00997383  0.00697047    0.410343
IMAGINARY
          0   0.0097085 -0.00700947 -0.00989595
 -0.0097085           0  0.00670997 -0.00590037
 0.00700947 -0.00670997           0  0.00299642
 0.00989595  0.00590037 -0.00299642           0
Repeater1[0]<--->HoM1[0]
REAL
   0.422703 0.000997928 -0.00151704    0.348517
0.000997928   0.0714427 0.000746586 0.000720548
-0.00151704 0.000746586   0.0740226 -0.00398479
   0.348517 0.000720548 -0.00398479    0.431832
IMAGINARY
          0  0.00419932  0.00932937  0.00208153
-0.00419932           0  0.00049988   0.0026627
-0.00932937 -0.00049988           0 -0.00905561
-0.00208153  -0.0026627  0.00905561           0
EndNode1[0]<--->Repeater1[0]
REAL
   0.423371   -0.002742  0.00639612    0.355025
  -0.002742   0.0762269 -0.00332125 -0.00729307
 0.00639612 -0.00332125   0.0778359  0.00383828
   0.355025 -0.00729307  0.00383828    0.422566
IMAGINARY
           0 -0.000542667  0.000205947  0.000791959
 0.000542667            0  -0.00109035   0.00681652
-0.000205947   0.00109035            0  -0.00286825
-0.000791959  -0.00681652   0.00286825            0
EndNode2[0]<--->HoM1[0]
REAL
   0.415143   0.0067891  0.00470329     0.35296
  0.0067891   0.0770895  0.00518079 -0.00151095
 0.00470329  0.00518079   0.0749263 -0.00220011
    0.35296 -0.00151095 -0.00220011    0.432842
IMAGINARY
           0  -0.00204055    0.0108147  -0.00624022
  0.00204055            0  -0.00472964  -0.00597753
  -0.0108147   0.00472964            0  0.000954662
  0.00624022   0.00597753 -0.000954662            0
Repeater1[0]<--->EndNode1[0]
REAL
   0.423371  0.00639612   -0.002742    0.355025
 0.00639612   0.0778359 -0.00332125  0.00383828
  -0.002742 -0.00332125   0.0762269 -0.00729307
   0.355025  0.00383828 -0.00729307    0.422566
IMAGINARY
           0  0.000205947 -0.000542667  0.000791959
-0.000205947            0   0.00109035  -0.00286825
 0.000542667  -0.00109035            0   0.00681652
-0.000791959   0.00286825  -0.00681652            0
Repeater1[0]<--->HoM1[0]
REAL
   0.415143  0.00470329   0.0067891     0.35296
 0.00470329   0.0749263  0.00518079 -0.00220011
  0.0067891  0.00518079   0.0770895 -0.00151095
    0.35296 -0.00220011 -0.00151095    0.432842
IMAGINARY
           0    0.0108147  -0.00204055  -0.00624022
  -0.0108147            0   0.00472964  0.000954662
  0.00204055  -0.00472964            0  -0.00597753
  0.00624022 -0.000954662   0.00597753            0
EndNode1[0]<--->Repeater1[0]
REAL
    0.434791    0.0029878   0.00186491     0.348525
   0.0029878    0.0741786 -5.80657e-05  -0.00394206
  0.00186491 -5.80657e-05     0.072566  -0.00150412
    0.348525  -0.00394206  -0.00150412     0.418464
IMAGINARY
           0   0.00295628   0.00377455  -0.00417411
 -0.00295628            0  -0.00517813  0.000678888
 -0.00377455   0.00517813            0  -0.00538543
  0.00417411 -0.000678888   0.00538543            0
EndNode2[0]<--->HoM1[0]
REAL
   0.428657  0.00387289   0.0015175    0.350158
 0.00387289   0.0773216 0.000978456  0.00441692
  0.0015175 0.000978456   0.0717417  0.00246387
   0.350158  0.00441692  0.00246387     0.42228
IMAGINARY
           0 -0.000853637  -0.00160682    0.0066037
 0.000853637            0  -0.00324402   0.00644967
  0.00160682   0.00324402            0  -0.00497756
  -0.0066037  -0.00644967   0.00497756            0
Repeater1[0]<--->EndNode1[0]
REAL
    0.434791   0.00186491    0.0029878     0.348525
  0.00186491     0.072566 -5.80657e-05  -0.00150412
   0.0029878 -5.80657e-05    0.0741786  -0.00394206
    0.348525  -0.00150412  -0.00394206     0.418464
IMAGINARY
           0   0.00377455   0.00295628  -0.00417411
 -0.00377455            0   0.00517813  -0.00538543
 -0.00295628  -0.00517813            0  0.000678888
  0.00417411   0.00538543 -0.000678888            0
Repeater1[0]<--->HoM1[0]
REAL
   0.428657   0.0015175  0.00387289    0.350158
  0.0015175   0.0717417 0.000978456  0.00246387
 0.00387289 0.000978456   0.0773216  0.00441692
   0.350158  0.00246387  0.00441692     0.42228
IMAGINARY
           0  -0.00160682 -0.000853637    0.0066037
  0.00160682            0   0.00324402  -0.00497756
 0.000853637  -0.00324402            0   0.00644967
  -0.0066037   0.00497756  -0.00644967            0
EndNode1[0]<--->Repeater1[0]
REAL
   0.420989 -0.00854672 -0.00320911    0.352243
-0.00854672   0.0761065 -0.00255337 -0.00320911
-0.00320911 -0.00255337   0.0753054  0.00295665
   0.352243 -0.00320911  0.00295665    0.427599
IMAGINARY
          0  0.00481854  -0.0104272  0.00528054
-0.00481854           0 -0.00332666 -0.00103094
  0.0104272  0.00332666           0  0.00501719
-0.00528054  0.00103094 -0.00501719           0
EndNode2[0]<--->HoM1[0]
REAL
    0.429707  -0.00532656 -0.000805522     0.350555
 -0.00532656    0.0709046  -0.00653306  0.000502062
-0.000805522  -0.00653306    0.0686634  0.000774664
    0.350555  0.000502062  0.000774664     0.430725
IMAGINARY
           0   0.00265205 -0.000904066 -0.000439883
 -0.00265205            0  -0.00279375   0.00244075
 0.000904066   0.00279375            0  -0.00495708
 0.000439883  -0.00244075   0.00495708            0
Repeater1[0]<--->EndNode1[0]
REAL
   0.420989 -0.00320911 -0.00854672    0.352243
-0.00320911   0.0753054 -0.00255337  0.00295665
-0.00854672 -0.00255337   0.0761065 -0.00320911
   0.352243  0.00295665 -0.00320911    0.427599
IMAGINARY
          0  -0.0104272  0.00481854  0.00528054
  0.0104272           0  0.00332666  0.00501719
-0.00481854 -0.00332666           0 -0.00103094
-0.00528054 -0.00501719  0.00103094           0
Repeater1[0]<--->HoM1[0]
REAL
    0.429707 -0.000805522  -0.00532656     0.350555
-0.000805522    0.0686634  -0.00653306  0.000774664
 -0.00532656  -0.00653306    0.0709046  0.000502062
    0.350555  0.000774664  0.000502062     0.430725
IMAGINARY
           0 -0.000904066   0.00265205 -0.000439883
 0.000904066            0   0.00279375  -0.00495708
 -0.00265205  -0.00279375            0   0.00244075
 0.000439883   0.00495708  -0.00244075            0
EndNode1[0]<--->Repeater1[0]
REAL
   0.420365 -0.00146817 -0.00632567    0.352084
-0.00146817   0.0727021 -0.00233594 -0.00142861
-0.00632567 -0.00233594   0.0756735 -0.00950867
   0.352084 -0.00142861 -0.00950867     0.43126
IMAGINARY
          0  -0.0079137  0.00252221   0.0054623
  0.0079137           0  0.00348602  0.00923772
-0.00252221 -0.00348602           0 -0.00100763
 -0.0054623 -0.00923772  0.00100763           0
EndNode2[0]<--->HoM1[0]
REAL
    0.425944   0.00219186 -0.000909603     0.348416
  0.00219186    0.0712189  -0.00176195  0.000807915
-0.000909603  -0.00176195    0.0827627   0.00584149
    0.348416  0.000807915   0.00584149     0.420074
IMAGINARY
           0  -0.00534278   0.00104607 -0.000686945
  0.00534278            0   0.00170445  0.000142995
 -0.00104607  -0.00170445            0    0.0025683
 0.000686945 -0.000142995   -0.0025683            0
Repeater1[0]<--->EndNode1[0]
REAL
   0.420365 -0.00632567 -0.00146817    0.352084
-0.00632567   0.0756735 -0.00233594 -0.00950867
-0.00146817 -0.00233594   0.0727021 -0.00142861
   0.352084 -0.00950867 -0.00142861     0.43126
IMAGINARY
          0  0.00252221  -0.0079137   0.0054623
-0.00252221           0 -0.00348602 -0.00100763
  0.0079137  0.00348602           0  0.00923772
 -0.0054623  0.00100763 -0.00923772           0
Repeater1[0]<--->HoM1[0]
REAL
    0.425944 -0.000909603   0.00219186     0.348416
-0.000909603    0.0827627  -0.00176195   0.00584149
  0.00219186  -0.00176195    0.0712189  0.000807915
    0.348416   0.00584149  0.000807915     0.420074
IMAGINARY
           0   0.00104607  -0.00534278 -0.000686945
 -0.00104607            0  -0.00170445    0.0025683
  0.00534278   0.00170445            0  0.000142995
 0.000686945   -0.0025683 -0.000142995            0
EndNode1[0]<--->Repeater1[0]
REAL
    0.424562  -0.00848144  -0.00154523     0.351756
 -0.00848144    0.0762341    0.0010216 -0.000835722
 -0.00154523    0.0010216    0.0752389  -0.00143919
    0.351756 -0.000835722  -0.00143919     0.423965
IMAGINARY
           0   0.00585032   0.00548566 -0.000924682
 -0.00585032            0  -0.00680469   -0.0042124
 -0.00548566   0.00680469            0   -0.0039894
 0.000924682    0.0042124    0.0039894            0
EndNode2[0]<--->HoM1[0]
REAL
   0.423046 -0.00213796 -0.00292482    0.349996
-0.00213796    0.072904  0.00112354  0.00192562
-0.00292482  0.00112354   0.0718915 -0.00705468
   0.349996  0.00192562 -0.00705468    0.432159
IMAGINARY
          0  0.00139528    0.001089  0.00688675
-0.00139528           0 -0.00443817 -0.00238667
  -0.001089  0.00443817           0  0.00249771
-0.00688675  0.00238667 -0.00249771           0
Repeater1[0]<--->EndNode1[0]
REAL
    0.424562  -0.00154523  -0.00848144     0.351756
 -0.00154523    0.0752389    0.0010216  -0.00143919
 -0.00848144    0.0010216    0.0762341 -0.000835722
    0.351756  -0.00143919 -0.000835722     0.423965
IMAGINARY
           0   0.00548566   0.00585032 -0.000924682
 -0.00548566            0   0.00680469   -0.0039894
 -0.00585032  -0.00680469            0   -0.0042124
 0.000924682    0.0039894    0.0042124            0
Repeater1[0]<--->HoM1[0]
REAL
   0.423046 -0.00292482 -0.00213796    0.349996
-0.00292482   0.0718915  0.00112354 -0.00705468
-0.00213796  0.00112354    0.072904  0.00192562
   0.349996 -0.00705468  0.00192562    0.432159
IMAGINARY
          0    0.001089  0.00139528  0.00688675
  -0.001089           0  0.00443817  0.00249771
-0.00139528 -0.00443817           0 -0.00238667
-0.00688675 -0.00249771  0.00238667           0
EndNode1[0]<--->Repeater1[0]
REAL
    0.432156 -0.000671053  -0.00503191     0.350071
-0.000671053    0.0740666  0.000259787   0.00433064
 -0.00503191  0.000259787    0.0726616   0.00217376
    0.350071   0.00433064   0.00217376     0.421116
IMAGINARY
           0   0.00486238 -0.000722072   -0.0108089
 -0.00486238            0  -0.00213835    0.0036065
 0.000722072   0.00213835            0   0.00279626
   0.0108089   -0.0036065  -0.00279626            0
EndNode2[0]<--->HoM1[0]
REAL
   0.416497 -0.00401663  0.00243022    0.346208
-0.00401663   0.0730911 2.33919e-05  0.00222942
 0.00243022 2.33919e-05   0.0800327  0.00685293
   0.346208  0.00222942  0.00685293     0.43038
IMAGINARY
          0 -0.00307212  0.00204821  0.00799339
 0.00307212           0  0.00946948 -0.00235179
-0.00204821 -0.00946948           0 -0.00229117
-0.00799339  0.00235179  0.00229117           0
Repeater1[0]<--->EndNode1[0]
REAL
    0.432156  -0.00503191 -0.000671053     0.350071
 -0.00503191    0.0726616  0.000259787   0.00217376
-0.000671053  0.000259787    0.0740666   0.00433064
    0.350071   0.00217376   0.00433064     0.421116
IMAGINARY
           0 -0.000722072   0.00486238   -0.0108089
 0.000722072            0   0.00213835   0.00279626
 -0.00486238  -0.00213835            0    0.0036065
   0.0108089  -0.00279626   -0.0036065            0
Repeater1[0]<--->HoM1[0]
REAL
   0.416497  0.00243022 -0.00401663    0.346208
 0.00243022   0.0800327 2.33919e-05  0.00685293
-0.00401663 2.33919e-05   0.0730911  0.00222942
   0.346208  0.00685293  0.00222942     0.43038
IMAGINARY
          0  0.00204821 -0.00307212  0.00799339
-0.00204821           0 -0.00946948 -0.00229117
 0.00307212  0.00946948           0 -0.00235179
-0.00799339  0.00229117  0.00235179           0
EndNode1[0]<--->Repeater1[0]
REAL
    0.418489    0.0066644 -0.000423564     0.354832
   0.0066644    0.0769384  -0.00450171   0.00994069
-0.000423564  -0.00450171    0.0769384   0.00185092
    0.354832   0.00994069   0.00185092     0.427634
IMAGINARY
           0   0.00397809 -0.000143984   0.00407837
 -0.00397809            0  0.000662402  -0.00984592
 0.000143984 -0.000662402            0   0.00177368
 -0.00407837   0.00984592  -0.00177368            0
EndNode2[0]<--->HoM1[0]
REAL
   0.427464  0.00178899  0.00370097    0.345978
 0.00178899   0.0755167 -0.00557382 -0.00188279
 0.00370097 -0.00557382   0.0737281 -0.00118293
   0.345978 -0.00188279 -0.00118293    0.423291
IMAGINARY
           0  -0.00648897   0.00131757  -0.00573139
  0.00648897            0  -0.00263181   0.00490895
 -0.00131757   0.00263181            0  6.47731e-05
  0.00573139  -0.00490895 -6.47731e-05            0
Repeater1[0]<--->EndNode1[0]
REAL
    0.418489 -0.000423564    0.0066644     0.354832
-0.000423564    0.0769384  -0.00450171   0.00185092
   0.0066644  -0.00450171    0.0769384   0.00994069
    0.354832   0.00185092   0.00994069     0.427634
IMAGINARY
           0 -0.000143984   0.00397809   0.00407837
 0.000143984            0 -0.000662402   0.00177368
 -0.00397809  0.000662402            0  -0.00984592
 -0.00407837  -0.00177368   0.00984592            0
Repeater1[0]<--->HoM1[0]
REAL
   0.427464  0.00370097  0.00178899    0.345978
 0.00370097   0.0737281 -0.00557382 -0.00118293
 0.00178899 -0.00557382   0.0755167 -0.00188279
   0.345978 -0.00118293 -0.00188279    0.423291
IMAGINARY
           0   0.00131757  -0.00648897  -0.00573139
 -0.00131757            0   0.00263181  6.47731e-05
  0.00648897  -0.00263181            0   0.00490895
  0.00573139 -6.47731e-05  -0.00490895            0
EndNode1[0]<--->Repeater1[0]
REAL
   0.436914  0.00325948  0.00716287    0.353648
 0.00325948   0.0705601  0.00371964 -0.00696586
 0.00716287  0.00371964   0.0771377  0.00796984
   0.353648 -0.00696586  0.00796984    0.415388
IMAGINARY
           0  -0.00335086   0.00559053  -0.00415477
  0.00335086            0   0.00254121   0.00469251
 -0.00559053  -0.00254121            0 -0.000212571
  0.00415477  -0.00469251  0.000212571            0
EndNode2[0]<--->HoM1[0]
REAL
    0.422075 -0.000983079   0.00929994     0.346718
-0.000983079    0.0741186   -0.0041922   -0.0104277
  0.00929994   -0.0041922    0.0761218  -0.00137493
    0.346718   -0.0104277  -0.00137493     0.427684
IMAGINARY
          0  0.00380017  -0.0137876 -0.00709686
-0.00380017           0   0.0115323  0.00168036
  0.0137876  -0.0115323           0  0.00530529
 0.00709686 -0.00168036 -0.00530529           0
Repeater1[0]<--->EndNode1[0]
REAL
   0.436914  0.00716287  0.00325948    0.353648
 0.00716287   0.0771377  0.00371964  0.00796984
 0.00325948  0.00371964   0.0705601 -0.00696586
   0.353648  0.00796984 -0.00696586    0.415388
IMAGINARY
           0   0.00559053  -0.00335086  -0.00415477
 -0.00559053            0  -0.00254121 -0.000212571
  0.00335086   0.00254121            0   0.00469251
  0.00415477  0.000212571  -0.00469251            0
Repeater1[0]<--->HoM1[0]
REAL
    0.422075   0.00929994 -0.000983079     0.346718
  0.00929994    0.0761218   -0.0041922  -0.00137493
-0.000983079   -0.0041922    0.0741186   -0.0104277
    0.346718  -0.00137493   -0.0104277     0.427684
IMAGINARY
          0  -0.0137876  0.00380017 -0.00709686
  0.0137876           0  -0.0115323  0.00530529
-0.00380017   0.0115323           0  0.00168036
 0.00709686 -0.00530529 -0.00168036           0
EndNode1[0]<--->Repeater1[0]
REAL
   0.421866 -0.00780225 -0.00623613    0.354555
-0.00780225   0.0718954  0.00637315  0.00255014
-0.00623613  0.00637315   0.0722915  0.00172534
   0.354555  0.00255014  0.00172534    0.433947
IMAGINARY
           0   0.00447746  0.000833652   -0.0014467
 -0.00447746            0 -0.000230157  -0.00243173
-0.000833652  0.000230157            0  -0.00807315
   0.0014467   0.00243173   0.00807315            0
EndNode2[0]<--->HoM1[0]
REAL
    0.428401   0.00295731  0.000655092     0.349032
  0.00295731    0.0734913  -0.00308063 -0.000452663
 0.000655092  -0.00308063    0.0776738   0.00109127
    0.349032 -0.000452663   0.00109127     0.420434
IMAGINARY
          0  0.00262517   0.0085497   0.0108685
-0.00262517           0 -0.00302579  0.00377425
 -0.0085497  0.00302579           0 -0.00477697
 -0.0108685 -0.00377425  0.00477697           0
Repeater1[0]<--->EndNode1[0]
REAL
   0.421866 -0.00623613 -0.00780225    0.354555
-0.00623613   0.0722915  0.00637315  0.00172534
-0.00780225  0.00637315   0.0718954  0.00255014
   0.354555  0.00172534  0.00255014    0.433947
IMAGINARY
           0  0.000833652   0.00447746   -0.0014467
-0.000833652            0  0.000230157  -0.00807315
 -0.00447746 -0.000230157            0  -0.00243173
   0.0014467   0.00807315   0.00243173            0
Repeater1[0]<--->HoM1[0]
REAL
    0.428401  0.000655092   0.00295731     0.349032
 0.000655092    0.0776738  -0.00308063   0.00109127
  0.00295731  -0.00308063    0.0734913 -0.000452663
    0.349032   0.00109127 -0.000452663     0.420434
IMAGINARY
          0   0.0085497  0.00262517   0.0108685
 -0.0085497           0  0.00302579 -0.00477697
-0.00262517 -0.00302579           0  0.00377425
 -0.0108685  0.00477697 -0.00377425           0
EndNode1[0]<--->Repeater1[0]
REAL
    0.431168  -0.00157748   0.00252526     0.348602
 -0.00157748    0.0663186 -0.000631493   0.00201744
  0.00252526 -0.000631493    0.0738592   0.00188033
    0.348602   0.00201744   0.00188033     0.428654
IMAGINARY
           0   -0.0016035    0.0037722  -0.00203616
   0.0016035            0 -0.000921216  -0.00224002
  -0.0037722  0.000921216            0  -0.00524022
  0.00203616   0.00224002   0.00524022            0
EndNode2[0]<--->HoM1[0]
REAL
   0.430794   0.0027867 -0.00227432     0.34603
  0.0027867   0.0680096 0.000898317  0.00418771
-0.00227432 0.000898317     0.07858  -0.0089297
    0.34603  0.00418771  -0.0089297    0.422617
IMAGINARY
           0  -0.00306649  0.000691257   0.00527938
  0.00306649            0  0.000916031   0.00773627
-0.000691257 -0.000916031            0   0.00197587
 -0.00527938  -0.00773627  -0.00197587            0
Repeater1[0]<--->EndNode1[0]
REAL
    0.431168   0.00252526  -0.00157748     0.348602
  0.00252526    0.0738592 -0.000631493   0.00188033
 -0.00157748 -0.000631493    0.0663186   0.00201744
    0.348602   0.00188033   0.00201744     0.428654
IMAGINARY
           0    0.0037722   -0.0016035  -0.00203616
  -0.0037722            0  0.000921216  -0.00524022
   0.0016035 -0.000921216            0  -0.00224002
  0.00203616   0.00524022   0.00224002            0
Repeater1[0]<--->HoM1[0]
REAL
   0.430794 -0.00227432   0.0027867     0.34603
-0.00227432     0.07858 0.000898317  -0.0089297
  0.0027867 0.000898317   0.0680096  0.00418771
    0.34603  -0.0089297  0.00418771    0.422617
IMAGINARY
           0  0.000691257  -0.00306649   0.00527938
-0.000691257            0 -0.000916031   0.00197587
  0.00306649  0.000916031            0   0.00773627
 -0.00527938  -0.00197587  -0.00773627            0
EndNode1[0]<--->Repeater1[0]
REAL
   0.422436  0.00165137 -0.00116985    0.347186
 0.00165137   0.0768613  0.00107829  0.00298583
-0.00116985  0.00107829   0.0782661  0.00541077
   0.347186  0.00298583  0.00541077    0.422436
IMAGINARY
           0  0.000329567   0.00381724  -0.00365491
-0.000329567            0   0.00110889   0.00321386
 -0.00381724  -0.00110889            0  -0.00201307
  0.00365491  -0.00321386   0.00201307            0
EndNode2[0]<--->HoM1[0]
REAL
    0.421534  -0.00691082  -0.00886662      0.35142
 -0.00691082    0.0742948  -0.00702014   0.00266662
 -0.00886662  -0.00702014    0.0727056 -0.000889181
     0.35142   0.00266662 -0.000889181     0.431466
IMAGINARY
           0  0.000797628   -0.0012054   0.00389281
-0.000797628            0  0.000269624    0.0131501
   0.0012054 -0.000269624            0  -0.00227838
 -0.00389281   -0.0131501   0.00227838            0
Repeater1[0]<--->EndNode1[0]
REAL
   0.422436 -0.00116985  0.00165137    0.347186
-0.00116985   0.0782661  0.00107829  0.00541077
 0.00165137  0.00107829   0.0768613  0.00298583
   0.347186  0.00541077  0.00298583    0.422436
IMAGINARY
           0   0.00381724  0.000329567  -0.00365491
 -0.00381724            0  -0.00110889  -0.00201307
-0.000329567   0.00110889            0   0.00321386
  0.00365491   0.00201307  -0.00321386            0
Repeater1[0]<--->HoM1[0]
REAL
    0.421534  -0.00886662  -0.00691082      0.35142
 -0.00886662    0.0727056  -0.00702014 -0.000889181
 -0.00691082  -0.00702014    0.0742948   0.00266662
     0.35142 -0.000889181   0.00266662     0.431466
IMAGINARY
           0   -0.0012054  0.000797628   0.00389281
   0.0012054            0 -0.000269624  -0.00227838
-0.000797628  0.000269624            0    0.0131501
 -0.00389281   0.00227838   -0.0131501            0
EndNode1[0]<--->Repeater1[0]
REAL
   0.433127  0.00492732  0.00436044    0.353436
 0.00492732   0.0761411 5.43614e-05 -0.00819525
 0.00436044 5.43614e-05   0.0719554 -0.00659891
   0.353436 -0.00819525 -0.00659891    0.418776
IMAGINARY
          0  0.00462727 -0.00385583  -0.0122288
-0.00462727           0 -0.00114877 -0.00545968
 0.00385583  0.00114877           0  0.00104304
  0.0122288  0.00545968 -0.00104304           0
EndNode2[0]<--->HoM1[0]
REAL
    0.425877   0.00536772  -0.00690146     0.348045
  0.00536772    0.0756439 -0.000985959   0.00788185
 -0.00690146 -0.000985959    0.0817278    0.0026715
    0.348045   0.00788185    0.0026715     0.416751
IMAGINARY
           0  -0.00257931  -0.00215832 -6.80235e-06
  0.00257931            0   0.00428205    0.0059766
  0.00215832  -0.00428205            0   0.00287303
 6.80235e-06   -0.0059766  -0.00287303            0
Repeater1[0]<--->EndNode1[0]
REAL
   0.433127  0.00436044  0.00492732    0.353436
 0.00436044   0.0719554 5.43614e-05 -0.00659891
 0.00492732 5.43614e-05   0.0761411 -0.00819525
   0.353436 -0.00659891 -0.00819525    0.418776
IMAGINARY
          0 -0.00385583  0.00462727  -0.0122288
 0.00385583           0  0.00114877  0.00104304
-0.00462727 -0.00114877           0 -0.00545968
  0.0122288 -0.00104304  0.00545968           0
Repeater1[0]<--->HoM1[0]
REAL
    0.425877  -0.00690146   0.00536772     0.348045
 -0.00690146    0.0817278 -0.000985959    0.0026715
  0.00536772 -0.000985959    0.0756439   0.00788185
    0.348045    0.0026715   0.00788185     0.416751
IMAGINARY
           0  -0.00215832  -0.00257931 -6.80235e-06
  0.00215832            0  -0.00428205   0.00287303
  0.00257931   0.00428205            0    0.0059766
 6.80235e-06  -0.00287303   -0.0059766            0
EndNode1[0]<--->Repeater1[0]
REAL
   0.413911  -0.0106234  0.00412979    0.350579
 -0.0106234   0.0727823  -0.0043938 -0.00656485
 0.00412979  -0.0043938     0.08125  0.00615912
   0.350579 -0.00656485  0.00615912    0.432056
IMAGINARY
          0  0.00631779   0.0038896  0.00735978
-0.00631779           0  -0.0103289  0.00147803
 -0.0038896   0.0103289           0 -0.00277312
-0.00735978 -0.00147803  0.00277312           0
EndNode2[0]<--->HoM1[0]
REAL
  0.428458 0.00221907  0.0018066   0.343366
0.00221907  0.0726335 0.00621281 0.00200407
 0.0018066 0.00621281  0.0722366 0.00560283
  0.343366 0.00200407 0.00560283   0.426672
IMAGINARY
           0    0.0108092  -0.00605385   0.00467007
  -0.0108092            0 -9.68417e-07  -0.00902456
  0.00605385  9.68417e-07            0    0.0111048
 -0.00467007   0.00902456   -0.0111048            0
Repeater1[0]<--->EndNode1[0]
REAL
   0.413911  0.00412979  -0.0106234    0.350579
 0.00412979     0.08125  -0.0043938  0.00615912
 -0.0106234  -0.0043938   0.0727823 -0.00656485
   0.350579  0.00615912 -0.00656485    0.432056
IMAGINARY
          0   0.0038896  0.00631779  0.00735978
 -0.0038896           0   0.0103289 -0.00277312
-0.00631779  -0.0103289           0  0.00147803
-0.00735978  0.00277312 -0.00147803           0
Repeater1[0]<--->HoM1[0]
REAL
  0.428458  0.0018066 0.00221907   0.343366
 0.0018066  0.0722366 0.00621281 0.00560283
0.00221907 0.00621281  0.0726335 0.00200407
  0.343366 0.00560283 0.00200407   0.426672
IMAGINARY
           0  -0.00605385    0.0108092   0.00467007
  0.00605385            0  9.68417e-07    0.0111048
  -0.0108092 -9.68417e-07            0  -0.00902456
 -0.00467007   -0.0111048   0.00902456            0
EndNode1[0]<--->Repeater1[0]
REAL
    0.429768    0.0074218    0.0044226     0.343451
   0.0074218    0.0757841 -0.000553347  -0.00261682
   0.0044226 -0.000553347    0.0751997   -0.0114346
    0.343451  -0.00261682   -0.0114346     0.419248
IMAGINARY
           0   0.00312735  -0.00475636   0.00595524
 -0.00312735            0  -0.00233205  -0.00406425
  0.00475636   0.00233205            0  0.000737863
 -0.00595524   0.00406425 -0.000737863            0
EndNode2[0]<--->HoM1[0]
REAL
    0.42459  0.00246751 -0.00302863    0.348475
 0.00246751   0.0797131 -0.00440814  0.00161105
-0.00302863 -0.00440814   0.0717213 0.000570162
   0.348475  0.00161105 0.000570162    0.423975
IMAGINARY
           0 -0.000792623 -5.11483e-05  -0.00135033
 0.000792623            0  -0.00205103  -0.00074408
 5.11483e-05   0.00205103            0   0.00357592
  0.00135033   0.00074408  -0.00357592            0
Repeater1[0]<--->EndNode1[0]
REAL
    0.429768    0.0044226    0.0074218     0.343451
   0.0044226    0.0751997 -0.000553347   -0.0114346
   0.0074218 -0.000553347    0.0757841  -0.00261682
    0.343451   -0.0114346  -0.00261682     0.419248
IMAGINARY
           0  -0.00475636   0.00312735   0.00595524
  0.00475636            0   0.00233205  0.000737863
 -0.00312735  -0.00233205            0  -0.00406425
 -0.00595524 -0.000737863   0.00406425            0
Repeater1[0]<--->HoM1[0]
REAL
    0.42459 -0.00302863  0.00246751    0.348475
-0.00302863   0.0717213 -0.00440814 0.000570162
 0.00246751 -0.00440814   0.0797131  0.00161105
   0.348475 0.000570162  0.00161105    0.423975
IMAGINARY
           0 -5.11483e-05 -0.000792623  -0.00135033
 5.11483e-05            0   0.00205103   0.00357592
 0.000792623  -0.00205103            0  -0.00074408
  0.00135033  -0.00357592   0.00074408            0
EndNode1[0]<--->Repeater1[0]
REAL
    0.427429 -0.000622447  -0.00511462     0.345722
-0.000622447    0.0665734  -0.00294674   0.00223249
 -0.00511462  -0.00294674    0.0759696   0.00668486
    0.345722   0.00223249   0.00668486     0.430028
IMAGINARY
          0 -0.00156373  0.00243458   -0.011011
 0.00156373           0  0.00402967  0.00462756
-0.00243458 -0.00402967           0  -0.0014629
   0.011011 -0.00462756   0.0014629           0
EndNode2[0]<--->HoM1[0]
REAL
    0.421648   0.00432811   0.00708614     0.346824
  0.00432811    0.0743134   0.00443548   -0.0103069
  0.00708614   0.00443548    0.0743134 -0.000912147
    0.346824   -0.0103069 -0.000912147     0.429725
IMAGINARY
          0 -0.00209545   0.0127055  0.00563907
 0.00209545           0   0.0033905  0.00331439
 -0.0127055  -0.0033905           0  -0.0035762
-0.00563907 -0.00331439   0.0035762           0
Repeater1[0]<--->EndNode1[0]
REAL
    0.427429  -0.00511462 -0.000622447     0.345722
 -0.00511462    0.0759696  -0.00294674   0.00668486
-0.000622447  -0.00294674    0.0665734   0.00223249
    0.345722   0.00668486   0.00223249     0.430028
IMAGINARY
          0  0.00243458 -0.00156373   -0.011011
-0.00243458           0 -0.00402967  -0.0014629
 0.00156373  0.00402967           0  0.00462756
   0.011011   0.0014629 -0.00462756           0
Repeater1[0]<--->HoM1[0]
REAL
    0.421648   0.00708614   0.00432811     0.346824
  0.00708614    0.0743134   0.00443548 -0.000912147
  0.00432811   0.00443548    0.0743134   -0.0103069
    0.346824 -0.000912147   -0.0103069     0.429725
IMAGINARY
          0   0.0127055 -0.00209545  0.00563907
 -0.0127055           0  -0.0033905  -0.0035762
 0.00209545   0.0033905           0  0.00331439
-0.00563907   0.0035762 -0.00331439           0
EndNode1[0]<--->Repeater1[0]
REAL
    0.42428   0.0112019  0.00426266    0.349484
  0.0112019   0.0742798 0.000286928  0.00835202
 0.00426266 0.000286928   0.0685185  0.00370638
   0.349484  0.00835202  0.00370638    0.432922
IMAGINARY
          0  0.00110413 -0.00941612 -0.00516887
-0.00110413           0  0.00829387  0.00359282
 0.00941612 -0.00829387           0   0.0013055
 0.00516887 -0.00359282  -0.0013055           0
EndNode2[0]<--->HoM1[0]
REAL
   0.425634 -0.00761311 -0.00265876     0.34911
-0.00761311   0.0814534 0.000679094  -0.0085015
-0.00265876 0.000679094    0.074466  -0.0129982
    0.34911  -0.0085015  -0.0129982    0.418447
IMAGINARY
          0 -0.00080472 -0.00294278  0.00665855
 0.00080472           0 -0.00112277  0.00373738
 0.00294278  0.00112277           0  0.00259256
-0.00665855 -0.00373738 -0.00259256           0
Repeater1[0]<--->EndNode1[0]
REAL
    0.42428  0.00426266   0.0112019    0.349484
 0.00426266   0.0685185 0.000286928  0.00370638
  0.0112019 0.000286928   0.0742798  0.00835202
   0.349484  0.00370638  0.00835202    0.432922
IMAGINARY
          0 -0.00941612  0.00110413 -0.00516887
 0.00941612           0 -0.00829387   0.0013055
-0.00110413  0.00829387           0  0.00359282
 0.00516887  -0.0013055 -0.00359282           0
Repeater1[0]<--->HoM1[0]
REAL
   0.425634 -0.00265876 -0.00761311     0.34911
-0.00265876    0.074466 0.000679094  -0.0129982
-0.00761311 0.000679094   0.0814534  -0.0085015
    0.34911  -0.0129982  -0.0085015    0.418447
IMAGINARY
          0 -0.00294278 -0.00080472  0.00665855
 0.00294278           0  0.00112277  0.00259256
 0.00080472 -0.00112277           0  0.00373738
-0.00665855 -0.00259256 -0.00373738           0
EndNode1[0]<--->Repeater1[0]
REAL
   0.435929  0.00614568  0.00439267    0.351089
 0.00614568   0.0667072  0.00685446 -0.00719379
 0.00439267  0.00685446   0.0725872 -0.00414488
   0.351089 -0.00719379 -0.00414488    0.424777
IMAGINARY
           0 -0.000913578   0.00358986  -0.00265578
 0.000913578            0  -0.00482199   0.00657315
 -0.00358986   0.00482199            0  -0.00884694
  0.00265578  -0.00657315   0.00884694            0
EndNode2[0]<--->HoM1[0]
REAL
   0.425733 -0.00620856  -0.0120837    0.352711
-0.00620856   0.0735786  0.00434617 -0.00263099
 -0.0120837  0.00434617   0.0712178 -0.00490255
   0.352711 -0.00263099 -0.00490255    0.429471
IMAGINARY
           0   0.00871356  -0.00444228 -3.68587e-05
 -0.00871356            0  -0.00791883  -0.00576584
  0.00444228   0.00791883            0  -0.00465013
 3.68587e-05   0.00576584   0.00465013            0
Repeater1[0]<--->EndNode1[0]
REAL
   0.435929  0.00439267  0.00614568    0.351089
 0.00439267   0.0725872  0.00685446 -0.00414488
 0.00614568  0.00685446   0.0667072 -0.00719379
   0.351089 -0.00414488 -0.00719379    0.424777
IMAGINARY
