EndNode1[0]<--->Repeater1[0]
REAL
    0.419288  -0.00147854   0.00187923     0.349732
 -0.00147854    0.0747792 -0.000610318  -0.00174194
  0.00187923 -0.000610318    0.0745033  0.000929392
    0.349732  -0.00174194  0.000929392     0.431429
IMAGINARY
          0 -0.00259059  0.00477922  0.00125453
 0.00259059           0  0.00367534   0.0063015
-0.00477922 -0.00367534           0 -0.00520695
-0.00125453  -0.0063015  0.00520695           0
EndNode2[0]<--->HoM1[0]
REAL
    0.427803  -0.00165914   0.00596571     0.350912
 -0.00165914    0.0757361  -0.00288905  0.000212212
  0.00596571  -0.00288905    0.0721971 -0.000262881
    0.350912  0.000212212 -0.000262881     0.424264
IMAGINARY
           0  -0.00142694   0.00268766    0.0019367
  0.00142694            0   0.00430637  0.000654032
 -0.00268766  -0.00430637            0    0.0050471
  -0.0019367 -0.000654032   -0.0050471            0
Repeater1[0]<--->EndNode1[0]
REAL
    0.419288   0.00187923  -0.00147854     0.349732
  0.00187923    0.0745033 -0.000610318  0.000929392
 -0.00147854 -0.000610318    0.0747792  -0.00174194
    0.349732  0.000929392  -0.00174194     0.431429
IMAGINARY
          0  0.00477922 -0.00259059  0.00125453
-0.00477922           0 -0.00367534 -0.00520695
 0.00259059  0.00367534           0   0.0063015
-0.00125453  0.00520695  -0.0063015           0
Repeater1[0]<--->HoM1[0]
REAL
    0.427803   0.00596571  -0.00165914     0.350912
  0.00596571    0.0721971  -0.00288905 -0.000262881
 -0.00165914  -0.00288905    0.0757361  0.000212212
    0.350912 -0.000262881  0.000212212     0.424264
IMAGINARY
           0   0.00268766  -0.00142694    0.0019367
 -0.00268766            0  -0.00430637    0.0050471
  0.00142694   0.00430637            0  0.000654032
  -0.0019367   -0.0050471 -0.000654032            0
EndNode1[0]<--->Repeater1[0]
REAL
    0.427017   0.00185048 -0.000566871     0.351662
  0.00185048    0.0729826 -0.000344247  -0.00470359
-0.000566871 -0.000344247    0.0746351 -0.000740915
    0.351662  -0.00470359 -0.000740915     0.425365
IMAGINARY
          0 -0.00218475  0.00349161  0.00104346
 0.00218475           0  0.00201568 -0.00592115
-0.00349161 -0.00201568           0 -0.00260492
-0.00104346  0.00592115  0.00260492           0
EndNode2[0]<--->HoM1[0]
REAL
   0.418669 -0.00224096  0.00617766    0.345509
-0.00224096   0.0734604 -0.00222806 -0.00335202
 0.00617766 -0.00222806   0.0733223  0.00272338
   0.345509 -0.00335202  0.00272338    0.434548
IMAGINARY
           0  -0.00102037  -0.00730346   0.00205169
  0.00102037            0 -0.000585003   0.00401127
  0.00730346  0.000585003            0   0.00321516
 -0.00205169  -0.00401127  -0.00321516            0
Repeater1[0]<--->EndNode1[0]
REAL
    0.427017 -0.000566871   0.00185048     0.351662
-0.000566871    0.0746351 -0.000344247 -0.000740915
  0.00185048 -0.000344247    0.0729826  -0.00470359
    0.351662 -0.000740915  -0.00470359     0.425365
IMAGINARY
          0  0.00349161 -0.00218475  0.00104346
-0.00349161           0 -0.00201568 -0.00260492
 0.00218475  0.00201568           0 -0.00592115
-0.00104346  0.00260492  0.00592115           0
Repeater1[0]<--->HoM1[0]
REAL
   0.418669  0.00617766 -0.00224096    0.345509
 0.00617766   0.0733223 -0.00222806  0.00272338
-0.00224096 -0.00222806   0.0734604 -0.00335202
   0.345509  0.00272338 -0.00335202    0.434548
IMAGINARY
           0  -0.00730346  -0.00102037   0.00205169
  0.00730346            0  0.000585003   0.00321516
  0.00102037 -0.000585003            0   0.00401127
 -0.00205169  -0.00321516  -0.00401127            0
EndNode1[0]<--->Repeater1[0]
REAL
   0.422898 -0.00560915  -0.0028127    0.349619
-0.00560915   0.0790106  0.00116262 -0.00500088
 -0.0028127  0.00116262   0.0706714 -0.00261931
   0.349619 -0.00500088 -0.00261931     0.42742
IMAGINARY
           0  -0.00368919  -0.00377908   0.00447392
  0.00368919            0   0.00194349  0.000393381
  0.00377908  -0.00194349            0   0.00233491
 -0.00447392 -0.000393381  -0.00233491            0
EndNode2[0]<--->HoM1[0]
REAL
   0.430425  0.00181009 -0.00503894    0.350351
 0.00181009    0.073302  -0.0013387  0.00579871
-0.00503894  -0.0013387   0.0803424 0.000745508
   0.350351  0.00579871 0.000745508     0.41593
IMAGINARY
           0  -0.00180047  -0.00243083   0.00100442
  0.00180047            0   0.00375092 -0.000647566
  0.00243083  -0.00375092            0  0.000774338
 -0.00100442  0.000647566 -0.000774338            0
Repeater1[0]<--->EndNode1[0]
REAL
   0.422898  -0.0028127 -0.00560915    0.349619
 -0.0028127   0.0706714  0.00116262 -0.00261931
-0.00560915  0.00116262   0.0790106 -0.00500088
   0.349619 -0.00261931 -0.00500088     0.42742
IMAGINARY
           0  -0.00377908  -0.00368919   0.00447392
  0.00377908            0  -0.00194349   0.00233491
  0.00368919   0.00194349            0  0.000393381
 -0.00447392  -0.00233491 -0.000393381            0
Repeater1[0]<--->HoM1[0]
REAL
   0.430425 -0.00503894  0.00181009    0.350351
-0.00503894   0.0803424  -0.0013387 0.000745508
 0.00181009  -0.0013387    0.073302  0.00579871
   0.350351 0.000745508  0.00579871     0.41593
IMAGINARY
           0  -0.00243083  -0.00180047   0.00100442
  0.00243083            0  -0.00375092  0.000774338
  0.00180047   0.00375092            0 -0.000647566
 -0.00100442 -0.000774338  0.000647566            0
EndNode1[0]<--->Repeater1[0]
REAL
  0.420135 0.00662932 0.00109388   0.344323
0.00662932  0.0762258 -0.0040386 0.00985605
0.00109388 -0.0040386  0.0758138  0.0069709
  0.344323 0.00985605  0.0069709   0.427826
IMAGINARY
           0   -0.0107045  -0.00243071 -0.000889235
   0.0107045            0   0.00194187   0.00283688
  0.00243071  -0.00194187            0   0.00840287
 0.000889235  -0.00283688  -0.00840287            0
EndNode2[0]<--->HoM1[0]
REAL
  0.431027 0.00170223 0.00449418   0.348426
0.00170223  0.0736548 0.00105289 0.00469901
0.00449418 0.00105289  0.0756115 0.00598163
  0.348426 0.00469901 0.00598163   0.419706
IMAGINARY
           0 -0.000573654  -0.00639901   0.00146038
 0.000573654            0  0.000203049   0.00139484
  0.00639901 -0.000203049            0   0.00168569
 -0.00146038  -0.00139484  -0.00168569            0
Repeater1[0]<--->EndNode1[0]
REAL
  0.420135 0.00109388 0.00662932   0.344323
0.00109388  0.0758138 -0.0040386  0.0069709
0.00662932 -0.0040386  0.0762258 0.00985605
  0.344323  0.0069709 0.00985605   0.427826
IMAGINARY
           0  -0.00243071   -0.0107045 -0.000889235
  0.00243071            0  -0.00194187   0.00840287
   0.0107045   0.00194187            0   0.00283688
 0.000889235  -0.00840287  -0.00283688            0
Repeater1[0]<--->HoM1[0]
REAL
  0.431027 0.00449418 0.00170223   0.348426
0.00449418  0.0756115 0.00105289 0.00598163
0.00170223 0.00105289  0.0736548 0.00469901
  0.348426 0.00598163 0.00469901   0.419706
IMAGINARY
           0  -0.00639901 -0.000573654   0.00146038
  0.00639901            0 -0.000203049   0.00168569
 0.000573654  0.000203049            0   0.00139484
 -0.00146038  -0.00168569  -0.00139484            0
EndNode1[0]<--->Repeater1[0]
REAL
   0.425153 -0.00059245   0.0012918    0.348907
-0.00059245   0.0730384 -0.00056897 -0.00489291
  0.0012918 -0.00056897   0.0741514 -0.00176212
   0.348907 -0.00489291 -0.00176212    0.427657
IMAGINARY
          0  0.00115984 -0.00202928  -0.0027939
-0.00115984           0 -0.00620568 -0.00446967
 0.00202928  0.00620568           0 -0.00067067
  0.0027939  0.00446967  0.00067067           0
EndNode2[0]<--->HoM1[0]
REAL
   0.430277 -0.00172049 -0.00430107    0.351946
-0.00172049   0.0754205  0.00345739  0.00477449
-0.00430107  0.00345739   0.0805751  0.00124707
   0.351946  0.00477449  0.00124707    0.413728
IMAGINARY
           0  -0.00287919  -0.00581625    0.0028376
  0.00287919            0 -0.000250551  0.000234978
  0.00581625  0.000250551            0   0.00396821
  -0.0028376 -0.000234978  -0.00396821            0
Repeater1[0]<--->EndNode1[0]
REAL
   0.425153   0.0012918 -0.00059245    0.348907
  0.0012918   0.0741514 -0.00056897 -0.00176212
-0.00059245 -0.00056897   0.0730384 -0.00489291
   0.348907 -0.00176212 -0.00489291    0.427657
IMAGINARY
          0 -0.00202928  0.00115984  -0.0027939
 0.00202928           0  0.00620568 -0.00067067
-0.00115984 -0.00620568           0 -0.00446967
  0.0027939  0.00067067  0.00446967           0
Repeater1[0]<--->HoM1[0]
REAL
   0.430277 -0.00430107 -0.00172049    0.351946
-0.00430107   0.0805751  0.00345739  0.00124707
-0.00172049  0.00345739   0.0754205  0.00477449
   0.351946  0.00124707  0.00477449    0.413728
IMAGINARY
           0  -0.00581625  -0.00287919    0.0028376
  0.00581625            0  0.000250551   0.00396821
  0.00287919 -0.000250551            0  0.000234978
  -0.0028376  -0.00396821 -0.000234978            0
EndNode1[0]<--->Repeater1[0]
REAL
   0.431649  0.00189055  0.00422334    0.351959
 0.00189055    0.069594 -0.00166527  0.00171847
 0.00422334 -0.00166527   0.0784314  0.00459764
   0.351959  0.00171847  0.00459764    0.420326
IMAGINARY
           0  -0.00205804  -0.00132123  -0.00310589
  0.00205804            0   -0.0024101  0.000265634
  0.00132123    0.0024101            0   0.00226916
  0.00310589 -0.000265634  -0.00226916            0
EndNode2[0]<--->HoM1[0]
REAL
   0.422329  0.00301734  0.00290583    0.345876
 0.00301734   0.0709855  0.00120678 0.000457247
 0.00290583  0.00120678   0.0751206 0.000620272
   0.345876 0.000457247 0.000620272    0.431564
IMAGINARY
           0   0.00617357   0.00254448  7.21069e-05
 -0.00617357            0   0.00185733  -0.00466573
 -0.00254448  -0.00185733            0   0.00812779
-7.21069e-05   0.00466573  -0.00812779            0
Repeater1[0]<--->EndNode1[0]
REAL
   0.431649  0.00422334  0.00189055    0.351959
 0.00422334   0.0784314 -0.00166527  0.00459764
 0.00189055 -0.00166527    0.069594  0.00171847
   0.351959  0.00459764  0.00171847    0.420326
IMAGINARY
           0  -0.00132123  -0.00205804  -0.00310589
  0.00132123            0    0.0024101   0.00226916
  0.00205804   -0.0024101            0  0.000265634
  0.00310589  -0.00226916 -0.000265634            0
Repeater1[0]<--->HoM1[0]
REAL
   0.422329  0.00290583  0.00301734    0.345876
 0.00290583   0.0751206  0.00120678 0.000620272
 0.00301734  0.00120678   0.0709855 0.000457247
   0.345876 0.000620272 0.000457247    0.431564
IMAGINARY
           0   0.00254448   0.00617357  7.21069e-05
 -0.00254448            0  -0.00185733   0.00812779
 -0.00617357   0.00185733            0  -0.00466573
-7.21069e-05  -0.00812779   0.00466573            0
EndNode1[0]<--->Repeater1[0]
REAL
   0.422559 0.000372626 0.000489869    0.354731
0.000372626   0.0795455 -0.00426415 -0.00172681
0.000489869 -0.00426415   0.0784231  0.00718647
   0.354731 -0.00172681  0.00718647    0.419473
IMAGINARY
           0   0.00884527   0.00090645  -0.00494737
 -0.00884527            0  -0.00235952 -0.000492543
 -0.00090645   0.00235952            0  -0.00429229
  0.00494737  0.000492543   0.00429229            0
EndNode2[0]<--->HoM1[0]
REAL
    0.419905   0.00438502    0.0054694     0.351051
  0.00438502    0.0770279   0.00428258 -0.000445315
   0.0054694   0.00428258    0.0738923 -0.000599748
    0.351051 -0.000445315 -0.000599748     0.429175
IMAGINARY
           0  -0.00144451   0.00402658  -0.00119766
  0.00144451            0  -0.00351866  -0.00588685
 -0.00402658   0.00351866            0  0.000273229
  0.00119766   0.00588685 -0.000273229            0
Repeater1[0]<--->EndNode1[0]
REAL
   0.422559 0.000489869 0.000372626    0.354731
0.000489869   0.0784231 -0.00426415  0.00718647
0.000372626 -0.00426415   0.0795455 -0.00172681
   0.354731  0.00718647 -0.00172681    0.419473
IMAGINARY
           0   0.00090645   0.00884527  -0.00494737
 -0.00090645            0   0.00235952  -0.00429229
 -0.00884527  -0.00235952            0 -0.000492543
  0.00494737   0.00429229  0.000492543            0
Repeater1[0]<--->HoM1[0]
REAL
    0.419905    0.0054694   0.00438502     0.351051
   0.0054694    0.0738923   0.00428258 -0.000599748
  0.00438502   0.00428258    0.0770279 -0.000445315
    0.351051 -0.000599748 -0.000445315     0.429175
IMAGINARY
           0   0.00402658  -0.00144451  -0.00119766
 -0.00402658            0   0.00351866  0.000273229
  0.00144451  -0.00351866            0  -0.00588685
  0.00119766 -0.000273229   0.00588685            0
EndNode1[0]<--->Repeater1[0]
REAL
   0.426193  0.00322663 -0.00111111    0.352314
 0.00322663   0.0747167 -0.00303416 -0.00486007
-0.00111111 -0.00303416   0.0786344  0.00123459
   0.352314 -0.00486007  0.00123459    0.420456
IMAGINARY
          0 -0.00111701 -0.00324196 -0.00499617
 0.00111701           0 -0.00217753  0.00240421
 0.00324196  0.00217753           0 -0.00111701
 0.00499617 -0.00240421  0.00111701           0
EndNode2[0]<--->HoM1[0]
REAL
    0.424473 -0.000606336   0.00113328     0.350731
-0.000606336    0.0805155 -0.000352938  -0.00257857
  0.00113328 -0.000352938    0.0705377    0.0028775
    0.350731  -0.00257857    0.0028775     0.424473
IMAGINARY
           0  -0.00177829  0.000644001   0.00584404
  0.00177829            0  -0.00688124    0.0070228
-0.000644001   0.00688124            0  -0.00782248
 -0.00584404   -0.0070228   0.00782248            0
Repeater1[0]<--->EndNode1[0]
REAL
   0.426193 -0.00111111  0.00322663    0.352314
-0.00111111   0.0786344 -0.00303416  0.00123459
 0.00322663 -0.00303416   0.0747167 -0.00486007
   0.352314  0.00123459 -0.00486007    0.420456
IMAGINARY
          0 -0.00324196 -0.00111701 -0.00499617
 0.00324196           0  0.00217753 -0.00111701
 0.00111701 -0.00217753           0  0.00240421
 0.00499617  0.00111701 -0.00240421           0
Repeater1[0]<--->HoM1[0]
REAL
    0.424473   0.00113328 -0.000606336     0.350731
  0.00113328    0.0705377 -0.000352938    0.0028775
-0.000606336 -0.000352938    0.0805155  -0.00257857
    0.350731    0.0028775  -0.00257857     0.424473
IMAGINARY
           0  0.000644001  -0.00177829   0.00584404
-0.000644001            0   0.00688124  -0.00782248
  0.00177829  -0.00688124            0    0.0070228
 -0.00584404   0.00782248   -0.0070228            0
EndNode1[0]<--->Repeater1[0]
REAL
    0.422247 -0.000973672   0.00187023     0.354159
-0.000973672     0.072361  -0.00848642   0.00111629
  0.00187023  -0.00848642    0.0751986   -0.0011794
    0.354159   0.00111629   -0.0011794     0.430193
IMAGINARY
           0   0.00301005  -0.00298095  0.000863721
 -0.00301005            0   0.00135112   -0.0055246
  0.00298095  -0.00135112            0   0.00423022
-0.000863721    0.0055246  -0.00423022            0
EndNode2[0]<--->HoM1[0]
REAL
    0.425929   -0.0050884 -5.78646e-05     0.350875
  -0.0050884    0.0721794  -0.00386335   0.00347155
-5.78646e-05  -0.00386335    0.0731605   0.00432206
    0.350875   0.00347155   0.00432206     0.428732
IMAGINARY
           0   0.00366465   0.00342247    0.0005044
 -0.00366465            0  -0.00113315 -0.000978813
 -0.00342247   0.00113315            0  -0.00719439
  -0.0005044  0.000978813   0.00719439            0
Repeater1[0]<--->EndNode1[0]
REAL
    0.422247   0.00187023 -0.000973672     0.354159
  0.00187023    0.0751986  -0.00848642   -0.0011794
-0.000973672  -0.00848642     0.072361   0.00111629
    0.354159   -0.0011794   0.00111629     0.430193
IMAGINARY
           0  -0.00298095   0.00301005  0.000863721
  0.00298095            0  -0.00135112   0.00423022
 -0.00301005   0.00135112            0   -0.0055246
-0.000863721  -0.00423022    0.0055246            0
Repeater1[0]<--->HoM1[0]
REAL
    0.425929 -5.78646e-05   -0.0050884     0.350875
-5.78646e-05    0.0731605  -0.00386335   0.00432206
  -0.0050884  -0.00386335    0.0721794   0.00347155
    0.350875   0.00432206   0.00347155     0.428732
IMAGINARY
           0   0.00342247   0.00366465    0.0005044
 -0.00342247            0   0.00113315  -0.00719439
 -0.00366465  -0.00113315            0 -0.000978813
  -0.0005044   0.00719439  0.000978813            0
EndNode1[0]<--->Repeater1[0]
REAL
   0.418652 -0.00057226  -0.0056414    0.352409
-0.00057226   0.0762805  0.00156151   0.0021711
 -0.0056414  0.00156151   0.0746371 -0.00428615
   0.352409   0.0021711 -0.00428615     0.43043
IMAGINARY
           0  0.000341589   0.00466857   0.00356243
-0.000341589            0  0.000336622  0.000909173
 -0.00466857 -0.000336622            0  -0.00247628
 -0.00356243 -0.000909173   0.00247628            0
EndNode2[0]<--->HoM1[0]
REAL
    0.427171   0.00340426  0.000303299     0.348214
  0.00340426    0.0705146  -0.00063713   0.00174501
 0.000303299  -0.00063713    0.0800436 -8.45857e-05
    0.348214   0.00174501 -8.45857e-05     0.422271
IMAGINARY
           0  -0.00165737  -0.00271738  -0.00323159
  0.00165737            0 -0.000927441  -0.00147737
  0.00271738  0.000927441            0   0.00681485
  0.00323159   0.00147737  -0.00681485            0
Repeater1[0]<--->EndNode1[0]
REAL
   0.418652  -0.0056414 -0.00057226    0.352409
 -0.0056414   0.0746371  0.00156151 -0.00428615
-0.00057226  0.00156151   0.0762805   0.0021711
   0.352409 -0.00428615   0.0021711     0.43043
IMAGINARY
           0   0.00466857  0.000341589   0.00356243
 -0.00466857            0 -0.000336622  -0.00247628
-0.000341589  0.000336622            0  0.000909173
 -0.00356243   0.00247628 -0.000909173            0
Repeater1[0]<--->HoM1[0]
REAL
    0.427171  0.000303299   0.00340426     0.348214
 0.000303299    0.0800436  -0.00063713 -8.45857e-05
  0.00340426  -0.00063713    0.0705146   0.00174501
    0.348214 -8.45857e-05   0.00174501     0.422271
IMAGINARY
           0  -0.00271738  -0.00165737  -0.00323159
  0.00271738            0  0.000927441   0.00681485
  0.00165737 -0.000927441            0  -0.00147737
  0.00323159  -0.00681485   0.00147737            0
EndNode1[0]<--->Repeater1[0]
REAL
   0.421851 -0.00378761 -0.00168078    0.352385
-0.00378761   0.0681976 0.000217801  0.00410965
-0.00168078 0.000217801   0.0794711  0.00843716
   0.352385  0.00410965  0.00843716     0.43048
IMAGINARY
          0  0.00121444  0.00355649 -0.00353674
-0.00121444           0 -0.00662783 -0.00355649
-0.00355649  0.00662783           0 -0.00642563
 0.00353674  0.00355649  0.00642563           0
EndNode2[0]<--->HoM1[0]
REAL
    0.422194    -0.002351  0.000418982     0.351901
   -0.002351    0.0752869   0.00159502   -0.0020838
 0.000418982   0.00159502    0.0736076 -0.000423691
    0.351901   -0.0020838 -0.000423691     0.428911
IMAGINARY
           0   0.00508625 -0.000305501   0.00264195
 -0.00508625            0  -0.00373454  -0.00386812
 0.000305501   0.00373454            0 -0.000912631
 -0.00264195   0.00386812  0.000912631            0
Repeater1[0]<--->EndNode1[0]
REAL
   0.421851 -0.00168078 -0.00378761    0.352385
-0.00168078   0.0794711 0.000217801  0.00843716
-0.00378761 0.000217801   0.0681976  0.00410965
   0.352385  0.00843716  0.00410965     0.43048
IMAGINARY
          0  0.00355649  0.00121444 -0.00353674
-0.00355649           0  0.00662783 -0.00642563
-0.00121444 -0.00662783           0 -0.00355649
 0.00353674  0.00642563  0.00355649           0
Repeater1[0]<--->HoM1[0]
REAL
    0.422194  0.000418982    -0.002351     0.351901
 0.000418982    0.0736076   0.00159502 -0.000423691
   -0.002351   0.00159502    0.0752869   -0.0020838
    0.351901 -0.000423691   -0.0020838     0.428911
IMAGINARY
           0 -0.000305501   0.00508625   0.00264195
 0.000305501            0   0.00373454 -0.000912631
 -0.00508625  -0.00373454            0  -0.00386812
 -0.00264195  0.000912631   0.00386812            0
EndNode1[0]<--->Repeater1[0]
REAL
   0.425003 -0.00461949 -0.00614161    0.344212
-0.00461949   0.0710855 0.000585558  0.00118977
-0.00614161 0.000585558   0.0716344  0.00183832
   0.344212  0.00118977  0.00183832    0.432277
IMAGINARY
           0   -0.0100995  0.000480941  -0.00774847
   0.0100995            0  -0.00595487   0.00178535
-0.000480941   0.00595487            0   0.00160094
  0.00774847  -0.00178535  -0.00160094            0
EndNode2[0]<--->HoM1[0]
REAL
   0.421495 -0.00179556  0.00407075     0.34874
-0.00179556   0.0729079 0.000798491  0.00123886
 0.00407075 0.000798491   0.0754268  0.00338155
    0.34874  0.00123886  0.00338155    0.430171
IMAGINARY
           0   0.00302773  0.000385598   0.00510321
 -0.00302773            0      0.00627  -0.00122032
-0.000385598     -0.00627            0  -0.00288861
 -0.00510321   0.00122032   0.00288861            0
Repeater1[0]<--->EndNode1[0]
REAL
   0.425003 -0.00614161 -0.00461949    0.344212
-0.00614161   0.0716344 0.000585558  0.00183832
-0.00461949 0.000585558   0.0710855  0.00118977
   0.344212  0.00183832  0.00118977    0.432277
IMAGINARY
           0  0.000480941   -0.0100995  -0.00774847
-0.000480941            0   0.00595487   0.00160094
   0.0100995  -0.00595487            0   0.00178535
  0.00774847  -0.00160094  -0.00178535            0
Repeater1[0]<--->HoM1[0]
REAL
   0.421495  0.00407075 -0.00179556     0.34874
 0.00407075   0.0754268 0.000798491  0.00338155
-0.00179556 0.000798491   0.0729079  0.00123886
    0.34874  0.00338155  0.00123886    0.430171
IMAGINARY
           0  0.000385598   0.00302773   0.00510321
-0.000385598            0     -0.00627  -0.00288861
 -0.00302773      0.00627            0  -0.00122032
 -0.00510321   0.00288861   0.00122032            0
EndNode1[0]<--->Repeater1[0]
REAL
    0.418118   0.00264654  -0.00304895     0.355472
  0.00264654     0.072094  -0.00479621   0.00622312
 -0.00304895  -0.00479621    0.0797894 -0.000300416
    0.355472   0.00622312 -0.000300416     0.429999
IMAGINARY
           0 -0.000772302  -0.00453383  -0.00260444
 0.000772302            0  -0.00197883    0.0025258
  0.00453383   0.00197883            0   0.00513458
  0.00260444   -0.0025258  -0.00513458            0
EndNode2[0]<--->HoM1[0]
REAL
    0.429945   0.00096692   0.00073529     0.349659
  0.00096692     0.076511  -0.00269184 -3.96858e-05
  0.00073529  -0.00269184    0.0754121  -0.00277549
    0.349659 -3.96858e-05  -0.00277549     0.418132
IMAGINARY
          0 -0.00637598  0.00495797 -0.00558916
 0.00637598           0 -0.00429823  0.00274068
-0.00495797  0.00429823           0 -0.00132268
 0.00558916 -0.00274068  0.00132268           0
Repeater1[0]<--->EndNode1[0]
REAL
    0.418118  -0.00304895   0.00264654     0.355472
 -0.00304895    0.0797894  -0.00479621 -0.000300416
  0.00264654  -0.00479621     0.072094   0.00622312
    0.355472 -0.000300416   0.00622312     0.429999
IMAGINARY
           0  -0.00453383 -0.000772302  -0.00260444
  0.00453383            0   0.00197883   0.00513458
 0.000772302  -0.00197883            0    0.0025258
  0.00260444  -0.00513458   -0.0025258            0
Repeater1[0]<--->HoM1[0]
REAL
    0.429945   0.00073529   0.00096692     0.349659
  0.00073529    0.0754121  -0.00269184  -0.00277549
  0.00096692  -0.00269184     0.076511 -3.96858e-05
    0.349659  -0.00277549 -3.96858e-05     0.418132
IMAGINARY
          0  0.00495797 -0.00637598 -0.00558916
-0.00495797           0  0.00429823 -0.00132268
 0.00637598 -0.00429823           0  0.00274068
 0.00558916  0.00132268 -0.00274068           0
EndNode1[0]<--->Repeater1[0]
REAL
   0.429122 -0.00120759  0.00248564    0.352106
-0.00120759   0.0745282 -0.00177987  -0.0110166
 0.00248564 -0.00177987   0.0719107 -0.00302323
   0.352106  -0.0110166 -0.00302323    0.424439
IMAGINARY
           0  -0.00237133   0.00559146 -0.000141063
  0.00237133            0  -0.00199775 -0.000934158
 -0.00559146   0.00199775            0   0.00118963
 0.000141063  0.000934158  -0.00118963            0
EndNode2[0]<--->HoM1[0]
REAL
   0.420617  -0.0024618   0.0072571    0.345697
 -0.0024618   0.0733186 -3.1719e-05 -0.00866913
  0.0072571 -3.1719e-05    0.074559  -0.0019155
   0.345697 -0.00866913  -0.0019155    0.431505
IMAGINARY
          0   0.0042162  -0.0132339 -0.00281512
 -0.0042162           0   0.0100054 -0.00238682
  0.0132339  -0.0100054           0   0.0042162
 0.00281512  0.00238682  -0.0042162           0
Repeater1[0]<--->EndNode1[0]
REAL
   0.429122  0.00248564 -0.00120759    0.352106
 0.00248564   0.0719107 -0.00177987 -0.00302323
-0.00120759 -0.00177987   0.0745282  -0.0110166
   0.352106 -0.00302323  -0.0110166    0.424439
IMAGINARY
           0   0.00559146  -0.00237133 -0.000141063
 -0.00559146            0   0.00199775   0.00118963
  0.00237133  -0.00199775            0 -0.000934158
 0.000141063  -0.00118963  0.000934158            0
Repeater1[0]<--->HoM1[0]
REAL
   0.420617   0.0072571  -0.0024618    0.345697
  0.0072571    0.074559 -3.1719e-05  -0.0019155
 -0.0024618 -3.1719e-05   0.0733186 -0.00866913
   0.345697  -0.0019155 -0.00866913    0.431505
IMAGINARY
          0  -0.0132339   0.0042162 -0.00281512
  0.0132339           0  -0.0100054   0.0042162
 -0.0042162   0.0100054           0 -0.00238682
 0.00281512  -0.0042162  0.00238682           0
EndNode1[0]<--->Repeater1[0]
REAL
   0.423129 -0.00250999 -0.00660767    0.345849
-0.00250999   0.0805442  0.00358552 0.000121331
-0.00660767  0.00358552   0.0707483 -0.00715052
   0.345849 0.000121331 -0.00715052    0.425578
IMAGINARY
           0  -0.00458125   0.00303569  -0.00577113
  0.00458125            0  0.000685917   0.00234945
 -0.00303569 -0.000685917            0  -0.00802952
  0.00577113  -0.00234945   0.00802952            0
EndNode2[0]<--->HoM1[0]
REAL
   0.428294 0.000428956  -0.0013263    0.350191
0.000428956   0.0754508 -0.00473366 -0.00327236
 -0.0013263 -0.00473366   0.0758669   0.0018007
   0.350191 -0.00327236   0.0018007    0.420388
IMAGINARY
          0 -0.00115552  0.00315454  0.00744286
 0.00115552           0 -0.00161339  0.00413329
-0.00315454  0.00161339           0 -0.00136458
-0.00744286 -0.00413329  0.00136458           0
Repeater1[0]<--->EndNode1[0]
REAL
   0.423129 -0.00660767 -0.00250999    0.345849
-0.00660767   0.0707483  0.00358552 -0.00715052
-0.00250999  0.00358552   0.0805442 0.000121331
   0.345849 -0.00715052 0.000121331    0.425578
IMAGINARY
           0   0.00303569  -0.00458125  -0.00577113
 -0.00303569            0 -0.000685917  -0.00802952
  0.00458125  0.000685917            0   0.00234945
  0.00577113   0.00802952  -0.00234945            0
Repeater1[0]<--->HoM1[0]
REAL
   0.428294  -0.0013263 0.000428956    0.350191
 -0.0013263   0.0758669 -0.00473366   0.0018007
0.000428956 -0.00473366   0.0754508 -0.00327236
   0.350191   0.0018007 -0.00327236    0.420388
IMAGINARY
          0  0.00315454 -0.00115552  0.00744286
-0.00315454           0  0.00161339 -0.00136458
 0.00115552 -0.00161339           0  0.00413329
-0.00744286  0.00136458 -0.00413329           0
EndNode1[0]<--->Repeater1[0]
REAL
    0.437158    0.0020254 -0.000813452     0.346335
   0.0020254    0.0699617  0.000256702   0.00199352
-0.000813452  0.000256702    0.0762596  -0.00709273
    0.346335   0.00199352  -0.00709273     0.416621
IMAGINARY
          0 -0.00397785 -0.00179336 -0.00310983
 0.00397785           0  0.00125365  0.00116196
 0.00179336 -0.00125365           0  0.00054022
 0.00310983 -0.00116196 -0.00054022           0
EndNode2[0]<--->HoM1[0]
REAL
    0.426298   0.00518596  -0.00317948     0.346337
  0.00518596    0.0689273 -0.000518435   0.00226592
 -0.00317948 -0.000518435    0.0786159   -0.0107376
    0.346337   0.00226592   -0.0107376     0.426159
IMAGINARY
           0   0.00259319   -0.0036803    0.0034868
 -0.00259319            0 -0.000621667   0.00679019
   0.0036803  0.000621667            0  -0.00210943
  -0.0034868  -0.00679019   0.00210943            0
Repeater1[0]<--->EndNode1[0]
REAL
    0.437158 -0.000813452    0.0020254     0.346335
-0.000813452    0.0762596  0.000256702  -0.00709273
   0.0020254  0.000256702    0.0699617   0.00199352
    0.346335  -0.00709273   0.00199352     0.416621
IMAGINARY
          0 -0.00179336 -0.00397785 -0.00310983
 0.00179336           0 -0.00125365  0.00054022
 0.00397785  0.00125365           0  0.00116196
 0.00310983 -0.00054022 -0.00116196           0
Repeater1[0]<--->HoM1[0]
REAL
    0.426298  -0.00317948   0.00518596     0.346337
 -0.00317948    0.0786159 -0.000518435   -0.0107376
  0.00518596 -0.000518435    0.0689273   0.00226592
    0.346337   -0.0107376   0.00226592     0.426159
IMAGINARY
           0   -0.0036803   0.00259319    0.0034868
   0.0036803            0  0.000621667  -0.00210943
 -0.00259319 -0.000621667            0   0.00679019
  -0.0034868   0.00210943  -0.00679019            0
EndNode1[0]<--->Repeater1[0]
REAL
    0.416989   0.00176565   0.00348115     0.347867
  0.00176565    0.0718232  0.000767312 -0.000942384
  0.00348115  0.000767312    0.0758287   0.00502727
    0.347867 -0.000942384   0.00502727     0.435359
IMAGINARY
           0   0.00913518   0.00102119 -0.000720872
 -0.00913518            0  -0.00304264   0.00408014
 -0.00102119   0.00304264            0  -0.00808696
 0.000720872  -0.00408014   0.00808696            0
EndNode2[0]<--->HoM1[0]
REAL
   0.420369 -0.00661822 -0.00598264     0.35222
-0.00661822   0.0781955 -0.00537529  0.00218482
-0.00598264 -0.00537529   0.0736842 0.000196452
    0.35222  0.00218482 0.000196452    0.427751
IMAGINARY
           0  -0.00127048  -0.00292458   0.00193999
  0.00127048            0  -0.00166012   0.00870333
  0.00292458   0.00166012            0 -0.000518186
 -0.00193999  -0.00870333  0.000518186            0
Repeater1[0]<--->EndNode1[0]
REAL
    0.416989   0.00348115   0.00176565     0.347867
  0.00348115    0.0758287  0.000767312   0.00502727
  0.00176565  0.000767312    0.0718232 -0.000942384
    0.347867   0.00502727 -0.000942384     0.435359
IMAGINARY
           0   0.00102119   0.00913518 -0.000720872
 -0.00102119            0   0.00304264  -0.00808696
 -0.00913518  -0.00304264            0   0.00408014
 0.000720872   0.00808696  -0.00408014            0
Repeater1[0]<--->HoM1[0]
REAL
   0.420369 -0.00598264 -0.00661822     0.35222
-0.00598264   0.0736842 -0.00537529 0.000196452
-0.00661822 -0.00537529   0.0781955  0.00218482
    0.35222 0.000196452  0.00218482    0.427751
IMAGINARY
           0  -0.00292458  -0.00127048   0.00193999
  0.00292458            0   0.00166012 -0.000518186
  0.00127048  -0.00166012            0   0.00870333
 -0.00193999  0.000518186  -0.00870333            0
EndNode1[0]<--->Repeater1[0]
REAL
   0.431818 -0.00332175  0.00297989    0.354687
-0.00332175   0.0749723   0.0016972  -0.0035244
 0.00297989   0.0016972   0.0746951  0.00236885
   0.354687  -0.0035244  0.00236885    0.418514
IMAGINARY
           0  -0.00217535    0.0022943  -0.00788711
  0.00217535            0   0.00172292   0.00435022
  -0.0022943  -0.00172292            0 -3.94853e-05
  0.00788711  -0.00435022  3.94853e-05            0
EndNode2[0]<--->HoM1[0]
REAL
   0.423748  0.00440078 -0.00399424    0.348979
 0.00440078   0.0759707 0.000320978  0.00664406
-0.00399424 0.000320978   0.0782217  0.00191802
   0.348979  0.00664406  0.00191802     0.42206
IMAGINARY
           0  -0.00416299 -0.000868438  -0.00363107
  0.00416299            0    0.0025707   0.00352475
 0.000868438   -0.0025707            0   0.00382244
  0.00363107  -0.00352475  -0.00382244            0
Repeater1[0]<--->EndNode1[0]
REAL
   0.431818  0.00297989 -0.00332175    0.354687
 0.00297989   0.0746951   0.0016972  0.00236885
-0.00332175   0.0016972   0.0749723  -0.0035244
   0.354687  0.00236885  -0.0035244    0.418514
IMAGINARY
           0    0.0022943  -0.00217535  -0.00788711
  -0.0022943            0  -0.00172292 -3.94853e-05
  0.00217535   0.00172292            0   0.00435022
  0.00788711  3.94853e-05  -0.00435022            0
Repeater1[0]<--->HoM1[0]
REAL
   0.423748 -0.00399424  0.00440078    0.348979
-0.00399424   0.0782217 0.000320978  0.00191802
 0.00440078 0.000320978   0.0759707  0.00664406
   0.348979  0.00191802  0.00664406     0.42206
IMAGINARY
           0 -0.000868438  -0.00416299  -0.00363107
 0.000868438            0   -0.0025707   0.00382244
  0.00416299    0.0025707            0   0.00352475
  0.00363107  -0.00382244  -0.00352475            0
EndNode1[0]<--->Repeater1[0]
REAL
    0.425473  -0.00318176   0.00152398     0.353535
 -0.00318176    0.0718854  -0.00240229   -0.0044594
  0.00152398  -0.00240229    0.0731368 -0.000173007
    0.353535   -0.0044594 -0.000173007     0.429505
IMAGINARY
           0   0.00242297  -0.00268098  -0.00142224
 -0.00242297            0   0.00217887  -0.00317414
  0.00268098  -0.00217887            0 -0.000108156
  0.00142224   0.00317414  0.000108156            0
EndNode2[0]<--->HoM1[0]
REAL
   0.429804  0.00265295 -0.00112203    0.344961
 0.00265295   0.0738255  0.00327933  0.00550372
-0.00112203  0.00327933   0.0710862  0.00409347
   0.344961  0.00550372  0.00409347    0.425284
IMAGINARY
           0    0.0047593  -0.00550215   0.00228684
  -0.0047593            0  0.000229231  -0.00289247
  0.00550215 -0.000229231            0   0.00571663
 -0.00228684   0.00289247  -0.00571663            0
Repeater1[0]<--->EndNode1[0]
REAL
    0.425473   0.00152398  -0.00318176     0.353535
  0.00152398    0.0731368  -0.00240229 -0.000173007
 -0.00318176  -0.00240229    0.0718854   -0.0044594
    0.353535 -0.000173007   -0.0044594     0.429505
IMAGINARY
           0  -0.00268098   0.00242297  -0.00142224
  0.00268098            0  -0.00217887 -0.000108156
 -0.00242297   0.00217887            0  -0.00317414
  0.00142224  0.000108156   0.00317414            0
Repeater1[0]<--->HoM1[0]
REAL
   0.429804 -0.00112203  0.00265295    0.344961
-0.00112203   0.0710862  0.00327933  0.00409347
 0.00265295  0.00327933   0.0738255  0.00550372
   0.344961  0.00409347  0.00550372    0.425284
IMAGINARY
           0  -0.00550215    0.0047593   0.00228684
  0.00550215            0 -0.000229231   0.00571663
  -0.0047593  0.000229231            0  -0.00289247
 -0.00228684  -0.00571663   0.00289247            0
EndNode1[0]<--->Repeater1[0]
REAL
   0.423494  0.00394157  0.00222017    0.346723
 0.00394157   0.0741046 0.000976696  0.00637185
 0.00222017 0.000976696   0.0747907  0.00229457
   0.346723  0.00637185  0.00229457    0.427611
IMAGINARY
           0   0.00541799  -0.00700101  -0.00154431
 -0.00541799            0 -0.000715579  -0.00359871
  0.00700101  0.000715579            0   0.00295021
  0.00154431   0.00359871  -0.00295021            0
EndNode2[0]<--->HoM1[0]
REAL
   0.426984  0.00125681 -0.00355413    0.348169
 0.00125681   0.0775183 -0.00370303 0.000479785
-0.00355413 -0.00370303   0.0703433 8.77537e-07
   0.348169 0.000479785 8.77537e-07    0.425155
IMAGINARY
           0  -0.00299381   0.00326754  0.000393394
  0.00299381            0   0.00162864  -0.00257921
 -0.00326754  -0.00162864            0 -0.000998485
-0.000393394   0.00257921  0.000998485            0
Repeater1[0]<--->EndNode1[0]
REAL
   0.423494  0.00222017  0.00394157    0.346723
 0.00222017   0.0747907 0.000976696  0.00229457
 0.00394157 0.000976696   0.0741046  0.00637185
   0.346723  0.00229457  0.00637185    0.427611
IMAGINARY
           0  -0.00700101   0.00541799  -0.00154431
  0.00700101            0  0.000715579   0.00295021
 -0.00541799 -0.000715579            0  -0.00359871
  0.00154431  -0.00295021   0.00359871            0
Repeater1[0]<--->HoM1[0]
REAL
   0.426984 -0.00355413  0.00125681    0.348169
-0.00355413   0.0703433 -0.00370303 8.77537e-07
 0.00125681 -0.00370303   0.0775183 0.000479785
   0.348169 8.77537e-07 0.000479785    0.425155
IMAGINARY
           0   0.00326754  -0.00299381  0.000393394
 -0.00326754            0  -0.00162864 -0.000998485
  0.00299381   0.00162864            0  -0.00257921
-0.000393394  0.000998485   0.00257921            0
EndNode1[0]<--->Repeater1[0]
REAL
  0.420025  0.0100665 0.00103338   0.351236
 0.0100665  0.0756128 0.00129823  0.0114285
0.00103338 0.00129823  0.0717352  0.0041955
  0.351236  0.0114285  0.0041955   0.432627
IMAGINARY
          0  0.00234312 -0.00173942 -0.00834392
-0.00234312           0  0.00353422 -0.00235951
 0.00173942 -0.00353422           0  0.00536842
 0.00834392  0.00235951 -0.00536842           0
EndNode2[0]<--->HoM1[0]
REAL
     0.42352   0.00534843   0.00372679     0.351483
  0.00534843    0.0715689   0.00276686  -0.00531103
  0.00372679   0.00276686    0.0729722 -0.000320192
    0.351483  -0.00531103 -0.000320192     0.431939
IMAGINARY
           0  0.000281998    0.0121274   0.00875491
-0.000281998            0   0.00365644   0.00223761
  -0.0121274  -0.00365644            0  -0.00326604
 -0.00875491  -0.00223761   0.00326604            0
Repeater1[0]<--->EndNode1[0]
REAL
  0.420025 0.00103338  0.0100665   0.351236
0.00103338  0.0717352 0.00129823  0.0041955
 0.0100665 0.00129823  0.0756128  0.0114285
  0.351236  0.0041955  0.0114285   0.432627
IMAGINARY
          0 -0.00173942  0.00234312 -0.00834392
 0.00173942           0 -0.00353422  0.00536842
-0.00234312  0.00353422           0 -0.00235951
 0.00834392 -0.00536842  0.00235951           0
Repeater1[0]<--->HoM1[0]
REAL
     0.42352   0.00372679   0.00534843     0.351483
  0.00372679    0.0729722   0.00276686 -0.000320192
  0.00534843   0.00276686    0.0715689  -0.00531103
    0.351483 -0.000320192  -0.00531103     0.431939
IMAGINARY
           0    0.0121274  0.000281998   0.00875491
  -0.0121274            0  -0.00365644  -0.00326604
-0.000281998   0.00365644            0   0.00223761
 -0.00875491   0.00326604  -0.00223761            0
EndNode1[0]<--->Repeater1[0]
REAL
   0.424876  0.00579131  0.00494097    0.347303
 0.00579131    0.080424 -0.00155028  0.00487103
 0.00494097 -0.00155028   0.0719435  0.00402068
   0.347303  0.00487103  0.00402068    0.422756
IMAGINARY
           0 -0.000588483 -0.000477623  -0.00107309
 0.000588483            0   0.00617935   0.00310266
 0.000477623  -0.00617935            0   0.00210824
  0.00107309  -0.00310266  -0.00210824            0
EndNode2[0]<--->HoM1[0]
REAL
    0.425541  -0.00642887  -0.00158574     0.347674
 -0.00642887    0.0777443 -0.000289573  -0.00425734
 -0.00158574 -0.000289573    0.0752806  -0.00957001
    0.347674  -0.00425734  -0.00957001     0.421434
IMAGINARY
          0  0.00198839 -0.00376279  0.00791213
-0.00198839           0   0.0016927 -0.00270391
 0.00376279  -0.0016927           0   0.0073677
-0.00791213  0.00270391  -0.0073677           0
Repeater1[0]<--->EndNode1[0]
REAL
   0.424876  0.00494097  0.00579131    0.347303
 0.00494097   0.0719435 -0.00155028  0.00402068
 0.00579131 -0.00155028    0.080424  0.00487103
   0.347303  0.00402068  0.00487103    0.422756
IMAGINARY
           0 -0.000477623 -0.000588483  -0.00107309
 0.000477623            0  -0.00617935   0.00210824
 0.000588483   0.00617935            0   0.00310266
  0.00107309  -0.00210824  -0.00310266            0
Repeater1[0]<--->HoM1[0]
REAL
    0.425541  -0.00158574  -0.00642887     0.347674
 -0.00158574    0.0752806 -0.000289573  -0.00957001
 -0.00642887 -0.000289573    0.0777443  -0.00425734
    0.347674  -0.00957001  -0.00425734     0.421434
IMAGINARY
          0 -0.00376279  0.00198839  0.00791213
 0.00376279           0  -0.0016927   0.0073677
-0.00198839   0.0016927           0 -0.00270391
-0.00791213  -0.0073677  0.00270391           0
EndNode1[0]<--->Repeater1[0]
REAL
    0.427318  0.000791811   0.00160047     0.355208
 0.000791811    0.0712893   0.00603703  -0.00249789
  0.00160047   0.00603703    0.0730994 -0.000170521
    0.355208  -0.00249789 -0.000170521     0.428293
IMAGINARY
          0  0.00241192  0.00176534 -0.00690544
-0.00241192           0  0.00134672 -0.00300843
-0.00176534 -0.00134672           0  0.00297482
 0.00690544  0.00300843 -0.00297482           0
EndNode2[0]<--->HoM1[0]
REAL
   0.427724  0.00126553  -0.0117881    0.350887
 0.00126553       0.072  0.00293157   0.0030282
 -0.0117881  0.00293157   0.0775172 -0.00619299
   0.350887   0.0030282 -0.00619299    0.422759
IMAGINARY
           0   0.00732081  -0.00713255  -0.00155782
 -0.00732081            0  -0.00616419  -0.00444057
  0.00713255   0.00616419            0 -0.000875907
  0.00155782   0.00444057  0.000875907            0
Repeater1[0]<--->EndNode1[0]
REAL
    0.427318   0.00160047  0.000791811     0.355208
  0.00160047    0.0730994   0.00603703 -0.000170521
