EndNode1[0]<--->Repeater1[0]
REAL
   0.433037 -0.00601868  0.00203681    0.345664
-0.00601868   0.0730503  0.00120477  -0.0109268
 0.00203681  0.00120477   0.0730503 -0.00351199
   0.345664  -0.0109268 -0.00351199    0.420862
IMAGINARY
          0  -0.0004427  0.00261279   0.0064568
  0.0004427           0 -0.00267562   0.0013859
-0.00261279  0.00267562           0 -0.00110781
 -0.0064568  -0.0013859  0.00110781           0
EndNode2[0]<--->HoM1[0]
REAL
   0.424971 -0.00155686  0.00785673     0.35134
-0.00155686   0.0749454 -0.00187805 -0.00150287
 0.00785673 -0.00187805   0.0699042 9.05854e-05
    0.35134 -0.00150287 9.05854e-05     0.43018
IMAGINARY
          0 -0.00196838   0.0042195  0.00216204
 0.00196838           0  0.00357003 -0.00113108
 -0.0042195 -0.00357003           0  0.00456916
-0.00216204  0.00113108 -0.00456916           0
Repeater1[0]<--->EndNode1[0]
REAL
   0.433037  0.00203681 -0.00601868    0.345664
 0.00203681   0.0730503  0.00120477 -0.00351199
-0.00601868  0.00120477   0.0730503  -0.0109268
   0.345664 -0.00351199  -0.0109268    0.420862
IMAGINARY
          0  0.00261279  -0.0004427   0.0064568
-0.00261279           0  0.00267562 -0.00110781
  0.0004427 -0.00267562           0   0.0013859
 -0.0064568  0.00110781  -0.0013859           0
Repeater1[0]<--->HoM1[0]
REAL
   0.424971  0.00785673 -0.00155686     0.35134
 0.00785673   0.0699042 -0.00187805 9.05854e-05
-0.00155686 -0.00187805   0.0749454 -0.00150287
    0.35134 9.05854e-05 -0.00150287     0.43018
IMAGINARY
          0   0.0042195 -0.00196838  0.00216204
 -0.0042195           0 -0.00357003  0.00456916
 0.00196838  0.00357003           0 -0.00113108
-0.00216204 -0.00456916  0.00113108           0
EndNode1[0]<--->Repeater1[0]
REAL
   0.426868 0.000413627  0.00306209    0.350244
0.000413627   0.0760705  0.00299062 0.000459616
 0.00306209  0.00299062   0.0765743 -0.00475433
   0.350244 0.000459616 -0.00475433    0.420487
IMAGINARY
           0  -0.00134425   0.00410365  -0.00500845
  0.00134425            0 -0.000439588  -0.00361616
 -0.00410365  0.000439588            0  0.000206774
  0.00500845   0.00361616 -0.000206774            0
EndNode2[0]<--->HoM1[0]
REAL
    0.419892 -0.000957618   0.00553477     0.346472
-0.000957618    0.0739833  -0.00364099 -0.000689968
  0.00553477  -0.00364099    0.0730034   0.00366742
    0.346472 -0.000689968   0.00366742     0.433121
IMAGINARY
          0 -0.00178224 -0.00661866  0.00206355
 0.00178224           0  0.00263554  0.00289577
 0.00661866 -0.00263554           0  0.00421021
-0.00206355 -0.00289577 -0.00421021           0
Repeater1[0]<--->EndNode1[0]
REAL
   0.426868  0.00306209 0.000413627    0.350244
 0.00306209   0.0765743  0.00299062 -0.00475433
0.000413627  0.00299062   0.0760705 0.000459616
   0.350244 -0.00475433 0.000459616    0.420487
IMAGINARY
           0   0.00410365  -0.00134425  -0.00500845
 -0.00410365            0  0.000439588  0.000206774
  0.00134425 -0.000439588            0  -0.00361616
  0.00500845 -0.000206774   0.00361616            0
Repeater1[0]<--->HoM1[0]
REAL
    0.419892   0.00553477 -0.000957618     0.346472
  0.00553477    0.0730034  -0.00364099   0.00366742
-0.000957618  -0.00364099    0.0739833 -0.000689968
    0.346472   0.00366742 -0.000689968     0.433121
IMAGINARY
          0 -0.00661866 -0.00178224  0.00206355
 0.00661866           0 -0.00263554  0.00421021
 0.00178224  0.00263554           0  0.00289577
-0.00206355 -0.00421021 -0.00289577           0
EndNode1[0]<--->Repeater1[0]
REAL
    0.426119  -0.00337874  -0.00468237     0.352217
 -0.00337874    0.0790821   0.00161274 -0.000788799
 -0.00468237   0.00161274    0.0728083   -0.0009492
    0.352217 -0.000788799   -0.0009492     0.421991
IMAGINARY
           0  -0.00224425  -0.00178949   -0.0049334
  0.00224425            0   0.00230355 -0.000708497
  0.00178949  -0.00230355            0   0.00264715
   0.0049334  0.000708497  -0.00264715            0
EndNode2[0]<--->HoM1[0]
REAL
   0.426502 0.000442288 -0.00578476    0.349507
0.000442288   0.0760215 -0.00078213  0.00530042
-0.00578476 -0.00078213   0.0804167 0.000526392
   0.349507  0.00530042 0.000526392     0.41706
IMAGINARY
           0  -0.00271946 -0.000728166 -0.000649427
  0.00271946            0   0.00398547 -7.41442e-05
 0.000728166  -0.00398547            0 -0.000168859
 0.000649427  7.41442e-05  0.000168859            0
Repeater1[0]<--->EndNode1[0]
REAL
    0.426119  -0.00468237  -0.00337874     0.352217
 -0.00468237    0.0728083   0.00161274   -0.0009492
 -0.00337874   0.00161274    0.0790821 -0.000788799
    0.352217   -0.0009492 -0.000788799     0.421991
IMAGINARY
           0  -0.00178949  -0.00224425   -0.0049334
  0.00178949            0  -0.00230355   0.00264715
  0.00224425   0.00230355            0 -0.000708497
   0.0049334  -0.00264715  0.000708497            0
Repeater1[0]<--->HoM1[0]
REAL
   0.426502 -0.00578476 0.000442288    0.349507
-0.00578476   0.0804167 -0.00078213 0.000526392
0.000442288 -0.00078213   0.0760215  0.00530042
   0.349507 0.000526392  0.00530042     0.41706
IMAGINARY
           0 -0.000728166  -0.00271946 -0.000649427
 0.000728166            0  -0.00398547 -0.000168859
  0.00271946   0.00398547            0 -7.41442e-05
 0.000649427  0.000168859  7.41442e-05            0
EndNode1[0]<--->Repeater1[0]
REAL
  0.416612 0.00624482 0.00773358   0.345883
0.00624482  0.0778394 -0.0043696  0.0106931
0.00773358 -0.0043696   0.073107 0.00838087
  0.345883  0.0106931 0.00838087   0.432441
IMAGINARY
           0  -0.00463267  0.000183657  0.000515656
  0.00463267            0  -0.00110878  -0.00492749
-0.000183657   0.00110878            0   0.00510706
-0.000515656   0.00492749  -0.00510706            0
EndNode2[0]<--->HoM1[0]
REAL
    0.430072   0.00401008   0.00275804     0.345145
  0.00401008    0.0727183 -3.82758e-05   0.00728732
  0.00275804 -3.82758e-05     0.074524   0.00441507
    0.345145   0.00728732   0.00441507     0.422685
IMAGINARY
           0   0.00193183  -0.00800432   0.00273039
 -0.00193183            0 -0.000416344  0.000140625
  0.00800432  0.000416344            0    0.0031468
 -0.00273039 -0.000140625   -0.0031468            0
Repeater1[0]<--->EndNode1[0]
REAL
  0.416612 0.00773358 0.00624482   0.345883
0.00773358   0.073107 -0.0043696 0.00838087
0.00624482 -0.0043696  0.0778394  0.0106931
  0.345883 0.00838087  0.0106931   0.432441
IMAGINARY
           0  0.000183657  -0.00463267  0.000515656
-0.000183657            0   0.00110878   0.00510706
  0.00463267  -0.00110878            0  -0.00492749
-0.000515656  -0.00510706   0.00492749            0
Repeater1[0]<--->HoM1[0]
REAL
    0.430072   0.00275804   0.00401008     0.345145
  0.00275804     0.074524 -3.82758e-05   0.00441507
  0.00401008 -3.82758e-05    0.0727183   0.00728732
    0.345145   0.00441507   0.00728732     0.422685
IMAGINARY
           0  -0.00800432   0.00193183   0.00273039
  0.00800432            0  0.000416344    0.0031468
 -0.00193183 -0.000416344            0  0.000140625
 -0.00273039   -0.0031468 -0.000140625            0
EndNode1[0]<--->Repeater1[0]
REAL
   0.429476  -0.0021186 -0.00420316    0.347304
 -0.0021186    0.074014 -0.00270409 0.000863855
-0.00420316 -0.00270409   0.0733647 -0.00252385
   0.347304 0.000863855 -0.00252385    0.423146
IMAGINARY
          0  0.00380194  0.00136975 -0.00584675
-0.00380194           0 -0.00733485 -0.00806728
-0.00136975  0.00733485           0  0.00273022
 0.00584675  0.00806728 -0.00273022           0
EndNode2[0]<--->HoM1[0]
REAL
   0.430146 -0.00392677 -0.00621198    0.351847
-0.00392677   0.0766613  0.00338211  0.00477703
-0.00621198  0.00338211   0.0811994 0.000897433
   0.351847  0.00477703 0.000897433    0.411994
IMAGINARY
           0  -0.00315687  -0.00107078   0.00177215
  0.00315687            0  -0.00127612  0.000829736
  0.00107078   0.00127612            0   0.00130889
 -0.00177215 -0.000829736  -0.00130889            0
Repeater1[0]<--->EndNode1[0]
REAL
   0.429476 -0.00420316  -0.0021186    0.347304
-0.00420316   0.0733647 -0.00270409 -0.00252385
 -0.0021186 -0.00270409    0.074014 0.000863855
   0.347304 -0.00252385 0.000863855    0.423146
IMAGINARY
          0  0.00136975  0.00380194 -0.00584675
-0.00136975           0  0.00733485  0.00273022
-0.00380194 -0.00733485           0 -0.00806728
 0.00584675 -0.00273022  0.00806728           0
Repeater1[0]<--->HoM1[0]
REAL
   0.430146 -0.00621198 -0.00392677    0.351847
-0.00621198   0.0811994  0.00338211 0.000897433
-0.00392677  0.00338211   0.0766613  0.00477703
   0.351847 0.000897433  0.00477703    0.411994
IMAGINARY
           0  -0.00107078  -0.00315687   0.00177215
  0.00107078            0   0.00127612   0.00130889
  0.00315687  -0.00127612            0  0.000829736
 -0.00177215  -0.00130889 -0.000829736            0
EndNode1[0]<--->Repeater1[0]
REAL
   0.427394 -0.00539776 -0.00570245    0.353499
-0.00539776   0.0710401  0.00384946 -0.00374359
-0.00570245  0.00384946   0.0801055 0.000594687
   0.353499 -0.00374359 0.000594687     0.42146
IMAGINARY
           0  -0.00276101  0.000489874  -0.00987898
  0.00276101            0  -0.00516901  -0.00317761
-0.000489874   0.00516901            0   7.3272e-05
  0.00987898   0.00317761  -7.3272e-05            0
EndNode2[0]<--->HoM1[0]
REAL
    0.421804 -0.000835471   0.00149489     0.347302
-0.000835471    0.0720311 -0.000436047  -0.00181967
  0.00149489 -0.000436047    0.0734912  0.000997862
    0.347302  -0.00181967  0.000997862     0.432674
IMAGINARY
           0   0.00924312   0.00383419  0.000976602
 -0.00924312            0   0.00122031   -0.0058611
 -0.00383419  -0.00122031            0   0.00526961
-0.000976602    0.0058611  -0.00526961            0
Repeater1[0]<--->EndNode1[0]
REAL
   0.427394 -0.00570245 -0.00539776    0.353499
-0.00570245   0.0801055  0.00384946 0.000594687
-0.00539776  0.00384946   0.0710401 -0.00374359
   0.353499 0.000594687 -0.00374359     0.42146
IMAGINARY
           0  0.000489874  -0.00276101  -0.00987898
-0.000489874            0   0.00516901   7.3272e-05
  0.00276101  -0.00516901            0  -0.00317761
  0.00987898  -7.3272e-05   0.00317761            0
Repeater1[0]<--->HoM1[0]
REAL
    0.421804   0.00149489 -0.000835471     0.347302
  0.00149489    0.0734912 -0.000436047  0.000997862
-0.000835471 -0.000436047    0.0720311  -0.00181967
    0.347302  0.000997862  -0.00181967     0.432674
IMAGINARY
           0   0.00383419   0.00924312  0.000976602
 -0.00383419            0  -0.00122031   0.00526961
 -0.00924312   0.00122031            0   -0.0058611
-0.000976602  -0.00526961    0.0058611            0
EndNode1[0]<--->Repeater1[0]
REAL
     0.4222  0.00229277 -0.00333274    0.354603
 0.00229277   0.0771391 -0.00309648 0.000549502
-0.00333274 -0.00309648   0.0773043  0.00261882
   0.354603 0.000549502  0.00261882    0.423356
IMAGINARY
          0  0.00390553  0.00170122 -0.00442299
-0.00390553           0  0.00302058  0.00551929
-0.00170122 -0.00302058           0 -0.00447343
 0.00442299 -0.00551929  0.00447343           0
EndNode2[0]<--->HoM1[0]
REAL
     0.41862   0.00530237   0.00341177     0.350414
  0.00530237    0.0767255   0.00484714  0.000409987
  0.00341177   0.00484714    0.0749599 -0.000830095
    0.350414  0.000409987 -0.000830095     0.429695
IMAGINARY
          0 -0.00256641  0.00593483 -0.00398098
 0.00256641           0  -0.0052225 -0.00723396
-0.00593483   0.0052225           0  0.00142968
 0.00398098  0.00723396 -0.00142968           0
Repeater1[0]<--->EndNode1[0]
REAL
     0.4222 -0.00333274  0.00229277    0.354603
-0.00333274   0.0773043 -0.00309648  0.00261882
 0.00229277 -0.00309648   0.0771391 0.000549502
   0.354603  0.00261882 0.000549502    0.423356
IMAGINARY
          0  0.00170122  0.00390553 -0.00442299
-0.00170122           0 -0.00302058 -0.00447343
-0.00390553  0.00302058           0  0.00551929
 0.00442299  0.00447343 -0.00551929           0
Repeater1[0]<--->HoM1[0]
REAL
     0.41862   0.00341177   0.00530237     0.350414
  0.00341177    0.0749599   0.00484714 -0.000830095
  0.00530237   0.00484714    0.0767255  0.000409987
    0.350414 -0.000830095  0.000409987     0.429695
IMAGINARY
          0  0.00593483 -0.00256641 -0.00398098
-0.00593483           0   0.0052225  0.00142968
 0.00256641  -0.0052225           0 -0.00723396
 0.00398098 -0.00142968  0.00723396           0
EndNode1[0]<--->Repeater1[0]
REAL
   0.423159  0.00153594 -0.00518849    0.349323
 0.00153594   0.0703625 -0.00455144 -0.00274288
-0.00518849 -0.00455144   0.0797113 -0.00121221
   0.349323 -0.00274288 -0.00121221    0.426767
IMAGINARY
           0  -0.00166405  0.000682007 -9.72865e-05
  0.00166405            0  -0.00335326   0.00374847
-0.000682007   0.00335326            0   0.00222793
 9.72865e-05  -0.00374847  -0.00222793            0
EndNode2[0]<--->HoM1[0]
REAL
    0.428385  0.000588915   0.00134016     0.351176
 0.000588915    0.0798628 -0.000344571  -0.00101411
  0.00134016 -0.000344571    0.0700637   0.00446488
    0.351176  -0.00101411   0.00446488     0.421689
IMAGINARY
           0 -0.000813744     -0.00022   0.00523969
 0.000813744            0   -0.0080783   0.00761958
     0.00022    0.0080783            0  -0.00674846
 -0.00523969  -0.00761958   0.00674846            0
Repeater1[0]<--->EndNode1[0]
REAL
   0.423159 -0.00518849  0.00153594    0.349323
-0.00518849   0.0797113 -0.00455144 -0.00121221
 0.00153594 -0.00455144   0.0703625 -0.00274288
   0.349323 -0.00121221 -0.00274288    0.426767
IMAGINARY
           0  0.000682007  -0.00166405 -9.72865e-05
-0.000682007            0   0.00335326   0.00222793
  0.00166405  -0.00335326            0   0.00374847
 9.72865e-05  -0.00222793  -0.00374847            0
Repeater1[0]<--->HoM1[0]
REAL
    0.428385   0.00134016  0.000588915     0.351176
  0.00134016    0.0700637 -0.000344571   0.00446488
 0.000588915 -0.000344571    0.0798628  -0.00101411
    0.351176   0.00446488  -0.00101411     0.421689
IMAGINARY
           0     -0.00022 -0.000813744   0.00523969
     0.00022            0    0.0080783  -0.00674846
 0.000813744   -0.0080783            0   0.00761958
 -0.00523969   0.00674846  -0.00761958            0
EndNode1[0]<--->Repeater1[0]
REAL
    0.42396 -0.00675721 0.000365399    0.351363
-0.00675721   0.0762063 -0.00632314 -0.00176365
0.000365399 -0.00632314   0.0742097  0.00437195
   0.351363 -0.00176365  0.00437195    0.425624
IMAGINARY
           0   0.00352818   -0.0100506   0.00366159
 -0.00352818            0 -0.000412726 -0.000788359
   0.0100506  0.000412726            0   0.00896561
 -0.00366159  0.000788359  -0.00896561            0
EndNode2[0]<--->HoM1[0]
REAL
   0.429591 -0.00351161  0.00103364    0.350609
-0.00351161   0.0712388 -0.00454397  0.00392668
 0.00103364 -0.00454397   0.0727333  0.00466902
   0.350609  0.00392668  0.00466902    0.426436
IMAGINARY
           0   0.00278151   0.00250004 -0.000405785
 -0.00278151            0  -0.00346635    0.0021699
 -0.00250004   0.00346635            0  -0.00792636
 0.000405785   -0.0021699   0.00792636            0
Repeater1[0]<--->EndNode1[0]
REAL
    0.42396 0.000365399 -0.00675721    0.351363
0.000365399   0.0742097 -0.00632314  0.00437195
-0.00675721 -0.00632314   0.0762063 -0.00176365
   0.351363  0.00437195 -0.00176365    0.425624
IMAGINARY
           0   -0.0100506   0.00352818   0.00366159
   0.0100506            0  0.000412726   0.00896561
 -0.00352818 -0.000412726            0 -0.000788359
 -0.00366159  -0.00896561  0.000788359            0
Repeater1[0]<--->HoM1[0]
REAL
   0.429591  0.00103364 -0.00351161    0.350609
 0.00103364   0.0727333 -0.00454397  0.00466902
-0.00351161 -0.00454397   0.0712388  0.00392668
   0.350609  0.00466902  0.00392668    0.426436
IMAGINARY
           0   0.00250004   0.00278151 -0.000405785
 -0.00250004            0   0.00346635  -0.00792636
 -0.00278151  -0.00346635            0    0.0021699
 0.000405785   0.00792636   -0.0021699            0
EndNode1[0]<--->Repeater1[0]
REAL
    0.41664 0.000448567 -0.00910449    0.350915
0.000448567   0.0753138 -0.00119588 0.000332565
-0.00910449 -0.00119588   0.0674284 -0.00491729
   0.350915 0.000332565 -0.00491729    0.440618
IMAGINARY
          0 -0.00478965  0.00902242  0.00192568
 0.00478965           0 -0.00175862  0.00672433
-0.00902242  0.00175862           0 -0.00267789
-0.00192568 -0.00672433  0.00267789           0
EndNode2[0]<--->HoM1[0]
REAL
    0.426063    0.0012012  -0.00112105      0.34932
   0.0012012    0.0710374 -0.000729152  -0.00136651
 -0.00112105 -0.000729152    0.0815077   0.00112052
     0.34932  -0.00136651   0.00112052     0.421392
IMAGINARY
           0  -0.00531966  0.000730547  -0.00390169
  0.00531966            0  0.000148564  0.000567733
-0.000730547 -0.000148564            0   0.00467052
  0.00390169 -0.000567733  -0.00467052            0
Repeater1[0]<--->EndNode1[0]
REAL
    0.41664 -0.00910449 0.000448567    0.350915
-0.00910449   0.0674284 -0.00119588 -0.00491729
0.000448567 -0.00119588   0.0753138 0.000332565
   0.350915 -0.00491729 0.000332565    0.440618
IMAGINARY
          0  0.00902242 -0.00478965  0.00192568
-0.00902242           0  0.00175862 -0.00267789
 0.00478965 -0.00175862           0  0.00672433
-0.00192568  0.00267789 -0.00672433           0
Repeater1[0]<--->HoM1[0]
REAL
    0.426063  -0.00112105    0.0012012      0.34932
 -0.00112105    0.0815077 -0.000729152   0.00112052
   0.0012012 -0.000729152    0.0710374  -0.00136651
     0.34932   0.00112052  -0.00136651     0.421392
IMAGINARY
           0  0.000730547  -0.00531966  -0.00390169
-0.000730547            0 -0.000148564   0.00467052
  0.00531966  0.000148564            0  0.000567733
  0.00390169  -0.00467052 -0.000567733            0
EndNode1[0]<--->Repeater1[0]
REAL
   0.418012 0.000427318 0.000534343    0.349421
0.000427318   0.0705294 0.000447138  0.00669299
0.000534343 0.000447138   0.0774693  0.00614298
   0.349421  0.00669299  0.00614298     0.43399
IMAGINARY
          0  0.00215972  0.00246733 -0.00522888
-0.00215972           0 -0.00627879 -0.00303267
-0.00246733  0.00627879           0 -0.00595555
 0.00522888  0.00303267  0.00595555           0
EndNode2[0]<--->HoM1[0]
REAL
    0.424313  -0.00301549  -0.00114514     0.351597
 -0.00301549    0.0740311   0.00256253 -0.000159918
 -0.00114514   0.00256253    0.0715469    -0.002531
    0.351597 -0.000159918    -0.002531     0.430109
IMAGINARY
           0   0.00458253  -0.00108582   0.00403489
 -0.00458253            0  -0.00355086  -0.00246145
  0.00108582   0.00355086            0  0.000779621
 -0.00403489   0.00246145 -0.000779621            0
Repeater1[0]<--->EndNode1[0]
REAL
   0.418012 0.000534343 0.000427318    0.349421
0.000534343   0.0774693 0.000447138  0.00614298
0.000427318 0.000447138   0.0705294  0.00669299
   0.349421  0.00614298  0.00669299     0.43399
IMAGINARY
          0  0.00246733  0.00215972 -0.00522888
-0.00246733           0  0.00627879 -0.00595555
-0.00215972 -0.00627879           0 -0.00303267
 0.00522888  0.00595555  0.00303267           0
Repeater1[0]<--->HoM1[0]
REAL
    0.424313  -0.00114514  -0.00301549     0.351597
 -0.00114514    0.0715469   0.00256253    -0.002531
 -0.00301549   0.00256253    0.0740311 -0.000159918
    0.351597    -0.002531 -0.000159918     0.430109
IMAGINARY
           0  -0.00108582   0.00458253   0.00403489
  0.00108582            0   0.00355086  0.000779621
 -0.00458253  -0.00355086            0  -0.00246145
 -0.00403489 -0.000779621   0.00246145            0
EndNode1[0]<--->Repeater1[0]
REAL
   0.432196 -0.00130684  -0.0148721    0.345549
-0.00130684   0.0695337   0.0015061 0.000668956
 -0.0148721   0.0015061   0.0741473 -0.00310658
   0.345549 0.000668956 -0.00310658    0.424123
IMAGINARY
           0  -0.00173131  -0.00311347   -0.0104727
  0.00173131            0 -0.000196541   0.00294614
  0.00311347  0.000196541            0   0.00491069
   0.0104727  -0.00294614  -0.00491069            0
EndNode2[0]<--->HoM1[0]
REAL
   0.418775 -0.00370965  0.00399417    0.345889
-0.00370965    0.072237  0.00174771  0.00382991
 0.00399417  0.00174771   0.0773968  0.00741579
   0.345889  0.00382991  0.00741579    0.431591
IMAGINARY
           0   0.00145111  0.000572657   0.00943398
 -0.00145111            0   0.00797814  -0.00353513
-0.000572657  -0.00797814            0 -0.000957366
 -0.00943398   0.00353513  0.000957366            0
Repeater1[0]<--->EndNode1[0]
REAL
   0.432196  -0.0148721 -0.00130684    0.345549
 -0.0148721   0.0741473   0.0015061 -0.00310658
-0.00130684   0.0015061   0.0695337 0.000668956
   0.345549 -0.00310658 0.000668956    0.424123
IMAGINARY
           0  -0.00311347  -0.00173131   -0.0104727
  0.00311347            0  0.000196541   0.00491069
  0.00173131 -0.000196541            0   0.00294614
   0.0104727  -0.00491069  -0.00294614            0
Repeater1[0]<--->HoM1[0]
REAL
   0.418775  0.00399417 -0.00370965    0.345889
 0.00399417   0.0773968  0.00174771  0.00741579
-0.00370965  0.00174771    0.072237  0.00382991
   0.345889  0.00741579  0.00382991    0.431591
IMAGINARY
           0  0.000572657   0.00145111   0.00943398
-0.000572657            0  -0.00797814 -0.000957366
 -0.00145111   0.00797814            0  -0.00353513
 -0.00943398  0.000957366   0.00353513            0
EndNode1[0]<--->Repeater1[0]
REAL
   0.424984  0.00489857 -0.00381519    0.348658
 0.00489857   0.0688594 -0.00330875  0.00333241
-0.00381519 -0.00330875   0.0719378 -0.00232374
   0.348658  0.00333241 -0.00232374    0.434219
IMAGINARY
           0   0.00273039   -0.0030192 -0.000473029
 -0.00273039            0  -0.00293285  -0.00293804
   0.0030192   0.00293285            0   0.00175794
 0.000473029   0.00293804  -0.00175794            0
EndNode2[0]<--->HoM1[0]
REAL
   0.429475  0.00198465  0.00365817     0.34624
 0.00198465     0.07393 -0.00292407 -0.00134183
 0.00365817 -0.00292407   0.0737678 -0.00281191
    0.34624 -0.00134183 -0.00281191    0.422827
IMAGINARY
          0 -0.00655033   0.0066693 -0.00591813
 0.00655033           0  -0.0038348   0.0041279
 -0.0066693   0.0038348           0 -0.00375979
 0.00591813  -0.0041279  0.00375979           0
Repeater1[0]<--->EndNode1[0]
REAL
   0.424984 -0.00381519  0.00489857    0.348658
-0.00381519   0.0719378 -0.00330875 -0.00232374
 0.00489857 -0.00330875   0.0688594  0.00333241
   0.348658 -0.00232374  0.00333241    0.434219
IMAGINARY
           0   -0.0030192   0.00273039 -0.000473029
   0.0030192            0   0.00293285   0.00175794
 -0.00273039  -0.00293285            0  -0.00293804
 0.000473029  -0.00175794   0.00293804            0
Repeater1[0]<--->HoM1[0]
REAL
   0.429475  0.00365817  0.00198465     0.34624
 0.00365817   0.0737678 -0.00292407 -0.00281191
 0.00198465 -0.00292407     0.07393 -0.00134183
    0.34624 -0.00281191 -0.00134183    0.422827
IMAGINARY
          0   0.0066693 -0.00655033 -0.00591813
 -0.0066693           0   0.0038348 -0.00375979
 0.00655033  -0.0038348           0   0.0041279
 0.00591813  0.00375979  -0.0041279           0
EndNode1[0]<--->Repeater1[0]
REAL
   0.427291  0.00370902  0.00648215    0.351992
 0.00370902   0.0749918 0.000684595  -0.0064003
 0.00648215 0.000684595   0.0766221 -0.00035332
   0.351992  -0.0064003 -0.00035332    0.421096
IMAGINARY
           0  -0.00360753   0.00856802  -0.00570236
  0.00360753            0  -0.00512086  0.000418912
 -0.00856802   0.00512086            0  0.000502957
  0.00570236 -0.000418912 -0.000502957            0
EndNode2[0]<--->HoM1[0]
REAL
     0.42248 -0.000902798   0.00675352     0.343499
-0.000902798     0.074661   -0.0025669  -0.00608796
  0.00675352   -0.0025669    0.0748244  -0.00242499
    0.343499  -0.00608796  -0.00242499     0.428035
IMAGINARY
           0   0.00459065   -0.0148397  -0.00549419
 -0.00459065            0     0.010371  8.56374e-05
   0.0148397    -0.010371            0   0.00409788
  0.00549419 -8.56374e-05  -0.00409788            0
Repeater1[0]<--->EndNode1[0]
REAL
   0.427291  0.00648215  0.00370902    0.351992
 0.00648215   0.0766221 0.000684595 -0.00035332
 0.00370902 0.000684595   0.0749918  -0.0064003
   0.351992 -0.00035332  -0.0064003    0.421096
IMAGINARY
           0   0.00856802  -0.00360753  -0.00570236
 -0.00856802            0   0.00512086  0.000502957
  0.00360753  -0.00512086            0  0.000418912
  0.00570236 -0.000502957 -0.000418912            0
Repeater1[0]<--->HoM1[0]
REAL
     0.42248   0.00675352 -0.000902798     0.343499
  0.00675352    0.0748244   -0.0025669  -0.00242499
-0.000902798   -0.0025669     0.074661  -0.00608796
    0.343499  -0.00242499  -0.00608796     0.428035
IMAGINARY
           0   -0.0148397   0.00459065  -0.00549419
   0.0148397            0    -0.010371   0.00409788
 -0.00459065     0.010371            0  8.56374e-05
  0.00549419  -0.00409788 -8.56374e-05            0
EndNode1[0]<--->Repeater1[0]
REAL
   0.422581 -0.00520264  -0.0106753    0.347768
-0.00520264   0.0772581  0.00254334 3.00636e-05
 -0.0106753  0.00254334   0.0719355 -0.00577018
   0.347768 3.00636e-05 -0.00577018    0.428226
IMAGINARY
           0 -0.000251159   0.00391504  0.000465152
 0.000251159            0   0.00357176  -0.00628238
 -0.00391504  -0.00357176            0  0.000985853
-0.000465152   0.00628238 -0.000985853            0
EndNode2[0]<--->HoM1[0]
REAL
    0.428829   0.00278098 -3.95049e-05      0.34909
  0.00278098    0.0761671   -0.0058914  -0.00235126
-3.95049e-05   -0.0058914    0.0750205   0.00092883
     0.34909  -0.00235126   0.00092883     0.419984
IMAGINARY
           0  5.61817e-05   0.00354731    0.0104055
-5.61817e-05            0  -0.00268514   0.00313223
 -0.00354731   0.00268514            0  -0.00110238
  -0.0104055  -0.00313223   0.00110238            0
Repeater1[0]<--->EndNode1[0]
REAL
   0.422581  -0.0106753 -0.00520264    0.347768
 -0.0106753   0.0719355  0.00254334 -0.00577018
-0.00520264  0.00254334   0.0772581 3.00636e-05
   0.347768 -0.00577018 3.00636e-05    0.428226
IMAGINARY
           0   0.00391504 -0.000251159  0.000465152
 -0.00391504            0  -0.00357176  0.000985853
 0.000251159   0.00357176            0  -0.00628238
-0.000465152 -0.000985853   0.00628238            0
Repeater1[0]<--->HoM1[0]
REAL
    0.428829 -3.95049e-05   0.00278098      0.34909
-3.95049e-05    0.0750205   -0.0058914   0.00092883
  0.00278098   -0.0058914    0.0761671  -0.00235126
     0.34909   0.00092883  -0.00235126     0.419984
IMAGINARY
           0   0.00354731  5.61817e-05    0.0104055
 -0.00354731            0   0.00268514  -0.00110238
-5.61817e-05  -0.00268514            0   0.00313223
  -0.0104055   0.00110238  -0.00313223            0
EndNode1[0]<--->Repeater1[0]
REAL
    0.433828 -0.000648836  -0.00115049     0.349046
-0.000648836    0.0713363   0.00252251    0.0033919
 -0.00115049   0.00252251    0.0753712   0.00122994
    0.349046    0.0033919   0.00122994     0.419464
IMAGINARY
           0  -0.00127927  -0.00115282  0.000675067
  0.00127927            0   0.00222255 -0.000257496
  0.00115282  -0.00222255            0  -0.00378129
-0.000675067  0.000257496   0.00378129            0
EndNode2[0]<--->HoM1[0]
REAL
   0.427384  0.00340666 -0.00177451    0.346857
 0.00340666   0.0704156 0.000426906  0.00185706
-0.00177451 0.000426906   0.0777506  -0.0110837
   0.346857  0.00185706  -0.0110837     0.42445
IMAGINARY
           0  0.000367868  -0.00259052   0.00554324
-0.000367868            0  0.000592746   0.00790011
  0.00259052 -0.000592746            0  0.000203934
 -0.00554324  -0.00790011 -0.000203934            0
Repeater1[0]<--->EndNode1[0]
REAL
    0.433828  -0.00115049 -0.000648836     0.349046
 -0.00115049    0.0753712   0.00252251   0.00122994
-0.000648836   0.00252251    0.0713363    0.0033919
    0.349046   0.00122994    0.0033919     0.419464
IMAGINARY
           0  -0.00115282  -0.00127927  0.000675067
  0.00115282            0  -0.00222255  -0.00378129
  0.00127927   0.00222255            0 -0.000257496
-0.000675067   0.00378129  0.000257496            0
Repeater1[0]<--->HoM1[0]
REAL
   0.427384 -0.00177451  0.00340666    0.346857
-0.00177451   0.0777506 0.000426906  -0.0110837
 0.00340666 0.000426906   0.0704156  0.00185706
   0.346857  -0.0110837  0.00185706     0.42445
IMAGINARY
           0  -0.00259052  0.000367868   0.00554324
  0.00259052            0 -0.000592746  0.000203934
-0.000367868  0.000592746            0   0.00790011
 -0.00554324 -0.000203934  -0.00790011            0
EndNode1[0]<--->Repeater1[0]
REAL
   0.417974 -0.00390376 -0.00566744    0.351485
-0.00390376   0.0751634  0.00329034 -0.00196739
-0.00566744  0.00329034   0.0800654  0.00699018
   0.351485 -0.00196739  0.00699018    0.426797
IMAGINARY
          0   0.0107924 -0.00268506 -0.00752572
 -0.0107924           0  -0.0032912 -0.00151801
 0.00268506   0.0032912           0  0.00379472
 0.00752572  0.00151801 -0.00379472           0
EndNode2[0]<--->HoM1[0]
REAL
   0.422298  -0.0082384 -0.00867804    0.352901
 -0.0082384   0.0773751 -0.00613338   0.0032229
-0.00867804 -0.00613338   0.0719882  0.00196907
   0.352901   0.0032229  0.00196907    0.428338
IMAGINARY
           0  1.33233e-06  -0.00456054   0.00288458
-1.33233e-06            0  -0.00122456    0.0115846
  0.00456054   0.00122456            0  -0.00137385
 -0.00288458   -0.0115846   0.00137385            0
Repeater1[0]<--->EndNode1[0]
REAL
   0.417974 -0.00566744 -0.00390376    0.351485
-0.00566744   0.0800654  0.00329034  0.00699018
-0.00390376  0.00329034   0.0751634 -0.00196739
   0.351485  0.00699018 -0.00196739    0.426797
IMAGINARY
          0 -0.00268506   0.0107924 -0.00752572
 0.00268506           0   0.0032912  0.00379472
 -0.0107924  -0.0032912           0 -0.00151801
 0.00752572 -0.00379472  0.00151801           0
Repeater1[0]<--->HoM1[0]
REAL
   0.422298 -0.00867804  -0.0082384    0.352901
-0.00867804   0.0719882 -0.00613338  0.00196907
 -0.0082384 -0.00613338   0.0773751   0.0032229
   0.352901  0.00196907   0.0032229    0.428338
IMAGINARY
           0  -0.00456054  1.33233e-06   0.00288458
  0.00456054            0   0.00122456  -0.00137385
-1.33233e-06  -0.00122456            0    0.0115846
 -0.00288458   0.00137385   -0.0115846            0
EndNode1[0]<--->Repeater1[0]
REAL
    0.433135  -0.00354138   0.00777556     0.353734
 -0.00354138     0.072327  -0.00122952  -0.00470609
  0.00777556  -0.00122952    0.0759682 -1.27401e-05
    0.353734  -0.00470609 -1.27401e-05      0.41857
IMAGINARY
           0  -0.00103653  -0.00359341   -0.0116689
  0.00103653            0   0.00574399 -0.000426281
  0.00359341  -0.00574399            0  -0.00249095
   0.0116689  0.000426281   0.00249095            0
EndNode2[0]<--->HoM1[0]
REAL
     0.42293   0.00618687  -0.00446076     0.348927
  0.00618687    0.0759873 -0.000728417   0.00678262
 -0.00446076 -0.000728417    0.0801533   0.00350088
    0.348927   0.00678262   0.00350088      0.42093
IMAGINARY
          0  -0.0033687 -0.00125968 -0.00240577
  0.0033687           0  0.00508853  0.00406462
 0.00125968 -0.00508853           0  0.00376941
 0.00240577 -0.00406462 -0.00376941           0
Repeater1[0]<--->EndNode1[0]
REAL
    0.433135   0.00777556  -0.00354138     0.353734
  0.00777556    0.0759682  -0.00122952 -1.27401e-05
 -0.00354138  -0.00122952     0.072327  -0.00470609
    0.353734 -1.27401e-05  -0.00470609      0.41857
IMAGINARY
           0  -0.00359341  -0.00103653   -0.0116689
  0.00359341            0  -0.00574399  -0.00249095
  0.00103653   0.00574399            0 -0.000426281
   0.0116689   0.00249095  0.000426281            0
Repeater1[0]<--->HoM1[0]
REAL
     0.42293  -0.00446076   0.00618687     0.348927
 -0.00446076    0.0801533 -0.000728417   0.00350088
  0.00618687 -0.000728417    0.0759873   0.00678262
    0.348927   0.00350088   0.00678262      0.42093
IMAGINARY
          0 -0.00125968  -0.0033687 -0.00240577
 0.00125968           0 -0.00508853  0.00376941
  0.0033687  0.00508853           0  0.00406462
 0.00240577 -0.00376941 -0.00406462           0
EndNode1[0]<--->Repeater1[0]
REAL
   0.427915  -0.0104894 -0.00317684    0.354906
 -0.0104894   0.0734788 -0.00216632 -0.00514019
-0.00317684 -0.00216632   0.0733147  0.00559704
   0.354906 -0.00514019  0.00559704    0.425291
IMAGINARY
           0   0.00278114  -0.00525818   0.00157286
 -0.00278114            0 -0.000761703 -0.000991823
  0.00525818  0.000761703            0  0.000672806
 -0.00157286  0.000991823 -0.000672806            0
EndNode2[0]<--->HoM1[0]
REAL
   0.427717  0.00475021 4.52874e-05    0.343529
 0.00475021   0.0730918  0.00523357  0.00314986
4.52874e-05  0.00523357   0.0716365  0.00450753
   0.343529  0.00314986  0.00450753    0.427555
IMAGINARY
          0  0.00703156 -0.00668881  0.00282462
-0.00703156           0  0.00314751 -0.00375699
 0.00668881 -0.00314751           0  0.00686875
-0.00282462  0.00375699 -0.00686875           0
Repeater1[0]<--->EndNode1[0]
REAL
   0.427915 -0.00317684  -0.0104894    0.354906
-0.00317684   0.0733147 -0.00216632  0.00559704
 -0.0104894 -0.00216632   0.0734788 -0.00514019
   0.354906  0.00559704 -0.00514019    0.425291
IMAGINARY
           0  -0.00525818   0.00278114   0.00157286
  0.00525818            0  0.000761703  0.000672806
 -0.00278114 -0.000761703            0 -0.000991823
 -0.00157286 -0.000672806  0.000991823            0
Repeater1[0]<--->HoM1[0]
REAL
   0.427717 4.52874e-05  0.00475021    0.343529
4.52874e-05   0.0716365  0.00523357  0.00450753
 0.00475021  0.00523357   0.0730918  0.00314986
   0.343529  0.00450753  0.00314986    0.427555
IMAGINARY
          0 -0.00668881  0.00703156  0.00282462
 0.00668881           0 -0.00314751  0.00686875
-0.00703156  0.00314751           0 -0.00375699
-0.00282462 -0.00686875  0.00375699           0
EndNode1[0]<--->Repeater1[0]
REAL
   0.422248  0.00247677  0.00152425    0.349511
 0.00247677   0.0743788 -0.00104612  0.00299918
 0.00152425 -0.00104612   0.0748725 -0.00312297
   0.349511  0.00299918 -0.00312297    0.428501
IMAGINARY
           0  0.000583184  -0.00198394  0.000461568
-0.000583184            0  0.000543121   -0.0112462
  0.00198394 -0.000543121            0   0.00832013
-0.000461568    0.0112462  -0.00832013            0
EndNode2[0]<--->HoM1[0]
REAL
    0.423715  0.000785623  -0.00313947     0.349123
 0.000785623    0.0774461  -0.00276534 -0.000412488
 -0.00313947  -0.00276534    0.0723051  -0.00136385
    0.349123 -0.000412488  -0.00136385     0.426534
IMAGINARY
           0  -0.00214938   0.00260471      0.00193
  0.00214938            0  0.000373389 -0.000903203
 -0.00260471 -0.000373389            0 -0.000524419
    -0.00193  0.000903203  0.000524419            0
Repeater1[0]<--->EndNode1[0]
REAL
   0.422248  0.00152425  0.00247677    0.349511
 0.00152425   0.0748725 -0.00104612 -0.00312297
 0.00247677 -0.00104612   0.0743788  0.00299918
   0.349511 -0.00312297  0.00299918    0.428501
IMAGINARY
           0  -0.00198394  0.000583184  0.000461568
  0.00198394            0 -0.000543121   0.00832013
-0.000583184  0.000543121            0   -0.0112462
-0.000461568  -0.00832013    0.0112462            0
Repeater1[0]<--->HoM1[0]
REAL
    0.423715  -0.00313947  0.000785623     0.349123
 -0.00313947    0.0723051  -0.00276534  -0.00136385
 0.000785623  -0.00276534    0.0774461 -0.000412488
    0.349123  -0.00136385 -0.000412488     0.426534
IMAGINARY
           0   0.00260471  -0.00214938      0.00193
 -0.00260471            0 -0.000373389 -0.000524419
  0.00214938  0.000373389            0 -0.000903203
    -0.00193  0.000524419  0.000903203            0
EndNode1[0]<--->Repeater1[0]
REAL
    0.423936  -0.00235407  -0.00225056     0.350676
 -0.00235407    0.0736633 -5.59235e-05   0.00942604
 -0.00225056 -5.59235e-05    0.0703526   0.00822491
    0.350676   0.00942604   0.00822491     0.432048
IMAGINARY
           0  -0.00142536  0.000239718  -0.00955916
  0.00142536            0   0.00169803  -0.00130827
-0.000239718  -0.00169803            0   0.00446662
  0.00955916   0.00130827  -0.00446662            0
EndNode2[0]<--->HoM1[0]
REAL
   0.424237   0.0056154  0.00468303    0.348824
  0.0056154   0.0710635  0.00317183 -0.00605643
 0.00468303  0.00317183   0.0723825 -0.00181834
   0.348824 -0.00605643 -0.00181834    0.432317
IMAGINARY
          0  0.00013776   0.0129856  0.00994349
-0.00013776           0  0.00494182  0.00243287
 -0.0129856 -0.00494182           0 -0.00348251
-0.00994349 -0.00243287  0.00348251           0
Repeater1[0]<--->EndNode1[0]
REAL
    0.423936  -0.00225056  -0.00235407     0.350676
 -0.00225056    0.0703526 -5.59235e-05   0.00822491
 -0.00235407 -5.59235e-05    0.0736633   0.00942604
    0.350676   0.00822491   0.00942604     0.432048
IMAGINARY
           0  0.000239718  -0.00142536  -0.00955916
-0.000239718            0  -0.00169803   0.00446662
  0.00142536   0.00169803            0  -0.00130827
  0.00955916  -0.00446662   0.00130827            0
Repeater1[0]<--->HoM1[0]
REAL
   0.424237  0.00468303   0.0056154    0.348824
 0.00468303   0.0723825  0.00317183 -0.00181834
  0.0056154  0.00317183   0.0710635 -0.00605643
   0.348824 -0.00181834 -0.00605643    0.432317
IMAGINARY
          0   0.0129856  0.00013776  0.00994349
 -0.0129856           0 -0.00494182 -0.00348251
-0.00013776  0.00494182           0  0.00243287
-0.00994349  0.00348251 -0.00243287           0
EndNode1[0]<--->Repeater1[0]
REAL
   0.427863  0.00357151 -0.00089675    0.347982
 0.00357151   0.0758552 -0.00466748  0.00802603
-0.00089675 -0.00466748   0.0695753  0.00530048
   0.347982  0.00802603  0.00530048    0.426706
IMAGINARY
          0 -0.00329758 -0.00228328 -0.00643227
 0.00329758           0  0.00408713  0.00253559
 0.00228328 -0.00408713           0 -0.00200099
 0.00643227 -0.00253559  0.00200099           0
EndNode2[0]<--->HoM1[0]
REAL
    0.424282  -0.00659636  -0.00322389     0.349541
 -0.00659636    0.0812663 -0.000779316  -0.00557664
 -0.00322389 -0.000779316    0.0742493   -0.0126344
    0.349541  -0.00557664   -0.0126344     0.420202
IMAGINARY
           0  0.000993151  -0.00453351     0.006637
-0.000993151            0   0.00142358  0.000184254
  0.00453351  -0.00142358            0   0.00565382
   -0.006637 -0.000184254  -0.00565382            0
Repeater1[0]<--->EndNode1[0]
REAL
   0.427863 -0.00089675  0.00357151    0.347982
-0.00089675   0.0695753 -0.00466748  0.00530048
 0.00357151 -0.00466748   0.0758552  0.00802603
   0.347982  0.00530048  0.00802603    0.426706
IMAGINARY
          0 -0.00228328 -0.00329758 -0.00643227
 0.00228328           0 -0.00408713 -0.00200099
 0.00329758  0.00408713           0  0.00253559
 0.00643227  0.00200099 -0.00253559           0
Repeater1[0]<--->HoM1[0]
REAL
    0.424282  -0.00322389  -0.00659636     0.349541
 -0.00322389    0.0742493 -0.000779316   -0.0126344
 -0.00659636 -0.000779316    0.0812663  -0.00557664
    0.349541   -0.0126344  -0.00557664     0.420202
IMAGINARY
           0  -0.00453351  0.000993151     0.006637
  0.00453351            0  -0.00142358   0.00565382
-0.000993151   0.00142358            0  0.000184254
   -0.006637  -0.00565382 -0.000184254            0
EndNode1[0]<--->Repeater1[0]
REAL
   0.433044  0.00309162  0.00902073    0.351931
 0.00309162   0.0716276  0.00361407 -0.00276867
 0.00902073  0.00361407   0.0737584 -0.00342068
   0.351931 -0.00276867 -0.00342068     0.42157
IMAGINARY
          0 -0.00184431  0.00490693 -0.00485266
 0.00184431           0 -0.00222281 -0.00343586
-0.00490693  0.00222281           0  0.00168086
 0.00485266  0.00343586 -0.00168086           0
EndNode2[0]<--->HoM1[0]
REAL
    0.427487 -0.000614165   -0.0136146     0.350419
-0.000614165    0.0721899   0.00387704   0.00152705
  -0.0136146   0.00387704    0.0741279  -0.00722641
    0.350419   0.00152705  -0.00722641     0.426195
IMAGINARY
           0   0.00642558  -0.00502531   -0.0024529
 -0.00642558            0  -0.00361069  -0.00644743
  0.00502531   0.00361069            0 -0.000973995
   0.0024529   0.00644743  0.000973995            0
Repeater1[0]<--->EndNode1[0]
REAL
   0.433044  0.00902073  0.00309162    0.351931
 0.00902073   0.0737584  0.00361407 -0.00342068
 0.00309162  0.00361407   0.0716276 -0.00276867
