EndNode1[0]<--->Repeater1[0]
REAL
    0.436723   -0.0109209  -0.00052342     0.335591
  -0.0109209     0.065686 -0.000105333  -0.00257575
 -0.00052342 -0.000105333    0.0692366   0.00807994
    0.335591  -0.00257575   0.00807994     0.428354
IMAGINARY
          0  0.00578601 -0.00423817 -0.00548637
-0.00578601           0   -0.013582 -0.00487576
 0.00423817    0.013582           0  0.00358108
 0.00548637  0.00487576 -0.00358108           0
EndNode2[0]<--->HoM1[0]
REAL
    0.430128 -0.000321712   0.00831491     0.348399
-0.000321712    0.0820935   0.00073564  -0.00327745
  0.00831491   0.00073564    0.0701382  -0.00342409
    0.348399  -0.00327745  -0.00342409     0.417641
IMAGINARY
          0 -0.00301061  0.00570001  0.00436809
 0.00301061           0  0.00266696  0.00114223
-0.00570001 -0.00266696           0  0.00184872
-0.00436809 -0.00114223 -0.00184872           0
Repeater1[0]<--->EndNode1[0]
REAL
    0.436723  -0.00052342   -0.0109209     0.335591
 -0.00052342    0.0692366 -0.000105333   0.00807994
  -0.0109209 -0.000105333     0.065686  -0.00257575
    0.335591   0.00807994  -0.00257575     0.428354
IMAGINARY
          0 -0.00423817  0.00578601 -0.00548637
 0.00423817           0    0.013582  0.00358108
-0.00578601   -0.013582           0 -0.00487576
 0.00548637 -0.00358108  0.00487576           0
Repeater1[0]<--->HoM1[0]
REAL
    0.430128   0.00831491 -0.000321712     0.348399
  0.00831491    0.0701382   0.00073564  -0.00342409
-0.000321712   0.00073564    0.0820935  -0.00327745
    0.348399  -0.00342409  -0.00327745     0.417641
IMAGINARY
          0  0.00570001 -0.00301061  0.00436809
-0.00570001           0 -0.00266696  0.00184872
 0.00301061  0.00266696           0  0.00114223
-0.00436809 -0.00184872 -0.00114223           0
EndNode1[0]<--->Repeater1[0]
REAL
   0.440186 -0.00441411   0.0131409    0.347851
-0.00441411   0.0688762  0.00486783 -0.00858714
  0.0131409  0.00486783   0.0717245 -0.00352239
   0.347851 -0.00858714 -0.00352239    0.419213
IMAGINARY
           0 -0.000952115  0.000107287  -0.00610503
 0.000952115            0   -0.0114701   0.00178905
-0.000107287    0.0114701            0  -0.00827671
  0.00610503  -0.00178905   0.00827671            0
EndNode2[0]<--->HoM1[0]
REAL
   0.419718 -0.00466061  0.00364083      0.3465
-0.00466061   0.0747759 -0.00110701 -0.00702448
 0.00364083 -0.00110701   0.0775928  0.00387976
     0.3465 -0.00702448  0.00387976    0.427913
IMAGINARY
           0  -0.00385573   -0.0108645 -0.000246302
  0.00385573            0  -0.00206732   0.00230023
   0.0108645   0.00206732            0   0.00763407
 0.000246302  -0.00230023  -0.00763407            0
Repeater1[0]<--->EndNode1[0]
REAL
   0.440186   0.0131409 -0.00441411    0.347851
  0.0131409   0.0717245  0.00486783 -0.00352239
-0.00441411  0.00486783   0.0688762 -0.00858714
   0.347851 -0.00352239 -0.00858714    0.419213
IMAGINARY
           0  0.000107287 -0.000952115  -0.00610503
-0.000107287            0    0.0114701  -0.00827671
 0.000952115   -0.0114701            0   0.00178905
  0.00610503   0.00827671  -0.00178905            0
Repeater1[0]<--->HoM1[0]
REAL
   0.419718  0.00364083 -0.00466061      0.3465
 0.00364083   0.0775928 -0.00110701  0.00387976
-0.00466061 -0.00110701   0.0747759 -0.00702448
     0.3465  0.00387976 -0.00702448    0.427913
IMAGINARY
           0   -0.0108645  -0.00385573 -0.000246302
   0.0108645            0   0.00206732   0.00763407
  0.00385573  -0.00206732            0   0.00230023
 0.000246302  -0.00763407  -0.00230023            0
EndNode1[0]<--->Repeater1[0]
REAL
   0.424845 -0.00631709  0.00474601    0.352578
-0.00631709   0.0733471 -0.00478547 -0.00166593
 0.00474601 -0.00478547   0.0717975  0.00606042
   0.352578 -0.00166593  0.00606042     0.43001
IMAGINARY
          0  0.00744295  -0.0021183  0.00152711
-0.00744295           0  0.00101742   0.0013459
  0.0021183 -0.00101742           0 -0.00564068
-0.00152711  -0.0013459  0.00564068           0
EndNode2[0]<--->HoM1[0]
REAL
   0.424227  0.00305791 -0.00299002    0.350058
 0.00305791   0.0829897 -0.00117345  0.00628617
-0.00299002 -0.00117345   0.0778351 -0.00128306
   0.350058  0.00628617 -0.00128306    0.414948
IMAGINARY
           0    0.0019675  -0.00221906   -0.0022562
  -0.0019675            0   0.00586445 -0.000192719
  0.00221906  -0.00586445            0    0.0019675
   0.0022562  0.000192719   -0.0019675            0
Repeater1[0]<--->EndNode1[0]
REAL
   0.424845  0.00474601 -0.00631709    0.352578
 0.00474601   0.0717975 -0.00478547  0.00606042
-0.00631709 -0.00478547   0.0733471 -0.00166593
   0.352578  0.00606042 -0.00166593     0.43001
IMAGINARY
          0  -0.0021183  0.00744295  0.00152711
  0.0021183           0 -0.00101742 -0.00564068
-0.00744295  0.00101742           0   0.0013459
-0.00152711  0.00564068  -0.0013459           0
Repeater1[0]<--->HoM1[0]
REAL
   0.424227 -0.00299002  0.00305791    0.350058
-0.00299002   0.0778351 -0.00117345 -0.00128306
 0.00305791 -0.00117345   0.0829897  0.00628617
   0.350058 -0.00128306  0.00628617    0.414948
IMAGINARY
           0  -0.00221906    0.0019675   -0.0022562
  0.00221906            0  -0.00586445    0.0019675
  -0.0019675   0.00586445            0 -0.000192719
   0.0022562   -0.0019675  0.000192719            0
EndNode1[0]<--->Repeater1[0]
REAL
   0.42116 0.00324094 0.00710238   0.347005
0.00324094  0.0769231 0.00142575   0.017087
0.00710238 0.00142575  0.0759008  0.0150298
  0.347005   0.017087  0.0150298   0.426016
IMAGINARY
           0  -0.00412567  0.000903296  -0.00377783
  0.00412567            0   0.00285215  0.000514595
-0.000903296  -0.00285215            0 -0.000643598
  0.00377783 -0.000514595  0.000643598            0
EndNode2[0]<--->HoM1[0]
REAL
  0.427662  0.0032197 0.00298584   0.346989
 0.0032197  0.0697911 0.00361506 0.00833207
0.00298584 0.00361506  0.0746307 0.00206199
  0.346989 0.00833207 0.00206199   0.427916
IMAGINARY
          0 -0.00236063  -0.0095926 -0.00382366
 0.00236063           0 -0.00197083 -0.00232742
  0.0095926  0.00197083           0  0.00992279
 0.00382366  0.00232742 -0.00992279           0
Repeater1[0]<--->EndNode1[0]
REAL
   0.42116 0.00710238 0.00324094   0.347005
0.00710238  0.0759008 0.00142575  0.0150298
0.00324094 0.00142575  0.0769231   0.017087
  0.347005  0.0150298   0.017087   0.426016
IMAGINARY
           0  0.000903296  -0.00412567  -0.00377783
-0.000903296            0  -0.00285215 -0.000643598
  0.00412567   0.00285215            0  0.000514595
  0.00377783  0.000643598 -0.000514595            0
Repeater1[0]<--->HoM1[0]
REAL
  0.427662 0.00298584  0.0032197   0.346989
0.00298584  0.0746307 0.00361506 0.00206199
 0.0032197 0.00361506  0.0697911 0.00833207
  0.346989 0.00206199 0.00833207   0.427916
IMAGINARY
          0  -0.0095926 -0.00236063 -0.00382366
  0.0095926           0  0.00197083  0.00992279
 0.00236063 -0.00197083           0 -0.00232742
 0.00382366 -0.00992279  0.00232742           0
EndNode1[0]<--->Repeater1[0]
REAL
   0.428755  0.00758967   0.0086718    0.351754
 0.00758967   0.0741977 -0.00751822  0.00285635
  0.0086718 -0.00751822   0.0688062  0.00098942
   0.351754  0.00285635  0.00098942    0.428241
IMAGINARY
           0  0.000295414   0.00277531 -0.000598365
-0.000295414            0  -0.00278177   0.00354101
 -0.00277531   0.00278177            0  -0.00383255
 0.000598365  -0.00354101   0.00383255            0
EndNode2[0]<--->HoM1[0]
REAL
   0.431968 -0.00652869 -0.00827373    0.355425
-0.00652869   0.0784016  0.00631662  0.00740025
-0.00827373  0.00631662   0.0832069  0.00216133
   0.355425  0.00740025  0.00216133    0.406424
IMAGINARY
           0  -0.00491368 -0.000421781  0.000916541
  0.00491368            0 -0.000267358   0.00230478
 0.000421781  0.000267358            0  0.000771074
-0.000916541  -0.00230478 -0.000771074            0
Repeater1[0]<--->EndNode1[0]
REAL
   0.428755   0.0086718  0.00758967    0.351754
  0.0086718   0.0688062 -0.00751822  0.00098942
 0.00758967 -0.00751822   0.0741977  0.00285635
   0.351754  0.00098942  0.00285635    0.428241
IMAGINARY
           0   0.00277531  0.000295414 -0.000598365
 -0.00277531            0   0.00278177  -0.00383255
-0.000295414  -0.00278177            0   0.00354101
 0.000598365   0.00383255  -0.00354101            0
Repeater1[0]<--->HoM1[0]
REAL
   0.431968 -0.00827373 -0.00652869    0.355425
-0.00827373   0.0832069  0.00631662  0.00216133
-0.00652869  0.00631662   0.0784016  0.00740025
   0.355425  0.00216133  0.00740025    0.406424
IMAGINARY
           0 -0.000421781  -0.00491368  0.000916541
 0.000421781            0  0.000267358  0.000771074
  0.00491368 -0.000267358            0   0.00230478
-0.000916541 -0.000771074  -0.00230478            0
EndNode1[0]<--->Repeater1[0]
REAL
    0.433105 -0.000673521 -0.000593021     0.352249
-0.000673521    0.0736227   0.00317258   0.00302829
-0.000593021   0.00317258    0.0728611   0.00413417
    0.352249   0.00302829   0.00413417     0.420411
IMAGINARY
          0  -0.0108848   0.0036243  -0.0055428
  0.0108848           0  -0.0100174 -0.00547127
 -0.0036243   0.0100174           0  0.00534393
  0.0055428  0.00547127 -0.00534393           0
EndNode2[0]<--->HoM1[0]
REAL
   0.423018  0.00215376  0.00136214    0.346874
 0.00215376   0.0772379 -0.00249728 -0.00148908
 0.00136214 -0.00249728   0.0705882  0.00254286
   0.346874 -0.00148908  0.00254286    0.429156
IMAGINARY
          0  0.00848087  0.00693583  0.00363975
-0.00848087           0 -0.00135896  -0.0027018
-0.00693583  0.00135896           0 -0.00322042
-0.00363975   0.0027018  0.00322042           0
Repeater1[0]<--->EndNode1[0]
REAL
    0.433105 -0.000593021 -0.000673521     0.352249
-0.000593021    0.0728611   0.00317258   0.00413417
-0.000673521   0.00317258    0.0736227   0.00302829
    0.352249   0.00413417   0.00302829     0.420411
IMAGINARY
          0   0.0036243  -0.0108848  -0.0055428
 -0.0036243           0   0.0100174  0.00534393
  0.0108848  -0.0100174           0 -0.00547127
  0.0055428 -0.00534393  0.00547127           0
Repeater1[0]<--->HoM1[0]
REAL
   0.423018  0.00136214  0.00215376    0.346874
 0.00136214   0.0705882 -0.00249728  0.00254286
 0.00215376 -0.00249728   0.0772379 -0.00148908
   0.346874  0.00254286 -0.00148908    0.429156
IMAGINARY
          0  0.00693583  0.00848087  0.00363975
-0.00693583           0  0.00135896 -0.00322042
-0.00848087 -0.00135896           0  -0.0027018
-0.00363975  0.00322042   0.0027018           0
EndNode1[0]<--->Repeater1[0]
REAL
   0.431205 -0.00122086  0.00233594    0.354329
-0.00122086   0.0765836 -0.00281346  0.00323545
 0.00233594 -0.00281346   0.0745067  0.00394177
   0.354329  0.00323545  0.00394177    0.417705
IMAGINARY
          0  0.00398055 -0.00341319 -0.00466491
-0.00398055           0  0.00924506 -0.00264436
 0.00341319 -0.00924506           0  0.00106741
 0.00466491  0.00264436 -0.00106741           0
EndNode2[0]<--->HoM1[0]
REAL
   0.417843  0.00827133  0.00357584    0.350649
 0.00827133    0.077873  0.00204232 -0.00318954
 0.00357584  0.00204232   0.0735887 -0.00479464
   0.350649 -0.00318954 -0.00479464    0.430696
IMAGINARY
           0  -0.00496072   0.00999671   -0.0032259
  0.00496072            0  -0.00144201   -0.0035945
 -0.00999671   0.00144201            0  0.000315983
   0.0032259    0.0035945 -0.000315983            0
Repeater1[0]<--->EndNode1[0]
REAL
   0.431205  0.00233594 -0.00122086    0.354329
 0.00233594   0.0745067 -0.00281346  0.00394177
-0.00122086 -0.00281346   0.0765836  0.00323545
   0.354329  0.00394177  0.00323545    0.417705
IMAGINARY
          0 -0.00341319  0.00398055 -0.00466491
 0.00341319           0 -0.00924506  0.00106741
-0.00398055  0.00924506           0 -0.00264436
 0.00466491 -0.00106741  0.00264436           0
Repeater1[0]<--->HoM1[0]
REAL
   0.417843  0.00357584  0.00827133    0.350649
 0.00357584   0.0735887  0.00204232 -0.00479464
 0.00827133  0.00204232    0.077873 -0.00318954
   0.350649 -0.00479464 -0.00318954    0.430696
IMAGINARY
           0   0.00999671  -0.00496072   -0.0032259
 -0.00999671            0   0.00144201  0.000315983
  0.00496072  -0.00144201            0   -0.0035945
   0.0032259 -0.000315983    0.0035945            0
EndNode1[0]<--->Repeater1[0]
REAL
    0.427593   0.00324552  -0.00358594     0.352565
  0.00324552    0.0748161  -0.00372518 -0.000365119
 -0.00358594  -0.00372518    0.0791276  -0.00184354
    0.352565 -0.000365119  -0.00184354     0.418463
IMAGINARY
           0   0.00368871  -0.00257608  0.000774243
 -0.00368871            0   -0.0065882    0.0112661
  0.00257608    0.0065882            0  -0.00770946
-0.000774243   -0.0112661   0.00770946            0
EndNode2[0]<--->HoM1[0]
REAL
    0.427776  0.000447293  -0.00109548      0.34864
 0.000447293    0.0812041 -0.000976529  0.000966378
 -0.00109548 -0.000976529    0.0766506   0.00252198
     0.34864  0.000966378   0.00252198     0.414369
IMAGINARY
           0  0.000590119  -0.00583558   0.00621902
-0.000590119            0  -0.00264576   0.00378955
  0.00583558   0.00264576            0  -0.00365917
 -0.00621902  -0.00378955   0.00365917            0
Repeater1[0]<--->EndNode1[0]
REAL
    0.427593  -0.00358594   0.00324552     0.352565
 -0.00358594    0.0791276  -0.00372518  -0.00184354
  0.00324552  -0.00372518    0.0748161 -0.000365119
    0.352565  -0.00184354 -0.000365119     0.418463
IMAGINARY
           0  -0.00257608   0.00368871  0.000774243
  0.00257608            0    0.0065882  -0.00770946
 -0.00368871   -0.0065882            0    0.0112661
-0.000774243   0.00770946   -0.0112661            0
Repeater1[0]<--->HoM1[0]
REAL
    0.427776  -0.00109548  0.000447293      0.34864
 -0.00109548    0.0766506 -0.000976529   0.00252198
 0.000447293 -0.000976529    0.0812041  0.000966378
     0.34864   0.00252198  0.000966378     0.414369
IMAGINARY
           0  -0.00583558  0.000590119   0.00621902
  0.00583558            0   0.00264576  -0.00365917
-0.000590119  -0.00264576            0   0.00378955
 -0.00621902   0.00365917  -0.00378955            0
EndNode1[0]<--->Repeater1[0]
REAL
   0.426098  -0.0059598  0.00348706    0.348424
 -0.0059598   0.0764858 -0.00194761 -0.00126018
 0.00348706 -0.00194761   0.0723514 -0.00176879
   0.348424 -0.00126018 -0.00176879    0.425065
IMAGINARY
          0  0.00403699  -0.0124538 -0.00227278
-0.00403699           0  0.00113036  0.00284578
  0.0124538 -0.00113036           0  0.00454615
 0.00227278 -0.00284578 -0.00454615           0
EndNode2[0]<--->HoM1[0]
REAL
    0.42701 -0.00361026 -0.00011795     0.35014
-0.00361026   0.0712985 -0.00446862  0.00338763
-0.00011795 -0.00446862   0.0676555 0.000602149
    0.35014  0.00338763 0.000602149    0.434036
IMAGINARY
           0   0.00215681  0.000129132   0.00177525
 -0.00215681            0   -0.0026879 -0.000129132
-0.000129132    0.0026879            0 -0.000678245
 -0.00177525  0.000129132  0.000678245            0
Repeater1[0]<--->EndNode1[0]
REAL
   0.426098  0.00348706  -0.0059598    0.348424
 0.00348706   0.0723514 -0.00194761 -0.00176879
 -0.0059598 -0.00194761   0.0764858 -0.00126018
   0.348424 -0.00176879 -0.00126018    0.425065
IMAGINARY
          0  -0.0124538  0.00403699 -0.00227278
  0.0124538           0 -0.00113036  0.00454615
-0.00403699  0.00113036           0  0.00284578
 0.00227278 -0.00454615 -0.00284578           0
Repeater1[0]<--->HoM1[0]
REAL
    0.42701 -0.00011795 -0.00361026     0.35014
-0.00011795   0.0676555 -0.00446862 0.000602149
-0.00361026 -0.00446862   0.0712985  0.00338763
    0.35014 0.000602149  0.00338763    0.434036
IMAGINARY
           0  0.000129132   0.00215681   0.00177525
-0.000129132            0    0.0026879 -0.000678245
 -0.00215681   -0.0026879            0 -0.000129132
 -0.00177525  0.000678245  0.000129132            0
EndNode1[0]<--->Repeater1[0]
REAL
   0.430882 -0.00358118  -0.0168143    0.352383
-0.00358118   0.0755623 -0.00421524  0.00581949
 -0.0168143 -0.00421524   0.0715188 -0.00741358
   0.352383  0.00581949 -0.00741358    0.422037
IMAGINARY
           0  -0.00829006 -7.52458e-05  -0.00191954
  0.00829006            0   0.00819569   0.00605033
 7.52458e-05  -0.00819569            0   0.00485756
  0.00191954  -0.00605033  -0.00485756            0
EndNode2[0]<--->HoM1[0]
REAL
    0.429982   0.00550675 -0.000708625     0.348035
  0.00550675    0.0706508  -0.00244883   0.00321192
-0.000708625  -0.00244883    0.0807799   0.00437467
    0.348035   0.00321192   0.00437467     0.418587
IMAGINARY
           0  -0.00657118   0.00429356   0.00321209
  0.00657118            0   0.00448825  0.000800679
 -0.00429356  -0.00448825            0   0.00224108
 -0.00321209 -0.000800679  -0.00224108            0
Repeater1[0]<--->EndNode1[0]
REAL
   0.430882  -0.0168143 -0.00358118    0.352383
 -0.0168143   0.0715188 -0.00421524 -0.00741358
-0.00358118 -0.00421524   0.0755623  0.00581949
   0.352383 -0.00741358  0.00581949    0.422037
IMAGINARY
           0 -7.52458e-05  -0.00829006  -0.00191954
 7.52458e-05            0  -0.00819569   0.00485756
  0.00829006   0.00819569            0   0.00605033
  0.00191954  -0.00485756  -0.00605033            0
Repeater1[0]<--->HoM1[0]
REAL
    0.429982 -0.000708625   0.00550675     0.348035
-0.000708625    0.0807799  -0.00244883   0.00437467
  0.00550675  -0.00244883    0.0706508   0.00321192
    0.348035   0.00437467   0.00321192     0.418587
IMAGINARY
           0   0.00429356  -0.00657118   0.00321209
 -0.00429356            0  -0.00448825   0.00224108
  0.00657118   0.00448825            0  0.000800679
 -0.00321209  -0.00224108 -0.000800679            0
EndNode1[0]<--->Repeater1[0]
REAL
      0.4241  -0.00661839  -0.00325459     0.351521
 -0.00661839    0.0699009 -0.000996643 -0.000712648
 -0.00325459 -0.000996643    0.0779864   0.00521066
    0.351521 -0.000712648   0.00521066     0.428013
IMAGINARY
           0  -0.00352844   0.00703296   0.00345783
  0.00352844            0  -0.00820507  -0.00626214
 -0.00703296   0.00820507            0  0.000702128
 -0.00345783   0.00626214 -0.000702128            0
EndNode2[0]<--->HoM1[0]
REAL
    0.418405  -0.00049261  6.43148e-05     0.348853
 -0.00049261    0.0719499   0.00251925 -0.000582181
 6.43148e-05   0.00251925    0.0740355  -0.00831112
    0.348853 -0.000582181  -0.00831112      0.43561
IMAGINARY
           0  0.000976477   0.00371312   0.00854149
-0.000976477            0  -0.00551577  -0.00293309
 -0.00371312   0.00551577            0   0.00110361
 -0.00854149   0.00293309  -0.00110361            0
Repeater1[0]<--->EndNode1[0]
REAL
      0.4241  -0.00325459  -0.00661839     0.351521
 -0.00325459    0.0779864 -0.000996643   0.00521066
 -0.00661839 -0.000996643    0.0699009 -0.000712648
    0.351521   0.00521066 -0.000712648     0.428013
IMAGINARY
           0   0.00703296  -0.00352844   0.00345783
 -0.00703296            0   0.00820507  0.000702128
  0.00352844  -0.00820507            0  -0.00626214
 -0.00345783 -0.000702128   0.00626214            0
Repeater1[0]<--->HoM1[0]
REAL
    0.418405  6.43148e-05  -0.00049261     0.348853
 6.43148e-05    0.0740355   0.00251925  -0.00831112
 -0.00049261   0.00251925    0.0719499 -0.000582181
    0.348853  -0.00831112 -0.000582181      0.43561
IMAGINARY
           0   0.00371312  0.000976477   0.00854149
 -0.00371312            0   0.00551577   0.00110361
-0.000976477  -0.00551577            0  -0.00293309
 -0.00854149  -0.00110361   0.00293309            0
EndNode1[0]<--->Repeater1[0]
REAL
   0.428968 -0.00100688 -0.00625023    0.351493
-0.00100688   0.0772142  -0.0027403  0.00158676
-0.00625023  -0.0027403   0.0754479 -0.00163995
   0.351493  0.00158676 -0.00163995     0.41837
IMAGINARY
          0 -0.00495728  0.00504009 -0.00315594
 0.00495728           0  0.00302624  0.00607102
-0.00504009 -0.00302624           0 -0.00430198
 0.00315594 -0.00607102  0.00430198           0
EndNode2[0]<--->HoM1[0]
REAL
   0.42577  0.0145159  0.0219967   0.331725
 0.0145159  0.0742297 -0.0132889  0.0212994
 0.0219967 -0.0132889  0.0742297  0.0259869
  0.331725  0.0212994  0.0259869    0.42577
IMAGINARY
          0  -0.0077606  0.00575433   0.0160802
  0.0077606           0   0.0262017  0.00367964
-0.00575433  -0.0262017           0  -0.0111073
 -0.0160802 -0.00367964   0.0111073           0
Repeater1[0]<--->EndNode1[0]
REAL
   0.428968 -0.00625023 -0.00100688    0.351493
-0.00625023   0.0754479  -0.0027403 -0.00163995
-0.00100688  -0.0027403   0.0772142  0.00158676
   0.351493 -0.00163995  0.00158676     0.41837
IMAGINARY
          0  0.00504009 -0.00495728 -0.00315594
-0.00504009           0 -0.00302624 -0.00430198
 0.00495728  0.00302624           0  0.00607102
 0.00315594  0.00430198 -0.00607102           0
Repeater1[0]<--->HoM1[0]
REAL
   0.42577  0.0219967  0.0145159   0.331725
 0.0219967  0.0742297 -0.0132889  0.0259869
 0.0145159 -0.0132889  0.0742297  0.0212994
  0.331725  0.0259869  0.0212994    0.42577
IMAGINARY
          0  0.00575433  -0.0077606   0.0160802
-0.00575433           0  -0.0262017  -0.0111073
  0.0077606   0.0262017           0  0.00367964
 -0.0160802   0.0111073 -0.00367964           0
EndNode1[0]<--->Repeater1[0]
REAL
   0.424622  0.00280226 -0.00182617    0.347339
 0.00280226   0.0721781 -0.00253355  0.00928495
-0.00182617 -0.00253355    0.078321  0.00125427
   0.347339  0.00928495  0.00125427    0.424878
IMAGINARY
           0  -0.00179173 -6.35934e-05   -0.0122743
  0.00179173            0   0.00827018 -0.000192161
 6.35934e-05  -0.00827018            0   0.00281475
   0.0122743  0.000192161  -0.00281475            0
EndNode2[0]<--->HoM1[0]
REAL
      0.4254 -0.000916224    0.0012985       0.3483
-0.000916224    0.0789881  -0.00301755  -0.00788785
   0.0012985  -0.00301755    0.0725348  -0.00330096
      0.3483  -0.00788785  -0.00330096     0.423077
IMAGINARY
           0  -0.00272994  -0.00334276  -0.00599567
  0.00272994            0  -0.00192461    0.0056224
  0.00334276   0.00192461            0  0.000197013
  0.00599567   -0.0056224 -0.000197013            0
Repeater1[0]<--->EndNode1[0]
REAL
   0.424622 -0.00182617  0.00280226    0.347339
-0.00182617    0.078321 -0.00253355  0.00125427
 0.00280226 -0.00253355   0.0721781  0.00928495
   0.347339  0.00125427  0.00928495    0.424878
IMAGINARY
           0 -6.35934e-05  -0.00179173   -0.0122743
 6.35934e-05            0  -0.00827018   0.00281475
  0.00179173   0.00827018            0 -0.000192161
   0.0122743  -0.00281475  0.000192161            0
Repeater1[0]<--->HoM1[0]
REAL
      0.4254    0.0012985 -0.000916224       0.3483
   0.0012985    0.0725348  -0.00301755  -0.00330096
-0.000916224  -0.00301755    0.0789881  -0.00788785
      0.3483  -0.00330096  -0.00788785     0.423077
IMAGINARY
           0  -0.00334276  -0.00272994  -0.00599567
  0.00334276            0   0.00192461  0.000197013
  0.00272994  -0.00192461            0    0.0056224
  0.00599567 -0.000197013   -0.0056224            0
EndNode1[0]<--->Repeater1[0]
REAL
  0.426508 0.00525691  0.0117667   0.351995
0.00525691  0.0750127  0.0012256 -0.0154875
 0.0117667  0.0012256  0.0734921 -0.0017927
  0.351995 -0.0154875 -0.0017927   0.424987
IMAGINARY
           0   0.00579044   0.00340088  -0.00723144
 -0.00579044            0  -1.4941e-05  0.000958094
 -0.00340088   1.4941e-05            0  0.000619813
  0.00723144 -0.000958094 -0.000619813            0
EndNode2[0]<--->HoM1[0]
REAL
   0.428571  0.00199538   0.0143289    0.343798
 0.00199538   0.0706494 -0.00396589 -0.00451469
  0.0143289 -0.00396589   0.0732468  0.00363142
   0.343798 -0.00451469  0.00363142    0.427532
IMAGINARY
          0  0.00574781  -0.0128093 -0.00418313
-0.00574781           0    0.008585 -0.00231092
  0.0128093   -0.008585           0  0.00394462
 0.00418313  0.00231092 -0.00394462           0
Repeater1[0]<--->EndNode1[0]
REAL
  0.426508  0.0117667 0.00525691   0.351995
 0.0117667  0.0734921  0.0012256 -0.0017927
0.00525691  0.0012256  0.0750127 -0.0154875
  0.351995 -0.0017927 -0.0154875   0.424987
IMAGINARY
           0   0.00340088   0.00579044  -0.00723144
 -0.00340088            0   1.4941e-05  0.000619813
 -0.00579044  -1.4941e-05            0  0.000958094
  0.00723144 -0.000619813 -0.000958094            0
Repeater1[0]<--->HoM1[0]
REAL
   0.428571   0.0143289  0.00199538    0.343798
  0.0143289   0.0732468 -0.00396589  0.00363142
 0.00199538 -0.00396589   0.0706494 -0.00451469
   0.343798  0.00363142 -0.00451469    0.427532
IMAGINARY
          0  -0.0128093  0.00574781 -0.00418313
  0.0128093           0   -0.008585  0.00394462
-0.00574781    0.008585           0 -0.00231092
 0.00418313 -0.00394462  0.00231092           0
EndNode1[0]<--->Repeater1[0]
REAL
   0.421039 -0.00809893  -0.0115466     0.35163
-0.00809893    0.076764  0.00377587 0.000423963
 -0.0115466  0.00377587   0.0757302   -0.005869
    0.35163 0.000423963   -0.005869    0.426467
IMAGINARY
           0  -0.00407664    0.0023755  -0.00497279
  0.00407664            0   0.00574242 -0.000424911
  -0.0023755  -0.00574242            0 -0.000214645
  0.00497279  0.000424911  0.000214645            0
EndNode2[0]<--->HoM1[0]
REAL
    0.427628   0.00964525   0.00353777     0.350488
  0.00964525    0.0779584 -0.000853649   0.00483043
  0.00353777 -0.000853649    0.0774505   0.00421458
    0.350488   0.00483043   0.00421458     0.416963
IMAGINARY
           0   0.00644794   0.00630812    0.0135306
 -0.00644794            0   -1.711e-05  0.000836524
 -0.00630812    1.711e-05            0  -0.00531984
  -0.0135306 -0.000836524   0.00531984            0
Repeater1[0]<--->EndNode1[0]
REAL
   0.421039  -0.0115466 -0.00809893     0.35163
 -0.0115466   0.0757302  0.00377587   -0.005869
-0.00809893  0.00377587    0.076764 0.000423963
    0.35163   -0.005869 0.000423963    0.426467
IMAGINARY
           0    0.0023755  -0.00407664  -0.00497279
  -0.0023755            0  -0.00574242 -0.000214645
  0.00407664   0.00574242            0 -0.000424911
  0.00497279  0.000214645  0.000424911            0
Repeater1[0]<--->HoM1[0]
REAL
    0.427628   0.00353777   0.00964525     0.350488
  0.00353777    0.0774505 -0.000853649   0.00421458
  0.00964525 -0.000853649    0.0779584   0.00483043
    0.350488   0.00421458   0.00483043     0.416963
IMAGINARY
           0   0.00630812   0.00644794    0.0135306
 -0.00630812            0    1.711e-05  -0.00531984
 -0.00644794   -1.711e-05            0  0.000836524
  -0.0135306   0.00531984 -0.000836524            0
EndNode1[0]<--->Repeater1[0]
REAL
    0.433207    0.0026197   0.00762883     0.349209
   0.0026197     0.068948 -0.000460833  -0.00277446
  0.00762883 -0.000460833    0.0795944   0.00121269
    0.349209  -0.00277446   0.00121269     0.418251
IMAGINARY
           0  -0.00158924   0.00625172   -0.0032709
  0.00158924            0 -0.000540078   0.00339161
 -0.00625172  0.000540078            0  -0.00884669
   0.0032709  -0.00339161   0.00884669            0
EndNode2[0]<--->HoM1[0]
REAL
   0.433642  0.00139354 -0.00231949    0.343054
 0.00139354   0.0704733  0.00184911  0.00167433
-0.00231949  0.00184911   0.0771605 -0.00694193
   0.343054  0.00167433 -0.00694193    0.418724
IMAGINARY
           0  -0.00348307  -0.00166243   0.00547285
  0.00348307            0  0.000151005    0.0099596
  0.00166243 -0.000151005            0 -0.000729335
 -0.00547285   -0.0099596  0.000729335            0
Repeater1[0]<--->EndNode1[0]
REAL
    0.433207   0.00762883    0.0026197     0.349209
  0.00762883    0.0795944 -0.000460833   0.00121269
   0.0026197 -0.000460833     0.068948  -0.00277446
    0.349209   0.00121269  -0.00277446     0.418251
IMAGINARY
           0   0.00625172  -0.00158924   -0.0032709
 -0.00625172            0  0.000540078  -0.00884669
  0.00158924 -0.000540078            0   0.00339161
   0.0032709   0.00884669  -0.00339161            0
Repeater1[0]<--->HoM1[0]
REAL
   0.433642 -0.00231949  0.00139354    0.343054
-0.00231949   0.0771605  0.00184911 -0.00694193
 0.00139354  0.00184911   0.0704733  0.00167433
   0.343054 -0.00694193  0.00167433    0.418724
IMAGINARY
           0  -0.00166243  -0.00348307   0.00547285
  0.00166243            0 -0.000151005 -0.000729335
  0.00348307  0.000151005            0    0.0099596
 -0.00547285  0.000729335   -0.0099596            0
EndNode1[0]<--->Repeater1[0]
REAL
    0.416452   -0.0036566   -0.0109807     0.350076
  -0.0036566    0.0758123 -0.000693776   -0.0127062
  -0.0109807 -0.000693776    0.0814853  -0.00278006
    0.350076   -0.0127062  -0.00278006     0.426251
IMAGINARY
          0 -0.00310965  0.00182547 -0.00532804
 0.00310965           0 -0.00852907  0.00169657
-0.00182547  0.00852907           0 -0.00667381
 0.00532804 -0.00169657  0.00667381           0
EndNode2[0]<--->HoM1[0]
REAL
     0.42362  -0.00788372  -0.00833575     0.351617
 -0.00788372    0.0744544   -0.0088719   0.00339779
 -0.00833575   -0.0088719    0.0703466 -0.000852673
    0.351617   0.00339779 -0.000852673     0.431579
IMAGINARY
          0  0.00098072  -0.0038808  0.00242703
-0.00098072           0 -0.00216715   0.0166099
  0.0038808  0.00216715           0 -0.00607237
-0.00242703  -0.0166099  0.00607237           0
Repeater1[0]<--->EndNode1[0]
REAL
    0.416452   -0.0109807   -0.0036566     0.350076
  -0.0109807    0.0814853 -0.000693776  -0.00278006
  -0.0036566 -0.000693776    0.0758123   -0.0127062
    0.350076  -0.00278006   -0.0127062     0.426251
IMAGINARY
          0  0.00182547 -0.00310965 -0.00532804
-0.00182547           0  0.00852907 -0.00667381
 0.00310965 -0.00852907           0  0.00169657
 0.00532804  0.00667381 -0.00169657           0
Repeater1[0]<--->HoM1[0]
REAL
     0.42362  -0.00833575  -0.00788372     0.351617
 -0.00833575    0.0703466   -0.0088719 -0.000852673
 -0.00788372   -0.0088719    0.0744544   0.00339779
    0.351617 -0.000852673   0.00339779     0.431579
IMAGINARY
          0  -0.0038808  0.00098072  0.00242703
  0.0038808           0  0.00216715 -0.00607237
-0.00098072 -0.00216715           0   0.0166099
-0.00242703  0.00607237  -0.0166099           0
EndNode1[0]<--->Repeater1[0]
REAL
   0.430071 -0.00373139 0.000674881    0.356262
-0.00373139   0.0813435 -0.00185612    -0.00821
0.000674881 -0.00185612   0.0784571  -0.0017603
   0.356262    -0.00821  -0.0017603    0.410129
IMAGINARY
           0   0.00565016  -0.00416486  0.000765017
 -0.00565016            0 -0.000125795  -0.00595148
  0.00416486  0.000125795            0  -0.00286817
-0.000765017   0.00595148   0.00286817            0
EndNode2[0]<--->HoM1[0]
REAL
   0.427207  0.00492118 -0.00925964     0.34722
 0.00492118   0.0738255  0.00102758   0.0106461
-0.00925964  0.00102758   0.0782137  0.00402764
    0.34722   0.0106461  0.00402764    0.420754
IMAGINARY
          0 -0.00441313  0.00348053 -0.00222045
 0.00441313           0  0.00339753  0.00641795
-0.00348053 -0.00339753           0  0.00263648
 0.00222045 -0.00641795 -0.00263648           0
Repeater1[0]<--->EndNode1[0]
REAL
   0.430071 0.000674881 -0.00373139    0.356262
0.000674881   0.0784571 -0.00185612  -0.0017603
-0.00373139 -0.00185612   0.0813435    -0.00821
   0.356262  -0.0017603    -0.00821    0.410129
IMAGINARY
           0  -0.00416486   0.00565016  0.000765017
  0.00416486            0  0.000125795  -0.00286817
 -0.00565016 -0.000125795            0  -0.00595148
-0.000765017   0.00286817   0.00595148            0
Repeater1[0]<--->HoM1[0]
REAL
   0.427207 -0.00925964  0.00492118     0.34722
-0.00925964   0.0782137  0.00102758  0.00402764
 0.00492118  0.00102758   0.0738255   0.0106461
    0.34722  0.00402764   0.0106461    0.420754
IMAGINARY
          0  0.00348053 -0.00441313 -0.00222045
-0.00348053           0 -0.00339753  0.00263648
 0.00441313  0.00339753           0  0.00641795
 0.00222045 -0.00263648 -0.00641795           0
EndNode1[0]<--->Repeater1[0]
REAL
    0.412379   -0.0043434   0.00294885     0.356411
  -0.0043434    0.0662252   0.00174096   0.00424822
  0.00294885   0.00174096    0.0764137 -0.000498265
    0.356411   0.00424822 -0.000498265     0.444982
IMAGINARY
          0 -0.00215341  -0.0010416  -0.0076524
 0.00215341           0 -0.00562194   0.0016779
  0.0010416  0.00562194           0  0.00177163
  0.0076524  -0.0016779 -0.00177163           0
EndNode2[0]<--->HoM1[0]
REAL
  0.427923 0.00539212   0.002762   0.342433
0.00539212  0.0735887 0.00425433 0.00160369
  0.002762 0.00425433  0.0710685 0.00231204
  0.342433 0.00160369 0.00231204   0.427419
IMAGINARY
           0    0.0131967  0.000716279   0.00838724
  -0.0131967            0  -0.00471656  -0.00676207
-0.000716279   0.00471656            0   0.00699885
 -0.00838724   0.00676207  -0.00699885            0
Repeater1[0]<--->EndNode1[0]
REAL
    0.412379   0.00294885   -0.0043434     0.356411
  0.00294885    0.0764137   0.00174096 -0.000498265
  -0.0043434   0.00174096    0.0662252   0.00424822
    0.356411 -0.000498265   0.00424822     0.444982
IMAGINARY
          0  -0.0010416 -0.00215341  -0.0076524
  0.0010416           0  0.00562194  0.00177163
 0.00215341 -0.00562194           0   0.0016779
  0.0076524 -0.00177163  -0.0016779           0
Repeater1[0]<--->HoM1[0]
REAL
  0.427923   0.002762 0.00539212   0.342433
  0.002762  0.0710685 0.00425433 0.00231204
0.00539212 0.00425433  0.0735887 0.00160369
  0.342433 0.00231204 0.00160369   0.427419
IMAGINARY
           0  0.000716279    0.0131967   0.00838724
-0.000716279            0   0.00471656   0.00699885
  -0.0131967  -0.00471656            0  -0.00676207
 -0.00838724  -0.00699885   0.00676207            0
EndNode1[0]<--->Repeater1[0]
REAL
    0.422374 -0.000523854 -0.000389888     0.344525
-0.000523854    0.0809234   -0.0011804  -0.00529945
-0.000389888   -0.0011804    0.0715373  -0.00992865
    0.344525  -0.00529945  -0.00992865     0.425165
IMAGINARY
           0  -0.00562581  -0.00394246  0.000297547
  0.00562581            0  -0.00299193   -0.0027715
  0.00394246   0.00299193            0   0.00144542
-0.000297547    0.0027715  -0.00144542            0
EndNode2[0]<--->HoM1[0]
REAL
    0.424457 -0.000585414    -0.002119     0.345916
-0.000585414    0.0798638  -0.00695793   0.00118889
   -0.002119  -0.00695793    0.0706991   0.00337574
    0.345916   0.00118889   0.00337574      0.42498
IMAGINARY
          0  0.00340642 -0.00240599  -0.0045366
-0.00340642           0 -0.00581537 -0.00227874
 0.00240599  0.00581537           0  0.00710257
  0.0045366  0.00227874 -0.00710257           0
Repeater1[0]<--->EndNode1[0]
REAL
    0.422374 -0.000389888 -0.000523854     0.344525
-0.000389888    0.0715373   -0.0011804  -0.00992865
-0.000523854   -0.0011804    0.0809234  -0.00529945
    0.344525  -0.00992865  -0.00529945     0.425165
IMAGINARY
           0  -0.00394246  -0.00562581  0.000297547
  0.00394246            0   0.00299193   0.00144542
  0.00562581  -0.00299193            0   -0.0027715
-0.000297547  -0.00144542    0.0027715            0
Repeater1[0]<--->HoM1[0]
REAL
    0.424457    -0.002119 -0.000585414     0.345916
   -0.002119    0.0706991  -0.00695793   0.00337574
-0.000585414  -0.00695793    0.0798638   0.00118889
    0.345916   0.00337574   0.00118889      0.42498
IMAGINARY
          0 -0.00240599  0.00340642  -0.0045366
 0.00240599           0  0.00581537  0.00710257
-0.00340642 -0.00581537           0 -0.00227874
  0.0045366 -0.00710257  0.00227874           0
EndNode1[0]<--->Repeater1[0]
REAL
   0.406706  0.00103869 -0.00722337    0.348494
 0.00103869   0.0775531 -0.00135325 -0.00136857
-0.00722337 -0.00135325   0.0767853 0.000115451
   0.348494 -0.00136857 0.000115451    0.438956
IMAGINARY
           0  -0.00742783  0.000323932  -0.00869265
  0.00742783            0   0.00130223 -0.000579294
-0.000323932  -0.00130223            0   0.00461884
  0.00869265  0.000579294  -0.00461884            0
EndNode2[0]<--->HoM1[0]
REAL
    0.418592   0.00481539   0.00981582     0.347819
  0.00481539    0.0735294   0.00686909   -0.0104476
  0.00981582   0.00686909    0.0753676 -0.000140134
    0.347819   -0.0104476 -0.000140134     0.432511
IMAGINARY
          0  0.00179803   0.0156876  0.00382505
-0.00179803           0  0.00527052  0.00128969
 -0.0156876 -0.00527052           0 -0.00677633
-0.00382505 -0.00128969  0.00677633           0
Repeater1[0]<--->EndNode1[0]
REAL
   0.406706 -0.00722337  0.00103869    0.348494
-0.00722337   0.0767853 -0.00135325 0.000115451
 0.00103869 -0.00135325   0.0775531 -0.00136857
   0.348494 0.000115451 -0.00136857    0.438956
IMAGINARY
           0  0.000323932  -0.00742783  -0.00869265
-0.000323932            0  -0.00130223   0.00461884
  0.00742783   0.00130223            0 -0.000579294
  0.00869265  -0.00461884  0.000579294            0
Repeater1[0]<--->HoM1[0]
REAL
    0.418592   0.00981582   0.00481539     0.347819
  0.00981582    0.0753676   0.00686909 -0.000140134
  0.00481539   0.00686909    0.0735294   -0.0104476
    0.347819 -0.000140134   -0.0104476     0.432511
IMAGINARY
          0   0.0156876  0.00179803  0.00382505
 -0.0156876           0 -0.00527052 -0.00677633
-0.00179803  0.00527052           0  0.00128969
-0.00382505  0.00677633 -0.00128969           0
EndNode1[0]<--->Repeater1[0]
REAL
   0.431271  0.00693311 0.000945797     0.34071
 0.00693311   0.0709293 -0.00327268  0.00985822
0.000945797 -0.00327268   0.0732591   0.0096498
    0.34071  0.00985822   0.0096498    0.424541
IMAGINARY
          0  0.00117934  0.00544782 -0.00095392
-0.00117934           0   0.0127231 -0.00249683
-0.00544782  -0.0127231           0 -0.00566997
 0.00095392  0.00249683  0.00566997           0
EndNode2[0]<--->HoM1[0]
REAL
   0.421414 -0.00626009  0.00104105    0.349386
-0.00626009   0.0821465  0.00250455  -0.0110802
 0.00104105  0.00250455   0.0757884  -0.0136878
   0.349386  -0.0110802  -0.0136878    0.420651
IMAGINARY
           0  0.000617901  -0.00251006   0.00890085
-0.000617901            0  -0.00224442  0.000209445
  0.00251006   0.00224442            0   0.00347208
 -0.00890085 -0.000209445  -0.00347208            0
Repeater1[0]<--->EndNode1[0]
REAL
   0.431271 0.000945797  0.00693311     0.34071
0.000945797   0.0732591 -0.00327268   0.0096498
 0.00693311 -0.00327268   0.0709293  0.00985822
    0.34071   0.0096498  0.00985822    0.424541
IMAGINARY
          0  0.00544782  0.00117934 -0.00095392
-0.00544782           0  -0.0127231 -0.00566997
-0.00117934   0.0127231           0 -0.00249683
 0.00095392  0.00566997  0.00249683           0
Repeater1[0]<--->HoM1[0]
REAL
   0.421414  0.00104105 -0.00626009    0.349386
 0.00104105   0.0757884  0.00250455  -0.0136878
-0.00626009  0.00250455   0.0821465  -0.0110802
   0.349386  -0.0136878  -0.0110802    0.420651
IMAGINARY
           0  -0.00251006  0.000617901   0.00890085
  0.00251006            0   0.00224442   0.00347208
-0.000617901  -0.00224442            0  0.000209445
 -0.00890085  -0.00347208 -0.000209445            0
EndNode1[0]<--->Repeater1[0]
REAL
    0.429651   0.00215614  -0.00317279     0.350217
  0.00215614     0.066962 -0.000395675  -0.00116173
 -0.00317279 -0.000395675    0.0758207  -0.00776553
    0.350217  -0.00116173  -0.00776553     0.427566
IMAGINARY
           0 -4.45861e-05   0.00367395  -0.00457306
 4.45861e-05            0  5.41882e-05  0.000922576
 -0.00367395 -5.41882e-05            0   0.00693938
  0.00457306 -0.000922576  -0.00693938            0
EndNode2[0]<--->HoM1[0]
REAL
   0.421306 -0.00348405  -0.0112032     0.35243
-0.00348405    0.069585  0.00456505   -0.003149
 -0.0112032  0.00456505    0.069332 -0.00595479
    0.35243   -0.003149 -0.00595479    0.439777
IMAGINARY
          0   0.0127736 -0.00369279 -0.00117716
 -0.0127736           0 -0.00871747 -0.00538417
 0.00369279  0.00871747           0  -0.0126458
 0.00117716  0.00538417   0.0126458           0
Repeater1[0]<--->EndNode1[0]
REAL
    0.429651  -0.00317279   0.00215614     0.350217
 -0.00317279    0.0758207 -0.000395675  -0.00776553
  0.00215614 -0.000395675     0.066962  -0.00116173
    0.350217  -0.00776553  -0.00116173     0.427566
IMAGINARY
           0   0.00367395 -4.45861e-05  -0.00457306
 -0.00367395            0 -5.41882e-05   0.00693938
 4.45861e-05  5.41882e-05            0  0.000922576
