source<--->HoM
REAL
   0.489808 -0.00253188  0.00216073   0.0742805
-0.00253188           0  0.00726712  -0.0179345
 0.00216073  0.00726712           0 -0.00490859
  0.0742805  -0.0179345 -0.00490859    0.510192
IMAGINARY
           0   -0.0167875 -0.000860097   0.00487695
   0.0167875            0  -0.00456249  -0.00463767
 0.000860097   0.00456249            0    -0.001786
 -0.00487695   0.00463767     0.001786            0
target<--->HoM
REAL
   0.489808  0.00216073 -0.00253188   0.0742805
 0.00216073           0  0.00726712 -0.00490859
-0.00253188  0.00726712           0  -0.0179345
  0.0742805 -0.00490859  -0.0179345    0.510192
IMAGINARY
           0 -0.000860097   -0.0167875   0.00487695
 0.000860097            0   0.00456249    -0.001786
   0.0167875  -0.00456249            0  -0.00463767
 -0.00487695     0.001786   0.00463767            0
