source<--->HoM
REAL
   0.430724 -0.00967474  0.00201192    0.374796
-0.00967474   0.0593796 0.000501707  -0.0180833
 0.00201192 0.000501707   0.0611521  -0.0120514
   0.374796  -0.0180833  -0.0120514    0.448744
IMAGINARY
           0  -0.00638636 -0.000860097   0.00487695
  0.00638636            0  -0.00456249  -0.00463767
 0.000860097   0.00456249            0   0.00861519
 -0.00487695   0.00463767  -0.00861519            0
target<--->HoM
REAL
   0.430724  0.00201192 -0.00967474    0.374796
 0.00201192   0.0611521 0.000501707  -0.0120514
-0.00967474 0.000501707   0.0593796  -0.0180833
   0.374796  -0.0120514  -0.0180833    0.448744
IMAGINARY
           0 -0.000860097  -0.00638636   0.00487695
 0.000860097            0   0.00456249   0.00861519
  0.00638636  -0.00456249            0  -0.00463767
 -0.00487695  -0.00861519   0.00463767            0
source<--->HoM
REAL
   0.430724 -0.00967474  0.00201192    0.374796
-0.00967474   0.0593796 0.000501707  -0.0180833
 0.00201192 0.000501707   0.0611521  -0.0120514
   0.374796  -0.0180833  -0.0120514    0.448744
IMAGINARY
           0  -0.00638636 -0.000860097   0.00487695
  0.00638636            0  -0.00456249  -0.00463767
 0.000860097   0.00456249            0   0.00861519
 -0.00487695   0.00463767  -0.00861519            0
target<--->HoM
REAL
   0.430724  0.00201192 -0.00967474    0.374796
 0.00201192   0.0611521 0.000501707  -0.0120514
-0.00967474 0.000501707   0.0593796  -0.0180833
   0.374796  -0.0120514  -0.0180833    0.448744
IMAGINARY
           0 -0.000860097  -0.00638636   0.00487695
 0.000860097            0   0.00456249   0.00861519
  0.00638636  -0.00456249            0  -0.00463767
 -0.00487695  -0.00861519   0.00463767            0
