source<--->HoM
REAL
   0.298966 -0.00684736  0.00201192    0.283507
-0.00684736    0.190547    0.216493  -0.0180833
 0.00201192    0.216493     0.22836 -0.00922407
   0.283507  -0.0180833 -0.00922407    0.282127
IMAGINARY
           0   -0.0167875 -0.000860097   0.00487695
   0.0167875            0  -0.00456249  -0.00463767
 0.000860097   0.00456249            0    -0.001786
 -0.00487695   0.00463767     0.001786            0
target<--->HoM
REAL
   0.298966  0.00201192 -0.00684736    0.283507
 0.00201192     0.22836    0.216493 -0.00922407
-0.00684736    0.216493    0.190547  -0.0180833
   0.283507 -0.00922407  -0.0180833    0.282127
IMAGINARY
           0 -0.000860097   -0.0167875   0.00487695
 0.000860097            0   0.00456249    -0.001786
   0.0167875  -0.00456249            0  -0.00463767
 -0.00487695     0.001786   0.00463767            0
source<--->HoM
REAL
   0.298966 -0.00684736  0.00201192    0.283507
-0.00684736    0.190547    0.216493  -0.0180833
 0.00201192    0.216493     0.22836 -0.00922407
   0.283507  -0.0180833 -0.00922407    0.282127
IMAGINARY
           0   -0.0167875 -0.000860097   0.00487695
   0.0167875            0  -0.00456249  -0.00463767
 0.000860097   0.00456249            0    -0.001786
 -0.00487695   0.00463767     0.001786            0
target<--->HoM
REAL
   0.298966  0.00201192 -0.00684736    0.283507
 0.00201192     0.22836    0.216493 -0.00922407
-0.00684736    0.216493    0.190547  -0.0180833
   0.283507 -0.00922407  -0.0180833    0.282127
IMAGINARY
           0 -0.000860097   -0.0167875   0.00487695
 0.000860097            0   0.00456249    -0.001786
   0.0167875  -0.00456249            0  -0.00463767
 -0.00487695     0.001786   0.00463767            0
source<--->HoM
REAL
   0.289287 -0.00353417  0.00618682    0.283537
-0.00353417    0.197378    0.216463  -0.0090008
 0.00618682    0.216463    0.221184 0.000720193
   0.283537  -0.0090008 0.000720193     0.29215
IMAGINARY
           0  -0.00849274   -0.0100404  0.000293539
  0.00849274            0  -0.00044786   0.00122656
   0.0100404   0.00044786            0    0.0017703
-0.000293539  -0.00122656   -0.0017703            0
target<--->HoM
REAL
   0.289287  0.00618682 -0.00353417    0.283537
 0.00618682    0.221184    0.216463 0.000720193
-0.00353417    0.216463    0.197378  -0.0090008
   0.283537 0.000720193  -0.0090008     0.29215
IMAGINARY
           0   -0.0100404  -0.00849274  0.000293539
   0.0100404            0   0.00044786    0.0017703
  0.00849274  -0.00044786            0   0.00122656
-0.000293539   -0.0017703  -0.00122656            0
source<--->HoM
REAL
   0.486816 -0.00353417  0.00618682         0.5
-0.00353417           0           0  -0.0090008
 0.00618682           0           0 0.000720193
        0.5  -0.0090008 0.000720193    0.513184
IMAGINARY
           0 -0.000724587   -0.0100404  0.000293539
 0.000724587            0  -0.00044786   0.00122656
   0.0100404   0.00044786            0   0.00953845
-0.000293539  -0.00122656  -0.00953845            0
target<--->HoM
REAL
   0.486816  0.00618682 -0.00353417         0.5
 0.00618682           0           0 0.000720193
-0.00353417           0           0  -0.0090008
        0.5 0.000720193  -0.0090008    0.513184
IMAGINARY
           0   -0.0100404 -0.000724587  0.000293539
   0.0100404            0   0.00044786   0.00953845
 0.000724587  -0.00044786            0   0.00122656
-0.000293539  -0.00953845  -0.00122656            0
source<--->HoM
REAL
   0.486816 -0.00353417  0.00618682         0.5
-0.00353417           0           0  -0.0090008
 0.00618682           0           0 0.000720193
        0.5  -0.0090008 0.000720193    0.513184
IMAGINARY
           0 -0.000724587   -0.0100404  0.000293539
 0.000724587            0  -0.00044786   0.00122656
   0.0100404   0.00044786            0   0.00953845
-0.000293539  -0.00122656  -0.00953845            0
target<--->HoM
REAL
   0.486816  0.00618682 -0.00353417         0.5
 0.00618682           0           0 0.000720193
-0.00353417           0           0  -0.0090008
        0.5 0.000720193  -0.0090008    0.513184
IMAGINARY
           0   -0.0100404 -0.000724587  0.000293539
   0.0100404            0   0.00044786   0.00953845
 0.000724587  -0.00044786            0   0.00122656
-0.000293539  -0.00953845  -0.00122656            0
source<--->HoM
REAL
    0.273919 -5.37234e-05   0.00618682    0.0571963
-5.37234e-05     0.212897  -0.00106481   -0.0090008
  0.00618682  -0.00106481     0.223896   0.00420064
   0.0571963   -0.0090008   0.00420064     0.289287
IMAGINARY
           0  -0.00453397   -0.0100404  0.000293539
  0.00453397            0  -0.00044786   0.00122656
   0.0100404   0.00044786            0   0.00572907
-0.000293539  -0.00122656  -0.00572907            0
target<--->HoM
REAL
    0.273919   0.00618682 -5.37234e-05    0.0571963
  0.00618682     0.223896  -0.00106481   0.00420064
-5.37234e-05  -0.00106481     0.212897   -0.0090008
   0.0571963   0.00420064   -0.0090008     0.289287
IMAGINARY
           0   -0.0100404  -0.00453397  0.000293539
   0.0100404            0   0.00044786   0.00572907
  0.00453397  -0.00044786            0   0.00122656
-0.000293539  -0.00572907  -0.00122656            0
