source<--->HoM
REAL
        0      -0.5    -0.125  0.208333
     -0.5         0 0.0416667    -0.125
   -0.125 0.0416667         0         0
 0.208333    -0.125         0         1
IMAGINARY
         0   0.166667 -0.0595238  -0.166667
 -0.166667          0  -0.333333   -0.27381
 0.0595238   0.333333          0   0.166667
  0.166667    0.27381  -0.166667          0
target<--->HoM
REAL
        0    -0.125      -0.5  0.208333
   -0.125         0 0.0416667         0
     -0.5 0.0416667         0    -0.125
 0.208333         0    -0.125         1
IMAGINARY
         0 -0.0595238   0.166667  -0.166667
 0.0595238          0   0.333333   0.166667
 -0.166667  -0.333333          0   -0.27381
  0.166667  -0.166667    0.27381          0
source<--->HoM
REAL
        0      -0.5    -0.125  0.208333
     -0.5         0 0.0416667    -0.125
   -0.125 0.0416667         0         0
 0.208333    -0.125         0         1
IMAGINARY
         0   0.166667 -0.0595238  -0.166667
 -0.166667          0  -0.333333   -0.27381
 0.0595238   0.333333          0   0.166667
  0.166667    0.27381  -0.166667          0
target<--->HoM
REAL
        0    -0.125      -0.5  0.208333
   -0.125         0 0.0416667         0
     -0.5 0.0416667         0    -0.125
 0.208333         0    -0.125         1
IMAGINARY
         0 -0.0595238   0.166667  -0.166667
 0.0595238          0   0.333333   0.166667
 -0.166667  -0.333333          0   -0.27381
  0.166667  -0.166667    0.27381          0
source<--->HoM
REAL
          0  0.00208054  0.00671433 -0.00392945
 0.00208054           0 -0.00573017    0.010305
 0.00671433 -0.00573017           0   0.0026726
-0.00392945    0.010305   0.0026726           1
IMAGINARY
           0  0.000433956  -0.00589863   0.00805114
-0.000433956            0   0.00225963   0.00589863
  0.00589863  -0.00225963            0  -0.00943756
 -0.00805114  -0.00589863   0.00943756            0
target<--->HoM
REAL
          0  0.00671433  0.00208054 -0.00392945
 0.00671433           0 -0.00573017   0.0026726
 0.00208054 -0.00573017           0    0.010305
-0.00392945   0.0026726    0.010305           1
IMAGINARY
           0  -0.00589863  0.000433956   0.00805114
  0.00589863            0  -0.00225963  -0.00943756
-0.000433956   0.00225963            0   0.00589863
 -0.00805114   0.00943756  -0.00589863            0
