source<--->HoM
REAL
   0.449825 2.17782e-05 -0.00051914    0.398557
2.17782e-05   0.0501148  0.00126863  0.00102931
-0.00051914  0.00126863   0.0528033 -0.00029187
   0.398557  0.00102931 -0.00029187    0.447257
IMAGINARY
           0  -0.00453411   0.00321978  -0.00058159
  0.00453411            0  0.000760812 -0.000274002
 -0.00321978 -0.000760812            0 -0.000305371
  0.00058159  0.000274002  0.000305371            0
target<--->HoM
REAL
   0.449825 -0.00051914 2.17782e-05    0.398557
-0.00051914   0.0528033  0.00126863 -0.00029187
2.17782e-05  0.00126863   0.0501148  0.00102931
   0.398557 -0.00029187  0.00102931    0.447257
IMAGINARY
           0   0.00321978  -0.00453411  -0.00058159
 -0.00321978            0 -0.000760812 -0.000305371
  0.00453411  0.000760812            0 -0.000274002
  0.00058159  0.000305371  0.000274002            0
source<--->HoM
REAL
   0.449825 2.17782e-05 -0.00051914    0.398557
2.17782e-05   0.0501148  0.00126863  0.00102931
-0.00051914  0.00126863   0.0528033 -0.00029187
   0.398557  0.00102931 -0.00029187    0.447257
IMAGINARY
           0  -0.00453411   0.00321978  -0.00058159
  0.00453411            0  0.000760812 -0.000274002
 -0.00321978 -0.000760812            0 -0.000305371
  0.00058159  0.000274002  0.000305371            0
target<--->HoM
REAL
   0.449825 -0.00051914 2.17782e-05    0.398557
-0.00051914   0.0528033  0.00126863 -0.00029187
2.17782e-05  0.00126863   0.0501148  0.00102931
   0.398557 -0.00029187  0.00102931    0.447257
IMAGINARY
           0   0.00321978  -0.00453411  -0.00058159
 -0.00321978            0 -0.000760812 -0.000305371
  0.00453411  0.000760812            0 -0.000274002
  0.00058159  0.000305371  0.000274002            0
source<--->HoM
REAL
   0.449825 2.17782e-05 -0.00051914    0.398557
2.17782e-05   0.0501148  0.00126863  0.00102931
-0.00051914  0.00126863   0.0528033 -0.00029187
   0.398557  0.00102931 -0.00029187    0.447257
IMAGINARY
           0  -0.00453411   0.00321978  -0.00058159
  0.00453411            0  0.000760812 -0.000274002
 -0.00321978 -0.000760812            0 -0.000305371
  0.00058159  0.000274002  0.000305371            0
target<--->HoM
REAL
   0.449825 -0.00051914 2.17782e-05    0.398557
-0.00051914   0.0528033  0.00126863 -0.00029187
2.17782e-05  0.00126863   0.0501148  0.00102931
   0.398557 -0.00029187  0.00102931    0.447257
IMAGINARY
           0   0.00321978  -0.00453411  -0.00058159
 -0.00321978            0 -0.000760812 -0.000305371
  0.00453411  0.000760812            0 -0.000274002
  0.00058159  0.000305371  0.000274002            0
source<--->HoM
REAL
   0.452692  0.00351481  0.00792555    0.399401
 0.00351481    0.051592 0.000107973  0.00626143
 0.00792555 0.000107973   0.0494273   0.0131276
   0.399401  0.00626143   0.0131276    0.446288
IMAGINARY
          0   -0.007813  0.00547391  0.00158715
   0.007813           0 -0.00668965  0.00485966
-0.00547391  0.00668965           0 -0.00388026
-0.00158715 -0.00485966  0.00388026           0
target<--->HoM
REAL
   0.452692  0.00792555  0.00351481    0.399401
 0.00792555   0.0494273 0.000107973   0.0131276
 0.00351481 0.000107973    0.051592  0.00626143
   0.399401   0.0131276  0.00626143    0.446288
IMAGINARY
          0  0.00547391   -0.007813  0.00158715
-0.00547391           0  0.00668965 -0.00388026
   0.007813 -0.00668965           0  0.00485966
-0.00158715  0.00388026 -0.00485966           0
