source<--->HoM
REAL
          0  -0.0041249 -0.00296642 -0.00333499
 -0.0041249           0  0.00348253 0.000163235
-0.00296642  0.00348253           0  0.00132172
-0.00333499 0.000163235  0.00132172           1
IMAGINARY
           0  0.000750305    0.0063042  0.000225924
-0.000750305            0 -0.000975999  -0.00993054
  -0.0063042  0.000975999            0 -0.000315144
-0.000225924   0.00993054  0.000315144            0
target<--->HoM
REAL
          0 -0.00296642  -0.0041249 -0.00333499
-0.00296642           0  0.00348253  0.00132172
 -0.0041249  0.00348253           0 0.000163235
-0.00333499  0.00132172 0.000163235           1
IMAGINARY
           0    0.0063042  0.000750305  0.000225924
  -0.0063042            0  0.000975999 -0.000315144
-0.000750305 -0.000975999            0  -0.00993054
-0.000225924  0.000315144   0.00993054            0
source<--->HoM
REAL
   0.252353  0.00209981 0.000908392 -0.00333499
 0.00209981    0.247798  0.00348253 -0.00371158
0.000908392  0.00348253    0.242029 -0.00490299
-0.00333499 -0.00371158 -0.00490299     0.25782
IMAGINARY
           0  -0.00472915  0.000346495  0.000225924
  0.00472915            0 -0.000975999  -0.00397284
-0.000346495  0.000975999            0   0.00516431
-0.000225924   0.00397284  -0.00516431            0
target<--->HoM
REAL
   0.252353 0.000908392  0.00209981 -0.00333499
0.000908392    0.242029  0.00348253 -0.00490299
 0.00209981  0.00348253    0.247798 -0.00371158
-0.00333499 -0.00490299 -0.00371158     0.25782
IMAGINARY
           0  0.000346495  -0.00472915  0.000225924
-0.000346495            0  0.000975999   0.00516431
  0.00472915 -0.000975999            0  -0.00397284
-0.000225924  -0.00516431   0.00397284            0
source<--->HoM
REAL
   0.252353  0.00209981 0.000908392 -0.00333499
 0.00209981    0.247798  0.00348253 -0.00371158
0.000908392  0.00348253    0.242029 -0.00490299
-0.00333499 -0.00371158 -0.00490299     0.25782
IMAGINARY
           0  -0.00472915  0.000346495  0.000225924
  0.00472915            0 -0.000975999  -0.00397284
-0.000346495  0.000975999            0   0.00516431
-0.000225924   0.00397284  -0.00516431            0
target<--->HoM
REAL
   0.252353 0.000908392  0.00209981 -0.00333499
0.000908392    0.242029  0.00348253 -0.00490299
 0.00209981  0.00348253    0.247798 -0.00371158
-0.00333499 -0.00490299 -0.00371158     0.25782
IMAGINARY
           0  0.000346495  -0.00472915  0.000225924
-0.000346495            0  0.000975999   0.00516431
  0.00472915 -0.000975999            0  -0.00397284
-0.000225924  -0.00516431   0.00397284            0
