source<--->HoM
REAL
    0.272924   0.00125549   0.00326018    0.0562113
  0.00125549     0.219457 -0.000645781  -0.00586341
  0.00326018 -0.000645781     0.222793   0.00323284
   0.0562113  -0.00586341   0.00323284     0.284826
IMAGINARY
           0  0.000447019  -0.00310612   0.00157092
-0.000447019            0  -0.00107269  -0.00175962
  0.00310612   0.00107269            0   0.00531979
 -0.00157092   0.00175962  -0.00531979            0
target<--->HoM
REAL
    0.272924   0.00326018   0.00125549    0.0562113
  0.00326018     0.222793 -0.000645781   0.00323284
  0.00125549 -0.000645781     0.219457  -0.00586341
   0.0562113   0.00323284  -0.00586341     0.284826
IMAGINARY
           0  -0.00310612  0.000447019   0.00157092
  0.00310612            0   0.00107269   0.00531979
-0.000447019  -0.00107269            0  -0.00175962
 -0.00157092  -0.00531979   0.00175962            0
source<--->HoM
REAL
    0.278266  -0.00159706  0.000380386    0.0625687
 -0.00159706     0.222594  -0.00448588 -0.000967081
 0.000380386  -0.00448588     0.220331  -0.00350268
   0.0625687 -0.000967081  -0.00350268     0.278809
IMAGINARY
           0  0.000291048  -0.00297198   0.00253439
-0.000291048            0  -0.00426103   0.00207672
  0.00297198   0.00426103            0  0.000962309
 -0.00253439  -0.00207672 -0.000962309            0
target<--->HoM
REAL
    0.278266  0.000380386  -0.00159706    0.0625687
 0.000380386     0.220331  -0.00448588  -0.00350268
 -0.00159706  -0.00448588     0.222594 -0.000967081
   0.0625687  -0.00350268 -0.000967081     0.278809
IMAGINARY
           0  -0.00297198  0.000291048   0.00253439
  0.00297198            0   0.00426103  0.000962309
-0.000291048  -0.00426103            0   0.00207672
 -0.00253439 -0.000962309  -0.00207672            0
source<--->HoM
REAL
    0.275731    0.0001179  0.000380386    0.0582488
   0.0001179      0.22522    0.0052497 -0.000967081
 0.000380386    0.0052497     0.220512  -0.00178773
   0.0582488 -0.000967081  -0.00178773     0.278537
IMAGINARY
           0 -0.000514682  -0.00292721   0.00253439
 0.000514682            0  -0.00426103   0.00212149
  0.00292721   0.00426103            0   0.00015658
 -0.00253439  -0.00212149  -0.00015658            0
target<--->HoM
REAL
    0.275731  0.000380386    0.0001179    0.0582488
 0.000380386     0.220512    0.0052497  -0.00178773
   0.0001179    0.0052497      0.22522 -0.000967081
   0.0582488  -0.00178773 -0.000967081     0.278537
IMAGINARY
           0  -0.00292721 -0.000514682   0.00253439
  0.00292721            0   0.00426103   0.00015658
 0.000514682  -0.00426103            0   0.00212149
 -0.00253439  -0.00015658  -0.00212149            0
source<--->HoM
REAL
    0.275731    0.0001179  0.000380386    0.0582488
   0.0001179      0.22522    0.0052497 -0.000967081
 0.000380386    0.0052497     0.220512  -0.00178773
   0.0582488 -0.000967081  -0.00178773     0.278537
IMAGINARY
           0 -0.000514682  -0.00292721   0.00253439
 0.000514682            0  -0.00426103   0.00212149
  0.00292721   0.00426103            0   0.00015658
 -0.00253439  -0.00212149  -0.00015658            0
target<--->HoM
REAL
    0.275731  0.000380386    0.0001179    0.0582488
 0.000380386     0.220512    0.0052497  -0.00178773
   0.0001179    0.0052497      0.22522 -0.000967081
   0.0582488  -0.00178773 -0.000967081     0.278537
IMAGINARY
           0  -0.00292721 -0.000514682   0.00253439
  0.00292721            0   0.00426103   0.00015658
 0.000514682  -0.00426103            0   0.00212149
 -0.00253439  -0.00015658  -0.00212149            0
source<--->HoM
REAL
    0.275731    0.0001179  0.000380386    0.0582488
   0.0001179      0.22522    0.0052497 -0.000967081
 0.000380386    0.0052497     0.220512  -0.00178773
   0.0582488 -0.000967081  -0.00178773     0.278537
IMAGINARY
           0 -0.000514682  -0.00292721   0.00253439
 0.000514682            0  -0.00426103   0.00212149
  0.00292721   0.00426103            0   0.00015658
 -0.00253439  -0.00212149  -0.00015658            0
target<--->HoM
REAL
    0.275731  0.000380386    0.0001179    0.0582488
 0.000380386     0.220512    0.0052497  -0.00178773
   0.0001179    0.0052497      0.22522 -0.000967081
   0.0582488  -0.00178773 -0.000967081     0.278537
IMAGINARY
           0  -0.00292721 -0.000514682   0.00253439
  0.00292721            0   0.00426103   0.00015658
 0.000514682  -0.00426103            0   0.00212149
 -0.00253439  -0.00015658  -0.00212149            0
