source<--->HoM
REAL
           0 -0.000880406  -0.00308473  -0.00310346
-0.000880406            0  -0.00662999  0.000838548
 -0.00308473  -0.00662999      0.49491  -0.00436068
 -0.00310346  0.000838548  -0.00436068      0.50509
IMAGINARY
           0   0.00884952 -0.000527656   0.00351901
 -0.00884952            0   0.00096876  0.000374329
 0.000527656  -0.00096876            0  -0.00532299
 -0.00351901 -0.000374329   0.00532299            0
target<--->HoM
REAL
           0  -0.00308473 -0.000880406  -0.00310346
 -0.00308473      0.49491  -0.00662999  -0.00436068
-0.000880406  -0.00662999            0  0.000838548
 -0.00310346  -0.00436068  0.000838548      0.50509
IMAGINARY
           0 -0.000527656   0.00884952   0.00351901
 0.000527656            0  -0.00096876  -0.00532299
 -0.00884952   0.00096876            0  0.000374329
 -0.00351901   0.00532299 -0.000374329            0
