source<--->HoM
REAL
    0.453466 -0.000327499  -0.00150497     0.411889
-0.000327499    0.0462622   0.00061987  -0.00341228
 -0.00150497   0.00061987    0.0432707  -0.00363028
    0.411889  -0.00341228  -0.00363028     0.457001
IMAGINARY
           0  -0.00222836   0.00390065  -0.00145125
  0.00222836            0  0.000641557 -0.000492549
 -0.00390065 -0.000641557            0  -0.00169021
  0.00145125  0.000492549   0.00169021            0
target<--->HoM
REAL
    0.453466  -0.00150497 -0.000327499     0.411889
 -0.00150497    0.0432707   0.00061987  -0.00363028
-0.000327499   0.00061987    0.0462622  -0.00341228
    0.411889  -0.00363028  -0.00341228     0.457001
IMAGINARY
           0   0.00390065  -0.00222836  -0.00145125
 -0.00390065            0 -0.000641557  -0.00169021
  0.00222836  0.000641557            0 -0.000492549
  0.00145125   0.00169021  0.000492549            0
