EndNode1[0]<--->Repeater1[0]
REAL
    0.383929    0.0174597   -0.0202304     0.128054
   0.0174597      0.11352  0.000935359   0.00427293
  -0.0202304  0.000935359    0.0778061 -0.000172504
    0.128054   0.00427293 -0.000172504     0.424745
IMAGINARY
          0 -0.00556155  -0.0157805   0.0044659
 0.00556155           0 -0.00766692  0.00860972
  0.0157805  0.00766692           0  0.00490966
 -0.0044659 -0.00860972 -0.00490966           0
EndNode2[0]<--->BSA[0]
REAL
  0.409816 -0.0228465 -0.0111582   0.121565
-0.0228465   0.112883 -0.0145567  0.0142871
-0.0111582 -0.0145567  0.0846626 -0.0140746
  0.121565  0.0142871 -0.0140746   0.392638
IMAGINARY
          0   0.0144128 -0.00773865  -0.0207078
 -0.0144128           0    0.018678  -0.0101896
 0.00773865   -0.018678           0 -0.00179664
  0.0207078   0.0101896  0.00179664           0
Repeater1[0]<--->EndNode1[0]
REAL
    0.383929   -0.0202304    0.0174597     0.128054
  -0.0202304    0.0778061  0.000935359 -0.000172504
   0.0174597  0.000935359      0.11352   0.00427293
    0.128054 -0.000172504   0.00427293     0.424745
IMAGINARY
          0  -0.0157805 -0.00556155   0.0044659
  0.0157805           0  0.00766692  0.00490966
 0.00556155 -0.00766692           0  0.00860972
 -0.0044659 -0.00490966 -0.00860972           0
Repeater1[0]<--->BSA[0]
REAL
  0.409816 -0.0111582 -0.0228465   0.121565
-0.0111582  0.0846626 -0.0145567 -0.0140746
-0.0228465 -0.0145567   0.112883  0.0142871
  0.121565 -0.0140746  0.0142871   0.392638
IMAGINARY
          0 -0.00773865   0.0144128  -0.0207078
 0.00773865           0   -0.018678 -0.00179664
 -0.0144128    0.018678           0  -0.0101896
  0.0207078  0.00179664   0.0101896           0
EndNode1[0]<--->Repeater1[0]
REAL
   0.399497 -0.00894661  -0.0180912     0.11331
-0.00894661   0.0904523  0.00983905   0.0376067
 -0.0180912  0.00983905    0.105528   0.0203867
    0.11331   0.0376067   0.0203867    0.404523
IMAGINARY
           0   0.00766239   0.00627392   -0.0288076
 -0.00766239            0   -0.0130843 -0.000265911
 -0.00627392    0.0130843            0  -0.00165438
   0.0288076  0.000265911   0.00165438            0
EndNode2[0]<--->BSA[0]
REAL
   0.420513 -0.00512508   0.0190355    0.137452
-0.00512508    0.102564   0.0122945   0.0190355
  0.0190355   0.0122945   0.0820513  0.00258701
   0.137452   0.0190355  0.00258701    0.394872
IMAGINARY
          0 -0.00967996  0.00260382  -0.0148951
 0.00967996           0 -0.00230065 -0.00323275
-0.00260382  0.00230065           0  0.00779316
  0.0148951  0.00323275 -0.00779316           0
Repeater1[0]<--->EndNode1[0]
REAL
   0.399497  -0.0180912 -0.00894661     0.11331
 -0.0180912    0.105528  0.00983905   0.0203867
-0.00894661  0.00983905   0.0904523   0.0376067
    0.11331   0.0203867   0.0376067    0.404523
IMAGINARY
           0   0.00627392   0.00766239   -0.0288076
 -0.00627392            0    0.0130843  -0.00165438
 -0.00766239   -0.0130843            0 -0.000265911
   0.0288076   0.00165438  0.000265911            0
Repeater1[0]<--->BSA[0]
REAL
   0.420513   0.0190355 -0.00512508    0.137452
  0.0190355   0.0820513   0.0122945  0.00258701
-0.00512508   0.0122945    0.102564   0.0190355
   0.137452  0.00258701   0.0190355    0.394872
IMAGINARY
          0  0.00260382 -0.00967996  -0.0148951
-0.00260382           0  0.00230065  0.00779316
 0.00967996 -0.00230065           0 -0.00323275
  0.0148951 -0.00779316  0.00323275           0
EndNode1[0]<--->Repeater1[0]
REAL
    0.415686    0.0171222  -0.00791786     0.114784
   0.0171222     0.096732    0.0106707  -0.00602153
 -0.00791786    0.0106707     0.103268 -0.000758579
    0.114784  -0.00602153 -0.000758579     0.384314
IMAGINARY
           0   0.00706941   -0.0210562   -0.0145821
 -0.00706941            0 -6.72375e-06 -0.000794731
   0.0210562  6.72375e-06            0    0.0096401
   0.0145821  0.000794731   -0.0096401            0
EndNode2[0]<--->BSA[0]
REAL
    0.41791  -0.0272758 -0.00569735    0.116378
 -0.0272758    0.103234   0.0186483  -0.0103454
-0.00569735   0.0186483    0.104478   0.0125699
   0.116378  -0.0103454   0.0125699    0.374378
IMAGINARY
          0  0.00598752 -0.00414904   0.0024068
-0.00598752           0  -0.0230786 -0.00278664
 0.00414904   0.0230786           0   0.0097754
 -0.0024068  0.00278664  -0.0097754           0
Repeater1[0]<--->EndNode1[0]
REAL
    0.415686  -0.00791786    0.0171222     0.114784
 -0.00791786     0.103268    0.0106707 -0.000758579
   0.0171222    0.0106707     0.096732  -0.00602153
    0.114784 -0.000758579  -0.00602153     0.384314
IMAGINARY
           0   -0.0210562   0.00706941   -0.0145821
   0.0210562            0  6.72375e-06    0.0096401
 -0.00706941 -6.72375e-06            0 -0.000794731
   0.0145821   -0.0096401  0.000794731            0
Repeater1[0]<--->BSA[0]
REAL
    0.41791 -0.00569735  -0.0272758    0.116378
-0.00569735    0.104478   0.0186483   0.0125699
 -0.0272758   0.0186483    0.103234  -0.0103454
   0.116378   0.0125699  -0.0103454    0.374378
IMAGINARY
          0 -0.00414904  0.00598752   0.0024068
 0.00414904           0   0.0230786   0.0097754
-0.00598752  -0.0230786           0 -0.00278664
 -0.0024068  -0.0097754  0.00278664           0
EndNode1[0]<--->Repeater1[0]
REAL
    0.408377   0.00741852 -0.000949506     0.157109
  0.00741852     0.104712   -0.0104171    0.0227972
-0.000949506   -0.0104171    0.0850785    0.0306589
    0.157109    0.0227972    0.0306589     0.401832
IMAGINARY
          0   0.0128899 -0.00778995  0.00350402
 -0.0128899           0   0.0133079  -0.0115399
 0.00778995  -0.0133079           0    0.014172
-0.00350402   0.0115399   -0.014172           0
EndNode2[0]<--->BSA[0]
REAL
   0.375489 -0.00210882   0.0123837    0.123407
-0.00210882    0.104302  -0.0179814 -0.00436889
  0.0123837  -0.0179814   0.0847458 -0.00467293
   0.123407 -0.00436889 -0.00467293    0.435463
IMAGINARY
          0   0.0188359  -0.0156452  -0.0276593
 -0.0188359           0   0.0106987  0.00664778
  0.0156452  -0.0106987           0   0.0145831
  0.0276593 -0.00664778  -0.0145831           0
Repeater1[0]<--->EndNode1[0]
REAL
    0.408377 -0.000949506   0.00741852     0.157109
-0.000949506    0.0850785   -0.0104171    0.0306589
  0.00741852   -0.0104171     0.104712    0.0227972
    0.157109    0.0306589    0.0227972     0.401832
IMAGINARY
          0 -0.00778995   0.0128899  0.00350402
 0.00778995           0  -0.0133079    0.014172
 -0.0128899   0.0133079           0  -0.0115399
-0.00350402   -0.014172   0.0115399           0
Repeater1[0]<--->BSA[0]
REAL
   0.375489   0.0123837 -0.00210882    0.123407
  0.0123837   0.0847458  -0.0179814 -0.00467293
-0.00210882  -0.0179814    0.104302 -0.00436889
   0.123407 -0.00467293 -0.00436889    0.435463
IMAGINARY
          0  -0.0156452   0.0188359  -0.0276593
  0.0156452           0  -0.0106987   0.0145831
 -0.0188359   0.0106987           0  0.00664778
  0.0276593  -0.0145831 -0.00664778           0
EndNode1[0]<--->Repeater1[0]
REAL
  0.386792 -0.0224714 -0.0220519   0.135347
-0.0224714   0.107817  -0.011636 -0.0140305
-0.0220519  -0.011636  0.0916442 0.00185288
  0.135347 -0.0140305 0.00185288   0.413747
IMAGINARY
          0   0.0211484  -0.0060404  -0.0164466
 -0.0211484           0   0.0265222  0.00668225
  0.0060404  -0.0265222           0   0.0205717
  0.0164466 -0.00668225  -0.0205717           0
EndNode2[0]<--->BSA[0]
REAL
    0.39174  0.00276497  -0.0250056     0.14567
 0.00276497     0.10388 -0.00674381    0.012254
 -0.0250056 -0.00674381    0.106383   0.0260941
    0.14567    0.012254   0.0260941    0.397997
IMAGINARY
          0   0.0309256   0.0207546  0.00441541
 -0.0309256           0   0.0024339  -0.0186856
 -0.0207546  -0.0024339           0  -0.0164428
-0.00441541   0.0186856   0.0164428           0
Repeater1[0]<--->EndNode1[0]
REAL
  0.386792 -0.0220519 -0.0224714   0.135347
-0.0220519  0.0916442  -0.011636 0.00185288
-0.0224714  -0.011636   0.107817 -0.0140305
  0.135347 0.00185288 -0.0140305   0.413747
IMAGINARY
          0  -0.0060404   0.0211484  -0.0164466
  0.0060404           0  -0.0265222   0.0205717
 -0.0211484   0.0265222           0  0.00668225
  0.0164466  -0.0205717 -0.00668225           0
Repeater1[0]<--->BSA[0]
REAL
    0.39174  -0.0250056  0.00276497     0.14567
 -0.0250056    0.106383 -0.00674381   0.0260941
 0.00276497 -0.00674381     0.10388    0.012254
    0.14567   0.0260941    0.012254    0.397997
IMAGINARY
          0   0.0207546   0.0309256  0.00441541
 -0.0207546           0  -0.0024339  -0.0164428
 -0.0309256   0.0024339           0  -0.0186856
-0.00441541   0.0164428   0.0186856           0
EndNode1[0]<--->Repeater1[0]
REAL
   0.400754 -0.00562349   0.0011223    0.139115
-0.00562349   0.0854271  0.00830503  -0.0072648
  0.0011223  0.00830503    0.100503 -0.00174752
   0.139115  -0.0072648 -0.00174752    0.413317
IMAGINARY
          0  0.00431519  0.00308454  0.00129944
-0.00431519           0  0.00327572   0.0055476
-0.00308454 -0.00327572           0  0.00564497
-0.00129944  -0.0055476 -0.00564497           0
EndNode2[0]<--->BSA[0]
REAL
   0.415918  0.00327048 -0.00275581    0.136395
 0.00327048    0.105263 -0.00277989  0.00940635
-0.00275581 -0.00277989    0.102696 -0.00750265
   0.136395  0.00940635 -0.00750265    0.376123
IMAGINARY
           0  -0.00503557 -0.000676708  -0.00385516
  0.00503557            0   -0.0084665  -0.00318927
 0.000676708    0.0084665            0    0.0192108
  0.00385516   0.00318927   -0.0192108            0
Repeater1[0]<--->EndNode1[0]
REAL
   0.400754   0.0011223 -0.00562349    0.139115
  0.0011223    0.100503  0.00830503 -0.00174752
-0.00562349  0.00830503   0.0854271  -0.0072648
   0.139115 -0.00174752  -0.0072648    0.413317
IMAGINARY
          0  0.00308454  0.00431519  0.00129944
-0.00308454           0 -0.00327572  0.00564497
-0.00431519  0.00327572           0   0.0055476
-0.00129944 -0.00564497  -0.0055476           0
Repeater1[0]<--->BSA[0]
REAL
   0.415918 -0.00275581  0.00327048    0.136395
-0.00275581    0.102696 -0.00277989 -0.00750265
 0.00327048 -0.00277989    0.105263  0.00940635
   0.136395 -0.00750265  0.00940635    0.376123
IMAGINARY
           0 -0.000676708  -0.00503557  -0.00385516
 0.000676708            0    0.0084665    0.0192108
  0.00503557   -0.0084665            0  -0.00318927
  0.00385516   -0.0192108   0.00318927            0
EndNode1[0]<--->Repeater1[0]
REAL
   0.418694  0.00366008  -0.0150262    0.130833
 0.00366008   0.0934699  0.00481625  -0.0118415
 -0.0150262  0.00481625   0.0717029 -0.00431538
   0.130833  -0.0118415 -0.00431538    0.416133
IMAGINARY
          0  0.00925082 -0.00960691 -0.00483224
-0.00925082           0 -0.00103477  0.00147683
 0.00960691  0.00103477           0   0.0232695
 0.00483224 -0.00147683  -0.0232695           0
EndNode2[0]<--->BSA[0]
REAL
   0.385109  -0.0156685  0.00125411    0.123401
 -0.0156685    0.114249 -0.00638007  0.00938419
 0.00125411 -0.00638007    0.105263   0.0263068
   0.123401  0.00938419   0.0263068    0.395379
IMAGINARY
          0 -0.00188783  0.00159295 -0.00241511
 0.00188783           0   -0.012219   0.0148005
-0.00159295    0.012219           0  0.00598619
 0.00241511  -0.0148005 -0.00598619           0
Repeater1[0]<--->EndNode1[0]
REAL
   0.418694  -0.0150262  0.00366008    0.130833
 -0.0150262   0.0717029  0.00481625 -0.00431538
 0.00366008  0.00481625   0.0934699  -0.0118415
   0.130833 -0.00431538  -0.0118415    0.416133
IMAGINARY
          0 -0.00960691  0.00925082 -0.00483224
 0.00960691           0  0.00103477   0.0232695
-0.00925082 -0.00103477           0  0.00147683
 0.00483224  -0.0232695 -0.00147683           0
Repeater1[0]<--->BSA[0]
REAL
   0.385109  0.00125411  -0.0156685    0.123401
 0.00125411    0.105263 -0.00638007   0.0263068
 -0.0156685 -0.00638007    0.114249  0.00938419
   0.123401   0.0263068  0.00938419    0.395379
IMAGINARY
          0  0.00159295 -0.00188783 -0.00241511
-0.00159295           0    0.012219  0.00598619
 0.00188783   -0.012219           0   0.0148005
 0.00241511 -0.00598619  -0.0148005           0
EndNode1[0]<--->Repeater1[0]
REAL
    0.381496   -0.0102528   0.00276039     0.123685
  -0.0102528     0.095057 -0.000969167   -0.0092878
  0.00276039 -0.000969167    0.0988593   -0.0158568
    0.123685   -0.0092878   -0.0158568     0.424588
IMAGINARY
          0  0.00197144 -0.00761773   0.0162909
-0.00197144           0 -0.00156622 -0.00761773
 0.00761773  0.00156622           0    0.011879
 -0.0162909  0.00761773   -0.011879           0
EndNode2[0]<--->BSA[0]
REAL
   0.425428  -0.0131439   0.0205771    0.113639
 -0.0131439    0.094132 -0.00385413 -0.00506395
  0.0205771 -0.00385413   0.0977995 -0.00117586
   0.113639 -0.00506395 -0.00117586    0.382641
IMAGINARY
          0   0.0023381  0.00125692  0.00418253
 -0.0023381           0 -0.00282384   0.0170198
-0.00125692  0.00282384           0   0.0146332
-0.00418253  -0.0170198  -0.0146332           0
Repeater1[0]<--->EndNode1[0]
REAL
    0.381496   0.00276039   -0.0102528     0.123685
  0.00276039    0.0988593 -0.000969167   -0.0158568
  -0.0102528 -0.000969167     0.095057   -0.0092878
    0.123685   -0.0158568   -0.0092878     0.424588
IMAGINARY
          0 -0.00761773  0.00197144   0.0162909
 0.00761773           0  0.00156622    0.011879
-0.00197144 -0.00156622           0 -0.00761773
 -0.0162909   -0.011879  0.00761773           0
Repeater1[0]<--->BSA[0]
REAL
   0.425428   0.0205771  -0.0131439    0.113639
  0.0205771   0.0977995 -0.00385413 -0.00117586
 -0.0131439 -0.00385413    0.094132 -0.00506395
   0.113639 -0.00117586 -0.00506395    0.382641
IMAGINARY
          0  0.00125692   0.0023381  0.00418253
-0.00125692           0  0.00282384   0.0146332
 -0.0023381 -0.00282384           0   0.0170198
-0.00418253  -0.0146332  -0.0170198           0
EndNode1[0]<--->Repeater1[0]
REAL
  0.401786 0.00473515 -0.0152899   0.134393
0.00473515   0.104592  0.0085518 -0.0172254
-0.0152899  0.0085518  0.0880102 -0.0212996
  0.134393 -0.0172254 -0.0212996   0.405612
IMAGINARY
           0  -0.00724046  0.000867148   0.00975448
  0.00724046            0    0.0135616   -0.0123073
-0.000867148   -0.0135616            0 -0.000161958
 -0.00975448    0.0123073  0.000161958            0
EndNode2[0]<--->BSA[0]
REAL
   0.371429  -0.0261352   0.0261889    0.131912
 -0.0261352    0.101299 -0.00365968  0.00540965
  0.0261889 -0.00365968    0.102597 0.000732451
   0.131912  0.00540965 0.000732451    0.424675
IMAGINARY
          0  0.00791319  -0.0100253  -0.0215426
-0.00791319           0 -0.00403286  0.00878148
  0.0100253  0.00403286           0   0.0144749
  0.0215426 -0.00878148  -0.0144749           0
Repeater1[0]<--->EndNode1[0]
REAL
  0.401786 -0.0152899 0.00473515   0.134393
-0.0152899  0.0880102  0.0085518 -0.0212996
0.00473515  0.0085518   0.104592 -0.0172254
  0.134393 -0.0212996 -0.0172254   0.405612
IMAGINARY
           0  0.000867148  -0.00724046   0.00975448
-0.000867148            0   -0.0135616 -0.000161958
  0.00724046    0.0135616            0   -0.0123073
 -0.00975448  0.000161958    0.0123073            0
Repeater1[0]<--->BSA[0]
REAL
   0.371429   0.0261889  -0.0261352    0.131912
  0.0261889    0.102597 -0.00365968 0.000732451
 -0.0261352 -0.00365968    0.101299  0.00540965
   0.131912 0.000732451  0.00540965    0.424675
IMAGINARY
          0  -0.0100253  0.00791319  -0.0215426
  0.0100253           0  0.00403286   0.0144749
-0.00791319 -0.00403286           0  0.00878148
  0.0215426  -0.0144749 -0.00878148           0
EndNode1[0]<--->Repeater1[0]
REAL
   0.393041 -0.00794041  0.00558476    0.124464
-0.00794041    0.112113  0.00314032 -0.00558476
 0.00558476  0.00314032    0.108247  -0.0154971
   0.124464 -0.00558476  -0.0154971    0.386598
IMAGINARY
          0  0.00910629    0.001489 -0.00167903
-0.00910629           0  0.00560573   0.0144424
  -0.001489 -0.00560573           0   0.0154035
 0.00167903  -0.0144424  -0.0154035           0
EndNode2[0]<--->BSA[0]
REAL
   0.379778  0.00127525  -0.0154915    0.104516
 0.00127525    0.102343  0.00451613   -0.014831
 -0.0154915  0.00451613    0.127004 0.000660239
   0.104516   -0.014831 0.000660239    0.390875
IMAGINARY
          0   0.0122958 -0.00950873   0.0194068
 -0.0122958           0  -0.0141849   0.0224339
 0.00950873   0.0141849           0  -0.0388264
 -0.0194068  -0.0224339   0.0388264           0
Repeater1[0]<--->EndNode1[0]
REAL
   0.393041  0.00558476 -0.00794041    0.124464
 0.00558476    0.108247  0.00314032  -0.0154971
-0.00794041  0.00314032    0.112113 -0.00558476
   0.124464  -0.0154971 -0.00558476    0.386598
IMAGINARY
          0    0.001489  0.00910629 -0.00167903
  -0.001489           0 -0.00560573   0.0154035
-0.00910629  0.00560573           0   0.0144424
 0.00167903  -0.0154035  -0.0144424           0
Repeater1[0]<--->BSA[0]
REAL
   0.379778  -0.0154915  0.00127525    0.104516
 -0.0154915    0.127004  0.00451613 0.000660239
 0.00127525  0.00451613    0.102343   -0.014831
   0.104516 0.000660239   -0.014831    0.390875
IMAGINARY
          0 -0.00950873   0.0122958   0.0194068
 0.00950873           0   0.0141849  -0.0388264
 -0.0122958  -0.0141849           0   0.0224339
 -0.0194068   0.0388264  -0.0224339           0
EndNode1[0]<--->Repeater1[0]
REAL
  0.439644  0.0202504  0.0130234    0.11348
 0.0202504  0.0952986   0.012155 0.00474312
 0.0130234   0.012155   0.100381  0.0216278
   0.11348 0.00474312  0.0216278   0.364676
IMAGINARY
          0     0.01392   0.0244072  -0.0110309
   -0.01392           0 -0.00781336 -0.00785089
 -0.0244072  0.00781336           0 -0.00531075
  0.0110309  0.00785089  0.00531075           0
EndNode2[0]<--->BSA[0]
REAL
   0.389853   0.0176424 -0.00744525    0.147991
  0.0176424    0.113485   0.0130701  0.00291744
-0.00744525   0.0130701    0.102804  0.00370301
   0.147991  0.00291744  0.00370301    0.393858
IMAGINARY
           0   -0.0203373  -0.00224218  -0.00439703
   0.0203373            0     0.011732  -0.00701708
  0.00224218    -0.011732            0  0.000496032
  0.00439703   0.00701708 -0.000496032            0
Repeater1[0]<--->EndNode1[0]
REAL
  0.439644  0.0130234  0.0202504    0.11348
 0.0130234   0.100381   0.012155  0.0216278
 0.0202504   0.012155  0.0952986 0.00474312
   0.11348  0.0216278 0.00474312   0.364676
IMAGINARY
          0   0.0244072     0.01392  -0.0110309
 -0.0244072           0  0.00781336 -0.00531075
   -0.01392 -0.00781336           0 -0.00785089
  0.0110309  0.00531075  0.00785089           0
Repeater1[0]<--->BSA[0]
REAL
   0.389853 -0.00744525   0.0176424    0.147991
-0.00744525    0.102804   0.0130701  0.00370301
  0.0176424   0.0130701    0.113485  0.00291744
   0.147991  0.00370301  0.00291744    0.393858
IMAGINARY
           0  -0.00224218   -0.0203373  -0.00439703
  0.00224218            0    -0.011732  0.000496032
   0.0203373     0.011732            0  -0.00701708
  0.00439703 -0.000496032   0.00701708            0
EndNode1[0]<--->Repeater1[0]
REAL
   0.408397  -0.0209083  -0.0113469    0.127961
 -0.0209083    0.105598  0.00630357  -0.0281428
 -0.0113469  0.00630357   0.0928753 -0.00764574
   0.127961  -0.0281428 -0.00764574     0.39313
IMAGINARY
          0  0.00188531  0.00536232   0.0140962
-0.00188531           0  0.00404599  -0.0160575
-0.00536232 -0.00404599           0  -0.0085698
 -0.0140962   0.0160575   0.0085698           0
EndNode2[0]<--->BSA[0]
REAL
   0.396078   0.0160426  0.00345827    0.116875
  0.0160426    0.105882 -0.00413589   0.0175608
 0.00345827 -0.00413589    0.103268  0.00242874
   0.116875   0.0175608  0.00242874    0.394771
IMAGINARY
          0 -0.00728669   0.0121629  0.00353093
 0.00728669           0 -0.00863297  -0.0108331
 -0.0121629  0.00863297           0 -0.00601118
-0.00353093   0.0108331  0.00601118           0
Repeater1[0]<--->EndNode1[0]
REAL
   0.408397  -0.0113469  -0.0209083    0.127961
 -0.0113469   0.0928753  0.00630357 -0.00764574
 -0.0209083  0.00630357    0.105598  -0.0281428
   0.127961 -0.00764574  -0.0281428     0.39313
IMAGINARY
          0  0.00536232  0.00188531   0.0140962
-0.00536232           0 -0.00404599  -0.0085698
-0.00188531  0.00404599           0  -0.0160575
 -0.0140962   0.0085698   0.0160575           0
Repeater1[0]<--->BSA[0]
REAL
   0.396078  0.00345827   0.0160426    0.116875
 0.00345827    0.103268 -0.00413589  0.00242874
  0.0160426 -0.00413589    0.105882   0.0175608
   0.116875  0.00242874   0.0175608    0.394771
IMAGINARY
          0   0.0121629 -0.00728669  0.00353093
 -0.0121629           0  0.00863297 -0.00601118
 0.00728669 -0.00863297           0  -0.0108331
-0.00353093  0.00601118   0.0108331           0
EndNode1[0]<--->Repeater1[0]
REAL
   0.407407  -0.0134945 -0.00840803    0.102325
 -0.0134945    0.100529 -0.00284142 -0.00580386
-0.00840803 -0.00284142    0.101852 -0.00846935
   0.102325 -0.00580386 -0.00846935    0.390212
IMAGINARY
          0   0.0111209  -0.0146671   0.0154576
 -0.0111209           0  -0.0102493 -0.00808814
  0.0146671   0.0102493           0  0.00794429
 -0.0154576  0.00808814 -0.00794429           0
EndNode2[0]<--->BSA[0]
REAL
   0.414392   0.0130152  0.00738907    0.131966
  0.0130152    0.110422   0.0279806 -0.00335682
 0.00738907   0.0279806   0.0856079 -0.00226254
   0.131966 -0.00335682 -0.00226254    0.389578
IMAGINARY
          0  0.00126703  -0.0187009 -0.00863178
-0.00126703           0  0.00616873 -0.00184701
  0.0187009 -0.00616873           0 -0.00811635
 0.00863178  0.00184701  0.00811635           0
Repeater1[0]<--->EndNode1[0]
REAL
   0.407407 -0.00840803  -0.0134945    0.102325
-0.00840803    0.101852 -0.00284142 -0.00846935
 -0.0134945 -0.00284142    0.100529 -0.00580386
   0.102325 -0.00846935 -0.00580386    0.390212
IMAGINARY
          0  -0.0146671   0.0111209   0.0154576
  0.0146671           0   0.0102493  0.00794429
 -0.0111209  -0.0102493           0 -0.00808814
 -0.0154576 -0.00794429  0.00808814           0
Repeater1[0]<--->BSA[0]
REAL
   0.414392  0.00738907   0.0130152    0.131966
 0.00738907   0.0856079   0.0279806 -0.00226254
  0.0130152   0.0279806    0.110422 -0.00335682
   0.131966 -0.00226254 -0.00335682    0.389578
IMAGINARY
          0  -0.0187009  0.00126703 -0.00863178
  0.0187009           0 -0.00616873 -0.00811635
-0.00126703  0.00616873           0 -0.00184701
 0.00863178  0.00811635  0.00184701           0
EndNode1[0]<--->Repeater1[0]
REAL
  0.404948 -0.0174151 -0.0056222   0.153984
-0.0174151  0.0859375 -0.0214085 -0.0322566
-0.0056222 -0.0214085   0.105469   0.011102
  0.153984 -0.0322566   0.011102   0.403646
IMAGINARY
          0  0.00164419   0.0011461   0.0125384
-0.00164419           0 -0.00817979  -0.0050728
 -0.0011461  0.00817979           0  -0.0134243
 -0.0125384   0.0050728   0.0134243           0
EndNode2[0]<--->BSA[0]
REAL
   0.401042 -0.00347479 0.000982841    0.141194
-0.00347479    0.101562  0.00289622 -0.00563092
0.000982841  0.00289622     0.09375  -0.0117975
   0.141194 -0.00563092  -0.0117975    0.403646
IMAGINARY
          0    0.008917 -0.00374286  -0.0045264
  -0.008917           0   0.0116863 -0.00689544
 0.00374286  -0.0116863           0   0.0203383
  0.0045264  0.00689544  -0.0203383           0
Repeater1[0]<--->EndNode1[0]
REAL
  0.404948 -0.0056222 -0.0174151   0.153984
-0.0056222   0.105469 -0.0214085   0.011102
-0.0174151 -0.0214085  0.0859375 -0.0322566
  0.153984   0.011102 -0.0322566   0.403646
IMAGINARY
          0   0.0011461  0.00164419   0.0125384
 -0.0011461           0  0.00817979  -0.0134243
-0.00164419 -0.00817979           0  -0.0050728
 -0.0125384   0.0134243   0.0050728           0
Repeater1[0]<--->BSA[0]
REAL
   0.401042 0.000982841 -0.00347479    0.141194
0.000982841     0.09375  0.00289622  -0.0117975
-0.00347479  0.00289622    0.101562 -0.00563092
   0.141194  -0.0117975 -0.00563092    0.403646
IMAGINARY
          0 -0.00374286    0.008917  -0.0045264
 0.00374286           0  -0.0116863   0.0203383
  -0.008917   0.0116863           0 -0.00689544
  0.0045264  -0.0203383  0.00689544           0
EndNode1[0]<--->Repeater1[0]
REAL
   0.418835  -0.0355495  0.00466579    0.132811
 -0.0355495   0.0991326 -0.00877036  0.00172807
 0.00466579 -0.00877036   0.0817844   0.0393859
   0.132811  0.00172807   0.0393859    0.400248
IMAGINARY
          0 -0.00122099 -0.00713489 -0.00647871
 0.00122099           0  0.00389473  0.00458386
 0.00713489 -0.00389473           0  0.00759854
 0.00647871 -0.00458386 -0.00759854           0
EndNode2[0]<--->BSA[0]
REAL
   0.411543  0.00189835 -0.00196429    0.134878
 0.00189835    0.101631 -0.00697077  0.00502427
-0.00196429 -0.00697077    0.102886 -0.00128636
   0.134878  0.00502427 -0.00128636     0.38394
IMAGINARY
           0 -0.000960291    0.0069504    0.0193602
 0.000960291            0    0.0282278    0.0155143
  -0.0069504   -0.0282278            0  -0.00224895
  -0.0193602   -0.0155143   0.00224895            0
Repeater1[0]<--->EndNode1[0]
REAL
   0.418835  0.00466579  -0.0355495    0.132811
 0.00466579   0.0817844 -0.00877036   0.0393859
 -0.0355495 -0.00877036   0.0991326  0.00172807
   0.132811   0.0393859  0.00172807    0.400248
IMAGINARY
          0 -0.00713489 -0.00122099 -0.00647871
 0.00713489           0 -0.00389473  0.00759854
 0.00122099  0.00389473           0  0.00458386
 0.00647871 -0.00759854 -0.00458386           0
Repeater1[0]<--->BSA[0]
REAL
   0.411543 -0.00196429  0.00189835    0.134878
-0.00196429    0.102886 -0.00697077 -0.00128636
 0.00189835 -0.00697077    0.101631  0.00502427
   0.134878 -0.00128636  0.00502427     0.38394
IMAGINARY
           0    0.0069504 -0.000960291    0.0193602
  -0.0069504            0   -0.0282278  -0.00224895
 0.000960291    0.0282278            0    0.0155143
  -0.0193602   0.00224895   -0.0155143            0
EndNode1[0]<--->Repeater1[0]
REAL
  0.415553   0.017715 0.00502501   0.146004
  0.017715    0.09113 -0.0170977 -0.0232542
0.00502501 -0.0170977   0.106926 0.00962875
  0.146004 -0.0232542 0.00962875   0.386391
IMAGINARY
           0   0.00881228   0.00197053   -0.0184786
 -0.00881228            0   0.00377271 -0.000633634
 -0.00197053  -0.00377271            0  -0.00480158
   0.0184786  0.000633634   0.00480158            0
EndNode2[0]<--->BSA[0]
REAL
   0.409031 -0.00623215   0.0134574    0.120691
-0.00623215    0.122178  0.00233962  -0.0116392
  0.0134574  0.00233962   0.0956175   0.0238079
   0.120691  -0.0116392   0.0238079    0.373174
IMAGINARY
          0  0.00573988  -0.0135058  0.00862716
-0.00573988           0  -0.0174211  -0.0277176
  0.0135058   0.0174211           0  -0.0190378
-0.00862716   0.0277176   0.0190378           0
Repeater1[0]<--->EndNode1[0]
REAL
  0.415553 0.00502501   0.017715   0.146004
0.00502501   0.106926 -0.0170977 0.00962875
  0.017715 -0.0170977    0.09113 -0.0232542
  0.146004 0.00962875 -0.0232542   0.386391
IMAGINARY
           0   0.00197053   0.00881228   -0.0184786
 -0.00197053            0  -0.00377271  -0.00480158
 -0.00881228   0.00377271            0 -0.000633634
   0.0184786   0.00480158  0.000633634            0
Repeater1[0]<--->BSA[0]
REAL
   0.409031   0.0134574 -0.00623215    0.120691
  0.0134574   0.0956175  0.00233962   0.0238079
-0.00623215  0.00233962    0.122178  -0.0116392
   0.120691   0.0238079  -0.0116392    0.373174
IMAGINARY
          0  -0.0135058  0.00573988  0.00862716
  0.0135058           0   0.0174211  -0.0190378
-0.00573988  -0.0174211           0  -0.0277176
-0.00862716   0.0190378   0.0277176           0
EndNode1[0]<--->Repeater1[0]
REAL
   0.432741  0.00154374 -0.00792868    0.126749
 0.00154374   0.0913706    0.032371  0.00729975
-0.00792868    0.032371   0.0926396   0.0166953
   0.126749  0.00729975   0.0166953    0.383249
IMAGINARY
          0   0.0129372   0.0121329  0.00353258
 -0.0129372           0  0.00966003  0.00861675
 -0.0121329 -0.00966003           0  -0.0109292
-0.00353258 -0.00861675   0.0109292           0
EndNode2[0]<--->BSA[0]
REAL
   0.400485 -0.00402168 -0.00748333    0.131667
-0.00402168   0.0995146 -0.00384723   0.0450773
-0.00748333 -0.00384723    0.117718 0.000262284
   0.131667   0.0450773 0.000262284    0.382282
IMAGINARY
          0  -0.0053665  0.00731681   0.0027027
  0.0053665           0  -0.0027027  0.00403166
-0.00731681   0.0027027           0 -0.00731708
 -0.0027027 -0.00403166  0.00731708           0
Repeater1[0]<--->EndNode1[0]
REAL
   0.432741 -0.00792868  0.00154374    0.126749
-0.00792868   0.0926396    0.032371   0.0166953
 0.00154374    0.032371   0.0913706  0.00729975
   0.126749   0.0166953  0.00729975    0.383249
IMAGINARY
          0   0.0121329   0.0129372  0.00353258
 -0.0121329           0 -0.00966003  -0.0109292
 -0.0129372  0.00966003           0  0.00861675
-0.00353258   0.0109292 -0.00861675           0
Repeater1[0]<--->BSA[0]
REAL
   0.400485 -0.00748333 -0.00402168    0.131667
-0.00748333    0.117718 -0.00384723 0.000262284
-0.00402168 -0.00384723   0.0995146   0.0450773
   0.131667 0.000262284   0.0450773    0.382282
IMAGINARY
          0  0.00731681  -0.0053665   0.0027027
-0.00731681           0   0.0027027 -0.00731708
  0.0053665  -0.0027027           0  0.00403166
 -0.0027027  0.00731708 -0.00403166           0
EndNode1[0]<--->Repeater1[0]
REAL
  0.369408 -0.0030852 0.00489101   0.118433
-0.0030852   0.113997 -0.0008984 -0.0131502
0.00489101 -0.0008984   0.118326   0.016427
  0.118433 -0.0131502   0.016427   0.398268
IMAGINARY
          0   0.0280071  -0.0185047   0.0093349
 -0.0280071           0  -0.0155693    0.023278
  0.0185047   0.0155693           0  0.00182579
 -0.0093349   -0.023278 -0.00182579           0
EndNode2[0]<--->BSA[0]
REAL
   0.401361   0.0187796  0.00986616    0.127161
  0.0187796    0.108844 -0.00232106 -0.00794555
 0.00986616 -0.00232106   0.0965986   0.0100296
   0.127161 -0.00794555   0.0100296    0.393197
IMAGINARY
          0  -0.0219456  0.00240072  0.00618093
  0.0219456           0 -0.00304416 -0.00439276
-0.00240072  0.00304416           0 -0.00129478
-0.00618093  0.00439276  0.00129478           0
Repeater1[0]<--->EndNode1[0]
REAL
  0.369408 0.00489101 -0.0030852   0.118433
0.00489101   0.118326 -0.0008984   0.016427
-0.0030852 -0.0008984   0.113997 -0.0131502
  0.118433   0.016427 -0.0131502   0.398268
IMAGINARY
          0  -0.0185047   0.0280071   0.0093349
  0.0185047           0   0.0155693  0.00182579
 -0.0280071  -0.0155693           0    0.023278
 -0.0093349 -0.00182579   -0.023278           0
Repeater1[0]<--->BSA[0]
REAL
   0.401361  0.00986616   0.0187796    0.127161
 0.00986616   0.0965986 -0.00232106   0.0100296
  0.0187796 -0.00232106    0.108844 -0.00794555
   0.127161   0.0100296 -0.00794555    0.393197
IMAGINARY
          0  0.00240072  -0.0219456  0.00618093
-0.00240072           0  0.00304416 -0.00129478
  0.0219456 -0.00304416           0 -0.00439276
-0.00618093  0.00129478  0.00439276           0
EndNode1[0]<--->Repeater1[0]
REAL
   0.380769  -0.0242847  -0.0100065     0.11785
 -0.0242847   0.0923077 -0.00174275  0.00128167
 -0.0100065 -0.00174275   0.0987179 -0.00323207
    0.11785  0.00128167 -0.00323207    0.428205
IMAGINARY
           0  -0.00627472  -0.00630899   -0.0248247
  0.00627472            0   -0.0254783   -0.0165918
  0.00630899    0.0254783            0 -8.66022e-05
   0.0248247    0.0165918  8.66022e-05            0
EndNode2[0]<--->BSA[0]
REAL
    0.373368 -0.000344765    0.0128698     0.103082
-0.000344765     0.117493  -0.00332828    0.0253076
   0.0128698  -0.00332828    0.0992167   0.00280782
    0.103082    0.0253076   0.00280782     0.409922
IMAGINARY
          0  0.00312405  0.00897436  0.00200703
-0.00312405           0  -0.0112908  0.00384615
-0.00897436   0.0112908           0  -0.0146625
-0.00200703 -0.00384615   0.0146625           0
Repeater1[0]<--->EndNode1[0]
REAL
   0.380769  -0.0100065  -0.0242847     0.11785
 -0.0100065   0.0987179 -0.00174275 -0.00323207
 -0.0242847 -0.00174275   0.0923077  0.00128167
    0.11785 -0.00323207  0.00128167    0.428205
IMAGINARY
           0  -0.00630899  -0.00627472   -0.0248247
  0.00630899            0    0.0254783 -8.66022e-05
  0.00627472   -0.0254783            0   -0.0165918
   0.0248247  8.66022e-05    0.0165918            0
Repeater1[0]<--->BSA[0]
REAL
    0.373368    0.0128698 -0.000344765     0.103082
   0.0128698    0.0992167  -0.00332828   0.00280782
-0.000344765  -0.00332828     0.117493    0.0253076
    0.103082   0.00280782    0.0253076     0.409922
IMAGINARY
          0  0.00897436  0.00312405  0.00200703
-0.00897436           0   0.0112908  -0.0146625
-0.00312405  -0.0112908           0  0.00384615
-0.00200703   0.0146625 -0.00384615           0
EndNode1[0]<--->Repeater1[0]
REAL
   0.391711  -0.0126475 -0.00308359    0.139159
 -0.0126475    0.092246   0.0166847   0.0108758
-0.00308359   0.0166847    0.128342  -0.0120279
   0.139159   0.0108758  -0.0120279    0.387701
IMAGINARY
          0  0.00519732  -0.0158411  -0.0127882
-0.00519732           0 -0.00459148  -0.0081488
  0.0158411  0.00459148           0 -0.00772257
  0.0127882   0.0081488  0.00772257           0
EndNode2[0]<--->BSA[0]
REAL
   0.397727    0.011221 -0.00727996    0.137218
   0.011221    0.103535 -0.00931129  -0.0250198
-0.00727996 -0.00931129   0.0934343 -0.00734499
   0.137218  -0.0250198 -0.00734499    0.405303
IMAGINARY
          0  -0.0186375   0.0151349  -0.0220637
  0.0186375           0 -0.00425204  0.00800133
 -0.0151349  0.00425204           0   0.0122108
  0.0220637 -0.00800133  -0.0122108           0
Repeater1[0]<--->EndNode1[0]
REAL
   0.391711 -0.00308359  -0.0126475    0.139159
-0.00308359    0.128342   0.0166847  -0.0120279
 -0.0126475   0.0166847    0.092246   0.0108758
   0.139159  -0.0120279   0.0108758    0.387701
IMAGINARY
          0  -0.0158411  0.00519732  -0.0127882
  0.0158411           0  0.00459148 -0.00772257
-0.00519732 -0.00459148           0  -0.0081488
  0.0127882  0.00772257   0.0081488           0
Repeater1[0]<--->BSA[0]
REAL
   0.397727 -0.00727996    0.011221    0.137218
-0.00727996   0.0934343 -0.00931129 -0.00734499
   0.011221 -0.00931129    0.103535  -0.0250198
   0.137218 -0.00734499  -0.0250198    0.405303
IMAGINARY
          0   0.0151349  -0.0186375  -0.0220637
 -0.0151349           0  0.00425204   0.0122108
  0.0186375 -0.00425204           0  0.00800133
  0.0220637  -0.0122108 -0.00800133           0
EndNode1[0]<--->Repeater1[0]
REAL
   0.378313   0.0105504 -0.00185185    0.127113
  0.0105504    0.112048 -0.00365622 -0.00185185
-0.00185185 -0.00365622    0.112048  0.00920269
   0.127113 -0.00185185  0.00920269     0.39759
IMAGINARY
          0   0.0107374   -0.017872  0.00384276
 -0.0107374           0  0.00901071  -0.0295639
   0.017872 -0.00901071           0  -0.0120194
-0.00384276   0.0295639   0.0120194           0
EndNode2[0]<--->BSA[0]
REAL
   0.392182 -0.00196169  0.00570804    0.153028
-0.00196169    0.108449 -0.00363019  0.00634015
 0.00570804 -0.00363019    0.100883  0.00316651
   0.153028  0.00634015  0.00316651    0.398487
IMAGINARY
           0   0.00678581  -0.00566388    0.0172841
 -0.00678581            0    0.0252417  0.000441951
  0.00566388   -0.0252417            0  -0.00809129
  -0.0172841 -0.000441951   0.00809129            0
Repeater1[0]<--->EndNode1[0]
REAL
   0.378313 -0.00185185   0.0105504    0.127113
-0.00185185    0.112048 -0.00365622  0.00920269
  0.0105504 -0.00365622    0.112048 -0.00185185
   0.127113  0.00920269 -0.00185185     0.39759
IMAGINARY
          0   -0.017872   0.0107374  0.00384276
   0.017872           0 -0.00901071  -0.0120194
 -0.0107374  0.00901071           0  -0.0295639
-0.00384276   0.0120194   0.0295639           0
Repeater1[0]<--->BSA[0]
REAL
   0.392182  0.00570804 -0.00196169    0.153028
 0.00570804    0.100883 -0.00363019  0.00316651
-0.00196169 -0.00363019    0.108449  0.00634015
   0.153028  0.00316651  0.00634015    0.398487
IMAGINARY
           0  -0.00566388   0.00678581    0.0172841
  0.00566388            0   -0.0252417  -0.00809129
 -0.00678581    0.0252417            0  0.000441951
  -0.0172841   0.00809129 -0.000441951            0
EndNode1[0]<--->Repeater1[0]
REAL
   0.393041 0.000543866   0.0124836    0.134488
0.000543866    0.106959   -0.027392 -0.00919842
  0.0124836   -0.027392    0.122423   0.0198241
   0.134488 -0.00919842   0.0198241    0.377577
IMAGINARY
           0   0.00998653   -0.0294546    0.0019667
 -0.00998653            0  -0.00320126 -0.000571463
   0.0294546   0.00320126            0    0.0030683
  -0.0019667  0.000571463   -0.0030683            0
EndNode2[0]<--->BSA[0]
REAL
   0.381526  0.00837415  -0.0232791    0.103523
 0.00837415   0.0722892 -0.00892888 -0.00374789
 -0.0232791 -0.00892888    0.115127  -0.0108312
   0.103523 -0.00374789  -0.0108312    0.431058
IMAGINARY
           0  -0.00972246   0.00533421    0.0171084
  0.00972246            0  -0.00399978  0.000383711
 -0.00533421   0.00399978            0   -0.0175965
  -0.0171084 -0.000383711    0.0175965            0
Repeater1[0]<--->EndNode1[0]
REAL
   0.393041   0.0124836 0.000543866    0.134488
  0.0124836    0.122423   -0.027392   0.0198241
0.000543866   -0.027392    0.106959 -0.00919842
   0.134488   0.0198241 -0.00919842    0.377577
IMAGINARY
           0   -0.0294546   0.00998653    0.0019667
   0.0294546            0   0.00320126    0.0030683
 -0.00998653  -0.00320126            0 -0.000571463
  -0.0019667   -0.0030683  0.000571463            0
Repeater1[0]<--->BSA[0]
REAL
   0.381526  -0.0232791  0.00837415    0.103523
 -0.0232791    0.115127 -0.00892888  -0.0108312
 0.00837415 -0.00892888   0.0722892 -0.00374789
   0.103523  -0.0108312 -0.00374789    0.431058
IMAGINARY
           0   0.00533421  -0.00972246    0.0171084
 -0.00533421            0   0.00399978   -0.0175965
  0.00972246  -0.00399978            0  0.000383711
  -0.0171084    0.0175965 -0.000383711            0
EndNode1[0]<--->Repeater1[0]
REAL
    0.385135 -0.000121571   -0.0027537     0.110965
-0.000121571    0.0945946   -0.0308618   0.00662967
  -0.0027537   -0.0308618     0.106757   0.00787351
    0.110965   0.00662967   0.00787351     0.413514
IMAGINARY
           0  0.000634049   0.00200962 -0.000663942
-0.000634049            0  -0.00384056    0.0100096
 -0.00200962   0.00384056            0   -0.0102494
 0.000663942   -0.0100096    0.0102494            0
EndNode2[0]<--->BSA[0]
REAL
  0.416256 0.00349185 -0.0109372   0.129883
0.00349185  0.0935961  0.0145907 -0.0376647
-0.0109372  0.0145907  0.0899015 -0.0161417
  0.129883 -0.0376647 -0.0161417   0.400246
IMAGINARY
           0    0.0130486  -0.00123208     0.012637
  -0.0130486            0  0.000341952   -0.0220654
  0.00123208 -0.000341952            0   -0.0303724
   -0.012637    0.0220654    0.0303724            0
Repeater1[0]<--->EndNode1[0]
REAL
    0.385135   -0.0027537 -0.000121571     0.110965
  -0.0027537     0.106757   -0.0308618   0.00787351
-0.000121571   -0.0308618    0.0945946   0.00662967
    0.110965   0.00787351   0.00662967     0.413514
IMAGINARY
           0   0.00200962  0.000634049 -0.000663942
 -0.00200962            0   0.00384056   -0.0102494
-0.000634049  -0.00384056            0    0.0100096
 0.000663942    0.0102494   -0.0100096            0
Repeater1[0]<--->BSA[0]
REAL
  0.416256 -0.0109372 0.00349185   0.129883
-0.0109372  0.0899015  0.0145907 -0.0161417
0.00349185  0.0145907  0.0935961 -0.0376647
  0.129883 -0.0161417 -0.0376647   0.400246
IMAGINARY
           0  -0.00123208    0.0130486     0.012637
  0.00123208            0 -0.000341952   -0.0303724
  -0.0130486  0.000341952            0   -0.0220654
   -0.012637    0.0303724    0.0220654            0
EndNode1[0]<--->Repeater1[0]
REAL
    0.43173  0.00812606 -0.00507033    0.114144
 0.00812606   0.0884265 -0.00317118 -0.00116408
-0.00507033 -0.00317118     0.10013  0.00060212
   0.114144 -0.00116408  0.00060212    0.379714
IMAGINARY
          0   0.0227815 -0.00689153   0.0135644
 -0.0227815           0   0.0103049 -0.00502817
 0.00689153  -0.0103049           0   0.0129776
 -0.0135644  0.00502817  -0.0129776           0
EndNode2[0]<--->BSA[0]
REAL
   0.386503  -0.0092294  0.00173871     0.12852
