EndNode1[0]<--->Repeater1[0]
REAL
   0.340479 -0.00594021    0.011727    0.187121
-0.00594021    0.163934   0.0541288   -0.027977
   0.011727   0.0541288    0.167718 -0.00655979
   0.187121   -0.027977 -0.00655979    0.327869
IMAGINARY
           0 -0.000203912   0.00551418  -0.00869224
 0.000203912            0    0.0176897 -0.000399091
 -0.00551418   -0.0176897            0   -0.0164201
  0.00869224  0.000399091    0.0164201            0
EndNode2[0]<--->BSA[0]
REAL
   0.364303 -0.00178783   0.0148339    0.199175
-0.00178783    0.174817   0.0723273  -0.0167595
  0.0148339   0.0723273    0.161369   0.0101319
   0.199175  -0.0167595   0.0101319    0.299511
IMAGINARY
          0  -0.0107843   0.0104955  -0.0106643
  0.0107843           0  0.00681818  0.00305131
 -0.0104955 -0.00681818           0   0.0107843
  0.0106643 -0.00305131  -0.0107843           0
Repeater1[0]<--->EndNode1[0]
REAL
   0.340479    0.011727 -0.00594021    0.187121
   0.011727    0.167718   0.0541288 -0.00655979
-0.00594021   0.0541288    0.163934   -0.027977
   0.187121 -0.00655979   -0.027977    0.327869
IMAGINARY
           0   0.00551418 -0.000203912  -0.00869224
 -0.00551418            0   -0.0176897   -0.0164201
 0.000203912    0.0176897            0 -0.000399091
  0.00869224    0.0164201  0.000399091            0
Repeater1[0]<--->BSA[0]
REAL
   0.364303   0.0148339 -0.00178783    0.199175
  0.0148339    0.161369   0.0723273   0.0101319
-0.00178783   0.0723273    0.174817  -0.0167595
   0.199175   0.0101319  -0.0167595    0.299511
IMAGINARY
          0   0.0104955  -0.0107843  -0.0106643
 -0.0104955           0 -0.00681818   0.0107843
  0.0107843  0.00681818           0  0.00305131
  0.0106643  -0.0107843 -0.00305131           0
EndNode1[0]<--->Repeater1[0]
REAL
   0.367788 -0.00378269  -0.0104518    0.177651
-0.00378269    0.204327     0.06437  0.00513263
 -0.0104518     0.06437     0.15024 -0.00951518
   0.177651  0.00513263 -0.00951518    0.277644
IMAGINARY
          0  -0.0205312  -0.0226952   0.0190564
  0.0205312           0 -0.00679481 -0.00204438
  0.0226952  0.00679481           0   0.0153228
 -0.0190564  0.00204438  -0.0153228           0
EndNode2[0]<--->BSA[0]
REAL
   0.341558   0.0181676  -0.0202793    0.223239
  0.0181676    0.162338   0.0644154   0.0178102
 -0.0202793   0.0644154    0.183117 -0.00829104
   0.223239   0.0178102 -0.00829104    0.312987
IMAGINARY
           0  -0.00577636   0.00396543    0.0202118
  0.00577636            0   -0.0041624  0.000609729
 -0.00396543    0.0041624            0   0.00773715
  -0.0202118 -0.000609729  -0.00773715            0
Repeater1[0]<--->EndNode1[0]
REAL
   0.367788  -0.0104518 -0.00378269    0.177651
 -0.0104518     0.15024     0.06437 -0.00951518
-0.00378269     0.06437    0.204327  0.00513263
   0.177651 -0.00951518  0.00513263    0.277644
IMAGINARY
          0  -0.0226952  -0.0205312   0.0190564
  0.0226952           0  0.00679481   0.0153228
  0.0205312 -0.00679481           0 -0.00204438
 -0.0190564  -0.0153228  0.00204438           0
Repeater1[0]<--->BSA[0]
REAL
   0.341558  -0.0202793   0.0181676    0.223239
 -0.0202793    0.183117   0.0644154 -0.00829104
  0.0181676   0.0644154    0.162338   0.0178102
   0.223239 -0.00829104   0.0178102    0.312987
IMAGINARY
           0   0.00396543  -0.00577636    0.0202118
 -0.00396543            0    0.0041624   0.00773715
  0.00577636   -0.0041624            0  0.000609729
  -0.0202118  -0.00773715 -0.000609729            0
EndNode1[0]<--->Repeater1[0]
REAL
  0.382609 -0.0105931 -0.0120622   0.192207
-0.0105931   0.181366  0.0597517 -0.0114365
-0.0120622  0.0597517   0.156522 0.00537115
  0.192207 -0.0114365 0.00537115   0.279503
IMAGINARY
          0  -0.0129382  -0.0105199   0.0072911
  0.0129382           0  0.00345479 -0.00404321
  0.0105199 -0.00345479           0   0.0261143
 -0.0072911  0.00404321  -0.0261143           0
EndNode2[0]<--->BSA[0]
REAL
   0.355805 -0.00684193  -0.0112902    0.211149
-0.00684193    0.177278   0.0594933 0.000149936
 -0.0112902   0.0594933     0.19226  -0.0265788
   0.211149 0.000149936  -0.0265788    0.274657
IMAGINARY
          0   -0.014256  0.00971191    -0.01278
   0.014256           0 -0.00843215  -0.0116987
-0.00971191  0.00843215           0   0.0122692
    0.01278   0.0116987  -0.0122692           0
Repeater1[0]<--->EndNode1[0]
REAL
  0.382609 -0.0120622 -0.0105931   0.192207
-0.0120622   0.156522  0.0597517 0.00537115
-0.0105931  0.0597517   0.181366 -0.0114365
  0.192207 0.00537115 -0.0114365   0.279503
IMAGINARY
          0  -0.0105199  -0.0129382   0.0072911
  0.0105199           0 -0.00345479   0.0261143
  0.0129382  0.00345479           0 -0.00404321
 -0.0072911  -0.0261143  0.00404321           0
Repeater1[0]<--->BSA[0]
REAL
   0.355805  -0.0112902 -0.00684193    0.211149
 -0.0112902     0.19226   0.0594933  -0.0265788
-0.00684193   0.0594933    0.177278 0.000149936
   0.211149  -0.0265788 0.000149936    0.274657
IMAGINARY
          0  0.00971191   -0.014256    -0.01278
-0.00971191           0  0.00843215   0.0122692
   0.014256 -0.00843215           0  -0.0116987
    0.01278  -0.0122692   0.0116987           0
