EndNode1[0]<--->Repeater1[0]
REAL
   0.463479  0.00616031 -0.00783636    0.196748
 0.00616031    0.135458   0.0270234  0.00318828
-0.00783636   0.0270234    0.166003    0.013096
   0.196748  0.00318828    0.013096     0.23506
IMAGINARY
           0   -0.0127963    0.0353883  -0.00746035
   0.0127963            0  0.000932935  -0.00983131
  -0.0353883 -0.000932935            0   0.00296665
  0.00746035   0.00983131  -0.00296665            0
EndNode2[0]<--->BSA[0]
REAL
   0.439791 0.000845034   0.0106294    0.242668
0.000845034    0.137435   0.0275095   0.0133104
  0.0106294   0.0275095   0.0929319  0.00394293
   0.242668   0.0133104  0.00394293    0.329843
IMAGINARY
          0    0.011024  0.00176498   0.0117078
  -0.011024           0  -0.0209426  0.00801498
-0.00176498   0.0209426           0  -0.0122465
 -0.0117078 -0.00801498   0.0122465           0
Repeater1[0]<--->EndNode1[0]
REAL
   0.463479 -0.00783636  0.00616031    0.196748
-0.00783636    0.166003   0.0270234    0.013096
 0.00616031   0.0270234    0.135458  0.00318828
   0.196748    0.013096  0.00318828     0.23506
IMAGINARY
           0    0.0353883   -0.0127963  -0.00746035
  -0.0353883            0 -0.000932935   0.00296665
   0.0127963  0.000932935            0  -0.00983131
  0.00746035  -0.00296665   0.00983131            0
Repeater1[0]<--->BSA[0]
REAL
   0.439791   0.0106294 0.000845034    0.242668
  0.0106294   0.0929319   0.0275095  0.00394293
0.000845034   0.0275095    0.137435   0.0133104
   0.242668  0.00394293   0.0133104    0.329843
IMAGINARY
          0  0.00176498    0.011024   0.0117078
-0.00176498           0   0.0209426  -0.0122465
  -0.011024  -0.0209426           0  0.00801498
 -0.0117078   0.0122465 -0.00801498           0
EndNode1[0]<--->Repeater1[0]
REAL
  0.467806  0.0210846 0.00562914   0.189911
 0.0210846   0.157687 0.00677811 0.00562914
0.00562914 0.00677811   0.151117 -0.0164489
  0.189911 0.00562914 -0.0164489    0.22339
IMAGINARY
           0   0.00715371  -0.00298126 -1.18965e-05
 -0.00715371            0  -0.00944586    0.0186439
  0.00298126   0.00944586            0  7.52043e-05
 1.18965e-05   -0.0186439 -7.52043e-05            0
EndNode2[0]<--->BSA[0]
REAL
   0.458438  -0.0125861  -0.0103117    0.219942
 -0.0125861    0.153652   0.0273243  -0.0109519
 -0.0103117   0.0273243    0.110831 -0.00138716
   0.219942  -0.0109519 -0.00138716    0.277078
IMAGINARY
          0 -0.00484456    0.022752  0.00497946
 0.00484456           0  0.00753701  0.00208019
  -0.022752 -0.00753701           0  -0.0105917
-0.00497946 -0.00208019   0.0105917           0
Repeater1[0]<--->EndNode1[0]
REAL
  0.467806 0.00562914  0.0210846   0.189911
0.00562914   0.151117 0.00677811 -0.0164489
 0.0210846 0.00677811   0.157687 0.00562914
  0.189911 -0.0164489 0.00562914    0.22339
IMAGINARY
           0  -0.00298126   0.00715371 -1.18965e-05
  0.00298126            0   0.00944586  7.52043e-05
 -0.00715371  -0.00944586            0    0.0186439
 1.18965e-05 -7.52043e-05   -0.0186439            0
Repeater1[0]<--->BSA[0]
REAL
   0.458438  -0.0103117  -0.0125861    0.219942
 -0.0103117    0.110831   0.0273243 -0.00138716
 -0.0125861   0.0273243    0.153652  -0.0109519
   0.219942 -0.00138716  -0.0109519    0.277078
IMAGINARY
          0    0.022752 -0.00484456  0.00497946
  -0.022752           0 -0.00753701  -0.0105917
 0.00484456  0.00753701           0  0.00208019
-0.00497946   0.0105917 -0.00208019           0
EndNode1[0]<--->Repeater1[0]
REAL
   0.461847  -0.0167091 -0.00785365    0.199834
 -0.0167091    0.141901   0.0156239 -0.00103828
-0.00785365   0.0156239     0.15261   0.0160251
   0.199834 -0.00103828   0.0160251    0.243641
IMAGINARY
          0 -0.00947741  0.00805655  -0.0274979
 0.00947741           0   0.0072959   0.0144998
-0.00805655  -0.0072959           0   0.0220087
  0.0274979  -0.0144998  -0.0220087           0
EndNode2[0]<--->BSA[0]
REAL
   0.421642  -0.0243449 -0.00221872    0.266733
 -0.0243449    0.131841   0.0226074  -0.0345833
-0.00221872   0.0226074    0.152985  -0.0200714
   0.266733  -0.0345833  -0.0200714    0.293532
IMAGINARY
          0 -0.00615774  -0.0179398  0.00283019
 0.00615774           0  -0.0236899  -0.0146973
  0.0179398   0.0236899           0    0.020518
-0.00283019   0.0146973   -0.020518           0
Repeater1[0]<--->EndNode1[0]
REAL
   0.461847 -0.00785365  -0.0167091    0.199834
-0.00785365     0.15261   0.0156239   0.0160251
 -0.0167091   0.0156239    0.141901 -0.00103828
   0.199834   0.0160251 -0.00103828    0.243641
IMAGINARY
          0  0.00805655 -0.00947741  -0.0274979
-0.00805655           0  -0.0072959   0.0220087
 0.00947741   0.0072959           0   0.0144998
  0.0274979  -0.0220087  -0.0144998           0
Repeater1[0]<--->BSA[0]
REAL
   0.421642 -0.00221872  -0.0243449    0.266733
-0.00221872    0.152985   0.0226074  -0.0200714
 -0.0243449   0.0226074    0.131841  -0.0345833
   0.266733  -0.0200714  -0.0345833    0.293532
IMAGINARY
          0  -0.0179398 -0.00615774  0.00283019
  0.0179398           0   0.0236899    0.020518
 0.00615774  -0.0236899           0  -0.0146973
-0.00283019   -0.020518   0.0146973           0
EndNode1[0]<--->Repeater1[0]
REAL
    0.448878 -0.000316155   -0.0173826     0.186784
-0.000316155     0.129676    0.0069328   -0.0205755
  -0.0173826    0.0069328     0.182045 -0.000992745
    0.186784   -0.0205755 -0.000992745     0.239401
IMAGINARY
           0   0.00423793  -0.00412139 -0.000733713
 -0.00423793            0   -0.0129918  -0.00020494
  0.00412139    0.0129918            0    0.0161576
 0.000733713   0.00020494   -0.0161576            0
EndNode2[0]<--->BSA[0]
REAL
   0.451204  -0.0118859  -0.0035351    0.234044
 -0.0118859     0.12801   0.0249304   0.0112274
 -0.0035351   0.0249304    0.125475 -0.00349876
   0.234044   0.0112274 -0.00349876    0.295311
IMAGINARY
          0  -0.0170814    0.021659 -0.00961538
  0.0170814           0  0.00961538  -0.0122957
  -0.021659 -0.00961538           0  -0.0110085
 0.00961538   0.0122957   0.0110085           0
Repeater1[0]<--->EndNode1[0]
REAL
    0.448878   -0.0173826 -0.000316155     0.186784
  -0.0173826     0.182045    0.0069328 -0.000992745
-0.000316155    0.0069328     0.129676   -0.0205755
    0.186784 -0.000992745   -0.0205755     0.239401
IMAGINARY
           0  -0.00412139   0.00423793 -0.000733713
  0.00412139            0    0.0129918    0.0161576
 -0.00423793   -0.0129918            0  -0.00020494
 0.000733713   -0.0161576   0.00020494            0
Repeater1[0]<--->BSA[0]
REAL
   0.451204  -0.0035351  -0.0118859    0.234044
 -0.0035351    0.125475   0.0249304 -0.00349876
 -0.0118859   0.0249304     0.12801   0.0112274
   0.234044 -0.00349876   0.0112274    0.295311
IMAGINARY
          0    0.021659  -0.0170814 -0.00961538
  -0.021659           0 -0.00961538  -0.0110085
  0.0170814  0.00961538           0  -0.0122957
 0.00961538   0.0110085   0.0122957           0
EndNode1[0]<--->Repeater1[0]
REAL
   0.449452   -0.018699 -0.00550729    0.181522
  -0.018699    0.127893   0.0212163   0.0048554
-0.00550729   0.0212163    0.183922  0.00761683
   0.181522   0.0048554  0.00761683    0.238733
IMAGINARY
           0   0.00809467   0.00733781 -0.000620593
 -0.00809467            0    -0.021001    -0.027694
 -0.00733781     0.021001            0  -0.00173334
 0.000620593     0.027694   0.00173334            0
EndNode2[0]<--->BSA[0]
REAL
   0.454988    0.002897  0.00929112    0.223783
   0.002897    0.119221   0.0400688 -0.00137555
 0.00929112   0.0400688   0.0997567   0.0168919
   0.223783 -0.00137555   0.0168919    0.326034
IMAGINARY
          0  0.00732965   0.0153364   0.0156518
-0.00732965           0  0.00840542 -0.00793401
 -0.0153364 -0.00840542           0  -0.0106944
 -0.0156518  0.00793401   0.0106944           0
Repeater1[0]<--->EndNode1[0]
REAL
   0.449452 -0.00550729   -0.018699    0.181522
-0.00550729    0.183922   0.0212163  0.00761683
  -0.018699   0.0212163    0.127893   0.0048554
   0.181522  0.00761683   0.0048554    0.238733
IMAGINARY
           0   0.00733781   0.00809467 -0.000620593
 -0.00733781            0     0.021001  -0.00173334
 -0.00809467    -0.021001            0    -0.027694
 0.000620593   0.00173334     0.027694            0
Repeater1[0]<--->BSA[0]
REAL
   0.454988  0.00929112    0.002897    0.223783
 0.00929112   0.0997567   0.0400688   0.0168919
   0.002897   0.0400688    0.119221 -0.00137555
   0.223783   0.0168919 -0.00137555    0.326034
IMAGINARY
          0   0.0153364  0.00732965   0.0156518
 -0.0153364           0 -0.00840542  -0.0106944
-0.00732965  0.00840542           0 -0.00793401
 -0.0156518   0.0106944  0.00793401           0
