EndNode1[0]<--->Repeater1[0]
REAL
     0.35804 -0.000278789    0.0106078      0.20819
-0.000278789     0.179648    0.0604478    0.0112431
   0.0106078    0.0604478     0.179648   0.00413483
     0.20819    0.0112431   0.00413483     0.282663
IMAGINARY
           0  -0.00355005  -0.00578982    0.0236838
  0.00355005            0   0.00888327  -0.00646825
  0.00578982  -0.00888327            0 -0.000966075
  -0.0236838   0.00646825  0.000966075            0
EndNode2[0]<--->BSA[0]
REAL
  0.354497  0.0232185 0.00545313   0.201582
 0.0232185   0.175926  0.0593688  0.0164492
0.00545313  0.0593688   0.146825 0.00494172
  0.201582  0.0164492 0.00494172   0.322751
IMAGINARY
          0  0.00169211   0.0228812    0.012761
-0.00169211           0   -0.010316 -0.00808064
 -0.0228812    0.010316           0  -0.0242146
  -0.012761  0.00808064   0.0242146           0
Repeater1[0]<--->EndNode1[0]
REAL
     0.35804    0.0106078 -0.000278789      0.20819
   0.0106078     0.179648    0.0604478   0.00413483
-0.000278789    0.0604478     0.179648    0.0112431
     0.20819   0.00413483    0.0112431     0.282663
IMAGINARY
           0  -0.00578982  -0.00355005    0.0236838
  0.00578982            0  -0.00888327 -0.000966075
  0.00355005   0.00888327            0  -0.00646825
  -0.0236838  0.000966075   0.00646825            0
Repeater1[0]<--->BSA[0]
REAL
  0.354497 0.00545313  0.0232185   0.201582
0.00545313   0.146825  0.0593688 0.00494172
 0.0232185  0.0593688   0.175926  0.0164492
  0.201582 0.00494172  0.0164492   0.322751
IMAGINARY
          0   0.0228812  0.00169211    0.012761
 -0.0228812           0    0.010316  -0.0242146
-0.00169211   -0.010316           0 -0.00808064
  -0.012761   0.0242146  0.00808064           0
EndNode1[0]<--->Repeater1[0]
REAL
   0.331978 0.000269248 -0.00640288    0.188185
0.000269248    0.135501   0.0500011 -0.00572994
-0.00640288   0.0500011    0.159892  -0.0034621
   0.188185 -0.00572994  -0.0034621    0.372629
IMAGINARY
           0  -0.00781573    0.0165705    0.0120953
  0.00781573            0  -0.00383608    0.0121345
  -0.0165705   0.00383608            0 -0.000862507
  -0.0120953   -0.0121345  0.000862507            0
EndNode2[0]<--->BSA[0]
REAL
   0.351716   0.0135403  -0.0129304     0.20221
  0.0135403    0.164216   0.0416594   0.0170176
 -0.0129304   0.0416594    0.183824 -0.00400354
    0.20221   0.0170176 -0.00400354    0.300245
IMAGINARY
           0    -0.017936   0.00291704   -0.0210596
    0.017936            0   0.00493053  0.000359498
 -0.00291704  -0.00493053            0   -0.0364545
   0.0210596 -0.000359498    0.0364545            0
Repeater1[0]<--->EndNode1[0]
REAL
   0.331978 -0.00640288 0.000269248    0.188185
-0.00640288    0.159892   0.0500011  -0.0034621
0.000269248   0.0500011    0.135501 -0.00572994
   0.188185  -0.0034621 -0.00572994    0.372629
IMAGINARY
           0    0.0165705  -0.00781573    0.0120953
  -0.0165705            0   0.00383608 -0.000862507
  0.00781573  -0.00383608            0    0.0121345
  -0.0120953  0.000862507   -0.0121345            0
Repeater1[0]<--->BSA[0]
REAL
   0.351716  -0.0129304   0.0135403     0.20221
 -0.0129304    0.183824   0.0416594 -0.00400354
  0.0135403   0.0416594    0.164216   0.0170176
    0.20221 -0.00400354   0.0170176    0.300245
IMAGINARY
           0   0.00291704    -0.017936   -0.0210596
 -0.00291704            0  -0.00493053   -0.0364545
    0.017936   0.00493053            0  0.000359498
   0.0210596    0.0364545 -0.000359498            0
EndNode1[0]<--->Repeater1[0]
REAL
    0.33462  -0.0100763   0.0199072    0.205601
 -0.0100763    0.171171   0.0473096 -0.00244276
  0.0199072   0.0473096    0.151866   0.0158978
   0.205601 -0.00244276   0.0158978    0.342342
IMAGINARY
          0  0.00532151  0.00471945  -0.0123302
-0.00532151           0  -0.0241904 -0.00597573
-0.00471945   0.0241904           0 -0.00406523
  0.0123302  0.00597573  0.00406523           0
EndNode2[0]<--->BSA[0]
REAL
   0.328841  -0.0141755 -0.00870104    0.195175
 -0.0141755     0.17655   0.0475688  0.00474326
-0.00870104   0.0475688    0.190027 -0.00429412
   0.195175  0.00474326 -0.00429412    0.304582
IMAGINARY
          0  -0.0188185   0.0104034  0.00444162
  0.0188185           0  0.00444162   0.0228412
 -0.0104034 -0.00444162           0  -0.0263943
-0.00444162  -0.0228412   0.0263943           0
Repeater1[0]<--->EndNode1[0]
REAL
    0.33462   0.0199072  -0.0100763    0.205601
  0.0199072    0.151866   0.0473096   0.0158978
 -0.0100763   0.0473096    0.171171 -0.00244276
   0.205601   0.0158978 -0.00244276    0.342342
IMAGINARY
          0  0.00471945  0.00532151  -0.0123302
-0.00471945           0   0.0241904 -0.00406523
-0.00532151  -0.0241904           0 -0.00597573
  0.0123302  0.00406523  0.00597573           0
Repeater1[0]<--->BSA[0]
REAL
   0.328841 -0.00870104  -0.0141755    0.195175
-0.00870104    0.190027   0.0475688 -0.00429412
 -0.0141755   0.0475688     0.17655  0.00474326
   0.195175 -0.00429412  0.00474326    0.304582
IMAGINARY
          0   0.0104034  -0.0188185  0.00444162
 -0.0104034           0 -0.00444162  -0.0263943
  0.0188185  0.00444162           0   0.0228412
-0.00444162   0.0263943  -0.0228412           0
EndNode1[0]<--->Repeater1[0]
REAL
   0.320574   0.0236465   0.0255075    0.196456
  0.0236465    0.163876   0.0548524 -0.00325623
  0.0255075   0.0548524    0.181818 -0.00401303
   0.196456 -0.00325623 -0.00401303    0.333732
IMAGINARY
          0 -0.00631647  0.00185585 -0.00218295
 0.00631647           0   0.0148328  0.00566295
-0.00185585  -0.0148328           0   0.0213541
 0.00218295 -0.00566295  -0.0213541           0
EndNode2[0]<--->BSA[0]
REAL
   0.319652   0.0236421  0.00178673    0.212873
  0.0236421    0.185323   0.0637503  0.00990158
 0.00178673   0.0637503    0.172886 -0.00675896
   0.212873  0.00990158 -0.00675896    0.322139
IMAGINARY
           0  -0.00617749  -0.00535083    0.0202738
  0.00617749            0   -0.0126455 -0.000914835
  0.00535083    0.0126455            0 -8.81771e-05
  -0.0202738  0.000914835  8.81771e-05            0
Repeater1[0]<--->EndNode1[0]
REAL
   0.320574   0.0255075   0.0236465    0.196456
  0.0255075    0.181818   0.0548524 -0.00401303
  0.0236465   0.0548524    0.163876 -0.00325623
   0.196456 -0.00401303 -0.00325623    0.333732
IMAGINARY
          0  0.00185585 -0.00631647 -0.00218295
-0.00185585           0  -0.0148328   0.0213541
 0.00631647   0.0148328           0  0.00566295
 0.00218295  -0.0213541 -0.00566295           0
Repeater1[0]<--->BSA[0]
REAL
   0.319652  0.00178673   0.0236421    0.212873
 0.00178673    0.172886   0.0637503 -0.00675896
  0.0236421   0.0637503    0.185323  0.00990158
   0.212873 -0.00675896  0.00990158    0.322139
IMAGINARY
           0  -0.00535083  -0.00617749    0.0202738
  0.00535083            0    0.0126455 -8.81771e-05
  0.00617749   -0.0126455            0 -0.000914835
  -0.0202738  8.81771e-05  0.000914835            0
EndNode1[0]<--->Repeater1[0]
REAL
  0.330435 0.00635975  0.0175671   0.207486
0.00635975   0.176398  0.0680755 0.00487677
 0.0175671  0.0680755   0.178882   0.028553
  0.207486 0.00487677   0.028553   0.314286
IMAGINARY
           0    0.0309958    0.0101635   -0.0187589
  -0.0309958            0   -0.0194091  0.000560394
  -0.0101635    0.0194091            0   0.00787821
   0.0187589 -0.000560394  -0.00787821            0
EndNode2[0]<--->BSA[0]
REAL
   0.342893   0.0127586 -0.00101423     0.19303
  0.0127586     0.17581   0.0609672   0.0114693
-0.00101423   0.0609672     0.17207  0.00753664
    0.19303   0.0114693  0.00753664    0.309227
IMAGINARY
           0    0.0105125  -0.00195129 -0.000889173
  -0.0105125            0  -0.00921184    0.0131208
  0.00195129   0.00921184            0    0.0177398
 0.000889173   -0.0131208   -0.0177398            0
Repeater1[0]<--->EndNode1[0]
REAL
  0.330435  0.0175671 0.00635975   0.207486
 0.0175671   0.178882  0.0680755   0.028553
0.00635975  0.0680755   0.176398 0.00487677
  0.207486   0.028553 0.00487677   0.314286
IMAGINARY
           0    0.0101635    0.0309958   -0.0187589
  -0.0101635            0    0.0194091   0.00787821
  -0.0309958   -0.0194091            0  0.000560394
   0.0187589  -0.00787821 -0.000560394            0
Repeater1[0]<--->BSA[0]
REAL
   0.342893 -0.00101423   0.0127586     0.19303
-0.00101423     0.17207   0.0609672  0.00753664
  0.0127586   0.0609672     0.17581   0.0114693
    0.19303  0.00753664   0.0114693    0.309227
IMAGINARY
           0  -0.00195129    0.0105125 -0.000889173
  0.00195129            0   0.00921184    0.0177398
  -0.0105125  -0.00921184            0    0.0131208
 0.000889173   -0.0177398   -0.0131208            0
EndNode1[0]<--->Repeater1[0]
REAL
    0.306789 -0.000366811    0.0140873     0.199195
-0.000366811     0.151436      0.06271    0.0122285
   0.0140873      0.06271     0.181462   0.00161994
    0.199195    0.0122285   0.00161994     0.360313
IMAGINARY
           0    0.0150234   0.00838742   0.00160827
  -0.0150234            0 -0.000245872    0.0149148
 -0.00838742  0.000245872            0   -0.0156892
 -0.00160827   -0.0149148    0.0156892            0
EndNode2[0]<--->BSA[0]
REAL
     0.3342 -0.00246089  -0.0084977    0.208981
-0.00246089    0.154746   0.0312617  -0.0123637
 -0.0084977   0.0312617    0.169051 -0.00628742
   0.208981  -0.0123637 -0.00628742    0.342003
IMAGINARY
          0  0.00681801  0.00968987 -0.00801033
-0.00681801           0  0.00240634   0.0141828
-0.00968987 -0.00240634           0  -0.0320169
 0.00801033  -0.0141828   0.0320169           0
Repeater1[0]<--->EndNode1[0]
REAL
    0.306789    0.0140873 -0.000366811     0.199195
   0.0140873     0.181462      0.06271   0.00161994
-0.000366811      0.06271     0.151436    0.0122285
    0.199195   0.00161994    0.0122285     0.360313
IMAGINARY
           0   0.00838742    0.0150234   0.00160827
 -0.00838742            0  0.000245872   -0.0156892
  -0.0150234 -0.000245872            0    0.0149148
 -0.00160827    0.0156892   -0.0149148            0
Repeater1[0]<--->BSA[0]
REAL
     0.3342  -0.0084977 -0.00246089    0.208981
 -0.0084977    0.169051   0.0312617 -0.00628742
-0.00246089   0.0312617    0.154746  -0.0123637
   0.208981 -0.00628742  -0.0123637    0.342003
IMAGINARY
          0  0.00968987  0.00681801 -0.00801033
-0.00968987           0 -0.00240634  -0.0320169
-0.00681801  0.00240634           0   0.0141828
 0.00801033   0.0320169  -0.0141828           0
EndNode1[0]<--->Repeater1[0]
REAL
   0.340996 -0.00726493  -0.0100036    0.190333
-0.00726493    0.187739   0.0468548  0.00409034
 -0.0100036   0.0468548    0.146871  -0.0144171
   0.190333  0.00409034  -0.0144171    0.324393
IMAGINARY
          0 -0.00817619  0.00822611 -0.00906738
 0.00817619           0  0.00475172 -0.00636275
-0.00822611 -0.00475172           0  -0.0197741
 0.00906738  0.00636275   0.0197741           0
EndNode2[0]<--->BSA[0]
REAL
   0.319683   0.0173072 -0.00783371    0.230842
  0.0173072    0.165125   0.0454913   0.0162862
-0.00783371   0.0454913    0.166446  0.00414927
   0.230842   0.0162862  0.00414927    0.348745
IMAGINARY
          0  0.00473169 -0.00186223   -0.022892
-0.00473169           0  -0.0145587 -0.00387026
 0.00186223   0.0145587           0  0.00227468
   0.022892  0.00387026 -0.00227468           0
Repeater1[0]<--->EndNode1[0]
REAL
   0.340996  -0.0100036 -0.00726493    0.190333
 -0.0100036    0.146871   0.0468548  -0.0144171
-0.00726493   0.0468548    0.187739  0.00409034
   0.190333  -0.0144171  0.00409034    0.324393
IMAGINARY
          0  0.00822611 -0.00817619 -0.00906738
-0.00822611           0 -0.00475172  -0.0197741
 0.00817619  0.00475172           0 -0.00636275
 0.00906738   0.0197741  0.00636275           0
Repeater1[0]<--->BSA[0]
REAL
   0.319683 -0.00783371   0.0173072    0.230842
-0.00783371    0.166446   0.0454913  0.00414927
  0.0173072   0.0454913    0.165125   0.0162862
   0.230842  0.00414927   0.0162862    0.348745
IMAGINARY
          0 -0.00186223  0.00473169   -0.022892
 0.00186223           0   0.0145587  0.00227468
-0.00473169  -0.0145587           0 -0.00387026
   0.022892 -0.00227468  0.00387026           0
EndNode1[0]<--->Repeater1[0]
REAL
   0.32327 0.00572325  0.0217193   0.202631
0.00572325   0.183648  0.0451508 0.00426295
 0.0217193  0.0451508   0.172327 0.00885216
  0.202631 0.00426295 0.00885216   0.320755
IMAGINARY
          0  0.00126261 -0.00183844 -0.00253423
-0.00126261           0  -0.0140052  -0.0139096
 0.00183844   0.0140052           0   0.0262964
 0.00253423   0.0139096  -0.0262964           0
EndNode2[0]<--->BSA[0]
REAL
   0.315327   0.0188452  -0.0080946    0.209588
  0.0188452    0.178392   0.0701588   0.0182212
 -0.0080946   0.0701588    0.174623 -0.00618693
   0.209588   0.0182212 -0.00618693    0.331658
IMAGINARY
          0   -0.023561  -0.0254063 -0.00896414
   0.023561           0  0.00896414  0.00400549
  0.0254063 -0.00896414           0   0.0190214
 0.00896414 -0.00400549  -0.0190214           0
Repeater1[0]<--->EndNode1[0]
REAL
   0.32327  0.0217193 0.00572325   0.202631
 0.0217193   0.172327  0.0451508 0.00885216
0.00572325  0.0451508   0.183648 0.00426295
  0.202631 0.00885216 0.00426295   0.320755
IMAGINARY
          0 -0.00183844  0.00126261 -0.00253423
 0.00183844           0   0.0140052   0.0262964
-0.00126261  -0.0140052           0  -0.0139096
 0.00253423  -0.0262964   0.0139096           0
Repeater1[0]<--->BSA[0]
REAL
   0.315327  -0.0080946   0.0188452    0.209588
 -0.0080946    0.174623   0.0701588 -0.00618693
  0.0188452   0.0701588    0.178392   0.0182212
   0.209588 -0.00618693   0.0182212    0.331658
IMAGINARY
          0  -0.0254063   -0.023561 -0.00896414
  0.0254063           0 -0.00896414   0.0190214
   0.023561  0.00896414           0  0.00400549
 0.00896414  -0.0190214 -0.00400549           0
EndNode1[0]<--->Repeater1[0]
REAL
   0.315337   0.0121367  -0.0107787    0.202747
  0.0121367    0.161963   0.0633816  -0.0120707
 -0.0107787   0.0633816    0.181595 -0.00272813
   0.202747  -0.0120707 -0.00272813    0.341104
IMAGINARY
           0   0.00695001    0.0161762   0.00485123
 -0.00695001            0   0.00485123   0.00694137
  -0.0161762  -0.00485123            0  0.000315511
 -0.00485123  -0.00694137 -0.000315511            0
EndNode2[0]<--->BSA[0]
REAL
   0.343829   0.0015918  0.00920873    0.193789
  0.0015918    0.161209   0.0549351 -0.00920873
 0.00920873   0.0549351    0.185139  -0.0309285
   0.193789 -0.00920873  -0.0309285    0.309824
IMAGINARY
          0  0.00342466  -0.0143501 -0.00690562
-0.00342466           0  -0.0113871  -0.0124245
  0.0143501   0.0113871           0  0.00342466
 0.00690562   0.0124245 -0.00342466           0
Repeater1[0]<--->EndNode1[0]
REAL
   0.315337  -0.0107787   0.0121367    0.202747
 -0.0107787    0.181595   0.0633816 -0.00272813
  0.0121367   0.0633816    0.161963  -0.0120707
   0.202747 -0.00272813  -0.0120707    0.341104
IMAGINARY
           0    0.0161762   0.00695001   0.00485123
  -0.0161762            0  -0.00485123  0.000315511
 -0.00695001   0.00485123            0   0.00694137
 -0.00485123 -0.000315511  -0.00694137            0
Repeater1[0]<--->BSA[0]
REAL
   0.343829  0.00920873   0.0015918    0.193789
 0.00920873    0.185139   0.0549351  -0.0309285
  0.0015918   0.0549351    0.161209 -0.00920873
   0.193789  -0.0309285 -0.00920873    0.309824
IMAGINARY
          0  -0.0143501  0.00342466 -0.00690562
  0.0143501           0   0.0113871  0.00342466
-0.00342466  -0.0113871           0  -0.0124245
 0.00690562 -0.00342466   0.0124245           0
EndNode1[0]<--->Repeater1[0]
REAL
   0.336565 -0.00853217  -0.0221416    0.197432
-0.00853217     0.17036   0.0593951 -0.00321604
 -0.0221416   0.0593951    0.171745  0.00788197
   0.197432 -0.00321604  0.00788197     0.32133
IMAGINARY
          0 -0.00153496  0.00547105    0.017807
 0.00153496           0  0.00690782   0.0123204
-0.00547105 -0.00690782           0  -0.0101215
  -0.017807  -0.0123204   0.0101215           0
EndNode2[0]<--->BSA[0]
REAL
   0.322424   0.0184918   0.0213956    0.194458
  0.0184918    0.156364    0.078564 5.20194e-06
  0.0213956    0.078564     0.18303  0.00420604
   0.194458 5.20194e-06  0.00420604    0.338182
IMAGINARY
          0  0.00368827  -0.0197484  -0.0116789
-0.00368827           0  -0.0070308 -0.00475492
  0.0197484   0.0070308           0 -0.00567503
  0.0116789  0.00475492  0.00567503           0
Repeater1[0]<--->EndNode1[0]
REAL
   0.336565  -0.0221416 -0.00853217    0.197432
 -0.0221416    0.171745   0.0593951  0.00788197
-0.00853217   0.0593951     0.17036 -0.00321604
   0.197432  0.00788197 -0.00321604     0.32133
IMAGINARY
          0  0.00547105 -0.00153496    0.017807
-0.00547105           0 -0.00690782  -0.0101215
 0.00153496  0.00690782           0   0.0123204
  -0.017807   0.0101215  -0.0123204           0
Repeater1[0]<--->BSA[0]
REAL
   0.322424   0.0213956   0.0184918    0.194458
  0.0213956     0.18303    0.078564  0.00420604
  0.0184918    0.078564    0.156364 5.20194e-06
   0.194458  0.00420604 5.20194e-06    0.338182
IMAGINARY
          0  -0.0197484  0.00368827  -0.0116789
  0.0197484           0   0.0070308 -0.00567503
-0.00368827  -0.0070308           0 -0.00475492
  0.0116789  0.00567503  0.00475492           0
EndNode1[0]<--->Repeater1[0]
REAL
  0.341789  0.0141378  0.0266606   0.212571
 0.0141378    0.17757  0.0598612 0.00649933
 0.0266606  0.0598612   0.152203   0.038528
  0.212571 0.00649933   0.038528   0.328438
IMAGINARY
          0 -0.00720773  -0.0232729    0.026348
 0.00720773           0  -0.0237839  0.00356851
  0.0232729   0.0237839           0 -0.00264449
  -0.026348 -0.00356851  0.00264449           0
EndNode2[0]<--->BSA[0]
REAL
  0.319066   0.018798 0.00172227   0.180629
  0.018798   0.167315  0.0504741 -0.0147334
0.00172227  0.0504741   0.193256 -0.0132217
  0.180629 -0.0147334 -0.0132217   0.320363
IMAGINARY
          0  0.00908331  -0.0068557 -0.00152532
-0.00908331           0  0.00756559  -0.0176288
  0.0068557 -0.00756559           0  0.00638061
 0.00152532   0.0176288 -0.00638061           0
Repeater1[0]<--->EndNode1[0]
REAL
  0.341789  0.0266606  0.0141378   0.212571
 0.0266606   0.152203  0.0598612   0.038528
 0.0141378  0.0598612    0.17757 0.00649933
  0.212571   0.038528 0.00649933   0.328438
IMAGINARY
          0  -0.0232729 -0.00720773    0.026348
  0.0232729           0   0.0237839 -0.00264449
 0.00720773  -0.0237839           0  0.00356851
  -0.026348  0.00264449 -0.00356851           0
Repeater1[0]<--->BSA[0]
REAL
  0.319066 0.00172227   0.018798   0.180629
0.00172227   0.193256  0.0504741 -0.0132217
  0.018798  0.0504741   0.167315 -0.0147334
  0.180629 -0.0132217 -0.0147334   0.320363
IMAGINARY
          0  -0.0068557  0.00908331 -0.00152532
  0.0068557           0 -0.00756559  0.00638061
-0.00908331  0.00756559           0  -0.0176288
 0.00152532 -0.00638061   0.0176288           0
EndNode1[0]<--->Repeater1[0]
REAL
   0.347722 7.14939e-05 -0.00043594     0.21343
7.14939e-05     0.16307   0.0472083 -0.00488321
-0.00043594   0.0472083    0.173861  -0.0133694
    0.21343 -0.00488321  -0.0133694    0.315348
IMAGINARY
           0    0.0181304   -0.0218986 -0.000191921
  -0.0181304            0   -0.0106086   0.00387458
   0.0218986    0.0106086            0   0.00256382
 0.000191921  -0.00387458  -0.00256382            0
EndNode2[0]<--->BSA[0]
REAL
   0.323604  -0.0170451 -0.00917265    0.219455
 -0.0170451    0.164975   0.0351144  0.00395071
-0.00917265   0.0351144    0.175127   0.0013793
   0.219455  0.00395071   0.0013793    0.336294
IMAGINARY
          0  -0.0108012   0.0130798   0.0220511
  0.0108012           0   0.0140935  -0.0112303
 -0.0130798  -0.0140935           0 -0.00337881
 -0.0220511   0.0112303  0.00337881           0
Repeater1[0]<--->EndNode1[0]
REAL
   0.347722 -0.00043594 7.14939e-05     0.21343
-0.00043594    0.173861   0.0472083  -0.0133694
7.14939e-05   0.0472083     0.16307 -0.00488321
    0.21343  -0.0133694 -0.00488321    0.315348
IMAGINARY
           0   -0.0218986    0.0181304 -0.000191921
   0.0218986            0    0.0106086   0.00256382
  -0.0181304   -0.0106086            0   0.00387458
 0.000191921  -0.00256382  -0.00387458            0
Repeater1[0]<--->BSA[0]
REAL
   0.323604 -0.00917265  -0.0170451    0.219455
-0.00917265    0.175127   0.0351144   0.0013793
 -0.0170451   0.0351144    0.164975  0.00395071
   0.219455   0.0013793  0.00395071    0.336294
IMAGINARY
          0   0.0130798  -0.0108012   0.0220511
 -0.0130798           0  -0.0140935 -0.00337881
  0.0108012   0.0140935           0  -0.0112303
 -0.0220511  0.00337881   0.0112303           0
EndNode1[0]<--->Repeater1[0]
REAL
   0.324675 2.57754e-05    0.019192    0.203428
2.57754e-05    0.171429   0.0687414   0.0087753
   0.019192   0.0687414    0.179221  0.00474912
   0.203428   0.0087753  0.00474912    0.324675
IMAGINARY
           0   0.00220502  -0.00690766  0.000915751
 -0.00220502            0 -0.000915751    0.0013726
  0.00690766  0.000915751            0    0.0144001
-0.000915751   -0.0013726   -0.0144001            0
EndNode2[0]<--->BSA[0]
REAL
    0.35422 -0.00826675   0.0151774     0.21344
-0.00826675    0.170077   0.0558881 0.000665483
  0.0151774   0.0558881    0.158568 -0.00377381
    0.21344 0.000665483 -0.00377381    0.317136
IMAGINARY
           0  0.000971906    0.0124806 -0.000361986
-0.000971906            0   -0.0128456   0.00184231
  -0.0124806    0.0128456            0  -0.00618024
 0.000361986  -0.00184231   0.00618024            0
Repeater1[0]<--->EndNode1[0]
REAL
   0.324675    0.019192 2.57754e-05    0.203428
   0.019192    0.179221   0.0687414  0.00474912
2.57754e-05   0.0687414    0.171429   0.0087753
   0.203428  0.00474912   0.0087753    0.324675
IMAGINARY
           0  -0.00690766   0.00220502  0.000915751
  0.00690766            0  0.000915751    0.0144001
 -0.00220502 -0.000915751            0    0.0013726
-0.000915751   -0.0144001   -0.0013726            0
Repeater1[0]<--->BSA[0]
REAL
    0.35422   0.0151774 -0.00826675     0.21344
  0.0151774    0.158568   0.0558881 -0.00377381
-0.00826675   0.0558881    0.170077 0.000665483
    0.21344 -0.00377381 0.000665483    0.317136
IMAGINARY
           0    0.0124806  0.000971906 -0.000361986
  -0.0124806            0    0.0128456  -0.00618024
-0.000971906   -0.0128456            0   0.00184231
 0.000361986   0.00618024  -0.00184231            0
EndNode1[0]<--->Repeater1[0]
REAL
   0.295664   0.0168491 -0.00742123    0.211513
  0.0168491    0.157687   0.0559003  0.00368988
-0.00742123   0.0559003    0.178712  0.00305143
   0.211513  0.00368988  0.00305143    0.367937
IMAGINARY
           0  -0.00638566  -0.00259421  0.000215903
  0.00638566            0    0.0146089   -0.0165384
  0.00259421   -0.0146089            0    -0.012747
-0.000215903    0.0165384     0.012747            0
EndNode2[0]<--->BSA[0]
REAL
    0.33801 -0.00399949  0.00743109    0.194823
-0.00399949    0.154337   0.0315194 0.000241546
 0.00743109   0.0315194    0.177296   0.0142297
   0.194823 0.000241546   0.0142297    0.330357
IMAGINARY
          0  0.00798437  0.00266965  0.00219479
-0.00798437           0   0.0144497 -0.00708327
-0.00266965  -0.0144497           0  0.00021235
-0.00219479  0.00708327 -0.00021235           0
Repeater1[0]<--->EndNode1[0]
REAL
   0.295664 -0.00742123   0.0168491    0.211513
-0.00742123    0.178712   0.0559003  0.00305143
  0.0168491   0.0559003    0.157687  0.00368988
   0.211513  0.00305143  0.00368988    0.367937
IMAGINARY
           0  -0.00259421  -0.00638566  0.000215903
  0.00259421            0   -0.0146089    -0.012747
  0.00638566    0.0146089            0   -0.0165384
-0.000215903     0.012747    0.0165384            0
Repeater1[0]<--->BSA[0]
REAL
    0.33801  0.00743109 -0.00399949    0.194823
 0.00743109    0.177296   0.0315194   0.0142297
-0.00399949   0.0315194    0.154337 0.000241546
   0.194823   0.0142297 0.000241546    0.330357
IMAGINARY
          0  0.00266965  0.00798437  0.00219479
-0.00266965           0  -0.0144497  0.00021235
-0.00798437   0.0144497           0 -0.00708327
-0.00219479 -0.00021235  0.00708327           0
EndNode1[0]<--->Repeater1[0]
REAL
  0.316527 0.00143437  0.0149992   0.199225
0.00143437   0.186275  0.0761283 0.00489815
 0.0149992  0.0761283   0.176471  0.0120444
  0.199225 0.00489815  0.0120444   0.320728
IMAGINARY
          0  -0.0025093  0.00254289  -0.0154639
  0.0025093           0 -0.00248487  0.00634036
-0.00254289  0.00248487           0  0.00504737
  0.0154639 -0.00634036 -0.00504737           0
EndNode2[0]<--->BSA[0]
REAL
  0.325224 0.00442026  0.0205792      0.202
0.00442026   0.193342  0.0556124 0.00804441
 0.0205792  0.0556124   0.171575  0.0205493
     0.202 0.00804441  0.0205493   0.309859
IMAGINARY
          0  0.00862825   0.0260827   0.0083653
-0.00862825           0  -0.0185955  -0.0064376
 -0.0260827   0.0185955           0 -0.00419226
 -0.0083653   0.0064376  0.00419226           0
Repeater1[0]<--->EndNode1[0]
REAL
  0.316527  0.0149992 0.00143437   0.199225
 0.0149992   0.176471  0.0761283  0.0120444
0.00143437  0.0761283   0.186275 0.00489815
  0.199225  0.0120444 0.00489815   0.320728
IMAGINARY
          0  0.00254289  -0.0025093  -0.0154639
-0.00254289           0  0.00248487  0.00504737
  0.0025093 -0.00248487           0  0.00634036
  0.0154639 -0.00504737 -0.00634036           0
Repeater1[0]<--->BSA[0]
REAL
  0.325224  0.0205792 0.00442026      0.202
 0.0205792   0.171575  0.0556124  0.0205493
0.00442026  0.0556124   0.193342 0.00804441
     0.202  0.0205493 0.00804441   0.309859
IMAGINARY
          0   0.0260827  0.00862825   0.0083653
 -0.0260827           0   0.0185955 -0.00419226
-0.00862825  -0.0185955           0  -0.0064376
 -0.0083653  0.00419226   0.0064376           0
EndNode1[0]<--->Repeater1[0]
REAL
 0.360656 0.0126743 0.0193218   0.22685
0.0126743  0.162673 0.0551522 0.0294741
0.0193218 0.0551522  0.157629 0.0158428
  0.22685 0.0294741 0.0158428  0.319042
IMAGINARY
          0   0.0096335   0.0234006   0.0197358
 -0.0096335           0 -0.00575442  0.00615918
 -0.0234006  0.00575442           0  -0.0178096
 -0.0197358 -0.00615918   0.0178096           0
EndNode2[0]<--->BSA[0]
REAL
   0.330446   0.0151808   0.0190039    0.204926
  0.0151808    0.155941   0.0630955 -0.00262123
  0.0190039   0.0630955    0.163366  0.00775502
   0.204926 -0.00262123  0.00775502    0.350248
IMAGINARY
          0 -0.00304766  0.00763181  0.00423171
 0.00304766           0  0.00360119  -0.0135142
-0.00763181 -0.00360119           0  0.00631563
-0.00423171   0.0135142 -0.00631563           0
Repeater1[0]<--->EndNode1[0]
REAL
 0.360656 0.0193218 0.0126743   0.22685
0.0193218  0.157629 0.0551522 0.0158428
0.0126743 0.0551522  0.162673 0.0294741
  0.22685 0.0158428 0.0294741  0.319042
IMAGINARY
          0   0.0234006   0.0096335   0.0197358
 -0.0234006           0  0.00575442  -0.0178096
 -0.0096335 -0.00575442           0  0.00615918
 -0.0197358   0.0178096 -0.00615918           0
Repeater1[0]<--->BSA[0]
REAL
   0.330446   0.0190039   0.0151808    0.204926
  0.0190039    0.163366   0.0630955  0.00775502
  0.0151808   0.0630955    0.155941 -0.00262123
   0.204926  0.00775502 -0.00262123    0.350248
IMAGINARY
          0  0.00763181 -0.00304766  0.00423171
-0.00763181           0 -0.00360119  0.00631563
 0.00304766  0.00360119           0  -0.0135142
-0.00423171 -0.00631563   0.0135142           0
EndNode1[0]<--->Repeater1[0]
REAL
   0.339719  -0.0115011  -0.0147386    0.204523
 -0.0115011    0.159642   0.0623096 -0.00645838
 -0.0147386   0.0623096    0.159642  -0.0134366
   0.204523 -0.00645838  -0.0134366    0.340996
IMAGINARY
          0   0.0212266   0.0088296 -0.00595346
 -0.0212266           0  0.00144896  -0.0081861
 -0.0088296 -0.00144896           0 -0.00900009
 0.00595346   0.0081861  0.00900009           0
EndNode2[0]<--->BSA[0]
REAL
  0.315726 -0.0124103  0.0033254   0.182097
-0.0124103    0.17407  0.0617264 0.00772792
 0.0033254  0.0617264   0.168067  0.0195625
  0.182097 0.00772792  0.0195625   0.342137
IMAGINARY
          0   0.0144251 -0.00265603  -0.0103662
 -0.0144251           0   0.0065299  0.00530153
 0.00265603  -0.0065299           0  -0.0183934
  0.0103662 -0.00530153   0.0183934           0
Repeater1[0]<--->EndNode1[0]
REAL
   0.339719  -0.0147386  -0.0115011    0.204523
 -0.0147386    0.159642   0.0623096  -0.0134366
 -0.0115011   0.0623096    0.159642 -0.00645838
   0.204523  -0.0134366 -0.00645838    0.340996
IMAGINARY
          0   0.0088296   0.0212266 -0.00595346
 -0.0088296           0 -0.00144896 -0.00900009
 -0.0212266  0.00144896           0  -0.0081861
 0.00595346  0.00900009   0.0081861           0
Repeater1[0]<--->BSA[0]
REAL
  0.315726  0.0033254 -0.0124103   0.182097
 0.0033254   0.168067  0.0617264  0.0195625
-0.0124103  0.0617264    0.17407 0.00772792
  0.182097  0.0195625 0.00772792   0.342137
IMAGINARY
          0 -0.00265603   0.0144251  -0.0103662
 0.00265603           0  -0.0065299  -0.0183934
 -0.0144251   0.0065299           0  0.00530153
  0.0103662   0.0183934 -0.00530153           0
EndNode1[0]<--->Repeater1[0]
REAL
   0.327296 -0.00923347  -0.0132457    0.199085
-0.00923347    0.190168   0.0606236   0.0108185
 -0.0132457   0.0606236    0.155239    0.016515
   0.199085   0.0108185    0.016515    0.327296
IMAGINARY
          0  0.00199972  0.00223906   0.0280407
-0.00199972           0    0.013792   0.0092994
-0.00223906   -0.013792           0 -0.00071767
 -0.0280407  -0.0092994  0.00071767           0
EndNode2[0]<--->BSA[0]
REAL
   0.340702  0.00951928 -0.00380702     0.19809
 0.00951928    0.146944   0.0440976   0.0129216
-0.00380702   0.0440976    0.171651   0.0230328
    0.19809   0.0129216   0.0230328    0.340702
IMAGINARY
           0  -0.00384559    0.0103481  -0.00725307
  0.00384559            0  0.000725654  -0.00591208
  -0.0103481 -0.000725654            0   0.00574673
  0.00725307   0.00591208  -0.00574673            0
Repeater1[0]<--->EndNode1[0]
REAL
   0.327296  -0.0132457 -0.00923347    0.199085
 -0.0132457    0.155239   0.0606236    0.016515
-0.00923347   0.0606236    0.190168   0.0108185
   0.199085    0.016515   0.0108185    0.327296
IMAGINARY
          0  0.00223906  0.00199972   0.0280407
-0.00223906           0   -0.013792 -0.00071767
-0.00199972    0.013792           0   0.0092994
 -0.0280407  0.00071767  -0.0092994           0
Repeater1[0]<--->BSA[0]
REAL
   0.340702 -0.00380702  0.00951928     0.19809
-0.00380702    0.171651   0.0440976   0.0230328
 0.00951928   0.0440976    0.146944   0.0129216
    0.19809   0.0230328   0.0129216    0.340702
IMAGINARY
           0    0.0103481  -0.00384559  -0.00725307
  -0.0103481            0 -0.000725654   0.00574673
  0.00384559  0.000725654            0  -0.00591208
  0.00725307  -0.00574673   0.00591208            0
EndNode1[0]<--->Repeater1[0]
REAL
   0.321951 -0.00435323 -0.00102864    0.208107
-0.00435323     0.17561   0.0717436 -0.00643405
-0.00102864   0.0717436    0.154878 -0.00435323
   0.208107 -0.00643405 -0.00435323    0.347561
IMAGINARY
          0    0.015498  -0.0153619   0.0119232
  -0.015498           0   0.0152789  0.00367361
  0.0153619  -0.0152789           0 -0.00380964
 -0.0119232 -0.00367361  0.00380964           0
EndNode2[0]<--->BSA[0]
REAL
   0.306351  -0.0191703    0.011198    0.205653
 -0.0191703    0.159402   0.0649658 -0.00604337
   0.011198   0.0649658    0.169365  0.00886101
   0.205653 -0.00604337  0.00886101    0.364882
IMAGINARY
          0  0.00989459  0.00598039  -0.0252371
-0.00989459           0  -0.0113482  -0.0211719
-0.00598039   0.0113482           0  -0.0237651
  0.0252371   0.0211719   0.0237651           0
Repeater1[0]<--->EndNode1[0]
REAL
   0.321951 -0.00102864 -0.00435323    0.208107
-0.00102864    0.154878   0.0717436 -0.00435323
-0.00435323   0.0717436     0.17561 -0.00643405
   0.208107 -0.00435323 -0.00643405    0.347561
IMAGINARY
          0  -0.0153619    0.015498   0.0119232
  0.0153619           0  -0.0152789 -0.00380964
  -0.015498   0.0152789           0  0.00367361
 -0.0119232  0.00380964 -0.00367361           0
Repeater1[0]<--->BSA[0]
REAL
   0.306351    0.011198  -0.0191703    0.205653
   0.011198    0.169365   0.0649658  0.00886101
 -0.0191703   0.0649658    0.159402 -0.00604337
   0.205653  0.00886101 -0.00604337    0.364882
IMAGINARY
          0  0.00598039  0.00989459  -0.0252371
-0.00598039           0   0.0113482  -0.0237651
-0.00989459  -0.0113482           0  -0.0211719
  0.0252371   0.0237651   0.0211719           0
EndNode1[0]<--->Repeater1[0]
REAL
   0.336828    -0.01644  -0.0146287    0.210288
   -0.01644    0.167759   0.0810608 0.000633802
 -0.0146287   0.0810608    0.154653  -0.0128221
   0.210288 0.000633802  -0.0128221     0.34076
IMAGINARY
          0   0.0254152  -0.0449158 -0.00731383
 -0.0254152           0  0.00731383 -0.00943198
  0.0449158 -0.00731383           0   0.0108167
 0.00731383  0.00943198  -0.0108167           0
EndNode2[0]<--->BSA[0]
REAL
  0.332457 -0.0130384 -0.0105972   0.209632
-0.0130384   0.187911  0.0390591 0.00143489
-0.0105972  0.0390591   0.176084 -0.0065951
  0.209632 0.00143489 -0.0065951   0.303548
IMAGINARY
          0  0.00849054 -0.00425165  0.00564202
-0.00849054           0  0.00692079   0.0289912
 0.00425165 -0.00692079           0  -0.0110947
-0.00564202  -0.0289912   0.0110947           0
Repeater1[0]<--->EndNode1[0]
REAL
   0.336828  -0.0146287    -0.01644    0.210288
 -0.0146287    0.154653   0.0810608  -0.0128221
   -0.01644   0.0810608    0.167759 0.000633802
   0.210288  -0.0128221 0.000633802     0.34076
IMAGINARY
          0  -0.0449158   0.0254152 -0.00731383
  0.0449158           0 -0.00731383   0.0108167
 -0.0254152  0.00731383           0 -0.00943198
 0.00731383  -0.0108167  0.00943198           0
Repeater1[0]<--->BSA[0]
REAL
  0.332457 -0.0105972 -0.0130384   0.209632
-0.0105972   0.176084  0.0390591 -0.0065951
-0.0130384  0.0390591   0.187911 0.00143489
  0.209632 -0.0065951 0.00143489   0.303548
IMAGINARY
          0 -0.00425165  0.00849054  0.00564202
 0.00425165           0 -0.00692079  -0.0110947
-0.00849054  0.00692079           0   0.0289912
-0.00564202   0.0110947  -0.0289912           0
EndNode1[0]<--->Repeater1[0]
REAL
  0.318017  0.0181235 0.00539087   0.203046
 0.0181235   0.185006  0.0565818  0.0138654
0.00539087  0.0565818   0.162031  0.0263652
  0.203046  0.0138654  0.0263652   0.334946
IMAGINARY
          0  -0.0210381 -0.00729065   -0.015983
  0.0210381           0  -0.0354309  -0.0166993
 0.00729065   0.0354309           0  0.00967445
   0.015983   0.0166993 -0.00967445           0
EndNode2[0]<--->BSA[0]
REAL
  0.314249 0.00672043 0.00543262    0.20498
0.00672043   0.161578  0.0651814 0.00666415
0.00543262  0.0651814   0.193384 0.00672043
   0.20498 0.00666415 0.00672043   0.330789
IMAGINARY
          0  -0.0111642  -0.0290715   0.0154731
  0.0111642           0  -0.0181186  0.00262317
  0.0290715   0.0181186           0 -0.00268966
 -0.0154731 -0.00262317  0.00268966           0
Repeater1[0]<--->EndNode1[0]
REAL
  0.318017 0.00539087  0.0181235   0.203046
0.00539087   0.162031  0.0565818  0.0263652
 0.0181235  0.0565818   0.185006  0.0138654
  0.203046  0.0263652  0.0138654   0.334946
IMAGINARY
          0 -0.00729065  -0.0210381   -0.015983
 0.00729065           0   0.0354309  0.00967445
  0.0210381  -0.0354309           0  -0.0166993
   0.015983 -0.00967445   0.0166993           0
Repeater1[0]<--->BSA[0]
REAL
  0.314249 0.00543262 0.00672043    0.20498
0.00543262   0.193384  0.0651814 0.00672043
0.00672043  0.0651814   0.161578 0.00666415
   0.20498 0.00672043 0.00666415   0.330789
IMAGINARY
          0  -0.0290715  -0.0111642   0.0154731
  0.0290715           0   0.0181186 -0.00268966
  0.0111642  -0.0181186           0  0.00262317
 -0.0154731  0.00268966 -0.00262317           0
EndNode1[0]<--->Repeater1[0]
REAL
   0.311869  0.00919692   0.0165826    0.209767
 0.00919692    0.195707    0.056115   0.0151821
  0.0165826    0.056115    0.165404 -0.00213809
   0.209767   0.0151821 -0.00213809     0.32702
IMAGINARY
          0 -0.00686015   0.0152574  0.00562914
 0.00686015           0  0.00562914  -0.0139979
 -0.0152574 -0.00562914           0   0.0118979
-0.00562914   0.0139979  -0.0118979           0
EndNode2[0]<--->BSA[0]
REAL
   0.31201 -0.0122759 -0.0177636    0.19153
-0.0122759   0.191906  0.0624093 -0.0107213
-0.0177636  0.0624093   0.184073 0.00197284
   0.19153 -0.0107213 0.00197284    0.31201
IMAGINARY
          0  0.00830668  -0.0211329  0.00869152
-0.00830668           0   0.0193833   0.0115175
  0.0211329  -0.0193833           0  0.00955046
-0.00869152  -0.0115175 -0.00955046           0
Repeater1[0]<--->EndNode1[0]
REAL
   0.311869   0.0165826  0.00919692    0.209767
  0.0165826    0.165404    0.056115 -0.00213809
 0.00919692    0.056115    0.195707   0.0151821
   0.209767 -0.00213809   0.0151821     0.32702
IMAGINARY
          0   0.0152574 -0.00686015  0.00562914
 -0.0152574           0 -0.00562914   0.0118979
 0.00686015  0.00562914           0  -0.0139979
-0.00562914  -0.0118979   0.0139979           0
Repeater1[0]<--->BSA[0]
REAL
   0.31201 -0.0177636 -0.0122759    0.19153
-0.0177636   0.184073  0.0624093 0.00197284
-0.0122759  0.0624093   0.191906 -0.0107213
   0.19153 0.00197284 -0.0107213    0.31201
IMAGINARY
          0  -0.0211329  0.00830668  0.00869152
  0.0211329           0  -0.0193833  0.00955046
-0.00830668   0.0193833           0   0.0115175
-0.00869152 -0.00955046  -0.0115175           0
EndNode1[0]<--->Repeater1[0]
REAL
  0.309278  0.0138367 0.00379042   0.214097
 0.0138367   0.185567  0.0556233 0.00257091
0.00379042  0.0556233   0.166237  0.0192421
  0.214097 0.00257091  0.0192421   0.338918
IMAGINARY
          0 -0.00070502  0.00484788  -0.0075984
 0.00070502           0    0.011009   0.0100292
-0.00484788   -0.011009           0   0.0142885
  0.0075984  -0.0100292  -0.0142885           0
EndNode2[0]<--->BSA[0]
REAL
    0.35054 -0.00213606 -0.00881041     0.20428
-0.00213606    0.162065   0.0682744   0.0132577
-0.00881041   0.0682744    0.158463   0.0103953
    0.20428   0.0132577   0.0103953    0.328932
IMAGINARY
          0   0.0135039 -0.00200076  -0.0101546
 -0.0135039           0  -0.0142196 -0.00522657
 0.00200076   0.0142196           0  0.00292187
  0.0101546  0.00522657 -0.00292187           0
Repeater1[0]<--->EndNode1[0]
REAL
  0.309278 0.00379042  0.0138367   0.214097
0.00379042   0.166237  0.0556233  0.0192421
 0.0138367  0.0556233   0.185567 0.00257091
  0.214097  0.0192421 0.00257091   0.338918
IMAGINARY
          0  0.00484788 -0.00070502  -0.0075984
-0.00484788           0   -0.011009   0.0142885
 0.00070502    0.011009           0   0.0100292
  0.0075984  -0.0142885  -0.0100292           0
Repeater1[0]<--->BSA[0]
REAL
    0.35054 -0.00881041 -0.00213606     0.20428
-0.00881041    0.158463   0.0682744   0.0103953
-0.00213606   0.0682744    0.162065   0.0132577
    0.20428   0.0103953   0.0132577    0.328932
IMAGINARY
          0 -0.00200076   0.0135039  -0.0101546
 0.00200076           0   0.0142196  0.00292187
 -0.0135039  -0.0142196           0 -0.00522657
  0.0101546 -0.00292187  0.00522657           0
EndNode1[0]<--->Repeater1[0]
REAL
    0.32197  -0.0121841 -0.00953291    0.201538
 -0.0121841    0.167929     0.05515  0.00380042
-0.00953291     0.05515    0.176768 -0.00501333
   0.201538  0.00380042 -0.00501333    0.333333
IMAGINARY
           0  0.000333875    0.0107901    0.0164285
-0.000333875            0  -0.00776509   0.00632014
  -0.0107901   0.00776509            0  -0.00350244
  -0.0164285  -0.00632014   0.00350244            0
EndNode2[0]<--->BSA[0]
REAL
   0.313237  0.00559987 -0.00352865    0.208655
 0.00559987     0.17038    0.038442 -0.00485844
-0.00352865    0.038442    0.207077  -0.0165676
   0.208655 -0.00485844  -0.0165676    0.309305
IMAGINARY
          0  0.00598404  -0.0029499  -0.0144293
-0.00598404           0  -0.0170133   0.0308754
  0.0029499   0.0170133           0  0.00598404
  0.0144293  -0.0308754 -0.00598404           0
