EndNode1[0]<--->Repeater1[0]
REAL
   0.465629   0.0072635  -0.0200682    0.178643
  0.0072635     0.12192  -0.0020962 -0.00183902
 -0.0200682  -0.0020962    0.184176 -0.00468618
   0.178643 -0.00183902 -0.00468618    0.228275
IMAGINARY
          0  0.00359723  -0.0128236 -0.00381423
-0.00359723           0   0.0161359 -0.00432683
  0.0128236  -0.0161359           0   0.0161917
 0.00381423  0.00432683  -0.0161917           0
EndNode2[0]<--->BSA[0]
REAL
   0.472186 -0.00583193  -0.0220445    0.244743
-0.00583193    0.146184   0.0316064   0.0156178
 -0.0220445   0.0316064   0.0944373  0.00454658
   0.244743   0.0156178  0.00454658    0.287193
IMAGINARY
          0  -0.0247632  0.00628298  -0.0157908
  0.0247632           0   0.0118845   0.0299101
-0.00628298  -0.0118845           0  -0.0114298
  0.0157908  -0.0299101   0.0114298           0
Repeater1[0]<--->EndNode1[0]
REAL
   0.465629  -0.0200682   0.0072635    0.178643
 -0.0200682    0.184176  -0.0020962 -0.00468618
  0.0072635  -0.0020962     0.12192 -0.00183902
   0.178643 -0.00468618 -0.00183902    0.228275
IMAGINARY
          0  -0.0128236  0.00359723 -0.00381423
  0.0128236           0  -0.0161359   0.0161917
-0.00359723   0.0161359           0 -0.00432683
 0.00381423  -0.0161917  0.00432683           0
Repeater1[0]<--->BSA[0]
REAL
   0.472186  -0.0220445 -0.00583193    0.244743
 -0.0220445   0.0944373   0.0316064  0.00454658
-0.00583193   0.0316064    0.146184   0.0156178
   0.244743  0.00454658   0.0156178    0.287193
IMAGINARY
          0  0.00628298  -0.0247632  -0.0157908
-0.00628298           0  -0.0118845  -0.0114298
  0.0247632   0.0118845           0   0.0299101
  0.0157908   0.0114298  -0.0299101           0
EndNode1[0]<--->Repeater1[0]
REAL
   0.459864 -0.00492515   0.0146153    0.192011
-0.00492515    0.144218    0.016268  -0.0231567
  0.0146153    0.016268     0.17551 -0.00361625
   0.192011  -0.0231567 -0.00361625    0.220408
IMAGINARY
          0 -0.00611349  0.00788946   0.0057487
 0.00611349           0  -0.0136021   0.0218135
-0.00788946   0.0136021           0  -0.0161637
 -0.0057487  -0.0218135   0.0161637           0
EndNode2[0]<--->BSA[0]
REAL
   0.445312 -0.00348313  -0.0156409    0.241939
-0.00348313    0.136719   0.0245209  0.00383964
 -0.0156409   0.0245209       0.125  -0.0132871
   0.241939  0.00383964  -0.0132871    0.292969
IMAGINARY
           0 -0.000765547 -0.000855867    0.0198048
 0.000765547            0   0.00375541   -0.0021892
 0.000855867  -0.00375541            0   -0.0108057
  -0.0198048    0.0021892    0.0108057            0
Repeater1[0]<--->EndNode1[0]
REAL
   0.459864   0.0146153 -0.00492515    0.192011
  0.0146153     0.17551    0.016268 -0.00361625
-0.00492515    0.016268    0.144218  -0.0231567
   0.192011 -0.00361625  -0.0231567    0.220408
IMAGINARY
          0  0.00788946 -0.00611349   0.0057487
-0.00788946           0   0.0136021  -0.0161637
 0.00611349  -0.0136021           0   0.0218135
 -0.0057487   0.0161637  -0.0218135           0
Repeater1[0]<--->BSA[0]
REAL
   0.445312  -0.0156409 -0.00348313    0.241939
 -0.0156409       0.125   0.0245209  -0.0132871
-0.00348313   0.0245209    0.136719  0.00383964
   0.241939  -0.0132871  0.00383964    0.292969
IMAGINARY
           0 -0.000855867 -0.000765547    0.0198048
 0.000855867            0  -0.00375541   -0.0108057
 0.000765547   0.00375541            0   -0.0021892
  -0.0198048    0.0108057    0.0021892            0
EndNode1[0]<--->Repeater1[0]
REAL
   0.454658  0.00141467 -0.00868628    0.197554
 0.00141467    0.147826   0.0278411  0.00321848
-0.00868628   0.0278411    0.170186 -0.00445234
   0.197554  0.00321848 -0.00445234    0.227329
IMAGINARY
           0   0.00480297   0.00811289    0.0129061
 -0.00480297            0 -0.000944347   -0.0133348
 -0.00811289  0.000944347            0  -0.00610845
  -0.0129061    0.0133348   0.00610845            0
EndNode2[0]<--->BSA[0]
REAL
   0.438172  -0.0108834  -0.0169196    0.234101
 -0.0108834    0.138441   0.0374007 -0.00426139
 -0.0169196   0.0374007    0.114247   -0.012865
   0.234101 -0.00426139   -0.012865     0.30914
IMAGINARY
          0  -0.0196742  0.00461483  -0.0033824
  0.0196742           0   0.0046324 -0.00588386
-0.00461483  -0.0046324           0  0.00698382
  0.0033824  0.00588386 -0.00698382           0
Repeater1[0]<--->EndNode1[0]
REAL
   0.454658 -0.00868628  0.00141467    0.197554
-0.00868628    0.170186   0.0278411 -0.00445234
 0.00141467   0.0278411    0.147826  0.00321848
   0.197554 -0.00445234  0.00321848    0.227329
IMAGINARY
           0   0.00811289   0.00480297    0.0129061
 -0.00811289            0  0.000944347  -0.00610845
 -0.00480297 -0.000944347            0   -0.0133348
  -0.0129061   0.00610845    0.0133348            0
Repeater1[0]<--->BSA[0]
REAL
   0.438172  -0.0169196  -0.0108834    0.234101
 -0.0169196    0.114247   0.0374007   -0.012865
 -0.0108834   0.0374007    0.138441 -0.00426139
   0.234101   -0.012865 -0.00426139     0.30914
IMAGINARY
          0  0.00461483  -0.0196742  -0.0033824
-0.00461483           0  -0.0046324  0.00698382
  0.0196742   0.0046324           0 -0.00588386
  0.0033824 -0.00698382  0.00588386           0
EndNode1[0]<--->Repeater1[0]
REAL
    0.45512   0.0241612   0.0151039    0.200298
  0.0241612    0.120101   0.0193399  0.00427591
  0.0151039   0.0193399    0.176991 -0.00865733
   0.200298  0.00427591 -0.00865733    0.247788
IMAGINARY
          0  -0.0207011  0.00971375  0.00716326
  0.0207011           0  0.00192765 -0.00908324
-0.00971375 -0.00192765           0  -0.0038891
-0.00716326  0.00908324   0.0038891           0
EndNode2[0]<--->BSA[0]
REAL
   0.451187  0.00532484  -0.0126345    0.233805
 0.00532484    0.126649   0.0221948  -0.0113655
 -0.0126345   0.0221948    0.117414 -0.00932484
   0.233805  -0.0113655 -0.00932484    0.304749
IMAGINARY
          0  0.00865012  -0.0210308 -0.00932967
-0.00865012           0   0.0224383  0.00667372
  0.0210308  -0.0224383           0   0.0044585
 0.00932967 -0.00667372  -0.0044585           0
Repeater1[0]<--->EndNode1[0]
REAL
    0.45512   0.0151039   0.0241612    0.200298
  0.0151039    0.176991   0.0193399 -0.00865733
  0.0241612   0.0193399    0.120101  0.00427591
   0.200298 -0.00865733  0.00427591    0.247788
IMAGINARY
          0  0.00971375  -0.0207011  0.00716326
-0.00971375           0 -0.00192765  -0.0038891
  0.0207011  0.00192765           0 -0.00908324
-0.00716326   0.0038891  0.00908324           0
Repeater1[0]<--->BSA[0]
REAL
   0.451187  -0.0126345  0.00532484    0.233805
 -0.0126345    0.117414   0.0221948 -0.00932484
 0.00532484   0.0221948    0.126649  -0.0113655
   0.233805 -0.00932484  -0.0113655    0.304749
IMAGINARY
          0  -0.0210308  0.00865012 -0.00932967
  0.0210308           0  -0.0224383   0.0044585
-0.00865012   0.0224383           0  0.00667372
 0.00932967  -0.0044585 -0.00667372           0
EndNode1[0]<--->Repeater1[0]
REAL
   0.45974 -0.0111081 -0.0134993   0.191865
-0.0111081   0.145455   0.017355  0.0142085
-0.0134993   0.017355   0.192208  0.0160727
  0.191865  0.0142085  0.0160727   0.202597
IMAGINARY
          0 -0.00974429 -0.00765129  0.00780269
 0.00974429           0 -0.00394665  0.00569051
 0.00765129  0.00394665           0   0.0103979
-0.00780269 -0.00569051  -0.0103979           0
EndNode2[0]<--->BSA[0]
REAL
   0.413474  0.00572726   0.0082236    0.244449
 0.00572726    0.130779   0.0320658  -0.0284256
  0.0082236   0.0320658    0.116248 0.000585872
   0.244449  -0.0284256 0.000585872    0.339498
IMAGINARY
          0 -0.00143437  -0.0210112  0.00521936
 0.00143437           0  0.00456059   0.0150192
  0.0210112 -0.00456059           0  0.00742639
-0.00521936  -0.0150192 -0.00742639           0
Repeater1[0]<--->EndNode1[0]
REAL
   0.45974 -0.0134993 -0.0111081   0.191865
-0.0134993   0.192208   0.017355  0.0160727
-0.0111081   0.017355   0.145455  0.0142085
  0.191865  0.0160727  0.0142085   0.202597
IMAGINARY
          0 -0.00765129 -0.00974429  0.00780269
 0.00765129           0  0.00394665   0.0103979
 0.00974429 -0.00394665           0  0.00569051
-0.00780269  -0.0103979 -0.00569051           0
Repeater1[0]<--->BSA[0]
REAL
   0.413474   0.0082236  0.00572726    0.244449
  0.0082236    0.116248   0.0320658 0.000585872
 0.00572726   0.0320658    0.130779  -0.0284256
   0.244449 0.000585872  -0.0284256    0.339498
IMAGINARY
          0  -0.0210112 -0.00143437  0.00521936
  0.0210112           0 -0.00456059  0.00742639
 0.00143437  0.00456059           0   0.0150192
-0.00521936 -0.00742639  -0.0150192           0
