EndNode1[0]<--->Repeater1[0]
REAL
   0.419924  -0.0177047  -0.0230622    0.188443
 -0.0177047   0.0680958   0.0217766 -0.00733888
 -0.0230622   0.0217766   0.0832282  0.00800224
   0.188443 -0.00733888  0.00800224    0.428752
IMAGINARY
          0  -0.0140319  -0.0155642  0.00590331
  0.0140319           0  -0.0259033 -0.00194553
  0.0155642   0.0259033           0 -0.00347782
-0.00590331  0.00194553  0.00347782           0
EndNode2[0]<--->BSA[0]
REAL
  0.427657  0.0119115  0.0060459   0.188257
 0.0119115  0.0614597 0.00551635  0.0072959
 0.0060459 0.00551635  0.0806658    0.02049
  0.188257  0.0072959    0.02049   0.430218
IMAGINARY
          0   0.0194577  -0.0154438   0.0159874
 -0.0194577           0 -0.00481793   0.0116367
  0.0154438  0.00481793           0   0.0122682
 -0.0159874  -0.0116367  -0.0122682           0
Repeater1[0]<--->EndNode1[0]
REAL
   0.419924  -0.0230622  -0.0177047    0.188443
 -0.0230622   0.0832282   0.0217766  0.00800224
 -0.0177047   0.0217766   0.0680958 -0.00733888
   0.188443  0.00800224 -0.00733888    0.428752
IMAGINARY
          0  -0.0155642  -0.0140319  0.00590331
  0.0155642           0   0.0259033 -0.00347782
  0.0140319  -0.0259033           0 -0.00194553
-0.00590331  0.00347782  0.00194553           0
Repeater1[0]<--->BSA[0]
REAL
  0.427657  0.0060459  0.0119115   0.188257
 0.0060459  0.0806658 0.00551635    0.02049
 0.0119115 0.00551635  0.0614597  0.0072959
  0.188257    0.02049  0.0072959   0.430218
IMAGINARY
          0  -0.0154438   0.0194577   0.0159874
  0.0154438           0  0.00481793   0.0122682
 -0.0194577 -0.00481793           0   0.0116367
 -0.0159874  -0.0122682  -0.0116367           0
EndNode1[0]<--->Repeater1[0]
REAL
   0.450578  -0.0110059  0.00185551    0.174082
 -0.0110059   0.0616175   0.0013799  -0.0269215
 0.00185551   0.0013799   0.0808729 -0.00350594
   0.174082  -0.0269215 -0.00350594    0.406932
IMAGINARY
          0  -0.0100156  0.00128972  0.00151265
  0.0100156           0  -0.0262651   0.0293509
-0.00128972   0.0262651           0  0.00305181
-0.00151265  -0.0293509 -0.00305181           0
EndNode2[0]<--->BSA[0]
REAL
   0.429129   0.0150126  0.00106376    0.180448
  0.0150126   0.0676203   0.0107474  -0.0227458
 0.00106376   0.0107474   0.0585176 -0.00384307
   0.180448  -0.0227458 -0.00384307    0.444733
IMAGINARY
           0    0.0001596   0.00937807    0.0200787
  -0.0001596            0  2.85566e-05   0.00427603
 -0.00937807 -2.85566e-05            0   0.00439176
  -0.0200787  -0.00427603  -0.00439176            0
Repeater1[0]<--->EndNode1[0]
REAL
   0.450578  0.00185551  -0.0110059    0.174082
 0.00185551   0.0808729   0.0013799 -0.00350594
 -0.0110059   0.0013799   0.0616175  -0.0269215
   0.174082 -0.00350594  -0.0269215    0.406932
IMAGINARY
          0  0.00128972  -0.0100156  0.00151265
-0.00128972           0   0.0262651  0.00305181
  0.0100156  -0.0262651           0   0.0293509
-0.00151265 -0.00305181  -0.0293509           0
Repeater1[0]<--->BSA[0]
REAL
   0.429129  0.00106376   0.0150126    0.180448
 0.00106376   0.0585176   0.0107474 -0.00384307
  0.0150126   0.0107474   0.0676203  -0.0227458
   0.180448 -0.00384307  -0.0227458    0.444733
IMAGINARY
           0   0.00937807    0.0001596    0.0200787
 -0.00937807            0 -2.85566e-05   0.00439176
  -0.0001596  2.85566e-05            0   0.00427603
  -0.0200787  -0.00439176  -0.00427603            0
EndNode1[0]<--->Repeater1[0]
REAL
  0.444444 0.00284334 -0.0111579    0.19971
0.00284334  0.0674603  -0.006016  0.0130884
-0.0111579  -0.006016  0.0714286 0.00938317
   0.19971  0.0130884 0.00938317   0.416667
IMAGINARY
           0  -0.00773315  0.000495885    -0.033541
  0.00773315            0  -0.00579908    0.0121539
-0.000495885   0.00579908            0   0.00706737
    0.033541   -0.0121539  -0.00706737            0
EndNode2[0]<--->BSA[0]
REAL
   0.442055  0.00309837 -0.00574701     0.20764
 0.00309837   0.0645161 -0.00887476 -0.00783324
-0.00574701 -0.00887476   0.0764636  -0.0117403
    0.20764 -0.00783324  -0.0117403    0.416965
IMAGINARY
          0   0.0118857   0.0256197 -0.00522781
 -0.0118857           0 -0.00201857  0.00623986
 -0.0256197  0.00201857           0  -0.0125359
 0.00522781 -0.00623986   0.0125359           0
Repeater1[0]<--->EndNode1[0]
REAL
  0.444444 -0.0111579 0.00284334    0.19971
-0.0111579  0.0714286  -0.006016 0.00938317
0.00284334  -0.006016  0.0674603  0.0130884
   0.19971 0.00938317  0.0130884   0.416667
IMAGINARY
           0  0.000495885  -0.00773315    -0.033541
-0.000495885            0   0.00579908   0.00706737
  0.00773315  -0.00579908            0    0.0121539
    0.033541  -0.00706737   -0.0121539            0
Repeater1[0]<--->BSA[0]
REAL
   0.442055 -0.00574701  0.00309837     0.20764
-0.00574701   0.0764636 -0.00887476  -0.0117403
 0.00309837 -0.00887476   0.0645161 -0.00783324
    0.20764  -0.0117403 -0.00783324    0.416965
IMAGINARY
          0   0.0256197   0.0118857 -0.00522781
 -0.0256197           0  0.00201857  -0.0125359
 -0.0118857 -0.00201857           0  0.00623986
 0.00522781   0.0125359 -0.00623986           0
EndNode1[0]<--->Repeater1[0]
REAL
   0.427408   0.0112035 9.55092e-05    0.178174
  0.0112035   0.0678426  0.00781682   0.0192282
9.55092e-05  0.00781682   0.0786974   0.0226129
   0.178174   0.0192282   0.0226129    0.426052
IMAGINARY
           0   -0.0209734   0.00369809    -0.018063
   0.0209734            0  -0.00996832  -0.00677312
 -0.00369809   0.00996832            0 -0.000551804
    0.018063   0.00677312  0.000551804            0
EndNode2[0]<--->BSA[0]
REAL
    0.44335   0.0121258  0.00857313    0.187083
  0.0121258   0.0775862  0.00873478 -0.00793942
 0.00857313  0.00873478   0.0578818  0.00371702
   0.187083 -0.00793942  0.00371702    0.421182
IMAGINARY
          0  -0.0110056    0.019956 -0.00498009
  0.0110056           0  0.00238269  -0.0118209
  -0.019956 -0.00238269           0 -0.00589052
 0.00498009   0.0118209  0.00589052           0
Repeater1[0]<--->EndNode1[0]
REAL
   0.427408 9.55092e-05   0.0112035    0.178174
9.55092e-05   0.0786974  0.00781682   0.0226129
  0.0112035  0.00781682   0.0678426   0.0192282
   0.178174   0.0226129   0.0192282    0.426052
IMAGINARY
           0   0.00369809   -0.0209734    -0.018063
 -0.00369809            0   0.00996832 -0.000551804
   0.0209734  -0.00996832            0  -0.00677312
    0.018063  0.000551804   0.00677312            0
Repeater1[0]<--->BSA[0]
REAL
    0.44335  0.00857313   0.0121258    0.187083
 0.00857313   0.0578818  0.00873478  0.00371702
  0.0121258  0.00873478   0.0775862 -0.00793942
   0.187083  0.00371702 -0.00793942    0.421182
IMAGINARY
          0    0.019956  -0.0110056 -0.00498009
  -0.019956           0 -0.00238269 -0.00589052
  0.0110056  0.00238269           0  -0.0118209
 0.00498009  0.00589052   0.0118209           0
EndNode1[0]<--->Repeater1[0]
REAL
   0.419951  0.00246327 -0.00337424    0.190541
 0.00246327   0.0640394  0.00407709 -0.00851563
-0.00337424  0.00407709   0.0972906   0.0156844
   0.190541 -0.00851563   0.0156844    0.418719
IMAGINARY
           0    0.0123546    0.0229545   0.00738628
  -0.0123546            0    0.0124496 -0.000855038
  -0.0229545   -0.0124496            0  -0.00821095
 -0.00738628  0.000855038   0.00821095            0
EndNode2[0]<--->BSA[0]
REAL
  0.431673 0.00126929 0.00591883    0.21605
0.00126929  0.0740741  0.0278369 -0.0181453
0.00591883  0.0278369  0.0791826 0.00323521
   0.21605 -0.0181453 0.00323521    0.41507
IMAGINARY
          0 -0.00390934 -0.00626287 -0.00544989
 0.00390934           0  0.00799442   0.0119663
 0.00626287 -0.00799442           0  -0.0144683
 0.00544989  -0.0119663   0.0144683           0
Repeater1[0]<--->EndNode1[0]
REAL
   0.419951 -0.00337424  0.00246327    0.190541
-0.00337424   0.0972906  0.00407709   0.0156844
 0.00246327  0.00407709   0.0640394 -0.00851563
   0.190541   0.0156844 -0.00851563    0.418719
IMAGINARY
           0    0.0229545    0.0123546   0.00738628
  -0.0229545            0   -0.0124496  -0.00821095
  -0.0123546    0.0124496            0 -0.000855038
 -0.00738628   0.00821095  0.000855038            0
Repeater1[0]<--->BSA[0]
REAL
  0.431673 0.00591883 0.00126929    0.21605
0.00591883  0.0791826  0.0278369 0.00323521
0.00126929  0.0278369  0.0740741 -0.0181453
   0.21605 0.00323521 -0.0181453    0.41507
IMAGINARY
          0 -0.00626287 -0.00390934 -0.00544989
 0.00626287           0 -0.00799442  -0.0144683
 0.00390934  0.00799442           0   0.0119663
 0.00544989   0.0144683  -0.0119663           0
EndNode1[0]<--->Repeater1[0]
REAL
  0.426844  -0.011904   0.017379    0.21164
 -0.011904  0.0713422 -0.0046995 0.00190121
  0.017379 -0.0046995   0.076179 -0.0125175
   0.21164 0.00190121 -0.0125175   0.425635
IMAGINARY
          0 -0.00432837 -0.00874337  -0.0148301
 0.00432837           0 -0.00459994   0.0120113
 0.00874337  0.00459994           0  -0.0133187
  0.0148301  -0.0120113   0.0133187           0
EndNode2[0]<--->BSA[0]
REAL
    0.436675    0.0113013    0.0103274      0.19297
   0.0113013    0.0686016   -0.0152058   0.00453588
   0.0103274   -0.0152058    0.0725594 -5.22828e-06
     0.19297   0.00453588 -5.22828e-06     0.422164
IMAGINARY
          0  -0.0204998  0.00481413   0.0116999
  0.0204998           0  0.00447259  0.00210411
-0.00481413 -0.00447259           0   0.0110658
 -0.0116999 -0.00210411  -0.0110658           0
Repeater1[0]<--->EndNode1[0]
REAL
  0.426844   0.017379  -0.011904    0.21164
  0.017379   0.076179 -0.0046995 -0.0125175
 -0.011904 -0.0046995  0.0713422 0.00190121
   0.21164 -0.0125175 0.00190121   0.425635
IMAGINARY
          0 -0.00874337 -0.00432837  -0.0148301
 0.00874337           0  0.00459994  -0.0133187
 0.00432837 -0.00459994           0   0.0120113
  0.0148301   0.0133187  -0.0120113           0
Repeater1[0]<--->BSA[0]
REAL
    0.436675    0.0103274    0.0113013      0.19297
   0.0103274    0.0725594   -0.0152058 -5.22828e-06
   0.0113013   -0.0152058    0.0686016   0.00453588
     0.19297 -5.22828e-06   0.00453588     0.422164
IMAGINARY
          0  0.00481413  -0.0204998   0.0116999
-0.00481413           0 -0.00447259   0.0110658
  0.0204998  0.00447259           0  0.00210411
 -0.0116999  -0.0110658 -0.00210411           0
EndNode1[0]<--->Repeater1[0]
REAL
  0.410891 0.00577913 -0.0150911   0.198792
0.00577913  0.0866337  0.0377746 -0.0078447
-0.0150911  0.0377746   0.085396 -0.0038132
  0.198792 -0.0078447 -0.0038132   0.417079
IMAGINARY
          0 -0.00670303   -0.019285  -0.0170279
 0.00670303           0  -0.0129848  -0.0100501
   0.019285   0.0129848           0  0.00474736
  0.0170279   0.0100501 -0.00474736           0
EndNode2[0]<--->BSA[0]
REAL
  0.423435 0.00415717 -0.0143774   0.196127
0.00415717  0.0732357  0.0116482 -0.0137728
-0.0143774  0.0116482  0.0639148 0.00790717
  0.196127 -0.0137728 0.00790717   0.439414
IMAGINARY
          0 -0.00394454  -0.0101381  0.00811808
 0.00394454           0  0.00159066  0.00886583
  0.0101381 -0.00159066           0  -0.0100504
-0.00811808 -0.00886583   0.0100504           0
Repeater1[0]<--->EndNode1[0]
REAL
  0.410891 -0.0150911 0.00577913   0.198792
-0.0150911   0.085396  0.0377746 -0.0038132
0.00577913  0.0377746  0.0866337 -0.0078447
  0.198792 -0.0038132 -0.0078447   0.417079
IMAGINARY
          0   -0.019285 -0.00670303  -0.0170279
   0.019285           0   0.0129848  0.00474736
 0.00670303  -0.0129848           0  -0.0100501
  0.0170279 -0.00474736   0.0100501           0
Repeater1[0]<--->BSA[0]
REAL
  0.423435 -0.0143774 0.00415717   0.196127
-0.0143774  0.0639148  0.0116482 0.00790717
0.00415717  0.0116482  0.0732357 -0.0137728
  0.196127 0.00790717 -0.0137728   0.439414
IMAGINARY
          0  -0.0101381 -0.00394454  0.00811808
  0.0101381           0 -0.00159066  -0.0100504
 0.00394454  0.00159066           0  0.00886583
-0.00811808   0.0100504 -0.00886583           0
EndNode1[0]<--->Repeater1[0]
REAL
   0.430412 -0.00360307   0.0115427    0.199228
-0.00360307   0.0747423   0.0171895   0.0170642
  0.0115427   0.0171895   0.0708763   0.0172847
   0.199228   0.0170642   0.0172847    0.423969
IMAGINARY
          0 -0.00672093 -0.00401062  0.00629444
 0.00672093           0 -0.00434386  0.00522421
 0.00401062  0.00434386           0  0.00550733
-0.00629444 -0.00522421 -0.00550733           0
EndNode2[0]<--->BSA[0]
REAL
    0.405535   0.00887995 -0.000556515     0.184772
  0.00887995    0.0866426  -0.00329007  -0.00314719
-0.000556515  -0.00329007     0.078219   -0.0150528
    0.184772  -0.00314719   -0.0150528     0.429603
IMAGINARY
         0 -0.0165094 -0.0109523 -0.0046949
 0.0165094          0 -0.0120577  0.0115941
 0.0109523  0.0120577          0 -0.0059553
 0.0046949 -0.0115941  0.0059553          0
Repeater1[0]<--->EndNode1[0]
REAL
   0.430412   0.0115427 -0.00360307    0.199228
  0.0115427   0.0708763   0.0171895   0.0172847
-0.00360307   0.0171895   0.0747423   0.0170642
   0.199228   0.0172847   0.0170642    0.423969
IMAGINARY
          0 -0.00401062 -0.00672093  0.00629444
 0.00401062           0  0.00434386  0.00550733
 0.00672093 -0.00434386           0  0.00522421
-0.00629444 -0.00550733 -0.00522421           0
Repeater1[0]<--->BSA[0]
REAL
    0.405535 -0.000556515   0.00887995     0.184772
-0.000556515     0.078219  -0.00329007   -0.0150528
  0.00887995  -0.00329007    0.0866426  -0.00314719
    0.184772   -0.0150528  -0.00314719     0.429603
IMAGINARY
         0 -0.0109523 -0.0165094 -0.0046949
 0.0109523          0  0.0120577 -0.0059553
 0.0165094 -0.0120577          0  0.0115941
 0.0046949  0.0059553 -0.0115941          0
EndNode1[0]<--->Repeater1[0]
REAL
   0.427509 -0.00823338 -0.00100442    0.195157
-0.00823338   0.0681537   0.0146018  -0.0148384
-0.00100442   0.0146018   0.0879802 -0.00887688
   0.195157  -0.0148384 -0.00887688    0.416357
IMAGINARY
          0 -0.00411213   0.0103985 -0.00321338
 0.00411213           0   0.0111113   0.0110661
 -0.0103985  -0.0111113           0 -0.00346362
 0.00321338  -0.0110661  0.00346362           0
EndNode2[0]<--->BSA[0]
REAL
   0.434783  -0.0126539  -0.0254409    0.216124
 -0.0126539   0.0583851 -0.00438906   0.0101348
 -0.0254409 -0.00438906   0.0857143   0.0101029
   0.216124   0.0101348   0.0101029    0.421118
IMAGINARY
          0   -0.029637  -0.0102961   0.0118376
   0.029637           0  -0.0138035  0.00516786
  0.0102961   0.0138035           0 -0.00626041
 -0.0118376 -0.00516786  0.00626041           0
Repeater1[0]<--->EndNode1[0]
REAL
   0.427509 -0.00100442 -0.00823338    0.195157
-0.00100442   0.0879802   0.0146018 -0.00887688
-0.00823338   0.0146018   0.0681537  -0.0148384
   0.195157 -0.00887688  -0.0148384    0.416357
IMAGINARY
          0   0.0103985 -0.00411213 -0.00321338
 -0.0103985           0  -0.0111113 -0.00346362
 0.00411213   0.0111113           0   0.0110661
 0.00321338  0.00346362  -0.0110661           0
Repeater1[0]<--->BSA[0]
REAL
   0.434783  -0.0254409  -0.0126539    0.216124
 -0.0254409   0.0857143 -0.00438906   0.0101029
 -0.0126539 -0.00438906   0.0583851   0.0101348
   0.216124   0.0101029   0.0101348    0.421118
IMAGINARY
          0  -0.0102961   -0.029637   0.0118376
  0.0102961           0   0.0138035 -0.00626041
   0.029637  -0.0138035           0  0.00516786
 -0.0118376  0.00626041 -0.00516786           0
EndNode1[0]<--->Repeater1[0]
REAL
    0.424442 -0.000306456   0.00383398      0.20474
-0.000306456    0.0735874    0.0174818   0.00133398
  0.00383398    0.0174818    0.0840999    0.0145183
     0.20474   0.00133398    0.0145183     0.417871
IMAGINARY
           0 -0.000795823  -0.00743601   0.00492349
 0.000795823            0   -0.0160346   -0.0047905
  0.00743601    0.0160346            0    0.0194573
 -0.00492349    0.0047905   -0.0194573            0
EndNode2[0]<--->BSA[0]
REAL
   0.448598 -0.00408719 -0.00606853     0.21075
-0.00408719   0.0761015  0.00608676 -0.00668657
-0.00606853  0.00608676   0.0694259  0.00408719
    0.21075 -0.00668657  0.00408719    0.405874
IMAGINARY
          0    0.011638  -0.0048529  -0.0158506
  -0.011638           0 -0.00831294  0.00226223
  0.0048529  0.00831294           0  0.00390604
  0.0158506 -0.00226223 -0.00390604           0
Repeater1[0]<--->EndNode1[0]
REAL
    0.424442   0.00383398 -0.000306456      0.20474
  0.00383398    0.0840999    0.0174818    0.0145183
-0.000306456    0.0174818    0.0735874   0.00133398
     0.20474    0.0145183   0.00133398     0.417871
IMAGINARY
           0  -0.00743601 -0.000795823   0.00492349
  0.00743601            0    0.0160346    0.0194573
 0.000795823   -0.0160346            0   -0.0047905
 -0.00492349   -0.0194573    0.0047905            0
Repeater1[0]<--->BSA[0]
REAL
   0.448598 -0.00606853 -0.00408719     0.21075
-0.00606853   0.0694259  0.00608676  0.00408719
-0.00408719  0.00608676   0.0761015 -0.00668657
    0.21075  0.00408719 -0.00668657    0.405874
IMAGINARY
          0  -0.0048529    0.011638  -0.0158506
  0.0048529           0  0.00831294  0.00390604
  -0.011638 -0.00831294           0  0.00226223
  0.0158506 -0.00390604 -0.00226223           0
EndNode1[0]<--->Repeater1[0]
REAL
   0.422627  0.00080611   0.0249899    0.184475
 0.00080611   0.0845254 -0.00467837 -0.00275359
  0.0249899 -0.00467837   0.0793238  0.00618245
   0.184475 -0.00275359  0.00618245    0.413524
IMAGINARY
          0   0.0234707 -0.00763371   -0.013891
 -0.0234707           0  0.00865541  -0.0029483
 0.00763371 -0.00865541           0   0.0228256
   0.013891   0.0029483  -0.0228256           0
EndNode2[0]<--->BSA[0]
REAL
 0.447165 0.0052014 0.0113909  0.204228
0.0052014 0.0747423 0.0129442 0.0176495
0.0113909 0.0129442 0.0708763  0.013738
 0.204228 0.0176495  0.013738  0.407216
IMAGINARY
           0   0.00978333   0.00129773   0.00992459
 -0.00978333            0   -0.0256084   0.00475554
 -0.00129773    0.0256084            0 -9.80965e-05
 -0.00992459  -0.00475554  9.80965e-05            0
Repeater1[0]<--->EndNode1[0]
REAL
   0.422627   0.0249899  0.00080611    0.184475
  0.0249899   0.0793238 -0.00467837  0.00618245
 0.00080611 -0.00467837   0.0845254 -0.00275359
   0.184475  0.00618245 -0.00275359    0.413524
IMAGINARY
          0 -0.00763371   0.0234707   -0.013891
 0.00763371           0 -0.00865541   0.0228256
 -0.0234707  0.00865541           0  -0.0029483
   0.013891  -0.0228256   0.0029483           0
Repeater1[0]<--->BSA[0]
REAL
 0.447165 0.0113909 0.0052014  0.204228
0.0113909 0.0708763 0.0129442  0.013738
0.0052014 0.0129442 0.0747423 0.0176495
 0.204228  0.013738 0.0176495  0.407216
IMAGINARY
           0   0.00129773   0.00978333   0.00992459
 -0.00129773            0    0.0256084 -9.80965e-05
 -0.00978333   -0.0256084            0   0.00475554
 -0.00992459  9.80965e-05  -0.00475554            0
EndNode1[0]<--->Repeater1[0]
REAL
   0.425831   -0.012974   -0.022178    0.178589
  -0.012974   0.0690537 -0.00274426   0.0127913
  -0.022178 -0.00274426   0.0920716   0.0248639
   0.178589   0.0127913   0.0248639    0.413043
IMAGINARY
          0  0.00304459 -0.00171088   0.0165194
-0.00304459           0 -0.00747544   0.0110442
 0.00171088  0.00747544           0  0.00495541
 -0.0165194  -0.0110442 -0.00495541           0
EndNode2[0]<--->BSA[0]
REAL
   0.443152  -0.0185134  -0.0392053    0.194411
 -0.0185134   0.0775194 -0.00494418  -0.0285101
 -0.0392053 -0.00494418   0.0645995   0.0041495
   0.194411  -0.0285101   0.0041495    0.414729
IMAGINARY
          0  -0.0039927  0.00428555 -0.00157565
  0.0039927           0    0.015153   0.0195854
-0.00428555   -0.015153           0  -0.0134267
 0.00157565  -0.0195854   0.0134267           0
Repeater1[0]<--->EndNode1[0]
REAL
   0.425831   -0.022178   -0.012974    0.178589
  -0.022178   0.0920716 -0.00274426   0.0248639
  -0.012974 -0.00274426   0.0690537   0.0127913
   0.178589   0.0248639   0.0127913    0.413043
IMAGINARY
          0 -0.00171088  0.00304459   0.0165194
 0.00171088           0  0.00747544  0.00495541
-0.00304459 -0.00747544           0   0.0110442
 -0.0165194 -0.00495541  -0.0110442           0
Repeater1[0]<--->BSA[0]
REAL
   0.443152  -0.0392053  -0.0185134    0.194411
 -0.0392053   0.0645995 -0.00494418   0.0041495
 -0.0185134 -0.00494418   0.0775194  -0.0285101
   0.194411   0.0041495  -0.0285101    0.414729
IMAGINARY
          0  0.00428555  -0.0039927 -0.00157565
-0.00428555           0   -0.015153  -0.0134267
  0.0039927    0.015153           0   0.0195854
 0.00157565   0.0134267  -0.0195854           0
EndNode1[0]<--->Repeater1[0]
REAL
   0.445491 -0.00430757  0.00845148    0.212081
-0.00430757   0.0726783    0.020492  -0.0141549
 0.00845148    0.020492   0.0740242  -0.0102678
   0.212081  -0.0141549  -0.0102678    0.407806
IMAGINARY
          0  -0.0260052  0.00475346  -0.0216288
  0.0260052           0    0.012099   0.0146057
-0.00475346   -0.012099           0  0.00264067
  0.0216288  -0.0146057 -0.00264067           0
EndNode2[0]<--->BSA[0]
REAL
   0.414921   0.0259535   0.0107936    0.197274
  0.0259535   0.0641361 -0.00577121   0.0120822
  0.0107936 -0.00577121   0.0693717 -0.00569207
   0.197274   0.0120822 -0.00569207    0.451571
IMAGINARY
          0 -0.00059809  0.00166327  0.00262541
 0.00059809           0   0.0172751  -0.0118156
-0.00166327  -0.0172751           0   0.0107504
-0.00262541   0.0118156  -0.0107504           0
Repeater1[0]<--->EndNode1[0]
REAL
   0.445491  0.00845148 -0.00430757    0.212081
 0.00845148   0.0740242    0.020492  -0.0102678
-0.00430757    0.020492   0.0726783  -0.0141549
   0.212081  -0.0102678  -0.0141549    0.407806
IMAGINARY
          0  0.00475346  -0.0260052  -0.0216288
-0.00475346           0   -0.012099  0.00264067
  0.0260052    0.012099           0   0.0146057
  0.0216288 -0.00264067  -0.0146057           0
Repeater1[0]<--->BSA[0]
REAL
   0.414921   0.0107936   0.0259535    0.197274
  0.0107936   0.0693717 -0.00577121 -0.00569207
  0.0259535 -0.00577121   0.0641361   0.0120822
   0.197274 -0.00569207   0.0120822    0.451571
IMAGINARY
          0  0.00166327 -0.00059809  0.00262541
-0.00166327           0  -0.0172751   0.0107504
 0.00059809   0.0172751           0  -0.0118156
-0.00262541  -0.0107504   0.0118156           0
EndNode1[0]<--->Repeater1[0]
REAL
   0.414634  -0.0045327 -0.00978817    0.181165
 -0.0045327   0.0834403  -0.0276621 -0.00103985
-0.00978817  -0.0276621   0.0731707 -0.00629533
   0.181165 -0.00103985 -0.00629533    0.428755
IMAGINARY
          0  0.00251168  0.00353862  0.00934757
-0.00251168           0  -0.0225402   0.0102954
-0.00353862   0.0225402           0   0.0218625
-0.00934757  -0.0102954  -0.0218625           0
EndNode2[0]<--->BSA[0]
REAL
   0.419395   0.0103196 -0.00192754    0.185078
  0.0103196   0.0717884  0.00208804   0.0126227
-0.00192754  0.00208804   0.0906801  -0.0103196
   0.185078   0.0126227  -0.0103196    0.418136
IMAGINARY
          0 -0.00586373     0.02288   -0.021612
 0.00586373           0  -0.0121303   0.0196458
   -0.02288   0.0121303           0  -0.0108889
   0.021612  -0.0196458   0.0108889           0
Repeater1[0]<--->EndNode1[0]
REAL
   0.414634 -0.00978817  -0.0045327    0.181165
-0.00978817   0.0731707  -0.0276621 -0.00629533
 -0.0045327  -0.0276621   0.0834403 -0.00103985
   0.181165 -0.00629533 -0.00103985    0.428755
IMAGINARY
          0  0.00353862  0.00251168  0.00934757
-0.00353862           0   0.0225402   0.0218625
-0.00251168  -0.0225402           0   0.0102954
-0.00934757  -0.0218625  -0.0102954           0
Repeater1[0]<--->BSA[0]
REAL
   0.419395 -0.00192754   0.0103196    0.185078
-0.00192754   0.0906801  0.00208804  -0.0103196
  0.0103196  0.00208804   0.0717884   0.0126227
   0.185078  -0.0103196   0.0126227    0.418136
IMAGINARY
          0     0.02288 -0.00586373   -0.021612
   -0.02288           0   0.0121303  -0.0108889
 0.00586373  -0.0121303           0   0.0196458
   0.021612   0.0108889  -0.0196458           0
EndNode1[0]<--->Repeater1[0]
REAL
   0.445997  0.00129199 -0.00412529    0.199785
 0.00129199   0.0749682    0.010809 -0.00104267
-0.00412529    0.010809   0.0736976  -0.0142119
   0.199785 -0.00104267  -0.0142119    0.405337
IMAGINARY
           0  -0.00265483   0.00668683   0.00559345
  0.00265483            0   0.00434032 -0.000125155
 -0.00668683  -0.00434032            0   0.00790418
 -0.00559345  0.000125155  -0.00790418            0
EndNode2[0]<--->BSA[0]
REAL
   0.449878   -0.018033 -0.00967369    0.194573
  -0.018033   0.0672372   0.0220727  0.00649707
-0.00967369   0.0220727   0.0684597  0.00596183
   0.194573  0.00649707  0.00596183    0.414425
IMAGINARY
          0 -0.00980026  0.00926466  -0.0152378
 0.00980026           0  0.00186203  -0.0230147
-0.00926466 -0.00186203           0   0.0185503
  0.0152378   0.0230147  -0.0185503           0
Repeater1[0]<--->EndNode1[0]
REAL
   0.445997 -0.00412529  0.00129199    0.199785
-0.00412529   0.0736976    0.010809  -0.0142119
 0.00129199    0.010809   0.0749682 -0.00104267
   0.199785  -0.0142119 -0.00104267    0.405337
IMAGINARY
           0   0.00668683  -0.00265483   0.00559345
 -0.00668683            0  -0.00434032   0.00790418
  0.00265483   0.00434032            0 -0.000125155
 -0.00559345  -0.00790418  0.000125155            0
Repeater1[0]<--->BSA[0]
REAL
   0.449878 -0.00967369   -0.018033    0.194573
-0.00967369   0.0684597   0.0220727  0.00596183
  -0.018033   0.0220727   0.0672372  0.00649707
   0.194573  0.00596183  0.00649707    0.414425
IMAGINARY
          0  0.00926466 -0.00980026  -0.0152378
-0.00926466           0 -0.00186203   0.0185503
 0.00980026  0.00186203           0  -0.0230147
  0.0152378  -0.0185503   0.0230147           0
EndNode1[0]<--->Repeater1[0]
REAL
   0.434605   0.0094729 -0.00223975    0.184813
  0.0094729   0.0790191   0.0121562    0.024967
-0.00223975   0.0121562   0.0694823  0.00820387
   0.184813    0.024967  0.00820387    0.416894
IMAGINARY
          0   0.0194939  -0.0166478 -0.00052501
 -0.0194939           0  0.00978427  -0.0148028
  0.0166478 -0.00978427           0   0.0337796
 0.00052501   0.0148028  -0.0337796           0
EndNode2[0]<--->BSA[0]
REAL
   0.446499 -0.00826197  0.00872927    0.187292
-0.00826197   0.0634082 -0.00106798  -0.0342395
 0.00872927 -0.00106798   0.0581242 -0.00449313
   0.187292  -0.0342395 -0.00449313    0.431968
IMAGINARY
          0 -0.00517064 -0.00407632 -0.00625391
 0.00517064           0  -0.0133142 -0.00280728
 0.00407632   0.0133142           0  -0.0267442
 0.00625391  0.00280728   0.0267442           0
Repeater1[0]<--->EndNode1[0]
REAL
   0.434605 -0.00223975   0.0094729    0.184813
-0.00223975   0.0694823   0.0121562  0.00820387
  0.0094729   0.0121562   0.0790191    0.024967
   0.184813  0.00820387    0.024967    0.416894
IMAGINARY
          0  -0.0166478   0.0194939 -0.00052501
  0.0166478           0 -0.00978427   0.0337796
 -0.0194939  0.00978427           0  -0.0148028
 0.00052501  -0.0337796   0.0148028           0
Repeater1[0]<--->BSA[0]
REAL
   0.446499  0.00872927 -0.00826197    0.187292
 0.00872927   0.0581242 -0.00106798 -0.00449313
-0.00826197 -0.00106798   0.0634082  -0.0342395
   0.187292 -0.00449313  -0.0342395    0.431968
IMAGINARY
          0 -0.00407632 -0.00517064 -0.00625391
 0.00407632           0   0.0133142  -0.0267442
 0.00517064  -0.0133142           0 -0.00280728
 0.00625391   0.0267442  0.00280728           0
EndNode1[0]<--->Repeater1[0]
REAL
  0.415869  0.0239331 0.00919162   0.198735
 0.0239331  0.0642955 0.00933171 0.00553309
0.00919162 0.00933171  0.0738714  0.0138389
  0.198735 0.00553309  0.0138389   0.445964
IMAGINARY
          0  0.00454179  0.00122668 -0.00168929
-0.00454179           0  0.00610291   0.0115626
-0.00122668 -0.00610291           0 -0.00393278
 0.00168929  -0.0115626  0.00393278           0
EndNode2[0]<--->BSA[0]
REAL
   0.461538 -0.00226989    0.010572    0.186843
-0.00226989   0.0705128   0.0108935 -0.00591153
   0.010572   0.0108935   0.0769231   0.0242406
   0.186843 -0.00591153   0.0242406    0.391026
IMAGINARY
          0 -0.00172223  -0.0281834  -0.0178243
 0.00172223           0  -0.0197954  0.00539864
  0.0281834   0.0197954           0  0.00425387
  0.0178243 -0.00539864 -0.00425387           0
Repeater1[0]<--->EndNode1[0]
REAL
  0.415869 0.00919162  0.0239331   0.198735
0.00919162  0.0738714 0.00933171  0.0138389
 0.0239331 0.00933171  0.0642955 0.00553309
  0.198735  0.0138389 0.00553309   0.445964
IMAGINARY
          0  0.00122668  0.00454179 -0.00168929
-0.00122668           0 -0.00610291 -0.00393278
-0.00454179  0.00610291           0   0.0115626
 0.00168929  0.00393278  -0.0115626           0
Repeater1[0]<--->BSA[0]
REAL
   0.461538    0.010572 -0.00226989    0.186843
   0.010572   0.0769231   0.0108935   0.0242406
-0.00226989   0.0108935   0.0705128 -0.00591153
   0.186843   0.0242406 -0.00591153    0.391026
IMAGINARY
          0  -0.0281834 -0.00172223  -0.0178243
  0.0281834           0   0.0197954  0.00425387
 0.00172223  -0.0197954           0  0.00539864
  0.0178243 -0.00425387 -0.00539864           0
EndNode1[0]<--->Repeater1[0]
REAL
   0.470828 -0.00376962  0.00404876    0.188571
-0.00376962   0.0719132   0.0087809  -0.0135065
 0.00404876   0.0087809    0.082768   0.0069222
   0.188571  -0.0135065   0.0069222    0.374491
IMAGINARY
           0   0.00490685   0.00129725    0.0223847
 -0.00490685            0  0.000811136    -0.023607
 -0.00129725 -0.000811136            0    0.0042795
  -0.0223847     0.023607   -0.0042795            0
EndNode2[0]<--->BSA[0]
REAL
   0.418575 -0.00350146  0.00384996    0.191113
-0.00350146   0.0903308    0.011015   0.0080399
 0.00384996    0.011015   0.0610687   0.0254038
   0.191113   0.0080399   0.0254038    0.430025
IMAGINARY
          0 -0.00334266  -0.0119699 -0.00140056
 0.00334266           0  0.00336134   0.0150224
  0.0119699 -0.00336134           0   0.0125002
 0.00140056  -0.0150224  -0.0125002           0
Repeater1[0]<--->EndNode1[0]
REAL
   0.470828  0.00404876 -0.00376962    0.188571
 0.00404876    0.082768   0.0087809   0.0069222
-0.00376962   0.0087809   0.0719132  -0.0135065
   0.188571   0.0069222  -0.0135065    0.374491
IMAGINARY
           0   0.00129725   0.00490685    0.0223847
 -0.00129725            0 -0.000811136    0.0042795
 -0.00490685  0.000811136            0    -0.023607
  -0.0223847   -0.0042795     0.023607            0
Repeater1[0]<--->BSA[0]
REAL
   0.418575  0.00384996 -0.00350146    0.191113
 0.00384996   0.0610687    0.011015   0.0254038
-0.00350146    0.011015   0.0903308   0.0080399
   0.191113   0.0254038   0.0080399    0.430025
IMAGINARY
          0  -0.0119699 -0.00334266 -0.00140056
  0.0119699           0 -0.00336134   0.0125002
 0.00334266  0.00336134           0   0.0150224
 0.00140056  -0.0125002  -0.0150224           0
EndNode1[0]<--->Repeater1[0]
REAL
   0.425926  -0.0147014   0.0114071    0.210887
 -0.0147014   0.0626781 -0.00733013  0.00506193
  0.0114071 -0.00733013   0.0683761   0.0219478
   0.210887  0.00506193   0.0219478     0.44302
IMAGINARY
          0  0.00476355  -0.0152323 -0.00755002
-0.00476355           0 -0.00937706   0.0289938
  0.0152323  0.00937706           0  -0.0250781
 0.00755002  -0.0289938   0.0250781           0
EndNode2[0]<--->BSA[0]
REAL
   0.428224   0.0172751  0.00195817    0.180546
  0.0172751   0.0693431   0.0184205 -0.00325016
 0.00195817   0.0184205   0.0754258  -0.0146911
   0.180546 -0.00325016  -0.0146911    0.427007
IMAGINARY
          0  -0.0111291   0.0013089  0.00377542
  0.0111291           0 -0.00513043  -0.0013089
 -0.0013089  0.00513043           0 -0.00794443
-0.00377542   0.0013089  0.00794443           0
Repeater1[0]<--->EndNode1[0]
REAL
   0.425926   0.0114071  -0.0147014    0.210887
  0.0114071   0.0683761 -0.00733013   0.0219478
 -0.0147014 -0.00733013   0.0626781  0.00506193
   0.210887   0.0219478  0.00506193     0.44302
IMAGINARY
          0  -0.0152323  0.00476355 -0.00755002
  0.0152323           0  0.00937706  -0.0250781
-0.00476355 -0.00937706           0   0.0289938
 0.00755002   0.0250781  -0.0289938           0
Repeater1[0]<--->BSA[0]
REAL
   0.428224  0.00195817   0.0172751    0.180546
 0.00195817   0.0754258   0.0184205  -0.0146911
  0.0172751   0.0184205   0.0693431 -0.00325016
   0.180546  -0.0146911 -0.00325016    0.427007
IMAGINARY
          0   0.0013089  -0.0111291  0.00377542
 -0.0013089           0  0.00513043 -0.00794443
  0.0111291 -0.00513043           0  -0.0013089
-0.00377542  0.00794443   0.0013089           0
EndNode1[0]<--->Repeater1[0]
REAL
   0.448492   0.0138521     -0.0225    0.187593
  0.0138521   0.0741206  0.00240741     0.01875
    -0.0225  0.00240741   0.0615578 -0.00510212
   0.187593     0.01875 -0.00510212    0.415829
IMAGINARY
           0    0.0109219   -0.0329126   -0.0196276
  -0.0109219            0  -0.00534192 -0.000156147
   0.0329126   0.00534192            0   0.00627385
   0.0196276  0.000156147  -0.00627385            0
EndNode2[0]<--->BSA[0]
REAL
   0.393659 -0.00812817  0.00801545    0.178135
-0.00812817   0.0739762  0.00362479  -0.0190116
 0.00801545  0.00362479   0.0673712  -0.0132172
   0.178135  -0.0190116  -0.0132172    0.464993
IMAGINARY
           0   -0.0126668  -0.00741157 -0.000852431
   0.0126668            0    0.0288027  0.000222023
  0.00741157   -0.0288027            0   -0.0285097
 0.000852431 -0.000222023    0.0285097            0
Repeater1[0]<--->EndNode1[0]
REAL
   0.448492     -0.0225   0.0138521    0.187593
    -0.0225   0.0615578  0.00240741 -0.00510212
  0.0138521  0.00240741   0.0741206     0.01875
   0.187593 -0.00510212     0.01875    0.415829
IMAGINARY
           0   -0.0329126    0.0109219   -0.0196276
   0.0329126            0   0.00534192   0.00627385
  -0.0109219  -0.00534192            0 -0.000156147
   0.0196276  -0.00627385  0.000156147            0
Repeater1[0]<--->BSA[0]
REAL
   0.393659  0.00801545 -0.00812817    0.178135
 0.00801545   0.0673712  0.00362479  -0.0132172
-0.00812817  0.00362479   0.0739762  -0.0190116
   0.178135  -0.0132172  -0.0190116    0.464993
IMAGINARY
           0  -0.00741157   -0.0126668 -0.000852431
  0.00741157            0   -0.0288027   -0.0285097
   0.0126668    0.0288027            0  0.000222023
 0.000852431    0.0285097 -0.000222023            0
EndNode1[0]<--->Repeater1[0]
REAL
    0.46134  -0.0125949  0.00665711    0.175765
 -0.0125949   0.0721649 -0.00444495  0.00730228
 0.00665711 -0.00444495   0.0786082  0.00244265
   0.175765  0.00730228  0.00244265    0.387887
IMAGINARY
          0 -0.00978305   0.0125307 -0.00155101
 0.00978305           0  -0.0170149 -0.00270108
 -0.0125307   0.0170149           0   0.0130596
 0.00155101  0.00270108  -0.0130596           0
EndNode2[0]<--->BSA[0]
REAL
   0.437662 -0.00978391  0.00169865    0.224102
-0.00978391    0.074026 -0.00797322   0.0105594
 0.00169865 -0.00797322   0.0753247 -0.00634512
   0.224102   0.0105594 -0.00634512    0.412987
IMAGINARY
          0 -0.00373125 -0.00638707  -0.0166986
 0.00373125           0  0.00504055   0.0221103
 0.00638707 -0.00504055           0 -0.00067127
  0.0166986  -0.0221103  0.00067127           0
Repeater1[0]<--->EndNode1[0]
REAL
    0.46134  0.00665711  -0.0125949    0.175765
 0.00665711   0.0786082 -0.00444495  0.00244265
 -0.0125949 -0.00444495   0.0721649  0.00730228
   0.175765  0.00244265  0.00730228    0.387887
IMAGINARY
          0   0.0125307 -0.00978305 -0.00155101
 -0.0125307           0   0.0170149   0.0130596
 0.00978305  -0.0170149           0 -0.00270108
 0.00155101  -0.0130596  0.00270108           0
Repeater1[0]<--->BSA[0]
REAL
   0.437662  0.00169865 -0.00978391    0.224102
 0.00169865   0.0753247 -0.00797322 -0.00634512
-0.00978391 -0.00797322    0.074026   0.0105594
   0.224102 -0.00634512   0.0105594    0.412987
IMAGINARY
          0 -0.00638707 -0.00373125  -0.0166986
 0.00638707           0 -0.00504055 -0.00067127
 0.00373125  0.00504055           0   0.0221103
  0.0166986  0.00067127  -0.0221103           0
EndNode1[0]<--->Repeater1[0]
REAL
  0.469086 -0.0172596 -0.0038961   0.192312
-0.0172596  0.0806452  -0.010494 -0.0038961
-0.0038961  -0.010494  0.0658602 -0.0100132
  0.192312 -0.0038961 -0.0100132   0.384409
IMAGINARY
          0 -0.00325849 -0.00398896  -0.0196512
 0.00325849           0  -0.0110092  0.00271345
 0.00398896   0.0110092           0   0.0109116
  0.0196512 -0.00271345  -0.0109116           0
EndNode2[0]<--->BSA[0]
REAL
   0.436293  0.00676248 -0.00500004    0.183721
 0.00676248   0.0810811  -0.0199823   0.0106462
-0.00500004  -0.0199823    0.047619 -0.00111631
   0.183721   0.0106462 -0.00111631    0.435006
IMAGINARY
           0   -0.0157488  0.000505498   -0.0133892
   0.0157488            0   0.00307988   0.00524163
-0.000505498  -0.00307988            0  -0.00276977
   0.0133892  -0.00524163   0.00276977            0
Repeater1[0]<--->EndNode1[0]
REAL
  0.469086 -0.0038961 -0.0172596   0.192312
-0.0038961  0.0658602  -0.010494 -0.0100132
-0.0172596  -0.010494  0.0806452 -0.0038961
  0.192312 -0.0100132 -0.0038961   0.384409
IMAGINARY
          0 -0.00398896 -0.00325849  -0.0196512
 0.00398896           0   0.0110092   0.0109116
 0.00325849  -0.0110092           0  0.00271345
  0.0196512  -0.0109116 -0.00271345           0
Repeater1[0]<--->BSA[0]
REAL
   0.436293 -0.00500004  0.00676248    0.183721
-0.00500004    0.047619  -0.0199823 -0.00111631
 0.00676248  -0.0199823   0.0810811   0.0106462
   0.183721 -0.00111631   0.0106462    0.435006
IMAGINARY
           0  0.000505498   -0.0157488   -0.0133892
-0.000505498            0  -0.00307988  -0.00276977
   0.0157488   0.00307988            0   0.00524163
   0.0133892   0.00276977  -0.00524163            0
EndNode1[0]<--->Repeater1[0]
REAL
   0.411458   0.0128779  0.00412345    0.193368
  0.0128779   0.0820313   0.0153572 -0.00345231
 0.00412345   0.0153572   0.0716146  0.00792744
   0.193368 -0.00345231  0.00792744    0.434896
IMAGINARY
          0  -0.0157773  -0.0188475  0.00867799
  0.0157773           0 -0.00805064 -0.00209492
  0.0188475  0.00805064           0   0.0131595
-0.00867799  0.00209492  -0.0131595           0
EndNode2[0]<--->BSA[0]
REAL
   0.420724    0.011117    0.010085    0.184802
   0.011117   0.0699126   0.0016848  -0.0154904
   0.010085   0.0016848   0.0811486 -0.00841427
   0.184802  -0.0154904 -0.00841427    0.428215
IMAGINARY
          0  -0.0227273 -0.00627435  0.00924298
  0.0227273           0 -0.00223661  0.00497565
 0.00627435  0.00223661           0  -0.0175325
-0.00924298 -0.00497565   0.0175325           0
Repeater1[0]<--->EndNode1[0]
REAL
   0.411458  0.00412345   0.0128779    0.193368
 0.00412345   0.0716146   0.0153572  0.00792744
  0.0128779   0.0153572   0.0820313 -0.00345231
   0.193368  0.00792744 -0.00345231    0.434896
IMAGINARY
          0  -0.0188475  -0.0157773  0.00867799
  0.0188475           0  0.00805064   0.0131595
  0.0157773 -0.00805064           0 -0.00209492
-0.00867799  -0.0131595  0.00209492           0
Repeater1[0]<--->BSA[0]
REAL
   0.420724    0.010085    0.011117    0.184802
   0.010085   0.0811486   0.0016848 -0.00841427
   0.011117   0.0016848   0.0699126  -0.0154904
   0.184802 -0.00841427  -0.0154904    0.428215
IMAGINARY
          0 -0.00627435  -0.0227273  0.00924298
 0.00627435           0  0.00223661  -0.0175325
  0.0227273 -0.00223661           0  0.00497565
-0.00924298   0.0175325 -0.00497565           0
EndNode1[0]<--->Repeater1[0]
REAL
    0.416667 -0.000470219  -0.00221591     0.195994
-0.000470219    0.0705128    0.0104996   -0.0159659
 -0.00221591    0.0104996    0.0910256   -0.0177116
    0.195994   -0.0159659   -0.0177116     0.421795
IMAGINARY
          0   0.0332008  -0.0131244  -0.0137278
 -0.0332008           0  0.00859963    0.002213
  0.0131244 -0.00859963           0  -0.0158709
  0.0137278   -0.002213   0.0158709           0
EndNode2[0]<--->BSA[0]
REAL
   0.448187  0.00690652 -0.00872882    0.215035
 0.00690652   0.0751295 -0.00308556 -0.00322086
-0.00872882 -0.00308556   0.0738342  0.00504317
   0.215035 -0.00322086  0.00504317     0.40285
IMAGINARY
          0  -0.0235854  -0.0184781 -0.00256946
  0.0235854           0   0.0204266   0.0110955
