EndNode1[0]<--->Repeater1[0]
REAL
    0.481529   0.00776583   0.00155622     0.198221
  0.00776583     0.127389    0.0261782   0.00286856
  0.00155622    0.0261782     0.164331 -0.000812604
    0.198221   0.00286856 -0.000812604     0.226752
IMAGINARY
          0   0.0282009   0.0139559 -0.00156304
 -0.0282009           0   0.0151465 -0.00185916
 -0.0139559  -0.0151465           0 -0.00266328
 0.00156304  0.00185916  0.00266328           0
EndNode2[0]<--->BSA[0]
REAL
   0.451697   0.0119646  0.00119183    0.256508
  0.0119646    0.138381   0.0180276  -0.0144544
 0.00119183   0.0180276    0.120104 -0.00931204
   0.256508  -0.0144544 -0.00931204    0.289817
IMAGINARY
          0   0.0150861  -0.0177788  0.00583571
 -0.0150861           0   0.0286471  -0.0102411
  0.0177788  -0.0286471           0  0.00795251
-0.00583571   0.0102411 -0.00795251           0
Repeater1[0]<--->EndNode1[0]
REAL
    0.481529   0.00155622   0.00776583     0.198221
  0.00155622     0.164331    0.0261782 -0.000812604
  0.00776583    0.0261782     0.127389   0.00286856
    0.198221 -0.000812604   0.00286856     0.226752
IMAGINARY
          0   0.0139559   0.0282009 -0.00156304
 -0.0139559           0  -0.0151465 -0.00266328
 -0.0282009   0.0151465           0 -0.00185916
 0.00156304  0.00266328  0.00185916           0
Repeater1[0]<--->BSA[0]
REAL
   0.451697  0.00119183   0.0119646    0.256508
 0.00119183    0.120104   0.0180276 -0.00931204
  0.0119646   0.0180276    0.138381  -0.0144544
   0.256508 -0.00931204  -0.0144544    0.289817
IMAGINARY
          0  -0.0177788   0.0150861  0.00583571
  0.0177788           0  -0.0286471  0.00795251
 -0.0150861   0.0286471           0  -0.0102411
-0.00583571 -0.00795251   0.0102411           0
EndNode1[0]<--->Repeater1[0]
REAL
    0.460746 -0.000896807   0.00506991     0.199309
-0.000896807     0.146718    0.0195618  -0.00571176
  0.00506991    0.0195618     0.166023   -0.0292701
    0.199309  -0.00571176   -0.0292701     0.226512
IMAGINARY
          0   0.0197756  0.00126326   -0.014543
 -0.0197756           0  -0.0047869  -0.0088582
-0.00126326   0.0047869           0  -0.0109149
   0.014543   0.0088582   0.0109149           0
EndNode2[0]<--->BSA[0]
REAL
   0.430675 -0.00385027  -0.0161536    0.240425
-0.00385027    0.146012   0.0426301  0.00267482
 -0.0161536   0.0426301    0.130061 -0.00321006
   0.240425  0.00267482 -0.00321006    0.293252
IMAGINARY
          0 -0.00751161   0.0175967  -0.0154731
 0.00751161           0  0.00238407 -0.00786911
 -0.0175967 -0.00238407           0  -0.0138892
  0.0154731  0.00786911   0.0138892           0
Repeater1[0]<--->EndNode1[0]
REAL
    0.460746   0.00506991 -0.000896807     0.199309
  0.00506991     0.166023    0.0195618   -0.0292701
-0.000896807    0.0195618     0.146718  -0.00571176
    0.199309   -0.0292701  -0.00571176     0.226512
IMAGINARY
          0  0.00126326   0.0197756   -0.014543
-0.00126326           0   0.0047869  -0.0109149
 -0.0197756  -0.0047869           0  -0.0088582
   0.014543   0.0109149   0.0088582           0
Repeater1[0]<--->BSA[0]
REAL
   0.430675  -0.0161536 -0.00385027    0.240425
 -0.0161536    0.130061   0.0426301 -0.00321006
-0.00385027   0.0426301    0.146012  0.00267482
   0.240425 -0.00321006  0.00267482    0.293252
IMAGINARY
          0   0.0175967 -0.00751161  -0.0154731
 -0.0175967           0 -0.00238407  -0.0138892
 0.00751161  0.00238407           0 -0.00786911
  0.0154731   0.0138892  0.00786911           0
EndNode1[0]<--->Repeater1[0]
REAL
   0.479798 -0.00640024   0.0126101    0.193669
-0.00640024    0.112374   0.0331666 -0.00839831
  0.0126101   0.0331666    0.157828   -0.012252
   0.193669 -0.00839831   -0.012252        0.25
IMAGINARY
          0   0.0030762   -0.015007 -0.00632006
 -0.0030762           0  0.00247391  0.00245744
   0.015007 -0.00247391           0  0.00815234
 0.00632006 -0.00245744 -0.00815234           0
EndNode2[0]<--->BSA[0]
REAL
   0.46912  0.0154456  0.0202265   0.237508
 0.0154456   0.135348 0.00763775 -0.0214401
 0.0202265 0.00763775   0.111695 0.00761268
  0.237508 -0.0214401 0.00761268   0.283837
IMAGINARY
          0   0.0152405  -0.0125389 -0.00253419
 -0.0152405           0  -0.0259108   0.0151363
  0.0125389   0.0259108           0   0.0185257
 0.00253419  -0.0151363  -0.0185257           0
Repeater1[0]<--->EndNode1[0]
REAL
   0.479798   0.0126101 -0.00640024    0.193669
  0.0126101    0.157828   0.0331666   -0.012252
-0.00640024   0.0331666    0.112374 -0.00839831
   0.193669   -0.012252 -0.00839831        0.25
IMAGINARY
          0   -0.015007   0.0030762 -0.00632006
   0.015007           0 -0.00247391  0.00815234
 -0.0030762  0.00247391           0  0.00245744
 0.00632006 -0.00815234 -0.00245744           0
Repeater1[0]<--->BSA[0]
REAL
   0.46912  0.0202265  0.0154456   0.237508
 0.0202265   0.111695 0.00763775 0.00761268
 0.0154456 0.00763775   0.135348 -0.0214401
  0.237508 0.00761268 -0.0214401   0.283837
IMAGINARY
          0  -0.0125389   0.0152405 -0.00253419
  0.0125389           0   0.0259108   0.0185257
 -0.0152405  -0.0259108           0   0.0151363
 0.00253419  -0.0185257  -0.0151363           0
EndNode1[0]<--->Repeater1[0]
REAL
    0.477076 -0.000776701    0.0106182     0.191139
-0.000776701    0.0904585    0.0418381  -0.00461021
   0.0106182    0.0418381     0.180917    0.0201358
    0.191139  -0.00461021    0.0201358     0.251549
IMAGINARY
          0  0.00293245    0.013108  -0.0022822
-0.00293245           0  -0.0138468  -0.0112021
  -0.013108   0.0138468           0 -0.00992102
  0.0022822   0.0112021  0.00992102           0
EndNode2[0]<--->BSA[0]
REAL
   0.474903  -0.0117738  0.00708378    0.266582
 -0.0117738    0.132561   0.0117432  -0.0132414
 0.00708378   0.0117432    0.113256 -0.00423608
   0.266582  -0.0132414 -0.00423608    0.279279
IMAGINARY
           0 -0.000403226 -0.000955981   -0.0158053
 0.000403226            0  -0.00876307  -0.00356015
 0.000955981   0.00876307            0  -0.00540323
   0.0158053   0.00356015   0.00540323            0
Repeater1[0]<--->EndNode1[0]
REAL
    0.477076    0.0106182 -0.000776701     0.191139
   0.0106182     0.180917    0.0418381    0.0201358
-0.000776701    0.0418381    0.0904585  -0.00461021
    0.191139    0.0201358  -0.00461021     0.251549
IMAGINARY
          0    0.013108  0.00293245  -0.0022822
  -0.013108           0   0.0138468 -0.00992102
-0.00293245  -0.0138468           0  -0.0112021
  0.0022822  0.00992102   0.0112021           0
Repeater1[0]<--->BSA[0]
REAL
   0.474903  0.00708378  -0.0117738    0.266582
 0.00708378    0.113256   0.0117432 -0.00423608
 -0.0117738   0.0117432    0.132561  -0.0132414
   0.266582 -0.00423608  -0.0132414    0.279279
IMAGINARY
           0 -0.000955981 -0.000403226   -0.0158053
 0.000955981            0   0.00876307  -0.00540323
 0.000403226  -0.00876307            0  -0.00356015
   0.0158053   0.00540323   0.00356015            0
EndNode1[0]<--->Repeater1[0]
REAL
   0.48011 -0.0162593 0.00259879   0.188586
-0.0162593   0.135802  0.0223732 0.00699025
0.00259879  0.0223732   0.174211 -0.0193572
  0.188586 0.00699025 -0.0193572   0.209877
IMAGINARY
          0  0.00355845    0.019639  0.00232626
-0.00355845           0   0.0216065  -0.0210014
  -0.019639  -0.0216065           0   -0.022632
-0.00232626   0.0210014    0.022632           0
EndNode2[0]<--->BSA[0]
REAL
   0.429803   0.0175102 -0.00599575    0.250666
  0.0175102    0.168719  0.00530838 -0.00343821
-0.00599575  0.00530838    0.108374  -0.0168813
   0.250666 -0.00343821  -0.0168813    0.293103
IMAGINARY
          0 -0.00829308 -0.00128313  0.00557159
 0.00829308           0  -0.0145322 -0.00534817
 0.00128313   0.0145322           0  -0.0142533
-0.00557159  0.00534817   0.0142533           0
Repeater1[0]<--->EndNode1[0]
REAL
   0.48011 0.00259879 -0.0162593   0.188586
0.00259879   0.174211  0.0223732 -0.0193572
-0.0162593  0.0223732   0.135802 0.00699025
  0.188586 -0.0193572 0.00699025   0.209877
IMAGINARY
          0    0.019639  0.00355845  0.00232626
  -0.019639           0  -0.0216065   -0.022632
-0.00355845   0.0216065           0  -0.0210014
-0.00232626    0.022632   0.0210014           0
Repeater1[0]<--->BSA[0]
REAL
   0.429803 -0.00599575   0.0175102    0.250666
-0.00599575    0.108374  0.00530838  -0.0168813
  0.0175102  0.00530838    0.168719 -0.00343821
   0.250666  -0.0168813 -0.00343821    0.293103
IMAGINARY
          0 -0.00128313 -0.00829308  0.00557159
 0.00128313           0   0.0145322  -0.0142533
 0.00829308  -0.0145322           0 -0.00534817
-0.00557159   0.0142533  0.00534817           0
