EndNode1[0]<--->Repeater1[0]
REAL
   0.358974 -0.00862504  0.00928172    0.241606
-0.00862504    0.108974   0.0440161 -0.00992357
 0.00928172   0.0440161    0.124359 -0.00613748
   0.241606 -0.00992357 -0.00613748    0.407692
IMAGINARY
          0  0.00955295  -0.0104287 -0.00946524
-0.00955295           0 -0.00552824 -0.00523392
  0.0104287  0.00552824           0  0.00490488
 0.00946524  0.00523392 -0.00490488           0
EndNode2[0]<--->BSA[0]
REAL
   0.375622   0.0166598  -0.0040097    0.238434
  0.0166598    0.133085   0.0374285 -0.00660038
 -0.0040097   0.0374285    0.105721  0.00588664
   0.238434 -0.00660038  0.00588664    0.385572
IMAGINARY
           0  -0.00189895   -0.0122618    0.0239015
  0.00189895            0   0.00519185  -0.00532613
   0.0122618  -0.00519185            0 -0.000613608
  -0.0239015   0.00532613  0.000613608            0
Repeater1[0]<--->EndNode1[0]
REAL
   0.358974  0.00928172 -0.00862504    0.241606
 0.00928172    0.124359   0.0440161 -0.00613748
-0.00862504   0.0440161    0.108974 -0.00992357
   0.241606 -0.00613748 -0.00992357    0.407692
IMAGINARY
          0  -0.0104287  0.00955295 -0.00946524
  0.0104287           0  0.00552824  0.00490488
-0.00955295 -0.00552824           0 -0.00523392
 0.00946524 -0.00490488  0.00523392           0
Repeater1[0]<--->BSA[0]
REAL
   0.375622  -0.0040097   0.0166598    0.238434
 -0.0040097    0.105721   0.0374285  0.00588664
  0.0166598   0.0374285    0.133085 -0.00660038
   0.238434  0.00588664 -0.00660038    0.385572
IMAGINARY
           0   -0.0122618  -0.00189895    0.0239015
   0.0122618            0  -0.00519185 -0.000613608
  0.00189895   0.00519185            0  -0.00532613
  -0.0239015  0.000613608   0.00532613            0
EndNode1[0]<--->Repeater1[0]
REAL
   0.357326   0.0112574 -0.00253794    0.251336
  0.0112574    0.125964   0.0102531  0.00187568
-0.00253794   0.0102531    0.120823   0.0119214
   0.251336  0.00187568   0.0119214    0.395887
IMAGINARY
          0  0.00206963  -0.0151052  0.00448115
-0.00206963           0 -0.00215015  0.00123466
  0.0151052  0.00215015           0   0.0065169
-0.00448115 -0.00123466  -0.0065169           0
EndNode2[0]<--->BSA[0]
REAL
   0.399215  0.00654622   0.0050129    0.251941
 0.00654622   0.0903141   0.0426676    0.012317
  0.0050129   0.0426676    0.126963 -0.00205328
   0.251941    0.012317 -0.00205328    0.383508
IMAGINARY
           0   -0.0183527     0.031129   -0.0183644
   0.0183527            0 -0.000994709     0.025262
   -0.031129  0.000994709            0  -0.00796309
   0.0183644    -0.025262   0.00796309            0
Repeater1[0]<--->EndNode1[0]
REAL
   0.357326 -0.00253794   0.0112574    0.251336
-0.00253794    0.120823   0.0102531   0.0119214
  0.0112574   0.0102531    0.125964  0.00187568
   0.251336   0.0119214  0.00187568    0.395887
IMAGINARY
          0  -0.0151052  0.00206963  0.00448115
  0.0151052           0  0.00215015   0.0065169
-0.00206963 -0.00215015           0  0.00123466
-0.00448115  -0.0065169 -0.00123466           0
Repeater1[0]<--->BSA[0]
REAL
   0.399215   0.0050129  0.00654622    0.251941
  0.0050129    0.126963   0.0426676 -0.00205328
 0.00654622   0.0426676   0.0903141    0.012317
   0.251941 -0.00205328    0.012317    0.383508
IMAGINARY
           0     0.031129   -0.0183527   -0.0183644
   -0.031129            0  0.000994709  -0.00796309
   0.0183527 -0.000994709            0     0.025262
   0.0183644   0.00796309    -0.025262            0
EndNode1[0]<--->Repeater1[0]
REAL
    0.39196  -0.0128246   0.0199005    0.237095
 -0.0128246     0.10804   0.0518364   -0.012822
  0.0199005   0.0518364    0.123116 -0.00841095
   0.237095   -0.012822 -0.00841095    0.376884
IMAGINARY
           0  -0.00166283 -0.000656053   -0.0142562
  0.00166283            0   -0.0316756  -0.00664806
 0.000656053    0.0316756            0  -0.00829733
   0.0142562   0.00664806   0.00829733            0
EndNode2[0]<--->BSA[0]
REAL
   0.381526   0.0158303 -0.00416401    0.232692
  0.0158303    0.109772   0.0278174 -0.00666401
-0.00416401   0.0278174     0.14324  -0.0113717
   0.232692 -0.00666401  -0.0113717    0.365462
IMAGINARY
          0   0.0127881  -0.0226668   0.0147557
 -0.0127881           0  0.00180872 -0.00565997
  0.0226668 -0.00180872           0  0.00763348
 -0.0147557  0.00565997 -0.00763348           0
Repeater1[0]<--->EndNode1[0]
REAL
    0.39196   0.0199005  -0.0128246    0.237095
  0.0199005    0.123116   0.0518364 -0.00841095
 -0.0128246   0.0518364     0.10804   -0.012822
   0.237095 -0.00841095   -0.012822    0.376884
IMAGINARY
           0 -0.000656053  -0.00166283   -0.0142562
 0.000656053            0    0.0316756  -0.00829733
  0.00166283   -0.0316756            0  -0.00664806
   0.0142562   0.00829733   0.00664806            0
Repeater1[0]<--->BSA[0]
REAL
   0.381526 -0.00416401   0.0158303    0.232692
-0.00416401     0.14324   0.0278174  -0.0113717
  0.0158303   0.0278174    0.109772 -0.00666401
   0.232692  -0.0113717 -0.00666401    0.365462
IMAGINARY
          0  -0.0226668   0.0127881   0.0147557
  0.0226668           0 -0.00180872  0.00763348
 -0.0127881  0.00180872           0 -0.00565997
 -0.0147557 -0.00763348  0.00565997           0
EndNode1[0]<--->Repeater1[0]
REAL
  0.339695 -0.0158228 0.00892373   0.225508
-0.0158228   0.128499  0.0289219 -0.0076579
0.00892373  0.0289219   0.138677 -0.0158228
  0.225508 -0.0076579 -0.0158228    0.39313
IMAGINARY
          0   0.0153214 -0.00575229  0.00446218
 -0.0153214           0    0.020128 -0.00120093
 0.00575229   -0.020128           0  0.00680244
-0.00446218  0.00120093 -0.00680244           0
EndNode2[0]<--->BSA[0]
REAL
   0.355975 -0.00455631  -0.0238165    0.223329
-0.00455631     0.12956   0.0349132 -0.00731903
 -0.0238165   0.0349132    0.128302  -0.0168112
   0.223329 -0.00731903  -0.0168112    0.386164
IMAGINARY
          0  -0.0155021 -0.00497419   0.0141694
  0.0155021           0 -0.00473543 -0.00634405
 0.00497419  0.00473543           0  0.00817854
 -0.0141694  0.00634405 -0.00817854           0
Repeater1[0]<--->EndNode1[0]
REAL
  0.339695 0.00892373 -0.0158228   0.225508
0.00892373   0.138677  0.0289219 -0.0158228
-0.0158228  0.0289219   0.128499 -0.0076579
  0.225508 -0.0158228 -0.0076579    0.39313
IMAGINARY
          0 -0.00575229   0.0153214  0.00446218
 0.00575229           0   -0.020128  0.00680244
 -0.0153214    0.020128           0 -0.00120093
-0.00446218 -0.00680244  0.00120093           0
Repeater1[0]<--->BSA[0]
REAL
   0.355975  -0.0238165 -0.00455631    0.223329
 -0.0238165    0.128302   0.0349132  -0.0168112
-0.00455631   0.0349132     0.12956 -0.00731903
   0.223329  -0.0168112 -0.00731903    0.386164
IMAGINARY
          0 -0.00497419  -0.0155021   0.0141694
 0.00497419           0  0.00473543  0.00817854
  0.0155021 -0.00473543           0 -0.00634405
 -0.0141694 -0.00817854  0.00634405           0
EndNode1[0]<--->Repeater1[0]
REAL
   0.342308 -0.00943564  0.00187616    0.245236
-0.00943564    0.148718   0.0535064  0.00252636
 0.00187616   0.0535064    0.115385  0.00125954
   0.245236  0.00252636  0.00125954     0.39359
IMAGINARY
          0  -0.0283386   0.0213511 -0.00217737
  0.0283386           0   0.0156562   0.0149898
 -0.0213511  -0.0156562           0 -0.00549597
 0.00217737  -0.0149898  0.00549597           0
EndNode2[0]<--->BSA[0]
REAL
    0.34399   0.0175601   0.0202746    0.251641
  0.0175601     0.13555   0.0209261  -0.0220331
  0.0202746   0.0209261    0.112532 -0.00993992
   0.251641  -0.0220331 -0.00993992    0.407928
IMAGINARY
          0   0.0153308  -0.0233438  0.00839748
 -0.0153308           0  -0.0253688   0.0114223
  0.0233438   0.0253688           0  -0.0202397
-0.00839748  -0.0114223   0.0202397           0
Repeater1[0]<--->EndNode1[0]
REAL
   0.342308  0.00187616 -0.00943564    0.245236
 0.00187616    0.115385   0.0535064  0.00125954
-0.00943564   0.0535064    0.148718  0.00252636
   0.245236  0.00125954  0.00252636     0.39359
IMAGINARY
          0   0.0213511  -0.0283386 -0.00217737
 -0.0213511           0  -0.0156562 -0.00549597
  0.0283386   0.0156562           0   0.0149898
 0.00217737  0.00549597  -0.0149898           0
Repeater1[0]<--->BSA[0]
REAL
    0.34399   0.0202746   0.0175601    0.251641
  0.0202746    0.112532   0.0209261 -0.00993992
  0.0175601   0.0209261     0.13555  -0.0220331
   0.251641 -0.00993992  -0.0220331    0.407928
IMAGINARY
          0  -0.0233438   0.0153308  0.00839748
  0.0233438           0   0.0253688  -0.0202397
 -0.0153308  -0.0253688           0   0.0114223
-0.00839748   0.0202397  -0.0114223           0
EndNode1[0]<--->Repeater1[0]
REAL
   0.370089  -0.0179997 -0.00392067    0.257353
 -0.0179997    0.120406   0.0353456  -0.0110728
-0.00392067   0.0353456    0.119138  0.00431001
   0.257353  -0.0110728  0.00431001    0.390368
IMAGINARY
          0   0.0176346  -0.0234878 -0.00981943
 -0.0176346           0  -0.0118658  -0.0234878
  0.0234878   0.0118658           0 -0.00154703
 0.00981943   0.0234878  0.00154703           0
EndNode2[0]<--->BSA[0]
REAL
    0.35804 -0.00618447  -0.0122013    0.265567
-0.00618447    0.114322   0.0432756  0.00244838
 -0.0122013   0.0432756    0.116834  0.00553428
   0.265567  0.00244838  0.00553428    0.410804
IMAGINARY
          0 -0.00582227   0.0118291  0.00118642
 0.00582227           0  0.00769683   0.0112095
 -0.0118291 -0.00769683           0  0.00395427
-0.00118642  -0.0112095 -0.00395427           0
Repeater1[0]<--->EndNode1[0]
REAL
   0.370089 -0.00392067  -0.0179997    0.257353
-0.00392067    0.119138   0.0353456  0.00431001
 -0.0179997   0.0353456    0.120406  -0.0110728
   0.257353  0.00431001  -0.0110728    0.390368
IMAGINARY
          0  -0.0234878   0.0176346 -0.00981943
  0.0234878           0   0.0118658 -0.00154703
 -0.0176346  -0.0118658           0  -0.0234878
 0.00981943  0.00154703   0.0234878           0
Repeater1[0]<--->BSA[0]
REAL
    0.35804  -0.0122013 -0.00618447    0.265567
 -0.0122013    0.116834   0.0432756  0.00553428
-0.00618447   0.0432756    0.114322  0.00244838
   0.265567  0.00553428  0.00244838    0.410804
IMAGINARY
          0   0.0118291 -0.00582227  0.00118642
 -0.0118291           0 -0.00769683  0.00395427
 0.00582227  0.00769683           0   0.0112095
-0.00118642 -0.00395427  -0.0112095           0
EndNode1[0]<--->Repeater1[0]
REAL
   0.394913 -0.00460652  0.00458099    0.246706
-0.00460652    0.115127   0.0327816  0.00823952
 0.00458099   0.0327816    0.119143  0.00204242
   0.246706  0.00823952  0.00204242    0.370817
IMAGINARY
          0   0.0149763  -0.0211998  -0.0123734
 -0.0149763           0 -0.00897202  -0.0205724
  0.0211998  0.00897202           0 -0.00611553
  0.0123734   0.0205724  0.00611553           0
EndNode2[0]<--->BSA[0]
REAL
    0.380577   -0.0109539   0.00559174     0.229743
  -0.0109539     0.132546    0.0251118 -0.000737372
  0.00559174    0.0251118     0.135171   0.00852667
    0.229743 -0.000737372   0.00852667     0.351706
IMAGINARY
          0  -0.0142408   0.0157028 -0.00672096
  0.0142408           0   0.0162751  -0.0263411
 -0.0157028  -0.0162751           0  -0.0101647
 0.00672096   0.0263411   0.0101647           0
Repeater1[0]<--->EndNode1[0]
REAL
   0.394913  0.00458099 -0.00460652    0.246706
 0.00458099    0.119143   0.0327816  0.00204242
-0.00460652   0.0327816    0.115127  0.00823952
   0.246706  0.00204242  0.00823952    0.370817
IMAGINARY
          0  -0.0211998   0.0149763  -0.0123734
  0.0211998           0  0.00897202 -0.00611553
 -0.0149763 -0.00897202           0  -0.0205724
  0.0123734  0.00611553   0.0205724           0
Repeater1[0]<--->BSA[0]
REAL
    0.380577   0.00559174   -0.0109539     0.229743
  0.00559174     0.135171    0.0251118   0.00852667
  -0.0109539    0.0251118     0.132546 -0.000737372
    0.229743   0.00852667 -0.000737372     0.351706
IMAGINARY
          0   0.0157028  -0.0142408 -0.00672096
 -0.0157028           0  -0.0162751  -0.0101647
  0.0142408   0.0162751           0  -0.0263411
 0.00672096   0.0101647   0.0263411           0
EndNode1[0]<--->Repeater1[0]
REAL
  0.399733 0.00171922 -0.0225384    0.24009
0.00171922   0.121658  0.0416563 0.00534264
-0.0225384  0.0416563   0.131016 -0.0255287
   0.24009 0.00534264 -0.0255287   0.347594
IMAGINARY
          0  0.00364212 -0.00549539  -0.0297421
-0.00364212           0  -0.0186856   0.0107173
 0.00549539   0.0186856           0  0.00549626
  0.0297421  -0.0107173 -0.00549626           0
EndNode2[0]<--->BSA[0]
REAL
   0.403042 -0.00716146   -0.010813    0.259473
-0.00716146    0.110266   0.0397968   0.0120296
  -0.010813   0.0397968     0.12801  0.00716146
   0.259473   0.0120296  0.00716146    0.358682
IMAGINARY
          0  0.00346282  -0.0270154   0.0223768
-0.00346282           0 -0.00304692   0.0054521
  0.0270154  0.00304692           0  0.00731886
 -0.0223768  -0.0054521 -0.00731886           0
Repeater1[0]<--->EndNode1[0]
REAL
  0.399733 -0.0225384 0.00171922    0.24009
-0.0225384   0.131016  0.0416563 -0.0255287
0.00171922  0.0416563   0.121658 0.00534264
   0.24009 -0.0255287 0.00534264   0.347594
IMAGINARY
          0 -0.00549539  0.00364212  -0.0297421
 0.00549539           0   0.0186856  0.00549626
-0.00364212  -0.0186856           0   0.0107173
  0.0297421 -0.00549626  -0.0107173           0
Repeater1[0]<--->BSA[0]
REAL
   0.403042   -0.010813 -0.00716146    0.259473
  -0.010813     0.12801   0.0397968  0.00716146
-0.00716146   0.0397968    0.110266   0.0120296
   0.259473  0.00716146   0.0120296    0.358682
IMAGINARY
          0  -0.0270154  0.00346282   0.0223768
  0.0270154           0  0.00304692  0.00731886
-0.00346282 -0.00304692           0   0.0054521
 -0.0223768 -0.00731886  -0.0054521           0
EndNode1[0]<--->Repeater1[0]
REAL
   0.403226  -0.0157598  0.00685336     0.24294
 -0.0157598    0.122829   0.0390441  0.00620147
 0.00685336   0.0390441    0.119107 -0.00904434
    0.24294  0.00620147 -0.00904434    0.354839
IMAGINARY
          0 -0.00061377   0.0141775  0.00279787
 0.00061377           0   0.0129502  0.00660173
 -0.0141775  -0.0129502           0 -0.00198363
-0.00279787 -0.00660173  0.00198363           0
EndNode2[0]<--->BSA[0]
REAL
   0.375635 -0.00207632 -0.00616089    0.238331
-0.00207632    0.135787   0.0542615  -0.0209996
-0.00616089   0.0542615     0.13198  0.00701459
   0.238331  -0.0209996  0.00701459    0.356599
IMAGINARY
          0   0.0326793  -0.0145786  0.00626706
 -0.0326793           0  0.00101771  -0.0101871
  0.0145786 -0.00101771           0   0.0188602
-0.00626706   0.0101871  -0.0188602           0
Repeater1[0]<--->EndNode1[0]
REAL
   0.403226  0.00685336  -0.0157598     0.24294
 0.00685336    0.119107   0.0390441 -0.00904434
 -0.0157598   0.0390441    0.122829  0.00620147
    0.24294 -0.00904434  0.00620147    0.354839
IMAGINARY
          0   0.0141775 -0.00061377  0.00279787
 -0.0141775           0  -0.0129502 -0.00198363
 0.00061377   0.0129502           0  0.00660173
-0.00279787  0.00198363 -0.00660173           0
Repeater1[0]<--->BSA[0]
REAL
   0.375635 -0.00616089 -0.00207632    0.238331
-0.00616089     0.13198   0.0542615  0.00701459
-0.00207632   0.0542615    0.135787  -0.0209996
   0.238331  0.00701459  -0.0209996    0.356599
IMAGINARY
          0  -0.0145786   0.0326793  0.00626706
  0.0145786           0 -0.00101771   0.0188602
 -0.0326793  0.00101771           0  -0.0101871
-0.00626706  -0.0188602   0.0101871           0
EndNode1[0]<--->Repeater1[0]
REAL
   0.391417   0.0154765   0.0113987    0.240921
  0.0154765    0.120936   0.0209211 -0.00218822
  0.0113987   0.0209211    0.130039 -0.00758176
   0.240921 -0.00218822 -0.00758176    0.357607
IMAGINARY
          0 -0.00658333   0.0125189   0.0191628
 0.00658333           0  0.00858076  0.00748111
 -0.0125189 -0.00858076           0  -0.0159167
 -0.0191628 -0.00748111   0.0159167           0
EndNode2[0]<--->BSA[0]
REAL
  0.378989 -0.0174992 -0.0035345   0.239326
-0.0174992   0.114362  0.0399472 -0.0119433
-0.0035345  0.0399472    0.12766   0.007405
  0.239326 -0.0119433   0.007405   0.378989
IMAGINARY
           0  -0.00182974     0.027385    0.0201542
  0.00182974            0  0.000972587   -0.0155838
   -0.027385 -0.000972587            0   0.00493533
  -0.0201542    0.0155838  -0.00493533            0
Repeater1[0]<--->EndNode1[0]
REAL
   0.391417   0.0113987   0.0154765    0.240921
  0.0113987    0.130039   0.0209211 -0.00758176
  0.0154765   0.0209211    0.120936 -0.00218822
   0.240921 -0.00758176 -0.00218822    0.357607
IMAGINARY
          0   0.0125189 -0.00658333   0.0191628
 -0.0125189           0 -0.00858076  -0.0159167
 0.00658333  0.00858076           0  0.00748111
 -0.0191628   0.0159167 -0.00748111           0
Repeater1[0]<--->BSA[0]
REAL
  0.378989 -0.0035345 -0.0174992   0.239326
-0.0035345    0.12766  0.0399472   0.007405
-0.0174992  0.0399472   0.114362 -0.0119433
  0.239326   0.007405 -0.0119433   0.378989
IMAGINARY
           0     0.027385  -0.00182974    0.0201542
   -0.027385            0 -0.000972587   0.00493533
  0.00182974  0.000972587            0   -0.0155838
  -0.0201542  -0.00493533    0.0155838            0
EndNode1[0]<--->Repeater1[0]
REAL
   0.368351 -0.00983422  -0.0173398    0.215475
-0.00983422    0.130319   0.0387734  0.00753585
 -0.0173398   0.0387734    0.117021 -0.00519846
   0.215475  0.00753585 -0.00519846    0.384309
IMAGINARY
          0   -0.012684 -0.00190965   0.0264467
   0.012684           0    0.021292  0.00321855
 0.00190965   -0.021292           0  -0.0213474
 -0.0264467 -0.00321855   0.0213474           0
EndNode2[0]<--->BSA[0]
REAL
  0.363995  0.0160509 -0.0145675   0.231992
 0.0160509   0.107753  0.0474375 0.00527379
-0.0145675  0.0474375   0.123522 0.00935179
  0.231992 0.00527379 0.00935179   0.404731
IMAGINARY
          0  0.00128823  -0.0127682  -0.0199049
-0.00128823           0 -0.00240486  -0.0147187
  0.0127682  0.00240486           0  0.00918297
  0.0199049   0.0147187 -0.00918297           0
Repeater1[0]<--->EndNode1[0]
REAL
   0.368351  -0.0173398 -0.00983422    0.215475
 -0.0173398    0.117021   0.0387734 -0.00519846
-0.00983422   0.0387734    0.130319  0.00753585
   0.215475 -0.00519846  0.00753585    0.384309
IMAGINARY
          0 -0.00190965   -0.012684   0.0264467
 0.00190965           0   -0.021292  -0.0213474
   0.012684    0.021292           0  0.00321855
 -0.0264467   0.0213474 -0.00321855           0
Repeater1[0]<--->BSA[0]
REAL
  0.363995 -0.0145675  0.0160509   0.231992
-0.0145675   0.123522  0.0474375 0.00935179
 0.0160509  0.0474375   0.107753 0.00527379
  0.231992 0.00935179 0.00527379   0.404731
IMAGINARY
          0  -0.0127682  0.00128823  -0.0199049
  0.0127682           0  0.00240486  0.00918297
-0.00128823 -0.00240486           0  -0.0147187
  0.0199049 -0.00918297   0.0147187           0
EndNode1[0]<--->Repeater1[0]
REAL
    0.405063   -0.0311737  -0.00545259     0.245097
  -0.0311737     0.111392    0.0325365   -0.0225058
 -0.00545259    0.0325365     0.122785 -0.000685876
    0.245097   -0.0225058 -0.000685876     0.360759
IMAGINARY
          0  -0.0197132   0.0167366 -0.00902105
  0.0197132           0  -0.0110291  0.00621027
 -0.0167366   0.0110291           0  -0.0177264
 0.00902105 -0.00621027   0.0177264           0
EndNode2[0]<--->BSA[0]
REAL
   0.389134   0.0138993   0.0120888    0.236558
  0.0138993    0.118943   0.0341188  -0.0108356
  0.0120888   0.0341188    0.132159 -0.00136792
   0.236558  -0.0108356 -0.00136792    0.359765
IMAGINARY
           0   0.00634955   -0.0149601 -1.38778e-17
 -0.00634955            0 -1.38778e-17 -0.000893581
   0.0149601  1.38778e-17            0  -0.00513004
 1.38778e-17  0.000893581   0.00513004            0
Repeater1[0]<--->EndNode1[0]
REAL
    0.405063  -0.00545259   -0.0311737     0.245097
 -0.00545259     0.122785    0.0325365 -0.000685876
  -0.0311737    0.0325365     0.111392   -0.0225058
    0.245097 -0.000685876   -0.0225058     0.360759
IMAGINARY
          0   0.0167366  -0.0197132 -0.00902105
 -0.0167366           0   0.0110291  -0.0177264
  0.0197132  -0.0110291           0  0.00621027
 0.00902105   0.0177264 -0.00621027           0
Repeater1[0]<--->BSA[0]
REAL
   0.389134   0.0120888   0.0138993    0.236558
  0.0120888    0.132159   0.0341188 -0.00136792
  0.0138993   0.0341188    0.118943  -0.0108356
   0.236558 -0.00136792  -0.0108356    0.359765
IMAGINARY
           0   -0.0149601   0.00634955 -1.38778e-17
   0.0149601            0  1.38778e-17  -0.00513004
 -0.00634955 -1.38778e-17            0 -0.000893581
 1.38778e-17   0.00513004  0.000893581            0
EndNode1[0]<--->Repeater1[0]
REAL
   0.386816   0.0183438   0.0347901    0.246884
  0.0183438    0.113184   0.0513394 -0.00179522
  0.0347901   0.0513394    0.119403   0.0209963
   0.246884 -0.00179522   0.0209963    0.380597
IMAGINARY
          0   0.0024984   -0.010712   0.0191601
 -0.0024984           0  0.00790179  0.00699915
   0.010712 -0.00790179           0 -0.00373602
 -0.0191601 -0.00699915  0.00373602           0
EndNode2[0]<--->BSA[0]
REAL
  0.427097 0.00606213 -0.0112192   0.248728
0.00606213   0.123871  0.0397334 -0.0105757
-0.0112192  0.0397334   0.105806 -0.0265749
  0.248728 -0.0105757 -0.0265749   0.343226
IMAGINARY
          0   0.0202657  0.00390593   0.0016099
 -0.0202657           0   0.0208901 -0.00787418
-0.00390593  -0.0208901           0    0.012803
 -0.0016099  0.00787418   -0.012803           0
Repeater1[0]<--->EndNode1[0]
REAL
   0.386816   0.0347901   0.0183438    0.246884
  0.0347901    0.119403   0.0513394   0.0209963
  0.0183438   0.0513394    0.113184 -0.00179522
   0.246884   0.0209963 -0.00179522    0.380597
IMAGINARY
          0   -0.010712   0.0024984   0.0191601
   0.010712           0 -0.00790179 -0.00373602
 -0.0024984  0.00790179           0  0.00699915
 -0.0191601  0.00373602 -0.00699915           0
Repeater1[0]<--->BSA[0]
REAL
  0.427097 -0.0112192 0.00606213   0.248728
-0.0112192   0.105806  0.0397334 -0.0265749
0.00606213  0.0397334   0.123871 -0.0105757
  0.248728 -0.0265749 -0.0105757   0.343226
IMAGINARY
          0  0.00390593   0.0202657   0.0016099
-0.00390593           0  -0.0208901    0.012803
 -0.0202657   0.0208901           0 -0.00787418
 -0.0016099   -0.012803  0.00787418           0
EndNode1[0]<--->Repeater1[0]
REAL
 0.354545 0.0117459 0.0258162  0.258478
0.0117459  0.120779  0.036553 0.0108298
0.0258162  0.036553  0.133766 0.0162045
 0.258478 0.0108298 0.0162045  0.390909
IMAGINARY
           0  -0.00387143  -0.00286315  -0.00262525
  0.00387143            0  -0.00463867  0.000189353
  0.00286315   0.00463867            0   0.00654523
  0.00262525 -0.000189353  -0.00654523            0
EndNode2[0]<--->BSA[0]
REAL
   0.401299   0.0202542  0.00539628    0.236597
  0.0202542    0.124675   0.0408865 -0.00208502
 0.00539628   0.0408865     0.11039  0.00424909
   0.236597 -0.00208502  0.00424909    0.363636
IMAGINARY
          0   0.0125778   0.0220182  0.00331291
 -0.0125778           0  0.00582547   0.0195368
 -0.0220182 -0.00582547           0  -0.0259826
-0.00331291  -0.0195368   0.0259826           0
Repeater1[0]<--->EndNode1[0]
REAL
 0.354545 0.0258162 0.0117459  0.258478
0.0258162  0.133766  0.036553 0.0162045
0.0117459  0.036553  0.120779 0.0108298
 0.258478 0.0162045 0.0108298  0.390909
IMAGINARY
           0  -0.00286315  -0.00387143  -0.00262525
  0.00286315            0   0.00463867   0.00654523
  0.00387143  -0.00463867            0  0.000189353
  0.00262525  -0.00654523 -0.000189353            0
Repeater1[0]<--->BSA[0]
REAL
   0.401299  0.00539628   0.0202542    0.236597
 0.00539628     0.11039   0.0408865  0.00424909
  0.0202542   0.0408865    0.124675 -0.00208502
   0.236597  0.00424909 -0.00208502    0.363636
IMAGINARY
          0   0.0220182   0.0125778  0.00331291
 -0.0220182           0 -0.00582547  -0.0259826
 -0.0125778  0.00582547           0   0.0195368
-0.00331291   0.0259826  -0.0195368           0
EndNode1[0]<--->Repeater1[0]
REAL
   0.410256 -0.00712765  0.00403133    0.245024
-0.00712765     0.10641   0.0329031  0.00875467
 0.00403133   0.0329031    0.129487 -0.00835014
   0.245024  0.00875467 -0.00835014    0.353846
IMAGINARY
           0 -0.000620182     0.002457   -0.0134502
 0.000620182            0   0.00834816    -0.002457
   -0.002457  -0.00834816            0   0.00819594
   0.0134502     0.002457  -0.00819594            0
EndNode2[0]<--->BSA[0]
REAL
   0.377922   0.0039634 -0.00768833    0.241091
  0.0039634    0.114286   0.0381457 -0.00901812
-0.00768833   0.0381457    0.144156  -0.0147033
   0.241091 -0.00901812  -0.0147033    0.363636
IMAGINARY
           0  0.000261825   -0.0148407    0.0156197
-0.000261825            0  -0.00978308   0.00779841
   0.0148407   0.00978308            0   0.00421961
  -0.0156197  -0.00779841  -0.00421961            0
Repeater1[0]<--->EndNode1[0]
REAL
   0.410256  0.00403133 -0.00712765    0.245024
 0.00403133    0.129487   0.0329031 -0.00835014
-0.00712765   0.0329031     0.10641  0.00875467
   0.245024 -0.00835014  0.00875467    0.353846
IMAGINARY
           0     0.002457 -0.000620182   -0.0134502
   -0.002457            0  -0.00834816   0.00819594
 0.000620182   0.00834816            0    -0.002457
   0.0134502  -0.00819594     0.002457            0
Repeater1[0]<--->BSA[0]
REAL
   0.377922 -0.00768833   0.0039634    0.241091
-0.00768833    0.144156   0.0381457  -0.0147033
  0.0039634   0.0381457    0.114286 -0.00901812
   0.241091  -0.0147033 -0.00901812    0.363636
IMAGINARY
           0   -0.0148407  0.000261825    0.0156197
   0.0148407            0   0.00978308   0.00421961
-0.000261825  -0.00978308            0   0.00779841
  -0.0156197  -0.00421961  -0.00779841            0
EndNode1[0]<--->Repeater1[0]
REAL
   0.352345 -0.00872788 -0.00384199    0.232682
-0.00872788    0.114068   0.0211431  0.00314658
-0.00384199   0.0211431    0.143219  -0.0156115
   0.232682  0.00314658  -0.0156115    0.390368
IMAGINARY
          0  0.00752161 -0.00574563    0.012043
-0.00752161           0  -0.0029991  0.00959179
 0.00574563   0.0029991           0  -0.0023934
  -0.012043 -0.00959179   0.0023934           0
EndNode2[0]<--->BSA[0]
REAL
   0.393464  -0.0103748 -0.00499558    0.249751
 -0.0103748    0.109804   0.0513985  -0.0076481
-0.00499558   0.0513985    0.126797   0.0103748
   0.249751  -0.0076481   0.0103748    0.369935
IMAGINARY
          0  -0.0198784 -0.00201063  -0.0268522
  0.0198784           0  0.00862303  -0.0150996
 0.00201063 -0.00862303           0 -0.00103416
  0.0268522   0.0150996  0.00103416           0
Repeater1[0]<--->EndNode1[0]
REAL
   0.352345 -0.00384199 -0.00872788    0.232682
-0.00384199    0.143219   0.0211431  -0.0156115
-0.00872788   0.0211431    0.114068  0.00314658
   0.232682  -0.0156115  0.00314658    0.390368
IMAGINARY
          0 -0.00574563  0.00752161    0.012043
 0.00574563           0   0.0029991  -0.0023934
-0.00752161  -0.0029991           0  0.00959179
  -0.012043   0.0023934 -0.00959179           0
Repeater1[0]<--->BSA[0]
REAL
   0.393464 -0.00499558  -0.0103748    0.249751
-0.00499558    0.126797   0.0513985   0.0103748
 -0.0103748   0.0513985    0.109804  -0.0076481
   0.249751   0.0103748  -0.0076481    0.369935
IMAGINARY
          0 -0.00201063  -0.0198784  -0.0268522
 0.00201063           0 -0.00862303 -0.00103416
  0.0198784  0.00862303           0  -0.0150996
  0.0268522  0.00103416   0.0150996           0
EndNode1[0]<--->Repeater1[0]
REAL
   0.376756  -0.0098514  -0.0182474    0.246688
 -0.0098514    0.131545   0.0363955  -0.0233625
 -0.0182474   0.0363955    0.130268 -0.00856606
   0.246688  -0.0233625 -0.00856606     0.36143
IMAGINARY
          0   0.0302557  0.00127065  -0.0166351
 -0.0302557           0   -0.014196 -0.00317662
-0.00127065    0.014196           0  -0.0105606
  0.0166351  0.00317662   0.0105606           0
EndNode2[0]<--->BSA[0]
REAL
    0.379974    0.0264401    0.0210335     0.239396
   0.0264401     0.123235    0.0414262 -0.000485521
   0.0210335    0.0414262     0.127086    0.0190144
    0.239396 -0.000485521    0.0190144     0.369705
IMAGINARY
          0 -0.00309262  -0.0128768  0.00769088
 0.00309262           0   0.0108276   0.0116078
  0.0128768  -0.0108276           0   0.0119759
-0.00769088  -0.0116078  -0.0119759           0
Repeater1[0]<--->EndNode1[0]
REAL
   0.376756  -0.0182474  -0.0098514    0.246688
 -0.0182474    0.130268   0.0363955 -0.00856606
 -0.0098514   0.0363955    0.131545  -0.0233625
   0.246688 -0.00856606  -0.0233625     0.36143
IMAGINARY
          0  0.00127065   0.0302557  -0.0166351
-0.00127065           0    0.014196  -0.0105606
 -0.0302557   -0.014196           0 -0.00317662
  0.0166351   0.0105606  0.00317662           0
Repeater1[0]<--->BSA[0]
REAL
    0.379974    0.0210335    0.0264401     0.239396
   0.0210335     0.127086    0.0414262    0.0190144
   0.0264401    0.0414262     0.123235 -0.000485521
    0.239396    0.0190144 -0.000485521     0.369705
IMAGINARY
          0  -0.0128768 -0.00309262  0.00769088
  0.0128768           0  -0.0108276   0.0119759
 0.00309262   0.0108276           0   0.0116078
-0.00769088  -0.0119759  -0.0116078           0
EndNode1[0]<--->Repeater1[0]
REAL
   0.383142 -0.00787713 -0.00760036    0.222174
-0.00787713    0.121328   0.0384243 -0.00362158
-0.00760036   0.0384243    0.111111  -0.0158136
   0.222174 -0.00362158  -0.0158136    0.384419
IMAGINARY
          0   0.0084579  0.00529459  0.00219874
 -0.0084579           0 -0.00400815  0.00720541
-0.00529459  0.00400815           0  -0.0072079
-0.00219874 -0.00720541   0.0072079           0
EndNode2[0]<--->BSA[0]
REAL
   0.403061 0.000492264  -0.0104043    0.217517
0.000492264    0.121173   0.0521034  -0.0123805
 -0.0104043   0.0521034    0.122449  -0.0106188
   0.217517  -0.0123805  -0.0106188    0.353316
IMAGINARY
          0  -0.0062272   0.0100179  -0.0242321
  0.0062272           0 -0.00689877  -0.0275617
 -0.0100179  0.00689877           0  -0.0100635
  0.0242321   0.0275617   0.0100635           0
Repeater1[0]<--->EndNode1[0]
REAL
   0.383142 -0.00760036 -0.00787713    0.222174
-0.00760036    0.111111   0.0384243  -0.0158136
-0.00787713   0.0384243    0.121328 -0.00362158
   0.222174  -0.0158136 -0.00362158    0.384419
IMAGINARY
          0  0.00529459   0.0084579  0.00219874
-0.00529459           0  0.00400815  -0.0072079
 -0.0084579 -0.00400815           0  0.00720541
-0.00219874   0.0072079 -0.00720541           0
Repeater1[0]<--->BSA[0]
REAL
   0.403061  -0.0104043 0.000492264    0.217517
 -0.0104043    0.122449   0.0521034  -0.0106188
0.000492264   0.0521034    0.121173  -0.0123805
   0.217517  -0.0106188  -0.0123805    0.353316
IMAGINARY
          0   0.0100179  -0.0062272  -0.0242321
 -0.0100179           0  0.00689877  -0.0100635
  0.0062272 -0.00689877           0  -0.0275617
  0.0242321   0.0100635   0.0275617           0
EndNode1[0]<--->Repeater1[0]
REAL
   0.348684 -0.00136933 -0.00828642    0.245586
-0.00136933    0.143421   0.0379692  -0.0152928
-0.00828642   0.0379692    0.135526 -0.00407203
   0.245586  -0.0152928 -0.00407203    0.372368
IMAGINARY
          0  0.00821296  0.00350663  0.00686128
-0.00821296           0 -0.00259818 -0.00473513
-0.00350663  0.00259818           0   0.0126716
-0.00686128  0.00473513  -0.0126716           0
EndNode2[0]<--->BSA[0]
REAL
  0.366412 -0.0103359  0.0171721   0.238633
-0.0103359   0.120865  0.0463256  0.0210183
 0.0171721  0.0463256   0.128499  0.0214993
  0.238633  0.0210183  0.0214993   0.384224
IMAGINARY
           0   0.00228887    0.0145641   0.00128181
 -0.00228887            0   0.00695646  0.000121199
  -0.0145641  -0.00695646            0  -0.00298817
 -0.00128181 -0.000121199   0.00298817            0
Repeater1[0]<--->EndNode1[0]
REAL
   0.348684 -0.00828642 -0.00136933    0.245586
-0.00828642    0.135526   0.0379692 -0.00407203
-0.00136933   0.0379692    0.143421  -0.0152928
   0.245586 -0.00407203  -0.0152928    0.372368
IMAGINARY
          0  0.00350663  0.00821296  0.00686128
-0.00350663           0  0.00259818   0.0126716
-0.00821296 -0.00259818           0 -0.00473513
-0.00686128  -0.0126716  0.00473513           0
Repeater1[0]<--->BSA[0]
REAL
  0.366412  0.0171721 -0.0103359   0.238633
 0.0171721   0.128499  0.0463256  0.0214993
-0.0103359  0.0463256   0.120865  0.0210183
  0.238633  0.0214993  0.0210183   0.384224
IMAGINARY
           0    0.0145641   0.00228887   0.00128181
  -0.0145641            0  -0.00695646  -0.00298817
 -0.00228887   0.00695646            0  0.000121199
 -0.00128181   0.00298817 -0.000121199            0
EndNode1[0]<--->Repeater1[0]
REAL
  0.377261  0.0162222 0.00486647   0.269277
 0.0162222   0.131783  0.0317438  -0.013795
0.00486647  0.0317438   0.127907 -0.0149467
  0.269277  -0.013795 -0.0149467   0.363049
IMAGINARY
           0  -0.00622282   -0.0100371  -0.00429088
  0.00622282            0 -0.000587173   0.00478773
   0.0100371  0.000587173            0   -0.0226486
  0.00429088  -0.00478773    0.0226486            0
EndNode2[0]<--->BSA[0]
REAL
  0.379265  0.0231114   0.027115   0.233728
 0.0231114   0.139108  0.0433729 0.00150858
  0.027115  0.0433729   0.112861  0.0116024
  0.233728 0.00150858  0.0116024   0.368766
IMAGINARY
          0   0.0119897 -0.00067278  -0.0125352
 -0.0119897           0   0.0203681 -0.00821047
 0.00067278  -0.0203681           0   0.0171981
  0.0125352  0.00821047  -0.0171981           0
Repeater1[0]<--->EndNode1[0]
REAL
  0.377261 0.00486647  0.0162222   0.269277
0.00486647   0.127907  0.0317438 -0.0149467
 0.0162222  0.0317438   0.131783  -0.013795
  0.269277 -0.0149467  -0.013795   0.363049
IMAGINARY
           0   -0.0100371  -0.00622282  -0.00429088
   0.0100371            0  0.000587173   -0.0226486
  0.00622282 -0.000587173            0   0.00478773
  0.00429088    0.0226486  -0.00478773            0
Repeater1[0]<--->BSA[0]
REAL
  0.379265   0.027115  0.0231114   0.233728
  0.027115   0.112861  0.0433729  0.0116024
 0.0231114  0.0433729   0.139108 0.00150858
  0.233728  0.0116024 0.00150858   0.368766
IMAGINARY
          0 -0.00067278   0.0119897  -0.0125352
 0.00067278           0  -0.0203681   0.0171981
 -0.0119897   0.0203681           0 -0.00821047
  0.0125352  -0.0171981  0.00821047           0
EndNode1[0]<--->Repeater1[0]
REAL
   0.385346 -0.00513966  0.00680065    0.236117
-0.00513966     0.12483   0.0439087   0.0191159
 0.00680065   0.0439087    0.135685  0.00577177
   0.236117   0.0191159  0.00577177    0.354138
IMAGINARY
          0  0.00711314   0.0123874  0.00455217
-0.00711314           0  -0.0106796 -0.00329645
 -0.0123874   0.0106796           0 -0.00971055
-0.00455217  0.00329645  0.00971055           0
EndNode2[0]<--->BSA[0]
REAL
   0.391134  -0.0198893 -0.00322641    0.218424
 -0.0198893    0.123859    0.037921  0.00703351
-0.00322641    0.037921    0.118644    0.011006
   0.218424  0.00703351    0.011006    0.366362
IMAGINARY
          0  0.00350075  0.00733522  -0.0138367
-0.00350075           0 -0.00908771 -0.00670629
-0.00733522  0.00908771           0  -0.0141926
  0.0138367  0.00670629   0.0141926           0
Repeater1[0]<--->EndNode1[0]
REAL
   0.385346  0.00680065 -0.00513966    0.236117
 0.00680065    0.135685   0.0439087  0.00577177
-0.00513966   0.0439087     0.12483   0.0191159
   0.236117  0.00577177   0.0191159    0.354138
IMAGINARY
          0   0.0123874  0.00711314  0.00455217
 -0.0123874           0   0.0106796 -0.00971055
-0.00711314  -0.0106796           0 -0.00329645
-0.00455217  0.00971055  0.00329645           0
Repeater1[0]<--->BSA[0]
REAL
   0.391134 -0.00322641  -0.0198893    0.218424
-0.00322641    0.118644    0.037921    0.011006
 -0.0198893    0.037921    0.123859  0.00703351
   0.218424    0.011006  0.00703351    0.366362
IMAGINARY
          0  0.00733522  0.00350075  -0.0138367
-0.00733522           0  0.00908771  -0.0141926
-0.00350075 -0.00908771           0 -0.00670629
  0.0138367   0.0141926  0.00670629           0
EndNode1[0]<--->Repeater1[0]
REAL
   0.358323  -0.0183197  -0.0184324     0.24307
 -0.0183197    0.146125   0.0418904  -0.0158683
 -0.0184324   0.0418904    0.123253 -0.00410778
    0.24307  -0.0158683 -0.00410778      0.3723
IMAGINARY
           0 -0.000319914   -0.0151974  -0.00132973
 0.000319914            0    0.0111081   0.00405721
   0.0151974   -0.0111081            0   -0.0121309
  0.00132973  -0.00405721    0.0121309            0
EndNode2[0]<--->BSA[0]
REAL
   0.350327 -0.00855761  -0.0199468     0.24816
-0.00855761    0.112418   0.0563612  -0.0199468
 -0.0199468   0.0563612    0.141176 -0.00607005
    0.24816  -0.0199468 -0.00607005    0.396078
IMAGINARY
          0   0.0185034  -0.0231586  0.00375448
 -0.0185034           0   -0.002449  -0.0257832
  0.0231586    0.002449           0  0.00266059
-0.00375448   0.0257832 -0.00266059           0
Repeater1[0]<--->EndNode1[0]
REAL
   0.358323  -0.0184324  -0.0183197     0.24307
 -0.0184324    0.123253   0.0418904 -0.00410778
 -0.0183197   0.0418904    0.146125  -0.0158683
    0.24307 -0.00410778  -0.0158683      0.3723
IMAGINARY
           0   -0.0151974 -0.000319914  -0.00132973
   0.0151974            0   -0.0111081   -0.0121309
 0.000319914    0.0111081            0   0.00405721
  0.00132973    0.0121309  -0.00405721            0
Repeater1[0]<--->BSA[0]
REAL
   0.350327  -0.0199468 -0.00855761     0.24816
 -0.0199468    0.141176   0.0563612 -0.00607005
-0.00855761   0.0563612    0.112418  -0.0199468
    0.24816 -0.00607005  -0.0199468    0.396078
IMAGINARY
          0  -0.0231586   0.0185034  0.00375448
  0.0231586           0    0.002449  0.00266059
 -0.0185034   -0.002449           0  -0.0257832
-0.00375448 -0.00266059   0.0257832           0
EndNode1[0]<--->Repeater1[0]
REAL
  0.363885 0.00207081 -0.0167543   0.241947
0.00207081   0.120383  0.0280402  0.0185993
-0.0167543  0.0280402   0.128591  0.0206844
  0.241947  0.0185993  0.0206844   0.387141
IMAGINARY
          0  0.00759493    0.013829 -0.00691989
-0.00759493           0  -0.0187211  -0.0211138
  -0.013829   0.0187211           0 -0.00295916
 0.00691989   0.0211138  0.00295916           0
EndNode2[0]<--->BSA[0]
REAL
   0.376147   -0.012655    0.019645    0.232664
  -0.012655    0.110092     0.01767 -0.00429118
   0.019645     0.01767    0.110092  -0.0107095
   0.232664 -0.00429118  -0.0107095     0.40367
IMAGINARY
          0  0.00350989   0.0132043  -0.0191145
-0.00350989           0   0.0119029  0.00848095
 -0.0132043  -0.0119029           0  -0.0202385
  0.0191145 -0.00848095   0.0202385           0
Repeater1[0]<--->EndNode1[0]
REAL
  0.363885 -0.0167543 0.00207081   0.241947
-0.0167543   0.128591  0.0280402  0.0206844
0.00207081  0.0280402   0.120383  0.0185993
  0.241947  0.0206844  0.0185993   0.387141
IMAGINARY
          0    0.013829  0.00759493 -0.00691989
  -0.013829           0   0.0187211 -0.00295916
-0.00759493  -0.0187211           0  -0.0211138
 0.00691989  0.00295916   0.0211138           0
Repeater1[0]<--->BSA[0]
REAL
   0.376147    0.019645   -0.012655    0.232664
   0.019645    0.110092     0.01767  -0.0107095
  -0.012655     0.01767    0.110092 -0.00429118
   0.232664  -0.0107095 -0.00429118     0.40367
IMAGINARY
          0   0.0132043  0.00350989  -0.0191145
 -0.0132043           0  -0.0119029  -0.0202385
-0.00350989   0.0119029           0  0.00848095
  0.0191145   0.0202385 -0.00848095           0
EndNode1[0]<--->Repeater1[0]
REAL
   0.391528  -0.0142736   0.0109107    0.223921
 -0.0142736    0.133504   0.0350321 -0.00402362
  0.0109107   0.0350321    0.116816  -0.0215391
   0.223921 -0.00402362  -0.0215391    0.358151
IMAGINARY
          0  0.00973041  0.00804925 -0.00961886
-0.00973041           0  0.00146328  -0.0105184
-0.00804925 -0.00146328           0  0.00261527
 0.00961886   0.0105184 -0.00261527           0
EndNode2[0]<--->BSA[0]
REAL
   0.394737  -0.0110413 -0.00161121    0.230072
 -0.0110413    0.118421   0.0308846   0.0208675
-0.00161121   0.0308846    0.110048   0.0143614
   0.230072   0.0208675   0.0143614    0.376794
IMAGINARY
           0    0.0132183 -0.000362248   -0.0194414
  -0.0132183            0  -0.00201508 -0.000992765
