EndNode1[0]<--->Repeater1[0]
REAL
   0.521907 -0.00919568  -0.0119349   0.0353522
-0.00919568    0.193299   0.0170672  -0.0216673
 -0.0119349   0.0170672    0.150773 -0.00424518
  0.0353522  -0.0216673 -0.00424518    0.134021
IMAGINARY
          0  0.00157629  -0.0100842  -0.0112974
-0.00157629           0   0.0139016  -0.0107228
  0.0100842  -0.0139016           0  0.00157629
  0.0112974   0.0107228 -0.00157629           0
EndNode2[0]<--->BSA[0]
REAL
   0.537158  0.00153206 -0.00258459   0.0932594
 0.00153206    0.114733  -0.0034536 -0.00712415
-0.00258459  -0.0034536    0.139505 0.000895121
  0.0932594 -0.00712415 0.000895121    0.208605
IMAGINARY
          0 -0.00694503  0.00172834 -0.00638309
 0.00694503           0  -0.0050673   0.0292451
-0.00172834   0.0050673           0 -0.00759353
 0.00638309  -0.0292451  0.00759353           0
Repeater1[0]<--->EndNode1[0]
REAL
   0.521907  -0.0119349 -0.00919568   0.0353522
 -0.0119349    0.150773   0.0170672 -0.00424518
-0.00919568   0.0170672    0.193299  -0.0216673
  0.0353522 -0.00424518  -0.0216673    0.134021
IMAGINARY
          0  -0.0100842  0.00157629  -0.0112974
  0.0100842           0  -0.0139016  0.00157629
-0.00157629   0.0139016           0  -0.0107228
  0.0112974 -0.00157629   0.0107228           0
Repeater1[0]<--->BSA[0]
REAL
   0.537158 -0.00258459  0.00153206   0.0932594
-0.00258459    0.139505  -0.0034536 0.000895121
 0.00153206  -0.0034536    0.114733 -0.00712415
  0.0932594 0.000895121 -0.00712415    0.208605
IMAGINARY
          0  0.00172834 -0.00694503 -0.00638309
-0.00172834           0   0.0050673 -0.00759353
 0.00694503  -0.0050673           0   0.0292451
 0.00638309  0.00759353  -0.0292451           0
EndNode1[0]<--->Repeater1[0]
REAL
    0.55277  -0.0100319 0.000308261   0.0571805
 -0.0100319    0.188654 -0.00354301 0.000308261
0.000308261 -0.00354301    0.143799  -0.0214108
  0.0571805 0.000308261  -0.0214108    0.114776
IMAGINARY
          0   0.0142713  0.00156136   0.0119804
 -0.0142713           0  -0.0157304  -0.0261092
-0.00156136   0.0157304           0 -0.00264342
 -0.0119804   0.0261092  0.00264342           0
EndNode2[0]<--->BSA[0]
REAL
   0.534819   0.0176766  0.00995303   0.0773246
  0.0176766    0.115599 -0.00570118   0.0125572
 0.00995303 -0.00570118    0.144847   -0.014266
  0.0773246   0.0125572   -0.014266    0.204735
IMAGINARY
          0   0.0153275 -0.00215707   0.0203035
 -0.0153275           0  -0.0234091   0.0052321
 0.00215707   0.0234091           0  -0.0147125
 -0.0203035  -0.0052321   0.0147125           0
Repeater1[0]<--->EndNode1[0]
REAL
    0.55277 0.000308261  -0.0100319   0.0571805
0.000308261    0.143799 -0.00354301  -0.0214108
 -0.0100319 -0.00354301    0.188654 0.000308261
  0.0571805  -0.0214108 0.000308261    0.114776
IMAGINARY
          0  0.00156136   0.0142713   0.0119804
-0.00156136           0   0.0157304 -0.00264342
 -0.0142713  -0.0157304           0  -0.0261092
 -0.0119804  0.00264342   0.0261092           0
Repeater1[0]<--->BSA[0]
REAL
   0.534819  0.00995303   0.0176766   0.0773246
 0.00995303    0.144847 -0.00570118   -0.014266
  0.0176766 -0.00570118    0.115599   0.0125572
  0.0773246   -0.014266   0.0125572    0.204735
IMAGINARY
          0 -0.00215707   0.0153275   0.0203035
 0.00215707           0   0.0234091  -0.0147125
 -0.0153275  -0.0234091           0   0.0052321
 -0.0203035   0.0147125  -0.0052321           0
EndNode1[0]<--->Repeater1[0]
REAL
   0.516469 -0.00471451  0.00307762   0.0420523
-0.00471451    0.176548   0.0153248  0.00638013
 0.00307762   0.0153248    0.176548  -0.0123094
  0.0420523  0.00638013  -0.0123094    0.130435
IMAGINARY
          0   0.0107946  -0.0156071 -0.00383531
 -0.0107946           0 -0.00118981   0.0149552
  0.0156071  0.00118981           0 -0.00883892
 0.00383531  -0.0149552  0.00883892           0
EndNode2[0]<--->BSA[0]
REAL
  0.497429  -0.008654  0.0125027   0.105741
 -0.008654    0.12982  0.0026685 0.00523715
 0.0125027  0.0026685   0.145244  0.0132532
  0.105741 0.00523715  0.0132532   0.227506
IMAGINARY
          0 -0.00324874 -0.00536615   0.0112434
 0.00324874           0 -0.00859788 -0.00295651
 0.00536615  0.00859788           0 -0.00635433
 -0.0112434  0.00295651  0.00635433           0
Repeater1[0]<--->EndNode1[0]
REAL
   0.516469  0.00307762 -0.00471451   0.0420523
 0.00307762    0.176548   0.0153248  -0.0123094
-0.00471451   0.0153248    0.176548  0.00638013
  0.0420523  -0.0123094  0.00638013    0.130435
IMAGINARY
          0  -0.0156071   0.0107946 -0.00383531
  0.0156071           0  0.00118981 -0.00883892
 -0.0107946 -0.00118981           0   0.0149552
 0.00383531  0.00883892  -0.0149552           0
Repeater1[0]<--->BSA[0]
REAL
  0.497429  0.0125027  -0.008654   0.105741
 0.0125027   0.145244  0.0026685  0.0132532
 -0.008654  0.0026685    0.12982 0.00523715
  0.105741  0.0132532 0.00523715   0.227506
IMAGINARY
          0 -0.00536615 -0.00324874   0.0112434
 0.00536615           0  0.00859788 -0.00635433
 0.00324874 -0.00859788           0 -0.00295651
 -0.0112434  0.00635433  0.00295651           0
EndNode1[0]<--->Repeater1[0]
REAL
   0.558047  0.00653605   0.0144764   0.0771361
 0.00653605    0.159631  0.00296728  -0.0196443
  0.0144764  0.00296728    0.147757 -0.00524406
  0.0771361  -0.0196443 -0.00524406    0.134565
IMAGINARY
          0  0.00666684   -0.010834  -0.0140936
-0.00666684           0   0.0260133 -0.00962631
   0.010834  -0.0260133           0 -0.00794561
  0.0140936  0.00962631  0.00794561           0
EndNode2[0]<--->BSA[0]
REAL
   0.489906  -0.0205941 0.000598768   0.0817511
 -0.0205941    0.117093   0.0119989   0.0176304
0.000598768   0.0119989    0.188425  -0.0236767
  0.0817511   0.0176304  -0.0236767    0.204576
IMAGINARY
          0  -0.0248192   -0.014714  -0.0113149
  0.0248192           0  0.00734663 -0.00679841
   0.014714 -0.00734663           0  -0.0110348
  0.0113149  0.00679841   0.0110348           0
Repeater1[0]<--->EndNode1[0]
REAL
   0.558047   0.0144764  0.00653605   0.0771361
  0.0144764    0.147757  0.00296728 -0.00524406
 0.00653605  0.00296728    0.159631  -0.0196443
  0.0771361 -0.00524406  -0.0196443    0.134565
IMAGINARY
          0   -0.010834  0.00666684  -0.0140936
   0.010834           0  -0.0260133 -0.00794561
-0.00666684   0.0260133           0 -0.00962631
  0.0140936  0.00794561  0.00962631           0
Repeater1[0]<--->BSA[0]
REAL
   0.489906 0.000598768  -0.0205941   0.0817511
0.000598768    0.188425   0.0119989  -0.0236767
 -0.0205941   0.0119989    0.117093   0.0176304
  0.0817511  -0.0236767   0.0176304    0.204576
IMAGINARY
          0   -0.014714  -0.0248192  -0.0113149
   0.014714           0 -0.00734663  -0.0110348
  0.0248192  0.00734663           0 -0.00679841
  0.0113149   0.0110348  0.00679841           0
EndNode1[0]<--->Repeater1[0]
REAL
  0.548065 0.00452171 0.00416707  0.0522348
0.00452171   0.198502  0.0061734  0.0118791
0.00416707  0.0061734   0.134831 0.00638971
 0.0522348  0.0118791 0.00638971   0.118602
IMAGINARY
          0 -0.00131822  0.00255353  0.00729961
 0.00131822           0   0.0287004 -0.00722642
-0.00255353  -0.0287004           0   0.0113316
-0.00729961  0.00722642  -0.0113316           0
EndNode2[0]<--->BSA[0]
REAL
  0.497878  0.0153612 0.00179278  0.0995783
 0.0153612   0.117397  -0.025271  0.0170989
0.00179278  -0.025271   0.169731 0.00353053
 0.0995783  0.0170989 0.00353053   0.214993
IMAGINARY
           0   -0.0249775   0.00167663   -0.0119466
   0.0249775            0  0.000124591   -0.0095174
 -0.00167663 -0.000124591            0  0.000248901
   0.0119466    0.0095174 -0.000248901            0
Repeater1[0]<--->EndNode1[0]
REAL
  0.548065 0.00416707 0.00452171  0.0522348
0.00416707   0.134831  0.0061734 0.00638971
0.00452171  0.0061734   0.198502  0.0118791
 0.0522348 0.00638971  0.0118791   0.118602
IMAGINARY
          0  0.00255353 -0.00131822  0.00729961
-0.00255353           0  -0.0287004   0.0113316
 0.00131822   0.0287004           0 -0.00722642
-0.00729961  -0.0113316  0.00722642           0
Repeater1[0]<--->BSA[0]
REAL
  0.497878 0.00179278  0.0153612  0.0995783
0.00179278   0.169731  -0.025271 0.00353053
 0.0153612  -0.025271   0.117397  0.0170989
 0.0995783 0.00353053  0.0170989   0.214993
IMAGINARY
           0   0.00167663   -0.0249775   -0.0119466
 -0.00167663            0 -0.000124591  0.000248901
   0.0249775  0.000124591            0   -0.0095174
   0.0119466 -0.000248901    0.0095174            0
