EndNode1[0]<--->Repeater1[0]
REAL
   0.337957  -0.0108221 -0.00760195    0.200626
 -0.0108221    0.163934   0.0899494  -0.0355918
-0.00760195   0.0899494    0.176545 -0.00357576
   0.200626  -0.0355918 -0.00357576    0.321564
IMAGINARY
          0  0.00849454  -0.0022907    0.029735
-0.00849454           0   0.0278809  -0.0146364
  0.0022907  -0.0278809           0  0.00452629
  -0.029735   0.0146364 -0.00452629           0
EndNode2[0]<--->BSA[0]
REAL
   0.351779 -0.00388775  -0.0085613     0.20494
-0.00388775    0.179183   0.0816957  -0.0225055
 -0.0085613   0.0816957    0.172596 -0.00138775
    0.20494  -0.0225055 -0.00138775    0.296443
IMAGINARY
          0  0.00445508   0.0181313  0.00916171
-0.00445508           0 -0.00457455  0.00294146
 -0.0181313  0.00457455           0   0.0064006
-0.00916171 -0.00294146  -0.0064006           0
Repeater1[0]<--->EndNode1[0]
REAL
   0.337957 -0.00760195  -0.0108221    0.200626
-0.00760195    0.176545   0.0899494 -0.00357576
 -0.0108221   0.0899494    0.163934  -0.0355918
   0.200626 -0.00357576  -0.0355918    0.321564
IMAGINARY
          0  -0.0022907  0.00849454    0.029735
  0.0022907           0  -0.0278809  0.00452629
-0.00849454   0.0278809           0  -0.0146364
  -0.029735 -0.00452629   0.0146364           0
Repeater1[0]<--->BSA[0]
REAL
   0.351779  -0.0085613 -0.00388775     0.20494
 -0.0085613    0.172596   0.0816957 -0.00138775
-0.00388775   0.0816957    0.179183  -0.0225055
    0.20494 -0.00138775  -0.0225055    0.296443
IMAGINARY
          0   0.0181313  0.00445508  0.00916171
 -0.0181313           0  0.00457455   0.0064006
-0.00445508 -0.00457455           0  0.00294146
-0.00916171  -0.0064006 -0.00294146           0
EndNode1[0]<--->Repeater1[0]
REAL
   0.377778    0.014191 -0.00389948    0.185089
   0.014191    0.175163    0.090135  -0.0210047
-0.00389948    0.090135    0.177778  -0.0135525
   0.185089  -0.0210047  -0.0135525    0.269281
IMAGINARY
          0 -0.00444971  0.00993794 -0.00558465
 0.00444971           0  -0.0099433  0.00931836
-0.00993794   0.0099433           0   0.0130818
 0.00558465 -0.00931836  -0.0130818           0
EndNode2[0]<--->BSA[0]
REAL
    0.361728 -0.000278558   0.00851032     0.206589
-0.000278558     0.160494    0.0910142  0.000144809
  0.00851032    0.0910142     0.158025   0.00360745
    0.206589  0.000144809   0.00360745     0.319753
IMAGINARY
          0  -0.0202784   0.0215456  0.00488705
  0.0202784           0  0.00113705  0.00255825
 -0.0215456 -0.00113705           0 -0.00011713
-0.00488705 -0.00255825  0.00011713           0
Repeater1[0]<--->EndNode1[0]
REAL
   0.377778 -0.00389948    0.014191    0.185089
-0.00389948    0.177778    0.090135  -0.0135525
   0.014191    0.090135    0.175163  -0.0210047
   0.185089  -0.0135525  -0.0210047    0.269281
IMAGINARY
          0  0.00993794 -0.00444971 -0.00558465
-0.00993794           0   0.0099433   0.0130818
 0.00444971  -0.0099433           0  0.00931836
 0.00558465  -0.0130818 -0.00931836           0
Repeater1[0]<--->BSA[0]
REAL
    0.361728   0.00851032 -0.000278558     0.206589
  0.00851032     0.158025    0.0910142   0.00360745
-0.000278558    0.0910142     0.160494  0.000144809
    0.206589   0.00360745  0.000144809     0.319753
IMAGINARY
          0   0.0215456  -0.0202784  0.00488705
 -0.0215456           0 -0.00113705 -0.00011713
  0.0202784  0.00113705           0  0.00255825
-0.00488705  0.00011713 -0.00255825           0
EndNode1[0]<--->Repeater1[0]
REAL
   0.356711   0.0221207 -0.00306198    0.181771
  0.0221207    0.211608   0.0685631  -0.0109567
-0.00306198   0.0685631    0.146312  -0.0187829
   0.181771  -0.0109567  -0.0187829    0.285369
IMAGINARY
           0  -0.00451491  0.000122829  0.000779176
  0.00451491            0   0.00787595    0.0039203
-0.000122829  -0.00787595            0  -0.00896218
-0.000779176   -0.0039203   0.00896218            0
EndNode2[0]<--->BSA[0]
REAL
  0.333333  0.0136281 0.00611705   0.186476
 0.0136281   0.187902  0.0704964 -0.0227173
0.00611705  0.0704964   0.187902 -0.0103081
  0.186476 -0.0227173 -0.0103081   0.290862
IMAGINARY
          0   0.0167128  -0.0109447 -0.00783186
 -0.0167128           0  0.00656604   0.0160993
  0.0109447 -0.00656604           0  -0.0141355
 0.00783186  -0.0160993   0.0141355           0
Repeater1[0]<--->EndNode1[0]
REAL
   0.356711 -0.00306198   0.0221207    0.181771
-0.00306198    0.146312   0.0685631  -0.0187829
  0.0221207   0.0685631    0.211608  -0.0109567
   0.181771  -0.0187829  -0.0109567    0.285369
IMAGINARY
           0  0.000122829  -0.00451491  0.000779176
-0.000122829            0  -0.00787595  -0.00896218
  0.00451491   0.00787595            0    0.0039203
-0.000779176   0.00896218   -0.0039203            0
Repeater1[0]<--->BSA[0]
REAL
  0.333333 0.00611705  0.0136281   0.186476
0.00611705   0.187902  0.0704964 -0.0103081
 0.0136281  0.0704964   0.187902 -0.0227173
  0.186476 -0.0103081 -0.0227173   0.290862
IMAGINARY
          0  -0.0109447   0.0167128 -0.00783186
  0.0109447           0 -0.00656604  -0.0141355
 -0.0167128  0.00656604           0   0.0160993
 0.00783186   0.0141355  -0.0160993           0
EndNode1[0]<--->Repeater1[0]
REAL
   0.337531 -0.00315995  0.00192308    0.194195
-0.00315995    0.187657   0.0616491 -0.00192308
 0.00192308   0.0616491    0.166247   0.0135496
   0.194195 -0.00192308   0.0135496    0.308564
IMAGINARY
           0  -0.00905645    0.0118076   0.00639641
  0.00905645            0 -0.000663925   0.00918979
  -0.0118076  0.000663925            0  -0.00144224
 -0.00639641  -0.00918979   0.00144224            0
EndNode2[0]<--->BSA[0]
REAL
  0.369333 -0.0101964 0.00793472   0.199221
-0.0101964   0.153333  0.0759421  0.0149411
0.00793472  0.0759421   0.162667  0.0147716
  0.199221  0.0149411  0.0147716   0.314667
IMAGINARY
          0  0.00315923  -0.0133523   0.0103102
-0.00315923           0  0.00547928  0.00521715
  0.0133523 -0.00547928           0   0.0112338
 -0.0103102 -0.00521715  -0.0112338           0
Repeater1[0]<--->EndNode1[0]
REAL
   0.337531  0.00192308 -0.00315995    0.194195
 0.00192308    0.166247   0.0616491   0.0135496
-0.00315995   0.0616491    0.187657 -0.00192308
   0.194195   0.0135496 -0.00192308    0.308564
IMAGINARY
           0    0.0118076  -0.00905645   0.00639641
  -0.0118076            0  0.000663925  -0.00144224
  0.00905645 -0.000663925            0   0.00918979
 -0.00639641   0.00144224  -0.00918979            0
Repeater1[0]<--->BSA[0]
REAL
  0.369333 0.00793472 -0.0101964   0.199221
0.00793472   0.162667  0.0759421  0.0147716
-0.0101964  0.0759421   0.153333  0.0149411
  0.199221  0.0147716  0.0149411   0.314667
IMAGINARY
          0  -0.0133523  0.00315923   0.0103102
  0.0133523           0 -0.00547928   0.0112338
-0.00315923  0.00547928           0  0.00521715
 -0.0103102  -0.0112338 -0.00521715           0
