EndNode1[0]<--->Repeater1[0]
REAL
    0.350736  -0.00425354 -0.000744784     0.200991
 -0.00425354     0.182062    0.0644087   -0.0235016
-0.000744784    0.0644087     0.170013  -0.00295484
    0.200991   -0.0235016  -0.00295484     0.297189
IMAGINARY
          0   0.0103379  -0.0191375  0.00254202
 -0.0103379           0  0.00451831   0.0149257
  0.0191375 -0.00451831           0  -0.0133463
-0.00254202  -0.0149257   0.0133463           0
EndNode2[0]<--->BSA[0]
REAL
   0.348808   0.0200586   0.0258921    0.215524
  0.0200586    0.163112   0.0788106 -0.00495618
  0.0258921   0.0788106     0.18946 -0.00281722
   0.215524 -0.00495618 -0.00281722     0.29862
IMAGINARY
           0   -0.0060932   0.00264496  0.000617284
   0.0060932            0 -0.000617284  -0.00200311
 -0.00264496  0.000617284            0    0.0170046
-0.000617284   0.00200311   -0.0170046            0
Repeater1[0]<--->EndNode1[0]
REAL
    0.350736 -0.000744784  -0.00425354     0.200991
-0.000744784     0.170013    0.0644087  -0.00295484
 -0.00425354    0.0644087     0.182062   -0.0235016
    0.200991  -0.00295484   -0.0235016     0.297189
IMAGINARY
          0  -0.0191375   0.0103379  0.00254202
  0.0191375           0 -0.00451831  -0.0133463
 -0.0103379  0.00451831           0   0.0149257
-0.00254202   0.0133463  -0.0149257           0
Repeater1[0]<--->BSA[0]
REAL
   0.348808   0.0258921   0.0200586    0.215524
  0.0258921     0.18946   0.0788106 -0.00281722
  0.0200586   0.0788106    0.163112 -0.00495618
   0.215524 -0.00281722 -0.00495618     0.29862
IMAGINARY
           0   0.00264496   -0.0060932  0.000617284
 -0.00264496            0  0.000617284    0.0170046
   0.0060932 -0.000617284            0  -0.00200311
-0.000617284   -0.0170046   0.00200311            0
EndNode1[0]<--->Repeater1[0]
REAL
   0.347313  -0.0231886  -0.0190679     0.17886
 -0.0231886    0.193971    0.076696 0.000113669
 -0.0190679    0.076696    0.165138  -0.0127591
    0.17886 0.000113669  -0.0127591    0.293578
IMAGINARY
           0   -0.0140707 -0.000258527   0.00291543
   0.0140707            0    0.0202453  -0.00214532
 0.000258527   -0.0202453            0   0.00565721
 -0.00291543   0.00214532  -0.00565721            0
EndNode2[0]<--->BSA[0]
REAL
   0.37578 0.00441229 0.00326773   0.220652
0.00441229   0.182272  0.0845266 -0.0112825
0.00326773  0.0845266     0.1598 -0.0124271
  0.220652 -0.0112825 -0.0124271   0.282147
IMAGINARY
          0   0.0257206  -0.0216827 -0.00549995
 -0.0257206           0 -0.00422768  -0.0175843
  0.0216827  0.00422768           0 -0.00216042
 0.00549995   0.0175843  0.00216042           0
Repeater1[0]<--->EndNode1[0]
REAL
   0.347313  -0.0190679  -0.0231886     0.17886
 -0.0190679    0.165138    0.076696  -0.0127591
 -0.0231886    0.076696    0.193971 0.000113669
    0.17886  -0.0127591 0.000113669    0.293578
IMAGINARY
           0 -0.000258527   -0.0140707   0.00291543
 0.000258527            0   -0.0202453   0.00565721
   0.0140707    0.0202453            0  -0.00214532
 -0.00291543  -0.00565721   0.00214532            0
Repeater1[0]<--->BSA[0]
REAL
   0.37578 0.00326773 0.00441229   0.220652
0.00326773     0.1598  0.0845266 -0.0124271
0.00441229  0.0845266   0.182272 -0.0112825
  0.220652 -0.0124271 -0.0112825   0.282147
IMAGINARY
          0  -0.0216827   0.0257206 -0.00549995
  0.0216827           0  0.00422768 -0.00216042
 -0.0257206 -0.00422768           0  -0.0175843
 0.00549995  0.00216042   0.0175843           0
EndNode1[0]<--->Repeater1[0]
REAL
    0.351675   0.00391645 -0.000430726     0.180457
  0.00391645     0.187799    0.0881993   0.00540585
-0.000430726    0.0881993     0.148325  -0.00391645
    0.180457   0.00540585  -0.00391645     0.312201
IMAGINARY
          0   0.0155903 -0.00394933  0.00979073
 -0.0155903           0  -0.0136468 -0.00959905
 0.00394933   0.0136468           0 -0.00204193
-0.00979073  0.00959905  0.00204193           0
EndNode2[0]<--->BSA[0]
REAL
  0.320704  0.0226374  0.0296851   0.190715
 0.0226374   0.182679  0.0809285 -0.0190202
 0.0296851  0.0809285   0.171854  0.0156311
  0.190715 -0.0190202  0.0156311   0.324763
IMAGINARY
          0 -0.00373666  0.00733571  -0.0103292
 0.00373666           0  -0.0123981  -0.0217648
-0.00733571   0.0123981           0  0.00687342
  0.0103292   0.0217648 -0.00687342           0
Repeater1[0]<--->EndNode1[0]
REAL
    0.351675 -0.000430726   0.00391645     0.180457
-0.000430726     0.148325    0.0881993  -0.00391645
  0.00391645    0.0881993     0.187799   0.00540585
    0.180457  -0.00391645   0.00540585     0.312201
IMAGINARY
          0 -0.00394933   0.0155903  0.00979073
 0.00394933           0   0.0136468 -0.00204193
 -0.0155903  -0.0136468           0 -0.00959905
-0.00979073  0.00204193  0.00959905           0
Repeater1[0]<--->BSA[0]
REAL
  0.320704  0.0296851  0.0226374   0.190715
 0.0296851   0.171854  0.0809285  0.0156311
 0.0226374  0.0809285   0.182679 -0.0190202
  0.190715  0.0156311 -0.0190202   0.324763
IMAGINARY
          0  0.00733571 -0.00373666  -0.0103292
-0.00733571           0   0.0123981  0.00687342
 0.00373666  -0.0123981           0  -0.0217648
  0.0103292 -0.00687342   0.0217648           0
EndNode1[0]<--->Repeater1[0]
REAL
   0.356061  0.00482601  0.00592367    0.204414
 0.00482601    0.190657   0.0754025 -0.00395775
 0.00592367   0.0754025    0.160354  -0.0212087
   0.204414 -0.00395775  -0.0212087    0.292929
IMAGINARY
          0 -0.00929202  0.00489961   0.0161594
 0.00929202           0  -0.0037411   0.0239836
-0.00489961   0.0037411           0   0.0125013
 -0.0161594  -0.0239836  -0.0125013           0
EndNode2[0]<--->BSA[0]
REAL
 0.324967 0.0124212 0.0140352  0.207083
0.0124212  0.151915   0.07707 0.0146533
0.0140352   0.07707  0.215324 0.0162673
 0.207083 0.0146533 0.0162673  0.307794
IMAGINARY
          0  0.00126255  -0.0172343  -0.0206806
-0.00126255           0 -0.00216206  -0.0325717
  0.0172343  0.00216206           0   0.0278448
  0.0206806   0.0325717  -0.0278448           0
Repeater1[0]<--->EndNode1[0]
REAL
   0.356061  0.00592367  0.00482601    0.204414
 0.00592367    0.160354   0.0754025  -0.0212087
 0.00482601   0.0754025    0.190657 -0.00395775
   0.204414  -0.0212087 -0.00395775    0.292929
IMAGINARY
          0  0.00489961 -0.00929202   0.0161594
-0.00489961           0   0.0037411   0.0125013
 0.00929202  -0.0037411           0   0.0239836
 -0.0161594  -0.0125013  -0.0239836           0
Repeater1[0]<--->BSA[0]
REAL
 0.324967 0.0140352 0.0124212  0.207083
0.0140352  0.215324   0.07707 0.0162673
0.0124212   0.07707  0.151915 0.0146533
 0.207083 0.0162673 0.0146533  0.307794
IMAGINARY
          0  -0.0172343  0.00126255  -0.0206806
  0.0172343           0  0.00216206   0.0278448
-0.00126255 -0.00216206           0  -0.0325717
  0.0206806  -0.0278448   0.0325717           0
