EndNode1[0]<--->Repeater1[0]
REAL
 0.462963 0.0249357 0.0289462  0.232452
0.0249357 0.0740741 0.0194088 0.0070339
0.0289462 0.0194088 0.0820106 0.0160072
 0.232452 0.0070339 0.0160072  0.380952
IMAGINARY
          0 -0.00910313  0.00141946 -0.00952509
 0.00910313           0 -0.00889931 -0.00452505
-0.00141946  0.00889931           0  0.00351307
 0.00952509  0.00452505 -0.00351307           0
EndNode2[0]<--->BSA[0]
REAL
   0.422775   0.0156446 -0.00502449    0.232706
  0.0156446   0.0628272   0.0132259 -0.00436224
-0.00502449   0.0132259   0.0890052 -0.00125156
   0.232706 -0.00436224 -0.00125156    0.425393
IMAGINARY
          0  -0.0178265   0.0341023  0.00264245
  0.0178265           0 -0.00506963    0.016547
 -0.0341023  0.00506963           0 -0.00165401
-0.00264245   -0.016547  0.00165401           0
Repeater1[0]<--->EndNode1[0]
REAL
 0.462963 0.0289462 0.0249357  0.232452
0.0289462 0.0820106 0.0194088 0.0160072
0.0249357 0.0194088 0.0740741 0.0070339
 0.232452 0.0160072 0.0070339  0.380952
IMAGINARY
          0  0.00141946 -0.00910313 -0.00952509
-0.00141946           0  0.00889931  0.00351307
 0.00910313 -0.00889931           0 -0.00452505
 0.00952509 -0.00351307  0.00452505           0
Repeater1[0]<--->BSA[0]
REAL
   0.422775 -0.00502449   0.0156446    0.232706
-0.00502449   0.0890052   0.0132259 -0.00125156
  0.0156446   0.0132259   0.0628272 -0.00436224
   0.232706 -0.00125156 -0.00436224    0.425393
IMAGINARY
          0   0.0341023  -0.0178265  0.00264245
 -0.0341023           0  0.00506963 -0.00165401
  0.0178265 -0.00506963           0    0.016547
-0.00264245  0.00165401   -0.016547           0
EndNode1[0]<--->Repeater1[0]
REAL
   0.447134  -0.0132583   0.0135928     0.22618
 -0.0132583   0.0764331    0.016206  -0.0123238
  0.0135928    0.016206   0.0802548 -0.00197012
    0.22618  -0.0123238 -0.00197012    0.396178
IMAGINARY
           0    0.0019685    -0.020651    0.0125733
  -0.0019685            0   -0.0266672 -0.000346403
    0.020651    0.0266672            0    0.0019685
  -0.0125733  0.000346403   -0.0019685            0
EndNode2[0]<--->BSA[0]
REAL
  0.416667   0.018114  0.0146882   0.219152
  0.018114  0.0768229  0.0238503 0.00312354
 0.0146882  0.0238503  0.0755208 0.00987577
  0.219152 0.00312354 0.00987577    0.43099
IMAGINARY
          0   0.0146577   0.0213567 -0.00195313
 -0.0146577           0  -0.0332031 -0.00457817
 -0.0213567   0.0332031           0  0.00480544
 0.00195313  0.00457817 -0.00480544           0
Repeater1[0]<--->EndNode1[0]
REAL
   0.447134   0.0135928  -0.0132583     0.22618
  0.0135928   0.0802548    0.016206 -0.00197012
 -0.0132583    0.016206   0.0764331  -0.0123238
    0.22618 -0.00197012  -0.0123238    0.396178
IMAGINARY
           0    -0.020651    0.0019685    0.0125733
    0.020651            0    0.0266672    0.0019685
  -0.0019685   -0.0266672            0 -0.000346403
  -0.0125733   -0.0019685  0.000346403            0
Repeater1[0]<--->BSA[0]
REAL
  0.416667  0.0146882   0.018114   0.219152
 0.0146882  0.0755208  0.0238503 0.00987577
  0.018114  0.0238503  0.0768229 0.00312354
  0.219152 0.00987577 0.00312354    0.43099
IMAGINARY
          0   0.0213567   0.0146577 -0.00195313
 -0.0213567           0   0.0332031  0.00480544
 -0.0146577  -0.0332031           0 -0.00457817
 0.00195313 -0.00480544  0.00457817           0
EndNode1[0]<--->Repeater1[0]
REAL
   0.445129 -0.00824113  0.00949123    0.230617
-0.00824113   0.0690506   0.0217899   0.0145803
 0.00949123   0.0217899   0.0949445  0.00480234
   0.230617   0.0145803  0.00480234    0.390875
IMAGINARY
           0    0.0145286   0.00500395    0.0104368
  -0.0145286            0     0.022632  -0.00566271
 -0.00500395    -0.022632            0  0.000622916
  -0.0104368   0.00566271 -0.000622916            0
EndNode2[0]<--->BSA[0]
REAL
       0.46   0.0105874 -0.00860954    0.239329
  0.0105874       0.072  0.00647723    0.010545
-0.00860954  0.00647723        0.08 -0.00220031
   0.239329    0.010545 -0.00220031       0.388
IMAGINARY
          0  0.00206535   -0.007325    0.011945
-0.00206535           0  -0.0046602  0.00190983
   0.007325   0.0046602           0   0.0129768
  -0.011945 -0.00190983  -0.0129768           0
Repeater1[0]<--->EndNode1[0]
REAL
   0.445129  0.00949123 -0.00824113    0.230617
 0.00949123   0.0949445   0.0217899  0.00480234
-0.00824113   0.0217899   0.0690506   0.0145803
   0.230617  0.00480234   0.0145803    0.390875
IMAGINARY
           0   0.00500395    0.0145286    0.0104368
 -0.00500395            0    -0.022632  0.000622916
  -0.0145286     0.022632            0  -0.00566271
  -0.0104368 -0.000622916   0.00566271            0
Repeater1[0]<--->BSA[0]
REAL
       0.46 -0.00860954   0.0105874    0.239329
-0.00860954        0.08  0.00647723 -0.00220031
  0.0105874  0.00647723       0.072    0.010545
   0.239329 -0.00220031    0.010545       0.388
IMAGINARY
          0   -0.007325  0.00206535    0.011945
   0.007325           0   0.0046602   0.0129768
-0.00206535  -0.0046602           0  0.00190983
  -0.011945  -0.0129768 -0.00190983           0
EndNode1[0]<--->Repeater1[0]
REAL
  0.441524  0.0147532 0.00555304   0.228394
 0.0147532  0.0854139  0.0131792 0.00880401
0.00555304  0.0131792  0.0801577 -0.0116321
  0.228394 0.00880401 -0.0116321   0.392904
IMAGINARY
           0   -0.0157313   -0.0210741  6.36717e-05
   0.0157313            0   0.00188185    0.0269259
   0.0210741  -0.00188185            0  -0.00442476
-6.36717e-05   -0.0269259   0.00442476            0
EndNode2[0]<--->BSA[0]
REAL
   0.454545 -0.00989781  0.00380711    0.240992
-0.00989781   0.0663391 -0.00197433 -0.00380711
 0.00380711 -0.00197433   0.0737101  0.00472985
   0.240992 -0.00380711  0.00472985    0.405405
IMAGINARY
           0  -0.00210274  0.000374652   0.00900671
  0.00210274            0  -0.00699329    0.0136918
-0.000374652   0.00699329            0   -0.0183576
 -0.00900671   -0.0136918    0.0183576            0
Repeater1[0]<--->EndNode1[0]
REAL
  0.441524 0.00555304  0.0147532   0.228394
0.00555304  0.0801577  0.0131792 -0.0116321
 0.0147532  0.0131792  0.0854139 0.00880401
  0.228394 -0.0116321 0.00880401   0.392904
IMAGINARY
           0   -0.0210741   -0.0157313  6.36717e-05
   0.0210741            0  -0.00188185  -0.00442476
   0.0157313   0.00188185            0    0.0269259
-6.36717e-05   0.00442476   -0.0269259            0
Repeater1[0]<--->BSA[0]
REAL
   0.454545  0.00380711 -0.00989781    0.240992
 0.00380711   0.0737101 -0.00197433  0.00472985
-0.00989781 -0.00197433   0.0663391 -0.00380711
   0.240992  0.00472985 -0.00380711    0.405405
IMAGINARY
           0  0.000374652  -0.00210274   0.00900671
-0.000374652            0   0.00699329   -0.0183576
  0.00210274  -0.00699329            0    0.0136918
 -0.00900671    0.0183576   -0.0136918            0
EndNode1[0]<--->Repeater1[0]
REAL
   0.454433   0.0121529   0.0030236    0.239867
  0.0121529     0.08867 -0.00915216 -0.00372486
  0.0030236 -0.00915216   0.0862069  -0.0156592
   0.239867 -0.00372486  -0.0156592     0.37069
IMAGINARY
           0   0.00717586  3.93732e-05   0.00409836
 -0.00717586            0  -0.00409836  -0.00330735
-3.93732e-05   0.00409836            0  -0.00390788
 -0.00409836   0.00330735   0.00390788            0
EndNode2[0]<--->BSA[0]
REAL
    0.427184    0.0178812   -0.0267029     0.231194
   0.0178812    0.0554785   0.00368398 -0.000967617
  -0.0267029   0.00368398    0.0859917   -0.0352558
    0.231194 -0.000967617   -0.0352558     0.431345
IMAGINARY
          0   0.0152056 -0.00588419   0.0211453
 -0.0152056           0  -0.0102618 -0.00259038
 0.00588419   0.0102618           0   0.0102181
 -0.0211453  0.00259038  -0.0102181           0
Repeater1[0]<--->EndNode1[0]
REAL
   0.454433   0.0030236   0.0121529    0.239867
  0.0030236   0.0862069 -0.00915216  -0.0156592
  0.0121529 -0.00915216     0.08867 -0.00372486
   0.239867  -0.0156592 -0.00372486     0.37069
IMAGINARY
           0  3.93732e-05   0.00717586   0.00409836
-3.93732e-05            0   0.00409836  -0.00390788
 -0.00717586  -0.00409836            0  -0.00330735
 -0.00409836   0.00390788   0.00330735            0
Repeater1[0]<--->BSA[0]
REAL
    0.427184   -0.0267029    0.0178812     0.231194
  -0.0267029    0.0859917   0.00368398   -0.0352558
   0.0178812   0.00368398    0.0554785 -0.000967617
    0.231194   -0.0352558 -0.000967617     0.431345
IMAGINARY
          0 -0.00588419   0.0152056   0.0211453
 0.00588419           0   0.0102618   0.0102181
 -0.0152056  -0.0102618           0 -0.00259038
 -0.0211453  -0.0102181  0.00259038           0
