EndNode1[0]<--->Repeater1[0]
REAL
   0.542964  -0.0116168   0.0020045   0.0447634
 -0.0116168    0.179328 -0.00760566  -0.0104791
  0.0020045 -0.00760566    0.141968   0.0305216
  0.0447634  -0.0104791   0.0305216    0.135741
IMAGINARY
          0 -0.00849003  -0.0115302  -0.0209023
 0.00849003           0   0.0176598 -0.00592619
  0.0115302  -0.0176598           0   0.0222057
  0.0209023  0.00592619  -0.0222057           0
EndNode2[0]<--->BSA[0]
REAL
  0.506832  0.0240541  0.0114133  0.0841965
 0.0240541   0.118012 -0.0175298  0.0219201
 0.0114133 -0.0175298   0.160248 -0.0117084
 0.0841965  0.0219201 -0.0117084   0.214907
IMAGINARY
          0  0.00296136  0.00395178   0.0100301
-0.00296136           0  -0.0139061  -0.0107335
-0.00395178   0.0139061           0  0.00998562
 -0.0100301   0.0107335 -0.00998562           0
Repeater1[0]<--->EndNode1[0]
REAL
   0.542964   0.0020045  -0.0116168   0.0447634
  0.0020045    0.141968 -0.00760566   0.0305216
 -0.0116168 -0.00760566    0.179328  -0.0104791
  0.0447634   0.0305216  -0.0104791    0.135741
IMAGINARY
          0  -0.0115302 -0.00849003  -0.0209023
  0.0115302           0  -0.0176598   0.0222057
 0.00849003   0.0176598           0 -0.00592619
  0.0209023  -0.0222057  0.00592619           0
Repeater1[0]<--->BSA[0]
REAL
  0.506832  0.0114133  0.0240541  0.0841965
 0.0114133   0.160248 -0.0175298 -0.0117084
 0.0240541 -0.0175298   0.118012  0.0219201
 0.0841965 -0.0117084  0.0219201   0.214907
IMAGINARY
          0  0.00395178  0.00296136   0.0100301
-0.00395178           0   0.0139061  0.00998562
-0.00296136  -0.0139061           0  -0.0107335
 -0.0100301 -0.00998562   0.0107335           0
