EndNode1[0]<--->Repeater1[0]
REAL
  0.383825 0.00924779  0.0168042   0.268738
0.00924779    0.12837  0.0493231 0.00909217
 0.0168042  0.0493231   0.132221 0.00469643
  0.268738 0.00909217 0.00469643   0.355584
IMAGINARY
          0  0.00766844  0.00501529  0.00668022
-0.00766844           0  0.00164244 -0.00235572
-0.00501529 -0.00164244           0 -0.00899823
-0.00668022  0.00235572  0.00899823           0
EndNode2[0]<--->BSA[0]
REAL
   0.350374  -0.0213878 -0.00834519    0.279419
 -0.0213878    0.154613   0.0573407   0.0077406
-0.00834519   0.0573407    0.118454  0.00990052
   0.279419   0.0077406  0.00990052    0.376559
IMAGINARY
          0   0.0185162  -0.0240357  -0.0105834
 -0.0185162           0   0.0048944 -0.00843187
  0.0240357  -0.0048944           0  0.00356172
  0.0105834  0.00843187 -0.00356172           0
Repeater1[0]<--->EndNode1[0]
REAL
  0.383825  0.0168042 0.00924779   0.268738
 0.0168042   0.132221  0.0493231 0.00469643
0.00924779  0.0493231    0.12837 0.00909217
  0.268738 0.00469643 0.00909217   0.355584
IMAGINARY
          0  0.00501529  0.00766844  0.00668022
-0.00501529           0 -0.00164244 -0.00899823
-0.00766844  0.00164244           0 -0.00235572
-0.00668022  0.00899823  0.00235572           0
Repeater1[0]<--->BSA[0]
REAL
   0.350374 -0.00834519  -0.0213878    0.279419
-0.00834519    0.118454   0.0573407  0.00990052
 -0.0213878   0.0573407    0.154613   0.0077406
   0.279419  0.00990052   0.0077406    0.376559
IMAGINARY
          0  -0.0240357   0.0185162  -0.0105834
  0.0240357           0  -0.0048944  0.00356172
 -0.0185162   0.0048944           0 -0.00843187
  0.0105834 -0.00356172  0.00843187           0
EndNode1[0]<--->Repeater1[0]
REAL
   0.379947  0.00845298 -0.00232021    0.251392
 0.00845298    0.150396   0.0607705  0.00502291
-0.00232021   0.0607705    0.150396 -0.00439892
   0.251392  0.00502291 -0.00439892    0.319261
IMAGINARY
           0   -0.0158824   0.00660067     0.011134
   0.0158824            0  -0.00438555   -0.0108638
 -0.00660067   0.00438555            0  0.000657053
   -0.011134    0.0108638 -0.000657053            0
EndNode2[0]<--->BSA[0]
REAL
   0.373737  -0.0113553  0.00361681    0.275289
 -0.0113553    0.138889   0.0698726 -0.00426197
 0.00361681   0.0698726    0.128788 -0.00219304
   0.275289 -0.00426197 -0.00219304    0.358586
IMAGINARY
          0  0.00761808  -0.0169078  -0.0157806
-0.00761808           0  -0.0114002  0.00303722
  0.0169078   0.0114002           0   0.0102155
  0.0157806 -0.00303722  -0.0102155           0
Repeater1[0]<--->EndNode1[0]
REAL
   0.379947 -0.00232021  0.00845298    0.251392
-0.00232021    0.150396   0.0607705 -0.00439892
 0.00845298   0.0607705    0.150396  0.00502291
   0.251392 -0.00439892  0.00502291    0.319261
IMAGINARY
           0   0.00660067   -0.0158824     0.011134
 -0.00660067            0   0.00438555  0.000657053
   0.0158824  -0.00438555            0   -0.0108638
   -0.011134 -0.000657053    0.0108638            0
Repeater1[0]<--->BSA[0]
REAL
   0.373737  0.00361681  -0.0113553    0.275289
 0.00361681    0.128788   0.0698726 -0.00219304
 -0.0113553   0.0698726    0.138889 -0.00426197
   0.275289 -0.00219304 -0.00426197    0.358586
IMAGINARY
          0  -0.0169078  0.00761808  -0.0157806
  0.0169078           0   0.0114002   0.0102155
-0.00761808  -0.0114002           0  0.00303722
  0.0157806  -0.0102155 -0.00303722           0
EndNode1[0]<--->Repeater1[0]
REAL
   0.413793 0.000690255  -0.0303854    0.246904
0.000690255    0.124668   0.0536211   0.0225114
 -0.0303854   0.0536211    0.129973  0.00718376
   0.246904   0.0225114  0.00718376    0.331565
IMAGINARY
          0 -0.00766001   0.0115941  0.00550045
 0.00766001           0   0.0149599  -0.0236346
 -0.0115941  -0.0149599           0     0.02984
-0.00550045   0.0236346    -0.02984           0
EndNode2[0]<--->BSA[0]
REAL
   0.369806 -0.00618777 -0.00323722    0.267366
-0.00618777    0.139889   0.0569409  0.00125572
-0.00323722   0.0569409    0.126039  0.00816928
   0.267366  0.00125572  0.00816928    0.364266
IMAGINARY
           0   -0.0100029    0.0136049    0.0110922
   0.0100029            0   -0.0104711  -0.00523936
  -0.0136049    0.0104711            0  0.000350359
  -0.0110922   0.00523936 -0.000350359            0
Repeater1[0]<--->EndNode1[0]
REAL
   0.413793  -0.0303854 0.000690255    0.246904
 -0.0303854    0.129973   0.0536211  0.00718376
0.000690255   0.0536211    0.124668   0.0225114
   0.246904  0.00718376   0.0225114    0.331565
IMAGINARY
          0   0.0115941 -0.00766001  0.00550045
 -0.0115941           0  -0.0149599     0.02984
 0.00766001   0.0149599           0  -0.0236346
-0.00550045    -0.02984   0.0236346           0
Repeater1[0]<--->BSA[0]
REAL
   0.369806 -0.00323722 -0.00618777    0.267366
-0.00323722    0.126039   0.0569409  0.00816928
-0.00618777   0.0569409    0.139889  0.00125572
   0.267366  0.00816928  0.00125572    0.364266
IMAGINARY
           0    0.0136049   -0.0100029    0.0110922
  -0.0136049            0    0.0104711  0.000350359
   0.0100029   -0.0104711            0  -0.00523936
  -0.0110922 -0.000350359   0.00523936            0
EndNode1[0]<--->Repeater1[0]
REAL
   0.385965  0.00670034 -0.00606165    0.258407
 0.00670034    0.117794   0.0593269   0.0183769
-0.00606165   0.0593269    0.137845 -0.00177423
   0.258407   0.0183769 -0.00177423    0.358396
IMAGINARY
           0    0.0196289   -0.0120281    -0.019008
  -0.0196289            0   0.00221215  0.000858542
   0.0120281  -0.00221215            0    0.0165078
    0.019008 -0.000858542   -0.0165078            0
EndNode2[0]<--->BSA[0]
REAL
    0.38247   -0.016892 -0.00915946     0.28149
  -0.016892    0.155378    0.066032  0.00979479
-0.00915946    0.066032    0.135458   0.0124447
    0.28149  0.00979479   0.0124447    0.326693
IMAGINARY
          0   -0.005891   0.0115826  -0.0147917
   0.005891           0   0.0153752 -0.00816263
 -0.0115826  -0.0153752           0  0.00794299
  0.0147917  0.00816263 -0.00794299           0
Repeater1[0]<--->EndNode1[0]
REAL
   0.385965 -0.00606165  0.00670034    0.258407
-0.00606165    0.137845   0.0593269 -0.00177423
 0.00670034   0.0593269    0.117794   0.0183769
   0.258407 -0.00177423   0.0183769    0.358396
IMAGINARY
           0   -0.0120281    0.0196289    -0.019008
   0.0120281            0  -0.00221215    0.0165078
  -0.0196289   0.00221215            0  0.000858542
    0.019008   -0.0165078 -0.000858542            0
Repeater1[0]<--->BSA[0]
REAL
    0.38247 -0.00915946   -0.016892     0.28149
-0.00915946    0.135458    0.066032   0.0124447
  -0.016892    0.066032    0.155378  0.00979479
    0.28149   0.0124447  0.00979479    0.326693
IMAGINARY
          0   0.0115826   -0.005891  -0.0147917
 -0.0115826           0  -0.0153752  0.00794299
   0.005891   0.0153752           0 -0.00816263
  0.0147917 -0.00794299  0.00816263           0
EndNode1[0]<--->Repeater1[0]
REAL
   0.384516 -0.00501433  -0.0236495    0.261869
-0.00501433    0.117419   0.0676436  -0.0107344
 -0.0236495   0.0676436    0.147097 -0.00501433
   0.261869  -0.0107344 -0.00501433    0.350968
IMAGINARY
          0 -0.00126903    0.021715 -0.00756107
 0.00126903           0  -0.0112832 -0.00202994
  -0.021715   0.0112832           0  -0.0118543
 0.00756107  0.00202994   0.0118543           0
EndNode2[0]<--->BSA[0]
REAL
  0.406166 0.00510204 -0.0044295   0.266762
0.00510204   0.121984  0.0495645 -0.0083256
-0.0044295  0.0495645   0.130027  0.0178571
  0.266762 -0.0083256  0.0178571   0.341823
IMAGINARY
          0 -0.00674733   0.0112933  0.00588977
 0.00674733           0   0.0220605  0.00590412
 -0.0112933  -0.0220605           0 -0.00535458
-0.00588977 -0.00590412  0.00535458           0
Repeater1[0]<--->EndNode1[0]
REAL
   0.384516  -0.0236495 -0.00501433    0.261869
 -0.0236495    0.147097   0.0676436 -0.00501433
-0.00501433   0.0676436    0.117419  -0.0107344
   0.261869 -0.00501433  -0.0107344    0.350968
IMAGINARY
          0    0.021715 -0.00126903 -0.00756107
  -0.021715           0   0.0112832  -0.0118543
 0.00126903  -0.0112832           0 -0.00202994
 0.00756107   0.0118543  0.00202994           0
Repeater1[0]<--->BSA[0]
REAL
  0.406166 -0.0044295 0.00510204   0.266762
-0.0044295   0.130027  0.0495645  0.0178571
0.00510204  0.0495645   0.121984 -0.0083256
  0.266762  0.0178571 -0.0083256   0.341823
IMAGINARY
          0   0.0112933 -0.00674733  0.00588977
 -0.0112933           0  -0.0220605 -0.00535458
 0.00674733   0.0220605           0  0.00590412
-0.00588977  0.00535458 -0.00590412           0
EndNode1[0]<--->Repeater1[0]
REAL
   0.350923   0.0113512  0.00712415     0.25802
  0.0113512    0.135884   0.0504036   0.0078215
 0.00712415   0.0504036    0.153034 -0.00319905
    0.25802   0.0078215 -0.00319905    0.360158
IMAGINARY
           0  0.000623373  0.000904079     0.006875
-0.000623373            0    -0.006875   0.00278143
-0.000904079     0.006875            0  -0.00185187
   -0.006875  -0.00278143   0.00185187            0
EndNode2[0]<--->BSA[0]
REAL
   0.395833  -0.0199669  0.00550676    0.270477
 -0.0199669    0.127451   0.0720232 -0.00800676
 0.00550676   0.0720232    0.142157  -0.0100331
   0.270477 -0.00800676  -0.0100331    0.334559
IMAGINARY
          0  -0.0229025  0.00145702 -0.00164603
  0.0229025           0 -0.00361712   0.0191615
-0.00145702  0.00361712           0 -0.00802537
 0.00164603  -0.0191615  0.00802537           0
Repeater1[0]<--->EndNode1[0]
REAL
   0.350923  0.00712415   0.0113512     0.25802
 0.00712415    0.153034   0.0504036 -0.00319905
  0.0113512   0.0504036    0.135884   0.0078215
    0.25802 -0.00319905   0.0078215    0.360158
IMAGINARY
           0  0.000904079  0.000623373     0.006875
-0.000904079            0     0.006875  -0.00185187
-0.000623373    -0.006875            0   0.00278143
   -0.006875   0.00185187  -0.00278143            0
Repeater1[0]<--->BSA[0]
REAL
   0.395833  0.00550676  -0.0199669    0.270477
 0.00550676    0.142157   0.0720232  -0.0100331
 -0.0199669   0.0720232    0.127451 -0.00800676
   0.270477  -0.0100331 -0.00800676    0.334559
IMAGINARY
          0  0.00145702  -0.0229025 -0.00164603
-0.00145702           0  0.00361712 -0.00802537
  0.0229025 -0.00361712           0   0.0191615
 0.00164603  0.00802537  -0.0191615           0
EndNode1[0]<--->Repeater1[0]
REAL
   0.400254 -0.00556465 -0.00775491    0.245936
-0.00556465    0.133418   0.0472516   0.0114045
-0.00775491   0.0472516    0.146125   0.0140805
   0.245936   0.0114045   0.0140805    0.320203
IMAGINARY
          0   -0.023539    0.016467  0.00854557
   0.023539           0  -0.0123721    0.015112
  -0.016467   0.0123721           0 -0.00146104
-0.00854557   -0.015112  0.00146104           0
EndNode2[0]<--->BSA[0]
REAL
   0.392308 -0.00520067  0.00614006    0.278458
-0.00520067    0.128205   0.0495582 -0.00128569
 0.00614006   0.0495582    0.129487  -0.0121364
   0.278458 -0.00128569  -0.0121364        0.35
IMAGINARY
           0  -0.00630578   -0.0272096  0.000960307
  0.00630578            0  0.000960307  -0.00859601
   0.0272096 -0.000960307            0    0.0293237
-0.000960307   0.00859601   -0.0293237            0
Repeater1[0]<--->EndNode1[0]
REAL
   0.400254 -0.00775491 -0.00556465    0.245936
-0.00775491    0.146125   0.0472516   0.0140805
-0.00556465   0.0472516    0.133418   0.0114045
   0.245936   0.0140805   0.0114045    0.320203
IMAGINARY
          0    0.016467   -0.023539  0.00854557
  -0.016467           0   0.0123721 -0.00146104
   0.023539  -0.0123721           0    0.015112
-0.00854557  0.00146104   -0.015112           0
Repeater1[0]<--->BSA[0]
REAL
   0.392308  0.00614006 -0.00520067    0.278458
 0.00614006    0.129487   0.0495582  -0.0121364
-0.00520067   0.0495582    0.128205 -0.00128569
   0.278458  -0.0121364 -0.00128569        0.35
IMAGINARY
           0   -0.0272096  -0.00630578  0.000960307
   0.0272096            0 -0.000960307    0.0293237
  0.00630578  0.000960307            0  -0.00859601
-0.000960307   -0.0293237   0.00859601            0
EndNode1[0]<--->Repeater1[0]
REAL
    0.401857 -0.000277336   0.00982969     0.271947
-0.000277336     0.119363    0.0634105    -0.011854
  0.00982969    0.0634105     0.137931    0.0144474
    0.271947    -0.011854    0.0144474     0.340849
IMAGINARY
          0 -0.00734834   0.0297351 -0.00433437
 0.00734834           0 -0.00818053  0.00685024
 -0.0297351  0.00818053           0 -0.00606629
 0.00433437 -0.00685024  0.00606629           0
EndNode2[0]<--->BSA[0]
REAL
   0.375648  -0.0341404   0.0113386    0.260166
 -0.0341404    0.154145    0.066079 -0.00708583
  0.0113386    0.066079    0.126943   0.0250274
   0.260166 -0.00708583   0.0250274    0.343264
IMAGINARY
          0 -0.00182352   0.0125176    0.022359
 0.00182352           0   0.0114756 -0.00737626
 -0.0125176  -0.0114756           0 -0.00588856
  -0.022359  0.00737626  0.00588856           0
Repeater1[0]<--->EndNode1[0]
REAL
    0.401857   0.00982969 -0.000277336     0.271947
  0.00982969     0.137931    0.0634105    0.0144474
-0.000277336    0.0634105     0.119363    -0.011854
    0.271947    0.0144474    -0.011854     0.340849
IMAGINARY
          0   0.0297351 -0.00734834 -0.00433437
 -0.0297351           0  0.00818053 -0.00606629
 0.00734834 -0.00818053           0  0.00685024
 0.00433437  0.00606629 -0.00685024           0
Repeater1[0]<--->BSA[0]
REAL
   0.375648   0.0113386  -0.0341404    0.260166
  0.0113386    0.126943    0.066079   0.0250274
 -0.0341404    0.066079    0.154145 -0.00708583
   0.260166   0.0250274 -0.00708583    0.343264
IMAGINARY
          0   0.0125176 -0.00182352    0.022359
 -0.0125176           0  -0.0114756 -0.00588856
 0.00182352   0.0114756           0 -0.00737626
  -0.022359  0.00588856  0.00737626           0
EndNode1[0]<--->Repeater1[0]
REAL
   0.389788   0.0226763   0.0167449    0.263992
  0.0226763     0.15193   0.0509118 -0.00712955
  0.0167449   0.0509118    0.129514  -0.0106571
   0.263992 -0.00712955  -0.0106571    0.328767
IMAGINARY
           0 -0.000824847    0.0104846   0.00216626
 0.000824847            0  -0.00609296    0.0155351
  -0.0104846   0.00609296            0   0.00293455
 -0.00216626   -0.0155351  -0.00293455            0
EndNode2[0]<--->BSA[0]
REAL
  0.418136  0.0041816 -0.0208835   0.256935
 0.0041816   0.153652  0.0763982 0.00889313
-0.0208835  0.0763982   0.104534  -0.014973
  0.256935 0.00889313  -0.014973   0.323678
IMAGINARY
          0  -0.0135709  0.00239257    0.010311
  0.0135709           0  0.00581805  0.00498998
-0.00239257 -0.00581805           0  0.00887295
  -0.010311 -0.00498998 -0.00887295           0
Repeater1[0]<--->EndNode1[0]
REAL
   0.389788   0.0167449   0.0226763    0.263992
  0.0167449    0.129514   0.0509118  -0.0106571
  0.0226763   0.0509118     0.15193 -0.00712955
   0.263992  -0.0106571 -0.00712955    0.328767
IMAGINARY
           0    0.0104846 -0.000824847   0.00216626
  -0.0104846            0   0.00609296   0.00293455
 0.000824847  -0.00609296            0    0.0155351
 -0.00216626  -0.00293455   -0.0155351            0
Repeater1[0]<--->BSA[0]
REAL
  0.418136 -0.0208835  0.0041816   0.256935
-0.0208835   0.104534  0.0763982  -0.014973
 0.0041816  0.0763982   0.153652 0.00889313
  0.256935  -0.014973 0.00889313   0.323678
IMAGINARY
          0  0.00239257  -0.0135709    0.010311
-0.00239257           0 -0.00581805  0.00887295
  0.0135709  0.00581805           0  0.00498998
  -0.010311 -0.00887295 -0.00498998           0
EndNode1[0]<--->Repeater1[0]
REAL
   0.388747 0.000387157    0.023373    0.246601
0.000387157    0.132992   0.0614401 -0.00845727
   0.023373   0.0614401    0.118926  -0.0140058
   0.246601 -0.00845727  -0.0140058    0.359335
IMAGINARY
          0   0.0035112    0.010071  0.00615373
 -0.0035112           0  -0.0106582   0.0215419
  -0.010071   0.0106582           0  0.00100493
-0.00615373  -0.0215419 -0.00100493           0
EndNode2[0]<--->BSA[0]
REAL
   0.386684  0.00980421  -0.0104733    0.266166
 0.00980421    0.145967   0.0461662   0.0144947
 -0.0104733   0.0461662      0.1242 -0.00846372
   0.266166   0.0144947 -0.00846372     0.34315
IMAGINARY
          0   0.0288948  0.00426616   -0.013008
 -0.0288948           0 -0.00787976 -0.00487222
-0.00426616  0.00787976           0  0.00928699
   0.013008  0.00487222 -0.00928699           0
Repeater1[0]<--->EndNode1[0]
REAL
   0.388747    0.023373 0.000387157    0.246601
   0.023373    0.118926   0.0614401  -0.0140058
0.000387157   0.0614401    0.132992 -0.00845727
   0.246601  -0.0140058 -0.00845727    0.359335
IMAGINARY
          0    0.010071   0.0035112  0.00615373
  -0.010071           0   0.0106582  0.00100493
 -0.0035112  -0.0106582           0   0.0215419
-0.00615373 -0.00100493  -0.0215419           0
Repeater1[0]<--->BSA[0]
REAL
   0.386684  -0.0104733  0.00980421    0.266166
 -0.0104733      0.1242   0.0461662 -0.00846372
 0.00980421   0.0461662    0.145967   0.0144947
   0.266166 -0.00846372   0.0144947     0.34315
IMAGINARY
          0  0.00426616   0.0288948   -0.013008
-0.00426616           0  0.00787976  0.00928699
 -0.0288948 -0.00787976           0 -0.00487222
   0.013008 -0.00928699  0.00487222           0
EndNode1[0]<--->Repeater1[0]
REAL
   0.403081 -0.00595833  -0.0104248    0.238827
-0.00595833    0.124519   0.0424226  0.00292476
 -0.0104248   0.0424226     0.14249  0.00470833
   0.238827  0.00292476  0.00470833     0.32991
IMAGINARY
          0  0.00271563   0.0105367 -0.00878925
-0.00271563           0  -0.0128324  -0.0112025
 -0.0105367   0.0128324           0   0.0192551
 0.00878925   0.0112025  -0.0192551           0
EndNode2[0]<--->BSA[0]
REAL
   0.397135   0.0148414 0.000238554     0.26184
  0.0148414    0.153646   0.0497183 -0.00777624
0.000238554   0.0497183    0.140625  -0.0374545
    0.26184 -0.00777624  -0.0374545    0.308594
IMAGINARY
          0    0.022963    0.024982   -0.021014
  -0.022963           0 -0.00676373  0.00910895
  -0.024982  0.00676373           0  0.00860267
   0.021014 -0.00910895 -0.00860267           0
Repeater1[0]<--->EndNode1[0]
REAL
   0.403081  -0.0104248 -0.00595833    0.238827
 -0.0104248     0.14249   0.0424226  0.00470833
-0.00595833   0.0424226    0.124519  0.00292476
   0.238827  0.00470833  0.00292476     0.32991
IMAGINARY
          0   0.0105367  0.00271563 -0.00878925
 -0.0105367           0   0.0128324   0.0192551
-0.00271563  -0.0128324           0  -0.0112025
 0.00878925  -0.0192551   0.0112025           0
Repeater1[0]<--->BSA[0]
REAL
   0.397135 0.000238554   0.0148414     0.26184
0.000238554    0.140625   0.0497183  -0.0374545
  0.0148414   0.0497183    0.153646 -0.00777624
    0.26184  -0.0374545 -0.00777624    0.308594
IMAGINARY
          0    0.024982    0.022963   -0.021014
  -0.024982           0  0.00676373  0.00860267
  -0.022963 -0.00676373           0  0.00910895
   0.021014 -0.00860267 -0.00910895           0
EndNode1[0]<--->Repeater1[0]
REAL
  0.386941 -0.0189295 -0.0143603   0.253845
-0.0189295    0.13422  0.0594713 -0.0143603
-0.0143603  0.0594713   0.128174 -0.0189295
  0.253845 -0.0143603 -0.0189295   0.350665
IMAGINARY
           0   -0.0189673   -0.0188219   0.00228626
   0.0189673            0 -0.000394707    0.0124281
   0.0188219  0.000394707            0   0.00873715
 -0.00228626   -0.0124281  -0.00873715            0
EndNode2[0]<--->BSA[0]
REAL
   0.374844 -0.00357868 -0.00622898    0.268087
-0.00357868    0.125778   0.0672222   0.0240155
-0.00622898   0.0672222    0.140722   0.0279529
   0.268087   0.0240155   0.0279529    0.358655
IMAGINARY
          0   0.0218839  -0.0146213  -0.0194257
 -0.0218839           0  -0.0280677  -0.0119547
  0.0146213   0.0280677           0 -0.00519666
  0.0194257   0.0119547  0.00519666           0
Repeater1[0]<--->EndNode1[0]
REAL
  0.386941 -0.0143603 -0.0189295   0.253845
-0.0143603   0.128174  0.0594713 -0.0189295
-0.0189295  0.0594713    0.13422 -0.0143603
  0.253845 -0.0189295 -0.0143603   0.350665
IMAGINARY
           0   -0.0188219   -0.0189673   0.00228626
   0.0188219            0  0.000394707   0.00873715
   0.0189673 -0.000394707            0    0.0124281
 -0.00228626  -0.00873715   -0.0124281            0
Repeater1[0]<--->BSA[0]
REAL
   0.374844 -0.00622898 -0.00357868    0.268087
-0.00622898    0.140722   0.0672222   0.0279529
-0.00357868   0.0672222    0.125778   0.0240155
   0.268087   0.0279529   0.0240155    0.358655
IMAGINARY
          0  -0.0146213   0.0218839  -0.0194257
  0.0146213           0   0.0280677 -0.00519666
 -0.0218839  -0.0280677           0  -0.0119547
  0.0194257  0.00519666   0.0119547           0
EndNode1[0]<--->Repeater1[0]
REAL
   0.353096 -0.00389629  -0.0150989    0.260649
-0.00389629    0.119895   0.0590656   0.0131534
 -0.0150989   0.0590656     0.14361   0.0136239
   0.260649   0.0131534   0.0136239    0.383399
IMAGINARY
           0   0.00257797  -0.00719004 -0.000295727
 -0.00257797            0  -0.00530826   0.00414497
  0.00719004   0.00530826            0 -0.000750927
 0.000295727  -0.00414497  0.000750927            0
EndNode2[0]<--->BSA[0]
REAL
   0.358418 -0.00166756   0.0164819     0.26877
-0.00166756    0.140306   0.0568837 -0.00838723
  0.0164819   0.0568837    0.118622  0.00229022
    0.26877 -0.00838723  0.00229022    0.382653
IMAGINARY
          0   0.0228252  0.00825383   0.0197686
 -0.0228252           0  0.00582439  -0.0289257
-0.00825383 -0.00582439           0  0.00430663
 -0.0197686   0.0289257 -0.00430663           0
Repeater1[0]<--->EndNode1[0]
REAL
   0.353096  -0.0150989 -0.00389629    0.260649
 -0.0150989     0.14361   0.0590656   0.0136239
-0.00389629   0.0590656    0.119895   0.0131534
   0.260649   0.0136239   0.0131534    0.383399
IMAGINARY
           0  -0.00719004   0.00257797 -0.000295727
  0.00719004            0   0.00530826 -0.000750927
 -0.00257797  -0.00530826            0   0.00414497
 0.000295727  0.000750927  -0.00414497            0
Repeater1[0]<--->BSA[0]
REAL
   0.358418   0.0164819 -0.00166756     0.26877
  0.0164819    0.118622   0.0568837  0.00229022
-0.00166756   0.0568837    0.140306 -0.00838723
    0.26877  0.00229022 -0.00838723    0.382653
IMAGINARY
          0  0.00825383   0.0228252   0.0197686
-0.00825383           0 -0.00582439  0.00430663
 -0.0228252  0.00582439           0  -0.0289257
 -0.0197686 -0.00430663   0.0289257           0
EndNode1[0]<--->Repeater1[0]
REAL
   0.394802  -0.0104548   0.0245897    0.275722
 -0.0104548    0.123762   0.0869152 -0.00123808
  0.0245897   0.0869152    0.122525    0.017323
   0.275722 -0.00123808    0.017323    0.358911
IMAGINARY
          0 -0.00706275   0.0193455  -0.0136422
 0.00706275           0  0.00888031  -0.0248805
 -0.0193455 -0.00888031           0  0.00890777
  0.0136422   0.0248805 -0.00890777           0
EndNode2[0]<--->BSA[0]
REAL
    0.39427  -0.0138243 -0.00428549    0.265782
 -0.0138243    0.126876   0.0607363 -0.00748651
-0.00428549   0.0607363    0.132333  0.00700898
   0.265782 -0.00748651  0.00700898    0.346521
IMAGINARY
          0  -0.0190039  0.00446879 -0.00808624
  0.0190039           0 -0.00244007 -0.00123463
-0.00446879  0.00244007           0  -0.0126908
 0.00808624  0.00123463   0.0126908           0
Repeater1[0]<--->EndNode1[0]
REAL
   0.394802   0.0245897  -0.0104548    0.275722
  0.0245897    0.122525   0.0869152    0.017323
 -0.0104548   0.0869152    0.123762 -0.00123808
   0.275722    0.017323 -0.00123808    0.358911
IMAGINARY
          0   0.0193455 -0.00706275  -0.0136422
 -0.0193455           0 -0.00888031  0.00890777
 0.00706275  0.00888031           0  -0.0248805
  0.0136422 -0.00890777   0.0248805           0
Repeater1[0]<--->BSA[0]
REAL
    0.39427 -0.00428549  -0.0138243    0.265782
-0.00428549    0.132333   0.0607363  0.00700898
 -0.0138243   0.0607363    0.126876 -0.00748651
   0.265782  0.00700898 -0.00748651    0.346521
IMAGINARY
          0  0.00446879  -0.0190039 -0.00808624
-0.00446879           0  0.00244007  -0.0126908
  0.0190039 -0.00244007           0 -0.00123463
 0.00808624   0.0126908  0.00123463           0
EndNode1[0]<--->Repeater1[0]
REAL
   0.359069 -0.00262238  0.00314685    0.253205
-0.00262238    0.132353   0.0775641  0.00314685
 0.00314685   0.0775641    0.142157 -0.00646853
   0.253205  0.00314685 -0.00646853    0.366422
IMAGINARY
          0  -0.0115385 -0.00837629   0.0135737
  0.0115385           0  0.00191572  0.00837629
 0.00837629 -0.00191572           0   0.0205128
 -0.0135737 -0.00837629  -0.0205128           0
EndNode2[0]<--->BSA[0]
REAL
   0.376963 0.000269642 -0.00890958    0.264182
0.000269642    0.141361   0.0580703   0.0272271
-0.00890958   0.0580703    0.134817   0.0085499
   0.264182   0.0272271   0.0085499    0.346859
IMAGINARY
          0   0.0146461  -0.0118976  0.00890047
 -0.0146461           0  -0.0164571  0.00994704
  0.0118976   0.0164571           0 -0.00229241
-0.00890047 -0.00994704  0.00229241           0
Repeater1[0]<--->EndNode1[0]
REAL
   0.359069  0.00314685 -0.00262238    0.253205
 0.00314685    0.142157   0.0775641 -0.00646853
-0.00262238   0.0775641    0.132353  0.00314685
   0.253205 -0.00646853  0.00314685    0.366422
IMAGINARY
          0 -0.00837629  -0.0115385   0.0135737
 0.00837629           0 -0.00191572   0.0205128
  0.0115385  0.00191572           0  0.00837629
 -0.0135737  -0.0205128 -0.00837629           0
Repeater1[0]<--->BSA[0]
REAL
   0.376963 -0.00890958 0.000269642    0.264182
-0.00890958    0.134817   0.0580703   0.0085499
0.000269642   0.0580703    0.141361   0.0272271
   0.264182   0.0085499   0.0272271    0.346859
IMAGINARY
          0  -0.0118976   0.0146461  0.00890047
  0.0118976           0   0.0164571 -0.00229241
 -0.0146461  -0.0164571           0  0.00994704
-0.00890047  0.00229241 -0.00994704           0
EndNode1[0]<--->Repeater1[0]
REAL
  0.444724 0.00696645 0.00325397   0.268438
0.00696645   0.123116  0.0481848  0.0152157
0.00325397  0.0481848   0.115578  0.0101839
  0.268438  0.0152157  0.0101839   0.316583
IMAGINARY
           0  0.000624528   -0.0171942  -0.00293951
-0.000624528            0  -0.00162372   0.00580183
   0.0171942   0.00162372            0   -0.0132828
  0.00293951  -0.00580183    0.0132828            0
EndNode2[0]<--->BSA[0]
REAL
   0.364973  0.00372901  0.00361945    0.272901
 0.00372901     0.11631   0.0625109 -0.00237256
 0.00361945   0.0625109    0.143048   0.0124805
   0.272901 -0.00237256   0.0124805    0.375668
IMAGINARY
          0   -0.023033 -0.00594036  0.00631526
   0.023033           0 -0.00568474  0.00464165
 0.00594036  0.00568474           0  -0.0133306
-0.00631526 -0.00464165   0.0133306           0
Repeater1[0]<--->EndNode1[0]
REAL
  0.444724 0.00325397 0.00696645   0.268438
0.00325397   0.115578  0.0481848  0.0101839
0.00696645  0.0481848   0.123116  0.0152157
  0.268438  0.0101839  0.0152157   0.316583
IMAGINARY
           0   -0.0171942  0.000624528  -0.00293951
   0.0171942            0   0.00162372   -0.0132828
-0.000624528  -0.00162372            0   0.00580183
  0.00293951    0.0132828  -0.00580183            0
Repeater1[0]<--->BSA[0]
REAL
   0.364973  0.00361945  0.00372901    0.272901
 0.00361945    0.143048   0.0625109   0.0124805
 0.00372901   0.0625109     0.11631 -0.00237256
   0.272901   0.0124805 -0.00237256    0.375668
IMAGINARY
          0 -0.00594036   -0.023033  0.00631526
 0.00594036           0  0.00568474  -0.0133306
   0.023033 -0.00568474           0  0.00464165
-0.00631526   0.0133306 -0.00464165           0
EndNode1[0]<--->Repeater1[0]
REAL
   0.405256   0.0130762 -0.00318891    0.254698
  0.0130762    0.114799   0.0627922 2.03374e-05
-0.00318891   0.0627922    0.120332 -0.00610537
   0.254698 2.03374e-05 -0.00610537    0.359613
IMAGINARY
           0    0.0115422   -0.0165463   -0.0300191
  -0.0115422            0    0.0187309    0.0178518
   0.0165463   -0.0187309            0  0.000207167
   0.0300191   -0.0178518 -0.000207167            0
EndNode2[0]<--->BSA[0]
REAL
   0.379924 -0.00412143 -0.00580808     0.27041
-0.00412143    0.123253   0.0638149  -0.0169192
-0.00580808   0.0638149    0.143583 0.000110735
    0.27041  -0.0169192 0.000110735     0.35324
IMAGINARY
         0 -0.0199847  0.0193836 -0.0120669
 0.0199847          0 -0.0146711 -0.0200566
-0.0193836  0.0146711          0  0.0125823
 0.0120669  0.0200566 -0.0125823          0
Repeater1[0]<--->EndNode1[0]
REAL
   0.405256 -0.00318891   0.0130762    0.254698
-0.00318891    0.120332   0.0627922 -0.00610537
  0.0130762   0.0627922    0.114799 2.03374e-05
   0.254698 -0.00610537 2.03374e-05    0.359613
IMAGINARY
           0   -0.0165463    0.0115422   -0.0300191
   0.0165463            0   -0.0187309  0.000207167
  -0.0115422    0.0187309            0    0.0178518
   0.0300191 -0.000207167   -0.0178518            0
Repeater1[0]<--->BSA[0]
REAL
   0.379924 -0.00580808 -0.00412143     0.27041
-0.00580808    0.143583   0.0638149 0.000110735
-0.00412143   0.0638149    0.123253  -0.0169192
    0.27041 0.000110735  -0.0169192     0.35324
IMAGINARY
         0  0.0193836 -0.0199847 -0.0120669
-0.0193836          0  0.0146711  0.0125823
 0.0199847 -0.0146711          0 -0.0200566
 0.0120669 -0.0125823  0.0200566          0
EndNode1[0]<--->Repeater1[0]
REAL
   0.394737  -0.0209317 -0.00618102    0.266918
 -0.0209317    0.124654   0.0403264 -0.00352144
-0.00618102   0.0403264    0.144044   0.0151102
   0.266918 -0.00352144   0.0151102    0.336565
IMAGINARY
           0  -0.00664961    0.0163484   -0.0198233
  0.00664961            0  0.000128294  0.000505547
  -0.0163484 -0.000128294            0   0.00352851
   0.0198233 -0.000505547  -0.00352851            0
EndNode2[0]<--->BSA[0]
REAL
   0.383989  -0.0222281 -0.00939252    0.245682
 -0.0222281    0.132972   0.0747311  -0.0112793
-0.00939252   0.0747311     0.12076  -0.0152396
   0.245682  -0.0112793  -0.0152396     0.36228
IMAGINARY
          0  0.00763727   0.0376299  0.00734127
-0.00763727           0   0.0204365  -0.0144937
 -0.0376299  -0.0204365           0   0.0129283
-0.00734127   0.0144937  -0.0129283           0
Repeater1[0]<--->EndNode1[0]
REAL
   0.394737 -0.00618102  -0.0209317    0.266918
-0.00618102    0.144044   0.0403264   0.0151102
 -0.0209317   0.0403264    0.124654 -0.00352144
   0.266918   0.0151102 -0.00352144    0.336565
IMAGINARY
           0    0.0163484  -0.00664961   -0.0198233
  -0.0163484            0 -0.000128294   0.00352851
  0.00664961  0.000128294            0  0.000505547
   0.0198233  -0.00352851 -0.000505547            0
Repeater1[0]<--->BSA[0]
REAL
   0.383989 -0.00939252  -0.0222281    0.245682
-0.00939252     0.12076   0.0747311  -0.0152396
 -0.0222281   0.0747311    0.132972  -0.0112793
   0.245682  -0.0152396  -0.0112793     0.36228
IMAGINARY
          0   0.0376299  0.00763727  0.00734127
 -0.0376299           0  -0.0204365   0.0129283
-0.00763727   0.0204365           0  -0.0144937
-0.00734127  -0.0129283   0.0144937           0
EndNode1[0]<--->Repeater1[0]
REAL
     0.3933   0.0118085  0.00462349    0.250463
  0.0118085    0.124069   0.0454826 -0.00732619
 0.00462349   0.0454826    0.140199  0.00846178
   0.250463 -0.00732619  0.00846178    0.342432
IMAGINARY
          0  0.00927496  0.00468708   0.0148762
-0.00927496           0   0.0110497  -0.0283142
-0.00468708  -0.0110497           0   0.0284006
 -0.0148762   0.0283142  -0.0284006           0
EndNode2[0]<--->BSA[0]
REAL
  0.412658 0.00367156 -0.0160214   0.265026
0.00367156   0.113924  0.0827714  0.0126836
-0.0160214  0.0827714   0.131646 0.00367156
  0.265026  0.0126836 0.00367156   0.341772
IMAGINARY
          0   0.0165493   0.0031034   0.0213484
 -0.0165493           0 -0.00713648 -0.00670052
 -0.0031034  0.00713648           0 -0.00455889
 -0.0213484  0.00670052  0.00455889           0
Repeater1[0]<--->EndNode1[0]
REAL
     0.3933  0.00462349   0.0118085    0.250463
 0.00462349    0.140199   0.0454826  0.00846178
  0.0118085   0.0454826    0.124069 -0.00732619
   0.250463  0.00846178 -0.00732619    0.342432
IMAGINARY
          0  0.00468708  0.00927496   0.0148762
-0.00468708           0  -0.0110497   0.0284006
-0.00927496   0.0110497           0  -0.0283142
 -0.0148762  -0.0284006   0.0283142           0
Repeater1[0]<--->BSA[0]
REAL
  0.412658 -0.0160214 0.00367156   0.265026
-0.0160214   0.131646  0.0827714 0.00367156
0.00367156  0.0827714   0.113924  0.0126836
  0.265026 0.00367156  0.0126836   0.341772
IMAGINARY
          0   0.0031034   0.0165493   0.0213484
 -0.0031034           0  0.00713648 -0.00455889
 -0.0165493 -0.00713648           0 -0.00670052
 -0.0213484  0.00455889  0.00670052           0
EndNode1[0]<--->Repeater1[0]
REAL
   0.40051  0.0106074 0.00073266    0.26349
 0.0106074   0.164541  0.0583623 -0.0126091
0.00073266  0.0583623   0.105867  0.0131455
   0.26349 -0.0126091  0.0131455   0.329082
IMAGINARY
          0  0.00065861 -0.00862377  -0.0091922
-0.00065861           0  0.00310289  -0.0247096
 0.00862377 -0.00310289           0  0.00190549
  0.0091922   0.0247096 -0.00190549           0
EndNode2[0]<--->BSA[0]
REAL
   0.384824 -0.00381526  0.00607968    0.263199
-0.00381526    0.132791   0.0607086  0.00163241
 0.00607968   0.0607086    0.111111  0.00252992
   0.263199  0.00163241  0.00252992    0.371274
IMAGINARY
          0  0.00202624  -0.0234198 -0.00815695
-0.00202624           0   -0.010128  0.00703708
  0.0234198    0.010128           0 -0.00792401
 0.00815695 -0.00703708  0.00792401           0
Repeater1[0]<--->EndNode1[0]
REAL
   0.40051 0.00073266  0.0106074    0.26349
0.00073266   0.105867  0.0583623  0.0131455
 0.0106074  0.0583623   0.164541 -0.0126091
   0.26349  0.0131455 -0.0126091   0.329082
IMAGINARY
          0 -0.00862377  0.00065861  -0.0091922
 0.00862377           0 -0.00310289  0.00190549
-0.00065861  0.00310289           0  -0.0247096
  0.0091922 -0.00190549   0.0247096           0
Repeater1[0]<--->BSA[0]
REAL
   0.384824  0.00607968 -0.00381526    0.263199
 0.00607968    0.111111   0.0607086  0.00252992
-0.00381526   0.0607086    0.132791  0.00163241
   0.263199  0.00252992  0.00163241    0.371274
IMAGINARY
          0  -0.0234198  0.00202624 -0.00815695
  0.0234198           0    0.010128 -0.00792401
-0.00202624   -0.010128           0  0.00703708
 0.00815695  0.00792401 -0.00703708           0
EndNode1[0]<--->Repeater1[0]
REAL
   0.368758  -0.0315001 -0.00388339    0.270129
 -0.0315001    0.130602   0.0502895  -0.0127218
-0.00388339   0.0502895    0.143406 -0.00970527
   0.270129  -0.0127218 -0.00970527    0.357234
IMAGINARY
           0  -0.00485801   0.00779374    0.0046677
  0.00485801            0   0.00994475  0.000249157
 -0.00779374  -0.00994475            0    0.0061985
  -0.0046677 -0.000249157   -0.0061985            0
EndNode2[0]<--->BSA[0]
REAL
    0.375516   0.00604638  0.000318471     0.274642
  0.00604638     0.116919    0.0713174 -0.000318471
 0.000318471    0.0713174     0.123796 -0.000995874
    0.274642 -0.000318471 -0.000995874     0.383769
IMAGINARY
           0    0.0143557   -0.0102348   0.00629155
  -0.0143557            0  0.000118708  -0.00127419
   0.0102348 -0.000118708            0   0.00482586
 -0.00629155   0.00127419  -0.00482586            0
Repeater1[0]<--->EndNode1[0]
REAL
   0.368758 -0.00388339  -0.0315001    0.270129
-0.00388339    0.143406   0.0502895 -0.00970527
 -0.0315001   0.0502895    0.130602  -0.0127218
   0.270129 -0.00970527  -0.0127218    0.357234
IMAGINARY
           0   0.00779374  -0.00485801    0.0046677
 -0.00779374            0  -0.00994475    0.0061985
  0.00485801   0.00994475            0  0.000249157
  -0.0046677   -0.0061985 -0.000249157            0
Repeater1[0]<--->BSA[0]
REAL
    0.375516  0.000318471   0.00604638     0.274642
 0.000318471     0.123796    0.0713174 -0.000995874
  0.00604638    0.0713174     0.116919 -0.000318471
    0.274642 -0.000995874 -0.000318471     0.383769
IMAGINARY
           0   -0.0102348    0.0143557   0.00629155
   0.0102348            0 -0.000118708   0.00482586
  -0.0143557  0.000118708            0  -0.00127419
 -0.00629155  -0.00482586   0.00127419            0
EndNode1[0]<--->Repeater1[0]
REAL
   0.430538  0.00372807 -0.00316361    0.243499
 0.00372807    0.111389   0.0699238  0.00920388
-0.00316361   0.0699238    0.146433  0.00633904
   0.243499  0.00920388  0.00633904     0.31164
IMAGINARY
           0   0.00242936  -0.00434665  0.000485259
 -0.00242936            0   -0.0131688   -0.0163787
  0.00434665    0.0131688            0     0.010524
-0.000485259    0.0163787    -0.010524            0
EndNode2[0]<--->BSA[0]
REAL
   0.397837 -0.00335146   0.0163308    0.263731
-0.00335146    0.138221   0.0720113  -0.0143597
  0.0163308   0.0720113    0.132212  0.00926474
   0.263731  -0.0143597  0.00926474    0.331731
IMAGINARY
           0   -0.0291257 -5.70883e-05   -0.0141573
   0.0291257            0    0.0194344    0.0223501
 5.70883e-05   -0.0194344            0  -0.00845389
   0.0141573   -0.0223501   0.00845389            0
Repeater1[0]<--->EndNode1[0]
REAL
   0.430538 -0.00316361  0.00372807    0.243499
-0.00316361    0.146433   0.0699238  0.00633904
 0.00372807   0.0699238    0.111389  0.00920388
   0.243499  0.00633904  0.00920388     0.31164
IMAGINARY
           0  -0.00434665   0.00242936  0.000485259
  0.00434665            0    0.0131688     0.010524
 -0.00242936   -0.0131688            0   -0.0163787
-0.000485259    -0.010524    0.0163787            0
Repeater1[0]<--->BSA[0]
REAL
   0.397837   0.0163308 -0.00335146    0.263731
  0.0163308    0.132212   0.0720113  0.00926474
-0.00335146   0.0720113    0.138221  -0.0143597
   0.263731  0.00926474  -0.0143597    0.331731
IMAGINARY
           0 -5.70883e-05   -0.0291257   -0.0141573
 5.70883e-05            0   -0.0194344  -0.00845389
   0.0291257    0.0194344            0    0.0223501
   0.0141573   0.00845389   -0.0223501            0
EndNode1[0]<--->Repeater1[0]
REAL
    0.376704    0.0151735 -0.000659024     0.258894
   0.0151735     0.118959    0.0575953   -0.0126388
-0.000659024    0.0575953     0.149938   -0.0204927
    0.258894   -0.0126388   -0.0204927     0.354399
IMAGINARY
          0 -0.00360233  -0.0120703  0.00728669
 0.00360233           0 -0.00601118   0.0146677
  0.0120703  0.00601118           0 -0.00418988
-0.00728669  -0.0146677  0.00418988           0
EndNode2[0]<--->BSA[0]
REAL
  0.389182 0.00231517 -0.0055325   0.279589
0.00231517   0.118734  0.0387036 -0.0042236
-0.0055325  0.0387036   0.127968 0.00622142
  0.279589 -0.0042236 0.00622142   0.364116
IMAGINARY
          0   0.0152132 -0.00627662  0.00333756
 -0.0152132           0  0.00929782   0.0219016
 0.00627662 -0.00929782           0  -0.0113069
-0.00333756  -0.0219016   0.0113069           0
Repeater1[0]<--->EndNode1[0]
REAL
    0.376704 -0.000659024    0.0151735     0.258894
-0.000659024     0.149938    0.0575953   -0.0204927
   0.0151735    0.0575953     0.118959   -0.0126388
    0.258894   -0.0204927   -0.0126388     0.354399
IMAGINARY
          0  -0.0120703 -0.00360233  0.00728669
  0.0120703           0  0.00601118 -0.00418988
 0.00360233 -0.00601118           0   0.0146677
-0.00728669  0.00418988  -0.0146677           0
Repeater1[0]<--->BSA[0]
REAL
  0.389182 -0.0055325 0.00231517   0.279589
-0.0055325   0.127968  0.0387036 0.00622142
0.00231517  0.0387036   0.118734 -0.0042236
  0.279589 0.00622142 -0.0042236   0.364116
IMAGINARY
          0 -0.00627662   0.0152132  0.00333756
 0.00627662           0 -0.00929782  -0.0113069
 -0.0152132  0.00929782           0   0.0219016
-0.00333756   0.0113069  -0.0219016           0
EndNode1[0]<--->Repeater1[0]
REAL
   0.400826    0.018969   0.0039012     0.26008
   0.018969    0.125344   0.0616259 -0.00260921
  0.0039012   0.0616259    0.114325   -0.017677
    0.26008 -0.00260921   -0.017677    0.359504
IMAGINARY
          0  -0.0156755 -0.00800669 -0.00662014
  0.0156755           0   -0.021018  0.00671803
 0.00800669    0.021018           0  0.00407757
 0.00662014 -0.00671803 -0.00407757           0
EndNode2[0]<--->BSA[0]
REAL
        0.35   0.00164434    0.0119826     0.271796
  0.00164434     0.123684    0.0562462  -0.00272331
