EndNode1[0]<--->Repeater1[0]
REAL
  0.402174 0.00562401  0.0106904   0.177405
0.00562401   0.108696  0.0472506 0.00870887
 0.0106904  0.0472506   0.141304 0.00626586
  0.177405 0.00870887 0.00626586   0.347826
IMAGINARY
          0  -0.0106198 -0.00924193 -0.00110135
  0.0106198           0  0.00803703  0.00279863
 0.00924193 -0.00803703           0 -0.00999872
 0.00110135 -0.00279863  0.00999872           0
EndNode2[0]<--->BSA[0]
REAL
  0.410256 -0.0277742 -0.0111394   0.184466
-0.0277742    0.10641  0.0173808 -0.0205228
-0.0111394  0.0173808   0.129487 -0.0118037
  0.184466 -0.0205228 -0.0118037   0.353846
IMAGINARY
          0  0.00728913  -0.0136767   0.0189575
-0.00728913           0 -0.00024781   0.0111641
  0.0136767  0.00024781           0  -0.0135705
 -0.0189575  -0.0111641   0.0135705           0
Repeater1[0]<--->EndNode1[0]
REAL
  0.402174  0.0106904 0.00562401   0.177405
 0.0106904   0.141304  0.0472506 0.00626586
0.00562401  0.0472506   0.108696 0.00870887
  0.177405 0.00626586 0.00870887   0.347826
IMAGINARY
          0 -0.00924193  -0.0106198 -0.00110135
 0.00924193           0 -0.00803703 -0.00999872
  0.0106198  0.00803703           0  0.00279863
 0.00110135  0.00999872 -0.00279863           0
Repeater1[0]<--->BSA[0]
REAL
  0.410256 -0.0111394 -0.0277742   0.184466
-0.0111394   0.129487  0.0173808 -0.0118037
-0.0277742  0.0173808    0.10641 -0.0205228
  0.184466 -0.0118037 -0.0205228   0.353846
IMAGINARY
          0  -0.0136767  0.00728913   0.0189575
  0.0136767           0  0.00024781  -0.0135705
-0.00728913 -0.00024781           0   0.0111641
 -0.0189575   0.0135705  -0.0111641           0
EndNode1[0]<--->Repeater1[0]
REAL
   0.408528  -0.0166352 0.000514179    0.186531
 -0.0166352    0.115543  0.00447293  0.00926418
0.000514179  0.00447293    0.126547   0.0042493
   0.186531  0.00926418   0.0042493    0.349381
IMAGINARY
          0  0.00739983  -0.0317623 -0.00453197
-0.00739983           0  -0.0103837   0.0106541
  0.0317623   0.0103837           0 -0.00608057
 0.00453197  -0.0106541  0.00608057           0
EndNode2[0]<--->BSA[0]
REAL
   0.377407 -0.00339763 -0.00181243    0.191017
-0.00339763    0.137356   0.0171044 -0.00833985
-0.00181243   0.0171044    0.127086   0.0059357
   0.191017 -0.00833985   0.0059357    0.358151
IMAGINARY
          0  -0.0130688  0.00422275  0.00967122
  0.0130688           0 -0.00773574   0.0215925
-0.00422275  0.00773574           0 -0.00459423
-0.00967122  -0.0215925  0.00459423           0
Repeater1[0]<--->EndNode1[0]
REAL
   0.408528 0.000514179  -0.0166352    0.186531
0.000514179    0.126547  0.00447293   0.0042493
 -0.0166352  0.00447293    0.115543  0.00926418
   0.186531   0.0042493  0.00926418    0.349381
IMAGINARY
          0  -0.0317623  0.00739983 -0.00453197
  0.0317623           0   0.0103837 -0.00608057
-0.00739983  -0.0103837           0   0.0106541
 0.00453197  0.00608057  -0.0106541           0
Repeater1[0]<--->BSA[0]
REAL
   0.377407 -0.00181243 -0.00339763    0.191017
-0.00181243    0.127086   0.0171044   0.0059357
-0.00339763   0.0171044    0.137356 -0.00833985
   0.191017   0.0059357 -0.00833985    0.358151
IMAGINARY
          0  0.00422275  -0.0130688  0.00967122
-0.00422275           0  0.00773574 -0.00459423
  0.0130688 -0.00773574           0   0.0215925
-0.00967122  0.00459423  -0.0215925           0
EndNode1[0]<--->Repeater1[0]
REAL
  0.383289 0.00140255 -0.0103384   0.185302
0.00140255   0.122016  0.0477849  0.0417037
-0.0103384  0.0477849   0.127321  0.0213527
  0.185302  0.0417037  0.0213527   0.367374
IMAGINARY
           0   -0.0160773    0.0290043    0.0184247
   0.0160773            0  0.000139681   -0.0212469
  -0.0290043 -0.000139681            0   -0.0212993
  -0.0184247    0.0212469    0.0212993            0
EndNode2[0]<--->BSA[0]
REAL
   0.423387  -0.0108235    0.016456    0.193811
 -0.0108235    0.103495   0.0441374  0.00393954
   0.016456   0.0441374    0.111559 -0.00833595
   0.193811  0.00393954 -0.00833595    0.361559
IMAGINARY
          0  -0.0176873  0.00717689   0.0231397
  0.0176873           0 -0.00215209  0.00524141
-0.00717689  0.00215209           0   0.0131122
 -0.0231397 -0.00524141  -0.0131122           0
Repeater1[0]<--->EndNode1[0]
REAL
  0.383289 -0.0103384 0.00140255   0.185302
-0.0103384   0.127321  0.0477849  0.0213527
0.00140255  0.0477849   0.122016  0.0417037
  0.185302  0.0213527  0.0417037   0.367374
IMAGINARY
           0    0.0290043   -0.0160773    0.0184247
  -0.0290043            0 -0.000139681   -0.0212993
   0.0160773  0.000139681            0   -0.0212469
  -0.0184247    0.0212993    0.0212469            0
Repeater1[0]<--->BSA[0]
REAL
   0.423387    0.016456  -0.0108235    0.193811
   0.016456    0.111559   0.0441374 -0.00833595
 -0.0108235   0.0441374    0.103495  0.00393954
   0.193811 -0.00833595  0.00393954    0.361559
IMAGINARY
          0  0.00717689  -0.0176873   0.0231397
-0.00717689           0  0.00215209   0.0131122
  0.0176873 -0.00215209           0  0.00524141
 -0.0231397  -0.0131122 -0.00524141           0
EndNode1[0]<--->Repeater1[0]
REAL
   0.359008   0.0299102 -0.00496278    0.198953
  0.0299102    0.142298   0.0170157  0.00496278
-0.00496278   0.0170157    0.138381 0.000194475
   0.198953  0.00496278 0.000194475    0.360313
IMAGINARY
          0 -0.00216771 -0.00767401   0.0108225
 0.00216771           0  0.00457246  0.00374731
 0.00767401 -0.00457246           0  0.00478551
 -0.0108225 -0.00374731 -0.00478551           0
EndNode2[0]<--->BSA[0]
REAL
  0.403509  0.0119048  0.0119435   0.201443
 0.0119048   0.112011   0.022102 -0.0026842
 0.0119435   0.022102   0.107962  0.0119048
  0.201443 -0.0026842  0.0119048   0.376518
IMAGINARY
          0  0.00722744  -0.0170854  0.00222766
-0.00722744           0   0.0075047  0.00251002
  0.0170854  -0.0075047           0 -0.00152402
-0.00222766 -0.00251002  0.00152402           0
Repeater1[0]<--->EndNode1[0]
REAL
   0.359008 -0.00496278   0.0299102    0.198953
-0.00496278    0.138381   0.0170157 0.000194475
  0.0299102   0.0170157    0.142298  0.00496278
   0.198953 0.000194475  0.00496278    0.360313
IMAGINARY
          0 -0.00767401 -0.00216771   0.0108225
 0.00767401           0 -0.00457246  0.00478551
 0.00216771  0.00457246           0  0.00374731
 -0.0108225 -0.00478551 -0.00374731           0
Repeater1[0]<--->BSA[0]
REAL
  0.403509  0.0119435  0.0119048   0.201443
 0.0119435   0.107962   0.022102  0.0119048
 0.0119048   0.022102   0.112011 -0.0026842
  0.201443  0.0119048 -0.0026842   0.376518
IMAGINARY
          0  -0.0170854  0.00722744  0.00222766
  0.0170854           0  -0.0075047 -0.00152402
-0.00722744   0.0075047           0  0.00251002
-0.00222766  0.00152402 -0.00251002           0
EndNode1[0]<--->Repeater1[0]
REAL
   0.383578 -0.00672136 0.000679156    0.193371
-0.00672136    0.121324    0.015121  -0.0025803
0.000679156    0.015121    0.134804 -0.00278435
   0.193371  -0.0025803 -0.00278435    0.360294
IMAGINARY
          0  -0.0215844  -0.0081245   0.0180805
  0.0215844           0 -0.00738867    0.007481
  0.0081245  0.00738867           0 -0.00351212
 -0.0180805   -0.007481  0.00351212           0
EndNode2[0]<--->BSA[0]
REAL
   0.395806   -0.012494  -0.0114924    0.178276
  -0.012494    0.117955    0.022845 -0.00531956
 -0.0114924    0.022845    0.123198 -0.00431793
   0.178276 -0.00531956 -0.00431793    0.363041
IMAGINARY
           0   0.00527591    -0.030275    0.0157596
 -0.00527591            0   0.00456559  0.000936712
    0.030275  -0.00456559            0   -0.0133908
  -0.0157596 -0.000936712    0.0133908            0
Repeater1[0]<--->EndNode1[0]
REAL
   0.383578 0.000679156 -0.00672136    0.193371
0.000679156    0.134804    0.015121 -0.00278435
-0.00672136    0.015121    0.121324  -0.0025803
   0.193371 -0.00278435  -0.0025803    0.360294
IMAGINARY
          0  -0.0081245  -0.0215844   0.0180805
  0.0081245           0  0.00738867 -0.00351212
  0.0215844 -0.00738867           0    0.007481
 -0.0180805  0.00351212   -0.007481           0
Repeater1[0]<--->BSA[0]
REAL
   0.395806  -0.0114924   -0.012494    0.178276
 -0.0114924    0.123198    0.022845 -0.00431793
  -0.012494    0.022845    0.117955 -0.00531956
   0.178276 -0.00431793 -0.00531956    0.363041
IMAGINARY
           0    -0.030275   0.00527591    0.0157596
    0.030275            0  -0.00456559   -0.0133908
 -0.00527591   0.00456559            0  0.000936712
  -0.0157596    0.0133908 -0.000936712            0
EndNode1[0]<--->Repeater1[0]
REAL
    0.409035 -0.000606577  -0.00757357     0.199296
-0.000606577     0.129426    0.0104664  -0.00825756
 -0.00757357    0.0104664     0.120879  -0.00730899
    0.199296  -0.00825756  -0.00730899     0.340659
IMAGINARY
           0   0.00265957    0.0193902   -0.0162805
 -0.00265957            0   0.00430065  0.000556636
  -0.0193902  -0.00430065            0  -0.00398936
   0.0162805 -0.000556636   0.00398936            0
EndNode2[0]<--->BSA[0]
REAL
   0.384717  -0.0288655  -0.0188976    0.192314
 -0.0288655    0.129117   0.0213957  -0.0281454
 -0.0188976   0.0213957    0.113307 -0.00608071
   0.192314  -0.0281454 -0.00608071    0.372859
IMAGINARY
          0 -0.00292904   0.0231875  0.00581526
 0.00292904           0  -0.0138798 -0.00150384
 -0.0231875   0.0138798           0  0.00420455
-0.00581526  0.00150384 -0.00420455           0
Repeater1[0]<--->EndNode1[0]
REAL
    0.409035  -0.00757357 -0.000606577     0.199296
 -0.00757357     0.120879    0.0104664  -0.00730899
-0.000606577    0.0104664     0.129426  -0.00825756
    0.199296  -0.00730899  -0.00825756     0.340659
IMAGINARY
           0    0.0193902   0.00265957   -0.0162805
  -0.0193902            0  -0.00430065  -0.00398936
 -0.00265957   0.00430065            0  0.000556636
   0.0162805   0.00398936 -0.000556636            0
Repeater1[0]<--->BSA[0]
REAL
   0.384717  -0.0188976  -0.0288655    0.192314
 -0.0188976    0.113307   0.0213957 -0.00608071
 -0.0288655   0.0213957    0.129117  -0.0281454
   0.192314 -0.00608071  -0.0281454    0.372859
IMAGINARY
          0   0.0231875 -0.00292904  0.00581526
 -0.0231875           0   0.0138798  0.00420455
 0.00292904  -0.0138798           0 -0.00150384
-0.00581526 -0.00420455  0.00150384           0
EndNode1[0]<--->Repeater1[0]
REAL
    0.395647   0.00688286 -0.000277182     0.174212
  0.00688286     0.111396    0.0176727    0.0160956
-0.000277182    0.0176727     0.115237  -0.00206855
    0.174212    0.0160956  -0.00206855     0.377721
IMAGINARY
          0  0.00262861   0.0145778  -0.0113624
-0.00262861           0 -0.00564444   0.0098608
 -0.0145778  0.00564444           0   0.0019949
  0.0113624  -0.0098608  -0.0019949           0
EndNode2[0]<--->BSA[0]
REAL
  0.360324 0.00413186  0.0116751   0.215083
0.00413186   0.118758  0.0453338 -0.0129772
 0.0116751  0.0453338   0.118758  0.0127952
  0.215083 -0.0129772  0.0127952   0.402159
IMAGINARY
           0   -0.0107945   -0.0102333    0.0122436
   0.0107945            0    0.0128887  0.000325738
   0.0102333   -0.0128887            0   0.00485002
  -0.0122436 -0.000325738  -0.00485002            0
Repeater1[0]<--->EndNode1[0]
REAL
    0.395647 -0.000277182   0.00688286     0.174212
-0.000277182     0.115237    0.0176727  -0.00206855
  0.00688286    0.0176727     0.111396    0.0160956
    0.174212  -0.00206855    0.0160956     0.377721
IMAGINARY
          0   0.0145778  0.00262861  -0.0113624
 -0.0145778           0  0.00564444   0.0019949
-0.00262861 -0.00564444           0   0.0098608
  0.0113624  -0.0019949  -0.0098608           0
Repeater1[0]<--->BSA[0]
REAL
  0.360324  0.0116751 0.00413186   0.215083
 0.0116751   0.118758  0.0453338  0.0127952
0.00413186  0.0453338   0.118758 -0.0129772
  0.215083  0.0127952 -0.0129772   0.402159
IMAGINARY
           0   -0.0102333   -0.0107945    0.0122436
   0.0102333            0   -0.0128887   0.00485002
   0.0107945    0.0128887            0  0.000325738
  -0.0122436  -0.00485002 -0.000325738            0
EndNode1[0]<--->Repeater1[0]
REAL
  0.383562  0.0112806 -0.0130419   0.207518
 0.0112806   0.123288  0.0185097  0.0161552
-0.0130419  0.0185097   0.119178 -0.0081673
  0.207518  0.0161552 -0.0081673   0.373973
IMAGINARY
          0  -0.0092172   0.0232151  -0.0134709
  0.0092172           0 -0.00968303  -0.0245556
 -0.0232151  0.00968303           0  -0.0216139
  0.0134709   0.0245556   0.0216139           0
EndNode2[0]<--->BSA[0]
REAL
    0.402049    0.0098592  -0.00901153     0.187139
   0.0098592       0.1242    0.0484626 -0.000150772
 -0.00901153    0.0484626       0.1242    0.0071565
    0.187139 -0.000150772    0.0071565     0.349552
IMAGINARY
           0   -0.0111298    0.0027881 -0.000132275
   0.0111298            0  -0.00383598   -0.0027881
  -0.0027881   0.00383598            0    0.0136744
 0.000132275    0.0027881   -0.0136744            0
Repeater1[0]<--->EndNode1[0]
REAL
  0.383562 -0.0130419  0.0112806   0.207518
-0.0130419   0.119178  0.0185097 -0.0081673
 0.0112806  0.0185097   0.123288  0.0161552
  0.207518 -0.0081673  0.0161552   0.373973
IMAGINARY
          0   0.0232151  -0.0092172  -0.0134709
 -0.0232151           0  0.00968303  -0.0216139
  0.0092172 -0.00968303           0  -0.0245556
  0.0134709   0.0216139   0.0245556           0
Repeater1[0]<--->BSA[0]
REAL
    0.402049  -0.00901153    0.0098592     0.187139
 -0.00901153       0.1242    0.0484626    0.0071565
   0.0098592    0.0484626       0.1242 -0.000150772
    0.187139    0.0071565 -0.000150772     0.349552
IMAGINARY
           0    0.0027881   -0.0111298 -0.000132275
  -0.0027881            0   0.00383598    0.0136744
   0.0111298  -0.00383598            0   -0.0027881
 0.000132275   -0.0136744    0.0027881            0
EndNode1[0]<--->Repeater1[0]
REAL
    0.376963   -0.0239495   -0.0122748     0.196705
  -0.0239495    0.0942408 -0.000565497   -0.0281984
  -0.0122748 -0.000565497      0.13089   -0.0165237
    0.196705   -0.0281984   -0.0165237     0.397906
IMAGINARY
           0   0.00655087    0.0153648  5.36838e-06
 -0.00655087            0    0.0193852   -0.0141241
  -0.0153648   -0.0193852            0   0.00461538
-5.36838e-06    0.0141241  -0.00461538            0
EndNode2[0]<--->BSA[0]
REAL
   0.375479   0.0108861   0.0141234    0.203026
  0.0108861    0.120051   0.0359295  0.00127151
  0.0141234   0.0359295    0.114943 -0.00486197
   0.203026  0.00127151 -0.00486197    0.389527
IMAGINARY
          0 -0.00731312   0.0124345  0.00163198
 0.00731312           0   0.0148064 -0.00275706
 -0.0124345  -0.0148064           0   0.0131196
-0.00163198  0.00275706  -0.0131196           0
Repeater1[0]<--->EndNode1[0]
REAL
    0.376963   -0.0122748   -0.0239495     0.196705
  -0.0122748      0.13089 -0.000565497   -0.0165237
  -0.0239495 -0.000565497    0.0942408   -0.0281984
    0.196705   -0.0165237   -0.0281984     0.397906
IMAGINARY
           0    0.0153648   0.00655087  5.36838e-06
  -0.0153648            0   -0.0193852   0.00461538
 -0.00655087    0.0193852            0   -0.0141241
-5.36838e-06  -0.00461538    0.0141241            0
Repeater1[0]<--->BSA[0]
REAL
   0.375479   0.0141234   0.0108861    0.203026
  0.0141234    0.114943   0.0359295 -0.00486197
  0.0108861   0.0359295    0.120051  0.00127151
   0.203026 -0.00486197  0.00127151    0.389527
IMAGINARY
          0   0.0124345 -0.00731312  0.00163198
 -0.0124345           0  -0.0148064   0.0131196
 0.00731312   0.0148064           0 -0.00275706
-0.00163198  -0.0131196  0.00275706           0
EndNode1[0]<--->Repeater1[0]
REAL
  0.396129  -0.012186 0.00228566   0.187634
 -0.012186    0.12129  0.0303855  0.0066552
0.00228566  0.0303855   0.127742  0.0114982
  0.187634  0.0066552  0.0114982   0.354839
IMAGINARY
          0  -0.0163224  0.00969299  -0.0154135
  0.0163224           0 -0.00381729 -0.00600749
-0.00969299  0.00381729           0   0.0015804
  0.0154135  0.00600749  -0.0015804           0
EndNode2[0]<--->BSA[0]
REAL
   0.365196  0.00432422 -0.00603116    0.187493
 0.00432422     0.13848   0.0237652  0.00404441
-0.00603116   0.0237652    0.123775  0.00163605
   0.187493  0.00404441  0.00163605    0.372549
IMAGINARY
           0   0.00240271   0.00959484 -6.02563e-05
 -0.00240271            0  -0.00517535   -0.0196704
 -0.00959484   0.00517535            0   0.00641341
 6.02563e-05    0.0196704  -0.00641341            0
Repeater1[0]<--->EndNode1[0]
REAL
  0.396129 0.00228566  -0.012186   0.187634
0.00228566   0.127742  0.0303855  0.0114982
 -0.012186  0.0303855    0.12129  0.0066552
  0.187634  0.0114982  0.0066552   0.354839
IMAGINARY
          0  0.00969299  -0.0163224  -0.0154135
-0.00969299           0  0.00381729   0.0015804
  0.0163224 -0.00381729           0 -0.00600749
  0.0154135  -0.0015804  0.00600749           0
Repeater1[0]<--->BSA[0]
REAL
   0.365196 -0.00603116  0.00432422    0.187493
-0.00603116    0.123775   0.0237652  0.00163605
 0.00432422   0.0237652     0.13848  0.00404441
   0.187493  0.00163605  0.00404441    0.372549
IMAGINARY
           0   0.00959484   0.00240271 -6.02563e-05
 -0.00959484            0   0.00517535   0.00641341
 -0.00240271  -0.00517535            0   -0.0196704
 6.02563e-05  -0.00641341    0.0196704            0
EndNode1[0]<--->Repeater1[0]
REAL
   0.408673   0.0161205  -0.0093474    0.188275
  0.0161205    0.105125   0.0250759  -0.0194484
 -0.0093474   0.0250759    0.124836 0.000895186
   0.188275  -0.0194484 0.000895186    0.361367
IMAGINARY
          0    0.011669  -0.0020029 -0.00798366
  -0.011669           0 -0.00991915 -0.00775003
  0.0020029  0.00991915           0    0.014989
 0.00798366  0.00775003   -0.014989           0
EndNode2[0]<--->BSA[0]
REAL
   0.392388   0.0158818   0.0183384    0.213712
  0.0158818    0.127297    0.001294    0.015079
  0.0183384    0.001294    0.116798 -0.00768508
   0.213712    0.015079 -0.00768508    0.363517
IMAGINARY
          0 -0.00525374   0.0104218  0.00454762
 0.00525374           0   0.0131569 -0.00323228
 -0.0104218  -0.0131569           0 -0.00716456
-0.00454762  0.00323228  0.00716456           0
Repeater1[0]<--->EndNode1[0]
REAL
   0.408673  -0.0093474   0.0161205    0.188275
 -0.0093474    0.124836   0.0250759 0.000895186
  0.0161205   0.0250759    0.105125  -0.0194484
   0.188275 0.000895186  -0.0194484    0.361367
IMAGINARY
          0  -0.0020029    0.011669 -0.00798366
  0.0020029           0  0.00991915    0.014989
  -0.011669 -0.00991915           0 -0.00775003
 0.00798366   -0.014989  0.00775003           0
Repeater1[0]<--->BSA[0]
REAL
   0.392388   0.0183384   0.0158818    0.213712
  0.0183384    0.116798    0.001294 -0.00768508
  0.0158818    0.001294    0.127297    0.015079
   0.213712 -0.00768508    0.015079    0.363517
IMAGINARY
          0   0.0104218 -0.00525374  0.00454762
 -0.0104218           0  -0.0131569 -0.00716456
 0.00525374   0.0131569           0 -0.00323228
-0.00454762  0.00716456  0.00323228           0
EndNode1[0]<--->Repeater1[0]
REAL
   0.408861 -0.00157488 -0.00563847    0.200343
-0.00157488    0.106329   0.0198062  -0.0167496
-0.00563847   0.0198062    0.129114 0.000331095
   0.200343  -0.0167496 0.000331095    0.355696
IMAGINARY
          0  0.00454619 -0.00607537  -0.0327505
-0.00454619           0  -0.0123423  0.00540423
 0.00607537   0.0123423           0   0.0229706
  0.0327505 -0.00540423  -0.0229706           0
EndNode2[0]<--->BSA[0]
REAL
    0.395494   -0.0178802  -0.00960391     0.184409
  -0.0178802     0.132666    0.0232835 -0.000652502
 -0.00960391    0.0232835     0.106383 -6.85066e-05
    0.184409 -0.000652502 -6.85066e-05     0.365457
IMAGINARY
          0 -0.00703325  0.00675822   0.0171723
 0.00703325           0 -0.00776205 -0.00420068
-0.00675822  0.00776205           0  0.00831202
 -0.0171723  0.00420068 -0.00831202           0
Repeater1[0]<--->EndNode1[0]
REAL
   0.408861 -0.00563847 -0.00157488    0.200343
-0.00563847    0.129114   0.0198062 0.000331095
-0.00157488   0.0198062    0.106329  -0.0167496
   0.200343 0.000331095  -0.0167496    0.355696
IMAGINARY
          0 -0.00607537  0.00454619  -0.0327505
 0.00607537           0   0.0123423   0.0229706
-0.00454619  -0.0123423           0  0.00540423
  0.0327505  -0.0229706 -0.00540423           0
Repeater1[0]<--->BSA[0]
REAL
    0.395494  -0.00960391   -0.0178802     0.184409
 -0.00960391     0.106383    0.0232835 -6.85066e-05
  -0.0178802    0.0232835     0.132666 -0.000652502
    0.184409 -6.85066e-05 -0.000652502     0.365457
IMAGINARY
          0  0.00675822 -0.00703325   0.0171723
-0.00675822           0  0.00776205  0.00831202
 0.00703325 -0.00776205           0 -0.00420068
 -0.0171723 -0.00831202  0.00420068           0
EndNode1[0]<--->Repeater1[0]
REAL
    0.405868 -0.000688762    0.0155771     0.181281
-0.000688762     0.102689    0.0381335   -0.0169069
   0.0155771    0.0381335     0.139364  -0.00197081
    0.181281   -0.0169069  -0.00197081     0.352078
IMAGINARY
          0   0.0135907   0.0056156   0.0213954
 -0.0135907           0  0.00685687  -0.0117214
 -0.0056156 -0.00685687           0  -0.0115555
 -0.0213954   0.0117214   0.0115555           0
EndNode2[0]<--->BSA[0]
REAL
   0.393484 -0.00499464   0.0102811    0.199707
-0.00499464    0.119048   0.0288837 0.000917825
  0.0102811   0.0288837    0.119048   0.0240987
   0.199707 0.000917825   0.0240987    0.368421
IMAGINARY
          0  -0.0111063  -0.0203474   0.0210375
  0.0111063           0  0.00041894    0.014113
  0.0203474 -0.00041894           0   0.0098594
 -0.0210375   -0.014113  -0.0098594           0
Repeater1[0]<--->EndNode1[0]
REAL
    0.405868    0.0155771 -0.000688762     0.181281
   0.0155771     0.139364    0.0381335  -0.00197081
-0.000688762    0.0381335     0.102689   -0.0169069
    0.181281  -0.00197081   -0.0169069     0.352078
IMAGINARY
          0   0.0056156   0.0135907   0.0213954
 -0.0056156           0 -0.00685687  -0.0115555
 -0.0135907  0.00685687           0  -0.0117214
 -0.0213954   0.0115555   0.0117214           0
Repeater1[0]<--->BSA[0]
REAL
   0.393484   0.0102811 -0.00499464    0.199707
  0.0102811    0.119048   0.0288837   0.0240987
-0.00499464   0.0288837    0.119048 0.000917825
   0.199707   0.0240987 0.000917825    0.368421
IMAGINARY
          0  -0.0203474  -0.0111063   0.0210375
  0.0203474           0 -0.00041894   0.0098594
  0.0111063  0.00041894           0    0.014113
 -0.0210375  -0.0098594   -0.014113           0
EndNode1[0]<--->Repeater1[0]
REAL
   0.372063 2.72693e-05 -0.00666499    0.193951
2.72693e-05    0.113577   0.0177371  0.00147018
-0.00666499   0.0177371    0.148825 -0.00522207
   0.193951  0.00147018 -0.00522207    0.365535
IMAGINARY
          0  -0.0187799 -0.00533112  0.00168579
  0.0187799           0 -0.00933885   0.0258791
 0.00533112  0.00933885           0  -0.0266746
-0.00168579  -0.0258791   0.0266746           0
EndNode2[0]<--->BSA[0]
REAL
  0.392374 0.00797243 0.00584389   0.182359
0.00797243   0.136531  0.0429298 -0.0116205
0.00584389  0.0429298   0.119311 0.00935748
  0.182359 -0.0116205 0.00935748   0.351784
IMAGINARY
           0   0.00741865  -0.00464943  0.000636736
 -0.00741865            0   0.00129377   -0.0167513
  0.00464943  -0.00129377            0    0.0165762
-0.000636736    0.0167513   -0.0165762            0
Repeater1[0]<--->EndNode1[0]
REAL
   0.372063 -0.00666499 2.72693e-05    0.193951
-0.00666499    0.148825   0.0177371 -0.00522207
2.72693e-05   0.0177371    0.113577  0.00147018
   0.193951 -0.00522207  0.00147018    0.365535
IMAGINARY
          0 -0.00533112  -0.0187799  0.00168579
 0.00533112           0  0.00933885  -0.0266746
  0.0187799 -0.00933885           0   0.0258791
-0.00168579   0.0266746  -0.0258791           0
Repeater1[0]<--->BSA[0]
REAL
  0.392374 0.00584389 0.00797243   0.182359
0.00584389   0.119311  0.0429298 0.00935748
0.00797243  0.0429298   0.136531 -0.0116205
  0.182359 0.00935748 -0.0116205   0.351784
IMAGINARY
           0  -0.00464943   0.00741865  0.000636736
  0.00464943            0  -0.00129377    0.0165762
 -0.00741865   0.00129377            0   -0.0167513
-0.000636736   -0.0165762    0.0167513            0
EndNode1[0]<--->Repeater1[0]
REAL
  0.400783  0.0296069  0.0187153    0.19233
 0.0296069   0.125326  0.0399238  0.0130406
 0.0187153  0.0399238   0.116188 -0.0190216
   0.19233  0.0130406 -0.0190216   0.357702
IMAGINARY
          0  0.00360137  -0.0132839 -0.00413907
-0.00360137           0 -0.00733192  0.00793628
  0.0132839  0.00733192           0 -0.00627517
 0.00413907 -0.00793628  0.00627517           0
EndNode2[0]<--->BSA[0]
REAL
   0.419355 0.000706646  0.00859873    0.181313
0.000706646    0.120347    0.039275 -0.00859873
 0.00859873    0.039275    0.110422  0.00330405
   0.181313 -0.00859873  0.00330405    0.349876
IMAGINARY
          0  0.00480973  -0.0140127   0.0191504
-0.00480973           0 -0.00360639   0.0184713
  0.0140127  0.00360639           0 -0.00544668
 -0.0191504  -0.0184713  0.00544668           0
Repeater1[0]<--->EndNode1[0]
REAL
  0.400783  0.0187153  0.0296069    0.19233
 0.0187153   0.116188  0.0399238 -0.0190216
 0.0296069  0.0399238   0.125326  0.0130406
   0.19233 -0.0190216  0.0130406   0.357702
IMAGINARY
          0  -0.0132839  0.00360137 -0.00413907
  0.0132839           0  0.00733192 -0.00627517
-0.00360137 -0.00733192           0  0.00793628
 0.00413907  0.00627517 -0.00793628           0
Repeater1[0]<--->BSA[0]
REAL
   0.419355  0.00859873 0.000706646    0.181313
 0.00859873    0.110422    0.039275  0.00330405
0.000706646    0.039275    0.120347 -0.00859873
   0.181313  0.00330405 -0.00859873    0.349876
IMAGINARY
          0  -0.0140127  0.00480973   0.0191504
  0.0140127           0  0.00360639 -0.00544668
-0.00480973 -0.00360639           0   0.0184713
 -0.0191504  0.00544668  -0.0184713           0
EndNode1[0]<--->Repeater1[0]
REAL
   0.405585  0.00749398  0.00477727    0.185585
 0.00749398    0.115691   0.0320316 -0.00348194
 0.00477727   0.0320316     0.12234  -0.0139707
   0.185585 -0.00348194  -0.0139707    0.356383
IMAGINARY
          0   0.0120659  0.00634518  0.00977913
 -0.0120659           0   0.0111054  0.00634518
-0.00634518  -0.0111054           0 -0.00572069
-0.00977913 -0.00634518  0.00572069           0
EndNode2[0]<--->BSA[0]
REAL
   0.407595  0.00241485 -0.00816534    0.189076
 0.00241485    0.112658   0.0232696  0.00322707
-0.00816534   0.0232696    0.131646  0.00869626
   0.189076  0.00322707  0.00869626    0.348101
IMAGINARY
          0  -0.0113078    0.007378    0.019179
  0.0113078           0   -0.019179 -0.00544251
  -0.007378    0.019179           0    0.015824
  -0.019179  0.00544251   -0.015824           0
Repeater1[0]<--->EndNode1[0]
REAL
   0.405585  0.00477727  0.00749398    0.185585
 0.00477727     0.12234   0.0320316  -0.0139707
 0.00749398   0.0320316    0.115691 -0.00348194
   0.185585  -0.0139707 -0.00348194    0.356383
IMAGINARY
          0  0.00634518   0.0120659  0.00977913
-0.00634518           0  -0.0111054 -0.00572069
 -0.0120659   0.0111054           0  0.00634518
-0.00977913  0.00572069 -0.00634518           0
Repeater1[0]<--->BSA[0]
REAL
   0.407595 -0.00816534  0.00241485    0.189076
-0.00816534    0.131646   0.0232696  0.00869626
 0.00241485   0.0232696    0.112658  0.00322707
   0.189076  0.00869626  0.00322707    0.348101
IMAGINARY
          0    0.007378  -0.0113078    0.019179
  -0.007378           0    0.019179    0.015824
  0.0113078   -0.019179           0 -0.00544251
  -0.019179   -0.015824  0.00544251           0
EndNode1[0]<--->Repeater1[0]
REAL
   0.434839  0.00904472  -0.0025974    0.165095
 0.00904472    0.108387   0.0459868   0.0025974
 -0.0025974   0.0459868    0.117419 -0.00772546
   0.165095   0.0025974 -0.00772546    0.339355
IMAGINARY
          0   0.0111147   0.0117064   0.0089371
 -0.0111147           0 -0.00372876  -0.0212606
 -0.0117064  0.00372876           0   0.0277388
 -0.0089371   0.0212606  -0.0277388           0
EndNode2[0]<--->BSA[0]
REAL
   0.411082  -0.0130196 -0.00154865     0.18873
 -0.0130196    0.106959   0.0357206  0.00348914
-0.00154865   0.0357206    0.104381    0.026603
    0.18873  0.00348914    0.026603    0.377577
IMAGINARY
           0   0.00431305  -0.00483139  -0.00811562
 -0.00431305            0  -0.00617009  0.000349957
  0.00483139   0.00617009            0   -0.0139161
  0.00811562 -0.000349957    0.0139161            0
Repeater1[0]<--->EndNode1[0]
REAL
   0.434839  -0.0025974  0.00904472    0.165095
 -0.0025974    0.117419   0.0459868 -0.00772546
 0.00904472   0.0459868    0.108387   0.0025974
   0.165095 -0.00772546   0.0025974    0.339355
IMAGINARY
          0   0.0117064   0.0111147   0.0089371
 -0.0117064           0  0.00372876   0.0277388
 -0.0111147 -0.00372876           0  -0.0212606
 -0.0089371  -0.0277388   0.0212606           0
Repeater1[0]<--->BSA[0]
REAL
   0.411082 -0.00154865  -0.0130196     0.18873
-0.00154865    0.104381   0.0357206    0.026603
 -0.0130196   0.0357206    0.106959  0.00348914
    0.18873    0.026603  0.00348914    0.377577
IMAGINARY
           0  -0.00483139   0.00431305  -0.00811562
  0.00483139            0   0.00617009   -0.0139161
 -0.00431305  -0.00617009            0  0.000349957
  0.00811562    0.0139161 -0.000349957            0
EndNode1[0]<--->Repeater1[0]
REAL
   0.410289  0.00996764 -0.00225059     0.19151
 0.00996764     0.10665   0.0231428  -0.0028908
-0.00225059   0.0231428   0.0953576 0.000315133
    0.19151  -0.0028908 0.000315133    0.387704
IMAGINARY
          0  0.00525429   0.0114731  0.00228943
-0.00525429           0 -0.00164758  0.00893505
 -0.0114731  0.00164758           0 -0.00270327
-0.00228943 -0.00893505  0.00270327           0
EndNode2[0]<--->BSA[0]
REAL
  0.402439 -0.0152083  0.0138051   0.200367
-0.0152083   0.136856  0.0105402 -0.0170902
 0.0138051  0.0105402  0.0894309 0.00929502
  0.200367 -0.0170902 0.00929502   0.371274
IMAGINARY
           0  -0.00033676   -0.0119148  0.000588956
  0.00033676            0   -0.0127528  -0.00545489
   0.0119148    0.0127528            0    0.0425204
-0.000588956   0.00545489   -0.0425204            0
Repeater1[0]<--->EndNode1[0]
REAL
   0.410289 -0.00225059  0.00996764     0.19151
-0.00225059   0.0953576   0.0231428 0.000315133
 0.00996764   0.0231428     0.10665  -0.0028908
    0.19151 0.000315133  -0.0028908    0.387704
IMAGINARY
          0   0.0114731  0.00525429  0.00228943
 -0.0114731           0  0.00164758 -0.00270327
-0.00525429 -0.00164758           0  0.00893505
-0.00228943  0.00270327 -0.00893505           0
Repeater1[0]<--->BSA[0]
REAL
  0.402439  0.0138051 -0.0152083   0.200367
 0.0138051  0.0894309  0.0105402 0.00929502
-0.0152083  0.0105402   0.136856 -0.0170902
  0.200367 0.00929502 -0.0170902   0.371274
IMAGINARY
           0   -0.0119148  -0.00033676  0.000588956
   0.0119148            0    0.0127528    0.0425204
  0.00033676   -0.0127528            0  -0.00545489
-0.000588956   -0.0425204   0.00545489            0
EndNode1[0]<--->Repeater1[0]
REAL
   0.373698   -0.006768 -0.00640205     0.21152
  -0.006768    0.138021   0.0195942   0.0211268
-0.00640205   0.0195942    0.113281 -0.00411548
    0.21152   0.0211268 -0.00411548       0.375
IMAGINARY
          0  0.00653339  0.00531219 -0.00169672
-0.00653339           0 -0.00959146  -0.0022066
-0.00531219  0.00959146           0  0.00278339
 0.00169672   0.0022066 -0.00278339           0
EndNode2[0]<--->BSA[0]
REAL
        0.4  0.00471665  0.00222923    0.187757
 0.00471665         0.1   0.0272627 -0.00672217
 0.00222923   0.0272627    0.123077 -0.00150741
   0.187757 -0.00672217 -0.00150741    0.376923
IMAGINARY
          0  -0.0150102  0.00352802  0.00434994
  0.0150102           0   0.0207757 -0.00229345
-0.00352802  -0.0207757           0  0.00760283
-0.00434994  0.00229345 -0.00760283           0
Repeater1[0]<--->EndNode1[0]
REAL
   0.373698 -0.00640205   -0.006768     0.21152
-0.00640205    0.113281   0.0195942 -0.00411548
  -0.006768   0.0195942    0.138021   0.0211268
    0.21152 -0.00411548   0.0211268       0.375
IMAGINARY
          0  0.00531219  0.00653339 -0.00169672
-0.00531219           0  0.00959146  0.00278339
-0.00653339 -0.00959146           0  -0.0022066
 0.00169672 -0.00278339   0.0022066           0
Repeater1[0]<--->BSA[0]
REAL
        0.4  0.00222923  0.00471665    0.187757
 0.00222923    0.123077   0.0272627 -0.00150741
 0.00471665   0.0272627         0.1 -0.00672217
   0.187757 -0.00150741 -0.00672217    0.376923
IMAGINARY
          0  0.00352802  -0.0150102  0.00434994
-0.00352802           0  -0.0207757  0.00760283
  0.0150102   0.0207757           0 -0.00229345
-0.00434994 -0.00760283  0.00229345           0
EndNode1[0]<--->Repeater1[0]
REAL
   0.414268   0.0126343 -0.00721936    0.194941
  0.0126343    0.141427   0.0260837   0.0341735
-0.00721936   0.0260837    0.115144  0.00219047
   0.194941   0.0341735  0.00219047    0.329161
IMAGINARY
          0 -0.00229961  -0.0247866  -0.0240293
 0.00229961           0  0.00610597  0.00310458
  0.0247866 -0.00610597           0 -0.00229961
  0.0240293 -0.00310458  0.00229961           0
EndNode2[0]<--->BSA[0]
REAL
  0.385378 0.00547394  0.0154903   0.199315
0.00547394   0.130112   0.030549  0.0346956
 0.0154903   0.030549  0.0929368 0.00753721
  0.199315  0.0346956 0.00753721   0.391574
IMAGINARY
          0  -0.0265144    0.013545   0.0124548
  0.0265144           0 -0.00749201   0.0116439
  -0.013545  0.00749201           0   0.0252549
 -0.0124548  -0.0116439  -0.0252549           0
Repeater1[0]<--->EndNode1[0]
REAL
   0.414268 -0.00721936   0.0126343    0.194941
-0.00721936    0.115144   0.0260837  0.00219047
  0.0126343   0.0260837    0.141427   0.0341735
   0.194941  0.00219047   0.0341735    0.329161
IMAGINARY
          0  -0.0247866 -0.00229961  -0.0240293
  0.0247866           0 -0.00610597 -0.00229961
 0.00229961  0.00610597           0  0.00310458
  0.0240293  0.00229961 -0.00310458           0
Repeater1[0]<--->BSA[0]
REAL
  0.385378  0.0154903 0.00547394   0.199315
 0.0154903  0.0929368   0.030549 0.00753721
0.00547394   0.030549   0.130112  0.0346956
  0.199315 0.00753721  0.0346956   0.391574
IMAGINARY
          0    0.013545  -0.0265144   0.0124548
  -0.013545           0  0.00749201   0.0252549
  0.0265144 -0.00749201           0   0.0116439
 -0.0124548  -0.0252549  -0.0116439           0
EndNode1[0]<--->Repeater1[0]
REAL
   0.408364 -0.00532888  0.00788246    0.196973
-0.00532888    0.110701    0.013727   0.0125931
 0.00788246    0.013727    0.110701   0.0191994
   0.196973   0.0125931   0.0191994    0.370234
IMAGINARY
           0    0.0289392   -0.0144655  0.000286036
  -0.0289392            0  -0.00222653   -0.0248015
   0.0144655   0.00222653            0    0.0155634
-0.000286036    0.0248015   -0.0155634            0
EndNode2[0]<--->BSA[0]
REAL
   0.349686  -0.0113397  -0.0169519    0.197732
 -0.0113397    0.122013   0.0354285 -0.00247818
 -0.0169519   0.0354285    0.128302 -0.00290905
   0.197732 -0.00247818 -0.00290905         0.4
IMAGINARY
          0 -0.00887018   0.0105028  0.00271616
 0.00887018           0 -0.00463678  -0.0327542
 -0.0105028  0.00463678           0 -0.00290992
-0.00271616   0.0327542  0.00290992           0
Repeater1[0]<--->EndNode1[0]
REAL
   0.408364  0.00788246 -0.00532888    0.196973
 0.00788246    0.110701    0.013727   0.0191994
-0.00532888    0.013727    0.110701   0.0125931
   0.196973   0.0191994   0.0125931    0.370234
IMAGINARY
           0   -0.0144655    0.0289392  0.000286036
   0.0144655            0   0.00222653    0.0155634
  -0.0289392  -0.00222653            0   -0.0248015
-0.000286036   -0.0155634    0.0248015            0
Repeater1[0]<--->BSA[0]
REAL
   0.349686  -0.0169519  -0.0113397    0.197732
 -0.0169519    0.128302   0.0354285 -0.00290905
 -0.0113397   0.0354285    0.122013 -0.00247818
   0.197732 -0.00290905 -0.00247818         0.4
IMAGINARY
          0   0.0105028 -0.00887018  0.00271616
 -0.0105028           0  0.00463678 -0.00290992
 0.00887018 -0.00463678           0  -0.0327542
-0.00271616  0.00290992   0.0327542           0
EndNode1[0]<--->Repeater1[0]
REAL
  0.395778 0.00390948 0.00973959   0.171528
0.00390948   0.102902   0.021893 -0.0228975
0.00973959   0.021893   0.122691 -0.0104884
  0.171528 -0.0228975 -0.0104884   0.378628
IMAGINARY
           0   0.00289585  0.000956816    0.0182392
 -0.00289585            0   0.00752039  -0.00947263
-0.000956816  -0.00752039            0  -0.00167931
  -0.0182392   0.00947263   0.00167931            0
EndNode2[0]<--->BSA[0]
REAL
   0.438005 -0.00554998   0.0111135    0.213658
-0.00554998    0.103774   0.0490769 -0.00843253
  0.0111135   0.0490769    0.137466  0.00152853
   0.213658 -0.00843253  0.00152853    0.320755
IMAGINARY
          0  0.00746312 -0.00520181  0.00771889
-0.00746312           0  0.00132503   0.0058276
 0.00520181 -0.00132503           0  -0.0256108
-0.00771889  -0.0058276   0.0256108           0
Repeater1[0]<--->EndNode1[0]
REAL
  0.395778 0.00973959 0.00390948   0.171528
0.00973959   0.122691   0.021893 -0.0104884
0.00390948   0.021893   0.102902 -0.0228975
  0.171528 -0.0104884 -0.0228975   0.378628
IMAGINARY
           0  0.000956816   0.00289585    0.0182392
-0.000956816            0  -0.00752039  -0.00167931
 -0.00289585   0.00752039            0  -0.00947263
  -0.0182392   0.00167931   0.00947263            0
Repeater1[0]<--->BSA[0]
REAL
   0.438005   0.0111135 -0.00554998    0.213658
  0.0111135    0.137466   0.0490769  0.00152853
-0.00554998   0.0490769    0.103774 -0.00843253
   0.213658  0.00152853 -0.00843253    0.320755
IMAGINARY
          0 -0.00520181  0.00746312  0.00771889
 0.00520181           0 -0.00132503  -0.0256108
-0.00746312  0.00132503           0   0.0058276
-0.00771889   0.0256108  -0.0058276           0
EndNode1[0]<--->Repeater1[0]
REAL
   0.385204 -0.00257114 -0.00272223    0.185505
-0.00257114    0.110969   0.0139628  -0.0105756
-0.00272223   0.0139628       0.125  -0.0107267
   0.185505  -0.0105756  -0.0107267    0.378827
IMAGINARY
           0   -0.0123615 -0.000308293 -0.000344544
   0.0123615            0  -0.00157607   0.00695723
 0.000308293   0.00157607            0   -0.0142342
 0.000344544  -0.00695723    0.0142342            0
EndNode2[0]<--->BSA[0]
REAL
    0.383142  -0.00749586 -0.000564802     0.183385
 -0.00749586      0.12516    0.0303242     0.019382
-0.000564802    0.0303242     0.131545   -0.0261063
    0.183385     0.019382   -0.0261063     0.360153
IMAGINARY
          0 -0.00393744  -0.0120579 -0.00641882
 0.00393744           0  0.00328991  -0.0198299
  0.0120579 -0.00328991           0   0.0205191
 0.00641882   0.0198299  -0.0205191           0
Repeater1[0]<--->EndNode1[0]
REAL
   0.385204 -0.00272223 -0.00257114    0.185505
-0.00272223       0.125   0.0139628  -0.0107267
-0.00257114   0.0139628    0.110969  -0.0105756
   0.185505  -0.0107267  -0.0105756    0.378827
IMAGINARY
           0 -0.000308293   -0.0123615 -0.000344544
 0.000308293            0   0.00157607   -0.0142342
   0.0123615  -0.00157607            0   0.00695723
 0.000344544    0.0142342  -0.00695723            0
Repeater1[0]<--->BSA[0]
REAL
    0.383142 -0.000564802  -0.00749586     0.183385
-0.000564802     0.131545    0.0303242   -0.0261063
 -0.00749586    0.0303242      0.12516     0.019382
    0.183385   -0.0261063     0.019382     0.360153
IMAGINARY
          0  -0.0120579 -0.00393744 -0.00641882
  0.0120579           0 -0.00328991   0.0205191
 0.00393744  0.00328991           0  -0.0198299
 0.00641882  -0.0205191   0.0198299           0
EndNode1[0]<--->Repeater1[0]
REAL
   0.374185  0.00491747 -0.00138761    0.202919
 0.00491747    0.114733   0.0375489  -0.0201376
-0.00138761   0.0375489    0.131682  -0.0202926
   0.202919  -0.0201376  -0.0202926      0.3794
IMAGINARY
          0  -0.0148638  0.00875486  -0.0223899
  0.0148638           0   0.0124643  0.00875486
-0.00875486  -0.0124643           0  0.00513619
  0.0223899 -0.00875486 -0.00513619           0
EndNode2[0]<--->BSA[0]
REAL
  0.376574  0.0150841 -0.0190065   0.181146
 0.0150841   0.108312  0.0237506  -0.020942
-0.0190065  0.0237506   0.118388 -0.0331253
