EndNode1[0]<--->Repeater1[0]
REAL
   0.458955   0.0118541  0.00314212    0.138588
  0.0118541    0.135572   0.0257673 -0.00799649
 0.00314212   0.0257673    0.133085   0.0138047
   0.138588 -0.00799649   0.0138047    0.272388
IMAGINARY
           0   -0.0250536        0.017   0.00731425
   0.0250536            0    0.0098395 -0.000333333
      -0.017   -0.0098395            0    0.0212075
 -0.00731425  0.000333333   -0.0212075            0
EndNode2[0]<--->BSA[0]
REAL
  0.465668  0.0149117  0.0138793   0.185158
 0.0149117   0.118602  0.0110448 -0.0214742
 0.0138793  0.0110448    0.10362  0.0028098
  0.185158 -0.0214742  0.0028098    0.31211
IMAGINARY
           0   0.00638037  0.000467259     0.024376
 -0.00638037            0   -0.0282222    -0.015579
-0.000467259    0.0282222            0    0.0139876
   -0.024376     0.015579   -0.0139876            0
Repeater1[0]<--->EndNode1[0]
REAL
   0.458955  0.00314212   0.0118541    0.138588
 0.00314212    0.133085   0.0257673   0.0138047
  0.0118541   0.0257673    0.135572 -0.00799649
   0.138588   0.0138047 -0.00799649    0.272388
IMAGINARY
           0        0.017   -0.0250536   0.00731425
      -0.017            0   -0.0098395    0.0212075
   0.0250536    0.0098395            0 -0.000333333
 -0.00731425   -0.0212075  0.000333333            0
Repeater1[0]<--->BSA[0]
REAL
  0.465668  0.0138793  0.0149117   0.185158
 0.0138793    0.10362  0.0110448  0.0028098
 0.0149117  0.0110448   0.118602 -0.0214742
  0.185158  0.0028098 -0.0214742    0.31211
IMAGINARY
           0  0.000467259   0.00638037     0.024376
-0.000467259            0    0.0282222    0.0139876
 -0.00638037   -0.0282222            0    -0.015579
   -0.024376   -0.0139876     0.015579            0
EndNode1[0]<--->Repeater1[0]
REAL
   0.450323 -0.00844104 -0.00309359    0.131091
-0.00844104    0.123871 -0.00390898 -0.00688147
-0.00309359 -0.00390898    0.169032  0.00470039
   0.131091 -0.00688147  0.00470039    0.256774
IMAGINARY
          0 -0.00795068    0.030751  -0.0145199
 0.00795068           0  -0.0151893   -0.010751
  -0.030751   0.0151893           0 -0.00454932
  0.0145199    0.010751  0.00454932           0
EndNode2[0]<--->BSA[0]
REAL
  0.428951 0.00885151 0.00452918   0.174623
0.00885151   0.110226  0.0120014 0.00247719
0.00452918  0.0120014   0.112882 -0.0120362
  0.174623 0.00247719 -0.0120362   0.347942
IMAGINARY
           0   -0.0114545   -0.0262158     0.017295
   0.0114545            0  0.000607773   -0.0150463
   0.0262158 -0.000607773            0 -0.000681396
   -0.017295    0.0150463  0.000681396            0
Repeater1[0]<--->EndNode1[0]
REAL
   0.450323 -0.00309359 -0.00844104    0.131091
-0.00309359    0.169032 -0.00390898  0.00470039
-0.00844104 -0.00390898    0.123871 -0.00688147
   0.131091  0.00470039 -0.00688147    0.256774
IMAGINARY
          0    0.030751 -0.00795068  -0.0145199
  -0.030751           0   0.0151893 -0.00454932
 0.00795068  -0.0151893           0   -0.010751
  0.0145199  0.00454932    0.010751           0
Repeater1[0]<--->BSA[0]
REAL
  0.428951 0.00452918 0.00885151   0.174623
0.00452918   0.112882  0.0120014 -0.0120362
0.00885151  0.0120014   0.110226 0.00247719
  0.174623 -0.0120362 0.00247719   0.347942
IMAGINARY
           0   -0.0262158   -0.0114545     0.017295
   0.0262158            0 -0.000607773 -0.000681396
   0.0114545  0.000607773            0   -0.0150463
   -0.017295  0.000681396    0.0150463            0
EndNode1[0]<--->Repeater1[0]
REAL
    0.464151   0.00391243 -0.000306373     0.138527
  0.00391243     0.133333    0.0189895    0.0101103
-0.000306373    0.0189895     0.143396   0.00327711
    0.138527    0.0101103   0.00327711     0.259119
IMAGINARY
           0  -0.00840798    -0.013478   0.00276923
  0.00840798            0  -0.00789744  0.000624547
    0.013478   0.00789744            0    0.0135494
 -0.00276923 -0.000624547   -0.0135494            0
EndNode2[0]<--->BSA[0]
REAL
   0.449933 -0.00644132  0.00158284    0.169231
-0.00644132    0.128171  0.00727731   0.0041938
 0.00158284  0.00727731     0.11215  -0.0108886
   0.169231   0.0041938  -0.0108886    0.309746
IMAGINARY
          0 -0.00225554  0.00598427 -0.00506723
 0.00225554           0   -0.017357   -0.016267
-0.00598427    0.017357           0  -0.0118833
 0.00506723    0.016267   0.0118833           0
Repeater1[0]<--->EndNode1[0]
REAL
    0.464151 -0.000306373   0.00391243     0.138527
-0.000306373     0.143396    0.0189895   0.00327711
  0.00391243    0.0189895     0.133333    0.0101103
    0.138527   0.00327711    0.0101103     0.259119
IMAGINARY
           0    -0.013478  -0.00840798   0.00276923
    0.013478            0   0.00789744    0.0135494
  0.00840798  -0.00789744            0  0.000624547
 -0.00276923   -0.0135494 -0.000624547            0
Repeater1[0]<--->BSA[0]
REAL
   0.449933  0.00158284 -0.00644132    0.169231
 0.00158284     0.11215  0.00727731  -0.0108886
-0.00644132  0.00727731    0.128171   0.0041938
   0.169231  -0.0108886   0.0041938    0.309746
IMAGINARY
          0  0.00598427 -0.00225554 -0.00506723
-0.00598427           0    0.017357  -0.0118833
 0.00225554   -0.017357           0   -0.016267
 0.00506723   0.0118833    0.016267           0
EndNode1[0]<--->Repeater1[0]
REAL
    0.495315 -0.000669515   0.00779127     0.156108
-0.000669515     0.111111   0.00897548  -0.00897892
  0.00779127   0.00897548     0.149933  -0.00526873
    0.156108  -0.00897892  -0.00526873     0.243641
IMAGINARY
          0   -0.011801  0.00124688   0.0110957
   0.011801           0  0.00145383 -0.00498753
-0.00124688 -0.00145383           0  0.00930721
 -0.0110957  0.00498753 -0.00930721           0
EndNode2[0]<--->BSA[0]
REAL
  0.451338 0.00159091 0.00872465   0.172949
0.00159091   0.121655  0.0140642 -0.0126208
0.00872465  0.0140642   0.113139  0.0165909
  0.172949 -0.0126208  0.0165909   0.313869
IMAGINARY
           0    0.0141344   -0.0147138  -0.00194641
  -0.0141344            0  0.000657753  -0.00020191
   0.0147138 -0.000657753            0    -0.018674
  0.00194641   0.00020191     0.018674            0
Repeater1[0]<--->EndNode1[0]
REAL
    0.495315   0.00779127 -0.000669515     0.156108
  0.00779127     0.149933   0.00897548  -0.00526873
-0.000669515   0.00897548     0.111111  -0.00897892
    0.156108  -0.00526873  -0.00897892     0.243641
IMAGINARY
          0  0.00124688   -0.011801   0.0110957
-0.00124688           0 -0.00145383  0.00930721
   0.011801  0.00145383           0 -0.00498753
 -0.0110957 -0.00930721  0.00498753           0
Repeater1[0]<--->BSA[0]
REAL
  0.451338 0.00872465 0.00159091   0.172949
0.00872465   0.113139  0.0140642  0.0165909
0.00159091  0.0140642   0.121655 -0.0126208
  0.172949  0.0165909 -0.0126208   0.313869
IMAGINARY
           0   -0.0147138    0.0141344  -0.00194641
   0.0147138            0 -0.000657753    -0.018674
  -0.0141344  0.000657753            0  -0.00020191
  0.00194641     0.018674   0.00020191            0
EndNode1[0]<--->Repeater1[0]
REAL
    0.484472  0.000631866   -0.0197809     0.159404
 0.000631866     0.135404 -0.000468366   0.00136341
  -0.0197809 -0.000468366     0.130435    0.0164213
    0.159404   0.00136341    0.0164213     0.249689
IMAGINARY
           0   -0.0143703   -0.0100957   -0.0116341
   0.0143703            0    0.0142726 -0.000732365
   0.0100957   -0.0142726            0   0.00609005
   0.0116341  0.000732365  -0.00609005            0
EndNode2[0]<--->BSA[0]
REAL
    0.42033   0.0171359   0.0141988    0.172212
  0.0171359    0.127747 -0.00130985   0.0258267
  0.0141988 -0.00130985    0.112637   0.0241602
   0.172212   0.0258267   0.0241602    0.339286
IMAGINARY
          0   0.0173522  0.00902889  0.00652853
 -0.0173522           0 -0.00585739   0.0231048
-0.00902889  0.00585739           0  -0.0212082
-0.00652853  -0.0231048   0.0212082           0
Repeater1[0]<--->EndNode1[0]
REAL
    0.484472   -0.0197809  0.000631866     0.159404
  -0.0197809     0.130435 -0.000468366    0.0164213
 0.000631866 -0.000468366     0.135404   0.00136341
    0.159404    0.0164213   0.00136341     0.249689
IMAGINARY
           0   -0.0100957   -0.0143703   -0.0116341
   0.0100957            0   -0.0142726   0.00609005
   0.0143703    0.0142726            0 -0.000732365
   0.0116341  -0.00609005  0.000732365            0
Repeater1[0]<--->BSA[0]
REAL
    0.42033   0.0141988   0.0171359    0.172212
  0.0141988    0.112637 -0.00130985   0.0241602
  0.0171359 -0.00130985    0.127747   0.0258267
   0.172212   0.0241602   0.0258267    0.339286
IMAGINARY
          0  0.00902889   0.0173522  0.00652853
-0.00902889           0  0.00585739  -0.0212082
 -0.0173522 -0.00585739           0   0.0231048
-0.00652853   0.0212082  -0.0231048           0
EndNode1[0]<--->Repeater1[0]
REAL
    0.458809  -0.00340306   -0.0279312     0.140154
 -0.00340306     0.129278  -0.00991294 -0.000658427
  -0.0279312  -0.00991294     0.144487   -0.0239159
    0.140154 -0.000658427   -0.0239159     0.267427
IMAGINARY
          0   0.0106801 -0.00370121   0.0196879
 -0.0106801           0  0.00702966 -0.00370121
 0.00370121 -0.00702966           0  0.00479772
 -0.0196879  0.00370121 -0.00479772           0
EndNode2[0]<--->BSA[0]
REAL
   0.422554 -0.00864402 -0.00154053    0.168452
-0.00864402    0.112772   0.0348855 -0.00896627
-0.00154053   0.0348855    0.127717 -0.00927934
   0.168452 -0.00896627 -0.00927934    0.336957
IMAGINARY
           0  3.64312e-05  -0.00486628   0.00792535
-3.64312e-05            0    -0.010457   0.00976138
  0.00486628     0.010457            0    0.0146489
 -0.00792535  -0.00976138   -0.0146489            0
Repeater1[0]<--->EndNode1[0]
REAL
    0.458809   -0.0279312  -0.00340306     0.140154
  -0.0279312     0.144487  -0.00991294   -0.0239159
 -0.00340306  -0.00991294     0.129278 -0.000658427
    0.140154   -0.0239159 -0.000658427     0.267427
IMAGINARY
          0 -0.00370121   0.0106801   0.0196879
 0.00370121           0 -0.00702966  0.00479772
 -0.0106801  0.00702966           0 -0.00370121
 -0.0196879 -0.00479772  0.00370121           0
Repeater1[0]<--->BSA[0]
REAL
   0.422554 -0.00154053 -0.00864402    0.168452
-0.00154053    0.127717   0.0348855 -0.00927934
-0.00864402   0.0348855    0.112772 -0.00896627
   0.168452 -0.00927934 -0.00896627    0.336957
IMAGINARY
           0  -0.00486628  3.64312e-05   0.00792535
  0.00486628            0     0.010457    0.0146489
-3.64312e-05    -0.010457            0   0.00976138
 -0.00792535   -0.0146489  -0.00976138            0
