EndNode1[0]<--->Repeater1[0]
REAL
    0.46684 -0.00885838 -0.00916076    0.187225
-0.00885838   0.0793238 -0.00353844  0.00355678
-0.00916076 -0.00353844    0.109233  -0.0166709
   0.187225  0.00355678  -0.0166709    0.344603
IMAGINARY
          0  -0.0236887  -0.0146983  0.00198454
  0.0236887           0  0.00946584   0.0126903
  0.0146983 -0.00946584           0  -0.0104478
-0.00198454  -0.0126903   0.0104478           0
EndNode2[0]<--->BSA[0]
REAL
   0.454545  -0.0226521 -0.00258172     0.24279
 -0.0226521   0.0869565  0.00299439  -0.0278982
-0.00258172  0.00299439   0.0711462  -0.0156099
    0.24279  -0.0278982  -0.0156099    0.387352
IMAGINARY
           0 -0.000812759   0.00304564   -0.0133138
 0.000812759            0  -0.00700071  -0.00942319
 -0.00304564   0.00700071            0   0.00974133
   0.0133138   0.00942319  -0.00974133            0
Repeater1[0]<--->EndNode1[0]
REAL
    0.46684 -0.00916076 -0.00885838    0.187225
-0.00916076    0.109233 -0.00353844  -0.0166709
-0.00885838 -0.00353844   0.0793238  0.00355678
   0.187225  -0.0166709  0.00355678    0.344603
IMAGINARY
          0  -0.0146983  -0.0236887  0.00198454
  0.0146983           0 -0.00946584  -0.0104478
  0.0236887  0.00946584           0   0.0126903
-0.00198454   0.0104478  -0.0126903           0
Repeater1[0]<--->BSA[0]
REAL
   0.454545 -0.00258172  -0.0226521     0.24279
-0.00258172   0.0711462  0.00299439  -0.0156099
 -0.0226521  0.00299439   0.0869565  -0.0278982
    0.24279  -0.0156099  -0.0278982    0.387352
IMAGINARY
           0   0.00304564 -0.000812759   -0.0133138
 -0.00304564            0   0.00700071   0.00974133
 0.000812759  -0.00700071            0  -0.00942319
   0.0133138  -0.00974133   0.00942319            0
EndNode1[0]<--->Repeater1[0]
REAL
   0.463508  0.00385068  -0.0137633    0.159821
 0.00385068    0.099872   0.0102821 -0.00556659
 -0.0137633   0.0102821   0.0985915  0.00516994
   0.159821 -0.00556659  0.00516994    0.338028
IMAGINARY
           0   -0.0111095    0.0118116   0.00534505
   0.0111095            0  0.000203659   0.00597499
  -0.0118116 -0.000203659            0  -0.00140701
 -0.00534505  -0.00597499   0.00140701            0
EndNode2[0]<--->BSA[0]
REAL
   0.446015  -0.0199216  -0.0140447    0.218392
 -0.0199216   0.0719794 -0.00786533   0.0090322
 -0.0140447 -0.00786533   0.0848329   0.0136559
   0.218392   0.0090322   0.0136559    0.397172
IMAGINARY
          0 -0.00666307  0.00386229  -0.0110256
 0.00666307           0   0.0123625   0.0045176
-0.00386229  -0.0123625           0  0.00386977
  0.0110256  -0.0045176 -0.00386977           0
Repeater1[0]<--->EndNode1[0]
REAL
   0.463508  -0.0137633  0.00385068    0.159821
 -0.0137633   0.0985915   0.0102821  0.00516994
 0.00385068   0.0102821    0.099872 -0.00556659
   0.159821  0.00516994 -0.00556659    0.338028
IMAGINARY
           0    0.0118116   -0.0111095   0.00534505
  -0.0118116            0 -0.000203659  -0.00140701
   0.0111095  0.000203659            0   0.00597499
 -0.00534505   0.00140701  -0.00597499            0
Repeater1[0]<--->BSA[0]
REAL
   0.446015  -0.0140447  -0.0199216    0.218392
 -0.0140447   0.0848329 -0.00786533   0.0136559
 -0.0199216 -0.00786533   0.0719794   0.0090322
   0.218392   0.0136559   0.0090322    0.397172
IMAGINARY
          0  0.00386229 -0.00666307  -0.0110256
-0.00386229           0  -0.0123625  0.00386977
 0.00666307   0.0123625           0   0.0045176
  0.0110256 -0.00386977  -0.0045176           0
EndNode1[0]<--->Repeater1[0]
REAL
    0.46393 -0.00653063  -0.0112499    0.189722
-0.00653063   0.0982587   0.0160102  0.00679132
 -0.0112499   0.0160102   0.0870647  0.00334591
   0.189722  0.00679132  0.00334591    0.350746
IMAGINARY
           0  0.000808778    0.0189949  0.000107804
-0.000808778            0  -0.00263945   -0.0196554
  -0.0189949   0.00263945            0   -0.0093953
-0.000107804    0.0196554    0.0093953            0
EndNode2[0]<--->BSA[0]
REAL
    0.493671 -0.000695364   -0.0191364     0.204035
-0.000695364    0.0721519  -0.00778469    0.0378864
  -0.0191364  -0.00778469    0.0670886  -0.00930464
    0.204035    0.0378864  -0.00930464     0.367089
IMAGINARY
          0  0.00649724 -0.00664543   0.0144841
-0.00649724           0  0.00408186 -0.00464276
 0.00664543 -0.00408186           0 -0.00450521
 -0.0144841  0.00464276  0.00450521           0
Repeater1[0]<--->EndNode1[0]
REAL
    0.46393  -0.0112499 -0.00653063    0.189722
 -0.0112499   0.0870647   0.0160102  0.00334591
-0.00653063   0.0160102   0.0982587  0.00679132
   0.189722  0.00334591  0.00679132    0.350746
IMAGINARY
           0    0.0189949  0.000808778  0.000107804
  -0.0189949            0   0.00263945   -0.0093953
-0.000808778  -0.00263945            0   -0.0196554
-0.000107804    0.0093953    0.0196554            0
Repeater1[0]<--->BSA[0]
REAL
    0.493671   -0.0191364 -0.000695364     0.204035
  -0.0191364    0.0670886  -0.00778469  -0.00930464
-0.000695364  -0.00778469    0.0721519    0.0378864
    0.204035  -0.00930464    0.0378864     0.367089
IMAGINARY
          0 -0.00664543  0.00649724   0.0144841
 0.00664543           0 -0.00408186 -0.00450521
-0.00649724  0.00408186           0 -0.00464276
 -0.0144841  0.00450521  0.00464276           0
EndNode1[0]<--->Repeater1[0]
REAL
  0.467485 0.00469526  -0.015452   0.184297
0.00469526  0.0957055   0.016775 -0.0100172
 -0.015452   0.016775   0.115337  0.0060286
  0.184297 -0.0100172  0.0060286   0.321472
IMAGINARY
          0  0.00323472  -0.0136399  -0.0174589
-0.00323472           0  0.00816525  -0.0190944
  0.0136399 -0.00816525           0   0.0230811
  0.0174589   0.0190944  -0.0230811           0
EndNode2[0]<--->BSA[0]
REAL
   0.506345 -0.00159577 0.000532776    0.220025
-0.00159577   0.0761421   0.0151902 -0.00187686
0.000532776   0.0151902    0.072335   0.0123485
   0.220025 -0.00187686   0.0123485    0.345178
IMAGINARY
          0  0.00957403  -0.0118625  -0.0188047
-0.00957403           0  0.00156328 -0.00594922
  0.0118625 -0.00156328           0   0.0158713
  0.0188047  0.00594922  -0.0158713           0
Repeater1[0]<--->EndNode1[0]
REAL
  0.467485  -0.015452 0.00469526   0.184297
 -0.015452   0.115337   0.016775  0.0060286
0.00469526   0.016775  0.0957055 -0.0100172
  0.184297  0.0060286 -0.0100172   0.321472
IMAGINARY
          0  -0.0136399  0.00323472  -0.0174589
  0.0136399           0 -0.00816525   0.0230811
-0.00323472  0.00816525           0  -0.0190944
  0.0174589  -0.0230811   0.0190944           0
Repeater1[0]<--->BSA[0]
REAL
   0.506345 0.000532776 -0.00159577    0.220025
0.000532776    0.072335   0.0151902   0.0123485
-0.00159577   0.0151902   0.0761421 -0.00187686
   0.220025   0.0123485 -0.00187686    0.345178
IMAGINARY
          0  -0.0118625  0.00957403  -0.0188047
  0.0118625           0 -0.00156328   0.0158713
-0.00957403  0.00156328           0 -0.00594922
  0.0188047  -0.0158713  0.00594922           0
EndNode1[0]<--->Repeater1[0]
REAL
   0.450462 -0.00436442 -0.00551131    0.192593
-0.00436442   0.0964333   0.0110642  0.00992493
-0.00551131   0.0110642    0.104359  -0.0076154
   0.192593  0.00992493  -0.0076154    0.348745
IMAGINARY
           0   0.00592532  -0.00700715  0.000882699
 -0.00592532            0    0.0177788    0.0114658
  0.00700715   -0.0177788            0  -0.00783615
-0.000882699   -0.0114658   0.00783615            0
EndNode2[0]<--->BSA[0]
REAL
   0.456885 -0.00349999  -0.0016617    0.228265
-0.00349999   0.0720721   0.0143347 -0.00799081
 -0.0016617   0.0143347   0.0913771 -0.00615251
   0.228265 -0.00799081 -0.00615251    0.379665
IMAGINARY
          0 -0.00469412   0.0124132  -0.0104556
 0.00469412           0 -0.00473773  0.00251219
 -0.0124132  0.00473773           0 -0.00276857
  0.0104556 -0.00251219  0.00276857           0
Repeater1[0]<--->EndNode1[0]
REAL
   0.450462 -0.00551131 -0.00436442    0.192593
-0.00551131    0.104359   0.0110642  -0.0076154
-0.00436442   0.0110642   0.0964333  0.00992493
   0.192593  -0.0076154  0.00992493    0.348745
IMAGINARY
           0  -0.00700715   0.00592532  0.000882699
  0.00700715            0   -0.0177788  -0.00783615
 -0.00592532    0.0177788            0    0.0114658
-0.000882699   0.00783615   -0.0114658            0
Repeater1[0]<--->BSA[0]
REAL
   0.456885  -0.0016617 -0.00349999    0.228265
 -0.0016617   0.0913771   0.0143347 -0.00615251
-0.00349999   0.0143347   0.0720721 -0.00799081
   0.228265 -0.00615251 -0.00799081    0.379665
IMAGINARY
          0   0.0124132 -0.00469412  -0.0104556
 -0.0124132           0  0.00473773 -0.00276857
 0.00469412 -0.00473773           0  0.00251219
  0.0104556  0.00276857 -0.00251219           0
