EndNode1[0]<--->Repeater1[0]
REAL
   0.435463  0.00365206   0.0164659    0.120386
 0.00365206   0.0925684   0.0116899 -0.00972735
  0.0164659   0.0116899   0.0756193 -0.00365206
   0.120386 -0.00972735 -0.00365206    0.396349
IMAGINARY
          0  -0.0169678   0.0126132 -0.00339674
  0.0169678           0  0.00339674   0.0178216
 -0.0126132 -0.00339674           0  -0.0221626
 0.00339674  -0.0178216   0.0221626           0
EndNode2[0]<--->BSA[0]
REAL
   0.40856  0.0107724 -0.0153155   0.126163
 0.0107724   0.080415  0.0216357 0.00588152
-0.0153155  0.0216357  0.0830091  0.0049509
  0.126163 0.00588152  0.0049509   0.428016
IMAGINARY
          0 -0.00218199   0.0120628   -0.020294
 0.00218199           0   0.0139165 -0.00207607
 -0.0120628  -0.0139165           0  0.00417933
   0.020294  0.00207607 -0.00417933           0
Repeater1[0]<--->EndNode1[0]
REAL
   0.435463   0.0164659  0.00365206    0.120386
  0.0164659   0.0756193   0.0116899 -0.00365206
 0.00365206   0.0116899   0.0925684 -0.00972735
   0.120386 -0.00365206 -0.00972735    0.396349
IMAGINARY
          0   0.0126132  -0.0169678 -0.00339674
 -0.0126132           0 -0.00339674  -0.0221626
  0.0169678  0.00339674           0   0.0178216
 0.00339674   0.0221626  -0.0178216           0
Repeater1[0]<--->BSA[0]
REAL
   0.40856 -0.0153155  0.0107724   0.126163
-0.0153155  0.0830091  0.0216357  0.0049509
 0.0107724  0.0216357   0.080415 0.00588152
  0.126163  0.0049509 0.00588152   0.428016
IMAGINARY
          0   0.0120628 -0.00218199   -0.020294
 -0.0120628           0  -0.0139165  0.00417933
 0.00218199   0.0139165           0 -0.00207607
   0.020294 -0.00417933  0.00207607           0
EndNode1[0]<--->Repeater1[0]
REAL
   0.401035 -0.00444753  0.00956938    0.124805
-0.00444753    0.084088 -0.00159938  -0.0167464
 0.00956938 -0.00159938   0.0892626  0.00803605
   0.124805  -0.0167464  0.00803605    0.425614
IMAGINARY
          0 -0.00566838  0.00992587  -0.0307174
 0.00566838           0  -0.0100989   0.0336135
-0.00992587   0.0100989           0  0.00988186
  0.0307174  -0.0336135 -0.00988186           0
EndNode2[0]<--->BSA[0]
REAL
  0.421751 -0.0139748 0.00373642   0.120434
-0.0139748  0.0729443 0.00696722 0.00714706
0.00373642 0.00696722  0.0954907  0.0158954
  0.120434 0.00714706  0.0158954   0.409814
IMAGINARY
           0    0.0128032 -0.000187479  -0.00992187
  -0.0128032            0     0.021993   -0.0085407
 0.000187479    -0.021993            0    0.0108875
  0.00992187    0.0085407   -0.0108875            0
Repeater1[0]<--->EndNode1[0]
REAL
   0.401035  0.00956938 -0.00444753    0.124805
 0.00956938   0.0892626 -0.00159938  0.00803605
-0.00444753 -0.00159938    0.084088  -0.0167464
   0.124805  0.00803605  -0.0167464    0.425614
IMAGINARY
          0  0.00992587 -0.00566838  -0.0307174
-0.00992587           0   0.0100989  0.00988186
 0.00566838  -0.0100989           0   0.0336135
  0.0307174 -0.00988186  -0.0336135           0
Repeater1[0]<--->BSA[0]
REAL
  0.421751 0.00373642 -0.0139748   0.120434
0.00373642  0.0954907 0.00696722  0.0158954
-0.0139748 0.00696722  0.0729443 0.00714706
  0.120434  0.0158954 0.00714706   0.409814
IMAGINARY
           0 -0.000187479    0.0128032  -0.00992187
 0.000187479            0    -0.021993    0.0108875
  -0.0128032     0.021993            0   -0.0085407
  0.00992187   -0.0108875    0.0085407            0
EndNode1[0]<--->Repeater1[0]
REAL
    0.42524  0.00748955 -0.00012194    0.131497
 0.00748955   0.0960219  0.00830812  -0.0139196
-0.00012194  0.00830812   0.0823045  -0.0178681
   0.131497  -0.0139196  -0.0178681    0.396433
IMAGINARY
          0   0.0178671  -0.0122694  0.00219994
 -0.0178671           0  -0.0182462  -0.0160573
  0.0122694   0.0182462           0  -0.0158908
-0.00219994   0.0160573   0.0158908           0
EndNode2[0]<--->BSA[0]
REAL
   0.44171 -0.0108565 0.00472774   0.127709
-0.0108565  0.0958549 0.00286426  0.0239347
0.00472774 0.00286426  0.0829016  0.0114934
  0.127709  0.0239347  0.0114934   0.379534
IMAGINARY
          0   0.0191062  0.00896278  -0.0109301
 -0.0191062           0   0.0189301  -0.0108261
-0.00896278  -0.0189301           0  -0.0147584
  0.0109301   0.0108261   0.0147584           0
Repeater1[0]<--->EndNode1[0]
REAL
    0.42524 -0.00012194  0.00748955    0.131497
-0.00012194   0.0823045  0.00830812  -0.0178681
 0.00748955  0.00830812   0.0960219  -0.0139196
   0.131497  -0.0178681  -0.0139196    0.396433
IMAGINARY
          0  -0.0122694   0.0178671  0.00219994
  0.0122694           0   0.0182462  -0.0158908
 -0.0178671  -0.0182462           0  -0.0160573
-0.00219994   0.0158908   0.0160573           0
Repeater1[0]<--->BSA[0]
REAL
   0.44171 0.00472774 -0.0108565   0.127709
0.00472774  0.0829016 0.00286426  0.0114934
-0.0108565 0.00286426  0.0958549  0.0239347
  0.127709  0.0114934  0.0239347   0.379534
IMAGINARY
          0  0.00896278   0.0191062  -0.0109301
-0.00896278           0  -0.0189301  -0.0147584
 -0.0191062   0.0189301           0  -0.0108261
  0.0109301   0.0147584   0.0108261           0
EndNode1[0]<--->Repeater1[0]
REAL
    0.408575    -0.009028 -0.000179293     0.117125
   -0.009028     0.100883    0.0161208   -0.0235674
-0.000179293    0.0161208    0.0907945   -0.0199957
    0.117125   -0.0235674   -0.0199957     0.399748
IMAGINARY
           0  -0.00818985    0.0157468 -0.000636943
  0.00818985            0    0.0305732    0.0137388
  -0.0157468   -0.0305732            0  -0.00623926
 0.000636943   -0.0137388   0.00623926            0
EndNode2[0]<--->BSA[0]
REAL
   0.424125 -0.00616412  0.00161538    0.131589
-0.00616412   0.0881971   0.0186056 -0.00356597
 0.00161538   0.0186056   0.0920882  -0.0126915
   0.131589 -0.00356597  -0.0126915     0.39559
IMAGINARY
          0   0.0145051 -0.00535292 -0.00531571
 -0.0145051           0 -0.00995147  0.00972246
 0.00535292  0.00995147           0  -0.0288622
 0.00531571 -0.00972246   0.0288622           0
Repeater1[0]<--->EndNode1[0]
REAL
    0.408575 -0.000179293    -0.009028     0.117125
-0.000179293    0.0907945    0.0161208   -0.0199957
   -0.009028    0.0161208     0.100883   -0.0235674
    0.117125   -0.0199957   -0.0235674     0.399748
IMAGINARY
           0    0.0157468  -0.00818985 -0.000636943
  -0.0157468            0   -0.0305732  -0.00623926
  0.00818985    0.0305732            0    0.0137388
 0.000636943   0.00623926   -0.0137388            0
Repeater1[0]<--->BSA[0]
REAL
   0.424125  0.00161538 -0.00616412    0.131589
 0.00161538   0.0920882   0.0186056  -0.0126915
-0.00616412   0.0186056   0.0881971 -0.00356597
   0.131589  -0.0126915 -0.00356597     0.39559
IMAGINARY
          0 -0.00535292   0.0145051 -0.00531571
 0.00535292           0  0.00995147  -0.0288622
 -0.0145051 -0.00995147           0  0.00972246
 0.00531571   0.0288622 -0.00972246           0
EndNode1[0]<--->Repeater1[0]
REAL
   0.435162  0.00737533  0.00680678    0.132013
 0.00737533   0.0685786 -0.00583189   0.0141109
 0.00680678 -0.00583189    0.084788 -0.00670056
   0.132013   0.0141109 -0.00670056    0.411471
IMAGINARY
          0  0.00623014  -0.0141274  -0.0263029
-0.00623014           0  0.00983381 -0.00466962
  0.0141274 -0.00983381           0  0.00880746
  0.0263029  0.00466962 -0.00880746           0
EndNode2[0]<--->BSA[0]
REAL
   0.409511  0.00923711  0.00391773    0.139624
 0.00923711   0.0819022 -0.00246702  -0.0213741
 0.00391773 -0.00246702   0.0924703   0.0194412
   0.139624  -0.0213741   0.0194412    0.416116
IMAGINARY
          0 -0.00743343  0.00742255  0.00757591
 0.00743343           0 -0.00361812  0.00866324
-0.00742255  0.00361812           0   0.0275407
-0.00757591 -0.00866324  -0.0275407           0
Repeater1[0]<--->EndNode1[0]
REAL
   0.435162  0.00680678  0.00737533    0.132013
 0.00680678    0.084788 -0.00583189 -0.00670056
 0.00737533 -0.00583189   0.0685786   0.0141109
   0.132013 -0.00670056   0.0141109    0.411471
IMAGINARY
          0  -0.0141274  0.00623014  -0.0263029
  0.0141274           0 -0.00983381  0.00880746
-0.00623014  0.00983381           0 -0.00466962
  0.0263029 -0.00880746  0.00466962           0
Repeater1[0]<--->BSA[0]
REAL
   0.409511  0.00391773  0.00923711    0.139624
 0.00391773   0.0924703 -0.00246702   0.0194412
 0.00923711 -0.00246702   0.0819022  -0.0213741
   0.139624   0.0194412  -0.0213741    0.416116
IMAGINARY
          0  0.00742255 -0.00743343  0.00757591
-0.00742255           0  0.00361812   0.0275407
 0.00743343 -0.00361812           0  0.00866324
-0.00757591  -0.0275407 -0.00866324           0
EndNode1[0]<--->Repeater1[0]
REAL
     0.41791 -3.38239e-05   0.00953111     0.117536
-3.38239e-05     0.082768    0.0143819    0.0039824
  0.00953111    0.0143819     0.082768   0.00325133
    0.117536    0.0039824   0.00325133     0.416554
IMAGINARY
           0  4.73977e-05   0.00719592    0.0138216
-4.73977e-05            0  -0.00328871     0.013172
 -0.00719592   0.00328871            0  -0.00990285
  -0.0138216    -0.013172   0.00990285            0
EndNode2[0]<--->BSA[0]
REAL
    0.412162  -0.00655156   0.00687967     0.118639
 -0.00655156    0.0905405  0.000408882  -0.00211776
  0.00687967  0.000408882     0.104054 -0.000591296
    0.118639  -0.00211776 -0.000591296     0.393243
IMAGINARY
          0  -0.0257977   -0.026166   0.0233562
  0.0257977           0   0.0162411   0.0122955
   0.026166  -0.0162411           0 -0.00656691
 -0.0233562  -0.0122955  0.00656691           0
Repeater1[0]<--->EndNode1[0]
REAL
     0.41791   0.00953111 -3.38239e-05     0.117536
  0.00953111     0.082768    0.0143819   0.00325133
-3.38239e-05    0.0143819     0.082768    0.0039824
    0.117536   0.00325133    0.0039824     0.416554
IMAGINARY
           0   0.00719592  4.73977e-05    0.0138216
 -0.00719592            0   0.00328871  -0.00990285
-4.73977e-05  -0.00328871            0     0.013172
  -0.0138216   0.00990285    -0.013172            0
Repeater1[0]<--->BSA[0]
REAL
    0.412162   0.00687967  -0.00655156     0.118639
  0.00687967     0.104054  0.000408882 -0.000591296
 -0.00655156  0.000408882    0.0905405  -0.00211776
    0.118639 -0.000591296  -0.00211776     0.393243
IMAGINARY
          0   -0.026166  -0.0257977   0.0233562
   0.026166           0  -0.0162411 -0.00656691
  0.0257977   0.0162411           0   0.0122955
 -0.0233562  0.00656691  -0.0122955           0
EndNode1[0]<--->Repeater1[0]
REAL
    0.413265 -4.71081e-05  -0.00744218      0.12129
-4.71081e-05    0.0727041    0.0248435   -0.0233573
 -0.00744218    0.0248435    0.0739796  -0.00454005
     0.12129   -0.0233573  -0.00454005     0.440051
IMAGINARY
          0   0.0131277  -0.0208954 -0.00404288
 -0.0131277           0 -0.00791885  0.00820509
  0.0208954  0.00791885           0  -0.0182039
 0.00404288 -0.00820509   0.0182039           0
EndNode2[0]<--->BSA[0]
REAL
  0.412153 0.00940655 0.00875089   0.129633
0.00940655  0.0792602 0.00555448 0.00612622
0.00875089 0.00555448  0.0911493  0.0235818
  0.129633 0.00612622  0.0235818   0.417437
IMAGINARY
           0   0.00556167   0.00389122  0.000482929
 -0.00556167            0   -0.0249862  -0.00143422
 -0.00389122    0.0249862            0   0.00426634
-0.000482929   0.00143422  -0.00426634            0
Repeater1[0]<--->EndNode1[0]
REAL
    0.413265  -0.00744218 -4.71081e-05      0.12129
 -0.00744218    0.0739796    0.0248435  -0.00454005
-4.71081e-05    0.0248435    0.0727041   -0.0233573
     0.12129  -0.00454005   -0.0233573     0.440051
IMAGINARY
          0  -0.0208954   0.0131277 -0.00404288
  0.0208954           0  0.00791885  -0.0182039
 -0.0131277 -0.00791885           0  0.00820509
 0.00404288   0.0182039 -0.00820509           0
Repeater1[0]<--->BSA[0]
REAL
  0.412153 0.00875089 0.00940655   0.129633
0.00875089  0.0911493 0.00555448  0.0235818
0.00940655 0.00555448  0.0792602 0.00612622
  0.129633  0.0235818 0.00612622   0.417437
IMAGINARY
           0   0.00389122   0.00556167  0.000482929
 -0.00389122            0    0.0249862   0.00426634
 -0.00556167   -0.0249862            0  -0.00143422
-0.000482929  -0.00426634   0.00143422            0
EndNode1[0]<--->Repeater1[0]
REAL
    0.421855    0.0109549 -0.000243636      0.12062
   0.0109549    0.0800508   0.00780267   0.00480687
-0.000243636   0.00780267    0.0927573  -0.00508788
     0.12062   0.00480687  -0.00508788     0.405337
IMAGINARY
          0  0.00920085  -0.0140348   0.0140665
-0.00920085           0   0.0191816  -0.0146701
  0.0140348  -0.0191816           0   0.0141636
 -0.0140665   0.0146701  -0.0141636           0
EndNode2[0]<--->BSA[0]
REAL
   0.446837   0.0146984  0.00533276    0.110055
  0.0146984    0.076716 -0.00785175 -0.00839273
 0.00533276 -0.00785175   0.0807537   0.0103934
   0.110055 -0.00839273   0.0103934    0.395693
IMAGINARY
          0  -0.0168949 -0.00260973  -0.0201387
  0.0168949           0  0.00360973  -0.0106311
 0.00260973 -0.00360973           0   0.0137423
  0.0201387   0.0106311  -0.0137423           0
Repeater1[0]<--->EndNode1[0]
REAL
    0.421855 -0.000243636    0.0109549      0.12062
-0.000243636    0.0927573   0.00780267  -0.00508788
   0.0109549   0.00780267    0.0800508   0.00480687
     0.12062  -0.00508788   0.00480687     0.405337
IMAGINARY
          0  -0.0140348  0.00920085   0.0140665
  0.0140348           0  -0.0191816   0.0141636
-0.00920085   0.0191816           0  -0.0146701
 -0.0140665  -0.0141636   0.0146701           0
Repeater1[0]<--->BSA[0]
REAL
   0.446837  0.00533276   0.0146984    0.110055
 0.00533276   0.0807537 -0.00785175   0.0103934
  0.0146984 -0.00785175    0.076716 -0.00839273
   0.110055   0.0103934 -0.00839273    0.395693
IMAGINARY
          0 -0.00260973  -0.0168949  -0.0201387
 0.00260973           0 -0.00360973   0.0137423
  0.0168949  0.00360973           0  -0.0106311
  0.0201387  -0.0137423   0.0106311           0
EndNode1[0]<--->Repeater1[0]
REAL
   0.415144  -0.0133234 -0.00993334    0.120286
 -0.0133234    0.075718 -0.00106046  0.00431536
-0.00993334 -0.00106046   0.0966057 -0.00103364
   0.120286  0.00431536 -0.00103364    0.412533
IMAGINARY
          0  -0.0132854  -0.0242891   0.0155059
  0.0132854           0 -0.00147526  0.00459407
  0.0242891  0.00147526           0  -0.0153042
 -0.0155059 -0.00459407   0.0153042           0
EndNode2[0]<--->BSA[0]
REAL
   0.430675   0.0282636  0.00664756    0.144115
  0.0282636   0.0822086 -0.00489955    0.027993
 0.00664756 -0.00489955   0.0944785 -0.00146617
   0.144115    0.027993 -0.00146617    0.392638
IMAGINARY
           0   -0.0071025  0.000759242 -0.000365109
   0.0071025            0   0.00664126    0.0201767
-0.000759242  -0.00664126            0    0.0169547
 0.000365109   -0.0201767   -0.0169547            0
Repeater1[0]<--->EndNode1[0]
REAL
   0.415144 -0.00993334  -0.0133234    0.120286
-0.00993334   0.0966057 -0.00106046 -0.00103364
 -0.0133234 -0.00106046    0.075718  0.00431536
   0.120286 -0.00103364  0.00431536    0.412533
IMAGINARY
          0  -0.0242891  -0.0132854   0.0155059
  0.0242891           0  0.00147526  -0.0153042
  0.0132854 -0.00147526           0  0.00459407
 -0.0155059   0.0153042 -0.00459407           0
Repeater1[0]<--->BSA[0]
REAL
   0.430675  0.00664756   0.0282636    0.144115
 0.00664756   0.0944785 -0.00489955 -0.00146617
  0.0282636 -0.00489955   0.0822086    0.027993
   0.144115 -0.00146617    0.027993    0.392638
IMAGINARY
           0  0.000759242   -0.0071025 -0.000365109
-0.000759242            0  -0.00664126    0.0169547
   0.0071025   0.00664126            0    0.0201767
 0.000365109   -0.0169547   -0.0201767            0
EndNode1[0]<--->Repeater1[0]
REAL
   0.412067   0.0119273   -0.018861    0.139331
  0.0119273    0.071887   0.0239468 -0.00464595
  -0.018861   0.0239468   0.0770218  -0.0163746
   0.139331 -0.00464595  -0.0163746    0.439024
IMAGINARY
          0 -0.00665124  -0.0172245 -0.00786341
 0.00665124           0 -0.00661028  0.00440399
  0.0172245  0.00661028           0  0.00462695
 0.00786341 -0.00440399 -0.00462695           0
EndNode2[0]<--->BSA[0]
REAL
   0.426376  0.00474467  -0.0198315     0.12091
 0.00474467   0.0819462  0.00777125 -0.00641688
 -0.0198315  0.00777125    0.107554 -0.00794569
    0.12091 -0.00641688 -0.00794569    0.384123
IMAGINARY
          0 -0.00573691  0.00224842    0.010697
 0.00573691           0  0.00475246   0.0135667
-0.00224842 -0.00475246           0  0.00695345
  -0.010697  -0.0135667 -0.00695345           0
Repeater1[0]<--->EndNode1[0]
REAL
   0.412067   -0.018861   0.0119273    0.139331
  -0.018861   0.0770218   0.0239468  -0.0163746
  0.0119273   0.0239468    0.071887 -0.00464595
   0.139331  -0.0163746 -0.00464595    0.439024
IMAGINARY
          0  -0.0172245 -0.00665124 -0.00786341
  0.0172245           0  0.00661028  0.00462695
 0.00665124 -0.00661028           0  0.00440399
 0.00786341 -0.00462695 -0.00440399           0
Repeater1[0]<--->BSA[0]
REAL
   0.426376  -0.0198315  0.00474467     0.12091
 -0.0198315    0.107554  0.00777125 -0.00794569
 0.00474467  0.00777125   0.0819462 -0.00641688
    0.12091 -0.00794569 -0.00641688    0.384123
IMAGINARY
          0  0.00224842 -0.00573691    0.010697
-0.00224842           0 -0.00475246  0.00695345
 0.00573691  0.00475246           0   0.0135667
  -0.010697 -0.00695345  -0.0135667           0
EndNode1[0]<--->Repeater1[0]
REAL
   0.401709  -0.0209708  -0.0368913    0.134393
 -0.0209708   0.0891331  -0.0147296  0.00907758
 -0.0368913  -0.0147296   0.0879121 -0.00166823
   0.134393  0.00907758 -0.00166823    0.421245
IMAGINARY
          0  0.00976735  0.00086541  -0.0129333
-0.00976735           0   0.0167893   0.0116659
-0.00086541  -0.0167893           0   0.0303329
  0.0129333  -0.0116659  -0.0303329           0
EndNode2[0]<--->BSA[0]
REAL
   0.423402  -0.0117649  0.00526471    0.126476
 -0.0117649   0.0723764 -0.00495678 -0.00146724
 0.00526471 -0.00495678   0.0772014 -0.00848831
   0.126476 -0.00146724 -0.00848831    0.427021
IMAGINARY
          0   0.0127132 -0.00925712  0.00633114
 -0.0127132           0 -0.00248498  -0.0234272
 0.00925712  0.00248498           0   0.0185802
-0.00633114   0.0234272  -0.0185802           0
Repeater1[0]<--->EndNode1[0]
REAL
   0.401709  -0.0368913  -0.0209708    0.134393
 -0.0368913   0.0879121  -0.0147296 -0.00166823
 -0.0209708  -0.0147296   0.0891331  0.00907758
   0.134393 -0.00166823  0.00907758    0.421245
IMAGINARY
          0  0.00086541  0.00976735  -0.0129333
-0.00086541           0  -0.0167893   0.0303329
-0.00976735   0.0167893           0   0.0116659
  0.0129333  -0.0303329  -0.0116659           0
Repeater1[0]<--->BSA[0]
REAL
   0.423402  0.00526471  -0.0117649    0.126476
 0.00526471   0.0772014 -0.00495678 -0.00848831
 -0.0117649 -0.00495678   0.0723764 -0.00146724
   0.126476 -0.00848831 -0.00146724    0.427021
IMAGINARY
          0 -0.00925712   0.0127132  0.00633114
 0.00925712           0  0.00248498   0.0185802
 -0.0127132 -0.00248498           0  -0.0234272
-0.00633114  -0.0185802   0.0234272           0
EndNode1[0]<--->Repeater1[0]
REAL
   0.384409   0.0112898  0.00342994     0.12271
  0.0112898   0.0846774   0.0029379 -0.00731595
 0.00342994   0.0029379    0.102151  0.00943562
    0.12271 -0.00731595  0.00943562    0.428763
IMAGINARY
          0   0.0206411 -0.00758481 -0.00732513
 -0.0206411           0   0.0053331   0.0170905
 0.00758481  -0.0053331           0   0.0104109
 0.00732513  -0.0170905  -0.0104109           0
EndNode2[0]<--->BSA[0]
REAL
   0.421717  0.00658567 0.000842535    0.135927
 0.00658567   0.0909091   0.0107648  0.00602388
0.000842535   0.0107648   0.0782828 -0.00346458
   0.135927  0.00602388 -0.00346458    0.409091
IMAGINARY
           0   0.00710576   -0.0117184  0.000491782
 -0.00710576            0    0.0202874    0.0110698
   0.0117184   -0.0202874            0    0.0285622
-0.000491782   -0.0110698   -0.0285622            0
Repeater1[0]<--->EndNode1[0]
REAL
   0.384409  0.00342994   0.0112898     0.12271
 0.00342994    0.102151   0.0029379  0.00943562
  0.0112898   0.0029379   0.0846774 -0.00731595
    0.12271  0.00943562 -0.00731595    0.428763
IMAGINARY
          0 -0.00758481   0.0206411 -0.00732513
 0.00758481           0  -0.0053331   0.0104109
 -0.0206411   0.0053331           0   0.0170905
 0.00732513  -0.0104109  -0.0170905           0
Repeater1[0]<--->BSA[0]
REAL
   0.421717 0.000842535  0.00658567    0.135927
0.000842535   0.0782828   0.0107648 -0.00346458
 0.00658567   0.0107648   0.0909091  0.00602388
   0.135927 -0.00346458  0.00602388    0.409091
IMAGINARY
           0   -0.0117184   0.00710576  0.000491782
   0.0117184            0   -0.0202874    0.0285622
 -0.00710576    0.0202874            0    0.0110698
-0.000491782   -0.0285622   -0.0110698            0
EndNode1[0]<--->Repeater1[0]
REAL
  0.431646 0.00868145   0.018064   0.104912
0.00868145  0.0848101  0.0117993 0.00713499
  0.018064  0.0117993  0.0873418  0.0178438
  0.104912 0.00713499  0.0178438   0.396203
IMAGINARY
          0 -0.00697656 -0.00609303   0.0146878
 0.00697656           0 -0.00124354  -0.0168662
 0.00609303  0.00124354           0  0.00315003
 -0.0146878   0.0168662 -0.00315003           0
EndNode2[0]<--->BSA[0]
REAL
    0.42471  0.00586219  0.00231431    0.124014
 0.00586219   0.0746461 -0.00323507   0.0236597
 0.00231431 -0.00323507   0.0617761  0.00712482
   0.124014   0.0236597  0.00712482    0.438867
IMAGINARY
           0   -0.0105988  -0.00710279   -0.0223448
   0.0105988            0  -0.00745649 -0.000609288
  0.00710279   0.00745649            0  -0.00225472
   0.0223448  0.000609288   0.00225472            0
Repeater1[0]<--->EndNode1[0]
REAL
  0.431646   0.018064 0.00868145   0.104912
  0.018064  0.0873418  0.0117993  0.0178438
0.00868145  0.0117993  0.0848101 0.00713499
  0.104912  0.0178438 0.00713499   0.396203
IMAGINARY
          0 -0.00609303 -0.00697656   0.0146878
 0.00609303           0  0.00124354  0.00315003
 0.00697656 -0.00124354           0  -0.0168662
 -0.0146878 -0.00315003   0.0168662           0
Repeater1[0]<--->BSA[0]
REAL
    0.42471  0.00231431  0.00586219    0.124014
 0.00231431   0.0617761 -0.00323507  0.00712482
 0.00586219 -0.00323507   0.0746461   0.0236597
   0.124014  0.00712482   0.0236597    0.438867
IMAGINARY
           0  -0.00710279   -0.0105988   -0.0223448
  0.00710279            0   0.00745649  -0.00225472
   0.0105988  -0.00745649            0 -0.000609288
   0.0223448   0.00225472  0.000609288            0
EndNode1[0]<--->Repeater1[0]
REAL
   0.465116   0.0215657   0.0117076    0.113753
  0.0215657   0.0736434  -0.0240419  0.00648565
  0.0117076  -0.0240419   0.0930233 -0.00964603
   0.113753  0.00648565 -0.00964603    0.368217
IMAGINARY
          0  0.00909286 -0.00791047 -0.00639792
-0.00909286           0 -0.00112088  0.00134879
 0.00791047  0.00112088           0 -0.00515585
 0.00639792 -0.00134879  0.00515585           0
EndNode2[0]<--->BSA[0]
REAL
  0.427451 0.00480948 0.00890621   0.116875
0.00480948  0.0784314  0.0173956  0.0128329
0.00890621  0.0173956  0.0771242 0.00414192
  0.116875  0.0128329 0.00414192   0.416993
IMAGINARY
          0   0.0086676 -0.00766457  0.00829337
 -0.0086676           0   0.0170873 -0.00208836
 0.00766457  -0.0170873           0 -0.00671702
-0.00829337  0.00208836  0.00671702           0
Repeater1[0]<--->EndNode1[0]
REAL
   0.465116   0.0117076   0.0215657    0.113753
  0.0117076   0.0930233  -0.0240419 -0.00964603
  0.0215657  -0.0240419   0.0736434  0.00648565
   0.113753 -0.00964603  0.00648565    0.368217
IMAGINARY
          0 -0.00791047  0.00909286 -0.00639792
 0.00791047           0  0.00112088 -0.00515585
-0.00909286 -0.00112088           0  0.00134879
 0.00639792  0.00515585 -0.00134879           0
Repeater1[0]<--->BSA[0]
REAL
  0.427451 0.00890621 0.00480948   0.116875
0.00890621  0.0771242  0.0173956 0.00414192
0.00480948  0.0173956  0.0784314  0.0128329
  0.116875 0.00414192  0.0128329   0.416993
IMAGINARY
          0 -0.00766457   0.0086676  0.00829337
 0.00766457           0  -0.0170873 -0.00671702
 -0.0086676   0.0170873           0 -0.00208836
-0.00829337  0.00671702  0.00208836           0
EndNode1[0]<--->Repeater1[0]
REAL
   0.438903  -0.0179941  0.00799599     0.15462
 -0.0179941   0.0860349  0.00461992 -0.00209822
 0.00799599  0.00461992   0.0860349 -0.00756293
    0.15462 -0.00209822 -0.00756293    0.389027
IMAGINARY
           0   -0.0154456    0.0030608   0.00519948
   0.0154456            0   -0.0020469 -0.000679848
  -0.0030608    0.0020469            0   0.00830277
 -0.00519948  0.000679848  -0.00830277            0
EndNode2[0]<--->BSA[0]
REAL
  0.394575 -0.0200262 -0.0106044   0.124591
-0.0200262   0.106042  0.0165015  0.0203574
-0.0106044  0.0165015  0.0875462   0.019376
  0.124591  0.0203574   0.019376   0.411837
IMAGINARY
          0   0.0135293   0.0011897  0.00130691
 -0.0135293           0 -0.00378215 -0.00886055
 -0.0011897  0.00378215           0 -0.00725312
-0.00130691  0.00886055  0.00725312           0
Repeater1[0]<--->EndNode1[0]
REAL
   0.438903  0.00799599  -0.0179941     0.15462
 0.00799599   0.0860349  0.00461992 -0.00756293
 -0.0179941  0.00461992   0.0860349 -0.00209822
    0.15462 -0.00756293 -0.00209822    0.389027
IMAGINARY
           0    0.0030608   -0.0154456   0.00519948
  -0.0030608            0    0.0020469   0.00830277
   0.0154456   -0.0020469            0 -0.000679848
 -0.00519948  -0.00830277  0.000679848            0
Repeater1[0]<--->BSA[0]
REAL
  0.394575 -0.0106044 -0.0200262   0.124591
-0.0106044  0.0875462  0.0165015   0.019376
-0.0200262  0.0165015   0.106042  0.0203574
  0.124591   0.019376  0.0203574   0.411837
IMAGINARY
          0   0.0011897   0.0135293  0.00130691
 -0.0011897           0  0.00378215 -0.00725312
 -0.0135293 -0.00378215           0 -0.00886055
-0.00130691  0.00725312  0.00886055           0
EndNode1[0]<--->Repeater1[0]
REAL
   0.401565 -0.00634676   0.0160559    0.112207
-0.00634676   0.0847458 -0.00426658  0.00131386
  0.0160559 -0.00426658   0.0886571 -0.00109741
   0.112207  0.00131386 -0.00109741    0.425033
IMAGINARY
          0 -0.00375318  -0.0202463 -0.00758803
 0.00375318           0   0.0170458   0.0170288
  0.0202463  -0.0170458           0  0.00954469
 0.00758803  -0.0170288 -0.00954469           0
EndNode2[0]<--->BSA[0]
REAL
  0.424077 -0.0085335  0.0215492   0.130013
-0.0085335  0.0738714  0.0133879 -0.0101278
 0.0215492  0.0133879  0.0902873  0.0085335
  0.130013 -0.0101278  0.0085335   0.411765
IMAGINARY
           0   0.00130487  0.000476042   0.00176451
 -0.00130487            0    -0.025694   0.00448674
-0.000476042     0.025694            0   -0.0199153
 -0.00176451  -0.00448674    0.0199153            0
Repeater1[0]<--->EndNode1[0]
REAL
   0.401565   0.0160559 -0.00634676    0.112207
  0.0160559   0.0886571 -0.00426658 -0.00109741
-0.00634676 -0.00426658   0.0847458  0.00131386
   0.112207 -0.00109741  0.00131386    0.425033
IMAGINARY
          0  -0.0202463 -0.00375318 -0.00758803
  0.0202463           0  -0.0170458  0.00954469
 0.00375318   0.0170458           0   0.0170288
 0.00758803 -0.00954469  -0.0170288           0
Repeater1[0]<--->BSA[0]
REAL
  0.424077  0.0215492 -0.0085335   0.130013
 0.0215492  0.0902873  0.0133879  0.0085335
-0.0085335  0.0133879  0.0738714 -0.0101278
  0.130013  0.0085335 -0.0101278   0.411765
IMAGINARY
           0  0.000476042   0.00130487   0.00176451
-0.000476042            0     0.025694   -0.0199153
 -0.00130487    -0.025694            0   0.00448674
 -0.00176451    0.0199153  -0.00448674            0
EndNode1[0]<--->Repeater1[0]
REAL
   0.444717    0.010373   0.0091692    0.113418
   0.010373   0.0835381   0.0144268 -0.00180641
  0.0091692   0.0144268   0.0761671  0.00769925
   0.113418 -0.00180641  0.00769925    0.395577
IMAGINARY
           0   -0.0025112    0.0132242  -0.00466259
   0.0025112            0   -0.0100245  1.66552e-05
  -0.0132242    0.0100245            0   -0.0157738
  0.00466259 -1.66552e-05    0.0157738            0
EndNode2[0]<--->BSA[0]
REAL
   0.421702  -0.0171184  -0.0124408    0.122083
 -0.0171184   0.0949445  0.00503515 -0.00776785
 -0.0124408  0.00503515   0.0887793  0.00473249
   0.122083 -0.00776785  0.00473249    0.394575
IMAGINARY
           0   0.00129576  -0.00173876   0.00871679
 -0.00129576            0   -0.0301645   0.00937235
  0.00173876    0.0301645            0 -2.34983e-05
 -0.00871679  -0.00937235  2.34983e-05            0
Repeater1[0]<--->EndNode1[0]
REAL
   0.444717   0.0091692    0.010373    0.113418
  0.0091692   0.0761671   0.0144268  0.00769925
   0.010373   0.0144268   0.0835381 -0.00180641
   0.113418  0.00769925 -0.00180641    0.395577
IMAGINARY
           0    0.0132242   -0.0025112  -0.00466259
  -0.0132242            0    0.0100245   -0.0157738
   0.0025112   -0.0100245            0  1.66552e-05
  0.00466259    0.0157738 -1.66552e-05            0
Repeater1[0]<--->BSA[0]
REAL
   0.421702  -0.0124408  -0.0171184    0.122083
 -0.0124408   0.0887793  0.00503515  0.00473249
 -0.0171184  0.00503515   0.0949445 -0.00776785
   0.122083  0.00473249 -0.00776785    0.394575
IMAGINARY
           0  -0.00173876   0.00129576   0.00871679
  0.00173876            0    0.0301645 -2.34983e-05
 -0.00129576   -0.0301645            0   0.00937235
 -0.00871679  2.34983e-05  -0.00937235            0
EndNode1[0]<--->Repeater1[0]
REAL
    0.40129  0.00811395   0.0115062    0.128125
 0.00811395   0.0683871    0.010147 0.000839506
  0.0115062    0.010147    0.107097  -0.0192251
   0.128125 0.000839506  -0.0192251    0.423226
IMAGINARY
           0  0.000962652   0.00699893    0.0195017
-0.000962652            0   -0.0188631  -0.00138096
 -0.00699893    0.0188631            0  -0.00907751
  -0.0195017   0.00138096   0.00907751            0
EndNode2[0]<--->BSA[0]
REAL
   0.422311 -0.00969799 -0.00693422    0.120784
-0.00969799   0.0823373 -0.00706086   0.0037576
-0.00693422 -0.00706086   0.0903054 -0.00618511
   0.120784   0.0037576 -0.00618511    0.405046
IMAGINARY
           0  -0.00410269  0.000289991    -0.031174
  0.00410269            0  -0.00718405  -0.00363671
-0.000289991   0.00718405            0   -0.0112922
    0.031174   0.00363671    0.0112922            0
Repeater1[0]<--->EndNode1[0]
REAL
    0.40129   0.0115062  0.00811395    0.128125
  0.0115062    0.107097    0.010147  -0.0192251
 0.00811395    0.010147   0.0683871 0.000839506
   0.128125  -0.0192251 0.000839506    0.423226
IMAGINARY
           0   0.00699893  0.000962652    0.0195017
 -0.00699893            0    0.0188631  -0.00907751
-0.000962652   -0.0188631            0  -0.00138096
  -0.0195017   0.00907751   0.00138096            0
Repeater1[0]<--->BSA[0]
REAL
   0.422311 -0.00693422 -0.00969799    0.120784
-0.00693422   0.0903054 -0.00706086 -0.00618511
-0.00969799 -0.00706086   0.0823373   0.0037576
   0.120784 -0.00618511   0.0037576    0.405046
IMAGINARY
           0  0.000289991  -0.00410269    -0.031174
-0.000289991            0   0.00718405   -0.0112922
  0.00410269  -0.00718405            0  -0.00363671
    0.031174    0.0112922   0.00363671            0
EndNode1[0]<--->Repeater1[0]
REAL
  0.429688  0.0104623 0.00543685   0.129723
 0.0104623  0.0820312  0.0215594  0.0214862
0.00543685  0.0215594  0.0859375  0.0267172
  0.129723  0.0214862  0.0267172   0.402344
IMAGINARY
           0   -0.0059949  0.000927399   0.00729281
   0.0059949            0   -0.0097742    0.0174399
-0.000927399    0.0097742            0   -0.0123724
 -0.00729281   -0.0174399    0.0123724            0
EndNode2[0]<--->BSA[0]
REAL
  0.431579 0.00513035  0.0226854    0.13526
0.00513035  0.0828947  0.0064722 0.00487368
 0.0226854  0.0064722  0.0776316 -0.0130044
   0.13526 0.00487368 -0.0130044   0.407895
IMAGINARY
          0  -0.0102236   0.0170654 -0.00191263
  0.0102236           0  -0.0205741   0.0321771
 -0.0170654   0.0205741           0  0.00896101
 0.00191263  -0.0321771 -0.00896101           0
Repeater1[0]<--->EndNode1[0]
REAL
  0.429688 0.00543685  0.0104623   0.129723
0.00543685  0.0859375  0.0215594  0.0267172
 0.0104623  0.0215594  0.0820312  0.0214862
  0.129723  0.0267172  0.0214862   0.402344
IMAGINARY
           0  0.000927399   -0.0059949   0.00729281
-0.000927399            0    0.0097742   -0.0123724
   0.0059949   -0.0097742            0    0.0174399
 -0.00729281    0.0123724   -0.0174399            0
Repeater1[0]<--->BSA[0]
REAL
  0.431579  0.0226854 0.00513035    0.13526
 0.0226854  0.0776316  0.0064722 -0.0130044
0.00513035  0.0064722  0.0828947 0.00487368
   0.13526 -0.0130044 0.00487368   0.407895
IMAGINARY
          0   0.0170654  -0.0102236 -0.00191263
 -0.0170654           0   0.0205741  0.00896101
  0.0102236  -0.0205741           0   0.0321771
 0.00191263 -0.00896101  -0.0321771           0
EndNode1[0]<--->Repeater1[0]
REAL
   0.41779  0.0163741 0.00203447   0.125383
 0.0163741  0.0876011   0.012067  0.0145658
0.00203447   0.012067  0.0862534 0.00421022
  0.125383  0.0145658 0.00421022   0.408356
IMAGINARY
          0  0.00638279  0.00460981   0.0142372
-0.00638279           0 -0.00685463 -0.00653043
-0.00460981  0.00685463           0   0.0057811
 -0.0142372  0.00653043  -0.0057811           0
EndNode2[0]<--->BSA[0]
REAL
        0.4  0.00283098 -0.00418847    0.124541
 0.00283098   0.0757764 -0.00696968 -0.00743944
-0.00418847 -0.00696968    0.084472  -0.0118749
   0.124541 -0.00743944  -0.0118749    0.439752
IMAGINARY
          0   0.0151826   0.0104814   0.0183952
 -0.0151826           0  0.00694477  -0.0143877
 -0.0104814 -0.00694477           0 -0.00476593
 -0.0183952   0.0143877  0.00476593           0
Repeater1[0]<--->EndNode1[0]
REAL
   0.41779 0.00203447  0.0163741   0.125383
0.00203447  0.0862534   0.012067 0.00421022
 0.0163741   0.012067  0.0876011  0.0145658
  0.125383 0.00421022  0.0145658   0.408356
IMAGINARY
          0  0.00460981  0.00638279   0.0142372
-0.00460981           0  0.00685463   0.0057811
-0.00638279 -0.00685463           0 -0.00653043
 -0.0142372  -0.0057811  0.00653043           0
Repeater1[0]<--->BSA[0]
REAL
        0.4 -0.00418847  0.00283098    0.124541
-0.00418847    0.084472 -0.00696968  -0.0118749
 0.00283098 -0.00696968   0.0757764 -0.00743944
   0.124541  -0.0118749 -0.00743944    0.439752
IMAGINARY
          0   0.0104814   0.0151826   0.0183952
 -0.0104814           0 -0.00694477 -0.00476593
 -0.0151826  0.00694477           0  -0.0143877
 -0.0183952  0.00476593   0.0143877           0
EndNode1[0]<--->Repeater1[0]
REAL
   0.395466   -0.012539 -0.00494591    0.124583
  -0.012539   0.0755668    0.020884  0.00156296
-0.00494591    0.020884    0.093199 -0.00166941
   0.124583  0.00156296 -0.00166941    0.435768
IMAGINARY
          0   0.0103818 -0.00721767  -0.0097024
 -0.0103818           0   0.0237964 -0.00268986
 0.00721767  -0.0237964           0  -0.0163263
  0.0097024  0.00268986   0.0163263           0
EndNode2[0]<--->BSA[0]
REAL
   0.447436  -0.0129828  0.00300483    0.117785
 -0.0129828   0.0730769 -0.00488172   0.0292532
 0.00300483 -0.00488172   0.0782051   0.0229083
   0.117785   0.0292532   0.0229083    0.401282
IMAGINARY
           0   -0.0030294    0.0197889    0.0201356
   0.0030294            0   -0.0032525   -0.0104556
  -0.0197889    0.0032525            0  0.000362732
  -0.0201356    0.0104556 -0.000362732            0
Repeater1[0]<--->EndNode1[0]
REAL
   0.395466 -0.00494591   -0.012539    0.124583
-0.00494591    0.093199    0.020884 -0.00166941
  -0.012539    0.020884   0.0755668  0.00156296
   0.124583 -0.00166941  0.00156296    0.435768
IMAGINARY
          0 -0.00721767   0.0103818  -0.0097024
 0.00721767           0  -0.0237964  -0.0163263
 -0.0103818   0.0237964           0 -0.00268986
  0.0097024   0.0163263  0.00268986           0
Repeater1[0]<--->BSA[0]
REAL
   0.447436  0.00300483  -0.0129828    0.117785
 0.00300483   0.0782051 -0.00488172   0.0229083
 -0.0129828 -0.00488172   0.0730769   0.0292532
   0.117785   0.0229083   0.0292532    0.401282
IMAGINARY
           0    0.0197889   -0.0030294    0.0201356
  -0.0197889            0    0.0032525  0.000362732
   0.0030294   -0.0032525            0   -0.0104556
  -0.0201356 -0.000362732    0.0104556            0
EndNode1[0]<--->Repeater1[0]
REAL
   0.412129 -0.00469748 -0.00860986    0.107909
-0.00469748   0.0940594 -0.00355579  0.00540883
-0.00860986 -0.00355579   0.0730198  -0.0381962
   0.107909  0.00540883  -0.0381962    0.420792
IMAGINARY
          0   0.0121565  -0.0204379 -0.00677784
 -0.0121565           0    0.020923  -0.0094984
  0.0204379   -0.020923           0  0.00886265
 0.00677784   0.0094984 -0.00886265           0
EndNode2[0]<--->BSA[0]
REAL
   0.421607   0.0156511   0.0105042     0.10597
  0.0156511   0.0843215  -0.0215548  0.00248281
  0.0105042  -0.0215548   0.0909091 -0.00526147
    0.10597  0.00248281 -0.00526147    0.403162
IMAGINARY
          0  0.00361725 -0.00853347  0.00813207
-0.00361725           0  0.00157039  -0.0255574
 0.00853347 -0.00157039           0 -0.00866776
-0.00813207   0.0255574  0.00866776           0
Repeater1[0]<--->EndNode1[0]
REAL
   0.412129 -0.00860986 -0.00469748    0.107909
-0.00860986   0.0730198 -0.00355579  -0.0381962
-0.00469748 -0.00355579   0.0940594  0.00540883
   0.107909  -0.0381962  0.00540883    0.420792
IMAGINARY
          0  -0.0204379   0.0121565 -0.00677784
  0.0204379           0   -0.020923  0.00886265
 -0.0121565    0.020923           0  -0.0094984
 0.00677784 -0.00886265   0.0094984           0
Repeater1[0]<--->BSA[0]
REAL
   0.421607   0.0105042   0.0156511     0.10597
  0.0105042   0.0909091  -0.0215548 -0.00526147
  0.0156511  -0.0215548   0.0843215  0.00248281
    0.10597 -0.00526147  0.00248281    0.403162
IMAGINARY
          0 -0.00853347  0.00361725  0.00813207
 0.00853347           0 -0.00157039 -0.00866776
-0.00361725  0.00157039           0  -0.0255574
-0.00813207  0.00866776   0.0255574           0
EndNode1[0]<--->Repeater1[0]
REAL
   0.416357 -0.00581095   0.0128046    0.108167
-0.00581095    0.070632   0.0180467   0.0102536
  0.0128046   0.0180467   0.0904585  -0.0221017
   0.108167   0.0102536  -0.0221017    0.422553
IMAGINARY
          0   0.0168678 -0.00528044  -0.0264196
 -0.0168678           0   0.0230728 -0.00873825
 0.00528044  -0.0230728           0  -0.0228758
  0.0264196  0.00873825   0.0228758           0
EndNode2[0]<--->BSA[0]
REAL
    0.453846   0.00192145 -0.000200862     0.132858
  0.00192145    0.0679487    0.0065282    0.0129886
-0.000200862    0.0065282     0.101282  0.000636099
    0.132858    0.0129886  0.000636099     0.376923
IMAGINARY
           0  -0.00927693   0.00861547   -0.0224422
  0.00927693            0 -0.000813658  -0.00196654
 -0.00861547  0.000813658            0  -0.00136137
   0.0224422   0.00196654   0.00136137            0
Repeater1[0]<--->EndNode1[0]
REAL
   0.416357   0.0128046 -0.00581095    0.108167
  0.0128046   0.0904585   0.0180467  -0.0221017
-0.00581095   0.0180467    0.070632   0.0102536
   0.108167  -0.0221017   0.0102536    0.422553
IMAGINARY
          0 -0.00528044   0.0168678  -0.0264196
 0.00528044           0  -0.0230728  -0.0228758
 -0.0168678   0.0230728           0 -0.00873825
  0.0264196   0.0228758  0.00873825           0
Repeater1[0]<--->BSA[0]
REAL
    0.453846 -0.000200862   0.00192145     0.132858
-0.000200862     0.101282    0.0065282  0.000636099
  0.00192145    0.0065282    0.0679487    0.0129886
    0.132858  0.000636099    0.0129886     0.376923
IMAGINARY
           0   0.00861547  -0.00927693   -0.0224422
 -0.00861547            0  0.000813658  -0.00136137
  0.00927693 -0.000813658            0  -0.00196654
   0.0224422   0.00136137   0.00196654            0
EndNode1[0]<--->Repeater1[0]
REAL
    0.438646    0.0344894   0.00506851      0.13298
   0.0344894    0.0832158 -0.000353669    0.0134991
  0.00506851 -0.000353669    0.0973202    0.0225397
     0.13298    0.0134991    0.0225397     0.380818
IMAGINARY
          0  -0.0293891  0.00251889  0.00797807
  0.0293891           0  -0.0185371 -0.00251889
-0.00251889   0.0185371           0   0.0108706
-0.00797807  0.00251889  -0.0108706           0
EndNode2[0]<--->BSA[0]
REAL
   0.414975  0.00276762  0.00293014    0.121242
