EndNode1[0]<--->Repeater1[0]
REAL
   0.326898  0.00715018 -0.00650969    0.194095
 0.00715018    0.216216   0.0904208   0.0187677
-0.00650969   0.0904208    0.169884  0.00123691
   0.194095   0.0187677  0.00123691    0.287001
IMAGINARY
          0 -0.00199176     0.01087  -0.0159029
 0.00199176           0   0.0109647  0.00487801
   -0.01087  -0.0109647           0 -0.00325758
  0.0159029 -0.00487801  0.00325758           0
EndNode2[0]<--->BSA[0]
REAL
   0.343461 -0.00400072  -0.0105639    0.214687
-0.00400072    0.162483   0.0831076   0.0142403
 -0.0105639   0.0831076    0.187583 -0.00335222
   0.214687   0.0142403 -0.00335222    0.306473
IMAGINARY
          0  0.00774492  -0.0171464  0.00509169
-0.00774492           0 -0.00312576  -0.0249589
  0.0171464  0.00312576           0    0.023834
-0.00509169   0.0249589   -0.023834           0
Repeater1[0]<--->EndNode1[0]
REAL
   0.326898 -0.00650969  0.00715018    0.194095
-0.00650969    0.169884   0.0904208  0.00123691
 0.00715018   0.0904208    0.216216   0.0187677
   0.194095  0.00123691   0.0187677    0.287001
IMAGINARY
          0     0.01087 -0.00199176  -0.0159029
   -0.01087           0  -0.0109647 -0.00325758
 0.00199176   0.0109647           0  0.00487801
  0.0159029  0.00325758 -0.00487801           0
Repeater1[0]<--->BSA[0]
REAL
   0.343461  -0.0105639 -0.00400072    0.214687
 -0.0105639    0.187583   0.0831076 -0.00335222
-0.00400072   0.0831076    0.162483   0.0142403
   0.214687 -0.00335222   0.0142403    0.306473
IMAGINARY
          0  -0.0171464  0.00774492  0.00509169
  0.0171464           0  0.00312576    0.023834
-0.00774492 -0.00312576           0  -0.0249589
-0.00509169   -0.023834   0.0249589           0
EndNode1[0]<--->Repeater1[0]
REAL
   0.383825   0.0142332   0.0019685    0.189908
  0.0142332    0.179718   0.0659976   0.0019685
  0.0019685   0.0659976     0.14249 0.000202542
   0.189908   0.0019685 0.000202542    0.293967
IMAGINARY
           0 -0.000319981   0.00566528    0.0211404
 0.000319981            0   0.00266909    0.0186187
 -0.00566528  -0.00266909            0  0.000942646
  -0.0211404   -0.0186187 -0.000942646            0
EndNode2[0]<--->BSA[0]
REAL
 0.373684 0.0251938  0.012332  0.220594
0.0251938  0.156579 0.0726879 0.0341797
 0.012332 0.0726879  0.189474 0.0187339
 0.220594 0.0341797 0.0187339  0.280263
IMAGINARY
          0  -0.0212812  -0.0136825 -0.00427385
  0.0212812           0   0.0241712  -0.0439092
  0.0136825  -0.0241712           0  -0.0035879
 0.00427385   0.0439092   0.0035879           0
Repeater1[0]<--->EndNode1[0]
REAL
   0.383825   0.0019685   0.0142332    0.189908
  0.0019685     0.14249   0.0659976 0.000202542
  0.0142332   0.0659976    0.179718   0.0019685
   0.189908 0.000202542   0.0019685    0.293967
IMAGINARY
           0   0.00566528 -0.000319981    0.0211404
 -0.00566528            0  -0.00266909  0.000942646
 0.000319981   0.00266909            0    0.0186187
  -0.0211404 -0.000942646   -0.0186187            0
Repeater1[0]<--->BSA[0]
REAL
 0.373684  0.012332 0.0251938  0.220594
 0.012332  0.189474 0.0726879 0.0187339
0.0251938 0.0726879  0.156579 0.0341797
 0.220594 0.0187339 0.0341797  0.280263
IMAGINARY
          0  -0.0136825  -0.0212812 -0.00427385
  0.0136825           0  -0.0241712  -0.0035879
  0.0212812   0.0241712           0  -0.0439092
 0.00427385   0.0035879   0.0439092           0
EndNode1[0]<--->Repeater1[0]
REAL
   0.330239  0.00154094 2.52636e-05    0.205809
 0.00154094    0.172414     0.07848   0.0124436
2.52636e-05     0.07848    0.196286   0.0021997
   0.205809   0.0124436   0.0021997    0.301061
IMAGINARY
          0  -0.0102464   0.0159247   0.0107706
  0.0102464           0   0.0201573 -0.00536566
 -0.0159247  -0.0201573           0  0.00217188
 -0.0107706  0.00536566 -0.00217188           0
EndNode2[0]<--->BSA[0]
REAL
   0.335038  -0.0116817 -0.00354259    0.218637
 -0.0116817    0.173913   0.0903517  -0.0183051
-0.00354259   0.0903517    0.196931  0.00106997
   0.218637  -0.0183051  0.00106997    0.294118
IMAGINARY
          0   0.0194814   0.0103645  0.00189873
 -0.0194814           0  -0.0107595  0.00903473
 -0.0103645   0.0107595           0  0.00242101
-0.00189873 -0.00903473 -0.00242101           0
Repeater1[0]<--->EndNode1[0]
REAL
   0.330239 2.52636e-05  0.00154094    0.205809
2.52636e-05    0.196286     0.07848   0.0021997
 0.00154094     0.07848    0.172414   0.0124436
   0.205809   0.0021997   0.0124436    0.301061
IMAGINARY
          0   0.0159247  -0.0102464   0.0107706
 -0.0159247           0  -0.0201573  0.00217188
  0.0102464   0.0201573           0 -0.00536566
 -0.0107706 -0.00217188  0.00536566           0
Repeater1[0]<--->BSA[0]
REAL
   0.335038 -0.00354259  -0.0116817    0.218637
-0.00354259    0.196931   0.0903517  0.00106997
 -0.0116817   0.0903517    0.173913  -0.0183051
   0.218637  0.00106997  -0.0183051    0.294118
IMAGINARY
          0   0.0103645   0.0194814  0.00189873
 -0.0103645           0   0.0107595  0.00242101
 -0.0194814  -0.0107595           0  0.00903473
-0.00189873 -0.00242101 -0.00903473           0
EndNode1[0]<--->Repeater1[0]
REAL
  0.342593  0.0168013  0.0078329   0.195567
 0.0168013   0.195767  0.0694463  0.0143603
 0.0078329  0.0694463   0.164021 0.00539191
  0.195567  0.0143603 0.00539191   0.297619
IMAGINARY
           0  0.000344002  -0.00796289   0.00192486
-0.000344002            0  -0.00062616   -0.0208463
  0.00796289   0.00062616            0   -0.0125079
 -0.00192486    0.0208463    0.0125079            0
EndNode2[0]<--->BSA[0]
REAL
   0.350704 -0.00433234   0.0133061    0.224466
-0.00433234    0.187324    0.077258  -0.0120746
  0.0133061    0.077258    0.166197 -0.00305683
   0.224466  -0.0120746 -0.00305683    0.295775
IMAGINARY
          0   0.0174368  0.00662612 -0.00424497
 -0.0174368           0   0.0319869 -0.00154998
-0.00662612  -0.0319869           0 -0.00220835
 0.00424497  0.00154998  0.00220835           0
Repeater1[0]<--->EndNode1[0]
REAL
  0.342593  0.0078329  0.0168013   0.195567
 0.0078329   0.164021  0.0694463 0.00539191
 0.0168013  0.0694463   0.195767  0.0143603
  0.195567 0.00539191  0.0143603   0.297619
IMAGINARY
           0  -0.00796289  0.000344002   0.00192486
  0.00796289            0   0.00062616   -0.0125079
-0.000344002  -0.00062616            0   -0.0208463
 -0.00192486    0.0125079    0.0208463            0
Repeater1[0]<--->BSA[0]
REAL
   0.350704   0.0133061 -0.00433234    0.224466
  0.0133061    0.166197    0.077258 -0.00305683
-0.00433234    0.077258    0.187324  -0.0120746
   0.224466 -0.00305683  -0.0120746    0.295775
IMAGINARY
          0  0.00662612   0.0174368 -0.00424497
-0.00662612           0  -0.0319869 -0.00220835
 -0.0174368   0.0319869           0 -0.00154998
 0.00424497  0.00220835  0.00154998           0
