EndNode1[0]<--->Repeater1[0]
REAL
   0.361001  -0.0150865 -0.00524282    0.192775
 -0.0150865    0.191041   0.0718596 -0.00207425
-0.00524282   0.0718596    0.144928  -0.0105233
   0.192775 -0.00207425  -0.0105233     0.30303
IMAGINARY
           0    0.0233221  0.000615447  -0.00377886
  -0.0233221            0  -0.00856682  -0.00911218
-0.000615447   0.00856682            0   -0.0122109
  0.00377886   0.00911218    0.0122109            0
EndNode2[0]<--->BSA[0]
REAL
     0.35705   -0.0105426 -0.000957045     0.210188
  -0.0105426     0.194049     0.079145   -0.0177096
-0.000957045     0.079145     0.182406   -0.0027907
    0.210188   -0.0177096   -0.0027907     0.266494
IMAGINARY
          0  -0.0104821  0.00890585  0.00320677
  0.0104821           0  0.00448554   0.0139949
-0.00890585 -0.00448554           0 -0.00732956
-0.00320677  -0.0139949  0.00732956           0
Repeater1[0]<--->EndNode1[0]
REAL
   0.361001 -0.00524282  -0.0150865    0.192775
-0.00524282    0.144928   0.0718596  -0.0105233
 -0.0150865   0.0718596    0.191041 -0.00207425
   0.192775  -0.0105233 -0.00207425     0.30303
IMAGINARY
           0  0.000615447    0.0233221  -0.00377886
-0.000615447            0   0.00856682   -0.0122109
  -0.0233221  -0.00856682            0  -0.00911218
  0.00377886    0.0122109   0.00911218            0
Repeater1[0]<--->BSA[0]
REAL
     0.35705 -0.000957045   -0.0105426     0.210188
-0.000957045     0.182406     0.079145   -0.0027907
  -0.0105426     0.079145     0.194049   -0.0177096
    0.210188   -0.0027907   -0.0177096     0.266494
IMAGINARY
          0  0.00890585  -0.0104821  0.00320677
-0.00890585           0 -0.00448554 -0.00732956
  0.0104821  0.00448554           0   0.0139949
-0.00320677  0.00732956  -0.0139949           0
EndNode1[0]<--->Repeater1[0]
REAL
   0.365359 5.51841e-05 0.000702239    0.178339
5.51841e-05    0.205683   0.0965428   0.0111461
0.000702239   0.0965428    0.182679 -0.00953386
   0.178339   0.0111461 -0.00953386    0.246279
IMAGINARY
           0   0.00135043   -0.0121339   -0.0157035
 -0.00135043            0  -0.00565327  0.000448832
   0.0121339   0.00565327            0   -0.0216456
   0.0157035 -0.000448832    0.0216456            0
EndNode2[0]<--->BSA[0]
REAL
   0.375169  -0.0213296 -0.00674294    0.194558
 -0.0213296    0.190283   0.0748592  -0.0235969
-0.00674294   0.0748592      0.1417  -0.0162918
   0.194558  -0.0235969  -0.0162918    0.292848
IMAGINARY
          0  0.00102599  -0.0119708  0.00875394
-0.00102599           0  -0.0119714  0.00171084
  0.0119708   0.0119714           0  0.00102599
-0.00875394 -0.00171084 -0.00102599           0
Repeater1[0]<--->EndNode1[0]
REAL
   0.365359 0.000702239 5.51841e-05    0.178339
0.000702239    0.182679   0.0965428 -0.00953386
5.51841e-05   0.0965428    0.205683   0.0111461
   0.178339 -0.00953386   0.0111461    0.246279
IMAGINARY
           0   -0.0121339   0.00135043   -0.0157035
   0.0121339            0   0.00565327   -0.0216456
 -0.00135043  -0.00565327            0  0.000448832
   0.0157035    0.0216456 -0.000448832            0
Repeater1[0]<--->BSA[0]
REAL
   0.375169 -0.00674294  -0.0213296    0.194558
-0.00674294      0.1417   0.0748592  -0.0162918
 -0.0213296   0.0748592    0.190283  -0.0235969
   0.194558  -0.0162918  -0.0235969    0.292848
IMAGINARY
          0  -0.0119708  0.00102599  0.00875394
  0.0119708           0   0.0119714  0.00102599
-0.00102599  -0.0119714           0  0.00171084
-0.00875394 -0.00102599 -0.00171084           0
EndNode1[0]<--->Repeater1[0]
REAL
   0.355383   0.0169817 -0.00277128    0.176181
  0.0169817    0.197147   0.0845031  0.00948679
-0.00277128   0.0845031    0.166018  -0.0102662
   0.176181  0.00948679  -0.0102662    0.281453
IMAGINARY
         0 -0.0100931 -0.0185815  0.0217974
 0.0100931          0  0.0181028 -0.0158788
 0.0185815 -0.0181028          0 -0.0126638
-0.0217974  0.0158788  0.0126638          0
EndNode2[0]<--->BSA[0]
REAL
   0.346912  0.00123053  0.00364826      0.1905
 0.00123053    0.189225   0.0870057 -0.00487075
 0.00364826   0.0870057    0.164258  0.00977192
     0.1905 -0.00487075  0.00977192    0.299606
IMAGINARY
          0  0.00957386  0.00785773  0.00726603
-0.00957386           0  0.00545662  0.00289495
-0.00785773 -0.00545662           0  -0.0109179
-0.00726603 -0.00289495   0.0109179           0
Repeater1[0]<--->EndNode1[0]
REAL
   0.355383 -0.00277128   0.0169817    0.176181
-0.00277128    0.166018   0.0845031  -0.0102662
  0.0169817   0.0845031    0.197147  0.00948679
   0.176181  -0.0102662  0.00948679    0.281453
IMAGINARY
         0 -0.0185815 -0.0100931  0.0217974
 0.0185815          0 -0.0181028 -0.0126638
 0.0100931  0.0181028          0 -0.0158788
-0.0217974  0.0126638  0.0158788          0
Repeater1[0]<--->BSA[0]
REAL
   0.346912  0.00364826  0.00123053      0.1905
 0.00364826    0.164258   0.0870057  0.00977192
 0.00123053   0.0870057    0.189225 -0.00487075
     0.1905  0.00977192 -0.00487075    0.299606
IMAGINARY
          0  0.00785773  0.00957386  0.00726603
-0.00785773           0 -0.00545662  -0.0109179
-0.00957386  0.00545662           0  0.00289495
-0.00726603   0.0109179 -0.00289495           0
EndNode1[0]<--->Repeater1[0]
REAL
   0.385965 -0.00747865 -0.00209852    0.185493
-0.00747865    0.175439   0.0810435   0.0273903
-0.00209852   0.0810435    0.157895   0.0120182
   0.185493   0.0273903   0.0120182    0.280702
IMAGINARY
          0   0.0102609   0.0037436   0.0129725
 -0.0102609           0   0.0123049  -0.0105421
 -0.0037436  -0.0123049           0  0.00889853
 -0.0129725   0.0105421 -0.00889853           0
EndNode2[0]<--->BSA[0]
REAL
  0.365099 0.00435065 0.00739898   0.211783
0.00435065   0.155941  0.0654255 0.00988655
0.00739898  0.0654255   0.169554 -0.0126733
  0.211783 0.00988655 -0.0126733   0.309406
IMAGINARY
          0  0.00360654   0.0145652 -0.00510345
-0.00360654           0   0.0030114   0.0139116
 -0.0145652  -0.0030114           0  0.00102922
 0.00510345  -0.0139116 -0.00102922           0
Repeater1[0]<--->EndNode1[0]
REAL
   0.385965 -0.00209852 -0.00747865    0.185493
-0.00209852    0.157895   0.0810435   0.0120182
-0.00747865   0.0810435    0.175439   0.0273903
   0.185493   0.0120182   0.0273903    0.280702
IMAGINARY
          0   0.0037436   0.0102609   0.0129725
 -0.0037436           0  -0.0123049  0.00889853
 -0.0102609   0.0123049           0  -0.0105421
 -0.0129725 -0.00889853   0.0105421           0
Repeater1[0]<--->BSA[0]
REAL
  0.365099 0.00739898 0.00435065   0.211783
0.00739898   0.169554  0.0654255 -0.0126733
0.00435065  0.0654255   0.155941 0.00988655
  0.211783 -0.0126733 0.00988655   0.309406
IMAGINARY
          0   0.0145652  0.00360654 -0.00510345
 -0.0145652           0  -0.0030114  0.00102922
-0.00360654   0.0030114           0   0.0139116
 0.00510345 -0.00102922  -0.0139116           0
