EndNode1[0]<--->Repeater1[0]
REAL
   0.347885  -0.0353782 -0.00377265    0.182677
 -0.0353782    0.152797   0.0084627  -0.0253413
-0.00377265   0.0084627    0.177353  0.00879593
   0.182677  -0.0253413  0.00879593    0.321965
IMAGINARY
          0   0.0081442  0.00167822   -0.023946
 -0.0081442           0   0.0140205  -0.0136279
-0.00167822  -0.0140205           0   0.0100948
   0.023946   0.0136279  -0.0100948           0
EndNode2[0]<--->BSA[0]
REAL
   0.357786   0.0141838   0.0100547    0.201138
  0.0141838     0.16731 -0.00482257  -0.0195845
  0.0100547 -0.00482257    0.162162  -0.0351495
   0.201138  -0.0195845  -0.0351495    0.312741
IMAGINARY
          0  0.00768315  -0.0112799   0.0153416
-0.00768315           0  0.00724694  -0.0145479
  0.0112799 -0.00724694           0   0.0154957
 -0.0153416   0.0145479  -0.0154957           0
Repeater1[0]<--->EndNode1[0]
REAL
   0.347885 -0.00377265  -0.0353782    0.182677
-0.00377265    0.177353   0.0084627  0.00879593
 -0.0353782   0.0084627    0.152797  -0.0253413
   0.182677  0.00879593  -0.0253413    0.321965
IMAGINARY
          0  0.00167822   0.0081442   -0.023946
-0.00167822           0  -0.0140205   0.0100948
 -0.0081442   0.0140205           0  -0.0136279
   0.023946  -0.0100948   0.0136279           0
Repeater1[0]<--->BSA[0]
REAL
   0.357786   0.0100547   0.0141838    0.201138
  0.0100547    0.162162 -0.00482257  -0.0351495
  0.0141838 -0.00482257     0.16731  -0.0195845
   0.201138  -0.0351495  -0.0195845    0.312741
IMAGINARY
          0  -0.0112799  0.00768315   0.0153416
  0.0112799           0 -0.00724694   0.0154957
-0.00768315  0.00724694           0  -0.0145479
 -0.0153416  -0.0154957   0.0145479           0
EndNode1[0]<--->Repeater1[0]
REAL
    0.368356   0.00999959    0.0052062     0.165775
  0.00999959     0.156984  -0.00219885 -0.000570438
   0.0052062  -0.00219885     0.128554  -0.00801283
    0.165775 -0.000570438  -0.00801283     0.346106
IMAGINARY
           0   0.00912868   -0.0205754    0.0114652
 -0.00912868            0  -0.00568856 -0.000993191
   0.0205754   0.00568856            0    0.0124399
  -0.0114652  0.000993191   -0.0124399            0
EndNode2[0]<--->BSA[0]
REAL
   0.348898   0.0189433   0.0114238     0.19501
  0.0189433    0.138781 -0.00144166 -0.00827123
  0.0114238 -0.00144166     0.16083 -0.00696346
    0.19501 -0.00827123 -0.00696346    0.351492
IMAGINARY
          0   0.0167514 -0.00175009  0.00456933
 -0.0167514           0  -0.0121643  -0.0199319
 0.00175009   0.0121643           0  0.00624463
-0.00456933   0.0199319 -0.00624463           0
Repeater1[0]<--->EndNode1[0]
REAL
    0.368356    0.0052062   0.00999959     0.165775
   0.0052062     0.128554  -0.00219885  -0.00801283
  0.00999959  -0.00219885     0.156984 -0.000570438
    0.165775  -0.00801283 -0.000570438     0.346106
IMAGINARY
           0   -0.0205754   0.00912868    0.0114652
   0.0205754            0   0.00568856    0.0124399
 -0.00912868  -0.00568856            0 -0.000993191
  -0.0114652   -0.0124399  0.000993191            0
Repeater1[0]<--->BSA[0]
REAL
   0.348898   0.0114238   0.0189433     0.19501
  0.0114238     0.16083 -0.00144166 -0.00696346
  0.0189433 -0.00144166    0.138781 -0.00827123
    0.19501 -0.00696346 -0.00827123    0.351492
IMAGINARY
          0 -0.00175009   0.0167514  0.00456933
 0.00175009           0   0.0121643  0.00624463
 -0.0167514  -0.0121643           0  -0.0199319
-0.00456933 -0.00624463   0.0199319           0
EndNode1[0]<--->Repeater1[0]
REAL
   0.332907  0.00467308 -0.00828922    0.178763
 0.00467308    0.148528  -0.0213673 -0.00119245
-0.00828922  -0.0213673    0.175416  -0.0280612
   0.178763 -0.00119245  -0.0280612     0.34315
IMAGINARY
           0  -0.00299396  0.000249973 -0.000355218
  0.00299396            0   -0.0111832  -0.00350943
-0.000249973    0.0111832            0   0.00103829
 0.000355218   0.00350943  -0.00103829            0
EndNode2[0]<--->BSA[0]
REAL
   0.357143  -0.0128602  -0.0196229    0.196116
 -0.0128602    0.164935  -0.0224316  -0.0014297
 -0.0196229  -0.0224316    0.133766 -0.00556089
   0.196116  -0.0014297 -0.00556089    0.344156
IMAGINARY
          0   0.0174229   0.0114358  -0.0132623
 -0.0174229           0  0.00270821   0.0060739
 -0.0114358 -0.00270821           0  -0.0232595
  0.0132623  -0.0060739   0.0232595           0
Repeater1[0]<--->EndNode1[0]
REAL
   0.332907 -0.00828922  0.00467308    0.178763
-0.00828922    0.175416  -0.0213673  -0.0280612
 0.00467308  -0.0213673    0.148528 -0.00119245
   0.178763  -0.0280612 -0.00119245     0.34315
IMAGINARY
           0  0.000249973  -0.00299396 -0.000355218
-0.000249973            0    0.0111832   0.00103829
  0.00299396   -0.0111832            0  -0.00350943
 0.000355218  -0.00103829   0.00350943            0
Repeater1[0]<--->BSA[0]
REAL
   0.357143  -0.0196229  -0.0128602    0.196116
 -0.0196229    0.133766  -0.0224316 -0.00556089
 -0.0128602  -0.0224316    0.164935  -0.0014297
   0.196116 -0.00556089  -0.0014297    0.344156
IMAGINARY
          0   0.0114358   0.0174229  -0.0132623
 -0.0114358           0 -0.00270821  -0.0232595
 -0.0174229  0.00270821           0   0.0060739
  0.0132623   0.0232595  -0.0060739           0
EndNode1[0]<--->Repeater1[0]
REAL
  0.335897 -0.0071375 -0.0179452   0.181903
-0.0071375       0.15 0.00179881 0.00689552
-0.0179452 0.00179881   0.178205 -0.0191056
  0.181903 0.00689552 -0.0191056   0.335897
IMAGINARY
          0  0.00879492  -0.0151175    0.018505
-0.00879492           0 -0.00982013  0.00406413
  0.0151175  0.00982013           0   0.0100607
  -0.018505 -0.00406413  -0.0100607           0
EndNode2[0]<--->BSA[0]
REAL
   0.340824 -0.00804376  0.00751976    0.196033
-0.00804376    0.156055 -0.00491377   0.0150028
 0.00751976 -0.00491377    0.164794 -0.00804376
   0.196033   0.0150028 -0.00804376    0.338327
IMAGINARY
           0  -0.00533224    -0.017014   -0.0193832
  0.00533224            0    -0.041281    0.0352819
    0.017014     0.041281            0 -0.000757073
   0.0193832   -0.0352819  0.000757073            0
Repeater1[0]<--->EndNode1[0]
REAL
  0.335897 -0.0179452 -0.0071375   0.181903
-0.0179452   0.178205 0.00179881 -0.0191056
-0.0071375 0.00179881       0.15 0.00689552
  0.181903 -0.0191056 0.00689552   0.335897
IMAGINARY
          0  -0.0151175  0.00879492    0.018505
  0.0151175           0  0.00982013   0.0100607
-0.00879492 -0.00982013           0  0.00406413
  -0.018505  -0.0100607 -0.00406413           0
Repeater1[0]<--->BSA[0]
REAL
   0.340824  0.00751976 -0.00804376    0.196033
 0.00751976    0.164794 -0.00491377 -0.00804376
-0.00804376 -0.00491377    0.156055   0.0150028
   0.196033 -0.00804376   0.0150028    0.338327
IMAGINARY
           0    -0.017014  -0.00533224   -0.0193832
    0.017014            0     0.041281 -0.000757073
  0.00533224    -0.041281            0    0.0352819
   0.0193832  0.000757073   -0.0352819            0
EndNode1[0]<--->Repeater1[0]
REAL
   0.332478 0.000886802 0.000755735    0.187172
0.000886802    0.143774 0.000250053   -0.011341
0.000755735 0.000250053    0.174583  -0.0226801
   0.187172   -0.011341  -0.0226801    0.349166
IMAGINARY
          0  -0.0063734   0.0140275   0.0368245
  0.0063734           0 -0.00212018   -0.010725
 -0.0140275  0.00212018           0   0.0149599
 -0.0368245    0.010725  -0.0149599           0
EndNode2[0]<--->BSA[0]
REAL
   0.343829   0.0289106   0.0153713    0.182186
  0.0289106    0.154912   0.0215177  0.00579274
  0.0153713   0.0215177    0.157431 0.000189951
   0.182186  0.00579274 0.000189951    0.343829
IMAGINARY
          0  0.00629024  0.00507893  0.00257243
-0.00629024           0 -0.00127373  -0.0192177
-0.00507893  0.00127373           0   0.0284141
-0.00257243   0.0192177  -0.0284141           0
Repeater1[0]<--->EndNode1[0]
REAL
   0.332478 0.000755735 0.000886802    0.187172
0.000755735    0.174583 0.000250053  -0.0226801
0.000886802 0.000250053    0.143774   -0.011341
   0.187172  -0.0226801   -0.011341    0.349166
IMAGINARY
          0   0.0140275  -0.0063734   0.0368245
 -0.0140275           0  0.00212018   0.0149599
  0.0063734 -0.00212018           0   -0.010725
 -0.0368245  -0.0149599    0.010725           0
Repeater1[0]<--->BSA[0]
REAL
   0.343829   0.0153713   0.0289106    0.182186
  0.0153713    0.157431   0.0215177 0.000189951
  0.0289106   0.0215177    0.154912  0.00579274
   0.182186 0.000189951  0.00579274    0.343829
IMAGINARY
          0  0.00507893  0.00629024  0.00257243
-0.00507893           0  0.00127373   0.0284141
-0.00629024 -0.00127373           0  -0.0192177
-0.00257243  -0.0284141   0.0192177           0
EndNode1[0]<--->Repeater1[0]
REAL
  0.324528 -0.0106074 -0.0138631   0.183256
-0.0106074    0.16478  0.0187148  0.0077055
-0.0138631  0.0187148   0.149686 0.00691282
  0.183256  0.0077055 0.00691282   0.361006
IMAGINARY
          0 -0.00849151  -0.0143142 -0.00635321
 0.00849151           0   0.0148278  0.00411016
  0.0143142  -0.0148278           0  -0.0208452
 0.00635321 -0.00411016   0.0208452           0
EndNode2[0]<--->BSA[0]
REAL
  0.348837  0.0166683  0.0129682   0.199432
 0.0166683   0.156331 0.00856821  0.0123651
 0.0129682 0.00856821   0.186047 0.00199837
  0.199432  0.0123651 0.00199837   0.308786
IMAGINARY
          0 -0.00210711  0.00977228   0.0166635
 0.00210711           0   0.0106555 -0.00163711
-0.00977228  -0.0106555           0  0.00523602
 -0.0166635  0.00163711 -0.00523602           0
Repeater1[0]<--->EndNode1[0]
REAL
  0.324528 -0.0138631 -0.0106074   0.183256
-0.0138631   0.149686  0.0187148 0.00691282
-0.0106074  0.0187148    0.16478  0.0077055
  0.183256 0.00691282  0.0077055   0.361006
IMAGINARY
          0  -0.0143142 -0.00849151 -0.00635321
  0.0143142           0  -0.0148278  -0.0208452
 0.00849151   0.0148278           0  0.00411016
 0.00635321   0.0208452 -0.00411016           0
Repeater1[0]<--->BSA[0]
REAL
  0.348837  0.0129682  0.0166683   0.199432
 0.0129682   0.186047 0.00856821 0.00199837
 0.0166683 0.00856821   0.156331  0.0123651
  0.199432 0.00199837  0.0123651   0.308786
IMAGINARY
          0  0.00977228 -0.00210711   0.0166635
-0.00977228           0  -0.0106555  0.00523602
 0.00210711   0.0106555           0 -0.00163711
 -0.0166635 -0.00523602  0.00163711           0
EndNode1[0]<--->Repeater1[0]
REAL
   0.327827   0.0024179 -0.00979727    0.189293
  0.0024179    0.135959  0.00382902  0.00186076
-0.00979727  0.00382902    0.172808  -0.0050634
   0.189293  0.00186076  -0.0050634    0.363405
IMAGINARY
          0 -0.00720676   0.0263158   -0.013038
 0.00720676           0  0.00842666  0.00250627
 -0.0263158 -0.00842666           0   0.0172318
   0.013038 -0.00250627  -0.0172318           0
EndNode2[0]<--->BSA[0]
REAL
   0.359435   0.0042229  -0.0183385    0.187182
  0.0042229    0.148909 -0.00464211   0.0223067
 -0.0183385 -0.00464211    0.172015  -0.0187732
   0.187182   0.0223067  -0.0187732    0.319641
IMAGINARY
           0  -0.00957227  0.000128969  -0.00613727
  0.00957227            0    0.0143755  -0.00453148
-0.000128969   -0.0143755            0   0.00516975
  0.00613727   0.00453148  -0.00516975            0
Repeater1[0]<--->EndNode1[0]
REAL
   0.327827 -0.00979727   0.0024179    0.189293
-0.00979727    0.172808  0.00382902  -0.0050634
  0.0024179  0.00382902    0.135959  0.00186076
   0.189293  -0.0050634  0.00186076    0.363405
IMAGINARY
          0   0.0263158 -0.00720676   -0.013038
 -0.0263158           0 -0.00842666   0.0172318
 0.00720676  0.00842666           0  0.00250627
   0.013038  -0.0172318 -0.00250627           0
Repeater1[0]<--->BSA[0]
REAL
   0.359435  -0.0183385   0.0042229    0.187182
 -0.0183385    0.172015 -0.00464211  -0.0187732
  0.0042229 -0.00464211    0.148909   0.0223067
   0.187182  -0.0187732   0.0223067    0.319641
IMAGINARY
           0  0.000128969  -0.00957227  -0.00613727
-0.000128969            0   -0.0143755   0.00516975
  0.00957227    0.0143755            0  -0.00453148
  0.00613727  -0.00516975   0.00453148            0
EndNode1[0]<--->Repeater1[0]
REAL
    0.34717    0.005103   0.0110166    0.176737
   0.005103    0.176101 -0.00874723  -0.0268896
  0.0110166 -0.00874723    0.144654 -0.00378025
   0.176737  -0.0268896 -0.00378025    0.332075
IMAGINARY
           0    0.0166273  -0.00136168    0.0083251
  -0.0166273            0  0.000330023  -0.00267058
  0.00136168 -0.000330023            0  -0.00184236
  -0.0083251   0.00267058   0.00184236            0
EndNode2[0]<--->BSA[0]
REAL
  0.330413 0.00114829 0.00702864   0.199412
0.00114829   0.181477 -0.0154121 -0.0110286
0.00702864 -0.0154121   0.156446 0.00685171
  0.199412 -0.0110286 0.00685171   0.331665
IMAGINARY
          0 -0.00593084  0.00689235  0.00763255
 0.00593084           0  0.00960883 -0.00940491
-0.00689235 -0.00960883           0  -0.0104008
-0.00763255  0.00940491   0.0104008           0
Repeater1[0]<--->EndNode1[0]
REAL
    0.34717   0.0110166    0.005103    0.176737
  0.0110166    0.144654 -0.00874723 -0.00378025
   0.005103 -0.00874723    0.176101  -0.0268896
   0.176737 -0.00378025  -0.0268896    0.332075
IMAGINARY
           0  -0.00136168    0.0166273    0.0083251
  0.00136168            0 -0.000330023  -0.00184236
  -0.0166273  0.000330023            0  -0.00267058
  -0.0083251   0.00184236   0.00267058            0
Repeater1[0]<--->BSA[0]
REAL
  0.330413 0.00702864 0.00114829   0.199412
0.00702864   0.156446 -0.0154121 0.00685171
0.00114829 -0.0154121   0.181477 -0.0110286
  0.199412 0.00685171 -0.0110286   0.331665
IMAGINARY
          0  0.00689235 -0.00593084  0.00763255
-0.00689235           0 -0.00960883  -0.0104008
 0.00593084  0.00960883           0 -0.00940491
-0.00763255   0.0104008  0.00940491           0
EndNode1[0]<--->Repeater1[0]
REAL
   0.357798 -0.00117477   0.0196129    0.194904
-0.00117477    0.150721 -0.00573248 0.000132352
  0.0196129 -0.00573248    0.163827 -0.00455772
   0.194904 0.000132352 -0.00455772    0.327654
IMAGINARY
          0 -0.00477707  -0.0132112   0.0198702
 0.00477707           0  -0.0185914  0.00875261
  0.0132112   0.0185914           0 -0.00477707
 -0.0198702 -0.00875261  0.00477707           0
EndNode2[0]<--->BSA[0]
REAL
   0.341804  0.00666488  -0.0214749    0.206994
 0.00666488    0.166455  0.00188294  0.00711463
 -0.0214749  0.00188294    0.133418 -0.00405391
   0.206994  0.00711463 -0.00405391    0.358323
IMAGINARY
          0   0.0138256  0.00498767   0.0147255
 -0.0138256           0   0.0128434   0.0179481
-0.00498767  -0.0128434           0  -0.0171022
 -0.0147255  -0.0179481   0.0171022           0
Repeater1[0]<--->EndNode1[0]
REAL
   0.357798   0.0196129 -0.00117477    0.194904
  0.0196129    0.163827 -0.00573248 -0.00455772
-0.00117477 -0.00573248    0.150721 0.000132352
   0.194904 -0.00455772 0.000132352    0.327654
IMAGINARY
          0  -0.0132112 -0.00477707   0.0198702
  0.0132112           0   0.0185914 -0.00477707
 0.00477707  -0.0185914           0  0.00875261
 -0.0198702  0.00477707 -0.00875261           0
Repeater1[0]<--->BSA[0]
REAL
   0.341804  -0.0214749  0.00666488    0.206994
 -0.0214749    0.133418  0.00188294 -0.00405391
 0.00666488  0.00188294    0.166455  0.00711463
   0.206994 -0.00405391  0.00711463    0.358323
IMAGINARY
          0  0.00498767   0.0138256   0.0147255
-0.00498767           0  -0.0128434  -0.0171022
 -0.0138256   0.0128434           0   0.0179481
 -0.0147255   0.0171022  -0.0179481           0
EndNode1[0]<--->Repeater1[0]
REAL
   0.339498   0.0113158  -0.0119556     0.20125
  0.0113158    0.146631   0.0053668 -0.00240146
 -0.0119556   0.0053668    0.180978    -0.01194
    0.20125 -0.00240146    -0.01194    0.332893
IMAGINARY
          0  0.00582891  -0.0303661 -0.00896042
-0.00582891           0  0.00704471 -0.00349846
  0.0303661 -0.00704471           0   0.0213955
 0.00896042  0.00349846  -0.0213955           0
EndNode2[0]<--->BSA[0]
REAL
   0.324183 0.000343407   0.0115002    0.216756
0.000343407     0.15817 -0.00109667 -0.00875296
  0.0115002 -0.00109667    0.142484  0.00927198
   0.216756 -0.00875296  0.00927198    0.375163
IMAGINARY
          0  0.00620069  0.00721705 -0.00262042
-0.00620069           0  0.00851819 -0.00159907
-0.00721705 -0.00851819           0  0.00815636
 0.00262042  0.00159907 -0.00815636           0
Repeater1[0]<--->EndNode1[0]
REAL
   0.339498  -0.0119556   0.0113158     0.20125
 -0.0119556    0.180978   0.0053668    -0.01194
  0.0113158   0.0053668    0.146631 -0.00240146
    0.20125    -0.01194 -0.00240146    0.332893
IMAGINARY
          0  -0.0303661  0.00582891 -0.00896042
  0.0303661           0 -0.00704471   0.0213955
-0.00582891  0.00704471           0 -0.00349846
 0.00896042  -0.0213955  0.00349846           0
Repeater1[0]<--->BSA[0]
REAL
   0.324183   0.0115002 0.000343407    0.216756
  0.0115002    0.142484 -0.00109667  0.00927198
0.000343407 -0.00109667     0.15817 -0.00875296
   0.216756  0.00927198 -0.00875296    0.375163
IMAGINARY
          0  0.00721705  0.00620069 -0.00262042
-0.00721705           0 -0.00851819  0.00815636
-0.00620069  0.00851819           0 -0.00159907
 0.00262042 -0.00815636  0.00159907           0
EndNode1[0]<--->Repeater1[0]
REAL
 0.335868 0.0205437 -0.015231  0.177265
0.0205437  0.160963 0.0131824 0.0013253
-0.015231 0.0131824  0.154626 0.0114998
 0.177265 0.0013253 0.0114998  0.348542
IMAGINARY
          0  0.00466588    0.011483  -0.0260936
-0.00466588           0 -0.00465511   0.0066049
  -0.011483  0.00465511           0   0.0185899
  0.0260936  -0.0066049  -0.0185899           0
EndNode2[0]<--->BSA[0]
REAL
    0.349624 -0.000165538  -0.00870319     0.189185
-0.000165538     0.154135   0.00529845   -0.0273647
 -0.00870319   0.00529845     0.160401    0.0121882
    0.189185   -0.0273647    0.0121882      0.33584
IMAGINARY
          0 -0.00102814 -0.00176393  -0.0177191
 0.00102814           0  0.00279372  0.00606897
 0.00176393 -0.00279372           0  0.00533318
  0.0177191 -0.00606897 -0.00533318           0
Repeater1[0]<--->EndNode1[0]
REAL
 0.335868 -0.015231 0.0205437  0.177265
-0.015231  0.154626 0.0131824 0.0114998
0.0205437 0.0131824  0.160963 0.0013253
 0.177265 0.0114998 0.0013253  0.348542
IMAGINARY
          0    0.011483  0.00466588  -0.0260936
  -0.011483           0  0.00465511   0.0185899
-0.00466588 -0.00465511           0   0.0066049
  0.0260936  -0.0185899  -0.0066049           0
Repeater1[0]<--->BSA[0]
REAL
    0.349624  -0.00870319 -0.000165538     0.189185
 -0.00870319     0.160401   0.00529845    0.0121882
-0.000165538   0.00529845     0.154135   -0.0273647
    0.189185    0.0121882   -0.0273647      0.33584
IMAGINARY
          0 -0.00176393 -0.00102814  -0.0177191
 0.00176393           0 -0.00279372  0.00533318
 0.00102814  0.00279372           0  0.00606897
  0.0177191 -0.00533318 -0.00606897           0
EndNode1[0]<--->Repeater1[0]
REAL
   0.325974 -0.00134255 -0.00542521    0.153666
-0.00134255     0.15974 -0.00213086   0.0194439
-0.00542521 -0.00213086    0.158442  -0.0100059
   0.153666   0.0194439  -0.0100059    0.355844
IMAGINARY
           0    0.0115942  -0.00360671  -0.00924886
  -0.0115942            0  -0.00114075   -0.0048474
  0.00360671   0.00114075            0  0.000483092
  0.00924886    0.0048474 -0.000483092            0
EndNode2[0]<--->BSA[0]
REAL
   0.346806 -0.00946521 -0.00255972    0.199512
-0.00946521    0.149935  0.00607166 -0.00124739
-0.00255972  0.00607166    0.157757  0.00819618
   0.199512 -0.00124739  0.00819618    0.345502
IMAGINARY
          0 -0.00212691   0.0126029 -0.00446001
 0.00212691           0   0.0119227  0.00546935
 -0.0126029  -0.0119227           0  -0.0413805
 0.00446001 -0.00546935   0.0413805           0
Repeater1[0]<--->EndNode1[0]
REAL
   0.325974 -0.00542521 -0.00134255    0.153666
-0.00542521    0.158442 -0.00213086  -0.0100059
-0.00134255 -0.00213086     0.15974   0.0194439
   0.153666  -0.0100059   0.0194439    0.355844
IMAGINARY
           0  -0.00360671    0.0115942  -0.00924886
  0.00360671            0   0.00114075  0.000483092
  -0.0115942  -0.00114075            0   -0.0048474
  0.00924886 -0.000483092    0.0048474            0
Repeater1[0]<--->BSA[0]
REAL
   0.346806 -0.00255972 -0.00946521    0.199512
-0.00255972    0.157757  0.00607166  0.00819618
-0.00946521  0.00607166    0.149935 -0.00124739
   0.199512  0.00819618 -0.00124739    0.345502
IMAGINARY
          0   0.0126029 -0.00212691 -0.00446001
 -0.0126029           0  -0.0119227  -0.0413805
 0.00212691   0.0119227           0  0.00546935
 0.00446001   0.0413805 -0.00546935           0
EndNode1[0]<--->Repeater1[0]
REAL
   0.346049 -0.00573468  -0.0199288    0.168348
-0.00573468    0.160763    0.016813  0.00767071
 -0.0199288    0.016813    0.179837  0.00121855
   0.168348  0.00767071  0.00121855    0.313351
IMAGINARY
           0  -0.00327351   0.00562093   -0.0111478
  0.00327351            0     0.015747   0.00439242
 -0.00562093    -0.015747            0 -6.42705e-05
   0.0111478  -0.00439242  6.42705e-05            0
EndNode2[0]<--->BSA[0]
REAL
   0.337349  0.00303329 -0.00114633    0.177758
 0.00303329     0.15261  -0.0210224   0.0374158
-0.00114633  -0.0210224    0.153949   0.0397128
   0.177758   0.0374158   0.0397128    0.356091
IMAGINARY
           0  0.000646099    0.0162559   -0.0168579
-0.000646099            0  -0.00170642    0.0044758
  -0.0162559   0.00170642            0  -0.00796317
   0.0168579   -0.0044758   0.00796317            0
Repeater1[0]<--->EndNode1[0]
REAL
   0.346049  -0.0199288 -0.00573468    0.168348
 -0.0199288    0.179837    0.016813  0.00121855
-0.00573468    0.016813    0.160763  0.00767071
   0.168348  0.00121855  0.00767071    0.313351
IMAGINARY
           0   0.00562093  -0.00327351   -0.0111478
 -0.00562093            0    -0.015747 -6.42705e-05
  0.00327351     0.015747            0   0.00439242
   0.0111478  6.42705e-05  -0.00439242            0
Repeater1[0]<--->BSA[0]
REAL
   0.337349 -0.00114633  0.00303329    0.177758
-0.00114633    0.153949  -0.0210224   0.0397128
 0.00303329  -0.0210224     0.15261   0.0374158
   0.177758   0.0397128   0.0374158    0.356091
IMAGINARY
           0    0.0162559  0.000646099   -0.0168579
  -0.0162559            0   0.00170642  -0.00796317
-0.000646099  -0.00170642            0    0.0044758
   0.0168579   0.00796317   -0.0044758            0
EndNode1[0]<--->Repeater1[0]
REAL
       0.35  0.00146356 -0.00478927    0.174732
 0.00146356    0.153947  0.00470643 -0.00478927
-0.00478927  0.00470643    0.152632 -0.00976497
   0.174732 -0.00478927 -0.00976497    0.343421
IMAGINARY
          0   0.0115552  -0.0151563  -0.0121843
 -0.0115552           0 -0.00265442   0.0189346
  0.0151563  0.00265442           0  -0.0102957
  0.0121843  -0.0189346   0.0102957           0
EndNode2[0]<--->BSA[0]
REAL
    0.34464   0.0107553  0.00855821    0.172506
  0.0107553    0.164179 -0.00165152 -0.00981449
 0.00855821 -0.00165152    0.164179 0.000551226
   0.172506 -0.00981449 0.000551226    0.327001
IMAGINARY
          0 -0.00362381  0.00218243   0.0250105
 0.00362381           0    -0.01219  0.00593243
-0.00218243     0.01219           0   0.0167324
 -0.0250105 -0.00593243  -0.0167324           0
Repeater1[0]<--->EndNode1[0]
REAL
       0.35 -0.00478927  0.00146356    0.174732
-0.00478927    0.152632  0.00470643 -0.00976497
 0.00146356  0.00470643    0.153947 -0.00478927
   0.174732 -0.00976497 -0.00478927    0.343421
IMAGINARY
          0  -0.0151563   0.0115552  -0.0121843
  0.0151563           0  0.00265442  -0.0102957
 -0.0115552 -0.00265442           0   0.0189346
  0.0121843   0.0102957  -0.0189346           0
Repeater1[0]<--->BSA[0]
REAL
    0.34464  0.00855821   0.0107553    0.172506
 0.00855821    0.164179 -0.00165152 0.000551226
  0.0107553 -0.00165152    0.164179 -0.00981449
   0.172506 0.000551226 -0.00981449    0.327001
IMAGINARY
          0  0.00218243 -0.00362381   0.0250105
-0.00218243           0     0.01219   0.0167324
 0.00362381    -0.01219           0  0.00593243
 -0.0250105  -0.0167324 -0.00593243           0
EndNode1[0]<--->Repeater1[0]
REAL
   0.348624   0.0157224 -0.00219395    0.185722
  0.0157224    0.159895   0.0027629   0.0112849
-0.00219395   0.0027629    0.157274   0.0260958
   0.185722   0.0112849   0.0260958    0.334207
IMAGINARY
          0   0.0169964 -0.00308832 -0.00775524
 -0.0169964           0  0.00476123  -0.0134242
 0.00308832 -0.00476123           0  0.00744222
 0.00775524   0.0134242 -0.00744222           0
EndNode2[0]<--->BSA[0]
REAL
   0.362821 -0.00703087   0.0119014    0.170593
-0.00703087    0.155128  0.00846476  -0.0249125
  0.0119014  0.00846476    0.146154 0.000215506
   0.170593  -0.0249125 0.000215506    0.335897
IMAGINARY
           0   -0.0106944   -0.0144614   0.00987716
   0.0106944            0  0.000249427   0.00456037
   0.0144614 -0.000249427            0   0.00945675
 -0.00987716  -0.00456037  -0.00945675            0
Repeater1[0]<--->EndNode1[0]
REAL
   0.348624 -0.00219395   0.0157224    0.185722
-0.00219395    0.157274   0.0027629   0.0260958
  0.0157224   0.0027629    0.159895   0.0112849
   0.185722   0.0260958   0.0112849    0.334207
IMAGINARY
          0 -0.00308832   0.0169964 -0.00775524
 0.00308832           0 -0.00476123  0.00744222
 -0.0169964  0.00476123           0  -0.0134242
 0.00775524 -0.00744222   0.0134242           0
Repeater1[0]<--->BSA[0]
REAL
   0.362821   0.0119014 -0.00703087    0.170593
  0.0119014    0.146154  0.00846476 0.000215506
-0.00703087  0.00846476    0.155128  -0.0249125
   0.170593 0.000215506  -0.0249125    0.335897
IMAGINARY
           0   -0.0144614   -0.0106944   0.00987716
   0.0144614            0 -0.000249427   0.00945675
   0.0106944  0.000249427            0   0.00456037
 -0.00987716  -0.00945675  -0.00456037            0
EndNode1[0]<--->Repeater1[0]
REAL
    0.301034 -0.000957854 -2.19635e-05     0.180562
-0.000957854     0.162791    0.0205873   -0.0172194
-2.19635e-05    0.0205873     0.197674 -0.000957854
    0.180562   -0.0172194 -0.000957854     0.338501
IMAGINARY
           0    -0.011543  -0.00800711 -0.000107265
    0.011543            0  -0.00668621   -0.0164596
  0.00800711   0.00668621            0 -0.000376723
 0.000107265    0.0164596  0.000376723            0
EndNode2[0]<--->BSA[0]
REAL
   0.362184 -0.00484296  0.00810604    0.196006
-0.00484296    0.150466  -0.0143632 -0.00874789
 0.00810604  -0.0143632    0.117177  0.00163372
   0.196006 -0.00874789  0.00163372    0.370173
IMAGINARY
         0  0.0219845  -0.024733 -0.0228778
-0.0219845          0 -0.0152636 -0.0080441
  0.024733  0.0152636          0  0.0119845
 0.0228778  0.0080441 -0.0119845          0
Repeater1[0]<--->EndNode1[0]
REAL
    0.301034 -2.19635e-05 -0.000957854     0.180562
-2.19635e-05     0.197674    0.0205873 -0.000957854
-0.000957854    0.0205873     0.162791   -0.0172194
    0.180562 -0.000957854   -0.0172194     0.338501
IMAGINARY
           0  -0.00800711    -0.011543 -0.000107265
  0.00800711            0   0.00668621 -0.000376723
    0.011543  -0.00668621            0   -0.0164596
 0.000107265  0.000376723    0.0164596            0
Repeater1[0]<--->BSA[0]
REAL
   0.362184  0.00810604 -0.00484296    0.196006
 0.00810604    0.117177  -0.0143632  0.00163372
-0.00484296  -0.0143632    0.150466 -0.00874789
   0.196006  0.00163372 -0.00874789    0.370173
IMAGINARY
         0  -0.024733  0.0219845 -0.0228778
  0.024733          0  0.0152636  0.0119845
-0.0219845 -0.0152636          0 -0.0080441
 0.0228778 -0.0119845  0.0080441          0
EndNode1[0]<--->Repeater1[0]
REAL
  0.334683 -0.0146489 0.00790922   0.168434
-0.0146489   0.151147 0.00556918 0.00790922
0.00790922 0.00556918   0.151147 -0.0121737
  0.168434 0.00790922 -0.0121737   0.363023
IMAGINARY
          0  0.00184071 -0.00285572  -0.0196556
-0.00184071           0 -0.00600149 -0.00918484
 0.00285572  0.00600149           0   -0.010079
  0.0196556  0.00918484    0.010079           0
EndNode2[0]<--->BSA[0]
REAL
   0.366162 -0.00826972 -0.00131679    0.195267
-0.00826972    0.143939  0.00575084 -0.00631679
-0.00131679  0.00575084    0.128788 -0.00826972
   0.195267 -0.00631679 -0.00826972    0.361111
IMAGINARY
          0  0.00653889  0.00168933  0.00199382
-0.00653889           0   0.0224907  0.00234293
-0.00168933  -0.0224907           0 -0.00385072
-0.00199382 -0.00234293  0.00385072           0
Repeater1[0]<--->EndNode1[0]
REAL
  0.334683 0.00790922 -0.0146489   0.168434
0.00790922   0.151147 0.00556918 -0.0121737
-0.0146489 0.00556918   0.151147 0.00790922
  0.168434 -0.0121737 0.00790922   0.363023
IMAGINARY
          0 -0.00285572  0.00184071  -0.0196556
 0.00285572           0  0.00600149   -0.010079
-0.00184071 -0.00600149           0 -0.00918484
  0.0196556    0.010079  0.00918484           0
Repeater1[0]<--->BSA[0]
REAL
   0.366162 -0.00131679 -0.00826972    0.195267
-0.00131679    0.128788  0.00575084 -0.00826972
-0.00826972  0.00575084    0.143939 -0.00631679
   0.195267 -0.00826972 -0.00631679    0.361111
IMAGINARY
          0  0.00168933  0.00653889  0.00199382
-0.00168933           0  -0.0224907 -0.00385072
-0.00653889   0.0224907           0  0.00234293
-0.00199382  0.00385072 -0.00234293           0
EndNode1[0]<--->Repeater1[0]
REAL
   0.344198  -0.0314699 -0.00256209    0.193868
 -0.0314699    0.160365 -0.00879883    -0.02065
-0.00256209 -0.00879883    0.156454 -0.00554394
   0.193868    -0.02065 -0.00554394    0.338983
IMAGINARY
           0  -0.00317609   0.00522008  -0.00107227
  0.00317609            0    0.0109277    0.0174466
 -0.00522008   -0.0109277            0  0.000509419
  0.00107227   -0.0174466 -0.000509419            0
EndNode2[0]<--->BSA[0]
REAL
   0.330334 -0.00137349   0.0183712    0.165854
-0.00137349    0.172237   -0.011565  0.00531637
  0.0183712   -0.011565    0.161954   -0.015912
   0.165854  0.00531637   -0.015912    0.335476
IMAGINARY
           0  6.82057e-05   -0.0092922    0.0119949
-6.82057e-05            0  -0.00315657   0.00184803
   0.0092922   0.00315657            0   -0.0025496
  -0.0119949  -0.00184803    0.0025496            0
Repeater1[0]<--->EndNode1[0]
REAL
   0.344198 -0.00256209  -0.0314699    0.193868
-0.00256209    0.156454 -0.00879883 -0.00554394
 -0.0314699 -0.00879883    0.160365    -0.02065
   0.193868 -0.00554394    -0.02065    0.338983
IMAGINARY
           0   0.00522008  -0.00317609  -0.00107227
 -0.00522008            0   -0.0109277  0.000509419
  0.00317609    0.0109277            0    0.0174466
  0.00107227 -0.000509419   -0.0174466            0
Repeater1[0]<--->BSA[0]
REAL
   0.330334   0.0183712 -0.00137349    0.165854
  0.0183712    0.161954   -0.011565   -0.015912
-0.00137349   -0.011565    0.172237  0.00531637
   0.165854   -0.015912  0.00531637    0.335476
IMAGINARY
           0   -0.0092922  6.82057e-05    0.0119949
   0.0092922            0   0.00315657   -0.0025496
-6.82057e-05  -0.00315657            0   0.00184803
  -0.0119949    0.0025496  -0.00184803            0
EndNode1[0]<--->Repeater1[0]
REAL
   0.322493  0.00265391  -0.0122509    0.199187
 0.00265391    0.172087 0.000687289   0.0128814
 -0.0122509 0.000687289    0.149051    0.013109
   0.199187   0.0128814    0.013109    0.356369
IMAGINARY
          0  -0.0210044   0.0120977  0.00339666
  0.0210044           0  -0.0129432  0.00768405
 -0.0120977   0.0129432           0   0.0107725
-0.00339666 -0.00768405  -0.0107725           0
EndNode2[0]<--->BSA[0]
REAL
   0.331593 -0.00685379  0.00480844    0.201136
-0.00685379    0.168407   0.0095235  0.00280577
 0.00480844   0.0095235    0.150131  0.00431572
   0.201136  0.00280577  0.00431572    0.349869
IMAGINARY
           0   0.00899826 -7.17752e-05   -0.0136017
 -0.00899826            0   -0.0117791    -0.007025
 7.17752e-05    0.0117791            0    0.0122921
   0.0136017     0.007025   -0.0122921            0
Repeater1[0]<--->EndNode1[0]
REAL
   0.322493  -0.0122509  0.00265391    0.199187
 -0.0122509    0.149051 0.000687289    0.013109
 0.00265391 0.000687289    0.172087   0.0128814
   0.199187    0.013109   0.0128814    0.356369
IMAGINARY
          0   0.0120977  -0.0210044  0.00339666
 -0.0120977           0   0.0129432   0.0107725
  0.0210044  -0.0129432           0  0.00768405
-0.00339666  -0.0107725 -0.00768405           0
Repeater1[0]<--->BSA[0]
REAL
   0.331593  0.00480844 -0.00685379    0.201136
 0.00480844    0.150131   0.0095235  0.00431572
-0.00685379   0.0095235    0.168407  0.00280577
   0.201136  0.00431572  0.00280577    0.349869
IMAGINARY
           0 -7.17752e-05   0.00899826   -0.0136017
 7.17752e-05            0    0.0117791    0.0122921
 -0.00899826   -0.0117791            0    -0.007025
   0.0136017   -0.0122921     0.007025            0
EndNode1[0]<--->Repeater1[0]
REAL
   0.361478    0.026342   0.0120212    0.191594
   0.026342    0.154354 -0.00206789  0.00418829
  0.0120212 -0.00206789    0.175462  0.00108945
   0.191594  0.00418829  0.00108945    0.308707
IMAGINARY
           0   0.00769338    0.0123572    0.0220036
 -0.00769338            0  -0.00877612   -0.0147046
  -0.0123572   0.00877612            0  0.000522584
  -0.0220036    0.0147046 -0.000522584            0
EndNode2[0]<--->BSA[0]
REAL
    0.360406 -0.000269176  -0.00608574     0.177188
-0.000269176      0.14467    -0.016662   0.00476995
 -0.00608574    -0.016662     0.143401   0.00158497
    0.177188   0.00476995   0.00158497     0.351523
IMAGINARY
          0    0.016557 -0.00633779  -0.0158239
  -0.016557           0  0.00817088 -0.00569429
 0.00633779 -0.00817088           0  -0.0219046
  0.0158239  0.00569429   0.0219046           0
Repeater1[0]<--->EndNode1[0]
REAL
   0.361478   0.0120212    0.026342    0.191594
  0.0120212    0.175462 -0.00206789  0.00108945
   0.026342 -0.00206789    0.154354  0.00418829
   0.191594  0.00108945  0.00418829    0.308707
IMAGINARY
           0    0.0123572   0.00769338    0.0220036
  -0.0123572            0   0.00877612  0.000522584
 -0.00769338  -0.00877612            0   -0.0147046
  -0.0220036 -0.000522584    0.0147046            0
Repeater1[0]<--->BSA[0]
REAL
    0.360406  -0.00608574 -0.000269176     0.177188
 -0.00608574     0.143401    -0.016662   0.00158497
-0.000269176    -0.016662      0.14467   0.00476995
    0.177188   0.00158497   0.00476995     0.351523
IMAGINARY
          0 -0.00633779    0.016557  -0.0158239
 0.00633779           0 -0.00817088  -0.0219046
  -0.016557  0.00817088           0 -0.00569429
  0.0158239   0.0219046  0.00569429           0
EndNode1[0]<--->Repeater1[0]
REAL
   0.340909 0.000767512 -0.00191494    0.184926
0.000767512     0.14899    0.018259 -0.00126978
-0.00191494    0.018259    0.166667 -0.00777388
   0.184926 -0.00126978 -0.00777388    0.343434
IMAGINARY
           0  0.000334021   -0.0143415   0.00768097
-0.000334021            0   -0.0245771   -0.0164277
   0.0143415    0.0245771            0   0.00735829
 -0.00768097    0.0164277  -0.00735829            0
EndNode2[0]<--->BSA[0]
REAL
   0.318126   0.0110426   0.0130953    0.162123
  0.0110426    0.150432  -0.0215367 -0.00576035
  0.0130953  -0.0215367    0.171393  0.00851732
   0.162123 -0.00576035  0.00851732    0.360049
IMAGINARY
          0 -0.00777387 -0.00457516  -0.0170951
 0.00777387           0   0.0151842  0.00392157
 0.00457516  -0.0151842           0  0.00581309
  0.0170951 -0.00392157 -0.00581309           0
Repeater1[0]<--->EndNode1[0]
REAL
   0.340909 -0.00191494 0.000767512    0.184926
-0.00191494    0.166667    0.018259 -0.00777388
0.000767512    0.018259     0.14899 -0.00126978
   0.184926 -0.00777388 -0.00126978    0.343434
IMAGINARY
           0   -0.0143415  0.000334021   0.00768097
   0.0143415            0    0.0245771   0.00735829
-0.000334021   -0.0245771            0   -0.0164277
 -0.00768097  -0.00735829    0.0164277            0
Repeater1[0]<--->BSA[0]
REAL
   0.318126   0.0130953   0.0110426    0.162123
  0.0130953    0.171393  -0.0215367  0.00851732
  0.0110426  -0.0215367    0.150432 -0.00576035
   0.162123  0.00851732 -0.00576035    0.360049
IMAGINARY
          0 -0.00457516 -0.00777387  -0.0170951
 0.00457516           0  -0.0151842  0.00581309
 0.00777387   0.0151842           0  0.00392157
  0.0170951 -0.00581309 -0.00392157           0
EndNode1[0]<--->Repeater1[0]
REAL
  0.319285 -0.0131057 -0.0266814   0.177489
-0.0131057   0.185185 -0.0112523  0.0034855
-0.0266814 -0.0112523     0.1341  0.0143943
  0.177489  0.0034855  0.0143943    0.36143
IMAGINARY
           0  -0.00229429   -0.0224555  -0.00231809
  0.00229429            0    0.0214303  0.000601174
   0.0224555   -0.0214303            0   0.00957906
  0.00231809 -0.000601174  -0.00957906            0
EndNode2[0]<--->BSA[0]
REAL
   0.367532 -0.00371415   0.0160257    0.175947
-0.00371415    0.146753  -0.0121972   0.0114743
  0.0160257  -0.0121972    0.145455   0.0249642
   0.175947   0.0114743   0.0249642     0.34026
IMAGINARY
          0   0.0126092   0.0109701  0.00516611
 -0.0126092           0   0.0138212   0.0173804
 -0.0109701  -0.0138212           0  -0.0280732
-0.00516611  -0.0173804   0.0280732           0
Repeater1[0]<--->EndNode1[0]
REAL
  0.319285 -0.0266814 -0.0131057   0.177489
-0.0266814     0.1341 -0.0112523  0.0143943
-0.0131057 -0.0112523   0.185185  0.0034855
  0.177489  0.0143943  0.0034855    0.36143
IMAGINARY
           0   -0.0224555  -0.00229429  -0.00231809
   0.0224555            0   -0.0214303   0.00957906
  0.00229429    0.0214303            0  0.000601174
  0.00231809  -0.00957906 -0.000601174            0
Repeater1[0]<--->BSA[0]
REAL
   0.367532   0.0160257 -0.00371415    0.175947
  0.0160257    0.145455  -0.0121972   0.0249642
-0.00371415  -0.0121972    0.146753   0.0114743
   0.175947   0.0249642   0.0114743     0.34026
IMAGINARY
          0   0.0109701   0.0126092  0.00516611
 -0.0109701           0  -0.0138212  -0.0280732
 -0.0126092   0.0138212           0   0.0173804
-0.00516611   0.0280732  -0.0173804           0
EndNode1[0]<--->Repeater1[0]
REAL
    0.36399 -0.00912834 -0.00331826    0.187348
-0.00912834    0.148964 -0.00997006   0.0238838
-0.00331826 -0.00997006    0.158031 0.000130915
   0.187348   0.0238838 0.000130915    0.329016
IMAGINARY
          0 -0.00891612  0.00528492  0.00303419
 0.00891612           0  0.00885567    0.017065
-0.00528492 -0.00885567           0 -0.00704812
-0.00303419   -0.017065  0.00704812           0
EndNode2[0]<--->BSA[0]
REAL
    0.380353    -0.028246  6.93889e-18     0.182537
   -0.028246     0.153652  -0.00378686 -6.93889e-18
 6.93889e-18  -0.00378686     0.142317 -0.000504032
    0.182537 -6.93889e-18 -0.000504032     0.323678
IMAGINARY
          0  -0.0302039 -0.00315956  -0.0116899
  0.0302039           0 -0.00252202 -0.00248661
 0.00315956  0.00252202           0 -0.00931935
  0.0116899  0.00248661  0.00931935           0
Repeater1[0]<--->EndNode1[0]
REAL
    0.36399 -0.00331826 -0.00912834    0.187348
-0.00331826    0.158031 -0.00997006 0.000130915
-0.00912834 -0.00997006    0.148964   0.0238838
   0.187348 0.000130915   0.0238838    0.329016
IMAGINARY
          0  0.00528492 -0.00891612  0.00303419
-0.00528492           0 -0.00885567 -0.00704812
 0.00891612  0.00885567           0    0.017065
-0.00303419  0.00704812   -0.017065           0
Repeater1[0]<--->BSA[0]
REAL
    0.380353  6.93889e-18    -0.028246     0.182537
 6.93889e-18     0.142317  -0.00378686 -0.000504032
   -0.028246  -0.00378686     0.153652 -6.93889e-18
    0.182537 -0.000504032 -6.93889e-18     0.323678
IMAGINARY
          0 -0.00315956  -0.0302039  -0.0116899
 0.00315956           0  0.00252202 -0.00931935
  0.0302039 -0.00252202           0 -0.00248661
  0.0116899  0.00931935  0.00248661           0
EndNode1[0]<--->Repeater1[0]
REAL
   0.358263  0.00287189 -0.00080847    0.181934
 0.00287189    0.130277 -0.00629333   0.0110649
-0.00080847 -0.00629333    0.176116  -0.0169745
   0.181934   0.0110649  -0.0169745    0.335344
IMAGINARY
          0  0.00644333  -0.0214599  0.00744822
-0.00644333           0  0.00286106 -0.00376654
  0.0214599 -0.00286106           0 -0.00320918
-0.00744822  0.00376654  0.00320918           0
EndNode2[0]<--->BSA[0]
REAL
