EndNode1[0]<--->Repeater1[0]
REAL
   0.539177 0.000843692   0.0140349    0.046786
0.000843692    0.179283 -0.00862298 0.000842245
  0.0140349 -0.00862298     0.14077  -0.0208954
   0.046786 0.000842245  -0.0208954     0.14077
IMAGINARY
           0  -0.00680286   -0.0176449    0.0142809
  0.00680286            0 -0.000947547  -0.00610178
   0.0176449  0.000947547            0    0.0133992
  -0.0142809   0.00610178   -0.0133992            0
EndNode2[0]<--->BSA[0]
REAL
  0.469636  0.0187711  0.0190479  0.0978981
 0.0187711    0.14305  0.0210208 -0.0109398
 0.0190479  0.0210208   0.156545  0.0109586
 0.0978981 -0.0109398  0.0109586   0.230769
IMAGINARY
          0  0.00231328  -0.0333377   -0.017574
-0.00231328           0  -0.0103844 -0.00301511
  0.0333377   0.0103844           0   0.0328476
   0.017574  0.00301511  -0.0328476           0
Repeater1[0]<--->EndNode1[0]
REAL
   0.539177   0.0140349 0.000843692    0.046786
  0.0140349     0.14077 -0.00862298  -0.0208954
0.000843692 -0.00862298    0.179283 0.000842245
   0.046786  -0.0208954 0.000842245     0.14077
IMAGINARY
           0   -0.0176449  -0.00680286    0.0142809
   0.0176449            0  0.000947547    0.0133992
  0.00680286 -0.000947547            0  -0.00610178
  -0.0142809   -0.0133992   0.00610178            0
Repeater1[0]<--->BSA[0]
REAL
  0.469636  0.0190479  0.0187711  0.0978981
 0.0190479   0.156545  0.0210208  0.0109586
 0.0187711  0.0210208    0.14305 -0.0109398
 0.0978981  0.0109586 -0.0109398   0.230769
IMAGINARY
          0  -0.0333377  0.00231328   -0.017574
  0.0333377           0   0.0103844   0.0328476
-0.00231328  -0.0103844           0 -0.00301511
   0.017574  -0.0328476  0.00301511           0
EndNode1[0]<--->Repeater1[0]
REAL
   0.533686  0.00377479   0.0120822   0.0517659
 0.00377479    0.200793 -0.00477794  0.00117079
  0.0120822 -0.00477794    0.141347  0.00947822
  0.0517659  0.00117079  0.00947822    0.124174
IMAGINARY
           0 -0.000606245  -0.00431101    0.0126644
 0.000606245            0    0.0101518    0.0176528
  0.00431101   -0.0101518            0  -0.00129973
  -0.0126644   -0.0176528   0.00129973            0
EndNode2[0]<--->BSA[0]
REAL
   0.504723 -0.00339783  -0.0103771   0.0815885
-0.00339783    0.130904   0.0129356  0.00320632
 -0.0103771   0.0129356    0.149798   0.0157838
  0.0815885  0.00320632   0.0157838    0.214575
IMAGINARY
          0  -0.0200009  -0.0137502    0.014224
  0.0200009           0  0.00787879   0.0150456
  0.0137502 -0.00787879           0  0.00963824
  -0.014224  -0.0150456 -0.00963824           0
Repeater1[0]<--->EndNode1[0]
REAL
   0.533686   0.0120822  0.00377479   0.0517659
  0.0120822    0.141347 -0.00477794  0.00947822
 0.00377479 -0.00477794    0.200793  0.00117079
  0.0517659  0.00947822  0.00117079    0.124174
IMAGINARY
           0  -0.00431101 -0.000606245    0.0126644
  0.00431101            0   -0.0101518  -0.00129973
 0.000606245    0.0101518            0    0.0176528
  -0.0126644   0.00129973   -0.0176528            0
Repeater1[0]<--->BSA[0]
REAL
   0.504723  -0.0103771 -0.00339783   0.0815885
 -0.0103771    0.149798   0.0129356   0.0157838
-0.00339783   0.0129356    0.130904  0.00320632
  0.0815885   0.0157838  0.00320632    0.214575
IMAGINARY
          0  -0.0137502  -0.0200009    0.014224
  0.0137502           0 -0.00787879  0.00963824
  0.0200009  0.00787879           0   0.0150456
  -0.014224 -0.00963824  -0.0150456           0
EndNode1[0]<--->Repeater1[0]
REAL
   0.546497  -0.0159431 -0.00168622   0.0474272
 -0.0159431    0.184713   0.0213228   0.0241862
-0.00168622   0.0213228    0.140127  0.00719312
  0.0474272   0.0241862  0.00719312    0.128662
IMAGINARY
          0 -0.00989218 -0.00285663   -0.010272
 0.00989218           0  0.00962185   0.0182515
 0.00285663 -0.00962185           0  -0.0188896
   0.010272  -0.0182515   0.0188896           0
EndNode2[0]<--->BSA[0]
REAL
   0.529178 -0.00760363 -0.00099075   0.0928165
-0.00760363    0.116711 -0.00208799   0.0029775
-0.00099075 -0.00208799    0.145889   0.0109149
  0.0928165   0.0029775   0.0109149    0.208223
IMAGINARY
          0  0.00939239   0.0293135 -0.00845635
-0.00939239           0 -0.00601733  0.00444443
 -0.0293135  0.00601733           0  0.00270952
 0.00845635 -0.00444443 -0.00270952           0
Repeater1[0]<--->EndNode1[0]
REAL
   0.546497 -0.00168622  -0.0159431   0.0474272
-0.00168622    0.140127   0.0213228  0.00719312
 -0.0159431   0.0213228    0.184713   0.0241862
  0.0474272  0.00719312   0.0241862    0.128662
IMAGINARY
          0 -0.00285663 -0.00989218   -0.010272
 0.00285663           0 -0.00962185  -0.0188896
 0.00989218  0.00962185           0   0.0182515
   0.010272   0.0188896  -0.0182515           0
Repeater1[0]<--->BSA[0]
REAL
   0.529178 -0.00099075 -0.00760363   0.0928165
-0.00099075    0.145889 -0.00208799   0.0109149
-0.00760363 -0.00208799    0.116711   0.0029775
  0.0928165   0.0109149   0.0029775    0.208223
IMAGINARY
          0   0.0293135  0.00939239 -0.00845635
 -0.0293135           0  0.00601733  0.00270952
-0.00939239 -0.00601733           0  0.00444443
 0.00845635 -0.00270952 -0.00444443           0
EndNode1[0]<--->Repeater1[0]
REAL
   0.514429 -0.00260471 -0.00450136   0.0511393
-0.00260471    0.179423   0.0026665  -0.0256824
-0.00450136   0.0026665    0.161857   0.0170404
  0.0511393  -0.0256824   0.0170404    0.144291
IMAGINARY
          0 -0.00323632  -0.0121946   -0.037375
 0.00323632           0  0.00540572  0.00223447
  0.0121946 -0.00540572           0 -8.3734e-05
   0.037375 -0.00223447  8.3734e-05           0
EndNode2[0]<--->BSA[0]
REAL
  0.484576  0.0129604 -0.0042259  0.0823694
 0.0129604   0.128535 0.00226603  0.0276634
-0.0042259 0.00226603    0.16838 0.00136249
 0.0823694  0.0276634 0.00136249   0.218509
IMAGINARY
          0    0.030015 -0.00286287 -0.00463524
  -0.030015           0  -0.0133135   -0.016517
 0.00286287   0.0133135           0 -0.00675919
 0.00463524    0.016517  0.00675919           0
Repeater1[0]<--->EndNode1[0]
REAL
   0.514429 -0.00450136 -0.00260471   0.0511393
-0.00450136    0.161857   0.0026665   0.0170404
-0.00260471   0.0026665    0.179423  -0.0256824
  0.0511393   0.0170404  -0.0256824    0.144291
IMAGINARY
          0  -0.0121946 -0.00323632   -0.037375
  0.0121946           0 -0.00540572 -8.3734e-05
 0.00323632  0.00540572           0  0.00223447
   0.037375  8.3734e-05 -0.00223447           0
Repeater1[0]<--->BSA[0]
REAL
  0.484576 -0.0042259  0.0129604  0.0823694
-0.0042259    0.16838 0.00226603 0.00136249
 0.0129604 0.00226603   0.128535  0.0276634
 0.0823694 0.00136249  0.0276634   0.218509
IMAGINARY
          0 -0.00286287    0.030015 -0.00463524
 0.00286287           0   0.0133135 -0.00675919
  -0.030015  -0.0133135           0   -0.016517
 0.00463524  0.00675919    0.016517           0
EndNode1[0]<--->Repeater1[0]
REAL
   0.53699 0.00666366  0.0109504  0.0529895
0.00666366   0.192602  0.0124489 0.00112077
 0.0109504  0.0124489   0.153061  0.0028662
 0.0529895 0.00112077  0.0028662   0.117347
IMAGINARY
          0  0.00898039   0.0113895   0.0214439
-0.00898039           0   -0.018218   -0.010746
 -0.0113895    0.018218           0  0.00453312
 -0.0214439    0.010746 -0.00453312           0
EndNode2[0]<--->BSA[0]
REAL
    0.484117   0.00627735    0.0158616    0.0930607
  0.00627735       0.1169   0.00190787 -0.000138365
   0.0158616   0.00190787      0.15629   0.00944592
   0.0930607 -0.000138365   0.00944592     0.242694
IMAGINARY
          0  -0.0120216   0.0112444  0.00669034
  0.0120216           0 -0.00973541  -0.0259897
 -0.0112444  0.00973541           0 -0.00138326
-0.00669034   0.0259897  0.00138326           0
Repeater1[0]<--->EndNode1[0]
REAL
   0.53699  0.0109504 0.00666366  0.0529895
 0.0109504   0.153061  0.0124489  0.0028662
0.00666366  0.0124489   0.192602 0.00112077
 0.0529895  0.0028662 0.00112077   0.117347
IMAGINARY
          0   0.0113895  0.00898039   0.0214439
 -0.0113895           0    0.018218  0.00453312
-0.00898039   -0.018218           0   -0.010746
 -0.0214439 -0.00453312    0.010746           0
Repeater1[0]<--->BSA[0]
REAL
    0.484117    0.0158616   0.00627735    0.0930607
   0.0158616      0.15629   0.00190787   0.00944592
  0.00627735   0.00190787       0.1169 -0.000138365
   0.0930607   0.00944592 -0.000138365     0.242694
IMAGINARY
          0   0.0112444  -0.0120216  0.00669034
 -0.0112444           0  0.00973541 -0.00138326
  0.0120216 -0.00973541           0  -0.0259897
-0.00669034  0.00138326   0.0259897           0
