EndNode1[0]<--->Repeater1[0]
REAL
 0.323096 0.0139275 0.0243463  0.234021
0.0139275  0.186732 0.0638225  0.038996
0.0243463 0.0638225  0.169533  0.025156
 0.234021  0.038996  0.025156  0.320639
IMAGINARY
          0  -0.0252425  0.00313947  -0.0166585
  0.0252425           0   0.0077753  -0.0130732
-0.00313947  -0.0077753           0 -0.00588334
  0.0166585   0.0130732  0.00588334           0
EndNode2[0]<--->BSA[0]
REAL
  0.320828 0.00819523  0.0205336   0.226012
0.00819523   0.156533  0.0558544 -0.0106781
 0.0205336  0.0558544   0.179819 0.00691646
  0.226012 -0.0106781 0.00691646    0.34282
IMAGINARY
           0  -0.00430393  0.000570799    0.0034153
  0.00430393            0   -0.0034153   -0.0031886
-0.000570799    0.0034153            0  -0.00616728
  -0.0034153    0.0031886   0.00616728            0
Repeater1[0]<--->EndNode1[0]
REAL
 0.323096 0.0243463 0.0139275  0.234021
0.0243463  0.169533 0.0638225  0.025156
0.0139275 0.0638225  0.186732  0.038996
 0.234021  0.025156  0.038996  0.320639
IMAGINARY
          0  0.00313947  -0.0252425  -0.0166585
-0.00313947           0  -0.0077753 -0.00588334
  0.0252425   0.0077753           0  -0.0130732
  0.0166585  0.00588334   0.0130732           0
Repeater1[0]<--->BSA[0]
REAL
  0.320828  0.0205336 0.00819523   0.226012
 0.0205336   0.179819  0.0558544 0.00691646
0.00819523  0.0558544   0.156533 -0.0106781
  0.226012 0.00691646 -0.0106781    0.34282
IMAGINARY
           0  0.000570799  -0.00430393    0.0034153
-0.000570799            0    0.0034153  -0.00616728
  0.00430393   -0.0034153            0   -0.0031886
  -0.0034153   0.00616728    0.0031886            0
EndNode1[0]<--->Repeater1[0]
REAL
    0.34492  -0.0113444 0.000975548    0.220745
 -0.0113444    0.160428   0.0664085 -0.00349444
0.000975548   0.0664085    0.152406  -0.0125851
   0.220745 -0.00349444  -0.0125851    0.342246
IMAGINARY
          0   0.0101369  0.00903923  0.00557004
 -0.0101369           0   0.0155567   0.0202975
-0.00903923  -0.0155567           0  0.00261815
-0.00557004  -0.0202975 -0.00261815           0
EndNode2[0]<--->BSA[0]
REAL
   0.411687 -0.00331666  -0.0183101    0.218596
-0.00331666    0.152722   0.0701184  0.00124977
 -0.0183101   0.0701184     0.14077 -0.00455736
   0.218596  0.00124977 -0.00455736    0.294821
IMAGINARY
          0  -0.0127956   0.0023445  0.00315569
  0.0127956           0 -0.00379754 -0.00107547
 -0.0023445  0.00379754           0 -0.00243287
-0.00315569  0.00107547  0.00243287           0
Repeater1[0]<--->EndNode1[0]
REAL
    0.34492 0.000975548  -0.0113444    0.220745
0.000975548    0.152406   0.0664085  -0.0125851
 -0.0113444   0.0664085    0.160428 -0.00349444
   0.220745  -0.0125851 -0.00349444    0.342246
IMAGINARY
          0  0.00903923   0.0101369  0.00557004
-0.00903923           0  -0.0155567  0.00261815
 -0.0101369   0.0155567           0   0.0202975
-0.00557004 -0.00261815  -0.0202975           0
Repeater1[0]<--->BSA[0]
REAL
   0.411687  -0.0183101 -0.00331666    0.218596
 -0.0183101     0.14077   0.0701184 -0.00455736
-0.00331666   0.0701184    0.152722  0.00124977
   0.218596 -0.00455736  0.00124977    0.294821
IMAGINARY
          0   0.0023445  -0.0127956  0.00315569
 -0.0023445           0  0.00379754 -0.00243287
  0.0127956 -0.00379754           0 -0.00107547
-0.00315569  0.00243287  0.00107547           0
EndNode1[0]<--->Repeater1[0]
REAL
    0.342675 -0.000564365  -0.00862855     0.202354
-0.000564365     0.166879    0.0606982  -0.00408899
 -0.00862855    0.0606982     0.138854    0.0025724
    0.202354  -0.00408899    0.0025724     0.351592
IMAGINARY
          0 -0.00260511 -0.00239903 -0.00905716
 0.00260511           0   0.0295033  0.00433952
 0.00239903  -0.0295033           0   0.0148949
 0.00905716 -0.00433952  -0.0148949           0
EndNode2[0]<--->BSA[0]
REAL
   0.307206 9.03191e-05 -0.00361159    0.219594
9.03191e-05    0.168142   0.0676397   0.0192561
-0.00361159   0.0676397    0.171934   0.0155542
   0.219594   0.0192561   0.0155542    0.352718
IMAGINARY
          0   0.0032456  0.00976388 -0.00612959
 -0.0032456           0 -0.00217181  -0.0267878
-0.00976388  0.00217181           0   0.0163004
 0.00612959   0.0267878  -0.0163004           0
Repeater1[0]<--->EndNode1[0]
REAL
    0.342675  -0.00862855 -0.000564365     0.202354
 -0.00862855     0.138854    0.0606982    0.0025724
-0.000564365    0.0606982     0.166879  -0.00408899
    0.202354    0.0025724  -0.00408899     0.351592
IMAGINARY
          0 -0.00239903 -0.00260511 -0.00905716
 0.00239903           0  -0.0295033   0.0148949
 0.00260511   0.0295033           0  0.00433952
 0.00905716  -0.0148949 -0.00433952           0
Repeater1[0]<--->BSA[0]
REAL
   0.307206 -0.00361159 9.03191e-05    0.219594
-0.00361159    0.171934   0.0676397   0.0155542
9.03191e-05   0.0676397    0.168142   0.0192561
   0.219594   0.0155542   0.0192561    0.352718
IMAGINARY
          0  0.00976388   0.0032456 -0.00612959
-0.00976388           0  0.00217181   0.0163004
 -0.0032456 -0.00217181           0  -0.0267878
 0.00612959  -0.0163004   0.0267878           0
EndNode1[0]<--->Repeater1[0]
REAL
   0.353584  0.00668234  0.00604368    0.248568
 0.00668234    0.168894   0.0509242 -0.00223657
 0.00604368   0.0509242    0.147023  0.00220091
   0.248568 -0.00223657  0.00220091    0.330498
IMAGINARY
          0 -0.00792242   0.0111414    -0.02445
 0.00792242           0  -0.0114895  0.00980096
 -0.0111414   0.0114895           0  0.00923132
    0.02445 -0.00980096 -0.00923132           0
EndNode2[0]<--->BSA[0]
REAL
   0.335025 -0.00587751 -0.00927524    0.237505
-0.00587751    0.151015   0.0612366  0.00361486
-0.00927524   0.0612366    0.159898 -0.00984576
   0.237505  0.00361486 -0.00984576    0.354061
IMAGINARY
           0  -0.00377539    0.0296984   0.00421262
  0.00377539            0   0.00681679 -0.000205925
  -0.0296984  -0.00681679            0   -0.0147431
 -0.00421262  0.000205925    0.0147431            0
Repeater1[0]<--->EndNode1[0]
REAL
   0.353584  0.00604368  0.00668234    0.248568
 0.00604368    0.147023   0.0509242  0.00220091
 0.00668234   0.0509242    0.168894 -0.00223657
   0.248568  0.00220091 -0.00223657    0.330498
IMAGINARY
          0   0.0111414 -0.00792242    -0.02445
 -0.0111414           0   0.0114895  0.00923132
 0.00792242  -0.0114895           0  0.00980096
    0.02445 -0.00923132 -0.00980096           0
Repeater1[0]<--->BSA[0]
REAL
   0.335025 -0.00927524 -0.00587751    0.237505
-0.00927524    0.159898   0.0612366 -0.00984576
-0.00587751   0.0612366    0.151015  0.00361486
   0.237505 -0.00984576  0.00361486    0.354061
IMAGINARY
           0    0.0296984  -0.00377539   0.00421262
  -0.0296984            0  -0.00681679   -0.0147431
  0.00377539   0.00681679            0 -0.000205925
 -0.00421262    0.0147431  0.000205925            0
EndNode1[0]<--->Repeater1[0]
REAL
   0.332886   -0.013837 -0.00243908    0.214483
  -0.013837    0.154362    0.070971 0.000620897
-0.00243908    0.070971    0.167785  -0.0182842
   0.214483 0.000620897  -0.0182842    0.344966
IMAGINARY
          0  0.00691569 -0.00696024 -0.00763439
-0.00691569           0 -0.00167412  0.00237309
 0.00696024  0.00167412           0  0.00815639
 0.00763439 -0.00237309 -0.00815639           0
EndNode2[0]<--->BSA[0]
REAL
   0.317568 -0.00688961   0.0105791    0.234896
-0.00688961     0.12973   0.0556277 -0.00559162
  0.0105791   0.0556277    0.182432   0.0118771
   0.234896 -0.00559162   0.0118771     0.37027
IMAGINARY
          0  -0.0192215 -0.00159223 -0.00361755
  0.0192215           0   0.0183801   -0.020359
 0.00159223  -0.0183801           0 -0.00394924
 0.00361755    0.020359  0.00394924           0
Repeater1[0]<--->EndNode1[0]
REAL
   0.332886 -0.00243908   -0.013837    0.214483
-0.00243908    0.167785    0.070971  -0.0182842
  -0.013837    0.070971    0.154362 0.000620897
   0.214483  -0.0182842 0.000620897    0.344966
IMAGINARY
          0 -0.00696024  0.00691569 -0.00763439
 0.00696024           0  0.00167412  0.00815639
-0.00691569 -0.00167412           0  0.00237309
 0.00763439 -0.00815639 -0.00237309           0
Repeater1[0]<--->BSA[0]
REAL
   0.317568   0.0105791 -0.00688961    0.234896
  0.0105791    0.182432   0.0556277   0.0118771
-0.00688961   0.0556277     0.12973 -0.00559162
   0.234896   0.0118771 -0.00559162     0.37027
IMAGINARY
          0 -0.00159223  -0.0192215 -0.00361755
 0.00159223           0  -0.0183801 -0.00394924
  0.0192215   0.0183801           0   -0.020359
 0.00361755  0.00394924    0.020359           0
EndNode1[0]<--->Repeater1[0]
REAL
 0.338403  0.015914 0.0131505  0.246166
 0.015914  0.155894 0.0781926 0.0278752
0.0131505 0.0781926  0.169835 0.0238296
 0.246166 0.0278752 0.0238296  0.335868
IMAGINARY
           0    0.0019461   -0.0164397   0.00521959
  -0.0019461            0    0.0160304  9.97855e-05
   0.0164397   -0.0160304            0   0.00132188
 -0.00521959 -9.97855e-05  -0.00132188            0
EndNode2[0]<--->BSA[0]
REAL
   0.334994 -0.00395557  0.00277186    0.220554
-0.00395557    0.171856   0.0565324  -0.0133572
 0.00277186   0.0565324     0.14944  -0.0203284
   0.220554  -0.0133572  -0.0203284    0.343711
IMAGINARY
           0  -0.00723995 -0.000350043  -0.00289069
  0.00723995            0  -0.00484127 -0.000972708
 0.000350043   0.00484127            0   -0.0205378
  0.00289069  0.000972708    0.0205378            0
Repeater1[0]<--->EndNode1[0]
REAL
 0.338403 0.0131505  0.015914  0.246166
0.0131505  0.169835 0.0781926 0.0238296
 0.015914 0.0781926  0.155894 0.0278752
 0.246166 0.0238296 0.0278752  0.335868
IMAGINARY
           0   -0.0164397    0.0019461   0.00521959
   0.0164397            0   -0.0160304   0.00132188
  -0.0019461    0.0160304            0  9.97855e-05
 -0.00521959  -0.00132188 -9.97855e-05            0
Repeater1[0]<--->BSA[0]
REAL
   0.334994  0.00277186 -0.00395557    0.220554
 0.00277186     0.14944   0.0565324  -0.0203284
-0.00395557   0.0565324    0.171856  -0.0133572
   0.220554  -0.0203284  -0.0133572    0.343711
IMAGINARY
           0 -0.000350043  -0.00723995  -0.00289069
 0.000350043            0   0.00484127   -0.0205378
  0.00723995  -0.00484127            0 -0.000972708
  0.00289069    0.0205378  0.000972708            0
EndNode1[0]<--->Repeater1[0]
REAL
   0.330677 -0.00265233  -0.0162672    0.219474
-0.00265233    0.177955   0.0676225  -0.0076038
 -0.0162672   0.0676225    0.164675  0.00845878
   0.219474  -0.0076038  0.00845878    0.326693
IMAGINARY
          0  0.00737956   0.0130186  -0.0101126
-0.00737956           0  -0.0126442  -0.0265989
 -0.0130186   0.0126442           0    0.011139
  0.0101126   0.0265989   -0.011139           0
EndNode2[0]<--->BSA[0]
REAL
    0.319549   0.00739529  -0.00134636      0.18844
  0.00739529      0.16792    0.0670299    0.0238689
 -0.00134636    0.0670299     0.172932 -0.000316788
     0.18844    0.0238689 -0.000316788     0.339599
IMAGINARY
          0 -0.00929802  0.00123641   0.0113745
 0.00929802           0  0.00230712   0.0118184
-0.00123641 -0.00230712           0 -0.00114585
 -0.0113745  -0.0118184  0.00114585           0
Repeater1[0]<--->EndNode1[0]
REAL
   0.330677  -0.0162672 -0.00265233    0.219474
 -0.0162672    0.164675   0.0676225  0.00845878
-0.00265233   0.0676225    0.177955  -0.0076038
   0.219474  0.00845878  -0.0076038    0.326693
IMAGINARY
          0   0.0130186  0.00737956  -0.0101126
 -0.0130186           0   0.0126442    0.011139
-0.00737956  -0.0126442           0  -0.0265989
  0.0101126   -0.011139   0.0265989           0
Repeater1[0]<--->BSA[0]
REAL
    0.319549  -0.00134636   0.00739529      0.18844
 -0.00134636     0.172932    0.0670299 -0.000316788
  0.00739529    0.0670299      0.16792    0.0238689
     0.18844 -0.000316788    0.0238689     0.339599
IMAGINARY
          0  0.00123641 -0.00929802   0.0113745
-0.00123641           0 -0.00230712 -0.00114585
 0.00929802  0.00230712           0   0.0118184
 -0.0113745  0.00114585  -0.0118184           0
EndNode1[0]<--->Repeater1[0]
REAL
   0.324289   0.0034586 -0.00172187    0.237894
  0.0034586    0.144703   0.0510381   0.0178094
-0.00172187   0.0510381    0.179587   0.0100549
   0.237894   0.0178094   0.0100549    0.351421
IMAGINARY
           0   0.00605415    0.0105621  0.000748354
 -0.00605415            0   -0.0259096   0.00490177
  -0.0105621    0.0259096            0    0.0184304
-0.000748354  -0.00490177   -0.0184304            0
EndNode2[0]<--->BSA[0]
REAL
   0.314324  -0.0151004 -0.00827504    0.230507
 -0.0151004    0.181698   0.0730417  -0.0227769
-0.00827504   0.0730417    0.168435  -0.0273584
   0.230507  -0.0227769  -0.0273584    0.335544
IMAGINARY
          0 -0.00513738   0.0191555 -0.00979936
 0.00513738           0  0.00268422  -0.0147641
 -0.0191555 -0.00268422           0   0.0145477
 0.00979936   0.0147641  -0.0145477           0
Repeater1[0]<--->EndNode1[0]
REAL
   0.324289 -0.00172187   0.0034586    0.237894
-0.00172187    0.179587   0.0510381   0.0100549
  0.0034586   0.0510381    0.144703   0.0178094
   0.237894   0.0100549   0.0178094    0.351421
IMAGINARY
           0    0.0105621   0.00605415  0.000748354
  -0.0105621            0    0.0259096    0.0184304
 -0.00605415   -0.0259096            0   0.00490177
-0.000748354   -0.0184304  -0.00490177            0
Repeater1[0]<--->BSA[0]
REAL
   0.314324 -0.00827504  -0.0151004    0.230507
-0.00827504    0.168435   0.0730417  -0.0273584
 -0.0151004   0.0730417    0.181698  -0.0227769
   0.230507  -0.0273584  -0.0227769    0.335544
IMAGINARY
          0   0.0191555 -0.00513738 -0.00979936
 -0.0191555           0 -0.00268422   0.0145477
 0.00513738  0.00268422           0  -0.0147641
 0.00979936  -0.0145477   0.0147641           0
EndNode1[0]<--->Repeater1[0]
REAL
  0.339782  0.0083201  0.0148122   0.225635
 0.0083201   0.159613  0.0615132  0.0220017
 0.0148122  0.0615132   0.165659 0.00573612
  0.225635  0.0220017 0.00573612   0.334946
IMAGINARY
          0 -0.00247924   0.0161203  -0.0121216
 0.00247924           0   0.0115005  -0.0123035
 -0.0161203  -0.0115005           0 -0.00642661
  0.0121216   0.0123035  0.00642661           0
EndNode2[0]<--->BSA[0]
REAL
   0.348059 -0.00577552   0.0102878    0.246132
-0.00577552    0.171352    0.060526 -0.00708675
  0.0102878    0.060526    0.157965 -0.00510796
   0.246132 -0.00708675 -0.00510796    0.322624
IMAGINARY
          0 -0.00575893 -0.00311721  -0.0138958
 0.00575893           0   0.0119554  0.00311721
 0.00311721  -0.0119554           0   0.0145973
  0.0138958 -0.00311721  -0.0145973           0
Repeater1[0]<--->EndNode1[0]
REAL
  0.339782  0.0148122  0.0083201   0.225635
 0.0148122   0.165659  0.0615132 0.00573612
 0.0083201  0.0615132   0.159613  0.0220017
  0.225635 0.00573612  0.0220017   0.334946
IMAGINARY
          0   0.0161203 -0.00247924  -0.0121216
 -0.0161203           0  -0.0115005 -0.00642661
 0.00247924   0.0115005           0  -0.0123035
  0.0121216  0.00642661   0.0123035           0
Repeater1[0]<--->BSA[0]
REAL
   0.348059   0.0102878 -0.00577552    0.246132
  0.0102878    0.157965    0.060526 -0.00510796
-0.00577552    0.060526    0.171352 -0.00708675
   0.246132 -0.00510796 -0.00708675    0.322624
IMAGINARY
          0 -0.00311721 -0.00575893  -0.0138958
 0.00311721           0  -0.0119554   0.0145973
 0.00575893   0.0119554           0  0.00311721
  0.0138958  -0.0145973 -0.00311721           0
EndNode1[0]<--->Repeater1[0]
REAL
  0.348522  0.0023836  0.0133572   0.237752
 0.0023836   0.181034  0.0679155 0.00890997
 0.0133572  0.0679155   0.155172  0.0198836
  0.237752 0.00890997  0.0198836   0.315271
IMAGINARY
          0  -0.0277008 -0.00589801  0.00715785
  0.0277008           0   0.0218826   -0.011765
 0.00589801  -0.0218826           0 -0.00219055
-0.00715785    0.011765  0.00219055           0
EndNode2[0]<--->BSA[0]
REAL
  0.332497  0.0244926 0.00207639   0.208312
 0.0244926   0.171895  0.0594472  -0.019836
0.00207639  0.0594472   0.143036 -0.0231265
  0.208312  -0.019836 -0.0231265   0.352572
IMAGINARY
          0  -0.0103802   0.0100295  0.00455355
  0.0103802           0  0.00879597  0.00398921
 -0.0100295 -0.00879597           0  0.00570731
-0.00455355 -0.00398921 -0.00570731           0
Repeater1[0]<--->EndNode1[0]
REAL
  0.348522  0.0133572  0.0023836   0.237752
 0.0133572   0.155172  0.0679155  0.0198836
 0.0023836  0.0679155   0.181034 0.00890997
  0.237752  0.0198836 0.00890997   0.315271
IMAGINARY
          0 -0.00589801  -0.0277008  0.00715785
 0.00589801           0  -0.0218826 -0.00219055
  0.0277008   0.0218826           0   -0.011765
-0.00715785  0.00219055    0.011765           0
Repeater1[0]<--->BSA[0]
REAL
  0.332497 0.00207639  0.0244926   0.208312
0.00207639   0.143036  0.0594472 -0.0231265
 0.0244926  0.0594472   0.171895  -0.019836
  0.208312 -0.0231265  -0.019836   0.352572
IMAGINARY
          0   0.0100295  -0.0103802  0.00455355
 -0.0100295           0 -0.00879597  0.00570731
  0.0103802  0.00879597           0  0.00398921
-0.00455355 -0.00570731 -0.00398921           0
EndNode1[0]<--->Repeater1[0]
REAL
    0.351418  -0.00460623   0.00301114     0.224629
 -0.00460623     0.181258    0.0644227  -0.00768404
  0.00301114    0.0644227      0.15783 -6.66691e-05
    0.224629  -0.00768404 -6.66691e-05     0.309494
IMAGINARY
          0   0.0107176  0.00785314   -0.013192
 -0.0107176           0 -0.00199792  -0.0117291
-0.00785314  0.00199792           0   0.0177062
   0.013192   0.0117291  -0.0177062           0
EndNode2[0]<--->BSA[0]
REAL
   0.380208 -0.00432728 0.000437718    0.232207
-0.00432728    0.151042    0.056834  0.00367187
0.000437718    0.056834       0.125   0.0111766
   0.232207  0.00367187   0.0111766     0.34375
IMAGINARY
           0  3.24062e-05 -0.000362071   -0.0325868
-3.24062e-05            0  -0.00907984  -0.00710062
 0.000362071   0.00907984            0     0.026087
   0.0325868   0.00710062    -0.026087            0
Repeater1[0]<--->EndNode1[0]
REAL
    0.351418   0.00301114  -0.00460623     0.224629
  0.00301114      0.15783    0.0644227 -6.66691e-05
 -0.00460623    0.0644227     0.181258  -0.00768404
    0.224629 -6.66691e-05  -0.00768404     0.309494
IMAGINARY
          0  0.00785314   0.0107176   -0.013192
-0.00785314           0  0.00199792   0.0177062
 -0.0107176 -0.00199792           0  -0.0117291
   0.013192  -0.0177062   0.0117291           0
Repeater1[0]<--->BSA[0]
REAL
   0.380208 0.000437718 -0.00432728    0.232207
0.000437718       0.125    0.056834   0.0111766
-0.00432728    0.056834    0.151042  0.00367187
   0.232207   0.0111766  0.00367187     0.34375
IMAGINARY
           0 -0.000362071  3.24062e-05   -0.0325868
 0.000362071            0   0.00907984     0.026087
-3.24062e-05  -0.00907984            0  -0.00710062
   0.0325868    -0.026087   0.00710062            0
EndNode1[0]<--->Repeater1[0]
REAL
   0.333333   0.0226562  0.00434708    0.246278
  0.0226562    0.144531   0.0539702  0.00309708
 0.00434708   0.0539702    0.166667 0.000917035
   0.246278  0.00309708 0.000917035    0.355469
IMAGINARY
           0 -0.000452566    0.0135375    0.0137812
 0.000452566            0   -0.0246804   0.00667109
  -0.0135375    0.0246804            0  -0.00671823
  -0.0137812  -0.00667109   0.00671823            0
EndNode2[0]<--->BSA[0]
REAL
   0.337912  -0.0090915 -0.00328321    0.244359
 -0.0090915    0.175824   0.0585703 -0.00137724
-0.00328321   0.0585703    0.153846  -0.0222001
   0.244359 -0.00137724  -0.0222001    0.332418
IMAGINARY
          0   0.0214049  -0.0238838  -0.0277862
 -0.0214049           0   0.0139323  0.00367523
  0.0238838  -0.0139323           0 -0.00771525
  0.0277862 -0.00367523  0.00771525           0
Repeater1[0]<--->EndNode1[0]
REAL
   0.333333  0.00434708   0.0226562    0.246278
 0.00434708    0.166667   0.0539702 0.000917035
  0.0226562   0.0539702    0.144531  0.00309708
   0.246278 0.000917035  0.00309708    0.355469
IMAGINARY
           0    0.0135375 -0.000452566    0.0137812
  -0.0135375            0    0.0246804  -0.00671823
 0.000452566   -0.0246804            0   0.00667109
  -0.0137812   0.00671823  -0.00667109            0
Repeater1[0]<--->BSA[0]
REAL
   0.337912 -0.00328321  -0.0090915    0.244359
-0.00328321    0.153846   0.0585703  -0.0222001
 -0.0090915   0.0585703    0.175824 -0.00137724
   0.244359  -0.0222001 -0.00137724    0.332418
IMAGINARY
          0  -0.0238838   0.0214049  -0.0277862
  0.0238838           0  -0.0139323 -0.00771525
 -0.0214049   0.0139323           0  0.00367523
  0.0277862  0.00771525 -0.00367523           0
EndNode1[0]<--->Repeater1[0]
REAL
   0.319042  0.00644045  0.00324897    0.229711
 0.00644045    0.148802   0.0507769   0.0252063
 0.00324897   0.0507769    0.157629 0.000334617
   0.229711   0.0252063 0.000334617    0.374527
IMAGINARY
           0  -0.00289049  -0.00826815    0.0127795
  0.00289049            0  -0.00593018 -0.000615094
  0.00826815   0.00593018            0    0.0155808
  -0.0127795  0.000615094   -0.0155808            0
EndNode2[0]<--->BSA[0]
REAL
   0.355091  -0.0165699  -0.0154445    0.211678
 -0.0165699    0.144909   0.0698873 -0.00349485
 -0.0154445   0.0698873    0.157963  -0.0112079
   0.211678 -0.00349485  -0.0112079    0.342037
IMAGINARY
           0    0.0133895     0.011791     0.015347
  -0.0133895            0   0.00193699  -0.00297149
   -0.011791  -0.00193699            0 -0.000499397
   -0.015347   0.00297149  0.000499397            0
Repeater1[0]<--->EndNode1[0]
REAL
   0.319042  0.00324897  0.00644045    0.229711
 0.00324897    0.157629   0.0507769 0.000334617
 0.00644045   0.0507769    0.148802   0.0252063
   0.229711 0.000334617   0.0252063    0.374527
IMAGINARY
           0  -0.00826815  -0.00289049    0.0127795
  0.00826815            0   0.00593018    0.0155808
  0.00289049  -0.00593018            0 -0.000615094
  -0.0127795   -0.0155808  0.000615094            0
Repeater1[0]<--->BSA[0]
REAL
   0.355091  -0.0154445  -0.0165699    0.211678
 -0.0154445    0.157963   0.0698873  -0.0112079
 -0.0165699   0.0698873    0.144909 -0.00349485
   0.211678  -0.0112079 -0.00349485    0.342037
IMAGINARY
           0     0.011791    0.0133895     0.015347
   -0.011791            0  -0.00193699 -0.000499397
  -0.0133895   0.00193699            0  -0.00297149
   -0.015347  0.000499397   0.00297149            0
EndNode1[0]<--->Repeater1[0]
REAL
   0.336032 -0.00837467  -0.0101926    0.226186
-0.00837467    0.161943   0.0515923  0.00572257
 -0.0101926   0.0515923    0.184885 -0.00120387
   0.226186  0.00572257 -0.00120387    0.317139
IMAGINARY
          0   0.0139835 -0.00339047  -0.0171693
 -0.0139835           0  -0.0129976   0.0127772
 0.00339047   0.0129976           0  -0.0208671
  0.0171693  -0.0127772   0.0208671           0
EndNode2[0]<--->BSA[0]
REAL
    0.338346   0.00511387   0.00697306     0.227444
  0.00511387     0.162907    0.0550076 -0.000963446
  0.00697306    0.0550076     0.151629 -0.000306181
    0.227444 -0.000963446 -0.000306181     0.347118
IMAGINARY
          0   -0.013052  -0.0101417  -0.0253263
   0.013052           0  -0.0152862 -0.00250811
  0.0101417   0.0152862           0   -0.016908
  0.0253263  0.00250811    0.016908           0
Repeater1[0]<--->EndNode1[0]
REAL
   0.336032  -0.0101926 -0.00837467    0.226186
 -0.0101926    0.184885   0.0515923 -0.00120387
-0.00837467   0.0515923    0.161943  0.00572257
   0.226186 -0.00120387  0.00572257    0.317139
IMAGINARY
          0 -0.00339047   0.0139835  -0.0171693
 0.00339047           0   0.0129976  -0.0208671
 -0.0139835  -0.0129976           0   0.0127772
  0.0171693   0.0208671  -0.0127772           0
Repeater1[0]<--->BSA[0]
REAL
    0.338346   0.00697306   0.00511387     0.227444
  0.00697306     0.151629    0.0550076 -0.000306181
  0.00511387    0.0550076     0.162907 -0.000963446
    0.227444 -0.000306181 -0.000963446     0.347118
IMAGINARY
          0  -0.0101417   -0.013052  -0.0253263
  0.0101417           0   0.0152862   -0.016908
   0.013052  -0.0152862           0 -0.00250811
  0.0253263    0.016908  0.00250811           0
EndNode1[0]<--->Repeater1[0]
REAL
   0.338422    0.030287   0.0053128    0.229543
   0.030287    0.128499   0.0544768  0.00654737
  0.0053128   0.0544768    0.203562 -0.00219709
   0.229543  0.00654737 -0.00219709    0.329517
IMAGINARY
          0  -0.0112446 -0.00804655  -0.0227808
  0.0112446           0  -0.0105525  0.00937281
 0.00804655   0.0105525           0 -0.00997556
  0.0227808 -0.00937281  0.00997556           0
EndNode2[0]<--->BSA[0]
REAL
   0.333745 -0.00910938  0.00241352    0.206182
-0.00910938    0.159456   0.0537188  0.00624984
 0.00241352   0.0537188    0.182942  0.00787175
   0.206182  0.00624984  0.00787175    0.323857
IMAGINARY
           0    0.0212722    0.0220407 -0.000238919
  -0.0212722            0   0.00653615   0.00126152
  -0.0220407  -0.00653615            0  -0.00329618
 0.000238919  -0.00126152   0.00329618            0
Repeater1[0]<--->EndNode1[0]
REAL
   0.338422   0.0053128    0.030287    0.229543
  0.0053128    0.203562   0.0544768 -0.00219709
   0.030287   0.0544768    0.128499  0.00654737
   0.229543 -0.00219709  0.00654737    0.329517
IMAGINARY
          0 -0.00804655  -0.0112446  -0.0227808
 0.00804655           0   0.0105525 -0.00997556
  0.0112446  -0.0105525           0  0.00937281
  0.0227808  0.00997556 -0.00937281           0
Repeater1[0]<--->BSA[0]
REAL
   0.333745  0.00241352 -0.00910938    0.206182
 0.00241352    0.182942   0.0537188  0.00787175
-0.00910938   0.0537188    0.159456  0.00624984
   0.206182  0.00787175  0.00624984    0.323857
IMAGINARY
           0    0.0220407    0.0212722 -0.000238919
  -0.0220407            0  -0.00653615  -0.00329618
  -0.0212722   0.00653615            0   0.00126152
 0.000238919   0.00329618  -0.00126152            0
EndNode1[0]<--->Repeater1[0]
REAL
  0.356336 0.00403272 -0.0139691   0.229962
0.00403272   0.161857  0.0700379 0.00800888
-0.0139691  0.0700379   0.155583 0.00722556
  0.229962 0.00800888 0.00722556   0.326223
IMAGINARY
          0 -0.00284048  -0.0207468   0.0122507
 0.00284048           0  -0.0172382   0.0239073
  0.0207468   0.0172382           0 -0.00411274
 -0.0122507  -0.0239073  0.00411274           0
EndNode2[0]<--->BSA[0]
REAL
   0.334554  0.00937042   0.0177062    0.232456
 0.00937042    0.196581   0.0712092 -0.00854385
  0.0177062   0.0712092    0.131868 -0.00020812
   0.232456 -0.00854385 -0.00020812    0.336996
IMAGINARY
           0  -0.00864411   0.00202522   -0.0049459
  0.00864411            0   0.00757057 -0.000670202
 -0.00202522  -0.00757057            0 -0.000840987
   0.0049459  0.000670202  0.000840987            0
Repeater1[0]<--->EndNode1[0]
REAL
  0.356336 -0.0139691 0.00403272   0.229962
-0.0139691   0.155583  0.0700379 0.00722556
0.00403272  0.0700379   0.161857 0.00800888
  0.229962 0.00722556 0.00800888   0.326223
IMAGINARY
          0  -0.0207468 -0.00284048   0.0122507
  0.0207468           0   0.0172382 -0.00411274
 0.00284048  -0.0172382           0   0.0239073
 -0.0122507  0.00411274  -0.0239073           0
Repeater1[0]<--->BSA[0]
REAL
   0.334554   0.0177062  0.00937042    0.232456
  0.0177062    0.131868   0.0712092 -0.00020812
 0.00937042   0.0712092    0.196581 -0.00854385
   0.232456 -0.00020812 -0.00854385    0.336996
IMAGINARY
           0   0.00202522  -0.00864411   -0.0049459
 -0.00202522            0  -0.00757057 -0.000840987
  0.00864411   0.00757057            0 -0.000670202
   0.0049459  0.000840987  0.000670202            0
EndNode1[0]<--->Repeater1[0]
REAL
  0.341085  0.0141028 -0.0183667   0.226105
 0.0141028   0.145995  0.0610167 0.00456907
-0.0183667  0.0610167   0.166667 -0.0305285
  0.226105 0.00456907 -0.0305285   0.346253
IMAGINARY
          0   0.0119239 -0.00459869 -0.00808582
 -0.0119239           0  0.00871004  0.00992413
 0.00459869 -0.00871004           0  -0.0160659
 0.00808582 -0.00992413   0.0160659           0
EndNode2[0]<--->BSA[0]
REAL
   0.356259 6.62576e-05  -0.0127812    0.229927
6.62576e-05    0.158184   0.0577963  -0.0102367
 -0.0127812   0.0577963    0.155433  -0.0102964
   0.229927  -0.0102367  -0.0102964    0.330124
IMAGINARY
           0    0.0162277   0.00533109   0.00159228
  -0.0162277            0   -0.0173951  0.000343561
 -0.00533109    0.0173951            0  -0.00424787
 -0.00159228 -0.000343561   0.00424787            0
Repeater1[0]<--->EndNode1[0]
REAL
  0.341085 -0.0183667  0.0141028   0.226105
-0.0183667   0.166667  0.0610167 -0.0305285
 0.0141028  0.0610167   0.145995 0.00456907
  0.226105 -0.0305285 0.00456907   0.346253
IMAGINARY
          0 -0.00459869   0.0119239 -0.00808582
 0.00459869           0 -0.00871004  -0.0160659
 -0.0119239  0.00871004           0  0.00992413
 0.00808582   0.0160659 -0.00992413           0
Repeater1[0]<--->BSA[0]
REAL
   0.356259  -0.0127812 6.62576e-05    0.229927
 -0.0127812    0.155433   0.0577963  -0.0102964
6.62576e-05   0.0577963    0.158184  -0.0102367
   0.229927  -0.0102964  -0.0102367    0.330124
IMAGINARY
           0   0.00533109    0.0162277   0.00159228
 -0.00533109            0    0.0173951  -0.00424787
  -0.0162277   -0.0173951            0  0.000343561
 -0.00159228   0.00424787 -0.000343561            0
EndNode1[0]<--->Repeater1[0]
REAL
  0.356696 0.00715605    0.01844   0.239369
0.00715605   0.148936  0.0429187  0.0190753
   0.01844  0.0429187   0.153942  0.0242093
  0.239369  0.0190753  0.0242093   0.340426
IMAGINARY
           0   0.00931354     0.010451    0.0363345
 -0.00931354            0 -0.000430225  -0.00371905
   -0.010451  0.000430225            0   -0.0135975
  -0.0363345   0.00371905    0.0135975            0
EndNode2[0]<--->BSA[0]
REAL
   0.344031   0.0122489  0.00142904    0.209711
  0.0122489    0.141207   0.0684796   0.0152996
 0.00142904   0.0684796    0.147625 -0.00419442
   0.209711   0.0152996 -0.00419442    0.367137
IMAGINARY
          0   0.0171955  -0.0164124   0.0150327
 -0.0171955           0   0.0196078  0.00369485
  0.0164124  -0.0196078           0   0.0276506
 -0.0150327 -0.00369485  -0.0276506           0
Repeater1[0]<--->EndNode1[0]
REAL
  0.356696    0.01844 0.00715605   0.239369
   0.01844   0.153942  0.0429187  0.0242093
0.00715605  0.0429187   0.148936  0.0190753
  0.239369  0.0242093  0.0190753   0.340426
IMAGINARY
           0     0.010451   0.00931354    0.0363345
   -0.010451            0  0.000430225   -0.0135975
 -0.00931354 -0.000430225            0  -0.00371905
  -0.0363345    0.0135975   0.00371905            0
Repeater1[0]<--->BSA[0]
REAL
   0.344031  0.00142904   0.0122489    0.209711
 0.00142904    0.147625   0.0684796 -0.00419442
  0.0122489   0.0684796    0.141207   0.0152996
   0.209711 -0.00419442   0.0152996    0.367137
IMAGINARY
          0  -0.0164124   0.0171955   0.0150327
  0.0164124           0  -0.0196078   0.0276506
 -0.0171955   0.0196078           0  0.00369485
 -0.0150327  -0.0276506 -0.00369485           0
EndNode1[0]<--->Repeater1[0]
REAL
   0.322078   0.0049724  0.00328062    0.213071
  0.0049724    0.183117   0.0637036 -0.00521611
 0.00328062   0.0637036     0.17013  -0.0159401
   0.213071 -0.00521611  -0.0159401    0.324675
IMAGINARY
          0   -0.002916  0.00891178 -0.00312782
   0.002916           0  0.00440987   0.0290629
-0.00891178 -0.00440987           0  -0.0211346
 0.00312782  -0.0290629   0.0211346           0
EndNode2[0]<--->BSA[0]
REAL
   0.318357 -0.00253156 -0.00676053    0.225726
-0.00253156    0.143774   0.0582414    0.013554
-0.00676053   0.0582414    0.174583 -0.00833801
   0.225726    0.013554 -0.00833801    0.363286
IMAGINARY
          0 -0.00415851  -0.0169052  0.00817946
 0.00415851           0  0.00621353  0.00156774
  0.0169052 -0.00621353           0   0.0182689
-0.00817946 -0.00156774  -0.0182689           0
Repeater1[0]<--->EndNode1[0]
REAL
   0.322078  0.00328062   0.0049724    0.213071
 0.00328062     0.17013   0.0637036  -0.0159401
  0.0049724   0.0637036    0.183117 -0.00521611
   0.213071  -0.0159401 -0.00521611    0.324675
IMAGINARY
          0  0.00891178   -0.002916 -0.00312782
-0.00891178           0 -0.00440987  -0.0211346
   0.002916  0.00440987           0   0.0290629
 0.00312782   0.0211346  -0.0290629           0
Repeater1[0]<--->BSA[0]
REAL
   0.318357 -0.00676053 -0.00253156    0.225726
-0.00676053    0.174583   0.0582414 -0.00833801
-0.00253156   0.0582414    0.143774    0.013554
   0.225726 -0.00833801    0.013554    0.363286
IMAGINARY
          0  -0.0169052 -0.00415851  0.00817946
  0.0169052           0 -0.00621353   0.0182689
 0.00415851  0.00621353           0  0.00156774
-0.00817946  -0.0182689 -0.00156774           0
EndNode1[0]<--->Repeater1[0]
REAL
    0.33288  -0.0090198  0.00178172    0.240363
 -0.0090198    0.146739   0.0828629  -0.0114591
 0.00178172   0.0828629    0.164402 0.000632706
   0.240363  -0.0114591 0.000632706    0.355978
IMAGINARY
          0 -0.00672194  -0.0163539   0.0206331
 0.00672194           0 -0.00548157  -0.0123961
  0.0163539  0.00548157           0  -0.0220281
 -0.0206331   0.0123961   0.0220281           0
EndNode2[0]<--->BSA[0]
REAL
   0.320513   -0.023687 -0.00698657    0.213973
  -0.023687    0.157692   0.0536919  -0.0103787
-0.00698657   0.0536919    0.182051   0.0182978
   0.213973  -0.0103787   0.0182978    0.339744
IMAGINARY
           0   0.00415807  -0.00168373   -0.0118125
 -0.00415807            0    0.0149972   0.00743085
  0.00168373   -0.0149972            0  0.000311917
   0.0118125  -0.00743085 -0.000311917            0
Repeater1[0]<--->EndNode1[0]
REAL
    0.33288  0.00178172  -0.0090198    0.240363
 0.00178172    0.164402   0.0828629 0.000632706
 -0.0090198   0.0828629    0.146739  -0.0114591
   0.240363 0.000632706  -0.0114591    0.355978
IMAGINARY
          0  -0.0163539 -0.00672194   0.0206331
  0.0163539           0  0.00548157  -0.0220281
 0.00672194 -0.00548157           0  -0.0123961
 -0.0206331   0.0220281   0.0123961           0
Repeater1[0]<--->BSA[0]
REAL
   0.320513 -0.00698657   -0.023687    0.213973
-0.00698657    0.182051   0.0536919   0.0182978
  -0.023687   0.0536919    0.157692  -0.0103787
   0.213973   0.0182978  -0.0103787    0.339744
IMAGINARY
           0  -0.00168373   0.00415807   -0.0118125
  0.00168373            0   -0.0149972  0.000311917
 -0.00415807    0.0149972            0   0.00743085
   0.0118125 -0.000311917  -0.00743085            0
EndNode1[0]<--->Repeater1[0]
REAL
   0.324468 0.000418075 -0.00583094    0.232421
0.000418075    0.171543   0.0519947 -0.00455867
-0.00583094   0.0519947    0.140957  0.00477673
   0.232421 -0.00455867  0.00477673    0.363032
IMAGINARY
          0  -0.0072361    -0.02275 -0.00292118
  0.0072361           0  0.00907882   0.0340682
    0.02275 -0.00907882           0   0.0118966
 0.00292118  -0.0340682  -0.0118966           0
EndNode2[0]<--->BSA[0]
REAL
   0.322034  -0.0106634  0.00956672    0.233801
 -0.0106634    0.159061   0.0704597 -0.00357471
 0.00956672   0.0704597    0.157757  -0.0246228
   0.233801 -0.00357471  -0.0246228    0.361147
IMAGINARY
           0    -0.010381  0.000523245   0.00115548
    0.010381            0   -0.0076829   0.00945182
-0.000523245    0.0076829            0   -0.0270255
 -0.00115548  -0.00945182    0.0270255            0
Repeater1[0]<--->EndNode1[0]
REAL
   0.324468 -0.00583094 0.000418075    0.232421
-0.00583094    0.140957   0.0519947  0.00477673
0.000418075   0.0519947    0.171543 -0.00455867
   0.232421  0.00477673 -0.00455867    0.363032
IMAGINARY
          0    -0.02275  -0.0072361 -0.00292118
    0.02275           0 -0.00907882   0.0118966
  0.0072361  0.00907882           0   0.0340682
 0.00292118  -0.0118966  -0.0340682           0
Repeater1[0]<--->BSA[0]
REAL
   0.322034  0.00956672  -0.0106634    0.233801
 0.00956672    0.157757   0.0704597  -0.0246228
 -0.0106634   0.0704597    0.159061 -0.00357471
   0.233801  -0.0246228 -0.00357471    0.361147
IMAGINARY
           0  0.000523245    -0.010381   0.00115548
-0.000523245            0    0.0076829   -0.0270255
    0.010381   -0.0076829            0   0.00945182
 -0.00115548    0.0270255  -0.00945182            0
EndNode1[0]<--->Repeater1[0]
REAL
   0.339597 -0.00406671  0.00889154    0.223639
-0.00406671    0.169128   0.0633066  0.00342374
 0.00889154   0.0633066    0.186577   0.0176135
   0.223639  0.00342374   0.0176135    0.304698
IMAGINARY
          0 -0.00757146 -0.00429891 -0.00462951
 0.00757146           0   0.0125242 -0.00163933
 0.00429891  -0.0125242           0  -0.0149939
 0.00462951  0.00163933   0.0149939           0
EndNode2[0]<--->BSA[0]
REAL
   0.362892 -0.00822785 -0.00288595    0.238699
-0.00822785    0.158254   0.0575035  0.00668342
-0.00288595   0.0575035    0.150068   0.0234177
   0.238699  0.00668342   0.0234177    0.328786
IMAGINARY
           0 -1.80245e-05   -0.0140908   0.00587536
 1.80245e-05            0   -0.0146002  -0.00645718
   0.0140908    0.0146002            0   -0.0342286
 -0.00587536   0.00645718    0.0342286            0
Repeater1[0]<--->EndNode1[0]
REAL
   0.339597  0.00889154 -0.00406671    0.223639
 0.00889154    0.186577   0.0633066   0.0176135
-0.00406671   0.0633066    0.169128  0.00342374
   0.223639   0.0176135  0.00342374    0.304698
IMAGINARY
          0 -0.00429891 -0.00757146 -0.00462951
 0.00429891           0  -0.0125242  -0.0149939
 0.00757146   0.0125242           0 -0.00163933
 0.00462951   0.0149939  0.00163933           0
Repeater1[0]<--->BSA[0]
REAL
   0.362892 -0.00288595 -0.00822785    0.238699
-0.00288595    0.150068   0.0575035   0.0234177
-0.00822785   0.0575035    0.158254  0.00668342
   0.238699   0.0234177  0.00668342    0.328786
IMAGINARY
           0   -0.0140908 -1.80245e-05   0.00587536
   0.0140908            0    0.0146002   -0.0342286
 1.80245e-05   -0.0146002            0  -0.00645718
 -0.00587536    0.0342286   0.00645718            0
EndNode1[0]<--->Repeater1[0]
REAL
    0.28978  -0.0205412 -0.00547728     0.22761
 -0.0205412    0.160414   0.0574111   0.0158795
-0.00547728   0.0574111    0.172057   0.0045911
    0.22761   0.0158795   0.0045911    0.377749
IMAGINARY
          0   0.0168985 -0.00305035 -0.00362192
 -0.0168985           0   0.0101836  -0.0174795
 0.00305035  -0.0101836           0  0.00760482
 0.00362192   0.0174795 -0.00760482           0
EndNode2[0]<--->BSA[0]
REAL
  0.344569  0.0110676 -0.0116487   0.218124
 0.0110676     0.1598  0.0492588  0.0122808
-0.0116487  0.0492588   0.157303 0.00979208
  0.218124  0.0122808 0.00979208   0.338327
IMAGINARY
          0 -0.00994751  -0.0134772  0.00610335
 0.00994751           0 -0.00675186 -0.00367324
  0.0134772  0.00675186           0  -0.0032451
-0.00610335  0.00367324   0.0032451           0
Repeater1[0]<--->EndNode1[0]
REAL
    0.28978 -0.00547728  -0.0205412     0.22761
-0.00547728    0.172057   0.0574111   0.0045911
 -0.0205412   0.0574111    0.160414   0.0158795
    0.22761   0.0045911   0.0158795    0.377749
IMAGINARY
          0 -0.00305035   0.0168985 -0.00362192
 0.00305035           0  -0.0101836  0.00760482
 -0.0168985   0.0101836           0  -0.0174795
 0.00362192 -0.00760482   0.0174795           0
Repeater1[0]<--->BSA[0]
REAL
  0.344569 -0.0116487  0.0110676   0.218124
-0.0116487   0.157303  0.0492588 0.00979208
 0.0110676  0.0492588     0.1598  0.0122808
  0.218124 0.00979208  0.0122808   0.338327
IMAGINARY
          0  -0.0134772 -0.00994751  0.00610335
  0.0134772           0  0.00675186  -0.0032451
 0.00994751 -0.00675186           0 -0.00367324
-0.00610335   0.0032451  0.00367324           0
EndNode1[0]<--->Repeater1[0]
REAL
  0.304459 -0.0411811 -0.0170915   0.233404
-0.0411811   0.170701  0.0747436  -0.013789
-0.0170915  0.0747436   0.173248 -0.0107243
  0.233404  -0.013789 -0.0107243   0.351592
IMAGINARY
          0 -0.00235733   0.0130821 -0.00702743
 0.00235733           0   0.0127746  0.00524916
 -0.0130821  -0.0127746           0   0.0219528
 0.00702743 -0.00524916  -0.0219528           0
EndNode2[0]<--->BSA[0]
REAL
    0.337179  -0.00663502    0.0141943     0.244386
 -0.00663502     0.151282    0.0677964 -0.000234859
   0.0141943    0.0677964     0.194872    0.0180563
