EndNode1[0]<--->Repeater1[0]
REAL
    0.423027 -0.000988132    0.0124845      0.19104
-0.000988132     0.157827    0.0176218 -0.000673436
   0.0124845    0.0176218     0.175938   0.00492514
     0.19104 -0.000673436   0.00492514     0.243208
IMAGINARY
          0  0.00978925 -0.00706562    0.012774
-0.00978925           0 -0.00391325   0.0133947
 0.00706562  0.00391325           0   0.0117297
  -0.012774  -0.0133947  -0.0117297           0
EndNode2[0]<--->BSA[0]
REAL
   0.455006 -0.00610389  -0.0114231    0.242885
-0.00610389    0.126743   0.0342235   0.0186521
 -0.0114231   0.0342235    0.108999   0.0289955
   0.242885   0.0186521   0.0289955    0.309252
IMAGINARY
          0  -0.0172528 -0.00272214  0.00436729
  0.0172528           0 -0.00564606   0.0158455
 0.00272214  0.00564606           0 -0.00636928
-0.00436729  -0.0158455  0.00636928           0
Repeater1[0]<--->EndNode1[0]
REAL
    0.423027    0.0124845 -0.000988132      0.19104
   0.0124845     0.175938    0.0176218   0.00492514
-0.000988132    0.0176218     0.157827 -0.000673436
     0.19104   0.00492514 -0.000673436     0.243208
IMAGINARY
          0 -0.00706562  0.00978925    0.012774
 0.00706562           0  0.00391325   0.0117297
-0.00978925 -0.00391325           0   0.0133947
  -0.012774  -0.0117297  -0.0133947           0
Repeater1[0]<--->BSA[0]
REAL
   0.455006  -0.0114231 -0.00610389    0.242885
 -0.0114231    0.108999   0.0342235   0.0289955
-0.00610389   0.0342235    0.126743   0.0186521
   0.242885   0.0289955   0.0186521    0.309252
IMAGINARY
          0 -0.00272214  -0.0172528  0.00436729
 0.00272214           0  0.00564606 -0.00636928
  0.0172528 -0.00564606           0   0.0158455
-0.00436729  0.00636928  -0.0158455           0
EndNode1[0]<--->Repeater1[0]
REAL
    0.457002  -0.00231359   0.00774963     0.190514
 -0.00231359     0.144963     0.012083   -0.0168405
  0.00774963     0.012083     0.169533 -0.000283816
    0.190514   -0.0168405 -0.000283816     0.228501
IMAGINARY
           0   -0.0162949   0.00187132    0.0230194
   0.0162949            0  -0.00233817   -0.0038321
 -0.00187132   0.00233817            0 -4.49346e-05
  -0.0230194    0.0038321  4.49346e-05            0
EndNode2[0]<--->BSA[0]
REAL
   0.458333  -0.0186817  -0.0190773    0.238599
 -0.0186817    0.138889   0.0170153 -0.00932433
 -0.0190773   0.0170153    0.118687  -0.0083989
   0.238599 -0.00932433  -0.0083989    0.284091
IMAGINARY
          0 -0.00146904 -0.00342596  0.00189633
 0.00146904           0   0.0101138   0.0193902
 0.00342596  -0.0101138           0  -0.0196038
-0.00189633  -0.0193902   0.0196038           0
Repeater1[0]<--->EndNode1[0]
REAL
    0.457002   0.00774963  -0.00231359     0.190514
  0.00774963     0.169533     0.012083 -0.000283816
 -0.00231359     0.012083     0.144963   -0.0168405
    0.190514 -0.000283816   -0.0168405     0.228501
IMAGINARY
           0   0.00187132   -0.0162949    0.0230194
 -0.00187132            0   0.00233817 -4.49346e-05
   0.0162949  -0.00233817            0   -0.0038321
  -0.0230194  4.49346e-05    0.0038321            0
Repeater1[0]<--->BSA[0]
REAL
   0.458333  -0.0190773  -0.0186817    0.238599
 -0.0190773    0.118687   0.0170153  -0.0083989
 -0.0186817   0.0170153    0.138889 -0.00932433
   0.238599  -0.0083989 -0.00932433    0.284091
IMAGINARY
          0 -0.00342596 -0.00146904  0.00189633
 0.00342596           0  -0.0101138  -0.0196038
 0.00146904   0.0101138           0   0.0193902
-0.00189633   0.0196038  -0.0193902           0
EndNode1[0]<--->Repeater1[0]
REAL
   0.484472   0.0265359 -0.00413753     0.16436
  0.0265359    0.115528   0.0288218 -0.00343823
-0.00413753   0.0288218    0.170186   0.0100802
    0.16436 -0.00343823   0.0100802    0.229814
IMAGINARY
          0  0.00120522 -0.00757365 -0.00327225
-0.00120522           0 -0.00327225  0.00433111
 0.00757365  0.00327225           0   0.0188985
 0.00327225 -0.00433111  -0.0188985           0
EndNode2[0]<--->BSA[0]
REAL
  0.428944  0.0186292 0.00527153   0.229835
 0.0186292   0.131682  0.0211226   0.013247
0.00527153  0.0211226   0.121252 -0.0064964
  0.229835   0.013247 -0.0064964   0.318123
IMAGINARY
          0  0.00903179 -0.00844738   0.0119976
-0.00903179           0   0.0126362 -0.00910788
 0.00844738  -0.0126362           0 -0.00187964
 -0.0119976  0.00910788  0.00187964           0
Repeater1[0]<--->EndNode1[0]
REAL
   0.484472 -0.00413753   0.0265359     0.16436
-0.00413753    0.170186   0.0288218   0.0100802
  0.0265359   0.0288218    0.115528 -0.00343823
    0.16436   0.0100802 -0.00343823    0.229814
IMAGINARY
          0 -0.00757365  0.00120522 -0.00327225
 0.00757365           0  0.00327225   0.0188985
-0.00120522 -0.00327225           0  0.00433111
 0.00327225  -0.0188985 -0.00433111           0
Repeater1[0]<--->BSA[0]
REAL
  0.428944 0.00527153  0.0186292   0.229835
0.00527153   0.121252  0.0211226 -0.0064964
 0.0186292  0.0211226   0.131682   0.013247
  0.229835 -0.0064964   0.013247   0.318123
IMAGINARY
          0 -0.00844738  0.00903179   0.0119976
 0.00844738           0  -0.0126362 -0.00187964
-0.00903179   0.0126362           0 -0.00910788
 -0.0119976  0.00187964  0.00910788           0
EndNode1[0]<--->Repeater1[0]
REAL
   0.460759 0.000950342  0.00331449    0.213436
0.000950342    0.148101   0.0138366   0.0110068
 0.00331449   0.0138366    0.146835 -0.00779966
   0.213436   0.0110068 -0.00779966    0.244304
IMAGINARY
           0    0.0107671    -0.024391    -0.024531
  -0.0107671            0 -0.000721501   -0.0190002
    0.024391  0.000721501            0    0.0179379
    0.024531    0.0190002   -0.0179379            0
EndNode2[0]<--->BSA[0]
REAL
   0.442455  0.00617347  0.00620222    0.249576
 0.00617347    0.111253   0.0239579 -0.00961286
 0.00620222   0.0239579     0.11509  0.00678697
   0.249576 -0.00961286  0.00678697    0.331202
IMAGINARY
          0  0.00274406  0.00548337 -0.00333567
-0.00274406           0   0.0106592   0.0276766
-0.00548337  -0.0106592           0  -0.0372044
 0.00333567  -0.0276766   0.0372044           0
Repeater1[0]<--->EndNode1[0]
REAL
   0.460759  0.00331449 0.000950342    0.213436
 0.00331449    0.146835   0.0138366 -0.00779966
0.000950342   0.0138366    0.148101   0.0110068
   0.213436 -0.00779966   0.0110068    0.244304
IMAGINARY
           0    -0.024391    0.0107671    -0.024531
    0.024391            0  0.000721501    0.0179379
  -0.0107671 -0.000721501            0   -0.0190002
    0.024531   -0.0179379    0.0190002            0
Repeater1[0]<--->BSA[0]
REAL
   0.442455  0.00620222  0.00617347    0.249576
 0.00620222     0.11509   0.0239579  0.00678697
 0.00617347   0.0239579    0.111253 -0.00961286
   0.249576  0.00678697 -0.00961286    0.331202
IMAGINARY
          0  0.00548337  0.00274406 -0.00333567
-0.00548337           0  -0.0106592  -0.0372044
-0.00274406   0.0106592           0   0.0276766
 0.00333567   0.0372044  -0.0276766           0
EndNode1[0]<--->Repeater1[0]
REAL
   0.457433  -0.0167179 -0.00130082    0.190566
 -0.0167179    0.141042   0.0141324  0.00062968
-0.00130082   0.0141324    0.175349 -0.00542974
   0.190566  0.00062968 -0.00542974    0.226175
IMAGINARY
           0   -0.0233064    0.0079561  0.000635848
   0.0233064            0   -0.0105861    0.0168847
  -0.0079561    0.0105861            0    0.0035612
-0.000635848   -0.0168847   -0.0035612            0
EndNode2[0]<--->BSA[0]
REAL
   0.441296   0.0228774 -0.00488243    0.255783
  0.0228774    0.125506   0.0354667   0.0186324
-0.00488243   0.0354667    0.126856  0.00212264
   0.255783   0.0186324  0.00212264    0.306343
IMAGINARY
          0  0.00457542   0.0092456  -0.0173652
-0.00457542           0   0.0103767  -0.0132034
 -0.0092456  -0.0103767           0  -0.0085332
  0.0173652   0.0132034   0.0085332           0
Repeater1[0]<--->EndNode1[0]
REAL
   0.457433 -0.00130082  -0.0167179    0.190566
-0.00130082    0.175349   0.0141324 -0.00542974
 -0.0167179   0.0141324    0.141042  0.00062968
   0.190566 -0.00542974  0.00062968    0.226175
IMAGINARY
           0    0.0079561   -0.0233064  0.000635848
  -0.0079561            0    0.0105861    0.0035612
   0.0233064   -0.0105861            0    0.0168847
-0.000635848   -0.0035612   -0.0168847            0
Repeater1[0]<--->BSA[0]
REAL
   0.441296 -0.00488243   0.0228774    0.255783
-0.00488243    0.126856   0.0354667  0.00212264
  0.0228774   0.0354667    0.125506   0.0186324
   0.255783  0.00212264   0.0186324    0.306343
IMAGINARY
          0   0.0092456  0.00457542  -0.0173652
 -0.0092456           0  -0.0103767  -0.0085332
-0.00457542   0.0103767           0  -0.0132034
  0.0173652   0.0085332   0.0132034           0
