EndNode1[0]<--->Repeater1[0]
REAL
   0.465699   0.0250933  -0.0102973    0.130893
  0.0250933    0.121372 0.000942128   0.0242706
 -0.0102973 0.000942128    0.153034 -0.00261454
   0.130893   0.0242706 -0.00261454    0.259894
IMAGINARY
          0  -0.0074335 -0.00613703 -0.00424983
  0.0074335           0   0.0211512  0.00118654
 0.00613703  -0.0211512           0 -0.00618036
 0.00424983 -0.00118654  0.00618036           0
EndNode2[0]<--->BSA[0]
REAL
   0.426923    0.012276   0.0222311    0.177782
   0.012276    0.125641   0.0162005  0.00401727
  0.0222311   0.0162005    0.126923 -0.00523374
   0.177782  0.00401727 -0.00523374    0.320513
IMAGINARY
          0 -0.00963716 -0.00844451  0.00477184
 0.00963716           0   0.0162808 -0.00473164
 0.00844451  -0.0162808           0   0.0144915
-0.00477184  0.00473164  -0.0144915           0
Repeater1[0]<--->EndNode1[0]
REAL
   0.465699  -0.0102973   0.0250933    0.130893
 -0.0102973    0.153034 0.000942128 -0.00261454
  0.0250933 0.000942128    0.121372   0.0242706
   0.130893 -0.00261454   0.0242706    0.259894
IMAGINARY
          0 -0.00613703  -0.0074335 -0.00424983
 0.00613703           0  -0.0211512 -0.00618036
  0.0074335   0.0211512           0  0.00118654
 0.00424983  0.00618036 -0.00118654           0
Repeater1[0]<--->BSA[0]
REAL
   0.426923   0.0222311    0.012276    0.177782
  0.0222311    0.126923   0.0162005 -0.00523374
   0.012276   0.0162005    0.125641  0.00401727
   0.177782 -0.00523374  0.00401727    0.320513
IMAGINARY
          0 -0.00844451 -0.00963716  0.00477184
 0.00844451           0  -0.0162808   0.0144915
 0.00963716   0.0162808           0 -0.00473164
-0.00477184  -0.0144915  0.00473164           0
EndNode1[0]<--->Repeater1[0]
REAL
    0.440534 -0.000261583   0.00524643     0.143455
-0.000261583     0.134709  -0.00743991   -0.0263192
  0.00524643  -0.00743991     0.146845    0.0111173
    0.143455   -0.0263192    0.0111173     0.277913
IMAGINARY
           0   -0.0246114   -0.0123388 -6.93889e-18
   0.0246114            0    0.0248042    0.0174539
   0.0123388   -0.0248042            0    0.0105449
 6.93889e-18   -0.0174539   -0.0105449            0
EndNode2[0]<--->BSA[0]
REAL
   0.483487 -0.00194474   0.0151157    0.177708
-0.00194474    0.112285    0.030574 -0.00955333
  0.0151157    0.030574    0.108322 -0.00979815
   0.177708 -0.00955333 -0.00979815    0.295905
IMAGINARY
          0 -0.00696117  0.00829749   0.0136507
 0.00696117           0  0.00543326   0.0139955
-0.00829749 -0.00543326           0  -0.0140579
 -0.0136507  -0.0139955   0.0140579           0
Repeater1[0]<--->EndNode1[0]
REAL
    0.440534   0.00524643 -0.000261583     0.143455
  0.00524643     0.146845  -0.00743991    0.0111173
-0.000261583  -0.00743991     0.134709   -0.0263192
    0.143455    0.0111173   -0.0263192     0.277913
IMAGINARY
           0   -0.0123388   -0.0246114 -6.93889e-18
   0.0123388            0   -0.0248042    0.0105449
   0.0246114    0.0248042            0    0.0174539
 6.93889e-18   -0.0105449   -0.0174539            0
Repeater1[0]<--->BSA[0]
REAL
   0.483487   0.0151157 -0.00194474    0.177708
  0.0151157    0.108322    0.030574 -0.00979815
-0.00194474    0.030574    0.112285 -0.00955333
   0.177708 -0.00979815 -0.00955333    0.295905
IMAGINARY
          0  0.00829749 -0.00696117   0.0136507
-0.00829749           0 -0.00543326  -0.0140579
 0.00696117  0.00543326           0   0.0139955
 -0.0136507   0.0140579  -0.0139955           0
EndNode1[0]<--->Repeater1[0]
REAL
   0.462788  -0.0126213  0.00400732    0.142705
 -0.0126213    0.132612 -0.00716627 -0.00595284
 0.00400732 -0.00716627    0.136671  0.00419067
   0.142705 -0.00595284  0.00419067     0.26793
IMAGINARY
          0   -0.017972  0.00544042   0.0162591
   0.017972           0  0.00826404  0.00231151
-0.00544042 -0.00826404           0    0.011512
 -0.0162591 -0.00231151   -0.011512           0
EndNode2[0]<--->BSA[0]
REAL
  0.443286   0.022838 0.00802311    0.19297
  0.022838   0.113429  0.0169141 0.00802311
0.00802311  0.0169141   0.116037    0.01118
   0.19297 0.00802311    0.01118   0.327249
IMAGINARY
          0 -0.00991335 -0.00256413  -0.0062404
 0.00991335           0  -0.0116167  -0.0019173
 0.00256413   0.0116167           0  0.00543192
  0.0062404   0.0019173 -0.00543192           0
Repeater1[0]<--->EndNode1[0]
REAL
   0.462788  0.00400732  -0.0126213    0.142705
 0.00400732    0.136671 -0.00716627  0.00419067
 -0.0126213 -0.00716627    0.132612 -0.00595284
   0.142705  0.00419067 -0.00595284     0.26793
IMAGINARY
          0  0.00544042   -0.017972   0.0162591
-0.00544042           0 -0.00826404    0.011512
   0.017972  0.00826404           0  0.00231151
 -0.0162591   -0.011512 -0.00231151           0
Repeater1[0]<--->BSA[0]
REAL
  0.443286 0.00802311   0.022838    0.19297
0.00802311   0.116037  0.0169141    0.01118
  0.022838  0.0169141   0.113429 0.00802311
   0.19297    0.01118 0.00802311   0.327249
IMAGINARY
          0 -0.00256413 -0.00991335  -0.0062404
 0.00256413           0   0.0116167  0.00543192
 0.00991335  -0.0116167           0  -0.0019173
  0.0062404 -0.00543192   0.0019173           0
EndNode1[0]<--->Repeater1[0]
REAL
    0.460026  -0.00384167  -0.00126009     0.134156
 -0.00384167      0.12844   0.00630791 -2.85664e-05
 -0.00126009   0.00630791     0.155963    0.0244602
    0.134156 -2.85664e-05    0.0244602      0.25557
IMAGINARY
          0 -0.00621304   -0.033541  0.00620336
 0.00621304           0   -0.016033  -0.0120286
   0.033541    0.016033           0  0.00114975
-0.00620336   0.0120286 -0.00114975           0
EndNode2[0]<--->BSA[0]
REAL
  0.466495  -0.018412 -0.0320482   0.178864
 -0.018412   0.123711  0.0237379 -0.0107028
-0.0320482  0.0237379   0.104381 -0.0292955
  0.178864 -0.0107028 -0.0292955   0.305412
IMAGINARY
          0   0.0049054 -0.00969173 -0.00633064
 -0.0049054           0  -0.0149726  -0.0282577
 0.00969173   0.0149726           0  -0.0082343
 0.00633064   0.0282577   0.0082343           0
Repeater1[0]<--->EndNode1[0]
REAL
    0.460026  -0.00126009  -0.00384167     0.134156
 -0.00126009     0.155963   0.00630791    0.0244602
 -0.00384167   0.00630791      0.12844 -2.85664e-05
    0.134156    0.0244602 -2.85664e-05      0.25557
IMAGINARY
          0   -0.033541 -0.00621304  0.00620336
   0.033541           0    0.016033  0.00114975
 0.00621304   -0.016033           0  -0.0120286
-0.00620336 -0.00114975   0.0120286           0
Repeater1[0]<--->BSA[0]
REAL
  0.466495 -0.0320482  -0.018412   0.178864
-0.0320482   0.104381  0.0237379 -0.0292955
 -0.018412  0.0237379   0.123711 -0.0107028
  0.178864 -0.0292955 -0.0107028   0.305412
IMAGINARY
          0 -0.00969173   0.0049054 -0.00633064
 0.00969173           0   0.0149726  -0.0082343
 -0.0049054  -0.0149726           0  -0.0282577
 0.00633064   0.0082343   0.0282577           0
EndNode1[0]<--->Repeater1[0]
REAL
   0.462252  0.00124379  0.00447291    0.153528
 0.00124379     0.14702   0.0351398 -0.00011425
 0.00447291   0.0351398    0.128477 0.000624208
   0.153528 -0.00011425 0.000624208    0.262252
IMAGINARY
          0  -0.0108152  -0.0112434  0.00816993
  0.0108152           0  0.00816993   0.0112434
  0.0112434 -0.00816993           0   0.0196313
-0.00816993  -0.0112434  -0.0196313           0
EndNode2[0]<--->BSA[0]
REAL
   0.452806  -0.0203033  -0.0172568    0.203636
 -0.0203033    0.128827 -0.00337056  -0.0185522
 -0.0172568 -0.00337056   0.0931122 -0.00754818
   0.203636  -0.0185522 -0.00754818    0.325255
IMAGINARY
          0   0.0145682 -0.00812664   -0.015829
 -0.0145682           0  0.00880478  -0.0014275
 0.00812664 -0.00880478           0 -0.00501405
   0.015829   0.0014275  0.00501405           0
Repeater1[0]<--->EndNode1[0]
REAL
   0.462252  0.00447291  0.00124379    0.153528
 0.00447291    0.128477   0.0351398 0.000624208
 0.00124379   0.0351398     0.14702 -0.00011425
   0.153528 0.000624208 -0.00011425    0.262252
IMAGINARY
          0  -0.0112434  -0.0108152  0.00816993
  0.0112434           0 -0.00816993   0.0196313
  0.0108152  0.00816993           0   0.0112434
-0.00816993  -0.0196313  -0.0112434           0
Repeater1[0]<--->BSA[0]
REAL
   0.452806  -0.0172568  -0.0203033    0.203636
 -0.0172568   0.0931122 -0.00337056 -0.00754818
 -0.0203033 -0.00337056    0.128827  -0.0185522
   0.203636 -0.00754818  -0.0185522    0.325255
IMAGINARY
          0 -0.00812664   0.0145682   -0.015829
 0.00812664           0 -0.00880478 -0.00501405
 -0.0145682  0.00880478           0  -0.0014275
   0.015829  0.00501405   0.0014275           0
