EndNode1[0]<--->Repeater1[0]
REAL
    0.45232  0.00360805  -0.0223972   0.0885967
 0.00360805    0.139175   0.0227894 -0.00854334
 -0.0223972   0.0227894    0.266753 -0.00732092
  0.0885967 -0.00854334 -0.00732092    0.141753
IMAGINARY
          0 -0.00725656   0.0233201  -0.0121057
 0.00725656           0  0.00200471   0.0112796
 -0.0233201 -0.00200471           0  0.00793499
  0.0121057  -0.0112796 -0.00793499           0
EndNode2[0]<--->BSA[0]
REAL
  0.416244  0.0324074 0.00687336   0.134969
 0.0324074   0.189086  0.0145023  0.0222272
0.00687336  0.0145023   0.175127 0.00859788
  0.134969  0.0222272 0.00859788   0.219543
IMAGINARY
          0 -0.00155172  0.00185328 -0.00401068
 0.00155172           0 -0.00742133 -0.00444395
-0.00185328  0.00742133           0   0.0209818
 0.00401068  0.00444395  -0.0209818           0
Repeater1[0]<--->EndNode1[0]
REAL
    0.45232  -0.0223972  0.00360805   0.0885967
 -0.0223972    0.266753   0.0227894 -0.00732092
 0.00360805   0.0227894    0.139175 -0.00854334
  0.0885967 -0.00732092 -0.00854334    0.141753
IMAGINARY
          0   0.0233201 -0.00725656  -0.0121057
 -0.0233201           0 -0.00200471  0.00793499
 0.00725656  0.00200471           0   0.0112796
  0.0121057 -0.00793499  -0.0112796           0
Repeater1[0]<--->BSA[0]
REAL
  0.416244 0.00687336  0.0324074   0.134969
0.00687336   0.175127  0.0145023 0.00859788
 0.0324074  0.0145023   0.189086  0.0222272
  0.134969 0.00859788  0.0222272   0.219543
IMAGINARY
          0  0.00185328 -0.00155172 -0.00401068
-0.00185328           0  0.00742133   0.0209818
 0.00155172 -0.00742133           0 -0.00444395
 0.00401068  -0.0209818  0.00444395           0
EndNode1[0]<--->Repeater1[0]
REAL
   0.441741  0.00412419     0.01021    0.127593
 0.00412419    0.152369  0.00694495  0.00518489
    0.01021  0.00694495     0.25096 -0.00613222
   0.127593  0.00518489 -0.00613222     0.15493
IMAGINARY
           0  -0.00200555    0.0141206    0.0246013
  0.00200555            0  -0.00360388 -0.000315087
  -0.0141206   0.00360388            0   0.00260579
  -0.0246013  0.000315087  -0.00260579            0
EndNode2[0]<--->BSA[0]
REAL
   0.427148  0.00479155 -0.00168932     0.13225
 0.00479155    0.196762   0.0322497   0.0179442
-0.00168932   0.0322497    0.146949  0.00106021
    0.13225   0.0179442  0.00106021    0.229141
IMAGINARY
          0 -0.00755644   0.0277532  0.00129199
 0.00755644           0  -0.0142119 -0.00666479
 -0.0277532   0.0142119           0  -0.0216953
-0.00129199  0.00666479   0.0216953           0
Repeater1[0]<--->EndNode1[0]
REAL
   0.441741     0.01021  0.00412419    0.127593
    0.01021     0.25096  0.00694495 -0.00613222
 0.00412419  0.00694495    0.152369  0.00518489
   0.127593 -0.00613222  0.00518489     0.15493
IMAGINARY
           0    0.0141206  -0.00200555    0.0246013
  -0.0141206            0   0.00360388   0.00260579
  0.00200555  -0.00360388            0 -0.000315087
  -0.0246013  -0.00260579  0.000315087            0
Repeater1[0]<--->BSA[0]
REAL
   0.427148 -0.00168932  0.00479155     0.13225
-0.00168932    0.146949   0.0322497  0.00106021
 0.00479155   0.0322497    0.196762   0.0179442
    0.13225  0.00106021   0.0179442    0.229141
IMAGINARY
          0   0.0277532 -0.00755644  0.00129199
 -0.0277532           0   0.0142119  -0.0216953
 0.00755644  -0.0142119           0 -0.00666479
-0.00129199   0.0216953  0.00666479           0
EndNode1[0]<--->Repeater1[0]
REAL
   0.481852  -0.0169401 -0.00709268    0.112143
 -0.0169401    0.145181   0.0518781   0.0216429
-0.00709268   0.0518781    0.241552  0.00238982
   0.112143   0.0216429  0.00238982    0.131414
IMAGINARY
          0  0.00402821   0.0134736 -0.00635376
-0.00402821           0   0.0175757   0.0216258
 -0.0134736  -0.0175757           0  0.00590556
 0.00635376  -0.0216258 -0.00590556           0
EndNode2[0]<--->BSA[0]
REAL
   0.413929  -0.0105995 -0.00449201    0.150032
 -0.0105995    0.195795   0.0505887  -0.0172471
-0.00449201   0.0505887    0.143233 -0.00244395
   0.150032  -0.0172471 -0.00244395    0.247043
IMAGINARY
          0  0.00514924 -0.00617524  0.00151361
-0.00514924           0  -0.0447706   0.0138248
 0.00617524   0.0447706           0 -0.00445383
-0.00151361  -0.0138248  0.00445383           0
Repeater1[0]<--->EndNode1[0]
REAL
   0.481852 -0.00709268  -0.0169401    0.112143
-0.00709268    0.241552   0.0518781  0.00238982
 -0.0169401   0.0518781    0.145181   0.0216429
   0.112143  0.00238982   0.0216429    0.131414
IMAGINARY
          0   0.0134736  0.00402821 -0.00635376
 -0.0134736           0  -0.0175757  0.00590556
-0.00402821   0.0175757           0   0.0216258
 0.00635376 -0.00590556  -0.0216258           0
Repeater1[0]<--->BSA[0]
REAL
   0.413929 -0.00449201  -0.0105995    0.150032
-0.00449201    0.143233   0.0505887 -0.00244395
 -0.0105995   0.0505887    0.195795  -0.0172471
   0.150032 -0.00244395  -0.0172471    0.247043
IMAGINARY
          0 -0.00617524  0.00514924  0.00151361
 0.00617524           0   0.0447706 -0.00445383
-0.00514924  -0.0447706           0   0.0138248
-0.00151361  0.00445383  -0.0138248           0
EndNode1[0]<--->Repeater1[0]
REAL
  0.486381  0.0119132 -0.0122875  0.0860644
 0.0119132    0.14786 0.00283855 0.00787384
-0.0122875 0.00283855   0.230869 -0.0112827
 0.0860644 0.00787384 -0.0112827    0.13489
IMAGINARY
           0  -0.00291225   -0.0373176  0.000603763
  0.00291225            0     0.019448    0.0224789
   0.0373176    -0.019448            0  -0.00418452
-0.000603763   -0.0224789   0.00418452            0
EndNode2[0]<--->BSA[0]
REAL
   0.415307  -0.0226366 -0.00528149    0.129338
 -0.0226366    0.209536   0.0416298  -0.0185895
-0.00528149   0.0416298    0.155583   0.0207011
   0.129338  -0.0185895   0.0207011    0.219573
IMAGINARY
          0   0.0180412  -0.0115737   0.0248348
 -0.0180412           0  -0.0223838  0.00325107
  0.0115737   0.0223838           0 -0.00715773
 -0.0248348 -0.00325107  0.00715773           0
Repeater1[0]<--->EndNode1[0]
REAL
  0.486381 -0.0122875  0.0119132  0.0860644
-0.0122875   0.230869 0.00283855 -0.0112827
 0.0119132 0.00283855    0.14786 0.00787384
 0.0860644 -0.0112827 0.00787384    0.13489
IMAGINARY
           0   -0.0373176  -0.00291225  0.000603763
   0.0373176            0    -0.019448  -0.00418452
  0.00291225     0.019448            0    0.0224789
-0.000603763   0.00418452   -0.0224789            0
Repeater1[0]<--->BSA[0]
REAL
   0.415307 -0.00528149  -0.0226366    0.129338
-0.00528149    0.155583   0.0416298   0.0207011
 -0.0226366   0.0416298    0.209536  -0.0185895
   0.129338   0.0207011  -0.0185895    0.219573
IMAGINARY
          0  -0.0115737   0.0180412   0.0248348
  0.0115737           0   0.0223838 -0.00715773
 -0.0180412  -0.0223838           0  0.00325107
 -0.0248348  0.00715773 -0.00325107           0
EndNode1[0]<--->Repeater1[0]
REAL
  0.475066  0.0144779 -0.0137683   0.103927
 0.0144779   0.149606 0.00517654 -0.0163522
-0.0137683 0.00517654   0.234908  0.0035944
  0.103927 -0.0163522  0.0035944    0.14042
IMAGINARY
           0   0.00411708   -0.0104052   0.00533122
 -0.00411708            0   -0.0119102   0.00665518
   0.0104052    0.0119102            0  0.000882924
 -0.00533122  -0.00665518 -0.000882924            0
EndNode2[0]<--->BSA[0]
REAL
  0.410714 0.00013856  0.0120361   0.153594
0.00013856   0.200255  0.0584161  0.0100227
 0.0120361  0.0584161   0.155612  -0.011168
  0.153594  0.0100227  -0.011168   0.233418
IMAGINARY
           0   0.00598537   -0.0323808 -0.000627426
 -0.00598537            0    0.0168823    0.0184214
   0.0323808   -0.0168823            0    0.0193953
 0.000627426   -0.0184214   -0.0193953            0
Repeater1[0]<--->EndNode1[0]
REAL
  0.475066 -0.0137683  0.0144779   0.103927
-0.0137683   0.234908 0.00517654  0.0035944
 0.0144779 0.00517654   0.149606 -0.0163522
  0.103927  0.0035944 -0.0163522    0.14042
IMAGINARY
           0   -0.0104052   0.00411708   0.00533122
   0.0104052            0    0.0119102  0.000882924
 -0.00411708   -0.0119102            0   0.00665518
 -0.00533122 -0.000882924  -0.00665518            0
Repeater1[0]<--->BSA[0]
REAL
  0.410714  0.0120361 0.00013856   0.153594
 0.0120361   0.155612  0.0584161  -0.011168
0.00013856  0.0584161   0.200255  0.0100227
  0.153594  -0.011168  0.0100227   0.233418
IMAGINARY
           0   -0.0323808   0.00598537 -0.000627426
   0.0323808            0   -0.0168823    0.0193953
 -0.00598537    0.0168823            0    0.0184214
 0.000627426   -0.0193953   -0.0184214            0
