EndNode1[0]<--->Repeater1[0]
REAL
   0.442332  -0.0106437 -0.00647619    0.233047
 -0.0106437   0.0912548   0.0111085 -0.00780952
-0.00647619   0.0111085   0.0646388 -0.00753811
   0.233047 -0.00780952 -0.00753811    0.401774
IMAGINARY
          0   0.0118421  -0.0118852 -0.00521958
 -0.0118421           0   0.0235442 -0.00597194
  0.0118852  -0.0235442           0  -0.0118421
 0.00521958  0.00597194   0.0118421           0
EndNode2[0]<--->BSA[0]
REAL
   0.456311 -0.00101049 -0.00387594    0.251027
-0.00101049   0.0929265   0.0154248 -0.00580148
-0.00387594   0.0154248   0.0679612 -0.00221531
   0.251027 -0.00580148 -0.00221531    0.382802
IMAGINARY
          0  -0.0100839   0.0134996  0.00217855
  0.0100839           0  0.00528414   0.0166052
 -0.0134996 -0.00528414           0   -0.030492
-0.00217855  -0.0166052    0.030492           0
Repeater1[0]<--->EndNode1[0]
REAL
   0.442332 -0.00647619  -0.0106437    0.233047
-0.00647619   0.0646388   0.0111085 -0.00753811
 -0.0106437   0.0111085   0.0912548 -0.00780952
   0.233047 -0.00753811 -0.00780952    0.401774
IMAGINARY
          0  -0.0118852   0.0118421 -0.00521958
  0.0118852           0  -0.0235442  -0.0118421
 -0.0118421   0.0235442           0 -0.00597194
 0.00521958   0.0118421  0.00597194           0
Repeater1[0]<--->BSA[0]
REAL
   0.456311 -0.00387594 -0.00101049    0.251027
-0.00387594   0.0679612   0.0154248 -0.00221531
-0.00101049   0.0154248   0.0929265 -0.00580148
   0.251027 -0.00221531 -0.00580148    0.382802
IMAGINARY
          0   0.0134996  -0.0100839  0.00217855
 -0.0134996           0 -0.00528414   -0.030492
  0.0100839  0.00528414           0   0.0166052
-0.00217855    0.030492  -0.0166052           0
EndNode1[0]<--->Repeater1[0]
REAL
  0.483221  0.0149153   0.012825   0.236646
 0.0149153  0.0751678 -0.0127274 0.00880353
  0.012825 -0.0127274  0.0657718 -0.0276379
  0.236646 0.00880353 -0.0276379   0.375839
IMAGINARY
          0    0.014502  0.00571227  -0.0133305
  -0.014502           0  -0.0114579   0.0105785
-0.00571227   0.0114579           0  -0.0207677
  0.0133305  -0.0105785   0.0207677           0
EndNode2[0]<--->BSA[0]
REAL
   0.462033 -0.00178981  0.00577349    0.227453
-0.00178981   0.0772201   0.0104237  -0.0287093
 0.00577349   0.0104237   0.0707851 -0.00803981
   0.227453  -0.0287093 -0.00803981    0.389961
IMAGINARY
          0   0.0152942   -0.004971   0.0146149
 -0.0152942           0  -0.0152454  0.00305039
   0.004971   0.0152454           0  0.00839335
 -0.0146149 -0.00305039 -0.00839335           0
Repeater1[0]<--->EndNode1[0]
REAL
  0.483221   0.012825  0.0149153   0.236646
  0.012825  0.0657718 -0.0127274 -0.0276379
 0.0149153 -0.0127274  0.0751678 0.00880353
  0.236646 -0.0276379 0.00880353   0.375839
IMAGINARY
          0  0.00571227    0.014502  -0.0133305
-0.00571227           0   0.0114579  -0.0207677
  -0.014502  -0.0114579           0   0.0105785
  0.0133305   0.0207677  -0.0105785           0
Repeater1[0]<--->BSA[0]
REAL
   0.462033  0.00577349 -0.00178981    0.227453
 0.00577349   0.0707851   0.0104237 -0.00803981
-0.00178981   0.0104237   0.0772201  -0.0287093
   0.227453 -0.00803981  -0.0287093    0.389961
IMAGINARY
          0   -0.004971   0.0152942   0.0146149
   0.004971           0   0.0152454  0.00839335
 -0.0152942  -0.0152454           0  0.00305039
 -0.0146149 -0.00839335 -0.00305039           0
EndNode1[0]<--->Repeater1[0]
REAL
   0.441678  -0.0122693 -0.00387522    0.225667
 -0.0122693    0.068152  0.00409819  -0.0144015
-0.00387522  0.00409819   0.0904325 0.000519967
   0.225667  -0.0144015 0.000519967    0.399738
IMAGINARY
          0  0.00547105  -0.0107628 -0.00146393
-0.00547105           0  0.00776116  -0.0173418
  0.0107628 -0.00776116           0   0.0239407
 0.00146393   0.0173418  -0.0239407           0
EndNode2[0]<--->BSA[0]
REAL
   0.437736 -0.00584933  -0.0102827    0.232386
-0.00584933   0.0842767 -0.00376161  0.00346732
 -0.0102827 -0.00376161   0.0578616  0.00027312
   0.232386  0.00346732  0.00027312    0.420126
IMAGINARY
          0 -0.00381679 -0.00622756   0.0192617
 0.00381679           0  -0.0114288   -0.001688
 0.00622756   0.0114288           0  0.00381679
 -0.0192617    0.001688 -0.00381679           0
Repeater1[0]<--->EndNode1[0]
REAL
   0.441678 -0.00387522  -0.0122693    0.225667
-0.00387522   0.0904325  0.00409819 0.000519967
 -0.0122693  0.00409819    0.068152  -0.0144015
   0.225667 0.000519967  -0.0144015    0.399738
IMAGINARY
          0  -0.0107628  0.00547105 -0.00146393
  0.0107628           0 -0.00776116   0.0239407
-0.00547105  0.00776116           0  -0.0173418
 0.00146393  -0.0239407   0.0173418           0
Repeater1[0]<--->BSA[0]
REAL
   0.437736  -0.0102827 -0.00584933    0.232386
 -0.0102827   0.0578616 -0.00376161  0.00027312
-0.00584933 -0.00376161   0.0842767  0.00346732
   0.232386  0.00027312  0.00346732    0.420126
IMAGINARY
          0 -0.00622756 -0.00381679   0.0192617
 0.00622756           0   0.0114288  0.00381679
 0.00381679  -0.0114288           0   -0.001688
 -0.0192617 -0.00381679    0.001688           0
EndNode1[0]<--->Repeater1[0]
REAL
   0.430667     0.01884  0.00607681    0.229637
    0.01884       0.092 -0.00707206  0.00933626
 0.00607681 -0.00707206       0.068  0.00767048
   0.229637  0.00933626  0.00767048    0.409333
IMAGINARY
          0  0.00977997 -0.00124006   0.0165305
-0.00977997           0   0.0109126  -0.0114182
 0.00124006  -0.0109126           0   0.0256631
 -0.0165305   0.0114182  -0.0256631           0
EndNode2[0]<--->BSA[0]
REAL
   0.44129  0.0182704   0.011399   0.247403
 0.0182704  0.0722581  0.0201299 0.00938019
  0.011399  0.0201299   0.083871 0.00121008
  0.247403 0.00938019 0.00121008   0.402581
IMAGINARY
          0  -0.0269652  0.00435648   0.0118557
  0.0269652           0   0.0173368   0.0171082
-0.00435648  -0.0173368           0   0.0156015
 -0.0118557  -0.0171082  -0.0156015           0
Repeater1[0]<--->EndNode1[0]
REAL
   0.430667  0.00607681     0.01884    0.229637
 0.00607681       0.068 -0.00707206  0.00767048
    0.01884 -0.00707206       0.092  0.00933626
   0.229637  0.00767048  0.00933626    0.409333
IMAGINARY
          0 -0.00124006  0.00977997   0.0165305
 0.00124006           0  -0.0109126   0.0256631
-0.00977997   0.0109126           0  -0.0114182
 -0.0165305  -0.0256631   0.0114182           0
Repeater1[0]<--->BSA[0]
REAL
   0.44129   0.011399  0.0182704   0.247403
  0.011399   0.083871  0.0201299 0.00121008
 0.0182704  0.0201299  0.0722581 0.00938019
  0.247403 0.00121008 0.00938019   0.402581
IMAGINARY
          0  0.00435648  -0.0269652   0.0118557
-0.00435648           0  -0.0173368   0.0156015
  0.0269652   0.0173368           0   0.0171082
 -0.0118557  -0.0156015  -0.0171082           0
EndNode1[0]<--->Repeater1[0]
REAL
   0.412533  -0.0151931 -0.00398634    0.214229
 -0.0151931   0.0796345   0.0344265  0.00533043
-0.00398634   0.0344265   0.0848564   0.0205694
   0.214229  0.00533043   0.0205694    0.422977
IMAGINARY
          0 -0.00206715  -0.0215914  0.00633436
 0.00206715           0 -0.00760987 -0.00550224
  0.0215914  0.00760987           0 -0.00778507
-0.00633436  0.00550224  0.00778507           0
EndNode2[0]<--->BSA[0]
REAL
  0.448187  0.0151396 0.00613647   0.238548
 0.0151396  0.0712435  0.0124246 -0.0314283
0.00613647  0.0124246  0.0893782 0.00107311
  0.238548 -0.0314283 0.00107311   0.391192
IMAGINARY
           0  -0.00834972 -0.000239443    0.0197279
  0.00834972            0    0.0152118   0.00866641
 0.000239443   -0.0152118            0  -0.00709972
  -0.0197279  -0.00866641   0.00709972            0
Repeater1[0]<--->EndNode1[0]
REAL
   0.412533 -0.00398634  -0.0151931    0.214229
-0.00398634   0.0848564   0.0344265   0.0205694
 -0.0151931   0.0344265   0.0796345  0.00533043
   0.214229   0.0205694  0.00533043    0.422977
IMAGINARY
          0  -0.0215914 -0.00206715  0.00633436
  0.0215914           0  0.00760987 -0.00778507
 0.00206715 -0.00760987           0 -0.00550224
-0.00633436  0.00778507  0.00550224           0
Repeater1[0]<--->BSA[0]
REAL
  0.448187 0.00613647  0.0151396   0.238548
0.00613647  0.0893782  0.0124246 0.00107311
 0.0151396  0.0124246  0.0712435 -0.0314283
  0.238548 0.00107311 -0.0314283   0.391192
IMAGINARY
           0 -0.000239443  -0.00834972    0.0197279
 0.000239443            0   -0.0152118  -0.00709972
  0.00834972    0.0152118            0   0.00866641
  -0.0197279   0.00709972  -0.00866641            0
EndNode1[0]<--->Repeater1[0]
REAL
   0.391521   0.0106105  -0.0195341    0.230049
  0.0106105   0.0785536 -0.00890722 0.000727347
 -0.0195341 -0.00890722   0.0860349  -0.0255262
   0.230049 0.000727347  -0.0255262     0.44389
IMAGINARY
          0 -0.00712639  -0.0095223  0.00700899
 0.00712639           0 -0.00512693   0.0115303
  0.0095223  0.00512693           0  0.00645705
-0.00700899  -0.0115303 -0.00645705           0
EndNode2[0]<--->BSA[0]
REAL
   0.436725   0.0115696  0.00341546    0.263965
  0.0115696   0.0632754  0.00796491  0.00786273
 0.00341546  0.00796491   0.0868486 -0.00781022
   0.263965  0.00786273 -0.00781022    0.413151
IMAGINARY
          0  -0.0131948   0.0218135 -0.00199405
  0.0131948           0 -0.00914619 -0.00181354
 -0.0218135  0.00914619           0 -0.00280519
 0.00199405  0.00181354  0.00280519           0
Repeater1[0]<--->EndNode1[0]
REAL
   0.391521  -0.0195341   0.0106105    0.230049
 -0.0195341   0.0860349 -0.00890722  -0.0255262
  0.0106105 -0.00890722   0.0785536 0.000727347
   0.230049  -0.0255262 0.000727347     0.44389
IMAGINARY
          0  -0.0095223 -0.00712639  0.00700899
  0.0095223           0  0.00512693  0.00645705
 0.00712639 -0.00512693           0   0.0115303
-0.00700899 -0.00645705  -0.0115303           0
Repeater1[0]<--->BSA[0]
REAL
   0.436725  0.00341546   0.0115696    0.263965
 0.00341546   0.0868486  0.00796491 -0.00781022
  0.0115696  0.00796491   0.0632754  0.00786273
   0.263965 -0.00781022  0.00786273    0.413151
IMAGINARY
          0   0.0218135  -0.0131948 -0.00199405
 -0.0218135           0  0.00914619 -0.00280519
  0.0131948 -0.00914619           0 -0.00181354
 0.00199405  0.00280519  0.00181354           0
