EndNode1[0]<--->Repeater1[0]
REAL
   0.484085   0.0206805 -0.00864644   0.0955521
  0.0206805    0.132626   0.0332745 -0.00665968
-0.00864644   0.0332745    0.248011  -0.0117519
  0.0955521 -0.00665968  -0.0117519    0.135279
IMAGINARY
           0  -0.00381456    0.0143997  -0.00348557
  0.00381456            0 -0.000894901   0.00991824
  -0.0143997  0.000894901            0    0.0233875
  0.00348557  -0.00991824   -0.0233875            0
EndNode2[0]<--->BSA[0]
REAL
   0.441454  -0.0104955  -0.0250391    0.138379
 -0.0104955    0.183042   0.0278529 -0.00951112
 -0.0250391   0.0278529    0.170929  0.00202095
   0.138379 -0.00951112  0.00202095    0.204576
IMAGINARY
          0  0.00159342 -0.00247494  -0.0208254
-0.00159342           0  -0.0261133  0.00379073
 0.00247494   0.0261133           0    0.020775
  0.0208254 -0.00379073   -0.020775           0
Repeater1[0]<--->EndNode1[0]
REAL
   0.484085 -0.00864644   0.0206805   0.0955521
-0.00864644    0.248011   0.0332745  -0.0117519
  0.0206805   0.0332745    0.132626 -0.00665968
  0.0955521  -0.0117519 -0.00665968    0.135279
IMAGINARY
           0    0.0143997  -0.00381456  -0.00348557
  -0.0143997            0  0.000894901    0.0233875
  0.00381456 -0.000894901            0   0.00991824
  0.00348557   -0.0233875  -0.00991824            0
Repeater1[0]<--->BSA[0]
REAL
   0.441454  -0.0250391  -0.0104955    0.138379
 -0.0250391    0.170929   0.0278529  0.00202095
 -0.0104955   0.0278529    0.183042 -0.00951112
   0.138379  0.00202095 -0.00951112    0.204576
IMAGINARY
          0 -0.00247494  0.00159342  -0.0208254
 0.00247494           0   0.0261133    0.020775
-0.00159342  -0.0261133           0  0.00379073
  0.0208254   -0.020775 -0.00379073           0
EndNode1[0]<--->Repeater1[0]
REAL
    0.496749 -0.000627687  0.000424797     0.110777
-0.000627687     0.141743    0.0256982   0.00630715
 0.000424797    0.0256982     0.227568   -0.0134482
    0.110777   0.00630715   -0.0134482      0.13394
IMAGINARY
          0  -0.0116025   0.0175346 -0.00217338
  0.0116025           0  0.00283916  0.00602563
 -0.0175346 -0.00283916           0   0.0155292
 0.00217338 -0.00602563  -0.0155292           0
EndNode2[0]<--->BSA[0]
REAL
    0.42362  -0.0106126  0.00758013    0.144697
 -0.0106126    0.195122   0.0356744 -0.00625387
 0.00758013   0.0356744    0.145058   0.0212226
   0.144697 -0.00625387   0.0212226      0.2362
IMAGINARY
          0   0.0134787  0.00777614    -0.01811
 -0.0134787           0  -0.0231861  -0.0215606
-0.00777614   0.0231861           0  0.00281203
    0.01811   0.0215606 -0.00281203           0
Repeater1[0]<--->EndNode1[0]
REAL
    0.496749  0.000424797 -0.000627687     0.110777
 0.000424797     0.227568    0.0256982   -0.0134482
-0.000627687    0.0256982     0.141743   0.00630715
    0.110777   -0.0134482   0.00630715      0.13394
IMAGINARY
          0   0.0175346  -0.0116025 -0.00217338
 -0.0175346           0 -0.00283916   0.0155292
  0.0116025  0.00283916           0  0.00602563
 0.00217338  -0.0155292 -0.00602563           0
Repeater1[0]<--->BSA[0]
REAL
    0.42362  0.00758013  -0.0106126    0.144697
 0.00758013    0.145058   0.0356744   0.0212226
 -0.0106126   0.0356744    0.195122 -0.00625387
   0.144697   0.0212226 -0.00625387      0.2362
IMAGINARY
          0  0.00777614   0.0134787    -0.01811
-0.00777614           0   0.0231861  0.00281203
 -0.0134787  -0.0231861           0  -0.0215606
    0.01811 -0.00281203   0.0215606           0
EndNode1[0]<--->Repeater1[0]
REAL
    0.481781     0.028055   0.00610467    0.0912196
    0.028055     0.157895    0.0144505   0.00807059
  0.00610467    0.0144505     0.222672 -0.000993176
   0.0912196   0.00807059 -0.000993176     0.137652
IMAGINARY
          0  -0.0124864  0.00676128     0.01573
  0.0124864           0 -0.00274295   0.0125979
-0.00676128  0.00274295           0  -0.0242293
   -0.01573  -0.0125979   0.0242293           0
EndNode2[0]<--->BSA[0]
REAL
    0.436842  -0.00534213   0.00443705     0.145946
 -0.00534213     0.213158    0.0420338 -0.000600733
  0.00443705    0.0420338     0.155263    0.0168511
    0.145946 -0.000600733    0.0168511     0.194737
IMAGINARY
          0  -0.0144326 -0.00166776  0.00748058
  0.0144326           0   0.0094465 -0.00688969
 0.00166776  -0.0094465           0  -0.0112398
-0.00748058  0.00688969   0.0112398           0
Repeater1[0]<--->EndNode1[0]
REAL
    0.481781   0.00610467     0.028055    0.0912196
  0.00610467     0.222672    0.0144505 -0.000993176
    0.028055    0.0144505     0.157895   0.00807059
   0.0912196 -0.000993176   0.00807059     0.137652
IMAGINARY
          0  0.00676128  -0.0124864     0.01573
-0.00676128           0  0.00274295  -0.0242293
  0.0124864 -0.00274295           0   0.0125979
   -0.01573   0.0242293  -0.0125979           0
Repeater1[0]<--->BSA[0]
REAL
    0.436842   0.00443705  -0.00534213     0.145946
  0.00443705     0.155263    0.0420338    0.0168511
 -0.00534213    0.0420338     0.213158 -0.000600733
    0.145946    0.0168511 -0.000600733     0.194737
IMAGINARY
          0 -0.00166776  -0.0144326  0.00748058
 0.00166776           0  -0.0094465  -0.0112398
  0.0144326   0.0094465           0 -0.00688969
-0.00748058   0.0112398  0.00688969           0
EndNode1[0]<--->Repeater1[0]
REAL
  0.448954 -0.0120392  0.0065978   0.115021
-0.0120392   0.151292  0.0152739  0.0235691
 0.0065978  0.0152739   0.232472  0.0165322
  0.115021  0.0235691  0.0165322   0.167282
IMAGINARY
           0  0.000881113    0.0216146  0.000396484
-0.000881113            0   -0.0121531    0.0124763
  -0.0216146    0.0121531            0   -0.0135074
-0.000396484   -0.0124763    0.0135074            0
EndNode2[0]<--->BSA[0]
REAL
   0.435443 -0.00555235  0.00137653     0.13498
-0.00555235    0.186076  0.00914795    0.011079
 0.00137653  0.00914795    0.144304   0.0180079
    0.13498    0.011079   0.0180079    0.234177
IMAGINARY
          0   -0.012706   0.0180735  -0.0150376
   0.012706           0  -0.0100251  0.00123411
 -0.0180735   0.0100251           0  -0.0105963
  0.0150376 -0.00123411   0.0105963           0
Repeater1[0]<--->EndNode1[0]
REAL
  0.448954  0.0065978 -0.0120392   0.115021
 0.0065978   0.232472  0.0152739  0.0165322
-0.0120392  0.0152739   0.151292  0.0235691
  0.115021  0.0165322  0.0235691   0.167282
IMAGINARY
           0    0.0216146  0.000881113  0.000396484
  -0.0216146            0    0.0121531   -0.0135074
-0.000881113   -0.0121531            0    0.0124763
-0.000396484    0.0135074   -0.0124763            0
Repeater1[0]<--->BSA[0]
REAL
   0.435443  0.00137653 -0.00555235     0.13498
 0.00137653    0.144304  0.00914795   0.0180079
-0.00555235  0.00914795    0.186076    0.011079
    0.13498   0.0180079    0.011079    0.234177
IMAGINARY
          0   0.0180735   -0.012706  -0.0150376
 -0.0180735           0   0.0100251  -0.0105963
   0.012706  -0.0100251           0  0.00123411
  0.0150376   0.0105963 -0.00123411           0
EndNode1[0]<--->Repeater1[0]
REAL
    0.46473  0.00156137  0.00677255    0.111312
 0.00156137    0.165975   0.0259161    0.017684
 0.00677255   0.0259161    0.239281 -0.00292006
   0.111312    0.017684 -0.00292006    0.130014
IMAGINARY
          0   0.0116141   0.0147039 -0.00979061
 -0.0116141           0  0.00854061  -0.0023277
 -0.0147039 -0.00854061           0   -0.025228
 0.00979061   0.0023277    0.025228           0
EndNode2[0]<--->BSA[0]
REAL
   0.444444 -0.00196383   0.0134098    0.143162
-0.00196383     0.16986   0.0391619  -0.0214444
  0.0134098   0.0391619    0.157088  -0.0171956
   0.143162  -0.0214444  -0.0171956    0.228608
IMAGINARY
          0  -0.0238713   0.0215743 -0.00920094
  0.0238713           0 -0.00283962 -0.00424094
 -0.0215743  0.00283962           0  -0.0107954
 0.00920094  0.00424094   0.0107954           0
Repeater1[0]<--->EndNode1[0]
REAL
    0.46473  0.00677255  0.00156137    0.111312
 0.00677255    0.239281   0.0259161 -0.00292006
 0.00156137   0.0259161    0.165975    0.017684
   0.111312 -0.00292006    0.017684    0.130014
IMAGINARY
          0   0.0147039   0.0116141 -0.00979061
 -0.0147039           0 -0.00854061   -0.025228
 -0.0116141  0.00854061           0  -0.0023277
 0.00979061    0.025228   0.0023277           0
Repeater1[0]<--->BSA[0]
REAL
   0.444444   0.0134098 -0.00196383    0.143162
  0.0134098    0.157088   0.0391619  -0.0171956
-0.00196383   0.0391619     0.16986  -0.0214444
   0.143162  -0.0171956  -0.0214444    0.228608
IMAGINARY
          0   0.0215743  -0.0238713 -0.00920094
 -0.0215743           0  0.00283962  -0.0107954
  0.0238713 -0.00283962           0 -0.00424094
 0.00920094   0.0107954  0.00424094           0
