EndNode1[0]<--->Repeater1[0]
REAL
   0.318126  -0.0075429 -0.00919525    0.195576
 -0.0075429    0.172626   0.0737489  -0.0196391
-0.00919525   0.0737489    0.181258 -0.00411354
   0.195576  -0.0196391 -0.00411354     0.32799
IMAGINARY
           0  -0.00133054  -0.00029948 -1.76865e-05
  0.00133054            0  -0.00133002   0.00156852
  0.00029948   0.00133002            0    0.0229041
 1.76865e-05  -0.00156852   -0.0229041            0
EndNode2[0]<--->BSA[0]
REAL
  0.364417 0.00763222  0.0214904   0.222047
0.00763222   0.161963  0.0623681 0.00448361
 0.0214904  0.0623681   0.160736 -0.0154244
  0.222047 0.00448361 -0.0154244   0.312883
IMAGINARY
          0   0.0117487 -0.00465288 -0.00679521
 -0.0117487           0 -0.00945479   0.0114346
 0.00465288  0.00945479           0  -0.0234626
 0.00679521  -0.0114346   0.0234626           0
Repeater1[0]<--->EndNode1[0]
REAL
   0.318126 -0.00919525  -0.0075429    0.195576
-0.00919525    0.181258   0.0737489 -0.00411354
 -0.0075429   0.0737489    0.172626  -0.0196391
   0.195576 -0.00411354  -0.0196391     0.32799
IMAGINARY
           0  -0.00029948  -0.00133054 -1.76865e-05
  0.00029948            0   0.00133002    0.0229041
  0.00133054  -0.00133002            0   0.00156852
 1.76865e-05   -0.0229041  -0.00156852            0
Repeater1[0]<--->BSA[0]
REAL
  0.364417  0.0214904 0.00763222   0.222047
 0.0214904   0.160736  0.0623681 -0.0154244
0.00763222  0.0623681   0.161963 0.00448361
  0.222047 -0.0154244 0.00448361   0.312883
IMAGINARY
          0 -0.00465288   0.0117487 -0.00679521
 0.00465288           0  0.00945479  -0.0234626
 -0.0117487 -0.00945479           0   0.0114346
 0.00679521   0.0234626  -0.0114346           0
EndNode1[0]<--->Repeater1[0]
REAL
   0.354167   0.0110629  0.00355339    0.217014
  0.0110629    0.159722   0.0607639  0.00290656
 0.00355339   0.0607639    0.165278 -0.00460292
   0.217014  0.00290656 -0.00460292    0.320833
IMAGINARY
           0  -0.00364583    0.0057462  0.000942614
  0.00364583            0  0.000316832   -0.0165635
  -0.0057462 -0.000316832            0  -0.00236378
-0.000942614    0.0165635   0.00236378            0
EndNode2[0]<--->BSA[0]
REAL
      0.36 0.00884924 0.00559887   0.219701
0.00884924   0.170323  0.0902595 0.00160951
0.00559887  0.0902595   0.153548 0.00753346
  0.219701 0.00160951 0.00753346   0.316129
IMAGINARY
           0  -0.00108691  -0.00287762  0.000644207
  0.00108691            0   -0.0173507   0.00414665
  0.00287762    0.0173507            0   0.00743209
-0.000644207  -0.00414665  -0.00743209            0
Repeater1[0]<--->EndNode1[0]
REAL
   0.354167  0.00355339   0.0110629    0.217014
 0.00355339    0.165278   0.0607639 -0.00460292
  0.0110629   0.0607639    0.159722  0.00290656
   0.217014 -0.00460292  0.00290656    0.320833
IMAGINARY
           0    0.0057462  -0.00364583  0.000942614
  -0.0057462            0 -0.000316832  -0.00236378
  0.00364583  0.000316832            0   -0.0165635
-0.000942614   0.00236378    0.0165635            0
Repeater1[0]<--->BSA[0]
REAL
      0.36 0.00559887 0.00884924   0.219701
0.00559887   0.153548  0.0902595 0.00753346
0.00884924  0.0902595   0.170323 0.00160951
  0.219701 0.00753346 0.00160951   0.316129
IMAGINARY
           0  -0.00287762  -0.00108691  0.000644207
  0.00287762            0    0.0173507   0.00743209
  0.00108691   -0.0173507            0   0.00414665
-0.000644207  -0.00743209  -0.00414665            0
