EndNode1[0]<--->Repeater1[0]
REAL
    0.43199  -0.0118034 -0.00780171      0.2378
 -0.0118034    0.100756   0.0183931 -0.00458421
-0.00780171   0.0183931    0.129723   0.0059364
     0.2378 -0.00458421   0.0059364    0.337531
IMAGINARY
          0  0.00218515   0.0103331  0.00518784
-0.00218515           0    0.010316 -0.00600677
 -0.0103331   -0.010316           0   -0.012692
-0.00518784  0.00600677    0.012692           0
EndNode2[0]<--->BSA[0]
REAL
   0.383033  0.00321231  0.00583035    0.272502
 0.00321231    0.102828   0.0243914 -0.00642772
 0.00583035   0.0243914    0.114396  -0.0205361
   0.272502 -0.00642772  -0.0205361    0.399743
IMAGINARY
           0 -0.000941055   0.00946953     0.029872
 0.000941055            0  -0.00355619    0.0295733
 -0.00946953   0.00355619            0  -0.00031839
   -0.029872   -0.0295733   0.00031839            0
Repeater1[0]<--->EndNode1[0]
REAL
    0.43199 -0.00780171  -0.0118034      0.2378
-0.00780171    0.129723   0.0183931   0.0059364
 -0.0118034   0.0183931    0.100756 -0.00458421
     0.2378   0.0059364 -0.00458421    0.337531
IMAGINARY
          0   0.0103331  0.00218515  0.00518784
 -0.0103331           0   -0.010316   -0.012692
-0.00218515    0.010316           0 -0.00600677
-0.00518784    0.012692  0.00600677           0
Repeater1[0]<--->BSA[0]
REAL
   0.383033  0.00583035  0.00321231    0.272502
 0.00583035    0.114396   0.0243914  -0.0205361
 0.00321231   0.0243914    0.102828 -0.00642772
   0.272502  -0.0205361 -0.00642772    0.399743
IMAGINARY
           0   0.00946953 -0.000941055     0.029872
 -0.00946953            0   0.00355619  -0.00031839
 0.000941055  -0.00355619            0    0.0295733
   -0.029872   0.00031839   -0.0295733            0
EndNode1[0]<--->Repeater1[0]
REAL
  0.434211 0.00602578 -0.0153797   0.240155
0.00602578   0.101316  0.0256925 0.00308994
-0.0153797  0.0256925   0.136842 -0.0144346
  0.240155 0.00308994 -0.0144346   0.327632
IMAGINARY
           0  -0.00591815   0.00645008  -0.00522405
  0.00591815            0   0.00140725    0.0090011
 -0.00645008  -0.00140725            0 -0.000880367
  0.00522405   -0.0090011  0.000880367            0
EndNode2[0]<--->BSA[0]
REAL
   0.442193 -0.00692459 -0.00690423    0.278846
-0.00692459    0.106079   0.0370807   0.0016823
-0.00690423   0.0370807    0.112038  -0.0152686
   0.278846   0.0016823  -0.0152686     0.33969
IMAGINARY
          0  -0.0173242   0.0185616   0.0124583
  0.0173242           0  0.00834874  0.00449508
 -0.0185616 -0.00834874           0  0.00217267
 -0.0124583 -0.00449508 -0.00217267           0
Repeater1[0]<--->EndNode1[0]
REAL
  0.434211 -0.0153797 0.00602578   0.240155
-0.0153797   0.136842  0.0256925 -0.0144346
0.00602578  0.0256925   0.101316 0.00308994
  0.240155 -0.0144346 0.00308994   0.327632
IMAGINARY
           0   0.00645008  -0.00591815  -0.00522405
 -0.00645008            0  -0.00140725 -0.000880367
  0.00591815   0.00140725            0    0.0090011
  0.00522405  0.000880367   -0.0090011            0
Repeater1[0]<--->BSA[0]
REAL
   0.442193 -0.00690423 -0.00692459    0.278846
-0.00690423    0.112038   0.0370807  -0.0152686
-0.00692459   0.0370807    0.106079   0.0016823
   0.278846  -0.0152686   0.0016823     0.33969
IMAGINARY
          0   0.0185616  -0.0173242   0.0124583
 -0.0185616           0 -0.00834874  0.00217267
  0.0173242  0.00834874           0  0.00449508
 -0.0124583 -0.00217267 -0.00449508           0
EndNode1[0]<--->Repeater1[0]
REAL
   0.411685   0.0046442  0.00604648     0.25176
  0.0046442    0.105978   0.0293213 -0.00739783
 0.00604648   0.0293213    0.119565  0.00211256
    0.25176 -0.00739783  0.00211256    0.362772
IMAGINARY
          0 -0.00680092   0.0166993  0.00519068
 0.00680092           0   0.0113332 -0.00826869
 -0.0166993  -0.0113332           0  -0.0197879
-0.00519068  0.00826869   0.0197879           0
EndNode2[0]<--->BSA[0]
REAL
   0.430521 -0.00912948  0.00222265    0.283829
-0.00912948   0.0905707   0.0474052   0.0116313
 0.00222265   0.0474052    0.119107  0.00283225
   0.283829   0.0116313  0.00283225    0.359801
IMAGINARY
          0  -0.0160635  0.00950903  -0.0117866
  0.0160635           0  -0.0104497 -0.00619777
-0.00950903   0.0104497           0  0.00612972
  0.0117866  0.00619777 -0.00612972           0
Repeater1[0]<--->EndNode1[0]
REAL
   0.411685  0.00604648   0.0046442     0.25176
 0.00604648    0.119565   0.0293213  0.00211256
  0.0046442   0.0293213    0.105978 -0.00739783
    0.25176  0.00211256 -0.00739783    0.362772
IMAGINARY
          0   0.0166993 -0.00680092  0.00519068
 -0.0166993           0  -0.0113332  -0.0197879
 0.00680092   0.0113332           0 -0.00826869
-0.00519068   0.0197879  0.00826869           0
Repeater1[0]<--->BSA[0]
REAL
   0.430521  0.00222265 -0.00912948    0.283829
 0.00222265    0.119107   0.0474052  0.00283225
-0.00912948   0.0474052   0.0905707   0.0116313
   0.283829  0.00283225   0.0116313    0.359801
IMAGINARY
          0  0.00950903  -0.0160635  -0.0117866
-0.00950903           0   0.0104497  0.00612972
  0.0160635  -0.0104497           0 -0.00619777
  0.0117866 -0.00612972  0.00619777           0
EndNode1[0]<--->Repeater1[0]
REAL
  0.452949 -0.0133722 -0.0119605   0.228297
-0.0133722   0.100376  0.0236612 0.00151661
-0.0119605  0.0236612   0.117942 -0.0179594
  0.228297 0.00151661 -0.0179594   0.328733
IMAGINARY
           0    0.0281331   -0.0138742   0.00193614
  -0.0281331            0  0.000695442    0.0171855
   0.0138742 -0.000695442            0 -0.000980803
 -0.00193614   -0.0171855  0.000980803            0
EndNode2[0]<--->BSA[0]
REAL
   0.42953 -0.0030579 0.00499977   0.261958
-0.0030579   0.095302  0.0256066  0.0131349
0.00499977  0.0256066  0.0993289 0.00564857
  0.261958  0.0131349 0.00564857   0.375839
IMAGINARY
          0 -0.00213412   0.0174956  0.00740929
 0.00213412           0  0.00424874  -0.0141667
 -0.0174956 -0.00424874           0  -0.0145104
-0.00740929   0.0141667   0.0145104           0
Repeater1[0]<--->EndNode1[0]
REAL
  0.452949 -0.0119605 -0.0133722   0.228297
-0.0119605   0.117942  0.0236612 -0.0179594
-0.0133722  0.0236612   0.100376 0.00151661
  0.228297 -0.0179594 0.00151661   0.328733
IMAGINARY
           0   -0.0138742    0.0281331   0.00193614
   0.0138742            0 -0.000695442 -0.000980803
  -0.0281331  0.000695442            0    0.0171855
 -0.00193614  0.000980803   -0.0171855            0
Repeater1[0]<--->BSA[0]
REAL
   0.42953 0.00499977 -0.0030579   0.261958
0.00499977  0.0993289  0.0256066 0.00564857
-0.0030579  0.0256066   0.095302  0.0131349
  0.261958 0.00564857  0.0131349   0.375839
IMAGINARY
          0   0.0174956 -0.00213412  0.00740929
 -0.0174956           0 -0.00424874  -0.0145104
 0.00213412  0.00424874           0  -0.0141667
-0.00740929   0.0145104   0.0141667           0
EndNode1[0]<--->Repeater1[0]
REAL
   0.433987   0.0105961  -0.0137328    0.248787
  0.0105961    0.128105   0.0302394 -0.00561798
 -0.0137328   0.0302394    0.118954  -0.0237047
   0.248787 -0.00561798  -0.0237047    0.318954
IMAGINARY
          0  -0.0175889 -0.00471327 -0.00331863
  0.0175889           0  -0.0174638   0.0131439
 0.00471327   0.0174638           0   -0.012891
 0.00331863  -0.0131439    0.012891           0
EndNode2[0]<--->BSA[0]
REAL
  0.468274 -0.0258278 -0.0111024   0.254339
-0.0258278  0.0939086  0.0285739 -0.0169088
-0.0111024  0.0285739  0.0939086 -0.0175895
  0.254339 -0.0169088 -0.0175895   0.343909
IMAGINARY
           0    0.0163864   0.00540499 -0.000489661
  -0.0163864            0   0.00310746    0.0137277
 -0.00540499  -0.00310746            0   0.00147072
 0.000489661   -0.0137277  -0.00147072            0
Repeater1[0]<--->EndNode1[0]
REAL
   0.433987  -0.0137328   0.0105961    0.248787
 -0.0137328    0.118954   0.0302394  -0.0237047
  0.0105961   0.0302394    0.128105 -0.00561798
   0.248787  -0.0237047 -0.00561798    0.318954
IMAGINARY
          0 -0.00471327  -0.0175889 -0.00331863
 0.00471327           0   0.0174638   -0.012891
  0.0175889  -0.0174638           0   0.0131439
 0.00331863    0.012891  -0.0131439           0
Repeater1[0]<--->BSA[0]
REAL
  0.468274 -0.0111024 -0.0258278   0.254339
-0.0111024  0.0939086  0.0285739 -0.0175895
-0.0258278  0.0285739  0.0939086 -0.0169088
  0.254339 -0.0175895 -0.0169088   0.343909
IMAGINARY
           0   0.00540499    0.0163864 -0.000489661
 -0.00540499            0  -0.00310746   0.00147072
  -0.0163864   0.00310746            0    0.0137277
 0.000489661  -0.00147072   -0.0137277            0
EndNode1[0]<--->Repeater1[0]
REAL
    0.43607   0.0089384  -0.0152086    0.253778
  0.0089384    0.111709   0.0281369 0.000580907
 -0.0152086   0.0281369    0.103634   0.0163276
   0.253778 0.000580907   0.0163276    0.348587
IMAGINARY
          0  -0.0018301  -0.0079544  0.00033086
  0.0018301           0  0.00160963   0.0105185
  0.0079544 -0.00160963           0   0.0223429
-0.00033086  -0.0105185  -0.0223429           0
EndNode2[0]<--->BSA[0]
REAL
   0.421123 -0.00437931   -0.012674    0.270153
-0.00437931   0.0855615   0.0373007   0.0207485
  -0.012674   0.0373007    0.101604 -0.00121075
   0.270153   0.0207485 -0.00121075    0.391711
IMAGINARY
          0   -0.011819  0.00321835 -0.00310821
   0.011819           0  -0.0146513 -0.00502341
-0.00321835   0.0146513           0   0.0208443
 0.00310821  0.00502341  -0.0208443           0
Repeater1[0]<--->EndNode1[0]
REAL
    0.43607  -0.0152086   0.0089384    0.253778
 -0.0152086    0.103634   0.0281369   0.0163276
  0.0089384   0.0281369    0.111709 0.000580907
   0.253778   0.0163276 0.000580907    0.348587
IMAGINARY
          0  -0.0079544  -0.0018301  0.00033086
  0.0079544           0 -0.00160963   0.0223429
  0.0018301  0.00160963           0   0.0105185
-0.00033086  -0.0223429  -0.0105185           0
Repeater1[0]<--->BSA[0]
REAL
   0.421123   -0.012674 -0.00437931    0.270153
  -0.012674    0.101604   0.0373007 -0.00121075
-0.00437931   0.0373007   0.0855615   0.0207485
   0.270153 -0.00121075   0.0207485    0.391711
IMAGINARY
          0  0.00321835   -0.011819 -0.00310821
-0.00321835           0   0.0146513   0.0208443
   0.011819  -0.0146513           0 -0.00502341
 0.00310821  -0.0208443  0.00502341           0
EndNode1[0]<--->Repeater1[0]
REAL
  0.439299 0.00988147 0.00355224   0.252172
0.00988147  0.0926158  0.0209054 0.00157596
0.00355224  0.0209054   0.123905 0.00422109
  0.252172 0.00157596 0.00422109    0.34418
IMAGINARY
          0 -0.00408596  -0.0173764  -0.0187608
 0.00408596           0   0.0323442  -0.0110473
  0.0173764  -0.0323442           0   0.0170059
  0.0187608   0.0110473  -0.0170059           0
EndNode2[0]<--->BSA[0]
REAL
    0.42515   0.0181193 -0.00166217    0.244213
  0.0181193   0.0922156   0.0338512  -0.0209185
-0.00166217   0.0338512    0.100599 -0.00973218
   0.244213  -0.0209185 -0.00973218    0.382036
IMAGINARY
          0  -0.0283089  -0.0158565  0.00969328
  0.0283089           0   0.0025965    0.020226
  0.0158565  -0.0025965           0 -0.00852002
-0.00969328   -0.020226  0.00852002           0
Repeater1[0]<--->EndNode1[0]
REAL
  0.439299 0.00355224 0.00988147   0.252172
0.00355224   0.123905  0.0209054 0.00422109
0.00988147  0.0209054  0.0926158 0.00157596
  0.252172 0.00422109 0.00157596    0.34418
IMAGINARY
          0  -0.0173764 -0.00408596  -0.0187608
  0.0173764           0  -0.0323442   0.0170059
 0.00408596   0.0323442           0  -0.0110473
  0.0187608  -0.0170059   0.0110473           0
Repeater1[0]<--->BSA[0]
REAL
    0.42515 -0.00166217   0.0181193    0.244213
-0.00166217    0.100599   0.0338512 -0.00973218
  0.0181193   0.0338512   0.0922156  -0.0209185
   0.244213 -0.00973218  -0.0209185    0.382036
IMAGINARY
          0  -0.0158565  -0.0283089  0.00969328
  0.0158565           0  -0.0025965 -0.00852002
  0.0283089   0.0025965           0    0.020226
-0.00969328  0.00852002   -0.020226           0
EndNode1[0]<--->Repeater1[0]
REAL
   0.440428   0.0122253   0.0267763    0.225702
  0.0122253    0.111111   0.0415609 -0.00759468
  0.0267763   0.0415609    0.111111   0.0197441
   0.225702 -0.00759468   0.0197441    0.337349
IMAGINARY
           0  0.000188045  0.000398598  -0.00345486
-0.000188045            0   -0.0178906    0.0172947
-0.000398598    0.0178906            0   0.00702034
  0.00345486   -0.0172947  -0.00702034            0
EndNode2[0]<--->BSA[0]
REAL
   0.413102 -0.00193459  -0.0182777    0.258542
-0.00193459    0.102941   0.0180944  -0.0208751
 -0.0182777   0.0180944    0.117647 -0.00897684
   0.258542  -0.0208751 -0.00897684     0.36631
IMAGINARY
           0   0.00427242    0.0129514 -1.43852e-05
 -0.00427242            0   0.00189644   0.00747024
  -0.0129514  -0.00189644            0   -0.0102013
 1.43852e-05  -0.00747024    0.0102013            0
Repeater1[0]<--->EndNode1[0]
REAL
   0.440428   0.0267763   0.0122253    0.225702
  0.0267763    0.111111   0.0415609   0.0197441
  0.0122253   0.0415609    0.111111 -0.00759468
   0.225702   0.0197441 -0.00759468    0.337349
IMAGINARY
           0  0.000398598  0.000188045  -0.00345486
-0.000398598            0    0.0178906   0.00702034
-0.000188045   -0.0178906            0    0.0172947
  0.00345486  -0.00702034   -0.0172947            0
Repeater1[0]<--->BSA[0]
REAL
   0.413102  -0.0182777 -0.00193459    0.258542
 -0.0182777    0.117647   0.0180944 -0.00897684
-0.00193459   0.0180944    0.102941  -0.0208751
   0.258542 -0.00897684  -0.0208751     0.36631
IMAGINARY
           0    0.0129514   0.00427242 -1.43852e-05
  -0.0129514            0  -0.00189644   -0.0102013
 -0.00427242   0.00189644            0   0.00747024
 1.43852e-05    0.0102013  -0.00747024            0
EndNode1[0]<--->Repeater1[0]
REAL
   0.443299  -0.0304013 -0.00565197    0.247981
 -0.0304013    0.114691    0.025059  -0.0129175
-0.00565197    0.025059    0.132732   0.0214604
   0.247981  -0.0129175   0.0214604    0.309278
IMAGINARY
           0   0.00534195 -0.000629723   0.00784591
 -0.00534195            0  -0.00343229 -0.000629723
 0.000629723   0.00343229            0   -0.0116392
 -0.00784591  0.000629723    0.0116392            0
EndNode2[0]<--->BSA[0]
REAL
   0.444578  0.00645045  -0.0142667    0.262062
 0.00645045     0.10241   0.0324767  -0.0084901
 -0.0142667   0.0324767   0.0903614 -0.00840104
   0.262062  -0.0084901 -0.00840104    0.362651
IMAGINARY
          0  0.00679543  -0.0113426  -0.0036539
-0.00679543           0 -0.00233811 -0.00940709
  0.0113426  0.00233811           0   0.0112769
  0.0036539  0.00940709  -0.0112769           0
Repeater1[0]<--->EndNode1[0]
REAL
   0.443299 -0.00565197  -0.0304013    0.247981
-0.00565197    0.132732    0.025059   0.0214604
 -0.0304013    0.025059    0.114691  -0.0129175
   0.247981   0.0214604  -0.0129175    0.309278
IMAGINARY
           0 -0.000629723   0.00534195   0.00784591
 0.000629723            0   0.00343229   -0.0116392
 -0.00534195  -0.00343229            0 -0.000629723
 -0.00784591    0.0116392  0.000629723            0
Repeater1[0]<--->BSA[0]
REAL
   0.444578  -0.0142667  0.00645045    0.262062
 -0.0142667   0.0903614   0.0324767 -0.00840104
 0.00645045   0.0324767     0.10241  -0.0084901
   0.262062 -0.00840104  -0.0084901    0.362651
IMAGINARY
          0  -0.0113426  0.00679543  -0.0036539
  0.0113426           0  0.00233811   0.0112769
-0.00679543 -0.00233811           0 -0.00940709
  0.0036539  -0.0112769  0.00940709           0
EndNode1[0]<--->Repeater1[0]
REAL
   0.450439 -0.00140671 -0.00265906    0.243966
-0.00140671    0.112923    0.022203   0.0238033
-0.00265906    0.022203    0.109159   0.0250386
   0.243966   0.0238033   0.0250386    0.327478
IMAGINARY
           0    0.0103699  -0.00812672  0.000546863
  -0.0103699            0   0.00487319    -0.011157
  0.00812672  -0.00487319            0    0.0116686
-0.000546863     0.011157   -0.0116686            0
EndNode2[0]<--->BSA[0]
REAL
   0.422252  -0.0165837  -0.0100776    0.265677
 -0.0165837   0.0938338   0.0276112  -0.0107278
 -0.0100776   0.0276112   0.0991957 -0.00690626
   0.265677  -0.0107278 -0.00690626    0.384718
IMAGINARY
          0 -0.00613272 -0.00410494 -0.00191971
 0.00613272           0   0.0157736  -0.0234348
 0.00410494  -0.0157736           0  0.00429673
 0.00191971   0.0234348 -0.00429673           0
Repeater1[0]<--->EndNode1[0]
REAL
   0.450439 -0.00265906 -0.00140671    0.243966
-0.00265906    0.109159    0.022203   0.0250386
-0.00140671    0.022203    0.112923   0.0238033
   0.243966   0.0250386   0.0238033    0.327478
IMAGINARY
           0  -0.00812672    0.0103699  0.000546863
  0.00812672            0  -0.00487319    0.0116686
  -0.0103699   0.00487319            0    -0.011157
-0.000546863   -0.0116686     0.011157            0
Repeater1[0]<--->BSA[0]
REAL
   0.422252  -0.0100776  -0.0165837    0.265677
 -0.0100776   0.0991957   0.0276112 -0.00690626
 -0.0165837   0.0276112   0.0938338  -0.0107278
   0.265677 -0.00690626  -0.0107278    0.384718
IMAGINARY
          0 -0.00410494 -0.00613272 -0.00191971
 0.00410494           0  -0.0157736  0.00429673
 0.00613272   0.0157736           0  -0.0234348
 0.00191971 -0.00429673   0.0234348           0
EndNode1[0]<--->Repeater1[0]
REAL
    0.41737  0.00695922  -0.0122781    0.231766
 0.00695922    0.120627    0.026361 -0.00397674
 -0.0122781    0.026361    0.124246   0.0157976
   0.231766 -0.00397674   0.0157976    0.337756
IMAGINARY
          0  -0.0202703  -4.455e-05 -0.00391165
  0.0202703           0  0.00258186  0.00544996
  4.455e-05 -0.00258186           0  -0.0202703
 0.00391165 -0.00544996   0.0202703           0
EndNode2[0]<--->BSA[0]
REAL
  0.421594 -0.0129753 0.00169933   0.283563
-0.0129753   0.104113  0.0306667 -0.0142158
0.00169933  0.0306667   0.096401  0.0123165
  0.283563 -0.0142158  0.0123165   0.377892
IMAGINARY
          0  -0.0122691 -0.00716527  -0.0123512
  0.0122691           0   -0.011706  -0.0127832
 0.00716527    0.011706           0   0.0244956
  0.0123512   0.0127832  -0.0244956           0
Repeater1[0]<--->EndNode1[0]
REAL
    0.41737  -0.0122781  0.00695922    0.231766
 -0.0122781    0.124246    0.026361   0.0157976
 0.00695922    0.026361    0.120627 -0.00397674
   0.231766   0.0157976 -0.00397674    0.337756
IMAGINARY
          0  -4.455e-05  -0.0202703 -0.00391165
  4.455e-05           0 -0.00258186  -0.0202703
  0.0202703  0.00258186           0  0.00544996
 0.00391165   0.0202703 -0.00544996           0
Repeater1[0]<--->BSA[0]
REAL
  0.421594 0.00169933 -0.0129753   0.283563
0.00169933   0.096401  0.0306667  0.0123165
-0.0129753  0.0306667   0.104113 -0.0142158
  0.283563  0.0123165 -0.0142158   0.377892
IMAGINARY
          0 -0.00716527  -0.0122691  -0.0123512
 0.00716527           0    0.011706   0.0244956
  0.0122691   -0.011706           0  -0.0127832
  0.0123512  -0.0244956   0.0127832           0
EndNode1[0]<--->Repeater1[0]
REAL
    0.44542 -0.00707752  -0.0137619    0.243595
-0.00707752   0.0966123   0.0130252  0.00178211
 -0.0137619   0.0130252    0.124216  0.00392493
   0.243595  0.00178211  0.00392493    0.333752
IMAGINARY
          0  -0.0103931   0.0272193  0.00191559
  0.0103931           0  0.00456109  -0.0298099
 -0.0272193 -0.00456109           0 -0.00256023
-0.00191559   0.0298099  0.00256023           0
EndNode2[0]<--->BSA[0]
REAL
  0.440832 0.00331227 -0.0229307   0.266235
0.00331227   0.110533  0.0489016  0.0278935
-0.0229307  0.0489016   0.102731  0.0227423
  0.266235  0.0278935  0.0227423   0.345904
IMAGINARY
          0 -0.00104663  0.00541214  -0.0158831
 0.00104663           0 -0.00762389  -0.0120788
-0.00541214  0.00762389           0  -0.0269534
  0.0158831   0.0120788   0.0269534           0
Repeater1[0]<--->EndNode1[0]
REAL
    0.44542  -0.0137619 -0.00707752    0.243595
 -0.0137619    0.124216   0.0130252  0.00392493
-0.00707752   0.0130252   0.0966123  0.00178211
   0.243595  0.00392493  0.00178211    0.333752
IMAGINARY
          0   0.0272193  -0.0103931  0.00191559
 -0.0272193           0 -0.00456109 -0.00256023
  0.0103931  0.00456109           0  -0.0298099
-0.00191559  0.00256023   0.0298099           0
Repeater1[0]<--->BSA[0]
REAL
  0.440832 -0.0229307 0.00331227   0.266235
-0.0229307   0.102731  0.0489016  0.0227423
0.00331227  0.0489016   0.110533  0.0278935
  0.266235  0.0227423  0.0278935   0.345904
IMAGINARY
          0  0.00541214 -0.00104663  -0.0158831
-0.00541214           0  0.00762389  -0.0269534
 0.00104663 -0.00762389           0  -0.0120788
  0.0158831   0.0269534   0.0120788           0
EndNode1[0]<--->Repeater1[0]
REAL
   0.413619  -0.0146249 -0.00133691    0.245931
 -0.0146249    0.134931   0.0407359 3.57462e-06
-0.00133691   0.0407359    0.108449  -0.0107084
   0.245931 3.57462e-06  -0.0107084    0.343001
IMAGINARY
           0   -0.0173721      0.03076  1.77777e-05
   0.0173721            0    0.0127404   0.00430495
    -0.03076   -0.0127404            0   -0.0111993
-1.77777e-05  -0.00430495    0.0111993            0
EndNode2[0]<--->BSA[0]
REAL
   0.398284 -0.00916942    0.025802    0.276699
-0.00916942   0.0894608   0.0336901  -0.0102176
   0.025802   0.0336901     0.10049  -0.0142072
   0.276699  -0.0102176  -0.0142072    0.411765
IMAGINARY
           0   0.00495044 -0.000726226    0.0129445
 -0.00495044            0    -0.018736  -0.00526578
 0.000726226     0.018736            0   0.00237312
  -0.0129445   0.00526578  -0.00237312            0
Repeater1[0]<--->EndNode1[0]
REAL
   0.413619 -0.00133691  -0.0146249    0.245931
-0.00133691    0.108449   0.0407359  -0.0107084
 -0.0146249   0.0407359    0.134931 3.57462e-06
   0.245931  -0.0107084 3.57462e-06    0.343001
IMAGINARY
           0      0.03076   -0.0173721  1.77777e-05
    -0.03076            0   -0.0127404   -0.0111993
   0.0173721    0.0127404            0   0.00430495
-1.77777e-05    0.0111993  -0.00430495            0
Repeater1[0]<--->BSA[0]
REAL
   0.398284    0.025802 -0.00916942    0.276699
   0.025802     0.10049   0.0336901  -0.0142072
-0.00916942   0.0336901   0.0894608  -0.0102176
   0.276699  -0.0142072  -0.0102176    0.411765
IMAGINARY
           0 -0.000726226   0.00495044    0.0129445
 0.000726226            0     0.018736   0.00237312
 -0.00495044    -0.018736            0  -0.00526578
  -0.0129445  -0.00237312   0.00526578            0
EndNode1[0]<--->Repeater1[0]
REAL
   0.419703  -0.0191563  -0.0241621    0.230889
 -0.0191563    0.128205   0.0147601   0.0154606
 -0.0241621   0.0147601    0.109312 -0.00560947
   0.230889   0.0154606 -0.00560947     0.34278
IMAGINARY
          0  0.00290323  -0.0107361  -0.0102544
-0.00290323           0   0.0065415  0.00492967
  0.0107361  -0.0065415           0  0.00290323
  0.0102544 -0.00492967 -0.00290323           0
EndNode2[0]<--->BSA[0]
REAL
   0.410804  -0.0116738 -0.00814534    0.259477
 -0.0116738    0.115578  0.00623003  -0.0167238
-0.00814534  0.00623003   0.0979899   0.0142916
   0.259477  -0.0167238   0.0142916    0.375628
IMAGINARY
          0   0.0159354  0.00211518  -0.0113679
 -0.0159354           0  0.00241653 -0.00860868
-0.00211518 -0.00241653           0   0.0217269
  0.0113679  0.00860868  -0.0217269           0
Repeater1[0]<--->EndNode1[0]
REAL
   0.419703  -0.0241621  -0.0191563    0.230889
 -0.0241621    0.109312   0.0147601 -0.00560947
 -0.0191563   0.0147601    0.128205   0.0154606
   0.230889 -0.00560947   0.0154606     0.34278
IMAGINARY
          0  -0.0107361  0.00290323  -0.0102544
  0.0107361           0  -0.0065415  0.00290323
-0.00290323   0.0065415           0  0.00492967
  0.0102544 -0.00290323 -0.00492967           0
Repeater1[0]<--->BSA[0]
REAL
   0.410804 -0.00814534  -0.0116738    0.259477
-0.00814534   0.0979899  0.00623003   0.0142916
 -0.0116738  0.00623003    0.115578  -0.0167238
   0.259477   0.0142916  -0.0167238    0.375628
IMAGINARY
          0  0.00211518   0.0159354  -0.0113679
-0.00211518           0 -0.00241653   0.0217269
 -0.0159354  0.00241653           0 -0.00860868
  0.0113679  -0.0217269  0.00860868           0
EndNode1[0]<--->Repeater1[0]
REAL
   0.419023  -0.0150509 -0.00443678     0.23755
 -0.0150509    0.128535   0.0232643  0.00825357
-0.00443678   0.0232643    0.114396 -0.00912209
    0.23755  0.00825357 -0.00912209    0.338046
IMAGINARY
           0   -0.0193261  0.000975202    0.0219049
   0.0193261            0  -0.00989481   0.00492257
-0.000975202   0.00989481            0   0.00818586
  -0.0219049  -0.00492257  -0.00818586            0
EndNode2[0]<--->BSA[0]
REAL
  0.416667  0.0172576 0.00247965   0.275528
 0.0172576   0.116667    0.01401  0.0194182
0.00247965    0.01401  0.0897436 0.00342364
  0.275528  0.0194182 0.00342364   0.376923
IMAGINARY
          0  -0.0257249   0.0139698  0.00590892
  0.0257249           0  -0.0097749 -0.00990472
 -0.0139698   0.0097749           0  0.00810971
-0.00590892  0.00990472 -0.00810971           0
Repeater1[0]<--->EndNode1[0]
REAL
   0.419023 -0.00443678  -0.0150509     0.23755
-0.00443678    0.114396   0.0232643 -0.00912209
 -0.0150509   0.0232643    0.128535  0.00825357
    0.23755 -0.00912209  0.00825357    0.338046
IMAGINARY
           0  0.000975202   -0.0193261    0.0219049
-0.000975202            0   0.00989481   0.00818586
   0.0193261  -0.00989481            0   0.00492257
  -0.0219049  -0.00818586  -0.00492257            0
Repeater1[0]<--->BSA[0]
REAL
  0.416667 0.00247965  0.0172576   0.275528
0.00247965  0.0897436    0.01401 0.00342364
 0.0172576    0.01401   0.116667  0.0194182
  0.275528 0.00342364  0.0194182   0.376923
IMAGINARY
          0   0.0139698  -0.0257249  0.00590892
 -0.0139698           0   0.0097749  0.00810971
  0.0257249  -0.0097749           0 -0.00990472
-0.00590892 -0.00810971  0.00990472           0
EndNode1[0]<--->Repeater1[0]
REAL
    0.46224  0.00163822  -0.0179216    0.238769
 0.00163822     0.10026   0.0373126  -0.0100682
 -0.0179216   0.0373126    0.108073 -0.00672728
   0.238769  -0.0100682 -0.00672728    0.329427
IMAGINARY
           0  -0.00252662  -0.00523524    0.0209273
  0.00252662            0   0.00346291 -0.000832723
  0.00523524  -0.00346291            0    0.0110218
  -0.0209273  0.000832723   -0.0110218            0
EndNode2[0]<--->BSA[0]
REAL
   0.438217   0.0123099  -0.0139703    0.281731
  0.0123099   0.0942675   0.0487098 -0.00672394
 -0.0139703   0.0487098    0.100637 -0.00763696
   0.281731 -0.00672394 -0.00763696    0.366879
IMAGINARY
           0    0.0124831 -0.000407923   0.00482096
  -0.0124831            0    0.0035017   -0.0206694
 0.000407923   -0.0035017            0    0.0156199
 -0.00482096    0.0206694   -0.0156199            0
Repeater1[0]<--->EndNode1[0]
REAL
    0.46224  -0.0179216  0.00163822    0.238769
 -0.0179216    0.108073   0.0373126 -0.00672728
 0.00163822   0.0373126     0.10026  -0.0100682
   0.238769 -0.00672728  -0.0100682    0.329427
IMAGINARY
           0  -0.00523524  -0.00252662    0.0209273
  0.00523524            0  -0.00346291    0.0110218
  0.00252662   0.00346291            0 -0.000832723
  -0.0209273   -0.0110218  0.000832723            0
Repeater1[0]<--->BSA[0]
REAL
   0.438217  -0.0139703   0.0123099    0.281731
 -0.0139703    0.100637   0.0487098 -0.00763696
  0.0123099   0.0487098   0.0942675 -0.00672394
   0.281731 -0.00763696 -0.00672394    0.366879
IMAGINARY
           0 -0.000407923    0.0124831   0.00482096
 0.000407923            0   -0.0035017    0.0156199
  -0.0124831    0.0035017            0   -0.0206694
 -0.00482096   -0.0156199    0.0206694            0
EndNode1[0]<--->Repeater1[0]
REAL
   0.443599  -0.0107765  0.00317433     0.23456
 -0.0107765   0.0887199   0.0220602   0.0151107
 0.00317433   0.0220602    0.117871 -0.00750851
    0.23456   0.0151107 -0.00750851     0.34981
IMAGINARY
          0  -0.0123988   0.0110195  -0.0134113
  0.0123988           0  0.00247179 -0.00546398
 -0.0110195 -0.00247179           0  0.00267658
  0.0134113  0.00546398 -0.00267658           0
EndNode2[0]<--->BSA[0]
REAL
   0.416462 -0.00180103  -0.0107849    0.261773
-0.00180103   0.0970516   0.0226426    0.014681
 -0.0107849   0.0226426    0.109337 -0.00988728
   0.261773    0.014681 -0.00988728     0.37715
IMAGINARY
           0    -0.026636 -0.000850076   0.00661255
    0.026636            0    0.0130725  -0.00156538
 0.000850076   -0.0130725            0   -0.0216732
 -0.00661255   0.00156538    0.0216732            0
Repeater1[0]<--->EndNode1[0]
REAL
   0.443599  0.00317433  -0.0107765     0.23456
 0.00317433    0.117871   0.0220602 -0.00750851
 -0.0107765   0.0220602   0.0887199   0.0151107
    0.23456 -0.00750851   0.0151107     0.34981
IMAGINARY
          0   0.0110195  -0.0123988  -0.0134113
 -0.0110195           0 -0.00247179  0.00267658
  0.0123988  0.00247179           0 -0.00546398
  0.0134113 -0.00267658  0.00546398           0
Repeater1[0]<--->BSA[0]
REAL
   0.416462  -0.0107849 -0.00180103    0.261773
 -0.0107849    0.109337   0.0226426 -0.00988728
-0.00180103   0.0226426   0.0970516    0.014681
   0.261773 -0.00988728    0.014681     0.37715
IMAGINARY
           0 -0.000850076    -0.026636   0.00661255
 0.000850076            0   -0.0130725   -0.0216732
    0.026636    0.0130725            0  -0.00156538
 -0.00661255    0.0216732   0.00156538            0
EndNode1[0]<--->Repeater1[0]
REAL
  0.423127  0.0249225 -0.0149935   0.241751
 0.0249225   0.123522  0.0379098  0.0169492
-0.0149935  0.0379098   0.124836 0.00180497
  0.241751  0.0169492 0.00180497   0.328515
IMAGINARY
           0   -0.0352979   0.00757272  -0.00785599
   0.0352979            0   -0.0110488   0.00172096
 -0.00757272    0.0110488            0 -1.80899e-05
  0.00785599  -0.00172096  1.80899e-05            0
EndNode2[0]<--->BSA[0]
REAL
   0.412067  0.00951033 -0.00336045     0.26969
 0.00951033    0.102696   0.0409453   0.0117911
-0.00336045   0.0409453    0.097561  -0.0140499
    0.26969   0.0117911  -0.0140499    0.387677
IMAGINARY
          0  -0.0120482   0.0129462   0.0194618
  0.0120482           0  -0.0289675   0.0187677
 -0.0129462   0.0289675           0 -0.00482088
 -0.0194618  -0.0187677  0.00482088           0
Repeater1[0]<--->EndNode1[0]
REAL
  0.423127 -0.0149935  0.0249225   0.241751
-0.0149935   0.124836  0.0379098 0.00180497
 0.0249225  0.0379098   0.123522  0.0169492
  0.241751 0.00180497  0.0169492   0.328515
IMAGINARY
           0   0.00757272   -0.0352979  -0.00785599
 -0.00757272            0    0.0110488 -1.80899e-05
   0.0352979   -0.0110488            0   0.00172096
  0.00785599  1.80899e-05  -0.00172096            0
Repeater1[0]<--->BSA[0]
REAL
   0.412067 -0.00336045  0.00951033     0.26969
-0.00336045    0.097561   0.0409453  -0.0140499
 0.00951033   0.0409453    0.102696   0.0117911
    0.26969  -0.0140499   0.0117911    0.387677
IMAGINARY
          0   0.0129462  -0.0120482   0.0194618
 -0.0129462           0   0.0289675 -0.00482088
  0.0120482  -0.0289675           0   0.0187677
 -0.0194618  0.00482088  -0.0187677           0
EndNode1[0]<--->Repeater1[0]
REAL
   0.415929 -0.00223887   0.0136355    0.241412
-0.00223887    0.107459   0.0245748 -0.00343146
  0.0136355   0.0245748    0.118837   0.0015586
   0.241412 -0.00343146   0.0015586    0.357775
IMAGINARY
          0 -0.00469059   0.0185226  -0.0111343
 0.00469059           0  0.00738426  -0.0032165
 -0.0185226 -0.00738426           0  -0.0208196
  0.0111343   0.0032165   0.0208196           0
EndNode2[0]<--->BSA[0]
REAL
   0.417402  -0.0111486 -0.00497259    0.277464
 -0.0111486   0.0933165   0.0204771  -0.0214109
-0.00497259   0.0204771    0.102144   -0.037114
   0.277464  -0.0214109   -0.037114    0.387137
IMAGINARY
          0  -0.0143122  0.00404741   0.0085335
  0.0143122           0   0.0085335  -0.0180207
-0.00404741  -0.0085335           0  -0.0130268
 -0.0085335   0.0180207   0.0130268           0
Repeater1[0]<--->EndNode1[0]
REAL
   0.415929   0.0136355 -0.00223887    0.241412
  0.0136355    0.118837   0.0245748   0.0015586
-0.00223887   0.0245748    0.107459 -0.00343146
   0.241412   0.0015586 -0.00343146    0.357775
IMAGINARY
          0   0.0185226 -0.00469059  -0.0111343
 -0.0185226           0 -0.00738426  -0.0208196
 0.00469059  0.00738426           0  -0.0032165
  0.0111343   0.0208196   0.0032165           0
Repeater1[0]<--->BSA[0]
REAL
   0.417402 -0.00497259  -0.0111486    0.277464
-0.00497259    0.102144   0.0204771   -0.037114
 -0.0111486   0.0204771   0.0933165  -0.0214109
   0.277464   -0.037114  -0.0214109    0.387137
IMAGINARY
          0  0.00404741  -0.0143122   0.0085335
-0.00404741           0  -0.0085335  -0.0130268
  0.0143122   0.0085335           0  -0.0180207
 -0.0085335   0.0130268   0.0180207           0
EndNode1[0]<--->Repeater1[0]
REAL
   0.425756 -0.00702212  -0.0174012    0.220839
-0.00702212    0.103811   0.0334187  0.00158613
 -0.0174012   0.0334187    0.114323 -0.00635987
   0.220839  0.00158613 -0.00635987     0.35611
IMAGINARY
          0  -0.0101532  0.00781944 -0.00364313
  0.0101532           0 -0.00972585    0.010605
-0.00781944  0.00972585           0 -0.00827117
 0.00364313   -0.010605  0.00827117           0
EndNode2[0]<--->BSA[0]
REAL
   0.420786   0.0267243 -0.00266063    0.276049
  0.0267243   0.0975919    0.028325   0.0312147
-0.00266063    0.028325    0.116603 0.000614672
   0.276049   0.0312147 0.000614672    0.365019
IMAGINARY
           0   0.00323819 -0.000794861   0.00838795
 -0.00323819            0   -0.0192436  -0.00635728
 0.000794861    0.0192436            0   0.00651473
 -0.00838795   0.00635728  -0.00651473            0
Repeater1[0]<--->EndNode1[0]
REAL
   0.425756  -0.0174012 -0.00702212    0.220839
 -0.0174012    0.114323   0.0334187 -0.00635987
-0.00702212   0.0334187    0.103811  0.00158613
   0.220839 -0.00635987  0.00158613     0.35611
IMAGINARY
          0  0.00781944  -0.0101532 -0.00364313
-0.00781944           0  0.00972585 -0.00827117
  0.0101532 -0.00972585           0    0.010605
 0.00364313  0.00827117   -0.010605           0
Repeater1[0]<--->BSA[0]
REAL
   0.420786 -0.00266063   0.0267243    0.276049
-0.00266063    0.116603    0.028325 0.000614672
  0.0267243    0.028325   0.0975919   0.0312147
   0.276049 0.000614672   0.0312147    0.365019
IMAGINARY
           0 -0.000794861   0.00323819   0.00838795
 0.000794861            0    0.0192436   0.00651473
 -0.00323819   -0.0192436            0  -0.00635728
 -0.00838795  -0.00651473   0.00635728            0
EndNode1[0]<--->Repeater1[0]
REAL
  0.445609  0.0200693  0.0193186   0.218581
 0.0200693  0.0982962  0.0300962 0.00184545
 0.0193186  0.0300962   0.125819  0.0143222
  0.218581 0.00184545  0.0143222   0.330275
IMAGINARY
          0   0.0113677 -0.00129531  -0.0177233
 -0.0113677           0   0.0196293   0.0176589
 0.00129531  -0.0196293           0  -0.0119738
  0.0177233  -0.0176589   0.0119738           0
EndNode2[0]<--->BSA[0]
REAL
   0.401585 0.000731297  -0.0129368    0.257884
0.000731297   0.0924703   0.0234057 -0.00160177
 -0.0129368   0.0234057    0.100396   0.0138073
   0.257884 -0.00160177   0.0138073    0.405548
IMAGINARY
          0  -0.0139471 -0.00474586 -0.00569726
  0.0139471           0  -0.0225804   0.0146534
 0.00474586   0.0225804           0  0.00536053
 0.00569726  -0.0146534 -0.00536053           0
Repeater1[0]<--->EndNode1[0]
REAL
  0.445609  0.0193186  0.0200693   0.218581
 0.0193186   0.125819  0.0300962  0.0143222
 0.0200693  0.0300962  0.0982962 0.00184545
  0.218581  0.0143222 0.00184545   0.330275
IMAGINARY
          0 -0.00129531   0.0113677  -0.0177233
 0.00129531           0  -0.0196293  -0.0119738
 -0.0113677   0.0196293           0   0.0176589
  0.0177233   0.0119738  -0.0176589           0
Repeater1[0]<--->BSA[0]
REAL
   0.401585  -0.0129368 0.000731297    0.257884
 -0.0129368    0.100396   0.0234057   0.0138073
0.000731297   0.0234057   0.0924703 -0.00160177
   0.257884   0.0138073 -0.00160177    0.405548
IMAGINARY
          0 -0.00474586  -0.0139471 -0.00569726
 0.00474586           0   0.0225804  0.00536053
  0.0139471  -0.0225804           0   0.0146534
 0.00569726 -0.00536053  -0.0146534           0
EndNode1[0]<--->Repeater1[0]
REAL
   0.419554 -0.00353624   0.0146108    0.232862
-0.00353624    0.100248    0.034699  -0.0152494
  0.0146108    0.034699    0.107673   0.0156691
   0.232862  -0.0152494   0.0156691    0.372525
IMAGINARY
         0 -0.0239628  0.0133592 -0.0113128
 0.0239628          0 -0.0229692  0.0207616
-0.0133592  0.0229692          0  0.0160888
 0.0113128 -0.0207616 -0.0160888          0
EndNode2[0]<--->BSA[0]
REAL
   0.419868  0.00249163  0.00281364    0.266237
 0.00249163    0.125828   0.0236999 -0.00595829
 0.00281364   0.0236999   0.0993377  0.00568447
   0.266237 -0.00595829  0.00568447    0.354967
IMAGINARY
           0 -0.000122469   0.00614953  -0.00128499
 0.000122469            0  0.000606563   -0.0210749
 -0.00614953 -0.000606563            0   0.00882894
  0.00128499    0.0210749  -0.00882894            0
Repeater1[0]<--->EndNode1[0]
REAL
   0.419554   0.0146108 -0.00353624    0.232862
  0.0146108    0.107673    0.034699   0.0156691
-0.00353624    0.034699    0.100248  -0.0152494
   0.232862   0.0156691  -0.0152494    0.372525
IMAGINARY
         0  0.0133592 -0.0239628 -0.0113128
-0.0133592          0  0.0229692  0.0160888
 0.0239628 -0.0229692          0  0.0207616
 0.0113128 -0.0160888 -0.0207616          0
Repeater1[0]<--->BSA[0]
REAL
   0.419868  0.00281364  0.00249163    0.266237
 0.00281364   0.0993377   0.0236999  0.00568447
 0.00249163   0.0236999    0.125828 -0.00595829
   0.266237  0.00568447 -0.00595829    0.354967
IMAGINARY
           0   0.00614953 -0.000122469  -0.00128499
 -0.00614953            0 -0.000606563   0.00882894
 0.000122469  0.000606563            0   -0.0210749
  0.00128499  -0.00882894    0.0210749            0
EndNode1[0]<--->Repeater1[0]
REAL
   0.441103   0.0154877 -0.00249587    0.243901
  0.0154877    0.119048   0.0263337  0.00380136
-0.00249587   0.0263337    0.117794   0.0223713
   0.243901  0.00380136   0.0223713    0.322055
IMAGINARY
           0  -0.00108725   0.00201448   0.00736004
  0.00108725            0   0.00156853  0.000688221
 -0.00201448  -0.00156853            0   -0.0137776
 -0.00736004 -0.000688221    0.0137776            0
EndNode2[0]<--->BSA[0]
REAL
  0.391909 0.00733155 0.00700966   0.268943
0.00733155  0.0960809  0.0394864 0.00129174
0.00700966  0.0394864   0.102402 0.00607841
  0.268943 0.00129174 0.00607841   0.409608
IMAGINARY
          0 -0.00912094   0.0262495   0.0136306
 0.00912094           0  -0.0168986    0.022423
 -0.0262495   0.0168986           0  -0.0117387
 -0.0136306   -0.022423   0.0117387           0
Repeater1[0]<--->EndNode1[0]
REAL
   0.441103 -0.00249587   0.0154877    0.243901
-0.00249587    0.117794   0.0263337   0.0223713
  0.0154877   0.0263337    0.119048  0.00380136
   0.243901   0.0223713  0.00380136    0.322055
IMAGINARY
           0   0.00201448  -0.00108725   0.00736004
 -0.00201448            0  -0.00156853   -0.0137776
  0.00108725   0.00156853            0  0.000688221
 -0.00736004    0.0137776 -0.000688221            0
Repeater1[0]<--->BSA[0]
REAL
  0.391909 0.00700966 0.00733155   0.268943
0.00700966   0.102402  0.0394864 0.00607841
0.00733155  0.0394864  0.0960809 0.00129174
  0.268943 0.00607841 0.00129174   0.409608
IMAGINARY
          0   0.0262495 -0.00912094   0.0136306
 -0.0262495           0   0.0168986  -0.0117387
 0.00912094  -0.0168986           0    0.022423
 -0.0136306   0.0117387   -0.022423           0
EndNode1[0]<--->Repeater1[0]
REAL
  0.434146 0.00990227 0.00458246   0.231921
0.00990227   0.117073 0.00513067 -0.0118866
0.00458246 0.00513067    0.12561 -0.0118943
  0.231921 -0.0118866 -0.0118943   0.323171
IMAGINARY
          0  -0.0214337   0.0186938   0.0102751
  0.0214337           0  -0.0109219 -0.00277864
 -0.0186938   0.0109219           0 -0.00774401
 -0.0102751  0.00277864  0.00774401           0
EndNode2[0]<--->BSA[0]
REAL
   0.436709  -0.0196905 -0.00299456    0.261498
 -0.0196905    0.113924   0.0164241  0.00559196
-0.00299456   0.0164241   0.0822785 0.000209989
   0.261498  0.00559196 0.000209989    0.367089
IMAGINARY
