EndNode1[0]<--->Repeater1[0]
REAL
  0.517456  0.0155902 -0.0067685  0.0270345
 0.0155902   0.317955 0.00612198 0.00809476
-0.0067685 0.00612198    0.11596  0.0122613
 0.0270345 0.00809476  0.0122613  0.0486284
IMAGINARY
           0  -0.00855979  -0.00134285   -0.0231442
  0.00855979            0   -0.0124792  0.000709135
  0.00134285    0.0124792            0   0.00412379
   0.0231442 -0.000709135  -0.00412379            0
EndNode2[0]<--->BSA[0]
REAL
  0.456662 0.00307447  0.0137967   0.103475
0.00307447   0.124191  0.0106981  0.0268857
 0.0137967  0.0106981   0.326003  0.0139859
  0.103475  0.0268857  0.0139859  0.0931436
IMAGINARY
           0   -0.0150677   -0.0154756    0.0299491
   0.0150677            0   0.00725135 -9.10049e-05
   0.0154756  -0.00725135            0  -0.00797092
  -0.0299491  9.10049e-05   0.00797092            0
Repeater1[0]<--->EndNode1[0]
REAL
  0.517456 -0.0067685  0.0155902  0.0270345
-0.0067685    0.11596 0.00612198  0.0122613
 0.0155902 0.00612198   0.317955 0.00809476
 0.0270345  0.0122613 0.00809476  0.0486284
IMAGINARY
           0  -0.00134285  -0.00855979   -0.0231442
  0.00134285            0    0.0124792   0.00412379
  0.00855979   -0.0124792            0  0.000709135
   0.0231442  -0.00412379 -0.000709135            0
Repeater1[0]<--->BSA[0]
REAL
  0.456662  0.0137967 0.00307447   0.103475
 0.0137967   0.326003  0.0106981  0.0139859
0.00307447  0.0106981   0.124191  0.0268857
  0.103475  0.0139859  0.0268857  0.0931436
IMAGINARY
           0   -0.0154756   -0.0150677    0.0299491
   0.0154756            0  -0.00725135  -0.00797092
   0.0150677   0.00725135            0 -9.10049e-05
  -0.0299491   0.00797092  9.10049e-05            0
EndNode1[0]<--->Repeater1[0]
REAL
   0.483146  0.00786855  -0.0179745   0.0141387
 0.00786855    0.350811 -0.00916357 -0.00814489
 -0.0179745 -0.00916357    0.111111   0.0157633
  0.0141387 -0.00814489   0.0157633   0.0549313
IMAGINARY
           0   0.00259509   0.00133067  -0.00742799
 -0.00259509            0   0.00865952   0.00199823
 -0.00133067  -0.00865952            0 -0.000597756
  0.00742799  -0.00199823  0.000597756            0
EndNode2[0]<--->BSA[0]
REAL
  0.458763 0.00776942 -0.0229321  0.0618076
0.00776942   0.126289  0.0412265   0.010922
-0.0229321  0.0412265   0.289948 -0.0349502
 0.0618076   0.010922 -0.0349502      0.125
IMAGINARY
          0 -0.00261632   0.0155142 -0.00267916
 0.00261632           0 -0.00334494 -0.00219699
 -0.0155142  0.00334494           0  0.00382698
 0.00267916  0.00219699 -0.00382698           0
Repeater1[0]<--->EndNode1[0]
REAL
   0.483146  -0.0179745  0.00786855   0.0141387
 -0.0179745    0.111111 -0.00916357   0.0157633
 0.00786855 -0.00916357    0.350811 -0.00814489
  0.0141387   0.0157633 -0.00814489   0.0549313
IMAGINARY
           0   0.00133067   0.00259509  -0.00742799
 -0.00133067            0  -0.00865952 -0.000597756
 -0.00259509   0.00865952            0   0.00199823
  0.00742799  0.000597756  -0.00199823            0
Repeater1[0]<--->BSA[0]
REAL
  0.458763 -0.0229321 0.00776942  0.0618076
-0.0229321   0.289948  0.0412265 -0.0349502
0.00776942  0.0412265   0.126289   0.010922
 0.0618076 -0.0349502   0.010922      0.125
IMAGINARY
          0   0.0155142 -0.00261632 -0.00267916
 -0.0155142           0  0.00334494  0.00382698
 0.00261632 -0.00334494           0 -0.00219699
 0.00267916 -0.00382698  0.00219699           0
EndNode1[0]<--->Repeater1[0]
REAL
    0.52973   0.0106203  0.00749261   0.0142163
  0.0106203    0.325676   0.0162406 0.000121603
 0.00749261   0.0162406   0.0972973  -0.0233106
  0.0142163 0.000121603  -0.0233106   0.0472973
IMAGINARY
           0  0.000337382   -0.0386555  -0.00185998
-0.000337382            0   -0.0120641    0.0190873
   0.0386555    0.0120641            0  0.000337382
  0.00185998   -0.0190873 -0.000337382            0
EndNode2[0]<--->BSA[0]
REAL
   0.454082  -0.0157672   0.0265922    0.088544
 -0.0157672    0.133929   0.0315322   0.0210571
  0.0265922   0.0315322    0.295918 -0.00901044
   0.088544   0.0210571 -0.00901044    0.116071
IMAGINARY
          0   0.0336024 -0.00805355  0.00775466
 -0.0336024           0  -0.0280078   0.0126407
 0.00805355   0.0280078           0  0.00899259
-0.00775466  -0.0126407 -0.00899259           0
Repeater1[0]<--->EndNode1[0]
REAL
    0.52973  0.00749261   0.0106203   0.0142163
 0.00749261   0.0972973   0.0162406  -0.0233106
  0.0106203   0.0162406    0.325676 0.000121603
  0.0142163  -0.0233106 0.000121603   0.0472973
IMAGINARY
           0   -0.0386555  0.000337382  -0.00185998
   0.0386555            0    0.0120641  0.000337382
-0.000337382   -0.0120641            0    0.0190873
  0.00185998 -0.000337382   -0.0190873            0
Repeater1[0]<--->BSA[0]
REAL
   0.454082   0.0265922  -0.0157672    0.088544
  0.0265922    0.295918   0.0315322 -0.00901044
 -0.0157672   0.0315322    0.133929   0.0210571
   0.088544 -0.00901044   0.0210571    0.116071
IMAGINARY
          0 -0.00805355   0.0336024  0.00775466
 0.00805355           0   0.0280078  0.00899259
 -0.0336024  -0.0280078           0   0.0126407
-0.00775466 -0.00899259  -0.0126407           0
EndNode1[0]<--->Repeater1[0]
REAL
   0.507673  0.00444488 -0.00282807   0.0579678
 0.00444488    0.327366   0.0154678 -0.00930475
-0.00282807   0.0154678    0.109974   0.0064108
  0.0579678 -0.00930475   0.0064108   0.0549872
IMAGINARY
          0  -0.0196467  -0.0181774   0.0152045
  0.0196467           0   0.0105687   0.0119274
  0.0181774  -0.0105687           0 -0.00660326
 -0.0152045  -0.0119274  0.00660326           0
EndNode2[0]<--->BSA[0]
REAL
   0.486842   0.0164725  0.00323921   0.0682194
  0.0164725    0.135526  -0.0103247  -0.0124497
 0.00323921  -0.0103247    0.278947 -0.00199883
  0.0682194  -0.0124497 -0.00199883   0.0986842
IMAGINARY
          0   0.0241825   0.0102007    0.017797
 -0.0241825           0    0.019703 -0.00573069
 -0.0102007   -0.019703           0  -0.0286525
  -0.017797  0.00573069   0.0286525           0
Repeater1[0]<--->EndNode1[0]
REAL
   0.507673 -0.00282807  0.00444488   0.0579678
-0.00282807    0.109974   0.0154678   0.0064108
 0.00444488   0.0154678    0.327366 -0.00930475
  0.0579678   0.0064108 -0.00930475   0.0549872
IMAGINARY
          0  -0.0181774  -0.0196467   0.0152045
  0.0181774           0  -0.0105687 -0.00660326
  0.0196467   0.0105687           0   0.0119274
 -0.0152045  0.00660326  -0.0119274           0
Repeater1[0]<--->BSA[0]
REAL
   0.486842  0.00323921   0.0164725   0.0682194
 0.00323921    0.278947  -0.0103247 -0.00199883
  0.0164725  -0.0103247    0.135526  -0.0124497
  0.0682194 -0.00199883  -0.0124497   0.0986842
IMAGINARY
          0   0.0102007   0.0241825    0.017797
 -0.0102007           0   -0.019703  -0.0286525
 -0.0241825    0.019703           0 -0.00573069
  -0.017797   0.0286525  0.00573069           0
EndNode1[0]<--->Repeater1[0]
REAL
   0.492021 -0.00866441  0.00246609  0.00304215
-0.00866441    0.343085  0.00497265 -0.00431566
 0.00246609  0.00497265    0.099734   0.0031157
 0.00304215 -0.00431566   0.0031157   0.0651596
IMAGINARY
          0  0.00261099   0.0113459  -0.0139796
-0.00261099           0  0.00210622   0.0176116
 -0.0113459 -0.00210622           0   0.0121895
  0.0139796  -0.0176116  -0.0121895           0
EndNode2[0]<--->BSA[0]
REAL
   0.491026  -0.0197802  0.00429422   0.0706432
 -0.0197802    0.124359   0.0222139 0.000467687
 0.00429422   0.0222139    0.297436 0.000732601
  0.0706432 0.000467687 0.000732601   0.0871795
IMAGINARY
         0 -0.0122384  0.0169987   0.015839
 0.0122384          0 -0.0132749  0.0104882
-0.0169987  0.0132749          0  0.0017672
 -0.015839 -0.0104882 -0.0017672          0
Repeater1[0]<--->EndNode1[0]
REAL
   0.492021  0.00246609 -0.00866441  0.00304215
 0.00246609    0.099734  0.00497265   0.0031157
-0.00866441  0.00497265    0.343085 -0.00431566
 0.00304215   0.0031157 -0.00431566   0.0651596
IMAGINARY
          0   0.0113459  0.00261099  -0.0139796
 -0.0113459           0 -0.00210622   0.0121895
-0.00261099  0.00210622           0   0.0176116
  0.0139796  -0.0121895  -0.0176116           0
Repeater1[0]<--->BSA[0]
REAL
   0.491026  0.00429422  -0.0197802   0.0706432
 0.00429422    0.297436   0.0222139 0.000732601
 -0.0197802   0.0222139    0.124359 0.000467687
  0.0706432 0.000732601 0.000467687   0.0871795
IMAGINARY
         0  0.0169987 -0.0122384   0.015839
-0.0169987          0  0.0132749  0.0017672
 0.0122384 -0.0132749          0  0.0104882
 -0.015839 -0.0017672 -0.0104882          0
