EndNode1[0]<--->Repeater1[0]
REAL
  0.327493 0.00840908  0.0040354   0.191186
0.00840908   0.191375  0.0588143 -0.0226921
 0.0040354  0.0588143   0.199461 -0.0133842
  0.191186 -0.0226921 -0.0133842   0.281671
IMAGINARY
          0  0.00986837  -0.0169549  0.00660723
-0.00986837           0  0.00253115  -0.0213136
  0.0169549 -0.00253115           0  -0.0054769
-0.00660723   0.0213136   0.0054769           0
EndNode2[0]<--->BSA[0]
REAL
  0.354922  0.0236897  0.0327104   0.209997
 0.0236897   0.169689   0.064275 0.00248374
 0.0327104   0.064275   0.176166 0.00907727
  0.209997 0.00248374 0.00907727   0.299223
IMAGINARY
           0  -0.00474651   0.00545755  0.000352262
  0.00474651            0   0.00814447    0.0145959
 -0.00545755  -0.00814447            0  -0.00862248
-0.000352262   -0.0145959   0.00862248            0
Repeater1[0]<--->EndNode1[0]
REAL
  0.327493  0.0040354 0.00840908   0.191186
 0.0040354   0.199461  0.0588143 -0.0133842
0.00840908  0.0588143   0.191375 -0.0226921
  0.191186 -0.0133842 -0.0226921   0.281671
IMAGINARY
          0  -0.0169549  0.00986837  0.00660723
  0.0169549           0 -0.00253115  -0.0054769
-0.00986837  0.00253115           0  -0.0213136
-0.00660723   0.0054769   0.0213136           0
Repeater1[0]<--->BSA[0]
REAL
  0.354922  0.0327104  0.0236897   0.209997
 0.0327104   0.176166   0.064275 0.00907727
 0.0236897   0.064275   0.169689 0.00248374
  0.209997 0.00907727 0.00248374   0.299223
IMAGINARY
           0   0.00545755  -0.00474651  0.000352262
 -0.00545755            0  -0.00814447  -0.00862248
  0.00474651   0.00814447            0    0.0145959
-0.000352262   0.00862248   -0.0145959            0
EndNode1[0]<--->Repeater1[0]
REAL
   0.339261  0.00129199 -0.00246741    0.203264
 0.00129199    0.194254   0.0706379  0.00505139
-0.00246741   0.0706379    0.166895   0.0129199
   0.203264  0.00505139   0.0129199     0.29959
IMAGINARY
           0 -0.000784004  -0.00654776  -0.00361071
 0.000784004            0   -0.0158372   0.00920028
  0.00654776    0.0158372            0   -0.0058473
  0.00361071  -0.00920028    0.0058473            0
EndNode2[0]<--->BSA[0]
REAL
  0.378882 -0.0146508 -0.0143584   0.182827
-0.0146508    0.15528  0.0574829  0.0104824
-0.0143584  0.0574829   0.172671  0.0120668
  0.182827  0.0104824  0.0120668   0.293168
IMAGINARY
          0  0.00956876   0.0127558 -0.00939748
-0.00956876           0  0.00103197   -0.010001
 -0.0127558 -0.00103197           0 -0.00681394
 0.00939748    0.010001  0.00681394           0
Repeater1[0]<--->EndNode1[0]
REAL
   0.339261 -0.00246741  0.00129199    0.203264
-0.00246741    0.166895   0.0706379   0.0129199
 0.00129199   0.0706379    0.194254  0.00505139
   0.203264   0.0129199  0.00505139     0.29959
IMAGINARY
           0  -0.00654776 -0.000784004  -0.00361071
  0.00654776            0    0.0158372   -0.0058473
 0.000784004   -0.0158372            0   0.00920028
  0.00361071    0.0058473  -0.00920028            0
Repeater1[0]<--->BSA[0]
REAL
  0.378882 -0.0143584 -0.0146508   0.182827
-0.0143584   0.172671  0.0574829  0.0120668
-0.0146508  0.0574829    0.15528  0.0104824
  0.182827  0.0120668  0.0104824   0.293168
IMAGINARY
          0   0.0127558  0.00956876 -0.00939748
 -0.0127558           0 -0.00103197 -0.00681394
-0.00956876  0.00103197           0   -0.010001
 0.00939748  0.00681394    0.010001           0
EndNode1[0]<--->Repeater1[0]
REAL
  0.360104 -0.0242948 -0.0252874   0.195157
-0.0242948    0.17228  0.0762348 0.00804598
-0.0252874  0.0762348   0.165803 0.00322199
  0.195157 0.00804598 0.00322199   0.301813
IMAGINARY
          0  -0.0142465    0.013374 -0.00107995
  0.0142465           0   0.0216473   0.0214486
  -0.013374  -0.0216473           0  0.00570512
 0.00107995  -0.0214486 -0.00570512           0
EndNode2[0]<--->BSA[0]
REAL
   0.350877 -0.00601478  0.00501105    0.219767
-0.00601478    0.165414   0.0678678  0.00439755
 0.00501105   0.0678678    0.210526   0.0127352
   0.219767  0.00439755   0.0127352    0.273183
IMAGINARY
           0  0.000758515  -0.00267048   0.00669141
-0.000758515            0   0.00210426   -0.0213802
  0.00267048  -0.00210426            0   -0.0134167
 -0.00669141    0.0213802    0.0134167            0
Repeater1[0]<--->EndNode1[0]
REAL
  0.360104 -0.0252874 -0.0242948   0.195157
-0.0252874   0.165803  0.0762348 0.00322199
-0.0242948  0.0762348    0.17228 0.00804598
  0.195157 0.00322199 0.00804598   0.301813
IMAGINARY
          0    0.013374  -0.0142465 -0.00107995
  -0.013374           0  -0.0216473  0.00570512
  0.0142465   0.0216473           0   0.0214486
 0.00107995 -0.00570512  -0.0214486           0
Repeater1[0]<--->BSA[0]
REAL
   0.350877  0.00501105 -0.00601478    0.219767
 0.00501105    0.210526   0.0678678   0.0127352
-0.00601478   0.0678678    0.165414  0.00439755
   0.219767   0.0127352  0.00439755    0.273183
IMAGINARY
           0  -0.00267048  0.000758515   0.00669141
  0.00267048            0  -0.00210426   -0.0134167
-0.000758515   0.00210426            0   -0.0213802
 -0.00669141    0.0134167    0.0213802            0
EndNode1[0]<--->Repeater1[0]
REAL
   0.378213 0.000631859  -0.0164543    0.215123
0.000631859    0.190942   0.0640812 -0.00601042
 -0.0164543   0.0640812    0.160343  0.00257738
   0.215123 -0.00601042  0.00257738    0.270502
IMAGINARY
         0  0.0213007 -0.0105509  -0.016395
-0.0213007          0  0.0170224 -0.0220012
 0.0105509 -0.0170224          0  0.0164597
  0.016395  0.0220012 -0.0164597          0
EndNode2[0]<--->BSA[0]
REAL
  0.344956 0.00724969 -0.0242036   0.206966
0.00724969   0.165629  0.0901917 -0.0132641
-0.0242036  0.0901917   0.194271 -0.0150016
  0.206966 -0.0132641 -0.0150016   0.295143
IMAGINARY
          0  0.00031082  0.00326023  0.00502157
-0.00031082           0  -0.0186692  -0.0206796
-0.00326023   0.0186692           0  0.00291499
-0.00502157   0.0206796 -0.00291499           0
Repeater1[0]<--->EndNode1[0]
REAL
   0.378213  -0.0164543 0.000631859    0.215123
 -0.0164543    0.160343   0.0640812  0.00257738
0.000631859   0.0640812    0.190942 -0.00601042
   0.215123  0.00257738 -0.00601042    0.270502
IMAGINARY
         0 -0.0105509  0.0213007  -0.016395
 0.0105509          0 -0.0170224  0.0164597
-0.0213007  0.0170224          0 -0.0220012
  0.016395 -0.0164597  0.0220012          0
Repeater1[0]<--->BSA[0]
REAL
  0.344956 -0.0242036 0.00724969   0.206966
-0.0242036   0.194271  0.0901917 -0.0150016
0.00724969  0.0901917   0.165629 -0.0132641
  0.206966 -0.0150016 -0.0132641   0.295143
IMAGINARY
          0  0.00326023  0.00031082  0.00502157
-0.00326023           0   0.0186692  0.00291499
-0.00031082  -0.0186692           0  -0.0206796
-0.00502157 -0.00291499   0.0206796           0
