EndNode1[0]<--->Repeater1[0]
REAL
  0.447028 0.00357159 -0.0346581   0.176023
0.00357159   0.102067 0.00192163 0.00959549
-0.0346581 0.00192163   0.122739 -0.0123435
  0.176023 0.00959549 -0.0123435   0.328165
IMAGINARY
           0   -0.0048892    0.0188565  0.000814652
   0.0048892            0   -0.0220348 -0.000888721
  -0.0188565    0.0220348            0  0.000552152
-0.000814652  0.000888721 -0.000552152            0
EndNode2[0]<--->BSA[0]
REAL
   0.466427   0.0233385   0.0103761     0.21674
  0.0233385   0.0863309   0.0253988 -0.00345788
  0.0103761   0.0253988   0.0695444   0.0125105
    0.21674 -0.00345788   0.0125105    0.377698
IMAGINARY
           0   0.00357902  -0.00173031    0.0044963
 -0.00357902            0  0.000579847   0.00871355
  0.00173031 -0.000579847            0   -0.0147522
  -0.0044963  -0.00871355    0.0147522            0
Repeater1[0]<--->EndNode1[0]
REAL
  0.447028 -0.0346581 0.00357159   0.176023
-0.0346581   0.122739 0.00192163 -0.0123435
0.00357159 0.00192163   0.102067 0.00959549
  0.176023 -0.0123435 0.00959549   0.328165
IMAGINARY
           0    0.0188565   -0.0048892  0.000814652
  -0.0188565            0    0.0220348  0.000552152
   0.0048892   -0.0220348            0 -0.000888721
-0.000814652 -0.000552152  0.000888721            0
Repeater1[0]<--->BSA[0]
REAL
   0.466427   0.0103761   0.0233385     0.21674
  0.0103761   0.0695444   0.0253988   0.0125105
  0.0233385   0.0253988   0.0863309 -0.00345788
    0.21674   0.0125105 -0.00345788    0.377698
IMAGINARY
           0  -0.00173031   0.00357902    0.0044963
  0.00173031            0 -0.000579847   -0.0147522
 -0.00357902  0.000579847            0   0.00871355
  -0.0044963    0.0147522  -0.00871355            0
EndNode1[0]<--->Repeater1[0]
REAL
    0.444152 -3.98557e-05   0.00449871     0.153654
-3.98557e-05     0.114323    0.0365775   0.00449871
  0.00449871    0.0365775    0.0985545     0.015464
    0.153654   0.00449871     0.015464      0.34297
IMAGINARY
          0 -0.00778028  0.00497923   0.0209787
 0.00778028           0  -0.0196664 -0.00821338
-0.00497923   0.0196664           0  -0.0148588
 -0.0209787  0.00821338   0.0148588           0
EndNode2[0]<--->BSA[0]
REAL
    0.45917  0.00607212   0.0158309    0.234768
 0.00607212   0.0843373  0.00915018 -0.00622788
  0.0158309  0.00915018   0.0749665 -0.00927315
   0.234768 -0.00622788 -0.00927315    0.381526
IMAGINARY
           0    0.0216161   0.00531896  0.000282661
  -0.0216161            0   0.00944497  -0.00856993
 -0.00531896  -0.00944497            0  -0.00666157
-0.000282661   0.00856993   0.00666157            0
Repeater1[0]<--->EndNode1[0]
REAL
    0.444152   0.00449871 -3.98557e-05     0.153654
  0.00449871    0.0985545    0.0365775     0.015464
-3.98557e-05    0.0365775     0.114323   0.00449871
    0.153654     0.015464   0.00449871      0.34297
IMAGINARY
          0  0.00497923 -0.00778028   0.0209787
-0.00497923           0   0.0196664  -0.0148588
 0.00778028  -0.0196664           0 -0.00821338
 -0.0209787   0.0148588  0.00821338           0
Repeater1[0]<--->BSA[0]
REAL
    0.45917   0.0158309  0.00607212    0.234768
  0.0158309   0.0749665  0.00915018 -0.00927315
 0.00607212  0.00915018   0.0843373 -0.00622788
   0.234768 -0.00927315 -0.00622788    0.381526
IMAGINARY
           0   0.00531896    0.0216161  0.000282661
 -0.00531896            0  -0.00944497  -0.00666157
  -0.0216161   0.00944497            0  -0.00856993
-0.000282661   0.00666157   0.00856993            0
EndNode1[0]<--->Repeater1[0]
REAL
   0.517286 -0.00828176  0.00352179    0.193124
-0.00828176   0.0883483  -0.0112464 -0.00678124
 0.00352179  -0.0112464    0.106274    0.012845
   0.193124 -0.00678124    0.012845    0.288092
IMAGINARY
           0    0.0193167    0.0077568  0.000676125
  -0.0193167            0   -0.0065894    -0.027037
  -0.0077568    0.0065894            0   0.00510485
-0.000676125     0.027037  -0.00510485            0
EndNode2[0]<--->BSA[0]
REAL
   0.472637   -0.012895   -0.010627    0.212818
  -0.012895   0.0659204  -0.0114025 -0.00932152
  -0.010627  -0.0114025   0.0895522  -0.0122015
   0.212818 -0.00932152  -0.0122015    0.371891
IMAGINARY
           0  -0.00590127    0.0113097  -0.00161524
  0.00590127            0 -0.000910017    0.0174673
  -0.0113097  0.000910017            0    0.0011051
  0.00161524   -0.0174673   -0.0011051            0
Repeater1[0]<--->EndNode1[0]
REAL
   0.517286  0.00352179 -0.00828176    0.193124
 0.00352179    0.106274  -0.0112464    0.012845
-0.00828176  -0.0112464   0.0883483 -0.00678124
   0.193124    0.012845 -0.00678124    0.288092
IMAGINARY
           0    0.0077568    0.0193167  0.000676125
  -0.0077568            0    0.0065894   0.00510485
  -0.0193167   -0.0065894            0    -0.027037
-0.000676125  -0.00510485     0.027037            0
Repeater1[0]<--->BSA[0]
REAL
   0.472637   -0.010627   -0.012895    0.212818
  -0.010627   0.0895522  -0.0114025  -0.0122015
  -0.012895  -0.0114025   0.0659204 -0.00932152
   0.212818  -0.0122015 -0.00932152    0.371891
IMAGINARY
           0    0.0113097  -0.00590127  -0.00161524
  -0.0113097            0  0.000910017    0.0011051
  0.00590127 -0.000910017            0    0.0174673
  0.00161524   -0.0011051   -0.0174673            0
EndNode1[0]<--->Repeater1[0]
REAL
    0.472888   -0.0016023   0.00759494     0.216456
  -0.0016023    0.0794451   0.00253165   0.00759494
  0.00759494   0.00253165      0.10971 -0.000929349
    0.216456   0.00759494 -0.000929349     0.337957
IMAGINARY
           0  0.000979941  -0.00249739    -0.011314
-0.000979941            0   -0.0162768  -0.00636337
  0.00249739    0.0162768            0   0.00788082
    0.011314   0.00636337  -0.00788082            0
EndNode2[0]<--->BSA[0]
REAL
    0.454907   -0.0110064 -0.000851679     0.216829
  -0.0110064    0.0875332  -0.00685523  -0.00833467
-0.000851679  -0.00685523    0.0782493    0.0031324
    0.216829  -0.00833467    0.0031324      0.37931
IMAGINARY
          0   0.0143529  -0.0215611 -0.00873132
 -0.0143529           0  0.00562573   0.0162979
  0.0215611 -0.00562573           0  -0.0196161
 0.00873132  -0.0162979   0.0196161           0
Repeater1[0]<--->EndNode1[0]
REAL
    0.472888   0.00759494   -0.0016023     0.216456
  0.00759494      0.10971   0.00253165 -0.000929349
  -0.0016023   0.00253165    0.0794451   0.00759494
    0.216456 -0.000929349   0.00759494     0.337957
IMAGINARY
           0  -0.00249739  0.000979941    -0.011314
  0.00249739            0    0.0162768   0.00788082
-0.000979941   -0.0162768            0  -0.00636337
    0.011314  -0.00788082   0.00636337            0
Repeater1[0]<--->BSA[0]
REAL
    0.454907 -0.000851679   -0.0110064     0.216829
-0.000851679    0.0782493  -0.00685523    0.0031324
  -0.0110064  -0.00685523    0.0875332  -0.00833467
    0.216829    0.0031324  -0.00833467      0.37931
IMAGINARY
          0  -0.0215611   0.0143529 -0.00873132
  0.0215611           0 -0.00562573  -0.0196161
 -0.0143529  0.00562573           0   0.0162979
 0.00873132   0.0196161  -0.0162979           0
EndNode1[0]<--->Repeater1[0]
REAL
   0.474083   0.0167967 -0.00176377    0.189442
  0.0167967    0.103666  0.00654746   0.0101726
-0.00176377  0.00654746   0.0935525 0.000667696
   0.189442   0.0101726 0.000667696    0.328698
IMAGINARY
           0  -0.00170068   -0.0149137   -0.0190741
  0.00170068            0 -0.000206141    0.0188611
   0.0149137  0.000206141            0   0.00170068
   0.0190741   -0.0188611  -0.00170068            0
EndNode2[0]<--->BSA[0]
REAL
   0.459259  -0.0100414   0.0199416    0.215303
 -0.0100414    0.082716  0.00264525  -0.0233154
  0.0199416  0.00264525   0.0888889 -0.00547817
   0.215303  -0.0233154 -0.00547817    0.369136
IMAGINARY
          0  -0.0110918  0.00252835   0.0167207
  0.0110918           0  0.00468011   0.0265856
-0.00252835 -0.00468011           0 -0.00916133
 -0.0167207  -0.0265856  0.00916133           0
Repeater1[0]<--->EndNode1[0]
REAL
   0.474083 -0.00176377   0.0167967    0.189442
-0.00176377   0.0935525  0.00654746 0.000667696
  0.0167967  0.00654746    0.103666   0.0101726
   0.189442 0.000667696   0.0101726    0.328698
IMAGINARY
           0   -0.0149137  -0.00170068   -0.0190741
   0.0149137            0  0.000206141   0.00170068
  0.00170068 -0.000206141            0    0.0188611
   0.0190741  -0.00170068   -0.0188611            0
Repeater1[0]<--->BSA[0]
REAL
   0.459259   0.0199416  -0.0100414    0.215303
  0.0199416   0.0888889  0.00264525 -0.00547817
 -0.0100414  0.00264525    0.082716  -0.0233154
   0.215303 -0.00547817  -0.0233154    0.369136
IMAGINARY
          0  0.00252835  -0.0110918   0.0167207
-0.00252835           0 -0.00468011 -0.00916133
  0.0110918  0.00468011           0   0.0265856
 -0.0167207  0.00916133  -0.0265856           0
