EndNode1[0]<--->Repeater1[0]
REAL
   0.455569   0.0162289  0.00883294   0.0939012
  0.0162289    0.155194   0.0270138 -0.00556497
 0.00883294   0.0270138    0.232791   0.0105685
  0.0939012 -0.00556497   0.0105685    0.156446
IMAGINARY
           0 -0.000617041  -0.00554112   -0.0232553
 0.000617041            0   -0.0179361  -0.00174365
  0.00554112    0.0179361            0   0.00127929
   0.0232553   0.00174365  -0.00127929            0
EndNode2[0]<--->BSA[0]
REAL
   0.40708  0.0056644  0.0075367   0.142712
 0.0056644   0.213654  0.0198035  0.0167472
 0.0075367  0.0198035    0.14665 0.00243025
  0.142712  0.0167472 0.00243025   0.232617
IMAGINARY
           0   0.00711421   0.00642757    0.0200979
 -0.00711421            0  -0.00451349  0.000650935
 -0.00642757   0.00451349            0   -0.0206277
  -0.0200979 -0.000650935    0.0206277            0
Repeater1[0]<--->EndNode1[0]
REAL
   0.455569  0.00883294   0.0162289   0.0939012
 0.00883294    0.232791   0.0270138   0.0105685
  0.0162289   0.0270138    0.155194 -0.00556497
  0.0939012   0.0105685 -0.00556497    0.156446
IMAGINARY
           0  -0.00554112 -0.000617041   -0.0232553
  0.00554112            0    0.0179361   0.00127929
 0.000617041   -0.0179361            0  -0.00174365
   0.0232553  -0.00127929   0.00174365            0
Repeater1[0]<--->BSA[0]
REAL
   0.40708  0.0075367  0.0056644   0.142712
 0.0075367    0.14665  0.0198035 0.00243025
 0.0056644  0.0198035   0.213654  0.0167472
  0.142712 0.00243025  0.0167472   0.232617
IMAGINARY
           0   0.00642757   0.00711421    0.0200979
 -0.00642757            0   0.00451349   -0.0206277
 -0.00711421  -0.00451349            0  0.000650935
  -0.0200979    0.0206277 -0.000650935            0
EndNode1[0]<--->Repeater1[0]
REAL
  0.469925 0.00172627 -0.0152511  0.0817103
0.00172627   0.139098  0.0135591 -0.0103731
-0.0152511  0.0135591   0.223058 -0.0115817
 0.0817103 -0.0103731 -0.0115817    0.16792
IMAGINARY
           0 -0.000693747  -0.00164577     -0.01385
 0.000693747            0   -0.0119095    0.0131168
  0.00164577    0.0119095            0    0.0108152
     0.01385   -0.0131168   -0.0108152            0
EndNode2[0]<--->BSA[0]
REAL
   0.442283 -0.00132535 -0.00472665    0.137525
-0.00132535    0.175097   0.0318186  -0.0066522
-0.00472665   0.0318186    0.146563   0.0019947
   0.137525  -0.0066522   0.0019947    0.236057
IMAGINARY
           0  -0.00165869   -0.0158082  0.000874504
  0.00165869            0   0.00216316    0.0229418
   0.0158082  -0.00216316            0  -0.00806894
-0.000874504   -0.0229418   0.00806894            0
Repeater1[0]<--->EndNode1[0]
REAL
  0.469925 -0.0152511 0.00172627  0.0817103
-0.0152511   0.223058  0.0135591 -0.0115817
0.00172627  0.0135591   0.139098 -0.0103731
 0.0817103 -0.0115817 -0.0103731    0.16792
IMAGINARY
           0  -0.00164577 -0.000693747     -0.01385
  0.00164577            0    0.0119095    0.0108152
 0.000693747   -0.0119095            0    0.0131168
     0.01385   -0.0108152   -0.0131168            0
Repeater1[0]<--->BSA[0]
REAL
   0.442283 -0.00472665 -0.00132535    0.137525
-0.00472665    0.146563   0.0318186   0.0019947
-0.00132535   0.0318186    0.175097  -0.0066522
   0.137525   0.0019947  -0.0066522    0.236057
IMAGINARY
           0   -0.0158082  -0.00165869  0.000874504
   0.0158082            0  -0.00216316  -0.00806894
  0.00165869   0.00216316            0    0.0229418
-0.000874504   0.00806894   -0.0229418            0
EndNode1[0]<--->Repeater1[0]
REAL
       0.48   0.0236483 -0.00676944   0.0813597
  0.0236483    0.138065   0.0103178  0.00872003
-0.00676944   0.0103178    0.237419  -0.0112946
  0.0813597  0.00872003  -0.0112946    0.144516
IMAGINARY
           0    0.0161252   0.00571266    0.0147989
  -0.0161252            0   -0.0154278  -0.00638925
 -0.00571266    0.0154278            0 -0.000563674
  -0.0147989   0.00638925  0.000563674            0
EndNode2[0]<--->BSA[0]
REAL
   0.415365  0.00711298   0.0208464    0.140411
 0.00711298    0.207031   0.0158799 -0.00333664
  0.0208464   0.0158799    0.135417  0.00909973
   0.140411 -0.00333664  0.00909973    0.242188
IMAGINARY
          0  0.00998806  -0.0191344  -0.0198395
-0.00998806           0  0.00285833  0.00724452
  0.0191344 -0.00285833           0   0.0019018
  0.0198395 -0.00724452  -0.0019018           0
Repeater1[0]<--->EndNode1[0]
REAL
       0.48 -0.00676944   0.0236483   0.0813597
-0.00676944    0.237419   0.0103178  -0.0112946
  0.0236483   0.0103178    0.138065  0.00872003
  0.0813597  -0.0112946  0.00872003    0.144516
IMAGINARY
           0   0.00571266    0.0161252    0.0147989
 -0.00571266            0    0.0154278 -0.000563674
  -0.0161252   -0.0154278            0  -0.00638925
  -0.0147989  0.000563674   0.00638925            0
Repeater1[0]<--->BSA[0]
REAL
   0.415365   0.0208464  0.00711298    0.140411
  0.0208464    0.135417   0.0158799  0.00909973
 0.00711298   0.0158799    0.207031 -0.00333664
   0.140411  0.00909973 -0.00333664    0.242188
IMAGINARY
          0  -0.0191344  0.00998806  -0.0198395
  0.0191344           0 -0.00285833   0.0019018
-0.00998806  0.00285833           0  0.00724452
  0.0198395  -0.0019018 -0.00724452           0
EndNode1[0]<--->Repeater1[0]
REAL
   0.450063  0.00453275 -0.00512061   0.0951055
 0.00453275    0.139064    0.031798  -0.0253362
-0.00512061    0.031798    0.237674  0.00054339
  0.0951055  -0.0253362  0.00054339    0.173198
IMAGINARY
           0    0.0345252    0.0119633  0.000190941
  -0.0345252            0     0.011407   -0.0145472
  -0.0119633    -0.011407            0   -0.0190214
-0.000190941    0.0145472    0.0190214            0
EndNode2[0]<--->BSA[0]
REAL
   0.420024 -0.00849362  -0.0148094    0.124905
-0.00849362     0.18315   0.0392837 -0.00191926
 -0.0148094   0.0392837    0.173382  -0.0293007
   0.124905 -0.00191926  -0.0293007    0.223443
IMAGINARY
           0   -0.0106095  0.000292844   -0.0341002
   0.0106095            0    -0.010416   -0.0100968
-0.000292844     0.010416            0    0.0191062
   0.0341002    0.0100968   -0.0191062            0
Repeater1[0]<--->EndNode1[0]
REAL
   0.450063 -0.00512061  0.00453275   0.0951055
-0.00512061    0.237674    0.031798  0.00054339
 0.00453275    0.031798    0.139064  -0.0253362
  0.0951055  0.00054339  -0.0253362    0.173198
IMAGINARY
           0    0.0119633    0.0345252  0.000190941
  -0.0119633            0    -0.011407   -0.0190214
  -0.0345252     0.011407            0   -0.0145472
-0.000190941    0.0190214    0.0145472            0
Repeater1[0]<--->BSA[0]
REAL
   0.420024  -0.0148094 -0.00849362    0.124905
 -0.0148094    0.173382   0.0392837  -0.0293007
-0.00849362   0.0392837     0.18315 -0.00191926
   0.124905  -0.0293007 -0.00191926    0.223443
IMAGINARY
           0  0.000292844   -0.0106095   -0.0341002
-0.000292844            0     0.010416    0.0191062
   0.0106095    -0.010416            0   -0.0100968
   0.0341002   -0.0191062    0.0100968            0
EndNode1[0]<--->Repeater1[0]
REAL
  0.466091  0.0147198 0.00456236   0.107617
 0.0147198   0.146732 0.00566382 0.00845847
0.00456236 0.00566382   0.231813 0.00741565
  0.107617 0.00845847 0.00741565   0.155364
IMAGINARY
           0   -0.0120586 -0.000871801   -0.0125288
   0.0120586            0    0.0200527   -0.0021807
 0.000871801   -0.0200527            0  -0.00442496
   0.0125288    0.0021807   0.00442496            0
EndNode2[0]<--->BSA[0]
REAL
   0.421053  0.00936793   0.0212041    0.139238
 0.00936793    0.197689   0.0158452 -0.00254259
  0.0212041   0.0158452    0.143774  -0.0138724
   0.139238 -0.00254259  -0.0138724    0.237484
IMAGINARY
          0  -0.0196514  -0.0071401    -0.01292
  0.0196514           0  0.00144036  -0.0121401
  0.0071401 -0.00144036           0   0.0145101
    0.01292   0.0121401  -0.0145101           0
Repeater1[0]<--->EndNode1[0]
REAL
  0.466091 0.00456236  0.0147198   0.107617
0.00456236   0.231813 0.00566382 0.00741565
 0.0147198 0.00566382   0.146732 0.00845847
  0.107617 0.00741565 0.00845847   0.155364
IMAGINARY
           0 -0.000871801   -0.0120586   -0.0125288
 0.000871801            0   -0.0200527  -0.00442496
   0.0120586    0.0200527            0   -0.0021807
   0.0125288   0.00442496    0.0021807            0
Repeater1[0]<--->BSA[0]
REAL
   0.421053   0.0212041  0.00936793    0.139238
  0.0212041    0.143774   0.0158452  -0.0138724
 0.00936793   0.0158452    0.197689 -0.00254259
   0.139238  -0.0138724 -0.00254259    0.237484
IMAGINARY
          0  -0.0071401  -0.0196514    -0.01292
  0.0071401           0 -0.00144036   0.0145101
  0.0196514  0.00144036           0  -0.0121401
    0.01292  -0.0145101   0.0121401           0
