EndNode1[0]<--->Repeater1[0]
REAL
    0.434555  0.000804625 -0.000797842     0.170162
 0.000804625    0.0850785  -0.00349498     0.013414
-0.000797842  -0.00349498    0.0811518    0.0184517
    0.170162     0.013414    0.0184517     0.399215
IMAGINARY
           0 -0.000817266  -0.00419215   -0.0103124
 0.000817266            0   -0.0194033    -0.017433
  0.00419215    0.0194033            0    -0.010323
   0.0103124     0.017433     0.010323            0
EndNode2[0]<--->BSA[0]
REAL
  0.412698 -0.0193451 -0.0130579   0.180955
-0.0193451    0.10582 -0.0306322 0.00338047
-0.0130579 -0.0306322  0.0806878   0.010958
  0.180955 0.00338047   0.010958   0.400794
IMAGINARY
          0   0.0129653 -0.00726433   0.0178423
 -0.0129653           0   0.0184634   -0.019184
 0.00726433  -0.0184634           0  0.00214802
 -0.0178423    0.019184 -0.00214802           0
Repeater1[0]<--->EndNode1[0]
REAL
    0.434555 -0.000797842  0.000804625     0.170162
-0.000797842    0.0811518  -0.00349498    0.0184517
 0.000804625  -0.00349498    0.0850785     0.013414
    0.170162    0.0184517     0.013414     0.399215
IMAGINARY
           0  -0.00419215 -0.000817266   -0.0103124
  0.00419215            0    0.0194033    -0.010323
 0.000817266   -0.0194033            0    -0.017433
   0.0103124     0.010323     0.017433            0
Repeater1[0]<--->BSA[0]
REAL
  0.412698 -0.0130579 -0.0193451   0.180955
-0.0130579  0.0806878 -0.0306322   0.010958
-0.0193451 -0.0306322    0.10582 0.00338047
  0.180955   0.010958 0.00338047   0.400794
IMAGINARY
          0 -0.00726433   0.0129653   0.0178423
 0.00726433           0  -0.0184634  0.00214802
 -0.0129653   0.0184634           0   -0.019184
 -0.0178423 -0.00214802    0.019184           0
EndNode1[0]<--->Repeater1[0]
REAL
   0.403769  -0.0147464  0.00216784    0.170888
 -0.0147464   0.0995962  0.00122237  0.00913869
 0.00216784  0.00122237   0.0955585 -0.00284159
   0.170888  0.00913869 -0.00284159    0.401077
IMAGINARY
          0   -0.017393 -0.00781529 -0.00918361
   0.017393           0 -0.00322334  -0.0114649
 0.00781529  0.00322334           0  0.00711027
 0.00918361   0.0114649 -0.00711027           0
EndNode2[0]<--->BSA[0]
REAL
    0.416988 -0.000234082   0.00740994     0.173795
-0.000234082    0.0900901    0.0265798    0.0181831
  0.00740994    0.0265798     0.101673    -0.014123
    0.173795    0.0181831    -0.014123     0.391248
IMAGINARY
           0   0.00442253    0.0165243   -0.0016748
 -0.00442253            0  0.000382812    0.0139797
  -0.0165243 -0.000382812            0  -0.00309627
   0.0016748   -0.0139797   0.00309627            0
Repeater1[0]<--->EndNode1[0]
REAL
   0.403769  0.00216784  -0.0147464    0.170888
 0.00216784   0.0955585  0.00122237 -0.00284159
 -0.0147464  0.00122237   0.0995962  0.00913869
   0.170888 -0.00284159  0.00913869    0.401077
IMAGINARY
          0 -0.00781529   -0.017393 -0.00918361
 0.00781529           0  0.00322334  0.00711027
   0.017393 -0.00322334           0  -0.0114649
 0.00918361 -0.00711027   0.0114649           0
Repeater1[0]<--->BSA[0]
REAL
    0.416988   0.00740994 -0.000234082     0.173795
  0.00740994     0.101673    0.0265798    -0.014123
-0.000234082    0.0265798    0.0900901    0.0181831
    0.173795    -0.014123    0.0181831     0.391248
IMAGINARY
           0    0.0165243   0.00442253   -0.0016748
  -0.0165243            0 -0.000382812  -0.00309627
 -0.00442253  0.000382812            0    0.0139797
   0.0016748   0.00309627   -0.0139797            0
EndNode1[0]<--->Repeater1[0]
REAL
   0.415365 -0.00856085 -0.00968727    0.183402
-0.00856085   0.0924479  0.00598233  -0.0302865
-0.00968727  0.00598233   0.0924479  -0.0117537
   0.183402  -0.0302865  -0.0117537     0.39974
IMAGINARY
          0  -0.0233484   0.0257253   0.0153206
  0.0233484           0     -0.0134 -0.00572529
 -0.0257253      0.0134           0   0.0110904
 -0.0153206  0.00572529  -0.0110904           0
EndNode2[0]<--->BSA[0]
REAL
  0.425532 0.00959106 0.00857841   0.159513
0.00959106  0.0876095 0.00945238 0.00176642
0.00857841 0.00945238  0.0863579 0.00627101
  0.159513 0.00176642 0.00627101   0.400501
IMAGINARY
           0    -0.013067   0.00489713    0.0131487
    0.013067            0   0.00935127    0.0030008
 -0.00489713  -0.00935127            0  0.000308797
  -0.0131487   -0.0030008 -0.000308797            0
Repeater1[0]<--->EndNode1[0]
REAL
   0.415365 -0.00968727 -0.00856085    0.183402
-0.00968727   0.0924479  0.00598233  -0.0117537
-0.00856085  0.00598233   0.0924479  -0.0302865
   0.183402  -0.0117537  -0.0302865     0.39974
IMAGINARY
          0   0.0257253  -0.0233484   0.0153206
 -0.0257253           0      0.0134   0.0110904
  0.0233484     -0.0134           0 -0.00572529
 -0.0153206  -0.0110904  0.00572529           0
Repeater1[0]<--->BSA[0]
REAL
  0.425532 0.00857841 0.00959106   0.159513
0.00857841  0.0863579 0.00945238 0.00627101
0.00959106 0.00945238  0.0876095 0.00176642
  0.159513 0.00627101 0.00176642   0.400501
IMAGINARY
           0   0.00489713    -0.013067    0.0131487
 -0.00489713            0  -0.00935127  0.000308797
    0.013067   0.00935127            0    0.0030008
  -0.0131487 -0.000308797   -0.0030008            0
EndNode1[0]<--->Repeater1[0]
REAL
   0.405777 -0.00515521        0.01    0.192975
-0.00515521    0.103164   0.0233883        0.01
       0.01   0.0233883    0.090784  -0.0039357
   0.192975        0.01  -0.0039357    0.400275
IMAGINARY
           0    0.0226433  0.000920614   -0.0142592
  -0.0226433            0   0.00182829  -0.00780422
-0.000920614  -0.00182829            0    0.0142778
   0.0142592   0.00780422   -0.0142778            0
EndNode2[0]<--->BSA[0]
REAL
    0.420134   -0.0169039   -0.0199655     0.165507
  -0.0169039     0.095302    0.0239738 -0.000947071
  -0.0199655    0.0239738     0.095302  -0.00527603
    0.165507 -0.000947071  -0.00527603     0.389262
IMAGINARY
          0   0.0121085  -0.0150197  0.00282524
 -0.0121085           0  -0.0153566  0.00204069
  0.0150197   0.0153566           0 -0.00901826
-0.00282524 -0.00204069  0.00901826           0
Repeater1[0]<--->EndNode1[0]
REAL
   0.405777        0.01 -0.00515521    0.192975
       0.01    0.090784   0.0233883  -0.0039357
-0.00515521   0.0233883    0.103164        0.01
   0.192975  -0.0039357        0.01    0.400275
IMAGINARY
           0  0.000920614    0.0226433   -0.0142592
-0.000920614            0  -0.00182829    0.0142778
  -0.0226433   0.00182829            0  -0.00780422
   0.0142592   -0.0142778   0.00780422            0
Repeater1[0]<--->BSA[0]
REAL
    0.420134   -0.0199655   -0.0169039     0.165507
  -0.0199655     0.095302    0.0239738  -0.00527603
  -0.0169039    0.0239738     0.095302 -0.000947071
    0.165507  -0.00527603 -0.000947071     0.389262
IMAGINARY
          0  -0.0150197   0.0121085  0.00282524
  0.0150197           0   0.0153566 -0.00901826
 -0.0121085  -0.0153566           0  0.00204069
-0.00282524  0.00901826 -0.00204069           0
EndNode1[0]<--->Repeater1[0]
REAL
     0.4214   0.0049816  0.00613633     0.18477
  0.0049816   0.0964333 0.000764695   0.0196498
 0.00613633 0.000764695   0.0977543   0.0333832
    0.18477   0.0196498   0.0333832    0.384412
IMAGINARY
          0  -0.0185154  -0.0281715  0.00138989
  0.0185154           0  -0.0148703  -0.0166919
  0.0281715   0.0148703           0  0.00486126
-0.00138989   0.0166919 -0.00486126           0
EndNode2[0]<--->BSA[0]
REAL
    0.415829  -0.00490012 -0.000976936     0.161524
 -0.00490012    0.0992462    0.0213724   0.00284959
-0.000976936    0.0213724    0.0841709    0.0117665
    0.161524   0.00284959    0.0117665     0.400754
IMAGINARY
          0 -0.00907846   0.0122424  0.00193749
 0.00907846           0  0.00125536  0.00290909
 -0.0122424 -0.00125536           0  -0.0199619
-0.00193749 -0.00290909   0.0199619           0
Repeater1[0]<--->EndNode1[0]
REAL
     0.4214  0.00613633   0.0049816     0.18477
 0.00613633   0.0977543 0.000764695   0.0333832
  0.0049816 0.000764695   0.0964333   0.0196498
    0.18477   0.0333832   0.0196498    0.384412
IMAGINARY
          0  -0.0281715  -0.0185154  0.00138989
  0.0281715           0   0.0148703  0.00486126
  0.0185154  -0.0148703           0  -0.0166919
-0.00138989 -0.00486126   0.0166919           0
Repeater1[0]<--->BSA[0]
REAL
    0.415829 -0.000976936  -0.00490012     0.161524
-0.000976936    0.0841709    0.0213724    0.0117665
 -0.00490012    0.0213724    0.0992462   0.00284959
    0.161524    0.0117665   0.00284959     0.400754
IMAGINARY
          0   0.0122424 -0.00907846  0.00193749
 -0.0122424           0 -0.00125536  -0.0199619
 0.00907846  0.00125536           0  0.00290909
-0.00193749   0.0199619 -0.00290909           0
EndNode1[0]<--->Repeater1[0]
REAL
  0.393822  0.0315167  0.0137967   0.177776
 0.0315167  0.0888031 0.00186129  0.0270593
 0.0137967 0.00186129  0.0926641 0.00285426
  0.177776  0.0270593 0.00285426    0.42471
IMAGINARY
          0  -0.0165619  0.00586609   0.0201725
  0.0165619           0 -0.00764119    0.016202
-0.00586609  0.00764119           0 -0.00172314
 -0.0201725   -0.016202  0.00172314           0
EndNode2[0]<--->BSA[0]
REAL
    0.40721 -0.00493747 -0.00233358    0.175791
-0.00493747   0.0841121   0.0153668  -0.0107424
-0.00233358   0.0153668   0.0934579 -0.00813849
   0.175791  -0.0107424 -0.00813849     0.41522
IMAGINARY
          0 -0.00766205   0.0166904  0.00869787
 0.00766205           0  -0.0198381 -0.00857555
 -0.0166904   0.0198381           0  -0.0154341
-0.00869787  0.00857555   0.0154341           0
Repeater1[0]<--->EndNode1[0]
REAL
  0.393822  0.0137967  0.0315167   0.177776
 0.0137967  0.0926641 0.00186129 0.00285426
 0.0315167 0.00186129  0.0888031  0.0270593
  0.177776 0.00285426  0.0270593    0.42471
IMAGINARY
          0  0.00586609  -0.0165619   0.0201725
-0.00586609           0  0.00764119 -0.00172314
  0.0165619 -0.00764119           0    0.016202
 -0.0201725  0.00172314   -0.016202           0
Repeater1[0]<--->BSA[0]
REAL
    0.40721 -0.00233358 -0.00493747    0.175791
-0.00233358   0.0934579   0.0153668 -0.00813849
-0.00493747   0.0153668   0.0841121  -0.0107424
   0.175791 -0.00813849  -0.0107424     0.41522
IMAGINARY
          0   0.0166904 -0.00766205  0.00869787
 -0.0166904           0   0.0198381  -0.0154341
 0.00766205  -0.0198381           0 -0.00857555
-0.00869787   0.0154341  0.00857555           0
EndNode1[0]<--->Repeater1[0]
REAL
   0.419192   0.0180307   -0.010864    0.172735
  0.0180307   0.0808081 -0.00565078 -0.00227745
  -0.010864 -0.00565078    0.104798  -0.0111471
   0.172735 -0.00227745  -0.0111471    0.395202
IMAGINARY
          0  0.00342675 -0.00974549  0.00241401
-0.00342675           0 -0.00364251 -0.00587951
 0.00974549  0.00364251           0 -0.00472883
-0.00241401  0.00587951  0.00472883           0
EndNode2[0]<--->BSA[0]
REAL
  0.412054  0.0140811 -0.0204013   0.162746
 0.0140811   0.107011 -0.0164521 0.00414646
-0.0204013 -0.0164521   0.100861 0.00867571
  0.162746 0.00414646 0.00867571   0.380074
IMAGINARY
          0   0.0127168 -0.00579432   0.0096313
 -0.0127168           0  -0.0109166  -0.0167621
 0.00579432   0.0109166           0   0.0273835
 -0.0096313   0.0167621  -0.0273835           0
Repeater1[0]<--->EndNode1[0]
REAL
   0.419192   -0.010864   0.0180307    0.172735
  -0.010864    0.104798 -0.00565078  -0.0111471
  0.0180307 -0.00565078   0.0808081 -0.00227745
   0.172735  -0.0111471 -0.00227745    0.395202
IMAGINARY
          0 -0.00974549  0.00342675  0.00241401
 0.00974549           0  0.00364251 -0.00472883
-0.00342675 -0.00364251           0 -0.00587951
-0.00241401  0.00472883  0.00587951           0
Repeater1[0]<--->BSA[0]
REAL
  0.412054 -0.0204013  0.0140811   0.162746
-0.0204013   0.100861 -0.0164521 0.00867571
 0.0140811 -0.0164521   0.107011 0.00414646
  0.162746 0.00867571 0.00414646   0.380074
IMAGINARY
          0 -0.00579432   0.0127168   0.0096313
 0.00579432           0   0.0109166   0.0273835
 -0.0127168  -0.0109166           0  -0.0167621
 -0.0096313  -0.0273835   0.0167621           0
EndNode1[0]<--->Repeater1[0]
REAL
   0.411082   0.0120719 -0.00709001    0.156328
  0.0120719   0.0927835   0.0230797 -0.00709001
-0.00709001   0.0230797   0.0940722 -0.00405712
   0.156328 -0.00709001 -0.00405712    0.402062
IMAGINARY
          0  -0.0331697   0.0212893 -0.00903739
  0.0331697           0 -0.00132531   0.0155127
 -0.0212893  0.00132531           0 -0.00743948
 0.00903739  -0.0155127  0.00743948           0
EndNode2[0]<--->BSA[0]
REAL
  0.395232  0.0118333  0.0125169   0.160621
 0.0118333  0.0740276 -0.0033682  0.0112315
 0.0125169 -0.0033682   0.120452  0.0106314
  0.160621  0.0112315  0.0106314   0.410289
IMAGINARY
           0  -0.00961697    0.0133673   0.00535208
  0.00961697            0  -0.00412959    0.0060437
  -0.0133673   0.00412959            0 -0.000423192
 -0.00535208   -0.0060437  0.000423192            0
Repeater1[0]<--->EndNode1[0]
REAL
   0.411082 -0.00709001   0.0120719    0.156328
-0.00709001   0.0940722   0.0230797 -0.00405712
  0.0120719   0.0230797   0.0927835 -0.00709001
   0.156328 -0.00405712 -0.00709001    0.402062
IMAGINARY
          0   0.0212893  -0.0331697 -0.00903739
 -0.0212893           0  0.00132531 -0.00743948
  0.0331697 -0.00132531           0   0.0155127
 0.00903739  0.00743948  -0.0155127           0
Repeater1[0]<--->BSA[0]
REAL
  0.395232  0.0125169  0.0118333   0.160621
 0.0125169   0.120452 -0.0033682  0.0106314
 0.0118333 -0.0033682  0.0740276  0.0112315
  0.160621  0.0106314  0.0112315   0.410289
IMAGINARY
           0    0.0133673  -0.00961697   0.00535208
  -0.0133673            0   0.00412959 -0.000423192
  0.00961697  -0.00412959            0    0.0060437
 -0.00535208  0.000423192   -0.0060437            0
EndNode1[0]<--->Repeater1[0]
REAL
   0.428571  0.00262226  0.00190128    0.164095
 0.00262226    0.107459 -0.00944868   -0.028947
 0.00190128 -0.00944868   0.0847029  -0.0338289
   0.164095   -0.028947  -0.0338289    0.379267
IMAGINARY
           0    0.0161882  6.93889e-18    -0.027238
  -0.0161882            0 -0.000922205  6.93889e-18
-6.93889e-18  0.000922205            0   -0.0125474
    0.027238 -6.93889e-18    0.0125474            0
EndNode2[0]<--->BSA[0]
REAL
   0.392473  0.00124987  0.00445576    0.167157
 0.00124987    0.110215 -0.00174364   0.0155944
 0.00445576 -0.00174364   0.0913978   0.0175471
   0.167157   0.0155944   0.0175471    0.405914
IMAGINARY
          0  0.00661097  0.00668549  0.00656967
-0.00661097           0  0.00975439   0.0496148
-0.00668549 -0.00975439           0  -0.0213563
-0.00656967  -0.0496148   0.0213563           0
Repeater1[0]<--->EndNode1[0]
REAL
   0.428571  0.00190128  0.00262226    0.164095
 0.00190128   0.0847029 -0.00944868  -0.0338289
 0.00262226 -0.00944868    0.107459   -0.028947
   0.164095  -0.0338289   -0.028947    0.379267
IMAGINARY
           0            0    0.0161882    -0.027238
           0            0  0.000922205   -0.0125474
  -0.0161882 -0.000922205            0            0
    0.027238    0.0125474            0            0
Repeater1[0]<--->BSA[0]
REAL
   0.392473  0.00445576  0.00124987    0.167157
 0.00445576   0.0913978 -0.00174364   0.0175471
 0.00124987 -0.00174364    0.110215   0.0155944
   0.167157   0.0175471   0.0155944    0.405914
IMAGINARY
          0  0.00668549  0.00661097  0.00656967
-0.00668549           0 -0.00975439  -0.0213563
-0.00661097  0.00975439           0   0.0496148
-0.00656967   0.0213563  -0.0496148           0
EndNode1[0]<--->Repeater1[0]
REAL
   0.382157  0.00364236   0.0255655    0.169596
 0.00364236    0.107856 -0.00426227   0.0117678
  0.0255655 -0.00426227   0.0798935  0.00302431
   0.169596   0.0117678  0.00302431    0.430093
IMAGINARY
          0  -0.0049543 -0.00676935  -0.0084358
  0.0049543           0  0.00292784   0.0219978
 0.00676935 -0.00292784           0  0.00876141
  0.0084358  -0.0219978 -0.00876141           0
EndNode2[0]<--->BSA[0]
REAL
   0.375804  0.00500876   0.0275723     0.17506
 0.00500876   0.0913771  -0.0118743   0.0102867
  0.0275723  -0.0118743   0.0965251 -0.00631424
    0.17506   0.0102867 -0.00631424    0.436293
IMAGINARY
          0 -0.00747115  0.00256783  -0.0141346
 0.00747115           0   0.0166346   0.0148966
-0.00256783  -0.0166346           0 -0.00481863
  0.0141346  -0.0148966  0.00481863           0
Repeater1[0]<--->EndNode1[0]
REAL
   0.382157   0.0255655  0.00364236    0.169596
  0.0255655   0.0798935 -0.00426227  0.00302431
 0.00364236 -0.00426227    0.107856   0.0117678
   0.169596  0.00302431   0.0117678    0.430093
IMAGINARY
          0 -0.00676935  -0.0049543  -0.0084358
 0.00676935           0 -0.00292784  0.00876141
  0.0049543  0.00292784           0   0.0219978
  0.0084358 -0.00876141  -0.0219978           0
Repeater1[0]<--->BSA[0]
REAL
   0.375804   0.0275723  0.00500876     0.17506
  0.0275723   0.0965251  -0.0118743 -0.00631424
 0.00500876  -0.0118743   0.0913771   0.0102867
    0.17506 -0.00631424   0.0102867    0.436293
IMAGINARY
          0  0.00256783 -0.00747115  -0.0141346
-0.00256783           0  -0.0166346 -0.00481863
 0.00747115   0.0166346           0   0.0148966
  0.0141346  0.00481863  -0.0148966           0
EndNode1[0]<--->Repeater1[0]
REAL
   0.399716  -0.0114728 -0.00306079    0.189626
 -0.0114728    0.102418 -0.00893263   0.0117242
-0.00306079 -0.00893263   0.0981508 -0.00956682
   0.189626   0.0117242 -0.00956682    0.399716
IMAGINARY
           0 -0.000327654  -0.00594197   -0.0203608
 0.000327654            0    0.0222059   -0.0143726
  0.00594197   -0.0222059            0 -0.000327654
   0.0203608    0.0143726  0.000327654            0
EndNode2[0]<--->BSA[0]
REAL
   0.369427   0.0171826   -0.011865     0.16119
  0.0171826    0.103185  0.00415946 -0.00328654
  -0.011865  0.00415946   0.0980892   -0.024429
    0.16119 -0.00328654   -0.024429    0.429299
IMAGINARY
          0   0.0177347  0.00780086   0.0298133
 -0.0177347           0 -0.00643669  0.00074053
-0.00780086  0.00643669           0   0.0170879
 -0.0298133 -0.00074053  -0.0170879           0
Repeater1[0]<--->EndNode1[0]
REAL
   0.399716 -0.00306079  -0.0114728    0.189626
-0.00306079   0.0981508 -0.00893263 -0.00956682
 -0.0114728 -0.00893263    0.102418   0.0117242
   0.189626 -0.00956682   0.0117242    0.399716
IMAGINARY
           0  -0.00594197 -0.000327654   -0.0203608
  0.00594197            0   -0.0222059 -0.000327654
 0.000327654    0.0222059            0   -0.0143726
   0.0203608  0.000327654    0.0143726            0
Repeater1[0]<--->BSA[0]
REAL
   0.369427   -0.011865   0.0171826     0.16119
  -0.011865   0.0980892  0.00415946   -0.024429
  0.0171826  0.00415946    0.103185 -0.00328654
    0.16119   -0.024429 -0.00328654    0.429299
IMAGINARY
          0  0.00780086   0.0177347   0.0298133
-0.00780086           0  0.00643669   0.0170879
 -0.0177347 -0.00643669           0  0.00074053
 -0.0298133  -0.0170879 -0.00074053           0
EndNode1[0]<--->Repeater1[0]
REAL
   0.410853  -0.0159689  -0.0204626    0.165986
 -0.0159689   0.0865633   0.0143733  0.00698374
 -0.0204626   0.0143733   0.0943152 -0.00392837
   0.165986  0.00698374 -0.00392837    0.408269
IMAGINARY
           0   0.00115083    0.0152074   0.00583759
 -0.00115083            0   0.00708759  0.000921659
  -0.0152074  -0.00708759            0  -0.00695728
 -0.00583759 -0.000921659   0.00695728            0
EndNode2[0]<--->BSA[0]
REAL
    0.416031 -2.56532e-05   -0.0136758     0.171094
-2.56532e-05    0.0801527   0.00349968   -0.0182391
  -0.0136758   0.00349968    0.0839695  -0.00685795
    0.171094   -0.0182391  -0.00685795     0.419847
IMAGINARY
          0   0.0263322  -0.0275973  0.00411964
 -0.0263322           0  0.00102175   0.0227295
  0.0275973 -0.00102175           0 -0.00338361
-0.00411964  -0.0227295  0.00338361           0
Repeater1[0]<--->EndNode1[0]
REAL
   0.410853  -0.0204626  -0.0159689    0.165986
 -0.0204626   0.0943152   0.0143733 -0.00392837
 -0.0159689   0.0143733   0.0865633  0.00698374
   0.165986 -0.00392837  0.00698374    0.408269
IMAGINARY
           0    0.0152074   0.00115083   0.00583759
  -0.0152074            0  -0.00708759  -0.00695728
 -0.00115083   0.00708759            0  0.000921659
 -0.00583759   0.00695728 -0.000921659            0
Repeater1[0]<--->BSA[0]
REAL
    0.416031   -0.0136758 -2.56532e-05     0.171094
  -0.0136758    0.0839695   0.00349968  -0.00685795
-2.56532e-05   0.00349968    0.0801527   -0.0182391
    0.171094  -0.00685795   -0.0182391     0.419847
IMAGINARY
          0  -0.0275973   0.0263322  0.00411964
  0.0275973           0 -0.00102175 -0.00338361
 -0.0263322  0.00102175           0   0.0227295
-0.00411964  0.00338361  -0.0227295           0
EndNode1[0]<--->Repeater1[0]
REAL
         0.4 -0.000283898   0.00258394     0.156024
-0.000283898     0.103311   -0.0110691  -0.00322251
  0.00258394   -0.0110691    0.0834437   0.00475389
    0.156024  -0.00322251   0.00475389     0.413245
IMAGINARY
           0    0.0237796   0.00193814   -0.0020415
  -0.0237796            0   -0.0064775 -1.75284e-05
 -0.00193814    0.0064775            0    0.0357594
   0.0020415  1.75284e-05   -0.0357594            0
EndNode2[0]<--->BSA[0]
REAL
   0.420739  0.00676329 -0.00423541      0.1668
 0.00676329    0.101311  -0.0082318  0.00167786
-0.00423541  -0.0082318    0.103695  0.00218812
     0.1668  0.00167786  0.00218812    0.374255
IMAGINARY
          0   0.0160836  -0.0035099  0.00653548
 -0.0160836           0 -0.00587147 -0.00213627
  0.0035099  0.00587147           0 -0.00667327
-0.00653548  0.00213627  0.00667327           0
Repeater1[0]<--->EndNode1[0]
REAL
         0.4   0.00258394 -0.000283898     0.156024
  0.00258394    0.0834437   -0.0110691   0.00475389
-0.000283898   -0.0110691     0.103311  -0.00322251
    0.156024   0.00475389  -0.00322251     0.413245
IMAGINARY
           0   0.00193814    0.0237796   -0.0020415
 -0.00193814            0    0.0064775    0.0357594
  -0.0237796   -0.0064775            0 -1.75284e-05
   0.0020415   -0.0357594  1.75284e-05            0
Repeater1[0]<--->BSA[0]
REAL
   0.420739 -0.00423541  0.00676329      0.1668
-0.00423541    0.103695  -0.0082318  0.00218812
 0.00676329  -0.0082318    0.101311  0.00167786
     0.1668  0.00218812  0.00167786    0.374255
IMAGINARY
          0  -0.0035099   0.0160836  0.00653548
  0.0035099           0  0.00587147 -0.00667327
 -0.0160836 -0.00587147           0 -0.00213627
-0.00653548  0.00667327  0.00213627           0
EndNode1[0]<--->Repeater1[0]
REAL
   0.399485 -0.00482046 -0.00258229     0.14536
-0.00482046   0.0863402 -0.00525723  0.00643833
-0.00258229 -0.00525723   0.0953608 -0.00417696
    0.14536  0.00643833 -0.00417696    0.418814
IMAGINARY
          0   0.0222846 -0.00990665   0.0125467
 -0.0222846           0  0.00801887  -0.0147847
 0.00990665 -0.00801887           0   0.0110487
 -0.0125467   0.0147847  -0.0110487           0
EndNode2[0]<--->BSA[0]
REAL
  0.429698  0.0171998 0.00886148   0.155205
 0.0171998   0.113009 -0.0359152 0.00763599
0.00886148 -0.0359152  0.0893561   0.014526
  0.155205 0.00763599   0.014526   0.367937
IMAGINARY
          0 -0.00740965 -0.00325883  -0.0233059
 0.00740965           0  0.00377467  0.00132833
 0.00325883 -0.00377467           0   0.0144882
  0.0233059 -0.00132833  -0.0144882           0
Repeater1[0]<--->EndNode1[0]
REAL
   0.399485 -0.00258229 -0.00482046     0.14536
-0.00258229   0.0953608 -0.00525723 -0.00417696
-0.00482046 -0.00525723   0.0863402  0.00643833
    0.14536 -0.00417696  0.00643833    0.418814
IMAGINARY
          0 -0.00990665   0.0222846   0.0125467
 0.00990665           0 -0.00801887   0.0110487
 -0.0222846  0.00801887           0  -0.0147847
 -0.0125467  -0.0110487   0.0147847           0
Repeater1[0]<--->BSA[0]
REAL
  0.429698 0.00886148  0.0171998   0.155205
0.00886148  0.0893561 -0.0359152   0.014526
 0.0171998 -0.0359152   0.113009 0.00763599
  0.155205   0.014526 0.00763599   0.367937
IMAGINARY
          0 -0.00325883 -0.00740965  -0.0233059
 0.00325883           0 -0.00377467   0.0144882
 0.00740965  0.00377467           0  0.00132833
  0.0233059  -0.0144882 -0.00132833           0
EndNode1[0]<--->Repeater1[0]
REAL
   0.409794  0.00496714  -0.0018735    0.166194
 0.00496714    0.101804  0.00886907 0.000614058
 -0.0018735  0.00886907   0.0966495 -0.00118881
   0.166194 0.000614058 -0.00118881    0.391753
IMAGINARY
          0  -0.0173538   0.0138206 -0.00749373
  0.0173538           0   0.0204189  -0.0106359
 -0.0138206  -0.0204189           0  0.00779962
 0.00749373   0.0106359 -0.00779962           0
EndNode2[0]<--->BSA[0]
REAL
   0.415423    0.031061 -0.00034026    0.143757
   0.031061    0.106965  0.00858657 -0.00486807
-0.00034026  0.00858657   0.0708955   0.0014911
   0.143757 -0.00486807   0.0014911    0.406716
IMAGINARY
          0  -0.0121823  0.00289689  0.00644111
  0.0121823           0 -0.00890416 -0.00158455
-0.00289689  0.00890416           0   0.0239934
-0.00644111  0.00158455  -0.0239934           0
Repeater1[0]<--->EndNode1[0]
REAL
   0.409794  -0.0018735  0.00496714    0.166194
 -0.0018735   0.0966495  0.00886907 -0.00118881
 0.00496714  0.00886907    0.101804 0.000614058
   0.166194 -0.00118881 0.000614058    0.391753
IMAGINARY
          0   0.0138206  -0.0173538 -0.00749373
 -0.0138206           0  -0.0204189  0.00779962
  0.0173538   0.0204189           0  -0.0106359
 0.00749373 -0.00779962   0.0106359           0
Repeater1[0]<--->BSA[0]
REAL
   0.415423 -0.00034026    0.031061    0.143757
-0.00034026   0.0708955  0.00858657   0.0014911
   0.031061  0.00858657    0.106965 -0.00486807
   0.143757   0.0014911 -0.00486807    0.406716
IMAGINARY
          0  0.00289689  -0.0121823  0.00644111
-0.00289689           0  0.00890416   0.0239934
  0.0121823 -0.00890416           0 -0.00158455
-0.00644111  -0.0239934  0.00158455           0
EndNode1[0]<--->Repeater1[0]
REAL
  0.424505 0.00547821 -0.0203455   0.173113
0.00547821  0.0841584  0.0180262  0.0114847
-0.0203455  0.0180262  0.0767327 -0.0118073
  0.173113  0.0114847 -0.0118073   0.414604
IMAGINARY
          0  -0.0330682  0.00964799   0.0106703
  0.0330682           0   0.0133803  -0.0146108
-0.00964799  -0.0133803           0   0.0206613
 -0.0106703   0.0146108  -0.0206613           0
EndNode2[0]<--->BSA[0]
REAL
   0.399731 -0.00228338  0.00612296    0.168851
-0.00228338   0.0942127 -0.00832448  -0.0153335
 0.00612296 -0.00832448   0.0995962 0.000967593
   0.168851  -0.0153335 0.000967593     0.40646
IMAGINARY
           0  -0.00137737    0.0108718   -0.0127247
  0.00137737            0  0.000894021  -0.00645815
  -0.0108718 -0.000894021            0   -0.0106025
   0.0127247   0.00645815    0.0106025            0
Repeater1[0]<--->EndNode1[0]
REAL
  0.424505 -0.0203455 0.00547821   0.173113
-0.0203455  0.0767327  0.0180262 -0.0118073
0.00547821  0.0180262  0.0841584  0.0114847
  0.173113 -0.0118073  0.0114847   0.414604
IMAGINARY
          0  0.00964799  -0.0330682   0.0106703
-0.00964799           0  -0.0133803   0.0206613
  0.0330682   0.0133803           0  -0.0146108
 -0.0106703  -0.0206613   0.0146108           0
Repeater1[0]<--->BSA[0]
REAL
   0.399731  0.00612296 -0.00228338    0.168851
 0.00612296   0.0995962 -0.00832448 0.000967593
-0.00228338 -0.00832448   0.0942127  -0.0153335
   0.168851 0.000967593  -0.0153335     0.40646
IMAGINARY
           0    0.0108718  -0.00137737   -0.0127247
  -0.0108718            0 -0.000894021   -0.0106025
  0.00137737  0.000894021            0  -0.00645815
   0.0127247    0.0106025   0.00645815            0
EndNode1[0]<--->Repeater1[0]
REAL
   0.419532   0.0263438  -0.0046675    0.178054
  0.0263438   0.0935351  -0.0231417 -0.00792696
 -0.0046675  -0.0231417   0.0729023 -0.00619269
   0.178054 -0.00792696 -0.00619269     0.41403
IMAGINARY
          0  0.00532562 -0.00781984   0.0102138
-0.00532562           0 -0.00463764  0.00582781
 0.00781984  0.00463764           0  0.00596256
 -0.0102138 -0.00582781 -0.00596256           0
EndNode2[0]<--->BSA[0]
REAL
   0.415426 -0.00401692   0.0136231    0.166677
-0.00401692    0.097429 -0.00333545  -0.0111294
  0.0136231 -0.00333545    0.097429   0.0214733
   0.166677  -0.0111294   0.0214733    0.389716
IMAGINARY
          0 -0.00385185  0.00686815   0.0112936
 0.00385185           0  -0.0171302  -0.0338443
-0.00686815   0.0171302           0  -0.0130867
 -0.0112936   0.0338443   0.0130867           0
Repeater1[0]<--->EndNode1[0]
REAL
   0.419532  -0.0046675   0.0263438    0.178054
 -0.0046675   0.0729023  -0.0231417 -0.00619269
  0.0263438  -0.0231417   0.0935351 -0.00792696
   0.178054 -0.00619269 -0.00792696     0.41403
IMAGINARY
          0 -0.00781984  0.00532562   0.0102138
 0.00781984           0  0.00463764  0.00596256
-0.00532562 -0.00463764           0  0.00582781
 -0.0102138 -0.00596256 -0.00582781           0
Repeater1[0]<--->BSA[0]
REAL
   0.415426   0.0136231 -0.00401692    0.166677
  0.0136231    0.097429 -0.00333545   0.0214733
-0.00401692 -0.00333545    0.097429  -0.0111294
   0.166677   0.0214733  -0.0111294    0.389716
IMAGINARY
          0  0.00686815 -0.00385185   0.0112936
-0.00686815           0   0.0171302  -0.0130867
 0.00385185  -0.0171302           0  -0.0338443
 -0.0112936   0.0130867   0.0338443           0
EndNode1[0]<--->Repeater1[0]
REAL
   0.410053  0.00160462 -0.00383246    0.188469
 0.00160462    0.104497 -0.00169083 -0.00322787
-0.00383246 -0.00169083   0.0978836  0.00160462
   0.188469 -0.00322787  0.00160462    0.387566
IMAGINARY
         0  0.0106987 -0.0187892 -0.0109532
-0.0106987          0  0.0262593  0.0294275
 0.0187892 -0.0262593          0 -0.0120285
 0.0109532 -0.0294275  0.0120285          0
EndNode2[0]<--->BSA[0]
REAL
   0.420786   0.0038961 -0.00708101    0.177739
  0.0038961   0.0760456   0.0146661 0.000751892
-0.00708101   0.0146661   0.0811153  -0.0038961
   0.177739 0.000751892  -0.0038961    0.422053
IMAGINARY
          0 -0.00426432  -0.0057791  -0.0119758
 0.00426432           0   0.0126144   0.0179085
  0.0057791  -0.0126144           0   0.0110029
  0.0119758  -0.0179085  -0.0110029           0
Repeater1[0]<--->EndNode1[0]
REAL
   0.410053 -0.00383246  0.00160462    0.188469
-0.00383246   0.0978836 -0.00169083  0.00160462
 0.00160462 -0.00169083    0.104497 -0.00322787
   0.188469  0.00160462 -0.00322787    0.387566
IMAGINARY
         0 -0.0187892  0.0106987 -0.0109532
 0.0187892          0 -0.0262593 -0.0120285
-0.0106987  0.0262593          0  0.0294275
 0.0109532  0.0120285 -0.0294275          0
Repeater1[0]<--->BSA[0]
REAL
   0.420786 -0.00708101   0.0038961    0.177739
-0.00708101   0.0811153   0.0146661  -0.0038961
  0.0038961   0.0146661   0.0760456 0.000751892
   0.177739  -0.0038961 0.000751892    0.422053
IMAGINARY
          0  -0.0057791 -0.00426432  -0.0119758
  0.0057791           0  -0.0126144   0.0110029
 0.00426432   0.0126144           0   0.0179085
  0.0119758  -0.0110029  -0.0179085           0
EndNode1[0]<--->Repeater1[0]
REAL
   0.378082  -0.0214568  -0.0114341    0.186636
 -0.0214568    0.090411   0.0101294 -0.00878156
 -0.0114341   0.0101294    0.106849  -0.0270608
   0.186636 -0.00878156  -0.0270608    0.424658
IMAGINARY
           0  -0.00938181 -0.000200773   -0.0118585
  0.00938181            0   0.00279116    0.0155759
 0.000200773  -0.00279116            0   -0.0023033
   0.0118585   -0.0155759    0.0023033            0
EndNode2[0]<--->BSA[0]
REAL
   0.414573 -0.00508543   0.0195791    0.165238
-0.00508543   0.0816583  -0.0220156 -0.00551265
  0.0195791  -0.0220156   0.0967337  -0.0128174
   0.165238 -0.00551265  -0.0128174    0.407035
IMAGINARY
           0  -0.00938579   -0.0140429    0.0201254
  0.00938579            0    0.0194524    0.0120718
   0.0140429   -0.0194524            0  0.000844393
  -0.0201254   -0.0120718 -0.000844393            0
Repeater1[0]<--->EndNode1[0]
REAL
   0.378082  -0.0114341  -0.0214568    0.186636
 -0.0114341    0.106849   0.0101294  -0.0270608
 -0.0214568   0.0101294    0.090411 -0.00878156
   0.186636  -0.0270608 -0.00878156    0.424658
IMAGINARY
           0 -0.000200773  -0.00938181   -0.0118585
 0.000200773            0  -0.00279116   -0.0023033
  0.00938181   0.00279116            0    0.0155759
   0.0118585    0.0023033   -0.0155759            0
Repeater1[0]<--->BSA[0]
REAL
   0.414573   0.0195791 -0.00508543    0.165238
  0.0195791   0.0967337  -0.0220156  -0.0128174
-0.00508543  -0.0220156   0.0816583 -0.00551265
   0.165238  -0.0128174 -0.00551265    0.407035
IMAGINARY
           0   -0.0140429  -0.00938579    0.0201254
   0.0140429            0   -0.0194524  0.000844393
  0.00938579    0.0194524            0    0.0120718
  -0.0201254 -0.000844393   -0.0120718            0
EndNode1[0]<--->Repeater1[0]
REAL
   0.425061  0.00157838  0.00263852     0.18096
 0.00157838   0.0786241  0.00638806 -0.00263852
 0.00263852  0.00638806   0.0773956  -0.0173935
    0.18096 -0.00263852  -0.0173935    0.418919
IMAGINARY
          0  0.00540733 -0.00106361 -0.00733528
-0.00540733           0 -0.00330302  0.00567494
 0.00106361  0.00330302           0 -0.00343105
 0.00733528 -0.00567494  0.00343105           0
EndNode2[0]<--->BSA[0]
REAL
    0.38966  0.00668925 -0.00706792    0.164345
 0.00668925   0.0933165  0.00319811  0.00641089
-0.00706792  0.00319811     0.07314  -0.0191728
   0.164345  0.00641089  -0.0191728    0.443884
IMAGINARY
          0  0.00895883   0.0129447  0.00796436
-0.00895883           0   0.0157163  -0.0123078
 -0.0129447  -0.0157163           0  0.00569085
-0.00796436   0.0123078 -0.00569085           0
Repeater1[0]<--->EndNode1[0]
REAL
   0.425061  0.00263852  0.00157838     0.18096
 0.00263852   0.0773956  0.00638806  -0.0173935
 0.00157838  0.00638806   0.0786241 -0.00263852
    0.18096  -0.0173935 -0.00263852    0.418919
IMAGINARY
          0 -0.00106361  0.00540733 -0.00733528
 0.00106361           0  0.00330302 -0.00343105
-0.00540733 -0.00330302           0  0.00567494
 0.00733528  0.00343105 -0.00567494           0
Repeater1[0]<--->BSA[0]
REAL
    0.38966 -0.00706792  0.00668925    0.164345
-0.00706792     0.07314  0.00319811  -0.0191728
 0.00668925  0.00319811   0.0933165  0.00641089
   0.164345  -0.0191728  0.00641089    0.443884
IMAGINARY
          0   0.0129447  0.00895883  0.00796436
 -0.0129447           0  -0.0157163  0.00569085
-0.00895883   0.0157163           0  -0.0123078
-0.00796436 -0.00569085   0.0123078           0
EndNode1[0]<--->Repeater1[0]
REAL
     0.4325  -0.0129698 -0.00475153    0.160358
 -0.0129698     0.09375  -0.0179735  0.00938729
-0.00475153  -0.0179735        0.09 -0.00358646
   0.160358  0.00938729 -0.00358646     0.38375
IMAGINARY
          0  -0.0256198   0.0208166 -0.00531147
  0.0256198           0  -0.0157281  0.00812012
 -0.0208166   0.0157281           0   0.0034125
 0.00531147 -0.00812012  -0.0034125           0
EndNode2[0]<--->BSA[0]
REAL
   0.371891   0.0038137 0.000857761    0.188652
  0.0038137   0.0845771  0.00755008  -0.0109843
0.000857761  0.00755008    0.090796  0.00124959
   0.188652  -0.0109843  0.00124959    0.452736
IMAGINARY
          0  0.00548239   0.0118845  0.00386094
-0.00548239           0   0.0132443  -0.0092598
 -0.0118845  -0.0132443           0  -0.0146687
-0.00386094   0.0092598   0.0146687           0
Repeater1[0]<--->EndNode1[0]
REAL
     0.4325 -0.00475153  -0.0129698    0.160358
-0.00475153        0.09  -0.0179735 -0.00358646
 -0.0129698  -0.0179735     0.09375  0.00938729
   0.160358 -0.00358646  0.00938729     0.38375
IMAGINARY
          0   0.0208166  -0.0256198 -0.00531147
 -0.0208166           0   0.0157281   0.0034125
  0.0256198  -0.0157281           0  0.00812012
 0.00531147  -0.0034125 -0.00812012           0
Repeater1[0]<--->BSA[0]
REAL
   0.371891 0.000857761   0.0038137    0.188652
0.000857761    0.090796  0.00755008  0.00124959
  0.0038137  0.00755008   0.0845771  -0.0109843
   0.188652  0.00124959  -0.0109843    0.452736
IMAGINARY
          0   0.0118845  0.00548239  0.00386094
 -0.0118845           0  -0.0132443  -0.0146687
-0.00548239   0.0132443           0  -0.0092598
-0.00386094   0.0146687   0.0092598           0
EndNode1[0]<--->Repeater1[0]
REAL
     0.40856   0.00726186 -0.000267914     0.165671
  0.00726186     0.119326    0.0154706    0.0151563
-0.000267914    0.0154706     0.077821    0.0287183
    0.165671    0.0151563    0.0287183     0.394293
IMAGINARY
          0  0.00228864   0.0157908  0.00856392
-0.00228864           0  -0.0237555  -0.0111179
 -0.0157908   0.0237555           0   0.0304216
-0.00856392   0.0111179  -0.0304216           0
EndNode2[0]<--->BSA[0]
REAL
    0.397864 -0.000411677   0.00613642     0.164383
-0.000411677    0.0881175   -0.0216193   0.00103438
  0.00613642   -0.0216193    0.0907877    0.0180127
    0.164383   0.00103438    0.0180127     0.423231
IMAGINARY
           0  -0.00358922 -0.000761303  -0.00046644
  0.00358922            0   -0.0144107    0.0165242
 0.000761303    0.0144107            0    0.0117859
  0.00046644   -0.0165242   -0.0117859            0
Repeater1[0]<--->EndNode1[0]
REAL
     0.40856 -0.000267914   0.00726186     0.165671
-0.000267914     0.077821    0.0154706    0.0287183
  0.00726186    0.0154706     0.119326    0.0151563
    0.165671    0.0287183    0.0151563     0.394293
IMAGINARY
          0   0.0157908  0.00228864  0.00856392
 -0.0157908           0   0.0237555   0.0304216
-0.00228864  -0.0237555           0  -0.0111179
-0.00856392  -0.0304216   0.0111179           0
Repeater1[0]<--->BSA[0]
REAL
    0.397864   0.00613642 -0.000411677     0.164383
  0.00613642    0.0907877   -0.0216193    0.0180127
-0.000411677   -0.0216193    0.0881175   0.00103438
    0.164383    0.0180127   0.00103438     0.423231
IMAGINARY
           0 -0.000761303  -0.00358922  -0.00046644
 0.000761303            0    0.0144107    0.0117859
  0.00358922   -0.0144107            0    0.0165242
  0.00046644   -0.0117859   -0.0165242            0
EndNode1[0]<--->Repeater1[0]
REAL
    0.413747 -0.000645995  -0.00732048     0.163578
-0.000645995    0.0916442   0.00954909  -0.00301544
 -0.00732048   0.00954909     0.101078 -0.000645995
    0.163578  -0.00301544 -0.000645995     0.393531
IMAGINARY
          0   -0.007109  0.00346263    0.012164
   0.007109           0  -0.0015257   0.0154947
-0.00346263   0.0015257           0   -0.007109
  -0.012164  -0.0154947    0.007109           0
EndNode2[0]<--->BSA[0]
REAL
  0.440252 0.00192676 0.00962299   0.171231
0.00192676   0.110692 0.00111479 -0.0128995
0.00962299 0.00111479  0.0855346 0.00790286
  0.171231 -0.0128995 0.00790286   0.363522
IMAGINARY
          0  0.00103341  -0.0123534 -0.00694444
-0.00103341           0  0.00694444 -0.00252374
  0.0123534 -0.00694444           0  -0.0184978
 0.00694444  0.00252374   0.0184978           0
Repeater1[0]<--->EndNode1[0]
REAL
    0.413747  -0.00732048 -0.000645995     0.163578
 -0.00732048     0.101078   0.00954909 -0.000645995
-0.000645995   0.00954909    0.0916442  -0.00301544
    0.163578 -0.000645995  -0.00301544     0.393531
IMAGINARY
          0  0.00346263   -0.007109    0.012164
-0.00346263           0   0.0015257   -0.007109
   0.007109  -0.0015257           0   0.0154947
  -0.012164    0.007109  -0.0154947           0
Repeater1[0]<--->BSA[0]
REAL
  0.440252 0.00962299 0.00192676   0.171231
0.00962299  0.0855346 0.00111479 0.00790286
0.00192676 0.00111479   0.110692 -0.0128995
  0.171231 0.00790286 -0.0128995   0.363522
IMAGINARY
          0  -0.0123534  0.00103341 -0.00694444
  0.0123534           0 -0.00694444  -0.0184978
-0.00103341  0.00694444           0 -0.00252374
 0.00694444   0.0184978  0.00252374           0
EndNode1[0]<--->Repeater1[0]
REAL
   0.429539  0.00878572  -0.0081528      0.1689
 0.00878572   0.0907859  -0.0186003    0.007554
 -0.0081528  -0.0186003   0.0921409 -0.00698931
     0.1689    0.007554 -0.00698931    0.387534
IMAGINARY
          0   0.0173631  0.00288616 -0.00939394
 -0.0173631           0  0.00560606 -0.00152746
-0.00288616 -0.00560606           0 -0.00785219
 0.00939394  0.00152746  0.00785219           0
EndNode2[0]<--->BSA[0]
REAL
