EndNode1[0]<--->Repeater1[0]
REAL
   0.435606 -0.00587356   0.0106709    0.245213
-0.00587356   0.0871212   0.0165106 -0.00243259
  0.0106709   0.0165106   0.0808081  0.00904213
   0.245213 -0.00243259  0.00904213    0.396465
IMAGINARY
           0   0.00130471  -0.00839589     0.032245
 -0.00130471            0   0.00540358  -0.00536558
  0.00839589  -0.00540358            0  0.000661212
   -0.032245   0.00536558 -0.000661212            0
EndNode2[0]<--->BSA[0]
REAL
   0.470588  -0.0182431  -0.0184329    0.249518
 -0.0182431   0.0802139   0.0127458 -0.00986899
 -0.0184329   0.0127458   0.0561497 -0.00376945
   0.249518 -0.00986899 -0.00376945    0.393048
IMAGINARY
          0  -0.0093415    0.018247  -0.0198651
  0.0093415           0  0.00107726  0.00423973
  -0.018247 -0.00107726           0  -0.0171135
  0.0198651 -0.00423973   0.0171135           0
Repeater1[0]<--->EndNode1[0]
REAL
   0.435606   0.0106709 -0.00587356    0.245213
  0.0106709   0.0808081   0.0165106  0.00904213
-0.00587356   0.0165106   0.0871212 -0.00243259
   0.245213  0.00904213 -0.00243259    0.396465
IMAGINARY
           0  -0.00839589   0.00130471     0.032245
  0.00839589            0  -0.00540358  0.000661212
 -0.00130471   0.00540358            0  -0.00536558
   -0.032245 -0.000661212   0.00536558            0
Repeater1[0]<--->BSA[0]
REAL
   0.470588  -0.0184329  -0.0182431    0.249518
 -0.0184329   0.0561497   0.0127458 -0.00376945
 -0.0182431   0.0127458   0.0802139 -0.00986899
   0.249518 -0.00376945 -0.00986899    0.393048
IMAGINARY
          0    0.018247  -0.0093415  -0.0198651
  -0.018247           0 -0.00107726  -0.0171135
  0.0093415  0.00107726           0  0.00423973
  0.0198651   0.0171135 -0.00423973           0
EndNode1[0]<--->Repeater1[0]
REAL
    0.427236  -0.00726474   -0.0340066     0.219216
 -0.00726474     0.101469 -0.000623089  -0.00619445
  -0.0340066 -0.000623089     0.070761   -0.0128358
    0.219216  -0.00619445   -0.0128358     0.400534
IMAGINARY
          0   0.0198198  -0.0236426 -0.00493218
 -0.0198198           0 -0.00854664 -0.00316705
  0.0236426  0.00854664           0   0.0136923
 0.00493218  0.00316705  -0.0136923           0
EndNode2[0]<--->BSA[0]
REAL
   0.452592 0.000483079 -0.00944242    0.246529
0.000483079   0.0619469  0.00763248  0.00624139
-0.00944242  0.00763248   0.0670038  -0.0164882
   0.246529  0.00624139  -0.0164882    0.418458
IMAGINARY
         0 -0.0282443 -0.0114504   0.013161
 0.0282443          0 -0.0174241  0.0215446
 0.0114504  0.0174241          0  0.0289173
 -0.013161 -0.0215446 -0.0289173          0
Repeater1[0]<--->EndNode1[0]
REAL
    0.427236   -0.0340066  -0.00726474     0.219216
  -0.0340066     0.070761 -0.000623089   -0.0128358
 -0.00726474 -0.000623089     0.101469  -0.00619445
    0.219216   -0.0128358  -0.00619445     0.400534
IMAGINARY
          0  -0.0236426   0.0198198 -0.00493218
  0.0236426           0  0.00854664   0.0136923
 -0.0198198 -0.00854664           0 -0.00316705
 0.00493218  -0.0136923  0.00316705           0
Repeater1[0]<--->BSA[0]
REAL
   0.452592 -0.00944242 0.000483079    0.246529
-0.00944242   0.0670038  0.00763248  -0.0164882
0.000483079  0.00763248   0.0619469  0.00624139
   0.246529  -0.0164882  0.00624139    0.418458
IMAGINARY
         0 -0.0114504 -0.0282443   0.013161
 0.0114504          0  0.0174241  0.0289173
 0.0282443 -0.0174241          0  0.0215446
 -0.013161 -0.0289173 -0.0215446          0
EndNode1[0]<--->Repeater1[0]
REAL
   0.471178  0.00718775 -0.00795131    0.233503
 0.00718775   0.0814536   0.0136082   0.0124442
-0.00795131   0.0136082   0.0839599 -0.00397851
   0.233503   0.0124442 -0.00397851    0.363409
IMAGINARY
          0 -0.00686729 -0.00371131  0.00989446
 0.00686729           0   0.0244063  0.00894691
 0.00371131  -0.0244063           0   0.0121029
-0.00989446 -0.00894691  -0.0121029           0
EndNode2[0]<--->BSA[0]
REAL
    0.464607 -0.000443393   0.00143973     0.236966
-0.000443393    0.0579151  0.000470899   0.00861052
  0.00143973  0.000470899    0.0707851    0.0142625
    0.236966   0.00861052    0.0142625     0.406692
IMAGINARY
          0  0.00712576   -0.011485  -0.0210483
-0.00712576           0  -0.0038508 -0.00761905
   0.011485   0.0038508           0  -0.0011969
  0.0210483  0.00761905   0.0011969           0
Repeater1[0]<--->EndNode1[0]
REAL
   0.471178 -0.00795131  0.00718775    0.233503
-0.00795131   0.0839599   0.0136082 -0.00397851
 0.00718775   0.0136082   0.0814536   0.0124442
   0.233503 -0.00397851   0.0124442    0.363409
IMAGINARY
          0 -0.00371131 -0.00686729  0.00989446
 0.00371131           0  -0.0244063   0.0121029
 0.00686729   0.0244063           0  0.00894691
-0.00989446  -0.0121029 -0.00894691           0
Repeater1[0]<--->BSA[0]
REAL
    0.464607   0.00143973 -0.000443393     0.236966
  0.00143973    0.0707851  0.000470899    0.0142625
-0.000443393  0.000470899    0.0579151   0.00861052
    0.236966    0.0142625   0.00861052     0.406692
IMAGINARY
          0   -0.011485  0.00712576  -0.0210483
   0.011485           0   0.0038508  -0.0011969
-0.00712576  -0.0038508           0 -0.00761905
  0.0210483   0.0011969  0.00761905           0
EndNode1[0]<--->Repeater1[0]
REAL
   0.427696   0.0111701 -0.00253165    0.237511
  0.0111701   0.0906863  0.00156342  0.00253165
-0.00253165  0.00156342   0.0686275  0.00811012
   0.237511  0.00253165  0.00811012     0.41299
IMAGINARY
          0 -0.00555556 -0.00193648   0.0130056
 0.00555556           0 -0.00777001  -0.0157106
 0.00193648  0.00777001           0 -0.00555556
 -0.0130056   0.0157106  0.00555556           0
EndNode2[0]<--->BSA[0]
REAL
   0.426719  -0.0122626  0.00306812    0.232292
 -0.0122626   0.0583658   0.0011232  -0.0128961
 0.00306812   0.0011232   0.0856031 -0.00862187
   0.232292  -0.0128961 -0.00862187    0.429313
IMAGINARY
          0  0.00891698  -0.0119824  0.00329134
-0.00891698           0  0.00195801  0.00419015
  0.0119824 -0.00195801           0  -0.0102157
-0.00329134 -0.00419015   0.0102157           0
Repeater1[0]<--->EndNode1[0]
REAL
   0.427696 -0.00253165   0.0111701    0.237511
-0.00253165   0.0686275  0.00156342  0.00811012
  0.0111701  0.00156342   0.0906863  0.00253165
   0.237511  0.00811012  0.00253165     0.41299
IMAGINARY
          0 -0.00193648 -0.00555556   0.0130056
 0.00193648           0  0.00777001 -0.00555556
 0.00555556 -0.00777001           0  -0.0157106
 -0.0130056  0.00555556   0.0157106           0
Repeater1[0]<--->BSA[0]
REAL
   0.426719  0.00306812  -0.0122626    0.232292
 0.00306812   0.0856031   0.0011232 -0.00862187
 -0.0122626   0.0011232   0.0583658  -0.0128961
   0.232292 -0.00862187  -0.0128961    0.429313
IMAGINARY
          0  -0.0119824  0.00891698  0.00329134
  0.0119824           0 -0.00195801  -0.0102157
-0.00891698  0.00195801           0  0.00419015
-0.00329134   0.0102157 -0.00419015           0
EndNode1[0]<--->Repeater1[0]
REAL
   0.443599  0.00314145   0.0203925    0.233896
 0.00314145   0.0836502   0.0105758  0.00540607
  0.0203925   0.0105758   0.0823828 0.000544051
   0.233896  0.00540607 0.000544051    0.390368
IMAGINARY
          0  -0.0126954   0.0245104  -0.0260933
  0.0126954           0  0.00983846  0.00118128
 -0.0245104 -0.00983846           0   0.0212593
  0.0260933 -0.00118128  -0.0212593           0
EndNode2[0]<--->BSA[0]
REAL
     0.46962  -0.00921039 -5.24869e-05      0.24327
 -0.00921039    0.0518987   -0.0105335  -0.00378383
-5.24869e-05   -0.0105335    0.0696203    0.0219981
     0.24327  -0.00378383    0.0219981     0.408861
IMAGINARY
          0   0.0085667 -0.00250826 -0.00688977
 -0.0085667           0 -0.00814291 -0.00509893
 0.00250826  0.00814291           0   0.0128717
 0.00688977  0.00509893  -0.0128717           0
Repeater1[0]<--->EndNode1[0]
REAL
   0.443599   0.0203925  0.00314145    0.233896
  0.0203925   0.0823828   0.0105758 0.000544051
 0.00314145   0.0105758   0.0836502  0.00540607
   0.233896 0.000544051  0.00540607    0.390368
IMAGINARY
          0   0.0245104  -0.0126954  -0.0260933
 -0.0245104           0 -0.00983846   0.0212593
  0.0126954  0.00983846           0  0.00118128
  0.0260933  -0.0212593 -0.00118128           0
Repeater1[0]<--->BSA[0]
REAL
     0.46962 -5.24869e-05  -0.00921039      0.24327
-5.24869e-05    0.0696203   -0.0105335    0.0219981
 -0.00921039   -0.0105335    0.0518987  -0.00378383
     0.24327    0.0219981  -0.00378383     0.408861
IMAGINARY
          0 -0.00250826   0.0085667 -0.00688977
 0.00250826           0  0.00814291   0.0128717
 -0.0085667 -0.00814291           0 -0.00509893
 0.00688977  -0.0128717  0.00509893           0
