EndNode1[0]<--->Repeater1[0]
REAL
   0.455263   0.0159586   0.0211073   0.0850001
  0.0159586    0.171053 -0.00638373 0.000905279
  0.0211073 -0.00638373    0.217105 -0.00275107
  0.0850001 0.000905279 -0.00275107    0.156579
IMAGINARY
          0  0.00936127 -0.00553249  0.00195017
-0.00936127           0   0.0210624 -0.00491137
 0.00553249  -0.0210624           0 -0.00283385
-0.00195017  0.00491137  0.00283385           0
EndNode2[0]<--->BSA[0]
REAL
   0.427711  0.00337909   0.0404333    0.142978
 0.00337909    0.180723   0.0197519 -0.00106326
  0.0404333   0.0197519    0.145783  -0.0073161
   0.142978 -0.00106326  -0.0073161    0.245783
IMAGINARY
           0  -0.00814411  0.000247504   0.00193472
  0.00814411            0   0.00254671   -0.0163765
-0.000247504  -0.00254671            0    0.0165312
 -0.00193472    0.0163765   -0.0165312            0
Repeater1[0]<--->EndNode1[0]
REAL
   0.455263   0.0211073   0.0159586   0.0850001
  0.0211073    0.217105 -0.00638373 -0.00275107
  0.0159586 -0.00638373    0.171053 0.000905279
  0.0850001 -0.00275107 0.000905279    0.156579
IMAGINARY
          0 -0.00553249  0.00936127  0.00195017
 0.00553249           0  -0.0210624 -0.00283385
-0.00936127   0.0210624           0 -0.00491137
-0.00195017  0.00283385  0.00491137           0
Repeater1[0]<--->BSA[0]
REAL
   0.427711   0.0404333  0.00337909    0.142978
  0.0404333    0.145783   0.0197519  -0.0073161
 0.00337909   0.0197519    0.180723 -0.00106326
   0.142978  -0.0073161 -0.00106326    0.245783
IMAGINARY
           0  0.000247504  -0.00814411   0.00193472
-0.000247504            0  -0.00254671    0.0165312
  0.00814411   0.00254671            0   -0.0163765
 -0.00193472   -0.0165312    0.0163765            0
EndNode1[0]<--->Repeater1[0]
REAL
   0.458493 -0.00706609 -0.00222762     0.11882
-0.00706609    0.154534   0.0213845   0.0182327
-0.00222762   0.0213845    0.240102   0.0115475
    0.11882   0.0182327   0.0115475    0.146871
IMAGINARY
           0    0.0359185    0.0202298   -0.0011988
  -0.0359185            0    0.0141858  0.000283006
  -0.0202298   -0.0141858            0 -2.10172e-05
   0.0011988 -0.000283006  2.10172e-05            0
EndNode2[0]<--->BSA[0]
REAL
   0.419655 -0.00193791 -0.00390183    0.139332
-0.00193791    0.205843   0.0316192  -0.0128077
-0.00390183   0.0316192    0.152722 -0.00963022
   0.139332  -0.0128077 -0.00963022     0.22178
IMAGINARY
          0    -0.01164  0.00147754 -0.00433752
    0.01164           0 -0.00188654 -0.00679669
-0.00147754  0.00188654           0   0.0236081
 0.00433752  0.00679669  -0.0236081           0
Repeater1[0]<--->EndNode1[0]
REAL
   0.458493 -0.00222762 -0.00706609     0.11882
-0.00222762    0.240102   0.0213845   0.0115475
-0.00706609   0.0213845    0.154534   0.0182327
    0.11882   0.0115475   0.0182327    0.146871
IMAGINARY
           0    0.0202298    0.0359185   -0.0011988
  -0.0202298            0   -0.0141858 -2.10172e-05
  -0.0359185    0.0141858            0  0.000283006
   0.0011988  2.10172e-05 -0.000283006            0
Repeater1[0]<--->BSA[0]
REAL
   0.419655 -0.00390183 -0.00193791    0.139332
-0.00390183    0.152722   0.0316192 -0.00963022
-0.00193791   0.0316192    0.205843  -0.0128077
   0.139332 -0.00963022  -0.0128077     0.22178
IMAGINARY
          0  0.00147754    -0.01164 -0.00433752
-0.00147754           0  0.00188654   0.0236081
    0.01164 -0.00188654           0 -0.00679669
 0.00433752  -0.0236081  0.00679669           0
EndNode1[0]<--->Repeater1[0]
REAL
  0.435294   0.012372 0.00179011  0.0862528
  0.012372   0.162092  0.0182528  0.0138544
0.00179011  0.0182528   0.233987 0.00577569
 0.0862528  0.0138544 0.00577569   0.168627
IMAGINARY
          0   0.0144042 -0.00354545 -0.00738916
 -0.0144042           0 -0.00738916  -0.0111212
 0.00354545  0.00738916           0  -0.0184042
 0.00738916   0.0111212   0.0184042           0
EndNode2[0]<--->BSA[0]
REAL
    0.408685 -0.000328908   0.00441052     0.134762
-0.000328908     0.191571    0.0393512   -0.0195222
  0.00441052    0.0393512     0.167305   0.00624218
    0.134762   -0.0195222   0.00624218     0.232439
IMAGINARY
          0  0.00845411 -0.00287364  -0.0058022
-0.00845411           0   0.0171204  0.00166591
 0.00287364  -0.0171204           0  0.00845411
  0.0058022 -0.00166591 -0.00845411           0
Repeater1[0]<--->EndNode1[0]
REAL
  0.435294 0.00179011   0.012372  0.0862528
0.00179011   0.233987  0.0182528 0.00577569
  0.012372  0.0182528   0.162092  0.0138544
 0.0862528 0.00577569  0.0138544   0.168627
IMAGINARY
          0 -0.00354545   0.0144042 -0.00738916
 0.00354545           0  0.00738916  -0.0184042
 -0.0144042 -0.00738916           0  -0.0111212
 0.00738916   0.0184042   0.0111212           0
Repeater1[0]<--->BSA[0]
REAL
    0.408685   0.00441052 -0.000328908     0.134762
  0.00441052     0.167305    0.0393512   0.00624218
-0.000328908    0.0393512     0.191571   -0.0195222
    0.134762   0.00624218   -0.0195222     0.232439
IMAGINARY
          0 -0.00287364  0.00845411  -0.0058022
 0.00287364           0  -0.0171204  0.00845411
-0.00845411   0.0171204           0  0.00166591
  0.0058022 -0.00845411 -0.00166591           0
EndNode1[0]<--->Repeater1[0]
REAL
   0.462141 -0.00548077 -0.00139206   0.0889197
-0.00548077    0.151436    0.010834 -0.00722863
-0.00139206    0.010834    0.225849 -0.00929756
  0.0889197 -0.00722863 -0.00929756    0.160574
IMAGINARY
          0 -0.00152022  -0.0113075  -0.0186289
 0.00152022           0 -0.00427185    0.012567
  0.0113075  0.00427185           0 -0.00351756
  0.0186289   -0.012567  0.00351756           0
EndNode2[0]<--->BSA[0]
REAL
   0.45034 -0.0121328 -0.0239649   0.157449
-0.0121328   0.187755  0.0334381  0.0165757
-0.0239649  0.0334381   0.129252  -0.001414
  0.157449  0.0165757  -0.001414   0.232653
IMAGINARY
          0  0.00384798 -0.00483843  0.00816439
-0.00384798           0 -0.00943665  0.00615769
 0.00483843  0.00943665           0   0.0119832
-0.00816439 -0.00615769  -0.0119832           0
Repeater1[0]<--->EndNode1[0]
REAL
   0.462141 -0.00139206 -0.00548077   0.0889197
-0.00139206    0.225849    0.010834 -0.00929756
-0.00548077    0.010834    0.151436 -0.00722863
  0.0889197 -0.00929756 -0.00722863    0.160574
IMAGINARY
          0  -0.0113075 -0.00152022  -0.0186289
  0.0113075           0  0.00427185 -0.00351756
 0.00152022 -0.00427185           0    0.012567
  0.0186289  0.00351756   -0.012567           0
Repeater1[0]<--->BSA[0]
REAL
   0.45034 -0.0239649 -0.0121328   0.157449
-0.0239649   0.129252  0.0334381  -0.001414
-0.0121328  0.0334381   0.187755  0.0165757
  0.157449  -0.001414  0.0165757   0.232653
IMAGINARY
          0 -0.00483843  0.00384798  0.00816439
 0.00483843           0  0.00943665   0.0119832
-0.00384798 -0.00943665           0  0.00615769
-0.00816439  -0.0119832 -0.00615769           0
EndNode1[0]<--->Repeater1[0]
REAL
   0.481669   -0.032549  0.00519644   0.0936241
  -0.032549    0.141593   0.0214387   0.0108426
 0.00519644   0.0214387    0.222503 -0.00162116
  0.0936241   0.0108426 -0.00162116    0.154235
IMAGINARY
          0   -0.016869 -0.00627055  -0.0149313
   0.016869           0  0.00420745   0.0082573
 0.00627055 -0.00420745           0   0.0109088
  0.0149313  -0.0082573  -0.0109088           0
EndNode2[0]<--->BSA[0]
REAL
   0.394495 -0.00559469 -0.00477996    0.139824
-0.00559469    0.216252    0.030968   0.0109681
-0.00477996    0.030968    0.155963   0.0315848
   0.139824   0.0109681   0.0315848     0.23329
IMAGINARY
          0   0.0112723 -0.00236696 -0.00281002
 -0.0112723           0  -0.0140982  0.00421198
 0.00236696   0.0140982           0  -0.0303375
 0.00281002 -0.00421198   0.0303375           0
Repeater1[0]<--->EndNode1[0]
REAL
   0.481669  0.00519644   -0.032549   0.0936241
 0.00519644    0.222503   0.0214387 -0.00162116
  -0.032549   0.0214387    0.141593   0.0108426
  0.0936241 -0.00162116   0.0108426    0.154235
IMAGINARY
          0 -0.00627055   -0.016869  -0.0149313
 0.00627055           0 -0.00420745   0.0109088
   0.016869  0.00420745           0   0.0082573
  0.0149313  -0.0109088  -0.0082573           0
Repeater1[0]<--->BSA[0]
REAL
   0.394495 -0.00477996 -0.00559469    0.139824
-0.00477996    0.155963    0.030968   0.0315848
-0.00559469    0.030968    0.216252   0.0109681
   0.139824   0.0315848   0.0109681     0.23329
IMAGINARY
          0 -0.00236696   0.0112723 -0.00281002
 0.00236696           0   0.0140982  -0.0303375
 -0.0112723  -0.0140982           0  0.00421198
 0.00281002   0.0303375 -0.00421198           0
