EndNode1[0]<--->Repeater1[0]
REAL
   0.485714 -0.00401483  -0.0185951   0.0854193
-0.00401483    0.133333  0.00391075 -0.00621883
 -0.0185951  0.00391075    0.239456 -0.00963281
  0.0854193 -0.00621883 -0.00963281    0.141497
IMAGINARY
          0   0.0152638 -0.00425791   0.0173174
 -0.0152638           0  -0.0215427 -0.00425791
 0.00425791   0.0215427           0  -0.0189134
 -0.0173174  0.00425791   0.0189134           0
EndNode2[0]<--->BSA[0]
REAL
  0.452957 -0.0200316 -0.0146684   0.135204
-0.0200316   0.174731  0.0357143 0.00318878
-0.0146684  0.0357143   0.142473   0.013654
  0.135204 0.00318878   0.013654   0.229839
IMAGINARY
           0  -0.00797556   0.00281534   -0.0245747
  0.00797556            0  0.000765201   -0.0142949
 -0.00281534 -0.000765201            0  -0.00860607
   0.0245747    0.0142949   0.00860607            0
Repeater1[0]<--->EndNode1[0]
REAL
   0.485714  -0.0185951 -0.00401483   0.0854193
 -0.0185951    0.239456  0.00391075 -0.00963281
-0.00401483  0.00391075    0.133333 -0.00621883
  0.0854193 -0.00963281 -0.00621883    0.141497
IMAGINARY
          0 -0.00425791   0.0152638   0.0173174
 0.00425791           0   0.0215427  -0.0189134
 -0.0152638  -0.0215427           0 -0.00425791
 -0.0173174   0.0189134  0.00425791           0
Repeater1[0]<--->BSA[0]
REAL
  0.452957 -0.0146684 -0.0200316   0.135204
-0.0146684   0.142473  0.0357143   0.013654
-0.0200316  0.0357143   0.174731 0.00318878
  0.135204   0.013654 0.00318878   0.229839
IMAGINARY
           0   0.00281534  -0.00797556   -0.0245747
 -0.00281534            0 -0.000765201  -0.00860607
  0.00797556  0.000765201            0   -0.0142949
   0.0245747   0.00860607    0.0142949            0
EndNode1[0]<--->Repeater1[0]
REAL
  0.439532 0.00783232 -0.0191547  0.0820124
0.00783232   0.154746   0.022669  0.0146033
-0.0191547   0.022669   0.247074 0.00322099
 0.0820124  0.0146033 0.00322099   0.158648
IMAGINARY
          0  -0.0236946    0.009252   0.0314504
  0.0236946           0  -0.0033755 -0.00798938
  -0.009252   0.0033755           0  0.00854308
 -0.0314504  0.00798938 -0.00854308           0
EndNode2[0]<--->BSA[0]
REAL
    0.425831  -0.00619061 -0.000284715     0.141556
 -0.00619061     0.209719     0.039239  -0.00567555
-0.000284715     0.039239      0.14578   0.00685286
    0.141556  -0.00567555   0.00685286      0.21867
IMAGINARY
          0  0.00320057  0.00641748    0.012987
-0.00320057           0    0.012987    0.010957
-0.00641748   -0.012987           0  -0.0218621
  -0.012987   -0.010957   0.0218621           0
Repeater1[0]<--->EndNode1[0]
REAL
  0.439532 -0.0191547 0.00783232  0.0820124
-0.0191547   0.247074   0.022669 0.00322099
0.00783232   0.022669   0.154746  0.0146033
 0.0820124 0.00322099  0.0146033   0.158648
IMAGINARY
          0    0.009252  -0.0236946   0.0314504
  -0.009252           0   0.0033755  0.00854308
  0.0236946  -0.0033755           0 -0.00798938
 -0.0314504 -0.00854308  0.00798938           0
Repeater1[0]<--->BSA[0]
REAL
    0.425831 -0.000284715  -0.00619061     0.141556
-0.000284715      0.14578     0.039239   0.00685286
 -0.00619061     0.039239     0.209719  -0.00567555
    0.141556   0.00685286  -0.00567555      0.21867
IMAGINARY
          0  0.00641748  0.00320057    0.012987
-0.00641748           0   -0.012987  -0.0218621
-0.00320057    0.012987           0    0.010957
  -0.012987   0.0218621   -0.010957           0
EndNode1[0]<--->Repeater1[0]
REAL
   0.467005 -0.00449165  -0.0224349    0.082087
-0.00449165     0.15736   0.0201574 -0.00998405
 -0.0224349   0.0201574    0.218274  0.00573853
   0.082087 -0.00998405  0.00573853     0.15736
IMAGINARY
          0  0.00134351   0.0115156 -0.00194729
-0.00134351           0 -0.00382935   0.0165156
 -0.0115156  0.00382935           0  -0.0111219
 0.00194729  -0.0165156   0.0111219           0
EndNode2[0]<--->BSA[0]
REAL
   0.438119  -0.0137164   -0.021547     0.15561
 -0.0137164    0.206683   0.0399241 -0.00619319
  -0.021547   0.0399241    0.152228  0.00356755
    0.15561 -0.00619319  0.00356755     0.20297
IMAGINARY
          0 -0.00801798    0.002391   0.0122584
 0.00801798           0   0.0213493  0.00872011
  -0.002391  -0.0213493           0  -0.0213938
 -0.0122584 -0.00872011   0.0213938           0
Repeater1[0]<--->EndNode1[0]
REAL
   0.467005  -0.0224349 -0.00449165    0.082087
 -0.0224349    0.218274   0.0201574  0.00573853
-0.00449165   0.0201574     0.15736 -0.00998405
   0.082087  0.00573853 -0.00998405     0.15736
IMAGINARY
          0   0.0115156  0.00134351 -0.00194729
 -0.0115156           0  0.00382935  -0.0111219
-0.00134351 -0.00382935           0   0.0165156
 0.00194729   0.0111219  -0.0165156           0
Repeater1[0]<--->BSA[0]
REAL
   0.438119   -0.021547  -0.0137164     0.15561
  -0.021547    0.152228   0.0399241  0.00356755
 -0.0137164   0.0399241    0.206683 -0.00619319
    0.15561  0.00356755 -0.00619319     0.20297
IMAGINARY
          0    0.002391 -0.00801798   0.0122584
  -0.002391           0  -0.0213493  -0.0213938
 0.00801798   0.0213493           0  0.00872011
 -0.0122584   0.0213938 -0.00872011           0
EndNode1[0]<--->Repeater1[0]
REAL
   0.443599   -0.011951 -0.00239278    0.104437
  -0.011951    0.169835     0.00914 -0.00935657
-0.00239278     0.00914    0.217997  0.00542355
   0.104437 -0.00935657  0.00542355    0.168568
IMAGINARY
          0  0.00246749  -0.0156818  0.00254405
-0.00246749           0  0.00122479  0.00330555
  0.0156818 -0.00122479           0  0.00372063
-0.00254405 -0.00330555 -0.00372063           0
EndNode2[0]<--->BSA[0]
REAL
   0.425532 -0.00448311      0.0265    0.127789
-0.00448311      0.1875   0.0272595 -0.00486535
     0.0265   0.0272595    0.151596   0.0128966
   0.127789 -0.00486535   0.0128966    0.235372
IMAGINARY
          0   0.0102513  0.00563394  0.00607089
 -0.0102513           0   0.0103549  0.00494807
-0.00563394  -0.0103549           0   0.0241402
-0.00607089 -0.00494807  -0.0241402           0
Repeater1[0]<--->EndNode1[0]
REAL
   0.443599 -0.00239278   -0.011951    0.104437
-0.00239278    0.217997     0.00914  0.00542355
  -0.011951     0.00914    0.169835 -0.00935657
   0.104437  0.00542355 -0.00935657    0.168568
IMAGINARY
          0  -0.0156818  0.00246749  0.00254405
  0.0156818           0 -0.00122479  0.00372063
-0.00246749  0.00122479           0  0.00330555
-0.00254405 -0.00372063 -0.00330555           0
Repeater1[0]<--->BSA[0]
REAL
   0.425532      0.0265 -0.00448311    0.127789
     0.0265    0.151596   0.0272595   0.0128966
-0.00448311   0.0272595      0.1875 -0.00486535
   0.127789   0.0128966 -0.00486535    0.235372
IMAGINARY
          0  0.00563394   0.0102513  0.00607089
-0.00563394           0  -0.0103549   0.0241402
 -0.0102513   0.0103549           0  0.00494807
-0.00607089  -0.0241402 -0.00494807           0
EndNode1[0]<--->Repeater1[0]
REAL
   0.475066   0.0221637  -0.0159038   0.0680527
  0.0221637    0.137795   0.0169019  -0.0132791
 -0.0159038   0.0169019     0.24147 -0.00724804
  0.0680527  -0.0132791 -0.00724804    0.145669
IMAGINARY
          0  0.00443493   0.0208479  0.00397848
-0.00443493           0 -0.00585114   0.0162365
 -0.0208479  0.00585114           0  -0.0274528
-0.00397848  -0.0162365   0.0274528           0
EndNode2[0]<--->BSA[0]
REAL
   0.447145  -0.0023046 -0.00418267    0.147084
 -0.0023046    0.181045   0.0166773  -0.0088933
-0.00418267   0.0166773    0.148238  -0.0082807
   0.147084  -0.0088933  -0.0082807    0.223572
IMAGINARY
          0  0.00586723  0.00819307   0.0140239
-0.00586723           0   -0.004844   0.0055684
-0.00819307    0.004844           0   -0.011765
 -0.0140239  -0.0055684    0.011765           0
Repeater1[0]<--->EndNode1[0]
REAL
   0.475066  -0.0159038   0.0221637   0.0680527
 -0.0159038     0.24147   0.0169019 -0.00724804
  0.0221637   0.0169019    0.137795  -0.0132791
  0.0680527 -0.00724804  -0.0132791    0.145669
IMAGINARY
          0   0.0208479  0.00443493  0.00397848
 -0.0208479           0  0.00585114  -0.0274528
-0.00443493 -0.00585114           0   0.0162365
-0.00397848   0.0274528  -0.0162365           0
Repeater1[0]<--->BSA[0]
REAL
   0.447145 -0.00418267  -0.0023046    0.147084
-0.00418267    0.148238   0.0166773  -0.0082807
 -0.0023046   0.0166773    0.181045  -0.0088933
   0.147084  -0.0082807  -0.0088933    0.223572
IMAGINARY
          0  0.00819307  0.00586723   0.0140239
-0.00819307           0    0.004844   -0.011765
-0.00586723   -0.004844           0   0.0055684
 -0.0140239    0.011765  -0.0055684           0
