EndNode1[0]<--->Repeater1[0]
REAL
   0.503886   0.0107673 4.80347e-05    0.183836
  0.0107673    0.137306   0.0158922  0.00131066
4.80347e-05   0.0158922    0.150259 0.000102286
   0.183836  0.00131066 0.000102286    0.208549
IMAGINARY
           0   0.00159642   -0.0132567   0.00225806
 -0.00159642            0   0.00225806 -0.000153257
   0.0132567  -0.00225806            0   0.00159642
 -0.00225806  0.000153257  -0.00159642            0
EndNode2[0]<--->BSA[0]
REAL
  0.443038 -0.0016279  0.0166881   0.236155
-0.0016279   0.122785  0.0353467 0.00577664
 0.0166881  0.0353467   0.113924 0.00355345
  0.236155 0.00577664 0.00355345   0.320253
IMAGINARY
           0   -0.0290103   0.00790911   -0.0125445
   0.0290103            0     0.021702  0.000177147
 -0.00790911    -0.021702            0  -0.00333467
   0.0125445 -0.000177147   0.00333467            0
Repeater1[0]<--->EndNode1[0]
REAL
   0.503886 4.80347e-05   0.0107673    0.183836
4.80347e-05    0.150259   0.0158922 0.000102286
  0.0107673   0.0158922    0.137306  0.00131066
   0.183836 0.000102286  0.00131066    0.208549
IMAGINARY
           0   -0.0132567   0.00159642   0.00225806
   0.0132567            0  -0.00225806   0.00159642
 -0.00159642   0.00225806            0 -0.000153257
 -0.00225806  -0.00159642  0.000153257            0
Repeater1[0]<--->BSA[0]
REAL
  0.443038  0.0166881 -0.0016279   0.236155
 0.0166881   0.113924  0.0353467 0.00355345
-0.0016279  0.0353467   0.122785 0.00577664
  0.236155 0.00355345 0.00577664   0.320253
IMAGINARY
           0   0.00790911   -0.0290103   -0.0125445
 -0.00790911            0    -0.021702  -0.00333467
   0.0290103     0.021702            0  0.000177147
   0.0125445   0.00333467 -0.000177147            0
EndNode1[0]<--->Repeater1[0]
REAL
   0.469489 -0.00131061   0.0208808    0.190378
-0.00131061    0.124533   0.0360735  0.00428051
  0.0208808   0.0360735    0.171856  -0.0019152
   0.190378  0.00428051  -0.0019152    0.234122
IMAGINARY
          0  0.00399997  -0.0199836  0.00255754
-0.00399997           0  0.00255754  -0.0151157
  0.0199836 -0.00255754           0  -0.0179073
-0.00255754   0.0151157   0.0179073           0
EndNode2[0]<--->BSA[0]
REAL
    0.40213 0.000998668  0.00362101    0.246036
0.000998668     0.14514   0.0369204  0.00237101
 0.00362101   0.0369204    0.130493 0.000998668
   0.246036  0.00237101 0.000998668    0.322237
IMAGINARY
           0   -0.0180844  0.000115198    0.0119161
   0.0180844            0  -0.00173799    0.0079277
-0.000115198   0.00173799            0  0.000658085
  -0.0119161   -0.0079277 -0.000658085            0
Repeater1[0]<--->EndNode1[0]
REAL
   0.469489   0.0208808 -0.00131061    0.190378
  0.0208808    0.171856   0.0360735  -0.0019152
-0.00131061   0.0360735    0.124533  0.00428051
   0.190378  -0.0019152  0.00428051    0.234122
IMAGINARY
          0  -0.0199836  0.00399997  0.00255754
  0.0199836           0 -0.00255754  -0.0179073
-0.00399997  0.00255754           0  -0.0151157
-0.00255754   0.0179073   0.0151157           0
Repeater1[0]<--->BSA[0]
REAL
    0.40213  0.00362101 0.000998668    0.246036
 0.00362101    0.130493   0.0369204 0.000998668
0.000998668   0.0369204     0.14514  0.00237101
   0.246036 0.000998668  0.00237101    0.322237
IMAGINARY
           0  0.000115198   -0.0180844    0.0119161
-0.000115198            0   0.00173799  0.000658085
   0.0180844  -0.00173799            0    0.0079277
  -0.0119161 -0.000658085   -0.0079277            0
EndNode1[0]<--->Repeater1[0]
REAL
   0.424675  -0.0212902  -0.0233579    0.181292
 -0.0212902    0.144156 0.000826744 -0.00511891
 -0.0233579 0.000826744         0.2 -0.00453762
   0.181292 -0.00511891 -0.00453762    0.231169
IMAGINARY
           0   -0.0178242  -0.00483843     0.015815
   0.0178242            0  0.000439861  -0.00615769
  0.00483843 -0.000439861            0   0.00682811
   -0.015815   0.00615769  -0.00682811            0
EndNode2[0]<--->BSA[0]
REAL
   0.450262  -0.0177048  -0.0383494    0.275562
 -0.0177048    0.123037   0.0529724 -0.00484428
 -0.0383494   0.0529724    0.104712   -0.011091
   0.275562 -0.00484428   -0.011091     0.32199
IMAGINARY
           0   0.00891068   -0.0205521   -0.0102886
 -0.00891068            0   0.00101791   -0.0144545
   0.0205521  -0.00101791            0 -0.000324151
   0.0102886    0.0144545  0.000324151            0
Repeater1[0]<--->EndNode1[0]
REAL
   0.424675  -0.0233579  -0.0212902    0.181292
 -0.0233579         0.2 0.000826744 -0.00453762
 -0.0212902 0.000826744    0.144156 -0.00511891
   0.181292 -0.00453762 -0.00511891    0.231169
IMAGINARY
           0  -0.00483843   -0.0178242     0.015815
  0.00483843            0 -0.000439861   0.00682811
   0.0178242  0.000439861            0  -0.00615769
   -0.015815  -0.00682811   0.00615769            0
Repeater1[0]<--->BSA[0]
REAL
   0.450262  -0.0383494  -0.0177048    0.275562
 -0.0383494    0.104712   0.0529724   -0.011091
 -0.0177048   0.0529724    0.123037 -0.00484428
   0.275562   -0.011091 -0.00484428     0.32199
IMAGINARY
           0   -0.0205521   0.00891068   -0.0102886
   0.0205521            0  -0.00101791 -0.000324151
 -0.00891068   0.00101791            0   -0.0144545
   0.0102886  0.000324151    0.0144545            0
EndNode1[0]<--->Repeater1[0]
REAL
   0.476821  0.00167649 -0.00662948    0.170163
 0.00167649    0.119205   0.0190603  0.00412321
-0.00662948   0.0190603    0.182781 -0.00668902
   0.170163  0.00412321 -0.00668902    0.221192
IMAGINARY
          0  -0.0103999  0.00215049  0.00239374
  0.0103999           0   0.0171185   0.0179533
-0.00215049  -0.0171185           0 -0.00581278
-0.00239374  -0.0179533  0.00581278           0
EndNode2[0]<--->BSA[0]
REAL
   0.491436 -0.00977938  0.00257981    0.258667
-0.00977938      0.1278   0.0370454  -0.0246479
 0.00257981   0.0370454    0.108037 0.000321627
   0.258667  -0.0246479 0.000321627    0.272727
IMAGINARY
          0   0.0187956 -0.00209524  0.00945451
 -0.0187956           0  -0.0261212  -0.0249318
 0.00209524   0.0261212           0  0.00012336
-0.00945451   0.0249318 -0.00012336           0
Repeater1[0]<--->EndNode1[0]
REAL
   0.476821 -0.00662948  0.00167649    0.170163
-0.00662948    0.182781   0.0190603 -0.00668902
 0.00167649   0.0190603    0.119205  0.00412321
   0.170163 -0.00668902  0.00412321    0.221192
IMAGINARY
          0  0.00215049  -0.0103999  0.00239374
-0.00215049           0  -0.0171185 -0.00581278
  0.0103999   0.0171185           0   0.0179533
-0.00239374  0.00581278  -0.0179533           0
Repeater1[0]<--->BSA[0]
REAL
   0.491436  0.00257981 -0.00977938    0.258667
 0.00257981    0.108037   0.0370454 0.000321627
-0.00977938   0.0370454      0.1278  -0.0246479
   0.258667 0.000321627  -0.0246479    0.272727
IMAGINARY
          0 -0.00209524   0.0187956  0.00945451
 0.00209524           0   0.0261212  0.00012336
 -0.0187956  -0.0261212           0  -0.0249318
-0.00945451 -0.00012336   0.0249318           0
EndNode1[0]<--->Repeater1[0]
REAL
   0.461333 -0.00204225   -0.018931    0.186895
-0.00204225       0.116   0.0100743  0.00904956
  -0.018931   0.0100743       0.168   0.0079711
   0.186895  0.00904956   0.0079711    0.254667
IMAGINARY
           0  -0.00579676    0.0135045 -0.000974788
  0.00579676            0  -0.00159591   0.00834983
  -0.0135045   0.00159591            0   -0.0107595
 0.000974788  -0.00834983    0.0107595            0
EndNode2[0]<--->BSA[0]
REAL
   0.436498 -0.00712242    0.013063    0.240289
-0.00712242    0.144266   0.0186395   0.0188248
   0.013063   0.0186395    0.118372  0.00967344
   0.240289   0.0188248  0.00967344    0.300863
IMAGINARY
           0  -0.00510434 -0.000238641    0.0108338
  0.00510434            0   -0.0214439    0.0182799
 0.000238641    0.0214439            0   0.00768166
  -0.0108338   -0.0182799  -0.00768166            0
Repeater1[0]<--->EndNode1[0]
REAL
   0.461333   -0.018931 -0.00204225    0.186895
  -0.018931       0.168   0.0100743   0.0079711
-0.00204225   0.0100743       0.116  0.00904956
   0.186895   0.0079711  0.00904956    0.254667
IMAGINARY
           0    0.0135045  -0.00579676 -0.000974788
  -0.0135045            0   0.00159591   -0.0107595
  0.00579676  -0.00159591            0   0.00834983
 0.000974788    0.0107595  -0.00834983            0
Repeater1[0]<--->BSA[0]
REAL
   0.436498    0.013063 -0.00712242    0.240289
   0.013063    0.118372   0.0186395  0.00967344
-0.00712242   0.0186395    0.144266   0.0188248
   0.240289  0.00967344   0.0188248    0.300863
IMAGINARY
           0 -0.000238641  -0.00510434    0.0108338
 0.000238641            0    0.0214439   0.00768166
  0.00510434   -0.0214439            0    0.0182799
  -0.0108338  -0.00768166   -0.0182799            0
