EndNode1[0]<--->Repeater1[0]
REAL
    0.432083    0.0135898 -0.000924496      0.35007
   0.0135898    0.0996119    0.0592534   0.00156307
-0.000924496    0.0592534     0.107374  -0.00401125
     0.35007   0.00156307  -0.00401125     0.360931
IMAGINARY
           0    0.0153562  -0.00404325   0.00349849
  -0.0153562            0 -0.000438516   -0.0163649
  0.00404325  0.000438516            0   0.00250097
 -0.00349849    0.0163649  -0.00250097            0
EndNode2[0]<--->HoM1[0]
REAL
   0.406692    0.015444   0.0122865    0.337114
   0.015444   0.0888031   0.0496301   -0.011643
  0.0122865   0.0496301    0.104247 -0.00707851
   0.337114   -0.011643 -0.00707851    0.400257
IMAGINARY
           0    0.0178867   -0.0190316 -0.000529184
  -0.0178867            0   -0.0200752   -0.0103034
   0.0190316    0.0200752            0   -0.0133235
 0.000529184    0.0103034    0.0133235            0
Repeater1[0]<--->EndNode1[0]
REAL
    0.432083 -0.000924496    0.0135898      0.35007
-0.000924496     0.107374    0.0592534  -0.00401125
   0.0135898    0.0592534    0.0996119   0.00156307
     0.35007  -0.00401125   0.00156307     0.360931
IMAGINARY
           0  -0.00404325    0.0153562   0.00349849
  0.00404325            0  0.000438516   0.00250097
  -0.0153562 -0.000438516            0   -0.0163649
 -0.00349849  -0.00250097    0.0163649            0
Repeater1[0]<--->HoM1[0]
REAL
   0.406692   0.0122865    0.015444    0.337114
  0.0122865    0.104247   0.0496301 -0.00707851
   0.015444   0.0496301   0.0888031   -0.011643
   0.337114 -0.00707851   -0.011643    0.400257
IMAGINARY
           0   -0.0190316    0.0178867 -0.000529184
   0.0190316            0    0.0200752   -0.0133235
  -0.0178867   -0.0200752            0   -0.0103034
 0.000529184    0.0133235    0.0103034            0
EndNode1[0]<--->Repeater1[0]
REAL
   0.39625  0.0198018 0.00495505   0.354122
 0.0198018     0.1175  0.0414604 0.00106904
0.00495505  0.0414604        0.1 -0.0218098
  0.354122 0.00106904 -0.0218098    0.38625
IMAGINARY
          0  0.00996678  0.00472225   0.0167891
-0.00996678           0 -0.00833655 -0.00989021
-0.00472225  0.00833655           0  -0.0138427
 -0.0167891  0.00989021   0.0138427           0
EndNode2[0]<--->HoM1[0]
REAL
   0.412451   0.0239259  0.00541423    0.346307
  0.0239259   0.0726329   0.0439042 -0.00409148
 0.00541423   0.0439042     0.12192 -0.00540741
   0.346307 -0.00409148 -0.00540741    0.392996
IMAGINARY
          0 -0.00818335  0.00768368   -0.012433
 0.00818335           0   0.0246281   -0.017697
-0.00768368  -0.0246281           0   0.0128563
   0.012433    0.017697  -0.0128563           0
Repeater1[0]<--->EndNode1[0]
REAL
   0.39625 0.00495505  0.0198018   0.354122
0.00495505        0.1  0.0414604 -0.0218098
 0.0198018  0.0414604     0.1175 0.00106904
  0.354122 -0.0218098 0.00106904    0.38625
IMAGINARY
          0  0.00472225  0.00996678   0.0167891
-0.00472225           0  0.00833655  -0.0138427
-0.00996678 -0.00833655           0 -0.00989021
 -0.0167891   0.0138427  0.00989021           0
Repeater1[0]<--->HoM1[0]
REAL
   0.412451  0.00541423   0.0239259    0.346307
 0.00541423     0.12192   0.0439042 -0.00540741
  0.0239259   0.0439042   0.0726329 -0.00409148
   0.346307 -0.00540741 -0.00409148    0.392996
IMAGINARY
          0  0.00768368 -0.00818335   -0.012433
-0.00768368           0  -0.0246281   0.0128563
 0.00818335   0.0246281           0   -0.017697
   0.012433  -0.0128563    0.017697           0
EndNode1[0]<--->Repeater1[0]
REAL
   0.430052 0.000547588  0.00722923    0.344619
0.000547588   0.0777202    0.047167 -0.00918491
 0.00722923    0.047167   0.0984456  -0.0194524
   0.344619 -0.00918491  -0.0194524    0.393782
IMAGINARY
           0   0.00733162  -0.00579859    0.0155132
 -0.00733162            0   -0.0149101  -0.00885109
  0.00579859    0.0149101            0  0.000948638
  -0.0155132   0.00885109 -0.000948638            0
EndNode2[0]<--->HoM1[0]
REAL
   0.40708  0.0111226 0.00583837   0.344076
 0.0111226   0.127686   0.034138 0.00837002
0.00583837   0.034138  0.0922882  -0.010446
  0.344076 0.00837002  -0.010446   0.372946
IMAGINARY
          0 -0.00766757 -0.00450035 -0.00153853
 0.00766757           0 -0.00288624 -0.00108971
 0.00450035  0.00288624           0   0.0219533
 0.00153853  0.00108971  -0.0219533           0
Repeater1[0]<--->EndNode1[0]
REAL
   0.430052  0.00722923 0.000547588    0.344619
 0.00722923   0.0984456    0.047167  -0.0194524
0.000547588    0.047167   0.0777202 -0.00918491
   0.344619  -0.0194524 -0.00918491    0.393782
IMAGINARY
           0  -0.00579859   0.00733162    0.0155132
  0.00579859            0    0.0149101  0.000948638
 -0.00733162   -0.0149101            0  -0.00885109
  -0.0155132 -0.000948638   0.00885109            0
Repeater1[0]<--->HoM1[0]
REAL
   0.40708 0.00583837  0.0111226   0.344076
0.00583837  0.0922882   0.034138  -0.010446
 0.0111226   0.034138   0.127686 0.00837002
  0.344076  -0.010446 0.00837002   0.372946
IMAGINARY
          0 -0.00450035 -0.00766757 -0.00153853
 0.00450035           0  0.00288624   0.0219533
 0.00766757 -0.00288624           0 -0.00108971
 0.00153853  -0.0219533  0.00108971           0
EndNode1[0]<--->Repeater1[0]
REAL
   0.391304  0.00492051  0.00502282    0.341534
 0.00492051   0.0974967   0.0412889  0.00762698
 0.00502282   0.0412889    0.108037 -0.00558629
   0.341534  0.00762698 -0.00558629    0.403162
IMAGINARY
          0   0.0108559  0.00767636  -0.0101037
 -0.0108559           0  0.00878795  0.00702953
-0.00767636 -0.00878795           0 -0.00472848
  0.0101037 -0.00702953  0.00472848           0
EndNode2[0]<--->HoM1[0]
REAL
   0.399736  0.00806311 -0.00309798    0.361025
 0.00806311   0.0976253   0.0440848  -0.0017682
-0.00309798   0.0440848   0.0897098  0.00166925
   0.361025  -0.0017682  0.00166925    0.412929
IMAGINARY
          0   0.0177899 -0.00902036   0.0137232
 -0.0177899           0  -0.0190111  -0.0169359
 0.00902036   0.0190111           0   0.0190954
 -0.0137232   0.0169359  -0.0190954           0
Repeater1[0]<--->EndNode1[0]
REAL
   0.391304  0.00502282  0.00492051    0.341534
 0.00502282    0.108037   0.0412889 -0.00558629
 0.00492051   0.0412889   0.0974967  0.00762698
   0.341534 -0.00558629  0.00762698    0.403162
IMAGINARY
          0  0.00767636   0.0108559  -0.0101037
-0.00767636           0 -0.00878795 -0.00472848
 -0.0108559  0.00878795           0  0.00702953
  0.0101037  0.00472848 -0.00702953           0
Repeater1[0]<--->HoM1[0]
REAL
   0.399736 -0.00309798  0.00806311    0.361025
-0.00309798   0.0897098   0.0440848  0.00166925
 0.00806311   0.0440848   0.0976253  -0.0017682
   0.361025  0.00166925  -0.0017682    0.412929
IMAGINARY
          0 -0.00902036   0.0177899   0.0137232
 0.00902036           0   0.0190111   0.0190954
 -0.0177899  -0.0190111           0  -0.0169359
 -0.0137232  -0.0190954   0.0169359           0
EndNode1[0]<--->Repeater1[0]
REAL
   0.424364   0.0177417  0.00699198    0.354106
  0.0177417   0.0937082    0.034238  0.00343747
 0.00699198    0.034238   0.0977242 -0.00117725
   0.354106  0.00343747 -0.00117725    0.384203
IMAGINARY
          0  0.00206368   0.0051367   -0.019121
-0.00206368           0  -0.0154535   0.0153931
 -0.0051367   0.0154535           0  -0.0172955
   0.019121  -0.0153931   0.0172955           0
EndNode2[0]<--->HoM1[0]
REAL
   0.424165 -0.00153902  0.00220522    0.346438
-0.00153902   0.0835476   0.0334609 -0.00157311
 0.00220522   0.0334609   0.0771208 -0.00414998
   0.346438 -0.00157311 -0.00414998    0.415167
IMAGINARY
          0  -0.0146609   0.0021682  -0.0284373
  0.0146609           0  0.00904677   0.0207326
 -0.0021682 -0.00904677           0  -0.0120567
  0.0284373  -0.0207326   0.0120567           0
Repeater1[0]<--->EndNode1[0]
REAL
   0.424364  0.00699198   0.0177417    0.354106
 0.00699198   0.0977242    0.034238 -0.00117725
  0.0177417    0.034238   0.0937082  0.00343747
   0.354106 -0.00117725  0.00343747    0.384203
IMAGINARY
          0   0.0051367  0.00206368   -0.019121
 -0.0051367           0   0.0154535  -0.0172955
-0.00206368  -0.0154535           0   0.0153931
   0.019121   0.0172955  -0.0153931           0
Repeater1[0]<--->HoM1[0]
REAL
   0.424165  0.00220522 -0.00153902    0.346438
 0.00220522   0.0771208   0.0334609 -0.00414998
-0.00153902   0.0334609   0.0835476 -0.00157311
   0.346438 -0.00414998 -0.00157311    0.415167
IMAGINARY
          0   0.0021682  -0.0146609  -0.0284373
 -0.0021682           0 -0.00904677  -0.0120567
  0.0146609  0.00904677           0   0.0207326
  0.0284373   0.0120567  -0.0207326           0
EndNode1[0]<--->Repeater1[0]
REAL
   0.424051 -0.00877126  -0.0026738     0.36092
-0.00877126   0.0873418   0.0361389           0
 -0.0026738   0.0361389   0.0924051   0.0101082
    0.36092           0   0.0101082    0.396203
IMAGINARY
           0  0.000938673  0.000734649  -0.00570676
-0.000938673            0  -0.00310936    0.0149099
-0.000734649   0.00310936            0  0.000938673
  0.00570676   -0.0149099 -0.000938673            0
EndNode2[0]<--->HoM1[0]
REAL
   0.377721   0.0121271  -0.0148337    0.345367
  0.0121271    0.113956   0.0463531    0.033305
 -0.0148337   0.0463531   0.0934699 -0.00766853
   0.345367    0.033305 -0.00766853    0.414853
IMAGINARY
          0 -0.00635996 -0.00438047  0.00213343
 0.00635996           0   0.0127717  -0.0245961
 0.00438047  -0.0127717           0    0.021773
-0.00213343   0.0245961   -0.021773           0
Repeater1[0]<--->EndNode1[0]
REAL
   0.424051  -0.0026738 -0.00877126     0.36092
 -0.0026738   0.0924051   0.0361389   0.0101082
-0.00877126   0.0361389   0.0873418           0
    0.36092   0.0101082           0    0.396203
IMAGINARY
           0  0.000734649  0.000938673  -0.00570676
-0.000734649            0   0.00310936  0.000938673
-0.000938673  -0.00310936            0    0.0149099
  0.00570676 -0.000938673   -0.0149099            0
Repeater1[0]<--->HoM1[0]
REAL
   0.377721  -0.0148337   0.0121271    0.345367
 -0.0148337   0.0934699   0.0463531 -0.00766853
  0.0121271   0.0463531    0.113956    0.033305
   0.345367 -0.00766853    0.033305    0.414853
IMAGINARY
          0 -0.00438047 -0.00635996  0.00213343
 0.00438047           0  -0.0127717    0.021773
 0.00635996   0.0127717           0  -0.0245961
-0.00213343   -0.021773   0.0245961           0
EndNode1[0]<--->Repeater1[0]
REAL
  0.401316 0.00380673 0.00129825   0.355779
0.00380673   0.109211  0.0431984 0.00637439
0.00129825  0.0431984  0.0776316  0.0153749
  0.355779 0.00637439  0.0153749   0.411842
IMAGINARY
          0   0.0173172  0.00121172   0.0193899
 -0.0173172           0  -0.0116179  -0.0172579
-0.00121172   0.0116179           0  -0.0166754
 -0.0193899   0.0172579   0.0166754           0
EndNode2[0]<--->HoM1[0]
REAL
   0.435233 -0.00168657 -0.00629788    0.349016
-0.00168657     0.11399   0.0402872 -0.00365237
-0.00629788   0.0402872   0.0686528  -0.0070199
   0.349016 -0.00365237  -0.0070199    0.382124
IMAGINARY
          0 -0.00227964   -0.012969    0.021254
 0.00227964           0 -0.00454451    0.021313
   0.012969  0.00454451           0  0.00805628
  -0.021254   -0.021313 -0.00805628           0
Repeater1[0]<--->EndNode1[0]
REAL
  0.401316 0.00129825 0.00380673   0.355779
0.00129825  0.0776316  0.0431984  0.0153749
0.00380673  0.0431984   0.109211 0.00637439
  0.355779  0.0153749 0.00637439   0.411842
IMAGINARY
          0  0.00121172   0.0173172   0.0193899
-0.00121172           0   0.0116179  -0.0166754
 -0.0173172  -0.0116179           0  -0.0172579
 -0.0193899   0.0166754   0.0172579           0
Repeater1[0]<--->HoM1[0]
REAL
   0.435233 -0.00629788 -0.00168657    0.349016
-0.00629788   0.0686528   0.0402872  -0.0070199
-0.00168657   0.0402872     0.11399 -0.00365237
   0.349016  -0.0070199 -0.00365237    0.382124
IMAGINARY
          0   -0.012969 -0.00227964    0.021254
   0.012969           0  0.00454451  0.00805628
 0.00227964 -0.00454451           0    0.021313
  -0.021254 -0.00805628   -0.021313           0
EndNode1[0]<--->Repeater1[0]
REAL
  0.422306 0.00190978  0.0118813   0.360568
0.00190978  0.0714286  0.0486477 0.00118611
 0.0118813  0.0486477   0.093985  0.0111576
  0.360568 0.00118611  0.0111576   0.412281
IMAGINARY
          0  0.00583838  -0.0123986   -0.020013
-0.00583838           0  0.00260007  -0.0200517
  0.0123986 -0.00260007           0 -0.00252713
   0.020013   0.0200517  0.00252713           0
EndNode2[0]<--->HoM1[0]
REAL
   0.445409 -0.00757836  0.00262984     0.34513
-0.00757836   0.0942928   0.0443437   0.0039491
 0.00262984   0.0443437     0.08933   0.0115257
    0.34513   0.0039491   0.0115257    0.370968
IMAGINARY
          0  0.00557012 -0.00332317  -0.0113583
-0.00557012           0   0.0145676  -0.0104383
 0.00332317  -0.0145676           0  0.00557012
  0.0113583   0.0104383 -0.00557012           0
Repeater1[0]<--->EndNode1[0]
REAL
  0.422306  0.0118813 0.00190978   0.360568
 0.0118813   0.093985  0.0486477  0.0111576
0.00190978  0.0486477  0.0714286 0.00118611
  0.360568  0.0111576 0.00118611   0.412281
IMAGINARY
          0  -0.0123986  0.00583838   -0.020013
  0.0123986           0 -0.00260007 -0.00252713
-0.00583838  0.00260007           0  -0.0200517
   0.020013  0.00252713   0.0200517           0
Repeater1[0]<--->HoM1[0]
REAL
   0.445409  0.00262984 -0.00757836     0.34513
 0.00262984     0.08933   0.0443437   0.0115257
-0.00757836   0.0443437   0.0942928   0.0039491
    0.34513   0.0115257   0.0039491    0.370968
IMAGINARY
          0 -0.00332317  0.00557012  -0.0113583
 0.00332317           0  -0.0145676  0.00557012
-0.00557012   0.0145676           0  -0.0104383
  0.0113583 -0.00557012   0.0104383           0
EndNode1[0]<--->Repeater1[0]
REAL
    0.398148 -0.000535755    0.0102453     0.334261
-0.000535755    0.0992063    0.0289974    -0.014407
   0.0102453    0.0289974    0.0767196   -0.0024369
    0.334261    -0.014407   -0.0024369     0.425926
IMAGINARY
           0 -0.000971792    0.0165765    -0.028765
 0.000971792            0   -0.0128499   -0.0165765
  -0.0165765    0.0128499            0   0.00360337
    0.028765    0.0165765  -0.00360337            0
EndNode2[0]<--->HoM1[0]
REAL
   0.432927   0.0194786   0.0140729    0.337722
  0.0194786   0.0939024   0.0494571   0.0372091
  0.0140729   0.0494571   0.0878049 -0.00152984
   0.337722   0.0372091 -0.00152984    0.385366
IMAGINARY
           0  -0.00317909  -0.00865728   -0.0133975
  0.00317909            0   -0.0356488   0.00738177
  0.00865728    0.0356488            0 -0.000647443
   0.0133975  -0.00738177  0.000647443            0
Repeater1[0]<--->EndNode1[0]
REAL
    0.398148    0.0102453 -0.000535755     0.334261
   0.0102453    0.0767196    0.0289974   -0.0024369
-0.000535755    0.0289974    0.0992063    -0.014407
    0.334261   -0.0024369    -0.014407     0.425926
IMAGINARY
           0    0.0165765 -0.000971792    -0.028765
  -0.0165765            0    0.0128499   0.00360337
 0.000971792   -0.0128499            0   -0.0165765
    0.028765  -0.00360337    0.0165765            0
Repeater1[0]<--->HoM1[0]
REAL
   0.432927   0.0140729   0.0194786    0.337722
  0.0140729   0.0878049   0.0494571 -0.00152984
  0.0194786   0.0494571   0.0939024   0.0372091
   0.337722 -0.00152984   0.0372091    0.385366
IMAGINARY
           0  -0.00865728  -0.00317909   -0.0133975
  0.00865728            0    0.0356488 -0.000647443
  0.00317909   -0.0356488            0   0.00738177
   0.0133975  0.000647443  -0.00738177            0
EndNode1[0]<--->Repeater1[0]
REAL
   0.428215 -0.00484204 -0.00435469    0.343298
-0.00484204   0.0848939   0.0422078  -0.0206149
-0.00435469   0.0422078    0.082397  -0.0225636
   0.343298  -0.0206149  -0.0225636    0.404494
IMAGINARY
         0  0.0197556 -0.0195124  0.0118152
-0.0197556          0  0.0161848    0.01815
 0.0195124 -0.0161848          0  0.0115795
-0.0118152   -0.01815 -0.0115795          0
EndNode2[0]<--->HoM1[0]
REAL
  0.391909  0.0104915 0.00731707   0.354648
 0.0104915  0.0922882  0.0514498 0.00731707
0.00731707  0.0514498  0.0960809 -0.0165891
  0.354648 0.00731707 -0.0165891   0.419722
IMAGINARY
          0  0.00498441 -0.00442661   0.0172032
-0.00498441           0 -0.00808862  -0.0121786
 0.00442661  0.00808862           0  -0.0105195
 -0.0172032   0.0121786   0.0105195           0
Repeater1[0]<--->EndNode1[0]
REAL
   0.428215 -0.00435469 -0.00484204    0.343298
-0.00435469    0.082397   0.0422078  -0.0225636
-0.00484204   0.0422078   0.0848939  -0.0206149
   0.343298  -0.0225636  -0.0206149    0.404494
IMAGINARY
         0 -0.0195124  0.0197556  0.0118152
 0.0195124          0 -0.0161848  0.0115795
-0.0197556  0.0161848          0    0.01815
-0.0118152 -0.0115795   -0.01815          0
Repeater1[0]<--->HoM1[0]
REAL
  0.391909 0.00731707  0.0104915   0.354648
0.00731707  0.0960809  0.0514498 -0.0165891
 0.0104915  0.0514498  0.0922882 0.00731707
  0.354648 -0.0165891 0.00731707   0.419722
IMAGINARY
          0 -0.00442661  0.00498441   0.0172032
 0.00442661           0  0.00808862  -0.0105195
-0.00498441 -0.00808862           0  -0.0121786
 -0.0172032   0.0105195   0.0121786           0
EndNode1[0]<--->Repeater1[0]
REAL
   0.407731  0.00189757 -0.00192968    0.344536
 0.00189757   0.0947631   0.0412152  0.00128783
-0.00192968   0.0412152   0.0922693  0.00387907
   0.344536  0.00128783  0.00387907    0.405237
IMAGINARY
          0   0.0190125  -0.0266105 -0.00235919
 -0.0190125           0  -0.0209251   0.0132006
  0.0266105   0.0209251           0  0.00461458
 0.00235919  -0.0132006 -0.00461458           0
EndNode2[0]<--->HoM1[0]
REAL
    0.4375 0.00604737  0.0086929    0.35014
0.00604737  0.0911458  0.0532054 0.00679657
 0.0086929  0.0532054  0.0807292  0.0193554
   0.35014 0.00679657  0.0193554   0.390625
IMAGINARY
          0   -0.015572  0.00741902  -0.0208247
   0.015572           0  0.00699074 -0.00167189
-0.00741902 -0.00699074           0 -0.00677798
  0.0208247  0.00167189  0.00677798           0
Repeater1[0]<--->EndNode1[0]
REAL
   0.407731 -0.00192968  0.00189757    0.344536
-0.00192968   0.0922693   0.0412152  0.00387907
 0.00189757   0.0412152   0.0947631  0.00128783
   0.344536  0.00387907  0.00128783    0.405237
IMAGINARY
          0  -0.0266105   0.0190125 -0.00235919
  0.0266105           0   0.0209251  0.00461458
 -0.0190125  -0.0209251           0   0.0132006
 0.00235919 -0.00461458  -0.0132006           0
Repeater1[0]<--->HoM1[0]
REAL
    0.4375  0.0086929 0.00604737    0.35014
 0.0086929  0.0807292  0.0532054  0.0193554
0.00604737  0.0532054  0.0911458 0.00679657
   0.35014  0.0193554 0.00679657   0.390625
IMAGINARY
          0  0.00741902   -0.015572  -0.0208247
-0.00741902           0 -0.00699074 -0.00677798
   0.015572  0.00699074           0 -0.00167189
  0.0208247  0.00677798  0.00167189           0
EndNode1[0]<--->Repeater1[0]
REAL
   0.392857  -0.0013639  -0.0133617    0.354119
 -0.0013639    0.101852   0.0409009 -0.00884557
 -0.0133617   0.0409009   0.0939153 -0.00200084
   0.354119 -0.00884557 -0.00200084    0.411376
IMAGINARY
          0 -0.00528667    -0.01298   0.0120528
 0.00528667           0 -0.00212723 -0.00282464
    0.01298  0.00212723           0  0.00672345
 -0.0120528  0.00282464 -0.00672345           0
EndNode2[0]<--->HoM1[0]
REAL
  0.410063 0.00116652  0.0108552   0.350898
0.00116652  0.0968553  0.0498649 0.00441194
 0.0108552  0.0498649  0.0918239  0.0115561
  0.350898 0.00441194  0.0115561   0.401258
IMAGINARY
          0   0.0228116  -0.0202175  0.00297744
 -0.0228116           0  0.00498011  -0.0120823
  0.0202175 -0.00498011           0   0.0146561
-0.00297744   0.0120823  -0.0146561           0
Repeater1[0]<--->EndNode1[0]
REAL
   0.392857  -0.0133617  -0.0013639    0.354119
 -0.0133617   0.0939153   0.0409009 -0.00200084
 -0.0013639   0.0409009    0.101852 -0.00884557
   0.354119 -0.00200084 -0.00884557    0.411376
IMAGINARY
          0    -0.01298 -0.00528667   0.0120528
    0.01298           0  0.00212723  0.00672345
 0.00528667 -0.00212723           0 -0.00282464
 -0.0120528 -0.00672345  0.00282464           0
Repeater1[0]<--->HoM1[0]
REAL
  0.410063  0.0108552 0.00116652   0.350898
 0.0108552  0.0918239  0.0498649  0.0115561
0.00116652  0.0498649  0.0968553 0.00441194
  0.350898  0.0115561 0.00441194   0.401258
IMAGINARY
          0  -0.0202175   0.0228116  0.00297744
  0.0202175           0 -0.00498011   0.0146561
 -0.0228116  0.00498011           0  -0.0120823
-0.00297744  -0.0146561   0.0120823           0
EndNode1[0]<--->Repeater1[0]
REAL
    0.46952  -0.0129636  -0.0302257    0.382042
 -0.0129636   0.0402075    0.023086  0.00843083
 -0.0302257    0.023086   0.0505837 -0.00883132
   0.382042  0.00843083 -0.00883132    0.439689
IMAGINARY
          0 -0.00348279   0.0108501  0.00535082
 0.00348279           0  -0.0105727  -0.0242492
 -0.0108501   0.0105727           0   0.0140611
-0.00535082   0.0242492  -0.0140611           0
EndNode2[0]<--->HoM1[0]
REAL
   0.445479 -7.6331e-05  0.00419353    0.408873
-7.6331e-05   0.0545213   0.0220312   0.0221884
 0.00419353   0.0220312   0.0518617   0.0201768
   0.408873   0.0221884   0.0201768    0.448138
IMAGINARY
          0  0.00262125 -0.00539732  0.00759674
-0.00262125           0  -0.0212864  0.00934469
 0.00539732   0.0212864           0 -0.00130546
-0.00759674 -0.00934469  0.00130546           0
Repeater1[0]<--->EndNode1[0]
REAL
    0.46952  -0.0302257  -0.0129636    0.382042
 -0.0302257   0.0505837    0.023086 -0.00883132
 -0.0129636    0.023086   0.0402075  0.00843083
   0.382042 -0.00883132  0.00843083    0.439689
IMAGINARY
          0   0.0108501 -0.00348279  0.00535082
 -0.0108501           0   0.0105727   0.0140611
 0.00348279  -0.0105727           0  -0.0242492
-0.00535082  -0.0140611   0.0242492           0
Repeater1[0]<--->HoM1[0]
REAL
   0.445479  0.00419353 -7.6331e-05    0.408873
 0.00419353   0.0518617   0.0220312   0.0201768
-7.6331e-05   0.0220312   0.0545213   0.0221884
   0.408873   0.0201768   0.0221884    0.448138
IMAGINARY
          0 -0.00539732  0.00262125  0.00759674
 0.00539732           0   0.0212864 -0.00130546
-0.00262125  -0.0212864           0  0.00934469
-0.00759674  0.00130546 -0.00934469           0
EndNode1[0]<--->Repeater1[0]
REAL
     0.415 -0.0229058 -0.0226367   0.354671
-0.0229058     0.0975   0.044544 0.00169425
-0.0226367   0.044544     0.0975 0.00589005
  0.354671 0.00169425 0.00589005       0.39
IMAGINARY
          0 -0.00627476 -0.00975818  -0.0120827
 0.00627476           0  0.00338122 -0.00782269
 0.00975818 -0.00338122           0 -0.00568023
  0.0120827  0.00782269  0.00568023           0
EndNode2[0]<--->HoM1[0]
REAL
     0.38342    0.0100001    0.0127549     0.336293
   0.0100001    0.0984456    0.0402661    0.0159234
   0.0127549    0.0402661    0.0984456 -2.50002e-05
    0.336293    0.0159234 -2.50002e-05     0.419689
IMAGINARY
           0    0.0140531   -0.0132663  1.46096e-05
  -0.0140531            0   0.00270278   0.00465705
   0.0132663  -0.00270278            0  -0.00544379
-1.46096e-05  -0.00465705   0.00544379            0
Repeater1[0]<--->EndNode1[0]
REAL
     0.415 -0.0226367 -0.0229058   0.354671
-0.0226367     0.0975   0.044544 0.00589005
-0.0229058   0.044544     0.0975 0.00169425
  0.354671 0.00589005 0.00169425       0.39
IMAGINARY
          0 -0.00975818 -0.00627476  -0.0120827
 0.00975818           0 -0.00338122 -0.00568023
 0.00627476  0.00338122           0 -0.00782269
  0.0120827  0.00568023  0.00782269           0
Repeater1[0]<--->HoM1[0]
REAL
     0.38342    0.0127549    0.0100001     0.336293
   0.0127549    0.0984456    0.0402661 -2.50002e-05
   0.0100001    0.0402661    0.0984456    0.0159234
    0.336293 -2.50002e-05    0.0159234     0.419689
IMAGINARY
           0   -0.0132663    0.0140531  1.46096e-05
   0.0132663            0  -0.00270278  -0.00544379
  -0.0140531   0.00270278            0   0.00465705
-1.46096e-05   0.00544379  -0.00465705            0
EndNode1[0]<--->Repeater1[0]
REAL
   0.421508 -0.00960003 -0.00592164    0.355356
-0.00960003    0.103832   0.0398347 -0.00455924
-0.00592164   0.0398347   0.0889988  0.00281827
   0.355356 -0.00455924  0.00281827    0.385661
IMAGINARY
          0  -0.0097579  0.00258857  -0.0143808
  0.0097579           0   0.0100757 -0.00894989
-0.00258857  -0.0100757           0  0.00721338
  0.0143808  0.00894989 -0.00721338           0
EndNode2[0]<--->HoM1[0]
REAL
   0.444887 -0.00277468 -0.00671931    0.356672
-0.00277468   0.0849934   0.0475116  -0.0168974
-0.00671931   0.0475116   0.0796813  -0.0113954
   0.356672  -0.0168974  -0.0113954    0.390438
IMAGINARY
          0  0.00663607  0.00623509  0.00165614
-0.00663607           0   0.0100868  -0.0138687
-0.00623509  -0.0100868           0   0.0111756
-0.00165614   0.0138687  -0.0111756           0
Repeater1[0]<--->EndNode1[0]
REAL
   0.421508 -0.00592164 -0.00960003    0.355356
-0.00592164   0.0889988   0.0398347  0.00281827
-0.00960003   0.0398347    0.103832 -0.00455924
   0.355356  0.00281827 -0.00455924    0.385661
IMAGINARY
          0  0.00258857  -0.0097579  -0.0143808
-0.00258857           0  -0.0100757  0.00721338
  0.0097579   0.0100757           0 -0.00894989
  0.0143808 -0.00721338  0.00894989           0
Repeater1[0]<--->HoM1[0]
REAL
   0.444887 -0.00671931 -0.00277468    0.356672
-0.00671931   0.0796813   0.0475116  -0.0113954
-0.00277468   0.0475116   0.0849934  -0.0168974
   0.356672  -0.0113954  -0.0168974    0.390438
IMAGINARY
          0  0.00623509  0.00663607  0.00165614
-0.00623509           0  -0.0100868   0.0111756
-0.00663607   0.0100868           0  -0.0138687
-0.00165614  -0.0111756   0.0138687           0
EndNode1[0]<--->Repeater1[0]
REAL
   0.390213  0.00347315 -0.00651523    0.364794
 0.00347315   0.0878294   0.0468523 0.000491137
-0.00651523   0.0468523   0.0941029 -0.00146512
   0.364794 0.000491137 -0.00146512    0.427854
IMAGINARY
           0   0.00226743    0.0151201   0.00128189
 -0.00226743            0   0.00583325    0.0086266
  -0.0151201  -0.00583325            0  0.000371094
 -0.00128189   -0.0086266 -0.000371094            0
EndNode2[0]<--->HoM1[0]
REAL
  0.434457 0.00319383  0.0123598   0.346612
0.00319383  0.0811486  0.0444139 -0.0110777
 0.0123598  0.0444139  0.0886392 0.00193438
  0.346612 -0.0110777 0.00193438   0.395755
IMAGINARY
          0 -0.00123162  0.00392218  -0.0149023
 0.00123162           0 -0.00970752   0.0111877
-0.00392218  0.00970752           0 -0.00838377
  0.0149023  -0.0111877  0.00838377           0
Repeater1[0]<--->EndNode1[0]
REAL
   0.390213 -0.00651523  0.00347315    0.364794
-0.00651523   0.0941029   0.0468523 -0.00146512
 0.00347315   0.0468523   0.0878294 0.000491137
   0.364794 -0.00146512 0.000491137    0.427854
IMAGINARY
           0    0.0151201   0.00226743   0.00128189
  -0.0151201            0  -0.00583325  0.000371094
 -0.00226743   0.00583325            0    0.0086266
 -0.00128189 -0.000371094   -0.0086266            0
Repeater1[0]<--->HoM1[0]
REAL
  0.434457  0.0123598 0.00319383   0.346612
 0.0123598  0.0886392  0.0444139 0.00193438
0.00319383  0.0444139  0.0811486 -0.0110777
  0.346612 0.00193438 -0.0110777   0.395755
IMAGINARY
          0  0.00392218 -0.00123162  -0.0149023
-0.00392218           0  0.00970752 -0.00838377
 0.00123162 -0.00970752           0   0.0111877
  0.0149023  0.00838377  -0.0111877           0
EndNode1[0]<--->Repeater1[0]
REAL
  0.385638  -0.011767 -0.0188499   0.340855
 -0.011767  0.0944149  0.0416422 -0.0111378
-0.0188499  0.0416422   0.081117 -0.0255647
  0.340855 -0.0111378 -0.0255647    0.43883
IMAGINARY
           0   0.00812762    0.0100108  0.000311988
 -0.00812762            0   0.00986613   0.00573726
  -0.0100108  -0.00986613            0  -0.00943995
-0.000311988  -0.00573726   0.00943995            0
EndNode2[0]<--->HoM1[0]
REAL
   0.398196 0.000348698  0.00222124    0.353421
0.000348698    0.114691   0.0385042 0.000884346
 0.00222124   0.0385042   0.0876289 -0.00842323
   0.353421 0.000884346 -0.00842323    0.399485
IMAGINARY
          0 -0.00462828  0.00287307 -0.00666007
 0.00462828           0   0.0271062  -0.0139228
-0.00287307  -0.0271062           0   0.0129156
 0.00666007   0.0139228  -0.0129156           0
Repeater1[0]<--->EndNode1[0]
REAL
  0.385638 -0.0188499  -0.011767   0.340855
-0.0188499   0.081117  0.0416422 -0.0255647
 -0.011767  0.0416422  0.0944149 -0.0111378
  0.340855 -0.0255647 -0.0111378    0.43883
IMAGINARY
           0    0.0100108   0.00812762  0.000311988
  -0.0100108            0  -0.00986613  -0.00943995
 -0.00812762   0.00986613            0   0.00573726
-0.000311988   0.00943995  -0.00573726            0
Repeater1[0]<--->HoM1[0]
REAL
   0.398196  0.00222124 0.000348698    0.353421
 0.00222124   0.0876289   0.0385042 -0.00842323
0.000348698   0.0385042    0.114691 0.000884346
   0.353421 -0.00842323 0.000884346    0.399485
IMAGINARY
          0  0.00287307 -0.00462828 -0.00666007
-0.00287307           0  -0.0271062   0.0129156
 0.00462828   0.0271062           0  -0.0139228
 0.00666007  -0.0129156   0.0139228           0
EndNode1[0]<--->Repeater1[0]
REAL
    0.412399 -6.30631e-05  -0.00154023     0.352894
-6.30631e-05    0.0929919    0.0497727    0.0042069
 -0.00154023    0.0497727    0.0876011    0.0093964
    0.352894    0.0042069    0.0093964     0.407008
IMAGINARY
           0   0.00621951  -0.00587201   -0.0243646
 -0.00621951            0   0.00279593 -0.000730626
  0.00587201  -0.00279593            0  -0.00441879
   0.0243646  0.000730626   0.00441879            0
EndNode2[0]<--->HoM1[0]
REAL
  0.419924 -0.0144688 0.00305901   0.327925
-0.0144688  0.0958386  0.0585015 -0.0432252
0.00305901  0.0585015  0.0882724 -0.0256974
  0.327925 -0.0432252 -0.0256974   0.395965
IMAGINARY
           0  0.000797448  -0.00966361   -0.0152315
-0.000797448            0    -0.032606   -0.0166522
  0.00966361     0.032606            0   0.00797448
   0.0152315    0.0166522  -0.00797448            0
Repeater1[0]<--->EndNode1[0]
REAL
    0.412399  -0.00154023 -6.30631e-05     0.352894
 -0.00154023    0.0876011    0.0497727    0.0093964
-6.30631e-05    0.0497727    0.0929919    0.0042069
    0.352894    0.0093964    0.0042069     0.407008
IMAGINARY
           0  -0.00587201   0.00621951   -0.0243646
  0.00587201            0  -0.00279593  -0.00441879
 -0.00621951   0.00279593            0 -0.000730626
   0.0243646   0.00441879  0.000730626            0
Repeater1[0]<--->HoM1[0]
REAL
  0.419924 0.00305901 -0.0144688   0.327925
0.00305901  0.0882724  0.0585015 -0.0256974
-0.0144688  0.0585015  0.0958386 -0.0432252
  0.327925 -0.0256974 -0.0432252   0.395965
IMAGINARY
           0  -0.00966361  0.000797448   -0.0152315
  0.00966361            0     0.032606   0.00797448
-0.000797448    -0.032606            0   -0.0166522
   0.0152315  -0.00797448    0.0166522            0
EndNode1[0]<--->Repeater1[0]
REAL
   0.419312 -0.00821835 -0.00414565    0.358494
-0.00821835   0.0912698   0.0398542 -0.00919615
-0.00414565   0.0398542   0.0992063  0.00250044
   0.358494 -0.00919615  0.00250044    0.390212
IMAGINARY
           0    0.0144437  -0.00975793 -0.000569606
  -0.0144437            0   -0.0157211  -0.00535542
  0.00975793    0.0157211            0  0.000669623
 0.000569606   0.00535542 -0.000669623            0
EndNode2[0]<--->HoM1[0]
REAL
   0.443362   0.0120242 -0.00365206    0.350405
  0.0120242   0.0974421   0.0463339  0.00365206
-0.00365206   0.0463339    0.101096 -0.00658941
   0.350405  0.00365206 -0.00658941      0.3581
IMAGINARY
           0  -0.00100675    -0.014848 -0.000768065
  0.00100675            0   -0.0116082    0.0135758
    0.014848    0.0116082            0  -0.00535457
 0.000768065   -0.0135758   0.00535457            0
Repeater1[0]<--->EndNode1[0]
REAL
   0.419312 -0.00414565 -0.00821835    0.358494
-0.00414565   0.0992063   0.0398542  0.00250044
-0.00821835   0.0398542   0.0912698 -0.00919615
   0.358494  0.00250044 -0.00919615    0.390212
IMAGINARY
           0  -0.00975793    0.0144437 -0.000569606
  0.00975793            0    0.0157211  0.000669623
  -0.0144437   -0.0157211            0  -0.00535542
 0.000569606 -0.000669623   0.00535542            0
Repeater1[0]<--->HoM1[0]
REAL
   0.443362 -0.00365206   0.0120242    0.350405
-0.00365206    0.101096   0.0463339 -0.00658941
  0.0120242   0.0463339   0.0974421  0.00365206
   0.350405 -0.00658941  0.00365206      0.3581
IMAGINARY
           0    -0.014848  -0.00100675 -0.000768065
    0.014848            0    0.0116082  -0.00535457
  0.00100675   -0.0116082            0    0.0135758
 0.000768065   0.00535457   -0.0135758            0
EndNode1[0]<--->Repeater1[0]
REAL
   0.387261  0.00907403   0.0134979    0.350321
 0.00907403    0.105732   0.0375661 0.000677372
  0.0134979   0.0375661   0.0980892  -0.0116514
   0.350321 0.000677372  -0.0116514    0.408917
IMAGINARY
          0 -0.00524435  0.00276356 -0.00313431
 0.00524435           0 -0.00561569  -0.0142968
-0.00276356  0.00561569           0  -0.0103594
 0.00313431   0.0142968   0.0103594           0
EndNode2[0]<--->HoM1[0]
REAL
   0.392718   0.0105505   0.0059656    0.344386
  0.0105505    0.102731   0.0515013 -0.00853629
  0.0059656   0.0515013   0.0858257  0.00615902
   0.344386 -0.00853629  0.00615902    0.418726
IMAGINARY
           0   -0.0144569    0.0025413   0.00438078
   0.0144569            0   -0.0142362 -0.000635324
  -0.0025413    0.0142362            0   0.00873898
 -0.00438078  0.000635324  -0.00873898            0
Repeater1[0]<--->EndNode1[0]
REAL
   0.387261   0.0134979  0.00907403    0.350321
  0.0134979   0.0980892   0.0375661  -0.0116514
 0.00907403   0.0375661    0.105732 0.000677372
   0.350321  -0.0116514 0.000677372    0.408917
IMAGINARY
          0  0.00276356 -0.00524435 -0.00313431
-0.00276356           0  0.00561569  -0.0103594
 0.00524435 -0.00561569           0  -0.0142968
 0.00313431   0.0103594   0.0142968           0
Repeater1[0]<--->HoM1[0]
REAL
   0.392718   0.0059656   0.0105505    0.344386
  0.0059656   0.0858257   0.0515013  0.00615902
  0.0105505   0.0515013    0.102731 -0.00853629
   0.344386  0.00615902 -0.00853629    0.418726
IMAGINARY
           0    0.0025413   -0.0144569   0.00438078
  -0.0025413            0    0.0142362   0.00873898
   0.0144569   -0.0142362            0 -0.000635324
 -0.00438078  -0.00873898  0.000635324            0
EndNode1[0]<--->Repeater1[0]
REAL
   0.409032   0.0129383   0.0112977    0.340243
  0.0129383    0.104516   0.0532927 -0.00305939
  0.0112977   0.0532927   0.0851613  -0.0148395
   0.340243 -0.00305939  -0.0148395     0.40129
IMAGINARY
          0 -0.00750749   0.0241493  -0.0162883
 0.00750749           0  -0.0117605 -0.00617327
 -0.0241493   0.0117605           0  -0.0157948
  0.0162883  0.00617327   0.0157948           0
EndNode2[0]<--->HoM1[0]
REAL
  0.394207 -0.0232119 -0.0203003   0.346147
-0.0232119  0.0881612  0.0473593  0.0125081
-0.0203003  0.0473593   0.100756 -0.0157492
  0.346147  0.0125081 -0.0157492   0.416877
IMAGINARY
          0  0.00942344 -0.00653007 -0.00121432
-0.00942344           0  0.00400761 -0.00134872
 0.00653007 -0.00400761           0   0.0226978
 0.00121432  0.00134872  -0.0226978           0
Repeater1[0]<--->EndNode1[0]
REAL
   0.409032   0.0112977   0.0129383    0.340243
  0.0112977   0.0851613   0.0532927  -0.0148395
  0.0129383   0.0532927    0.104516 -0.00305939
   0.340243  -0.0148395 -0.00305939     0.40129
IMAGINARY
          0   0.0241493 -0.00750749  -0.0162883
 -0.0241493           0   0.0117605  -0.0157948
 0.00750749  -0.0117605           0 -0.00617327
  0.0162883   0.0157948  0.00617327           0
Repeater1[0]<--->HoM1[0]
REAL
  0.394207 -0.0203003 -0.0232119   0.346147
-0.0203003   0.100756  0.0473593 -0.0157492
-0.0232119  0.0473593  0.0881612  0.0125081
  0.346147 -0.0157492  0.0125081   0.416877
IMAGINARY
          0 -0.00653007  0.00942344 -0.00121432
 0.00653007           0 -0.00400761   0.0226978
-0.00942344  0.00400761           0 -0.00134872
 0.00121432  -0.0226978  0.00134872           0
EndNode1[0]<--->Repeater1[0]
REAL
   0.416562 -0.00370373  0.00895491    0.337401
-0.00370373    0.111669   0.0620766   0.0197657
 0.00895491   0.0620766   0.0715182   0.0311189
   0.337401   0.0197657   0.0311189    0.400251
IMAGINARY
           0   0.00377287   -0.0133478   0.00476818
 -0.00377287            0   0.00413767  -0.00223665
   0.0133478  -0.00413767            0  0.000123234
 -0.00476818   0.00223665 -0.000123234            0
EndNode2[0]<--->HoM1[0]
REAL
    0.38482 -0.00332672   0.0130204      0.3478
-0.00332672    0.109188   0.0464671   0.0194637
  0.0130204   0.0464671    0.113182   0.0090592
     0.3478   0.0194637   0.0090592     0.39281
IMAGINARY
          0  0.00243763  -0.0202469   0.0205875
-0.00243763           0    0.014766  -0.0170864
  0.0202469   -0.014766           0    0.020229
 -0.0205875   0.0170864   -0.020229           0
Repeater1[0]<--->EndNode1[0]
REAL
   0.416562  0.00895491 -0.00370373    0.337401
 0.00895491   0.0715182   0.0620766   0.0311189
-0.00370373   0.0620766    0.111669   0.0197657
   0.337401   0.0311189   0.0197657    0.400251
IMAGINARY
           0   -0.0133478   0.00377287   0.00476818
   0.0133478            0  -0.00413767  0.000123234
 -0.00377287   0.00413767            0  -0.00223665
 -0.00476818 -0.000123234   0.00223665            0
Repeater1[0]<--->HoM1[0]
REAL
    0.38482   0.0130204 -0.00332672      0.3478
  0.0130204    0.113182   0.0464671   0.0090592
-0.00332672   0.0464671    0.109188   0.0194637
     0.3478   0.0090592   0.0194637     0.39281
IMAGINARY
          0  -0.0202469  0.00243763   0.0205875
  0.0202469           0   -0.014766    0.020229
-0.00243763    0.014766           0  -0.0170864
 -0.0205875   -0.020229   0.0170864           0
EndNode1[0]<--->Repeater1[0]
REAL
   0.421053 -0.00613313   0.0184062    0.331441
-0.00613313   0.0789474   0.0363381  -0.0139132
  0.0184062   0.0363381   0.0881579  -0.0034946
   0.331441  -0.0139132  -0.0034946    0.411842
IMAGINARY
          0  0.00411159  -0.0091427  0.00874377
-0.00411159           0  0.00632831   0.0026994
  0.0091427 -0.00632831           0 -0.00668891
-0.00874377  -0.0026994  0.00668891           0
EndNode2[0]<--->HoM1[0]
REAL
  0.439024 -0.0107574 0.00800723   0.360496
-0.0107574  0.0758808  0.0526582 -0.0175858
0.00800723  0.0526582   0.111111  0.0011789
  0.360496 -0.0175858  0.0011789   0.373984
IMAGINARY
          0   0.0152791  -0.0157509 -0.00870597
 -0.0152791           0  0.00107238  0.00753343
  0.0157509 -0.00107238           0 -0.00959005
 0.00870597 -0.00753343  0.00959005           0
Repeater1[0]<--->EndNode1[0]
REAL
   0.421053   0.0184062 -0.00613313    0.331441
  0.0184062   0.0881579   0.0363381  -0.0034946
-0.00613313   0.0363381   0.0789474  -0.0139132
   0.331441  -0.0034946  -0.0139132    0.411842
IMAGINARY
          0  -0.0091427  0.00411159  0.00874377
  0.0091427           0 -0.00632831 -0.00668891
-0.00411159  0.00632831           0   0.0026994
-0.00874377  0.00668891  -0.0026994           0
Repeater1[0]<--->HoM1[0]
REAL
  0.439024 0.00800723 -0.0107574   0.360496
0.00800723   0.111111  0.0526582  0.0011789
-0.0107574  0.0526582  0.0758808 -0.0175858
  0.360496  0.0011789 -0.0175858   0.373984
IMAGINARY
          0  -0.0157509   0.0152791 -0.00870597
  0.0157509           0 -0.00107238 -0.00959005
 -0.0152791  0.00107238           0  0.00753343
 0.00870597  0.00959005 -0.00753343           0
EndNode1[0]<--->Repeater1[0]
REAL
   0.413669  -0.0141705  -0.0165054    0.345317
 -0.0141705   0.0911271   0.0394511 -0.00269989
 -0.0165054   0.0394511    0.109113 -0.00371027
   0.345317 -0.00269989 -0.00371027    0.386091
IMAGINARY
          0 -0.00563394    0.014406 -0.00543423
 0.00563394           0   0.0105756  -0.0046295
  -0.014406  -0.0105756           0  0.00284064
 0.00543423   0.0046295 -0.00284064           0
EndNode2[0]<--->HoM1[0]
REAL
   0.372716   0.0164915   0.0163762    0.347669
  0.0164915    0.105968   0.0305798   0.0157716
  0.0163762   0.0305798   0.0962241 0.000608381
   0.347669   0.0157716 0.000608381    0.425091
IMAGINARY
