EndNode1[0]<--->Repeater1[0]
REAL
   0.453457  -0.0116255   0.0058905    0.128427
 -0.0116255     0.12234  -0.0019826 -0.00396495
  0.0058905  -0.0019826    0.154255  0.00713257
   0.128427 -0.00396495  0.00713257    0.269947
IMAGINARY
          0  -0.0062661 -0.00248198  -0.0191015
  0.0062661           0  -0.0116388  -0.0179859
 0.00248198   0.0116388           0 -0.00367542
  0.0191015   0.0179859  0.00367542           0
EndNode2[0]<--->BSA[0]
REAL
  0.407779 -0.0118037 -0.0137662   0.216399
-0.0118037   0.139272 0.00604485  0.0197423
-0.0137662 0.00604485   0.121706  0.0164518
  0.216399  0.0197423  0.0164518   0.331242
IMAGINARY
          0   0.0118823 -0.00274061   0.0077855
 -0.0118823           0 -0.00713019  -0.0110209
 0.00274061  0.00713019           0   0.0162959
 -0.0077855   0.0110209  -0.0162959           0
Repeater1[0]<--->EndNode1[0]
REAL
   0.453457   0.0058905  -0.0116255    0.128427
  0.0058905    0.154255  -0.0019826  0.00713257
 -0.0116255  -0.0019826     0.12234 -0.00396495
   0.128427  0.00713257 -0.00396495    0.269947
IMAGINARY
          0 -0.00248198  -0.0062661  -0.0191015
 0.00248198           0   0.0116388 -0.00367542
  0.0062661  -0.0116388           0  -0.0179859
  0.0191015  0.00367542   0.0179859           0
Repeater1[0]<--->BSA[0]
REAL
  0.407779 -0.0137662 -0.0118037   0.216399
-0.0137662   0.121706 0.00604485  0.0164518
-0.0118037 0.00604485   0.139272  0.0197423
  0.216399  0.0164518  0.0197423   0.331242
IMAGINARY
          0 -0.00274061   0.0118823   0.0077855
 0.00274061           0  0.00713019   0.0162959
 -0.0118823 -0.00713019           0  -0.0110209
 -0.0077855  -0.0162959   0.0110209           0
EndNode1[0]<--->Repeater1[0]
REAL
   0.497487   0.0157226   0.0058239    0.130428
  0.0157226     0.13191    0.021572  -0.0111572
  0.0058239    0.021572    0.136935 -0.00105593
   0.130428  -0.0111572 -0.00105593    0.233668
IMAGINARY
          0  0.00825361 -0.00809339   0.0119899
-0.00825361           0   0.0178114   0.0185485
 0.00809339  -0.0178114           0  -0.0113286
 -0.0119899  -0.0185485   0.0113286           0
EndNode2[0]<--->BSA[0]
REAL
    0.44542  -0.0030834 -0.00255219    0.202524
 -0.0030834    0.161857 -0.00628785  -0.0135768
-0.00255219 -0.00628785    0.097867  0.00845974
   0.202524  -0.0135768  0.00845974    0.294856
IMAGINARY
          0    0.011847  -0.0153257    -0.01133
  -0.011847           0 -0.00437679     0.01341
  0.0153257  0.00437679           0   0.0105029
    0.01133    -0.01341  -0.0105029           0
Repeater1[0]<--->EndNode1[0]
REAL
   0.497487   0.0058239   0.0157226    0.130428
  0.0058239    0.136935    0.021572 -0.00105593
  0.0157226    0.021572     0.13191  -0.0111572
   0.130428 -0.00105593  -0.0111572    0.233668
IMAGINARY
          0 -0.00809339  0.00825361   0.0119899
 0.00809339           0  -0.0178114  -0.0113286
-0.00825361   0.0178114           0   0.0185485
 -0.0119899   0.0113286  -0.0185485           0
Repeater1[0]<--->BSA[0]
REAL
    0.44542 -0.00255219  -0.0030834    0.202524
-0.00255219    0.097867 -0.00628785  0.00845974
 -0.0030834 -0.00628785    0.161857  -0.0135768
   0.202524  0.00845974  -0.0135768    0.294856
IMAGINARY
          0  -0.0153257    0.011847    -0.01133
  0.0153257           0  0.00437679   0.0105029
  -0.011847 -0.00437679           0     0.01341
    0.01133  -0.0105029    -0.01341           0
EndNode1[0]<--->Repeater1[0]
REAL
    0.47198 -0.00971078  -0.0103807    0.155861
-0.00971078    0.124533  0.00308344  0.00716318
 -0.0103807  0.00308344    0.129514   0.0129283
   0.155861  0.00716318   0.0129283    0.273973
IMAGINARY
           0  0.000786479 -5.96012e-05    0.0169834
-0.000786479            0    0.0149315   0.00839293
 5.96012e-05   -0.0149315            0    0.0019913
  -0.0169834  -0.00839293   -0.0019913            0
EndNode2[0]<--->BSA[0]
REAL
   0.462687  -0.0202656 -0.00361979    0.189809
 -0.0202656    0.118046    0.011774  -0.0176957
-0.00361979    0.011774    0.108548  -0.0241923
   0.189809  -0.0176957  -0.0241923    0.310719
IMAGINARY
          0 -0.00443383  -0.0108821   0.0148169
 0.00443383           0   0.0230522 -0.00753537
  0.0108821  -0.0230522           0 -0.00443383
 -0.0148169  0.00753537  0.00443383           0
Repeater1[0]<--->EndNode1[0]
REAL
    0.47198  -0.0103807 -0.00971078    0.155861
 -0.0103807    0.129514  0.00308344   0.0129283
-0.00971078  0.00308344    0.124533  0.00716318
   0.155861   0.0129283  0.00716318    0.273973
IMAGINARY
           0 -5.96012e-05  0.000786479    0.0169834
 5.96012e-05            0   -0.0149315    0.0019913
-0.000786479    0.0149315            0   0.00839293
  -0.0169834   -0.0019913  -0.00839293            0
Repeater1[0]<--->BSA[0]
REAL
   0.462687 -0.00361979  -0.0202656    0.189809
-0.00361979    0.108548    0.011774  -0.0241923
 -0.0202656    0.011774    0.118046  -0.0176957
   0.189809  -0.0241923  -0.0176957    0.310719
IMAGINARY
          0  -0.0108821 -0.00443383   0.0148169
  0.0108821           0  -0.0230522 -0.00443383
 0.00443383   0.0230522           0 -0.00753537
 -0.0148169  0.00443383  0.00753537           0
EndNode1[0]<--->Repeater1[0]
REAL
    0.493151   -0.0073514  7.08426e-05     0.139873
  -0.0073514     0.139477    0.0315183  -0.00909146
 7.08426e-05    0.0315183     0.117061 -0.000380555
    0.139873  -0.00909146 -0.000380555     0.250311
IMAGINARY
           0 -0.000381667   0.00924703   -0.0130934
 0.000381667            0  -0.00149546  -0.00663607
 -0.00924703   0.00149546            0  -0.00484027
   0.0130934   0.00663607   0.00484027            0
EndNode2[0]<--->BSA[0]
REAL
   0.467213 -0.00304404   -0.020657    0.180833
-0.00304404    0.112022   0.0137542   0.0193684
  -0.020657   0.0137542    0.122951 -0.00984256
   0.180833   0.0193684 -0.00984256    0.297814
IMAGINARY
           0   0.00246601   0.00523768   0.00513075
 -0.00246601            0  0.000660759 -0.000287183
 -0.00523768 -0.000660759            0   0.00619735
 -0.00513075  0.000287183  -0.00619735            0
Repeater1[0]<--->EndNode1[0]
REAL
    0.493151  7.08426e-05   -0.0073514     0.139873
 7.08426e-05     0.117061    0.0315183 -0.000380555
  -0.0073514    0.0315183     0.139477  -0.00909146
    0.139873 -0.000380555  -0.00909146     0.250311
IMAGINARY
           0   0.00924703 -0.000381667   -0.0130934
 -0.00924703            0   0.00149546  -0.00484027
 0.000381667  -0.00149546            0  -0.00663607
   0.0130934   0.00484027   0.00663607            0
Repeater1[0]<--->BSA[0]
REAL
   0.467213   -0.020657 -0.00304404    0.180833
  -0.020657    0.122951   0.0137542 -0.00984256
-0.00304404   0.0137542    0.112022   0.0193684
   0.180833 -0.00984256   0.0193684    0.297814
IMAGINARY
           0   0.00523768   0.00246601   0.00513075
 -0.00523768            0 -0.000660759   0.00619735
 -0.00246601  0.000660759            0 -0.000287183
 -0.00513075  -0.00619735  0.000287183            0
EndNode1[0]<--->Repeater1[0]
REAL
   0.450063 -0.00914073  -0.0302215    0.136526
-0.00914073    0.128951 -0.00925366  -0.0165318
 -0.0302215 -0.00925366    0.159292  -0.0155346
   0.136526  -0.0165318  -0.0155346    0.261694
IMAGINARY
          0    0.009773  0.00340288   0.0174238
  -0.009773           0  -0.0129193 -0.00596042
-0.00340288   0.0129193           0  -0.0187244
 -0.0174238  0.00596042   0.0187244           0
EndNode2[0]<--->BSA[0]
REAL
   0.447059   0.0067427 -0.00638129    0.169964
  0.0067427    0.117647   0.0254085 -0.00133079
-0.00638129   0.0254085    0.115033   0.0151082
   0.169964 -0.00133079   0.0151082    0.320261
IMAGINARY
          0 -0.00424621 -0.00246164 -0.00806573
 0.00424621           0  0.00868685   0.0130999
 0.00246164 -0.00868685           0  -0.0113984
 0.00806573  -0.0130999   0.0113984           0
Repeater1[0]<--->EndNode1[0]
REAL
   0.450063  -0.0302215 -0.00914073    0.136526
 -0.0302215    0.159292 -0.00925366  -0.0155346
-0.00914073 -0.00925366    0.128951  -0.0165318
   0.136526  -0.0155346  -0.0165318    0.261694
IMAGINARY
          0  0.00340288    0.009773   0.0174238
-0.00340288           0   0.0129193  -0.0187244
  -0.009773  -0.0129193           0 -0.00596042
 -0.0174238   0.0187244  0.00596042           0
Repeater1[0]<--->BSA[0]
REAL
   0.447059 -0.00638129   0.0067427    0.169964
-0.00638129    0.115033   0.0254085   0.0151082
  0.0067427   0.0254085    0.117647 -0.00133079
   0.169964   0.0151082 -0.00133079    0.320261
IMAGINARY
          0 -0.00246164 -0.00424621 -0.00806573
 0.00246164           0 -0.00868685  -0.0113984
 0.00424621  0.00868685           0   0.0130999
 0.00806573   0.0113984  -0.0130999           0
