EndNode1[0]<--->Repeater1[0]
REAL
   0.479524   0.0280204  0.00103311     0.12329
  0.0280204    0.108322   0.0278415   0.0182745
 0.00103311   0.0278415    0.173052 -0.00338661
    0.12329   0.0182745 -0.00338661    0.239102
IMAGINARY
          0   0.0030611  0.00437405  0.00935162
 -0.0030611           0  0.00935162   0.0177498
-0.00437405 -0.00935162           0   0.0102132
-0.00935162  -0.0177498  -0.0102132           0
EndNode2[0]<--->BSA[0]
REAL
   0.451823  -0.0146669  0.00881374    0.171416
 -0.0146669    0.134115  0.00474957 -0.00104172
 0.00881374  0.00474957   0.0963542  -0.0216026
   0.171416 -0.00104172  -0.0216026    0.317708
IMAGINARY
           0 -0.000218768   0.00868568  -0.00695897
 0.000218768            0    0.0135379   0.00997103
 -0.00868568   -0.0135379            0  -0.00351258
  0.00695897  -0.00997103   0.00351258            0
Repeater1[0]<--->EndNode1[0]
REAL
   0.479524  0.00103311   0.0280204     0.12329
 0.00103311    0.173052   0.0278415 -0.00338661
  0.0280204   0.0278415    0.108322   0.0182745
    0.12329 -0.00338661   0.0182745    0.239102
IMAGINARY
          0  0.00437405   0.0030611  0.00935162
-0.00437405           0 -0.00935162   0.0102132
 -0.0030611  0.00935162           0   0.0177498
-0.00935162  -0.0102132  -0.0177498           0
Repeater1[0]<--->BSA[0]
REAL
   0.451823  0.00881374  -0.0146669    0.171416
 0.00881374   0.0963542  0.00474957  -0.0216026
 -0.0146669  0.00474957    0.134115 -0.00104172
   0.171416  -0.0216026 -0.00104172    0.317708
IMAGINARY
           0   0.00868568 -0.000218768  -0.00695897
 -0.00868568            0   -0.0135379  -0.00351258
 0.000218768    0.0135379            0   0.00997103
  0.00695897   0.00351258  -0.00997103            0
EndNode1[0]<--->Repeater1[0]
REAL
    0.47014  0.00405396  -0.0132459    0.137572
 0.00405396    0.141042   0.0437026   0.0125819
 -0.0132459   0.0437026    0.134689 -0.00471797
   0.137572   0.0125819 -0.00471797     0.25413
IMAGINARY
           0  9.99066e-05  -0.00408617    0.0122661
-9.99066e-05            0  -0.00505769   -0.0272037
  0.00408617   0.00505769            0  -0.00967845
  -0.0122661    0.0272037   0.00967845            0
EndNode2[0]<--->BSA[0]
REAL
  0.432873 0.00647848 0.00558586    0.18895
0.00647848   0.109159 -0.0103787 0.00303483
0.00558586 -0.0103787   0.136763   0.015689
   0.18895 0.00303483   0.015689   0.321205
IMAGINARY
          0   0.0142167   0.0139764    0.016056
 -0.0142167           0 -0.00353949  0.00145989
 -0.0139764  0.00353949           0 -0.00280728
  -0.016056 -0.00145989  0.00280728           0
Repeater1[0]<--->EndNode1[0]
REAL
    0.47014  -0.0132459  0.00405396    0.137572
 -0.0132459    0.134689   0.0437026 -0.00471797
 0.00405396   0.0437026    0.141042   0.0125819
   0.137572 -0.00471797   0.0125819     0.25413
IMAGINARY
           0  -0.00408617  9.99066e-05    0.0122661
  0.00408617            0   0.00505769  -0.00967845
-9.99066e-05  -0.00505769            0   -0.0272037
  -0.0122661   0.00967845    0.0272037            0
Repeater1[0]<--->BSA[0]
REAL
  0.432873 0.00558586 0.00647848    0.18895
0.00558586   0.136763 -0.0103787   0.015689
0.00647848 -0.0103787   0.109159 0.00303483
   0.18895   0.015689 0.00303483   0.321205
IMAGINARY
          0   0.0139764   0.0142167    0.016056
 -0.0139764           0  0.00353949 -0.00280728
 -0.0142167 -0.00353949           0  0.00145989
  -0.016056  0.00280728 -0.00145989           0
EndNode1[0]<--->Repeater1[0]
REAL
   0.46144 0.00495765 -0.0102302   0.130465
0.00495765   0.131105   0.022988  0.0191816
-0.0102302   0.022988   0.147815 -0.0126303
  0.130465  0.0191816 -0.0126303    0.25964
IMAGINARY
           0    0.0154779    0.0330609  -0.00223369
  -0.0154779            0  0.000432973    -0.028388
  -0.0330609 -0.000432973            0    0.0199026
  0.00223369     0.028388   -0.0199026            0
EndNode2[0]<--->BSA[0]
REAL
   0.461333   -0.020978  0.00813178    0.175338
  -0.020978    0.137333  0.00867174 -0.00559371
 0.00813178  0.00867174   0.0986667  -0.0107479
   0.175338 -0.00559371  -0.0107479    0.302667
IMAGINARY
          0  -0.0145048 -0.00996449  -0.0160512
  0.0145048           0   0.0141157  0.00869223
 0.00996449  -0.0141157           0  0.00559895
  0.0160512 -0.00869223 -0.00559895           0
Repeater1[0]<--->EndNode1[0]
REAL
   0.46144 -0.0102302 0.00495765   0.130465
-0.0102302   0.147815   0.022988 -0.0126303
0.00495765   0.022988   0.131105  0.0191816
  0.130465 -0.0126303  0.0191816    0.25964
IMAGINARY
           0    0.0330609    0.0154779  -0.00223369
  -0.0330609            0 -0.000432973    0.0199026
  -0.0154779  0.000432973            0    -0.028388
  0.00223369   -0.0199026     0.028388            0
Repeater1[0]<--->BSA[0]
REAL
   0.461333  0.00813178   -0.020978    0.175338
 0.00813178   0.0986667  0.00867174  -0.0107479
  -0.020978  0.00867174    0.137333 -0.00559371
   0.175338  -0.0107479 -0.00559371    0.302667
IMAGINARY
          0 -0.00996449  -0.0145048  -0.0160512
 0.00996449           0  -0.0141157  0.00559895
  0.0145048   0.0141157           0  0.00869223
  0.0160512 -0.00559895 -0.00869223           0
EndNode1[0]<--->Repeater1[0]
REAL
  0.488228 0.00571069  0.0274203   0.133824
0.00571069   0.111524  0.0240375  0.0184917
 0.0274203  0.0240375   0.156134   0.015044
  0.133824  0.0184917   0.015044   0.244114
IMAGINARY
          0 -0.00930728   0.0370732  -0.0196123
 0.00930728           0  -0.0114822 -0.00256878
 -0.0370732   0.0114822           0  0.00617051
  0.0196123  0.00256878 -0.00617051           0
EndNode2[0]<--->BSA[0]
REAL
    0.466583 -0.000155672   0.00563688      0.16487
-0.000155672     0.117276    0.0307239     0.011052
  0.00563688    0.0307239     0.113493    0.0115041
     0.16487     0.011052    0.0115041     0.302648
IMAGINARY
          0   0.0119099 -0.00393701  0.00488762
 -0.0119099           0  0.00803228  0.00393701
 0.00393701 -0.00803228           0 -0.00919987
-0.00488762 -0.00393701  0.00919987           0
Repeater1[0]<--->EndNode1[0]
REAL
  0.488228  0.0274203 0.00571069   0.133824
 0.0274203   0.156134  0.0240375   0.015044
0.00571069  0.0240375   0.111524  0.0184917
  0.133824   0.015044  0.0184917   0.244114
IMAGINARY
          0   0.0370732 -0.00930728  -0.0196123
 -0.0370732           0   0.0114822  0.00617051
 0.00930728  -0.0114822           0 -0.00256878
  0.0196123 -0.00617051  0.00256878           0
Repeater1[0]<--->BSA[0]
REAL
    0.466583   0.00563688 -0.000155672      0.16487
  0.00563688     0.113493    0.0307239    0.0115041
-0.000155672    0.0307239     0.117276     0.011052
     0.16487    0.0115041     0.011052     0.302648
IMAGINARY
          0 -0.00393701   0.0119099  0.00488762
 0.00393701           0 -0.00803228 -0.00919987
 -0.0119099  0.00803228           0  0.00393701
-0.00488762  0.00919987 -0.00393701           0
EndNode1[0]<--->Repeater1[0]
REAL
   0.485969  0.00993266  0.00319693    0.138854
 0.00993266    0.130102  -0.0237643 -0.00703325
 0.00319693  -0.0237643    0.147959   0.0130852
   0.138854 -0.00703325   0.0130852    0.235969
IMAGINARY
           0  0.000240987   0.00314776   -0.0206123
-0.000240987            0  -0.00917221   -0.0146187
 -0.00314776   0.00917221            0  -0.00226528
   0.0206123    0.0146187   0.00226528            0
EndNode2[0]<--->BSA[0]
REAL
  0.431122 -0.0151872 0.00560841   0.187604
-0.0151872   0.123724  0.0268667 -0.0120684
0.00560841  0.0268667   0.127551 -0.0132366
  0.187604 -0.0120684 -0.0132366   0.317602
IMAGINARY
           0  0.000672119   0.00158831   0.00975725
-0.000672119            0  -0.00848174   0.00158831
 -0.00158831   0.00848174            0  -0.00511939
 -0.00975725  -0.00158831   0.00511939            0
Repeater1[0]<--->EndNode1[0]
REAL
   0.485969  0.00319693  0.00993266    0.138854
 0.00319693    0.147959  -0.0237643   0.0130852
 0.00993266  -0.0237643    0.130102 -0.00703325
   0.138854   0.0130852 -0.00703325    0.235969
IMAGINARY
           0   0.00314776  0.000240987   -0.0206123
 -0.00314776            0   0.00917221  -0.00226528
-0.000240987  -0.00917221            0   -0.0146187
   0.0206123   0.00226528    0.0146187            0
Repeater1[0]<--->BSA[0]
REAL
  0.431122 0.00560841 -0.0151872   0.187604
0.00560841   0.127551  0.0268667 -0.0132366
-0.0151872  0.0268667   0.123724 -0.0120684
  0.187604 -0.0132366 -0.0120684   0.317602
IMAGINARY
           0   0.00158831  0.000672119   0.00975725
 -0.00158831            0   0.00848174  -0.00511939
-0.000672119  -0.00848174            0   0.00158831
 -0.00975725   0.00511939  -0.00158831            0
