EndNode1[0]<--->Repeater1[0]
REAL
  0.393548 -0.0065343 0.00539031   0.268824
-0.0065343       0.12  0.0530753  0.0104408
0.00539031  0.0530753   0.141935 0.00521504
  0.268824  0.0104408 0.00521504   0.344516
IMAGINARY
          0   0.0191786   0.0190286   0.0177927
 -0.0191786           0  0.00260284   -0.017108
 -0.0190286 -0.00260284           0  -0.0159776
 -0.0177927    0.017108   0.0159776           0
EndNode2[0]<--->BSA[0]
REAL
   0.380176  0.00325521 -0.00455729    0.251791
 0.00325521    0.115433   0.0320631 -0.00455729
-0.00455729   0.0320631    0.122961  0.00325521
   0.251791 -0.00455729  0.00325521     0.38143
IMAGINARY
          0   -0.013748  0.00612245  0.00346229
   0.013748           0 -0.00283494  -0.0163265
-0.00612245  0.00283494           0  0.00218337
-0.00346229   0.0163265 -0.00218337           0
Repeater1[0]<--->EndNode1[0]
REAL
  0.393548 0.00539031 -0.0065343   0.268824
0.00539031   0.141935  0.0530753 0.00521504
-0.0065343  0.0530753       0.12  0.0104408
  0.268824 0.00521504  0.0104408   0.344516
IMAGINARY
          0   0.0190286   0.0191786   0.0177927
 -0.0190286           0 -0.00260284  -0.0159776
 -0.0191786  0.00260284           0   -0.017108
 -0.0177927   0.0159776    0.017108           0
Repeater1[0]<--->BSA[0]
REAL
   0.380176 -0.00455729  0.00325521    0.251791
-0.00455729    0.122961   0.0320631  0.00325521
 0.00325521   0.0320631    0.115433 -0.00455729
   0.251791  0.00325521 -0.00455729     0.38143
IMAGINARY
          0  0.00612245   -0.013748  0.00346229
-0.00612245           0  0.00283494  0.00218337
   0.013748 -0.00283494           0  -0.0163265
-0.00346229 -0.00218337   0.0163265           0
EndNode1[0]<--->Repeater1[0]
REAL
   0.370513 -0.00494071   0.0234253     0.25323
-0.00494071    0.125641   0.0137853  -0.0181897
  0.0234253   0.0137853    0.130769  0.00494071
    0.25323  -0.0181897  0.00494071    0.373077
IMAGINARY
          0 -0.00296786  -0.0246171 -0.00963441
 0.00296786           0  0.00189883   0.0216014
  0.0246171 -0.00189883           0  0.00598354
 0.00963441  -0.0216014 -0.00598354           0
EndNode2[0]<--->BSA[0]
REAL
   0.345455 -0.00419715  0.00121785    0.255193
-0.00419715        0.12   0.0341404  -0.0132178
 0.00121785   0.0341404    0.153939  0.00553048
   0.255193  -0.0132178  0.00553048    0.380606
IMAGINARY
          0   0.0210765 -0.00208373  0.00776193
 -0.0210765           0   0.0155541   0.0205048
 0.00208373  -0.0155541           0  -0.0210765
-0.00776193  -0.0205048   0.0210765           0
Repeater1[0]<--->EndNode1[0]
REAL
   0.370513   0.0234253 -0.00494071     0.25323
  0.0234253    0.130769   0.0137853  0.00494071
-0.00494071   0.0137853    0.125641  -0.0181897
    0.25323  0.00494071  -0.0181897    0.373077
IMAGINARY
          0  -0.0246171 -0.00296786 -0.00963441
  0.0246171           0 -0.00189883  0.00598354
 0.00296786  0.00189883           0   0.0216014
 0.00963441 -0.00598354  -0.0216014           0
Repeater1[0]<--->BSA[0]
REAL
   0.345455  0.00121785 -0.00419715    0.255193
 0.00121785    0.153939   0.0341404  0.00553048
-0.00419715   0.0341404        0.12  -0.0132178
   0.255193  0.00553048  -0.0132178    0.380606
IMAGINARY
          0 -0.00208373   0.0210765  0.00776193
 0.00208373           0  -0.0155541  -0.0210765
 -0.0210765   0.0155541           0   0.0205048
-0.00776193   0.0210765  -0.0205048           0
EndNode1[0]<--->Repeater1[0]
REAL
    0.395031 -0.000196101    0.0132547     0.252665
-0.000196101     0.111801     0.038945 -0.000399443
   0.0132547     0.038945     0.122981    0.0292895
    0.252665 -0.000399443    0.0292895     0.370186
IMAGINARY
          0  0.00758705  -0.0114464 -0.00544683
-0.00758705           0  0.00298378   0.0101272
  0.0114464 -0.00298378           0  0.00824408
 0.00544683  -0.0101272 -0.00824408           0
EndNode2[0]<--->BSA[0]
REAL
  0.363748 0.00826499  0.0158111   0.230693
0.00826499   0.115906  0.0341686 -0.0151506
 0.0158111  0.0341686   0.134402  0.0214576
  0.230693 -0.0151506  0.0214576   0.385943
IMAGINARY
          0  -0.0104858  0.00909026 -0.00103346
  0.0104858           0 -0.00228659   0.0176477
-0.00909026  0.00228659           0 -0.00422011
 0.00103346  -0.0176477  0.00422011           0
Repeater1[0]<--->EndNode1[0]
REAL
    0.395031    0.0132547 -0.000196101     0.252665
   0.0132547     0.122981     0.038945    0.0292895
-0.000196101     0.038945     0.111801 -0.000399443
    0.252665    0.0292895 -0.000399443     0.370186
IMAGINARY
          0  -0.0114464  0.00758705 -0.00544683
  0.0114464           0 -0.00298378  0.00824408
-0.00758705  0.00298378           0   0.0101272
 0.00544683 -0.00824408  -0.0101272           0
Repeater1[0]<--->BSA[0]
REAL
  0.363748  0.0158111 0.00826499   0.230693
 0.0158111   0.134402  0.0341686  0.0214576
0.00826499  0.0341686   0.115906 -0.0151506
  0.230693  0.0214576 -0.0151506   0.385943
IMAGINARY
          0  0.00909026  -0.0104858 -0.00103346
-0.00909026           0  0.00228659 -0.00422011
  0.0104858 -0.00228659           0   0.0176477
 0.00103346  0.00422011  -0.0176477           0
EndNode1[0]<--->Repeater1[0]
REAL
   0.361111 -0.00242091  -0.0169896    0.218592
-0.00242091    0.123737   0.0407134  -0.0239534
 -0.0169896   0.0407134    0.152778  -0.0186709
   0.218592  -0.0239534  -0.0186709    0.362374
IMAGINARY
           0  -0.00222461  0.000580594    0.0130589
  0.00222461            0   -0.0156035  -0.00510841
-0.000580594    0.0156035            0   -0.0255891
  -0.0130589   0.00510841    0.0255891            0
EndNode2[0]<--->BSA[0]
REAL
    0.383562 -0.000750629  -0.00190085     0.229561
-0.000750629     0.123288    0.0352209    0.0198957
 -0.00190085    0.0352209     0.115816   0.00974806
    0.229561    0.0198957   0.00974806     0.377335
IMAGINARY
           0   -0.0177174   -0.0158171   0.00926141
   0.0177174            0    0.0199264   0.00512529
   0.0158171   -0.0199264            0 -0.000521613
 -0.00926141  -0.00512529  0.000521613            0
Repeater1[0]<--->EndNode1[0]
REAL
   0.361111  -0.0169896 -0.00242091    0.218592
 -0.0169896    0.152778   0.0407134  -0.0186709
-0.00242091   0.0407134    0.123737  -0.0239534
   0.218592  -0.0186709  -0.0239534    0.362374
IMAGINARY
           0  0.000580594  -0.00222461    0.0130589
-0.000580594            0    0.0156035   -0.0255891
  0.00222461   -0.0156035            0  -0.00510841
  -0.0130589    0.0255891   0.00510841            0
Repeater1[0]<--->BSA[0]
REAL
    0.383562  -0.00190085 -0.000750629     0.229561
 -0.00190085     0.115816    0.0352209   0.00974806
-0.000750629    0.0352209     0.123288    0.0198957
    0.229561   0.00974806    0.0198957     0.377335
IMAGINARY
           0   -0.0158171   -0.0177174   0.00926141
   0.0158171            0   -0.0199264 -0.000521613
   0.0177174    0.0199264            0   0.00512529
 -0.00926141  0.000521613  -0.00512529            0
EndNode1[0]<--->Repeater1[0]
REAL
   0.377483  -0.0218789  0.00107085    0.238811
 -0.0218789    0.111258   0.0186566 -0.00883668
 0.00107085   0.0186566    0.123179 -0.00141857
   0.238811 -0.00883668 -0.00141857    0.388079
IMAGINARY
          0 -0.00199428 -0.00235182 -0.00537989
 0.00199428           0 -0.00472112  -0.0149781
 0.00235182  0.00472112           0  0.00135244
 0.00537989   0.0149781 -0.00135244           0
EndNode2[0]<--->BSA[0]
REAL
   0.366961 -0.00127491   0.0026015    0.259095
-0.00127491    0.147541   0.0462743 -0.00729949
  0.0026015   0.0462743    0.121059  0.00328833
   0.259095 -0.00729949  0.00328833    0.364439
IMAGINARY
           0  0.000824176   -0.0106083    0.0194444
-0.000824176            0   -0.0194444  -0.00734037
   0.0106083    0.0194444            0    0.0222527
  -0.0194444   0.00734037   -0.0222527            0
Repeater1[0]<--->EndNode1[0]
REAL
   0.377483  0.00107085  -0.0218789    0.238811
 0.00107085    0.123179   0.0186566 -0.00141857
 -0.0218789   0.0186566    0.111258 -0.00883668
   0.238811 -0.00141857 -0.00883668    0.388079
IMAGINARY
          0 -0.00235182 -0.00199428 -0.00537989
 0.00235182           0  0.00472112  0.00135244
 0.00199428 -0.00472112           0  -0.0149781
 0.00537989 -0.00135244   0.0149781           0
Repeater1[0]<--->BSA[0]
REAL
   0.366961   0.0026015 -0.00127491    0.259095
  0.0026015    0.121059   0.0462743  0.00328833
-0.00127491   0.0462743    0.147541 -0.00729949
   0.259095  0.00328833 -0.00729949    0.364439
IMAGINARY
           0   -0.0106083  0.000824176    0.0194444
   0.0106083            0    0.0194444    0.0222527
-0.000824176   -0.0194444            0  -0.00734037
  -0.0194444   -0.0222527   0.00734037            0
EndNode1[0]<--->Repeater1[0]
REAL
   0.410397 -0.00609401  -0.0160408    0.237395
-0.00609401    0.108071    0.054062  0.00724685
 -0.0160408    0.054062    0.113543  0.00735029
   0.237395  0.00724685  0.00735029    0.367989
IMAGINARY
          0  -0.0215462  0.00650593   0.0155756
  0.0215462           0  -0.0195334   0.0127248
-0.00650593   0.0195334           0   0.0061616
 -0.0155756  -0.0127248  -0.0061616           0
EndNode2[0]<--->BSA[0]
REAL
  0.364331 -0.0121851 -0.0126605    0.24267
-0.0121851   0.138854  0.0492676 -0.0139974
-0.0126605  0.0492676    0.11465 0.00633338
   0.24267 -0.0139974 0.00633338   0.382166
IMAGINARY
           0 -0.000323415  -0.00612438  -0.00532656
 0.000323415            0   0.00325187    0.0158268
  0.00612438  -0.00325187            0 -0.000323415
  0.00532656   -0.0158268  0.000323415            0
Repeater1[0]<--->EndNode1[0]
REAL
   0.410397  -0.0160408 -0.00609401    0.237395
 -0.0160408    0.113543    0.054062  0.00735029
-0.00609401    0.054062    0.108071  0.00724685
   0.237395  0.00735029  0.00724685    0.367989
IMAGINARY
          0  0.00650593  -0.0215462   0.0155756
-0.00650593           0   0.0195334   0.0061616
  0.0215462  -0.0195334           0   0.0127248
 -0.0155756  -0.0061616  -0.0127248           0
Repeater1[0]<--->BSA[0]
REAL
  0.364331 -0.0126605 -0.0121851    0.24267
-0.0126605    0.11465  0.0492676 0.00633338
-0.0121851  0.0492676   0.138854 -0.0139974
   0.24267 0.00633338 -0.0139974   0.382166
IMAGINARY
           0  -0.00612438 -0.000323415  -0.00532656
  0.00612438            0  -0.00325187 -0.000323415
 0.000323415   0.00325187            0    0.0158268
  0.00532656  0.000323415   -0.0158268            0
EndNode1[0]<--->Repeater1[0]
REAL
   0.394402 -0.00728925 0.000194679    0.230733
-0.00728925    0.128499   0.0479024  -0.0149952
0.000194679   0.0479024    0.115776 0.000210746
   0.230733  -0.0149952 0.000210746    0.361323
IMAGINARY
          0 -0.00319716   0.0169107  -0.0245164
 0.00319716           0   0.0313149  0.00864627
 -0.0169107  -0.0313149           0 -0.00925369
  0.0245164 -0.00864627  0.00925369           0
EndNode2[0]<--->BSA[0]
REAL
   0.362545  -0.0293279 -0.00180486    0.231822
 -0.0293279    0.138055   0.0430203  -0.0126605
-0.00180486   0.0430203    0.112845   0.0136047
   0.231822  -0.0126605   0.0136047    0.386555
IMAGINARY
          0   0.0301478  -0.0101983   -0.020639
 -0.0301478           0 -0.00392944     0.00499
  0.0101983  0.00392944           0   0.0076126
   0.020639    -0.00499  -0.0076126           0
Repeater1[0]<--->EndNode1[0]
REAL
   0.394402 0.000194679 -0.00728925    0.230733
0.000194679    0.115776   0.0479024 0.000210746
-0.00728925   0.0479024    0.128499  -0.0149952
   0.230733 0.000210746  -0.0149952    0.361323
IMAGINARY
          0   0.0169107 -0.00319716  -0.0245164
 -0.0169107           0  -0.0313149 -0.00925369
 0.00319716   0.0313149           0  0.00864627
  0.0245164  0.00925369 -0.00864627           0
Repeater1[0]<--->BSA[0]
REAL
   0.362545 -0.00180486  -0.0293279    0.231822
-0.00180486    0.112845   0.0430203   0.0136047
 -0.0293279   0.0430203    0.138055  -0.0126605
   0.231822   0.0136047  -0.0126605    0.386555
IMAGINARY
          0  -0.0101983   0.0301478   -0.020639
  0.0101983           0  0.00392944   0.0076126
 -0.0301478 -0.00392944           0     0.00499
   0.020639  -0.0076126    -0.00499           0
EndNode1[0]<--->Repeater1[0]
REAL
    0.384309    0.0060039   0.00752439     0.227699
   0.0060039      0.12234    0.0525069   -0.0113804
  0.00752439    0.0525069     0.135638 -0.000862514
    0.227699   -0.0113804 -0.000862514     0.357713
IMAGINARY
          0 -0.00572512    0.010529   0.0193433
 0.00572512           0  0.00867663   -0.022038
  -0.010529 -0.00867663           0   0.0172341
 -0.0193433    0.022038  -0.0172341           0
EndNode2[0]<--->BSA[0]
REAL
   0.406208  -0.0160458 -0.00764814    0.236763
 -0.0160458    0.125506   0.0498696  0.00893349
-0.00764814   0.0498696    0.117409   0.0199019
   0.236763  0.00893349   0.0199019    0.350877
IMAGINARY
           0    0.0211553   -0.0142704  0.000415045
  -0.0211553            0  -0.00625162   0.00334807
   0.0142704   0.00625162            0   0.00675736
-0.000415045  -0.00334807  -0.00675736            0
Repeater1[0]<--->EndNode1[0]
REAL
    0.384309   0.00752439    0.0060039     0.227699
  0.00752439     0.135638    0.0525069 -0.000862514
   0.0060039    0.0525069      0.12234   -0.0113804
    0.227699 -0.000862514   -0.0113804     0.357713
IMAGINARY
          0    0.010529 -0.00572512   0.0193433
  -0.010529           0 -0.00867663   0.0172341
 0.00572512  0.00867663           0   -0.022038
 -0.0193433  -0.0172341    0.022038           0
Repeater1[0]<--->BSA[0]
REAL
   0.406208 -0.00764814  -0.0160458    0.236763
-0.00764814    0.117409   0.0498696   0.0199019
 -0.0160458   0.0498696    0.125506  0.00893349
   0.236763   0.0199019  0.00893349    0.350877
IMAGINARY
           0   -0.0142704    0.0211553  0.000415045
   0.0142704            0   0.00625162   0.00675736
  -0.0211553  -0.00625162            0   0.00334807
-0.000415045  -0.00675736  -0.00334807            0
EndNode1[0]<--->Repeater1[0]
REAL
    0.376289  -0.00500929 -9.44608e-05       0.2354
 -0.00500929     0.117268    0.0439938   -0.0150571
-9.44608e-05    0.0439938     0.123711  -0.00286949
      0.2354   -0.0150571  -0.00286949     0.382732
IMAGINARY
          0  0.00224445  0.00466066  -0.0127953
-0.00224445           0  -0.0231849  -0.0215877
-0.00466066   0.0231849           0  -0.0152653
  0.0127953   0.0215877   0.0152653           0
EndNode2[0]<--->BSA[0]
REAL
   0.401114   0.0143326   0.0337344    0.262769
  0.0143326    0.126741    0.043381   0.0170677
  0.0337344    0.043381    0.107242 0.000373246
   0.262769   0.0170677 0.000373246    0.364903
IMAGINARY
          0   0.0109184   0.0181768  -0.0239395
 -0.0109184           0  0.00132645  -0.0117992
 -0.0181768 -0.00132645           0   0.0184184
  0.0239395   0.0117992  -0.0184184           0
Repeater1[0]<--->EndNode1[0]
REAL
    0.376289 -9.44608e-05  -0.00500929       0.2354
-9.44608e-05     0.123711    0.0439938  -0.00286949
 -0.00500929    0.0439938     0.117268   -0.0150571
      0.2354  -0.00286949   -0.0150571     0.382732
IMAGINARY
          0  0.00466066  0.00224445  -0.0127953
-0.00466066           0   0.0231849  -0.0152653
-0.00224445  -0.0231849           0  -0.0215877
  0.0127953   0.0152653   0.0215877           0
Repeater1[0]<--->BSA[0]
REAL
   0.401114   0.0337344   0.0143326    0.262769
  0.0337344    0.107242    0.043381 0.000373246
  0.0143326    0.043381    0.126741   0.0170677
   0.262769 0.000373246   0.0170677    0.364903
IMAGINARY
          0   0.0181768   0.0109184  -0.0239395
 -0.0181768           0 -0.00132645   0.0184184
 -0.0109184  0.00132645           0  -0.0117992
  0.0239395  -0.0184184   0.0117992           0
EndNode1[0]<--->Repeater1[0]
REAL
   0.417344 0.000498989  -0.0128408    0.232409
0.000498989   0.0934959   0.0397917  -0.0251258
 -0.0128408   0.0397917    0.102981   0.0117275
   0.232409  -0.0251258   0.0117275    0.386179
IMAGINARY
          0  0.00046725 -0.00210297  0.00676347
-0.00046725           0 -0.00611997 -0.00527959
 0.00210297  0.00611997           0   0.0270495
-0.00676347  0.00527959  -0.0270495           0
EndNode2[0]<--->BSA[0]
REAL
  0.400768  0.0036937 0.00466687   0.231293
 0.0036937   0.135723  0.0306718  0.0243004
0.00466687  0.0306718   0.115237 0.00638187
  0.231293  0.0243004 0.00638187   0.348271
IMAGINARY
          0 -0.00496894  0.00620343  0.00966262
 0.00496894           0  -0.0103374  0.00932452
-0.00620343   0.0103374           0  -0.0192547
-0.00966262 -0.00932452   0.0192547           0
Repeater1[0]<--->EndNode1[0]
REAL
   0.417344  -0.0128408 0.000498989    0.232409
 -0.0128408    0.102981   0.0397917   0.0117275
0.000498989   0.0397917   0.0934959  -0.0251258
   0.232409   0.0117275  -0.0251258    0.386179
IMAGINARY
          0 -0.00210297  0.00046725  0.00676347
 0.00210297           0  0.00611997   0.0270495
-0.00046725 -0.00611997           0 -0.00527959
-0.00676347  -0.0270495  0.00527959           0
Repeater1[0]<--->BSA[0]
REAL
  0.400768 0.00466687  0.0036937   0.231293
0.00466687   0.115237  0.0306718 0.00638187
 0.0036937  0.0306718   0.135723  0.0243004
  0.231293 0.00638187  0.0243004   0.348271
IMAGINARY
          0  0.00620343 -0.00496894  0.00966262
-0.00620343           0   0.0103374  -0.0192547
 0.00496894  -0.0103374           0  0.00932452
-0.00966262   0.0192547 -0.00932452           0
EndNode1[0]<--->Repeater1[0]
REAL
    0.422414 -0.000887923     0.014985     0.224245
-0.000887923     0.128079    0.0274237   -0.0129823
    0.014985    0.0274237     0.108374  -0.00512009
    0.224245   -0.0129823  -0.00512009     0.341133
IMAGINARY
           0 -0.000657542   0.00873689   0.00849342
 0.000657542            0   0.00373152 -0.000179433
 -0.00873689  -0.00373152            0     0.014105
 -0.00849342  0.000179433    -0.014105            0
EndNode2[0]<--->BSA[0]
REAL
   0.372124 -0.00660273 -0.00385513    0.245687
-0.00660273    0.133965   0.0366435  -0.0147108
-0.00385513   0.0366435    0.131258  -0.0273281
   0.245687  -0.0147108  -0.0273281    0.362652
IMAGINARY
          0  -0.0169317   0.0127486    0.016393
  0.0169317           0 -0.00916405  0.00363406
 -0.0127486  0.00916405           0   0.0136551
  -0.016393 -0.00363406  -0.0136551           0
Repeater1[0]<--->EndNode1[0]
REAL
    0.422414     0.014985 -0.000887923     0.224245
    0.014985     0.108374    0.0274237  -0.00512009
-0.000887923    0.0274237     0.128079   -0.0129823
    0.224245  -0.00512009   -0.0129823     0.341133
IMAGINARY
           0   0.00873689 -0.000657542   0.00849342
 -0.00873689            0  -0.00373152     0.014105
 0.000657542   0.00373152            0 -0.000179433
 -0.00849342    -0.014105  0.000179433            0
Repeater1[0]<--->BSA[0]
REAL
   0.372124 -0.00385513 -0.00660273    0.245687
-0.00385513    0.131258   0.0366435  -0.0273281
-0.00660273   0.0366435    0.133965  -0.0147108
   0.245687  -0.0273281  -0.0147108    0.362652
IMAGINARY
          0   0.0127486  -0.0169317    0.016393
 -0.0127486           0  0.00916405   0.0136551
  0.0169317 -0.00916405           0  0.00363406
  -0.016393  -0.0136551 -0.00363406           0
EndNode1[0]<--->Repeater1[0]
REAL
  0.377113 -0.0167036 -0.0102257   0.242164
-0.0167036   0.126138  0.0508537 0.00523819
-0.0102257  0.0508537   0.114434 0.00922231
  0.242164 0.00523819 0.00922231   0.382315
IMAGINARY
          0   -0.018363 -0.00521805   0.0152804
   0.018363           0  0.00213896 -0.00191554
 0.00521805 -0.00213896           0   0.0254966
 -0.0152804  0.00191554  -0.0254966           0
EndNode2[0]<--->BSA[0]
REAL
   0.385696 -0.00923746   0.0102132    0.240966
-0.00923746    0.131545   0.0442775 -0.00560188
  0.0102132   0.0442775    0.120051  0.00199108
   0.240966 -0.00560188  0.00199108    0.362708
IMAGINARY
          0 -0.00387711 -0.00388207 -0.00185903
 0.00387711           0  -0.0239271   0.0363324
 0.00388207   0.0239271           0  -0.0140037
 0.00185903  -0.0363324   0.0140037           0
Repeater1[0]<--->EndNode1[0]
REAL
  0.377113 -0.0102257 -0.0167036   0.242164
-0.0102257   0.114434  0.0508537 0.00922231
-0.0167036  0.0508537   0.126138 0.00523819
  0.242164 0.00922231 0.00523819   0.382315
IMAGINARY
          0 -0.00521805   -0.018363   0.0152804
 0.00521805           0 -0.00213896   0.0254966
   0.018363  0.00213896           0 -0.00191554
 -0.0152804  -0.0254966  0.00191554           0
Repeater1[0]<--->BSA[0]
REAL
   0.385696   0.0102132 -0.00923746    0.240966
  0.0102132    0.120051   0.0442775  0.00199108
-0.00923746   0.0442775    0.131545 -0.00560188
   0.240966  0.00199108 -0.00560188    0.362708
IMAGINARY
          0 -0.00388207 -0.00387711 -0.00185903
 0.00388207           0   0.0239271  -0.0140037
 0.00387711  -0.0239271           0   0.0363324
 0.00185903   0.0140037  -0.0363324           0
EndNode1[0]<--->Repeater1[0]
REAL
   0.364351 -0.00280899  0.00204022    0.228466
-0.00280899    0.107471   0.0583361  -0.0248829
 0.00204022   0.0583361    0.133683  0.00280899
   0.228466  -0.0248829  0.00280899    0.394495
IMAGINARY
           0 -0.000952036  -0.00818746    0.0178467
 0.000952036            0    0.0165513   0.00169396
  0.00818746   -0.0165513            0  -0.00294407
  -0.0178467  -0.00169396   0.00294407            0
EndNode2[0]<--->BSA[0]
REAL
  0.380463 0.00208875 0.00542704   0.236444
0.00208875   0.114396  0.0269675  0.0145179
0.00542704  0.0269675   0.141388  0.0206073
  0.236444  0.0145179  0.0206073   0.363753
IMAGINARY
          0  -0.0159078  0.00175611 -0.00481161
  0.0159078           0 -0.00286102   0.0132065
-0.00175611  0.00286102           0   0.0121671
 0.00481161  -0.0132065  -0.0121671           0
Repeater1[0]<--->EndNode1[0]
REAL
   0.364351  0.00204022 -0.00280899    0.228466
 0.00204022    0.133683   0.0583361  0.00280899
-0.00280899   0.0583361    0.107471  -0.0248829
   0.228466  0.00280899  -0.0248829    0.394495
IMAGINARY
           0  -0.00818746 -0.000952036    0.0178467
  0.00818746            0   -0.0165513  -0.00294407
 0.000952036    0.0165513            0   0.00169396
  -0.0178467   0.00294407  -0.00169396            0
Repeater1[0]<--->BSA[0]
REAL
  0.380463 0.00542704 0.00208875   0.236444
0.00542704   0.141388  0.0269675  0.0206073
0.00208875  0.0269675   0.114396  0.0145179
  0.236444  0.0206073  0.0145179   0.363753
IMAGINARY
          0  0.00175611  -0.0159078 -0.00481161
-0.00175611           0  0.00286102   0.0121671
  0.0159078 -0.00286102           0   0.0132065
 0.00481161  -0.0121671  -0.0132065           0
EndNode1[0]<--->Repeater1[0]
REAL
   0.379526  -0.0092964   0.0320016    0.231653
 -0.0092964    0.132335   0.0564935  -0.0225438
  0.0320016   0.0564935    0.131086 -0.00142239
   0.231653  -0.0225438 -0.00142239    0.357054
IMAGINARY
          0  0.00925226 -0.00376202  -0.0312844
-0.00925226           0 -0.00759686 -0.00961378
 0.00376202  0.00759686           0    0.010493
  0.0312844  0.00961378   -0.010493           0
EndNode2[0]<--->BSA[0]
REAL
   0.407056   0.0226677  0.00807004    0.256109
  0.0226677    0.109905   0.0394637   0.0166695
 0.00807004   0.0394637    0.109905 0.000769845
   0.256109   0.0166695 0.000769845    0.373134
IMAGINARY
          0  0.00796039 -0.00345568  0.00698768
-0.00796039           0  -0.0213856   0.0167975
 0.00345568   0.0213856           0   0.0155466
-0.00698768  -0.0167975  -0.0155466           0
Repeater1[0]<--->EndNode1[0]
REAL
   0.379526   0.0320016  -0.0092964    0.231653
  0.0320016    0.131086   0.0564935 -0.00142239
 -0.0092964   0.0564935    0.132335  -0.0225438
   0.231653 -0.00142239  -0.0225438    0.357054
IMAGINARY
          0 -0.00376202  0.00925226  -0.0312844
 0.00376202           0  0.00759686    0.010493
-0.00925226 -0.00759686           0 -0.00961378
  0.0312844   -0.010493  0.00961378           0
Repeater1[0]<--->BSA[0]
REAL
   0.407056  0.00807004   0.0226677    0.256109
 0.00807004    0.109905   0.0394637 0.000769845
  0.0226677   0.0394637    0.109905   0.0166695
   0.256109 0.000769845   0.0166695    0.373134
IMAGINARY
          0 -0.00345568  0.00796039  0.00698768
 0.00345568           0   0.0213856   0.0155466
-0.00796039  -0.0213856           0   0.0167975
-0.00698768  -0.0155466  -0.0167975           0
EndNode1[0]<--->Repeater1[0]
REAL
   0.387399   0.0135091  0.00522428    0.240854
  0.0135091    0.140751    0.043517 -0.00884222
 0.00522428    0.043517    0.121984  0.00458058
   0.240854 -0.00884222  0.00458058    0.349866
IMAGINARY
          0 -0.00630316  0.00428292 -0.00030728
 0.00630316           0  -0.0134652  0.00177035
-0.00428292   0.0134652           0   0.0026712
 0.00030728 -0.00177035  -0.0026712           0
EndNode2[0]<--->BSA[0]
REAL
   0.369963  0.00976422  0.00554438    0.261471
 0.00976422    0.114774    0.052242 -0.00877853
 0.00554438    0.052242    0.140415 -0.00782372
   0.261471 -0.00877853 -0.00782372    0.374847
IMAGINARY
           0    0.0212378 -0.000551289    -0.019185
  -0.0212378            0   -0.0109658    0.0176183
 0.000551289    0.0109658            0    0.0072072
    0.019185   -0.0176183   -0.0072072            0
Repeater1[0]<--->EndNode1[0]
REAL
   0.387399  0.00522428   0.0135091    0.240854
 0.00522428    0.121984    0.043517  0.00458058
  0.0135091    0.043517    0.140751 -0.00884222
   0.240854  0.00458058 -0.00884222    0.349866
IMAGINARY
          0  0.00428292 -0.00630316 -0.00030728
-0.00428292           0   0.0134652   0.0026712
 0.00630316  -0.0134652           0  0.00177035
 0.00030728  -0.0026712 -0.00177035           0
Repeater1[0]<--->BSA[0]
REAL
   0.369963  0.00554438  0.00976422    0.261471
 0.00554438    0.140415    0.052242 -0.00782372
 0.00976422    0.052242    0.114774 -0.00877853
   0.261471 -0.00782372 -0.00877853    0.374847
IMAGINARY
           0 -0.000551289    0.0212378    -0.019185
 0.000551289            0    0.0109658    0.0072072
  -0.0212378   -0.0109658            0    0.0176183
    0.019185   -0.0072072   -0.0176183            0
EndNode1[0]<--->Repeater1[0]
REAL
   0.372449  -0.0148461 -0.00476763    0.223207
 -0.0148461    0.114796   0.0389961  -0.0183863
-0.00476763   0.0389961    0.132653  0.00420779
   0.223207  -0.0183863  0.00420779    0.380102
IMAGINARY
          0   0.0135497  0.00161411  0.00379742
 -0.0135497           0  0.00308618 -0.00834605
-0.00161411 -0.00308618           0  -0.0215056
-0.00379742  0.00834605   0.0215056           0
EndNode2[0]<--->BSA[0]
REAL
   0.385604   0.0121412 -0.00527901    0.239277
  0.0121412    0.137532   0.0303503   0.0187925
-0.00527901   0.0303503    0.102828  -0.0153588
   0.239277   0.0187925  -0.0153588    0.374036
IMAGINARY
           0    0.0006427   0.00743099   -0.0167599
  -0.0006427            0   -0.0131102    0.0113271
 -0.00743099    0.0131102            0  4.13046e-06
   0.0167599   -0.0113271 -4.13046e-06            0
Repeater1[0]<--->EndNode1[0]
REAL
   0.372449 -0.00476763  -0.0148461    0.223207
-0.00476763    0.132653   0.0389961  0.00420779
 -0.0148461   0.0389961    0.114796  -0.0183863
   0.223207  0.00420779  -0.0183863    0.380102
IMAGINARY
          0  0.00161411   0.0135497  0.00379742
-0.00161411           0 -0.00308618  -0.0215056
 -0.0135497  0.00308618           0 -0.00834605
-0.00379742   0.0215056  0.00834605           0
Repeater1[0]<--->BSA[0]
REAL
   0.385604 -0.00527901   0.0121412    0.239277
-0.00527901    0.102828   0.0303503  -0.0153588
  0.0121412   0.0303503    0.137532   0.0187925
   0.239277  -0.0153588   0.0187925    0.374036
IMAGINARY
           0   0.00743099    0.0006427   -0.0167599
 -0.00743099            0    0.0131102  4.13046e-06
  -0.0006427   -0.0131102            0    0.0113271
   0.0167599 -4.13046e-06   -0.0113271            0
EndNode1[0]<--->Repeater1[0]
REAL
   0.407455  -0.0151805  0.00773816    0.230267
 -0.0151805    0.127249   0.0364432 -0.00184039
 0.00773816   0.0364432    0.128535  0.00535089
   0.230267 -0.00184039  0.00535089    0.336761
IMAGINARY
           0    0.0090526  0.000288844  -0.00107923
  -0.0090526            0   -0.0106091   -0.0180287
-0.000288844    0.0106091            0   0.00211691
  0.00107923    0.0180287  -0.00211691            0
EndNode2[0]<--->BSA[0]
REAL
  0.388587  0.0230711 0.00124599   0.240695
 0.0230711   0.110054  0.0390517 0.00255148
0.00124599  0.0390517   0.139946 0.00351119
  0.240695 0.00255148 0.00351119   0.361413
IMAGINARY
          0   0.0114387 -0.00493347  0.00771019
 -0.0114387           0  0.00199227  0.00430136
 0.00493347 -0.00199227           0  0.00183563
-0.00771019 -0.00430136 -0.00183563           0
Repeater1[0]<--->EndNode1[0]
REAL
   0.407455  0.00773816  -0.0151805    0.230267
 0.00773816    0.128535   0.0364432  0.00535089
 -0.0151805   0.0364432    0.127249 -0.00184039
   0.230267  0.00535089 -0.00184039    0.336761
IMAGINARY
           0  0.000288844    0.0090526  -0.00107923
-0.000288844            0    0.0106091   0.00211691
  -0.0090526   -0.0106091            0   -0.0180287
  0.00107923  -0.00211691    0.0180287            0
Repeater1[0]<--->BSA[0]
REAL
  0.388587 0.00124599  0.0230711   0.240695
0.00124599   0.139946  0.0390517 0.00351119
 0.0230711  0.0390517   0.110054 0.00255148
  0.240695 0.00351119 0.00255148   0.361413
IMAGINARY
          0 -0.00493347   0.0114387  0.00771019
 0.00493347           0 -0.00199227  0.00183563
 -0.0114387  0.00199227           0  0.00430136
-0.00771019 -0.00183563 -0.00430136           0
EndNode1[0]<--->Repeater1[0]
REAL
    0.369536   0.00247102   0.00414498     0.236949
  0.00247102     0.109934     0.049751    0.0102841
  0.00414498     0.049751     0.148344 -0.000588959
    0.236949    0.0102841 -0.000588959     0.372185
IMAGINARY
           0    0.0119153   0.00189878  0.000660026
  -0.0119153            0  -0.00568515     0.012594
 -0.00189878   0.00568515            0    0.0037852
-0.000660026    -0.012594   -0.0037852            0
EndNode2[0]<--->BSA[0]
REAL
    0.37659 -0.00223485   0.0136135    0.239291
-0.00223485    0.115776   0.0208566   0.0300519
  0.0136135   0.0208566    0.125954 0.000389827
   0.239291   0.0300519 0.000389827    0.381679
IMAGINARY
          0   0.0175385  0.00943939    0.009447
 -0.0175385           0  -0.0191244  -0.0132273
-0.00943939   0.0191244           0   0.0102393
  -0.009447   0.0132273  -0.0102393           0
Repeater1[0]<--->EndNode1[0]
REAL
    0.369536   0.00414498   0.00247102     0.236949
  0.00414498     0.148344     0.049751 -0.000588959
  0.00247102     0.049751     0.109934    0.0102841
    0.236949 -0.000588959    0.0102841     0.372185
IMAGINARY
           0   0.00189878    0.0119153  0.000660026
 -0.00189878            0   0.00568515    0.0037852
  -0.0119153  -0.00568515            0     0.012594
-0.000660026   -0.0037852    -0.012594            0
Repeater1[0]<--->BSA[0]
REAL
    0.37659   0.0136135 -0.00223485    0.239291
  0.0136135    0.125954   0.0208566 0.000389827
-0.00223485   0.0208566    0.115776   0.0300519
   0.239291 0.000389827   0.0300519    0.381679
IMAGINARY
          0  0.00943939   0.0175385    0.009447
-0.00943939           0   0.0191244   0.0102393
 -0.0175385  -0.0191244           0  -0.0132273
  -0.009447  -0.0102393   0.0132273           0
EndNode1[0]<--->Repeater1[0]
REAL
  0.364462  0.0336185 0.00361283   0.245409
 0.0336185   0.137484  0.0269491 0.00722728
0.00361283  0.0269491   0.129702 -0.0200684
  0.245409 0.00722728 -0.0200684   0.368353
IMAGINARY
         0  0.0113641 -0.0209808 -0.0134559
-0.0113641          0 -0.0186778  0.0163327
 0.0209808  0.0186778          0 -0.0146842
 0.0134559 -0.0163327  0.0146842          0
EndNode2[0]<--->BSA[0]
REAL
    0.39779  -0.0249047  -0.0163393    0.234213
 -0.0249047    0.145028   0.0373222 0.000733839
 -0.0163393   0.0373222    0.131215   0.0105476
   0.234213 0.000733839   0.0105476    0.325967
IMAGINARY
          0 -0.00316657  0.00247232  -0.0115589
 0.00316657           0  0.00828236   -0.008949
-0.00247232 -0.00828236           0  -0.0110821
  0.0115589    0.008949   0.0110821           0
Repeater1[0]<--->EndNode1[0]
REAL
  0.364462 0.00361283  0.0336185   0.245409
0.00361283   0.129702  0.0269491 -0.0200684
 0.0336185  0.0269491   0.137484 0.00722728
  0.245409 -0.0200684 0.00722728   0.368353
IMAGINARY
         0 -0.0209808  0.0113641 -0.0134559
 0.0209808          0  0.0186778 -0.0146842
-0.0113641 -0.0186778          0  0.0163327
 0.0134559  0.0146842 -0.0163327          0
Repeater1[0]<--->BSA[0]
REAL
    0.39779  -0.0163393  -0.0249047    0.234213
 -0.0163393    0.131215   0.0373222   0.0105476
 -0.0249047   0.0373222    0.145028 0.000733839
   0.234213   0.0105476 0.000733839    0.325967
IMAGINARY
          0  0.00247232 -0.00316657  -0.0115589
-0.00247232           0 -0.00828236  -0.0110821
 0.00316657  0.00828236           0   -0.008949
  0.0115589   0.0110821    0.008949           0
EndNode1[0]<--->Repeater1[0]
REAL
    0.367554   -0.0150722  -0.00907271     0.240167
  -0.0150722     0.144487    0.0469554   -0.0244358
 -0.00907271    0.0469554     0.116603 -3.95077e-05
    0.240167   -0.0244358 -3.95077e-05     0.371356
IMAGINARY
           0  -0.00718531  -0.00729347  0.000251463
  0.00718531            0   -0.0101525   0.00859895
  0.00729347    0.0101525            0  -0.00586952
-0.000251463  -0.00859895   0.00586952            0
EndNode2[0]<--->BSA[0]
REAL
   0.392338  -0.0157823   0.0131168    0.252335
 -0.0157823    0.117569   0.0301126 -0.00879044
  0.0131168   0.0301126    0.103038   0.0225808
   0.252335 -0.00879044   0.0225808    0.387054
IMAGINARY
          0  -0.0041221 -0.00799846 -0.00609921
  0.0041221           0   0.0231596  -0.0210419
 0.00799846  -0.0231596           0  0.00790998
 0.00609921   0.0210419 -0.00790998           0
Repeater1[0]<--->EndNode1[0]
REAL
    0.367554  -0.00907271   -0.0150722     0.240167
 -0.00907271     0.116603    0.0469554 -3.95077e-05
  -0.0150722    0.0469554     0.144487   -0.0244358
    0.240167 -3.95077e-05   -0.0244358     0.371356
IMAGINARY
           0  -0.00729347  -0.00718531  0.000251463
  0.00729347            0    0.0101525  -0.00586952
  0.00718531   -0.0101525            0   0.00859895
-0.000251463   0.00586952  -0.00859895            0
Repeater1[0]<--->BSA[0]
REAL
   0.392338   0.0131168  -0.0157823    0.252335
  0.0131168    0.103038   0.0301126   0.0225808
 -0.0157823   0.0301126    0.117569 -0.00879044
   0.252335   0.0225808 -0.00879044    0.387054
IMAGINARY
          0 -0.00799846  -0.0041221 -0.00609921
 0.00799846           0  -0.0231596  0.00790998
  0.0041221   0.0231596           0  -0.0210419
 0.00609921 -0.00790998   0.0210419           0
EndNode1[0]<--->Repeater1[0]
REAL
   0.367532      0.0109  0.00080478    0.251192
     0.0109    0.136364   0.0423146  -0.0124931
 0.00080478   0.0423146    0.123377 -0.00570518
   0.251192  -0.0124931 -0.00570518    0.372727
IMAGINARY
          0   0.0243295 -0.00890184 -0.00807744
 -0.0243295           0   0.0117182  -0.0289572
 0.00890184  -0.0117182           0   0.0174459
 0.00807744   0.0289572  -0.0174459           0
EndNode2[0]<--->BSA[0]
REAL
   0.373641   0.0113514 -0.00212853    0.227136
  0.0113514    0.122283   0.0241138 -0.00662147
-0.00212853   0.0241138    0.122283  0.00864865
   0.227136 -0.00662147  0.00864865    0.381793
IMAGINARY
          0  0.00170944   -0.017376  0.00642502
-0.00170944           0 -0.00452388  -0.0148185
   0.017376  0.00452388           0  -0.0115649
-0.00642502   0.0148185   0.0115649           0
Repeater1[0]<--->EndNode1[0]
REAL
   0.367532  0.00080478      0.0109    0.251192
 0.00080478    0.123377   0.0423146 -0.00570518
     0.0109   0.0423146    0.136364  -0.0124931
   0.251192 -0.00570518  -0.0124931    0.372727
IMAGINARY
          0 -0.00890184   0.0243295 -0.00807744
 0.00890184           0  -0.0117182   0.0174459
 -0.0243295   0.0117182           0  -0.0289572
 0.00807744  -0.0174459   0.0289572           0
Repeater1[0]<--->BSA[0]
REAL
   0.373641 -0.00212853   0.0113514    0.227136
-0.00212853    0.122283   0.0241138  0.00864865
  0.0113514   0.0241138    0.122283 -0.00662147
   0.227136  0.00864865 -0.00662147    0.381793
IMAGINARY
          0   -0.017376  0.00170944  0.00642502
   0.017376           0  0.00452388  -0.0115649
-0.00170944 -0.00452388           0  -0.0148185
-0.00642502   0.0115649   0.0148185           0
EndNode1[0]<--->Repeater1[0]
REAL
    0.382124  -0.00325106   0.00203792     0.245516
 -0.00325106     0.137306    0.0387977    0.0299882
  0.00203792    0.0387977     0.126943 -1.69106e-05
    0.245516    0.0299882 -1.69106e-05     0.353627
IMAGINARY
           0    -0.005176  -0.00421739 -0.000913978
    0.005176            0  -0.00360215  -0.00611853
  0.00421739   0.00360215            0     0.011636
 0.000913978   0.00611853    -0.011636            0
EndNode2[0]<--->BSA[0]
REAL
   0.379141  0.00141969 -0.00283678    0.254195
 0.00141969    0.131288   0.0316146   0.0195704
-0.00283678   0.0316146     0.12638   0.0046044
   0.254195   0.0195704   0.0046044     0.36319
IMAGINARY
          0 -0.00372055  0.00971367  -0.0116458
 0.00372055           0  -0.0192025   0.0167379
-0.00971367   0.0192025           0  0.00436571
  0.0116458  -0.0167379 -0.00436571           0
Repeater1[0]<--->EndNode1[0]
REAL
    0.382124   0.00203792  -0.00325106     0.245516
  0.00203792     0.126943    0.0387977 -1.69106e-05
 -0.00325106    0.0387977     0.137306    0.0299882
    0.245516 -1.69106e-05    0.0299882     0.353627
IMAGINARY
           0  -0.00421739    -0.005176 -0.000913978
  0.00421739            0   0.00360215     0.011636
    0.005176  -0.00360215            0  -0.00611853
 0.000913978    -0.011636   0.00611853            0
Repeater1[0]<--->BSA[0]
REAL
   0.379141 -0.00283678  0.00141969    0.254195
-0.00283678     0.12638   0.0316146   0.0046044
 0.00141969   0.0316146    0.131288   0.0195704
   0.254195   0.0046044   0.0195704     0.36319
IMAGINARY
          0  0.00971367 -0.00372055  -0.0116458
-0.00971367           0   0.0192025  0.00436571
 0.00372055  -0.0192025           0   0.0167379
  0.0116458 -0.00436571  -0.0167379           0
EndNode1[0]<--->Repeater1[0]
REAL
   0.406803  0.00823877  -0.0109321    0.240511
 0.00823877    0.107483   0.0329763 -0.00515544
 -0.0109321   0.0329763    0.121088  -0.0114563
   0.240511 -0.00515544  -0.0114563    0.364626
IMAGINARY
          0  -0.0227636   0.0154785  0.00298503
  0.0227636           0  -0.0174969 -0.00845423
 -0.0154785   0.0174969           0  0.00679937
-0.00298503  0.00845423 -0.00679937           0
EndNode2[0]<--->BSA[0]
REAL
   0.375505 -0.00576196 -0.00758212     0.24537
-0.00576196    0.133244   0.0559289   -0.022288
-0.00758212   0.0559289    0.135935 0.000567154
    0.24537   -0.022288 0.000567154    0.355316
IMAGINARY
          0 -0.00387801  -0.0159737   0.0205841
 0.00387801           0  0.00144531   0.0116258
  0.0159737 -0.00144531           0  -0.0141344
 -0.0205841  -0.0116258   0.0141344           0
Repeater1[0]<--->EndNode1[0]
REAL
   0.406803  -0.0109321  0.00823877    0.240511
 -0.0109321    0.121088   0.0329763  -0.0114563
 0.00823877   0.0329763    0.107483 -0.00515544
   0.240511  -0.0114563 -0.00515544    0.364626
IMAGINARY
          0   0.0154785  -0.0227636  0.00298503
 -0.0154785           0   0.0174969  0.00679937
  0.0227636  -0.0174969           0 -0.00845423
-0.00298503 -0.00679937  0.00845423           0
Repeater1[0]<--->BSA[0]
REAL
   0.375505 -0.00758212 -0.00576196     0.24537
-0.00758212    0.135935   0.0559289 0.000567154
-0.00576196   0.0559289    0.133244   -0.022288
    0.24537 0.000567154   -0.022288    0.355316
IMAGINARY
          0  -0.0159737 -0.00387801   0.0205841
  0.0159737           0 -0.00144531  -0.0141344
 0.00387801  0.00144531           0   0.0116258
 -0.0205841   0.0141344  -0.0116258           0
EndNode1[0]<--->Repeater1[0]
REAL
  0.402344 0.00354214  0.0149542   0.236092
0.00354214   0.111979  0.0432815 0.00593355
 0.0149542  0.0432815   0.110677  0.0134291
  0.236092 0.00593355  0.0134291      0.375
IMAGINARY
          0 -0.00493898   -0.010697 -0.00752335
 0.00493898           0 -0.00268073 -0.00433568
   0.010697  0.00268073           0  0.00297819
 0.00752335  0.00433568 -0.00297819           0
EndNode2[0]<--->BSA[0]
REAL
   0.383632 0.000719717  -0.0201195    0.253442
