EndNode1[0]<--->Repeater1[0]
REAL
   0.447543 -0.00947954  0.00200826    0.194647
-0.00947954    0.110226  -0.0229852  -0.0129074
 0.00200826  -0.0229852    0.106242  -0.0136812
   0.194647  -0.0129074  -0.0136812    0.335989
IMAGINARY
           0   -0.0155809 -0.000397653   0.00919298
   0.0155809            0   -0.0209117  -0.00885019
 0.000397653    0.0209117            0     0.003867
 -0.00919298   0.00885019    -0.003867            0
EndNode2[0]<--->BSA[0]
REAL
  0.473342 0.00154232  0.0155584   0.206697
0.00154232  0.0741222 0.00796275 0.00800177
 0.0155584 0.00796275  0.0949285  0.0220179
  0.206697 0.00800177  0.0220179   0.357607
IMAGINARY
          0 -0.00463351  0.00800796   0.0135524
 0.00463351           0  -0.0207797  0.00338445
-0.00800796   0.0207797           0  0.00589933
 -0.0135524 -0.00338445 -0.00589933           0
Repeater1[0]<--->EndNode1[0]
REAL
   0.447543  0.00200826 -0.00947954    0.194647
 0.00200826    0.106242  -0.0229852  -0.0136812
-0.00947954  -0.0229852    0.110226  -0.0129074
   0.194647  -0.0136812  -0.0129074    0.335989
IMAGINARY
           0 -0.000397653   -0.0155809   0.00919298
 0.000397653            0    0.0209117     0.003867
   0.0155809   -0.0209117            0  -0.00885019
 -0.00919298    -0.003867   0.00885019            0
Repeater1[0]<--->BSA[0]
REAL
  0.473342  0.0155584 0.00154232   0.206697
 0.0155584  0.0949285 0.00796275  0.0220179
0.00154232 0.00796275  0.0741222 0.00800177
  0.206697  0.0220179 0.00800177   0.357607
IMAGINARY
          0  0.00800796 -0.00463351   0.0135524
-0.00800796           0   0.0207797  0.00589933
 0.00463351  -0.0207797           0  0.00338445
 -0.0135524 -0.00589933 -0.00338445           0
EndNode1[0]<--->Repeater1[0]
REAL
   0.487374   0.0199914   0.0060443    0.167992
  0.0199914    0.094697 1.31761e-05  0.00667323
  0.0060443 1.31761e-05    0.094697  -0.0179833
   0.167992  0.00667323  -0.0179833    0.323232
IMAGINARY
           0    0.0201793   0.00206006   -0.0134408
  -0.0201793            0  0.000554157     0.013688
 -0.00206006 -0.000554157            0   0.00475511
   0.0134408    -0.013688  -0.00475511            0
EndNode2[0]<--->BSA[0]
REAL
  0.459845 0.00467182 -0.0148122   0.229113
0.00467182  0.0699482 0.00901123  0.0239474
-0.0148122 0.00901123  0.0932642  -0.011371
  0.229113  0.0239474  -0.011371   0.376943
IMAGINARY
          0 -0.00103949  0.00127226  0.00125628
 0.00103949           0  0.00125628  0.00127226
-0.00127226 -0.00125628           0  0.00358402
-0.00125628 -0.00127226 -0.00358402           0
Repeater1[0]<--->EndNode1[0]
REAL
   0.487374   0.0060443   0.0199914    0.167992
  0.0060443    0.094697 1.31761e-05  -0.0179833
  0.0199914 1.31761e-05    0.094697  0.00667323
   0.167992  -0.0179833  0.00667323    0.323232
IMAGINARY
           0   0.00206006    0.0201793   -0.0134408
 -0.00206006            0 -0.000554157   0.00475511
  -0.0201793  0.000554157            0     0.013688
   0.0134408  -0.00475511    -0.013688            0
Repeater1[0]<--->BSA[0]
REAL
  0.459845 -0.0148122 0.00467182   0.229113
-0.0148122  0.0932642 0.00901123  -0.011371
0.00467182 0.00901123  0.0699482  0.0239474
  0.229113  -0.011371  0.0239474   0.376943
IMAGINARY
          0  0.00127226 -0.00103949  0.00125628
-0.00127226           0 -0.00125628  0.00358402
 0.00103949  0.00125628           0  0.00127226
-0.00125628 -0.00358402 -0.00127226           0
EndNode1[0]<--->Repeater1[0]
REAL
   0.472661 -0.00769328  0.00739451    0.184698
-0.00769328   0.0947752   0.0069796  0.00420167
 0.00739451   0.0069796    0.109356 -0.00253864
   0.184698  0.00420167 -0.00253864    0.323208
IMAGINARY
          0  -0.0073198 -0.00443443    0.006353
  0.0073198           0   0.0267209 -0.00750191
 0.00443443  -0.0267209           0 -0.00859531
  -0.006353  0.00750191  0.00859531           0
EndNode2[0]<--->BSA[0]
REAL
   0.432911  0.00814484 -0.00313936    0.206458
 0.00814484   0.0696203  0.00348723 -0.00376671
-0.00313936  0.00348723   0.0949367  -0.0205758
   0.206458 -0.00376671  -0.0205758    0.402532
IMAGINARY
          0  0.00786123 -0.00801382   0.0055008
-0.00786123           0   0.0091863  -0.0167387
 0.00801382  -0.0091863           0  0.00203976
 -0.0055008   0.0167387 -0.00203976           0
Repeater1[0]<--->EndNode1[0]
REAL
   0.472661  0.00739451 -0.00769328    0.184698
 0.00739451    0.109356   0.0069796 -0.00253864
-0.00769328   0.0069796   0.0947752  0.00420167
   0.184698 -0.00253864  0.00420167    0.323208
IMAGINARY
          0 -0.00443443  -0.0073198    0.006353
 0.00443443           0  -0.0267209 -0.00859531
  0.0073198   0.0267209           0 -0.00750191
  -0.006353  0.00859531  0.00750191           0
Repeater1[0]<--->BSA[0]
REAL
   0.432911 -0.00313936  0.00814484    0.206458
-0.00313936   0.0949367  0.00348723  -0.0205758
 0.00814484  0.00348723   0.0696203 -0.00376671
   0.206458  -0.0205758 -0.00376671    0.402532
IMAGINARY
          0 -0.00801382  0.00786123   0.0055008
 0.00801382           0  -0.0091863  0.00203976
-0.00786123   0.0091863           0  -0.0167387
 -0.0055008 -0.00203976   0.0167387           0
EndNode1[0]<--->Repeater1[0]
REAL
  0.471129  0.0120752  0.0172831   0.189788
 0.0120752   0.107612 0.00550614 -0.0125772
 0.0172831 0.00550614   0.115486  0.0196895
  0.189788 -0.0125772  0.0196895   0.305774
IMAGINARY
          0 -0.00880671  -0.0124808  -0.0100482
 0.00880671           0   0.0209596 -0.00377935
  0.0124808  -0.0209596           0  0.00474167
  0.0100482  0.00377935 -0.00474167           0
EndNode2[0]<--->BSA[0]
REAL
    0.451235    0.0167749 -0.000351421     0.213732
   0.0167749    0.0793238  -0.00055371    0.0223152
-0.000351421  -0.00055371    0.0715215    0.0155249
    0.213732    0.0223152    0.0155249     0.397919
IMAGINARY
          0   0.0035466   0.0205357 -0.00340305
 -0.0035466           0   0.0130805  0.00953953
 -0.0205357  -0.0130805           0   -0.026103
 0.00340305 -0.00953953    0.026103           0
Repeater1[0]<--->EndNode1[0]
REAL
  0.471129  0.0172831  0.0120752   0.189788
 0.0172831   0.115486 0.00550614  0.0196895
 0.0120752 0.00550614   0.107612 -0.0125772
  0.189788  0.0196895 -0.0125772   0.305774
IMAGINARY
          0  -0.0124808 -0.00880671  -0.0100482
  0.0124808           0  -0.0209596  0.00474167
 0.00880671   0.0209596           0 -0.00377935
  0.0100482 -0.00474167  0.00377935           0
Repeater1[0]<--->BSA[0]
REAL
    0.451235 -0.000351421    0.0167749     0.213732
-0.000351421    0.0715215  -0.00055371    0.0155249
   0.0167749  -0.00055371    0.0793238    0.0223152
    0.213732    0.0155249    0.0223152     0.397919
IMAGINARY
          0   0.0205357   0.0035466 -0.00340305
 -0.0205357           0  -0.0130805   -0.026103
 -0.0035466   0.0130805           0  0.00953953
 0.00340305    0.026103 -0.00953953           0
EndNode1[0]<--->Repeater1[0]
REAL
    0.46568 -0.00582258  -0.0123122    0.171831
-0.00582258    0.109017 4.36453e-05  0.00449973
 -0.0123122 4.36453e-05   0.0928668 -0.00459408
   0.171831  0.00449973 -0.00459408    0.332436
IMAGINARY
           0    0.0151201  -0.00859778 -0.000868692
  -0.0151201            0   0.00404531    0.0169777
  0.00859778  -0.00404531            0  0.000243013
 0.000868692   -0.0169777 -0.000243013            0
EndNode2[0]<--->BSA[0]
REAL
   0.454301 -0.00995612  -0.0350062    0.238361
-0.00995612   0.0833333  0.00361609     0.01896
 -0.0350062  0.00361609   0.0806452  0.00289578
   0.238361     0.01896  0.00289578     0.38172
IMAGINARY
          0  -0.0135073  0.00599829   0.0017573
  0.0135073           0   0.0270098 -0.00288496
-0.00599829  -0.0270098           0 -0.00579527
 -0.0017573  0.00288496  0.00579527           0
Repeater1[0]<--->EndNode1[0]
REAL
    0.46568  -0.0123122 -0.00582258    0.171831
 -0.0123122   0.0928668 4.36453e-05 -0.00459408
-0.00582258 4.36453e-05    0.109017  0.00449973
   0.171831 -0.00459408  0.00449973    0.332436
IMAGINARY
           0  -0.00859778    0.0151201 -0.000868692
  0.00859778            0  -0.00404531  0.000243013
  -0.0151201   0.00404531            0    0.0169777
 0.000868692 -0.000243013   -0.0169777            0
Repeater1[0]<--->BSA[0]
REAL
   0.454301  -0.0350062 -0.00995612    0.238361
 -0.0350062   0.0806452  0.00361609  0.00289578
-0.00995612  0.00361609   0.0833333     0.01896
   0.238361  0.00289578     0.01896     0.38172
IMAGINARY
          0  0.00599829  -0.0135073   0.0017573
-0.00599829           0  -0.0270098 -0.00579527
  0.0135073   0.0270098           0 -0.00288496
 -0.0017573  0.00579527  0.00288496           0
