EndNode1[0]<--->Repeater1[0]
REAL
   0.432292  -0.0233939  -0.0103646    0.256138
 -0.0233939    0.078125    0.013752  -0.0183992
 -0.0103646    0.013752   0.0820312 -0.00536987
   0.256138  -0.0183992 -0.00536987    0.407552
IMAGINARY
          0   0.0101887  -0.0218609  -0.0044525
 -0.0101887           0 -0.00246574  0.00536349
  0.0218609  0.00246574           0  0.00757777
  0.0044525 -0.00536349 -0.00757777           0
EndNode2[0]<--->BSA[0]
REAL
   0.457074   0.0216072 0.000402212    0.237368
  0.0216072   0.0677146   0.0103445  0.00809452
0.000402212   0.0103445   0.0713422  0.00649734
   0.237368  0.00809452  0.00649734    0.403869
IMAGINARY
          0   0.0119148  0.00798531  -0.0221797
 -0.0119148           0   -0.019164 -0.00318421
-0.00798531    0.019164           0  0.00386026
  0.0221797  0.00318421 -0.00386026           0
Repeater1[0]<--->EndNode1[0]
REAL
   0.432292  -0.0103646  -0.0233939    0.256138
 -0.0103646   0.0820312    0.013752 -0.00536987
 -0.0233939    0.013752    0.078125  -0.0183992
   0.256138 -0.00536987  -0.0183992    0.407552
IMAGINARY
          0  -0.0218609   0.0101887  -0.0044525
  0.0218609           0  0.00246574  0.00757777
 -0.0101887 -0.00246574           0  0.00536349
  0.0044525 -0.00757777 -0.00536349           0
Repeater1[0]<--->BSA[0]
REAL
   0.457074 0.000402212   0.0216072    0.237368
0.000402212   0.0713422   0.0103445  0.00649734
  0.0216072   0.0103445   0.0677146  0.00809452
   0.237368  0.00649734  0.00809452    0.403869
IMAGINARY
          0  0.00798531   0.0119148  -0.0221797
-0.00798531           0    0.019164  0.00386026
 -0.0119148   -0.019164           0 -0.00318421
  0.0221797 -0.00386026  0.00318421           0
EndNode1[0]<--->Repeater1[0]
REAL
   0.426829  0.00976886   0.0250212    0.230077
 0.00976886   0.0840108 0.000492471  0.00606692
  0.0250212 0.000492471   0.0880759   0.0135472
   0.230077  0.00606692   0.0135472    0.401084
IMAGINARY
          0  0.00884292   -0.013382    0.011781
-0.00884292           0 -0.00066987 -0.00602902
   0.013382  0.00066987           0   0.0132454
  -0.011781  0.00602902  -0.0132454           0
EndNode2[0]<--->BSA[0]
REAL
   0.444748  0.00474211 -0.00665514    0.259388
 0.00474211   0.0900409   0.0183903  0.00103717
-0.00665514   0.0183903   0.0750341  0.00212431
   0.259388  0.00103717  0.00212431    0.390177
IMAGINARY
          0   0.0140796  -0.0144082 -0.00289582
 -0.0140796           0  0.00159712   0.0130232
  0.0144082 -0.00159712           0 -0.00299929
 0.00289582  -0.0130232  0.00299929           0
Repeater1[0]<--->EndNode1[0]
REAL
   0.426829   0.0250212  0.00976886    0.230077
  0.0250212   0.0880759 0.000492471   0.0135472
 0.00976886 0.000492471   0.0840108  0.00606692
   0.230077   0.0135472  0.00606692    0.401084
IMAGINARY
          0   -0.013382  0.00884292    0.011781
   0.013382           0  0.00066987   0.0132454
-0.00884292 -0.00066987           0 -0.00602902
  -0.011781  -0.0132454  0.00602902           0
Repeater1[0]<--->BSA[0]
REAL
   0.444748 -0.00665514  0.00474211    0.259388
-0.00665514   0.0750341   0.0183903  0.00212431
 0.00474211   0.0183903   0.0900409  0.00103717
   0.259388  0.00212431  0.00103717    0.390177
IMAGINARY
          0  -0.0144082   0.0140796 -0.00289582
  0.0144082           0 -0.00159712 -0.00299929
 -0.0140796  0.00159712           0   0.0130232
 0.00289582  0.00299929  -0.0130232           0
EndNode1[0]<--->Repeater1[0]
REAL
    0.43375 -0.00710359 -0.00885659     0.22562
-0.00710359     0.08875 -0.00524726  0.00153302
-0.00885659 -0.00524726     0.09625  -0.0108724
    0.22562  0.00153302  -0.0108724     0.38125
IMAGINARY
           0    0.0176552   -0.0146505   0.00121238
  -0.0176552            0   0.00827271 -0.000655606
   0.0146505  -0.00827271            0  -0.00872667
 -0.00121238  0.000655606   0.00872667            0
EndNode2[0]<--->BSA[0]
REAL
    0.450742    0.0101491  -0.00284945      0.24889
   0.0101491    0.0823212 -0.000205543    0.0212705
 -0.00284945 -0.000205543    0.0634278   0.00695621
     0.24889    0.0212705   0.00695621     0.403509
IMAGINARY
           0  -0.00412344  -0.00440489   0.00992897
  0.00412344            0  0.000542235    0.0267209
  0.00440489 -0.000542235            0   0.00834539
 -0.00992897   -0.0267209  -0.00834539            0
Repeater1[0]<--->EndNode1[0]
REAL
    0.43375 -0.00885659 -0.00710359     0.22562
-0.00885659     0.09625 -0.00524726  -0.0108724
-0.00710359 -0.00524726     0.08875  0.00153302
    0.22562  -0.0108724  0.00153302     0.38125
IMAGINARY
           0   -0.0146505    0.0176552   0.00121238
   0.0146505            0  -0.00827271  -0.00872667
  -0.0176552   0.00827271            0 -0.000655606
 -0.00121238   0.00872667  0.000655606            0
Repeater1[0]<--->BSA[0]
REAL
    0.450742  -0.00284945    0.0101491      0.24889
 -0.00284945    0.0634278 -0.000205543   0.00695621
   0.0101491 -0.000205543    0.0823212    0.0212705
     0.24889   0.00695621    0.0212705     0.403509
IMAGINARY
           0  -0.00440489  -0.00412344   0.00992897
  0.00440489            0 -0.000542235   0.00834539
  0.00412344  0.000542235            0    0.0267209
 -0.00992897  -0.00834539   -0.0267209            0
EndNode1[0]<--->Repeater1[0]
REAL
   0.449673  0.00563435  0.00103671    0.249466
 0.00563435   0.0614379  0.00810926  -0.0124003
 0.00103671  0.00810926   0.0901961 -0.00689698
   0.249466  -0.0124003 -0.00689698    0.398693
IMAGINARY
          0  0.00991338   0.0208463  -0.0210529
-0.00991338           0  0.00665495  0.00796289
 -0.0208463 -0.00665495           0  0.00481134
  0.0210529 -0.00796289 -0.00481134           0
EndNode2[0]<--->BSA[0]
REAL
   0.447011   0.0197575  -0.0119382    0.247356
  0.0197575   0.0652174   0.0060689 -0.00113773
 -0.0119382   0.0060689   0.0788043  -0.0153988
   0.247356 -0.00113773  -0.0153988    0.408967
IMAGINARY
          0   0.0115724 -0.00203602 -0.00111646
 -0.0115724           0  -0.0062185  0.00739795
 0.00203602   0.0062185           0 -0.00218904
 0.00111646 -0.00739795  0.00218904           0
Repeater1[0]<--->EndNode1[0]
REAL
   0.449673  0.00103671  0.00563435    0.249466
 0.00103671   0.0901961  0.00810926 -0.00689698
 0.00563435  0.00810926   0.0614379  -0.0124003
   0.249466 -0.00689698  -0.0124003    0.398693
IMAGINARY
          0   0.0208463  0.00991338  -0.0210529
 -0.0208463           0 -0.00665495  0.00481134
-0.00991338  0.00665495           0  0.00796289
  0.0210529 -0.00481134 -0.00796289           0
Repeater1[0]<--->BSA[0]
REAL
   0.447011  -0.0119382   0.0197575    0.247356
 -0.0119382   0.0788043   0.0060689  -0.0153988
  0.0197575   0.0060689   0.0652174 -0.00113773
   0.247356  -0.0153988 -0.00113773    0.408967
IMAGINARY
          0 -0.00203602   0.0115724 -0.00111646
 0.00203602           0   0.0062185 -0.00218904
 -0.0115724  -0.0062185           0  0.00739795
 0.00111646  0.00218904 -0.00739795           0
EndNode1[0]<--->Repeater1[0]
REAL
   0.454301  0.00331395  -0.0100314    0.239369
 0.00331395   0.0739247 0.000630631  0.00253141
 -0.0100314 0.000630631   0.0752688 -0.00831395
   0.239369  0.00253141 -0.00831395    0.396505
IMAGINARY
          0   0.0190332   -0.014815   0.0275066
 -0.0190332           0 -0.00515669   0.0296155
   0.014815  0.00515669           0 -0.00680664
 -0.0275066  -0.0296155  0.00680664           0
EndNode2[0]<--->BSA[0]
REAL
   0.460746 0.000123275 -0.00703989    0.248696
0.000123275   0.0694981 -0.00262631   0.0269915
-0.00703989 -0.00262631   0.0604891  0.00531808
   0.248696   0.0269915  0.00531808    0.409266
IMAGINARY
          0    0.010582  -0.0328122 -0.00674546
  -0.010582           0    0.019429   0.0037117
  0.0328122   -0.019429           0    0.010582
 0.00674546  -0.0037117   -0.010582           0
Repeater1[0]<--->EndNode1[0]
REAL
   0.454301  -0.0100314  0.00331395    0.239369
 -0.0100314   0.0752688 0.000630631 -0.00831395
 0.00331395 0.000630631   0.0739247  0.00253141
   0.239369 -0.00831395  0.00253141    0.396505
IMAGINARY
          0   -0.014815   0.0190332   0.0275066
   0.014815           0  0.00515669 -0.00680664
 -0.0190332 -0.00515669           0   0.0296155
 -0.0275066  0.00680664  -0.0296155           0
Repeater1[0]<--->BSA[0]
REAL
   0.460746 -0.00703989 0.000123275    0.248696
-0.00703989   0.0604891 -0.00262631  0.00531808
0.000123275 -0.00262631   0.0694981   0.0269915
   0.248696  0.00531808   0.0269915    0.409266
IMAGINARY
          0  -0.0328122    0.010582 -0.00674546
  0.0328122           0   -0.019429    0.010582
  -0.010582    0.019429           0   0.0037117
 0.00674546   -0.010582  -0.0037117           0
