EndNode1[0]<--->Repeater1[0]
REAL
  0.495695  0.0282833 -0.0137671  0.0492777
 0.0282833   0.348093  0.0081636 -0.0175645
-0.0137671  0.0081636   0.105781  0.0043538
 0.0492777 -0.0175645  0.0043538  0.0504305
IMAGINARY
          0 -0.00101853  0.00522193  0.00297326
 0.00101853           0  -0.0160623 -0.00522193
-0.00522193   0.0160623           0 -0.00428651
-0.00297326  0.00522193  0.00428651           0
EndNode2[0]<--->BSA[0]
REAL
   0.444159  -0.0130855 -0.00343723   0.0791612
 -0.0130855    0.134788   0.0208388  -0.0112294
-0.00343723   0.0208388    0.306804   0.0197522
  0.0791612  -0.0112294   0.0197522    0.114249
IMAGINARY
          0 -0.00514497   0.0040392  -0.0104864
 0.00514497           0  0.00414124 -0.00207327
 -0.0040392 -0.00414124           0  0.00973213
  0.0104864  0.00207327 -0.00973213           0
Repeater1[0]<--->EndNode1[0]
REAL
  0.495695 -0.0137671  0.0282833  0.0492777
-0.0137671   0.105781  0.0081636  0.0043538
 0.0282833  0.0081636   0.348093 -0.0175645
 0.0492777  0.0043538 -0.0175645  0.0504305
IMAGINARY
          0  0.00522193 -0.00101853  0.00297326
-0.00522193           0   0.0160623 -0.00428651
 0.00101853  -0.0160623           0 -0.00522193
-0.00297326  0.00428651  0.00522193           0
Repeater1[0]<--->BSA[0]
REAL
   0.444159 -0.00343723  -0.0130855   0.0791612
-0.00343723    0.306804   0.0208388   0.0197522
 -0.0130855   0.0208388    0.134788  -0.0112294
  0.0791612   0.0197522  -0.0112294    0.114249
IMAGINARY
          0   0.0040392 -0.00514497  -0.0104864
 -0.0040392           0 -0.00414124  0.00973213
 0.00514497  0.00414124           0 -0.00207327
  0.0104864 -0.00973213  0.00207327           0
EndNode1[0]<--->Repeater1[0]
REAL
  0.478643 -0.0162961  0.0214904  0.0176082
-0.0162961   0.363065 -0.0214543  0.0131249
 0.0214904 -0.0214543   0.106784  0.0188602
 0.0176082  0.0131249  0.0188602  0.0515075
IMAGINARY
          0 -0.00411329  -0.0114228   0.0120534
 0.00411329           0  -0.0173584  0.00751657
  0.0114228   0.0173584           0  0.00801954
 -0.0120534 -0.00751657 -0.00801954           0
EndNode2[0]<--->BSA[0]
REAL
   0.464646  0.00567705 -0.00277681   0.0870008
 0.00567705    0.106061   0.0140423 -0.00960911
-0.00277681   0.0140423    0.311869  -0.0024176
  0.0870008 -0.00960911  -0.0024176    0.117424
IMAGINARY
           0  -0.00435074    0.0123677  0.000563658
  0.00435074            0   -0.0268794   -0.0103596
  -0.0123677    0.0268794            0  -0.00435074
-0.000563658    0.0103596   0.00435074            0
Repeater1[0]<--->EndNode1[0]
REAL
  0.478643  0.0214904 -0.0162961  0.0176082
 0.0214904   0.106784 -0.0214543  0.0188602
-0.0162961 -0.0214543   0.363065  0.0131249
 0.0176082  0.0188602  0.0131249  0.0515075
IMAGINARY
          0  -0.0114228 -0.00411329   0.0120534
  0.0114228           0   0.0173584  0.00801954
 0.00411329  -0.0173584           0  0.00751657
 -0.0120534 -0.00801954 -0.00751657           0
Repeater1[0]<--->BSA[0]
REAL
   0.464646 -0.00277681  0.00567705   0.0870008
-0.00277681    0.311869   0.0140423  -0.0024176
 0.00567705   0.0140423    0.106061 -0.00960911
  0.0870008  -0.0024176 -0.00960911    0.117424
IMAGINARY
           0    0.0123677  -0.00435074  0.000563658
  -0.0123677            0    0.0268794  -0.00435074
  0.00435074   -0.0268794            0   -0.0103596
-0.000563658   0.00435074    0.0103596            0
EndNode1[0]<--->Repeater1[0]
REAL
  0.455584  0.0267376  0.0124388    0.02204
 0.0267376   0.380711 0.00649597 -0.0186423
 0.0124388 0.00649597   0.110406 -0.0056458
   0.02204 -0.0186423 -0.0056458  0.0532995
IMAGINARY
          0  -0.0146643  -0.0113897 -0.00446438
  0.0146643           0  0.00634643  -0.0171077
  0.0113897 -0.00634643           0 -0.00087979
 0.00446438   0.0171077  0.00087979           0
EndNode2[0]<--->BSA[0]
REAL
   0.458599  -0.0155296  -0.0124787   0.0704184
 -0.0155296    0.129936 -0.00509179  -0.0164157
 -0.0124787 -0.00509179    0.309554 -0.00582716
  0.0704184  -0.0164157 -0.00582716    0.101911
IMAGINARY
          0 -0.00646259  -0.0141378 -0.00755319
 0.00646259           0   0.0173812  -0.0110322
  0.0141378  -0.0173812           0 -0.00646259
 0.00755319   0.0110322  0.00646259           0
Repeater1[0]<--->EndNode1[0]
REAL
  0.455584  0.0124388  0.0267376    0.02204
 0.0124388   0.110406 0.00649597 -0.0056458
 0.0267376 0.00649597   0.380711 -0.0186423
   0.02204 -0.0056458 -0.0186423  0.0532995
IMAGINARY
          0  -0.0113897  -0.0146643 -0.00446438
  0.0113897           0 -0.00634643 -0.00087979
  0.0146643  0.00634643           0  -0.0171077
 0.00446438  0.00087979   0.0171077           0
Repeater1[0]<--->BSA[0]
REAL
   0.458599  -0.0124787  -0.0155296   0.0704184
 -0.0124787    0.309554 -0.00509179 -0.00582716
 -0.0155296 -0.00509179    0.129936  -0.0164157
  0.0704184 -0.00582716  -0.0164157    0.101911
IMAGINARY
          0  -0.0141378 -0.00646259 -0.00755319
  0.0141378           0  -0.0173812 -0.00646259
 0.00646259   0.0173812           0  -0.0110322
 0.00755319  0.00646259   0.0110322           0
EndNode1[0]<--->Repeater1[0]
REAL
    0.55168   0.0155108   0.0212381   0.0250416
  0.0155108    0.293282   0.0104914   0.0269852
  0.0212381   0.0104914   0.0994832 -0.00282044
  0.0250416   0.0269852 -0.00282044   0.0555556
IMAGINARY
          0    0.015699  0.00728018  -0.0145099
  -0.015699           0 -0.00188359  -0.0257987
-0.00728018  0.00188359           0  0.00943331
  0.0145099   0.0257987 -0.00943331           0
EndNode2[0]<--->BSA[0]
REAL
   0.489691   0.0251193 -0.00687772   0.0671182
  0.0251193    0.109536   0.0033863  0.00623089
-0.00687772   0.0033863    0.300258 -0.00248021
  0.0671182  0.00623089 -0.00248021    0.100515
IMAGINARY
          0  -0.0115867  -0.0302806 -0.00322754
  0.0115867           0  0.00127696   0.0138548
  0.0302806 -0.00127696           0   0.0148719
 0.00322754  -0.0138548  -0.0148719           0
Repeater1[0]<--->EndNode1[0]
REAL
    0.55168   0.0212381   0.0155108   0.0250416
  0.0212381   0.0994832   0.0104914 -0.00282044
  0.0155108   0.0104914    0.293282   0.0269852
  0.0250416 -0.00282044   0.0269852   0.0555556
IMAGINARY
          0  0.00728018    0.015699  -0.0145099
-0.00728018           0  0.00188359  0.00943331
  -0.015699 -0.00188359           0  -0.0257987
  0.0145099 -0.00943331   0.0257987           0
Repeater1[0]<--->BSA[0]
REAL
   0.489691 -0.00687772   0.0251193   0.0671182
-0.00687772    0.300258   0.0033863 -0.00248021
  0.0251193   0.0033863    0.109536  0.00623089
  0.0671182 -0.00248021  0.00623089    0.100515
IMAGINARY
          0  -0.0302806  -0.0115867 -0.00322754
  0.0302806           0 -0.00127696   0.0148719
  0.0115867  0.00127696           0   0.0138548
 0.00322754  -0.0148719  -0.0138548           0
EndNode1[0]<--->Repeater1[0]
REAL
   0.492063 -0.00530085  0.00495216   0.0113814
-0.00530085    0.329365   0.0126039 -0.00679718
 0.00495216   0.0126039    0.119048  0.00468584
  0.0113814 -0.00679718  0.00468584   0.0595238
IMAGINARY
          0  0.00335381  0.00701591   0.0100281
-0.00335381           0   0.0066814  -0.0265758
-0.00701591  -0.0066814           0  0.00398116
 -0.0100281   0.0265758 -0.00398116           0
EndNode2[0]<--->BSA[0]
REAL
   0.496368 -0.00854029   0.0074918   0.0897485
-0.00854029    0.122276   0.0234094  -0.0101234
  0.0074918   0.0234094    0.279661 -0.00988077
  0.0897485  -0.0101234 -0.00988077    0.101695
IMAGINARY
          0  -0.0108468   0.0260361  0.00934092
  0.0108468           0 -0.00687179  -0.0125226
 -0.0260361  0.00687179           0 -0.00143821
-0.00934092   0.0125226  0.00143821           0
Repeater1[0]<--->EndNode1[0]
REAL
   0.492063  0.00495216 -0.00530085   0.0113814
 0.00495216    0.119048   0.0126039  0.00468584
-0.00530085   0.0126039    0.329365 -0.00679718
  0.0113814  0.00468584 -0.00679718   0.0595238
IMAGINARY
          0  0.00701591  0.00335381   0.0100281
-0.00701591           0  -0.0066814  0.00398116
-0.00335381   0.0066814           0  -0.0265758
 -0.0100281 -0.00398116   0.0265758           0
Repeater1[0]<--->BSA[0]
REAL
   0.496368   0.0074918 -0.00854029   0.0897485
  0.0074918    0.279661   0.0234094 -0.00988077
-0.00854029   0.0234094    0.122276  -0.0101234
  0.0897485 -0.00988077  -0.0101234    0.101695
IMAGINARY
          0   0.0260361  -0.0108468  0.00934092
 -0.0260361           0  0.00687179 -0.00143821
  0.0108468 -0.00687179           0  -0.0125226
-0.00934092  0.00143821   0.0125226           0
