EndNode1[0]<--->Repeater1[0]
REAL
   0.476493  -0.0118353  0.00513708    0.172185
 -0.0118353   0.0838628 9.48401e-05  0.00133961
 0.00513708 9.48401e-05    0.104193  0.00147265
   0.172185  0.00133961  0.00147265    0.335451
IMAGINARY
          0 -0.00590451 -0.00188705 -0.00691961
 0.00590451           0 -0.00559686  -0.0212669
 0.00188705  0.00559686           0 -0.00848849
 0.00691961   0.0212669  0.00848849           0
EndNode2[0]<--->BSA[0]
REAL
   0.458763   0.0146667  -0.0140451    0.237613
  0.0146667   0.0657216 -0.00294681  0.00871175
 -0.0140451 -0.00294681   0.0914948      -0.016
   0.237613  0.00871175      -0.016    0.384021
IMAGINARY
           0   0.00552697   0.00207048 -0.000702606
 -0.00552697            0    0.0138605   -0.0185138
 -0.00207048   -0.0138605            0   0.00239021
 0.000702606    0.0185138  -0.00239021            0
Repeater1[0]<--->EndNode1[0]
REAL
   0.476493  0.00513708  -0.0118353    0.172185
 0.00513708    0.104193 9.48401e-05  0.00147265
 -0.0118353 9.48401e-05   0.0838628  0.00133961
   0.172185  0.00147265  0.00133961    0.335451
IMAGINARY
          0 -0.00188705 -0.00590451 -0.00691961
 0.00188705           0  0.00559686 -0.00848849
 0.00590451 -0.00559686           0  -0.0212669
 0.00691961  0.00848849   0.0212669           0
Repeater1[0]<--->BSA[0]
REAL
   0.458763  -0.0140451   0.0146667    0.237613
 -0.0140451   0.0914948 -0.00294681      -0.016
  0.0146667 -0.00294681   0.0657216  0.00871175
   0.237613      -0.016  0.00871175    0.384021
IMAGINARY
           0   0.00207048   0.00552697 -0.000702606
 -0.00207048            0   -0.0138605   0.00239021
 -0.00552697    0.0138605            0   -0.0185138
 0.000702606  -0.00239021    0.0185138            0
EndNode1[0]<--->Repeater1[0]
REAL
  0.463612  0.0104696 0.00189235   0.185533
 0.0104696   0.126685  0.0197436 0.00518616
0.00189235  0.0197436  0.0902965 0.00304389
  0.185533 0.00518616 0.00304389   0.319407
IMAGINARY
          0  -0.0153117  0.00593832 -0.00444765
  0.0153117           0 -0.00578099   0.0190617
-0.00593832  0.00578099           0  0.00873272
 0.00444765  -0.0190617 -0.00873272           0
EndNode2[0]<--->BSA[0]
REAL
   0.459144  0.00824282 -0.00251232    0.215794
 0.00824282   0.0856031 -0.00440112  -0.0101459
-0.00251232 -0.00440112   0.0843061   0.0246686
   0.215794  -0.0101459   0.0246686    0.370947
IMAGINARY
          0  -0.0115185    0.014033   0.0101024
  0.0115185           0 -0.00402951    0.012731
  -0.014033  0.00402951           0  -0.0274109
 -0.0101024   -0.012731   0.0274109           0
Repeater1[0]<--->EndNode1[0]
REAL
  0.463612 0.00189235  0.0104696   0.185533
0.00189235  0.0902965  0.0197436 0.00304389
 0.0104696  0.0197436   0.126685 0.00518616
  0.185533 0.00304389 0.00518616   0.319407
IMAGINARY
          0  0.00593832  -0.0153117 -0.00444765
-0.00593832           0  0.00578099  0.00873272
  0.0153117 -0.00578099           0   0.0190617
 0.00444765 -0.00873272  -0.0190617           0
Repeater1[0]<--->BSA[0]
REAL
   0.459144 -0.00251232  0.00824282    0.215794
-0.00251232   0.0843061 -0.00440112   0.0246686
 0.00824282 -0.00440112   0.0856031  -0.0101459
   0.215794   0.0246686  -0.0101459    0.370947
IMAGINARY
          0    0.014033  -0.0115185   0.0101024
  -0.014033           0  0.00402951  -0.0274109
  0.0115185 -0.00402951           0    0.012731
 -0.0101024   0.0274109   -0.012731           0
EndNode1[0]<--->Repeater1[0]
REAL
  0.467742  0.0141592  0.0104395   0.188871
 0.0141592   0.117866 0.00513183  0.0281162
 0.0104395 0.00513183   0.104218  0.0121566
  0.188871  0.0281162  0.0121566   0.310174
IMAGINARY
          0 -0.00468963   0.0164818   0.0251143
 0.00468963           0   0.0148857    0.011047
 -0.0164818  -0.0148857           0 -0.00875467
 -0.0251143   -0.011047  0.00875467           0
EndNode2[0]<--->BSA[0]
REAL
    0.474185   -0.0185905  -0.00997939     0.220415
  -0.0185905    0.0638587    0.0254083   -0.0031471
 -0.00997939    0.0254083    0.0842391 -0.000502612
    0.220415   -0.0031471 -0.000502612     0.377717
IMAGINARY
          0  0.00629946  0.00236167 -0.00955672
-0.00629946           0  -0.0002729  0.00236167
-0.00236167   0.0002729           0 -0.00292564
 0.00955672 -0.00236167  0.00292564           0
Repeater1[0]<--->EndNode1[0]
REAL
  0.467742  0.0104395  0.0141592   0.188871
 0.0104395   0.104218 0.00513183  0.0121566
 0.0141592 0.00513183   0.117866  0.0281162
  0.188871  0.0121566  0.0281162   0.310174
IMAGINARY
          0   0.0164818 -0.00468963   0.0251143
 -0.0164818           0  -0.0148857 -0.00875467
 0.00468963   0.0148857           0    0.011047
 -0.0251143  0.00875467   -0.011047           0
Repeater1[0]<--->BSA[0]
REAL
    0.474185  -0.00997939   -0.0185905     0.220415
 -0.00997939    0.0842391    0.0254083 -0.000502612
  -0.0185905    0.0254083    0.0638587   -0.0031471
    0.220415 -0.000502612   -0.0031471     0.377717
IMAGINARY
          0  0.00236167  0.00629946 -0.00955672
-0.00236167           0   0.0002729 -0.00292564
-0.00629946  -0.0002729           0  0.00236167
 0.00955672  0.00292564 -0.00236167           0
EndNode1[0]<--->Repeater1[0]
REAL
  0.467172 -0.0123709 -0.0126284   0.187679
-0.0123709  0.0959596  0.0123207  0.0101284
-0.0126284  0.0123207  0.0934343 -0.0251291
  0.187679  0.0101284 -0.0251291   0.343434
IMAGINARY
           0    0.0049045    0.0159824   0.00901566
  -0.0049045            0  -0.00707013 -0.000988899
  -0.0159824   0.00707013            0   -0.0185942
 -0.00901566  0.000988899    0.0185942            0
EndNode2[0]<--->BSA[0]
REAL
    0.453782  0.000511045  -0.00942783     0.230956
 0.000511045    0.0868347 -0.000136596  -0.00942783
 -0.00942783 -0.000136596    0.0742297   -0.0128648
    0.230956  -0.00942783   -0.0128648     0.385154
IMAGINARY
          0   0.0330585  -0.0064228   0.0237563
 -0.0330585           0 -0.00275889  -0.0121846
  0.0064228  0.00275889           0  0.00475662
 -0.0237563   0.0121846 -0.00475662           0
Repeater1[0]<--->EndNode1[0]
REAL
  0.467172 -0.0126284 -0.0123709   0.187679
-0.0126284  0.0934343  0.0123207 -0.0251291
-0.0123709  0.0123207  0.0959596  0.0101284
  0.187679 -0.0251291  0.0101284   0.343434
IMAGINARY
           0    0.0159824    0.0049045   0.00901566
  -0.0159824            0   0.00707013   -0.0185942
  -0.0049045  -0.00707013            0 -0.000988899
 -0.00901566    0.0185942  0.000988899            0
Repeater1[0]<--->BSA[0]
REAL
    0.453782  -0.00942783  0.000511045     0.230956
 -0.00942783    0.0742297 -0.000136596   -0.0128648
 0.000511045 -0.000136596    0.0868347  -0.00942783
    0.230956   -0.0128648  -0.00942783     0.385154
IMAGINARY
          0  -0.0064228   0.0330585   0.0237563
  0.0064228           0  0.00275889  0.00475662
 -0.0330585 -0.00275889           0  -0.0121846
 -0.0237563 -0.00475662   0.0121846           0
EndNode1[0]<--->Repeater1[0]
REAL
   0.47198  0.0176053 0.00145098   0.186236
 0.0176053   0.103362 0.00215996  0.0200614
0.00145098 0.00215996  0.0797011  0.0208563
  0.186236  0.0200614  0.0208563   0.344956
IMAGINARY
          0  -0.0160143   0.0109586  0.00944835
  0.0160143           0  -0.0119994   0.0024172
 -0.0109586   0.0119994           0  0.00773407
-0.00944835  -0.0024172 -0.00773407           0
EndNode2[0]<--->BSA[0]
REAL
    0.441606   0.00714158   -0.0153878       0.2263
  0.00714158    0.0754258 -0.000972868    0.0159823
  -0.0153878 -0.000972868    0.0778589  -0.00297987
      0.2263    0.0159823  -0.00297987     0.405109
IMAGINARY
          0  0.00285878 -0.00247437  -0.0104435
-0.00285878           0  -0.0123447  0.00972075
 0.00247437   0.0123447           0   0.0122927
  0.0104435 -0.00972075  -0.0122927           0
Repeater1[0]<--->EndNode1[0]
REAL
   0.47198 0.00145098  0.0176053   0.186236
0.00145098  0.0797011 0.00215996  0.0208563
 0.0176053 0.00215996   0.103362  0.0200614
  0.186236  0.0208563  0.0200614   0.344956
IMAGINARY
          0   0.0109586  -0.0160143  0.00944835
 -0.0109586           0   0.0119994  0.00773407
  0.0160143  -0.0119994           0   0.0024172
-0.00944835 -0.00773407  -0.0024172           0
Repeater1[0]<--->BSA[0]
REAL
    0.441606   -0.0153878   0.00714158       0.2263
  -0.0153878    0.0778589 -0.000972868  -0.00297987
  0.00714158 -0.000972868    0.0754258    0.0159823
      0.2263  -0.00297987    0.0159823     0.405109
IMAGINARY
          0 -0.00247437  0.00285878  -0.0104435
 0.00247437           0   0.0123447   0.0122927
-0.00285878  -0.0123447           0  0.00972075
  0.0104435  -0.0122927 -0.00972075           0
EndNode1[0]<--->Repeater1[0]
REAL
   0.464334 -0.00505575  0.00682989    0.171411
-0.00505575    0.100942 -0.00303744 -0.00106805
 0.00682989 -0.00303744    0.107672    0.012098
   0.171411 -0.00106805    0.012098    0.327052
IMAGINARY
          0  0.00358796  0.00908165  0.00516889
-0.00358796           0 -0.00453357  0.00713106
-0.00908165  0.00453357           0 -0.00293945
-0.00516889 -0.00713106  0.00293945           0
EndNode2[0]<--->BSA[0]
REAL
    0.473424 -0.000353497 -0.000280888      0.21976
-0.000353497    0.0766378  8.39041e-05    0.0126025
-0.000280888  8.39041e-05    0.0815822   0.00229902
     0.21976    0.0126025   0.00229902     0.368356
IMAGINARY
          0   0.0111026  0.00769346  0.00269409
 -0.0111026           0  0.00457143  -0.0117366
-0.00769346 -0.00457143           0  -0.0151458
-0.00269409   0.0117366   0.0151458           0
Repeater1[0]<--->EndNode1[0]
REAL
   0.464334  0.00682989 -0.00505575    0.171411
 0.00682989    0.107672 -0.00303744    0.012098
-0.00505575 -0.00303744    0.100942 -0.00106805
   0.171411    0.012098 -0.00106805    0.327052
IMAGINARY
          0  0.00908165  0.00358796  0.00516889
-0.00908165           0  0.00453357 -0.00293945
-0.00358796 -0.00453357           0  0.00713106
-0.00516889  0.00293945 -0.00713106           0
Repeater1[0]<--->BSA[0]
REAL
    0.473424 -0.000280888 -0.000353497      0.21976
-0.000280888    0.0815822  8.39041e-05   0.00229902
-0.000353497  8.39041e-05    0.0766378    0.0126025
     0.21976   0.00229902    0.0126025     0.368356
IMAGINARY
          0  0.00769346   0.0111026  0.00269409
-0.00769346           0 -0.00457143  -0.0151458
 -0.0111026  0.00457143           0  -0.0117366
-0.00269409   0.0151458   0.0117366           0
