EndNode1[0]<--->Repeater1[0]
REAL
    0.43462   0.0125837 0.000565662    0.118946
  0.0125837   0.0946451   0.0163321   -0.017807
0.000565662   0.0163321    0.102117 0.000678919
   0.118946   -0.017807 0.000678919    0.368618
IMAGINARY
           0  0.000244064  -0.00100267   -0.0217537
-0.000244064            0    0.0136388   -0.0022653
  0.00100267   -0.0136388            0  -0.00481923
   0.0217537    0.0022653   0.00481923            0
EndNode2[0]<--->BSA[0]
REAL
   0.468672 -0.00736835   0.0148066    0.141055
-0.00736835   0.0726817  -0.0199616  -0.0109003
  0.0148066  -0.0199616    0.075188    0.017785
   0.141055  -0.0109003    0.017785    0.383459
IMAGINARY
          0  -0.0245305  0.00926231  -0.0285156
  0.0245305           0   0.0193772  0.00181982
-0.00926231  -0.0193772           0    0.021271
  0.0285156 -0.00181982   -0.021271           0
Repeater1[0]<--->EndNode1[0]
REAL
    0.43462 0.000565662   0.0125837    0.118946
0.000565662    0.102117   0.0163321 0.000678919
  0.0125837   0.0163321   0.0946451   -0.017807
   0.118946 0.000678919   -0.017807    0.368618
IMAGINARY
           0  -0.00100267  0.000244064   -0.0217537
  0.00100267            0   -0.0136388  -0.00481923
-0.000244064    0.0136388            0   -0.0022653
   0.0217537   0.00481923    0.0022653            0
Repeater1[0]<--->BSA[0]
REAL
   0.468672   0.0148066 -0.00736835    0.141055
  0.0148066    0.075188  -0.0199616    0.017785
-0.00736835  -0.0199616   0.0726817  -0.0109003
   0.141055    0.017785  -0.0109003    0.383459
IMAGINARY
          0  0.00926231  -0.0245305  -0.0285156
-0.00926231           0  -0.0193772    0.021271
  0.0245305   0.0193772           0  0.00181982
  0.0285156   -0.021271 -0.00181982           0
EndNode1[0]<--->Repeater1[0]
REAL
   0.458387  -0.0112324   0.0222346    0.115606
 -0.0112324   0.0729834   0.0024583 -0.00352495
  0.0222346   0.0024583    0.099872  -0.0165095
   0.115606 -0.00352495  -0.0165095    0.368758
IMAGINARY
          0  -0.0014566   0.0355091  0.00592018
  0.0014566           0 -0.00847773 -0.00832829
 -0.0355091  0.00847773           0  -0.0231957
-0.00592018  0.00832829   0.0231957           0
EndNode2[0]<--->BSA[0]
REAL
   0.441099  -0.0126361 0.000662879    0.129781
 -0.0126361   0.0798429  -0.0135311 -0.00691288
0.000662879  -0.0135311   0.0719895  0.00263612
   0.129781 -0.00691288  0.00263612    0.407068
IMAGINARY
          0   0.0059174 -0.00302289   0.0234465
 -0.0059174           0  0.00199879   0.0151248
 0.00302289 -0.00199879           0  -0.0231149
 -0.0234465  -0.0151248   0.0231149           0
Repeater1[0]<--->EndNode1[0]
REAL
   0.458387   0.0222346  -0.0112324    0.115606
  0.0222346    0.099872   0.0024583  -0.0165095
 -0.0112324   0.0024583   0.0729834 -0.00352495
   0.115606  -0.0165095 -0.00352495    0.368758
IMAGINARY
          0   0.0355091  -0.0014566  0.00592018
 -0.0355091           0  0.00847773  -0.0231957
  0.0014566 -0.00847773           0 -0.00832829
-0.00592018   0.0231957  0.00832829           0
Repeater1[0]<--->BSA[0]
REAL
   0.441099 0.000662879  -0.0126361    0.129781
0.000662879   0.0719895  -0.0135311  0.00263612
 -0.0126361  -0.0135311   0.0798429 -0.00691288
   0.129781  0.00263612 -0.00691288    0.407068
IMAGINARY
          0 -0.00302289   0.0059174   0.0234465
 0.00302289           0 -0.00199879  -0.0231149
 -0.0059174  0.00199879           0   0.0151248
 -0.0234465   0.0231149  -0.0151248           0
EndNode1[0]<--->Repeater1[0]
REAL
   0.442857 0.000789897  0.00664811    0.113979
0.000789897   0.0857143    0.020586   0.0197371
 0.00664811    0.020586   0.0948052  -0.0073862
   0.113979   0.0197371  -0.0073862    0.376623
IMAGINARY
          0 -0.00140869  -0.0128533  0.00677228
 0.00140869           0   0.0165252   0.0160299
  0.0128533  -0.0165252           0  0.00331466
-0.00677228  -0.0160299 -0.00331466           0
EndNode2[0]<--->BSA[0]
REAL
    0.44021  0.00964057   0.0143491      0.1049
 0.00964057    0.088042 -0.00355805  0.00242941
  0.0143491 -0.00355805   0.0762155    -0.02105
     0.1049  0.00242941    -0.02105    0.395532
IMAGINARY
          0  -0.0159137  -0.0188317  -0.0136053
  0.0159137           0 -0.00990164  0.00859975
  0.0188317  0.00990164           0 -0.00250375
  0.0136053 -0.00859975  0.00250375           0
Repeater1[0]<--->EndNode1[0]
REAL
   0.442857  0.00664811 0.000789897    0.113979
 0.00664811   0.0948052    0.020586  -0.0073862
0.000789897    0.020586   0.0857143   0.0197371
   0.113979  -0.0073862   0.0197371    0.376623
IMAGINARY
          0  -0.0128533 -0.00140869  0.00677228
  0.0128533           0  -0.0165252  0.00331466
 0.00140869   0.0165252           0   0.0160299
-0.00677228 -0.00331466  -0.0160299           0
Repeater1[0]<--->BSA[0]
REAL
    0.44021   0.0143491  0.00964057      0.1049
  0.0143491   0.0762155 -0.00355805    -0.02105
 0.00964057 -0.00355805    0.088042  0.00242941
     0.1049    -0.02105  0.00242941    0.395532
IMAGINARY
          0  -0.0188317  -0.0159137  -0.0136053
  0.0188317           0  0.00990164 -0.00250375
  0.0159137 -0.00990164           0  0.00859975
  0.0136053  0.00250375 -0.00859975           0
EndNode1[0]<--->Repeater1[0]
REAL
    0.466847   -0.0153701   -0.0210009     0.124868
  -0.0153701    0.0866035    0.0243751 -0.000319615
  -0.0210009    0.0243751    0.0838972  0.000927173
    0.124868 -0.000319615  0.000927173     0.362652
IMAGINARY
           0    0.0198144   -0.0139996   -0.0121141
  -0.0198144            0   0.00253557 -0.000180465
   0.0139996  -0.00253557            0   0.00422999
   0.0121141  0.000180465  -0.00422999            0
EndNode2[0]<--->BSA[0]
REAL
  0.455296   0.013354 0.00639414   0.126618
  0.013354  0.0770289  0.0317589 -0.0181742
0.00639414  0.0317589  0.0797799  -0.013354
  0.126618 -0.0181742  -0.013354   0.387895
IMAGINARY
          0   0.0102578   0.0210118 -0.00750348
 -0.0102578           0  0.00812152  0.00163199
 -0.0210118 -0.00812152           0    0.017282
 0.00750348 -0.00163199   -0.017282           0
Repeater1[0]<--->EndNode1[0]
REAL
    0.466847   -0.0210009   -0.0153701     0.124868
  -0.0210009    0.0838972    0.0243751  0.000927173
  -0.0153701    0.0243751    0.0866035 -0.000319615
    0.124868  0.000927173 -0.000319615     0.362652
IMAGINARY
           0   -0.0139996    0.0198144   -0.0121141
   0.0139996            0  -0.00253557   0.00422999
  -0.0198144   0.00253557            0 -0.000180465
   0.0121141  -0.00422999  0.000180465            0
Repeater1[0]<--->BSA[0]
REAL
  0.455296 0.00639414   0.013354   0.126618
0.00639414  0.0797799  0.0317589  -0.013354
  0.013354  0.0317589  0.0770289 -0.0181742
  0.126618  -0.013354 -0.0181742   0.387895
IMAGINARY
          0   0.0210118   0.0102578 -0.00750348
 -0.0210118           0 -0.00812152    0.017282
 -0.0102578  0.00812152           0  0.00163199
 0.00750348   -0.017282 -0.00163199           0
EndNode1[0]<--->Repeater1[0]
REAL
  0.466931 -0.0235112 -0.0101507    0.11261
-0.0235112  0.0992063  0.0193898 -0.0018493
-0.0101507  0.0193898  0.0859788 -0.0178222
   0.11261 -0.0018493 -0.0178222   0.347884
IMAGINARY
           0   -0.0127419   0.00357273  0.000167658
   0.0127419            0  -0.00400398 -0.000313279
 -0.00357273   0.00400398            0  -0.00616294
-0.000167658  0.000313279   0.00616294            0
EndNode2[0]<--->BSA[0]
REAL
   0.455919  0.00682672   0.0142345    0.119458
 0.00682672   0.0680101 0.000707873 -0.00318482
  0.0142345 0.000707873   0.0843829  0.00560422
   0.119458 -0.00318482  0.00560422    0.391688
IMAGINARY
           0   0.00904469     0.010685   -0.0110684
 -0.00904469            0 -1.19107e-05    -0.020685
   -0.010685  1.19107e-05            0  -0.00779469
   0.0110684     0.020685   0.00779469            0
Repeater1[0]<--->EndNode1[0]
REAL
  0.466931 -0.0101507 -0.0235112    0.11261
-0.0101507  0.0859788  0.0193898 -0.0178222
-0.0235112  0.0193898  0.0992063 -0.0018493
   0.11261 -0.0178222 -0.0018493   0.347884
IMAGINARY
           0   0.00357273   -0.0127419  0.000167658
 -0.00357273            0   0.00400398  -0.00616294
   0.0127419  -0.00400398            0 -0.000313279
-0.000167658   0.00616294  0.000313279            0
Repeater1[0]<--->BSA[0]
REAL
   0.455919   0.0142345  0.00682672    0.119458
  0.0142345   0.0843829 0.000707873  0.00560422
 0.00682672 0.000707873   0.0680101 -0.00318482
   0.119458  0.00560422 -0.00318482    0.391688
IMAGINARY
           0     0.010685   0.00904469   -0.0110684
   -0.010685            0  1.19107e-05  -0.00779469
 -0.00904469 -1.19107e-05            0    -0.020685
   0.0110684   0.00779469     0.020685            0
EndNode1[0]<--->Repeater1[0]
REAL
    0.46755  -0.0123868  0.00863742    0.114241
 -0.0123868   0.0834437    0.013476  -0.0181483
 0.00863742    0.013476   0.0860927 -0.00255882
   0.114241  -0.0181483 -0.00255882    0.362914
IMAGINARY
           0   -0.0104904    0.0219318   -0.0229843
   0.0104904            0   -0.0106945 -0.000248151
  -0.0219318    0.0106945            0  -0.00481573
   0.0229843  0.000248151   0.00481573            0
EndNode2[0]<--->BSA[0]
REAL
   0.427614 -0.00953231 -0.00122299    0.113247
-0.00953231   0.0616622 -0.00780523 -0.00489946
-0.00122299 -0.00780523   0.0965147 -0.00203231
   0.113247 -0.00489946 -0.00203231    0.414209
IMAGINARY
          0 -0.00638904 -0.00993371  0.00220123
 0.00638904           0  0.00283655  -0.0137505
 0.00993371 -0.00283655           0   0.0116522
-0.00220123   0.0137505  -0.0116522           0
Repeater1[0]<--->EndNode1[0]
REAL
    0.46755  0.00863742  -0.0123868    0.114241
 0.00863742   0.0860927    0.013476 -0.00255882
 -0.0123868    0.013476   0.0834437  -0.0181483
   0.114241 -0.00255882  -0.0181483    0.362914
IMAGINARY
           0    0.0219318   -0.0104904   -0.0229843
  -0.0219318            0    0.0106945  -0.00481573
   0.0104904   -0.0106945            0 -0.000248151
   0.0229843   0.00481573  0.000248151            0
Repeater1[0]<--->BSA[0]
REAL
   0.427614 -0.00122299 -0.00953231    0.113247
-0.00122299   0.0965147 -0.00780523 -0.00203231
-0.00953231 -0.00780523   0.0616622 -0.00489946
   0.113247 -0.00203231 -0.00489946    0.414209
IMAGINARY
          0 -0.00993371 -0.00638904  0.00220123
 0.00993371           0 -0.00283655   0.0116522
 0.00638904  0.00283655           0  -0.0137505
-0.00220123  -0.0116522   0.0137505           0
EndNode1[0]<--->Repeater1[0]
REAL
   0.471969  -0.0121205   0.0252087    0.124727
 -0.0121205   0.0964798  0.00269904 -0.00903791
  0.0252087  0.00269904   0.0847458  0.00241805
   0.124727 -0.00903791  0.00241805    0.346806
IMAGINARY
          0   0.0263502  0.00668895  -0.0120648
 -0.0263502           0  0.00392963 -0.00230848
-0.00668895 -0.00392963           0  -0.0132088
  0.0120648  0.00230848   0.0132088           0
EndNode2[0]<--->BSA[0]
REAL
  0.444737  0.0167776 -0.0145047   0.108828
 0.0167776  0.0776316  0.0305616  0.0151982
-0.0145047  0.0305616  0.0789474 0.00333333
  0.108828  0.0151982 0.00333333   0.398684
IMAGINARY
          0  0.00218449 -0.00400458  -0.0170069
-0.00218449           0   0.0236382  -0.0199281
 0.00400458  -0.0236382           0 -0.00671231
  0.0170069   0.0199281  0.00671231           0
Repeater1[0]<--->EndNode1[0]
REAL
   0.471969   0.0252087  -0.0121205    0.124727
  0.0252087   0.0847458  0.00269904  0.00241805
 -0.0121205  0.00269904   0.0964798 -0.00903791
   0.124727  0.00241805 -0.00903791    0.346806
IMAGINARY
          0  0.00668895   0.0263502  -0.0120648
-0.00668895           0 -0.00392963  -0.0132088
 -0.0263502  0.00392963           0 -0.00230848
  0.0120648   0.0132088  0.00230848           0
Repeater1[0]<--->BSA[0]
REAL
  0.444737 -0.0145047  0.0167776   0.108828
-0.0145047  0.0789474  0.0305616 0.00333333
 0.0167776  0.0305616  0.0776316  0.0151982
  0.108828 0.00333333  0.0151982   0.398684
IMAGINARY
          0 -0.00400458  0.00218449  -0.0170069
 0.00400458           0  -0.0236382 -0.00671231
-0.00218449   0.0236382           0  -0.0199281
  0.0170069  0.00671231   0.0199281           0
EndNode1[0]<--->Repeater1[0]
REAL
   0.429513  -0.0212969  -0.0326161    0.126787
 -0.0212969   0.0935441   0.0247465  0.00746273
 -0.0326161   0.0247465    0.108037 -0.00631049
   0.126787  0.00746273 -0.00631049    0.368906
IMAGINARY
           0    0.0164854 -0.000766645   0.00410586
  -0.0164854            0  -0.00238765   0.00841971
 0.000766645   0.00238765            0  -0.00373027
 -0.00410586  -0.00841971   0.00373027            0
EndNode2[0]<--->BSA[0]
REAL
   0.451899 0.000463391  -0.0160033    0.124472
0.000463391   0.0759494   0.0177301  -0.0187281
 -0.0160033   0.0177301   0.0810127 -0.00767178
   0.124472  -0.0187281 -0.00767178    0.391139
IMAGINARY
          0 -0.00837805   0.0143028 -0.00549932
 0.00837805           0  0.00136709 -0.00743636
 -0.0143028 -0.00136709           0   0.0177413
 0.00549932  0.00743636  -0.0177413           0
Repeater1[0]<--->EndNode1[0]
REAL
   0.429513  -0.0326161  -0.0212969    0.126787
 -0.0326161    0.108037   0.0247465 -0.00631049
 -0.0212969   0.0247465   0.0935441  0.00746273
   0.126787 -0.00631049  0.00746273    0.368906
IMAGINARY
           0 -0.000766645    0.0164854   0.00410586
 0.000766645            0   0.00238765  -0.00373027
  -0.0164854  -0.00238765            0   0.00841971
 -0.00410586   0.00373027  -0.00841971            0
Repeater1[0]<--->BSA[0]
REAL
   0.451899  -0.0160033 0.000463391    0.124472
 -0.0160033   0.0810127   0.0177301 -0.00767178
0.000463391   0.0177301   0.0759494  -0.0187281
   0.124472 -0.00767178  -0.0187281    0.391139
IMAGINARY
          0   0.0143028 -0.00837805 -0.00549932
 -0.0143028           0 -0.00136709   0.0177413
 0.00837805  0.00136709           0 -0.00743636
 0.00549932  -0.0177413  0.00743636           0
EndNode1[0]<--->Repeater1[0]
REAL
   0.437018  -0.0150742  0.00326417    0.133521
 -0.0150742   0.0989717 -0.00803382  0.00258758
 0.00326417 -0.00803382   0.0835476  0.00532131
   0.133521  0.00258758  0.00532131    0.380463
IMAGINARY
           0   -0.0215583  -0.00426907 -0.000879111
   0.0215583            0    0.0110572  -0.00362886
  0.00426907   -0.0110572            0    0.0185206
 0.000879111   0.00362886   -0.0185206            0
EndNode2[0]<--->BSA[0]
REAL
  0.492476 -0.0151092  0.0173005   0.125672
-0.0151092  0.0601915  0.0123065 -0.0200328
 0.0173005  0.0123065  0.0779754 0.00281414
  0.125672 -0.0200328 0.00281414   0.369357
IMAGINARY
         0  0.0131449 -0.0186277 -0.0186681
-0.0131449          0   0.021187 -0.0112053
 0.0186277  -0.021187          0 -0.0119516
 0.0186681  0.0112053  0.0119516          0
Repeater1[0]<--->EndNode1[0]
REAL
   0.437018  0.00326417  -0.0150742    0.133521
 0.00326417   0.0835476 -0.00803382  0.00532131
 -0.0150742 -0.00803382   0.0989717  0.00258758
   0.133521  0.00532131  0.00258758    0.380463
IMAGINARY
           0  -0.00426907   -0.0215583 -0.000879111
  0.00426907            0   -0.0110572    0.0185206
   0.0215583    0.0110572            0  -0.00362886
 0.000879111   -0.0185206   0.00362886            0
Repeater1[0]<--->BSA[0]
REAL
  0.492476  0.0173005 -0.0151092   0.125672
 0.0173005  0.0779754  0.0123065 0.00281414
-0.0151092  0.0123065  0.0601915 -0.0200328
  0.125672 0.00281414 -0.0200328   0.369357
IMAGINARY
         0 -0.0186277  0.0131449 -0.0186681
 0.0186277          0  -0.021187 -0.0119516
-0.0131449   0.021187          0 -0.0112053
 0.0186681  0.0119516  0.0112053          0
EndNode1[0]<--->Repeater1[0]
REAL
   0.411458 -0.00371548  0.00154881   0.0987904
-0.00371548   0.0976562 -0.00426304  0.00218253
 0.00154881 -0.00426304    0.114583 -0.00499099
  0.0987904  0.00218253 -0.00499099    0.376302
IMAGINARY
          0  0.00606168   0.0108142  -0.0122758
-0.00606168           0 -0.00174293   0.0108142
 -0.0108142  0.00174293           0  0.00284417
  0.0122758  -0.0108142 -0.00284417           0
EndNode2[0]<--->BSA[0]
REAL
   0.447368   0.0211932  0.00112385    0.126586
  0.0211932   0.0669856 -0.00254502 -0.00623894
 0.00112385 -0.00254502   0.0801435   0.0120549
   0.126586 -0.00623894   0.0120549    0.405502
IMAGINARY
          0   0.0353538 -0.00738508  0.00720645
 -0.0353538           0 -0.00534309  -0.0115868
 0.00738508  0.00534309           0  0.00442592
-0.00720645   0.0115868 -0.00442592           0
Repeater1[0]<--->EndNode1[0]
REAL
   0.411458  0.00154881 -0.00371548   0.0987904
 0.00154881    0.114583 -0.00426304 -0.00499099
-0.00371548 -0.00426304   0.0976563  0.00218253
  0.0987904 -0.00499099  0.00218253    0.376302
IMAGINARY
          0   0.0108142  0.00606168  -0.0122758
 -0.0108142           0  0.00174293  0.00284417
-0.00606168 -0.00174293           0   0.0108142
  0.0122758 -0.00284417  -0.0108142           0
Repeater1[0]<--->BSA[0]
REAL
   0.447368  0.00112385   0.0211932    0.126586
 0.00112385   0.0801435 -0.00254502   0.0120549
  0.0211932 -0.00254502   0.0669856 -0.00623894
   0.126586   0.0120549 -0.00623894    0.405502
IMAGINARY
          0 -0.00738508   0.0353538  0.00720645
 0.00738508           0  0.00534309  0.00442592
 -0.0353538 -0.00534309           0  -0.0115868
-0.00720645 -0.00442592   0.0115868           0
EndNode1[0]<--->Repeater1[0]
REAL
   0.486146   0.0149386 -0.00619978    0.110081
  0.0149386   0.0755668 -0.00551807   -0.018515
-0.00619978 -0.00551807    0.102015 -0.00416548
   0.110081   -0.018515 -0.00416548    0.336272
IMAGINARY
          0   0.0158507  0.00676419   0.0114366
 -0.0158507           0  -0.0319845   0.0099489
-0.00676419   0.0319845           0   0.0120045
 -0.0114366  -0.0099489  -0.0120045           0
EndNode2[0]<--->BSA[0]
REAL
  0.427649 -0.0259073  0.0110658  0.0908087
-0.0259073  0.0891473 0.00737078  0.0129914
 0.0110658 0.00737078  0.0749354  0.0226563
 0.0908087  0.0129914  0.0226563   0.408269
IMAGINARY
          0   0.0226355   0.0184244 -0.00286794
 -0.0226355           0  -0.0132212  -0.0115235
 -0.0184244   0.0132212           0 -0.00193288
 0.00286794   0.0115235  0.00193288           0
Repeater1[0]<--->EndNode1[0]
REAL
   0.486146 -0.00619978   0.0149386    0.110081
-0.00619978    0.102015 -0.00551807 -0.00416548
  0.0149386 -0.00551807   0.0755668   -0.018515
   0.110081 -0.00416548   -0.018515    0.336272
IMAGINARY
          0  0.00676419   0.0158507   0.0114366
-0.00676419           0   0.0319845   0.0120045
 -0.0158507  -0.0319845           0   0.0099489
 -0.0114366  -0.0120045  -0.0099489           0
Repeater1[0]<--->BSA[0]
REAL
  0.427649  0.0110658 -0.0259073  0.0908087
 0.0110658  0.0749354 0.00737078  0.0226563
-0.0259073 0.00737078  0.0891473  0.0129914
 0.0908087  0.0226563  0.0129914   0.408269
IMAGINARY
          0   0.0184244   0.0226355 -0.00286794
 -0.0184244           0   0.0132212 -0.00193288
 -0.0226355  -0.0132212           0  -0.0115235
 0.00286794  0.00193288   0.0115235           0
EndNode1[0]<--->Repeater1[0]
REAL
   0.421189  0.00346149  0.00796126    0.102288
 0.00346149    0.102067 -0.00555473  -0.0054487
 0.00796126 -0.00555473   0.0917313 -0.00723033
   0.102288  -0.0054487 -0.00723033    0.385013
IMAGINARY
          0 -0.00769678  0.00615196 -0.00199636
 0.00769678           0   0.0108571  0.00365196
-0.00615196  -0.0108571           0  -0.0125647
 0.00199636 -0.00365196   0.0125647           0
EndNode2[0]<--->BSA[0]
REAL
   0.468992  -0.0112433  -0.0325964    0.139334
 -0.0112433   0.0697674  -0.0125646  -0.0079441
 -0.0325964  -0.0125646   0.0775194 -0.00870522
   0.139334  -0.0079441 -0.00870522    0.383721
IMAGINARY
          0  0.00972993   0.0107404  0.00859456
-0.00972993           0   0.0165311  0.00318369
 -0.0107404  -0.0165311           0  -0.0147932
-0.00859456 -0.00318369   0.0147932           0
Repeater1[0]<--->EndNode1[0]
REAL
   0.421189  0.00796126  0.00346149    0.102288
 0.00796126   0.0917313 -0.00555473 -0.00723033
 0.00346149 -0.00555473    0.102067  -0.0054487
   0.102288 -0.00723033  -0.0054487    0.385013
IMAGINARY
          0  0.00615196 -0.00769678 -0.00199636
-0.00615196           0  -0.0108571  -0.0125647
 0.00769678   0.0108571           0  0.00365196
 0.00199636   0.0125647 -0.00365196           0
Repeater1[0]<--->BSA[0]
REAL
   0.468992  -0.0325964  -0.0112433    0.139334
 -0.0325964   0.0775194  -0.0125646 -0.00870522
 -0.0112433  -0.0125646   0.0697674  -0.0079441
   0.139334 -0.00870522  -0.0079441    0.383721
IMAGINARY
          0   0.0107404  0.00972993  0.00859456
 -0.0107404           0  -0.0165311  -0.0147932
-0.00972993   0.0165311           0  0.00318369
-0.00859456   0.0147932 -0.00318369           0
EndNode1[0]<--->Repeater1[0]
REAL
   0.436387 -0.00162887   0.0208383    0.124123
-0.00162887   0.0916031   0.0131568 -0.00320607
  0.0208383   0.0131568    0.103053  0.00414776
   0.124123 -0.00320607  0.00414776    0.368957
IMAGINARY
          0  0.00734514 -0.00567421 -0.00368347
-0.00734514           0  -0.0212845  0.00828518
 0.00567421   0.0212845           0  -0.0256219
 0.00368347 -0.00828518   0.0256219           0
EndNode2[0]<--->BSA[0]
REAL
   0.449062   0.0040121 -0.00265271    0.122722
  0.0040121   0.0737265   0.0134073    0.023943
-0.00265271   0.0134073   0.0790885   0.0327621
   0.122722    0.023943   0.0327621    0.398123
IMAGINARY
          0   0.0210312   0.0134094  -0.0182155
 -0.0210312           0   0.0306843 -0.00758795
 -0.0134094  -0.0306843           0   0.0067825
  0.0182155  0.00758795  -0.0067825           0
Repeater1[0]<--->EndNode1[0]
REAL
   0.436387   0.0208383 -0.00162887    0.124123
  0.0208383    0.103053   0.0131568  0.00414776
-0.00162887   0.0131568   0.0916031 -0.00320607
   0.124123  0.00414776 -0.00320607    0.368957
IMAGINARY
          0 -0.00567421  0.00734514 -0.00368347
 0.00567421           0   0.0212845  -0.0256219
-0.00734514  -0.0212845           0  0.00828518
 0.00368347   0.0256219 -0.00828518           0
Repeater1[0]<--->BSA[0]
REAL
   0.449062 -0.00265271   0.0040121    0.122722
-0.00265271   0.0790885   0.0134073   0.0327621
  0.0040121   0.0134073   0.0737265    0.023943
   0.122722   0.0327621    0.023943    0.398123
IMAGINARY
          0   0.0134094   0.0210312  -0.0182155
 -0.0134094           0  -0.0306843   0.0067825
 -0.0210312   0.0306843           0 -0.00758795
  0.0182155  -0.0067825  0.00758795           0
EndNode1[0]<--->Repeater1[0]
REAL
     0.4573  -0.0111084 -0.00756186   0.0970949
 -0.0111084    0.077135  -0.0122385   0.0219222
-0.00756186  -0.0122385    0.104683   0.0124139
  0.0970949   0.0219222   0.0124139    0.360882
IMAGINARY
           0  -0.00341978   0.00419355 -0.000660381
  0.00341978            0   0.00130554  -0.00419355
 -0.00419355  -0.00130554            0  -0.00591355
 0.000660381   0.00419355   0.00591355            0
EndNode2[0]<--->BSA[0]
REAL
   0.461632 -0.00819243 -0.00948653    0.139544
-0.00819243   0.0621194  0.00751474  0.00491137
-0.00948653  0.00751474   0.0767357   0.0140748
   0.139544  0.00491137   0.0140748    0.399513
IMAGINARY
          0 -0.00359127  0.00158749  0.00251685
 0.00359127           0 -0.00317215  -0.0199249
-0.00158749  0.00317215           0 -0.00618868
-0.00251685   0.0199249  0.00618868           0
Repeater1[0]<--->EndNode1[0]
REAL
     0.4573 -0.00756186  -0.0111084   0.0970949
-0.00756186    0.104683  -0.0122385   0.0124139
 -0.0111084  -0.0122385    0.077135   0.0219222
  0.0970949   0.0124139   0.0219222    0.360882
IMAGINARY
           0   0.00419355  -0.00341978 -0.000660381
 -0.00419355            0  -0.00130554  -0.00591355
  0.00341978   0.00130554            0  -0.00419355
 0.000660381   0.00591355   0.00419355            0
Repeater1[0]<--->BSA[0]
REAL
   0.461632 -0.00948653 -0.00819243    0.139544
-0.00948653   0.0767357  0.00751474   0.0140748
-0.00819243  0.00751474   0.0621194  0.00491137
   0.139544   0.0140748  0.00491137    0.399513
IMAGINARY
          0  0.00158749 -0.00359127  0.00251685
-0.00158749           0  0.00317215 -0.00618868
 0.00359127 -0.00317215           0  -0.0199249
-0.00251685  0.00618868   0.0199249           0
EndNode1[0]<--->Repeater1[0]
REAL
    0.419948  -0.00447613  -0.00683528     0.110136
 -0.00447613     0.102362   -0.0177712 -0.000553878
 -0.00683528   -0.0177712    0.0853018    0.0106338
    0.110136 -0.000553878    0.0106338     0.392388
IMAGINARY
          0   0.0129199 -0.00201602  0.00721403
 -0.0129199           0   0.0182962   0.0110599
 0.00201602  -0.0182962           0 -0.00129199
-0.00721403  -0.0110599  0.00129199           0
EndNode2[0]<--->BSA[0]
REAL
   0.465909  -0.0196851 -0.00667644     0.15543
 -0.0196851   0.0732323   0.0138716   0.0139228
-0.00667644   0.0138716   0.0681818  0.00980372
    0.15543   0.0139228  0.00980372    0.392677
IMAGINARY
           0 -8.48398e-05    0.0193776    0.0134993
 8.48398e-05            0   -0.0277851   0.00140159
  -0.0193776    0.0277851            0  -0.00510997
  -0.0134993  -0.00140159   0.00510997            0
Repeater1[0]<--->EndNode1[0]
REAL
    0.419948  -0.00683528  -0.00447613     0.110136
 -0.00683528    0.0853018   -0.0177712    0.0106338
 -0.00447613   -0.0177712     0.102362 -0.000553878
    0.110136    0.0106338 -0.000553878     0.392388
IMAGINARY
          0 -0.00201602   0.0129199  0.00721403
 0.00201602           0  -0.0182962 -0.00129199
 -0.0129199   0.0182962           0   0.0110599
-0.00721403  0.00129199  -0.0110599           0
Repeater1[0]<--->BSA[0]
REAL
   0.465909 -0.00667644  -0.0196851     0.15543
-0.00667644   0.0681818   0.0138716  0.00980372
 -0.0196851   0.0138716   0.0732323   0.0139228
    0.15543  0.00980372   0.0139228    0.392677
IMAGINARY
           0    0.0193776 -8.48398e-05    0.0134993
  -0.0193776            0    0.0277851  -0.00510997
 8.48398e-05   -0.0277851            0   0.00140159
  -0.0134993   0.00510997  -0.00140159            0
EndNode1[0]<--->Repeater1[0]
REAL
    0.465116    0.0136195    0.0136883     0.132075
   0.0136195    0.0905753   0.00475384 -0.000900568
   0.0136883   0.00475384     0.105263   -0.0085044
    0.132075 -0.000900568   -0.0085044     0.339045
IMAGINARY
           0   0.00290846  0.000494128    0.0251868
 -0.00290846            0  -0.00493366  -0.00314665
-0.000494128   0.00493366            0    0.0116804
  -0.0251868   0.00314665   -0.0116804            0
EndNode2[0]<--->BSA[0]
REAL
   0.45098  0.0170688 0.00842342   0.127477
 0.0170688  0.0797386 0.00742411 -0.0170868
0.00842342 0.00742411  0.0732026 -0.0145935
  0.127477 -0.0170868 -0.0145935   0.396078
IMAGINARY
          0   0.0039306   -0.039866   0.0311734
 -0.0039306           0 -0.00788909 -0.00366965
   0.039866  0.00788909           0  0.00530423
 -0.0311734  0.00366965 -0.00530423           0
Repeater1[0]<--->EndNode1[0]
REAL
    0.465116    0.0136883    0.0136195     0.132075
   0.0136883     0.105263   0.00475384   -0.0085044
   0.0136195   0.00475384    0.0905753 -0.000900568
    0.132075   -0.0085044 -0.000900568     0.339045
IMAGINARY
           0  0.000494128   0.00290846    0.0251868
-0.000494128            0   0.00493366    0.0116804
 -0.00290846  -0.00493366            0  -0.00314665
  -0.0251868   -0.0116804   0.00314665            0
Repeater1[0]<--->BSA[0]
REAL
   0.45098 0.00842342  0.0170688   0.127477
0.00842342  0.0732026 0.00742411 -0.0145935
 0.0170688 0.00742411  0.0797386 -0.0170868
  0.127477 -0.0145935 -0.0170868   0.396078
IMAGINARY
          0   -0.039866   0.0039306   0.0311734
   0.039866           0  0.00788909  0.00530423
 -0.0039306 -0.00788909           0 -0.00366965
 -0.0311734 -0.00530423  0.00366965           0
EndNode1[0]<--->Repeater1[0]
REAL
  0.453865  -0.014782  0.0172388   0.126266
 -0.014782  0.0897756  0.0161178 0.00196653
 0.0172388  0.0161178  0.0922693 0.00219918
  0.126266 0.00196653 0.00219918    0.36409
IMAGINARY
          0   0.0251589   0.0130044  0.00192161
 -0.0251589           0  -0.0120226   0.0117481
 -0.0130044   0.0120226           0  -0.0338223
-0.00192161  -0.0117481   0.0338223           0
EndNode2[0]<--->BSA[0]
REAL
   0.446835    0.015963 -0.00685504     0.12834
   0.015963   0.0696203  0.00399411    -0.02248
-0.00685504  0.00399411   0.0936709 -0.00618465
    0.12834    -0.02248 -0.00618465    0.389873
IMAGINARY
          0 -0.00585002  0.00688658   0.0112219
 0.00585002           0   0.0112219   0.0101291
-0.00688658  -0.0112219           0  -0.0177102
 -0.0112219  -0.0101291   0.0177102           0
Repeater1[0]<--->EndNode1[0]
REAL
  0.453865  0.0172388  -0.014782   0.126266
 0.0172388  0.0922693  0.0161178 0.00219918
 -0.014782  0.0161178  0.0897756 0.00196653
  0.126266 0.00219918 0.00196653    0.36409
IMAGINARY
          0   0.0130044   0.0251589  0.00192161
 -0.0130044           0   0.0120226  -0.0338223
 -0.0251589  -0.0120226           0   0.0117481
-0.00192161   0.0338223  -0.0117481           0
Repeater1[0]<--->BSA[0]
REAL
   0.446835 -0.00685504    0.015963     0.12834
-0.00685504   0.0936709  0.00399411 -0.00618465
   0.015963  0.00399411   0.0696203    -0.02248
    0.12834 -0.00618465    -0.02248    0.389873
IMAGINARY
          0  0.00688658 -0.00585002   0.0112219
-0.00688658           0  -0.0112219  -0.0177102
 0.00585002   0.0112219           0   0.0101291
 -0.0112219   0.0177102  -0.0101291           0
EndNode1[0]<--->Repeater1[0]
REAL
   0.454082  0.00291834 -0.00724814   0.0927246
 0.00291834   0.0905612   0.0153291   0.0199998
-0.00724814   0.0153291   0.0892857   0.0286253
  0.0927246   0.0199998   0.0286253    0.366071
IMAGINARY
           0  -0.00682658 -0.000614251  -0.00892537
  0.00682658            0   0.00320745 -0.000614251
 0.000614251  -0.00320745            0    0.0129691
  0.00892537  0.000614251   -0.0129691            0
EndNode2[0]<--->BSA[0]
REAL
   0.453457   0.0134316   0.0110334     0.12635
  0.0134316   0.0797872 -0.00736393  0.00912261
  0.0110334 -0.00736393   0.0837766  -0.0231845
    0.12635  0.00912261  -0.0231845    0.382979
IMAGINARY
          0  -0.0081399  0.00241608   0.0107465
  0.0081399           0  0.00951496  0.00962447
-0.00241608 -0.00951496           0  -0.0178424
 -0.0107465 -0.00962447   0.0178424           0
Repeater1[0]<--->EndNode1[0]
REAL
   0.454082 -0.00724814  0.00291834   0.0927246
-0.00724814   0.0892857   0.0153291   0.0286253
 0.00291834   0.0153291   0.0905612   0.0199998
  0.0927246   0.0286253   0.0199998    0.366071
IMAGINARY
           0 -0.000614251  -0.00682658  -0.00892537
 0.000614251            0  -0.00320745    0.0129691
  0.00682658   0.00320745            0 -0.000614251
  0.00892537   -0.0129691  0.000614251            0
Repeater1[0]<--->BSA[0]
REAL
   0.453457   0.0110334   0.0134316     0.12635
  0.0110334   0.0837766 -0.00736393  -0.0231845
  0.0134316 -0.00736393   0.0797872  0.00912261
    0.12635  -0.0231845  0.00912261    0.382979
IMAGINARY
          0  0.00241608  -0.0081399   0.0107465
-0.00241608           0 -0.00951496  -0.0178424
  0.0081399  0.00951496           0  0.00962447
 -0.0107465   0.0178424 -0.00962447           0
EndNode1[0]<--->Repeater1[0]
REAL
   0.479844  -0.0084019  -0.0120865    0.115711
 -0.0084019   0.0806242 -0.00502394  -0.0120865
 -0.0120865 -0.00502394    0.083225  0.00458511
   0.115711  -0.0120865  0.00458511    0.356307
IMAGINARY
          0  0.00194123  0.00460864   0.0263875
-0.00194123           0  0.00317547   0.0163887
-0.00460864 -0.00317547           0 -0.00325357
 -0.0263875  -0.0163887  0.00325357           0
EndNode2[0]<--->BSA[0]
REAL
   0.46979  0.0149113  0.0270338   0.123955
 0.0149113  0.0727497  0.0164788 -0.0100731
 0.0270338  0.0164788  0.0702836  0.0142611
  0.123955 -0.0100731  0.0142611   0.387176
IMAGINARY
          0   0.0121114  -0.0176592  -0.0163813
 -0.0121114           0 -0.00308342  -0.0203915
  0.0176592  0.00308342           0   0.0019073
  0.0163813   0.0203915  -0.0019073           0
Repeater1[0]<--->EndNode1[0]
REAL
   0.479844  -0.0120865  -0.0084019    0.115711
 -0.0120865    0.083225 -0.00502394  0.00458511
 -0.0084019 -0.00502394   0.0806242  -0.0120865
   0.115711  0.00458511  -0.0120865    0.356307
IMAGINARY
          0  0.00460864  0.00194123   0.0263875
-0.00460864           0 -0.00317547 -0.00325357
-0.00194123  0.00317547           0   0.0163887
 -0.0263875  0.00325357  -0.0163887           0
Repeater1[0]<--->BSA[0]
REAL
   0.46979  0.0270338  0.0149113   0.123955
 0.0270338  0.0702836  0.0164788  0.0142611
 0.0149113  0.0164788  0.0727497 -0.0100731
  0.123955  0.0142611 -0.0100731   0.387176
IMAGINARY
          0  -0.0176592   0.0121114  -0.0163813
  0.0176592           0  0.00308342   0.0019073
 -0.0121114 -0.00308342           0  -0.0203915
  0.0163813  -0.0019073   0.0203915           0
EndNode1[0]<--->Repeater1[0]
REAL
  0.460256 -0.0100383 0.00574634   0.106347
-0.0100383  0.0871795 0.00844921 0.00318223
0.00574634 0.00844921        0.1 0.00621173
  0.106347 0.00318223 0.00621173   0.352564
IMAGINARY
           0   0.00103761 -0.000433005    0.0225704
 -0.00103761            0   0.00623878  -0.00679433
 0.000433005  -0.00623878            0  -0.00169464
  -0.0225704   0.00679433   0.00169464            0
EndNode2[0]<--->BSA[0]
REAL
   0.418835  -0.0185025  -0.0130316    0.111437
 -0.0185025   0.0978934 4.47855e-05  0.00835874
 -0.0130316 4.47855e-05   0.0731103  0.00982425
   0.111437  0.00835874  0.00982425    0.410161
IMAGINARY
         0  0.0214958 -0.0275625 -0.0130306
-0.0214958          0 -0.0286361 -0.0104121
 0.0275625  0.0286361          0  0.0202763
 0.0130306  0.0104121 -0.0202763          0
Repeater1[0]<--->EndNode1[0]
REAL
  0.460256 0.00574634 -0.0100383   0.106347
0.00574634        0.1 0.00844921 0.00621173
-0.0100383 0.00844921  0.0871795 0.00318223
  0.106347 0.00621173 0.00318223   0.352564
IMAGINARY
           0 -0.000433005   0.00103761    0.0225704
 0.000433005            0  -0.00623878  -0.00169464
 -0.00103761   0.00623878            0  -0.00679433
  -0.0225704   0.00169464   0.00679433            0
Repeater1[0]<--->BSA[0]
REAL
   0.418835  -0.0130316  -0.0185025    0.111437
 -0.0130316   0.0731103 4.47855e-05  0.00982425
 -0.0185025 4.47855e-05   0.0978934  0.00835874
   0.111437  0.00982425  0.00835874    0.410161
IMAGINARY
         0 -0.0275625  0.0214958 -0.0130306
 0.0275625          0  0.0286361  0.0202763
-0.0214958 -0.0286361          0 -0.0104121
 0.0130306 -0.0202763  0.0104121          0
EndNode1[0]<--->Repeater1[0]
REAL
    0.43202  0.00738754 -0.00353034     0.10775
 0.00738754    0.106734  -0.0102974 0.000345628
-0.00353034  -0.0102974   0.0787802  -0.0258589
    0.10775 0.000345628  -0.0258589    0.382465
IMAGINARY
          0  0.00989262  0.00488485 -0.00253625
-0.00989262           0  -0.0173611 -0.00303071
-0.00488485   0.0173611           0  0.00926684
 0.00253625  0.00303071 -0.00926684           0
EndNode2[0]<--->BSA[0]
REAL
   0.458015 -0.00525486  0.00887897    0.143747
-0.00525486   0.0687023   0.0168037  -0.0029812
 0.00887897   0.0168037   0.0712468 -0.00588538
   0.143747  -0.0029812 -0.00588538    0.402036
IMAGINARY
          0  -0.0125774   0.0253301   0.0167919
  0.0125774           0  0.00762965  0.00705333
 -0.0253301 -0.00762965           0  0.00351008
 -0.0167919 -0.00705333 -0.00351008           0
Repeater1[0]<--->EndNode1[0]
REAL
    0.43202 -0.00353034  0.00738754     0.10775
-0.00353034   0.0787802  -0.0102974  -0.0258589
 0.00738754  -0.0102974    0.106734 0.000345628
    0.10775  -0.0258589 0.000345628    0.382465
IMAGINARY
          0  0.00488485  0.00989262 -0.00253625
-0.00488485           0   0.0173611  0.00926684
-0.00989262  -0.0173611           0 -0.00303071
 0.00253625 -0.00926684  0.00303071           0
Repeater1[0]<--->BSA[0]
REAL
   0.458015  0.00887897 -0.00525486    0.143747
 0.00887897   0.0712468   0.0168037 -0.00588538
-0.00525486   0.0168037   0.0687023  -0.0029812
   0.143747 -0.00588538  -0.0029812    0.402036
IMAGINARY
          0   0.0253301  -0.0125774   0.0167919
 -0.0253301           0 -0.00762965  0.00351008
  0.0125774  0.00762965           0  0.00705333
 -0.0167919 -0.00351008 -0.00705333           0
EndNode1[0]<--->Repeater1[0]
REAL
    0.43734   0.0294574 -0.00220283   0.0932989
  0.0294574    0.104859 -0.00268608   0.0041585
-0.00220283 -0.00268608   0.0895141   0.0011815
  0.0932989   0.0041585   0.0011815    0.368286
IMAGINARY
          0 -0.00264712 -0.00123194  -0.0137875
 0.00264712           0  0.00309565   0.0169157
 0.00123194 -0.00309565           0    0.009548
  0.0137875  -0.0169157   -0.009548           0
EndNode2[0]<--->BSA[0]
REAL
   0.434492 -0.00961857  -0.0118971   0.0954313
-0.00961857   0.0802139  0.00930688  0.00690961
 -0.0118971  0.00930688   0.0909091   0.0283218
  0.0954313  0.00690961   0.0283218    0.394385
IMAGINARY
          0  0.00258141 -0.00107271 -0.00572489
-0.00258141           0  0.00373286  -0.0144775
 0.00107271 -0.00373286           0   0.0105765
 0.00572489   0.0144775  -0.0105765           0
Repeater1[0]<--->EndNode1[0]
REAL
    0.43734 -0.00220283   0.0294574   0.0932989
-0.00220283   0.0895141 -0.00268608   0.0011815
  0.0294574 -0.00268608    0.104859   0.0041585
  0.0932989   0.0011815   0.0041585    0.368286
IMAGINARY
          0 -0.00123194 -0.00264712  -0.0137875
 0.00123194           0 -0.00309565    0.009548
 0.00264712  0.00309565           0   0.0169157
  0.0137875   -0.009548  -0.0169157           0
Repeater1[0]<--->BSA[0]
REAL
   0.434492  -0.0118971 -0.00961857   0.0954313
 -0.0118971   0.0909091  0.00930688   0.0283218
-0.00961857  0.00930688   0.0802139  0.00690961
  0.0954313   0.0283218  0.00690961    0.394385
IMAGINARY
          0 -0.00107271  0.00258141 -0.00572489
 0.00107271           0 -0.00373286   0.0105765
-0.00258141  0.00373286           0  -0.0144775
 0.00572489  -0.0105765   0.0144775           0
EndNode1[0]<--->Repeater1[0]
REAL
    0.432817 -0.000906561   -0.0173201     0.115957
-0.000906561    0.0801034    0.0103589    0.0107411
  -0.0173201    0.0103589    0.0930233   0.00222235
    0.115957    0.0107411   0.00222235     0.394057
IMAGINARY
          0  -0.0139949  0.00310189 -0.00457434
  0.0139949           0  0.00904433 -0.00564642
-0.00310189 -0.00904433           0  -0.0139949
 0.00457434  0.00564642   0.0139949           0
EndNode2[0]<--->BSA[0]
REAL
    0.455471   0.00501665   0.00686308     0.135476
  0.00501665    0.0801527  -0.00284861   0.00621289
  0.00686308  -0.00284861    0.0763359 -0.000657999
    0.135476   0.00621289 -0.000657999     0.388041
IMAGINARY
          0  -0.0254964 -0.00685732 -0.00242286
  0.0254964           0   0.0102354  0.00305021
 0.00685732  -0.0102354           0  0.00265375
 0.00242286 -0.00305021 -0.00265375           0
Repeater1[0]<--->EndNode1[0]
REAL
    0.432817   -0.0173201 -0.000906561     0.115957
  -0.0173201    0.0930233    0.0103589   0.00222235
-0.000906561    0.0103589    0.0801034    0.0107411
    0.115957   0.00222235    0.0107411     0.394057
IMAGINARY
          0  0.00310189  -0.0139949 -0.00457434
-0.00310189           0 -0.00904433  -0.0139949
  0.0139949  0.00904433           0 -0.00564642
 0.00457434   0.0139949  0.00564642           0
Repeater1[0]<--->BSA[0]
REAL
    0.455471   0.00686308   0.00501665     0.135476
  0.00686308    0.0763359  -0.00284861 -0.000657999
  0.00501665  -0.00284861    0.0801527   0.00621289
    0.135476 -0.000657999   0.00621289     0.388041
IMAGINARY
          0 -0.00685732  -0.0254964 -0.00242286
 0.00685732           0  -0.0102354  0.00265375
  0.0254964   0.0102354           0  0.00305021
 0.00242286 -0.00265375 -0.00305021           0
EndNode1[0]<--->Repeater1[0]
REAL
    0.437751    0.0156311 -0.000347232       0.1082
   0.0156311    0.0829987   0.00425249  0.000982556
-0.000347232   0.00425249     0.113788   -0.0188077
      0.1082  0.000982556   -0.0188077     0.365462
IMAGINARY
          0  0.00495183  0.00497528   0.0115963
-0.00495183           0   0.0210541  0.00686683
-0.00497528  -0.0210541           0  0.00557449
 -0.0115963 -0.00686683 -0.00557449           0
EndNode2[0]<--->BSA[0]
REAL
   0.450185   0.0104824 -0.00487323    0.121031
  0.0104824   0.0701107  -0.0115948 -0.00233516
-0.00487323  -0.0115948   0.0885609  0.00852157
   0.121031 -0.00233516  0.00852157    0.391144
IMAGINARY
