EndNode1[0]<--->Repeater1[0]
REAL
  0.416557 0.00371287 0.00163649   0.229818
0.00371287  0.0762155 0.00780559 -0.0102999
0.00163649 0.00780559  0.0972405 0.00247525
  0.229818 -0.0102999 0.00247525   0.409987
IMAGINARY
          0  -0.0276239   0.0122642  0.00635236
  0.0276239           0   0.0160548   0.0122642
 -0.0122642  -0.0160548           0  -0.0107408
-0.00635236  -0.0122642   0.0107408           0
EndNode2[0]<--->BSA[0]
REAL
   0.428195 -0.00763882 -0.00471193    0.212975
-0.00763882   0.0592885 -0.00581414  -0.0170272
-0.00471193 -0.00581414   0.0711462   0.0101964
   0.212975  -0.0170272   0.0101964     0.44137
IMAGINARY
           0  0.000961176    0.0110229    0.0214008
-0.000961176            0    0.0161788  -0.00660931
  -0.0110229   -0.0161788            0    0.0110186
  -0.0214008   0.00660931   -0.0110186            0
Repeater1[0]<--->EndNode1[0]
REAL
  0.416557 0.00163649 0.00371287   0.229818
0.00163649  0.0972405 0.00780559 0.00247525
0.00371287 0.00780559  0.0762155 -0.0102999
  0.229818 0.00247525 -0.0102999   0.409987
IMAGINARY
          0   0.0122642  -0.0276239  0.00635236
 -0.0122642           0  -0.0160548  -0.0107408
  0.0276239   0.0160548           0   0.0122642
-0.00635236   0.0107408  -0.0122642           0
Repeater1[0]<--->BSA[0]
REAL
   0.428195 -0.00471193 -0.00763882    0.212975
-0.00471193   0.0711462 -0.00581414   0.0101964
-0.00763882 -0.00581414   0.0592885  -0.0170272
   0.212975   0.0101964  -0.0170272     0.44137
IMAGINARY
           0    0.0110229  0.000961176    0.0214008
  -0.0110229            0   -0.0161788    0.0110186
-0.000961176    0.0161788            0  -0.00660931
  -0.0214008   -0.0110186   0.00660931            0
EndNode1[0]<--->Repeater1[0]
REAL
   0.434896    0.025634    0.018312    0.240712
   0.025634   0.0833333   0.0121401 -0.00500404
   0.018312   0.0121401    0.108073   -0.021198
   0.240712 -0.00500404   -0.021198    0.373698
IMAGINARY
           0    0.0103599   -0.0168588 -0.000912426
  -0.0103599            0   -0.0173266   -0.0156088
   0.0168588    0.0173266            0   0.00782187
 0.000912426    0.0156088  -0.00782187            0
EndNode2[0]<--->BSA[0]
REAL
    0.434437  -0.00276302   0.00701872     0.235273
 -0.00276302    0.0913907    0.0159522   -0.0119207
  0.00701872    0.0159522    0.0781457 -0.000913451
    0.235273   -0.0119207 -0.000913451     0.396026
IMAGINARY
          0  0.00637224  -0.0057195  -0.0157965
-0.00637224           0  -0.0192353   0.0239963
  0.0057195   0.0192353           0  -0.0233435
  0.0157965  -0.0239963   0.0233435           0
Repeater1[0]<--->EndNode1[0]
REAL
   0.434896    0.018312    0.025634    0.240712
   0.018312    0.108073   0.0121401   -0.021198
   0.025634   0.0121401   0.0833333 -0.00500404
   0.240712   -0.021198 -0.00500404    0.373698
IMAGINARY
           0   -0.0168588    0.0103599 -0.000912426
   0.0168588            0    0.0173266   0.00782187
  -0.0103599   -0.0173266            0   -0.0156088
 0.000912426  -0.00782187    0.0156088            0
Repeater1[0]<--->BSA[0]
REAL
    0.434437   0.00701872  -0.00276302     0.235273
  0.00701872    0.0781457    0.0159522 -0.000913451
 -0.00276302    0.0159522    0.0913907   -0.0119207
    0.235273 -0.000913451   -0.0119207     0.396026
IMAGINARY
          0  -0.0057195  0.00637224  -0.0157965
  0.0057195           0   0.0192353  -0.0233435
-0.00637224  -0.0192353           0   0.0239963
  0.0157965   0.0233435  -0.0239963           0
EndNode1[0]<--->Repeater1[0]
REAL
  0.438867  0.0212101 0.00482002    0.22679
 0.0212101  0.0888031 0.00610481  0.0320221
0.00482002 0.00610481  0.0772201 0.00115834
   0.22679  0.0320221 0.00115834   0.395109
IMAGINARY
          0 -0.00605307  -0.0131917   0.0015795
 0.00605307           0    0.000351  -0.0138175
  0.0131917   -0.000351           0  -0.0249087
 -0.0015795   0.0138175   0.0249087           0
EndNode2[0]<--->BSA[0]
REAL
    0.442786 -0.000380269   0.00766844     0.245261
-0.000380269     0.068408    0.0162774   0.00899823
  0.00766844    0.0162774    0.0771144   0.00679053
    0.245261   0.00899823   0.00679053     0.411692
IMAGINARY
          0   0.0107407  0.00330632 -0.00933685
 -0.0107407           0   0.0219531  -0.0102072
-0.00330632  -0.0219531           0 -0.00133043
 0.00933685   0.0102072  0.00133043           0
Repeater1[0]<--->EndNode1[0]
REAL
  0.438867 0.00482002  0.0212101    0.22679
0.00482002  0.0772201 0.00610481 0.00115834
 0.0212101 0.00610481  0.0888031  0.0320221
   0.22679 0.00115834  0.0320221   0.395109
IMAGINARY
          0  -0.0131917 -0.00605307   0.0015795
  0.0131917           0   -0.000351  -0.0249087
 0.00605307    0.000351           0  -0.0138175
 -0.0015795   0.0249087   0.0138175           0
Repeater1[0]<--->BSA[0]
REAL
    0.442786   0.00766844 -0.000380269     0.245261
  0.00766844    0.0771144    0.0162774   0.00679053
-0.000380269    0.0162774     0.068408   0.00899823
    0.245261   0.00679053   0.00899823     0.411692
IMAGINARY
          0  0.00330632   0.0107407 -0.00933685
-0.00330632           0  -0.0219531 -0.00133043
 -0.0107407   0.0219531           0  -0.0102072
 0.00933685  0.00133043   0.0102072           0
EndNode1[0]<--->Repeater1[0]
REAL
   0.421466  0.00409574  0.00524494    0.230184
 0.00409574   0.0968586 -0.00518448   0.0172551
 0.00524494 -0.00518448   0.0759162   0.0134043
   0.230184   0.0172551   0.0134043    0.405759
IMAGINARY
           0  -0.00802909  0.000965166   -0.0106426
  0.00802909            0  -0.00763417  -0.00478196
-0.000965166   0.00763417            0  -0.00596582
   0.0106426   0.00478196   0.00596582            0
EndNode2[0]<--->BSA[0]
REAL
  0.430628 0.00721559 0.00294505   0.230257
0.00721559  0.0732984   0.014144 0.00561885
0.00294505   0.014144  0.0706806  0.0118885
  0.230257 0.00561885  0.0118885   0.425393
IMAGINARY
           0   -0.0205395    0.0115624   -0.0191167
   0.0205395            0    0.0172155   0.00634044
  -0.0115624   -0.0172155            0  7.90993e-05
   0.0191167  -0.00634044 -7.90993e-05            0
Repeater1[0]<--->EndNode1[0]
REAL
   0.421466  0.00524494  0.00409574    0.230184
 0.00524494   0.0759162 -0.00518448   0.0134043
 0.00409574 -0.00518448   0.0968586   0.0172551
   0.230184   0.0134043   0.0172551    0.405759
IMAGINARY
           0  0.000965166  -0.00802909   -0.0106426
-0.000965166            0   0.00763417  -0.00596582
  0.00802909  -0.00763417            0  -0.00478196
   0.0106426   0.00596582   0.00478196            0
Repeater1[0]<--->BSA[0]
REAL
  0.430628 0.00294505 0.00721559   0.230257
0.00294505  0.0706806   0.014144  0.0118885
0.00721559   0.014144  0.0732984 0.00561885
  0.230257  0.0118885 0.00561885   0.425393
IMAGINARY
           0    0.0115624   -0.0205395   -0.0191167
  -0.0115624            0   -0.0172155  7.90993e-05
   0.0205395    0.0172155            0   0.00634044
   0.0191167 -7.90993e-05  -0.00634044            0
