EndNode1[0]<--->Repeater1[0]
REAL
   0.538818  0.00684514  -0.0156789   0.0163998
 0.00684514    0.290846   0.0190039   0.0125734
 -0.0156789   0.0190039    0.113557 -0.00995073
  0.0163998   0.0125734 -0.00995073   0.0567787
IMAGINARY
          0 -0.00289045  0.00683638   0.0201788
 0.00289045           0   0.0279108  -0.0276697
-0.00683638  -0.0279108           0 -0.00752621
 -0.0201788   0.0276697  0.00752621           0
EndNode2[0]<--->BSA[0]
REAL
   0.461146   0.0115591  0.00480467   0.0904018
  0.0115591    0.128662   0.0189732 -0.00610675
 0.00480467   0.0189732    0.284076    0.020993
  0.0904018 -0.00610675    0.020993    0.126115
IMAGINARY
          0 -0.00755736   0.0151337  -0.0242145
 0.00755736           0  -0.0176182 -0.00365414
 -0.0151337   0.0176182           0  0.00373082
  0.0242145  0.00365414 -0.00373082           0
Repeater1[0]<--->EndNode1[0]
REAL
   0.538818  -0.0156789  0.00684514   0.0163998
 -0.0156789    0.113557   0.0190039 -0.00995073
 0.00684514   0.0190039    0.290846   0.0125734
  0.0163998 -0.00995073   0.0125734   0.0567787
IMAGINARY
          0  0.00683638 -0.00289045   0.0201788
-0.00683638           0  -0.0279108 -0.00752621
 0.00289045   0.0279108           0  -0.0276697
 -0.0201788  0.00752621   0.0276697           0
Repeater1[0]<--->BSA[0]
REAL
   0.461146  0.00480467   0.0115591   0.0904018
 0.00480467    0.284076   0.0189732    0.020993
  0.0115591   0.0189732    0.128662 -0.00610675
  0.0904018    0.020993 -0.00610675    0.126115
IMAGINARY
          0   0.0151337 -0.00755736  -0.0242145
 -0.0151337           0   0.0176182  0.00373082
 0.00755736  -0.0176182           0 -0.00365414
  0.0242145 -0.00373082  0.00365414           0
EndNode1[0]<--->Repeater1[0]
REAL
   0.501987  -0.0172058  0.00502711   0.0272058
 -0.0172058    0.348344 -0.00109611  -0.0115545
 0.00502711 -0.00109611   0.0874172  0.00415098
  0.0272058  -0.0115545  0.00415098   0.0622517
IMAGINARY
           0  -0.00232081  0.000713817   0.00350968
  0.00232081            0  -0.00479173   0.00746228
-0.000713817   0.00479173            0  0.000434014
 -0.00350968  -0.00746228 -0.000434014            0
EndNode2[0]<--->BSA[0]
REAL
   0.507324  0.00870162  -0.0165498   0.0842206
 0.00870162    0.117177   0.0187945 -0.00480695
 -0.0165498   0.0187945    0.287617 9.23492e-05
  0.0842206 -0.00480695 9.23492e-05   0.0878828
IMAGINARY
          0   0.0145018   0.0183458   0.0179466
 -0.0145018           0 -0.00215714  0.00386306
 -0.0183458  0.00215714           0  -0.0054982
 -0.0179466 -0.00386306   0.0054982           0
Repeater1[0]<--->EndNode1[0]
REAL
   0.501987  0.00502711  -0.0172058   0.0272058
 0.00502711   0.0874172 -0.00109611  0.00415098
 -0.0172058 -0.00109611    0.348344  -0.0115545
  0.0272058  0.00415098  -0.0115545   0.0622517
IMAGINARY
           0  0.000713817  -0.00232081   0.00350968
-0.000713817            0   0.00479173  0.000434014
  0.00232081  -0.00479173            0   0.00746228
 -0.00350968 -0.000434014  -0.00746228            0
Repeater1[0]<--->BSA[0]
REAL
   0.507324  -0.0165498  0.00870162   0.0842206
 -0.0165498    0.287617   0.0187945 9.23492e-05
 0.00870162   0.0187945    0.117177 -0.00480695
  0.0842206 9.23492e-05 -0.00480695   0.0878828
IMAGINARY
          0   0.0183458   0.0145018   0.0179466
 -0.0183458           0  0.00215714  -0.0054982
 -0.0145018 -0.00215714           0  0.00386306
 -0.0179466   0.0054982 -0.00386306           0
EndNode1[0]<--->Repeater1[0]
REAL
   0.506812 -0.00223899    0.010626   0.0404014
-0.00223899    0.311989  0.00299487 -0.00244993
   0.010626  0.00299487    0.121253 -0.00090566
  0.0404014 -0.00244993 -0.00090566   0.0599455
IMAGINARY
           0    0.0136146  -0.00340952  -0.00305905
  -0.0136146            0   0.00749504  -0.00407177
  0.00340952  -0.00749504            0  0.000101099
  0.00305905   0.00407177 -0.000101099            0
EndNode2[0]<--->BSA[0]
REAL
   0.465473 0.000773245   0.0168068   0.0853062
0.000773245     0.11509   0.0172745 -0.00712938
  0.0168068   0.0172745    0.320972  -0.0065797
  0.0853062 -0.00712938  -0.0065797   0.0984655
IMAGINARY
          0  0.00458012 -0.00241172  -0.0088521
-0.00458012           0  0.00371071   0.0109982
 0.00241172 -0.00371071           0  -0.0118456
  0.0088521  -0.0109982   0.0118456           0
Repeater1[0]<--->EndNode1[0]
REAL
   0.506812    0.010626 -0.00223899   0.0404014
   0.010626    0.121253  0.00299487 -0.00090566
-0.00223899  0.00299487    0.311989 -0.00244993
  0.0404014 -0.00090566 -0.00244993   0.0599455
IMAGINARY
           0  -0.00340952    0.0136146  -0.00305905
  0.00340952            0  -0.00749504  0.000101099
  -0.0136146   0.00749504            0  -0.00407177
  0.00305905 -0.000101099   0.00407177            0
Repeater1[0]<--->BSA[0]
REAL
   0.465473   0.0168068 0.000773245   0.0853062
  0.0168068    0.320972   0.0172745  -0.0065797
0.000773245   0.0172745     0.11509 -0.00712938
  0.0853062  -0.0065797 -0.00712938   0.0984655
IMAGINARY
          0 -0.00241172  0.00458012  -0.0088521
 0.00241172           0 -0.00371071  -0.0118456
-0.00458012  0.00371071           0   0.0109982
  0.0088521   0.0118456  -0.0109982           0
EndNode1[0]<--->Repeater1[0]
REAL
   0.484354 -0.00279813   0.0116657   0.0350153
-0.00279813    0.333333 -0.00998474  -0.0037292
  0.0116657 -0.00998474     0.12381  -0.0173484
  0.0350153  -0.0037292  -0.0173484   0.0585034
IMAGINARY
          0  0.00875084  -0.0105599  -0.0255971
-0.00875084           0  -0.0070786  0.00680986
  0.0105599   0.0070786           0   0.0174992
  0.0255971 -0.00680986  -0.0174992           0
EndNode2[0]<--->BSA[0]
REAL
     0.48294  0.000327415  -0.00253965    0.0653961
 0.000327415      0.12336  -0.00171391    0.0044312
 -0.00253965  -0.00171391     0.275591 -0.000957932
   0.0653961    0.0044312 -0.000957932      0.11811
IMAGINARY
          0   0.0159063  -0.0128385  0.00225013
 -0.0159063           0 -0.00853154 -0.00832235
  0.0128385  0.00853154           0 -0.00441895
-0.00225013  0.00832235  0.00441895           0
Repeater1[0]<--->EndNode1[0]
REAL
   0.484354   0.0116657 -0.00279813   0.0350153
  0.0116657     0.12381 -0.00998474  -0.0173484
-0.00279813 -0.00998474    0.333333  -0.0037292
  0.0350153  -0.0173484  -0.0037292   0.0585034
IMAGINARY
          0  -0.0105599  0.00875084  -0.0255971
  0.0105599           0   0.0070786   0.0174992
-0.00875084  -0.0070786           0  0.00680986
  0.0255971  -0.0174992 -0.00680986           0
Repeater1[0]<--->BSA[0]
REAL
     0.48294  -0.00253965  0.000327415    0.0653961
 -0.00253965     0.275591  -0.00171391 -0.000957932
 0.000327415  -0.00171391      0.12336    0.0044312
   0.0653961 -0.000957932    0.0044312      0.11811
IMAGINARY
          0  -0.0128385   0.0159063  0.00225013
  0.0128385           0  0.00853154 -0.00441895
 -0.0159063 -0.00853154           0 -0.00832235
-0.00225013  0.00441895  0.00832235           0
EndNode1[0]<--->Repeater1[0]
REAL
    0.530055   0.00481593 -0.000644327   0.00649685
  0.00481593     0.315574   0.00834186  -0.00129116
-0.000644327   0.00834186    0.0983607   -0.0119127
  0.00649685  -0.00129116   -0.0119127    0.0560109
IMAGINARY
          0 -0.00612381 -0.00771067  -0.0070745
 0.00612381           0  0.00331511  -0.0162746
 0.00771067 -0.00331511           0   0.0178089
  0.0070745   0.0162746  -0.0178089           0
EndNode2[0]<--->BSA[0]
REAL
    0.487117   0.00980318   0.00411122    0.0951663
  0.00980318     0.127607    0.0150032  -0.00606689
  0.00411122    0.0150032     0.276074 -2.48263e-05
   0.0951663  -0.00606689 -2.48263e-05     0.109202
IMAGINARY
          0  -0.0069364  0.00788513    0.023184
  0.0069364           0 -0.00360173  -0.0119612
-0.00788513  0.00360173           0   0.0123712
  -0.023184   0.0119612  -0.0123712           0
Repeater1[0]<--->EndNode1[0]
REAL
    0.530055 -0.000644327   0.00481593   0.00649685
-0.000644327    0.0983607   0.00834186   -0.0119127
  0.00481593   0.00834186     0.315574  -0.00129116
  0.00649685   -0.0119127  -0.00129116    0.0560109
IMAGINARY
          0 -0.00771067 -0.00612381  -0.0070745
 0.00771067           0 -0.00331511   0.0178089
 0.00612381  0.00331511           0  -0.0162746
  0.0070745  -0.0178089   0.0162746           0
Repeater1[0]<--->BSA[0]
REAL
    0.487117   0.00411122   0.00980318    0.0951663
  0.00411122     0.276074    0.0150032 -2.48263e-05
  0.00980318    0.0150032     0.127607  -0.00606689
   0.0951663 -2.48263e-05  -0.00606689     0.109202
IMAGINARY
          0  0.00788513  -0.0069364    0.023184
-0.00788513           0  0.00360173   0.0123712
  0.0069364 -0.00360173           0  -0.0119612
  -0.023184  -0.0123712   0.0119612           0
