EndNode1[0]<--->Repeater1[0]
REAL
   0.390181 -0.00738478  -0.0104126    0.171618
-0.00738478    0.140827   0.0398492  0.00979604
 -0.0104126   0.0398492    0.161499 -0.00802829
   0.171618  0.00979604 -0.00802829    0.307494
IMAGINARY
           0    0.0217498  -0.00109103 -0.000447025
  -0.0217498            0    0.0166632   0.00530283
  0.00109103   -0.0166632            0  -0.00911441
 0.000447025  -0.00530283   0.00911441            0
EndNode2[0]<--->HoM1[0]
REAL
   0.382872   0.0233653 -0.00598085    0.162808
  0.0233653    0.123426   0.0438243  0.00215432
-0.00598085   0.0438243     0.13602  0.00342037
   0.162808  0.00215432  0.00342037    0.357683
IMAGINARY
          0  -0.0130022 -0.00861984  0.00664591
  0.0130022           0 -0.00919693 -0.00207534
 0.00861984  0.00919693           0  0.00364391
-0.00664591  0.00207534 -0.00364391           0
Repeater1[0]<--->EndNode1[0]
REAL
   0.390181  -0.0104126 -0.00738478    0.171618
 -0.0104126    0.161499   0.0398492 -0.00802829
-0.00738478   0.0398492    0.140827  0.00979604
   0.171618 -0.00802829  0.00979604    0.307494
IMAGINARY
           0  -0.00109103    0.0217498 -0.000447025
  0.00109103            0   -0.0166632  -0.00911441
  -0.0217498    0.0166632            0   0.00530283
 0.000447025   0.00911441  -0.00530283            0
Repeater1[0]<--->HoM1[0]
REAL
   0.382872 -0.00598085   0.0233653    0.162808
-0.00598085     0.13602   0.0438243  0.00342037
  0.0233653   0.0438243    0.123426  0.00215432
   0.162808  0.00342037  0.00215432    0.357683
IMAGINARY
          0 -0.00861984  -0.0130022  0.00664591
 0.00861984           0  0.00919693  0.00364391
  0.0130022 -0.00919693           0 -0.00207534
-0.00664591 -0.00364391  0.00207534           0
EndNode1[0]<--->Repeater1[0]
REAL
  0.332046 -0.0112803  0.0150556   0.164621
-0.0112803   0.146718  0.0560994 0.00617989
 0.0150556  0.0560994   0.187902  0.0183588
  0.164621 0.00617989  0.0183588   0.333333
IMAGINARY
           0   0.00349372   -0.0201643    0.0128876
 -0.00349372            0   -0.0232235   0.00351987
   0.0201643    0.0232235            0 -0.000164821
  -0.0128876  -0.00351987  0.000164821            0
EndNode2[0]<--->HoM1[0]
REAL
   0.360799   0.0312446 0.000853367    0.195388
  0.0312446     0.15231   0.0392561   0.0114316
0.000853367   0.0392561    0.142322  -0.0238736
   0.195388   0.0114316  -0.0238736    0.344569
IMAGINARY
          0  -0.0222651  0.00868681  0.00268617
  0.0222651           0  0.00976468   0.0273435
-0.00868681 -0.00976468           0 -0.00365148
-0.00268617  -0.0273435  0.00365148           0
Repeater1[0]<--->EndNode1[0]
REAL
  0.332046  0.0150556 -0.0112803   0.164621
 0.0150556   0.187902  0.0560994  0.0183588
-0.0112803  0.0560994   0.146718 0.00617989
  0.164621  0.0183588 0.00617989   0.333333
IMAGINARY
           0   -0.0201643   0.00349372    0.0128876
   0.0201643            0    0.0232235 -0.000164821
 -0.00349372   -0.0232235            0   0.00351987
  -0.0128876  0.000164821  -0.00351987            0
Repeater1[0]<--->HoM1[0]
REAL
   0.360799 0.000853367   0.0312446    0.195388
0.000853367    0.142322   0.0392561  -0.0238736
  0.0312446   0.0392561     0.15231   0.0114316
   0.195388  -0.0238736   0.0114316    0.344569
IMAGINARY
          0  0.00868681  -0.0222651  0.00268617
-0.00868681           0 -0.00976468 -0.00365148
  0.0222651  0.00976468           0   0.0273435
-0.00268617  0.00365148  -0.0273435           0
EndNode1[0]<--->Repeater1[0]
REAL
    0.38822 -0.00755789  0.00807361    0.169039
-0.00755789    0.131191   0.0489411 -0.00684208
 0.00807361   0.0489411    0.151272   0.0174101
   0.169039 -0.00684208   0.0174101    0.329317
IMAGINARY
           0   -0.0280525   0.00646081   -0.0158056
   0.0280525            0   -0.0328997    0.0168235
 -0.00646081    0.0328997            0 -0.000133746
   0.0158056   -0.0168235  0.000133746            0
EndNode2[0]<--->HoM1[0]
REAL
  0.367742 0.00395504 -0.0240247   0.167554
0.00395504   0.138065  0.0344329  0.0154155
-0.0240247  0.0344329   0.139355  0.0178993
  0.167554  0.0154155  0.0178993   0.354839
IMAGINARY
          0  -0.0140047   0.0169541 -0.00106375
  0.0140047           0 -0.00979193   0.0078867
 -0.0169541  0.00979193           0  -0.0108361
 0.00106375  -0.0078867   0.0108361           0
Repeater1[0]<--->EndNode1[0]
REAL
    0.38822  0.00807361 -0.00755789    0.169039
 0.00807361    0.151272   0.0489411   0.0174101
-0.00755789   0.0489411    0.131191 -0.00684208
   0.169039   0.0174101 -0.00684208    0.329317
IMAGINARY
           0   0.00646081   -0.0280525   -0.0158056
 -0.00646081            0    0.0328997 -0.000133746
   0.0280525   -0.0328997            0    0.0168235
   0.0158056  0.000133746   -0.0168235            0
Repeater1[0]<--->HoM1[0]
REAL
  0.367742 -0.0240247 0.00395504   0.167554
-0.0240247   0.139355  0.0344329  0.0178993
0.00395504  0.0344329   0.138065  0.0154155
  0.167554  0.0178993  0.0154155   0.354839
IMAGINARY
          0   0.0169541  -0.0140047 -0.00106375
 -0.0169541           0  0.00979193  -0.0108361
  0.0140047 -0.00979193           0   0.0078867
 0.00106375   0.0108361  -0.0078867           0
EndNode1[0]<--->Repeater1[0]
REAL
   0.366748 -0.00230129  0.00113241    0.162552
-0.00230129    0.144254   0.0294677    0.016324
 0.00113241   0.0294677    0.162592  0.00105441
   0.162552    0.016324  0.00105441    0.326406
IMAGINARY
          0  -0.0030197   0.0192896   0.0158811
  0.0030197           0  -0.0085575   0.0180238
 -0.0192896   0.0085575           0 -0.00817433
 -0.0158811  -0.0180238  0.00817433           0
EndNode2[0]<--->HoM1[0]
REAL
   0.362003  -0.0133007 -0.00480128    0.181798
 -0.0133007    0.136072   0.0295686 -0.00605441
-0.00480128   0.0295686    0.161746   0.0152164
   0.181798 -0.00605441   0.0152164     0.34018
IMAGINARY
           0 -0.000323333  -0.00283918  -0.00143872
 0.000323333            0   0.00821379    0.0200366
  0.00283918  -0.00821379            0  -0.00795692
  0.00143872   -0.0200366   0.00795692            0
Repeater1[0]<--->EndNode1[0]
REAL
   0.366748  0.00113241 -0.00230129    0.162552
 0.00113241    0.162592   0.0294677  0.00105441
-0.00230129   0.0294677    0.144254    0.016324
   0.162552  0.00105441    0.016324    0.326406
IMAGINARY
          0   0.0192896  -0.0030197   0.0158811
 -0.0192896           0   0.0085575 -0.00817433
  0.0030197  -0.0085575           0   0.0180238
 -0.0158811  0.00817433  -0.0180238           0
Repeater1[0]<--->HoM1[0]
REAL
   0.362003 -0.00480128  -0.0133007    0.181798
-0.00480128    0.161746   0.0295686   0.0152164
 -0.0133007   0.0295686    0.136072 -0.00605441
   0.181798   0.0152164 -0.00605441     0.34018
IMAGINARY
           0  -0.00283918 -0.000323333  -0.00143872
  0.00283918            0  -0.00821379  -0.00795692
 0.000323333   0.00821379            0    0.0200366
  0.00143872   0.00795692   -0.0200366            0
EndNode1[0]<--->Repeater1[0]
REAL
   0.372671   0.0322331  0.00674665    0.156417
  0.0322331    0.144099   0.0349091  -0.0195018
 0.00674665   0.0349091    0.141615 -0.00927392
   0.156417  -0.0195018 -0.00927392    0.341615
IMAGINARY
          0   0.0137829  -0.0276559 -0.00362697
 -0.0137829           0 -0.00170636 -0.00726033
  0.0276559  0.00170636           0   0.0169434
 0.00362697  0.00726033  -0.0169434           0
EndNode2[0]<--->HoM1[0]
REAL
   0.355643  -0.0121696  -0.0172887    0.179247
 -0.0121696    0.156168   0.0296305 -0.00359901
 -0.0172887   0.0296305    0.174541  0.00564214
   0.179247 -0.00359901  0.00564214    0.313648
IMAGINARY
          0  -0.0163304   0.0144088  0.00449746
  0.0163304           0   -0.033191  -0.0169664
 -0.0144088    0.033191           0  -0.0118026
-0.00449746   0.0169664   0.0118026           0
Repeater1[0]<--->EndNode1[0]
REAL
   0.372671  0.00674665   0.0322331    0.156417
 0.00674665    0.141615   0.0349091 -0.00927392
  0.0322331   0.0349091    0.144099  -0.0195018
   0.156417 -0.00927392  -0.0195018    0.341615
IMAGINARY
          0  -0.0276559   0.0137829 -0.00362697
  0.0276559           0  0.00170636   0.0169434
 -0.0137829 -0.00170636           0 -0.00726033
 0.00362697  -0.0169434  0.00726033           0
Repeater1[0]<--->HoM1[0]
REAL
   0.355643  -0.0172887  -0.0121696    0.179247
 -0.0172887    0.174541   0.0296305  0.00564214
 -0.0121696   0.0296305    0.156168 -0.00359901
   0.179247  0.00564214 -0.00359901    0.313648
IMAGINARY
          0   0.0144088  -0.0163304  0.00449746
 -0.0144088           0    0.033191  -0.0118026
  0.0163304   -0.033191           0  -0.0169664
-0.00449746   0.0118026   0.0169664           0
EndNode1[0]<--->Repeater1[0]
REAL
   0.406579 -0.00635019 -0.00221933    0.188767
-0.00635019    0.153947   0.0175171   0.0104161
-0.00221933   0.0175171       0.125  0.00771631
   0.188767   0.0104161  0.00771631    0.314474
IMAGINARY
          0   0.0176641 -0.00930821   0.0128329
 -0.0176641           0   0.0108514  -0.0169418
 0.00930821  -0.0108514           0  -0.0151641
 -0.0128329   0.0169418   0.0151641           0
EndNode2[0]<--->HoM1[0]
REAL
       0.332    0.0161967  -0.00575113     0.172522
   0.0161967        0.132    0.0526976    0.0151614
 -0.00575113    0.0526976     0.154667 -0.000512849
    0.172522    0.0151614 -0.000512849     0.381333
IMAGINARY
           0   0.00409201  6.04677e-05  -0.00205171
 -0.00409201            0    0.0110031    0.0181328
-6.04677e-05   -0.0110031            0  -0.00346466
  0.00205171   -0.0181328   0.00346466            0
Repeater1[0]<--->EndNode1[0]
REAL
   0.406579 -0.00221933 -0.00635019    0.188767
-0.00221933       0.125   0.0175171  0.00771631
-0.00635019   0.0175171    0.153947   0.0104161
   0.188767  0.00771631   0.0104161    0.314474
IMAGINARY
          0 -0.00930821   0.0176641   0.0128329
 0.00930821           0  -0.0108514  -0.0151641
 -0.0176641   0.0108514           0  -0.0169418
 -0.0128329   0.0151641   0.0169418           0
Repeater1[0]<--->HoM1[0]
REAL
       0.332  -0.00575113    0.0161967     0.172522
 -0.00575113     0.154667    0.0526976 -0.000512849
   0.0161967    0.0526976        0.132    0.0151614
    0.172522 -0.000512849    0.0151614     0.381333
IMAGINARY
           0  6.04677e-05   0.00409201  -0.00205171
-6.04677e-05            0   -0.0110031  -0.00346466
 -0.00409201    0.0110031            0    0.0181328
  0.00205171   0.00346466   -0.0181328            0
EndNode1[0]<--->Repeater1[0]
REAL
 0.379128 0.0146855 0.0119197  0.189008
0.0146855  0.151915 0.0399757 0.0163112
0.0119197 0.0399757  0.134742 0.0311112
 0.189008 0.0163112 0.0311112  0.334214
IMAGINARY
          0 -0.00420628  -0.0104976  -0.0120421
 0.00420628           0   0.0212044 -0.00563143
  0.0104976  -0.0212044           0 -0.00289049
  0.0120421  0.00563143  0.00289049           0
EndNode2[0]<--->HoM1[0]
REAL
    0.3657 -0.0372687 -0.0157537   0.193485
-0.0372687   0.150063  0.0433574 -0.0144132
-0.0157537  0.0433574   0.152585 -0.0198558
  0.193485 -0.0144132 -0.0198558   0.331652
IMAGINARY
          0   0.0158765  0.00889646 -0.00731183
 -0.0158765           0  -0.0126882  -0.0101687
-0.00889646   0.0126882           0  -0.0209656
 0.00731183   0.0101687   0.0209656           0
Repeater1[0]<--->EndNode1[0]
REAL
 0.379128 0.0119197 0.0146855  0.189008
0.0119197  0.134742 0.0399757 0.0311112
0.0146855 0.0399757  0.151915 0.0163112
 0.189008 0.0311112 0.0163112  0.334214
IMAGINARY
          0  -0.0104976 -0.00420628  -0.0120421
  0.0104976           0  -0.0212044 -0.00289049
 0.00420628   0.0212044           0 -0.00563143
  0.0120421  0.00289049  0.00563143           0
Repeater1[0]<--->HoM1[0]
REAL
    0.3657 -0.0157537 -0.0372687   0.193485
-0.0157537   0.152585  0.0433574 -0.0198558
-0.0372687  0.0433574   0.150063 -0.0144132
  0.193485 -0.0198558 -0.0144132   0.331652
IMAGINARY
          0  0.00889646   0.0158765 -0.00731183
-0.00889646           0   0.0126882  -0.0209656
 -0.0158765  -0.0126882           0  -0.0101687
 0.00731183   0.0209656   0.0101687           0
EndNode1[0]<--->Repeater1[0]
REAL
   0.34359  0.0107096 -0.0100438   0.179655
 0.0107096   0.151282  0.0470023  0.0188394
-0.0100438  0.0470023   0.153846 0.00620512
  0.179655  0.0188394 0.00620512   0.351282
IMAGINARY
           0  -0.00803108   0.00846183   0.00724865
  0.00803108            0   0.00855413  0.000466746
 -0.00846183  -0.00855413            0 -0.000897489
 -0.00724865 -0.000466746  0.000897489            0
EndNode2[0]<--->HoM1[0]
REAL
    0.363415 -0.000294525   0.00284743     0.177187
-0.000294525     0.164634    0.0511918    0.0174228
  0.00284743    0.0511918     0.131707     0.013808
    0.177187    0.0174228     0.013808     0.340244
IMAGINARY
           0    0.0156614   -0.0251768    0.0196414
  -0.0156614            0 -9.54072e-05    0.0145668
   0.0251768  9.54072e-05            0   0.00290627
  -0.0196414   -0.0145668  -0.00290627            0
Repeater1[0]<--->EndNode1[0]
REAL
   0.34359 -0.0100438  0.0107096   0.179655
-0.0100438   0.153846  0.0470023 0.00620512
 0.0107096  0.0470023   0.151282  0.0188394
  0.179655 0.00620512  0.0188394   0.351282
IMAGINARY
           0   0.00846183  -0.00803108   0.00724865
 -0.00846183            0  -0.00855413 -0.000897489
  0.00803108   0.00855413            0  0.000466746
 -0.00724865  0.000897489 -0.000466746            0
Repeater1[0]<--->HoM1[0]
REAL
    0.363415   0.00284743 -0.000294525     0.177187
  0.00284743     0.131707    0.0511918     0.013808
-0.000294525    0.0511918     0.164634    0.0174228
    0.177187     0.013808    0.0174228     0.340244
IMAGINARY
           0   -0.0251768    0.0156614    0.0196414
   0.0251768            0  9.54072e-05   0.00290627
  -0.0156614 -9.54072e-05            0    0.0145668
  -0.0196414  -0.00290627   -0.0145668            0
EndNode1[0]<--->Repeater1[0]
REAL
   0.345912  -0.0318606  -0.0149713    0.179571
 -0.0318606    0.159748     0.04238   0.0125323
 -0.0149713     0.04238    0.144654 0.000153326
   0.179571   0.0125323 0.000153326    0.349686
IMAGINARY
          0  0.00209863   0.0123152  -0.0100345
-0.00209863           0  0.00569741    0.018244
 -0.0123152 -0.00569741           0  -0.0105512
  0.0100345   -0.018244   0.0105512           0
EndNode2[0]<--->HoM1[0]
REAL
   0.345286 -0.00334507  0.00652712    0.172002
-0.00334507    0.155378   0.0505184 -0.00116519
 0.00652712   0.0505184    0.132802   0.0234523
   0.172002 -0.00116519   0.0234523    0.366534
IMAGINARY
           0    0.0039114  0.000927819  0.000311548
  -0.0039114            0 -0.000973799   0.00418727
-0.000927819  0.000973799            0    0.0267791
-0.000311548  -0.00418727   -0.0267791            0
Repeater1[0]<--->EndNode1[0]
REAL
   0.345912  -0.0149713  -0.0318606    0.179571
 -0.0149713    0.144654     0.04238 0.000153326
 -0.0318606     0.04238    0.159748   0.0125323
   0.179571 0.000153326   0.0125323    0.349686
IMAGINARY
          0   0.0123152  0.00209863  -0.0100345
 -0.0123152           0 -0.00569741  -0.0105512
-0.00209863  0.00569741           0    0.018244
  0.0100345   0.0105512   -0.018244           0
Repeater1[0]<--->HoM1[0]
REAL
   0.345286  0.00652712 -0.00334507    0.172002
 0.00652712    0.132802   0.0505184   0.0234523
-0.00334507   0.0505184    0.155378 -0.00116519
   0.172002   0.0234523 -0.00116519    0.366534
IMAGINARY
           0  0.000927819    0.0039114  0.000311548
-0.000927819            0  0.000973799    0.0267791
  -0.0039114 -0.000973799            0   0.00418727
-0.000311548   -0.0267791  -0.00418727            0
EndNode1[0]<--->Repeater1[0]
REAL
    0.38358 -0.00855965  -0.0110352    0.178922
-0.00855965    0.153432   0.0456768  -0.0197135
 -0.0110352   0.0456768    0.161507  0.00454896
   0.178922  -0.0197135  0.00454896     0.30148
IMAGINARY
          0  -0.0104428    0.010403  0.00061969
  0.0104428           0   0.0168292 -0.00116821
  -0.010403  -0.0168292           0   0.0196777
-0.00061969  0.00116821  -0.0196777           0
EndNode2[0]<--->HoM1[0]
REAL
  0.348692 -0.0127297 0.00853042   0.163578
-0.0127297   0.139477  0.0382406 -0.0127728
0.00853042  0.0382406   0.148194 -0.0206037
  0.163578 -0.0127728 -0.0206037   0.363636
IMAGINARY
          0 -0.00351424 -0.00410002  0.00545324
 0.00351424           0 -0.00160709 -0.00937707
 0.00410002  0.00160709           0   0.0223822
-0.00545324  0.00937707  -0.0223822           0
Repeater1[0]<--->EndNode1[0]
REAL
    0.38358  -0.0110352 -0.00855965    0.178922
 -0.0110352    0.161507   0.0456768  0.00454896
-0.00855965   0.0456768    0.153432  -0.0197135
   0.178922  0.00454896  -0.0197135     0.30148
IMAGINARY
          0    0.010403  -0.0104428  0.00061969
  -0.010403           0  -0.0168292   0.0196777
  0.0104428   0.0168292           0 -0.00116821
-0.00061969  -0.0196777  0.00116821           0
Repeater1[0]<--->HoM1[0]
REAL
  0.348692 0.00853042 -0.0127297   0.163578
0.00853042   0.148194  0.0382406 -0.0206037
-0.0127297  0.0382406   0.139477 -0.0127728
  0.163578 -0.0206037 -0.0127728   0.363636
IMAGINARY
          0 -0.00410002 -0.00351424  0.00545324
 0.00410002           0  0.00160709   0.0223822
 0.00351424 -0.00160709           0 -0.00937707
-0.00545324  -0.0223822  0.00937707           0
EndNode1[0]<--->Repeater1[0]
REAL
  0.360759  0.0167596  0.0177721    0.17877
 0.0167596   0.164557  0.0437432  0.0110237
 0.0177721  0.0437432    0.15443 -0.0219952
   0.17877  0.0110237 -0.0219952   0.320253
IMAGINARY
          0  -0.0151255  0.00747387 -0.00527771
  0.0151255           0  -0.0204292   0.0112427
-0.00747387   0.0204292           0  -0.0236445
 0.00527771  -0.0112427   0.0236445           0
EndNode2[0]<--->HoM1[0]
REAL
   0.371501  -0.0229419  0.00289326     0.18168
 -0.0229419    0.176845   0.0548323  -0.0173224
 0.00289326   0.0548323    0.111959 -0.00905305
    0.18168  -0.0173224 -0.00905305    0.339695
IMAGINARY
          0   0.0251437   0.0147844 -0.00364079
 -0.0251437           0 -0.00233531   0.0123092
 -0.0147844  0.00233531           0   -0.016523
 0.00364079  -0.0123092    0.016523           0
Repeater1[0]<--->EndNode1[0]
REAL
  0.360759  0.0177721  0.0167596    0.17877
 0.0177721    0.15443  0.0437432 -0.0219952
 0.0167596  0.0437432   0.164557  0.0110237
   0.17877 -0.0219952  0.0110237   0.320253
IMAGINARY
          0  0.00747387  -0.0151255 -0.00527771
-0.00747387           0   0.0204292  -0.0236445
  0.0151255  -0.0204292           0   0.0112427
 0.00527771   0.0236445  -0.0112427           0
Repeater1[0]<--->HoM1[0]
REAL
   0.371501  0.00289326  -0.0229419     0.18168
 0.00289326    0.111959   0.0548323 -0.00905305
 -0.0229419   0.0548323    0.176845  -0.0173224
    0.18168 -0.00905305  -0.0173224    0.339695
IMAGINARY
          0   0.0147844   0.0251437 -0.00364079
 -0.0147844           0  0.00233531   -0.016523
 -0.0251437 -0.00233531           0   0.0123092
 0.00364079    0.016523  -0.0123092           0
EndNode1[0]<--->Repeater1[0]
REAL
   0.394422  -0.0165898   0.0168019    0.169808
 -0.0165898    0.123506   0.0529251 -0.00694647
  0.0168019   0.0529251    0.163347   0.0146187
   0.169808 -0.00694647   0.0146187    0.318725
IMAGINARY
          0 -0.00616344 -0.00519481  -0.0119663
 0.00616344           0 -0.00340885  -0.0155844
 0.00519481  0.00340885           0 -0.00552487
  0.0119663   0.0155844  0.00552487           0
EndNode2[0]<--->HoM1[0]
REAL
   0.346939 -0.00031005 -0.00429587    0.196371
-0.00031005    0.135204   0.0372198   0.0152354
-0.00429587   0.0372198    0.167092 -0.00290745
   0.196371   0.0152354 -0.00290745    0.350765
IMAGINARY
          0  0.00163485  0.00419115  -0.0180508
-0.00163485           0 -0.00588536  -0.0121487
-0.00419115  0.00588536           0 -0.00826614
  0.0180508   0.0121487  0.00826614           0
Repeater1[0]<--->EndNode1[0]
REAL
   0.394422   0.0168019  -0.0165898    0.169808
  0.0168019    0.163347   0.0529251   0.0146187
 -0.0165898   0.0529251    0.123506 -0.00694647
   0.169808   0.0146187 -0.00694647    0.318725
IMAGINARY
          0 -0.00519481 -0.00616344  -0.0119663
 0.00519481           0  0.00340885 -0.00552487
 0.00616344 -0.00340885           0  -0.0155844
  0.0119663  0.00552487   0.0155844           0
Repeater1[0]<--->HoM1[0]
REAL
   0.346939 -0.00429587 -0.00031005    0.196371
-0.00429587    0.167092   0.0372198 -0.00290745
-0.00031005   0.0372198    0.135204   0.0152354
   0.196371 -0.00290745   0.0152354    0.350765
IMAGINARY
          0  0.00419115  0.00163485  -0.0180508
-0.00419115           0  0.00588536 -0.00826614
-0.00163485 -0.00588536           0  -0.0121487
  0.0180508  0.00826614   0.0121487           0
EndNode1[0]<--->Repeater1[0]
REAL
  0.350248 -0.0224969  0.0118905   0.163255
-0.0224969   0.158416  0.0371344 -0.0216181
 0.0118905  0.0371344   0.169554 -0.0170621
  0.163255 -0.0216181 -0.0170621   0.321782
IMAGINARY
           0  0.000990756   -0.0190992   0.00428956
-0.000990756            0   -0.0119231   0.00309404
   0.0190992    0.0119231            0   0.00221027
 -0.00428956  -0.00309404  -0.00221027            0
EndNode2[0]<--->HoM1[0]
REAL
   0.375152 -0.00272806  -0.0175412    0.171442
-0.00272806    0.148599   0.0435974  0.00698711
 -0.0175412   0.0435974    0.138855  0.00536658
   0.171442  0.00698711  0.00536658    0.337393
IMAGINARY
           0    0.0083919  -0.00677308  2.77286e-05
  -0.0083919            0    0.0108558   0.00208768
  0.00677308   -0.0108558            0   0.00700301
-2.77286e-05  -0.00208768  -0.00700301            0
Repeater1[0]<--->EndNode1[0]
REAL
  0.350248  0.0118905 -0.0224969   0.163255
 0.0118905   0.169554  0.0371344 -0.0170621
-0.0224969  0.0371344   0.158416 -0.0216181
  0.163255 -0.0170621 -0.0216181   0.321782
IMAGINARY
           0   -0.0190992  0.000990756   0.00428956
   0.0190992            0    0.0119231   0.00221027
-0.000990756   -0.0119231            0   0.00309404
 -0.00428956  -0.00221027  -0.00309404            0
Repeater1[0]<--->HoM1[0]
REAL
   0.375152  -0.0175412 -0.00272806    0.171442
 -0.0175412    0.138855   0.0435974  0.00536658
-0.00272806   0.0435974    0.148599  0.00698711
   0.171442  0.00536658  0.00698711    0.337393
IMAGINARY
           0  -0.00677308    0.0083919  2.77286e-05
  0.00677308            0   -0.0108558   0.00700301
  -0.0083919    0.0108558            0   0.00208768
-2.77286e-05  -0.00700301  -0.00208768            0
EndNode1[0]<--->Repeater1[0]
REAL
   0.353482 -0.00461639  0.00824449    0.165717
-0.00461639     0.13929   0.0403803  0.00760917
 0.00824449   0.0403803    0.182654 -0.00270068
   0.165717  0.00760917 -0.00270068    0.324573
IMAGINARY
          0 -0.00443053   0.0193152 -0.00234149
 0.00443053           0  0.00171256  0.00224817
 -0.0193152 -0.00171256           0 -0.00635114
 0.00234149 -0.00224817  0.00635114           0
EndNode2[0]<--->HoM1[0]
REAL
   0.349315 -0.00929911  0.00448917    0.170191
-0.00929911    0.154795   0.0507103 -0.00636651
 0.00448917   0.0507103    0.149315   0.0111765
   0.170191 -0.00636651   0.0111765    0.346575
IMAGINARY
          0 -0.00457839   0.0155844  -0.0112534
 0.00457839           0   0.0133166   0.0155844
 -0.0155844  -0.0133166           0  -0.0226943
  0.0112534  -0.0155844   0.0226943           0
Repeater1[0]<--->EndNode1[0]
REAL
   0.353482  0.00824449 -0.00461639    0.165717
 0.00824449    0.182654   0.0403803 -0.00270068
-0.00461639   0.0403803     0.13929  0.00760917
   0.165717 -0.00270068  0.00760917    0.324573
IMAGINARY
          0   0.0193152 -0.00443053 -0.00234149
 -0.0193152           0 -0.00171256 -0.00635114
 0.00443053  0.00171256           0  0.00224817
 0.00234149  0.00635114 -0.00224817           0
Repeater1[0]<--->HoM1[0]
REAL
   0.349315  0.00448917 -0.00929911    0.170191
 0.00448917    0.149315   0.0507103   0.0111765
-0.00929911   0.0507103    0.154795 -0.00636651
   0.170191   0.0111765 -0.00636651    0.346575
IMAGINARY
          0   0.0155844 -0.00457839  -0.0112534
 -0.0155844           0  -0.0133166  -0.0226943
 0.00457839   0.0133166           0   0.0155844
  0.0112534   0.0226943  -0.0155844           0
EndNode1[0]<--->Repeater1[0]
REAL
  0.379924  0.0122658 -0.0181545   0.151198
 0.0122658   0.128335  0.0434285  0.0109461
-0.0181545  0.0434285   0.144854 0.00280631
  0.151198  0.0109461 0.00280631   0.346887
IMAGINARY
          0 -0.00594784    0.018285   0.0140668
 0.00594784           0     0.01218 -0.00700682
  -0.018285    -0.01218           0   0.0109604
 -0.0140668  0.00700682  -0.0109604           0
EndNode2[0]<--->HoM1[0]
REAL
  0.371943  0.0107528 0.00979302    0.17307
 0.0107528   0.163449  0.0605862 -0.0231102
0.00979302  0.0605862   0.140283 -0.0216487
   0.17307 -0.0231102 -0.0216487   0.324324
IMAGINARY
          0  0.00195652  0.00121165 -0.00768627
-0.00195652           0 -0.00964706   0.0254463
-0.00121165  0.00964706           0 -0.00260671
 0.00768627  -0.0254463  0.00260671           0
Repeater1[0]<--->EndNode1[0]
REAL
  0.379924 -0.0181545  0.0122658   0.151198
-0.0181545   0.144854  0.0434285 0.00280631
 0.0122658  0.0434285   0.128335  0.0109461
  0.151198 0.00280631  0.0109461   0.346887
IMAGINARY
          0    0.018285 -0.00594784   0.0140668
  -0.018285           0    -0.01218   0.0109604
 0.00594784     0.01218           0 -0.00700682
 -0.0140668  -0.0109604  0.00700682           0
Repeater1[0]<--->HoM1[0]
REAL
  0.371943 0.00979302  0.0107528    0.17307
0.00979302   0.140283  0.0605862 -0.0216487
 0.0107528  0.0605862   0.163449 -0.0231102
   0.17307 -0.0216487 -0.0231102   0.324324
IMAGINARY
          0  0.00121165  0.00195652 -0.00768627
-0.00121165           0  0.00964706 -0.00260671
-0.00195652 -0.00964706           0   0.0254463
 0.00768627  0.00260671  -0.0254463           0
EndNode1[0]<--->Repeater1[0]
REAL
   0.342675 -0.00421237  0.00126177    0.165376
-0.00421237    0.142675   0.0315181 -0.00188289
 0.00126177   0.0315181    0.157962  0.00110678
   0.165376 -0.00188289  0.00110678    0.356688
IMAGINARY
          0   0.0484047 -0.00538025 -0.00639363
 -0.0484047           0 -0.00708519   0.0106296
 0.00538025  0.00708519           0  -0.0208456
 0.00639363  -0.0106296   0.0208456           0
EndNode2[0]<--->HoM1[0]
REAL
   0.375921   0.0162052 -0.00361278    0.152071
  0.0162052    0.116708   0.0420466  0.00557357
-0.00361278   0.0420466    0.152334 -0.00640123
   0.152071  0.00557357 -0.00640123    0.355037
IMAGINARY
          0   -0.018064  0.00291337  -0.0142733
   0.018064           0  0.00319114   0.0142015
-0.00291337 -0.00319114           0  0.00706159
  0.0142733  -0.0142015 -0.00706159           0
Repeater1[0]<--->EndNode1[0]
REAL
   0.342675  0.00126177 -0.00421237    0.165376
 0.00126177    0.157962   0.0315181  0.00110678
-0.00421237   0.0315181    0.142675 -0.00188289
   0.165376  0.00110678 -0.00188289    0.356688
IMAGINARY
          0 -0.00538025   0.0484047 -0.00639363
 0.00538025           0  0.00708519  -0.0208456
 -0.0484047 -0.00708519           0   0.0106296
 0.00639363   0.0208456  -0.0106296           0
Repeater1[0]<--->HoM1[0]
REAL
   0.375921 -0.00361278   0.0162052    0.152071
-0.00361278    0.152334   0.0420466 -0.00640123
  0.0162052   0.0420466    0.116708  0.00557357
   0.152071 -0.00640123  0.00557357    0.355037
IMAGINARY
          0  0.00291337   -0.018064  -0.0142733
-0.00291337           0 -0.00319114  0.00706159
   0.018064  0.00319114           0   0.0142015
  0.0142733 -0.00706159  -0.0142015           0
EndNode1[0]<--->Repeater1[0]
REAL
   0.355584  0.00886641   0.0131706    0.178371
 0.00886641    0.134788   0.0413055 -0.00104125
  0.0131706   0.0413055    0.168164 -0.00482329
   0.178371 -0.00104125 -0.00482329    0.341463
IMAGINARY
          0 -0.00104792  0.00668206   0.0147298
 0.00104792           0 -0.00961474 -0.00989957
-0.00668206  0.00961474           0 -0.00860459
 -0.0147298  0.00989957  0.00860459           0
EndNode2[0]<--->HoM1[0]
REAL
    0.370611   -0.0147148  -0.00921978     0.169982
  -0.0147148     0.135241     0.049292   0.00642648
 -0.00921978     0.049292     0.148244 -0.000648316
    0.169982   0.00642648 -0.000648316     0.345904
IMAGINARY
          0   -0.025475 -0.00335525 -0.00418662
   0.025475           0   0.0230202  0.00998655
 0.00335525  -0.0230202           0 -0.00502894
 0.00418662 -0.00998655  0.00502894           0
Repeater1[0]<--->EndNode1[0]
REAL
   0.355584   0.0131706  0.00886641    0.178371
  0.0131706    0.168164   0.0413055 -0.00482329
 0.00886641   0.0413055    0.134788 -0.00104125
   0.178371 -0.00482329 -0.00104125    0.341463
IMAGINARY
          0  0.00668206 -0.00104792   0.0147298
-0.00668206           0  0.00961474 -0.00860459
 0.00104792 -0.00961474           0 -0.00989957
 -0.0147298  0.00860459  0.00989957           0
Repeater1[0]<--->HoM1[0]
REAL
    0.370611  -0.00921978   -0.0147148     0.169982
 -0.00921978     0.148244     0.049292 -0.000648316
  -0.0147148     0.049292     0.135241   0.00642648
    0.169982 -0.000648316   0.00642648     0.345904
IMAGINARY
          0 -0.00335525   -0.025475 -0.00418662
 0.00335525           0  -0.0230202 -0.00502894
   0.025475   0.0230202           0  0.00998655
 0.00418662  0.00502894 -0.00998655           0
EndNode1[0]<--->Repeater1[0]
REAL
   0.385526 -0.00122554  0.00555831    0.177913
-0.00122554    0.134211   0.0618303  -0.0286352
 0.00555831   0.0618303    0.131579  0.00507169
   0.177913  -0.0286352  0.00507169    0.348684
IMAGINARY
          0  0.00549038  0.00583574  0.00034683
-0.00549038           0  0.00161909  0.00518891
-0.00583574 -0.00161909           0  0.00423725
-0.00034683 -0.00518891 -0.00423725           0
EndNode2[0]<--->HoM1[0]
REAL
   0.374352 -0.00765133  0.00131639    0.165223
-0.00765133    0.148964    0.053031  -0.0251259
 0.00131639    0.053031    0.148964  -0.0174809
   0.165223  -0.0251259  -0.0174809     0.32772
IMAGINARY
          0  0.00861873  0.00236935  -0.0159521
-0.00861873           0   0.0147145   -0.014691
-0.00236935  -0.0147145           0 -0.00537618
  0.0159521    0.014691  0.00537618           0
Repeater1[0]<--->EndNode1[0]
REAL
   0.385526  0.00555831 -0.00122554    0.177913
 0.00555831    0.131579   0.0618303  0.00507169
-0.00122554   0.0618303    0.134211  -0.0286352
   0.177913  0.00507169  -0.0286352    0.348684
IMAGINARY
          0  0.00583574  0.00549038  0.00034683
-0.00583574           0 -0.00161909  0.00423725
-0.00549038  0.00161909           0  0.00518891
-0.00034683 -0.00423725 -0.00518891           0
Repeater1[0]<--->HoM1[0]
REAL
   0.374352  0.00131639 -0.00765133    0.165223
 0.00131639    0.148964    0.053031  -0.0174809
-0.00765133    0.053031    0.148964  -0.0251259
   0.165223  -0.0174809  -0.0251259     0.32772
IMAGINARY
          0  0.00236935  0.00861873  -0.0159521
-0.00236935           0  -0.0147145 -0.00537618
-0.00861873   0.0147145           0   -0.014691
  0.0159521  0.00537618    0.014691           0
EndNode1[0]<--->Repeater1[0]
REAL
   0.356863 -0.00353643  -0.0025559    0.161386
-0.00353643    0.146405   0.0514478  0.00319123
 -0.0025559   0.0514478    0.160784 -0.00599343
   0.161386  0.00319123 -0.00599343    0.335948
IMAGINARY
           0  -0.00564182 -0.000436967   0.00690608
  0.00564182            0   0.00690608    0.0221761
 0.000436967  -0.00690608            0   0.00626294
 -0.00690608   -0.0221761  -0.00626294            0
EndNode2[0]<--->HoM1[0]
REAL
  0.353333 0.00386877   0.014881   0.170381
0.00386877   0.158667  0.0394133  0.0256269
  0.014881  0.0394133      0.152  0.0124553
  0.170381  0.0256269  0.0124553      0.336
IMAGINARY
          0  0.00242533  -0.0141777   0.0134813
-0.00242533           0  0.00131918  -0.0264675
  0.0141777 -0.00131918           0  0.00983274
 -0.0134813   0.0264675 -0.00983274           0
Repeater1[0]<--->EndNode1[0]
REAL
   0.356863  -0.0025559 -0.00353643    0.161386
 -0.0025559    0.160784   0.0514478 -0.00599343
-0.00353643   0.0514478    0.146405  0.00319123
   0.161386 -0.00599343  0.00319123    0.335948
IMAGINARY
           0 -0.000436967  -0.00564182   0.00690608
 0.000436967            0  -0.00690608   0.00626294
  0.00564182   0.00690608            0    0.0221761
 -0.00690608  -0.00626294   -0.0221761            0
Repeater1[0]<--->HoM1[0]
REAL
  0.353333   0.014881 0.00386877   0.170381
  0.014881      0.152  0.0394133  0.0124553
0.00386877  0.0394133   0.158667  0.0256269
  0.170381  0.0124553  0.0256269      0.336
IMAGINARY
          0  -0.0141777  0.00242533   0.0134813
  0.0141777           0 -0.00131918  0.00983274
-0.00242533  0.00131918           0  -0.0264675
 -0.0134813 -0.00983274   0.0264675           0
EndNode1[0]<--->Repeater1[0]
REAL
  0.325123 -0.0199859  0.0163283   0.168131
-0.0199859   0.147783  0.0246064 0.00322481
 0.0163283  0.0246064   0.163793 0.00322613
  0.168131 0.00322481 0.00322613     0.3633
IMAGINARY
          0 -0.00849732  -0.0135337   0.0140321
 0.00849732           0   0.0254245  -0.0165064
  0.0135337  -0.0254245           0 -0.00285115
 -0.0140321   0.0165064  0.00285115           0
EndNode2[0]<--->HoM1[0]
REAL
  0.370611 -0.0256027 -0.0315934   0.170074
-0.0256027   0.143043  0.0466328 0.00859102
-0.0315934  0.0466328   0.143043  0.0122855
  0.170074 0.00859102  0.0122855   0.343303
IMAGINARY
          0   0.0226645 -0.00566224 -0.00609953
 -0.0226645           0  0.00942842   0.0168842
 0.00566224 -0.00942842           0  -0.0164301
 0.00609953  -0.0168842   0.0164301           0
Repeater1[0]<--->EndNode1[0]
REAL
  0.325123  0.0163283 -0.0199859   0.168131
 0.0163283   0.163793  0.0246064 0.00322613
-0.0199859  0.0246064   0.147783 0.00322481
  0.168131 0.00322613 0.00322481     0.3633
IMAGINARY
          0  -0.0135337 -0.00849732   0.0140321
  0.0135337           0  -0.0254245 -0.00285115
 0.00849732   0.0254245           0  -0.0165064
 -0.0140321  0.00285115   0.0165064           0
Repeater1[0]<--->HoM1[0]
REAL
  0.370611 -0.0315934 -0.0256027   0.170074
-0.0315934   0.143043  0.0466328  0.0122855
-0.0256027  0.0466328   0.143043 0.00859102
  0.170074  0.0122855 0.00859102   0.343303
IMAGINARY
          0 -0.00566224   0.0226645 -0.00609953
 0.00566224           0 -0.00942842  -0.0164301
 -0.0226645  0.00942842           0   0.0168842
 0.00609953   0.0164301  -0.0168842           0
EndNode1[0]<--->Repeater1[0]
REAL
   0.389809  0.00621959  0.00925926    0.192234
 0.00621959    0.150318    0.057133 -0.00925926
 0.00925926    0.057133    0.163057 -0.00368794
   0.192234 -0.00925926 -0.00368794    0.296815
IMAGINARY
          0   0.0114438   0.0114755  0.00985597
 -0.0114438           0  0.00423799  -0.0038997
 -0.0114755 -0.00423799           0  -0.0202821
-0.00985597   0.0038997   0.0202821           0
EndNode2[0]<--->HoM1[0]
REAL
  0.343869  0.0143891 0.00862069   0.168757
 0.0143891   0.166877  0.0323929 0.00862069
0.00862069  0.0323929   0.150442  0.0156237
  0.168757 0.00862069  0.0156237   0.338812
IMAGINARY
          0  0.00126019   0.0128371  -0.0130794
-0.00126019           0 -0.00934805 -5.3002e-05
 -0.0128371  0.00934805           0 -0.00552156
  0.0130794  5.3002e-05  0.00552156           0
Repeater1[0]<--->EndNode1[0]
REAL
   0.389809  0.00925926  0.00621959    0.192234
 0.00925926    0.163057    0.057133 -0.00368794
 0.00621959    0.057133    0.150318 -0.00925926
   0.192234 -0.00368794 -0.00925926    0.296815
IMAGINARY
          0   0.0114755   0.0114438  0.00985597
 -0.0114755           0 -0.00423799  -0.0202821
 -0.0114438  0.00423799           0  -0.0038997
-0.00985597   0.0202821   0.0038997           0
Repeater1[0]<--->HoM1[0]
REAL
  0.343869 0.00862069  0.0143891   0.168757
0.00862069   0.150442  0.0323929  0.0156237
 0.0143891  0.0323929   0.166877 0.00862069
  0.168757  0.0156237 0.00862069   0.338812
IMAGINARY
          0   0.0128371  0.00126019  -0.0130794
 -0.0128371           0  0.00934805 -0.00552156
-0.00126019 -0.00934805           0 -5.3002e-05
  0.0130794  0.00552156  5.3002e-05           0
EndNode1[0]<--->Repeater1[0]
REAL
      0.375 0.000586723 -0.00356635    0.189944
0.000586723    0.143817   0.0185525 -0.00100881
-0.00356635   0.0185525    0.151882 -0.00124032
   0.189944 -0.00100881 -0.00124032    0.329301
IMAGINARY
           0   0.00627477  0.000627935   0.00134613
 -0.00627477            0   -0.0104845  -0.00191659
-0.000627935    0.0104845            0  -0.00627477
 -0.00134613   0.00191659   0.00627477            0
EndNode2[0]<--->HoM1[0]
REAL
      0.375   0.0104037   0.0306003    0.188797
  0.0104037    0.152473   0.0523194 -0.00775768
  0.0306003   0.0523194     0.14011    0.012439
   0.188797 -0.00775768    0.012439    0.332418
IMAGINARY
           0 -0.000818146   0.00126432   0.00914994
 0.000818146            0  -0.00914994  0.000622472
 -0.00126432   0.00914994            0   -0.0123894
 -0.00914994 -0.000622472    0.0123894            0
Repeater1[0]<--->EndNode1[0]
REAL
      0.375 -0.00356635 0.000586723    0.189944
-0.00356635    0.151882   0.0185525 -0.00124032
0.000586723   0.0185525    0.143817 -0.00100881
   0.189944 -0.00124032 -0.00100881    0.329301
IMAGINARY
           0  0.000627935   0.00627477   0.00134613
-0.000627935            0    0.0104845  -0.00627477
 -0.00627477   -0.0104845            0  -0.00191659
 -0.00134613   0.00627477   0.00191659            0
Repeater1[0]<--->HoM1[0]
REAL
      0.375   0.0306003   0.0104037    0.188797
  0.0306003     0.14011   0.0523194    0.012439
  0.0104037   0.0523194    0.152473 -0.00775768
   0.188797    0.012439 -0.00775768    0.332418
IMAGINARY
           0   0.00126432 -0.000818146   0.00914994
 -0.00126432            0   0.00914994   -0.0123894
 0.000818146  -0.00914994            0  0.000622472
 -0.00914994    0.0123894 -0.000622472            0
EndNode1[0]<--->Repeater1[0]
REAL
    0.360939 -0.000965992   -0.0027575     0.171861
-0.000965992     0.163164    0.0455308    0.0142665
  -0.0027575    0.0455308      0.15204    0.0111962
    0.171861    0.0142665    0.0111962     0.323857
IMAGINARY
          0   0.0193819 -0.00288349   0.0129739
 -0.0193819           0 -0.00395323  0.00421328
 0.00288349  0.00395323           0 -0.00608398
 -0.0129739 -0.00421328  0.00608398           0
EndNode2[0]<--->HoM1[0]
REAL
   0.350267  -0.0121109  -0.0124539     0.15995
 -0.0121109    0.176471   0.0301737 -0.00729922
 -0.0124539   0.0301737    0.145722 -0.00887675
    0.15995 -0.00729922 -0.00887675     0.32754
IMAGINARY
          0   0.0141022  -0.0196838 -0.00126582
 -0.0141022           0 -0.00126582 -0.00469035
  0.0196838  0.00126582           0 -0.00685585
 0.00126582  0.00469035  0.00685585           0
Repeater1[0]<--->EndNode1[0]
REAL
    0.360939   -0.0027575 -0.000965992     0.171861
  -0.0027575      0.15204    0.0455308    0.0111962
-0.000965992    0.0455308     0.163164    0.0142665
    0.171861    0.0111962    0.0142665     0.323857
IMAGINARY
          0 -0.00288349   0.0193819   0.0129739
 0.00288349           0  0.00395323 -0.00608398
 -0.0193819 -0.00395323           0  0.00421328
 -0.0129739  0.00608398 -0.00421328           0
Repeater1[0]<--->HoM1[0]
REAL
   0.350267  -0.0124539  -0.0121109     0.15995
 -0.0124539    0.145722   0.0301737 -0.00887675
 -0.0121109   0.0301737    0.176471 -0.00729922
    0.15995 -0.00887675 -0.00729922     0.32754
IMAGINARY
          0  -0.0196838   0.0141022 -0.00126582
  0.0196838           0  0.00126582 -0.00685585
 -0.0141022 -0.00126582           0 -0.00469035
 0.00126582  0.00685585  0.00469035           0
EndNode1[0]<--->Repeater1[0]
REAL
  0.358639 -0.0132865  0.0034569   0.184322
-0.0132865   0.141361  0.0417416  0.0138303
 0.0034569  0.0417416   0.150524  0.0172759
  0.184322  0.0138303  0.0172759   0.349476
IMAGINARY
          0   -0.032396   0.0122233  0.00567861
   0.032396           0 -0.00694765 -0.00125554
 -0.0122233  0.00694765           0    0.020138
-0.00567861  0.00125554   -0.020138           0
EndNode2[0]<--->HoM1[0]
REAL
  0.370787 -0.0083156 -0.0151672   0.189019
-0.0083156   0.148564  0.0383696 -0.0236863
-0.0151672  0.0383696   0.142322 -0.0152513
  0.189019 -0.0236863 -0.0152513   0.338327
IMAGINARY
          0  -0.0208298   0.0165094  0.00465137
  0.0208298           0 -0.00394814  -0.0100158
