EndNode1[0]<--->Repeater1[0]
REAL
  0.438217 0.00330069  0.0218407   0.389506
0.00330069  0.0624204  0.0422834 -0.0134752
 0.0218407  0.0422834   0.056051  0.0140738
  0.389506 -0.0134752  0.0140738   0.443312
IMAGINARY
          0  -0.0163691  0.00910056 -0.00392088
  0.0163691           0  0.00124708   0.0212025
-0.00910056 -0.00124708           0 -0.00762079
 0.00392088  -0.0212025  0.00762079           0
EndNode2[0]<--->HoM1[0]
REAL
   0.443089   0.0139877   0.0211047    0.408034
  0.0139877   0.0731707   0.0157054  -0.0032695
  0.0211047   0.0157054   0.0663957 -0.00353256
   0.408034  -0.0032695 -0.00353256    0.417344
IMAGINARY
          0  0.00548948 -0.00384973  -0.0110945
-0.00548948           0  -0.0218088 -0.00759038
 0.00384973   0.0218088           0 -0.00212474
  0.0110945  0.00759038  0.00212474           0
Repeater1[0]<--->EndNode1[0]
REAL
  0.438217  0.0218407 0.00330069   0.389506
 0.0218407   0.056051  0.0422834  0.0140738
0.00330069  0.0422834  0.0624204 -0.0134752
  0.389506  0.0140738 -0.0134752   0.443312
IMAGINARY
          0  0.00910056  -0.0163691 -0.00392088
-0.00910056           0 -0.00124708 -0.00762079
  0.0163691  0.00124708           0   0.0212025
 0.00392088  0.00762079  -0.0212025           0
Repeater1[0]<--->HoM1[0]
REAL
   0.443089   0.0211047   0.0139877    0.408034
  0.0211047   0.0663957   0.0157054 -0.00353256
  0.0139877   0.0157054   0.0731707  -0.0032695
   0.408034 -0.00353256  -0.0032695    0.417344
IMAGINARY
          0 -0.00384973  0.00548948  -0.0110945
 0.00384973           0   0.0218088 -0.00212474
-0.00548948  -0.0218088           0 -0.00759038
  0.0110945  0.00212474  0.00759038           0
EndNode1[0]<--->Repeater1[0]
REAL
   0.471627  -0.0180078 -0.00906736    0.396209
 -0.0180078   0.0643127    0.045501 -0.00906736
-0.00906736    0.045501   0.0643127 -0.00401291
   0.396209 -0.00906736 -0.00401291    0.399748
IMAGINARY
           0  0.000677369  -0.00877283   0.00254453
-0.000677369            0   0.00254453  -0.00345368
  0.00877283  -0.00254453            0    0.0269932
 -0.00254453   0.00345368   -0.0269932            0
EndNode2[0]<--->HoM1[0]
REAL
   0.460123 -0.00215039   0.0137668    0.393958
-0.00215039   0.0515337   0.0458735  0.00247865
  0.0137668   0.0458735   0.0601227  0.00395544
   0.393958  0.00247865  0.00395544    0.428221
IMAGINARY
          0   -0.001646  -0.0028878   0.0141746
   0.001646           0  0.00702243  0.00222729
  0.0028878 -0.00702243           0 -0.00429852
 -0.0141746 -0.00222729  0.00429852           0
Repeater1[0]<--->EndNode1[0]
REAL
   0.471627 -0.00906736  -0.0180078    0.396209
-0.00906736   0.0643127    0.045501 -0.00401291
 -0.0180078    0.045501   0.0643127 -0.00906736
   0.396209 -0.00401291 -0.00906736    0.399748
IMAGINARY
           0  -0.00877283  0.000677369   0.00254453
  0.00877283            0  -0.00254453    0.0269932
-0.000677369   0.00254453            0  -0.00345368
 -0.00254453   -0.0269932   0.00345368            0
Repeater1[0]<--->HoM1[0]
REAL
   0.460123   0.0137668 -0.00215039    0.393958
  0.0137668   0.0601227   0.0458735  0.00395544
-0.00215039   0.0458735   0.0515337  0.00247865
   0.393958  0.00395544  0.00247865    0.428221
IMAGINARY
          0  -0.0028878   -0.001646   0.0141746
  0.0028878           0 -0.00702243 -0.00429852
   0.001646  0.00702243           0  0.00222729
 -0.0141746  0.00429852 -0.00222729           0
EndNode1[0]<--->Repeater1[0]
REAL
   0.464191  -0.0120898 -0.00423708    0.404725
 -0.0120898   0.0477454   0.0380581 -0.00551585
-0.00423708   0.0380581   0.0702918  -0.0028647
   0.404725 -0.00551585  -0.0028647    0.417772
IMAGINARY
          0  0.00288045  -0.0179583  0.00530057
-0.00288045           0   0.0118969  -0.0206038
  0.0179583  -0.0118969           0   0.0199954
-0.00530057   0.0206038  -0.0199954           0
EndNode2[0]<--->HoM1[0]
REAL
   0.468286 2.99077e-05 -0.00984409    0.386822
2.99077e-05   0.0634278   0.0439652 -0.00328241
-0.00984409   0.0439652    0.048583 -0.00122323
   0.386822 -0.00328241 -0.00122323    0.419703
IMAGINARY
           0    0.0123687  -0.00915259   0.00538092
  -0.0123687            0 -0.000380922  -0.00123702
  0.00915259  0.000380922            0   0.00970917
 -0.00538092   0.00123702  -0.00970917            0
Repeater1[0]<--->EndNode1[0]
REAL
   0.464191 -0.00423708  -0.0120898    0.404725
-0.00423708   0.0702918   0.0380581  -0.0028647
 -0.0120898   0.0380581   0.0477454 -0.00551585
   0.404725  -0.0028647 -0.00551585    0.417772
IMAGINARY
          0  -0.0179583  0.00288045  0.00530057
  0.0179583           0  -0.0118969   0.0199954
-0.00288045   0.0118969           0  -0.0206038
-0.00530057  -0.0199954   0.0206038           0
Repeater1[0]<--->HoM1[0]
REAL
   0.468286 -0.00984409 2.99077e-05    0.386822
-0.00984409    0.048583   0.0439652 -0.00122323
2.99077e-05   0.0439652   0.0634278 -0.00328241
   0.386822 -0.00122323 -0.00328241    0.419703
IMAGINARY
           0  -0.00915259    0.0123687   0.00538092
  0.00915259            0  0.000380922   0.00970917
  -0.0123687 -0.000380922            0  -0.00123702
 -0.00538092  -0.00970917   0.00123702            0
EndNode1[0]<--->Repeater1[0]
REAL
   0.419267 -0.00423019  -0.0127787    0.371738
-0.00423019   0.0610583   0.0424406  -0.0108531
 -0.0127787   0.0424406   0.0746269  -0.0256206
   0.371738  -0.0108531  -0.0256206    0.445047
IMAGINARY
          0 -0.00244889   0.0143704  -0.0021936
 0.00244889           0  0.00678076  0.00984263
 -0.0143704 -0.00678076           0 -0.00118307
  0.0021936 -0.00984263  0.00118307           0
EndNode2[0]<--->HoM1[0]
REAL
   0.445844  0.00718799 -0.00753999    0.412838
 0.00718799   0.0566751   0.0402262  0.00819188
-0.00753999   0.0402262   0.0579345 -0.00914366
   0.412838  0.00819188 -0.00914366    0.439547
IMAGINARY
           0   -0.0126032    0.0137576   -0.0143208
   0.0126032            0    0.0098622    0.0047137
  -0.0137576   -0.0098622            0 -0.000772581
   0.0143208   -0.0047137  0.000772581            0
Repeater1[0]<--->EndNode1[0]
REAL
   0.419267  -0.0127787 -0.00423019    0.371738
 -0.0127787   0.0746269   0.0424406  -0.0256206
-0.00423019   0.0424406   0.0610583  -0.0108531
   0.371738  -0.0256206  -0.0108531    0.445047
IMAGINARY
          0   0.0143704 -0.00244889  -0.0021936
 -0.0143704           0 -0.00678076 -0.00118307
 0.00244889  0.00678076           0  0.00984263
  0.0021936  0.00118307 -0.00984263           0
Repeater1[0]<--->HoM1[0]
REAL
   0.445844 -0.00753999  0.00718799    0.412838
-0.00753999   0.0579345   0.0402262 -0.00914366
 0.00718799   0.0402262   0.0566751  0.00819188
   0.412838 -0.00914366  0.00819188    0.439547
IMAGINARY
           0    0.0137576   -0.0126032   -0.0143208
  -0.0137576            0   -0.0098622 -0.000772581
   0.0126032    0.0098622            0    0.0047137
   0.0143208  0.000772581   -0.0047137            0
EndNode1[0]<--->Repeater1[0]
REAL
   0.430864  -0.0187652 -0.00765672    0.384239
 -0.0187652   0.0592593   0.0281977  -0.0113788
-0.00765672   0.0281977   0.0481481  -0.0167678
   0.384239  -0.0113788  -0.0167678    0.461728
IMAGINARY
           0   0.00587467     0.015095    0.0151243
 -0.00587467            0  0.000437234   0.00289987
   -0.015095 -0.000437234            0  -0.00587467
  -0.0151243  -0.00289987   0.00587467            0
EndNode2[0]<--->HoM1[0]
REAL
 0.417437  0.012615 0.0182662  0.393796
 0.012615 0.0739762 0.0427323 0.0309566
0.0182662 0.0427323 0.0660502 0.0275404
 0.393796 0.0309566 0.0275404  0.442536
IMAGINARY
           0   0.00187735 -0.000115766   0.00929894
 -0.00187735            0   0.00142492   0.00699937
 0.000115766  -0.00142492            0   0.00750939
 -0.00929894  -0.00699937  -0.00750939            0
Repeater1[0]<--->EndNode1[0]
REAL
   0.430864 -0.00765672  -0.0187652    0.384239
-0.00765672   0.0481481   0.0281977  -0.0167678
 -0.0187652   0.0281977   0.0592593  -0.0113788
   0.384239  -0.0167678  -0.0113788    0.461728
IMAGINARY
           0     0.015095   0.00587467    0.0151243
   -0.015095            0 -0.000437234  -0.00587467
 -0.00587467  0.000437234            0   0.00289987
  -0.0151243   0.00587467  -0.00289987            0
Repeater1[0]<--->HoM1[0]
REAL
 0.417437 0.0182662  0.012615  0.393796
0.0182662 0.0660502 0.0427323 0.0275404
 0.012615 0.0427323 0.0739762 0.0309566
 0.393796 0.0275404 0.0309566  0.442536
IMAGINARY
           0 -0.000115766   0.00187735   0.00929894
 0.000115766            0  -0.00142492   0.00750939
 -0.00187735   0.00142492            0   0.00699937
 -0.00929894  -0.00750939  -0.00699937            0
EndNode1[0]<--->Repeater1[0]
REAL
   0.453024  -0.0117216  0.00318678    0.389311
 -0.0117216   0.0656371   0.0235576 -0.00988919
 0.00318678   0.0235576   0.0656371   0.0197645
   0.389311 -0.00988919   0.0197645    0.415701
IMAGINARY
          0   0.0269047   -0.023901  -0.0241925
 -0.0269047           0  0.00888638 -0.00897567
   0.023901 -0.00888638           0  -0.0104664
  0.0241925  0.00897567   0.0104664           0
EndNode2[0]<--->HoM1[0]
REAL
  0.404015 -0.0141183 -0.0155801   0.381854
-0.0141183  0.0690088  0.0247114  0.0105296
-0.0155801  0.0247114  0.0627353 -0.0060837
  0.381854  0.0105296 -0.0060837   0.464241
IMAGINARY
          0   0.0156107 -0.00296174  0.00199741
 -0.0156107           0   0.0219974   -0.024816
 0.00296174  -0.0219974           0   0.0201036
-0.00199741    0.024816  -0.0201036           0
Repeater1[0]<--->EndNode1[0]
REAL
   0.453024  0.00318678  -0.0117216    0.389311
 0.00318678   0.0656371   0.0235576   0.0197645
 -0.0117216   0.0235576   0.0656371 -0.00988919
   0.389311   0.0197645 -0.00988919    0.415701
IMAGINARY
          0   -0.023901   0.0269047  -0.0241925
   0.023901           0 -0.00888638  -0.0104664
 -0.0269047  0.00888638           0 -0.00897567
  0.0241925   0.0104664  0.00897567           0
Repeater1[0]<--->HoM1[0]
REAL
  0.404015 -0.0155801 -0.0141183   0.381854
-0.0155801  0.0627353  0.0247114 -0.0060837
-0.0141183  0.0247114  0.0690088  0.0105296
  0.381854 -0.0060837  0.0105296   0.464241
IMAGINARY
          0 -0.00296174   0.0156107  0.00199741
 0.00296174           0  -0.0219974   0.0201036
 -0.0156107   0.0219974           0   -0.024816
-0.00199741  -0.0201036    0.024816           0
EndNode1[0]<--->Repeater1[0]
REAL
   0.411392  -0.0100003 -0.00815197    0.402003
 -0.0100003   0.0746835   0.0469498   0.0356389
-0.00815197   0.0469498   0.0734177   0.0309427
   0.402003   0.0356389   0.0309427    0.440506
IMAGINARY
          0 -0.00513689 -0.00773748 -0.00580331
 0.00513689           0 -0.00116754   0.0143864
 0.00773748  0.00116754           0  0.00247732
 0.00580331  -0.0143864 -0.00247732           0
EndNode2[0]<--->HoM1[0]
REAL
   0.418972   0.0161436 -0.00784377    0.396689
  0.0161436   0.0632411   0.0280285   0.0034523
-0.00784377   0.0280285   0.0592885  0.00204963
   0.396689   0.0034523  0.00204963    0.458498
IMAGINARY
          0  -0.0106845   0.0107274  0.00330045
  0.0106845           0   0.0239723 -0.00747645
 -0.0107274  -0.0239723           0 -0.00166922
-0.00330045  0.00747645  0.00166922           0
Repeater1[0]<--->EndNode1[0]
REAL
   0.411392 -0.00815197  -0.0100003    0.402003
-0.00815197   0.0734177   0.0469498   0.0309427
 -0.0100003   0.0469498   0.0746835   0.0356389
   0.402003   0.0309427   0.0356389    0.440506
IMAGINARY
          0 -0.00773748 -0.00513689 -0.00580331
 0.00773748           0  0.00116754  0.00247732
 0.00513689 -0.00116754           0   0.0143864
 0.00580331 -0.00247732  -0.0143864           0
Repeater1[0]<--->HoM1[0]
REAL
   0.418972 -0.00784377   0.0161436    0.396689
-0.00784377   0.0592885   0.0280285  0.00204963
  0.0161436   0.0280285   0.0632411   0.0034523
   0.396689  0.00204963   0.0034523    0.458498
IMAGINARY
          0   0.0107274  -0.0106845  0.00330045
 -0.0107274           0  -0.0239723 -0.00166922
  0.0106845   0.0239723           0 -0.00747645
-0.00330045  0.00166922  0.00747645           0
EndNode1[0]<--->Repeater1[0]
REAL
   0.424779 -0.00271003  0.00404075    0.394475
-0.00271003   0.0670038   0.0296441  -0.0175909
 0.00404075   0.0296441   0.0594185 -0.00271003
   0.394475  -0.0175909 -0.00271003    0.448799
IMAGINARY
          0  0.00117988   0.0139781 -0.00934797
-0.00117988           0  -0.0142741 -0.00459137
 -0.0139781   0.0142741           0   0.0119615
 0.00934797  0.00459137  -0.0119615           0
EndNode2[0]<--->HoM1[0]
REAL
   0.428202   0.0118644    0.012115    0.391756
  0.0118644   0.0776197   0.0313208 0.000705558
   0.012115   0.0313208   0.0646831   0.0112125
   0.391756 0.000705558   0.0112125    0.429495
IMAGINARY
          0  0.00844821   0.0297837  0.00748508
-0.00844821           0 -0.00812041  -0.0124982
 -0.0297837  0.00812041           0  -0.0116492
-0.00748508   0.0124982   0.0116492           0
Repeater1[0]<--->EndNode1[0]
REAL
   0.424779  0.00404075 -0.00271003    0.394475
 0.00404075   0.0594185   0.0296441 -0.00271003
-0.00271003   0.0296441   0.0670038  -0.0175909
   0.394475 -0.00271003  -0.0175909    0.448799
IMAGINARY
          0   0.0139781  0.00117988 -0.00934797
 -0.0139781           0   0.0142741   0.0119615
-0.00117988  -0.0142741           0 -0.00459137
 0.00934797  -0.0119615  0.00459137           0
Repeater1[0]<--->HoM1[0]
REAL
   0.428202    0.012115   0.0118644    0.391756
   0.012115   0.0646831   0.0313208   0.0112125
  0.0118644   0.0313208   0.0776197 0.000705558
   0.391756   0.0112125 0.000705558    0.429495
IMAGINARY
          0   0.0297837  0.00844821  0.00748508
 -0.0297837           0  0.00812041  -0.0116492
-0.00844821 -0.00812041           0  -0.0124982
-0.00748508   0.0116492   0.0124982           0
EndNode1[0]<--->Repeater1[0]
REAL
   0.437995  0.00994937  0.00385368     0.39331
 0.00994937   0.0659631   0.0469493  0.00134112
 0.00385368   0.0469493   0.0580475 -0.00215716
    0.39331  0.00134112 -0.00215716    0.437995
IMAGINARY
          0   0.0160693 -0.00549841 -0.00246642
 -0.0160693           0 -0.00313756  0.00280299
 0.00549841  0.00313756           0 -0.00259221
 0.00246642 -0.00280299  0.00259221           0
EndNode2[0]<--->HoM1[0]
REAL
   0.494325  -0.0216908 -0.00954716    0.402717
 -0.0216908   0.0592686   0.0392581  -0.0102059
-0.00954716   0.0392581   0.0630517  0.00811054
   0.402717  -0.0102059  0.00811054    0.383354
IMAGINARY
          0 -0.00873545   -0.005018  -0.0114249
 0.00873545           0  0.00629666   0.0147709
   0.005018 -0.00629666           0 -0.00491865
  0.0114249  -0.0147709  0.00491865           0
Repeater1[0]<--->EndNode1[0]
REAL
   0.437995  0.00385368  0.00994937     0.39331
 0.00385368   0.0580475   0.0469493 -0.00215716
 0.00994937   0.0469493   0.0659631  0.00134112
    0.39331 -0.00215716  0.00134112    0.437995
IMAGINARY
          0 -0.00549841   0.0160693 -0.00246642
 0.00549841           0  0.00313756 -0.00259221
 -0.0160693 -0.00313756           0  0.00280299
 0.00246642  0.00259221 -0.00280299           0
Repeater1[0]<--->HoM1[0]
REAL
   0.494325 -0.00954716  -0.0216908    0.402717
-0.00954716   0.0630517   0.0392581  0.00811054
 -0.0216908   0.0392581   0.0592686  -0.0102059
   0.402717  0.00811054  -0.0102059    0.383354
IMAGINARY
          0   -0.005018 -0.00873545  -0.0114249
   0.005018           0 -0.00629666 -0.00491865
 0.00873545  0.00629666           0   0.0147709
  0.0114249  0.00491865  -0.0147709           0
EndNode1[0]<--->Repeater1[0]
REAL
  0.436039 0.00170595  0.0142479   0.386707
0.00170595  0.0660248  0.0388807  0.0236112
 0.0142479  0.0388807  0.0618982  0.0165708
  0.386707  0.0236112  0.0165708   0.436039
IMAGINARY
          0 -0.00926076  0.00612239  -0.0153183
 0.00926076           0  -0.0172488   0.0168955
-0.00612239   0.0172488           0  -0.0278236
  0.0153183  -0.0168955   0.0278236           0
EndNode2[0]<--->HoM1[0]
REAL
    0.45086  -0.0101906 -0.00153338    0.390296
 -0.0101906   0.0565111   0.0356296 -0.00217032
-0.00153338   0.0356296   0.0737101  0.00401778
   0.390296 -0.00217032  0.00401778    0.418919
IMAGINARY
          0   0.0020582   0.0156203  0.00907283
 -0.0020582           0   0.0122175 -0.00628694
 -0.0156203  -0.0122175           0   0.0166085
-0.00907283  0.00628694  -0.0166085           0
Repeater1[0]<--->EndNode1[0]
REAL
  0.436039  0.0142479 0.00170595   0.386707
 0.0142479  0.0618982  0.0388807  0.0165708
0.00170595  0.0388807  0.0660248  0.0236112
  0.386707  0.0165708  0.0236112   0.436039
IMAGINARY
          0  0.00612239 -0.00926076  -0.0153183
-0.00612239           0   0.0172488  -0.0278236
 0.00926076  -0.0172488           0   0.0168955
  0.0153183   0.0278236  -0.0168955           0
Repeater1[0]<--->HoM1[0]
REAL
    0.45086 -0.00153338  -0.0101906    0.390296
-0.00153338   0.0737101   0.0356296  0.00401778
 -0.0101906   0.0356296   0.0565111 -0.00217032
   0.390296  0.00401778 -0.00217032    0.418919
IMAGINARY
          0   0.0156203   0.0020582  0.00907283
 -0.0156203           0  -0.0122175   0.0166085
 -0.0020582   0.0122175           0 -0.00628694
-0.00907283  -0.0166085  0.00628694           0
EndNode1[0]<--->Repeater1[0]
REAL
   0.423841 -0.00832029  0.00256531    0.399752
-0.00832029   0.0701987   0.0390747  0.00804643
 0.00256531   0.0390747   0.0569536   0.0151867
   0.399752  0.00804643   0.0151867    0.449007
IMAGINARY
          0   0.0207712  0.00113076   0.0151345
 -0.0207712           0   0.0080194 -0.00764117
-0.00113076  -0.0080194           0  -0.0103546
 -0.0151345  0.00764117   0.0103546           0
EndNode2[0]<--->HoM1[0]
REAL
   0.428385  0.00305824 -0.00467391    0.390332
 0.00305824   0.0611979   0.0452795   0.0250418
-0.00467391   0.0452795   0.0651042   0.0133675
   0.390332   0.0250418   0.0133675    0.445312
IMAGINARY
          0  -0.0115414 -0.00421552   0.0047008
  0.0115414           0  -0.0110621  -0.0022949
 0.00421552   0.0110621           0   0.0193539
 -0.0047008   0.0022949  -0.0193539           0
Repeater1[0]<--->EndNode1[0]
REAL
   0.423841  0.00256531 -0.00832029    0.399752
 0.00256531   0.0569536   0.0390747   0.0151867
-0.00832029   0.0390747   0.0701987  0.00804643
   0.399752   0.0151867  0.00804643    0.449007
IMAGINARY
          0  0.00113076   0.0207712   0.0151345
-0.00113076           0  -0.0080194  -0.0103546
 -0.0207712   0.0080194           0 -0.00764117
 -0.0151345   0.0103546  0.00764117           0
Repeater1[0]<--->HoM1[0]
REAL
   0.428385 -0.00467391  0.00305824    0.390332
-0.00467391   0.0651042   0.0452795   0.0133675
 0.00305824   0.0452795   0.0611979   0.0250418
   0.390332   0.0133675   0.0250418    0.445312
IMAGINARY
          0 -0.00421552  -0.0115414   0.0047008
 0.00421552           0   0.0110621   0.0193539
  0.0115414  -0.0110621           0  -0.0022949
 -0.0047008  -0.0193539   0.0022949           0
EndNode1[0]<--->Repeater1[0]
REAL
    0.445333  -0.00765782  -0.00991846     0.393643
 -0.00765782    0.0573333    0.0433753 -0.000364318
 -0.00991846    0.0433753    0.0466667   0.00380177
    0.393643 -0.000364318   0.00380177     0.450667
IMAGINARY
          0  -0.0171557   0.0294707  0.00977686
  0.0171557           0 -0.00526073   -0.012091
 -0.0294707  0.00526073           0   0.0158188
-0.00977686    0.012091  -0.0158188           0
EndNode2[0]<--->HoM1[0]
REAL
   0.400731  0.00708753 -0.00640287     0.40108
 0.00708753   0.0791717   0.0420723   0.0167388
-0.00640287   0.0420723   0.0609013   0.0213362
    0.40108   0.0167388   0.0213362    0.459196
IMAGINARY
          0   0.0152338 -0.00178798   0.0135979
 -0.0152338           0  0.00959794  -0.0073504
 0.00178798 -0.00959794           0   0.0121813
 -0.0135979   0.0073504  -0.0121813           0
Repeater1[0]<--->EndNode1[0]
REAL
    0.445333  -0.00991846  -0.00765782     0.393643
 -0.00991846    0.0466667    0.0433753   0.00380177
 -0.00765782    0.0433753    0.0573333 -0.000364318
    0.393643   0.00380177 -0.000364318     0.450667
IMAGINARY
          0   0.0294707  -0.0171557  0.00977686
 -0.0294707           0  0.00526073   0.0158188
  0.0171557 -0.00526073           0   -0.012091
-0.00977686  -0.0158188    0.012091           0
Repeater1[0]<--->HoM1[0]
REAL
   0.400731 -0.00640287  0.00708753     0.40108
-0.00640287   0.0609013   0.0420723   0.0213362
 0.00708753   0.0420723   0.0791717   0.0167388
    0.40108   0.0213362   0.0167388    0.459196
IMAGINARY
          0 -0.00178798   0.0152338   0.0135979
 0.00178798           0 -0.00959794   0.0121813
 -0.0152338  0.00959794           0  -0.0073504
 -0.0135979  -0.0121813   0.0073504           0
EndNode1[0]<--->Repeater1[0]
REAL
   0.47619 0.00880592 0.00069475   0.396839
0.00880592  0.0525031  0.0487054  0.0215825
0.00069475  0.0487054  0.0561661 0.00357032
  0.396839  0.0215825 0.00357032    0.41514
IMAGINARY
          0  0.00934323  -0.0135057  0.00540255
-0.00934323           0  -0.0181577  0.00127922
  0.0135057   0.0181577           0  0.00288328
-0.00540255 -0.00127922 -0.00288328           0
EndNode2[0]<--->HoM1[0]
REAL
   0.465802  -0.0153985 -0.00519144    0.395271
 -0.0153985   0.0695755   0.0252585 0.000555682
-0.00519144   0.0252585   0.0542453   0.0160607
   0.395271 0.000555682   0.0160607    0.410377
IMAGINARY
          0 -0.00810627   0.0105979    0.028619
 0.00810627           0  0.00732869  -0.0202504
 -0.0105979 -0.00732869           0   0.0113238
  -0.028619   0.0202504  -0.0113238           0
Repeater1[0]<--->EndNode1[0]
REAL
   0.47619 0.00069475 0.00880592   0.396839
0.00069475  0.0561661  0.0487054 0.00357032
0.00880592  0.0487054  0.0525031  0.0215825
  0.396839 0.00357032  0.0215825    0.41514
IMAGINARY
          0  -0.0135057  0.00934323  0.00540255
  0.0135057           0   0.0181577  0.00288328
-0.00934323  -0.0181577           0  0.00127922
-0.00540255 -0.00288328 -0.00127922           0
Repeater1[0]<--->HoM1[0]
REAL
   0.465802 -0.00519144  -0.0153985    0.395271
-0.00519144   0.0542453   0.0252585   0.0160607
 -0.0153985   0.0252585   0.0695755 0.000555682
   0.395271   0.0160607 0.000555682    0.410377
IMAGINARY
          0   0.0105979 -0.00810627    0.028619
 -0.0105979           0 -0.00732869   0.0113238
 0.00810627  0.00732869           0  -0.0202504
  -0.028619  -0.0113238   0.0202504           0
EndNode1[0]<--->Repeater1[0]
REAL
   0.458108 -0.00295027   0.0169304    0.394576
-0.00295027   0.0513514   0.0325072 -0.00911789
  0.0169304   0.0325072   0.0689189  -0.0074664
   0.394576 -0.00911789  -0.0074664    0.421622
IMAGINARY
          0   0.0142797   -0.006795 -0.00240841
 -0.0142797           0 -0.00677794 -0.00428874
   0.006795  0.00677794           0  0.00173016
 0.00240841  0.00428874 -0.00173016           0
EndNode2[0]<--->HoM1[0]
REAL
   0.462725 -0.00153793  0.00532543    0.408488
-0.00153793   0.0578406   0.0426989  0.00654792
 0.00532543   0.0426989   0.0681234   0.0252846
   0.408488  0.00654792   0.0252846    0.411311
IMAGINARY
          0 -0.00256685   0.0119223   0.0203844
 0.00256685           0   0.0235854 -0.00797497
 -0.0119223  -0.0235854           0  -0.0119068
 -0.0203844  0.00797497   0.0119068           0
Repeater1[0]<--->EndNode1[0]
REAL
   0.458108   0.0169304 -0.00295027    0.394576
  0.0169304   0.0689189   0.0325072  -0.0074664
-0.00295027   0.0325072   0.0513514 -0.00911789
   0.394576  -0.0074664 -0.00911789    0.421622
IMAGINARY
          0   -0.006795   0.0142797 -0.00240841
   0.006795           0  0.00677794  0.00173016
 -0.0142797 -0.00677794           0 -0.00428874
 0.00240841 -0.00173016  0.00428874           0
Repeater1[0]<--->HoM1[0]
REAL
   0.462725  0.00532543 -0.00153793    0.408488
 0.00532543   0.0681234   0.0426989   0.0252846
-0.00153793   0.0426989   0.0578406  0.00654792
   0.408488   0.0252846  0.00654792    0.411311
IMAGINARY
          0   0.0119223 -0.00256685   0.0203844
 -0.0119223           0  -0.0235854  -0.0119068
 0.00256685   0.0235854           0 -0.00797497
 -0.0203844   0.0119068  0.00797497           0
EndNode1[0]<--->Repeater1[0]
REAL
  0.439601 -0.0181793  0.0044313   0.384482
-0.0181793  0.0647572  0.0434221  0.0189332
 0.0044313  0.0434221  0.0722291  0.0255225
  0.384482  0.0189332  0.0255225   0.423412
IMAGINARY
           0 -0.000708352    0.0252649   -0.0125571
 0.000708352            0  -0.00494289   -0.0325496
  -0.0252649   0.00494289            0   0.00799312
   0.0125571    0.0325496  -0.00799312            0
EndNode2[0]<--->HoM1[0]
REAL
    0.43758   0.0121723  0.00565488    0.392173
  0.0121723   0.0630631   0.0335201 0.000642349
 0.00565488   0.0335201   0.0746461  -0.0121723
   0.392173 0.000642349  -0.0121723     0.42471
IMAGINARY
          0  0.00808832 -0.00205881   0.0143129
-0.00808832           0  -0.0103446  -0.0118117
 0.00205881   0.0103446           0   0.0203133
 -0.0143129   0.0118117  -0.0203133           0
Repeater1[0]<--->EndNode1[0]
REAL
  0.439601  0.0044313 -0.0181793   0.384482
 0.0044313  0.0722291  0.0434221  0.0255225
-0.0181793  0.0434221  0.0647572  0.0189332
  0.384482  0.0255225  0.0189332   0.423412
IMAGINARY
           0    0.0252649 -0.000708352   -0.0125571
  -0.0252649            0   0.00494289   0.00799312
 0.000708352  -0.00494289            0   -0.0325496
   0.0125571  -0.00799312    0.0325496            0
Repeater1[0]<--->HoM1[0]
REAL
    0.43758  0.00565488   0.0121723    0.392173
 0.00565488   0.0746461   0.0335201  -0.0121723
  0.0121723   0.0335201   0.0630631 0.000642349
   0.392173  -0.0121723 0.000642349     0.42471
IMAGINARY
          0 -0.00205881  0.00808832   0.0143129
 0.00205881           0   0.0103446   0.0203133
-0.00808832  -0.0103446           0  -0.0118117
 -0.0143129  -0.0203133   0.0118117           0
EndNode1[0]<--->Repeater1[0]
REAL
    0.420051   -0.0193386   0.00463222     0.387669
  -0.0193386     0.069797    0.0298436   -0.0135155
  0.00463222    0.0298436    0.0621827 -0.000965933
    0.387669   -0.0135155 -0.000965933      0.44797
IMAGINARY
          0  0.00219461  0.00810982  0.00771964
-0.00219461           0   0.0271641  0.00682447
-0.00810982  -0.0271641           0   0.0103502
-0.00771964 -0.00682447  -0.0103502           0
EndNode2[0]<--->HoM1[0]
REAL
    0.438231    0.0032385 -5.08086e-05     0.397004
   0.0032385    0.0689207    0.0443196   -0.0155547
-5.08086e-05    0.0443196    0.0494148   -0.0225893
    0.397004   -0.0155547   -0.0225893     0.443433
IMAGINARY
           0  0.000876767   -0.0122785    0.0120724
-0.000876767            0   -0.0107703  -0.00832073
   0.0122785    0.0107703            0   0.00723809
  -0.0120724   0.00832073  -0.00723809            0
Repeater1[0]<--->EndNode1[0]
REAL
    0.420051   0.00463222   -0.0193386     0.387669
  0.00463222    0.0621827    0.0298436 -0.000965933
  -0.0193386    0.0298436     0.069797   -0.0135155
    0.387669 -0.000965933   -0.0135155      0.44797
IMAGINARY
          0  0.00810982  0.00219461  0.00771964
-0.00810982           0  -0.0271641   0.0103502
-0.00219461   0.0271641           0  0.00682447
-0.00771964  -0.0103502 -0.00682447           0
Repeater1[0]<--->HoM1[0]
REAL
    0.438231 -5.08086e-05    0.0032385     0.397004
-5.08086e-05    0.0494148    0.0443196   -0.0225893
   0.0032385    0.0443196    0.0689207   -0.0155547
    0.397004   -0.0225893   -0.0155547     0.443433
IMAGINARY
           0   -0.0122785  0.000876767    0.0120724
   0.0122785            0    0.0107703   0.00723809
-0.000876767   -0.0107703            0  -0.00832073
  -0.0120724  -0.00723809   0.00832073            0
EndNode1[0]<--->Repeater1[0]
REAL
    0.42545  -0.0143785  -0.0339651    0.388808
 -0.0143785    0.062982   0.0355101  0.00294769
 -0.0339651   0.0355101   0.0501285 -0.00547263
   0.388808  0.00294769 -0.00547263     0.46144
IMAGINARY
          0 -0.00499878  -0.0201073     0.01225
 0.00499878           0   0.0234196   0.0100131
  0.0201073  -0.0234196           0  0.00297994
   -0.01225  -0.0100131 -0.00297994           0
EndNode2[0]<--->HoM1[0]
REAL
   0.446835 0.000648983  0.00328736    0.408548
0.000648983   0.0658228   0.0354518   -0.013954
 0.00328736   0.0354518    0.056962 -0.00598232
   0.408548   -0.013954 -0.00598232     0.43038
IMAGINARY
          0  0.00236975  0.00878146   0.0148104
-0.00236975           0 -0.00375392  -0.0138576
-0.00878146  0.00375392           0 -0.00998396
 -0.0148104   0.0138576  0.00998396           0
Repeater1[0]<--->EndNode1[0]
REAL
    0.42545  -0.0339651  -0.0143785    0.388808
 -0.0339651   0.0501285   0.0355101 -0.00547263
 -0.0143785   0.0355101    0.062982  0.00294769
   0.388808 -0.00547263  0.00294769     0.46144
IMAGINARY
          0  -0.0201073 -0.00499878     0.01225
  0.0201073           0  -0.0234196  0.00297994
 0.00499878   0.0234196           0   0.0100131
   -0.01225 -0.00297994  -0.0100131           0
Repeater1[0]<--->HoM1[0]
REAL
   0.446835  0.00328736 0.000648983    0.408548
 0.00328736    0.056962   0.0354518 -0.00598232
0.000648983   0.0354518   0.0658228   -0.013954
   0.408548 -0.00598232   -0.013954     0.43038
IMAGINARY
          0  0.00878146  0.00236975   0.0148104
-0.00878146           0  0.00375392 -0.00998396
-0.00236975 -0.00375392           0  -0.0138576
 -0.0148104  0.00998396   0.0138576           0
EndNode1[0]<--->Repeater1[0]
REAL
   0.406758  -0.0257477 -0.00120601    0.401991
 -0.0257477   0.0738423    0.038603  0.00244363
-0.00120601    0.038603    0.057572   0.0245101
   0.401991  0.00244363   0.0245101    0.461827
IMAGINARY
           0 -8.81368e-05    0.0130495   -0.0183268
 8.81368e-05            0    0.0176732  0.000611696
  -0.0130495   -0.0176732            0   -0.0108408
   0.0183268 -0.000611696    0.0108408            0
EndNode2[0]<--->HoM1[0]
REAL
    0.444444 -0.000640854  -0.00694444     0.406605
-0.000640854    0.0498084     0.037839  -0.00694444
 -0.00694444     0.037839    0.0574713  -0.00819753
    0.406605  -0.00694444  -0.00819753     0.448276
IMAGINARY
          0  0.00204904 -0.00279959  -0.0142392
-0.00204904           0 -0.00517181  -0.0129484
 0.00279959  0.00517181           0   0.0110743
  0.0142392   0.0129484  -0.0110743           0
Repeater1[0]<--->EndNode1[0]
REAL
   0.406758 -0.00120601  -0.0257477    0.401991
-0.00120601    0.057572    0.038603   0.0245101
 -0.0257477    0.038603   0.0738423  0.00244363
   0.401991   0.0245101  0.00244363    0.461827
IMAGINARY
           0    0.0130495 -8.81368e-05   -0.0183268
  -0.0130495            0   -0.0176732   -0.0108408
 8.81368e-05    0.0176732            0  0.000611696
   0.0183268    0.0108408 -0.000611696            0
Repeater1[0]<--->HoM1[0]
REAL
    0.444444  -0.00694444 -0.000640854     0.406605
 -0.00694444    0.0574713     0.037839  -0.00819753
-0.000640854     0.037839    0.0498084  -0.00694444
    0.406605  -0.00819753  -0.00694444     0.448276
IMAGINARY
          0 -0.00279959  0.00204904  -0.0142392
 0.00279959           0  0.00517181   0.0110743
-0.00204904 -0.00517181           0  -0.0129484
  0.0142392  -0.0110743   0.0129484           0
EndNode1[0]<--->Repeater1[0]
REAL
    0.45641  0.00701626 -0.00824097    0.389347
 0.00701626   0.0641026   0.0400495   0.0178687
-0.00824097   0.0400495        0.05  0.00389516
   0.389347   0.0178687  0.00389516    0.429487
IMAGINARY
          0  0.00867496   0.0139222   0.0250483
-0.00867496           0  0.00352311  0.00842772
 -0.0139222 -0.00352311           0  -0.0156992
 -0.0250483 -0.00842772   0.0156992           0
EndNode2[0]<--->HoM1[0]
REAL
  0.424516 0.00408328 0.00300444   0.414476
0.00408328  0.0606452  0.0260002  0.0115458
0.00300444  0.0260002  0.0670968 0.00649873
  0.414476  0.0115458 0.00649873   0.447742
IMAGINARY
           0   0.00188542    0.0002154 -5.41026e-05
 -0.00188542            0    0.0140847   0.00412165
  -0.0002154   -0.0140847            0   0.00121247
 5.41026e-05  -0.00412165  -0.00121247            0
Repeater1[0]<--->EndNode1[0]
REAL
    0.45641 -0.00824097  0.00701626    0.389347
-0.00824097        0.05   0.0400495  0.00389516
 0.00701626   0.0400495   0.0641026   0.0178687
   0.389347  0.00389516   0.0178687    0.429487
IMAGINARY
          0   0.0139222  0.00867496   0.0250483
 -0.0139222           0 -0.00352311  -0.0156992
-0.00867496  0.00352311           0  0.00842772
 -0.0250483   0.0156992 -0.00842772           0
Repeater1[0]<--->HoM1[0]
REAL
  0.424516 0.00300444 0.00408328   0.414476
0.00300444  0.0670968  0.0260002 0.00649873
0.00408328  0.0260002  0.0606452  0.0115458
  0.414476 0.00649873  0.0115458   0.447742
IMAGINARY
           0    0.0002154   0.00188542 -5.41026e-05
  -0.0002154            0   -0.0140847   0.00121247
 -0.00188542    0.0140847            0   0.00412165
 5.41026e-05  -0.00121247  -0.00412165            0
EndNode1[0]<--->Repeater1[0]
REAL
        0.44   0.00682392   0.00605927      0.38211
  0.00682392    0.0632258    0.0511408  -0.00173294
  0.00605927    0.0511408    0.0709677 -2.53992e-05
     0.38211  -0.00173294 -2.53992e-05     0.425806
IMAGINARY
          0   0.0005236 -0.00932579 -0.00162834
 -0.0005236           0  -0.0131965 -0.00604064
 0.00932579   0.0131965           0   0.0112967
 0.00162834  0.00604064  -0.0112967           0
EndNode2[0]<--->HoM1[0]
REAL
   0.418023   0.0159727 -0.00228579    0.402725
  0.0159727   0.0625782   0.0354328 -0.00166157
-0.00228579   0.0354328   0.0613267 -0.00807795
   0.402725 -0.00166157 -0.00807795    0.458073
IMAGINARY
          0 -0.00573747   0.0114373  0.00824346
 0.00573747           0   0.0178712  -0.0208207
 -0.0114373  -0.0178712           0   0.0030565
-0.00824346   0.0208207  -0.0030565           0
Repeater1[0]<--->EndNode1[0]
REAL
        0.44   0.00605927   0.00682392      0.38211
  0.00605927    0.0709677    0.0511408 -2.53992e-05
  0.00682392    0.0511408    0.0632258  -0.00173294
     0.38211 -2.53992e-05  -0.00173294     0.425806
IMAGINARY
          0 -0.00932579   0.0005236 -0.00162834
 0.00932579           0   0.0131965   0.0112967
 -0.0005236  -0.0131965           0 -0.00604064
 0.00162834  -0.0112967  0.00604064           0
Repeater1[0]<--->HoM1[0]
REAL
   0.418023 -0.00228579   0.0159727    0.402725
-0.00228579   0.0613267   0.0354328 -0.00807795
  0.0159727   0.0354328   0.0625782 -0.00166157
   0.402725 -0.00807795 -0.00166157    0.458073
IMAGINARY
          0   0.0114373 -0.00573747  0.00824346
 -0.0114373           0  -0.0178712   0.0030565
 0.00573747   0.0178712           0  -0.0208207
-0.00824346  -0.0030565   0.0208207           0
EndNode1[0]<--->Repeater1[0]
REAL
   0.430789  -0.0157564  0.00974899    0.389707
 -0.0157564   0.0439845   0.0292117 -0.00524449
 0.00974899   0.0292117   0.0633894   0.0163999
   0.389707 -0.00524449   0.0163999    0.461837
IMAGINARY
           0  -0.00132554    0.0127584    0.0198828
  0.00132554            0   0.00476949   -0.0147141
  -0.0127584  -0.00476949            0 -0.000630131
  -0.0198828    0.0147141  0.000630131            0
EndNode2[0]<--->HoM1[0]
REAL
   0.438662 -0.00194312   0.0052957    0.413949
-0.00194312    0.063197   0.0443841  -0.0147043
  0.0052957   0.0443841   0.0681537 -0.00612139
   0.413949  -0.0147043 -0.00612139    0.429988
IMAGINARY
         0  0.0195683 -0.0103454  0.0107027
-0.0195683          0  0.0220951 -0.0275428
 0.0103454 -0.0220951          0  0.0145932
-0.0107027  0.0275428 -0.0145932          0
Repeater1[0]<--->EndNode1[0]
REAL
   0.430789  0.00974899  -0.0157564    0.389707
 0.00974899   0.0633894   0.0292117   0.0163999
 -0.0157564   0.0292117   0.0439845 -0.00524449
   0.389707   0.0163999 -0.00524449    0.461837
IMAGINARY
           0    0.0127584  -0.00132554    0.0198828
  -0.0127584            0  -0.00476949 -0.000630131
  0.00132554   0.00476949            0   -0.0147141
  -0.0198828  0.000630131    0.0147141            0
Repeater1[0]<--->HoM1[0]
REAL
   0.438662   0.0052957 -0.00194312    0.413949
  0.0052957   0.0681537   0.0443841 -0.00612139
-0.00194312   0.0443841    0.063197  -0.0147043
   0.413949 -0.00612139  -0.0147043    0.429988
IMAGINARY
         0 -0.0103454  0.0195683  0.0107027
 0.0103454          0 -0.0220951  0.0145932
-0.0195683  0.0220951          0 -0.0275428
-0.0107027 -0.0145932  0.0275428          0
EndNode1[0]<--->Repeater1[0]
REAL
   0.390645 -0.00833897 0.000965223     0.39154
-0.00833897   0.0758534   0.0433258 -0.00288093
0.000965223   0.0433258   0.0733249 -0.00507099
    0.39154 -0.00288093 -0.00507099    0.460177
IMAGINARY
          0 -0.00813117  0.00124022  -0.0288855
 0.00813117           0   0.0185228  -0.0165463
-0.00124022  -0.0185228           0   0.0196108
  0.0288855   0.0165463  -0.0196108           0
EndNode2[0]<--->HoM1[0]
REAL
    0.43609 -0.00352977 -0.00622493    0.397155
-0.00352977   0.0526316   0.0380177 -0.00687852
-0.00622493   0.0380177   0.0526316 -0.00543574
   0.397155 -0.00687852 -0.00543574    0.458647
IMAGINARY
          0 -0.00862263 -0.00269097  0.00644245
 0.00862263           0  0.00381087   0.0153813
 0.00269097 -0.00381087           0   -0.015489
-0.00644245  -0.0153813    0.015489           0
Repeater1[0]<--->EndNode1[0]
REAL
   0.390645 0.000965223 -0.00833897     0.39154
0.000965223   0.0733249   0.0433258 -0.00507099
-0.00833897   0.0433258   0.0758534 -0.00288093
    0.39154 -0.00507099 -0.00288093    0.460177
IMAGINARY
          0  0.00124022 -0.00813117  -0.0288855
-0.00124022           0  -0.0185228   0.0196108
 0.00813117   0.0185228           0  -0.0165463
  0.0288855  -0.0196108   0.0165463           0
Repeater1[0]<--->HoM1[0]
REAL
    0.43609 -0.00622493 -0.00352977    0.397155
-0.00622493   0.0526316   0.0380177 -0.00543574
-0.00352977   0.0380177   0.0526316 -0.00687852
   0.397155 -0.00543574 -0.00687852    0.458647
IMAGINARY
          0 -0.00269097 -0.00862263  0.00644245
 0.00269097           0 -0.00381087   -0.015489
 0.00862263  0.00381087           0   0.0153813
-0.00644245    0.015489  -0.0153813           0
EndNode1[0]<--->Repeater1[0]
REAL
  0.413924  0.0267961  0.0200832   0.389803
 0.0267961  0.0683544  0.0433517 -0.0067142
 0.0200832  0.0433517  0.0632911 -0.0107533
  0.389803 -0.0067142 -0.0107533    0.45443
IMAGINARY
           0 -0.000898084   0.00812324   0.00477265
 0.000898084            0  -0.00289999   -0.0255426
 -0.00812324   0.00289999            0    0.0350916
 -0.00477265    0.0255426   -0.0350916            0
EndNode2[0]<--->HoM1[0]
REAL
   0.44183 0.00631142 0.00232417   0.408515
0.00631142  0.0535948  0.0320668 0.00842173
0.00232417  0.0320668  0.0862745 0.00822713
  0.408515 0.00842173 0.00822713   0.418301
IMAGINARY
          0  -0.0235788 -0.00675297   0.0155087
  0.0235788           0  -0.0168107   0.0344235
 0.00675297   0.0168107           0  -0.0195357
 -0.0155087  -0.0344235   0.0195357           0
Repeater1[0]<--->EndNode1[0]
REAL
  0.413924  0.0200832  0.0267961   0.389803
 0.0200832  0.0632911  0.0433517 -0.0107533
 0.0267961  0.0433517  0.0683544 -0.0067142
  0.389803 -0.0107533 -0.0067142    0.45443
IMAGINARY
           0   0.00812324 -0.000898084   0.00477265
 -0.00812324            0   0.00289999    0.0350916
 0.000898084  -0.00289999            0   -0.0255426
 -0.00477265   -0.0350916    0.0255426            0
Repeater1[0]<--->HoM1[0]
REAL
   0.44183 0.00232417 0.00631142   0.408515
0.00232417  0.0862745  0.0320668 0.00822713
0.00631142  0.0320668  0.0535948 0.00842173
  0.408515 0.00822713 0.00842173   0.418301
IMAGINARY
          0 -0.00675297  -0.0235788   0.0155087
 0.00675297           0   0.0168107  -0.0195357
  0.0235788  -0.0168107           0   0.0344235
 -0.0155087   0.0195357  -0.0344235           0
EndNode1[0]<--->Repeater1[0]
REAL
   0.463198   -0.032567 -0.00990765    0.396904
  -0.032567   0.0520305   0.0379619 -0.00477945
-0.00990765   0.0379619   0.0659898   0.0191571
   0.396904 -0.00477945   0.0191571    0.418782
IMAGINARY
           0  -0.00438274 -0.000486159    0.0133768
  0.00438274            0   -0.0042384   -0.0108489
 0.000486159    0.0042384            0    0.0157178
  -0.0133768    0.0108489   -0.0157178            0
EndNode2[0]<--->HoM1[0]
REAL
   0.432727 -0.00528289 -0.00141437    0.404928
-0.00528289   0.0509091   0.0248745 -0.00474327
-0.00141437   0.0248745    0.070303 -0.00210627
   0.404928 -0.00474327 -0.00210627    0.446061
