EndNode1[0]<--->Repeater1[0]
REAL
   0.462252   0.0163463   0.0209173    0.357446
  0.0163463   0.0291391 -0.00640958  0.00239877
  0.0209173 -0.00640958   0.0291391  0.00308373
   0.357446  0.00239877  0.00308373     0.47947
IMAGINARY
           0  0.000759796  -0.00656754    0.0046582
-0.000759796            0  -0.00595354  -0.00789029
  0.00656754   0.00595354            0    0.0052643
  -0.0046582   0.00789029   -0.0052643            0
EndNode2[0]<--->HoM1[0]
REAL
   0.474576  0.00394014  -0.0052514    0.351809
 0.00394014   0.0208605   0.0218498 -0.00130403
 -0.0052514   0.0218498    0.041721  -0.0104956
   0.351809 -0.00130403  -0.0104956    0.462842
IMAGINARY
          0  -0.0162758   0.0168588   0.0235833
  0.0162758           0 -0.00233328  0.00540841
 -0.0168588  0.00233328           0   0.0129019
 -0.0235833 -0.00540841  -0.0129019           0
Repeater1[0]<--->EndNode1[0]
REAL
   0.462252   0.0209173   0.0163463    0.357446
  0.0209173   0.0291391 -0.00640958  0.00308373
  0.0163463 -0.00640958   0.0291391  0.00239877
   0.357446  0.00308373  0.00239877     0.47947
IMAGINARY
           0  -0.00656754  0.000759796    0.0046582
  0.00656754            0   0.00595354    0.0052643
-0.000759796  -0.00595354            0  -0.00789029
  -0.0046582   -0.0052643   0.00789029            0
Repeater1[0]<--->HoM1[0]
REAL
   0.474576  -0.0052514  0.00394014    0.351809
 -0.0052514    0.041721   0.0218498  -0.0104956
 0.00394014   0.0218498   0.0208605 -0.00130403
   0.351809  -0.0104956 -0.00130403    0.462842
IMAGINARY
          0   0.0168588  -0.0162758   0.0235833
 -0.0168588           0  0.00233328   0.0129019
  0.0162758 -0.00233328           0  0.00540841
 -0.0235833  -0.0129019 -0.00540841           0
EndNode1[0]<--->Repeater1[0]
REAL
   0.473008  0.00559963  0.00198298     0.34829
 0.00559963   0.0385604  0.00719399  0.00382347
 0.00198298  0.00719399   0.0269923 -0.00495446
    0.34829  0.00382347 -0.00495446     0.46144
IMAGINARY
           0   0.00581098   0.00353367  -0.00107463
 -0.00581098            0  -0.00567384     0.010165
 -0.00353367   0.00567384            0 -0.000331527
  0.00107463    -0.010165  0.000331527            0
EndNode2[0]<--->HoM1[0]
REAL
   0.482119   0.0124174 0.000859502    0.352517
  0.0124174   0.0251656  0.00919889  0.00362193
0.000859502  0.00919889   0.0291391 -0.00281436
   0.352517  0.00362193 -0.00281436    0.463576
IMAGINARY
          0 -0.00795729  0.00337976   -0.016407
 0.00795729           0   -0.013156   0.0115972
-0.00337976    0.013156           0  0.00680522
   0.016407  -0.0115972 -0.00680522           0
Repeater1[0]<--->EndNode1[0]
REAL
   0.473008  0.00198298  0.00559963     0.34829
 0.00198298   0.0269923  0.00719399 -0.00495446
 0.00559963  0.00719399   0.0385604  0.00382347
    0.34829 -0.00495446  0.00382347     0.46144
IMAGINARY
           0   0.00353367   0.00581098  -0.00107463
 -0.00353367            0   0.00567384 -0.000331527
 -0.00581098  -0.00567384            0     0.010165
  0.00107463  0.000331527    -0.010165            0
Repeater1[0]<--->HoM1[0]
REAL
   0.482119 0.000859502   0.0124174    0.352517
0.000859502   0.0291391  0.00919889 -0.00281436
  0.0124174  0.00919889   0.0251656  0.00362193
   0.352517 -0.00281436  0.00362193    0.463576
IMAGINARY
          0  0.00337976 -0.00795729   -0.016407
-0.00337976           0    0.013156  0.00680522
 0.00795729   -0.013156           0   0.0115972
   0.016407 -0.00680522  -0.0115972           0
EndNode1[0]<--->Repeater1[0]
REAL
    0.48808  0.00832409   0.0135163     0.34228
 0.00832409   0.0288582 -0.00227979 -0.00151634
  0.0135163 -0.00227979   0.0351317  0.00634258
    0.34228 -0.00151634  0.00634258     0.44793
IMAGINARY
          0   0.0119865  -0.0171079  0.00769082
 -0.0119865           0  -0.0139408  -0.0049128
  0.0171079   0.0139408           0  0.00485289
-0.00769082   0.0049128 -0.00485289           0
EndNode2[0]<--->HoM1[0]
REAL
   0.468549  0.00485528   0.0190399    0.331058
 0.00485528   0.0397946   0.0138397 -0.00747526
  0.0190399   0.0138397   0.0346598  0.00943044
   0.331058 -0.00747526  0.00943044    0.456996
IMAGINARY
           0 -0.000717369  -0.00583184    0.0180745
 0.000717369            0    -0.000353 -0.000128421
  0.00583184     0.000353            0  -0.00391839
  -0.0180745  0.000128421   0.00391839            0
Repeater1[0]<--->EndNode1[0]
REAL
    0.48808   0.0135163  0.00832409     0.34228
  0.0135163   0.0351317 -0.00227979  0.00634258
 0.00832409 -0.00227979   0.0288582 -0.00151634
    0.34228  0.00634258 -0.00151634     0.44793
IMAGINARY
          0  -0.0171079   0.0119865  0.00769082
  0.0171079           0   0.0139408  0.00485289
 -0.0119865  -0.0139408           0  -0.0049128
-0.00769082 -0.00485289   0.0049128           0
Repeater1[0]<--->HoM1[0]
REAL
   0.468549   0.0190399  0.00485528    0.331058
  0.0190399   0.0346598   0.0138397  0.00943044
 0.00485528   0.0138397   0.0397946 -0.00747526
   0.331058  0.00943044 -0.00747526    0.456996
IMAGINARY
           0  -0.00583184 -0.000717369    0.0180745
  0.00583184            0     0.000353  -0.00391839
 0.000717369    -0.000353            0 -0.000128421
  -0.0180745   0.00391839  0.000128421            0
EndNode1[0]<--->Repeater1[0]
REAL
   0.484252  -0.0254465  -0.0209199    0.356324
 -0.0254465   0.0406824 -0.00394957  0.00358995
 -0.0209199 -0.00394957   0.0301837  0.00683285
   0.356324  0.00358995  0.00683285    0.444882
IMAGINARY
          0  0.00165451 -0.00241266 -0.00880011
-0.00165451           0  0.00817117    0.018851
 0.00241266 -0.00817117           0   0.0120441
 0.00880011   -0.018851  -0.0120441           0
EndNode2[0]<--->HoM1[0]
REAL
   0.482933 -0.00628878 0.000622267    0.345686
-0.00628878   0.0303413  0.00228267  -0.0143837
0.000622267  0.00228267   0.0379267   0.0161184
   0.345686  -0.0143837   0.0161184    0.448799
IMAGINARY
          0 -0.00300127  0.00997388 -0.00462968
 0.00300127           0  0.00664852  -0.0229209
-0.00997388 -0.00664852           0 -0.00994571
 0.00462968   0.0229209  0.00994571           0
Repeater1[0]<--->EndNode1[0]
REAL
   0.484252  -0.0209199  -0.0254465    0.356324
 -0.0209199   0.0301837 -0.00394957  0.00683285
 -0.0254465 -0.00394957   0.0406824  0.00358995
   0.356324  0.00683285  0.00358995    0.444882
IMAGINARY
          0 -0.00241266  0.00165451 -0.00880011
 0.00241266           0 -0.00817117   0.0120441
-0.00165451  0.00817117           0    0.018851
 0.00880011  -0.0120441   -0.018851           0
Repeater1[0]<--->HoM1[0]
REAL
   0.482933 0.000622267 -0.00628878    0.345686
0.000622267   0.0379267  0.00228267   0.0161184
-0.00628878  0.00228267   0.0303413  -0.0143837
   0.345686   0.0161184  -0.0143837    0.448799
IMAGINARY
          0  0.00997388 -0.00300127 -0.00462968
-0.00997388           0 -0.00664852 -0.00994571
 0.00300127  0.00664852           0  -0.0229209
 0.00462968  0.00994571   0.0229209           0
EndNode1[0]<--->Repeater1[0]
REAL
   0.458122  -0.0216552  -0.0121483    0.346677
 -0.0216552   0.0253807 -0.00591266 -0.00759693
 -0.0121483 -0.00591266   0.0329949 -0.00445944
   0.346677 -0.00759693 -0.00445944    0.483503
IMAGINARY
          0  0.00502565  0.00428675 -0.00275067
-0.00502565           0  -0.0205654  0.00168935
-0.00428675   0.0205654           0  -0.0309221
 0.00275067 -0.00168935   0.0309221           0
EndNode2[0]<--->HoM1[0]
REAL
   0.518667 -0.00707228 -0.00713668    0.343839
-0.00707228   0.0293333   0.0105059   0.0101967
-0.00713668   0.0105059   0.0226667 -0.00333163
   0.343839   0.0101967 -0.00333163    0.429333
IMAGINARY
          0 -0.00568862 -0.00182808  0.00482676
 0.00568862           0   0.0182711  0.00952039
 0.00182808  -0.0182711           0  0.00568862
-0.00482676 -0.00952039 -0.00568862           0
Repeater1[0]<--->EndNode1[0]
REAL
   0.458122  -0.0121483  -0.0216552    0.346677
 -0.0121483   0.0329949 -0.00591266 -0.00445944
 -0.0216552 -0.00591266   0.0253807 -0.00759693
   0.346677 -0.00445944 -0.00759693    0.483503
IMAGINARY
          0  0.00428675  0.00502565 -0.00275067
-0.00428675           0   0.0205654  -0.0309221
-0.00502565  -0.0205654           0  0.00168935
 0.00275067   0.0309221 -0.00168935           0
Repeater1[0]<--->HoM1[0]
REAL
   0.518667 -0.00713668 -0.00707228    0.343839
-0.00713668   0.0226667   0.0105059 -0.00333163
-0.00707228   0.0105059   0.0293333   0.0101967
   0.343839 -0.00333163   0.0101967    0.429333
IMAGINARY
          0 -0.00182808 -0.00568862  0.00482676
 0.00182808           0  -0.0182711  0.00568862
 0.00568862   0.0182711           0  0.00952039
-0.00482676 -0.00568862 -0.00952039           0
EndNode1[0]<--->Repeater1[0]
REAL
   0.444444    0.023398  0.00510846     0.35102
   0.023398   0.0277778 -0.00993489   0.0116874
 0.00510846 -0.00993489    0.030303 -0.00531014
    0.35102   0.0116874 -0.00531014    0.497475
IMAGINARY
           0   -0.0123291   0.00715362  -0.00450173
   0.0123291            0    0.0146799 -0.000131148
 -0.00715362   -0.0146799            0   -0.0129518
  0.00450173  0.000131148    0.0129518            0
EndNode2[0]<--->HoM1[0]
REAL
   0.449109   0.0280368 0.000487474    0.351407
  0.0280368   0.0292621 -0.00894169  0.00499198
0.000487474 -0.00894169    0.024173  -0.0102285
   0.351407  0.00499198  -0.0102285    0.497455
IMAGINARY
           0 -0.000830745    0.0104617  -0.00317948
 0.000830745            0   -0.0154375  -0.00173347
  -0.0104617    0.0154375            0    0.0120527
  0.00317948   0.00173347   -0.0120527            0
Repeater1[0]<--->EndNode1[0]
REAL
   0.444444  0.00510846    0.023398     0.35102
 0.00510846    0.030303 -0.00993489 -0.00531014
   0.023398 -0.00993489   0.0277778   0.0116874
    0.35102 -0.00531014   0.0116874    0.497475
IMAGINARY
           0   0.00715362   -0.0123291  -0.00450173
 -0.00715362            0   -0.0146799   -0.0129518
   0.0123291    0.0146799            0 -0.000131148
  0.00450173    0.0129518  0.000131148            0
Repeater1[0]<--->HoM1[0]
REAL
   0.449109 0.000487474   0.0280368    0.351407
0.000487474    0.024173 -0.00894169  -0.0102285
  0.0280368 -0.00894169   0.0292621  0.00499198
   0.351407  -0.0102285  0.00499198    0.497455
IMAGINARY
           0    0.0104617 -0.000830745  -0.00317948
  -0.0104617            0    0.0154375    0.0120527
 0.000830745   -0.0154375            0  -0.00173347
  0.00317948   -0.0120527   0.00173347            0
EndNode1[0]<--->Repeater1[0]
REAL
    0.472919    0.0232041   -0.0102749      0.33054
   0.0232041    0.0317041    0.0126963 -0.000470985
  -0.0102749    0.0126963    0.0303831    -0.011194
     0.33054 -0.000470985    -0.011194     0.464993
IMAGINARY
           0   0.00979087   -0.0200817   0.00253005
 -0.00979087            0   0.00126742   0.00707058
   0.0200817  -0.00126742            0 -0.000497193
 -0.00253005  -0.00707058  0.000497193            0
EndNode2[0]<--->HoM1[0]
REAL
    0.47619 -0.00621216 -0.00365126    0.363238
-0.00621216   0.0313283   0.0182247  0.00680384
-0.00365126   0.0182247   0.0275689  0.00684267
   0.363238  0.00680384  0.00684267    0.464912
IMAGINARY
          0  -0.0135265   0.0104625   0.0138277
  0.0135265           0  -0.0164387  -0.0158533
 -0.0104625   0.0164387           0 -0.00129827
 -0.0138277   0.0158533  0.00129827           0
Repeater1[0]<--->EndNode1[0]
REAL
    0.472919   -0.0102749    0.0232041      0.33054
  -0.0102749    0.0303831    0.0126963    -0.011194
   0.0232041    0.0126963    0.0317041 -0.000470985
     0.33054    -0.011194 -0.000470985     0.464993
IMAGINARY
           0   -0.0200817   0.00979087   0.00253005
   0.0200817            0  -0.00126742 -0.000497193
 -0.00979087   0.00126742            0   0.00707058
 -0.00253005  0.000497193  -0.00707058            0
Repeater1[0]<--->HoM1[0]
REAL
    0.47619 -0.00365126 -0.00621216    0.363238
-0.00365126   0.0275689   0.0182247  0.00684267
-0.00621216   0.0182247   0.0313283  0.00680384
   0.363238  0.00684267  0.00680384    0.464912
IMAGINARY
          0   0.0104625  -0.0135265   0.0138277
 -0.0104625           0   0.0164387 -0.00129827
  0.0135265  -0.0164387           0  -0.0158533
 -0.0138277  0.00129827   0.0158533           0
EndNode1[0]<--->Repeater1[0]
REAL
   0.470985    0.010741  0.00955371    0.350811
   0.010741   0.0445344 -0.00465745   0.0145662
 0.00955371 -0.00465745   0.0310391  0.00294875
   0.350811   0.0145662  0.00294875    0.453441
IMAGINARY
          0  -0.0124103   0.0231544   0.0224123
  0.0124103           0 -0.00402998  0.00549139
 -0.0231544  0.00402998           0  -0.0279543
 -0.0224123 -0.00549139   0.0279543           0
EndNode2[0]<--->HoM1[0]
REAL
   0.436031  0.00290618 0.000917069    0.338078
 0.00290618   0.0339426   0.0124244  0.00536434
0.000917069   0.0124244   0.0313316  -0.0179816
   0.338078  0.00536434  -0.0179816    0.498695
IMAGINARY
           0   0.00793421   -0.0169231   0.00324274
 -0.00793421            0  2.52353e-05    0.0187911
   0.0169231 -2.52353e-05            0  -0.00482089
 -0.00324274   -0.0187911   0.00482089            0
Repeater1[0]<--->EndNode1[0]
REAL
   0.470985  0.00955371    0.010741    0.350811
 0.00955371   0.0310391 -0.00465745  0.00294875
   0.010741 -0.00465745   0.0445344   0.0145662
   0.350811  0.00294875   0.0145662    0.453441
IMAGINARY
          0   0.0231544  -0.0124103   0.0224123
 -0.0231544           0  0.00402998  -0.0279543
  0.0124103 -0.00402998           0  0.00549139
 -0.0224123   0.0279543 -0.00549139           0
Repeater1[0]<--->HoM1[0]
REAL
   0.436031 0.000917069  0.00290618    0.338078
0.000917069   0.0313316   0.0124244  -0.0179816
 0.00290618   0.0124244   0.0339426  0.00536434
   0.338078  -0.0179816  0.00536434    0.498695
IMAGINARY
           0   -0.0169231   0.00793421   0.00324274
   0.0169231            0 -2.52353e-05  -0.00482089
 -0.00793421  2.52353e-05            0    0.0187911
 -0.00324274   0.00482089   -0.0187911            0
EndNode1[0]<--->Repeater1[0]
REAL
  0.453739  0.0285844  0.0157988   0.351387
 0.0285844  0.0392902  0.0165125  0.0271338
 0.0157988  0.0165125   0.026616 0.00378021
  0.351387  0.0271338 0.00378021   0.480355
IMAGINARY
          0  -0.0194998  0.00239379 -0.00135961
  0.0194998           0  0.00809815   0.0246868
-0.00239379 -0.00809815           0  -0.0115438
 0.00135961  -0.0246868   0.0115438           0
EndNode2[0]<--->HoM1[0]
REAL
  0.472611  0.0119192 0.00366264   0.355811
 0.0119192  0.0242038 0.00700476 -0.0175014
0.00366264 0.00700476  0.0254777 -0.0185377
  0.355811 -0.0175014 -0.0185377   0.477707
IMAGINARY
           0  -0.00809966  -0.00255476   0.00971774
  0.00809966            0   -0.0177823 -9.77587e-05
  0.00255476    0.0177823            0  0.000142099
 -0.00971774  9.77587e-05 -0.000142099            0
Repeater1[0]<--->EndNode1[0]
REAL
  0.453739  0.0157988  0.0285844   0.351387
 0.0157988   0.026616  0.0165125 0.00378021
 0.0285844  0.0165125  0.0392902  0.0271338
  0.351387 0.00378021  0.0271338   0.480355
IMAGINARY
          0  0.00239379  -0.0194998 -0.00135961
-0.00239379           0 -0.00809815  -0.0115438
  0.0194998  0.00809815           0   0.0246868
 0.00135961   0.0115438  -0.0246868           0
Repeater1[0]<--->HoM1[0]
REAL
  0.472611 0.00366264  0.0119192   0.355811
0.00366264  0.0254777 0.00700476 -0.0185377
 0.0119192 0.00700476  0.0242038 -0.0175014
  0.355811 -0.0185377 -0.0175014   0.477707
IMAGINARY
           0  -0.00255476  -0.00809966   0.00971774
  0.00255476            0    0.0177823  0.000142099
  0.00809966   -0.0177823            0 -9.77587e-05
 -0.00971774 -0.000142099  9.77587e-05            0
EndNode1[0]<--->Repeater1[0]
REAL
    0.472431   0.00774464  -0.00335689     0.355011
  0.00774464    0.0350877  -0.00138585 -6.30825e-05
 -0.00335689  -0.00138585    0.0313283  -0.00158869
    0.355011 -6.30825e-05  -0.00158869     0.461153
IMAGINARY
          0  -0.0172906   0.0130824  0.00625682
  0.0172906           0   0.0221882    0.039137
 -0.0130824  -0.0221882           0   -0.016652
-0.00625682   -0.039137    0.016652           0
EndNode2[0]<--->HoM1[0]
REAL
    0.467266  -0.00317242 -0.000760831     0.349241
 -0.00317242     0.029525   0.00279943   -0.0145453
-0.000760831   0.00279943    0.0333761  -0.00958268
    0.349241   -0.0145453  -0.00958268     0.469833
IMAGINARY
          0 -0.00246121    -0.01635  -0.0252041
 0.00246121           0   0.0226334  0.00573831
    0.01635  -0.0226334           0   0.0118245
  0.0252041 -0.00573831  -0.0118245           0
Repeater1[0]<--->EndNode1[0]
REAL
    0.472431  -0.00335689   0.00774464     0.355011
 -0.00335689    0.0313283  -0.00138585  -0.00158869
  0.00774464  -0.00138585    0.0350877 -6.30825e-05
    0.355011  -0.00158869 -6.30825e-05     0.461153
IMAGINARY
          0   0.0130824  -0.0172906  0.00625682
 -0.0130824           0  -0.0221882   -0.016652
  0.0172906   0.0221882           0    0.039137
-0.00625682    0.016652   -0.039137           0
Repeater1[0]<--->HoM1[0]
REAL
    0.467266 -0.000760831  -0.00317242     0.349241
-0.000760831    0.0333761   0.00279943  -0.00958268
 -0.00317242   0.00279943     0.029525   -0.0145453
    0.349241  -0.00958268   -0.0145453     0.469833
IMAGINARY
          0    -0.01635 -0.00246121  -0.0252041
    0.01635           0  -0.0226334   0.0118245
 0.00246121   0.0226334           0  0.00573831
  0.0252041  -0.0118245 -0.00573831           0
EndNode1[0]<--->Repeater1[0]
REAL
   0.495352 -0.00213005  0.00794856    0.346683
-0.00213005   0.0318725  0.00138635  -0.0035899
 0.00794856  0.00138635   0.0252324  -0.0134366
   0.346683  -0.0035899  -0.0134366    0.447543
IMAGINARY
          0    -0.01899  0.00828616  -0.0102109
    0.01899           0  -0.0146582   0.0102782
-0.00828616   0.0146582           0 -0.00576248
  0.0102109  -0.0102782  0.00576248           0
EndNode2[0]<--->HoM1[0]
REAL
   0.474279 0.000851138  0.00291661    0.333462
0.000851138   0.0263488   0.0113222   0.0123506
 0.00291661   0.0113222   0.0464241   0.0245942
   0.333462   0.0123506   0.0245942    0.452949
IMAGINARY
          0 -0.00472888   0.0124291  -0.0194524
 0.00472888           0  0.00509537  -0.0161605
 -0.0124291 -0.00509537           0  0.00472888
  0.0194524   0.0161605 -0.00472888           0
Repeater1[0]<--->EndNode1[0]
REAL
   0.495352  0.00794856 -0.00213005    0.346683
 0.00794856   0.0252324  0.00138635  -0.0134366
-0.00213005  0.00138635   0.0318725  -0.0035899
   0.346683  -0.0134366  -0.0035899    0.447543
IMAGINARY
          0  0.00828616    -0.01899  -0.0102109
-0.00828616           0   0.0146582 -0.00576248
    0.01899  -0.0146582           0   0.0102782
  0.0102109  0.00576248  -0.0102782           0
Repeater1[0]<--->HoM1[0]
REAL
   0.474279  0.00291661 0.000851138    0.333462
 0.00291661   0.0464241   0.0113222   0.0245942
0.000851138   0.0113222   0.0263488   0.0123506
   0.333462   0.0245942   0.0123506    0.452949
IMAGINARY
          0   0.0124291 -0.00472888  -0.0194524
 -0.0124291           0 -0.00509537  0.00472888
 0.00472888  0.00509537           0  -0.0161605
  0.0194524 -0.00472888   0.0161605           0
EndNode1[0]<--->Repeater1[0]
REAL
  0.456724  0.0051013 0.00803404   0.344317
 0.0051013  0.0399467 0.00548494  0.0150226
0.00803404 0.00548494  0.0346205  0.0258605
  0.344317  0.0150226  0.0258605   0.468708
IMAGINARY
           0    0.0242351 -0.000499087   -0.0177813
  -0.0242351            0  -0.00775629   0.00938234
 0.000499087   0.00775629            0   -0.0166209
   0.0177813  -0.00938234    0.0166209            0
EndNode2[0]<--->HoM1[0]
REAL
   0.478892  -0.0148423 -0.00041603    0.348443
 -0.0148423   0.0329815    0.005862 -0.00554424
-0.00041603    0.005862   0.0290237 -0.00966098
   0.348443 -0.00554424 -0.00966098    0.459103
IMAGINARY
          0   0.0150259  0.00599337  0.00323935
 -0.0150259           0   0.0013478   0.0011034
-0.00599337  -0.0013478           0 -0.00405811
-0.00323935  -0.0011034  0.00405811           0
Repeater1[0]<--->EndNode1[0]
REAL
  0.456724 0.00803404  0.0051013   0.344317
0.00803404  0.0346205 0.00548494  0.0258605
 0.0051013 0.00548494  0.0399467  0.0150226
  0.344317  0.0258605  0.0150226   0.468708
IMAGINARY
           0 -0.000499087    0.0242351   -0.0177813
 0.000499087            0   0.00775629   -0.0166209
  -0.0242351  -0.00775629            0   0.00938234
   0.0177813    0.0166209  -0.00938234            0
Repeater1[0]<--->HoM1[0]
REAL
   0.478892 -0.00041603  -0.0148423    0.348443
-0.00041603   0.0290237    0.005862 -0.00966098
 -0.0148423    0.005862   0.0329815 -0.00554424
   0.348443 -0.00966098 -0.00554424    0.459103
IMAGINARY
          0  0.00599337   0.0150259  0.00323935
-0.00599337           0  -0.0013478 -0.00405811
 -0.0150259   0.0013478           0   0.0011034
-0.00323935  0.00405811  -0.0011034           0
EndNode1[0]<--->Repeater1[0]
REAL
   0.499382 -0.00156446 -0.00575602    0.336453
-0.00156446   0.0210136 0.000112445  -0.0122495
-0.00575602 0.000112445    0.039555   -0.013671
   0.336453  -0.0122495   -0.013671    0.440049
IMAGINARY
          0 -0.00390503 -0.00974386  0.00657116
 0.00390503           0  0.00471702   -0.021184
 0.00974386 -0.00471702           0 -0.00769291
-0.00657116    0.021184  0.00769291           0
EndNode2[0]<--->HoM1[0]
REAL
    0.431579 -0.000572198   0.00014183     0.342644
-0.000572198    0.0368421    0.0150581    0.0050801
  0.00014183    0.0150581    0.0276316   0.00971058
    0.342644    0.0050801   0.00971058     0.503947
IMAGINARY
          0   0.0123837 -0.00269744  0.00530403
 -0.0123837           0  -0.0204555 -0.00592325
 0.00269744   0.0204555           0 -0.00868911
-0.00530403  0.00592325  0.00868911           0
Repeater1[0]<--->EndNode1[0]
REAL
   0.499382 -0.00575602 -0.00156446    0.336453
-0.00575602    0.039555 0.000112445   -0.013671
-0.00156446 0.000112445   0.0210136  -0.0122495
   0.336453   -0.013671  -0.0122495    0.440049
IMAGINARY
          0 -0.00974386 -0.00390503  0.00657116
 0.00974386           0 -0.00471702 -0.00769291
 0.00390503  0.00471702           0   -0.021184
-0.00657116  0.00769291    0.021184           0
Repeater1[0]<--->HoM1[0]
REAL
    0.431579   0.00014183 -0.000572198     0.342644
  0.00014183    0.0276316    0.0150581   0.00971058
-0.000572198    0.0150581    0.0368421    0.0050801
    0.342644   0.00971058    0.0050801     0.503947
IMAGINARY
          0 -0.00269744   0.0123837  0.00530403
 0.00269744           0   0.0204555 -0.00868911
 -0.0123837  -0.0204555           0 -0.00592325
-0.00530403  0.00868911  0.00592325           0
EndNode1[0]<--->Repeater1[0]
REAL
   0.502597 -0.00572199  -0.0229045    0.347678
-0.00572199   0.0272727 -0.00807929 -0.00967697
 -0.0229045 -0.00807929   0.0272727  -0.0193407
   0.347678 -0.00967697  -0.0193407    0.442857
IMAGINARY
           0  -0.00524374    0.0058271   0.00837338
  0.00524374            0   -0.0313092  0.000839568
  -0.0058271    0.0313092            0   0.00463768
 -0.00837338 -0.000839568  -0.00463768            0
EndNode2[0]<--->HoM1[0]
REAL
   0.463958   0.0111787 -0.00522755    0.354251
  0.0111787   0.0288336 -0.00608383  0.00522755
-0.00522755 -0.00608383   0.0288336  0.00452813
   0.354251  0.00522755  0.00452813    0.478375
IMAGINARY
          0    0.023384   -0.006808 -0.00923833
  -0.023384           0  0.00550698  -0.0239183
   0.006808 -0.00550698           0 -0.00103761
 0.00923833   0.0239183  0.00103761           0
Repeater1[0]<--->EndNode1[0]
REAL
   0.502597  -0.0229045 -0.00572199    0.347678
 -0.0229045   0.0272727 -0.00807929  -0.0193407
-0.00572199 -0.00807929   0.0272727 -0.00967697
   0.347678  -0.0193407 -0.00967697    0.442857
IMAGINARY
           0    0.0058271  -0.00524374   0.00837338
  -0.0058271            0    0.0313092   0.00463768
  0.00524374   -0.0313092            0  0.000839568
 -0.00837338  -0.00463768 -0.000839568            0
Repeater1[0]<--->HoM1[0]
REAL
   0.463958 -0.00522755   0.0111787    0.354251
-0.00522755   0.0288336 -0.00608383  0.00452813
  0.0111787 -0.00608383   0.0288336  0.00522755
   0.354251  0.00452813  0.00522755    0.478375
IMAGINARY
          0   -0.006808    0.023384 -0.00923833
   0.006808           0 -0.00550698 -0.00103761
  -0.023384  0.00550698           0  -0.0239183
 0.00923833  0.00103761   0.0239183           0
EndNode1[0]<--->Repeater1[0]
REAL
  0.469152 -0.0148039  0.0119617   0.353792
-0.0148039   0.029563  0.0226406 -0.0100509
 0.0119617  0.0226406  0.0282776  0.0205364
  0.353792 -0.0100509  0.0205364   0.473008
IMAGINARY
           0   0.00460885  -0.00658595   0.00337015
 -0.00460885            0  -0.00576823   0.00396814
  0.00658595   0.00576823            0 -0.000682152
 -0.00337015  -0.00396814  0.000682152            0
EndNode2[0]<--->HoM1[0]
REAL
   0.489004  0.00166102  -0.0114892    0.348287
 0.00166102   0.0310479 8.42653e-05  0.00146415
 -0.0114892 8.42653e-05   0.0271669 -0.00291415
   0.348287  0.00146415 -0.00291415    0.452781
IMAGINARY
          0  0.00912993     -0.0308  0.00658829
-0.00912993           0  -0.0117429   -0.011144
     0.0308   0.0117429           0   0.0328141
-0.00658829    0.011144  -0.0328141           0
Repeater1[0]<--->EndNode1[0]
REAL
  0.469152  0.0119617 -0.0148039   0.353792
 0.0119617  0.0282776  0.0226406  0.0205364
-0.0148039  0.0226406   0.029563 -0.0100509
  0.353792  0.0205364 -0.0100509   0.473008
IMAGINARY
           0  -0.00658595   0.00460885   0.00337015
  0.00658595            0   0.00576823 -0.000682152
 -0.00460885  -0.00576823            0   0.00396814
 -0.00337015  0.000682152  -0.00396814            0
Repeater1[0]<--->HoM1[0]
REAL
   0.489004  -0.0114892  0.00166102    0.348287
 -0.0114892   0.0271669 8.42653e-05 -0.00291415
 0.00166102 8.42653e-05   0.0310479  0.00146415
   0.348287 -0.00291415  0.00146415    0.452781
IMAGINARY
          0     -0.0308  0.00912993  0.00658829
     0.0308           0   0.0117429   0.0328141
-0.00912993  -0.0117429           0   -0.011144
-0.00658829  -0.0328141    0.011144           0
EndNode1[0]<--->Repeater1[0]
REAL
    0.480263 -2.34742e-05    0.0111502     0.357084
-2.34742e-05    0.0263158   0.00207069    0.0111502
   0.0111502   0.00207069    0.0315789    0.0199765
    0.357084    0.0111502    0.0199765     0.461842
IMAGINARY
          0  0.00329696   0.0121296 -0.00689621
-0.00329696           0  -0.0167258 -0.00399948
 -0.0121296   0.0167258           0   -0.010072
 0.00689621  0.00399948    0.010072           0
EndNode2[0]<--->HoM1[0]
REAL
   0.486076 -0.00153552   0.0206236    0.337883
-0.00153552   0.0379747   0.0132079  0.00697592
  0.0206236   0.0132079   0.0265823    0.016298
   0.337883  0.00697592    0.016298    0.449367
IMAGINARY
          0 -0.00908423 -0.00402726   0.0141894
 0.00908423           0  -0.0313852  0.00402726
 0.00402726   0.0313852           0 -0.00779888
 -0.0141894 -0.00402726  0.00779888           0
Repeater1[0]<--->EndNode1[0]
REAL
    0.480263    0.0111502 -2.34742e-05     0.357084
   0.0111502    0.0315789   0.00207069    0.0199765
-2.34742e-05   0.00207069    0.0263158    0.0111502
    0.357084    0.0199765    0.0111502     0.461842
IMAGINARY
          0   0.0121296  0.00329696 -0.00689621
 -0.0121296           0   0.0167258   -0.010072
-0.00329696  -0.0167258           0 -0.00399948
 0.00689621    0.010072  0.00399948           0
Repeater1[0]<--->HoM1[0]
REAL
   0.486076   0.0206236 -0.00153552    0.337883
  0.0206236   0.0265823   0.0132079    0.016298
-0.00153552   0.0132079   0.0379747  0.00697592
   0.337883    0.016298  0.00697592    0.449367
IMAGINARY
          0 -0.00402726 -0.00908423   0.0141894
 0.00402726           0   0.0313852 -0.00779888
 0.00908423  -0.0313852           0  0.00402726
 -0.0141894  0.00779888 -0.00402726           0
EndNode1[0]<--->Repeater1[0]
REAL
  0.472186 -0.0196333  -0.013225   0.348003
-0.0196333  0.0297542 0.00969441 0.00481622
 -0.013225 0.00969441  0.0245796  0.0293358
  0.348003 0.00481622  0.0293358    0.47348
IMAGINARY
          0  0.00483931   0.0169983  -0.0256212
-0.00483931           0  -0.0140827  -0.0107794
 -0.0169983   0.0140827           0 -0.00857065
  0.0256212   0.0107794  0.00857065           0
EndNode2[0]<--->HoM1[0]
REAL
    0.51265  0.00908903 -0.00400217    0.366393
 0.00908903   0.0252996  0.00906487  0.00217067
-0.00400217  0.00906487   0.0266312 -0.00847853
   0.366393  0.00217067 -0.00847853    0.435419
IMAGINARY
          0  -0.0338453   0.0326453  0.00214888
  0.0338453           0 -0.00652936 -0.00346242
 -0.0326453  0.00652936           0 -0.00830771
-0.00214888  0.00346242  0.00830771           0
Repeater1[0]<--->EndNode1[0]
REAL
  0.472186  -0.013225 -0.0196333   0.348003
 -0.013225  0.0245796 0.00969441  0.0293358
-0.0196333 0.00969441  0.0297542 0.00481622
  0.348003  0.0293358 0.00481622    0.47348
IMAGINARY
          0   0.0169983  0.00483931  -0.0256212
 -0.0169983           0   0.0140827 -0.00857065
-0.00483931  -0.0140827           0  -0.0107794
  0.0256212  0.00857065   0.0107794           0
Repeater1[0]<--->HoM1[0]
REAL
    0.51265 -0.00400217  0.00908903    0.366393
-0.00400217   0.0266312  0.00906487 -0.00847853
 0.00908903  0.00906487   0.0252996  0.00217067
   0.366393 -0.00847853  0.00217067    0.435419
IMAGINARY
          0   0.0326453  -0.0338453  0.00214888
 -0.0326453           0  0.00652936 -0.00830771
  0.0338453 -0.00652936           0 -0.00346242
-0.00214888  0.00830771  0.00346242           0
EndNode1[0]<--->Repeater1[0]
REAL
  0.466019  -0.018461 -0.0293022   0.341952
 -0.018461  0.0218447  0.0137312 0.00439796
-0.0293022  0.0137312  0.0303398 -0.0128289
  0.341952 0.00439796 -0.0128289   0.481796
IMAGINARY
          0  -0.0149069   0.0212203  -0.0033809
  0.0149069           0   0.0210577  0.00393307
 -0.0212203  -0.0210577           0  -0.0102465
  0.0033809 -0.00393307   0.0102465           0
EndNode2[0]<--->HoM1[0]
REAL
      0.4575 -0.000743682   0.00435083     0.352146
-0.000743682      0.01875   0.00366145   -0.0156993
  0.00435083   0.00366145        0.035    -0.013275
    0.352146   -0.0156993    -0.013275      0.48875
IMAGINARY
          0   0.0133183  0.00300303   0.0118248
 -0.0133183           0  0.00129852  0.00951344
-0.00300303 -0.00129852           0   -0.013977
 -0.0118248 -0.00951344    0.013977           0
Repeater1[0]<--->EndNode1[0]
REAL
  0.466019 -0.0293022  -0.018461   0.341952
-0.0293022  0.0303398  0.0137312 -0.0128289
 -0.018461  0.0137312  0.0218447 0.00439796
  0.341952 -0.0128289 0.00439796   0.481796
IMAGINARY
          0   0.0212203  -0.0149069  -0.0033809
 -0.0212203           0  -0.0210577  -0.0102465
  0.0149069   0.0210577           0  0.00393307
  0.0033809   0.0102465 -0.00393307           0
Repeater1[0]<--->HoM1[0]
REAL
      0.4575   0.00435083 -0.000743682     0.352146
  0.00435083        0.035   0.00366145    -0.013275
-0.000743682   0.00366145      0.01875   -0.0156993
    0.352146    -0.013275   -0.0156993      0.48875
IMAGINARY
          0  0.00300303   0.0133183   0.0118248
-0.00300303           0 -0.00129852   -0.013977
 -0.0133183  0.00129852           0  0.00951344
 -0.0118248    0.013977 -0.00951344           0
EndNode1[0]<--->Repeater1[0]
REAL
   0.476368  -0.0159275  -0.0272844    0.347946
 -0.0159275   0.0273632  -0.0163009 -0.00815868
 -0.0272844  -0.0163009   0.0298507 -0.00559154
   0.347946 -0.00815868 -0.00559154    0.466418
IMAGINARY
           0   0.00569892    -0.014849   0.00479418
 -0.00569892            0 -0.000230946  -0.00262409
    0.014849  0.000230946            0   0.00505376
 -0.00479418   0.00262409  -0.00505376            0
EndNode2[0]<--->HoM1[0]
REAL
   0.473203   -0.017354  -0.0102699    0.363553
  -0.017354   0.0313725  0.00623249 -0.00300441
 -0.0102699  0.00623249   0.0339869  0.00787236
   0.363553 -0.00300441  0.00787236    0.461438
IMAGINARY
           0   0.00273213  -0.00275905    0.0133761
 -0.00273213            0  0.000717866   0.00772183
  0.00275905 -0.000717866            0  -0.00645422
  -0.0133761  -0.00772183   0.00645422            0
Repeater1[0]<--->EndNode1[0]
REAL
   0.476368  -0.0272844  -0.0159275    0.347946
 -0.0272844   0.0298507  -0.0163009 -0.00559154
 -0.0159275  -0.0163009   0.0273632 -0.00815868
   0.347946 -0.00559154 -0.00815868    0.466418
IMAGINARY
           0    -0.014849   0.00569892   0.00479418
    0.014849            0  0.000230946   0.00505376
 -0.00569892 -0.000230946            0  -0.00262409
 -0.00479418  -0.00505376   0.00262409            0
Repeater1[0]<--->HoM1[0]
REAL
   0.473203  -0.0102699   -0.017354    0.363553
 -0.0102699   0.0339869  0.00623249  0.00787236
  -0.017354  0.00623249   0.0313725 -0.00300441
   0.363553  0.00787236 -0.00300441    0.461438
IMAGINARY
           0  -0.00275905   0.00273213    0.0133761
  0.00275905            0 -0.000717866  -0.00645422
 -0.00273213  0.000717866            0   0.00772183
  -0.0133761   0.00645422  -0.00772183            0
EndNode1[0]<--->Repeater1[0]
REAL
  0.456604 -0.0200669 0.00424174    0.33954
-0.0200669  0.0352201 0.00641929 0.00964715
0.00424174 0.00641929   0.027673 0.00617803
   0.33954 0.00964715 0.00617803   0.480503
IMAGINARY
          0  0.00922123 -0.00902112  0.00210963
-0.00922123           0   0.0253055  -0.0158196
 0.00902112  -0.0253055           0  0.00670234
-0.00210963   0.0158196 -0.00670234           0
EndNode2[0]<--->HoM1[0]
REAL
   0.461642 -0.00229805   0.0115495    0.337761
-0.00229805   0.0363392  0.00869014  -0.0199366
  0.0115495  0.00869014   0.0323015  0.00552385
   0.337761  -0.0199366  0.00552385    0.469717
IMAGINARY
          0  -0.0158807   0.0145644   0.0243007
  0.0158807           0   0.0167441 -0.00581606
 -0.0145644  -0.0167441           0  0.00847828
 -0.0243007  0.00581606 -0.00847828           0
Repeater1[0]<--->EndNode1[0]
REAL
  0.456604 0.00424174 -0.0200669    0.33954
0.00424174   0.027673 0.00641929 0.00617803
-0.0200669 0.00641929  0.0352201 0.00964715
   0.33954 0.00617803 0.00964715   0.480503
IMAGINARY
          0 -0.00902112  0.00922123  0.00210963
 0.00902112           0  -0.0253055  0.00670234
-0.00922123   0.0253055           0  -0.0158196
-0.00210963 -0.00670234   0.0158196           0
Repeater1[0]<--->HoM1[0]
REAL
   0.461642   0.0115495 -0.00229805    0.337761
  0.0115495   0.0323015  0.00869014  0.00552385
-0.00229805  0.00869014   0.0363392  -0.0199366
   0.337761  0.00552385  -0.0199366    0.469717
IMAGINARY
          0   0.0145644  -0.0158807   0.0243007
 -0.0145644           0  -0.0167441  0.00847828
  0.0158807   0.0167441           0 -0.00581606
 -0.0243007 -0.00847828  0.00581606           0
EndNode1[0]<--->Repeater1[0]
REAL
   0.507752 -0.00551861  -0.0152399     0.34526
-0.00551861   0.0284238   0.0100949  0.00480872
 -0.0152399   0.0100949   0.0258398 -0.00491255
    0.34526  0.00480872 -0.00491255    0.437984
IMAGINARY
           0   0.00258969  2.36832e-05    0.0155955
 -0.00258969            0   -0.0063117     0.012339
-2.36832e-05    0.0063117            0   0.00702569
  -0.0155955    -0.012339  -0.00702569            0
EndNode2[0]<--->HoM1[0]
REAL
   0.470509   0.0231744   0.0299859    0.350894
  0.0231744   0.0254692 0.000958267  0.00896682
  0.0299859 0.000958267   0.0201072   0.0132241
   0.350894  0.00896682   0.0132241    0.483914
IMAGINARY
          0   0.0334166 -0.00810311  -0.0118929
 -0.0334166           0  0.00260904 -0.00418667
 0.00810311 -0.00260904           0 -0.00301556
  0.0118929  0.00418667  0.00301556           0
Repeater1[0]<--->EndNode1[0]
REAL
   0.507752  -0.0152399 -0.00551861     0.34526
 -0.0152399   0.0258398   0.0100949 -0.00491255
-0.00551861   0.0100949   0.0284238  0.00480872
    0.34526 -0.00491255  0.00480872    0.437984
IMAGINARY
           0  2.36832e-05   0.00258969    0.0155955
-2.36832e-05            0    0.0063117   0.00702569
 -0.00258969   -0.0063117            0     0.012339
  -0.0155955  -0.00702569    -0.012339            0
Repeater1[0]<--->HoM1[0]
REAL
   0.470509   0.0299859   0.0231744    0.350894
  0.0299859   0.0201072 0.000958267   0.0132241
  0.0231744 0.000958267   0.0254692  0.00896682
   0.350894   0.0132241  0.00896682    0.483914
IMAGINARY
          0 -0.00810311   0.0334166  -0.0118929
 0.00810311           0 -0.00260904 -0.00301556
 -0.0334166  0.00260904           0 -0.00418667
  0.0118929  0.00301556  0.00418667           0
EndNode1[0]<--->Repeater1[0]
REAL
  0.466242  0.0224771  0.0186776   0.364603
 0.0224771   0.033121  0.0171452  0.0108854
 0.0186776  0.0171452  0.0318471 0.00965658
  0.364603  0.0108854 0.00965658    0.46879
IMAGINARY
           0    0.0125011   -0.0123422   -0.0326358
  -0.0125011            0   -0.0122276  -0.00395508
   0.0123422    0.0122276            0 -0.000115141
   0.0326358   0.00395508  0.000115141            0
EndNode2[0]<--->HoM1[0]
REAL
  0.487113 0.00162848  0.0110966   0.351877
0.00162848  0.0335052 0.00737265  0.0130321
 0.0110966 0.00737265  0.0309278  0.0211597
  0.351877  0.0130321  0.0211597   0.448454
IMAGINARY
          0  -0.0024609  0.00319693   0.0143599
  0.0024609           0 -0.00387905 -0.00319693
-0.00319693  0.00387905           0   -0.005582
 -0.0143599  0.00319693    0.005582           0
Repeater1[0]<--->EndNode1[0]
REAL
  0.466242  0.0186776  0.0224771   0.364603
 0.0186776  0.0318471  0.0171452 0.00965658
 0.0224771  0.0171452   0.033121  0.0108854
  0.364603 0.00965658  0.0108854    0.46879
IMAGINARY
           0   -0.0123422    0.0125011   -0.0326358
   0.0123422            0    0.0122276 -0.000115141
  -0.0125011   -0.0122276            0  -0.00395508
   0.0326358  0.000115141   0.00395508            0
Repeater1[0]<--->HoM1[0]
REAL
  0.487113  0.0110966 0.00162848   0.351877
 0.0110966  0.0309278 0.00737265  0.0211597
0.00162848 0.00737265  0.0335052  0.0130321
  0.351877  0.0211597  0.0130321   0.448454
IMAGINARY
          0  0.00319693  -0.0024609   0.0143599
-0.00319693           0  0.00387905   -0.005582
  0.0024609 -0.00387905           0 -0.00319693
 -0.0143599    0.005582  0.00319693           0
EndNode1[0]<--->Repeater1[0]
REAL
   0.474214  0.00679763  -0.0160686    0.346295
 0.00679763   0.0238994  0.00226941  0.00954117
 -0.0160686  0.00226941    0.027673 -0.00549215
   0.346295  0.00954117 -0.00549215    0.474214
IMAGINARY
          0   0.0126972 -0.00704387   0.0111762
 -0.0126972           0 -0.00611289   0.0202514
 0.00704387  0.00611289           0  0.00176822
 -0.0111762  -0.0202514 -0.00176822           0
EndNode2[0]<--->HoM1[0]
REAL
   0.486772 -0.00439452  0.00455759    0.347167
-0.00439452   0.0291005    0.017218   0.0125527
 0.00455759    0.017218   0.0277778 -0.00257633
   0.347167   0.0125527 -0.00257633    0.456349
IMAGINARY
           0    0.0028758    0.0117031 -0.000554397
  -0.0028758            0   -0.0227617   -0.0129722
  -0.0117031    0.0227617            0  -0.00922098
 0.000554397    0.0129722   0.00922098            0
Repeater1[0]<--->EndNode1[0]
REAL
   0.474214  -0.0160686  0.00679763    0.346295
 -0.0160686    0.027673  0.00226941 -0.00549215
 0.00679763  0.00226941   0.0238994  0.00954117
   0.346295 -0.00549215  0.00954117    0.474214
IMAGINARY
          0 -0.00704387   0.0126972   0.0111762
 0.00704387           0  0.00611289  0.00176822
 -0.0126972 -0.00611289           0   0.0202514
 -0.0111762 -0.00176822  -0.0202514           0
Repeater1[0]<--->HoM1[0]
REAL
   0.486772  0.00455759 -0.00439452    0.347167
 0.00455759   0.0277778    0.017218 -0.00257633
-0.00439452    0.017218   0.0291005   0.0125527
   0.347167 -0.00257633   0.0125527    0.456349
IMAGINARY
           0    0.0117031    0.0028758 -0.000554397
  -0.0117031            0    0.0227617  -0.00922098
  -0.0028758   -0.0227617            0   -0.0129722
 0.000554397   0.00922098    0.0129722            0
EndNode1[0]<--->Repeater1[0]
REAL
    0.470215 -0.000940902    0.0212251     0.330563
-0.000940902     0.035488   0.00978366 -0.000185488
   0.0212251   0.00978366    0.0329531    0.0058914
    0.330563 -0.000185488    0.0058914     0.461343
IMAGINARY
           0    0.0046287   -0.0315134  -0.00856688
  -0.0046287            0   0.00466063 -0.000954182
   0.0315134  -0.00466063            0    0.0174492
