EndNode1[0]<--->Repeater1[0]
REAL
   0.445161   0.0068685 0.000973525    0.369966
  0.0068685   0.0606452  0.00874684 -0.00716164
0.000973525  0.00874684   0.0696774  -0.0180071
   0.369966 -0.00716164  -0.0180071    0.424516
IMAGINARY
           0  0.000686067   -0.0119775   0.00817262
-0.000686067            0   -0.0126888   -0.0133144
   0.0119775    0.0126888            0    0.0103386
 -0.00817262    0.0133144   -0.0103386            0
EndNode2[0]<--->HoM1[0]
REAL
   0.463115  -0.0109932 -0.00409894    0.370926
 -0.0109932   0.0628415   0.0294778 -0.00599527
-0.00409894   0.0294778   0.0737705 -0.00717639
   0.370926 -0.00599527 -0.00717639    0.400273
IMAGINARY
          0  0.00775383    -0.01135 -0.00693166
-0.00775383           0   0.0170582   0.0182164
    0.01135  -0.0170582           0  -0.0183656
 0.00693166  -0.0182164   0.0183656           0
Repeater1[0]<--->EndNode1[0]
REAL
   0.445161 0.000973525   0.0068685    0.369966
0.000973525   0.0696774  0.00874684  -0.0180071
  0.0068685  0.00874684   0.0606452 -0.00716164
   0.369966  -0.0180071 -0.00716164    0.424516
IMAGINARY
           0   -0.0119775  0.000686067   0.00817262
   0.0119775            0    0.0126888    0.0103386
-0.000686067   -0.0126888            0   -0.0133144
 -0.00817262   -0.0103386    0.0133144            0
Repeater1[0]<--->HoM1[0]
REAL
   0.463115 -0.00409894  -0.0109932    0.370926
-0.00409894   0.0737705   0.0294778 -0.00717639
 -0.0109932   0.0294778   0.0628415 -0.00599527
   0.370926 -0.00717639 -0.00599527    0.400273
IMAGINARY
          0    -0.01135  0.00775383 -0.00693166
    0.01135           0  -0.0170582  -0.0183656
-0.00775383   0.0170582           0   0.0182164
 0.00693166   0.0183656  -0.0182164           0
EndNode1[0]<--->Repeater1[0]
REAL
   0.431145   0.0208877  0.00801989    0.374147
  0.0208877   0.0682111   0.0271031 -0.00426989
 0.00801989   0.0271031   0.0617761  -0.0208877
   0.374147 -0.00426989  -0.0208877    0.438867
IMAGINARY
           0  -0.00181581  -0.00684409  -0.00464672
  0.00181581            0   0.00527883 -0.000867993
  0.00684409  -0.00527883            0  -0.00975232
  0.00464672  0.000867993   0.00975232            0
EndNode2[0]<--->HoM1[0]
REAL
   0.437046  0.00555746  -0.0012123    0.378117
 0.00555746    0.066586   0.0399588   0.0213683
 -0.0012123   0.0399588    0.059322 0.000294299
   0.378117   0.0213683 0.000294299    0.437046
IMAGINARY
          0   0.0115803  0.00417003  -0.0178004
 -0.0115803           0  0.00575983 -0.00285424
-0.00417003 -0.00575983           0  -0.0168435
  0.0178004  0.00285424   0.0168435           0
Repeater1[0]<--->EndNode1[0]
REAL
   0.431145  0.00801989   0.0208877    0.374147
 0.00801989   0.0617761   0.0271031  -0.0208877
  0.0208877   0.0271031   0.0682111 -0.00426989
   0.374147  -0.0208877 -0.00426989    0.438867
IMAGINARY
           0  -0.00684409  -0.00181581  -0.00464672
  0.00684409            0  -0.00527883  -0.00975232
  0.00181581   0.00527883            0 -0.000867993
  0.00464672   0.00975232  0.000867993            0
Repeater1[0]<--->HoM1[0]
REAL
   0.437046  -0.0012123  0.00555746    0.378117
 -0.0012123    0.059322   0.0399588 0.000294299
 0.00555746   0.0399588    0.066586   0.0213683
   0.378117 0.000294299   0.0213683    0.437046
IMAGINARY
          0  0.00417003   0.0115803  -0.0178004
-0.00417003           0 -0.00575983  -0.0168435
 -0.0115803  0.00575983           0 -0.00285424
  0.0178004   0.0168435  0.00285424           0
EndNode1[0]<--->Repeater1[0]
REAL
   0.445443   0.0158719 0.000717171    0.351567
  0.0158719   0.0513479   0.0301385   0.0013461
0.000717171   0.0301385    0.055199  0.00269753
   0.351567   0.0013461  0.00269753     0.44801
IMAGINARY
          0  -0.0113224   0.0125002    0.012834
  0.0113224           0 -0.00262992  0.00866385
 -0.0125002  0.00262992           0  -0.0138099
  -0.012834 -0.00866385   0.0138099           0
EndNode2[0]<--->HoM1[0]
REAL
   0.446053 -0.00648949  0.00113221    0.376867
-0.00648949   0.0671053   0.0304255  -0.0128751
 0.00113221   0.0304255   0.0644737 -0.00648949
   0.376867  -0.0128751 -0.00648949    0.422368
IMAGINARY
          0  -0.0169685   -0.005444 -0.00217865
  0.0169685           0  -0.0206972   0.0222979
   0.005444   0.0206972           0 -0.00862449
 0.00217865  -0.0222979  0.00862449           0
Repeater1[0]<--->EndNode1[0]
REAL
   0.445443 0.000717171   0.0158719    0.351567
0.000717171    0.055199   0.0301385  0.00269753
  0.0158719   0.0301385   0.0513479   0.0013461
   0.351567  0.00269753   0.0013461     0.44801
IMAGINARY
          0   0.0125002  -0.0113224    0.012834
 -0.0125002           0  0.00262992  -0.0138099
  0.0113224 -0.00262992           0  0.00866385
  -0.012834   0.0138099 -0.00866385           0
Repeater1[0]<--->HoM1[0]
REAL
   0.446053  0.00113221 -0.00648949    0.376867
 0.00113221   0.0644737   0.0304255 -0.00648949
-0.00648949   0.0304255   0.0671053  -0.0128751
   0.376867 -0.00648949  -0.0128751    0.422368
IMAGINARY
          0   -0.005444  -0.0169685 -0.00217865
   0.005444           0   0.0206972 -0.00862449
  0.0169685  -0.0206972           0   0.0222979
 0.00217865  0.00862449  -0.0222979           0
EndNode1[0]<--->Repeater1[0]
REAL
  0.457216  0.0110152 0.00695831   0.368376
 0.0110152  0.0676884  0.0313666  0.0136072
0.00695831  0.0313666  0.0600255  0.0249746
  0.368376  0.0136072  0.0249746    0.41507
IMAGINARY
          0 -0.00652745  0.00744583   0.0247798
 0.00652745           0  -0.0228393  -0.0135733
-0.00744583   0.0228393           0 -0.00327647
 -0.0247798   0.0135733  0.00327647           0
EndNode2[0]<--->HoM1[0]
REAL
   0.452092 0.000284723  -0.0159491    0.376055
0.000284723   0.0418354   0.0476296 -0.00247198
 -0.0159491   0.0476296   0.0634278  -0.0029163
   0.376055 -0.00247198  -0.0029163    0.442645
IMAGINARY
           0  -0.00495726   0.00977322  -0.00489389
  0.00495726            0 -0.000641161   0.00239067
 -0.00977322  0.000641161            0   -0.0123283
  0.00489389  -0.00239067    0.0123283            0
Repeater1[0]<--->EndNode1[0]
REAL
  0.457216 0.00695831  0.0110152   0.368376
0.00695831  0.0600255  0.0313666  0.0249746
 0.0110152  0.0313666  0.0676884  0.0136072
  0.368376  0.0249746  0.0136072    0.41507
IMAGINARY
          0  0.00744583 -0.00652745   0.0247798
-0.00744583           0   0.0228393 -0.00327647
 0.00652745  -0.0228393           0  -0.0135733
 -0.0247798  0.00327647   0.0135733           0
Repeater1[0]<--->HoM1[0]
REAL
   0.452092  -0.0159491 0.000284723    0.376055
 -0.0159491   0.0634278   0.0476296  -0.0029163
0.000284723   0.0476296   0.0418354 -0.00247198
   0.376055  -0.0029163 -0.00247198    0.442645
IMAGINARY
           0   0.00977322  -0.00495726  -0.00489389
 -0.00977322            0  0.000641161   -0.0123283
  0.00495726 -0.000641161            0   0.00239067
  0.00489389    0.0123283  -0.00239067            0
EndNode1[0]<--->Repeater1[0]
REAL
   0.443396 -0.00127517 -0.00358471    0.362922
-0.00127517   0.0754717   0.0247787   0.0102692
-0.00358471   0.0247787   0.0525606  0.00795966
   0.362922   0.0102692  0.00795966    0.428571
IMAGINARY
          0 -0.00205556  0.00554123  0.00418169
 0.00205556           0   -0.010543 -0.00491388
-0.00554123    0.010543           0     0.01523
-0.00418169  0.00491388    -0.01523           0
EndNode2[0]<--->HoM1[0]
REAL
   0.459527 -0.00970096  -0.0111013    0.371815
-0.00970096   0.0585305   0.0220676    0.010477
 -0.0111013   0.0220676   0.0585305   0.0178158
   0.371815    0.010477   0.0178158    0.423412
IMAGINARY
          0   0.0271197  -0.0383922  0.00534055
 -0.0271197           0  -0.0202659  -0.0234765
  0.0383922   0.0202659           0   0.0360116
-0.00534055   0.0234765  -0.0360116           0
Repeater1[0]<--->EndNode1[0]
REAL
   0.443396 -0.00358471 -0.00127517    0.362922
-0.00358471   0.0525606   0.0247787  0.00795966
-0.00127517   0.0247787   0.0754717   0.0102692
   0.362922  0.00795966   0.0102692    0.428571
IMAGINARY
          0  0.00554123 -0.00205556  0.00418169
-0.00554123           0    0.010543     0.01523
 0.00205556   -0.010543           0 -0.00491388
-0.00418169    -0.01523  0.00491388           0
Repeater1[0]<--->HoM1[0]
REAL
   0.459527  -0.0111013 -0.00970096    0.371815
 -0.0111013   0.0585305   0.0220676   0.0178158
-0.00970096   0.0220676   0.0585305    0.010477
   0.371815   0.0178158    0.010477    0.423412
IMAGINARY
          0  -0.0383922   0.0271197  0.00534055
  0.0383922           0   0.0202659   0.0360116
 -0.0271197  -0.0202659           0  -0.0234765
-0.00534055  -0.0360116   0.0234765           0
EndNode1[0]<--->Repeater1[0]
REAL
  0.422136 -0.0059065  0.0111999   0.371961
-0.0059065  0.0540541  0.0404102 0.00684129
 0.0111999  0.0404102  0.0579151  0.0187931
  0.371961 0.00684129  0.0187931   0.465894
IMAGINARY
           0  -0.00080866   0.00261207  0.000945221
  0.00080866            0   -0.0328048  -0.00662276
 -0.00261207    0.0328048            0    0.0101669
-0.000945221   0.00662276   -0.0101669            0
EndNode2[0]<--->HoM1[0]
REAL
   0.445178 -0.00335495   -0.019895    0.369783
-0.00335495   0.0713342   0.0349203 -0.00485744
  -0.019895   0.0349203   0.0528402  -0.0226352
   0.369783 -0.00485744  -0.0226352    0.430647
IMAGINARY
           0   0.00731403   -0.0258026   0.00165042
 -0.00731403            0   0.00604189  0.000245636
   0.0258026  -0.00604189            0     0.018243
 -0.00165042 -0.000245636    -0.018243            0
Repeater1[0]<--->EndNode1[0]
REAL
  0.422136  0.0111999 -0.0059065   0.371961
 0.0111999  0.0579151  0.0404102  0.0187931
-0.0059065  0.0404102  0.0540541 0.00684129
  0.371961  0.0187931 0.00684129   0.465894
IMAGINARY
           0   0.00261207  -0.00080866  0.000945221
 -0.00261207            0    0.0328048    0.0101669
  0.00080866   -0.0328048            0  -0.00662276
-0.000945221   -0.0101669   0.00662276            0
Repeater1[0]<--->HoM1[0]
REAL
   0.445178   -0.019895 -0.00335495    0.369783
  -0.019895   0.0528402   0.0349203  -0.0226352
-0.00335495   0.0349203   0.0713342 -0.00485744
   0.369783  -0.0226352 -0.00485744    0.430647
IMAGINARY
           0   -0.0258026   0.00731403   0.00165042
   0.0258026            0  -0.00604189     0.018243
 -0.00731403   0.00604189            0  0.000245636
 -0.00165042    -0.018243 -0.000245636            0
EndNode1[0]<--->Repeater1[0]
REAL
 0.435162 0.0247399 0.0143209  0.368613
0.0247399 0.0498753  0.052956 0.0399274
0.0143209  0.052956 0.0723192 0.0190509
 0.368613 0.0399274 0.0190509  0.442643
IMAGINARY
           0    0.0148267   -0.0193728    -0.017905
  -0.0148267            0  -0.00560988  -0.00840502
   0.0193728   0.00560988            0  0.000324812
    0.017905   0.00840502 -0.000324812            0
EndNode2[0]<--->HoM1[0]
REAL
    0.448101 -0.000291081   0.00193798     0.376379
-0.000291081    0.0493671    0.0280134   0.00193798
  0.00193798    0.0280134    0.0544304  -0.00358489
    0.376379   0.00193798  -0.00358489     0.448101
IMAGINARY
         0   0.017371  -0.012056  0.0193662
 -0.017371          0 -0.0168473  0.0205527
  0.012056  0.0168473          0 -0.0127959
-0.0193662 -0.0205527  0.0127959          0
Repeater1[0]<--->EndNode1[0]
REAL
 0.435162 0.0143209 0.0247399  0.368613
0.0143209 0.0723192  0.052956 0.0190509
0.0247399  0.052956 0.0498753 0.0399274
 0.368613 0.0190509 0.0399274  0.442643
IMAGINARY
           0   -0.0193728    0.0148267    -0.017905
   0.0193728            0   0.00560988  0.000324812
  -0.0148267  -0.00560988            0  -0.00840502
    0.017905 -0.000324812   0.00840502            0
Repeater1[0]<--->HoM1[0]
REAL
    0.448101   0.00193798 -0.000291081     0.376379
  0.00193798    0.0544304    0.0280134  -0.00358489
-0.000291081    0.0280134    0.0493671   0.00193798
    0.376379  -0.00358489   0.00193798     0.448101
IMAGINARY
         0  -0.012056   0.017371  0.0193662
  0.012056          0  0.0168473 -0.0127959
 -0.017371 -0.0168473          0  0.0205527
-0.0193662  0.0127959 -0.0205527          0
EndNode1[0]<--->Repeater1[0]
REAL
  0.458996 0.00100285 0.00375123   0.366095
0.00100285  0.0746634  0.0325451  0.0228248
0.00375123  0.0325451  0.0587515  0.0181566
  0.366095  0.0228248  0.0181566   0.407589
IMAGINARY
           0   -0.0122327  5.04679e-06  -0.00728101
   0.0122327            0  0.000753598   0.00194554
-5.04679e-06 -0.000753598            0  -0.00272181
  0.00728101  -0.00194554   0.00272181            0
EndNode2[0]<--->HoM1[0]
REAL
  0.419154  -0.030897 -0.0143347   0.365142
 -0.030897  0.0534826  0.0402081 -0.0069273
-0.0143347  0.0402081  0.0733831 -0.0027107
  0.365142 -0.0069273 -0.0027107    0.45398
IMAGINARY
          0   0.0055723  -0.0352626 -0.00230928
 -0.0055723           0   0.0126452   0.0087374
  0.0352626  -0.0126452           0   0.0156479
 0.00230928  -0.0087374  -0.0156479           0
Repeater1[0]<--->EndNode1[0]
REAL
  0.458996 0.00375123 0.00100285   0.366095
0.00375123  0.0587515  0.0325451  0.0181566
0.00100285  0.0325451  0.0746634  0.0228248
  0.366095  0.0181566  0.0228248   0.407589
IMAGINARY
           0  5.04679e-06   -0.0122327  -0.00728101
-5.04679e-06            0 -0.000753598  -0.00272181
   0.0122327  0.000753598            0   0.00194554
  0.00728101   0.00272181  -0.00194554            0
Repeater1[0]<--->HoM1[0]
REAL
  0.419154 -0.0143347  -0.030897   0.365142
-0.0143347  0.0733831  0.0402081 -0.0027107
 -0.030897  0.0402081  0.0534826 -0.0069273
  0.365142 -0.0027107 -0.0069273    0.45398
IMAGINARY
          0  -0.0352626   0.0055723 -0.00230928
  0.0352626           0  -0.0126452   0.0156479
 -0.0055723   0.0126452           0   0.0087374
 0.00230928  -0.0156479  -0.0087374           0
EndNode1[0]<--->Repeater1[0]
REAL
  0.445129  0.0130536 0.00179876   0.369734
 0.0130536  0.0628853  0.0279039  0.0178863
0.00179876  0.0279039  0.0567201 0.00925612
  0.369734  0.0178863 0.00925612   0.435265
IMAGINARY
           0  -0.00585868   0.00780593    0.0119081
  0.00585868            0    0.0172844  0.000690798
 -0.00780593   -0.0172844            0  -0.00133086
  -0.0119081 -0.000690798   0.00133086            0
EndNode2[0]<--->HoM1[0]
REAL
   0.460719 -0.00402872  0.00319379    0.391299
-0.00402872   0.0545939   0.0382434  -0.0260615
 0.00319379   0.0382434   0.0719041  -0.0101864
   0.391299  -0.0260615  -0.0101864    0.412783
IMAGINARY
           0    0.0025194 -0.000355184  -0.00978422
  -0.0025194            0  -0.00150396  -0.00549657
 0.000355184   0.00150396            0   -0.0031696
  0.00978422   0.00549657    0.0031696            0
Repeater1[0]<--->EndNode1[0]
REAL
  0.445129 0.00179876  0.0130536   0.369734
0.00179876  0.0567201  0.0279039 0.00925612
 0.0130536  0.0279039  0.0628853  0.0178863
  0.369734 0.00925612  0.0178863   0.435265
IMAGINARY
           0   0.00780593  -0.00585868    0.0119081
 -0.00780593            0   -0.0172844  -0.00133086
  0.00585868    0.0172844            0  0.000690798
  -0.0119081   0.00133086 -0.000690798            0
Repeater1[0]<--->HoM1[0]
REAL
   0.460719  0.00319379 -0.00402872    0.391299
 0.00319379   0.0719041   0.0382434  -0.0101864
-0.00402872   0.0382434   0.0545939  -0.0260615
   0.391299  -0.0101864  -0.0260615    0.412783
IMAGINARY
           0 -0.000355184    0.0025194  -0.00978422
 0.000355184            0   0.00150396   -0.0031696
  -0.0025194  -0.00150396            0  -0.00549657
  0.00978422    0.0031696   0.00549657            0
EndNode1[0]<--->Repeater1[0]
REAL
   0.441802 0.000695581 0.000405935    0.363817
0.000695581    0.057572   0.0198714  0.00172172
0.000405935   0.0198714    0.057572  0.00710584
   0.363817  0.00172172  0.00710584    0.443054
IMAGINARY
          0 -0.00769292  -0.0189264 -0.00340767
 0.00769292           0  0.00736546 -0.00292128
  0.0189264 -0.00736546           0   0.0183047
 0.00340767  0.00292128  -0.0183047           0
EndNode2[0]<--->HoM1[0]
REAL
  0.468586  0.0196271 0.00391999   0.369086
 0.0196271  0.0615183  0.0500513  0.0216865
0.00391999  0.0500513  0.0719895 0.00597941
  0.369086  0.0216865 0.00597941   0.397906
IMAGINARY
          0 -0.00236682 -0.00161734  0.00443083
 0.00236682           0  -0.0193192  0.00295782
 0.00161734   0.0193192           0   0.0238145
-0.00443083 -0.00295782  -0.0238145           0
Repeater1[0]<--->EndNode1[0]
REAL
   0.441802 0.000405935 0.000695581    0.363817
0.000405935    0.057572   0.0198714  0.00710584
0.000695581   0.0198714    0.057572  0.00172172
   0.363817  0.00710584  0.00172172    0.443054
IMAGINARY
          0  -0.0189264 -0.00769292 -0.00340767
  0.0189264           0 -0.00736546   0.0183047
 0.00769292  0.00736546           0 -0.00292128
 0.00340767  -0.0183047  0.00292128           0
Repeater1[0]<--->HoM1[0]
REAL
  0.468586 0.00391999  0.0196271   0.369086
0.00391999  0.0719895  0.0500513 0.00597941
 0.0196271  0.0500513  0.0615183  0.0216865
  0.369086 0.00597941  0.0216865   0.397906
IMAGINARY
          0 -0.00161734 -0.00236682  0.00443083
 0.00161734           0   0.0193192   0.0238145
 0.00236682  -0.0193192           0  0.00295782
-0.00443083  -0.0238145 -0.00295782           0
EndNode1[0]<--->Repeater1[0]
REAL
  0.471555  0.0262752 0.00783717    0.35247
 0.0262752  0.0442478  0.0410052  0.0221229
0.00783717  0.0410052  0.0581542  0.0249898
   0.35247  0.0221229  0.0249898   0.426043
IMAGINARY
           0   -0.0139001   -0.0124929  3.18049e-06
   0.0139001            0  0.000630533    0.0144037
   0.0124929 -0.000630533            0   0.00944146
-3.18049e-06   -0.0144037  -0.00944146            0
EndNode2[0]<--->HoM1[0]
REAL
      0.416 -0.00110807  0.00778612     0.36334
-0.00110807   0.0666667   0.0323009 -0.00184161
 0.00778612   0.0323009   0.0573333   0.0083736
    0.36334 -0.00184161   0.0083736        0.46
IMAGINARY
          0  0.00846945  0.00598603 -0.00440957
-0.00846945           0   0.0161897  -0.0128696
-0.00598603  -0.0161897           0  0.00467198
 0.00440957   0.0128696 -0.00467198           0
Repeater1[0]<--->EndNode1[0]
REAL
  0.471555 0.00783717  0.0262752    0.35247
0.00783717  0.0581542  0.0410052  0.0249898
 0.0262752  0.0410052  0.0442478  0.0221229
   0.35247  0.0249898  0.0221229   0.426043
IMAGINARY
           0   -0.0124929   -0.0139001  3.18049e-06
   0.0124929            0 -0.000630533   0.00944146
   0.0139001  0.000630533            0    0.0144037
-3.18049e-06  -0.00944146   -0.0144037            0
Repeater1[0]<--->HoM1[0]
REAL
      0.416  0.00778612 -0.00110807     0.36334
 0.00778612   0.0573333   0.0323009   0.0083736
-0.00110807   0.0323009   0.0666667 -0.00184161
    0.36334   0.0083736 -0.00184161        0.46
IMAGINARY
          0  0.00598603  0.00846945 -0.00440957
-0.00598603           0  -0.0161897  0.00467198
-0.00846945   0.0161897           0  -0.0128696
 0.00440957 -0.00467198   0.0128696           0
EndNode1[0]<--->Repeater1[0]
REAL
  0.427995  0.0118206 0.00266637   0.357881
 0.0118206  0.0672948  0.0348837 -0.0142943
0.00266637  0.0348837   0.064603 -0.0169886
  0.357881 -0.0142943 -0.0169886   0.440108
IMAGINARY
          0  -0.0096946 -0.00933896  -0.0103082
  0.0096946           0   0.0285268  -0.0074569
 0.00933896  -0.0285268           0   0.0174465
  0.0103082   0.0074569  -0.0174465           0
EndNode2[0]<--->HoM1[0]
REAL
   0.419571  0.00574047   0.0143252    0.373812
 0.00574047   0.0603217   0.0406959  0.00251418
  0.0143252   0.0406959   0.0670241 -0.00185446
   0.373812  0.00251418 -0.00185446    0.453083
IMAGINARY
           0   0.00856976 -0.000603821    0.0239053
 -0.00856976            0    0.0035098     0.011686
 0.000603821   -0.0035098            0  -0.00922165
  -0.0239053    -0.011686   0.00922165            0
Repeater1[0]<--->EndNode1[0]
REAL
  0.427995 0.00266637  0.0118206   0.357881
0.00266637   0.064603  0.0348837 -0.0169886
 0.0118206  0.0348837  0.0672948 -0.0142943
  0.357881 -0.0169886 -0.0142943   0.440108
IMAGINARY
          0 -0.00933896  -0.0096946  -0.0103082
 0.00933896           0  -0.0285268   0.0174465
  0.0096946   0.0285268           0  -0.0074569
  0.0103082  -0.0174465   0.0074569           0
Repeater1[0]<--->HoM1[0]
REAL
   0.419571   0.0143252  0.00574047    0.373812
  0.0143252   0.0670241   0.0406959 -0.00185446
 0.00574047   0.0406959   0.0603217  0.00251418
   0.373812 -0.00185446  0.00251418    0.453083
IMAGINARY
           0 -0.000603821   0.00856976    0.0239053
 0.000603821            0   -0.0035098  -0.00922165
 -0.00856976    0.0035098            0     0.011686
  -0.0239053   0.00922165    -0.011686            0
EndNode1[0]<--->Repeater1[0]
REAL
   0.439744  0.00788694  -0.0023253    0.371616
 0.00788694   0.0538462   0.0432779 -0.00706143
 -0.0023253   0.0432779   0.0679487  -0.0222799
   0.371616 -0.00706143  -0.0222799    0.438462
IMAGINARY
          0  -0.0250375   0.0168035  0.00515097
  0.0250375           0   -0.011916 -0.00454191
 -0.0168035    0.011916           0 -0.00357285
-0.00515097  0.00454191  0.00357285           0
EndNode2[0]<--->HoM1[0]
REAL
    0.420213  -0.00811141 -0.000122351      0.37236
 -0.00811141    0.0545213    0.0179298   0.00958011
-0.000122351    0.0179298    0.0505319  -0.00134634
     0.37236   0.00958011  -0.00134634     0.474734
IMAGINARY
          0   0.0126384 -0.00353836  0.00829082
 -0.0126384           0  0.00318878 -0.00152493
 0.00353836 -0.00318878           0   0.0139439
-0.00829082  0.00152493  -0.0139439           0
Repeater1[0]<--->EndNode1[0]
REAL
   0.439744  -0.0023253  0.00788694    0.371616
 -0.0023253   0.0679487   0.0432779  -0.0222799
 0.00788694   0.0432779   0.0538462 -0.00706143
   0.371616  -0.0222799 -0.00706143    0.438462
IMAGINARY
          0   0.0168035  -0.0250375  0.00515097
 -0.0168035           0    0.011916 -0.00357285
  0.0250375   -0.011916           0 -0.00454191
-0.00515097  0.00357285  0.00454191           0
Repeater1[0]<--->HoM1[0]
REAL
    0.420213 -0.000122351  -0.00811141      0.37236
-0.000122351    0.0505319    0.0179298  -0.00134634
 -0.00811141    0.0179298    0.0545213   0.00958011
     0.37236  -0.00134634   0.00958011     0.474734
IMAGINARY
          0 -0.00353836   0.0126384  0.00829082
 0.00353836           0 -0.00318878   0.0139439
 -0.0126384  0.00318878           0 -0.00152493
-0.00829082  -0.0139439  0.00152493           0
EndNode1[0]<--->Repeater1[0]
REAL
    0.472938  -0.00222195   0.00878274     0.370938
 -0.00222195    0.0618557     0.032582 -0.000308166
  0.00878274     0.032582    0.0554124    0.0237343
    0.370938 -0.000308166    0.0237343     0.409794
IMAGINARY
          0 -0.00593668 -0.00723879  0.00489295
 0.00593668           0 -0.00678929 -0.00919957
 0.00723879  0.00678929           0  0.00593668
-0.00489295  0.00919957 -0.00593668           0
EndNode2[0]<--->HoM1[0]
REAL
   0.407008   0.0171245 -0.00302083    0.357242
  0.0171245   0.0660377   0.0320918   0.0230208
-0.00302083   0.0320918   0.0781671  -0.0117912
   0.357242   0.0230208  -0.0117912    0.448787
IMAGINARY
          0 -0.00133677 -0.00595804    0.033196
 0.00133677           0 -0.00464188 -0.00661681
 0.00595804  0.00464188           0   0.0258877
  -0.033196  0.00661681  -0.0258877           0
Repeater1[0]<--->EndNode1[0]
REAL
    0.472938   0.00878274  -0.00222195     0.370938
  0.00878274    0.0554124     0.032582    0.0237343
 -0.00222195     0.032582    0.0618557 -0.000308166
    0.370938    0.0237343 -0.000308166     0.409794
IMAGINARY
          0 -0.00723879 -0.00593668  0.00489295
 0.00723879           0  0.00678929  0.00593668
 0.00593668 -0.00678929           0 -0.00919957
-0.00489295 -0.00593668  0.00919957           0
Repeater1[0]<--->HoM1[0]
REAL
   0.407008 -0.00302083   0.0171245    0.357242
-0.00302083   0.0781671   0.0320918  -0.0117912
  0.0171245   0.0320918   0.0660377   0.0230208
   0.357242  -0.0117912   0.0230208    0.448787
IMAGINARY
          0 -0.00595804 -0.00133677    0.033196
 0.00595804           0  0.00464188   0.0258877
 0.00133677 -0.00464188           0 -0.00661681
  -0.033196  -0.0258877  0.00661681           0
EndNode1[0]<--->Repeater1[0]
REAL
   0.436387  0.00471157  0.00374987    0.375786
 0.00471157     0.06743   0.0382356  -0.0116864
 0.00374987   0.0382356   0.0712468 -0.00603432
   0.375786  -0.0116864 -0.00603432    0.424936
IMAGINARY
          0 -0.00702591   0.0120404   0.0132258
 0.00702591           0  -0.0042005  0.00726716
 -0.0120404   0.0042005           0  -0.0176079
 -0.0132258 -0.00726716   0.0176079           0
EndNode2[0]<--->HoM1[0]
REAL
   0.425478 -0.00471878 -0.00629432     0.36508
-0.00471878   0.0726115   0.0350551   0.0123672
-0.00629432   0.0350551   0.0675159 -0.00810173
    0.36508   0.0123672 -0.00810173    0.434395
IMAGINARY
          0  -0.0150014   0.0118635   0.0176503
  0.0150014           0  0.00204478  0.00798757
 -0.0118635 -0.00204478           0 -0.00360901
 -0.0176503 -0.00798757  0.00360901           0
Repeater1[0]<--->EndNode1[0]
REAL
   0.436387  0.00374987  0.00471157    0.375786
 0.00374987   0.0712468   0.0382356 -0.00603432
 0.00471157   0.0382356     0.06743  -0.0116864
   0.375786 -0.00603432  -0.0116864    0.424936
IMAGINARY
          0   0.0120404 -0.00702591   0.0132258
 -0.0120404           0   0.0042005  -0.0176079
 0.00702591  -0.0042005           0  0.00726716
 -0.0132258   0.0176079 -0.00726716           0
Repeater1[0]<--->HoM1[0]
REAL
   0.425478 -0.00629432 -0.00471878     0.36508
-0.00629432   0.0675159   0.0350551 -0.00810173
-0.00471878   0.0350551   0.0726115   0.0123672
    0.36508 -0.00810173   0.0123672    0.434395
IMAGINARY
          0   0.0118635  -0.0150014   0.0176503
 -0.0118635           0 -0.00204478 -0.00360901
  0.0150014  0.00204478           0  0.00798757
 -0.0176503  0.00360901 -0.00798757           0
EndNode1[0]<--->Repeater1[0]
REAL
   0.437095  0.00971015 -0.00909007    0.364829
 0.00971015   0.0557717   0.0269914 -0.00410254
-0.00909007   0.0269914   0.0622568  -0.0123487
   0.364829 -0.00410254  -0.0123487    0.444877
IMAGINARY
          0 -0.00340826  -0.0051637  0.00131224
 0.00340826           0 -0.00455478  -0.0173588
  0.0051637  0.00455478           0   0.0130608
-0.00131224   0.0173588  -0.0130608           0
EndNode2[0]<--->HoM1[0]
REAL
   0.421894 0.000148442 0.000861541     0.36738
0.000148442   0.0565806   0.0242185  -0.0388019
0.000861541   0.0242185   0.0430504 -0.00827852
    0.36738  -0.0388019 -0.00827852    0.478475
IMAGINARY
          0 -0.00161854   0.0037456   0.0116237
 0.00161854           0  0.00566348  0.00190058
 -0.0037456 -0.00566348           0  0.00726471
 -0.0116237 -0.00190058 -0.00726471           0
Repeater1[0]<--->EndNode1[0]
REAL
   0.437095 -0.00909007  0.00971015    0.364829
-0.00909007   0.0622568   0.0269914  -0.0123487
 0.00971015   0.0269914   0.0557717 -0.00410254
   0.364829  -0.0123487 -0.00410254    0.444877
IMAGINARY
          0  -0.0051637 -0.00340826  0.00131224
  0.0051637           0  0.00455478   0.0130608
 0.00340826 -0.00455478           0  -0.0173588
-0.00131224  -0.0130608   0.0173588           0
Repeater1[0]<--->HoM1[0]
REAL
   0.421894 0.000861541 0.000148442     0.36738
0.000861541   0.0430504   0.0242185 -0.00827852
0.000148442   0.0242185   0.0565806  -0.0388019
    0.36738 -0.00827852  -0.0388019    0.478475
IMAGINARY
          0   0.0037456 -0.00161854   0.0116237
 -0.0037456           0 -0.00566348  0.00726471
 0.00161854  0.00566348           0  0.00190058
 -0.0116237 -0.00726471 -0.00190058           0
EndNode1[0]<--->Repeater1[0]
REAL
   0.451985  -0.0074124 -0.00031094    0.363103
 -0.0074124   0.0512164   0.0304282  -0.0131661
-0.00031094   0.0304282   0.0537772  -0.0074124
   0.363103  -0.0131661  -0.0074124    0.443022
IMAGINARY
           0    0.0035513  -0.00516462  0.000496606
  -0.0035513            0    0.0227738  0.000553293
  0.00516462   -0.0227738            0  -0.00816263
-0.000496606 -0.000553293   0.00816263            0
EndNode2[0]<--->HoM1[0]
REAL
    0.417112  -0.00222785   -0.0148892     0.351357
 -0.00222785    0.0721925    0.0347342    0.0112921
  -0.0148892    0.0347342    0.0628342 -0.000170234
    0.351357    0.0112921 -0.000170234     0.447861
IMAGINARY
           0   -0.0162666    0.0191275 -0.000802141
   0.0162666            0    0.0197277    0.0204503
  -0.0191275   -0.0197277            0    -0.027269
 0.000802141   -0.0204503     0.027269            0
Repeater1[0]<--->EndNode1[0]
REAL
   0.451985 -0.00031094  -0.0074124    0.363103
-0.00031094   0.0537772   0.0304282  -0.0074124
 -0.0074124   0.0304282   0.0512164  -0.0131661
   0.363103  -0.0074124  -0.0131661    0.443022
IMAGINARY
           0  -0.00516462    0.0035513  0.000496606
  0.00516462            0   -0.0227738  -0.00816263
  -0.0035513    0.0227738            0  0.000553293
-0.000496606   0.00816263 -0.000553293            0
Repeater1[0]<--->HoM1[0]
REAL
    0.417112   -0.0148892  -0.00222785     0.351357
  -0.0148892    0.0628342    0.0347342 -0.000170234
 -0.00222785    0.0347342    0.0721925    0.0112921
    0.351357 -0.000170234    0.0112921     0.447861
IMAGINARY
           0    0.0191275   -0.0162666 -0.000802141
  -0.0191275            0   -0.0197277    -0.027269
   0.0162666    0.0197277            0    0.0204503
 0.000802141     0.027269   -0.0204503            0
EndNode1[0]<--->Repeater1[0]
REAL
   0.409387 0.000611403   0.0011229    0.372383
0.000611403   0.0743155   0.0264339  0.00479038
  0.0011229   0.0264339   0.0586701   0.0145003
   0.372383  0.00479038   0.0145003    0.457627
IMAGINARY
          0  0.00978566  0.00714861 -0.00205356
-0.00978566           0  -0.0153162  0.00281155
-0.00714861   0.0153162           0  -0.0117777
 0.00205356 -0.00281155   0.0117777           0
EndNode2[0]<--->HoM1[0]
REAL
  0.440415 -0.0158299 0.00790639    0.37706
-0.0158299  0.0673575  0.0315823 0.00073559
0.00790639  0.0315823  0.0660622 0.00718796
   0.37706 0.00073559 0.00718796   0.426166
IMAGINARY
          0  -0.0128361 -0.00607015  -0.0236906
  0.0128361           0  0.00649314  0.00355758
 0.00607015 -0.00649314           0   0.0266552
  0.0236906 -0.00355758  -0.0266552           0
Repeater1[0]<--->EndNode1[0]
REAL
   0.409387   0.0011229 0.000611403    0.372383
  0.0011229   0.0586701   0.0264339   0.0145003
0.000611403   0.0264339   0.0743155  0.00479038
   0.372383   0.0145003  0.00479038    0.457627
IMAGINARY
          0  0.00714861  0.00978566 -0.00205356
-0.00714861           0   0.0153162  -0.0117777
-0.00978566  -0.0153162           0  0.00281155
 0.00205356   0.0117777 -0.00281155           0
Repeater1[0]<--->HoM1[0]
REAL
  0.440415 0.00790639 -0.0158299    0.37706
0.00790639  0.0660622  0.0315823 0.00718796
-0.0158299  0.0315823  0.0673575 0.00073559
   0.37706 0.00718796 0.00073559   0.426166
IMAGINARY
          0 -0.00607015  -0.0128361  -0.0236906
 0.00607015           0 -0.00649314   0.0266552
  0.0128361  0.00649314           0  0.00355758
  0.0236906  -0.0266552 -0.00355758           0
EndNode1[0]<--->Repeater1[0]
REAL
  0.440977 0.00967305 -0.0017931   0.374684
0.00967305  0.0610583  0.0214023  0.0267594
-0.0017931  0.0214023  0.0664858 0.00584652
  0.374684  0.0267594 0.00584652   0.431479
IMAGINARY
          0  0.00289823 -0.00459921   0.0205647
-0.00289823           0  0.00724746  -0.0127753
 0.00459921 -0.00724746           0  0.00675428
 -0.0205647   0.0127753 -0.00675428           0
EndNode2[0]<--->HoM1[0]
REAL
   0.42011  -0.032328 -0.0104215   0.374619
 -0.032328  0.0550964  0.0260182 0.00214128
-0.0104215  0.0260182  0.0592287  0.0138567
  0.374619 0.00214128  0.0138567   0.465565
IMAGINARY
          0   0.0124282 -0.00230666 -0.00821426
 -0.0124282           0  0.00245241   0.0226629
 0.00230666 -0.00245241           0 -0.00861141
 0.00821426  -0.0226629  0.00861141           0
Repeater1[0]<--->EndNode1[0]
REAL
  0.440977 -0.0017931 0.00967305   0.374684
-0.0017931  0.0664858  0.0214023 0.00584652
0.00967305  0.0214023  0.0610583  0.0267594
  0.374684 0.00584652  0.0267594   0.431479
IMAGINARY
          0 -0.00459921  0.00289823   0.0205647
 0.00459921           0 -0.00724746  0.00675428
-0.00289823  0.00724746           0  -0.0127753
 -0.0205647 -0.00675428   0.0127753           0
Repeater1[0]<--->HoM1[0]
REAL
   0.42011 -0.0104215  -0.032328   0.374619
-0.0104215  0.0592287  0.0260182  0.0138567
 -0.032328  0.0260182  0.0550964 0.00214128
  0.374619  0.0138567 0.00214128   0.465565
IMAGINARY
          0 -0.00230666   0.0124282 -0.00821426
 0.00230666           0 -0.00245241 -0.00861141
 -0.0124282  0.00245241           0   0.0226629
 0.00821426  0.00861141  -0.0226629           0
EndNode1[0]<--->Repeater1[0]
REAL
   0.443005  -0.0289227  -0.0094179    0.354873
 -0.0289227   0.0634715   0.0300281 -0.00419596
 -0.0094179   0.0300281   0.0621762  0.00912075
   0.354873 -0.00419596  0.00912075    0.431347
IMAGINARY
           0   6.8476e-05  -0.00739537  0.000321579
 -6.8476e-05            0  0.000944244      0.02665
  0.00739537 -0.000944244            0  -0.00317407
-0.000321579     -0.02665   0.00317407            0
EndNode2[0]<--->HoM1[0]
REAL
  0.454665 0.00668946 0.00734071   0.371927
0.00668946  0.0749014  0.0388107 -0.0144559
0.00734071  0.0388107  0.0762155 0.00301299
  0.371927 -0.0144559 0.00301299   0.394218
IMAGINARY
          0 -0.00256611 -0.00295917  0.00568349
 0.00256611           0   0.0101996  0.00491484
 0.00295917  -0.0101996           0  -0.0150349
-0.00568349 -0.00491484   0.0150349           0
Repeater1[0]<--->EndNode1[0]
REAL
   0.443005  -0.0094179  -0.0289227    0.354873
 -0.0094179   0.0621762   0.0300281  0.00912075
 -0.0289227   0.0300281   0.0634715 -0.00419596
   0.354873  0.00912075 -0.00419596    0.431347
IMAGINARY
           0  -0.00739537   6.8476e-05  0.000321579
  0.00739537            0 -0.000944244  -0.00317407
 -6.8476e-05  0.000944244            0      0.02665
-0.000321579   0.00317407     -0.02665            0
Repeater1[0]<--->HoM1[0]
REAL
  0.454665 0.00734071 0.00668946   0.371927
0.00734071  0.0762155  0.0388107 0.00301299
0.00668946  0.0388107  0.0749014 -0.0144559
  0.371927 0.00301299 -0.0144559   0.394218
IMAGINARY
          0 -0.00295917 -0.00256611  0.00568349
 0.00295917           0  -0.0101996  -0.0150349
 0.00256611   0.0101996           0  0.00491484
-0.00568349   0.0150349 -0.00491484           0
EndNode1[0]<--->Repeater1[0]
REAL
  0.465241 -0.0140477 -0.0108465    0.36843
-0.0140477  0.0668449  0.0230432 -0.0253292
-0.0108465  0.0230432  0.0534759 0.00371182
   0.36843 -0.0253292 0.00371182   0.414439
IMAGINARY
          0 -0.00812312   0.0109137  0.00594038
 0.00812312           0  -0.0120083  0.00529575
 -0.0109137   0.0120083           0  -0.0105801
-0.00594038 -0.00529575   0.0105801           0
EndNode2[0]<--->HoM1[0]
REAL
    0.479275  -0.00705565 -0.000874088     0.375753
 -0.00705565    0.0492228    0.0206615    0.0214584
-0.000874088    0.0206615    0.0621762    0.0196719
    0.375753    0.0214584    0.0196719     0.409326
IMAGINARY
          0   0.0107783  0.00461742  -0.0151151
 -0.0107783           0 -0.00488491  -0.0372545
-0.00461742  0.00488491           0   0.0231642
  0.0151151   0.0372545  -0.0231642           0
Repeater1[0]<--->EndNode1[0]
REAL
  0.465241 -0.0108465 -0.0140477    0.36843
-0.0108465  0.0534759  0.0230432 0.00371182
-0.0140477  0.0230432  0.0668449 -0.0253292
   0.36843 0.00371182 -0.0253292   0.414439
IMAGINARY
          0   0.0109137 -0.00812312  0.00594038
 -0.0109137           0   0.0120083  -0.0105801
 0.00812312  -0.0120083           0  0.00529575
-0.00594038   0.0105801 -0.00529575           0
Repeater1[0]<--->HoM1[0]
REAL
    0.479275 -0.000874088  -0.00705565     0.375753
-0.000874088    0.0621762    0.0206615    0.0196719
 -0.00705565    0.0206615    0.0492228    0.0214584
    0.375753    0.0196719    0.0214584     0.409326
IMAGINARY
          0  0.00461742   0.0107783  -0.0151151
-0.00461742           0  0.00488491   0.0231642
 -0.0107783 -0.00488491           0  -0.0372545
  0.0151151  -0.0231642   0.0372545           0
EndNode1[0]<--->Repeater1[0]
REAL
   0.440613 -0.00824633  0.00358611    0.362817
-0.00824633   0.0727969   0.0290405  -0.0074029
 0.00358611   0.0290405   0.0727969 -0.00702084
   0.362817  -0.0074029 -0.00702084    0.413793
IMAGINARY
          0  -0.0119064  -0.0116898  -0.0129467
  0.0119064           0  -0.0165439   0.0223281
  0.0116898   0.0165439           0 -0.00804041
  0.0129467  -0.0223281  0.00804041           0
EndNode2[0]<--->HoM1[0]
REAL
   0.464953  -0.0102447  -0.0252431    0.356389
 -0.0102447   0.0560748    0.029362 -0.00620752
 -0.0252431    0.029362   0.0595794  -0.0199221
   0.356389 -0.00620752  -0.0199221    0.419393
IMAGINARY
          0  0.00405405   0.0248796 -0.00944763
-0.00405405           0  0.00693507 -0.00460929
 -0.0248796 -0.00693507           0 -0.00810811
 0.00944763  0.00460929  0.00810811           0
Repeater1[0]<--->EndNode1[0]
REAL
   0.440613  0.00358611 -0.00824633    0.362817
 0.00358611   0.0727969   0.0290405 -0.00702084
-0.00824633   0.0290405   0.0727969  -0.0074029
   0.362817 -0.00702084  -0.0074029    0.413793
IMAGINARY
          0  -0.0116898  -0.0119064  -0.0129467
  0.0116898           0   0.0165439 -0.00804041
  0.0119064  -0.0165439           0   0.0223281
  0.0129467  0.00804041  -0.0223281           0
Repeater1[0]<--->HoM1[0]
REAL
   0.464953  -0.0252431  -0.0102447    0.356389
 -0.0252431   0.0595794    0.029362  -0.0199221
 -0.0102447    0.029362   0.0560748 -0.00620752
   0.356389  -0.0199221 -0.00620752    0.419393
IMAGINARY
          0   0.0248796  0.00405405 -0.00944763
 -0.0248796           0 -0.00693507 -0.00810811
-0.00405405  0.00693507           0 -0.00460929
 0.00944763  0.00810811  0.00460929           0
EndNode1[0]<--->Repeater1[0]
REAL
   0.445693 -0.00742783  -0.0155214     0.37599
-0.00742783   0.0724095   0.0320098   0.0235214
 -0.0155214   0.0320098   0.0599251   0.0114278
    0.37599   0.0235214   0.0114278    0.421973
IMAGINARY
          0  -0.0130372  -0.0137475   0.0148964
  0.0130372           0 -0.00170383    0.010062
  0.0137475  0.00170383           0   0.0277792
 -0.0148964   -0.010062  -0.0277792           0
EndNode2[0]<--->HoM1[0]
REAL
    0.497305   0.00775882 -0.000307649     0.376572
  0.00775882    0.0498652    0.0315021  -0.00900912
-0.000307649    0.0315021    0.0606469   -0.0145911
    0.376572  -0.00900912   -0.0145911     0.392183
IMAGINARY
           0  -0.00188456   0.00248656   -0.0135181
  0.00188456            0   0.00911561 -0.000565944
 -0.00248656  -0.00911561            0   0.00124435
   0.0135181  0.000565944  -0.00124435            0
Repeater1[0]<--->EndNode1[0]
REAL
   0.445693  -0.0155214 -0.00742783     0.37599
 -0.0155214   0.0599251   0.0320098   0.0114278
-0.00742783   0.0320098   0.0724095   0.0235214
    0.37599   0.0114278   0.0235214    0.421973
IMAGINARY
          0  -0.0137475  -0.0130372   0.0148964
  0.0137475           0  0.00170383   0.0277792
  0.0130372 -0.00170383           0    0.010062
 -0.0148964  -0.0277792   -0.010062           0
Repeater1[0]<--->HoM1[0]
REAL
    0.497305 -0.000307649   0.00775882     0.376572
-0.000307649    0.0606469    0.0315021   -0.0145911
  0.00775882    0.0315021    0.0498652  -0.00900912
    0.376572   -0.0145911  -0.00900912     0.392183
IMAGINARY
           0   0.00248656  -0.00188456   -0.0135181
 -0.00248656            0  -0.00911561   0.00124435
  0.00188456   0.00911561            0 -0.000565944
   0.0135181  -0.00124435  0.000565944            0
EndNode1[0]<--->Repeater1[0]
REAL
   0.457364  -0.0239002  -0.0258517    0.358058
 -0.0239002   0.0503876   0.0448288   -0.016143
 -0.0258517   0.0448288   0.0594315 -0.00759586
   0.358058   -0.016143 -0.00759586    0.432817
IMAGINARY
          0  0.00275372  0.00463977 -0.00419327
-0.00275372           0  0.00737798 -0.00917933
-0.00463977 -0.00737798           0 -0.00340223
 0.00419327  0.00917933  0.00340223           0
EndNode2[0]<--->HoM1[0]
REAL
    0.440722 -0.000191485    -0.011671     0.362202
-0.000191485    0.0708763    0.0344817   0.00401794
   -0.011671    0.0344817    0.0747423   -0.0138391
    0.362202   0.00401794   -0.0138391      0.41366
