EndNode1[0]<--->Repeater1[0]
REAL
   0.383471  0.00898941  0.00221821    0.277274
 0.00898941    0.120455      0.0133  0.00517679
 0.00221821      0.0133    0.120455 -0.00396081
   0.277274  0.00517679 -0.00396081     0.37562
IMAGINARY
           0  -0.00778628 -0.000218374  -0.00461696
  0.00778628            0  -0.00789793   0.00564994
 0.000218374   0.00789793            0  -0.00258306
  0.00461696  -0.00564994   0.00258306            0
EndNode2[0]<--->HoM6[0]
REAL
    0.440064   0.00652314  -0.00525569     0.381836
  0.00652314    0.0661091    0.0106011 -0.000830915
 -0.00525569    0.0106011    0.0710872 -0.000835652
    0.381836 -0.000830915 -0.000835652      0.42274
IMAGINARY
          0 -0.00446079  0.00249649  -0.0116895
 0.00446079           0 -0.00736967 -0.00377627
-0.00249649  0.00736967           0  0.00298412
  0.0116895  0.00377627 -0.00298412           0
Repeater1[0]<--->EndNode1[0]
REAL
   0.383471  0.00221821  0.00898941    0.277274
 0.00221821    0.120455      0.0133 -0.00396081
 0.00898941      0.0133    0.120455  0.00517679
   0.277274 -0.00396081  0.00517679     0.37562
IMAGINARY
           0 -0.000218374  -0.00778628  -0.00461696
 0.000218374            0   0.00789793  -0.00258306
  0.00778628  -0.00789793            0   0.00564994
  0.00461696   0.00258306  -0.00564994            0
Repeater1[0]<--->HoM1[0]
REAL
    0.378335 -0.000817926   0.00189423     0.289038
-0.000817926     0.117421    0.0102695  -0.00209798
  0.00189423    0.0102695     0.114996   0.00326291
    0.289038  -0.00209798   0.00326291     0.389248
IMAGINARY
          0 -0.00330504  0.00331669  0.00416938
 0.00330504           0  0.00902768   0.0116752
-0.00331669 -0.00902768           0 -0.00601425
-0.00416938  -0.0116752  0.00601425           0
Repeater2[0]<--->HoM1[0]
REAL
    0.378335   0.00189423 -0.000817926     0.289038
  0.00189423     0.114996    0.0102695   0.00326291
-0.000817926    0.0102695     0.117421  -0.00209798
    0.289038   0.00326291  -0.00209798     0.389248
IMAGINARY
          0  0.00331669 -0.00330504  0.00416938
-0.00331669           0 -0.00902768 -0.00601425
 0.00330504  0.00902768           0   0.0116752
-0.00416938  0.00601425  -0.0116752           0
Repeater2[0]<--->Repeater3[0]
REAL
   0.322207 -0.00801671 -0.00144542    0.150559
-0.00801671    0.179692   0.0107085 0.000331833
-0.00144542   0.0107085    0.178293  0.00548583
   0.150559 0.000331833  0.00548583    0.319808
IMAGINARY
           0   0.00203979 -0.000838087   0.00850962
 -0.00203979            0   0.00138937   0.00437861
 0.000838087  -0.00138937            0 -0.000662917
 -0.00850962  -0.00437861  0.000662917            0
Repeater3[0]<--->Repeater2[0]
REAL
   0.322207 -0.00144542 -0.00801671    0.150559
-0.00144542    0.178293   0.0107085  0.00548583
-0.00801671   0.0107085    0.179692 0.000331833
   0.150559  0.00548583 0.000331833    0.319808
IMAGINARY
           0 -0.000838087   0.00203979   0.00850962
 0.000838087            0  -0.00138937 -0.000662917
 -0.00203979   0.00138937            0   0.00437861
 -0.00850962  0.000662917  -0.00437861            0
Repeater3[0]<--->HoM2[0]
REAL
   0.330228 -0.00545734 -0.00402147    0.153614
-0.00545734    0.173637   0.0137878  0.00442244
-0.00402147   0.0137878    0.189296  0.00605878
   0.153614  0.00442244  0.00605878    0.306838
IMAGINARY
          0    0.011288  -0.0104634 -0.00682543
  -0.011288           0 -0.00662487  -0.0109607
  0.0104634  0.00662487           0  0.00392626
 0.00682543   0.0109607 -0.00392626           0
Repeater4[0]<--->HoM2[0]
REAL
   0.330228 -0.00402147 -0.00545734    0.153614
-0.00402147    0.189296   0.0137878  0.00605878
-0.00545734   0.0137878    0.173637  0.00442244
   0.153614  0.00605878  0.00442244    0.306838
IMAGINARY
          0  -0.0104634    0.011288 -0.00682543
  0.0104634           0  0.00662487  0.00392626
  -0.011288 -0.00662487           0  -0.0109607
 0.00682543 -0.00392626   0.0109607           0
Repeater4[0]<--->Repeater5[0]
REAL
   0.283492 -0.00494284 -0.00863625   0.0823445
-0.00494284    0.216205   0.0115359 -0.00556998
-0.00863625   0.0115359    0.213174  0.00583693
  0.0823445 -0.00556998  0.00583693    0.287129
IMAGINARY
          0 -0.00335534 -0.00806556  0.00544329
 0.00335534           0  -0.0022948  0.00175392
 0.00806556   0.0022948           0  0.00374982
-0.00544329 -0.00175392 -0.00374982           0
Repeater5[0]<--->Repeater4[0]
REAL
   0.283492 -0.00863625 -0.00494284   0.0823445
-0.00863625    0.213174   0.0115359  0.00583693
-0.00494284   0.0115359    0.216205 -0.00556998
  0.0823445  0.00583693 -0.00556998    0.287129
IMAGINARY
          0 -0.00806556 -0.00335534  0.00544329
 0.00806556           0   0.0022948  0.00374982
 0.00335534  -0.0022948           0  0.00175392
-0.00544329 -0.00374982 -0.00175392           0
Repeater5[0]<--->HoM3[0]
REAL
   0.289573 -0.00074756  0.00548463   0.0705279
-0.00074756    0.212512  0.00800247 -0.00162248
 0.00548463  0.00800247    0.214499 0.000648531
  0.0705279 -0.00162248 0.000648531    0.283416
IMAGINARY
           0  -0.00209583   0.00056244 -0.000637719
  0.00209583            0  -0.00334476  0.000863222
 -0.00056244   0.00334476            0   0.00800215
 0.000637719 -0.000863222  -0.00800215            0
Repeater6[0]<--->HoM3[0]
REAL
   0.289573  0.00548463 -0.00074756   0.0705279
 0.00548463    0.214499  0.00800247 0.000648531
-0.00074756  0.00800247    0.212512 -0.00162248
  0.0705279 0.000648531 -0.00162248    0.283416
IMAGINARY
           0   0.00056244  -0.00209583 -0.000637719
 -0.00056244            0   0.00334476   0.00800215
  0.00209583  -0.00334476            0  0.000863222
 0.000637719  -0.00800215 -0.000863222            0
Repeater6[0]<--->Repeater7[0]
REAL
     0.28357  -0.00993267  -0.00937234    0.0451227
 -0.00993267     0.219473   0.00975293  -0.00444526
 -0.00937234   0.00975293     0.230629 -0.000529233
   0.0451227  -0.00444526 -0.000529233     0.266329
IMAGINARY
          0 -0.00485484  0.00174662 -0.00188911
 0.00485484           0   0.0076525  0.00448329
-0.00174662  -0.0076525           0  0.00465388
 0.00188911 -0.00448329 -0.00465388           0
Repeater7[0]<--->Repeater6[0]
REAL
     0.28357  -0.00937234  -0.00993267    0.0451227
 -0.00937234     0.230629   0.00975293 -0.000529233
 -0.00993267   0.00975293     0.219473  -0.00444526
   0.0451227 -0.000529233  -0.00444526     0.266329
IMAGINARY
          0  0.00174662 -0.00485484 -0.00188911
-0.00174662           0  -0.0076525  0.00465388
 0.00485484   0.0076525           0  0.00448329
 0.00188911 -0.00465388 -0.00448329           0
Repeater7[0]<--->HoM4[0]
REAL
   0.259712  0.00726497 -0.00708305   0.0421927
 0.00726497    0.225991 -0.00238216 -0.00229006
-0.00708305 -0.00238216    0.238415    0.001705
  0.0421927 -0.00229006    0.001705    0.275882
IMAGINARY
          0  0.00372208 -0.00387658  0.00186327
-0.00372208           0  0.00732938  0.00109709
 0.00387658 -0.00732938           0 -0.00506035
-0.00186327 -0.00109709  0.00506035           0
Repeater8[0]<--->HoM4[0]
REAL
   0.259712 -0.00708305  0.00726497   0.0421927
-0.00708305    0.238415 -0.00238216    0.001705
 0.00726497 -0.00238216    0.225991 -0.00229006
  0.0421927    0.001705 -0.00229006    0.275882
IMAGINARY
          0 -0.00387658  0.00372208  0.00186327
 0.00387658           0 -0.00732938 -0.00506035
-0.00372208  0.00732938           0  0.00109709
-0.00186327  0.00506035 -0.00109709           0
Repeater8[0]<--->Repeater9[0]
REAL
   0.257947   0.0052751   0.0123144      0.0387
  0.0052751    0.242762     -0.0025 -0.00451444
  0.0123144     -0.0025    0.237295   0.0011249
     0.0387 -0.00451444   0.0011249    0.261996
IMAGINARY
           0   0.00306656  -0.00654079   0.00249539
 -0.00306656            0  -0.00347119  0.000540794
  0.00654079   0.00347119            0  -0.00386656
 -0.00249539 -0.000540794   0.00386656            0
Repeater9[0]<--->Repeater8[0]
REAL
   0.257947   0.0123144   0.0052751      0.0387
  0.0123144    0.237295     -0.0025   0.0011249
  0.0052751     -0.0025    0.242762 -0.00451444
     0.0387   0.0011249 -0.00451444    0.261996
IMAGINARY
           0  -0.00654079   0.00306656   0.00249539
  0.00654079            0   0.00347119  -0.00386656
 -0.00306656  -0.00347119            0  0.000540794
 -0.00249539   0.00386656 -0.000540794            0
Repeater9[0]<--->HoM5[0]
REAL
     0.26207  -0.00175348  -0.00293067    0.0289942
 -0.00175348     0.228095 -0.000710761  -0.00108186
 -0.00293067 -0.000710761     0.245778   0.00283002
   0.0289942  -0.00108186   0.00283002     0.264057
IMAGINARY
          0  0.00409529  0.00104079  0.00448222
-0.00409529           0  0.00625178  0.00254772
-0.00104079 -0.00625178           0 -0.00190231
-0.00448222 -0.00254772  0.00190231           0
Repeater10[0]<--->HoM5[0]
REAL
     0.26207  -0.00293067  -0.00175348    0.0289942
 -0.00293067     0.245778 -0.000710761   0.00283002
 -0.00175348 -0.000710761     0.228095  -0.00108186
   0.0289942   0.00283002  -0.00108186     0.264057
IMAGINARY
          0  0.00104079  0.00409529  0.00448222
-0.00104079           0 -0.00625178 -0.00190231
-0.00409529  0.00625178           0  0.00254772
-0.00448222  0.00190231 -0.00254772           0
Repeater10[0]<--->Repeater11[0]
REAL
    0.427664    0.0113093   0.00870782     0.374538
   0.0113093    0.0700536   0.00715978    0.0073266
  0.00870782   0.00715978    0.0646954 -0.000945597
    0.374538    0.0073266 -0.000945597     0.437587
IMAGINARY
           0  -0.00153372  -0.00150431   0.00509558
  0.00153372            0  -0.00710442 -0.000608789
  0.00150431   0.00710442            0   0.00264058
 -0.00509558  0.000608789  -0.00264058            0
Repeater11[0]<--->Repeater10[0]
REAL
    0.427664   0.00870782    0.0113093     0.374538
  0.00870782    0.0646954   0.00715978 -0.000945597
   0.0113093   0.00715978    0.0700536    0.0073266
    0.374538 -0.000945597    0.0073266     0.437587
IMAGINARY
           0  -0.00150431  -0.00153372   0.00509558
  0.00150431            0   0.00710442   0.00264058
  0.00153372  -0.00710442            0 -0.000608789
 -0.00509558  -0.00264058  0.000608789            0
Repeater11[0]<--->HoM6[0]
REAL
    0.440064  -0.00525569   0.00652314     0.381836
 -0.00525569    0.0710872    0.0106011 -0.000835652
  0.00652314    0.0106011    0.0661091 -0.000830915
    0.381836 -0.000835652 -0.000830915      0.42274
IMAGINARY
          0  0.00249649 -0.00446079  -0.0116895
-0.00249649           0  0.00736967  0.00298412
 0.00446079 -0.00736967           0 -0.00377627
  0.0116895 -0.00298412  0.00377627           0
EndNode1[0]<--->Repeater1[0]
REAL
   0.387084 -0.00300594 -0.00590624    0.284698
-0.00300594    0.113421   0.0123794  0.00724396
-0.00590624   0.0123794    0.121897 -0.00594652
   0.284698  0.00724396 -0.00594652    0.377598
IMAGINARY
           0   0.00459228  -0.00239738   0.00356135
 -0.00459228            0 -0.000334245  -0.00708934
  0.00239738  0.000334245            0   -0.0042927
 -0.00356135   0.00708934    0.0042927            0
EndNode2[0]<--->HoM6[0]
REAL
     0.45109  -0.00588211  -0.00324767     0.378785
 -0.00588211    0.0680136   0.00807959 -0.000757135
 -0.00324767   0.00807959    0.0620124   0.00127659
    0.378785 -0.000757135   0.00127659     0.418884
IMAGINARY
           0 -0.000349065   0.00934137  -0.00357349
 0.000349065            0  -0.00662647  0.000887027
 -0.00934137   0.00662647            0   0.00501639
  0.00357349 -0.000887027  -0.00501639            0
Repeater1[0]<--->EndNode1[0]
REAL
   0.387084 -0.00590624 -0.00300594    0.284698
-0.00590624    0.121897   0.0123794 -0.00594652
-0.00300594   0.0123794    0.113421  0.00724396
   0.284698 -0.00594652  0.00724396    0.377598
IMAGINARY
           0  -0.00239738   0.00459228   0.00356135
  0.00239738            0  0.000334245   -0.0042927
 -0.00459228 -0.000334245            0  -0.00708934
 -0.00356135    0.0042927   0.00708934            0
Repeater1[0]<--->HoM1[0]
REAL
  0.374026 0.00636293 0.00484036     0.2804
0.00636293   0.109491  0.0145697  0.0142743
0.00484036  0.0145697   0.115085  0.0125506
    0.2804  0.0142743  0.0125506   0.401399
IMAGINARY
          0 -0.00102919  0.00178884 -0.00403895
 0.00102919           0  -0.0101231  -0.0089573
-0.00178884   0.0101231           0  0.00740116
 0.00403895   0.0089573 -0.00740116           0
Repeater2[0]<--->HoM1[0]
REAL
  0.374026 0.00484036 0.00636293     0.2804
0.00484036   0.115085  0.0145697  0.0125506
0.00636293  0.0145697   0.109491  0.0142743
    0.2804  0.0125506  0.0142743   0.401399
IMAGINARY
          0  0.00178884 -0.00102919 -0.00403895
-0.00178884           0   0.0101231  0.00740116
 0.00102919  -0.0101231           0  -0.0089573
 0.00403895 -0.00740116   0.0089573           0
Repeater2[0]<--->Repeater3[0]
REAL
   0.326113 -0.00463567  2.9061e-05    0.150506
-0.00463567     0.18583   0.0155146  0.00346202
 2.9061e-05   0.0155146    0.181377 -0.00157069
   0.150506  0.00346202 -0.00157069     0.30668
IMAGINARY
           0   0.00272843   -0.0148516   0.00453424
 -0.00272843            0  -0.00355767 -0.000751378
   0.0148516   0.00355767            0   0.00421741
 -0.00453424  0.000751378  -0.00421741            0
Repeater3[0]<--->Repeater2[0]
REAL
   0.326113  2.9061e-05 -0.00463567    0.150506
 2.9061e-05    0.181377   0.0155146 -0.00157069
-0.00463567   0.0155146     0.18583  0.00346202
   0.150506 -0.00157069  0.00346202     0.30668
IMAGINARY
           0   -0.0148516   0.00272843   0.00453424
   0.0148516            0   0.00355767   0.00421741
 -0.00272843  -0.00355767            0 -0.000751378
 -0.00453424  -0.00421741  0.000751378            0
Repeater3[0]<--->HoM2[0]
REAL
   0.323823  0.00679436  0.00706833     0.15881
 0.00679436    0.185555   0.0154385 -0.00503746
 0.00706833   0.0154385    0.176177  0.00417233
    0.15881 -0.00503746  0.00417233    0.314445
IMAGINARY
          0 -0.00582269 -0.00726892  -0.0070807
 0.00582269           0 -0.00609295   0.0116489
 0.00726892  0.00609295           0 -0.00128262
  0.0070807  -0.0116489  0.00128262           0
Repeater4[0]<--->HoM2[0]
REAL
   0.323823  0.00706833  0.00679436     0.15881
 0.00706833    0.176177   0.0154385  0.00417233
 0.00679436   0.0154385    0.185555 -0.00503746
    0.15881  0.00417233 -0.00503746    0.314445
IMAGINARY
          0 -0.00726892 -0.00582269  -0.0070807
 0.00726892           0  0.00609295 -0.00128262
 0.00582269 -0.00609295           0   0.0116489
  0.0070807  0.00128262  -0.0116489           0
Repeater4[0]<--->Repeater5[0]
REAL
   0.298876  0.00363352 -0.00724368   0.0888271
 0.00363352    0.208551   0.0133906 -0.00384503
-0.00724368   0.0133906    0.218587  0.00160841
  0.0888271 -0.00384503  0.00160841    0.273986
IMAGINARY
          0  0.00323266   0.0114648  0.00123179
-0.00323266           0  0.00751545 -0.00410752
 -0.0114648 -0.00751545           0 -0.00117263
-0.00123179  0.00410752  0.00117263           0
Repeater5[0]<--->Repeater4[0]
REAL
   0.298876 -0.00724368  0.00363352   0.0888271
-0.00724368    0.218587   0.0133906  0.00160841
 0.00363352   0.0133906    0.208551 -0.00384503
  0.0888271  0.00160841 -0.00384503    0.273986
IMAGINARY
          0   0.0114648  0.00323266  0.00123179
 -0.0114648           0 -0.00751545 -0.00117263
-0.00323266  0.00751545           0 -0.00410752
-0.00123179  0.00117263  0.00410752           0
Repeater5[0]<--->HoM3[0]
REAL
   0.284842  0.00686207   -0.002328   0.0866678
 0.00686207    0.210987   0.0037266 -0.00919094
  -0.002328   0.0037266    0.216277  0.00114262
  0.0866678 -0.00919094  0.00114262    0.287894
IMAGINARY
           0 -0.000564989   0.00342959  -0.00935985
 0.000564989            0  -0.00676918   0.00598217
 -0.00342959   0.00676918            0   0.00115322
  0.00935985  -0.00598217  -0.00115322            0
Repeater6[0]<--->HoM3[0]
REAL
   0.284842   -0.002328  0.00686207   0.0866678
  -0.002328    0.216277   0.0037266  0.00114262
 0.00686207   0.0037266    0.210987 -0.00919094
  0.0866678  0.00114262 -0.00919094    0.287894
IMAGINARY
           0   0.00342959 -0.000564989  -0.00935985
 -0.00342959            0   0.00676918   0.00115322
 0.000564989  -0.00676918            0   0.00598217
  0.00935985  -0.00115322  -0.00598217            0
Repeater6[0]<--->Repeater7[0]
REAL
    0.263993 -7.11866e-06  9.64266e-05    0.0347672
-7.11866e-06     0.230409   0.00447021  -0.00100423
 9.64266e-05   0.00447021      0.23448 -0.000497219
   0.0347672  -0.00100423 -0.000497219     0.271117
IMAGINARY
           0   0.00800091   -0.0090168  -0.00591343
 -0.00800091            0  -0.00324703  -0.00860696
   0.0090168   0.00324703            0 -0.000674173
  0.00591343   0.00860696  0.000674173            0
Repeater7[0]<--->Repeater6[0]
REAL
    0.263993  9.64266e-05 -7.11866e-06    0.0347672
 9.64266e-05      0.23448   0.00447021 -0.000497219
-7.11866e-06   0.00447021     0.230409  -0.00100423
   0.0347672 -0.000497219  -0.00100423     0.271117
IMAGINARY
           0   -0.0090168   0.00800091  -0.00591343
   0.0090168            0   0.00324703 -0.000674173
 -0.00800091  -0.00324703            0  -0.00860696
  0.00591343  0.000674173   0.00860696            0
Repeater7[0]<--->HoM4[0]
REAL
    0.267637    0.0054259 -0.000479608    0.0557491
   0.0054259     0.233161    0.0166757  -0.00778897
-0.000479608    0.0166757     0.227581  -0.00413083
   0.0557491  -0.00778897  -0.00413083     0.271622
IMAGINARY
           0  0.000380353   0.00208939  -0.00292176
-0.000380353            0  0.000161589   0.00178812
 -0.00208939 -0.000161589            0  -0.00584864
  0.00292176  -0.00178812   0.00584864            0
Repeater8[0]<--->HoM4[0]
REAL
    0.267637 -0.000479608    0.0054259    0.0557491
-0.000479608     0.227581    0.0166757  -0.00413083
   0.0054259    0.0166757     0.233161  -0.00778897
   0.0557491  -0.00413083  -0.00778897     0.271622
IMAGINARY
           0   0.00208939  0.000380353  -0.00292176
 -0.00208939            0 -0.000161589  -0.00584864
-0.000380353  0.000161589            0   0.00178812
  0.00292176   0.00584864  -0.00178812            0
Repeater8[0]<--->Repeater9[0]
REAL
   0.252359 -0.00185724 -0.00763756    0.022924
-0.00185724     0.25537  0.00557133 -0.00685662
-0.00763756  0.00557133    0.235495 -0.00376296
   0.022924 -0.00685662 -0.00376296    0.256776
IMAGINARY
           0   0.00257457  -0.00152428 -0.000154915
 -0.00257457            0  -0.00750638   0.00414736
  0.00152428   0.00750638            0   0.00166272
 0.000154915  -0.00414736  -0.00166272            0
Repeater9[0]<--->Repeater8[0]
REAL
   0.252359 -0.00763756 -0.00185724    0.022924
-0.00763756    0.235495  0.00557133 -0.00376296
-0.00185724  0.00557133     0.25537 -0.00685662
   0.022924 -0.00376296 -0.00685662    0.256776
IMAGINARY
           0  -0.00152428   0.00257457 -0.000154915
  0.00152428            0   0.00750638   0.00166272
 -0.00257457  -0.00750638            0   0.00414736
 0.000154915  -0.00166272  -0.00414736            0
Repeater9[0]<--->HoM5[0]
REAL
   0.263692 -0.00413994  0.00438233   0.0254379
-0.00413994    0.241386  0.00978189 -0.00207449
 0.00438233  0.00978189     0.23342 -0.00639588
  0.0254379 -0.00207449 -0.00639588    0.261502
IMAGINARY
          0  0.00172367  0.00232589   -0.002716
-0.00172367           0 -0.00985187  0.00619571
-0.00232589  0.00985187           0   0.0036271
   0.002716 -0.00619571  -0.0036271           0
Repeater10[0]<--->HoM5[0]
REAL
   0.263692  0.00438233 -0.00413994   0.0254379
 0.00438233     0.23342  0.00978189 -0.00639588
-0.00413994  0.00978189    0.241386 -0.00207449
  0.0254379 -0.00639588 -0.00207449    0.261502
IMAGINARY
          0  0.00232589  0.00172367   -0.002716
-0.00232589           0  0.00985187   0.0036271
-0.00172367 -0.00985187           0  0.00619571
   0.002716  -0.0036271 -0.00619571           0
Repeater10[0]<--->Repeater11[0]
REAL
   0.443824  -0.0088312 -0.00477894    0.367998
 -0.0088312   0.0638595     0.01216   0.0115904
-0.00477894     0.01216   0.0660547  0.00162488
   0.367998   0.0115904  0.00162488    0.426262
IMAGINARY
          0 -0.00163127    0.001753  0.00339179
 0.00163127           0  0.00811264  -0.0071144
  -0.001753 -0.00811264           0  0.00858123
-0.00339179   0.0071144 -0.00858123           0
Repeater11[0]<--->Repeater10[0]
REAL
   0.443824 -0.00477894  -0.0088312    0.367998
-0.00477894   0.0660547     0.01216  0.00162488
 -0.0088312     0.01216   0.0638595   0.0115904
   0.367998  0.00162488   0.0115904    0.426262
IMAGINARY
          0    0.001753 -0.00163127  0.00339179
  -0.001753           0 -0.00811264  0.00858123
 0.00163127  0.00811264           0  -0.0071144
-0.00339179 -0.00858123   0.0071144           0
Repeater11[0]<--->HoM6[0]
REAL
     0.45109  -0.00324767  -0.00588211     0.378785
 -0.00324767    0.0620124   0.00807959   0.00127659
 -0.00588211   0.00807959    0.0680136 -0.000757135
    0.378785   0.00127659 -0.000757135     0.418884
IMAGINARY
           0   0.00934137 -0.000349065  -0.00357349
 -0.00934137            0   0.00662647   0.00501639
 0.000349065  -0.00662647            0  0.000887027
  0.00357349  -0.00501639 -0.000887027            0
EndNode1[0]<--->Repeater1[0]
REAL
    0.38365 0.000229399  0.00124671    0.279771
0.000229399    0.113112  0.00614478  -0.0010455
 0.00124671  0.00614478    0.117361  0.00962976
   0.279771  -0.0010455  0.00962976    0.385876
IMAGINARY
           0 -0.000814907   0.00247133  -0.00728015
 0.000814907            0  -0.00275025   -0.0044484
 -0.00247133   0.00275025            0   0.00338509
  0.00728015    0.0044484  -0.00338509            0
EndNode2[0]<--->HoM6[0]
REAL
   0.426623  0.00648052 -0.00352615     0.38144
 0.00648052   0.0694077  0.00454735  0.00635211
-0.00352615  0.00454735   0.0608589 -0.00190051
    0.38144  0.00635211 -0.00190051     0.44311
IMAGINARY
           0   0.00772503 -0.000102584   0.00718819
 -0.00772503            0  -0.00378547   0.00289143
 0.000102584   0.00378547            0  -0.00413937
 -0.00718819  -0.00289143   0.00413937            0
Repeater1[0]<--->EndNode1[0]
REAL
    0.38365  0.00124671 0.000229399    0.279771
 0.00124671    0.117361  0.00614478  0.00962976
0.000229399  0.00614478    0.113112  -0.0010455
   0.279771  0.00962976  -0.0010455    0.385876
IMAGINARY
           0   0.00247133 -0.000814907  -0.00728015
 -0.00247133            0   0.00275025   0.00338509
 0.000814907  -0.00275025            0   -0.0044484
  0.00728015  -0.00338509    0.0044484            0
Repeater1[0]<--->HoM1[0]
REAL
   0.372186 0.000325446  -0.0111142    0.279499
0.000325446    0.119745  0.00791664  0.00266377
 -0.0111142  0.00791664    0.116956  0.00425611
   0.279499  0.00266377  0.00425611    0.391114
IMAGINARY
          0 -0.00122342 -0.00511905  0.00337759
 0.00122342           0   0.0026752  -0.0150648
 0.00511905  -0.0026752           0  0.00681895
-0.00337759   0.0150648 -0.00681895           0
Repeater2[0]<--->HoM1[0]
REAL
   0.372186  -0.0111142 0.000325446    0.279499
 -0.0111142    0.116956  0.00791664  0.00425611
0.000325446  0.00791664    0.119745  0.00266377
   0.279499  0.00425611  0.00266377    0.391114
IMAGINARY
          0 -0.00511905 -0.00122342  0.00337759
 0.00511905           0  -0.0026752  0.00681895
 0.00122342   0.0026752           0  -0.0150648
-0.00337759 -0.00681895   0.0150648           0
Repeater2[0]<--->Repeater3[0]
REAL
    0.320402  -0.00130177  -0.00319198     0.155813
 -0.00130177     0.180503    0.0117958 -0.000945252
 -0.00319198    0.0117958     0.174472    0.0078608
    0.155813 -0.000945252    0.0078608     0.324623
IMAGINARY
           0  -0.00079643 -0.000219243   0.00466213
  0.00079643            0   0.00626791  -0.00168495
 0.000219243  -0.00626791            0  -0.00611878
 -0.00466213   0.00168495   0.00611878            0
Repeater3[0]<--->Repeater2[0]
REAL
    0.320402  -0.00319198  -0.00130177     0.155813
 -0.00319198     0.174472    0.0117958    0.0078608
 -0.00130177    0.0117958     0.180503 -0.000945252
    0.155813    0.0078608 -0.000945252     0.324623
IMAGINARY
           0 -0.000219243  -0.00079643   0.00466213
 0.000219243            0  -0.00626791  -0.00611878
  0.00079643   0.00626791            0  -0.00168495
 -0.00466213   0.00611878   0.00168495            0
Repeater3[0]<--->HoM2[0]
REAL
   0.314663  0.00135482 -0.00619384    0.143499
 0.00135482    0.191838   0.0127386 -0.00945021
-0.00619384   0.0127386    0.179436 -0.00237067
   0.143499 -0.00945021 -0.00237067    0.314063
IMAGINARY
          0  0.00698078  0.00101637 -0.00343345
-0.00698078           0  -0.0112754  -0.0150798
-0.00101637   0.0112754           0  0.00608525
 0.00343345   0.0150798 -0.00608525           0
Repeater4[0]<--->HoM2[0]
REAL
   0.314663 -0.00619384  0.00135482    0.143499
-0.00619384    0.179436   0.0127386 -0.00237067
 0.00135482   0.0127386    0.191838 -0.00945021
   0.143499 -0.00237067 -0.00945021    0.314063
IMAGINARY
          0  0.00101637  0.00698078 -0.00343345
-0.00101637           0   0.0112754  0.00608525
-0.00698078  -0.0112754           0  -0.0150798
 0.00343345 -0.00608525   0.0150798           0
Repeater4[0]<--->Repeater5[0]
REAL
   0.288814  0.00307439  0.00263262   0.0801001
 0.00307439    0.212271  0.00881312  0.00263262
 0.00263262  0.00881312    0.213652 -0.00357111
  0.0801001  0.00263262 -0.00357111    0.285263
IMAGINARY
           0  6.18674e-05  -0.00131951   -0.0100762
-6.18674e-05            0   0.00180197  -0.00314212
  0.00131951  -0.00180197            0   0.00202023
   0.0100762   0.00314212  -0.00202023            0
Repeater5[0]<--->Repeater4[0]
REAL
   0.288814  0.00263262  0.00307439   0.0801001
 0.00263262    0.213652  0.00881312 -0.00357111
 0.00307439  0.00881312    0.212271  0.00263262
  0.0801001 -0.00357111  0.00263262    0.285263
IMAGINARY
           0  -0.00131951  6.18674e-05   -0.0100762
  0.00131951            0  -0.00180197   0.00202023
-6.18674e-05   0.00180197            0  -0.00314212
   0.0100762  -0.00202023   0.00314212            0
Repeater5[0]<--->HoM3[0]
REAL
  0.289756 -0.0068862 0.00245827  0.0864949
-0.0068862   0.212972 0.00738099 0.00036204
0.00245827 0.00738099   0.205092  0.0052746
 0.0864949 0.00036204  0.0052746    0.29218
IMAGINARY
          0 -0.00646895 -0.00194322  0.00456895
 0.00646895           0  0.00388146  0.00233879
 0.00194322 -0.00388146           0  0.00646895
-0.00456895 -0.00233879 -0.00646895           0
Repeater6[0]<--->HoM3[0]
REAL
  0.289756 0.00245827 -0.0068862  0.0864949
0.00245827   0.205092 0.00738099  0.0052746
-0.0068862 0.00738099   0.212972 0.00036204
 0.0864949  0.0052746 0.00036204    0.29218
IMAGINARY
          0 -0.00194322 -0.00646895  0.00456895
 0.00194322           0 -0.00388146  0.00646895
 0.00646895  0.00388146           0  0.00233879
-0.00456895 -0.00646895 -0.00233879           0
Repeater6[0]<--->Repeater7[0]
REAL
   0.257398 0.000576954 -0.00131783   0.0448824
0.000576954    0.237934  0.00385625 -0.00463575
-0.00131783  0.00385625    0.233565  0.00759661
  0.0448824 -0.00463575  0.00759661    0.271102
IMAGINARY
           0   0.00484163  0.000548573  -0.00119757
 -0.00484163            0  0.000998918   0.00494154
-0.000548573 -0.000998918            0   0.00464131
  0.00119757  -0.00494154  -0.00464131            0
Repeater7[0]<--->Repeater6[0]
REAL
   0.257398 -0.00131783 0.000576954   0.0448824
-0.00131783    0.233565  0.00385625  0.00759661
0.000576954  0.00385625    0.237934 -0.00463575
  0.0448824  0.00759661 -0.00463575    0.271102
IMAGINARY
           0  0.000548573   0.00484163  -0.00119757
-0.000548573            0 -0.000998918   0.00464131
 -0.00484163  0.000998918            0   0.00494154
  0.00119757  -0.00464131  -0.00494154            0
Repeater7[0]<--->HoM4[0]
REAL
   0.269745 3.18874e-05  0.00835323   0.0448579
3.18874e-05    0.236542   0.0106527 -0.00784766
 0.00835323   0.0106527    0.232024 -0.00680641
  0.0448579 -0.00784766 -0.00680641     0.26169
IMAGINARY
           0   0.00635233   -0.0102222   -0.0117119
 -0.00635233            0  -0.00105238   0.00660044
   0.0102222   0.00105238            0  0.000287508
   0.0117119  -0.00660044 -0.000287508            0
Repeater8[0]<--->HoM4[0]
REAL
   0.269745  0.00835323 3.18874e-05   0.0448579
 0.00835323    0.232024   0.0106527 -0.00680641
3.18874e-05   0.0106527    0.236542 -0.00784766
  0.0448579 -0.00680641 -0.00784766     0.26169
IMAGINARY
           0   -0.0102222   0.00635233   -0.0117119
   0.0102222            0   0.00105238  0.000287508
 -0.00635233  -0.00105238            0   0.00660044
   0.0117119 -0.000287508  -0.00660044            0
Repeater8[0]<--->Repeater9[0]
REAL
   0.262829  0.00534532 -0.00630159    0.031585
 0.00534532    0.243512 -0.00409295  0.00907058
-0.00630159 -0.00409295    0.228098   0.0047417
   0.031585  0.00907058   0.0047417    0.265561
IMAGINARY
          0  0.00418061  0.00431864  0.00474674
-0.00418061           0 -0.00643091  0.00167851
-0.00431864  0.00643091           0  0.00567911
-0.00474674 -0.00167851 -0.00567911           0
Repeater9[0]<--->Repeater8[0]
REAL
   0.262829 -0.00630159  0.00534532    0.031585
-0.00630159    0.228098 -0.00409295   0.0047417
 0.00534532 -0.00409295    0.243512  0.00907058
   0.031585   0.0047417  0.00907058    0.265561
IMAGINARY
          0  0.00431864  0.00418061  0.00474674
-0.00431864           0  0.00643091  0.00567911
-0.00418061 -0.00643091           0  0.00167851
-0.00474674 -0.00567911 -0.00167851           0
Repeater9[0]<--->HoM5[0]
REAL
    0.267043   0.00160096   0.00688181    0.0254763
  0.00160096     0.233562 -0.000213787  -0.00480136
  0.00688181 -0.000213787     0.238201  -0.00506836
   0.0254763  -0.00480136  -0.00506836     0.261194
IMAGINARY
          0  0.00665448 -0.00515069  0.00336169
-0.00665448           0 -0.00276479   0.0108932
 0.00515069  0.00276479           0  0.00291635
-0.00336169  -0.0108932 -0.00291635           0
Repeater10[0]<--->HoM5[0]
REAL
    0.267043   0.00688181   0.00160096    0.0254763
  0.00688181     0.238201 -0.000213787  -0.00506836
  0.00160096 -0.000213787     0.233562  -0.00480136
   0.0254763  -0.00506836  -0.00480136     0.261194
IMAGINARY
          0 -0.00515069  0.00665448  0.00336169
 0.00515069           0  0.00276479  0.00291635
-0.00665448 -0.00276479           0   0.0108932
-0.00336169 -0.00291635  -0.0108932           0
Repeater10[0]<--->Repeater11[0]
REAL
   0.425523  0.00751212   0.0011434     0.38143
 0.00751212   0.0697906  0.00821561  0.00596655
  0.0011434  0.00821561   0.0713858 -0.00260525
    0.38143  0.00596655 -0.00260525      0.4333
IMAGINARY
          0  0.00618763 -0.00865044 -0.00203633
-0.00618763           0  0.00715373  0.00150758
 0.00865044 -0.00715373           0 -0.00519557
 0.00203633 -0.00150758  0.00519557           0
Repeater11[0]<--->Repeater10[0]
REAL
   0.425523   0.0011434  0.00751212     0.38143
  0.0011434   0.0713858  0.00821561 -0.00260525
 0.00751212  0.00821561   0.0697906  0.00596655
    0.38143 -0.00260525  0.00596655      0.4333
IMAGINARY
          0 -0.00865044  0.00618763 -0.00203633
 0.00865044           0 -0.00715373 -0.00519557
-0.00618763  0.00715373           0  0.00150758
 0.00203633  0.00519557 -0.00150758           0
Repeater11[0]<--->HoM6[0]
REAL
   0.426623 -0.00352615  0.00648052     0.38144
-0.00352615   0.0608589  0.00454735 -0.00190051
 0.00648052  0.00454735   0.0694077  0.00635211
    0.38144 -0.00190051  0.00635211     0.44311
IMAGINARY
           0 -0.000102584   0.00772503   0.00718819
 0.000102584            0   0.00378547  -0.00413937
 -0.00772503  -0.00378547            0   0.00289143
 -0.00718819   0.00413937  -0.00289143            0
EndNode1[0]<--->Repeater1[0]
REAL
   0.382867 -0.00206119 -0.00230618    0.270731
-0.00206119    0.113054   0.0113722  0.00070104
-0.00230618   0.0113722     0.12296 -0.00716834
   0.270731  0.00070104 -0.00716834    0.381119
IMAGINARY
          0 -0.00199865 -0.00588575   0.0053609
 0.00199865           0  0.00269239  0.00182554
 0.00588575 -0.00269239           0 -0.00087321
 -0.0053609 -0.00182554  0.00087321           0
EndNode2[0]<--->HoM6[0]
REAL
   0.43409 0.00753779 0.00509732     0.3738
0.00753779  0.0686977  0.0150889 0.00369564
0.00509732  0.0150889  0.0647153 0.00325357
    0.3738 0.00369564 0.00325357   0.432497
IMAGINARY
           0   0.00072978   0.00180868   0.00917753
 -0.00072978            0 -0.000133091  -0.00455314
 -0.00180868  0.000133091            0   0.00425091
 -0.00917753   0.00455314  -0.00425091            0
Repeater1[0]<--->EndNode1[0]
REAL
   0.382867 -0.00230618 -0.00206119    0.270731
-0.00230618     0.12296   0.0113722 -0.00716834
-0.00206119   0.0113722    0.113054  0.00070104
   0.270731 -0.00716834  0.00070104    0.381119
IMAGINARY
          0 -0.00588575 -0.00199865   0.0053609
 0.00588575           0 -0.00269239 -0.00087321
 0.00199865  0.00269239           0  0.00182554
 -0.0053609  0.00087321 -0.00182554           0
Repeater1[0]<--->HoM1[0]
REAL
    0.385786     0.011088 -0.000254983     0.281761
    0.011088     0.114715    0.0208259   -0.0072077
-0.000254983    0.0208259     0.116116  -0.00422228
    0.281761   -0.0072077  -0.00422228     0.383383
IMAGINARY
           0   0.00542385  0.000839158   0.00923004
 -0.00542385            0  -0.00256337  -0.00476982
-0.000839158   0.00256337            0   0.00173197
 -0.00923004   0.00476982  -0.00173197            0
Repeater2[0]<--->HoM1[0]
REAL
    0.385786 -0.000254983     0.011088     0.281761
-0.000254983     0.116116    0.0208259  -0.00422228
    0.011088    0.0208259     0.114715   -0.0072077
    0.281761  -0.00422228   -0.0072077     0.383383
IMAGINARY
           0  0.000839158   0.00542385   0.00923004
-0.000839158            0   0.00256337   0.00173197
 -0.00542385  -0.00256337            0  -0.00476982
 -0.00923004  -0.00173197   0.00476982            0
Repeater2[0]<--->Repeater3[0]
REAL
   0.315684  0.00353692 -0.00700355    0.155374
 0.00353692    0.186723  0.00518006  0.00491067
-0.00700355  0.00518006    0.179302 -0.00861964
   0.155374  0.00491067 -0.00861964    0.318291
IMAGINARY
           0   0.00172745   0.00271083   0.00222141
 -0.00172745            0  -0.00300788  0.000862784
 -0.00271083   0.00300788            0  -0.00428003
 -0.00222141 -0.000862784   0.00428003            0
Repeater3[0]<--->Repeater2[0]
REAL
   0.315684 -0.00700355  0.00353692    0.155374
-0.00700355    0.179302  0.00518006 -0.00861964
 0.00353692  0.00518006    0.186723  0.00491067
   0.155374 -0.00861964  0.00491067    0.318291
IMAGINARY
           0   0.00271083   0.00172745   0.00222141
 -0.00271083            0   0.00300788  -0.00428003
 -0.00172745  -0.00300788            0  0.000862784
 -0.00222141   0.00428003 -0.000862784            0
Repeater3[0]<--->HoM2[0]
REAL
   0.316653  0.00493946 -0.00649768    0.153174
 0.00493946    0.181946   0.0142799  0.00246145
-0.00649768   0.0142799    0.173139 -0.00247834
   0.153174  0.00246145 -0.00247834    0.328263
IMAGINARY
          0 -0.00788947  0.00978928  0.00281926
 0.00788947           0  0.00114899  0.00342436
-0.00978928 -0.00114899           0  0.00193829
-0.00281926 -0.00342436 -0.00193829           0
Repeater4[0]<--->HoM2[0]
REAL
   0.316653 -0.00649768  0.00493946    0.153174
-0.00649768    0.173139   0.0142799 -0.00247834
 0.00493946   0.0142799    0.181946  0.00246145
   0.153174 -0.00247834  0.00246145    0.328263
IMAGINARY
          0  0.00978928 -0.00788947  0.00281926
-0.00978928           0 -0.00114899  0.00193829
 0.00788947  0.00114899           0  0.00342436
-0.00281926 -0.00193829 -0.00342436           0
Repeater4[0]<--->Repeater5[0]
REAL
   0.268302  0.00719203 -0.00478467   0.0777436
 0.00719203     0.21963   0.0160749 -0.00548453
-0.00478467   0.0160749    0.218222  0.00467238
  0.0777436 -0.00548453  0.00467238    0.293846
IMAGINARY
           0   0.00660163  0.000177738  -0.00201075
 -0.00660163            0   0.00784341  -0.00178999
-0.000177738  -0.00784341            0  -0.00801236
  0.00201075   0.00178999   0.00801236            0
Repeater5[0]<--->Repeater4[0]
REAL
   0.268302 -0.00478467  0.00719203   0.0777436
-0.00478467    0.218222   0.0160749  0.00467238
 0.00719203   0.0160749     0.21963 -0.00548453
  0.0777436  0.00467238 -0.00548453    0.293846
IMAGINARY
           0  0.000177738   0.00660163  -0.00201075
-0.000177738            0  -0.00784341  -0.00801236
 -0.00660163   0.00784341            0  -0.00178999
  0.00201075   0.00801236   0.00178999            0
Repeater5[0]<--->HoM3[0]
REAL
    0.288917 -0.000659237  0.000193179    0.0816348
-0.000659237     0.202574     0.020537 -0.000884196
 0.000193179     0.020537     0.208385  -0.00931115
   0.0816348 -0.000884196  -0.00931115     0.300125
IMAGINARY
           0   0.00423299   0.00161929   0.00849665
 -0.00423299            0   0.00810171  -0.00422345
 -0.00161929  -0.00810171            0  0.000574698
 -0.00849665   0.00422345 -0.000574698            0
Repeater6[0]<--->HoM3[0]
REAL
    0.288917  0.000193179 -0.000659237    0.0816348
 0.000193179     0.208385     0.020537  -0.00931115
-0.000659237     0.020537     0.202574 -0.000884196
   0.0816348  -0.00931115 -0.000884196     0.300125
IMAGINARY
           0   0.00161929   0.00423299   0.00849665
 -0.00161929            0  -0.00810171  0.000574698
 -0.00423299   0.00810171            0  -0.00422345
 -0.00849665 -0.000574698   0.00422345            0
Repeater6[0]<--->Repeater7[0]
REAL
    0.25782 -0.00162603  0.00480836   0.0467015
-0.00162603    0.230423  0.00553439 -0.00203828
 0.00480836  0.00553439    0.236352  0.00301107
  0.0467015 -0.00203828  0.00301107    0.275404
IMAGINARY
           0  -0.00411816   0.00429728   -0.0086257
  0.00411816            0  -0.00473892    0.0030968
 -0.00429728   0.00473892            0  0.000720873
   0.0086257   -0.0030968 -0.000720873            0
Repeater7[0]<--->Repeater6[0]
REAL
    0.25782  0.00480836 -0.00162603   0.0467015
 0.00480836    0.236352  0.00553439  0.00301107
-0.00162603  0.00553439    0.230423 -0.00203828
  0.0467015  0.00301107 -0.00203828    0.275404
IMAGINARY
           0   0.00429728  -0.00411816   -0.0086257
 -0.00429728            0   0.00473892  0.000720873
  0.00411816  -0.00473892            0    0.0030968
   0.0086257 -0.000720873   -0.0030968            0
Repeater7[0]<--->HoM4[0]
REAL
    0.265011 -0.000823188   0.00434081    0.0412349
-0.000823188     0.230784   0.00239714  -0.00787854
  0.00434081   0.00239714     0.242128   0.00396784
   0.0412349  -0.00787854   0.00396784     0.262077
IMAGINARY
           0   0.00864246   0.00111131   0.00667308
 -0.00864246            0  -0.00982156  -0.00257873
 -0.00111131   0.00982156            0  0.000455561
 -0.00667308   0.00257873 -0.000455561            0
Repeater8[0]<--->HoM4[0]
REAL
    0.265011   0.00434081 -0.000823188    0.0412349
  0.00434081     0.242128   0.00239714   0.00396784
-0.000823188   0.00239714     0.230784  -0.00787854
   0.0412349   0.00396784  -0.00787854     0.262077
IMAGINARY
           0   0.00111131   0.00864246   0.00667308
 -0.00111131            0   0.00982156  0.000455561
 -0.00864246  -0.00982156            0  -0.00257873
 -0.00667308 -0.000455561   0.00257873            0
Repeater8[0]<--->Repeater9[0]
REAL
    0.263725  -0.00404028  -0.00151405    0.0337813
 -0.00404028     0.239732  -0.00193999 -0.000215349
 -0.00151405  -0.00193999     0.230988   0.00129358
   0.0337813 -0.000215349   0.00129358     0.265555
IMAGINARY
          0 -0.00476544  0.00462883   0.0090035
 0.00476544           0   0.0124786  -0.0029651
-0.00462883  -0.0124786           0  -0.0082508
 -0.0090035   0.0029651   0.0082508           0
Repeater9[0]<--->Repeater8[0]
REAL
    0.263725  -0.00151405  -0.00404028    0.0337813
 -0.00151405     0.230988  -0.00193999   0.00129358
 -0.00404028  -0.00193999     0.239732 -0.000215349
   0.0337813   0.00129358 -0.000215349     0.265555
IMAGINARY
          0  0.00462883 -0.00476544   0.0090035
-0.00462883           0  -0.0124786  -0.0082508
 0.00476544   0.0124786           0  -0.0029651
 -0.0090035   0.0082508   0.0029651           0
Repeater9[0]<--->HoM5[0]
