EndNode1[0]<--->Repeater1[0]
REAL
    0.495859    0.0115115   0.00799699     0.490296
   0.0115115   0.00525146 -0.000687807  -0.00140227
  0.00799699 -0.000687807   0.00464553  -0.00571618
    0.490296  -0.00140227  -0.00571618     0.494244
IMAGINARY
          0 -0.00459627  0.00101875  0.00183882
 0.00459627           0 -0.00276992 -0.00278277
-0.00101875  0.00276992           0   0.0075363
-0.00183882  0.00278277  -0.0075363           0
EndNode2[0]<--->HoM6[0]
REAL
    0.493186   0.00083762  -0.00165364     0.492729
  0.00083762   0.00335769 -0.000194636   0.00730336
 -0.00165364 -0.000194636   0.00237014   0.00380322
    0.492729   0.00730336   0.00380322     0.501086
IMAGINARY
           0 -0.000149727   0.00599017   0.00651984
 0.000149727            0   0.00318987  0.000681885
 -0.00599017  -0.00318987            0  -0.00632015
 -0.00651984 -0.000681885   0.00632015            0
Repeater1[0]<--->EndNode1[0]
REAL
    0.495859   0.00799699    0.0115115     0.490296
  0.00799699   0.00464553 -0.000687807  -0.00571618
   0.0115115 -0.000687807   0.00525146  -0.00140227
    0.490296  -0.00571618  -0.00140227     0.494244
IMAGINARY
          0  0.00101875 -0.00459627  0.00183882
-0.00101875           0  0.00276992   0.0075363
 0.00459627 -0.00276992           0 -0.00278277
-0.00183882  -0.0075363  0.00278277           0
Repeater1[0]<--->HoM1[0]
REAL
    0.500101 -0.000709919  -0.00459087     0.488789
-0.000709919   0.00425532  -0.00038652   0.00249129
 -0.00459087  -0.00038652   0.00425532   -0.0021895
    0.488789   0.00249129   -0.0021895     0.491388
IMAGINARY
          0  0.00608411  0.00522956  0.00344565
-0.00608411           0 -0.00486266  -0.0106419
-0.00522956  0.00486266           0 -8.1359e-05
-0.00344565   0.0106419  8.1359e-05           0
Repeater2[0]<--->HoM1[0]
REAL
    0.500101  -0.00459087 -0.000709919     0.488789
 -0.00459087   0.00425532  -0.00038652   -0.0021895
-0.000709919  -0.00038652   0.00425532   0.00249129
    0.488789   -0.0021895   0.00249129     0.491388
IMAGINARY
          0  0.00522956  0.00608411  0.00344565
-0.00522956           0  0.00486266 -8.1359e-05
-0.00608411 -0.00486266           0  -0.0106419
-0.00344565  8.1359e-05   0.0106419           0
Repeater2[0]<--->Repeater3[0]
REAL
     0.49594    0.0013783   0.00353948     0.474058
   0.0013783   0.00852619 -0.000772006  -0.00265557
  0.00353948 -0.000772006    0.0107592  -0.00206579
    0.474058  -0.00265557  -0.00206579     0.484775
IMAGINARY
           0  -0.00329402   0.00481034   0.00452296
  0.00329402            0    0.0043275  0.000782951
 -0.00481034   -0.0043275            0  -0.00269879
 -0.00452296 -0.000782951   0.00269879            0
Repeater3[0]<--->Repeater2[0]
REAL
     0.49594   0.00353948    0.0013783     0.474058
  0.00353948    0.0107592 -0.000772006  -0.00206579
   0.0013783 -0.000772006   0.00852619  -0.00265557
    0.474058  -0.00206579  -0.00265557     0.484775
IMAGINARY
           0   0.00481034  -0.00329402   0.00452296
 -0.00481034            0   -0.0043275  -0.00269879
  0.00329402    0.0043275            0  0.000782951
 -0.00452296   0.00269879 -0.000782951            0
Repeater3[0]<--->HoM2[0]
REAL
    0.479588 -0.000685577   -0.0089377     0.476825
-0.000685577    0.0108997   0.00189047   0.00730779
  -0.0089377   0.00189047   0.00911613  -0.00190311
    0.476825   0.00730779  -0.00190311     0.500396
IMAGINARY
           0   0.00305717   0.00333648  -0.00899434
 -0.00305717            0 -0.000526602  -0.00222469
 -0.00333648  0.000526602            0  -0.00376466
  0.00899434   0.00222469   0.00376466            0
Repeater4[0]<--->HoM2[0]
REAL
    0.479588   -0.0089377 -0.000685577     0.476825
  -0.0089377   0.00911613   0.00189047  -0.00190311
-0.000685577   0.00189047    0.0108997   0.00730779
    0.476825  -0.00190311   0.00730779     0.500396
IMAGINARY
           0   0.00333648   0.00305717  -0.00899434
 -0.00333648            0  0.000526602  -0.00376466
 -0.00305717 -0.000526602            0  -0.00222469
  0.00899434   0.00376466   0.00222469            0
Repeater4[0]<--->Repeater5[0]
REAL
    0.493377  -0.00766911  -0.00312502     0.467138
 -0.00766911    0.0150805   0.00448751 -0.000126216
 -0.00312502   0.00448751    0.0105971   0.00165925
    0.467138 -0.000126216   0.00165925     0.480946
IMAGINARY
           0  -0.00223822 -0.000404482 -0.000933682
  0.00223822            0  5.56333e-05  -0.00100114
 0.000404482 -5.56333e-05            0   0.00605348
 0.000933682   0.00100114  -0.00605348            0
Repeater5[0]<--->Repeater4[0]
REAL
    0.493377  -0.00312502  -0.00766911     0.467138
 -0.00312502    0.0105971   0.00448751   0.00165925
 -0.00766911   0.00448751    0.0150805 -0.000126216
    0.467138   0.00165925 -0.000126216     0.480946
IMAGINARY
           0 -0.000404482  -0.00223822 -0.000933682
 0.000404482            0 -5.56333e-05   0.00605348
  0.00223822  5.56333e-05            0  -0.00100114
 0.000933682  -0.00605348   0.00100114            0
Repeater5[0]<--->HoM3[0]
REAL
   0.492028 -0.00776131  -0.0024801    0.467872
-0.00776131   0.0110999 0.000562094 -0.00257858
 -0.0024801 0.000562094   0.0110999  0.00108385
   0.467872 -0.00257858  0.00108385    0.485772
IMAGINARY
           0   0.00486416  -0.00700481 -0.000953845
 -0.00486416            0   0.00115163   -0.0142135
  0.00700481  -0.00115163            0    0.0133084
 0.000953845    0.0142135   -0.0133084            0
Repeater6[0]<--->HoM3[0]
REAL
   0.492028  -0.0024801 -0.00776131    0.467872
 -0.0024801   0.0110999 0.000562094  0.00108385
-0.00776131 0.000562094   0.0110999 -0.00257858
   0.467872  0.00108385 -0.00257858    0.485772
IMAGINARY
           0  -0.00700481   0.00486416 -0.000953845
  0.00700481            0  -0.00115163    0.0133084
 -0.00486416   0.00115163            0   -0.0142135
 0.000953845   -0.0133084    0.0142135            0
Repeater6[0]<--->Repeater7[0]
REAL
   0.490607 -0.00581836 -0.00502325    0.457197
-0.00581836   0.0158197    0.003667 -0.00432255
-0.00502325    0.003667   0.0177971 -0.00722681
   0.457197 -0.00432255 -0.00722681    0.475776
IMAGINARY
          0 -0.00637097  0.00281656 -0.00132189
 0.00637097           0 -0.00555235  0.00170969
-0.00281656  0.00555235           0  0.00124121
 0.00132189 -0.00170969 -0.00124121           0
Repeater7[0]<--->Repeater6[0]
REAL
   0.490607 -0.00502325 -0.00581836    0.457197
-0.00502325   0.0177971    0.003667 -0.00722681
-0.00581836    0.003667   0.0158197 -0.00432255
   0.457197 -0.00722681 -0.00432255    0.475776
IMAGINARY
          0  0.00281656 -0.00637097 -0.00132189
-0.00281656           0  0.00555235  0.00124121
 0.00637097 -0.00555235           0  0.00170969
 0.00132189 -0.00124121 -0.00170969           0
Repeater7[0]<--->HoM4[0]
REAL
    0.48486  0.00123602 -0.00110385    0.457773
 0.00123602   0.0146513  0.00378863  0.00397684
-0.00110385  0.00378863   0.0125024  0.00163698
   0.457773  0.00397684  0.00163698    0.487986
IMAGINARY
           0  -0.00385645   0.00199116  0.000487207
  0.00385645            0  -0.00508749   0.00418414
 -0.00199116   0.00508749            0  0.000270791
-0.000487207  -0.00418414 -0.000270791            0
Repeater8[0]<--->HoM4[0]
REAL
    0.48486 -0.00110385  0.00123602    0.457773
-0.00110385   0.0125024  0.00378863  0.00163698
 0.00123602  0.00378863   0.0146513  0.00397684
   0.457773  0.00163698  0.00397684    0.487986
IMAGINARY
           0   0.00199116  -0.00385645  0.000487207
 -0.00199116            0   0.00508749  0.000270791
  0.00385645  -0.00508749            0   0.00418414
-0.000487207 -0.000270791  -0.00418414            0
Repeater8[0]<--->Repeater9[0]
REAL
   0.480902   -0.007359  0.00163154    0.446247
  -0.007359   0.0211755 -0.00209851 -0.00133551
 0.00163154 -0.00209851   0.0172175  0.00351057
   0.446247 -0.00133551  0.00351057    0.480705
IMAGINARY
           0 -0.000303551   -0.0110957   0.00308123
 0.000303551            0  -0.00101795    0.0114992
   0.0110957   0.00101795            0 -0.000503551
 -0.00308123   -0.0114992  0.000503551            0
Repeater9[0]<--->Repeater8[0]
REAL
   0.480902  0.00163154   -0.007359    0.446247
 0.00163154   0.0172175 -0.00209851  0.00351057
  -0.007359 -0.00209851   0.0211755 -0.00133551
   0.446247  0.00351057 -0.00133551    0.480705
IMAGINARY
           0   -0.0110957 -0.000303551   0.00308123
   0.0110957            0   0.00101795 -0.000503551
 0.000303551  -0.00101795            0    0.0114992
 -0.00308123  0.000503551   -0.0114992            0
Repeater9[0]<--->HoM5[0]
REAL
   0.493567 -0.00529174 -0.00011096    0.445886
-0.00529174   0.0205066 -0.00441859 -0.00651352
-0.00011096 -0.00441859   0.0160836 -0.00370569
   0.445886 -0.00651352 -0.00370569    0.469843
IMAGINARY
          0 -0.00184949  0.00392017  0.00198871
 0.00184949           0  0.00238743  0.00619572
-0.00392017 -0.00238743           0  -0.0112128
-0.00198871 -0.00619572   0.0112128           0
Repeater10[0]<--->HoM5[0]
REAL
   0.493567 -0.00011096 -0.00529174    0.445886
-0.00011096   0.0160836 -0.00441859 -0.00370569
-0.00529174 -0.00441859   0.0205066 -0.00651352
   0.445886 -0.00370569 -0.00651352    0.469843
IMAGINARY
          0  0.00392017 -0.00184949  0.00198871
-0.00392017           0 -0.00238743  -0.0112128
 0.00184949  0.00238743           0  0.00619572
-0.00198871   0.0112128 -0.00619572           0
Repeater10[0]<--->Repeater11[0]
REAL
    0.491017   0.00809819    0.0113384     0.494282
  0.00809819   0.00306247  5.73008e-05 -1.61505e-05
   0.0113384  5.73008e-05   0.00224581   0.00362846
    0.494282 -1.61505e-05   0.00362846     0.503675
IMAGINARY
           0   -0.0141975    0.0107224  -0.00306601
   0.0141975            0 -6.72058e-05   0.00710275
  -0.0107224  6.72058e-05            0  -0.00143688
  0.00306601  -0.00710275   0.00143688            0
Repeater11[0]<--->Repeater10[0]
REAL
    0.491017    0.0113384   0.00809819     0.494282
   0.0113384   0.00224581  5.73008e-05   0.00362846
  0.00809819  5.73008e-05   0.00306247 -1.61505e-05
    0.494282   0.00362846 -1.61505e-05     0.503675
IMAGINARY
           0    0.0107224   -0.0141975  -0.00306601
  -0.0107224            0  6.72058e-05  -0.00143688
   0.0141975 -6.72058e-05            0   0.00710275
  0.00306601   0.00143688  -0.00710275            0
Repeater11[0]<--->HoM6[0]
REAL
    0.493186  -0.00165364   0.00083762     0.492729
 -0.00165364   0.00237014 -0.000194636   0.00380322
  0.00083762 -0.000194636   0.00335769   0.00730336
    0.492729   0.00380322   0.00730336     0.501086
IMAGINARY
           0   0.00599017 -0.000149727   0.00651984
 -0.00599017            0  -0.00318987  -0.00632015
 0.000149727   0.00318987            0  0.000681885
 -0.00651984   0.00632015 -0.000681885            0
EndNode1[0]<--->Repeater1[0]
REAL
    0.491323   0.00182906   0.00745346     0.490241
  0.00182906   0.00438859 -0.000157533   0.00127324
  0.00745346 -0.000157533   0.00339118    0.0061043
    0.490241   0.00127324    0.0061043     0.500898
IMAGINARY
          0 -0.00415079  0.00691015 -0.00319483
 0.00415079           0  0.00299499 -0.00415224
-0.00691015 -0.00299499           0  0.00323149
 0.00319483  0.00415224 -0.00323149           0
EndNode2[0]<--->HoM6[0]
REAL
     0.5092 -0.00374528  -0.0018836    0.494345
-0.00374528       0.002 0.000260694 0.000784704
 -0.0018836 0.000260694      0.0008  0.00204698
   0.494345 0.000784704  0.00204698       0.488
IMAGINARY
          0 -0.00423856   0.0042376 -0.00758978
 0.00423856           0  0.00283942  0.00453778
 -0.0042376 -0.00283942           0 -0.00453683
 0.00758978 -0.00453778  0.00453683           0
Repeater1[0]<--->EndNode1[0]
REAL
    0.491323   0.00745346   0.00182906     0.490241
  0.00745346   0.00339118 -0.000157533    0.0061043
  0.00182906 -0.000157533   0.00438859   0.00127324
    0.490241    0.0061043   0.00127324     0.500898
IMAGINARY
          0  0.00691015 -0.00415079 -0.00319483
-0.00691015           0 -0.00299499  0.00323149
 0.00415079  0.00299499           0 -0.00415224
 0.00319483 -0.00323149  0.00415224           0
Repeater1[0]<--->HoM1[0]
REAL
     0.48749   0.00256116    0.0081784     0.488504
  0.00256116   0.00242131 -0.000341979  -0.00376427
   0.0081784 -0.000341979   0.00423729   0.00365874
    0.488504  -0.00376427   0.00365874     0.505851
IMAGINARY
          0  0.00578347 -0.00694351  -0.0123673
-0.00578347           0   0.0019297 -0.00147263
 0.00694351  -0.0019297           0  0.00121308
  0.0123673  0.00147263 -0.00121308           0
Repeater2[0]<--->HoM1[0]
REAL
     0.48749    0.0081784   0.00256116     0.488504
   0.0081784   0.00423729 -0.000341979   0.00365874
  0.00256116 -0.000341979   0.00242131  -0.00376427
    0.488504   0.00365874  -0.00376427     0.505851
IMAGINARY
          0 -0.00694351  0.00578347  -0.0123673
 0.00694351           0  -0.0019297  0.00121308
-0.00578347   0.0019297           0 -0.00147263
  0.0123673 -0.00121308  0.00147263           0
Repeater2[0]<--->Repeater3[0]
REAL
   0.499409 -0.00535766 -0.00669302    0.478189
-0.00535766  0.00905868 -0.00225413 -0.00372154
-0.00669302 -0.00225413  0.00728633 -0.00323688
   0.478189 -0.00372154 -0.00323688    0.484246
IMAGINARY
           0  -0.00227026   0.00679719  -0.00449693
  0.00227026            0   0.00282797  0.000259266
 -0.00679719  -0.00282797            0  -0.00418135
  0.00449693 -0.000259266   0.00418135            0
Repeater3[0]<--->Repeater2[0]
REAL
   0.499409 -0.00669302 -0.00535766    0.478189
-0.00669302  0.00728633 -0.00225413 -0.00323688
-0.00535766 -0.00225413  0.00905868 -0.00372154
   0.478189 -0.00323688 -0.00372154    0.484246
IMAGINARY
           0   0.00679719  -0.00227026  -0.00449693
 -0.00679719            0  -0.00282797  -0.00418135
  0.00227026   0.00282797            0  0.000259266
  0.00449693   0.00418135 -0.000259266            0
Repeater3[0]<--->HoM2[0]
REAL
    0.484842  -0.00961719  -0.00647813      0.47622
 -0.00961719   0.00752923 -0.000709164  -0.00718307
 -0.00647813 -0.000709164   0.00891619  -0.00343685
     0.47622  -0.00718307  -0.00343685     0.498712
IMAGINARY
           0  0.000373867   0.00503633   0.00250235
-0.000373867            0  -0.00298769   0.00435526
 -0.00503633   0.00298769            0   -0.0120113
 -0.00250235  -0.00435526    0.0120113            0
Repeater4[0]<--->HoM2[0]
REAL
    0.484842  -0.00647813  -0.00961719      0.47622
 -0.00647813   0.00891619 -0.000709164  -0.00343685
 -0.00961719 -0.000709164   0.00752923  -0.00718307
     0.47622  -0.00343685  -0.00718307     0.498712
IMAGINARY
           0   0.00503633  0.000373867   0.00250235
 -0.00503633            0   0.00298769   -0.0120113
-0.000373867  -0.00298769            0   0.00435526
 -0.00250235    0.0120113  -0.00435526            0
Repeater4[0]<--->Repeater5[0]
REAL
    0.486011   0.00510583 -0.000578275     0.468253
  0.00510583    0.0105654    0.0016458    0.0100732
-0.000578275    0.0016458    0.0146742   0.00701538
    0.468253    0.0100732   0.00701538      0.48875
IMAGINARY
           0  -0.00609536    0.0060629   0.00515231
  0.00609536            0   0.00257396  -0.00161714
  -0.0060629  -0.00257396            0  0.000266471
 -0.00515231   0.00161714 -0.000266471            0
Repeater5[0]<--->Repeater4[0]
REAL
    0.486011 -0.000578275   0.00510583     0.468253
-0.000578275    0.0146742    0.0016458   0.00701538
  0.00510583    0.0016458    0.0105654    0.0100732
    0.468253   0.00701538    0.0100732      0.48875
IMAGINARY
           0    0.0060629  -0.00609536   0.00515231
  -0.0060629            0  -0.00257396  0.000266471
  0.00609536   0.00257396            0  -0.00161714
 -0.00515231 -0.000266471   0.00161714            0
Repeater5[0]<--->HoM3[0]
REAL
    0.493599   0.00452499   0.00418858     0.467164
  0.00452499    0.0109734 -0.000205539   0.00237989
  0.00418858 -0.000205539    0.0113798   0.00403393
    0.467164   0.00237989   0.00403393     0.484048
IMAGINARY
           0     -0.00231 -0.000766507  -0.00181398
     0.00231            0  -0.00301111   0.00593961
 0.000766507   0.00301111            0 -0.000475513
  0.00181398  -0.00593961  0.000475513            0
Repeater6[0]<--->HoM3[0]
REAL
    0.493599   0.00418858   0.00452499     0.467164
  0.00418858    0.0113798 -0.000205539   0.00403393
  0.00452499 -0.000205539    0.0109734   0.00237989
    0.467164   0.00403393   0.00237989     0.484048
IMAGINARY
           0 -0.000766507     -0.00231  -0.00181398
 0.000766507            0   0.00301111 -0.000475513
     0.00231  -0.00301111            0   0.00593961
  0.00181398  0.000475513  -0.00593961            0
Repeater6[0]<--->Repeater7[0]
REAL
    0.486288  -0.00512068 -0.000235561      0.45678
 -0.00512068    0.0164944  -0.00426937   0.00218184
-0.000235561  -0.00426937    0.0145072   0.00628845
     0.45678   0.00218184   0.00628845     0.482711
IMAGINARY
          0  0.00103932 -0.00343219 -0.00292455
-0.00103932           0  -0.0072918  -0.0039341
 0.00343219   0.0072918           0  0.00572153
 0.00292455   0.0039341 -0.00572153           0
Repeater7[0]<--->Repeater6[0]
REAL
    0.486288 -0.000235561  -0.00512068      0.45678
-0.000235561    0.0145072  -0.00426937   0.00628845
 -0.00512068  -0.00426937    0.0164944   0.00218184
     0.45678   0.00628845   0.00218184     0.482711
IMAGINARY
          0 -0.00343219  0.00103932 -0.00292455
 0.00343219           0   0.0072918  0.00572153
-0.00103932  -0.0072918           0  -0.0039341
 0.00292455 -0.00572153   0.0039341           0
Repeater7[0]<--->HoM4[0]
REAL
   0.481362  0.00262101  -0.0064391    0.456445
 0.00262101   0.0175297 -0.00231149  0.00230525
 -0.0064391 -0.00231149   0.0155148 -0.00380211
   0.456445  0.00230525 -0.00380211    0.485593
IMAGINARY
           0   -0.0114567    0.0086982  0.000228091
   0.0114567            0  -0.00408831    0.0086982
  -0.0086982   0.00408831            0  -0.00769886
-0.000228091   -0.0086982   0.00769886            0
Repeater8[0]<--->HoM4[0]
REAL
   0.481362  -0.0064391  0.00262101    0.456445
 -0.0064391   0.0155148 -0.00231149 -0.00380211
 0.00262101 -0.00231149   0.0175297  0.00230525
   0.456445 -0.00380211  0.00230525    0.485593
IMAGINARY
           0    0.0086982   -0.0114567  0.000228091
  -0.0086982            0   0.00408831  -0.00769886
   0.0114567  -0.00408831            0    0.0086982
-0.000228091   0.00769886   -0.0086982            0
Repeater8[0]<--->Repeater9[0]
REAL
   0.472652  0.00708206  0.00115586    0.448066
 0.00708206    0.019195  0.00247948   0.0019594
 0.00115586  0.00247948   0.0220846 -0.00201976
   0.448066   0.0019594 -0.00201976    0.486068
IMAGINARY
           0  0.000534696   0.00698735   0.00614791
-0.000534696            0  -0.00234748  -0.00356202
 -0.00698735   0.00234748            0  -0.00161123
 -0.00614791   0.00356202   0.00161123            0
Repeater9[0]<--->Repeater8[0]
REAL
   0.472652  0.00115586  0.00708206    0.448066
 0.00115586   0.0220846  0.00247948 -0.00201976
 0.00708206  0.00247948    0.019195   0.0019594
   0.448066 -0.00201976   0.0019594    0.486068
IMAGINARY
           0   0.00698735  0.000534696   0.00614791
 -0.00698735            0   0.00234748  -0.00161123
-0.000534696  -0.00234748            0  -0.00356202
 -0.00614791   0.00161123   0.00356202            0
Repeater9[0]<--->HoM5[0]
REAL
    0.488358   0.00543927   0.00710331     0.444057
  0.00543927    0.0156525 -0.000913814   0.00981361
  0.00710331 -0.000913814    0.0189787    0.0110772
    0.444057   0.00981361    0.0110772      0.47701
IMAGINARY
          0  0.00191076 -0.00593034  0.00180524
-0.00191076           0 -0.00180524 -0.00344277
 0.00593034  0.00180524           0  0.00605134
-0.00180524  0.00344277 -0.00605134           0
Repeater10[0]<--->HoM5[0]
REAL
    0.488358   0.00710331   0.00543927     0.444057
  0.00710331    0.0189787 -0.000913814    0.0110772
  0.00543927 -0.000913814    0.0156525   0.00981361
    0.444057    0.0110772   0.00981361      0.47701
IMAGINARY
          0 -0.00593034  0.00191076  0.00180524
 0.00593034           0  0.00180524  0.00605134
-0.00191076 -0.00180524           0 -0.00344277
-0.00180524 -0.00605134  0.00344277           0
Repeater10[0]<--->Repeater11[0]
REAL
   0.500401 -0.00282751  0.00161454     0.49395
-0.00282751  0.00240674  0.00047978 -0.00648822
 0.00161454  0.00047978  0.00320899 -0.00443329
    0.49395 -0.00648822 -0.00443329    0.493983
IMAGINARY
           0  -0.00308848   0.00254797  0.000384103
  0.00308848            0   0.00764803  2.42485e-05
 -0.00254797  -0.00764803            0   0.00110984
-0.000384103 -2.42485e-05  -0.00110984            0
Repeater11[0]<--->Repeater10[0]
REAL
   0.500401  0.00161454 -0.00282751     0.49395
 0.00161454  0.00320899  0.00047978 -0.00443329
-0.00282751  0.00047978  0.00240674 -0.00648822
    0.49395 -0.00443329 -0.00648822    0.493983
IMAGINARY
           0   0.00254797  -0.00308848  0.000384103
 -0.00254797            0  -0.00764803   0.00110984
  0.00308848   0.00764803            0  2.42485e-05
-0.000384103  -0.00110984 -2.42485e-05            0
Repeater11[0]<--->HoM6[0]
REAL
     0.5092  -0.0018836 -0.00374528    0.494345
 -0.0018836      0.0008 0.000260694  0.00204698
-0.00374528 0.000260694       0.002 0.000784704
   0.494345  0.00204698 0.000784704       0.488
IMAGINARY
          0   0.0042376 -0.00423856 -0.00758978
 -0.0042376           0 -0.00283942 -0.00453683
 0.00423856  0.00283942           0  0.00453778
 0.00758978  0.00453683 -0.00453778           0
EndNode1[0]<--->Repeater1[0]
REAL
   0.489416  0.00120727 -0.00305178    0.488749
 0.00120727  0.00514342 0.000655681  -0.0017463
-0.00305178 0.000655681  0.00534125 -0.00620527
   0.488749  -0.0017463 -0.00620527    0.500099
IMAGINARY
          0  0.00686311 -0.00113233 -0.00506997
-0.00686311           0 -0.00139423 -0.00293594
 0.00113233  0.00139423           0 -0.00279484
 0.00506997  0.00293594  0.00279484           0
EndNode2[0]<--->HoM6[0]
REAL
   0.496258 0.000419324 -0.00158394    0.494628
0.000419324   0.0035447 0.000479762 -0.00208504
-0.00158394 0.000479762  0.00295392 -0.00368064
   0.494628 -0.00208504 -0.00368064    0.497243
IMAGINARY
           0    0.0090217  0.000183184   0.00425699
  -0.0090217            0   0.00333087  -0.00119206
-0.000183184  -0.00333087            0  -0.00700394
 -0.00425699   0.00119206   0.00700394            0
Repeater1[0]<--->EndNode1[0]
REAL
   0.489416 -0.00305178  0.00120727    0.488749
-0.00305178  0.00534125 0.000655681 -0.00620527
 0.00120727 0.000655681  0.00514342  -0.0017463
   0.488749 -0.00620527  -0.0017463    0.500099
IMAGINARY
          0 -0.00113233  0.00686311 -0.00506997
 0.00113233           0  0.00139423 -0.00279484
-0.00686311 -0.00139423           0 -0.00293594
 0.00506997  0.00279484  0.00293594           0
Repeater1[0]<--->HoM1[0]
REAL
   0.496494 -0.00581186 -0.00202729    0.486635
-0.00581186  0.00340613 -0.00290691  0.00082199
-0.00202729 -0.00290691  0.00300541  0.00561098
   0.486635  0.00082199  0.00561098    0.497095
IMAGINARY
           0 -0.000887924  -0.00289306  -0.00788846
 0.000887924            0  0.000291499   0.00447159
  0.00289306 -0.000291499            0 -0.000887924
  0.00788846  -0.00447159  0.000887924            0
Repeater2[0]<--->HoM1[0]
REAL
   0.496494 -0.00202729 -0.00581186    0.486635
-0.00202729  0.00300541 -0.00290691  0.00561098
-0.00581186 -0.00290691  0.00340613  0.00082199
   0.486635  0.00561098  0.00082199    0.497095
IMAGINARY
           0  -0.00289306 -0.000887924  -0.00788846
  0.00289306            0 -0.000291499 -0.000887924
 0.000887924  0.000291499            0   0.00447159
  0.00788846  0.000887924  -0.00447159            0
Repeater2[0]<--->Repeater3[0]
REAL
    0.484689   0.00291867 -0.000442457      0.47666
  0.00291867   0.00628676 -0.000603539    0.0070823
-0.000442457 -0.000603539   0.00932874   0.00311755
     0.47666    0.0070823   0.00311755     0.499696
IMAGINARY
           0   0.00823882  -0.00446124 -0.000303768
 -0.00823882            0  0.000696232  -0.00209345
  0.00446124 -0.000696232            0  -0.00311797
 0.000303768   0.00209345   0.00311797            0
Repeater3[0]<--->Repeater2[0]
REAL
    0.484689 -0.000442457   0.00291867      0.47666
-0.000442457   0.00932874 -0.000603539   0.00311755
  0.00291867 -0.000603539   0.00628676    0.0070823
     0.47666   0.00311755    0.0070823     0.499696
IMAGINARY
           0  -0.00446124   0.00823882 -0.000303768
  0.00446124            0 -0.000696232  -0.00311797
 -0.00823882  0.000696232            0  -0.00209345
 0.000303768   0.00311797   0.00209345            0
Repeater3[0]<--->HoM2[0]
REAL
   0.476756  -0.0108819 -0.00126594     0.47856
 -0.0108819   0.0092574  0.00156468 -0.00485732
-0.00126594  0.00156468   0.0092574  0.00255029
    0.47856 -0.00485732  0.00255029    0.504729
IMAGINARY
           0   -0.0028292   0.00454787  0.000947133
   0.0028292            0   0.00966217   0.00237396
 -0.00454787  -0.00966217            0  -0.00592487
-0.000947133  -0.00237396   0.00592487            0
Repeater4[0]<--->HoM2[0]
REAL
   0.476756 -0.00126594  -0.0108819     0.47856
-0.00126594   0.0092574  0.00156468  0.00255029
 -0.0108819  0.00156468   0.0092574 -0.00485732
    0.47856  0.00255029 -0.00485732    0.504729
IMAGINARY
           0   0.00454787   -0.0028292  0.000947133
 -0.00454787            0  -0.00966217  -0.00592487
   0.0028292   0.00966217            0   0.00237396
-0.000947133   0.00592487  -0.00237396            0
Repeater4[0]<--->Repeater5[0]
REAL
     0.49774   -0.0097272  -0.00178111     0.467166
  -0.0097272    0.0123796 -0.000627118  -0.00597943
 -0.00178111 -0.000627118    0.0113971   0.00357925
    0.467166  -0.00597943   0.00357925     0.478483
IMAGINARY
           0  0.000230122   0.00582495   0.00636102
-0.000230122            0   -0.0025534  -0.00383688
 -0.00582495    0.0025534            0  -0.00380865
 -0.00636102   0.00383688   0.00380865            0
Repeater5[0]<--->Repeater4[0]
REAL
     0.49774  -0.00178111   -0.0097272     0.467166
 -0.00178111    0.0113971 -0.000627118   0.00357925
  -0.0097272 -0.000627118    0.0123796  -0.00597943
    0.467166   0.00357925  -0.00597943     0.478483
IMAGINARY
           0   0.00582495  0.000230122   0.00636102
 -0.00582495            0    0.0025534  -0.00380865
-0.000230122   -0.0025534            0  -0.00383688
 -0.00636102   0.00380865   0.00383688            0
Repeater5[0]<--->HoM3[0]
REAL
    0.50297 -0.00404507  -0.0050843    0.466752
-0.00404507   0.0124752  -0.0011452 -0.00601348
 -0.0050843  -0.0011452   0.0132673 -0.00225367
   0.466752 -0.00601348 -0.00225367    0.471287
IMAGINARY
           0  -0.00191705  0.000837536  -0.00345354
  0.00191705            0 -0.000256102  -0.00404781
-0.000837536  0.000256102            0   0.00633118
  0.00345354   0.00404781  -0.00633118            0
Repeater6[0]<--->HoM3[0]
REAL
    0.50297  -0.0050843 -0.00404507    0.466752
 -0.0050843   0.0132673  -0.0011452 -0.00225367
-0.00404507  -0.0011452   0.0124752 -0.00601348
   0.466752 -0.00225367 -0.00601348    0.471287
IMAGINARY
           0  0.000837536  -0.00191705  -0.00345354
-0.000837536            0  0.000256102   0.00633118
  0.00191705 -0.000256102            0  -0.00404781
  0.00345354  -0.00633118   0.00404781            0
Repeater6[0]<--->Repeater7[0]
REAL
    0.483115  -0.00307349  -0.00741318      0.45324
 -0.00307349    0.0156933   0.00198671   0.00255095
 -0.00741318   0.00198671    0.0180771 -0.000775784
     0.45324   0.00255095 -0.000775784     0.483115
IMAGINARY
           0 -0.000396978       0.0051  -0.00262471
 0.000396978            0  -0.00997025      -0.0051
     -0.0051   0.00997025            0  -0.00099578
  0.00262471       0.0051   0.00099578            0
Repeater7[0]<--->Repeater6[0]
REAL
    0.483115  -0.00741318  -0.00307349      0.45324
 -0.00741318    0.0180771   0.00198671 -0.000775784
 -0.00307349   0.00198671    0.0156933   0.00255095
     0.45324 -0.000775784   0.00255095     0.483115
IMAGINARY
           0       0.0051 -0.000396978  -0.00262471
     -0.0051            0   0.00997025  -0.00099578
 0.000396978  -0.00997025            0      -0.0051
  0.00262471   0.00099578       0.0051            0
Repeater7[0]<--->HoM4[0]
REAL
  0.476716 0.00279539 0.00661161    0.45117
0.00279539  0.0164593 0.00410928 0.00560273
0.00661161 0.00410928  0.0176636 0.00606985
   0.45117 0.00560273 0.00606985   0.489161
IMAGINARY
           0  0.000475346   0.00155929  -0.00645227
-0.000475346            0   0.00277507   0.00125875
 -0.00155929  -0.00277507            0  -0.00429982
  0.00645227  -0.00125875   0.00429982            0
Repeater8[0]<--->HoM4[0]
REAL
  0.476716 0.00661161 0.00279539    0.45117
0.00661161  0.0176636 0.00410928 0.00606985
0.00279539 0.00410928  0.0164593 0.00560273
   0.45117 0.00606985 0.00560273   0.489161
IMAGINARY
           0   0.00155929  0.000475346  -0.00645227
 -0.00155929            0  -0.00277507  -0.00429982
-0.000475346   0.00277507            0   0.00125875
  0.00645227   0.00429982  -0.00125875            0
Repeater8[0]<--->Repeater9[0]
REAL
     0.48621 -0.000435366   0.00192503     0.444252
-0.000435366    0.0204886  0.000617698   0.00692809
  0.00192503  0.000617698    0.0206856     0.006874
    0.444252   0.00692809     0.006874     0.472616
IMAGINARY
          0 -0.00349639  0.00315386  -0.0108944
 0.00349639           0 -0.00465944  0.00654032
-0.00315386  0.00465944           0 -0.00379923
  0.0108944 -0.00654032  0.00379923           0
Repeater9[0]<--->Repeater8[0]
REAL
     0.48621   0.00192503 -0.000435366     0.444252
  0.00192503    0.0206856  0.000617698     0.006874
-0.000435366  0.000617698    0.0204886   0.00692809
    0.444252     0.006874   0.00692809     0.472616
IMAGINARY
          0  0.00315386 -0.00349639  -0.0108944
-0.00315386           0  0.00465944 -0.00379923
 0.00349639 -0.00465944           0  0.00654032
  0.0108944  0.00379923 -0.00654032           0
Repeater9[0]<--->HoM5[0]
REAL
    0.479895  -0.00609985 -0.000784366     0.438764
 -0.00609985    0.0212164  -0.00162681   0.00468827
-0.000784366  -0.00162681    0.0204082   0.00640015
    0.438764   0.00468827   0.00640015     0.478481
IMAGINARY
           0  -0.00278631   0.00179822    0.0102154
  0.00278631            0  0.000980085   0.00378392
 -0.00179822 -0.000980085            0  -0.00419136
  -0.0102154  -0.00378392   0.00419136            0
Repeater10[0]<--->HoM5[0]
REAL
    0.479895 -0.000784366  -0.00609985     0.438764
-0.000784366    0.0204082  -0.00162681   0.00640015
 -0.00609985  -0.00162681    0.0212164   0.00468827
    0.438764   0.00640015   0.00468827     0.478481
IMAGINARY
           0   0.00179822  -0.00278631    0.0102154
 -0.00179822            0 -0.000980085  -0.00419136
  0.00278631  0.000980085            0   0.00378392
  -0.0102154   0.00419136  -0.00378392            0
Repeater10[0]<--->Repeater11[0]
REAL
   0.496414 -0.00697737 -0.00672164     0.49218
-0.00697737  0.00179283 0.000674446 -0.00430326
-0.00672164 0.000674446  0.00159363 -0.00588502
    0.49218 -0.00430326 -0.00588502    0.500199
IMAGINARY
          0 -0.00440018   0.0010844  0.00537964
 0.00440018           0  0.00230964 -0.00365255
 -0.0010844 -0.00230964           0  0.00637568
-0.00537964  0.00365255 -0.00637568           0
Repeater11[0]<--->Repeater10[0]
REAL
   0.496414 -0.00672164 -0.00697737     0.49218
-0.00672164  0.00159363 0.000674446 -0.00588502
-0.00697737 0.000674446  0.00179283 -0.00430326
    0.49218 -0.00588502 -0.00430326    0.500199
IMAGINARY
          0   0.0010844 -0.00440018  0.00537964
 -0.0010844           0 -0.00230964  0.00637568
 0.00440018  0.00230964           0 -0.00365255
-0.00537964 -0.00637568  0.00365255           0
Repeater11[0]<--->HoM6[0]
REAL
   0.496258 -0.00158394 0.000419324    0.494628
-0.00158394  0.00295392 0.000479762 -0.00368064
0.000419324 0.000479762   0.0035447 -0.00208504
   0.494628 -0.00368064 -0.00208504    0.497243
IMAGINARY
           0  0.000183184    0.0090217   0.00425699
-0.000183184            0  -0.00333087  -0.00700394
  -0.0090217   0.00333087            0  -0.00119206
 -0.00425699   0.00700394   0.00119206            0
EndNode1[0]<--->Repeater1[0]
REAL
   0.497475 -0.00198057  0.00270594    0.488552
-0.00198057  0.00242375 -0.00188256 -0.00688421
 0.00270594 -0.00188256  0.00545344 -0.00040701
   0.488552 -0.00688421 -0.00040701    0.494648
IMAGINARY
           0   0.00173852  -0.00146189    0.0015109
 -0.00173852            0   0.00262133  0.000465478
  0.00146189  -0.00262133            0   0.00125072
  -0.0015109 -0.000465478  -0.00125072            0
EndNode2[0]<--->HoM6[0]
REAL
    0.488708  -0.00586525  -0.00343601     0.493749
 -0.00586525   0.00237718  0.000399525  -0.00524034
 -0.00343601  0.000399525   0.00277338 -0.000995121
    0.493749  -0.00524034 -0.000995121     0.506141
IMAGINARY
          0 -2.9506e-05 -0.00464783 -0.00330363
 2.9506e-05           0 -0.00949125  0.00686468
 0.00464783  0.00949125           0 -0.00279194
 0.00330363 -0.00686468  0.00279194           0
Repeater1[0]<--->EndNode1[0]
REAL
   0.497475  0.00270594 -0.00198057    0.488552
 0.00270594  0.00545344 -0.00188256 -0.00040701
-0.00198057 -0.00188256  0.00242375 -0.00688421
   0.488552 -0.00040701 -0.00688421    0.494648
IMAGINARY
           0  -0.00146189   0.00173852    0.0015109
  0.00146189            0  -0.00262133   0.00125072
 -0.00173852   0.00262133            0  0.000465478
  -0.0015109  -0.00125072 -0.000465478            0
Repeater1[0]<--->HoM1[0]
REAL
   0.504407  0.00169375  0.00196495    0.489023
 0.00169375  0.00360577 0.000669498   0.0034804
 0.00196495 0.000669498  0.00280449  0.00200131
   0.489023   0.0034804  0.00200131    0.489183
IMAGINARY
          0  0.00712539 -0.00672537  0.00213715
-0.00712539           0  -0.0113872  -0.0051183
 0.00672537   0.0113872           0  0.00491567
-0.00213715   0.0051183 -0.00491567           0
Repeater2[0]<--->HoM1[0]
REAL
   0.504407  0.00196495  0.00169375    0.489023
 0.00196495  0.00280449 0.000669498  0.00200131
 0.00169375 0.000669498  0.00360577   0.0034804
   0.489023  0.00200131   0.0034804    0.489183
IMAGINARY
          0 -0.00672537  0.00712539  0.00213715
 0.00672537           0   0.0113872  0.00491567
-0.00712539  -0.0113872           0  -0.0051183
-0.00213715 -0.00491567   0.0051183           0
Repeater2[0]<--->Repeater3[0]
REAL
    0.498523   -0.0163306  -0.00508508     0.478688
  -0.0163306   0.00807564 -0.000879233  -0.00749665
 -0.00508508 -0.000879233   0.00630293   0.00256006
    0.478688  -0.00749665   0.00256006     0.487099
IMAGINARY
           0  -0.00312722   0.00115996   0.00283046
  0.00312722            0  -0.00391677 -4.72794e-05
 -0.00115996   0.00391677            0  -0.00102006
 -0.00283046  4.72794e-05   0.00102006            0
Repeater3[0]<--->Repeater2[0]
REAL
    0.498523  -0.00508508   -0.0163306     0.478688
 -0.00508508   0.00630293 -0.000879233   0.00256006
  -0.0163306 -0.000879233   0.00807564  -0.00749665
    0.478688   0.00256006  -0.00749665     0.487099
IMAGINARY
           0   0.00115996  -0.00312722   0.00283046
 -0.00115996            0   0.00391677  -0.00102006
  0.00312722  -0.00391677            0 -4.72794e-05
 -0.00283046   0.00102006  4.72794e-05            0
Repeater3[0]<--->HoM2[0]
REAL
    0.489148   0.00493304  -0.00343147     0.476616
  0.00493304   0.00716626   0.00278412 -0.000982891
 -0.00343147   0.00278412   0.00696151  -0.00561972
    0.476616 -0.000982891  -0.00561972     0.496724
IMAGINARY
           0   0.00165055  0.000273251   0.00144368
 -0.00165055            0     0.010054  -0.00346942
-0.000273251    -0.010054            0  -0.00065175
 -0.00144368   0.00346942   0.00065175            0
Repeater4[0]<--->HoM2[0]
REAL
    0.489148  -0.00343147   0.00493304     0.476616
 -0.00343147   0.00696151   0.00278412  -0.00561972
  0.00493304   0.00278412   0.00716626 -0.000982891
    0.476616  -0.00561972 -0.000982891     0.496724
IMAGINARY
           0  0.000273251   0.00165055   0.00144368
-0.000273251            0    -0.010054  -0.00065175
 -0.00165055     0.010054            0  -0.00346942
 -0.00144368   0.00065175   0.00346942            0
Repeater4[0]<--->Repeater5[0]
REAL
   0.490767   0.0036173 -0.00381501    0.468083
  0.0036173   0.0104376 -0.00101937  0.00250161
-0.00381501 -0.00101937   0.0120434 -0.00392039
   0.468083  0.00250161 -0.00392039    0.486752
IMAGINARY
          0  0.00148108  0.00201081  0.00190516
-0.00148108           0  0.00241195 -0.00943802
-0.00201081 -0.00241195           0  0.00277719
-0.00190516  0.00943802 -0.00277719           0
Repeater5[0]<--->Repeater4[0]
REAL
   0.490767 -0.00381501   0.0036173    0.468083
-0.00381501   0.0120434 -0.00101937 -0.00392039
  0.0036173 -0.00101937   0.0104376  0.00250161
   0.468083 -0.00392039  0.00250161    0.486752
IMAGINARY
          0  0.00201081  0.00148108  0.00190516
-0.00201081           0 -0.00241195  0.00277719
-0.00148108  0.00241195           0 -0.00943802
-0.00190516 -0.00277719  0.00943802           0
Repeater5[0]<--->HoM3[0]
REAL
   0.491751  0.00761769   0.0147117    0.466739
 0.00761769   0.0135162 -0.00169038 -0.00602384
  0.0147117 -0.00169038   0.0117273  0.00206874
   0.466739 -0.00602384  0.00206874    0.483005
IMAGINARY
           0  -0.00311141   0.00523576  0.000105804
  0.00311141            0  -0.00100061   0.00644935
 -0.00523576   0.00100061            0  -0.00652369
-0.000105804  -0.00644935   0.00652369            0
Repeater6[0]<--->HoM3[0]
REAL
   0.491751   0.0147117  0.00761769    0.466739
  0.0147117   0.0117273 -0.00169038  0.00206874
 0.00761769 -0.00169038   0.0135162 -0.00602384
   0.466739  0.00206874 -0.00602384    0.483005
IMAGINARY
           0   0.00523576  -0.00311141  0.000105804
 -0.00523576            0   0.00100061  -0.00652369
  0.00311141  -0.00100061            0   0.00644935
-0.000105804   0.00652369  -0.00644935            0
Repeater6[0]<--->Repeater7[0]
REAL
    0.500202  -0.00634858   -0.0050896     0.458582
 -0.00634858    0.0161812 -0.000174142  -0.00220894
  -0.0050896 -0.000174142    0.0171926  0.000249802
    0.458582  -0.00220894  0.000249802     0.466424
IMAGINARY
          0 -0.00193549  0.00582081 -0.00308539
 0.00193549           0  0.00538585  -0.0025701
-0.00582081 -0.00538585           0 -0.00233106
 0.00308539   0.0025701  0.00233106           0
Repeater7[0]<--->Repeater6[0]
REAL
    0.500202   -0.0050896  -0.00634858     0.458582
  -0.0050896    0.0171926 -0.000174142  0.000249802
 -0.00634858 -0.000174142    0.0161812  -0.00220894
    0.458582  0.000249802  -0.00220894     0.466424
IMAGINARY
          0  0.00582081 -0.00193549 -0.00308539
-0.00582081           0 -0.00538585 -0.00233106
 0.00193549  0.00538585           0  -0.0025701
 0.00308539  0.00233106   0.0025701           0
Repeater7[0]<--->HoM4[0]
REAL
   0.476733 -0.00201343  0.00634881    0.455328
-0.00201343   0.0131553  0.00190523 -0.00747425
 0.00634881  0.00190523    0.012959  0.00232037
   0.455328 -0.00747425  0.00232037    0.497153
IMAGINARY
          0 -0.00847532 -0.00140617 -0.00914267
 0.00847532           0  0.00195498 -0.00150489
 0.00140617 -0.00195498           0  0.00616655
 0.00914267  0.00150489 -0.00616655           0
Repeater8[0]<--->HoM4[0]
REAL
   0.476733  0.00634881 -0.00201343    0.455328
 0.00634881    0.012959  0.00190523  0.00232037
-0.00201343  0.00190523   0.0131553 -0.00747425
   0.455328  0.00232037 -0.00747425    0.497153
IMAGINARY
          0 -0.00140617 -0.00847532 -0.00914267
 0.00140617           0 -0.00195498  0.00616655
 0.00847532  0.00195498           0 -0.00150489
 0.00914267 -0.00616655  0.00150489           0
Repeater8[0]<--->Repeater9[0]
REAL
   0.487825 -0.00502044  0.00794885     0.44616
-0.00502044   0.0181123 -0.00642065 -0.00264354
 0.00794885 -0.00642065   0.0213323  0.00732274
    0.44616 -0.00264354  0.00732274    0.472731
IMAGINARY
           0  -0.00775486   0.00200664  0.000522019
  0.00775486            0  -0.00517456   0.00339552
 -0.00200664   0.00517456            0  -0.00224915
-0.000522019  -0.00339552   0.00224915            0
