EndNode1[0]<--->Repeater1[0]
REAL
   0.359094 -0.00110487  -0.0117499    0.294701
-0.00110487    0.131701    0.065778  0.00236868
 -0.0117499    0.065778    0.133724 -0.00208874
   0.294701  0.00236868 -0.00208874     0.37548
IMAGINARY
           0 -3.82974e-05  -0.00197802  -0.00609953
 3.82974e-05            0  0.000691468    0.0025831
  0.00197802 -0.000691468            0    0.0115349
  0.00609953   -0.0025831   -0.0115349            0
EndNode2[0]<--->HoM6[0]
REAL
   0.447124 -0.00396061 -0.00388112    0.418674
-0.00396061   0.0587073   0.0444067 -0.00227211
-0.00388112   0.0444067   0.0589049 -0.00536849
   0.418674 -0.00227211 -0.00536849    0.435264
IMAGINARY
           0 -0.000494833  -0.00253973   0.00580538
 0.000494833            0    0.0127206   0.00021509
  0.00253973   -0.0127206            0   0.00322376
 -0.00580538  -0.00021509  -0.00322376            0
Repeater1[0]<--->EndNode1[0]
REAL
   0.359094  -0.0117499 -0.00110487    0.294701
 -0.0117499    0.133724    0.065778 -0.00208874
-0.00110487    0.065778    0.131701  0.00236868
   0.294701 -0.00208874  0.00236868     0.37548
IMAGINARY
           0  -0.00197802 -3.82974e-05  -0.00609953
  0.00197802            0 -0.000691468    0.0115349
 3.82974e-05  0.000691468            0    0.0025831
  0.00609953   -0.0115349   -0.0025831            0
Repeater1[0]<--->HoM1[0]
REAL
    0.361505  -0.00555416  -0.00213303     0.296998
 -0.00555416     0.133767     0.060829   0.00422675
 -0.00213303     0.060829     0.132191 -0.000926396
    0.296998   0.00422675 -0.000926396     0.372537
IMAGINARY
          0 -0.00172016    -0.00305 -0.00669796
 0.00172016           0  0.00546845  0.00629867
    0.00305 -0.00546845           0 -0.00349741
 0.00669796 -0.00629867  0.00349741           0
Repeater2[0]<--->HoM1[0]
REAL
    0.361505  -0.00213303  -0.00555416     0.296998
 -0.00213303     0.132191     0.060829 -0.000926396
 -0.00555416     0.060829     0.133767   0.00422675
    0.296998 -0.000926396   0.00422675     0.372537
IMAGINARY
          0    -0.00305 -0.00172016 -0.00669796
    0.00305           0 -0.00546845 -0.00349741
 0.00172016  0.00546845           0  0.00629867
 0.00669796  0.00349741 -0.00629867           0
Repeater2[0]<--->Repeater3[0]
REAL
  0.299535 0.00809817 0.00890501    0.11178
0.00809817   0.224651  0.0462257 -0.0025606
0.00890501  0.0462257   0.214329 0.00469136
   0.11178 -0.0025606 0.00469136   0.261486
IMAGINARY
           0  0.000284336  -0.00994005    0.0064706
-0.000284336            0  -0.00291007  -0.00130898
  0.00994005   0.00291007            0    -0.005327
  -0.0064706   0.00130898     0.005327            0
Repeater3[0]<--->Repeater2[0]
REAL
  0.299535 0.00890501 0.00809817    0.11178
0.00890501   0.214329  0.0462257 0.00469136
0.00809817  0.0462257   0.224651 -0.0025606
   0.11178 0.00469136 -0.0025606   0.261486
IMAGINARY
           0  -0.00994005  0.000284336    0.0064706
  0.00994005            0   0.00291007    -0.005327
-0.000284336  -0.00291007            0  -0.00130898
  -0.0064706     0.005327   0.00130898            0
Repeater3[0]<--->HoM2[0]
REAL
    0.280849  -0.00309712   0.00534853     0.115891
 -0.00309712     0.228566    0.0511733  -0.00842943
  0.00534853    0.0511733     0.215745 -0.000182547
    0.115891  -0.00842943 -0.000182547      0.27484
IMAGINARY
           0  5.68766e-05   0.00769956   0.00167182
-5.68766e-05            0   0.00651835   0.00250857
 -0.00769956  -0.00651835            0  -0.00669711
 -0.00167182  -0.00250857   0.00669711            0
Repeater4[0]<--->HoM2[0]
REAL
    0.280849   0.00534853  -0.00309712     0.115891
  0.00534853     0.215745    0.0511733 -0.000182547
 -0.00309712    0.0511733     0.228566  -0.00842943
    0.115891 -0.000182547  -0.00842943      0.27484
IMAGINARY
           0   0.00769956  5.68766e-05   0.00167182
 -0.00769956            0  -0.00651835  -0.00669711
-5.68766e-05   0.00651835            0   0.00250857
 -0.00167182   0.00669711  -0.00250857            0
Repeater4[0]<--->Repeater5[0]
REAL
   0.26969 0.00204812 0.00809116  0.0411601
0.00204812   0.237295  0.0149175 0.00304265
0.00809116  0.0149175   0.242762  0.0125586
 0.0411601 0.00304265  0.0125586   0.250253
IMAGINARY
           0   0.00396835   0.00644234   0.00328316
 -0.00396835            0   -0.0011451  -0.00306261
 -0.00644234    0.0011451            0 -0.000389816
 -0.00328316   0.00306261  0.000389816            0
Repeater5[0]<--->Repeater4[0]
REAL
   0.26969 0.00809116 0.00204812  0.0411601
0.00809116   0.242762  0.0149175  0.0125586
0.00204812  0.0149175   0.237295 0.00304265
 0.0411601  0.0125586 0.00304265   0.250253
IMAGINARY
           0   0.00644234   0.00396835   0.00328316
 -0.00644234            0    0.0011451 -0.000389816
 -0.00396835   -0.0011451            0  -0.00306261
 -0.00328316  0.000389816   0.00306261            0
Repeater5[0]<--->HoM3[0]
REAL
   0.263254 -0.00888416 -0.00142644   0.0339431
-0.00888416    0.232667   0.0307697  0.00260661
-0.00142644   0.0307697    0.245106  0.00396677
  0.0339431  0.00260661  0.00396677    0.258972
IMAGINARY
          0  0.00250134 -0.00885166 -0.00090084
-0.00250134           0 -0.00199974  -0.0111801
 0.00885166  0.00199974           0  0.00106867
 0.00090084   0.0111801 -0.00106867           0
Repeater6[0]<--->HoM3[0]
REAL
   0.263254 -0.00142644 -0.00888416   0.0339431
-0.00142644    0.245106   0.0307697  0.00396677
-0.00888416   0.0307697    0.232667  0.00260661
  0.0339431  0.00396677  0.00260661    0.258972
IMAGINARY
          0 -0.00885166  0.00250134 -0.00090084
 0.00885166           0  0.00199974  0.00106867
-0.00250134 -0.00199974           0  -0.0111801
 0.00090084 -0.00106867   0.0111801           0
Repeater6[0]<--->Repeater7[0]
REAL
   0.26087 0.00968344 -0.0138218   0.027735
0.00968344   0.249898  0.0190562  0.0103447
-0.0138218  0.0190562   0.240756 0.00293329
  0.027735  0.0103447 0.00293329   0.248476
IMAGINARY
          0 -0.00439574  0.00777663  0.00382307
 0.00439574           0  0.00282507  -0.0103292
-0.00777663 -0.00282507           0  0.00858198
-0.00382307   0.0103292 -0.00858198           0
Repeater7[0]<--->Repeater6[0]
REAL
   0.26087 -0.0138218 0.00968344   0.027735
-0.0138218   0.240756  0.0190562 0.00293329
0.00968344  0.0190562   0.249898  0.0103447
  0.027735 0.00293329  0.0103447   0.248476
IMAGINARY
          0  0.00777663 -0.00439574  0.00382307
-0.00777663           0 -0.00282507  0.00858198
 0.00439574  0.00282507           0  -0.0103292
-0.00382307 -0.00858198   0.0103292           0
Repeater7[0]<--->HoM4[0]
REAL
    0.25247  0.00516503 -0.00163372   0.0206814
 0.00516503    0.247429   0.0276543  0.00591915
-0.00163372   0.0276543    0.248437 -0.00406876
  0.0206814  0.00591915 -0.00406876    0.251664
IMAGINARY
           0   0.00103671 -0.000453808  0.000813141
 -0.00103671            0   0.00474241  -0.00446826
 0.000453808  -0.00474241            0   -0.0026774
-0.000813141   0.00446826    0.0026774            0
Repeater8[0]<--->HoM4[0]
REAL
    0.25247 -0.00163372  0.00516503   0.0206814
-0.00163372    0.248437   0.0276543 -0.00406876
 0.00516503   0.0276543    0.247429  0.00591915
  0.0206814 -0.00406876  0.00591915    0.251664
IMAGINARY
           0 -0.000453808   0.00103671  0.000813141
 0.000453808            0  -0.00474241   -0.0026774
 -0.00103671   0.00474241            0  -0.00446826
-0.000813141    0.0026774   0.00446826            0
Repeater8[0]<--->Repeater9[0]
REAL
   0.248039 -0.00695749 -0.00546245  0.00656314
-0.00695749    0.240394   0.0115378  0.00536354
-0.00546245   0.0115378    0.254878   0.0036934
 0.00656314  0.00536354   0.0036934    0.256689
IMAGINARY
           0   0.00955787    0.0116658   0.00204468
 -0.00955787            0  -0.00204468   0.00163369
  -0.0116658   0.00204468            0  0.000898986
 -0.00204468  -0.00163369 -0.000898986            0
Repeater9[0]<--->Repeater8[0]
REAL
   0.248039 -0.00546245 -0.00695749  0.00656314
-0.00546245    0.254878   0.0115378   0.0036934
-0.00695749   0.0115378    0.240394  0.00536354
 0.00656314   0.0036934  0.00536354    0.256689
IMAGINARY
           0    0.0116658   0.00955787   0.00204468
  -0.0116658            0   0.00204468  0.000898986
 -0.00955787  -0.00204468            0   0.00163369
 -0.00204468 -0.000898986  -0.00163369            0
Repeater9[0]<--->HoM5[0]
REAL
   0.253854    0.004304 -0.00354434   0.0146685
   0.004304    0.246046   0.0131889  0.00333951
-0.00354434   0.0131889    0.250851   0.0047087
  0.0146685  0.00333951   0.0047087    0.249249
IMAGINARY
           0    0.0018818  -0.00558996   -0.0094863
  -0.0018818            0  -0.00361546  -0.00812083
  0.00558996   0.00361546            0  0.000978727
   0.0094863   0.00812083 -0.000978727            0
Repeater10[0]<--->HoM5[0]
REAL
   0.253854 -0.00354434    0.004304   0.0146685
-0.00354434    0.250851   0.0131889   0.0047087
   0.004304   0.0131889    0.246046  0.00333951
  0.0146685   0.0047087  0.00333951    0.249249
IMAGINARY
           0  -0.00558996    0.0018818   -0.0094863
  0.00558996            0   0.00361546  0.000978727
  -0.0018818  -0.00361546            0  -0.00812083
   0.0094863 -0.000978727   0.00812083            0
Repeater10[0]<--->Repeater11[0]
REAL
   0.447326 -0.00523386  0.00135438    0.419922
-0.00523386   0.0591074    0.043718 -0.00961804
 0.00135438    0.043718   0.0570969 -0.00361312
   0.419922 -0.00961804 -0.00361312     0.43647
IMAGINARY
          0 -0.00544038  0.00797069 -0.00360306
 0.00544038           0   0.0112163  0.00426847
-0.00797069  -0.0112163           0  -0.0126174
 0.00360306 -0.00426847   0.0126174           0
Repeater11[0]<--->Repeater10[0]
REAL
   0.447326  0.00135438 -0.00523386    0.419922
 0.00135438   0.0570969    0.043718 -0.00361312
-0.00523386    0.043718   0.0591074 -0.00961804
   0.419922 -0.00361312 -0.00961804     0.43647
IMAGINARY
          0  0.00797069 -0.00544038 -0.00360306
-0.00797069           0  -0.0112163  -0.0126174
 0.00544038   0.0112163           0  0.00426847
 0.00360306   0.0126174 -0.00426847           0
Repeater11[0]<--->HoM6[0]
REAL
   0.447124 -0.00388112 -0.00396061    0.418674
-0.00388112   0.0589049   0.0444067 -0.00536849
-0.00396061   0.0444067   0.0587073 -0.00227211
   0.418674 -0.00536849 -0.00227211    0.435264
IMAGINARY
           0  -0.00253973 -0.000494833   0.00580538
  0.00253973            0   -0.0127206   0.00322376
 0.000494833    0.0127206            0   0.00021509
 -0.00580538  -0.00322376  -0.00021509            0
EndNode1[0]<--->Repeater1[0]
REAL
   0.362066 -0.00174979  0.00259352    0.295052
-0.00174979    0.136048   0.0607075  0.00101249
 0.00259352   0.0607075    0.132473  0.00700428
   0.295052  0.00101249  0.00700428    0.369414
IMAGINARY
          0 -0.00189672   0.0110545  0.00616503
 0.00189672           0  0.00418796 -0.00593434
 -0.0110545 -0.00418796           0   0.0024875
-0.00616503  0.00593434  -0.0024875           0
EndNode2[0]<--->HoM6[0]
REAL
  0.444265 0.00659654 0.00434833   0.418756
0.00659654  0.0617034  0.0403615 0.00405077
0.00434833  0.0403615  0.0625126 0.00382645
  0.418756 0.00405077 0.00382645   0.431519
IMAGINARY
           0 -0.000286251 -0.000969693  -0.00190394
 0.000286251            0  0.000808539   0.00336586
 0.000969693 -0.000808539            0   0.00248274
  0.00190394  -0.00336586  -0.00248274            0
Repeater1[0]<--->EndNode1[0]
REAL
   0.362066  0.00259352 -0.00174979    0.295052
 0.00259352    0.132473   0.0607075  0.00700428
-0.00174979   0.0607075    0.136048  0.00101249
   0.295052  0.00700428  0.00101249    0.369414
IMAGINARY
          0   0.0110545 -0.00189672  0.00616503
 -0.0110545           0 -0.00418796   0.0024875
 0.00189672  0.00418796           0 -0.00593434
-0.00616503  -0.0024875  0.00593434           0
Repeater1[0]<--->HoM1[0]
REAL
   0.362498   -0.006676 -0.00860295    0.289447
  -0.006676     0.13104   0.0685447 -0.00278544
-0.00860295   0.0685447     0.13283 -0.00253375
   0.289447 -0.00278544 -0.00253375    0.373633
IMAGINARY
          0 -0.00708797  0.00537094  0.00357071
 0.00708797           0 -0.00768966 -0.00247615
-0.00537094  0.00768966           0  0.00339462
-0.00357071  0.00247615 -0.00339462           0
Repeater2[0]<--->HoM1[0]
REAL
   0.362498 -0.00860295   -0.006676    0.289447
-0.00860295     0.13283   0.0685447 -0.00253375
  -0.006676   0.0685447     0.13104 -0.00278544
   0.289447 -0.00253375 -0.00278544    0.373633
IMAGINARY
          0  0.00537094 -0.00708797  0.00357071
-0.00537094           0  0.00768966  0.00339462
 0.00708797 -0.00768966           0 -0.00247615
-0.00357071 -0.00339462  0.00247615           0
Repeater2[0]<--->Repeater3[0]
REAL
    0.289864 -0.000897129   0.00792259      0.11904
-0.000897129      0.22051    0.0406487   0.00563403
  0.00792259    0.0406487     0.215768   0.00508373
     0.11904   0.00563403   0.00508373     0.273859
IMAGINARY
           0  -0.00749395  0.000660479  -0.00660628
  0.00749395            0  -0.00202826  -0.00553457
-0.000660479   0.00202826            0  0.000182819
  0.00660628   0.00553457 -0.000182819            0
Repeater3[0]<--->Repeater2[0]
REAL
    0.289864   0.00792259 -0.000897129      0.11904
  0.00792259     0.215768    0.0406487   0.00508373
-0.000897129    0.0406487      0.22051   0.00563403
     0.11904   0.00508373   0.00563403     0.273859
IMAGINARY
           0  0.000660479  -0.00749395  -0.00660628
-0.000660479            0   0.00202826  0.000182819
  0.00749395  -0.00202826            0  -0.00553457
  0.00660628 -0.000182819   0.00553457            0
Repeater3[0]<--->HoM2[0]
REAL
  0.279992 0.00438324 0.00588098   0.108451
0.00438324   0.219404  0.0510383 0.00608074
0.00588098  0.0510383   0.219605 0.00518613
  0.108451 0.00608074 0.00518613   0.280998
IMAGINARY
           0  -0.00104088   -0.0104092   0.00235196
  0.00104088            0  -0.00275519  -0.00700374
   0.0104092   0.00275519            0  0.000145359
 -0.00235196   0.00700374 -0.000145359            0
Repeater4[0]<--->HoM2[0]
REAL
  0.279992 0.00588098 0.00438324   0.108451
0.00588098   0.219605  0.0510383 0.00518613
0.00438324  0.0510383   0.219404 0.00608074
  0.108451 0.00518613 0.00608074   0.280998
IMAGINARY
           0   -0.0104092  -0.00104088   0.00235196
   0.0104092            0   0.00275519  0.000145359
  0.00104088  -0.00275519            0  -0.00700374
 -0.00235196 -0.000145359   0.00700374            0
Repeater4[0]<--->Repeater5[0]
REAL
   0.253513 -0.00174337 -0.00630067   0.0343856
-0.00174337     0.24448   0.0252309  0.00160724
-0.00630067   0.0252309     0.24167  -0.0023509
  0.0343856  0.00160724  -0.0023509    0.260337
IMAGINARY
           0 -3.20927e-05   0.00510936    0.0012541
 3.20927e-05            0  -0.00849465   0.00988869
 -0.00510936   0.00849465            0   0.00607027
  -0.0012541  -0.00988869  -0.00607027            0
Repeater5[0]<--->Repeater4[0]
REAL
   0.253513 -0.00630067 -0.00174337   0.0343856
-0.00630067     0.24167   0.0252309  -0.0023509
-0.00174337   0.0252309     0.24448  0.00160724
  0.0343856  -0.0023509  0.00160724    0.260337
IMAGINARY
           0   0.00510936 -3.20927e-05    0.0012541
 -0.00510936            0   0.00849465   0.00607027
 3.20927e-05  -0.00849465            0   0.00988869
  -0.0012541  -0.00607027  -0.00988869            0
Repeater5[0]<--->HoM3[0]
REAL
    0.251755   0.00691211   0.00576384    0.0473183
  0.00691211     0.239519    0.0289461 -0.000984869
  0.00576384    0.0289461      0.24654   0.00184934
   0.0473183 -0.000984869   0.00184934     0.262187
IMAGINARY
           0  0.000270999   0.00415791  -0.00116096
-0.000270999            0   0.00175596  -0.00356526
 -0.00415791  -0.00175596            0  -0.00204895
  0.00116096   0.00356526   0.00204895            0
Repeater6[0]<--->HoM3[0]
REAL
    0.251755   0.00576384   0.00691211    0.0473183
  0.00576384      0.24654    0.0289461   0.00184934
  0.00691211    0.0289461     0.239519 -0.000984869
   0.0473183   0.00184934 -0.000984869     0.262187
IMAGINARY
           0   0.00415791  0.000270999  -0.00116096
 -0.00415791            0  -0.00175596  -0.00204895
-0.000270999   0.00175596            0  -0.00356526
  0.00116096   0.00204895   0.00356526            0
Repeater6[0]<--->Repeater7[0]
REAL
   0.260861 -0.00271631 0.000349264   0.0238217
-0.00271631    0.235117   0.0257545 -0.00813558
0.000349264   0.0257545    0.246782 -0.00211318
  0.0238217 -0.00813558 -0.00211318    0.257241
IMAGINARY
           0  -0.00508653  -0.00712888   0.00407421
  0.00508653            0  3.21687e-05   0.00153376
  0.00712888 -3.21687e-05            0   -0.0053916
 -0.00407421  -0.00153376    0.0053916            0
Repeater7[0]<--->Repeater6[0]
REAL
   0.260861 0.000349264 -0.00271631   0.0238217
0.000349264    0.246782   0.0257545 -0.00211318
-0.00271631   0.0257545    0.235117 -0.00813558
  0.0238217 -0.00211318 -0.00813558    0.257241
IMAGINARY
           0  -0.00712888  -0.00508653   0.00407421
  0.00712888            0 -3.21687e-05   -0.0053916
  0.00508653  3.21687e-05            0   0.00153376
 -0.00407421    0.0053916  -0.00153376            0
Repeater7[0]<--->HoM4[0]
REAL
    0.259319  -0.00160974   0.00194843    0.0136607
 -0.00160974     0.249699    0.0170553   0.00557802
  0.00194843    0.0170553     0.238277 -0.000424436
   0.0136607   0.00557802 -0.000424436     0.252705
IMAGINARY
           0  -0.00402145 -0.000217725 -0.000623149
  0.00402145            0  -0.00340424  -0.00497397
 0.000217725   0.00340424            0   -0.0057629
 0.000623149   0.00497397    0.0057629            0
Repeater8[0]<--->HoM4[0]
REAL
    0.259319   0.00194843  -0.00160974    0.0136607
  0.00194843     0.238277    0.0170553 -0.000424436
 -0.00160974    0.0170553     0.249699   0.00557802
   0.0136607 -0.000424436   0.00557802     0.252705
IMAGINARY
           0 -0.000217725  -0.00402145 -0.000623149
 0.000217725            0   0.00340424   -0.0057629
  0.00402145  -0.00340424            0  -0.00497397
 0.000623149    0.0057629   0.00497397            0
Repeater8[0]<--->Repeater9[0]
REAL
   0.257057 -0.00462578 -0.00185003    0.014092
-0.00462578    0.256256   0.0111585 -0.00316078
-0.00185003   0.0111585    0.248849 -0.00352907
   0.014092 -0.00316078 -0.00352907    0.237838
IMAGINARY
          0  0.00309046 -0.00327694 -0.00397172
-0.00309046           0  0.00147622 -0.00876029
 0.00327694 -0.00147622           0 -0.00258469
 0.00397172  0.00876029  0.00258469           0
Repeater9[0]<--->Repeater8[0]
REAL
   0.257057 -0.00185003 -0.00462578    0.014092
-0.00185003    0.248849   0.0111585 -0.00352907
-0.00462578   0.0111585    0.256256 -0.00316078
   0.014092 -0.00352907 -0.00316078    0.237838
IMAGINARY
          0 -0.00327694  0.00309046 -0.00397172
 0.00327694           0 -0.00147622 -0.00258469
-0.00309046  0.00147622           0 -0.00876029
 0.00397172  0.00258469  0.00876029           0
Repeater9[0]<--->HoM5[0]
REAL
   0.254143  0.00454454 -0.00464336  0.00985802
 0.00454454    0.250549   0.0122677 -0.00535866
-0.00464336   0.0122677    0.241366  0.00303275
 0.00985802 -0.00535866  0.00303275    0.253943
IMAGINARY
          0 -0.00236301   0.0103023  0.00409593
 0.00236301           0 -0.00359941 -0.00427817
 -0.0103023  0.00359941           0  0.00316622
-0.00409593  0.00427817 -0.00316622           0
Repeater10[0]<--->HoM5[0]
REAL
   0.254143 -0.00464336  0.00454454  0.00985802
-0.00464336    0.241366   0.0122677  0.00303275
 0.00454454   0.0122677    0.250549 -0.00535866
 0.00985802  0.00303275 -0.00535866    0.253943
IMAGINARY
          0   0.0103023 -0.00236301  0.00409593
 -0.0103023           0  0.00359941  0.00316622
 0.00236301 -0.00359941           0 -0.00427817
-0.00409593 -0.00316622  0.00427817           0
Repeater10[0]<--->Repeater11[0]
REAL
   0.442708   0.0033198  0.00753866    0.423226
  0.0033198   0.0580929    0.039156 -0.00120191
 0.00753866    0.039156   0.0598958  0.00362046
   0.423226 -0.00120191  0.00362046    0.439303
IMAGINARY
           0   0.00264798   -0.0192579   0.00338929
 -0.00264798            0 -0.000698443  0.000814403
   0.0192579  0.000698443            0   0.00363495
 -0.00338929 -0.000814403  -0.00363495            0
Repeater11[0]<--->Repeater10[0]
REAL
   0.442708  0.00753866   0.0033198    0.423226
 0.00753866   0.0598958    0.039156  0.00362046
  0.0033198    0.039156   0.0580929 -0.00120191
   0.423226  0.00362046 -0.00120191    0.439303
IMAGINARY
           0   -0.0192579   0.00264798   0.00338929
   0.0192579            0  0.000698443   0.00363495
 -0.00264798 -0.000698443            0  0.000814403
 -0.00338929  -0.00363495 -0.000814403            0
Repeater11[0]<--->HoM6[0]
REAL
  0.444265 0.00434833 0.00659654   0.418756
0.00434833  0.0625126  0.0403615 0.00382645
0.00659654  0.0403615  0.0617034 0.00405077
  0.418756 0.00382645 0.00405077   0.431519
IMAGINARY
           0 -0.000969693 -0.000286251  -0.00190394
 0.000969693            0 -0.000808539   0.00248274
 0.000286251  0.000808539            0   0.00336586
  0.00190394  -0.00248274  -0.00336586            0
EndNode1[0]<--->Repeater1[0]
REAL
   0.367506  0.00413925 0.000875439    0.294239
 0.00413925    0.124101   0.0622702 -0.00450301
0.000875439   0.0622702    0.135292 -0.00615457
   0.294239 -0.00450301 -0.00615457    0.373102
IMAGINARY
           0  0.000755489  0.000136054   0.00659556
-0.000755489            0   0.00451098   0.00234755
-0.000136054  -0.00451098            0  -0.00423254
 -0.00659556  -0.00234755   0.00423254            0
EndNode2[0]<--->HoM6[0]
REAL
    0.439896   0.00907536 -6.93889e-18     0.420687
  0.00907536    0.0610074    0.0402477  6.93889e-18
-6.93889e-18    0.0402477    0.0606061  -0.00613072
    0.420687  6.93889e-18  -0.00613072     0.438491
IMAGINARY
           0  -0.00926699 -0.000405281  -0.00815517
  0.00926699            0  -0.00312903    0.0061937
 0.000405281   0.00312903            0   0.00088376
  0.00815517   -0.0061937  -0.00088376            0
Repeater1[0]<--->EndNode1[0]
REAL
   0.367506 0.000875439  0.00413925    0.294239
0.000875439    0.135292   0.0622702 -0.00615457
 0.00413925   0.0622702    0.124101 -0.00450301
   0.294239 -0.00615457 -0.00450301    0.373102
IMAGINARY
           0  0.000136054  0.000755489   0.00659556
-0.000136054            0  -0.00451098  -0.00423254
-0.000755489   0.00451098            0   0.00234755
 -0.00659556   0.00423254  -0.00234755            0
Repeater1[0]<--->HoM1[0]
REAL
     0.37929 -0.000661967  0.000178376     0.299394
-0.000661967     0.128994    0.0618742   0.00204295
 0.000178376    0.0618742     0.127022   0.00025809
    0.299394   0.00204295   0.00025809     0.364694
IMAGINARY
          0 -0.00727875  0.00414086 -0.00501645
 0.00727875           0 -0.00571575  0.00200019
-0.00414086  0.00571575           0  0.00648635
 0.00501645 -0.00200019 -0.00648635           0
Repeater2[0]<--->HoM1[0]
REAL
     0.37929  0.000178376 -0.000661967     0.299394
 0.000178376     0.127022    0.0618742   0.00025809
-0.000661967    0.0618742     0.128994   0.00204295
    0.299394   0.00025809   0.00204295     0.364694
IMAGINARY
          0  0.00414086 -0.00727875 -0.00501645
-0.00414086           0  0.00571575  0.00648635
 0.00727875 -0.00571575           0  0.00200019
 0.00501645 -0.00648635 -0.00200019           0
Repeater2[0]<--->Repeater3[0]
REAL
  0.282596 0.00145848 0.00145497    0.11108
0.00145848   0.215358  0.0394233 0.00659331
0.00145497  0.0394233   0.222179 0.00236446
   0.11108 0.00659331 0.00236446   0.279867
IMAGINARY
           0    0.0102541  -0.00838222   0.00369147
  -0.0102541            0  0.000294185  -0.00128491
  0.00838222 -0.000294185            0   0.00160562
 -0.00369147   0.00128491  -0.00160562            0
Repeater3[0]<--->Repeater2[0]
REAL
  0.282596 0.00145497 0.00145848    0.11108
0.00145497   0.222179  0.0394233 0.00236446
0.00145848  0.0394233   0.215358 0.00659331
   0.11108 0.00236446 0.00659331   0.279867
IMAGINARY
           0  -0.00838222    0.0102541   0.00369147
  0.00838222            0 -0.000294185   0.00160562
  -0.0102541  0.000294185            0  -0.00128491
 -0.00369147  -0.00160562   0.00128491            0
Repeater3[0]<--->HoM2[0]
REAL
   0.275523  -0.0122174 -0.00914115    0.114606
 -0.0122174    0.217097   0.0526444  -0.0151969
-0.00914115   0.0526444    0.220787 0.000535128
   0.114606  -0.0151969 0.000535128    0.286593
IMAGINARY
          0  0.00244742  0.00242882 -0.00690551
-0.00244742           0 -0.00299063 -0.00332972
-0.00242882  0.00299063           0  5.5079e-05
 0.00690551  0.00332972 -5.5079e-05           0
Repeater4[0]<--->HoM2[0]
REAL
   0.275523 -0.00914115  -0.0122174    0.114606
-0.00914115    0.220787   0.0526444 0.000535128
 -0.0122174   0.0526444    0.217097  -0.0151969
   0.114606 0.000535128  -0.0151969    0.286593
IMAGINARY
          0  0.00242882  0.00244742 -0.00690551
-0.00242882           0  0.00299063  5.5079e-05
-0.00244742 -0.00299063           0 -0.00332972
 0.00690551 -5.5079e-05  0.00332972           0
Repeater4[0]<--->Repeater5[0]
REAL
    0.25511  0.00284643 -0.00999482   0.0469509
 0.00284643    0.245291   0.0265489 0.000530461
-0.00999482   0.0265489    0.239078  0.00460424
  0.0469509 0.000530461  0.00460424    0.260521
IMAGINARY
           0   0.00140674   0.00395084   0.00522388
 -0.00140674            0   0.00197777  0.000571771
 -0.00395084  -0.00197777            0  -0.00633136
 -0.00522388 -0.000571771   0.00633136            0
Repeater5[0]<--->Repeater4[0]
REAL
    0.25511 -0.00999482  0.00284643   0.0469509
-0.00999482    0.239078   0.0265489  0.00460424
 0.00284643   0.0265489    0.245291 0.000530461
  0.0469509  0.00460424 0.000530461    0.260521
IMAGINARY
           0   0.00395084   0.00140674   0.00522388
 -0.00395084            0  -0.00197777  -0.00633136
 -0.00140674   0.00197777            0  0.000571771
 -0.00522388   0.00633136 -0.000571771            0
Repeater5[0]<--->HoM3[0]
REAL
   0.261162 -0.00177355 -0.00537469   0.0381668
-0.00177355    0.230146   0.0383597  0.00517643
-0.00537469   0.0383597    0.250691 -0.00238982
  0.0381668  0.00517643 -0.00238982    0.258001
IMAGINARY
          0  0.00398724 -0.00416222 -0.00551216
-0.00398724           0  0.00419182  0.00666993
 0.00416222 -0.00419182           0 -0.00321564
 0.00551216 -0.00666993  0.00321564           0
Repeater6[0]<--->HoM3[0]
REAL
   0.261162 -0.00537469 -0.00177355   0.0381668
-0.00537469    0.250691   0.0383597 -0.00238982
-0.00177355   0.0383597    0.230146  0.00517643
  0.0381668 -0.00238982  0.00517643    0.258001
IMAGINARY
          0 -0.00416222  0.00398724 -0.00551216
 0.00416222           0 -0.00419182 -0.00321564
-0.00398724  0.00419182           0  0.00666993
 0.00551216  0.00321564 -0.00666993           0
Repeater6[0]<--->Repeater7[0]
REAL
   0.261802 -0.00306637 0.000290044   0.0226708
-0.00306637    0.248426   0.0233577  -0.0023267
0.000290044   0.0233577    0.250393  0.00123338
  0.0226708  -0.0023267  0.00123338    0.239378
IMAGINARY
          0   0.0043257   0.0139885 -0.00110132
 -0.0043257           0 -0.00100162 -0.00623579
 -0.0139885  0.00100162           0  0.00224937
 0.00110132  0.00623579 -0.00224937           0
Repeater7[0]<--->Repeater6[0]
REAL
   0.261802 0.000290044 -0.00306637   0.0226708
0.000290044    0.250393   0.0233577  0.00123338
-0.00306637   0.0233577    0.248426  -0.0023267
  0.0226708  0.00123338  -0.0023267    0.239378
IMAGINARY
          0   0.0139885   0.0043257 -0.00110132
 -0.0139885           0  0.00100162  0.00224937
 -0.0043257 -0.00100162           0 -0.00623579
 0.00110132 -0.00224937  0.00623579           0
Repeater7[0]<--->HoM4[0]
REAL
   0.255006  0.00594031 -0.00162426   0.0164483
 0.00594031    0.259717   0.0210947 -0.00394141
-0.00162426   0.0210947    0.243816 3.01429e-05
  0.0164483 -0.00394141 3.01429e-05    0.241461
IMAGINARY
           0  -0.00313403  0.000538649  0.000354898
  0.00313403            0 -0.000354898  -0.00538713
-0.000538649  0.000354898            0  -0.00252253
-0.000354898   0.00538713   0.00252253            0
Repeater8[0]<--->HoM4[0]
REAL
   0.255006 -0.00162426  0.00594031   0.0164483
-0.00162426    0.243816   0.0210947 3.01429e-05
 0.00594031   0.0210947    0.259717 -0.00394141
  0.0164483 3.01429e-05 -0.00394141    0.241461
IMAGINARY
           0  0.000538649  -0.00313403  0.000354898
-0.000538649            0  0.000354898  -0.00252253
  0.00313403 -0.000354898            0  -0.00538713
-0.000354898   0.00252253   0.00538713            0
Repeater8[0]<--->Repeater9[0]
REAL
    0.259915 -0.000569786  0.000647271    0.0139506
-0.000569786     0.247433   0.00910794  -0.00613739
 0.000647271   0.00910794      0.25146   0.00446278
   0.0139506  -0.00613739   0.00446278     0.241192
IMAGINARY
           0   0.00363481 -0.000869538   0.00602183
 -0.00363481            0  -0.00388985  0.000465987
 0.000869538   0.00388985            0  -0.00282771
 -0.00602183 -0.000465987   0.00282771            0
Repeater9[0]<--->Repeater8[0]
REAL
    0.259915  0.000647271 -0.000569786    0.0139506
 0.000647271      0.25146   0.00910794   0.00446278
-0.000569786   0.00910794     0.247433  -0.00613739
   0.0139506   0.00446278  -0.00613739     0.241192
IMAGINARY
           0 -0.000869538   0.00363481   0.00602183
 0.000869538            0   0.00388985  -0.00282771
 -0.00363481  -0.00388985            0  0.000465987
 -0.00602183   0.00282771 -0.000465987            0
Repeater9[0]<--->HoM5[0]
REAL
    0.260376  -0.00629287  0.000998702   0.00942145
 -0.00629287     0.248238    0.0158533 -0.000499201
 0.000998702    0.0158533     0.241582  -0.00839245
  0.00942145 -0.000499201  -0.00839245     0.249804
IMAGINARY
          0 -0.00497873  0.00591561 -0.00343464
 0.00497873           0  0.00393294  0.00744279
-0.00591561 -0.00393294           0  0.00527558
 0.00343464 -0.00744279 -0.00527558           0
Repeater10[0]<--->HoM5[0]
REAL
    0.260376  0.000998702  -0.00629287   0.00942145
 0.000998702     0.241582    0.0158533  -0.00839245
 -0.00629287    0.0158533     0.248238 -0.000499201
  0.00942145  -0.00839245 -0.000499201     0.249804
IMAGINARY
          0  0.00591561 -0.00497873 -0.00343464
-0.00591561           0 -0.00393294  0.00527558
 0.00497873  0.00393294           0  0.00744279
 0.00343464 -0.00527558 -0.00744279           0
Repeater10[0]<--->Repeater11[0]
REAL
    0.44586 -0.00232537 -0.00124722    0.417509
-0.00232537   0.0636943    0.044506 -0.00751089
-0.00124722    0.044506    0.067078 -0.00190608
   0.417509 -0.00751089 -0.00190608    0.423368
IMAGINARY
          0 -0.00572172 -0.00183406  0.00594236
 0.00572172           0  -0.0078284  0.00567946
 0.00183406   0.0078284           0 -0.00325087
-0.00594236 -0.00567946  0.00325087           0
Repeater11[0]<--->Repeater10[0]
REAL
    0.44586 -0.00124722 -0.00232537    0.417509
-0.00124722    0.067078    0.044506 -0.00190608
-0.00232537    0.044506   0.0636943 -0.00751089
   0.417509 -0.00190608 -0.00751089    0.423368
IMAGINARY
          0 -0.00183406 -0.00572172  0.00594236
 0.00183406           0   0.0078284 -0.00325087
 0.00572172  -0.0078284           0  0.00567946
-0.00594236  0.00325087 -0.00567946           0
Repeater11[0]<--->HoM6[0]
REAL
    0.439896 -6.93889e-18   0.00907536     0.420687
-6.93889e-18    0.0606061    0.0402477  -0.00613072
  0.00907536    0.0402477    0.0610074  6.93889e-18
    0.420687  -0.00613072  6.93889e-18     0.438491
IMAGINARY
           0 -0.000405281  -0.00926699  -0.00815517
 0.000405281            0   0.00312903   0.00088376
  0.00926699  -0.00312903            0    0.0061937
  0.00815517  -0.00088376   -0.0061937            0
EndNode1[0]<--->Repeater1[0]
REAL
    0.359088   0.00196965    0.0112875      0.29368
  0.00196965     0.142627    0.0641217 -0.000457152
   0.0112875    0.0641217     0.131935  -0.00417583
     0.29368 -0.000457152  -0.00417583     0.366351
IMAGINARY
           0   -0.0101723     0.002893   0.00264773
   0.0101723            0   0.00036553  0.000769642
   -0.002893  -0.00036553            0   0.00492578
 -0.00264773 -0.000769642  -0.00492578            0
EndNode2[0]<--->HoM6[0]
REAL
   0.430899  0.00733037  0.00579118    0.417181
 0.00733037   0.0617582   0.0445123  -0.0104283
 0.00579118   0.0445123   0.0637699 -0.00954811
   0.417181  -0.0104283 -0.00954811    0.443573
IMAGINARY
           0  -0.00125588  -0.00490303   0.00117693
  0.00125588            0   0.00117693    0.0100163
  0.00490303  -0.00117693            0  0.000754575
 -0.00117693   -0.0100163 -0.000754575            0
Repeater1[0]<--->EndNode1[0]
REAL
    0.359088    0.0112875   0.00196965      0.29368
   0.0112875     0.131935    0.0641217  -0.00417583
  0.00196965    0.0641217     0.142627 -0.000457152
     0.29368  -0.00417583 -0.000457152     0.366351
IMAGINARY
           0     0.002893   -0.0101723   0.00264773
   -0.002893            0  -0.00036553   0.00492578
   0.0101723   0.00036553            0  0.000769642
 -0.00264773  -0.00492578 -0.000769642            0
Repeater1[0]<--->HoM1[0]
REAL
   0.363051  0.00300376  0.00795719    0.300357
 0.00300376    0.142483   0.0580955 -0.00237506
 0.00795719   0.0580955    0.131616 -0.00140887
   0.300357 -0.00237506 -0.00140887     0.36285
IMAGINARY
           0  -0.00487603    0.0019371   0.00231012
  0.00487603            0   0.00593331 -0.000945034
  -0.0019371  -0.00593331            0   0.00765381
 -0.00231012  0.000945034  -0.00765381            0
Repeater2[0]<--->HoM1[0]
REAL
   0.363051  0.00795719  0.00300376    0.300357
 0.00795719    0.131616   0.0580955 -0.00140887
 0.00300376   0.0580955    0.142483 -0.00237506
   0.300357 -0.00140887 -0.00237506     0.36285
IMAGINARY
           0    0.0019371  -0.00487603   0.00231012
  -0.0019371            0  -0.00593331   0.00765381
  0.00487603   0.00593331            0 -0.000945034
 -0.00231012  -0.00765381  0.000945034            0
Repeater2[0]<--->Repeater3[0]
REAL
    0.278057 -0.000584426   0.00504615     0.109564
-0.000584426     0.219835    0.0476349  -0.00346824
  0.00504615    0.0476349     0.214415  -0.00138796
    0.109564  -0.00346824  -0.00138796     0.287693
IMAGINARY
          0  0.00100338 -0.00709644  0.00602167
-0.00100338           0  0.00069504  0.00292811
 0.00709644 -0.00069504           0 -0.00338527
-0.00602167 -0.00292811  0.00338527           0
Repeater3[0]<--->Repeater2[0]
REAL
    0.278057   0.00504615 -0.000584426     0.109564
  0.00504615     0.214415    0.0476349  -0.00138796
-0.000584426    0.0476349     0.219835  -0.00346824
    0.109564  -0.00138796  -0.00346824     0.287693
IMAGINARY
          0 -0.00709644  0.00100338  0.00602167
 0.00709644           0 -0.00069504 -0.00338527
-0.00100338  0.00069504           0  0.00292811
-0.00602167  0.00338527 -0.00292811           0
Repeater3[0]<--->HoM2[0]
REAL
   0.282566 -0.00821798 -0.00230021    0.111834
-0.00821798    0.224911   0.0565009  0.00290069
-0.00230021   0.0565009     0.22137  0.00221318
   0.111834  0.00290069  0.00221318    0.271153
IMAGINARY
           0  -0.00667784  -0.00335597  -0.00385428
  0.00667784            0  0.000481268   0.00796704
  0.00335597 -0.000481268            0  -0.00154189
  0.00385428  -0.00796704   0.00154189            0
Repeater4[0]<--->HoM2[0]
REAL
   0.282566 -0.00230021 -0.00821798    0.111834
-0.00230021     0.22137   0.0565009  0.00221318
-0.00821798   0.0565009    0.224911  0.00290069
   0.111834  0.00221318  0.00290069    0.271153
IMAGINARY
           0  -0.00335597  -0.00667784  -0.00385428
  0.00335597            0 -0.000481268  -0.00154189
  0.00667784  0.000481268            0   0.00796704
  0.00385428   0.00154189  -0.00796704            0
Repeater4[0]<--->Repeater5[0]
REAL
   0.253105 -0.00219047  0.00588702   0.0448654
-0.00219047    0.248374   0.0376017  0.00087901
 0.00588702   0.0376017    0.236744  -0.0100668
  0.0448654  0.00087901  -0.0100668    0.261778
IMAGINARY
          0 -0.00962046 -0.00928453 -0.00036223
 0.00962046           0  0.00160395  0.00361289
 0.00928453 -0.00160395           0  0.00852594
 0.00036223 -0.00361289 -0.00852594           0
Repeater5[0]<--->Repeater4[0]
REAL
   0.253105  0.00588702 -0.00219047   0.0448654
 0.00588702    0.236744   0.0376017  -0.0100668
-0.00219047   0.0376017    0.248374  0.00087901
  0.0448654  -0.0100668  0.00087901    0.261778
IMAGINARY
          0 -0.00928453 -0.00962046 -0.00036223
 0.00928453           0 -0.00160395  0.00852594
 0.00962046  0.00160395           0  0.00361289
 0.00036223 -0.00852594 -0.00361289           0
Repeater5[0]<--->HoM3[0]
REAL
   0.250863  0.00851841  0.00585799   0.0446587
 0.00851841    0.239082   0.0341537 -0.00240563
 0.00585799   0.0341537     0.25066 -0.00605244
  0.0446587 -0.00240563 -0.00605244    0.259395
IMAGINARY
          0 -0.00250582  0.00783743  0.00118485
 0.00250582           0  0.00528321  0.00307166
-0.00783743 -0.00528321           0   0.0023038
-0.00118485 -0.00307166  -0.0023038           0
Repeater6[0]<--->HoM3[0]
REAL
   0.250863  0.00585799  0.00851841   0.0446587
 0.00585799     0.25066   0.0341537 -0.00605244
 0.00851841   0.0341537    0.239082 -0.00240563
  0.0446587 -0.00605244 -0.00240563    0.259395
IMAGINARY
          0  0.00783743 -0.00250582  0.00118485
-0.00783743           0 -0.00528321   0.0023038
 0.00250582  0.00528321           0  0.00307166
-0.00118485  -0.0023038 -0.00307166           0
Repeater6[0]<--->Repeater7[0]
REAL
   0.260143   0.0028808  0.00550623   0.0211327
  0.0028808    0.244241   0.0196184  0.00627963
 0.00550623   0.0196184    0.240367 -0.00367984
  0.0211327  0.00627963 -0.00367984     0.25525
IMAGINARY
          0  0.00536503  -0.0051405 -0.00114236
-0.00536503           0 -0.00266831 -0.00344016
  0.0051405  0.00266831           0  0.00099475
 0.00114236  0.00344016 -0.00099475           0
Repeater7[0]<--->Repeater6[0]
REAL
   0.260143  0.00550623   0.0028808   0.0211327
 0.00550623    0.240367   0.0196184 -0.00367984
  0.0028808   0.0196184    0.244241  0.00627963
  0.0211327 -0.00367984  0.00627963     0.25525
IMAGINARY
          0  -0.0051405  0.00536503 -0.00114236
  0.0051405           0  0.00266831  0.00099475
-0.00536503 -0.00266831           0 -0.00344016
 0.00114236 -0.00099475  0.00344016           0
Repeater7[0]<--->HoM4[0]
REAL
    0.25199  0.00551456  0.00323235   0.0204394
 0.00551456    0.240048   0.0162169  0.00471956
 0.00323235   0.0162169    0.249005 -0.00318718
  0.0204394  0.00471956 -0.00318718    0.258957
IMAGINARY
           0   0.00449824  -0.00685075  -0.00605782
 -0.00449824            0 -0.000866827  -0.00725841
  0.00685075  0.000866827            0   -0.0078968
  0.00605782   0.00725841    0.0078968            0
Repeater8[0]<--->HoM4[0]
REAL
    0.25199  0.00323235  0.00551456   0.0204394
 0.00323235    0.249005   0.0162169 -0.00318718
 0.00551456   0.0162169    0.240048  0.00471956
  0.0204394 -0.00318718  0.00471956    0.258957
IMAGINARY
           0  -0.00685075   0.00449824  -0.00605782
  0.00685075            0  0.000866827   -0.0078968
 -0.00449824 -0.000866827            0  -0.00725841
  0.00605782    0.0078968   0.00725841            0
Repeater8[0]<--->Repeater9[0]
REAL
   0.246974 0.000555926 -0.00515747   0.0186349
0.000555926    0.261949   0.0139396  0.00162528
-0.00515747   0.0139396    0.247179  0.00297626
  0.0186349  0.00162528  0.00297626    0.243897
IMAGINARY
           0   0.00327159 -0.000151249  -0.00308575
 -0.00327159            0   0.00187851   0.00184955
 0.000151249  -0.00187851            0   0.00961553
  0.00308575  -0.00184955  -0.00961553            0
Repeater9[0]<--->Repeater8[0]
REAL
   0.246974 -0.00515747 0.000555926   0.0186349
-0.00515747    0.247179   0.0139396  0.00297626
0.000555926   0.0139396    0.261949  0.00162528
  0.0186349  0.00297626  0.00162528    0.243897
IMAGINARY
           0 -0.000151249   0.00327159  -0.00308575
 0.000151249            0  -0.00187851   0.00961553
 -0.00327159   0.00187851            0   0.00184955
  0.00308575  -0.00961553  -0.00184955            0
Repeater9[0]<--->HoM5[0]
REAL
   0.251978  0.00401127 -0.00391113   0.0165712
 0.00401127    0.248326   0.0116441  0.00281442
