EndNode1[0]<--->Repeater1[0]
REAL
    0.435273  -0.00468814   0.00574653      0.31267
 -0.00468814    0.0698733 -0.000792928  -0.00574653
  0.00574653 -0.000792928    0.0781869    0.0062824
     0.31267  -0.00574653    0.0062824     0.416667
IMAGINARY
          0  0.00131958  0.00274537   0.0131264
-0.00131958           0  -0.0059993 -0.00436743
-0.00274537   0.0059993           0  0.00151902
 -0.0131264  0.00436743 -0.00151902           0
EndNode2[0]<--->HoM6[0]
REAL
   0.452872  0.00159496 -0.00606052     0.39584
 0.00159496   0.0420712  0.00219325  0.00726486
-0.00606052  0.00219325    0.035801 0.000813711
    0.39584  0.00726486 0.000813711    0.469256
IMAGINARY
           0   0.00162386  -0.00499548  -0.00365659
 -0.00162386            0   0.00436266 -0.000529382
  0.00499548  -0.00436266            0   0.00212516
  0.00365659  0.000529382  -0.00212516            0
Repeater1[0]<--->EndNode1[0]
REAL
    0.435273   0.00574653  -0.00468814      0.31267
  0.00574653    0.0781869 -0.000792928    0.0062824
 -0.00468814 -0.000792928    0.0698733  -0.00574653
     0.31267    0.0062824  -0.00574653     0.416667
IMAGINARY
          0  0.00274537  0.00131958   0.0131264
-0.00274537           0   0.0059993  0.00151902
-0.00131958  -0.0059993           0 -0.00436743
 -0.0131264 -0.00151902  0.00436743           0
Repeater1[0]<--->HoM1[0]
REAL
   0.424682  0.00161004 -0.00765964    0.305508
 0.00161004    0.066949  0.00279266  0.00529678
-0.00765964  0.00279266   0.0746118   0.0073277
   0.305508  0.00529678   0.0073277    0.433757
IMAGINARY
          0 -0.00476949 -0.00297415 -0.00244965
 0.00476949           0  0.00175203 -0.00720894
 0.00297415 -0.00175203           0  0.00363803
 0.00244965  0.00720894 -0.00363803           0
Repeater2[0]<--->HoM1[0]
REAL
   0.424682 -0.00765964  0.00161004    0.305508
-0.00765964   0.0746118  0.00279266   0.0073277
 0.00161004  0.00279266    0.066949  0.00529678
   0.305508   0.0073277  0.00529678    0.433757
IMAGINARY
          0 -0.00297415 -0.00476949 -0.00244965
 0.00297415           0 -0.00175203  0.00363803
 0.00476949  0.00175203           0 -0.00720894
 0.00244965 -0.00363803  0.00720894           0
Repeater2[0]<--->Repeater3[0]
REAL
   0.382452  0.00196336 -0.00146118    0.203463
 0.00196336    0.126758  0.00785468  0.00842103
-0.00146118  0.00785468    0.120222    0.001567
   0.203463  0.00842103    0.001567    0.370568
IMAGINARY
           0 -0.000676799  -0.00577271   -0.0033653
 0.000676799            0   0.00521411  -0.00724071
  0.00577271  -0.00521411            0  -0.00643992
   0.0033653   0.00724071   0.00643992            0
Repeater3[0]<--->Repeater2[0]
REAL
   0.382452 -0.00146118  0.00196336    0.203463
-0.00146118    0.120222  0.00785468    0.001567
 0.00196336  0.00785468    0.126758  0.00842103
   0.203463    0.001567  0.00842103    0.370568
IMAGINARY
           0  -0.00577271 -0.000676799   -0.0033653
  0.00577271            0  -0.00521411  -0.00643992
 0.000676799   0.00521411            0  -0.00724071
   0.0033653   0.00643992   0.00724071            0
Repeater3[0]<--->HoM2[0]
REAL
   0.373511 -0.00292758  0.00878239    0.196606
-0.00292758    0.123965  0.00446541 0.000149725
 0.00878239  0.00446541    0.124369 -0.00124074
   0.196606 0.000149725 -0.00124074    0.378155
IMAGINARY
           0  -0.00367689  -0.00734075  -0.00386019
  0.00367689            0  0.000974619   -0.0012273
  0.00734075 -0.000974619            0  -0.00449723
  0.00386019    0.0012273   0.00449723            0
Repeater4[0]<--->HoM2[0]
REAL
   0.373511  0.00878239 -0.00292758    0.196606
 0.00878239    0.124369  0.00446541 -0.00124074
-0.00292758  0.00446541    0.123965 0.000149725
   0.196606 -0.00124074 0.000149725    0.378155
IMAGINARY
           0  -0.00734075  -0.00367689  -0.00386019
  0.00734075            0 -0.000974619  -0.00449723
  0.00367689  0.000974619            0   -0.0012273
  0.00386019   0.00449723    0.0012273            0
Repeater4[0]<--->Repeater5[0]
REAL
    0.33459 -0.00987115 -0.00383133    0.112751
-0.00987115      0.1667 -0.00275657 0.000805763
-0.00383133 -0.00275657    0.165906  0.00411281
   0.112751 0.000805763  0.00411281    0.332804
IMAGINARY
           0  -0.00267936  -0.00623648 -0.000337745
  0.00267936            0   -0.0064677   0.00135308
  0.00623648    0.0064677            0    0.0061675
 0.000337745  -0.00135308   -0.0061675            0
Repeater5[0]<--->Repeater4[0]
REAL
    0.33459 -0.00383133 -0.00987115    0.112751
-0.00383133    0.165906 -0.00275657  0.00411281
-0.00987115 -0.00275657      0.1667 0.000805763
   0.112751  0.00411281 0.000805763    0.332804
IMAGINARY
           0  -0.00623648  -0.00267936 -0.000337745
  0.00623648            0    0.0064677    0.0061675
  0.00267936   -0.0064677            0   0.00135308
 0.000337745   -0.0061675  -0.00135308            0
Repeater5[0]<--->HoM3[0]
REAL
   0.342423  0.00763641  0.00201918    0.122674
 0.00763641    0.160888 -0.00495811  0.00361408
 0.00201918 -0.00495811    0.163031  0.00071635
   0.122674  0.00361408  0.00071635    0.333658
IMAGINARY
          0 -0.00485949  0.00358944  0.00245198
 0.00485949           0 -0.00660599 -0.00188501
-0.00358944  0.00660599           0  0.00536079
-0.00245198  0.00188501 -0.00536079           0
Repeater6[0]<--->HoM3[0]
REAL
   0.342423  0.00201918  0.00763641    0.122674
 0.00201918    0.163031 -0.00495811  0.00071635
 0.00763641 -0.00495811    0.160888  0.00361408
   0.122674  0.00071635  0.00361408    0.333658
IMAGINARY
          0  0.00358944 -0.00485949  0.00245198
-0.00358944           0  0.00660599  0.00536079
 0.00485949 -0.00660599           0 -0.00188501
-0.00245198 -0.00536079  0.00188501           0
Repeater6[0]<--->Repeater7[0]
REAL
   0.309834 -0.00330733  0.00567496   0.0686561
-0.00330733     0.19287  0.00538415  0.00437988
 0.00567496  0.00538415     0.19267 -0.00105992
  0.0686561  0.00437988 -0.00105992    0.304626
IMAGINARY
           0   0.00269205   0.00957819  0.000577019
 -0.00269205            0    -0.011023  -0.00866707
 -0.00957819     0.011023            0   0.00388823
-0.000577019   0.00866707  -0.00388823            0
Repeater7[0]<--->Repeater6[0]
REAL
   0.309834  0.00567496 -0.00330733   0.0686561
 0.00567496     0.19267  0.00538415 -0.00105992
-0.00330733  0.00538415     0.19287  0.00437988
  0.0686561 -0.00105992  0.00437988    0.304626
IMAGINARY
           0   0.00957819   0.00269205  0.000577019
 -0.00957819            0     0.011023   0.00388823
 -0.00269205    -0.011023            0  -0.00866707
-0.000577019  -0.00388823   0.00866707            0
Repeater7[0]<--->HoM4[0]
REAL
   0.305567 -0.00204132  0.00334234   0.0744319
-0.00204132    0.185686  0.00656037 -0.00862227
 0.00334234  0.00656037    0.199205 -0.00184392
  0.0744319 -0.00862227 -0.00184392    0.309543
IMAGINARY
          0 -0.00807755 -0.00180179  0.00167323
 0.00807755           0  0.00167323  0.00722348
 0.00180179 -0.00167323           0  0.00104944
-0.00167323 -0.00722348 -0.00104944           0
Repeater8[0]<--->HoM4[0]
REAL
   0.305567  0.00334234 -0.00204132   0.0744319
 0.00334234    0.199205  0.00656037 -0.00184392
-0.00204132  0.00656037    0.185686 -0.00862227
  0.0744319 -0.00184392 -0.00862227    0.309543
IMAGINARY
          0 -0.00180179 -0.00807755  0.00167323
 0.00180179           0 -0.00167323  0.00104944
 0.00807755  0.00167323           0  0.00722348
-0.00167323 -0.00104944 -0.00722348           0
Repeater8[0]<--->Repeater9[0]
REAL
    0.280498   0.00192663   0.00731328     0.050448
  0.00192663     0.213483   0.00829129 -0.000763951
  0.00731328   0.00829129     0.216091   0.00421336
    0.050448 -0.000763951   0.00421336     0.289928
IMAGINARY
          0 -0.00418278  0.00271069  0.00253099
 0.00418278           0 -0.00770204 -0.00699612
-0.00271069  0.00770204           0 -0.00568368
-0.00253099  0.00699612  0.00568368           0
Repeater9[0]<--->Repeater8[0]
REAL
    0.280498   0.00731328   0.00192663     0.050448
  0.00731328     0.216091   0.00829129   0.00421336
  0.00192663   0.00829129     0.213483 -0.000763951
    0.050448   0.00421336 -0.000763951     0.289928
IMAGINARY
          0  0.00271069 -0.00418278  0.00253099
-0.00271069           0  0.00770204 -0.00568368
 0.00418278 -0.00770204           0 -0.00699612
-0.00253099  0.00568368  0.00699612           0
Repeater9[0]<--->HoM5[0]
REAL
   0.288027  0.00890916  0.00761773   0.0481612
 0.00890916    0.211273 -0.00217847  0.00510517
 0.00761773 -0.00217847    0.205477 -0.00500213
  0.0481612  0.00510517 -0.00500213    0.295223
IMAGINARY
           0    0.0069164   0.00175086   0.00529983
  -0.0069164            0  -0.00490829  -0.00576568
 -0.00175086   0.00490829            0  0.000804414
 -0.00529983   0.00576568 -0.000804414            0
Repeater10[0]<--->HoM5[0]
REAL
   0.288027  0.00761773  0.00890916   0.0481612
 0.00761773    0.205477 -0.00217847 -0.00500213
 0.00890916 -0.00217847    0.211273  0.00510517
  0.0481612 -0.00500213  0.00510517    0.295223
IMAGINARY
           0   0.00175086    0.0069164   0.00529983
 -0.00175086            0   0.00490829  0.000804414
  -0.0069164  -0.00490829            0  -0.00576568
 -0.00529983 -0.000804414   0.00576568            0
Repeater10[0]<--->Repeater11[0]
REAL
   0.463227 0.000799002 -0.00332473    0.398458
0.000799002   0.0399367  0.00654981  0.00272854
-0.00332473  0.00654981   0.0403321  0.00138701
   0.398458  0.00272854  0.00138701    0.456505
IMAGINARY
          0  0.00910947   -0.014243 -0.00154066
-0.00910947           0   0.0109062 -0.00228512
   0.014243  -0.0109062           0  0.00802701
 0.00154066  0.00228512 -0.00802701           0
Repeater11[0]<--->Repeater10[0]
REAL
   0.463227 -0.00332473 0.000799002    0.398458
-0.00332473   0.0403321  0.00654981  0.00138701
0.000799002  0.00654981   0.0399367  0.00272854
   0.398458  0.00138701  0.00272854    0.456505
IMAGINARY
          0   -0.014243  0.00910947 -0.00154066
   0.014243           0  -0.0109062  0.00802701
-0.00910947   0.0109062           0 -0.00228512
 0.00154066 -0.00802701  0.00228512           0
Repeater11[0]<--->HoM6[0]
REAL
   0.452872 -0.00606052  0.00159496     0.39584
-0.00606052    0.035801  0.00219325 0.000813711
 0.00159496  0.00219325   0.0420712  0.00726486
    0.39584 0.000813711  0.00726486    0.469256
IMAGINARY
           0  -0.00499548   0.00162386  -0.00365659
  0.00499548            0  -0.00436266   0.00212516
 -0.00162386   0.00436266            0 -0.000529382
  0.00365659  -0.00212516  0.000529382            0
EndNode1[0]<--->Repeater1[0]
REAL
    0.42043 -0.00435578 -0.00422145    0.312059
-0.00435578   0.0747387 -0.00223563 -0.00953101
-0.00422145 -0.00223563   0.0704003  -0.0148977
   0.312059 -0.00953101  -0.0148977    0.434431
IMAGINARY
          0  0.00375796 -0.00959745  0.00765736
-0.00375796           0  0.00797071  0.00196153
 0.00959745 -0.00797071           0 -0.00182353
-0.00765736 -0.00196153  0.00182353           0
EndNode2[0]<--->HoM6[0]
REAL
    0.468196   0.00139307 -0.000294063     0.393201
  0.00139307    0.0338164  -0.00351599    0.0022853
-0.000294063  -0.00351599    0.0398551   0.00219116
    0.393201    0.0022853   0.00219116     0.458132
IMAGINARY
           0  0.000997668  -0.00242936  -0.00497504
-0.000997668            0  -0.00868171  0.000227598
  0.00242936   0.00868171            0   0.00360601
  0.00497504 -0.000227598  -0.00360601            0
Repeater1[0]<--->EndNode1[0]
REAL
    0.42043 -0.00422145 -0.00435578    0.312059
-0.00422145   0.0704003 -0.00223563  -0.0148977
-0.00435578 -0.00223563   0.0747387 -0.00953101
   0.312059  -0.0148977 -0.00953101    0.434431
IMAGINARY
          0 -0.00959745  0.00375796  0.00765736
 0.00959745           0 -0.00797071 -0.00182353
-0.00375796  0.00797071           0  0.00196153
-0.00765736  0.00182353 -0.00196153           0
Repeater1[0]<--->HoM1[0]
REAL
    0.420924  0.000988548  -0.00382742     0.314274
 0.000988548    0.0763281  -0.00477895  -0.00233071
 -0.00382742  -0.00477895    0.0746998 -0.000193951
    0.314274  -0.00233071 -0.000193951     0.428048
IMAGINARY
           0   0.00572627  -0.00489982   0.00199355
 -0.00572627            0  -0.00102456   0.00020639
  0.00489982   0.00102456            0  0.000964364
 -0.00199355  -0.00020639 -0.000964364            0
Repeater2[0]<--->HoM1[0]
REAL
    0.420924  -0.00382742  0.000988548     0.314274
 -0.00382742    0.0746998  -0.00477895 -0.000193951
 0.000988548  -0.00477895    0.0763281  -0.00233071
    0.314274 -0.000193951  -0.00233071     0.428048
IMAGINARY
           0  -0.00489982   0.00572627   0.00199355
  0.00489982            0   0.00102456  0.000964364
 -0.00572627  -0.00102456            0   0.00020639
 -0.00199355 -0.000964364  -0.00020639            0
Repeater2[0]<--->Repeater3[0]
REAL
   0.365335 -0.00662748  0.00310882    0.188381
-0.00662748    0.124627   0.0053287 -0.00330915
 0.00310882   0.0053287    0.120056 -0.00218662
   0.188381 -0.00330915 -0.00218662    0.389982
IMAGINARY
           0  0.000524023   0.00147785   0.00180834
-0.000524023            0   0.00806844   0.00318023
 -0.00147785  -0.00806844            0  -0.00656961
 -0.00180834  -0.00318023   0.00656961            0
Repeater3[0]<--->Repeater2[0]
REAL
   0.365335  0.00310882 -0.00662748    0.188381
 0.00310882    0.120056   0.0053287 -0.00218662
-0.00662748   0.0053287    0.124627 -0.00330915
   0.188381 -0.00218662 -0.00330915    0.389982
IMAGINARY
           0   0.00147785  0.000524023   0.00180834
 -0.00147785            0  -0.00806844  -0.00656961
-0.000524023   0.00806844            0   0.00318023
 -0.00180834   0.00656961  -0.00318023            0
Repeater3[0]<--->HoM2[0]
REAL
   0.375227   0.0035597  0.00209463    0.203072
  0.0035597    0.128499 -0.00596374  0.00438593
 0.00209463 -0.00596374    0.122256 -0.00166538
   0.203072  0.00438593 -0.00166538    0.374018
IMAGINARY
           0  0.000429607   0.00255665   -0.0037609
-0.000429607            0  -0.00496234  -0.00255665
 -0.00255665   0.00496234            0   0.00740172
   0.0037609   0.00255665  -0.00740172            0
Repeater4[0]<--->HoM2[0]
REAL
   0.375227  0.00209463   0.0035597    0.203072
 0.00209463    0.122256 -0.00596374 -0.00166538
  0.0035597 -0.00596374    0.128499  0.00438593
   0.203072 -0.00166538  0.00438593    0.374018
IMAGINARY
           0   0.00255665  0.000429607   -0.0037609
 -0.00255665            0   0.00496234   0.00740172
-0.000429607  -0.00496234            0  -0.00255665
   0.0037609  -0.00740172   0.00255665            0
Repeater4[0]<--->Repeater5[0]
REAL
    0.344498  -0.00175347  -0.00283761     0.114463
 -0.00175347     0.155901 -0.000921786  -0.00824687
 -0.00283761 -0.000921786     0.158094  -0.00833241
    0.114463  -0.00824687  -0.00833241     0.341507
IMAGINARY
           0  9.85382e-05   0.00183507  0.000796097
-9.85382e-05            0  0.000996017   0.00122999
 -0.00183507 -0.000996017            0   0.00019808
-0.000796097  -0.00122999  -0.00019808            0
Repeater5[0]<--->Repeater4[0]
REAL
    0.344498  -0.00283761  -0.00175347     0.114463
 -0.00283761     0.158094 -0.000921786  -0.00833241
 -0.00175347 -0.000921786     0.155901  -0.00824687
    0.114463  -0.00833241  -0.00824687     0.341507
IMAGINARY
           0   0.00183507  9.85382e-05  0.000796097
 -0.00183507            0 -0.000996017   0.00019808
-9.85382e-05  0.000996017            0   0.00122999
-0.000796097  -0.00019808  -0.00122999            0
Repeater5[0]<--->HoM3[0]
REAL
    0.337156  -0.00829628   -0.0032716     0.120196
 -0.00829628     0.157111  -0.00149518   -0.0018893
  -0.0032716  -0.00149518     0.172199 -0.000102832
    0.120196   -0.0018893 -0.000102832     0.333535
IMAGINARY
          0   0.0110535 -0.00703418  0.00257682
 -0.0110535           0  0.00545209  0.00308318
 0.00703418 -0.00545209           0   0.0053432
-0.00257682 -0.00308318  -0.0053432           0
Repeater6[0]<--->HoM3[0]
REAL
    0.337156   -0.0032716  -0.00829628     0.120196
  -0.0032716     0.172199  -0.00149518 -0.000102832
 -0.00829628  -0.00149518     0.157111   -0.0018893
    0.120196 -0.000102832   -0.0018893     0.333535
IMAGINARY
          0 -0.00703418   0.0110535  0.00257682
 0.00703418           0 -0.00545209   0.0053432
 -0.0110535  0.00545209           0  0.00308318
-0.00257682  -0.0053432 -0.00308318           0
Repeater6[0]<--->Repeater7[0]
REAL
   0.304287 -0.00317334  0.00345283   0.0699682
-0.00317334    0.192393 -0.00246921 -0.00423317
 0.00345283 -0.00246921    0.195814 -0.00560544
  0.0699682 -0.00423317 -0.00560544    0.307507
IMAGINARY
           0  -0.00150795  -0.00907976 -0.000271634
  0.00150795            0  -0.00448649   -0.0020179
  0.00907976   0.00448649            0   0.00513991
 0.000271634    0.0020179  -0.00513991            0
Repeater7[0]<--->Repeater6[0]
REAL
   0.304287  0.00345283 -0.00317334   0.0699682
 0.00345283    0.195814 -0.00246921 -0.00560544
-0.00317334 -0.00246921    0.192393 -0.00423317
  0.0699682 -0.00560544 -0.00423317    0.307507
IMAGINARY
           0  -0.00907976  -0.00150795 -0.000271634
  0.00907976            0   0.00448649   0.00513991
  0.00150795  -0.00448649            0   -0.0020179
 0.000271634  -0.00513991    0.0020179            0
Repeater7[0]<--->HoM4[0]
REAL
    0.31435  0.00245744   0.0052054   0.0822813
 0.00245744    0.192488 -0.00687207 0.000445421
  0.0052054 -0.00687207    0.184119 -0.00323686
  0.0822813 0.000445421 -0.00323686    0.309043
IMAGINARY
          0 -0.00295904 -0.00863653  0.00116132
 0.00295904           0   0.0114096  0.00883162
 0.00863653  -0.0114096           0 -0.00464923
-0.00116132 -0.00883162  0.00464923           0
Repeater8[0]<--->HoM4[0]
REAL
    0.31435   0.0052054  0.00245744   0.0822813
  0.0052054    0.184119 -0.00687207 -0.00323686
 0.00245744 -0.00687207    0.192488 0.000445421
  0.0822813 -0.00323686 0.000445421    0.309043
IMAGINARY
          0 -0.00863653 -0.00295904  0.00116132
 0.00863653           0  -0.0114096 -0.00464923
 0.00295904   0.0114096           0  0.00883162
-0.00116132  0.00464923 -0.00883162           0
Repeater8[0]<--->Repeater9[0]
REAL
   0.288325  0.00391089 -0.00281226   0.0550584
 0.00391089    0.208122   0.0061129 -0.00340515
-0.00281226   0.0061129    0.216244 -0.00892493
  0.0550584 -0.00340515 -0.00892493     0.28731
IMAGINARY
           0   0.00144018 -2.05854e-05   0.00228814
 -0.00144018            0 -0.000986318   -0.0101266
 2.05854e-05  0.000986318            0   0.00174327
 -0.00228814    0.0101266  -0.00174327            0
Repeater9[0]<--->Repeater8[0]
REAL
   0.288325 -0.00281226  0.00391089   0.0550584
-0.00281226    0.216244   0.0061129 -0.00892493
 0.00391089   0.0061129    0.208122 -0.00340515
  0.0550584 -0.00892493 -0.00340515     0.28731
IMAGINARY
           0 -2.05854e-05   0.00144018   0.00228814
 2.05854e-05            0  0.000986318   0.00174327
 -0.00144018 -0.000986318            0   -0.0101266
 -0.00228814  -0.00174327    0.0101266            0
Repeater9[0]<--->HoM5[0]
REAL
    0.282767 -0.000725445   0.00774529    0.0467295
-0.000725445     0.213401   -0.0052053   0.00341498
  0.00774529   -0.0052053      0.21458   0.00464662
   0.0467295   0.00341498   0.00464662     0.289251
IMAGINARY
           0   0.00440692  0.000695756 -0.000745972
 -0.00440692            0  0.000745972  -0.00252875
-0.000695756 -0.000745972            0  -0.00298126
 0.000745972   0.00252875   0.00298126            0
Repeater10[0]<--->HoM5[0]
REAL
    0.282767   0.00774529 -0.000725445    0.0467295
  0.00774529      0.21458   -0.0052053   0.00464662
-0.000725445   -0.0052053     0.213401   0.00341498
   0.0467295   0.00464662   0.00341498     0.289251
IMAGINARY
           0  0.000695756   0.00440692 -0.000745972
-0.000695756            0 -0.000745972  -0.00298126
 -0.00440692  0.000745972            0  -0.00252875
 0.000745972   0.00298126   0.00252875            0
Repeater10[0]<--->Repeater11[0]
REAL
   0.456998 -0.00550697  -0.0055512    0.397007
-0.00550697   0.0381339   0.0021122 -0.00305569
 -0.0055512   0.0021122   0.0375254 -0.00229927
   0.397007 -0.00305569 -0.00229927    0.467343
IMAGINARY
          0 -0.00131715  0.00567302 -0.00392954
 0.00131715           0   0.0054144 -0.00317052
-0.00567302  -0.0054144           0  0.00341926
 0.00392954  0.00317052 -0.00341926           0
Repeater11[0]<--->Repeater10[0]
REAL
   0.456998  -0.0055512 -0.00550697    0.397007
 -0.0055512   0.0375254   0.0021122 -0.00229927
-0.00550697   0.0021122   0.0381339 -0.00305569
   0.397007 -0.00229927 -0.00305569    0.467343
IMAGINARY
          0  0.00567302 -0.00131715 -0.00392954
-0.00567302           0  -0.0054144  0.00341926
 0.00131715   0.0054144           0 -0.00317052
 0.00392954 -0.00341926  0.00317052           0
Repeater11[0]<--->HoM6[0]
REAL
    0.468196 -0.000294063   0.00139307     0.393201
-0.000294063    0.0398551  -0.00351599   0.00219116
  0.00139307  -0.00351599    0.0338164    0.0022853
    0.393201   0.00219116    0.0022853     0.458132
IMAGINARY
           0  -0.00242936  0.000997668  -0.00497504
  0.00242936            0   0.00868171   0.00360601
-0.000997668  -0.00868171            0  0.000227598
  0.00497504  -0.00360601 -0.000227598            0
EndNode1[0]<--->Repeater1[0]
REAL
   0.421831  0.00481189   0.0013308    0.314882
 0.00481189   0.0687725 -0.00144895 -0.00193588
  0.0013308 -0.00144895   0.0771691  0.00164232
   0.314882 -0.00193588  0.00164232    0.432227
IMAGINARY
           0   0.00751346  -0.00157889  0.000803391
 -0.00751346            0 -0.000404825  -0.00356302
  0.00157889  0.000404825            0   0.00523849
-0.000803391   0.00356302  -0.00523849            0
EndNode2[0]<--->HoM6[0]
REAL
    0.454564   0.00261255   0.00183279     0.392686
  0.00261255    0.0381143  0.000589394  -0.00014662
  0.00183279  0.000589394    0.0355065 -0.000529632
    0.392686  -0.00014662 -0.000529632     0.471815
IMAGINARY
           0  -0.00195282   0.00655883    0.0066559
  0.00195282            0   0.00399087   0.00090683
 -0.00655883  -0.00399087            0 -0.000336653
  -0.0066559  -0.00090683  0.000336653            0
Repeater1[0]<--->EndNode1[0]
REAL
   0.421831   0.0013308  0.00481189    0.314882
  0.0013308   0.0771691 -0.00144895  0.00164232
 0.00481189 -0.00144895   0.0687725 -0.00193588
   0.314882  0.00164232 -0.00193588    0.432227
IMAGINARY
           0  -0.00157889   0.00751346  0.000803391
  0.00157889            0  0.000404825   0.00523849
 -0.00751346 -0.000404825            0  -0.00356302
-0.000803391  -0.00523849   0.00356302            0
Repeater1[0]<--->HoM1[0]
REAL
   0.440472  0.00134475 -0.00766587    0.313775
 0.00134475   0.0732809  0.00124949   0.0026174
-0.00766587  0.00124949   0.0664047  -0.0047777
   0.313775   0.0026174  -0.0047777    0.419843
IMAGINARY
           0  3.03462e-05  -0.00100753  -0.00342426
-3.03462e-05            0   0.00134711   0.00322976
  0.00100753  -0.00134711            0    0.0054242
  0.00342426  -0.00322976   -0.0054242            0
Repeater2[0]<--->HoM1[0]
REAL
   0.440472 -0.00766587  0.00134475    0.313775
-0.00766587   0.0664047  0.00124949  -0.0047777
 0.00134475  0.00124949   0.0732809   0.0026174
   0.313775  -0.0047777   0.0026174    0.419843
IMAGINARY
           0  -0.00100753  3.03462e-05  -0.00342426
  0.00100753            0  -0.00134711    0.0054242
-3.03462e-05   0.00134711            0   0.00322976
  0.00342426   -0.0054242  -0.00322976            0
Repeater2[0]<--->Repeater3[0]
REAL
   0.359749  -0.0128143 -0.00235128    0.198238
 -0.0128143    0.134374  0.00156123 -0.00106237
-0.00235128  0.00156123    0.131739   0.0108062
   0.198238 -0.00106237   0.0108062    0.374139
IMAGINARY
           0   0.00553947  0.000229786  -0.00902038
 -0.00553947            0 -0.000941384  -0.00536574
-0.000229786  0.000941384            0 -6.97403e-07
  0.00902038   0.00536574  6.97403e-07            0
Repeater3[0]<--->Repeater2[0]
REAL
   0.359749 -0.00235128  -0.0128143    0.198238
-0.00235128    0.131739  0.00156123   0.0108062
 -0.0128143  0.00156123    0.134374 -0.00106237
   0.198238   0.0108062 -0.00106237    0.374139
IMAGINARY
           0  0.000229786   0.00553947  -0.00902038
-0.000229786            0  0.000941384 -6.97403e-07
 -0.00553947 -0.000941384            0  -0.00536574
  0.00902038  6.97403e-07   0.00536574            0
Repeater3[0]<--->HoM2[0]
REAL
    0.379726     0.003646  -0.00683311     0.199413
    0.003646     0.129525   0.00166907 -0.000344867
 -0.00683311   0.00166907     0.124497  -0.00492427
    0.199413 -0.000344867  -0.00492427     0.366251
IMAGINARY
           0   0.00306285  -0.00115472 -0.000956918
 -0.00306285            0  -0.00856111   0.00313413
  0.00115472   0.00856111            0    0.0038651
 0.000956918  -0.00313413   -0.0038651            0
Repeater4[0]<--->HoM2[0]
REAL
    0.379726  -0.00683311     0.003646     0.199413
 -0.00683311     0.124497   0.00166907  -0.00492427
    0.003646   0.00166907     0.129525 -0.000344867
    0.199413  -0.00492427 -0.000344867     0.366251
IMAGINARY
           0  -0.00115472   0.00306285 -0.000956918
  0.00115472            0   0.00856111    0.0038651
 -0.00306285  -0.00856111            0   0.00313413
 0.000956918   -0.0038651  -0.00313413            0
Repeater4[0]<--->Repeater5[0]
REAL
   0.338051  0.00590018 0.000593147    0.109685
 0.00590018     0.16185 0.000697234  0.00139572
0.000593147 0.000697234    0.160654 -0.00450798
   0.109685  0.00139572 -0.00450798    0.339446
IMAGINARY
           0  -0.00244453  -0.00147969   0.00193099
  0.00244453            0  0.000411847    -0.001977
  0.00147969 -0.000411847            0   0.00732456
 -0.00193099     0.001977  -0.00732456            0
Repeater5[0]<--->Repeater4[0]
REAL
   0.338051 0.000593147  0.00590018    0.109685
0.000593147    0.160654 0.000697234 -0.00450798
 0.00590018 0.000697234     0.16185  0.00139572
   0.109685 -0.00450798  0.00139572    0.339446
IMAGINARY
           0  -0.00147969  -0.00244453   0.00193099
  0.00147969            0 -0.000411847   0.00732456
  0.00244453  0.000411847            0    -0.001977
 -0.00193099  -0.00732456     0.001977            0
Repeater5[0]<--->HoM3[0]
REAL
   0.325938 -0.00133478  0.00339195    0.127312
-0.00133478    0.165591  -0.0150167 -0.00359687
 0.00339195  -0.0150167    0.158128 -0.00378817
   0.127312 -0.00359687 -0.00378817    0.350343
IMAGINARY
           0  -0.00730269   0.00292739   0.00126514
  0.00730269            0 -0.000162269  -0.00222725
 -0.00292739  0.000162269            0  -0.00740025
 -0.00126514   0.00222725   0.00740025            0
Repeater6[0]<--->HoM3[0]
REAL
   0.325938  0.00339195 -0.00133478    0.127312
 0.00339195    0.158128  -0.0150167 -0.00378817
-0.00133478  -0.0150167    0.165591 -0.00359687
   0.127312 -0.00378817 -0.00359687    0.350343
IMAGINARY
           0   0.00292739  -0.00730269   0.00126514
 -0.00292739            0  0.000162269  -0.00740025
  0.00730269 -0.000162269            0  -0.00222725
 -0.00126514   0.00740025   0.00222725            0
Repeater6[0]<--->Repeater7[0]
REAL
    0.308025  -0.00830197   0.00299442    0.0778587
 -0.00830197     0.191975 -0.000365663  0.000810146
  0.00299442 -0.000365663     0.190795   0.00169404
   0.0778587  0.000810146   0.00169404     0.309205
IMAGINARY
          0  0.00437271  0.00633963 -0.00173855
-0.00437271           0 -0.00521009 -0.00623711
-0.00633963  0.00521009           0   0.0063921
 0.00173855  0.00623711  -0.0063921           0
Repeater7[0]<--->Repeater6[0]
REAL
    0.308025   0.00299442  -0.00830197    0.0778587
  0.00299442     0.190795 -0.000365663   0.00169404
 -0.00830197 -0.000365663     0.191975  0.000810146
   0.0778587   0.00169404  0.000810146     0.309205
IMAGINARY
          0  0.00633963  0.00437271 -0.00173855
-0.00633963           0  0.00521009   0.0063921
-0.00437271 -0.00521009           0 -0.00623711
 0.00173855  -0.0063921  0.00623711           0
Repeater7[0]<--->HoM4[0]
REAL
   0.304764   0.0032662 -0.00105149    0.076294
  0.0032662    0.188925  -0.0140748  0.00603293
-0.00105149  -0.0140748    0.192386 -0.00551273
   0.076294  0.00603293 -0.00551273    0.313925
IMAGINARY
           0  -0.00153078  0.000698442  -0.00083235
  0.00153078            0   0.00359591  -0.00140366
-0.000698442  -0.00359591            0   0.00364644
  0.00083235   0.00140366  -0.00364644            0
Repeater8[0]<--->HoM4[0]
REAL
   0.304764 -0.00105149   0.0032662    0.076294
-0.00105149    0.192386  -0.0140748 -0.00551273
  0.0032662  -0.0140748    0.188925  0.00603293
   0.076294 -0.00551273  0.00603293    0.313925
IMAGINARY
           0  0.000698442  -0.00153078  -0.00083235
-0.000698442            0  -0.00359591   0.00364644
  0.00153078   0.00359591            0  -0.00140366
  0.00083235  -0.00364644   0.00140366            0
Repeater8[0]<--->Repeater9[0]
REAL
    0.29038 -0.00114356  0.00311774   0.0432169
-0.00114356     0.20962 0.000348239  -0.0029179
 0.00311774 0.000348239     0.21061  0.00254244
  0.0432169  -0.0029179  0.00254244     0.28939
IMAGINARY
           0  -0.00157936   0.00217272   0.00101575
  0.00157936            0    0.0059089  -0.00590482
 -0.00217272   -0.0059089            0  0.000469819
 -0.00101575   0.00590482 -0.000469819            0
Repeater9[0]<--->Repeater8[0]
REAL
    0.29038  0.00311774 -0.00114356   0.0432169
 0.00311774     0.21061 0.000348239  0.00254244
-0.00114356 0.000348239     0.20962  -0.0029179
  0.0432169  0.00254244  -0.0029179     0.28939
IMAGINARY
           0   0.00217272  -0.00157936   0.00101575
 -0.00217272            0   -0.0059089  0.000469819
  0.00157936    0.0059089            0  -0.00590482
 -0.00101575 -0.000469819   0.00590482            0
Repeater9[0]<--->HoM5[0]
REAL
   0.292619 -0.00837655  0.00645176   0.0529466
-0.00837655    0.214601  0.00309825  -0.0072524
 0.00645176  0.00309825    0.202768  0.00837655
  0.0529466  -0.0072524  0.00837655    0.290012
IMAGINARY
           0  -0.00720091   0.00528457 -0.000326901
  0.00720091            0  -0.00452354  -0.00457678
 -0.00528457   0.00452354            0   -0.0036181
 0.000326901   0.00457678    0.0036181            0
Repeater10[0]<--->HoM5[0]
REAL
   0.292619  0.00645176 -0.00837655   0.0529466
 0.00645176    0.202768  0.00309825  0.00837655
-0.00837655  0.00309825    0.214601  -0.0072524
  0.0529466  0.00837655  -0.0072524    0.290012
IMAGINARY
           0   0.00528457  -0.00720091 -0.000326901
 -0.00528457            0   0.00452354   -0.0036181
  0.00720091  -0.00452354            0  -0.00457678
 0.000326901    0.0036181   0.00457678            0
Repeater10[0]<--->Repeater11[0]
REAL
    0.462183 -0.000794665  0.000620821     0.398603
-0.000794665    0.0353639 -0.000217052   0.00525684
 0.000620821 -0.000217052    0.0419052   -0.0036883
    0.398603   0.00525684   -0.0036883     0.460548
IMAGINARY
           0  -0.00160002  0.000202998   0.00173748
  0.00160002            0  -0.00263802   0.00109674
-0.000202998   0.00263802            0   0.00789876
 -0.00173748  -0.00109674  -0.00789876            0
Repeater11[0]<--->Repeater10[0]
REAL
    0.462183  0.000620821 -0.000794665     0.398603
 0.000620821    0.0419052 -0.000217052   -0.0036883
-0.000794665 -0.000217052    0.0353639   0.00525684
    0.398603   -0.0036883   0.00525684     0.460548
IMAGINARY
           0  0.000202998  -0.00160002   0.00173748
-0.000202998            0   0.00263802   0.00789876
  0.00160002  -0.00263802            0   0.00109674
 -0.00173748  -0.00789876  -0.00109674            0
Repeater11[0]<--->HoM6[0]
REAL
    0.454564   0.00183279   0.00261255     0.392686
  0.00183279    0.0355065  0.000589394 -0.000529632
  0.00261255  0.000589394    0.0381143  -0.00014662
    0.392686 -0.000529632  -0.00014662     0.471815
IMAGINARY
           0   0.00655883  -0.00195282    0.0066559
 -0.00655883            0  -0.00399087 -0.000336653
  0.00195282   0.00399087            0   0.00090683
  -0.0066559  0.000336653  -0.00090683            0
EndNode1[0]<--->Repeater1[0]
REAL
    0.424254   0.00313211  -0.00655402     0.313204
  0.00313211    0.0779324 -0.000590208   0.00361344
 -0.00655402 -0.000590208    0.0725646  -0.00242232
    0.313204   0.00361344  -0.00242232     0.425249
IMAGINARY
          0  -0.0110674  0.00116446  0.00539513
  0.0110674           0  0.00529794  0.00597408
-0.00116446 -0.00529794           0 -0.00129939
-0.00539513 -0.00597408  0.00129939           0
EndNode2[0]<--->HoM6[0]
REAL
   0.463312 -0.00563953 -0.00338243    0.398268
-0.00563953     0.03749  0.00359438 0.000878929
-0.00338243  0.00359438   0.0318765  0.00313602
   0.398268 0.000878929  0.00313602    0.467322
IMAGINARY
           0   0.00563707   -0.0140933  -0.00340247
 -0.00563707            0  -0.00281423  2.98752e-05
   0.0140933   0.00281423            0   0.00523466
  0.00340247 -2.98752e-05  -0.00523466            0
Repeater1[0]<--->EndNode1[0]
REAL
    0.424254  -0.00655402   0.00313211     0.313204
 -0.00655402    0.0725646 -0.000590208  -0.00242232
  0.00313211 -0.000590208    0.0779324   0.00361344
    0.313204  -0.00242232   0.00361344     0.425249
IMAGINARY
          0  0.00116446  -0.0110674  0.00539513
-0.00116446           0 -0.00529794 -0.00129939
  0.0110674  0.00529794           0  0.00597408
-0.00539513  0.00129939 -0.00597408           0
Repeater1[0]<--->HoM1[0]
REAL
     0.43048   0.00223843  -0.00313085     0.305957
  0.00223843    0.0722526 -0.000585213   0.00262975
 -0.00313085 -0.000585213    0.0716454  -0.00815144
    0.305957   0.00262975  -0.00815144     0.425622
IMAGINARY
          0  0.00358482 -0.00631237 -0.00555037
-0.00358482           0 -0.00644483   0.0032018
 0.00631237  0.00644483           0 -0.00167834
 0.00555037  -0.0032018  0.00167834           0
Repeater2[0]<--->HoM1[0]
REAL
     0.43048  -0.00313085   0.00223843     0.305957
 -0.00313085    0.0716454 -0.000585213  -0.00815144
  0.00223843 -0.000585213    0.0722526   0.00262975
    0.305957  -0.00815144   0.00262975     0.425622
IMAGINARY
          0 -0.00631237  0.00358482 -0.00555037
 0.00631237           0  0.00644483 -0.00167834
-0.00358482 -0.00644483           0   0.0032018
 0.00555037  0.00167834  -0.0032018           0
Repeater2[0]<--->Repeater3[0]
REAL
    0.37925  0.00210918  0.00570548    0.194024
 0.00210918    0.122118 -0.00346841 0.000872178
 0.00570548 -0.00346841    0.129152  0.00643195
   0.194024 0.000872178  0.00643195     0.36948
IMAGINARY
           0   0.00279255  -0.00906309   0.00288278
 -0.00279255            0   0.00529049  0.000336911
  0.00906309  -0.00529049            0  -0.00850971
 -0.00288278 -0.000336911   0.00850971            0
Repeater3[0]<--->Repeater2[0]
REAL
    0.37925  0.00570548  0.00210918    0.194024
 0.00570548    0.129152 -0.00346841  0.00643195
 0.00210918 -0.00346841    0.122118 0.000872178
   0.194024  0.00643195 0.000872178     0.36948
IMAGINARY
           0  -0.00906309   0.00279255   0.00288278
  0.00906309            0  -0.00529049  -0.00850971
 -0.00279255   0.00529049            0  0.000336911
 -0.00288278   0.00850971 -0.000336911            0
Repeater3[0]<--->HoM2[0]
REAL
    0.367748 -0.000156752  -0.00663656     0.192027
-0.000156752     0.129597  -0.00108165  -0.00121052
 -0.00663656  -0.00108165     0.121731   0.00237003
    0.192027  -0.00121052   0.00237003     0.380924
IMAGINARY
           0  -0.00468711   0.00816205   0.00516772
  0.00468711            0 -0.000997749  -0.00195211
 -0.00816205  0.000997749            0     0.010897
 -0.00516772   0.00195211    -0.010897            0
Repeater4[0]<--->HoM2[0]
REAL
    0.367748  -0.00663656 -0.000156752     0.192027
 -0.00663656     0.121731  -0.00108165   0.00237003
-0.000156752  -0.00108165     0.129597  -0.00121052
    0.192027   0.00237003  -0.00121052     0.380924
IMAGINARY
           0   0.00816205  -0.00468711   0.00516772
 -0.00816205            0  0.000997749     0.010897
  0.00468711 -0.000997749            0  -0.00195211
 -0.00516772    -0.010897   0.00195211            0
Repeater4[0]<--->Repeater5[0]
REAL
   0.331368 -0.00307881  0.00288396      0.1255
-0.00307881    0.168937 -0.00245891 0.000881559
 0.00288396 -0.00245891    0.161212 -0.00129734
     0.1255 0.000881559 -0.00129734    0.338483
IMAGINARY
          0 -0.00253472  0.00211145  0.00605666
 0.00253472           0   0.0035819 -0.00281952
-0.00211145  -0.0035819           0 -0.00667021
-0.00605666  0.00281952  0.00667021           0
Repeater5[0]<--->Repeater4[0]
REAL
   0.331368  0.00288396 -0.00307881      0.1255
 0.00288396    0.161212 -0.00245891 -0.00129734
-0.00307881 -0.00245891    0.168937 0.000881559
     0.1255 -0.00129734 0.000881559    0.338483
IMAGINARY
          0  0.00211145 -0.00253472  0.00605666
-0.00211145           0  -0.0035819 -0.00667021
 0.00253472   0.0035819           0 -0.00281952
-0.00605666  0.00667021  0.00281952           0
Repeater5[0]<--->HoM3[0]
REAL
    0.337321    0.0104076   0.00840092     0.119235
   0.0104076     0.166069 -0.000435599 -0.000869292
  0.00840092 -0.000435599       0.1561  -0.00247432
    0.119235 -0.000869292  -0.00247432      0.34051
IMAGINARY
           0  -0.00433591    0.0087313   -0.0080002
  0.00433591            0 -9.81827e-05   -0.0010885
  -0.0087313  9.81827e-05            0   0.00212352
   0.0080002    0.0010885  -0.00212352            0
Repeater6[0]<--->HoM3[0]
REAL
    0.337321   0.00840092    0.0104076     0.119235
  0.00840092       0.1561 -0.000435599  -0.00247432
   0.0104076 -0.000435599     0.166069 -0.000869292
    0.119235  -0.00247432 -0.000869292      0.34051
IMAGINARY
           0    0.0087313  -0.00433591   -0.0080002
  -0.0087313            0  9.81827e-05   0.00212352
  0.00433591 -9.81827e-05            0   -0.0010885
   0.0080002  -0.00212352    0.0010885            0
Repeater6[0]<--->Repeater7[0]
REAL
    0.30209  0.00205394  0.00401707   0.0697554
 0.00205394    0.200995  0.00473833 -0.00532046
 0.00401707  0.00473833    0.189652  0.00225727
  0.0697554 -0.00532046  0.00225727    0.307264
IMAGINARY
          0   0.0102823  0.00201111 -0.00431326
 -0.0102823           0 -0.00683698 -0.00110949
-0.00201111  0.00683698           0  0.00584677
 0.00431326  0.00110949 -0.00584677           0
Repeater7[0]<--->Repeater6[0]
REAL
    0.30209  0.00401707  0.00205394   0.0697554
 0.00401707    0.189652  0.00473833  0.00225727
 0.00205394  0.00473833    0.200995 -0.00532046
  0.0697554  0.00225727 -0.00532046    0.307264
IMAGINARY
          0  0.00201111   0.0102823 -0.00431326
-0.00201111           0  0.00683698  0.00584677
 -0.0102823 -0.00683698           0 -0.00110949
 0.00431326 -0.00584677  0.00110949           0
Repeater7[0]<--->HoM4[0]
REAL
   0.307106  0.00438829 -0.00662927   0.0742784
 0.00438829    0.198314  0.00145498  0.00433432
-0.00662927  0.00145498    0.188278   -0.005885
  0.0742784  0.00433432   -0.005885    0.306303
IMAGINARY
          0  0.00624545 -0.00072627 -0.00536955
-0.00624545           0  0.00597148 -0.00232499
 0.00072627 -0.00597148           0   6.049e-05
 0.00536955  0.00232499  -6.049e-05           0
Repeater8[0]<--->HoM4[0]
REAL
   0.307106 -0.00662927  0.00438829   0.0742784
-0.00662927    0.188278  0.00145498   -0.005885
 0.00438829  0.00145498    0.198314  0.00433432
  0.0742784   -0.005885  0.00433432    0.306303
IMAGINARY
          0 -0.00072627  0.00624545 -0.00536955
 0.00072627           0 -0.00597148   6.049e-05
-0.00624545  0.00597148           0 -0.00232499
 0.00536955  -6.049e-05  0.00232499           0
Repeater8[0]<--->Repeater9[0]
REAL
   0.291007 -0.00339108 -0.00414172   0.0407263
-0.00339108    0.212097  0.00197508  -0.0072655
-0.00414172  0.00197508    0.210495  0.00510722
  0.0407263  -0.0072655  0.00510722    0.286401
IMAGINARY
          0  0.00141883  0.00534693  0.00877476
-0.00141883           0 -0.00828196  -0.0113925
-0.00534693  0.00828196           0  0.00363568
-0.00877476   0.0113925 -0.00363568           0
Repeater9[0]<--->Repeater8[0]
REAL
   0.291007 -0.00414172 -0.00339108   0.0407263
-0.00414172    0.210495  0.00197508  0.00510722
-0.00339108  0.00197508    0.212097  -0.0072655
