EndNode1[0]<--->Repeater1[0]
REAL
   0.467378  0.00101762    0.005653    0.462447
 0.00101762   0.0287958   0.0282627 0.000178188
   0.005653   0.0282627   0.0291986  0.00501123
   0.462447 0.000178188  0.00501123    0.474627
IMAGINARY
           0   0.00704867   -0.0029883   -0.0052854
 -0.00704867            0  0.000134928  -0.00159886
   0.0029883 -0.000134928            0  -0.00126487
   0.0052854   0.00159886   0.00126487            0
EndNode2[0]<--->HoM6[0]
REAL
    0.481231 -4.08645e-06   0.00737597      0.48538
-4.08645e-06    0.0151795    0.0120602  -0.00550552
  0.00737597    0.0120602    0.0151795   0.00207142
     0.48538  -0.00550552   0.00207142      0.48841
IMAGINARY
          0  0.00346014 -0.00185265 -0.00471734
-0.00346014           0  0.00242696 -0.00767594
 0.00185265 -0.00242696           0   0.0010534
 0.00471734  0.00767594  -0.0010534           0
Repeater1[0]<--->EndNode1[0]
REAL
   0.467378    0.005653  0.00101762    0.462447
   0.005653   0.0291986   0.0282627  0.00501123
 0.00101762   0.0282627   0.0287958 0.000178188
   0.462447  0.00501123 0.000178188    0.474627
IMAGINARY
           0   -0.0029883   0.00704867   -0.0052854
   0.0029883            0 -0.000134928  -0.00126487
 -0.00704867  0.000134928            0  -0.00159886
   0.0052854   0.00126487   0.00159886            0
Repeater1[0]<--->HoM1[0]
REAL
    0.463278 -0.000695119    0.0017763     0.464648
-0.000695119     0.031619     0.022679   -0.0027664
   0.0017763     0.022679    0.0308185  0.000101059
    0.464648   -0.0027664  0.000101059     0.474285
IMAGINARY
           0  -0.00104087   0.00273396 -0.000147491
  0.00104087            0  -0.00470491  -0.00124852
 -0.00273396   0.00470491            0 -0.000642627
 0.000147491   0.00124852  0.000642627            0
Repeater2[0]<--->HoM1[0]
REAL
    0.463278    0.0017763 -0.000695119     0.464648
   0.0017763    0.0308185     0.022679  0.000101059
-0.000695119     0.022679     0.031619   -0.0027664
    0.464648  0.000101059   -0.0027664     0.474285
IMAGINARY
           0   0.00273396  -0.00104087 -0.000147491
 -0.00273396            0   0.00470491 -0.000642627
  0.00104087  -0.00470491            0  -0.00124852
 0.000147491  0.000642627   0.00124852            0
Repeater2[0]<--->Repeater3[0]
REAL
  0.428887 0.00940715 -0.0013562    0.40998
0.00940715  0.0693049  0.0462708 0.00627291
-0.0013562  0.0462708  0.0634793 0.00112867
   0.40998 0.00627291 0.00112867   0.438329
IMAGINARY
           0   0.00275606  0.000153036  -0.00698292
 -0.00275606            0   0.00248562   -0.0106369
-0.000153036  -0.00248562            0  -0.00275606
  0.00698292    0.0106369   0.00275606            0
Repeater3[0]<--->Repeater2[0]
REAL
  0.428887 -0.0013562 0.00940715    0.40998
-0.0013562  0.0634793  0.0462708 0.00112867
0.00940715  0.0462708  0.0693049 0.00627291
   0.40998 0.00112867 0.00627291   0.438329
IMAGINARY
           0  0.000153036   0.00275606  -0.00698292
-0.000153036            0  -0.00248562  -0.00275606
 -0.00275606   0.00248562            0   -0.0106369
  0.00698292   0.00275606    0.0106369            0
Repeater3[0]<--->HoM2[0]
REAL
   0.422725  0.00259167  0.00629587    0.408204
 0.00259167   0.0709178    0.044769 -0.00240935
 0.00629587    0.044769   0.0695272   0.0016835
   0.408204 -0.00240935   0.0016835     0.43683
IMAGINARY
          0  0.00645699 -0.00339088 -0.00489292
-0.00645699           0   0.0016314  -0.0100846
 0.00339088  -0.0016314           0  0.00882861
 0.00489292   0.0100846 -0.00882861           0
Repeater4[0]<--->HoM2[0]
REAL
   0.422725  0.00629587  0.00259167    0.408204
 0.00629587   0.0695272    0.044769   0.0016835
 0.00259167    0.044769   0.0709178 -0.00240935
   0.408204   0.0016835 -0.00240935     0.43683
IMAGINARY
          0 -0.00339088  0.00645699 -0.00489292
 0.00339088           0  -0.0016314  0.00882861
-0.00645699   0.0016314           0  -0.0100846
 0.00489292 -0.00882861   0.0100846           0
Repeater4[0]<--->Repeater5[0]
REAL
   0.385599 -0.00238549  0.00340179    0.339347
-0.00238549    0.121778   0.0543567 -0.00451538
 0.00340179   0.0543567    0.110171   0.0047139
   0.339347 -0.00451538   0.0047139    0.382451
IMAGINARY
           0   -0.0019572  0.000875906  -0.00581389
   0.0019572            0  -0.00019813  -0.00107875
-0.000875906   0.00019813            0  0.000537317
  0.00581389   0.00107875 -0.000537317            0
Repeater5[0]<--->Repeater4[0]
REAL
   0.385599  0.00340179 -0.00238549    0.339347
 0.00340179    0.110171   0.0543567   0.0047139
-0.00238549   0.0543567    0.121778 -0.00451538
   0.339347   0.0047139 -0.00451538    0.382451
IMAGINARY
           0  0.000875906   -0.0019572  -0.00581389
-0.000875906            0   0.00019813  0.000537317
   0.0019572  -0.00019813            0  -0.00107875
  0.00581389 -0.000537317   0.00107875            0
Repeater5[0]<--->HoM3[0]
REAL
   0.384463 -0.00353103 -0.00281868    0.339967
-0.00353103    0.106817   0.0536201 -0.00442769
-0.00281868   0.0536201    0.101268  -0.0021271
   0.339967 -0.00442769  -0.0021271    0.407451
IMAGINARY
           0   0.00129926   0.00233129  -0.00267296
 -0.00129926            0 -0.000432632   0.00370979
 -0.00233129  0.000432632            0 -0.000695154
  0.00267296  -0.00370979  0.000695154            0
Repeater6[0]<--->HoM3[0]
REAL
   0.384463 -0.00281868 -0.00353103    0.339967
-0.00281868    0.101268   0.0536201  -0.0021271
-0.00353103   0.0536201    0.106817 -0.00442769
   0.339967  -0.0021271 -0.00442769    0.407451
IMAGINARY
           0   0.00233129   0.00129926  -0.00267296
 -0.00233129            0  0.000432632 -0.000695154
 -0.00129926 -0.000432632            0   0.00370979
  0.00267296  0.000695154  -0.00370979            0
Repeater6[0]<--->Repeater7[0]
REAL
   0.340179  0.00184198  0.00146582    0.272321
 0.00184198    0.148638   0.0647025 -0.00415881
 0.00146582   0.0647025    0.157991  0.00324479
   0.272321 -0.00415881  0.00324479    0.353192
IMAGINARY
          0  0.00104066  0.00133086 -0.00411314
-0.00104066           0  -0.0122571  0.00285742
-0.00133086   0.0122571           0  0.00394538
 0.00411314 -0.00285742 -0.00394538           0
Repeater7[0]<--->Repeater6[0]
REAL
   0.340179  0.00146582  0.00184198    0.272321
 0.00146582    0.157991   0.0647025  0.00324479
 0.00184198   0.0647025    0.148638 -0.00415881
   0.272321  0.00324479 -0.00415881    0.353192
IMAGINARY
          0  0.00133086  0.00104066 -0.00411314
-0.00133086           0   0.0122571  0.00394538
-0.00104066  -0.0122571           0  0.00285742
 0.00411314 -0.00394538 -0.00285742           0
Repeater7[0]<--->HoM4[0]
REAL
   0.355993 -0.00466449     0.01008    0.269345
-0.00466449    0.153846   0.0642582  -0.0092703
    0.01008   0.0642582    0.143113  0.00385478
   0.269345  -0.0092703  0.00385478    0.347048
IMAGINARY
          0  0.00810224 -0.00169351 -0.00287531
-0.00810224           0  0.00873429  0.00290465
 0.00169351 -0.00873429           0 -0.00628553
 0.00287531 -0.00290465  0.00628553           0
Repeater8[0]<--->HoM4[0]
REAL
   0.355993     0.01008 -0.00466449    0.269345
    0.01008    0.143113   0.0642582  0.00385478
-0.00466449   0.0642582    0.153846  -0.0092703
   0.269345  0.00385478  -0.0092703    0.347048
IMAGINARY
          0 -0.00169351  0.00810224 -0.00287531
 0.00169351           0 -0.00873429 -0.00628553
-0.00810224  0.00873429           0  0.00290465
 0.00287531  0.00628553 -0.00290465           0
Repeater8[0]<--->Repeater9[0]
REAL
   0.32152 0.00430938 0.00254082   0.214406
0.00430938   0.180756   0.057443 0.00873586
0.00254082   0.057443   0.178974 0.00958511
  0.214406 0.00873586 0.00958511   0.318749
IMAGINARY
          0  0.00683497 -0.00882016 -0.00189648
-0.00683497           0 -0.00435856 -0.00115541
 0.00882016  0.00435856           0 -0.00439197
 0.00189648  0.00115541  0.00439197           0
Repeater9[0]<--->Repeater8[0]
REAL
   0.32152 0.00254082 0.00430938   0.214406
0.00254082   0.178974   0.057443 0.00958511
0.00430938   0.057443   0.180756 0.00873586
  0.214406 0.00958511 0.00873586   0.318749
IMAGINARY
          0 -0.00882016  0.00683497 -0.00189648
 0.00882016           0  0.00435856 -0.00439197
-0.00683497 -0.00435856           0 -0.00115541
 0.00189648  0.00439197  0.00115541           0
Repeater9[0]<--->HoM5[0]
REAL
    0.319245  -0.00247182   -0.0110776     0.212782
 -0.00247182     0.187733    0.0698954 -0.000886006
  -0.0110776    0.0698954     0.178494  -0.00138422
    0.212782 -0.000886006  -0.00138422     0.314527
IMAGINARY
          0  0.00284873 -0.00146214 -0.00465984
-0.00284873           0  0.00112627 -0.00288029
 0.00146214 -0.00112627           0  0.00873109
 0.00465984  0.00288029 -0.00873109           0
Repeater10[0]<--->HoM5[0]
REAL
    0.319245   -0.0110776  -0.00247182     0.212782
  -0.0110776     0.178494    0.0698954  -0.00138422
 -0.00247182    0.0698954     0.187733 -0.000886006
    0.212782  -0.00138422 -0.000886006     0.314527
IMAGINARY
          0 -0.00146214  0.00284873 -0.00465984
 0.00146214           0 -0.00112627  0.00873109
-0.00284873  0.00112627           0 -0.00288029
 0.00465984 -0.00873109  0.00288029           0
Repeater10[0]<--->Repeater11[0]
REAL
    0.49381 -0.00140902 -0.00470906    0.484058
-0.00140902   0.0147764   0.0141307  0.00128854
-0.00470906   0.0141307    0.014377  -0.0018103
   0.484058  0.00128854  -0.0018103    0.477037
IMAGINARY
           0  -0.00223179   0.00495757   -0.0016464
  0.00223179            0 -0.000121079   0.00626938
 -0.00495757  0.000121079            0  -0.00498553
   0.0016464  -0.00626938   0.00498553            0
Repeater11[0]<--->Repeater10[0]
REAL
    0.49381 -0.00470906 -0.00140902    0.484058
-0.00470906    0.014377   0.0141307  -0.0018103
-0.00140902   0.0141307   0.0147764  0.00128854
   0.484058  -0.0018103  0.00128854    0.477037
IMAGINARY
           0   0.00495757  -0.00223179   -0.0016464
 -0.00495757            0  0.000121079  -0.00498553
  0.00223179 -0.000121079            0   0.00626938
   0.0016464   0.00498553  -0.00626938            0
Repeater11[0]<--->HoM6[0]
REAL
    0.481231   0.00737597 -4.08645e-06      0.48538
  0.00737597    0.0151795    0.0120602   0.00207142
-4.08645e-06    0.0120602    0.0151795  -0.00550552
     0.48538   0.00207142  -0.00550552      0.48841
IMAGINARY
          0 -0.00185265  0.00346014 -0.00471734
 0.00185265           0 -0.00242696   0.0010534
-0.00346014  0.00242696           0 -0.00767594
 0.00471734  -0.0010534  0.00767594           0
EndNode1[0]<--->Repeater1[0]
REAL
   0.477656  0.00138653  0.00744515    0.462171
 0.00138653   0.0337123    0.025761 -0.00985867
 0.00744515    0.025761   0.0246962  -0.0042023
   0.462171 -0.00985867  -0.0042023    0.463936
IMAGINARY
          0  0.00732101 -0.00133075 -0.00712165
-0.00732101           0 -0.00413872 -0.00857417
 0.00133075  0.00413872           0  0.00397059
 0.00712165  0.00857417 -0.00397059           0
EndNode2[0]<--->HoM6[0]
REAL
  0.486117 0.00882497  0.0121173   0.485993
0.00882497  0.0150734  0.0126108 0.00224823
 0.0121173  0.0126108  0.0144784 0.00454295
  0.485993 0.00224823 0.00454295   0.484332
IMAGINARY
          0  0.00803669  0.00420861  -0.0075312
-0.00803669           0 -0.00326448 -0.00814085
-0.00420861  0.00326448           0 -0.00612098
  0.0075312  0.00814085  0.00612098           0
Repeater1[0]<--->EndNode1[0]
REAL
   0.477656  0.00744515  0.00138653    0.462171
 0.00744515   0.0246962    0.025761  -0.0042023
 0.00138653    0.025761   0.0337123 -0.00985867
   0.462171  -0.0042023 -0.00985867    0.463936
IMAGINARY
          0 -0.00133075  0.00732101 -0.00712165
 0.00133075           0  0.00413872  0.00397059
-0.00732101 -0.00413872           0 -0.00857417
 0.00712165 -0.00397059  0.00857417           0
Repeater1[0]<--->HoM1[0]
REAL
   0.469424  0.00390984 -0.00107488    0.464709
 0.00390984   0.0279042   0.0226774 -0.00838511
-0.00107488   0.0226774    0.030279  -0.0121873
   0.464709 -0.00838511  -0.0121873    0.472393
IMAGINARY
           0   0.00792404  -0.00978134  0.000336661
 -0.00792404            0   0.00105168  -0.00809383
  0.00978134  -0.00105168            0   0.00853728
-0.000336661   0.00809383  -0.00853728            0
Repeater2[0]<--->HoM1[0]
REAL
   0.469424 -0.00107488  0.00390984    0.464709
-0.00107488    0.030279   0.0226774  -0.0121873
 0.00390984   0.0226774   0.0279042 -0.00838511
   0.464709  -0.0121873 -0.00838511    0.472393
IMAGINARY
           0  -0.00978134   0.00792404  0.000336661
  0.00978134            0  -0.00105168   0.00853728
 -0.00792404   0.00105168            0  -0.00809383
-0.000336661  -0.00853728   0.00809383            0
Repeater2[0]<--->Repeater3[0]
REAL
  0.433287  0.0112273 0.00532552   0.409312
 0.0112273  0.0638128  0.0430021 0.00684527
0.00532552  0.0430021  0.0654131 0.00154206
  0.409312 0.00684527 0.00154206   0.437487
IMAGINARY
           0 -4.37129e-07    0.0111869 -0.000935671
 4.37129e-07            0  -0.00420235   -0.0061364
  -0.0111869   0.00420235            0  -0.00762484
 0.000935671    0.0061364   0.00762484            0
Repeater3[0]<--->Repeater2[0]
REAL
  0.433287 0.00532552  0.0112273   0.409312
0.00532552  0.0654131  0.0430021 0.00154206
 0.0112273  0.0430021  0.0638128 0.00684527
  0.409312 0.00154206 0.00684527   0.437487
IMAGINARY
           0    0.0111869 -4.37129e-07 -0.000935671
  -0.0111869            0   0.00420235  -0.00762484
 4.37129e-07  -0.00420235            0   -0.0061364
 0.000935671   0.00762484    0.0061364            0
Repeater3[0]<--->HoM2[0]
REAL
   0.436276 -0.00182482 -0.00472351    0.408285
-0.00182482   0.0721135   0.0451754 -0.00861651
-0.00472351   0.0451754   0.0659209   -0.011114
   0.408285 -0.00861651   -0.011114    0.425689
IMAGINARY
          0   0.0114491 -0.00854282  0.00570213
 -0.0114491           0  0.00519759 -0.00804391
 0.00854282 -0.00519759           0  -0.0034555
-0.00570213  0.00804391   0.0034555           0
Repeater4[0]<--->HoM2[0]
REAL
   0.436276 -0.00472351 -0.00182482    0.408285
-0.00472351   0.0659209   0.0451754   -0.011114
-0.00182482   0.0451754   0.0721135 -0.00861651
   0.408285   -0.011114 -0.00861651    0.425689
IMAGINARY
          0 -0.00854282   0.0114491  0.00570213
 0.00854282           0 -0.00519759  -0.0034555
 -0.0114491  0.00519759           0 -0.00804391
-0.00570213   0.0034555  0.00804391           0
Repeater4[0]<--->Repeater5[0]
REAL
   0.386341 -0.00140955  -0.0119174    0.335981
-0.00140955    0.107294   0.0638573  0.00283012
 -0.0119174   0.0638573    0.110729 -0.00646606
   0.335981  0.00283012 -0.00646606    0.395635
IMAGINARY
          0 -0.00367878  0.00381828 -0.00223882
 0.00367878           0  0.00103304  0.00322114
-0.00381828 -0.00103304           0 -0.00436627
 0.00223882 -0.00322114  0.00436627           0
Repeater5[0]<--->Repeater4[0]
REAL
   0.386341  -0.0119174 -0.00140955    0.335981
 -0.0119174    0.110729   0.0638573 -0.00646606
-0.00140955   0.0638573    0.107294  0.00283012
   0.335981 -0.00646606  0.00283012    0.395635
IMAGINARY
          0  0.00381828 -0.00367878 -0.00223882
-0.00381828           0 -0.00103304 -0.00436627
 0.00367878  0.00103304           0  0.00322114
 0.00223882  0.00436627 -0.00322114           0
Repeater5[0]<--->HoM3[0]
REAL
   0.396651 0.000302015  0.00568036    0.337477
0.000302015   0.0998605   0.0555436 -0.00697286
 0.00568036   0.0555436    0.106438  0.00596166
   0.337477 -0.00697286  0.00596166     0.39705
IMAGINARY
           0    0.0086226  -0.00158606  0.000229544
  -0.0086226            0  -0.00162842  -0.00750857
  0.00158606   0.00162842            0   0.00149389
-0.000229544   0.00750857  -0.00149389            0
Repeater6[0]<--->HoM3[0]
REAL
   0.396651  0.00568036 0.000302015    0.337477
 0.00568036    0.106438   0.0555436  0.00596166
0.000302015   0.0555436   0.0998605 -0.00697286
   0.337477  0.00596166 -0.00697286     0.39705
IMAGINARY
           0  -0.00158606    0.0086226  0.000229544
  0.00158606            0   0.00162842   0.00149389
  -0.0086226  -0.00162842            0  -0.00750857
-0.000229544  -0.00149389   0.00750857            0
Repeater6[0]<--->Repeater7[0]
REAL
   0.355343  0.00699288  0.00307242    0.274735
 0.00699288    0.143192   0.0635088 -0.00398687
 0.00307242   0.0635088    0.149834   0.0002211
   0.274735 -0.00398687   0.0002211    0.351631
IMAGINARY
           0  -0.00596051  -0.00892759  -0.00293929
  0.00596051            0   0.00109785 -0.000377998
  0.00892759  -0.00109785            0  -0.00294483
  0.00293929  0.000377998   0.00294483            0
Repeater7[0]<--->Repeater6[0]
REAL
   0.355343  0.00307242  0.00699288    0.274735
 0.00307242    0.149834   0.0635088   0.0002211
 0.00699288   0.0635088    0.143192 -0.00398687
   0.274735   0.0002211 -0.00398687    0.351631
IMAGINARY
           0  -0.00892759  -0.00596051  -0.00293929
  0.00892759            0  -0.00109785  -0.00294483
  0.00596051   0.00109785            0 -0.000377998
  0.00293929   0.00294483  0.000377998            0
Repeater7[0]<--->HoM4[0]
REAL
    0.363709   0.00200482   0.00349041     0.274695
  0.00200482     0.155159    0.0659049   0.00630959
  0.00349041    0.0659049     0.141108 -4.82315e-06
    0.274695   0.00630959 -4.82315e-06     0.340024
IMAGINARY
           0  -0.00882084  -0.00236169  -0.00117131
  0.00882084            0  -0.00284751 -0.000329165
  0.00236169   0.00284751            0   0.00134626
  0.00117131  0.000329165  -0.00134626            0
Repeater8[0]<--->HoM4[0]
REAL
    0.363709   0.00349041   0.00200482     0.274695
  0.00349041     0.141108    0.0659049 -4.82315e-06
  0.00200482    0.0659049     0.155159   0.00630959
    0.274695 -4.82315e-06   0.00630959     0.340024
IMAGINARY
           0  -0.00236169  -0.00882084  -0.00117131
  0.00236169            0   0.00284751   0.00134626
  0.00882084  -0.00284751            0 -0.000329165
  0.00117131  -0.00134626  0.000329165            0
Repeater8[0]<--->Repeater9[0]
REAL
   0.317269 -0.00242993 -0.00854616    0.208251
-0.00242993    0.183534    0.056431 -0.00834845
-0.00854616    0.056431    0.185141 -0.00682188
   0.208251 -0.00834845 -0.00682188    0.314056
IMAGINARY
           0   0.00268836   0.00735413  -0.00328211
 -0.00268836            0  -0.00755562  -0.00623556
 -0.00735413   0.00755562            0  0.000667343
  0.00328211   0.00623556 -0.000667343            0
Repeater9[0]<--->Repeater8[0]
REAL
   0.317269 -0.00854616 -0.00242993    0.208251
-0.00854616    0.185141    0.056431 -0.00682188
-0.00242993    0.056431    0.183534 -0.00834845
   0.208251 -0.00682188 -0.00834845    0.314056
IMAGINARY
           0   0.00735413   0.00268836  -0.00328211
 -0.00735413            0   0.00755562  0.000667343
 -0.00268836  -0.00755562            0  -0.00623556
  0.00328211 -0.000667343   0.00623556            0
Repeater9[0]<--->HoM5[0]
REAL
    0.32845 -0.00261106  0.00241035     0.21528
-0.00261106    0.166502   0.0667334 -0.00925967
 0.00241035   0.0667334    0.185112  -0.0058265
    0.21528 -0.00925967  -0.0058265    0.319937
IMAGINARY
          0  0.00219036  0.00459606 -0.00567572
-0.00219036           0  0.00241162  -0.0187339
-0.00459606 -0.00241162           0  0.00219036
 0.00567572   0.0187339 -0.00219036           0
Repeater10[0]<--->HoM5[0]
REAL
    0.32845  0.00241035 -0.00261106     0.21528
 0.00241035    0.185112   0.0667334  -0.0058265
-0.00261106   0.0667334    0.166502 -0.00925967
    0.21528  -0.0058265 -0.00925967    0.319937
IMAGINARY
          0  0.00459606  0.00219036 -0.00567572
-0.00459606           0 -0.00241162  0.00219036
-0.00219036  0.00241162           0  -0.0187339
 0.00567572 -0.00219036   0.0187339           0
Repeater10[0]<--->Repeater11[0]
REAL
    0.49393 -0.00436604 -0.00202078    0.484795
-0.00436604   0.0135323   0.0126278 -0.00571118
-0.00202078   0.0126278   0.0159204 -0.00277115
   0.484795 -0.00571118 -0.00277115    0.476617
IMAGINARY
          0  -0.0154192   0.0110248 -0.00491074
  0.0154192           0 -0.00450006  0.00965116
 -0.0110248  0.00450006           0 -0.00565436
 0.00491074 -0.00965116  0.00565436           0
Repeater11[0]<--->Repeater10[0]
REAL
    0.49393 -0.00202078 -0.00436604    0.484795
-0.00202078   0.0159204   0.0126278 -0.00277115
-0.00436604   0.0126278   0.0135323 -0.00571118
   0.484795 -0.00277115 -0.00571118    0.476617
IMAGINARY
          0   0.0110248  -0.0154192 -0.00491074
 -0.0110248           0  0.00450006 -0.00565436
  0.0154192 -0.00450006           0  0.00965116
 0.00491074  0.00565436 -0.00965116           0
Repeater11[0]<--->HoM6[0]
REAL
  0.486117  0.0121173 0.00882497   0.485993
 0.0121173  0.0144784  0.0126108 0.00454295
0.00882497  0.0126108  0.0150734 0.00224823
  0.485993 0.00454295 0.00224823   0.484332
IMAGINARY
          0  0.00420861  0.00803669  -0.0075312
-0.00420861           0  0.00326448 -0.00612098
-0.00803669 -0.00326448           0 -0.00814085
  0.0075312  0.00612098  0.00814085           0
EndNode1[0]<--->Repeater1[0]
REAL
   0.462503 -0.00462659   -0.003263    0.464601
-0.00462659    0.029715   0.0240445   -0.003756
  -0.003263   0.0240445   0.0222357 -0.00301173
   0.464601   -0.003756 -0.00301173    0.485547
IMAGINARY
           0  -0.00486505    0.0034504  -0.00674899
  0.00486505            0    0.0125008  0.000724547
  -0.0034504   -0.0125008            0  -0.00666577
  0.00674899 -0.000724547   0.00666577            0
EndNode2[0]<--->HoM6[0]
REAL
   0.474778  0.00688119 0.000182024    0.482985
 0.00688119   0.0147296   0.0137636  0.00378058
0.000182024   0.0137636   0.0151332 -0.00210574
   0.482985  0.00378058 -0.00210574    0.495359
IMAGINARY
           0 -0.000655169  -0.00139201  -0.00114531
 0.000655169            0    -0.006547   0.00310193
  0.00139201     0.006547            0 -0.000853582
  0.00114531  -0.00310193  0.000853582            0
Repeater1[0]<--->EndNode1[0]
REAL
   0.462503   -0.003263 -0.00462659    0.464601
  -0.003263   0.0222357   0.0240445 -0.00301173
-0.00462659   0.0240445    0.029715   -0.003756
   0.464601 -0.00301173   -0.003756    0.485547
IMAGINARY
           0    0.0034504  -0.00486505  -0.00674899
  -0.0034504            0   -0.0125008  -0.00666577
  0.00486505    0.0125008            0  0.000724547
  0.00674899   0.00666577 -0.000724547            0
Repeater1[0]<--->HoM1[0]
REAL
    0.471308 -0.000745139  -0.00207122      0.46507
-0.000745139    0.0298957    0.0224962  -0.00217192
 -0.00207122    0.0224962    0.0266854  -0.00448478
     0.46507  -0.00217192  -0.00448478     0.472111
IMAGINARY
          0 -0.00454159  0.00297058 -0.00498052
 0.00454159           0 -0.00163801  0.00831655
-0.00297058  0.00163801           0 -0.00595345
 0.00498052 -0.00831655  0.00595345           0
Repeater2[0]<--->HoM1[0]
REAL
    0.471308  -0.00207122 -0.000745139      0.46507
 -0.00207122    0.0266854    0.0224962  -0.00448478
-0.000745139    0.0224962    0.0298957  -0.00217192
     0.46507  -0.00448478  -0.00217192     0.472111
IMAGINARY
          0  0.00297058 -0.00454159 -0.00498052
-0.00297058           0  0.00163801 -0.00595345
 0.00454159 -0.00163801           0  0.00831655
 0.00498052  0.00595345 -0.00831655           0
Repeater2[0]<--->Repeater3[0]
REAL
   0.445352 -0.00441135 -0.00185749    0.402833
-0.00441135   0.0682614   0.0454291  0.00287998
-0.00185749   0.0454291   0.0624271  0.00318436
   0.402833  0.00287998  0.00318436     0.42396
IMAGINARY
           0   0.00687109  -0.00552502  -0.00209907
 -0.00687109            0  0.000785146  -0.00137154
  0.00552502 -0.000785146            0  -0.00220577
  0.00209907   0.00137154   0.00220577            0
Repeater3[0]<--->Repeater2[0]
REAL
   0.445352 -0.00185749 -0.00441135    0.402833
-0.00185749   0.0624271   0.0454291  0.00318436
-0.00441135   0.0454291   0.0682614  0.00287998
   0.402833  0.00318436  0.00287998     0.42396
IMAGINARY
           0  -0.00552502   0.00687109  -0.00209907
  0.00552502            0 -0.000785146  -0.00220577
 -0.00687109  0.000785146            0  -0.00137154
  0.00209907   0.00220577   0.00137154            0
Repeater3[0]<--->HoM2[0]
REAL
     0.42488  3.51523e-05 -0.000836576      0.40812
 3.51523e-05    0.0655048    0.0464618   0.00419361
-0.000836576    0.0464618    0.0705128   0.00095221
     0.40812   0.00419361   0.00095221     0.439103
IMAGINARY
           0 -0.000229076  -0.00623956   0.00377569
 0.000229076            0   0.00297569  -0.00359943
  0.00623956  -0.00297569            0   0.00410505
 -0.00377569   0.00359943  -0.00410505            0
Repeater4[0]<--->HoM2[0]
REAL
     0.42488 -0.000836576  3.51523e-05      0.40812
-0.000836576    0.0705128    0.0464618   0.00095221
 3.51523e-05    0.0464618    0.0655048   0.00419361
     0.40812   0.00095221   0.00419361     0.439103
IMAGINARY
           0  -0.00623956 -0.000229076   0.00377569
  0.00623956            0  -0.00297569   0.00410505
 0.000229076   0.00297569            0  -0.00359943
 -0.00377569  -0.00410505   0.00359943            0
Repeater4[0]<--->Repeater5[0]
REAL
   0.388181 -0.00195979 -0.00847621    0.339325
-0.00195979    0.110504   0.0598067 0.000383039
-0.00847621   0.0598067     0.11273 -0.00672556
   0.339325 0.000383039 -0.00672556    0.388585
IMAGINARY
           0 -0.000251638   0.00206489  -0.00141119
 0.000251638            0  -0.00210357  -0.00567935
 -0.00206489   0.00210357            0 -0.000953181
  0.00141119   0.00567935  0.000953181            0
Repeater5[0]<--->Repeater4[0]
REAL
   0.388181 -0.00847621 -0.00195979    0.339325
-0.00847621     0.11273   0.0598067 -0.00672556
-0.00195979   0.0598067    0.110504 0.000383039
   0.339325 -0.00672556 0.000383039    0.388585
IMAGINARY
           0   0.00206489 -0.000251638  -0.00141119
 -0.00206489            0   0.00210357 -0.000953181
 0.000251638  -0.00210357            0  -0.00567935
  0.00141119  0.000953181   0.00567935            0
Repeater5[0]<--->HoM3[0]
REAL
    0.39992  0.00124086   0.0117087    0.342238
 0.00124086    0.109359   0.0550394 -0.00330936
  0.0117087   0.0550394    0.111754  0.00213817
   0.342238 -0.00330936  0.00213817    0.378966
IMAGINARY
           0 -2.40041e-05  -0.00035369   0.00623057
 2.40041e-05            0   0.00184984  -0.00484165
  0.00035369  -0.00184984            0    0.0014787
 -0.00623057   0.00484165   -0.0014787            0
Repeater6[0]<--->HoM3[0]
REAL
    0.39992   0.0117087  0.00124086    0.342238
  0.0117087    0.111754   0.0550394  0.00213817
 0.00124086   0.0550394    0.109359 -0.00330936
   0.342238  0.00213817 -0.00330936    0.378966
IMAGINARY
           0  -0.00035369 -2.40041e-05   0.00623057
  0.00035369            0  -0.00184984    0.0014787
 2.40041e-05   0.00184984            0  -0.00484165
 -0.00623057   -0.0014787   0.00484165            0
Repeater6[0]<--->Repeater7[0]
REAL
   0.35012  0.0102305 -0.0010342    0.27137
 0.0102305   0.152689   0.059747 0.00351485
-0.0010342   0.059747   0.139246 0.00197433
   0.27137 0.00351485 0.00197433   0.357945
IMAGINARY
           0  0.000507116    0.0024837   0.00351549
-0.000507116            0  -0.00210249   0.00873874
  -0.0024837   0.00210249            0  -0.00712034
 -0.00351549  -0.00873874   0.00712034            0
Repeater7[0]<--->Repeater6[0]
REAL
   0.35012 -0.0010342  0.0102305    0.27137
-0.0010342   0.139246   0.059747 0.00197433
 0.0102305   0.059747   0.152689 0.00351485
   0.27137 0.00197433 0.00351485   0.357945
IMAGINARY
           0    0.0024837  0.000507116   0.00351549
  -0.0024837            0   0.00210249  -0.00712034
-0.000507116  -0.00210249            0   0.00873874
 -0.00351549   0.00712034  -0.00873874            0
Repeater7[0]<--->HoM4[0]
REAL
   0.350625 -0.00474968 -0.00384318    0.278539
-0.00474968    0.149477   0.0658789 -0.00364633
-0.00384318   0.0658789    0.154808 -0.00693396
   0.278539 -0.00364633 -0.00693396    0.345089
IMAGINARY
          0 -0.00260595   0.0108651 -0.00164029
 0.00260595           0  0.00314059  0.00711905
 -0.0108651 -0.00314059           0 -0.00481124
 0.00164029 -0.00711905  0.00481124           0
Repeater8[0]<--->HoM4[0]
REAL
   0.350625 -0.00384318 -0.00474968    0.278539
-0.00384318    0.154808   0.0658789 -0.00693396
-0.00474968   0.0658789    0.149477 -0.00364633
   0.278539 -0.00693396 -0.00364633    0.345089
IMAGINARY
          0   0.0108651 -0.00260595 -0.00164029
 -0.0108651           0 -0.00314059 -0.00481124
 0.00260595  0.00314059           0  0.00711905
 0.00164029  0.00481124 -0.00711905           0
Repeater8[0]<--->Repeater9[0]
REAL
   0.324076  0.00254267  0.00479869    0.212749
 0.00254267    0.181694   0.0606006 0.000257823
 0.00479869   0.0606006    0.174653 -0.00284011
   0.212749 0.000257823 -0.00284011    0.319578
IMAGINARY
           0 -0.000810834   0.00427054  -0.00150796
 0.000810834            0   0.00340001   0.00117393
 -0.00427054  -0.00340001            0   -0.0127508
  0.00150796  -0.00117393    0.0127508            0
Repeater9[0]<--->Repeater8[0]
REAL
   0.324076  0.00479869  0.00254267    0.212749
 0.00479869    0.174653   0.0606006 -0.00284011
 0.00254267   0.0606006    0.181694 0.000257823
   0.212749 -0.00284011 0.000257823    0.319578
IMAGINARY
           0   0.00427054 -0.000810834  -0.00150796
 -0.00427054            0  -0.00340001   -0.0127508
 0.000810834   0.00340001            0   0.00117393
  0.00150796    0.0127508  -0.00117393            0
Repeater9[0]<--->HoM5[0]
REAL
   0.321379  0.00349099 -0.00171694    0.202594
 0.00349099      0.1841   0.0692274  0.00470618
-0.00171694   0.0692274    0.165571  0.00448031
   0.202594  0.00470618  0.00448031     0.32895
IMAGINARY
          0   0.0039442 -0.00166463 -0.00591803
 -0.0039442           0  0.00448419  -0.0106231
 0.00166463 -0.00448419           0   0.0041477
 0.00591803   0.0106231  -0.0041477           0
Repeater10[0]<--->HoM5[0]
REAL
   0.321379 -0.00171694  0.00349099    0.202594
-0.00171694    0.165571   0.0692274  0.00448031
 0.00349099   0.0692274      0.1841  0.00470618
   0.202594  0.00448031  0.00470618     0.32895
IMAGINARY
          0 -0.00166463   0.0039442 -0.00591803
 0.00166463           0 -0.00448419   0.0041477
 -0.0039442  0.00448419           0  -0.0106231
 0.00591803  -0.0041477   0.0106231           0
Repeater10[0]<--->Repeater11[0]
REAL
   0.491325  0.00906597 0.000346021      0.4837
 0.00906597    0.011635   0.0129748  0.00395758
0.000346021   0.0129748   0.0144928 -0.00456675
     0.4837  0.00395758 -0.00456675    0.482547
IMAGINARY
          0 -0.00454528   0.0025742 -0.00671144
 0.00454528           0  0.00246559   0.0025742
 -0.0025742 -0.00246559           0  -0.0024202
 0.00671144  -0.0025742   0.0024202           0
Repeater11[0]<--->Repeater10[0]
REAL
   0.491325 0.000346021  0.00906597      0.4837
0.000346021   0.0144928   0.0129748 -0.00456675
 0.00906597   0.0129748    0.011635  0.00395758
     0.4837 -0.00456675  0.00395758    0.482547
IMAGINARY
          0   0.0025742 -0.00454528 -0.00671144
 -0.0025742           0 -0.00246559  -0.0024202
 0.00454528  0.00246559           0   0.0025742
 0.00671144   0.0024202  -0.0025742           0
Repeater11[0]<--->HoM6[0]
REAL
   0.474778 0.000182024  0.00688119    0.482985
0.000182024   0.0151332   0.0137636 -0.00210574
 0.00688119   0.0137636   0.0147296  0.00378058
   0.482985 -0.00210574  0.00378058    0.495359
IMAGINARY
           0  -0.00139201 -0.000655169  -0.00114531
  0.00139201            0     0.006547 -0.000853582
 0.000655169    -0.006547            0   0.00310193
  0.00114531  0.000853582  -0.00310193            0
EndNode1[0]<--->Repeater1[0]
REAL
   0.464746 -0.00765994 -0.00958128    0.467579
-0.00765994   0.0312248    0.022718 0.000788069
-0.00958128    0.022718   0.0360596 -0.00234612
   0.467579 0.000788069 -0.00234612    0.467969
IMAGINARY
           0  -0.00263766   0.00814186  -0.00527641
  0.00263766            0   -0.0081313  -0.00236444
 -0.00814186    0.0081313            0 -0.000707159
  0.00527641   0.00236444  0.000707159            0
EndNode2[0]<--->HoM6[0]
REAL
    0.488235   -0.0063386 -0.000907105      0.48321
  -0.0063386     0.015098    0.0147722 -0.000807642
-0.000907105    0.0147722    0.0133333   0.00502732
     0.48321 -0.000807642   0.00502732     0.483333
IMAGINARY
           0 -3.45964e-05  -0.00873741  -0.00135428
 3.45964e-05            0   0.00532568  0.000490614
  0.00873741  -0.00532568            0   0.00481977
  0.00135428 -0.000490614  -0.00481977            0
Repeater1[0]<--->EndNode1[0]
REAL
   0.464746 -0.00958128 -0.00765994    0.467579
-0.00958128   0.0360596    0.022718 -0.00234612
-0.00765994    0.022718   0.0312248 0.000788069
   0.467579 -0.00234612 0.000788069    0.467969
IMAGINARY
           0   0.00814186  -0.00263766  -0.00527641
 -0.00814186            0    0.0081313 -0.000707159
  0.00263766   -0.0081313            0  -0.00236444
  0.00527641  0.000707159   0.00236444            0
Repeater1[0]<--->HoM1[0]
REAL
    0.475963  -0.00530572  -0.00687733     0.463782
 -0.00530572    0.0286055    0.0272805 -0.000173312
 -0.00687733    0.0272805    0.0327771  -0.00154632
    0.463782 -0.000173312  -0.00154632     0.462654
IMAGINARY
           0  -0.00535735  -0.00610111   0.00363393
  0.00535735            0  0.000335904    -0.003909
  0.00610111 -0.000335904            0    0.0105141
 -0.00363393     0.003909   -0.0105141            0
Repeater2[0]<--->HoM1[0]
REAL
    0.475963  -0.00687733  -0.00530572     0.463782
 -0.00687733    0.0327771    0.0272805  -0.00154632
 -0.00530572    0.0272805    0.0286055 -0.000173312
    0.463782  -0.00154632 -0.000173312     0.462654
IMAGINARY
           0  -0.00610111  -0.00535735   0.00363393
  0.00610111            0 -0.000335904    0.0105141
  0.00535735  0.000335904            0    -0.003909
 -0.00363393   -0.0105141     0.003909            0
Repeater2[0]<--->Repeater3[0]
REAL
       0.44  0.00377375  0.00537802     0.40992
 0.00377375   0.0728571   0.0431329 0.000767461
 0.00537802   0.0431329   0.0640816 0.000558312
    0.40992 0.000767461 0.000558312    0.423061
IMAGINARY
           0  -0.00248487  -0.00823787    0.0128761
  0.00248487            0    0.0018269 -0.000976876
  0.00823787   -0.0018269            0   0.00348647
  -0.0128761  0.000976876  -0.00348647            0
Repeater3[0]<--->Repeater2[0]
REAL
       0.44  0.00537802  0.00377375     0.40992
 0.00537802   0.0640816   0.0431329 0.000558312
 0.00377375   0.0431329   0.0728571 0.000767461
    0.40992 0.000558312 0.000767461    0.423061
IMAGINARY
           0  -0.00823787  -0.00248487    0.0128761
  0.00823787            0   -0.0018269   0.00348647
  0.00248487    0.0018269            0 -0.000976876
  -0.0128761  -0.00348647  0.000976876            0
Repeater3[0]<--->HoM2[0]
REAL
   0.437034 -0.00250884 -0.00208571    0.406143
-0.00250884   0.0700275    0.049663 -0.00394081
-0.00208571    0.049663   0.0661044 -0.00150884
   0.406143 -0.00394081 -0.00150884    0.426834
IMAGINARY
           0   0.00548465   0.00163618   -0.0120523
 -0.00548465            0  0.000142777  -0.00991232
 -0.00163618 -0.000142777            0  -0.00306236
   0.0120523   0.00991232   0.00306236            0
Repeater4[0]<--->HoM2[0]
REAL
   0.437034 -0.00208571 -0.00250884    0.406143
-0.00208571   0.0661044    0.049663 -0.00150884
-0.00250884    0.049663   0.0700275 -0.00394081
   0.406143 -0.00150884 -0.00394081    0.426834
IMAGINARY
           0   0.00163618   0.00548465   -0.0120523
 -0.00163618            0 -0.000142777  -0.00306236
 -0.00548465  0.000142777            0  -0.00991232
   0.0120523   0.00306236   0.00991232            0
Repeater4[0]<--->Repeater5[0]
REAL
  0.388509 0.00288878 0.00291394   0.338456
0.00288878   0.111892  0.0579177 0.00590318
0.00291394  0.0579177   0.107674  0.0073153
  0.338456 0.00590318  0.0073153   0.391924
IMAGINARY
          0  0.00235836 -0.00320541  0.00534973
-0.00235836           0 -0.00704532 -0.00420741
 0.00320541  0.00704532           0  0.00609852
-0.00534973  0.00420741 -0.00609852           0
Repeater5[0]<--->Repeater4[0]
REAL
  0.388509 0.00291394 0.00288878   0.338456
0.00291394   0.107674  0.0579177  0.0073153
0.00288878  0.0579177   0.111892 0.00590318
  0.338456  0.0073153 0.00590318   0.391924
IMAGINARY
          0 -0.00320541  0.00235836  0.00534973
 0.00320541           0  0.00704532  0.00609852
-0.00235836 -0.00704532           0 -0.00420741
-0.00534973 -0.00609852  0.00420741           0
Repeater5[0]<--->HoM3[0]
REAL
   0.398232  0.00116127 -0.00830966    0.338841
 0.00116127    0.107695    0.062707  0.00255341
-0.00830966    0.062707    0.113924  -0.0100934
   0.338841  0.00255341  -0.0100934    0.380149
IMAGINARY
           0   -0.0045857   0.00414518  8.92433e-05
   0.0045857            0  -0.00467266  -0.00364548
 -0.00414518   0.00467266            0     0.004086
-8.92433e-05   0.00364548    -0.004086            0
Repeater6[0]<--->HoM3[0]
REAL
   0.398232 -0.00830966  0.00116127    0.338841
-0.00830966    0.113924    0.062707  -0.0100934
 0.00116127    0.062707    0.107695  0.00255341
   0.338841  -0.0100934  0.00255341    0.380149
IMAGINARY
           0   0.00414518   -0.0045857  8.92433e-05
 -0.00414518            0   0.00467266     0.004086
   0.0045857  -0.00467266            0  -0.00364548
-8.92433e-05    -0.004086   0.00364548            0
Repeater6[0]<--->Repeater7[0]
REAL
   0.347131 -0.00792289   0.0025858    0.275869
-0.00792289    0.147951   0.0620642 -0.00190074
  0.0025858   0.0620642    0.146107   0.0156543
   0.275869 -0.00190074   0.0156543    0.358811
IMAGINARY
          0 -0.00364285 -0.00246566  0.00167159
 0.00364285           0  0.00369834  0.00177246
 0.00246566 -0.00369834           0  0.00136517
-0.00167159 -0.00177246 -0.00136517           0
Repeater7[0]<--->Repeater6[0]
REAL
   0.347131   0.0025858 -0.00792289    0.275869
  0.0025858    0.146107   0.0620642   0.0156543
-0.00792289   0.0620642    0.147951 -0.00190074
   0.275869   0.0156543 -0.00190074    0.358811
IMAGINARY
          0 -0.00246566 -0.00364285  0.00167159
 0.00246566           0 -0.00369834  0.00136517
 0.00364285  0.00369834           0  0.00177246
-0.00167159 -0.00136517 -0.00177246           0
Repeater7[0]<--->HoM4[0]
REAL
   0.357597  -0.0058956  0.00310565    0.272797
 -0.0058956    0.148247   0.0589627 -0.00667089
 0.00310565   0.0589627    0.151733 0.000210502
   0.272797 -0.00667089 0.000210502    0.342424
IMAGINARY
           0  -0.00148261    0.0100752   -0.0063855
  0.00148261            0  -0.00568312 -0.000589032
  -0.0100752   0.00568312            0   -0.0103751
   0.0063855  0.000589032    0.0103751            0
Repeater8[0]<--->HoM4[0]
REAL
   0.357597  0.00310565  -0.0058956    0.272797
 0.00310565    0.151733   0.0589627 0.000210502
 -0.0058956   0.0589627    0.148247 -0.00667089
   0.272797 0.000210502 -0.00667089    0.342424
IMAGINARY
           0    0.0100752  -0.00148261   -0.0063855
  -0.0100752            0   0.00568312   -0.0103751
  0.00148261  -0.00568312            0 -0.000589032
   0.0063855    0.0103751  0.000589032            0
Repeater8[0]<--->Repeater9[0]
REAL
   0.322743 5.49976e-05  0.00464321    0.207572
5.49976e-05    0.178966   0.0606638  0.00614111
 0.00464321   0.0606638    0.178966  0.00249402
   0.207572  0.00614111  0.00249402    0.319324
IMAGINARY
           0  0.000145893  -0.00134358  -0.00362836
-0.000145893            0    0.0061716  -0.00329977
  0.00134358   -0.0061716            0   0.00548541
  0.00362836   0.00329977  -0.00548541            0
Repeater9[0]<--->Repeater8[0]
REAL
   0.322743  0.00464321 5.49976e-05    0.207572
 0.00464321    0.178966   0.0606638  0.00249402
5.49976e-05   0.0606638    0.178966  0.00614111
   0.207572  0.00249402  0.00614111    0.319324
IMAGINARY
           0  -0.00134358  0.000145893  -0.00362836
  0.00134358            0   -0.0061716   0.00548541
-0.000145893    0.0061716            0  -0.00329977
  0.00362836  -0.00548541   0.00329977            0
Repeater9[0]<--->HoM5[0]
REAL
   0.320325  0.00218403 -0.00285855    0.203404
 0.00218403    0.167987   0.0619601 -0.00365346
-0.00285855   0.0619601     0.17809 -0.00401553
   0.203404 -0.00365346 -0.00401553    0.333597
IMAGINARY
