EndNode1[0]<--->Repeater1[0]
REAL
   0.353094 -0.00278327 -0.00428173       0.231
-0.00278327     0.13539  0.00809639 -0.00121925
-0.00428173  0.00809639    0.138394   0.0031762
      0.231 -0.00121925   0.0031762    0.373122
IMAGINARY
           0   -0.0104212     0.014242   0.00141247
   0.0104212            0 -0.000712608  -0.00237491
   -0.014242  0.000712608            0  -0.00639054
 -0.00141247   0.00237491   0.00639054            0
EndNode2[0]<--->HoM6[0]
REAL
   0.419716  0.00413301  0.00680588    0.340167
 0.00413301   0.0821836   0.0140545  0.00220404
 0.00680588   0.0140545   0.0813837 -0.00281695
   0.340167  0.00220404 -0.00281695    0.416717
IMAGINARY
           0  -0.00416937   0.00838054   0.00457555
  0.00416937            0  -0.00294622  0.000343235
 -0.00838054   0.00294622            0  -0.00396629
 -0.00457555 -0.000343235   0.00396629            0
Repeater1[0]<--->EndNode1[0]
REAL
   0.353094 -0.00428173 -0.00278327       0.231
-0.00428173    0.138394  0.00809639   0.0031762
-0.00278327  0.00809639     0.13539 -0.00121925
      0.231   0.0031762 -0.00121925    0.373122
IMAGINARY
           0     0.014242   -0.0104212   0.00141247
   -0.014242            0  0.000712608  -0.00639054
   0.0104212 -0.000712608            0  -0.00237491
 -0.00141247   0.00639054   0.00237491            0
Repeater1[0]<--->HoM1[0]
REAL
  0.350745  0.0102441  0.0073394    0.22515
 0.0102441    0.13863  0.0126152 0.00530334
 0.0073394  0.0126152     0.1428 0.00117516
   0.22515 0.00530334 0.00117516   0.367825
IMAGINARY
          0  0.00576446 -0.00345657 -0.00322198
-0.00576446           0 -0.00157994 -0.00484711
 0.00345657  0.00157994           0  0.00174839
 0.00322198  0.00484711 -0.00174839           0
Repeater2[0]<--->HoM1[0]
REAL
  0.350745  0.0073394  0.0102441    0.22515
 0.0073394     0.1428  0.0126152 0.00117516
 0.0102441  0.0126152    0.13863 0.00530334
   0.22515 0.00117516 0.00530334   0.367825
IMAGINARY
          0 -0.00345657  0.00576446 -0.00322198
 0.00345657           0  0.00157994  0.00174839
-0.00576446 -0.00157994           0 -0.00484711
 0.00322198 -0.00174839  0.00484711           0
Repeater2[0]<--->Repeater3[0]
REAL
    0.285374 -3.64973e-05   0.00255311     0.105262
-3.64973e-05     0.199921    0.0159589   0.00175119
  0.00255311    0.0159589     0.214428    0.0023388
    0.105262   0.00175119    0.0023388     0.300278
IMAGINARY
           0  -0.00347855  9.77001e-05   0.00226509
  0.00347855            0      0.00206  0.000593044
-9.77001e-05     -0.00206            0  -0.00609319
 -0.00226509 -0.000593044   0.00609319            0
Repeater3[0]<--->Repeater2[0]
REAL
    0.285374   0.00255311 -3.64973e-05     0.105262
  0.00255311     0.214428    0.0159589    0.0023388
-3.64973e-05    0.0159589     0.199921   0.00175119
    0.105262    0.0023388   0.00175119     0.300278
IMAGINARY
           0  9.77001e-05  -0.00347855   0.00226509
-9.77001e-05            0     -0.00206  -0.00609319
  0.00347855      0.00206            0  0.000593044
 -0.00226509   0.00609319 -0.000593044            0
Repeater3[0]<--->HoM2[0]
REAL
   0.301769  0.00143831   0.0166829    0.110527
 0.00143831    0.204262  0.00243292  -0.0100845
  0.0166829  0.00243292    0.208685 0.000235906
   0.110527  -0.0100845 0.000235906    0.285283
IMAGINARY
           0 -0.000742674   0.00355658 -0.000601609
 0.000742674            0  -0.00327753   0.00375658
 -0.00355658   0.00327753            0   0.00344754
 0.000601609  -0.00375658  -0.00344754            0
Repeater4[0]<--->HoM2[0]
REAL
   0.301769   0.0166829  0.00143831    0.110527
  0.0166829    0.208685  0.00243292 0.000235906
 0.00143831  0.00243292    0.204262  -0.0100845
   0.110527 0.000235906  -0.0100845    0.285283
IMAGINARY
           0   0.00355658 -0.000742674 -0.000601609
 -0.00355658            0   0.00327753   0.00344754
 0.000742674  -0.00327753            0   0.00375658
 0.000601609  -0.00344754  -0.00375658            0
Repeater4[0]<--->Repeater5[0]
REAL
    0.263158 -0.000668082   0.00395976    0.0419195
-0.000668082     0.223931   0.00566078  -0.00355309
  0.00395976   0.00566078     0.237335   0.00290476
   0.0419195  -0.00355309   0.00290476     0.275577
IMAGINARY
           0  -0.00195208 -0.000757367  -0.00250843
  0.00195208            0  0.000891612   0.00611377
 0.000757367 -0.000891612            0   0.00421826
  0.00250843  -0.00611377  -0.00421826            0
Repeater5[0]<--->Repeater4[0]
REAL
    0.263158   0.00395976 -0.000668082    0.0419195
  0.00395976     0.237335   0.00566078   0.00290476
-0.000668082   0.00566078     0.223931  -0.00355309
   0.0419195   0.00290476  -0.00355309     0.275577
IMAGINARY
           0 -0.000757367  -0.00195208  -0.00250843
 0.000757367            0 -0.000891612   0.00421826
  0.00195208  0.000891612            0   0.00611377
  0.00250843  -0.00421826  -0.00611377            0
Repeater5[0]<--->HoM3[0]
REAL
   0.254866  0.00303756 0.000270609   0.0479385
 0.00303756    0.235807  0.00445582  0.00243426
0.000270609  0.00445582     0.23236 -0.00393918
  0.0479385  0.00243426 -0.00393918    0.276967
IMAGINARY
           0  -0.00754186   0.00810804  0.000758991
  0.00754186            0   0.00313711    0.0065889
 -0.00810804  -0.00313711            0   0.00581878
-0.000758991   -0.0065889  -0.00581878            0
Repeater6[0]<--->HoM3[0]
REAL
   0.254866 0.000270609  0.00303756   0.0479385
0.000270609     0.23236  0.00445582 -0.00393918
 0.00303756  0.00445582    0.235807  0.00243426
  0.0479385 -0.00393918  0.00243426    0.276967
IMAGINARY
           0   0.00810804  -0.00754186  0.000758991
 -0.00810804            0  -0.00313711   0.00581878
  0.00754186   0.00313711            0    0.0065889
-0.000758991  -0.00581878   -0.0065889            0
Repeater6[0]<--->Repeater7[0]
REAL
    0.248409    0.0162888  0.000400753    0.0176338
   0.0162888     0.245227   0.00813121 -0.000104603
 0.000400753   0.00813121     0.245823   0.00138148
   0.0176338 -0.000104603   0.00138148     0.260541
IMAGINARY
           0  -0.00421698    0.0029048   0.00409786
  0.00421698            0 -0.000890165  0.000532321
  -0.0029048  0.000890165            0   0.00199296
 -0.00409786 -0.000532321  -0.00199296            0
Repeater7[0]<--->Repeater6[0]
REAL
    0.248409  0.000400753    0.0162888    0.0176338
 0.000400753     0.245823   0.00813121   0.00138148
   0.0162888   0.00813121     0.245227 -0.000104603
   0.0176338   0.00138148 -0.000104603     0.260541
IMAGINARY
           0    0.0029048  -0.00421698   0.00409786
  -0.0029048            0  0.000890165   0.00199296
  0.00421698 -0.000890165            0  0.000532321
 -0.00409786  -0.00199296 -0.000532321            0
Repeater7[0]<--->HoM4[0]
REAL
   0.248542  0.00405561  0.00553481   0.0243455
 0.00405561    0.246732  0.00682257  0.00445107
 0.00553481  0.00682257    0.241705 -0.00334954
  0.0243455  0.00445107 -0.00334954     0.26302
IMAGINARY
          0  0.00258861  0.00388733 -0.00725696
-0.00258861           0 -0.00134158  0.00547149
-0.00388733  0.00134158           0  0.00258861
 0.00725696 -0.00547149 -0.00258861           0
Repeater8[0]<--->HoM4[0]
REAL
   0.248542  0.00553481  0.00405561   0.0243455
 0.00553481    0.241705  0.00682257 -0.00334954
 0.00405561  0.00682257    0.246732  0.00445107
  0.0243455 -0.00334954  0.00445107     0.26302
IMAGINARY
          0  0.00388733  0.00258861 -0.00725696
-0.00388733           0  0.00134158  0.00258861
-0.00258861 -0.00134158           0  0.00547149
 0.00725696 -0.00258861 -0.00547149           0
Repeater8[0]<--->Repeater9[0]
REAL
    0.244778  -0.00121678   -0.0120891   0.00709966
 -0.00121678     0.252079 -0.000807881 -0.000691079
  -0.0120891 -0.000807881     0.245589    0.0106544
  0.00709966 -0.000691079    0.0106544     0.257554
IMAGINARY
          0 -0.00319196  0.00557673  0.00945031
 0.00319196           0 -0.00565335  0.00577769
-0.00557673  0.00565335           0 -0.00309352
-0.00945031 -0.00577769  0.00309352           0
Repeater9[0]<--->Repeater8[0]
REAL
    0.244778   -0.0120891  -0.00121678   0.00709966
  -0.0120891     0.245589 -0.000807881    0.0106544
 -0.00121678 -0.000807881     0.252079 -0.000691079
  0.00709966    0.0106544 -0.000691079     0.257554
IMAGINARY
          0  0.00557673 -0.00319196  0.00945031
-0.00557673           0  0.00565335 -0.00309352
 0.00319196 -0.00565335           0  0.00577769
-0.00945031  0.00309352 -0.00577769           0
Repeater9[0]<--->HoM5[0]
REAL
   0.265298   0.0027801 -0.00838881  0.00715742
  0.0027801    0.249441 -0.00745427 0.000175868
-0.00838881 -0.00745427    0.235414  0.00642235
 0.00715742 0.000175868  0.00642235    0.249848
IMAGINARY
           0 -3.96886e-05   0.00114665  0.000772498
 3.96886e-05            0   0.00446732 -0.000145851
 -0.00114665  -0.00446732            0   0.00604449
-0.000772498  0.000145851  -0.00604449            0
Repeater10[0]<--->HoM5[0]
REAL
   0.265298 -0.00838881   0.0027801  0.00715742
-0.00838881    0.235414 -0.00745427  0.00642235
  0.0027801 -0.00745427    0.249441 0.000175868
 0.00715742  0.00642235 0.000175868    0.249848
IMAGINARY
           0   0.00114665 -3.96886e-05  0.000772498
 -0.00114665            0  -0.00446732   0.00604449
 3.96886e-05   0.00446732            0 -0.000145851
-0.000772498  -0.00604449  0.000145851            0
Repeater10[0]<--->Repeater11[0]
REAL
  0.415751 0.00225843 -0.0018056   0.342548
0.00225843  0.0803518  0.0094477 0.00618729
-0.0018056  0.0094477  0.0817509  0.0036812
  0.342548 0.00618729  0.0036812   0.422147
IMAGINARY
           0  -0.00296203   0.00191238   0.00254793
  0.00296203            0  -0.00538539  0.000580141
 -0.00191238   0.00538539            0  -0.00690836
 -0.00254793 -0.000580141   0.00690836            0
Repeater11[0]<--->Repeater10[0]
REAL
  0.415751 -0.0018056 0.00225843   0.342548
-0.0018056  0.0817509  0.0094477  0.0036812
0.00225843  0.0094477  0.0803518 0.00618729
  0.342548  0.0036812 0.00618729   0.422147
IMAGINARY
           0   0.00191238  -0.00296203   0.00254793
 -0.00191238            0   0.00538539  -0.00690836
  0.00296203  -0.00538539            0  0.000580141
 -0.00254793   0.00690836 -0.000580141            0
Repeater11[0]<--->HoM6[0]
REAL
   0.419716  0.00680588  0.00413301    0.340167
 0.00680588   0.0813837   0.0140545 -0.00281695
 0.00413301   0.0140545   0.0821836  0.00220404
   0.340167 -0.00281695  0.00220404    0.416717
IMAGINARY
           0   0.00838054  -0.00416937   0.00457555
 -0.00838054            0   0.00294622  -0.00396629
  0.00416937  -0.00294622            0  0.000343235
 -0.00457555   0.00396629 -0.000343235            0
EndNode1[0]<--->Repeater1[0]
REAL
    0.34662 -0.00363422  0.00666392     0.22711
-0.00363422    0.137749   0.0102978 0.000204489
 0.00666392   0.0102978    0.148691   0.0138871
    0.22711 0.000204489   0.0138871     0.36694
IMAGINARY
           0  -0.00635883    0.0013103   0.00577844
  0.00635883            0   -0.0102536  8.07944e-05
  -0.0013103    0.0102536            0  -0.00516741
 -0.00577844 -8.07944e-05   0.00516741            0
EndNode2[0]<--->HoM6[0]
REAL
   0.424523 -0.00722878  0.00560785    0.342635
-0.00722878    0.078794   0.0157665 -0.00550771
 0.00560785   0.0157665   0.0846231  0.00272248
   0.342635 -0.00550771  0.00272248     0.41206
IMAGINARY
           0   0.00616298   -0.0102785  0.000626377
 -0.00616298            0   0.00653189    0.0032078
   0.0102785  -0.00653189            0   0.00636227
-0.000626377   -0.0032078  -0.00636227            0
Repeater1[0]<--->EndNode1[0]
REAL
    0.34662  0.00666392 -0.00363422     0.22711
 0.00666392    0.148691   0.0102978   0.0138871
-0.00363422   0.0102978    0.137749 0.000204489
    0.22711   0.0138871 0.000204489     0.36694
IMAGINARY
           0    0.0013103  -0.00635883   0.00577844
  -0.0013103            0    0.0102536  -0.00516741
  0.00635883   -0.0102536            0  8.07944e-05
 -0.00577844   0.00516741 -8.07944e-05            0
Repeater1[0]<--->HoM1[0]
REAL
    0.357838 -0.000672918  0.000997687     0.235611
-0.000672918     0.137691    0.0183727 -0.000200874
 0.000997687    0.0183727     0.145043  -0.00311194
    0.235611 -0.000200874  -0.00311194     0.359428
IMAGINARY
          0 -0.00551668 -0.00801939  0.00658283
 0.00551668           0   0.0078738  0.00510949
 0.00801939  -0.0078738           0 -0.00421642
-0.00658283 -0.00510949  0.00421642           0
Repeater2[0]<--->HoM1[0]
REAL
    0.357838  0.000997687 -0.000672918     0.235611
 0.000997687     0.145043    0.0183727  -0.00311194
-0.000672918    0.0183727     0.137691 -0.000200874
    0.235611  -0.00311194 -0.000200874     0.359428
IMAGINARY
          0 -0.00801939 -0.00551668  0.00658283
 0.00801939           0  -0.0078738 -0.00421642
 0.00551668   0.0078738           0  0.00510949
-0.00658283  0.00421642 -0.00510949           0
Repeater2[0]<--->Repeater3[0]
REAL
   0.287724 -0.00233002  0.00118483    0.104852
-0.00233002    0.208158  0.00514041 -0.00770142
 0.00118483  0.00514041    0.200121  -0.0103082
   0.104852 -0.00770142  -0.0103082    0.303998
IMAGINARY
           0  0.000594715  -0.00927874  -0.00554141
-0.000594715            0  -0.00036213  -0.00216692
  0.00927874   0.00036213            0  -0.00379125
  0.00554141   0.00216692   0.00379125            0
Repeater3[0]<--->Repeater2[0]
REAL
   0.287724  0.00118483 -0.00233002    0.104852
 0.00118483    0.200121  0.00514041  -0.0103082
-0.00233002  0.00514041    0.208158 -0.00770142
   0.104852  -0.0103082 -0.00770142    0.303998
IMAGINARY
           0  -0.00927874  0.000594715  -0.00554141
  0.00927874            0   0.00036213  -0.00379125
-0.000594715  -0.00036213            0  -0.00216692
  0.00554141   0.00379125   0.00216692            0
Repeater3[0]<--->HoM2[0]
REAL
    0.295528  -0.00167798   -0.0127355     0.110039
 -0.00167798     0.213135    0.0134346  -0.00420033
  -0.0127355    0.0134346     0.195205 -0.000291296
    0.110039  -0.00420033 -0.000291296     0.296132
IMAGINARY
           0   0.00756876 -0.000521119   0.00106041
 -0.00756876            0  -0.00146025   0.00820099
 0.000521119   0.00146025            0  0.000515314
 -0.00106041  -0.00820099 -0.000515314            0
Repeater4[0]<--->HoM2[0]
REAL
    0.295528   -0.0127355  -0.00167798     0.110039
  -0.0127355     0.195205    0.0134346 -0.000291296
 -0.00167798    0.0134346     0.213135  -0.00420033
    0.110039 -0.000291296  -0.00420033     0.296132
IMAGINARY
           0 -0.000521119   0.00756876   0.00106041
 0.000521119            0   0.00146025  0.000515314
 -0.00756876  -0.00146025            0   0.00820099
 -0.00106041 -0.000515314  -0.00820099            0
Repeater4[0]<--->Repeater5[0]
REAL
   0.261398  0.00630363  0.00189546   0.0495462
 0.00630363    0.230395  0.00616355 0.000483602
 0.00189546  0.00616355     0.23465 0.000238801
  0.0495462 0.000483602 0.000238801    0.273556
IMAGINARY
           0  0.000630067   0.00606538  -0.00142895
-0.000630067            0  0.000528767   0.00133166
 -0.00606538 -0.000528767            0   0.00196889
  0.00142895  -0.00133166  -0.00196889            0
Repeater5[0]<--->Repeater4[0]
REAL
   0.261398  0.00189546  0.00630363   0.0495462
 0.00189546     0.23465  0.00616355 0.000238801
 0.00630363  0.00616355    0.230395 0.000483602
  0.0495462 0.000238801 0.000483602    0.273556
IMAGINARY
           0   0.00606538  0.000630067  -0.00142895
 -0.00606538            0 -0.000528767   0.00196889
-0.000630067  0.000528767            0   0.00133166
  0.00142895  -0.00196889  -0.00133166            0
Repeater5[0]<--->HoM3[0]
REAL
   0.264245 0.000909856 -0.00431824   0.0434546
0.000909856    0.235259   0.0101738 0.000530363
-0.00431824   0.0101738    0.230494  0.00546973
  0.0434546 0.000530363  0.00546973    0.270002
IMAGINARY
           0    0.0034466  -0.00124223  0.000220878
  -0.0034466            0  -0.00847302 -0.000530123
  0.00124223   0.00847302            0  -0.00167425
-0.000220878  0.000530123   0.00167425            0
Repeater6[0]<--->HoM3[0]
REAL
   0.264245 -0.00431824 0.000909856   0.0434546
-0.00431824    0.230494   0.0101738  0.00546973
0.000909856   0.0101738    0.235259 0.000530363
  0.0434546  0.00546973 0.000530363    0.270002
IMAGINARY
           0  -0.00124223    0.0034466  0.000220878
  0.00124223            0   0.00847302  -0.00167425
  -0.0034466  -0.00847302            0 -0.000530123
-0.000220878   0.00167425  0.000530123            0
Repeater6[0]<--->Repeater7[0]
REAL
   0.260271 0.000877994   0.0035128   0.0187387
0.000877994    0.236389  0.00231715 0.000214781
  0.0035128  0.00231715     0.24833  0.00385704
  0.0187387 0.000214781  0.00385704    0.255009
IMAGINARY
           0  -0.00601308 -0.000909694   0.00178227
  0.00601308            0  -0.00440535  -0.00120596
 0.000909694   0.00440535            0  -0.00315477
 -0.00178227   0.00120596   0.00315477            0
Repeater7[0]<--->Repeater6[0]
REAL
   0.260271   0.0035128 0.000877994   0.0187387
  0.0035128     0.24833  0.00231715  0.00385704
0.000877994  0.00231715    0.236389 0.000214781
  0.0187387  0.00385704 0.000214781    0.255009
IMAGINARY
           0 -0.000909694  -0.00601308   0.00178227
 0.000909694            0   0.00440535  -0.00315477
  0.00601308  -0.00440535            0  -0.00120596
 -0.00178227   0.00315477   0.00120596            0
Repeater7[0]<--->HoM4[0]
REAL
     0.24265  4.37932e-05 -0.000145347    0.0242016
 4.37932e-05     0.238623   0.00770061   0.00521392
-0.000145347   0.00770061     0.244664  0.000453126
   0.0242016   0.00521392  0.000453126     0.274064
IMAGINARY
           0   0.00348896   -0.0104647   -0.0018769
 -0.00348896            0   0.00477632  0.000524327
   0.0104647  -0.00477632            0  0.000884795
   0.0018769 -0.000524327 -0.000884795            0
Repeater8[0]<--->HoM4[0]
REAL
     0.24265 -0.000145347  4.37932e-05    0.0242016
-0.000145347     0.244664   0.00770061  0.000453126
 4.37932e-05   0.00770061     0.238623   0.00521392
   0.0242016  0.000453126   0.00521392     0.274064
IMAGINARY
           0   -0.0104647   0.00348896   -0.0018769
   0.0104647            0  -0.00477632  0.000884795
 -0.00348896   0.00477632            0  0.000524327
   0.0018769 -0.000884795 -0.000524327            0
Repeater8[0]<--->Repeater9[0]
REAL
   0.244807   0.0111229 0.000858445  0.00961263
  0.0111229      0.2561  0.00237499  0.00397528
0.000858445  0.00237499    0.248437 -0.00087545
 0.00961263  0.00397528 -0.00087545    0.250655
IMAGINARY
           0   0.00480521  0.000351005   0.00295684
 -0.00480521            0   0.00315756  0.000252132
-0.000351005  -0.00315756            0   0.00645333
 -0.00295684 -0.000252132  -0.00645333            0
Repeater9[0]<--->Repeater8[0]
REAL
   0.244807 0.000858445   0.0111229  0.00961263
0.000858445    0.248437  0.00237499 -0.00087545
  0.0111229  0.00237499      0.2561  0.00397528
 0.00961263 -0.00087545  0.00397528    0.250655
IMAGINARY
           0  0.000351005   0.00480521   0.00295684
-0.000351005            0  -0.00315756   0.00645333
 -0.00480521   0.00315756            0  0.000252132
 -0.00295684  -0.00645333 -0.000252132            0
Repeater9[0]<--->HoM5[0]
REAL
    0.26668 -0.00461034 -0.00264568   0.0120002
-0.00461034    0.238429  0.00319984 -0.00395432
-0.00264568  0.00319984    0.231817  0.00401034
  0.0120002 -0.00395432  0.00401034    0.263074
IMAGINARY
           0  -0.00119665    0.0103248   0.00736227
  0.00119665            0  -0.00455891  -0.00374986
  -0.0103248   0.00455891            0  0.000690888
 -0.00736227   0.00374986 -0.000690888            0
Repeater10[0]<--->HoM5[0]
REAL
    0.26668 -0.00264568 -0.00461034   0.0120002
-0.00264568    0.231817  0.00319984  0.00401034
-0.00461034  0.00319984    0.238429 -0.00395432
  0.0120002  0.00401034 -0.00395432    0.263074
IMAGINARY
           0    0.0103248  -0.00119665   0.00736227
  -0.0103248            0   0.00455891  0.000690888
  0.00119665  -0.00455891            0  -0.00374986
 -0.00736227 -0.000690888   0.00374986            0
Repeater10[0]<--->Repeater11[0]
REAL
    0.417099 -0.000557617  -0.00478235     0.344235
-0.000557617    0.0739113    0.0196845 -0.000343282
 -0.00478235    0.0196845     0.088294   0.00608525
    0.344235 -0.000343282   0.00608525     0.420695
IMAGINARY
          0  0.00167634   0.0017746 -0.00631378
-0.00167634           0 -0.00308165  0.00353585
 -0.0017746  0.00308165           0 -0.00759954
 0.00631378 -0.00353585  0.00759954           0
Repeater11[0]<--->Repeater10[0]
REAL
    0.417099  -0.00478235 -0.000557617     0.344235
 -0.00478235     0.088294    0.0196845   0.00608525
-0.000557617    0.0196845    0.0739113 -0.000343282
    0.344235   0.00608525 -0.000343282     0.420695
IMAGINARY
          0   0.0017746  0.00167634 -0.00631378
 -0.0017746           0  0.00308165 -0.00759954
-0.00167634 -0.00308165           0  0.00353585
 0.00631378  0.00759954 -0.00353585           0
Repeater11[0]<--->HoM6[0]
REAL
   0.424523  0.00560785 -0.00722878    0.342635
 0.00560785   0.0846231   0.0157665  0.00272248
-0.00722878   0.0157665    0.078794 -0.00550771
   0.342635  0.00272248 -0.00550771     0.41206
IMAGINARY
           0   -0.0102785   0.00616298  0.000626377
   0.0102785            0  -0.00653189   0.00636227
 -0.00616298   0.00653189            0    0.0032078
-0.000626377  -0.00636227   -0.0032078            0
EndNode1[0]<--->Repeater1[0]
REAL
    0.352466   0.00289446  -0.00173802     0.223937
  0.00289446     0.150162    0.0166049  0.000145031
 -0.00173802    0.0166049     0.138642 -0.000704099
    0.223937  0.000145031 -0.000704099     0.358731
IMAGINARY
           0   -0.0122145  -0.00416999  -0.00113217
   0.0122145            0   0.00211064   0.00447296
  0.00416999  -0.00211064            0  0.000802659
  0.00113217  -0.00447296 -0.000802659            0
EndNode2[0]<--->HoM6[0]
REAL
   0.412702  0.00766136  0.00531632    0.342709
 0.00766136   0.0830645    0.011887 -0.00630681
 0.00531632    0.011887   0.0854839 -0.00587848
   0.342709 -0.00630681 -0.00587848     0.41875
IMAGINARY
          0 -0.00230986  0.00285957  0.00240086
 0.00230986           0 -0.00101417  0.00206307
-0.00285957  0.00101417           0 -0.00422018
-0.00240086 -0.00206307  0.00422018           0
Repeater1[0]<--->EndNode1[0]
REAL
    0.352466  -0.00173802   0.00289446     0.223937
 -0.00173802     0.138642    0.0166049 -0.000704099
  0.00289446    0.0166049     0.150162  0.000145031
    0.223937 -0.000704099  0.000145031     0.358731
IMAGINARY
           0  -0.00416999   -0.0122145  -0.00113217
  0.00416999            0  -0.00211064  0.000802659
   0.0122145   0.00211064            0   0.00447296
  0.00113217 -0.000802659  -0.00447296            0
Repeater1[0]<--->HoM1[0]
REAL
  0.352809 0.00530865 0.00282943    0.23067
0.00530865   0.140552  0.0193299 0.00282943
0.00282943  0.0193299    0.14525 0.00499854
   0.23067 0.00282943 0.00499854   0.361389
IMAGINARY
          0  0.00689306 -0.00811359  0.00854976
-0.00689306           0  0.00147382  0.00356538
 0.00811359 -0.00147382           0    0.001698
-0.00854976 -0.00356538   -0.001698           0
Repeater2[0]<--->HoM1[0]
REAL
  0.352809 0.00282943 0.00530865    0.23067
0.00282943    0.14525  0.0193299 0.00499854
0.00530865  0.0193299   0.140552 0.00282943
   0.23067 0.00499854 0.00282943   0.361389
IMAGINARY
          0 -0.00811359  0.00689306  0.00854976
 0.00811359           0 -0.00147382    0.001698
-0.00689306  0.00147382           0  0.00356538
-0.00854976   -0.001698 -0.00356538           0
Repeater2[0]<--->Repeater3[0]
REAL
   0.300556  0.00565696 -0.00381186    0.106151
 0.00565696    0.210767  0.00877429  0.00371236
-0.00381186  0.00877429    0.204609  -0.0035674
   0.106151  0.00371236  -0.0035674    0.284068
IMAGINARY
           0   0.00450433  -0.00178014  0.000880068
 -0.00450433            0   0.00446858  -0.00298933
  0.00178014  -0.00446858            0   0.00861173
-0.000880068   0.00298933  -0.00861173            0
Repeater3[0]<--->Repeater2[0]
REAL
   0.300556 -0.00381186  0.00565696    0.106151
-0.00381186    0.204609  0.00877429  -0.0035674
 0.00565696  0.00877429    0.210767  0.00371236
   0.106151  -0.0035674  0.00371236    0.284068
IMAGINARY
           0  -0.00178014   0.00450433  0.000880068
  0.00178014            0  -0.00446858   0.00861173
 -0.00450433   0.00446858            0  -0.00298933
-0.000880068  -0.00861173   0.00298933            0
Repeater3[0]<--->HoM2[0]
REAL
   0.291144 -0.00532274  0.00471475    0.102347
-0.00532274    0.214929   0.0212464  0.00392673
 0.00471475   0.0212464    0.195141  0.00170537
   0.102347  0.00392673  0.00170537    0.298785
IMAGINARY
          0   0.0112536 -0.00501524 -0.00043246
 -0.0112536           0 -0.00659283   0.0030721
 0.00501524  0.00659283           0  0.00418923
 0.00043246  -0.0030721 -0.00418923           0
Repeater4[0]<--->HoM2[0]
REAL
   0.291144  0.00471475 -0.00532274    0.102347
 0.00471475    0.195141   0.0212464  0.00170537
-0.00532274   0.0212464    0.214929  0.00392673
   0.102347  0.00170537  0.00392673    0.298785
IMAGINARY
          0 -0.00501524   0.0112536 -0.00043246
 0.00501524           0  0.00659283  0.00418923
 -0.0112536 -0.00659283           0   0.0030721
 0.00043246 -0.00418923  -0.0030721           0
Repeater4[0]<--->Repeater5[0]
REAL
    0.270324  -0.00140963   0.00369283    0.0513993
 -0.00140963     0.221427   0.00114851 -0.000707166
  0.00369283   0.00114851     0.231564  -0.00356649
   0.0513993 -0.000707166  -0.00356649     0.276685
IMAGINARY
           0 -0.000536377   0.00509966   0.00198608
 0.000536377            0  -0.00148133   -0.0124216
 -0.00509966   0.00148133            0   0.00143909
 -0.00198608    0.0124216  -0.00143909            0
Repeater5[0]<--->Repeater4[0]
REAL
    0.270324   0.00369283  -0.00140963    0.0513993
  0.00369283     0.231564   0.00114851  -0.00356649
 -0.00140963   0.00114851     0.221427 -0.000707166
   0.0513993  -0.00356649 -0.000707166     0.276685
IMAGINARY
           0   0.00509966 -0.000536377   0.00198608
 -0.00509966            0   0.00148133   0.00143909
 0.000536377  -0.00148133            0   -0.0124216
 -0.00198608  -0.00143909    0.0124216            0
Repeater5[0]<--->HoM3[0]
REAL
   0.272995   0.0059683 -0.00245728   0.0418567
  0.0059683    0.225432   0.0101154 -0.00925184
-0.00245728   0.0101154    0.229953 -0.00268153
  0.0418567 -0.00925184 -0.00268153    0.271619
IMAGINARY
           0  -0.00305277  -0.00745859  -0.00175511
  0.00305277            0   0.00165581 -0.000601109
  0.00745859  -0.00165581            0  -0.00102684
  0.00175511  0.000601109   0.00102684            0
Repeater6[0]<--->HoM3[0]
REAL
   0.272995 -0.00245728   0.0059683   0.0418567
-0.00245728    0.229953   0.0101154 -0.00268153
  0.0059683   0.0101154    0.225432 -0.00925184
  0.0418567 -0.00268153 -0.00925184    0.271619
IMAGINARY
           0  -0.00745859  -0.00305277  -0.00175511
  0.00745859            0  -0.00165581  -0.00102684
  0.00305277   0.00165581            0 -0.000601109
  0.00175511   0.00102684  0.000601109            0
Repeater6[0]<--->Repeater7[0]
REAL
   0.253623 -0.00159005  0.00988928   0.0191411
-0.00159005    0.239326  0.00594112  0.00758605
 0.00988928  0.00594112    0.250881 -0.00108264
  0.0191411  0.00758605 -0.00108264    0.256169
IMAGINARY
          0   -0.002856  0.00356529 -0.00642844
   0.002856           0  0.00128212 -0.00696529
-0.00356529 -0.00128212           0    0.003056
 0.00642844  0.00696529   -0.003056           0
Repeater7[0]<--->Repeater6[0]
REAL
   0.253623  0.00988928 -0.00159005   0.0191411
 0.00988928    0.250881  0.00594112 -0.00108264
-0.00159005  0.00594112    0.239326  0.00758605
  0.0191411 -0.00108264  0.00758605    0.256169
IMAGINARY
          0  0.00356529   -0.002856 -0.00642844
-0.00356529           0 -0.00128212    0.003056
   0.002856  0.00128212           0 -0.00696529
 0.00642844   -0.003056  0.00696529           0
Repeater7[0]<--->HoM4[0]
REAL
   0.254375 -0.00263357   0.0040073     0.01574
-0.00263357    0.250199     0.00986  -0.0020073
  0.0040073     0.00986    0.241846  0.00303357
    0.01574  -0.0020073  0.00303357     0.25358
IMAGINARY
          0 -0.00174014 -0.00216345 -0.00129997
 0.00174014           0   0.0117187  0.00226311
 0.00216345  -0.0117187           0  0.00263709
 0.00129997 -0.00226311 -0.00263709           0
Repeater8[0]<--->HoM4[0]
REAL
   0.254375   0.0040073 -0.00263357     0.01574
  0.0040073    0.241846     0.00986  0.00303357
-0.00263357     0.00986    0.250199  -0.0020073
    0.01574  0.00303357  -0.0020073     0.25358
IMAGINARY
          0 -0.00216345 -0.00174014 -0.00129997
 0.00216345           0  -0.0117187  0.00263709
 0.00174014   0.0117187           0  0.00226311
 0.00129997 -0.00263709 -0.00226311           0
Repeater8[0]<--->Repeater9[0]
REAL
  0.254338 0.00056312  -0.013489 0.00544092
0.00056312   0.246648  0.0046501 0.00715735
 -0.013489  0.0046501   0.257295 -0.0017503
0.00544092 0.00715735 -0.0017503   0.241719
IMAGINARY
           0   0.00877243 -0.000300792  -0.00107442
 -0.00877243            0    0.0025856  0.000103085
 0.000300792   -0.0025856            0   0.00467161
  0.00107442 -0.000103085  -0.00467161            0
Repeater9[0]<--->Repeater8[0]
REAL
  0.254338  -0.013489 0.00056312 0.00544092
 -0.013489   0.257295  0.0046501 -0.0017503
0.00056312  0.0046501   0.246648 0.00715735
0.00544092 -0.0017503 0.00715735   0.241719
IMAGINARY
           0 -0.000300792   0.00877243  -0.00107442
 0.000300792            0   -0.0025856   0.00467161
 -0.00877243    0.0025856            0  0.000103085
  0.00107442  -0.00467161 -0.000103085            0
Repeater9[0]<--->HoM5[0]
REAL
   0.254251  -0.0022196   0.0042257  0.00243157
 -0.0022196    0.261741 -0.00183515   0.0039254
  0.0042257 -0.00183515    0.238462 0.000827946
 0.00243157   0.0039254 0.000827946    0.245547
IMAGINARY
           0   0.00633953   0.00702387  0.000910031
 -0.00633953            0  -0.00310564  -0.00116953
 -0.00702387   0.00310564            0   -0.0106062
-0.000910031   0.00116953    0.0106062            0
Repeater10[0]<--->HoM5[0]
REAL
   0.254251   0.0042257  -0.0022196  0.00243157
  0.0042257    0.238462 -0.00183515 0.000827946
 -0.0022196 -0.00183515    0.261741   0.0039254
 0.00243157 0.000827946   0.0039254    0.245547
IMAGINARY
           0   0.00702387   0.00633953  0.000910031
 -0.00702387            0   0.00310564   -0.0106062
 -0.00633953  -0.00310564            0  -0.00116953
-0.000910031    0.0106062   0.00116953            0
Repeater10[0]<--->Repeater11[0]
REAL
   0.399921  -0.0018365 0.000706814    0.339913
 -0.0018365   0.0834481  0.00947883  0.00298359
0.000706814  0.00947883   0.0832513 -0.00265183
   0.339913  0.00298359 -0.00265183    0.433379
IMAGINARY
           0  -0.00705817   0.00397858     -0.00176
  0.00705817            0 -0.000959036 -0.000279324
 -0.00397858  0.000959036            0  0.000159549
     0.00176  0.000279324 -0.000159549            0
Repeater11[0]<--->Repeater10[0]
REAL
   0.399921 0.000706814  -0.0018365    0.339913
0.000706814   0.0832513  0.00947883 -0.00265183
 -0.0018365  0.00947883   0.0834481  0.00298359
   0.339913 -0.00265183  0.00298359    0.433379
IMAGINARY
           0   0.00397858  -0.00705817     -0.00176
 -0.00397858            0  0.000959036  0.000159549
  0.00705817 -0.000959036            0 -0.000279324
     0.00176 -0.000159549  0.000279324            0
Repeater11[0]<--->HoM6[0]
REAL
   0.412702  0.00531632  0.00766136    0.342709
 0.00531632   0.0854839    0.011887 -0.00587848
 0.00766136    0.011887   0.0830645 -0.00630681
   0.342709 -0.00587848 -0.00630681     0.41875
IMAGINARY
          0  0.00285957 -0.00230986  0.00240086
-0.00285957           0  0.00101417 -0.00422018
 0.00230986 -0.00101417           0  0.00206307
-0.00240086  0.00422018 -0.00206307           0
EndNode1[0]<--->Repeater1[0]
REAL
    0.354254   0.00245007   0.00457127     0.232149
  0.00245007     0.144252    0.0148811  0.000394655
  0.00457127    0.0148811     0.141263 -0.000794766
    0.232149  0.000394655 -0.000794766     0.360231
IMAGINARY
           0  -0.00572165  -0.00303563  0.000591106
  0.00572165            0  -0.00312301   0.00506238
  0.00303563   0.00312301            0   -0.0054255
-0.000591106  -0.00506238    0.0054255            0
EndNode2[0]<--->HoM6[0]
REAL
  0.419529 -0.0108892 -0.0052717   0.338372
-0.0108892  0.0836661 0.00732975 -0.0052717
-0.0052717 0.00732975   0.086861 -0.0026956
  0.338372 -0.0052717 -0.0026956   0.409944
IMAGINARY
           0 -0.000326283 -0.000850497   0.00337861
 0.000326283            0   0.00237781  -0.00682035
 0.000850497  -0.00237781            0   0.00879411
 -0.00337861   0.00682035  -0.00879411            0
Repeater1[0]<--->EndNode1[0]
REAL
    0.354254   0.00457127   0.00245007     0.232149
  0.00457127     0.141263    0.0148811 -0.000794766
  0.00245007    0.0148811     0.144252  0.000394655
    0.232149 -0.000794766  0.000394655     0.360231
IMAGINARY
           0  -0.00303563  -0.00572165  0.000591106
  0.00303563            0   0.00312301   -0.0054255
  0.00572165  -0.00312301            0   0.00506238
-0.000591106    0.0054255  -0.00506238            0
Repeater1[0]<--->HoM1[0]
REAL
  0.349121  0.0115914 0.00823394   0.228964
 0.0115914   0.134093  0.0156741 0.00754914
0.00823394  0.0156741   0.158074 0.00297761
  0.228964 0.00754914 0.00297761   0.358713
IMAGINARY
          0 -0.00428935  0.00517903 -0.00215291
 0.00428935           0  0.00822982 -0.00209076
-0.00517903 -0.00822982           0 -0.00617091
 0.00215291  0.00209076  0.00617091           0
Repeater2[0]<--->HoM1[0]
REAL
  0.349121 0.00823394  0.0115914   0.228964
0.00823394   0.158074  0.0156741 0.00297761
 0.0115914  0.0156741   0.134093 0.00754914
  0.228964 0.00297761 0.00754914   0.358713
IMAGINARY
          0  0.00517903 -0.00428935 -0.00215291
-0.00517903           0 -0.00822982 -0.00617091
 0.00428935  0.00822982           0 -0.00209076
 0.00215291  0.00617091  0.00209076           0
Repeater2[0]<--->Repeater3[0]
REAL
   0.293322  0.00638014 0.000160778    0.109084
 0.00638014    0.202991   0.0129646 0.000557761
0.000160778   0.0129646    0.215895  0.00193438
   0.109084 0.000557761  0.00193438    0.287792
IMAGINARY
          0  -0.0055936  0.00777631 -0.00153989
  0.0055936           0 -0.00223145  0.00717123
-0.00777631  0.00223145           0 -0.00499836
 0.00153989 -0.00717123  0.00499836           0
Repeater3[0]<--->Repeater2[0]
REAL
   0.293322 0.000160778  0.00638014    0.109084
0.000160778    0.215895   0.0129646  0.00193438
 0.00638014   0.0129646    0.202991 0.000557761
   0.109084  0.00193438 0.000557761    0.287792
IMAGINARY
          0  0.00777631  -0.0055936 -0.00153989
-0.00777631           0  0.00223145 -0.00499836
  0.0055936 -0.00223145           0  0.00717123
 0.00153989  0.00499836 -0.00717123           0
Repeater3[0]<--->HoM2[0]
REAL
    0.288465  -0.00860708 -0.000629061     0.103603
 -0.00860708     0.213663    0.0109299   0.00545998
-0.000629061    0.0109299     0.206163   0.00800322
    0.103603   0.00545998   0.00800322     0.291709
IMAGINARY
          0  0.00417754 -0.00138105  0.00918608
-0.00417754           0   0.0100752  -0.0114902
 0.00138105  -0.0100752           0  0.00176305
-0.00918608   0.0114902 -0.00176305           0
Repeater4[0]<--->HoM2[0]
REAL
    0.288465 -0.000629061  -0.00860708     0.103603
-0.000629061     0.206163    0.0109299   0.00800322
 -0.00860708    0.0109299     0.213663   0.00545998
    0.103603   0.00800322   0.00545998     0.291709
IMAGINARY
          0 -0.00138105  0.00417754  0.00918608
 0.00138105           0  -0.0100752  0.00176305
-0.00417754   0.0100752           0  -0.0114902
-0.00918608 -0.00176305   0.0114902           0
Repeater4[0]<--->Repeater5[0]
REAL
   0.289405 -0.00185642 -0.00643692   0.0351738
-0.00185642    0.220383   0.0114313 -0.00119666
-0.00643692   0.0114313    0.234309 -0.00115684
  0.0351738 -0.00119666 -0.00115684    0.255903
IMAGINARY
          0  0.00105447  0.00288549 -0.00498426
-0.00105447           0 -0.00268012  0.00415676
-0.00288549  0.00268012           0 -0.00266413
 0.00498426 -0.00415676  0.00266413           0
Repeater5[0]<--->Repeater4[0]
REAL
   0.289405 -0.00643692 -0.00185642   0.0351738
-0.00643692    0.234309   0.0114313 -0.00115684
-0.00185642   0.0114313    0.220383 -0.00119666
  0.0351738 -0.00115684 -0.00119666    0.255903
IMAGINARY
          0  0.00288549  0.00105447 -0.00498426
-0.00288549           0  0.00268012 -0.00266413
-0.00105447 -0.00268012           0  0.00415676
 0.00498426  0.00266413 -0.00415676           0
Repeater5[0]<--->HoM3[0]
REAL
   0.260514 0.000133839  0.00357906   0.0434003
0.000133839    0.233008   0.0196947  0.00016815
 0.00357906   0.0196947    0.230018  0.00422103
  0.0434003  0.00016815  0.00422103     0.27646
IMAGINARY
          0 -0.00500367  0.00139054  0.00452302
 0.00500367           0  -0.0063949  0.00168425
-0.00139054   0.0063949           0 -0.00779141
-0.00452302 -0.00168425  0.00779141           0
Repeater6[0]<--->HoM3[0]
REAL
   0.260514  0.00357906 0.000133839   0.0434003
 0.00357906    0.230018   0.0196947  0.00422103
0.000133839   0.0196947    0.233008  0.00016815
  0.0434003  0.00422103  0.00016815     0.27646
IMAGINARY
          0  0.00139054 -0.00500367  0.00452302
-0.00139054           0   0.0063949 -0.00779141
 0.00500367  -0.0063949           0  0.00168425
-0.00452302  0.00779141 -0.00168425           0
Repeater6[0]<--->Repeater7[0]
REAL
   0.261733 0.000567914  0.00499639   0.0211589
0.000567914    0.243682 0.000415236  0.00579067
 0.00499639 0.000415236    0.233454 -0.00356432
  0.0211589  0.00579067 -0.00356432    0.261131
IMAGINARY
          0   0.0110703 -0.00912696 -0.00391484
 -0.0110703           0 -0.00604856  -0.0071157
 0.00912696  0.00604856           0  0.00654223
 0.00391484   0.0071157 -0.00654223           0
Repeater7[0]<--->Repeater6[0]
REAL
   0.261733  0.00499639 0.000567914   0.0211589
 0.00499639    0.233454 0.000415236 -0.00356432
0.000567914 0.000415236    0.243682  0.00579067
  0.0211589 -0.00356432  0.00579067    0.261131
IMAGINARY
          0 -0.00912696   0.0110703 -0.00391484
 0.00912696           0  0.00604856  0.00654223
 -0.0110703 -0.00604856           0  -0.0071157
 0.00391484 -0.00654223   0.0071157           0
Repeater7[0]<--->HoM4[0]
REAL
     0.25562   0.00309173 -0.000842319     0.017697
  0.00309173     0.238711   0.00120468   0.00720921
-0.000842319   0.00120468     0.241297  -0.00667311
    0.017697   0.00720921  -0.00667311     0.264372
IMAGINARY
           0   -0.0019662  -0.00608525   0.00162443
   0.0019662            0   0.00232345     0.005683
  0.00608525  -0.00232345            0 -4.50653e-05
 -0.00162443    -0.005683  4.50653e-05            0
Repeater8[0]<--->HoM4[0]
REAL
     0.25562 -0.000842319   0.00309173     0.017697
-0.000842319     0.241297   0.00120468  -0.00667311
  0.00309173   0.00120468     0.238711   0.00720921
    0.017697  -0.00667311   0.00720921     0.264372
IMAGINARY
           0  -0.00608525   -0.0019662   0.00162443
  0.00608525            0  -0.00232345 -4.50653e-05
   0.0019662   0.00232345            0     0.005683
 -0.00162443  4.50653e-05    -0.005683            0
Repeater8[0]<--->Repeater9[0]
REAL
   0.256958 -0.00155787 -0.00128021  0.00417848
-0.00155787    0.248689   0.0023647  0.00460214
-0.00128021   0.0023647    0.237192  -0.0013614
 0.00417848  0.00460214  -0.0013614     0.25716
IMAGINARY
           0  -0.00225587 -0.000278287  -0.00580128
  0.00225587            0   0.00590106    0.0147886
 0.000278287  -0.00590106            0   0.00225587
  0.00580128   -0.0147886  -0.00225587            0
Repeater9[0]<--->Repeater8[0]
REAL
   0.256958 -0.00128021 -0.00155787  0.00417848
-0.00128021    0.237192   0.0023647  -0.0013614
-0.00155787   0.0023647    0.248689  0.00460214
 0.00417848  -0.0013614  0.00460214     0.25716
IMAGINARY
           0 -0.000278287  -0.00225587  -0.00580128
 0.000278287            0  -0.00590106   0.00225587
  0.00225587   0.00590106            0    0.0147886
