EndNode1[0]<--->Repeater1[0]
REAL
   0.493645 -0.00189738 -0.00100729    0.493381
-0.00189738  0.00201735 2.25665e-05 0.000307705
-0.00100729 2.25665e-05  0.00201735  0.00179744
   0.493381 0.000307705  0.00179744     0.50232
IMAGINARY
           0   -0.0057872   0.00239448  -0.00336488
   0.0057872            0   0.00138547  0.000724863
 -0.00239448  -0.00138547            0   0.00206412
  0.00336488 -0.000724863  -0.00206412            0
EndNode2[0]<--->HoM6[0]
REAL
   0.504686  -0.0122218 -0.00114415    0.497104
 -0.0122218 0.000598205 0.000890377 -0.00788112
-0.00114415 0.000890377 0.000797607  0.00279537
   0.497104 -0.00788112  0.00279537    0.493918
IMAGINARY
           0  -0.00268424    0.0098093   0.00186674
  0.00268424            0  -0.00419326 -0.000841586
  -0.0098093   0.00419326            0   -0.0060842
 -0.00186674  0.000841586    0.0060842            0
Repeater1[0]<--->EndNode1[0]
REAL
   0.493645 -0.00100729 -0.00189738    0.493381
-0.00100729  0.00201735 2.25665e-05  0.00179744
-0.00189738 2.25665e-05  0.00201735 0.000307705
   0.493381  0.00179744 0.000307705     0.50232
IMAGINARY
           0   0.00239448   -0.0057872  -0.00336488
 -0.00239448            0  -0.00138547   0.00206412
   0.0057872   0.00138547            0  0.000724863
  0.00336488  -0.00206412 -0.000724863            0
Repeater1[0]<--->HoM1[0]
REAL
    0.498917  -0.00669395   -0.0100523     0.495258
 -0.00669395    0.0017727 -4.73138e-05  0.000573178
  -0.0100523 -4.73138e-05   0.00334843  -0.00398256
    0.495258  0.000573178  -0.00398256     0.495962
IMAGINARY
          0  0.00481379  0.00442318  0.00200995
-0.00481379           0  0.00692041 -0.00309637
-0.00442318 -0.00692041           0 -0.00552822
-0.00200995  0.00309637  0.00552822           0
Repeater2[0]<--->HoM1[0]
REAL
    0.498917   -0.0100523  -0.00669395     0.495258
  -0.0100523   0.00334843 -4.73138e-05  -0.00398256
 -0.00669395 -4.73138e-05    0.0017727  0.000573178
    0.495258  -0.00398256  0.000573178     0.495962
IMAGINARY
          0  0.00442318  0.00481379  0.00200995
-0.00442318           0 -0.00692041 -0.00552822
-0.00481379  0.00692041           0 -0.00309637
-0.00200995  0.00552822  0.00309637           0
Repeater2[0]<--->Repeater3[0]
REAL
    0.478382  -0.00561136  -0.00370903      0.48846
 -0.00561136   0.00297501 -9.26552e-05  -0.00852523
 -0.00370903 -9.26552e-05   0.00396668  -0.00742514
     0.48846  -0.00852523  -0.00742514     0.514677
IMAGINARY
          0 -0.00235306   0.0108897 -0.00212342
 0.00235306           0  0.00457741 -0.00639255
 -0.0108897 -0.00457741           0  -0.0025529
 0.00212342  0.00639255   0.0025529           0
Repeater3[0]<--->Repeater2[0]
REAL
    0.478382  -0.00370903  -0.00561136      0.48846
 -0.00370903   0.00396668 -9.26552e-05  -0.00742514
 -0.00561136 -9.26552e-05   0.00297501  -0.00852523
     0.48846  -0.00742514  -0.00852523     0.514677
IMAGINARY
          0   0.0108897 -0.00235306 -0.00212342
 -0.0108897           0 -0.00457741  -0.0025529
 0.00235306  0.00457741           0 -0.00639255
 0.00212342   0.0025529  0.00639255           0
Repeater3[0]<--->HoM2[0]
REAL
    0.492579   0.00279975   -0.0034476     0.488982
  0.00279975   0.00421179 -8.01997e-05   0.00206036
  -0.0034476 -8.01997e-05   0.00361011  -0.00299793
    0.488982   0.00206036  -0.00299793     0.499599
IMAGINARY
          0 -0.00184946 -0.00664144  0.00386791
 0.00184946           0 -0.00197887   0.0123055
 0.00664144  0.00197887           0 -0.00498648
-0.00386791  -0.0123055  0.00498648           0
Repeater4[0]<--->HoM2[0]
REAL
    0.492579   -0.0034476   0.00279975     0.488982
  -0.0034476   0.00361011 -8.01997e-05  -0.00299793
  0.00279975 -8.01997e-05   0.00421179   0.00206036
    0.488982  -0.00299793   0.00206036     0.499599
IMAGINARY
          0 -0.00664144 -0.00184946  0.00386791
 0.00664144           0  0.00197887 -0.00498648
 0.00184946 -0.00197887           0   0.0123055
-0.00386791  0.00498648  -0.0123055           0
Repeater4[0]<--->Repeater5[0]
REAL
    0.504578  -0.00604222  -0.00207576     0.483268
 -0.00604222   0.00651068 -0.000747553   0.00159023
 -0.00207576 -0.000747553   0.00590031   0.00633354
    0.483268   0.00159023   0.00633354     0.483011
IMAGINARY
          0 -0.00056065    0.010015 -0.00635974
 0.00056065           0  0.00255822 -0.00152348
  -0.010015 -0.00255822           0 -0.00952926
 0.00635974  0.00152348  0.00952926           0
Repeater5[0]<--->Repeater4[0]
REAL
    0.504578  -0.00207576  -0.00604222     0.483268
 -0.00207576   0.00590031 -0.000747553   0.00633354
 -0.00604222 -0.000747553   0.00651068   0.00159023
    0.483268   0.00633354   0.00159023     0.483011
IMAGINARY
          0    0.010015 -0.00056065 -0.00635974
  -0.010015           0 -0.00255822 -0.00952926
 0.00056065  0.00255822           0 -0.00152348
 0.00635974  0.00952926  0.00152348           0
Repeater5[0]<--->HoM3[0]
REAL
    0.477641  -0.00548704 -0.000247751     0.482498
 -0.00548704   0.00663933  -0.00120578 -0.000146105
-0.000247751  -0.00120578   0.00527241   0.00332083
    0.482498 -0.000146105   0.00332083     0.510447
IMAGINARY
           0  0.000733976  -0.00285211  0.000501397
-0.000733976            0 -6.83677e-06  -0.00600917
  0.00285211  6.83677e-06            0   0.00934954
-0.000501397   0.00600917  -0.00934954            0
Repeater6[0]<--->HoM3[0]
REAL
    0.477641 -0.000247751  -0.00548704     0.482498
-0.000247751   0.00527241  -0.00120578   0.00332083
 -0.00548704  -0.00120578   0.00663933 -0.000146105
    0.482498   0.00332083 -0.000146105     0.510447
IMAGINARY
           0  -0.00285211  0.000733976  0.000501397
  0.00285211            0  6.83677e-06   0.00934954
-0.000733976 -6.83677e-06            0  -0.00600917
-0.000501397  -0.00934954   0.00600917            0
Repeater6[0]<--->Repeater7[0]
REAL
   0.487106  0.00617588  0.00396571    0.478125
 0.00617588  0.00982399 -0.00101682  0.00366481
 0.00396571 -0.00101682  0.00880065  0.00225786
   0.478125  0.00366481  0.00225786    0.494269
IMAGINARY
           0 -0.000603879  -0.00414168  -0.00623064
 0.000603879            0   4.3013e-05  -0.00195828
  0.00414168  -4.3013e-05            0   0.00985221
  0.00623064   0.00195828  -0.00985221            0
Repeater7[0]<--->Repeater6[0]
REAL
   0.487106  0.00396571  0.00617588    0.478125
 0.00396571  0.00880065 -0.00101682  0.00225786
 0.00617588 -0.00101682  0.00982399  0.00366481
   0.478125  0.00225786  0.00366481    0.494269
IMAGINARY
           0  -0.00414168 -0.000603879  -0.00623064
  0.00414168            0  -4.3013e-05   0.00985221
 0.000603879   4.3013e-05            0  -0.00195828
  0.00623064  -0.00985221   0.00195828            0
Repeater7[0]<--->HoM4[0]
REAL
    0.481126  -0.00391055  -0.00361952     0.477115
 -0.00391055   0.00798882 -0.000103124  -0.00549662
 -0.00361952 -0.000103124   0.00958658  -0.00124204
    0.477115  -0.00549662  -0.00124204     0.501298
IMAGINARY
           0   0.00923418  -0.00655303  -0.00187649
 -0.00923418            0  0.000465196    -0.009576
  0.00655303 -0.000465196            0   0.00387066
  0.00187649     0.009576  -0.00387066            0
Repeater8[0]<--->HoM4[0]
REAL
    0.481126  -0.00361952  -0.00391055     0.477115
 -0.00361952   0.00958658 -0.000103124  -0.00124204
 -0.00391055 -0.000103124   0.00798882  -0.00549662
    0.477115  -0.00124204  -0.00549662     0.501298
IMAGINARY
           0  -0.00655303   0.00923418  -0.00187649
  0.00655303            0 -0.000465196   0.00387066
 -0.00923418  0.000465196            0    -0.009576
  0.00187649  -0.00387066     0.009576            0
Repeater8[0]<--->Repeater9[0]
REAL
   0.492094 0.000437518  0.00199789    0.471517
0.000437518  0.00975991 -0.00425314 -0.00889515
 0.00199789 -0.00425314   0.0107359 -0.00754067
   0.471517 -0.00889515 -0.00754067     0.48741
IMAGINARY
           0   0.00758163 -0.000515572  -0.00188959
 -0.00758163            0 -0.000890392  -0.00379654
 0.000515572  0.000890392            0  -0.00244816
  0.00188959   0.00379654   0.00244816            0
Repeater9[0]<--->Repeater8[0]
REAL
   0.492094  0.00199789 0.000437518    0.471517
 0.00199789   0.0107359 -0.00425314 -0.00754067
0.000437518 -0.00425314  0.00975991 -0.00889515
   0.471517 -0.00754067 -0.00889515     0.48741
IMAGINARY
           0 -0.000515572   0.00758163  -0.00188959
 0.000515572            0  0.000890392  -0.00244816
 -0.00758163 -0.000890392            0  -0.00379654
  0.00188959   0.00244816   0.00379654            0
Repeater9[0]<--->HoM5[0]
REAL
    0.487532 -0.000362651   -0.0030111     0.471359
-0.000362651   0.00837822  0.000699979   0.00452962
  -0.0030111  0.000699979   0.00817874   0.00390588
    0.471359   0.00452962   0.00390588     0.495911
IMAGINARY
          0  0.00775544 -0.00643295 -0.00566475
-0.00775544           0  -0.0138416 -0.00683072
 0.00643295   0.0138416           0  0.00269472
 0.00566475  0.00683072 -0.00269472           0
Repeater10[0]<--->HoM5[0]
REAL
    0.487532   -0.0030111 -0.000362651     0.471359
  -0.0030111   0.00817874  0.000699979   0.00390588
-0.000362651  0.000699979   0.00837822   0.00452962
    0.471359   0.00390588   0.00452962     0.495911
IMAGINARY
          0 -0.00643295  0.00775544 -0.00566475
 0.00643295           0   0.0138416  0.00269472
-0.00775544  -0.0138416           0 -0.00683072
 0.00566475 -0.00269472  0.00683072           0
Repeater10[0]<--->Repeater11[0]
REAL
   0.503812   0.0057649  0.00270897    0.496948
  0.0057649 0.000824232 0.000115847  0.00149929
 0.00270897 0.000115847 0.000618174 -0.00175237
   0.496948  0.00149929 -0.00175237    0.494746
IMAGINARY
          0   -0.002967 -0.00421654 -0.00698418
   0.002967           0 -0.00213557  0.00312765
 0.00421654  0.00213557           0  0.00286801
 0.00698418 -0.00312765 -0.00286801           0
Repeater11[0]<--->Repeater10[0]
REAL
   0.503812  0.00270897   0.0057649    0.496948
 0.00270897 0.000618174 0.000115847 -0.00175237
  0.0057649 0.000115847 0.000824232  0.00149929
   0.496948 -0.00175237  0.00149929    0.494746
IMAGINARY
          0 -0.00421654   -0.002967 -0.00698418
 0.00421654           0  0.00213557  0.00286801
   0.002967 -0.00213557           0  0.00312765
 0.00698418 -0.00286801 -0.00312765           0
Repeater11[0]<--->HoM6[0]
REAL
   0.504686 -0.00114415  -0.0122218    0.497104
-0.00114415 0.000797607 0.000890377  0.00279537
 -0.0122218 0.000890377 0.000598205 -0.00788112
   0.497104  0.00279537 -0.00788112    0.493918
IMAGINARY
           0    0.0098093  -0.00268424   0.00186674
  -0.0098093            0   0.00419326   -0.0060842
  0.00268424  -0.00419326            0 -0.000841586
 -0.00186674    0.0060842  0.000841586            0
EndNode1[0]<--->Repeater1[0]
REAL
    0.492004     0.013492   0.00951784     0.494647
    0.013492   0.00256663 -0.000554718   0.00688061
  0.00951784 -0.000554718    0.0017769   0.00392501
    0.494647   0.00688061   0.00392501     0.503653
IMAGINARY
          0 -0.00582504  0.00141144  0.00515252
 0.00582504           0   0.0013977 -0.00081168
-0.00141144  -0.0013977           0  0.00322608
-0.00515252  0.00081168 -0.00322608           0
EndNode2[0]<--->HoM6[0]
REAL
    0.511233  -0.00455898  -0.00383233     0.496856
 -0.00455898    0.0011721 -0.000719068   -0.0132478
 -0.00383233 -0.000719068  0.000586052   -0.0143511
    0.496856   -0.0132478   -0.0143511     0.487009
IMAGINARY
           0   0.00200568   0.00149044  -0.00145842
 -0.00200568            0  0.000647058   0.00679574
 -0.00149044 -0.000647058            0   -0.0102919
  0.00145842  -0.00679574    0.0102919            0
Repeater1[0]<--->EndNode1[0]
REAL
    0.492004   0.00951784     0.013492     0.494647
  0.00951784    0.0017769 -0.000554718   0.00392501
    0.013492 -0.000554718   0.00256663   0.00688061
    0.494647   0.00392501   0.00688061     0.503653
IMAGINARY
          0  0.00141144 -0.00582504  0.00515252
-0.00141144           0  -0.0013977  0.00322608
 0.00582504   0.0013977           0 -0.00081168
-0.00515252 -0.00322608  0.00081168           0
Repeater1[0]<--->HoM1[0]
REAL
    0.486342   0.00124933   0.00754837     0.494551
  0.00124933   0.00217736  -0.00149702 -0.000701778
  0.00754837  -0.00149702   0.00138559   0.00658952
    0.494551 -0.000701778   0.00658952     0.510095
IMAGINARY
          0 -0.00741563  -0.0013788  0.00458764
 0.00741563           0 -0.00146075  0.00957876
  0.0013788  0.00146075           0 -0.00078433
-0.00458764 -0.00957876  0.00078433           0
Repeater2[0]<--->HoM1[0]
REAL
    0.486342   0.00754837   0.00124933     0.494551
  0.00754837   0.00138559  -0.00149702   0.00658952
  0.00124933  -0.00149702   0.00217736 -0.000701778
    0.494551   0.00658952 -0.000701778     0.510095
IMAGINARY
          0  -0.0013788 -0.00741563  0.00458764
  0.0013788           0  0.00146075 -0.00078433
 0.00741563 -0.00146075           0  0.00957876
-0.00458764  0.00078433 -0.00957876           0
Repeater2[0]<--->Repeater3[0]
REAL
   0.492739 -0.00585734 -0.00699798    0.489153
-0.00585734  0.00383219  -0.0016453  0.00568829
-0.00699798  -0.0016453  0.00564744   0.0057566
   0.489153  0.00568829   0.0057566    0.497781
IMAGINARY
           0  0.000854124  -0.00430496  -0.00468591
-0.000854124            0  0.000151209  -0.00259642
  0.00430496 -0.000151209            0    0.0052471
  0.00468591   0.00259642   -0.0052471            0
Repeater3[0]<--->Repeater2[0]
REAL
   0.492739 -0.00699798 -0.00585734    0.489153
-0.00699798  0.00564744  -0.0016453   0.0057566
-0.00585734  -0.0016453  0.00383219  0.00568829
   0.489153   0.0057566  0.00568829    0.497781
IMAGINARY
           0  -0.00430496  0.000854124  -0.00468591
  0.00430496            0 -0.000151209    0.0052471
-0.000854124  0.000151209            0  -0.00259642
  0.00468591   -0.0052471   0.00259642            0
Repeater3[0]<--->HoM2[0]
REAL
    0.51538 -0.00288231  -0.0101064    0.488604
-0.00288231  0.00535821 0.000731379  0.00210799
 -0.0101064 0.000731379  0.00218297 -0.00675674
   0.488604  0.00210799 -0.00675674    0.477079
IMAGINARY
           0  -0.00366661 -0.000948079  -0.00633575
  0.00366661            0    0.0168693   0.00353257
 0.000948079   -0.0168693            0 -0.000309536
  0.00633575  -0.00353257  0.000309536            0
Repeater4[0]<--->HoM2[0]
REAL
    0.51538  -0.0101064 -0.00288231    0.488604
 -0.0101064  0.00218297 0.000731379 -0.00675674
-0.00288231 0.000731379  0.00535821  0.00210799
   0.488604 -0.00675674  0.00210799    0.477079
IMAGINARY
           0 -0.000948079  -0.00366661  -0.00633575
 0.000948079            0   -0.0168693 -0.000309536
  0.00366661    0.0168693            0   0.00353257
  0.00633575  0.000309536  -0.00353257            0
Repeater4[0]<--->Repeater5[0]
REAL
    0.502691   -0.0105231 -0.000274637     0.483786
  -0.0105231   0.00657764  -0.00120948  -0.00418241
-0.000274637  -0.00120948   0.00697628   0.00485052
    0.483786  -0.00418241   0.00485052     0.483755
IMAGINARY
           0  -0.00513622  0.000306351  0.000349567
  0.00513622            0   0.00926204   0.00212674
-0.000306351  -0.00926204            0    0.0018921
-0.000349567  -0.00212674   -0.0018921            0
Repeater5[0]<--->Repeater4[0]
REAL
    0.502691 -0.000274637   -0.0105231     0.483786
-0.000274637   0.00697628  -0.00120948   0.00485052
  -0.0105231  -0.00120948   0.00657764  -0.00418241
    0.483786   0.00485052  -0.00418241     0.483755
IMAGINARY
           0  0.000306351  -0.00513622  0.000349567
-0.000306351            0  -0.00926204    0.0018921
  0.00513622   0.00926204            0   0.00212674
-0.000349567   -0.0018921  -0.00212674            0
Repeater5[0]<--->HoM3[0]
REAL
   0.499005  0.00763329   0.0009167     0.48119
 0.00763329  0.00477517 -0.00075087  0.00906334
  0.0009167 -0.00075087  0.00477517  0.00474196
    0.48119  0.00906334  0.00474196    0.491444
IMAGINARY
           0  -0.00198808   0.00521935   0.00215858
  0.00198808            0   -0.0030631 -0.000555726
 -0.00521935    0.0030631            0 -0.000492569
 -0.00215858  0.000555726  0.000492569            0
Repeater6[0]<--->HoM3[0]
REAL
   0.499005   0.0009167  0.00763329     0.48119
  0.0009167  0.00477517 -0.00075087  0.00474196
 0.00763329 -0.00075087  0.00477517  0.00906334
    0.48119  0.00474196  0.00906334    0.491444
IMAGINARY
           0   0.00521935  -0.00198808   0.00215858
 -0.00521935            0    0.0030631 -0.000492569
  0.00198808   -0.0030631            0 -0.000555726
 -0.00215858  0.000492569  0.000555726            0
Repeater6[0]<--->Repeater7[0]
REAL
      0.4774    0.0030054  0.000922785     0.477256
   0.0030054       0.0072 -0.000804303   0.00280563
 0.000922785 -0.000804303       0.0062  0.000330547
    0.477256   0.00280563  0.000330547       0.5092
IMAGINARY
           0  -0.00088483  0.000250202   0.00252565
  0.00088483            0 -0.000831415  -0.00309055
-0.000250202  0.000831415            0   0.00764291
 -0.00252565   0.00309055  -0.00764291            0
Repeater7[0]<--->Repeater6[0]
REAL
      0.4774  0.000922785    0.0030054     0.477256
 0.000922785       0.0062 -0.000804303  0.000330547
   0.0030054 -0.000804303       0.0072   0.00280563
    0.477256  0.000330547   0.00280563       0.5092
IMAGINARY
           0  0.000250202  -0.00088483   0.00252565
-0.000250202            0  0.000831415   0.00764291
  0.00088483 -0.000831415            0  -0.00309055
 -0.00252565  -0.00764291   0.00309055            0
Repeater7[0]<--->HoM4[0]
REAL
   0.490513  0.00121375  0.00668714    0.478496
 0.00121375    0.009891  0.00141345 0.000699114
 0.00668714  0.00141345    0.008478  0.00577857
   0.478496 0.000699114  0.00577857    0.491118
IMAGINARY
           0   0.00672283  -0.00548027 -0.000229283
 -0.00672283            0   0.00808902  -0.00548027
  0.00548027  -0.00808902            0     0.004437
 0.000229283   0.00548027    -0.004437            0
Repeater8[0]<--->HoM4[0]
REAL
   0.490513  0.00668714  0.00121375    0.478496
 0.00668714    0.008478  0.00141345  0.00577857
 0.00121375  0.00141345    0.009891 0.000699114
   0.478496  0.00577857 0.000699114    0.491118
IMAGINARY
           0  -0.00548027   0.00672283 -0.000229283
  0.00548027            0  -0.00808902     0.004437
 -0.00672283   0.00808902            0  -0.00548027
 0.000229283    -0.004437   0.00548027            0
Repeater8[0]<--->Repeater9[0]
REAL
    0.492039  -0.00597789   -0.0025694     0.470494
 -0.00597789   0.00943582 -0.000117727    -0.010441
  -0.0025694 -0.000117727   0.00805976   -0.0086338
    0.470494    -0.010441   -0.0086338     0.490466
IMAGINARY
          0 -0.00339504   0.0089343   0.0126894
 0.00339504           0 -0.00582907  0.00366067
 -0.0089343  0.00582907           0 -0.00700081
 -0.0126894 -0.00366067  0.00700081           0
Repeater9[0]<--->Repeater8[0]
REAL
    0.492039   -0.0025694  -0.00597789     0.470494
  -0.0025694   0.00805976 -0.000117727   -0.0086338
 -0.00597789 -0.000117727   0.00943582    -0.010441
    0.470494   -0.0086338    -0.010441     0.490466
IMAGINARY
          0   0.0089343 -0.00339504   0.0126894
 -0.0089343           0  0.00582907 -0.00700081
 0.00339504 -0.00582907           0  0.00366067
 -0.0126894  0.00700081 -0.00366067           0
Repeater9[0]<--->HoM5[0]
REAL
    0.485608 -0.000778824   0.00216939     0.475067
-0.000778824    0.0117486  0.000601049  -0.00187265
  0.00216939  0.000601049    0.0105737  0.000482088
    0.475067  -0.00187265  0.000482088      0.49207
IMAGINARY
          0  -0.0122464  0.00438126  0.00498995
  0.0122464           0  0.00229509  0.00234874
-0.00438126 -0.00229509           0  0.00650608
-0.00498995 -0.00234874 -0.00650608           0
Repeater10[0]<--->HoM5[0]
REAL
    0.485608   0.00216939 -0.000778824     0.475067
  0.00216939    0.0105737  0.000601049  0.000482088
-0.000778824  0.000601049    0.0117486  -0.00187265
    0.475067  0.000482088  -0.00187265      0.49207
IMAGINARY
          0  0.00438126  -0.0122464  0.00498995
-0.00438126           0 -0.00229509  0.00650608
  0.0122464  0.00229509           0  0.00234874
-0.00498995 -0.00650608 -0.00234874           0
Repeater10[0]<--->Repeater11[0]
REAL
    0.488057  -0.00601508   0.00157874     0.497985
 -0.00601508   0.00139331  0.000208939  -0.00729818
  0.00157874  0.000208939  0.000995223 -0.000306416
    0.497985  -0.00729818 -0.000306416     0.509554
IMAGINARY
           0  0.000196272   0.00303975  -0.00902876
-0.000196272            0  -0.00579121  -0.00849871
 -0.00303975   0.00579121            0   0.00465613
  0.00902876   0.00849871  -0.00465613            0
Repeater11[0]<--->Repeater10[0]
REAL
    0.488057   0.00157874  -0.00601508     0.497985
  0.00157874  0.000995223  0.000208939 -0.000306416
 -0.00601508  0.000208939   0.00139331  -0.00729818
    0.497985 -0.000306416  -0.00729818     0.509554
IMAGINARY
           0   0.00303975  0.000196272  -0.00902876
 -0.00303975            0   0.00579121   0.00465613
-0.000196272  -0.00579121            0  -0.00849871
  0.00902876  -0.00465613   0.00849871            0
Repeater11[0]<--->HoM6[0]
REAL
    0.511233  -0.00383233  -0.00455898     0.496856
 -0.00383233  0.000586052 -0.000719068   -0.0143511
 -0.00455898 -0.000719068    0.0011721   -0.0132478
    0.496856   -0.0143511   -0.0132478     0.487009
IMAGINARY
           0   0.00149044   0.00200568  -0.00145842
 -0.00149044            0 -0.000647058   -0.0102919
 -0.00200568  0.000647058            0   0.00679574
  0.00145842    0.0102919  -0.00679574            0
EndNode1[0]<--->Repeater1[0]
REAL
   0.500197  0.00385838 0.000456085    0.495819
 0.00385838  0.00295392 0.000139884  0.00328204
0.000456085 0.000139884  0.00157542 -0.00173674
   0.495819  0.00328204 -0.00173674    0.495274
IMAGINARY
           0   0.00311801  0.000426724   0.00390639
 -0.00311801            0 -0.000840122  -0.00248434
-0.000426724  0.000840122            0 -3.15933e-05
 -0.00390639   0.00248434  3.15933e-05            0
EndNode2[0]<--->HoM6[0]
REAL
   0.490138 -0.00789341  0.00334365     0.49654
-0.00789341  0.00177515   0.0004604 -0.00914365
 0.00334365   0.0004604  0.00118343  0.00269341
    0.49654 -0.00914365  0.00269341    0.506903
IMAGINARY
           0  -0.00869766   0.00698349  0.000407529
  0.00869766            0   0.00516943  -0.00178844
 -0.00698349  -0.00516943            0   0.00428676
-0.000407529   0.00178844  -0.00428676            0
Repeater1[0]<--->EndNode1[0]
REAL
   0.500197 0.000456085  0.00385838    0.495819
0.000456085  0.00157542 0.000139884 -0.00173674
 0.00385838 0.000139884  0.00295392  0.00328204
   0.495819 -0.00173674  0.00328204    0.495274
IMAGINARY
           0  0.000426724   0.00311801   0.00390639
-0.000426724            0  0.000840122 -3.15933e-05
 -0.00311801 -0.000840122            0  -0.00248434
 -0.00390639  3.15933e-05   0.00248434            0
Repeater1[0]<--->HoM1[0]
REAL
   0.497915 -0.00365049 -0.00824237    0.494769
-0.00365049  0.00278054 0.000296962  -0.0028596
-0.00824237 0.000296962  0.00139027 -0.00868504
   0.494769  -0.0028596 -0.00868504    0.497915
IMAGINARY
           0   0.00334203  -0.00380988  -0.00618442
 -0.00334203            0  0.000916999   -0.0085297
  0.00380988 -0.000916999            0   0.00939242
  0.00618442    0.0085297  -0.00939242            0
Repeater2[0]<--->HoM1[0]
REAL
   0.497915 -0.00824237 -0.00365049    0.494769
-0.00824237  0.00139027 0.000296962 -0.00868504
-0.00365049 0.000296962  0.00278054  -0.0028596
   0.494769 -0.00868504  -0.0028596    0.497915
IMAGINARY
           0  -0.00380988   0.00334203  -0.00618442
  0.00380988            0 -0.000916999   0.00939242
 -0.00334203  0.000916999            0   -0.0085297
  0.00618442  -0.00939242    0.0085297            0
Repeater2[0]<--->Repeater3[0]
REAL
    0.492792  -0.00326908   0.00732601     0.488767
 -0.00326908   0.00527919 -0.000683824  -0.00285729
  0.00732601 -0.000683824   0.00446701    0.0101211
    0.488767  -0.00285729    0.0101211     0.497462
IMAGINARY
          0  0.00798099 -0.00431898  0.00625356
-0.00798099           0  0.00395861 -0.00886719
 0.00431898 -0.00395861           0  0.00325167
-0.00625356  0.00886719 -0.00325167           0
Repeater3[0]<--->Repeater2[0]
REAL
    0.492792   0.00732601  -0.00326908     0.488767
  0.00732601   0.00446701 -0.000683824    0.0101211
 -0.00326908 -0.000683824   0.00527919  -0.00285729
    0.488767    0.0101211  -0.00285729     0.497462
IMAGINARY
          0 -0.00431898  0.00798099  0.00625356
 0.00431898           0 -0.00395861  0.00325167
-0.00798099  0.00395861           0 -0.00886719
-0.00625356 -0.00325167  0.00886719           0
Repeater3[0]<--->HoM2[0]
REAL
      0.5005   0.00116361  -0.00804104     0.489392
  0.00116361   0.00680136 -0.000693351  0.000271108
 -0.00804104 -0.000693351   0.00340068  -0.00772264
    0.489392  0.000271108  -0.00772264     0.489298
IMAGINARY
           0  1.52855e-05    0.0021702   0.00202306
-1.52855e-05            0  -0.00849788 -0.000753773
  -0.0021702   0.00849788            0  -0.00365754
 -0.00202306  0.000753773   0.00365754            0
Repeater4[0]<--->HoM2[0]
REAL
      0.5005  -0.00804104   0.00116361     0.489392
 -0.00804104   0.00340068 -0.000693351  -0.00772264
  0.00116361 -0.000693351   0.00680136  0.000271108
    0.489392  -0.00772264  0.000271108     0.489298
IMAGINARY
           0    0.0021702  1.52855e-05   0.00202306
  -0.0021702            0   0.00849788  -0.00365754
-1.52855e-05  -0.00849788            0 -0.000753773
 -0.00202306   0.00365754  0.000753773            0
Repeater4[0]<--->Repeater5[0]
REAL
    0.487997   0.00859439   0.00518465     0.484202
  0.00859439   0.00708383  -0.00224576 -0.000373107
  0.00518465  -0.00224576   0.00609996   -0.0053867
    0.484202 -0.000373107   -0.0053867     0.498819
IMAGINARY
          0 -0.00799215   0.0114657  0.00824287
 0.00799215           0  0.00369562  0.00592914
 -0.0114657 -0.00369562           0 -0.00839135
-0.00824287 -0.00592914  0.00839135           0
Repeater5[0]<--->Repeater4[0]
REAL
    0.487997   0.00518465   0.00859439     0.484202
  0.00518465   0.00609996  -0.00224576   -0.0053867
  0.00859439  -0.00224576   0.00708383 -0.000373107
    0.484202   -0.0053867 -0.000373107     0.498819
IMAGINARY
          0   0.0114657 -0.00799215  0.00824287
 -0.0114657           0 -0.00369562 -0.00839135
 0.00799215  0.00369562           0  0.00592914
-0.00824287  0.00839135 -0.00592914           0
Repeater5[0]<--->HoM3[0]
REAL
    0.497397  -0.00165735  -0.00401292     0.484121
 -0.00165735   0.00655485  0.000840009 -0.000899849
 -0.00401292  0.000840009   0.00520532  -0.00145073
    0.484121 -0.000899849  -0.00145073     0.490842
IMAGINARY
          0 -0.00647585  0.00875114  0.00537385
 0.00647585           0 -0.00142887 -0.00383376
-0.00875114  0.00142887           0  0.00136177
-0.00537385  0.00383376 -0.00136177           0
Repeater6[0]<--->HoM3[0]
REAL
    0.497397  -0.00401292  -0.00165735     0.484121
 -0.00401292   0.00520532  0.000840009  -0.00145073
 -0.00165735  0.000840009   0.00655485 -0.000899849
    0.484121  -0.00145073 -0.000899849     0.490842
IMAGINARY
          0  0.00875114 -0.00647585  0.00537385
-0.00875114           0  0.00142887  0.00136177
 0.00647585 -0.00142887           0 -0.00383376
-0.00537385 -0.00136177  0.00383376           0
Repeater6[0]<--->Repeater7[0]
REAL
   0.494921 -0.00462789 -0.00229832    0.477506
-0.00462789  0.00697072 -0.00248601 -0.00309736
-0.00229832 -0.00248601  0.00736905 0.000631089
   0.477506 -0.00309736 0.000631089    0.490739
IMAGINARY
           0   0.00325396 -0.000107367  -0.00942474
 -0.00325396            0   0.00403528   0.00250833
 0.000107367  -0.00403528            0  -0.00205348
  0.00942474  -0.00250833   0.00205348            0
Repeater7[0]<--->Repeater6[0]
REAL
   0.494921 -0.00229832 -0.00462789    0.477506
-0.00229832  0.00736905 -0.00248601 0.000631089
-0.00462789 -0.00248601  0.00697072 -0.00309736
   0.477506 0.000631089 -0.00309736    0.490739
IMAGINARY
           0 -0.000107367   0.00325396  -0.00942474
 0.000107367            0  -0.00403528  -0.00205348
 -0.00325396   0.00403528            0   0.00250833
  0.00942474   0.00205348  -0.00250833            0
Repeater7[0]<--->HoM4[0]
REAL
   0.507051 -0.00451038  0.00150197    0.477142
-0.00451038  0.00705053 0.000635877  0.00560514
 0.00150197 0.000635877  0.00920486   0.0126185
   0.477142  0.00560514   0.0126185    0.476694
IMAGINARY
           0 -0.000794063   0.00200852  -0.00453934
 0.000794063            0  -0.00343514   0.00321237
 -0.00200852   0.00343514            0  -0.00221799
  0.00453934  -0.00321237   0.00221799            0
Repeater8[0]<--->HoM4[0]
REAL
   0.507051  0.00150197 -0.00451038    0.477142
 0.00150197  0.00920486 0.000635877   0.0126185
-0.00451038 0.000635877  0.00705053  0.00560514
   0.477142   0.0126185  0.00560514    0.476694
IMAGINARY
           0   0.00200852 -0.000794063  -0.00453934
 -0.00200852            0   0.00343514  -0.00221799
 0.000794063  -0.00343514            0   0.00321237
  0.00453934   0.00221799  -0.00321237            0
Repeater8[0]<--->Repeater9[0]
REAL
   0.479002   0.0106245  0.00118472    0.472992
  0.0106245   0.0106973  0.00399927   0.0026168
 0.00118472  0.00399927   0.0104992 -0.00382175
   0.472992   0.0026168 -0.00382175    0.499802
IMAGINARY
           0  -0.00492628    0.0030889   0.00183447
  0.00492628            0   0.00350935 -8.00233e-06
  -0.0030889  -0.00350935            0   -0.0013349
 -0.00183447  8.00233e-06    0.0013349            0
Repeater9[0]<--->Repeater8[0]
REAL
   0.479002  0.00118472   0.0106245    0.472992
 0.00118472   0.0104992  0.00399927 -0.00382175
  0.0106245  0.00399927   0.0106973   0.0026168
   0.472992 -0.00382175   0.0026168    0.499802
IMAGINARY
           0    0.0030889  -0.00492628   0.00183447
  -0.0030889            0  -0.00350935   -0.0013349
  0.00492628   0.00350935            0 -8.00233e-06
 -0.00183447    0.0013349  8.00233e-06            0
Repeater9[0]<--->HoM5[0]
REAL
   0.484328  0.00347426 -0.00163627    0.474888
 0.00347426  0.00798563  0.00123573  0.00879903
-0.00163627  0.00123573  0.00918347  0.00448436
   0.474888  0.00879903  0.00448436    0.498503
IMAGINARY
          0 -0.00782099   0.0038953 -0.00392637
 0.00782099           0  0.00042146  0.00249193
 -0.0038953 -0.00042146           0  0.00342977
 0.00392637 -0.00249193 -0.00342977           0
Repeater10[0]<--->HoM5[0]
REAL
   0.484328 -0.00163627  0.00347426    0.474888
-0.00163627  0.00918347  0.00123573  0.00448436
 0.00347426  0.00123573  0.00798563  0.00879903
   0.474888  0.00448436  0.00879903    0.498503
IMAGINARY
          0   0.0038953 -0.00782099 -0.00392637
 -0.0038953           0 -0.00042146  0.00342977
 0.00782099  0.00042146           0  0.00249193
 0.00392637 -0.00342977 -0.00249193           0
Repeater10[0]<--->Repeater11[0]
REAL
    0.507778   0.00604508   0.00931182     0.497301
  0.00604508  0.000199442  0.000472593 -0.000912715
  0.00931182  0.000472593   0.00119665   0.00336597
    0.497301 -0.000912715   0.00336597     0.490826
IMAGINARY
           0  -0.00147889   0.00166048  0.000449709
  0.00147889            0  0.000549093   0.00934051
 -0.00166048 -0.000549093            0    -0.010315
-0.000449709  -0.00934051     0.010315            0
Repeater11[0]<--->Repeater10[0]
REAL
    0.507778   0.00931182   0.00604508     0.497301
  0.00931182   0.00119665  0.000472593   0.00336597
  0.00604508  0.000472593  0.000199442 -0.000912715
    0.497301   0.00336597 -0.000912715     0.490826
IMAGINARY
           0   0.00166048  -0.00147889  0.000449709
 -0.00166048            0 -0.000549093    -0.010315
  0.00147889  0.000549093            0   0.00934051
-0.000449709     0.010315  -0.00934051            0
Repeater11[0]<--->HoM6[0]
REAL
   0.490138  0.00334365 -0.00789341     0.49654
 0.00334365  0.00118343   0.0004604  0.00269341
-0.00789341   0.0004604  0.00177515 -0.00914365
    0.49654  0.00269341 -0.00914365    0.506903
IMAGINARY
           0   0.00698349  -0.00869766  0.000407529
 -0.00698349            0  -0.00516943   0.00428676
  0.00869766   0.00516943            0  -0.00178844
-0.000407529  -0.00428676   0.00178844            0
EndNode1[0]<--->Repeater1[0]
REAL
    0.497563   0.00152405 -0.000593688      0.49501
  0.00152405   0.00182778  -0.00174926  9.81481e-05
-0.000593688  -0.00174926   0.00142161  -0.00162316
     0.49501  9.81481e-05  -0.00162316     0.499188
IMAGINARY
           0  -0.00187415   0.00398703  -0.00216078
  0.00187415            0  0.000494444   0.00117805
 -0.00398703 -0.000494444            0  -0.00450624
  0.00216078  -0.00117805   0.00450624            0
EndNode2[0]<--->HoM6[0]
REAL
   0.507006 -0.00952945 -0.00961023    0.497371
-0.00952945  0.00236827 0.000606796  0.00475586
-0.00961023 0.000606796  0.00118413  0.00427055
   0.497371  0.00475586  0.00427055    0.489441
IMAGINARY
           0    0.0073498   0.00162103  -0.00424135
  -0.0073498            0 -0.000418572   0.00201975
 -0.00162103  0.000418572            0   -0.0113951
  0.00424135  -0.00201975    0.0113951            0
Repeater1[0]<--->EndNode1[0]
REAL
    0.497563 -0.000593688   0.00152405      0.49501
-0.000593688   0.00142161  -0.00174926  -0.00162316
  0.00152405  -0.00174926   0.00182778  9.81481e-05
     0.49501  -0.00162316  9.81481e-05     0.499188
IMAGINARY
           0   0.00398703  -0.00187415  -0.00216078
 -0.00398703            0 -0.000494444  -0.00450624
  0.00187415  0.000494444            0   0.00117805
  0.00216078   0.00450624  -0.00117805            0
Repeater1[0]<--->HoM1[0]
REAL
     0.49631   0.00441409  -0.00641023     0.493442
  0.00441409   0.00259326   0.00023308   0.00907874
 -0.00641023   0.00023308   0.00259326 -0.000559576
    0.493442   0.00907874 -0.000559576     0.498504
IMAGINARY
          0 -0.00163597   0.0047543  0.00304633
 0.00163597           0  0.00496746  0.00934325
 -0.0047543 -0.00496746           0   -0.011021
-0.00304633 -0.00934325    0.011021           0
Repeater2[0]<--->HoM1[0]
REAL
     0.49631  -0.00641023   0.00441409     0.493442
 -0.00641023   0.00259326   0.00023308 -0.000559576
  0.00441409   0.00023308   0.00259326   0.00907874
    0.493442 -0.000559576   0.00907874     0.498504
IMAGINARY
          0   0.0047543 -0.00163597  0.00304633
 -0.0047543           0 -0.00496746   -0.011021
 0.00163597  0.00496746           0  0.00934325
-0.00304633    0.011021 -0.00934325           0
Repeater2[0]<--->Repeater3[0]
REAL
   0.482601  -0.0113142 -0.00741132    0.487704
 -0.0113142  0.00437463 -0.00061509 -0.00580231
-0.00741132 -0.00061509  0.00338039 -0.00189939
   0.487704 -0.00580231 -0.00189939    0.509644
IMAGINARY
           0  -0.00433927  -0.00752326   0.00805422
  0.00433927            0 -0.000243262   0.00504851
  0.00752326  0.000243262            0   0.00938777
 -0.00805422  -0.00504851  -0.00938777            0
Repeater3[0]<--->Repeater2[0]
REAL
   0.482601 -0.00741132  -0.0113142    0.487704
-0.00741132  0.00338039 -0.00061509 -0.00189939
 -0.0113142 -0.00061509  0.00437463 -0.00580231
   0.487704 -0.00189939 -0.00580231    0.509644
IMAGINARY
           0  -0.00752326  -0.00433927   0.00805422
  0.00752326            0  0.000243262   0.00938777
  0.00433927 -0.000243262            0   0.00504851
 -0.00805422  -0.00938777  -0.00504851            0
Repeater3[0]<--->HoM2[0]
REAL
    0.488731  -0.00268618  -0.00397613     0.490134
 -0.00268618   0.00474496 -0.000482958 -0.000894003
 -0.00397613 -0.000482958   0.00237248 -0.000763494
    0.490134 -0.000894003 -0.000763494     0.504152
IMAGINARY
           0    0.0062187   0.00343785  0.000201432
  -0.0062187            0 -0.000591904   -0.0103255
 -0.00343785  0.000591904            0 -0.000728582
-0.000201432    0.0103255  0.000728582            0
Repeater4[0]<--->HoM2[0]
REAL
    0.488731  -0.00397613  -0.00268618     0.490134
 -0.00397613   0.00237248 -0.000482958 -0.000763494
 -0.00268618 -0.000482958   0.00474496 -0.000894003
    0.490134 -0.000763494 -0.000894003     0.504152
IMAGINARY
           0   0.00343785    0.0062187  0.000201432
 -0.00343785            0  0.000591904 -0.000728582
  -0.0062187 -0.000591904            0   -0.0103255
-0.000201432  0.000728582    0.0103255            0
Repeater4[0]<--->Repeater5[0]
REAL
    0.496646 -0.000829263   0.00343117     0.485409
-0.000829263   0.00325269   0.00194582  -0.00122322
  0.00343117   0.00194582   0.00630209   0.00444227
    0.485409  -0.00122322   0.00444227       0.4938
IMAGINARY
          0  0.00904271 -0.00663169  0.00321954
-0.00904271           0 -0.00750326 -0.00203537
 0.00663169  0.00750326           0 -0.00137185
-0.00321954  0.00203537  0.00137185           0
Repeater5[0]<--->Repeater4[0]
REAL
    0.496646   0.00343117 -0.000829263     0.485409
  0.00343117   0.00630209   0.00194582   0.00444227
-0.000829263   0.00194582   0.00325269  -0.00122322
    0.485409   0.00444227  -0.00122322       0.4938
IMAGINARY
          0 -0.00663169  0.00904271  0.00321954
 0.00663169           0  0.00750326 -0.00137185
-0.00904271 -0.00750326           0 -0.00203537
-0.00321954  0.00137185  0.00203537           0
Repeater5[0]<--->HoM3[0]
REAL
    0.490937 -0.000184442  -0.00160611     0.485418
-0.000184442   0.00752025   0.00116587   0.00636986
 -0.00160611   0.00116587    0.0079059   0.00669815
    0.485418   0.00636986   0.00669815     0.493637
IMAGINARY
          0 -0.00532407  0.00318435 -0.00221675
 0.00532407           0 -0.00262391  0.00822288
-0.00318435  0.00262391           0 -0.00890973
 0.00221675 -0.00822288  0.00890973           0
Repeater6[0]<--->HoM3[0]
REAL
    0.490937  -0.00160611 -0.000184442     0.485418
 -0.00160611    0.0079059   0.00116587   0.00669815
-0.000184442   0.00116587   0.00752025   0.00636986
    0.485418   0.00669815   0.00636986     0.493637
IMAGINARY
          0  0.00318435 -0.00532407 -0.00221675
-0.00318435           0  0.00262391 -0.00890973
 0.00532407 -0.00262391           0  0.00822288
 0.00221675  0.00890973 -0.00822288           0
Repeater6[0]<--->Repeater7[0]
REAL
   0.479579 -0.00867085 -0.00486815    0.477565
-0.00867085  0.00667206 0.000230252  0.00486815
-0.00486815 0.000230252  0.00727861  0.00946387
   0.477565  0.00486815  0.00946387     0.50647
IMAGINARY
          0  0.00422665 -0.00495949   0.0079137
-0.00422665           0  0.00861189 -0.00168373
 0.00495949 -0.00861189           0  0.00280735
 -0.0079137  0.00168373 -0.00280735           0
Repeater7[0]<--->Repeater6[0]
REAL
   0.479579 -0.00486815 -0.00867085    0.477565
-0.00486815  0.00727861 0.000230252  0.00946387
-0.00867085 0.000230252  0.00667206  0.00486815
   0.477565  0.00946387  0.00486815     0.50647
IMAGINARY
          0 -0.00495949  0.00422665   0.0079137
 0.00495949           0 -0.00861189  0.00280735
-0.00422665  0.00861189           0 -0.00168373
 -0.0079137 -0.00280735  0.00168373           0
Repeater7[0]<--->HoM4[0]
REAL
    0.490476   0.00782899   0.00917511     0.476633
  0.00782899   0.00694444 -0.000176915  -0.00174017
  0.00917511 -0.000176915   0.00833333 -0.000807101
    0.476633  -0.00174017 -0.000807101     0.494246
IMAGINARY
           0   0.00246045  -0.00105741  -0.00303184
 -0.00246045            0   0.00775811 -0.000454996
  0.00105741  -0.00775811            0  0.000866829
  0.00303184  0.000454996 -0.000866829            0
Repeater8[0]<--->HoM4[0]
REAL
    0.490476   0.00917511   0.00782899     0.476633
  0.00917511   0.00833333 -0.000176915 -0.000807101
  0.00782899 -0.000176915   0.00694444  -0.00174017
    0.476633 -0.000807101  -0.00174017     0.494246
IMAGINARY
           0  -0.00105741   0.00246045  -0.00303184
  0.00105741            0  -0.00775811  0.000866829
 -0.00246045   0.00775811            0 -0.000454996
  0.00303184 -0.000866829  0.000454996            0
Repeater8[0]<--->Repeater9[0]
REAL
    0.500999   0.00527352   0.00469293     0.469866
  0.00527352   0.00919265   0.00165947 -0.000909581
  0.00469293   0.00165947    0.0107914 -0.000494545
    0.469866 -0.000909581 -0.000494545     0.479017
IMAGINARY
          0  0.00181156  0.00185756  0.00871859
-0.00181156           0  0.00410699  0.00304146
