EndNode1[0]<--->Repeater1[0]
REAL
   0.444053   -0.003207 -0.00526125    0.188882
  -0.003207   0.0580051  0.00316178  0.00162635
-0.00526125  0.00316178    0.053302   0.0058322
   0.188882  0.00162635   0.0058322     0.44464
IMAGINARY
          0 -0.00637667  0.00376173 -0.00104423
 0.00637667           0 -0.00474349  -0.0040647
-0.00376173  0.00474349           0 -0.00220746
 0.00104423   0.0040647  0.00220746           0
EndNode2[0]<--->HoM6[0]
REAL
   0.480823 0.000230262 -0.00308585     0.32966
0.000230262   0.0187775 -0.00574532 1.22869e-05
-0.00308585 -0.00574532   0.0165801 -0.00925267
    0.32966 1.22869e-05 -0.00925267    0.483819
IMAGINARY
           0   -0.0108044   0.00211159 -0.000915482
   0.0108044            0  -0.00524754   0.00129659
 -0.00211159   0.00524754            0   0.00879957
 0.000915482  -0.00129659  -0.00879957            0
Repeater1[0]<--->EndNode1[0]
REAL
   0.444053 -0.00526125   -0.003207    0.188882
-0.00526125    0.053302  0.00316178   0.0058322
  -0.003207  0.00316178   0.0580051  0.00162635
   0.188882   0.0058322  0.00162635     0.44464
IMAGINARY
          0  0.00376173 -0.00637667 -0.00104423
-0.00376173           0  0.00474349 -0.00220746
 0.00637667 -0.00474349           0  -0.0040647
 0.00104423  0.00220746   0.0040647           0
Repeater1[0]<--->HoM1[0]
REAL
     0.4534 -0.00270975  0.00524608    0.179874
-0.00270975       0.057  0.00569887 -0.00228165
 0.00524608  0.00569887      0.0574 -0.00480013
   0.179874 -0.00228165 -0.00480013      0.4322
IMAGINARY
           0 -0.000922724   0.00699058  -0.00633289
 0.000922724            0   0.00343115 -0.000152281
 -0.00699058  -0.00343115            0    0.0053475
  0.00633289  0.000152281   -0.0053475            0
Repeater2[0]<--->HoM1[0]
REAL
     0.4534  0.00524608 -0.00270975    0.179874
 0.00524608      0.0574  0.00569887 -0.00480013
-0.00270975  0.00569887       0.057 -0.00228165
   0.179874 -0.00480013 -0.00228165      0.4322
IMAGINARY
           0   0.00699058 -0.000922724  -0.00633289
 -0.00699058            0  -0.00343115    0.0053475
 0.000922724   0.00343115            0 -0.000152281
  0.00633289   -0.0053475  0.000152281            0
Repeater2[0]<--->Repeater3[0]
REAL
   0.354286  -0.0105445  0.00974442    0.053663
 -0.0105445    0.146995 -0.00892297 -0.00672144
 0.00974442 -0.00892297    0.139507 -0.00799645
   0.053663 -0.00672144 -0.00799645    0.359212
IMAGINARY
           0 -0.000977294  -0.00726544   0.00255508
 0.000977294            0  -0.00428872  -0.00187191
  0.00726544   0.00428872            0  -0.00128248
 -0.00255508   0.00187191   0.00128248            0
Repeater3[0]<--->Repeater2[0]
REAL
   0.354286  0.00974442  -0.0105445    0.053663
 0.00974442    0.139507 -0.00892297 -0.00799645
 -0.0105445 -0.00892297    0.146995 -0.00672144
   0.053663 -0.00799645 -0.00672144    0.359212
IMAGINARY
           0  -0.00726544 -0.000977294   0.00255508
  0.00726544            0   0.00428872  -0.00128248
 0.000977294  -0.00428872            0  -0.00187191
 -0.00255508   0.00128248   0.00187191            0
Repeater3[0]<--->HoM2[0]
REAL
    0.360763 -0.000699648  -0.00491781    0.0404578
-0.000699648     0.136056  -0.00445942  -0.00641871
 -0.00491781  -0.00445942     0.143238  -0.00248253
   0.0404578  -0.00641871  -0.00248253     0.359943
IMAGINARY
          0 -0.00944832 -0.00655883  0.00694029
 0.00944832           0 -0.00336177  0.00734685
 0.00655883  0.00336177           0 -0.00473607
-0.00694029 -0.00734685  0.00473607           0
Repeater4[0]<--->HoM2[0]
REAL
    0.360763  -0.00491781 -0.000699648    0.0404578
 -0.00491781     0.143238  -0.00445942  -0.00248253
-0.000699648  -0.00445942     0.136056  -0.00641871
   0.0404578  -0.00248253  -0.00641871     0.359943
IMAGINARY
          0 -0.00655883 -0.00944832  0.00694029
 0.00655883           0  0.00336177 -0.00473607
 0.00944832 -0.00336177           0  0.00734685
-0.00694029  0.00473607 -0.00734685           0
Repeater4[0]<--->Repeater5[0]
REAL
  0.302398  0.0070689 0.00622625   0.016731
 0.0070689   0.195535 0.00517262 0.00592031
0.00622625 0.00517262   0.186441 0.00647153
  0.016731 0.00592031 0.00647153   0.315626
IMAGINARY
          0 -0.00608567   0.0090781   0.0049187
 0.00608567           0  0.00365387  0.00267957
 -0.0090781 -0.00365387           0 -0.00188563
 -0.0049187 -0.00267957  0.00188563           0
Repeater5[0]<--->Repeater4[0]
REAL
  0.302398 0.00622625  0.0070689   0.016731
0.00622625   0.186441 0.00517262 0.00647153
 0.0070689 0.00517262   0.195535 0.00592031
  0.016731 0.00647153 0.00592031   0.315626
IMAGINARY
          0   0.0090781 -0.00608567   0.0049187
 -0.0090781           0 -0.00365387 -0.00188563
 0.00608567  0.00365387           0  0.00267957
 -0.0049187  0.00188563 -0.00267957           0
Repeater5[0]<--->HoM3[0]
REAL
   0.301834  0.00548702  0.00470495   0.0106534
 0.00548702    0.198963  -0.0012231 -0.00130226
 0.00470495  -0.0012231    0.195375 -0.00150102
  0.0106534 -0.00130226 -0.00150102    0.303828
IMAGINARY
           0    0.0143726   0.00591151  -0.00562411
  -0.0143726            0   0.00452257 -0.000171212
 -0.00591151  -0.00452257            0   0.00166069
  0.00562411  0.000171212  -0.00166069            0
Repeater6[0]<--->HoM3[0]
REAL
   0.301834  0.00470495  0.00548702   0.0106534
 0.00470495    0.195375  -0.0012231 -0.00150102
 0.00548702  -0.0012231    0.198963 -0.00130226
  0.0106534 -0.00150102 -0.00130226    0.303828
IMAGINARY
           0   0.00591151    0.0143726  -0.00562411
 -0.00591151            0  -0.00452257   0.00166069
  -0.0143726   0.00452257            0 -0.000171212
  0.00562411  -0.00166069  0.000171212            0
Repeater6[0]<--->Repeater7[0]
REAL
   0.273935   0.0017562 -0.00380834  0.00378885
  0.0017562      0.2222 -0.00699526 -0.00260449
-0.00380834 -0.00699526    0.224777  0.00205142
 0.00378885 -0.00260449  0.00205142    0.279088
IMAGINARY
          0  0.00411895 -0.00850984  0.00494575
-0.00411895           0  0.00199319  0.00236189
 0.00850984 -0.00199319           0 -0.00905747
-0.00494575 -0.00236189  0.00905747           0
Repeater7[0]<--->Repeater6[0]
REAL
   0.273935 -0.00380834   0.0017562  0.00378885
-0.00380834    0.224777 -0.00699526  0.00205142
  0.0017562 -0.00699526      0.2222 -0.00260449
 0.00378885  0.00205142 -0.00260449    0.279088
IMAGINARY
          0 -0.00850984  0.00411895  0.00494575
 0.00850984           0 -0.00199319 -0.00905747
-0.00411895  0.00199319           0  0.00236189
-0.00494575  0.00905747 -0.00236189           0
Repeater7[0]<--->HoM4[0]
REAL
   0.273313 -0.00413282 -0.00133933  0.00770249
-0.00413282    0.211883     0.00113 -0.00221397
-0.00133933     0.00113    0.233635  0.00281302
 0.00770249 -0.00221397  0.00281302    0.281168
IMAGINARY
          0  0.00314599  0.00427013  0.00575922
-0.00314599           0  0.00436145 -0.00534919
-0.00427013 -0.00436145           0  0.00283792
-0.00575922  0.00534919 -0.00283792           0
Repeater8[0]<--->HoM4[0]
REAL
   0.273313 -0.00133933 -0.00413282  0.00770249
-0.00133933    0.233635     0.00113  0.00281302
-0.00413282     0.00113    0.211883 -0.00221397
 0.00770249  0.00281302 -0.00221397    0.281168
IMAGINARY
          0  0.00427013  0.00314599  0.00575922
-0.00427013           0 -0.00436145  0.00283792
-0.00314599  0.00436145           0 -0.00534919
-0.00575922 -0.00283792  0.00534919           0
Repeater8[0]<--->Repeater9[0]
REAL
   0.265631 -0.00195636  0.00168417  0.00472057
-0.00195636    0.243445 -0.00653217 -0.00409963
 0.00168417 -0.00653217    0.228923 -0.00669904
 0.00472057 -0.00409963 -0.00669904    0.262001
IMAGINARY
           0   -0.0056726  0.000248677 -0.000256148
   0.0056726            0   0.00304056  -0.00253906
-0.000248677  -0.00304056            0  -0.00119855
 0.000256148   0.00253906   0.00119855            0
Repeater9[0]<--->Repeater8[0]
REAL
   0.265631  0.00168417 -0.00195636  0.00472057
 0.00168417    0.228923 -0.00653217 -0.00669904
-0.00195636 -0.00653217    0.243445 -0.00409963
 0.00472057 -0.00669904 -0.00409963    0.262001
IMAGINARY
           0  0.000248677   -0.0056726 -0.000256148
-0.000248677            0  -0.00304056  -0.00119855
   0.0056726   0.00304056            0  -0.00253906
 0.000256148   0.00119855   0.00253906            0
Repeater9[0]<--->HoM5[0]
REAL
    0.248549   0.00159758   0.00173625  -0.00576999
  0.00159758     0.230939  0.000319049   0.00133609
  0.00173625  0.000319049     0.247949 -0.000110961
 -0.00576999   0.00133609 -0.000110961     0.272564
IMAGINARY
           0   0.00364254   0.00634746  0.000660651
 -0.00364254            0   0.00353935  -0.00285375
 -0.00634746  -0.00353935            0   0.00424326
-0.000660651   0.00285375  -0.00424326            0
Repeater10[0]<--->HoM5[0]
REAL
    0.248549   0.00173625   0.00159758  -0.00576999
  0.00173625     0.247949  0.000319049 -0.000110961
  0.00159758  0.000319049     0.230939   0.00133609
 -0.00576999 -0.000110961   0.00133609     0.272564
IMAGINARY
           0   0.00634746   0.00364254  0.000660651
 -0.00634746            0  -0.00353935   0.00424326
 -0.00364254   0.00353935            0  -0.00285375
-0.000660651  -0.00424326   0.00285375            0
Repeater10[0]<--->Repeater11[0]
REAL
   0.477533 -0.00539807 -0.00259691    0.324787
-0.00539807   0.0175404 -0.00473129 -0.00790646
-0.00259691 -0.00473129   0.0177375  0.00163271
   0.324787 -0.00790646  0.00163271     0.48719
IMAGINARY
           0   0.00482392  -0.00327445  -0.00231514
 -0.00482392            0  -0.00625852   0.00126642
  0.00327445   0.00625852            0  0.000196157
  0.00231514  -0.00126642 -0.000196157            0
Repeater11[0]<--->Repeater10[0]
REAL
   0.477533 -0.00259691 -0.00539807    0.324787
-0.00259691   0.0177375 -0.00473129  0.00163271
-0.00539807 -0.00473129   0.0175404 -0.00790646
   0.324787  0.00163271 -0.00790646     0.48719
IMAGINARY
           0  -0.00327445   0.00482392  -0.00231514
  0.00327445            0   0.00625852  0.000196157
 -0.00482392  -0.00625852            0   0.00126642
  0.00231514 -0.000196157  -0.00126642            0
Repeater11[0]<--->HoM6[0]
REAL
   0.480823 -0.00308585 0.000230262     0.32966
-0.00308585   0.0165801 -0.00574532 -0.00925267
0.000230262 -0.00574532   0.0187775 1.22869e-05
    0.32966 -0.00925267 1.22869e-05    0.483819
IMAGINARY
           0   0.00211159   -0.0108044 -0.000915482
 -0.00211159            0   0.00524754   0.00879957
   0.0108044  -0.00524754            0   0.00129659
 0.000915482  -0.00879957  -0.00129659            0
EndNode1[0]<--->Repeater1[0]
REAL
    0.446949   0.00244638  -0.00114499     0.183785
  0.00244638    0.0512565  0.000571635   0.00025054
 -0.00114499  0.000571635    0.0584364 -0.000558083
    0.183785   0.00025054 -0.000558083     0.443359
IMAGINARY
           0  -0.00299043  -0.00325802    -0.001514
  0.00299043            0  -0.00272416 -0.000330499
  0.00325802   0.00272416            0  -0.00239234
    0.001514  0.000330499   0.00239234            0
EndNode2[0]<--->HoM6[0]
REAL
    0.48929   -0.012702 -0.00888204    0.319626
  -0.012702   0.0166601 -0.00407835 -0.00218121
-0.00888204 -0.00407835   0.0144784  0.00359685
   0.319626 -0.00218121  0.00359685    0.479572
IMAGINARY
           0   0.00663941   0.00259515  -0.00195034
 -0.00663941            0   0.00366994  -0.00595882
 -0.00259515  -0.00366994            0 -0.000307791
  0.00195034   0.00595882  0.000307791            0
Repeater1[0]<--->EndNode1[0]
REAL
    0.446949  -0.00114499   0.00244638     0.183785
 -0.00114499    0.0584364  0.000571635 -0.000558083
  0.00244638  0.000571635    0.0512565   0.00025054
    0.183785 -0.000558083   0.00025054     0.443359
IMAGINARY
           0  -0.00325802  -0.00299043    -0.001514
  0.00325802            0   0.00272416  -0.00239234
  0.00299043  -0.00272416            0 -0.000330499
    0.001514   0.00239234  0.000330499            0
Repeater1[0]<--->HoM1[0]
REAL
    0.447505 -0.000907784 -0.000835133     0.181903
-0.000907784    0.0570858  -0.00175206  -0.00957534
-0.000835133  -0.00175206    0.0590818   0.00298988
    0.181903  -0.00957534   0.00298988     0.436327
IMAGINARY
           0   0.00295022  -0.00834583 -0.000845352
 -0.00295022            0  -0.00372177  -0.00353235
  0.00834583   0.00372177            0   0.00405486
 0.000845352   0.00353235  -0.00405486            0
Repeater2[0]<--->HoM1[0]
REAL
    0.447505 -0.000835133 -0.000907784     0.181903
-0.000835133    0.0590818  -0.00175206   0.00298988
-0.000907784  -0.00175206    0.0570858  -0.00957534
    0.181903   0.00298988  -0.00957534     0.436327
IMAGINARY
           0  -0.00834583   0.00295022 -0.000845352
  0.00834583            0   0.00372177   0.00405486
 -0.00295022  -0.00372177            0  -0.00353235
 0.000845352  -0.00405486   0.00353235            0
Repeater2[0]<--->Repeater3[0]
REAL
   0.361825 -0.00290265 -0.00962691   0.0436587
-0.00290265    0.142388    0.012475 -0.00208012
-0.00962691    0.012475    0.143415 -0.00240054
  0.0436587 -0.00208012 -0.00240054    0.352373
IMAGINARY
           0   0.00602077  0.000756133   0.00680752
 -0.00602077            0   -0.0026836  -0.00336281
-0.000756133    0.0026836            0   0.00083384
 -0.00680752   0.00336281  -0.00083384            0
Repeater3[0]<--->Repeater2[0]
REAL
   0.361825 -0.00962691 -0.00290265   0.0436587
-0.00962691    0.143415    0.012475 -0.00240054
-0.00290265    0.012475    0.142388 -0.00208012
  0.0436587 -0.00240054 -0.00208012    0.352373
IMAGINARY
           0  0.000756133   0.00602077   0.00680752
-0.000756133            0    0.0026836   0.00083384
 -0.00602077   -0.0026836            0  -0.00336281
 -0.00680752  -0.00083384   0.00336281            0
Repeater3[0]<--->HoM2[0]
REAL
    0.358114  -0.00393957  4.81932e-05    0.0548818
 -0.00393957     0.134892 -0.000140187  0.000446758
 4.81932e-05 -0.000140187     0.142686  -0.00130692
   0.0548818  0.000446758  -0.00130692     0.364309
IMAGINARY
          0 -0.00696178 -0.00829273 -0.00338061
 0.00696178           0  0.00566644 -0.00451239
 0.00829273 -0.00566644           0  0.00856242
 0.00338061  0.00451239 -0.00856242           0
Repeater4[0]<--->HoM2[0]
REAL
    0.358114  4.81932e-05  -0.00393957    0.0548818
 4.81932e-05     0.142686 -0.000140187  -0.00130692
 -0.00393957 -0.000140187     0.134892  0.000446758
   0.0548818  -0.00130692  0.000446758     0.364309
IMAGINARY
          0 -0.00829273 -0.00696178 -0.00338061
 0.00829273           0 -0.00566644  0.00856242
 0.00696178  0.00566644           0 -0.00451239
 0.00338061 -0.00856242  0.00451239           0
Repeater4[0]<--->Repeater5[0]
REAL
     0.31562  -0.00944608  0.000502373    0.0183899
 -0.00944608     0.191828  0.000310317 -0.000195812
 0.000502373  0.000310317     0.187601  -0.00434914
   0.0183899 -0.000195812  -0.00434914     0.304952
IMAGINARY
           0   0.00509349  -0.00359778 -0.000875959
 -0.00509349            0  -0.00949665    0.0148473
  0.00359778   0.00949665            0 -7.13908e-05
 0.000875959   -0.0148473  7.13908e-05            0
Repeater5[0]<--->Repeater4[0]
REAL
     0.31562  0.000502373  -0.00944608    0.0183899
 0.000502373     0.187601  0.000310317  -0.00434914
 -0.00944608  0.000310317     0.191828 -0.000195812
   0.0183899  -0.00434914 -0.000195812     0.304952
IMAGINARY
           0  -0.00359778   0.00509349 -0.000875959
  0.00359778            0   0.00949665 -7.13908e-05
 -0.00509349  -0.00949665            0    0.0148473
 0.000875959  7.13908e-05   -0.0148473            0
Repeater5[0]<--->HoM3[0]
REAL
     0.3234  -0.0148854  0.00374752    0.013882
 -0.0148854      0.1938 4.56119e-05  0.00281834
 0.00374752 4.56119e-05      0.1894  0.00772262
   0.013882  0.00281834  0.00772262      0.2934
IMAGINARY
          0 -0.00457864   0.0066478  -0.0070652
 0.00457864           0   0.0020147 -0.00316382
 -0.0066478  -0.0020147           0 -0.00447969
  0.0070652  0.00316382  0.00447969           0
Repeater6[0]<--->HoM3[0]
REAL
     0.3234  0.00374752  -0.0148854    0.013882
 0.00374752      0.1894 4.56119e-05  0.00772262
 -0.0148854 4.56119e-05      0.1938  0.00281834
   0.013882  0.00772262  0.00281834      0.2934
IMAGINARY
          0   0.0066478 -0.00457864  -0.0070652
 -0.0066478           0  -0.0020147 -0.00447969
 0.00457864   0.0020147           0 -0.00316382
  0.0070652  0.00447969  0.00316382           0
Repeater6[0]<--->Repeater7[0]
REAL
   0.274478  0.00725333 0.000341759  0.00498141
 0.00725333    0.220961 -0.00203792  0.00593768
0.000341759 -0.00203792    0.222785 -0.00509477
 0.00498141  0.00593768 -0.00509477    0.281776
IMAGINARY
           0   0.00335966  0.000918368   0.00677301
 -0.00335966            0  -0.00606808   0.00121795
-0.000918368   0.00606808            0  0.000811243
 -0.00677301  -0.00121795 -0.000811243            0
Repeater7[0]<--->Repeater6[0]
REAL
   0.274478 0.000341759  0.00725333  0.00498141
0.000341759    0.222785 -0.00203792 -0.00509477
 0.00725333 -0.00203792    0.220961  0.00593768
 0.00498141 -0.00509477  0.00593768    0.281776
IMAGINARY
           0  0.000918368   0.00335966   0.00677301
-0.000918368            0   0.00606808  0.000811243
 -0.00335966  -0.00606808            0   0.00121795
 -0.00677301 -0.000811243  -0.00121795            0
Repeater7[0]<--->HoM4[0]
REAL
    0.27234  0.00468023 -0.00597383  0.00360907
 0.00468023    0.231814 -0.00350837 -0.00097481
-0.00597383 -0.00350837    0.223708  0.00448392
 0.00360907 -0.00097481  0.00448392    0.272138
IMAGINARY
          0   0.0013824  0.00345595 -0.00237333
 -0.0013824           0 -0.00950746 -0.00385136
-0.00345595  0.00950746           0   0.0015832
 0.00237333  0.00385136  -0.0015832           0
Repeater8[0]<--->HoM4[0]
REAL
    0.27234 -0.00597383  0.00468023  0.00360907
-0.00597383    0.223708 -0.00350837  0.00448392
 0.00468023 -0.00350837    0.231814 -0.00097481
 0.00360907  0.00448392 -0.00097481    0.272138
IMAGINARY
          0  0.00345595   0.0013824 -0.00237333
-0.00345595           0  0.00950746   0.0015832
 -0.0013824 -0.00950746           0 -0.00385136
 0.00237333  -0.0015832  0.00385136           0
Repeater8[0]<--->Repeater9[0]
REAL
     0.27437   0.00373709 -0.000588384  -0.00294254
  0.00373709     0.230494  -0.00325036  -0.00357405
-0.000588384  -0.00325036     0.227913  -0.00322947
 -0.00294254  -0.00357405  -0.00322947     0.267223
IMAGINARY
           0   0.00196398   0.00231971  0.000314405
 -0.00196398            0  -0.00611905   4.0229e-05
 -0.00231971   0.00611905            0  0.000395965
-0.000314405  -4.0229e-05 -0.000395965            0
Repeater9[0]<--->Repeater8[0]
REAL
     0.27437 -0.000588384   0.00373709  -0.00294254
-0.000588384     0.227913  -0.00325036  -0.00322947
  0.00373709  -0.00325036     0.230494  -0.00357405
 -0.00294254  -0.00322947  -0.00357405     0.267223
IMAGINARY
           0   0.00231971   0.00196398  0.000314405
 -0.00231971            0   0.00611905  0.000395965
 -0.00196398  -0.00611905            0   4.0229e-05
-0.000314405 -0.000395965  -4.0229e-05            0
Repeater9[0]<--->HoM5[0]
REAL
    0.269277   0.00518202   0.00815041  -0.00232244
  0.00518202     0.237515 -5.28547e-05   0.00629932
  0.00815041 -5.28547e-05     0.232121  -0.00379643
 -0.00232244   0.00629932  -0.00379643     0.261087
IMAGINARY
           0   0.00314306   0.00107627  -0.00204424
 -0.00314306            0  -0.00540658   0.00632456
 -0.00107627   0.00540658            0 -8.40492e-05
  0.00204424  -0.00632456  8.40492e-05            0
Repeater10[0]<--->HoM5[0]
REAL
    0.269277   0.00815041   0.00518202  -0.00232244
  0.00815041     0.232121 -5.28547e-05  -0.00379643
  0.00518202 -5.28547e-05     0.237515   0.00629932
 -0.00232244  -0.00379643   0.00629932     0.261087
IMAGINARY
           0   0.00107627   0.00314306  -0.00204424
 -0.00107627            0   0.00540658 -8.40492e-05
 -0.00314306  -0.00540658            0   0.00632456
  0.00204424  8.40492e-05  -0.00632456            0
Repeater10[0]<--->Repeater11[0]
REAL
   0.480455 -0.00658046 5.17322e-05     0.32966
-0.00658046   0.0165536  -0.0037396 0.000352635
5.17322e-05  -0.0037396   0.0181492 -0.00292217
    0.32966 0.000352635 -0.00292217    0.484842
IMAGINARY
          0 -0.00104531  0.00489884  0.00116348
 0.00104531           0  -0.0012637  0.00299694
-0.00489884   0.0012637           0 -0.00764004
-0.00116348 -0.00299694  0.00764004           0
Repeater11[0]<--->Repeater10[0]
REAL
   0.480455 5.17322e-05 -0.00658046     0.32966
5.17322e-05   0.0181492  -0.0037396 -0.00292217
-0.00658046  -0.0037396   0.0165536 0.000352635
    0.32966 -0.00292217 0.000352635    0.484842
IMAGINARY
          0  0.00489884 -0.00104531  0.00116348
-0.00489884           0   0.0012637 -0.00764004
 0.00104531  -0.0012637           0  0.00299694
-0.00116348  0.00764004 -0.00299694           0
Repeater11[0]<--->HoM6[0]
REAL
    0.48929 -0.00888204   -0.012702    0.319626
-0.00888204   0.0144784 -0.00407835  0.00359685
  -0.012702 -0.00407835   0.0166601 -0.00218121
   0.319626  0.00359685 -0.00218121    0.479572
IMAGINARY
           0   0.00259515   0.00663941  -0.00195034
 -0.00259515            0  -0.00366994 -0.000307791
 -0.00663941   0.00366994            0  -0.00595882
  0.00195034  0.000307791   0.00595882            0
EndNode1[0]<--->Repeater1[0]
REAL
    0.459075  -0.00770712  -0.00489966     0.180777
 -0.00770712    0.0567418   0.00517033 -0.000802983
 -0.00489966   0.00517033    0.0523922  -0.00899349
    0.180777 -0.000802983  -0.00899349     0.431791
IMAGINARY
          0  0.00828012 -0.00401138 -0.00274299
-0.00828012           0  0.00354879   -0.011666
 0.00401138 -0.00354879           0  0.00443927
 0.00274299    0.011666 -0.00443927           0
EndNode2[0]<--->HoM6[0]
REAL
    0.481167  -0.00335228  -0.00302153     0.317039
 -0.00335228    0.0153816 -0.000740166   0.00440274
 -0.00302153 -0.000740166    0.0191284  -0.00690818
    0.317039   0.00440274  -0.00690818     0.484323
IMAGINARY
           0  0.000987215   0.00700112 -0.000681384
-0.000987215            0   0.00247995  0.000356265
 -0.00700112  -0.00247995            0  -0.00632888
 0.000681384 -0.000356265   0.00632888            0
Repeater1[0]<--->EndNode1[0]
REAL
    0.459075  -0.00489966  -0.00770712     0.180777
 -0.00489966    0.0523922   0.00517033  -0.00899349
 -0.00770712   0.00517033    0.0567418 -0.000802983
    0.180777  -0.00899349 -0.000802983     0.431791
IMAGINARY
          0 -0.00401138  0.00828012 -0.00274299
 0.00401138           0 -0.00354879  0.00443927
-0.00828012  0.00354879           0   -0.011666
 0.00274299 -0.00443927    0.011666           0
Repeater1[0]<--->HoM1[0]
REAL
   0.449757 -0.00650159 -0.00426969    0.185187
-0.00650159   0.0586978  0.00196828 -0.00665537
-0.00426969  0.00196828   0.0571429 -0.00197298
   0.185187 -0.00665537 -0.00197298    0.434402
IMAGINARY
           0  -0.00594723   0.00866199  -0.00400388
  0.00594723            0  -0.00349462 -0.000516752
 -0.00866199   0.00349462            0    0.0091857
  0.00400388  0.000516752   -0.0091857            0
Repeater2[0]<--->HoM1[0]
REAL
   0.449757 -0.00426969 -0.00650159    0.185187
-0.00426969   0.0571429  0.00196828 -0.00197298
-0.00650159  0.00196828   0.0586978 -0.00665537
   0.185187 -0.00197298 -0.00665537    0.434402
IMAGINARY
           0   0.00866199  -0.00594723  -0.00400388
 -0.00866199            0   0.00349462    0.0091857
  0.00594723  -0.00349462            0 -0.000516752
  0.00400388   -0.0091857  0.000516752            0
Repeater2[0]<--->Repeater3[0]
REAL
    0.358203 -0.000480615   -0.0115812    0.0559264
-0.000480615     0.147413   0.00797295   0.00751943
  -0.0115812   0.00797295     0.131368   0.00414616
   0.0559264   0.00751943   0.00414616     0.363016
IMAGINARY
           0  -0.00948137  0.000235421  0.000501607
  0.00948137            0   0.00589729   0.00437935
-0.000235421  -0.00589729            0  -0.00335972
-0.000501607  -0.00437935   0.00335972            0
Repeater3[0]<--->Repeater2[0]
REAL
    0.358203   -0.0115812 -0.000480615    0.0559264
  -0.0115812     0.131368   0.00797295   0.00414616
-0.000480615   0.00797295     0.147413   0.00751943
   0.0559264   0.00414616   0.00751943     0.363016
IMAGINARY
           0  0.000235421  -0.00948137  0.000501607
-0.000235421            0  -0.00589729  -0.00335972
  0.00948137   0.00589729            0   0.00437935
-0.000501607   0.00335972  -0.00437935            0
Repeater3[0]<--->HoM2[0]
REAL
    0.364439   0.00389847    0.0051226    0.0450589
  0.00389847     0.140478  -0.00130397   0.00084399
   0.0051226  -0.00130397     0.135461 -0.000716294
   0.0450589   0.00084399 -0.000716294     0.359623
IMAGINARY
           0  0.000146903   0.00831223  0.000306266
-0.000146903            0 -0.000807771  -0.00111799
 -0.00831223  0.000807771            0   -0.0021453
-0.000306266   0.00111799    0.0021453            0
Repeater4[0]<--->HoM2[0]
REAL
    0.364439    0.0051226   0.00389847    0.0450589
   0.0051226     0.135461  -0.00130397 -0.000716294
  0.00389847  -0.00130397     0.140478   0.00084399
   0.0450589 -0.000716294   0.00084399     0.359623
IMAGINARY
           0   0.00831223  0.000146903  0.000306266
 -0.00831223            0  0.000807771   -0.0021453
-0.000146903 -0.000807771            0  -0.00111799
-0.000306266    0.0021453   0.00111799            0
Repeater4[0]<--->Repeater5[0]
REAL
   0.299838 0.000679629  -0.0107736   0.0149144
0.000679629    0.196927 -0.00742233  0.00466159
 -0.0107736 -0.00742233    0.198342  -0.0028484
  0.0149144  0.00466159  -0.0028484    0.304893
IMAGINARY
           0   -0.0006226   -0.0033733  0.000602733
   0.0006226            0  0.000807988  0.000644376
   0.0033733 -0.000807988            0  -0.00493633
-0.000602733 -0.000644376   0.00493633            0
Repeater5[0]<--->Repeater4[0]
REAL
   0.299838  -0.0107736 0.000679629   0.0149144
 -0.0107736    0.198342 -0.00742233  -0.0028484
0.000679629 -0.00742233    0.196927  0.00466159
  0.0149144  -0.0028484  0.00466159    0.304893
IMAGINARY
           0   -0.0033733   -0.0006226  0.000602733
   0.0033733            0 -0.000807988  -0.00493633
   0.0006226  0.000807988            0  0.000644376
-0.000602733   0.00493633 -0.000644376            0
Repeater5[0]<--->HoM3[0]
REAL
   0.306685 -0.00388572 -0.00262446   0.0118863
-0.00388572    0.196588   0.0052931 0.000826617
-0.00262446   0.0052931    0.196191  0.00828045
  0.0118863 0.000826617  0.00828045    0.300536
IMAGINARY
           0  -0.00459885   -0.0084956  -0.00817892
  0.00459885            0   0.00239212  -0.00183701
   0.0084956  -0.00239212            0  0.000957831
  0.00817892   0.00183701 -0.000957831            0
Repeater6[0]<--->HoM3[0]
REAL
   0.306685 -0.00262446 -0.00388572   0.0118863
-0.00262446    0.196191   0.0052931  0.00828045
-0.00388572   0.0052931    0.196588 0.000826617
  0.0118863  0.00828045 0.000826617    0.300536
IMAGINARY
           0   -0.0084956  -0.00459885  -0.00817892
   0.0084956            0  -0.00239212  0.000957831
  0.00459885   0.00239212            0  -0.00183701
  0.00817892 -0.000957831   0.00183701            0
Repeater6[0]<--->Repeater7[0]
REAL
    0.266369 -0.000586276   0.00833299  -0.00495994
-0.000586276     0.229065  -0.00426286  -0.00284076
  0.00833299  -0.00426286     0.227317  -0.00158989
 -0.00495994  -0.00284076  -0.00158989     0.277249
IMAGINARY
           0   0.00524616 -0.000928371  -0.00842135
 -0.00524616            0   -0.0065308  -0.00275615
 0.000928371    0.0065308            0  0.000828329
  0.00842135   0.00275615 -0.000828329            0
Repeater7[0]<--->Repeater6[0]
REAL
    0.266369   0.00833299 -0.000586276  -0.00495994
  0.00833299     0.227317  -0.00426286  -0.00158989
-0.000586276  -0.00426286     0.229065  -0.00284076
 -0.00495994  -0.00158989  -0.00284076     0.277249
IMAGINARY
           0 -0.000928371   0.00524616  -0.00842135
 0.000928371            0    0.0065308  0.000828329
 -0.00524616   -0.0065308            0  -0.00275615
  0.00842135 -0.000828329   0.00275615            0
Repeater7[0]<--->HoM4[0]
REAL
    0.282154     0.011137  -0.00162602  -0.00156524
    0.011137      0.21885   0.00445184 -2.34602e-05
 -0.00162602   0.00445184     0.223875  -0.00556996
 -0.00156524 -2.34602e-05  -0.00556996     0.275121
IMAGINARY
          0 -0.00265563  0.00442279  0.00551798
 0.00265563           0  0.00142371  0.00334118
-0.00442279 -0.00142371           0 -0.00103226
-0.00551798 -0.00334118  0.00103226           0
Repeater8[0]<--->HoM4[0]
REAL
    0.282154  -0.00162602     0.011137  -0.00156524
 -0.00162602     0.223875   0.00445184  -0.00556996
    0.011137   0.00445184      0.21885 -2.34602e-05
 -0.00156524  -0.00556996 -2.34602e-05     0.275121
IMAGINARY
          0  0.00442279 -0.00265563  0.00551798
-0.00442279           0 -0.00142371 -0.00103226
 0.00265563  0.00142371           0  0.00334118
-0.00551798  0.00103226 -0.00334118           0
Repeater8[0]<--->Repeater9[0]
REAL
    0.268963  -0.00429929  0.000660956 -0.000190288
 -0.00429929     0.241489   0.00100066   0.00258054
 0.000660956   0.00100066     0.222974  -0.00542518
-0.000190288   0.00258054  -0.00542518     0.266574
IMAGINARY
           0  -0.00842442   0.00424957  0.000243349
  0.00842442            0   0.00453562   0.00289613
 -0.00424957  -0.00453562            0   0.00385911
-0.000243349  -0.00289613  -0.00385911            0
Repeater9[0]<--->Repeater8[0]
REAL
    0.268963  0.000660956  -0.00429929 -0.000190288
 0.000660956     0.222974   0.00100066  -0.00542518
 -0.00429929   0.00100066     0.241489   0.00258054
-0.000190288  -0.00542518   0.00258054     0.266574
IMAGINARY
           0   0.00424957  -0.00842442  0.000243349
 -0.00424957            0  -0.00453562   0.00385911
  0.00842442   0.00453562            0   0.00289613
-0.000243349  -0.00385911  -0.00289613            0
Repeater9[0]<--->HoM5[0]
REAL
    0.268789   0.00551638 -0.000399784  -0.00161535
  0.00551638      0.23514   0.00459154   0.00258232
-0.000399784   0.00459154     0.233528  -0.00392908
 -0.00161535   0.00258232  -0.00392908     0.262543
IMAGINARY
          0 -0.00682185  0.00146264 -0.00162118
 0.00682185           0  0.00232983  0.00454721
-0.00146264 -0.00232983           0  0.00258539
 0.00162118 -0.00454721 -0.00258539           0
Repeater10[0]<--->HoM5[0]
REAL
    0.268789 -0.000399784   0.00551638  -0.00161535
-0.000399784     0.233528   0.00459154  -0.00392908
  0.00551638   0.00459154      0.23514   0.00258232
 -0.00161535  -0.00392908   0.00258232     0.262543
IMAGINARY
          0  0.00146264 -0.00682185 -0.00162118
-0.00146264           0 -0.00232983  0.00258539
 0.00682185  0.00232983           0  0.00454721
 0.00162118 -0.00258539 -0.00454721           0
Repeater10[0]<--->Repeater11[0]
REAL
   0.483501 -0.00924623  0.00103756    0.317492
-0.00924623   0.0152918   0.0012468  -0.0017294
 0.00103756   0.0012468   0.0144869  0.00479871
   0.317492  -0.0017294  0.00479871     0.48672
IMAGINARY
          0  -0.0100924   0.0123628 -0.00586401
  0.0100924           0 -0.00735714  0.00684882
 -0.0123628  0.00735714           0  -0.0136982
 0.00586401 -0.00684882   0.0136982           0
Repeater11[0]<--->Repeater10[0]
REAL
   0.483501  0.00103756 -0.00924623    0.317492
 0.00103756   0.0144869   0.0012468  0.00479871
-0.00924623   0.0012468   0.0152918  -0.0017294
   0.317492  0.00479871  -0.0017294     0.48672
IMAGINARY
          0   0.0123628  -0.0100924 -0.00586401
 -0.0123628           0  0.00735714  -0.0136982
  0.0100924 -0.00735714           0  0.00684882
 0.00586401   0.0136982 -0.00684882           0
Repeater11[0]<--->HoM6[0]
REAL
    0.481167  -0.00302153  -0.00335228     0.317039
 -0.00302153    0.0191284 -0.000740166  -0.00690818
 -0.00335228 -0.000740166    0.0153816   0.00440274
    0.317039  -0.00690818   0.00440274     0.484323
IMAGINARY
           0   0.00700112  0.000987215 -0.000681384
 -0.00700112            0  -0.00247995  -0.00632888
-0.000987215   0.00247995            0  0.000356265
 0.000681384   0.00632888 -0.000356265            0
EndNode1[0]<--->Repeater1[0]
REAL
   0.454253 -0.00191347  -0.0114487    0.179089
-0.00191347   0.0504726 -0.00823534 8.50778e-05
 -0.0114487 -0.00823534   0.0536899  0.00550199
   0.179089 8.50778e-05  0.00550199    0.441585
IMAGINARY
           0   0.00095019   0.00420946   0.00306667
 -0.00095019            0  -0.00405755  0.000619513
 -0.00420946   0.00405755            0  -0.00095019
 -0.00306667 -0.000619513   0.00095019            0
EndNode2[0]<--->HoM6[0]
REAL
   0.491231 -0.00309455   -0.001456    0.321965
-0.00309455   0.0169525 -0.00157596   0.0031618
  -0.001456 -0.00157596   0.0136399  0.00740922
   0.321965   0.0031618  0.00740922    0.478176
IMAGINARY
           0  -0.00804349   0.00171271   0.00225456
  0.00804349            0  -0.00154849  0.000902989
 -0.00171271   0.00154849            0  -0.00724826
 -0.00225456 -0.000902989   0.00724826            0
Repeater1[0]<--->EndNode1[0]
REAL
   0.454253  -0.0114487 -0.00191347    0.179089
 -0.0114487   0.0536899 -0.00823534  0.00550199
-0.00191347 -0.00823534   0.0504726 8.50778e-05
   0.179089  0.00550199 8.50778e-05    0.441585
IMAGINARY
           0   0.00420946   0.00095019   0.00306667
 -0.00420946            0   0.00405755  -0.00095019
 -0.00095019  -0.00405755            0  0.000619513
 -0.00306667   0.00095019 -0.000619513            0
Repeater1[0]<--->HoM1[0]
REAL
   0.444103  0.00382352  0.00288328    0.188167
 0.00382352   0.0553846 -0.00259464   -0.010744
 0.00288328 -0.00259464   0.0584615 -0.00372402
   0.188167   -0.010744 -0.00372402    0.442051
IMAGINARY
          0 -0.00458754 -0.00352112  0.00157425
 0.00458754           0 -0.00810954 -0.00165655
 0.00352112  0.00810954           0  0.00550124
-0.00157425  0.00165655 -0.00550124           0
Repeater2[0]<--->HoM1[0]
REAL
   0.444103  0.00288328  0.00382352    0.188167
 0.00288328   0.0584615 -0.00259464 -0.00372402
 0.00382352 -0.00259464   0.0553846   -0.010744
   0.188167 -0.00372402   -0.010744    0.442051
IMAGINARY
          0 -0.00352112 -0.00458754  0.00157425
 0.00352112           0  0.00810954  0.00550124
 0.00458754 -0.00810954           0 -0.00165655
-0.00157425 -0.00550124  0.00165655           0
Repeater2[0]<--->Repeater3[0]
REAL
    0.351193  0.000802429 -7.39219e-05    0.0464869
 0.000802429     0.142944  -0.00520959  -0.00167841
-7.39219e-05  -0.00520959     0.125556 -0.000607725
   0.0464869  -0.00167841 -0.000607725     0.380307
IMAGINARY
          0 -0.00344588   0.0024182 -0.00263353
 0.00344588           0  0.00819245  -0.0035224
 -0.0024182 -0.00819245           0  0.00475084
 0.00263353   0.0035224 -0.00475084           0
Repeater3[0]<--->Repeater2[0]
REAL
    0.351193 -7.39219e-05  0.000802429    0.0464869
-7.39219e-05     0.125556  -0.00520959 -0.000607725
 0.000802429  -0.00520959     0.142944  -0.00167841
   0.0464869 -0.000607725  -0.00167841     0.380307
IMAGINARY
          0   0.0024182 -0.00344588 -0.00263353
 -0.0024182           0 -0.00819245  0.00475084
 0.00344588  0.00819245           0  -0.0035224
 0.00263353 -0.00475084   0.0035224           0
Repeater3[0]<--->HoM2[0]
REAL
   0.369895  0.00225016  -0.0016157   0.0481843
 0.00225016     0.14204  -0.0017759  0.00444056
 -0.0016157  -0.0017759    0.138883 -0.00305727
  0.0481843  0.00444056 -0.00305727    0.349181
IMAGINARY
          0  0.00519027 -0.00422483 -0.00232355
-0.00519027           0   -0.015929   0.0072105
 0.00422483    0.015929           0 -0.00240365
 0.00232355  -0.0072105  0.00240365           0
Repeater4[0]<--->HoM2[0]
REAL
   0.369895  -0.0016157  0.00225016   0.0481843
 -0.0016157    0.138883  -0.0017759 -0.00305727
 0.00225016  -0.0017759     0.14204  0.00444056
  0.0481843 -0.00305727  0.00444056    0.349181
IMAGINARY
          0 -0.00422483  0.00519027 -0.00232355
 0.00422483           0    0.015929 -0.00240365
-0.00519027   -0.015929           0   0.0072105
 0.00232355  0.00240365  -0.0072105           0
Repeater4[0]<--->Repeater5[0]
REAL
   0.305982  0.00358503  0.00950867   0.0216528
 0.00358503    0.197363  0.00319251 -0.00082777
 0.00950867  0.00319251    0.193034  0.00409806
  0.0216528 -0.00082777  0.00409806    0.303621
IMAGINARY
          0 -0.00132283 -0.00410333 -0.00137727
 0.00132283           0 -0.00547481  0.00528165
 0.00410333  0.00547481           0 -0.00181935
 0.00137727 -0.00528165  0.00181935           0
Repeater5[0]<--->Repeater4[0]
REAL
   0.305982  0.00950867  0.00358503   0.0216528
 0.00950867    0.193034  0.00319251  0.00409806
 0.00358503  0.00319251    0.197363 -0.00082777
  0.0216528  0.00409806 -0.00082777    0.303621
IMAGINARY
          0 -0.00410333 -0.00132283 -0.00137727
 0.00410333           0  0.00547481 -0.00181935
 0.00132283 -0.00547481           0  0.00528165
 0.00137727  0.00181935 -0.00528165           0
Repeater5[0]<--->HoM3[0]
REAL
   0.297297 -0.00157818   0.0010161  0.00846099
-0.00157818    0.187777  0.00247775   0.0119115
  0.0010161  0.00247775    0.197055 -0.00518395
 0.00846099   0.0119115 -0.00518395     0.31787
IMAGINARY
          0   0.0105457  0.00820471  0.00114511
 -0.0105457           0   0.0033504 -0.00361755
-0.00820471  -0.0033504           0 -0.00536023
-0.00114511  0.00361755  0.00536023           0
Repeater6[0]<--->HoM3[0]
REAL
   0.297297   0.0010161 -0.00157818  0.00846099
  0.0010161    0.197055  0.00247775 -0.00518395
-0.00157818  0.00247775    0.187777   0.0119115
 0.00846099 -0.00518395   0.0119115     0.31787
IMAGINARY
          0  0.00820471   0.0105457  0.00114511
-0.00820471           0  -0.0033504 -0.00536023
 -0.0105457   0.0033504           0 -0.00361755
-0.00114511  0.00536023  0.00361755           0
Repeater6[0]<--->Repeater7[0]
REAL
   0.290672  0.00482384 -0.00540228 0.000654261
 0.00482384    0.210215 -0.00312511  0.00826846
-0.00540228 -0.00312511    0.220469  0.00120502
0.000654261  0.00826846  0.00120502    0.278643
IMAGINARY
          0 -0.00224796  0.00124969  0.00772937
 0.00224796           0  0.00132823  0.00232538
-0.00124969 -0.00132823           0 -0.00602579
-0.00772937 -0.00232538  0.00602579           0
Repeater7[0]<--->Repeater6[0]
REAL
   0.290672 -0.00540228  0.00482384 0.000654261
-0.00540228    0.220469 -0.00312511  0.00120502
 0.00482384 -0.00312511    0.210215  0.00826846
0.000654261  0.00120502  0.00826846    0.278643
IMAGINARY
          0  0.00124969 -0.00224796  0.00772937
-0.00124969           0 -0.00132823 -0.00602579
 0.00224796  0.00132823           0  0.00232538
-0.00772937  0.00602579 -0.00232538           0
Repeater7[0]<--->HoM4[0]
REAL
    0.27715   0.0103066  -0.0024033  0.00628861
  0.0103066     0.22608 -0.00198085  -0.0027059
 -0.0024033 -0.00198085    0.227291   0.0042196
 0.00628861  -0.0027059   0.0042196    0.269479
IMAGINARY
           0   0.00362381   0.00355443  -0.00135655
 -0.00362381            0 -0.000171252   0.00794214
 -0.00355443  0.000171252            0  0.000611765
  0.00135655  -0.00794214 -0.000611765            0
Repeater8[0]<--->HoM4[0]
REAL
    0.27715  -0.0024033   0.0103066  0.00628861
 -0.0024033    0.227291 -0.00198085   0.0042196
  0.0103066 -0.00198085     0.22608  -0.0027059
 0.00628861   0.0042196  -0.0027059    0.269479
IMAGINARY
           0   0.00355443   0.00362381  -0.00135655
 -0.00355443            0  0.000171252  0.000611765
 -0.00362381 -0.000171252            0   0.00794214
  0.00135655 -0.000611765  -0.00794214            0
Repeater8[0]<--->Repeater9[0]
REAL
    0.27428 0.000630113 -0.00407133 -0.00136642
0.000630113    0.230189  -0.0123654  0.00205194
-0.00407133  -0.0123654    0.234558  0.00462029
-0.00136642  0.00205194  0.00462029    0.260973
IMAGINARY
          0  0.00964893 -0.00465207   0.0032569
-0.00964893           0 -0.00218541  0.00172574
 0.00465207  0.00218541           0 -0.00288809
 -0.0032569 -0.00172574  0.00288809           0
Repeater9[0]<--->Repeater8[0]
REAL
    0.27428 -0.00407133 0.000630113 -0.00136642
-0.00407133    0.234558  -0.0123654  0.00462029
0.000630113  -0.0123654    0.230189  0.00205194
-0.00136642  0.00462029  0.00205194    0.260973
IMAGINARY
