EndNode1[0]<--->Repeater1[0]
REAL
      0.4934   -0.0019751 -0.000350299     0.495214
  -0.0019751       0.0046   0.00031856  -0.00299996
-0.000350299   0.00031856       0.0026 -0.000969063
    0.495214  -0.00299996 -0.000969063       0.4994
IMAGINARY
          0  0.00378001 -0.00261647 -0.00262782
-0.00378001           0  0.00123893 -0.00412098
 0.00261647 -0.00123893           0  0.00397826
 0.00262782  0.00412098 -0.00397826           0
EndNode2[0]<--->HoM6[0]
REAL
    0.517515  -0.00264606 -0.000102669     0.497795
 -0.00264606   0.00101833  0.000767935 -0.000102669
-0.000102669  0.000767935   0.00183299   0.00223539
    0.497795 -0.000102669   0.00223539     0.479633
IMAGINARY
           0  0.000194736 -0.000891199  -0.00302941
-0.000194736            0   0.00322564 -0.000793638
 0.000891199  -0.00322564            0   0.00129188
  0.00302941  0.000793638  -0.00129188            0
Repeater1[0]<--->EndNode1[0]
REAL
      0.4934 -0.000350299   -0.0019751     0.495214
-0.000350299       0.0026   0.00031856 -0.000969063
  -0.0019751   0.00031856       0.0046  -0.00299996
    0.495214 -0.000969063  -0.00299996       0.4994
IMAGINARY
          0 -0.00261647  0.00378001 -0.00262782
 0.00261647           0 -0.00123893  0.00397826
-0.00378001  0.00123893           0 -0.00412098
 0.00262782 -0.00397826  0.00412098           0
Repeater1[0]<--->HoM1[0]
REAL
     0.48874   -0.0026997   0.00449201     0.496076
  -0.0026997   0.00276571 -7.93026e-05   -0.0108971
  0.00449201 -7.93026e-05  0.000395101  -0.00290478
    0.496076   -0.0108971  -0.00290478       0.5081
IMAGINARY
           0   0.00446486  -0.00858272   0.00616603
 -0.00446486            0   0.00616603 -0.000927601
  0.00858272  -0.00616603            0    0.0056525
 -0.00616603  0.000927601   -0.0056525            0
Repeater2[0]<--->HoM1[0]
REAL
     0.48874   0.00449201   -0.0026997     0.496076
  0.00449201  0.000395101 -7.93026e-05  -0.00290478
  -0.0026997 -7.93026e-05   0.00276571   -0.0108971
    0.496076  -0.00290478   -0.0108971       0.5081
IMAGINARY
           0  -0.00858272   0.00446486   0.00616603
  0.00858272            0  -0.00616603    0.0056525
 -0.00446486   0.00616603            0 -0.000927601
 -0.00616603   -0.0056525  0.000927601            0
Repeater2[0]<--->Repeater3[0]
REAL
    0.493721    0.0055268  -0.00187552     0.489741
   0.0055268    0.0071756 -0.000151637   0.00938303
 -0.00187552 -0.000151637    0.0053817    0.0019807
    0.489741   0.00938303    0.0019807     0.493721
IMAGINARY
           0  -0.00565214   0.00440636   0.00859969
  0.00565214            0 -0.000458991  0.000546139
 -0.00440636  0.000458991            0   0.00272107
 -0.00859969 -0.000546139  -0.00272107            0
Repeater3[0]<--->Repeater2[0]
REAL
    0.493721  -0.00187552    0.0055268     0.489741
 -0.00187552    0.0053817 -0.000151637    0.0019807
   0.0055268 -0.000151637    0.0071756   0.00938303
    0.489741    0.0019807   0.00938303     0.493721
IMAGINARY
           0   0.00440636  -0.00565214   0.00859969
 -0.00440636            0  0.000458991   0.00272107
  0.00565214 -0.000458991            0  0.000546139
 -0.00859969  -0.00272107 -0.000546139            0
Repeater3[0]<--->HoM2[0]
REAL
     0.49422   0.00535272   0.00693643      0.48782
  0.00535272   0.00486717  0.000114698  -0.00060732
  0.00693643  0.000114698   0.00831474 -0.000408103
     0.48782  -0.00060732 -0.000408103     0.492598
IMAGINARY
           0 -0.000387248   0.00271125  1.57708e-06
 0.000387248            0  0.000201098   0.00551798
 -0.00271125 -0.000201098            0  -0.00823857
-1.57708e-06  -0.00551798   0.00823857            0
Repeater4[0]<--->HoM2[0]
REAL
     0.49422   0.00693643   0.00535272      0.48782
  0.00693643   0.00831474  0.000114698 -0.000408103
  0.00535272  0.000114698   0.00486717  -0.00060732
     0.48782 -0.000408103  -0.00060732     0.492598
IMAGINARY
           0   0.00271125 -0.000387248  1.57708e-06
 -0.00271125            0 -0.000201098  -0.00823857
 0.000387248  0.000201098            0   0.00551798
-1.57708e-06   0.00823857  -0.00551798            0
Repeater4[0]<--->Repeater5[0]
REAL
    0.49111  0.00979002  0.00385172    0.485212
 0.00979002  0.00837932 -0.00140908  0.00964558
 0.00385172 -0.00140908  0.00797057   0.0031074
   0.485212  0.00964558   0.0031074     0.49254
IMAGINARY
           0 -0.000829405  -0.00144079  -0.00021102
 0.000829405            0 -0.000886565    0.0084296
  0.00144079  0.000886565            0  -0.00476165
  0.00021102   -0.0084296   0.00476165            0
Repeater5[0]<--->Repeater4[0]
REAL
    0.49111  0.00385172  0.00979002    0.485212
 0.00385172  0.00797057 -0.00140908   0.0031074
 0.00979002 -0.00140908  0.00837932  0.00964558
   0.485212   0.0031074  0.00964558     0.49254
IMAGINARY
           0  -0.00144079 -0.000829405  -0.00021102
  0.00144079            0  0.000886565  -0.00476165
 0.000829405 -0.000886565            0    0.0084296
  0.00021102   0.00476165   -0.0084296            0
Repeater5[0]<--->HoM3[0]
REAL
    0.490708  -0.00313282  -0.00424281     0.481322
 -0.00313282   0.00830368  -0.00035045 -0.000217048
 -0.00424281  -0.00035045   0.00810597  -0.00132704
    0.481322 -0.000217048  -0.00132704     0.492883
IMAGINARY
           0  -0.00730956  1.63973e-05   0.00152358
  0.00730956            0 -0.000939471    0.0059556
-1.63973e-05  0.000939471            0   0.00195536
 -0.00152358   -0.0059556  -0.00195536            0
Repeater6[0]<--->HoM3[0]
REAL
    0.490708  -0.00424281  -0.00313282     0.481322
 -0.00424281   0.00810597  -0.00035045  -0.00132704
 -0.00313282  -0.00035045   0.00830368 -0.000217048
    0.481322  -0.00132704 -0.000217048     0.492883
IMAGINARY
           0  1.63973e-05  -0.00730956   0.00152358
-1.63973e-05            0  0.000939471   0.00195536
  0.00730956 -0.000939471            0    0.0059556
 -0.00152358  -0.00195536   -0.0059556            0
Repeater6[0]<--->Repeater7[0]
REAL
    0.489408  0.000109555  -0.00131516     0.479021
 0.000109555     0.011377 -0.000121105  -0.00253023
 -0.00131516 -0.000121105    0.0131424  -0.00494095
    0.479021  -0.00253023  -0.00494095     0.486073
IMAGINARY
           0  0.000850894   0.00185059    0.0089226
-0.000850894            0  -0.00492104  -0.00204924
 -0.00185059   0.00492104            0  0.000341002
  -0.0089226   0.00204924 -0.000341002            0
Repeater7[0]<--->Repeater6[0]
REAL
    0.489408  -0.00131516  0.000109555     0.479021
 -0.00131516    0.0131424 -0.000121105  -0.00494095
 0.000109555 -0.000121105     0.011377  -0.00253023
    0.479021  -0.00494095  -0.00253023     0.486073
IMAGINARY
           0   0.00185059  0.000850894    0.0089226
 -0.00185059            0   0.00492104  0.000341002
-0.000850894  -0.00492104            0  -0.00204924
  -0.0089226 -0.000341002   0.00204924            0
Repeater7[0]<--->HoM4[0]
REAL
   0.480978  -0.0125365  -0.0078874    0.478637
 -0.0125365   0.0137985 -0.00261301 -0.00200271
 -0.0078874 -0.00261301  0.00965898  0.00424476
   0.478637 -0.00200271  0.00424476    0.495565
IMAGINARY
           0    0.0054753  -0.00375441   0.00248155
  -0.0054753            0   0.00819922  -0.00168914
  0.00375441  -0.00819922            0 -0.000233363
 -0.00248155   0.00168914  0.000233363            0
Repeater8[0]<--->HoM4[0]
REAL
   0.480978  -0.0078874  -0.0125365    0.478637
 -0.0078874  0.00965898 -0.00261301  0.00424476
 -0.0125365 -0.00261301   0.0137985 -0.00200271
   0.478637  0.00424476 -0.00200271    0.495565
IMAGINARY
           0  -0.00375441    0.0054753   0.00248155
  0.00375441            0  -0.00819922 -0.000233363
  -0.0054753   0.00819922            0  -0.00168914
 -0.00248155  0.000233363   0.00168914            0
Repeater8[0]<--->Repeater9[0]
REAL
    0.489912   0.00340546   0.00214965      0.47351
  0.00340546    0.0142653  -0.00315974 -0.000864815
  0.00214965  -0.00315974    0.0101895   0.00222807
     0.47351 -0.000864815   0.00222807     0.485633
IMAGINARY
           0   0.00369761   0.00533858 -5.09684e-05
 -0.00369761            0  5.09684e-05  0.000896332
 -0.00533858 -5.09684e-05            0    -0.010737
 5.09684e-05 -0.000896332     0.010737            0
Repeater9[0]<--->Repeater8[0]
REAL
    0.489912   0.00214965   0.00340546      0.47351
  0.00214965    0.0101895  -0.00315974   0.00222807
  0.00340546  -0.00315974    0.0142653 -0.000864815
     0.47351   0.00222807 -0.000864815     0.485633
IMAGINARY
           0   0.00533858   0.00369761 -5.09684e-05
 -0.00533858            0 -5.09684e-05    -0.010737
 -0.00369761  5.09684e-05            0  0.000896332
 5.09684e-05     0.010737 -0.000896332            0
Repeater9[0]<--->HoM5[0]
REAL
   0.495333 -0.00474631 -0.00350964    0.475014
-0.00474631   0.0146104  0.00119085  0.00240986
-0.00350964  0.00119085   0.0119724  0.00184689
   0.475014  0.00240986  0.00184689    0.478084
IMAGINARY
           0   0.00301737  -0.00596613   0.00069656
 -0.00301737            0 -0.000106009    -0.011891
  0.00596613  0.000106009            0    0.0134193
 -0.00069656     0.011891   -0.0134193            0
Repeater10[0]<--->HoM5[0]
REAL
   0.495333 -0.00350964 -0.00474631    0.475014
-0.00350964   0.0119724  0.00119085  0.00184689
-0.00474631  0.00119085   0.0146104  0.00240986
   0.475014  0.00184689  0.00240986    0.478084
IMAGINARY
           0  -0.00596613   0.00301737   0.00069656
  0.00596613            0  0.000106009    0.0134193
 -0.00301737 -0.000106009            0    -0.011891
 -0.00069656   -0.0134193     0.011891            0
Repeater10[0]<--->Repeater11[0]
REAL
    0.48888 0.000450173 -0.00658211    0.497315
0.000450173  0.00158856 0.000511555 -0.00586357
-0.00658211 0.000511555  0.00138999  -0.0134885
   0.497315 -0.00586357  -0.0134885    0.508141
IMAGINARY
           0  -0.00301123 -0.000788098    0.0015777
  0.00301123            0  -0.00306314   0.00238618
 0.000788098   0.00306314            0  0.000214581
  -0.0015777  -0.00238618 -0.000214581            0
Repeater11[0]<--->Repeater10[0]
REAL
    0.48888 -0.00658211 0.000450173    0.497315
-0.00658211  0.00138999 0.000511555  -0.0134885
0.000450173 0.000511555  0.00158856 -0.00586357
   0.497315  -0.0134885 -0.00586357    0.508141
IMAGINARY
           0 -0.000788098  -0.00301123    0.0015777
 0.000788098            0   0.00306314  0.000214581
  0.00301123  -0.00306314            0   0.00238618
  -0.0015777 -0.000214581  -0.00238618            0
Repeater11[0]<--->HoM6[0]
REAL
    0.517515 -0.000102669  -0.00264606     0.497795
-0.000102669   0.00183299  0.000767935   0.00223539
 -0.00264606  0.000767935   0.00101833 -0.000102669
    0.497795   0.00223539 -0.000102669     0.479633
IMAGINARY
           0 -0.000891199  0.000194736  -0.00302941
 0.000891199            0  -0.00322564   0.00129188
-0.000194736   0.00322564            0 -0.000793638
  0.00302941  -0.00129188  0.000793638            0
EndNode1[0]<--->Repeater1[0]
REAL
     0.49362  -0.00577382  -0.00771901     0.494089
 -0.00577382   0.00239234 -9.95981e-05  0.000806567
 -0.00771901 -9.95981e-05   0.00219298  6.35403e-05
    0.494089  0.000806567  6.35403e-05     0.501794
IMAGINARY
           0  -0.00468476   0.00136981    0.0137397
  0.00468476            0  -0.00466282 -0.000969011
 -0.00136981   0.00466282            0   0.00408355
  -0.0137397  0.000969011  -0.00408355            0
EndNode2[0]<--->HoM6[0]
REAL
    0.514957 -0.000331339  -0.00546369     0.498317
-0.000331339   0.00200763 -0.000118762   0.00246008
 -0.00546369 -0.000118762   0.00100381  -0.00287251
    0.498317   0.00246008  -0.00287251     0.482032
IMAGINARY
           0  0.000501065   0.00519877  -0.00249799
-0.000501065            0  -0.00692451  -0.00177612
 -0.00519877   0.00692451            0  -0.00392371
  0.00249799   0.00177612   0.00392371            0
Repeater1[0]<--->EndNode1[0]
REAL
     0.49362  -0.00771901  -0.00577382     0.494089
 -0.00771901   0.00219298 -9.95981e-05  6.35403e-05
 -0.00577382 -9.95981e-05   0.00239234  0.000806567
    0.494089  6.35403e-05  0.000806567     0.501794
IMAGINARY
           0   0.00136981  -0.00468476    0.0137397
 -0.00136981            0   0.00466282   0.00408355
  0.00468476  -0.00466282            0 -0.000969011
  -0.0137397  -0.00408355  0.000969011            0
Repeater1[0]<--->HoM1[0]
REAL
   0.491705 -0.00897215 -0.00659151    0.493853
-0.00897215  0.00279832 0.000306014  0.00266402
-0.00659151 0.000306014  0.00139916  0.00564889
   0.493853  0.00266402  0.00564889    0.504098
IMAGINARY
          0  0.00736567  -0.0143569 -0.00242217
-0.00736567           0 -0.00558423 -0.00308617
  0.0143569  0.00558423           0  0.00846413
 0.00242217  0.00308617 -0.00846413           0
Repeater2[0]<--->HoM1[0]
REAL
   0.491705 -0.00659151 -0.00897215    0.493853
-0.00659151  0.00139916 0.000306014  0.00564889
-0.00897215 0.000306014  0.00279832  0.00266402
   0.493853  0.00564889  0.00266402    0.504098
IMAGINARY
          0  -0.0143569  0.00736567 -0.00242217
  0.0143569           0  0.00558423  0.00846413
-0.00736567 -0.00558423           0 -0.00308617
 0.00242217 -0.00846413  0.00308617           0
Repeater2[0]<--->Repeater3[0]
REAL
    0.494339 -0.000188419   0.00463533     0.488912
-0.000188419   0.00545896  0.000214488  -0.00121205
  0.00463533  0.000214488   0.00606551     0.001598
    0.488912  -0.00121205     0.001598     0.494137
IMAGINARY
          0 -0.00103877  0.00483343  0.00447069
 0.00103877           0  0.00117399 -0.00832706
-0.00483343 -0.00117399           0  0.00432689
-0.00447069  0.00832706 -0.00432689           0
Repeater3[0]<--->Repeater2[0]
REAL
    0.494339   0.00463533 -0.000188419     0.488912
  0.00463533   0.00606551  0.000214488     0.001598
-0.000188419  0.000214488   0.00545896  -0.00121205
    0.488912     0.001598  -0.00121205     0.494137
IMAGINARY
          0  0.00483343 -0.00103877  0.00447069
-0.00483343           0 -0.00117399  0.00432689
 0.00103877  0.00117399           0 -0.00832706
-0.00447069 -0.00432689  0.00832706           0
Repeater3[0]<--->HoM2[0]
REAL
   0.489319  0.00178961 -0.00110599    0.487236
 0.00178961  0.00578958 -0.00191833 -0.00130752
-0.00110599 -0.00191833   0.0053903 -0.00199073
   0.487236 -0.00130752 -0.00199073    0.499501
IMAGINARY
           0    0.0029628  -0.00499681   0.00908647
  -0.0029628            0   0.00741225 -0.000124702
  0.00499681  -0.00741225            0   0.00336377
 -0.00908647  0.000124702  -0.00336377            0
Repeater4[0]<--->HoM2[0]
REAL
   0.489319 -0.00110599  0.00178961    0.487236
-0.00110599   0.0053903 -0.00191833 -0.00199073
 0.00178961 -0.00191833  0.00578958 -0.00130752
   0.487236 -0.00199073 -0.00130752    0.499501
IMAGINARY
           0  -0.00499681    0.0029628   0.00908647
  0.00499681            0  -0.00741225   0.00336377
  -0.0029628   0.00741225            0 -0.000124702
 -0.00908647  -0.00336377  0.000124702            0
Repeater4[0]<--->Repeater5[0]
REAL
    0.497172  -0.00354285 -0.000855599      0.48634
 -0.00354285   0.00707071  -0.00150073   -0.0026819
-0.000855599  -0.00150073     0.010303  -0.00221821
     0.48634   -0.0026819  -0.00221821     0.485455
IMAGINARY
           0   0.00381577 -0.000369739   0.00305539
 -0.00381577            0  0.000718943  -0.00208172
 0.000369739 -0.000718943            0  -0.00254101
 -0.00305539   0.00208172   0.00254101            0
Repeater5[0]<--->Repeater4[0]
REAL
    0.497172 -0.000855599  -0.00354285      0.48634
-0.000855599     0.010303  -0.00150073  -0.00221821
 -0.00354285  -0.00150073   0.00707071   -0.0026819
     0.48634  -0.00221821   -0.0026819     0.485455
IMAGINARY
           0 -0.000369739   0.00381577   0.00305539
 0.000369739            0 -0.000718943  -0.00254101
 -0.00381577  0.000718943            0  -0.00208172
 -0.00305539   0.00254101   0.00208172            0
Repeater5[0]<--->HoM3[0]
REAL
   0.501128  0.00743872  0.00933143    0.482206
 0.00743872  0.00738462 0.000639395   0.0105475
 0.00933143 0.000639395   0.0065641   0.0130456
   0.482206   0.0105475   0.0130456    0.484923
IMAGINARY
           0    0.0037489 -0.000604741 -0.000408232
  -0.0037489            0   0.00230861  -0.00109832
 0.000604741  -0.00230861            0  -0.00044295
 0.000408232   0.00109832   0.00044295            0
Repeater6[0]<--->HoM3[0]
REAL
   0.501128  0.00933143  0.00743872    0.482206
 0.00933143   0.0065641 0.000639395   0.0130456
 0.00743872 0.000639395  0.00738462   0.0105475
   0.482206   0.0130456   0.0105475    0.484923
IMAGINARY
           0 -0.000604741    0.0037489 -0.000408232
 0.000604741            0  -0.00230861  -0.00044295
  -0.0037489   0.00230861            0  -0.00109832
 0.000408232   0.00044295   0.00109832            0
Repeater6[0]<--->Repeater7[0]
REAL
    0.480905   0.00885083     0.005115     0.479598
  0.00885083    0.0155666 -6.73342e-05    0.0068256
    0.005115 -6.73342e-05     0.013076   0.00308977
    0.479598    0.0068256   0.00308977     0.490452
IMAGINARY
          0  0.00492338 -0.00198499  0.00672653
-0.00492338           0  0.00373372 -0.00559076
 0.00198499 -0.00373372           0  0.00225366
-0.00672653  0.00559076 -0.00225366           0
Repeater7[0]<--->Repeater6[0]
REAL
    0.480905     0.005115   0.00885083     0.479598
    0.005115     0.013076 -6.73342e-05   0.00308977
  0.00885083 -6.73342e-05    0.0155666    0.0068256
    0.479598   0.00308977    0.0068256     0.490452
IMAGINARY
          0 -0.00198499  0.00492338  0.00672653
 0.00198499           0 -0.00373372  0.00225366
-0.00492338  0.00373372           0 -0.00559076
-0.00672653 -0.00225366  0.00559076           0
Repeater7[0]<--->HoM4[0]
REAL
   0.482228  -0.0017423  0.00531035    0.476052
 -0.0017423   0.0121805 -0.00140211 -0.00318096
 0.00531035 -0.00140211   0.0109824   0.0028577
   0.476052 -0.00318096   0.0028577    0.494609
IMAGINARY
           0  -0.00895955  0.000741693 -0.000793455
  0.00895955            0  -0.00699098   0.00612447
-0.000741693   0.00699098            0  0.000863631
 0.000793455  -0.00612447 -0.000863631            0
Repeater8[0]<--->HoM4[0]
REAL
   0.482228  0.00531035  -0.0017423    0.476052
 0.00531035   0.0109824 -0.00140211   0.0028577
 -0.0017423 -0.00140211   0.0121805 -0.00318096
   0.476052   0.0028577 -0.00318096    0.494609
IMAGINARY
           0  0.000741693  -0.00895955 -0.000793455
-0.000741693            0   0.00699098  0.000863631
  0.00895955  -0.00699098            0   0.00612447
 0.000793455 -0.000863631  -0.00612447            0
Repeater8[0]<--->Repeater9[0]
REAL
    0.484988  -0.00593296  0.000752991     0.473921
 -0.00593296    0.0156125   0.00176742 -0.000550398
 0.000752991   0.00176742     0.013811    0.0045148
    0.473921 -0.000550398    0.0045148     0.485588
IMAGINARY
          0  0.00571174 -0.00611928  0.00722403
-0.00571174           0 -6.5764e-05  0.00263852
 0.00611928  6.5764e-05           0 -0.00223099
-0.00722403 -0.00263852  0.00223099           0
Repeater9[0]<--->Repeater8[0]
REAL
    0.484988  0.000752991  -0.00593296     0.473921
 0.000752991     0.013811   0.00176742    0.0045148
 -0.00593296   0.00176742    0.0156125 -0.000550398
    0.473921    0.0045148 -0.000550398     0.485588
IMAGINARY
          0 -0.00611928  0.00571174  0.00722403
 0.00611928           0  6.5764e-05 -0.00223099
-0.00571174 -6.5764e-05           0  0.00263852
-0.00722403  0.00223099 -0.00263852           0
Repeater9[0]<--->HoM5[0]
REAL
    0.490681  -0.00569099   0.00457382     0.470687
 -0.00569099    0.0133712 -3.39485e-05  -0.00768939
  0.00457382 -3.39485e-05    0.0143841  0.000163349
    0.470687  -0.00768939  0.000163349     0.481564
IMAGINARY
           0   0.00718623  -0.00361212  0.000771686
 -0.00718623            0   0.00798612   0.00253136
  0.00361212  -0.00798612            0  -0.00748098
-0.000771686  -0.00253136   0.00748098            0
Repeater10[0]<--->HoM5[0]
REAL
    0.490681   0.00457382  -0.00569099     0.470687
  0.00457382    0.0143841 -3.39485e-05  0.000163349
 -0.00569099 -3.39485e-05    0.0133712  -0.00768939
    0.470687  0.000163349  -0.00768939     0.481564
IMAGINARY
           0  -0.00361212   0.00718623  0.000771686
  0.00361212            0  -0.00798612  -0.00748098
 -0.00718623   0.00798612            0   0.00253136
-0.000771686   0.00748098  -0.00253136            0
Repeater10[0]<--->Repeater11[0]
REAL
    0.505952  0.000362884   0.00358485     0.496798
 0.000362884   0.00138889 -0.000588015  -0.00986852
  0.00358485 -0.000588015   0.00198413  -0.00564914
    0.496798  -0.00986852  -0.00564914     0.490675
IMAGINARY
          0 -0.00303532  0.00658072  0.00350007
 0.00303532           0   0.0113095 -0.00587692
-0.00658072  -0.0113095           0  0.00253261
-0.00350007  0.00587692 -0.00253261           0
Repeater11[0]<--->Repeater10[0]
REAL
    0.505952   0.00358485  0.000362884     0.496798
  0.00358485   0.00198413 -0.000588015  -0.00564914
 0.000362884 -0.000588015   0.00138889  -0.00986852
    0.496798  -0.00564914  -0.00986852     0.490675
IMAGINARY
          0  0.00658072 -0.00303532  0.00350007
-0.00658072           0  -0.0113095  0.00253261
 0.00303532   0.0113095           0 -0.00587692
-0.00350007 -0.00253261  0.00587692           0
Repeater11[0]<--->HoM6[0]
REAL
    0.514957  -0.00546369 -0.000331339     0.498317
 -0.00546369   0.00100381 -0.000118762  -0.00287251
-0.000331339 -0.000118762   0.00200763   0.00246008
    0.498317  -0.00287251   0.00246008     0.482032
IMAGINARY
           0   0.00519877  0.000501065  -0.00249799
 -0.00519877            0   0.00692451  -0.00392371
-0.000501065  -0.00692451            0  -0.00177612
  0.00249799   0.00392371   0.00177612            0
EndNode1[0]<--->Repeater1[0]
REAL
   0.499402 -0.00559599 -0.00105512    0.494535
-0.00559599  0.00199442 0.000675791 -0.00183851
-0.00105512 0.000675791  0.00319107  0.00270235
   0.494535 -0.00183851  0.00270235    0.495413
IMAGINARY
           0   0.00526336  -0.00551951   0.00156051
 -0.00526336            0   0.00206122 -2.72405e-05
  0.00551951  -0.00206122            0 -0.000707096
 -0.00156051  2.72405e-05  0.000707096            0
EndNode2[0]<--->HoM6[0]
REAL
    0.495971   0.00877574   0.00315205     0.496789
  0.00877574  0.000805802 -0.000584705   0.00194286
  0.00315205 -0.000584705   0.00261886  -0.00228224
    0.496789   0.00194286  -0.00228224     0.500604
IMAGINARY
           0   0.00335886  -0.00271431  -0.00361126
 -0.00335886            0 -0.000836782  -0.00142794
  0.00271431  0.000836782            0  0.000985447
  0.00361126   0.00142794 -0.000985447            0
Repeater1[0]<--->EndNode1[0]
REAL
   0.499402 -0.00105512 -0.00559599    0.494535
-0.00105512  0.00319107 0.000675791  0.00270235
-0.00559599 0.000675791  0.00199442 -0.00183851
   0.494535  0.00270235 -0.00183851    0.495413
IMAGINARY
           0  -0.00551951   0.00526336   0.00156051
  0.00551951            0  -0.00206122 -0.000707096
 -0.00526336   0.00206122            0 -2.72405e-05
 -0.00156051  0.000707096  2.72405e-05            0
Repeater1[0]<--->HoM1[0]
REAL
   0.488916  0.00231811 -0.00719148    0.495072
 0.00231811  0.00264389  0.00133626  0.00240298
-0.00719148  0.00133626  0.00366077 -0.00750566
   0.495072  0.00240298 -0.00750566    0.504779
IMAGINARY
          0  0.00768577  -0.0108456  -0.0045673
-0.00768577           0 -0.00104404 -0.00764301
  0.0108456  0.00104404           0   0.0118131
  0.0045673  0.00764301  -0.0118131           0
Repeater2[0]<--->HoM1[0]
REAL
   0.488916 -0.00719148  0.00231811    0.495072
-0.00719148  0.00366077  0.00133626 -0.00750566
 0.00231811  0.00133626  0.00264389  0.00240298
   0.495072 -0.00750566  0.00240298    0.504779
IMAGINARY
          0  -0.0108456  0.00768577  -0.0045673
  0.0108456           0  0.00104404   0.0118131
-0.00768577 -0.00104404           0 -0.00764301
  0.0045673  -0.0118131  0.00764301           0
Repeater2[0]<--->Repeater3[0]
REAL
     0.4907 -0.00942819 -0.00917326    0.487646
-0.00942819  0.00465022  -0.0012053 -0.00448576
-0.00917326  -0.0012053  0.00667206 -0.00223682
   0.487646 -0.00448576 -0.00223682    0.497978
IMAGINARY
           0 -3.10379e-05  -0.00668152  -0.00742659
 3.10379e-05            0  -0.00336477  1.21954e-05
  0.00668152   0.00336477            0    0.0074967
  0.00742659 -1.21954e-05   -0.0074967            0
Repeater3[0]<--->Repeater2[0]
REAL
     0.4907 -0.00917326 -0.00942819    0.487646
-0.00917326  0.00667206  -0.0012053 -0.00223682
-0.00942819  -0.0012053  0.00465022 -0.00448576
   0.487646 -0.00223682 -0.00448576    0.497978
IMAGINARY
           0  -0.00668152 -3.10379e-05  -0.00742659
  0.00668152            0   0.00336477    0.0074967
 3.10379e-05  -0.00336477            0  1.21954e-05
  0.00742659   -0.0074967 -1.21954e-05            0
Repeater3[0]<--->HoM2[0]
REAL
    0.504047  -0.00452754  -0.00571661     0.487418
 -0.00452754   0.00505868 -0.000917605  0.000981574
 -0.00571661 -0.000917605   0.00748685  -0.00121495
    0.487418  0.000981574  -0.00121495     0.483408
IMAGINARY
          0  0.00260297  -0.0104442 -0.00126336
-0.00260297           0  0.00311992  0.00312908
  0.0104442 -0.00311992           0  0.00490989
 0.00126336 -0.00312908 -0.00490989           0
Repeater4[0]<--->HoM2[0]
REAL
    0.504047  -0.00571661  -0.00452754     0.487418
 -0.00571661   0.00748685 -0.000917605  -0.00121495
 -0.00452754 -0.000917605   0.00505868  0.000981574
    0.487418  -0.00121495  0.000981574     0.483408
IMAGINARY
          0  -0.0104442  0.00260297 -0.00126336
  0.0104442           0 -0.00311992  0.00490989
-0.00260297  0.00311992           0  0.00312908
 0.00126336 -0.00490989 -0.00312908           0
Repeater4[0]<--->Repeater5[0]
REAL
   0.471325 0.000556926 -0.00447928     0.48112
0.000556926  0.00605816  0.00179065  -0.0017081
-0.00447928  0.00179065   0.0088853 -0.00576219
    0.48112  -0.0017081 -0.00576219    0.513732
IMAGINARY
           0  -0.00521563   0.00911412  -0.00600271
  0.00521563            0  -0.00278339  0.000618973
 -0.00911412   0.00278339            0  -0.00311269
  0.00600271 -0.000618973   0.00311269            0
Repeater5[0]<--->Repeater4[0]
REAL
   0.471325 -0.00447928 0.000556926     0.48112
-0.00447928   0.0088853  0.00179065 -0.00576219
0.000556926  0.00179065  0.00605816  -0.0017081
    0.48112 -0.00576219  -0.0017081    0.513732
IMAGINARY
           0   0.00911412  -0.00521563  -0.00600271
 -0.00911412            0   0.00278339  -0.00311269
  0.00521563  -0.00278339            0  0.000618973
  0.00600271   0.00311269 -0.000618973            0
Repeater5[0]<--->HoM3[0]
REAL
    0.499501 -0.000788218   0.00118145     0.483539
-0.000788218   0.00917614   0.00127067  -0.00497892
  0.00118145   0.00127067   0.00777977  -0.00378822
    0.483539  -0.00497892  -0.00378822     0.483543
IMAGINARY
          0 -0.00515042  0.00397762  0.00214837
 0.00515042           0   0.0042346 -0.00206346
-0.00397762  -0.0042346           0  0.00404222
-0.00214837  0.00206346 -0.00404222           0
Repeater6[0]<--->HoM3[0]
REAL
    0.499501   0.00118145 -0.000788218     0.483539
  0.00118145   0.00777977   0.00127067  -0.00378822
-0.000788218   0.00127067   0.00917614  -0.00497892
    0.483539  -0.00378822  -0.00497892     0.483543
IMAGINARY
          0  0.00397762 -0.00515042  0.00214837
-0.00397762           0  -0.0042346  0.00404222
 0.00515042   0.0042346           0 -0.00206346
-0.00214837 -0.00404222  0.00206346           0
Repeater6[0]<--->Repeater7[0]
REAL
   0.489689 -0.00946894 -0.00679663    0.478156
-0.00946894   0.0105135 0.000657277 -0.00470458
-0.00679663 0.000657277   0.0137485 -0.00223405
   0.478156 -0.00470458 -0.00223405    0.486049
IMAGINARY
          0 -0.00289226  0.00547591 -0.00426672
 0.00289226           0 -0.00190358 -0.00049781
-0.00547591  0.00190358           0 -0.00467444
 0.00426672  0.00049781  0.00467444           0
Repeater7[0]<--->Repeater6[0]
REAL
   0.489689 -0.00679663 -0.00946894    0.478156
-0.00679663   0.0137485 0.000657277 -0.00223405
-0.00946894 0.000657277   0.0105135 -0.00470458
   0.478156 -0.00223405 -0.00470458    0.486049
IMAGINARY
          0  0.00547591 -0.00289226 -0.00426672
-0.00547591           0  0.00190358 -0.00467444
 0.00289226 -0.00190358           0 -0.00049781
 0.00426672  0.00467444  0.00049781           0
Repeater7[0]<--->HoM4[0]
REAL
    0.49105  -0.0073724  -0.0111265    0.475709
 -0.0073724   0.0121321    -0.00194  0.00386258
 -0.0111265    -0.00194  0.00855211 -0.00110217
   0.475709  0.00386258 -0.00110217    0.488266
IMAGINARY
           0   0.00129782   0.00158675   0.00363956
 -0.00129782            0  -0.00502405  -0.00408126
 -0.00158675   0.00502405            0 -0.000399799
 -0.00363956   0.00408126  0.000399799            0
Repeater8[0]<--->HoM4[0]
REAL
    0.49105  -0.0111265  -0.0073724    0.475709
 -0.0111265  0.00855211    -0.00194 -0.00110217
 -0.0073724    -0.00194   0.0121321  0.00386258
   0.475709 -0.00110217  0.00386258    0.488266
IMAGINARY
           0   0.00158675   0.00129782   0.00363956
 -0.00158675            0   0.00502405 -0.000399799
 -0.00129782  -0.00502405            0  -0.00408126
 -0.00363956  0.000399799   0.00408126            0
Repeater8[0]<--->Repeater9[0]
REAL
    0.481474   0.00373193    0.0092035      0.47341
  0.00373193    0.0139704 -0.000332711  -0.00746987
   0.0092035 -0.000332711    0.0127556  -0.00322204
     0.47341  -0.00746987  -0.00322204       0.4918
IMAGINARY
          0 -0.00371037 -0.00212115  0.00872186
 0.00371037           0  0.00244147  0.00344417
 0.00212115 -0.00244147           0  0.00259089
-0.00872186 -0.00344417 -0.00259089           0
Repeater9[0]<--->Repeater8[0]
REAL
    0.481474    0.0092035   0.00373193      0.47341
   0.0092035    0.0127556 -0.000332711  -0.00322204
  0.00373193 -0.000332711    0.0139704  -0.00746987
     0.47341  -0.00322204  -0.00746987       0.4918
IMAGINARY
          0 -0.00212115 -0.00371037  0.00872186
 0.00212115           0 -0.00244147  0.00259089
 0.00371037  0.00244147           0  0.00344417
-0.00872186 -0.00259089 -0.00344417           0
Repeater9[0]<--->HoM5[0]
REAL
   0.492007 -0.00611243  -0.0102166    0.473749
-0.00611243   0.0120387  0.00161155  0.00400663
 -0.0102166  0.00161155   0.0120387 0.000503452
   0.473749  0.00400663 0.000503452    0.483916
IMAGINARY
          0 -0.00724822   0.0111131   0.0066079
 0.00724822           0  0.00569456  0.00749577
 -0.0111131 -0.00569456           0  -0.0087168
 -0.0066079 -0.00749577   0.0087168           0
Repeater10[0]<--->HoM5[0]
REAL
   0.492007  -0.0102166 -0.00611243    0.473749
 -0.0102166   0.0120387  0.00161155 0.000503452
-0.00611243  0.00161155   0.0120387  0.00400663
   0.473749 0.000503452  0.00400663    0.483916
IMAGINARY
          0   0.0111131 -0.00724822   0.0066079
 -0.0111131           0 -0.00569456  -0.0087168
 0.00724822  0.00569456           0  0.00749577
 -0.0066079   0.0087168 -0.00749577           0
Repeater10[0]<--->Repeater11[0]
REAL
    0.504764    0.0048154   0.00365159     0.496117
   0.0048154   0.00198491 -0.000823818   0.00565882
  0.00365159 -0.000823818   0.00178642   0.00510889
    0.496117   0.00565882   0.00510889     0.491465
IMAGINARY
           0  -0.00814057    0.0120837   0.00219242
  0.00814057            0 -0.000915659   0.00402564
  -0.0120837  0.000915659            0  -0.00694915
 -0.00219242  -0.00402564   0.00694915            0
Repeater11[0]<--->Repeater10[0]
REAL
    0.504764   0.00365159    0.0048154     0.496117
  0.00365159   0.00178642 -0.000823818   0.00510889
   0.0048154 -0.000823818   0.00198491   0.00565882
    0.496117   0.00510889   0.00565882     0.491465
IMAGINARY
           0    0.0120837  -0.00814057   0.00219242
  -0.0120837            0  0.000915659  -0.00694915
  0.00814057 -0.000915659            0   0.00402564
 -0.00219242   0.00694915  -0.00402564            0
Repeater11[0]<--->HoM6[0]
REAL
    0.495971   0.00315205   0.00877574     0.496789
  0.00315205   0.00261886 -0.000584705  -0.00228224
  0.00877574 -0.000584705  0.000805802   0.00194286
    0.496789  -0.00228224   0.00194286     0.500604
IMAGINARY
           0  -0.00271431   0.00335886  -0.00361126
  0.00271431            0  0.000836782  0.000985447
 -0.00335886 -0.000836782            0  -0.00142794
  0.00361126 -0.000985447   0.00142794            0
EndNode1[0]<--->Repeater1[0]
REAL
   0.485647  0.00829704 0.000364744    0.494673
 0.00829704  0.00273384 -0.00131966  0.00295852
0.000364744 -0.00131966  0.00351494 -0.00396673
   0.494673  0.00295852 -0.00396673    0.508104
IMAGINARY
          0  0.00118863  -0.0027124 -0.00418209
-0.00118863           0  0.00469365  0.00561763
  0.0027124 -0.00469365           0 -0.00569675
 0.00418209 -0.00561763  0.00569675           0
EndNode2[0]<--->HoM6[0]
REAL
    0.492819  -0.00225067   0.00249543     0.497122
 -0.00225067  0.000820681 -3.18447e-05   0.00516703
  0.00249543 -3.18447e-05   0.00102585    0.0101071
    0.497122   0.00516703    0.0101071     0.505334
IMAGINARY
           0  -0.00064785   0.00137914  -0.00668958
  0.00064785            0   0.00332458 -0.000870908
 -0.00137914  -0.00332458            0   0.00135938
  0.00668958  0.000870908  -0.00135938            0
Repeater1[0]<--->EndNode1[0]
REAL
   0.485647 0.000364744  0.00829704    0.494673
0.000364744  0.00351494 -0.00131966 -0.00396673
 0.00829704 -0.00131966  0.00273384  0.00295852
   0.494673 -0.00396673  0.00295852    0.508104
IMAGINARY
          0  -0.0027124  0.00118863 -0.00418209
  0.0027124           0 -0.00469365 -0.00569675
-0.00118863  0.00469365           0  0.00561763
 0.00418209  0.00569675 -0.00561763           0
Repeater1[0]<--->HoM1[0]
REAL
   0.488493 -0.00708929  -0.0114652    0.494259
-0.00708929  0.00320192 -0.00115015 -0.00930662
 -0.0114652 -0.00115015  0.00160096  -0.0138794
   0.494259 -0.00930662  -0.0138794    0.506704
IMAGINARY
          0   0.0131253 -0.00258681  -0.0117764
 -0.0131253           0  -0.0034246 -0.00659483
 0.00258681   0.0034246           0 -0.00374406
  0.0117764  0.00659483  0.00374406           0
Repeater2[0]<--->HoM1[0]
REAL
   0.488493  -0.0114652 -0.00708929    0.494259
 -0.0114652  0.00160096 -0.00115015  -0.0138794
-0.00708929 -0.00115015  0.00320192 -0.00930662
   0.494259  -0.0138794 -0.00930662    0.506704
IMAGINARY
          0 -0.00258681   0.0131253  -0.0117764
 0.00258681           0   0.0034246 -0.00374406
 -0.0131253  -0.0034246           0 -0.00659483
  0.0117764  0.00374406  0.00659483           0
Repeater2[0]<--->Repeater3[0]
REAL
    0.497611 -5.48382e-05   0.00208345     0.488958
-5.48382e-05   0.00656847 -0.000652833  -0.00158791
  0.00208345 -0.000652833   0.00736465  0.000352162
    0.488958  -0.00158791  0.000352162     0.488455
IMAGINARY
           0   0.00646045  -0.00627063   0.00494247
 -0.00646045            0  1.78472e-05   -0.0066648
  0.00627063 -1.78472e-05            0   0.00545644
 -0.00494247    0.0066648  -0.00545644            0
Repeater3[0]<--->Repeater2[0]
REAL
    0.497611   0.00208345 -5.48382e-05     0.488958
  0.00208345   0.00736465 -0.000652833  0.000352162
-5.48382e-05 -0.000652833   0.00656847  -0.00158791
    0.488958  0.000352162  -0.00158791     0.488455
IMAGINARY
           0  -0.00627063   0.00646045   0.00494247
  0.00627063            0 -1.78472e-05   0.00545644
 -0.00646045  1.78472e-05            0   -0.0066648
 -0.00494247  -0.00545644    0.0066648            0
Repeater3[0]<--->HoM2[0]
REAL
   0.497852 -0.00113051  0.00376502    0.488062
-0.00113051  0.00566406  0.00167061  0.00157379
 0.00376502  0.00167061   0.0046875   0.0048266
   0.488062  0.00157379   0.0048266    0.491797
IMAGINARY
          0  0.00529243 -0.00329108 -0.00205447
-0.00529243           0  0.00432675  -0.0060145
 0.00329108 -0.00432675           0  0.00401315
 0.00205447   0.0060145 -0.00401315           0
Repeater4[0]<--->HoM2[0]
REAL
   0.497852  0.00376502 -0.00113051    0.488062
 0.00376502   0.0046875  0.00167061   0.0048266
-0.00113051  0.00167061  0.00566406  0.00157379
   0.488062   0.0048266  0.00157379    0.491797
IMAGINARY
          0 -0.00329108  0.00529243 -0.00205447
 0.00329108           0 -0.00432675  0.00401315
-0.00529243  0.00432675           0  -0.0060145
 0.00205447 -0.00401315   0.0060145           0
Repeater4[0]<--->Repeater5[0]
REAL
   0.507998  0.00297245  0.00806792    0.483005
 0.00297245  0.00566916 -0.00315005 0.000191549
 0.00806792 -0.00315005  0.00789634  0.00327251
   0.483005 0.000191549  0.00327251    0.478437
IMAGINARY
           0  -0.00335042   0.00157604   0.00448865
  0.00335042            0  -0.00874311  0.000204026
 -0.00157604   0.00874311            0    0.0035482
 -0.00448865 -0.000204026   -0.0035482            0
Repeater5[0]<--->Repeater4[0]
REAL
   0.507998  0.00806792  0.00297245    0.483005
 0.00806792  0.00789634 -0.00315005  0.00327251
 0.00297245 -0.00315005  0.00566916 0.000191549
   0.483005  0.00327251 0.000191549    0.478437
IMAGINARY
           0   0.00157604  -0.00335042   0.00448865
 -0.00157604            0   0.00874311    0.0035482
  0.00335042  -0.00874311            0  0.000204026
 -0.00448865   -0.0035482 -0.000204026            0
Repeater5[0]<--->HoM3[0]
REAL
   0.498827 -0.00439673 -0.00806422    0.483192
-0.00439673    0.008405 0.000270701 -0.00717786
-0.00806422 0.000270701   0.0115324  -0.0110446
   0.483192 -0.00717786  -0.0110446    0.481235
IMAGINARY
           0 -0.000393944   0.00407354 -0.000105837
 0.000393944            0   0.00231645   0.00125096
 -0.00407354  -0.00231645            0  -0.00432778
 0.000105837  -0.00125096   0.00432778            0
Repeater6[0]<--->HoM3[0]
REAL
   0.498827 -0.00806422 -0.00439673    0.483192
-0.00806422   0.0115324 0.000270701  -0.0110446
-0.00439673 0.000270701    0.008405 -0.00717786
   0.483192  -0.0110446 -0.00717786    0.481235
IMAGINARY
           0   0.00407354 -0.000393944 -0.000105837
 -0.00407354            0  -0.00231645  -0.00432778
 0.000393944   0.00231645            0   0.00125096
 0.000105837   0.00432778  -0.00125096            0
Repeater6[0]<--->Repeater7[0]
REAL
     0.48572  -0.00735237 -0.000809623     0.478926
 -0.00735237    0.0110619   0.00261798  -0.00941066
-0.000809623   0.00261798   0.00864843  -0.00465398
    0.478926  -0.00941066  -0.00465398      0.49457
IMAGINARY
          0  0.00040983  0.00290241 -0.00672292
-0.00040983           0  0.00161372  0.00509364
-0.00290241 -0.00161372           0 -0.00801101
 0.00672292 -0.00509364  0.00801101           0
Repeater7[0]<--->Repeater6[0]
REAL
     0.48572 -0.000809623  -0.00735237     0.478926
-0.000809623   0.00864843   0.00261798  -0.00465398
 -0.00735237   0.00261798    0.0110619  -0.00941066
    0.478926  -0.00465398  -0.00941066      0.49457
IMAGINARY
          0  0.00290241  0.00040983 -0.00672292
-0.00290241           0 -0.00161372 -0.00801101
-0.00040983  0.00161372           0  0.00509364
 0.00672292  0.00801101 -0.00509364           0
Repeater7[0]<--->HoM4[0]
REAL
    0.482365  -0.00561568  -0.00353169     0.479095
 -0.00561568   0.00961924 -0.000972969  -0.00144047
 -0.00353169 -0.000972969    0.0108216    0.0038257
    0.479095  -0.00144047    0.0038257     0.497194
IMAGINARY
           0   0.00463078  0.000108739   0.00631134
 -0.00463078            0   0.00220793  -0.00725591
-0.000108739  -0.00220793            0  0.000301775
 -0.00631134   0.00725591 -0.000301775            0
Repeater8[0]<--->HoM4[0]
REAL
    0.482365  -0.00353169  -0.00561568     0.479095
 -0.00353169    0.0108216 -0.000972969    0.0038257
 -0.00561568 -0.000972969   0.00961924  -0.00144047
    0.479095    0.0038257  -0.00144047     0.497194
IMAGINARY
           0  0.000108739   0.00463078   0.00631134
-0.000108739            0  -0.00220793  0.000301775
 -0.00463078   0.00220793            0  -0.00725591
 -0.00631134 -0.000301775   0.00725591            0
Repeater8[0]<--->Repeater9[0]
REAL
    0.493493 -0.000497413  -0.00287304     0.473886
-0.000497413    0.0116116  2.18369e-05  -0.00137454
 -0.00287304  2.18369e-05    0.0138138  0.000497413
    0.473886  -0.00137454  0.000497413     0.481081
IMAGINARY
           0   0.00226051  -0.00230737  0.000421622
