EndNode1[0]<--->Repeater1[0]
REAL
   0.369188 -0.00162354  -0.0029461    0.237602
-0.00162354    0.135103  0.00580079 -0.00314404
 -0.0029461  0.00580079    0.126322 -0.00243655
   0.237602 -0.00314404 -0.00243655    0.369387
IMAGINARY
          0 -0.00350345  0.00316392  0.00710127
 0.00350345           0  0.00987465  0.00641463
-0.00316392 -0.00987465           0  0.00199105
-0.00710127 -0.00641463 -0.00199105           0
EndNode2[0]<--->HoM6[0]
REAL
   0.415132  0.00335053  0.00791122    0.346518
 0.00335053   0.0734799 -0.00583485  0.00579557
 0.00791122 -0.00583485   0.0859576  0.00638328
   0.346518  0.00579557  0.00638328    0.425431
IMAGINARY
           0  -0.00783326    0.0089331  0.000441852
  0.00783326            0   -0.0028962   0.00348863
  -0.0089331    0.0028962            0   -0.0112538
-0.000441852  -0.00348863    0.0112538            0
Repeater1[0]<--->EndNode1[0]
REAL
   0.369188  -0.0029461 -0.00162354    0.237602
 -0.0029461    0.126322  0.00580079 -0.00243655
-0.00162354  0.00580079    0.135103 -0.00314404
   0.237602 -0.00243655 -0.00314404    0.369387
IMAGINARY
          0  0.00316392 -0.00350345  0.00710127
-0.00316392           0 -0.00987465  0.00199105
 0.00350345  0.00987465           0  0.00641463
-0.00710127 -0.00199105 -0.00641463           0
Repeater1[0]<--->HoM1[0]
REAL
   0.358923 0.000313658  0.00398436    0.238506
0.000313658    0.140273 -0.00110825  0.00348725
 0.00398436 -0.00110825    0.124799  0.00237612
   0.238506  0.00348725  0.00237612    0.376005
IMAGINARY
           0  -0.00582762   0.00695827  -0.00295201
  0.00582762            0  0.000217559  -0.00049832
 -0.00695827 -0.000217559            0  -0.00341508
  0.00295201   0.00049832   0.00341508            0
Repeater2[0]<--->HoM1[0]
REAL
   0.358923  0.00398436 0.000313658    0.238506
 0.00398436    0.124799 -0.00110825  0.00237612
0.000313658 -0.00110825    0.140273  0.00348725
   0.238506  0.00237612  0.00348725    0.376005
IMAGINARY
           0   0.00695827  -0.00582762  -0.00295201
 -0.00695827            0 -0.000217559  -0.00341508
  0.00582762  0.000217559            0  -0.00049832
  0.00295201   0.00341508   0.00049832            0
Repeater2[0]<--->Repeater3[0]
REAL
   0.313019 0.000813659  0.00546455    0.111838
0.000813659    0.193906 -0.00351496  0.00648288
 0.00546455 -0.00351496      0.1852 -0.00380052
   0.111838  0.00648288 -0.00380052    0.307875
IMAGINARY
           0   0.00443979  -0.00926277 -0.000519364
 -0.00443979            0    -0.014566  -0.00794351
  0.00926277     0.014566            0  -0.00331986
 0.000519364   0.00794351   0.00331986            0
Repeater3[0]<--->Repeater2[0]
REAL
   0.313019  0.00546455 0.000813659    0.111838
 0.00546455      0.1852 -0.00351496 -0.00380052
0.000813659 -0.00351496    0.193906  0.00648288
   0.111838 -0.00380052  0.00648288    0.307875
IMAGINARY
           0  -0.00926277   0.00443979 -0.000519364
  0.00926277            0     0.014566  -0.00331986
 -0.00443979    -0.014566            0  -0.00794351
 0.000519364   0.00331986   0.00794351            0
Repeater3[0]<--->HoM2[0]
REAL
   0.298098   0.0018466 -0.00440627    0.105112
  0.0018466     0.18979  0.00127744  0.00772152
-0.00440627  0.00127744    0.203804  0.00890285
   0.105112  0.00772152  0.00890285    0.308308
IMAGINARY
          0 -0.00870978  0.00543717  0.00201004
 0.00870978           0 -0.00310807 -0.00109812
-0.00543717  0.00310807           0 -0.00188558
-0.00201004  0.00109812  0.00188558           0
Repeater4[0]<--->HoM2[0]
REAL
   0.298098 -0.00440627   0.0018466    0.105112
-0.00440627    0.203804  0.00127744  0.00890285
  0.0018466  0.00127744     0.18979  0.00772152
   0.105112  0.00890285  0.00772152    0.308308
IMAGINARY
          0  0.00543717 -0.00870978  0.00201004
-0.00543717           0  0.00310807 -0.00188558
 0.00870978 -0.00310807           0 -0.00109812
-0.00201004  0.00188558  0.00109812           0
Repeater4[0]<--->Repeater5[0]
REAL
    0.281213  -0.00271046  -0.00585359    0.0568897
 -0.00271046     0.220939 -0.000314143  -0.00162994
 -0.00585359 -0.000314143     0.223483  -0.00956254
   0.0568897  -0.00162994  -0.00956254     0.274364
IMAGINARY
           0   0.00237681  -0.00309752  -0.00385108
 -0.00237681            0  -0.00136648 -0.000255457
  0.00309752   0.00136648            0  0.000772959
  0.00385108  0.000255457 -0.000772959            0
Repeater5[0]<--->Repeater4[0]
REAL
    0.281213  -0.00585359  -0.00271046    0.0568897
 -0.00585359     0.223483 -0.000314143  -0.00956254
 -0.00271046 -0.000314143     0.220939  -0.00162994
   0.0568897  -0.00956254  -0.00162994     0.274364
IMAGINARY
           0  -0.00309752   0.00237681  -0.00385108
  0.00309752            0   0.00136648  0.000772959
 -0.00237681  -0.00136648            0 -0.000255457
  0.00385108 -0.000772959  0.000255457            0
Repeater5[0]<--->HoM3[0]
REAL
   0.276415  0.00192147  -0.0010093    0.055732
 0.00192147    0.228351 -0.00177953  0.00314302
 -0.0010093 -0.00177953    0.216589   0.0142338
   0.055732  0.00314302   0.0142338    0.278645
IMAGINARY
          0  0.00871826  0.00092579  0.00130323
-0.00871826           0  0.00653252 -0.00102581
-0.00092579 -0.00653252           0   0.0045844
-0.00130323  0.00102581  -0.0045844           0
Repeater6[0]<--->HoM3[0]
REAL
   0.276415  -0.0010093  0.00192147    0.055732
 -0.0010093    0.216589 -0.00177953   0.0142338
 0.00192147 -0.00177953    0.228351  0.00314302
   0.055732   0.0142338  0.00314302    0.278645
IMAGINARY
          0  0.00092579  0.00871826  0.00130323
-0.00092579           0 -0.00653252   0.0045844
-0.00871826  0.00653252           0 -0.00102581
-0.00130323  -0.0045844  0.00102581           0
Repeater6[0]<--->Repeater7[0]
REAL
   0.262565   0.0089612    0.010083   0.0227245
  0.0089612    0.228388 -0.00877152 -0.00717192
   0.010083 -0.00877152    0.245275 0.000976563
  0.0227245 -0.00717192 0.000976563    0.263772
IMAGINARY
          0   -0.001425  0.00385285  0.00382598
   0.001425           0 -0.00704789  -0.0052308
-0.00385285  0.00704789           0  0.00359035
-0.00382598   0.0052308 -0.00359035           0
Repeater7[0]<--->Repeater6[0]
REAL
   0.262565    0.010083   0.0089612   0.0227245
   0.010083    0.245275 -0.00877152 0.000976563
  0.0089612 -0.00877152    0.228388 -0.00717192
  0.0227245 0.000976563 -0.00717192    0.263772
IMAGINARY
          0  0.00385285   -0.001425  0.00382598
-0.00385285           0  0.00704789  0.00359035
   0.001425 -0.00704789           0  -0.0052308
-0.00382598 -0.00359035   0.0052308           0
Repeater7[0]<--->HoM4[0]
REAL
     0.2718  0.00693281  -0.0068258    0.014186
 0.00693281      0.2384 0.000184046 -0.00439468
 -0.0068258 0.000184046      0.2304  0.00290971
   0.014186 -0.00439468  0.00290971      0.2594
IMAGINARY
           0  -0.00625118   0.00137527   -0.0106731
  0.00625118            0 -0.000954771  -0.00365928
 -0.00137527  0.000954771            0 -0.000799466
   0.0106731   0.00365928  0.000799466            0
Repeater8[0]<--->HoM4[0]
REAL
     0.2718  -0.0068258  0.00693281    0.014186
 -0.0068258      0.2304 0.000184046  0.00290971
 0.00693281 0.000184046      0.2384 -0.00439468
   0.014186  0.00290971 -0.00439468      0.2594
IMAGINARY
           0   0.00137527  -0.00625118   -0.0106731
 -0.00137527            0  0.000954771 -0.000799466
  0.00625118 -0.000954771            0  -0.00365928
   0.0106731  0.000799466   0.00365928            0
Repeater8[0]<--->Repeater9[0]
REAL
   0.263252  0.00107167  0.00402093  0.00651118
 0.00107167     0.24598  0.00219824 -0.00382299
 0.00402093  0.00219824    0.241016 -0.00245726
 0.00651118 -0.00382299 -0.00245726    0.249752
IMAGINARY
           0  -0.00157932 -0.000643122   0.00152115
  0.00157932            0   0.00331756  -0.00447222
 0.000643122  -0.00331756            0   0.00167962
 -0.00152115   0.00447222  -0.00167962            0
Repeater9[0]<--->Repeater8[0]
REAL
   0.263252  0.00402093  0.00107167  0.00651118
 0.00402093    0.241016  0.00219824 -0.00245726
 0.00107167  0.00219824     0.24598 -0.00382299
 0.00651118 -0.00245726 -0.00382299    0.249752
IMAGINARY
           0 -0.000643122  -0.00157932   0.00152115
 0.000643122            0  -0.00331756   0.00167962
  0.00157932   0.00331756            0  -0.00447222
 -0.00152115  -0.00167962   0.00447222            0
Repeater9[0]<--->HoM5[0]
REAL
    0.258645  6.62323e-06  -0.00128074   0.00661185
 6.62323e-06     0.248051   0.00181952 -0.000287888
 -0.00128074   0.00181952     0.248251    -0.008438
  0.00661185 -0.000287888    -0.008438     0.245053
IMAGINARY
           0   0.00415984   0.00564582  0.000454454
 -0.00415984            0  0.000454454   0.00533661
 -0.00564582 -0.000454454            0    0.0120143
-0.000454454  -0.00533661   -0.0120143            0
Repeater10[0]<--->HoM5[0]
REAL
    0.258645  -0.00128074  6.62323e-06   0.00661185
 -0.00128074     0.248251   0.00181952    -0.008438
 6.62323e-06   0.00181952     0.248051 -0.000287888
  0.00661185    -0.008438 -0.000287888     0.245053
IMAGINARY
           0   0.00564582   0.00415984  0.000454454
 -0.00564582            0 -0.000454454    0.0120143
 -0.00415984  0.000454454            0   0.00533661
-0.000454454   -0.0120143  -0.00533661            0
Repeater10[0]<--->Repeater11[0]
REAL
    0.422589   0.00749017   0.00737853     0.347575
  0.00749017    0.0676465   0.00156025 -0.000918584
  0.00737853   0.00156025    0.0767063  -0.00162652
    0.347575 -0.000918584  -0.00162652     0.433058
IMAGINARY
           0  -0.00443107  -0.00440708    0.0118912
  0.00443107            0  -0.00912224  0.000692963
  0.00440708   0.00912224            0   0.00312612
  -0.0118912 -0.000692963  -0.00312612            0
Repeater11[0]<--->Repeater10[0]
REAL
    0.422589   0.00737853   0.00749017     0.347575
  0.00737853    0.0767063   0.00156025  -0.00162652
  0.00749017   0.00156025    0.0676465 -0.000918584
    0.347575  -0.00162652 -0.000918584     0.433058
IMAGINARY
           0  -0.00440708  -0.00443107    0.0118912
  0.00440708            0   0.00912224   0.00312612
  0.00443107  -0.00912224            0  0.000692963
  -0.0118912  -0.00312612 -0.000692963            0
Repeater11[0]<--->HoM6[0]
REAL
   0.415132  0.00791122  0.00335053    0.346518
 0.00791122   0.0859576 -0.00583485  0.00638328
 0.00335053 -0.00583485   0.0734799  0.00579557
   0.346518  0.00638328  0.00579557    0.425431
IMAGINARY
           0    0.0089331  -0.00783326  0.000441852
  -0.0089331            0    0.0028962   -0.0112538
  0.00783326   -0.0028962            0   0.00348863
-0.000441852    0.0112538  -0.00348863            0
EndNode1[0]<--->Repeater1[0]
REAL
    0.364843   0.00560897 -0.000690587     0.240296
  0.00560897     0.135974   0.00669879  -0.00191358
-0.000690587   0.00669879     0.132911   0.00160256
    0.240296  -0.00191358   0.00160256     0.366272
IMAGINARY
           0  -0.00868299  -0.00582866  4.59244e-05
  0.00868299            0 -0.000742719   0.00275631
  0.00582866  0.000742719            0   0.00660172
-4.59244e-05  -0.00275631  -0.00660172            0
EndNode2[0]<--->HoM6[0]
REAL
   0.417271 -0.00746487 -0.00576455    0.344764
-0.00746487   0.0756844 -0.00531649 -0.00962007
-0.00576455 -0.00531649   0.0885668 -0.00121363
   0.344764 -0.00962007 -0.00121363    0.418478
IMAGINARY
           0  -0.00816907   0.00392895  0.000958607
  0.00816907            0    0.0045075   0.00111544
 -0.00392895   -0.0045075            0  -0.00111261
-0.000958607  -0.00111544   0.00111261            0
Repeater1[0]<--->EndNode1[0]
REAL
    0.364843 -0.000690587   0.00560897     0.240296
-0.000690587     0.132911   0.00669879   0.00160256
  0.00560897   0.00669879     0.135974  -0.00191358
    0.240296   0.00160256  -0.00191358     0.366272
IMAGINARY
           0  -0.00582866  -0.00868299  4.59244e-05
  0.00582866            0  0.000742719   0.00660172
  0.00868299 -0.000742719            0   0.00275631
-4.59244e-05  -0.00660172  -0.00275631            0
Repeater1[0]<--->HoM1[0]
REAL
  0.368085 0.00289956 -0.0070197   0.235563
0.00289956   0.129818 0.00348025 0.00471832
-0.0070197 0.00348025   0.127821 0.00240362
  0.235563 0.00471832 0.00240362   0.374276
IMAGINARY
           0   0.00675152   0.00664186  -0.00222218
 -0.00675152            0   0.00242428  0.000761892
 -0.00664186  -0.00242428            0   0.00144196
  0.00222218 -0.000761892  -0.00144196            0
Repeater2[0]<--->HoM1[0]
REAL
  0.368085 -0.0070197 0.00289956   0.235563
-0.0070197   0.127821 0.00348025 0.00240362
0.00289956 0.00348025   0.129818 0.00471832
  0.235563 0.00240362 0.00471832   0.374276
IMAGINARY
           0   0.00664186   0.00675152  -0.00222218
 -0.00664186            0  -0.00242428   0.00144196
 -0.00675152   0.00242428            0  0.000761892
  0.00222218  -0.00144196 -0.000761892            0
Repeater2[0]<--->Repeater3[0]
REAL
   0.315211   -0.004538 -0.00286716    0.114085
  -0.004538    0.192085 5.03635e-05 -0.00376519
-0.00286716 5.03635e-05    0.195483   0.0024592
   0.114085 -0.00376519   0.0024592    0.297222
IMAGINARY
           0   0.00671269   0.00489646  0.000344172
 -0.00671269            0   0.00327406   0.00085067
 -0.00489646  -0.00327406            0   0.00165593
-0.000344172  -0.00085067  -0.00165593            0
Repeater3[0]<--->Repeater2[0]
REAL
   0.315211 -0.00286716   -0.004538    0.114085
-0.00286716    0.195483 5.03635e-05   0.0024592
  -0.004538 5.03635e-05    0.192085 -0.00376519
   0.114085   0.0024592 -0.00376519    0.297222
IMAGINARY
           0   0.00489646   0.00671269  0.000344172
 -0.00489646            0  -0.00327406   0.00165593
 -0.00671269   0.00327406            0   0.00085067
-0.000344172  -0.00165593  -0.00085067            0
Repeater3[0]<--->HoM2[0]
REAL
   0.300341  0.00209348 -0.00433364    0.117181
 0.00209348    0.187738   0.0024892  -0.0021024
-0.00433364   0.0024892    0.196353   0.0109797
   0.117181  -0.0021024   0.0109797    0.315568
IMAGINARY
           0   0.00508581 -0.000804493    0.0019267
 -0.00508581            0  -0.00480426   0.00921122
 0.000804493   0.00480426            0 -0.000482123
  -0.0019267  -0.00921122  0.000482123            0
Repeater4[0]<--->HoM2[0]
REAL
   0.300341 -0.00433364  0.00209348    0.117181
-0.00433364    0.196353   0.0024892   0.0109797
 0.00209348   0.0024892    0.187738  -0.0021024
   0.117181   0.0109797  -0.0021024    0.315568
IMAGINARY
           0 -0.000804493   0.00508581    0.0019267
 0.000804493            0   0.00480426 -0.000482123
 -0.00508581  -0.00480426            0   0.00921122
  -0.0019267  0.000482123  -0.00921122            0
Repeater4[0]<--->Repeater5[0]
REAL
   0.278245  0.00428442   0.0039667    0.047972
 0.00428442     0.21895  0.00762823 -0.00547484
  0.0039667  0.00762823    0.219351  -0.0037817
   0.047972 -0.00547484  -0.0037817    0.283454
IMAGINARY
          0  0.00153713 -0.00241993  -0.0096204
-0.00153713           0  0.00330128  -0.0019279
 0.00241993 -0.00330128           0 -0.00143601
  0.0096204   0.0019279  0.00143601           0
Repeater5[0]<--->Repeater4[0]
REAL
   0.278245   0.0039667  0.00428442    0.047972
  0.0039667    0.219351  0.00762823  -0.0037817
 0.00428442  0.00762823     0.21895 -0.00547484
   0.047972  -0.0037817 -0.00547484    0.283454
IMAGINARY
          0 -0.00241993  0.00153713  -0.0096204
 0.00241993           0 -0.00330128 -0.00143601
-0.00153713  0.00330128           0  -0.0019279
  0.0096204  0.00143601   0.0019279           0
Repeater5[0]<--->HoM3[0]
REAL
    0.269591  -0.00151334  0.000648808    0.0603503
 -0.00151334     0.234297    0.0071845   0.00550908
 0.000648808    0.0071845     0.221735 -0.000404691
   0.0603503   0.00550908 -0.000404691     0.274377
IMAGINARY
          0 -0.00069373  -0.0043474 -0.00229993
 0.00069373           0 -0.00260302 -0.00198426
  0.0043474  0.00260302           0 -0.00322587
 0.00229993  0.00198426  0.00322587           0
Repeater6[0]<--->HoM3[0]
REAL
    0.269591  0.000648808  -0.00151334    0.0603503
 0.000648808     0.221735    0.0071845 -0.000404691
 -0.00151334    0.0071845     0.234297   0.00550908
   0.0603503 -0.000404691   0.00550908     0.274377
IMAGINARY
          0  -0.0043474 -0.00069373 -0.00229993
  0.0043474           0  0.00260302 -0.00322587
 0.00069373 -0.00260302           0 -0.00198426
 0.00229993  0.00322587  0.00198426           0
Repeater6[0]<--->Repeater7[0]
REAL
    0.267753  -0.00478114 -0.000610594    0.0253819
 -0.00478114       0.2241  -0.00665157   0.00100492
-0.000610594  -0.00665157     0.235566  -0.00487974
   0.0253819   0.00100492  -0.00487974     0.272581
IMAGINARY
           0   0.00288413 -0.000249568    -0.003873
 -0.00288413            0   -0.0105559   0.00840715
 0.000249568    0.0105559            0    0.0100486
    0.003873  -0.00840715   -0.0100486            0
Repeater7[0]<--->Repeater6[0]
REAL
    0.267753 -0.000610594  -0.00478114    0.0253819
-0.000610594     0.235566  -0.00665157  -0.00487974
 -0.00478114  -0.00665157       0.2241   0.00100492
   0.0253819  -0.00487974   0.00100492     0.272581
IMAGINARY
           0 -0.000249568   0.00288413    -0.003873
 0.000249568            0    0.0105559    0.0100486
 -0.00288413   -0.0105559            0   0.00840715
    0.003873   -0.0100486  -0.00840715            0
Repeater7[0]<--->HoM4[0]
REAL
   0.259169  0.00441018    0.010888   0.0347011
 0.00441018    0.239919  0.00985138 -0.00380012
   0.010888  0.00985138    0.227153  0.00490533
  0.0347011 -0.00380012  0.00490533    0.273759
IMAGINARY
           0  -0.00601202   0.00149853   0.00680015
  0.00601202            0  -0.00321163 -9.57275e-05
 -0.00149853   0.00321163            0  -0.00881764
 -0.00680015  9.57275e-05   0.00881764            0
Repeater8[0]<--->HoM4[0]
REAL
   0.259169    0.010888  0.00441018   0.0347011
   0.010888    0.227153  0.00985138  0.00490533
 0.00441018  0.00985138    0.239919 -0.00380012
  0.0347011  0.00490533 -0.00380012    0.273759
IMAGINARY
           0   0.00149853  -0.00601202   0.00680015
 -0.00149853            0   0.00321163  -0.00881764
  0.00601202  -0.00321163            0 -9.57275e-05
 -0.00680015   0.00881764  9.57275e-05            0
Repeater8[0]<--->Repeater9[0]
REAL
   0.251665 -0.00244894  0.00465416   0.0157063
-0.00244894    0.241776   0.0107043  0.00534984
 0.00465416   0.0107043    0.239758  -0.0021529
  0.0157063  0.00534984  -0.0021529    0.266801
IMAGINARY
           0   0.00161615   0.00429773  -0.00358911
 -0.00161615            0  -0.00859627  0.000304115
 -0.00429773   0.00859627            0   0.00498649
  0.00358911 -0.000304115  -0.00498649            0
Repeater9[0]<--->Repeater8[0]
REAL
   0.251665  0.00465416 -0.00244894   0.0157063
 0.00465416    0.239758   0.0107043  -0.0021529
-0.00244894   0.0107043    0.241776  0.00534984
  0.0157063  -0.0021529  0.00534984    0.266801
IMAGINARY
           0   0.00429773   0.00161615  -0.00358911
 -0.00429773            0   0.00859627   0.00498649
 -0.00161615  -0.00859627            0  0.000304115
  0.00358911  -0.00498649 -0.000304115            0
Repeater9[0]<--->HoM5[0]
REAL
   0.244139  0.00086989  0.00868718   0.0148897
 0.00086989    0.247433  0.00411556  -0.0046435
 0.00868718  0.00411556    0.243364 -0.00511574
  0.0148897  -0.0046435 -0.00511574    0.265065
IMAGINARY
          0 -0.00311365 -0.00429337  0.00161561
 0.00311365           0  -0.0120134  0.00030295
 0.00429337   0.0120134           0  0.00191653
-0.00161561 -0.00030295 -0.00191653           0
Repeater10[0]<--->HoM5[0]
REAL
   0.244139  0.00868718  0.00086989   0.0148897
 0.00868718    0.243364  0.00411556 -0.00511574
 0.00086989  0.00411556    0.247433  -0.0046435
  0.0148897 -0.00511574  -0.0046435    0.265065
IMAGINARY
          0 -0.00429337 -0.00311365  0.00161561
 0.00429337           0   0.0120134  0.00191653
 0.00311365  -0.0120134           0  0.00030295
-0.00161561 -0.00191653 -0.00030295           0
Repeater10[0]<--->Repeater11[0]
REAL
    0.43334  0.00495385  0.00075426    0.339593
 0.00495385   0.0764951 -0.00203249 0.000654758
 0.00075426 -0.00203249   0.0665607 -0.00656416
   0.339593 0.000654758 -0.00656416    0.423604
IMAGINARY
          0   0.0156931 -0.00157125 -0.00444087
 -0.0156931           0  0.00701872  -0.0120066
 0.00157125 -0.00701872           0 -0.00152066
 0.00444087   0.0120066  0.00152066           0
Repeater11[0]<--->Repeater10[0]
REAL
    0.43334  0.00075426  0.00495385    0.339593
 0.00075426   0.0665607 -0.00203249 -0.00656416
 0.00495385 -0.00203249   0.0764951 0.000654758
   0.339593 -0.00656416 0.000654758    0.423604
IMAGINARY
          0 -0.00157125   0.0156931 -0.00444087
 0.00157125           0 -0.00701872 -0.00152066
 -0.0156931  0.00701872           0  -0.0120066
 0.00444087  0.00152066   0.0120066           0
Repeater11[0]<--->HoM6[0]
REAL
   0.417271 -0.00576455 -0.00746487    0.344764
-0.00576455   0.0885668 -0.00531649 -0.00121363
-0.00746487 -0.00531649   0.0756844 -0.00962007
   0.344764 -0.00121363 -0.00962007    0.418478
IMAGINARY
           0   0.00392895  -0.00816907  0.000958607
 -0.00392895            0   -0.0045075  -0.00111261
  0.00816907    0.0045075            0   0.00111544
-0.000958607   0.00111261  -0.00111544            0
EndNode1[0]<--->Repeater1[0]
REAL
   0.364704 0.000266316  -0.0111033    0.235193
0.000266316    0.134588  0.00526026  0.00294894
 -0.0111033  0.00526026    0.126897 -0.00265295
   0.235193  0.00294894 -0.00265295    0.373811
IMAGINARY
           0   0.00595648   -0.0100522  0.000413669
 -0.00595648            0    0.0120093  0.000196518
   0.0100522   -0.0120093            0  -0.00727735
-0.000413669 -0.000196518   0.00727735            0
EndNode2[0]<--->HoM6[0]
REAL
    0.411219 -0.000251965 -0.000203699     0.342942
-0.000251965    0.0740517   0.00298221  -0.00118795
-0.000203699   0.00298221    0.0782889  0.000251965
    0.342942  -0.00118795  0.000251965     0.436441
IMAGINARY
           0   0.00486978  0.000896529   0.00190794
 -0.00486978            0   -0.0052406  -0.00339403
-0.000896529    0.0052406            0  -0.00217248
 -0.00190794   0.00339403   0.00217248            0
Repeater1[0]<--->EndNode1[0]
REAL
   0.364704  -0.0111033 0.000266316    0.235193
 -0.0111033    0.126897  0.00526026 -0.00265295
0.000266316  0.00526026    0.134588  0.00294894
   0.235193 -0.00265295  0.00294894    0.373811
IMAGINARY
           0   -0.0100522   0.00595648  0.000413669
   0.0100522            0   -0.0120093  -0.00727735
 -0.00595648    0.0120093            0  0.000196518
-0.000413669   0.00727735 -0.000196518            0
Repeater1[0]<--->HoM1[0]
REAL
    0.365362  -0.00251038   0.00302124     0.234495
 -0.00251038     0.122054  -0.00366223 -0.000135828
  0.00302124  -0.00366223     0.143628  -0.00161163
    0.234495 -0.000135828  -0.00161163     0.368957
IMAGINARY
           0  0.000807678   0.00154473  -0.00252487
-0.000807678            0   0.00212583   0.00315245
 -0.00154473  -0.00212583            0    0.0048889
  0.00252487  -0.00315245   -0.0048889            0
Repeater2[0]<--->HoM1[0]
REAL
    0.365362   0.00302124  -0.00251038     0.234495
  0.00302124     0.143628  -0.00366223  -0.00161163
 -0.00251038  -0.00366223     0.122054 -0.000135828
    0.234495  -0.00161163 -0.000135828     0.368957
IMAGINARY
           0   0.00154473  0.000807678  -0.00252487
 -0.00154473            0  -0.00212583    0.0048889
-0.000807678   0.00212583            0   0.00315245
  0.00252487   -0.0048889  -0.00315245            0
Repeater2[0]<--->Repeater3[0]
REAL
    0.293665  0.000989338 -0.000932411     0.109608
 0.000989338     0.199352  -0.00163492   0.00313594
-0.000932411  -0.00163492     0.190043   0.00942733
    0.109608   0.00313594   0.00942733      0.31694
IMAGINARY
          0  0.00645334  -0.0139491  -0.0102308
-0.00645334           0  0.00599519 -0.00932506
  0.0139491 -0.00599519           0   0.0134678
  0.0102308  0.00932506  -0.0134678           0
Repeater3[0]<--->Repeater2[0]
REAL
    0.293665 -0.000932411  0.000989338     0.109608
-0.000932411     0.190043  -0.00163492   0.00942733
 0.000989338  -0.00163492     0.199352   0.00313594
    0.109608   0.00942733   0.00313594      0.31694
IMAGINARY
          0  -0.0139491  0.00645334  -0.0102308
  0.0139491           0 -0.00599519   0.0134678
-0.00645334  0.00599519           0 -0.00932506
  0.0102308  -0.0134678  0.00932506           0
Repeater3[0]<--->HoM2[0]
REAL
   0.309854  -0.0023474 0.000658396     0.11261
 -0.0023474    0.198475 -0.00272879  0.00863014
0.000658396 -0.00272879    0.192454  0.00333555
    0.11261  0.00863014  0.00333555    0.299217
IMAGINARY
           0  -0.00428478   0.00770463  -0.00338467
  0.00428478            0 -0.000577937   0.00128924
 -0.00770463  0.000577937            0   0.00833696
  0.00338467  -0.00128924  -0.00833696            0
Repeater4[0]<--->HoM2[0]
REAL
   0.309854 0.000658396  -0.0023474     0.11261
0.000658396    0.192454 -0.00272879  0.00333555
 -0.0023474 -0.00272879    0.198475  0.00863014
    0.11261  0.00333555  0.00863014    0.299217
IMAGINARY
           0   0.00770463  -0.00428478  -0.00338467
 -0.00770463            0  0.000577937   0.00833696
  0.00428478 -0.000577937            0   0.00128924
  0.00338467  -0.00833696  -0.00128924            0
Repeater4[0]<--->Repeater5[0]
REAL
   0.270813 -0.00726861 0.000184581   0.0572261
-0.00726861    0.220823  0.00109552 -0.00269412
0.000184581  0.00109552    0.226727 -0.00126381
  0.0572261 -0.00269412 -0.00126381    0.281637
IMAGINARY
           0  -0.00119451   0.00488773  -0.00574652
  0.00119451            0  -0.00222894 -0.000707794
 -0.00488773   0.00222894            0 -0.000994985
  0.00574652  0.000707794  0.000994985            0
Repeater5[0]<--->Repeater4[0]
REAL
   0.270813 0.000184581 -0.00726861   0.0572261
0.000184581    0.226727  0.00109552 -0.00126381
-0.00726861  0.00109552    0.220823 -0.00269412
  0.0572261 -0.00126381 -0.00269412    0.281637
IMAGINARY
           0   0.00488773  -0.00119451  -0.00574652
 -0.00488773            0   0.00222894 -0.000994985
  0.00119451  -0.00222894            0 -0.000707794
  0.00574652  0.000994985  0.000707794            0
Repeater5[0]<--->HoM3[0]
REAL
   0.278379 -0.00437094 -0.00733116   0.0517649
-0.00437094    0.224027 -0.00203508 -0.00237466
-0.00733116 -0.00203508    0.222222  0.00226968
  0.0517649 -0.00237466  0.00226968    0.275371
IMAGINARY
           0   0.00345259  -0.00702155  -0.00745837
 -0.00345259            0 -0.000764656   0.00342155
  0.00702155  0.000764656            0   0.00314741
  0.00745837  -0.00342155  -0.00314741            0
Repeater6[0]<--->HoM3[0]
REAL
   0.278379 -0.00733116 -0.00437094   0.0517649
-0.00733116    0.222222 -0.00203508  0.00226968
-0.00437094 -0.00203508    0.224027 -0.00237466
  0.0517649  0.00226968 -0.00237466    0.275371
IMAGINARY
           0  -0.00702155   0.00345259  -0.00745837
  0.00702155            0  0.000764656   0.00314741
 -0.00345259 -0.000764656            0   0.00342155
  0.00745837  -0.00314741  -0.00342155            0
Repeater6[0]<--->Repeater7[0]
REAL
    0.266225   0.00664906 -0.000994358    0.0301225
  0.00664906     0.233876   0.00178362    0.0016119
-0.000994358   0.00178362     0.231264  0.000967242
   0.0301225    0.0016119  0.000967242     0.268636
IMAGINARY
          0 -0.00428402  0.00339111 -0.00093064
 0.00428402           0  0.00337539 -0.00407752
-0.00339111 -0.00337539           0  0.00477431
 0.00093064  0.00407752 -0.00477431           0
Repeater7[0]<--->Repeater6[0]
REAL
    0.266225 -0.000994358   0.00664906    0.0301225
-0.000994358     0.231264   0.00178362  0.000967242
  0.00664906   0.00178362     0.233876    0.0016119
   0.0301225  0.000967242    0.0016119     0.268636
IMAGINARY
          0  0.00339111 -0.00428402 -0.00093064
-0.00339111           0 -0.00337539  0.00477431
 0.00428402  0.00337539           0 -0.00407752
 0.00093064 -0.00477431  0.00407752           0
Repeater7[0]<--->HoM4[0]
REAL
   0.265141    0.001607 -0.00197869    0.022857
   0.001607    0.228447  0.00639936  0.00238502
-0.00197869  0.00639936    0.247386 -0.00140383
   0.022857  0.00238502 -0.00140383    0.259025
IMAGINARY
          0  0.00371692  0.00605802 -0.00448226
-0.00371692           0 -0.00378546 -0.00547024
-0.00605802  0.00378546           0 -0.00469654
 0.00448226  0.00547024  0.00469654           0
Repeater8[0]<--->HoM4[0]
REAL
   0.265141 -0.00197869    0.001607    0.022857
-0.00197869    0.247386  0.00639936 -0.00140383
   0.001607  0.00639936    0.228447  0.00238502
   0.022857 -0.00140383  0.00238502    0.259025
IMAGINARY
          0  0.00605802  0.00371692 -0.00448226
-0.00605802           0  0.00378546 -0.00469654
-0.00371692 -0.00378546           0 -0.00547024
 0.00448226  0.00469654  0.00547024           0
Repeater8[0]<--->Repeater9[0]
REAL
   0.248416 0.000562368  0.00265803   0.0129822
0.000562368    0.251188  0.00126906  0.00356437
 0.00265803  0.00126906    0.246833   0.0080687
  0.0129822  0.00356437   0.0080687    0.253563
IMAGINARY
           0 -0.000461062   0.00217379  -0.00670578
 0.000461062            0  -0.00174152   0.00546524
 -0.00217379   0.00174152            0  -0.00127045
  0.00670578  -0.00546524   0.00127045            0
Repeater9[0]<--->Repeater8[0]
REAL
   0.248416  0.00265803 0.000562368   0.0129822
 0.00265803    0.246833  0.00126906   0.0080687
0.000562368  0.00126906    0.251188  0.00356437
  0.0129822   0.0080687  0.00356437    0.253563
IMAGINARY
           0   0.00217379 -0.000461062  -0.00670578
 -0.00217379            0   0.00174152  -0.00127045
 0.000461062  -0.00174152            0   0.00546524
  0.00670578   0.00127045  -0.00546524            0
Repeater9[0]<--->HoM5[0]
REAL
     0.2635  0.00270631 0.000436773   0.0164435
 0.00270631    0.244011  9.8464e-05 0.000941722
0.000436773  9.8464e-05    0.238936  0.00280767
  0.0164435 0.000941722  0.00280767    0.253553
IMAGINARY
           0   0.00427903  -0.00486359 -0.000586757
 -0.00427903            0  -0.00960916   0.00171274
  0.00486359   0.00960916            0  -0.00467289
 0.000586757  -0.00171274   0.00467289            0
Repeater10[0]<--->HoM5[0]
REAL
     0.2635 0.000436773  0.00270631   0.0164435
0.000436773    0.238936  9.8464e-05  0.00280767
 0.00270631  9.8464e-05    0.244011 0.000941722
  0.0164435  0.00280767 0.000941722    0.253553
IMAGINARY
           0  -0.00486359   0.00427903 -0.000586757
  0.00486359            0   0.00960916  -0.00467289
 -0.00427903  -0.00960916            0   0.00171274
 0.000586757   0.00467289  -0.00171274            0
Repeater10[0]<--->Repeater11[0]
REAL
   0.420692 -0.00585626   -0.010313    0.345778
-0.00585626   0.0740741  0.00363075 -0.00342268
  -0.010313  0.00363075    0.078905 -0.00366851
   0.345778 -0.00342268 -0.00366851    0.426329
IMAGINARY
           0  -0.00516086   0.00128736   0.00267037
  0.00516086            0  0.000511812  -0.00514951
 -0.00128736 -0.000511812            0    -0.001078
 -0.00267037   0.00514951     0.001078            0
Repeater11[0]<--->Repeater10[0]
REAL
   0.420692   -0.010313 -0.00585626    0.345778
  -0.010313    0.078905  0.00363075 -0.00366851
-0.00585626  0.00363075   0.0740741 -0.00342268
   0.345778 -0.00366851 -0.00342268    0.426329
IMAGINARY
           0   0.00128736  -0.00516086   0.00267037
 -0.00128736            0 -0.000511812    -0.001078
  0.00516086  0.000511812            0  -0.00514951
 -0.00267037     0.001078   0.00514951            0
Repeater11[0]<--->HoM6[0]
REAL
    0.411219 -0.000203699 -0.000251965     0.342942
-0.000203699    0.0782889   0.00298221  0.000251965
-0.000251965   0.00298221    0.0740517  -0.00118795
    0.342942  0.000251965  -0.00118795     0.436441
IMAGINARY
           0  0.000896529   0.00486978   0.00190794
-0.000896529            0    0.0052406  -0.00217248
 -0.00486978   -0.0052406            0  -0.00339403
 -0.00190794   0.00217248   0.00339403            0
EndNode1[0]<--->Repeater1[0]
REAL
    0.377214   0.00282369 -0.000239089     0.238121
  0.00282369     0.137681   -0.0016187  -0.00641193
-0.000239089   -0.0016187        0.125 -0.000280655
    0.238121  -0.00641193 -0.000280655     0.360105
IMAGINARY
           0  0.000830178 -0.000299075  -0.00221191
-0.000830178            0  -0.00162183  -0.00580703
 0.000299075   0.00162183            0   0.00847913
  0.00221191   0.00580703  -0.00847913            0
EndNode2[0]<--->HoM6[0]
REAL
   0.427783 0.000502564 -0.00142905    0.347574
0.000502564   0.0731359 -0.00102458 -0.00262474
-0.00142905 -0.00102458   0.0743616 -0.00416086
   0.347574 -0.00262474 -0.00416086    0.424719
IMAGINARY
           0   0.00359471   0.00284789  -0.00491793
 -0.00359471            0  0.000838325   0.00564007
 -0.00284789 -0.000838325            0   0.00430107
  0.00491793  -0.00564007  -0.00430107            0
Repeater1[0]<--->EndNode1[0]
REAL
    0.377214 -0.000239089   0.00282369     0.238121
-0.000239089        0.125   -0.0016187 -0.000280655
  0.00282369   -0.0016187     0.137681  -0.00641193
    0.238121 -0.000280655  -0.00641193     0.360105
IMAGINARY
           0 -0.000299075  0.000830178  -0.00221191
 0.000299075            0   0.00162183   0.00847913
-0.000830178  -0.00162183            0  -0.00580703
  0.00221191  -0.00847913   0.00580703            0
Repeater1[0]<--->HoM1[0]
REAL
    0.368257   0.00721953   0.00919192     0.241325
  0.00721953     0.130867 -0.000106943   0.00479895
  0.00919192 -0.000106943     0.132619    0.0115342
    0.241325   0.00479895    0.0115342     0.368257
IMAGINARY
          0  0.00126251 -0.00374109  0.00966799
-0.00126251           0 -0.00198796  0.00199678
 0.00374109  0.00198796           0  -0.0077267
-0.00966799 -0.00199678   0.0077267           0
Repeater2[0]<--->HoM1[0]
REAL
    0.368257   0.00919192   0.00721953     0.241325
  0.00919192     0.132619 -0.000106943    0.0115342
  0.00721953 -0.000106943     0.130867   0.00479895
    0.241325    0.0115342   0.00479895     0.368257
IMAGINARY
          0 -0.00374109  0.00126251  0.00966799
 0.00374109           0  0.00198796  -0.0077267
-0.00126251 -0.00198796           0  0.00199678
-0.00966799   0.0077267 -0.00199678           0
Repeater2[0]<--->Repeater3[0]
REAL
   0.301686 -0.00291466   0.0044616     0.11416
-0.00291466    0.195705   0.0021636 -0.00536178
  0.0044616   0.0021636    0.188077 -0.00158624
    0.11416 -0.00536178 -0.00158624    0.314532
IMAGINARY
          0  0.00325809  0.00682807  0.00301153
-0.00325809           0   0.0108115  0.00192316
-0.00682807  -0.0108115           0 -0.00473301
-0.00301153 -0.00192316  0.00473301           0
Repeater3[0]<--->Repeater2[0]
REAL
   0.301686   0.0044616 -0.00291466     0.11416
  0.0044616    0.188077   0.0021636 -0.00158624
-0.00291466   0.0021636    0.195705 -0.00536178
    0.11416 -0.00158624 -0.00536178    0.314532
IMAGINARY
          0  0.00682807  0.00325809  0.00301153
-0.00682807           0  -0.0108115 -0.00473301
-0.00325809   0.0108115           0  0.00192316
-0.00301153  0.00473301 -0.00192316           0
Repeater3[0]<--->HoM2[0]
REAL
    0.302637   0.00332613 -0.000289972      0.11299
  0.00332613     0.195199   -0.0080391   0.00562304
-0.000289972   -0.0080391     0.191854   0.00381816
     0.11299   0.00562304   0.00381816     0.310311
IMAGINARY
          0  0.00660686 -0.00350697 -0.00530107
-0.00660686           0  0.00796283 -0.00089967
 0.00350697 -0.00796283           0   0.0033337
 0.00530107  0.00089967  -0.0033337           0
Repeater4[0]<--->HoM2[0]
REAL
    0.302637 -0.000289972   0.00332613      0.11299
-0.000289972     0.191854   -0.0080391   0.00381816
  0.00332613   -0.0080391     0.195199   0.00562304
     0.11299   0.00381816   0.00562304     0.310311
IMAGINARY
          0 -0.00350697  0.00660686 -0.00530107
 0.00350697           0 -0.00796283   0.0033337
-0.00660686  0.00796283           0 -0.00089967
 0.00530107  -0.0033337  0.00089967           0
Repeater4[0]<--->Repeater5[0]
REAL
   0.281633  0.00299172 -0.00465343   0.0540893
 0.00299172    0.225709 -0.00558397  0.00417127
-0.00465343 -0.00558397    0.214444 0.000576263
  0.0540893  0.00417127 0.000576263    0.278214
IMAGINARY
           0  -0.00601386  -0.00477562  -0.00201441
  0.00601386            0  -0.00934695 -0.000902807
  0.00477562   0.00934695            0  -0.00783352
  0.00201441  0.000902807   0.00783352            0
Repeater5[0]<--->Repeater4[0]
REAL
   0.281633 -0.00465343  0.00299172   0.0540893
-0.00465343    0.214444 -0.00558397 0.000576263
 0.00299172 -0.00558397    0.225709  0.00417127
  0.0540893 0.000576263  0.00417127    0.278214
IMAGINARY
           0  -0.00477562  -0.00601386  -0.00201441
  0.00477562            0   0.00934695  -0.00783352
  0.00601386  -0.00934695            0 -0.000902807
  0.00201441   0.00783352  0.000902807            0
Repeater5[0]<--->HoM3[0]
REAL
   0.279432 -0.00258632  0.00555443   0.0530885
-0.00258632    0.224808 0.000133077  0.00363563
 0.00555443 0.000133077    0.217906  0.00531304
  0.0530885  0.00363563  0.00531304    0.277854
IMAGINARY
           0 -0.000786432   0.00186253   0.00559266
 0.000786432            0   0.00599234  0.000659159
 -0.00186253  -0.00599234            0   0.00512373
 -0.00559266 -0.000659159  -0.00512373            0
Repeater6[0]<--->HoM3[0]
REAL
   0.279432  0.00555443 -0.00258632   0.0530885
 0.00555443    0.217906 0.000133077  0.00531304
-0.00258632 0.000133077    0.224808  0.00363563
  0.0530885  0.00531304  0.00363563    0.277854
IMAGINARY
           0   0.00186253 -0.000786432   0.00559266
 -0.00186253            0  -0.00599234   0.00512373
 0.000786432   0.00599234            0  0.000659159
 -0.00559266  -0.00512373 -0.000659159            0
Repeater6[0]<--->Repeater7[0]
REAL
    0.256157 -0.000467774  -0.00838066    0.0294325
-0.000467774     0.237347   0.00773781  -0.00101183
 -0.00838066   0.00773781     0.237735   0.00426474
   0.0294325  -0.00101183   0.00426474     0.268761
IMAGINARY
           0 -9.82284e-05   0.00148244   0.00135698
 9.82284e-05            0  0.000663223   0.00138289
 -0.00148244 -0.000663223            0  0.000302895
 -0.00135698  -0.00138289 -0.000302895            0
Repeater7[0]<--->Repeater6[0]
REAL
    0.256157  -0.00838066 -0.000467774    0.0294325
 -0.00838066     0.237735   0.00773781   0.00426474
-0.000467774   0.00773781     0.237347  -0.00101183
   0.0294325   0.00426474  -0.00101183     0.268761
IMAGINARY
           0   0.00148244 -9.82284e-05   0.00135698
 -0.00148244            0 -0.000663223  0.000302895
 9.82284e-05  0.000663223            0   0.00138289
 -0.00135698 -0.000302895  -0.00138289            0
Repeater7[0]<--->HoM4[0]
REAL
   0.264234  0.00909624  0.00405593    0.025826
 0.00909624    0.240778  0.00277994 -0.00345158
 0.00405593  0.00277994    0.240577  0.00359514
   0.025826 -0.00345158  0.00359514    0.254411
IMAGINARY
          0 -0.00456963 -0.00281555  0.00591518
 0.00456963           0  0.00148858 -0.00479968
 0.00281555 -0.00148858           0  -0.0010416
-0.00591518  0.00479968   0.0010416           0
Repeater8[0]<--->HoM4[0]
REAL
   0.264234  0.00405593  0.00909624    0.025826
 0.00405593    0.240577  0.00277994  0.00359514
 0.00909624  0.00277994    0.240778 -0.00345158
   0.025826  0.00359514 -0.00345158    0.254411
IMAGINARY
          0 -0.00281555 -0.00456963  0.00591518
 0.00281555           0 -0.00148858  -0.0010416
 0.00456963  0.00148858           0 -0.00479968
-0.00591518   0.0010416  0.00479968           0
Repeater8[0]<--->Repeater9[0]
REAL
    0.251674  -0.00267884 -0.000100463   0.00573581
 -0.00267884     0.249705   0.00121003 -2.01854e-07
-0.000100463   0.00121003      0.25384   0.00116887
  0.00573581 -2.01854e-07   0.00116887     0.244781
IMAGINARY
           0   -0.0012828  0.000551416  -0.00199859
   0.0012828            0   -0.0074734  -0.00448687
-0.000551416    0.0074734            0  -0.00698166
  0.00199859   0.00448687   0.00698166            0
Repeater9[0]<--->Repeater8[0]
REAL
    0.251674 -0.000100463  -0.00267884   0.00573581
-0.000100463      0.25384   0.00121003   0.00116887
 -0.00267884   0.00121003     0.249705 -2.01854e-07
