EndNode1[0]<--->Repeater1[0]
REAL
   0.332738  0.00496632  0.00849699    0.164798
 0.00496632    0.162007 -0.00173904 -0.00198266
 0.00849699 -0.00173904    0.171327  0.00856344
   0.164798 -0.00198266  0.00856344    0.333928
IMAGINARY
           0    0.0117818  -0.00818438 -0.000902168
  -0.0117818            0 -0.000302168  -0.00116505
  0.00818438  0.000302168            0   0.00886488
 0.000902168   0.00116505  -0.00886488            0
EndNode2[0]<--->HoM6[0]
REAL
   0.393988 0.000815907 -0.00383927    0.291259
0.000815907     0.10934 -0.00252047  0.00130736
-0.00383927 -0.00252047    0.111963 -0.00395547
   0.291259  0.00130736 -0.00395547    0.384708
IMAGINARY
           0   0.00330228   0.00273307  -0.00436882
 -0.00330228            0 -0.000781734 -0.000410308
 -0.00273307  0.000781734            0  -0.00744285
  0.00436882  0.000410308   0.00744285            0
Repeater1[0]<--->EndNode1[0]
REAL
   0.332738  0.00849699  0.00496632    0.164798
 0.00849699    0.171327 -0.00173904  0.00856344
 0.00496632 -0.00173904    0.162007 -0.00198266
   0.164798  0.00856344 -0.00198266    0.333928
IMAGINARY
           0  -0.00818438    0.0117818 -0.000902168
  0.00818438            0  0.000302168   0.00886488
  -0.0117818 -0.000302168            0  -0.00116505
 0.000902168  -0.00886488   0.00116505            0
Repeater1[0]<--->HoM1[0]
REAL
   0.328881 -0.00524921 3.44308e-05    0.169103
-0.00524921    0.170006 0.000587223 -0.00427423
3.44308e-05 0.000587223    0.172435  0.00791141
   0.169103 -0.00427423  0.00791141    0.328678
IMAGINARY
           0  0.000173236  -0.00217222   0.00055278
-0.000173236            0  -0.00361058   0.00108246
  0.00217222   0.00361058            0   -0.0111699
 -0.00055278  -0.00108246    0.0111699            0
Repeater2[0]<--->HoM1[0]
REAL
   0.328881 3.44308e-05 -0.00524921    0.169103
3.44308e-05    0.172435 0.000587223  0.00791141
-0.00524921 0.000587223    0.170006 -0.00427423
   0.169103  0.00791141 -0.00427423    0.328678
IMAGINARY
           0  -0.00217222  0.000173236   0.00055278
  0.00217222            0   0.00361058   -0.0111699
-0.000173236  -0.00361058            0   0.00108246
 -0.00055278    0.0111699  -0.00108246            0
Repeater2[0]<--->Repeater3[0]
REAL
    0.280578   0.00260921   0.00584219    0.0544419
  0.00260921     0.218518 -0.000655372   0.00181243
  0.00584219 -0.000655372      0.22133  -0.00475251
   0.0544419   0.00181243  -0.00475251     0.279574
IMAGINARY
           0   0.00545635  -0.00781344 -0.000521864
 -0.00545635            0    0.0014181  0.000251076
  0.00781344   -0.0014181            0   0.00623094
 0.000521864 -0.000251076  -0.00623094            0
Repeater3[0]<--->Repeater2[0]
REAL
    0.280578   0.00584219   0.00260921    0.0544419
  0.00584219      0.22133 -0.000655372  -0.00475251
  0.00260921 -0.000655372     0.218518   0.00181243
   0.0544419  -0.00475251   0.00181243     0.279574
IMAGINARY
           0  -0.00781344   0.00545635 -0.000521864
  0.00781344            0   -0.0014181   0.00623094
 -0.00545635    0.0014181            0  0.000251076
 0.000521864  -0.00623094 -0.000251076            0
Repeater3[0]<--->HoM2[0]
REAL
   0.274242  0.00105168 0.000277102   0.0592546
 0.00105168    0.217728 -0.00737819 -0.00599655
0.000277102 -0.00737819    0.225064 -0.00697181
  0.0592546 -0.00599655 -0.00697181    0.282966
IMAGINARY
          0 -0.00653286 -0.00198132 -0.00541776
 0.00653286           0 -0.00641537 -0.00137575
 0.00198132  0.00641537           0 -0.00191068
 0.00541776  0.00137575  0.00191068           0
Repeater4[0]<--->HoM2[0]
REAL
   0.274242 0.000277102  0.00105168   0.0592546
0.000277102    0.225064 -0.00737819 -0.00697181
 0.00105168 -0.00737819    0.217728 -0.00599655
  0.0592546 -0.00697181 -0.00599655    0.282966
IMAGINARY
          0 -0.00198132 -0.00653286 -0.00541776
 0.00198132           0  0.00641537 -0.00191068
 0.00653286 -0.00641537           0 -0.00137575
 0.00541776  0.00191068  0.00137575           0
Repeater4[0]<--->Repeater5[0]
REAL
  0.262746 0.00436067 -0.0156219  0.0177518
0.00436067   0.235448 0.00549247 0.00187313
-0.0156219 0.00549247   0.242874 0.00127732
 0.0177518 0.00187313 0.00127732   0.258932
IMAGINARY
           0   0.00480743  -0.00172723  -0.00305287
 -0.00480743            0   0.00236158 -0.000400429
  0.00172723  -0.00236158            0    0.0149494
  0.00305287  0.000400429   -0.0149494            0
Repeater5[0]<--->Repeater4[0]
REAL
  0.262746 -0.0156219 0.00436067  0.0177518
-0.0156219   0.242874 0.00549247 0.00127732
0.00436067 0.00549247   0.235448 0.00187313
 0.0177518 0.00127732 0.00187313   0.258932
IMAGINARY
           0  -0.00172723   0.00480743  -0.00305287
  0.00172723            0  -0.00236158    0.0149494
 -0.00480743   0.00236158            0 -0.000400429
  0.00305287   -0.0149494  0.000400429            0
Repeater5[0]<--->HoM3[0]
REAL
    0.260645   0.00720614 -0.000354799    0.0233452
  0.00720614      0.24035   -0.0055375  -0.00657041
-0.000354799   -0.0055375     0.225229  -0.00166598
   0.0233452  -0.00657041  -0.00166598     0.273776
IMAGINARY
          0 -0.00641292  0.00556681  0.00252089
 0.00641292           0 -0.00629973 -0.00786543
-0.00556681  0.00629973           0  0.00131598
-0.00252089  0.00786543 -0.00131598           0
Repeater6[0]<--->HoM3[0]
REAL
    0.260645 -0.000354799   0.00720614    0.0233452
-0.000354799     0.225229   -0.0055375  -0.00166598
  0.00720614   -0.0055375      0.24035  -0.00657041
   0.0233452  -0.00166598  -0.00657041     0.273776
IMAGINARY
          0  0.00556681 -0.00641292  0.00252089
-0.00556681           0  0.00629973  0.00131598
 0.00641292 -0.00629973           0 -0.00786543
-0.00252089 -0.00131598  0.00786543           0
Repeater6[0]<--->Repeater7[0]
REAL
    0.258097  -0.00540685 -0.000653266  -0.00116091
 -0.00540685     0.242201  -0.00416572 -0.000653266
-0.000653266  -0.00416572     0.250745    0.0036983
 -0.00116091 -0.000653266    0.0036983     0.248957
IMAGINARY
           0   0.00626435   0.00273228  0.000558534
 -0.00626435            0   0.00106947   -0.0029326
 -0.00273228  -0.00106947            0    0.0049536
-0.000558534    0.0029326   -0.0049536            0
Repeater7[0]<--->Repeater6[0]
REAL
    0.258097 -0.000653266  -0.00540685  -0.00116091
-0.000653266     0.250745  -0.00416572    0.0036983
 -0.00540685  -0.00416572     0.242201 -0.000653266
 -0.00116091    0.0036983 -0.000653266     0.248957
IMAGINARY
           0   0.00273228   0.00626435  0.000558534
 -0.00273228            0  -0.00106947    0.0049536
 -0.00626435   0.00106947            0   -0.0029326
-0.000558534   -0.0049536    0.0029326            0
Repeater7[0]<--->HoM4[0]
REAL
   0.241094 -0.00683001  0.00304802   0.0106468
-0.00683001    0.248376 -0.00597015 -0.00911767
 0.00304802 -0.00597015    0.248573 -0.00381675
  0.0106468 -0.00911767 -0.00381675    0.261956
IMAGINARY
           0 -0.000817628  3.16599e-05 -0.000488684
 0.000817628            0    0.0144754    0.0024559
-3.16599e-05   -0.0144754            0   0.00489723
 0.000488684   -0.0024559  -0.00489723            0
Repeater8[0]<--->HoM4[0]
REAL
   0.241094  0.00304802 -0.00683001   0.0106468
 0.00304802    0.248573 -0.00597015 -0.00381675
-0.00683001 -0.00597015    0.248376 -0.00911767
  0.0106468 -0.00381675 -0.00911767    0.261956
IMAGINARY
           0  3.16599e-05 -0.000817628 -0.000488684
-3.16599e-05            0   -0.0144754   0.00489723
 0.000817628    0.0144754            0    0.0024559
 0.000488684  -0.00489723   -0.0024559            0
Repeater8[0]<--->Repeater9[0]
REAL
  0.259738 0.00252826 0.00356579 0.00113988
0.00252826    0.24066 -0.0119739 0.00808589
0.00356579 -0.0119739   0.252981   0.008919
0.00113988 0.00808589   0.008919   0.246622
IMAGINARY
           0 -0.000359868   0.00351108   0.00825809
 0.000359868            0   0.00061529   0.00270071
 -0.00351108  -0.00061529            0  -0.00762672
 -0.00825809  -0.00270071   0.00762672            0
Repeater9[0]<--->Repeater8[0]
REAL
  0.259738 0.00356579 0.00252826 0.00113988
0.00356579   0.252981 -0.0119739   0.008919
0.00252826 -0.0119739    0.24066 0.00808589
0.00113988   0.008919 0.00808589   0.246622
IMAGINARY
           0   0.00351108 -0.000359868   0.00825809
 -0.00351108            0  -0.00061529  -0.00762672
 0.000359868   0.00061529            0   0.00270071
 -0.00825809   0.00762672  -0.00270071            0
Repeater9[0]<--->HoM5[0]
REAL
   0.257382 -0.00167074  0.00905139 -0.00256696
-0.00167074    0.243017  -0.0018721 -0.00138391
 0.00905139  -0.0018721    0.252594 -0.00236477
-0.00256696 -0.00138391 -0.00236477    0.247007
IMAGINARY
          0 -0.00752638 -0.00350177   0.0030111
 0.00752638           0 -0.00281495 -0.00156077
 0.00350177  0.00281495           0  0.00305944
 -0.0030111  0.00156077 -0.00305944           0
Repeater10[0]<--->HoM5[0]
REAL
   0.257382  0.00905139 -0.00167074 -0.00256696
 0.00905139    0.252594  -0.0018721 -0.00236477
-0.00167074  -0.0018721    0.243017 -0.00138391
-0.00256696 -0.00236477 -0.00138391    0.247007
IMAGINARY
          0 -0.00350177 -0.00752638   0.0030111
 0.00350177           0  0.00281495  0.00305944
 0.00752638 -0.00281495           0 -0.00156077
 -0.0030111 -0.00305944  0.00156077           0
Repeater10[0]<--->Repeater11[0]
REAL
    0.407586   0.00182351  -0.00683868     0.292335
  0.00182351    0.0993377 -0.000651323  -0.00015852
 -0.00683868 -0.000651323     0.103753  -0.00482231
    0.292335  -0.00015852  -0.00482231     0.389324
IMAGINARY
          0 -0.00144846   -0.002156  0.00238394
 0.00144846           0  0.00762006 -0.00345522
   0.002156 -0.00762006           0   0.0100657
-0.00238394  0.00345522  -0.0100657           0
Repeater11[0]<--->Repeater10[0]
REAL
    0.407586  -0.00683868   0.00182351     0.292335
 -0.00683868     0.103753 -0.000651323  -0.00482231
  0.00182351 -0.000651323    0.0993377  -0.00015852
    0.292335  -0.00482231  -0.00015852     0.389324
IMAGINARY
          0   -0.002156 -0.00144846  0.00238394
   0.002156           0 -0.00762006   0.0100657
 0.00144846  0.00762006           0 -0.00345522
-0.00238394  -0.0100657  0.00345522           0
Repeater11[0]<--->HoM6[0]
REAL
   0.393988 -0.00383927 0.000815907    0.291259
-0.00383927    0.111963 -0.00252047 -0.00395547
0.000815907 -0.00252047     0.10934  0.00130736
   0.291259 -0.00395547  0.00130736    0.384708
IMAGINARY
           0   0.00273307   0.00330228  -0.00436882
 -0.00273307            0  0.000781734  -0.00744285
 -0.00330228 -0.000781734            0 -0.000410308
  0.00436882   0.00744285  0.000410308            0
EndNode1[0]<--->Repeater1[0]
REAL
   0.335396  0.00284932 -0.00476519     0.16654
 0.00284932    0.170293 -0.00396912  0.00214634
-0.00476519 -0.00396912    0.164704 -0.00446092
    0.16654  0.00214634 -0.00446092    0.329607
IMAGINARY
           0  -0.00405239  -0.00298902   0.00299859
  0.00405239            0 -0.000720006  0.000405551
  0.00298902  0.000720006            0   0.00226383
 -0.00299859 -0.000405551  -0.00226383            0
EndNode2[0]<--->HoM6[0]
REAL
   0.384417 -0.00183453 -0.00152385    0.294427
-0.00183453    0.106463  0.00510021   -0.001627
-0.00152385  0.00510021    0.103688  0.00380381
   0.294427   -0.001627  0.00380381    0.405432
IMAGINARY
           0   0.00981359  -0.00124995   0.00753261
 -0.00981359            0  -0.00307195  -0.00313077
  0.00124995   0.00307195            0  0.000142603
 -0.00753261   0.00313077 -0.000142603            0
Repeater1[0]<--->EndNode1[0]
REAL
   0.335396 -0.00476519  0.00284932     0.16654
-0.00476519    0.164704 -0.00396912 -0.00446092
 0.00284932 -0.00396912    0.170293  0.00214634
    0.16654 -0.00446092  0.00214634    0.329607
IMAGINARY
           0  -0.00298902  -0.00405239   0.00299859
  0.00298902            0  0.000720006   0.00226383
  0.00405239 -0.000720006            0  0.000405551
 -0.00299859  -0.00226383 -0.000405551            0
Repeater1[0]<--->HoM1[0]
REAL
    0.330273  -0.00675593   0.00277712     0.164809
 -0.00675593     0.174023 -0.000838518  0.000862184
  0.00277712 -0.000838518     0.168555 -0.000927044
    0.164809  0.000862184 -0.000927044     0.327148
IMAGINARY
          0  0.00570574 -0.00237906 -0.00356079
-0.00570574           0  0.00215177 -0.00678964
 0.00237906 -0.00215177           0  0.00244422
 0.00356079  0.00678964 -0.00244422           0
Repeater2[0]<--->HoM1[0]
REAL
    0.330273   0.00277712  -0.00675593     0.164809
  0.00277712     0.168555 -0.000838518 -0.000927044
 -0.00675593 -0.000838518     0.174023  0.000862184
    0.164809 -0.000927044  0.000862184     0.327148
IMAGINARY
          0 -0.00237906  0.00570574 -0.00356079
 0.00237906           0 -0.00215177  0.00244422
-0.00570574  0.00215177           0 -0.00678964
 0.00356079 -0.00244422  0.00678964           0
Repeater2[0]<--->Repeater3[0]
REAL
   0.276334  0.00838432 -0.00345597   0.0545702
 0.00838432    0.223567  0.00393088 -0.00102878
-0.00345597  0.00393088    0.221583 -0.00230499
  0.0545702 -0.00102878 -0.00230499    0.278516
IMAGINARY
          0  0.00443096   0.0058426 -0.00121837
-0.00443096           0   0.0024155   0.0068426
 -0.0058426  -0.0024155           0 -0.00493837
 0.00121837  -0.0068426  0.00493837           0
Repeater3[0]<--->Repeater2[0]
REAL
   0.276334 -0.00345597  0.00838432   0.0545702
-0.00345597    0.221583  0.00393088 -0.00230499
 0.00838432  0.00393088    0.223567 -0.00102878
  0.0545702 -0.00230499 -0.00102878    0.278516
IMAGINARY
          0   0.0058426  0.00443096 -0.00121837
 -0.0058426           0  -0.0024155 -0.00493837
-0.00443096   0.0024155           0   0.0068426
 0.00121837  0.00493837  -0.0068426           0
Repeater3[0]<--->HoM2[0]
REAL
    0.29176  0.00348064   0.0050733   0.0572527
 0.00348064    0.220142  -0.0025181 -0.00789267
  0.0050733  -0.0025181    0.212208  0.00186643
  0.0572527 -0.00789267  0.00186643     0.27589
IMAGINARY
          0  0.00485694  0.00054527 -0.00388099
-0.00485694           0  0.00668099 -0.00696693
-0.00054527 -0.00668099           0  -0.0075244
 0.00388099  0.00696693   0.0075244           0
Repeater4[0]<--->HoM2[0]
REAL
    0.29176   0.0050733  0.00348064   0.0572527
  0.0050733    0.212208  -0.0025181  0.00186643
 0.00348064  -0.0025181    0.220142 -0.00789267
  0.0572527  0.00186643 -0.00789267     0.27589
IMAGINARY
          0  0.00054527  0.00485694 -0.00388099
-0.00054527           0 -0.00668099  -0.0075244
-0.00485694  0.00668099           0 -0.00696693
 0.00388099   0.0075244  0.00696693           0
Repeater4[0]<--->Repeater5[0]
REAL
   0.267296 -0.00970494 -0.00369022   0.0132835
-0.00970494    0.225826 -0.00188606  0.00458219
-0.00369022 -0.00188606    0.232601  0.00128075
  0.0132835  0.00458219  0.00128075    0.274276
IMAGINARY
          0 -0.00168147 -0.00385535  0.00248641
 0.00168147           0 -0.00278315 -0.00100287
 0.00385535  0.00278315           0 -0.00238357
-0.00248641  0.00100287  0.00238357           0
Repeater5[0]<--->Repeater4[0]
REAL
   0.267296 -0.00369022 -0.00970494   0.0132835
-0.00369022    0.232601 -0.00188606  0.00128075
-0.00970494 -0.00188606    0.225826  0.00458219
  0.0132835  0.00128075  0.00458219    0.274276
IMAGINARY
          0 -0.00385535 -0.00168147  0.00248641
 0.00385535           0  0.00278315 -0.00238357
 0.00168147 -0.00278315           0 -0.00100287
-0.00248641  0.00238357  0.00100287           0
Repeater5[0]<--->HoM3[0]
REAL
   0.259476  0.00215804 -0.00982916    0.021758
 0.00215804    0.249597 0.000393864  0.00310447
-0.00982916 0.000393864    0.239315  0.00377551
   0.021758  0.00310447  0.00377551    0.251613
IMAGINARY
          0 -0.00395782 -0.00114895  0.00232788
 0.00395782           0    0.004706  0.00644099
 0.00114895   -0.004706           0 -0.00603826
-0.00232788 -0.00644099  0.00603826           0
Repeater6[0]<--->HoM3[0]
REAL
   0.259476 -0.00982916  0.00215804    0.021758
-0.00982916    0.239315 0.000393864  0.00377551
 0.00215804 0.000393864    0.249597  0.00310447
   0.021758  0.00377551  0.00310447    0.251613
IMAGINARY
          0 -0.00114895 -0.00395782  0.00232788
 0.00114895           0   -0.004706 -0.00603826
 0.00395782    0.004706           0  0.00644099
-0.00232788  0.00603826 -0.00644099           0
Repeater6[0]<--->Repeater7[0]
REAL
    0.24403  0.00166789 -0.00514703   0.0113149
 0.00166789    0.252458 -0.00395607  0.00793144
-0.00514703 -0.00395607     0.24403  0.00887308
  0.0113149  0.00793144  0.00887308    0.259482
IMAGINARY
           0   0.00594022  0.000168667  -0.00369896
 -0.00594022            0  -0.00633481  -0.00144946
-0.000168667   0.00633481            0  -0.00032446
  0.00369896   0.00144946   0.00032446            0
Repeater7[0]<--->Repeater6[0]
REAL
    0.24403 -0.00514703  0.00166789   0.0113149
-0.00514703     0.24403 -0.00395607  0.00887308
 0.00166789 -0.00395607    0.252458  0.00793144
  0.0113149  0.00887308  0.00793144    0.259482
IMAGINARY
           0  0.000168667   0.00594022  -0.00369896
-0.000168667            0   0.00633481  -0.00032446
 -0.00594022  -0.00633481            0  -0.00144946
  0.00369896   0.00032446   0.00144946            0
Repeater7[0]<--->HoM4[0]
REAL
    0.253783 -0.000619491 -0.000800078   0.00321419
-0.000619491     0.259431  -0.00281467  -0.00339489
-0.000800078  -0.00281467      0.23724   0.00581326
  0.00321419  -0.00339489   0.00581326     0.249546
IMAGINARY
           0 -0.000819874  -0.00138624   0.00474616
 0.000819874            0   0.00193942  -0.00108461
  0.00138624  -0.00193942            0  -0.00679033
 -0.00474616   0.00108461   0.00679033            0
Repeater8[0]<--->HoM4[0]
REAL
    0.253783 -0.000800078 -0.000619491   0.00321419
-0.000800078      0.23724  -0.00281467   0.00581326
-0.000619491  -0.00281467     0.259431  -0.00339489
  0.00321419   0.00581326  -0.00339489     0.249546
IMAGINARY
           0  -0.00138624 -0.000819874   0.00474616
  0.00138624            0  -0.00193942  -0.00679033
 0.000819874   0.00193942            0  -0.00108461
 -0.00474616   0.00679033   0.00108461            0
Repeater8[0]<--->Repeater9[0]
REAL
    0.248607    0.0026695   0.00489109 -0.000518058
   0.0026695     0.249602   -0.0030964  -0.00288305
  0.00489109   -0.0030964     0.251393   -0.0090952
-0.000518058  -0.00288305   -0.0090952     0.250398
IMAGINARY
          0  0.00367617  0.00372459  0.00772935
-0.00367617           0 -0.00393996  0.00282043
-0.00372459  0.00393996           0 -0.00546118
-0.00772935 -0.00282043  0.00546118           0
Repeater9[0]<--->Repeater8[0]
REAL
    0.248607   0.00489109    0.0026695 -0.000518058
  0.00489109     0.251393   -0.0030964   -0.0090952
   0.0026695   -0.0030964     0.249602  -0.00288305
-0.000518058   -0.0090952  -0.00288305     0.250398
IMAGINARY
          0  0.00372459  0.00367617  0.00772935
-0.00372459           0  0.00393996 -0.00546118
-0.00367617 -0.00393996           0  0.00282043
-0.00772935  0.00546118 -0.00282043           0
Repeater9[0]<--->HoM5[0]
REAL
   0.252003 -0.00446953  0.00622422  0.00268723
-0.00446953    0.251402  -0.0025866 -0.00310488
 0.00622422  -0.0025866    0.237981  0.00034395
 0.00268723 -0.00310488  0.00034395    0.258614
IMAGINARY
           0  -0.00644707   -0.0021093   0.00669819
  0.00644707            0  -0.00669819 -0.000933293
   0.0021093   0.00669819            0  -0.00896875
 -0.00669819  0.000933293   0.00896875            0
Repeater10[0]<--->HoM5[0]
REAL
   0.252003  0.00622422 -0.00446953  0.00268723
 0.00622422    0.237981  -0.0025866  0.00034395
-0.00446953  -0.0025866    0.251402 -0.00310488
 0.00268723  0.00034395 -0.00310488    0.258614
IMAGINARY
           0   -0.0021093  -0.00644707   0.00669819
   0.0021093            0   0.00669819  -0.00896875
  0.00644707  -0.00669819            0 -0.000933293
 -0.00669819   0.00896875  0.000933293            0
Repeater10[0]<--->Repeater11[0]
REAL
    0.406722  -0.00208731  -0.00518538     0.284351
 -0.00208731     0.102228 -0.000169951   0.00855755
 -0.00518538 -0.000169951     0.106603   0.00545948
    0.284351   0.00855755   0.00545948     0.384447
IMAGINARY
           0     0.013045 -0.000675772    0.0107115
   -0.013045            0   0.00338008  0.000879438
 0.000675772  -0.00338008            0   0.00182259
  -0.0107115 -0.000879438  -0.00182259            0
Repeater11[0]<--->Repeater10[0]
REAL
    0.406722  -0.00518538  -0.00208731     0.284351
 -0.00518538     0.106603 -0.000169951   0.00545948
 -0.00208731 -0.000169951     0.102228   0.00855755
    0.284351   0.00545948   0.00855755     0.384447
IMAGINARY
           0 -0.000675772     0.013045    0.0107115
 0.000675772            0  -0.00338008   0.00182259
   -0.013045   0.00338008            0  0.000879438
  -0.0107115  -0.00182259 -0.000879438            0
Repeater11[0]<--->HoM6[0]
REAL
   0.384417 -0.00152385 -0.00183453    0.294427
-0.00152385    0.103688  0.00510021  0.00380381
-0.00183453  0.00510021    0.106463   -0.001627
   0.294427  0.00380381   -0.001627    0.405432
IMAGINARY
           0  -0.00124995   0.00981359   0.00753261
  0.00124995            0   0.00307195  0.000142603
 -0.00981359  -0.00307195            0  -0.00313077
 -0.00753261 -0.000142603   0.00313077            0
EndNode1[0]<--->Repeater1[0]
REAL
   0.335616 -0.00122838  0.00235929     0.17392
-0.00122838    0.161563 3.27594e-05  0.00563505
 0.00235929 3.27594e-05    0.171031 -0.00231341
    0.17392  0.00563505 -0.00231341    0.331789
IMAGINARY
           0  -0.00536218   0.00474896   0.00700615
  0.00536218            0  0.000764815  -0.00594133
 -0.00474896 -0.000764815            0   0.00158634
 -0.00700615   0.00594133  -0.00158634            0
EndNode2[0]<--->HoM6[0]
REAL
   0.379414  0.00096084 -0.00164273    0.290908
 0.00096084    0.108917 -0.00266603  0.00282244
-0.00164273 -0.00266603    0.108119 -0.00312364
   0.290908  0.00282244 -0.00312364    0.403551
IMAGINARY
           0   0.00336494  -0.00354244   0.00544548
 -0.00336494            0   0.00443985 -0.000875228
  0.00354244  -0.00443985            0   0.00265915
 -0.00544548  0.000875228  -0.00265915            0
Repeater1[0]<--->EndNode1[0]
REAL
   0.335616  0.00235929 -0.00122838     0.17392
 0.00235929    0.171031 3.27594e-05 -0.00231341
-0.00122838 3.27594e-05    0.161563  0.00563505
    0.17392 -0.00231341  0.00563505    0.331789
IMAGINARY
           0   0.00474896  -0.00536218   0.00700615
 -0.00474896            0 -0.000764815   0.00158634
  0.00536218  0.000764815            0  -0.00594133
 -0.00700615  -0.00158634   0.00594133            0
Repeater1[0]<--->HoM1[0]
REAL
     0.32869    0.0131438   0.00125801     0.168318
   0.0131438     0.165556 -0.000983001   0.00315081
  0.00125801 -0.000983001     0.168585  -0.00272294
    0.168318   0.00315081  -0.00272294     0.337169
IMAGINARY
          0  0.00435177  0.00153734  0.00596449
-0.00435177           0  0.00271642  0.00083326
-0.00153734 -0.00271642           0  0.00276005
-0.00596449 -0.00083326 -0.00276005           0
Repeater2[0]<--->HoM1[0]
REAL
     0.32869   0.00125801    0.0131438     0.168318
  0.00125801     0.168585 -0.000983001  -0.00272294
   0.0131438 -0.000983001     0.165556   0.00315081
    0.168318  -0.00272294   0.00315081     0.337169
IMAGINARY
          0  0.00153734  0.00435177  0.00596449
-0.00153734           0 -0.00271642  0.00276005
-0.00435177  0.00271642           0  0.00083326
-0.00596449 -0.00276005 -0.00083326           0
Repeater2[0]<--->Repeater3[0]
REAL
   0.279145 0.000572698   0.0031756   0.0627631
0.000572698    0.212614 -0.00121701 -0.00426579
  0.0031756 -0.00121701    0.224619 -0.00404148
  0.0627631 -0.00426579 -0.00404148    0.283622
IMAGINARY
          0   0.0129703 -0.00314897  0.00799084
 -0.0129703           0 -0.00282817 -0.00590576
 0.00314897  0.00282817           0  0.00424362
-0.00799084  0.00590576 -0.00424362           0
Repeater3[0]<--->Repeater2[0]
REAL
   0.279145   0.0031756 0.000572698   0.0627631
  0.0031756    0.224619 -0.00121701 -0.00404148
0.000572698 -0.00121701    0.212614 -0.00426579
  0.0627631 -0.00404148 -0.00426579    0.283622
IMAGINARY
          0 -0.00314897   0.0129703  0.00799084
 0.00314897           0  0.00282817  0.00424362
 -0.0129703 -0.00282817           0 -0.00590576
-0.00799084 -0.00424362  0.00590576           0
Repeater3[0]<--->HoM2[0]
REAL
   0.274627  0.00187347 -0.00256281   0.0680409
 0.00187347    0.219502  0.00341639 -0.00256281
-0.00256281  0.00341639    0.227662  0.00546321
  0.0680409 -0.00256281  0.00546321    0.278209
IMAGINARY
           0 -0.000932421  0.000662668  -0.00941805
 0.000932421            0   0.00199378   0.00487093
-0.000662668  -0.00199378            0   0.00745416
  0.00941805  -0.00487093  -0.00745416            0
Repeater4[0]<--->HoM2[0]
REAL
   0.274627 -0.00256281  0.00187347   0.0680409
-0.00256281    0.227662  0.00341639  0.00546321
 0.00187347  0.00341639    0.219502 -0.00256281
  0.0680409  0.00546321 -0.00256281    0.278209
IMAGINARY
           0  0.000662668 -0.000932421  -0.00941805
-0.000662668            0  -0.00199378   0.00745416
 0.000932421   0.00199378            0   0.00487093
  0.00941805  -0.00745416  -0.00487093            0
Repeater4[0]<--->Repeater5[0]
REAL
    0.256297 -0.000249528  -0.00256732    0.0149742
-0.000249528     0.245302  -0.00334628   0.00156491
 -0.00256732  -0.00334628     0.239104   0.00887022
   0.0149742   0.00156491   0.00887022     0.259296
IMAGINARY
          0  0.00367406  0.00713078  0.00218698
-0.00367406           0 -0.00614798  0.00168284
-0.00713078  0.00614798           0  0.00929881
-0.00218698 -0.00168284 -0.00929881           0
Repeater5[0]<--->Repeater4[0]
REAL
    0.256297  -0.00256732 -0.000249528    0.0149742
 -0.00256732     0.239104  -0.00334628   0.00887022
-0.000249528  -0.00334628     0.245302   0.00156491
   0.0149742   0.00887022   0.00156491     0.259296
IMAGINARY
          0  0.00713078  0.00367406  0.00218698
-0.00713078           0  0.00614798  0.00929881
-0.00367406 -0.00614798           0  0.00168284
-0.00218698 -0.00929881 -0.00168284           0
Repeater5[0]<--->HoM3[0]
REAL
   0.254719 -0.00200053   -0.001068   0.0196188
-0.00200053      0.2424 -0.00824158 0.000469199
  -0.001068 -0.00824158    0.245977  0.00499454
  0.0196188 0.000469199  0.00499454    0.256904
IMAGINARY
           0   0.00267757   -0.0025909   0.00287201
 -0.00267757            0  0.000875205  -0.00702639
   0.0025909 -0.000875205            0   0.00317213
 -0.00287201   0.00702639  -0.00317213            0
Repeater6[0]<--->HoM3[0]
REAL
   0.254719   -0.001068 -0.00200053   0.0196188
  -0.001068    0.245977 -0.00824158  0.00499454
-0.00200053 -0.00824158      0.2424 0.000469199
  0.0196188  0.00499454 0.000469199    0.256904
IMAGINARY
           0   -0.0025909   0.00267757   0.00287201
   0.0025909            0 -0.000875205   0.00317213
 -0.00267757  0.000875205            0  -0.00702639
 -0.00287201  -0.00317213   0.00702639            0
Repeater6[0]<--->Repeater7[0]
REAL
   0.249167 -0.00374685 -0.00446844  0.00089144
-0.00374685    0.249583 -0.00178024 -0.00333325
-0.00446844 -0.00178024      0.2475  -0.0111653
 0.00089144 -0.00333325  -0.0111653     0.25375
IMAGINARY
           0   0.00669955  -0.00365889  0.000636631
 -0.00669955            0 -0.000636631  -0.00494986
  0.00365889  0.000636631            0   0.00250291
-0.000636631   0.00494986  -0.00250291            0
Repeater7[0]<--->Repeater6[0]
REAL
   0.249167 -0.00446844 -0.00374685  0.00089144
-0.00446844      0.2475 -0.00178024  -0.0111653
-0.00374685 -0.00178024    0.249583 -0.00333325
 0.00089144  -0.0111653 -0.00333325     0.25375
IMAGINARY
           0  -0.00365889   0.00669955  0.000636631
  0.00365889            0  0.000636631   0.00250291
 -0.00669955 -0.000636631            0  -0.00494986
-0.000636631  -0.00250291   0.00494986            0
Repeater7[0]<--->HoM4[0]
REAL
   0.246142  0.00714252 0.000999201    0.011057
 0.00714252    0.248747 -0.00326326  0.00259792
0.000999201 -0.00326326    0.256765  -0.0105398
   0.011057  0.00259792  -0.0105398    0.248346
IMAGINARY
          0  0.00203117 -0.00331471   -0.004336
-0.00203117           0  0.00115635    -0.00677
 0.00331471 -0.00115635           0  0.00643999
   0.004336     0.00677 -0.00643999           0
Repeater8[0]<--->HoM4[0]
REAL
   0.246142 0.000999201  0.00714252    0.011057
0.000999201    0.256765 -0.00326326  -0.0105398
 0.00714252 -0.00326326    0.248747  0.00259792
   0.011057  -0.0105398  0.00259792    0.248346
IMAGINARY
          0 -0.00331471  0.00203117   -0.004336
 0.00331471           0 -0.00115635  0.00643999
-0.00203117  0.00115635           0    -0.00677
   0.004336 -0.00643999     0.00677           0
Repeater8[0]<--->Repeater9[0]
REAL
    0.250561  -0.00195119  4.15262e-05   0.00545229
 -0.00195119     0.245872 -0.000621375  -0.00748919
 4.15262e-05 -0.000621375     0.253823  0.000944752
  0.00545229  -0.00748919  0.000944752     0.249745
IMAGINARY
           0  -0.00688235  9.07177e-05  -0.00437552
  0.00688235            0  -0.00407546  0.000497057
-9.07177e-05   0.00407546            0   0.00805789
  0.00437552 -0.000497057  -0.00805789            0
Repeater9[0]<--->Repeater8[0]
REAL
    0.250561  4.15262e-05  -0.00195119   0.00545229
 4.15262e-05     0.253823 -0.000621375  0.000944752
 -0.00195119 -0.000621375     0.245872  -0.00748919
  0.00545229  0.000944752  -0.00748919     0.249745
IMAGINARY
           0  9.07177e-05  -0.00688235  -0.00437552
-9.07177e-05            0   0.00407546   0.00805789
  0.00688235  -0.00407546            0  0.000497057
  0.00437552  -0.00805789 -0.000497057            0
Repeater9[0]<--->HoM5[0]
REAL
   0.254454 -0.00586201  0.00632435   0.0114277
-0.00586201    0.259459 -0.00243283 -0.00319568
 0.00632435 -0.00243283    0.241441  -0.0068482
  0.0114277 -0.00319568  -0.0068482    0.244645
IMAGINARY
           0  -0.00465243  -0.00502852    0.0088423
  0.00465243            0   0.00103752  0.000136555
  0.00502852  -0.00103752            0   0.00118728
  -0.0088423 -0.000136555  -0.00118728            0
Repeater10[0]<--->HoM5[0]
REAL
   0.254454  0.00632435 -0.00586201   0.0114277
 0.00632435    0.241441 -0.00243283  -0.0068482
-0.00586201 -0.00243283    0.259459 -0.00319568
  0.0114277  -0.0068482 -0.00319568    0.244645
IMAGINARY
           0  -0.00502852  -0.00465243    0.0088423
  0.00502852            0  -0.00103752   0.00118728
  0.00465243   0.00103752            0  0.000136555
  -0.0088423  -0.00118728 -0.000136555            0
Repeater10[0]<--->Repeater11[0]
REAL
   0.404444 -0.00865564  0.00399884    0.293966
-0.00865564    0.101616 -0.00480159  -0.0123186
 0.00399884 -0.00480159     0.10404 -0.00351969
   0.293966  -0.0123186 -0.00351969    0.389899
IMAGINARY
           0   0.00246842   0.00548478  -0.00178072
 -0.00246842            0  0.000176227   -0.0105554
 -0.00548478 -0.000176227            0   0.00657911
  0.00178072    0.0105554  -0.00657911            0
Repeater11[0]<--->Repeater10[0]
REAL
   0.404444  0.00399884 -0.00865564    0.293966
 0.00399884     0.10404 -0.00480159 -0.00351969
-0.00865564 -0.00480159    0.101616  -0.0123186
   0.293966 -0.00351969  -0.0123186    0.389899
IMAGINARY
           0   0.00548478   0.00246842  -0.00178072
 -0.00548478            0 -0.000176227   0.00657911
 -0.00246842  0.000176227            0   -0.0105554
  0.00178072  -0.00657911    0.0105554            0
Repeater11[0]<--->HoM6[0]
REAL
   0.379414 -0.00164273  0.00096084    0.290908
-0.00164273    0.108119 -0.00266603 -0.00312364
 0.00096084 -0.00266603    0.108917  0.00282244
   0.290908 -0.00312364  0.00282244    0.403551
IMAGINARY
           0  -0.00354244   0.00336494   0.00544548
  0.00354244            0  -0.00443985   0.00265915
 -0.00336494   0.00443985            0 -0.000875228
 -0.00544548  -0.00265915  0.000875228            0
EndNode1[0]<--->Repeater1[0]
REAL
     0.33991   0.00218399  -0.00541268     0.171361
  0.00218399     0.168311 -3.28277e-05  -0.00148043
 -0.00541268 -3.28277e-05     0.161323  0.000713113
    0.171361  -0.00148043  0.000713113     0.330456
IMAGINARY
          0  0.00209314  0.00362278 -0.00295358
-0.00209314           0  0.00514919 -0.00841702
-0.00362278 -0.00514919           0  0.00330039
 0.00295358  0.00841702 -0.00330039           0
EndNode2[0]<--->HoM6[0]
REAL
    0.393987   0.00107319  0.000907383     0.288113
  0.00107319    0.0996835  -0.00171121 -0.000706822
 0.000907383  -0.00171121     0.108584  -0.00588667
    0.288113 -0.000706822  -0.00588667     0.397745
IMAGINARY
           0   0.00345251  -0.00260983 -0.000397099
 -0.00345251            0 -0.000990688  -0.00152907
  0.00260983  0.000990688            0 -0.000726894
 0.000397099   0.00152907  0.000726894            0
Repeater1[0]<--->EndNode1[0]
REAL
     0.33991  -0.00541268   0.00218399     0.171361
 -0.00541268     0.161323 -3.28277e-05  0.000713113
  0.00218399 -3.28277e-05     0.168311  -0.00148043
    0.171361  0.000713113  -0.00148043     0.330456
IMAGINARY
          0  0.00362278  0.00209314 -0.00295358
-0.00362278           0 -0.00514919  0.00330039
-0.00209314  0.00514919           0 -0.00841702
 0.00295358 -0.00330039  0.00841702           0
Repeater1[0]<--->HoM1[0]
REAL
    0.339784 -0.000936567   -0.0009596     0.166115
-0.000936567     0.160114  -0.00603952  -0.00368742
  -0.0009596  -0.00603952     0.156855   0.00360613
    0.166115  -0.00368742   0.00360613     0.343247
IMAGINARY
          0  0.00366716 -0.00371109 -0.00352802
-0.00366716           0    0.001827 -0.00602591
 0.00371109   -0.001827           0   0.0030584
 0.00352802  0.00602591  -0.0030584           0
Repeater2[0]<--->HoM1[0]
REAL
    0.339784   -0.0009596 -0.000936567     0.166115
  -0.0009596     0.156855  -0.00603952   0.00360613
-0.000936567  -0.00603952     0.160114  -0.00368742
    0.166115   0.00360613  -0.00368742     0.343247
IMAGINARY
          0 -0.00371109  0.00366716 -0.00352802
 0.00371109           0   -0.001827   0.0030584
-0.00366716    0.001827           0 -0.00602591
 0.00352802  -0.0030584  0.00602591           0
Repeater2[0]<--->Repeater3[0]
REAL
   0.274036  0.00434216 -0.00642648   0.0567463
 0.00434216    0.238057   0.0024906  0.00502086
-0.00642648   0.0024906    0.208675  -0.0115711
  0.0567463  0.00502086  -0.0115711    0.279232
IMAGINARY
          0  0.00833374  0.00118475  0.00165562
-0.00833374           0  0.00509577 -0.00360508
-0.00118475 -0.00509577           0 -0.00389647
-0.00165562  0.00360508  0.00389647           0
Repeater3[0]<--->Repeater2[0]
REAL
   0.274036 -0.00642648  0.00434216   0.0567463
-0.00642648    0.208675   0.0024906  -0.0115711
 0.00434216   0.0024906    0.238057  0.00502086
  0.0567463  -0.0115711  0.00502086    0.279232
IMAGINARY
          0  0.00118475  0.00833374  0.00165562
-0.00118475           0 -0.00509577 -0.00389647
-0.00833374  0.00509577           0 -0.00360508
-0.00165562  0.00389647  0.00360508           0
Repeater3[0]<--->HoM2[0]
REAL
    0.267813   -0.0013794 -0.000672779    0.0584774
  -0.0013794     0.222563  -0.00043379   0.00705659
-0.000672779  -0.00043379     0.223997  -0.00362944
   0.0584774   0.00705659  -0.00362944     0.285627
IMAGINARY
           0   0.00455779   0.00343173  0.000938482
 -0.00455779            0   0.00503439   -0.0142603
 -0.00343173  -0.00503439            0  -0.00286894
-0.000938482    0.0142603   0.00286894            0
Repeater4[0]<--->HoM2[0]
REAL
    0.267813 -0.000672779   -0.0013794    0.0584774
-0.000672779     0.223997  -0.00043379  -0.00362944
  -0.0013794  -0.00043379     0.222563   0.00705659
   0.0584774  -0.00362944   0.00705659     0.285627
IMAGINARY
           0   0.00343173   0.00455779  0.000938482
 -0.00343173            0  -0.00503439  -0.00286894
 -0.00455779   0.00503439            0   -0.0142603
-0.000938482   0.00286894    0.0142603            0
Repeater4[0]<--->Repeater5[0]
REAL
   0.245102 0.000972342  0.00565794   0.0249349
0.000972342    0.251499  0.00136023 -0.00310692
 0.00565794  0.00136023    0.238705  0.00197114
  0.0249349 -0.00310692  0.00197114    0.264694
IMAGINARY
           0 -0.000347526  -0.00137258    -0.004552
 0.000347526            0 -0.000767144   0.00482494
  0.00137258  0.000767144            0 -0.000145668
    0.004552  -0.00482494  0.000145668            0
Repeater5[0]<--->Repeater4[0]
REAL
   0.245102  0.00565794 0.000972342   0.0249349
 0.00565794    0.238705  0.00136023  0.00197114
0.000972342  0.00136023    0.251499 -0.00310692
  0.0249349  0.00197114 -0.00310692    0.264694
IMAGINARY
           0  -0.00137258 -0.000347526    -0.004552
  0.00137258            0  0.000767144 -0.000145668
 0.000347526 -0.000767144            0   0.00482494
    0.004552  0.000145668  -0.00482494            0
Repeater5[0]<--->HoM3[0]
REAL
    0.266389  0.000396535   -0.0024034    0.0101618
 0.000396535     0.240564    0.0107575  -0.00712322
  -0.0024034    0.0107575     0.231426 -0.000298323
   0.0101618  -0.00712322 -0.000298323     0.261621
IMAGINARY
           0    -0.008106 -0.000846148    0.0031814
    0.008106            0   0.00712478  0.000647578
 0.000846148  -0.00712478            0   0.00691458
  -0.0031814 -0.000647578  -0.00691458            0
Repeater6[0]<--->HoM3[0]
REAL
    0.266389   -0.0024034  0.000396535    0.0101618
  -0.0024034     0.231426    0.0107575 -0.000298323
 0.000396535    0.0107575     0.240564  -0.00712322
   0.0101618 -0.000298323  -0.00712322     0.261621
IMAGINARY
           0 -0.000846148    -0.008106    0.0031814
 0.000846148            0  -0.00712478   0.00691458
    0.008106   0.00712478            0  0.000647578
  -0.0031814  -0.00691458 -0.000647578            0
Repeater6[0]<--->Repeater7[0]
REAL
   0.253852  0.00110772  0.00243181  0.00952642
 0.00110772    0.252667 -0.00183722  0.00303157
 0.00243181 -0.00183722    0.247531  0.00051106
 0.00952642  0.00303157  0.00051106     0.24595
IMAGINARY
           0  -0.00249552  -0.00144038 -0.000778759
  0.00249552            0   0.00515948  -0.00383559
  0.00144038  -0.00515948            0    0.0130475
 0.000778759   0.00383559   -0.0130475            0
Repeater7[0]<--->Repeater6[0]
REAL
   0.253852  0.00243181  0.00110772  0.00952642
 0.00243181    0.247531 -0.00183722  0.00051106
 0.00110772 -0.00183722    0.252667  0.00303157
 0.00952642  0.00051106  0.00303157     0.24595
IMAGINARY
           0  -0.00144038  -0.00249552 -0.000778759
  0.00144038            0  -0.00515948    0.0130475
  0.00249552   0.00515948            0  -0.00383559
 0.000778759   -0.0130475   0.00383559            0
Repeater7[0]<--->HoM4[0]
REAL
   0.253116 -0.00538016 -0.00747671   0.0146388
-0.00538016    0.247889 -0.00362558 0.000668535
-0.00747671 -0.00362558    0.253518  0.00618112
  0.0146388 0.000668535  0.00618112    0.245476
IMAGINARY
           0   0.00601044  0.000393705  -0.00308993
 -0.00601044            0  -0.00199279   0.00414716
-0.000393705   0.00199279            0   -0.0030841
  0.00308993  -0.00414716    0.0030841            0
Repeater8[0]<--->HoM4[0]
REAL
   0.253116 -0.00747671 -0.00538016   0.0146388
-0.00747671    0.253518 -0.00362558  0.00618112
-0.00538016 -0.00362558    0.247889 0.000668535
  0.0146388  0.00618112 0.000668535    0.245476
IMAGINARY
           0  0.000393705   0.00601044  -0.00308993
-0.000393705            0   0.00199279   -0.0030841
 -0.00601044  -0.00199279            0   0.00414716
  0.00308993    0.0030841  -0.00414716            0
Repeater8[0]<--->Repeater9[0]
REAL
  0.251462 0.00305782 -0.0114032 0.00286199
0.00305782   0.247832 -0.0137574 0.00823365
-0.0114032 -0.0137574   0.254487 -0.0119722
0.00286199 0.00823365 -0.0119722   0.246219
IMAGINARY
           0  0.000513216   0.00358111  -0.00695438
-0.000513216            0   0.00484383 -0.000135632
 -0.00358111  -0.00484383            0  -0.00618812
  0.00695438  0.000135632   0.00618812            0
Repeater9[0]<--->Repeater8[0]
REAL
  0.251462 -0.0114032 0.00305782 0.00286199
-0.0114032   0.254487 -0.0137574 -0.0119722
0.00305782 -0.0137574   0.247832 0.00823365
0.00286199 -0.0119722 0.00823365   0.246219
IMAGINARY
           0   0.00358111  0.000513216  -0.00695438
