EndNode1[0]<--->Repeater1[0]
REAL
    0.308689 -0.000171947   0.00171799     0.194776
-0.000171947     0.179554     0.061859   -0.0006368
  0.00171799     0.061859     0.193703    -0.008969
    0.194776   -0.0006368    -0.008969     0.318055
IMAGINARY
           0 -0.000254586   0.00223372  0.000546994
 0.000254586            0  0.000743457  0.000738204
 -0.00223372 -0.000743457            0   0.00117691
-0.000546994 -0.000738204  -0.00117691            0
EndNode2[0]<--->HoM6[0]
REAL
   0.398329 0.000835314  0.00164434     0.36129
0.000835314   0.0949065   0.0576713 -0.00428054
 0.00164434   0.0576713    0.097891 -0.00913447
    0.36129 -0.00428054 -0.00913447    0.408874
IMAGINARY
           0 -0.000614857   0.00578913  -0.00943808
 0.000614857            0   0.00665809   0.00468048
 -0.00578913  -0.00665809            0 -0.000909843
  0.00943808  -0.00468048  0.000909843            0
Repeater1[0]<--->EndNode1[0]
REAL
    0.308689   0.00171799 -0.000171947     0.194776
  0.00171799     0.193703     0.061859    -0.008969
-0.000171947     0.061859     0.179554   -0.0006368
    0.194776    -0.008969   -0.0006368     0.318055
IMAGINARY
           0   0.00223372 -0.000254586  0.000546994
 -0.00223372            0 -0.000743457   0.00117691
 0.000254586  0.000743457            0  0.000738204
-0.000546994  -0.00117691 -0.000738204            0
Repeater1[0]<--->HoM1[0]
REAL
   0.311296  0.00361228 0.000595865    0.195139
 0.00361228    0.186222   0.0598096 -0.00198145
0.000595865   0.0598096    0.187016  0.00371155
   0.195139 -0.00198145  0.00371155    0.315466
IMAGINARY
          0  0.00401204  -0.0045805 -0.00128288
-0.00401204           0  -0.0014883 -0.00180672
  0.0045805   0.0014883           0 -0.00900206
 0.00128288  0.00180672  0.00900206           0
Repeater2[0]<--->HoM1[0]
REAL
   0.311296 0.000595865  0.00361228    0.195139
0.000595865    0.187016   0.0598096  0.00371155
 0.00361228   0.0598096    0.186222 -0.00198145
   0.195139  0.00371155 -0.00198145    0.315466
IMAGINARY
          0  -0.0045805  0.00401204 -0.00128288
  0.0045805           0   0.0014883 -0.00900206
-0.00401204  -0.0014883           0 -0.00180672
 0.00128288  0.00900206  0.00180672           0
Repeater2[0]<--->Repeater3[0]
REAL
    0.257859 -0.000114916   0.00173488      0.04814
-0.000114916     0.246717    0.0234956   0.00509742
  0.00173488    0.0234956     0.239355 -0.000713241
     0.04814   0.00509742 -0.000713241     0.256068
IMAGINARY
           0 -4.57214e-05  -0.00411776  -0.00155766
 4.57214e-05            0   0.00446406 -7.08196e-05
  0.00411776  -0.00446406            0 -0.000830959
  0.00155766  7.08196e-05  0.000830959            0
Repeater3[0]<--->Repeater2[0]
REAL
    0.257859   0.00173488 -0.000114916      0.04814
  0.00173488     0.239355    0.0234956 -0.000713241
-0.000114916    0.0234956     0.246717   0.00509742
     0.04814 -0.000713241   0.00509742     0.256068
IMAGINARY
           0  -0.00411776 -4.57214e-05  -0.00155766
  0.00411776            0  -0.00446406 -0.000830959
 4.57214e-05   0.00446406            0 -7.08196e-05
  0.00155766  0.000830959  7.08196e-05            0
Repeater3[0]<--->HoM2[0]
REAL
    0.269588 -0.000582031  -0.00561523    0.0354636
-0.000582031     0.245313    0.0264161   0.00429865
 -0.00561523    0.0264161     0.231893   0.00189862
   0.0354636   0.00429865   0.00189862     0.253207
IMAGINARY
          0  0.00557896 -0.00713572 -0.00769618
-0.00557896           0 -0.00861249  0.00166744
 0.00713572  0.00861249           0 -0.00707031
 0.00769618 -0.00166744  0.00707031           0
Repeater4[0]<--->HoM2[0]
REAL
    0.269588  -0.00561523 -0.000582031    0.0354636
 -0.00561523     0.231893    0.0264161   0.00189862
-0.000582031    0.0264161     0.245313   0.00429865
   0.0354636   0.00189862   0.00429865     0.253207
IMAGINARY
          0 -0.00713572  0.00557896 -0.00769618
 0.00713572           0  0.00861249 -0.00707031
-0.00557896 -0.00861249           0  0.00166744
 0.00769618  0.00707031 -0.00166744           0
Repeater4[0]<--->Repeater5[0]
REAL
  0.250503  0.0100261 -0.0030538  0.0194057
 0.0100261   0.252716  0.0132329 0.00580645
-0.0030538  0.0132329   0.244266 0.00275408
 0.0194057 0.00580645 0.00275408   0.252515
IMAGINARY
          0 -0.00375893 -0.00650108  0.00251064
 0.00375893           0  0.00513584 -0.00226037
 0.00650108 -0.00513584           0 -0.00102004
-0.00251064  0.00226037  0.00102004           0
Repeater5[0]<--->Repeater4[0]
REAL
  0.250503 -0.0030538  0.0100261  0.0194057
-0.0030538   0.244266  0.0132329 0.00275408
 0.0100261  0.0132329   0.252716 0.00580645
 0.0194057 0.00275408 0.00580645   0.252515
IMAGINARY
          0 -0.00650108 -0.00375893  0.00251064
 0.00650108           0 -0.00513584 -0.00102004
 0.00375893  0.00513584           0 -0.00226037
-0.00251064  0.00102004  0.00226037           0
Repeater5[0]<--->HoM3[0]
REAL
    0.258627  -0.00410038  -0.00690876    0.0155946
 -0.00410038     0.241373    0.0167912 -0.000502411
 -0.00690876    0.0167912     0.249216 -0.000265099
   0.0155946 -0.000502411 -0.000265099     0.250784
IMAGINARY
           0  0.000174305  -0.00473398    0.0105354
-0.000174305            0   0.00322605  -0.00384201
  0.00473398  -0.00322605            0  -0.00376425
  -0.0105354   0.00384201   0.00376425            0
Repeater6[0]<--->HoM3[0]
REAL
    0.258627  -0.00690876  -0.00410038    0.0155946
 -0.00690876     0.249216    0.0167912 -0.000265099
 -0.00410038    0.0167912     0.241373 -0.000502411
   0.0155946 -0.000265099 -0.000502411     0.250784
IMAGINARY
           0  -0.00473398  0.000174305    0.0105354
  0.00473398            0  -0.00322605  -0.00376425
-0.000174305   0.00322605            0  -0.00384201
  -0.0105354   0.00376425   0.00384201            0
Repeater6[0]<--->Repeater7[0]
REAL
    0.257797  -0.00926862  -0.00308136    0.0117792
 -0.00926862     0.254962    0.0168543  -0.00501501
 -0.00308136    0.0168543     0.245849 -0.000605002
   0.0117792  -0.00501501 -0.000605002     0.241393
IMAGINARY
           0  -0.00327334   0.00390353 -0.000685007
  0.00327334            0   0.00117957   0.00340463
 -0.00390353  -0.00117957            0    0.0016493
 0.000685007  -0.00340463   -0.0016493            0
Repeater7[0]<--->Repeater6[0]
REAL
    0.257797  -0.00308136  -0.00926862    0.0117792
 -0.00308136     0.245849    0.0168543 -0.000605002
 -0.00926862    0.0168543     0.254962  -0.00501501
   0.0117792 -0.000605002  -0.00501501     0.241393
IMAGINARY
           0   0.00390353  -0.00327334 -0.000685007
 -0.00390353            0  -0.00117957    0.0016493
  0.00327334   0.00117957            0   0.00340463
 0.000685007   -0.0016493  -0.00340463            0
Repeater7[0]<--->HoM4[0]
REAL
   0.233313 -0.00292554  0.00416482   0.0117256
-0.00292554    0.249253   0.0105212  0.00177438
 0.00416482   0.0105212    0.257223  0.00745543
  0.0117256  0.00177438  0.00745543    0.260211
IMAGINARY
           0     0.001308  -0.00563765 -2.43253e-05
   -0.001308            0   0.00325274   0.00262681
  0.00563765  -0.00325274            0  -0.00692824
 2.43253e-05  -0.00262681   0.00692824            0
Repeater8[0]<--->HoM4[0]
REAL
   0.233313  0.00416482 -0.00292554   0.0117256
 0.00416482    0.257223   0.0105212  0.00745543
-0.00292554   0.0105212    0.249253  0.00177438
  0.0117256  0.00745543  0.00177438    0.260211
IMAGINARY
           0  -0.00563765     0.001308 -2.43253e-05
  0.00563765            0  -0.00325274  -0.00692824
   -0.001308   0.00325274            0   0.00262681
 2.43253e-05   0.00692824  -0.00262681            0
Repeater8[0]<--->Repeater9[0]
REAL
     0.2442  0.00111131 -0.00713172  0.00817596
 0.00111131    0.246559   0.0134664 -0.00419515
-0.00713172   0.0134664    0.246166 -0.00454983
 0.00817596 -0.00419515 -0.00454983    0.263075
IMAGINARY
          0 -0.00196313   0.0116933  0.00536951
 0.00196313           0   0.0034476 -0.00400716
 -0.0116933  -0.0034476           0  -0.0075198
-0.00536951  0.00400716   0.0075198           0
Repeater9[0]<--->Repeater8[0]
REAL
     0.2442 -0.00713172  0.00111131  0.00817596
-0.00713172    0.246166   0.0134664 -0.00454983
 0.00111131   0.0134664    0.246559 -0.00419515
 0.00817596 -0.00454983 -0.00419515    0.263075
IMAGINARY
          0   0.0116933 -0.00196313  0.00536951
 -0.0116933           0  -0.0034476  -0.0075198
 0.00196313   0.0034476           0 -0.00400716
-0.00536951   0.0075198  0.00400716           0
Repeater9[0]<--->HoM5[0]
REAL
    0.256529 -0.000294835   0.00309857    0.0066204
-0.000294835     0.242266  -0.00469459   0.00511145
  0.00309857  -0.00469459     0.241262  0.000598909
   0.0066204   0.00511145  0.000598909     0.259944
IMAGINARY
           0  -0.00057685    0.0016017  -0.00279637
  0.00057685            0   0.00250045 -0.000480395
  -0.0016017  -0.00250045            0  -0.00156382
  0.00279637  0.000480395   0.00156382            0
Repeater10[0]<--->HoM5[0]
REAL
    0.256529   0.00309857 -0.000294835    0.0066204
  0.00309857     0.241262  -0.00469459  0.000598909
-0.000294835  -0.00469459     0.242266   0.00511145
   0.0066204  0.000598909   0.00511145     0.259944
IMAGINARY
           0    0.0016017  -0.00057685  -0.00279637
  -0.0016017            0  -0.00250045  -0.00156382
  0.00057685   0.00250045            0 -0.000480395
  0.00279637   0.00156382  0.000480395            0
Repeater10[0]<--->Repeater11[0]
REAL
    0.415787  -0.00499858  0.000379705     0.363627
 -0.00499858    0.0926143    0.0563978  -0.00241471
 0.000379705    0.0563978    0.0963267 -8.89214e-05
    0.363627  -0.00241471 -8.89214e-05     0.395272
IMAGINARY
           0  -0.00275499 -0.000954777  -0.00348224
  0.00275499            0 -0.000228889 -0.000450846
 0.000954777  0.000228889            0    0.0105863
  0.00348224  0.000450846   -0.0105863            0
Repeater11[0]<--->Repeater10[0]
REAL
    0.415787  0.000379705  -0.00499858     0.363627
 0.000379705    0.0963267    0.0563978 -8.89214e-05
 -0.00499858    0.0563978    0.0926143  -0.00241471
    0.363627 -8.89214e-05  -0.00241471     0.395272
IMAGINARY
           0 -0.000954777  -0.00275499  -0.00348224
 0.000954777            0  0.000228889    0.0105863
  0.00275499 -0.000228889            0 -0.000450846
  0.00348224   -0.0105863  0.000450846            0
Repeater11[0]<--->HoM6[0]
REAL
   0.398329  0.00164434 0.000835314     0.36129
 0.00164434    0.097891   0.0576713 -0.00913447
0.000835314   0.0576713   0.0949065 -0.00428054
    0.36129 -0.00913447 -0.00428054    0.408874
IMAGINARY
           0   0.00578913 -0.000614857  -0.00943808
 -0.00578913            0  -0.00665809 -0.000909843
 0.000614857   0.00665809            0   0.00468048
  0.00943808  0.000909843  -0.00468048            0
EndNode1[0]<--->Repeater1[0]
REAL
   0.326009 -0.00428057 -0.00528681    0.196428
-0.00428057    0.186376   0.0592216 -0.00661796
-0.00528681   0.0592216     0.18318  0.00387701
   0.196428 -0.00661796  0.00387701    0.304435
IMAGINARY
          0  0.00350247  0.00569836 -0.00322138
-0.00350247           0 -0.00030329  -0.0113208
-0.00569836  0.00030329           0  0.00902466
 0.00322138   0.0113208 -0.00902466           0
EndNode2[0]<--->HoM6[0]
REAL
   0.414335  0.00393709  0.00491256    0.361342
 0.00393709   0.0883833   0.0509216 -0.00361644
 0.00491256   0.0509216   0.0942219 -0.00423619
   0.361342 -0.00361644 -0.00423619     0.40306
IMAGINARY
           0 -0.000146716  -0.00195532  -0.00205074
 0.000146716            0    0.0106887   0.00492679
  0.00195532   -0.0106887            0  -0.00223046
  0.00205074  -0.00492679   0.00223046            0
Repeater1[0]<--->EndNode1[0]
REAL
   0.326009 -0.00528681 -0.00428057    0.196428
-0.00528681     0.18318   0.0592216  0.00387701
-0.00428057   0.0592216    0.186376 -0.00661796
   0.196428  0.00387701 -0.00661796    0.304435
IMAGINARY
          0  0.00569836  0.00350247 -0.00322138
-0.00569836           0  0.00030329  0.00902466
-0.00350247 -0.00030329           0  -0.0113208
 0.00322138 -0.00902466   0.0113208           0
Repeater1[0]<--->HoM1[0]
REAL
    0.322218   0.00407981   0.00245301     0.188672
  0.00407981     0.185215    0.0523454 -0.000391359
  0.00245301    0.0523454     0.191442   0.00367593
    0.188672 -0.000391359   0.00367593     0.301125
IMAGINARY
           0 -0.000908724  -0.00580244  0.000464095
 0.000908724            0   0.00986445  -0.00157764
  0.00580244  -0.00986445            0  0.000908724
-0.000464095   0.00157764 -0.000908724            0
Repeater2[0]<--->HoM1[0]
REAL
    0.322218   0.00245301   0.00407981     0.188672
  0.00245301     0.191442    0.0523454   0.00367593
  0.00407981    0.0523454     0.185215 -0.000391359
    0.188672   0.00367593 -0.000391359     0.301125
IMAGINARY
           0  -0.00580244 -0.000908724  0.000464095
  0.00580244            0  -0.00986445  0.000908724
 0.000908724   0.00986445            0  -0.00157764
-0.000464095 -0.000908724   0.00157764            0
Repeater2[0]<--->Repeater3[0]
REAL
   0.257986  -0.0014208 -0.00228527   0.0462933
 -0.0014208    0.223601   0.0296806 -0.00801454
-0.00228527   0.0296806    0.252696   0.0023386
  0.0462933 -0.00801454   0.0023386    0.265717
IMAGINARY
           0  0.000667916   -0.0021292  -0.00739186
-0.000667916            0   0.00778386  -0.00536675
   0.0021292  -0.00778386            0   0.00237098
  0.00739186   0.00536675  -0.00237098            0
Repeater3[0]<--->Repeater2[0]
REAL
   0.257986 -0.00228527  -0.0014208   0.0462933
-0.00228527    0.252696   0.0296806   0.0023386
 -0.0014208   0.0296806    0.223601 -0.00801454
  0.0462933   0.0023386 -0.00801454    0.265717
IMAGINARY
           0   -0.0021292  0.000667916  -0.00739186
   0.0021292            0  -0.00778386   0.00237098
-0.000667916   0.00778386            0  -0.00536675
  0.00739186  -0.00237098   0.00536675            0
Repeater3[0]<--->HoM2[0]
REAL
  0.257612 0.00715658 0.00526399  0.0411906
0.00715658   0.241987  0.0288054 0.00496465
0.00526399  0.0288054   0.248798 0.00106645
 0.0411906 0.00496465 0.00106645   0.251603
IMAGINARY
           0  -0.00975867  8.94509e-05   -0.0100827
  0.00975867            0   0.00215575   0.00410552
-8.94509e-05  -0.00215575            0  -0.00302599
   0.0100827  -0.00410552   0.00302599            0
Repeater4[0]<--->HoM2[0]
REAL
  0.257612 0.00526399 0.00715658  0.0411906
0.00526399   0.248798  0.0288054 0.00106645
0.00715658  0.0288054   0.241987 0.00496465
 0.0411906 0.00106645 0.00496465   0.251603
IMAGINARY
           0  8.94509e-05  -0.00975867   -0.0100827
-8.94509e-05            0  -0.00215575  -0.00302599
  0.00975867   0.00215575            0   0.00410552
   0.0100827   0.00302599  -0.00410552            0
Repeater4[0]<--->Repeater5[0]
REAL
    0.245744   0.00317191  -0.00529595    0.0226419
  0.00317191     0.248548    0.0159427   0.00769499
 -0.00529595    0.0159427     0.254757 -0.000772866
   0.0226419   0.00769499 -0.000772866     0.250951
IMAGINARY
           0   0.00449798  -0.00335166   0.00763523
 -0.00449798            0 -0.000470745   -0.0039565
  0.00335166  0.000470745            0   0.00321619
 -0.00763523    0.0039565  -0.00321619            0
Repeater5[0]<--->Repeater4[0]
REAL
    0.245744  -0.00529595   0.00317191    0.0226419
 -0.00529595     0.254757    0.0159427 -0.000772866
  0.00317191    0.0159427     0.248548   0.00769499
   0.0226419 -0.000772866   0.00769499     0.250951
IMAGINARY
           0  -0.00335166   0.00449798   0.00763523
  0.00335166            0  0.000470745   0.00321619
 -0.00449798 -0.000470745            0   -0.0039565
 -0.00763523  -0.00321619    0.0039565            0
Repeater5[0]<--->HoM3[0]
REAL
    0.25845  0.00845654 -0.00897956    0.014778
 0.00845654    0.247926   0.0131611 -0.00554077
-0.00897956   0.0131611    0.249747  0.00766603
   0.014778 -0.00554077  0.00766603    0.243878
IMAGINARY
           0  0.000866577   0.00492169  -0.00526307
-0.000866577            0  -0.00496108  0.000737162
 -0.00492169   0.00496108            0   0.00196285
  0.00526307 -0.000737162  -0.00196285            0
Repeater6[0]<--->HoM3[0]
REAL
    0.25845 -0.00897956  0.00845654    0.014778
-0.00897956    0.249747   0.0131611  0.00766603
 0.00845654   0.0131611    0.247926 -0.00554077
   0.014778  0.00766603 -0.00554077    0.243878
IMAGINARY
           0   0.00492169  0.000866577  -0.00526307
 -0.00492169            0   0.00496108   0.00196285
-0.000866577  -0.00496108            0  0.000737162
  0.00526307  -0.00196285 -0.000737162            0
Repeater6[0]<--->Repeater7[0]
REAL
   0.249699   0.0062927 -0.00375889   0.0125159
  0.0062927     0.24709    0.016955 -0.00177319
-0.00375889    0.016955    0.243477  0.00688372
  0.0125159 -0.00177319  0.00688372    0.259735
IMAGINARY
          0  0.00228352  0.00101655  0.00183232
-0.00228352           0  0.00840864  0.00180831
-0.00101655 -0.00840864           0 -0.00268707
-0.00183232 -0.00180831  0.00268707           0
Repeater7[0]<--->Repeater6[0]
REAL
   0.249699 -0.00375889   0.0062927   0.0125159
-0.00375889    0.243477    0.016955  0.00688372
  0.0062927    0.016955     0.24709 -0.00177319
  0.0125159  0.00688372 -0.00177319    0.259735
IMAGINARY
          0  0.00101655  0.00228352  0.00183232
-0.00101655           0 -0.00840864 -0.00268707
-0.00228352  0.00840864           0  0.00180831
-0.00183232  0.00268707 -0.00180831           0
Repeater7[0]<--->HoM4[0]
REAL
   0.255328 -0.00345598  0.00265738   0.0147228
-0.00345598    0.248291  0.00710145 -0.00412537
 0.00265738  0.00710145    0.250302 -0.00133948
  0.0147228 -0.00412537 -0.00133948     0.24608
IMAGINARY
           0   -0.0017467  0.000564683    0.0102936
   0.0017467            0  -0.00567887    0.0026443
-0.000564683   0.00567887            0  -0.00808082
  -0.0102936   -0.0026443   0.00808082            0
Repeater8[0]<--->HoM4[0]
REAL
   0.255328  0.00265738 -0.00345598   0.0147228
 0.00265738    0.250302  0.00710145 -0.00133948
-0.00345598  0.00710145    0.248291 -0.00412537
  0.0147228 -0.00133948 -0.00412537     0.24608
IMAGINARY
           0  0.000564683   -0.0017467    0.0102936
-0.000564683            0   0.00567887  -0.00808082
   0.0017467  -0.00567887            0    0.0026443
  -0.0102936   0.00808082   -0.0026443            0
Repeater8[0]<--->Repeater9[0]
REAL
   0.246051 0.000966441  0.00211213   0.0163836
0.000966441    0.247266   0.0110511  0.00386074
 0.00211213   0.0110511    0.254962  0.00622125
  0.0163836  0.00386074  0.00622125    0.251721
IMAGINARY
          0 -0.00180624 -0.00572913   0.0103274
 0.00180624           0 -0.00477068  -0.0077477
 0.00572913  0.00477068           0  0.00461795
 -0.0103274   0.0077477 -0.00461795           0
Repeater9[0]<--->Repeater8[0]
REAL
   0.246051  0.00211213 0.000966441   0.0163836
 0.00211213    0.254962   0.0110511  0.00622125
0.000966441   0.0110511    0.247266  0.00386074
  0.0163836  0.00622125  0.00386074    0.251721
IMAGINARY
          0 -0.00572913 -0.00180624   0.0103274
 0.00572913           0  0.00477068  0.00461795
 0.00180624 -0.00477068           0  -0.0077477
 -0.0103274 -0.00461795   0.0077477           0
Repeater9[0]<--->HoM5[0]
REAL
   0.254173  -0.0054298 0.000748371  0.00809588
 -0.0054298    0.241852   0.0043965 -0.00227183
0.000748371   0.0043965    0.257949 -0.00218751
 0.00809588 -0.00227183 -0.00218751    0.246025
IMAGINARY
           0  -0.00163007 -0.000512032  -0.00455763
  0.00163007            0 -0.000385031   0.00265378
 0.000512032  0.000385031            0  -0.00343223
  0.00455763  -0.00265378   0.00343223            0
Repeater10[0]<--->HoM5[0]
REAL
   0.254173 0.000748371  -0.0054298  0.00809588
0.000748371    0.257949   0.0043965 -0.00218751
 -0.0054298   0.0043965    0.241852 -0.00227183
 0.00809588 -0.00218751 -0.00227183    0.246025
IMAGINARY
           0 -0.000512032  -0.00163007  -0.00455763
 0.000512032            0  0.000385031  -0.00343223
  0.00163007 -0.000385031            0   0.00265378
  0.00455763   0.00343223  -0.00265378            0
Repeater10[0]<--->Repeater11[0]
REAL
   0.410945   0.0033531 0.000985398    0.365435
  0.0033531   0.0926898   0.0539815   0.0101124
0.000985398   0.0539815   0.0957189  0.00874448
   0.365435   0.0101124  0.00874448    0.400646
IMAGINARY
          0 -0.00314599  0.00501415  0.00645161
 0.00314599           0  0.00262097  0.00219271
-0.00501415 -0.00262097           0 -0.00445043
-0.00645161 -0.00219271  0.00445043           0
Repeater11[0]<--->Repeater10[0]
REAL
   0.410945 0.000985398   0.0033531    0.365435
0.000985398   0.0957189   0.0539815  0.00874448
  0.0033531   0.0539815   0.0926898   0.0101124
   0.365435  0.00874448   0.0101124    0.400646
IMAGINARY
          0  0.00501415 -0.00314599  0.00645161
-0.00501415           0 -0.00262097 -0.00445043
 0.00314599  0.00262097           0  0.00219271
-0.00645161  0.00445043 -0.00219271           0
Repeater11[0]<--->HoM6[0]
REAL
   0.414335  0.00491256  0.00393709    0.361342
 0.00491256   0.0942219   0.0509216 -0.00423619
 0.00393709   0.0509216   0.0883833 -0.00361644
   0.361342 -0.00423619 -0.00361644     0.40306
IMAGINARY
           0  -0.00195532 -0.000146716  -0.00205074
  0.00195532            0   -0.0106887  -0.00223046
 0.000146716    0.0106887            0   0.00492679
  0.00205074   0.00223046  -0.00492679            0
EndNode1[0]<--->Repeater1[0]
REAL
  0.317218 0.00280253  0.0014729   0.188419
0.00280253   0.191797  0.0665637 0.00829154
 0.0014729  0.0665637   0.186249 0.00877387
  0.188419 0.00829154 0.00877387   0.304735
IMAGINARY
           0    0.0100483  -0.00899518  -0.00752088
  -0.0100483            0  0.000277379   -0.0140477
  0.00899518 -0.000277379            0  -0.00290402
  0.00752088    0.0140477   0.00290402            0
EndNode2[0]<--->HoM6[0]
REAL
   0.402811 -0.00920284 -0.00102785    0.364498
-0.00920284    0.101807   0.0540668 -0.00794211
-0.00102785   0.0540668   0.0983936   -0.002186
   0.364498 -0.00794211   -0.002186    0.396988
IMAGINARY
          0  0.00508167  0.00185127 -0.00151541
-0.00508167           0 -0.00301631  0.00145866
-0.00185127  0.00301631           0 -0.00458017
 0.00151541 -0.00145866  0.00458017           0
Repeater1[0]<--->EndNode1[0]
REAL
  0.317218  0.0014729 0.00280253   0.188419
 0.0014729   0.186249  0.0665637 0.00877387
0.00280253  0.0665637   0.191797 0.00829154
  0.188419 0.00877387 0.00829154   0.304735
IMAGINARY
           0  -0.00899518    0.0100483  -0.00752088
  0.00899518            0 -0.000277379  -0.00290402
  -0.0100483  0.000277379            0   -0.0140477
  0.00752088   0.00290402    0.0140477            0
Repeater1[0]<--->HoM1[0]
REAL
   0.310435  0.00202109 -0.00077933    0.186501
 0.00202109    0.188961   0.0679647 -0.00815279
-0.00077933   0.0679647    0.181708 -0.00162411
   0.186501 -0.00815279 -0.00162411    0.318896
IMAGINARY
          0 -0.00628498  0.00460079  0.00945009
 0.00628498           0  0.00561015  0.00252117
-0.00460079 -0.00561015           0  0.00950449
-0.00945009 -0.00252117 -0.00950449           0
Repeater2[0]<--->HoM1[0]
REAL
   0.310435 -0.00077933  0.00202109    0.186501
-0.00077933    0.181708   0.0679647 -0.00162411
 0.00202109   0.0679647    0.188961 -0.00815279
   0.186501 -0.00162411 -0.00815279    0.318896
IMAGINARY
          0  0.00460079 -0.00628498  0.00945009
-0.00460079           0 -0.00561015  0.00950449
 0.00628498  0.00561015           0  0.00252117
-0.00945009 -0.00950449 -0.00252117           0
Repeater2[0]<--->Repeater3[0]
REAL
   0.267821 -0.00154334  0.00113715   0.0473525
-0.00154334    0.234193   0.0389158 -0.00588587
 0.00113715   0.0389158    0.241643  0.00728137
  0.0473525 -0.00588587  0.00728137    0.256343
IMAGINARY
           0  -0.00145383 -0.000806214   0.00538702
  0.00145383            0   0.00173887  9.46871e-05
 0.000806214  -0.00173887            0   0.00257194
 -0.00538702 -9.46871e-05  -0.00257194            0
Repeater3[0]<--->Repeater2[0]
REAL
   0.267821  0.00113715 -0.00154334   0.0473525
 0.00113715    0.241643   0.0389158  0.00728137
-0.00154334   0.0389158    0.234193 -0.00588587
  0.0473525  0.00728137 -0.00588587    0.256343
IMAGINARY
           0 -0.000806214  -0.00145383   0.00538702
 0.000806214            0  -0.00173887   0.00257194
  0.00145383   0.00173887            0  9.46871e-05
 -0.00538702  -0.00257194 -9.46871e-05            0
Repeater3[0]<--->HoM2[0]
REAL
    0.241717 -0.000150528  -0.00114624    0.0431237
-0.000150528     0.251127    0.0245311    0.0002388
 -0.00114624    0.0245311     0.245834  -0.00116022
   0.0431237    0.0002388  -0.00116022     0.261321
IMAGINARY
           0   0.00737019   0.00278542  -0.00561476
 -0.00737019            0 -0.000938061  0.000613222
 -0.00278542  0.000938061            0    0.0104227
  0.00561476 -0.000613222   -0.0104227            0
Repeater4[0]<--->HoM2[0]
REAL
    0.241717  -0.00114624 -0.000150528    0.0431237
 -0.00114624     0.245834    0.0245311  -0.00116022
-0.000150528    0.0245311     0.251127    0.0002388
   0.0431237  -0.00116022    0.0002388     0.261321
IMAGINARY
           0   0.00278542   0.00737019  -0.00561476
 -0.00278542            0  0.000938061    0.0104227
 -0.00737019 -0.000938061            0  0.000613222
  0.00561476   -0.0104227 -0.000613222            0
Repeater4[0]<--->Repeater5[0]
REAL
   0.250755 0.000155733 0.000740582   0.0165432
0.000155733    0.250957   0.0199392  -0.0016451
0.000740582   0.0199392    0.248943  0.00175382
  0.0165432  -0.0016451  0.00175382    0.249345
IMAGINARY
          0  0.00693907  -0.0059704  -0.0128824
-0.00693907           0  0.00877898 -0.00881186
  0.0059704 -0.00877898           0  -0.0017453
  0.0128824  0.00881186   0.0017453           0
Repeater5[0]<--->Repeater4[0]
REAL
   0.250755 0.000740582 0.000155733   0.0165432
0.000740582    0.248943   0.0199392  0.00175382
0.000155733   0.0199392    0.250957  -0.0016451
  0.0165432  0.00175382  -0.0016451    0.249345
IMAGINARY
          0  -0.0059704  0.00693907  -0.0128824
  0.0059704           0 -0.00877898  -0.0017453
-0.00693907  0.00877898           0 -0.00881186
  0.0128824   0.0017453  0.00881186           0
Repeater5[0]<--->HoM3[0]
REAL
    0.257056   0.00180923    0.0128934    0.0237203
  0.00180923     0.242437    0.0150962 -0.000556411
   0.0128934    0.0150962     0.251168 -0.000906522
   0.0237203 -0.000556411 -0.000906522      0.24934
IMAGINARY
           0  -0.00405771    -0.005716   0.00141408
  0.00405771            0  -0.00151462    -0.005716
    0.005716   0.00151462            0  0.000648168
 -0.00141408     0.005716 -0.000648168            0
Repeater6[0]<--->HoM3[0]
REAL
    0.257056    0.0128934   0.00180923    0.0237203
   0.0128934     0.251168    0.0150962 -0.000906522
  0.00180923    0.0150962     0.242437 -0.000556411
   0.0237203 -0.000906522 -0.000556411      0.24934
IMAGINARY
           0    -0.005716  -0.00405771   0.00141408
    0.005716            0   0.00151462  0.000648168
  0.00405771  -0.00151462            0    -0.005716
 -0.00141408 -0.000648168     0.005716            0
Repeater6[0]<--->Repeater7[0]
REAL
  0.254749 0.00121983 0.00278866   0.010103
0.00121983   0.256949  0.0015853 0.00889966
0.00278866  0.0015853   0.244551 0.00567327
  0.010103 0.00889966 0.00567327   0.243751
IMAGINARY
           0  -0.00030435    0.0107637  0.000899639
  0.00030435            0   0.00337387   -0.0043999
  -0.0107637  -0.00337387            0   0.00216454
-0.000899639    0.0043999  -0.00216454            0
Repeater7[0]<--->Repeater6[0]
REAL
  0.254749 0.00278866 0.00121983   0.010103
0.00278866   0.244551  0.0015853 0.00567327
0.00121983  0.0015853   0.256949 0.00889966
  0.010103 0.00567327 0.00889966   0.243751
IMAGINARY
           0    0.0107637  -0.00030435  0.000899639
  -0.0107637            0  -0.00337387   0.00216454
  0.00030435   0.00337387            0   -0.0043999
-0.000899639  -0.00216454    0.0043999            0
Repeater7[0]<--->HoM4[0]
REAL
    0.247018  -0.00830266 -0.000454517    0.0119652
 -0.00830266     0.256721    0.0119652  0.000356842
-0.000454517    0.0119652     0.250859  -0.00488351
   0.0119652  0.000356842  -0.00488351     0.245401
IMAGINARY
           0  -0.00305796  -0.00254112 -0.000282727
  0.00305796            0  -0.00190676  -0.00244094
  0.00254112   0.00190676            0   -0.0065076
 0.000282727   0.00244094    0.0065076            0
Repeater8[0]<--->HoM4[0]
REAL
    0.247018 -0.000454517  -0.00830266    0.0119652
-0.000454517     0.250859    0.0119652  -0.00488351
 -0.00830266    0.0119652     0.256721  0.000356842
   0.0119652  -0.00488351  0.000356842     0.245401
IMAGINARY
           0  -0.00254112  -0.00305796 -0.000282727
  0.00254112            0   0.00190676   -0.0065076
  0.00305796  -0.00190676            0  -0.00244094
 0.000282727    0.0065076   0.00244094            0
Repeater8[0]<--->Repeater9[0]
REAL
   0.250301  -0.0078429   0.0016328  0.00743556
 -0.0078429    0.253716   0.0161141 -0.00112745
  0.0016328   0.0161141    0.248292 -0.00155673
 0.00743556 -0.00112745 -0.00155673     0.24769
IMAGINARY
           0   0.00360346    -0.010822  -0.00410484
 -0.00360346            0  -0.00370612 -2.61606e-05
    0.010822   0.00370612            0  -0.00281451
  0.00410484  2.61606e-05   0.00281451            0
Repeater9[0]<--->Repeater8[0]
REAL
   0.250301   0.0016328  -0.0078429  0.00743556
  0.0016328    0.248292   0.0161141 -0.00155673
 -0.0078429   0.0161141    0.253716 -0.00112745
 0.00743556 -0.00155673 -0.00112745     0.24769
IMAGINARY
           0    -0.010822   0.00360346  -0.00410484
    0.010822            0   0.00370612  -0.00281451
 -0.00360346  -0.00370612            0 -2.61606e-05
  0.00410484   0.00281451  2.61606e-05            0
Repeater9[0]<--->HoM5[0]
REAL
   0.250248   0.0111777 -0.00260256  0.00947037
  0.0111777    0.253616   0.0133479 -0.00200112
-0.00260256   0.0133479     0.25104 -0.00377179
 0.00947037 -0.00200112 -0.00377179    0.245096
IMAGINARY
           0   0.00190525   0.00258501  0.000344657
 -0.00190525            0   0.00156566  -0.00208789
 -0.00258501  -0.00156566            0  -0.00558391
-0.000344657   0.00208789   0.00558391            0
Repeater10[0]<--->HoM5[0]
REAL
   0.250248 -0.00260256   0.0111777  0.00947037
-0.00260256     0.25104   0.0133479 -0.00377179
  0.0111777   0.0133479    0.253616 -0.00200112
 0.00947037 -0.00377179 -0.00200112    0.245096
IMAGINARY
           0   0.00258501   0.00190525  0.000344657
 -0.00258501            0  -0.00156566  -0.00558391
 -0.00190525   0.00156566            0  -0.00208789
-0.000344657   0.00558391   0.00208789            0
Repeater10[0]<--->Repeater11[0]
REAL
   0.412618  0.00197449  0.00188863    0.362701
 0.00197449   0.0943358   0.0546743 -0.00472378
 0.00188863   0.0546743    0.102197 -0.00602472
   0.362701 -0.00472378 -0.00602472    0.390849
IMAGINARY
           0   0.00896732  8.57818e-05  5.25394e-05
 -0.00896732            0  -0.00250954  -0.00542386
-8.57818e-05   0.00250954            0   0.00249966
-5.25394e-05   0.00542386  -0.00249966            0
Repeater11[0]<--->Repeater10[0]
REAL
   0.412618  0.00188863  0.00197449    0.362701
 0.00188863    0.102197   0.0546743 -0.00602472
 0.00197449   0.0546743   0.0943358 -0.00472378
   0.362701 -0.00602472 -0.00472378    0.390849
IMAGINARY
           0  8.57818e-05   0.00896732  5.25394e-05
-8.57818e-05            0   0.00250954   0.00249966
 -0.00896732  -0.00250954            0  -0.00542386
-5.25394e-05  -0.00249966   0.00542386            0
Repeater11[0]<--->HoM6[0]
REAL
   0.402811 -0.00102785 -0.00920284    0.364498
-0.00102785   0.0983936   0.0540668   -0.002186
-0.00920284   0.0540668    0.101807 -0.00794211
   0.364498   -0.002186 -0.00794211    0.396988
IMAGINARY
          0  0.00185127  0.00508167 -0.00151541
-0.00185127           0  0.00301631 -0.00458017
-0.00508167 -0.00301631           0  0.00145866
 0.00151541  0.00458017 -0.00145866           0
EndNode1[0]<--->Repeater1[0]
REAL
   0.304721 -0.00254434  0.00050732    0.192819
-0.00254434    0.191702   0.0683546  0.00228598
 0.00050732   0.0683546    0.189046  0.00194578
   0.192819  0.00228598  0.00194578    0.314531
IMAGINARY
          0   0.0124474 -0.00438801  0.00080841
 -0.0124474           0  0.00512044  0.00449012
 0.00438801 -0.00512044           0 -0.00621905
-0.00080841 -0.00449012  0.00621905           0
EndNode2[0]<--->HoM6[0]
REAL
   0.412828 -0.00813923 -0.00412208    0.369863
-0.00813923   0.0937252   0.0574963 -0.00633982
-0.00412208   0.0574963   0.0935266 0.000835639
   0.369863 -0.00633982 0.000835639    0.399921
IMAGINARY
           0  -0.00213813  -0.00308709   -0.0031815
  0.00213813            0   0.00257957 -0.000315589
  0.00308709  -0.00257957            0    0.0100129
   0.0031815  0.000315589   -0.0100129            0
Repeater1[0]<--->EndNode1[0]
REAL
   0.304721  0.00050732 -0.00254434    0.192819
 0.00050732    0.189046   0.0683546  0.00194578
-0.00254434   0.0683546    0.191702  0.00228598
   0.192819  0.00194578  0.00228598    0.314531
IMAGINARY
          0 -0.00438801   0.0124474  0.00080841
 0.00438801           0 -0.00512044 -0.00621905
 -0.0124474  0.00512044           0  0.00449012
-0.00080841  0.00621905 -0.00449012           0
Repeater1[0]<--->HoM1[0]
REAL
    0.318661 -0.000309127   0.00707438     0.191175
-0.000309127     0.180325    0.0667829   0.00423693
  0.00707438    0.0667829     0.182961  0.000609428
    0.191175   0.00423693  0.000609428     0.318053
IMAGINARY
           0  -0.00788808  0.000892453 -0.000732226
  0.00788808            0  -0.00787652    0.0106812
-0.000892453   0.00787652            0   0.00390053
 0.000732226   -0.0106812  -0.00390053            0
Repeater2[0]<--->HoM1[0]
REAL
    0.318661   0.00707438 -0.000309127     0.191175
  0.00707438     0.182961    0.0667829  0.000609428
-0.000309127    0.0667829     0.180325   0.00423693
    0.191175  0.000609428   0.00423693     0.318053
IMAGINARY
           0  0.000892453  -0.00788808 -0.000732226
-0.000892453            0   0.00787652   0.00390053
  0.00788808  -0.00787652            0    0.0106812
 0.000732226  -0.00390053   -0.0106812            0
Repeater2[0]<--->Repeater3[0]
REAL
   0.252024 -0.00399718  0.00119237   0.0494602
-0.00399718    0.243334    0.034356  0.00610034
 0.00119237    0.034356    0.251432  0.00189928
  0.0494602  0.00610034  0.00189928     0.25321
IMAGINARY
           0  -0.00337493   0.00281319   -0.0046719
  0.00337493            0 -0.000544789 -0.000571914
 -0.00281319  0.000544789            0  -0.00159486
   0.0046719  0.000571914   0.00159486            0
Repeater3[0]<--->Repeater2[0]
REAL
   0.252024  0.00119237 -0.00399718   0.0494602
 0.00119237    0.251432    0.034356  0.00189928
-0.00399718    0.034356    0.243334  0.00610034
  0.0494602  0.00189928  0.00610034     0.25321
IMAGINARY
           0   0.00281319  -0.00337493   -0.0046719
 -0.00281319            0  0.000544789  -0.00159486
  0.00337493 -0.000544789            0 -0.000571914
   0.0046719   0.00159486  0.000571914            0
Repeater3[0]<--->HoM2[0]
REAL
    0.258498  -0.00114606    0.0106126    0.0516592
 -0.00114606     0.241197    0.0347397   0.00280952
   0.0106126    0.0347397     0.238144 -0.000544135
   0.0516592   0.00280952 -0.000544135     0.262162
IMAGINARY
          0  -0.0034021  0.00193558  0.00710326
  0.0034021           0 -0.00588375 -0.00913122
-0.00193558  0.00588375           0  0.00320762
-0.00710326  0.00913122 -0.00320762           0
Repeater4[0]<--->HoM2[0]
REAL
    0.258498    0.0106126  -0.00114606    0.0516592
   0.0106126     0.238144    0.0347397 -0.000544135
 -0.00114606    0.0347397     0.241197   0.00280952
   0.0516592 -0.000544135   0.00280952     0.262162
IMAGINARY
          0  0.00193558  -0.0034021  0.00710326
-0.00193558           0  0.00588375  0.00320762
  0.0034021 -0.00588375           0 -0.00913122
-0.00710326 -0.00320762  0.00913122           0
Repeater4[0]<--->Repeater5[0]
REAL
    0.251246  -0.00546628  -0.00530253    0.0225076
 -0.00546628     0.256431    0.0153834   0.00871071
 -0.00530253    0.0153834      0.25324 -0.000949116
   0.0225076   0.00871071 -0.000949116     0.239083
IMAGINARY
          0  0.00538033   0.0017913 -0.00369984
-0.00538033           0  0.00184033  -0.0012896
 -0.0017913 -0.00184033           0 -0.00387521
 0.00369984   0.0012896  0.00387521           0
Repeater5[0]<--->Repeater4[0]
REAL
    0.251246  -0.00530253  -0.00546628    0.0225076
 -0.00530253      0.25324    0.0153834 -0.000949116
 -0.00546628    0.0153834     0.256431   0.00871071
   0.0225076 -0.000949116   0.00871071     0.239083
IMAGINARY
          0   0.0017913  0.00538033 -0.00369984
 -0.0017913           0 -0.00184033 -0.00387521
-0.00538033  0.00184033           0  -0.0012896
 0.00369984  0.00387521   0.0012896           0
Repeater5[0]<--->HoM3[0]
REAL
   0.243572 0.000884708  0.00192806   0.0127785
0.000884708    0.256528    0.012276 -0.00242321
 0.00192806    0.012276    0.251545 -0.00573715
  0.0127785 -0.00242321 -0.00573715    0.248356
IMAGINARY
          0  0.00435999 -0.00194979 -0.00262221
-0.00435999           0   0.0066921  0.00385934
 0.00194979  -0.0066921           0 -0.00687255
 0.00262221 -0.00385934  0.00687255           0
Repeater6[0]<--->HoM3[0]
REAL
   0.243572  0.00192806 0.000884708   0.0127785
 0.00192806    0.251545    0.012276 -0.00573715
0.000884708    0.012276    0.256528 -0.00242321
  0.0127785 -0.00573715 -0.00242321    0.248356
IMAGINARY
          0 -0.00194979  0.00435999 -0.00262221
 0.00194979           0  -0.0066921 -0.00687255
-0.00435999   0.0066921           0  0.00385934
 0.00262221  0.00687255 -0.00385934           0
Repeater6[0]<--->Repeater7[0]
REAL
   0.254288  0.00235845 0.000888086   0.0113714
 0.00235845    0.245114  0.00979473 -0.00348393
0.000888086  0.00979473      0.2499 -0.00295749
  0.0113714 -0.00348393 -0.00295749    0.250698
IMAGINARY
           0 -0.000591427    0.0052388  -0.00311006
 0.000591427            0  -0.00240427  -0.00307089
  -0.0052388   0.00240427            0   0.00689809
  0.00311006   0.00307089  -0.00689809            0
Repeater7[0]<--->Repeater6[0]
REAL
   0.254288 0.000888086  0.00235845   0.0113714
0.000888086      0.2499  0.00979473 -0.00295749
 0.00235845  0.00979473    0.245114 -0.00348393
  0.0113714 -0.00295749 -0.00348393    0.250698
IMAGINARY
           0    0.0052388 -0.000591427  -0.00311006
  -0.0052388            0   0.00240427   0.00689809
 0.000591427  -0.00240427            0  -0.00307089
  0.00311006  -0.00689809   0.00307089            0
Repeater7[0]<--->HoM4[0]
REAL
   0.254579 -0.00748496  0.00822093  0.00975751
-0.00748496    0.246347  0.00704503  0.00221853
 0.00822093  0.00704503    0.250051  0.00281207
 0.00975751  0.00221853  0.00281207    0.249022
IMAGINARY
           0   0.00532512 -0.000942842   0.00160269
 -0.00532512            0  -0.00534727   0.00365532
 0.000942842   0.00534727            0   0.00220954
 -0.00160269  -0.00365532  -0.00220954            0
Repeater8[0]<--->HoM4[0]
REAL
   0.254579  0.00822093 -0.00748496  0.00975751
 0.00822093    0.250051  0.00704503  0.00281207
-0.00748496  0.00704503    0.246347  0.00221853
 0.00975751  0.00281207  0.00221853    0.249022
IMAGINARY
           0 -0.000942842   0.00532512   0.00160269
 0.000942842            0   0.00534727   0.00220954
 -0.00532512  -0.00534727            0   0.00365532
 -0.00160269  -0.00220954  -0.00365532            0
Repeater8[0]<--->Repeater9[0]
REAL
     0.2497 -0.00221406  0.00050521   0.0104876
-0.00221406    0.252297  0.00871106  0.00951148
 0.00050521  0.00871106    0.245705  0.00388351
  0.0104876  0.00951148  0.00388351    0.252297
IMAGINARY
           0   0.00242281   0.00694944  0.000169663
 -0.00242281            0   -0.0060544  0.000156761
 -0.00694944    0.0060544            0  0.000340714
-0.000169663 -0.000156761 -0.000340714            0
Repeater9[0]<--->Repeater8[0]
REAL
     0.2497  0.00050521 -0.00221406   0.0104876
 0.00050521    0.245705  0.00871106  0.00388351
-0.00221406  0.00871106    0.252297  0.00951148
  0.0104876  0.00388351  0.00951148    0.252297
IMAGINARY
           0   0.00694944   0.00242281  0.000169663
