EndNode1[0]<--->Repeater1[0]
REAL
   0.436466   0.0139548  0.00376918    0.391629
  0.0139548   0.0480032 0.000855327  0.00386747
 0.00376918 0.000855327   0.0530456 -0.00249985
   0.391629  0.00386747 -0.00249985    0.462485
IMAGINARY
          0 -0.00921509   0.0116371  0.00317077
 0.00921509           0  0.00296785  0.00259673
 -0.0116371 -0.00296785           0 -0.00723959
-0.00317077 -0.00259673  0.00723959           0
EndNode2[0]<--->HoM6[0]
REAL
   0.478155 0.000902169 -0.00584148      0.4459
0.000902169   0.0290591  -0.0029216  0.00259473
-0.00584148  -0.0029216   0.0254013  0.00295335
     0.4459  0.00259473  0.00295335    0.467385
IMAGINARY
           0    0.0011319   0.00617497 -0.000661567
  -0.0011319            0   0.00198083   0.00194851
 -0.00617497  -0.00198083            0  -0.00559981
 0.000661567  -0.00194851   0.00559981            0
Repeater1[0]<--->EndNode1[0]
REAL
   0.436466  0.00376918   0.0139548    0.391629
 0.00376918   0.0530456 0.000855327 -0.00249985
  0.0139548 0.000855327   0.0480032  0.00386747
   0.391629 -0.00249985  0.00386747    0.462485
IMAGINARY
          0   0.0116371 -0.00921509  0.00317077
 -0.0116371           0 -0.00296785 -0.00723959
 0.00921509  0.00296785           0  0.00259673
-0.00317077  0.00723959 -0.00259673           0
Repeater1[0]<--->HoM1[0]
REAL
   0.452006 4.68775e-05 -0.00317131    0.395949
4.68775e-05   0.0476951 2.06614e-05 -0.00387653
-0.00317131 2.06614e-05   0.0496907 -0.00391823
   0.395949 -0.00387653 -0.00391823    0.450609
IMAGINARY
          0   -0.002866 -0.00201326 -0.00996075
   0.002866           0  0.00315467   0.0007223
 0.00201326 -0.00315467           0  0.00137643
 0.00996075  -0.0007223 -0.00137643           0
Repeater2[0]<--->HoM1[0]
REAL
   0.452006 -0.00317131 4.68775e-05    0.395949
-0.00317131   0.0496907 2.06614e-05 -0.00391823
4.68775e-05 2.06614e-05   0.0476951 -0.00387653
   0.395949 -0.00391823 -0.00387653    0.450609
IMAGINARY
          0 -0.00201326   -0.002866 -0.00996075
 0.00201326           0 -0.00315467  0.00137643
   0.002866  0.00315467           0   0.0007223
 0.00996075 -0.00137643  -0.0007223           0
Repeater2[0]<--->Repeater3[0]
REAL
    0.412204   0.00839507   0.00129605      0.31833
  0.00839507    0.0880986  -0.00237063 -0.000415937
  0.00129605  -0.00237063    0.0923419   0.00206846
     0.31833 -0.000415937   0.00206846     0.407355
IMAGINARY
           0 -0.000456296  -0.00523369  -0.00232929
 0.000456296            0   0.00386649   0.00513474
  0.00523369  -0.00386649            0   0.00688812
  0.00232929  -0.00513474  -0.00688812            0
Repeater3[0]<--->Repeater2[0]
REAL
    0.412204   0.00129605   0.00839507      0.31833
  0.00129605    0.0923419  -0.00237063   0.00206846
  0.00839507  -0.00237063    0.0880986 -0.000415937
     0.31833   0.00206846 -0.000415937     0.407355
IMAGINARY
           0  -0.00523369 -0.000456296  -0.00232929
  0.00523369            0  -0.00386649   0.00688812
 0.000456296   0.00386649            0   0.00513474
  0.00232929  -0.00688812  -0.00513474            0
Repeater3[0]<--->HoM2[0]
REAL
   0.407794 0.000673845 0.000392143    0.319027
0.000673845   0.0958216  0.00313367  0.00169658
0.000392143  0.00313367   0.0875854  0.00579124
   0.319027  0.00169658  0.00579124    0.408799
IMAGINARY
           0   0.00448517 -0.000920221  -0.00299283
 -0.00448517            0   0.00458139  -0.00203021
 0.000920221  -0.00458139            0   0.00318595
  0.00299283   0.00203021  -0.00318595            0
Repeater4[0]<--->HoM2[0]
REAL
   0.407794 0.000392143 0.000673845    0.319027
0.000392143   0.0875854  0.00313367  0.00579124
0.000673845  0.00313367   0.0958216  0.00169658
   0.319027  0.00579124  0.00169658    0.408799
IMAGINARY
           0 -0.000920221   0.00448517  -0.00299283
 0.000920221            0  -0.00458139   0.00318595
 -0.00448517   0.00458139            0  -0.00203021
  0.00299283  -0.00318595   0.00203021            0
Repeater4[0]<--->Repeater5[0]
REAL
   0.374599   -0.004326 -0.00136657    0.243463
  -0.004326    0.120586  0.00235392  -0.0017578
-0.00136657  0.00235392    0.125803  0.00341892
   0.243463  -0.0017578  0.00341892    0.379013
IMAGINARY
           0   0.00599319  -0.00310256   0.00658091
 -0.00599319            0  -0.00201423  -0.00451784
  0.00310256   0.00201423            0  0.000814372
 -0.00658091   0.00451784 -0.000814372            0
Repeater5[0]<--->Repeater4[0]
REAL
   0.374599 -0.00136657   -0.004326    0.243463
-0.00136657    0.125803  0.00235392  0.00341892
  -0.004326  0.00235392    0.120586  -0.0017578
   0.243463  0.00341892  -0.0017578    0.379013
IMAGINARY
           0  -0.00310256   0.00599319   0.00658091
  0.00310256            0   0.00201423  0.000814372
 -0.00599319  -0.00201423            0  -0.00451784
 -0.00658091 -0.000814372   0.00451784            0
Repeater5[0]<--->HoM3[0]
REAL
   0.367394  0.00279577 -0.00395385       0.257
 0.00279577     0.12034  0.00830023 -0.00665007
-0.00395385  0.00830023    0.125942 -0.00168488
      0.257 -0.00665007 -0.00168488    0.386324
IMAGINARY
          0  0.00269239  0.00606659 -0.00658751
-0.00269239           0  0.00372586 -0.00226507
-0.00606659 -0.00372586           0 -0.00809455
 0.00658751  0.00226507  0.00809455           0
Repeater6[0]<--->HoM3[0]
REAL
   0.367394 -0.00395385  0.00279577       0.257
-0.00395385    0.125942  0.00830023 -0.00168488
 0.00279577  0.00830023     0.12034 -0.00665007
      0.257 -0.00168488 -0.00665007    0.386324
IMAGINARY
          0  0.00606659  0.00269239 -0.00658751
-0.00606659           0 -0.00372586 -0.00809455
-0.00269239  0.00372586           0 -0.00226507
 0.00658751  0.00809455  0.00226507           0
Repeater6[0]<--->Repeater7[0]
REAL
      0.351 -0.00225375  0.00383887    0.198875
-0.00225375    0.153757  0.00452526 -0.00263887
 0.00383887  0.00452526     0.14172 -0.00154625
   0.198875 -0.00263887 -0.00154625    0.353524
IMAGINARY
           0   0.00393877 -0.000209607 -0.000505462
 -0.00393877            0   0.00110355  -0.00491808
 0.000209607  -0.00110355            0  -0.00484366
 0.000505462   0.00491808   0.00484366            0
Repeater7[0]<--->Repeater6[0]
REAL
      0.351  0.00383887 -0.00225375    0.198875
 0.00383887     0.14172  0.00452526 -0.00154625
-0.00225375  0.00452526    0.153757 -0.00263887
   0.198875 -0.00154625 -0.00263887    0.353524
IMAGINARY
           0 -0.000209607   0.00393877 -0.000505462
 0.000209607            0  -0.00110355  -0.00484366
 -0.00393877   0.00110355            0  -0.00491808
 0.000505462   0.00484366   0.00491808            0
Repeater7[0]<--->HoM4[0]
REAL
    0.342787   0.00633883 -0.000695288     0.202673
  0.00633883      0.15303 -0.000608799  0.000795469
-0.000695288 -0.000608799     0.155887 -2.74735e-05
    0.202673  0.000795469 -2.74735e-05     0.348296
IMAGINARY
          0  0.00684922   0.0107964 -0.00567731
-0.00684922           0 -0.00758839 -0.00979601
 -0.0107964  0.00758839           0 -0.00244746
 0.00567731  0.00979601  0.00244746           0
Repeater8[0]<--->HoM4[0]
REAL
    0.342787 -0.000695288   0.00633883     0.202673
-0.000695288     0.155887 -0.000608799 -2.74735e-05
  0.00633883 -0.000608799      0.15303  0.000795469
    0.202673 -2.74735e-05  0.000795469     0.348296
IMAGINARY
          0   0.0107964  0.00684922 -0.00567731
 -0.0107964           0  0.00758839 -0.00244746
-0.00684922 -0.00758839           0 -0.00979601
 0.00567731  0.00244746  0.00979601           0
Repeater8[0]<--->Repeater9[0]
REAL
    0.333674  -0.00307761 -0.000337728     0.160548
 -0.00307761     0.163257   -0.0104669   0.00175934
-0.000337728   -0.0104669     0.176759   0.00592083
    0.160548   0.00175934   0.00592083     0.326309
IMAGINARY
           0  -0.00399812   0.00972175   0.00381775
  0.00399812            0  -0.00901281   0.00169285
 -0.00972175   0.00901281            0 -7.85214e-05
 -0.00381775  -0.00169285  7.85214e-05            0
Repeater9[0]<--->Repeater8[0]
REAL
    0.333674 -0.000337728  -0.00307761     0.160548
-0.000337728     0.176759   -0.0104669   0.00592083
 -0.00307761   -0.0104669     0.163257   0.00175934
    0.160548   0.00592083   0.00175934     0.326309
IMAGINARY
           0   0.00972175  -0.00399812   0.00381775
 -0.00972175            0   0.00901281 -7.85214e-05
  0.00399812  -0.00901281            0   0.00169285
 -0.00381775  7.85214e-05  -0.00169285            0
Repeater9[0]<--->HoM5[0]
REAL
    0.328204   0.00604837 -0.000349953      0.15619
  0.00604837     0.167848    0.0021017 -0.000152559
-0.000349953    0.0021017      0.16805  -0.00494284
     0.15619 -0.000152559  -0.00494284     0.335898
IMAGINARY
           0 -0.000586815  -0.00691195  0.000257252
 0.000586815            0 -0.000956832  -0.00114622
  0.00691195  0.000956832            0  -0.00118205
-0.000257252   0.00114622   0.00118205            0
Repeater10[0]<--->HoM5[0]
REAL
    0.328204 -0.000349953   0.00604837      0.15619
-0.000349953      0.16805    0.0021017  -0.00494284
  0.00604837    0.0021017     0.167848 -0.000152559
     0.15619  -0.00494284 -0.000152559     0.335898
IMAGINARY
           0  -0.00691195 -0.000586815  0.000257252
  0.00691195            0  0.000956832  -0.00118205
 0.000586815 -0.000956832            0  -0.00114622
-0.000257252   0.00118205   0.00114622            0
Repeater10[0]<--->Repeater11[0]
REAL
    0.478122 -0.000865091   0.00244435     0.445208
-0.000865091    0.0257742   0.00255043  -0.00244435
  0.00244435   0.00255043    0.0255744   0.00506845
    0.445208  -0.00244435   0.00506845     0.470529
IMAGINARY
           0   0.00244549 -5.46407e-06    0.0021851
 -0.00244549            0  -0.00395885   0.00170377
 5.46407e-06   0.00395885            0  -0.00754039
  -0.0021851  -0.00170377   0.00754039            0
Repeater11[0]<--->Repeater10[0]
REAL
    0.478122   0.00244435 -0.000865091     0.445208
  0.00244435    0.0255744   0.00255043   0.00506845
-0.000865091   0.00255043    0.0257742  -0.00244435
    0.445208   0.00506845  -0.00244435     0.470529
IMAGINARY
           0 -5.46407e-06   0.00244549    0.0021851
 5.46407e-06            0   0.00395885  -0.00754039
 -0.00244549  -0.00395885            0   0.00170377
  -0.0021851   0.00754039  -0.00170377            0
Repeater11[0]<--->HoM6[0]
REAL
   0.478155 -0.00584148 0.000902169      0.4459
-0.00584148   0.0254013  -0.0029216  0.00295335
0.000902169  -0.0029216   0.0290591  0.00259473
     0.4459  0.00295335  0.00259473    0.467385
IMAGINARY
           0   0.00617497    0.0011319 -0.000661567
 -0.00617497            0  -0.00198083  -0.00559981
  -0.0011319   0.00198083            0   0.00194851
 0.000661567   0.00559981  -0.00194851            0
EndNode1[0]<--->Repeater1[0]
REAL
    0.454198 -0.000422029   0.00910129     0.402767
-0.000422029    0.0481176  -0.00467795 -0.000940465
  0.00910129  -0.00467795    0.0565734   0.00420388
    0.402767 -0.000940465   0.00420388     0.441111
IMAGINARY
          0  -0.0045498  0.00877243  0.00627646
  0.0045498           0 -0.00435765  0.00648387
-0.00877243  0.00435765           0 -0.00236639
-0.00627646 -0.00648387  0.00236639           0
EndNode2[0]<--->HoM6[0]
REAL
   0.472523 -0.00601637  0.00314571    0.445981
-0.00601637   0.0273749 2.63211e-06 -0.00523859
 0.00314571 2.63211e-06   0.0294178  0.00173094
   0.445981 -0.00523859  0.00173094    0.470684
IMAGINARY
          0  0.00244529 -0.00727799  0.00358054
-0.00244529           0 -0.00358054 -0.00992889
 0.00727799  0.00358054           0  0.00915935
-0.00358054  0.00992889 -0.00915935           0
Repeater1[0]<--->EndNode1[0]
REAL
    0.454198   0.00910129 -0.000422029     0.402767
  0.00910129    0.0565734  -0.00467795   0.00420388
-0.000422029  -0.00467795    0.0481176 -0.000940465
    0.402767   0.00420388 -0.000940465     0.441111
IMAGINARY
          0  0.00877243  -0.0045498  0.00627646
-0.00877243           0  0.00435765 -0.00236639
  0.0045498 -0.00435765           0  0.00648387
-0.00627646  0.00236639 -0.00648387           0
Repeater1[0]<--->HoM1[0]
REAL
    0.438751  -0.00691221  0.000771654     0.397087
 -0.00691221    0.0516413 -0.000771155   0.00234894
 0.000771654 -0.000771155    0.0542434   0.00822084
    0.397087   0.00234894   0.00822084     0.455364
IMAGINARY
           0    0.0033907   0.00327828 -0.000985553
  -0.0033907            0  -0.00261157   0.00227507
 -0.00327828   0.00261157            0  -0.00438237
 0.000985553  -0.00227507   0.00438237            0
Repeater2[0]<--->HoM1[0]
REAL
    0.438751  0.000771654  -0.00691221     0.397087
 0.000771654    0.0542434 -0.000771155   0.00822084
 -0.00691221 -0.000771155    0.0516413   0.00234894
    0.397087   0.00822084   0.00234894     0.455364
IMAGINARY
           0   0.00327828    0.0033907 -0.000985553
 -0.00327828            0   0.00261157  -0.00438237
  -0.0033907  -0.00261157            0   0.00227507
 0.000985553   0.00438237  -0.00227507            0
Repeater2[0]<--->Repeater3[0]
REAL
   0.400318 -0.00547865 0.000205966    0.309647
-0.00547865   0.0959013  0.00316376 -0.00706891
0.000205966  0.00316376   0.0891365 0.000406046
   0.309647 -0.00706891 0.000406046    0.414644
IMAGINARY
          0 -0.00115869 -0.00175472 -0.00403364
 0.00115869           0 -0.00332671  0.00371936
 0.00175472  0.00332671           0 -0.00964681
 0.00403364 -0.00371936  0.00964681           0
Repeater3[0]<--->Repeater2[0]
REAL
   0.400318 0.000205966 -0.00547865    0.309647
0.000205966   0.0891365  0.00316376 0.000406046
-0.00547865  0.00316376   0.0959013 -0.00706891
   0.309647 0.000406046 -0.00706891    0.414644
IMAGINARY
          0 -0.00175472 -0.00115869 -0.00403364
 0.00175472           0  0.00332671 -0.00964681
 0.00115869 -0.00332671           0  0.00371936
 0.00403364  0.00964681 -0.00371936           0
Repeater3[0]<--->HoM2[0]
REAL
   0.410824  0.00947333 -0.00156523    0.314993
 0.00947333   0.0936859 -0.00271766  0.00776275
-0.00156523 -0.00271766   0.0932759 0.000122834
   0.314993  0.00776275 0.000122834    0.402214
IMAGINARY
          0 -0.00083302 -0.00194949  0.00536159
 0.00083302           0 -0.00160219  0.00135117
 0.00194949  0.00160219           0  0.00183023
-0.00536159 -0.00135117 -0.00183023           0
Repeater4[0]<--->HoM2[0]
REAL
   0.410824 -0.00156523  0.00947333    0.314993
-0.00156523   0.0932759 -0.00271766 0.000122834
 0.00947333 -0.00271766   0.0936859  0.00776275
   0.314993 0.000122834  0.00776275    0.402214
IMAGINARY
          0 -0.00194949 -0.00083302  0.00536159
 0.00194949           0  0.00160219  0.00183023
 0.00083302 -0.00160219           0  0.00135117
-0.00536159 -0.00183023 -0.00135117           0
Repeater4[0]<--->Repeater5[0]
REAL
   0.383294 -0.00646635 0.000427893    0.252964
-0.00646635     0.12816  0.00146694 -0.00574495
0.000427893  0.00146694    0.120458   0.0068602
   0.252964 -0.00574495   0.0068602    0.368088
IMAGINARY
           0   0.00154065  -0.00364257   0.00318504
 -0.00154065            0  0.000833781  -0.00334346
  0.00364257 -0.000833781            0   0.00404817
 -0.00318504   0.00334346  -0.00404817            0
Repeater5[0]<--->Repeater4[0]
REAL
   0.383294 0.000427893 -0.00646635    0.252964
0.000427893    0.120458  0.00146694   0.0068602
-0.00646635  0.00146694     0.12816 -0.00574495
   0.252964   0.0068602 -0.00574495    0.368088
IMAGINARY
           0  -0.00364257   0.00154065   0.00318504
  0.00364257            0 -0.000833781   0.00404817
 -0.00154065  0.000833781            0  -0.00334346
 -0.00318504  -0.00404817   0.00334346            0
Repeater5[0]<--->HoM3[0]
REAL
   0.371223  0.00464445  0.00497398    0.251028
 0.00464445    0.122302  0.00147118 -0.00157534
 0.00497398  0.00147118    0.131141 0.000753395
   0.251028 -0.00157534 0.000753395    0.375334
IMAGINARY
          0 -0.00209152 -0.00996021   0.0020963
 0.00209152           0 -0.00150082   0.0130144
 0.00996021  0.00150082           0 -0.00785922
 -0.0020963  -0.0130144  0.00785922           0
Repeater6[0]<--->HoM3[0]
REAL
   0.371223  0.00497398  0.00464445    0.251028
 0.00497398    0.131141  0.00147118 0.000753395
 0.00464445  0.00147118    0.122302 -0.00157534
   0.251028 0.000753395 -0.00157534    0.375334
IMAGINARY
          0 -0.00996021 -0.00209152   0.0020963
 0.00996021           0  0.00150082 -0.00785922
 0.00209152 -0.00150082           0   0.0130144
 -0.0020963  0.00785922  -0.0130144           0
Repeater6[0]<--->Repeater7[0]
REAL
   0.339115  0.00360749  0.00378739     0.20015
 0.00360749     0.14693 0.000409172 -0.00898116
 0.00378739 0.000409172    0.150718 -0.00620437
    0.20015 -0.00898116 -0.00620437    0.363238
IMAGINARY
           0   0.00367145  -0.00657128   0.00122734
 -0.00367145            0   0.00865408  -0.00767459
  0.00657128  -0.00865408            0 -0.000383942
 -0.00122734   0.00767459  0.000383942            0
Repeater7[0]<--->Repeater6[0]
REAL
   0.339115  0.00378739  0.00360749     0.20015
 0.00378739    0.150718 0.000409172 -0.00620437
 0.00360749 0.000409172     0.14693 -0.00898116
    0.20015 -0.00620437 -0.00898116    0.363238
IMAGINARY
           0  -0.00657128   0.00367145   0.00122734
  0.00657128            0  -0.00865408 -0.000383942
 -0.00367145   0.00865408            0  -0.00767459
 -0.00122734  0.000383942   0.00767459            0
Repeater7[0]<--->HoM4[0]
REAL
    0.361805 -0.000608084   -0.0014396     0.198082
-0.000608084     0.155318   0.00143065  0.000626922
  -0.0014396   0.00143065     0.136583 -0.000407763
    0.198082  0.000626922 -0.000407763     0.346293
IMAGINARY
           0  0.000478396   0.00168188  -0.00565793
-0.000478396            0  0.000507541  -0.00382363
 -0.00168188 -0.000507541            0   0.00127394
  0.00565793   0.00382363  -0.00127394            0
Repeater8[0]<--->HoM4[0]
REAL
    0.361805   -0.0014396 -0.000608084     0.198082
  -0.0014396     0.136583   0.00143065 -0.000407763
-0.000608084   0.00143065     0.155318  0.000626922
    0.198082 -0.000407763  0.000626922     0.346293
IMAGINARY
           0   0.00168188  0.000478396  -0.00565793
 -0.00168188            0 -0.000507541   0.00127394
-0.000478396  0.000507541            0  -0.00382363
  0.00565793  -0.00127394   0.00382363            0
Repeater8[0]<--->Repeater9[0]
REAL
    0.341216  0.000980935  -0.00668727     0.157647
 0.000980935     0.173092 -0.000448398  0.000712733
 -0.00668727 -0.000448398     0.162361  0.000879986
    0.157647  0.000712733  0.000879986     0.323331
IMAGINARY
           0   0.00236109  0.000863875  -0.00413622
 -0.00236109            0   0.00502996 -6.03394e-05
-0.000863875  -0.00502996            0   0.00205836
  0.00413622  6.03394e-05  -0.00205836            0
Repeater9[0]<--->Repeater8[0]
REAL
    0.341216  -0.00668727  0.000980935     0.157647
 -0.00668727     0.162361 -0.000448398  0.000879986
 0.000980935 -0.000448398     0.173092  0.000712733
    0.157647  0.000879986  0.000712733     0.323331
IMAGINARY
           0  0.000863875   0.00236109  -0.00413622
-0.000863875            0  -0.00502996   0.00205836
 -0.00236109   0.00502996            0 -6.03394e-05
  0.00413622  -0.00205836  6.03394e-05            0
Repeater9[0]<--->HoM5[0]
REAL
   0.325656 -0.00297639  0.00150958    0.157799
-0.00297639    0.157821   0.0022088  -0.0135744
 0.00150958   0.0022088    0.174444 -0.00216602
   0.157799  -0.0135744 -0.00216602    0.342079
IMAGINARY
          0  0.00511033 -0.00310622 -0.00383976
-0.00511033           0  0.00666234  0.00427901
 0.00310622 -0.00666234           0 -0.00120103
 0.00383976 -0.00427901  0.00120103           0
Repeater10[0]<--->HoM5[0]
REAL
   0.325656  0.00150958 -0.00297639    0.157799
 0.00150958    0.174444   0.0022088 -0.00216602
-0.00297639   0.0022088    0.157821  -0.0135744
   0.157799 -0.00216602  -0.0135744    0.342079
IMAGINARY
          0 -0.00310622  0.00511033 -0.00383976
 0.00310622           0 -0.00666234 -0.00120103
-0.00511033  0.00666234           0  0.00427901
 0.00383976  0.00120103 -0.00427901           0
Repeater10[0]<--->Repeater11[0]
REAL
    0.478997  -0.00666976  -0.00273134     0.443514
 -0.00666976    0.0276727 -0.000674506  -0.00569225
 -0.00273134 -0.000674506    0.0244874  -0.00676786
    0.443514  -0.00569225  -0.00676786     0.468843
IMAGINARY
          0  0.00531549  0.00285296 -0.00170321
-0.00531549           0 -0.00311678  0.00132764
-0.00285296  0.00311678           0  -0.0113774
 0.00170321 -0.00132764   0.0113774           0
Repeater11[0]<--->Repeater10[0]
REAL
    0.478997  -0.00273134  -0.00666976     0.443514
 -0.00273134    0.0244874 -0.000674506  -0.00676786
 -0.00666976 -0.000674506    0.0276727  -0.00569225
    0.443514  -0.00676786  -0.00569225     0.468843
IMAGINARY
          0  0.00285296  0.00531549 -0.00170321
-0.00285296           0  0.00311678  -0.0113774
-0.00531549 -0.00311678           0  0.00132764
 0.00170321   0.0113774 -0.00132764           0
Repeater11[0]<--->HoM6[0]
REAL
   0.472523  0.00314571 -0.00601637    0.445981
 0.00314571   0.0294178 2.63211e-06  0.00173094
-0.00601637 2.63211e-06   0.0273749 -0.00523859
   0.445981  0.00173094 -0.00523859    0.470684
IMAGINARY
          0 -0.00727799  0.00244529  0.00358054
 0.00727799           0  0.00358054  0.00915935
-0.00244529 -0.00358054           0 -0.00992889
-0.00358054 -0.00915935  0.00992889           0
EndNode1[0]<--->Repeater1[0]
REAL
   0.438932   0.0101771 -0.00186857    0.398793
  0.0101771   0.0537956  0.00510294  0.00374715
-0.00186857  0.00510294   0.0502092 -0.00117968
   0.398793  0.00374715 -0.00117968    0.457063
IMAGINARY
           0   0.00366765 -0.000359866   0.00314353
 -0.00366765            0  -0.00112658  -0.00225267
 0.000359866   0.00112658            0   0.00316514
 -0.00314353   0.00225267  -0.00316514            0
EndNode2[0]<--->HoM6[0]
REAL
   0.472362 -0.00539251  0.00608507     0.44362
-0.00539251   0.0287437 -0.00208221 -0.00311242
 0.00608507 -0.00208221   0.0261307  0.00777063
    0.44362 -0.00311242  0.00777063    0.472764
IMAGINARY
          0  0.00720097  -0.0117513  0.00606975
-0.00720097           0  0.00369163 -0.00337593
  0.0117513 -0.00369163           0   0.0105309
-0.00606975  0.00337593  -0.0105309           0
Repeater1[0]<--->EndNode1[0]
REAL
   0.438932 -0.00186857   0.0101771    0.398793
-0.00186857   0.0502092  0.00510294 -0.00117968
  0.0101771  0.00510294   0.0537956  0.00374715
   0.398793 -0.00117968  0.00374715    0.457063
IMAGINARY
           0 -0.000359866   0.00366765   0.00314353
 0.000359866            0   0.00112658   0.00316514
 -0.00366765  -0.00112658            0  -0.00225267
 -0.00314353  -0.00316514   0.00225267            0
Repeater1[0]<--->HoM1[0]
REAL
    0.431951 -0.000399944  -0.00631167     0.397598
-0.000399944    0.0525784   0.00130056   0.00100637
 -0.00631167   0.00130056    0.0548028 -0.000300757
    0.397598   0.00100637 -0.000300757     0.460667
IMAGINARY
          0 -0.00925276  0.00775148  0.00445195
 0.00925276           0  0.00727681 -0.00456677
-0.00775148 -0.00727681           0  0.00547092
-0.00445195  0.00456677 -0.00547092           0
Repeater2[0]<--->HoM1[0]
REAL
    0.431951  -0.00631167 -0.000399944     0.397598
 -0.00631167    0.0548028   0.00130056 -0.000300757
-0.000399944   0.00130056    0.0525784   0.00100637
    0.397598 -0.000300757   0.00100637     0.460667
IMAGINARY
          0  0.00775148 -0.00925276  0.00445195
-0.00775148           0 -0.00727681  0.00547092
 0.00925276  0.00727681           0 -0.00456677
-0.00445195 -0.00547092  0.00456677           0
Repeater2[0]<--->Repeater3[0]
REAL
    0.415297  0.000784552   -0.0024763      0.32409
 0.000784552    0.0912964 -0.000266545    0.0029768
  -0.0024763 -0.000266545    0.0947454  -0.00348725
     0.32409    0.0029768  -0.00348725     0.398661
IMAGINARY
           0  -0.00126497   -0.0107767   0.00326313
  0.00126497            0   0.00600536  0.000125528
   0.0107767  -0.00600536            0   0.00709294
 -0.00326313 -0.000125528  -0.00709294            0
Repeater3[0]<--->Repeater2[0]
REAL
    0.415297   -0.0024763  0.000784552      0.32409
  -0.0024763    0.0947454 -0.000266545  -0.00348725
 0.000784552 -0.000266545    0.0912964    0.0029768
     0.32409  -0.00348725    0.0029768     0.398661
IMAGINARY
           0   -0.0107767  -0.00126497   0.00326313
   0.0107767            0  -0.00600536   0.00709294
  0.00126497   0.00600536            0  0.000125528
 -0.00326313  -0.00709294 -0.000125528            0
Repeater3[0]<--->HoM2[0]
REAL
     0.4118 -0.00239495  0.00243914    0.322442
-0.00239495   0.0953728  0.00204607   0.0016356
 0.00243914  0.00204607   0.0943625  0.00627091
   0.322442   0.0016356  0.00627091    0.398464
IMAGINARY
          0  0.00222651 -0.00507031  0.00873519
-0.00222651           0  0.00943226  0.00110991
 0.00507031 -0.00943226           0  0.00232795
-0.00873519 -0.00110991 -0.00232795           0
Repeater4[0]<--->HoM2[0]
REAL
     0.4118  0.00243914 -0.00239495    0.322442
 0.00243914   0.0943625  0.00204607  0.00627091
-0.00239495  0.00204607   0.0953728   0.0016356
   0.322442  0.00627091   0.0016356    0.398464
IMAGINARY
          0 -0.00507031  0.00222651  0.00873519
 0.00507031           0 -0.00943226  0.00232795
-0.00222651  0.00943226           0  0.00110991
-0.00873519 -0.00232795 -0.00110991           0
Repeater4[0]<--->Repeater5[0]
REAL
   0.383429  0.00261021 0.000991954    0.250585
 0.00261021    0.122207  -0.0103849 -0.00619195
0.000991954  -0.0103849    0.123789 0.000389786
   0.250585 -0.00619195 0.000389786    0.370575
IMAGINARY
           0   0.00180823  -0.00720942  -0.00260104
 -0.00180823            0    0.0155043  -0.00190699
  0.00720942   -0.0155043            0 -0.000105164
  0.00260104   0.00190699  0.000105164            0
Repeater5[0]<--->Repeater4[0]
REAL
   0.383429 0.000991954  0.00261021    0.250585
0.000991954    0.123789  -0.0103849 0.000389786
 0.00261021  -0.0103849    0.122207 -0.00619195
   0.250585 0.000389786 -0.00619195    0.370575
IMAGINARY
           0  -0.00720942   0.00180823  -0.00260104
  0.00720942            0   -0.0155043 -0.000105164
 -0.00180823    0.0155043            0  -0.00190699
  0.00260104  0.000105164   0.00190699            0
Repeater5[0]<--->HoM3[0]
REAL
    0.385107 -0.000749538 -0.000733841     0.254436
-0.000749538     0.116989   0.00577351  -0.00981387
-0.000733841   0.00577351     0.121182   -0.0072822
    0.254436  -0.00981387   -0.0072822     0.376722
IMAGINARY
           0   0.00046959  0.000292807   0.00964903
 -0.00046959            0  -0.00312987   0.00238319
-0.000292807   0.00312987            0  -0.00829174
 -0.00964903  -0.00238319   0.00829174            0
Repeater6[0]<--->HoM3[0]
REAL
    0.385107 -0.000733841 -0.000749538     0.254436
-0.000733841     0.121182   0.00577351   -0.0072822
-0.000749538   0.00577351     0.116989  -0.00981387
    0.254436   -0.0072822  -0.00981387     0.376722
IMAGINARY
           0  0.000292807   0.00046959   0.00964903
-0.000292807            0   0.00312987  -0.00829174
 -0.00046959  -0.00312987            0   0.00238319
 -0.00964903   0.00829174  -0.00238319            0
Repeater6[0]<--->Repeater7[0]
REAL
    0.351738 -0.000553836   0.00107871     0.198496
-0.000553836     0.145808 -0.000925754   0.00290575
  0.00107871 -0.000925754     0.145603   0.00376083
    0.198496   0.00290575   0.00376083     0.356851
IMAGINARY
           0  -0.00318112  -0.00692517   0.00926249
  0.00318112            0    0.0025207 -0.000350095
  0.00692517   -0.0025207            0   0.00367942
 -0.00926249  0.000350095  -0.00367942            0
Repeater7[0]<--->Repeater6[0]
REAL
    0.351738   0.00107871 -0.000553836     0.198496
  0.00107871     0.145603 -0.000925754   0.00376083
-0.000553836 -0.000925754     0.145808   0.00290575
    0.198496   0.00376083   0.00290575     0.356851
IMAGINARY
           0  -0.00692517  -0.00318112   0.00926249
  0.00692517            0   -0.0025207   0.00367942
  0.00318112    0.0025207            0 -0.000350095
 -0.00926249  -0.00367942  0.000350095            0
Repeater7[0]<--->HoM4[0]
REAL
   0.356679  0.00422816 -0.00379724    0.198391
 0.00422816    0.149208  0.00236238  0.00280635
-0.00379724  0.00236238    0.145757  0.00231168
   0.198391  0.00280635  0.00231168    0.348356
IMAGINARY
           0  -0.00624468   0.00637849    0.0013009
  0.00624468            0 -1.24961e-05  -0.00519879
 -0.00637849  1.24961e-05            0   0.00742439
  -0.0013009   0.00519879  -0.00742439            0
Repeater8[0]<--->HoM4[0]
REAL
   0.356679 -0.00379724  0.00422816    0.198391
-0.00379724    0.145757  0.00236238  0.00231168
 0.00422816  0.00236238    0.149208  0.00280635
   0.198391  0.00231168  0.00280635    0.348356
IMAGINARY
           0   0.00637849  -0.00624468    0.0013009
 -0.00637849            0  1.24961e-05   0.00742439
  0.00624468 -1.24961e-05            0  -0.00519879
  -0.0013009  -0.00742439   0.00519879            0
Repeater8[0]<--->Repeater9[0]
REAL
   0.341259  0.00367636  0.00530185    0.162409
 0.00367636    0.175025  0.00144961 -0.00470017
 0.00530185  0.00144961    0.159041 -0.00227242
   0.162409 -0.00470017 -0.00227242    0.324675
IMAGINARY
          0 -0.00550214  -0.0103024 -0.00753835
 0.00550214           0  0.00191815  -0.0118954
  0.0103024 -0.00191815           0  0.00719435
 0.00753835   0.0118954 -0.00719435           0
Repeater9[0]<--->Repeater8[0]
REAL
   0.341259  0.00530185  0.00367636    0.162409
 0.00530185    0.159041  0.00144961 -0.00227242
 0.00367636  0.00144961    0.175025 -0.00470017
   0.162409 -0.00227242 -0.00470017    0.324675
IMAGINARY
          0  -0.0103024 -0.00550214 -0.00753835
  0.0103024           0 -0.00191815  0.00719435
 0.00550214  0.00191815           0  -0.0118954
 0.00753835 -0.00719435   0.0118954           0
Repeater9[0]<--->HoM5[0]
REAL
   0.326539 0.000646212 -0.00412328    0.154304
0.000646212    0.179057 -0.00083283 -0.00234181
-0.00412328 -0.00083283    0.174061  0.00124358
   0.154304 -0.00234181  0.00124358    0.320344
IMAGINARY
           0   -0.0027666  8.18248e-05  -0.00294624
   0.0027666            0  -0.00455526   0.00578599
-8.18248e-05   0.00455526            0   0.00616376
  0.00294624  -0.00578599  -0.00616376            0
Repeater10[0]<--->HoM5[0]
REAL
   0.326539 -0.00412328 0.000646212    0.154304
-0.00412328    0.174061 -0.00083283  0.00124358
0.000646212 -0.00083283    0.179057 -0.00234181
   0.154304  0.00124358 -0.00234181    0.320344
IMAGINARY
           0  8.18248e-05   -0.0027666  -0.00294624
-8.18248e-05            0   0.00455526   0.00616376
   0.0027666  -0.00455526            0   0.00578599
  0.00294624  -0.00616376  -0.00578599            0
Repeater10[0]<--->Repeater11[0]
REAL
    0.46419 -0.00206261  0.00852748    0.445056
-0.00206261   0.0301662 -0.00272141 -0.00460946
 0.00852748 -0.00272141   0.0274985      0.0102
   0.445056 -0.00460946      0.0102    0.478145
IMAGINARY
          0   0.0038861  0.00249066 -0.00659678
 -0.0038861           0  0.00699235  0.00139613
-0.00249066 -0.00699235           0 -0.00617831
 0.00659678 -0.00139613  0.00617831           0
Repeater11[0]<--->Repeater10[0]
REAL
    0.46419  0.00852748 -0.00206261    0.445056
 0.00852748   0.0274985 -0.00272141      0.0102
-0.00206261 -0.00272141   0.0301662 -0.00460946
   0.445056      0.0102 -0.00460946    0.478145
IMAGINARY
          0  0.00249066   0.0038861 -0.00659678
-0.00249066           0 -0.00699235 -0.00617831
 -0.0038861  0.00699235           0  0.00139613
 0.00659678  0.00617831 -0.00139613           0
Repeater11[0]<--->HoM6[0]
REAL
   0.472362  0.00608507 -0.00539251     0.44362
 0.00608507   0.0261307 -0.00208221  0.00777063
-0.00539251 -0.00208221   0.0287437 -0.00311242
    0.44362  0.00777063 -0.00311242    0.472764
IMAGINARY
          0  -0.0117513  0.00720097  0.00606975
  0.0117513           0 -0.00369163   0.0105309
-0.00720097  0.00369163           0 -0.00337593
-0.00606975  -0.0105309  0.00337593           0
EndNode1[0]<--->Repeater1[0]
REAL
   0.441398 -0.00289281 -0.00535385    0.401392
-0.00289281   0.0466826 -0.00131137   0.0073806
-0.00535385 -0.00131137   0.0568137 -0.00339012
   0.401392   0.0073806 -0.00339012    0.455105
IMAGINARY
           0   0.00403461   0.00430114  0.000357849
 -0.00403461            0   -0.0054901    0.0049164
 -0.00430114    0.0054901            0   -0.0114086
-0.000357849   -0.0049164    0.0114086            0
EndNode2[0]<--->HoM6[0]
REAL
    0.469476  0.000400938   0.00524398     0.444236
 0.000400938    0.0295992 -0.000828114   -0.0030597
  0.00524398 -0.000828114    0.0242549   -0.0019895
    0.444236   -0.0030597   -0.0019895      0.47667
IMAGINARY
           0   0.00221729   0.00377745 -0.000148239
 -0.00221729            0   0.00194465   0.00478147
 -0.00377745  -0.00194465            0  -0.00599914
 0.000148239  -0.00478147   0.00599914            0
Repeater1[0]<--->EndNode1[0]
REAL
   0.441398 -0.00535385 -0.00289281    0.401392
-0.00535385   0.0568137 -0.00131137 -0.00339012
-0.00289281 -0.00131137   0.0466826   0.0073806
   0.401392 -0.00339012   0.0073806    0.455105
IMAGINARY
           0   0.00430114   0.00403461  0.000357849
 -0.00430114            0    0.0054901   -0.0114086
 -0.00403461   -0.0054901            0    0.0049164
-0.000357849    0.0114086   -0.0049164            0
Repeater1[0]<--->HoM1[0]
REAL
    0.445056  -0.00399377  -0.00340814     0.391889
 -0.00399377    0.0509141 -1.37476e-05  -0.00669696
 -0.00340814 -1.37476e-05    0.0526833  -0.00227138
    0.391889  -0.00669696  -0.00227138     0.451347
IMAGINARY
          0  0.00197604   -0.002685 -0.00473277
-0.00197604           0  0.00225605 -0.00902894
   0.002685 -0.00225605           0   0.0187802
 0.00473277  0.00902894  -0.0187802           0
Repeater2[0]<--->HoM1[0]
REAL
    0.445056  -0.00340814  -0.00399377     0.391889
 -0.00340814    0.0526833 -1.37476e-05  -0.00227138
 -0.00399377 -1.37476e-05    0.0509141  -0.00669696
    0.391889  -0.00227138  -0.00669696     0.451347
IMAGINARY
          0   -0.002685  0.00197604 -0.00473277
   0.002685           0 -0.00225605   0.0187802
-0.00197604  0.00225605           0 -0.00902894
 0.00473277  -0.0187802  0.00902894           0
Repeater2[0]<--->Repeater3[0]
REAL
  0.414748  0.0019506 0.00332025   0.314968
 0.0019506  0.0888165 0.00369322 -0.0081026
0.00332025 0.00369322  0.0873905 0.00634532
  0.314968 -0.0081026 0.00634532   0.409045
IMAGINARY
          0  0.00524787  0.00200793  0.00181574
-0.00524787           0 -0.00646828  -0.0065014
-0.00200793  0.00646828           0 -0.00361388
-0.00181574   0.0065014  0.00361388           0
Repeater3[0]<--->Repeater2[0]
REAL
  0.414748 0.00332025  0.0019506   0.314968
0.00332025  0.0873905 0.00369322 0.00634532
 0.0019506 0.00369322  0.0888165 -0.0081026
  0.314968 0.00634532 -0.0081026   0.409045
IMAGINARY
          0  0.00200793  0.00524787  0.00181574
-0.00200793           0  0.00646828 -0.00361388
-0.00524787 -0.00646828           0  -0.0065014
-0.00181574  0.00361388   0.0065014           0
Repeater3[0]<--->HoM2[0]
REAL
   0.411823 -0.00456914 -0.00302009    0.318709
-0.00456914   0.0975997 -0.00091097 -0.00642145
-0.00302009 -0.00091097   0.0928387 0.000149695
   0.318709 -0.00642145 0.000149695    0.397739
IMAGINARY
           0  -0.00290179   -0.0032177   0.00154106
  0.00290179            0   0.00746426 -0.000342427
   0.0032177  -0.00746426            0   0.00567078
 -0.00154106  0.000342427  -0.00567078            0
Repeater4[0]<--->HoM2[0]
REAL
   0.411823 -0.00302009 -0.00456914    0.318709
-0.00302009   0.0928387 -0.00091097 0.000149695
-0.00456914 -0.00091097   0.0975997 -0.00642145
   0.318709 0.000149695 -0.00642145    0.397739
IMAGINARY
           0   -0.0032177  -0.00290179   0.00154106
   0.0032177            0  -0.00746426   0.00567078
  0.00290179   0.00746426            0 -0.000342427
 -0.00154106  -0.00567078  0.000342427            0
Repeater4[0]<--->Repeater5[0]
REAL
   0.367876  0.00467503  0.00667067    0.257285
 0.00467503    0.132722  0.00354517 -0.00776869
 0.00667067  0.00354517    0.113392 0.000216169
   0.257285 -0.00776869 0.000216169     0.38601
IMAGINARY
           0 -0.000930475    0.0040115   0.00153143
 0.000930475            0 -0.000522961   0.00228771
  -0.0040115  0.000522961            0  -0.00477819
 -0.00153143  -0.00228771   0.00477819            0
Repeater5[0]<--->Repeater4[0]
REAL
   0.367876  0.00667067  0.00467503    0.257285
 0.00667067    0.113392  0.00354517 0.000216169
 0.00467503  0.00354517    0.132722 -0.00776869
   0.257285 0.000216169 -0.00776869     0.38601
IMAGINARY
           0    0.0040115 -0.000930475   0.00153143
  -0.0040115            0  0.000522961  -0.00477819
 0.000930475 -0.000522961            0   0.00228771
 -0.00153143   0.00477819  -0.00228771            0
Repeater5[0]<--->HoM3[0]
REAL
    0.374851  -0.00181035   0.00259801     0.262381
 -0.00181035     0.121375 -0.000571174   0.00851751
  0.00259801 -0.000571174      0.12495   0.00220733
    0.262381   0.00851751   0.00220733     0.378824
IMAGINARY
          0  0.00509796  0.00419969  0.00424832
-0.00509796           0  0.00614566  0.00430201
-0.00419969 -0.00614566           0 -0.00259746
-0.00424832 -0.00430201  0.00259746           0
Repeater6[0]<--->HoM3[0]
REAL
    0.374851   0.00259801  -0.00181035     0.262381
  0.00259801      0.12495 -0.000571174   0.00220733
 -0.00181035 -0.000571174     0.121375   0.00851751
    0.262381   0.00220733   0.00851751     0.378824
IMAGINARY
          0  0.00419969  0.00509796  0.00424832
-0.00419969           0 -0.00614566 -0.00259746
-0.00509796  0.00614566           0  0.00430201
-0.00424832  0.00259746 -0.00430201           0
Repeater6[0]<--->Repeater7[0]
REAL
   0.366301 -0.00276329  0.00654468    0.210521
-0.00276329    0.140379 0.000170704 -0.00299427
 0.00654468 0.000170704     0.14995  0.00306761
   0.210521 -0.00299427  0.00306761     0.34337
IMAGINARY
           0  -0.00703906  -0.00362192  -0.00932216
  0.00703906            0  0.000187926 -0.000327848
  0.00362192 -0.000187926            0  -0.00197451
  0.00932216  0.000327848   0.00197451            0
Repeater7[0]<--->Repeater6[0]
REAL
   0.366301  0.00654468 -0.00276329    0.210521
 0.00654468     0.14995 0.000170704  0.00306761
-0.00276329 0.000170704    0.140379 -0.00299427
   0.210521  0.00306761 -0.00299427     0.34337
IMAGINARY
           0  -0.00362192  -0.00703906  -0.00932216
  0.00362192            0 -0.000187926  -0.00197451
  0.00703906  0.000187926            0 -0.000327848
  0.00932216   0.00197451  0.000327848            0
Repeater7[0]<--->HoM4[0]
REAL
    0.345603 -0.000875594   0.00346248     0.210373
-0.000875594     0.144051  -0.00151944    0.0021822
  0.00346248  -0.00151944     0.148428  -0.00219432
    0.210373    0.0021822  -0.00219432     0.361918
IMAGINARY
          0 -0.00423679  0.00328542 -0.00269398
 0.00423679           0   0.0119588  0.00815716
-0.00328542  -0.0119588           0 -0.00393649
 0.00269398 -0.00815716  0.00393649           0
Repeater8[0]<--->HoM4[0]
REAL
    0.345603   0.00346248 -0.000875594     0.210373
  0.00346248     0.148428  -0.00151944  -0.00219432
-0.000875594  -0.00151944     0.144051    0.0021822
    0.210373  -0.00219432    0.0021822     0.361918
IMAGINARY
          0  0.00328542 -0.00423679 -0.00269398
-0.00328542           0  -0.0119588 -0.00393649
 0.00423679   0.0119588           0  0.00815716
 0.00269398  0.00393649 -0.00815716           0
Repeater8[0]<--->Repeater9[0]
REAL
   0.328518 -0.00109904 -0.00305079    0.162064
-0.00109904    0.162795  0.00420096 -0.00176849
-0.00305079  0.00420096     0.17685 -0.00492506
   0.162064 -0.00176849 -0.00492506    0.331837
IMAGINARY
           0  -0.00204784   0.00238734   0.00947558
  0.00204784            0  0.000884512  -0.00338774
 -0.00238734 -0.000884512            0  0.000247115
 -0.00947558   0.00338774 -0.000247115            0
Repeater9[0]<--->Repeater8[0]
REAL
   0.328518 -0.00305079 -0.00109904    0.162064
-0.00305079     0.17685  0.00420096 -0.00492506
-0.00109904  0.00420096    0.162795 -0.00176849
   0.162064 -0.00492506 -0.00176849    0.331837
IMAGINARY
