EndNode1[0]<--->Repeater1[0]
REAL
   0.323384  0.00230569  0.00873901   0.0860691
 0.00230569    0.157936 -0.00122303  0.00783558
 0.00873901 -0.00122303    0.171971 -0.00270032
  0.0860691  0.00783558 -0.00270032    0.346709
IMAGINARY
           0   0.00828214  -0.00786734    -0.004949
 -0.00828214            0  0.000484712   0.00806528
  0.00786734 -0.000484712            0  -0.00551096
    0.004949  -0.00806528   0.00551096            0
EndNode2[0]<--->HoM6[0]
REAL
    0.400876 -0.000720271   0.00133116      0.20411
-0.000720271    0.0963376   0.00454343   0.00291469
  0.00133116   0.00454343    0.0941481   0.00314647
     0.20411   0.00291469   0.00314647     0.408639
IMAGINARY
           0  0.000136893   0.00379508   -0.0028098
-0.000136893            0  -0.00170737   0.00113006
 -0.00379508   0.00170737            0   0.00183316
   0.0028098  -0.00113006  -0.00183316            0
Repeater1[0]<--->EndNode1[0]
REAL
   0.323384  0.00873901  0.00230569   0.0860691
 0.00873901    0.171971 -0.00122303 -0.00270032
 0.00230569 -0.00122303    0.157936  0.00783558
  0.0860691 -0.00270032  0.00783558    0.346709
IMAGINARY
           0  -0.00786734   0.00828214    -0.004949
  0.00786734            0 -0.000484712  -0.00551096
 -0.00828214  0.000484712            0   0.00806528
    0.004949   0.00551096  -0.00806528            0
Repeater1[0]<--->HoM1[0]
REAL
     0.32004  0.000698005   0.00462206    0.0823565
 0.000698005     0.172024  -0.00663508 -0.000741465
  0.00462206  -0.00663508     0.169246 -0.000797508
   0.0823565 -0.000741465 -0.000797508      0.33869
IMAGINARY
           0   0.00135575   0.00787808  -0.00223835
 -0.00135575            0   0.00469234  0.000559047
 -0.00787808  -0.00469234            0  0.000653084
  0.00223835 -0.000559047 -0.000653084            0
Repeater2[0]<--->HoM1[0]
REAL
     0.32004   0.00462206  0.000698005    0.0823565
  0.00462206     0.169246  -0.00663508 -0.000797508
 0.000698005  -0.00663508     0.172024 -0.000741465
   0.0823565 -0.000797508 -0.000741465      0.33869
IMAGINARY
           0   0.00787808   0.00135575  -0.00223835
 -0.00787808            0  -0.00469234  0.000653084
 -0.00135575   0.00469234            0  0.000559047
  0.00223835 -0.000653084 -0.000559047            0
Repeater2[0]<--->Repeater3[0]
REAL
      0.2778   0.00211682  -0.00219821    0.0222282
  0.00211682     0.214664 -0.000454287   0.00779149
 -0.00219821 -0.000454287      0.22057  -0.00611202
   0.0222282   0.00779149  -0.00611202     0.286965
IMAGINARY
           0    0.0076176   0.00616405     0.003709
  -0.0076176            0  0.000450061   0.00626199
 -0.00616405 -0.000450061            0  -0.00347559
   -0.003709  -0.00626199   0.00347559            0
Repeater3[0]<--->Repeater2[0]
REAL
      0.2778  -0.00219821   0.00211682    0.0222282
 -0.00219821      0.22057 -0.000454287  -0.00611202
  0.00211682 -0.000454287     0.214664   0.00779149
   0.0222282  -0.00611202   0.00779149     0.286965
IMAGINARY
           0   0.00616405    0.0076176     0.003709
 -0.00616405            0 -0.000450061  -0.00347559
  -0.0076176  0.000450061            0   0.00626199
   -0.003709   0.00347559  -0.00626199            0
Repeater3[0]<--->HoM2[0]
REAL
    0.284093  -0.00823356    0.0115525     0.009675
 -0.00823356     0.223635  -0.00364364 -0.000696051
   0.0115525  -0.00364364     0.219331   0.00722833
    0.009675 -0.000696051   0.00722833     0.272941
IMAGINARY
          0 -0.00590773 -0.00036848 -0.00257131
 0.00590773           0 -0.00287663  0.00507507
 0.00036848  0.00287663           0 -0.00320503
 0.00257131 -0.00507507  0.00320503           0
Repeater4[0]<--->HoM2[0]
REAL
    0.284093    0.0115525  -0.00823356     0.009675
   0.0115525     0.219331  -0.00364364   0.00722833
 -0.00823356  -0.00364364     0.223635 -0.000696051
    0.009675   0.00722833 -0.000696051     0.272941
IMAGINARY
          0 -0.00036848 -0.00590773 -0.00257131
 0.00036848           0  0.00287663 -0.00320503
 0.00590773 -0.00287663           0  0.00507507
 0.00257131  0.00320503 -0.00507507           0
Repeater4[0]<--->Repeater5[0]
REAL
    0.274525   0.00984376   0.00883639   0.00583732
  0.00984376     0.237737 -0.000640659 -0.000175295
  0.00883639 -0.000640659     0.233782   0.00574622
  0.00583732 -0.000175295   0.00574622     0.253956
IMAGINARY
           0  -0.00322746  -0.00604592   0.00352544
  0.00322746            0 -0.000718701  -0.00202663
  0.00604592  0.000718701            0 -0.000260684
 -0.00352544   0.00202663  0.000260684            0
Repeater5[0]<--->Repeater4[0]
REAL
    0.274525   0.00883639   0.00984376   0.00583732
  0.00883639     0.233782 -0.000640659   0.00574622
  0.00984376 -0.000640659     0.237737 -0.000175295
  0.00583732   0.00574622 -0.000175295     0.253956
IMAGINARY
           0  -0.00604592  -0.00322746   0.00352544
  0.00604592            0  0.000718701 -0.000260684
  0.00322746 -0.000718701            0  -0.00202663
 -0.00352544  0.000260684   0.00202663            0
Repeater5[0]<--->HoM3[0]
REAL
   0.272637 -0.00220002 -0.00250601  0.00336691
-0.00220002    0.235142  0.00235024  0.00501354
-0.00250601  0.00235024    0.242521 -0.00131051
 0.00336691  0.00501354 -0.00131051    0.249701
IMAGINARY
           0  0.000654218 -0.000205193  -0.00395447
-0.000654218            0  -0.00444553   -0.0032515
 0.000205193   0.00444553            0   0.00483582
  0.00395447    0.0032515  -0.00483582            0
Repeater6[0]<--->HoM3[0]
REAL
   0.272637 -0.00250601 -0.00220002  0.00336691
-0.00250601    0.242521  0.00235024 -0.00131051
-0.00220002  0.00235024    0.235142  0.00501354
 0.00336691 -0.00131051  0.00501354    0.249701
IMAGINARY
           0 -0.000205193  0.000654218  -0.00395447
 0.000205193            0   0.00444553   0.00483582
-0.000654218  -0.00444553            0   -0.0032515
  0.00395447  -0.00483582    0.0032515            0
Repeater6[0]<--->Repeater7[0]
REAL
   0.253022  0.00344056 -0.00177992 -0.00199266
 0.00344056    0.248924 -0.00998946  0.00624783
-0.00177992 -0.00998946    0.252407  0.00204279
-0.00199266  0.00624783  0.00204279    0.245646
IMAGINARY
           0  0.000883045   0.00285792   0.00713677
-0.000883045            0    -0.012413   0.00353952
 -0.00285792     0.012413            0 -0.000683125
 -0.00713677  -0.00353952  0.000683125            0
Repeater7[0]<--->Repeater6[0]
REAL
   0.253022 -0.00177992  0.00344056 -0.00199266
-0.00177992    0.252407 -0.00998946  0.00204279
 0.00344056 -0.00998946    0.248924  0.00624783
-0.00199266  0.00204279  0.00624783    0.245646
IMAGINARY
           0   0.00285792  0.000883045   0.00713677
 -0.00285792            0     0.012413 -0.000683125
-0.000883045    -0.012413            0   0.00353952
 -0.00713677  0.000683125  -0.00353952            0
Repeater7[0]<--->HoM4[0]
REAL
    0.261994  -0.00122166  -0.00135091   0.00946929
 -0.00122166     0.245015 -0.000627643   0.00443059
 -0.00135091 -0.000627643     0.246792  -0.00444097
  0.00946929   0.00443059  -0.00444097     0.246199
IMAGINARY
           0   -0.0103855   -0.0027113  -0.00251671
   0.0103855            0     0.001724  0.000489978
   0.0027113    -0.001724            0  -0.00152885
  0.00251671 -0.000489978   0.00152885            0
Repeater8[0]<--->HoM4[0]
REAL
    0.261994  -0.00135091  -0.00122166   0.00946929
 -0.00135091     0.246792 -0.000627643  -0.00444097
 -0.00122166 -0.000627643     0.245015   0.00443059
  0.00946929  -0.00444097   0.00443059     0.246199
IMAGINARY
           0   -0.0027113   -0.0103855  -0.00251671
   0.0027113            0    -0.001724  -0.00152885
   0.0103855     0.001724            0  0.000489978
  0.00251671   0.00152885 -0.000489978            0
Repeater8[0]<--->Repeater9[0]
REAL
   0.254941 -0.00119024  0.00278129 -0.00339006
-0.00119024    0.253344  0.00408437   0.0024756
 0.00278129  0.00408437    0.246357   0.0014878
-0.00339006   0.0024756   0.0014878    0.245358
IMAGINARY
           0  -0.00300162 -0.000381098 -0.000504073
  0.00300162            0   0.00010101  -0.00138916
 0.000381098  -0.00010101            0    0.0083124
 0.000504073   0.00138916   -0.0083124            0
Repeater9[0]<--->Repeater8[0]
REAL
   0.254941  0.00278129 -0.00119024 -0.00339006
 0.00278129    0.246357  0.00408437   0.0014878
-0.00119024  0.00408437    0.253344   0.0024756
-0.00339006   0.0014878   0.0024756    0.245358
IMAGINARY
           0 -0.000381098  -0.00300162 -0.000504073
 0.000381098            0  -0.00010101    0.0083124
  0.00300162   0.00010101            0  -0.00138916
 0.000504073   -0.0083124   0.00138916            0
Repeater9[0]<--->HoM5[0]
REAL
   0.246211 -0.00710918 -0.00212594  0.00398305
-0.00710918    0.258296  0.00933983 0.000362615
-0.00212594  0.00933983    0.255633  0.00691326
 0.00398305 0.000362615  0.00691326    0.239861
IMAGINARY
          0 -0.00559632  -0.0120618 -0.00494039
 0.00559632           0 -0.00821226 -0.00400853
  0.0120618  0.00821226           0  0.00306954
 0.00494039  0.00400853 -0.00306954           0
Repeater10[0]<--->HoM5[0]
REAL
   0.246211 -0.00212594 -0.00710918  0.00398305
-0.00212594    0.255633  0.00933983  0.00691326
-0.00710918  0.00933983    0.258296 0.000362615
 0.00398305  0.00691326 0.000362615    0.239861
IMAGINARY
          0  -0.0120618 -0.00559632 -0.00494039
  0.0120618           0  0.00821226  0.00306954
 0.00559632 -0.00821226           0 -0.00400853
 0.00494039 -0.00306954  0.00400853           0
Repeater10[0]<--->Repeater11[0]
REAL
    0.39523 -0.00832362 -0.00645261    0.198458
-0.00832362    0.104869 -0.00211846 -0.00665001
-0.00645261 -0.00211846   0.0975754 -0.00557916
   0.198458 -0.00665001 -0.00557916    0.402326
IMAGINARY
           0  -0.00716244  -0.00100229 -0.000953244
  0.00716244            0   0.00443168  0.000306877
  0.00100229  -0.00443168            0  -0.00267265
 0.000953244 -0.000306877   0.00267265            0
Repeater11[0]<--->Repeater10[0]
REAL
    0.39523 -0.00645261 -0.00832362    0.198458
-0.00645261   0.0975754 -0.00211846 -0.00557916
-0.00832362 -0.00211846    0.104869 -0.00665001
   0.198458 -0.00557916 -0.00665001    0.402326
IMAGINARY
           0  -0.00100229  -0.00716244 -0.000953244
  0.00100229            0  -0.00443168  -0.00267265
  0.00716244   0.00443168            0  0.000306877
 0.000953244   0.00267265 -0.000306877            0
Repeater11[0]<--->HoM6[0]
REAL
    0.400876   0.00133116 -0.000720271      0.20411
  0.00133116    0.0941481   0.00454343   0.00314647
-0.000720271   0.00454343    0.0963376   0.00291469
     0.20411   0.00314647   0.00291469     0.408639
IMAGINARY
           0   0.00379508  0.000136893   -0.0028098
 -0.00379508            0   0.00170737   0.00183316
-0.000136893  -0.00170737            0   0.00113006
   0.0028098  -0.00183316  -0.00113006            0
EndNode1[0]<--->Repeater1[0]
REAL
   0.334006  0.00318554 0.000977098   0.0827212
 0.00318554    0.166195   0.0027532 -0.00532668
0.000977098   0.0027532    0.161349  0.00642401
  0.0827212 -0.00532668  0.00642401    0.338449
IMAGINARY
           0  0.000769633 -0.000698276   -0.0117155
-0.000769633            0   0.00346074  -0.00150084
 0.000698276  -0.00346074            0  -0.00996595
   0.0117155   0.00150084   0.00996595            0
EndNode2[0]<--->HoM6[0]
REAL
    0.403143  -0.00468863   -0.0052505     0.201759
 -0.00468863     0.101858   0.00130955   -0.0046405
  -0.0052505   0.00130955    0.0989998 -0.000559651
    0.201759   -0.0046405 -0.000559651     0.395999
IMAGINARY
           0  0.000829916  -0.00791511   -0.0105332
-0.000829916            0  -0.00461834   0.00547418
  0.00791511   0.00461834            0  0.000829916
   0.0105332  -0.00547418 -0.000829916            0
Repeater1[0]<--->EndNode1[0]
REAL
   0.334006 0.000977098  0.00318554   0.0827212
0.000977098    0.161349   0.0027532  0.00642401
 0.00318554   0.0027532    0.166195 -0.00532668
  0.0827212  0.00642401 -0.00532668    0.338449
IMAGINARY
           0 -0.000698276  0.000769633   -0.0117155
 0.000698276            0  -0.00346074  -0.00996595
-0.000769633   0.00346074            0  -0.00150084
   0.0117155   0.00996595   0.00150084            0
Repeater1[0]<--->HoM1[0]
REAL
   0.323683 -0.00609537  -0.0128483   0.0798821
-0.00609537    0.166466  0.00193608  -0.0038013
 -0.0128483  0.00193608      0.1731  0.00109026
  0.0798821  -0.0038013  0.00109026    0.336751
IMAGINARY
           0  -0.00471608  -0.00547471   0.00202652
  0.00471608            0 -0.000345019    0.0098428
  0.00547471  0.000345019            0  0.000736266
 -0.00202652   -0.0098428 -0.000736266            0
Repeater2[0]<--->HoM1[0]
REAL
   0.323683  -0.0128483 -0.00609537   0.0798821
 -0.0128483      0.1731  0.00193608  0.00109026
-0.00609537  0.00193608    0.166466  -0.0038013
  0.0798821  0.00109026  -0.0038013    0.336751
IMAGINARY
           0  -0.00547471  -0.00471608   0.00202652
  0.00547471            0  0.000345019  0.000736266
  0.00471608 -0.000345019            0    0.0098428
 -0.00202652 -0.000736266   -0.0098428            0
Repeater2[0]<--->Repeater3[0]
REAL
    0.280008 -6.57076e-05  -0.00231155    0.0162389
-6.57076e-05     0.217895    0.0120075   0.00172309
 -0.00231155    0.0120075     0.232475    0.0114427
   0.0162389   0.00172309    0.0114427     0.269623
IMAGINARY
          0 -0.00344368 -0.00107579  0.00122431
 0.00344368           0   0.0142749  0.00274869
 0.00107579  -0.0142749           0 -0.00354314
-0.00122431 -0.00274869  0.00354314           0
Repeater3[0]<--->Repeater2[0]
REAL
    0.280008  -0.00231155 -6.57076e-05    0.0162389
 -0.00231155     0.232475    0.0120075    0.0114427
-6.57076e-05    0.0120075     0.217895   0.00172309
   0.0162389    0.0114427   0.00172309     0.269623
IMAGINARY
          0 -0.00107579 -0.00344368  0.00122431
 0.00107579           0  -0.0142749 -0.00354314
 0.00344368   0.0142749           0  0.00274869
-0.00122431  0.00354314 -0.00274869           0
Repeater3[0]<--->HoM2[0]
REAL
   0.274651 -0.00215476 -0.00552425   0.0115502
-0.00215476    0.222473  0.00321688  0.00344298
-0.00552425  0.00321688    0.229252   0.0139486
  0.0115502  0.00344298   0.0139486    0.273624
IMAGINARY
           0   0.00600205  -0.00197497  0.000605699
 -0.00600205            0   -0.0065386   0.00236257
  0.00197497    0.0065386            0  -0.00425787
-0.000605699  -0.00236257   0.00425787            0
Repeater4[0]<--->HoM2[0]
REAL
   0.274651 -0.00552425 -0.00215476   0.0115502
-0.00552425    0.229252  0.00321688   0.0139486
-0.00215476  0.00321688    0.222473  0.00344298
  0.0115502   0.0139486  0.00344298    0.273624
IMAGINARY
           0  -0.00197497   0.00600205  0.000605699
  0.00197497            0    0.0065386  -0.00425787
 -0.00600205   -0.0065386            0   0.00236257
-0.000605699   0.00425787  -0.00236257            0
Repeater4[0]<--->Repeater5[0]
REAL
   0.266269 -0.00312374  0.00245143 -0.00250743
-0.00312374    0.235821  0.00100592  0.00185287
 0.00245143  0.00100592    0.241194 -0.00918857
-0.00250743  0.00185287 -0.00918857    0.256716
IMAGINARY
          0  0.00612537 -0.00902865  -0.0012621
-0.00612537           0 -0.00545068  0.00511378
 0.00902865  0.00545068           0 -0.00301354
  0.0012621 -0.00511378  0.00301354           0
Repeater5[0]<--->Repeater4[0]
REAL
   0.266269  0.00245143 -0.00312374 -0.00250743
 0.00245143    0.241194  0.00100592 -0.00918857
-0.00312374  0.00100592    0.235821  0.00185287
-0.00250743 -0.00918857  0.00185287    0.256716
IMAGINARY
          0 -0.00902865  0.00612537  -0.0012621
 0.00902865           0  0.00545068 -0.00301354
-0.00612537 -0.00545068           0  0.00511378
  0.0012621  0.00301354 -0.00511378           0
Repeater5[0]<--->HoM3[0]
REAL
   0.264723   0.0022922  0.00181219  0.00597032
  0.0022922    0.234977  0.00190528 -0.00686066
 0.00181219  0.00190528    0.234777  0.00376596
 0.00597032 -0.00686066  0.00376596    0.265522
IMAGINARY
           0   0.00686313  -0.00149153  -0.00326118
 -0.00686313            0   0.00398808 -0.000788859
  0.00149153  -0.00398808            0   0.00315075
  0.00326118  0.000788859  -0.00315075            0
Repeater6[0]<--->HoM3[0]
REAL
   0.264723  0.00181219   0.0022922  0.00597032
 0.00181219    0.234777  0.00190528  0.00376596
  0.0022922  0.00190528    0.234977 -0.00686066
 0.00597032  0.00376596 -0.00686066    0.265522
IMAGINARY
           0  -0.00149153   0.00686313  -0.00326118
  0.00149153            0  -0.00398808   0.00315075
 -0.00686313   0.00398808            0 -0.000788859
  0.00326118  -0.00315075  0.000788859            0
Repeater6[0]<--->Repeater7[0]
REAL
     0.24573  -0.00410976  -0.00440105  0.000516618
 -0.00410976     0.250352 -0.000714403  -0.00509262
 -0.00440105 -0.000714403     0.245529  -0.00597727
 0.000516618  -0.00509262  -0.00597727     0.258389
IMAGINARY
          0  0.00430233 -0.00271101 -0.00150256
-0.00430233           0 -0.00352358  -0.0100095
 0.00271101  0.00352358           0 -0.00286613
 0.00150256   0.0100095  0.00286613           0
Repeater7[0]<--->Repeater6[0]
REAL
     0.24573  -0.00440105  -0.00410976  0.000516618
 -0.00440105     0.245529 -0.000714403  -0.00597727
 -0.00410976 -0.000714403     0.250352  -0.00509262
 0.000516618  -0.00597727  -0.00509262     0.258389
IMAGINARY
          0 -0.00271101  0.00430233 -0.00150256
 0.00271101           0  0.00352358 -0.00286613
-0.00430233 -0.00352358           0  -0.0100095
 0.00150256  0.00286613   0.0100095           0
Repeater7[0]<--->HoM4[0]
REAL
   0.246661 -0.00429338 -0.00376681   0.0093063
-0.00429338    0.247673 -0.00112267   0.0105532
-0.00376681 -0.00112267    0.244031  0.00309578
  0.0093063   0.0105532  0.00309578    0.261635
IMAGINARY
           0  0.000595988   0.00187127 -0.000593282
-0.000595988            0   0.00231428    -0.003839
 -0.00187127  -0.00231428            0  -0.00492499
 0.000593282     0.003839   0.00492499            0
Repeater8[0]<--->HoM4[0]
REAL
   0.246661 -0.00376681 -0.00429338   0.0093063
-0.00376681    0.244031 -0.00112267  0.00309578
-0.00429338 -0.00112267    0.247673   0.0105532
  0.0093063  0.00309578   0.0105532    0.261635
IMAGINARY
           0   0.00187127  0.000595988 -0.000593282
 -0.00187127            0  -0.00231428  -0.00492499
-0.000595988   0.00231428            0    -0.003839
 0.000593282   0.00492499     0.003839            0
Repeater8[0]<--->Repeater9[0]
REAL
   0.251972  -0.0026198  0.00314438 0.000384925
 -0.0026198    0.253589   -0.011527 -0.00553197
 0.00314438   -0.011527    0.252983  0.00202291
0.000384925 -0.00553197  0.00202291    0.241456
IMAGINARY
           0  -0.00723798   0.00129422  0.000439665
  0.00723798            0  -0.00174201  -0.00459753
 -0.00129422   0.00174201            0  -0.00507433
-0.000439665   0.00459753   0.00507433            0
Repeater9[0]<--->Repeater8[0]
REAL
   0.251972  0.00314438  -0.0026198 0.000384925
 0.00314438    0.252983   -0.011527  0.00202291
 -0.0026198   -0.011527    0.253589 -0.00553197
0.000384925  0.00202291 -0.00553197    0.241456
IMAGINARY
           0   0.00129422  -0.00723798  0.000439665
 -0.00129422            0   0.00174201  -0.00507433
  0.00723798  -0.00174201            0  -0.00459753
-0.000439665   0.00507433   0.00459753            0
Repeater9[0]<--->HoM5[0]
REAL
   0.26507 0.00753393 0.00230226 0.00367108
0.00753393   0.244311 0.00276583 0.00789778
0.00230226 0.00276583   0.241317 -0.0020873
0.00367108 0.00789778 -0.0020873   0.249301
IMAGINARY
          0  0.00371973  0.00196869  0.00071025
-0.00371973           0  -0.0018013  0.00316106
-0.00196869   0.0018013           0  0.00141003
-0.00071025 -0.00316106 -0.00141003           0
Repeater10[0]<--->HoM5[0]
REAL
   0.26507 0.00230226 0.00753393 0.00367108
0.00230226   0.241317 0.00276583 -0.0020873
0.00753393 0.00276583   0.244311 0.00789778
0.00367108 -0.0020873 0.00789778   0.249301
IMAGINARY
          0  0.00196869  0.00371973  0.00071025
-0.00196869           0   0.0018013  0.00141003
-0.00371973  -0.0018013           0  0.00316106
-0.00071025 -0.00141003 -0.00316106           0
Repeater10[0]<--->Repeater11[0]
REAL
   0.411215  -0.0029861 -0.00745735     0.19938
 -0.0029861   0.0916294  0.00377218  0.00266001
-0.00745735  0.00377218   0.0993499  -0.0029861
    0.19938  0.00266001  -0.0029861    0.397806
IMAGINARY
          0  0.00486847 -0.00328284 -0.00206866
-0.00486847           0 -0.00368744 -0.00268761
 0.00328284  0.00368744           0  0.00676885
 0.00206866  0.00268761 -0.00676885           0
Repeater11[0]<--->Repeater10[0]
REAL
   0.411215 -0.00745735  -0.0029861     0.19938
-0.00745735   0.0993499  0.00377218  -0.0029861
 -0.0029861  0.00377218   0.0916294  0.00266001
    0.19938  -0.0029861  0.00266001    0.397806
IMAGINARY
          0 -0.00328284  0.00486847 -0.00206866
 0.00328284           0  0.00368744  0.00676885
-0.00486847 -0.00368744           0 -0.00268761
 0.00206866 -0.00676885  0.00268761           0
Repeater11[0]<--->HoM6[0]
REAL
    0.403143   -0.0052505  -0.00468863     0.201759
  -0.0052505    0.0989998   0.00130955 -0.000559651
 -0.00468863   0.00130955     0.101858   -0.0046405
    0.201759 -0.000559651   -0.0046405     0.395999
IMAGINARY
           0  -0.00791511  0.000829916   -0.0105332
  0.00791511            0   0.00461834  0.000829916
-0.000829916  -0.00461834            0   0.00547418
   0.0105332 -0.000829916  -0.00547418            0
EndNode1[0]<--->Repeater1[0]
REAL
   0.320498 -0.00838103   0.0042106   0.0794719
-0.00838103    0.174763  0.00348156  -0.0005436
  0.0042106  0.00348156    0.168444 -0.00261996
  0.0794719  -0.0005436 -0.00261996    0.336295
IMAGINARY
          0 -0.00776988  0.00775161  0.00566222
 0.00776988           0   0.0041571  0.00194928
-0.00775161  -0.0041571           0 -0.00435623
-0.00566222 -0.00194928  0.00435623           0
EndNode2[0]<--->HoM6[0]
REAL
   0.407348  0.00241047  0.00433061    0.210673
 0.00241047   0.0947601 -0.00738467  0.00208479
 0.00433061 -0.00738467   0.0983738 -0.00561817
   0.210673  0.00208479 -0.00561817    0.399518
IMAGINARY
           0  -0.00367269  -0.00725737   0.00353284
  0.00367269            0   0.00163852   0.00383134
  0.00725737  -0.00163852            0  0.000448186
 -0.00353284  -0.00383134 -0.000448186            0
Repeater1[0]<--->EndNode1[0]
REAL
   0.320498   0.0042106 -0.00838103   0.0794719
  0.0042106    0.168444  0.00348156 -0.00261996
-0.00838103  0.00348156    0.174763  -0.0005436
  0.0794719 -0.00261996  -0.0005436    0.336295
IMAGINARY
          0  0.00775161 -0.00776988  0.00566222
-0.00775161           0  -0.0041571 -0.00435623
 0.00776988   0.0041571           0  0.00194928
-0.00566222  0.00435623 -0.00194928           0
Repeater1[0]<--->HoM1[0]
REAL
   0.341005 0.000647524  0.00340088   0.0758609
0.000647524    0.176459  0.00637204  0.00260152
 0.00340088  0.00637204    0.155259  0.00455456
  0.0758609  0.00260152  0.00455456    0.327276
IMAGINARY
          0   0.0100797 -0.00505536 -0.00572571
 -0.0100797           0  0.00937091 -0.00712515
 0.00505536 -0.00937091           0   0.0009027
 0.00572571  0.00712515  -0.0009027           0
Repeater2[0]<--->HoM1[0]
REAL
   0.341005  0.00340088 0.000647524   0.0758609
 0.00340088    0.155259  0.00637204  0.00455456
0.000647524  0.00637204    0.176459  0.00260152
  0.0758609  0.00455456  0.00260152    0.327276
IMAGINARY
          0 -0.00505536   0.0100797 -0.00572571
 0.00505536           0 -0.00937091   0.0009027
 -0.0100797  0.00937091           0 -0.00712515
 0.00572571  -0.0009027  0.00712515           0
Repeater2[0]<--->Repeater3[0]
REAL
   0.274438  0.00121579   0.0136059   0.0186041
 0.00121579    0.230605  0.00259842 -0.00215854
  0.0136059  0.00259842    0.215865  0.00366177
  0.0186041 -0.00215854  0.00366177    0.279092
IMAGINARY
          0  0.00442686  -0.0011768 -0.00489329
-0.00442686           0  0.00768658  0.00228411
  0.0011768 -0.00768658           0  0.00050569
 0.00489329 -0.00228411 -0.00050569           0
Repeater3[0]<--->Repeater2[0]
REAL
   0.274438   0.0136059  0.00121579   0.0186041
  0.0136059    0.215865  0.00259842  0.00366177
 0.00121579  0.00259842    0.230605 -0.00215854
  0.0186041  0.00366177 -0.00215854    0.279092
IMAGINARY
          0  -0.0011768  0.00442686 -0.00489329
  0.0011768           0 -0.00768658  0.00050569
-0.00442686  0.00768658           0  0.00228411
 0.00489329 -0.00050569 -0.00228411           0
Repeater3[0]<--->HoM2[0]
REAL
    0.27543 6.94666e-05 -0.00745887  0.00766554
6.94666e-05    0.215976 -0.00325849 -0.00235683
-0.00745887 -0.00325849    0.229525  -0.0118884
 0.00766554 -0.00235683  -0.0118884     0.27907
IMAGINARY
          0  0.00466025  0.00222279 -0.00456534
-0.00466025           0  0.00258043 -0.00432742
-0.00222279 -0.00258043           0  0.00466025
 0.00456534  0.00432742 -0.00466025           0
Repeater4[0]<--->HoM2[0]
REAL
    0.27543 -0.00745887 6.94666e-05  0.00766554
-0.00745887    0.229525 -0.00325849  -0.0118884
6.94666e-05 -0.00325849    0.215976 -0.00235683
 0.00766554  -0.0118884 -0.00235683     0.27907
IMAGINARY
          0  0.00222279  0.00466025 -0.00456534
-0.00222279           0 -0.00258043  0.00466025
-0.00466025  0.00258043           0 -0.00432742
 0.00456534 -0.00466025  0.00432742           0
Repeater4[0]<--->Repeater5[0]
REAL
   0.265351 -0.00392781 -0.00337421  0.00496259
-0.00392781    0.248238  0.00232139  0.00267575
-0.00337421  0.00232139    0.229917   0.0014333
 0.00496259  0.00267575   0.0014333    0.256493
IMAGINARY
          0 -0.00487266  0.00430819  0.00389114
 0.00487266           0  0.00567969 -0.00105747
-0.00430819 -0.00567969           0 -0.00447314
-0.00389114  0.00105747  0.00447314           0
Repeater5[0]<--->Repeater4[0]
REAL
   0.265351 -0.00337421 -0.00392781  0.00496259
-0.00337421    0.229917  0.00232139   0.0014333
-0.00392781  0.00232139    0.248238  0.00267575
 0.00496259   0.0014333  0.00267575    0.256493
IMAGINARY
          0  0.00430819 -0.00487266  0.00389114
-0.00430819           0 -0.00567969 -0.00447314
 0.00487266  0.00567969           0 -0.00105747
-0.00389114  0.00447314  0.00105747           0
Repeater5[0]<--->HoM3[0]
REAL
     0.2632  0.00228981 -0.00326412  -0.0154046
 0.00228981    0.242479 0.000129613  0.00224579
-0.00326412 0.000129613    0.235704 -0.00453014
 -0.0154046  0.00224579 -0.00453014    0.258617
IMAGINARY
           0  -0.00311789  0.000908598   0.00762024
  0.00311789            0   -0.0056771    0.0064075
-0.000908598    0.0056771            0   0.00181502
 -0.00762024   -0.0064075  -0.00181502            0
Repeater6[0]<--->HoM3[0]
REAL
     0.2632 -0.00326412  0.00228981  -0.0154046
-0.00326412    0.235704 0.000129613 -0.00453014
 0.00228981 0.000129613    0.242479  0.00224579
 -0.0154046 -0.00453014  0.00224579    0.258617
IMAGINARY
           0  0.000908598  -0.00311789   0.00762024
-0.000908598            0    0.0056771   0.00181502
  0.00311789   -0.0056771            0    0.0064075
 -0.00762024  -0.00181502   -0.0064075            0
Repeater6[0]<--->Repeater7[0]
REAL
   0.251211 -0.00178174  0.00437255  0.00253497
-0.00178174    0.248789 0.000850135  0.00478715
 0.00437255 0.000850135    0.237288  -0.0105639
 0.00253497  0.00478715  -0.0105639    0.262712
IMAGINARY
           0  -0.00528922  0.000671763   0.00418831
  0.00528922            0  -0.00138494   0.00319345
-0.000671763   0.00138494            0   0.00935265
 -0.00418831  -0.00319345  -0.00935265            0
Repeater7[0]<--->Repeater6[0]
REAL
   0.251211  0.00437255 -0.00178174  0.00253497
 0.00437255    0.237288 0.000850135  -0.0105639
-0.00178174 0.000850135    0.248789  0.00478715
 0.00253497  -0.0105639  0.00478715    0.262712
IMAGINARY
           0  0.000671763  -0.00528922   0.00418831
-0.000671763            0   0.00138494   0.00935265
  0.00528922  -0.00138494            0   0.00319345
 -0.00418831  -0.00935265  -0.00319345            0
Repeater7[0]<--->HoM4[0]
REAL
   0.253641  0.00411912  -0.0121867 -0.00384179
 0.00411912    0.247775 -0.00234089 -0.00476588
 -0.0121867 -0.00234089      0.2411  0.00046804
-0.00384179 -0.00476588  0.00046804    0.257484
IMAGINARY
          0  0.00458679  0.00174016  0.00729589
-0.00458679           0 -0.00099251 -0.00344118
-0.00174016  0.00099251           0  0.00151687
-0.00729589  0.00344118 -0.00151687           0
Repeater8[0]<--->HoM4[0]
REAL
   0.253641  -0.0121867  0.00411912 -0.00384179
 -0.0121867      0.2411 -0.00234089  0.00046804
 0.00411912 -0.00234089    0.247775 -0.00476588
-0.00384179  0.00046804 -0.00476588    0.257484
IMAGINARY
          0  0.00174016  0.00458679  0.00729589
-0.00174016           0  0.00099251  0.00151687
-0.00458679 -0.00099251           0 -0.00344118
-0.00729589 -0.00151687  0.00344118           0
Repeater8[0]<--->Repeater9[0]
REAL
   0.245061  0.00348304  -0.0118682 -0.00328919
 0.00348304    0.250848 0.000856096 -0.00273034
 -0.0118682 0.000856096    0.246458   0.0103045
-0.00328919 -0.00273034   0.0103045    0.257633
IMAGINARY
           0   0.00542647   0.00621557   0.00391169
 -0.00542647            0  -0.00269711 -0.000491135
 -0.00621557   0.00269711            0    0.0062198
 -0.00391169  0.000491135   -0.0062198            0
Repeater9[0]<--->Repeater8[0]
REAL
   0.245061  -0.0118682  0.00348304 -0.00328919
 -0.0118682    0.246458 0.000856096   0.0103045
 0.00348304 0.000856096    0.250848 -0.00273034
-0.00328919   0.0103045 -0.00273034    0.257633
IMAGINARY
           0   0.00621557   0.00542647   0.00391169
 -0.00621557            0   0.00269711    0.0062198
 -0.00542647  -0.00269711            0 -0.000491135
 -0.00391169   -0.0062198  0.000491135            0
Repeater9[0]<--->HoM5[0]
REAL
    0.252077  -0.00195424 -0.000187101  -0.00113301
 -0.00195424     0.246201   0.00390528   0.00375146
-0.000187101   0.00390528     0.239108   0.00571661
 -0.00113301   0.00375146   0.00571661     0.262614
IMAGINARY
           0  -0.00610075 -0.000707038  0.000799949
  0.00610075            0   0.00406792 -0.000905215
 0.000707038  -0.00406792            0  -0.00840953
-0.000799949  0.000905215   0.00840953            0
Repeater10[0]<--->HoM5[0]
REAL
    0.252077 -0.000187101  -0.00195424  -0.00113301
-0.000187101     0.239108   0.00390528   0.00571661
 -0.00195424   0.00390528     0.246201   0.00375146
 -0.00113301   0.00571661   0.00375146     0.262614
IMAGINARY
           0 -0.000707038  -0.00610075  0.000799949
 0.000707038            0  -0.00406792  -0.00840953
  0.00610075   0.00406792            0 -0.000905215
-0.000799949   0.00840953  0.000905215            0
Repeater10[0]<--->Repeater11[0]
REAL
   0.402348 -0.00286769 -0.00514586    0.193146
-0.00286769    0.104837  0.00753409 -0.00405782
-0.00514586  0.00753409    0.102408  0.00246753
   0.193146 -0.00405782  0.00246753    0.390407
IMAGINARY
           0  0.000468918  -0.00326774  -0.00890613
-0.000468918            0   0.00332845   0.00306901
  0.00326774  -0.00332845            0   0.00608911
  0.00890613  -0.00306901  -0.00608911            0
Repeater11[0]<--->Repeater10[0]
REAL
   0.402348 -0.00514586 -0.00286769    0.193146
-0.00514586    0.102408  0.00753409  0.00246753
-0.00286769  0.00753409    0.104837 -0.00405782
   0.193146  0.00246753 -0.00405782    0.390407
IMAGINARY
           0  -0.00326774  0.000468918  -0.00890613
  0.00326774            0  -0.00332845   0.00608911
-0.000468918   0.00332845            0   0.00306901
  0.00890613  -0.00608911  -0.00306901            0
Repeater11[0]<--->HoM6[0]
REAL
   0.407348  0.00433061  0.00241047    0.210673
 0.00433061   0.0983738 -0.00738467 -0.00561817
 0.00241047 -0.00738467   0.0947601  0.00208479
   0.210673 -0.00561817  0.00208479    0.399518
IMAGINARY
           0  -0.00725737  -0.00367269   0.00353284
  0.00725737            0  -0.00163852  0.000448186
  0.00367269   0.00163852            0   0.00383134
 -0.00353284 -0.000448186  -0.00383134            0
EndNode1[0]<--->Repeater1[0]
REAL
    0.340091   0.00527111 -0.000487281    0.0769893
  0.00527111     0.167164  -0.00115123  -0.00298778
-0.000487281  -0.00115123     0.164182  -0.00159163
   0.0769893  -0.00298778  -0.00159163     0.328563
IMAGINARY
          0 -0.00729001  0.00217186  0.00470077
 0.00729001           0 -0.00902238 -0.00286866
-0.00217186  0.00902238           0  0.00221336
-0.00470077  0.00286866 -0.00221336           0
EndNode2[0]<--->HoM6[0]
REAL
   0.392021 -0.00932331 -0.00434941    0.201914
-0.00932331     0.10004 -0.00788003 -0.00323401
-0.00434941 -0.00788003    0.101628 -0.00452906
   0.201914 -0.00323401 -0.00452906    0.406312
IMAGINARY
          0  0.00638915  0.00237823 -0.00518479
-0.00638915           0  0.00390249  0.00527997
-0.00237823 -0.00390249           0 -0.00679222
 0.00518479 -0.00527997  0.00679222           0
Repeater1[0]<--->EndNode1[0]
REAL
    0.340091 -0.000487281   0.00527111    0.0769893
-0.000487281     0.164182  -0.00115123  -0.00159163
  0.00527111  -0.00115123     0.167164  -0.00298778
   0.0769893  -0.00159163  -0.00298778     0.328563
IMAGINARY
          0  0.00217186 -0.00729001  0.00470077
-0.00217186           0  0.00902238  0.00221336
 0.00729001 -0.00902238           0 -0.00286866
-0.00470077 -0.00221336  0.00286866           0
Repeater1[0]<--->HoM1[0]
REAL
   0.339906 -0.00381149   -0.007957   0.0753431
-0.00381149    0.167107  0.00159556  0.00896669
  -0.007957  0.00159556    0.174019  0.00058047
  0.0753431  0.00896669  0.00058047    0.318967
IMAGINARY
          0  0.00196024  -0.0037785 -0.00192117
-0.00196024           0 -0.00260144 -0.00263433
  0.0037785  0.00260144           0 -0.00216064
 0.00192117  0.00263433  0.00216064           0
Repeater2[0]<--->HoM1[0]
REAL
   0.339906   -0.007957 -0.00381149   0.0753431
  -0.007957    0.174019  0.00159556  0.00058047
-0.00381149  0.00159556    0.167107  0.00896669
  0.0753431  0.00058047  0.00896669    0.318967
IMAGINARY
          0  -0.0037785  0.00196024 -0.00192117
  0.0037785           0  0.00260144 -0.00216064
-0.00196024 -0.00260144           0 -0.00263433
 0.00192117  0.00216064  0.00263433           0
Repeater2[0]<--->Repeater3[0]
REAL
   0.277331 -0.00636647 0.000146577    0.014428
-0.00636647    0.236133 0.000952008  -0.0044133
0.000146577 0.000952008    0.212219 -0.00504452
   0.014428  -0.0044133 -0.00504452    0.274317
IMAGINARY
           0  0.000132502   -0.0105249  0.000113119
-0.000132502            0  -0.00204205   -0.0138508
   0.0105249   0.00204205            0  -0.00568145
-0.000113119    0.0138508   0.00568145            0
Repeater3[0]<--->Repeater2[0]
REAL
   0.277331 0.000146577 -0.00636647    0.014428
0.000146577    0.212219 0.000952008 -0.00504452
-0.00636647 0.000952008    0.236133  -0.0044133
   0.014428 -0.00504452  -0.0044133    0.274317
IMAGINARY
           0   -0.0105249  0.000132502  0.000113119
   0.0105249            0   0.00204205  -0.00568145
-0.000132502  -0.00204205            0   -0.0138508
-0.000113119   0.00568145    0.0138508            0
Repeater3[0]<--->HoM2[0]
REAL
   0.275417  0.00281367 -0.00330089  0.00420619
 0.00281367    0.218824 0.000898915 -0.00480722
-0.00330089 0.000898915    0.226172  0.00789704
 0.00420619 -0.00480722  0.00789704    0.279587
IMAGINARY
           0  -0.00126899 -0.000364264  -0.00878961
  0.00126899            0   0.00202603  -0.00574919
 0.000364264  -0.00202603            0   0.00257186
  0.00878961   0.00574919  -0.00257186            0
Repeater4[0]<--->HoM2[0]
REAL
   0.275417 -0.00330089  0.00281367  0.00420619
-0.00330089    0.226172 0.000898915  0.00789704
 0.00281367 0.000898915    0.218824 -0.00480722
 0.00420619  0.00789704 -0.00480722    0.279587
IMAGINARY
           0 -0.000364264  -0.00126899  -0.00878961
 0.000364264            0  -0.00202603   0.00257186
  0.00126899   0.00202603            0  -0.00574919
  0.00878961  -0.00257186   0.00574919            0
Repeater4[0]<--->Repeater5[0]
REAL
   0.266248  0.00580998  0.00446793 -0.00294359
 0.00580998     0.24406 -0.00424541 -0.00769777
 0.00446793 -0.00424541    0.232083 -0.00320527
-0.00294359 -0.00769777 -0.00320527    0.257608
IMAGINARY
          0 -0.00270302  0.00209851 -0.00576316
 0.00270302           0    0.001545  0.00160668
-0.00209851   -0.001545           0 -0.00460721
 0.00576316 -0.00160668  0.00460721           0
Repeater5[0]<--->Repeater4[0]
REAL
   0.266248  0.00446793  0.00580998 -0.00294359
 0.00446793    0.232083 -0.00424541 -0.00320527
 0.00580998 -0.00424541     0.24406 -0.00769777
-0.00294359 -0.00320527 -0.00769777    0.257608
IMAGINARY
          0  0.00209851 -0.00270302 -0.00576316
-0.00209851           0   -0.001545 -0.00460721
 0.00270302    0.001545           0  0.00160668
 0.00576316  0.00460721 -0.00160668           0
Repeater5[0]<--->HoM3[0]
REAL
   0.263601  0.00479689 -0.00035514 -0.00318548
 0.00479689    0.238552  0.00583617  0.00536201
-0.00035514  0.00583617    0.238748 -0.00744759
-0.00318548  0.00536201 -0.00744759      0.2591
IMAGINARY
           0   -0.0051559  -0.00726569    0.0025497
   0.0051559            0  0.000742476  -0.00376078
  0.00726569 -0.000742476            0   0.00395301
  -0.0025497   0.00376078  -0.00395301            0
Repeater6[0]<--->HoM3[0]
REAL
   0.263601 -0.00035514  0.00479689 -0.00318548
-0.00035514    0.238748  0.00583617 -0.00744759
 0.00479689  0.00583617    0.238552  0.00536201
-0.00318548 -0.00744759  0.00536201      0.2591
IMAGINARY
           0  -0.00726569   -0.0051559    0.0025497
  0.00726569            0 -0.000742476   0.00395301
   0.0051559  0.000742476            0  -0.00376078
  -0.0025497  -0.00395301   0.00376078            0
Repeater6[0]<--->Repeater7[0]
REAL
   0.250533  0.00595883 -0.00450496 -0.00059723
 0.00595883    0.245301  0.00187802  0.00716506
-0.00450496  0.00187802    0.260221 -0.00113124
-0.00059723  0.00716506 -0.00113124    0.243945
IMAGINARY
           0    0.0107363   -0.0053937  0.000339048
  -0.0107363            0    0.0049769   0.00271219
   0.0053937   -0.0049769            0    0.0113346
-0.000339048  -0.00271219   -0.0113346            0
Repeater7[0]<--->Repeater6[0]
REAL
   0.250533 -0.00450496  0.00595883 -0.00059723
-0.00450496    0.260221  0.00187802 -0.00113124
 0.00595883  0.00187802    0.245301  0.00716506
-0.00059723 -0.00113124  0.00716506    0.243945
IMAGINARY
           0   -0.0053937    0.0107363  0.000339048
   0.0053937            0   -0.0049769    0.0113346
  -0.0107363    0.0049769            0   0.00271219
-0.000339048   -0.0113346  -0.00271219            0
Repeater7[0]<--->HoM4[0]
REAL
   0.259417 0.000390132  0.00198926 -0.00794534
0.000390132    0.236938 -0.00643476  0.00597809
 0.00198926 -0.00643476    0.246456 -0.00311069
-0.00794534  0.00597809 -0.00311069    0.257189
IMAGINARY
           0   0.00820958  0.000154306  -0.00222294
 -0.00820958            0  -0.00134283  -0.00629731
-0.000154306   0.00134283            0   0.00397571
  0.00222294   0.00629731  -0.00397571            0
Repeater8[0]<--->HoM4[0]
REAL
   0.259417  0.00198926 0.000390132 -0.00794534
 0.00198926    0.246456 -0.00643476 -0.00311069
0.000390132 -0.00643476    0.236938  0.00597809
-0.00794534 -0.00311069  0.00597809    0.257189
IMAGINARY
           0  0.000154306   0.00820958  -0.00222294
-0.000154306            0   0.00134283   0.00397571
 -0.00820958  -0.00134283            0  -0.00629731
  0.00222294  -0.00397571   0.00629731            0
Repeater8[0]<--->Repeater9[0]
REAL
    0.247811  -0.00269003 -0.000419851  -0.00115605
 -0.00269003     0.250597  0.000367409   0.00456023
-0.000419851  0.000367409         0.25    0.0111679
 -0.00115605   0.00456023    0.0111679     0.251592
IMAGINARY
           0  -0.00564727   0.00281305 -0.000845892
  0.00564727            0  0.000745832 -0.000477078
 -0.00281305 -0.000745832            0   -0.0074545
 0.000845892  0.000477078    0.0074545            0
Repeater9[0]<--->Repeater8[0]
REAL
    0.247811 -0.000419851  -0.00269003  -0.00115605
-0.000419851         0.25  0.000367409    0.0111679
 -0.00269003  0.000367409     0.250597   0.00456023
 -0.00115605    0.0111679   0.00456023     0.251592
IMAGINARY
           0   0.00281305  -0.00564727 -0.000845892
 -0.00281305            0 -0.000745832   -0.0074545
